return {
  ["on the knees eating"] = {
    {Time = 0.000, Data = {
      ["LeftLowerArm"] = CFrame.new(0.000008, -0.000004, -0.000000, 1.000000, 0.000000, 0.000000, 0.000000, 1.000000, 0.000000, 0.000000, 0.000000, 1.000000),
      ["LeftLowerLeg"] = CFrame.new(-0.000008, 0.000000, 0.000000, 1.000000, 0.000000, 0.000000, 0.000000, 1.000000, 0.000000, 0.000000, 0.000000, 1.000000),
      ["LeftUpperArm"] = CFrame.new(0.000000, -0.000001, 0.000000, 1.000000, 0.000000, 0.000000, 0.000000, 1.000000, 0.000000, 0.000000, 0.000000, 1.000000),
      ["RightLowerArm"] = CFrame.new(0.000000, 0.000014, 0.000000, 1.000000, -0.000950, 0.000000, 0.000950, 1.000000, 0.000000, 0.000000, 0.000000, 1.000000),
      ["RightLowerLeg"] = CFrame.new(-0.000008, -0.000000, -0.000000, 1.000000, -0.000000, 0.000000, 0.000000, 1.000000, 0.000518, -0.000000, -0.000518, 1.000000),
      ["RightUpperArm"] = CFrame.new(0.000031, -0.000001, 0.000000, 1.000000, 0.000000, 0.000000, 0.000000, 1.000000, 0.000000, 0.000000, 0.000000, 1.000000)
    }},
    {Time = 0.767, Data = {
      ["LeftLowerArm"] = CFrame.new(0.000008, -0.000004, 0.000000, 1.000000, 0.000000, 0.000000, 0.000000, 0.707134, -0.707079, 0.000000, 0.707079, 0.707134),
      ["LeftLowerLeg"] = CFrame.new(0.000000, 0.000000, 0.000000, 1.000000, 0.000000, -0.000000, 0.000000, 0.000000, 1.000000, 0.000000, -1.000000, 0.000000),
      ["LeftUpperArm"] = CFrame.new(0.000000, -0.000001, 0.000000, 1.000000, 0.000000, 0.000000, 0.000000, 0.707134, -0.707079, 0.000000, 0.707079, 0.707134),
      ["LowerTorso"] = CFrame.new(0.000000, -1.000000, 0.000000, 1.000000, 0.000000, 0.000000, 0.000000, 1.000000, 0.000000, 0.000000, 0.000000, 1.000000),
      ["RightLowerArm"] = CFrame.new(0.000000, 0.000015, 0.000000, 1.000000, -0.000665, 0.000649, 0.000930, 0.707134, -0.707079, 0.000011, 0.707079, 0.707134),
      ["RightLowerLeg"] = CFrame.new(0.000000, -0.000000, -0.000000, 1.000000, -0.000000, 0.000000, 0.000000, -0.000000, 1.000000, -0.000000, -1.000000, -0.000000),
      ["RightUpperArm"] = CFrame.new(0.000023, -0.000001, 0.000000, 1.000000, 0.000000, 0.000000, 0.000000, 0.707134, -0.707079, 0.000000, 0.707079, 0.707134),
      ["UpperTorso"] = CFrame.new(0.000000, -0.000000, -0.000000, 1.000000, 0.000000, 0.000000, 0.000000, 1.000000, 0.000000, 0.000000, 0.000000, 1.000000)
    }},
    {Time = 1.533, Data = {
      ["Head"] = CFrame.new(0.000000, 0.000000, 0.000000, 1.000000, 0.000000, 0.000000, 0.000000, 0.310684, -0.950513, 0.000000, 0.950513, 0.310684),
      ["LeftLowerLeg"] = CFrame.new(-0.000008, 0.000000, 0.000000, 1.000000, -0.000000, 0.000000, 0.000000, 0.707134, 0.707079, -0.000000, -0.707079, 0.707134),
      ["LeftUpperArm"] = CFrame.new(-0.000008, -0.000001, 0.000000, 1.000000, 0.000000, 0.000000, 0.000000, -0.804058, -0.594552, 0.000000, 0.594552, -0.804058),
      ["LowerTorso"] = CFrame.new(0.000000, -1.000000, 0.000000, 1.000000, -0.000000, 0.000000, 0.000000, 0.707134, 0.707079, -0.000000, -0.707079, 0.707134),
      ["RightLowerArm"] = CFrame.new(-0.000008, 0.000015, 0.000000, 1.000000, -0.000944, -0.000133, 0.000953, 0.995200, 0.097858, 0.000040, -0.097858, 0.995200),
      ["RightLowerLeg"] = CFrame.new(-0.000008, -0.000000, -0.000000, 1.000000, -0.000000, 0.000000, 0.000000, 0.707134, 0.707079, -0.000000, -0.707079, 0.707134),
      ["RightUpperArm"] = CFrame.new(0.000031, -0.000002, 0.000000, 1.000000, 0.000000, 0.000000, 0.000000, 0.208103, -0.978107, 0.000000, 0.978107, 0.208103),
      ["UpperTorso"] = CFrame.new(0.000000, -0.000000, -0.000000, 1.000000, -0.000000, 0.000000, 0.000000, 0.886105, 0.463485, -0.000000, -0.463485, 0.886105)
    }},
    {Time = 1.767, Data = {
      ["Head"] = CFrame.new(0.000000, 0.000001, 0.000000, 0.934786, 0.000011, 0.355212, 0.337626, 0.310727, -0.888514, -0.110383, 0.950499, 0.290459),
      ["LeftLowerLeg"] = CFrame.new(-0.000008, 0.000000, 0.000000, 1.000000, -0.000000, 0.000000, 0.000000, 0.707134, 0.707079, -0.000000, -0.707079, 0.707134),
      ["LeftUpperArm"] = CFrame.new(-0.000008, -0.000001, 0.000000, 1.000000, 0.000000, 0.000000, 0.000000, -0.804058, -0.594552, 0.000000, 0.594552, -0.804058),
      ["LowerTorso"] = CFrame.new(0.000000, -1.000000, 0.000000, 1.000000, -0.000000, 0.000000, 0.000000, 0.707134, 0.707079, -0.000000, -0.707079, 0.707134),
      ["RightLowerArm"] = CFrame.new(-0.000008, 0.000015, 0.000000, 1.000000, -0.000944, -0.000133, 0.000953, 0.995200, 0.097858, 0.000040, -0.097858, 0.995200),
      ["RightLowerLeg"] = CFrame.new(-0.000008, -0.000000, -0.000000, 1.000000, -0.000000, 0.000000, 0.000000, 0.707134, 0.707079, -0.000000, -0.707079, 0.707134),
      ["RightUpperArm"] = CFrame.new(0.000031, -0.000002, 0.000000, 1.000000, 0.000000, 0.000000, 0.000000, 0.208103, -0.978107, 0.000000, 0.978107, 0.208103),
      ["UpperTorso"] = CFrame.new(0.000000, -0.000000, -0.000000, 1.000000, -0.000000, 0.000000, 0.000000, 0.886105, 0.463485, -0.000000, -0.463485, 0.886105)
    }},
    {Time = 1.967, Data = {
      ["Head"] = CFrame.new(0.000000, 0.000004, -0.000000, 0.922515, -0.000012, -0.385961, -0.366846, 0.310780, -0.876835, 0.119960, 0.950482, 0.286695),
      ["LeftLowerLeg"] = CFrame.new(-0.000008, 0.000000, 0.000000, 1.000000, -0.000000, 0.000000, 0.000000, 0.707134, 0.707079, -0.000000, -0.707079, 0.707134),
      ["LeftUpperArm"] = CFrame.new(-0.000008, -0.000001, 0.000000, 1.000000, 0.000000, 0.000000, 0.000000, -0.804058, -0.594552, 0.000000, 0.594552, -0.804058),
      ["LowerTorso"] = CFrame.new(0.000000, -1.000000, 0.000000, 1.000000, -0.000000, 0.000000, 0.000000, 0.707134, 0.707079, -0.000000, -0.707079, 0.707134),
      ["RightLowerArm"] = CFrame.new(-0.000008, 0.000015, 0.000000, 1.000000, -0.000944, -0.000133, 0.000953, 0.995200, 0.097858, 0.000040, -0.097858, 0.995200),
      ["RightLowerLeg"] = CFrame.new(-0.000008, -0.000000, -0.000000, 1.000000, -0.000000, 0.000000, 0.000000, 0.707134, 0.707079, -0.000000, -0.707079, 0.707134),
      ["RightUpperArm"] = CFrame.new(0.000031, -0.000002, 0.000000, 1.000000, 0.000000, 0.000000, 0.000000, 0.208103, -0.978107, 0.000000, 0.978107, 0.208103),
      ["UpperTorso"] = CFrame.new(0.000000, -0.000000, -0.000000, 1.000000, -0.000000, 0.000000, 0.000000, 0.886105, 0.463485, -0.000000, -0.463485, 0.886105)
    }},
    {Time = 2.100, Data = {
      ["Head"] = CFrame.new(0.000008, 0.000001, 0.000000, 0.997982, -0.051909, -0.036580, -0.026095, 0.189937, -0.981449, 0.057894, 0.980423, 0.188199),
      ["LeftLowerLeg"] = CFrame.new(-0.000008, 0.000000, 0.000000, 1.000000, -0.000000, 0.000000, 0.000000, 0.707134, 0.707079, -0.000000, -0.707079, 0.707134),
      ["LeftUpperArm"] = CFrame.new(-0.000008, -0.000001, 0.000000, 1.000000, 0.000000, 0.000000, 0.000000, -0.804058, -0.594552, 0.000000, 0.594552, -0.804058),
      ["LowerTorso"] = CFrame.new(0.000000, -1.000000, 0.000000, 1.000000, -0.000000, 0.000000, 0.000000, 0.707134, 0.707079, -0.000000, -0.707079, 0.707134),
      ["RightLowerArm"] = CFrame.new(-0.000008, 0.000015, 0.000000, 1.000000, -0.000944, -0.000133, 0.000953, 0.995200, 0.097858, 0.000040, -0.097858, 0.995200),
      ["RightLowerLeg"] = CFrame.new(-0.000008, -0.000000, -0.000000, 1.000000, -0.000000, 0.000000, 0.000000, 0.707134, 0.707079, -0.000000, -0.707079, 0.707134),
      ["RightUpperArm"] = CFrame.new(0.000031, -0.000002, 0.000000, 1.000000, 0.000000, 0.000000, 0.000000, 0.208103, -0.978107, 0.000000, 0.978107, 0.208103),
      ["UpperTorso"] = CFrame.new(0.000000, -0.000000, -0.000000, 1.000000, -0.000000, 0.000000, 0.000000, 0.886105, 0.463485, -0.000000, -0.463485, 0.886105)
    }},
    {Time = 2.233, Data = {
      ["Head"] = CFrame.new(0.000008, 0.000001, 0.000000, 0.964183, -0.044519, -0.261475, -0.228310, 0.362463, -0.903601, 0.135002, 0.930934, 0.339316),
      ["LeftLowerLeg"] = CFrame.new(-0.000008, 0.000000, 0.000000, 1.000000, -0.000000, 0.000000, 0.000000, 0.707134, 0.707079, -0.000000, -0.707079, 0.707134),
      ["LeftUpperArm"] = CFrame.new(-0.000008, -0.000001, 0.000000, 1.000000, 0.000000, 0.000000, 0.000000, -0.804058, -0.594552, 0.000000, 0.594552, -0.804058),
      ["LowerTorso"] = CFrame.new(0.000000, -1.000000, 0.000000, 1.000000, -0.000000, 0.000000, 0.000000, 0.707134, 0.707079, -0.000000, -0.707079, 0.707134),
      ["RightLowerArm"] = CFrame.new(-0.000008, 0.000015, 0.000000, 1.000000, -0.000944, -0.000133, 0.000953, 0.995200, 0.097858, 0.000040, -0.097858, 0.995200),
      ["RightLowerLeg"] = CFrame.new(-0.000008, -0.000000, -0.000000, 1.000000, -0.000000, 0.000000, 0.000000, 0.707134, 0.707079, -0.000000, -0.707079, 0.707134),
      ["RightUpperArm"] = CFrame.new(0.000031, -0.000002, 0.000000, 1.000000, 0.000000, 0.000000, 0.000000, 0.208103, -0.978107, 0.000000, 0.978107, 0.208103),
      ["UpperTorso"] = CFrame.new(0.000000, -0.000000, -0.000000, 1.000000, -0.000000, 0.000000, 0.000000, 0.886105, 0.463485, -0.000000, -0.463485, 0.886105)
    }},
    {Time = 2.400, Data = {
      ["Head"] = CFrame.new(0.000008, 0.000003, -0.000001, 0.981762, -0.055877, 0.181718, 0.186844, 0.460124, -0.867972, -0.035113, 0.886095, 0.462172),
      ["LeftLowerLeg"] = CFrame.new(-0.000008, 0.000000, 0.000000, 1.000000, -0.000000, 0.000000, 0.000000, 0.707134, 0.707079, -0.000000, -0.707079, 0.707134),
      ["LeftUpperArm"] = CFrame.new(-0.000008, -0.000001, 0.000000, 1.000000, 0.000000, 0.000000, 0.000000, -0.804058, -0.594552, 0.000000, 0.594552, -0.804058),
      ["LowerTorso"] = CFrame.new(0.000000, -1.000000, 0.000000, 1.000000, -0.000000, 0.000000, 0.000000, 0.707134, 0.707079, -0.000000, -0.707079, 0.707134),
      ["RightLowerArm"] = CFrame.new(-0.000008, 0.000015, 0.000000, 1.000000, -0.000944, -0.000133, 0.000953, 0.995200, 0.097858, 0.000040, -0.097858, 0.995200),
      ["RightLowerLeg"] = CFrame.new(-0.000008, -0.000000, -0.000000, 1.000000, -0.000000, 0.000000, 0.000000, 0.707134, 0.707079, -0.000000, -0.707079, 0.707134),
      ["RightUpperArm"] = CFrame.new(0.000031, -0.000002, 0.000000, 1.000000, 0.000000, 0.000000, 0.000000, 0.208103, -0.978107, 0.000000, 0.978107, 0.208103),
      ["UpperTorso"] = CFrame.new(0.000000, -0.000000, -0.000000, 1.000000, -0.000000, 0.000000, 0.000000, 0.886105, 0.463485, -0.000000, -0.463485, 0.886105)
    }},
    {Time = 2.567, Data = {
      ["Head"] = CFrame.new(0.000000, 0.000005, -0.000002, 0.977721, -0.062904, -0.200261, -0.154619, 0.429419, -0.889771, 0.141966, 0.900912, 0.410125),
      ["LeftLowerLeg"] = CFrame.new(-0.000008, 0.000000, 0.000000, 1.000000, -0.000000, 0.000000, 0.000000, 0.707134, 0.707079, -0.000000, -0.707079, 0.707134),
      ["LeftUpperArm"] = CFrame.new(-0.000008, -0.000001, 0.000000, 1.000000, 0.000000, 0.000000, 0.000000, -0.804058, -0.594552, 0.000000, 0.594552, -0.804058),
      ["LowerTorso"] = CFrame.new(0.000000, -1.000000, 0.000000, 1.000000, -0.000000, 0.000000, 0.000000, 0.707134, 0.707079, -0.000000, -0.707079, 0.707134),
      ["RightLowerArm"] = CFrame.new(-0.000008, 0.000015, 0.000000, 1.000000, -0.000944, -0.000133, 0.000953, 0.995200, 0.097858, 0.000040, -0.097858, 0.995200),
      ["RightLowerLeg"] = CFrame.new(-0.000008, -0.000000, -0.000000, 1.000000, -0.000000, 0.000000, 0.000000, 0.707134, 0.707079, -0.000000, -0.707079, 0.707134),
      ["RightUpperArm"] = CFrame.new(0.000031, -0.000002, 0.000000, 1.000000, 0.000000, 0.000000, 0.000000, 0.208103, -0.978107, 0.000000, 0.978107, 0.208103),
      ["UpperTorso"] = CFrame.new(0.000000, -0.000000, -0.000000, 1.000000, -0.000000, 0.000000, 0.000000, 0.886105, 0.463485, -0.000000, -0.463485, 0.886105)
    }},
    {Time = 2.700, Data = {
      ["Head"] = CFrame.new(-0.000015, 0.000011, -0.000003, 0.999822, -0.017371, 0.007430, 0.013417, 0.375976, -0.926533, 0.013301, 0.926467, 0.376142),
      ["LeftLowerLeg"] = CFrame.new(-0.000008, 0.000000, 0.000000, 1.000000, -0.000000, 0.000000, 0.000000, 0.707134, 0.707079, -0.000000, -0.707079, 0.707134),
      ["LeftUpperArm"] = CFrame.new(-0.000008, -0.000001, 0.000000, 1.000000, 0.000000, 0.000000, 0.000000, -0.804058, -0.594552, 0.000000, 0.594552, -0.804058),
      ["LowerTorso"] = CFrame.new(0.000000, -1.000000, 0.000000, 1.000000, -0.000000, 0.000000, 0.000000, 0.707134, 0.707079, -0.000000, -0.707079, 0.707134),
      ["RightLowerArm"] = CFrame.new(-0.000008, 0.000015, 0.000000, 1.000000, -0.000944, -0.000133, 0.000953, 0.995200, 0.097858, 0.000040, -0.097858, 0.995200),
      ["RightLowerLeg"] = CFrame.new(-0.000008, -0.000000, -0.000000, 1.000000, -0.000000, 0.000000, 0.000000, 0.707134, 0.707079, -0.000000, -0.707079, 0.707134),
      ["RightUpperArm"] = CFrame.new(0.000031, -0.000002, 0.000000, 1.000000, 0.000000, 0.000000, 0.000000, 0.208103, -0.978107, 0.000000, 0.978107, 0.208103),
      ["UpperTorso"] = CFrame.new(0.000000, -0.000000, -0.000000, 1.000000, -0.000000, 0.000000, 0.000000, 0.886105, 0.463485, -0.000000, -0.463485, 0.886105)
    }},
    {Time = 2.867, Data = {
      ["Head"] = CFrame.new(0.000000, 0.000000, 0.000000, 1.000000, 0.000000, 0.000000, 0.000000, 0.310684, -0.950513, 0.000000, 0.950513, 0.310684),
      ["LeftLowerLeg"] = CFrame.new(-0.000008, 0.000000, 0.000000, 1.000000, -0.000000, 0.000000, 0.000000, 0.707134, 0.707079, -0.000000, -0.707079, 0.707134),
      ["LeftUpperArm"] = CFrame.new(-0.000008, -0.000001, 0.000000, 1.000000, 0.000000, 0.000000, 0.000000, -0.804058, -0.594552, 0.000000, 0.594552, -0.804058),
      ["LowerTorso"] = CFrame.new(0.000000, -1.000000, 0.000000, 1.000000, -0.000000, 0.000000, 0.000000, 0.707134, 0.707079, -0.000000, -0.707079, 0.707134),
      ["RightLowerArm"] = CFrame.new(-0.000008, 0.000015, 0.000000, 1.000000, -0.000944, -0.000133, 0.000953, 0.995200, 0.097858, 0.000040, -0.097858, 0.995200),
      ["RightLowerLeg"] = CFrame.new(-0.000008, -0.000000, -0.000000, 1.000000, -0.000000, 0.000000, 0.000000, 0.707134, 0.707079, -0.000000, -0.707079, 0.707134),
      ["RightUpperArm"] = CFrame.new(0.000031, -0.000002, 0.000000, 1.000000, 0.000000, 0.000000, 0.000000, 0.208103, -0.978107, 0.000000, 0.978107, 0.208103),
      ["UpperTorso"] = CFrame.new(0.000000, -0.000000, -0.000000, 1.000000, -0.000000, 0.000000, 0.000000, 0.886105, 0.463485, -0.000000, -0.463485, 0.886105)
    }},
    {Time = 3.000, Data = {
      ["Head"] = CFrame.new(0.000000, 0.000000, 0.000000, 1.000000, 0.000000, 0.000000, 0.000000, 0.310684, -0.950513, 0.000000, 0.950513, 0.310684),
      ["LeftLowerLeg"] = CFrame.new(-0.000008, 0.000000, 0.000000, 1.000000, -0.000000, 0.000000, 0.000000, 0.707134, 0.707079, -0.000000, -0.707079, 0.707134),
      ["LeftUpperArm"] = CFrame.new(-0.000008, -0.000001, 0.000000, 1.000000, 0.000000, 0.000000, 0.000000, -0.804058, -0.594552, 0.000000, 0.594552, -0.804058),
      ["LowerTorso"] = CFrame.new(0.000000, -1.000000, 0.000000, 1.000000, -0.000000, 0.000000, 0.000000, 0.707134, 0.707079, -0.000000, -0.707079, 0.707134),
      ["RightLowerArm"] = CFrame.new(-0.000008, 0.000015, 0.000000, 1.000000, -0.000944, -0.000133, 0.000953, 0.995200, 0.097858, 0.000040, -0.097858, 0.995200),
      ["RightLowerLeg"] = CFrame.new(-0.000008, -0.000000, -0.000000, 1.000000, -0.000000, 0.000000, 0.000000, 0.707134, 0.707079, -0.000000, -0.707079, 0.707134),
      ["RightUpperArm"] = CFrame.new(0.000031, -0.000002, 0.000000, 1.000000, 0.000000, 0.000000, 0.000000, 0.208103, -0.978107, 0.000000, 0.978107, 0.208103),
      ["UpperTorso"] = CFrame.new(0.000000, -0.000000, -0.000000, 1.000000, -0.000000, 0.000000, 0.000000, 0.886105, 0.463485, -0.000000, -0.463485, 0.886105)
    }},
    {Time = 3.233, Data = {
      ["Head"] = CFrame.new(0.000000, 0.000001, 0.000000, 0.934786, 0.000011, 0.355212, 0.337626, 0.310727, -0.888514, -0.110383, 0.950499, 0.290459),
      ["LeftLowerLeg"] = CFrame.new(-0.000008, 0.000000, 0.000000, 1.000000, -0.000000, 0.000000, 0.000000, 0.707134, 0.707079, -0.000000, -0.707079, 0.707134),
      ["LeftUpperArm"] = CFrame.new(-0.000008, -0.000001, 0.000000, 1.000000, 0.000000, 0.000000, 0.000000, -0.804058, -0.594552, 0.000000, 0.594552, -0.804058),
      ["LowerTorso"] = CFrame.new(0.000000, -1.000000, 0.000000, 1.000000, -0.000000, 0.000000, 0.000000, 0.707134, 0.707079, -0.000000, -0.707079, 0.707134),
      ["RightLowerArm"] = CFrame.new(-0.000008, 0.000015, 0.000000, 1.000000, -0.000944, -0.000133, 0.000953, 0.995200, 0.097858, 0.000040, -0.097858, 0.995200),
      ["RightLowerLeg"] = CFrame.new(-0.000008, -0.000000, -0.000000, 1.000000, -0.000000, 0.000000, 0.000000, 0.707134, 0.707079, -0.000000, -0.707079, 0.707134),
      ["RightUpperArm"] = CFrame.new(0.000031, -0.000002, 0.000000, 1.000000, 0.000000, 0.000000, 0.000000, 0.208103, -0.978107, 0.000000, 0.978107, 0.208103),
      ["UpperTorso"] = CFrame.new(0.000000, -0.000000, -0.000000, 1.000000, -0.000000, 0.000000, 0.000000, 0.886105, 0.463485, -0.000000, -0.463485, 0.886105)
    }},
    {Time = 3.433, Data = {
      ["Head"] = CFrame.new(0.000000, 0.000004, -0.000000, 0.922515, -0.000012, -0.385961, -0.366846, 0.310780, -0.876835, 0.119960, 0.950482, 0.286695),
      ["LeftLowerLeg"] = CFrame.new(-0.000008, 0.000000, 0.000000, 1.000000, -0.000000, 0.000000, 0.000000, 0.707134, 0.707079, -0.000000, -0.707079, 0.707134),
      ["LeftUpperArm"] = CFrame.new(-0.000008, -0.000001, 0.000000, 1.000000, 0.000000, 0.000000, 0.000000, -0.804058, -0.594552, 0.000000, 0.594552, -0.804058),
      ["LowerTorso"] = CFrame.new(0.000000, -1.000000, 0.000000, 1.000000, -0.000000, 0.000000, 0.000000, 0.707134, 0.707079, -0.000000, -0.707079, 0.707134),
      ["RightLowerArm"] = CFrame.new(-0.000008, 0.000015, 0.000000, 1.000000, -0.000944, -0.000133, 0.000953, 0.995200, 0.097858, 0.000040, -0.097858, 0.995200),
      ["RightLowerLeg"] = CFrame.new(-0.000008, -0.000000, -0.000000, 1.000000, -0.000000, 0.000000, 0.000000, 0.707134, 0.707079, -0.000000, -0.707079, 0.707134),
      ["RightUpperArm"] = CFrame.new(0.000031, -0.000002, 0.000000, 1.000000, 0.000000, 0.000000, 0.000000, 0.208103, -0.978107, 0.000000, 0.978107, 0.208103),
      ["UpperTorso"] = CFrame.new(0.000000, -0.000000, -0.000000, 1.000000, -0.000000, 0.000000, 0.000000, 0.886105, 0.463485, -0.000000, -0.463485, 0.886105)
    }},
    {Time = 3.567, Data = {
      ["Head"] = CFrame.new(0.000008, 0.000001, 0.000000, 0.997982, -0.051909, -0.036580, -0.026095, 0.189937, -0.981449, 0.057894, 0.980423, 0.188199),
      ["LeftLowerLeg"] = CFrame.new(-0.000008, 0.000000, 0.000000, 1.000000, -0.000000, 0.000000, 0.000000, 0.707134, 0.707079, -0.000000, -0.707079, 0.707134),
      ["LeftUpperArm"] = CFrame.new(-0.000008, -0.000001, 0.000000, 1.000000, 0.000000, 0.000000, 0.000000, -0.804058, -0.594552, 0.000000, 0.594552, -0.804058),
      ["LowerTorso"] = CFrame.new(0.000000, -1.000000, 0.000000, 1.000000, -0.000000, 0.000000, 0.000000, 0.707134, 0.707079, -0.000000, -0.707079, 0.707134),
      ["RightLowerArm"] = CFrame.new(-0.000008, 0.000015, 0.000000, 1.000000, -0.000944, -0.000133, 0.000953, 0.995200, 0.097858, 0.000040, -0.097858, 0.995200),
      ["RightLowerLeg"] = CFrame.new(-0.000008, -0.000000, -0.000000, 1.000000, -0.000000, 0.000000, 0.000000, 0.707134, 0.707079, -0.000000, -0.707079, 0.707134),
      ["RightUpperArm"] = CFrame.new(0.000031, -0.000002, 0.000000, 1.000000, 0.000000, 0.000000, 0.000000, 0.208103, -0.978107, 0.000000, 0.978107, 0.208103),
      ["UpperTorso"] = CFrame.new(0.000000, -0.000000, -0.000000, 1.000000, -0.000000, 0.000000, 0.000000, 0.886105, 0.463485, -0.000000, -0.463485, 0.886105)
    }},
    {Time = 3.700, Data = {
      ["Head"] = CFrame.new(0.000008, 0.000001, 0.000000, 0.964183, -0.044519, -0.261475, -0.228310, 0.362463, -0.903601, 0.135002, 0.930934, 0.339316),
      ["LeftLowerLeg"] = CFrame.new(-0.000008, 0.000000, 0.000000, 1.000000, -0.000000, 0.000000, 0.000000, 0.707134, 0.707079, -0.000000, -0.707079, 0.707134),
      ["LeftUpperArm"] = CFrame.new(-0.000008, -0.000001, 0.000000, 1.000000, 0.000000, 0.000000, 0.000000, -0.804058, -0.594552, 0.000000, 0.594552, -0.804058),
      ["LowerTorso"] = CFrame.new(0.000000, -1.000000, 0.000000, 1.000000, -0.000000, 0.000000, 0.000000, 0.707134, 0.707079, -0.000000, -0.707079, 0.707134),
      ["RightLowerArm"] = CFrame.new(-0.000008, 0.000015, 0.000000, 1.000000, -0.000944, -0.000133, 0.000953, 0.995200, 0.097858, 0.000040, -0.097858, 0.995200),
      ["RightLowerLeg"] = CFrame.new(-0.000008, -0.000000, -0.000000, 1.000000, -0.000000, 0.000000, 0.000000, 0.707134, 0.707079, -0.000000, -0.707079, 0.707134),
      ["RightUpperArm"] = CFrame.new(0.000031, -0.000002, 0.000000, 1.000000, 0.000000, 0.000000, 0.000000, 0.208103, -0.978107, 0.000000, 0.978107, 0.208103),
      ["UpperTorso"] = CFrame.new(0.000000, -0.000000, -0.000000, 1.000000, -0.000000, 0.000000, 0.000000, 0.886105, 0.463485, -0.000000, -0.463485, 0.886105)
    }},
    {Time = 3.867, Data = {
      ["Head"] = CFrame.new(0.000008, 0.000003, -0.000001, 0.981762, -0.055877, 0.181718, 0.186844, 0.460124, -0.867972, -0.035113, 0.886095, 0.462172),
      ["LeftLowerLeg"] = CFrame.new(-0.000008, 0.000000, 0.000000, 1.000000, -0.000000, 0.000000, 0.000000, 0.707134, 0.707079, -0.000000, -0.707079, 0.707134),
      ["LeftUpperArm"] = CFrame.new(-0.000008, -0.000001, 0.000000, 1.000000, 0.000000, 0.000000, 0.000000, -0.804058, -0.594552, 0.000000, 0.594552, -0.804058),
      ["LowerTorso"] = CFrame.new(0.000000, -1.000000, 0.000000, 1.000000, -0.000000, 0.000000, 0.000000, 0.707134, 0.707079, -0.000000, -0.707079, 0.707134),
      ["RightLowerArm"] = CFrame.new(-0.000008, 0.000015, 0.000000, 1.000000, -0.000944, -0.000133, 0.000953, 0.995200, 0.097858, 0.000040, -0.097858, 0.995200),
      ["RightLowerLeg"] = CFrame.new(-0.000008, -0.000000, -0.000000, 1.000000, -0.000000, 0.000000, 0.000000, 0.707134, 0.707079, -0.000000, -0.707079, 0.707134),
      ["RightUpperArm"] = CFrame.new(0.000031, -0.000002, 0.000000, 1.000000, 0.000000, 0.000000, 0.000000, 0.208103, -0.978107, 0.000000, 0.978107, 0.208103),
      ["UpperTorso"] = CFrame.new(0.000000, -0.000000, -0.000000, 1.000000, -0.000000, 0.000000, 0.000000, 0.886105, 0.463485, -0.000000, -0.463485, 0.886105)
    }},
    {Time = 4.033, Data = {
      ["Head"] = CFrame.new(0.000000, 0.000005, -0.000002, 0.977721, -0.062904, -0.200261, -0.154619, 0.429419, -0.889771, 0.141966, 0.900912, 0.410125),
      ["LeftLowerLeg"] = CFrame.new(-0.000008, 0.000000, 0.000000, 1.000000, -0.000000, 0.000000, 0.000000, 0.707134, 0.707079, -0.000000, -0.707079, 0.707134),
      ["LeftUpperArm"] = CFrame.new(-0.000008, -0.000001, 0.000000, 1.000000, 0.000000, 0.000000, 0.000000, -0.804058, -0.594552, 0.000000, 0.594552, -0.804058),
      ["LowerTorso"] = CFrame.new(0.000000, -1.000000, 0.000000, 1.000000, -0.000000, 0.000000, 0.000000, 0.707134, 0.707079, -0.000000, -0.707079, 0.707134),
      ["RightLowerArm"] = CFrame.new(-0.000008, 0.000015, 0.000000, 1.000000, -0.000944, -0.000133, 0.000953, 0.995200, 0.097858, 0.000040, -0.097858, 0.995200),
      ["RightLowerLeg"] = CFrame.new(-0.000008, -0.000000, -0.000000, 1.000000, -0.000000, 0.000000, 0.000000, 0.707134, 0.707079, -0.000000, -0.707079, 0.707134),
      ["RightUpperArm"] = CFrame.new(0.000031, -0.000002, 0.000000, 1.000000, 0.000000, 0.000000, 0.000000, 0.208103, -0.978107, 0.000000, 0.978107, 0.208103),
      ["UpperTorso"] = CFrame.new(0.000000, -0.000000, -0.000000, 1.000000, -0.000000, 0.000000, 0.000000, 0.886105, 0.463485, -0.000000, -0.463485, 0.886105)
    }},
    {Time = 4.167, Data = {
      ["Head"] = CFrame.new(-0.000015, 0.000011, -0.000003, 0.999822, -0.017371, 0.007430, 0.013417, 0.375976, -0.926533, 0.013301, 0.926467, 0.376142),
      ["LeftLowerLeg"] = CFrame.new(-0.000008, 0.000000, 0.000000, 1.000000, -0.000000, 0.000000, 0.000000, 0.707134, 0.707079, -0.000000, -0.707079, 0.707134),
      ["LeftUpperArm"] = CFrame.new(-0.000008, -0.000001, 0.000000, 1.000000, 0.000000, 0.000000, 0.000000, -0.804058, -0.594552, 0.000000, 0.594552, -0.804058),
      ["LowerTorso"] = CFrame.new(0.000000, -1.000000, 0.000000, 1.000000, -0.000000, 0.000000, 0.000000, 0.707134, 0.707079, -0.000000, -0.707079, 0.707134),
      ["RightLowerArm"] = CFrame.new(-0.000008, 0.000015, 0.000000, 1.000000, -0.000944, -0.000133, 0.000953, 0.995200, 0.097858, 0.000040, -0.097858, 0.995200),
      ["RightLowerLeg"] = CFrame.new(-0.000008, -0.000000, -0.000000, 1.000000, -0.000000, 0.000000, 0.000000, 0.707134, 0.707079, -0.000000, -0.707079, 0.707134),
      ["RightUpperArm"] = CFrame.new(0.000031, -0.000002, 0.000000, 1.000000, 0.000000, 0.000000, 0.000000, 0.208103, -0.978107, 0.000000, 0.978107, 0.208103),
      ["UpperTorso"] = CFrame.new(0.000000, -0.000000, -0.000000, 1.000000, -0.000000, 0.000000, 0.000000, 0.886105, 0.463485, -0.000000, -0.463485, 0.886105)
    }},
    {Time = 4.333, Data = {
      ["Head"] = CFrame.new(0.000000, 0.000000, 0.000000, 1.000000, 0.000000, 0.000000, 0.000000, 0.310684, -0.950513, 0.000000, 0.950513, 0.310684),
      ["LeftLowerLeg"] = CFrame.new(-0.000008, 0.000000, 0.000000, 1.000000, -0.000000, 0.000000, 0.000000, 0.707134, 0.707079, -0.000000, -0.707079, 0.707134),
      ["LeftUpperArm"] = CFrame.new(-0.000008, -0.000001, 0.000000, 1.000000, 0.000000, 0.000000, 0.000000, -0.804058, -0.594552, 0.000000, 0.594552, -0.804058),
      ["LowerTorso"] = CFrame.new(0.000000, -1.000000, 0.000000, 1.000000, -0.000000, 0.000000, 0.000000, 0.707134, 0.707079, -0.000000, -0.707079, 0.707134),
      ["RightLowerArm"] = CFrame.new(-0.000008, 0.000015, 0.000000, 1.000000, -0.000944, -0.000133, 0.000953, 0.995200, 0.097858, 0.000040, -0.097858, 0.995200),
      ["RightLowerLeg"] = CFrame.new(-0.000008, -0.000000, -0.000000, 1.000000, -0.000000, 0.000000, 0.000000, 0.707134, 0.707079, -0.000000, -0.707079, 0.707134),
      ["RightUpperArm"] = CFrame.new(0.000031, -0.000002, 0.000000, 1.000000, 0.000000, 0.000000, 0.000000, 0.208103, -0.978107, 0.000000, 0.978107, 0.208103),
      ["UpperTorso"] = CFrame.new(0.000000, -0.000000, -0.000000, 1.000000, -0.000000, 0.000000, 0.000000, 0.886105, 0.463485, -0.000000, -0.463485, 0.886105)
    }},
    {Time = 4.467, Data = {
      ["Head"] = CFrame.new(0.000000, 0.000000, 0.000000, 1.000000, 0.000000, 0.000000, 0.000000, 0.310684, -0.950513, 0.000000, 0.950513, 0.310684),
      ["LeftLowerLeg"] = CFrame.new(-0.000008, 0.000000, 0.000000, 1.000000, -0.000000, 0.000000, 0.000000, 0.707134, 0.707079, -0.000000, -0.707079, 0.707134),
      ["LeftUpperArm"] = CFrame.new(-0.000008, -0.000001, 0.000000, 1.000000, 0.000000, 0.000000, 0.000000, -0.804058, -0.594552, 0.000000, 0.594552, -0.804058),
      ["LowerTorso"] = CFrame.new(0.000000, -1.000000, 0.000000, 1.000000, -0.000000, 0.000000, 0.000000, 0.707134, 0.707079, -0.000000, -0.707079, 0.707134),
      ["RightLowerArm"] = CFrame.new(-0.000008, 0.000015, 0.000000, 1.000000, -0.000944, -0.000133, 0.000953, 0.995200, 0.097858, 0.000040, -0.097858, 0.995200),
      ["RightLowerLeg"] = CFrame.new(-0.000008, -0.000000, -0.000000, 1.000000, -0.000000, 0.000000, 0.000000, 0.707134, 0.707079, -0.000000, -0.707079, 0.707134),
      ["RightUpperArm"] = CFrame.new(0.000031, -0.000002, 0.000000, 1.000000, 0.000000, 0.000000, 0.000000, 0.208103, -0.978107, 0.000000, 0.978107, 0.208103),
      ["UpperTorso"] = CFrame.new(0.000000, -0.000000, -0.000000, 1.000000, -0.000000, 0.000000, 0.000000, 0.886105, 0.463485, -0.000000, -0.463485, 0.886105)
    }},
    {Time = 4.700, Data = {
      ["Head"] = CFrame.new(0.000000, 0.000001, 0.000000, 0.934786, 0.000011, 0.355212, 0.337626, 0.310727, -0.888514, -0.110383, 0.950499, 0.290459),
      ["LeftLowerLeg"] = CFrame.new(-0.000008, 0.000000, 0.000000, 1.000000, -0.000000, 0.000000, 0.000000, 0.707134, 0.707079, -0.000000, -0.707079, 0.707134),
      ["LeftUpperArm"] = CFrame.new(-0.000008, -0.000001, 0.000000, 1.000000, 0.000000, 0.000000, 0.000000, -0.804058, -0.594552, 0.000000, 0.594552, -0.804058),
      ["LowerTorso"] = CFrame.new(0.000000, -1.000000, 0.000000, 1.000000, -0.000000, 0.000000, 0.000000, 0.707134, 0.707079, -0.000000, -0.707079, 0.707134),
      ["RightLowerArm"] = CFrame.new(-0.000008, 0.000015, 0.000000, 1.000000, -0.000944, -0.000133, 0.000953, 0.995200, 0.097858, 0.000040, -0.097858, 0.995200),
      ["RightLowerLeg"] = CFrame.new(-0.000008, -0.000000, -0.000000, 1.000000, -0.000000, 0.000000, 0.000000, 0.707134, 0.707079, -0.000000, -0.707079, 0.707134),
      ["RightUpperArm"] = CFrame.new(0.000031, -0.000002, 0.000000, 1.000000, 0.000000, 0.000000, 0.000000, 0.208103, -0.978107, 0.000000, 0.978107, 0.208103),
      ["UpperTorso"] = CFrame.new(0.000000, -0.000000, -0.000000, 1.000000, -0.000000, 0.000000, 0.000000, 0.886105, 0.463485, -0.000000, -0.463485, 0.886105)
    }},
    {Time = 4.900, Data = {
      ["Head"] = CFrame.new(0.000000, 0.000004, -0.000000, 0.922515, -0.000012, -0.385961, -0.366846, 0.310780, -0.876835, 0.119960, 0.950482, 0.286695),
      ["LeftLowerLeg"] = CFrame.new(-0.000008, 0.000000, 0.000000, 1.000000, -0.000000, 0.000000, 0.000000, 0.707134, 0.707079, -0.000000, -0.707079, 0.707134),
      ["LeftUpperArm"] = CFrame.new(-0.000008, -0.000001, 0.000000, 1.000000, 0.000000, 0.000000, 0.000000, -0.804058, -0.594552, 0.000000, 0.594552, -0.804058),
      ["LowerTorso"] = CFrame.new(0.000000, -1.000000, 0.000000, 1.000000, -0.000000, 0.000000, 0.000000, 0.707134, 0.707079, -0.000000, -0.707079, 0.707134),
      ["RightLowerArm"] = CFrame.new(-0.000008, 0.000015, 0.000000, 1.000000, -0.000944, -0.000133, 0.000953, 0.995200, 0.097858, 0.000040, -0.097858, 0.995200),
      ["RightLowerLeg"] = CFrame.new(-0.000008, -0.000000, -0.000000, 1.000000, -0.000000, 0.000000, 0.000000, 0.707134, 0.707079, -0.000000, -0.707079, 0.707134),
      ["RightUpperArm"] = CFrame.new(0.000031, -0.000002, 0.000000, 1.000000, 0.000000, 0.000000, 0.000000, 0.208103, -0.978107, 0.000000, 0.978107, 0.208103),
      ["UpperTorso"] = CFrame.new(0.000000, -0.000000, -0.000000, 1.000000, -0.000000, 0.000000, 0.000000, 0.886105, 0.463485, -0.000000, -0.463485, 0.886105)
    }},
    {Time = 5.033, Data = {
      ["Head"] = CFrame.new(0.000008, 0.000001, 0.000000, 0.997982, -0.051909, -0.036580, -0.026095, 0.189937, -0.981449, 0.057894, 0.980423, 0.188199),
      ["LeftLowerLeg"] = CFrame.new(-0.000008, 0.000000, 0.000000, 1.000000, -0.000000, 0.000000, 0.000000, 0.707134, 0.707079, -0.000000, -0.707079, 0.707134),
      ["LeftUpperArm"] = CFrame.new(-0.000008, -0.000001, 0.000000, 1.000000, 0.000000, 0.000000, 0.000000, -0.804058, -0.594552, 0.000000, 0.594552, -0.804058),
      ["LowerTorso"] = CFrame.new(0.000000, -1.000000, 0.000000, 1.000000, -0.000000, 0.000000, 0.000000, 0.707134, 0.707079, -0.000000, -0.707079, 0.707134),
      ["RightLowerArm"] = CFrame.new(-0.000008, 0.000015, 0.000000, 1.000000, -0.000944, -0.000133, 0.000953, 0.995200, 0.097858, 0.000040, -0.097858, 0.995200),
      ["RightLowerLeg"] = CFrame.new(-0.000008, -0.000000, -0.000000, 1.000000, -0.000000, 0.000000, 0.000000, 0.707134, 0.707079, -0.000000, -0.707079, 0.707134),
      ["RightUpperArm"] = CFrame.new(0.000031, -0.000002, 0.000000, 1.000000, 0.000000, 0.000000, 0.000000, 0.208103, -0.978107, 0.000000, 0.978107, 0.208103),
      ["UpperTorso"] = CFrame.new(0.000000, -0.000000, -0.000000, 1.000000, -0.000000, 0.000000, 0.000000, 0.886105, 0.463485, -0.000000, -0.463485, 0.886105)
    }},
    {Time = 5.167, Data = {
      ["Head"] = CFrame.new(0.000008, 0.000001, 0.000000, 0.964183, -0.044519, -0.261475, -0.228310, 0.362463, -0.903601, 0.135002, 0.930934, 0.339316),
      ["LeftLowerLeg"] = CFrame.new(-0.000008, 0.000000, 0.000000, 1.000000, -0.000000, 0.000000, 0.000000, 0.707134, 0.707079, -0.000000, -0.707079, 0.707134),
      ["LeftUpperArm"] = CFrame.new(-0.000008, -0.000001, 0.000000, 1.000000, 0.000000, 0.000000, 0.000000, -0.804058, -0.594552, 0.000000, 0.594552, -0.804058),
      ["LowerTorso"] = CFrame.new(0.000000, -1.000000, 0.000000, 1.000000, -0.000000, 0.000000, 0.000000, 0.707134, 0.707079, -0.000000, -0.707079, 0.707134),
      ["RightLowerArm"] = CFrame.new(-0.000008, 0.000015, 0.000000, 1.000000, -0.000944, -0.000133, 0.000953, 0.995200, 0.097858, 0.000040, -0.097858, 0.995200),
      ["RightLowerLeg"] = CFrame.new(-0.000008, -0.000000, -0.000000, 1.000000, -0.000000, 0.000000, 0.000000, 0.707134, 0.707079, -0.000000, -0.707079, 0.707134),
      ["RightUpperArm"] = CFrame.new(0.000031, -0.000002, 0.000000, 1.000000, 0.000000, 0.000000, 0.000000, 0.208103, -0.978107, 0.000000, 0.978107, 0.208103),
      ["UpperTorso"] = CFrame.new(0.000000, -0.000000, -0.000000, 1.000000, -0.000000, 0.000000, 0.000000, 0.886105, 0.463485, -0.000000, -0.463485, 0.886105)
    }},
    {Time = 5.333, Data = {
      ["Head"] = CFrame.new(0.000008, 0.000003, -0.000001, 0.981762, -0.055877, 0.181718, 0.186844, 0.460124, -0.867972, -0.035113, 0.886095, 0.462172),
      ["LeftLowerLeg"] = CFrame.new(-0.000008, 0.000000, 0.000000, 1.000000, -0.000000, 0.000000, 0.000000, 0.707134, 0.707079, -0.000000, -0.707079, 0.707134),
      ["LeftUpperArm"] = CFrame.new(-0.000008, -0.000001, 0.000000, 1.000000, 0.000000, 0.000000, 0.000000, -0.804058, -0.594552, 0.000000, 0.594552, -0.804058),
      ["LowerTorso"] = CFrame.new(0.000000, -1.000000, 0.000000, 1.000000, -0.000000, 0.000000, 0.000000, 0.707134, 0.707079, -0.000000, -0.707079, 0.707134),
      ["RightLowerArm"] = CFrame.new(-0.000008, 0.000015, 0.000000, 1.000000, -0.000944, -0.000133, 0.000953, 0.995200, 0.097858, 0.000040, -0.097858, 0.995200),
      ["RightLowerLeg"] = CFrame.new(-0.000008, -0.000000, -0.000000, 1.000000, -0.000000, 0.000000, 0.000000, 0.707134, 0.707079, -0.000000, -0.707079, 0.707134),
      ["RightUpperArm"] = CFrame.new(0.000031, -0.000002, 0.000000, 1.000000, 0.000000, 0.000000, 0.000000, 0.208103, -0.978107, 0.000000, 0.978107, 0.208103),
      ["UpperTorso"] = CFrame.new(0.000000, -0.000000, -0.000000, 1.000000, -0.000000, 0.000000, 0.000000, 0.886105, 0.463485, -0.000000, -0.463485, 0.886105)
    }},
    {Time = 5.500, Data = {
      ["Head"] = CFrame.new(0.000000, 0.000005, -0.000002, 0.977721, -0.062904, -0.200261, -0.154619, 0.429419, -0.889771, 0.141966, 0.900912, 0.410125),
      ["LeftLowerLeg"] = CFrame.new(-0.000008, 0.000000, 0.000000, 1.000000, -0.000000, 0.000000, 0.000000, 0.707134, 0.707079, -0.000000, -0.707079, 0.707134),
      ["LeftUpperArm"] = CFrame.new(-0.000008, -0.000001, 0.000000, 1.000000, 0.000000, 0.000000, 0.000000, -0.804058, -0.594552, 0.000000, 0.594552, -0.804058),
      ["LowerTorso"] = CFrame.new(0.000000, -1.000000, 0.000000, 1.000000, -0.000000, 0.000000, 0.000000, 0.707134, 0.707079, -0.000000, -0.707079, 0.707134),
      ["RightLowerArm"] = CFrame.new(-0.000008, 0.000015, 0.000000, 1.000000, -0.000944, -0.000133, 0.000953, 0.995200, 0.097858, 0.000040, -0.097858, 0.995200),
      ["RightLowerLeg"] = CFrame.new(-0.000008, -0.000000, -0.000000, 1.000000, -0.000000, 0.000000, 0.000000, 0.707134, 0.707079, -0.000000, -0.707079, 0.707134),
      ["RightUpperArm"] = CFrame.new(0.000031, -0.000002, 0.000000, 1.000000, 0.000000, 0.000000, 0.000000, 0.208103, -0.978107, 0.000000, 0.978107, 0.208103),
      ["UpperTorso"] = CFrame.new(0.000000, -0.000000, -0.000000, 1.000000, -0.000000, 0.000000, 0.000000, 0.886105, 0.463485, -0.000000, -0.463485, 0.886105)
    }},
    {Time = 5.633, Data = {
      ["Head"] = CFrame.new(-0.000015, 0.000011, -0.000003, 0.999822, -0.017371, 0.007430, 0.013417, 0.375976, -0.926533, 0.013301, 0.926467, 0.376142),
      ["LeftLowerLeg"] = CFrame.new(-0.000008, 0.000000, 0.000000, 1.000000, -0.000000, 0.000000, 0.000000, 0.707134, 0.707079, -0.000000, -0.707079, 0.707134),
      ["LeftUpperArm"] = CFrame.new(-0.000008, -0.000001, 0.000000, 1.000000, 0.000000, 0.000000, 0.000000, -0.804058, -0.594552, 0.000000, 0.594552, -0.804058),
      ["LowerTorso"] = CFrame.new(0.000000, -1.000000, 0.000000, 1.000000, -0.000000, 0.000000, 0.000000, 0.707134, 0.707079, -0.000000, -0.707079, 0.707134),
      ["RightLowerArm"] = CFrame.new(-0.000008, 0.000015, 0.000000, 1.000000, -0.000944, -0.000133, 0.000953, 0.995200, 0.097858, 0.000040, -0.097858, 0.995200),
      ["RightLowerLeg"] = CFrame.new(-0.000008, -0.000000, -0.000000, 1.000000, -0.000000, 0.000000, 0.000000, 0.707134, 0.707079, -0.000000, -0.707079, 0.707134),
      ["RightUpperArm"] = CFrame.new(0.000031, -0.000002, 0.000000, 1.000000, 0.000000, 0.000000, 0.000000, 0.208103, -0.978107, 0.000000, 0.978107, 0.208103),
      ["UpperTorso"] = CFrame.new(0.000000, -0.000000, -0.000000, 1.000000, -0.000000, 0.000000, 0.000000, 0.886105, 0.463485, -0.000000, -0.463485, 0.886105)
    }},
    {Time = 5.800, Data = {
      ["Head"] = CFrame.new(0.000000, 0.000000, 0.000000, 1.000000, 0.000000, 0.000000, 0.000000, 0.310684, -0.950513, 0.000000, 0.950513, 0.310684),
      ["LeftLowerLeg"] = CFrame.new(-0.000008, 0.000000, 0.000000, 1.000000, -0.000000, 0.000000, 0.000000, 0.707134, 0.707079, -0.000000, -0.707079, 0.707134),
      ["LeftUpperArm"] = CFrame.new(-0.000008, -0.000001, 0.000000, 1.000000, 0.000000, 0.000000, 0.000000, -0.804058, -0.594552, 0.000000, 0.594552, -0.804058),
      ["LowerTorso"] = CFrame.new(0.000000, -1.000000, 0.000000, 1.000000, -0.000000, 0.000000, 0.000000, 0.707134, 0.707079, -0.000000, -0.707079, 0.707134),
      ["RightLowerArm"] = CFrame.new(-0.000008, 0.000015, 0.000000, 1.000000, -0.000944, -0.000133, 0.000953, 0.995200, 0.097858, 0.000040, -0.097858, 0.995200),
      ["RightLowerLeg"] = CFrame.new(-0.000008, -0.000000, -0.000000, 1.000000, -0.000000, 0.000000, 0.000000, 0.707134, 0.707079, -0.000000, -0.707079, 0.707134),
      ["RightUpperArm"] = CFrame.new(0.000031, -0.000002, 0.000000, 1.000000, 0.000000, 0.000000, 0.000000, 0.208103, -0.978107, 0.000000, 0.978107, 0.208103),
      ["UpperTorso"] = CFrame.new(0.000000, -0.000000, -0.000000, 1.000000, -0.000000, 0.000000, 0.000000, 0.886105, 0.463485, -0.000000, -0.463485, 0.886105)
    }},
    {Time = 5.933, Data = {
      ["Head"] = CFrame.new(0.000000, 0.000000, 0.000000, 1.000000, 0.000000, 0.000000, 0.000000, 0.310684, -0.950513, 0.000000, 0.950513, 0.310684),
      ["LeftLowerLeg"] = CFrame.new(-0.000008, 0.000000, 0.000000, 1.000000, -0.000000, 0.000000, 0.000000, 0.707134, 0.707079, -0.000000, -0.707079, 0.707134),
      ["LeftUpperArm"] = CFrame.new(-0.000008, -0.000001, 0.000000, 1.000000, 0.000000, 0.000000, 0.000000, -0.804058, -0.594552, 0.000000, 0.594552, -0.804058),
      ["LowerTorso"] = CFrame.new(0.000000, -1.000000, 0.000000, 1.000000, -0.000000, 0.000000, 0.000000, 0.707134, 0.707079, -0.000000, -0.707079, 0.707134),
      ["RightLowerArm"] = CFrame.new(-0.000008, 0.000015, 0.000000, 1.000000, -0.000944, -0.000133, 0.000953, 0.995200, 0.097858, 0.000040, -0.097858, 0.995200),
      ["RightLowerLeg"] = CFrame.new(-0.000008, -0.000000, -0.000000, 1.000000, -0.000000, 0.000000, 0.000000, 0.707134, 0.707079, -0.000000, -0.707079, 0.707134),
      ["RightUpperArm"] = CFrame.new(0.000031, -0.000002, 0.000000, 1.000000, 0.000000, 0.000000, 0.000000, 0.208103, -0.978107, 0.000000, 0.978107, 0.208103),
      ["UpperTorso"] = CFrame.new(0.000000, -0.000000, -0.000000, 1.000000, -0.000000, 0.000000, 0.000000, 0.886105, 0.463485, -0.000000, -0.463485, 0.886105)
    }},
    {Time = 6.167, Data = {
      ["Head"] = CFrame.new(0.000000, 0.000001, 0.000000, 0.934786, 0.000011, 0.355212, 0.337626, 0.310727, -0.888514, -0.110383, 0.950499, 0.290459),
      ["LeftLowerLeg"] = CFrame.new(-0.000008, 0.000000, 0.000000, 1.000000, -0.000000, 0.000000, 0.000000, 0.707134, 0.707079, -0.000000, -0.707079, 0.707134),
      ["LeftUpperArm"] = CFrame.new(-0.000008, -0.000001, 0.000000, 1.000000, 0.000000, 0.000000, 0.000000, -0.804058, -0.594552, 0.000000, 0.594552, -0.804058),
      ["LowerTorso"] = CFrame.new(0.000000, -1.000000, 0.000000, 1.000000, -0.000000, 0.000000, 0.000000, 0.707134, 0.707079, -0.000000, -0.707079, 0.707134),
      ["RightLowerArm"] = CFrame.new(-0.000008, 0.000015, 0.000000, 1.000000, -0.000944, -0.000133, 0.000953, 0.995200, 0.097858, 0.000040, -0.097858, 0.995200),
