return {
    ["On The Floor"] = {
        {Time = 0.000, Data = {
            ["LeftFoot"] = CFrame.new(2.9324903394467583e-08, 0, -1.7369785609844257e-09, 1, -9.278255674871616e-08, -9.28221837170895e-08, 5.061419017238222e-08, 0.925187349319458, -0.3795109987258911, 1.2108989722037222e-07, 0.3795109987258911, 0.925187349319458),
            ["LeftLowerArm"] = CFrame.new(-5.960464477539063e-08, -1.1920928955078125e-07, 1.1175870895385742e-07, 1, -2.3515895009040833e-07, -1.043081283569336e-07, -5.587935447692871e-09, 0.49897265434265137, -0.866617739200592, 2.9336661100387573e-07, 0.866617739200592, 0.498972624540329),
            ["LowerTorso"] = CFrame.new(0, -0.14882290363311768, 0, 1, 0, 0, 0, 1, 0, 0, 0, 1),
            ["Head"] = CFrame.new(0, 0, -7.105427357601002e-15, 1, 0, 0, 0, 1, 0, 0, 0, 1),
            ["RightUpperArm"] = CFrame.new(0.0012965202331542969, 0, -2.820749855914073e-08, 0.8387176394462585, 0.09035588055849075, -0.5370181798934937, -0.10175227373838425, 0.9947739243507385, 0.00845823623239994, 0.5349758863449097, 0.04754875600337982, 0.8435282707214355),
            ["UpperTorso"] = CFrame.new(0, 1.1920928955078125e-07, 0, 1, 0, 0, 0, 1, -4.371138828673793e-08, 0, 4.371138828673793e-08, 1),
            ["HumanoidRootPart"] = CFrame.new(0, 0, 0, 1, 0, 0, 0, 1, 0, 0, 0, 1),
            ["RightHand"] = CFrame.new(-1.4901161193847656e-07, -2.384185791015625e-07, 1.1920928955078125e-07, 0.9904893636703491, 0.12280097603797913, 0.0620545968413353, -0.10990741848945618, 0.9774924516677856, -0.18008050322532654, -0.08277188241481781, 0.17154750227928162, 0.9816925525665283),
            ["LeftUpperArm"] = CFrame.new(-0.0012965202331542969, 0, -2.820749855914073e-08, 0.5392067432403564, 0.46461671590805054, -0.702415406703949, -0.005045270547270775, 0.8358179330825806, 0.5489835739135742, 0.842158317565918, -0.2924717664718628, 0.4530227482318878),
            ["RightLowerArm"] = CFrame.new(5.960464477539063e-08, -5.960464477539063e-08, 7.450580596923828e-09, 1, -9.685756197086448e-08, 3.725290298461914e-08, 1.30385160446167e-07, 0.6848891377449036, -0.7286472916603088, -9.825453162193298e-08, 0.7286473512649536, 0.6848891377449036),
            ["LeftHand"] = CFrame.new(-2.2351741790771484e-08, 1.1920928955078125e-07, 2.9802322387695312e-08, 0.9806329011917114, -0.18608099222183228, -0.0610976405441761, 0.179960235953331, 0.9791878461837769, -0.09383829683065414, 0.07728757709264755, 0.08102580159902573, 0.9937109351158142),
            ["RightUpperLeg"] = CFrame.new(0, 0, 0, 1, 7.704239379791034e-08, -2.042055058382175e-08, -7.83580915708626e-08, 0.9034487009048462, -0.42869630455970764, -1.4578852791657937e-08, 0.4286961853504181, 0.9034486413002014),
            ["LeftUpperLeg"] = CFrame.new(0, 0, 0, 1, 1.2737770305193408e-07, 3.8764471810281975e-07, 5.1105285336916495e-08, 0.903445839881897, -0.4287022054195404, -4.0482311192135967e-07, 0.4287022054195404, 0.903445839881897),
            ["RightLowerLeg"] = CFrame.new(3.746388443914839e-08, 3.5762786865234375e-07, 6.599293556064367e-08, 1, -1.7654282657986187e-07, -1.5743938774903654e-07, 2.3526766312897962e-07, 0.6731679439544678, 0.7394894361495972, -2.4568366896460248e-08, -0.7394896745681763, 0.6731681823730469),
            ["RightFoot"] = CFrame.new(3.6391000435287424e-08, 3.5762786865234375e-07, -2.695014700293541e-08, 1, 1.1667398069903356e-07, 2.3904345880509936e-07, -1.7487487014022918e-08, 0.9255611300468445, -0.37859806418418884, -2.654218178577139e-07, 0.37859824299812317, 0.925561249256134),
            ["LeftLowerLeg"] = CFrame.new(-3.9121896833194114e-08, 1.1920928955078125e-07, 1.4793855029893166e-08, 1, 2.7726795792659686e-07, -2.2349500738982897e-07, -2.1371551639504105e-08, 0.6731594800949097, 0.7394974231719971, 3.5548669075069483e-07, -0.7394974231719971, 0.6731594800949097),
        }},
        {Time = 0.033, Data = {
            ["LeftFoot"] = CFrame.new(3.982131602242589e-08, -1.7881393432617188e-07, 4.190951585769653e-09, 0.9999999403953552, -0.0003414162201806903, -0.00016865800716914237, 0.000257589272223413, 0.9326706528663635, -0.36072903871536255, 0.00028046054649166763, 0.3607289791107178, 0.9326706528663635),
            ["LeftLowerArm"] = CFrame.new(0, 1.1920928955078125e-07, -4.470348358154297e-08, 1, 8.940696716308594e-08, -1.1548401346317405e-07, -5.21540641784668e-08, 0.47380197048187256, -0.8806313872337341, -1.1175870895385742e-08, 0.8806315064430237, 0.4738020896911621),
            ["LowerTorso"] = CFrame.new(-0.005857210606336594, -0.14556384086608887, 0, 0.9999768733978271, 0.006800755858421326, 0, -0.006800755858421326, 0.9999768733978271, 0, 0, 0, 1),
            ["Head"] = CFrame.new(1.950866135302931e-10, -1.1920928955078125e-07, -7.366907084360719e-11, 0.9999930262565613, -0.00015239795902743936, 0.003732843790203333, 0.00015404379519168288, 0.9999999403953552, -0.00044062166125513613, -0.0037327762693166733, 0.0004411935806274414, 0.9999930262565613),
            ["RightUpperArm"] = CFrame.new(0.0013228654861450195, -1.1920928955078125e-07, 0.0000017529819160699844, 0.8285157680511475, 0.07991404831409454, -0.5542340278625488, -0.09431234747171402, 0.9955394268035889, 0.0025590595323592424, 0.5519663691520691, 0.05015089735388756, 0.8323569297790527),
            ["UpperTorso"] = CFrame.new(0, -1.1920928955078125e-07, 0, 0.9999709129333496, -0.006646714638918638, -0.0037356901448220015, 0.006648313719779253, 0.9999778270721436, 0.0004157539806328714, 0.0037328435573726892, -0.0004405778890941292, 0.9999930262565613),
            ["HumanoidRootPart"] = CFrame.new(0, 0, 0, 1, 0, 0, 0, 1, 0, 0, 0, 1),
            ["RightHand"] = CFrame.new(8.940696716308594e-08, 2.384185791015625e-07, -1.4901161193847656e-08, 0.9883483648300171, 0.12976188957691193, 0.07955823838710785, -0.11987463384866714, 0.985692024230957, -0.11849606037139893, -0.09379611164331436, 0.1075783520936966, 0.9897622466087341),
            ["LeftUpperArm"] = CFrame.new(-0.0012700557708740234, 0, 0.0000017523998394608498, 0.5706465840339661, 0.455888956785202, -0.6830283403396606, -0.046242762356996536, 0.8482680320739746, 0.527544379234314, 0.8198927640914917, -0.26945629715919495, 0.5051428079605103),
            ["RightLowerArm"] = CFrame.new(-1.1920928955078125e-07, -5.960464477539063e-08, -1.210719347000122e-08, 1, 5.960464477539063e-08, -7.450580596923828e-08, -8.940696716308594e-08, 0.598915696144104, -0.8008120656013489, -1.1600786820054054e-07, 0.8008121848106384, 0.598915696144104),
            ["LeftHand"] = CFrame.new(2.9802322387695312e-08, 2.384185791015625e-07, 0, 0.9786897301673889, -0.1961425095796585, -0.06078312546014786, 0.1921473741531372, 0.9791556000709534, -0.06583065539598465, 0.07242842018604279, 0.05274836719036102, 0.9959778785705566),
            ["RightUpperLeg"] = CFrame.new(0, 7.520429790019989e-08, 0, 0.9999544024467468, -0.00894297193735838, 0.0033730287104845047, 0.009525095112621784, 0.9031744599342346, -0.42916813492774963, 0.0007916053291410208, 0.4291805326938629, 0.9032183289527893),
            ["LeftUpperLeg"] = CFrame.new(-5.960464477539063e-08, 8.847564458847046e-09, 0, 0.99994957447052, -0.009219677187502384, -0.003979722037911415, 0.0065460591576993465, 0.8989977240562439, -0.43790456652641296, 0.00761509919539094, 0.4378564953804016, 0.8990126252174377),
            ["RightLowerLeg"] = CFrame.new(-2.2439053282141685e-08, 3.5762786865234375e-07, 2.2926542442291975e-08, 1, 3.905734047293663e-08, 4.383036866784096e-08, -5.855690687894821e-08, 0.6724951863288879, 0.7401013374328613, -4.656612873077393e-10, -0.7401015758514404, 0.672495424747467),
            ["RightFoot"] = CFrame.new(-2.513235131118563e-08, 3.5762786865234375e-07, 4.372850526124239e-09, 0.9999990463256836, -0.0012333054328337312, -0.0006108644302003086, 0.0009102352778427303, 0.9255638718605042, -0.37859031558036804, 0.001032311120070517, 0.37858957052230835, 0.9255642890930176),
            ["LeftLowerLeg"] = CFrame.new(4.5372871682047844e-08, 5.960464477539063e-08, -3.3527612686157227e-08, 1, 7.63393472880125e-08, 3.4269760362803936e-09, -5.2852556109428406e-08, 0.6632789969444275, 0.7483722567558289, 5.5020791478455067e-08, -0.7483722567558289, 0.6632789969444275),
        }},
        {Time = 0.067, Data = {
            ["LeftFoot"] = CFrame.new(3.828608896583319e-08, -1.7881393432617188e-07, -4.6566128730773926e-09, 0.9999998807907104, -0.0004122692043893039, -0.00020368947298265994, 0.0003271953319199383, 0.9491648077964783, -0.31477949023246765, 0.0003231068840250373, 0.3147794008255005, 0.949164867401123),
            ["LeftLowerArm"] = CFrame.new(-2.9802322387695312e-08, 0, -2.2351741790771484e-07, 1, -4.4703490686970326e-08, 7.450580596923828e-09, 6.705522537231445e-08, 0.4165927767753601, -0.9090932011604309, 5.960464477539063e-08, 0.9090933203697205, 0.4165927767753601),
            ["LowerTorso"] = CFrame.new(-0.025228671729564667, -0.13421690464019775, 0, 0.9996972680091858, 0.0246049165725708, 0, -0.0246049165725708, 0.9996972680091858, 0, 0, 0, 1),
            ["Head"] = CFrame.new(4.69299266114831e-10, -5.960464477539062e-07, 8.731149137020111e-11, 0.9999099373817444, -0.0012138924794271588, 0.013370395638048649, 0.0012378017418086529, 0.9999976754188538, -0.0017800921341404319, -0.013368203304708004, 0.001796481665223837, 0.9999090433120728),
            ["RightUpperArm"] = CFrame.new(0.001389622688293457, -0.0000015497207641601562, 0.000005837995558977127, 0.810631275177002, 0.023140205070376396, -0.5850995779037476, -0.07544752210378647, 0.995017409324646, -0.065177321434021, 0.5806759595870972, 0.09697910398244858, 0.8083381056785583),
            ["UpperTorso"] = CFrame.new(0, 2.9802322387695312e-08, 0, 0.9996371269226074, -0.02336743101477623, -0.01340835727751255, 0.023389175534248352, 0.9997254014015198, 0.001466970657929778, 0.013370396569371223, -0.0017800484783947468, 0.9999090433120728),
            ["HumanoidRootPart"] = CFrame.new(0, 0, 0, 1, 0, 0, 0, 1, 0, 0, 0, 1),
            ["RightHand"] = CFrame.new(-2.9802322387695312e-08, 0, 1.1175870895385742e-07, 0.9833637475967407, 0.14402888715267181, 0.11068710684776306, -0.14394016563892365, 0.9895470142364502, -0.008834369480609894, -0.1108025535941124, -0.007244967855513096, 0.993816077709198),
            ["LeftUpperArm"] = CFrame.new(-0.0012034177780151367, -0.0000015497207641601562, 0.000005837529897689819, 0.6487802267074585, 0.42627987265586853, -0.6303727626800537, -0.13986289501190186, 0.8810590505599976, 0.4518555700778961, 0.7480124831199646, -0.20498916506767273, 0.631234347820282),
            ["RightLowerArm"] = CFrame.new(-1.4901161193847656e-07, -5.960464477539063e-08, -1.4901161193847656e-08, 1, -2.0489098417897367e-08, 1.3411046495548362e-07, 1.4714898100010032e-07, 0.4236607253551483, -0.9058210253715515, 1.4435501682896756e-08, 0.9058209657669067, 0.4236607253551483),
            ["LeftHand"] = CFrame.new(-2.9802322387695312e-08, -1.1920928955078125e-07, 0, 0.9751244187355042, -0.21152263879776, -0.06626173853874207, 0.21174156665802002, 0.9773184657096863, -0.0037816171534359455, 0.06555873155593872, -0.010342822410166264, 0.9977951645851135),
            ["RightUpperLeg"] = CFrame.new(0, -1.1548399925231934e-07, 0, 0.9993104934692383, -0.03568393737077713, 0.010257991030812263, 0.03664177656173706, 0.9031942486763, -0.4276654124259949, 0.005995826330035925, 0.4277462661266327, 0.903878927230835),
            ["LeftUpperLeg"] = CFrame.new(0, 6.239861249923706e-08, 0, 0.9994468688964844, -0.03210848569869995, -0.008663872256875038, 0.024914640933275223, 0.8954520225524902, -0.44446030259132385, 0.022029029205441475, 0.4439985752105713, 0.8957566618919373),
            ["RightLowerLeg"] = CFrame.new(1.6065314412117004e-08, 4.172325134277344e-07, -4.241155693307519e-08, 1, -1.7997808754444122e-07, -4.889443516731262e-08, 1.5855766832828522e-07, 0.6751517057418823, 0.7376787066459656, -9.857467375695705e-08, -0.7376789450645447, 0.6751519441604614),
            ["RightFoot"] = CFrame.new(-2.011847755056806e-08, 3.5762786865234375e-07, -1.7978891264647245e-08, 0.999998927116394, -0.001361893955618143, -0.0006746351136825979, 0.0010104741668328643, 0.9273382425308228, -0.3742227852344513, 0.0011352665023878217, 0.3742217719554901, 0.9273386597633362),
            ["LeftLowerLeg"] = CFrame.new(-1.9295839592814445e-08, -5.960464477539063e-08, -1.3317912817001343e-07, 1, 2.381566446274519e-07, 6.881600711494684e-08, -2.1033338271081448e-07, 0.6621798872947693, 0.7493448853492737, 1.3236422091722488e-07, -0.7493449449539185, 0.6621798872947693),
        }},
        {Time = 0.100, Data = {
            ["LeftFoot"] = CFrame.new(-4.831235855817795e-09, 0, 3.725290298461914e-08, 0.9999966025352478, 0.0023452145978808403, 0.0011589141795411706, -0.0019649923779070377, 0.9658692479133606, -0.25902286171913147, -0.0017268237425014377, 0.2590195834636688, 0.9658706188201904),
            ["LeftLowerArm"] = CFrame.new(1.1920928955078125e-07, 0, -2.2351741790771484e-07, 1, -7.450581307466564e-08, 1.4901159417490817e-08, 8.195639367158947e-08, 0.3545800447463989, -0.9350256323814392, 1.0430814256778831e-07, 0.935025691986084, 0.3545800745487213),
            ["LowerTorso"] = CFrame.new(-0.06081410497426987, -0.1124277114868164, 0, 0.998773992061615, 0.049504589289426804, 0, -0.049504589289426804, 0.998773992061615, 0, 0, 0, 1),
            ["Head"] = CFrame.new(5.820766091346741e-09, 3.5762786865234375e-07, 2.3865140974521637e-09, 0.9996384382247925, -0.004083660431206226, 0.026576893404126167, 0.004192085471004248, 0.9999831318855286, -0.004025248344987631, -0.026560001075267792, 0.004135204013437033, 0.9996386766433716),
            ["RightUpperArm"] = CFrame.new(0.0014772415161132812, -0.000003814697265625, 0.000011165626347064972, 0.8002014756202698, -0.11306826770305634, -0.5889766216278076, -0.04309127479791641, 0.9686892032623291, -0.24450843036174774, 0.5981813073158264, 0.2210356742143631, 0.7702741622924805),
            ["UpperTorso"] = CFrame.new(7.450580596923828e-09, 2.086162567138672e-07, 0, 0.998615026473999, -0.045316800475120544, -0.026732148602604866, 0.04540802910923958, 0.9989645481109619, 0.00281524914316833, 0.026576891541481018, -0.004025203175842762, 0.9996386766433716),
            ["HumanoidRootPart"] = CFrame.new(0, 0, 0, 1, 0, 0, 0, 1, 0, 0, 0, 1),
            ["RightHand"] = CFrame.new(1.4901161193847656e-08, 5.960464477539063e-08, -1.1874362826347351e-07, 0.9788568615913391, 0.16176480054855347, 0.12518566846847534, -0.16900059580802917, 0.9843748211860657, 0.04944878816604614, -0.1152305081486702, -0.06955971568822861, 0.9909003376960754),
            ["LeftUpperArm"] = CFrame.new(-0.0011156797409057617, -0.0000045299530029296875, 0.000011171214282512665, 0.7482020258903503, 0.37106460332870483, -0.5500045418739319, -0.23428969085216522, 0.9233406186103821, 0.30422118306159973, 0.6207270622253418, -0.09875848889350891, 0.7777818441390991),
            ["RightLowerArm"] = CFrame.new(5.960464477539063e-08, 1.1920928955078125e-07, 2.9802322387695312e-08, 1, -9.126962652317161e-08, 5.8673322200775146e-08, 7.823110337312755e-08, 0.29460710287094116, -0.9556185007095337, 1.3597311010471458e-07, 0.9556185007095337, 0.2946070730686188),
            ["LeftHand"] = CFrame.new(-1.1920928955078125e-07, -5.960464477539063e-08, 0, 0.9744097590446472, -0.20749324560165405, -0.0864420086145401, 0.21264299750328064, 0.9755651950836182, 0.05527716875076294, 0.07286019623279572, -0.07224387675523758, 0.9947221875190735),
            ["RightUpperLeg"] = CFrame.new(0, 1.3597309589385986e-07, 0, 0.9966802597045898, -0.07995147258043289, 0.015369255095720291, 0.07900578528642654, 0.9042068123817444, -0.4197239875793457, 0.019660567864775658, 0.4195447862148285, 0.907521665096283),
            ["LeftUpperLeg"] = CFrame.new(0, 8.940696716308594e-08, 0, 0.9981023669242859, -0.06128537654876709, -0.005995010957121849, 0.05326501652598381, 0.9081098437309265, -0.4153306782245636, 0.030897822231054306, 0.41422319412231445, 0.9096507430076599),
            ["RightLowerLeg"] = CFrame.new(5.3085386753082275e-08, 3.5762786865234375e-07, 1.356966095045209e-08, 1, 4.0512535548486994e-08, 4.190951585769653e-08, -6.332993507385254e-08, 0.6887345314025879, 0.7250135540962219, -4.190951585769653e-09, -0.7250136733055115, 0.6887345910072327),
            ["RightFoot"] = CFrame.new(-4.2738975025713444e-08, 3.5762786865234375e-07, 5.311449058353901e-10, 0.9999856948852539, 0.004792846739292145, 0.0023748143576085567, -0.0036236741580069065, 0.9335924386978149, -0.35831838846206665, -0.003934471867978573, 0.35830479860305786, 0.9335964918136597),
            ["LeftLowerLeg"] = CFrame.new(-2.0954757928848267e-08, 0, -3.259629011154175e-08, 1, 2.325978414319252e-07, 6.111804395914078e-08, -2.100132405757904e-07, 0.7113234996795654, 0.7028648257255554, 1.2130476534366608e-07, -0.7028647661209106, 0.7113234996795654),
        }},
        {Time = 0.133, Data = {
            ["LeftFoot"] = CFrame.new(-2.6833731681108475e-08, 1.7881393432617188e-07, 7.450580596923828e-09, 0.9998998641967773, 0.012690860778093338, 0.006272021681070328, -0.01027392316609621, 0.9553742408752441, -0.295219749212265, -0.00973871722817421, 0.2951257526874542, 0.9554088115692139),
            ["LeftLowerArm"] = CFrame.new(0, 3.5762786865234375e-07, -2.9802322387695312e-08, 1, -3.725290298461914e-08, -2.9802322387695312e-08, 4.4703490686970326e-08, 0.27296027541160583, -0.9620252847671509, 9.685756197086448e-08, 0.9620253443717957, 0.2729603350162506),
            ["LowerTorso"] = CFrame.new(-0.11531324684619904, -0.07784175872802734, 0, 0.9969865679740906, 0.07757556438446045, 0, -0.07757556438446045, 0.9969865679740906, 0, 0, 0, 1),
            ["Head"] = CFrame.new(5.820766091346741e-09, 2.384185791015625e-07, -1.6298145055770874e-09, 0.9991113543510437, -0.009660394862294197, 0.041028473526239395, 0.009962055832147598, 0.9999247789382935, -0.007154360413551331, -0.040956269949674606, 0.007556728553026915, 0.9991324543952942),
            ["RightUpperArm"] = CFrame.new(0.0015665292739868164, -0.00000858306884765625, 0.00001734122633934021, 0.7984911799430847, -0.30249831080436707, -0.5204870700836182, 0.005092154256999493, 0.8679497838020325, -0.49662595987319946, 0.6019850969314575, 0.39390093088150024, 0.6945905089378357),
            ["UpperTorso"] = CFrame.new(0, -1.4901161193847656e-07, 0, 0.9968498349189758, -0.06763768941164017, -0.04141907021403313, 0.06787533313035965, 0.9976842999458313, 0.004356707446277142, 0.0410284698009491, -0.007154315244406462, 0.9991324543952942),
            ["HumanoidRootPart"] = CFrame.new(0, 0, 0, 1, 0, 0, 0, 1, 0, 0, 0, 1),
            ["RightHand"] = CFrame.new(-1.4854595065116882e-07, 1.1920928955078125e-07, -2.5331974029541016e-07, 0.9768101572990417, 0.1869315207004547, 0.10439703613519669, -0.18825648725032806, 0.9821156859397888, 0.0028972700238227844, -0.10198839008808136, -0.022483527660369873, 0.994531512260437),
            ["LeftUpperArm"] = CFrame.new(-0.0010262727737426758, -0.000008940696716308594, 0.000017333775758743286, 0.8474977612495422, 0.299942284822464, -0.4379294216632843, -0.28082945942878723, 0.9534818530082703, 0.1095774918794632, 0.4504246711730957, 0.03011680394411087, 0.8923063278198242),
            ["RightLowerArm"] = CFrame.new(-5.960464477539063e-08, 0, 4.0978193283081055e-08, 1, -3.734021802870302e-08, 1.816079198135867e-08, 6.414484232664108e-08, 0.2745145857334137, -0.9615829586982727, 1.3795215636491776e-07, 0.9615830183029175, 0.2745145857334137),
            ["LeftHand"] = CFrame.new(-2.980232238769531e-07, 5.960464477539063e-08, -3.8743019104003906e-07, 0.9771003723144531, -0.16791284084320068, -0.13069145381450653, 0.17913246154785156, 0.9806188344955444, 0.0793619379401207, 0.11483271420001984, -0.10095571726560593, 0.9882416725158691),
            ["RightUpperLeg"] = CFrame.new(-2.9802322387695312e-08, -2.9802322387695312e-08, 0, 0.9899990558624268, -0.14053571224212646, 0.012311143800616264, 0.1336653232574463, 0.9065218567848206, -0.4004395306110382, 0.045115724205970764, 0.3980802297592163, 0.9162404537200928),
            ["LeftUpperLeg"] = CFrame.new(0, -1.4156103134155273e-07, 0, 0.9956534504890442, -0.0916052907705307, 0.016817785799503326, 0.09080979228019714, 0.9147169589996338, -0.39375945925712585, 0.020686933770775795, 0.39357510209083557, 0.919059693813324),
            ["RightLowerLeg"] = CFrame.new(4.6566128730773926e-09, 2.980232238769531e-07, 5.9437297750264406e-08, 1, 4.284084198502569e-08, 4.0978193283081055e-08, -6.891787052154541e-08, 0.722038984298706, 0.6918522119522095, 3.725290298461914e-09, -0.6918524503707886, 0.7220392227172852),
            ["RightFoot"] = CFrame.new(-5.9371814131736755e-09, 2.384185791015625e-07, -6.686605047434568e-09, 0.9997066855430603, 0.02170298434793949, 0.01075286976993084, -0.017092907801270485, 0.9467089176177979, -0.3216366767883301, -0.01716030389070511, 0.32135865092277527, 0.9468021988868713),
            ["LeftLowerLeg"] = CFrame.new(6.984919309616089e-08, 5.960464477539063e-08, 2.514570951461792e-08, 1, 2.3003670435173262e-07, 6.33299421792799e-08, -2.142042205832695e-07, 0.7320327162742615, 0.6812694668769836, 1.0943041672817344e-07, -0.6812694072723389, 0.7320327162742615),
        }},
        {Time = 0.167, Data = {
            ["LeftFoot"] = CFrame.new(-2.56704879575409e-08, 5.960464477539063e-08, 1.4668330550193787e-08, 0.9997463822364807, 0.02018829621374607, 0.00997773464769125, -0.01469428464770317, 0.9205732345581055, -0.39029353857040405, -0.017064597457647324, 0.39004796743392944, 0.9206364154815674),
            ["LeftLowerArm"] = CFrame.new(2.9802322387695312e-08, -2.384185791015625e-07, 0, 1, -9.965152969471092e-08, 5.215405707303944e-08, 5.960464477539063e-08, 0.11031491309404373, -0.9938966631889343, 4.470348358154297e-08, 0.9938967823982239, 0.11031488329172134),
            ["LowerTorso"] = CFrame.new(-0.19142583012580872, -0.02810502052307129, 7.357447984190912e-13, 0.9944826364517212, 0.10490141808986664, 1.4094431399769292e-08, -0.10490141808986664, 0.9944826364517212, -7.41307903950883e-10, -1.4094431399769292e-08, -7.41307903950883e-10, 1),
            ["Head"] = CFrame.new(-4.249159246683121e-09, -2.384185791015625e-07, -1.862645149230957e-09, 0.9983401298522949, -0.01885611191391945, 0.0544189028441906, 0.019489601254463196, 0.999748170375824, -0.011133833788335323, -0.05419525131583214, 0.01217595674097538, 0.9984561800956726),
            ["RightUpperArm"] = CFrame.new(0.001638650894165039, -0.000014901161193847656, 0.000025510787963867188, 0.8034437894821167, -0.4568668603897095, -0.3817732036113739, 0.05101994797587395, 0.6916986703872681, -0.7203817963600159, 0.593190610408783, 0.5593082308769226, 0.5790503025054932),
            ["UpperTorso"] = CFrame.new(2.9802322387695312e-08, -1.1920928955078125e-07, 2.498001805406602e-16, 0.9948099851608276, -0.08549292385578156, -0.055173516273498535, 0.08597522228956223, 0.9962765574455261, 0.006423572544008493, 0.05441891402006149, -0.011133790016174316, 0.9984561204910278),
            ["HumanoidRootPart"] = CFrame.new(0, 0, 0, 1, 0, 0, 0, 1, 0, 0, 0, 1),
            ["RightHand"] = CFrame.new(4.470348358154297e-08, -1.1920928955078125e-07, -1.1920928955078125e-07, 0.9736285209655762, 0.22331175208091736, 0.04668336734175682, -0.21643292903900146, 0.9688308238983154, -0.12051424384117126, -0.07214058935642242, 0.10723219066858292, 0.9916133880615234),
            ["LeftUpperArm"] = CFrame.new(-0.0009542703628540039, -0.000015020370483398438, 0.00002551823854446411, 0.9349945187568665, 0.21480850875377655, -0.2822102904319763, -0.2452344298362732, 0.9664096832275391, -0.07689224183559418, 0.2562136650085449, 0.14110150933265686, 0.9562661051750183),
            ["RightLowerArm"] = CFrame.new(1.7881393432617188e-07, 0, 1.4901161193847656e-08, 1, -2.0489098417897367e-08, -3.725290298461914e-08, -4.842877388000488e-08, 0.3058474063873291, -0.9520806074142456, 4.6566128730773926e-08, 0.9520806074142456, 0.30584731698036194),
            ["LeftHand"] = CFrame.new(2.086162567138672e-07, -1.1920928955078125e-07, 3.0919909477233887e-07, 0.9706069827079773, -0.11431510746479034, -0.21178849041461945, 0.12729525566101074, 0.9906706809997559, 0.04865708574652672, 0.20425039529800415, -0.0741865336894989, 0.976103663444519),
            ["RightUpperLeg"] = CFrame.new(0, -5.215398957147954e-08, -7.275957614183426e-12, 0.976874589920044, -0.2136801928281784, -0.00753509346395731, 0.1965269297361374, 0.9112215638160706, -0.3620118796825409, 0.08422090858221054, 0.3521592617034912, 0.9321430325508118),
            ["LeftUpperLeg"] = CFrame.new(-5.960464477539063e-08, -2.2351741790771484e-08, -4.440892098500626e-16, 0.9921126961708069, -0.1165216863155365, 0.04620926454663277, 0.12495219707489014, 0.8899703025817871, -0.4385657012462616, 0.00997754093259573, 0.4408804476261139, 0.8975104689598083),
            ["RightLowerLeg"] = CFrame.new(4.6566128730773926e-08, 2.980232238769531e-07, -4.85961209051311e-08, 1, 8.009374852235851e-08, 2.7939680791178034e-08, -8.940696716308594e-08, 0.7859790921211243, 0.6182528734207153, 1.862645149230957e-08, -0.6182531714439392, 0.7859793305397034),
            ["RightFoot"] = CFrame.new(1.9907020032405853e-08, 2.384185791015625e-07, 7.639755494892597e-10, 0.9982882142066956, 0.05240808427333832, 0.025965753942728043, -0.044293563812971115, 0.9673526287078857, -0.24953371286392212, -0.03819561004638672, 0.24795664846897125, 0.9680179357528687),
            ["LeftLowerLeg"] = CFrame.new(1.441221684217453e-07, -5.960464477539063e-08, 2.1442247088998556e-08, 1, 4.6310009338412783e-07, 1.5832483768463135e-07, -4.214235218569229e-07, 0.6542730927467346, 0.7562583684921265, 2.459783274844085e-07, -0.7562583088874817, 0.6542731523513794),
        }},
        {Time = 0.200, Data = {
            ["LeftFoot"] = CFrame.new(4.378671292215586e-08, 0, 3.259629011154175e-09, 0.999947726726532, 0.00917084701359272, 0.004532415885478258, -0.006430603098124266, 0.908098042011261, -0.41870832443237305, -0.007955782115459442, 0.4186573028564453, 0.9081094861030579),
            ["LeftLowerArm"] = CFrame.new(8.940696716308594e-08, 4.172325134277344e-07, -5.960464477539063e-08, 1, -1.862645149230957e-07, -3.725290298461914e-09, -1.862645149230957e-08, -0.12100778520107269, -0.992651641368866, 1.7136335372924805e-07, 0.992651641368866, -0.1210077553987503),
            ["LowerTorso"] = CFrame.new(-0.29034990072250366, 0.03680229187011719, 8.998357614586894e-13, 0.9917464852333069, 0.12821441888809204, 1.4083503252493301e-08, -0.12821441888809204, 0.9917464852333069, -9.065953543441196e-10, -1.4083503252493301e-08, -9.065953543441196e-10, 1),
            ["Head"] = CFrame.new(-2.60770320892334e-08, 2.384185791015625e-07, 0, 0.9968567490577698, -0.04505373165011406, 0.06516748666763306, 0.04615367576479912, 0.9988145232200623, -0.015472106635570526, -0.06439316272735596, 0.01843119226396084, 0.9977543950080872),
            ["RightUpperArm"] = CFrame.new(0.0016274452209472656, -0.000014424324035644531, 0.00003983825445175171, 0.8698714375495911, -0.422841340303421, -0.2540256381034851, 0.03340008109807968, 0.5642808675765991, -0.8249070048332214, 0.4921466112136841, 0.7090785503387451, 0.5049747228622437),
            ["UpperTorso"] = CFrame.new(-5.960464477539063e-08, 2.086162567138672e-07, -6.38378239159465e-16, 0.9944056868553162, -0.0822896882891655, -0.0662248432636261, 0.08312951773405075, 0.9964884519577026, 0.010022894479334354, 0.06516750901937485, -0.015472065657377243, 0.9977543950080872),
            ["HumanoidRootPart"] = CFrame.new(0, 0, 0, 1, 0, 0, 0, 1, 0, 0, 0, 1),
            ["RightHand"] = CFrame.new(2.9802322387695312e-08, 1.1920928955078125e-07, 5.960464477539063e-08, 0.9633651375770569, 0.2667160928249359, 0.02810942381620407, -0.2628960907459259, 0.9598645567893982, -0.09770306944847107, -0.053040191531181335, 0.08673391491174698, 0.9948185682296753),
            ["LeftUpperArm"] = CFrame.new(-0.0009655952453613281, -0.000014066696166992188, 0.00003984197974205017, 0.9926202893257141, 0.08672390133142471, -0.08475900441408157, -0.10710915923118591, 0.9547380805015564, -0.27749401330947876, 0.05685729160904884, 0.28452467918395996, 0.9569811820983887),
            ["RightLowerArm"] = CFrame.new(5.960464477539063e-08, 5.960464477539063e-08, -1.4156103134155273e-07, 1, -1.234002411365509e-08, -1.210719524635806e-08, -2.898741513490677e-08, 0.10585346817970276, -0.9943817257881165, 6.216578185558319e-08, 0.9943817853927612, 0.10585343837738037),
            ["LeftHand"] = CFrame.new(1.341104507446289e-07, 1.1920928955078125e-07, -2.384185791015625e-07, 0.944158136844635, -0.11937656253576279, -0.3071068525314331, 0.1107114851474762, 0.9928082227706909, -0.04555048048496246, 0.3103359043598175, 0.009006569162011147, 0.9505844116210938),
            ["RightUpperLeg"] = CFrame.new(-2.9802322387695312e-08, 8.00938337874868e-08, 0, 0.955909252166748, -0.2901064157485962, -0.04556146264076233, 0.2637276351451874, 0.9163174033164978, -0.30134743452072144, 0.12917158007621765, 0.2760448753833771, 0.9524252414703369),
            ["LeftUpperLeg"] = CFrame.new(-1.1920928955078125e-07, 1.4901161193847656e-08, -1.1102230246251565e-15, 0.9900307655334473, -0.13434924185276031, 0.042301151901483536, 0.1375584602355957, 0.8576913475990295, -0.4954223334789276, 0.030278285965323448, 0.49630221724510193, 0.867621660232544),
            ["RightLowerLeg"] = CFrame.new(3.166496753692627e-08, 1.7881393432617188e-07, 9.145878721028566e-09, 1, 1.005828522693264e-07, 5.960464477539063e-08, -1.2293457984924316e-07, 0.8551657795906067, 0.5183544158935547, -2.9802322387695312e-08, -0.5183546543121338, 0.8551658987998962),
            ["RightFoot"] = CFrame.new(-3.1315721571445465e-08, 2.980232238769531e-07, 1.1939846444875002e-08, 0.9947649836540222, 0.09156682342290878, 0.045366834849119186, -0.08450203388929367, 0.9867253303527832, -0.13868172466754913, -0.05746324360370636, 0.1341223418712616, 0.9892973303794861),
            ["LeftLowerLeg"] = CFrame.new(1.4528632164001465e-07, -5.960464477539063e-08, 7.636845111846924e-08, 1, 2.4400651454925537e-07, 7.962808012962341e-08, -2.0861628513557662e-07, 0.5652903914451599, 0.8248920440673828, 1.5692786803356285e-07, -0.8248920440673828, 0.5652903914451599),
        }},
        {Time = 0.233, Data = {
            ["LeftFoot"] = CFrame.new(-7.060589268803596e-08, -1.1920928955078125e-07, -1.5832483768463135e-08, 0.9998530149459839, -0.015371279790997505, -0.0075969877652823925, 0.010979401879012585, 0.9142928123474121, -0.40490517020225525, 0.013169780373573303, 0.40476226806640625, 0.9143272638320923),
            ["LeftLowerArm"] = CFrame.new(8.940696716308594e-08, -4.76837158203125e-07, -9.837094694375992e-08, 1, -7.81146738404459e-08, 1.9813884932773362e-07, 1.6577541828155518e-07, -0.30474698543548584, -0.9524333477020264, 1.3486715033650398e-07, 0.9524333477020264, -0.3047470152378082),
            ["LowerTorso"] = CFrame.new(-0.40727704763412476, 0.10756444931030273, 1.0302869668521453e-12, 0.9891802668571472, 0.1467052698135376, 1.407409033760132e-08, -0.1467052698135376, 0.9891802668571472, -1.037986918639433e-09, -1.407409033760132e-08, -1.037986918639433e-09, 1),
            ["Head"] = CFrame.new(1.0617077350616455e-07, 1.1920928955078125e-07, 0, 0.992920994758606, -0.09278706461191177, 0.07415184378623962, 0.09446889907121658, 0.9953369498252869, -0.019497282803058624, -0.07199696451425552, 0.02636430412530899, 0.9970564246177673),
            ["RightUpperArm"] = CFrame.new(0.0015110969543457031, -0.0000059604644775390625, 0.00006182119250297546, 0.9792745113372803, -0.1942303329706192, -0.057410746812820435, 0.0421631783246994, 0.4727461636066437, -0.8801892995834351, 0.1981002390384674, 0.8595263361930847, 0.4711376428604126),
            ["UpperTorso"] = CFrame.new(-2.9802322387695312e-08, 5.960464477539063e-08, -5.551115123125783e-16, 0.9957901835441589, -0.052574411034584045, -0.07508576661348343, 0.05388360470533371, 0.9984266757965088, 0.015516671352088451, 0.07415185123682022, -0.019497239962220192, 0.9970563650131226),
            ["HumanoidRootPart"] = CFrame.new(0, 0, 0, 1, 0, 0, 0, 1, 0, 0, 0, 1),
            ["RightHand"] = CFrame.new(-1.1920928955078125e-07, 2.980232238769531e-07, -1.4901161193847656e-07, 0.9570088386535645, 0.26572301983833313, 0.1162988618016243, -0.2733311653137207, 0.960347592830658, 0.05497802048921585, -0.09707845747470856, -0.08440248668193817, 0.9916914701461792),
            ["LeftUpperArm"] = CFrame.new(-0.0010820627212524414, -0.000006079673767089844, 0.000061817467212677, 0.9927492737770081, -0.045256130397319794, 0.11135903000831604, 0.09937242418527603, 0.8302350640296936, -0.5484840869903564, -0.06763190776109695, 0.5555732250213623, 0.8287124633789062),
            ["RightLowerArm"] = CFrame.new(5.960464477539063e-08, 1.1920928955078125e-07, 4.470348358154297e-08, 1, -1.1920928955078125e-07, 4.936009645462036e-08, -9.313225746154785e-09, -0.20528070628643036, -0.9787032008171082, 8.568167686462402e-08, 0.9787032008171082, -0.20528069138526917),
            ["LeftHand"] = CFrame.new(-1.4435499906539917e-08, -6.556510925292969e-07, 1.1920928955078125e-07, 0.9206860661506653, -0.17325131595134735, -0.3497444689273834, 0.1433485448360443, 0.9835556745529175, -0.10986103117465973, 0.3630267083644867, 0.05101220682263374, 0.9303812980651855),
            ["RightUpperLeg"] = CFrame.new(0, 1.3038619961491804e-08, 0, 0.9309893250465393, -0.354824960231781, -0.08577986806631088, 0.32739806175231934, 0.9155270457267761, -0.23371131718158722, 0.16146036982536316, 0.1894984394311905, 0.9685148596763611),
            ["LeftUpperLeg"] = CFrame.new(0, -1.7881393432617188e-07, 0, 0.9888778328895569, -0.14815747737884521, 0.013041567988693714, 0.1326843649148941, 0.8391755819320679, -0.5274270176887512, 0.06719808280467987, 0.5232912302017212, 0.8495003581047058),
            ["RightLowerLeg"] = CFrame.new(-4.470348358154297e-08, 1.7881393432617188e-07, 4.267349140718579e-08, 1, 9.685756197086448e-08, 4.470348358154297e-08, -1.1175872316471214e-07, 0.8999969363212585, 0.435896098613739, 0, -0.4358963668346405, 0.8999969959259033),
            ["RightFoot"] = CFrame.new(-1.1175870895385742e-08, 3.5762786865234375e-07, -5.75528247281909e-09, 0.9903070330619812, 0.12445826083421707, 0.06166306138038635, -0.12425732612609863, 0.9922247529029846, -0.007096617016941309, -0.062066834419965744, -0.0006340921972878277, 0.9980719089508057),
            ["LeftLowerLeg"] = CFrame.new(5.587935447692871e-09, -5.960464477539063e-08, -7.450580596923828e-09, 1, 7.916241884231567e-08, 3.3527616238870905e-08, -6.705523247774181e-08, 0.5235646367073059, 0.8519859910011292, 4.936010356004772e-08, -0.8519859910011292, 0.5235646963119507),
        }},
        {Time = 0.267, Data = {
            ["LeftFoot"] = CFrame.new(2.782326191663742e-08, 0, 4.842877388000488e-08, 0.9991841912269592, -0.03620562329888344, -0.017893796786665916, 0.026611339300870895, 0.9235155582427979, -0.3826369643211365, 0.030378805473446846, 0.38184866309165955, 0.9237255454063416),
            ["LeftLowerArm"] = CFrame.new(1.1920928955078125e-07, -2.384185791015625e-07, -2.5331974029541016e-07, 1, -2.4889595806598663e-07, 5.727633833885193e-08, -4.190951585769653e-08, -0.37328946590423584, -0.9277149438858032, 2.48197466135025e-07, 0.927715003490448, -0.37328943610191345),
            ["LowerTorso"] = CFrame.new(-0.5358971357345581, 0.1725316047668457, 1.1255441023649837e-12, 0.9870887994766235, 0.16017411649227142, 1.4067091491654082e-08, -0.16017411649227142, 0.9870887994766235, -1.1339120753461884e-09, -1.4067091491654082e-08, -1.1339120753461884e-09, 1),
            ["Head"] = CFrame.new(1.932494342327118e-08, -1.1920928955078125e-07, 0, 0.9852957129478455, -0.14952826499938965, 0.08266650885343552, 0.15189440548419952, 0.9881272315979004, -0.02308014966547489, -0.07823389768600464, 0.03529735282063484, 0.9963099956512451),
            ["RightUpperArm"] = CFrame.new(0.0013371706008911133, -0.0000011920928955078125, 0.00008880719542503357, 0.9782707095146179, 0.058354053646326065, 0.1989506483078003, 0.1515379250049591, 0.45365840196609497, -0.8781972527503967, -0.1415020078420639, 0.8892631530761719, 0.4349578619003296),
            ["UpperTorso"] = CFrame.new(-8.940696716308594e-08, 8.940696716308594e-08, -4.163336342344337e-16, 0.9965248703956604, -0.008339137770235538, -0.08287752419710159, 0.010221184231340885, 0.9996988773345947, 0.0223105289041996, 0.08266653120517731, -0.02308010496199131, 0.9963099956512451),
            ["HumanoidRootPart"] = CFrame.new(0, 0, 0, 1, 0, 0, 0, 1, 0, 0, 0, 1),
            ["RightHand"] = CFrame.new(3.213062882423401e-08, 5.960464477539063e-08, -5.21540641784668e-08, 0.9472339153289795, 0.21618695557117462, 0.2366669476032257, -0.23997169733047485, 0.9677656888961792, 0.0764407142996788, -0.21251270174980164, -0.12920060753822327, 0.9685792326927185),
            ["LeftUpperArm"] = CFrame.new(-0.001255631446838379, -0.0000015497207641601562, 0.00008880347013473511, 0.9684278964996338, -0.0689212903380394, 0.2395775467157364, 0.2393319308757782, 0.5259976387023926, -0.8161168694496155, -0.06976941227912903, 0.8476889133453369, 0.5258858799934387),
            ["RightLowerArm"] = CFrame.new(-1.4901161193847656e-07, 1.1920928955078125e-07, 8.568167686462402e-08, 1, -8.847566590475253e-08, 1.637236408669196e-07, 1.1938392674437637e-07, -0.35270801186561584, -0.9357334971427917, 1.4051330765596504e-07, 0.9357335567474365, -0.35270798206329346),
            ["LeftHand"] = CFrame.new(8.847564458847046e-08, -1.1920928955078125e-07, 1.1175870895385742e-07, 0.9143868088722229, -0.1657857596874237, -0.3693397343158722, 0.16730810701847076, 0.9855027198791504, -0.028152892366051674, 0.36865267157554626, -0.03605084493756294, 0.9288678765296936),
            ["RightUpperLeg"] = CFrame.new(-1.1920928955078125e-07, 1.5087437077454524e-07, 0, 0.9106261134147644, -0.397434800863266, -0.11316247284412384, 0.3744541108608246, 0.9094492197036743, -0.18079353868961334, 0.17476916313171387, 0.12226105481386185, 0.9769893288612366),
            ["LeftUpperLeg"] = CFrame.new(0, -7.450580596923828e-08, -2.220446049250313e-16, 0.988420844078064, -0.15164417028427124, -0.005321634467691183, 0.12607358396053314, 0.8402565121650696, -0.5273277759552002, 0.08443772047758102, 0.5205509066581726, 0.8496453762054443),
            ["RightLowerLeg"] = CFrame.new(6.891787052154541e-08, 3.5762786865234375e-07, -4.6733475755900145e-08, 1, 1.1920931797249068e-07, 9.685756197086448e-08, -1.0244550452398471e-07, 0.9175713062286377, 0.3975711464881897, -7.450582373280668e-09, -0.3975713849067688, 0.9175713658332825),
            ["RightFoot"] = CFrame.new(-5.587935447692871e-09, 2.384185791015625e-07, -5.75528247281909e-09, 0.9875428080558777, 0.14099468290805817, 0.06985579431056976, -0.14873045682907104, 0.9813375473022461, 0.12188535928726196, -0.05136692151427269, -0.13075663149356842, 0.9900829792022705),
            ["LeftLowerLeg"] = CFrame.new(5.587935447692871e-08, 5.960464477539063e-08, -5.21540641784668e-08, 1, 7.636845111846924e-08, 2.3283067918100642e-08, -6.05359673500061e-08, 0.5328325629234314, 0.8462207317352295, 5.774199962615967e-08, -0.8462206721305847, 0.5328325629234314),
        }},
        {Time = 0.300, Data = {
            ["LeftFoot"] = CFrame.new(7.246853783726692e-08, -5.960464477539063e-08, 2.7939677238464355e-09, 0.9990506768226624, -0.03905581310391426, -0.019302351400256157, 0.028864845633506775, 0.9252769947052002, -0.3781924247741699, 0.03263062983751297, 0.37727615237236023, 0.9255258440971375),
            ["LeftLowerArm"] = CFrame.new(2.9802322387695312e-08, 1.1920928955078125e-07, -1.7136335372924805e-07, 1, -2.5099143385887146e-07, 1.7508865823856468e-07, 9.220093488693237e-08, -0.2934904098510742, -0.9559621214866638, 2.9301736503839493e-07, 0.9559620022773743, -0.2934904098510742),
