return {
    ["One Time Victory"] = {
        {Time = 0.000, Data = {
            ["RightFoot"] = CFrame.new(-1.2665987014770508e-07, 2.980232238769531e-07, 1.845910446718335e-08, 0.8347189426422119, 0.5364863276481628, 0.12420521676540375, -0.5427039265632629, 0.8396769165992737, 0.020372649654746056, -0.09336324036121368, -0.08441142737865448, 0.9920474886894226),
            ["LeftLowerArm"] = CFrame.new(2.9802322387695312e-08, 1.1920928955078125e-07, 2.2351741790771484e-07, 1, -1.4901157641133977e-08, 8.940692453052179e-08, 1.7881389169360773e-07, 0.3200352191925049, -0.9474056959152222, 1.2665984172599565e-07, 0.9474056959152222, 0.32003501057624817),
            ["RightUpperArm"] = CFrame.new(-5.960464477539063e-08, 2.384185791015625e-07, 3.725290298461914e-09, 0.5126569867134094, -0.10294804722070694, 0.8523992300033569, -0.4124700725078583, 0.8411911129951477, 0.34966591000556946, -0.753028154373169, -0.5308476090431213, 0.38877931237220764),
            ["Head"] = CFrame.new(-1.4901161193847656e-07, 7.152557373046875e-07, -2.9802322387695312e-08, 0.5920649170875549, -0.7893194556236267, 0.1625848263502121, 0.7330315113067627, 0.4436382055282593, -0.5156064033508301, 0.3348492383956909, 0.4244525134563446, 0.8412587642669678),
            ["RightHand"] = CFrame.new(4.5902561396360397e-07, 1.7881393432617188e-07, -5.960464477539063e-08, 0.7324378490447998, 0.40017032623291016, 0.5508161783218384, -0.3367253541946411, 0.9160729050636292, -0.21777638792991638, -0.5917354226112366, -0.025966107845306396, 0.805713951587677),
            ["UpperTorso"] = CFrame.new(2.7939677238464355e-08, 4.172325134277344e-07, 2.2351741790771484e-08, 0.9466569423675537, -0.3207993507385254, -0.030470987781882286, 0.32140010595321655, 0.9331136345863342, 0.16124840080738068, -0.023295370861887932, -0.16244028508663177, 0.9864434003829956),
            ["HumanoidRootPart"] = CFrame.new(0, 0, 0, 1, 0, 0, 0, 1, 0, 0, 0, 1),
            ["RightUpperLeg"] = CFrame.new(-5.960464477539063e-08, 2.1862797439098358e-07, -1.6952981241047382e-09, 0.7731599807739258, -0.4655715823173523, 0.4306583106517792, 0.57098388671875, 0.21542900800704956, -0.7921921610832214, 0.27604570984840393, 0.8583900928497314, 0.4323945939540863),
            ["LeftUpperArm"] = CFrame.new(5.960464477539063e-08, 0, -2.9802322387695312e-08, 0.6554514765739441, 0.15761183202266693, -0.7386080026626587, 0.4737244248390198, 0.6758678555488586, 0.5646134614944458, 0.5881909132003784, -0.7199731469154358, 0.36833417415618896),
            ["RightLowerArm"] = CFrame.new(-8.940696716308594e-08, 1.1920928955078125e-07, -1.6391277313232422e-07, 1, -1.4901159417490817e-08, -7.450583261459087e-09, 5.215407838932151e-08, 0.8792464137077332, -0.47636735439300537, 1.1920931797249068e-07, 0.47636717557907104, 0.8792464137077332),
            ["LeftHand"] = CFrame.new(2.682209014892578e-07, -5.960464477539063e-08, -5.811452865600586e-07, 0.9626961350440979, -0.10541977733373642, -0.24920429289340973, 0.19492387771606445, 0.9089661836624146, 0.3684907853603363, 0.18767258524894714, -0.4033201336860657, 0.8956068754196167),
            ["LeftFoot"] = CFrame.new(-5.960464477539063e-08, 1.1920928955078125e-07, -7.450580596923828e-09, 0.7040705680847168, -0.710100531578064, 0.006505185272544622, 0.710098922252655, 0.704095721244812, 0.002921490231528878, -0.006654729600995779, 0.0025623554829508066, 0.9999746680259705),
            ["LowerTorso"] = CFrame.new(0.3076988458633423, -0.6497727632522583, -0.0570533312857151, 0.8920858502388, 0.1182146668434143, -0.4361286759376526, -0.1158905029296875, 0.9927452802658081, 0.032038163393735886, 0.43675199151039124, 0.021962378174066544, 0.8993139266967773),
            ["RightLowerLeg"] = CFrame.new(3.725290298461914e-07, -0.00012242794036865234, -0.00007769295916659757, 1, -8.940696716308594e-08, 2.980232594040899e-08, 1.4901161193847656e-07, 0.4497082829475403, 0.8931753039360046, 0, -0.8931755423545837, 0.44970887899398804),
            ["LeftUpperLeg"] = CFrame.new(5.960464477539063e-08, 2.2584572434425354e-07, 3.725290298461914e-09, 0.7178499102592468, 0.6557741165161133, 0.23377659916877747, -0.6961966156959534, 0.6755090355873108, 0.24289578199386597, 0.0013664904981851578, -0.33711713552474976, 0.9414616823196411),
            ["LeftLowerLeg"] = CFrame.new(-4.470348358154297e-08, 0.00012260675430297852, 0.0000774487853050232, 1, 5.448234574600974e-08, 4.47035120032524e-08, 1.1431984603404999e-07, 0.9999837875366211, 0.005699580535292625, 7.450580596923828e-09, -0.005699582863599062, 0.9999838471412659),
        }},
        {Time = 0.050, Data = {
            ["RightFoot"] = CFrame.new(-7.078051567077637e-08, 4.76837158203125e-07, -8.77116690389812e-08, 0.8848816752433777, 0.46363669633865356, 0.045008063316345215, -0.4569689929485321, 0.882755696773529, -0.10918587446212769, -0.09035421162843704, 0.07604987919330597, 0.9930018782615662),
            ["LeftLowerArm"] = CFrame.new(-2.086162567138672e-07, -1.1920928955078125e-07, -4.153698682785034e-07, 1, -1.937150670983101e-07, 1.4901161193847656e-07, 1.0430811414607888e-07, 0.3283331096172333, -0.9445619583129883, 1.5273688802608376e-07, 0.9445620179176331, 0.3283332884311676),
            ["RightUpperArm"] = CFrame.new(1.1920928955078125e-07, 0, -6.705522537231445e-08, 0.5000436305999756, -0.14248520135879517, 0.8541978597640991, -0.3902110159397125, 0.8434927463531494, 0.3691278100013733, -0.773105263710022, -0.5178977847099304, 0.3661840856075287),
            ["Head"] = CFrame.new(-1.1920928955078125e-07, 4.76837158203125e-07, -4.0978193283081055e-08, 0.5869503617286682, -0.7936563491821289, 0.15999570488929749, 0.7498005032539368, 0.4583095610141754, -0.4772332012653351, 0.305431604385376, 0.40007737278938293, 0.8640890121459961),
            ["RightHand"] = CFrame.new(5.811452865600586e-07, 2.384185791015625e-07, 0, 0.7229177355766296, 0.3943953812122345, 0.56731116771698, -0.32835227251052856, 0.9185405373573303, -0.22015510499477386, -0.607926607131958, -0.02712348662316799, 0.7935299873352051),
            ["UpperTorso"] = CFrame.new(-1.0803341865539551e-07, 6.258487701416016e-07, -5.21540641784668e-08, 0.9456803798675537, -0.3228612244129181, -0.03807026147842407, 0.32477301359176636, 0.9329997301101685, 0.15502923727035522, -0.01453324407339096, -0.15897232294082642, 0.9871761202812195),
            ["HumanoidRootPart"] = CFrame.new(0, 0, 0, 1, 0, 0, 0, 1, 0, 0, 0, 1),
            ["RightUpperLeg"] = CFrame.new(-1.4901161193847656e-07, -2.812594175338745e-07, -6.875052349641919e-08, 0.8328941464424133, -0.47217515110969543, 0.2886830270290375, 0.4894084930419922, 0.38485801219940186, -0.782537043094635, 0.25839248299598694, 0.7930542230606079, 0.5516319274902344),
            ["LeftUpperArm"] = CFrame.new(0, 1.1920928955078125e-07, -1.4901161193847656e-07, 0.6231212615966797, 0.1626282036304474, -0.7650304436683655, 0.48569971323013306, 0.686218798160553, 0.5414791703224182, 0.613038182258606, -0.7089823484420776, 0.34860968589782715),
            ["RightLowerArm"] = CFrame.new(2.384185791015625e-07, 1.7881393432617188e-07, -2.086162567138672e-07, 1, -7.450581307466564e-08, 3.725290298461914e-08, 2.2351738238057806e-08, 0.8600239157676697, -0.5102536678314209, -1.4901159417490817e-08, 0.5102537274360657, 0.8600239753723145),
            ["LeftHand"] = CFrame.new(8.940696716308594e-08, 0, -6.705522537231445e-07, 0.9687557220458984, -0.05423206835985184, -0.2420150190591812, 0.13628707826137543, 0.9316722750663757, 0.3367679715156555, 0.20721524953842163, -0.359229177236557, 0.9099539518356323),
            ["LeftFoot"] = CFrame.new(1.0803341865539551e-07, 0, 0, 0.7502755522727966, -0.6587849855422974, 0.05557916685938835, 0.6305829286575317, 0.7383381724357605, 0.23921111226081848, -0.19862481951713562, -0.14442703127861023, 0.9693755507469177),
            ["LowerTorso"] = CFrame.new(0.39373865723609924, -0.5090075731277466, -0.08967111259698868, 0.9362987875938416, 0.08453468978404999, -0.3408789038658142, -0.08577526360750198, 0.9962486624717712, 0.011459454894065857, 0.340568870306015, 0.018509503453969955, 0.9400373697280884),
            ["RightLowerLeg"] = CFrame.new(1.341104507446289e-07, -0.00012248754501342773, -0.00007738376007182524, 1, -2.5331974029541016e-07, -2.6077040971017595e-08, 3.1292435664909135e-07, 0.37847083806991577, 0.9256129860877991, -3.166496398421259e-08, -0.925613284111023, 0.37847161293029785),
            ["LeftUpperLeg"] = CFrame.new(-1.1920928955078125e-07, -2.1513551473617554e-07, -1.1175870895385742e-08, 0.6980078816413879, 0.6909084916114807, 0.188229039311409, -0.7160825729370117, 0.6722438931465149, 0.18792109191417694, 0.0033003962598741055, -0.2659578323364258, 0.9639790654182434),
            ["LeftLowerLeg"] = CFrame.new(9.685754776000977e-08, 0.00012254714965820312, 0.00007743760943412781, 1, -5.5995737824332537e-08, 3.725289943190546e-08, -4.0628936659459214e-08, 0.9999849796295166, 0.005480569321662188, 7.450578820566989e-09, -0.0054805949330329895, 0.9999849796295166),
        }},
        {Time = 0.100, Data = {
            ["RightFoot"] = CFrame.new(7.450580596923828e-08, 3.5762786865234375e-07, 6.875052349641919e-08, 0.8998381495475769, 0.4350692629814148, -0.03172183409333229, -0.4353637099266052, 0.8911208510398865, -0.12791351974010468, -0.02738380804657936, 0.128912553191185, 0.9912779927253723),
            ["LeftLowerArm"] = CFrame.new(1.7881393432617188e-07, 1.7881393432617188e-07, -2.5704503059387207e-07, 1, -7.450579886381092e-08, 5.960463766996327e-08, 9.313225746154785e-08, 0.3571644127368927, -0.9340416193008423, 1.1734664440155029e-07, 0.9340416193008423, 0.35716432332992554),
            ["RightUpperArm"] = CFrame.new(0, 0, -2.9802322387695312e-08, 0.4964855909347534, -0.16396614909172058, 0.8524183034896851, -0.376495897769928, 0.8441470265388489, 0.38166317343711853, -0.7821463346481323, -0.5104222893714905, 0.35737428069114685),
            ["Head"] = CFrame.new(-1.4901161193847656e-07, 5.960464477539062e-07, -7.82310962677002e-08, 0.5720751881599426, -0.8080824613571167, 0.14047285914421082, 0.7785225510597229, 0.48108136653900146, -0.4030674695968628, 0.2581329047679901, 0.3399465084075928, 0.9043251276016235),
            ["RightHand"] = CFrame.new(5.21540641784668e-07, 2.980232238769531e-07, -1.6391277313232422e-07, 0.7234013080596924, 0.37633273005485535, 0.5788469910621643, -0.2888030409812927, 0.9264546036720276, -0.24140159785747528, -0.627123236656189, 0.007458226755261421, 0.7788848280906677),
            ["UpperTorso"] = CFrame.new(7.078051567077637e-08, 1.1920928955078125e-07, -1.862645149230957e-09, 0.9483792781829834, -0.3147742450237274, -0.0386529378592968, 0.3169786036014557, 0.9369639754295349, 0.14704817533493042, -0.010070397518575191, -0.15170961618423462, 0.988373875617981),
            ["HumanoidRootPart"] = CFrame.new(0, 0, 0, 1, 0, 0, 0, 1, 0, 0, 0, 1),
            ["RightUpperLeg"] = CFrame.new(0, 5.977926775813103e-08, -1.939042704179883e-08, 0.8728576302528381, -0.46951842308044434, 0.13293597102165222, 0.4279264509677887, 0.6055701971054077, -0.6709427833557129, 0.23451796174049377, 0.6425240635871887, 0.729495644569397),
            ["LeftUpperArm"] = CFrame.new(0, -4.76837158203125e-07, -1.1920928955078125e-07, 0.5925747156143188, 0.16181518137454987, -0.7890949845314026, 0.494313508272171, 0.7004249691963196, 0.5148389339447021, 0.636010468006134, -0.6951407790184021, 0.3350672721862793),
            ["RightLowerArm"] = CFrame.new(0, -3.5762786865234375e-07, -1.0058283805847168e-07, 1, -1.0430811414607888e-07, -1.4901161193847656e-08, 1.4901157641133977e-08, 0.8553040027618408, -0.5181269645690918, 4.470347292340193e-08, 0.5181266069412231, 0.8553037643432617),
            ["LeftHand"] = CFrame.new(2.086162567138672e-07, 1.7881393432617188e-07, -5.662441253662109e-07, 0.9666577577590942, 0.008727931417524815, -0.2559230923652649, 0.06852889060974121, 0.9541482329368591, 0.2913849949836731, 0.24673199653625488, -0.2992074489593506, 0.9217365384101868),
            ["LeftFoot"] = CFrame.new(1.2945383787155151e-07, 5.960464477539063e-08, 2.7939677238464355e-09, 0.8149629235267639, -0.5788337588310242, 0.028056249022483826, 0.5489680171012878, 0.7866124510765076, 0.2826217710971832, -0.18566028773784637, -0.21492433547973633, 0.9588210582733154),
            ["LowerTorso"] = CFrame.new(0.4015200734138489, -0.333126425743103, -0.13558784127235413, 0.9695932269096375, 0.05862976238131523, -0.23759548366069794, -0.06198536977171898, 0.9980548024177551, -0.00667049502953887, 0.23674222826957703, 0.02119510807096958, 0.9713413119316101),
            ["RightLowerLeg"] = CFrame.new(-2.9802322387695312e-08, -0.00012236833572387695, -0.00007760355219943449, 1, -1.4901159772762185e-07, -1.4901161193847656e-08, 2.086162567138672e-07, 0.49866339564323425, 0.8667954206466675, 2.9802322387695312e-08, -0.8667957782745361, 0.498663991689682),
            ["LeftUpperLeg"] = CFrame.new(2.9802322387695312e-08, -5.075708031654358e-08, -4.563480615615845e-08, 0.7490992546081543, 0.6224955320358276, 0.226604163646698, -0.6521990299224854, 0.7529762983322144, 0.0875421091914177, -0.11613297462463379, -0.21336869895458221, 0.9700448513031006),
            ["LeftLowerLeg"] = CFrame.new(5.681067705154419e-08, 0.0001227855682373047, 0.00007742154411971569, 1, -2.561137080192566e-09, 8.73115268973379e-09, -7.450581485102248e-09, 0.9999837875366211, 0.005702183581888676, -1.862645326866641e-08, -0.005702194757759571, 0.9999837279319763),
        }},
        {Time = 0.150, Data = {
            ["RightFoot"] = CFrame.new(2.1606683731079102e-07, 2.980232238769531e-07, 1.6596459317952394e-08, 0.8819422721862793, 0.4578262269496918, -0.11212995648384094, -0.46300914883613586, 0.8860259056091309, -0.024092193692922592, 0.08831975609064102, 0.07316584140062332, 0.9934014678001404),
            ["LeftLowerArm"] = CFrame.new(0, -2.384185791015625e-07, -1.2293457984924316e-07, 1, -7.450579175838357e-08, 8.940695295223122e-08, -1.0803340444454079e-07, 0.3669286370277405, -0.9302491545677185, -2.2351738238057806e-08, 0.9302490949630737, 0.3669285774230957),
            ["RightUpperArm"] = CFrame.new(1.1920928955078125e-07, 3.5762786865234375e-07, 1.0058283805847168e-07, 0.4789324402809143, -0.17818215489387512, 0.8595781922340393, -0.38151708245277405, 0.8396260142326355, 0.3866172730922699, -0.7906126976013184, -0.513107419013977, 0.3341447412967682),
            ["Head"] = CFrame.new(-8.940696716308594e-08, 8.344650268554688e-07, -4.423782229423523e-08, 0.5764830112457275, -0.810670793056488, 0.10237228125333786, 0.7966966032981873, 0.5298237800598145, -0.2907945215702057, 0.1814994066953659, 0.2491978257894516, 0.9512931704521179),
            ["RightHand"] = CFrame.new(5.662441253662109e-07, 4.76837158203125e-07, 7.450580596923828e-09, 0.7441303730010986, 0.33992254734039307, 0.5750845074653625, -0.22885490953922272, 0.9384848475456238, -0.2585958242416382, -0.627610981464386, 0.0608186349272728, 0.77614825963974),
            ["UpperTorso"] = CFrame.new(-5.587935447692871e-08, 1.7881393432617188e-07, 2.9802322387695312e-08, 0.9556633234024048, -0.2934902608394623, -0.02389966882765293, 0.29395753145217896, 0.9461313486099243, 0.13573665916919708, -0.017225176095962524, -0.13674400746822357, 0.9904567003250122),
            ["HumanoidRootPart"] = CFrame.new(0, 0, 0, 1, 0, 0, 0, 1, 0, 0, 0, 1),
            ["RightUpperLeg"] = CFrame.new(-5.960464477539063e-08, -1.8440186977386475e-07, -1.6952981241047382e-09, 0.9130175709724426, -0.40154629945755005, 0.07182992994785309, 0.3817808926105499, 0.7791391611099243, -0.4971778392791748, 0.1436743289232254, 0.48135507106781006, 0.8646702766418457),
            ["LeftUpperArm"] = CFrame.new(-3.5762786865234375e-07, 1.1920928955078125e-07, 8.568167686462402e-08, 0.5834959745407104, 0.1734180897474289, -0.7933841943740845, 0.4917910695075989, 0.7019858360290527, 0.5151287913322449, 0.6462770700454712, -0.6907548308372498, 0.32432064414024353),
            ["RightLowerArm"] = CFrame.new(-1.1920928955078125e-07, 5.960464477539063e-08, 1.4156103134155273e-07, 1, -7.450580596923828e-08, 7.4505820180093e-08, 1.4901162970204496e-08, 0.8413974046707153, -0.5404171347618103, 0, 0.540416955947876, 0.8413972854614258),
            ["LeftHand"] = CFrame.new(7.450580596923828e-09, -1.1920928955078125e-07, -4.023313522338867e-07, 0.9568921327590942, 0.044055793434381485, -0.28708311915397644, 0.02946719154715538, 0.9686029553413391, 0.24686086177825928, 0.2889452278614044, -0.24467840790748596, 0.9255501627922058),
            ["LeftFoot"] = CFrame.new(1.2991949915885925e-07, 5.960464477539063e-08, 3.3527612686157227e-08, 0.8656067848205566, -0.5005938410758972, 0.011447794735431671, 0.5002816319465637, 0.8655763268470764, 0.02226521074771881, -0.021054662764072418, -0.01354566402733326, 0.9996865391731262),
            ["LowerTorso"] = CFrame.new(0.36343568563461304, -0.1715383529663086, -0.18471473455429077, 0.9901148080825806, 0.028513634577393532, -0.13733051717281342, -0.031245779246091843, 0.9993536472320557, -0.01777978613972664, 0.13673478364944458, 0.0218950305134058, 0.990365743637085),
            ["RightLowerLeg"] = CFrame.new(-4.470348358154297e-08, -0.00012254714965820312, -0.00007750669465167448, 1, -1.1175872316471214e-07, -6.705523247774181e-08, 6.705523247774181e-08, 0.6501806974411011, 0.7597790956497192, -6.33299421792799e-08, -0.759779691696167, 0.6501813530921936),
            ["LeftUpperLeg"] = CFrame.new(-5.960464477539063e-08, -2.2188760340213776e-07, 1.1175870895385742e-08, 0.8341349959373474, 0.5384362936019897, 0.11960438638925552, -0.5171635150909424, 0.8388854265213013, -0.1697450429201126, -0.19173137843608856, 0.07973507791757584, 0.9782031774520874),
            ["LeftLowerLeg"] = CFrame.new(-3.725290298461914e-08, 0.00012260675430297852, 0.00007743574678897858, 1, 8.568167686462402e-08, 6.705523247774181e-08, 4.936009645462036e-08, 0.8535163402557373, 0.5210662484169006, -3.725290298461914e-09, -0.5210662484169006, 0.8535162806510925),
        }},
        {Time = 0.200, Data = {
            ["RightFoot"] = CFrame.new(-6.51925802230835e-08, 2.384185791015625e-07, -2.8107024263590574e-08, 0.8929203152656555, 0.44985899329185486, -0.017892489209771156, -0.45020416378974915, 0.8924658894538879, -0.028652403503656387, 0.0030783750116825104, 0.03364067152142525, 0.9994293451309204),
            ["LeftLowerArm"] = CFrame.new(8.940696716308594e-08, 1.1920928955078125e-07, 1.862645149230957e-08, 1, 7.450581485102248e-09, 4.4703490686970326e-08, 1.778826117515564e-07, 0.36676397919654846, -0.9303140640258789, 1.4901161193847656e-08, 0.9303141236305237, 0.3667641282081604),
            ["RightUpperArm"] = CFrame.new(0, 1.1920928955078125e-07, -5.157198756933212e-08, 0.4565800130367279, -0.19577264785766602, 0.867875337600708, -0.3907868564128876, 0.8322181105613708, 0.393318235874176, -0.7992624640464783, -0.5187352895736694, 0.3034685552120209),
            ["Head"] = CFrame.new(7.171183824539185e-08, 5.960464477539062e-07, -1.200241968035698e-07, 0.5947307348251343, -0.801409125328064, 0.06355112046003342, 0.795661211013794, 0.575469970703125, -0.18909676373004913, 0.11497213691473007, 0.1630268692970276, 0.9798999428749084),
            ["RightHand"] = CFrame.new(5.941838026046753e-07, 2.384185791015625e-07, 1.30385160446167e-08, 0.7685228586196899, 0.31724080443382263, 0.5556356310844421, -0.21514493227005005, 0.9459858536720276, -0.24253590404987335, -0.602565586566925, 0.06685195118188858, 0.7952643632888794),
            ["UpperTorso"] = CFrame.new(1.6298145055770874e-09, 5.960464477539063e-08, 3.073364496231079e-08, 0.9638447165489197, -0.2664423882961273, -0.0034623383544385433, 0.26483380794525146, 0.9564285278320312, 0.12291339039802551, -0.029437841847538948, -0.11938634514808655, 0.9924114346504211),
            ["HumanoidRootPart"] = CFrame.new(0, 0, 0, 1, 0, 0, 0, 1, 0, 0, 0, 1),
            ["RightUpperLeg"] = CFrame.new(-2.9802322387695312e-08, -2.1869527699891478e-07, 2.0656443666666746e-08, 0.9360429644584656, -0.34369105100631714, 0.07549845427274704, 0.34682390093803406, 0.8648325204849243, -0.3630123734474182, 0.05947061628103256, 0.36597979068756104, 0.9287205934524536),
            ["LeftUpperArm"] = CFrame.new(0, 0, -5.157198756933212e-08, 0.5958494544029236, 0.18053624033927917, -0.782541036605835, 0.48412439227104187, 0.696707546710968, 0.5293602347373962, 0.6407707333564758, -0.6942659616470337, 0.3277307450771332),
            ["RightLowerArm"] = CFrame.new(2.384185791015625e-07, -1.1920928955078125e-07, 7.450580596923828e-09, 1, -5.587936158235607e-08, 5.215405707303944e-08, 5.960464477539063e-08, 0.8163750767707825, -0.5775221586227417, 8.940696716308594e-08, 0.5775220990180969, 0.8163749575614929),
            ["LeftHand"] = CFrame.new(4.4330954551696777e-07, 1.1920928955078125e-07, -5.438923835754395e-07, 0.9456127882003784, 0.05054087191820145, -0.32134366035461426, 0.018987013027071953, 0.9775967001914978, 0.20962926745414734, 0.32473981380462646, -0.20432932674884796, 0.9234683513641357),
            ["LeftFoot"] = CFrame.new(-1.5832483768463135e-08, 1.1920928955078125e-07, -2.9796865419484675e-08, 0.903842568397522, -0.4278567433357239, 0.002717345952987671, 0.4220622479915619, 0.8905239105224609, -0.1697956919670105, 0.07022833079099655, 0.15461547672748566, 0.9854755401611328),
            ["LowerTorso"] = CFrame.new(0.30454108119010925, -0.07102441787719727, -0.23153600096702576, 0.9990168213844299, -0.000014028739315108396, -0.04433334991335869, -0.0009332129848189652, 0.999771773815155, -0.021345579996705055, 0.04432353004813194, 0.02136596478521824, 0.9987887144088745),
            ["RightLowerLeg"] = CFrame.new(3.650784492492676e-07, -0.00012230873107910156, -0.0000775923763285391, 1, -5.5879368687783426e-08, -5.960463766996327e-08, 1.7508864402770996e-07, 0.7082869410514832, 0.7059241533279419, -7.078051567077637e-08, -0.7059246897697449, 0.7082874774932861),
            ["LeftUpperLeg"] = CFrame.new(0, -2.9813645596732385e-07, 3.4458935260772705e-08, 0.9036316871643066, 0.40241432189941406, 0.14667202532291412, -0.3498528003692627, 0.8910305500030518, -0.2892535328865051, -0.24708899855613708, 0.2100650668144226, 0.945949137210846),
            ["LeftLowerLeg"] = CFrame.new(8.940696716308594e-08, 0.00012242794036865234, 0.00007747858762741089, 1, 3.7252888773764425e-08, 4.4703490686970326e-08, -8.568166975919667e-08, 0.6577017307281494, 0.7532789707183838, 0, -0.7532784342765808, 0.6577011942863464),
        }},
        {Time = 0.250, Data = {
            ["RightFoot"] = CFrame.new(-8.975621312856674e-08, 3.5762786865234375e-07, 4.639878170564771e-08, 0.8922278881072998, 0.4096457362174988, 0.19005167484283447, -0.37665000557899475, 0.907233715057373, -0.18724790215492249, -0.2491268664598465, 0.09548590332269669, 0.9637523293495178),
            ["LeftLowerArm"] = CFrame.new(3.2782554626464844e-07, 4.172325134277344e-07, 2.3283064365386963e-08, 1, -1.0058282384761696e-07, -1.4901157641133977e-08, 1.0803341865539551e-07, 0.3960914611816406, -0.918211042881012, 8.940696716308594e-08, 0.918211042881012, 0.396091490983963),
            ["RightUpperArm"] = CFrame.new(3.5762786865234375e-07, 3.5762786865234375e-07, 2.7939677238464355e-08, 0.44660457968711853, -0.20488034188747406, 0.870958149433136, -0.39741000533103943, 0.8267155885696411, 0.3982546031475067, -0.801629364490509, -0.5239900350570679, 0.28779369592666626),
            ["Head"] = CFrame.new(9.872019290924072e-08, 0.0000011920928955078125, 4.6566128730773926e-09, 0.607690155506134, -0.7936763167381287, 0.028118977323174477, 0.7898197770118713, 0.600276529788971, -0.12590859830379486, 0.08305157721042633, 0.09872230142354965, 0.9916433095932007),
            ["RightHand"] = CFrame.new(2.60770320892334e-07, 4.76837158203125e-07, 1.862645149230957e-07, 0.7807982563972473, 0.3087817132472992, 0.543146014213562, -0.21538254618644714, 0.9490741491317749, -0.22993212938308716, -0.5864848494529724, 0.06254713982343674, 0.8075417876243591),
            ["UpperTorso"] = CFrame.new(-7.450580596923828e-09, -5.960464477539063e-08, 1.862645149230957e-08, 0.9705578684806824, -0.24060848355293274, 0.011184345930814743, 0.2375478446483612, 0.9638292789459229, 0.12084755301475525, -0.03985675424337387, -0.11463270336389542, 0.9926080703735352),
            ["HumanoidRootPart"] = CFrame.new(0, 0, 0, 1, 0, 0, 0, 1, 0, 0, 0, 1),
            ["RightUpperLeg"] = CFrame.new(5.960464477539063e-08, -2.3515895009040833e-07, -1.287116901949048e-08, 0.9465936422348022, -0.31737568974494934, 0.0568605400621891, 0.32098934054374695, 0.9109506011009216, -0.2591041922569275, 0.030436266213655472, 0.26351794600486755, 0.9641742706298828),
            ["LeftUpperArm"] = CFrame.new(1.7881393432617188e-07, 3.5762786865234375e-07, 1.6205012798309326e-07, 0.6171236634254456, 0.16691814363002777, -0.7689579725265503, 0.47322678565979004, 0.7020297050476074, 0.5321758985519409, 0.6286611557006836, -0.6923097372055054, 0.35424917936325073),
            ["RightLowerArm"] = CFrame.new(5.960464477539063e-08, 3.5762786865234375e-07, -7.450580596923828e-08, 1, 4.470348358154297e-08, 1.862645504502325e-08, 1.341104365337742e-07, 0.8028227686882019, -0.5962182283401489, 2.9802318834981634e-08, 0.5962178111076355, 0.802822470664978),
            ["LeftHand"] = CFrame.new(2.7939677238464355e-07, -1.1920928955078125e-07, -7.562339305877686e-07, 0.9390736222267151, 0.029358988627791405, -0.34245967864990234, 0.031951550394296646, 0.984574556350708, 0.17202362418174744, 0.3422277867794037, -0.17248477041721344, 0.9236500263214111),
            ["LeftFoot"] = CFrame.new(-7.450580596923828e-09, 5.960464477539063e-08, -2.2351741790771484e-08, 0.9463779330253601, -0.3220825493335724, -0.02513306215405464, 0.2952350974082947, 0.8938282132148743, -0.3375014066696167, 0.13116797804832458, 0.3119838535785675, 0.9409895539283752),
            ["LowerTorso"] = CFrame.new(0.24495172500610352, -0.05637526512145996, -0.2719265818595886, 0.9985889792442322, -0.02165372297167778, 0.04848942905664444, 0.022886965423822403, 0.9994248747825623, -0.025024108588695526, -0.04791967570781708, 0.026098575443029404, 0.9985101819038391),
            ["RightLowerLeg"] = CFrame.new(2.284068614244461e-07, -0.00012218952178955078, -0.0000775141452322714, 1, -6.705523247774181e-08, -4.284083487959833e-08, 1.327134668827057e-07, 0.7142706513404846, 0.6998688578605652, -5.634501576423645e-08, -0.6998695135116577, 0.7142714858055115),
            ["LeftUpperLeg"] = CFrame.new(2.9802322387695312e-08, -3.0873343348503113e-07, 9.313225746154785e-09, 0.9517963528633118, 0.23653706908226013, 0.1952795535326004, -0.16949228942394257, 0.936203122138977, -0.30788978934288025, -0.255648672580719, 0.2599501311779022, 0.9311658143997192),
            ["LeftLowerLeg"] = CFrame.new(-1.4901161193847656e-08, 0.0001227259635925293, 0.00007743388414382935, 1, 1.2665984172599565e-07, 4.470348358154297e-08, -5.960463056453591e-08, 0.49963492155075073, 0.8662364482879639, 6.705521116145974e-08, -0.86623615026474, 0.499634325504303),
        }},
        {Time = 0.300, Data = {
            ["RightFoot"] = CFrame.new(-8.195638656616211e-08, 2.980232238769531e-07, 1.6952981241047382e-09, 0.8911001682281494, 0.3808932304382324, 0.24669960141181946, -0.2974207401275635, 0.9007770419120789, -0.31645122170448303, -0.3427557051181793, 0.20861701667308807, 0.9159683585166931),
            ["LeftLowerArm"] = CFrame.new(0, 3.5762786865234375e-07, -2.60770320892334e-07, 1, -1.3038514623531228e-07, 4.470347647611561e-08, 1.2665987014770508e-07, 0.44998699426651, -0.8930352330207825, 2.9802322387695312e-08, 0.8930351138114929, 0.4499867260456085),
            ["RightUpperArm"] = CFrame.new(-1.1920928955078125e-07, 3.5762786865234375e-07, 6.51925802230835e-08, 0.4440394639968872, -0.210456982254982, 0.8709400296211243, -0.40213626623153687, 0.8218177556991577, 0.4036118686199188, -0.8006967902183533, -0.5294557809829712, 0.2802872061729431),
            ["Head"] = CFrame.new(-4.470348358154297e-08, 8.344650268554688e-07, -9.313225746154785e-09, 0.6154775023460388, -0.7878164649009705, -0.023079177364706993, 0.784264862537384, 0.6150831580162048, -0.08124960213899612, 0.07820545136928558, 0.03190705180168152, 0.9964265823364258),
            ["RightHand"] = CFrame.new(5.140900611877441e-07, -5.960464477539063e-08, 2.905726432800293e-07, 0.788291335105896, 0.30077049136161804, 0.5367809534072876, -0.21222059428691864, 0.9517568349838257, -0.22163355350494385, -0.5775458216667175, 0.06079619377851486, 0.8140915036201477),
            ["UpperTorso"] = CFrame.new(7.450580596923828e-09, 3.8743019104003906e-07, 1.862645149230957e-09, 0.9778445363044739, -0.20849859714508057, 0.018670372664928436, 0.20428162813186646, 0.9699211120605469, 0.1323716789484024, -0.04570818692445755, -0.1256248950958252, 0.991024374961853),
            ["HumanoidRootPart"] = CFrame.new(0, 0, 0, 1, 0, 0, 0, 1, 0, 0, 0, 1),
            ["RightUpperLeg"] = CFrame.new(1.1920928955078125e-07, -1.7695128917694092e-08, -1.287116901949048e-08, 0.9566283226013184, -0.2844686210155487, 0.06276917457580566, 0.29086241126060486, 0.9446765780448914, -0.15160895884037018, -0.01616865023970604, 0.16329042613506317, 0.9864455461502075),
            ["LeftUpperArm"] = CFrame.new(-2.384185791015625e-07, 3.5762786865234375e-07, 2.0489096641540527e-08, 0.6310994029045105, 0.144659161567688, -0.7620941400527954, 0.4671819806098938, 0.7134059071540833, 0.5222962498664856, 0.6192370653152466, -0.6856572031974792, 0.3826476037502289),
            ["RightLowerArm"] = CFrame.new(-5.960464477539063e-08, -2.980232238769531e-07, 4.6193599700927734e-07, 1, 1.1175868230850483e-08, 3.725290653733282e-08, 2.0861622829215776e-07, 0.7972608804702759, -0.6036354899406433, 9.685753354915505e-08, 0.6036350727081299, 0.7972605228424072),
            ["LeftHand"] = CFrame.new(3.3527612686157227e-08, -5.960464477539062e-07, -6.109476089477539e-07, 0.9355771541595459, -0.005489683710038662, -0.35307952761650085, 0.052887629717588425, 0.9907795786857605, 0.12473449110984802, 0.3491393029689789, -0.13537214696407318, 0.9272412061691284),
            ["LeftFoot"] = CFrame.new(-7.450580596923828e-09, 0, -3.725290298461914e-09, 0.9861977696418762, -0.16388565301895142, -0.0235721617937088, 0.135505810379982, 0.8807024359703064, -0.45387375354766846, 0.09514349699020386, 0.4444151222705841, 0.8907541632652283),
            ["LowerTorso"] = CFrame.new(0.20121514797210693, -0.12458109855651855, -0.3087840676307678, 0.9866365790367126, -0.042759984731674194, 0.1572258472442627, 0.04833274707198143, 0.9983252882957458, -0.031791720539331436, -0.15560312569141388, 0.03896602988243103, 0.9870508313179016),
            ["RightLowerLeg"] = CFrame.new(-8.940696716308594e-08, -0.00012254714965820312, -0.00007758865103824064, 1, -5.960465188081798e-08, -6.705523247774181e-08, 4.097818262494002e-08, 0.6913776993751526, 0.7224928736686707, -3.725289587919178e-08, -0.7224934697151184, 0.6913784742355347),
            ["LeftUpperLeg"] = CFrame.new(0, -4.6566128730773926e-09, -3.3527612686157227e-08, 0.983851969242096, 0.02072410099208355, 0.17778068780899048, 0.028793755918741226, 0.9620106220245361, -0.27148982882499695, -0.17665323615074158, 0.2722245752811432, 0.9458791613578796),
            ["LeftLowerLeg"] = CFrame.new(0, 0.00012242794036865234, 0.00007750838994979858, 1, 1.4528632164001465e-07, 2.2351745343485163e-08, -6.891787052154541e-08, 0.3850579857826233, 0.9228925704956055, 5.21540641784668e-08, -0.9228923916816711, 0.3850577175617218),
        }},
        {Time = 0.350, Data = {
            ["RightFoot"] = CFrame.new(-1.043081283569336e-07, 2.980232238769531e-07, 4.639878170564771e-08, 0.9046982526779175, 0.38678959012031555, 0.17864754796028137, -0.25765371322631836, 0.8306374549865723, -0.49361497163772583, -0.3393164277076721, 0.40054380893707275, 0.8511342406272888),
            ["LeftLowerArm"] = CFrame.new(-2.086162567138672e-07, -5.960464477539063e-08, -1.1920928955078125e-07, 1, -7.450579886381092e-08, 7.450578820566989e-09, 1.0430811414607888e-07, 0.4897852838039398, -0.8718432188034058, 2.9802318834981634e-08, 0.871843159198761, 0.48978525400161743),
            ["RightUpperArm"] = CFrame.new(0, 4.76837158203125e-07, 7.82310962677002e-08, 0.46607184410095215, -0.2264816164970398, 0.8552677035331726, -0.41176265478134155, 0.8000830411911011, 0.4362553656101227, -0.7830891013145447, -0.5554937720298767, 0.2796398103237152),
            ["Head"] = CFrame.new(-5.21540641784668e-08, 0, -4.842877388000488e-08, 0.619248628616333, -0.7818914651870728, -0.07195057719945908, 0.7803530693054199, 0.6230014562606812, -0.05402224510908127, 0.08706498891115189, -0.022693751379847527, 0.9959442019462585),
            ["RightHand"] = CFrame.new(4.0978193283081055e-07, 1.7881393432617188e-07, -3.725290298461914e-07, 0.7833133935928345, 0.26851823925971985, 0.5606403350830078, -0.16662925481796265, 0.9595856070518494, -0.22678224742412567, -0.598878026008606, 0.08422291278839111, 0.7963994741439819),
            ["UpperTorso"] = CFrame.new(-2.9802322387695312e-08, 6.854534149169922e-07, 4.470348358154297e-08, 0.9856672883033752, -0.16699843108654022, 0.023910092189908028, 0.1618272364139557, 0.9760050773620605, 0.14569181203842163, -0.04766678437590599, -0.13973431289196014, 0.9890411496162415),
            ["HumanoidRootPart"] = CFrame.new(0, 0, 0, 1, 0, 0, 0, 1, 0, 0, 0, 1),
            ["RightUpperLeg"] = CFrame.new(-5.960464477539063e-08, -2.2165477275848389e-07, 1.6931153368204832e-08, 0.9635783433914185, -0.24262726306915283, 0.11246734112501144, 0.24769973754882812, 0.9682626724243164, -0.03335272893309593, -0.10080566257238388, 0.05999594181776047, 0.9930955767631531),
            ["LeftUpperArm"] = CFrame.new(1.1920928955078125e-07, 7.152557373046875e-07, 4.0978193283081055e-08, 0.6393091678619385, 0.12401033937931061, -0.758884072303772, 0.4706958532333374, 0.7172949314117432, 0.5137443542480469, 0.6080535650253296, -0.6856452226638794, 0.400202214717865),
            ["RightLowerArm"] = CFrame.new(-2.9802322387695312e-08, -1.1920928955078125e-07, 2.523884177207947e-07, 1, -4.656612162534657e-08, -3.7252917195473856e-08, 1.0430815677864302e-07, 0.7748585939407349, -0.6321346163749695, -6.98492073070156e-08, 0.6321346759796143, 0.7748587131500244),
            ["LeftHand"] = CFrame.new(6.705522537231445e-08, -4.172325134277344e-07, -5.960464477539062e-07, 0.9266625046730042, -0.05295223742723465, -0.37214621901512146, 0.08647576719522476, 0.9935044646263123, 0.07396508008241653, 0.36581239104270935, -0.10072199255228043, 0.9252223968505859),
            ["LeftFoot"] = CFrame.new(-3.3527612686157227e-08, -5.960464477539063e-08, 3.725290298461914e-08, 0.9914628267288208, 0.08937059342861176, 0.09494420886039734, -0.03158310428261757, 0.871076226234436, -0.4901312589645386, -0.12650689482688904, 0.482948362827301, 0.8664623498916626),
            ["LowerTorso"] = CFrame.new(0.17819459736347198, -0.25731372833251953, -0.33842766284942627, 0.9590094685554504, -0.06239297240972519, 0.27642008662223816, 0.07369248569011688, 0.9968093633651733, -0.03067031130194664, -0.2736244797706604, 0.04978319630026817, 0.9605474472045898),
            ["RightLowerLeg"] = CFrame.new(2.2351741790771484e-07, -0.00012230873107910156, -0.0000775737498770468, 1, -1.788139627478813e-07, -8.195638656616211e-08, 1.154839708306099e-07, 0.6711428761482239, 0.7413274645805359, -4.8428763221863846e-08, -0.7413280606269836, 0.6711435317993164),
            ["LeftUpperLeg"] = CFrame.new(0, -5.131587386131287e-07, 2.2351741790771484e-08, 0.9670462012290955, -0.2283068746328354, 0.11268399655818939, 0.24838747084140778, 0.9431933760643005, -0.22065824270248413, -0.0559050552546978, 0.2413758635520935, 0.9688200354576111),
            ["LeftLowerLeg"] = CFrame.new(0, 0.00012242794036865234, 0.00007751584053039551, 1, 7.450579886381092e-08, -1.862644971595273e-08, -1.0430811414607888e-07, 0.359197735786438, 0.933261513710022, 8.940695295223122e-08, -0.933261513710022, 0.35919758677482605),
        }},
        {Time = 0.400, Data = {
            ["RightFoot"] = CFrame.new(5.587935447692871e-08, 2.980232238769531e-07, -2.8107024263590574e-08, 0.9222282767295837, 0.3789198100566864, 0.07690690457820892, -0.2103571891784668, 0.658612072467804, -0.7224816679954529, -0.3244146406650543, 0.6501153111457825, 0.6870993375778198),
            ["LeftLowerArm"] = CFrame.new(-5.960464477539063e-08, 3.5762786865234375e-07, -8.940696716308594e-08, 1, 3.3527612686157227e-08, 6.519260153936557e-08, 4.4703490686970326e-08, 0.518511950969696, -0.8550707101821899, 1.0430814256778831e-07, 0.8550704717636108, 0.5185115933418274),
            ["RightUpperArm"] = CFrame.new(-1.7881393432617188e-07, 2.384185791015625e-07, 4.470348358154297e-08, 0.5335782170295715, -0.23833170533180237, 0.8114751577377319, -0.4105234146118164, 0.7658778429031372, 0.49487581849098206, -0.7394354939460754, -0.5971843600273132, 0.31081506609916687),
            ["Head"] = CFrame.new(-4.470348358154297e-08, 4.76837158203125e-07, 8.940696716308594e-08, 0.6279574632644653, -0.7725932598114014, -0.09364334493875504, 0.7723737955093384, 0.6334455013275146, -0.046750932931900024, 0.09543758630752563, -0.04297022148966789, 0.9945076107978821),
            ["RightHand"] = CFrame.new(5.587935447692871e-07, 0, -1.7881393432617188e-07, 0.7337395548820496, 0.24222233891487122, 0.6347864270210266, -0.13630135357379913, 0.9677757024765015, -0.21173600852489471, -0.6656185984611511, 0.06883715093135834, 0.7431111335754395),
            ["UpperTorso"] = CFrame.new(-2.9802322387695312e-08, 2.682209014892578e-07, -2.421438694000244e-08, 0.9912223815917969, -0.12881401181221008, 0.02975419908761978, 0.12230032682418823, 0.9789051413536072, 0.1636687070131302, -0.05020943284034729, -0.15859313309192657, 0.9860665798187256),
            ["HumanoidRootPart"] = CFrame.new(0, 0, 0, 1, 0, 0, 0, 1, 0, 0, 0, 1),
            ["RightUpperLeg"] = CFrame.new(0, -3.390014171600342e-07, -3.149762051180005e-08, 0.9694408774375916, -0.20199371874332428, 0.13922284543514252, 0.20115065574645996, 0.9793510437011719, 0.020249679684638977, -0.14043836295604706, 0.008373820222914219, 0.9900540709495544),
            ["LeftUpperArm"] = CFrame.new(-1.1920928955078125e-07, 0, 3.3527612686157227e-08, 0.6353161931037903, 0.11266416311264038, -0.7639894485473633, 0.47025275230407715, 0.7282917499542236, 0.498451292514801, 0.6125648617744446, -0.6759423017501831, 0.4097152054309845),
            ["RightLowerArm"] = CFrame.new(1.7881393432617188e-07, -2.384185791015625e-07, 1.7136335372924805e-07, 1, -6.984916467445146e-08, -1.1175870895385742e-08, 2.9802322387695312e-08, 0.732998251914978, -0.6802308559417725, -1.4901161193847656e-08, 0.6802305579185486, 0.7329979538917542),
            ["LeftHand"] = CFrame.new(1.7881393432617188e-07, 0, -6.128102540969849e-07, 0.9171909689903259, -0.11594443023204803, -0.3812057673931122, 0.13897868990898132, 0.9897333979606628, 0.03335816040635109, 0.3734242022037506, -0.08357516676187515, 0.9238882064819336),
            ["LeftFoot"] = CFrame.new(3.725290298461914e-08, 0, 2.2351741790771484e-08, 0.9159533381462097, 0.3354736566543579, 0.2201978713274002, -0.13970637321472168, 0.7809919714927673, -0.6087142825126648, -0.3761804401874542, 0.5267911553382874, 0.7622203230857849),
            ["LowerTorso"] = CFrame.new(0.18160031735897064, -0.4131101369857788, -0.34517407417297363, 0.918842613697052, -0.07143479585647583, 0.3881048262119293, 0.08352789282798767, 0.9964021444320679, -0.014354939572513103, -0.38568300008773804, 0.04560750722885132, 0.9215034246444702),
            ["RightLowerLeg"] = CFrame.new(2.086162567138672e-07, -0.00012254714965820312, -0.00007756164268357679, 1, -1.341104507446289e-07, -1.4901162970204496e-08, 1.2665985593685036e-07, 0.6164788603782654, 0.7873709201812744, -8.055939559881153e-08, -0.7873715162277222, 0.6164795160293579),
