return {
    ["One Dance"] = {
        {Time = 0.000, Data = {
            ["LeftFoot"] = CFrame.new(4.842877388000488e-08, -5.960464477539063e-08, -2.2351741790771484e-08, 0.9896034598350525, 0.012401536107063293, -0.14328767359256744, 0.03188437223434448, 0.9525681138038635, 0.3026508390903473, 0.14024443924427032, -0.304072767496109, 0.9422690868377686),
            ["LeftLowerArm"] = CFrame.new(-1.1920928955078125e-07, 2.384185791015625e-07, 4.470348358154297e-08, 1, -2.2351741790771484e-08, 0, 2.9802322387695312e-08, 0.979042649269104, -0.2036556750535965, -1.4901161193847656e-08, 0.20365563035011292, 0.979042649269104),
            ["LowerTorso"] = CFrame.new(0, -0.037994384765625, 0, 0.984203040599823, 0.03320721164345741, -0.17390142381191254, -0.041012149304151535, 0.9982972145080566, -0.04148105904459953, 0.17222784459590912, 0.047957852482795715, 0.9838890433311462),
            ["Head"] = CFrame.new(-1.5133991837501526e-09, 0, -5.944457370787859e-09, 0.9901437163352966, 0.03859458863735199, 0.13463237881660461, -0.038546640425920486, 0.999252438545227, -0.002963787177577615, -0.13464611768722534, -0.002255058381706476, 0.9908912181854248),
            ["RightUpperArm"] = CFrame.new(1.1920928955078125e-07, 0, -1.4901161193847656e-08, 0.15143656730651855, -0.7104494571685791, -0.6872616410255432, 0.3548261821269989, 0.6880112886428833, -0.6330392956733704, 0.9225863218307495, -0.1479930877685547, 0.3562760651111603),
            ["UpperTorso"] = CFrame.new(1.0710209608078003e-08, -5.960464477539063e-08, 5.3551048040390015e-09, 0.9967412352561951, -0.05504120886325836, 0.05896885693073273, 0.050611212849617004, 0.9959618449211121, 0.07415192574262619, -0.06281212717294693, -0.07092579454183578, 0.9955020546913147),
            ["HumanoidRootPart"] = CFrame.new(0, 0, 0, 1, 0, 0, 0, 1, 0, 0, 0, 1),
            ["RightHand"] = CFrame.new(1.862645149230957e-07, 2.384185791015625e-07, -1.1920928955078125e-07, 0.9948071241378784, 0.059406381100416183, 0.08264294266700745, -0.044225286692380905, 0.9836272597312927, -0.17470452189445496, -0.09166848659515381, 0.17014241218566895, 0.981146514415741),
            ["LeftUpperArm"] = CFrame.new(0, 0, -1.4901161193847656e-08, 0.12307599186897278, 0.5633621215820312, 0.8169917464256287, -0.38939911127090454, 0.7846426963806152, -0.48239433765411377, -0.9128093123435974, -0.2587646245956421, 0.31594333052635193),
            ["RightLowerArm"] = CFrame.new(0, -1.7881393432617188e-07, -1.341104507446289e-07, 1, -9.583891369402409e-08, 3.533204662176104e-08, 6.70552182668871e-08, 0.6818910837173462, -0.7314537167549133, 3.7252898543727042e-09, 0.7314537763595581, 0.681891143321991),
            ["LeftHand"] = CFrame.new(-2.9802322387695312e-08, -1.7881393432617188e-07, -5.662441253662109e-07, 0.9603302478790283, 0.2787650227546692, -0.007482737302780151, -0.2784714698791504, 0.957202672958374, -0.07884690165519714, -0.014817221090197563, 0.0778028815984726, 0.9968586564064026),
            ["RightUpperLeg"] = CFrame.new(0.0005979537963867188, -0.007287023589015007, 0.0010101107181981206, 0.9876219630241394, -0.02860022708773613, -0.15422362089157104, -0.011961657553911209, 0.9666397571563721, -0.2558605372905731, 0.15639637410640717, 0.25453802943229675, 0.9543325901031494),
            ["LeftUpperLeg"] = CFrame.new(0, -6.007030606269836e-08, 7.450580596923828e-09, 0.9741626381874084, -0.11195425689220428, -0.19614677131175995, -0.04562227427959442, 0.7530384659767151, -0.6563929915428162, 0.22119206190109253, 0.6483821868896484, 0.7284743785858154),
            ["RightLowerLeg"] = CFrame.new(-6.705522537231445e-08, 4.76837158203125e-07, 1.6596459317952394e-08, 1, -1.7508862981685525e-07, -2.7008354663848877e-08, 1.4528632164001465e-07, 0.8582097887992859, 0.5132985711097717, -5.587935447692871e-09, -0.5132990479469299, 0.8582101464271545),
            ["RightFoot"] = CFrame.new(5.3085386753082275e-08, 2.384185791015625e-07, 1.287116901949048e-08, 0.9951196908950806, -0.05893311649560928, 0.07914289832115173, 0.07626362144947052, 0.9682949185371399, -0.23788397014141083, -0.06261443346738815, 0.24275922775268555, 0.9680639505386353),
            ["LeftLowerLeg"] = CFrame.new(-1.4901161193847656e-08, 5.960464477539063e-08, 1.6391277313232422e-07, 1, 1.4901162970204496e-08, 1.0244548320770264e-07, -8.195640788244418e-08, 0.5807565450668335, 0.8140773177146912, 4.4703494239684005e-08, -0.8140773773193359, 0.5807564854621887),
        }},
        {Time = 0.033, Data = {
            ["LeftFoot"] = CFrame.new(-1.4901161193847656e-08, 5.960464477539063e-08, -7.450580596923828e-09, 0.991331160068512, 0.004081413149833679, -0.13132359087467194, 0.049444958567619324, 0.9144489765167236, 0.40166959166526794, 0.12172792851924896, -0.40468084812164307, 0.9063198566436768),
            ["LeftLowerArm"] = CFrame.new(0, -2.980232238769531e-07, -8.940696716308594e-08, 1, 0, -2.2351745343485163e-08, 5.21540641784668e-08, 0.9883331656455994, -0.15230801701545715, -1.4901161193847656e-08, 0.15230797231197357, 0.9883331656455994),
            ["LowerTorso"] = CFrame.new(-0.0052798036485910416, -0.018093109130859375, 0.013487959280610085, 0.9780851006507874, 0.04425152391195297, -0.2034485936164856, -0.061289459466934204, 0.9950503706932068, -0.07822031527757645, 0.19898022711277008, 0.08897537738084793, 0.9759560823440552),
            ["Head"] = CFrame.new(6.984919309616089e-10, -2.384185791015625e-07, 1.862645149230957e-09, 0.9949356913566589, 0.0020011484157294035, 0.10049425810575485, 0.00005676096770912409, 0.9997905492782593, -0.02047085016965866, -0.10051415860652924, 0.020372889935970306, 0.9947271347045898),
            ["RightUpperArm"] = CFrame.new(2.384185791015625e-07, 2.384185791015625e-07, 0, 0.11433465778827667, -0.8005394339561462, -0.5882724523544312, 0.32159844040870667, 0.5900949835777283, -0.740514874458313, 0.9399479031562805, -0.10452105104923248, 0.324920654296875),
            ["UpperTorso"] = CFrame.new(1.0244548320770264e-08, 5.960464477539063e-08, -5.587935447692871e-09, 0.9908768534660339, -0.06120799481868744, 0.12007011473178864, 0.04421499744057655, 0.9892479777336121, 0.13940410315990448, -0.12731176614761353, -0.1328233927488327, 0.9829291701316833),
            ["HumanoidRootPart"] = CFrame.new(0, 0, 0, 1, 0, 0, 0, 1, 0, 0, 0, 1),
            ["RightHand"] = CFrame.new(-2.2351741790771484e-08, 1.1920928955078125e-07, 3.725290298461914e-07, 0.9971973896026611, 0.054293133318424225, 0.05147551745176315, -0.050528183579444885, 0.9961371421813965, -0.07181733101606369, -0.05517578125, 0.06901505589485168, 0.9960886836051941),
            ["LeftUpperArm"] = CFrame.new(0, 0, 1.4901161193847656e-08, 0.11360704153776169, 0.5947732925415039, 0.7958258390426636, -0.42860981822013855, 0.7519800066947937, -0.5008187294006348, -0.8963185548782349, -0.2842021882534027, 0.3403557538986206),
            ["RightLowerArm"] = CFrame.new(-2.9802322387695312e-08, 1.1920928955078125e-07, 5.960464477539063e-08, 1, -6.51925802230835e-08, 4.586764745795335e-08, 9.685756197086448e-08, 0.7383500933647156, -0.6744176745414734, -5.587936335871291e-09, 0.6744176149368286, 0.7383500933647156),
            ["LeftHand"] = CFrame.new(8.940696716308594e-08, -2.384185791015625e-07, 2.682209014892578e-07, 0.9703563451766968, 0.24123944342136383, -0.014570394530892372, -0.24157871305942535, 0.9699259400367737, -0.029722359031438828, 0.006961887702345848, 0.03236125782132149, 0.9994520545005798),
            ["RightUpperLeg"] = CFrame.new(0.0005979537963867188, -0.0072870319709181786, 0.0010100883664563298, 0.991814911365509, -0.038665834814310074, -0.12168928980827332, 0.011857137084007263, 0.9768193364143372, -0.2137368619441986, 0.12713278830051422, 0.21054454147815704, 0.9692823886871338),
            ["LeftUpperLeg"] = CFrame.new(0, -4.791654646396637e-07, 7.450580596923828e-09, 0.9650487899780273, -0.144723579287529, -0.2184855192899704, -0.044236935675144196, 0.731769859790802, -0.6801145076751709, 0.2583097517490387, 0.6660090684890747, 0.6997916102409363),
            ["RightLowerLeg"] = CFrame.new(1.4901161193847656e-08, 4.172325134277344e-07, 7.620110409334302e-08, 1, -9.3132300094112e-08, -1.769513602312145e-08, 1.3411047916633834e-07, 0.8808869123458862, 0.47332653403282166, -6.519259443393821e-08, -0.47332680225372314, 0.8808871507644653),
            ["RightFoot"] = CFrame.new(0, 3.5762786865234375e-07, 2.4047039914876223e-08, 0.9951960444450378, -0.058933649212121964, 0.07817737758159637, 0.07363741844892502, 0.9768115878105164, -0.20103859901428223, -0.06451661884784698, 0.20582987368106842, 0.9764589071273804),
            ["LeftLowerLeg"] = CFrame.new(1.4901161193847656e-07, -5.960464477539063e-08, 5.960464477539063e-08, 1, 1.0430811414607888e-07, 4.8428766774577525e-08, -8.940695295223122e-08, 0.537009596824646, 0.8435761332511902, 5.960463766996327e-08, -0.843576192855835, 0.5370095372200012),
        }},
        {Time = 0.067, Data = {
            ["LeftFoot"] = CFrame.new(2.9802322387695312e-08, 0, -1.4901161193847656e-08, 0.9881181120872498, -0.031143918633461, -0.1505080759525299, 0.11260420829057693, 0.8131887316703796, 0.5710027813911438, 0.10460808873176575, -0.58116614818573, 0.8070336580276489),
            ["LeftLowerArm"] = CFrame.new(-1.1920928955078125e-07, -4.76837158203125e-07, 1.1920928955078125e-07, 1, -1.862644971595273e-08, 4.470347647611561e-08, 3.725290298461914e-09, 0.9985390305519104, -0.054035596549510956, 1.862645149230957e-08, 0.054035596549510956, 0.9985390305519104),
            ["LowerTorso"] = CFrame.new(-0.01754237525165081, 0.02171015739440918, 0.047082655131816864, 0.9639455676078796, 0.059487808495759964, -0.2593649923801422, -0.10339198261499405, 0.9818388223648071, -0.1590685397386551, 0.24519194662570953, 0.18014968931674957, 0.9525896310806274),
            ["Head"] = CFrame.new(-4.99130692332983e-09, 2.384185791015625e-07, 1.0186340659856796e-08, 0.9969425201416016, -0.06796541810035706, 0.038554221391677856, 0.07007970660924911, 0.9959439635276794, -0.05643188953399658, -0.034562431275844574, 0.058961205184459686, 0.997661828994751),
            ["RightUpperArm"] = CFrame.new(-5.960464477539063e-08, 5.960464477539062e-07, 2.6542693376541138e-08, 0.07294308394193649, -0.9438384771347046, -0.3222549855709076, 0.2177235186100006, 0.33039212226867676, -0.9183886647224426, 0.9732809662818909, -0.003172349650412798, 0.22959557175636292),
            ["UpperTorso"] = CFrame.new(3.725290298461914e-09, 0, 8.498318493366241e-09, 0.9694704413414001, -0.08271501958370209, 0.23083612322807312, 0.019767586141824722, 0.9646875858306885, 0.26265406608581543, -0.24441015720367432, -0.25007230043411255, 0.9368711113929749),
            ["HumanoidRootPart"] = CFrame.new(0, 0, 0, 1, 0, 0, 0, 1, 0, 0, 0, 1),
            ["RightHand"] = CFrame.new(1.6391277313232422e-07, -1.7881393432617188e-07, 3.725290298461914e-08, 0.9984980225563049, 0.05426938459277153, -0.007521694991737604, -0.05295224487781525, 0.9911434054374695, 0.12178176641464233, 0.014064162969589233, -0.12120053172111511, 0.9925284385681152),
            ["LeftUpperArm"] = CFrame.new(-1.1920928955078125e-07, 8.344650268554688e-07, 1.0244548320770264e-08, 0.08275030553340912, 0.6559262275695801, 0.7502754926681519, -0.504383385181427, 0.6768779754638672, -0.5361284613609314, -0.8595055341720581, -0.33406156301498413, 0.3868500888347626),
            ["RightLowerArm"] = CFrame.new(-2.384185791015625e-07, -2.384185791015625e-07, 1.043081283569336e-07, 1, -5.587935447692871e-08, -9.313225746154785e-10, 3.725290298461914e-08, 0.8507168889045715, -0.52562415599823, 3.91155481338501e-08, 0.52562415599823, 0.8507168889045715),
            ["LeftHand"] = CFrame.new(3.129243850708008e-07, 2.384185791015625e-07, 2.086162567138672e-07, 0.984630823135376, 0.17154647409915924, -0.03277292102575302, -0.16935311257839203, 0.983673095703125, 0.06088355928659439, 0.042682137340307236, -0.054397549480199814, 0.9976066946983337),
            ["RightUpperLeg"] = CFrame.new(0.000597834587097168, -0.007286598905920982, 0.0010100436629727483, 0.9959513545036316, -0.06412315368652344, -0.06300190836191177, 0.05708593875169754, 0.9925356507301331, -0.10776966065168381, 0.06944220513105392, 0.10373670607805252, 0.9921776652336121),
            ["LeftUpperLeg"] = CFrame.new(5.960464477539063e-08, 1.1548399925231934e-07, 7.450580596923828e-09, 0.9428173303604126, -0.21154583990573883, -0.2575731575489044, -0.04592961072921753, 0.6829443573951721, -0.7290251851081848, 0.33013036847114563, 0.6991676688194275, 0.6341754198074341),
            ["RightLowerLeg"] = CFrame.new(-3.4458935260772705e-08, 3.5762786865234375e-07, 6.875052349641919e-08, 1, 1.862645815364772e-09, 2.1886080503463745e-08, 5.7742006731587026e-08, 0.9281274676322937, 0.37226253747940063, 2.980232594040899e-08, -0.3722628057003021, 0.9281274676322937),
            ["RightFoot"] = CFrame.new(-3.91155481338501e-08, 1.7881393432617188e-07, 2.2184394765645266e-08, 0.9954047799110413, -0.05797026678919792, 0.0762149840593338, 0.06659024208784103, 0.9910245537757874, -0.11591354757547379, -0.06881134957075119, 0.12045633792877197, 0.9903309345245361),
            ["LeftLowerLeg"] = CFrame.new(4.470348358154297e-08, 2.384185791015625e-07, 7.450580596923828e-08, 1, 1.601874686230076e-07, 1.2293456563838845e-07, -1.8626448650138627e-07, 0.43754443526268005, 0.8991967439651489, 4.470347647611561e-08, -0.8991968035697937, 0.4375445246696472),
        }},
        {Time = 0.100, Data = {
            ["LeftFoot"] = CFrame.new(2.9802322387695312e-08, 5.960464477539063e-08, 0, 0.9746989607810974, -0.059217363595962524, -0.21553462743759155, 0.18608203530311584, 0.7492002844810486, 0.6356669664382935, 0.12383627146482468, -0.6596909165382385, 0.7412640452384949),
            ["LeftLowerArm"] = CFrame.new(3.5762786865234375e-07, 1.1920928955078125e-07, 1.1920928955078125e-07, 1, -1.30385160446167e-08, 2.2351741790771484e-08, -1.6763806343078613e-08, 1, -2.9802322387695312e-08, 1.862645149230957e-08, -2.9802322387695312e-08, 1),
            ["LowerTorso"] = CFrame.new(-0.0314224548637867, 0.051564931869506836, 0.09048029780387878, 0.9550485610961914, 0.0589447058737278, -0.29053017497062683, -0.13325220346450806, 0.9608049392700195, -0.24310031533241272, 0.2648133337497711, 0.2708863914012909, 0.9254698753356934),
            ["Head"] = CFrame.new(2.8870999813079834e-08, -8.344650268554688e-07, 2.3283064365386963e-10, 0.9943028688430786, -0.10640817135572433, 0.006264285650104284, 0.1065729558467865, 0.9912806749343872, -0.07749149203300476, 0.0020360599737614393, 0.077717624604702, 0.9969733953475952),
            ["RightUpperArm"] = CFrame.new(0, -3.5762786865234375e-07, 4.470348358154297e-08, 0.12316205352544785, -0.99222332239151, -0.017999785020947456, 0.08235330134630203, 0.02829425036907196, -0.9962015151977539, 0.9889636635780334, 0.1212119460105896, 0.08519760519266129),
            ["UpperTorso"] = CFrame.new(-1.4435499906539917e-08, 5.960464477539063e-08, -6.426125764846802e-08, 0.9527364373207092, -0.09987429529428482, 0.28691214323043823, -0.0036174687556922436, 0.9406197667121887, 0.3394427001476288, -0.3037768006324768, -0.32443729043006897, 0.8958014249801636),
            ["HumanoidRootPart"] = CFrame.new(0, 0, 0, 1, 0, 0, 0, 1, 0, 0, 0, 1),
            ["RightHand"] = CFrame.new(5.960464477539063e-08, -5.960464477539063e-08, 4.880130290985107e-07, 0.99736088514328, 0.061553094536066055, -0.038505278527736664, -0.05141303688287735, 0.9732191562652588, 0.22405613958835602, 0.05126543715596199, -0.22148513793945312, 0.9738152623176575),
            ["LeftUpperArm"] = CFrame.new(5.960464477539063e-08, -4.76837158203125e-07, 0, 0.03578701242804527, 0.7013675570487976, 0.7119008898735046, -0.5578562021255493, 0.6050608158111572, -0.5680650472640991, -0.8291656970977783, -0.3768089711666107, 0.41291555762290955),
            ["RightLowerArm"] = CFrame.new(1.7881393432617188e-07, 0, -4.917383193969727e-07, 1, -2.6077035641947077e-08, 7.450580596923828e-09, 3.81842291119483e-08, 0.9427379369735718, -0.3335344195365906, -1.862645371275562e-09, 0.33353444933891296, 0.9427379369735718),
            ["LeftHand"] = CFrame.new(2.9802322387695312e-08, 2.980232238769531e-07, -5.960464477539063e-08, 0.9898920655250549, 0.13443411886692047, -0.0451793298125267, -0.12889574468135834, 0.9856723546981812, 0.10879369080066681, 0.05915768817067146, -0.10187061131000519, 0.9930371642112732),
            ["RightUpperLeg"] = CFrame.new(0.0005978941917419434, -0.0072870198637247086, 0.0010100436629727483, 0.9955859184265137, -0.08649975806474686, -0.03642156720161438, 0.08739344775676727, 0.9958918690681458, 0.02370392344892025, 0.034221548587083817, -0.026782430708408356, 0.9990554451942444),
            ["LeftUpperLeg"] = CFrame.new(0, -8.102506399154663e-08, -6.332993507385254e-08, 0.9244585037231445, -0.2715376615524292, -0.26766395568847656, -0.0459100678563118, 0.6176270246505737, -0.7851300835609436, 0.37850868701934814, 0.7381086349487305, 0.5585041642189026),
            ["RightLowerLeg"] = CFrame.new(1.30385160446167e-08, 4.172325134277344e-07, -5.75528247281909e-09, 1, -7.078051567077637e-08, -6.612390990312633e-08, 3.259628655882807e-08, 0.9712228178977966, 0.23817244172096252, -3.259628655882807e-08, -0.23817262053489685, 0.9712228775024414),
            ["RightFoot"] = CFrame.new(2.7939677238464355e-09, 1.1920928955078125e-07, 1.6952981241047382e-09, 0.9955920577049255, -0.05701513588428497, 0.07447011768817902, 0.058570265769958496, 0.9981051087379456, -0.018865996971726418, -0.07325326651334763, 0.023144884034991264, 0.9970448613166809),
            ["LeftLowerLeg"] = CFrame.new(-9.685754776000977e-08, -1.7881393432617188e-07, -2.9802322387695312e-08, 1, 1.1455269088855857e-07, -7.450581485102248e-09, -8.195638656616211e-08, 0.3011365532875061, 0.9535810947418213, 4.470348358154297e-08, -0.9535810351371765, 0.30113640427589417),
        }},
        {Time = 0.133, Data = {
            ["LeftFoot"] = CFrame.new(8.940696716308594e-08, -5.960464477539063e-08, 4.470348358154297e-08, 0.9640886187553406, -0.11785605549812317, -0.2379983514547348, 0.2310858964920044, 0.8139247298240662, 0.5330344438552856, 0.13089141249656677, -0.5688905119895935, 0.8119304180145264),
            ["LeftLowerArm"] = CFrame.new(1.7881393432617188e-07, -1.1920928955078125e-07, -5.960464477539062e-07, 1, 1.862645149230957e-08, -3.725290653733282e-08, 1.1175872671742582e-08, 1, -1.3411046495548362e-07, -1.862645371275562e-09, 7.450580596923828e-08, 1),
            ["LowerTorso"] = CFrame.new(-0.042552586644887924, 0.06207156181335449, 0.1345369666814804, 0.9595980048179626, 0.04436514526605606, -0.2778549790382385, -0.13076487183570862, 0.9446893334388733, -0.30076998472213745, 0.24914292991161346, 0.3249519467353821, 0.9123234152793884),
            ["Head"] = CFrame.new(3.259629011154175e-09, 1.1920928955078125e-07, -1.4668330550193787e-08, 0.9921631217002869, -0.0963238924741745, 0.07958729565143585, 0.10171341150999069, 0.992576003074646, -0.06668824702501297, -0.0725727528333664, 0.07426071166992188, 0.9945946931838989),
            ["RightUpperArm"] = CFrame.new(-5.960464477539063e-08, -3.5762786865234375e-07, -1.1175870895385742e-08, 0.24931086599826813, -0.9487834572792053, 0.1940467804670334, 0.0070372410118579865, -0.19859370589256287, -0.980056643486023, 0.9683980345726013, 0.24570436775684357, -0.04283478856086731),
            ["UpperTorso"] = CFrame.new(1.6763806343078613e-08, 1.7881393432617188e-07, -9.406358003616333e-08, 0.9611863493919373, -0.0916435644030571, 0.2602351903915405, -0.007394165266305208, 0.9343271255493164, 0.35634011030197144, -0.27580106258392334, -0.344433456659317, 0.8973848223686218),
            ["HumanoidRootPart"] = CFrame.new(0, 0, 0, 1, 0, 0, 0, 1, 0, 0, 0, 1),
            ["RightHand"] = CFrame.new(-1.6391277313232422e-07, 2.384185791015625e-07, -1.5459954738616943e-07, 0.997604250907898, 0.06787603348493576, -0.013364609330892563, -0.06472493708133698, 0.9839885830879211, 0.16606375575065613, 0.02442236989736557, -0.16480088233947754, 0.9860244393348694),
            ["LeftUpperArm"] = CFrame.new(0, 0, -1.862645149230957e-08, -0.003280887845903635, 0.7425467371940613, 0.669786274433136, -0.5368947982788086, 0.563758373260498, -0.6276307702064514, -0.8436428904533386, -0.36166396737098694, 0.3968198895454407),
            ["RightLowerArm"] = CFrame.new(5.960464477539063e-08, 3.5762786865234375e-07, -2.0954757928848267e-08, 1, -2.3283067918100642e-08, 7.450581485102248e-09, 2.8405342078485774e-08, 0.9868677258491516, -0.16153115034103394, -1.862645371275562e-09, 0.16153116524219513, 0.9868676662445068),
            ["LeftHand"] = CFrame.new(-2.980232238769531e-07, 1.1920928955078125e-07, 5.960464477539063e-08, 0.9884045720100403, 0.14824573695659637, -0.03285899758338928, -0.14516955614089966, 0.9860212802886963, 0.08177995681762695, 0.0445232018828392, -0.07606153935194016, 0.9961086511611938),
            ["RightUpperLeg"] = CFrame.new(0.0004429817199707031, -0.005397610366344452, 0.0007481558131985366, 0.9948808550834656, -0.08587547391653061, -0.053267937153577805, 0.0906129851937294, 0.991436779499054, 0.09403441846370697, 0.044736575335264206, -0.09838014841079712, 0.9941429495811462),
            ["LeftUpperLeg"] = CFrame.new(2.9802322387695312e-08, 4.591420292854309e-07, -1.0803341865539551e-07, 0.9058014154434204, -0.3243202567100525, -0.27265408635139465, -0.053999580442905426, 0.5498921871185303, -0.833488404750824, 0.420247346162796, 0.7696980237960815, 0.48057979345321655),
            ["RightLowerLeg"] = CFrame.new(1.30385160446167e-08, 1.7881393432617188e-07, -4.300818545743823e-08, 1, -4.19095051995555e-08, 3.344028698393231e-08, 5.4016684458702e-08, 0.9806190133094788, 0.1959242969751358, 1.396983151380482e-08, -0.19592441618442535, 0.9806190133094788),
            ["RightFoot"] = CFrame.new(-2.0489096641540527e-08, 1.7881393432617188e-07, -8.658389560878277e-10, 0.9956045150756836, -0.05949219688773155, 0.07233504205942154, 0.05721670389175415, 0.9978118538856506, 0.03313474357128143, -0.07414810359477997, -0.028850169852375984, 0.9968299269676208),
            ["LeftLowerLeg"] = CFrame.new(-8.195638656616211e-08, 3.5762786865234375e-07, 8.195638656616211e-08, 1, 9.313224857976365e-09, 8.568165554834195e-08, -1.1920931797249068e-07, 0.1777627319097519, 0.9840734004974365, 9.313227877782992e-08, -0.9840733408927917, 0.1777624785900116),
        }},
        {Time = 0.167, Data = {
            ["LeftFoot"] = CFrame.new(-5.960464477539063e-08, 5.960464477539063e-08, -5.960464477539063e-08, 0.9564957022666931, -0.21808381378650665, -0.19379295408725739, 0.2758246958255768, 0.8924089670181274, 0.35710927844047546, 0.09506271779537201, -0.39502647519111633, 0.9137381315231323),
            ["LeftLowerArm"] = CFrame.new(-1.1920928955078125e-07, 0, 2.086162567138672e-07, 1, 2.607702853651972e-08, -2.421438694000244e-08, 1.4901159417490817e-08, 1, 1.4901161193847656e-08, 3.818422200652094e-08, -4.470347647611561e-08, 1),
            ["LowerTorso"] = CFrame.new(-0.05055651068687439, 0.06594228744506836, 0.17474813759326935, 0.9685195684432983, 0.02683999016880989, -0.2474861741065979, -0.11064891517162323, 0.936979353427887, -0.3314008116722107, 0.2229946404695511, 0.3483522832393646, 0.910452663898468),
            ["Head"] = CFrame.new(3.725290298461914e-09, 0, -3.14321368932724e-09, 0.971343994140625, -0.07096543163061142, 0.2268366515636444, 0.08201918005943298, 0.9958409667015076, -0.03966974467039108, -0.22307799756526947, 0.05713791400194168, 0.9731246829032898),
            ["RightUpperArm"] = CFrame.new(1.1920928955078125e-07, -2.384185791015625e-07, -9.313225746154785e-09, 0.35568857192993164, -0.8790282607078552, 0.3174828588962555, 0.00032523577101528645, -0.33958104252815247, -0.9405767321586609, 0.9346045851707458, 0.3346555233001709, -0.12049907445907593),
            ["UpperTorso"] = CFrame.new(-2.60770320892334e-08, 5.960464477539063e-08, -6.51925802230835e-09, 0.9770359992980957, -0.0734378919005394, 0.20001941919326782, -0.004172951448708773, 0.9319535493850708, 0.3625538647174835, -0.2130340188741684, -0.3550628125667572, 0.9102455377578735),
            ["HumanoidRootPart"] = CFrame.new(0, 0, 0, 1, 0, 0, 0, 1, 0, 0, 0, 1),
            ["RightHand"] = CFrame.new(9.918585419654846e-08, 0, -1.7508864402770996e-07, 0.9964023232460022, 0.07857771962881088, 0.031750407069921494, -0.08001402765512466, 0.9956930875778198, 0.0468306727707386, -0.02793382853269577, -0.04920265078544617, 0.9983981251716614),
            ["LeftUpperArm"] = CFrame.new(1.1920928955078125e-07, -1.1920928955078125e-07, 2.0489096641540527e-08, -0.023979507386684418, 0.8035814762115479, 0.5947115421295166, -0.45418089628219604, 0.5211900472640991, -0.7225515246391296, -0.8905868530273438, -0.287432998418808, 0.3524734675884247),
            ["RightLowerArm"] = CFrame.new(5.960464477539063e-08, -2.980232238769531e-07, 5.587935447692871e-08, 1, -7.395283319056034e-08, 1.1845258995890617e-08, 2.449087688205509e-08, 0.9990615248680115, -0.04331411421298981, 5.820766646458253e-10, 0.04331408068537712, 0.9990615248680115),
            ["LeftHand"] = CFrame.new(-3.3527612686157227e-08, -1.1920928955078125e-07, -2.9802322387695312e-08, 0.9846078753471375, 0.1745709329843521, -0.008513657376170158, -0.17436163127422333, 0.9844557046890259, 0.021093539893627167, 0.012063594534993172, -0.019284335896372795, 0.99974125623703),
            ["RightUpperLeg"] = CFrame.new(0.00015497207641601562, -0.001889207400381565, 0.0002619830775074661, 0.9939413070678711, -0.07187458872795105, -0.08315428346395493, 0.0803276002407074, 0.9914088249206543, 0.10322785377502441, 0.07502041012048721, -0.10928209871053696, 0.9911758303642273),
            ["LeftUpperLeg"] = CFrame.new(0, 1.0617077350616455e-07, -5.21540641784668e-08, 0.8710541725158691, -0.3812249004840851, -0.3097292482852936, -0.08485988527536392, 0.5042932033538818, -0.8593528270721436, 0.48380106687545776, 0.7748263478279114, 0.4069158434867859),
            ["RightLowerLeg"] = CFrame.new(-6.705522537231445e-08, 5.960464477539062e-07, -9.516224963590503e-08, 1, -4.866160452365875e-08, -8.312056110071353e-08, 4.004688136660661e-08, 0.9696353673934937, 0.24455511569976807, -3.445894236620006e-08, -0.24455542862415314, 0.9696354269981384),
            ["RightFoot"] = CFrame.new(2.9802322387695312e-08, 3.5762786865234375e-07, 3.092281986027956e-09, 0.9955222010612488, -0.0638975203037262, 0.06966238468885422, 0.06103280186653137, 0.9972303509712219, 0.04250520467758179, -0.07218531519174576, -0.03806300833821297, 0.9966647028923035),
            ["LeftLowerLeg"] = CFrame.new(6.705522537231445e-08, -1.1920928955078125e-07, -1.0652001947164536e-07, 1, 3.72529100900465e-08, 0, -2.980232594040899e-08, 0.12166465818881989, 0.9925712943077087, -1.3969840395589017e-08, -0.9925712943077087, 0.12166447192430496),
        }},
        {Time = 0.200, Data = {
            ["LeftFoot"] = CFrame.new(-1.7881393432617188e-07, 3.5762786865234375e-07, 0, 0.950766921043396, -0.2678894102573395, -0.15581296384334564, 0.302139550447464, 0.91312175989151, 0.27371639013290405, 0.06895063072443008, -0.3073175251483917, 0.9491057991981506),
            ["LeftLowerArm"] = CFrame.new(-1.7881393432617188e-07, 0, -2.086162567138672e-07, 1, -1.7695128917694092e-08, 3.3527612686157227e-08, 1.0244549208948683e-08, 1, 3.725290298461914e-08, -1.1641533959050321e-08, -1.4901161193847656e-08, 1),
            ["LowerTorso"] = CFrame.new(-0.056055761873722076, 0.06649541854858398, 0.20776909589767456, 0.9764811396598816, 0.009589488618075848, -0.21538954973220825, -0.08473747968673706, 0.9356871843338013, -0.34250408411026, 0.1982528120279312, 0.3527003526687622, 0.9144935011863708),
            ["Head"] = CFrame.new(1.6530975699424744e-08, -2.384185791015625e-07, 5.7290890254080296e-08, 0.9399402737617493, -0.03856316953897476, 0.3391536772251129, 0.042706526815891266, 0.9990763068199158, -0.004758981987833977, -0.33865687251091003, 0.0189572311937809, 0.9407190084457397),
            ["RightUpperArm"] = CFrame.new(0, -1.1920928955078125e-07, 6.705522537231445e-08, 0.3959222435951233, -0.8438283801078796, 0.36221423745155334, 0.005425783805549145, -0.3922903835773468, -0.9198254942893982, 0.9182679653167725, 0.3661448061466217, -0.15073804557323456),
            ["UpperTorso"] = CFrame.new(-1.1175870895385742e-08, -8.940696716308594e-08, -1.862645149230957e-09, 0.9894888401031494, -0.05693518742918968, 0.13292987644672394, 0.004879223648458719, 0.9318532943725586, 0.36280253529548645, -0.1445273458957672, -0.35834047198295593, 0.922336220741272),
            ["HumanoidRootPart"] = CFrame.new(0, 0, 0, 1, 0, 0, 0, 1, 0, 0, 0, 1),
            ["RightHand"] = CFrame.new(4.284083843231201e-08, 0, 4.1350722312927246e-07, 0.9947601556777954, 0.08671080321073532, 0.05416082590818405, -0.08430517464876175, 0.995413064956665, -0.0452280230820179, -0.05783417075872421, 0.04042502120137215, 0.9975075125694275),
            ["LeftUpperArm"] = CFrame.new(-1.1920928955078125e-07, 0, 5.587935447692871e-08, -0.035346776247024536, 0.8651308417320251, 0.5002992153167725, -0.3617526590824127, 0.4555876553058624, -0.8133725523948669, -0.9316038489341736, -0.20973466336727142, 0.29685989022254944),
            ["RightLowerArm"] = CFrame.new(-5.960464477539063e-08, 1.7881393432617188e-07, -3.2782554626464844e-07, 1, 1.9907021808762693e-08, -1.7229465854029513e-08, 4.9709342420101166e-08, 1, -2.9802318834981634e-08, -1.3969838619232178e-09, 3.725290653733282e-08, 1),
            ["LeftHand"] = CFrame.new(1.0803341865539551e-07, 5.960464477539063e-08, -2.9802322387695312e-08, 0.9818320274353027, 0.18943431973457336, 0.010985681787133217, -0.18884316086769104, 0.9811488389968872, -0.041053563356399536, -0.018555553629994392, 0.03823316469788551, 0.9990966320037842),
            ["RightUpperLeg"] = CFrame.new(-1.1920928955078125e-07, -3.91155481338501e-08, -1.3580574886873364e-07, 0.9920692443847656, -0.04855823516845703, -0.11593495309352875, 0.0642784908413887, 0.9886266589164734, 0.13596254587173462, 0.10801421105861664, -0.14233627915382385, 0.9839072227478027),
            ["LeftUpperLeg"] = CFrame.new(1.1920928955078125e-07, -5.373731255531311e-07, 7.450580596923828e-09, 0.8433184623718262, -0.4122810661792755, -0.3447296917438507, -0.11646323651075363, 0.48601359128952026, -0.8661565184593201, 0.5246431231498718, 0.77059406042099, 0.3618485629558563),
            ["RightLowerLeg"] = CFrame.new(5.587935447692871e-08, 2.980232238769531e-07, 6.129994289949536e-08, 1, -3.44589530243411e-08, -6.053598156086082e-08, 5.727633833885193e-08, 0.9756216406822205, 0.21945920586585999, -6.51925802230835e-09, -0.2194594144821167, 0.97562175989151),
            ["RightFoot"] = CFrame.new(-9.313225746154785e-09, 1.7881393432617188e-07, -6.330083124339581e-10, 0.9954237937927246, -0.06671154499053955, 0.06841899454593658, 0.06218230724334717, 0.9958589673042297, 0.06632053107023239, -0.07255993783473969, -0.061762407422065735, 0.9954499006271362),
            ["LeftLowerLeg"] = CFrame.new(8.940696716308594e-08, -5.960464477539063e-08, 2.60770320892334e-08, 1, 8.940698847936801e-08, 5.960465898624534e-08, -8.940696716308594e-08, 0.11570661514997482, 0.9932835102081299, 1.3597309589385986e-07, -0.9932834506034851, 0.11570662260055542),
        }},
        {Time = 0.233, Data = {
            ["LeftFoot"] = CFrame.new(0, -1.7881393432617188e-07, 7.450580596923828e-08, 0.9532647132873535, -0.23749396204948425, -0.1867700219154358, 0.2862498164176941, 0.9077232480049133, 0.30675697326660156, 0.0966825857758522, -0.345883309841156, 0.9332830905914307),
            ["LeftLowerArm"] = CFrame.new(8.940696716308594e-08, 0, -5.21540641784668e-07, 1, -7.450580596923828e-09, -1.210719347000122e-08, 3.725290742551124e-09, 0.9990307688713074, -0.04401708021759987, -1.6763808119435453e-08, 0.04401707649230957, 0.9990307688713074),
            ["LowerTorso"] = CFrame.new(-0.05996134132146835, 0.05480647087097168, 0.2311006784439087, 0.981035053730011, -0.002983279526233673, -0.1938074678182602, -0.06128881126642227, 0.9438064694404602, -0.3247661888599396, 0.1838856041431427, 0.3304852247238159, 0.9257243871688843),
            ["Head"] = CFrame.new(-3.725290298461914e-09, -2.384185791015625e-07, -3.3352989703416824e-08, 0.9246265888214111, -0.0023355036973953247, 0.38086771965026855, -0.012136893346905708, 0.99929279088974, 0.03559228032827377, -0.38068142533302307, -0.03753211721777916, 0.923944354057312),
            ["RightUpperArm"] = CFrame.new(-5.960464477539063e-08, 1.1920928955078125e-07, -1.909211277961731e-08, 0.36062368750572205, -0.8531122207641602, 0.3770279288291931, 0.024055933579802513, -0.395586222410202, -0.9181138277053833, 0.9324012398719788, 0.34016329050064087, -0.12213531881570816),
            ["UpperTorso"] = CFrame.new(7.450580596923828e-09, -1.7881393432617188e-07, -3.818422555923462e-08, 0.9954496622085571, -0.04621031880378723, 0.08333490043878555, 0.016293847933411598, 0.9442089200019836, 0.3289439082145691, -0.0938861295580864, -0.3260892331600189, 0.9406653046607971),
            ["HumanoidRootPart"] = CFrame.new(0, 0, 0, 1, 0, 0, 0, 1, 0, 0, 0, 1),
            ["RightHand"] = CFrame.new(5.960464477539063e-08, -1.1920928955078125e-07, 3.0174851417541504e-07, 0.9977609515190125, 0.06098916381597519, 0.027450837194919586, -0.05858536809682846, 0.9949759244918823, -0.0811830535531044, -0.032264187932014465, 0.07939299941062927, 0.9963211417198181),
            ["LeftUpperArm"] = CFrame.new(0, 0, -3.2247044146060944e-08, -0.051611971110105515, 0.9162894487380981, 0.39717745780944824, -0.311289519071579, 0.36313262581825256, -0.8781991004943848, -0.9489126205444336, -0.16896268725395203, 0.266489177942276),
            ["RightLowerArm"] = CFrame.new(5.960464477539063e-08, 5.960464477539063e-08, 0, 1, -2.0954757928848267e-08, -3.725290742551124e-09, -7.916240996053148e-09, 1, -7.450581485102248e-09, 0, -2.2351741790771484e-08, 1),
            ["LeftHand"] = CFrame.new(-5.960464477539063e-08, 2.384185791015625e-07, -2.9802322387695312e-08, 0.9898858666419983, 0.1400349885225296, 0.022723892703652382, -0.13780748844146729, 0.9871892929077148, -0.08041519671678543, -0.03369370102882385, 0.07647034525871277, 0.9965023994445801),
            ["RightUpperLeg"] = CFrame.new(0.0004172325134277344, -0.035382673144340515, 0.008469348773360252, 0.9902886748313904, -0.02135283499956131, -0.13737744092941284, 0.045170631259679794, 0.9839420914649963, 0.17267756164073944, 0.13148431479930878, -0.17720624804496765, 0.9753512144088745),
            ["LeftUpperLeg"] = CFrame.new(0, -3.9814040064811707e-08, -9.685754776000977e-08, 0.8582836985588074, -0.36025920510292053, -0.3654620349407196, -0.1448475867509842, 0.513131320476532, -0.845999538898468, 0.4923091530799866, 0.7790439128875732, 0.38822969794273376),
            ["RightLowerLeg"] = CFrame.new(-3.3527612686157227e-08, 2.980232238769531e-07, 4.639878170564771e-08, 1, -3.1664978195067306e-08, -7.555353676025334e-08, 3.073365206773815e-08, 0.9926393032073975, 0.12110850214958191, 1.0244550985305523e-08, -0.12110885232686996, 0.9926393032073975),
            ["RightFoot"] = CFrame.new(-2.60770320892334e-08, 4.76837158203125e-07, -1.4137185644358397e-08, 0.9953851103782654, -0.06376375257968903, 0.07171262800693512, 0.05873444676399231, 0.9958038926124573, 0.07017939537763596, -0.07588648051023483, -0.0656430646777153, 0.9949533939361572),
            ["LeftLowerLeg"] = CFrame.new(1.341104507446289e-07, 5.960464477539063e-08, 6.146728992462158e-08, 1, 1.639127589214695e-07, 1.564622067462551e-07, -1.5646217832454568e-07, 0.1736127883195877, 0.9848139882087708, 1.0943038830646401e-07, -0.9848139882087708, 0.17361289262771606),
        }},
        {Time = 0.267, Data = {
            ["LeftFoot"] = CFrame.new(1.1920928955078125e-07, 0, -7.450580596923828e-09, 0.9570898413658142, -0.17425167560577393, -0.23155063390731812, 0.24934139847755432, 0.9023441076278687, 0.3515739440917969, 0.14767569303512573, -0.3942228853702545, 0.9070723056793213),
            ["LeftLowerArm"] = CFrame.new(-5.960464477539063e-08, 0, 1.4901161193847656e-07, 1, -1.5832483768463135e-08, 1.5832483768463135e-08, 5.587935447692871e-09, 0.9900517463684082, -0.1407041847705841, 1.210719347000122e-08, 0.14070415496826172, 0.9900517463684082),
            ["LowerTorso"] = CFrame.new(-0.06434209644794464, 0.024597883224487305, 0.24562594294548035, 0.9838380813598633, -0.009384730830788612, -0.17881479859352112, -0.04037263244390488, 0.961285412311554, -0.2725810706615448, 0.17445015907287598, 0.27539482712745667, 0.9453701972961426),
            ["Head"] = CFrame.new(-5.122274160385132e-09, -1.1920928955078125e-07, 9.313225746154785e-09, 0.9173086881637573, 0.03314879164099693, 0.39679455757141113, -0.06884528696537018, 0.9947240352630615, 0.07605571299791336, -0.392179936170578, -0.09708400815725327, 0.9147511124610901),
            ["RightUpperArm"] = CFrame.new(1.1920928955078125e-07, 0, -7.450580596923828e-09, 0.27469006180763245, -0.8753257989883423, 0.39793238043785095, 0.07834919542074203, -0.39209991693496704, -0.9165801405906677, 0.9583354592323303, 0.28295305371284485, -0.039124876260757446),
            ["UpperTorso"] = CFrame.new(-3.725290298461914e-09, -5.960464477539063e-08, -2.7939677238464355e-09, 0.9980658292770386, -0.03855793550610542, 0.04876456409692764, 0.025484470650553703, 0.9692424535751343, 0.24478472769260406, -0.056703053414821625, -0.24306854605674744, 0.9683504104614258),
            ["HumanoidRootPart"] = CFrame.new(0, 0, 0, 1, 0, 0, 0, 1, 0, 0, 0, 1),
            ["RightHand"] = CFrame.new(-1.4901161193847656e-08, 1.1920928955078125e-07, 1.9185245037078857e-07, 0.9996089339256287, 0.0016864053905010223, -0.027913279831409454, -0.004458538256585598, 0.9950226545333862, -0.09954991191625595, 0.027606455609202385, 0.09963539242744446, 0.9946410059928894),
            ["LeftUpperArm"] = CFrame.new(0, 2.384185791015625e-07, -7.450580596923828e-09, -0.08387772738933563, 0.9540785551071167, 0.28757378458976746, -0.29870620369911194, 0.2512461245059967, -0.9206791520118713, -0.9506519436836243, -0.16312472522258759, 0.26391541957855225),
            ["RightLowerArm"] = CFrame.new(1.1920928955078125e-07, 6.556510925292969e-07, -1.126900315284729e-07, 1, -2.0489098417897367e-08, 7.450581485102248e-09, 1.6763808119435453e-08, 1, -6.05359762317903e-09, -7.450581485102248e-09, 1.909211455597415e-08, 1),
            ["LeftHand"] = CFrame.new(1.1175870895385742e-07, -5.960464477539063e-08, -3.8743019104003906e-07, 0.9990560412406921, 0.02708262950181961, 0.03396425023674965, -0.023597367107868195, 0.9947956204414368, -0.09912131726741791, -0.03647194802761078, 0.09822630882263184, 0.9944956302642822),
            ["RightUpperLeg"] = CFrame.new(0.0003091096878051758, -0.026209576055407524, 0.006273595616221428, 0.9886505603790283, -0.011318624950945377, -0.14980626106262207, 0.01936725713312626, 0.998439610004425, 0.05237749591469765, 0.1489797681570053, -0.054684627801179886, 0.9873270392417908),
            ["LeftUpperLeg"] = CFrame.new(2.9802322387695312e-08, -1.1129304766654968e-07, 2.9802322387695312e-08, 0.8940324187278748, -0.2378799319267273, -0.37963026762008667, -0.18280379474163055, 0.5799281001091003, -0.793893039226532, 0.4090096056461334, 0.7791639566421509, 0.4749891459941864),
            ["RightLowerLeg"] = CFrame.new(-6.332993507385254e-08, 5.364418029785156e-07, -7.281050784513354e-08, 1, -8.544887464267958e-08, 6.36791881447607e-08, 6.332994928470725e-08, 0.9712522029876709, 0.2380528301000595, -1.862645593320167e-09, -0.2380531281232834, 0.9712522625923157),
            ["RightFoot"] = CFrame.new(9.313225746154785e-09, 3.5762786865234375e-07, 6.81757228448987e-09, 0.9953213334083557, -0.06166945770382881, 0.07438063621520996, 0.06361525505781174, 0.9976840019226074, -0.02407797798514366, -0.07272356748580933, 0.028697477653622627, 0.9969393014907837),
