return {
    ["Only One"] = {
        {Time = 0.000, Data = {
            ["RightFoot"] = CFrame.new(-7.005655788816512e-08, 3.5762786865234375e-07, 5.928086466155946e-08, 0.9961559176445007, 0.08706050366163254, 0.009691262617707253, -0.07791735231876373, 0.9311836361885071, -0.3561260402202606, -0.04002898931503296, 0.35400229692459106, 0.9343876838684082),
            ["LeftLowerArm"] = CFrame.new(0.000020742416381835938, -1.1920928955078125e-07, -7.644625506630354e-20, 1, 0.000020906334611936472, -0.000032722960895625874, -0.000027474019589135423, -0.21556736528873444, -0.9764890074729919, -0.000027537349524209276, 0.9764890074729919, -0.21556739509105682),
            ["RightUpperArm"] = CFrame.new(0, 0, 2.9802322387695312e-08, 0.8075269460678101, -0.5867356657981873, 0.06034252792596817, -0.10828147828578949, -0.2480347901582718, -0.9626805186271667, 0.5798062682151794, 0.7708566784858704, -0.2638275921344757),
            ["Head"] = CFrame.new(2.2351741790771484e-08, 0, -6.705522537231445e-08, 0.8249956965446472, 0.048047907650470734, 0.5630927681922913, 0.04080897942185402, 0.9887133240699768, -0.14415529370307922, -0.5636636018753052, 0.14190679788589478, 0.8137235045433044),
            ["RightHand"] = CFrame.new(-5.960464477539063e-08, 1.1920928955078125e-07, -2.9802322387695312e-08, 0.7949438095092773, 0.015796776860952377, 0.6064772605895996, 0.4125825762748718, 0.7188288569450378, -0.5595182776451111, -0.4447919428348541, 0.6950075030326843, 0.5649111866950989),
            ["UpperTorso"] = CFrame.new(1.6530975699424744e-08, 1.7881393432617188e-07, -8.381903171539307e-09, 0.8672793507575989, 0.1460770070552826, -0.47590768337249756, -0.2021639198064804, 0.9769498109817505, -0.06854834407567978, 0.454924613237381, 0.1556619107723236, 0.876819908618927),
            ["HumanoidRootPart"] = CFrame.new(0, 0, 0, 1, 0, 0, 0, 1, 0, 0, 0, 1),
            ["RightUpperLeg"] = CFrame.new(5.960464477539063e-08, 1.3620592653751373e-07, -1.968510332517326e-08, 0.9147642850875854, -0.23415270447731018, -0.3292092978954315, 0.027378752827644348, 0.8489577174186707, -0.5277512669563293, 0.4030592143535614, 0.4737547039985657, 0.783007025718689),
            ["LeftUpperArm"] = CFrame.new(-5.960464477539063e-08, 0, -7.450580596923828e-08, 0.5620347261428833, 0.20797933638095856, -0.8005383610725403, -0.7291982173919678, 0.5813938975334167, -0.36090323328971863, 0.3903678059577942, 0.7865912914276123, 0.47842174768447876),
            ["RightLowerArm"] = CFrame.new(1.1920928955078125e-07, 4.76837158203125e-07, -1.4901161193847656e-07, 1, -7.078050856534901e-08, 1.192093463942001e-07, 1.1920928955078125e-07, 0.17379321157932281, -0.9847822785377502, 8.195638656616211e-08, 0.9847821593284607, 0.173793226480484),
            ["LeftHand"] = CFrame.new(-1.0989606380462646e-07, -1.1920928955078125e-07, 1.2665987014770508e-07, 0.619905948638916, -0.2857346832752228, -0.7308024764060974, 0.059609755873680115, 0.9458001255989075, -0.31923168897628784, 0.7824087142944336, 0.1543308049440384, 0.6033397912979126),
            ["LeftFoot"] = CFrame.new(-1.5495055549763492e-07, 5.960464477539063e-08, -1.6824998283482273e-08, 0.9577805995941162, -0.2874985635280609, 0.0010146669810637832, 0.23950940370559692, 0.7959454655647278, -0.5559735298156738, 0.15903368592262268, 0.5327433943748474, 0.8311993479728699),
            ["LowerTorso"] = CFrame.new(0.14478377997875214, -0.28212010860443115, -0.005104809068143368, 0.9837552905082703, -0.10220564901828766, -0.14757883548736572, 0.09362426400184631, 0.9935493469238281, -0.06398599594831467, 0.15316657721996307, 0.04912960156798363, 0.9869783520698547),
            ["RightLowerLeg"] = CFrame.new(1.1175870895385742e-07, -0.000003874301910400391, -0.000012949887604918331, 1, -0.000003829596153082093, -0.000002142041694241925, 0.000003881752945744665, 0.5265181064605713, 0.8501638174057007, -0.0000020749869236169616, -0.8501638770103455, 0.5265182256698608),
            ["LeftUpperLeg"] = CFrame.new(2.9802322387695312e-08, 1.7136335372924805e-07, -1.1368683772161603e-13, 0.8239418864250183, 0.1300925761461258, -0.5515391826629639, -0.3275468051433563, 0.9035648107528687, -0.2761949300765991, 0.4624207019805908, 0.4082237184047699, 0.7870964407920837),
            ["LeftLowerLeg"] = CFrame.new(-2.4740138826473412e-08, 0.000004172325134277344, 0.00001303546378039755, 1, -0.000003978611402999377, -0.0000029504305985028623, 0.000004088506102561951, 0.30664101243019104, 0.9518254399299622, -0.000002942979335784912, -0.9518252611160278, 0.3066406846046448),
        }},
        {Time = 0.033, Data = {
            ["RightFoot"] = CFrame.new(1.2987584341317415e-08, 2.384185791015625e-07, -8.206188795156777e-08, 0.9951466917991638, 0.09795022755861282, 0.009434484876692295, -0.08919264376163483, 0.9383431077003479, -0.3340010941028595, -0.04156816378235817, 0.33153894543647766, 0.9425255060195923),
            ["LeftLowerArm"] = CFrame.new(0.000021517276763916016, -1.1920928955078125e-07, 1.471489667892456e-07, 1, 0.000021480029317899607, -0.00003240257501602173, -0.00002750381827354431, -0.200563445687294, -0.9796807765960693, -0.000027525238692760468, 0.9796807765960693, -0.20056340098381042),
            ["RightUpperArm"] = CFrame.new(0, 0, 2.9802322387695312e-08, 0.843758225440979, -0.5361775159835815, 0.02420436590909958, -0.06797736138105392, -0.15148845314979553, -0.9861188530921936, 0.5324013233184814, 0.8304004669189453, -0.1642676293849945),
            ["Head"] = CFrame.new(1.4901161193847656e-08, -3.5762786865234375e-07, 0, 0.8597810864448547, 0.0610407218337059, 0.5070016384124756, 0.044068217277526855, 0.9802578091621399, -0.19275005161762238, -0.5087578892707825, 0.1880655586719513, 0.8401170969009399),
            ["RightHand"] = CFrame.new(-1.1920928955078125e-07, -2.980232238769531e-07, 1.1920928955078125e-07, 0.817234218120575, -0.017096146941184998, 0.5760520100593567, 0.4131260812282562, 0.7142969369888306, -0.5648953318595886, -0.40181463956832886, 0.6996338963508606, 0.5908108353614807),
            ["UpperTorso"] = CFrame.new(-7.101334631443024e-09, -2.980232238769531e-07, 1.3271346688270569e-08, 0.8960520625114441, 0.11250424385070801, -0.429457426071167, -0.16488231718540192, 0.9825006723403931, -0.08663858473300934, 0.41219502687454224, 0.14844264090061188, 0.8989216089248657),
            ["HumanoidRootPart"] = CFrame.new(0, 0, 0, 1, 0, 0, 0, 1, 0, 0, 0, 1),
            ["RightUpperLeg"] = CFrame.new(0, -1.1583324521780014e-07, -1.0586518328636885e-09, 0.8985771536827087, -0.2722242772579193, -0.34417015314102173, 0.06404820084571838, 0.8572794198989868, -0.5108519792556763, 0.43411630392074585, 0.4369964003562927, 0.787767231464386),
            ["LeftUpperArm"] = CFrame.new(-1.1920928955078125e-07, -2.384185791015625e-07, 1.4901161193847656e-08, 0.6120607256889343, 0.2132672816514969, -0.7615108489990234, -0.6845488548278809, 0.6250172257423401, -0.37516164779663086, 0.39594772458076477, 0.750913143157959, 0.528540313243866),
            ["RightLowerArm"] = CFrame.new(-1.1920928955078125e-07, 1.7881393432617188e-07, -2.980232238769531e-07, 1, -1.5785921902988775e-07, 2.1606689415420988e-07, 1.6763804921993142e-07, 0.06950221210718155, -0.9975818395614624, 1.2852250108608132e-07, 0.9975818991661072, 0.06950210779905319),
            ["LeftHand"] = CFrame.new(6.51925802230835e-08, 0, -5.122274160385132e-08, 0.5537518858909607, -0.2648848295211792, -0.7894269824028015, 0.032325755804777145, 0.9541774988174438, -0.29749003052711487, 0.832054078578949, 0.13921687006950378, 0.5369401574134827),
            ["LeftFoot"] = CFrame.new(-5.9438274746526076e-08, 1.1920928955078125e-07, 2.2781973640917386e-08, 0.9684165120124817, -0.24166202545166016, -0.06139253452420235, 0.20137229561805725, 0.9032361507415771, -0.3789640963077545, 0.14703315496444702, 0.35463231801986694, 0.9233728051185608),
            ["LowerTorso"] = CFrame.new(0.13444286584854126, -0.22832131385803223, -0.014365111477673054, 0.9915303587913513, -0.05865348502993584, -0.11587627977132797, 0.05490818992257118, 0.9978688955307007, -0.03525601327419281, 0.11769720166921616, 0.028594857081770897, 0.9926377534866333),
            ["RightLowerLeg"] = CFrame.new(-1.1920928955078125e-07, -0.000003933906555175781, -0.000013069096894469112, 1, -0.000003971157639170997, -0.0000020712614059448242, 0.000004023313522338867, 0.5954583287239075, 0.8033860921859741, -0.0000020600855350494385, -0.8033862113952637, 0.5954585075378418),
            ["LeftUpperLeg"] = CFrame.new(7.033262861000367e-14, -1.993030309677124e-07, 2.2351741790771484e-08, 0.8322818279266357, 0.03923352435231209, -0.552962601184845, -0.2977186143398285, 0.873065710067749, -0.3861604928970337, 0.4676222503185272, 0.48602163791656494, 0.7383173108100891),
            ["LeftLowerLeg"] = CFrame.new(-2.4740138826473412e-08, 0.000004112720489501953, 0.000013005661458009854, 1, -0.000003993511199951172, -0.000003337860562169226, 0.000004142523266636999, 0.21177256107330322, 0.977319061756134, -0.0000032261018532153685, -0.9773190021514893, 0.21177247166633606),
        }},
        {Time = 0.067, Data = {
            ["RightFoot"] = CFrame.new(7.648850441910326e-08, 2.384185791015625e-07, -4.459434421733022e-08, 0.9935369491577148, 0.11320896446704865, 0.008248887956142426, -0.10604124516248703, 0.9516415596008301, -0.2883288860321045, -0.04049122333526611, 0.2855910658836365, 0.957495927810669),
            ["LeftLowerArm"] = CFrame.new(0.000021249055862426758, -5.960464477539063e-08, -3.2782554626464844e-07, 1, 0.000022709369659423828, -0.000031635165214538574, -0.00002747122198343277, -0.1627991497516632, -0.9866592288017273, -0.000027567148208618164, 0.9866592288017273, -0.1627991497516632),
            ["RightUpperArm"] = CFrame.new(1.1920928955078125e-07, 3.5762786865234375e-07, 5.960464477539063e-08, 0.9283323287963867, -0.36959806084632874, -0.039955902844667435, 0.010030645877122879, 0.1323443353176117, -0.9911531209945679, 0.3716162443161011, 0.9197185635566711, 0.12656672298908234),
            ["Head"] = CFrame.new(-2.9802322387695312e-08, 3.5762786865234375e-07, 2.9802322387695312e-08, 0.929478108882904, 0.07437565922737122, 0.361301451921463, 0.0439370721578598, 0.9501673579216003, -0.3086283206939697, -0.36625123023986816, 0.3027378022670746, 0.8798919916152954),
            ["RightHand"] = CFrame.new(7.450580596923828e-08, -5.960464477539063e-08, 2.9802322387695312e-08, 0.8638135194778442, -0.10103729367256165, 0.49357637763023376, 0.41297751665115356, 0.7031489610671997, -0.5788187384605408, -0.2885754704475403, 0.7038273811340332, 0.6491157412528992),
            ["UpperTorso"] = CFrame.new(-1.437729224562645e-08, 2.9802322387695312e-08, -4.6566128730773926e-09, 0.9517430067062378, 0.023799311369657516, -0.30597206950187683, -0.048346396535634995, 0.9961668252944946, -0.07289961725473404, 0.3030641973018646, 0.08417436480522156, 0.9492454528808594),
            ["HumanoidRootPart"] = CFrame.new(0, 0, 0, 1, 0, 0, 0, 1, 0, 0, 0, 1),
            ["RightUpperLeg"] = CFrame.new(1.7881393432617188e-07, -5.895344656892121e-09, -1.002263161353767e-08, 0.8561619520187378, -0.3574797213077545, -0.37308862805366516, 0.1565224528312683, 0.8675538301467896, -0.47207117080688477, 0.492430180311203, 0.34577247500419617, 0.798720121383667),
            ["LeftUpperArm"] = CFrame.new(-5.960464477539063e-08, 1.1920928955078125e-07, -4.470348358154297e-08, 0.7310820817947388, 0.2103213667869568, -0.6490638852119446, -0.5589947700500488, 0.7300913333892822, -0.39305418729782104, 0.39120832085609436, 0.6501781940460205, 0.6513251662254333),
            ["RightLowerArm"] = CFrame.new(5.960464477539063e-08, 2.384185791015625e-07, 1.0046642273664474e-07, 1, -7.078052988163108e-08, 1.8719592276283947e-07, 1.7136335372924805e-07, -0.030771709978580475, -0.9995264410972595, 1.0756775736808777e-07, 0.9995265007019043, -0.030771849676966667),
            ["LeftHand"] = CFrame.new(-2.086162567138672e-07, 2.384185791015625e-07, -1.1548399925231934e-07, 0.5075786113739014, -0.20414768159389496, -0.8370710015296936, -0.007963010109961033, 0.970371663570404, -0.24148598313331604, 0.8615686893463135, 0.12923875451087952, 0.49091416597366333),
            ["LeftFoot"] = CFrame.new(-8.836649101340299e-08, 1.7881393432617188e-07, -3.5234311024368026e-09, 0.9890481233596802, -0.1271822601556778, -0.07489008456468582, 0.11746057122945786, 0.985508143901825, -0.1223796159029007, 0.08936930447816849, 0.11224284768104553, 0.9896538257598877),
            ["LowerTorso"] = CFrame.new(0.12318979203701019, -0.12359166145324707, -0.023625269532203674, 0.997825562953949, 0.042554646730422974, -0.050331708043813705, -0.043233487755060196, 0.9989871978759766, -0.012476032599806786, 0.04974980652332306, 0.014624918811023235, 0.9986547231674194),
            ["RightLowerLeg"] = CFrame.new(1.4901161193847656e-08, -0.000004172325134277344, -0.00001308399805566296, 1, -0.0000032521777484362246, -0.0000012926760746267973, 0.0000031963002129486995, 0.7115637063980103, 0.7026214003562927, -0.0000013895337360736448, -0.702621579170227, 0.7115640044212341),
            ["LeftUpperLeg"] = CFrame.new(-5.960460924825384e-08, -3.08093149214983e-07, 1.1176098269061185e-08, 0.8538469076156616, -0.11492122709751129, -0.5076795220375061, -0.20094835758209229, 0.8269394636154175, -0.5251581072807312, 0.4801720678806305, 0.550421953201294, 0.6829864382743835),
            ["LeftLowerLeg"] = CFrame.new(-8.434478360186404e-08, 0.000003874301910400391, 0.000012990760296816006, 1, -0.00000412762119594845, -0.000003635883786046179, 0.0000043138861656188965, 0.1689896583557129, 0.9856178760528564, -0.000003516674041748047, -0.9856178760528564, 0.16898979246616364),
        }},
        {Time = 0.100, Data = {
            ["RightFoot"] = CFrame.new(-2.448723535053432e-08, 4.172325134277344e-07, -3.525565261952579e-08, 0.9909740686416626, 0.13389424979686737, 0.006545862648636103, -0.1299794316291809, 0.9716542959213257, -0.19746698439121246, -0.03280008211731911, 0.19483408331871033, 0.9802877306938171),
            ["LeftLowerArm"] = CFrame.new(0.00002086162567138672, 2.980232238769531e-07, 1.7881393432617188e-07, 1, 0.000024244189262390137, -0.000030420713301282376, -0.000027462836442282423, -0.11327336728572845, -0.9935638904571533, -0.00002753734224825166, 0.9935638904571533, -0.11327333748340607),
            ["RightUpperArm"] = CFrame.new(0, 1.1920928955078125e-07, 4.700268618762493e-09, 0.994945764541626, -0.09549092501401901, -0.031056862324476242, 0.024171512573957443, 0.5279508829116821, -0.8489309549331665, 0.09746172279119492, 0.8438894748687744, 0.5275905132293701),
            ["Head"] = CFrame.new(-2.7474015951156616e-08, -1.1920928955078125e-07, 8.425558917224407e-09, 0.9843390583992004, 0.055295608937740326, 0.16738887131214142, 0.02501421421766281, 0.8961126804351807, -0.4431212544441223, -0.1745019108057022, 0.4403686821460724, 0.8806955218315125),
            ["RightHand"] = CFrame.new(0, 2.384185791015625e-07, 2.086162567138672e-07, 0.9026586413383484, -0.21108181774616241, 0.37503582239151, 0.4094718098640442, 0.6894339323043823, -0.5975062847137451, -0.1324397772550583, 0.6929107904434204, 0.7087555527687073),
            ["UpperTorso"] = CFrame.new(-5.762558430433273e-09, 2.9802322387695312e-08, -2.7939677238464355e-09, 0.9794126749038696, -0.09405316412448883, -0.17861951887607574, 0.09892968088388443, 0.9949211478233337, 0.018573004752397537, 0.17596547305583954, -0.03586137667298317, 0.9837430119514465),
            ["HumanoidRootPart"] = CFrame.new(0, 0, 0, 1, 0, 0, 0, 1, 0, 0, 0, 1),
            ["RightUpperLeg"] = CFrame.new(0, -1.1292286217212677e-08, -1.0586518328636885e-09, 0.7818951606750488, -0.4363638162612915, -0.4452264606952667, 0.27960407733917236, 0.883785605430603, -0.37515968084335327, 0.5571907162666321, 0.16884835064411163, 0.8130367398262024),
            ["LeftUpperArm"] = CFrame.new(-5.960464477539063e-08, -1.1920928955078125e-07, -2.750311978161335e-09, 0.861673891544342, 0.16954003274440765, -0.4783036410808563, -0.37450259923934937, 0.848488986492157, -0.37391772866249084, 0.3424413204193115, 0.501321017742157, 0.7946138381958008),
            ["RightLowerArm"] = CFrame.new(0, 3.5762786865234375e-07, 1.1920928955078125e-07, 1, -1.1548402767402877e-07, 1.9930310202198598e-07, 1.6577540407070046e-07, -0.12419261038303375, -0.9922581911087036, 1.0430811414607888e-07, 0.9922581911087036, -0.1241927444934845),
            ["LeftHand"] = CFrame.new(1.7881393432617188e-07, 2.384185791015625e-07, -2.2351741790771484e-08, 0.47576504945755005, -0.12177355587482452, -0.8711021542549133, -0.052310697734355927, 0.9846996068954468, -0.1662236750125885, 0.8780155777931213, 0.12465129792690277, 0.4621155261993408),
            ["LeftFoot"] = CFrame.new(2.7939373481444818e-08, -4.440892098500626e-16, 9.884783480629267e-08, 0.9998470544815063, -0.013294163160026073, -0.011366493999958038, 0.013779690489172935, 0.9989480972290039, 0.0437367781996727, 0.01077304407954216, -0.04388649761676788, 0.9989784359931946),
            ["LowerTorso"] = CFrame.new(0.11168655753135681, 0.0035778284072875977, -0.03273182734847069, 0.9861123561859131, 0.1627756953239441, 0.03296224772930145, -0.16190780699253082, 0.9864227175712585, -0.027496887370944023, -0.036990534514188766, 0.021778175607323647, 0.9990782737731934),
            ["RightLowerLeg"] = CFrame.new(1.4901161193847656e-08, -0.000003874301910400391, -0.000012994591088499874, 1, -0.000002291519194841385, -5.681068842022796e-07, 0.000002242625214421423, 0.8642936944961548, 0.5029874444007874, -5.699695293515106e-07, -0.5029875636100769, 0.8642937541007996),
            ["LeftUpperLeg"] = CFrame.new(5.960465898624534e-08, 8.41973815113306e-08, 5.587708074017428e-09, 0.8448548316955566, -0.27702394127845764, -0.4576876759529114, -0.08476637303829193, 0.7753773331642151, -0.6257832050323486, 0.5282377004623413, 0.5674926042556763, 0.6315990686416626),
            ["LeftLowerLeg"] = CFrame.new(-1.2904826007797965e-07, 0.000003814697265625, 0.000012990760296816006, 1, -0.00000427663462687633, -0.000003814697265625, 0.00000426918086304795, 0.1433604508638382, 0.9896706342697144, -0.000003695486157084815, -0.9896705746650696, 0.14336040616035461),
        }},
        {Time = 0.133, Data = {
            ["RightFoot"] = CFrame.new(8.176721166819334e-08, 3.5762786865234375e-07, -2.7728674467653036e-08, 0.9873417615890503, 0.15850502252578735, 0.005692978389561176, -0.15403729677200317, 0.9668300151824951, -0.20374539494514465, -0.03779888153076172, 0.20028971135616302, 0.9790074229240417),
            ["LeftLowerArm"] = CFrame.new(0.00002104043960571289, -1.1920928955078125e-07, 2.9802322387695312e-08, 1, 0.000025700774131109938, -0.000029139220714569092, -0.000027433037757873535, -0.06342888623476028, -0.9979864358901978, -0.000027511268854141235, 0.997986376285553, -0.06342890858650208),
            ["RightUpperArm"] = CFrame.new(-5.960464477539063e-08, 1.1920928955078125e-07, -2.60770320892334e-08, 0.9830938577651978, 0.1577468067407608, 0.09296523779630661, -0.07830836623907089, 0.8211681246757507, -0.5652884244918823, -0.16551250219345093, 0.5484515428543091, 0.8196380734443665),
            ["Head"] = CFrame.new(-6.798654794692993e-08, 3.5762786865234375e-07, -1.5832483768463135e-08, 0.9996262192726135, 0.005394037812948227, -0.026805486530065536, -0.0191948339343071, 0.8366116881370544, -0.5474600195884705, 0.0194727573543787, 0.5477699041366577, 0.8364024758338928),
            ["RightHand"] = CFrame.new(-1.9371509552001953e-07, 3.5762786865234375e-07, 1.1920928955078125e-07, 0.9150834679603577, -0.31789571046829224, 0.24812224507331848, 0.40230149030685425, 0.6771454215049744, -0.61613929271698, 0.027853231877088547, 0.6636388897895813, 0.747534453868866),
            ["UpperTorso"] = CFrame.new(2.852175384759903e-08, 2.9802322387695312e-08, 3.725290298461914e-09, 0.9766018986701965, -0.1986917108297348, -0.08228328078985214, 0.21003277599811554, 0.9634267687797546, 0.16641919314861298, 0.046207789331674576, -0.17980743944644928, 0.9826160073280334),
            ["HumanoidRootPart"] = CFrame.new(0, 0, 0, 1, 0, 0, 0, 1, 0, 0, 0, 1),
            ["RightUpperLeg"] = CFrame.new(-2.9802322387695312e-08, -5.075708031654358e-08, -1.968510332517326e-08, 0.7047614455223083, -0.5406723022460938, -0.45933082699775696, 0.403642863035202, 0.8380315899848938, -0.36711788177490234, 0.5834241509437561, 0.07332490384578705, 0.8088508248329163),
            ["LeftUpperArm"] = CFrame.new(-5.960464477539063e-08, 2.384185791015625e-07, -2.60770320892334e-08, 0.9511734247207642, 0.08940622955560684, -0.29542458057403564, -0.18311472237110138, 0.9339525103569031, -0.3069232404232025, 0.2484717071056366, 0.34603381156921387, 0.9047223329544067),
            ["RightLowerArm"] = CFrame.new(2.980232238769531e-07, 3.5762786865234375e-07, -1.1920928955078125e-07, 1, -9.685754776000977e-08, 1.7136336794010276e-07, 1.788139627478813e-07, -0.20410563051700592, -0.9789488315582275, 9.685756197086448e-08, 0.9789489507675171, -0.20410585403442383),
            ["LeftHand"] = CFrame.new(-2.682209014892578e-07, -1.1920928955078125e-07, 7.644625506630354e-20, 0.4542897343635559, -0.03730538487434387, -0.8900726437568665, -0.09326155483722687, 0.9916412234306335, -0.08916261792182922, 0.8859589695930481, 0.12351524084806442, 0.447013258934021),
            ["LeftFoot"] = CFrame.new(2.425067613387455e-08, 5.960464477539063e-08, 3.009730065173244e-08, 0.9963995218276978, 0.06173832342028618, 0.058108460158109665, -0.06246868148446083, 0.9979881048202515, 0.01083716843277216, -0.05732212960720062, -0.01442810334265232, 0.9982515573501587),
            ["LowerTorso"] = CFrame.new(0.10059496760368347, 0.05007517337799072, -0.04153132066130638, 0.9605584740638733, 0.265552282333374, 0.08252039551734924, -0.25909423828125, 0.9624323844909668, -0.08120424300432205, -0.10098427534103394, 0.05662085488438606, 0.99327552318573),
            ["RightLowerLeg"] = CFrame.new(-2.9802322387695312e-08, -0.000003814697265625, -0.000012949887604918331, 1, -0.000002129002950823633, -5.9232087323835e-07, 0.000002235174406450824, 0.8712802529335022, 0.4907856285572052, -4.880130859419296e-07, -0.49078604578971863, 0.8712803721427917),
            ["LeftUpperLeg"] = CFrame.new(5.960470872423684e-08, -2.1723099052906036e-07, 2.0488869267865084e-08, 0.8251181840896606, -0.4061920642852783, -0.39266759157180786, -0.004100876860320568, 0.6907118558883667, -0.7231186032295227, 0.5649452805519104, 0.5982685685157776, 0.5682530999183655),
            ["LeftLowerLeg"] = CFrame.new(4.976566714276487e-08, 0.000003993511199951172, 0.000013005661458009854, 1, -0.000004217028163111536, -0.000004529951183940284, 0.000004097818873560755, -0.03865540400147438, 0.9992526173591614, -0.000004366039775050012, -0.9992526769638062, -0.038655444979667664),
        }},
        {Time = 0.167, Data = {
            ["RightFoot"] = CFrame.new(-5.0829839892685413e-08, 2.980232238769531e-07, 6.828486220911145e-09, 0.9857746958732605, 0.16788609325885773, 0.007913041859865189, -0.15927278995513916, 0.9481623768806458, -0.27499130368232727, -0.053669899702072144, 0.2698194086551666, 0.9614141583442688),
            ["LeftLowerArm"] = CFrame.new(0.000021070241928100586, -3.5762786865234375e-07, 1.4901161193847656e-08, 1, 0.000026831403374671936, -0.000028130605642218143, -0.000027445374144008383, -0.024987543001770973, -0.9996878504753113, -0.000027525700716068968, 0.9996877908706665, -0.02498757839202881),
            ["RightUpperArm"] = CFrame.new(0, 1.1920928955078125e-07, 4.470348358154297e-08, 0.9292945265769958, 0.28752291202545166, 0.23182393610477448, -0.20596083998680115, 0.9244378805160522, -0.3209282457828522, -0.3065809905529022, 0.2504900395870209, 0.9182934165000916),
            ["Head"] = CFrame.new(-1.1175870895385742e-08, 1.1920928955078125e-07, 1.4901161193847656e-08, 0.9867631793022156, -0.03014707937836647, -0.15934166312217712, -0.06904669106006622, 0.8109554052352905, -0.5810196399688721, 0.1467350572347641, 0.5843307971954346, 0.7981393337249756),
            ["RightHand"] = CFrame.new(-2.9802322387695312e-08, 1.1920928955078125e-07, -3.5762786865234375e-07, 0.9066035151481628, -0.3951045274734497, 0.1481979638338089, 0.39451664686203003, 0.6689697504043579, -0.6299493312835693, 0.14975591003894806, 0.6295807957649231, 0.7623656392097473),
            ["UpperTorso"] = CFrame.new(2.514570951461792e-08, 5.960464477539063e-08, -1.6298145055770874e-08, 0.9630581140518188, -0.2688737213611603, 0.015036651864647865, 0.25537940859794617, 0.9295883774757385, 0.2657947838306427, -0.08544313907623291, -0.252135694026947, 0.9639124274253845),
            ["HumanoidRootPart"] = CFrame.new(0, 0, 0, 1, 0, 0, 0, 1, 0, 0, 0, 1),
            ["RightUpperLeg"] = CFrame.new(-2.9802322387695312e-08, 1.6577541828155518e-07, -4.948742571286857e-08, 0.7013963460922241, -0.6239176392555237, -0.34463030099868774, 0.4687642753124237, 0.7680113315582275, -0.43636980652809143, 0.5369387865066528, 0.14451777935028076, 0.8311507105827332),
            ["LeftUpperArm"] = CFrame.new(-5.960464477539063e-08, 0, 7.450580596923828e-09, 0.9873273968696594, 0.007101058028638363, -0.15853829681873322, -0.04365473613142967, 0.9726107120513916, -0.22830410301685333, 0.15257488191127777, 0.232331782579422, 0.9605950713157654),
            ["RightLowerArm"] = CFrame.new(2.980232238769531e-07, 4.76837158203125e-07, -1.4901161193847656e-07, 1, -7.4505820180093e-08, 1.415611023958263e-07, 1.4156104555240745e-07, -0.2607120871543884, -0.9654166102409363, 7.450581307466564e-08, 0.9654166102409363, -0.26071232557296753),
            ["LeftHand"] = CFrame.new(1.1175870895385742e-08, 5.960464477539063e-08, -3.203749656677246e-07, 0.44149214029312134, 0.028509825468063354, -0.8968121409416199, -0.12350428104400635, 0.9919123649597168, -0.029266823083162308, 0.8887245655059814, 0.12368129193782806, 0.4414427578449249),
            ["LeftFoot"] = CFrame.new(-2.4114125807273012e-08, -1.7881393432617188e-07, -6.851026768117663e-08, 0.9884927272796631, 0.11171521246433258, 0.10198982805013657, -0.09980104863643646, 0.9883078932762146, -0.1152699813246727, -0.11367491632699966, 0.10376502573490143, 0.9880844950675964),
            ["LowerTorso"] = CFrame.new(0.0905769020318985, 0.024780869483947754, -0.049870289862155914, 0.9493489265441895, 0.3125472664833069, 0.032419394701719284, -0.3073614835739136, 0.9451042413711548, -0.11093639582395554, -0.06531257182359695, 0.09535284340381622, 0.9932987093925476),
            ["RightLowerLeg"] = CFrame.new(4.470348358154297e-08, -0.000004172325134277344, -0.000012964788766112179, 1, -0.0000030416983918257756, -0.0000011622905731201172, 0.0000028759236556652468, 0.7689481973648071, 0.6393108367919922, -0.0000011324881370455842, -0.6393110156059265, 0.7689484357833862),
            ["LeftUpperLeg"] = CFrame.new(-1.7881407643471903e-07, 3.5401899367570877e-07, -4.470291514735436e-08, 0.8565570116043091, -0.4197844862937927, -0.30015161633491516, 0.03026634082198143, 0.6214944124221802, -0.7828336954116821, 0.5151641368865967, 0.6614572405815125, 0.545050859451294),
            ["LeftLowerLeg"] = CFrame.new(-1.439494212718273e-07, 0.000004231929779052734, 0.000013102519005769864, 1, -0.0000036209826248523314, -0.0000049695404413796496, 0.000003769994236790808, -0.285783052444458, 0.9582944512367249, -0.000004857779003941687, -0.9582943916320801, -0.2857830822467804),
        }},
        {Time = 0.200, Data = {
            ["RightFoot"] = CFrame.new(-3.3800461096689105e-08, 5.364418029785156e-07, 3.7834979593753815e-09, 0.9872952103614807, 0.15842311084270477, 0.012262335978448391, -0.14577579498291016, 0.933775007724762, -0.3268231451511383, -0.063226617872715, 0.3208838999271393, 0.9450060129165649),
            ["LeftLowerArm"] = CFrame.new(0.0000209808349609375, 3.5762786865234375e-07, -5.21540641784668e-08, 1, 0.000027274232706986368, -0.000027719182980945334, -0.0000274553858616855, -0.009608449414372444, -0.9999538660049438, -0.00002752996442723088, 0.9999539256095886, -0.009608430787920952),
            ["RightUpperArm"] = CFrame.new(0, 2.384185791015625e-07, 3.725290298461914e-09, 0.9018038511276245, 0.32113298773765564, 0.2891772985458374, -0.26036450266838074, 0.9378334283828735, -0.22951874136924744, -0.3449062407016754, 0.13168929517269135, 0.9293532967567444),
            ["Head"] = CFrame.new(1.816079020500183e-08, -1.1920928955078125e-07, -2.3283064365386963e-08, 0.9860801100730896, -0.0036831838078796864, -0.16623051464557648, -0.08334477990865707, 0.8541366457939148, -0.5133266448974609, 0.14387425780296326, 0.5200356841087341, 0.84194016456604),
            ["RightHand"] = CFrame.new(-5.960464477539063e-08, -1.1920928955078125e-07, 2.682209014892578e-07, 0.8990020751953125, -0.4243422746658325, 0.10829989612102509, 0.3909143805503845, 0.6660515666007996, -0.6352647542953491, 0.1974364072084427, 0.6134403347969055, 0.7646632194519043),
            ["UpperTorso"] = CFrame.new(2.7881469577550888e-08, 0, -4.6566128730773926e-09, 0.9635324478149414, -0.26054131984710693, 0.06102033704519272, 0.24117155373096466, 0.9443198442459106, 0.22382211685180664, -0.11593760550022125, -0.2009434700012207, 0.9727180004119873),
            ["HumanoidRootPart"] = CFrame.new(0, 0, 0, 1, 0, 0, 0, 1, 0, 0, 0, 1),
            ["RightUpperLeg"] = CFrame.new(1.1920928955078125e-07, 4.6566128730773926e-09, -1.968510332517326e-08, 0.7801029086112976, -0.592358410358429, -0.2013726681470871, 0.43485021591186523, 0.7447575926780701, -0.5062031745910645, 0.449827641248703, 0.3073236048221588, 0.8385745882987976),
            ["LeftUpperArm"] = CFrame.new(0, 0, -2.60770320892334e-08, 0.9938623309135437, -0.02926064468920231, -0.10668466985225677, 0.008292675018310547, 0.9813774228096008, -0.19191095232963562, 0.11031337082386017, 0.18984834849834442, 0.97559654712677),
            ["RightLowerArm"] = CFrame.new(-5.960464477539063e-08, -2.384185791015625e-07, -1.1920928955078125e-07, 1, -4.4703490686970326e-08, 1.0430816388407038e-07, 1.732259846676243e-07, -0.2822748124599457, -0.959333598613739, 9.685753354915505e-08, 0.959333598613739, -0.28227508068084717),
            ["LeftHand"] = CFrame.new(-4.237517714500427e-08, -5.960464477539063e-08, 1.280568540096283e-07, 0.43727394938468933, 0.054967209696769714, -0.897646963596344, -0.13539938628673553, 0.9907770156860352, -0.005287457257509232, 0.8890773057937622, 0.12385293841362, 0.4406834840774536),
            ["LeftFoot"] = CFrame.new(-2.5267963721375963e-08, -6.661338147750939e-16, 1.2409159921844548e-07, 0.9839736819267273, 0.14123652875423431, 0.10884885489940643, -0.10560494661331177, 0.9534412622451782, -0.282484233379364, -0.14367812871932983, 0.2664619982242584, 0.9530764222145081),
            ["LowerTorso"] = CFrame.new(0.08229431509971619, -0.05170464515686035, -0.05759529396891594, 0.9603257775306702, 0.26685649156570435, -0.0810076892375946, -0.2740824222564697, 0.9567607641220093, -0.09740565717220306, 0.05151164531707764, 0.11574392765760422, 0.9919425845146179),
            ["RightLowerLeg"] = CFrame.new(-2.9802322387695312e-08, -0.000004231929779052734, -0.000012994591088499874, 1, -0.0000034496167700126534, -0.000001687556505203247, 0.0000033527608138683718, 0.6411997079849243, 0.7673738598823547, -0.0000015348193755926332, -0.7673740983009338, 0.6411999464035034),
            ["LeftUpperLeg"] = CFrame.new(5.960460924825384e-08, -3.91155481338501e-08, -1.1176098269061185e-08, 0.9185999035835266, -0.30077043175697327, -0.25634223222732544, -0.014372995123267174, 0.6228015422821045, -0.7822479605674744, 0.39492762088775635, 0.7222571969032288, 0.567782461643219),
            ["LeftLowerLeg"] = CFrame.new(-5.4542461214168725e-08, 0.000003874301910400391, 0.00001293860623263754, 1, -0.0000035166749512427486, -0.000006183984623930883, 0.000003740191004908411, -0.4836943745613098, 0.8752369284629822, -0.000006169079824758228, -0.8752371072769165, -0.48369455337524414),
        }},
        {Time = 0.233, Data = {
            ["RightFoot"] = CFrame.new(-3.54266376234591e-08, 3.5762786865234375e-07, 7.920971256680787e-08, 0.9918473958969116, 0.12628893554210663, 0.017031515017151833, -0.11460550874471664, 0.9424479603767395, -0.3140975534915924, -0.05571813881397247, 0.30958524346351624, 0.9492379426956177),
            ["LeftLowerArm"] = CFrame.new(0.00002104043960571289, 4.76837158203125e-07, -8.940696716308594e-08, 1, 0.000026828605768969283, -0.000028133392333984375, -0.000027460977435112, -0.02498755231499672, -0.9996877908706665, -0.000027485191822052002, 0.9996877908706665, -0.02498752996325493),
            ["RightUpperArm"] = CFrame.new(0, -2.384185791015625e-07, -2.7939677238464355e-09, 0.9292944669723511, 0.2875228822231293, 0.23182395100593567, -0.20596076548099518, 0.9244378805160522, -0.32092827558517456, -0.306581050157547, 0.25049009919166565, 0.9182934165000916),
            ["Head"] = CFrame.new(-8.381903171539307e-09, 0, -4.6566128730773926e-09, 0.9976295232772827, 0.010461541824042797, -0.06801402568817139, -0.0354636013507843, 0.9251773953437805, -0.3778744339942932, 0.05897187441587448, 0.3793906271457672, 0.9233553409576416),
            ["RightHand"] = CFrame.new(-8.940696716308594e-08, 1.7881393432617188e-07, -2.9802322387695312e-08, 0.9066034555435181, -0.3951045274734497, 0.14819808304309845, 0.3945166766643524, 0.6689695119857788, -0.6299494504928589, 0.1497558355331421, 0.6295809745788574, 0.762365460395813),
            ["UpperTorso"] = CFrame.new(-1.862645149230957e-08, 0, 1.4901161193847656e-08, 0.9889596700668335, -0.13331834971904755, 0.06469223648309708, 0.12869639694690704, 0.9891374707221985, 0.07102327048778534, -0.0734582245349884, -0.06191345304250717, 0.9953746199607849),
            ["HumanoidRootPart"] = CFrame.new(0, 0, 0, 1, 0, 0, 0, 1, 0, 0, 0, 1),
            ["RightUpperLeg"] = CFrame.new(-2.9802322387695312e-08, -1.9255094230175018e-07, 3.246896085329354e-08, 0.8769689798355103, -0.446635901927948, -0.17731857299804688, 0.264475017786026, 0.7566730976104736, -0.5979122519493103, 0.4012211859226227, 0.47745412588119507, 0.7817026972770691),
            ["LeftUpperArm"] = CFrame.new(-1.1920928955078125e-07, -3.5762786865234375e-07, 1.210719347000122e-08, 0.9873273372650146, 0.007101092487573624, -0.15853840112686157, -0.043654799461364746, 0.9726107120513916, -0.22830410301685333, 0.15257494151592255, 0.2323317974805832, 0.9605950713157654),
            ["RightLowerArm"] = CFrame.new(2.980232238769531e-07, 6.556510925292969e-07, -4.470348358154297e-08, 1, -8.195638656616211e-08, 1.4156104555240745e-07, 1.5273688802608376e-07, -0.24894258379936218, -0.9685181975364685, 8.940695295223122e-08, 0.9685182571411133, -0.24894294142723083),
            ["LeftHand"] = CFrame.new(8.940696716308594e-08, 0, -1.30385160446167e-07, 0.45378124713897705, 0.029395468533039093, -0.8906281590461731, -0.12357586622238159, 0.9918746948242188, -0.0302254818379879, 0.882503092288971, 0.12377595901489258, 0.45372676849365234),
            ["LeftFoot"] = CFrame.new(-4.718979873530316e-09, 5.960464477539063e-08, -1.238020246319138e-07, 0.9947731494903564, 0.09037462621927261, 0.04752831533551216, -0.05712999030947685, 0.8783921003341675, -0.4745139181613922, -0.08463254570960999, 0.4693184196949005, 0.8789639472961426),
            ["LowerTorso"] = CFrame.new(0.07640917599201202, -0.15906798839569092, -0.06455285847187042, 0.9652454853057861, 0.1218651533126831, -0.2311926782131195, -0.13513681292533875, 0.9899192452430725, -0.04240429773926735, 0.22369445860385895, 0.07217320054769516, 0.9719834327697754),
            ["RightLowerLeg"] = CFrame.new(-2.2351741790771484e-07, -0.0000037550926208496094, -0.000012860480637755245, 1, -0.000003889201707352186, -0.00000208243727684021, 0.000003844500042760046, 0.5666938424110413, 0.8239283561706543, -0.000002019107569140033, -0.8239285349845886, 0.5666939616203308),
            ["LeftUpperLeg"] = CFrame.new(4.6851411639181606e-14, -1.126900315284729e-07, 1.4901161193847656e-08, 0.9399590492248535, -0.013510352000594139, -0.341019868850708, -0.23342961072921753, 0.703490138053894, -0.6712766289710999, 0.24897341430187225, 0.710576593875885, 0.6580981016159058),
            ["LeftLowerLeg"] = CFrame.new(-8.434478360186404e-08, 0.000003933906555175781, 0.00001284174868487753, 1, -0.000003073363359362702, -0.00000609457401878899, 0.000003285706043243408, -0.5746745467185974, 0.8183819055557251, -0.000005990266799926758, -0.8183820843696594, -0.5746747255325317),
        }},
        {Time = 0.267, Data = {
            ["RightFoot"] = CFrame.new(-3.117384039796889e-08, 3.5762786865234375e-07, 9.633731679059565e-08, 0.996376633644104, 0.08326564729213715, 0.01733800582587719, -0.0748085007071495, 0.9549663662910461, -0.2871285080909729, -0.04046538844704628, 0.28479138016700745, 0.9577351808547974),
            ["LeftLowerArm"] = CFrame.new(0.000021070241928100586, 2.980232238769531e-07, 5.960464477539063e-08, 1, 0.000025741755962371826, -0.000029109418392181396, -0.000027429308829596266, -0.0634288489818573, -0.9979864358901978, -0.000027522441087057814, 0.9979864358901978, -0.06342896074056625),
            ["RightUpperArm"] = CFrame.new(0, -1.1920928955078125e-07, 1.4901161193847656e-08, 0.9830938577651978, 0.15774670243263245, 0.09296508878469467, -0.07830832898616791, 0.8211679458618164, -0.5652884244918823, -0.1655123233795166, 0.5484515428543091, 0.8196380138397217),
            ["Head"] = CFrame.new(4.190951585769653e-09, 2.384185791015625e-07, -5.587935447692871e-09, 0.9995884299278259, -0.018212787806987762, 0.022164812311530113, 0.023421376943588257, 0.964258074760437, -0.2639276385307312, -0.016565678641200066, 0.2643381655216217, 0.9642878174781799),
            ["RightHand"] = CFrame.new(2.5331974029541016e-07, 2.384185791015625e-07, 3.725290298461914e-08, 0.9150834679603577, -0.3178957402706146, 0.24812227487564087, 0.4023014307022095, 0.6771454811096191, -0.6161393523216248, 0.027853239327669144, 0.6636388897895813, 0.7475343942642212),
            ["UpperTorso"] = CFrame.new(2.5902409106492996e-09, 8.940696716308594e-08, -7.450580596923828e-09, 0.9974052309989929, 0.004796796478331089, 0.07183251529932022, -0.0020631931256502867, 0.9992725253105164, -0.038081180304288864, -0.07196292281150818, 0.03783418983221054, 0.99668949842453),
            ["HumanoidRootPart"] = CFrame.new(0, 0, 0, 1, 0, 0, 0, 1, 0, 0, 0, 1),
            ["RightUpperLeg"] = CFrame.new(0, 1.4598481357097626e-07, -2.3410393623635173e-08, 0.9206839203834534, -0.32206523418426514, -0.22048801183700562, 0.08962927758693695, 0.7242668271064758, -0.6836696267127991, 0.3798786401748657, 0.6096814870834351, 0.6956874132156372),
            ["LeftUpperArm"] = CFrame.new(-5.960464477539063e-08, -2.384185791015625e-07, 0, 0.9511734247207642, 0.08940625190734863, -0.29542461037635803, -0.18311476707458496, 0.9339525103569031, -0.3069232702255249, 0.2484717220067978, 0.3460337817668915, 0.9047223329544067),
            ["RightLowerArm"] = CFrame.new(0, 4.172325134277344e-07, -7.450580596923828e-08, 1, -4.0978196835794733e-08, 1.7881401959130017e-07, 1.564622067462551e-07, -0.16441233456134796, -0.9863917827606201, 8.568168397005138e-08, 0.9863917827606201, -0.1644124686717987),
            ["LeftHand"] = CFrame.new(-1.1920928955078125e-07, 2.384185791015625e-07, 2.3096799850463867e-07, 0.49330469965934753, -0.034852929413318634, -0.869158148765564, -0.09190928190946579, 0.9915153980255127, -0.09192387759685516, 0.8649874925613403, 0.12523019313812256, 0.4859158992767334),
            ["LeftFoot"] = CFrame.new(-4.0197893014237707e-08, -6.661338147750939e-16, 1.6431032534569567e-08, 0.9979048371315002, -0.061773672699928284, -0.01923282817006111, 0.037763264030218124, 0.7975047826766968, -0.6021295189857483, 0.05253422632813454, 0.6001418232917786, 0.7981667518615723),
