return {
    ["Oops I Did It Again"] = {
        {Time = 0.000, Data = {
            ["RightFoot"] = CFrame.new(1.1175870895385742e-08, 2.980232238769531e-07, -2.438173396512866e-08, 0.9873626232147217, -0.12656885385513306, 0.09536924958229065, 0.15647710859775543, 0.8739227652549744, -0.4601886570453644, -0.025099817663431168, 0.4692968428134918, 0.8826841115951538),
            ["LeftLowerArm"] = CFrame.new(-1.1920928955078125e-07, 1.1920928955078125e-07, -6.332993507385254e-07, 1, -1.0803344707710494e-07, 3.166497108963995e-08, 8.568168397005138e-08, 0.09187579154968262, -0.9957704544067383, 5.2154071283894154e-08, 0.9957705140113831, 0.09187593311071396),
            ["RightUpperArm"] = CFrame.new(2.384185791015625e-07, 9.5367431640625e-07, -1.1175870895385742e-07, 0.4402000904083252, -0.7747797966003418, 0.4538072645664215, 0.08656074851751328, 0.5396732091903687, 0.8374127149581909, -0.8937175869941711, -0.3293466866016388, 0.30462944507598877),
            ["Head"] = CFrame.new(7.939524948596954e-08, -1.1920928955078125e-07, 2.8870999813079834e-08, 0.9924727082252502, 0.032181546092033386, 0.1181623637676239, -0.03376742824912071, 0.9993642568588257, 0.011443213559687138, -0.11771903932094574, -0.015347128733992577, 0.9929283857345581),
            ["RightHand"] = CFrame.new(0.000001341104507446289, -2.384185791015625e-07, 7.450580596923828e-09, 0.9816428422927856, 0.1353480964899063, 0.13438114523887634, -0.14813490211963654, 0.9848473072052002, 0.09017753601074219, -0.12013967335224152, -0.10842839628458023, 0.9868179559707642),
            ["UpperTorso"] = CFrame.new(5.038455128669739e-07, 4.172325134277344e-07, 8.381903171539307e-09, 0.9906502962112427, 0.1250283271074295, -0.05458841472864151, -0.12760524451732635, 0.9907305240631104, -0.046582434326410294, 0.04825849086046219, 0.05311267822980881, 0.9974218010902405),
            ["HumanoidRootPart"] = CFrame.new(0, 0, 0, 1, 0, 0, 0, 1, 0, 0, 0, 1),
            ["RightUpperLeg"] = CFrame.new(5.364418029785156e-07, 9.0012326836586e-07, -4.5990600483492017e-07, 0.9735018610954285, 0.14855684340000153, -0.1738530993461609, -0.197223961353302, 0.9302242398262024, -0.3094927966594696, 0.11574536561965942, 0.33557969331741333, 0.9348739385604858),
            ["LeftUpperArm"] = CFrame.new(5.960464477539063e-08, 2.384185791015625e-07, -8.195638656616211e-08, 0.3235265016555786, 0.7617400288581848, -0.5613222718238831, 0.0023058606311678886, 0.5925900340080261, 0.8055009245872498, 0.9462164044380188, -0.26189565658569336, 0.18996237218379974),
            ["RightLowerArm"] = CFrame.new(0, 1.1920928955078125e-07, 2.086162567138672e-07, 1, -1.0058282384761696e-07, 8.940698137394065e-08, 1.3038513202445756e-07, -0.2587771415710449, -0.9659370183944702, 1.4901158351676713e-07, 0.9659371376037598, -0.2587774097919464),
            ["LeftHand"] = CFrame.new(4.544854164123535e-07, 0.0000010728836059570312, -4.6938657760620117e-07, 0.9475815892219543, 0.27290767431259155, 0.16616427898406982, -0.242106094956398, 0.9526482224464417, -0.18397240340709686, -0.20850379765033722, 0.13409952819347382, 0.9687846302986145),
            ["LeftFoot"] = CFrame.new(1.0244548320770264e-08, 1.1920928955078125e-07, -2.60770320892334e-08, 0.9950802326202393, -0.07821373641490936, 0.060811467468738556, 0.09883663803339005, 0.8260557055473328, -0.5548546314239502, -0.00683587696403265, 0.5581349730491638, 0.8297219276428223),
            ["LowerTorso"] = CFrame.new(-0.00007339906005654484, -0.17626023292541504, -0.04659483581781387, 0.9816864132881165, -0.0647638812661171, -0.17915786802768707, 0.06957962363958359, 0.9973611831665039, 0.02072129026055336, 0.17734313011169434, -0.032807543873786926, 0.9836021065711975),
            ["RightLowerLeg"] = CFrame.new(0, -0.00012230873107910156, -0.00007742473826510832, 1, -1.2665984172599565e-07, -4.4703494239684005e-08, 1.378357126213814e-07, 0.6956079602241516, 0.7184215784072876, 7.450578820566989e-09, -0.7184216380119324, 0.6956079602241516),
            ["LeftUpperLeg"] = CFrame.new(1.1920928955078125e-07, 9.620562195777893e-07, -4.544854164123535e-07, 0.9882461428642273, 0.1513971984386444, -0.021177228540182114, -0.14645403623580933, 0.8979150056838989, -0.4150904417037964, -0.0438283309340477, 0.41331303119659424, 0.909533679485321),
            ["LeftLowerLeg"] = CFrame.new(-2.9802322387695312e-08, 0.00012254714965820312, 0.0000774189829826355, 1, 1.1175870895385742e-07, 2.607702498380604e-08, -7.636844401304188e-08, 0.5374661684036255, 0.8432852029800415, 1.8626449271863521e-09, -0.843285322189331, 0.5374663472175598),
        }},
        {Time = 0.033, Data = {
            ["RightFoot"] = CFrame.new(2.2351741790771484e-08, 2.980232238769531e-07, 1.287116901949048e-08, 0.9873626232147217, -0.12656885385513306, 0.09536924958229065, 0.15647709369659424, 0.8739227652549744, -0.4601885974407196, -0.02509971335530281, 0.46929675340652466, 0.8826841115951538),
            ["LeftLowerArm"] = CFrame.new(-8.940696716308594e-08, -1.7881393432617188e-07, 2.905726432800293e-07, 1, -8.195639367158947e-08, 6.146729703004894e-08, 1.5459959001873358e-07, 0.091875359416008, -0.9957705140113831, 4.4703494239684005e-08, 0.9957705140113831, 0.09187546372413635),
            ["RightUpperArm"] = CFrame.new(2.384185791015625e-07, 0.0000010728836059570312, -8.195638656616211e-08, 0.44020015001296997, -0.7747795581817627, 0.4538072645664215, 0.08656054735183716, 0.5396732091903687, 0.8374126553535461, -0.8937175869941711, -0.3293469548225403, 0.3046293258666992),
            ["Head"] = CFrame.new(6.449408829212189e-08, -1.1920928955078125e-07, 2.8870999813079834e-08, 0.9924727082252502, 0.03218154236674309, 0.1181623637676239, -0.033767424523830414, 0.9993642568588257, 0.01144320983439684, -0.11771903932094574, -0.015347128733992577, 0.9929283857345581),
            ["RightHand"] = CFrame.new(0.0000013262033462524414, 5.960464477539063e-08, -5.438923835754395e-07, 0.9816429018974304, 0.13534797728061676, 0.13438135385513306, -0.14813463389873505, 0.9848474264144897, 0.09017734974622726, -0.12013981491327286, -0.1084282174706459, 0.9868180155754089),
            ["UpperTorso"] = CFrame.new(5.038455128669739e-07, 4.172325134277344e-07, 8.381903171539307e-09, 0.9906502962112427, 0.1250283271074295, -0.05458841472864151, -0.12760524451732635, 0.9907305240631104, -0.046582430601119995, 0.04825849086046219, 0.05311267450451851, 0.9974218010902405),
            ["HumanoidRootPart"] = CFrame.new(0, 0, 0, 1, 0, 0, 0, 1, 0, 0, 0, 1),
            ["RightUpperLeg"] = CFrame.new(5.364418029785156e-07, 9.0012326836586e-07, -4.5990600483492017e-07, 0.9735018014907837, 0.14855684340000153, -0.17385312914848328, -0.19722400605678558, 0.9302242398262024, -0.30949288606643677, 0.11574527621269226, 0.3355797529220581, 0.9348739385604858),
            ["LeftUpperArm"] = CFrame.new(5.960464477539063e-08, 2.384185791015625e-07, -8.195638656616211e-08, 0.3235264718532562, 0.7617400884628296, -0.5613222718238831, 0.0023059390950948, 0.592589795589447, 0.8055009245872498, 0.946216344833374, -0.2618958652019501, 0.1899622678756714),
            ["RightLowerArm"] = CFrame.new(2.384185791015625e-07, 0, -6.705522537231445e-08, 1, -1.266598985694145e-07, 7.450577044210149e-08, 1.0430811414607888e-07, -0.25877711176872253, -0.965937077999115, 9.685753354915505e-08, 0.965937077999115, -0.25877702236175537),
            ["LeftHand"] = CFrame.new(6.183981895446777e-07, 7.152557373046875e-07, -2.1979212760925293e-07, 0.9475815892219543, 0.2729076147079468, 0.16616424918174744, -0.2421058863401413, 0.9526482820510864, -0.1839722841978073, -0.20850364863872528, 0.13409925997257233, 0.9687846899032593),
            ["LeftFoot"] = CFrame.new(1.0244548320770264e-08, 1.1920928955078125e-07, -2.60770320892334e-08, 0.9950802326202393, -0.07821373641490936, 0.060811467468738556, 0.09883663803339005, 0.8260557055473328, -0.5548546314239502, -0.00683587696403265, 0.5581349730491638, 0.8297219276428223),
            ["LowerTorso"] = CFrame.new(-0.00007339906005654484, -0.17626023292541504, -0.04659483581781387, 0.9816864132881165, -0.0647638812661171, -0.17915786802768707, 0.06957962363958359, 0.9973611831665039, 0.02072129026055336, 0.17734313011169434, -0.032807543873786926, 0.9836021065711975),
            ["RightLowerLeg"] = CFrame.new(7.450580596923828e-09, -0.00012230873107910156, -0.00007735023245913908, 1, -1.4901158351676713e-07, -6.705523958316917e-08, 1.2293456563838845e-07, 0.6956079006195068, 0.7184216976165771, 2.607702853651972e-08, -0.7184216380119324, 0.6956079602241516),
            ["LeftUpperLeg"] = CFrame.new(1.1920928955078125e-07, 9.620562195777893e-07, -4.544854164123535e-07, 0.9882461428642273, 0.1513971984386444, -0.021177228540182114, -0.14645403623580933, 0.8979150056838989, -0.4150904417037964, -0.0438283309340477, 0.41331303119659424, 0.909533679485321),
            ["LeftLowerLeg"] = CFrame.new(-2.9802322387695312e-08, 0.00012254714965820312, 0.0000774189829826355, 1, 1.1175870895385742e-07, 2.607702498380604e-08, -7.636844401304188e-08, 0.5374661684036255, 0.8432852029800415, 1.8626449271863521e-09, -0.843285322189331, 0.5374663472175598),
        }},
        {Time = 0.067, Data = {
            ["RightFoot"] = CFrame.new(-5.587935447692871e-08, 3.5762786865234375e-07, -3.55576048605144e-08, 0.9874358773231506, -0.1263655424118042, 0.0948788970708847, 0.1560421586036682, 0.8744585514068604, -0.45931777358055115, -0.02492581307888031, 0.46835243701934814, 0.883190393447876),
            ["LeftLowerArm"] = CFrame.new(-1.1920928955078125e-07, 0, 7.7858567237854e-07, 1, -1.1920928955078125e-07, 6.33299421792799e-08, 9.313227167240257e-08, 0.09028426557779312, -0.9959160685539246, 1.1175872316471214e-07, 0.9959160685539246, 0.09028426557779312),
            ["RightUpperArm"] = CFrame.new(2.384185791015625e-07, 2.384185791015625e-07, -2.2351741790771484e-08, 0.4388450086116791, -0.7745501399040222, 0.4555083215236664, 0.08453800529241562, 0.5402701497077942, 0.8372344970703125, -0.8945773243904114, -0.32890787720680237, 0.30257323384284973),
            ["Head"] = CFrame.new(1.1397060006856918e-07, -4.76837158203125e-07, 5.168840289115906e-08, 0.9924541711807251, 0.03726191818714142, 0.11681810021400452, -0.037570081651210785, 0.9992939829826355, 0.0004364432243164629, -0.11671938002109528, -0.004822033457458019, 0.9931532740592957),
            ["RightHand"] = CFrame.new(0.0000013560056686401367, -3.5762786865234375e-07, 8.940696716308594e-08, 0.981582522392273, 0.13570833206176758, 0.13445867598056793, -0.14853551983833313, 0.9847639799118042, 0.09042893350124359, -0.12013795226812363, -0.10873513668775558, 0.9867844581604004),
            ["UpperTorso"] = CFrame.new(4.852190613746643e-07, 3.5762786865234375e-07, 5.122274160385132e-09, 0.9908201694488525, 0.12405909597873688, -0.053710754960775375, -0.12655074894428253, 0.9909034967422485, -0.04577358439564705, 0.04754377529025078, 0.05215054750442505, 0.9975069165229797),
            ["HumanoidRootPart"] = CFrame.new(0, 0, 0, 1, 0, 0, 0, 1, 0, 0, 0, 1),
            ["RightUpperLeg"] = CFrame.new(5.960464477539062e-07, 4.75090928375721e-07, -4.79929440189153e-07, 0.973575234413147, 0.14797896146774292, -0.17393462359905243, -0.19682978093624115, 0.9299579858779907, -0.3105420172214508, 0.11579857021570206, 0.33657145500183105, 0.9345108270645142),
            ["LeftUpperArm"] = CFrame.new(0, -1.1920928955078125e-07, 0, 0.32365018129348755, 0.7621699571609497, -0.5606672167778015, 0.0025230078026652336, 0.5918631553649902, 0.8060342669487, 0.9461734890937805, -0.26228809356689453, 0.18963398039340973),
            ["RightLowerArm"] = CFrame.new(4.76837158203125e-07, 0, 1.7136335372924805e-07, 1, -8.940699558479537e-08, 9.685752644372769e-08, 1.1175869474300271e-07, -0.2576183080673218, -0.9662468433380127, 1.1920927533992653e-07, 0.9662468433380127, -0.25761809945106506),
            ["LeftHand"] = CFrame.new(6.407499313354492e-07, 9.5367431640625e-07, -4.246830940246582e-07, 0.9478614330291748, 0.2725706994533539, 0.16511794924736023, -0.2419986128807068, 0.9527526497840881, -0.18357251584529877, -0.2073531299829483, 0.1340431421995163, 0.9690393805503845),
            ["LeftFoot"] = CFrame.new(-4.284083843231201e-08, 5.960464477539063e-08, -5.960464477539063e-08, 0.995090663433075, -0.07789076119661331, 0.06105399504303932, 0.09869304299354553, 0.8269205689430237, -0.5535902380943298, -0.0073668984696269035, 0.5568981766700745, 0.8305482864379883),
            ["LowerTorso"] = CFrame.new(-0.0005130025092512369, -0.1757640838623047, -0.04622764512896538, 0.9818084836006165, -0.06444509327411652, -0.17860297858715057, 0.06932301819324493, 0.9973689913749695, 0.02119997702538967, 0.17676682770252228, -0.033195611089468, 0.9836928248405457),
            ["RightLowerLeg"] = CFrame.new(-1.6391277313232422e-07, -0.00012242794036865234, -0.00007739493594272062, 1, -1.2665982751514093e-07, -4.842878098543224e-08, 7.823108916227284e-08, 0.6959665417671204, 0.7180742621421814, -1.1175869119028903e-08, -0.7180742621421814, 0.6959665417671204),
            ["LeftUpperLeg"] = CFrame.new(0, 6.989575922489166e-07, -4.6333298087120056e-07, 0.9883614182472229, 0.15056553483009338, -0.021717799827456474, -0.1458764225244522, 0.8975679278373718, -0.4160432815551758, -0.04314862936735153, 0.4143693745136261, 0.9090854525566101),
            ["LeftLowerLeg"] = CFrame.new(-2.2351741790771484e-08, 0.0001227855682373047, 0.00007733702659606934, 1, 7.450579175838357e-08, 4.8428766774577525e-08, -6.332992796842518e-08, 0.5382358431816101, 0.8427945375442505, 4.8428766774577525e-08, -0.8427943587303162, 0.5382354855537415),
        }},
        {Time = 0.100, Data = {
            ["RightFoot"] = CFrame.new(-1.4901161193847656e-08, 4.172325134277344e-07, -2.029992174357176e-09, 0.987686038017273, -0.12558303773403168, 0.09330159425735474, 0.15462197363376617, 0.8744463324546814, -0.45982101559638977, -0.023841656744480133, 0.4685858190059662, 0.8830965161323547),
            ["LeftLowerArm"] = CFrame.new(-1.1920928955078125e-07, -1.7881393432617188e-07, 3.203749656677246e-07, 1, -1.2293457984924316e-07, 7.823111758398227e-08, 5.960465898624534e-08, 0.08713515102863312, -0.9961965084075928, 5.960465898624534e-08, 0.9961965084075928, 0.08713509142398834),
            ["RightUpperArm"] = CFrame.new(2.384185791015625e-07, 0.0000010728836059570312, 0, 0.43654608726501465, -0.7751528024673462, 0.45669054985046387, 0.08244547247886658, 0.5399444103240967, 0.8376531004905701, -0.8958963751792908, -0.32802170515060425, 0.299618124961853),
            ["Head"] = CFrame.new(8.841743692755699e-08, 3.5762786865234375e-07, 5.98374754190445e-08, 0.9927217364311218, 0.04111761227250099, 0.11319494247436523, -0.04027409851551056, 0.9991413354873657, -0.009729626588523388, -0.11349775642156601, 0.0050999862141907215, 0.9935252666473389),
            ["RightHand"] = CFrame.new(0.000001564621925354004, -2.384185791015625e-07, 1.1920928955078125e-07, 0.981521487236023, 0.13606920838356018, 0.1345389038324356, -0.14893724024295807, 0.9846799969673157, 0.09068204462528229, -0.1201387494802475, -0.10904402285814285, 0.9867502450942993),
            ["UpperTorso"] = CFrame.new(5.103647708892822e-07, 5.364418029785156e-07, 1.5599653124809265e-08, 0.9910703301429749, 0.12245398759841919, -0.052770864218473434, -0.12486150860786438, 0.9911520481109619, -0.04502595216035843, 0.046790458261966705, 0.051212940365076065, 0.9975911378860474),
            ["HumanoidRootPart"] = CFrame.new(0, 0, 0, 1, 0, 0, 0, 1, 0, 0, 0, 1),
            ["RightUpperLeg"] = CFrame.new(5.364418029785156e-07, 7.586786523461342e-07, -4.666580935008824e-07, 0.9740334749221802, 0.1457940936088562, -0.1732131540775299, -0.19458703696727753, 0.9301807880401611, -0.31128719449043274, 0.11573610454797745, 0.3369092047214508, 0.9343969225883484),
            ["LeftUpperArm"] = CFrame.new(0, 7.152557373046875e-07, -9.685754776000977e-08, 0.32409676909446716, 0.7633204460144043, -0.5588412284851074, 0.0027796640060842037, 0.5899551510810852, 0.807431161403656, 0.9460198879241943, -0.2632393538951874, 0.18908092379570007),
            ["RightLowerArm"] = CFrame.new(1.7881393432617188e-07, 5.960464477539063e-08, -2.2351741790771484e-08, 1, -2.0489110852395243e-07, 2.2351731132630448e-08, 3.352760202801619e-08, -0.2564612329006195, -0.966554582118988, 1.1175866632129328e-07, 0.966554582118988, -0.25646108388900757),
            ["LeftHand"] = CFrame.new(5.513429641723633e-07, 0.0000011324882507324219, -6.742775440216064e-07, 0.9484136700630188, 0.2719011902809143, 0.16303814947605133, -0.2417832314968109, 0.9529597163200378, -0.18278051912784576, -0.20506709814071655, 0.13393166661262512, 0.9695411324501038),
            ["LeftFoot"] = CFrame.new(-1.4901161193847656e-08, 1.1920928955078125e-07, 2.2351741790771484e-08, 0.9950469732284546, -0.07657929509878159, 0.06338165700435638, 0.0988745465874672, 0.828315019607544, -0.5514691472053528, -0.010268636047840118, 0.555004358291626, 0.8317840099334717),
            ["LowerTorso"] = CFrame.new(-0.002116021467372775, -0.17473649978637695, -0.04551130160689354, 0.9820815324783325, -0.062693290412426, -0.17772337794303894, 0.06769565492868423, 0.9974586963653564, 0.022218191996216774, 0.17587876319885254, -0.033851172775030136, 0.9838297367095947),
            ["RightLowerLeg"] = CFrame.new(-4.470348358154297e-08, -0.00012230873107910156, -0.00007746944174868986, 1, -1.2665982751514093e-07, -5.5879375793210784e-08, 9.126959810146218e-08, 0.6962239742279053, 0.7178248167037964, -3.352760913344355e-08, -0.7178246974945068, 0.6962238550186157),
            ["LeftUpperLeg"] = CFrame.new(1.4901161193847656e-07, 0.0000010635703802108765, -4.05358150601387e-07, 0.988887369632721, 0.1469307392835617, -0.022654196247458458, -0.1429818868637085, 0.8982265591621399, -0.4156263470649719, -0.040719691663980484, 0.41424691677093506, 0.9092532992362976),
            ["LeftLowerLeg"] = CFrame.new(8.195638656616211e-08, 0.0001227259635925293, 0.0000773891806602478, 1, 8.940694584680386e-08, 2.2351736461700966e-08, -9.406356582530861e-08, 0.541434645652771, 0.840742826461792, 3.911554458113642e-08, -0.8407428860664368, 0.5414347052574158),
        }},
        {Time = 0.133, Data = {
            ["RightFoot"] = CFrame.new(-2.2351741790771484e-08, 4.172325134277344e-07, 1.287116901949048e-08, 0.9878262877464294, -0.1254207193851471, 0.092026486992836, 0.15390944480895996, 0.8739556074142456, -0.46099138259887695, -0.022609155625104904, 0.4695437252521515, 0.882620096206665),
            ["LeftLowerArm"] = CFrame.new(-1.1920928955078125e-07, -5.960464477539063e-08, -3.91155481338501e-07, 1, -7.078055830334051e-08, 5.7742006731587026e-08, 8.195640788244418e-08, 0.0887615904211998, -0.9960529208183289, 6.705523958316917e-08, 0.9960529804229736, 0.08876164257526398),
            ["RightUpperArm"] = CFrame.new(1.1920928955078125e-07, 8.344650268554688e-07, 0, 0.4373084306716919, -0.7753788828849792, 0.45557647943496704, 0.08124029636383057, 0.5385724306106567, 0.8386535048484802, -0.895634651184082, -0.3297383189201355, 0.2985135614871979),
            ["Head"] = CFrame.new(1.1961674317717552e-07, -5.960464477539062e-07, 6.961636245250702e-08, 0.9935538172721863, 0.03749974071979523, 0.10697987675666809, -0.03732043877243996, 0.9992966055870056, -0.0036781395319849253, -0.1070425733923912, -0.00033811500179581344, 0.9942544102668762),
            ["RightHand"] = CFrame.new(0.0000017285346984863281, -5.960464477539063e-08, 2.3096799850463867e-07, 0.9807826280593872, 0.13764254748821259, 0.13827480375766754, -0.15101882815361023, 0.9842989444732666, 0.09137362986803055, -0.12352707982063293, -0.11049920320510864, 0.9861699342727661),
            ["UpperTorso"] = CFrame.new(5.094334483146667e-07, 4.76837158203125e-07, 3.3760443329811096e-09, 0.9911444783210754, 0.12194082885980606, -0.0525665283203125, -0.1244506984949112, 0.9910905957221985, -0.04744977504014969, 0.04631231352686882, 0.05357152596116066, 0.9974895119667053),
            ["HumanoidRootPart"] = CFrame.new(0, 0, 0, 1, 0, 0, 0, 1, 0, 0, 0, 1),
            ["RightUpperLeg"] = CFrame.new(4.76837158203125e-07, 4.948815330862999e-07, -4.895919119007885e-07, 0.9743586182594299, 0.14419353008270264, -0.17272339761257172, -0.19334475696086884, 0.9292009472846985, -0.31496623158454895, 0.11507880687713623, 0.34028512239456177, 0.9332539439201355),
            ["LeftUpperArm"] = CFrame.new(5.960464477539063e-08, 2.384185791015625e-07, -2.9802322387695312e-08, 0.320873886346817, 0.7638182044029236, -0.5600199103355408, 0.0036760095972567797, 0.5902766585350037, 0.8071922659873962, 0.9471148252487183, -0.2610657513141632, 0.1865968555212021),
            ["RightLowerArm"] = CFrame.new(5.960464477539063e-08, 3.5762786865234375e-07, -3.203749656677246e-07, 1, -7.450584860180243e-08, 1.601874828338623e-07, 1.0803341865539551e-07, -0.2585316598415375, -0.9660027623176575, 8.195638656616211e-08, 0.9660028219223022, -0.2585318684577942),
            ["LeftHand"] = CFrame.new(4.6193599700927734e-07, 8.344650268554688e-07, -5.103647708892822e-07, 0.9480597376823425, 0.2723405063152313, 0.16435804963111877, -0.24193075299263, 0.9528221487998962, -0.1833018958568573, -0.2065242975950241, 0.13401755690574646, 0.9692198038101196),
            ["LeftFoot"] = CFrame.new(3.259629011154175e-09, 0, 1.862645149230957e-08, 0.9950939416885376, -0.07600082457065582, 0.06333962082862854, 0.09836089611053467, 0.8288359045982361, -0.5507775545120239, -0.010638183914124966, 0.5543057322502136, 0.8322452902793884),
            ["LowerTorso"] = CFrame.new(-0.002900460734963417, -0.1749563217163086, -0.045360833406448364, 0.9825141429901123, -0.06112124025821686, -0.175869882106781, 0.06636882573366165, 0.997503936290741, 0.024106629192829132, 0.1739574670791626, -0.03535738214850426, 0.9841182231903076),
            ["RightLowerLeg"] = CFrame.new(-2.9802322387695312e-08, -0.00012230873107910156, -0.00007746944174868986, 1, -1.1920921849650767e-07, -5.2154071283894154e-08, 1.0803341865539551e-07, 0.6941672563552856, 0.7198140025138855, -3.3527612686157227e-08, -0.7198137640953064, 0.6941669583320618),
            ["LeftUpperLeg"] = CFrame.new(8.940696716308594e-08, 6.207264959812164e-07, -4.543690010905266e-07, 0.9892392754554749, 0.14433684945106506, -0.02392517402768135, -0.1410733312368393, 0.8976699113845825, -0.4174771308898926, -0.03878054395318031, 0.41635993123054504, 0.9083724021911621),
            ["LeftLowerLeg"] = CFrame.new(5.21540641784668e-08, 0.00012254714965820312, 0.00007739663124084473, 1, 7.450579886381092e-08, 1.4901161193847656e-08, -7.264315371457997e-08, 0.5419793128967285, 0.8403918147087097, 3.352760913344355e-08, -0.8403918743133545, 0.5419794321060181),
        }},
        {Time = 0.167, Data = {
            ["RightFoot"] = CFrame.new(1.4901161193847656e-08, 2.980232238769531e-07, -5.418405635282397e-08, 0.9881236553192139, -0.12486881762742996, 0.08955036103725433, 0.15223677456378937, 0.8746925592422485, -0.4601486027240753, -0.020870868116617203, 0.4683169722557068, 0.883314311504364),
            ["LeftLowerArm"] = CFrame.new(-8.940696716308594e-08, 5.960464477539063e-08, 7.450580596923828e-08, 1, -9.685759039257391e-08, 1.0244544768056585e-07, 1.2107194891086692e-07, 0.09164470434188843, -0.9957917928695679, 8.940698137394065e-08, 0.9957918524742126, 0.09164462983608246),
            ["RightUpperArm"] = CFrame.new(3.5762786865234375e-07, 9.5367431640625e-07, 1.4901161193847656e-08, 0.4361999034881592, -0.7776147127151489, 0.45281982421875, 0.07997189462184906, 0.5347258448600769, 0.8412330150604248, -0.8962891697883606, -0.33073219656944275, 0.2954340875148773),
            ["Head"] = CFrame.new(9.557697921991348e-08, -1.1920928955078125e-07, 7.497146725654602e-08, 0.994467556476593, 0.028345368802547455, 0.10114806890487671, -0.029746470972895622, 0.9994809627532959, 0.012370388023555279, -0.10074497014284134, -0.015310762450098991, 0.9947945475578308),
            ["RightHand"] = CFrame.new(0.0000014007091522216797, -3.5762786865234375e-07, 3.2782554626464844e-07, 0.9801003932952881, 0.13751952350139618, 0.14314843714237213, -0.15134713053703308, 0.984318196773529, 0.09062035381793976, -0.12844158709049225, -0.1104816347360611, 0.9855437278747559),
            ["UpperTorso"] = CFrame.new(5.103647708892822e-07, 2.682209014892578e-07, 1.635635271668434e-08, 0.9910309314727783, 0.12255045771598816, -0.05328403040766716, -0.12527461349964142, 0.9908002018928528, -0.05119805783033371, 0.04651965945959091, 0.05741399526596069, 0.9972660541534424),
            ["HumanoidRootPart"] = CFrame.new(0, 0, 0, 1, 0, 0, 0, 1, 0, 0, 0, 1),
            ["RightUpperLeg"] = CFrame.new(5.364418029785156e-07, 8.110655471682549e-07, -4.770772648043931e-07, 0.9744303822517395, 0.14468927681446075, -0.17190206050872803, -0.19336874783039093, 0.9296471476554871, -0.3136320114135742, 0.11442936956882477, 0.33885273337364197, 0.9338547587394714),
            ["LeftUpperArm"] = CFrame.new(0, 3.5762786865234375e-07, -1.1175870895385742e-07, 0.318796306848526, 0.7631637454032898, -0.5620946288108826, 0.005043591372668743, 0.591662585735321, 0.8061695694923401, 0.9478098750114441, -0.25983914732933044, 0.18477113544940948),
            ["RightLowerArm"] = CFrame.new(5.364418029785156e-07, -3.5762786865234375e-07, -3.725290298461914e-08, 1, -8.195643630415361e-08, 9.685752644372769e-08, 7.078050856534901e-08, -0.2643149495124817, -0.9644364714622498, 7.450579886381092e-08, 0.9644365310668945, -0.2643147110939026),
            ["LeftHand"] = CFrame.new(4.6938657760620117e-07, 0.0000011920928955078125, -3.91155481338501e-07, 0.947890043258667, 0.27167677879333496, 0.16642272472381592, -0.2409604787826538, 0.9530532956123352, -0.1833779662847519, -0.20842893421649933, 0.13372062146663666, 0.9688529968261719),
            ["LeftFoot"] = CFrame.new(1.5832483768463135e-08, -1.1920928955078125e-07, 6.146728992462158e-08, 0.9951474666595459, -0.07534337043762207, 0.06328389048576355, 0.09776873886585236, 0.829590380191803, -0.5497468709945679, -0.011079506948590279, 0.5532659888267517, 0.8329307436943054),
            ["LowerTorso"] = CFrame.new(-0.0031833224929869175, -0.17394471168518066, -0.046273574233055115, 0.9828008413314819, -0.061562832444906235, -0.17410513758659363, 0.06687714159488678, 0.9974526166915894, 0.024817828088998795, 0.17213375866413116, -0.036034636199474335, 0.9844143390655518),
            ["RightLowerLeg"] = CFrame.new(-5.960464477539063e-08, -0.00012236833572387695, -0.00007743963942630216, 1, -1.5646217832454568e-07, -2.2351741790771484e-08, 8.381902460996571e-08, 0.6967337727546692, 0.7173296213150024, -6.332992796842518e-08, -0.7173299789428711, 0.6967340111732483),
            ["LeftUpperLeg"] = CFrame.new(8.940696716308594e-08, 8.312053978443146e-07, -4.3440377339720726e-07, 0.9893165230751038, 0.14356476068496704, -0.025339553132653236, -0.14094048738479614, 0.8974551558494568, -0.4179833233356476, -0.03726671263575554, 0.4170893430709839, 0.9081012606620789),
            ["LeftLowerLeg"] = CFrame.new(0, 0.00012254714965820312, 0.00007743388414382935, 1, 9.685754776000977e-08, 1.862644971595273e-08, -7.82310962677002e-08, 0.5431233048439026, 0.839652955532074, 4.0978193283081055e-08, -0.8396530151367188, 0.5431233644485474),
        }},
        {Time = 0.200, Data = {
            ["RightFoot"] = CFrame.new(7.450580596923828e-09, 2.980232238769531e-07, 4.639878170564771e-08, 0.9882200956344604, -0.12490078061819077, 0.08843454718589783, 0.15174679458141327, 0.8746522665023804, -0.46038684248924255, -0.019846854731440544, 0.4683837890625, 0.8833025693893433),
            ["LeftLowerArm"] = CFrame.new(-5.960464477539063e-08, -2.384185791015625e-07, 3.501772880554199e-07, 1, -9.685760460342863e-08, 5.21540641784668e-08, 1.2852255792950018e-07, 0.0975332260131836, -0.9952322840690613, 8.940699558479537e-08, 0.9952322840690613, 0.09753310680389404),
            ["RightUpperArm"] = CFrame.new(2.384185791015625e-07, 5.960464477539062e-07, -3.725290298461914e-08, 0.43296515941619873, -0.7814586162567139, 0.44929325580596924, 0.08061245828866959, 0.5300031900405884, 0.8441553711891174, -0.8977989554405212, -0.3292706608772278, 0.29246777296066284),
            ["Head"] = CFrame.new(1.2246891856193542e-07, -3.5762786865234375e-07, 5.4016709327697754e-08, 0.9950816035270691, 0.016085397452116013, 0.09774460643529892, -0.0195462629199028, 0.9992117285728455, 0.03455355018377304, -0.09711172431707382, -0.03629413619637489, 0.9946116209030151),
            ["RightHand"] = CFrame.new(0.0000019371509552001953, -2.980232238769531e-07, 8.940696716308594e-08, 0.9795829057693481, 0.13717743754386902, 0.14696873724460602, -0.15133711695671082, 0.9843863844871521, 0.08989284187555313, -0.1323426514863968, -0.11029918491840363, 0.9850479364395142),
            ["UpperTorso"] = CFrame.new(5.289912223815918e-07, 5.364418029785156e-07, 1.3504177331924438e-08, 0.9907699823379517, 0.12399248778820038, -0.05477989464998245, -0.1269758939743042, 0.9903897643089294, -0.0548211932182312, 0.047456204891204834, 0.061270929872989655, 0.9969924092292786),
            ["HumanoidRootPart"] = CFrame.new(0, 0, 0, 1, 0, 0, 0, 1, 0, 0, 0, 1),
            ["RightUpperLeg"] = CFrame.new(4.76837158203125e-07, 4.3818727135658264e-07, -4.7061621444299817e-07, 0.9742986559867859, 0.14532192051410675, -0.17211464047431946, -0.19389453530311584, 0.9299529194831848, -0.31239819526672363, 0.11466057598590851, 0.33774128556251526, 0.9342291355133057),
            ["LeftUpperArm"] = CFrame.new(5.960464477539063e-08, 2.384185791015625e-07, -4.470348358154297e-08, 0.3178548216819763, 0.7603293657302856, -0.566451907157898, 0.008137567900121212, 0.5952255129814148, 0.8035174012184143, 0.9481045007705688, -0.26001158356666565, 0.18300817906856537),
            ["RightLowerArm"] = CFrame.new(2.384185791015625e-07, 5.960464477539063e-08, -8.940696716308594e-08, 1, -4.097820749393577e-08, 8.940692453052179e-08, 8.940695295223122e-08, -0.27181628346443176, -0.9623491764068604, 1.1175869474300271e-07, 0.9623491764068604, -0.2718160152435303),
            ["LeftHand"] = CFrame.new(4.470348358154297e-07, 7.748603820800781e-07, -1.7136335372924805e-07, 0.9477134346961975, 0.2695706784725189, 0.17079578340053558, -0.23828373849391937, 0.9537678360939026, -0.1831599771976471, -0.21227389574050903, 0.13288548588752747, 0.9681328535079956),
            ["LeftFoot"] = CFrame.new(3.958120942115784e-08, -1.7881393432617188e-07, -4.0978193283081055e-08, 0.9952278733253479, -0.07584010064601898, 0.06139914691448212, 0.09714722633361816, 0.829188883304596, -0.5504613518714905, -0.009164192713797092, 0.5537998676300049, 0.8325998187065125),
            ["LowerTorso"] = CFrame.new(-0.0033285690005868673, -0.17387652397155762, -0.04744378849864006, 0.9830126762390137, -0.06205329671502113, -0.17272993922233582, 0.06735648959875107, 0.9974156022071838, 0.025006433948874474, 0.1707317978143692, -0.036216121166944504, 0.9846517443656921),
            ["RightLowerLeg"] = CFrame.new(-5.960464477539063e-08, -0.00012230873107910156, -0.00007732043013675138, 1, -1.192092469182171e-07, -1.1175874448099421e-08, 8.009372010064908e-08, 0.697685718536377, 0.7164041996002197, -8.568165554834195e-08, -0.7164040207862854, 0.6976854801177979),
            ["LeftUpperLeg"] = CFrame.new(1.4901161193847656e-07, 7.82310962677002e-07, -4.2421743273735046e-07, 0.9891560673713684, 0.14471597969532013, -0.02505411021411419, -0.14188484847545624, 0.8975186347961426, -0.4175269603729248, -0.03793635591864586, 0.4165545105934143, 0.9083191156387329),
            ["LeftLowerLeg"] = CFrame.new(1.4156103134155273e-07, 0.00012290477752685547, 0.00007748603820800781, 1, 5.9604616353681195e-08, 7.823112468940963e-08, -5.774199962615967e-08, 0.5431494116783142, 0.8396366834640503, 4.284083843231201e-08, -0.8396360278129578, 0.5431485176086426),
        }},
        {Time = 0.233, Data = {
            ["RightFoot"] = CFrame.new(3.725290298461914e-08, 1.1920928955078125e-07, 2.4047039914876223e-08, 0.9881643056869507, -0.12451277673244476, 0.08959841728210449, 0.15198273956775665, 0.8738800883293152, -0.4617730975151062, -0.02080138400197029, 0.46992582082748413, 0.8824612498283386),
            ["LeftLowerArm"] = CFrame.new(-2.384185791015625e-07, 5.960464477539063e-08, -1.601874828338623e-07, 1, -1.043080928297968e-07, 1.192093463942001e-07, 1.601874828338623e-07, 0.10440978407859802, -0.9945343732833862, 8.940696716308594e-08, 0.9945343732833862, 0.10440979152917862),
            ["RightUpperArm"] = CFrame.new(1.1920928955078125e-07, -1.1920928955078125e-07, -2.9802322387695312e-08, 0.4304032027721405, -0.7865211367607117, 0.44287464022636414, 0.08280623704195023, 0.5229815244674683, 0.8483121395111084, -0.8988304734230042, -0.3284432590007782, 0.29022181034088135),
            ["Head"] = CFrame.new(1.1385418474674225e-07, -7.152557373046875e-07, 5.21540641784668e-08, 0.9956889748573303, 0.003258980344980955, 0.09269769489765167, -0.00845356099307537, 0.9984117746353149, 0.055700670927762985, -0.09236907958984375, -0.05624418705701828, 0.9941352009773254),
            ["RightHand"] = CFrame.new(0.0000016540288925170898, -2.980232238769531e-07, -3.427267074584961e-07, 0.9793698787689209, 0.13553179800510406, 0.1498861461877823, -0.14979588985443115, 0.9847639203071594, 0.08832568675279617, -0.1356314867734909, -0.10895557701587677, 0.9847500920295715),
            ["UpperTorso"] = CFrame.new(4.954636096954346e-07, 5.662441253662109e-07, 1.6298145055770874e-08, 0.9902342557907104, 0.12811365723609924, -0.05498296767473221, -0.1312355250120163, 0.9896814823150635, -0.05751413851976395, 0.04704746976494789, 0.06416819989681244, 0.9968294501304626),
            ["HumanoidRootPart"] = CFrame.new(0, 0, 0, 1, 0, 0, 0, 1, 0, 0, 0, 1),
            ["RightUpperLeg"] = CFrame.new(5.364418029785156e-07, 7.103662937879562e-07, -4.3941690819337964e-07, 0.9736903309822083, 0.14650332927703857, -0.17453855276107788, -0.19526125490665436, 0.9312605261802673, -0.30761539936065674, 0.11747441440820694, 0.33360257744789124, 0.9353657960891724),
            ["LeftUpperArm"] = CFrame.new(1.1920928955078125e-07, -3.5762786865234375e-07, -7.450580596923828e-08, 0.31546249985694885, 0.7572495937347412, -0.5718884468078613, 0.010014352388679981, 0.5999712944030762, 0.7999588847160339, 0.9488852024078369, -0.25808462500572205, 0.1816854476928711),
            ["RightLowerArm"] = CFrame.new(5.364418029785156e-07, -4.172325134277344e-07, -3.5762786865234375e-07, 1, 5.960465188081798e-08, 1.1920926112907182e-07, 6.705521116145974e-08, -0.2797733247280121, -0.9600661993026733, 4.470347292340193e-08, 0.9600660800933838, -0.2797732651233673),
            ["LeftHand"] = CFrame.new(4.76837158203125e-07, 9.5367431640625e-07, -5.476176738739014e-07, 0.9474853873252869, 0.2662340998649597, 0.1771748960018158, -0.23414428532123566, 0.9548779129981995, -0.18271397054195404, -0.21782532334327698, 0.13163472712039948, 0.9670702219009399),
            ["LeftFoot"] = CFrame.new(-1.6298145055770874e-08, -1.7881393432617188e-07, 2.2351741790771484e-08, 0.9953712224960327, -0.0762222483754158, 0.058535102754831314, 0.09590022265911102, 0.8275177478790283, -0.5531886219978333, -0.0062731364741921425, 0.5562414526939392, 0.830997109413147),
            ["LowerTorso"] = CFrame.new(-0.003410578705370426, -0.1748523712158203, -0.049447011202573776, 0.9829666614532471, -0.06432325392961502, -0.1721603125333786, 0.06932487338781357, 0.997324526309967, 0.0231927502900362, 0.17020785808563232, -0.03473268449306488, 0.9847959876060486),
            ["RightLowerLeg"] = CFrame.new(-7.450580596923828e-09, -0.00012230873107910156, -0.00007738003478152677, 1, -1.0430809993522416e-07, -8.568168397005138e-08, 8.009372010064908e-08, 0.6984381675720215, 0.7156703472137451, -1.0058281674218961e-07, -0.7156704664230347, 0.6984381675720215),
            ["LeftUpperLeg"] = CFrame.new(1.7881393432617188e-07, 9.0012326836586e-07, -5.010515451431274e-07, 0.9887328743934631, 0.1477561593055725, -0.023988649249076843, -0.14422239363193512, 0.8973783850669861, -0.4170278012752533, -0.04009159281849861, 0.4157887101173401, 0.9085772037506104),
            ["LeftLowerLeg"] = CFrame.new(-2.9802322387695312e-08, 0.0001226663589477539, 0.00007732212543487549, 1, 8.195637946073475e-08, 5.587933316064664e-08, -6.519257311765614e-08, 0.5396500825881958, 0.8418891429901123, 3.5390254282674505e-08, -0.8418894410133362, 0.5396504998207092),
        }},
        {Time = 0.267, Data = {
            ["RightFoot"] = CFrame.new(-3.3527612686157227e-08, 2.384185791015625e-07, -1.3205863069742918e-08, 0.9881542921066284, -0.12582965195178986, 0.08785197138786316, 0.1523490697145462, 0.8732103705406189, -0.4629179835319519, -0.0184644665569067, 0.4708190858364105, 0.8820368647575378),
            ["LeftLowerArm"] = CFrame.new(-1.7881393432617188e-07, 2.384185791015625e-07, 3.2782554626464844e-07, 1, -8.568171949718817e-08, 7.264317503086204e-08, 8.38190601371025e-08, 0.11417260020971298, -0.993461012840271, 6.332995639013461e-08, 0.9934609532356262, 0.11417246609926224),
            ["RightUpperArm"] = CFrame.new(2.384185791015625e-07, -1.1920928955078125e-07, 0, 0.42573776841163635, -0.7937692999839783, 0.4343709945678711, 0.08746768534183502, 0.5139030814170837, 0.8533774018287659, -0.9006090760231018, -0.32532140612602234, 0.288216769695282),
            ["Head"] = CFrame.new(1.043081283569336e-07, -2.384185791015625e-07, 6.51925802230835e-08, 0.9960694909095764, -0.01262231357395649, 0.08767254650592804, 0.006017169915139675, 0.9971505403518677, 0.07519844174385071, -0.08837199956178665, -0.07437533885240555, 0.9933069944381714),
            ["RightHand"] = CFrame.new(0.000001862645149230957, 5.960464477539063e-08, 9.685754776000977e-08, 0.9795979857444763, 0.13109934329986572, 0.15231861174106598, -0.1451122760772705, 0.9857742786407471, 0.08480393141508102, -0.13903385400772095, -0.10517670959234238, 0.9846864342689514),
            ["UpperTorso"] = CFrame.new(4.805624485015869e-07, 1.1920928955078125e-07, 1.0710209608078003e-08, 0.9886339902877808, 0.13826563954353333, -0.05903788283467293, -0.14201998710632324, 0.9877278208732605, -0.06499286741018295, 0.04932727664709091, 0.07263870537281036, 0.9961378574371338),
            ["HumanoidRootPart"] = CFrame.new(0, 0, 0, 1, 0, 0, 0, 1, 0, 0, 0, 1),
            ["RightUpperLeg"] = CFrame.new(4.172325134277344e-07, 8.614733815193176e-07, -4.78066795039922e-07, 0.9717984795570374, 0.15256579220294952, -0.17980875074863434, -0.2024226039648056, 0.9308546781539917, -0.3041958510875702, 0.12096627056598663, 0.33201414346694946, 0.9354858994483948),
            ["LeftUpperArm"] = CFrame.new(0, -2.384185791015625e-07, 0, 0.31354302167892456, 0.7509275078773499, -0.5812046527862549, 0.013763734139502048, 0.6084102392196655, 0.7935029864311218, 0.9494742155075073, -0.2567974925041199, 0.18042758107185364),
            ["RightLowerArm"] = CFrame.new(1.7881393432617188e-07, -4.172325134277344e-07, -1.1920928955078125e-07, 1, -1.415611023958263e-07, 1.4901158351676713e-07, -3.725290653733282e-08, -0.29073309898376465, -0.9568042755126953, 7.450581307466564e-08, 0.9568042159080505, -0.2907330393791199),
            ["LeftHand"] = CFrame.new(5.513429641723633e-07, 2.384185791015625e-07, -5.289912223815918e-07, 0.947563886642456, 0.26200589537620544, 0.18296363949775696, -0.22936396300792694, 0.9562663435935974, -0.18151269853115082, -0.22251948714256287, 0.13002949953079224, 0.966218113899231),
            ["LeftFoot"] = CFrame.new(3.67872416973114e-08, 1.7881393432617188e-07, 0, 0.9956369400024414, -0.07899259030818939, 0.04967300221323967, 0.09325854480266571, 0.8242269158363342, -0.558527410030365, 0.0031781834550201893, 0.5607229471206665, 0.8279975056648254),
