return {
    ["Out West"] = {
        {Time = 0.000, Data = {
            ["LeftFoot"] = CFrame.new(-6.146728992462158e-08, -1.1920928955078125e-07, -3.166496753692627e-08, 0.9968253970146179, 0.031296104192733765, -0.07321072369813919, -0.05966683477163315, 0.9024546146392822, -0.4266328811645508, 0.052717339247465134, 0.42964670062065125, 0.9014570116996765),
            ["LeftLowerArm"] = CFrame.new(0.0000015497207641601562, -5.960464477539063e-08, 0.000005031004548072815, 1, -1.4901161193847656e-08, -6.705522537231445e-08, -6.332993507385254e-08, -0.4307824373245239, -0.9024559259414673, 7.450580596923828e-09, 0.9024558663368225, -0.430782288312912),
            ["LowerTorso"] = CFrame.new(-0.1660667210817337, -0.2468421459197998, 0.1573171317577362, 0.9994649887084961, -0.008296661078929901, 0.031636837869882584, 0.016248265281319618, 0.9654371738433838, -0.26012933254241943, -0.028385167941451073, 0.2605041563510895, 0.9650554656982422),
            ["Head"] = CFrame.new(-6.984919309616089e-09, -4.76837158203125e-07, 1.0803341865539551e-07, 0.9882290959358215, -0.0032215137034654617, -0.15294727683067322, -0.032036833465099335, 0.9732517004013062, -0.22749699652194977, 0.14958912134170532, 0.229718878865242, 0.9616923928260803),
            ["RightUpperArm"] = CFrame.new(-0.037116408348083496, 0.006837964057922363, 0.04633604735136032, 0.9670114517211914, 0.013919148594141006, -0.25435206294059753, -0.10660453140735626, 0.9289752840995789, -0.35445812344551086, 0.23135314881801605, 0.3698800802230835, 0.8998135328292847),
            ["UpperTorso"] = CFrame.new(5.541369318962097e-08, 8.940696716308594e-08, 3.213062882423401e-08, 0.9916481971740723, -0.0005530148046091199, 0.12897175550460815, -0.05496715381741524, 0.9028124809265137, 0.42650720477104187, -0.11667317152023315, -0.43003416061401367, 0.895241916179657),
            ["HumanoidRootPart"] = CFrame.new(0, 0, 0, 1, 0, 0, 0, 1, 0, 0, 0, 1),
            ["RightHand"] = CFrame.new(3.203749656677246e-07, 0.0000010132789611816406, -7.234048098325729e-07, 0.8579431176185608, -0.22483539581298828, 0.4619330167770386, 0.3682955503463745, 0.8960495591163635, -0.24789893627166748, -0.3581787645816803, 0.382811039686203, 0.8515656590461731),
            ["LeftUpperArm"] = CFrame.new(0.0212133526802063, -0.04634404182434082, 0.04605260491371155, 0.9872246384620667, -0.14935310184955597, 0.05550907552242279, 0.15441885590553284, 0.810955286026001, -0.5643638372421265, 0.03927411139011383, 0.5657253265380859, 0.8236578702926636),
            ["RightLowerArm"] = CFrame.new(3.2782554626464844e-07, 5.960464477539062e-07, -0.000003777444362640381, 1, 0.000003892927907145349, 0.000019095141396974213, 0.00001898407754197251, -0.41660693287849426, -0.9090867638587952, 0.000004413537226355402, 0.9090867638587952, -0.4166070222854614),
            ["LeftHand"] = CFrame.new(-0.0000014156103134155273, -0.000001430511474609375, 3.1851232051849365e-07, 0.9945330023765564, 0.03780670836567879, -0.09733910858631134, -0.0656125545501709, 0.9514138102531433, -0.3008440136909485, 0.08123597502708435, 0.30558574199676514, 0.948692798614502),
            ["RightUpperLeg"] = CFrame.new(1.1920928955078125e-07, -7.962808012962341e-08, 8.549250196665525e-09, 0.9733055233955383, -0.055081337690353394, -0.22280627489089966, -0.01963193155825138, 0.9472370147705078, -0.31993263959884644, 0.22867265343666077, 0.31576603651046753, 0.9208694696426392),
            ["LeftUpperLeg"] = CFrame.new(0, -5.3551048040390015e-08, -2.60770320892334e-08, 0.9754084348678589, 0.12661205232143402, 0.1804102063179016, -0.047971129417419434, 0.9208705425262451, -0.38690629601478577, -0.21512137353420258, 0.36873701214790344, 0.9042984247207642),
            ["RightLowerLeg"] = CFrame.new(-1.1548399925231934e-07, -0.0007264018058776855, 0.00004586746945278719, 1, 1.30385160446167e-07, 3.7252917195473856e-08, -8.940698137394065e-08, 0.3001328110694885, 0.9538973569869995, 1.1920930376163597e-07, -0.9538974761962891, 0.3001331090927124),
            ["RightFoot"] = CFrame.new(1.825392246246338e-07, -1.1920928955078125e-07, 1.4733814168721437e-08, 0.9630969762802124, 0.028190921992063522, -0.26767390966415405, -0.11808475852012634, 0.9379345178604126, -0.32609009742736816, 0.24186792969703674, 0.3456646502017975, 0.9066510200500488),
            ["LeftLowerLeg"] = CFrame.new(-1.4528632164001465e-07, -0.0007265806198120117, 0.00008097290992736816, 1, 7.078052988163108e-08, 2.7939673685750677e-08, -8.009374141693115e-08, 0.4657890796661377, 0.8848958015441895, 3.818422555923462e-08, -0.884895920753479, 0.4657890498638153),
        }},
        {Time = 0.033, Data = {
            ["LeftFoot"] = CFrame.new(7.566995918750763e-09, -2.980232238769531e-07, -2.9802322387695312e-08, 0.9990374445915222, 0.012122958898544312, -0.042158760130405426, -0.028014902025461197, 0.9158648252487183, -0.40050846338272095, 0.03375638648867607, 0.40130385756492615, 0.9153226613998413),
            ["LeftLowerArm"] = CFrame.new(0.000001519918441772461, -3.5762786865234375e-07, 0.000004779547452926636, 1, -6.705523247774181e-08, -6.612390990312633e-08, -7.82310962677002e-08, -0.48047831654548645, -0.8770067095756531, 1.862645149230957e-08, 0.8770067095756531, -0.4804781973361969),
            ["LowerTorso"] = CFrame.new(-0.14279812574386597, -0.21123898029327393, 0.16602221131324768, 0.9989278316497803, -0.04001154005527496, 0.023286601528525352, 0.04285251721739769, 0.9894936680793762, -0.13807983696460724, -0.01751715876162052, 0.13892966508865356, 0.9901472926139832),
            ["Head"] = CFrame.new(-1.4901161193847656e-08, -3.5762786865234375e-07, 2.60770320892334e-08, 0.9896101355552673, 0.04013413190841675, -0.1380624622106552, -0.07507850974798203, 0.9631809592247009, -0.25815829634666443, 0.12261824309825897, 0.26584139466285706, 0.9561867117881775),
            ["RightUpperArm"] = CFrame.new(-0.03664100170135498, -0.0008767843246459961, 0.03839664161205292, 0.9658557176589966, 0.10779368877410889, -0.23559138178825378, -0.15914388000965118, 0.9644036293029785, -0.21118472516536713, 0.20444095134735107, 0.24146685004234314, 0.9486294388771057),
            ["UpperTorso"] = CFrame.new(2.3283064365386963e-09, -4.172325134277344e-07, 8.847564458847046e-09, 0.9920845031738281, 0.012405745685100555, 0.12495829164981842, -0.05434529110789299, 0.9395067691802979, 0.33819180727005005, -0.11320361495018005, -0.3423055410385132, 0.9327442646026611),
            ["HumanoidRootPart"] = CFrame.new(0, 0, 0, 1, 0, 0, 0, 1, 0, 0, 0, 1),
            ["RightHand"] = CFrame.new(3.5762786865234375e-07, 0.0000011324882507324219, -0.0000012777745723724365, 0.8402239680290222, -0.24297356605529785, 0.4847544729709625, 0.3974653482437134, 0.8840848803520203, -0.24579548835754395, -0.3688427209854126, 0.3991965055465698, 0.8394032716751099),
            ["LeftUpperArm"] = CFrame.new(0.021170973777770996, -0.044106245040893555, 0.03895155340433121, 0.990388035774231, -0.12782862782478333, 0.05283335596323013, 0.1377241462469101, 0.8760461211204529, -0.46214213967323303, 0.01279053557664156, 0.4649764597415924, 0.8852307200431824),
            ["RightLowerArm"] = CFrame.new(2.980232238769531e-07, 2.980232238769531e-07, -0.00000385381281375885, 1, 0.000005386770226323279, 0.00001871214044513181, 0.000018987455405294895, -0.48778560757637024, -0.8729634881019592, 0.000004407833330333233, 0.872963547706604, -0.48778560757637024),
            ["LeftHand"] = CFrame.new(-0.0000013560056686401367, -0.0000014901161193847656, 2.4866312742233276e-07, 0.9871702194213867, 0.11042268574237823, -0.1153331771492958, -0.1414221227169037, 0.9399951100349426, -0.3104984164237976, 0.07412663847208023, 0.3228253424167633, 0.9435513615608215),
            ["RightUpperLeg"] = CFrame.new(2.9802322387695312e-08, -2.812594175338745e-07, -2.6266206987202168e-09, 0.9771884083747864, -0.0163800660520792, -0.2117416113615036, -0.07353605329990387, 0.9092482328414917, -0.40970760583877563, 0.19923673570156097, 0.4159319996833801, 0.8873021602630615),
            ["LeftUpperLeg"] = CFrame.new(-2.9802322387695312e-08, -3.594905138015747e-07, -2.2351741790771484e-08, 0.981616735458374, 0.14021547138690948, 0.12949223816394806, -0.061621129512786865, 0.8749469518661499, -0.48028188943862915, -0.1806417554616928, 0.4634734094142914, 0.8675028085708618),
            ["RightLowerLeg"] = CFrame.new(-1.1175870895385742e-07, -0.0007266402244567871, 0.00004614314093487337, 1, 1.266598985694145e-07, 3.725290653733282e-08, -7.078051567077637e-08, 0.3714659512042999, 0.9284464716911316, 1.341104507446289e-07, -0.9284466505050659, 0.37146618962287903),
            ["RightFoot"] = CFrame.new(1.6205012798309326e-07, 0, 4.453613655641675e-08, 0.9693523049354553, 0.062364835292100906, -0.23762719333171844, -0.12233944237232208, 0.9613229036331177, -0.246761754155159, 0.21304729580879211, 0.2682703137397766, 0.9394902586936951),
            ["LeftLowerLeg"] = CFrame.new(2.3748725652694702e-08, -0.0007264614105224609, 0.00008101016283035278, 1, 7.63684582238966e-08, 4.237517714500427e-08, -7.078051567077637e-08, 0.5109729766845703, 0.8595969080924988, 5.611218512058258e-08, -0.8595967888832092, 0.5109728574752808),
        }},
        {Time = 0.067, Data = {
            ["LeftFoot"] = CFrame.new(-1.4901161193847656e-08, -5.960464477539063e-08, 3.725290298461914e-09, 0.9995144605636597, -0.010295307263731956, -0.02940882183611393, -0.0012084799818694592, 0.9303180575370789, -0.36675190925598145, 0.031135318800807, 0.3666093349456787, 0.9298538565635681),
            ["LeftLowerArm"] = CFrame.new(0.000001341104507446289, 5.960464477539063e-08, 0.0000048782676458358765, 1, -5.21540641784668e-08, -7.078052277620372e-08, -7.264316082000732e-08, -0.5266332626342773, -0.8500927090644836, -1.4435499906539917e-08, 0.8500926494598389, -0.5266331434249878),
            ["LowerTorso"] = CFrame.new(-0.11860853433609009, -0.17442166805267334, 0.1769229769706726, 0.9975605010986328, -0.06943535059690475, 0.007195072248578072, 0.06950452923774719, 0.9975330233573914, -0.00985672790557146, -0.006492916494607925, 0.010332770645618439, 0.9999255537986755),
            ["Head"] = CFrame.new(0, -3.5762786865234375e-07, 3.3527612686157227e-08, 0.9869911074638367, 0.0989433154463768, -0.12672306597232819, -0.1333896517753601, 0.9439687132835388, -0.30187857151031494, 0.08975370228290558, 0.3148547112941742, 0.9448865652084351),
            ["RightUpperArm"] = CFrame.new(-0.035149991512298584, -0.009937047958374023, 0.03142809122800827, 0.964866578578949, 0.16970443725585938, -0.20058126747608185, -0.1855134665966034, 0.9806392788887024, -0.06270182877779007, 0.18605709075927734, 0.0977092757821083, 0.9776685237884521),
            ["UpperTorso"] = CFrame.new(-4.423782229423523e-09, -8.940696716308594e-08, 1.6996636986732483e-08, 0.992462158203125, 0.020284973084926605, 0.12086150795221329, -0.05024492368102074, 0.9668598175048828, 0.25031521916389465, -0.11177844554185867, -0.25450095534324646, 0.9605908393859863),
            ["HumanoidRootPart"] = CFrame.new(0, 0, 0, 1, 0, 0, 0, 1, 0, 0, 0, 1),
            ["RightHand"] = CFrame.new(2.7567148208618164e-07, 0.0000011920928955078125, -0.0000011026859283447266, 0.7996684312820435, -0.2787024974822998, 0.5318408012390137, 0.45471349358558655, 0.8595473766326904, -0.23326873779296875, -0.39213019609451294, 0.42837271094322205, 0.8140830397605896),
            ["LeftUpperArm"] = CFrame.new(0.022089660167694092, -0.03838515281677246, 0.03223481774330139, 0.9942680597305298, -0.09808942675590515, 0.042537909001111984, 0.1047089695930481, 0.9737783670425415, -0.20196975767612457, -0.021611467003822327, 0.20526602864265442, 0.9784676432609558),
            ["RightLowerArm"] = CFrame.new(3.5762786865234375e-07, 4.172325134277344e-07, -0.000003907829523086548, 1, 0.0000067427754402160645, 0.00001827627420425415, 0.00001900270399346482, -0.5504933595657349, -0.8348395228385925, 0.000004421919129526941, 0.8348395228385925, -0.5504933595657349),
            ["LeftHand"] = CFrame.new(-0.0000014156103134155273, -0.0000010728836059570312, 6.48200511932373e-07, 0.9608655571937561, 0.2319251000881195, -0.15148575603961945, -0.2690335810184479, 0.9116109609603882, -0.31078416109085083, 0.06601761281490326, 0.33937644958496094, 0.9383311867713928),
            ["RightUpperLeg"] = CFrame.new(0, -1.816079020500183e-08, -2.1718733478337526e-08, 0.9852613210678101, 0.019505808129906654, -0.16994059085845947, -0.10388155281543732, 0.8575248122215271, -0.50384521484375, 0.1359003484249115, 0.514072835445404, 0.8469122052192688),
            ["LeftUpperLeg"] = CFrame.new(5.960464477539063e-08, -8.998904377222061e-08, 2.2817403078079224e-08, 0.9846026301383972, 0.1574079394340515, 0.07602925598621368, -0.08664373308420181, 0.8171913027763367, -0.5698168873786926, -0.15182410180568695, 0.5544556975364685, 0.8182471394538879),
            ["RightLowerLeg"] = CFrame.new(-1.0803341865539551e-07, -0.0007262229919433594, 0.00004606118454830721, 1, 1.583248945280502e-07, 5.5879372240497105e-09, -8.568168397005138e-08, 0.45767250657081604, 0.8891209363937378, 1.1548401346317405e-07, -0.8891208171844482, 0.4576724171638489),
            ["RightFoot"] = CFrame.new(2.0302832126617432e-07, 5.960464477539063e-08, 7.620110409334302e-08, 0.9756126999855042, 0.13018937408924103, -0.17672200500965118, -0.15638211369514465, 0.9772302508354187, -0.1434076875448227, 0.15402795374393463, 0.16754640638828278, 0.9737575054168701),
            ["LeftLowerLeg"] = CFrame.new(7.636845111846924e-08, -0.0007262229919433594, 0.00008096545934677124, 1, 1.005828522693264e-07, 2.7474019503870295e-08, -5.5879368687783426e-08, 0.5614809989929199, 0.8274897933006287, 5.5879368687783426e-08, -0.8274896740913391, 0.5614808797836304),
        }},
        {Time = 0.100, Data = {
            ["LeftFoot"] = CFrame.new(-1.6763806343078613e-08, -5.960464477539063e-08, -2.2351741790771484e-08, 0.9990032911300659, -0.033273015171289444, -0.02975568175315857, 0.02159167267382145, 0.9436374306678772, -0.33027589321136475, 0.0390678308904171, 0.32930445671081543, 0.9434153437614441),
            ["LeftLowerArm"] = CFrame.new(0.0000011026859283447266, -4.76837158203125e-07, 0.000004813075065612793, 1, -5.4016709327697754e-08, -4.842878453814592e-08, -8.940696716308594e-08, -0.5629925727844238, -0.8264620304107666, 1.1175870895385742e-08, 0.8264620304107666, -0.562992513179779),
            ["LowerTorso"] = CFrame.new(-0.09530320763587952, -0.14647352695465088, 0.19034452736377716, 0.9953773617744446, -0.09490446001291275, -0.01473302859812975, 0.0959508866071701, 0.9893229007720947, 0.10969806462526321, 0.0041648875921964645, -0.11060461401939392, 0.9938557744026184),
            ["Head"] = CFrame.new(-3.725290298461914e-09, -7.152557373046875e-07, -1.0989606380462646e-07, 0.9786295294761658, 0.16503819823265076, -0.12266512215137482, -0.19891797006130219, 0.9109802842140198, -0.36131229996681213, 0.052115172147750854, 0.37799108028411865, 0.9243412017822266),
            ["RightUpperArm"] = CFrame.new(-0.03331416845321655, -0.019960880279541016, 0.025308910757303238, 0.9681163430213928, 0.19139550626277924, -0.1616123467683792, -0.18126419186592102, 0.9805395603179932, 0.07540298998355865, 0.17289914190769196, -0.0437043122947216, 0.9839694499969482),
            ["UpperTorso"] = CFrame.new(1.1641532182693481e-10, 4.76837158203125e-07, -1.280568540096283e-08, 0.9925424456596375, 0.024924712255597115, 0.1193247139453888, -0.04588811472058296, 0.9832643866539001, 0.17631122469902039, -0.11293315887451172, -0.18047188222408295, 0.9770753383636475),
            ["HumanoidRootPart"] = CFrame.new(0, 0, 0, 1, 0, 0, 0, 1, 0, 0, 0, 1),
            ["RightHand"] = CFrame.new(1.341104507446289e-07, 0.0000011920928955078125, -4.470348358154297e-07, 0.7580440044403076, -0.31477251648902893, 0.5712150931358337, 0.507419764995575, 0.8348783254623413, -0.2133164256811142, -0.4097493290901184, 0.45154905319213867, 0.7925966382026672),
            ["LeftUpperArm"] = CFrame.new(0.023551344871520996, -0.030733227729797363, 0.02574705332517624, 0.9968006610870361, -0.06814480572938919, 0.04176940396428108, 0.06350208073854446, 0.9925606846809387, 0.10387922823429108, -0.04853755235671997, -0.10089442878961563, 0.9937124848365784),
            ["RightLowerArm"] = CFrame.new(2.682209014892578e-07, 5.364418029785156e-07, -0.000003990251570940018, 1, 0.000007783995897625573, 0.00001786276880011428, 0.00001898035225167405, -0.5976835489273071, -0.8017321825027466, 0.000004440545581019251, 0.8017321825027466, -0.5976834893226624),
            ["LeftHand"] = CFrame.new(-0.0000014081597328186035, -0.0000013113021850585938, 4.023313522338867e-07, 0.9354651570320129, 0.3071347773075104, -0.17485088109970093, -0.3483585715293884, 0.8847381472587585, -0.30965325236320496, 0.059592101722955704, 0.35058078169822693, 0.9346347451210022),
            ["RightUpperLeg"] = CFrame.new(-5.960464477539063e-08, 1.73225998878479e-07, -6.129994289949536e-08, 0.9902606010437012, 0.06318486481904984, -0.12406303733587265, -0.12473064661026001, 0.7985180616378784, -0.5889069437980652, 0.061856549233198166, 0.5986456274986267, 0.7986219525337219),
            ["LeftUpperLeg"] = CFrame.new(-2.9802322387695312e-08, 7.450580596923828e-09, -4.0046870708465576e-08, 0.9835838675498962, 0.1790776550769806, 0.022226607427001, -0.12072207033634186, 0.7445552349090576, -0.6565545797348022, -0.13412313163280487, 0.6430931091308594, 0.7539510130882263),
            ["RightLowerLeg"] = CFrame.new(-4.284083843231201e-08, -0.0007264614105224609, 0.00004604628338711336, 1, 1.3411046495548362e-07, 1.210719613453648e-08, -7.823107495141812e-08, 0.5335452556610107, 0.8457713723182678, 1.2759116430061113e-07, -0.8457716107368469, 0.5335455536842346),
            ["RightFoot"] = CFrame.new(2.039596438407898e-07, -5.960464477539063e-08, -3.892637323588133e-09, 0.974557101726532, 0.17121846973896027, -0.14464646577835083, -0.18078210949897766, 0.9819453358650208, -0.05568932741880417, 0.13249996304512024, 0.08042195439338684, 0.9879150390625),
            ["LeftLowerLeg"] = CFrame.new(1.4901161193847656e-07, -0.0007265806198120117, 0.00008094683289527893, 1, 5.948822945356369e-08, 4.377215745421381e-08, -8.568167686462402e-08, 0.5917497873306274, 0.8061215877532959, 4.284083843231201e-08, -0.8061217665672302, 0.5917499661445618),
        }},
        {Time = 0.133, Data = {
            ["LeftFoot"] = CFrame.new(3.119930624961853e-08, 0, 1.30385160446167e-08, 0.9978297352790833, -0.0545039102435112, -0.03694833815097809, 0.04094472527503967, 0.9530298709869385, -0.3000963032245636, 0.05156928300857544, 0.29793214797973633, 0.9531931281089783),
            ["LeftLowerArm"] = CFrame.new(0.000001519918441772461, -1.1920928955078125e-07, 0.000004827976226806641, 1, -8.31205326790041e-08, -7.217750663812694e-08, -1.0058283805847168e-07, -0.5826394557952881, -0.8127308487892151, 7.450580596923828e-09, 0.8127307295799255, -0.5826393961906433),
            ["LowerTorso"] = CFrame.new(-0.07488300651311874, -0.13663971424102783, 0.20660057663917542, 0.9924408793449402, -0.11632370203733444, -0.039114076644182205, 0.12192851305007935, 0.9708133935928345, 0.20653069019317627, 0.013948062434792519, -0.209738627076149, 0.9776579737663269),
            ["Head"] = CFrame.new(-9.313225746154785e-09, -8.344650268554688e-07, 7.078051567077637e-08, 0.9650865793228149, 0.2279016673564911, -0.1291077584028244, -0.2616916000843048, 0.8600181341171265, -0.43804875016212463, 0.011202975176274776, 0.45654115080833435, 0.8896316289901733),
            ["RightUpperArm"] = CFrame.new(-0.032199859619140625, -0.02857339382171631, 0.021945316344499588, 0.9758635759353638, 0.1734485924243927, -0.13268718123435974, -0.1467786282300949, 0.9708336591720581, 0.18957307934761047, 0.1616983413696289, -0.16552190482616425, 0.972859799861908),
            ["UpperTorso"] = CFrame.new(3.608874976634979e-08, -3.5762786865234375e-07, -8.42846930027008e-08, 0.9920099973678589, 0.030135614797472954, 0.12250792235136032, -0.046083200722932816, 0.9905073046684265, 0.1295062005519867, -0.11744223535060883, -0.13411687314510345, 0.983981728553772),
            ["HumanoidRootPart"] = CFrame.new(0, 0, 0, 1, 0, 0, 0, 1, 0, 0, 0, 1),
            ["RightHand"] = CFrame.new(2.682209014892578e-07, 0.0000011324882507324219, -5.6438148021698e-07, 0.7287310361862183, -0.35304442048072815, 0.5867793560028076, 0.5471452474594116, 0.8154483437538147, -0.18888232111930847, -0.4118046760559082, 0.45869800448417664, 0.7874093651771545),
            ["LeftUpperArm"] = CFrame.new(0.02461951971054077, -0.023050308227539062, 0.02169017493724823, 0.997556209564209, -0.0471106581389904, 0.05159792676568031, 0.028984641656279564, 0.9509757161140442, 0.3079043924808502, -0.06357397139072418, -0.30565640330314636, 0.9500172138214111),
            ["RightLowerArm"] = CFrame.new(1.1920928955078125e-07, 4.172325134277344e-07, -0.00000387243926525116, 1, 0.000008269213140010834, 0.00001764297667250503, 0.000018961729438160546, -0.6192609667778015, -0.7851852178573608, 0.000004429370619618567, 0.7851852178573608, -0.6192610859870911),
            ["LeftHand"] = CFrame.new(-0.0000013113021850585938, -0.0000013113021850585938, 9.313225746154785e-09, 0.930810272693634, 0.31869667768478394, -0.17895345389842987, -0.36109665036201477, 0.877622127532959, -0.315260112285614, 0.0565812848508358, 0.3580667972564697, 0.9319800734519958),
            ["RightUpperLeg"] = CFrame.new(-2.9802322387695312e-08, -1.0803341865539551e-07, -5.10553945787251e-08, 0.9900727272033691, 0.11042136698961258, -0.08696675300598145, -0.14023205637931824, 0.7340034246444702, -0.6645103096961975, -0.00954227615147829, 0.6701090931892395, 0.7422013878822327),
            ["LeftUpperLeg"] = CFrame.new(2.9802322387695312e-08, -7.078051567077637e-08, -8.754432201385498e-08, 0.9788838028907776, 0.20177699625492096, -0.032750409096479416, -0.1594647616147995, 0.6535165309906006, -0.7399236559867859, -0.12789660692214966, 0.7295219302177429, 0.6718932390213013),
            ["RightLowerLeg"] = CFrame.new(-6.705522537231445e-08, -0.0007265210151672363, 0.0000460062365164049, 1, 1.5180563650574186e-07, -1.3969843948302696e-08, -6.449409539754924e-08, 0.5710328817367554, 0.8209271430969238, 9.313227167240257e-08, -0.8209272623062134, 0.5710329413414001),
            ["RightFoot"] = CFrame.new(1.7601996660232544e-07, 0, 5.198671715334058e-08, 0.9731249809265137, 0.15757237374782562, -0.16792473196983337, -0.16471906006336212, 0.9859015941619873, -0.029425544664263725, 0.16092057526111603, 0.05629507079720497, 0.9853606224060059),
            ["LeftLowerLeg"] = CFrame.new(-2.2351741790771484e-08, -0.0007267594337463379, 0.00008100084960460663, 1, 6.332993507385254e-08, 3.539026494081554e-08, -7.450579886381092e-08, 0.5795232653617859, 0.8149557113647461, 2.9802318834981634e-08, -0.8149557113647461, 0.5795232653617859),
        }},
        {Time = 0.167, Data = {
            ["LeftFoot"] = CFrame.new(-2.8579961508512497e-08, -1.7881393432617188e-07, -2.421438694000244e-08, 0.9963767528533936, -0.0718340277671814, -0.04553312435746193, 0.05609964206814766, 0.9574908018112183, -0.28295624256134033, 0.06392345577478409, 0.2793765366077423, 0.9580514430999756),
            ["LeftLowerArm"] = CFrame.new(0.000001341104507446289, -4.76837158203125e-07, 0.000004738569259643555, 1, -7.12461769580841e-08, -4.842877388000488e-08, -8.3819010399111e-08, -0.5840182304382324, -0.8117405772209167, 1.303851249190302e-08, 0.8117405772209167, -0.5840182304382324),
            ["LowerTorso"] = CFrame.new(-0.05910414457321167, -0.14548981189727783, 0.22604091465473175, 0.9886991381645203, -0.1360185295343399, -0.06303267925977707, 0.14801746606826782, 0.9523763656616211, 0.2665899991989136, 0.02376965992152691, -0.27290716767311096, 0.9617466926574707),
            ["Head"] = CFrame.new(2.3283064365386963e-08, -7.152557373046875e-07, 4.842877388000488e-08, 0.9495635032653809, 0.2775796949863434, -0.14587242901325226, -0.3121495246887207, 0.7924407720565796, -0.5240232944488525, -0.029862917959690094, 0.5431272387504578, 0.8391191363334656),
            ["RightUpperArm"] = CFrame.new(-0.03261071443557739, -0.03276538848876953, 0.02181241661310196, 0.9843029975891113, 0.12526965141296387, -0.12431912124156952, -0.08774761855602264, 0.9585376381874084, 0.27111977338790894, 0.15312761068344116, -0.2559552788734436, 0.9544835686683655),
            ["UpperTorso"] = CFrame.new(2.7241185307502747e-08, 2.682209014892578e-07, 4.889443516731262e-08, 0.9901471138000488, 0.04000525549054146, 0.13419558107852936, -0.056726373732089996, 0.9907603859901428, 0.12319128960371017, -0.12802736461162567, -0.12958991527557373, 0.9832677245140076),
            ["HumanoidRootPart"] = CFrame.new(0, 0, 0, 1, 0, 0, 0, 1, 0, 0, 0, 1),
            ["RightHand"] = CFrame.new(2.0116567611694336e-07, 0.0000010728836059570312, -7.820781320333481e-07, 0.7112882733345032, -0.37890487909317017, 0.592029869556427, 0.5707534551620483, 0.802940309047699, -0.1718362271785736, -0.41025546193122864, 0.4601283073425293, 0.7873836755752563),
            ["LeftUpperArm"] = CFrame.new(0.024329006671905518, -0.016846776008605957, 0.021160759031772614, 0.9977202415466309, -0.03461700305342674, 0.05793112516403198, 0.010849748738110065, 0.9295302033424377, 0.36858639121055603, -0.06660803407430649, -0.3671174645423889, 0.9277867674827576),
            ["RightLowerArm"] = CFrame.new(3.2782554626464844e-07, 6.556510925292969e-07, -0.000003419816493988037, 1, 0.000008335908205481246, 0.000017600719729671255, 0.00001897662878036499, -0.6222484707832336, -0.7828198671340942, 0.000004421919584274292, 0.7828198671340942, -0.6222484707832336),
            ["LeftHand"] = CFrame.new(-0.0000014230608940124512, -0.0000012516975402832031, 2.086162567138672e-07, 0.929414689540863, 0.32154664397239685, -0.18109595775604248, -0.3647216260433197, 0.8751688003540039, -0.3178963363170624, 0.05627113953232765, 0.3615071177482605, 0.9306697845458984),
            ["RightUpperLeg"] = CFrame.new(-2.9802322387695312e-08, 1.341104507446289e-07, 2.438173396512866e-08, 0.9868621826171875, 0.1500503271818161, -0.05989871919155121, -0.14719001948833466, 0.6821207404136658, -0.7162728309631348, -0.06661877036094666, 0.7156789302825928, 0.6952449083328247),
            ["LeftUpperLeg"] = CFrame.new(-2.9802322387695312e-08, 1.1175870895385742e-07, 5.587935447692871e-08, 0.9711033701896667, 0.22321976721286774, -0.08444728702306747, -0.19848158955574036, 0.5588850378990173, -0.8051412105560303, -0.13252714276313782, 0.7986366748809814, 0.587040364742279),
            ["RightLowerLeg"] = CFrame.new(-1.7615093383938074e-07, -0.0007264018058776855, 0.00004604372225003317, 1, 1.2823150541407813e-07, -1.658918691305189e-08, -4.899629857391119e-08, 0.589841902256012, 0.8075186014175415, 8.579809218645096e-08, -0.8075188398361206, 0.5898421406745911),
            ["RightFoot"] = CFrame.new(1.4668330550193787e-07, 0, 4.1043676901608706e-08, 0.9723029136657715, 0.1265442818403244, -0.19650381803512573, -0.1359998732805252, 0.990078330039978, -0.03533971309661865, 0.19008204340934753, 0.06108541414141655, 0.979866087436676),
            ["LeftLowerLeg"] = CFrame.new(-6.239861249923706e-08, -0.0007267594337463379, 0.00008098362013697624, 1, 7.450580596923828e-08, 4.842878453814592e-08, -5.960465188081798e-08, 0.529543399810791, 0.848283052444458, 2.7008358216562556e-08, -0.8482828736305237, 0.5295432209968567),
        }},
        {Time = 0.200, Data = {
            ["LeftFoot"] = CFrame.new(-4.7242792788892984e-08, -1.1920928955078125e-07, 5.3551048040390015e-09, 0.9952220320701599, -0.08443077653646469, -0.04903799667954445, 0.06774182617664337, 0.95878005027771, -0.2759564518928528, 0.07031591981649399, 0.2713160514831543, 0.9599183797836304),
            ["LeftLowerArm"] = CFrame.new(0.0000014603137969970703, 0, 0.000004604458808898926, 1, -6.239861960466442e-08, -6.332995639013461e-08, -8.195639367158947e-08, -0.5571711659431458, -0.8303977847099304, 1.3038517820973539e-08, 0.8303977251052856, -0.5571710467338562),
            ["LowerTorso"] = CFrame.new(-0.047294799238443375, -0.164101243019104, 0.2461985945701599, 0.9843128323554993, -0.15538695454597473, -0.08356593549251556, 0.17344266176223755, 0.9390357732772827, 0.2968664765357971, 0.03234221786260605, -0.3067033588886261, 0.9512555003166199),
            ["Head"] = CFrame.new(2.7008354663848877e-08, -8.344650268554688e-07, -2.8870999813079834e-08, 0.9357877373695374, 0.3086085617542267, -0.17047683894634247, -0.34705233573913574, 0.721146821975708, -0.599585235118866, -0.06209826469421387, 0.6202484369277954, 0.7819432616233826),
            ["RightUpperArm"] = CFrame.new(-0.03379690647125244, -0.034728407859802246, 0.024889476597309113, 0.987708330154419, 0.08302617073059082, -0.13243497908115387, -0.04136350378394127, 0.9558958411216736, 0.29077884554862976, 0.15073621273040771, -0.2817263603210449, 0.9475804567337036),
            ["UpperTorso"] = CFrame.new(9.96515154838562e-08, 5.364418029785156e-07, 6.332993507385254e-08, 0.9861717820167542, 0.054985977709293365, 0.15633906424045563, -0.07719527930021286, 0.987174391746521, 0.13974101841449738, -0.14665016531944275, -0.1498774290084839, 0.9777681231498718),
            ["HumanoidRootPart"] = CFrame.new(0, 0, 0, 1, 0, 0, 0, 1, 0, 0, 0, 1),
            ["RightHand"] = CFrame.new(1.0058283805847168e-07, 0.0000010728836059570312, -4.917383193969727e-07, 0.7059422135353088, -0.3834904730319977, 0.5954661965370178, 0.5762823224067688, 0.7997686266899109, -0.16813434660434723, -0.41175752878189087, 0.4618498384952545, 0.7855895161628723),
            ["LeftUpperArm"] = CFrame.new(0.02331763505935669, -0.010695219039916992, 0.024223238229751587, 0.9985162615776062, -0.02251976542174816, 0.049581293016672134, 0.0022163803223520517, 0.9265372157096863, 0.37619704008102417, -0.05441070720553398, -0.3755285441875458, 0.9252121448516846),
            ["RightLowerArm"] = CFrame.new(3.5762786865234375e-07, 4.76837158203125e-07, -0.000004095025360584259, 1, 0.000008265023097919766, 0.000017653686882113107, 0.0000189710426639067, -0.618862509727478, -0.7854993343353271, 0.0000044405464905139524, 0.7854994535446167, -0.618862509727478),
            ["LeftHand"] = CFrame.new(-0.0000013187527656555176, -0.0000011920928955078125, 3.650784492492676e-07, 0.9274338483810425, 0.3245178461074829, -0.18588808178901672, -0.3691790699958801, 0.8738581538200378, -0.3163527846336365, 0.05977780371904373, 0.36202239990234375, 0.9302508234977722),
            ["RightUpperLeg"] = CFrame.new(5.960464477539063e-08, 3.948807716369629e-07, -2.032174961641431e-08, 0.9822441935539246, 0.17983879148960114, -0.053428202867507935, -0.15962354838848114, 0.6514883637428284, -0.7416760921478271, -0.09857430309057236, 0.73703533411026, 0.6686269640922546),
            ["LeftUpperLeg"] = CFrame.new(0, 3.650784492492676e-07, 1.1175870895385742e-08, 0.9616422057151794, 0.2436290681362152, -0.12605302035808563, -0.2318103015422821, 0.4760853350162506, -0.8482964634895325, -0.14665767550468445, 0.8449779748916626, 0.5142993330955505),
            ["RightLowerLeg"] = CFrame.new(-7.82310962677002e-08, -0.0007263422012329102, 0.00004611846088664606, 1, 1.3434335244255635e-07, -7.916242772409987e-09, -6.426125764846802e-08, 0.6064445376396179, 0.7951259016990662, 9.73232090473175e-08, -0.7951257824897766, 0.6064444780349731),
            ["RightFoot"] = CFrame.new(1.8114224076271057e-07, -2.384185791015625e-07, -8.083588909357786e-09, 0.9735695719718933, 0.08716187626123428, -0.2111048549413681, -0.09932868182659149, 0.9939102530479431, -0.04771178215742111, 0.2056606560945511, 0.0674193724989891, 0.9762982726097107),
            ["LeftLowerLeg"] = CFrame.new(2.1420419216156006e-08, -0.0007266402244567871, 0.00008093938231468201, 1, 6.798655505235729e-08, 2.9802322387695312e-08, -9.12696123123169e-08, 0.4654886722564697, 0.8850539326667786, 5.4016709327697754e-08, -0.8850538730621338, 0.46548861265182495),
        }},
        {Time = 0.233, Data = {
            ["LeftFoot"] = CFrame.new(-4.1400198824703693e-08, -5.960464477539063e-08, 7.334165275096893e-09, 0.994490921497345, -0.09325646609067917, -0.047866374254226685, 0.07680216431617737, 0.9590156078338623, -0.27274638414382935, 0.07133989781141281, 0.26756757497787476, 0.9608945250511169),
            ["LeftLowerArm"] = CFrame.new(0.0000010728836059570312, 0, 0.00000461190938949585, 1, -3.91155481338501e-08, -6.14673041354763e-08, -9.126959810146218e-08, -0.5093094706535339, -0.860583484172821, 9.313224857976365e-09, 0.860583484172821, -0.5093094706535339),
            ["LowerTorso"] = CFrame.new(-0.03937342017889023, -0.18751466274261475, 0.26313135027885437, 0.979954183101654, -0.17363502085208893, -0.09767696261405945, 0.1959587186574936, 0.9284871816635132, 0.31545498967170715, 0.035917751491069794, -0.3282720744609833, 0.9439001679420471),
            ["Head"] = CFrame.new(3.725290298461914e-09, -7.152557373046875e-07, -1.7508864402770996e-07, 0.9288536310195923, 0.3126649558544159, -0.1986743062734604, -0.363711416721344, 0.6679115295410156, -0.6493141055107117, -0.07032100111246109, 0.6753774881362915, 0.7341115474700928),
            ["RightUpperArm"] = CFrame.new(-0.034591078758239746, -0.03853404521942139, 0.027653221040964127, 0.9868075251579285, 0.05307238921523094, -0.15295138955116272, -0.008561959490180016, 0.9605276584625244, 0.2780531048774719, 0.16167092323303223, -0.27307504415512085, 0.9483103156089783),
            ["UpperTorso"] = CFrame.new(6.05359673500061e-08, 0, 4.284083843231201e-08, 0.9791171550750732, 0.08057009428739548, 0.18664972484111786, -0.10849068313837051, 0.983530580997467, 0.14455945789813995, -0.1719285398721695, -0.161790668964386, 0.9717327952384949),
            ["HumanoidRootPart"] = CFrame.new(0, 0, 0, 1, 0, 0, 0, 1, 0, 0, 0, 1),
            ["RightHand"] = CFrame.new(3.501772880554199e-07, 0.0000011324882507324219, -7.599592208862305e-07, 0.7029136419296265, -0.385004460811615, 0.5980661511421204, 0.5788588523864746, 0.7982564568519592, -0.16646213829517365, -0.4133218228816986, 0.46320435404777527, 0.783968985080719),
            ["LeftUpperArm"] = CFrame.new(0.02287733554840088, -0.0034122467041015625, 0.027190715074539185, 0.9996626377105713, -0.011573818512260914, 0.023254811763763428, 0.0019648901652544737, 0.926379919052124, 0.3765856623649597, -0.02590133808553219, -0.3764124810695648, 0.926089882850647),
            ["RightLowerArm"] = CFrame.new(2.682209014892578e-07, 2.384185791015625e-07, -0.000003962777554988861, 1, 0.000007993542567419354, 0.000017778018445824273, 0.000018972901671077125, -0.6065632700920105, -0.7950352430343628, 0.000004436820290720789, 0.7950353026390076, -0.6065633296966553),
            ["LeftHand"] = CFrame.new(-0.0000014044344425201416, -0.0000011920928955078125, 3.427267074584961e-07, 0.9252970814704895, 0.3268900513648987, -0.19227024912834167, -0.37350818514823914, 0.8733383417129517, -0.312685489654541, 0.06570328772068024, 0.36114147305488586, 0.9301935434341431),
            ["RightUpperLeg"] = CFrame.new(0, -2.7567148208618164e-07, 2.029992174357176e-09, 0.977258026599884, 0.20266126096248627, -0.06241275370121002, -0.17885544896125793, 0.6296340823173523, -0.7560234665870667, -0.11391948908567429, 0.7499929070472717, 0.6515620946884155),
            ["LeftUpperLeg"] = CFrame.new(5.960464477539063e-08, -3.501772880554199e-07, 2.60770320892334e-08, 0.9525337815284729, 0.25738614797592163, -0.16257847845554352, -0.25822895765304565, 0.400263249874115, -0.8792650699615479, -0.16123643517494202, 0.8795122504234314, 0.4477289617061615),
            ["RightLowerLeg"] = CFrame.new(1.0943040251731873e-07, -0.0007266998291015625, 0.00004617201193468645, 1, 1.0477381806595076e-07, -1.7462298274040222e-08, -6.612389569227162e-08, 0.6116592288017273, 0.7911213636398315, 8.428468589727345e-08, -0.7911214232444763, 0.6116592884063721),
            ["RightFoot"] = CFrame.new(1.8673017621040344e-07, -1.1920928955078125e-07, 3.5579432733356953e-09, 0.9750365018844604, 0.05129193887114525, -0.21603940427303314, -0.07243914157152176, 0.9932008981704712, -0.0911288633942604, 0.20989638566970825, 0.10450372099876404, 0.9721227884292603),
            ["LeftLowerLeg"] = CFrame.new(1.825392246246338e-07, -0.0007264614105224609, 0.00008103810250759125, 1, 7.35744833946228e-08, 6.891786341611805e-08, -7.636845111846924e-08, 0.39662811160087585, 0.9179794192314148, 7.636845111846924e-08, -0.9179794192314148, 0.39662811160087585),
        }},
        {Time = 0.267, Data = {
            ["LeftFoot"] = CFrame.new(-2.824526745826006e-08, -1.1920928955078125e-07, -2.8405338525772095e-08, 0.9938904047012329, -0.09941478073596954, -0.04794365167617798, 0.08312007039785385, 0.9599745869636536, -0.26746949553489685, 0.07261505722999573, 0.2618502080440521, 0.962372899055481),
            ["LeftLowerArm"] = CFrame.new(0.0000016689300537109375, -6.556510925292969e-07, 0.000004813075065612793, 1, -3.6321576857289983e-08, -7.636847243475131e-08, -6.705522537231445e-08, -0.4279864728450775, -0.903785228729248, -9.313225746154785e-09, 0.9037851691246033, -0.42798641324043274),
            ["LowerTorso"] = CFrame.new(-0.03517540544271469, -0.21054565906524658, 0.2748606204986572, 0.9764643311500549, -0.18922193348407745, -0.10350142419338226, 0.21303188800811768, 0.9211234450340271, 0.32580533623695374, 0.03368806838989258, -0.34018635749816895, 0.9397544860839844),
            ["Head"] = CFrame.new(-1.6763806343078613e-08, -9.5367431640625e-07, 6.891787052154541e-08, 0.9321872591972351, 0.28759443759918213, -0.21981050074100494, -0.3577873408794403, 0.6399402618408203, -0.6800476312637329, -0.05491235852241516, 0.7125769257545471, 0.6994416117668152),
            ["RightUpperArm"] = CFrame.new(-0.034549593925476074, -0.04563248157501221, 0.029893822968006134, 0.98197340965271, 0.02080259658396244, -0.1878713071346283, 0.03193764388561249, 0.9613747000694275, 0.27338412404060364, 0.18630167841911316, -0.27445611357688904, 0.9433798789978027),
            ["UpperTorso"] = CFrame.new(4.7497451305389404e-08, 8.940696716308594e-08, -1.8440186977386475e-07, 0.9685133695602417, 0.1179739236831665, 0.21923506259918213, -0.14989829063415527, 0.9794188737869263, 0.13516375422477722, -0.19877710938453674, -0.16377082467079163, 0.9662643074989319),
            ["HumanoidRootPart"] = CFrame.new(0, 0, 0, 1, 0, 0, 0, 1, 0, 0, 0, 1),
            ["RightHand"] = CFrame.new(2.8312206268310547e-07, 0.0000010728836059570312, -9.08970832824707e-07, 0.6959201097488403, -0.38425204157829285, 0.6066667437553406, 0.5827852487564087, 0.7958078384399414, -0.16447417438030243, -0.4195910394191742, 0.4680173993110657, 0.777755618095398),
            ["LeftUpperArm"] = CFrame.new(0.023633360862731934, 0.00493311882019043, 0.029941774904727936, 0.9997773170471191, -0.00330848665907979, -0.020842311903834343, 0.010774698108434677, 0.9292305111885071, 0.3693435490131378, 0.018145272508263588, -0.36948591470718384, 0.9290592670440674),
            ["RightLowerArm"] = CFrame.new(5.364418029785156e-07, 0.0000010728836059570312, -0.0000034384429454803467, 1, 0.000007137657121347729, 0.000018140304746339098, 0.000018969176380778663, -0.5684617161750793, -0.8227096796035767, 0.000004414468548930017, 0.8227097988128662, -0.5684618353843689),
            ["LeftHand"] = CFrame.new(-0.0000013187527656555176, -0.0000012516975402832031, -2.9802322387695312e-08, 0.9205838441848755, 0.33279603719711304, -0.20438149571418762, -0.38326504826545715, 0.8704102635383606, -0.3090212941169739, 0.07505477964878082, 0.3628123700618744, 0.9288347363471985),
            ["RightUpperLeg"] = CFrame.new(1.4901161193847656e-07, 3.0547380447387695e-07, -5.3849362302571535e-08, 0.9726565480232239, 0.22032231092453003, -0.07346723973751068, -0.20045442879199982, 0.6366379261016846, -0.7446544170379639, -0.11729203164577484, 0.7390198707580566, 0.663394570350647),
