return {
    ["Outlaw"] = {
        {Time = 0.000, Data = {
            ["RightFoot"] = CFrame.new(2.146698534488678e-07, 0, -4.300818545743823e-08, 0.9979584217071533, -0.058933284133672714, 0.024616844952106476, 0.055486880242824554, 0.9908824563026428, 0.1227731704711914, -0.03162779286503792, -0.121156707406044, 0.9921294450759888),
            ["LeftLowerArm"] = CFrame.new(0.0000013709068298339844, -4.76837158203125e-07, 0.000005058944225311279, 1, -8.381904947896146e-09, -1.3248067887161596e-07, -3.608875331906347e-08, -0.3186381161212921, -0.9478765726089478, -8.381904059717726e-09, 0.947876513004303, -0.3186380863189697),
            ["RightUpperArm"] = CFrame.new(-0.04790407419204712, 0.0059795379638671875, -0.0029161348938941956, 0.8689268827438354, -0.23274853825569153, -0.4367997348308563, 0.3447655141353607, 0.9178321361541748, 0.1967763453722, 0.3551098108291626, -0.32157790660858154, 0.8777727484703064),
            ["Head"] = CFrame.new(5.587935447692871e-09, -3.5762786865234375e-07, -2.2351741790771484e-08, 0.9224910140037537, -0.014036575332283974, 0.3857632279396057, 0.016829583793878555, 0.9998509883880615, -0.0038642906583845615, -0.3856516480445862, 0.01005689986050129, 0.9225897192955017),
            ["RightHand"] = CFrame.new(3.5762786865234375e-07, 0.0000010728836059570312, -8.344650268554688e-07, 0.9912980198860168, 0.0066990843042731285, 0.13146638870239258, 0.00449314434081316, 0.9964005351066589, -0.08465162664651871, -0.1315603107213974, 0.08450590819120407, 0.9876996874809265),
            ["UpperTorso"] = CFrame.new(-2.60770320892334e-08, -1.4901161193847656e-07, 1.3271346688270569e-08, 0.9896708726882935, -0.05910467356443405, -0.1306072324514389, 0.058175284415483475, 0.9982466101646423, -0.010923500172793865, 0.13102364540100098, 0.0032125585712492466, 0.9913740158081055),
            ["HumanoidRootPart"] = CFrame.new(0, 0, 0, 1, 0, 0, 0, 1, 0, 0, 0, 1),
            ["RightUpperLeg"] = CFrame.new(5.960464477539063e-08, -3.7404242902994156e-07, 1.3205863069742918e-08, 0.9956106543540955, -0.09344062209129333, 0.005319423507899046, 0.08077310025691986, 0.8291475176811218, -0.5531641244888306, 0.04727736860513687, 0.5511654615402222, 0.8330552577972412),
            ["LeftUpperArm"] = CFrame.new(0.013075947761535645, 0.005686521530151367, -0.002921260893344879, 0.5621562600135803, 0.7979822754859924, 0.2172650545835495, 0.026344772428274155, 0.2452932894229889, -0.9690909385681152, -0.8266112804412842, 0.5505048036575317, 0.11687059700489044),
            ["RightLowerArm"] = CFrame.new(-1.1920928955078125e-07, 0.0000011324882507324219, -0.0000037550926208496094, 1, -0.00001315772533416748, 0.000014379624190041795, 0.00001900270945043303, 0.4930858910083771, -0.8699805736541748, 0.0000043436893975012936, 0.8699806928634644, 0.49308598041534424),
            ["LeftHand"] = CFrame.new(-0.0000013560056686401367, -4.172325134277344e-07, 2.682209014892578e-07, 0.9987147450447083, 0.0003615656169131398, -0.0506819486618042, -0.006551793310791254, 0.9925054311752319, -0.12202528119087219, 0.05025824159383774, 0.12220042943954468, 0.9912322163581848),
            ["LeftFoot"] = CFrame.new(5.587935447692871e-08, -5.960464477539063e-08, 5.960464477539063e-08, 0.9968447685241699, 0.035763390362262726, 0.07086267322301865, -0.03129114583134651, 0.9975073933601379, -0.06324516981840134, -0.07294801622629166, 0.060827985405921936, 0.9954791069030762),
            ["LowerTorso"] = CFrame.new(-0.026844386011362076, 0.18054866790771484, 0.22740992903709412, 0.9497557878494263, 0.09894675016403198, -0.2969403862953186, -0.09527803212404251, 0.9950888156890869, 0.026840221136808395, 0.2981377840042114, 0.002800240647047758, 0.9545188546180725),
            ["RightLowerLeg"] = CFrame.new(-3.3527612686157227e-08, -0.0007262825965881348, 0.00004607981099979952, 1, 1.2479725342018355e-07, -7.683414793291377e-09, -1.1641533603778953e-07, 0.6755568981170654, 0.7373077273368835, 1.862645371275562e-09, -0.7373078465461731, 0.6755571365356445),
            ["LeftUpperLeg"] = CFrame.new(-8.940696716308594e-08, -4.5275373850017786e-07, 0, 0.9097184538841248, 0.15237577259540558, 0.386256605386734, 0.05018952116370201, 0.8830599188804626, -0.4665689766407013, -0.41218140721321106, 0.4438320994377136, 0.7956880331039429),
            ["LeftLowerLeg"] = CFrame.new(3.3527612686157227e-08, -0.0007269382476806641, 0.00008108466863632202, 1, 6.332992086299782e-08, 5.2154071283894154e-08, -8.195638656616211e-08, 0.3494236171245575, 0.9369648694992065, 5.4016709327697754e-08, -0.9369648098945618, 0.3494235873222351),
        }},
        {Time = 0.033, Data = {
            ["RightFoot"] = CFrame.new(2.2351741790771484e-07, 5.960464477539063e-08, -1.879379851743579e-08, 0.9632279276847839, -0.2247866690158844, 0.14718379080295563, 0.17208780348300934, 0.9368212819099426, 0.3045516610145569, -0.20634391903877258, -0.2680240869522095, 0.9410553574562073),
            ["LeftLowerArm"] = CFrame.new(0.0000012516975402832031, 1.1920928955078125e-07, 0.000005401670932769775, 1, 1.4901162970204496e-08, -2.2351747119842003e-08, -5.7334553105192754e-08, -0.3799339830875397, -0.9250136613845825, 3.725290742551124e-09, 0.9250136017799377, -0.3799339532852173),
            ["RightUpperArm"] = CFrame.new(-0.05856865644454956, 0.006843090057373047, -0.002871580421924591, 0.778348445892334, -0.24110230803489685, -0.5796922445297241, 0.37710338830947876, 0.9177476763725281, 0.12462927401065826, 0.5019630193710327, -0.3156089186668396, 0.8052481412887573),
            ["Head"] = CFrame.new(7.450580596923828e-09, -2.384185791015625e-07, 7.450580596923828e-09, 0.8968874216079712, 0.013191601261496544, 0.44206178188323975, 0.010314388200640678, 0.9986592531204224, -0.05072776600718498, -0.4421386122703552, 0.05005659535527229, 0.8955490589141846),
            ["RightHand"] = CFrame.new(7.748603820800781e-07, 0.0000010728836059570312, -7.152557373046875e-07, 0.909092903137207, 0.051203735172748566, 0.41343432664871216, -0.026300247758626938, 0.997492253780365, -0.0657079815864563, -0.415762335062027, 0.048861436545848846, 0.9081599712371826),
            ["UpperTorso"] = CFrame.new(2.60770320892334e-08, -1.7881393432617188e-07, 5.122274160385132e-08, 0.986088752746582, -0.10177213698625565, -0.13142092525959015, 0.09245973080396652, 0.9928779006004333, -0.07513114809989929, 0.1381313055753708, 0.06193482130765915, 0.9884756207466125),
            ["HumanoidRootPart"] = CFrame.new(0, 0, 0, 1, 0, 0, 0, 1, 0, 0, 0, 1),
            ["RightUpperLeg"] = CFrame.new(0, -1.1781230568885803e-07, -1.6596459317952394e-08, 0.969066858291626, -0.210952028632164, -0.1280965358018875, 0.08035915344953537, 0.7604528665542603, -0.6444022059440613, 0.2333492487668991, 0.6141748428344727, 0.7538813352584839),
            ["LeftUpperArm"] = CFrame.new(0.00242006778717041, 0.0027979612350463867, -0.0029459893703460693, 0.5067605972290039, 0.8564291000366211, 0.09860434383153915, 0.1531601846218109, 0.023117821663618088, -0.987930953502655, -0.8483724594116211, 0.5157470107078552, -0.11945562809705734),
            ["RightLowerArm"] = CFrame.new(4.172325134277344e-07, 1.7881393432617188e-07, -0.000003769993782043457, 1, -0.000011429190635681152, 0.000015825036825845018, 0.00001893362968985457, 0.3911069929599762, -0.9203453063964844, 0.00000435859010394779, 0.9203453063964844, 0.3911069631576538),
            ["LeftHand"] = CFrame.new(-0.0000014901161193847656, -9.5367431640625e-07, 1.4901161193847656e-07, 0.8756905794143677, 0.40415748953819275, -0.2642393410205841, -0.45303213596343994, 0.8770348429679871, -0.1599135845899582, 0.16711698472499847, 0.25974369049072266, 0.951107382774353),
            ["LeftFoot"] = CFrame.new(1.4901161193847656e-08, -1.1920928955078125e-07, -7.450580596923828e-08, 0.997676432132721, 0.053120311349630356, 0.042660996317863464, -0.05424942076206207, 0.9981951117515564, 0.025762178003787994, -0.04121556878089905, -0.028016895055770874, 0.9987574219703674),
            ["LowerTorso"] = CFrame.new(-0.03241810202598572, 0.31928324699401855, 0.2100520133972168, 0.9056451916694641, 0.16313177347183228, -0.39140111207962036, -0.147490456700325, 0.9865884184837341, 0.06992796808481216, 0.39755919575691223, -0.005601993761956692, 0.9175595045089722),
            ["RightLowerLeg"] = CFrame.new(-1.7920683603733778e-07, -0.0007264018058776855, 0.00004626248119166121, 1, 1.266598985694145e-07, -1.9557775843281888e-08, -7.450581307466564e-08, 0.655881941318512, 0.7548633217811584, 7.264316792543468e-08, -0.7548635601997375, 0.6558821797370911),
            ["LeftUpperLeg"] = CFrame.new(8.940696716308594e-08, -2.3988104658201337e-07, 2.60770320892334e-08, 0.8998892903327942, 0.3036709427833557, 0.31302279233932495, 0.010989775881171227, 0.7017296552658081, -0.7123587727546692, -0.4359799921512604, 0.6444838643074036, 0.6281416416168213),
            ["LeftLowerLeg"] = CFrame.new(2.60770320892334e-08, -0.0007265806198120117, 0.00008105114102363586, 1, 6.705523247774181e-08, 9.872020712009544e-08, -7.823110337312755e-08, -0.23740237951278687, 0.9714114665985107, 1.657754324924099e-07, -0.971411406993866, -0.2374025136232376),
        }},
        {Time = 0.067, Data = {
            ["RightFoot"] = CFrame.new(2.0116567611694336e-07, -5.960464477539063e-08, -2.8107024263590574e-08, 0.9682678580284119, -0.23350907862186432, 0.08905606716871262, 0.1961323618888855, 0.9308558106422424, 0.3082846701145172, -0.15488550066947937, -0.2810354232788086, 0.9471165537834167),
            ["LeftLowerArm"] = CFrame.new(0.0000013709068298339844, -3.5762786865234375e-07, 0.000005617737770080566, 1, -1.862645149230957e-08, -8.940698847936801e-08, -2.2351741790771484e-08, -0.39912739396095276, -0.9168956279754639, -1.4901161193847656e-08, 0.9168954491615295, -0.3991273045539856),
            ["RightUpperArm"] = CFrame.new(-0.06474363803863525, 0.005729317665100098, -0.00399269163608551, 0.7145087122917175, -0.414334774017334, -0.5637412667274475, 0.4802161455154419, 0.8764312863349915, -0.03550810366868973, 0.508792519569397, -0.24534671008586884, 0.8251878619194031),
            ["Head"] = CFrame.new(1.4901161193847656e-08, -0.0000011920928955078125, -3.725290298461914e-09, 0.8745059967041016, 0.02987636812031269, 0.4840937852859497, 0.00403086980804801, 0.9976188540458679, -0.06885092705488205, -0.4849978983402252, 0.06216169893741608, 0.8723031878471375),
            ["RightHand"] = CFrame.new(3.2782554626464844e-07, 0.0000010728836059570312, -8.940696716308594e-07, 0.8324034214019775, 0.0803457498550415, 0.5483142137527466, -0.05022783949971199, 0.9963000416755676, -0.06973859667778015, -0.5518891215324402, 0.030510105192661285, 0.8333595395088196),
            ["UpperTorso"] = CFrame.new(7.82310962677002e-08, -2.980232238769531e-07, -1.1175870895385742e-08, 0.9802157878875732, -0.14247266948223114, -0.13739991188049316, 0.12243203818798065, 0.9818734526634216, -0.1446894407272339, 0.15552347898483276, 0.12500472366809845, 0.9798910021781921),
            ["HumanoidRootPart"] = CFrame.new(0, 0, 0, 1, 0, 0, 0, 1, 0, 0, 0, 1),
            ["RightUpperLeg"] = CFrame.new(5.960464477539063e-08, 2.584420144557953e-08, -4.639878170564771e-08, 0.9711410403251648, -0.2342502325773239, -0.04485621675848961, 0.11669781059026718, 0.6307076811790466, -0.7671958804130554, 0.20800663530826569, 0.7398207783699036, 0.6398425698280334),
            ["LeftUpperArm"] = CFrame.new(-0.0037572383880615234, 0.002255678176879883, -0.004070352762937546, 0.5884146094322205, 0.8062134981155396, -0.061549000442028046, 0.32403603196144104, -0.30486878752708435, -0.8955758213996887, -0.7407894134521484, 0.5070256590843201, -0.440631240606308),
            ["RightLowerArm"] = CFrame.new(2.682209014892578e-07, 1.7881393432617188e-07, -0.000003982917405664921, 1, -0.000009879469871520996, 0.000016827139916131273, 0.0000190250593732344, 0.30213165283203125, -0.9532663226127625, 0.000004320456810091855, 0.9532662034034729, 0.30213168263435364),
            ["LeftHand"] = CFrame.new(-0.0000013262033462524414, -0.000001430511474609375, 2.086162567138672e-07, 0.718284547328949, 0.5583913922309875, -0.41504883766174316, -0.6582714319229126, 0.738575279712677, -0.14555417001247406, 0.22526882588863373, 0.37776416540145874, 0.8980805277824402),
            ["LeftFoot"] = CFrame.new(1.862645149230957e-08, -5.960464477539063e-08, -1.0058283805847168e-07, 0.9870555400848389, -0.119300477206707, -0.10718698799610138, 0.0917593240737915, 0.9682210087776184, -0.23265531659126282, 0.13153640925884247, 0.2198081612586975, 0.9666345715522766),
            ["LowerTorso"] = CFrame.new(-0.04215504229068756, 0.4135739803314209, 0.1961507499217987, 0.8490725755691528, 0.23231658339500427, -0.4744522273540497, -0.1993248462677002, 0.972615659236908, 0.11953467130661011, 0.48922958970069885, -0.006923489738255739, 0.8721276521682739),
            ["RightLowerLeg"] = CFrame.new(1.1920928955078125e-07, -0.0007264614105224609, 0.000046214852773118764, 1, 1.0803346839338701e-07, 2.793969144931907e-08, -6.332994928470725e-08, 0.5171794891357422, 0.8558770418167114, 8.56816981809061e-08, -0.8558769822120667, 0.5171794891357422),
            ["LeftUpperLeg"] = CFrame.new(-5.960464477539063e-08, -4.3879845179617405e-07, 7.450580596923828e-09, 0.9033597707748413, 0.4140719175338745, 0.11173942685127258, -0.22581477463245392, 0.6807065010070801, -0.6968833804130554, -0.3646216094493866, 0.604303777217865, 0.708426296710968),
            ["LeftLowerLeg"] = CFrame.new(-1.4901161193847656e-08, -0.0007266998291015625, 0.00008112192153930664, 1, 6.705523247774181e-08, 2.179295108817314e-07, -7.450580596923828e-08, -0.5505201816558838, 0.8348218202590942, 1.1920928955078125e-07, -0.834821879863739, -0.5505202412605286),
        }},
        {Time = 0.100, Data = {
            ["RightFoot"] = CFrame.new(1.7136335372924805e-07, 2.384185791015625e-07, 5.3849362302571535e-08, 0.9676642417907715, -0.2302645593881607, 0.10297746956348419, 0.20549984276294708, 0.9564010500907898, 0.2075255662202835, -0.14627353847026825, -0.17965330183506012, 0.9727942943572998),
            ["LeftLowerArm"] = CFrame.new(0.0000011622905731201172, -2.384185791015625e-07, 0.0000049173831939697266, 1, -2.9802322387695312e-08, -6.705523247774181e-08, -7.450580596923828e-08, -0.31624624133110046, -0.948677122592926, -2.9802322387695312e-08, 0.9486771821975708, -0.31624627113342285),
            ["RightUpperArm"] = CFrame.new(-0.06423509120941162, -0.003000020980834961, -0.0014963038265705109, 0.6858633160591125, -0.5848813652992249, -0.4330185353755951, 0.5494819283485413, 0.8063458800315857, -0.21880625188350677, 0.47713854908943176, -0.08786463737487793, 0.8744248747825623),
            ["Head"] = CFrame.new(-5.21540641784668e-08, -2.384185791015625e-07, -1.862645149230957e-09, 0.8628205060958862, 0.02663351222872734, 0.5048079490661621, -0.001743474742397666, 0.9987620115280151, -0.04971451684832573, -0.5055072903633118, 0.04201451316475868, 0.8617990016937256),
            ["RightHand"] = CFrame.new(1.7881393432617188e-07, 0.0000010132789611816406, -8.791685104370117e-07, 0.8974481821060181, 0.0763300359249115, 0.43446534872055054, -0.02724544145166874, 0.992626428604126, -0.11811266839504242, -0.44027775526046753, 0.09416281431913376, 0.8929106593132019),
            ["UpperTorso"] = CFrame.new(-6.705522537231445e-08, -1.7881393432617188e-07, -1.862645149230957e-09, 0.9741213917732239, -0.152306467294693, -0.16700349748134613, 0.11530853062868118, 0.9703608155250549, -0.21237684786319733, 0.19440028071403503, 0.18762384355068207, 0.9628114700317383),
            ["HumanoidRootPart"] = CFrame.new(0, 0, 0, 1, 0, 0, 0, 1, 0, 0, 0, 1),
            ["RightUpperLeg"] = CFrame.new(2.9802322387695312e-08, -1.0989606380462646e-07, -1.6952981241047382e-09, 0.9647520184516907, -0.2571941018104553, -0.055720776319503784, 0.07626667618751526, 0.4759055972099304, -0.8761834502220154, 0.25186702609062195, 0.8410499691963196, 0.4787460267543793),
            ["LeftUpperArm"] = CFrame.new(-0.0031898021697998047, 0.00794684886932373, -0.001238970085978508, 0.8658002614974976, 0.5002880096435547, -0.010079718194901943, 0.31480106711387634, -0.5602326393127441, -0.7661851644515991, -0.38896042108535767, 0.6601904630661011, -0.6425408720970154),
            ["RightLowerArm"] = CFrame.new(3.5762786865234375e-07, 0.0000010132789611816406, -0.000004023313522338867, 1, -0.000008936039193940815, 0.000017350543203065172, 0.000019047409296035767, 0.2491733580827713, -0.9684589505195618, 0.0000043138861656188965, 0.9684589505195618, 0.24917346239089966),
            ["LeftHand"] = CFrame.new(-0.0000012777745723724365, -0.0000015497207641601562, 7.404014468193054e-08, 0.9910756945610046, 0.1324000358581543, 0.015466341748833656, -0.10865610092878342, 0.8696041107177734, -0.4816456139087677, -0.07721962034702301, 0.47566691040992737, 0.8762295842170715),
            ["LeftFoot"] = CFrame.new(-1.9371509552001953e-07, -1.7881393432617188e-07, 7.450580596923828e-08, 0.9552381038665771, -0.25742077827453613, -0.1457904577255249, 0.2079135626554489, 0.934734046459198, -0.2881737947463989, 0.21045708656311035, 0.24496285617351532, 0.9464148879051208),
            ["LowerTorso"] = CFrame.new(-0.061535194516181946, 0.4627707004547119, 0.18425506353378296, 0.7953413724899292, 0.2734842300415039, -0.5409607887268066, -0.21562930941581726, 0.9617099761962891, 0.16916868090629578, 0.5665122866630554, -0.017899855971336365, 0.8238588571548462),
            ["RightLowerLeg"] = CFrame.new(-6.181653589010239e-08, -0.0007262229919433594, 0.000045870961912442, 1, 2.0861632776814076e-07, 7.823113179483698e-08, -7.078052277620372e-08, 0.30660444498062134, 0.9518370628356934, 1.0430814256778831e-07, -0.9518370628356934, 0.3066045343875885),
            ["LeftUpperLeg"] = CFrame.new(2.9802322387695312e-08, -5.39352186024189e-07, -1.1175870895385742e-07, 0.8455899357795715, 0.5309107303619385, -0.055781733244657516, -0.5003067851066589, 0.7516984939575195, -0.42970073223114014, -0.1862015277147293, 0.3912585973739624, 0.9012467265129089),
            ["LeftLowerLeg"] = CFrame.new(2.9802322387695312e-08, -0.0007267594337463379, 0.00008091330528259277, 1, 1.1920928955078125e-07, 1.862645149230957e-07, -1.0430811414607888e-07, -0.3938579559326172, 0.9191713333129883, 1.0430811414607888e-07, -0.9191713333129883, -0.3938579261302948),
        }},
        {Time = 0.133, Data = {
            ["RightFoot"] = CFrame.new(1.9371509552001953e-07, 0, 9.145878721028566e-09, 0.9624882340431213, -0.2242344170808792, 0.1527591049671173, 0.20553120970726013, 0.9701076149940491, 0.12902815639972687, -0.17712560296058655, -0.09279147535562515, 0.979804277420044),
            ["LeftLowerArm"] = CFrame.new(0.0000013709068298339844, -4.172325134277344e-07, 0.000004827976226806641, 1, 2.9802318834981634e-08, -7.82310962677002e-08, -5.587936158235607e-08, -0.042280059307813644, -0.9991058707237244, -7.823110337312755e-08, 0.9991058707237244, -0.04228001832962036),
            ["RightUpperArm"] = CFrame.new(-0.06216651201248169, -0.014760375022888184, 0.004613185301423073, 0.686587929725647, -0.6820415258407593, -0.25182583928108215, 0.5735295414924622, 0.7209609150886536, -0.3889465928077698, 0.4468343257904053, 0.12261644750833511, 0.8861740231513977),
            ["Head"] = CFrame.new(-3.3527612686157227e-08, -7.152557373046875e-07, -5.587935447692871e-09, 0.8547075390815735, 0.029346078634262085, 0.5182797908782959, -0.011892836540937424, 0.999245822429657, -0.036966875195503235, -0.5189736485481262, 0.02543201483786106, 0.8544118404388428),
            ["RightHand"] = CFrame.new(5.066394805908203e-07, 0.0000010728836059570312, -8.940696716308594e-07, 0.9687248468399048, 0.05644073337316513, 0.24163271486759186, -0.005719381384551525, 0.9786079525947571, -0.20565448701381683, -0.24807123839855194, 0.1978406310081482, 0.9483247399330139),
            ["UpperTorso"] = CFrame.new(-9.313225746154785e-09, 5.066394805908203e-07, -1.043081283569336e-07, 0.9642883539199829, -0.14386096596717834, -0.2223782241344452, 0.0783645510673523, 0.9570019841194153, -0.27929604053497314, 0.2529960870742798, 0.2518952488899231, 0.9340993762016296),
            ["HumanoidRootPart"] = CFrame.new(0, 0, 0, 1, 0, 0, 0, 1, 0, 0, 0, 1),
            ["RightUpperLeg"] = CFrame.new(-2.9802322387695312e-08, 6.388872861862183e-07, -1.6952981241047382e-09, 0.9412493109703064, -0.3034127950668335, -0.1482909768819809, -0.018166853114962578, 0.39297789335250854, -0.91936856508255, 0.3372233808040619, 0.8680489659309387, 0.3643779456615448),
            ["LeftUpperArm"] = CFrame.new(-0.0006800293922424316, 0.01579451560974121, 0.005362128838896751, 0.9487404227256775, 0.30530667304992676, -0.08172813802957535, 0.14342232048511505, -0.646312952041626, -0.7494730353355408, -0.2816409170627594, 0.6993335485458374, -0.6569709181785583),
            ["RightLowerArm"] = CFrame.new(4.76837158203125e-07, 3.5762786865234375e-07, -0.000003546476364135742, 1, -0.00000870227722771233, 0.000017449263395974413, 0.000018974767954205163, 0.23352500796318054, -0.9723508358001709, 0.00000435859010394779, 0.9723508358001709, 0.23352515697479248),
            ["LeftHand"] = CFrame.new(-0.000001430511474609375, -0.0000010728836059570312, 4.172325134277344e-07, 0.9230678081512451, 0.21342188119888306, 0.3199947774410248, 0.016551800072193146, 0.8091290593147278, -0.5873980522155762, -0.3842809796333313, 0.547504723072052, 0.7433485388755798),
            ["LeftFoot"] = CFrame.new(5.960464477539063e-08, 5.960464477539063e-08, -2.9802322387695312e-08, 0.9289929866790771, -0.3634057939052582, -0.0700589045882225, 0.35382410883903503, 0.9276025891304016, -0.11984241753816605, 0.1085381731390953, 0.0865439921617508, 0.9903179407119751),
            ["LowerTorso"] = CFrame.new(-0.0858665332198143, 0.4825441837310791, 0.17274534702301025, 0.7413416504859924, 0.30979782342910767, -0.5953468680381775, -0.2122236043214798, 0.9497776031494141, 0.22996483743190765, 0.6366896629333496, -0.04413585364818573, 0.7698560357093811),
            ["RightLowerLeg"] = CFrame.new(-1.1920928955078125e-07, -0.0007264018058776855, 0.00004637783422367647, 1, 1.6391288681916194e-07, 1.7881401959130017e-07, -7.450581307466564e-08, 0.20922139286994934, 0.9778683185577393, 1.0430814256778831e-07, -0.977868378162384, 0.20922137796878815),
            ["LeftUpperLeg"] = CFrame.new(-8.940696716308594e-08, 3.543682396411896e-07, -1.1920928955078125e-07, 0.8353394865989685, 0.5496166944503784, 0.011377617716789246, -0.5469927191734314, 0.8330596685409546, -0.08252739906311035, -0.054836735129356384, 0.06271490454673767, 0.996523916721344),
            ["LeftLowerLeg"] = CFrame.new(-6.705522537231445e-07, -0.0007263422012329102, 0.00008115172386169434, 1, 8.195642919872625e-08, 1.341104365337742e-07, -8.940696716308594e-08, 0.05486787483096123, 0.9984936714172363, 1.341104507446289e-07, -0.9984937310218811, 0.05486767739057541),
        }},
        {Time = 0.167, Data = {
            ["RightFoot"] = CFrame.new(2.1606683731079102e-07, -1.1920928955078125e-07, 6.875052349641919e-08, 0.9541351199150085, -0.2108595073223114, 0.21251976490020752, 0.19990596175193787, 0.9771642088890076, 0.07202580571174622, -0.2228541076183319, -0.02623826637864113, 0.9744986891746521),
            ["LeftLowerArm"] = CFrame.new(0.0000014603137969970703, -3.5762786865234375e-07, 0.0000047050416469573975, 1, 1.1175869474300271e-07, -1.4901162970204496e-08, -1.0430811414607888e-07, 0.475847065448761, -0.8795281648635864, -8.195637946073475e-08, 0.8795280456542969, 0.475847065448761),
            ["RightUpperArm"] = CFrame.new(-0.05553233623504639, -0.027124881744384766, 0.026356251910328865, 0.7366905808448792, -0.6747139096260071, -0.04525875672698021, 0.5765009522438049, 0.661619246006012, -0.47948557138442993, 0.3534596860408783, 0.32714080810546875, 0.8763819336891174),
            ["Head"] = CFrame.new(-3.725290298461914e-09, -8.344650268554688e-07, -1.862645149230957e-09, 0.8524787425994873, 0.0677160918712616, 0.5183576345443726, -0.06090300530195236, 0.9976875185966492, -0.03017400950193405, -0.5192021727561951, -0.005846972577273846, 0.8546314835548401),
            ["RightHand"] = CFrame.new(2.3096799850463867e-07, 0.0000011920928955078125, -0.0000011324882507324219, 0.998047411441803, 0.02546536922454834, 0.05703412741422653, -0.00724770175293088, 0.9541627168655396, -0.29920071363449097, -0.06203928962349892, 0.2982032001018524, 0.952484130859375),
            ["UpperTorso"] = CFrame.new(1.2293457984924316e-07, -2.384185791015625e-07, -1.2293457984924316e-07, 0.9451494216918945, -0.14064055681228638, -0.294810026884079, 0.035974156111478806, 0.9418866038322449, -0.33399948477745056, 0.32465142011642456, 0.3050737977027893, 0.8952828645706177),
            ["HumanoidRootPart"] = CFrame.new(0, 0, 0, 1, 0, 0, 0, 1, 0, 0, 0, 1),
            ["RightUpperLeg"] = CFrame.new(1.1920928955078125e-07, -3.3155083656311035e-07, -1.0600342648103833e-07, 0.8850001096725464, -0.3825847804546356, -0.26533716917037964, -0.11519880592823029, 0.3722410202026367, -0.9209592938423157, 0.45111432671546936, 0.8456154465675354, 0.2853598892688751),
            ["LeftUpperArm"] = CFrame.new(0.006982147693634033, 0.02604091167449951, 0.028191857039928436, 0.6321039795875549, 0.28601720929145813, -0.7201659083366394, -0.454477459192276, -0.61590576171875, -0.6435139179229736, -0.6276105046272278, 0.7340668439865112, -0.259328156709671),
            ["RightLowerArm"] = CFrame.new(2.980232238769531e-07, 0.0000011324882507324219, -0.000004410743713378906, 1, -0.00000987201838142937, 0.000016717242033337243, 0.000018965454728459008, 0.3024778962135315, -0.9531564712524414, 0.000004332513071858557, 0.9531563520431519, 0.30247798562049866),
            ["LeftHand"] = CFrame.new(-0.0000011771917343139648, -5.960464477539062e-07, 3.5762786865234375e-07, 0.7730743885040283, 0.6014704704284668, 0.20146647095680237, -0.4557989835739136, 0.7476290464401245, -0.48300981521606445, -0.4411388039588928, 0.2815745770931244, 0.8521224856376648),
            ["LeftFoot"] = CFrame.new(8.940696716308594e-08, -1.1920928955078125e-07, 2.9802322387695312e-08, 0.9767668843269348, -0.2140059918165207, 0.01130986213684082, 0.21279020607471466, 0.9747758507728577, 0.06732435524463654, -0.025432273745536804, -0.06335335969924927, 0.9976670742034912),
            ["LowerTorso"] = CFrame.new(-0.10689664632081985, 0.4806241989135742, 0.16406597197055817, 0.6915180683135986, 0.3481454849243164, -0.632927656173706, -0.20977430045604706, 0.9352210760116577, 0.28523045778274536, 0.691228985786438, -0.06447003036737442, 0.7197542190551758),
            ["RightLowerLeg"] = CFrame.new(-5.960464477539063e-08, -0.0007264018058776855, 0.000046111475967336446, 1, 2.6263299446327437e-07, 4.4703497792397684e-08, -7.450580596923828e-09, 0.19266928732395172, 0.9812636971473694, 8.940696716308594e-08, -0.9812638163566589, 0.19266961514949799),
            ["LeftUpperLeg"] = CFrame.new(1.1920928955078125e-07, -2.0582228899002075e-07, -5.960464477539063e-08, 0.8854751586914062, 0.4108203947544098, 0.21716442704200745, -0.4559854567050934, 0.8581873774528503, 0.23577900230884552, -0.08950482308864594, -0.30780014395713806, 0.947231650352478),
            ["LeftLowerLeg"] = CFrame.new(-1.7136335372924805e-07, -0.0007264018058776855, 0.00008097290992736816, 1, 9.313224857976365e-09, 4.470348358154297e-08, -1.2665987014770508e-07, 0.6052305698394775, 0.7960501909255981, 4.470348358154297e-08, -0.7960501909255981, 0.6052306890487671),
        }},
        {Time = 0.200, Data = {
            ["RightFoot"] = CFrame.new(2.1606683731079102e-07, 0, -8.77116690389812e-08, 0.9533287286758423, -0.17056222259998322, 0.24914413690567017, 0.17538705468177795, 0.9844954013824463, 0.0028745438903570175, -0.24577175080776215, 0.0409562774002552, 0.9684622287750244),
            ["LeftLowerArm"] = CFrame.new(3.2782554626464844e-07, -4.76837158203125e-07, 0.0000047292560338974, 1, 2.309680269263481e-07, 2.2351747119842003e-08, -1.1920931797249068e-07, 0.8975368142127991, -0.440939724445343, -1.49011640360186e-07, 0.440939724445343, 0.8975367546081543),
            ["RightUpperArm"] = CFrame.new(-0.049885451793670654, -0.0346146821975708, 0.044859379529953, 0.7822160124778748, -0.6008145809173584, 0.1648021787405014, 0.5771879553794861, 0.5993033647537231, -0.5546978116035461, 0.23450425267219543, 0.5290155410766602, 0.815567672252655),
            ["Head"] = CFrame.new(-7.450580596923828e-09, -3.5762786865234375e-07, -7.450580596923828e-09, 0.8149569034576416, 0.14948032796382904, 0.5599114298820496, -0.19688136875629425, 0.9801111221313477, 0.02490118332207203, -0.545053243637085, -0.1305294930934906, 0.8281781673431396),
            ["RightHand"] = CFrame.new(3.725290298461914e-08, 0.0000013113021850585938, -0.0000011026859283447266, 0.9992543458938599, -0.0042611947283148766, -0.03837471455335617, -0.009696172550320625, 0.9343465566635132, -0.3562334179878235, 0.03737330809235573, 0.35634005069732666, 0.9336086511611938),
            ["UpperTorso"] = CFrame.new(-1.0058283805847168e-07, 3.5762786865234375e-07, -6.146728992462158e-08, 0.9113678336143494, -0.13981316983699799, -0.38711902499198914, -0.010552242398262024, 0.9322922825813293, -0.36155223846435547, 0.4114576578140259, 0.3335917890071869, 0.848185658454895),
            ["HumanoidRootPart"] = CFrame.new(0, 0, 0, 1, 0, 0, 0, 1, 0, 0, 0, 1),
            ["RightUpperLeg"] = CFrame.new(-1.7881393432617188e-07, 4.1350722312927246e-07, -4.639878170564771e-08, 0.8477005958557129, -0.4275612533092499, -0.31399843096733093, -0.16564685106277466, 0.348970502614975, -0.9223777651786804, 0.5039491653442383, 0.8339130282402039, 0.22499825060367584),
            ["LeftUpperArm"] = CFrame.new(0.01352393627166748, 0.03224384784698486, 0.047737859189510345, -0.038327500224113464, 0.24741794168949127, -0.9681506156921387, -0.792321503162384, -0.5978972911834717, -0.12143037468194962, -0.6088986396789551, 0.7624325752258301, 0.21895042061805725),
            ["RightLowerArm"] = CFrame.new(7.152557373046875e-07, 7.152557373046875e-07, -0.000004172325134277344, 1, -0.000012114644050598145, 0.000015236439139698632, 0.000018987804651260376, 0.42919835448265076, -0.9032103419303894, 0.000004328787326812744, 0.9032102823257446, 0.42919838428497314),
            ["LeftHand"] = CFrame.new(-9.5367431640625e-07, -0.0000011324882507324219, 2.682209014892578e-07, 0.952214777469635, -0.23499354720115662, -0.19510212540626526, 0.28360432386398315, 0.9174027442932129, 0.2791792154312134, 0.11338207125663757, -0.3211704194545746, 0.9402096271514893),
            ["LeftFoot"] = CFrame.new(-2.384185791015625e-07, 5.960464477539063e-08, 8.940696716308594e-08, 0.9764789342880249, -0.2097395360469818, 0.0499831885099411, 0.1794331669807434, 0.9190269112586975, 0.35098928213119507, -0.11955238878726959, -0.33376485109329224, 0.935044527053833),
            ["LowerTorso"] = CFrame.new(-0.11819718033075333, 0.4638857841491699, 0.15980678796768188, 0.6623470783233643, 0.37190037965774536, -0.6503741145133972, -0.20721487700939178, 0.9251676201820374, 0.31800469756126404, 0.7199710607528687, -0.07586228102445602, 0.6898453831672668),
            ["RightLowerLeg"] = CFrame.new(2.9802322387695312e-08, -0.0007264614105224609, 0.00004602270928444341, 1, 1.527369164477932e-07, 8.940700979565008e-08, -1.4156103134155273e-07, 0.13853614032268524, 0.9903574585914612, 8.64383764564991e-08, -0.9903573989868164, 0.13853617012500763),
            ["LeftUpperLeg"] = CFrame.new(0, 2.0489096641540527e-08, 4.470348358154297e-08, 0.9163162708282471, 0.2987003028392792, 0.2667258381843567, -0.3854483962059021, 0.8384975790977478, 0.38516414165496826, -0.10860024392604828, -0.455741286277771, 0.8834625482559204),
            ["LeftLowerLeg"] = CFrame.new(2.421438694000244e-07, -0.0007268786430358887, 0.0000809989869594574, 1, 4.470348358154297e-08, 1.4901161193847656e-08, 8.940696716308594e-08, 0.8114495277404785, 0.5844224095344543, 5.960464477539063e-08, -0.5844225883483887, 0.8114496469497681),
        }},
        {Time = 0.233, Data = {
            ["RightFoot"] = CFrame.new(1.1920928955078125e-07, -1.1920928955078125e-07, 9.145878721028566e-09, 0.9641339182853699, -0.12708939611911774, 0.23301079869270325, 0.11853234469890594, 0.9916689991950989, 0.05042508989572525, -0.23747840523719788, -0.02099708653986454, 0.9711660146713257),
            ["LeftLowerArm"] = CFrame.new(0.0000013709068298339844, -5.960464477539062e-07, 0.000004664063453674316, 1, 1.5646217832454568e-07, 1.4156104555240745e-07, -1.0430814256778831e-07, 0.9995907545089722, -0.028607014566659927, -1.266598843585598e-07, 0.028607014566659927, 0.9995908141136169),
            ["RightUpperArm"] = CFrame.new(-0.04747813940048218, -0.03454279899597168, 0.04986517131328583, 0.7871480584144592, -0.46130460500717163, 0.40938472747802734, 0.6156777143478394, 0.5483258366584778, -0.5659328699111938, 0.03659136965870857, 0.697521984577179, 0.715628445148468),
            ["Head"] = CFrame.new(2.2351741790771484e-08, -3.5762786865234375e-07, 1.862645149230957e-08, 0.6963657736778259, 0.12341008335351944, 0.7069969177246094, -0.20890295505523682, 0.9773039221763611, 0.03516785055398941, -0.6866106986999512, -0.17218327522277832, 0.7063417434692383),
            ["RightHand"] = CFrame.new(4.470348358154297e-08, 0.0000012516975402832031, -4.172325134277344e-07, 0.999683141708374, -0.022708861157298088, -0.010856942273676395, 0.017833968624472618, 0.9434065818786621, -0.3311583697795868, 0.017762746661901474, 0.3308600187301636, 0.9435127973556519),
            ["UpperTorso"] = CFrame.new(6.51925802230835e-08, -1.1920928955078125e-07, 1.862645149230957e-08, 0.8473190069198608, -0.15013597905635834, -0.5094209313392639, -0.042257312685251236, 0.9371087551116943, -0.3464704751968384, 0.5294003486633301, 0.3150976300239563, 0.7876855134963989),
            ["HumanoidRootPart"] = CFrame.new(0, 0, 0, 1, 0, 0, 0, 1, 0, 0, 0, 1),
            ["RightUpperLeg"] = CFrame.new(0, 1.210719347000122e-07, 1.696680556051433e-07, 0.8798908591270447, -0.38663652539253235, -0.27623260021209717, -0.11042724549770355, 0.3990321755409241, -0.9102632403373718, 0.4621666967868805, 0.8314358592033386, 0.3084094524383545),
            ["LeftUpperArm"] = CFrame.new(0.015984773635864258, 0.03304600715637207, 0.05285768210887909, -0.14123032987117767, 0.23555420339107513, -0.9615446925163269, -0.9199912548065186, -0.38993287086486816, 0.039603400975465775, -0.36560916900634766, 0.8902060389518738, 0.2717781066894531),
            ["RightLowerArm"] = CFrame.new(1.7881393432617188e-07, 6.556510925292969e-07, -0.0000035762786865234375, 1, -0.000014245511920307763, 0.000013256448255560827, 0.000018909571736003272, 0.5630974769592285, -0.8263905644416809, 0.000004395842097437708, 0.8263905644416809, 0.5630974769592285),
            ["LeftHand"] = CFrame.new(-0.0000017285346984863281, -0.0000013113021850585938, 8.940696716308594e-08, 0.9564525485038757, 0.2910802662372589, -0.02169700525701046, -0.2579352855682373, 0.8776534199714661, 0.40397268533706665, 0.13663111627101898, -0.38078445196151733, 0.9145137667655945),
            ["LeftFoot"] = CFrame.new(2.682209014892578e-07, -5.960464477539063e-08, -1.4901161193847656e-07, 0.9736759662628174, -0.2217371165752411, 0.05279974639415741, 0.15035414695739746, 0.7988975644111633, 0.5823714733123779, -0.17131510376930237, -0.5591022968292236, 0.8112063407897949),
            ["LowerTorso"] = CFrame.new(-0.12321241199970245, 0.42847442626953125, 0.16065876185894012, 0.6391754150390625, 0.3760317862033844, -0.6708613634109497, -0.22054903209209442, 0.9252976775169373, 0.30851656198501587, 0.7367584705352783, -0.04923839494585991, 0.6743609309196472),
            ["RightLowerLeg"] = CFrame.new(-1.6391277313232422e-07, -0.0007264018058776855, 0.000046070497774053365, 1, 1.7415736408565863e-07, 7.450583439094771e-08, -6.705521116145974e-08, 0.22302432358264923, 0.9748128652572632, 1.0430809993522416e-07, -0.9748128652572632, 0.22302456200122833),
            ["LeftUpperLeg"] = CFrame.new(2.9802322387695312e-08, -1.7974525690078735e-07, 1.4901161193847656e-08, 0.8856785297393799, 0.15038496255874634, 0.43926987051963806, -0.4200019836425781, 0.6627951860427856, 0.6199200749397278, -0.19791914522647858, -0.733544111251831, 0.6501854658126831),
            ["LeftLowerLeg"] = CFrame.new(-8.195638656616211e-08, -0.0007264614105224609, 0.00008106976747512817, 1, 5.960464477539063e-08, 1.0058283805847168e-07, -2.9802318834981634e-08, 0.9999861717224121, 0.005267813801765442, 7.450579886381092e-08, -0.005267709493637085, 0.9999861717224121),
        }},
        {Time = 0.267, Data = {
            ["RightFoot"] = CFrame.new(1.6391277313232422e-07, 0, 9.145878721028566e-09, 0.9746198654174805, -0.08363122493028641, 0.20765817165374756, 0.049276575446128845, 0.9849919080734253, 0.1654166728258133, -0.21837569773197174, -0.15098585188388824, 0.9641138911247253),
            ["LeftLowerArm"] = CFrame.new(0.000001817941665649414, -2.384185791015625e-07, 0.000004682689905166626, 1, 1.6763806343078613e-07, 9.685756197086448e-08, -1.3783574104309082e-07, 0.9859728813171387, -0.1669057309627533, -1.1920928955078125e-07, 0.1669057309627533, 0.9859728813171387),
            ["RightUpperArm"] = CFrame.new(-0.04601675271987915, -0.03401625156402588, 0.04915344715118408, 0.7010746598243713, -0.2709414064884186, 0.6596100330352783, 0.6904304623603821, 0.48923471570014954, -0.5328742861747742, -0.17832636833190918, 0.8289996385574341, 0.5300561785697937),
            ["Head"] = CFrame.new(2.5960616767406464e-08, -4.76837158203125e-07, -3.6088749766349792e-09, 0.5252631902694702, 0.07794534415006638, 0.8473625183105469, -0.19310279190540314, 0.9807353615760803, 0.029486699029803276, -0.8287400007247925, -0.1791164129972458, 0.5301955938339233),
            ["RightHand"] = CFrame.new(1.4901161193847656e-07, 0.0000012516975402832031, -4.76837158203125e-07, 0.9988179206848145, -0.046954311430454254, 0.012571278028190136, 0.04855039715766907, 0.9510926008224487, -0.30506688356399536, 0.002367556793615222, 0.3053168058395386, 0.9522480368614197),
            ["UpperTorso"] = CFrame.new(-9.685754776000977e-08, 7.748603820800781e-07, 6.984919309616089e-08, 0.7583405375480652, -0.15864649415016174, -0.6322586536407471, -0.051240693777799606, 0.9524229764938354, -0.30044105648994446, 0.6498415470123291, 0.2602340579032898, 0.714131772518158),
            ["HumanoidRootPart"] = CFrame.new(0, 0, 0, 1, 0, 0, 0, 1, 0, 0, 0, 1),
            ["RightUpperLeg"] = CFrame.new(-5.960464477539063e-08, 2.8312206268310547e-07, 4.300818545743823e-08, 0.9100996851921082, -0.35004404187202454, -0.22178290784358978, -0.02562190592288971, 0.4866458475589752, -0.873223602771759, 0.4135964512825012, 0.8004030585289001, 0.43392735719680786),
            ["LeftUpperArm"] = CFrame.new(0.017496109008789062, 0.03425133228302002, 0.05203337222337723, 0.14589600265026093, 0.459257036447525, -0.8762405514717102, -0.9739214777946472, -0.08888830989599228, -0.20874835550785065, -0.1737566590309143, 0.8838449120521545, 0.4343116879463196),
            ["RightLowerArm"] = CFrame.new(1.1920928955078125e-07, 3.5762786865234375e-07, -0.0000037550926208496094, 1, -0.00001625569893803913, 0.000010725113497755956, 0.000018939379515359178, 0.6920522451400757, -0.7218472957611084, 0.0000043064364945166744, 0.7218473553657532, 0.6920523643493652),
            ["LeftHand"] = CFrame.new(-9.98377799987793e-07, -0.0000013113021850585938, 1.4901161193847656e-07, 0.9272835850715637, 0.35428476333618164, -0.12094248831272125, -0.3516658842563629, 0.9351340532302856, 0.04307819902896881, 0.1283595860004425, 0.0025856459978967905, 0.99172443151474),
