return {
    ["Overload"] = {
        {Time = 0.000, Data = {
            ["LeftFoot"] = CFrame.new(1.7578713595867157e-08, 1.7881393432617188e-07, 0, 0.9708124995231628, -0.19277630746364594, 0.14269036054611206, 0.20632366836071014, 0.974604070186615, -0.08704889565706253, -0.12228580564260483, 0.11394865810871124, 0.9859321117401123),
            ["LeftLowerArm"] = CFrame.new(2.086162567138672e-07, -0.0000016689300537109375, -1.1175870895385742e-08, 1, 1.3969840839678227e-09, -8.381901395182467e-09, 5.3201787864054495e-08, 0.948065996170044, -0.3180736005306244, 3.7252894102834944e-09, 0.31807366013526917, 0.9480660557746887),
            ["LowerTorso"] = CFrame.new(-3.1169410164011424e-08, -0.01021718978881836, -0.08922652900218964, 0.9833458065986633, 0.10864293575286865, -0.14569750428199768, -0.10427211225032806, 0.9938479661941528, 0.03733089193701744, 0.14885689318180084, -0.021516988053917885, 0.9886246919631958),
            ["Head"] = CFrame.new(-1.4528632164001465e-07, 0.0000011920928955078125, -1.7508864402770996e-07, 0.9268639087677002, -0.2694289982318878, 0.2614027261734009, 0.28706324100494385, 0.9574084877967834, -0.03104359097778797, -0.24190519750118256, 0.10381228476762772, 0.9647305011749268),
            ["RightUpperArm"] = CFrame.new(0, 9.5367431640625e-07, -2.60770320892334e-08, 0.9435226917266846, -0.3180539608001709, -0.0927722230553627, 0.3205888569355011, 0.9471231698989868, 0.01343622338026762, 0.08359330892562866, -0.04241917282342911, 0.9955967664718628),
            ["UpperTorso"] = CFrame.new(-2.3283064365386963e-08, -1.1920928955078125e-07, 9.778887033462524e-09, 0.9964002370834351, 0.07801715284585953, -0.03316560760140419, -0.07479675114154816, 0.9931995272636414, 0.08922078460454941, 0.039900802075862885, -0.08641893416643143, 0.9954596161842346),
            ["HumanoidRootPart"] = CFrame.new(0, 0, 0, 1, 0, 0, 0, 1, 0, 0, 0, 1),
            ["RightHand"] = CFrame.new(7.767230272293091e-07, 4.172325134277344e-07, -1.7136335372924805e-07, 0.9762194752693176, -0.14627258479595184, 0.16000010073184967, 0.14540766179561615, 0.9892228841781616, 0.017165133729577065, -0.16078652441501617, 0.006508312188088894, 0.9869678020477295),
            ["LeftUpperArm"] = CFrame.new(5.960464477539063e-08, 0.0000020265579223632812, 8.195638656616211e-08, 0.9713066220283508, 0.1043558195233345, 0.21371355652809143, -0.10514729470014572, 0.994426965713501, -0.007692450657486916, -0.21332524716854095, -0.014999672770500183, 0.9768661856651306),
            ["RightLowerArm"] = CFrame.new(6.556510925292969e-07, -0.0000012516975402832031, -5.21540641784668e-07, 1, -1.4901159417490817e-08, 1.862644971595273e-08, 1.862644971595273e-08, 0.9247682690620422, -0.3805308938026428, 1.862644971595273e-08, 0.38053086400032043, 0.9247682094573975),
            ["LeftHand"] = CFrame.new(-1.4435499906539917e-07, -5.960464477539063e-08, 1.1920928955078125e-07, 0.9293965697288513, 0.20701296627521515, 0.30556148290634155, -0.10482263565063477, 0.9418517351150513, -0.31926095485687256, -0.3538847267627716, 0.2646902799606323, 0.8970534205436707),
            ["RightUpperLeg"] = CFrame.new(-3.5762786865234375e-07, 3.719469532370567e-08, -6.351910997182131e-09, 0.9483010172843933, -0.2974151372909546, -0.1107674390077591, 0.22176823019981384, 0.870637834072113, -0.4391002058982849, 0.2270333617925644, 0.3918340802192688, 0.8915837407112122),
            ["LeftUpperLeg"] = CFrame.new(3.5762786865234375e-07, -7.043126970529556e-07, -1.3317912817001343e-07, 0.9838854074478149, 0.1453055590391159, 0.1041921004652977, -0.13427814841270447, 0.9852538108825684, -0.10603968799114227, -0.11806375533342361, 0.09034010022878647, 0.988888144493103),
            ["RightLowerLeg"] = CFrame.new(-1.4901161193847656e-08, -0.000003337860107421875, -0.000013394448615144938, 1, -1.1501832375415688e-07, 3.7252898543727042e-09, 9.685753354915505e-08, 0.7362615466117859, 0.6766967177391052, -7.450579886381092e-08, -0.6766971349716187, 0.7362619638442993),
            ["RightFoot"] = CFrame.new(1.862645149230957e-09, 3.5762786865234375e-07, 1.6596459317952394e-08, 0.9927049875259399, 0.11028744280338287, 0.0487184002995491, -0.09697196632623672, 0.9704525470733643, -0.22094862163066864, -0.07164674997329712, 0.21461288630962372, 0.9740679264068604),
            ["LeftLowerLeg"] = CFrame.new(1.4435499906539917e-08, 0.000003814697265625, 0.000013299286365509033, 1, 3.073364140959711e-08, -9.313227522511625e-09, -3.329478204250336e-08, 0.9513012766838074, 0.30826252698898315, 7.450580596923828e-09, -0.3082626163959503, 0.9513013958930969),
        }},
        {Time = 0.033, Data = {
            ["LeftFoot"] = CFrame.new(-1.5366822481155396e-08, -1.7881393432617188e-07, 7.450580596923828e-09, 0.9486192464828491, -0.22075894474983215, 0.22668737173080444, 0.22632624208927155, 0.9740504622459412, 0.0014677569270133972, -0.22112882137298584, 0.04991278424859047, 0.9739664793014526),
            ["LeftLowerArm"] = CFrame.new(-1.7881393432617188e-07, -0.0000017881393432617188, -8.195638656616211e-08, 1, -2.3283067918100642e-08, 5.5879341154252415e-09, 3.841704554474745e-08, 0.9617836475372314, -0.27381080389022827, 6.51925624595151e-09, 0.27381080389022827, 0.9617835879325867),
            ["LowerTorso"] = CFrame.new(-0.01203269325196743, -0.025477170944213867, -0.09558575600385666, 0.9835060238838196, 0.10266227275133133, -0.14891760051250458, -0.09909180551767349, 0.9945884346961975, 0.031220804899930954, 0.15131692588329315, -0.01594933494925499, 0.9883567094802856),
            ["Head"] = CFrame.new(-1.4156103134155273e-07, 5.960464477539062e-07, -1.1548399925231934e-07, 0.9355259537696838, -0.2548764646053314, 0.24460025131702423, 0.2652640640735626, 0.9641246795654297, -0.009929376654326916, -0.23329435288906097, 0.07417284697294235, 0.9695731997489929),
            ["RightUpperArm"] = CFrame.new(1.1920928955078125e-07, 4.76837158203125e-07, 4.470348358154297e-08, 0.947380006313324, -0.3199478089809418, -0.010222655721008778, 0.3200105130672455, 0.9473997354507446, 0.005198584403842688, 0.00802165549248457, -0.00819639302790165, 0.9999342560768127),
            ["UpperTorso"] = CFrame.new(-1.210719347000122e-08, -4.172325134277344e-07, 2.7939677238464355e-09, 0.9980449676513672, 0.06214061379432678, -0.006699251942336559, -0.06137234345078468, 0.9946560859680176, 0.0830235704779625, 0.01182255707681179, -0.08245011419057846, 0.9965250492095947),
            ["HumanoidRootPart"] = CFrame.new(0, 0, 0, 1, 0, 0, 0, 1, 0, 0, 0, 1),
            ["RightHand"] = CFrame.new(5.883630365133286e-07, -5.960464477539063e-08, -1.8440186977386475e-07, 0.9892821311950684, -0.1177220344543457, 0.08638574182987213, 0.1164054423570633, 0.9929975867271423, 0.02014024369418621, -0.08815177530050278, -0.009868615306913853, 0.9960582256317139),
            ["LeftUpperArm"] = CFrame.new(1.1920928955078125e-07, 9.5367431640625e-07, 9.685754776000977e-08, 0.9742690324783325, 0.0965280756354332, 0.2036719173192978, -0.09318302571773529, 0.9953101873397827, -0.02597326971590519, -0.2052239030599594, 0.006326187402009964, 0.9786946773529053),
            ["RightLowerArm"] = CFrame.new(7.748603820800781e-07, -5.960464477539063e-08, -4.76837158203125e-07, 1, -6.146731834633101e-08, -1.4901164746561335e-08, 2.9802322387695312e-08, 0.9498327374458313, -0.3127586543560028, 9.313225746154785e-09, 0.3127586543560028, 0.9498326778411865),
            ["LeftHand"] = CFrame.new(-7.450580596923828e-09, 0, -5.587935447692871e-08, 0.9477716088294983, 0.13888993859291077, 0.287121057510376, -0.06463397294282913, 0.9651660323143005, -0.25352925062179565, -0.31233224272727966, 0.22173018753528595, 0.9237340092658997),
            ["RightUpperLeg"] = CFrame.new(-2.086162567138672e-07, 4.784087650477886e-07, -5.420588422566652e-09, 0.9430344700813293, -0.29683583974838257, -0.15024824440479279, 0.21222904324531555, 0.8845198154449463, -0.41543206572532654, 0.25621265172958374, 0.35987961292266846, 0.8971296548843384),
            ["LeftUpperLeg"] = CFrame.new(2.384185791015625e-07, 5.494803190231323e-08, -1.2479722499847412e-07, 0.9880443215370178, 0.13082846999168396, 0.08156243711709976, -0.1262618750333786, 0.9902493357658386, -0.05885837599635124, -0.0884675532579422, 0.04785645008087158, 0.9949288368225098),
            ["RightLowerLeg"] = CFrame.new(-7.450580596923828e-09, -0.000003933906555175781, -0.00001326033816440031, 1, -8.754434333013705e-08, 7.450581485102248e-09, 8.940698847936801e-08, 0.770237386226654, 0.6377570033073425, -4.097820394122209e-08, -0.637757420539856, 0.7702376246452332),
            ["RightFoot"] = CFrame.new(1.7695128917694092e-08, 3.5762786865234375e-07, -9.480572771281004e-09, 0.9903368949890137, 0.11182673275470734, 0.08202297985553741, -0.08917520940303802, 0.9664410352706909, -0.24091415107250214, -0.1062111034989357, 0.23127195239067078, 0.9670743346214294),
            ["LeftLowerLeg"] = CFrame.new(-9.033828973770142e-08, 0.000003635883331298828, 0.000013347715139389038, 1, 2.3283060812673284e-08, 3.725290742551124e-09, 1.3969840395589017e-08, 0.9664116501808167, 0.25699910521507263, 3.725290742551124e-09, -0.25699901580810547, 0.9664116501808167),
        }},
        {Time = 0.067, Data = {
            ["LeftFoot"] = CFrame.new(-6.8248482421040535e-09, 5.960464477539063e-08, -1.234002411365509e-08, 0.9704064130783081, -0.1687297374010086, 0.17274737358093262, 0.18613925576210022, 0.9783929586410522, -0.08999696373939514, -0.15382985770702362, 0.11948860436677933, 0.9808460474014282),
            ["LeftLowerArm"] = CFrame.new(5.960464477539063e-08, -0.0000013709068298339844, -8.195638656616211e-08, 1, -3.632158751543102e-08, 5.587934559514451e-09, 5.355105514581737e-08, 0.9696623086929321, -0.2444486916065216, 1.210719524635806e-08, 0.2444487065076828, 0.9696622490882874),
            ["LowerTorso"] = CFrame.new(-0.02557425945997238, -0.0594325065612793, -0.10428354889154434, 0.9871254563331604, 0.08414296060800552, -0.1360270231962204, -0.08112979680299759, 0.9963225722312927, 0.027555182576179504, 0.13784536719322205, -0.01616457663476467, 0.990321934223175),
            ["Head"] = CFrame.new(-1.8440186977386475e-07, 0.0000011920928955078125, -1.471489667892456e-07, 0.950343906879425, -0.21758826076984406, 0.22249041497707367, 0.2251371443271637, 0.9742871522903442, -0.008828390389680862, -0.2148486226797104, 0.05848085880279541, 0.9748950004577637),
            ["RightUpperArm"] = CFrame.new(-5.960464477539063e-08, 5.960464477539062e-07, 2.2351741790771484e-08, 0.9459712505340576, -0.32343780994415283, -0.022943776100873947, 0.32324859499931335, 0.9462426900863647, -0.011628838256001472, 0.02547157183289528, 0.003584010759368539, 0.9996691346168518),
            ["UpperTorso"] = CFrame.new(9.313225746154785e-10, -5.066394805908203e-07, 7.334165275096893e-09, 0.9980108737945557, 0.06215941160917282, 0.01052201259881258, -0.06272643804550171, 0.9957831501960754, 0.06694325804710388, -0.0063164751045405865, -0.06747009605169296, 0.9977013468742371),
            ["HumanoidRootPart"] = CFrame.new(0, 0, 0, 1, 0, 0, 0, 1, 0, 0, 0, 1),
            ["RightHand"] = CFrame.new(7.171183824539185e-07, 1.7881393432617188e-07, -6.332993507385254e-08, 0.9938428401947021, -0.08126118779182434, 0.07531994581222534, 0.0777963250875473, 0.9958203434944153, 0.04785182699561119, -0.07889360189437866, -0.041697535663843155, 0.9960106611251831),
            ["LeftUpperArm"] = CFrame.new(0, 0.0000010728836059570312, 8.195638656616211e-08, 0.9711996912956238, 0.10443773865699768, 0.21415872871875763, -0.0999775156378746, 0.9944883584976196, -0.03158397600054741, -0.21627694368362427, 0.009263290092349052, 0.9762881994247437),
            ["RightLowerArm"] = CFrame.new(0.0000010132789611816406, -0.0000019669532775878906, -5.401670932769775e-07, 1, -5.587936779960501e-09, -3.725290742551124e-09, 1.6763804566721774e-08, 0.96125328540802, -0.2756669521331787, 0, 0.2756669521331787, 0.96125328540802),
            ["LeftHand"] = CFrame.new(-2.123415470123291e-07, 5.960464477539062e-07, -1.4528632164001465e-07, 0.9514501690864563, 0.06441337615251541, 0.3009875416755676, 0.001344516989775002, 0.9769792556762695, -0.21333059668540955, -0.3077999949455261, 0.20337817072868347, 0.929460346698761),
            ["RightUpperLeg"] = CFrame.new(-2.980232238769531e-07, 9.21427272260189e-08, 2.0656443666666746e-08, 0.9373527765274048, -0.2907160520553589, -0.19197431206703186, 0.20184777677059174, 0.9023261070251465, -0.38087403774261475, 0.2839494049549103, 0.3182637691497803, 0.9044783115386963),
            ["LeftUpperLeg"] = CFrame.new(3.2782554626464844e-07, -4.980247467756271e-07, -1.4528632164001465e-07, 0.9829683303833008, 0.1443517655134201, 0.11373643577098846, -0.1381545513868332, 0.9885521531105042, -0.06064611300826073, -0.1211886778473854, 0.043900016695261, 0.9916582703590393),
            ["RightLowerLeg"] = CFrame.new(-1.862645149230957e-07, -0.000003814697265625, -0.000013364646292757243, 1, -5.541369318962097e-08, 7.450580596923828e-09, 1.1920928955078125e-07, 0.7980949282646179, 0.6025314927101135, -1.1920928955078125e-07, -0.6025317907333374, 0.798095166683197),
            ["RightFoot"] = CFrame.new(-9.313225746154785e-09, 4.172325134277344e-07, -1.6931153368204832e-08, 0.9912976622581482, 0.10477490723133087, 0.07969416677951813, -0.07610131055116653, 0.9501041769981384, -0.3025076389312744, -0.1074126660823822, 0.2938104271888733, 0.9498094916343689),
            ["LeftLowerLeg"] = CFrame.new(-1.3294629752635956e-07, 0.0000036954879760742188, 0.000013303011655807495, 1, -9.313226634333205e-09, 0, -2.2992031389890144e-08, 0.9625753164291382, 0.2710146903991699, 5.587936779960501e-09, -0.2710146903991699, 0.9625751972198486),
        }},
        {Time = 0.100, Data = {
            ["LeftFoot"] = CFrame.new(-1.8975697457790375e-08, 5.960464477539063e-08, -6.05359673500061e-09, 0.9811351299285889, -0.1393367350101471, 0.13401168584823608, 0.1606852263212204, 0.9731912612915039, -0.16455765068531036, -0.1074904128909111, 0.1829870045185089, 0.9772214293479919),
            ["LeftLowerArm"] = CFrame.new(0, -0.0000017881393432617188, 0, 1, -5.4016709327697754e-08, -3.7252894102834944e-09, 4.19095051995555e-08, 0.96763676404953, -0.25234726071357727, 1.862644793959589e-08, 0.25234726071357727, 0.9676367044448853),
            ["LowerTorso"] = CFrame.new(-0.05089802294969559, -0.07011294364929199, -0.10411608964204788, 0.9915295839309692, 0.06518372893333435, -0.11233952641487122, -0.0632365494966507, 0.99778151512146, 0.020813798531889915, 0.11344701796770096, -0.013533534482121468, 0.9934519529342651),
            ["Head"] = CFrame.new(-2.3096799850463867e-07, 7.152557373046875e-07, -1.825392246246338e-07, 0.9570719003677368, -0.2013932317495346, 0.20845665037631989, 0.21118444204330444, 0.9771111011505127, -0.025593379512429237, -0.19853098690509796, 0.06851749867200851, 0.9776967167854309),
            ["RightUpperArm"] = CFrame.new(-2.980232238769531e-07, 2.384185791015625e-07, -7.450580596923828e-08, 0.9472421407699585, -0.3074919283390045, -0.09045010060071945, 0.3076472282409668, 0.9514174461364746, -0.012569350190460682, 0.0899207815527916, -0.015920504927635193, 0.9958216547966003),
            ["UpperTorso"] = CFrame.new(2.514570951461792e-08, 5.960464477539063e-08, -1.210719347000122e-08, 0.9968913197517395, 0.07651315629482269, 0.018803630024194717, -0.07747729867696762, 0.995338499546051, 0.0574345625936985, -0.014321470633149147, -0.05871286988258362, 0.9981721639633179),
            ["HumanoidRootPart"] = CFrame.new(0, 0, 0, 1, 0, 0, 0, 1, 0, 0, 0, 1),
            ["RightHand"] = CFrame.new(8.083879947662354e-07, 2.384185791015625e-07, -1.043081283569336e-07, 0.9929640293121338, -0.11685830354690552, 0.019144540652632713, 0.11583629250526428, 0.9921159744262695, 0.047831788659095764, -0.02458316460251808, -0.04527762159705162, 0.9986719489097595),
            ["LeftUpperArm"] = CFrame.new(-2.384185791015625e-07, 0.0000010728836059570312, 0, 0.9659426808357239, 0.10142317414283752, 0.23805060982704163, -0.10194379836320877, 0.9947383403778076, -0.010155894793570042, -0.23782813549041748, -0.014457779005169868, 0.9711996912956238),
            ["RightLowerArm"] = CFrame.new(9.5367431640625e-07, -0.0000010132789611816406, -5.401670932769775e-07, 1, -4.284085264316673e-08, 1.862645149230957e-09, 1.4901161193847656e-08, 0.967909038066864, -0.2513010501861572, 2.7939677238464355e-08, 0.2513010799884796, 0.9679089784622192),
            ["LeftHand"] = CFrame.new(-3.650784492492676e-07, 2.384185791015625e-07, -3.5762786865234375e-07, 0.9529246687889099, 0.01788105070590973, 0.3026794493198395, 0.03799579292535782, 0.9833484292030334, -0.17771413922309875, -0.30081698298454285, 0.18084877729415894, 0.9363775253295898),
            ["RightUpperLeg"] = CFrame.new(-5.960464477539063e-08, 1.4726538211107254e-07, -1.6596459317952394e-08, 0.9327547550201416, -0.29301944375038147, -0.2100195586681366, 0.20538020133972168, 0.910682737827301, -0.35843607783317566, 0.2962896227836609, 0.2911986708641052, 0.9096236824989319),
            ["LeftUpperLeg"] = CFrame.new(2.086162567138672e-07, -6.912741810083389e-07, -1.601874828338623e-07, 0.9784724712371826, 0.15427713096141815, 0.13707715272903442, -0.14225682616233826, 0.9853949546813965, -0.09359375387430191, -0.1495143622159958, 0.07207869738340378, 0.9861288666725159),
            ["RightLowerLeg"] = CFrame.new(-5.960464477539063e-08, -0.000003814697265625, -0.00001326033816440031, 1, -4.8428766774577525e-08, -8.940696716308594e-08, 1.4156101713069802e-07, 0.8127011656761169, 0.5826799869537354, -5.5879347371501353e-08, -0.5826807618141174, 0.8127017021179199),
            ["RightFoot"] = CFrame.new(0, 4.172325134277344e-07, 1.6596459317952394e-08, 0.9868881702423096, 0.1454901397228241, 0.06988795846700668, -0.11919618397951126, 0.9488967061042786, -0.29221054911613464, -0.10882999747991562, 0.2800494432449341, 0.9537971019744873),
            ["LeftLowerLeg"] = CFrame.new(4.284083843231201e-08, 0.0000040531158447265625, 0.000013282522559165955, 1, 5.774201383701438e-08, 1.1175872671742582e-08, 5.122275492652761e-09, 0.9472964406013489, 0.32035842537879944, 0, -0.32035866379737854, 0.9472965002059937),
        }},
        {Time = 0.133, Data = {
            ["LeftFoot"] = CFrame.new(-1.941225491464138e-08, 0, 4.656612873077393e-10, 0.9866655468940735, -0.12300344556570053, 0.10658907890319824, 0.14157627522945404, 0.9716746807098389, -0.1892208456993103, -0.08029524236917496, 0.20178808271884918, 0.976132333278656),
            ["LeftLowerArm"] = CFrame.new(4.470348358154297e-07, -5.364418029785156e-07, -5.960464477539063e-08, 1, -3.166497108963995e-08, 3.725291186640334e-09, 1.1175870895385742e-08, 0.9682360887527466, -0.2500377595424652, 6.51925802230835e-09, 0.2500377595424652, 0.9682361483573914),
            ["LowerTorso"] = CFrame.new(-0.07368476688861847, -0.06498217582702637, -0.09953100234270096, 0.9949252605438232, 0.05587713420391083, -0.08367501199245453, -0.052613284438848495, 0.9977844953536987, 0.04071773588657379, 0.0857648029923439, -0.036108680069446564, 0.9956609606742859),
            ["Head"] = CFrame.new(-1.0244548320770264e-07, 7.152557373046875e-07, -1.5925616025924683e-07, 0.9590276479721069, -0.18758824467658997, 0.21231283247470856, 0.19708432257175446, 0.9800856709480286, -0.02428862825036049, -0.2035284787416458, 0.06513698399066925, 0.9768998622894287),
            ["RightUpperArm"] = CFrame.new(1.1920928955078125e-07, 3.5762786865234375e-07, 0, 0.9403753280639648, -0.28096821904182434, -0.19170603156089783, 0.28082767128944397, 0.9593356251716614, -0.028478126972913742, 0.19191183149814606, -0.027056215330958366, 0.9810392260551453),
            ["UpperTorso"] = CFrame.new(-1.5832483768463135e-08, -3.2782554626464844e-07, -2.7008354663848877e-08, 0.9974291920661926, 0.06904881447553635, -0.019165068864822388, -0.06803808361291885, 0.9964713454246521, 0.049150969833135605, 0.022491255775094032, -0.04772067442536354, 0.9986074566841125),
            ["HumanoidRootPart"] = CFrame.new(0, 0, 0, 1, 0, 0, 0, 1, 0, 0, 0, 1),
            ["RightHand"] = CFrame.new(6.509944796562195e-07, 0.0000010132789611816406, -1.7508864402770996e-07, 0.9911000728607178, -0.1171245276927948, -0.06326507031917572, 0.11967188119888306, 0.9920825958251953, 0.03808881342411041, 0.05830303952097893, -0.04532087594270706, 0.9972696900367737),
            ["LeftUpperArm"] = CFrame.new(-1.1920928955078125e-07, 0.0000010728836059570312, 1.043081283569336e-07, 0.9708555340766907, 0.07986582815647125, 0.22596697509288788, -0.07846987247467041, 0.9968011379241943, -0.01516786590218544, -0.22645550966262817, -0.0030058082193136215, 0.9740169048309326),
            ["RightLowerArm"] = CFrame.new(4.172325134277344e-07, -1.1920928955078125e-07, -5.811452865600586e-07, 1, 0, 0, 1.1175873559921001e-08, 0.970085084438324, -0.2427653670310974, 1.5832487321176814e-08, 0.2427653819322586, 0.970085084438324),
            ["LeftHand"] = CFrame.new(-5.550682544708252e-07, 1.7881393432617188e-07, 3.725290298461914e-08, 0.937586784362793, 0.02282497100532055, 0.34700149297714233, 0.03312185779213905, 0.9874459505081177, -0.15444615483283997, -0.34617045521736145, 0.15630002319812775, 0.9250601530075073),
            ["RightUpperLeg"] = CFrame.new(-4.172325134277344e-07, 3.4063123166561127e-07, -8.214556146413088e-09, 0.9435765743255615, -0.2768559455871582, -0.18169809877872467, 0.19881068170070648, 0.9123948812484741, -0.3577844202518463, 0.2648351192474365, 0.3014736771583557, 0.9159563779830933),
            ["LeftUpperLeg"] = CFrame.new(2.980232238769531e-07, 8.475035429000854e-08, -1.1827796697616577e-07, 0.9782300591468811, 0.1573224663734436, 0.1353359818458557, -0.13445772230625153, 0.9772348999977112, -0.16411316394805908, -0.15807363390922546, 0.14234352111816406, 0.9771136045455933),
            ["RightLowerLeg"] = CFrame.new(-1.1175870895385742e-07, -0.0000035762786865234375, -0.00001326033816440031, 1, -9.313227877782992e-08, 1.4901159417490817e-08, 7.450579886381092e-08, 0.8178700804710388, 0.5754027366638184, -3.352760913344355e-08, -0.5754029750823975, 0.8178702592849731),
            ["RightFoot"] = CFrame.new(-3.3527612686157227e-08, 3.5762786865234375e-07, 5.012407200410962e-08, 0.9949633479118347, 0.09934363514184952, 0.01337268203496933, -0.0912715494632721, 0.953004777431488, -0.28887948393821716, -0.041442420333623886, 0.2862040102481842, 0.9572721123695374),
            ["LeftLowerLeg"] = CFrame.new(1.9744038581848145e-07, 0.000003516674041748047, 0.000013262033462524414, 1, 2.9802322387695312e-08, -3.725290298461914e-09, -2.9802318834981634e-08, 0.9250485897064209, 0.37984925508499146, 3.7252898543727042e-09, -0.3798488974571228, 0.9250484704971313),
        }},
        {Time = 0.167, Data = {
            ["LeftFoot"] = CFrame.new(-1.2980308383703232e-08, 1.1920928955078125e-07, 7.450580596923828e-09, 0.988325297832489, -0.13848190009593964, 0.06352807581424713, 0.15013796091079712, 0.956146776676178, -0.2514791786670685, -0.02591700851917267, 0.2580815255641937, 0.9657755494117737),
            ["LeftLowerArm"] = CFrame.new(3.8743019104003906e-07, -0.0000010728836059570312, 0, 1, -2.2351741790771484e-08, 1.862644793959589e-08, 7.4505797087454084e-09, 0.9672672152519226, -0.2537599503993988, 2.7939672797572257e-09, 0.2537599503993988, 0.9672672152519226),
            ["LowerTorso"] = CFrame.new(-0.09146872162818909, -0.07216167449951172, -0.09162645041942596, 0.99808269739151, 0.03684848174452782, -0.04973096027970314, -0.03439013659954071, 0.9981861114501953, 0.049414776265621185, 0.051461610943078995, -0.04760977253317833, 0.9975395202636719),
            ["Head"] = CFrame.new(-1.434236764907837e-07, 3.5762786865234375e-07, -9.872019290924072e-08, 0.9745508432388306, -0.1409856379032135, 0.17428040504455566, 0.15159708261489868, 0.9872228503227234, -0.049086760729551315, -0.1651330292224884, 0.07425794005393982, 0.9834719300270081),
            ["RightUpperArm"] = CFrame.new(1.1920928955078125e-07, -7.152557373046875e-07, 2.2351741790771484e-08, 0.9546367526054382, -0.2561369836330414, -0.15186406672000885, 0.25573834776878357, 0.9664844274520874, -0.022488754242658615, 0.15253451466560364, -0.017368875443935394, 0.9881455302238464),
            ["UpperTorso"] = CFrame.new(1.7229467630386353e-08, 0, 1.5366822481155396e-08, 0.9982932209968567, 0.05066191032528877, -0.029053019359707832, -0.04895282909274101, 0.9971851110458374, 0.05679351091384888, 0.0318484865128994, -0.055274344980716705, 0.9979631304740906),
            ["HumanoidRootPart"] = CFrame.new(0, 0, 0, 1, 0, 0, 0, 1, 0, 0, 0, 1),
            ["RightHand"] = CFrame.new(6.551854312419891e-07, 2.384185791015625e-07, -8.381903171539307e-08, 0.9755719900131226, -0.09183941781520844, -0.19956174492835999, 0.09398894757032394, 0.9955724477767944, 0.001303948345594108, 0.1985584944486618, -0.020028704777359962, 0.9798843860626221),
            ["LeftUpperArm"] = CFrame.new(0, 5.960464477539062e-07, 5.21540641784668e-08, 0.9758239984512329, 0.09080524742603302, 0.19880175590515137, -0.08639734238386154, 0.9957859516143799, -0.03075437620282173, -0.20075668394565582, 0.012834908440709114, 0.9795570373535156),
            ["RightLowerArm"] = CFrame.new(7.748603820800781e-07, -2.384185791015625e-07, -5.885958671569824e-07, 1, -4.0978196835794733e-08, -5.587936335871291e-09, 2.6077039194660756e-08, 0.9725643992424011, -0.23263387382030487, 1.6763809895792292e-08, 0.23263387382030487, 0.9725644588470459),
            ["LeftHand"] = CFrame.new(-4.0605664253234863e-07, 4.172325134277344e-07, -2.086162567138672e-07, 0.9534105062484741, -0.0025466352235525846, 0.3016654849052429, 0.04085318371653557, 0.9918428659439087, -0.12074286490678787, -0.29889723658561707, 0.12744152545928955, 0.9457374215126038),
            ["RightUpperLeg"] = CFrame.new(-1.7881393432617188e-07, 7.704365998506546e-07, 3.183231456205249e-08, 0.9452707767486572, -0.2733987271785736, -0.1780911535024643, 0.19214263558387756, 0.9075566530227661, -0.37339305877685547, 0.2637127637863159, 0.3187383711338043, 0.9104182124137878),
            ["LeftUpperLeg"] = CFrame.new(8.940696716308594e-08, -1.0849907994270325e-07, -7.264316082000732e-08, 0.9760854244232178, 0.18312875926494598, 0.11713714897632599, -0.14749249815940857, 0.9537302255630493, -0.26200154423713684, -0.15969713032245636, 0.23845888674259186, 0.9579322338104248),
            ["RightLowerLeg"] = CFrame.new(-5.21540641784668e-08, -0.000003516674041748047, -0.000013409349776338786, 1, -8.195639367158947e-08, 2.980233304583635e-08, 9.685756197086448e-08, 0.799472451210022, 0.6007024049758911, -6.33299421792799e-08, -0.6007028818130493, 0.7994728088378906),
            ["RightFoot"] = CFrame.new(7.078051567077637e-08, 3.5762786865234375e-07, -1.3205863069742918e-08, 0.9942732453346252, 0.10685458034276962, -0.0016908257966861129, -0.10339567810297012, 0.9578468203544617, -0.2680273652076721, -0.02702021598815918, 0.2666678726673126, 0.9634098410606384),
            ["LeftLowerLeg"] = CFrame.new(4.0978193283081055e-08, 0.000003814697265625, 0.000013306736946105957, 1, 1.4901157641133977e-08, -7.450581485102248e-09, -5.215407838932151e-08, 0.8652518391609192, 0.501337468624115, 3.3527619791584584e-08, -0.5013375282287598, 0.865251898765564),
        }},
        {Time = 0.200, Data = {
            ["LeftFoot"] = CFrame.new(1.2223608791828156e-09, -5.960464477539063e-08, -2.537854015827179e-08, 0.9892902970314026, -0.14323610067367554, 0.028076019138097763, 0.14576730132102966, 0.9595987796783447, -0.24066992104053497, 0.007530826143920422, 0.24218539893627167, 0.9702009558677673),
            ["LeftLowerArm"] = CFrame.new(-7.748603820800781e-07, -9.5367431640625e-07, -2.9802322387695312e-08, 1, -1.4901159417490817e-08, -3.7252898543727042e-09, -1.8626447051417472e-09, 0.9684752821922302, -0.24910968542099, 1.8626447051417472e-09, 0.2491096705198288, 0.968475341796875),
            ["LowerTorso"] = CFrame.new(-0.10895111411809921, -0.08327269554138184, -0.09093199670314789, 0.9991636872291565, 0.02602161094546318, -0.03154074400663376, -0.02522347681224346, 0.9993579983711243, 0.025443999096751213, 0.03218258172273636, -0.02462714910507202, 0.9991786479949951),
            ["Head"] = CFrame.new(-1.6437843441963196e-07, 8.344650268554688e-07, -1.1673546396195889e-07, 0.9849796891212463, -0.11249503493309021, 0.13099625706672668, 0.12170487642288208, 0.9904658794403076, -0.06453858315944672, -0.12248706072568893, 0.07951207458972931, 0.9892799258232117),
            ["RightUpperArm"] = CFrame.new(-1.1920928955078125e-07, 4.76837158203125e-07, -1.1175870895385742e-08, 0.961804211139679, -0.24975575506687164, -0.11204782128334045, 0.2479041963815689, 0.9683077931404114, -0.03038974106311798, 0.11608675867319107, 0.0014518492389470339, 0.993238091468811),
            ["UpperTorso"] = CFrame.new(-2.444721758365631e-08, -1.1920928955078125e-07, 8.149072527885437e-09, 0.9994879961013794, 0.02906649000942707, -0.013381627388298512, -0.027648165822029114, 0.994982898235321, 0.09615018963813782, 0.016109224408864975, -0.0957309678196907, 0.9952769875526428),
            ["HumanoidRootPart"] = CFrame.new(0, 0, 0, 1, 0, 0, 0, 1, 0, 0, 0, 1),
            ["RightHand"] = CFrame.new(7.422640919685364e-07, 4.172325134277344e-07, -1.043081283569336e-07, 0.9737857580184937, -0.08160994946956635, -0.21232320368289948, 0.07973683625459671, 0.9966644048690796, -0.017384354025125504, 0.21303370594978333, -0.000001341104507446289, 0.977044939994812),
            ["LeftUpperArm"] = CFrame.new(-1.1920928955078125e-07, 8.344650268554688e-07, 1.2293457984924316e-07, 0.977025032043457, 0.1054248958826065, 0.1852235049009323, -0.09677531570196152, 0.9937766194343567, -0.055159665644168854, -0.18988598883152008, 0.03596730902791023, 0.9811472296714783),
            ["RightLowerArm"] = CFrame.new(0.0000014901161193847656, -1.1920928955078125e-07, -5.122274160385132e-07, 1, -5.587935447692871e-09, -3.7252889661942845e-09, 5.21540641784668e-08, 0.9818227291107178, -0.18980029225349426, 3.725290298461914e-09, 0.18980032205581665, 0.9818227291107178),
            ["LeftHand"] = CFrame.new(-2.384185791015625e-07, 3.5762786865234375e-07, -1.043081283569336e-07, 0.9726191759109497, -0.012312846258282661, 0.23207879066467285, 0.041327204555273056, 0.9918435215950012, -0.12057632207870483, -0.2287011444568634, 0.12686599791049957, 0.9651947617530823),
            ["RightUpperLeg"] = CFrame.new(-2.384185791015625e-07, 5.129259079694748e-07, -5.420588422566652e-09, 0.9443264007568359, -0.2779558002948761, -0.1760355532169342, 0.20327959954738617, 0.9136185050010681, -0.35210633277893066, 0.25869905948638916, 0.29671841859817505, 0.9192565083503723),
            ["LeftUpperLeg"] = CFrame.new(0, 4.824250936508179e-07, -1.3224780559539795e-07, 0.9780856370925903, 0.1890655755996704, 0.0871935486793518, -0.15881672501564026, 0.9483091831207275, -0.27474939823150635, -0.1346319615840912, 0.25488021969795227, 0.957554280757904),
            ["RightLowerLeg"] = CFrame.new(-9.685754776000977e-08, -0.0000032186508178710938, -0.00001337954745395109, 1, -5.960465188081798e-08, -3.3527619791584584e-08, 9.685756907629184e-08, 0.7910838723182678, 0.6117071509361267, 0, -0.6117078065872192, 0.791084349155426),
            ["RightFoot"] = CFrame.new(4.842877388000488e-08, 4.76837158203125e-07, -1.6931153368204832e-08, 0.9955480694770813, 0.09424476325511932, -0.0014504329301416874, -0.09073140472173691, 0.95404052734375, -0.2856120765209198, -0.025533270090818405, 0.28447288274765015, 0.9583443403244019),
            ["LeftLowerLeg"] = CFrame.new(1.434236764907837e-07, 0.000003814697265625, 0.000013373792171478271, 1, 5.5879340266073996e-08, 0, -4.0978196835794733e-08, 0.841106653213501, 0.5408690571784973, 1.4901162970204496e-08, -0.540869414806366, 0.8411068320274353),
        }},
        {Time = 0.233, Data = {
            ["LeftFoot"] = CFrame.new(6.984919309616089e-09, 0, 1.862645149230957e-09, 0.9869078993797302, -0.1506776660680771, 0.05752493441104889, 0.16104772686958313, 0.9399877786636353, -0.3008098900318146, -0.008747548796236515, 0.3061361014842987, 0.9519477486610413),
            ["LeftLowerArm"] = CFrame.new(8.940696716308594e-08, -0.0000013113021850585938, -9.685754776000977e-08, 1, -3.3527619791584584e-08, 1.1175869119028903e-08, 2.980232949312267e-08, 0.9706816077232361, -0.24036914110183716, -6.984921085972928e-09, 0.24036917090415955, 0.9706816077232361),
            ["LowerTorso"] = CFrame.new(-0.1285797357559204, -0.0903017520904541, -0.10793864727020264, 0.9994587898254395, 0.00882184412330389, -0.03169123828411102, -0.008617143146693707, 0.9999411702156067, 0.00659003434702754, 0.03174750879406929, -0.006313379388302565, 0.9994760155677795),
            ["Head"] = CFrame.new(-1.341104507446289e-07, 5.960464477539062e-07, -1.4185206964612007e-07, 0.9891135096549988, -0.10661233961582184, 0.1014317199587822, 0.11172301322221756, 0.9926696419715881, -0.0460989847779274, -0.09577346593141556, 0.05692937225103378, 0.993773877620697),
            ["RightUpperArm"] = CFrame.new(-1.1920928955078125e-07, 0, -2.0489096641540527e-08, 0.9568901062011719, -0.26547253131866455, -0.1178380474448204, 0.2637934386730194, 0.9641153216362, -0.029912298545241356, 0.12155035883188248, -0.0024621470365673304, 0.9925822615623474),
            ["UpperTorso"] = CFrame.new(2.584420144557953e-08, 1.1920928955078125e-07, 3.259629011154175e-09, 0.9994252920150757, 0.03080402873456478, 0.014151223003864288, -0.031918808817863464, 0.9957133531570435, 0.08681131899356842, -0.011416420340538025, -0.08721311390399933, 0.996124267578125),
            ["HumanoidRootPart"] = CFrame.new(0, 0, 0, 1, 0, 0, 0, 1, 0, 0, 0, 1),
            ["RightHand"] = CFrame.new(7.199123501777649e-07, 4.172325134277344e-07, -1.6391277313232422e-07, 0.9847686886787415, -0.0703931376338005, -0.1589825302362442, 0.07128576189279556, 0.9974560141563416, -0.00008843838440952823, 0.15858431160449982, -0.011246121488511562, 0.9872813820838928),
            ["LeftUpperArm"] = CFrame.new(1.7881393432617188e-07, 7.152557373046875e-07, 7.636845111846924e-08, 0.9749011993408203, 0.11036215722560883, 0.1933598667383194, -0.10045412182807922, 0.9931098818778992, -0.06034799665212631, -0.19868768751621246, 0.03940953314304352, 0.9792702198028564),
            ["RightLowerArm"] = CFrame.new(8.940696716308594e-07, 1.7881393432617188e-07, -4.6938657760620117e-07, 1, -2.7008358216562556e-08, -5.587936335871291e-09, -1.4901161193847656e-08, 0.9887642860412598, -0.14948368072509766, 1.1175870895385742e-08, 0.14948369562625885, 0.988764226436615),
            ["LeftHand"] = CFrame.new(-6.407499313354492e-07, -4.172325134277344e-07, -2.682209014892578e-07, 0.9742027521133423, -0.025928597897291183, 0.22418010234832764, 0.054602738469839096, 0.9909442663192749, -0.12267061322927475, -0.21896934509277344, 0.13174693286418915, 0.966796338558197),
            ["RightUpperLeg"] = CFrame.new(-2.682209014892578e-07, 4.1670864447951317e-07, -5.420588422566652e-09, 0.9416781663894653, -0.2693362534046173, -0.20174357295036316, 0.2039209008216858, 0.9336170554161072, -0.2945771813392639, 0.26769113540649414, 0.2362566590309143, 0.9340898394584656),
            ["LeftUpperLeg"] = CFrame.new(2.682209014892578e-07, -1.8725404515862465e-07, -1.126900315284729e-07, 0.9804981350898743, 0.18377439677715302, 0.06964566558599472, -0.1653798371553421, 0.9629999399185181, -0.21279272437095642, -0.1061745136976242, 0.19712476432323456, 0.9746121764183044),
            ["RightLowerLeg"] = CFrame.new(5.21540641784668e-08, -0.0000033974647521972656, -0.000013305041647981852, 1, -7.450579886381092e-08, -4.8428766774577525e-08, 1.4156103134155273e-07, 0.8282708525657654, 0.5603271126747131, 1.1175870895385742e-08, -0.56032794713974, 0.8282713890075684),
            ["RightFoot"] = CFrame.new(1.862645149230957e-09, 3.5762786865234375e-07, -7.281050784513354e-08, 0.9940879940986633, 0.10832947492599487, -0.007337362505495548, -0.10573552548885345, 0.950493574142456, -0.29220154881477356, -0.0246795155107975, 0.2912505567073822, 0.9563286900520325),
            ["LeftLowerLeg"] = CFrame.new(-7.82310962677002e-08, 0.000004112720489501953, 0.000013306736946105957, 1, 3.725290742551124e-09, -1.4901164746561335e-08, -3.632158396271734e-08, 0.8637493848800659, 0.5039215087890625, 1.1175872671742582e-08, -0.5039217472076416, 0.8637494444847107),
        }},
        {Time = 0.267, Data = {
            ["LeftFoot"] = CFrame.new(-2.782326191663742e-08, -1.7881393432617188e-07, -1.1175870895385742e-08, 0.9898622035980225, -0.1402725875377655, 0.02228095382452011, 0.14013485610485077, 0.9390037655830383, -0.3140608072280884, 0.02313200756907463, 0.3139992952346802, 0.9491414427757263),
            ["LeftLowerArm"] = CFrame.new(-8.940696716308594e-08, 4.76837158203125e-07, 4.842877388000488e-08, 1, -3.352760913344355e-08, 3.7252889661942845e-09, 2.7939672797572257e-09, 0.9684873223304749, -0.2490628957748413, -8.265486961533952e-09, 0.24906285107135773, 0.9684873223304749),
            ["LowerTorso"] = CFrame.new(-0.13768118619918823, -0.08253955841064453, -0.10098708420991898, 0.9994024634361267, -0.012295888736844063, -0.03230370581150055, 0.012472689151763916, 0.9999082684516907, 0.005277276039123535, 0.032235853374004364, -0.005677036475390196, 0.999464213848114),
            ["Head"] = CFrame.new(-1.7150887288153172e-07, 3.5762786865234375e-07, -9.651466825744137e-08, 0.9905734062194824, -0.10730323940515518, 0.08514902740716934, 0.10999593883752823, 0.9935494661331177, -0.027574948966503143, -0.08164088428020477, 0.03668107092380524, 0.9959866404533386),
            ["RightUpperArm"] = CFrame.new(-1.1920928955078125e-07, 1.1920928955078125e-07, 7.21702235750854e-08, 0.9451664090156555, -0.2680647373199463, -0.1865527629852295, 0.2700011730194092, 0.9627362489700317, -0.01543645653873682, 0.1837390959262848, -0.0357794314622879, 0.9823237061500549),
            ["UpperTorso"] = CFrame.new(-1.3504177331924438e-08, -3.5762786865234375e-07, -3.725290298461914e-09, 0.9986823201179504, 0.03910965844988823, 0.033227499574422836, -0.04139791429042816, 0.9966008067131042, 0.07122557610273361, -0.030328942462801933, -0.07250727713108063, 0.9969066381454468),
            ["HumanoidRootPart"] = CFrame.new(0, 0, 0, 1, 0, 0, 0, 1, 0, 0, 0, 1),
            ["RightHand"] = CFrame.new(6.230548024177551e-07, 1.7881393432617188e-07, -1.341104507446289e-07, 0.9873113036155701, -0.0528121143579483, -0.14975745975971222, 0.05579540878534317, 0.9983174204826355, 0.015786631032824516, 0.1486717313528061, -0.023942112922668457, 0.9885967969894409),
            ["LeftUpperArm"] = CFrame.new(-1.1920928955078125e-07, 4.76837158203125e-07, 1.0938674677163363e-07, 0.9651380181312561, 0.11574439704418182, 0.23475907742977142, -0.10445469617843628, 0.9927175045013428, -0.06001149117946625, -0.23999536037445068, 0.033397700637578964, 0.9701994061470032),
            ["RightLowerArm"] = CFrame.new(-1.4901161193847656e-07, -1.7881393432617188e-07, -4.544854164123535e-07, 1, -1.9092118108687828e-08, 3.725290742551124e-09, -1.3038519597330378e-08, 0.9901298880577087, -0.1401531845331192, -7.450582373280668e-09, 0.140153169631958, 0.9901299476623535),
            ["LeftHand"] = CFrame.new(-5.736947059631348e-07, 5.960464477539063e-08, -1.341104507446289e-07, 0.9771227240562439, -0.046134110540151596, 0.20761220157146454, 0.06885728240013123, 0.99223393201828, -0.1035880520939827, -0.20122087001800537, 0.1155138611793518, 0.9727110266685486),
            ["RightUpperLeg"] = CFrame.new(-2.384185791015625e-07, 4.0864688344299793e-07, 3.892637323588133e-09, 0.9478053450584412, -0.2414262592792511, -0.20827490091323853, 0.18549492955207825, 0.9487988352775574, -0.25568029284477234, 0.25933873653411865, 0.20370113849639893, 0.9440599083900452),
