return {
    ["Pain"] = {
        {Time = 0.000, Data = {
            ["RightFoot"] = CFrame.new(2.421438694000244e-08, 4.76837158203125e-07, 3.149762051180005e-08, 0.9639809727668762, 0.10160759836435318, -0.24579904973506927, -0.2187103033065796, 0.8287094235420227, -0.5151758790016174, 0.15134933590888977, 0.5503786206245422, 0.8210826516151428),
            ["LeftLowerArm"] = CFrame.new(1.4901161193847656e-07, 1.1920928955078125e-07, 7.450580596923828e-08, 1, -5.438926677925338e-07, 7.450577754752885e-08, -5.438920993583451e-07, 0.9991303086280823, -0.04169679433107376, -2.2351731132630448e-08, 0.04169684275984764, 0.999130368232727),
            ["RightUpperArm"] = CFrame.new(0, -0.065238356590271, 5.960464477539063e-08, 0.5469058752059937, -0.8209525942802429, -0.16410760581493378, 0.7887921333312988, 0.5709747672080994, -0.22758428752422333, 0.2805371880531311, -0.004979670513421297, 0.9598302841186523),
            ["Head"] = CFrame.new(3.725290298461914e-08, -2.384185791015625e-07, 1.0244548320770264e-08, 0.8667727112770081, -0.057048916816711426, -0.4954296350479126, -0.15081320703029633, 0.916935384273529, -0.3694387376308441, 0.4753530025482178, 0.39493656158447266, 0.7861708402633667),
            ["LowerTorso"] = CFrame.new(-0.05938105285167694, -0.2537963390350342, 0.09426425397396088, 0.9303816556930542, 0.10532993823289871, 0.3511347472667694, -0.15536636114120483, 0.9808512926101685, 0.11743948608636856, -0.3320411443710327, -0.16381824016571045, 0.9289307594299316),
            ["UpperTorso"] = CFrame.new(7.450580596923828e-09, 2.086162567138672e-07, -4.190951585769653e-09, 0.9919772148132324, -0.050749797374010086, -0.11578310281038284, 0.056226544082164764, 0.997424304485321, 0.04453527182340622, 0.11322478950023651, -0.050688017159700394, 0.992275595664978),
            ["HumanoidRootPart"] = CFrame.new(0, 0, 0, 1, 0, 0, 0, 1, 0, 0, 0, 1),
            ["RightUpperLeg"] = CFrame.new(-0.000025510787963867188, -0.00012569595128297806, -0.004997501149773598, 0.9669167399406433, -0.2074754685163498, 0.148411825299263, 0.2520870268344879, 0.6881235241889954, -0.6803958415985107, 0.03904018923640251, 0.6952986121177673, 0.7176597118377686),
            ["LeftUpperArm"] = CFrame.new(0, -0.06523799896240234, -1.862645149230957e-09, 0.6837571263313293, 0.729672908782959, -0.0073649100959300995, -0.6889278292655945, 0.6421833634376526, -0.3361230194568634, -0.24052999913692474, 0.23490023612976074, 0.9417892694473267),
            ["RightLowerArm"] = CFrame.new(-2.086162567138672e-07, -1.7881393432617188e-07, 2.9802322387695312e-08, 1, 3.557653940333694e-07, -8.940696716308594e-08, 5.373728413360368e-07, 0.9991210103034973, -0.04191920906305313, -5.3085361884086524e-08, 0.041919369250535965, 0.9991210103034973),
            ["LeftHand"] = CFrame.new(1.1548399925231934e-07, 5.960464477539063e-08, -5.960464477539063e-08, 0.900562047958374, -0.2395135760307312, -0.362796425819397, 0.2452044039964676, 0.9689746499061584, -0.031041698530316353, 0.35897472500801086, -0.06100362539291382, 0.931351363658905),
            ["LeftFoot"] = CFrame.new(-2.1420419216156006e-08, 1.1920928955078125e-07, -7.450580596923828e-09, 0.9997254014015198, -0.021122897043824196, -0.010146805085241795, 0.017642881721258163, 0.9634366631507874, -0.2673548758029938, 0.015422988682985306, 0.26710236072540283, 0.9635447859764099),
            ["RightHand"] = CFrame.new(-2.2724270820617676e-07, 0, 1.4901161193847656e-08, 0.917132556438446, 0.33674874901771545, 0.21323159337043762, -0.29640257358551025, 0.9338878989219666, -0.19999954104423523, -0.2664836049079895, 0.12022358179092407, 0.9563119411468506),
            ["RightLowerLeg"] = CFrame.new(0, -1.1920928955078125e-07, -7.281050784513354e-08, 1, 7.450576333667414e-08, 1.6763792132223898e-07, 4.0233126696875843e-07, 0.32344284653663635, 0.9462476372718811, -7.450579175838357e-08, -0.9462478160858154, 0.32344308495521545),
            ["LeftUpperLeg"] = CFrame.new(0.000025510787963867188, 0.00012565404176712036, 0.004997506737709045, 0.9679218530654907, -0.23115289211273193, -0.09846698492765427, 0.1054094135761261, 0.7293437719345093, -0.6759780645370483, 0.2280707061290741, 0.6439146995544434, 0.7303136587142944),
            ["LeftLowerLeg"] = CFrame.new(1.564621925354004e-07, 2.384185791015625e-07, -1.30385160446167e-07, 1, 7.54371214384264e-08, 2.0489101970611046e-08, -5.774199962615967e-08, 0.6494157314300537, 0.760433554649353, 2.7939677238464355e-08, -0.760433554649353, 0.6494157314300537),
        }},
        {Time = 0.033, Data = {
            ["RightFoot"] = CFrame.new(-5.587935447692871e-08, 3.5762786865234375e-07, 1.6952981241047382e-09, 0.959455668926239, 0.12130330502986908, -0.25442245602607727, -0.25178372859954834, 0.7745747566223145, -0.5802054405212402, 0.12668775022029877, 0.6207411885261536, 0.7737123966217041),
            ["LeftLowerArm"] = CFrame.new(-1.4901161193847656e-07, 5.960464477539063e-08, -2.9802322387695312e-08, 1, 2.570449453287438e-07, -5.960464477539063e-08, 2.71946277052848e-07, 0.999049961566925, -0.043579794466495514, -2.980233304583635e-08, 0.04357997328042984, 0.9990500211715698),
            ["RightUpperArm"] = CFrame.new(2.384185791015625e-07, -0.06523776054382324, 8.940696716308594e-08, 0.43958181142807007, -0.8822721838951111, -0.1684132069349289, 0.8749053478240967, 0.4630143940448761, -0.14198239147663116, 0.2032448947429657, -0.08493261784315109, 0.9754374027252197),
            ["Head"] = CFrame.new(2.2351741790771484e-08, 0, 2.7939677238464355e-08, 0.854586660861969, -0.0835694745182991, -0.5125404000282288, -0.14093893766403198, 0.9125996232032776, -0.3837941586971283, 0.499817818403244, 0.40022242069244385, 0.7681175470352173),
            ["LowerTorso"] = CFrame.new(-0.07097014039754868, -0.31305766105651855, 0.09333339333534241, 0.910692572593689, 0.16187605261802673, 0.38004639744758606, -0.2216976284980774, 0.9678253531455994, 0.1190134584903717, -0.34855321049690247, -0.19264021515846252, 0.9172788858413696),
            ["UpperTorso"] = CFrame.new(3.259629011154175e-08, 5.960464477539063e-08, 5.587935447692871e-09, 0.9851512908935547, -0.10489160567522049, -0.13592183589935303, 0.10869842767715454, 0.9938555955886841, 0.02087469957768917, 0.13289695978164673, -0.035339079797267914, 0.99049973487854),
            ["HumanoidRootPart"] = CFrame.new(0, 0, 0, 1, 0, 0, 0, 1, 0, 0, 0, 1),
            ["RightUpperLeg"] = CFrame.new(-0.000025540590286254883, -0.00012569688260555267, -0.004997508600354195, 0.9407883882522583, -0.26566585898399353, 0.210568368434906, 0.3330918848514557, 0.6090365052223206, -0.7198089361190796, 0.06298524141311646, 0.747326135635376, 0.6614651679992676),
            ["LeftUpperArm"] = CFrame.new(0, -0.06523764133453369, 7.450580596923828e-09, 0.550262451171875, 0.8349519371986389, 0.008128576911985874, -0.79017573595047, 0.523850679397583, -0.3181247115135193, -0.26987704634666443, 0.16862936317920685, 0.9480140209197998),
            ["RightLowerArm"] = CFrame.new(-2.980232238769531e-07, -5.960464477539062e-07, 0, 1, -6.081533001633943e-07, 1.4156104555240745e-07, -5.876647719560424e-07, 0.9990687370300293, -0.04314577206969261, 1.3038520307873114e-07, 0.04314597323536873, 0.9990688562393188),
            ["LeftHand"] = CFrame.new(-2.8312206268310547e-07, 1.1920928955078125e-07, -2.9802322387695312e-08, 0.9208574891090393, -0.15439251065254211, -0.3580291271209717, 0.1472684144973755, 0.987966775894165, -0.04726075381040573, 0.3610174357891083, -0.009206115268170834, 0.9325136542320251),
            ["LeftFoot"] = CFrame.new(-3.259629011154175e-08, 5.960464477539063e-08, 3.725290298461914e-09, 0.9997282028198242, -0.01944432221353054, -0.012868893332779408, 0.01487724669277668, 0.9568890929222107, -0.29007214307785034, 0.01795395463705063, 0.289802223443985, 0.9569183588027954),
            ["RightHand"] = CFrame.new(-1.825392246246338e-07, -2.384185791015625e-07, 3.725290298461914e-09, 0.9748419523239136, 0.20330244302749634, 0.09138667583465576, -0.1865127980709076, 0.9685007929801941, -0.1649816930294037, -0.12204958498477936, 0.14378595352172852, 0.9820536971092224),
            ["RightLowerLeg"] = CFrame.new(-8.195638656616211e-08, -5.960464477539063e-08, -8.026108844205737e-08, 1, -2.309678279743821e-07, 1.2665985593685036e-07, 3.799796672865341e-07, 0.16090285778045654, 0.9869703054428101, 2.980232594040899e-08, -0.9869703054428101, 0.16090300679206848),
            ["LeftUpperLeg"] = CFrame.new(0.00002562999725341797, 0.0001254752278327942, 0.004997476935386658, 0.952112078666687, -0.29959672689437866, -0.06102707237005234, 0.1675078272819519, 0.6781065464019775, -0.7156206369400024, 0.2557806372642517, 0.6711283326148987, 0.6958181858062744),
            ["LeftLowerLeg"] = CFrame.new(-1.6763806343078613e-08, -1.1920928955078125e-07, 0, 1, 6.891783499440862e-08, 2.1420424545226524e-08, -7.91623975260336e-08, 0.5981263518333435, 0.8014015555381775, 2.5145704185547402e-08, -0.8014018535614014, 0.5981267690658569),
        }},
        {Time = 0.067, Data = {
            ["RightFoot"] = CFrame.new(2.2351741790771484e-08, 1.7881393432617188e-07, -3.55576048605144e-08, 0.9532266855239868, 0.14352910220623016, -0.26600492000579834, -0.28316164016723633, 0.7318940758705139, -0.6197986602783203, 0.10572797805070877, 0.6661309599876404, 0.7383028864860535),
            ["LeftLowerArm"] = CFrame.new(-3.8743019104003906e-07, 0, -8.940696716308594e-08, 1, -2.3841846541472478e-07, -8.195639367158947e-08, -2.495943931535294e-07, 0.9989660978317261, -0.04546254128217697, -4.470347292340193e-08, 0.04546249285340309, 0.9989660978317261),
            ["RightUpperArm"] = CFrame.new(1.1920928955078125e-07, -0.0652381181716919, 5.960464477539063e-08, 0.32403022050857544, -0.9209421873092651, -0.21649515628814697, 0.930245578289032, 0.35181325674057007, -0.10426197201013565, 0.1721852570772171, -0.16760967671871185, 0.9707004427909851),
            ["Head"] = CFrame.new(7.450580596923828e-09, -2.384185791015625e-07, -3.166496753692627e-08, 0.8494542837142944, -0.09703977406024933, -0.5186623334884644, -0.127399742603302, 0.9161461591720581, -0.3800599277019501, 0.5120514631271362, 0.38892117142677307, 0.7658615708351135),
            ["LowerTorso"] = CFrame.new(-0.08504919707775116, -0.3525099754333496, 0.09037459641695023, 0.8928930163383484, 0.21713437139987946, 0.3944549858570099, -0.2836120128631592, 0.9516332745552063, 0.11814512312412262, -0.34972313046455383, -0.21736326813697815, 0.9112886190414429),
            ["UpperTorso"] = CFrame.new(1.2456439435482025e-08, 2.682209014892578e-07, -1.123407855629921e-08, 0.9762177467346191, -0.16152407228946686, -0.14459964632987976, 0.16246922314167023, 0.9866992235183716, -0.0053277877159416676, 0.14353668689727783, -0.018291758373379707, 0.9894759058952332),
            ["HumanoidRootPart"] = CFrame.new(0, 0, 0, 1, 0, 0, 0, 1, 0, 0, 0, 1),
            ["RightUpperLeg"] = CFrame.new(-0.000025451183319091797, -0.00012540258467197418, -0.004997478798031807, 0.9081692099571228, -0.3072267770767212, 0.2843250632286072, 0.4130255877971649, 0.5471442341804504, -0.7280408143997192, 0.06810665130615234, 0.7786173224449158, 0.6237915754318237),
            ["LeftUpperArm"] = CFrame.new(0, -0.06523799896240234, 2.7939677238464355e-08, 0.4155184328556061, 0.9095838665962219, 0.001325358054600656, -0.8703999519348145, 0.3980405926704407, -0.28977149724960327, -0.2640991806983948, 0.1192520409822464, 0.9570949673652649),
            ["RightLowerArm"] = CFrame.new(4.76837158203125e-07, -2.980232238769531e-07, -1.4901161193847656e-08, 1, 1.3946558397037734e-07, 3.725290298461914e-09, 2.2951275013838313e-07, 0.9990150928497314, -0.04437195137143135, 9.313223525708736e-10, 0.04437202215194702, 0.9990150928497314),
            ["LeftHand"] = CFrame.new(-9.685754776000977e-08, 0, -1.1920928955078125e-07, 0.936024010181427, -0.06470389664173126, -0.34593647718429565, 0.047227926552295685, 0.9971567392349243, -0.0587201826274395, 0.3487529456615448, 0.038625143468379974, 0.9364187121391296),
            ["LeftFoot"] = CFrame.new(-2.60770320892334e-08, -1.1920928955078125e-07, 3.725290298461914e-09, 0.9997636675834656, -0.016288740560412407, -0.014397317543625832, 0.011196843348443508, 0.9534858465194702, -0.30122998356819153, 0.018634473904967308, 0.3009975552558899, 0.9534428119659424),
            ["RightHand"] = CFrame.new(1.6391277313232422e-07, 1.1920928955078125e-07, 4.470348358154297e-08, 0.9942821860313416, 0.10484005510807037, 0.02028658241033554, -0.101500004529953, 0.9868870973587036, -0.12550592422485352, -0.03317840397357941, 0.12272883951663971, 0.9918854832649231),
            ["RightLowerLeg"] = CFrame.new(-7.450580596923828e-08, -3.5762786865234375e-07, -3.55576048605144e-08, 1, -2.0861612881617475e-07, 1.0430807861894209e-07, 4.246832077114959e-07, 0.04699978232383728, 0.9988949298858643, -1.0430815677864302e-07, -0.998894989490509, 0.047000136226415634),
            ["LeftUpperLeg"] = CFrame.new(0.000025540590286254883, 0.00012579932808876038, 0.004997476935386658, 0.9352591037750244, -0.3534061312675476, -0.019873464480042458, 0.2291235625743866, 0.6472402811050415, -0.7270367741584778, 0.26980188488960266, 0.6754141449928284, 0.6863108277320862),
            ["LeftLowerLeg"] = CFrame.new(4.470348358154297e-08, -1.1920928955078125e-07, 2.086162567138672e-07, 1, 6.23986053938097e-08, 1.3969840395589017e-08, -5.215405707303944e-08, 0.5797216296195984, 0.8148146867752075, 4.377215745421381e-08, -0.814814567565918, 0.5797216296195984),
        }},
        {Time = 0.100, Data = {
            ["RightFoot"] = CFrame.new(-2.60770320892334e-08, 2.384185791015625e-07, -5.790934665128589e-08, 0.9454155564308167, 0.16852468252182007, -0.27890756726264954, -0.3137597143650055, 0.7018997073173523, -0.6394458413124084, 0.08800224214792252, 0.6920521855354309, 0.7164633274078369),
            ["LeftLowerArm"] = CFrame.new(-2.384185791015625e-07, 1.1920928955078125e-07, 4.470348358154297e-08, 1, -2.644956111907959e-07, -5.587936158235607e-08, -3.3527609843986284e-07, 0.9988786578178406, -0.04734499752521515, -2.607702853651972e-08, 0.047344714403152466, 0.9988786578178406),
            ["RightUpperArm"] = CFrame.new(1.1920928955078125e-07, -0.06523823738098145, 0, 0.12845014035701752, -0.9494388103485107, -0.2864725589752197, 0.9434735178947449, 0.2059909999370575, -0.25966423749923706, 0.3055460751056671, -0.23692554235458374, 0.9222299456596375),
            ["Head"] = CFrame.new(-2.9802322387695312e-08, -1.1920928955078125e-07, -2.60770320892334e-08, 0.8495776653289795, -0.10962853580713272, -0.5159452557563782, -0.10307370871305466, 0.9247989058494568, -0.3662278950214386, 0.5172946453094482, 0.36431923508644104, 0.7743886113166809),
            ["LowerTorso"] = CFrame.new(-0.10592183470726013, -0.367201566696167, 0.08444039523601532, 0.8768492937088013, 0.2664474546909332, 0.40017634630203247, -0.3370806574821472, 0.9342323541641235, 0.11656134575605392, -0.34280017018318176, -0.2370985448360443, 0.9089952707290649),
            ["UpperTorso"] = CFrame.new(7.275957614183426e-09, 8.940696716308594e-08, -4.2462488636374474e-08, 0.9674354791641235, -0.20867447555065155, -0.14326101541519165, 0.20598255097866058, 0.9779808521270752, -0.033538930118083954, 0.14710523188114166, 0.0029374740552157164, 0.9891164898872375),
            ["HumanoidRootPart"] = CFrame.new(0, 0, 0, 1, 0, 0, 0, 1, 0, 0, 0, 1),
            ["RightUpperLeg"] = CFrame.new(-0.00002562999725341797, -0.00012552179396152496, -0.004997486248612404, 0.8712114691734314, -0.3412110209465027, 0.3529386818408966, 0.48694470524787903, 0.509483277797699, -0.7094447016716003, 0.062253959476947784, 0.7899377942085266, 0.6100184917449951),
            ["LeftUpperArm"] = CFrame.new(5.960464477539063e-08, -0.06523799896240234, 1.862645149230957e-09, 0.32637566328048706, 0.9451982975006104, -0.008901442401111126, -0.9139482378959656, 0.3131539225578308, -0.25813421607017517, -0.24120046198368073, 0.09238415956497192, 0.9660680294036865),
            ["RightLowerArm"] = CFrame.new(4.76837158203125e-07, 5.960464477539063e-08, 4.470348358154297e-08, 1, 1.5390111229862669e-07, -8.45175023300726e-08, 3.1013041734695435e-07, 0.9989599585533142, -0.04559796303510666, -1.2759119272232056e-07, 0.04559805244207382, 0.9989598989486694),
            ["LeftHand"] = CFrame.new(-2.7567148208618164e-07, 5.960464477539063e-08, 5.960464477539063e-08, 0.9416014552116394, -0.0789858028292656, -0.3273347020149231, 0.05858353525400162, 0.995701253414154, -0.07174304127693176, 0.3315941095352173, 0.048377200961112976, 0.9421810507774353),
            ["LeftFoot"] = CFrame.new(9.010545909404755e-08, -2.384185791015625e-07, 2.2351741790771484e-08, 0.9998619556427002, -0.008809834718704224, -0.014094214886426926, 0.0042215511202812195, 0.9547690749168396, -0.2973186671733856, 0.016075963154435158, 0.29721805453300476, 0.9546743631362915),
            ["RightHand"] = CFrame.new(-7.078051567077637e-08, -4.76837158203125e-07, 9.313225746154785e-09, 0.9693671464920044, 0.11490583419799805, 0.21708132326602936, -0.09266724437475204, 0.9896007180213928, -0.11001478880643845, -0.22746481001377106, 0.08652883768081665, 0.969934344291687),
            ["RightLowerLeg"] = CFrame.new(-1.1920928955078125e-07, -5.960464477539063e-08, 1.6596459317952394e-08, 1, -2.3096785639609152e-07, 1.0430811414607888e-07, 4.3958425521850586e-07, -0.01273331418633461, 0.9999189972877502, 6.705522537231445e-08, -0.9999189376831055, -0.012733044102787971),
            ["LeftUpperLeg"] = CFrame.new(0.000025570392608642578, 0.00012576580047607422, 0.004997432231903076, 0.9167566895484924, -0.3992784321308136, 0.011573330499231815, 0.28779301047325134, 0.6401353478431702, -0.7123216390609741, 0.2770062983036041, 0.6563562750816345, 0.7017577886581421),
            ["LeftLowerLeg"] = CFrame.new(4.0046870708465576e-08, 0, -2.2351741790771484e-08, 1, 8.055940270423889e-08, 2.0489096641540527e-08, -7.497146015111866e-08, 0.6007100939750671, 0.7994669079780579, 4.423781874152155e-08, -0.7994669079780579, 0.6007102131843567),
        }},
        {Time = 0.133, Data = {
            ["RightFoot"] = CFrame.new(-1.862645149230957e-08, 2.980232238769531e-07, 9.145878721028566e-09, 0.9396832585334778, 0.18330319225788116, -0.288783460855484, -0.33122900128364563, 0.698297381401062, -0.6345608830451965, 0.08533883839845657, 0.6919398307800293, 0.7168937921524048),
            ["LeftLowerArm"] = CFrame.new(-8.940696716308594e-08, -5.960464477539063e-08, 2.9802322387695312e-08, 1, -3.278254325778107e-07, -1.1175872671742582e-08, -3.65078278719011e-07, 0.9987877011299133, -0.04922685772180557, -7.450577044210149e-09, 0.04922684282064438, 0.9987877011299133),
            ["RightUpperArm"] = CFrame.new(1.1920928955078125e-07, -0.065238356590271, 0, -0.0910576656460762, -0.9563143253326416, -0.2777973711490631, 0.8928728699684143, 0.0451335571706295, -0.44804126024246216, 0.44100627303123474, -0.28883543610572815, 0.8497573733329773),
            ["Head"] = CFrame.new(7.450580596923828e-09, -3.5762786865234375e-07, -1.1175870895385742e-08, 0.8507465720176697, -0.12056194990873337, -0.5115614533424377, -0.07647562772035599, 0.9345791935920715, -0.3474385142326355, 0.5199825167655945, 0.3347039222717285, 0.7858698964118958),
            ["LowerTorso"] = CFrame.new(-0.12403210997581482, -0.3430287837982178, 0.07795088738203049, 0.8659589886665344, 0.2982757091522217, 0.40143054723739624, -0.3708631098270416, 0.9215003848075867, 0.1153150349855423, -0.3355228900909424, -0.24873413145542145, 0.9086011648178101),
            ["UpperTorso"] = CFrame.new(-6.705522537231445e-08, 0, 6.984919309616089e-09, 0.9617239832878113, -0.23784472048282623, -0.1360773742198944, 0.2321440577507019, 0.9710354208946228, -0.05656367540359497, 0.1455894410610199, 0.02280932292342186, 0.9890821576118469),
            ["HumanoidRootPart"] = CFrame.new(0, 0, 0, 1, 0, 0, 0, 1, 0, 0, 0, 1),
            ["RightUpperLeg"] = CFrame.new(-0.000025570392608642578, -0.00012580864131450653, -0.004997493699193001, 0.8448858857154846, -0.37025654315948486, 0.3861064612865448, 0.5322235226631165, 0.5090667605400085, -0.676453709602356, 0.053908225148916245, 0.7770207524299622, 0.6271620988845825),
            ["LeftUpperArm"] = CFrame.new(0, -0.065238356590271, 0, 0.2549782991409302, 0.9668022394180298, -0.016720077022910118, -0.9432172179222107, 0.24487635493278503, -0.22444775700569153, -0.21290211379528046, 0.07300000637769699, 0.9743427634239197),
            ["RightLowerArm"] = CFrame.new(-4.172325134277344e-07, -1.7881393432617188e-07, 1.6391277313232422e-07, 1, 1.8900018972090038e-07, -5.960463766996327e-08, 1.4062973718864669e-07, 0.998903214931488, -0.04682384431362152, 2.0489101970611046e-08, 0.046824172139167786, 0.9989031553268433),
            ["LeftHand"] = CFrame.new(1.1175870895385742e-08, 0, 0, 0.9461645483970642, -0.09918320924043655, -0.30811581015586853, 0.0784696489572525, 0.9937865138053894, -0.07893693447113037, 0.31403061747550964, 0.05050937086343765, 0.948068380355835),
            ["LeftFoot"] = CFrame.new(8.783536031842232e-08, 0, 7.450580596923828e-09, 0.9999243021011353, -0.0017847848357632756, -0.01218003872781992, -0.00144553545396775, 0.9655627012252808, -0.2601667046546936, 0.012224524281919003, 0.26016464829444885, 0.9654869437217712),
            ["RightHand"] = CFrame.new(-4.842877388000488e-07, -5.960464477539063e-08, 5.960464477539063e-08, 0.8480322360992432, 0.14675544202327728, 0.5092195272445679, -0.09822707623243332, 0.9877697229385376, -0.1210879236459732, -0.5207618474960327, 0.052666839212179184, 0.8520758152008057),
            ["RightLowerLeg"] = CFrame.new(-2.9802322387695312e-08, -1.1920928955078125e-07, 3.149762051180005e-08, 1, -2.3841843699301535e-07, 2.086162567138672e-07, 4.619358833224396e-07, 0.005850095767527819, 0.9999828934669495, 5.960463056453591e-08, -0.9999829530715942, 0.005850076675415039),
            ["LeftUpperLeg"] = CFrame.new(0.000025540590286254883, 0.00012546777725219727, 0.004997521638870239, 0.9022720456123352, -0.4310656189918518, 0.009351787157356739, 0.3270377516746521, 0.6700729727745056, -0.6663697361946106, 0.28098317980766296, 0.6043052077293396, 0.7455627918243408),
            ["LeftLowerLeg"] = CFrame.new(8.044298738241196e-08, 1.7881393432617188e-07, -6.705522537231445e-08, 1, 6.082700565457344e-08, 4.893810157113876e-08, -6.600748037044468e-08, 0.6820586919784546, 0.7312973141670227, 1.7374985006313182e-08, -0.731297492980957, 0.6820588111877441),
        }},
        {Time = 0.167, Data = {
            ["RightFoot"] = CFrame.new(-1.4901161193847656e-08, 2.384185791015625e-07, -5.75528247281909e-09, 0.938052237033844, 0.18417128920555115, -0.29349541664123535, -0.33202868700027466, 0.7199763059616089, -0.609418511390686, 0.09907152503728867, 0.6691152453422546, 0.7365253567695618),
            ["LeftLowerArm"] = CFrame.new(-5.364418029785156e-07, 0, 1.4901161193847656e-08, 1, -1.1175863079415649e-07, -7.939524948596954e-08, -2.1886077661292802e-07, 0.9986931085586548, -0.051108427345752716, -7.939524238054219e-08, 0.05110839009284973, 0.9986931681632996),
            ["RightUpperArm"] = CFrame.new(-1.1920928955078125e-07, -0.0652381181716919, -4.470348358154297e-08, -0.2221851944923401, -0.9464271664619446, -0.23432788252830505, 0.8800863027572632, -0.09124185889959335, -0.4659644663333893, 0.4196210503578186, -0.3097589910030365, 0.8532102108001709),
            ["Head"] = CFrame.new(0, 2.384185791015625e-07, -1.4901161193847656e-08, 0.857771098613739, -0.1221558079123497, -0.49930647015571594, -0.05445508286356926, 0.9442923069000244, -0.3245715796947479, 0.5111395120620728, 0.3055979311466217, 0.8033345937728882),
            ["LowerTorso"] = CFrame.new(-0.1335863322019577, -0.29416537284851074, 0.07244456559419632, 0.8662260174751282, 0.3129596412181854, 0.38949793577194214, -0.38353654742240906, 0.9160988926887512, 0.11688705533742905, -0.3202378451824188, -0.25063738226890564, 0.9135801792144775),
            ["UpperTorso"] = CFrame.new(-2.7474015951156616e-08, -8.940696716308594e-08, -1.3969838619232178e-09, 0.9599274396896362, -0.25282397866249084, -0.1209106594324112, 0.245682030916214, 0.9667493104934692, -0.07096675038337708, 0.13483242690563202, 0.03841736912727356, 0.9901233911514282),
            ["HumanoidRootPart"] = CFrame.new(0, 0, 0, 1, 0, 0, 0, 1, 0, 0, 0, 1),
            ["RightUpperLeg"] = CFrame.new(-0.000025480985641479492, -0.0001255478709936142, -0.00499747134745121, 0.8365921974182129, -0.38176044821739197, 0.3929024636745453, 0.5466000437736511, 0.5337281823158264, -0.6452615857124329, 0.03663260117173195, 0.7545814514160156, 0.6551833748817444),
            ["LeftUpperArm"] = CFrame.new(5.960464477539063e-08, -0.06523776054382324, -5.960464477539063e-08, 0.16414427757263184, 0.9861692786216736, -0.022954490035772324, -0.9697496294975281, 0.15706168115139008, -0.1868620663881302, -0.1806723177433014, 0.05293256789445877, 0.9821179509162903),
            ["RightLowerArm"] = CFrame.new(-3.5762786865234375e-07, 1.1920928955078125e-07, -2.9802322387695312e-08, 1, 1.683365979943119e-07, -1.727021441411125e-07, 1.365843047551607e-07, 0.9988449811935425, -0.04804975911974907, -1.738663257810913e-07, 0.04805002734065056, 0.9988450407981873),
            ["LeftHand"] = CFrame.new(-2.5704503059387207e-07, 1.1920928955078125e-07, -2.9802322387695312e-08, 0.9524882435798645, -0.11214891076087952, -0.283176064491272, 0.09414064139127731, 0.992618203163147, -0.07646339386701584, 0.28966131806373596, 0.04617174714803696, 0.9560149908065796),
            ["LeftFoot"] = CFrame.new(5.960464477539063e-08, -5.960464477539063e-08, 1.862645149230957e-09, 0.999953031539917, 0.0027958345599472523, -0.009282760322093964, -0.00455233920365572, 0.9807981848716736, -0.19497230648994446, 0.008558961562812328, 0.1950054168701172, 0.9807648658752441),
            ["RightHand"] = CFrame.new(-4.209578037261963e-07, 0, -5.587935447692871e-09, 0.8014847040176392, 0.1345718652009964, 0.5826773643493652, -0.08196668326854706, 0.9898767471313477, -0.11586958914995193, -0.5923712849617004, 0.04510697349905968, 0.8044012188911438),
            ["RightLowerLeg"] = CFrame.new(4.470348358154297e-08, -5.960464477539063e-08, -7.281050784513354e-08, 1, -2.9802305334669654e-07, 2.086161856595936e-07, 4.6938635023252573e-07, 0.07846496254205704, 0.9969168901443481, 5.9604616353681195e-08, -0.9969168901443481, 0.07846485823392868),
            ["LeftUpperLeg"] = CFrame.new(0.000025510787963867188, 0.0001256018877029419, 0.004997581243515015, 0.8982263803482056, -0.4392090439796448, -0.016869569197297096, 0.34540486335754395, 0.7290821671485901, -0.5908761620521545, 0.27181798219680786, 0.5249139070510864, 0.806585967540741),
            ["LeftLowerLeg"] = CFrame.new(8.381903171539307e-08, 0, -1.1175870895385742e-07, 1, 6.565824151039124e-08, 3.18978052860075e-08, -3.771856427192688e-08, 0.7966365218162537, 0.6044585704803467, -1.5599653124809265e-08, -0.6044586300849915, 0.7966365814208984),
        }},
        {Time = 0.200, Data = {
            ["RightFoot"] = CFrame.new(1.1920928955078125e-07, 2.980232238769531e-07, -1.3205863069742918e-08, 0.9393177032470703, 0.17718328535556793, -0.2937496304512024, -0.32281938195228577, 0.7462447881698608, -0.5821561217308044, 0.11606018990278244, 0.6416579484939575, 0.7581592798233032),
            ["LeftLowerArm"] = CFrame.new(-2.9802322387695312e-08, -2.980232238769531e-07, 0, 1, 0, -1.4249232549445878e-07, -6.705520405603238e-08, 0.998595118522644, -0.05298985168337822, -1.2479718236590998e-07, 0.05299002304673195, 0.9985950589179993),
            ["RightUpperArm"] = CFrame.new(0, -0.06523799896240234, 0, -0.345777302980423, -0.9188715815544128, -0.19003495573997498, 0.8619526624679565, -0.23102471232414246, -0.4512927532196045, 0.37077710032463074, -0.3198477625846863, 0.8719068765640259),
            ["Head"] = CFrame.new(3.725290298461914e-08, 0, -1.862645149230957e-08, 0.8704587817192078, -0.12127465009689331, -0.4770684242248535, -0.031954940408468246, 0.9532090425491333, -0.30061841011047363, 0.49120306968688965, 0.2769206464290619, 0.825853705406189),
            ["LowerTorso"] = CFrame.new(-0.13792914152145386, -0.2535855770111084, 0.0655936598777771, 0.8774937987327576, 0.30450180172920227, 0.37051764130592346, -0.3709476590156555, 0.9206150770187378, 0.12192485481500626, -0.303977906703949, -0.24443109333515167, 0.9207883477210999),
            ["UpperTorso"] = CFrame.new(-4.284083843231201e-08, 1.1920928955078125e-07, 2.421438694000244e-08, 0.9647566080093384, -0.24326597154140472, -0.10033143311738968, 0.23594531416893005, 0.9685095548629761, -0.07949235290288925, 0.11650978028774261, 0.05301806330680847, 0.9917734861373901),
            ["HumanoidRootPart"] = CFrame.new(0, 0, 0, 1, 0, 0, 0, 1, 0, 0, 0, 1),
            ["RightUpperLeg"] = CFrame.new(-0.000025600194931030273, -0.00012533925473690033, -0.004997456446290016, 0.8469057679176331, -0.37154537439346313, 0.3804008364677429, 0.5314748883247375, 0.5687403678894043, -0.6277495622634888, 0.016888659447431564, 0.7338176965713501, 0.6791360974311829),
            ["LeftUpperArm"] = CFrame.new(1.1920928955078125e-07, -0.0652381181716919, 1.862645149230957e-08, 0.06007326394319534, 0.9977954626083374, -0.028204169124364853, -0.9838305711746216, 0.0544094443321228, -0.17063772678375244, -0.16872696578502655, 0.03799889236688614, 0.9849300980567932),
            ["RightLowerArm"] = CFrame.new(2.384185791015625e-07, 0, -2.60770320892334e-08, 1, -1.2945379523898737e-07, -3.72529100900465e-08, 5.58793944449576e-09, 0.9987851977348328, -0.049275655299425125, -5.22705185801442e-08, 0.04927583411335945, 0.9987851977348328),
            ["LeftHand"] = CFrame.new(2.086162567138672e-07, 0, 0, 0.9549140930175781, -0.1298229992389679, -0.2669927775859833, 0.11410403996706009, 0.9907360672950745, -0.07363695651292801, 0.2740793526172638, 0.03985194116830826, 0.9608811736106873),
            ["LeftFoot"] = CFrame.new(-7.194466888904572e-08, 0, -3.725290298461914e-09, 0.9999512434005737, 0.007311590481549501, -0.00664075231179595, -0.008202685974538326, 0.9892581105232239, -0.14594918489456177, 0.005501779727637768, 0.14599654078483582, 0.9892698526382446),
            ["RightHand"] = CFrame.new(-2.4586915969848633e-07, -5.960464477539063e-08, 6.705522537231445e-08, 0.7715622186660767, 0.11403705924749374, 0.625849723815918, -0.07417448610067368, 0.9932181239128113, -0.0895310491323471, -0.6318148374557495, 0.022656399756669998, 0.7747878432273865),
            ["RightLowerLeg"] = CFrame.new(-1.043081283569336e-07, -5.960464477539063e-08, -1.1006341082975268e-07, 1, -3.7252877405080653e-07, 7.4505820180093e-08, 3.725288593159348e-07, 0.15702374279499054, 0.9875947833061218, 9.685750512744562e-08, -0.9875948429107666, 0.1570240706205368),
            ["LeftUpperLeg"] = CFrame.new(0.00002530217170715332, 0.00012611225247383118, 0.004997521638870239, 0.9051812887191772, -0.4229772388935089, -0.041677046567201614, 0.33988505601882935, 0.7792447209358215, -0.5265508890151978, 0.2551962733268738, 0.4624587297439575, 0.8491214513778687),
            ["LeftLowerLeg"] = CFrame.new(1.3969838619232178e-07, 0, 2.2351741790771484e-08, 1, 4.936009645462036e-08, -2.3283064365386963e-09, -4.284083843231201e-08, 0.8690145015716553, 0.49478647112846375, -9.313225746154785e-09, -0.49478667974472046, 0.8690145611763),
        }},
        {Time = 0.233, Data = {
            ["RightFoot"] = CFrame.new(8.568167686462402e-08, 4.172325134277344e-07, 1.6596459317952394e-08, 0.9440191984176636, 0.16296246647834778, -0.286830335855484, -0.3023027181625366, 0.7754088044166565, -0.5543951988220215, 0.132064089179039, 0.6100693345069885, 0.78126460313797),
            ["LeftLowerArm"] = CFrame.new(2.9802322387695312e-08, -1.1920928955078125e-07, -2.9802322387695312e-08, 1, 5.5879314508899824e-09, 1.4156096028727916e-07, 2.9802340151263707e-08, 0.998493492603302, -0.05487121269106865, 1.0430819230577981e-07, 0.054870959371328354, 0.9984934329986572),
            ["RightUpperArm"] = CFrame.new(-5.960464477539063e-08, -0.06523799896240234, 4.470348358154297e-08, -0.43653568625450134, -0.8713935613632202, -0.223853200674057, 0.885542094707489, -0.37221282720565796, -0.27797946333885193, 0.15890838205814362, -0.31957927346229553, 0.9341398477554321),
            ["Head"] = CFrame.new(2.60770320892334e-08, 0, 4.842877388000488e-08, 0.8872508406639099, -0.11773378401994705, -0.4460100829601288, -0.011459728702902794, 0.9609565734863281, -0.27646195888519287, 0.46114495396614075, 0.25040218234062195, 0.8512601256370544),
            ["LowerTorso"] = CFrame.new(-0.13666579127311707, -0.21924161911010742, 0.05445294827222824, 0.8961277008056641, 0.2745248079299927, 0.34869933128356934, -0.3361128866672516, 0.9329003691673279, 0.12932541966438293, -0.2897987961769104, -0.23309460282325745, 0.9282692074775696),
            ["UpperTorso"] = CFrame.new(-2.8870999813079834e-08, 8.940696716308594e-08, -1.30385160446167e-08, 0.9738010764122009, -0.21452376246452332, -0.07543893158435822, 0.20819461345672607, 0.9745006561279297, -0.08368708193302155, 0.09146834164857864, 0.06578877568244934, 0.9936324954032898),
            ["HumanoidRootPart"] = CFrame.new(0, 0, 0, 1, 0, 0, 0, 1, 0, 0, 0, 1),
            ["RightUpperLeg"] = CFrame.new(-0.000025451183319091797, -0.00012549012899398804, -0.004997463896870613, 0.8724125027656555, -0.3455018997192383, 0.3457240164279938, 0.4887678623199463, 0.6144102215766907, -0.6193593740463257, 0.00157425575889647, 0.7093155384063721, 0.7048893570899963),
            ["LeftUpperArm"] = CFrame.new(2.384185791015625e-07, -0.0652381181716919, 2.2351741790771484e-08, -0.05858468636870384, 0.9978905916213989, -0.02797064557671547, -0.9607992768287659, -0.06396816670894623, -0.2697642743587494, -0.27098456025123596, 0.011070268228650093, 0.9625201225280762),
            ["RightLowerArm"] = CFrame.new(-5.364418029785156e-07, 1.7881393432617188e-07, 1.0896474123001099e-07, 1, -5.593752305799171e-08, 3.9115551686563776e-08, -2.700837740121642e-07, 0.9987240433692932, -0.05050138011574745, -1.1292295987175294e-08, 0.05050124228000641, 0.9987240433692932),
            ["LeftHand"] = CFrame.new(3.203749656677246e-07, -1.7881393432617188e-07, 1.1920928955078125e-07, 0.9215936064720154, -0.15736070275306702, -0.354828804731369, 0.14586195349693298, 0.9875375032424927, -0.05910750478506088, 0.3597075045108795, 0.002717376220971346, 0.9330610036849976),
            ["LeftFoot"] = CFrame.new(7.217749953269958e-08, -1.1920928955078125e-07, 6.51925802230835e-09, 0.9999202489852905, 0.010635997168719769, -0.006813487503677607, -0.011407638899981976, 0.9920210242271423, -0.1255556344985962, 0.005423323716968298, 0.1256231963634491, 0.9920631647109985),
            ["RightHand"] = CFrame.new(-1.4901161193847656e-07, -3.5762786865234375e-07, -5.960464477539063e-08, 0.8622457981109619, 0.12412519752979279, 0.49104538559913635, -0.11738265305757523, 0.9920821189880371, -0.04465699940919876, -0.4927003085613251, -0.01913495548069477, 0.8699886202812195),
            ["RightLowerLeg"] = CFrame.new(4.470348358154297e-08, -2.384185791015625e-07, -9.516224963590503e-08, 1, -1.1920920428565296e-07, 1.6391271628890536e-07, 4.917382057101349e-07, 0.24435120820999146, 0.96968674659729, -1.1920926112907182e-07, -0.96968674659729, 0.24435147643089294),
            ["LeftUpperLeg"] = CFrame.new(0.000025510787963867188, 0.00012587755918502808, 0.004997462034225464, 0.921103835105896, -0.38514572381973267, -0.056835465133190155, 0.3119291067123413, 0.8174559473991394, -0.48421671986579895, 0.23295491933822632, 0.42828568816185, 0.8731001615524292),
            ["LeftLowerLeg"] = CFrame.new(8.102506399154663e-08, -2.384185791015625e-07, 9.313225746154785e-08, 1, 3.539026138810186e-08, 1.1990782589066384e-08, -4.190951941041021e-08, 0.9013311266899109, 0.4331305921077728, 1.3969840395589017e-08, -0.43313083052635193, 0.9013312458992004),
        }},
        {Time = 0.267, Data = {
            ["RightFoot"] = CFrame.new(2.9802322387695312e-08, 2.384185791015625e-07, -2.8107024263590574e-08, 0.9498534202575684, 0.1431688815355301, -0.27799591422080994, -0.274149626493454, 0.8088919520378113, -0.5201302766799927, 0.15040121972560883, 0.5702599883079529, 0.8075783848762512),
            ["LeftLowerArm"] = CFrame.new(2.980232238769531e-07, -1.7881393432617188e-07, 1.341104507446289e-07, 1, -1.7136329688582919e-07, 4.656611807263289e-08, -1.564621925354004e-07, 0.9970465898513794, -0.07679993659257889, 6.705522537231445e-08, 0.07679970562458038, 0.9970465898513794),
            ["RightUpperArm"] = CFrame.new(1.1920928955078125e-07, -0.0652381181716919, -2.9802322387695312e-08, -0.5136266350746155, -0.8065972924232483, -0.2925555408000946, 0.8562184572219849, -0.5038831233978271, -0.11398100852966309, -0.055477041751146317, -0.30903515219688416, 0.949431300163269),
            ["Head"] = CFrame.new(-1.862645149230957e-08, 0, 2.60770320892334e-08, 0.9073775410652161, -0.11634679138660431, -0.40389296412467957, 0.010966920293867588, 0.9671518206596375, -0.25396299362182617, 0.42017343640327454, 0.22601094841957092, 0.8788477778434753),
            ["LowerTorso"] = CFrame.new(-0.13105957210063934, -0.19522857666015625, 0.042543914169073105, 0.9226416349411011, 0.21009325981140137, 0.32340872287750244, -0.26597434282302856, 0.9538879990577698, 0.13912326097488403, -0.2792670726776123, -0.21437948942184448, 0.9359762072563171),
            ["UpperTorso"] = CFrame.new(-1.0710209608078003e-07, 5.066394805908203e-07, -6.51925802230835e-09, 0.9875447750091553, -0.14887693524360657, -0.0509028434753418, 0.14409758150577545, 0.9857025146484375, -0.08732929080724716, 0.06317663937807083, 0.07890667766332626, 0.9948781132698059),
            ["HumanoidRootPart"] = CFrame.new(0, 0, 0, 1, 0, 0, 0, 1, 0, 0, 0, 1),
            ["RightUpperLeg"] = CFrame.new(-0.000025451183319091797, -0.00012546591460704803, -0.004997463896870613, 0.9132752418518066, -0.28919580578804016, 0.2868701219558716, 0.4070409834384918, 0.6750205755233765, -0.6153574585914612, -0.015683792531490326, 0.678758442401886, 0.7341940402984619),
            ["LeftUpperArm"] = CFrame.new(0, -0.06523787975311279, 5.21540641784668e-08, -0.16946545243263245, 0.9836791157722473, -0.06047181785106659, -0.8905202150344849, -0.179125115275383, -0.4181961119174957, -0.42220282554626465, -0.017018379643559456, 0.9063416719436646),
            ["RightLowerArm"] = CFrame.new(-2.086162567138672e-07, -1.1920928955078125e-07, 5.21540641784668e-08, 1, -1.230364148341323e-07, 4.0046874261179255e-08, -5.922628076859837e-08, 0.9979001879692078, -0.06477025151252747, 7.729975237680264e-08, 0.06477020680904388, 0.9979002475738525),
            ["LeftHand"] = CFrame.new(-1.4901161193847656e-07, -5.960464477539063e-08, -7.450580596923828e-08, 0.8809973001480103, -0.1724620759487152, -0.44056886434555054, 0.186259925365448, 0.9824257493019104, -0.012112099677324295, 0.43491506576538086, -0.07138960808515549, 0.8976370692253113),
            ["LeftFoot"] = CFrame.new(1.103617250919342e-07, 0, 3.725290298461914e-09, 0.9998598098754883, 0.014221321791410446, -0.008839321322739124, -0.015474453568458557, 0.9864421486854553, -0.16337844729423523, 0.006395242642611265, 0.16349244117736816, 0.9865238666534424),
            ["RightHand"] = CFrame.new(4.172325134277344e-07, -1.7881393432617188e-07, 5.587935447692871e-09, 0.9233865737915039, 0.17137281596660614, 0.3434947729110718, -0.18493716418743134, 0.9827263951301575, 0.006859179586172104, -0.33638614416122437, -0.06985863298177719, 0.9391295313835144),
            ["RightLowerLeg"] = CFrame.new(-4.470348358154297e-08, -3.5762786865234375e-07, -1.3205863069742918e-08, 1, 7.45057526785331e-09, 1.8626440123625798e-07, 4.7683693082944956e-07, 0.3465297818183899, 0.9380390048027039, -7.450577044210149e-09, -0.9380390048027039, 0.3465299904346466),
