return {
    ["Panuma"] = {
        {Time = 0.000, Data = {
            ["RightFoot"] = CFrame.new(3.5390257835388184e-08, 3.5762786865234375e-07, -7.281050784513354e-08, 0.9880651831626892, 0.1447593718767166, -0.0526493601500988, -0.15274396538734436, 0.8765809535980225, -0.45637163519859314, -0.01991281285881996, 0.4589668810367584, 0.8882303237915039),
            ["LeftLowerArm"] = CFrame.new(-1.1920928955078125e-07, -3.5762786865234375e-07, 0, 1, -7.450581307466564e-08, 1.2665987014770508e-07, 5.960463766996327e-08, 0.6624016165733337, -0.749148964881897, 0, 0.7491489052772522, 0.6624016761779785),
            ["LeftFoot"] = CFrame.new(-1.862645149230957e-08, 5.960464477539063e-08, 2.9802322387695312e-08, 0.9750906825065613, -0.11681417375802994, -0.18855467438697815, 0.08023163676261902, 0.9782750606536865, -0.19115674495697021, 0.2067878246307373, 0.17126701772212982, 0.9632790088653564),
            ["Head"] = CFrame.new(5.21540641784668e-08, 5.960464477539062e-07, 2.60770320892334e-07, 0.8593654036521912, 0.0739358589053154, 0.5059889554977417, 0.09335163980722427, 0.9501816630363464, -0.29738929867744446, -0.5027690529823303, 0.3028007745742798, 0.8096510767936707),
            ["LowerTorso"] = CFrame.new(-0.14123660326004028, -0.2006680965423584, 0.14644739031791687, 0.7482739090919495, 0.024879727512598038, -0.6629231572151184, 0.0739365667104721, 0.9899429678916931, 0.12060872465372086, 0.6592568159103394, -0.1392626315355301, 0.7389089465141296),
            ["UpperTorso"] = CFrame.new(-9.685754776000977e-08, -1.1920928955078125e-07, 2.9802322387695312e-08, 0.9799047112464905, -0.12297084927558899, 0.15705104172229767, 0.057813528925180435, 0.9286542534828186, 0.3664136230945587, -0.19090427458286285, -0.3499707281589508, 0.917102038860321),
            ["HumanoidRootPart"] = CFrame.new(0, 0, 0, 1, 0, 0, 0, 1, 0, 0, 0, 1),
            ["RightUpperLeg"] = CFrame.new(5.960464477539063e-08, -3.7066638469696045e-07, -9.110226528719068e-08, 0.9995337724685669, -0.02110077254474163, 0.02207074500620365, 0.02965572476387024, 0.8430088758468628, -0.537081778049469, -0.007272951304912567, 0.5374857187271118, 0.8432413935661316),
            ["LeftUpperArm"] = CFrame.new(-2.384185791015625e-07, 2.384185791015625e-07, 2.9802322387695312e-08, 0.9385527968406677, 0.3451293110847473, 0.0020768451504409313, -0.3430018723011017, 0.933401882648468, -0.1054079458117485, -0.038317952305078506, 0.09821857511997223, 0.994426965713501),
            ["RightLowerArm"] = CFrame.new(-1.7881393432617188e-07, -2.384185791015625e-07, -2.9802322387695312e-08, 1, -7.404013757650318e-08, 2.8870999813079834e-08, 4.470348358154297e-08, 0.7633944749832153, -0.645932674407959, 0, 0.6459326148033142, 0.7633944749832153),
            ["LeftHand"] = CFrame.new(1.4901161193847656e-07, -1.1920928955078125e-07, 2.980232238769531e-07, 0.841350257396698, 0.17561417818069458, -0.5111647844314575, -0.14469332993030548, 0.9844061732292175, 0.1000419557094574, 0.52076256275177, -0.010208108462393284, 0.8536405563354492),
            ["RightHand"] = CFrame.new(4.6938657760620117e-07, -3.5762786865234375e-07, 0, 0.9182774424552917, 0.1491633653640747, -0.366765558719635, -0.14510947465896606, 0.9886556267738342, 0.03877256438136101, 0.3683883249759674, 0.017617162317037582, 0.9295051693916321),
            ["RightUpperArm"] = CFrame.new(1.1920928955078125e-07, 8.344650268554688e-07, 7.450580596923828e-09, 0.942885160446167, -0.29637885093688965, 0.15207625925540924, 0.28105586767196655, 0.9528464674949646, 0.114417664706707, -0.1788162887096405, -0.06514067947864532, 0.9817237854003906),
            ["RightLowerLeg"] = CFrame.new(5.21540641784668e-08, -0.00012230873107910156, -0.00007745454058749601, 1, -1.4901161193847656e-07, -1.4901161193847656e-08, 1.266598843585598e-07, 0.6392136216163635, 0.7690290212631226, 5.587936158235607e-08, -0.7690292596817017, 0.6392139196395874),
            ["LeftUpperLeg"] = CFrame.new(-1.1920928955078125e-07, -4.78699803352356e-07, -8.940696716308594e-08, 0.753505289554596, 0.556623101234436, 0.34985828399658203, -0.09198340773582458, 0.616173267364502, -0.7822209000587463, -0.650975227355957, 0.557226300239563, 0.5154897570610046),
            ["LeftLowerLeg"] = CFrame.new(1.434236764907837e-07, 0.00012284517288208008, 0.00007757171988487244, 1, 4.563479905073109e-08, 4.470348358154297e-08, -7.823110337312755e-08, 0.6241784691810608, 0.7812818884849548, 5.7742006731587026e-08, -0.7812817692756653, 0.6241783499717712),
        }},
        {Time = 0.033, Data = {
            ["RightFoot"] = CFrame.new(1.2293457984924316e-07, 4.172325134277344e-07, -5.790934665128589e-08, 0.9709024429321289, 0.18961071968078613, -0.14627569913864136, -0.23730239272117615, 0.8438622355461121, -0.4812311828136444, 0.03218963369727135, 0.5019405484199524, 0.8643032312393188),
            ["LeftLowerArm"] = CFrame.new(-1.4901161193847656e-07, -5.960464477539063e-08, -8.940696716308594e-08, 1, -1.0430814256778831e-07, 4.4703490686970326e-08, 8.940698137394065e-08, 0.7246218919754028, -0.6891466379165649, 7.450581485102248e-09, 0.6891465783119202, 0.7246218919754028),
            ["LeftFoot"] = CFrame.new(-4.284083843231201e-08, 5.960464477539063e-08, 1.862645149230957e-08, 0.989540696144104, -0.05392429977655411, -0.13379593193531036, 0.0012887854827567935, 0.9307711124420166, -0.3656000792980194, 0.14424818754196167, 0.3616039454936981, 0.9211054444313049),
            ["Head"] = CFrame.new(-6.612390279769897e-08, -2.384185791015625e-07, -9.918585419654846e-08, 0.9264553189277649, 0.04194705933332443, 0.37406039237976074, 0.042708467692136765, 0.9756386876106262, -0.21518631279468536, -0.37397414445877075, 0.21533608436584473, 0.9020941257476807),
            ["LowerTorso"] = CFrame.new(-0.19304603338241577, -0.2047896385192871, 0.13836617767810822, 0.7991881966590881, 0.04266510531306267, -0.5995648503303528, 0.0248635932803154, 0.9942775368690491, 0.10389475524425507, 0.6005665063858032, -0.09793879836797714, 0.7935539484024048),
            ["UpperTorso"] = CFrame.new(-8.568167686462402e-08, -5.960464477539063e-08, 3.725290298461914e-08, 0.9620696902275085, -0.13629397749900818, 0.2363174855709076, 0.05851546302437782, 0.9491901993751526, 0.30921509861946106, -0.2664543092250824, -0.2836582362651825, 0.9211623668670654),
            ["HumanoidRootPart"] = CFrame.new(0, 0, 0, 1, 0, 0, 0, 1, 0, 0, 0, 1),
            ["RightUpperLeg"] = CFrame.new(1.1920928955078125e-07, -5.951151251792908e-07, 6.535992724820971e-08, 0.9926674365997314, -0.11138976365327835, 0.04694467782974243, 0.11968626081943512, 0.8513396382331848, -0.510779857635498, 0.016930166631937027, 0.5126530528068542, 0.858428955078125),
            ["LeftUpperArm"] = CFrame.new(-1.1920928955078125e-07, 2.384185791015625e-07, -8.940696716308594e-08, 0.9348555207252502, 0.34714818000793457, 0.07438618689775467, -0.33081790804862976, 0.9278165102005005, -0.1723836213350296, -0.12885940074920654, 0.13654552400112152, 0.9822172522544861),
            ["RightLowerArm"] = CFrame.new(1.7881393432617188e-07, 0, 7.82310962677002e-08, 1, -6.891786341611805e-08, 1.4901161193847656e-08, 7.264316082000732e-08, 0.7941274642944336, -0.6077513098716736, 2.2351741790771484e-08, 0.6077513098716736, 0.7941274046897888),
            ["LeftHand"] = CFrame.new(2.980232238769531e-07, -2.980232238769531e-07, 2.384185791015625e-07, 0.9381904006004333, 0.143947571516037, -0.31476661562919617, -0.11633387207984924, 0.9876524209976196, 0.10492496192455292, 0.3259837031364441, -0.061821453273296356, 0.9433518648147583),
            ["RightHand"] = CFrame.new(3.4691765904426575e-07, 1.1920928955078125e-07, -5.21540641784668e-08, 0.9461825489997864, 0.11674265563488007, -0.30184394121170044, -0.10742638260126114, 0.9930851459503174, 0.04734373837709427, 0.3052838444709778, -0.012369825504720211, 0.9521811008453369),
            ["RightUpperArm"] = CFrame.new(1.1920928955078125e-07, 1.1920928955078125e-07, -1.9371509552001953e-07, 0.90012526512146, -0.297435462474823, 0.31828734278678894, 0.2994420826435089, 0.9531069397926331, 0.04383597895503044, -0.3164002597332001, 0.0558508038520813, 0.9469802975654602),
            ["RightLowerLeg"] = CFrame.new(5.960464477539063e-08, -0.00012242794036865234, -0.00007748434290988371, 1, -1.1920926112907182e-07, -2.2351748896198842e-08, 1.0430814256778831e-07, 0.6236164569854736, 0.781730592250824, -1.1175872671742582e-08, -0.781730592250824, 0.6236163973808289),
            ["LeftUpperLeg"] = CFrame.new(-2.980232238769531e-07, -3.632158041000366e-07, -8.940696716308594e-08, 0.813539445400238, 0.4082683324813843, 0.41409018635749817, -0.014675394631922245, 0.72628253698349, -0.687239408493042, -0.5813245177268982, 0.5530195236206055, 0.5968512892723083),
            ["LeftLowerLeg"] = CFrame.new(6.891787052154541e-08, 0.00012290477752685547, 0.00007753819227218628, 1, 5.21540464148984e-08, 4.284084198502569e-08, -8.009374141693115e-08, 0.5232666730880737, 0.8521691560745239, 3.91155481338501e-08, -0.8521689772605896, 0.523266613483429),
        }},
        {Time = 0.067, Data = {
            ["RightFoot"] = CFrame.new(1.4901161193847656e-08, 2.384185791015625e-07, 1.1345400707796216e-07, 0.9329836368560791, 0.24316862225532532, -0.2653507590293884, -0.3483661413192749, 0.7954028844833374, -0.4959588050842285, 0.09045880287885666, 0.5551605820655823, 0.8268094658851624),
            ["LeftLowerArm"] = CFrame.new(5.960464477539063e-08, -2.384185791015625e-07, -9.685754776000977e-08, 1, -5.2154071283894154e-08, 2.2351738238057806e-08, 5.960464477539063e-08, 0.769608199596405, -0.6385165452957153, 2.60770320892334e-08, 0.6385165452957153, 0.7696080803871155),
            ["LeftFoot"] = CFrame.new(3.1868694350123405e-08, 0, 5.587935447692871e-09, 0.9929380416870117, 0.007100149057805538, -0.11842145770788193, -0.06609265506267548, 0.8620553612709045, -0.5024863481521606, 0.09851837903261185, 0.5067644715309143, 0.8564367294311523),
            ["Head"] = CFrame.new(-2.2351741790771484e-08, 2.384185791015625e-07, -5.4016709327697754e-08, 0.9678952097892761, 0.02354852296411991, 0.2502484619617462, 0.010967778041958809, 0.9906967282295227, -0.1356455534696579, -0.2511146366596222, 0.1340353786945343, 0.9586323499679565),
            ["LowerTorso"] = CFrame.new(-0.2483552098274231, -0.20960021018981934, 0.13077428936958313, 0.8500230312347412, 0.06650260090827942, -0.5225306749343872, -0.027823232114315033, 0.9962820410728455, 0.08153580129146576, 0.526010274887085, -0.05476882681250572, 0.8487129211425781),
            ["UpperTorso"] = CFrame.new(-8.940696716308594e-08, -2.086162567138672e-07, -2.2351741790771484e-08, 0.9458656311035156, -0.14944249391555786, 0.2881062626838684, 0.0707044005393982, 0.9612442255020142, 0.26647770404815674, -0.3167634904384613, -0.2316817045211792, 0.9197741746902466),
            ["HumanoidRootPart"] = CFrame.new(0, 0, 0, 1, 0, 0, 0, 1, 0, 0, 0, 1),
            ["RightUpperLeg"] = CFrame.new(1.7881393432617188e-07, -5.140900611877441e-07, -9.145878721028566e-09, 0.9734936356544495, -0.21943719685077667, 0.06447900831699371, 0.22456355392932892, 0.863591194152832, -0.45142173767089844, 0.043375302106142044, 0.45393577218055725, 0.8899779915809631),
            ["LeftUpperArm"] = CFrame.new(-2.384185791015625e-07, 4.76837158203125e-07, -1.4901161193847656e-08, 0.9264767169952393, 0.347400039434433, 0.14475497603416443, -0.3102268576622009, 0.9227030873298645, -0.2288631647825241, -0.2130729705095291, 0.16712957620620728, 0.9626357555389404),
            ["RightLowerArm"] = CFrame.new(0, -7.748603820800781e-07, -1.4901161193847656e-07, 1, -5.215405707303944e-08, 1.1175869119028903e-08, 4.470347647611561e-08, 0.8223137259483337, -0.5690343976020813, 1.862644971595273e-08, 0.5690343976020813, 0.822313666343689),
            ["LeftHand"] = CFrame.new(7.450580596923828e-08, 0, 5.960464477539063e-08, 0.9903502464294434, 0.12004294991493225, -0.06925438344478607, -0.11082778871059418, 0.9860357046127319, 0.12430117279291153, 0.08320874720811844, -0.11542626470327377, 0.9898248314857483),
            ["RightHand"] = CFrame.new(1.4901161193847656e-07, -5.960464477539063e-08, -5.960464477539063e-08, 0.9713584780693054, 0.06944733113050461, -0.22724413871765137, -0.06105727702379227, 0.9971749186515808, 0.04375309497117996, 0.2296406626701355, -0.028625071048736572, 0.972854495048523),
            ["RightUpperArm"] = CFrame.new(1.1920928955078125e-07, 7.152557373046875e-07, -9.685754776000977e-08, 0.8507171273231506, -0.27936556935310364, 0.4452362656593323, 0.3211946189403534, 0.9468097686767578, -0.019629595801234245, -0.41607019305229187, 0.1597067266702652, 0.8951980471611023),
            ["RightLowerLeg"] = CFrame.new(-2.9802322387695312e-08, -0.00012242794036865234, -0.00007740983710391447, 1, -1.341104507446289e-07, 3.725290298461914e-08, 1.1175869474300271e-07, 0.6285890936851501, 0.7777374386787415, -1.4901159417490817e-08, -0.7777376174926758, 0.628589391708374),
            ["LeftUpperLeg"] = CFrame.new(-1.7881393432617188e-07, -9.57399606704712e-07, 5.21540641784668e-08, 0.8395536541938782, 0.2183097004890442, 0.4974842369556427, 0.07056775689125061, 0.8641312122344971, -0.4982946813106537, -0.5386742949485779, 0.4534514844417572, 0.7100788354873657),
            ["LeftLowerLeg"] = CFrame.new(1.126900315284729e-07, 0.00012254714965820312, 0.00007734633982181549, 1, 5.960463766996327e-08, 5.122273449842396e-08, -7.63684582238966e-08, 0.5201196074485779, 0.8540934920310974, 4.8545196307259175e-08, -0.8540934324264526, 0.5201194286346436),
        }},
        {Time = 0.100, Data = {
            ["RightFoot"] = CFrame.new(-3.3527612686157227e-08, 3.5762786865234375e-07, 9.145878721028566e-09, 0.8959752321243286, 0.2674124538898468, -0.35456934571266174, -0.4236241579055786, 0.7542773485183716, -0.5016049146652222, 0.13330817222595215, 0.5996301174163818, 0.7890963554382324),
            ["LeftLowerArm"] = CFrame.new(5.960464477539063e-08, -8.344650268554688e-07, -1.9371509552001953e-07, 1, -1.0803343286625022e-07, 3.72529100900465e-08, 7.112976874168453e-08, 0.8021623492240906, -0.5971059799194336, 2.1420420992512845e-08, 0.5971060395240784, 0.8021624088287354),
            ["LeftFoot"] = CFrame.new(-1.1175870895385742e-08, -1.1920928955078125e-07, -4.470348358154297e-08, 0.9879053831100464, 0.04313072934746742, -0.14893803000450134, -0.12011390179395676, 0.8203123807907104, -0.5591602921485901, 0.09805900603532791, 0.5702870488166809, 0.8155717849731445),
            ["Head"] = CFrame.new(9.313225746154785e-09, -1.1920928955078125e-07, -1.30385160446167e-08, 0.9898401498794556, 0.008576379157602787, 0.14192646741867065, 0.0005163821042515337, 0.997955858707428, -0.06390634179115295, -0.14218439161777496, 0.06333038955926895, 0.9878122210502625),
            ["LowerTorso"] = CFrame.new(-0.30453935265541077, -0.2145826816558838, 0.1233048141002655, 0.8937475681304932, 0.09517500549554825, -0.43835729360580444, -0.0797543004155159, 0.9953775405883789, 0.05350622534751892, 0.4414234757423401, -0.012860175222158432, 0.8972067832946777),
            ["UpperTorso"] = CFrame.new(-8.940696716308594e-08, -2.980232238769531e-07, -7.450580596923828e-09, 0.9356833696365356, -0.16115021705627441, 0.31389063596725464, 0.08688647300004959, 0.9674490094184875, 0.2376827746629715, -0.34197577834129333, -0.19512298703193665, 0.9192277193069458),
            ["HumanoidRootPart"] = CFrame.new(0, 0, 0, 1, 0, 0, 0, 1, 0, 0, 0, 1),
            ["RightUpperLeg"] = CFrame.new(1.1920928955078125e-07, -7.976777851581573e-07, -5.420588422566652e-09, 0.9497491121292114, -0.3026149868965149, 0.08000579476356506, 0.3086700737476349, 0.8630368709564209, -0.39986252784729004, 0.05195647105574608, 0.4044644832611084, 0.913076639175415),
            ["LeftUpperArm"] = CFrame.new(-1.1920928955078125e-07, 2.384185791015625e-07, 7.450580596923828e-08, 0.9162278771400452, 0.34662166237831116, 0.20094774663448334, -0.28629183769226074, 0.9172678589820862, -0.27686959505081177, -0.28029191493988037, 0.1961459517478943, 0.9396612644195557),
            ["RightLowerArm"] = CFrame.new(-8.940696716308594e-08, 1.1920928955078125e-07, 0, 1, -5.21540641784668e-08, 7.450581485102248e-09, 4.0978189730367376e-08, 0.8450367450714111, -0.5347082018852234, 3.352760913344355e-08, 0.5347082614898682, 0.8450368046760559),
            ["LeftHand"] = CFrame.new(5.960464477539063e-08, 4.76837158203125e-07, 8.940696716308594e-08, 0.9762406349182129, 0.10267696529626846, 0.19081872701644897, -0.13063234090805054, 0.98146653175354, 0.14020943641662598, -0.17288587987422943, -0.1618051826953888, 0.9715603590011597),
            ["RightHand"] = CFrame.new(4.470348358154297e-07, -1.1920928955078125e-07, -5.960464477539063e-08, 0.988804817199707, 0.0179970134049654, -0.14812563359737396, -0.012455606833100319, 0.9991905093193054, 0.03825324773788452, 0.1486942321062088, -0.03598001226782799, 0.9882285594940186),
            ["RightUpperArm"] = CFrame.new(1.1920928955078125e-07, 7.152557373046875e-07, -2.9802322387695312e-08, 0.8024461269378662, -0.24374832212924957, 0.5446714162826538, 0.33412739634513855, 0.9397978782653809, -0.07168559730052948, -0.4944077432155609, 0.23951348662376404, 0.8355802297592163),
            ["RightLowerLeg"] = CFrame.new(5.960464477539063e-08, -0.00012248754501342773, -0.00007746944174868986, 1, -8.940692453052179e-08, -8.195640788244418e-08, 1.266598985694145e-07, 0.6067118048667908, 0.7949219346046448, -4.4703494239684005e-08, -0.794921875, 0.606711745262146),
            ["LeftUpperLeg"] = CFrame.new(-2.384185791015625e-07, -6.664777174592018e-07, 8.940696716308594e-08, 0.8370233774185181, 0.038042787462472916, 0.5458428859710693, 0.12875661253929138, 0.9558729529380798, -0.26406189799308777, -0.5318023562431335, 0.29130691289901733, 0.7951899170875549),
            ["LeftLowerLeg"] = CFrame.new(5.960464477539063e-08, 0.0001226663589477539, 0.00007741153240203857, 1, 8.754430069757291e-08, 4.284083843231201e-08, -6.33299421792799e-08, 0.6014458537101746, 0.7989137768745422, 2.3283067918100642e-08, -0.7989136576652527, 0.6014456748962402),
        }},
        {Time = 0.133, Data = {
            ["RightFoot"] = CFrame.new(3.3527612686157227e-08, 3.5762786865234375e-07, 4.639878170564771e-08, 0.8995870351791382, 0.24427056312561035, -0.362043172121048, -0.4126353859901428, 0.7469668984413147, -0.5213176012039185, 0.14309166371822357, 0.6183627247810364, 0.7727566361427307),
            ["LeftLowerArm"] = CFrame.new(4.76837158203125e-07, -6.556510925292969e-07, -1.7508864402770996e-07, 1, -2.980233304583635e-08, 3.725290653733282e-08, 1.30385160446167e-08, 0.8355438709259033, -0.54942387342453, 1.4901161193847656e-08, 0.54942387342453, 0.8355438709259033),
            ["LeftFoot"] = CFrame.new(8.381903171539307e-09, 0, -7.450580596923828e-09, 0.9765374064445496, 0.06551939249038696, -0.20513883233070374, -0.17023631930351257, 0.8182755708694458, -0.5490396618843079, 0.13188748061656952, 0.5710800290107727, 0.8102304935455322),
            ["Head"] = CFrame.new(-6.100162863731384e-08, 0, -5.3085386753082275e-08, 0.999760091304779, -0.0026161540299654007, 0.021750302985310555, 0.0021877672988921404, 0.9998036623001099, 0.019695887342095375, -0.021797576919198036, -0.019643569365143776, 0.9995694160461426),
            ["LowerTorso"] = CFrame.new(-0.3589736819267273, -0.219221830368042, 0.11559063196182251, 0.9260232448577881, 0.1261160522699356, -0.35577502846717834, -0.12677213549613953, 0.9916973114013672, 0.021572638303041458, 0.35554176568984985, 0.025125594809651375, 0.9343226552009583),
            ["UpperTorso"] = CFrame.new(-4.470348358154297e-08, -2.086162567138672e-07, 0, 0.9181219339370728, -0.1688658595085144, 0.35852012038230896, 0.10073821991682053, 0.9744029641151428, 0.20097459852695465, -0.3832807242870331, -0.14840248227119446, 0.9116318821907043),
            ["HumanoidRootPart"] = CFrame.new(0, 0, 0, 1, 0, 0, 0, 1, 0, 0, 0, 1),
            ["RightUpperLeg"] = CFrame.new(1.7881393432617188e-07, -3.380700945854187e-07, 4.6733475755900145e-08, 0.9393327236175537, -0.32074394822120667, 0.12156279385089874, 0.3416440784931183, 0.8433055877685547, -0.4148673713207245, 0.030551915988326073, 0.43122991919517517, 0.9017247557640076),
            ["LeftUpperArm"] = CFrame.new(-2.384185791015625e-07, 1.1920928955078125e-07, 2.2351741790771484e-08, 0.8927227854728699, 0.3608397841453552, 0.2698904275894165, -0.26410946249961853, 0.904289186000824, -0.3354211449623108, -0.3650922179222107, 0.22815747559070587, 0.9025806784629822),
            ["RightLowerArm"] = CFrame.new(-1.7881393432617188e-07, -4.76837158203125e-07, -4.470348358154297e-08, 1, -4.470347647611561e-08, 2.2351738238057806e-08, 5.215405707303944e-08, 0.8643171787261963, -0.5029472708702087, -2.607702853651972e-08, 0.502947211265564, 0.8643171191215515),
            ["LeftHand"] = CFrame.new(2.5331974029541016e-07, -3.5762786865234375e-07, 0, 0.9006676077842712, 0.08967547863721848, 0.42515432834625244, -0.16390790045261383, 0.976302981376648, 0.1413041204214096, -0.40240782499313354, -0.19695429503917694, 0.8940230011940002),
            ["RightHand"] = CFrame.new(2.980232238769531e-07, -4.76837158203125e-07, 1.1920928955078125e-07, 0.9969686269760132, -0.02842819318175316, -0.07242554426193237, 0.03139906004071236, 0.9986975193023682, 0.04021701589226723, 0.07118804007768631, -0.042369116097688675, 0.996562659740448),
            ["RightUpperArm"] = CFrame.new(1.1920928955078125e-07, 3.5762786865234375e-07, -8.754432201385498e-08, 0.7336606383323669, -0.18689781427383423, 0.6533079147338867, 0.35934361815452576, 0.9227088093757629, -0.1395728886127472, -0.5767270922660828, 0.33716118335723877, 0.7441157698631287),
            ["RightLowerLeg"] = CFrame.new(-3.073364496231079e-08, -0.00012230873107910156, -0.000077357683039736, 1, -1.7881389169360773e-07, -5.960468030252741e-08, 1.341104507446289e-07, 0.4890478551387787, 0.8722570538520813, -2.9802322387695312e-08, -0.8722569942474365, 0.4890478253364563),
            ["LeftUpperLeg"] = CFrame.new(0, 1.0838266462087631e-07, -1.862645149230957e-08, 0.8253251314163208, -0.06931068003177643, 0.5603877902030945, 0.16424095630645752, 0.9789950251579285, -0.12080486863851547, -0.5402438640594482, 0.1917419135570526, 0.8193727731704712),
            ["LeftLowerLeg"] = CFrame.new(1.4901161193847656e-07, 0.0001227259635925293, 0.00007736682891845703, 1, 5.21540641784668e-08, 4.4703490686970326e-08, -5.96046660916727e-08, 0.6578803658485413, 0.7531226277351379, 4.004688491932029e-08, -0.7531224489212036, 0.6578803062438965),
        }},
        {Time = 0.167, Data = {
            ["RightFoot"] = CFrame.new(2.2351741790771484e-08, 3.5762786865234375e-07, -3.55576048605144e-08, 0.9696560502052307, 0.11800709366798401, -0.2141067534685135, -0.21003156900405884, 0.8503187298774719, -0.48253926634788513, 0.12511563301086426, 0.5128668546676636, 0.8493022322654724),
            ["LeftLowerArm"] = CFrame.new(-5.960464477539063e-08, 1.1920928955078125e-07, -3.5762786865234375e-07, 1, -1.4901162970204496e-08, 2.2351748896198842e-08, 5.2154071283894154e-08, 0.8641167283058167, -0.5032915472984314, 1.4901162970204496e-08, 0.5032915472984314, 0.8641167283058167),
            ["LeftFoot"] = CFrame.new(9.313225746154785e-09, -5.960464477539063e-08, 7.450580596923828e-09, 0.9602183103561401, 0.09712690860033035, -0.26181522011756897, -0.2238176465034485, 0.8283460736274719, -0.51356440782547, 0.16699285805225372, 0.5517328381538391, 0.8171319365501404),
            ["Head"] = CFrame.new(-1.4901161193847656e-08, -4.76837158203125e-07, -5.029141902923584e-08, 0.99717777967453, -0.011238702572882175, -0.07423046976327896, 0.01814326085150242, 0.9955001473426819, 0.09300677478313446, 0.07285113632678986, -0.09409107267856598, 0.9928946495056152),
            ["LowerTorso"] = CFrame.new(-0.4090332090854645, -0.22299861907958984, 0.10726475715637207, 0.9458908438682556, 0.1556844860315323, -0.28469783067703247, -0.16560104489326477, 0.9861322045326233, -0.010941566899418831, 0.27904626727104187, 0.05749578773975372, 0.9585548639297485),
            ["UpperTorso"] = CFrame.new(-1.1548399925231934e-07, -1.7881393432617188e-07, -2.0489096641540527e-08, 0.9036670327186584, -0.1722102016210556, 0.39208367466926575, 0.11321956664323807, 0.9790775179862976, 0.16908210515975952, -0.41299787163734436, -0.10840239375829697, 0.9042575359344482),
            ["HumanoidRootPart"] = CFrame.new(0, 0, 0, 1, 0, 0, 0, 1, 0, 0, 0, 1),
            ["RightUpperLeg"] = CFrame.new(5.960464477539063e-08, -3.688037395477295e-07, -9.145878721028566e-09, 0.9588413238525391, -0.21281565725803375, 0.1879705935716629, 0.2823931872844696, 0.783797562122345, -0.553096354007721, -0.02962326444685459, 0.583413302898407, 0.8116351366043091),
            ["LeftUpperArm"] = CFrame.new(-1.1920928955078125e-07, -3.5762786865234375e-07, 2.9802322387695312e-08, 0.8496844172477722, 0.40426012873649597, 0.33854126930236816, -0.25890129804611206, 0.879170298576355, -0.40003713965415955, -0.459354430437088, 0.2522565722465515, 0.8516808152198792),
            ["RightLowerArm"] = CFrame.new(1.7881393432617188e-07, -3.5762786865234375e-07, 5.960464477539063e-08, 1, 0, 2.9802322387695312e-08, 1.3969838619232178e-08, 0.8703822493553162, -0.4923765957355499, 6.332993507385254e-08, 0.4923766255378723, 0.8703822493553162),
            ["LeftHand"] = CFrame.new(2.60770320892334e-07, 5.364418029785156e-07, 3.986060619354248e-07, 0.7941056489944458, 0.07674799859523773, 0.6029146313667297, -0.1944630742073059, 0.9719322919845581, 0.13240750133991241, -0.5758302211761475, -0.22239021956920624, 0.7867414355278015),
            ["RightHand"] = CFrame.new(-2.980232238769531e-07, -2.384185791015625e-07, 1.7881393432617188e-07, 0.9979695677757263, -0.0629098191857338, -0.009956956841051579, 0.06338357925415039, 0.9963007569313049, 0.058030180633068085, 0.006269484758377075, -0.058543406426906586, 0.998265266418457),
            ["RightUpperArm"] = CFrame.new(1.1920928955078125e-07, 0, -1.043081283569336e-07, 0.6560809016227722, -0.10682576149702072, 0.7470918297767639, 0.3955860137939453, 0.8917175531387329, -0.2198900729417801, -0.6427049040794373, 0.4398047924041748, 0.627297580242157),
            ["RightLowerLeg"] = CFrame.new(-2.60770320892334e-08, -0.00012254714965820312, -0.0000774172876845114, 1, -1.5646212148112681e-07, -9.685756907629184e-08, 1.8626448650138627e-07, 0.23170487582683563, 0.9727861285209656, -3.725289943190546e-08, -0.9727861285209656, 0.23170530796051025),
            ["LeftUpperLeg"] = CFrame.new(-2.980232238769531e-07, -2.4761538952589035e-07, -4.470348358154297e-08, 0.8176410794258118, -0.12832815945148468, 0.5612442493438721, 0.20062288641929626, 0.9772477746009827, -0.06882763653993607, -0.5396421551704407, 0.16887475550174713, 0.8247835040092468),
            ["LeftLowerLeg"] = CFrame.new(2.2351741790771484e-08, 0.00012242794036865234, 0.00007742643356323242, 1, 1.862645149230957e-08, 7.823110337312755e-08, -5.774199252073231e-08, 0.670941174030304, 0.7415106892585754, 6.146728281919422e-08, -0.7415106296539307, 0.6709410548210144),
        }},
        {Time = 0.183, Data = {
            ["HumanoidRootPart"] = CFrame.new(0, 0, 0, 1, 0, 0, 0, 1, 0, 0, 0, 1),
            ["UpperTorso"] = CFrame.new(0, 0, 0, 1, 0, 0, 0, 1, 0, 0, 0, 1),
            ["LowerTorso"] = CFrame.new(0, 0, 0, 1, 0, 0, 0, 1, 0, 0, 0, 1),
            ["Head"] = CFrame.new(0, 0, 0, 1, 0, 0, 0, 1, 0, 0, 0, 1),
        }},
        {Time = 0.200, Data = {
            ["RightFoot"] = CFrame.new(5.413312464952469e-09, 2.384185791015625e-07, 1.2696546036750078e-08, 0.99648517370224, -0.08255768567323685, -0.014197253622114658, 0.07860598713159561, 0.9801178574562073, -0.1821819245815277, 0.028955502435564995, 0.18042565882205963, 0.9831624031066895),
            ["LeftLowerArm"] = CFrame.new(0, -5.364418029785156e-07, -3.5762786865234375e-07, 1, -1.4901161193847656e-08, 0, 1.0430811414607888e-07, 0.8894551396369934, -0.4570225477218628, 2.9802318834981634e-08, 0.45702266693115234, 0.8894550800323486),
            ["LeftFoot"] = CFrame.new(-5.587935447692871e-08, 5.960464477539063e-08, 0, 0.9428898692131042, 0.12234009057283401, -0.3098256289958954, -0.26633480191230774, 0.8355057835578918, -0.4806205928325653, 0.20006166398525238, 0.5356893539428711, 0.820372998714447),
            ["Head"] = CFrame.new(-3.5390257835388184e-08, 1.1920928955078125e-07, -3.725290298461914e-08, 0.9929707050323486, -0.0207254346460104, -0.11653189361095428, 0.03749004378914833, 0.988929808139801, 0.14357027411460876, 0.11226629465818405, -0.14692988991737366, 0.9827553033828735),
            ["LowerTorso"] = CFrame.new(-0.45209336280822754, -0.22539663314819336, 0.09796029329299927, 0.9552507996559143, 0.17969274520874023, -0.23496058583259583, -0.19417233765125275, 0.9801589846611023, -0.0398186631500721, 0.2231435775756836, 0.08365964144468307, 0.971189022064209),
            ["UpperTorso"] = CFrame.new(-1.0989606380462646e-07, -5.364418029785156e-07, -2.2351741790771484e-08, 0.9029802083969116, -0.17327971756458282, 0.39319339394569397, 0.12444313615560532, 0.9813249707221985, 0.14668086171150208, -0.4112672805786133, -0.08351971209049225, 0.9076803922653198),
            ["HumanoidRootPart"] = CFrame.new(0, 0, 0, 1, 0, 0, 0, 1, 0, 0, 0, 1),
            ["RightUpperLeg"] = CFrame.new(5.960464477539063e-08, -6.407499313354492e-07, -3.5688572097569704e-08, 0.9806393980979919, -0.015249626711010933, 0.1952279657125473, 0.15870438516139984, 0.645920991897583, -0.7467257976531982, -0.11471454799175262, 0.7632520198822021, 0.6358354687690735),
            ["LeftUpperArm"] = CFrame.new(-2.384185791015625e-07, -1.1920928955078125e-07, 7.450580596923828e-09, 0.7640615105628967, 0.507408857345581, 0.3984297811985016, -0.2963886559009552, 0.8246312141418457, -0.4818061888217926, -0.5730303525924683, 0.25003954768180847, 0.7804591655731201),
            ["RightLowerArm"] = CFrame.new(2.980232238769531e-07, -5.960464477539062e-07, -2.086162567138672e-07, 1, -8.940695295223122e-08, -5.122274604474342e-09, 0, 0.8489927053451538, -0.5284045934677124, -1.4901157641133977e-08, 0.5284045934677124, 0.8489927649497986),
            ["LeftHand"] = CFrame.new(-3.129243850708008e-07, -2.384185791015625e-07, -2.0116567611694336e-07, 0.700744092464447, 0.057013705372810364, 0.7111309170722961, -0.2124578058719635, 0.9682509303092957, 0.13172662258148193, -0.6810429096221924, -0.24339193105697632, 0.6906090974807739),
            ["RightHand"] = CFrame.new(-5.960464477539063e-08, 5.960464477539063e-08, -3.2689422369003296e-07, 0.9963083267211914, -0.08065282553434372, 0.029410388320684433, 0.077363021671772, 0.9920097589492798, 0.09965823590755463, -0.03721313178539276, -0.09701512008905411, 0.9945870041847229),
            ["RightUpperArm"] = CFrame.new(1.1920928955078125e-07, 5.960464477539062e-07, -1.2665987014770508e-07, 0.5751610398292542, 0.021915242075920105, 0.8177466988563538, 0.43816056847572327, 0.8359014987945557, -0.3305814862251282, -0.6908003687858582, 0.5484418869018555, 0.47117558121681213),
            ["RightLowerLeg"] = CFrame.new(-1.4842953532934189e-08, -0.00012201070785522461, -0.00007745826587779447, 1, -1.322477629628338e-07, -1.6018755388813588e-07, 1.4528632164001465e-07, -0.0027500255964696407, 0.9999963045120239, -1.471489667892456e-07, -0.9999962449073792, -0.0027496987022459507),
            ["LeftUpperLeg"] = CFrame.new(-2.980232238769531e-07, -6.889458745718002e-07, 3.073364496231079e-08, 0.8124344348907471, -0.1848859190940857, 0.552962601184845, 0.22830910980701447, 0.9735380411148071, -0.009933159686625004, -0.5364934802055359, 0.13431648910045624, 0.8331469893455505),
            ["LeftLowerLeg"] = CFrame.new(1.3783574104309082e-07, 0.00012254714965820312, 0.00007747113704681396, 1, 3.725290298461914e-08, 1.1175868230850483e-08, -4.8428763221863846e-08, 0.6990677714347839, 0.7150551676750183, 3.166496043149891e-08, -0.7150554656982422, 0.6990680694580078),
        }},
        {Time = 0.217, Data = {
            ["HumanoidRootPart"] = CFrame.new(0, 0, 0, 1, 0, 0, 0, 1, 0, 0, 0, 1),
            ["UpperTorso"] = CFrame.new(0, 0, 0, 1, 0, 0, 0, 1, 0, 0, 0, 1),
            ["LowerTorso"] = CFrame.new(0, 0, 0, 1, 0, 0, 0, 1, 0, 0, 0, 1),
            ["Head"] = CFrame.new(0, 0, 0, 1, 0, 0, 0, 1, 0, 0, 0, 1),
        }},
        {Time = 0.233, Data = {
            ["RightFoot"] = CFrame.new(4.6566128730773926e-09, 3.5762786865234375e-07, 5.3383701015263796e-08, 0.9756219387054443, -0.18652525544166565, 0.11562950909137726, 0.16232021152973175, 0.967917799949646, 0.19180011749267578, -0.14769534766674042, -0.1683555245399475, 0.97459876537323),
            ["LeftLowerArm"] = CFrame.new(-5.364418029785156e-07, -2.384185791015625e-07, -8.344650268554688e-07, 1, -4.4703494239684005e-08, 0, 2.2351741790771484e-08, 0.9103889465332031, -0.4137536585330963, 4.470348358154297e-08, 0.4137536585330963, 0.9103889465332031),
            ["LeftFoot"] = CFrame.new(-7.450580596923828e-09, 0, 0, 0.9280247092247009, 0.12562289834022522, -0.35069745779037476, -0.28785479068756104, 0.839387059211731, -0.46105241775512695, 0.23645247519016266, 0.5288179516792297, 0.8151331543922424),
            ["Head"] = CFrame.new(2.0489096641540527e-08, 2.384185791015625e-07, -3.5390257835388184e-08, 0.9922756552696228, -0.03545202314853668, -0.11887922883033752, 0.05701740086078644, 0.9814126491546631, 0.1832442283630371, 0.11017316579818726, -0.18860696256160736, 0.9758532047271729),
            ["LowerTorso"] = CFrame.new(-0.48552918434143066, -0.22590017318725586, 0.08731018006801605, 0.9570483565330505, 0.1938932090997696, -0.2155548632144928, -0.21132302284240723, 0.9755255579948425, -0.06076693534851074, 0.1984969526529312, 0.10370859503746033, 0.9745991826057434),
            ["UpperTorso"] = CFrame.new(-1.2852251529693604e-07, -1.4901161193847656e-07, -7.450580596923828e-09, 0.9085241556167603, -0.16739356517791748, 0.3828360438346863, 0.12686212360858917, 0.9835003018379211, 0.12896983325481415, -0.39810803532600403, -0.06860481202602386, 0.9147696495056152),
            ["HumanoidRootPart"] = CFrame.new(0, 0, 0, 1, 0, 0, 0, 1, 0, 0, 0, 1),
            ["RightUpperLeg"] = CFrame.new(5.960464477539063e-08, -7.473863661289215e-08, -2.975866664201021e-09, 0.9796670079231262, 0.13834866881370544, 0.1453007310628891, 0.06321445107460022, 0.47448140382766724, -0.8779928684234619, -0.19041180610656738, 0.8693256974220276, 0.4560881555080414),
            ["LeftUpperArm"] = CFrame.new(-1.1920928955078125e-07, 3.5762786865234375e-07, -1.30385160446167e-08, 0.6339800953865051, 0.6459766030311584, 0.42518648505210876, -0.3468780815601349, 0.728919267654419, -0.5902138352394104, -0.6911908388137817, 0.22669602930545807, 0.6861953735351562),
            ["RightLowerArm"] = CFrame.new(5.960464477539063e-08, -5.960464477539063e-08, 0, 1, -5.960463056453591e-08, 2.980232594040899e-08, 4.470347647611561e-08, 0.7945483326911926, -0.6072009801864624, 5.215405707303944e-08, 0.6072009801864624, 0.7945483922958374),
            ["LeftHand"] = CFrame.new(-1.7881393432617188e-07, 5.960464477539063e-08, 5.066394805908203e-07, 0.6633438467979431, 0.02195972390472889, 0.7479925155639648, -0.21318219602108002, 0.9636951088905334, 0.16076458990573883, -0.7173063158988953, -0.2661008834838867, 0.6439425945281982),
            ["RightHand"] = CFrame.new(3.674431354738772e-07, -4.76837158203125e-07, 2.7153873816132545e-07, 0.9962477087974548, -0.07773566991090775, 0.03805121034383774, 0.0700138732790947, 0.9823083281517029, 0.17369051277637482, -0.05087997764348984, -0.17037461698055267, 0.9840649962425232),
            ["RightUpperArm"] = CFrame.new(2.384185791015625e-07, 8.344650268554688e-07, -1.1362135410308838e-07, 0.5080331563949585, 0.16382551193237305, 0.8456143140792847, 0.5023403167724609, 0.7411392331123352, -0.4453839361667633, -0.6996831297874451, 0.6510559320449829, 0.29422715306282043),
            ["RightLowerLeg"] = CFrame.new(-4.190951585769653e-08, -0.00012230873107910156, -0.00007725942850811407, 1, -1.466832344476643e-07, -1.7881401959130017e-07, 1.3597309589385986e-07, -0.09626435488462448, 0.9953558444976807, -1.6577541828155518e-07, -0.9953558444976807, -0.09626422077417374),
            ["LeftUpperLeg"] = CFrame.new(5.960464477539063e-08, -2.0558945834636688e-07, -1.1175870895385742e-08, 0.7981091141700745, -0.22625736892223358, 0.5584169030189514, 0.23712849617004395, 0.9699709415435791, 0.05409685894846916, -0.5538880825042725, 0.08924137055873871, 0.8277946710586548),
            ["LeftLowerLeg"] = CFrame.new(-7.450580596923828e-08, 0.00012254714965820312, 0.00007743388414382935, 1, 8.195639367158947e-08, -6.332993507385254e-08, -7.823108916227284e-08, 0.7355806827545166, 0.6774370074272156, 5.681066994611683e-08, -0.6774371266365051, 0.7355808019638062),
        }},
        {Time = 0.250, Data = {
            ["HumanoidRootPart"] = CFrame.new(0, 0, 0, 1, 0, 0, 0, 1, 0, 0, 0, 1),
            ["UpperTorso"] = CFrame.new(0, 0, 0, 1, 0, 0, 0, 1, 0, 0, 0, 1),
            ["LowerTorso"] = CFrame.new(0, 0, 0, 1, 0, 0, 0, 1, 0, 0, 0, 1),
            ["Head"] = CFrame.new(0, 0, 0, 1, 0, 0, 0, 1, 0, 0, 0, 1),
        }},
        {Time = 0.267, Data = {
            ["RightFoot"] = CFrame.new(3.166496753692627e-08, 4.172325134277344e-07, 3.4291588235646486e-08, 0.955805242061615, -0.14887113869190216, 0.25352293252944946, 0.07558919489383698, 0.957767128944397, 0.27743175625801086, -0.2841174602508545, -0.24600756168365479, 0.9266918301582336),
            ["LeftLowerArm"] = CFrame.new(-5.960464477539063e-08, 1.1920928955078125e-07, -8.046627044677734e-07, 1, -5.215407838932151e-08, 4.842878098543224e-08, 1.862645326866641e-08, 0.9256392121315002, -0.3784075081348419, -1.4901162970204496e-08, 0.37840744853019714, 0.9256392121315002),
            ["LeftFoot"] = CFrame.new(-8.195638656616211e-08, 0, 0, 0.9306026697158813, 0.07832743972539902, -0.3575519323348999, -0.2572387754917145, 0.8348814249038696, -0.48662275075912476, 0.2603977620601654, 0.5448283553123474, 0.7970916032791138),
            ["Head"] = CFrame.new(-3.725290298461914e-08, 2.384185791015625e-07, -7.82310962677002e-08, 0.9929074048995972, -0.05223262682557106, -0.10680187493562698, 0.0767299011349678, 0.9677203297615051, 0.2400623857975006, 0.0908152312040329, -0.2465546429157257, 0.9648644328117371),
            ["LowerTorso"] = CFrame.new(-0.4918420612812042, -0.22106218338012695, 0.07286779582500458, 0.9435861706733704, 0.17810069024562836, -0.2791513204574585, -0.20151464641094208, 0.9778075218200684, -0.05731022730469704, 0.26274925470352173, 0.11033020168542862, 0.9585354328155518),
            ["UpperTorso"] = CFrame.new(-6.891787052154541e-08, 0, -7.450580596923828e-09, 0.887383759021759, -0.12999646365642548, 0.44232457876205444, 0.10143362730741501, 0.9909653663635254, 0.08774422854185104, -0.44973474740982056, -0.03299621865153313, 0.8925524950027466),
            ["HumanoidRootPart"] = CFrame.new(0, 0, 0, 1, 0, 0, 0, 1, 0, 0, 0, 1),
            ["RightUpperLeg"] = CFrame.new(1.7881393432617188e-07, -6.682239472866058e-08, -4.2207830119878054e-08, 0.9734662175178528, 0.21261833608150482, 0.084600068628788, 0.005219680722802877, 0.3489769399166107, -0.9371169209480286, -0.22877168655395508, 0.9126930236816406, 0.3386070728302002),
            ["LeftUpperArm"] = CFrame.new(0, 0, -1.4901161193847656e-08, 0.5004463791847229, 0.781288206577301, 0.37301766872406006, -0.41791555285453796, 0.595330536365509, -0.6862421035766602, -0.7582215666770935, 0.1875375211238861, 0.624443531036377),
            ["RightLowerArm"] = CFrame.new(0, -5.364418029785156e-07, 1.862645149230957e-08, 1, -6.426127185932273e-08, 5.960464477539063e-08, 1.0430814256778831e-07, 0.7385488748550415, -0.6741999387741089, 1.1175872671742582e-08, 0.6742000579833984, 0.7385488748550415),
