return {
    ["Partyboy"] = {
        {Time = 0.000, Data = {
            ["LeftFoot"] = CFrame.new(-3.073364496231079e-08, 0, 2.421438694000244e-08, 0.9869385361671448, -0.08965781331062317, -0.13384303450584412, 0.05086662992835045, 0.9617491960525513, -0.2691672742366791, 0.1528565138578415, 0.258843332529068, 0.9537479281425476),
            ["LeftLowerArm"] = CFrame.new(2.384185791015625e-07, 2.980232238769531e-07, 0.000004425644874572754, 1, 1.49011640360186e-07, 0, -5.960464477539063e-08, 0.2780842185020447, -0.9605567455291748, -1.7881393432617188e-07, 0.9605567455291748, 0.2780840992927551),
            ["LowerTorso"] = CFrame.new(-0.05115896835923195, -0.05309188365936279, -0.06385688483715057, 0.9992771744728088, -0.024978991597890854, 0.028658833354711533, 0.029262317344546318, 0.9866212010383606, -0.16038192808628082, -0.024269238114356995, 0.16110461950302124, 0.9866389036178589),
            ["Head"] = CFrame.new(-9.313225746154785e-09, 2.384185791015625e-07, -7.543712854385376e-08, 0.9866350293159485, -0.06224934756755829, 0.1505870521068573, 0.10227695852518082, 0.9560127258300781, -0.27491721510887146, -0.1268496811389923, 0.28664395213127136, 0.9496020078659058),
            ["RightUpperArm"] = CFrame.new(1.1920928955078125e-07, 1.1920928955078125e-07, -2.2351741790771484e-08, 0.8429096937179565, -0.535881519317627, -0.04831991344690323, 0.44882655143737793, 0.749812662601471, -0.4861440360546112, 0.2967459261417389, 0.3880877196788788, 0.8725418448448181),
            ["UpperTorso"] = CFrame.new(-4.8535184760112315e-09, -1.4901161193847656e-07, -3.0617229640483856e-08, 0.9967024922370911, -0.031929824501276016, -0.07459770888090134, 0.024037983268499374, 0.994245707988739, -0.10439185798168182, 0.07750167697668076, 0.10225474089384079, 0.9917346835136414),
            ["HumanoidRootPart"] = CFrame.new(0, 0, 0, 1, 0, 0, 0, 1, 0, 0, 0, 1),
            ["RightHand"] = CFrame.new(1.341104507446289e-07, -1.1920928955078125e-07, -1.6391277313232422e-07, 0.6934975385665894, -0.5941377878189087, 0.4075067639350891, 0.6842437982559204, 0.7202292084693909, -0.1143692284822464, -0.2255474030971527, 0.3581484258174896, 0.9060121178627014),
            ["LeftUpperArm"] = CFrame.new(-5.960464477539063e-08, 0, 7.078051567077637e-08, 0.7305965423583984, 0.6754689812660217, 0.09985457360744476, -0.5915845036506653, 0.6992075443267822, -0.4014185965061188, -0.34096425771713257, 0.23420196771621704, 0.9104351997375488),
            ["RightLowerArm"] = CFrame.new(-8.940696716308594e-08, -0.0000011324882507324219, -0.000004410743713378906, 1, -0.000007778408871672582, 0.000018566839571576566, 0.0000200420636247145, 0.30659353733062744, -0.9518405199050903, 0.0000016540291198907653, 0.9518406391143799, 0.30659356713294983),
            ["LeftHand"] = CFrame.new(1.9371509552001953e-07, -2.384185791015625e-07, -1.043081283569336e-07, 0.7215956449508667, 0.6263644695281982, -0.2949024438858032, -0.6829147934913635, 0.7139472961425781, -0.1546177864074707, 0.11369802057743073, 0.31296461820602417, 0.9429348111152649),
            ["RightUpperLeg"] = CFrame.new(0, 1.8533319234848022e-07, -1.845910446718335e-08, 0.9361875057220459, -0.23485948145389557, -0.26152241230010986, 0.22256125509738922, 0.9719415307044983, -0.07613346725702286, 0.2720651626586914, 0.013070379383862019, 0.9621901512145996),
            ["LeftUpperLeg"] = CFrame.new(-2.9802322387695312e-08, 5.3085386753082275e-08, -8.381903171539307e-09, 0.9227825999259949, 0.20496268570423126, 0.3262861669063568, -0.1743449717760086, 0.9772463440895081, -0.12080376595258713, -0.3436221778392792, 0.054589319974184036, 0.9375201463699341),
            ["RightLowerLeg"] = CFrame.new(5.21540641784668e-08, -0.0007261037826538086, 0.00004598667874233797, 1, 2.9802340151263707e-08, -7.450582373280668e-09, -4.0978196835794733e-08, 0.8744378685951233, 0.4851377308368683, 0, -0.4851377010345459, 0.8744378089904785),
            ["RightFoot"] = CFrame.new(-2.9802322387695312e-08, -1.1920928955078125e-07, 1.287116901949048e-08, 0.9824390411376953, 0.11135292798280716, -0.14971360564231873, -0.11981262266635895, 0.9916014075279236, -0.048698704689741135, 0.14303334057331085, 0.06578096747398376, 0.987529456615448),
            ["LeftLowerLeg"] = CFrame.new(-1.4901161193847656e-08, -0.0007266998291015625, 0.00008106231689453125, 1, 3.166496753692627e-08, 3.9115551686563776e-08, -3.7252888773764425e-08, 0.8643633723258972, 0.5028679370880127, 1.8626444830971423e-09, -0.5028678178787231, 0.8643633127212524),
        }},
        {Time = 0.025, Data = {
            ["LeftFoot"] = CFrame.new(1.955777406692505e-08, -1.1920928955078125e-07, 2.2351741790771484e-08, 0.9857946634292603, -0.0871235653758049, -0.14359121024608612, 0.043113600462675095, 0.9575554132461548, -0.2850070595741272, 0.16232746839523315, 0.2747677266597748, 0.9477092027664185),
            ["LeftLowerArm"] = CFrame.new(4.172325134277344e-07, 3.5762786865234375e-07, 0.0000040084123611450195, 1, 1.6391277313232422e-07, 9.872017869838601e-08, 1.4901162970204496e-08, 0.5089853405952454, -0.8607751727104187, -1.9371512394172896e-07, 0.8607752323150635, 0.5089853405952454),
            ["LowerTorso"] = CFrame.new(-0.05701759085059166, -0.05613577365875244, -0.07313363254070282, 0.9981339573860168, -0.03136024996638298, 0.05239545553922653, 0.039923615753650665, 0.9844006896018982, -0.17135189473628998, -0.04620448499917984, 0.17312397062778473, 0.9838156700134277),
            ["Head"] = CFrame.new(-3.818422555923462e-08, -3.5762786865234375e-07, 1.7695128917694092e-08, 0.9884885549545288, -0.07162432372570038, 0.13326823711395264, 0.10824717581272125, 0.95020592212677, -0.29221808910369873, -0.10570228844881058, 0.30328020453453064, 0.9470207691192627),
            ["RightUpperArm"] = CFrame.new(-5.960464477539063e-08, 0, -6.82193785905838e-08, 0.8345242738723755, -0.5509606003761292, 0.003418471897020936, 0.471973717212677, 0.7116566300392151, -0.5203701853752136, 0.2842710018157959, 0.43587541580200195, 0.8539339900016785),
            ["UpperTorso"] = CFrame.new(7.450580596923828e-09, 2.980232238769531e-07, -3.4458935260772705e-08, 0.9975122213363647, -0.0407598577439785, -0.05751659721136093, 0.034464817494153976, 0.9937167167663574, -0.10648638755083084, 0.0614955797791481, 0.10423900932073593, 0.9926493167877197),
            ["HumanoidRootPart"] = CFrame.new(0, 0, 0, 1, 0, 0, 0, 1, 0, 0, 0, 1),
            ["RightHand"] = CFrame.new(-1.043081283569336e-07, 1.1920928955078125e-07, -7.450580596923828e-09, 0.6641535758972168, -0.5967483520507812, 0.45032399892807007, 0.665772557258606, 0.7461234331130981, 0.006823264062404633, -0.34006911516189575, 0.29528188705444336, 0.8928391933441162),
            ["LeftUpperArm"] = CFrame.new(1.1920928955078125e-07, -4.76837158203125e-07, -6.752088665962219e-09, 0.7205976843833923, 0.6921005845069885, 0.04166768118739128, -0.609717845916748, 0.6611436009407043, -0.43718722462654114, -0.3301260769367218, 0.28963059186935425, 0.8984048962593079),
            ["RightLowerArm"] = CFrame.new(-2.980232238769531e-07, -4.76837158203125e-07, -0.000003866851329803467, 1, -0.000011801722394011449, 0.0000162273663590895, 0.00002005696478590835, 0.520378589630127, -0.8539357781410217, 0.000001668930281084613, 0.853935718536377, 0.520378589630127),
            ["LeftHand"] = CFrame.new(7.450580596923828e-08, -2.384185791015625e-07, -3.725290298461914e-09, 0.7478978633880615, 0.5745173692703247, -0.33253389596939087, -0.6394922733306885, 0.757931649684906, -0.1287994384765625, 0.1780404895544052, 0.30898159742355347, 0.9342548251152039),
            ["RightUpperLeg"] = CFrame.new(-2.9802322387695312e-08, 2.989545464515686e-07, -5.012407200410962e-08, 0.9289583563804626, -0.222250834107399, -0.29604241251945496, 0.2255917191505432, 0.9739435315132141, -0.02328922227025032, 0.29350459575653076, -0.04515012726187706, 0.9548909068107605),
            ["LeftUpperLeg"] = CFrame.new(0, 2.0489096641540527e-07, -3.166496753692627e-08, 0.9261668920516968, 0.21627843379974365, 0.30893123149871826, -0.1836514174938202, 0.974166989326477, -0.13141915202140808, -0.32937371730804443, 0.06498035788536072, 0.9419609904289246),
            ["RightLowerLeg"] = CFrame.new(-7.450580596923828e-09, -0.0007261037826538086, 0.000046031382225919515, 1, 4.470350489782504e-08, -5.215408194203519e-08, -3.725290653733282e-08, 0.899812638759613, 0.43627646565437317, -3.3527616238870905e-08, -0.43627646565437317, 0.8998127579689026),
            ["RightFoot"] = CFrame.new(3.91155481338501e-08, 0, 1.6596459317952394e-08, 0.9819810390472412, 0.12522567808628082, -0.1415342092514038, -0.13390566408634186, 0.9895473718643188, -0.05352838709950447, 0.13335150480270386, 0.07151608914136887, 0.9884850978851318),
            ["LeftLowerLeg"] = CFrame.new(1.1920928955078125e-07, -0.0007266998291015625, 0.00008092820644378662, 1, 2.607702853651972e-08, 8.381902460996571e-08, -5.960463056453591e-08, 0.8458725810050964, 0.5333849191665649, -2.607702498380604e-08, -0.5333849787712097, 0.8458726406097412),
        }},
        {Time = 0.050, Data = {
            ["LeftFoot"] = CFrame.new(-2.60770320892334e-08, 0, -3.725290298461914e-09, 0.9863918423652649, -0.08284430205821991, -0.14201435446739197, 0.03557966277003288, 0.9508628845214844, -0.30756109952926636, 0.1605158895254135, 0.2983229160308838, 0.9408709406852722),
            ["LeftLowerArm"] = CFrame.new(-1.4901161193847656e-07, 0, 0.000004403293132781982, 1, 2.048909948371147e-07, 1.043081283569336e-07, 7.450581307466564e-08, 0.6910936832427979, -0.7227652072906494, -1.8626454334480513e-07, 0.7227652668952942, 0.6910936832427979),
            ["LowerTorso"] = CFrame.new(-0.06602711230516434, -0.06624388694763184, -0.08048959821462631, 0.9968953728675842, -0.031591374427080154, 0.0721224844455719, 0.04426991567015648, 0.9823743104934692, -0.18160656094551086, -0.06511407345533371, 0.1842355877161026, 0.980722963809967),
            ["Head"] = CFrame.new(-1.862645149230957e-09, 1.1920928955078125e-07, 8.847564458847046e-08, 0.9906447529792786, -0.07869360595941544, 0.11149188131093979, 0.10949838906526566, 0.9459546804428101, -0.3052539527416229, -0.08144474774599075, 0.3146061599254608, 0.9457217454910278),
            ["RightUpperArm"] = CFrame.new(-5.960464477539063e-08, 1.1920928955078125e-07, 5.4016709327697754e-08, 0.8235734105110168, -0.5651235580444336, 0.04860498756170273, 0.4954041540622711, 0.6749367117881775, -0.5468412041664124, 0.2762274444103241, 0.4744427502155304, 0.8358243703842163),
            ["UpperTorso"] = CFrame.new(1.7316779121756554e-08, -1.1920928955078125e-07, -9.313225746154785e-09, 0.9981006979942322, -0.049467507749795914, -0.03671703860163689, 0.045365843921899796, 0.9934172630310059, -0.1051868423819542, 0.041678670793771744, 0.10332153737545013, 0.9937744736671448),
            ["HumanoidRootPart"] = CFrame.new(0, 0, 0, 1, 0, 0, 0, 1, 0, 0, 0, 1),
            ["RightHand"] = CFrame.new(-4.172325134277344e-07, -2.384185791015625e-07, -4.89410012960434e-07, 0.6207332611083984, -0.6154783368110657, 0.4856713116168976, 0.6411904096603394, 0.7550007700920105, 0.1372913271188736, -0.4511820375919342, 0.22618643939495087, 0.863292932510376),
            ["LeftUpperArm"] = CFrame.new(1.1920928955078125e-07, 1.1920928955078125e-07, 1.862645149230957e-08, 0.7110247015953064, 0.7029479742050171, -0.017562158405780792, -0.6281995177268982, 0.6237999200820923, -0.4650147557258606, -0.3159257769584656, 0.3416692018508911, 0.8851286768913269),
            ["RightLowerArm"] = CFrame.new(3.8743019104003906e-07, -1.1920928955078125e-07, -0.000004861503839492798, 1, -0.000015586618246743456, 0.000012672740922425874, 0.000020131474229856394, 0.7198540568351746, -0.6941254734992981, 0.0000016242269111899077, 0.6941255331039429, 0.7198540568351746),
            ["LeftHand"] = CFrame.new(4.172325134277344e-07, -3.5762786865234375e-07, -4.917383193969727e-07, 0.7610608339309692, 0.5320225358009338, -0.3711308538913727, -0.6016374826431274, 0.7928317785263062, -0.09721206873655319, 0.24252566695213318, 0.29727068543434143, 0.9234780669212341),
            ["RightUpperLeg"] = CFrame.new(0, -2.3189932107925415e-07, -4.8261426854878664e-08, 0.9165903925895691, -0.21914823353290558, -0.33441925048828125, 0.23887141048908234, 0.9708753228187561, 0.01848464459180832, 0.32062849402427673, -0.09682603925466537, 0.9422430992126465),
            ["LeftUpperLeg"] = CFrame.new(5.960464477539063e-08, -6.984919309616089e-08, -7.450580596923828e-09, 0.9332411289215088, 0.21913869678974152, 0.2846739888191223, -0.18384860455989838, 0.9721095561981201, -0.1456112116575241, -0.30864331126213074, 0.0835534930229187, 0.947501003742218),
            ["RightLowerLeg"] = CFrame.new(-1.862645149230957e-08, -0.0007264614105224609, 0.00004606118454830721, 1, 1.4901168299275014e-08, 6.705524668859653e-08, -6.332993507385254e-08, 0.9173778891563416, 0.3980172276496887, -2.9802322387695312e-08, -0.39801734685897827, 0.9173780679702759),
            ["RightFoot"] = CFrame.new(6.51925802230835e-08, -5.960464477539063e-08, -5.75528247281909e-09, 0.9808973073959351, 0.15369196236133575, -0.11924487352371216, -0.16500329971313477, 0.9820318222045898, -0.09158362448215485, 0.10302674770355225, 0.10950980335474014, 0.9886319637298584),
            ["LeftLowerLeg"] = CFrame.new(5.960464477539063e-08, -0.0007265210151672363, 0.00008094310760498047, 1, 5.21540641784668e-08, 5.774201383701438e-08, -5.215405707303944e-08, 0.8183083534240723, 0.5747793316841125, 0, -0.5747794508934021, 0.818308413028717),
        }},
        {Time = 0.075, Data = {
            ["LeftFoot"] = CFrame.new(5.587935447692871e-09, 5.960464477539063e-08, -2.2351741790771484e-08, 0.9888620972633362, -0.0763903334736824, -0.1277354657649994, 0.029081430286169052, 0.940863311290741, -0.33753615617752075, 0.14596612751483917, 0.3300619125366211, 0.932605504989624),
            ["LeftLowerArm"] = CFrame.new(0, -1.1920928955078125e-07, 0.000004306435585021973, 1, 1.5459953317531472e-07, 8.195638656616211e-08, 2.980232594040899e-08, 0.7813826203346252, -0.6240522265434265, -2.1606686573250045e-07, 0.6240522265434265, 0.78138267993927),
            ["LowerTorso"] = CFrame.new(-0.07819586992263794, -0.08483803272247314, -0.08506214618682861, 0.9957990050315857, -0.02644989639520645, 0.08766298741102219, 0.042774662375450134, 0.9808622598648071, -0.18994629383087158, -0.08096125721931458, 0.19289809465408325, 0.9778730273246765),
            ["Head"] = CFrame.new(-2.7939677238464355e-08, 2.384185791015625e-07, 6.705522537231445e-08, 0.9926728010177612, -0.08370200544595718, 0.08714816719293594, 0.10705013573169708, 0.9437080025672913, -0.3129783868789673, -0.0560455247759819, 0.3200145661830902, 0.9457536339759827),
            ["RightUpperArm"] = CFrame.new(-5.960464477539063e-08, 3.5762786865234375e-07, 8.568167686462402e-08, 0.8109529614448547, -0.5793694257736206, 0.0817704051733017, 0.5163896679878235, 0.6429690718650818, -0.5656253099441528, 0.2751307785511017, 0.5009211301803589, 0.8205984234809875),
            ["UpperTorso"] = CFrame.new(-3.026798367500305e-09, -1.1920928955078125e-07, 5.494803190231323e-08, 0.9982672929763794, -0.05712215229868889, -0.01412492897361517, 0.05540720373392105, 0.9933216571807861, -0.10120431333780289, 0.019811587408185005, 0.1002461388707161, 0.9947654604911804),
            ["HumanoidRootPart"] = CFrame.new(0, 0, 0, 1, 0, 0, 0, 1, 0, 0, 0, 1),
            ["RightHand"] = CFrame.new(-1.4901161193847656e-07, -5.960464477539063e-08, 6.48200511932373e-07, 0.5925496220588684, -0.6348191499710083, 0.49587249755859375, 0.5988866686820984, 0.758863091468811, 0.2558535933494568, -0.538720428943634, 0.14536620676517487, 0.8298490047454834),
            ["LeftUpperArm"] = CFrame.new(5.960464477539063e-08, 2.384185791015625e-07, -4.470348358154297e-08, 0.7051406502723694, 0.7059659957885742, -0.06624924391508102, -0.6420406699180603, 0.5960392951965332, -0.48220351338386536, -0.3009326457977295, 0.38255608081817627, 0.8735507130622864),
            ["RightLowerArm"] = CFrame.new(1.1920928955078125e-07, -7.748603820800781e-07, -0.000004191882908344269, 1, -0.000017438082068110816, 0.000010028482392954174, 0.000020027162463520654, 0.8233166933059692, -0.5675821900367737, 0.0000016540291198907653, 0.5675823092460632, 0.8233168125152588),
            ["LeftHand"] = CFrame.new(2.384185791015625e-07, 5.960464477539063e-08, -1.564621925354004e-07, 0.7749419808387756, 0.4885251522064209, -0.40100887417793274, -0.5571497082710266, 0.827582836151123, -0.06848609447479248, 0.298411101102829, 0.2764955759048462, 0.9135105013847351),
            ["RightUpperLeg"] = CFrame.new(-2.9802322387695312e-08, 4.7497451305389404e-08, 3.9282895158976316e-08, 0.9039868116378784, -0.22929534316062927, -0.360876202583313, 0.2585754990577698, 0.9653806090354919, 0.03433714434504509, 0.3405095934867859, -0.12435410916805267, 0.9319814443588257),
            ["LeftUpperLeg"] = CFrame.new(1.1920928955078125e-07, 1.4901161193847656e-07, 2.9802322387695312e-08, 0.9440568685531616, 0.21208219230175018, 0.25254276394844055, -0.1735151708126068, 0.9706532955169678, -0.1665070503950119, -0.2804446518421173, 0.11337221413850784, 0.9531513452529907),
            ["RightLowerLeg"] = CFrame.new(-9.685754776000977e-08, -0.0007264018058776855, 0.00004606118454830721, 1, 0, 1.4901166522918174e-08, -7.078052277620372e-08, 0.9175000786781311, 0.39773547649383545, -2.980232594040899e-08, -0.3977356553077698, 0.9175001382827759),
            ["RightFoot"] = CFrame.new(-7.450580596923828e-09, -1.1920928955078125e-07, 9.145878721028566e-09, 0.9760392308235168, 0.19217297434806824, -0.1020641177892685, -0.20647788047790527, 0.9659765362739563, -0.15574412047863007, 0.06866178661584854, 0.1730862855911255, 0.9825104475021362),
            ["LeftLowerLeg"] = CFrame.new(-8.940696716308594e-08, -0.0007266998291015625, 0.0000810474157333374, 1, 8.940698137394065e-08, 2.6077039194660756e-08, -7.450580596923828e-08, 0.7784929871559143, 0.6276535391807556, 5.587935447692871e-09, -0.6276534199714661, 0.7784928679466248),
        }},
        {Time = 0.100, Data = {
            ["LeftFoot"] = CFrame.new(-7.636845111846924e-08, 0, 1.862645149230957e-08, 0.9927874207496643, -0.06878259778022766, -0.09819433838129044, 0.026926254853606224, 0.9260506629943848, -0.37643754482269287, 0.11682526022195816, 0.3710782825946808, 0.9212234616279602),
            ["LeftLowerArm"] = CFrame.new(4.76837158203125e-07, -2.384185791015625e-07, 0.000003844499588012695, 1, 6.938353180885315e-08, 1.6391277313232422e-07, 1.4901162970204496e-08, 0.810990571975708, -0.5850591659545898, -2.2538009147865523e-07, 0.5850592255592346, 0.8109906911849976),
            ["LowerTorso"] = CFrame.new(-0.09153349697589874, -0.11392378807067871, -0.08547163754701614, 0.9948562979698181, -0.019359165802598, 0.09942915290594101, 0.03847488760948181, 0.9802241325378418, -0.1941147744655609, -0.0937049388885498, 0.19694185256958008, 0.9759268760681152),
            ["Head"] = CFrame.new(3.725290298461914e-09, -2.384185791015625e-07, 1.210719347000122e-07, 0.9943253397941589, -0.08670207113027573, 0.06164349615573883, 0.10181768238544464, 0.9435245394706726, -0.31526967883110046, -0.030827615410089493, 0.31975674629211426, 0.9469980001449585),
            ["RightUpperArm"] = CFrame.new(5.960464477539063e-08, -2.384185791015625e-07, 1.6391277313232422e-07, 0.7948620915412903, -0.5994387269020081, 0.09416798502206802, 0.5368219614028931, 0.622342050075531, -0.5696600675582886, 0.2828715443611145, 0.5033524036407471, 0.8164679408073425),
            ["UpperTorso"] = CFrame.new(2.3748725652694702e-08, 5.960464477539063e-08, 1.955777406692505e-08, 0.9979609251022339, -0.063234843313694, 0.008684417232871056, 0.0637720599770546, 0.9935227632522583, -0.09405191987752914, -0.0026808048132807016, 0.09441407024860382, 0.9955294132232666),
            ["HumanoidRootPart"] = CFrame.new(0, 0, 0, 1, 0, 0, 0, 1, 0, 0, 0, 1),
            ["RightHand"] = CFrame.new(-4.470348358154297e-07, 0, 2.5331974029541016e-07, 0.5873445272445679, -0.6457273960113525, 0.4879167675971985, 0.5424847602844238, 0.7614876627922058, 0.3547489047050476, -0.6006135940551758, 0.05632784590125084, 0.7975528836250305),
            ["LeftUpperArm"] = CFrame.new(0, -2.384185791015625e-07, 1.1920928955078125e-07, 0.700980544090271, 0.7065958976745605, -0.0966898649930954, -0.6531530618667603, 0.5816104412078857, -0.4848920702934265, -0.2863866686820984, 0.4030527174472809, 0.8692127466201782),
            ["RightLowerArm"] = CFrame.new(-5.364418029785156e-07, -7.748603820800781e-07, -0.000004453584551811218, 1, -0.000017963348000193946, 0.000008895994142221753, 0.00001996756145672407, 0.8559126853942871, -0.517120361328125, 0.000001654029233577603, 0.5171203017234802, 0.8559128046035767),
            ["LeftHand"] = CFrame.new(1.043081283569336e-07, -1.1920928955078125e-07, -3.725290298461914e-08, 0.791588306427002, 0.44075995683670044, -0.42322421073913574, -0.5039538741111755, 0.8625966310501099, -0.04424603283405304, 0.34557005763053894, 0.24831007421016693, 0.9049439430236816),
            ["RightUpperLeg"] = CFrame.new(2.9802322387695312e-08, -2.3283064365386963e-09, 9.480572771281004e-09, 0.9004311561584473, -0.2535061538219452, -0.3534945845603943, 0.27544617652893066, 0.9612380266189575, 0.012279026210308075, 0.3366796672344208, -0.10842523723840714, 0.9353559613227844),
            ["LeftUpperLeg"] = CFrame.new(5.960464477539063e-08, -2.1420419216156006e-08, 1.862645149230957e-08, 0.9576021432876587, 0.1983153074979782, 0.2089720517396927, -0.15606142580509186, 0.9667980074882507, -0.2023521065711975, -0.24216331541538239, 0.1611604392528534, 0.9567571878433228),
            ["RightLowerLeg"] = CFrame.new(7.450580596923828e-08, -0.0007263422012329102, 0.00004606118454830721, 1, 0, 1.4901166522918174e-08, -8.195637946073475e-08, 0.888172447681427, 0.45951026678085327, 1.1175869119028903e-08, -0.45951026678085327, 0.8881725668907166),
            ["RightFoot"] = CFrame.new(-8.940696716308594e-08, 0, 6.129994289949536e-08, 0.967045247554779, 0.22884036600589752, -0.11160468310117722, -0.24954485893249512, 0.9388683438301086, -0.23717860877513885, 0.050506141036748886, 0.2572128176689148, 0.9650340676307678),
            ["LeftLowerLeg"] = CFrame.new(9.685754776000977e-08, -0.0007263422012329102, 0.00008103251457214355, 1, 4.470348358154297e-08, 6.33299421792799e-08, -6.705521116145974e-08, 0.7195802927017212, 0.6944096088409424, 1.8626447051417472e-09, -0.6944092512130737, 0.7195799946784973),
        }},
        {Time = 0.125, Data = {
            ["LeftFoot"] = CFrame.new(2.60770320892334e-08, 1.7881393432617188e-07, -2.421438694000244e-08, 0.9963893294334412, -0.06037541478872299, -0.05969148874282837, 0.030085470527410507, 0.9085273146629333, -0.4167410433292389, 0.07939223200082779, 0.41344043612480164, 0.9070633053779602),
            ["LeftLowerArm"] = CFrame.new(5.364418029785156e-07, -1.1920928955078125e-07, 0.00000432133674621582, 1, 1.4062972297779197e-07, 1.4901161193847656e-07, 2.980232594040899e-08, 0.8230214715003967, -0.5680102705955505, -2.533197687171196e-07, 0.5680103302001953, 0.8230215311050415),
            ["LowerTorso"] = CFrame.new(-0.10423014312982559, -0.1494368314743042, -0.08151157200336456, 0.9940528273582458, -0.01359090767800808, 0.10804765671491623, 0.034410856664180756, 0.9805469512939453, -0.19324520230293274, -0.10331941395998001, 0.19581398367881775, 0.9751830697059631),
            ["Head"] = CFrame.new(1.1175870895385742e-08, -1.1920928955078125e-07, -7.450580596923828e-08, 0.9955468773841858, -0.08758412301540375, 0.03486545383930206, 0.09410998970270157, 0.9448422789573669, -0.3137141466140747, -0.005465937312692404, 0.31559810042381287, 0.948877215385437),
            ["RightUpperArm"] = CFrame.new(-1.1920928955078125e-07, 1.1920928955078125e-07, -1.6391277313232422e-07, 0.7770795226097107, -0.6249874830245972, 0.0744214802980423, 0.5522408485412598, 0.6203035712242126, -0.5570041537284851, 0.3019563853740692, 0.47393473982810974, 0.8271685242652893),
            ["UpperTorso"] = CFrame.new(-1.6880221664905548e-08, -1.4901161193847656e-07, -1.7229467630386353e-08, 0.9971814155578613, -0.06792135536670685, 0.03187490254640579, 0.07038023322820663, 0.9940028190612793, -0.0836958959698677, -0.025999024510383606, 0.08570325374603271, 0.9959814548492432),
            ["HumanoidRootPart"] = CFrame.new(0, 0, 0, 1, 0, 0, 0, 1, 0, 0, 0, 1),
            ["RightHand"] = CFrame.new(-1.7881393432617188e-07, 1.1920928955078125e-07, 2.9802322387695312e-08, 0.595823347568512, -0.6518044471740723, 0.4691973030567169, 0.48606225848197937, 0.7577383518218994, 0.43540337681770325, -0.6393263339996338, -0.031364452093839645, 0.7682952880859375),
            ["LeftUpperArm"] = CFrame.new(1.1920928955078125e-07, 0, -1.043081283569336e-07, 0.6967486143112183, 0.7091943025588989, -0.10763446986675262, -0.6634764075279236, 0.5801213979721069, -0.47250205278396606, -0.27265435457229614, 0.40062767267227173, 0.8747324347496033),
            ["RightLowerArm"] = CFrame.new(-5.960464477539063e-08, -3.5762786865234375e-07, -0.00000441819429397583, 1, -0.000018110502423951402, 0.000008471310138702393, 0.000020042067262693308, 0.8654882311820984, -0.5009292364120483, 0.000001654029233577603, 0.5009293556213379, 0.8654882311820984),
            ["LeftHand"] = CFrame.new(3.725290298461914e-08, -2.384185791015625e-07, -1.4901161193847656e-07, 0.8066419959068298, 0.3916838765144348, -0.44262003898620605, -0.44680386781692505, 0.8943402767181396, -0.022846011444926262, 0.38690435886383057, 0.21619266271591187, 0.8964182138442993),
            ["RightUpperLeg"] = CFrame.new(5.960464477539063e-08, -5.634501576423645e-08, -2.7772330213338137e-08, 0.9093515276908875, -0.27927032113075256, -0.30836358666419983, 0.28203845024108887, 0.9587072134017944, -0.03653595596551895, 0.30583372712135315, -0.05374648794531822, 0.9505666494369507),
            ["LeftUpperLeg"] = CFrame.new(-8.940696716308594e-08, -2.0489096641540527e-08, -1.862645149230957e-08, 0.9707320928573608, 0.17833641171455383, 0.16085883975028992, -0.1348811537027359, 0.9590039849281311, -0.24923588335514069, -0.19871197640895844, 0.2202444225549698, 0.954990029335022),
            ["RightLowerLeg"] = CFrame.new(-7.450580596923828e-08, -0.0007265806198120117, 0.000046090986870694906, 1, 3.7252917195473856e-08, 2.980232594040899e-08, -4.470348358154297e-08, 0.82839035987854, 0.5601512789726257, -3.725290298461914e-09, -0.560151219367981, 0.8283904194831848),
            ["RightFoot"] = CFrame.new(2.9802322387695312e-08, 0, -2.0656443666666746e-08, 0.956707775592804, 0.24850721657276154, -0.1515074074268341, -0.2844889461994171, 0.9083589911460876, -0.3065127432346344, 0.06145259365439415, 0.3363451659679413, 0.9397315382957458),
            ["LeftLowerLeg"] = CFrame.new(7.450580596923828e-09, -0.0007264018058776855, 0.00008100271224975586, 1, 1.1175870895385742e-08, 7.636845111846924e-08, -8.195636524988004e-08, 0.6485291719436646, 0.7611900568008423, 4.8428763221863846e-08, -0.7611898183822632, 0.6485288739204407),
        }},
        {Time = 0.150, Data = {
            ["LeftFoot"] = CFrame.new(7.078051567077637e-08, 0, 3.725290298461914e-08, 0.9985151886940002, -0.05148133262991905, -0.017810195684432983, 0.03783895820379257, 0.8906607031822205, -0.4530913233757019, 0.03918866813182831, 0.4517447054386139, 0.8912862539291382),
            ["LeftLowerArm"] = CFrame.new(5.960464477539063e-08, 1.1920928955078125e-07, 0.000004038214683532715, 1, 1.1920926112907182e-07, 1.341104507446289e-07, -4.4703490686970326e-08, 0.817107081413269, -0.5764859318733215, -2.2351744632942427e-07, 0.5764859318733215, 0.8171071410179138),
            ["LowerTorso"] = CFrame.new(-0.11681294441223145, -0.18710029125213623, -0.074086494743824, 0.9934658408164978, -0.009203337132930756, 0.11375842243432999, 0.030637744814157486, 0.9816634654998779, -0.18814407289028168, -0.10994093120098114, 0.19040000438690186, 0.9755311012268066),
            ["Head"] = CFrame.new(-1.1175870895385742e-08, 1.1920928955078125e-07, 2.60770320892334e-08, 0.9962615966796875, -0.08607311546802521, 0.007371964864432812, 0.08414878696203232, 0.9475888609886169, -0.30821195244789124, 0.019543150439858437, 0.3076799809932709, 0.951289176940918),
            ["RightUpperArm"] = CFrame.new(-5.960464477539063e-08, 0, 9.685754776000977e-08, 0.7621625661849976, -0.647361695766449, 0.00559531943872571, 0.5462547540664673, 0.638439416885376, -0.5422185063362122, 0.3474392890930176, 0.4163149297237396, 0.8402189612388611),
            ["UpperTorso"] = CFrame.new(2.5174813345074654e-09, 8.940696716308594e-08, -1.4901161193847656e-08, 0.9959543347358704, -0.07131926715373993, 0.054667457938194275, 0.07516736537218094, 0.9945749044418335, -0.0719083920121193, -0.04924238845705986, 0.07572666555643082, 0.9959120154380798),
            ["HumanoidRootPart"] = CFrame.new(0, 0, 0, 1, 0, 0, 0, 1, 0, 0, 0, 1),
            ["RightHand"] = CFrame.new(-5.960464477539062e-07, 1.1920928955078125e-07, -8.940696716308594e-08, 0.611779510974884, -0.6440364718437195, 0.4592849612236023, 0.43271753191947937, 0.7585166692733765, 0.4872457981109619, -0.662179172039032, -0.09934613853693008, 0.7427306771278381),
            ["LeftUpperArm"] = CFrame.new(5.960464477539063e-08, 1.1920928955078125e-07, 0, 0.6976823806762695, 0.7104885578155518, -0.09190063178539276, -0.6642760038375854, 0.5935298204421997, -0.45437827706336975, -0.2682848274707794, 0.3780587911605835, 0.8860557675361633),
            ["RightLowerArm"] = CFrame.new(8.940696716308594e-08, -6.556510925292969e-07, -0.00000414624810218811, 1, -0.00001788511872291565, 0.000009000300451589283, 0.00002008676528930664, 0.851698100566864, -0.5240328311920166, 0.0000016093254089355469, 0.5240328907966614, 0.8516980409622192),
            ["LeftHand"] = CFrame.new(2.2351741790771484e-08, -4.172325134277344e-07, 1.7881393432617188e-07, 0.8198629021644592, 0.3315965235233307, -0.46676385402679443, -0.38002684712409973, 0.9249166250228882, -0.010435684584081173, 0.42825737595558167, 0.18593880534172058, 0.8843204975128174),
            ["RightUpperLeg"] = CFrame.new(0, 3.5390257835388184e-08, -5.420588422566652e-09, 0.9211766719818115, -0.2990122139453888, -0.24904894828796387, 0.2840290367603302, 0.9541026949882507, -0.09495051950216293, 0.26600950956344604, 0.016728965565562248, 0.9638252854347229),
            ["LeftUpperLeg"] = CFrame.new(0, -1.257285475730896e-08, 2.9802322387695312e-08, 0.9814075827598572, 0.15369540452957153, 0.11496523767709732, -0.11310146749019623, 0.9470290541648865, -0.30057287216186523, -0.1550721824169159, 0.28198179602622986, 0.9468045830726624),
            ["RightLowerLeg"] = CFrame.new(6.705522537231445e-08, -0.0007264018058776855, 0.00004608353629009798, 1, 5.215408904746255e-08, 2.2351748896198842e-08, -6.705523247774181e-08, 0.7524418234825134, 0.6586585640907288, 1.4901162970204496e-08, -0.6586586833000183, 0.7524420022964478),
            ["RightFoot"] = CFrame.new(-6.891787052154541e-08, 1.1920928955078125e-07, 3.149762051180005e-08, 0.9458849430084229, 0.25678253173828125, -0.19840480387210846, -0.3134008049964905, 0.8814404606819153, -0.3533310294151306, 0.08415299654006958, 0.39639079570770264, 0.9142169952392578),
            ["LeftLowerLeg"] = CFrame.new(-5.587935447692871e-08, -0.0007268190383911133, 0.00008110702037811279, 1, 4.470348358154297e-08, 2.980232949312267e-08, -4.8428766774577525e-08, 0.574309229850769, 0.8186383843421936, 9.685753354915505e-08, -0.8186384439468384, 0.5743093490600586),
        }},
        {Time = 0.175, Data = {
            ["LeftFoot"] = CFrame.new(4.284083843231201e-08, -5.960464477539063e-08, -5.075708031654358e-08, 0.9988740086555481, -0.041473884135484695, 0.023036247119307518, 0.04744191840291023, 0.874884843826294, -0.48200181126594543, -0.00016361332382075489, 0.4825521409511566, 0.8758673667907715),
            ["LeftLowerArm"] = CFrame.new(5.960464477539063e-08, 2.384185791015625e-07, 0.000004559755325317383, 1, 1.043081283569336e-07, 1.4901162614933128e-07, -4.4703490686970326e-08, 0.7900359630584717, -0.6130605936050415, -2.309680269263481e-07, 0.6130605340003967, 0.7900360226631165),
            ["LowerTorso"] = CFrame.new(-0.1302223950624466, -0.22265732288360596, -0.06390765309333801, 0.9931420683860779, -0.0060478681698441505, 0.11675820499658585, 0.02705700695514679, 0.9834395051002502, -0.17920568585395813, -0.11374083161354065, 0.18113580346107483, 0.9768587350845337),
            ["Head"] = CFrame.new(-3.725290298461914e-08, -1.1920928955078125e-07, 2.2351741790771484e-08, 0.9964929223060608, -0.08163337409496307, -0.018380627036094666, 0.07247837632894516, 0.9518265128135681, -0.29794806241989136, 0.041817620396614075, 0.29557108879089355, 0.9544051289558411),
            ["RightUpperArm"] = CFrame.new(-5.960464477539063e-08, -2.384185791015625e-07, 1.4901161193847656e-08, 0.7480928897857666, -0.6539893746376038, -0.1124945655465126, 0.5143498778343201, 0.6785639524459839, -0.5243992209434509, 0.4192866384983063, 0.33443814516067505, 0.8440085053443909),
            ["UpperTorso"] = CFrame.new(8.614733815193176e-09, -5.960464477539063e-08, -3.259629011154175e-08, 0.9944739937782288, -0.07376318424940109, 0.07470273971557617, 0.07843971252441406, 0.9950059056282043, -0.06172960251569748, -0.06977617740631104, 0.06724786758422852, 0.9952934980392456),
            ["HumanoidRootPart"] = CFrame.new(0, 0, 0, 1, 0, 0, 0, 1, 0, 0, 0, 1),
            ["RightHand"] = CFrame.new(-1.1920928955078125e-07, 0, 3.2782554626464844e-07, 0.6271271705627441, -0.6237334609031677, 0.4665490388870239, 0.3977011740207672, 0.771419882774353, 0.4967346489429474, -0.6697352528572083, -0.12596862018108368, 0.7318378686904907),
            ["LeftUpperArm"] = CFrame.new(0, -2.384185791015625e-07, 2.9802322387695312e-08, 0.7068945169448853, 0.705897867679596, -0.04482002183794975, -0.6504730582237244, 0.6238870024681091, -0.43318507075309753, -0.2778221368789673, 0.3353704810142517, 0.9001899361610413),
            ["RightLowerArm"] = CFrame.new(-4.172325134277344e-07, -7.152557373046875e-07, -0.00000461190938949585, 1, -0.00001707673436612822, 0.000010401009603810962, 0.00001999735650315415, 0.8076600432395935, -0.589648425579071, 0.0000015869734397711, 0.589648425579071, 0.8076599836349487),
            ["LeftHand"] = CFrame.new(3.334134817123413e-07, -3.5762786865234375e-07, -2.7194619178771973e-07, 0.8278054594993591, 0.2779673933982849, -0.4873114824295044, -0.3267136812210083, 0.9449884295463562, -0.015964381396770477, 0.4560662508010864, 0.1724269986152649, 0.8730822801589966),
            ["RightUpperLeg"] = CFrame.new(8.940696716308594e-08, 1.4831312000751495e-07, -1.6952981241047382e-09, 0.9284055233001709, -0.3139057159423828, -0.19881248474121094, 0.28778234124183655, 0.945930004119873, -0.14965902268886566, 0.2350415587425232, 0.08172933757305145, 0.9685432314872742),
            ["LeftUpperLeg"] = CFrame.new(-2.9802322387695312e-08, 2.157175913453102e-07, -1.0244548320770264e-08, 0.9892301559448242, 0.12479839473962784, 0.076480433344841, -0.09044477343559265, 0.9320078492164612, -0.35097187757492065, -0.11508100479841232, 0.34027448296546936, 0.933257520198822),
            ["RightLowerLeg"] = CFrame.new(-7.450580596923828e-09, -0.0007262229919433594, 0.00004604628338711336, 1, 3.7252917195473856e-08, 2.980233304583635e-08, -4.842877388000488e-08, 0.6821885704994202, 0.7311760187149048, 2.9802322387695312e-08, -0.7311763763427734, 0.682188868522644),
            ["RightFoot"] = CFrame.new(-5.587935447692871e-09, 0, 8.680217433720827e-09, 0.935308575630188, 0.2659260034561157, -0.23341237008571625, -0.34016409516334534, 0.857365608215332, -0.38628044724464417, 0.09739765524864197, 0.4406900107860565, 0.8923597931861877),
            ["LeftLowerLeg"] = CFrame.new(-1.0803341865539551e-07, -0.0007263422012329102, 0.00008098781108856201, 1, 4.0978189730367376e-08, 5.774201383701438e-08, -6.332991375757047e-08, 0.5060439109802246, 0.862507700920105, 5.401669156412936e-08, -0.862507700920105, 0.5060440301895142),
        }},
        {Time = 0.200, Data = {
            ["LeftFoot"] = CFrame.new(-1.4435499906539917e-08, 1.1920928955078125e-07, -4.936009645462036e-08, 0.9988920092582703, -0.031907208263874054, 0.03459519147872925, 0.04461227357387543, 0.8760668635368347, -0.4801218509674072, -0.014988306909799576, 0.48113295435905457, 0.8765194416046143),
            ["LeftLowerArm"] = CFrame.new(6.258487701416016e-07, 1.1920928955078125e-07, 0.000004500150680541992, 1, 2.1234157543403853e-07, 1.1920927533992653e-07, -8.940698137394065e-08, 0.7337188124656677, -0.6794532537460327, -2.3841860752327193e-07, 0.6794533133506775, 0.7337188124656677),
            ["LowerTorso"] = CFrame.new(-0.14242203533649445, -0.22716760635375977, -0.05189424380660057, 0.9930799007415771, -0.004147201776504517, 0.11736821383237839, 0.02388767898082733, 0.9856179356575012, -0.16729241609573364, -0.11498642712831497, 0.16893836855888367, 0.9788963198661804),
            ["Head"] = CFrame.new(2.9802322387695312e-08, 1.1920928955078125e-07, 7.450580596923828e-08, 0.9962705969810486, -0.07468008249998093, -0.04321962967514992, 0.05936045199632645, 0.9567385315895081, -0.28482940793037415, 0.06262093782424927, 0.2812015414237976, 0.957603394985199),
            ["RightUpperArm"] = CFrame.new(0, 0, 2.9802322387695312e-08, 0.7255219221115112, -0.6423121094703674, -0.24708962440490723, 0.47893911600112915, 0.7290751934051514, -0.4889441728591919, 0.49420154094696045, 0.2363990843296051, 0.8365886211395264),
            ["UpperTorso"] = CFrame.new(3.3993273973464966e-08, 1.1920928955078125e-07, -5.774199962615967e-08, 0.9928504228591919, -0.07513877004384995, 0.09274846315383911, 0.08026354014873505, 0.9953734874725342, -0.05281588062644005, -0.0883508175611496, 0.05988266319036484, 0.9942877888679504),
            ["HumanoidRootPart"] = CFrame.new(0, 0, 0, 1, 0, 0, 0, 1, 0, 0, 0, 1),
            ["RightHand"] = CFrame.new(-3.8743019104003906e-07, -1.1920928955078125e-07, -2.0116567611694336e-07, 0.6528066992759705, -0.5993175506591797, 0.46331626176834106, 0.39219844341278076, 0.7906597256660461, 0.4701462686061859, -0.6480924487113953, -0.1252027004957199, 0.75119948387146),
            ["LeftUpperArm"] = CFrame.new(-1.1920928955078125e-07, -1.1920928955078125e-07, 1.043081283569336e-07, 0.7219776511192322, 0.6915900111198425, 0.021254874765872955, -0.6269322037696838, 0.6668584942817688, -0.40280938148498535, -0.2927528917789459, 0.27749398350715637, 0.9150371551513672),
            ["RightLowerArm"] = CFrame.new(-2.384185791015625e-07, -4.76837158203125e-07, -0.0000036281999200582504, 1, -0.00001542270547361113, 0.000012814998626708984, 0.00002002716064453125, 0.7118401527404785, -0.7023415565490723, 0.00000169314444065094, 0.7023416757583618, 0.7118400931358337),
            ["LeftHand"] = CFrame.new(1.5459954738616943e-07, -1.7881393432617188e-07, -9.080395102500916e-09, 0.8336670994758606, 0.26021677255630493, -0.48712077736854553, -0.3146481513977051, 0.9486782550811768, -0.031717099249362946, 0.45386752486228943, 0.17971307039260864, 0.8727585077285767),
            ["RightUpperLeg"] = CFrame.new(1.1920928955078125e-07, 1.7497222870588303e-07, -2.032174961641431e-08, 0.9272313117980957, -0.3239901661872864, -0.18781016767024994, 0.29328566789627075, 0.9400969743728638, -0.17378446459770203, 0.23286429047584534, 0.10605638474225998, 0.9667090177536011),
            ["LeftUpperLeg"] = CFrame.new(0, 2.4365726858377457e-07, -6.449408829212189e-08, 0.9915794134140015, 0.10831881314516068, 0.07097497582435608, -0.0745200663805008, 0.9254986047744751, -0.3713476061820984, -0.10591114312410355, 0.3629317879676819, 0.9257773756980896),
