return {
    ["Party Hips"] = {
        {Time = 0.000, Data = {
            ["LeftFoot"] = CFrame.new(6.577465683221817e-09, 0, 1.3969838619232178e-08, 0.9900649785995483, -0.13090214133262634, 0.05134269595146179, 0.13880018889904022, 0.9682441353797913, -0.20793652534484863, -0.02249276451766491, 0.2129974067211151, 0.9767939448356628),
            ["LeftLowerArm"] = CFrame.new(-3.8743019104003906e-07, 1.7881393432617188e-07, -1.1920928955078125e-07, 1, -8.381903882082042e-08, 9.126963362859897e-08, 6.332995639013461e-08, -0.10187701880931854, -0.9947970509529114, 9.685758328714655e-08, 0.9947971105575562, -0.10187694430351257),
            ["LowerTorso"] = CFrame.new(0.0007220970583148301, -0.07942259311676025, -0.04398243501782417, 0.9469963908195496, -0.2560673952102661, 0.1939777433872223, 0.2364433854818344, 0.9643638134002686, 0.11873071640729904, -0.21746818721294403, -0.06657280027866364, 0.9737944602966309),
            ["Head"] = CFrame.new(-3.771856427192688e-08, 0, -2.3283064365386963e-09, 0.99739009141922, -0.04889480024576187, 0.05312523990869522, 0.034758031368255615, 0.9700824022293091, 0.240275040268898, -0.06328406184911728, -0.2378014475107193, 0.9692500233650208),
            ["RightUpperArm"] = CFrame.new(-1.1920928955078125e-07, -2.384185791015625e-07, 2.7939677238464355e-09, 0.8435111045837402, -0.1549881100654602, -0.5142641663551331, 0.4871555268764496, 0.6239985823631287, 0.6109872460365295, 0.2262042909860611, -0.7659011483192444, 0.6018530130386353),
            ["UpperTorso"] = CFrame.new(2.1420419216156006e-08, -2.086162567138672e-07, 1.30385160446167e-08, 0.8989543914794922, 0.3382921516895294, -0.2782793641090393, -0.360257625579834, 0.9323590993881226, -0.030348526313900948, 0.24918963015079498, 0.1275341808795929, 0.9600206613540649),
            ["HumanoidRootPart"] = CFrame.new(0, 0, 0, 1, 0, 0, 0, 1, 0, 0, 0, 1),
            ["RightHand"] = CFrame.new(-2.7474015951156616e-07, -5.960464477539063e-08, 1.862645149230957e-09, 0.6286738514900208, -0.6182487607002258, 0.47173914313316345, 0.7776635885238647, 0.4974932074546814, -0.38436952233314514, 0.0029489402659237385, 0.6084973812103271, 0.793550431728363),
            ["LeftUpperArm"] = CFrame.new(-1.1920928955078125e-07, -1.1920928955078125e-07, 1.4901161193847656e-08, 0.9876548647880554, -0.013665035367012024, 0.15604865550994873, -0.11637505143880844, 0.6028217673301697, 0.7893433570861816, -0.10485593229532242, -0.797758936882019, 0.5937895178794861),
            ["RightLowerArm"] = CFrame.new(-4.470348358154297e-07, 5.960464477539063e-08, 3.2782554626464844e-07, 1, -1.0430809993522416e-07, 1.7881393432617188e-07, 8.00937343115038e-08, -0.44252705574035645, -0.8967552185058594, 1.639127589214695e-07, 0.8967551589012146, -0.4425271153450012),
            ["LeftHand"] = CFrame.new(-5.534384399652481e-07, -1.1920928955078125e-07, 3.7997961044311523e-07, 0.5931220054626465, 0.3368719816207886, -0.7312479615211487, -0.7676601409912109, 0.5104216933250427, -0.38751471042633057, 0.24270209670066833, 0.791193425655365, 0.5613455176353455),
            ["RightUpperLeg"] = CFrame.new(0, -4.563480615615845e-08, -4.639878170564771e-08, 0.9262183904647827, 0.15408599376678467, -0.34405994415283203, -0.24664491415023804, 0.93790203332901, -0.2439385950565338, 0.2851067781448364, 0.3108009397983551, 0.9067065715789795),
            ["LeftUpperLeg"] = CFrame.new(0, 6.472691893577576e-08, 1.4901161193847656e-08, 0.8830406665802002, 0.10997315496206284, -0.4562292993068695, -0.3971582353115082, 0.6930187940597534, -0.6016567945480347, 0.25000929832458496, 0.7124822735786438, 0.6556400656700134),
            ["RightLowerLeg"] = CFrame.new(1.1175870895385742e-08, -0.000003814697265625, -0.00001333856926066801, 1, -1.7881393432617188e-07, -2.561137080192566e-08, 1.0151414642223244e-07, 0.8744061589241028, 0.4851943552494049, -3.399327042075129e-08, -0.48519471287727356, 0.8744063973426819),
            ["RightFoot"] = CFrame.new(2.3748725652694702e-08, 4.172325134277344e-07, -1.227454049512744e-08, 0.9924302101135254, 0.09070003032684326, -0.08280040323734283, -0.09495556354522705, 0.9942756295204163, -0.04898454248905182, 0.07788379490375519, 0.056476183235645294, 0.9953616261482239),
            ["LeftLowerLeg"] = CFrame.new(-5.21540641784668e-08, 0.0000037550926208496094, 0.000013306736946105957, 1, 1.4901154088420299e-08, 2.8172511434831904e-08, -2.9802322387695312e-08, 0.3869010806083679, 0.9221211671829224, 1.1175870895385742e-08, -0.9221213459968567, 0.38690146803855896),
        }},
        {Time = 0.033, Data = {
            ["LeftFoot"] = CFrame.new(8.149072527885437e-10, 1.1920928955078125e-07, 2.7474015951156616e-08, 0.9912334084510803, -0.1203717365860939, 0.05447141081094742, 0.12887457013130188, 0.9717270135879517, -0.1978338062763214, -0.029117640107870102, 0.20311923325061798, 0.978721022605896),
            ["LeftLowerArm"] = CFrame.new(0, -4.76837158203125e-07, -5.364418029785156e-07, 1, -8.754434333013705e-08, 9.313224325069314e-08, 9.872020712009544e-08, -0.08826957643032074, -0.9960966110229492, 1.1175872316471214e-07, 0.996096670627594, -0.08826949447393417),
            ["LowerTorso"] = CFrame.new(-0.002818559529259801, -0.0797339677810669, -0.04341104254126549, 0.948928713798523, -0.24011895060539246, 0.20463941991329193, 0.21935878694057465, 0.968352735042572, 0.11905811727046967, -0.22675125300884247, -0.06808821856975555, 0.9715697765350342),
            ["Head"] = CFrame.new(2.7008354663848877e-08, 1.1920928955078125e-07, 4.656612873077393e-10, 0.9972797632217407, -0.05363772436976433, 0.050559014081954956, 0.03995669633150101, 0.9697805047035217, 0.24068543314933777, -0.061940956860780716, -0.23801054060459137, 0.9692854881286621),
            ["RightUpperArm"] = CFrame.new(1.1920928955078125e-07, 2.384185791015625e-07, 1.4901161193847656e-08, 0.8474435806274414, -0.1701764166355133, -0.5028712749481201, 0.4875335395336151, 0.6243735551834106, 0.6103022694587708, 0.2101205289363861, -0.7623631954193115, 0.6120879054069519),
            ["UpperTorso"] = CFrame.new(6.51925802230835e-08, -1.1920928955078125e-07, 4.842877388000488e-08, 0.9003574252128601, 0.3257414400577545, -0.28852906823158264, -0.34941667318344116, 0.9363786578178406, -0.033211734145879745, 0.2593540549278259, 0.13071930408477783, 0.9568949341773987),
            ["HumanoidRootPart"] = CFrame.new(0, 0, 0, 1, 0, 0, 0, 1, 0, 0, 0, 1),
            ["RightHand"] = CFrame.new(1.7415732145309448e-07, 2.384185791015625e-07, -1.043081283569336e-07, 0.646148681640625, -0.5994099974632263, 0.4724399745464325, 0.7632108926773071, 0.5082916617393494, -0.39893457293510437, -0.0010120384395122528, 0.6183422803878784, 0.7859082221984863),
            ["LeftUpperArm"] = CFrame.new(-1.1920928955078125e-07, 3.5762786865234375e-07, 0, 0.9901018142700195, -0.016248516738414764, 0.13940724730491638, -0.10077041387557983, 0.6090751886367798, 0.7866846919059753, -0.09769197553396225, -0.7929461002349854, 0.6014090180397034),
            ["RightLowerArm"] = CFrame.new(-8.344650268554688e-07, 2.384185791015625e-07, 0, 1, -8.940698137394065e-08, 1.341104507446289e-07, 7.078052277620372e-08, -0.4022248387336731, -0.9155409932136536, 1.0430814256778831e-07, 0.9155409336090088, -0.4022248685359955),
            ["LeftHand"] = CFrame.new(-2.1851155906915665e-07, -4.172325134277344e-07, 1.1175870895385742e-08, 0.5930964946746826, 0.32398542761802673, -0.7370686531066895, -0.7628380060195923, 0.5189313888549805, -0.38573116064071655, 0.25751668214797974, 0.7910395860671997, 0.554924726486206),
            ["RightUpperLeg"] = CFrame.new(1.1920928955078125e-07, -1.51805579662323e-07, 1.3205863069742918e-08, 0.9272022247314453, 0.13282962143421173, -0.3502178490161896, -0.23012055456638336, 0.9397484064102173, -0.2528195083141327, 0.29553449153900146, 0.31500697135925293, 0.901903510093689),
            ["LeftUpperLeg"] = CFrame.new(-5.960464477539063e-08, 2.3283064365386963e-08, 8.195638656616211e-08, 0.8878456354141235, 0.08766509592533112, -0.45171359181404114, -0.37732386589050293, 0.7005624771118164, -0.6056725978851318, 0.2633570730686188, 0.7081858515739441, 0.6550691723823547),
            ["RightLowerLeg"] = CFrame.new(-7.450580596923828e-09, -0.000003933906555175781, -0.000013308766938280314, 1, -1.4528635006172408e-07, -4.936009645462036e-08, 1.5646217832454568e-07, 0.8641130924224854, 0.5032975077629089, -7.566995208208027e-08, -0.5032978057861328, 0.8641132116317749),
            ["RightFoot"] = CFrame.new(-8.847564458847046e-09, 2.980232238769531e-07, 1.287116901949048e-08, 0.992350161075592, 0.08955048769712448, -0.08498145639896393, -0.0959291160106659, 0.9926186800003052, -0.07420077174901962, 0.07770971953868866, 0.08178555220365524, 0.9936158061027527),
            ["LeftLowerLeg"] = CFrame.new(-8.568167686462402e-08, 0.000003874301910400391, 0.0000133514404296875, 1, 1.4901162970204496e-08, 1.1641529518158222e-08, -3.725289943190546e-08, 0.4002940058708191, 0.9163868427276611, 3.725289943190546e-08, -0.9163868427276611, 0.4002937376499176),
        }},
        {Time = 0.067, Data = {
            ["LeftFoot"] = CFrame.new(5.0640664994716644e-09, 1.1920928955078125e-07, 2.9802322387695312e-08, 0.991583526134491, -0.11678088456392288, 0.0558956116437912, 0.12540081143379211, 0.973678708076477, -0.19032727181911469, -0.032197609543800354, 0.19573469460010529, 0.9801282286643982),
            ["LeftLowerArm"] = CFrame.new(0, 5.960464477539063e-08, 8.046627044677734e-07, 1, -1.005828522693264e-07, 9.592626071253108e-08, 8.381905303167514e-08, -0.08522631973028183, -0.9963616728782654, 1.182779953978752e-07, 0.9963616132736206, -0.0852264016866684),
            ["LowerTorso"] = CFrame.new(-0.0053475964814424515, -0.08079302310943604, -0.04171186313033104, 0.9516069889068604, -0.22277431190013885, 0.21169739961624146, 0.20157989859580994, 0.9724360704421997, 0.1171906366944313, -0.23196923732757568, -0.0688454881310463, 0.9702838063240051),
            ["Head"] = CFrame.new(3.3527612686157227e-08, -3.5762786865234375e-07, -6.05359673500061e-09, 0.9974691271781921, -0.04997815191745758, 0.05057159811258316, 0.036411773413419724, 0.9699856638908386, 0.24042078852653503, -0.06106949597597122, -0.23797091841697693, 0.9693505167961121),
            ["RightUpperArm"] = CFrame.new(1.1920928955078125e-07, 0, -6.51925802230835e-09, 0.8484389185905457, -0.17335933446884155, -0.5000979900360107, 0.48619431257247925, 0.6287121176719666, 0.6069072484970093, 0.20920470356941223, -0.758068323135376, 0.6177100539207458),
            ["UpperTorso"] = CFrame.new(-4.6566128730773926e-08, 1.1920928955078125e-07, 1.1175870895385742e-08, 0.9057511687278748, 0.3050905168056488, -0.294167697429657, -0.32924047112464905, 0.9435931444168091, -0.03511141240596771, 0.2668624520301819, 0.1286541074514389, 0.9551087021827698),
            ["HumanoidRootPart"] = CFrame.new(0, 0, 0, 1, 0, 0, 0, 1, 0, 0, 0, 1),
            ["RightHand"] = CFrame.new(-1.3783574104309082e-07, -1.1920928955078125e-07, 1.1734664440155029e-07, 0.692025899887085, -0.5380616188049316, 0.4812379479408264, 0.7193182706832886, 0.5700233578681946, -0.39705753326416016, -0.060675449669361115, 0.6209372878074646, 0.7815084457397461),
            ["LeftUpperArm"] = CFrame.new(-1.1920928955078125e-07, -2.384185791015625e-07, -1.1175870895385742e-08, 0.9911617040634155, -0.014793779700994492, 0.13183219730854034, -0.09527909755706787, 0.6120882034301758, 0.7850287556648254, -0.09230648726224899, -0.7906511425971985, 0.6052687764167786),
            ["RightLowerArm"] = CFrame.new(0.0000013709068298339844, 4.76837158203125e-07, -2.086162567138672e-07, 1, -8.940693874137651e-08, 7.450579886381092e-08, 8.940698137394065e-08, -0.3800986111164093, -0.9249459505081177, 1.0430814256778831e-07, 0.9249459505081177, -0.38009852170944214),
            ["LeftHand"] = CFrame.new(5.948822945356369e-08, -4.76837158203125e-07, 1.0803341865539551e-07, 0.5926536321640015, 0.31365570425987244, -0.7418771982192993, -0.7569936513900757, 0.5315734148025513, -0.37998732924461365, 0.2751769721508026, 0.7867972254753113, 0.552474319934845),
            ["RightUpperLeg"] = CFrame.new(0, -1.424923539161682e-07, 4.300818545743823e-08, 0.9297060370445251, 0.11345531791448593, -0.35039225220680237, -0.21322378516197205, 0.9415261149406433, -0.26089170575141907, 0.3003036379814148, 0.317264199256897, 0.8995336890220642),
            ["LeftUpperLeg"] = CFrame.new(-2.384185791015625e-07, -4.1443854570388794e-08, -2.2351741790771484e-08, 0.8933512568473816, 0.07125142961740494, -0.4436742067337036, -0.35791224241256714, 0.7098209261894226, -0.6066745519638062, 0.2717026174068451, 0.7007691860198975, 0.6596205234527588),
            ["RightLowerLeg"] = CFrame.new(1.6763806343078613e-08, -0.000003933906555175781, -0.000013305041647981852, 1, -2.4214381610931923e-08, -7.4505797087454084e-09, 7.450581485102248e-09, 0.8549438118934631, 0.5187198519706726, 1.862645326866641e-08, -0.5187206268310547, 0.8549442291259766),
            ["RightFoot"] = CFrame.new(-3.166496753692627e-08, 3.5762786865234375e-07, 2.032174961641431e-08, 0.9923989772796631, 0.08597347885370255, -0.08805032074451447, -0.09483575075864792, 0.9902558326721191, -0.10197845101356506, 0.07842513918876648, 0.10955405235290527, 0.9908822178840637),
            ["LeftLowerLeg"] = CFrame.new(3.725290298461914e-09, 0.000004172325134277344, 0.0000133514404296875, 1, 1.6018742599044344e-07, 9.22009135706503e-08, -1.341104365337742e-07, 0.4162771999835968, 0.9092376828193665, 8.940695295223122e-08, -0.909237802028656, 0.4162774384021759),
        }},
        {Time = 0.100, Data = {
            ["LeftFoot"] = CFrame.new(-5.078618414700031e-08, -1.1920928955078125e-07, -9.313225746154785e-09, 0.9916346669197083, -0.11586855351924896, 0.056878671050071716, 0.12463697791099548, 0.9741237163543701, -0.18854326009750366, -0.03356057405471802, 0.194055438041687, 0.9804164171218872),
            ["LeftLowerArm"] = CFrame.new(-5.960464477539063e-08, 7.152557373046875e-07, 3.2782554626464844e-07, 1, -9.406356582530861e-08, 9.592622518539429e-08, 8.475037560629062e-08, -0.084950752556324, -0.9963851571083069, 7.4505820180093e-08, 0.9963852167129517, -0.08495086431503296),
            ["LowerTorso"] = CFrame.new(-0.00635921023786068, -0.08253753185272217, -0.03948640823364258, 0.9533374905586243, -0.21143139898777008, 0.21550951898097992, 0.1901339739561081, 0.97495037317276, 0.11541609466075897, -0.23451367020606995, -0.06905481219291687, 0.9696570634841919),
            ["Head"] = CFrame.new(-1.6298145055770874e-08, -5.960464477539062e-07, 4.656612873077393e-10, 0.9977911710739136, -0.04155359044671059, 0.051827117800712585, 0.02795388735830784, 0.9704033732414246, 0.23986661434173584, -0.06026051938533783, -0.23788808286190033, 0.9694215059280396),
            ["RightUpperArm"] = CFrame.new(-1.1920928955078125e-07, -9.5367431640625e-07, 9.313225746154785e-10, 0.8496077656745911, -0.17062994837760925, -0.49905121326446533, 0.48201456665992737, 0.635273814201355, 0.6033980846405029, 0.2140764743089676, -0.7532016038894653, 0.6219795942306519),
            ["UpperTorso"] = CFrame.new(2.421438694000244e-08, -2.384185791015625e-07, -3.725290298461914e-09, 0.9111488461494446, 0.2862870693206787, -0.29639101028442383, -0.3102300465106964, 0.9499759078025818, -0.03610089421272278, 0.271229088306427, 0.12484270334243774, 0.9543841481208801),
            ["HumanoidRootPart"] = CFrame.new(0, 0, 0, 1, 0, 0, 0, 1, 0, 0, 0, 1),
            ["RightHand"] = CFrame.new(1.955777406692505e-07, 1.1920928955078125e-07, 4.079192876815796e-07, 0.7260586023330688, -0.4809848964214325, 0.491418719291687, 0.6775601506233215, 0.6222972869873047, -0.39199304580688477, -0.11726586520671844, 0.6175756454467773, 0.7777204513549805),
            ["LeftUpperArm"] = CFrame.new(5.960464477539063e-08, -3.5762786865234375e-07, 5.587935447692871e-09, 0.9915232062339783, -0.009892437607049942, 0.1295531988143921, -0.09614811092615128, 0.6147940754890442, 0.7828050851821899, -0.0873923972249031, -0.7886256575584412, 0.6086314916610718),
            ["RightLowerArm"] = CFrame.new(-5.960464477539063e-08, 4.172325134277344e-07, 8.940696716308594e-08, 1, -5.960463766996327e-08, 1.043081283569336e-07, 7.823110337312755e-08, -0.36991578340530396, -0.9290653467178345, 5.960465188081798e-08, 0.9290652871131897, -0.36991578340530396),
            ["LeftHand"] = CFrame.new(-5.48316165804863e-08, 5.960464477539063e-08, 6.332993507385254e-08, 0.5917209982872009, 0.3058907091617584, -0.7458533048629761, -0.7509849071502686, 0.5455189943313599, -0.3720628619194031, 0.2930666208267212, 0.7802819013595581, 0.552514374256134),
            ["RightUpperLeg"] = CFrame.new(-1.1920928955078125e-07, -3.5390257835388184e-08, 1.3205863069742918e-08, 0.9317326545715332, 0.10362020134925842, -0.3480474650859833, -0.20288965106010437, 0.9434260725975037, -0.2622653841972351, 0.30118125677108765, 0.31497645378112793, 0.9000443816184998),
            ["LeftUpperLeg"] = CFrame.new(1.1920928955078125e-07, -3.5390257835388184e-07, -7.450580596923828e-09, 0.8968149423599243, 0.06205950677394867, -0.43803170323371887, -0.34576308727264404, 0.7159938216209412, -0.6064658164978027, 0.2759910225868225, 0.6953426599502563, 0.6635717749595642),
            ["RightLowerLeg"] = CFrame.new(-6.705522537231445e-08, -0.000003516674041748047, -0.000013237986422609538, 1, -2.412125184036995e-07, -6.42612434376133e-08, 1.7881393432617188e-07, 0.8521165251731873, 0.5233522057533264, -7.450580596923828e-08, -0.5233521461486816, 0.8521164655685425),
            ["RightFoot"] = CFrame.new(7.683411240577698e-09, 3.5762786865234375e-07, 2.032174961641431e-08, 0.9924994111061096, 0.08146435022354126, -0.09115201979875565, -0.09249462187290192, 0.987939178943634, -0.12418048828840256, 0.07993613183498383, 0.13168032467365265, 0.9880640506744385),
            ["LeftLowerLeg"] = CFrame.new(-1.5273690223693848e-07, 0.000003874301910400391, 0.000013470649719238281, 1, 1.6763804921993142e-07, 9.40636013524454e-08, -1.4528633585086936e-07, 0.42656296491622925, 0.9044578075408936, 8.940698137394065e-08, -0.9044579267501831, 0.4265632927417755),
        }},
        {Time = 0.133, Data = {
            ["LeftFoot"] = CFrame.new(-5.093170329928398e-10, -1.1920928955078125e-07, -3.364402800798416e-08, 0.9915988445281982, -0.11560790985822678, 0.058021754026412964, 0.12472794204950333, 0.9734199643135071, -0.1920848786830902, -0.03427290916442871, 0.1977081000804901, 0.9796617031097412),
            ["LeftLowerArm"] = CFrame.new(-2.086162567138672e-07, -1.1920928955078125e-07, 1.6391277313232422e-07, 1, -1.033767915714634e-07, 8.288770914077759e-08, 1.0058285937475375e-07, -0.07998320460319519, -0.9967962503433228, 8.661302075552157e-08, 0.996796190738678, -0.07998313754796982),
            ["LowerTorso"] = CFrame.new(-0.0073708584532141685, -0.08496701717376709, -0.036930151283741, 0.9541816711425781, -0.20591680705547333, 0.2171073704957962, 0.18474708497524261, 0.976164698600769, 0.11389037221670151, -0.2353844940662384, -0.06856215745210648, 0.9694809913635254),
            ["Head"] = CFrame.new(-2.60770320892334e-08, 2.384185791015625e-07, 7.916241884231567e-09, 0.998115599155426, -0.03216686099767685, 0.05225451663136482, 0.018776459619402885, 0.9708425998687744, 0.23898176848888397, -0.05841819941997528, -0.23755033314228058, 0.9696170687675476),
            ["RightUpperArm"] = CFrame.new(-5.960464477539063e-08, -3.5762786865234375e-07, 1.862645149230957e-09, 0.8538224101066589, -0.1684132069349289, -0.4925690293312073, 0.4742574691772461, 0.6417909264564514, 0.6026477217674255, 0.21463251113891602, -0.7481586933135986, 0.6278467178344727),
            ["UpperTorso"] = CFrame.new(1.210719347000122e-08, -2.682209014892578e-07, 9.313225746154785e-09, 0.9155716300010681, 0.27272042632102966, -0.2955540418624878, -0.2960011661052704, 0.9545015096664429, -0.03619725629687309, 0.2722350060939789, 0.12062554061412811, 0.9546400308609009),
            ["HumanoidRootPart"] = CFrame.new(0, 0, 0, 1, 0, 0, 0, 1, 0, 0, 0, 1),
            ["RightHand"] = CFrame.new(1.4994293451309204e-07, 1.1920928955078125e-07, -7.450580596923828e-09, 0.7360844016075134, -0.45513013005256653, 0.5010351538658142, 0.6620354652404785, 0.6382892727851868, -0.3928052484989166, -0.14102794229984283, 0.6208409070968628, 0.7711470723152161),
            ["LeftUpperArm"] = CFrame.new(0, 1.1920928955078125e-07, 9.313225746154785e-10, 0.99178546667099, -0.0029233915265649557, 0.1278790980577469, -0.0985058844089508, 0.6202962398529053, 0.7781575322151184, -0.08159779012203217, -0.7843621969223022, 0.6149128675460815),
            ["RightLowerArm"] = CFrame.new(-3.2782554626464844e-07, -3.5762786865234375e-07, -9.834766387939453e-07, 1, -1.3411042232291948e-07, 1.192092469182171e-07, 9.313222193441106e-08, -0.3588614761829376, -0.9333908557891846, 1.192092469182171e-07, 0.9333908557891846, -0.3588614761829376),
            ["LeftHand"] = CFrame.new(-2.2834865376353264e-07, 2.980232238769531e-07, 1.4901161193847656e-07, 0.5890421867370605, 0.30088919401168823, -0.749996542930603, -0.7475190758705139, 0.555459201335907, -0.36425310373306274, 0.30699267983436584, 0.7751973271369934, 0.5521093606948853),
            ["RightUpperLeg"] = CFrame.new(-5.960464477539063e-08, -1.6205012798309326e-07, -3.149762051180005e-08, 0.9334654808044434, 0.1018439382314682, -0.34390416741371155, -0.1979781687259674, 0.9458407163619995, -0.25727424025535583, 0.2990768253803253, 0.3082420229911804, 0.9030725359916687),
            ["LeftUpperLeg"] = CFrame.new(0, -1.816079020500183e-08, 1.4901161193847656e-08, 0.8985751867294312, 0.0578574575483799, -0.4349888861179352, -0.3396366536617279, 0.7193824648857117, -0.6059176325798035, 0.2778664529323578, 0.6922004222869873, 0.6660694479942322),
            ["RightLowerLeg"] = CFrame.new(9.313225746154785e-09, -0.0000033974647521972656, -0.000013353470421861857, 1, -1.2014062633625144e-07, -3.818422555923462e-08, 1.527369164477932e-07, 0.8551778793334961, 0.5183343291282654, -4.703179712350902e-08, -0.5183348059654236, 0.8551780581474304),
            ["RightFoot"] = CFrame.new(2.6542693376541138e-08, 2.384185791015625e-07, 1.845910446718335e-08, 0.992565393447876, 0.07712909579277039, -0.09415513277053833, -0.0900534838438034, 0.9857910871505737, -0.1417967975139618, 0.08188039064407349, 0.14922206103801727, 0.985407829284668),
            ["LeftLowerLeg"] = CFrame.new(-2.60770320892334e-08, 0.000003993511199951172, 0.000013560056686401367, 1, 8.568166975919667e-08, 8.84756374830431e-08, -1.1548401346317405e-07, 0.4307469129562378, 0.9024729132652283, 5.2154071283894154e-08, -0.902472734451294, 0.4307467043399811),
        }},
        {Time = 0.167, Data = {
            ["LeftFoot"] = CFrame.new(1.367880031466484e-09, -5.960464477539063e-08, -1.3504177331924438e-08, 0.9915324449539185, -0.1153610423207283, 0.059627339243888855, 0.12507541477680206, 0.9718648195266724, -0.19958700239658356, -0.034925248473882675, 0.20535479485988617, 0.978064239025116),
            ["LeftLowerArm"] = CFrame.new(0, -2.384185791015625e-07, -3.5762786865234375e-07, 1, -1.0710212450248946e-07, 8.987264266124839e-08, 8.42846930027008e-08, -0.06305613368749619, -0.9980100989341736, 1.1781230568885803e-07, 0.9980100989341736, -0.0630560889840126),
            ["LowerTorso"] = CFrame.new(-0.007370856590569019, -0.08889186382293701, -0.03429871052503586, 0.9552900195121765, -0.2003185898065567, 0.21747085452079773, 0.1798878312110901, 0.9774949550628662, 0.11020027846097946, -0.23465180397033691, -0.06615286320447922, 0.9698259830474854),
            ["Head"] = CFrame.new(-3.5390257835388184e-08, 2.384185791015625e-07, -1.6298145055770874e-09, 0.9984097480773926, -0.02344793640077114, 0.051266588270664215, 0.010603356175124645, 0.9712724089622498, 0.2377343773841858, -0.05536821484565735, -0.23681271076202393, 0.9699763655662537),
            ["RightUpperArm"] = CFrame.new(2.384185791015625e-07, 4.76837158203125e-07, -1.6763806343078613e-08, 0.8596844673156738, -0.16520322859287262, -0.48337405920028687, 0.4649798572063446, 0.6448774933815002, 0.606569766998291, 0.21150991320610046, -0.7462177872657776, 0.6312073469161987),
            ["UpperTorso"] = CFrame.new(2.0489096641540527e-08, 1.4901161193847656e-07, 1.862645149230957e-09, 0.9203042984008789, 0.2606569826602936, -0.2917156517505646, -0.2823677062988281, 0.9586969614028931, -0.03418808802962303, 0.2707555294036865, 0.11383450776338577, 0.955893874168396),
            ["HumanoidRootPart"] = CFrame.new(0, 0, 0, 1, 0, 0, 0, 1, 0, 0, 0, 1),
            ["RightHand"] = CFrame.new(2.2910535335540771e-07, 0, -1.4901161193847656e-08, 0.7339813709259033, -0.44131070375442505, 0.5162521004676819, 0.6619910001754761, 0.6347424387931824, -0.3985850214958191, -0.15178734064102173, 0.6343081593513489, 0.7580327987670898),
            ["LeftUpperArm"] = CFrame.new(0, 5.960464477539062e-07, 9.313225746154785e-10, 0.992339551448822, 0.005400293041020632, 0.12342233955860138, -0.09902947396039963, 0.6320664882659912, 0.7685603499412537, -0.07386068254709244, -0.774895429611206, 0.6277593970298767),
            ["RightLowerArm"] = CFrame.new(3.5762786865234375e-07, -3.5762786865234375e-07, -2.682209014892578e-07, 1, -1.341104365337742e-07, 1.1920928955078125e-07, 1.1548402767402877e-07, -0.3451331853866577, -0.9385536909103394, 1.0430815677864302e-07, 0.9385537505149841, -0.3451332449913025),
            ["LeftHand"] = CFrame.new(-2.03610397875309e-07, -1.7881393432617188e-07, 1.3783574104309082e-07, 0.5751292705535889, 0.29840099811553955, -0.7616975903511047, -0.7538728713989258, 0.5548691153526306, -0.3518468141555786, 0.3176508843898773, 0.7765805125236511, 0.5440778732299805),
            ["RightUpperLeg"] = CFrame.new(1.1920928955078125e-07, 7.171183824539185e-08, 5.045876605436206e-08, 0.9357234835624695, 0.10101496428251266, -0.3379611074924469, -0.19345171749591827, 0.9481350779533386, -0.2522229850292206, 0.2949543297290802, 0.3013899624347687, 0.9067336320877075),
            ["LeftUpperLeg"] = CFrame.new(-1.1920928955078125e-07, 6.239861249923706e-08, 2.9802322387695312e-08, 0.9005395770072937, 0.055290088057518005, -0.43124428391456604, -0.33365198969841003, 0.7238314151763916, -0.6039407253265381, 0.2787562608718872, 0.6877581477165222, 0.6702865958213806),
            ["RightLowerLeg"] = CFrame.new(2.421438694000244e-08, -0.0000035762786865234375, -0.000013327393389772624, 1, 9.313227966600834e-10, 2.1653249859809875e-08, 1.210719524635806e-08, 0.8566965460777283, 0.5158205032348633, 2.8172511434831904e-08, -0.5158207416534424, 0.8566967248916626),
            ["RightFoot"] = CFrame.new(3.480818122625351e-08, 3.5762786865234375e-07, 1.6596459317952394e-08, 0.9926751852035522, 0.07174724340438843, -0.09720351547002792, -0.08689964562654495, 0.9829729795455933, -0.16190305352210999, 0.08393226563930511, 0.16916432976722717, 0.9820076823234558),
            ["LeftLowerLeg"] = CFrame.new(-3.725290298461914e-09, 0.000003814697265625, 0.000013239681720733643, 1, 1.1920926112907182e-07, 6.332993507385254e-08, -8.195635814445268e-08, 0.43270888924598694, 0.9015337824821472, 6.705520405603238e-08, -0.9015336632728577, 0.4327087104320526),
        }},
        {Time = 0.200, Data = {
            ["LeftFoot"] = CFrame.new(3.3993273973464966e-08, -1.1920928955078125e-07, 2.2351741790771484e-08, 0.9917275309562683, -0.11072361469268799, 0.06493716686964035, 0.12250620871782303, 0.9674845933914185, -0.22128181159496307, -0.03832456097006798, 0.227406844496727, 0.9730454683303833),
            ["LeftLowerArm"] = CFrame.new(-4.172325134277344e-07, 0, 5.960464477539063e-08, 1, -9.569337322545834e-08, 8.242204074804249e-08, 9.196809003242379e-08, -0.043564412742853165, -0.9990506172180176, 9.429639646896248e-08, 0.9990506172180176, -0.043564360588788986),
            ["LowerTorso"] = CFrame.new(-0.008382471278309822, -0.09605610370635986, -0.031907856464385986, 0.9567391872406006, -0.19340009987354279, 0.21736256778240204, 0.17429393529891968, 0.9791794419288635, 0.1040637195110321, -0.23296289145946503, -0.06167687103152275, 0.9705278277397156),
            ["Head"] = CFrame.new(-2.0489096641540527e-08, 3.5762786865234375e-07, -2.561137080192566e-09, 0.9986953735351562, -0.014148152433335781, 0.049064524471759796, 0.0021782992407679558, 0.9717793464660645, 0.23588170111179352, -0.05101717263460159, -0.2354670912027359, 0.9705424904823303),
            ["RightUpperArm"] = CFrame.new(0, -3.5762786865234375e-07, -1.4901161193847656e-08, 0.8662858009338379, -0.159874826669693, -0.47327476739883423, 0.45402613282203674, 0.6471182107925415, 0.6124528050422668, 0.2083490639925003, -0.7454382181167603, 0.6331765651702881),
            ["UpperTorso"] = CFrame.new(-2.0489096641540527e-08, 2.384185791015625e-07, -3.725290298461914e-09, 0.9258322715759277, 0.24797561764717102, -0.2852066159248352, -0.26724132895469666, 0.9631599187850952, -0.030084969475865364, 0.2672392427921295, 0.10407261550426483, 0.9579938650131226),
            ["HumanoidRootPart"] = CFrame.new(0, 0, 0, 1, 0, 0, 0, 1, 0, 0, 0, 1),
            ["RightHand"] = CFrame.new(-4.10713255405426e-07, 0, -2.1606683731079102e-07, 0.723056435585022, -0.42746859788894653, 0.5426415801048279, 0.6703753471374512, 0.6237701177597046, -0.40188029408454895, -0.16669245064258575, 0.6543557047843933, 0.7375855445861816),
            ["LeftUpperArm"] = CFrame.new(-1.1920928955078125e-07, -1.1920928955078125e-07, -9.313225746154785e-09, 0.9928424954414368, 0.01548583060503006, 0.11842325329780579, -0.10025525838136673, 0.6469336152076721, 0.7559272050857544, -0.0649057999253273, -0.762389063835144, 0.6438556909561157),
            ["RightLowerArm"] = CFrame.new(-9.238719940185547e-07, 0, -5.960464477539062e-07, 1, -8.940695295223122e-08, 1.3411042232291948e-07, 8.195639367158947e-08, -0.3319780230522156, -0.9432871341705322, 1.0430814256778831e-07, 0.943287193775177, -0.3319779336452484),
            ["LeftHand"] = CFrame.new(8.201459422707558e-08, 1.1920928955078125e-07, 5.21540641784668e-08, 0.5482629537582397, 0.2971414029598236, -0.7817383408546448, -0.7679892182350159, 0.548916220664978, -0.3299752473831177, 0.3310595452785492, 0.7812796831130981, 0.5291517376899719),
            ["RightUpperLeg"] = CFrame.new(5.960464477539063e-08, 1.4901161193847656e-07, 2.8107024263590574e-08, 0.938694953918457, 0.0970611423254013, -0.33080339431762695, -0.18697910010814667, 0.9494961500167847, -0.251984179019928, 0.28963860869407654, 0.2983892858028412, 0.9094356894493103),
            ["LeftUpperLeg"] = CFrame.new(-5.960464477539063e-08, 1.341104507446289e-07, -1.4901161193847656e-08, 0.9033495187759399, 0.05246886983513832, -0.42568397521972656, -0.3243750333786011, 0.7329035997390747, -0.5980246663093567, 0.28060755133628845, 0.6783062815666199, 0.6790874600410461),
            ["RightLowerLeg"] = CFrame.new(-2.8870999813079834e-08, -0.0000034570693969726562, -0.000013431701518129557, 1, -1.8905855370121571e-07, -8.614736479728435e-09, 1.4528632164001465e-07, 0.851357102394104, 0.5245857834815979, -4.563480615615845e-08, -0.5245866179466248, 0.8513575792312622),
            ["RightFoot"] = CFrame.new(-5.6461431086063385e-08, 2.980232238769531e-07, 1.1939846444875002e-08, 0.9927711486816406, 0.06611046940088272, -0.10017504543066025, -0.08425478637218475, 0.9782825112342834, -0.18937915563583374, 0.08547959476709366, 0.196450874209404, 0.9767807126045227),
            ["LeftLowerLeg"] = CFrame.new(7.450580596923828e-08, 0.000003874301910400391, 0.000013209879398345947, 1, -3.7252898543727042e-09, 9.313227522511625e-09, 7.450582373280668e-09, 0.4344198703765869, 0.9007103443145752, -7.450582373280668e-09, -0.9007105231285095, 0.43442028760910034),
        }},
        {Time = 0.233, Data = {
            ["LeftFoot"] = CFrame.new(-4.0279701352119446e-08, 1.7881393432617188e-07, 2.60770320892334e-08, 0.992172360420227, -0.09995575249195099, 0.07485327869653702, 0.11630502343177795, 0.957905650138855, -0.262468546628952, -0.04546726867556572, 0.26912036538124084, 0.9620329737663269),
            ["LeftLowerArm"] = CFrame.new(5.960464477539062e-07, -4.76837158203125e-07, 2.9802322387695312e-08, 1, -8.63801901118677e-08, 9.5926239396249e-08, 7.241033728178081e-08, -0.036002662032842636, -0.9993517994880676, 7.962808723505077e-08, 0.9993517398834229, -0.036002639681100845),
            ["LowerTorso"] = CFrame.new(-0.00989988911896944, -0.1068960428237915, -0.030013209208846092, 0.9589876532554626, -0.1841353327035904, 0.2154921442270279, 0.16718260943889618, 0.9813793301582336, 0.09457670152187347, -0.2288944274187088, -0.05467135086655617, 0.9719148278236389),
            ["Head"] = CFrame.new(-2.60770320892334e-08, 7.152557373046875e-07, -1.4784745872020721e-08, 0.9989652633666992, -0.003988690208643675, 0.045304618775844574, -0.006651825271546841, 0.9726206660270691, 0.23230339586734772, -0.04499080032110214, -0.2323644459247589, 0.9715876579284668),
            ["RightUpperArm"] = CFrame.new(1.1920928955078125e-07, 1.1920928955078125e-07, -2.9336661100387573e-08, 0.8757594227790833, -0.15319375693798065, -0.45779603719711304, 0.4383843243122101, 0.6494765281677246, 0.6212885975837708, 0.20215025544166565, -0.7447898387908936, 0.6359428763389587),
            ["UpperTorso"] = CFrame.new(3.259629011154175e-08, 5.960464477539063e-08, -2.421438694000244e-08, 0.9329282641410828, 0.23376134037971497, -0.2738623321056366, -0.24913999438285828, 0.9682113528251648, -0.02227155677974224, 0.25995033979415894, 0.08900780975818634, 0.9615110158920288),
            ["HumanoidRootPart"] = CFrame.new(0, 0, 0, 1, 0, 0, 0, 1, 0, 0, 0, 1),
            ["RightHand"] = CFrame.new(1.6763806343078613e-08, 1.1920928955078125e-07, 8.009374141693115e-08, 0.7027305960655212, -0.4069259762763977, 0.5835931897163391, 0.6846863627433777, 0.6097069382667542, -0.3993269205093384, -0.19332438707351685, 0.6801975965499878, 0.707076370716095),
            ["LeftUpperArm"] = CFrame.new(0, 4.76837158203125e-07, -1.3969838619232178e-09, 0.9923615455627441, 0.02686544880270958, 0.12040261924266815, -0.10820518434047699, 0.6582919359207153, 0.744945228099823, -0.05924678221344948, -0.7522831559181213, 0.6561705470085144),
            ["RightLowerArm"] = CFrame.new(1.7881393432617188e-07, -5.364418029785156e-07, -2.682209014892578e-07, 1, -8.940698137394065e-08, 1.1920930376163597e-07, 5.960465188081798e-08, -0.3146088421344757, -0.9492214918136597, 1.1920930376163597e-07, 0.9492214918136597, -0.31460875272750854),
            ["LeftHand"] = CFrame.new(-6.859772838652134e-08, -5.960464477539063e-08, -2.2351741790771484e-07, 0.5122186541557312, 0.2928948998451233, -0.8073688745498657, -0.783397912979126, 0.5446377396583557, -0.2994287312030792, 0.3520224988460541, 0.7858641147613525, 0.5084269046783447),
            ["RightUpperLeg"] = CFrame.new(0, 3.119930624961853e-07, 4.300818545743823e-08, 0.9428812861442566, 0.09275748580694199, -0.31995463371276855, -0.17843323945999146, 0.9516812562942505, -0.24992890655994415, 0.2813119888305664, 0.2927437126636505, 0.9138733744621277),
            ["LeftUpperLeg"] = CFrame.new(0, 1.0337680578231812e-07, -4.470348358154297e-08, 0.9076386094093323, 0.05104286968708038, -0.41663771867752075, -0.3103141188621521, 0.7499969601631165, -0.5841313600540161, 0.2826612889766693, 0.6594688296318054, 0.6965655088424683),
            ["RightLowerLeg"] = CFrame.new(4.6566128730773926e-09, -0.000003635883331298828, -0.000013375822163652629, 1, 3.81842291119483e-08, 2.8638169169425964e-08, -4.004688136660661e-08, 0.8439935445785522, 0.5363531708717346, 4.027971201026048e-08, -0.5363534688949585, 0.8439937233924866),
            ["RightFoot"] = CFrame.new(2.8812792152166367e-09, 3.5762786865234375e-07, -1.6931153368204832e-08, 0.9928891658782959, 0.05802076682448387, -0.10394591093063354, -0.08058203756809235, 0.9702933430671692, -0.2281171977519989, 0.08762240409851074, 0.23487138748168945, 0.9680691957473755),
            ["LeftLowerLeg"] = CFrame.new(6.705522537231445e-08, 0.0000037550926208496094, 0.000013262033462524414, 1, 8.940695295223122e-08, 5.215408904746255e-08, -7.823111758398227e-08, 0.4400360584259033, 0.8979799151420593, 3.72529100900465e-08, -0.8979801535606384, 0.44003650546073914),
        }},
        {Time = 0.267, Data = {
            ["LeftFoot"] = CFrame.new(-3.818422555923462e-08, -1.1920928955078125e-07, 4.6566128730773926e-09, 0.992693305015564, -0.08497807383537292, 0.08566710352897644, 0.10767616331577301, 0.944274365901947, -0.31104958057403564, -0.05446081608533859, 0.31800124049186707, 0.9465248584747314),
            ["LeftLowerArm"] = CFrame.new(-2.086162567138672e-07, -0.0000013113021850585938, -4.470348358154297e-08, 1, -1.0151416063308716e-07, 9.499492392706088e-08, 8.754435043556441e-08, -0.0470859594643116, -0.9988908767700195, 8.009376983864058e-08, 0.9988908767700195, -0.047085899859666824),
            ["LowerTorso"] = CFrame.new(-0.012934733182191849, -0.11935579776763916, -0.02896062470972538, 0.962673008441925, -0.17134495079517365, 0.20952723920345306, 0.15687668323516846, 0.9840436577796936, 0.08395078033208847, -0.2205684930086136, -0.04794720932841301, 0.9741923213005066),
            ["Head"] = CFrame.new(-3.026798367500305e-09, -2.384185791015625e-07, -1.3387762010097504e-08, 0.999243974685669, 0.007938937284052372, 0.0380590558052063, -0.01637747511267662, 0.9737887382507324, 0.22686442732810974, -0.035260409116744995, -0.2273162603378296, 0.9731824994087219),
            ["RightUpperArm"] = CFrame.new(-1.1920928955078125e-07, -9.5367431640625e-07, 0, 0.8894177675247192, -0.14410029351711273, -0.43378719687461853, 0.4149896800518036, 0.652406632900238, 0.6341524124145508, 0.19162416458129883, -0.7440434694290161, 0.6400620937347412),
            ["UpperTorso"] = CFrame.new(-7.171183824539185e-08, -2.682209014892578e-07, -1.30385160446167e-08, 0.9428135752677917, 0.21602684259414673, -0.25384026765823364, -0.2268265038728714, 0.9738386273384094, -0.01370885968208313, 0.2442379593849182, 0.07050260901451111, 0.967149019241333),
            ["HumanoidRootPart"] = CFrame.new(0, 0, 0, 1, 0, 0, 0, 1, 0, 0, 0, 1),
            ["RightHand"] = CFrame.new(3.771856427192688e-08, -2.384185791015625e-07, 2.4586915969848633e-07, 0.6722403168678284, -0.3810995817184448, 0.6347095370292664, 0.7040421962738037, 0.5942149758338928, -0.38888734579086304, -0.22894909977912903, 0.7082879543304443, 0.6677652597427368),
            ["LeftUpperArm"] = CFrame.new(0, -3.5762786865234375e-07, -7.450580596923828e-09, 0.989943265914917, 0.042803969234228134, 0.13483434915542603, -0.12899328768253326, 0.6644350290298462, 0.736129641532898, -0.05807941034436226, -0.7461193203926086, 0.6632742881774902),
            ["RightLowerArm"] = CFrame.new(-1.7881393432617188e-07, 0.0000010728836059570312, 8.940696716308594e-08, 1, -7.450579886381092e-08, 8.940698847936801e-08, 5.960463056453591e-08, -0.2884809076786041, -0.9574857354164124, 7.450579175838357e-08, 0.9574857354164124, -0.28848081827163696),
            ["LeftHand"] = CFrame.new(-4.551839083433151e-08, 0, 2.1606683731079102e-07, 0.4864352345466614, 0.28683626651763916, -0.8252913355827332, -0.7877895832061768, 0.5524791479110718, -0.2723131775856018, 0.37784698605537415, 0.7826185822486877, 0.49471190571784973),
            ["RightUpperLeg"] = CFrame.new(-5.960464477539063e-08, -1.210719347000122e-08, -1.6952981241047382e-09, 0.9488770365715027, 0.08433996886014938, -0.3041698634624481, -0.1661425232887268, 0.9528012275695801, -0.2540997564792633, 0.26838254928588867, 0.2916446626186371, 0.9181035161018372),
            ["LeftUpperLeg"] = CFrame.new(-5.960464477539063e-08, 3.608874976634979e-08, -2.2351741790771484e-08, 0.9147498607635498, 0.05017700046300888, -0.40089279413223267, -0.2904652953147888, 0.7713704705238342, -0.5662310719490051, 0.2808251678943634, 0.6344051957130432, 0.7201856970787048),
