return {
    ["Party Rock"] = {
        {Time = 0.000, Data = {
            ["RightFoot"] = CFrame.new(1.862645149230957e-09, 4.76837158203125e-07, -4.300818545743823e-08, 0.9997859597206116, -0.006448647007346153, 0.019663015380501747, 0.0012074208352714777, 0.9667645692825317, 0.25566577911376953, -0.020658263936638832, -0.25558707118034363, 0.9665653109550476),
            ["LeftLowerArm"] = CFrame.new(5.960464477539063e-08, 0, -1.1920928955078125e-07, 1, -8.940698137394065e-08, 6.705523247774181e-08, 7.450580596923828e-08, -0.12832002341747284, -0.9917328953742981, 8.940696716308594e-08, 0.9917328953742981, -0.12832005321979523),
            ["RightUpperArm"] = CFrame.new(-0.13245010375976562, -0.1519850492477417, 0.09392628073692322, 0.9824828505516052, -0.10264892876148224, -0.1555337756872177, 0.13427552580833435, 0.9686765670776367, 0.20889195799827576, 0.1292194277048111, -0.2261170893907547, 0.9654913544654846),
            ["Head"] = CFrame.new(3.725290298461914e-09, 0, 5.4016709327697754e-08, 0.993923008441925, 0.013530445285141468, 0.10924304276704788, -0.002588018076494336, 0.9950149655342102, -0.09969237446784973, -0.110047347843647, 0.09880392253398895, 0.9890033006668091),
            ["LowerTorso"] = CFrame.new(-0.0805705264210701, -0.0803368091583252, 0, 0.9872445464134216, -0.009567325003445148, -0.15892362594604492, -0.009567325003445148, 0.9928239583969116, -0.1192016676068306, 0.15892362594604492, 0.1192016676068306, 0.9800685048103333),
            ["UpperTorso"] = CFrame.new(-6.51925802230835e-09, -1.1920928955078125e-07, -2.1420419216156006e-08, 0.9987475872039795, -0.03451578691601753, 0.03622189164161682, 0.023694202303886414, 0.9639067649841309, 0.26518404483795166, -0.04406755417585373, -0.26399368047714233, 0.9635171890258789),
            ["HumanoidRootPart"] = CFrame.new(0, 0, 0, 1, 0, 0, 0, 1, 0, 0, 0, 1),
            ["RightUpperLeg"] = CFrame.new(-2.9802322387695312e-08, -1.9604340195655823e-07, -1.6596459317952394e-08, 0.9988894462585449, 0.01544116623699665, 0.04451555758714676, 0.030322695150971413, 0.5124639272689819, -0.8581731915473938, -0.03606380149722099, 0.858569860458374, 0.5114266276359558),
            ["LeftUpperArm"] = CFrame.new(-0.022573232650756836, -0.22624456882476807, -0.03169110417366028, 0.8810138702392578, 0.24513205885887146, -0.4046292006969452, -0.44851598143577576, 0.7048570513725281, -0.5495544672012329, 0.15049239993095398, 0.6656476855278015, 0.7309345006942749),
            ["RightLowerArm"] = CFrame.new(-1.1920928955078125e-07, -2.980232238769531e-07, -1.4901161193847656e-07, 1, -2.421438694000244e-08, 1.1175869119028903e-08, 5.21540641784668e-08, 0.8844380974769592, -0.4666576087474823, 0, 0.46665769815444946, 0.8844380378723145),
            ["LeftHand"] = CFrame.new(-5.960464477539063e-08, -5.960464477539063e-08, -1.862645149230957e-07, 1, -2.980232594040899e-08, 7.450581485102248e-09, 0, 1, 6.33299421792799e-08, 2.2351745343485163e-08, -7.450581485102248e-09, 1),
            ["LeftFoot"] = CFrame.new(5.4016709327697754e-08, -5.960464477539063e-08, -2.60770320892334e-08, 0.9876311421394348, -0.08930082619190216, -0.12888050079345703, 0.0435262992978096, 0.9458073973655701, -0.32179781794548035, 0.15063291788101196, 0.3122079074382782, 0.9379957914352417),
            ["RightHand"] = CFrame.new(-7.450580596923828e-08, 5.960464477539063e-08, 1.4901161193847656e-08, 1, 5.587934559514451e-09, 7.4505797087454084e-09, -1.862645149230957e-08, 1, 1.1175869119028903e-08, 0, 7.4505797087454084e-09, 1),
            ["RightLowerLeg"] = CFrame.new(8.568167686462402e-08, -0.00008255243301391602, -0.00007845757500035688, 1, 7.916239219696308e-09, -2.0954757928848267e-08, -1.2107191693644381e-08, 0.2554788589477539, 0.9668145775794983, 1.8626449271863521e-09, -0.9668146371841431, 0.25547921657562256),
            ["LeftUpperLeg"] = CFrame.new(-5.960464477539063e-08, -2.3562461137771606e-07, 1.4901161193847656e-08, 0.9745929837226868, -0.006442486774176359, 0.22389106452465057, -0.10980546474456787, 0.8574852347373962, 0.5026549100875854, -0.19522160291671753, -0.5144684314727783, 0.8349915742874146),
            ["LeftLowerLeg"] = CFrame.new(9.313225746154785e-10, 0.00008243322372436523, 0.00007842108607292175, 1, 9.313225746154785e-09, 0, 0, 0.9999862313270569, 0.005258552264422178, -7.450581485102248e-09, -0.005258501973003149, 0.9999862313270569),
        }},
        {Time = 0.033, Data = {
            ["RightFoot"] = CFrame.new(-5.3551048040390015e-08, 3.5762786865234375e-07, 9.948416845872998e-08, 0.9998948574066162, -0.007658223621547222, 0.012321685440838337, 0.0015667083207517862, 0.9013556241989136, 0.43307679891586304, -0.014422801323235035, -0.433011919260025, 0.9012727737426758),
            ["LeftLowerArm"] = CFrame.new(-5.960464477539063e-08, 0, 1.7881393432617188e-07, 1, -5.960463766996327e-08, 1.4901161193847656e-07, 1.043081283569336e-07, -0.11848171055316925, -0.992956280708313, 5.960464477539063e-08, 0.9929562211036682, -0.11848171055316925),
            ["RightUpperArm"] = CFrame.new(-0.16939926147460938, -0.1168447732925415, 0.14691078662872314, 0.9389246702194214, 0.0020826663821935654, -0.3441166579723358, 0.16473793983459473, 0.8752322196960449, 0.4547854959964752, 0.30212917923927307, -0.4836984872817993, 0.821433961391449),
            ["Head"] = CFrame.new(0, 2.384185791015625e-07, 4.936009645462036e-08, 0.9934114217758179, 0.01805947721004486, 0.11317086964845657, -0.002590488875284791, 0.9907920360565186, -0.13536836206912994, -0.11457346379756927, 0.13418340682983398, 0.9843108654022217),
            ["LowerTorso"] = CFrame.new(-0.09763976186513901, -0.10075843334197998, 0, 0.9872135519981384, -0.00558770727366209, -0.15930543839931488, -0.00558770727366209, 0.9975581765174866, -0.06961672753095627, 0.15930543839931488, 0.06961672753095627, 0.9847716689109802),
            ["UpperTorso"] = CFrame.new(-6.984919309616089e-09, -5.960464477539063e-08, 0, 0.9990677833557129, -0.028926964849233627, 0.03204399347305298, 0.021657560020685196, 0.9779734015464783, 0.20760303735733032, -0.03734349086880684, -0.20671552419662476, 0.9776882529258728),
            ["HumanoidRootPart"] = CFrame.new(0, 0, 0, 1, 0, 0, 0, 1, 0, 0, 0, 1),
            ["RightUpperLeg"] = CFrame.new(0, -2.5890767574310303e-07, 2.0656443666666746e-08, 0.9987213015556335, 0.03497869893908501, 0.03650226816534996, 0.014048897661268711, 0.501558780670166, -0.8650094866752625, -0.04856490716338158, 0.8644161224365234, 0.5004260540008545),
            ["LeftUpperArm"] = CFrame.new(-0.06349432468414307, -0.23950648307800293, -0.05103804171085358, 0.6836177110671997, 0.5389470458030701, -0.4921412765979767, -0.7285192012786865, 0.5444549322128296, -0.41572651267051697, 0.043894145637750626, 0.6427324414253235, 0.7648323178291321),
            ["RightLowerArm"] = CFrame.new(-1.7881393432617188e-07, -5.960464477539063e-08, 5.960464477539063e-08, 1, -6.70552182668871e-08, 8.381902283360887e-09, 2.2351741790771484e-08, 0.840803861618042, -0.5413398742675781, 2.2351741790771484e-08, 0.5413399338722229, 0.8408038020133972),
            ["LeftHand"] = CFrame.new(3.2782554626464844e-07, -5.960464477539063e-08, -5.960464477539063e-08, 1, 0, -1.4901161193847656e-08, -2.980232594040899e-08, 1, 5.960464477539063e-08, 0, -1.4901162970204496e-08, 1),
            ["LeftFoot"] = CFrame.new(1.1175870895385742e-08, -5.960464477539063e-08, 0, 0.9853540658950806, -0.09875330328941345, -0.13901515305042267, 0.04022208973765373, 0.9268361330032349, -0.37330541014671326, 0.16570937633514404, 0.36224663257598877, 0.9172338843345642),
            ["RightHand"] = CFrame.new(0, -1.1920928955078125e-07, -1.4901161193847656e-08, 1, -1.862645149230957e-08, -1.955777406692505e-08, -7.450580596923828e-09, 1, 7.450580596923828e-09, 2.2351741790771484e-08, -3.725290298461914e-09, 1),
            ["RightLowerLeg"] = CFrame.new(2.421438694000244e-08, -0.0000826716423034668, -0.00007833929703338072, 1, -3.7252894102834944e-09, -3.4342511057161573e-09, -6.9849201977945086e-09, 0.45928773283958435, 0.888287365436554, -3.725290742551124e-09, -0.8882876038551331, 0.45928797125816345),
            ["LeftUpperLeg"] = CFrame.new(0, -6.472691893577576e-08, -7.450580596923828e-09, 0.970983624458313, -0.008790891617536545, 0.23898433148860931, -0.1136847585439682, 0.8622193336486816, 0.49361273646354675, -0.2103961706161499, -0.5064588785171509, 0.8362014889717102),
            ["LeftLowerLeg"] = CFrame.new(-4.0978193283081055e-08, 0.0000826716423034668, 0.00007836520671844482, 1, 0, 7.450581485102248e-09, 9.313225746154785e-09, 0.9999861717224121, 0.005275786854326725, 3.725290298461914e-09, -0.005275662988424301, 0.9999861121177673),
        }},
        {Time = 0.067, Data = {
            ["RightFoot"] = CFrame.new(3.562308847904205e-08, 2.384185791015625e-07, 1.0786607163026929e-07, 0.9998864531517029, -0.011862827464938164, 0.00929973553866148, 0.006008832715451717, 0.8795059323310852, 0.4758499562740326, -0.013824249617755413, -0.47574010491371155, 0.8794773817062378),
            ["LeftLowerArm"] = CFrame.new(-1.7881393432617188e-07, -1.1920928955078125e-07, -2.086162567138672e-07, 1, -9.685756197086448e-08, 1.1548402767402877e-07, 1.1548399925231934e-07, -0.07531875371932983, -0.9971596002578735, 1.3783574104309082e-07, 0.9971596002578735, -0.07531876116991043),
            ["RightUpperArm"] = CFrame.new(-0.18276768922805786, -0.09027540683746338, 0.17953944206237793, 0.8669079542160034, -0.05860961973667145, -0.49501073360443115, 0.35435226559638977, 0.7708930969238281, 0.5292997360229492, 0.35057830810546875, -0.6342623829841614, 0.6890618205070496),
            ["Head"] = CFrame.new(-3.725290298461914e-09, 1.1920928955078125e-07, 2.0489096641540527e-08, 0.99220210313797, 0.019301526248455048, 0.12313593178987503, -0.002227999735623598, 0.9905253648757935, -0.13731177151203156, -0.12461958080530167, 0.13596677780151367, 0.982844352722168),
            ["LowerTorso"] = CFrame.new(-0.10769049823284149, -0.1698077917098999, 0, 0.987200140953064, -0.002361861290410161, -0.15946874022483826, -0.002361861290410161, 0.9995641708374023, -0.029425589367747307, 0.15946872532367706, 0.02942558564245701, 0.9867644309997559),
            ["UpperTorso"] = CFrame.new(3.259629011154175e-09, -2.682209014892578e-07, -2.7939677238464355e-09, 0.9995485544204712, -0.021705387160182, 0.020774077624082565, 0.018443329259753227, 0.9891061782836914, 0.14604389667510986, -0.0237177275121212, -0.14559482038021088, 0.9890599846839905),
            ["HumanoidRootPart"] = CFrame.new(0, 0, 0, 1, 0, 0, 0, 1, 0, 0, 0, 1),
            ["RightUpperLeg"] = CFrame.new(5.960464477539063e-08, -2.6833731681108475e-07, -9.145878721028566e-09, 0.997942328453064, 0.05376409366726875, 0.03493662551045418, -0.0034253208432346582, 0.5888029336929321, -0.8082693815231323, -0.06402662396430969, 0.8064866065979004, 0.587775468826294),
            ["LeftUpperArm"] = CFrame.new(-0.15343022346496582, -0.2791355848312378, -0.09347599744796753, 0.39799338579177856, 0.7309113144874573, -0.5544095635414124, -0.9112089276313782, 0.24493153393268585, -0.33122047781944275, -0.1063004657626152, 0.637006402015686, 0.7634940147399902),
            ["RightLowerArm"] = CFrame.new(-2.086162567138672e-07, 1.7881393432617188e-07, 0, 1, -1.1920928955078125e-07, -4.470348358154297e-08, 7.078051567077637e-08, 0.6960367560386658, -0.7180061936378479, 0, 0.7180061340332031, 0.696036696434021),
            ["LeftHand"] = CFrame.new(-4.544854164123535e-07, -1.1920928955078125e-07, 0, 1, 2.6077035641947077e-08, -2.6077035641947077e-08, 2.2351745343485163e-08, 1, 1.4901162970204496e-08, -3.725290742551124e-09, 0, 1),
            ["LeftFoot"] = CFrame.new(-1.043081283569336e-07, 0, 5.960464477539063e-08, 0.957466721534729, -0.17388243973255157, -0.23026588559150696, 0.045756712555885315, 0.8794277310371399, -0.47382813692092896, 0.28489261865615845, 0.4431387186050415, 0.8499791622161865),
            ["RightHand"] = CFrame.new(-2.980232238769531e-07, 0, -5.21540641784668e-08, 1, 0, 1.1175872671742582e-08, -1.862645149230957e-08, 1, 7.450581485102248e-09, -3.3527612686157227e-08, 7.450580596923828e-09, 1),
            ["RightLowerLeg"] = CFrame.new(4.7031790018081665e-08, -0.00008243322372436523, -0.00007854232535464689, 1, -6.5192558018623e-09, 1.6385458323497915e-08, 9.313225746154785e-10, 0.6153095960617065, 0.7882853746414185, -1.0477378964424133e-08, -0.7882855534553528, 0.6153098344802856),
            ["LeftUpperLeg"] = CFrame.new(-5.960464477539063e-08, -4.380708560347557e-07, 3.725290298461914e-09, 0.9349843859672546, -0.0048049576580524445, 0.35465654730796814, -0.18808287382125854, 0.8410310745239258, 0.5072392225265503, -0.30071431398391724, -0.5409656763076782, 0.7854470610618591),
            ["LeftLowerLeg"] = CFrame.new(-1.0803341865539551e-07, 0.0000826120376586914, 0.00007845461368560791, 1, 2.9802311729554276e-08, 2.980232949312267e-08, -7.450580596923828e-09, 0.9999859929084778, 0.005295795854181051, -7.450580596923828e-09, -0.0052955783903598785, 0.9999860525131226),
        }},
        {Time = 0.100, Data = {
            ["RightFoot"] = CFrame.new(3.259629011154175e-09, 4.76837158203125e-07, -9.480572771281004e-09, 0.9997423887252808, -0.013914955779910088, 0.017936311662197113, 0.010715453885495663, 0.9858094453811646, 0.16752605140209198, -0.020012885332107544, -0.16729049384593964, 0.9857044816017151),
            ["LeftLowerArm"] = CFrame.new(-8.940696716308594e-08, -5.960464477539063e-08, 4.470348358154297e-08, 1, -8.195639367158947e-08, 5.960465188081798e-08, 8.195638656616211e-08, -0.00027006681193597615, -1, 8.940696716308594e-08, 1, -0.00026999416877515614),
            ["RightUpperArm"] = CFrame.new(-0.1845874786376953, -0.07033944129943848, 0.19911980628967285, 0.7915817499160767, -0.1466207057237625, -0.5932122468948364, 0.5282220244407654, 0.652250349521637, 0.5436460971832275, 0.3072131276130676, -0.7436880469322205, 0.593757688999176),
            ["Head"] = CFrame.new(0, 3.5762786865234375e-07, 2.60770320892334e-08, 0.9907146692276001, 0.015766169875860214, 0.1350407600402832, -0.0014644849579781294, 0.9944334030151367, -0.10535714030265808, -0.13595010340213776, 0.10418117791414261, 0.9852228164672852),
            ["LowerTorso"] = CFrame.new(-0.1113968938589096, -0.25754475593566895, 0, 0.9871969819068909, 0.00010308322089258581, -0.15950579941272736, 0.00010308322089258581, 0.9999991655349731, 0.0012842579744756222, 0.15950578451156616, -0.0012842578580603004, 0.9871962666511536),
            ["UpperTorso"] = CFrame.new(1.709850039333105e-09, 2.9802322387695312e-08, 9.313225746154785e-10, 0.9998734593391418, -0.014354067854583263, 0.006873939651995897, 0.013683712109923363, 0.9959158301353455, 0.0892445370554924, -0.008126910775899887, -0.0891391709446907, 0.9959861040115356),
            ["HumanoidRootPart"] = CFrame.new(0, 0, 0, 1, 0, 0, 0, 1, 0, 0, 0, 1),
            ["RightUpperLeg"] = CFrame.new(0, 1.655862433835864e-07, 1.673470251262188e-10, 0.9973383545875549, 0.05993839353322983, 0.04151779040694237, -0.01331422571092844, 0.7095498442649841, -0.7045294642448425, -0.07168728858232498, 0.7021014094352722, 0.7084593772888184),
            ["LeftUpperArm"] = CFrame.new(-0.24334919452667236, -0.3298598527908325, -0.13589000701904297, 0.08891499042510986, 0.8427153825759888, -0.5309661030769348, -0.9462870359420776, -0.09490189701318741, -0.309086412191391, -0.31086158752441406, 0.5299286842346191, 0.7890124917030334),
            ["RightLowerArm"] = CFrame.new(1.1920928955078125e-07, 2.384185791015625e-07, 3.2782554626464844e-07, 1, -9.31322685637781e-10, 1.4901162970204496e-08, 1.0244548320770264e-07, 0.4462641179561615, -0.8949013948440552, 5.960464477539063e-08, 0.8949013948440552, 0.44626402854919434),
            ["LeftHand"] = CFrame.new(-7.450580596923828e-08, 1.7881393432617188e-07, 1.4901161193847656e-07, 1, 7.450582373280668e-09, 3.725290742551124e-09, -1.4901162970204496e-08, 1, 2.1420420992512845e-08, -3.725290742551124e-09, -4.097820394122209e-08, 1),
            ["LeftFoot"] = CFrame.new(0, -2.384185791015625e-07, 1.043081283569336e-07, 0.8863180875778198, -0.2905224859714508, -0.3606066405773163, 0.0499260276556015, 0.834129273891449, -0.5493048429489136, 0.4603777825832367, 0.468855082988739, 0.7538084387779236),
            ["RightHand"] = CFrame.new(2.9802322387695312e-08, 1.1920928955078125e-07, 1.7881393432617188e-07, 1, -1.862645371275562e-09, -1.4901159417490817e-08, 5.587936335871291e-09, 1, 3.7252898543727042e-09, 4.4703490686970326e-08, -2.2351745343485163e-08, 1),
            ["RightLowerLeg"] = CFrame.new(1.7695128917694092e-08, -0.00008255243301391602, -0.0000784827207098715, 1, -1.7811542463164187e-08, 1.4901159417490817e-08, 1.210719347000122e-08, 0.816138744354248, 0.5778558850288391, -1.955777406692505e-08, -0.5778561234474182, 0.8161388635635376),
            ["LeftUpperLeg"] = CFrame.new(0, 2.426677383482456e-07, 1.1175870895385742e-08, 0.8509740233421326, -0.0009982263436540961, 0.5252069234848022, -0.2953324019908905, 0.8260120749473572, 0.48008644580841064, -0.43430644273757935, -0.5636516809463501, 0.7026199698448181),
            ["LeftLowerLeg"] = CFrame.new(2.2351741790771484e-08, 0.0000826716423034668, 0.00007843971252441406, 1, 1.4901162970204496e-08, 0, -7.450580596923828e-09, 0.9999861121177673, 0.005282320082187653, -1.4901161193847656e-08, -0.005282346624881029, 0.9999861121177673),
        }},
        {Time = 0.133, Data = {
            ["RightFoot"] = CFrame.new(2.537854015827179e-08, 3.5762786865234375e-07, -7.094786269590259e-08, 0.999354362487793, -0.012136218138039112, 0.033817969262599945, 0.007984294556081295, 0.9927046298980713, 0.12030766159296036, -0.03503131493926048, -0.1199597492814064, 0.9921605587005615),
            ["LeftLowerArm"] = CFrame.new(2.384185791015625e-07, 1.7881393432617188e-07, -1.1920928955078125e-07, 1, -7.543712854385376e-08, 7.636845111846924e-08, 5.21540641784668e-08, 0.10627113282680511, -0.994337260723114, 6.332993507385254e-08, 0.994337260723114, 0.10627111047506332),
            ["RightUpperArm"] = CFrame.new(-0.17921292781829834, -0.05584108829498291, 0.20918455719947815, 0.7706597447395325, -0.21701906621456146, -0.5991547703742981, 0.5999076962471008, 0.5641915798187256, 0.5672730803489685, 0.21492904424667358, -0.7966119647026062, 0.5649911165237427),
            ["Head"] = CFrame.new(7.450580596923828e-09, 1.1920928955078125e-07, 3.91155481338501e-08, 0.989523708820343, 0.006641490384936333, 0.14421795308589935, 0.00008366152906091884, 0.9989148378372192, -0.04657573252916336, -0.14437074959278107, 0.046099953353405, 0.9884492754936218),
            ["LowerTorso"] = CFrame.new(-0.10952465236186981, -0.29059815406799316, 0, 0.9871984124183655, 0.001821131445467472, -0.15948666632175446, 0.001821131445467472, 0.9997409582138062, 0.022688284516334534, 0.15948665142059326, -0.022688282653689384, 0.9869394302368164),
            ["UpperTorso"] = CFrame.new(2.0954757928848267e-09, -8.940696716308594e-08, -3.725290298461914e-09, 0.9999556541442871, -0.007999065332114697, -0.004970460198819637, 0.008218878880143166, 0.9989122152328491, 0.045901354402303696, 0.004597846418619156, -0.04594016820192337, 0.9989336729049683),
            ["HumanoidRootPart"] = CFrame.new(0, 0, 0, 1, 0, 0, 0, 1, 0, 0, 0, 1),
            ["RightUpperLeg"] = CFrame.new(0, -1.4260876923799515e-08, -1.6952981241047382e-09, 0.9974279999732971, 0.06345144659280777, 0.03333602100610733, -0.015627281740307808, 0.6464223265647888, -0.7628198266029358, -0.06995115429162979, 0.7603368163108826, 0.645751416683197),
            ["LeftUpperArm"] = CFrame.new(-0.2842189073562622, -0.35273194313049316, -0.15516497194766998, -0.08765488117933273, 0.8669854998588562, -0.49056389927864075, -0.9177002310752869, -0.2618379592895508, -0.29877617955207825, -0.38748276233673096, 0.4240013659000397, 0.8185840249061584),
            ["RightLowerArm"] = CFrame.new(1.1920928955078125e-07, 1.1920928955078125e-07, 1.1920928955078125e-07, 1, -1.005828522693264e-07, 4.4703490686970326e-08, 1.266598843585598e-07, 0.2618870735168457, -0.9650985598564148, 4.4703490686970326e-08, 0.9650986194610596, 0.2618870437145233),
            ["LeftHand"] = CFrame.new(-6.109476089477539e-07, 5.960464477539063e-08, 2.980232238769531e-07, 1, 5.494803900774059e-08, -2.421439049271612e-08, 3.259629011154175e-08, 1, -3.725290742551124e-09, -4.470348358154297e-08, 2.2351745343485163e-08, 1),
            ["LeftFoot"] = CFrame.new(-7.450580596923828e-09, 5.960464477539063e-08, 0, 0.8578190803527832, -0.3282753527164459, -0.39545145630836487, 0.05138460174202919, 0.8203575015068054, -0.5695378184318542, 0.5113766193389893, 0.46824032068252563, 0.7205865383148193),
            ["RightHand"] = CFrame.new(2.384185791015625e-07, -1.1920928955078125e-07, 5.960464477539063e-08, 1, 4.4703490686970326e-08, -7.450580596923828e-09, -7.450581485102248e-09, 1, 7.450580596923828e-09, 1.4901162970204496e-08, 2.2351745343485163e-08, 1),
            ["RightLowerLeg"] = CFrame.new(-2.2351741790771484e-08, -0.00008255243301391602, -0.00007846781954867765, 1, -1.5366817152084877e-08, 1.0710206055364324e-08, 9.313225746154785e-09, 0.7455300688743591, 0.6664718985557556, -1.3969838619232178e-08, -0.6664720773696899, 0.7455302476882935),
            ["LeftUpperLeg"] = CFrame.new(0, -4.132743924856186e-08, -7.450580596923828e-09, 0.8165442943572998, 0.0015444320160895586, 0.5772808790206909, -0.3214282691478729, 0.831863284111023, 0.45242398977279663, -0.47951990365982056, -0.5549785494804382, 0.6797495484352112),
            ["LeftLowerLeg"] = CFrame.new(-2.9802322387695312e-08, 0.0000826716423034668, 0.00007840991020202637, 1, -7.450580596923828e-09, -2.9802318834981634e-08, 7.450580596923828e-09, 0.9999862313270569, 0.005263819824904203, -1.4901161193847656e-08, -0.00526413694024086, 0.9999862313270569),
        }},
        {Time = 0.167, Data = {
            ["RightFoot"] = CFrame.new(-3.213062882423401e-08, 2.384185791015625e-07, -2.438173396512866e-08, 0.9990552663803101, -0.013022739440202713, 0.04146320000290871, 0.005569497123360634, 0.9845475554466248, 0.17502927780151367, -0.04310181364417076, -0.17463286221027374, 0.9836897850036621),
            ["LeftLowerArm"] = CFrame.new(-1.7881393432617188e-07, -5.960464477539063e-08, 2.9802322387695312e-08, 1, -8.381903171539307e-08, 7.264316082000732e-08, 8.568168397005138e-08, 0.24211257696151733, -0.9702481627464294, 5.587936158235607e-08, 0.9702481627464294, 0.24211260676383972),
            ["RightUpperArm"] = CFrame.new(-0.16881638765335083, -0.046016693115234375, 0.21170881390571594, 0.8214098215103149, -0.31115806102752686, -0.4779820144176483, 0.5677914619445801, 0.5252476334571838, 0.6338199377059937, 0.05384066700935364, -0.7920199632644653, 0.6081164479255676),
            ["Head"] = CFrame.new(-1.862645149230957e-09, 2.384185791015625e-07, 7.450580596923828e-09, 0.9893196821212769, -0.002926426474004984, 0.14573287963867188, 0.002698127645999193, 0.9999948143959045, 0.0017643050523474813, -0.14573729038238525, -0.0013521545333787799, 0.9893224239349365),
            ["LowerTorso"] = CFrame.new(-0.10290830582380295, -0.25794804096221924, 0, 0.9872006773948669, 0.002824073191732168, -0.15945808589458466, 0.002824116265401244, 0.9993768930435181, 0.03518343344330788, 0.15945808589458466, -0.035183437168598175, 0.986577570438385),
            ["UpperTorso"] = CFrame.new(-1.862645149230957e-09, -1.7881393432617188e-07, 3.725290298461914e-09, 0.9999450445175171, -0.003364098956808448, -0.009930141270160675, 0.003605128498747945, 0.9996969103813171, 0.024355458095669746, 0.009845188818871975, -0.02438991516828537, 0.9996540546417236),
            ["HumanoidRootPart"] = CFrame.new(0, 0, 0, 1, 0, 0, 0, 1, 0, 0, 0, 1),
            ["RightUpperLeg"] = CFrame.new(-5.960464477539063e-08, -3.7939753383398056e-07, 2.029992174357176e-09, 0.9973059296607971, 0.06510049849748611, 0.033804818987846375, -0.020182287320494652, 0.6865766048431396, -0.7267773151397705, -0.07052315026521683, 0.7241370677947998, 0.6860408782958984),
            ["LeftUpperArm"] = CFrame.new(-0.26308953762054443, -0.3297696113586426, -0.13489657640457153, -0.052039362490177155, 0.8474628329277039, -0.5282979011535645, -0.9823822379112244, -0.1385246217250824, -0.12544427812099457, -0.17949159443378448, 0.5124624371528625, 0.8397409915924072),
            ["RightLowerArm"] = CFrame.new(-5.960464477539063e-08, 0, 0, 1, -5.215405707303944e-08, 5.448237061500549e-08, 7.450580596923828e-08, 0.2729395925998688, -0.9620311856269836, 5.21540641784668e-08, 0.9620311856269836, 0.2729395627975464),
            ["LeftHand"] = CFrame.new(3.3527612686157227e-08, -5.960464477539063e-08, -2.9802322387695312e-08, 1, 0, 1.862645149230957e-09, 1.3969840395589017e-08, 1, 1.862645149230957e-09, 0, -3.725290742551124e-09, 1),
            ["LeftFoot"] = CFrame.new(-2.9802322387695312e-08, -5.960464477539063e-08, 1.4901161193847656e-08, 0.8753802180290222, -0.3031149208545685, -0.3766045570373535, 0.05306718125939369, 0.8345593810081482, -0.5483563542366028, 0.48051369190216064, 0.4600349962711334, 0.7466421127319336),
            ["RightHand"] = CFrame.new(3.427267074584961e-07, 1.7881393432617188e-07, -1.0058283805847168e-07, 1, 2.9802322387695312e-08, -5.587935447692871e-09, -1.1175870895385742e-08, 1, -9.313225746154785e-10, -3.725290298461914e-09, -1.3504177331924438e-08, 1),
            ["RightLowerLeg"] = CFrame.new(8.195638656616211e-08, -0.0000826120376586914, -0.00007843801722628996, 1, -1.7695125364980413e-08, 1.3969835288563104e-09, 1.955777406692505e-08, 0.8175387382507324, 0.5758736729621887, -9.313225746154785e-09, -0.5758737325668335, 0.8175387978553772),
            ["LeftUpperLeg"] = CFrame.new(-5.960464477539063e-08, -2.427259460091591e-07, 0, 0.8291055560112, 0.005960411392152309, 0.5590603947639465, -0.3040311336517334, 0.8439773917198181, 0.44189050793647766, -0.46920046210289, -0.5363456010818481, 0.701558530330658),
            ["LeftLowerLeg"] = CFrame.new(0, 0.00008273124694824219, 0.00007855892181396484, 1, 7.450580596923828e-09, 2.9802315282267955e-08, -7.450580596923828e-09, 0.9999860525131226, 0.0052818902768194675, -2.9802322387695312e-08, -0.0052819885313510895, 0.9999860525131226),
        }},
        {Time = 0.200, Data = {
            ["RightFoot"] = CFrame.new(-2.3748725652694702e-08, 4.172325134277344e-07, 1.287116901949048e-08, 0.9987925291061401, -0.016418417915701866, 0.046304959803819656, 0.01295409630984068, 0.9971631765365601, 0.07414722442626953, -0.04739094898104668, -0.07345762848854065, 0.996171772480011),
            ["LeftLowerArm"] = CFrame.new(1.1920928955078125e-07, -1.1920928955078125e-07, -1.1920928955078125e-07, 1, -1.0058282384761696e-07, 5.215405707303944e-08, 7.823108916227284e-08, 0.39969077706336975, -0.9166499972343445, 4.8428766774577525e-08, 0.9166499972343445, 0.39969074726104736),
            ["RightUpperArm"] = CFrame.new(-0.15467292070388794, -0.04039156436920166, 0.20786887407302856, 0.8705840706825256, -0.4384155869483948, -0.2233276665210724, 0.45028451085090637, 0.5269882082939148, 0.720782458782196, -0.1983112096786499, -0.7280626893043518, 0.6561992764472961),
            ["Head"] = CFrame.new(-1.862645149230957e-09, 2.384185791015625e-07, 1.0244548320770264e-08, 0.9912953972816467, -0.006192589178681374, 0.1315106749534607, 0.005847551394253969, 0.9999784827232361, 0.0030097418930381536, -0.13152645528316498, -0.0022144329268485308, 0.991310179233551),
            ["LowerTorso"] = CFrame.new(-0.0924253985285759, -0.19712722301483154, 0, 0.9879461526870728, 0.0029288646765053272, -0.15477028489112854, 0.0032049587462097406, 0.9992196559906006, 0.0393674261868, 0.1547648012638092, -0.03938892483711243, 0.9871659278869629),
            ["UpperTorso"] = CFrame.new(0, -1.1920928955078125e-07, 1.862645149230957e-09, 0.9999935030937195, -0.0006666048429906368, -0.003555492963641882, 0.0007687211036682129, 0.9995850920677185, 0.02879626862704754, 0.0035348099190741777, -0.02879881113767624, 0.9995789527893066),
            ["HumanoidRootPart"] = CFrame.new(0, 0, 0, 1, 0, 0, 0, 1, 0, 0, 0, 1),
            ["RightUpperLeg"] = CFrame.new(5.960464477539063e-08, -6.949994713068008e-08, -9.145878721028566e-09, 0.9979910850524902, 0.05630390718579292, 0.029046470299363136, -0.020030785351991653, 0.7153719067573547, -0.6984567642211914, -0.06010482460260391, 0.6964718103408813, 0.7150625586509705),
            ["LeftUpperArm"] = CFrame.new(-0.21624350547790527, -0.27236485481262207, -0.08422517776489258, 0.014378642663359642, 0.7387680411338806, -0.6738063097000122, -0.950017511844635, 0.22027385234832764, 0.22123762965202332, 0.31186527013778687, 0.6369467973709106, 0.7050098776817322),
            ["RightLowerArm"] = CFrame.new(-1.1920928955078125e-07, 0, -1.7881393432617188e-07, 1, -6.705523247774181e-08, 3.725290653733282e-08, 6.705523247774181e-08, 0.38261401653289795, -0.9239082932472229, 2.980232594040899e-08, 0.9239082932472229, 0.3826140761375427),
            ["LeftHand"] = CFrame.new(-1.564621925354004e-07, -1.7881393432617188e-07, 1.7881393432617188e-07, 1, 2.0489098417897367e-08, -3.725290298461914e-09, -1.1175870895385742e-08, 1, 7.450580596923828e-09, 1.4901161193847656e-08, -1.1175872671742582e-08, 1),
            ["LeftFoot"] = CFrame.new(1.4901161193847656e-08, -5.960464477539063e-08, 0, 0.904584527015686, -0.2292778193950653, -0.3593868017196655, 0.055668581277132034, 0.899361789226532, -0.4336467981338501, 0.42264416813850403, 0.3722635805606842, 0.8263121247291565),
            ["RightHand"] = CFrame.new(-1.4528632164001465e-07, 1.1920928955078125e-07, -2.9802322387695312e-08, 1, -4.0978193283081055e-08, 0, -3.725290298461914e-09, 1, 0, 2.2351741790771484e-08, -7.450580596923828e-09, 1),
            ["RightLowerLeg"] = CFrame.new(3.725290298461914e-09, -0.0000826716423034668, -0.0000785125230322592, 1, -1.0943034034482935e-08, 4.074535153719694e-10, 5.587935447692871e-09, 0.7561346888542175, 0.6544157862663269, -1.6763806343078613e-08, -0.6544159650802612, 0.7561349272727966),
            ["LeftUpperLeg"] = CFrame.new(2.9802322387695312e-08, -4.9243681132793427e-08, 0, 0.8526317477226257, 0.01589757576584816, 0.5222705006599426, -0.27930039167404175, 0.8586227297782898, 0.42983537912368774, -0.4415999948978424, -0.5123615860939026, 0.7365291118621826),
            ["LeftLowerLeg"] = CFrame.new(1.4901161193847656e-08, 0.0000826120376586914, 0.00007846951484680176, 1, -2.2351736461700966e-08, -1.4901157641133977e-08, -6.70552182668871e-08, 0.9999861121177673, 0.00526713440194726, 5.960463766996327e-08, -0.005267305765300989, 0.9999861121177673),
        }},
        {Time = 0.233, Data = {
            ["RightFoot"] = CFrame.new(6.05359673500061e-09, 4.172325134277344e-07, -1.6931153368204832e-08, 0.9984468817710876, -0.018506312742829323, 0.052549999207258224, 0.021939098834991455, 0.9976102113723755, -0.06551762670278549, -0.051211874932050705, 0.06656911969184875, 0.9964667558670044),
            ["LeftLowerArm"] = CFrame.new(-1.7881393432617188e-07, -1.1920928955078125e-07, -2.980232238769531e-07, 1, -6.33299421792799e-08, 5.587935447692871e-08, 7.82310962677002e-08, 0.5631927847862244, -0.8263256549835205, 3.725290298461914e-09, 0.8263256549835205, 0.5631927251815796),
            ["RightUpperArm"] = CFrame.new(-0.1376115083694458, -0.03871762752532959, 0.19835439324378967, 0.8580635786056519, -0.512422502040863, 0.033911991864442825, 0.32000768184661865, 0.5851708650588989, 0.7450974583625793, -0.40164899826049805, -0.6284888982772827, 0.6660929322242737),
            ["Head"] = CFrame.new(5.122274160385132e-09, -1.1920928955078125e-07, 4.6566128730773926e-09, 0.9949061870574951, -0.004299145191907883, 0.10071446746587753, 0.008262062445282936, 0.9992064237594604, -0.0389639176428318, -0.10046706348657608, 0.039597660303115845, 0.9941520690917969),
            ["LowerTorso"] = CFrame.new(-0.07896853238344193, -0.16385340690612793, 0, 0.9898892045021057, 0.002050851471722126, -0.14182798564434052, 0.003091106889769435, 0.9993461966514587, 0.036025065928697586, 0.1418091207742691, -0.036099232733249664, 0.9892355799674988),
            ["UpperTorso"] = CFrame.new(9.080395102500916e-09, 2.9802322387695312e-08, -1.862645149230957e-09, 0.9999250173568726, 0.0005262121558189392, 0.012235332280397415, -0.001177649013698101, 0.9985781311988831, 0.05329595506191254, -0.012189870700240135, -0.05330638214945793, 0.9985038042068481),
            ["HumanoidRootPart"] = CFrame.new(0, 0, 0, 1, 0, 0, 0, 1, 0, 0, 0, 1),
            ["RightUpperLeg"] = CFrame.new(0, -9.883660823106766e-08, 5.75528247281909e-09, 0.9990318417549133, 0.039967358112335205, 0.018384095281362534, -0.0186906848102808, 0.7639070749282837, -0.6450555920600891, -0.03982485830783844, 0.644087553024292, 0.7639144659042358),
            ["LeftUpperArm"] = CFrame.new(-0.16465222835540771, -0.1977386474609375, -0.018352285027503967, 0.14162109792232513, 0.6273099780082703, -0.7657844424247742, -0.692372739315033, 0.6156548857688904, 0.3762833774089813, 0.7075051665306091, 0.4769185781478882, 0.5215221047401428),
            ["RightLowerArm"] = CFrame.new(1.1920928955078125e-07, 2.980232238769531e-07, -1.2665987014770508e-07, 1, -8.381903171539307e-08, 6.51925802230835e-08, 1.4901159417490817e-08, 0.5609481334686279, -0.8278509974479675, 1.1175869119028903e-08, 0.8278509378433228, 0.5609481930732727),
            ["LeftHand"] = CFrame.new(-1.0058283805847168e-07, -1.7881393432617188e-07, 2.9802322387695312e-08, 1, -6.519259798665189e-09, -1.4901162970204496e-08, 9.033828973770142e-08, 1, 7.450581485102248e-09, -4.842877388000488e-08, 1.4901164746561335e-08, 1),
            ["LeftFoot"] = CFrame.new(8.940696716308594e-08, 5.960464477539063e-08, -8.940696716308594e-08, 0.9181919097900391, -0.10602788627147675, -0.3816828429698944, -0.07137810438871384, 0.903462290763855, -0.4226832687854767, 0.38965216279029846, 0.415348082780838, 0.8219837546348572),
            ["RightHand"] = CFrame.new(-1.6391277313232422e-07, 2.980232238769531e-07, 5.960464477539063e-08, 1, 3.725290298461914e-09, -2.3283064365386963e-08, -2.9802322387695312e-08, 1, -5.587935447692871e-09, 2.1886080503463745e-08, -1.210719347000122e-08, 1),
            ["RightLowerLeg"] = CFrame.new(-9.313225746154785e-09, -0.00008273124694824219, -0.00007839331374270841, 1, -5.5879341154252415e-09, -3.0267977013664904e-09, 1.30385160446167e-08, 0.6806756258010864, 0.7325847744941711, -4.6566128730773926e-09, -0.7325849533081055, 0.6806758642196655),
            ["LeftUpperLeg"] = CFrame.new(0, -1.0640360414981842e-07, 7.450580596923828e-09, 0.8603351712226868, 0.21921315789222717, 0.4601835608482361, -0.27449947595596313, 0.9599609971046448, 0.05590269714593887, -0.4295036494731903, -0.17441527545452118, 0.8860620856285095),
            ["LeftLowerLeg"] = CFrame.new(8.381903171539307e-08, 0.0000826716423034668, 0.00007843226194381714, 1, -2.421438694000244e-08, 1.4901161193847656e-08, 1.4901161193847656e-08, 0.757176399230957, 0.6532108783721924, -2.9802322387695312e-08, -0.6532105207443237, 0.7571761012077332),
        }},
        {Time = 0.267, Data = {
            ["RightFoot"] = CFrame.new(-4.330649971961975e-08, 3.5762786865234375e-07, -1.3205863069742918e-08, 0.9984476566314697, -0.023696167394518852, 0.05040859803557396, 0.0320097953081131, 0.9847306609153748, -0.1711166501045227, -0.0455840639770031, 0.17246484756469727, 0.9839604496955872),
            ["LeftLowerArm"] = CFrame.new(-1.4901161193847656e-07, 2.384185791015625e-07, 1.7881393432617188e-07, 1, -6.705522537231445e-08, 4.470348358154297e-08, 6.705522537231445e-08, 0.7101147174835205, -0.7040860056877136, 1.4901161193847656e-08, 0.7040860056877136, 0.7101147174835205),
            ["RightUpperArm"] = CFrame.new(-0.11821413040161133, -0.04097473621368408, 0.1834987848997116, 0.8524428606033325, -0.48386698961257935, 0.1980253905057907, 0.23912276327610016, 0.6976590752601624, 0.6753459572792053, -0.46493175625801086, -0.5283414721488953, 0.7104181051254272),
            ["Head"] = CFrame.new(0, 1.1920928955078125e-07, 1.3271346688270569e-08, 0.9981943964958191, -0.0036209502723068, 0.059957653284072876, 0.009209713898599148, 0.9956048130989075, -0.09319983422756195, -0.059356655925512314, 0.0935838520526886, 0.9938404560089111),
            ["LowerTorso"] = CFrame.new(-0.06341834366321564, -0.17407166957855225, 0, 0.9925037026405334, 0.0005075735389254987, -0.1222134679555893, 0.0027046564500778913, 0.9996552467346191, 0.026116440072655678, 0.12218457460403442, -0.026251204311847687, 0.9921602606773376),
            ["UpperTorso"] = CFrame.new(1.5133991837501526e-09, -8.940696716308594e-08, -2.3283064365386963e-09, 0.9994654059410095, 0.0007811767281964421, 0.03268522396683693, -0.0037386987823992968, 0.9958875179290771, 0.09052221477031708, -0.032480087131261826, -0.09059601277112961, 0.9953579902648926),
            ["HumanoidRootPart"] = CFrame.new(0, 0, 0, 1, 0, 0, 0, 1, 0, 0, 0, 1),
            ["RightUpperLeg"] = CFrame.new(0, -2.127781044691801e-07, -9.145878721028566e-09, 0.9992714524269104, 0.03800062835216522, 0.0035508067812770605, -0.027756154537200928, 0.7874203324317932, -0.6157912611961365, -0.02619638852775097, 0.6152440905570984, 0.7879013419151306),
            ["LeftUpperArm"] = CFrame.new(-0.1139153242111206, -0.12311124801635742, 0.047520458698272705, 0.3793075382709503, 0.4910452961921692, -0.7842196226119995, -0.35015857219696045, 0.860700786113739, 0.36957159638404846, 0.8564547300338745, 0.13441993296146393, 0.49841398000717163),
            ["RightLowerArm"] = CFrame.new(-1.7881393432617188e-07, -1.7881393432617188e-07, -2.980232238769531e-07, 1, -8.940696716308594e-08, 1.862645149230957e-08, 7.450580596923828e-08, 0.7555296421051025, -0.6551145315170288, 1.4901161193847656e-08, 0.6551145315170288, 0.7555296421051025),
            ["LeftHand"] = CFrame.new(-5.960464477539063e-08, 0, 0, 1, 0, -1.4901162970204496e-08, 2.2351745343485163e-08, 1, 1.4901162970204496e-08, -2.2351745343485163e-08, 7.450582373280668e-09, 1),
            ["LeftFoot"] = CFrame.new(4.470348358154297e-08, 1.1920928955078125e-07, -1.1920928955078125e-07, 0.923699140548706, 0.056049130856990814, -0.3789968192577362, -0.1725538969039917, 0.9440878629684448, -0.2809332609176636, 0.3420602083206177, 0.3248946964740753, 0.8817245364189148),
            ["RightHand"] = CFrame.new(1.6391277313232422e-07, -4.172325134277344e-07, -2.9802322387695312e-08, 1, 1.862645149230957e-09, 3.725290298461914e-09, -1.30385160446167e-08, 1, -7.450580596923828e-09, 3.725290298461914e-08, -1.4901161193847656e-08, 1),
            ["RightLowerLeg"] = CFrame.new(2.421438694000244e-08, -0.00008285045623779297, -0.0000783746872912161, 1, -1.8626440834168534e-08, 1.2107190805465962e-08, 1.1175870895385742e-08, 0.6513621807098389, 0.7587667107582092, -1.6763806343078613e-08, -0.7587668895721436, 0.6513625979423523),
            ["LeftUpperLeg"] = CFrame.new(-5.960464477539063e-08, -3.8204598240554333e-07, 0, 0.8629619479179382, 0.3804117441177368, 0.33254098892211914, -0.2786980867385864, 0.9073452949523926, -0.3147251009941101, -0.4214545488357544, 0.17891724407672882, 0.889024555683136),
            ["LeftLowerLeg"] = CFrame.new(-2.9802322387695312e-08, 0.00008243322372436523, 0.00007835030555725098, 1, 1.4901157641133977e-08, -8.195638656616211e-08, -1.1175872671742582e-08, 0.2151564508676529, 0.9765796661376953, 2.2351745343485163e-08, -0.9765796065330505, 0.21515625715255737),
        }},
        {Time = 0.300, Data = {
            ["RightFoot"] = CFrame.new(-2.2351741790771484e-08, 3.5762786865234375e-07, -1.673470251262188e-10, 0.9980068206787109, -0.03674396127462387, 0.05130588635802269, 0.0480402335524559, 0.9695560336112976, -0.24011094868183136, -0.04092134162783623, 0.24209745228290558, 0.9693887829780579),
