return {
    ["Passo Bem Solto"] = {
        {Time = 0.000, Data = {
            ["RightFoot"] = CFrame.new(-7.916241884231567e-08, 0.012771666049957275, -0.00010284984455211088, 0.9943815469741821, 0.08097652345895767, 0.06818375736474991, -0.061389777809381485, 0.9658451676368713, -0.25176098942756653, -0.0862359032034874, 0.2461422085762024, 0.9653846621513367),
            ["LeftLowerArm"] = CFrame.new(-0.0005166530609130859, 0.0996471643447876, 0.10839569568634033, 1, -2.123413480603631e-07, 7.45054506978704e-08, 2.980232594040899e-08, -0.08495122939348221, -0.9963850378990173, 3.054738328955864e-07, 0.9963851571083069, -0.08495199680328369),
            ["RightUpperArm"] = CFrame.new(2.384185791015625e-07, -2.384185791015625e-07, 2.2351741790771484e-08, 0.21875828504562378, -0.7498248815536499, 0.6244257092475891, 0.23780854046344757, 0.6615985631942749, 0.7111501693725586, -0.946357250213623, -0.007076248526573181, 0.3230449855327606),
            ["Head"] = CFrame.new(4.391768015921116e-08, 0, 6.984919309616089e-10, 0.9671223759651184, 0.22150695323944092, -0.1249363049864769, -0.2078392654657364, 0.9715402722358704, 0.1136329174041748, 0.14655108749866486, -0.08393026888370514, 0.9856361150741577),
            ["RightHand"] = CFrame.new(-0.0004995763301849365, 5.960464477539062e-07, 3.725290298461914e-08, 0.9832544922828674, 0.18214130401611328, 0.005941777024418116, -0.1813596785068512, 0.9811917543411255, -0.06611757725477219, -0.017872726544737816, 0.06393290311098099, 0.9977941513061523),
            ["UpperTorso"] = CFrame.new(1.3969838619232178e-08, 0, 1.5832483768463135e-08, 0.983222246170044, -0.13916528224945068, 0.11792834848165512, 0.1446036398410797, 0.9887268543243408, -0.03884609416127205, -0.11119287461042404, 0.05524720996618271, 0.992262065410614),
            ["HumanoidRootPart"] = CFrame.new(0, 0, 0, 1, 0, 0, 0, 1, 0, 0, 0, 1),
            ["RightUpperLeg"] = CFrame.new(-2.9802322387695312e-08, -9.12696123123169e-08, -3.894820110872388e-08, 0.9816729426383972, -0.09218445420265198, 0.16679345071315765, 0.12758970260620117, 0.9680401086807251, -0.21589620411396027, -0.14156024158000946, 0.23323917388916016, 0.9620649218559265),
            ["LeftUpperArm"] = CFrame.new(-1.1920928955078125e-07, 1.1920928955078125e-07, 5.4016709327697754e-08, 0.4050236940383911, 0.5235605239868164, -0.7495600581169128, -0.024062763899564743, 0.8256329298019409, 0.5636942982673645, 0.9139896035194397, -0.21027302742004395, 0.3469991683959961),
            ["RightLowerArm"] = CFrame.new(-5.960464477539063e-08, 0.09932637214660645, 0.11241094768047333, 1, 2.384182948844682e-07, -6.705490562808336e-08, -8.940696716308594e-08, -0.12510010600090027, -0.9921440482139587, -2.2351741790771484e-07, 0.9921441674232483, -0.12510085105895996),
            ["LeftHand"] = CFrame.new(0.0005164891481399536, 0.00010001659393310547, 3.129243850708008e-07, 0.8937210440635681, -0.37325865030288696, -0.2488810420036316, 0.3822203576564789, 0.9239771962165833, -0.013195771723985672, 0.23488394916057587, -0.08333268761634827, 0.9684442281723022),
            ["LeftFoot"] = CFrame.new(-3.930836101062596e-09, 0.0073004961013793945, -0.0000029631373763550073, 0.9768553972244263, -0.16362638771533966, -0.13777758181095123, 0.1265244036912918, 0.9613279700279236, -0.24463504552841187, 0.1724679321050644, 0.22152872383594513, 0.9597766399383545),
            ["LowerTorso"] = CFrame.new(0.16145464777946472, -0.11650419235229492, -0.19205501675605774, 0.9959337115287781, 0.051228344440460205, -0.07410646975040436, -0.05576178804039955, 0.9966121315956116, -0.06045711413025856, 0.07075828313827515, 0.06434359401464462, 0.9954161047935486),
            ["RightLowerLeg"] = CFrame.new(1.4901161193847656e-08, 0.06287837028503418, -0.013848362490534782, 1, 1.2013933314847236e-07, 2.048855485270451e-08, -1.0617077350616455e-07, 0.8592157959938049, 0.511608898639679, 3.3527612686157227e-08, -0.5116133093833923, 0.8592184782028198),
            ["LeftUpperLeg"] = CFrame.new(0, 1.555308699607849e-07, -0.000099940225481987, 0.949606716632843, 0.11362943053245544, 0.29212337732315063, -0.12839731574058533, 0.9912123680114746, 0.031834159046411514, -0.285939484834671, -0.06772435456514359, 0.9558507800102234),
            ["LeftLowerLeg"] = CFrame.new(6.705522537231445e-08, 0.03397136926651001, -0.0034419074654579163, 1, -3.725273245436256e-08, -2.235101170811049e-08, 7.520429079477253e-08, 0.9639174342155457, 0.26618692278862, -2.1420417439799166e-08, -0.26620158553123474, 0.9639214277267456),
        }},
        {Time = 0.034, Data = {
            ["RightFoot"] = CFrame.new(4.6566128730773926e-09, 0.01249319314956665, -0.00010271387145621702, 0.9938017725944519, 0.08503977209329605, 0.07160511612892151, -0.06518662720918655, 0.9675069451332092, -0.2443147897720337, -0.09004901349544525, 0.2381150722503662, 0.9670486450195312),
            ["LeftLowerArm"] = CFrame.new(-0.0005171298980712891, 0.096160888671875, 0.12744389474391937, 1, -1.9278355978258332e-07, 1.117581760468056e-07, 5.5879368687783426e-08, -0.2753971815109253, -0.961330235004425, 1.9371513815258368e-07, 0.9613305330276489, -0.2753981947898865),
            ["RightUpperArm"] = CFrame.new(1.1920928955078125e-07, -3.5762786865234375e-07, -2.9802322387695312e-08, 0.1952172815799713, -0.6116382479667664, 0.7666738629341125, 0.3402149975299835, 0.7754063606262207, 0.5319765210151672, -0.9198609590530396, 0.15698300302028656, 0.35946124792099),
            ["Head"] = CFrame.new(1.1175870895385742e-08, 0, -4.0279701352119446e-08, 0.9646518230438232, 0.21595141291618347, -0.15103593468666077, -0.2008434385061264, 0.9735209941864014, 0.10917382687330246, 0.1706128716468811, -0.07498014718294144, 0.9824812412261963),
            ["RightHand"] = CFrame.new(-0.0005000680685043335, 5.960464477539062e-07, 1.4901161193847656e-07, 0.9670696258544922, 0.25036728382110596, 0.045746099203825, -0.2507193088531494, 0.9680577516555786, 0.0020340776536613703, -0.04377542808651924, -0.013435782864689827, 0.9989510774612427),
            ["UpperTorso"] = CFrame.new(-1.862645149230957e-09, 1.7881393432617188e-07, -5.587935447692871e-09, 0.985973060131073, -0.12854735553264618, 0.1064557358622551, 0.13785675168037415, 0.9867764115333557, -0.08525197207927704, -0.09408910572528839, 0.09873179346323013, 0.9906560182571411),
            ["HumanoidRootPart"] = CFrame.new(0, 0, 0, 1, 0, 0, 0, 1, 0, 0, 0, 1),
            ["RightUpperLeg"] = CFrame.new(5.960464477539063e-08, 9.499490261077881e-08, -6.688787834718823e-08, 0.9855012893676758, -0.10111153870820999, 0.13624747097492218, 0.13326691091060638, 0.9583051204681396, -0.2527494728565216, -0.10501040518283844, 0.26725974678993225, 0.9578905701637268),
            ["LeftUpperArm"] = CFrame.new(-1.1920928955078125e-07, 1.1920928955078125e-07, -1.6763806343078613e-07, 0.3361084461212158, 0.46505576372146606, -0.8189958930015564, -0.1596737504005432, 0.8851343393325806, 0.437082976102829, 0.9281893372535706, -0.01613518036901951, 0.37175822257995605),
            ["RightLowerArm"] = CFrame.new(1.1920928955078125e-07, 0.09703028202056885, 0.12458820641040802, 1, 2.1606660993711557e-07, -7.078018882111792e-08, -3.725290653733282e-08, -0.24684831500053406, -0.9690539240837097, -2.011657045386528e-07, 0.9690541625022888, -0.2468491494655609),
            ["LeftHand"] = CFrame.new(0.0005172789096832275, 0.00010013580322265625, 4.3213367462158203e-07, 0.8269698619842529, -0.5108432173728943, -0.23486359417438507, 0.5291911363601685, 0.8483078479766846, 0.018193138763308525, 0.18994134664535522, -0.13933110237121582, 0.9718580842018127),
            ["LeftFoot"] = CFrame.new(-1.5515979612246156e-09, 0.007735192775726318, -0.000002927947207354009, 0.9795013070106506, -0.1540927290916443, -0.129750058054924, 0.12017374485731125, 0.9639127254486084, -0.23756425082683563, 0.16166478395462036, 0.21708957850933075, 0.9626672863960266),
            ["LowerTorso"] = CFrame.new(0.15364883840084076, -0.11439013481140137, -0.1761515736579895, 0.997787356376648, 0.04980449005961418, -0.04404451325535774, -0.050621479749679565, 0.9985622763633728, -0.01763194613158703, 0.043103039264678955, 0.01982252486050129, 0.9988740682601929),
            ["RightLowerLeg"] = CFrame.new(-5.029141902923584e-08, 0.06136322021484375, -0.013111179694533348, 1, 1.0896364699419792e-07, 1.4900756184488273e-08, -1.1734665861240501e-07, 0.8667281270027161, 0.4987758994102478, 5.401671643312511e-08, -0.4987809360027313, 0.8667310476303101),
            ["LeftUpperLeg"] = CFrame.new(-1.1920928955078125e-07, -6.05359673500061e-08, -0.000099940225481987, 0.9599940776824951, 0.11610697954893112, 0.25481605529785156, -0.11019431799650192, 0.9932058453559875, -0.03739674389362335, -0.2574272155761719, 0.007835186086595058, 0.9662661552429199),
            ["LeftLowerLeg"] = CFrame.new(-4.0978193283081055e-08, 0.03630805015563965, -0.0039934441447257996, 1, -3.3527449261328e-08, 1.1175513847661023e-08, 6.146728992462158e-08, 0.9583333730697632, 0.28563863039016724, 1.1175870895385742e-08, -0.2856523394584656, 0.9583374857902527),
        }},
        {Time = 0.069, Data = {
            ["RightFoot"] = CFrame.new(3.91155481338501e-08, 0.012141823768615723, -0.00010278278932673857, 0.9927476644515991, 0.09196262061595917, 0.07743442058563232, -0.07159309834241867, 0.9696641564369202, -0.23373852670192719, -0.09657447785139084, 0.2264828085899353, 0.9692111015319824),
            ["LeftLowerArm"] = CFrame.new(-0.0005177855491638184, 0.0939561128616333, 0.1342390924692154, 1, -1.8626435860369384e-07, 1.760190997401878e-07, 2.2351745343485163e-08, -0.34332776069641113, -0.9392153024673462, 2.0861628513557662e-07, 0.9392156600952148, -0.3433287441730499),
            ["RightUpperArm"] = CFrame.new(2.384185791015625e-07, -3.5762786865234375e-07, -7.450580596923828e-09, 0.21948829293251038, -0.4320363402366638, 0.8747395873069763, 0.4380691349506378, 0.8447784185409546, 0.3073189854621887, -0.871734082698822, 0.3157435357570648, 0.37468084692955017),
            ["Head"] = CFrame.new(-3.729655873030424e-08, -1.1920928955078125e-07, -1.2922100722789764e-08, 0.9594037532806396, 0.20183412730693817, -0.19699619710445404, -0.18541249632835388, 0.9776903390884399, 0.0987115278840065, 0.2125246375799179, -0.058178648352622986, 0.9754222631454468),
            ["RightHand"] = CFrame.new(-0.000499725341796875, 6.556510925292969e-07, 1.4901161193847656e-08, 0.9451099634170532, 0.31410422921180725, 0.0900321751832962, -0.3204227089881897, 0.9448974132537842, 0.06707140058279037, -0.06400337815284729, -0.09223679453134537, 0.9936779141426086),
            ["UpperTorso"] = CFrame.new(8.731149137020111e-09, -1.1920928955078125e-07, -1.6065314412117004e-08, 0.9903740286827087, -0.1095496192574501, 0.08460632711648941, 0.12209661304950714, 0.9793489575386047, -0.16114658117294312, -0.06520558893680573, 0.1699255257844925, 0.9832973480224609),
            ["HumanoidRootPart"] = CFrame.new(0, 0, 0, 1, 0, 0, 0, 1, 0, 0, 0, 1),
            ["RightUpperLeg"] = CFrame.new(-2.9802322387695312e-08, -4.069879651069641e-07, -7.806374924257398e-08, 0.9899634122848511, -0.11550591886043549, 0.08142957091331482, 0.13598395884037018, 0.9354336857795715, -0.3262840807437897, -0.038483861833810806, 0.3340993821620941, 0.9417579174041748),
            ["LeftUpperArm"] = CFrame.new(-1.1920928955078125e-07, -3.5762786865234375e-07, -4.470348358154297e-08, 0.30237770080566406, 0.33109205961227417, -0.8938376307487488, -0.317674845457077, 0.9191282987594604, 0.23299343883991241, 0.8986937403678894, 0.21349775791168213, 0.3831036388874054),
            ["RightLowerArm"] = CFrame.new(2.384185791015625e-07, 0.09580600261688232, 0.1289893388748169, 1, 2.16066638358825e-07, -1.71362557921384e-07, -7.078052277620372e-08, -0.2908491790294647, -0.9567687511444092, -2.533197687171196e-07, 0.9567689895629883, -0.2908499538898468),
            ["LeftHand"] = CFrame.new(0.0005178153514862061, 0.00010019540786743164, 3.7066638469696045e-07, 0.7504984736442566, -0.6162894368171692, -0.23862133920192719, 0.6431703567504883, 0.764132559299469, 0.04933280497789383, 0.15193390846252441, -0.19049617648124695, 0.9698589444160461),
            ["LeftFoot"] = CFrame.new(-5.543370207305998e-10, 0.008565545082092285, -0.0000028714785003103316, 0.9832879304885864, -0.1392677128314972, -0.11726700514554977, 0.11024093627929688, 0.9680367112159729, -0.22529491782188416, 0.14488603174686432, 0.2085893452167511, 0.967207670211792),
            ["LowerTorso"] = CFrame.new(0.1414414644241333, -0.11343061923980713, -0.146218940615654, 0.9991093873977661, 0.04110724851489067, 0.009522824548184872, -0.04162686690688133, 0.9971453547477722, 0.06299625337123871, -0.006906015798449516, -0.06333655118942261, 0.9979684352874756),
            ["RightLowerLeg"] = CFrame.new(1.993030309677124e-07, 0.059436798095703125, -0.012208433821797371, 1, 1.1920813847154932e-07, 2.4213726135258185e-08, -1.2014059791454201e-07, 0.8759222626686096, 0.48244643211364746, 5.029141192380848e-08, -0.4824521839618683, 0.8759255409240723),
            ["LeftUpperLeg"] = CFrame.new(-5.960464477539063e-08, -3.688037395477295e-07, -0.00010001589544117451, 0.9749780893325806, 0.117979995906353, 0.18841153383255005, -0.08601509034633636, 0.981743574142456, -0.16963542997837067, -0.20498570799827576, 0.1491992026567459, 0.9673288464546204),
            ["LeftLowerLeg"] = CFrame.new(8.940696716308594e-08, 0.04086196422576904, -0.005197614431381226, 1, -8.195591760795651e-08, -2.9801395129425146e-08, 8.568168397005138e-08, 0.9461328983306885, 0.3237663209438324, -3.725290653733282e-08, -0.32377874851226807, 0.9461371302604675),
        }},
        {Time = 0.103, Data = {
            ["RightFoot"] = CFrame.new(-1.1548399925231934e-07, 0.012034595012664795, -0.0001027548496495001, 0.992202639579773, 0.09534227102994919, 0.08028026670217514, -0.07464516907930374, 0.970359206199646, -0.22986669838428497, -0.09981030225753784, 0.22206513583660126, 0.9699053764343262),
            ["LeftLowerArm"] = CFrame.new(-0.0005183219909667969, 0.09360182285308838, 0.13519610464572906, 1, -1.1920920428565296e-07, 9.313181692505168e-08, 7.450581307466564e-08, -0.35289713740348816, -0.9356617331504822, 1.695007227908718e-07, 0.9356622099876404, -0.35289812088012695),
            ["RightUpperArm"] = CFrame.new(2.384185791015625e-07, -1.1920928955078125e-07, -8.940696716308594e-08, 0.2305983453989029, -0.4143059253692627, 0.8804402351379395, 0.4319913387298584, 0.8543576598167419, 0.28888845443725586, -0.8718990087509155, 0.31372538208961487, 0.37599003314971924),
            ["Head"] = CFrame.new(-4.598405212163925e-09, 0, -5.960464477539063e-08, 0.956308901309967, 0.19098716974258423, -0.22135323286056519, -0.1746453493833542, 0.9803826808929443, 0.09137248247861862, 0.23446182906627655, -0.048722006380558014, 0.9709036946296692),
            ["RightHand"] = CFrame.new(-0.000499628484249115, 5.960464477539062e-07, 1.6391277313232422e-07, 0.9573391079902649, 0.27968907356262207, 0.0726366639137268, -0.27802300453186035, 0.9600305557250977, -0.03232136741280556, -0.07877277582883835, 0.010748329572379589, 0.9968346357345581),
            ["UpperTorso"] = CFrame.new(-9.778887033462524e-09, 5.960464477539063e-08, -2.3748725652694702e-08, 0.992678701877594, -0.09645542502403259, 0.0727015882730484, 0.10928951948881149, 0.9735564589500427, -0.20060810446739197, -0.0514293909072876, 0.20708487927913666, 0.9769703149795532),
            ["HumanoidRootPart"] = CFrame.new(0, 0, 0, 1, 0, 0, 0, 1, 0, 0, 0, 1),
            ["RightUpperLeg"] = CFrame.new(-2.9802322387695312e-08, -1.30385160446167e-07, -1.0600342648103833e-07, 0.9911101460456848, -0.1222606971859932, 0.05246760696172714, 0.13300253450870514, 0.9203542470932007, -0.3677586615085602, -0.0033259899355471134, 0.37148410081863403, 0.9284399151802063),
            ["LeftUpperArm"] = CFrame.new(-2.384185791015625e-07, -1.1920928955078125e-07, -1.1175870895385742e-07, 0.31130507588386536, 0.2586205005645752, -0.914442241191864, -0.3448157012462616, 0.9274184703826904, 0.1449042558670044, 0.8855457901954651, 0.27020466327667236, 0.37788647413253784),
            ["RightLowerArm"] = CFrame.new(-5.960464477539063e-08, 0.09561491012573242, 0.129612997174263, 1, 1.825390540943772e-07, -2.272416281812184e-07, -7.078051567077637e-08, -0.29708296060562134, -0.9548513889312744, -2.2351741790771484e-07, 0.9548516869544983, -0.29708391427993774),
            ["LeftHand"] = CFrame.new(0.00051841139793396, 0.00010019540786743164, 3.650784492492676e-07, 0.7901175022125244, -0.5861601233482361, -0.17925195395946503, 0.5856496691703796, 0.8082296252250671, -0.06147800013422966, 0.18091130256652832, -0.05640299990773201, 0.9818804860115051),
            ["LeftFoot"] = CFrame.new(-2.5138888304354623e-08, 0.009022116661071777, -0.0000028381837182678282, 0.9848361611366272, -0.132711723446846, -0.11174669861793518, 0.1058681383728981, 0.9699791669845581, -0.21894782781600952, 0.1374402791261673, 0.20378431677818298, 0.9693165421485901),
            ["LowerTorso"] = CFrame.new(0.13606929779052734, -0.11445903778076172, -0.13001792132854462, 0.9987586736679077, 0.032958440482616425, 0.037347421050071716, -0.03678125515580177, 0.99360191822052, 0.10678178817033768, -0.03358910605311394, -0.10802292823791504, 0.9935808181762695),
            ["RightLowerLeg"] = CFrame.new(3.166496753692627e-08, 0.05885016918182373, -0.011941442266106606, 1, 1.1920815268240403e-07, 1.8625934572469305e-08, -1.126900315284729e-07, 0.8786407113075256, 0.47747766971588135, 3.725290298461914e-08, -0.47748345136642456, 0.8786439895629883),
            ["LeftUpperLeg"] = CFrame.new(-1.1920928955078125e-07, -7.543712854385376e-08, -0.00010005943477153778, 0.981074869632721, 0.11773916333913803, 0.1537209451198578, -0.07821320742368698, 0.9672073721885681, -0.24163132905960083, -0.1771298050880432, 0.2250501662492752, 0.9581149220466614),
            ["LeftLowerLeg"] = CFrame.new(-4.842877388000488e-08, 0.043394267559051514, -0.005943126976490021, 1, -5.960426818774067e-08, -1.8625881281764123e-08, 6.891787052154541e-08, 0.9385745525360107, 0.34506505727767944, -1.4901161193847656e-08, -0.34507665038108826, 0.9385787844657898),
        }},
        {Time = 0.138, Data = {
            ["RightFoot"] = CFrame.new(-3.259629011154175e-08, 0.012029409408569336, -0.00010276602552039549, 0.9923015832901001, 0.09473796933889389, 0.07977141439914703, -0.07413268834352493, 0.970316469669342, -0.23021283745765686, -0.09920701384544373, 0.22251032292842865, 0.9698652625083923),
            ["LeftLowerArm"] = CFrame.new(-0.0005188584327697754, 0.09595143795013428, 0.12816691398620605, 1, -1.713632116207009e-07, 1.34109797045312e-07, 1.4901162970204496e-08, -0.2826269567012787, -0.9592296481132507, 1.778826259624111e-07, 0.9592299461364746, -0.28262782096862793),
            ["RightUpperArm"] = CFrame.new(1.1920928955078125e-07, -5.960464477539062e-07, -1.4901161193847656e-08, 0.23127499222755432, -0.4108871519565582, 0.8818637728691101, 0.4328588545322418, 0.8552372455596924, 0.2849607765674591, -0.8712893724441528, 0.31581810116767883, 0.37565115094184875),
            ["Head"] = CFrame.new(-1.9121216610074043e-08, -3.5762786865234375e-07, 2.8405338525772095e-08, 0.9629085063934326, 0.17206647992134094, -0.20784705877304077, -0.15464191138744354, 0.9831497073173523, 0.09748095273971558, 0.22111794352531433, -0.06172335520386696, 0.9732919335365295),
            ["RightHand"] = CFrame.new(-0.0004997849464416504, 1.1920928955078125e-07, 1.1920928955078125e-07, 0.9788340330123901, 0.1980619877576828, 0.05153166875243187, -0.1825479120016098, 0.9587975740432739, -0.21767885982990265, -0.0925215408205986, 0.2036631554365158, 0.9746592044830322),
            ["UpperTorso"] = CFrame.new(-1.862645149230957e-09, 2.9802322387695312e-08, -1.909211277961731e-08, 0.9933086633682251, -0.09041453897953033, 0.07185642421245575, 0.10114274173974991, 0.9813755750656128, -0.16331598162651062, -0.05575201287865639, 0.16949090361595154, 0.983953595161438),
            ["HumanoidRootPart"] = CFrame.new(0, 0, 0, 1, 0, 0, 0, 1, 0, 0, 0, 1),
            ["RightUpperLeg"] = CFrame.new(-8.940696716308594e-08, 1.1082738637924194e-07, -8.691131370142102e-08, 0.991676926612854, -0.1177264079451561, 0.05212712287902832, 0.1283947378396988, 0.9343650937080383, -0.33236342668533325, -0.009577454999089241, 0.33630698919296265, 0.9417098164558411),
            ["LeftUpperArm"] = CFrame.new(-1.1920928955078125e-07, -2.384185791015625e-07, -1.1175870895385742e-07, 0.3332890272140503, 0.19950048625469208, -0.9214760661125183, -0.321492075920105, 0.9428290724754333, 0.08784288167953491, 0.8863189220428467, 0.2669701874256134, 0.3783724308013916),
            ["RightLowerArm"] = CFrame.new(-2.980232238769531e-07, 0.09807121753692627, 0.12004011869430542, 1, 1.9371493920061766e-07, -7.450544359244304e-08, 3.725290742551124e-09, -0.20137931406497955, -0.9795131683349609, -2.1606686573250045e-07, 0.9795133471488953, -0.20138020813465118),
            ["LeftHand"] = CFrame.new(0.0005193054676055908, 0.00010001659393310547, -4.470348358154297e-08, 0.8719095587730408, -0.4787214994430542, -0.10295560956001282, 0.437014102935791, 0.8556069135665894, -0.2774101793766022, 0.220890074968338, 0.1968822330236435, 0.9552192687988281),
            ["LeftFoot"] = CFrame.new(3.121840563835576e-08, 0.009264528751373291, -0.00000286707108898554, 0.9846181869506836, -0.13365469872951508, -0.11254048347473145, 0.10572272539138794, 0.9685400724411011, -0.22529761493206024, 0.13910338282585144, 0.20992030203342438, 0.9677684307098389),
            ["LowerTorso"] = CFrame.new(0.1369236409664154, -0.11620807647705078, -0.1311715841293335, 0.9989102482795715, 0.030474133789539337, 0.03535190224647522, -0.03288200497627258, 0.9970288276672363, 0.06965912133455276, -0.033124059438705444, -0.07074563205242157, 0.9969442486763),
            ["RightLowerLeg"] = CFrame.new(1.3969838619232178e-07, 0.0588187575340271, -0.011927170678973198, 1, 1.0989499088509547e-07, 1.4900752631774594e-08, -8.847565169389782e-08, 0.8787860870361328, 0.4772099554538727, 2.980232594040899e-08, -0.47721582651138306, 0.8787893652915955),
            ["LeftUpperLeg"] = CFrame.new(8.940696716308594e-08, 1.4808028936386108e-07, -0.00010002637282013893, 0.9803791046142578, 0.1235477551817894, 0.15360108017921448, -0.08944772183895111, 0.97319495677948, -0.21185936033725739, -0.1756589561700821, 0.19397857785224915, 0.9651541113853455),
            ["LeftLowerLeg"] = CFrame.new(-8.195638656616211e-08, 0.04474085569381714, -0.0063619464635849, 1, -6.705475641410885e-08, 7.450354111426805e-09, 6.519258732851085e-08, 0.9343271851539612, 0.3564053475856781, -1.862645326866641e-08, -0.3564164638519287, 0.9343314170837402),
        }},
        {Time = 0.172, Data = {
            ["RightFoot"] = CFrame.new(-1.7695128917694092e-08, 0.011675834655761719, -0.00010287964687449858, 0.9925678968429565, 0.0930912047624588, 0.07838485389947891, -0.0736125037074089, 0.972168505191803, -0.22243382036685944, -0.09690359979867935, 0.2149944007396698, 0.971791684627533),
            ["LeftLowerArm"] = CFrame.new(-0.0005195736885070801, 0.09925150871276855, 0.11221294105052948, 1, -2.793965165892587e-07, 1.1548344502898544e-07, 5.960465188081798e-08, -0.12312379479408264, -0.9923912882804871, 2.13272898008654e-07, 0.9923912882804871, -0.1231246367096901),
            ["RightUpperArm"] = CFrame.new(2.384185791015625e-07, -2.384185791015625e-07, 0, 0.2426871955394745, -0.39975887537002563, 0.8839094638824463, 0.42223963141441345, 0.8638429045677185, 0.27475300431251526, -0.8733938336372375, 0.3065425157546997, 0.37843766808509827),
            ["Head"] = CFrame.new(-1.4668330550193787e-08, 2.384185791015625e-07, -4.7963112592697144e-08, 0.9754091501235962, 0.13447877764701843, -0.17462141811847687, -0.11613930761814117, 0.9869720339775085, 0.1113463044166565, 0.18732017278671265, -0.0883278101682663, 0.9783196449279785),
            ["RightHand"] = CFrame.new(-0.0004994869232177734, 2.384185791015625e-07, 5.960464477539063e-08, 0.9917294383049011, 0.11705931276082993, 0.05263081192970276, -0.09483343362808228, 0.944646418094635, -0.3140879273414612, -0.08648368716239929, 0.30649682879447937, 0.9479340314865112),
            ["UpperTorso"] = CFrame.new(-1.4901161193847656e-08, 1.4901161193847656e-07, 1.1175870895385742e-08, 0.9940907955169678, -0.08234275877475739, 0.07073404639959335, 0.08787568658590317, 0.9929907321929932, -0.0790395438671112, -0.06372992694377899, 0.08478827029466629, 0.9943588376045227),
            ["HumanoidRootPart"] = CFrame.new(0, 0, 0, 1, 0, 0, 0, 1, 0, 0, 0, 1),
            ["RightUpperLeg"] = CFrame.new(-2.9802322387695312e-08, 4.4121406972408295e-08, -7.433845894411206e-08, 0.992892861366272, -0.10703342407941818, 0.05203530192375183, 0.11656631529331207, 0.9627942442893982, -0.24378462135791779, -0.024005891755223274, 0.24813523888587952, 0.9684324860572815),
            ["LeftUpperArm"] = CFrame.new(-1.1920928955078125e-07, 0, -8.940696716308594e-08, 0.3512974679470062, 0.17497694492340088, -0.9197680950164795, -0.30030950903892517, 0.9515334367752075, 0.06631936132907867, 0.8867944478988647, 0.25291723012924194, 0.3868184983730316),
            ["RightLowerArm"] = CFrame.new(1.7881393432617188e-07, 0.10008078813552856, 0.09804326295852661, 1, 2.533195129217347e-07, -1.00582347783984e-07, -1.862645326866641e-08, 0.018567141145467758, -0.9998276233673096, -2.533197687171196e-07, 0.9998276829719543, 0.018566487357020378),
            ["LeftHand"] = CFrame.new(0.0005199313163757324, 0.00010013580322265625, -1.0989606380462646e-07, 0.9406526684761047, -0.3256514072418213, -0.09552150964736938, 0.2655937075614929, 0.8816145658493042, -0.3901508152484894, 0.21126461029052734, 0.34162411093711853, 0.9157826900482178),
            ["LeftFoot"] = CFrame.new(-6.882555680931546e-08, 0.009386181831359863, -0.0000029516922950278968, 0.9842154383659363, -0.13537976145744324, -0.11399292200803757, 0.1063750758767128, 0.9672837257385254, -0.23033232986927032, 0.14143714308738708, 0.21455644071102142, 0.9664123058319092),
            ["LowerTorso"] = CFrame.new(0.1387804001569748, -0.1141512393951416, -0.13391757011413574, 0.9992496967315674, 0.024267150089144707, 0.030185667797923088, -0.02390119433403015, 0.9996371865272522, -0.012425735592842102, -0.030476240441203117, 0.011694944463670254, 0.9994670748710632),
            ["RightLowerLeg"] = CFrame.new(7.636845111846924e-08, 0.05686342716217041, -0.011062392964959145, 1, 1.0896371804847149e-07, 1.1175563585652526e-08, -1.1455269088855857e-07, 0.8875868916511536, 0.46063363552093506, 4.284084198502569e-08, -0.4606403708457947, 0.8875904083251953),
            ["LeftUpperLeg"] = CFrame.new(-5.960464477539063e-08, -7.438939064741135e-08, -0.00009999051690101624, 0.9785270094871521, 0.13477341830730438, 0.1559530794620514, -0.11416587978601456, 0.9843385219573975, -0.1343121975660324, -0.17161282896995544, 0.11363953351974487, 0.9785903096199036),
            ["LeftLowerLeg"] = CFrame.new(-1.30385160446167e-07, 0.04540818929672241, -0.0065744370222091675, 1, -7.450528016761382e-08, -7.450357664140483e-09, 7.82310962677002e-08, 0.9321708679199219, 0.3620077669620514, 3.725290298461914e-09, -0.36201879382133484, 0.9321751594543457),
        }},
        {Time = 0.207, Data = {
            ["RightFoot"] = CFrame.new(-5.494803190231323e-08, 0.010652363300323486, -0.00010290199861628935, 0.9929113984107971, 0.09092187881469727, 0.07655832171440125, -0.07426057010889053, 0.9774438142776489, -0.1977231353521347, -0.0928027406334877, 0.1906224489212036, 0.9772637486457825),
            ["LeftLowerArm"] = CFrame.new(-0.0005203485488891602, 0.09991735219955444, 0.09593541920185089, 1, -1.6391261681292235e-07, 2.980218383186184e-08, 4.470348358154297e-08, 0.03964728116989136, -0.9992137551307678, 1.9185245037078857e-07, 0.9992138147354126, 0.039646659046411514),
            ["RightUpperArm"] = CFrame.new(1.1920928955078125e-07, -2.384185791015625e-07, 7.450580596923828e-09, 0.29107627272605896, -0.3510873019695282, 0.889950692653656, 0.373507022857666, 0.8981102705001831, 0.2321433573961258, -0.8807765245437622, 0.26483139395713806, 0.3925522267818451),
            ["Head"] = CFrame.new(1.257285475730896e-08, 1.1920928955078125e-07, -1.3504177331924438e-08, 0.9866155385971069, 0.0937882661819458, -0.1333925426006317, -0.07760720700025558, 0.9895250797271729, 0.1217261254787445, 0.1434117555618286, -0.10974466055631638, 0.9835594296455383),
            ["RightHand"] = CFrame.new(-0.0004998892545700073, 1.7881393432617188e-07, 5.960464477539063e-08, 0.978373646736145, 0.08952007442712784, 0.18647214770317078, -0.044940270483493805, 0.9719581007957458, -0.23082147538661957, -0.20190449059009552, 0.21744824945926666, 0.9549605250358582),
            ["UpperTorso"] = CFrame.new(1.6763806343078613e-08, 0, -2.0954757928848267e-09, 0.9949508309364319, -0.0710940733551979, 0.0708417221903801, 0.07055065780878067, 0.9974566698074341, 0.010146948508918285, -0.07138293981552124, -0.005097789224237204, 0.997435986995697),
            ["HumanoidRootPart"] = CFrame.new(0, 0, 0, 1, 0, 0, 0, 1, 0, 0, 0, 1),
            ["RightUpperLeg"] = CFrame.new(1.1920928955078125e-07, -6.984919309616089e-08, -5.664333002641797e-08, 0.9942343235015869, -0.09273878484964371, 0.05383012071251869, 0.09928473085165024, 0.9857993125915527, -0.13541656732559204, -0.04050708934664726, 0.1399974226951599, 0.9893254041671753),
            ["LeftUpperArm"] = CFrame.new(-1.1920928955078125e-07, -2.384185791015625e-07, 7.450580596923828e-09, 0.37435272336006165, 0.2644988000392914, -0.8887635469436646, -0.21782027184963226, 0.956720769405365, 0.19297589361667633, 0.9013403654098511, 0.12134956568479538, 0.4157642126083374),
            ["RightLowerArm"] = CFrame.new(5.960464477539063e-08, 0.09719133377075195, 0.07605673372745514, 1, 1.937148823571988e-07, 4.47032775241496e-08, -4.470348358154297e-08, 0.23846197128295898, -0.9711518883705139, -2.384185791015625e-07, 0.9711518883705139, 0.23846176266670227),
            ["LeftHand"] = CFrame.new(0.0005206167697906494, 0.0000997781753540039, -5.960464477539063e-08, 0.8708465099334717, -0.23152759671211243, -0.4336177706718445, 0.0759335458278656, 0.9349023103713989, -0.3466885983943939, 0.4856547713279724, 0.26898452639579773, 0.8317347764968872),
            ["LeftFoot"] = CFrame.new(-9.67088453762699e-09, 0.00897294282913208, -0.0000030097535272943787, 0.9839119911193848, -0.13666413724422455, -0.11507442593574524, 0.10828783363103867, 0.9684844613075256, -0.22431568801403046, 0.14209499955177307, 0.2082323431968689, 0.9676985144615173),
            ["LowerTorso"] = CFrame.new(0.14058133959770203, -0.10262942314147949, -0.13687476515769958, 0.9996429085731506, 0.014040365815162659, 0.022737277671694756, -0.011821520514786243, 0.9954129457473755, -0.09493905305862427, -0.023965967819094658, 0.09463636577129364, 0.9952234029769897),
            ["RightLowerLeg"] = CFrame.new(9.685754776000977e-08, 0.05116260051727295, -0.008756881579756737, 1, 9.406278422829928e-08, 0, -8.568167686462402e-08, 0.9110296964645386, 0.41233205795288086, 3.166496753692627e-08, -0.41234090924263, 0.9110336303710938),
            ["LeftUpperLeg"] = CFrame.new(0, -8.987262845039368e-08, -0.0000999942421913147, 0.9755939245223999, 0.14655154943466187, 0.1635226607322693, -0.1417062133550644, 0.9890603423118591, -0.04096325859427452, -0.16773749887943268, 0.01680697500705719, 0.9856887459754944),
            ["LeftLowerLeg"] = CFrame.new(-5.21540641784668e-08, 0.04311668872833252, -0.005858398973941803, 1, -8.940638451804261e-08, 1.3038118140684674e-08, 8.568168397005138e-08, 0.9394335150718689, 0.34271955490112305, -3.725290742551124e-09, -0.34273141622543335, 0.9394378066062927),
        }},
        {Time = 0.241, Data = {
            ["RightFoot"] = CFrame.new(7.171183824539185e-08, 0.009248435497283936, -0.00010291317448718473, 0.9931214451789856, 0.08956945687532425, 0.07541973143815994, -0.07637004554271698, 0.9837246537208557, -0.16265572607517242, -0.08875545859336853, 0.15576694905757904, 0.983796238899231),
            ["LeftLowerArm"] = CFrame.new(-0.0005210638046264648, 0.09934192895889282, 0.08854605257511139, 1, -2.0116547716497735e-07, 2.23516387620748e-08, 5.4016709327697754e-08, 0.11354623734951019, -0.9935328364372253, 2.2724270820617676e-07, 0.9935327172279358, 0.11354587972164154),
            ["RightUpperArm"] = CFrame.new(-5.960464477539063e-08, -3.5762786865234375e-07, -3.725290298461914e-08, 0.34451109170913696, -0.31388258934020996, 0.8847541213035583, 0.33728256821632385, 0.920906662940979, 0.1953752189874649, -0.8761007785797119, 0.23110321164131165, 0.42312973737716675),
            ["Head"] = CFrame.new(-1.4901161193847656e-08, 0, -4.470348358154297e-08, 0.9931583404541016, 0.06783200055360794, -0.09505435079336166, -0.05664747580885887, 0.9916572570800781, 0.1157882809638977, 0.10211547464132309, -0.10961151123046875, 0.9887152314186096),
            ["RightHand"] = CFrame.new(-0.0004998892545700073, 5.960464477539062e-07, 3.8743019104003906e-07, 0.9344059228897095, 0.06539241224527359, 0.35015907883644104, -0.053146056830883026, 0.9975956678390503, -0.04448096081614494, -0.3522229492664337, 0.02295403927564621, 0.9356335401535034),
            ["UpperTorso"] = CFrame.new(-6.51925802230835e-09, 1.4901161193847656e-07, -3.725290298461914e-09, 0.9957447648048401, -0.05566665902733803, 0.07344213873147964, 0.051222383975982666, 0.9968183040618896, 0.06107025220990181, -0.07660805433988571, -0.0570484921336174, 0.9954279065132141),
            ["HumanoidRootPart"] = CFrame.new(0, 0, 0, 1, 0, 0, 0, 1, 0, 0, 0, 1),
            ["RightUpperLeg"] = CFrame.new(-2.9802322387695312e-08, 8.655479177832603e-08, -6.968184607103467e-08, 0.9951533675193787, -0.07781656086444855, 0.060120485723018646, 0.08153437077999115, 0.9947351217269897, -0.06206711009144783, -0.054973941296339035, 0.06668386608362198, 0.9962596893310547),
            ["LeftUpperArm"] = CFrame.new(-2.384185791015625e-07, -1.1920928955078125e-07, -1.862645149230957e-07, 0.4120282828807831, 0.35717543959617615, -0.8382471799850464, -0.14857755601406097, 0.9339905977249146, 0.3249405026435852, 0.8989757895469666, -0.009340062737464905, 0.437898725271225),
            ["RightLowerArm"] = CFrame.new(5.960464477539063e-08, 0.0943218469619751, 0.0664997398853302, 1, 2.8312177846601116e-07, 4.470327041872224e-08, -5.215405707303944e-08, 0.33406001329421997, -0.9425519108772278, -2.533197118737007e-07, 0.9425517916679382, 0.3340599238872528),
            ["LeftHand"] = CFrame.new(0.0005209147930145264, 0.00010001659393310547, 1.5832483768463135e-07, 0.6815553903579712, -0.14021626114845276, -0.7182104587554932, 0.03616757318377495, 0.9867257475852966, -0.15831778943538666, 0.7308721542358398, 0.08192626386880875, 0.6775760054588318),
            ["LeftFoot"] = CFrame.new(1.18004663818283e-07, 0.00832521915435791, -0.000002981611032737419, 0.9838123917579651, -0.13708271086215973, -0.11542695015668869, 0.11014176905155182, 0.9706147313117981, -0.21396516263484955, 0.1413574516773224, 0.19777646660804749, 0.969997763633728),
            ["LowerTorso"] = CFrame.new(0.14098325371742249, -0.08771765232086182, -0.13870857656002045, 0.9999224543571472, 0.00023464951664209366, 0.012454017996788025, 0.0014307427918538451, 0.9910416603088379, -0.13354550302028656, -0.012373789213597775, 0.1335529386997223, 0.9909644722938538),
            ["RightLowerLeg"] = CFrame.new(3.725290298461914e-09, 0.043335139751434326, -0.006085971370339394, 1, 9.033769998723074e-08, 1.3969412293590722e-08, -8.381903171539307e-08, 0.9381399154663086, 0.3462449014186859, 3.91155481338501e-08, -0.3462565839290619, 0.9381442070007324),
            ["LeftUpperLeg"] = CFrame.new(-5.960464477539063e-08, 1.4757097233086824e-07, -0.00010000122711062431, 0.9715648293495178, 0.15759381651878357, 0.17671068012714386, -0.16288164258003235, 0.9865202903747559, 0.015748269855976105, -0.1718474179506302, -0.04406864196062088, 0.9841368198394775),
            ["LeftLowerLeg"] = CFrame.new(7.078051567077637e-08, 0.03953397274017334, -0.004828557372093201, 1, -5.960430371487746e-08, -2.2351034800749403e-08, 5.774199252073231e-08, 0.9498729109764099, 0.3126235604286194, -3.7252898543727042e-09, -0.3126366436481476, 0.949877142906189),
        }},
        {Time = 0.276, Data = {
            ["RightFoot"] = CFrame.new(-2.0489096641540527e-08, 0.007925570011138916, -0.00010292435035808012, 0.9925294518470764, 0.09333030134439468, 0.07858651131391525, -0.08339084684848785, 0.989088773727417, -0.12145271897315979, -0.08905859291553497, 0.113986074924469, 0.9894814491271973),
            ["LeftLowerArm"] = CFrame.new(-0.0005218386650085449, 0.09974879026412964, 0.09292048215866089, 1, -2.7567119786908734e-07, 3.725272890164888e-08, 5.960465188081798e-08, 0.06979727745056152, -0.9975612163543701, 2.3469331722481002e-07, 0.9975611567497253, 0.06979682296514511),
            ["RightUpperArm"] = CFrame.new(0, -2.384185791015625e-07, -5.960464477539063e-08, 0.374235063791275, -0.3222459852695465, 0.8695433139801025, 0.37514370679855347, 0.9101369976997375, 0.17583511769771576, -0.8480657339096069, 0.2603999674320221, 0.46149390935897827),
            ["Head"] = CFrame.new(6.752088665962219e-09, 1.1920928955078125e-07, -1.30385160446167e-08, 0.9965723156929016, 0.05069754645228386, -0.06537225097417831, -0.04416573792695999, 0.994229793548584, 0.097757987678051, 0.0699511170387268, -0.09453568607568741, 0.9930608868598938),
            ["RightHand"] = CFrame.new(-0.0004998445510864258, 4.76837158203125e-07, -2.9802322387695312e-08, 0.907436192035675, 0.12047892808914185, 0.40255022048950195, -0.18186375498771667, 0.9762448072433472, 0.1177816092967987, -0.3787943422794342, -0.1800864040851593, 0.9077890515327454),
            ["UpperTorso"] = CFrame.new(-1.5599653124809265e-08, 0, 1.7695128917694092e-08, 0.9958087205886841, -0.03220798820257187, 0.08560146391391754, 0.027861233800649643, 0.9982843995094299, 0.051497600972652435, -0.08711326122283936, -0.04889679700136185, 0.9949977397918701),
            ["HumanoidRootPart"] = CFrame.new(0, 0, 0, 1, 0, 0, 0, 1, 0, 0, 0, 1),
            ["RightUpperLeg"] = CFrame.new(-2.9802322387695312e-08, -3.604218363761902e-07, -3.987952368333936e-08, 0.9946748614311218, -0.06725666671991348, 0.07809248566627502, 0.0721946731209755, 0.9954470992088318, -0.062219321727752686, -0.07355212420225143, 0.06754004210233688, 0.9950027465820312),
            ["LeftUpperArm"] = CFrame.new(-1.1920928955078125e-07, -1.1920928955078125e-07, 7.450580596923828e-09, 0.42824259400367737, 0.34865349531173706, -0.8336960673332214, -0.21788983047008514, 0.9351922869682312, 0.2791765630245209, 0.8770020008087158, 0.06209859251976013, 0.4764572083950043),
            ["RightLowerArm"] = CFrame.new(-4.172325134277344e-07, 0.09738004207611084, 0.07683640718460083, 1, 3.725286319422594e-07, -7.450544359244304e-08, -1.1920927533992653e-07, 0.23066236078739166, -0.9730339050292969, -2.0861622829215776e-07, 0.9730338454246521, 0.23066213726997375),
            ["LeftHand"] = CFrame.new(0.0005217194557189941, 0.00010001659393310547, 2.2351741790771484e-08, 0.7299380302429199, -0.1812439262866974, -0.6590487957000732, 0.28417453169822693, 0.9573917388916016, 0.051449909806251526, 0.6216391921043396, -0.2248375415802002, 0.7503383159637451),
            ["LeftFoot"] = CFrame.new(-1.1856172932311893e-08, 0.008967220783233643, -0.0000029460061341524124, 0.9856657981872559, -0.13827376067638397, -0.09666847437620163, 0.11812404543161392, 0.9746977686882019, -0.18977715075016022, 0.12045643478631973, 0.17562663555145264, 0.9770568013191223),
