return {
    ["Paws & Claws"] = {
        {Time = 0.000, Data = {
            ["RightFoot"] = CFrame.new(1.564621925354004e-07, 4.172325134277344e-07, 2.4047039914876223e-08, 0.8800230026245117, 0.47474968433380127, 0.013144201599061489, -0.4495161771774292, 0.8415430188179016, -0.2995665371417999, -0.15328048169612885, 0.25771716237068176, 0.9539849758148193),
            ["LeftLowerArm"] = CFrame.new(-0.0005009770393371582, -0.00009906291961669922, -1.2665987014770508e-07, 1, -1.5087420024428866e-07, 1.825391535703602e-07, 1.7881389169360773e-07, -0.20875504612922668, -0.9779679775238037, 1.9371505288745539e-07, 0.9779679775238037, -0.20875510573387146),
            ["RightUpperArm"] = CFrame.new(0.0015439987182617188, -0.07616114616394043, 0, 0.9762484431266785, 0.2164684385061264, -0.008953080512583256, -0.2083214968442917, 0.9265480637550354, -0.31322720646858215, -0.05950850993394852, 0.3076528012752533, 0.9496360421180725),
            ["Head"] = CFrame.new(-1.30385160446167e-08, 0, -2.7939677238464355e-08, 0.9181071519851685, 0.013665986247360706, -0.3960965871810913, -0.1036539301276207, 0.9729001522064209, -0.2066914439201355, 0.38253772258758545, 0.2308219075202942, 0.8946430087089539),
            ["RightHand"] = CFrame.new(-1.7881393432617188e-07, -3.5762786865234375e-07, 2.980232238769531e-07, 0.9382113218307495, -0.18538470566272736, 0.2922191619873047, 0.23381540179252625, 0.9620994329452515, -0.1403389722108841, -0.2551271915435791, 0.19999288022518158, 0.94599848985672),
            ["UpperTorso"] = CFrame.new(-1.949956640601158e-08, 4.76837158203125e-07, -5.681067705154419e-08, 0.966917872428894, -0.07494669407606125, 0.2438298463821411, 0.07048805058002472, 0.9971479773521423, 0.026972852647304535, -0.245155930519104, -0.008893407881259918, 0.9694429039955139),
            ["HumanoidRootPart"] = CFrame.new(0, 0, 0, 1, 0, 0, 0, 1, 0, 0, 0, 1),
            ["RightUpperLeg"] = CFrame.new(0, 0.0000010086223483085632, -1.6952981241047382e-09, 0.83162522315979, -0.23607398569583893, 0.502661406993866, 0.4206638038158417, 0.8587111830711365, -0.29267260432243347, -0.3625487685203552, 0.4548453092575073, 0.8134335875511169),
            ["LeftUpperArm"] = CFrame.new(-0.001543879508972168, -0.07616055011749268, 2.9802322387695312e-08, 0.9608328342437744, 0.04529671370983124, -0.2734009027481079, -0.19285312294960022, 0.8177729249000549, -0.5422686338424683, 0.19901755452156067, 0.5737557411193848, 0.7944788932800293),
            ["RightLowerArm"] = CFrame.new(0.0000010132789611816406, -1.7881393432617188e-07, 7.450580596923828e-08, 1, -2.607702853651972e-08, 1.4901162970204496e-08, 1.303851426825986e-08, -0.06208790838718414, -0.9980707764625549, -4.656612428988183e-09, 0.9980707168579102, -0.06208791583776474),
            ["LeftHand"] = CFrame.new(1.1175870895385742e-07, 0.00009953975677490234, 1.341104507446289e-07, 0.788507342338562, 0.5967755317687988, -0.14871183037757874, -0.565981924533844, 0.6094797253608704, -0.5551567077636719, -0.24066701531410217, 0.5219133496284485, 0.8183434009552002),
            ["LeftFoot"] = CFrame.new(-5.587935447692871e-09, 0, -7.450580596923828e-09, 0.9960413575172424, 0.08887971937656403, -0.001445315545424819, -0.07835686951875687, 0.8702046871185303, -0.48641958832740784, -0.04197516664862633, 0.4846072494983673, 0.8737241625785828),
            ["LowerTorso"] = CFrame.new(0.19008862972259521, -0.21168804168701172, 0.0866723507642746, 0.9962953329086304, -0.04355074092745781, 0.07415474206209183, 0.02797713875770569, 0.979521632194519, 0.19938576221466064, -0.08131957054138184, -0.1965724676847458, 0.9771112203598022),
            ["RightLowerLeg"] = CFrame.new(-4.470348358154297e-08, -0.000003635883331298828, -0.000013305041647981852, 1, -1.7881397695873602e-07, -2.980233659855003e-08, 1.639127589214695e-07, 0.7541409134864807, 0.6567124128341675, 0, -0.6567127108573914, 0.754141092300415),
            ["LeftUpperLeg"] = CFrame.new(0, -6.705522537231445e-08, 1.4901161193847656e-08, 0.9255061149597168, 0.13811616599559784, 0.35265064239501953, 0.13257142901420593, 0.7540819048881531, -0.6432614326477051, -0.3547723591327667, 0.6420936584472656, 0.6795971989631653),
            ["LeftLowerLeg"] = CFrame.new(0, 0.000003993511199951172, 0.000013306736946105957, 1, 9.685756197086448e-08, 2.980232949312267e-08, -5.215405707303944e-08, 0.5191028714179993, 0.8547119498252869, 2.9802318834981634e-08, -0.8547118306159973, 0.5191026926040649),
        }},
        {Time = 0.033, Data = {
            ["RightFoot"] = CFrame.new(-5.587935447692871e-08, 3.5762786865234375e-07, 1.6596459317952394e-08, 0.9109746217727661, 0.4043518006801605, 0.08139672875404358, -0.38175126910209656, 0.901286780834198, -0.20481134951114655, -0.15617746114730835, 0.15550459921360016, 0.9754112362861633),
            ["LeftLowerArm"] = CFrame.new(-0.0005009770393371582, -0.00009894371032714844, -4.470348358154297e-08, 1, -1.6391268786719593e-07, 1.9557764119326748e-07, 1.6391271628890536e-07, -0.18951354920864105, -0.9818781018257141, 1.825391535703602e-07, 0.9818781018257141, -0.18951356410980225),
            ["RightUpperArm"] = CFrame.new(0.001543879508972168, -0.07616114616394043, -2.384185791015625e-07, 0.9895291328430176, 0.14415332674980164, 0.007195430342108011, -0.1330888718366623, 0.9305946826934814, -0.34100013971328735, -0.05585255101323128, 0.3364719748497009, 0.9400358200073242),
            ["Head"] = CFrame.new(-4.842877388000488e-08, -1.1920928955078125e-07, -2.3655593395233154e-07, 0.9486731290817261, -0.049479831010103226, -0.3123636245727539, -0.01763918250799179, 0.9778696298599243, -0.20847056806087494, 0.31576600670814514, 0.20328032970428467, 0.9268057942390442),
            ["RightHand"] = CFrame.new(-2.980232238769531e-07, -2.980232238769531e-07, -2.1606683731079102e-07, 0.9187415242195129, -0.1701764315366745, 0.35630589723587036, 0.2589285969734192, 0.9409138560295105, -0.21825933456420898, -0.29811057448387146, 0.2927817702293396, 0.9085201621055603),
            ["UpperTorso"] = CFrame.new(8.061761036515236e-09, 5.364418029785156e-07, -2.8870999813079834e-08, 0.9681445956230164, -0.08109001070261002, 0.23689760267734528, 0.07684262841939926, 0.9966742396354675, 0.027123745530843735, -0.23830917477607727, -0.008055876940488815, 0.9711560010910034),
            ["HumanoidRootPart"] = CFrame.new(0, 0, 0, 1, 0, 0, 0, 1, 0, 0, 0, 1),
            ["RightUpperLeg"] = CFrame.new(0, 0.0000011436641216278076, 3.9282895158976316e-08, 0.8773638010025024, -0.17913025617599487, 0.4451349079608917, 0.4047180414199829, 0.7746114134788513, -0.48598429560661316, -0.25775209069252014, 0.6065390706062317, 0.7521131038665771),
            ["LeftUpperArm"] = CFrame.new(-0.001543879508972168, -0.07616066932678223, -1.043081283569336e-07, 0.9621699452400208, 0.030095867812633514, -0.2707820534706116, -0.156402587890625, 0.8748166561126709, -0.4585132300853729, 0.22308608889579773, 0.4835186004638672, 0.8464294672012329),
            ["RightLowerArm"] = CFrame.new(0.0000013113021850585938, 5.960464477539063e-08, 8.940696716308594e-08, 1, 1.1175870895385742e-08, 5.587935447692871e-09, 2.2351736461700966e-08, 0.012738555669784546, -0.9999189376831055, 0, 0.9999189376831055, 0.012738574296236038),
            ["LeftHand"] = CFrame.new(2.0116567611694336e-07, 0.00009989738464355469, 2.3469328880310059e-07, 0.6482878923416138, 0.6158639788627625, -0.4476991295814514, -0.759174644947052, 0.4779707193374634, -0.4418119490146637, -0.058108970522880554, 0.6263030767440796, 0.7774109244346619),
            ["LeftFoot"] = CFrame.new(-1.1175870895385742e-08, -5.960464477539063e-08, 1.1175870895385742e-08, 0.9974991679191589, 0.07067512720823288, -0.0006525372737087309, -0.06337413936853409, 0.8902895450592041, -0.4509640336036682, -0.03129098191857338, 0.4498773217201233, 0.8925419449806213),
            ["LowerTorso"] = CFrame.new(0.16523008048534393, -0.17271852493286133, 0.0820859968662262, 0.9966180920600891, 0.010205818340182304, -0.08153662085533142, 0.00628308393061161, 0.9798880815505981, 0.19944898784160614, 0.08193230628967285, -0.19928677380084991, 0.9765100479125977),
            ["RightLowerLeg"] = CFrame.new(1.4901161193847656e-08, -0.0000035762786865234375, -0.000013305041647981852, 1, -5.215405849412491e-07, -1.7881399116959074e-07, 4.768372150465439e-07, 0.6628084182739258, 0.7487889528274536, -3.129244134925102e-07, -0.7487890720367432, 0.6628084182739258),
            ["LeftUpperLeg"] = CFrame.new(-5.960464477539063e-08, 7.171183824539185e-08, 4.470348358154297e-08, 0.8512563109397888, 0.16094869375228882, 0.49945804476737976, 0.16866564750671387, 0.8173747658729553, -0.5508632063865662, -0.4969050884246826, 0.5531672835350037, 0.6686489582061768),
            ["LeftLowerLeg"] = CFrame.new(-3.725290298461914e-08, 0.0000036954879760742188, 0.000013262033462524414, 1, 1.4901159417490817e-08, 4.4703462265260896e-08, -5.9604616353681195e-08, 0.5848612189292908, 0.811133623123169, -3.7252885221050747e-08, -0.8111333250999451, 0.5848609209060669),
        }},
        {Time = 0.067, Data = {
            ["RightFoot"] = CFrame.new(-2.828892320394516e-08, 4.172325134277344e-07, -1.3205863069742918e-08, 0.9661209583282471, 0.2368670105934143, 0.10249174386262894, -0.2328883558511734, 0.9712502956390381, -0.04935471713542938, -0.1112356036901474, 0.023813918232917786, 0.9935086965560913),
            ["LeftLowerArm"] = CFrame.new(-0.0005015134811401367, -0.00009870529174804688, -3.2782554626464844e-07, 1, -1.7136325425326504e-07, 1.9744031476420787e-07, 1.6763800658736727e-07, -0.18997693061828613, -0.9817886352539062, 1.825391535703602e-07, 0.9817885160446167, -0.18997691571712494),
            ["RightUpperArm"] = CFrame.new(0.0015439987182617188, -0.07616150379180908, -5.960464477539063e-08, 0.9969497919082642, 0.05456243082880974, 0.055804867297410965, -0.029060639441013336, 0.9231218695640564, -0.3834078311920166, -0.07243462651968002, 0.3806166350841522, 0.9218916893005371),
            ["Head"] = CFrame.new(-4.190951585769653e-08, -4.76837158203125e-07, -1.1664815247058868e-07, 0.9716953039169312, -0.11682739108800888, -0.20532824099063873, 0.06833948940038681, 0.9710074067115784, -0.22907282412052155, 0.2261372059583664, 0.2085569202899933, 0.9515073299407959),
            ["RightHand"] = CFrame.new(-1.1175870895385742e-08, -1.1920928955078125e-07, 5.960464477539063e-08, 0.8929443359375, -0.3215060532093048, 0.3150942027568817, 0.4376286268234253, 0.784019947052002, -0.44022032618522644, -0.10550667345523834, 0.5309865474700928, 0.8407864570617676),
            ["UpperTorso"] = CFrame.new(1.5133991837501526e-08, 2.086162567138672e-07, -6.379559636116028e-08, 0.9727722406387329, -0.08810190111398697, 0.21436503529548645, 0.08579029142856598, 0.9961107969284058, 0.02008184976875782, -0.2153005599975586, -0.001144660753197968, 0.9765472412109375),
            ["HumanoidRootPart"] = CFrame.new(0, 0, 0, 1, 0, 0, 0, 1, 0, 0, 0, 1),
            ["RightUpperLeg"] = CFrame.new(0, 6.966292858123779e-07, -1.6952981241047382e-09, 0.9375746250152588, -0.09057538956403732, 0.33578282594680786, 0.3060302138328552, 0.6735478043556213, -0.6728140711784363, -0.16522526741027832, 0.7335731387138367, 0.6592200994491577),
            ["LeftUpperArm"] = CFrame.new(-0.001543879508972168, -0.07616126537322998, -7.264316082000732e-08, 0.9706532955169678, 0.05635867640376091, -0.23378543555736542, -0.13955913484096527, 0.9237154126167297, -0.3567538261413574, 0.19584569334983826, 0.37891119718551636, 0.904472827911377),
            ["RightLowerArm"] = CFrame.new(0.0000012516975402832031, -5.364418029785156e-07, 1.564621925354004e-07, 1, -4.656611762854368e-10, 1.30385116037246e-08, 7.450577932388569e-09, -0.02941068448126316, -0.9995673894882202, -1.1641527741801383e-09, 0.9995673894882202, -0.029410695657134056),
            ["LeftHand"] = CFrame.new(2.5331974029541016e-07, 0.00009989738464355469, 5.21540641784668e-08, 0.5371367931365967, 0.5593650341033936, -0.6313437223434448, -0.841080904006958, 0.4117734134197235, -0.3507501482963562, 0.06377311795949936, 0.7194119691848755, 0.6916497945785522),
            ["LeftFoot"] = CFrame.new(-1.4901161193847656e-08, 1.1920928955078125e-07, -2.2351741790771484e-08, 0.9992525577545166, 0.03864678367972374, 0.0009258529171347618, -0.035245057195425034, 0.9206142425537109, -0.3888799250125885, -0.01588132418692112, 0.38855624198913574, 0.9212879538536072),
            ["LowerTorso"] = CFrame.new(0.14569172263145447, -0.12487590312957764, 0.07005404680967331, 0.9697844386100769, 0.06238407641649246, -0.2358524054288864, -0.014674510806798935, 0.9799193143844604, 0.1988542079925537, 0.24352164566516876, -0.18938472867012024, 0.9512258768081665),
            ["RightLowerLeg"] = CFrame.new(2.8405338525772095e-08, -0.0000037550926208496094, -0.000013252887583803385, 1, 1.3131645459907304e-07, -2.793966302760964e-08, -4.9360089349193004e-08, 0.5594872236251831, 0.8288388848304749, 4.656612162534657e-08, -0.8288390040397644, 0.5594874024391174),
            ["LeftUpperLeg"] = CFrame.new(2.9802322387695312e-08, -3.2689422369003296e-07, -1.1175870895385742e-08, 0.7586942315101624, 0.1563652604818344, 0.6324026584625244, 0.1843997836112976, 0.8795156478881836, -0.4386898875236511, -0.6248037815093994, 0.4494466483592987, 0.6384497880935669),
            ["LeftLowerLeg"] = CFrame.new(1.862645149230957e-08, 0.000003933906555175781, 0.00001329183578491211, 1, 8.568168397005138e-08, 2.607702853651972e-08, -8.568167686462402e-08, 0.6658885478973389, 0.7460518479347229, 4.0978193283081055e-08, -0.7460511922836304, 0.6658880114555359),
        }},
        {Time = 0.100, Data = {
            ["RightFoot"] = CFrame.new(1.6763806343078613e-08, 3.5762786865234375e-07, -3.183231456205249e-08, 0.9960159063339233, 0.07628275454044342, 0.04618983343243599, -0.08067266643047333, 0.9914944171905518, 0.10213204473257065, -0.038006171584129333, -0.1054510772228241, 0.993698000907898),
            ["LeftLowerArm"] = CFrame.new(-0.0005011558532714844, -0.00009906291961669922, -1.4528632164001465e-07, 1, -2.1606676625651744e-07, 2.0395960120822565e-07, 1.6856934337283747e-07, -0.1906168907880783, -0.9816645383834839, 2.3306341745410464e-07, 0.9816645383834839, -0.1906168907880783),
            ["RightUpperArm"] = CFrame.new(0.0015439987182617188, -0.07616114616394043, -2.2351741790771484e-08, 0.9960805177688599, -0.054411932826042175, 0.06973525881767273, 0.08405917137861252, 0.8276814818382263, -0.554867148399353, -0.02752726338803768, 0.5585542321205139, 0.8290112018585205),
            ["Head"] = CFrame.new(-1.862645149230957e-08, 0, -3.725290298461914e-08, 0.9798265695571899, -0.18255679309368134, -0.08132004737854004, 0.15578554570674896, 0.9525772929191589, -0.261395126581192, 0.12518304586410522, 0.24345338344573975, 0.961800217628479),
            ["RightHand"] = CFrame.new(0, -5.960464477539063e-08, 0, 0.6731889247894287, -0.6545899510383606, 0.34398937225341797, 0.7358541488647461, 0.6389521360397339, -0.22418493032455444, -0.07304363697767258, 0.4040447175502777, 0.911818265914917),
            ["UpperTorso"] = CFrame.new(-2.561137080192566e-08, 2.086162567138672e-07, -7.916241884231567e-08, 0.9789288640022278, -0.09166257828474045, 0.18247251212596893, 0.0899609625339508, 0.9957898855209351, 0.01759861782193184, -0.1833174079656601, -0.0008124039741232991, 0.98305344581604),
            ["HumanoidRootPart"] = CFrame.new(0, 0, 0, 1, 0, 0, 0, 1, 0, 0, 0, 1),
            ["RightUpperLeg"] = CFrame.new(-5.960464477539063e-08, 7.487833499908447e-07, 1.3205863069742918e-08, 0.9792639017105103, -0.031219055876135826, 0.2001693844795227, 0.17708158493041992, 0.6118630766868591, -0.7708864808082581, -0.09840978682041168, 0.7903474569320679, 0.6047035455703735),
            ["LeftUpperArm"] = CFrame.new(-0.001543879508972168, -0.07616043090820312, 2.9802322387695312e-08, 0.978205144405365, 0.08252595365047455, -0.19053566455841064, -0.12216378003358841, 0.9707410931587219, -0.20673124492168427, 0.1679006665945053, 0.225502148270607, 0.9596657752990723),
            ["RightLowerArm"] = CFrame.new(0.0000012516975402832031, 2.980232238769531e-07, 1.341104507446289e-07, 1, -1.8626444386882213e-08, 4.4703462265260896e-08, 7.450578820566989e-09, -0.22904625535011292, -0.9734155535697937, 2.607702498380604e-08, 0.9734155535697937, -0.2290462702512741),
            ["LeftHand"] = CFrame.new(2.086162567138672e-07, 0.00009989738464355469, -1.4621764421463013e-07, 0.48992154002189636, 0.4899166524410248, -0.721081554889679, -0.8641232252120972, 0.38220468163490295, -0.3274305462837219, 0.11518704891204834, 0.7835185527801514, 0.6105985641479492),
            ["LeftFoot"] = CFrame.new(3.3527612686157227e-08, 0, -2.2351741790771484e-08, 0.9999933242797852, -0.003561625722795725, 0.000893605756573379, 0.003664672840386629, 0.9524750709533691, -0.3045943081378937, 0.00023355710436590016, 0.30459561944007874, 0.952481746673584),
            ["LowerTorso"] = CFrame.new(0.1267891824245453, -0.08124279975891113, 0.05621327459812164, 0.9185788035392761, 0.11162592470645905, -0.37914732098579407, -0.039025042206048965, 0.980216920375824, 0.19404082000255585, 0.3933066129684448, -0.16344554722309113, 0.9047626852989197),
            ["RightLowerLeg"] = CFrame.new(1.6391277313232422e-07, -0.000003814697265625, -0.000013141128874849528, 1, -6.705523247774181e-08, -3.7252920748187535e-08, 3.725290298461914e-08, 0.5380432605743408, 0.8429169654846191, -7.450580596923828e-08, -0.8429172039031982, 0.538043737411499),
            ["LeftUpperLeg"] = CFrame.new(0, -2.4400651454925537e-07, 1.4901161193847656e-08, 0.6637187004089355, 0.13630907237529755, 0.7354573607444763, 0.1828235387802124, 0.9238680005073547, -0.3362194895744324, -0.7252951264381409, 0.3576139509677887, 0.5882678031921387),
            ["LeftLowerLeg"] = CFrame.new(-1.1175870895385742e-08, 0.000003874301910400391, 0.00001329183578491211, 1, 1.862645149230957e-08, 7.776543498039246e-08, -2.1420420992512845e-08, 0.7200815677642822, 0.6938895583152771, 1.862645326866641e-08, -0.6938894391059875, 0.7200815677642822),
        }},
        {Time = 0.133, Data = {
            ["RightFoot"] = CFrame.new(-1.30385160446167e-08, 3.5762786865234375e-07, -3.9282895158976316e-08, 0.9997231364250183, 0.020620523020625114, 0.011341082863509655, -0.02206646464765072, 0.9888556003570557, 0.14723354578018188, -0.008178675547242165, -0.1474427878856659, 0.9890367984771729),
            ["LeftLowerArm"] = CFrame.new(-0.0005012750625610352, -0.00009888410568237305, -1.1920928955078125e-07, 1, -2.3609021582160494e-07, 1.8253919620292436e-07, 1.5832482347377663e-07, -0.1899198442697525, -0.9817996621131897, 1.685693717945469e-07, 0.9817996621131897, -0.1899198293685913),
            ["RightUpperArm"] = CFrame.new(0.0015439987182617188, -0.07616114616394043, 1.4901161193847656e-08, 0.9761452078819275, -0.16991597414016724, 0.13516277074813843, 0.21289877593517303, 0.6269330382347107, -0.7494193315505981, 0.042600471526384354, 0.7603180408477783, 0.6481527090072632),
            ["Head"] = CFrame.new(-3.725290298461914e-09, 0, -8.940696716308594e-08, 0.9700334668159485, -0.23447845876216888, 0.06367862969636917, 0.24255357682704926, 0.9191529154777527, -0.3103640377521515, 0.014243289828300476, 0.3165090084075928, 0.9484825730323792),
            ["RightHand"] = CFrame.new(2.9802322387695312e-08, 3.5762786865234375e-07, 2.9802322387695312e-08, 0.04648764058947563, -0.856543242931366, 0.5139773488044739, 0.9143389463424683, 0.24369341135025024, 0.3234160542488098, -0.4022728204727173, 0.45491454005241394, 0.7944995164871216),
            ["UpperTorso"] = CFrame.new(-8.498318493366241e-09, 4.172325134277344e-07, -1.0116491466760635e-07, 0.986892819404602, -0.09717226773500443, 0.12884221971035004, 0.09074323624372482, 0.9943612813949585, 0.05487721413373947, -0.1334482729434967, -0.04246634244918823, 0.9901456236839294),
            ["HumanoidRootPart"] = CFrame.new(0, 0, 0, 1, 0, 0, 0, 1, 0, 0, 0, 1),
            ["RightUpperLeg"] = CFrame.new(-8.940696716308594e-08, 9.387731552124023e-07, -1.6596459317952394e-08, 0.9866051077842712, 0.013711650855839252, 0.16254977881908417, 0.11830028146505356, 0.6259573698043823, -0.770832359790802, -0.11231851577758789, 0.7797367572784424, 0.6159505248069763),
            ["LeftUpperArm"] = CFrame.new(-0.001543879508972168, -0.07616043090820312, -1.4901161193847656e-08, 0.9784518480300903, 0.10962127149105072, -0.17497172951698303, -0.12558582425117493, 0.9886124730110168, -0.08290746808052063, 0.16389133036136627, 0.10309494286775589, 0.9810765981674194),
            ["RightLowerArm"] = CFrame.new(0.0000010728836059570312, -3.5762786865234375e-07, 2.1420419216156006e-07, 1, -2.60770232074492e-08, 7.450577932388569e-09, 1.4901159417490817e-08, -0.325374960899353, -0.9455851316452026, 5.960463766996327e-08, 0.9455851316452026, -0.32537493109703064),
            ["LeftHand"] = CFrame.new(1.1920928955078125e-07, 0.0000997781753540039, 1.30385160446167e-08, 0.10424447804689407, 0.4933222532272339, -0.8635777235031128, -0.9556545615196228, 0.29014724493026733, 0.05038841813802719, 0.27542248368263245, 0.820029079914093, 0.5016917586326599),
            ["LeftFoot"] = CFrame.new(1.0710209608078003e-08, 0, -7.450580596923828e-09, 0.9988681077957153, -0.04725361615419388, -0.00544570991769433, 0.0450453944504261, 0.9764829277992249, -0.21083664894104004, 0.015280304476618767, 0.21035274863243103, 0.977506160736084),
            ["LowerTorso"] = CFrame.new(0.10800524801015854, -0.05460858345031738, 0.04073546081781387, 0.851351261138916, 0.14816763997077942, -0.5032370090484619, -0.07341690361499786, 0.9834957122802734, 0.1653667837381363, 0.5194334387779236, -0.10383912920951843, 0.8481782674789429),
            ["RightLowerLeg"] = CFrame.new(-5.587935447692871e-08, -0.0000035762786865234375, -0.000013290140486788005, 1, -4.395843120619247e-07, -2.3748728494865645e-07, 3.6880379639114835e-07, 0.5561402440071106, 0.8310883641242981, -2.440065429709648e-07, -0.8310885429382324, 0.5561404228210449),
            ["LeftUpperLeg"] = CFrame.new(-5.960464477539063e-08, 5.587935447692871e-09, 0, 0.5981819033622742, 0.10700159519910812, 0.7941845655441284, 0.15908432006835938, 0.9554648995399475, -0.2485538125038147, -0.7854111790657043, 0.2750226855278015, 0.5545194745063782),
            ["LeftLowerLeg"] = CFrame.new(-2.9802322387695312e-08, 0.0000040531158447265625, 0.00001329183578491211, 1, 6.519260242754399e-09, -7.450581485102248e-09, -7.450582373280668e-09, 0.737220823764801, 0.6756520867347717, 6.891788473240013e-08, -0.6756519675254822, 0.7372206449508667),
        }},
        {Time = 0.167, Data = {
            ["RightFoot"] = CFrame.new(-5.3551048040390015e-08, 4.172325134277344e-07, 2.032174961641431e-08, 0.9998739957809448, 0.014992580749094486, 0.005226274486631155, -0.01526368036866188, 0.9982911944389343, 0.05640855059027672, -0.004371801856905222, -0.0564810149371624, 0.9983941912651062),
            ["LeftLowerArm"] = CFrame.new(-0.0005013942718505859, -0.00009870529174804688, -5.960464477539063e-08, 1, -1.563457203701546e-07, 1.8440179871959117e-07, 1.6391273049976007e-07, -0.19809387624263763, -0.9801830649375916, 2.4214381255660555e-07, 0.9801831245422363, -0.19809386134147644),
            ["RightUpperArm"] = CFrame.new(0.001543879508972168, -0.07616138458251953, -2.9802322387695312e-08, 0.9395990967750549, -0.26448947191238403, 0.2172514647245407, 0.3220534026622772, 0.46821749210357666, -0.822833240032196, 0.11591026186943054, 0.8431000709533691, 0.525116503238678),
            ["Head"] = CFrame.new(-5.960464477539063e-08, -3.5762786865234375e-07, -2.9802322387695312e-08, 0.9440800547599792, -0.2662689685821533, 0.19445739686489105, 0.32044175267219543, 0.8798642754554749, -0.3509359061717987, -0.07765279710292816, 0.39362388849258423, 0.9159860014915466),
            ["RightHand"] = CFrame.new(-5.587935447692871e-08, -1.1920928955078125e-07, -1.043081283569336e-07, -0.06976126879453659, -0.9046043157577515, 0.4205050468444824, 0.8611670732498169, 0.1581539660692215, 0.4830928444862366, -0.5035123825073242, 0.3958263397216797, 0.7679823040962219),
            ["UpperTorso"] = CFrame.new(-1.210719347000122e-08, 6.258487701416016e-07, -8.66129994392395e-08, 0.9926761388778687, -0.10241994261741638, 0.06406426429748535, 0.09638360142707825, 0.9911649227142334, 0.0911170244216919, -0.072830431163311, -0.08427497744560242, 0.9937773942947388),
            ["HumanoidRootPart"] = CFrame.new(0, 0, 0, 1, 0, 0, 0, 1, 0, 0, 0, 1),
            ["RightUpperLeg"] = CFrame.new(1.1920928955078125e-07, 9.210780262947083e-07, -4.639878170564771e-08, 0.9766823649406433, 0.04177303612232208, 0.21058671176433563, 0.1275017112493515, 0.6763104796409607, -0.725498378276825, -0.17272800207138062, 0.7354313135147095, 0.6552140712738037),
            ["LeftUpperArm"] = CFrame.new(-0.001543879508972168, -0.07616090774536133, 1.4901161193847656e-07, 0.9852280020713806, 0.08551327884197235, -0.1483686864376068, -0.08752311766147614, 0.9961374998092651, -0.007057124748826027, 0.14719270169734955, 0.019938571378588676, 0.988906979560852),
            ["RightLowerArm"] = CFrame.new(0.000001430511474609375, 2.980232238769531e-07, 1.7881393432617188e-07, 1, -6.239859828838235e-08, 2.2351731132630448e-08, 1.4901157641133977e-08, -0.35489532351493835, -0.9349060654640198, 0, 0.934906005859375, -0.35489532351493835),
            ["LeftHand"] = CFrame.new(2.980232238769531e-07, 0.00009971857070922852, -1.9744038581848145e-07, 0.25045397877693176, 0.4621237516403198, -0.8507140874862671, -0.8581238985061646, 0.5127879977226257, 0.02592049166560173, 0.4482143819332123, 0.7235262989997864, 0.5249892473220825),
            ["LeftFoot"] = CFrame.new(-6.705522537231445e-08, -1.1920928955078125e-07, -5.587935447692871e-09, 0.9957417249679565, -0.09014824777841568, -0.019282080233097076, 0.08673661202192307, 0.9869985580444336, -0.13531772792339325, 0.03122987039387226, 0.13306878507137299, 0.990614652633667),
            ["LowerTorso"] = CFrame.new(0.09349234402179718, -0.0456082820892334, 0.021017929539084435, 0.7866092324256897, 0.17232245206832886, -0.5929173231124878, -0.11170530319213867, 0.9841368794441223, 0.1378277689218521, 0.6072626113891602, -0.04218458756804466, 0.7933804988861084),
            ["RightLowerLeg"] = CFrame.new(-1.3131648302078247e-07, -0.000003993511199951172, -0.000013439152098726481, 1, -3.1013050261208264e-07, -2.1711457520723343e-07, 3.580935299396515e-07, 0.5747777819633484, 0.8183094263076782, -2.3702159523963928e-07, -0.8183096051216125, 0.5747779607772827),
            ["LeftUpperLeg"] = CFrame.new(2.9802322387695312e-08, 1.3690441846847534e-07, -1.4901161193847656e-08, 0.6051785349845886, 0.07982787489891052, 0.7920775413513184, 0.13524086773395538, 0.9701884984970093, -0.20110757648944855, -0.7845182418823242, 0.2288273572921753, 0.5763411521911621),
            ["LeftLowerLeg"] = CFrame.new(0, 0.000003933906555175781, 0.000013358891010284424, 1, -1.862645326866641e-08, -4.284084198502569e-08, -2.60770320892334e-08, 0.726168692111969, 0.6875172257423401, 7.729977369308472e-08, -0.6875166296958923, 0.726168155670166),
        }},
        {Time = 0.200, Data = {
            ["RightFoot"] = CFrame.new(3.9814040064811707e-08, 2.980232238769531e-07, -2.8107024263590574e-08, 0.999863862991333, 0.016293415799736977, 0.0026286127977073193, -0.01605169102549553, 0.9970784187316895, -0.07467988133430481, -0.0038376878947019577, 0.07462779432535172, 0.9972041249275208),
            ["LeftLowerArm"] = CFrame.new(-0.0005014538764953613, -0.00009894371032714844, 0, 1, -1.4236131562483934e-07, 1.9418065733134426e-07, 1.667066982236065e-07, -0.20948724448680878, -0.9778113961219788, 2.265441594317963e-07, 0.977811336517334, -0.20948727428913116),
            ["RightUpperArm"] = CFrame.new(0.001543879508972168, -0.07616138458251953, -2.9802322387695312e-08, 0.9227749705314636, -0.2941868305206299, 0.24887710809707642, 0.34293460845947266, 0.3324197828769684, -0.8785747289657593, 0.17573393881320953, 0.8960755467414856, 0.4076354503631592),
            ["Head"] = CFrame.new(-7.82310962677002e-08, 0, -4.470348358154297e-08, 0.9121342897415161, -0.28258681297302246, 0.29691070318222046, 0.38281339406967163, 0.8462126851081848, -0.3706454932689667, -0.1465100347995758, 0.4517398178577423, 0.8800374865531921),
            ["RightHand"] = CFrame.new(2.9802322387695312e-08, -3.5762786865234375e-07, -1.862645149230957e-07, -0.03530905768275261, -0.9200201630592346, 0.39027732610702515, 0.8564733862876892, 0.17337945103645325, 0.4862026870250702, -0.5149821639060974, 0.35142943263053894, 0.7818508148193359),
            ["UpperTorso"] = CFrame.new(5.587935447692871e-09, 4.172325134277344e-07, -4.959292709827423e-08, 0.9938971996307373, -0.11030235886573792, 0.0013700277777388692, 0.11002349108457565, 0.9921274781227112, 0.05981661379337311, -0.007957177236676216, -0.05930081754922867, 0.9982084631919861),
            ["HumanoidRootPart"] = CFrame.new(0, 0, 0, 1, 0, 0, 0, 1, 0, 0, 0, 1),
            ["RightUpperLeg"] = CFrame.new(5.960464477539063e-08, 7.245689630508423e-07, 1.3205863069742918e-08, 0.9526837468147278, 0.037182923406362534, 0.3016805648803711, 0.19356153905391693, 0.6910337209701538, -0.696424126625061, -0.23436656594276428, 0.7218654751777649, 0.6511391997337341),
            ["LeftUpperArm"] = CFrame.new(-0.0015439987182617188, -0.07616078853607178, -1.043081283569336e-07, 0.9855582118034363, 0.00471347663551569, -0.1692710667848587, -0.006179820746183395, 0.9999477863311768, -0.008137466385960579, 0.16922441124916077, 0.009065987542271614, 0.9855359792709351),
            ["RightLowerArm"] = CFrame.new(0.0000012516975402832031, 2.980232238769531e-07, -2.682209014892578e-07, 1, -2.2351736461700966e-08, -7.450578820566989e-09, 2.9802322387695312e-08, -0.36492854356765747, -0.931035578250885, -2.9802322387695312e-08, 0.931035578250885, -0.36492857336997986),
            ["LeftHand"] = CFrame.new(3.073364496231079e-07, 0.00009971857070922852, 2.046581357717514e-07, 0.16093744337558746, 0.47917747497558594, -0.8628373742103577, -0.6767228245735168, 0.6899479627609253, 0.25693991780281067, 0.7184327244758606, 0.542550265789032, 0.43530869483947754),
            ["LeftFoot"] = CFrame.new(-3.2014213502407074e-09, 5.960464477539063e-08, 3.632158041000366e-08, 0.9906911253929138, -0.1300998330116272, -0.04006430134177208, 0.12628358602523804, 0.988227367401123, -0.0863676443696022, 0.05082949250936508, 0.08050424605607986, 0.9954574704170227),
            ["LowerTorso"] = CFrame.new(0.08697200566530228, -0.05623197555541992, 0.006887026596814394, 0.7357156872749329, 0.2230450063943863, -0.6395102739334106, -0.1491670459508896, 0.9743949174880981, 0.16823714971542358, 0.6606600284576416, -0.028380857780575752, 0.750148594379425),
            ["RightLowerLeg"] = CFrame.new(2.784654498100281e-07, -0.0000037550926208496094, -0.000013357195712160319, 1, -1.1548399925231934e-07, -7.927884126956997e-08, 1.0058282384761696e-07, 0.6280636191368103, 0.7781619429588318, -1.1594964632877236e-07, -0.7781620025634766, 0.6280638575553894),
            ["LeftUpperLeg"] = CFrame.new(2.9802322387695312e-08, -9.592622518539429e-08, -1.4901161193847656e-08, 0.7043025493621826, 0.07519038766622543, 0.7059066891670227, 0.15848277509212494, 0.9526252150535583, -0.25959262251853943, -0.6919834613800049, 0.29470598697662354, 0.6590200662612915),
            ["LeftLowerLeg"] = CFrame.new(-5.960464477539063e-08, 0.000003635883331298828, 0.000013304874300956726, 1, 1.2107194891086692e-07, -1.341104507446289e-07, -1.1175867342672063e-08, 0.6752462387084961, 0.7375924587249756, -6.891784920526334e-08, -0.737592339515686, 0.6752461194992065),
        }},
        {Time = 0.233, Data = {
            ["RightFoot"] = CFrame.new(1.210719347000122e-08, 3.5762786865234375e-07, 1.6596459317952394e-08, 0.9997013807296753, 0.02425875887274742, 0.0029485172126442194, -0.02343359775841236, 0.9858575463294983, -0.16593894362449646, -0.006931901443749666, 0.16582100093364716, 0.9861316084861755),
            ["LeftLowerArm"] = CFrame.new(-0.0005013942718505859, -0.00009900331497192383, -1.1920928955078125e-07, 1, -1.4109529899997142e-07, 2.0116563348437921e-07, 1.639127589214695e-07, -0.192320317029953, -0.9813322424888611, 1.9464638967292558e-07, 0.9813321828842163, -0.19232036173343658),
            ["RightUpperArm"] = CFrame.new(0.001543879508972168, -0.07616114616394043, -2.9802322387695312e-08, 0.908107340335846, -0.3091470003128052, 0.2824324369430542, 0.3502489924430847, 0.19112741947174072, -0.9169496297836304, 0.2294923961162567, 0.9316107034683228, 0.2818426191806793),
            ["Head"] = CFrame.new(-8.381903171539307e-08, -2.384185791015625e-07, -4.470348358154297e-08, 0.8788691163063049, -0.3022233545780182, 0.3691208064556122, 0.43818098306655884, 0.8173492550849915, -0.3740825355052948, -0.18864409625530243, 0.4905112087726593, 0.8507715463638306),
            ["RightHand"] = CFrame.new(-1.4901161193847656e-07, -1.1920928955078125e-07, -1.4901161193847656e-08, 0.038753241300582886, -0.9394160509109497, 0.3405815660953522, 0.8526144623756409, 0.20883095264434814, 0.47899726033210754, -0.5211016535758972, 0.2718219459056854, 0.8090524077415466),
            ["UpperTorso"] = CFrame.new(-2.7008354663848877e-08, 6.854534149169922e-07, -5.122274160385132e-08, 0.9914966225624084, -0.12337852269411087, -0.04137938842177391, 0.12328688055276871, 0.9923596382141113, -0.004768467042595148, 0.041651587933301926, -0.0003735944628715515, 0.9991322159767151),
            ["HumanoidRootPart"] = CFrame.new(0, 0, 0, 1, 0, 0, 0, 1, 0, 0, 0, 1),
            ["RightUpperLeg"] = CFrame.new(-5.960464477539063e-08, 0.000001148320734500885, 4.300818545743823e-08, 0.9245415329933167, 0.02530580759048462, 0.3802400529384613, 0.2722218632698059, 0.654396653175354, -0.7054504752159119, -0.26668015122413635, 0.7557278275489807, 0.5981280207633972),
            ["LeftUpperArm"] = CFrame.new(-0.001543879508972168, -0.07616078853607178, -4.470348358154297e-08, 0.9666497707366943, -0.09670507162809372, -0.2371411770582199, 0.0804540365934372, 0.9937565922737122, -0.07729906588792801, 0.24313673377037048, 0.055642131716012955, 0.9683950543403625),
            ["RightLowerArm"] = CFrame.new(0.0000012516975402832031, -2.384185791015625e-07, 4.172325134277344e-07, 1, -2.60770232074492e-08, 5.587932783157612e-09, 1.4901157641133977e-08, -0.3577488660812378, -0.9338178634643555, 1.4901157641133977e-08, 0.9338178038597107, -0.3577488362789154),
            ["LeftHand"] = CFrame.new(3.6135315895080566e-07, 0.00009965896606445312, -2.775341272354126e-07, 0.07331043481826782, 0.5417265892028809, -0.8373517990112305, -0.4885304272174835, 0.7514855861663818, 0.4434042274951935, 0.8694617748260498, 0.37656569480895996, 0.3197416663169861),
            ["LeftFoot"] = CFrame.new(4.0978193283081055e-08, 1.1920928955078125e-07, 1.4901161193847656e-08, 0.980945885181427, -0.1841341257095337, -0.06196572631597519, 0.17878425121307373, 0.9803802371025085, -0.08301221579313278, 0.07603546977043152, 0.07035207748413086, 0.9946202039718628),
            ["LowerTorso"] = CFrame.new(0.08202683925628662, -0.08089208602905273, -0.006022856570780277, 0.6882158517837524, 0.2954140603542328, -0.6626383066177368, -0.1906374990940094, 0.9548859596252441, 0.2277064174413681, 0.7000117301940918, -0.030387448146939278, 0.7134845852851868),
            ["RightLowerLeg"] = CFrame.new(1.3597309589385986e-07, -0.0000037550926208496094, -0.000013372096873354167, 1, -5.587936335871291e-09, -1.2898823342766264e-07, 6.51925802230835e-08, 0.6289311647415161, 0.7774604558944702, -1.424923539161682e-07, -0.7774609923362732, 0.6289318799972534),
            ["LeftUpperLeg"] = CFrame.new(-1.1920928955078125e-07, 1.555308699607849e-07, 2.9802322387695312e-08, 0.8714277744293213, 0.02642124332487583, 0.48981186747550964, 0.16879387199878693, 0.9214146733283997, -0.35000503063201904, -0.460567444562912, 0.38768142461776733, 0.798486590385437),
            ["LeftLowerLeg"] = CFrame.new(2.9802322387695312e-08, 0.000003933906555175781, 0.000013358891010284424, 1, 1.9371512394172896e-07, -5.215404996761208e-08, -1.30385160446167e-07, 0.6468511819839478, 0.7626166343688965, 0, -0.7626163959503174, 0.6468508243560791),
        }},
        {Time = 0.267, Data = {
            ["RightFoot"] = CFrame.new(-6.51925802230835e-08, 2.384185791015625e-07, 3.894820110872388e-08, 0.9995503425598145, 0.02986888773739338, 0.0026412608567625284, -0.028346551582217216, 0.9699723720550537, -0.24155715107917786, -0.009777052327990532, 0.24137409031391144, 0.9703829884529114),
            ["LeftLowerArm"] = CFrame.new(-0.0005012750625610352, -0.00009816884994506836, -1.6391277313232422e-07, 1, -1.9278370189113048e-07, 2.0861619987044833e-07, 1.4062968034522783e-07, -0.12010612338781357, -0.9927611351013184, 2.3609021582160494e-07, 0.9927610754966736, -0.12010613083839417),
            ["RightUpperArm"] = CFrame.new(0.001543879508972168, -0.07616114616394043, -8.940696716308594e-08, 0.900134265422821, -0.3173987567424774, 0.2983543872833252, 0.3218235969543457, 0.02295171096920967, -0.9465218186378479, 0.2935779094696045, 0.9480144381523132, 0.12280604243278503),
            ["Head"] = CFrame.new(-1.043081283569336e-07, 1.1920928955078125e-07, -3.725290298461914e-08, 0.8488398790359497, -0.32957684993743896, 0.4133400619029999, 0.48578259348869324, 0.794704258441925, -0.36395108699798584, -0.20853322744369507, 0.5097296237945557, 0.834679365158081),
            ["RightHand"] = CFrame.new(1.7881393432617188e-07, -1.7881393432617188e-07, -1.341104507446289e-07, 0.1568015217781067, -0.9275506138801575, 0.3392099440097809, 0.8063151836395264, 0.3185635209083557, 0.49837061762809753, -0.5703237652778625, 0.19536474347114563, 0.7978492975234985),
            ["UpperTorso"] = CFrame.new(9.313225746154785e-09, 3.5762786865234375e-07, 1.4901161193847656e-08, 0.9872819185256958, -0.136339470744133, -0.08176787942647934, 0.1335512101650238, 0.9902869462966919, -0.03867650032043457, 0.0862467959523201, 0.027264419943094254, 0.9959007501602173),
            ["HumanoidRootPart"] = CFrame.new(0, 0, 0, 1, 0, 0, 0, 1, 0, 0, 0, 1),
            ["RightUpperLeg"] = CFrame.new(-5.960464477539063e-08, 7.71600753068924e-07, 7.281050784513354e-08, 0.9002171754837036, 0.013455009087920189, 0.4352335035800934, 0.33925890922546387, 0.6049095392227173, -0.7204082012176514, -0.2729699909687042, 0.7961804866790771, 0.5399850010871887),
            ["LeftUpperArm"] = CFrame.new(-0.0015439987182617188, -0.07616055011749268, -7.450580596923828e-08, 0.9241421222686768, -0.2133757323026657, -0.31690898537635803, 0.14570286870002747, 0.9636495113372803, -0.22394375503063202, 0.3531743288040161, 0.1607813537120819, 0.9216387867927551),
            ["RightLowerArm"] = CFrame.new(0.0000013113021850585938, -4.172325134277344e-07, -3.2782554626464844e-07, 1, -2.9802315282267955e-08, 3.539024007181979e-08, 2.9802308176840597e-08, -0.33965563774108887, -0.9405498504638672, 3.7252885221050747e-08, 0.940549910068512, -0.33965566754341125),
            ["LeftHand"] = CFrame.new(3.2782554626464844e-07, 0.0000997781753540039, 1.341104507446289e-07, 0.2063082456588745, 0.5975198745727539, -0.7748592495918274, -0.45319893956184387, 0.7601864337921143, 0.465539813041687, 0.867206871509552, 0.25512075424194336, 0.4276280701160431),
            ["LeftFoot"] = CFrame.new(4.470348358154297e-08, 0, 8.940696716308594e-08, 0.9655260443687439, -0.24728421866893768, -0.08130073547363281, 0.24103325605392456, 0.9672554135322571, -0.07949952781200409, 0.09829770028591156, 0.05716288089752197, 0.9935140013694763),
