return {
    ["Pay Attention!"] = {
        {Time = 0.000, Data = {
            ["LeftFoot"] = CFrame.new(7.805351742717903e-08, -5.960464477539063e-08, 1.5263140085153282e-08, 0.9803184866905212, -0.10555155575275421, 0.16683727502822876, 0.17707015573978424, 0.8437985181808472, -0.5066065788269043, -0.08730404824018478, 0.526177704334259, 0.8458812236785889),
            ["LeftLowerArm"] = CFrame.new(-2.9802322387695312e-08, 2.980232238769531e-07, 7.450580596923828e-08, 1, -1.1175870895385742e-07, 1.4901161193847656e-07, 6.798654084150257e-08, -0.5865352153778076, -0.8099237680435181, 1.7019918630012398e-07, 0.8099237680435181, -0.5865352749824524),
            ["RightUpperArm"] = CFrame.new(1.1920928955078125e-07, 0.003905653953552246, 2.2351741790771484e-07, 0.9138277173042297, 0.03722868859767914, 0.404391884803772, 0.049519944936037064, 0.9781427979469299, -0.20195183157920837, -0.40307143330574036, 0.20457471907138824, 0.8920104503631592),
            ["Head"] = CFrame.new(1.825392246246338e-07, 0.003905653953552246, 1.4901161193847656e-08, 0.9958947896957397, -0.08858179301023483, -0.018622862175107002, 0.09045641869306564, 0.9663262963294983, 0.24089689552783966, -0.0033433400094509125, -0.24159255623817444, 0.9703720808029175),
            ["LowerTorso"] = CFrame.new(2.1334686279296875, -0.19938969612121582, -8.470329472543003e-22, 0.9915654063224792, -0.1021420881152153, -0.07978150993585587, 0.09401481598615646, 0.9905634522438049, -0.09972687065601349, 0.08921495079994202, 0.09138507395982742, 0.991811215877533),
            ["UpperTorso"] = CFrame.new(2.39349901676178e-07, -0.003906309604644775, 3.725290298461914e-09, 0.9755222201347351, 0.09767461568117142, 0.19701796770095825, -0.13164491951465607, 0.9770530462265015, 0.16744305193424225, -0.17614202201366425, -0.18928082287311554, 0.9659953117370605),
            ["HumanoidRootPart"] = CFrame.new(0, 0, 0, 1, 0, 0, 0, 1, 0, 0, 0, 1),
            ["LeftUpperLeg"] = CFrame.new(2.384185791015625e-07, -2.323649823665619e-07, -1.4901161193847656e-08, 0.9518652558326721, 0.060783758759498596, -0.3004295825958252, -0.17130893468856812, 0.9182696342468262, -0.3569794297218323, 0.2541768252849579, 0.39126256108283997, 0.8844816088676453),
            ["LeftUpperArm"] = CFrame.new(2.384185791015625e-07, 0.0039055347442626953, -2.477318048477173e-07, 0.9138275980949402, -0.03722885996103287, -0.40439245104789734, -0.049519918859004974, 0.9781427979469299, -0.20195187628269196, 0.40307191014289856, 0.20457470417022705, 0.8920102715492249),
            ["RightLowerArm"] = CFrame.new(1.1920928955078125e-07, 5.960464477539063e-08, -5.960464477539063e-08, 1, -9.592621097453957e-08, 1.7601995239147072e-07, 7.729976658765736e-08, -0.5865352749824524, -0.8099237084388733, 1.9680007312672387e-07, 0.8099237084388733, -0.5865352153778076),
            ["LeftHand"] = CFrame.new(-6.705522537231445e-08, -5.960464477539063e-08, -4.470348358154297e-08, 0.9676117897033691, 0.050908222794532776, 0.247256800532341, -0.027765635401010513, 0.9949747323989868, -0.09619981050491333, -0.25091156363487244, 0.0862189382314682, 0.9641627669334412),
            ["RightFoot"] = CFrame.new(1.9277285900898278e-07, 2.980232238769531e-07, 5.900801625102758e-09, 0.9800034761428833, 0.11718160659074783, -0.16081586480140686, -0.16849178075790405, 0.9186244606971741, -0.3574063777923584, 0.1058477908372879, 0.37735632061958313, 0.9199995398521423),
            ["RightHand"] = CFrame.new(1.73225998878479e-07, 1.1920928955078125e-07, 1.1920928955078125e-07, 0.9675196409225464, -0.0507984422147274, -0.24763955175876617, 0.027875453233718872, 0.9950668811798096, -0.09521014988422394, 0.25125443935394287, 0.08521459996700287, 0.9641627073287964),
            ["RightLowerLeg"] = CFrame.new(2.682209014892578e-07, -0.0000036954879760742188, -0.000013394448615144938, 1, 2.9057258643661044e-07, 4.0978196835794733e-08, -1.732259846676243e-07, 0.688791036605835, 0.7249593734741211, 1.4156101713069802e-07, -0.7249600291252136, 0.6887915730476379),
            ["RightUpperLeg"] = CFrame.new(-5.960464477539063e-08, -8.987262845039368e-08, -3.894820110872388e-08, 0.9166457056999207, 0.1510167121887207, 0.3700740933418274, -0.008931643329560757, 0.9333852529525757, -0.3587650954723358, -0.3996012210845947, 0.32555490732192993, 0.8569321632385254),
            ["LeftLowerLeg"] = CFrame.new(1.4901161193847656e-08, 0.000003814697265625, 0.000013321638107299805, 1, 3.0547388973900524e-07, 1.5273695908035734e-07, -3.091991231940483e-07, 0.4976281523704529, 0.8673906326293945, 2.2351744632942427e-07, -0.8673904538154602, 0.49762794375419617),
        }},
        {Time = 0.033, Data = {
            ["LeftFoot"] = CFrame.new(7.805351742717903e-08, -5.960464477539063e-08, 1.5263140085153282e-08, 0.9803184866905212, -0.10555155575275421, 0.16683727502822876, 0.17707015573978424, 0.8437985181808472, -0.5066065788269043, -0.08730404824018478, 0.526177704334259, 0.8458812236785889),
            ["LeftLowerArm"] = CFrame.new(-2.9802322387695312e-08, 2.980232238769531e-07, 7.450580596923828e-08, 1, -1.1175870895385742e-07, 1.4901161193847656e-07, 6.798654084150257e-08, -0.5865352153778076, -0.8099237680435181, 1.7019918630012398e-07, 0.8099237680435181, -0.5865352749824524),
            ["RightUpperArm"] = CFrame.new(1.1920928955078125e-07, 0.003905653953552246, 2.2351741790771484e-07, 0.9138277173042297, 0.03722868859767914, 0.404391884803772, 0.049519944936037064, 0.9781427979469299, -0.20195183157920837, -0.40307143330574036, 0.20457471907138824, 0.8920104503631592),
            ["Head"] = CFrame.new(1.825392246246338e-07, 0.003905653953552246, 1.4901161193847656e-08, 0.9958947896957397, -0.08858179301023483, -0.018622862175107002, 0.09045641869306564, 0.9663262963294983, 0.24089689552783966, -0.0033433400094509125, -0.24159255623817444, 0.9703720808029175),
            ["LowerTorso"] = CFrame.new(2.1334686279296875, -0.19938969612121582, -8.470329472543003e-22, 0.9915654063224792, -0.1021420881152153, -0.07978150993585587, 0.09401481598615646, 0.9905634522438049, -0.09972687065601349, 0.08921495079994202, 0.09138507395982742, 0.991811215877533),
            ["UpperTorso"] = CFrame.new(2.39349901676178e-07, -0.003906309604644775, 3.725290298461914e-09, 0.9755222201347351, 0.09767461568117142, 0.19701796770095825, -0.13164491951465607, 0.9770530462265015, 0.16744305193424225, -0.17614202201366425, -0.18928082287311554, 0.9659953117370605),
            ["HumanoidRootPart"] = CFrame.new(0, 0, 0, 1, 0, 0, 0, 1, 0, 0, 0, 1),
            ["LeftUpperLeg"] = CFrame.new(2.384185791015625e-07, -2.323649823665619e-07, -1.4901161193847656e-08, 0.9518652558326721, 0.060783758759498596, -0.3004295825958252, -0.17130893468856812, 0.9182696342468262, -0.3569794297218323, 0.2541768252849579, 0.39126256108283997, 0.8844816088676453),
            ["LeftUpperArm"] = CFrame.new(2.384185791015625e-07, 0.0039055347442626953, -2.477318048477173e-07, 0.9138275980949402, -0.03722885996103287, -0.40439245104789734, -0.049519918859004974, 0.9781427979469299, -0.20195187628269196, 0.40307191014289856, 0.20457470417022705, 0.8920102715492249),
            ["RightLowerArm"] = CFrame.new(1.1920928955078125e-07, 5.960464477539063e-08, -5.960464477539063e-08, 1, -9.592621097453957e-08, 1.7601995239147072e-07, 7.729976658765736e-08, -0.5865352749824524, -0.8099237084388733, 1.9680007312672387e-07, 0.8099237084388733, -0.5865352153778076),
            ["LeftHand"] = CFrame.new(-6.705522537231445e-08, -5.960464477539063e-08, -4.470348358154297e-08, 0.9676117897033691, 0.050908222794532776, 0.247256800532341, -0.027765635401010513, 0.9949747323989868, -0.09619981050491333, -0.25091156363487244, 0.0862189382314682, 0.9641627669334412),
            ["RightFoot"] = CFrame.new(1.9277285900898278e-07, 2.980232238769531e-07, 5.900801625102758e-09, 0.9800034761428833, 0.11718160659074783, -0.16081586480140686, -0.16849178075790405, 0.9186244606971741, -0.3574063777923584, 0.1058477908372879, 0.37735632061958313, 0.9199995398521423),
            ["RightHand"] = CFrame.new(1.73225998878479e-07, 1.1920928955078125e-07, 1.1920928955078125e-07, 0.9675196409225464, -0.0507984422147274, -0.24763955175876617, 0.027875453233718872, 0.9950668811798096, -0.09521014988422394, 0.25125443935394287, 0.08521459996700287, 0.9641627073287964),
            ["RightLowerLeg"] = CFrame.new(2.682209014892578e-07, -0.0000036954879760742188, -0.000013394448615144938, 1, 2.9057258643661044e-07, 4.0978196835794733e-08, -1.732259846676243e-07, 0.688791036605835, 0.7249593734741211, 1.4156101713069802e-07, -0.7249600291252136, 0.6887915730476379),
            ["RightUpperLeg"] = CFrame.new(-5.960464477539063e-08, -8.987262845039368e-08, -3.894820110872388e-08, 0.9166457056999207, 0.1510167121887207, 0.3700740933418274, -0.008931643329560757, 0.9333852529525757, -0.3587650954723358, -0.3996012210845947, 0.32555490732192993, 0.8569321632385254),
            ["LeftLowerLeg"] = CFrame.new(1.4901161193847656e-08, 0.000003814697265625, 0.000013321638107299805, 1, 3.0547388973900524e-07, 1.5273695908035734e-07, -3.091991231940483e-07, 0.4976281523704529, 0.8673906326293945, 2.2351744632942427e-07, -0.8673904538154602, 0.49762794375419617),
        }},
        {Time = 0.067, Data = {
            ["LeftFoot"] = CFrame.new(7.805351742717903e-08, -5.960464477539063e-08, 1.5263140085153282e-08, 0.9803184866905212, -0.10555155575275421, 0.16683727502822876, 0.17707015573978424, 0.8437985181808472, -0.5066065788269043, -0.08730404824018478, 0.526177704334259, 0.8458812236785889),
            ["LeftLowerArm"] = CFrame.new(-2.9802322387695312e-08, 2.980232238769531e-07, 7.450580596923828e-08, 1, -1.1175870895385742e-07, 1.4901161193847656e-07, 6.798654084150257e-08, -0.5865352153778076, -0.8099237680435181, 1.7019918630012398e-07, 0.8099237680435181, -0.5865352749824524),
            ["RightUpperArm"] = CFrame.new(1.1920928955078125e-07, 0.003905653953552246, 2.2351741790771484e-07, 0.9138277173042297, 0.03722868859767914, 0.404391884803772, 0.049519944936037064, 0.9781427979469299, -0.20195183157920837, -0.40307143330574036, 0.20457471907138824, 0.8920104503631592),
            ["Head"] = CFrame.new(1.825392246246338e-07, 0.003905653953552246, 1.4901161193847656e-08, 0.9958947896957397, -0.08858179301023483, -0.018622862175107002, 0.09045641869306564, 0.9663262963294983, 0.24089689552783966, -0.0033433400094509125, -0.24159255623817444, 0.9703720808029175),
            ["LowerTorso"] = CFrame.new(2.1334686279296875, -0.19938969612121582, -8.470329472543003e-22, 0.9915654063224792, -0.1021420881152153, -0.07978150993585587, 0.09401481598615646, 0.9905634522438049, -0.09972687065601349, 0.08921495079994202, 0.09138507395982742, 0.991811215877533),
            ["UpperTorso"] = CFrame.new(2.39349901676178e-07, -0.003906309604644775, 3.725290298461914e-09, 0.9755222201347351, 0.09767461568117142, 0.19701796770095825, -0.13164491951465607, 0.9770530462265015, 0.16744305193424225, -0.17614202201366425, -0.18928082287311554, 0.9659953117370605),
            ["HumanoidRootPart"] = CFrame.new(0, 0, 0, 1, 0, 0, 0, 1, 0, 0, 0, 1),
            ["LeftUpperLeg"] = CFrame.new(2.384185791015625e-07, -2.323649823665619e-07, -1.4901161193847656e-08, 0.9518652558326721, 0.060783758759498596, -0.3004295825958252, -0.17130893468856812, 0.9182696342468262, -0.3569794297218323, 0.2541768252849579, 0.39126256108283997, 0.8844816088676453),
            ["LeftUpperArm"] = CFrame.new(2.384185791015625e-07, 0.0039055347442626953, -2.477318048477173e-07, 0.9138275980949402, -0.03722885996103287, -0.40439245104789734, -0.049519918859004974, 0.9781427979469299, -0.20195187628269196, 0.40307191014289856, 0.20457470417022705, 0.8920102715492249),
            ["RightLowerArm"] = CFrame.new(1.1920928955078125e-07, 5.960464477539063e-08, -5.960464477539063e-08, 1, -9.592621097453957e-08, 1.7601995239147072e-07, 7.729976658765736e-08, -0.5865352749824524, -0.8099237084388733, 1.9680007312672387e-07, 0.8099237084388733, -0.5865352153778076),
            ["LeftHand"] = CFrame.new(-6.705522537231445e-08, -5.960464477539063e-08, -4.470348358154297e-08, 0.9676117897033691, 0.050908222794532776, 0.247256800532341, -0.027765635401010513, 0.9949747323989868, -0.09619981050491333, -0.25091156363487244, 0.0862189382314682, 0.9641627669334412),
            ["RightFoot"] = CFrame.new(1.9277285900898278e-07, 2.980232238769531e-07, 5.900801625102758e-09, 0.9800034761428833, 0.11718160659074783, -0.16081586480140686, -0.16849178075790405, 0.9186244606971741, -0.3574063777923584, 0.1058477908372879, 0.37735632061958313, 0.9199995398521423),
            ["RightHand"] = CFrame.new(1.73225998878479e-07, 1.1920928955078125e-07, 1.1920928955078125e-07, 0.9675196409225464, -0.0507984422147274, -0.24763955175876617, 0.027875453233718872, 0.9950668811798096, -0.09521014988422394, 0.25125443935394287, 0.08521459996700287, 0.9641627073287964),
            ["RightLowerLeg"] = CFrame.new(2.682209014892578e-07, -0.0000036954879760742188, -0.000013394448615144938, 1, 2.9057258643661044e-07, 4.0978196835794733e-08, -1.732259846676243e-07, 0.688791036605835, 0.7249593734741211, 1.4156101713069802e-07, -0.7249600291252136, 0.6887915730476379),
            ["RightUpperLeg"] = CFrame.new(-5.960464477539063e-08, -8.987262845039368e-08, -3.894820110872388e-08, 0.9166457056999207, 0.1510167121887207, 0.3700740933418274, -0.008931643329560757, 0.9333852529525757, -0.3587650954723358, -0.3996012210845947, 0.32555490732192993, 0.8569321632385254),
            ["LeftLowerLeg"] = CFrame.new(1.4901161193847656e-08, 0.000003814697265625, 0.000013321638107299805, 1, 3.0547388973900524e-07, 1.5273695908035734e-07, -3.091991231940483e-07, 0.4976281523704529, 0.8673906326293945, 2.2351744632942427e-07, -0.8673904538154602, 0.49762794375419617),
        }},
        {Time = 0.100, Data = {
            ["LeftFoot"] = CFrame.new(-1.2433156371116638e-07, -1.1920928955078125e-07, 2.2351741790771484e-08, 0.9803184866905212, -0.10555147379636765, 0.16683724522590637, 0.17707017064094543, 0.8437983989715576, -0.5066068768501282, -0.087304025888443, 0.5261779427528381, 0.8458810448646545),
            ["LeftLowerArm"] = CFrame.new(0, 0, 0, 1, -1.1175870895385742e-07, 1.4901161193847656e-07, 6.798654084150257e-08, -0.5865352153778076, -0.8099237680435181, 1.7019918630012398e-07, 0.8099237680435181, -0.5865352749824524),
            ["RightUpperArm"] = CFrame.new(-5.960464477539063e-08, 0.003905653953552246, 2.5331974029541016e-07, 0.9138277173042297, 0.03722868859767914, 0.404391884803772, 0.049519944936037064, 0.9781427979469299, -0.20195183157920837, -0.40307143330574036, 0.20457471907138824, 0.8920104503631592),
            ["Head"] = CFrame.new(4.7497451305389404e-08, 0.0039058923721313477, 5.960464477539063e-08, 0.9958947896957397, -0.08858179301023483, -0.018622862175107002, 0.09045641869306564, 0.9663262963294983, 0.24089689552783966, -0.0033433400094509125, -0.24159255623817444, 0.9703720808029175),
            ["LowerTorso"] = CFrame.new(2.1309762001037598, -0.19440507888793945, 0.009969476610422134, 0.9915654063224792, -0.1021420881152153, -0.07978150993585587, 0.09401481598615646, 0.9905634522438049, -0.09972687065601349, 0.08921495079994202, 0.09138507395982742, 0.991811215877533),
            ["UpperTorso"] = CFrame.new(5.122274160385132e-08, -0.0039058327674865723, -1.4901161193847656e-08, 0.9755222201347351, 0.09767461568117142, 0.19701796770095825, -0.13164491951465607, 0.9770530462265015, 0.16744305193424225, -0.17614202201366425, -0.18928082287311554, 0.9659953117370605),
            ["HumanoidRootPart"] = CFrame.new(0, 0, 0, 1, 0, 0, 0, 1, 0, 0, 0, 1),
            ["LeftUpperLeg"] = CFrame.new(-1.7881393432617188e-07, 5.564652383327484e-08, -1.862645149230957e-08, 0.9518651962280273, 0.06078365072607994, -0.3004295527935028, -0.17130887508392334, 0.9182694554328918, -0.3569796681404114, 0.2541767656803131, 0.3912627398967743, 0.8844814896583557),
            ["LeftUpperArm"] = CFrame.new(-1.1920928955078125e-07, 0.0039055347442626953, -2.1792948246002197e-07, 0.9138275980949402, -0.03722885996103287, -0.40439245104789734, -0.049519918859004974, 0.9781427979469299, -0.20195187628269196, 0.40307191014289856, 0.20457470417022705, 0.8920102715492249),
            ["RightLowerArm"] = CFrame.new(5.960464477539063e-08, 2.980232238769531e-07, 5.960464477539063e-08, 1, -9.592621097453957e-08, 1.7601995239147072e-07, 7.729976658765736e-08, -0.5865352749824524, -0.8099237084388733, 1.9680007312672387e-07, 0.8099237084388733, -0.5865352153778076),
            ["LeftHand"] = CFrame.new(-7.450580596923828e-08, 1.1920928955078125e-07, -1.4901161193847656e-07, 0.9676117897033691, 0.050908222794532776, 0.247256800532341, -0.027765635401010513, 0.9949747323989868, -0.09619981050491333, -0.25091156363487244, 0.0862189382314682, 0.9641627669334412),
            ["RightFoot"] = CFrame.new(-6.740447133779526e-07, 3.5762786865234375e-07, 2.9634975362569094e-08, 0.9800034761428833, 0.11718190461397171, -0.16081611812114716, -0.1684921532869339, 0.9186242818832397, -0.357406347990036, 0.10584793239831924, 0.3773564100265503, 0.9199994802474976),
            ["RightHand"] = CFrame.new(-6.705522537231445e-08, 2.384185791015625e-07, 0, 0.9675196409225464, -0.0507984422147274, -0.24763955175876617, 0.027875453233718872, 0.9950668811798096, -0.09521014988422394, 0.25125443935394287, 0.08521459996700287, 0.9641627073287964),
            ["RightLowerLeg"] = CFrame.new(3.8743019104003906e-07, -0.000003814697265625, -0.000013334843970369548, 1, 2.9057258643661044e-07, 6.332995639013461e-08, -1.6391278734317893e-07, 0.688791036605835, 0.7249593734741211, 1.0803343286625022e-07, -0.7249599099159241, 0.6887915730476379),
            ["RightUpperLeg"] = CFrame.new(-2.682209014892578e-07, 3.050081431865692e-07, -9.145878721028566e-09, 0.9166455268859863, 0.15101651847362518, 0.37007445096969604, -0.008931374177336693, 0.9333852529525757, -0.35876500606536865, -0.39960142970085144, 0.32555487751960754, 0.8569321632385254),
            ["LeftLowerLeg"] = CFrame.new(7.450580596923828e-08, 0.0000040531158447265625, 0.000013142824172973633, 1, 3.3527624054841e-07, 1.2665991278026922e-07, -2.682209014892578e-07, 0.4976275861263275, 0.8673908710479736, 1.6763806343078613e-07, -0.8673908710479736, 0.4976273775100708),
        }},
        {Time = 0.133, Data = {
            ["LeftFoot"] = CFrame.new(2.0489096641540527e-07, 5.960464477539063e-08, 3.725290298461914e-08, 0.9799982309341431, -0.10783106088638306, 0.16726011037826538, 0.18263502418994904, 0.8211587071418762, -0.5406875610351562, -0.07904420793056488, 0.5604202151298523, 0.8244276642799377),
            ["LeftLowerArm"] = CFrame.new(0, -1.1920928955078125e-07, 4.470348358154297e-08, 1, -4.866160452365875e-08, 1.5902331540473824e-07, 7.031485438346863e-08, -0.5865352153778076, -0.8099237680435181, 1.3495446182787418e-07, 0.8099237680435181, -0.5865350961685181),
            ["RightUpperArm"] = CFrame.new(0, 0.003906369209289551, 2.8312206268310547e-07, 0.9015375375747681, 0.04200415313243866, 0.43065720796585083, 0.03747661039233208, 0.9839572906494141, -0.17442384362220764, -0.43107476830482483, 0.1733892560005188, 0.8855002522468567),
            ["Head"] = CFrame.new(0.0007506413385272026, -0.02574789524078369, -0.0038165003061294556, 0.9960768222808838, -0.08656998723745346, -0.018351074308156967, 0.08835896849632263, 0.9615055918693542, 0.26019176840782166, -0.004880119115114212, -0.26079243421554565, 0.9653826355934143),
            ["LowerTorso"] = CFrame.new(2.113529682159424, -0.2691762447357178, 0.019938960671424866, 0.9915654063224792, -0.1021420806646347, -0.07978151738643646, 0.09037196636199951, 0.9861165881156921, -0.13930897414684296, 0.09290318191051483, 0.13092394173145294, 0.9870298504829407),
            ["UpperTorso"] = CFrame.new(5.21540641784668e-08, -0.0039061009883880615, -7.450580596923828e-09, 0.9749585390090942, 0.08962634205818176, 0.20352624356746674, -0.13928678631782532, 0.9595481753349304, 0.24467667937278748, -0.17336370050907135, -0.26689818501472473, 0.9480034112930298),
            ["HumanoidRootPart"] = CFrame.new(0, 0, 0, 1, 0, 0, 0, 1, 0, 0, 0, 1),
            ["LeftUpperLeg"] = CFrame.new(4.172325134277344e-07, -1.0291114449501038e-07, 0, 0.9528825879096985, 0.04846249148249626, -0.2994431257247925, -0.1602940857410431, 0.9185172319412231, -0.3614303767681122, 0.25752782821655273, 0.3923996388912201, 0.8830074071884155),
            ["LeftUpperArm"] = CFrame.new(0, 0.00390625, -2.193264663219452e-07, 0.9015373587608337, -0.0420042909681797, -0.43065768480300903, -0.037476588040590286, 0.9839572906494141, -0.17442384362220764, 0.4310752749443054, 0.1733892261981964, 0.8855000138282776),
            ["RightLowerArm"] = CFrame.new(-1.7881393432617188e-07, 0, -8.940696716308594e-08, 1, -7.636845111846924e-08, 1.7695128917694092e-07, 7.636845111846924e-08, -0.5865352153778076, -0.8099237680435181, 1.671724021434784e-07, 0.8099237680435181, -0.5865352153778076),
            ["LeftHand"] = CFrame.new(-4.0046870708465576e-08, 5.960464477539063e-08, 1.4901161193847656e-07, 0.9824848175048828, 0.03289558365941048, 0.18341661989688873, 0.0018752445466816425, 0.9824997186660767, -0.18625517189502716, -0.18633374571800232, 0.18333683907985687, 0.9652292132377625),
            ["RightFoot"] = CFrame.new(5.690380930900574e-07, 2.980232238769531e-07, 1.4139368431642652e-07, 0.9796046614646912, 0.12065034359693527, -0.1606808751821518, -0.17678768932819366, 0.8975908160209656, -0.4038275480270386, 0.09550385177135468, 0.4239978790283203, 0.9006136655807495),
            ["RightHand"] = CFrame.new(1.4901161193847656e-08, -1.7881393432617188e-07, 4.76837158203125e-07, 0.982345700263977, -0.032894983887672424, -0.18416008353233337, -0.0018746184650808573, 0.9826387166976929, -0.18552003800868988, 0.1870654970407486, 0.1825900375843048, 0.9652292132377625),
            ["RightLowerLeg"] = CFrame.new(4.544854164123535e-07, -0.000003814697265625, -0.000013200733519624919, 1, 2.533197687171196e-07, 7.823111758398227e-08, -2.60770320892334e-07, 0.602648138999939, 0.7980067133903503, 1.2665987014770508e-07, -0.798007071018219, 0.6026484966278076),
            ["RightUpperLeg"] = CFrame.new(-2.9802322387695312e-08, -7.82310962677002e-08, 4.300818545743823e-08, 0.9150183200836182, 0.16914241015911102, 0.36624082922935486, -0.018437599763274193, 0.9244429469108582, -0.38087448477745056, -0.40299078822135925, 0.3417544960975647, 0.849000871181488),
            ["LeftLowerLeg"] = CFrame.new(3.203749656677246e-07, 0.000003874301910400391, 0.000013172626495361328, 1, 3.427268211453338e-07, 1.7881390590446244e-07, -3.2782563152977673e-07, 0.42356571555137634, 0.905865490436554, 2.5704508743729093e-07, -0.9058654308319092, 0.42356541752815247),
        }},
        {Time = 0.167, Data = {
            ["LeftFoot"] = CFrame.new(7.916241884231567e-08, 0, -2.60770320892334e-08, 0.9799981713294983, -0.10783122479915619, 0.16726012527942657, 0.1826351284980774, 0.8211587071418762, -0.5406875610351562, -0.07904413342475891, 0.5604202151298523, 0.8244277238845825),
            ["LeftLowerArm"] = CFrame.new(0, -3.5762786865234375e-07, -1.4901161193847656e-08, 1, -4.866160452365875e-08, 1.5902331540473824e-07, 7.031485438346863e-08, -0.5865352153778076, -0.8099237680435181, 1.3495446182787418e-07, 0.8099237680435181, -0.5865350961685181),
            ["RightUpperArm"] = CFrame.new(1.1920928955078125e-07, 0.0039061307907104492, 2.2351741790771484e-07, 0.9015375375747681, 0.04200415313243866, 0.43065720796585083, 0.03747661039233208, 0.9839572906494141, -0.17442384362220764, -0.43107476830482483, 0.1733892560005188, 0.8855002522468567),
            ["Head"] = CFrame.new(0.0007505221292376518, -0.025748133659362793, -0.0038165301084518433, 0.9960768222808838, -0.08656998723745346, -0.018351074308156967, 0.08835896849632263, 0.9615055918693542, 0.26019176840782166, -0.004880119115114212, -0.26079243421554565, 0.9653826355934143),
            ["LowerTorso"] = CFrame.new(2.0636823177337646, -0.2691762447357178, 0.019938960671424866, 0.9915654063224792, -0.1021420806646347, -0.07978151738643646, 0.09037196636199951, 0.9861165881156921, -0.13930897414684296, 0.09290318191051483, 0.13092394173145294, 0.9870298504829407),
            ["UpperTorso"] = CFrame.new(5.21540641784668e-08, -0.0039061307907104492, 7.450580596923828e-09, 0.9749585390090942, 0.08962634205818176, 0.20352624356746674, -0.13928678631782532, 0.9595481753349304, 0.24467667937278748, -0.17336370050907135, -0.26689818501472473, 0.9480034112930298),
            ["HumanoidRootPart"] = CFrame.new(0, 0, 0, 1, 0, 0, 0, 1, 0, 0, 0, 1),
            ["LeftUpperLeg"] = CFrame.new(1.4901161193847656e-07, -2.4097971618175507e-07, 1.4901161193847656e-08, 0.9528826475143433, 0.048462655395269394, -0.29944318532943726, -0.16029426455497742, 0.9185172915458679, -0.3614303171634674, 0.2575278580188751, 0.3923996090888977, 0.8830074071884155),
            ["LeftUpperArm"] = CFrame.new(0, 0.0039060115814208984, -2.6402994990348816e-07, 0.9015373587608337, -0.0420042909681797, -0.43065768480300903, -0.037476588040590286, 0.9839572906494141, -0.17442384362220764, 0.4310752749443054, 0.1733892261981964, 0.8855000138282776),
            ["RightLowerArm"] = CFrame.new(5.960464477539063e-08, 1.1920928955078125e-07, -8.940696716308594e-08, 1, -7.636845111846924e-08, 1.7695128917694092e-07, 7.636845111846924e-08, -0.5865352153778076, -0.8099237680435181, 1.671724021434784e-07, 0.8099237680435181, -0.5865352153778076),
            ["LeftHand"] = CFrame.new(1.955777406692505e-08, 1.1920928955078125e-07, 1.9371509552001953e-07, 0.9824848175048828, 0.03289558365941048, 0.18341661989688873, 0.0018752445466816425, 0.9824997186660767, -0.18625517189502716, -0.18633374571800232, 0.18333683907985687, 0.9652292132377625),
            ["RightFoot"] = CFrame.new(3.417953848838806e-07, 3.5762786865234375e-07, -4.487083060666919e-08, 0.9796046018600464, 0.12065035104751587, -0.16068090498447418, -0.17678767442703247, 0.8975909352302551, -0.40382736921310425, 0.09550385177135468, 0.4239977300167084, 0.9006137847900391),
            ["RightHand"] = CFrame.new(-2.2351741790771484e-07, -1.1920928955078125e-07, 1.1920928955078125e-07, 0.982345700263977, -0.032894983887672424, -0.18416008353233337, -0.0018746184650808573, 0.9826387166976929, -0.18552003800868988, 0.1870654970407486, 0.1825900375843048, 0.9652292132377625),
            ["RightLowerLeg"] = CFrame.new(2.1606683731079102e-07, -0.0000036954879760742188, -0.000013401899195741862, 1, 2.384185791015625e-07, 1.1175873737556685e-07, -2.60770320892334e-07, 0.6026484370231628, 0.7980065941810608, 1.0803341865539551e-07, -0.7980067729949951, 0.6026487350463867),
            ["RightUpperLeg"] = CFrame.new(-2.9802322387695312e-08, -1.0896474123001099e-07, 5.045876605436206e-08, 0.9150183200836182, 0.16914235055446625, 0.36624082922935486, -0.018437599763274193, 0.9244429469108582, -0.38087427616119385, -0.40299078822135925, 0.34175437688827515, 0.849000871181488),
            ["LeftLowerLeg"] = CFrame.new(3.3527612686157227e-07, 0.000003933906555175781, 0.00001329183578491211, 1, 3.3527621212670056e-07, 1.7508864402770996e-07, -3.1292447033592907e-07, 0.42356571555137634, 0.9058655500411987, 2.756715389296005e-07, -0.9058654308319092, 0.42356544733047485),
        }},
        {Time = 0.200, Data = {
            ["LeftFoot"] = CFrame.new(1.1362135410308838e-07, 5.960464477539063e-08, 4.0978193283081055e-08, 0.9799982905387878, -0.10783115029335022, 0.16726014018058777, 0.18263505399227142, 0.821158766746521, -0.5406875014305115, -0.07904420047998428, 0.5604201555252075, 0.8244277238845825),
            ["LeftLowerArm"] = CFrame.new(-2.9802322387695312e-08, -2.384185791015625e-07, -4.470348358154297e-08, 1, -4.866160452365875e-08, 1.5902331540473824e-07, 7.031485438346863e-08, -0.5865352153778076, -0.8099237680435181, 1.3495446182787418e-07, 0.8099237680435181, -0.5865350961685181),
            ["RightUpperArm"] = CFrame.new(2.384185791015625e-07, 0.0039061307907104492, 2.8312206268310547e-07, 0.9015375375747681, 0.04200415313243866, 0.43065720796585083, 0.03747661039233208, 0.9839572906494141, -0.17442384362220764, -0.43107476830482483, 0.1733892560005188, 0.8855002522468567),
            ["Head"] = CFrame.new(0.0007505742833018303, -0.025748133659362793, -0.003816545009613037, 0.9960768222808838, -0.08656998723745346, -0.018351074308156967, 0.08835896849632263, 0.9615055918693542, 0.26019176840782166, -0.004880119115114212, -0.26079243421554565, 0.9653826355934143),
            ["LowerTorso"] = CFrame.new(1.9739570617675781, -0.25920653343200684, 0.019938960671424866, 0.9915654063224792, -0.1021420806646347, -0.07978151738643646, 0.09037196636199951, 0.9861165881156921, -0.13930897414684296, 0.09290318191051483, 0.13092394173145294, 0.9870298504829407),
            ["UpperTorso"] = CFrame.new(1.7136335372924805e-07, -0.00390586256980896, 7.450580596923828e-09, 0.9749585390090942, 0.08962634205818176, 0.20352624356746674, -0.13928678631782532, 0.9595481753349304, 0.24467667937278748, -0.17336370050907135, -0.26689818501472473, 0.9480034112930298),
            ["HumanoidRootPart"] = CFrame.new(0, 0, 0, 1, 0, 0, 0, 1, 0, 0, 0, 1),
            ["LeftUpperLeg"] = CFrame.new(1.7881393432617188e-07, 4.516914486885071e-08, 1.4901161193847656e-08, 0.9528825879096985, 0.04846261069178581, -0.2994430959224701, -0.16029416024684906, 0.9185173511505127, -0.36143016815185547, 0.25752782821655273, 0.3923994302749634, 0.8830074071884155),
            ["LeftUpperArm"] = CFrame.new(5.960464477539063e-08, 0.0039060115814208984, -2.2677704691886902e-07, 0.9015373587608337, -0.0420042909681797, -0.43065768480300903, -0.037476588040590286, 0.9839572906494141, -0.17442384362220764, 0.4310752749443054, 0.1733892261981964, 0.8855000138282776),
            ["RightLowerArm"] = CFrame.new(-2.9802322387695312e-08, 5.960464477539063e-08, -1.043081283569336e-07, 1, -7.636845111846924e-08, 1.7695128917694092e-07, 7.636845111846924e-08, -0.5865352153778076, -0.8099237680435181, 1.671724021434784e-07, 0.8099237680435181, -0.5865352153778076),
            ["LeftHand"] = CFrame.new(7.450580596923828e-09, 1.1920928955078125e-07, 2.384185791015625e-07, 0.9824848175048828, 0.03289558365941048, 0.18341661989688873, 0.0018752445466816425, 0.9824997186660767, -0.18625517189502716, -0.18633374571800232, 0.18333683907985687, 0.9652292132377625),
            ["RightFoot"] = CFrame.new(5.21540641784668e-08, 1.7881393432617188e-07, 7.620110409334302e-08, 0.9796046018600464, 0.1206500232219696, -0.1606808602809906, -0.17678740620613098, 0.8975909948348999, -0.4038272500038147, 0.09550395607948303, 0.4239976108074188, 0.9006138443946838),
            ["RightHand"] = CFrame.new(-3.2782554626464844e-07, -1.7881393432617188e-07, 4.76837158203125e-07, 0.982345700263977, -0.032894983887672424, -0.18416008353233337, -0.0018746184650808573, 0.9826387166976929, -0.18552003800868988, 0.1870654970407486, 0.1825900375843048, 0.9652292132377625),
            ["RightLowerLeg"] = CFrame.new(3.8743019104003906e-07, -0.0000037550926208496094, -0.000013424250937532634, 1, 2.6077037773575285e-07, 8.940698847936801e-08, -2.60770320892334e-07, 0.6026484370231628, 0.7980065941810608, 1.341104507446289e-07, -0.7980068325996399, 0.6026487350463867),
            ["RightUpperLeg"] = CFrame.new(2.384185791015625e-07, 1.3969838619232178e-08, 6.535992724820971e-08, 0.9150183796882629, 0.16914263367652893, 0.3662406802177429, -0.018437882885336876, 0.9244430065155029, -0.3808744549751282, -0.40299075841903687, 0.34175440669059753, 0.849000871181488),
            ["LeftLowerLeg"] = CFrame.new(3.8743019104003906e-07, 0.000004231929779052734, 0.000013262033462524414, 1, 3.799797525516624e-07, 1.527369164477932e-07, -3.0547388973900524e-07, 0.42356595396995544, 0.9058654308319092, 2.9057270012344816e-07, -0.9058653116226196, 0.42356574535369873),
        }},
        {Time = 0.233, Data = {
            ["LeftFoot"] = CFrame.new(3.3993273973464966e-08, 0, 4.6566128730773926e-08, 0.9799982905387878, -0.10783113539218903, 0.1672600954771042, 0.18263497948646545, 0.8211589455604553, -0.5406872630119324, -0.07904426008462906, 0.5604199767112732, 0.8244279026985168),
            ["LeftLowerArm"] = CFrame.new(0, 2.384185791015625e-07, -2.9802322387695312e-08, 1, -4.866160452365875e-08, 1.5902331540473824e-07, 7.031485438346863e-08, -0.5865352153778076, -0.8099237680435181, 1.3495446182787418e-07, 0.8099237680435181, -0.5865350961685181),
            ["RightUpperArm"] = CFrame.new(-1.1920928955078125e-07, 0.003906369209289551, 2.5331974029541016e-07, 0.9015375375747681, 0.04200415313243866, 0.43065720796585083, 0.03747661039233208, 0.9839572906494141, -0.17442384362220764, -0.43107476830482483, 0.1733892560005188, 0.8855002522468567),
            ["Head"] = CFrame.new(0.0007503880187869072, -0.025748133659362793, -0.003816545009613037, 0.9960768222808838, -0.08656998723745346, -0.018351074308156967, 0.08835896849632263, 0.9615055918693542, 0.26019176840782166, -0.004880119115114212, -0.26079243421554565, 0.9653826355934143),
            ["LowerTorso"] = CFrame.new(1.8742622137069702, -0.22929811477661133, 0.019938960671424866, 0.9915654063224792, -0.1021420806646347, -0.07978151738643646, 0.09037196636199951, 0.9861165881156921, -0.13930897414684296, 0.09290318191051483, 0.13092394173145294, 0.9870298504829407),
            ["UpperTorso"] = CFrame.new(-7.450580596923828e-09, -0.0039059221744537354, -7.450580596923828e-09, 0.9749585390090942, 0.08962634205818176, 0.20352624356746674, -0.13928678631782532, 0.9595481753349304, 0.24467667937278748, -0.17336370050907135, -0.26689818501472473, 0.9480034112930298),
            ["HumanoidRootPart"] = CFrame.new(0, 0, 0, 1, 0, 0, 0, 1, 0, 0, 0, 1),
            ["LeftUpperLeg"] = CFrame.new(-1.1920928955078125e-07, -6.05359673500061e-09, -2.60770320892334e-08, 0.9528825879096985, 0.04846265912055969, -0.2994430661201477, -0.16029411554336548, 0.9185174703598022, -0.3614300489425659, 0.25752782821655273, 0.39239931106567383, 0.8830074667930603),
            ["LeftUpperArm"] = CFrame.new(-1.1920928955078125e-07, 0.0039064884185791016, -2.3422762751579285e-07, 0.9015373587608337, -0.0420042909681797, -0.43065768480300903, -0.037476588040590286, 0.9839572906494141, -0.17442384362220764, 0.4310752749443054, 0.1733892261981964, 0.8855000138282776),
            ["RightLowerArm"] = CFrame.new(-2.9802322387695312e-08, -2.980232238769531e-07, -1.1920928955078125e-07, 1, -7.636845111846924e-08, 1.7695128917694092e-07, 7.636845111846924e-08, -0.5865352153778076, -0.8099237680435181, 1.671724021434784e-07, 0.8099237680435181, -0.5865352153778076),
            ["LeftHand"] = CFrame.new(6.332993507385254e-08, 0, -7.450580596923828e-08, 0.9824848175048828, 0.03289558365941048, 0.18341661989688873, 0.0018752445466816425, 0.9824997186660767, -0.18625517189502716, -0.18633374571800232, 0.18333683907985687, 0.9652292132377625),
            ["RightFoot"] = CFrame.new(6.379559636116028e-08, 3.5762786865234375e-07, 8.923962013795972e-08, 0.9796046018600464, 0.12065014988183975, -0.1606808304786682, -0.1767875701189041, 0.8975909948348999, -0.40382716059684753, 0.09550398588180542, 0.4239976704120636, 0.9006138443946838),
            ["RightHand"] = CFrame.new(-8.940696716308594e-08, 0, 3.5762786865234375e-07, 0.982345700263977, -0.032894983887672424, -0.18416008353233337, -0.0018746184650808573, 0.9826387166976929, -0.18552003800868988, 0.1870654970407486, 0.1825900375843048, 0.9652292132377625),
            ["RightLowerLeg"] = CFrame.new(7.301568984985352e-07, -0.000003933906555175781, -0.000013245437003206462, 1, 2.5331974029541016e-07, 8.195641498787154e-08, -2.6449558276908647e-07, 0.6026486754417419, 0.7980063557624817, 1.5646217832454568e-07, -0.7980065941810608, 0.6026490926742554),
            ["RightUpperLeg"] = CFrame.new(-8.940696716308594e-08, 2.0116567611694336e-07, -3.149762051180005e-08, 0.9150183200836182, 0.16914242506027222, 0.36624079942703247, -0.01843775436282158, 0.9244430661201477, -0.3808741569519043, -0.40299078822135925, 0.34175416827201843, 0.849000871181488),
            ["LeftLowerLeg"] = CFrame.new(2.8312206268310547e-07, 0.000004231929779052734, 0.000013202428817749023, 1, 3.3527621212670056e-07, 1.825392246246338e-07, -2.9057270012344816e-07, 0.4235662817955017, 0.9058651924133301, 2.5704508743729093e-07, -0.9058651924133301, 0.42356616258621216),
        }},
        {Time = 0.267, Data = {
            ["LeftFoot"] = CFrame.new(-1.6298145055770874e-08, 0, -1.862645149230957e-09, 0.9745010137557983, -0.15705709159374237, 0.16025207936763763, 0.21625104546546936, 0.8479121923446655, -0.48402535915374756, -0.05986018851399422, 0.5063378810882568, 0.8602550625801086),
            ["LeftLowerArm"] = CFrame.new(-1.1920928955078125e-07, 0, 3.5390257835388184e-07, 1, -4.4703490686970326e-08, 2.980232594040899e-08, 5.7742006731587026e-08, 0.5611382126808167, -0.8277221918106079, 2.980232594040899e-08, 0.8277221918106079, 0.5611382126808167),
            ["RightUpperArm"] = CFrame.new(1.1920928955078125e-07, 0.0039058923721313477, 2.1071173250675201e-07, 0.8010781407356262, 0.2494150698184967, 0.5441194176673889, -0.10386139899492264, 0.953179121017456, -0.28401148319244385, -0.589479923248291, 0.17100240290164948, 0.7894755601882935),
            ["Head"] = CFrame.new(0.0006251856684684753, -0.005809664726257324, -0.0038286850322037935, 0.9851958751678467, -0.08437695354223251, -0.1492299735546112, 0.1045321673154831, 0.9856114387512207, 0.13282723724842072, 0.13587519526481628, -0.14646019041538239, 0.9798404574394226),
            ["LowerTorso"] = CFrame.new(1.8443537950515747, -0.2193286418914795, 0.019938960671424866, 0.9912670254707336, -0.07557779550552368, 0.10806360095739365, 0.09037196636199951, 0.9861165881156921, -0.13930900394916534, -0.09603463858366013, 0.14785833656787872, 0.9843349456787109),
            ["UpperTorso"] = CFrame.new(-1.2712553143501282e-07, -0.0039062201976776123, -3.725290298461914e-09, 0.9908735752105713, 0.09666046500205994, 0.09394959360361099, -0.1084854006767273, 0.9855334758758545, 0.13021019101142883, -0.08000428974628448, -0.1392139345407486, 0.9870253205299377),
            ["HumanoidRootPart"] = CFrame.new(0, 0, 0, 1, 0, 0, 0, 1, 0, 0, 0, 1),
            ["LeftUpperLeg"] = CFrame.new(1.4901161193847656e-07, -3.213062882423401e-07, 3.725290298461914e-09, 0.9109283089637756, -0.029137328267097473, -0.4115346372127533, -0.1603017896413803, 0.8941300511360168, -0.41813236474990845, 0.38014885783195496, 0.44685834646224976, 0.8098176121711731),
            ["LeftUpperArm"] = CFrame.new(5.960464477539063e-08, 0.0039058923721313477, -2.230517566204071e-07, 0.42325353622436523, 0.8464530110359192, 0.32306957244873047, -0.5030201077461243, 0.516120433807373, -0.6932463049888611, -0.7535430788993835, 0.13090847432613373, 0.6442326903343201),
            ["RightLowerArm"] = CFrame.new(-1.7881393432617188e-07, 0, 1.4901161193847656e-07, 1, -3.5390257835388184e-08, 8.940696716308594e-08, 8.195638656616211e-08, 0.06557247042655945, -0.9978477954864502, 1.0617077350616455e-07, 0.9978477954864502, 0.06557248532772064),
            ["LeftHand"] = CFrame.new(2.682209014892578e-07, 0, -1.341104507446289e-07, 0.9156679511070251, -0.2803008556365967, -0.2880690097808838, 0.3732868731021881, 0.8587870001792908, 0.35091590881347656, 0.14902782440185547, -0.428854763507843, 0.8909962773323059),
            ["RightFoot"] = CFrame.new(1.0570511221885681e-07, 2.384185791015625e-07, 3.80168785341084e-08, 0.9864879846572876, 0.07995148748159409, -0.14300081133842468, -0.14117136597633362, 0.8577518463134766, -0.4942997395992279, 0.08313921093940735, 0.5078086853027344, 0.8574488759040833),
