return {
    ["Peace Out"] = {
        {Time = 0.000, Data = {
            ["RightFoot"] = CFrame.new(-8.195638656616211e-08, 2.384185791015625e-07, -2.8107024263590574e-08, 0.9670311212539673, 0.2532776892185211, -0.026478486135601997, -0.23787164688110352, 0.8612648844718933, -0.449043333530426, -0.09092823415994644, 0.44053754210472107, 0.8931176066398621),
            ["LeftLowerArm"] = CFrame.new(-0.0004951059818267822, -0.00009953975677490234, -1.1920928955078125e-07, 1, -9.685746960030883e-08, -2.3469326038139116e-07, -1.4901159417490817e-08, 0.9608868360519409, -0.27694159746170044, 2.3841855067985307e-07, 0.27694156765937805, 0.9608868360519409),
            ["RightUpperArm"] = CFrame.new(-0.00046068429946899414, -0.10292625427246094, 1.043081283569336e-07, 0.9571170210838318, 0.029323551803827286, -0.2882192134857178, -0.012672034092247486, 0.9981498122215271, 0.05946706607937813, 0.2894243001937866, -0.05326457694172859, 0.9557162523269653),
            ["Head"] = CFrame.new(-3.166496753692627e-08, -3.5762786865234375e-07, 1.816079020500183e-08, 0.935710608959198, 0.04517209529876709, 0.3498646318912506, -0.040365952998399734, 0.9989638924598694, -0.021020814776420593, -0.35045164823532104, 0.005546770989894867, 0.9365643858909607),
            ["RightHand"] = CFrame.new(2.905726432800293e-07, -2.980232238769531e-07, 2.3096799850463867e-07, 0.8453686237335205, -0.24798701703548431, 0.4731326401233673, 0.3422429859638214, 0.9314901232719421, -0.12327204644680023, -0.4101484417915344, 0.2661365866661072, 0.8723242282867432),
            ["UpperTorso"] = CFrame.new(-1.728767529129982e-08, 2.384185791015625e-07, 3.725290298461914e-09, 0.996520459651947, -0.0018362468108534813, -0.08332902193069458, 0.016580387949943542, 0.984143853187561, 0.17659589648246765, 0.08168347179889679, -0.17736303806304932, 0.9807498455047607),
            ["HumanoidRootPart"] = CFrame.new(0, 0, 0, 1, 0, 0, 0, 1, 0, 0, 0, 1),
            ["RightUpperLeg"] = CFrame.new(2.384185791015625e-07, 3.5960692912340164e-07, -7.620110409334302e-08, 0.9120135307312012, -0.33481788635253906, -0.23691383004188538, 0.2722611129283905, 0.9261911511421204, -0.2608524560928345, 0.30676573514938354, 0.17339852452278137, 0.935856819152832),
            ["LeftUpperArm"] = CFrame.new(0.00046062469482421875, -0.10292613506317139, -2.9802322387695312e-08, 0.9670459628105164, 0.2089253067970276, -0.1455148458480835, -0.19656440615653992, 0.9758936166763306, 0.09483089298009872, 0.16181635856628418, -0.06310280412435532, 0.9848008155822754),
            ["RightLowerArm"] = CFrame.new(-0.000004678964614868164, 0.0000013113021850585938, -3.129243850708008e-07, 1, 5.587932783157612e-09, 2.668238323622063e-07, 0, 0.9963723421096802, -0.08510131388902664, -1.8579876837065967e-07, 0.08510129898786545, 0.9963722825050354),
            ["LeftHand"] = CFrame.new(-2.384185791015625e-07, 0.00009971857070922852, -7.636845111846924e-08, 0.955805242061615, 0.22133299708366394, -0.1935153603553772, -0.22477468848228455, 0.9744014739990234, 0.004270236473530531, 0.18950685858726501, 0.0394158810377121, 0.9810879826545715),
            ["LeftFoot"] = CFrame.new(3.725290298461914e-08, -5.960464477539063e-08, -2.8405338525772095e-08, 0.9670429825782776, -0.24537186324596405, -0.06797561794519424, 0.2451799362897873, 0.9694120287895203, -0.011284900829195976, 0.06866534799337387, -0.005753123667091131, 0.9976231455802917),
            ["LowerTorso"] = CFrame.new(-0.057254817336797714, -0.1935274600982666, -0.09002290666103363, 0.9631412029266357, -0.012152528390288353, -0.26872193813323975, 0.00042013500933535397, 0.9990457892417908, -0.043674446642398834, 0.2689962685108185, 0.04195176064968109, 0.9622271656990051),
            ["RightLowerLeg"] = CFrame.new(-9.313225746154785e-09, -0.0000036954879760742188, -0.000013226810551714152, 1, 1.6763807764164085e-07, 1.9371513815258368e-07, -4.4703490686970326e-08, 0.7109122276306152, 0.7032804489135742, 1.0430814256778831e-07, -0.7032806873321533, 0.7109126448631287),
            ["LeftUpperLeg"] = CFrame.new(-3.5762786865234375e-07, -2.8032809495925903e-07, 8.195638656616211e-08, 0.9562257528305054, 0.2924588620662689, -0.010017839260399342, -0.2567961513996124, 0.8222238421440125, -0.5079406499862671, -0.14031480252742767, 0.4882785677909851, 0.8613338470458984),
            ["LeftLowerLeg"] = CFrame.new(-6.705522537231445e-08, 0.0000040531158447265625, 0.000013276934623718262, 1, 7.590276851487943e-08, 9.965149416757413e-08, -7.450578820566989e-09, 0.8358133435249329, 0.5490138530731201, 5.215404996761208e-08, -0.5490138530731201, 0.8358133435249329),
        }},
        {Time = 0.033, Data = {
            ["RightFoot"] = CFrame.new(7.450580596923828e-09, 2.980232238769531e-07, -1.925945980474353e-08, 0.9675271511077881, 0.25115978717803955, -0.028462370857596397, -0.2362906038761139, 0.8587172627449036, -0.4547208249568939, -0.08976694196462631, 0.4466804563999176, 0.8901792168617249),
            ["LeftLowerArm"] = CFrame.new(-0.0004946887493133545, -0.00010001659393310547, -1.7881393432617188e-07, 1, -1.0430805730266002e-07, -1.3783569841052667e-07, 3.7252888773764425e-08, 0.9277979135513306, -0.3730831742286682, 1.8626444386882213e-07, 0.37308311462402344, 0.9277978539466858),
            ["RightUpperArm"] = CFrame.new(-0.00046062469482421875, -0.10292720794677734, 6.705522537231445e-08, 0.9666489958763123, -0.028405047953128815, -0.25452959537506104, 0.04466663673520088, 0.9972971677780151, 0.05833743140101433, 0.25217974185943604, -0.06776079535484314, 0.9653037786483765),
            ["Head"] = CFrame.new(-2.421438694000244e-08, -2.384185791015625e-07, -7.916241884231567e-09, 0.9462059140205383, 0.04639879986643791, 0.3202211856842041, -0.042077019810676575, 0.9989060163497925, -0.02040620893239975, -0.3208176791667938, 0.005834526382386684, 0.9471229910850525),
            ["RightHand"] = CFrame.new(-2.9802322387695312e-08, -9.5367431640625e-07, 2.0489096641540527e-07, 0.8642117381095886, -0.25891730189323425, 0.43139296770095825, 0.343863308429718, 0.9298701286315918, -0.13076534867286682, -0.3672820031642914, 0.2613492012023926, 0.8926368355751038),
            ["UpperTorso"] = CFrame.new(2.3283064365386963e-09, 2.682209014892578e-07, -5.587935447692871e-09, 0.9978192448616028, -0.00031637903884984553, -0.06600550562143326, 0.011996375396847725, 0.9842035174369812, 0.17663423717021942, 0.06490696221590042, -0.17704087495803833, 0.982060968875885),
            ["HumanoidRootPart"] = CFrame.new(0, 0, 0, 1, 0, 0, 0, 1, 0, 0, 0, 1),
            ["RightUpperLeg"] = CFrame.new(1.7881393432617188e-07, 7.229391485452652e-07, -1.6933336155489087e-07, 0.9168848991394043, -0.3258606791496277, -0.23051400482654572, 0.2686995565891266, 0.9309509992599487, -0.24724695086479187, 0.2951655089855194, 0.16475774347782135, 0.9411334991455078),
            ["LeftUpperArm"] = CFrame.new(0.0004608035087585449, -0.10292720794677734, -1.043081283569336e-07, 0.9732709527015686, 0.2106267511844635, -0.09155210107564926, -0.20575200021266937, 0.9767720103263855, 0.05984416604042053, 0.10202831029891968, -0.03940758481621742, 0.9940004944801331),
            ["RightLowerArm"] = CFrame.new(-0.000004947185516357422, 0.0000013113021850585938, -3.725290298461914e-07, 1, 3.7252898543727042e-09, 1.9185242194907914e-07, 7.4505797087454084e-09, 0.9959383010864258, -0.09003876894712448, -2.924352600075508e-07, 0.09003875404596329, 0.9959383010864258),
            ["LeftHand"] = CFrame.new(-3.8743019104003906e-07, 0.00009965896606445312, -8.940696716308594e-08, 0.9537707567214966, 0.18402224779129028, -0.23760707676410675, -0.13847006857395172, 0.9707743525505066, 0.19601845741271973, 0.2667345404624939, -0.15405523777008057, 0.9513777494430542),
            ["LeftFoot"] = CFrame.new(-1.1175870895385742e-07, -5.960464477539063e-08, 7.310882210731506e-08, 0.9663727879524231, -0.24610619246959686, -0.07453425228595734, 0.2474159449338913, 0.9688701033592224, 0.008734683506190777, 0.070064015686512, -0.026881836354732513, 0.9971802830696106),
            ["LowerTorso"] = CFrame.new(-0.05688951164484024, -0.1935274600982666, -0.09002290666103363, 0.9672308564186096, -0.013045793399214745, -0.2535633444786072, 0.0020656543783843517, 0.9990504384040833, -0.04352143779397011, 0.2538903057575226, 0.04157150164246559, 0.9663392901420593),
            ["RightLowerLeg"] = CFrame.new(-3.91155481338501e-08, -0.000003933906555175781, -0.00001330131635768339, 1, -1.5646223516796454e-07, -1.4901164746561335e-08, 7.823110337312755e-08, 0.7140113711357117, 0.7001335620880127, -5.2154071283894154e-08, -0.7001341581344604, 0.7140119075775146),
            ["LeftUpperLeg"] = CFrame.new(-4.172325134277344e-07, 1.3224780559539795e-07, 2.9802322387695312e-08, 0.9557315707206726, 0.29423874616622925, 0.0008602604502812028, -0.2505131959915161, 0.8152309060096741, -0.522150993347168, -0.15433821082115173, 0.49882081151008606, 0.8528527021408081),
            ["LeftLowerLeg"] = CFrame.new(8.940696716308594e-08, 0.000003993511199951172, 0.00001341104507446289, 1, 1.3154931366443634e-07, 1.564621925354004e-07, -8.940698137394065e-08, 0.8323993682861328, 0.5541764497756958, 9.685756197086448e-08, -0.5541762709617615, 0.8323991894721985),
        }},
        {Time = 0.067, Data = {
            ["RightFoot"] = CFrame.new(-7.450580596923828e-09, 2.980232238769531e-07, -1.3205863069742918e-08, 0.9697511196136475, 0.24173130095005035, -0.03389286994934082, -0.2287740409374237, 0.8516581058502197, -0.47153040766716003, -0.08511915802955627, 0.465021014213562, 0.8811983466148376),
            ["LeftLowerArm"] = CFrame.new(-0.0004949867725372314, -0.0001004338264465332, -2.2351741790771484e-07, 1, -1.6763792132223898e-07, -1.341104507446289e-07, 7.636845111846924e-08, 0.8516889810562134, -0.5240476131439209, 2.1420419216156006e-07, 0.5240476131439209, 0.8516889810562134),
            ["RightUpperArm"] = CFrame.new(-0.00046050548553466797, -0.10292649269104004, 1.0244548320770264e-07, 0.9750139117240906, -0.14569908380508423, -0.16769421100616455, 0.15289640426635742, 0.9877623915672302, 0.03078240528702736, 0.1611538678407669, -0.05565311759710312, 0.9853584170341492),
            ["Head"] = CFrame.new(-3.166496753692627e-08, -1.1920928955078125e-07, -9.313225746154785e-08, 0.9640145897865295, 0.04692138358950615, 0.26167601346969604, -0.0439804270863533, 0.9988863468170166, -0.017087332904338837, -0.26218634843826294, 0.004963800311088562, 0.965004563331604),
            ["RightHand"] = CFrame.new(1.341104507446289e-07, -2.980232238769531e-07, 2.682209014892578e-07, 0.9314640760421753, -0.12563057243824005, 0.3414553999900818, 0.1933494657278061, 0.9659265279769897, -0.17205247282981873, -0.3082057237625122, 0.22628091275691986, 0.9240164160728455),
            ["UpperTorso"] = CFrame.new(-1.1175870895385742e-08, -1.1920928955078125e-07, -1.6763806343078613e-08, 0.9985978007316589, 0.009267237968742847, -0.05212080851197243, 0.0000074575646067387424, 0.9845336675643921, 0.17519594728946686, 0.052938252687454224, -0.17495065927505493, 0.9831529855728149),
            ["HumanoidRootPart"] = CFrame.new(0, 0, 0, 1, 0, 0, 0, 1, 0, 0, 0, 1),
            ["RightUpperLeg"] = CFrame.new(2.384185791015625e-07, 4.3466570787131786e-07, -8.458300726488233e-08, 0.9328291416168213, -0.2943122982978821, -0.2078699916601181, 0.2534554898738861, 0.9460170269012451, -0.20202036201953888, 0.256105899810791, 0.1357647031545639, 0.9570673704147339),
            ["LeftUpperArm"] = CFrame.new(0.0004604458808898926, -0.10292625427246094, -1.1920928955078125e-07, 0.9797689318656921, 0.1992819756269455, -0.01846317946910858, -0.19935613870620728, 0.9799234867095947, -0.0024229150731116533, 0.017609303817152977, 0.006054637022316456, 0.9998266696929932),
            ["RightLowerArm"] = CFrame.new(-0.000004947185516357422, 7.152557373046875e-07, -1.7881393432617188e-07, 1, -3.7252894102834944e-09, 1.732259846676243e-07, 1.4901157641133977e-08, 0.994324266910553, -0.1063922792673111, -1.713633110966839e-07, 0.1063922718167305, 0.9943243265151978),
            ["LeftHand"] = CFrame.new(-2.9802322387695312e-08, 0.0000997781753540039, 1.1920928955078125e-07, 0.9473889470100403, 0.13462117314338684, -0.29039832949638367, -0.00281206495128572, 0.9107210040092468, 0.4130127727985382, 0.3200721740722656, -0.3904671370983124, 0.8631855845451355),
            ["LeftFoot"] = CFrame.new(-1.210719347000122e-08, 1.1920928955078125e-07, -9.383074939250946e-08, 0.9648884534835815, -0.24456122517585754, -0.09581339359283447, 0.25193750858306885, 0.9648886322975159, 0.07428078353404999, 0.0742831751704216, -0.09581142663955688, 0.9926239252090454),
            ["LowerTorso"] = CFrame.new(-0.05582525581121445, -0.1935274600982666, -0.09002291411161423, 0.9792121052742004, -0.01658821851015091, -0.20216012001037598, 0.008097030222415924, 0.9990527629852295, -0.04275718703866005, 0.2026778757572174, 0.040231455117464066, 0.97841876745224),
            ["RightLowerLeg"] = CFrame.new(-1.862645149230957e-08, -0.0000035762786865234375, -0.000013305041647981852, 1, -1.8440184135215532e-07, -8.940695295223122e-08, 2.6449555434737704e-07, 0.7242458462715149, 0.6895415782928467, 3.725289587919178e-08, -0.6895418763160706, 0.724246084690094),
            ["LeftUpperLeg"] = CFrame.new(-4.172325134277344e-07, 1.210719347000122e-07, 6.705522537231445e-08, 0.9529922008514404, 0.3005732595920563, 0.03823208063840866, -0.2263493835926056, 0.790115475654602, -0.5696347951889038, -0.20142464339733124, 0.5342035293579102, 0.8210083246231079),
            ["LeftLowerLeg"] = CFrame.new(-2.5425106287002563e-07, 0.000004410743713378906, 0.000013358891010284424, 1, 1.1350493878126144e-07, 4.202593117952347e-08, -1.2200325727462769e-07, 0.8194150328636169, 0.5732003450393677, 5.774199962615967e-08, -0.5732006430625916, 0.8194153308868408),
        }},
        {Time = 0.100, Data = {
            ["RightFoot"] = CFrame.new(3.725290298461914e-08, 2.384185791015625e-07, 3.149762051180005e-08, 0.9750381708145142, 0.21844112873077393, -0.03980157896876335, -0.20911085605621338, 0.8431289196014404, -0.49538496136665344, -0.07465483248233795, 0.49134212732315063, 0.8677611947059631),
            ["LeftLowerArm"] = CFrame.new(-0.0004953742027282715, -0.00009882450103759766, -3.2782554626464844e-07, 1, -1.955775559281392e-07, -1.490115550950577e-07, 6.193292989564725e-08, 0.7607359886169434, -0.6490614414215088, 2.2724262294104847e-07, 0.6490614414215088, 0.7607359290122986),
            ["RightUpperArm"] = CFrame.new(-0.00046068429946899414, -0.10292685031890869, 4.470348358154297e-08, 0.9455315470695496, -0.3195982873439789, -0.061892054975032806, 0.3132430911064148, 0.944986879825592, -0.09420935064554214, 0.08859465271234512, 0.06969055533409119, 0.9936267733573914),
            ["Head"] = CFrame.new(-4.7031790018081665e-08, -2.384185791015625e-07, -2.561137080192566e-08, 0.9808421730995178, 0.04619557037949562, 0.18924739956855774, -0.045056622475385666, 0.9989311695098877, -0.010318526066839695, -0.18952181935310364, 0.0015940169105306268, 0.9818752408027649),
            ["RightHand"] = CFrame.new(4.78699803352356e-07, -2.384185791015625e-07, 2.4586915969848633e-07, 0.973529577255249, 0.09519405663013458, 0.20779377222061157, -0.08570599555969238, 0.9948442578315735, -0.05421695113182068, -0.211883544921875, 0.034972649067640305, 0.9766690135002136),
            ["UpperTorso"] = CFrame.new(-8.381903171539307e-09, 1.7881393432617188e-07, -1.1175870895385742e-08, 0.9982728958129883, 0.02679499424993992, -0.05228143930435181, -0.017473366111516953, 0.9850767850875854, 0.17122608423233032, 0.05608922615647316, -0.1700167953968048, 0.9838436245918274),
            ["HumanoidRootPart"] = CFrame.new(0, 0, 0, 1, 0, 0, 0, 1, 0, 0, 0, 1),
            ["RightUpperLeg"] = CFrame.new(1.7881393432617188e-07, 9.243376553058624e-08, -7.620110409334302e-08, 0.9556743502616882, -0.23999351263046265, -0.17055727541446686, 0.21955956518650055, 0.9668660759925842, -0.13024428486824036, 0.19616399705410004, 0.08702369034290314, 0.9767019748687744),
            ["LeftUpperArm"] = CFrame.new(0.0004603266716003418, -0.10292696952819824, -4.470348358154297e-08, 0.9859307408332825, 0.16623133420944214, 0.017567142844200134, -0.16426226496696472, 0.9829711318016052, -0.08237162977457047, -0.030960092321038246, 0.07832708954811096, 0.9964469075202942),
            ["RightLowerArm"] = CFrame.new(-0.0000046193599700927734, 4.172325134277344e-07, -2.086162567138672e-07, 1, 3.725289943190546e-08, 2.1047884501967928e-07, 2.9802311729554276e-08, 0.9906743168830872, -0.13625174760818481, -2.253799777918175e-07, 0.136251762509346, 0.9906742572784424),
            ["LeftHand"] = CFrame.new(-1.341104507446289e-07, 0.00009953975677490234, -2.682209014892578e-07, 0.9426673650741577, 0.16141431033611298, -0.2921020984649658, -0.03560803085565567, 0.9189047813415527, 0.39286917448043823, 0.33182862401008606, -0.35994386672973633, 0.8719692230224609),
            ["LeftFoot"] = CFrame.new(1.4901161193847656e-08, -5.960464477539063e-08, 8.381903171539307e-08, 0.9650605916976929, -0.23059554398059845, -0.12443376332521439, 0.2502436339855194, 0.9519134163856506, 0.17674629390239716, 0.07769312709569931, -0.20170952379703522, 0.9763591289520264),
            ["LowerTorso"] = CFrame.new(-0.054491668939590454, -0.1935274600982666, -0.09002292156219482, 0.9926062226295471, -0.0236514825373888, -0.119053415954113, 0.018893975764513016, 0.9989833235740662, -0.0409325547516346, 0.11990048736333847, 0.03838051110506058, 0.9920438528060913),
            ["RightLowerLeg"] = CFrame.new(-6.705522537231445e-08, -0.0000036954879760742188, -0.000013342294550966471, 1, -1.4621767263633956e-07, -5.960465898624534e-08, 6.891786341611805e-08, 0.7435911893844604, 0.6686344742774963, 5.5879347371501353e-08, -0.6686345934867859, 0.74359130859375),
            ["LeftUpperLeg"] = CFrame.new(-4.76837158203125e-07, -3.348104655742645e-07, 1.043081283569336e-07, 0.9453420042991638, 0.310116171836853, 0.10078054666519165, -0.17829006910324097, 0.7503514289855957, -0.6365417838096619, -0.2730225622653961, 0.5837815403938293, 0.7646291851997375),
            ["LeftLowerLeg"] = CFrame.new(2.2351741790771484e-08, 0.0000037550926208496094, 0.000013086944818496704, 1, 5.494803190231323e-08, 8.940695295223122e-08, -1.1175869474300271e-07, 0.8014800548553467, 0.5980212092399597, 4.0978189730367376e-08, -0.5980215072631836, 0.8014802932739258),
        }},
        {Time = 0.133, Data = {
            ["RightFoot"] = CFrame.new(6.332993507385254e-08, 2.384185791015625e-07, 3.149762051180005e-08, 0.9807151556015015, 0.19130970537662506, -0.03998001664876938, -0.18497434258460999, 0.8425083160400391, -0.5059288740158081, -0.06310559064149857, 0.5035675168037415, 0.8616482615470886),
            ["LeftLowerArm"] = CFrame.new(-0.0004951059818267822, -0.00009936094284057617, -2.3283064365386963e-07, 1, -2.0302817915762716e-07, -1.0430809993522416e-07, 7.543710012214433e-08, 0.6775200366973877, -0.7355043888092041, 2.1851148801488307e-07, 0.7355043888092041, 0.6775199770927429),
            ["RightUpperArm"] = CFrame.new(-0.00046068429946899414, -0.10292673110961914, 1.1920928955078125e-07, 0.8633814454078674, -0.5004035830497742, 0.06462433934211731, 0.5020362734794617, 0.83922278881073, -0.20894388854503632, 0.05032120272517204, 0.21284106373786926, 0.9757900834083557),
            ["Head"] = CFrame.new(-4.6566128730773926e-08, -4.76837158203125e-07, 5.168840289115906e-08, 0.9906998872756958, 0.046425506472587585, 0.12790042161941528, -0.04638420790433884, 0.9989182949066162, -0.0033030775375664234, -0.1279153972864151, -0.0026601909194141626, 0.9917815327644348),
            ["RightHand"] = CFrame.new(-1.5459954738616943e-07, -2.384185791015625e-07, 3.2782554626464844e-07, 0.941398024559021, 0.33108240365982056, 0.0644536167383194, -0.3324032127857208, 0.9430771470069885, 0.010667487978935242, -0.0572529137134552, -0.03146697208285332, 0.99786376953125),
            ["UpperTorso"] = CFrame.new(6.984919309616089e-10, -3.5762786865234375e-07, 1.1408701539039612e-08, 0.9977010488510132, 0.042060840874910355, -0.053136326372623444, -0.032748494297266006, 0.9856919646263123, 0.16534502804279327, 0.05933060497045517, -0.16322477161884308, 0.984803318977356),
            ["HumanoidRootPart"] = CFrame.new(0, 0, 0, 1, 0, 0, 0, 1, 0, 0, 0, 1),
            ["RightUpperLeg"] = CFrame.new(5.960464477539063e-08, 3.0477531254291534e-07, -8.737697498872876e-08, 0.9727855324745178, -0.1876847743988037, -0.13587790727615356, 0.17963632941246033, 0.9812847971916199, -0.06936073303222656, 0.14635275304317474, 0.04306447133421898, 0.9882946014404297),
            ["LeftUpperArm"] = CFrame.new(0.0004603862762451172, -0.10292649269104004, 2.9802322387695312e-08, 0.9928849339485168, 0.11680527031421661, -0.02315913327038288, -0.11887495219707489, 0.9836075901985168, -0.1355898082256317, 0.0069417464546859264, 0.13737811148166656, 0.990494430065155),
            ["RightLowerArm"] = CFrame.new(-0.00000426173210144043, 0.0000011324882507324219, -9.685754776000977e-08, 1, 3.7252898543727042e-09, 1.8998976258899347e-07, 5.587933316064664e-08, 0.9846220016479492, -0.1746988296508789, -1.7136329688582919e-07, 0.1746988594532013, 0.9846219420433044),
            ["LeftHand"] = CFrame.new(-2.384185791015625e-07, 0.0000997781753540039, 5.364418029785156e-07, 0.9751779437065125, 0.09868395328521729, -0.1982155293226242, -0.08245846629142761, 0.9926549196243286, 0.08852699398994446, 0.20549573004245758, -0.0699850395321846, 0.9761525392532349),
            ["LeftFoot"] = CFrame.new(5.587935447692871e-09, 5.960464477539063e-08, -1.1175870895385742e-08, 0.9677608013153076, -0.20789091289043427, -0.14219854772090912, 0.23950128257274628, 0.9343015551567078, 0.2640453279018402, 0.07796379178762436, -0.2895892858505249, 0.9539704918861389),
            ["LowerTorso"] = CFrame.new(-0.05421816557645798, -0.1935274600982666, -0.09002292156219482, 0.998404860496521, -0.032858654856681824, -0.045914918184280396, 0.031120089814066887, 0.9987900853157043, -0.0380801223218441, 0.047110624611377716, 0.03659050166606903, 0.99821937084198),
            ["RightLowerLeg"] = CFrame.new(-9.872019290924072e-08, -0.0000036954879760742188, -0.000013312492228578776, 1, -1.6391278734317893e-07, -5.2154071283894154e-08, 2.011657187495075e-07, 0.7634660601615906, 0.6458476781845093, -1.4901164746561335e-08, -0.6458479762077332, 0.7634663581848145),
            ["LeftUpperLeg"] = CFrame.new(-6.556510925292969e-07, -1.1688098311424255e-07, 7.450580596923828e-08, 0.932179868221283, 0.32255682349205017, 0.16430969536304474, -0.12480810284614563, 0.7124490737915039, -0.6905354857444763, -0.33979934453964233, 0.6231961846351624, 0.7043883800506592),
            ["LeftLowerLeg"] = CFrame.new(-3.725290298461914e-08, 0.000003874301910400391, 0.000013530254364013672, 1, 2.2724267978446733e-07, 1.1362133989223366e-07, -3.017484857537056e-07, 0.7836379408836365, 0.621218204498291, 1.7881390590446244e-07, -0.6212177872657776, 0.7836377024650574),
        }},
        {Time = 0.167, Data = {
            ["RightFoot"] = CFrame.new(-2.60770320892334e-08, 3.5762786865234375e-07, -2.0656443666666746e-08, 0.9862578511238098, 0.1611984670162201, -0.03620176762342453, -0.15716488659381866, 0.8478492498397827, -0.5064097046852112, -0.0509389266371727, 0.5051403641700745, 0.8615327477455139),
            ["LeftLowerArm"] = CFrame.new(-0.0004958212375640869, -0.00009948015213012695, -2.5331974029541016e-07, 1, -2.3096785639609152e-07, -1.2293457984924316e-07, 6.798654084150257e-08, 0.6419225335121155, -0.7667695879936218, 2.2654418785350572e-07, 0.766769528388977, 0.6419224739074707),
            ["RightUpperArm"] = CFrame.new(-0.0004608035087585449, -0.1029273271560669, 7.078051567077637e-08, 0.6646131277084351, -0.7201195359230042, 0.1993197351694107, 0.7470227479934692, 0.634775698184967, -0.19750282168388367, 0.015702124685049057, 0.28015658259391785, 0.9598252177238464),
            ["Head"] = CFrame.new(-4.6566128730773926e-08, -7.152557373046875e-07, 1.979060471057892e-08, 0.9961352944374084, 0.048033881932497025, 0.07353460788726807, -0.04849613085389137, 0.998813271522522, 0.004512700717896223, -0.07323058694601059, -0.008061428554356098, 0.9972825050354004),
            ["RightHand"] = CFrame.new(2.5331974029541016e-07, 2.980232238769531e-07, 3.8743019104003906e-07, 0.8895725607872009, 0.4566251039505005, -0.0124279810115695, -0.45450443029403687, 0.8875064849853516, 0.0758814886212349, 0.045679327100515366, -0.06185354292392731, 0.9970393776893616),
            ["UpperTorso"] = CFrame.new(-2.4563632905483246e-08, -1.1920928955078125e-07, -1.0128132998943329e-08, 0.9970104694366455, 0.05561765283346176, -0.0536377988755703, -0.04653117060661316, 0.9863646626472473, 0.1578594297170639, 0.0616861954331398, -0.15489165484905243, 0.9860038161277771),
            ["HumanoidRootPart"] = CFrame.new(0, 0, 0, 1, 0, 0, 0, 1, 0, 0, 0, 1),
            ["RightUpperLeg"] = CFrame.new(1.1920928955078125e-07, 1.6810372471809387e-07, -1.20904587674886e-07, 0.9854177236557007, -0.1359039843082428, -0.10238158702850342, 0.1349601447582245, 0.9907198548316956, -0.016123652458190918, 0.10362272709608078, 0.0020710851531475782, 0.9946146011352539),
            ["LeftUpperArm"] = CFrame.new(0.00046074390411376953, -0.10292708873748779, -1.043081283569336e-07, 0.9887228608131409, 0.04878591001033783, -0.14159080386161804, -0.07150789350271225, 0.9845033884048462, -0.1601240336894989, 0.13158221542835236, 0.16844315826892853, 0.9768890738487244),
            ["RightLowerArm"] = CFrame.new(-0.000005602836608886719, 0.0000010728836059570312, -1.7881393432617188e-07, 1, -8.754430069757291e-08, 2.0489086693942227e-07, 6.98491575690241e-08, 0.9750058054924011, -0.22217963635921478, -1.9744028634249844e-07, 0.22217966616153717, 0.9750057458877563),
            ["LeftHand"] = CFrame.new(1.043081283569336e-07, 0.00009942054748535156, 2.086162567138672e-07, 0.9971452355384827, -0.0005970640340819955, -0.07550644874572754, -0.00666911993175745, 0.9953644275665283, -0.09594368934631348, 0.0752137154340744, 0.09617329388856888, 0.9925189018249512),
            ["LeftFoot"] = CFrame.new(-1.4435499906539917e-08, 5.960464477539063e-08, -1.862645149230957e-08, 0.9722627401351929, -0.1795082539319992, -0.14993919432163239, 0.2212962508201599, 0.9135481715202332, 0.3412593901157379, 0.07571730762720108, -0.3649747371673584, 0.9279333353042603),
            ["LowerTorso"] = CFrame.new(-0.05478855222463608, -0.1935274600982666, -0.09002292156219482, 0.9987812042236328, -0.044711869210004807, 0.020908178761601448, 0.04540890455245972, 0.9983848333358765, -0.03414461016654968, -0.019347738474607468, 0.03505241125822067, 0.9991982579231262),
            ["RightLowerLeg"] = CFrame.new(4.470348358154297e-08, -0.0000036954879760742188, -0.000013312492228578776, 1, -1.7136333951839333e-07, -1.2665985593685036e-07, 1.878943294286728e-07, 0.7842280268669128, 0.6204726099967957, -1.2759119272232056e-07, -0.6204727292060852, 0.7842281460762024),
            ["LeftUpperLeg"] = CFrame.new(-4.76837158203125e-07, 4.470348358154297e-08, 2.7008354663848877e-08, 0.9107288718223572, 0.340833842754364, 0.23325005173683167, -0.06375841796398163, 0.674018919467926, -0.735957145690918, -0.40805381536483765, 0.6553859114646912, 0.6355796456336975),
            ["LeftLowerLeg"] = CFrame.new(-6.426125764846802e-08, 0.0000040531158447265625, 0.00001315772533416748, 1, 1.2200325727462769e-07, 1.7834825882800942e-07, -1.4714898100010032e-07, 0.7633448839187622, 0.6459916234016418, 1.587905131827938e-07, -0.6459911465644836, 0.7633444666862488),
        }},
        {Time = 0.200, Data = {
            ["RightFoot"] = CFrame.new(-1.1781230568885803e-07, 2.980232238769531e-07, -2.8107024263590574e-08, 0.9909371733665466, 0.13085229694843292, -0.030350089073181152, -0.12840627133846283, 0.8564324378967285, -0.5000351667404175, -0.03943803533911705, 0.499400794506073, 0.8654731512069702),
            ["LeftLowerArm"] = CFrame.new(-0.0004948973655700684, -0.00010037422180175781, -3.129243850708008e-07, 1, -1.806764515777104e-07, -7.962805170791398e-08, 6.519257311765614e-08, 0.6761799454689026, -0.7367365956306458, 2.0966396618860017e-07, 0.7367365956306458, 0.6761798858642578),
            ["RightUpperArm"] = CFrame.new(-0.00046062469482421875, -0.10292661190032959, 4.842877388000488e-08, 0.4415052831172943, -0.8496381044387817, 0.28843948245048523, 0.8872003555297852, 0.36537879705429077, -0.2817239761352539, 0.13397306203842163, 0.3802807927131653, 0.9151144027709961),
            ["Head"] = CFrame.new(-5.122274160385132e-08, 0, -1.7229467630386353e-08, 0.9983456134796143, 0.04869065433740616, 0.030581438913941383, -0.049078214913606644, 0.99872225522995, 0.012052391655743122, -0.029955528676509857, -0.013533337041735649, 0.9994596242904663),
            ["RightHand"] = CFrame.new(5.587935447692871e-09, -5.960464477539062e-07, 3.5762786865234375e-07, 0.9749237895011902, 0.22161005437374115, 0.020316600799560547, -0.22157230973243713, 0.975135326385498, -0.004118770826607943, -0.020724227651953697, -0.0004860759945586324, 0.9997851848602295),
            ["UpperTorso"] = CFrame.new(-1.862645149230957e-09, 5.960464477539063e-08, -1.4901161193847656e-08, 0.9959229230880737, 0.06778708845376968, -0.059518441557884216, -0.05822189524769783, 0.9869886040687561, 0.1498790681362152, 0.06890388578176498, -0.14580270648002625, 0.9869113564491272),
            ["HumanoidRootPart"] = CFrame.new(0, 0, 0, 1, 0, 0, 0, 1, 0, 0, 0, 1),
            ["RightUpperLeg"] = CFrame.new(-2.9802322387695312e-08, 4.270114004611969e-07, -7.24758137948811e-08, 0.9939591288566589, -0.08705730736255646, -0.06683122366666794, 0.0891585424542427, 0.9955917000770569, 0.02912190556526184, 0.06400126218795776, -0.03490454703569412, 0.9973392486572266),
            ["LeftUpperArm"] = CFrame.new(0.00046068429946899414, -0.10292637348175049, -7.729977369308472e-08, 0.9569201469421387, -0.02183373086154461, -0.28953486680984497, -0.0258199293166399, 0.986819863319397, -0.15974950790405273, 0.2892012596130371, 0.1603432595729828, 0.9437424540519714),
            ["RightLowerArm"] = CFrame.new(-0.00000521540641784668, 7.152557373046875e-07, -4.470348358154297e-07, 1, 7.078047303821222e-08, 2.104787739654057e-07, 2.048909131247001e-08, 0.9576175808906555, -0.2880426347255707, -2.1047884501967928e-07, 0.2880425453186035, 0.9576175808906555),
            ["LeftHand"] = CFrame.new(-2.60770320892334e-07, 0.00009959936141967773, 4.470348358154297e-08, 0.9996803402900696, -0.019700033590197563, -0.015849919989705086, 0.018301453441381454, 0.9962971210479736, -0.08400700241327286, 0.017446164041757584, 0.0836900994181633, 0.9963390827178955),
            ["LeftFoot"] = CFrame.new(-1.0989606380462646e-07, 0, -7.82310962677002e-08, 0.9769999384880066, -0.1538628786802292, -0.14763936400413513, 0.20104433596134186, 0.8954267501831055, 0.3972313404083252, 0.07108119130134583, -0.41777661442756653, 0.9057648181915283),
            ["LowerTorso"] = CFrame.new(-0.057487573474645615, -0.1935274600982666, -0.09002290666103363, 0.9950441122055054, -0.05747067555785179, 0.08114495873451233, 0.060024868696928024, 0.9977640509605408, -0.029394537210464478, -0.07927419245243073, 0.03411957249045372, 0.9962688088417053),
            ["RightLowerLeg"] = CFrame.new(-9.324867278337479e-08, -0.0000035762786865234375, -0.000013329721696209162, 1, -1.0849905152099382e-07, -6.23986053938097e-08, 1.1017250756140129e-07, 0.8042135834693909, 0.5943403244018555, -5.7741978309877595e-08, -0.5943405032157898, 0.8042136430740356),
            ["LeftUpperLeg"] = CFrame.new(-1.7881393432617188e-07, -7.671769708395004e-08, 2.60770320892334e-08, 0.8946053385734558, 0.3488287627696991, 0.2792843282222748, -0.011984764598309994, 0.6435015797615051, -0.7653507590293884, -0.44669628143310547, 0.6813400387763977, 0.5798608064651489),
            ["LeftLowerLeg"] = CFrame.new(4.470348358154297e-08, 0.0000040531158447265625, 0.000013232231140136719, 1, 1.6391282997574308e-07, 1.9557781172352406e-08, -1.1175873737556685e-07, 0.749107301235199, 0.6624490022659302, 4.097820394122209e-08, -0.6624487042427063, 0.7491070032119751),
        }},
        {Time = 0.233, Data = {
            ["RightFoot"] = CFrame.new(2.60770320892334e-08, 4.172325134277344e-07, 1.6596459317952394e-08, 0.9933648109436035, 0.11217856407165527, -0.02534382976591587, -0.11022083461284637, 0.8657220602035522, -0.4882381856441498, -0.03282919153571129, 0.487792432308197, 0.8723424673080444),
            ["LeftLowerArm"] = CFrame.new(-0.0004949867725372314, -0.00009989738464355469, -2.086162567138672e-07, 1, -1.750885019191628e-07, -1.1920928955078125e-07, 5.960464477539063e-08, 0.7515879273414612, -0.6596328020095825, 2.3958273231983185e-07, 0.6596328616142273, 0.7515881061553955),
            ["RightUpperArm"] = CFrame.new(-0.00046056509017944336, -0.10292744636535645, 1.4901161193847656e-07, 0.4981975555419922, -0.8007481694221497, 0.3325843811035156, 0.7486023306846619, 0.20369212329387665, -0.6309512853622437, 0.4374857246875763, 0.5633045434951782, 0.7009193897247314),
            ["Head"] = CFrame.new(-4.0978193283081055e-08, -5.960464477539062e-07, 1.257285475730896e-08, 0.9988517761230469, 0.04696754366159439, 0.009453085251152515, -0.04711045324802399, 0.9987692832946777, 0.015509750694036484, -0.008712995797395706, -0.01593727059662342, 0.9998350739479065),
            ["RightHand"] = CFrame.new(1.4901161193847656e-07, -5.364418029785156e-07, 4.172325134277344e-07, 0.9564439654350281, -0.20386548340320587, 0.2089349329471588, 0.21004590392112732, 0.9776620864868164, -0.007588792592287064, -0.20272065699100494, 0.051144156605005264, 0.9779002070426941),
            ["UpperTorso"] = CFrame.new(7.450580596923828e-09, 8.940696716308594e-08, 4.6566128730773926e-09, 0.9948900938034058, 0.07543959468603134, -0.06710206717252731, -0.06523332744836807, 0.9875587821006775, 0.14308126270771027, 0.07706122100353241, -0.1379728466272354, 0.9874336123466492),
            ["HumanoidRootPart"] = CFrame.new(0, 0, 0, 1, 0, 0, 0, 1, 0, 0, 0, 1),
            ["RightUpperLeg"] = CFrame.new(2.384185791015625e-07, 3.795139491558075e-07, -6.129994289949536e-08, 0.9979389905929565, -0.05315982177853584, -0.03594186529517174, 0.054997704923152924, 0.9971192479133606, 0.05223619192838669, 0.03306138515472412, -0.05410533770918846, 0.9979877471923828),
            ["LeftUpperArm"] = CFrame.new(0.00046062469482421875, -0.10292708873748779, 2.60770320892334e-08, 0.9049527049064636, -0.06754130125045776, -0.420124888420105, 0.005825253203511238, 0.9891967177391052, -0.14647746086120605, 0.42547228932380676, 0.13010786473751068, 0.8955665230751038),
            ["RightLowerArm"] = CFrame.new(-0.0000064373016357421875, 8.344650268554688e-07, 2.980232238769531e-07, 1, 4.284081356331626e-08, 2.3841846541472478e-07, 4.4703469370688254e-08, 0.9239622354507446, -0.3824838697910309, -1.490115550950577e-07, 0.38248392939567566, 0.9239621758460999),
            ["LeftHand"] = CFrame.new(-1.1920928955078125e-07, 0.00009936094284057617, 0, 0.9990853667259216, -0.02739184908568859, 0.03283630684018135, 0.030657857656478882, 0.9941586852073669, -0.10348246991634369, -0.029809989035129547, 0.10439451038837433, 0.9940891265869141),
            ["LeftFoot"] = CFrame.new(1.862645149230957e-09, 0, 7.450580596923828e-08, 0.9791486263275146, -0.14394013583660126, -0.14335039258003235, 0.19146046042442322, 0.8897495865821838, 0.41435348987579346, 0.06790360808372498, -0.4331594705581665, 0.8987557291984558),
            ["LowerTorso"] = CFrame.new(-0.06229298189282417, -0.19347929954528809, -0.09002688527107239, 0.990561306476593, -0.0688951164484024, 0.11849891394376755, 0.07219778746366501, 0.9971063137054443, -0.023802395910024643, -0.11651613563299179, 0.032133083790540695, 0.9926689267158508),
            ["RightLowerLeg"] = CFrame.new(6.146728992462158e-08, -0.000003635883331298828, -0.000013306904293131083, 1, -2.7567148208618164e-07, -1.2386591663471336e-07, 2.1792945403831254e-07, 0.8148128390312195, 0.5797237157821655, -1.1036171088107949e-07, -0.579724133014679, 0.8148131370544434),
            ["LeftUpperLeg"] = CFrame.new(-5.364418029785156e-07, 9.255018085241318e-08, 7.450580596923828e-08, 0.90357905626297, 0.33460190892219543, 0.2675568759441376, -0.002573243575170636, 0.6287450790405273, -0.7776072025299072, -0.4284138083457947, 0.7019410133361816, 0.5689818263053894),
            ["LeftLowerLeg"] = CFrame.new(-1.4901161193847656e-08, 0.000003635883331298828, 0.0000133514404296875, 1, 6.33299421792799e-08, 9.126959810146218e-08, 3.3527612686157227e-08, 0.7477406859397888, 0.6639912724494934, 1.2293457984924316e-07, -0.6639907956123352, 0.7477403283119202),
        }},
        {Time = 0.267, Data = {
            ["RightFoot"] = CFrame.new(-1.4901161193847656e-08, 2.384185791015625e-07, -3.4626282285898924e-08, 0.9938613772392273, 0.10832395404577255, -0.022484159097075462, -0.10596996545791626, 0.873720109462738, -0.47474536299705505, -0.03178158774971962, 0.4742143452167511, 0.8798359632492065),
            ["LeftLowerArm"] = CFrame.new(-0.0004948675632476807, -0.00009953975677490234, -3.3527612686157227e-07, 1, -1.713632116207009e-07, -2.0489093799369584e-07, 4.7206420106249425e-08, 0.8417097926139832, -0.5399302244186401, 2.2118913989288558e-07, 0.5399301648139954, 0.8417098522186279),
            ["RightUpperArm"] = CFrame.new(-0.0004608631134033203, -0.10292673110961914, 8.195638656616211e-08, 0.6572208404541016, -0.6757230162620544, 0.3338729739189148, 0.48541921377182007, 0.040616851300001144, -0.8733355402946472, 0.5765666365623474, 0.7360358238220215, 0.35470250248908997),
            ["Head"] = CFrame.new(-3.073364496231079e-08, -1.1920928955078125e-07, -6.51925802230835e-08, 0.9991506338119507, 0.04098169505596161, 0.004308691713958979, -0.041043877601623535, 0.9990371465682983, 0.015498458407819271, -0.0036693874280899763, -0.01566213369369507, 0.9998706579208374),
            ["RightHand"] = CFrame.new(2.384185791015625e-07, 2.384185791015625e-07, 5.272449925541878e-07, 0.6721518039703369, -0.5803956985473633, 0.4597313404083252, 0.5789113640785217, 0.7990576028823853, 0.1623842865228653, -0.4615990221500397, 0.1569967418909073, 0.8730855584144592),
            ["UpperTorso"] = CFrame.new(1.0244548320770264e-08, 3.2782554626464844e-07, 1.0244548320770264e-08, 0.9946165084838867, 0.07829772680997849, -0.06787973642349243, -0.06843754649162292, 0.988194465637207, 0.1370699107646942, 0.0778106302022934, -0.13168646395206451, 0.9882329106330872),
            ["HumanoidRootPart"] = CFrame.new(0, 0, 0, 1, 0, 0, 0, 1, 0, 0, 0, 1),
            ["RightUpperLeg"] = CFrame.new(0, 2.2118911147117615e-07, -1.246298779733479e-07, 0.9990904927253723, -0.03895549476146698, -0.01734357327222824, 0.03977099806070328, 0.9979848265647888, 0.04944367706775665, 0.015382349491119385, -0.05008871108293533, 0.9986262917518616),
            ["LeftUpperArm"] = CFrame.new(0.00046068429946899414, -0.10292637348175049, -8.940696716308594e-08, 0.8592833876609802, -0.08656435459852219, -0.5041296482086182, 0.01981574483215809, 0.9904698729515076, -0.1362954080104828, 0.5111159682273865, 0.10712665319442749, 0.8528052568435669),
            ["RightLowerArm"] = CFrame.new(-0.000004887580871582031, 0.0000010132789611816406, -1.4901161193847656e-07, 1, 7.450576333667414e-08, 1.5320256352424622e-07, 8.940692453052179e-08, 0.8679405450820923, -0.49666827917099, -1.4901154088420299e-07, 0.4966682195663452, 0.8679404854774475),
            ["LeftHand"] = CFrame.new(-4.470348358154297e-08, 0.00009965896606445312, 5.960464477539063e-08, 0.9966560006141663, -0.04430798441171646, 0.06865642219781876, 0.054125912487506866, 0.9874340295791626, -0.1484743058681488, -0.0612151101231575, 0.1516939103603363, 0.9865301251411438),
