return {
    ["Peanut"] = {
        {Time = 0.000, Data = {
            ["LeftFoot"] = CFrame.new(-2.357683115405962e-08, 1.1920928955078125e-07, 6.127551444023993e-08, 0.988212525844574, -0.13800197839736938, -0.0662694200873375, 0.08564553409814835, 0.8571723699569702, -0.50785893201828, 0.1268896907567978, 0.4961965084075928, 0.8588875532150269),
            ["LeftLowerArm"] = CFrame.new(-1.2665987014770508e-07, -0.00002092123031616211, 0.000040747225284576416, 0.9999998807907104, 0.0006146617233753204, -0.0002643904008436948, -0.0001457632170058787, -0.18543888628482819, -0.9826558828353882, -0.0006529411766678095, 0.9826556444168091, -0.18543870747089386),
            ["LowerTorso"] = CFrame.new(0, -0.5743790864944458, 0, 0.9976528286933899, 0, 0.06847645342350006, 0, 1, 0, -0.06847645342350006, 0, 0.9976528286933899),
            ["Head"] = CFrame.new(0, 1.1920928955078125e-07, 0, 0.8633894324302673, 0, 0.5045381188392639, 0, 1, 0, -0.5045381188392639, 0, 0.8633894324302673),
            ["RightUpperArm"] = CFrame.new(0, 1.1920928955078125e-07, 0, 0.42183759808540344, -0.4333084225654602, -0.7964276671409607, -0.10292034596204758, 0.8498458862304688, -0.5168843865394592, 0.9008110165596008, 0.30000993609428406, 0.31390073895454407),
            ["UpperTorso"] = CFrame.new(0, 0, 0, 0.9885072112083435, 0, 0.15117421746253967, 0, 1, 0, -0.15117421746253967, 0, 0.9885072112083435),
            ["HumanoidRootPart"] = CFrame.new(0, 0, 0, 1, 0, 0, 0, 1, 0, 0, 0, 1),
            ["RightHand"] = CFrame.new(-5.960464477539063e-08, 0, 1.4901161193847656e-08, 1, 7.4505797087454084e-09, 7.4505797087454084e-09, 3.725289943190546e-08, 1, -4.470347647611561e-08, -2.2351738238057806e-08, 5.960463766996327e-08, 1),
            ["LeftUpperArm"] = CFrame.new(0, 1.1920928955078125e-07, 0, 0.8262571692466736, 0.363556832075119, 0.4302622377872467, 0.024476274847984314, 0.7399401664733887, -0.672227144241333, -0.5627610683441162, 0.565963864326477, 0.6024824380874634),
            ["RightLowerArm"] = CFrame.new(2.2351741790771484e-08, 0.000020802021026611328, -0.000040471553802490234, 1, -5.960464477539063e-08, 2.2351738238057806e-08, 7.450581485102248e-09, -0.13278310000896454, -0.991145133972168, 7.823110337312755e-08, 0.9911451935768127, -0.13278299570083618),
            ["LeftHand"] = CFrame.new(2.980232238769531e-07, -1.1920928955078125e-07, -1.7508864402770996e-07, 1, -6.705523247774181e-08, 1.2107191693644381e-08, -4.842877388000488e-08, 1, 2.9802318834981634e-08, -2.0489096641540527e-08, 1.4901162970204496e-08, 1),
            ["RightUpperLeg"] = CFrame.new(0, 0, 2.029992174357176e-09, 0.7497450709342957, -0.6021245121955872, -0.2744603455066681, 0.0531110055744648, 0.46818113327026367, -0.8820350170135498, 0.6595919728279114, 0.6467245221138, 0.38299599289894104),
            ["LeftUpperLeg"] = CFrame.new(0, 0, -3.725290298461914e-09, 0.664799153804779, 0.698866605758667, 0.263870507478714, -0.1380019336938858, 0.46204546093940735, -0.8760533928871155, -0.7341645359992981, 0.5459848642349243, 0.40361249446868896),
            ["RightLowerLeg"] = CFrame.new(3.3527612686157227e-08, -0.00004780292510986328, -0.00008544156298739836, 1, 5.587938289863814e-08, -5.7742006731587026e-08, -4.4703490686970326e-08, -0.06132476031780243, 0.9981179237365723, 1.4901162970204496e-08, -0.998117983341217, -0.06132493168115616),
            ["RightFoot"] = CFrame.new(-6.426125764846802e-08, 1.1920928955078125e-07, -4.300818545743823e-08, 0.997583270072937, 0.053111009299755096, -0.04479934647679329, -0.06867501884698868, 0.8516638875007629, -0.5195700526237488, 0.010558904148638248, 0.5213903784751892, 0.8532525897026062),
            ["LeftLowerLeg"] = CFrame.new(-4.470348358154297e-08, 0.00004798173904418945, 0.000085487961769104, 1, -4.470347647611561e-08, 1.4901161193847656e-08, 5.2154071283894154e-08, -0.03939209505915642, 0.9992238879203796, 0, -0.9992238283157349, -0.0393923819065094),
        }},
        {Time = 0.038, Data = {
            ["LeftFoot"] = CFrame.new(-9.313225746154785e-09, 0, 2.9802322387695312e-08, 0.9894453287124634, -0.12485562264919281, -0.0735468715429306, 0.07837054133415222, 0.8879884481430054, -0.45313888788223267, 0.12188556790351868, 0.44259196519851685, 0.8884007930755615),
            ["LeftLowerArm"] = CFrame.new(-1.043081283569336e-07, -0.000020623207092285156, 0.00004040077328681946, 0.9999998807907104, 0.0006170552223920822, -0.00026684903423301876, -0.00014508611639030278, -0.18940365314483643, -0.9818993806838989, -0.0006563013303093612, 0.9818992018699646, -0.18940332531929016),
            ["LowerTorso"] = CFrame.new(0, -0.46366024017333984, 0, 0.9976528286933899, 0, 0.06847645342350006, 0, 1, 0, -0.06847645342350006, 0, 0.9976528286933899),
            ["Head"] = CFrame.new(0, 0, 0, 0.8633894324302673, 0, 0.5045381188392639, 0, 1, 0, -0.5045381188392639, 0, 0.8633894324302673),
            ["RightUpperArm"] = CFrame.new(0, 0, 0, 0.4349581003189087, -0.37926262617111206, -0.8166831731796265, -0.11437729001045227, 0.8763543963432312, -0.4678897559642792, 0.8931569457054138, 0.2969224750995636, 0.33779841661453247),
            ["UpperTorso"] = CFrame.new(0, 0, 0, 0.9885072112083435, 0, 0.15117421746253967, 0, 1, 0, -0.15117421746253967, 0, 0.9885072112083435),
            ["HumanoidRootPart"] = CFrame.new(0, 0, 0, 1, 0, 0, 0, 1, 0, 0, 0, 1),
            ["RightHand"] = CFrame.new(5.960464477539063e-08, -5.960464477539063e-08, 5.960464477539063e-08, 1, -5.21540641784668e-08, 5.960464477539063e-08, 0, 1, -4.470348358154297e-08, -1.4901161193847656e-08, 0, 1),
            ["LeftUpperArm"] = CFrame.new(0, 0, 0, 0.8252624869346619, 0.3309880495071411, 0.4575902819633484, 0.018601397052407265, 0.793883204460144, -0.607785701751709, -0.5644429922103882, 0.5100946426391602, 0.649005115032196),
            ["RightLowerArm"] = CFrame.new(7.450580596923828e-08, 0.000020384788513183594, -0.00004011392593383789, 1, 2.2351738238057806e-08, 5.215405707303944e-08, 2.2351745343485163e-08, -0.16671063005924225, -0.9860059022903442, 6.33299421792799e-08, 0.9860058426856995, -0.16671055555343628),
            ["LeftHand"] = CFrame.new(0, -1.1920928955078125e-07, 4.470348358154297e-08, 1, -3.725290742551124e-09, 1.7695128917694092e-08, 7.450580596923828e-09, 1, -1.4901161193847656e-08, 6.05359673500061e-08, -1.4901162970204496e-08, 1),
            ["RightUpperLeg"] = CFrame.new(0, 0, 2.029992174357176e-09, 0.7473492622375488, -0.5661198496818542, -0.34781813621520996, 0.04780598729848862, 0.5679411292076111, -0.8216796517372131, 0.6627094149589539, 0.5974538326263428, 0.4515143632888794),
            ["LeftUpperLeg"] = CFrame.new(0, 0, -3.725290298461914e-09, 0.660630464553833, 0.6619338989257812, 0.35413414239883423, -0.12485555559396744, 0.5620415806770325, -0.8176309466362, -0.7402557134628296, 0.4959362745285034, 0.453948050737381),
            ["RightLowerLeg"] = CFrame.new(1.1175870895385742e-08, -0.00004774332046508789, -0.00008554587111575529, 1, 5.960467319710006e-08, -3.539027559895658e-08, 9.872020712009544e-08, 0.11743295192718506, 0.9930808544158936, 6.33299421792799e-08, -0.9930809140205383, 0.11743275821208954),
            ["RightFoot"] = CFrame.new(3.166496753692627e-08, -5.960464477539063e-08, -1.3205863069742918e-08, 0.998019278049469, 0.04780593141913414, -0.040891919285058975, -0.06137216091156006, 0.882689356803894, -0.4659329056739807, 0.013820290565490723, 0.4675191640853882, 0.8838747143745422),
            ["LeftLowerLeg"] = CFrame.new(-1.4901161193847656e-08, 0.000048041343688964844, 0.00008545815944671631, 1, 2.9802318834981634e-08, -2.2351738238057806e-08, 2.2351738238057806e-08, 0.1393824815750122, 0.9902386665344238, 2.9802318834981634e-08, -0.9902386665344238, 0.1393822431564331),
        }},
        {Time = 0.077, Data = {
            ["LeftFoot"] = CFrame.new(-9.313225746154785e-09, 0, 2.9802322387695312e-08, 0.9894453287124634, -0.12485562264919281, -0.0735468715429306, 0.07837054133415222, 0.8879884481430054, -0.45313888788223267, 0.12188556790351868, 0.44259196519851685, 0.8884007930755615),
            ["LeftLowerArm"] = CFrame.new(-1.043081283569336e-07, -0.000020623207092285156, 0.00004040077328681946, 0.9999998807907104, 0.0006170552223920822, -0.00026684903423301876, -0.00014508611639030278, -0.18940365314483643, -0.9818993806838989, -0.0006563013303093612, 0.9818992018699646, -0.18940332531929016),
            ["LowerTorso"] = CFrame.new(0, -0.46366024017333984, 0, 0.9976528286933899, 0, 0.06847645342350006, 0, 1, 0, -0.06847645342350006, 0, 0.9976528286933899),
            ["Head"] = CFrame.new(0, 0, 0, 0.8633894324302673, 0, 0.5045381188392639, 0, 1, 0, -0.5045381188392639, 0, 0.8633894324302673),
            ["RightUpperArm"] = CFrame.new(0, 0, 0, 0.4349581003189087, -0.37926262617111206, -0.8166831731796265, -0.11437729001045227, 0.8763543963432312, -0.4678897559642792, 0.8931569457054138, 0.2969224750995636, 0.33779841661453247),
            ["UpperTorso"] = CFrame.new(0, 0, 0, 0.9885072112083435, 0, 0.15117421746253967, 0, 1, 0, -0.15117421746253967, 0, 0.9885072112083435),
            ["HumanoidRootPart"] = CFrame.new(0, 0, 0, 1, 0, 0, 0, 1, 0, 0, 0, 1),
            ["RightHand"] = CFrame.new(5.960464477539063e-08, -5.960464477539063e-08, 5.960464477539063e-08, 1, -5.21540641784668e-08, 5.960464477539063e-08, 0, 1, -4.470348358154297e-08, -1.4901161193847656e-08, 0, 1),
            ["LeftUpperArm"] = CFrame.new(0, 0, 0, 0.8252624869346619, 0.3309880495071411, 0.4575902819633484, 0.018601397052407265, 0.793883204460144, -0.607785701751709, -0.5644429922103882, 0.5100946426391602, 0.649005115032196),
            ["RightLowerArm"] = CFrame.new(7.450580596923828e-08, 0.000020384788513183594, -0.00004011392593383789, 1, 2.2351738238057806e-08, 5.215405707303944e-08, 2.2351745343485163e-08, -0.16671063005924225, -0.9860059022903442, 6.33299421792799e-08, 0.9860058426856995, -0.16671055555343628),
            ["LeftHand"] = CFrame.new(0, -1.1920928955078125e-07, 4.470348358154297e-08, 1, -3.725290742551124e-09, 1.7695128917694092e-08, 7.450580596923828e-09, 1, -1.4901161193847656e-08, 6.05359673500061e-08, -1.4901162970204496e-08, 1),
            ["RightUpperLeg"] = CFrame.new(0, 0, 2.029992174357176e-09, 0.7473492622375488, -0.5661198496818542, -0.34781813621520996, 0.04780598729848862, 0.5679411292076111, -0.8216796517372131, 0.6627094149589539, 0.5974538326263428, 0.4515143632888794),
            ["LeftUpperLeg"] = CFrame.new(0, 0, -3.725290298461914e-09, 0.660630464553833, 0.6619338989257812, 0.35413414239883423, -0.12485555559396744, 0.5620415806770325, -0.8176309466362, -0.7402557134628296, 0.4959362745285034, 0.453948050737381),
            ["RightLowerLeg"] = CFrame.new(1.1175870895385742e-08, -0.00004774332046508789, -0.00008554587111575529, 1, 5.960467319710006e-08, -3.539027559895658e-08, 9.872020712009544e-08, 0.11743295192718506, 0.9930808544158936, 6.33299421792799e-08, -0.9930809140205383, 0.11743275821208954),
            ["RightFoot"] = CFrame.new(3.166496753692627e-08, -5.960464477539063e-08, -1.3205863069742918e-08, 0.998019278049469, 0.04780593141913414, -0.040891919285058975, -0.06137216091156006, 0.882689356803894, -0.4659329056739807, 0.013820290565490723, 0.4675191640853882, 0.8838747143745422),
            ["LeftLowerLeg"] = CFrame.new(-1.4901161193847656e-08, 0.000048041343688964844, 0.00008545815944671631, 1, 2.9802318834981634e-08, -2.2351738238057806e-08, 2.2351738238057806e-08, 0.1393824815750122, 0.9902386665344238, 2.9802318834981634e-08, -0.9902386665344238, 0.1393822431564331),
        }},
        {Time = 0.115, Data = {
            ["LeftFoot"] = CFrame.new(-9.313225746154785e-09, 0, 2.9802322387695312e-08, 0.9894453287124634, -0.12485562264919281, -0.0735468715429306, 0.07837054133415222, 0.8879884481430054, -0.45313888788223267, 0.12188556790351868, 0.44259196519851685, 0.8884007930755615),
            ["LeftLowerArm"] = CFrame.new(-1.043081283569336e-07, -0.000020623207092285156, 0.00004040077328681946, 0.9999998807907104, 0.0006170552223920822, -0.00026684903423301876, -0.00014508611639030278, -0.18940365314483643, -0.9818993806838989, -0.0006563013303093612, 0.9818992018699646, -0.18940332531929016),
            ["LowerTorso"] = CFrame.new(0, -0.46366024017333984, 0, 0.9976528286933899, 0, 0.06847645342350006, 0, 1, 0, -0.06847645342350006, 0, 0.9976528286933899),
            ["Head"] = CFrame.new(0, 0, 0, 0.8633894324302673, 0, 0.5045381188392639, 0, 1, 0, -0.5045381188392639, 0, 0.8633894324302673),
            ["RightUpperArm"] = CFrame.new(0, 0, 0, 0.4349581003189087, -0.37926262617111206, -0.8166831731796265, -0.11437729001045227, 0.8763543963432312, -0.4678897559642792, 0.8931569457054138, 0.2969224750995636, 0.33779841661453247),
            ["UpperTorso"] = CFrame.new(0, 0, 0, 0.9885072112083435, 0, 0.15117421746253967, 0, 1, 0, -0.15117421746253967, 0, 0.9885072112083435),
            ["HumanoidRootPart"] = CFrame.new(0, 0, 0, 1, 0, 0, 0, 1, 0, 0, 0, 1),
            ["RightHand"] = CFrame.new(5.960464477539063e-08, -5.960464477539063e-08, 5.960464477539063e-08, 1, -5.21540641784668e-08, 5.960464477539063e-08, 0, 1, -4.470348358154297e-08, -1.4901161193847656e-08, 0, 1),
            ["LeftUpperArm"] = CFrame.new(0, 0, 0, 0.8252624869346619, 0.3309880495071411, 0.4575902819633484, 0.018601397052407265, 0.793883204460144, -0.607785701751709, -0.5644429922103882, 0.5100946426391602, 0.649005115032196),
            ["RightLowerArm"] = CFrame.new(7.450580596923828e-08, 0.000020384788513183594, -0.00004011392593383789, 1, 2.2351738238057806e-08, 5.215405707303944e-08, 2.2351745343485163e-08, -0.16671063005924225, -0.9860059022903442, 6.33299421792799e-08, 0.9860058426856995, -0.16671055555343628),
            ["LeftHand"] = CFrame.new(0, -1.1920928955078125e-07, 4.470348358154297e-08, 1, -3.725290742551124e-09, 1.7695128917694092e-08, 7.450580596923828e-09, 1, -1.4901161193847656e-08, 6.05359673500061e-08, -1.4901162970204496e-08, 1),
            ["RightUpperLeg"] = CFrame.new(0, 0, 2.029992174357176e-09, 0.7473492622375488, -0.5661198496818542, -0.34781813621520996, 0.04780598729848862, 0.5679411292076111, -0.8216796517372131, 0.6627094149589539, 0.5974538326263428, 0.4515143632888794),
            ["LeftUpperLeg"] = CFrame.new(0, 0, -3.725290298461914e-09, 0.660630464553833, 0.6619338989257812, 0.35413414239883423, -0.12485555559396744, 0.5620415806770325, -0.8176309466362, -0.7402557134628296, 0.4959362745285034, 0.453948050737381),
            ["RightLowerLeg"] = CFrame.new(1.1175870895385742e-08, -0.00004774332046508789, -0.00008554587111575529, 1, 5.960467319710006e-08, -3.539027559895658e-08, 9.872020712009544e-08, 0.11743295192718506, 0.9930808544158936, 6.33299421792799e-08, -0.9930809140205383, 0.11743275821208954),
            ["RightFoot"] = CFrame.new(3.166496753692627e-08, -5.960464477539063e-08, -1.3205863069742918e-08, 0.998019278049469, 0.04780593141913414, -0.040891919285058975, -0.06137216091156006, 0.882689356803894, -0.4659329056739807, 0.013820290565490723, 0.4675191640853882, 0.8838747143745422),
            ["LeftLowerLeg"] = CFrame.new(-1.4901161193847656e-08, 0.000048041343688964844, 0.00008545815944671631, 1, 2.9802318834981634e-08, -2.2351738238057806e-08, 2.2351738238057806e-08, 0.1393824815750122, 0.9902386665344238, 2.9802318834981634e-08, -0.9902386665344238, 0.1393822431564331),
        }},
        {Time = 0.154, Data = {
            ["LeftFoot"] = CFrame.new(-9.313225746154785e-09, 0, 2.9802322387695312e-08, 0.9894453287124634, -0.12485562264919281, -0.0735468715429306, 0.07837054133415222, 0.8879884481430054, -0.45313888788223267, 0.12188556790351868, 0.44259196519851685, 0.8884007930755615),
            ["LeftLowerArm"] = CFrame.new(-1.043081283569336e-07, -0.000020623207092285156, 0.00004040077328681946, 0.9999998807907104, 0.0006170552223920822, -0.00026684903423301876, -0.00014508611639030278, -0.18940365314483643, -0.9818993806838989, -0.0006563013303093612, 0.9818992018699646, -0.18940332531929016),
            ["LowerTorso"] = CFrame.new(0, -0.46366024017333984, 0, 0.9976528286933899, 0, 0.06847645342350006, 0, 1, 0, -0.06847645342350006, 0, 0.9976528286933899),
            ["Head"] = CFrame.new(0, 0, 0, 0.8633894324302673, 0, 0.5045381188392639, 0, 1, 0, -0.5045381188392639, 0, 0.8633894324302673),
            ["RightUpperArm"] = CFrame.new(0, 0, 0, 0.4349581003189087, -0.37926262617111206, -0.8166831731796265, -0.11437729001045227, 0.8763543963432312, -0.4678897559642792, 0.8931569457054138, 0.2969224750995636, 0.33779841661453247),
            ["UpperTorso"] = CFrame.new(0, 0, 0, 0.9885072112083435, 0, 0.15117421746253967, 0, 1, 0, -0.15117421746253967, 0, 0.9885072112083435),
            ["HumanoidRootPart"] = CFrame.new(0, 0, 0, 1, 0, 0, 0, 1, 0, 0, 0, 1),
            ["RightHand"] = CFrame.new(5.960464477539063e-08, -5.960464477539063e-08, 5.960464477539063e-08, 1, -5.21540641784668e-08, 5.960464477539063e-08, 0, 1, -4.470348358154297e-08, -1.4901161193847656e-08, 0, 1),
            ["LeftUpperArm"] = CFrame.new(0, 0, 0, 0.8252624869346619, 0.3309880495071411, 0.4575902819633484, 0.018601397052407265, 0.793883204460144, -0.607785701751709, -0.5644429922103882, 0.5100946426391602, 0.649005115032196),
            ["RightLowerArm"] = CFrame.new(7.450580596923828e-08, 0.000020384788513183594, -0.00004011392593383789, 1, 2.2351738238057806e-08, 5.215405707303944e-08, 2.2351745343485163e-08, -0.16671063005924225, -0.9860059022903442, 6.33299421792799e-08, 0.9860058426856995, -0.16671055555343628),
            ["LeftHand"] = CFrame.new(0, -1.1920928955078125e-07, 4.470348358154297e-08, 1, -3.725290742551124e-09, 1.7695128917694092e-08, 7.450580596923828e-09, 1, -1.4901161193847656e-08, 6.05359673500061e-08, -1.4901162970204496e-08, 1),
            ["RightUpperLeg"] = CFrame.new(0, 0, 2.029992174357176e-09, 0.7473492622375488, -0.5661198496818542, -0.34781813621520996, 0.04780598729848862, 0.5679411292076111, -0.8216796517372131, 0.6627094149589539, 0.5974538326263428, 0.4515143632888794),
            ["LeftUpperLeg"] = CFrame.new(0, 0, -3.725290298461914e-09, 0.660630464553833, 0.6619338989257812, 0.35413414239883423, -0.12485555559396744, 0.5620415806770325, -0.8176309466362, -0.7402557134628296, 0.4959362745285034, 0.453948050737381),
            ["RightLowerLeg"] = CFrame.new(1.1175870895385742e-08, -0.00004774332046508789, -0.00008554587111575529, 1, 5.960467319710006e-08, -3.539027559895658e-08, 9.872020712009544e-08, 0.11743295192718506, 0.9930808544158936, 6.33299421792799e-08, -0.9930809140205383, 0.11743275821208954),
            ["RightFoot"] = CFrame.new(3.166496753692627e-08, -5.960464477539063e-08, -1.3205863069742918e-08, 0.998019278049469, 0.04780593141913414, -0.040891919285058975, -0.06137216091156006, 0.882689356803894, -0.4659329056739807, 0.013820290565490723, 0.4675191640853882, 0.8838747143745422),
            ["LeftLowerLeg"] = CFrame.new(-1.4901161193847656e-08, 0.000048041343688964844, 0.00008545815944671631, 1, 2.9802318834981634e-08, -2.2351738238057806e-08, 2.2351738238057806e-08, 0.1393824815750122, 0.9902386665344238, 2.9802318834981634e-08, -0.9902386665344238, 0.1393822431564331),
        }},
        {Time = 0.192, Data = {
            ["LeftFoot"] = CFrame.new(-2.7939677238464355e-08, -1.1920928955078125e-07, -4.0978193283081055e-08, 0.9856262803077698, -0.04235812649130821, -0.16354437172412872, 0.012162527069449425, 0.9833368062973022, -0.18138597905635834, 0.16850198805332184, 0.17678971588611603, 0.9697177410125732),
            ["LeftLowerArm"] = CFrame.new(-8.195638656616211e-08, -0.000020265579223632812, 0.000040418002754449844, 0.9999997019767761, -0.0006835423992015421, -0.0003469903313089162, 0.0006816015229560435, 0.9999850392341614, -0.0054411073215305805, 0.00035068581928499043, 0.005440662149339914, 0.9999851584434509),
            ["LowerTorso"] = CFrame.new(-0.0920756459236145, -0.10817348957061768, 0, 0.9934986233711243, 0, 0.11384434998035431, 0, 1, 0, -0.11384434998035431, 0, 0.9934986233711243),
            ["Head"] = CFrame.new(7.450580596923828e-09, 0, -9.313225746154785e-10, 0.9995813965797424, 0, -0.028932102024555206, 0, 1, 0, 0.028932102024555206, 0, 0.9995813965797424),
            ["RightUpperArm"] = CFrame.new(0, 0, 2.7939677238464355e-09, 0.33168360590934753, -0.7942730188369751, 0.5090347528457642, -0.04592359811067581, -0.552534282207489, -0.8322240710258484, 0.9422723054885864, 0.25265830755233765, -0.21974241733551025),
            ["UpperTorso"] = CFrame.new(0, 0, 0, 0.9994627237319946, 0, 0.03277817368507385, 0, 1, 0, -0.03277817368507385, 0, 0.9994627237319946),
            ["HumanoidRootPart"] = CFrame.new(0, 0, 0, 1, 0, 0, 0, 1, 0, 0, 0, 1),
            ["RightHand"] = CFrame.new(-2.9802322387695312e-08, -2.980232238769531e-07, -1.4901161193847656e-07, 1, -2.2351738238057806e-08, 1.4901161193847656e-08, -2.7939677238464355e-08, 1, -7.450580596923828e-09, -1.862645149230957e-08, 7.4505797087454084e-09, 1),
            ["LeftUpperArm"] = CFrame.new(-1.1920928955078125e-07, 0, -2.7008354663848877e-08, 0.19204190373420715, 0.8240795731544495, -0.5329285264015198, -0.17743337154388428, -0.5049315690994263, -0.8447257876396179, -0.9652137160301208, 0.25678199529647827, 0.049251213669776917),
            ["RightLowerArm"] = CFrame.new(2.9802322387695312e-08, 0.000020623207092285156, -0.000040687620639801025, 1, -5.587935447692871e-08, -3.3527612686157227e-08, -1.4901161193847656e-08, 0.9999855756759644, -0.005385935306549072, 2.2351741790771484e-08, 0.005385994911193848, 0.9999855160713196),
            ["LeftHand"] = CFrame.new(1.1920928955078125e-07, -5.960464477539063e-08, -7.078051567077637e-08, 1, 3.725290742551124e-09, -1.862645149230957e-08, 0, 1, 1.6763806343078613e-08, -1.4901162970204496e-08, 1.4901162970204496e-08, 1),
            ["RightUpperLeg"] = CFrame.new(-2.9802322387695312e-08, -1.1920928955078125e-07, 1.0986695997416973e-09, 0.7717613577842712, -0.3632130026817322, -0.5219779014587402, 0.10566899925470352, 0.8826694488525391, -0.45796146988868713, 0.6270714402198792, 0.2982800006866455, 0.719590425491333),
            ["LeftUpperLeg"] = CFrame.new(-5.960464477539063e-08, -1.1920928955078125e-07, -8.381903171539307e-09, 0.6312890648841858, 0.3802364468574524, 0.6759397387504578, -0.042358096688985825, 0.8871678709983826, -0.45949849486351013, -0.7743900418281555, 0.26144489645957947, 0.5761654376983643),
            ["RightLowerLeg"] = CFrame.new(-5.960464477539063e-08, -0.0000476837158203125, -0.00008554587111575529, 1, 3.9115558791991134e-08, 4.5634813261585805e-08, -3.72529100900465e-08, 0.8261197805404663, 0.5634943842887878, -1.0430815677864302e-07, -0.5634945034980774, 0.8261198997497559),
            ["RightFoot"] = CFrame.new(-1.30385160446167e-08, -5.960464477539063e-08, 6.875052349641919e-08, 0.9860584139823914, 0.1056690365076065, -0.12854090332984924, -0.11950422078371048, 0.9872495532035828, -0.10515326261520386, 0.11579081416130066, 0.11904826015233994, 0.9861136078834534),
            ["LeftLowerLeg"] = CFrame.new(-4.470348358154297e-08, 0.000048041343688964844, 0.00008558481931686401, 1, 1.862645149230957e-08, 4.9360089349193004e-08, -3.725291186640334e-09, 0.7925722599029541, 0.6097779273986816, 1.862645593320167e-09, -0.609778106212616, 0.7925723195075989),
        }},
        {Time = 0.231, Data = {
            ["LeftFoot"] = CFrame.new(-2.7939677238464355e-08, -1.1920928955078125e-07, -4.0978193283081055e-08, 0.9856262803077698, -0.04235812649130821, -0.16354437172412872, 0.012162527069449425, 0.9833368062973022, -0.18138597905635834, 0.16850198805332184, 0.17678971588611603, 0.9697177410125732),
            ["LeftLowerArm"] = CFrame.new(-8.195638656616211e-08, -0.000020265579223632812, 0.000040418002754449844, 0.9999997019767761, -0.0006835423992015421, -0.0003469903313089162, 0.0006816015229560435, 0.9999850392341614, -0.0054411073215305805, 0.00035068581928499043, 0.005440662149339914, 0.9999851584434509),
            ["LowerTorso"] = CFrame.new(-0.0920756459236145, -0.10817348957061768, 0, 0.9934986233711243, 0, 0.11384434998035431, 0, 1, 0, -0.11384434998035431, 0, 0.9934986233711243),
            ["Head"] = CFrame.new(7.450580596923828e-09, 0, -9.313225746154785e-10, 0.9995813965797424, 0, -0.028932102024555206, 0, 1, 0, 0.028932102024555206, 0, 0.9995813965797424),
            ["RightUpperArm"] = CFrame.new(0, 0, 2.7939677238464355e-09, 0.33168360590934753, -0.7942730188369751, 0.5090347528457642, -0.04592359811067581, -0.552534282207489, -0.8322240710258484, 0.9422723054885864, 0.25265830755233765, -0.21974241733551025),
            ["UpperTorso"] = CFrame.new(0, 0, 0, 0.9994627237319946, 0, 0.03277817368507385, 0, 1, 0, -0.03277817368507385, 0, 0.9994627237319946),
            ["HumanoidRootPart"] = CFrame.new(0, 0, 0, 1, 0, 0, 0, 1, 0, 0, 0, 1),
            ["RightHand"] = CFrame.new(-2.9802322387695312e-08, -2.980232238769531e-07, -1.4901161193847656e-07, 1, -2.2351738238057806e-08, 1.4901161193847656e-08, -2.7939677238464355e-08, 1, -7.450580596923828e-09, -1.862645149230957e-08, 7.4505797087454084e-09, 1),
            ["LeftUpperArm"] = CFrame.new(-1.1920928955078125e-07, 0, -2.7008354663848877e-08, 0.19204190373420715, 0.8240795731544495, -0.5329285264015198, -0.17743337154388428, -0.5049315690994263, -0.8447257876396179, -0.9652137160301208, 0.25678199529647827, 0.049251213669776917),
            ["RightLowerArm"] = CFrame.new(2.9802322387695312e-08, 0.000020623207092285156, -0.000040687620639801025, 1, -5.587935447692871e-08, -3.3527612686157227e-08, -1.4901161193847656e-08, 0.9999855756759644, -0.005385935306549072, 2.2351741790771484e-08, 0.005385994911193848, 0.9999855160713196),
            ["LeftHand"] = CFrame.new(1.1920928955078125e-07, -5.960464477539063e-08, -7.078051567077637e-08, 1, 3.725290742551124e-09, -1.862645149230957e-08, 0, 1, 1.6763806343078613e-08, -1.4901162970204496e-08, 1.4901162970204496e-08, 1),
            ["RightUpperLeg"] = CFrame.new(-2.9802322387695312e-08, -1.1920928955078125e-07, 1.0986695997416973e-09, 0.7717613577842712, -0.3632130026817322, -0.5219779014587402, 0.10566899925470352, 0.8826694488525391, -0.45796146988868713, 0.6270714402198792, 0.2982800006866455, 0.719590425491333),
            ["LeftUpperLeg"] = CFrame.new(-5.960464477539063e-08, -1.1920928955078125e-07, -8.381903171539307e-09, 0.6312890648841858, 0.3802364468574524, 0.6759397387504578, -0.042358096688985825, 0.8871678709983826, -0.45949849486351013, -0.7743900418281555, 0.26144489645957947, 0.5761654376983643),
            ["RightLowerLeg"] = CFrame.new(-5.960464477539063e-08, -0.0000476837158203125, -0.00008554587111575529, 1, 3.9115558791991134e-08, 4.5634813261585805e-08, -3.72529100900465e-08, 0.8261197805404663, 0.5634943842887878, -1.0430815677864302e-07, -0.5634945034980774, 0.8261198997497559),
            ["RightFoot"] = CFrame.new(-1.30385160446167e-08, -5.960464477539063e-08, 6.875052349641919e-08, 0.9860584139823914, 0.1056690365076065, -0.12854090332984924, -0.11950422078371048, 0.9872495532035828, -0.10515326261520386, 0.11579081416130066, 0.11904826015233994, 0.9861136078834534),
            ["LeftLowerLeg"] = CFrame.new(-4.470348358154297e-08, 0.000048041343688964844, 0.00008558481931686401, 1, 1.862645149230957e-08, 4.9360089349193004e-08, -3.725291186640334e-09, 0.7925722599029541, 0.6097779273986816, 1.862645593320167e-09, -0.609778106212616, 0.7925723195075989),
        }},
        {Time = 0.269, Data = {
            ["LeftFoot"] = CFrame.new(-2.7939677238464355e-08, -1.1920928955078125e-07, -4.0978193283081055e-08, 0.9856262803077698, -0.04235812649130821, -0.16354437172412872, 0.012162527069449425, 0.9833368062973022, -0.18138597905635834, 0.16850198805332184, 0.17678971588611603, 0.9697177410125732),
            ["LeftLowerArm"] = CFrame.new(-8.195638656616211e-08, -0.000020265579223632812, 0.000040418002754449844, 0.9999997019767761, -0.0006835423992015421, -0.0003469903313089162, 0.0006816015229560435, 0.9999850392341614, -0.0054411073215305805, 0.00035068581928499043, 0.005440662149339914, 0.9999851584434509),
            ["LowerTorso"] = CFrame.new(-0.0920756459236145, -0.10817348957061768, 0, 0.9934986233711243, 0, 0.11384434998035431, 0, 1, 0, -0.11384434998035431, 0, 0.9934986233711243),
            ["Head"] = CFrame.new(7.450580596923828e-09, 0, -9.313225746154785e-10, 0.9995813965797424, 0, -0.028932102024555206, 0, 1, 0, 0.028932102024555206, 0, 0.9995813965797424),
            ["RightUpperArm"] = CFrame.new(0, 0, 2.7939677238464355e-09, 0.33168360590934753, -0.7942730188369751, 0.5090347528457642, -0.04592359811067581, -0.552534282207489, -0.8322240710258484, 0.9422723054885864, 0.25265830755233765, -0.21974241733551025),
            ["UpperTorso"] = CFrame.new(0, 0, 0, 0.9994627237319946, 0, 0.03277817368507385, 0, 1, 0, -0.03277817368507385, 0, 0.9994627237319946),
            ["HumanoidRootPart"] = CFrame.new(0, 0, 0, 1, 0, 0, 0, 1, 0, 0, 0, 1),
            ["RightHand"] = CFrame.new(-2.9802322387695312e-08, -2.980232238769531e-07, -1.4901161193847656e-07, 1, -2.2351738238057806e-08, 1.4901161193847656e-08, -2.7939677238464355e-08, 1, -7.450580596923828e-09, -1.862645149230957e-08, 7.4505797087454084e-09, 1),
            ["LeftUpperArm"] = CFrame.new(-1.1920928955078125e-07, 0, -2.7008354663848877e-08, 0.19204190373420715, 0.8240795731544495, -0.5329285264015198, -0.17743337154388428, -0.5049315690994263, -0.8447257876396179, -0.9652137160301208, 0.25678199529647827, 0.049251213669776917),
            ["RightLowerArm"] = CFrame.new(2.9802322387695312e-08, 0.000020623207092285156, -0.000040687620639801025, 1, -5.587935447692871e-08, -3.3527612686157227e-08, -1.4901161193847656e-08, 0.9999855756759644, -0.005385935306549072, 2.2351741790771484e-08, 0.005385994911193848, 0.9999855160713196),
            ["LeftHand"] = CFrame.new(1.1920928955078125e-07, -5.960464477539063e-08, -7.078051567077637e-08, 1, 3.725290742551124e-09, -1.862645149230957e-08, 0, 1, 1.6763806343078613e-08, -1.4901162970204496e-08, 1.4901162970204496e-08, 1),
            ["RightUpperLeg"] = CFrame.new(-2.9802322387695312e-08, -1.1920928955078125e-07, 1.0986695997416973e-09, 0.7717613577842712, -0.3632130026817322, -0.5219779014587402, 0.10566899925470352, 0.8826694488525391, -0.45796146988868713, 0.6270714402198792, 0.2982800006866455, 0.719590425491333),
            ["LeftUpperLeg"] = CFrame.new(-5.960464477539063e-08, -1.1920928955078125e-07, -8.381903171539307e-09, 0.6312890648841858, 0.3802364468574524, 0.6759397387504578, -0.042358096688985825, 0.8871678709983826, -0.45949849486351013, -0.7743900418281555, 0.26144489645957947, 0.5761654376983643),
            ["RightLowerLeg"] = CFrame.new(-5.960464477539063e-08, -0.0000476837158203125, -0.00008554587111575529, 1, 3.9115558791991134e-08, 4.5634813261585805e-08, -3.72529100900465e-08, 0.8261197805404663, 0.5634943842887878, -1.0430815677864302e-07, -0.5634945034980774, 0.8261198997497559),
            ["RightFoot"] = CFrame.new(-1.30385160446167e-08, -5.960464477539063e-08, 6.875052349641919e-08, 0.9860584139823914, 0.1056690365076065, -0.12854090332984924, -0.11950422078371048, 0.9872495532035828, -0.10515326261520386, 0.11579081416130066, 0.11904826015233994, 0.9861136078834534),
            ["LeftLowerLeg"] = CFrame.new(-4.470348358154297e-08, 0.000048041343688964844, 0.00008558481931686401, 1, 1.862645149230957e-08, 4.9360089349193004e-08, -3.725291186640334e-09, 0.7925722599029541, 0.6097779273986816, 1.862645593320167e-09, -0.609778106212616, 0.7925723195075989),
        }},
        {Time = 0.308, Data = {
            ["LeftFoot"] = CFrame.new(-2.619289318772644e-08, -5.960464477539063e-08, -7.878944785488784e-08, 0.987571120262146, -0.0654335767030716, -0.1429050713777542, 0.02735445275902748, 0.9668993949890137, -0.25368794798851013, 0.1547742336988449, 0.24662530422210693, 0.9566715955734253),
            ["LeftLowerArm"] = CFrame.new(1.4901161193847656e-07, -0.000020742416381835938, 0.00004110485315322876, 1, -0.00010216978989774361, -0.00000616908073425293, 0.00006465612386818975, 0.6793065667152405, -0.7338547110557556, 0.0000792145510786213, 0.7338547110557556, 0.6793065667152405),
            ["LowerTorso"] = CFrame.new(-0.1286134123802185, -0.12113022804260254, 0, 0.9998340010643005, 0, -0.018225746229290962, 0, 1, 0, 0.018225746229290962, 0, 0.9998340010643005),
            ["Head"] = CFrame.new(0, 0, 0, 0.989858090877533, 0, -0.14205989241600037, 0, 1, 0, 0.14205989241600037, 0, 0.989858090877533),
            ["RightUpperArm"] = CFrame.new(0, 0, -1.0477378964424133e-09, 0.2367149442434311, -0.9178301095962524, 0.3186752200126648, 0.1333538144826889, -0.29420000314712524, -0.9463948607444763, 0.9623839855194092, 0.2665223181247711, 0.052754633128643036),
            ["UpperTorso"] = CFrame.new(0, 0, 0, 0.999980628490448, 0, 0.006240362301468849, 0, 1, 0, -0.006240362301468849, 0, 0.999980628490448),
            ["HumanoidRootPart"] = CFrame.new(0, 0, 0, 1, 0, 0, 0, 1, 0, 0, 0, 1),
            ["RightHand"] = CFrame.new(-5.960464477539063e-08, 4.172325134277344e-07, -6.798654794692993e-08, 1, -2.2351741790771484e-08, 0, -7.450580596923828e-09, 1, 2.0489096641540527e-08, 0, 1.862645149230957e-09, 1),
            ["LeftUpperArm"] = CFrame.new(0, 0, -1.0477378964424133e-09, 0.3306906819343567, 0.9131830930709839, -0.2382025122642517, -0.1069563776254654, -0.21451205015182495, -0.9708475470542908, -0.9376587867736816, 0.3465275168418884, 0.026733633130788803),
            ["RightLowerArm"] = CFrame.new(5.960464477539063e-08, 0.00002086162567138672, -0.000040403567254543304, 1, -1.4901155864777138e-08, 1.4901157641133977e-08, 1.4901162970204496e-08, 0.7848165035247803, -0.619728147983551, 1.4901162970204496e-08, 0.619728147983551, 0.784816563129425),
            ["LeftHand"] = CFrame.new(-5.960464477539063e-08, 0, -5.413312464952469e-08, 1, 0, -3.3527612686157227e-08, 7.450581485102248e-09, 1, -2.2351741790771484e-08, -2.980232594040899e-08, 3.72529100900465e-08, 1),
            ["RightUpperLeg"] = CFrame.new(0, 1.1920928955078125e-07, -6.548361852765083e-11, 0.8267249464988708, -0.34752821922302246, -0.4424366056919098, 0.09344998747110367, 0.8603053092956543, -0.5011406540870667, 0.5547910332679749, 0.3729597330093384, 0.743712306022644),
            ["LeftUpperLeg"] = CFrame.new(-1.7881393432617188e-07, 1.1920928955078125e-07, 2.0954757928848267e-09, 0.5404502153396606, 0.4118671119213104, 0.7336751818656921, -0.065433569252491, 0.8899279832839966, -0.45138296484947205, -0.8388278484344482, 0.19594305753707886, 0.507911741733551),
            ["RightLowerLeg"] = CFrame.new(-9.685754776000977e-08, -0.00004756450653076172, -0.00008554587111575529, 1, -3.53902720462429e-08, 7.171183824539185e-08, -3.725289943190546e-08, 0.8260823488235474, 0.5635494589805603, -8.940695295223122e-08, -0.5635495781898499, 0.8260822892189026),
            ["RightFoot"] = CFrame.new(-4.470348358154297e-08, 0, 4.919274942949414e-08, 0.9917194843292236, 0.09345002472400665, -0.08808908611536026, -0.09914290904998779, 0.9931005835533142, -0.06262660026550293, 0.08162912726402283, 0.07084114104509354, 0.9941419363021851),
            ["LeftLowerLeg"] = CFrame.new(6.705522537231445e-08, 0.000048041343688964844, 0.00008555501699447632, 1, -2.2351741790771484e-08, 5.587935447692871e-08, 1.1175870895385742e-08, 0.7523696422576904, 0.6587413549423218, 7.450580596923828e-09, -0.6587412357330322, 0.7523694634437561),
        }},
        {Time = 0.346, Data = {
            ["LeftFoot"] = CFrame.new(-2.619289318772644e-08, -5.960464477539063e-08, -7.878944785488784e-08, 0.987571120262146, -0.0654335767030716, -0.1429050713777542, 0.02735445275902748, 0.9668993949890137, -0.25368794798851013, 0.1547742336988449, 0.24662530422210693, 0.9566715955734253),
            ["LeftLowerArm"] = CFrame.new(1.4901161193847656e-07, -0.000020742416381835938, 0.00004110485315322876, 1, -0.00010216978989774361, -0.00000616908073425293, 0.00006465612386818975, 0.6793065667152405, -0.7338547110557556, 0.0000792145510786213, 0.7338547110557556, 0.6793065667152405),
            ["LowerTorso"] = CFrame.new(-0.1286134123802185, -0.12113022804260254, 0, 0.9998340010643005, 0, -0.018225746229290962, 0, 1, 0, 0.018225746229290962, 0, 0.9998340010643005),
            ["Head"] = CFrame.new(0, 0, 0, 0.989858090877533, 0, -0.14205989241600037, 0, 1, 0, 0.14205989241600037, 0, 0.989858090877533),
            ["RightUpperArm"] = CFrame.new(0, 0, -1.0477378964424133e-09, 0.2367149442434311, -0.9178301095962524, 0.3186752200126648, 0.1333538144826889, -0.29420000314712524, -0.9463948607444763, 0.9623839855194092, 0.2665223181247711, 0.052754633128643036),
            ["UpperTorso"] = CFrame.new(0, 0, 0, 0.999980628490448, 0, 0.006240362301468849, 0, 1, 0, -0.006240362301468849, 0, 0.999980628490448),
            ["HumanoidRootPart"] = CFrame.new(0, 0, 0, 1, 0, 0, 0, 1, 0, 0, 0, 1),
            ["RightHand"] = CFrame.new(-5.960464477539063e-08, 4.172325134277344e-07, -6.798654794692993e-08, 1, -2.2351741790771484e-08, 0, -7.450580596923828e-09, 1, 2.0489096641540527e-08, 0, 1.862645149230957e-09, 1),
            ["LeftUpperArm"] = CFrame.new(0, 0, -1.0477378964424133e-09, 0.3306906819343567, 0.9131830930709839, -0.2382025122642517, -0.1069563776254654, -0.21451205015182495, -0.9708475470542908, -0.9376587867736816, 0.3465275168418884, 0.026733633130788803),
            ["RightLowerArm"] = CFrame.new(5.960464477539063e-08, 0.00002086162567138672, -0.000040403567254543304, 1, -1.4901155864777138e-08, 1.4901157641133977e-08, 1.4901162970204496e-08, 0.7848165035247803, -0.619728147983551, 1.4901162970204496e-08, 0.619728147983551, 0.784816563129425),
            ["LeftHand"] = CFrame.new(-5.960464477539063e-08, 0, -5.413312464952469e-08, 1, 0, -3.3527612686157227e-08, 7.450581485102248e-09, 1, -2.2351741790771484e-08, -2.980232594040899e-08, 3.72529100900465e-08, 1),
            ["RightUpperLeg"] = CFrame.new(0, 1.1920928955078125e-07, -6.548361852765083e-11, 0.8267249464988708, -0.34752821922302246, -0.4424366056919098, 0.09344998747110367, 0.8603053092956543, -0.5011406540870667, 0.5547910332679749, 0.3729597330093384, 0.743712306022644),
            ["LeftUpperLeg"] = CFrame.new(-1.7881393432617188e-07, 1.1920928955078125e-07, 2.0954757928848267e-09, 0.5404502153396606, 0.4118671119213104, 0.7336751818656921, -0.065433569252491, 0.8899279832839966, -0.45138296484947205, -0.8388278484344482, 0.19594305753707886, 0.507911741733551),
            ["RightLowerLeg"] = CFrame.new(-9.685754776000977e-08, -0.00004756450653076172, -0.00008554587111575529, 1, -3.53902720462429e-08, 7.171183824539185e-08, -3.725289943190546e-08, 0.8260823488235474, 0.5635494589805603, -8.940695295223122e-08, -0.5635495781898499, 0.8260822892189026),
            ["RightFoot"] = CFrame.new(-4.470348358154297e-08, 0, 4.919274942949414e-08, 0.9917194843292236, 0.09345002472400665, -0.08808908611536026, -0.09914290904998779, 0.9931005835533142, -0.06262660026550293, 0.08162912726402283, 0.07084114104509354, 0.9941419363021851),
            ["LeftLowerLeg"] = CFrame.new(6.705522537231445e-08, 0.000048041343688964844, 0.00008555501699447632, 1, -2.2351741790771484e-08, 5.587935447692871e-08, 1.1175870895385742e-08, 0.7523696422576904, 0.6587413549423218, 7.450580596923828e-09, -0.6587412357330322, 0.7523694634437561),
        }},
        {Time = 0.385, Data = {
            ["LeftFoot"] = CFrame.new(-2.619289318772644e-08, -5.960464477539063e-08, -7.878944785488784e-08, 0.987571120262146, -0.0654335767030716, -0.1429050713777542, 0.02735445275902748, 0.9668993949890137, -0.25368794798851013, 0.1547742336988449, 0.24662530422210693, 0.9566715955734253),
