return {
    ["Penguins"] = {
        {Time = 0.000, Data = {
            ["LeftFoot"] = CFrame.new(5.029141902923584e-08, 1.7881393432617188e-07, 2.0489096641540527e-08, 0.993424654006958, -0.11352453380823135, 0.014787407591938972, 0.11447674036026001, 0.9868341684341431, -0.1142561286687851, -0.0016217080410569906, 0.11519799381494522, 0.993341326713562),
            ["LeftLowerArm"] = CFrame.new(-5.960464477539063e-08, 2.384185791015625e-07, 5.960464477539063e-08, 1, -3.3527616238870905e-08, -3.725290742551124e-09, 0, 0.9728742837905884, -0.2313348650932312, 0, 0.2313348799943924, 0.9728742241859436),
            ["RightUpperArm"] = CFrame.new(-0.044112324714660645, -0.005373120307922363, 0.0005829958245158195, 0.9156749844551086, -0.20939818024635315, -0.3430623412132263, 0.2194274365901947, 0.9755796790122986, -0.009795164689421654, 0.33673569560050964, -0.06630811840295792, 0.9392615556716919),
            ["Head"] = CFrame.new(-6.344635039567947e-09, 0, 7.566995918750763e-10, 0.9995101094245911, -0.004200832452625036, 0.031013064086437225, 0.004283749032765627, 0.9999875426292419, -0.0026020014192909002, -0.031003018841147423, 0.0027335782069712877, 0.9995156526565552),
            ["LowerTorso"] = CFrame.new(3.766805560866933e-18, -0.0678565502166748, -0.0018849121406674385, 0.9999623894691467, 0.005261291284114122, -0.0069086081348359585, -0.005242633167654276, 0.9999826550483704, 0.0027210735715925694, 0.006922552827745676, -0.002684751758351922, 0.9999725222587585),
            ["UpperTorso"] = CFrame.new(1.546140993013978e-09, 5.960464477539063e-08, 1.2369127944111824e-10, 0.9999623894691467, 0.005261323880404234, -0.0069083585403859615, -0.005243099294602871, 0.9999827742576599, 0.0026797165628522635, 0.006922873668372631, -0.0026433926541358232, 0.9999726414680481),
            ["HumanoidRootPart"] = CFrame.new(0, 0, 0, 1, 0, 0, 0, 1, 0, 0, 0, 1),
            ["LeftUpperLeg"] = CFrame.new(-0.0010410547256469727, 0.0013109499122947454, -0.0011942624114453793, 0.9674922823905945, 0.17567598819732666, 0.1819111853837967, -0.10783606022596359, 0.9372352957725525, -0.3316071629524231, -0.22875776886940002, 0.30121076107025146, 0.925713300704956),
            ["LeftUpperArm"] = CFrame.new(0.017727136611938477, -0.005703091621398926, -0.0002758922055363655, 0.9588855504989624, 0.1528734564781189, 0.2390989363193512, -0.19288413226604462, 0.9690694808959961, 0.1539478749036789, -0.20816896855831146, -0.1937367469072342, 0.9587136507034302),
            ["RightLowerArm"] = CFrame.new(5.960464477539063e-08, 1.7881393432617188e-07, 4.0745362639427185e-08, 1, 1.0244548320770264e-08, 1.862645149230957e-08, 3.7252898543727042e-09, 0.9987107515335083, -0.05076371505856514, 1.0462826161017347e-08, 0.05076370760798454, 0.9987106919288635),
            ["LeftHand"] = CFrame.new(-4.842877388000488e-08, 2.980232238769531e-07, -2.9802322387695312e-08, 0.9970812201499939, -0.021215515211224556, 0.0733412653207779, 0.0028440793976187706, 0.9702706933021545, 0.24200575053691864, -0.07629518210887909, -0.24109074473381042, 0.9674990773200989),
            ["RightFoot"] = CFrame.new(-3.725290298461914e-08, 3.5762786865234375e-07, 7.283233571797609e-09, 0.9940277934074402, 0.10701434314250946, -0.021346542984247208, -0.10877890884876251, 0.9873278737068176, -0.11555042862892151, 0.008710918948054314, 0.11718261986970901, 0.9930722713470459),
            ["RightHand"] = CFrame.new(5.960464477539063e-08, -1.7881393432617188e-07, -7.450580596923828e-08, 1, -3.725290298461914e-09, 1.955777406692505e-08, -2.7939677238464355e-08, 1, 5.587935447692871e-09, -5.029141902923584e-08, 5.587935447692871e-09, 1),
            ["RightLowerLeg"] = CFrame.new(1.4901161193847656e-08, -0.0000036954879760742188, -0.000013275239325594157, 1, -1.229346224818073e-07, -6.612390990312633e-08, 1.2665982751514093e-07, 0.8811577558517456, 0.4728223383426666, -4.097817907222634e-08, -0.47282251715660095, 0.8811578154563904),
            ["RightUpperLeg"] = CFrame.new(-0.0021194815635681152, -0.002621264662593603, 0.0046343510039150715, 0.9534599184989929, -0.20337609946727753, -0.22258791327476501, 0.11125653237104416, 0.9234632253646851, -0.36720553040504456, 0.2802431881427765, 0.32535192370414734, 0.9031139612197876),
            ["LeftLowerLeg"] = CFrame.new(-4.842877388000488e-08, 0.000003874301910400391, 0.000013373792171478271, 1, 6.519259443393821e-08, -1.8626449271863521e-09, -5.215405707303944e-08, 0.8983374834060669, 0.4393061697483063, 7.4505797087454084e-09, -0.43930625915527344, 0.8983373641967773),
        }},
        {Time = 0.033, Data = {
            ["LeftFoot"] = CFrame.new(1.0617077350616455e-07, 5.960464477539063e-08, -3.725290298461914e-09, 0.9937179684638977, -0.11044294387102127, 0.01806451752781868, 0.11191235482692719, 0.9814085364341736, -0.1559285670518875, -0.0005077570676803589, 0.15697075426578522, 0.9876031875610352),
            ["LeftLowerArm"] = CFrame.new(8.940696716308594e-08, 0, -7.450580596923828e-08, 1, -2.6775524020195007e-08, -3.725290742551124e-09, 2.0489098417897367e-08, 0.9728679060935974, -0.23136135935783386, 1.4901162970204496e-08, 0.23136131465435028, 0.9728679656982422),
            ["RightUpperArm"] = CFrame.new(-0.044112324714660645, -0.005373358726501465, 0.0005829911679029465, 0.9732831120491028, -0.22316862642765045, -0.05399809032678604, 0.2259998768568039, 0.9726486206054688, 0.05365312471985817, 0.04054747521877289, -0.06442323327064514, 0.9970985651016235),
            ["Head"] = CFrame.new(1.6443664208054543e-09, -1.1920928955078125e-07, -1.0550138540565968e-09, 0.9995113015174866, -0.001323328702710569, 0.031232701614499092, 0.001235380070284009, 0.999995231628418, 0.0028361869044601917, -0.031237205490469933, -0.0027962159365415573, 0.9995082020759583),
            ["LowerTorso"] = CFrame.new(-0.006420761346817017, -0.08830118179321289, 0.007449415512382984, 0.9999715089797974, 0.003255309071391821, -0.006825100164860487, -0.0032609303016215563, 0.9999943971633911, -0.0008051181794144213, 0.0068222954869270325, 0.0008273512939922512, 0.9999764561653137),
            ["UpperTorso"] = CFrame.new(2.546585164964199e-10, 2.682209014892578e-07, 2.9103830456733704e-11, 0.9999715089797974, 0.0032553558703511953, -0.006824956741183996, -0.0032611663918942213, 0.9999943971633911, -0.000834006117656827, 0.006822545547038317, 0.0008562392904423177, 0.9999764561653137),
            ["HumanoidRootPart"] = CFrame.new(0, 0, 0, 1, 0, 0, 0, 1, 0, 0, 0, 1),
            ["LeftUpperLeg"] = CFrame.new(-0.0011150836944580078, 0.0005140593275427818, -0.001660107751376927, 0.9683737754821777, 0.1840127855539322, 0.16848835349082947, -0.10746969282627106, 0.9170879125595093, -0.3839286267757416, -0.22517213225364685, 0.35367944836616516, 0.9078603982925415),
            ["LeftUpperArm"] = CFrame.new(0.017727136611938477, -0.005702972412109375, -0.00027589104138314724, 0.9783656001091003, 0.17799966037273407, 0.10543645173311234, -0.19455522298812866, 0.9649113416671753, 0.17633628845214844, -0.07034903019666672, -0.1930345743894577, 0.9786667823791504),
            ["RightLowerArm"] = CFrame.new(5.960464477539063e-08, 3.5762786865234375e-07, -4.470348358154297e-08, 1, 2.2293532353501178e-08, 1.0244547432591844e-08, 4.656612873077393e-10, 0.9982931613922119, -0.05840122699737549, 3.725290298461914e-09, 0.05840122699737549, 0.9982932209968567),
            ["LeftHand"] = CFrame.new(1.0244548320770264e-08, 0, -1.4901161193847656e-08, 0.9993910789489746, -0.03452125936746597, -0.005081281065940857, 0.03476021811366081, 0.9722629189491272, 0.23129317164421082, -0.003044202458113432, -0.23132890462875366, 0.9728708267211914),
            ["RightFoot"] = CFrame.new(-2.60770320892334e-08, 5.364418029785156e-07, 2.7772330213338137e-08, 0.9939046502113342, 0.10862425714731216, -0.018808279186487198, -0.1102156713604927, 0.9829262495040894, -0.1473405808210373, 0.002482480136677623, 0.14851579070091248, 0.9889070391654968),
            ["RightHand"] = CFrame.new(-1.6065314412117004e-07, 2.384185791015625e-07, -4.6566128730773926e-09, 0.9994753003120422, 0.01360209472477436, 0.02939859963953495, -0.014565011486411095, 0.9993560910224915, 0.03279368206858635, -0.028933601453900337, -0.03320465609431267, 0.9990297555923462),
            ["RightLowerLeg"] = CFrame.new(7.450580596923828e-09, -0.000003933906555175781, -0.000013215634680818766, 1, -9.313227167240257e-08, -6.33299421792799e-08, 7.450580596923828e-08, 0.8387596011161804, 0.544501543045044, -2.9802322387695312e-08, -0.5445019602775574, 0.8387598395347595),
            ["RightUpperLeg"] = CFrame.new(-0.0012680590152740479, -0.0016395158600062132, 0.0031755673699080944, 0.9520580172538757, -0.21666045486927032, -0.21596002578735352, 0.11275371164083481, 0.9047897458076477, -0.410662978887558, 0.28438031673431396, 0.36662501096725464, 0.8858427405357361),
            ["LeftLowerLeg"] = CFrame.new(9.685754776000977e-08, 0.0000037550926208496094, 0.000013470649719238281, 1, 1.1175870895385742e-07, 1.862645593320167e-09, -1.266598843585598e-07, 0.8490543365478516, 0.5283053517341614, 2.2351745343485163e-08, -0.5283056497573853, 0.8490545153617859),
        }},
        {Time = 0.067, Data = {
            ["LeftFoot"] = CFrame.new(-4.842877388000488e-08, -5.960464477539063e-08, -1.1175870895385742e-08, 0.9945975542068481, -0.09947125613689423, 0.029661763459444046, 0.10263410955667496, 0.9851835370063782, -0.1374078243970871, -0.01555539108812809, 0.1397101730108261, 0.9900704026222229),
            ["LeftLowerArm"] = CFrame.new(4.470348358154297e-07, 1.1920928955078125e-07, 2.2351741790771484e-08, 1, -6.51925802230835e-09, 2.7939677238464355e-09, 2.51457130673316e-08, 0.972840428352356, -0.23147672414779663, 1.1175872671742582e-08, 0.23147672414779663, 0.972840428352356),
            ["RightUpperArm"] = CFrame.new(-0.04411238431930542, -0.005373477935791016, 0.0005829925648868084, 0.9410553574562073, -0.2393411546945572, 0.2390204221010208, 0.21690680086612701, 0.96921306848526, 0.11652254313230515, -0.2595503330230713, -0.0578090064227581, 0.9639978408813477),
            ["Head"] = CFrame.new(-2.0954757928848267e-09, -1.1920928955078125e-07, -5.762558430433273e-09, 0.999472975730896, 0.006224213633686304, 0.03185710310935974, -0.0067816064693033695, 0.9998255372047424, 0.017404476180672646, -0.031745318323373795, -0.017611347138881683, 0.9993408918380737),
            ["LowerTorso"] = CFrame.new(-0.02173180878162384, -0.0797722339630127, 0.031522151082754135, 0.9999766945838928, -0.0017522939015179873, -0.006596422288566828, 0.0016914235893636942, 0.9999564290046692, -0.009180653840303421, 0.006612058728933334, 0.009169280529022217, 0.9999361038208008),
            ["UpperTorso"] = CFrame.new(-1.7462298274040222e-10, -5.960464477539063e-08, 2.7794158086180687e-09, 0.9999767541885376, -0.0017520160181447864, -0.006596257444471121, 0.001691373996436596, 0.9999558925628662, -0.009246421046555042, 0.006612767931073904, 0.009235049597918987, 0.9999355673789978),
            ["HumanoidRootPart"] = CFrame.new(0, 0, 0, 1, 0, 0, 0, 1, 0, 0, 0, 1),
            ["LeftUpperLeg"] = CFrame.new(-0.0014612078666687012, -0.0016034826403483748, -0.002686788560822606, 0.9715797901153564, 0.17466561496257782, 0.15974292159080505, -0.10308167338371277, 0.9197450280189514, -0.37874242663383484, -0.2130889594554901, 0.35151246190071106, 0.9116120338439941),
            ["LeftUpperArm"] = CFrame.new(0.017727136611938477, -0.005702972412109375, -0.0002758917398750782, 0.9787712693214417, 0.20279242098331451, -0.029699116945266724, -0.19304808974266052, 0.960848331451416, 0.19875380396842957, 0.0688420832157135, -0.18880115449428558, 0.9795994162559509),
            ["RightLowerArm"] = CFrame.new(-3.8743019104003906e-07, 5.364418029785156e-07, -2.7939677238464355e-08, 1, -6.51925713412993e-09, -1.6763804566721774e-08, 3.3527612686157227e-08, 0.994508683681488, -0.10465419292449951, -1.30385160446167e-08, 0.10465419292449951, 0.994508683681488),
            ["LeftHand"] = CFrame.new(5.168840289115906e-08, 5.960464477539063e-08, -7.450580596923828e-09, 0.9953364133834839, -0.04894877225160599, -0.08312322944402695, 0.06545840948820114, 0.9756635427474976, 0.20927467942237854, 0.07085656374692917, -0.2137397974729538, 0.9743175506591797),
            ["RightFoot"] = CFrame.new(4.842877388000488e-08, 4.172325134277344e-07, 7.283233571797609e-09, 0.9941717386245728, 0.10702994465827942, -0.01287420466542244, -0.1078057810664177, 0.9878270626068115, -0.11214736849069595, 0.000714524881914258, 0.11288206279277802, 0.9936082363128662),
            ["RightHand"] = CFrame.new(-1.2759119272232056e-07, 2.384185791015625e-07, 1.5366822481155396e-08, 0.9957184195518494, 0.03622239828109741, 0.08504661917686462, -0.04407920315861702, 0.9947457909584045, 0.09240084886550903, -0.0812528133392334, -0.09575403481721878, 0.9920832514762878),
            ["RightLowerLeg"] = CFrame.new(-7.450580596923828e-09, -0.0000037550926208496094, -0.000013290140486788005, 1, -1.0803340444454079e-07, -4.7497451305389404e-08, 1.1920930376163597e-07, 0.8634852766990662, 0.5043736696243286, -2.980232594040899e-08, -0.5043740272521973, 0.8634855151176453),
            ["RightUpperLeg"] = CFrame.new(0.0008680820465087891, 0.0007749524665996432, -0.0003063600161112845, 0.9488921761512756, -0.21472588181495667, -0.23126649856567383, 0.11104877293109894, 0.9131439328193665, -0.39222463965415955, 0.2954181134700775, 0.3464979827404022, 0.8903233408927917),
            ["LeftLowerLeg"] = CFrame.new(-1.862645149230957e-08, 0.000003635883331298828, 0.000013403594493865967, 1, -4.0978193283081055e-08, -4.004685649761086e-08, 4.470348358154297e-08, 0.8576318621635437, 0.514263927936554, -3.3527612686157227e-08, -0.5142641067504883, 0.857632040977478),
        }},
        {Time = 0.100, Data = {
            ["LeftFoot"] = CFrame.new(-7.450580596923828e-09, 5.960464477539063e-08, 3.725290298461914e-08, 0.9949679374694824, -0.0865301713347435, 0.050511326640844345, 0.09100678563117981, 0.9913713335990906, -0.09434295445680618, -0.041911929845809937, 0.09846536070108414, 0.9942576289176941),
            ["LeftLowerArm"] = CFrame.new(-4.172325134277344e-07, -5.364418029785156e-07, 2.9802322387695312e-08, 1, -2.6309866285600947e-08, 1.6298145055770874e-09, 3.189780173329382e-08, 0.9727789759635925, -0.23173479735851288, -9.31322685637781e-10, 0.23173482716083527, 0.9727789759635925),
            ["RightUpperArm"] = CFrame.new(-0.04411238431930542, -0.005373120307922363, 0.000583011656999588, 0.9587211608886719, -0.24354785680770874, 0.1467587947845459, 0.230342835187912, 0.9678166508674622, 0.10135741531848907, -0.16672098636627197, -0.06336869299411774, 0.9839657545089722),
            ["Head"] = CFrame.new(-4.6566128730773926e-09, 1.1920928955078125e-07, -2.2118911147117615e-09, 0.9993181824684143, 0.016811497509479523, 0.03287172317504883, -0.018073486164212227, 0.9990959763526917, 0.03847908228635788, -0.03219509869813919, -0.03904695063829422, 0.9987186193466187),
            ["LowerTorso"] = CFrame.new(-0.040006279945373535, -0.06100869178771973, 0.06443794071674347, 0.9999464154243469, -0.008245694451034069, -0.00626352708786726, 0.008123879320919514, 0.9997820258140564, -0.019231783226132393, 0.006420740857720375, 0.019179869443178177, 0.9997954368591309),
            ["UpperTorso"] = CFrame.new(3.0850060284137726e-09, 2.9802322387695312e-08, -1.0477378964424133e-09, 0.9999464750289917, -0.008245701901614666, -0.00626352708786726, 0.008123875595629215, 0.9997820854187012, -0.01923130452632904, 0.006420735269784927, 0.019179390743374825, 0.9997954964637756),
            ["HumanoidRootPart"] = CFrame.new(0, 0, 0, 1, 0, 0, 0, 1, 0, 0, 0, 1),
            ["LeftUpperLeg"] = CFrame.new(-0.0022624731063842773, -0.004635225050151348, -0.0037179638165980577, 0.9765011072158813, 0.158527210354805, 0.14599595963954926, -0.09817413240671158, 0.9302757382392883, -0.3534815013408661, -0.1918528974056244, 0.33084169030189514, 0.9239783883094788),
            ["LeftUpperArm"] = CFrame.new(0.017727017402648926, -0.005702853202819824, -0.00027588382363319397, 0.9792496562004089, 0.1950782686471939, 0.054905787110328674, -0.20177879929542542, 0.9637431502342224, 0.1745980829000473, -0.01885478012263775, -0.18205390870571136, 0.9831078052520752),
            ["RightLowerArm"] = CFrame.new(-3.2782554626464844e-07, -2.980232238769531e-07, 2.9802322387695312e-08, 1, -2.7939677238464355e-08, -2.421439226907296e-08, -3.632158396271734e-08, 0.9860631823539734, -0.16637131571769714, 4.0978196835794733e-08, 0.16637130081653595, 0.9860631823539734),
            ["LeftHand"] = CFrame.new(9.080395102500916e-08, -2.980232238769531e-07, -1.3969838619232178e-09, 0.9981078505516052, -0.03185265138745308, 0.052595898509025574, 0.020729104056954384, 0.9796005487442017, 0.19988277554512024, -0.05788975954055786, -0.19841422140598297, 0.9784072637557983),
            ["RightFoot"] = CFrame.new(-3.725290298461914e-08, 4.76837158203125e-07, -3.090099198743701e-08, 0.9949498772621155, 0.10027643293142319, -0.004421170800924301, -0.10037370026111603, 0.9939414262771606, -0.0447847917675972, -0.00009648500417824835, 0.045002590864896774, 0.9989868998527527),
            ["RightHand"] = CFrame.new(-2.859160304069519e-07, 0, 5.587935447692871e-08, 0.9922002553939819, 0.046937279403209686, 0.11547961831092834, -0.06124964356422424, 0.990428626537323, 0.12369236350059509, -0.10856851190328598, -0.1298006772994995, 0.9855784177780151),
            ["RightLowerLeg"] = CFrame.new(4.470348358154297e-08, -0.000003814697265625, -0.000013364646292757243, 1, -8.009376273321323e-08, -4.79631196981245e-08, 5.21540641784668e-08, 0.912471354007721, 0.40914052724838257, -2.2351741790771484e-08, -0.40914079546928406, 0.9124714732170105),
            ["RightUpperLeg"] = CFrame.new(0.0036637187004089355, 0.003826333675533533, -0.004475352354347706, 0.9440889954566956, -0.20244966447353363, -0.26021209359169006, 0.10457339882850647, 0.9323866367340088, -0.34600523114204407, 0.3126668334007263, 0.2994484007358551, 0.9014266133308411),
            ["LeftLowerLeg"] = CFrame.new(-2.9802322387695312e-08, 0.000004351139068603516, 0.000013314187526702881, 1, 1.30385160446167e-08, 3.445894236620006e-08, -2.2351741790771484e-08, 0.8872288465499878, 0.4613299071788788, 7.450580596923828e-09, -0.46132975816726685, 0.8872287273406982),
        }},
        {Time = 0.133, Data = {
            ["LeftFoot"] = CFrame.new(5.587935447692871e-08, -5.960464477539063e-08, 2.7939677238464355e-09, 0.9936621189117432, -0.07695137709379196, 0.08194076269865036, 0.08060024678707123, 0.9958531856536865, -0.042191360145807266, -0.07835418730974197, 0.0485280305147171, 0.9957437515258789),
            ["LeftLowerArm"] = CFrame.new(8.940696716308594e-08, 1.7881393432617188e-07, -5.960464477539063e-08, 1, -1.1175870895385742e-08, -7.450580596923828e-09, -1.862645149230957e-09, 0.9726706743240356, -0.2321893274784088, 6.51925802230835e-09, 0.2321893274784088, 0.9726706147193909),
            ["RightUpperArm"] = CFrame.new(-0.044112443923950195, -0.005373358726501465, 0.0005830014124512672, 0.9692299962043762, -0.24465088546276093, -0.027189411222934723, 0.24599069356918335, 0.9667086005210876, 0.07044960558414459, 0.009048680774867535, -0.07497021555900574, 0.9971446990966797),
            ["Head"] = CFrame.new(3.725290298461914e-09, 0, -1.280568540096283e-09, 0.9989995360374451, 0.028799304738640785, 0.03421415388584137, -0.030928168445825577, 0.9975079298019409, 0.06341531127691269, -0.03230255842208862, -0.06441004574298859, 0.9974006414413452),
            ["LowerTorso"] = CFrame.new(-0.055317334830760956, -0.04224538803100586, 0.10030141472816467, 0.9998742341995239, -0.014712330885231495, -0.005920809227973223, 0.014543412253260612, 0.9995125532150269, -0.027627136558294296, 0.006324381567537785, 0.027537556365132332, 0.9996007680892944),
            ["UpperTorso"] = CFrame.new(-3.259629011154175e-09, -5.960464477539063e-08, 7.828930392861366e-09, 0.9998742938041687, -0.014712326228618622, -0.005920804105699062, 0.01454340573400259, 0.9995126128196716, -0.02762664295732975, 0.006324371322989464, 0.027537070214748383, 0.9996007680892944),
            ["HumanoidRootPart"] = CFrame.new(0, 0, 0, 1, 0, 0, 0, 1, 0, 0, 0, 1),
            ["LeftUpperLeg"] = CFrame.new(-0.0037118196487426758, -0.008161380887031555, -0.004174963571131229, 0.9824285507202148, 0.14162935316562653, 0.12155419588088989, -0.09571246057748795, 0.9414297938346863, -0.32334038615226746, -0.16022920608520508, 0.30602484941482544, 0.9384431838989258),
            ["LeftUpperArm"] = CFrame.new(0.017727196216583252, -0.005702853202819824, -0.0002758987247943878, 0.9602264165878296, 0.18254120647907257, 0.21129129827022552, -0.2122751623392105, 0.9688310027122498, 0.1276942789554596, -0.18139606714248657, -0.16746731102466583, 0.9690460562705994),
            ["RightLowerArm"] = CFrame.new(1.7881393432617188e-07, -5.960464477539063e-08, -1.4901161193847656e-08, 1, -2.607702853651972e-08, 9.313225746154785e-09, -5.122274604474342e-09, 0.980397641658783, -0.19702912867069244, -3.2596294552433847e-09, 0.19702912867069244, 0.980397641658783),
            ["LeftHand"] = CFrame.new(1.7136335372924805e-07, 5.960464477539063e-08, 0, 0.953459620475769, 0.0022793496027588844, 0.30151212215423584, -0.06085836887359619, 0.9808457493782043, 0.1850348711013794, -0.2953151762485504, -0.19477279484272003, 0.9353355169296265),
            ["RightFoot"] = CFrame.new(2.7939677238464355e-08, 3.5762786865234375e-07, -1.6931153368204832e-08, 0.9962701201438904, 0.08610965311527252, 0.005565546452999115, -0.08626420795917511, 0.9954620003700256, 0.04017527028918266, -0.0020809394773095846, -0.04050518199801445, 0.9991771578788757),
            ["RightHand"] = CFrame.new(6.868503987789154e-08, 0, 7.450580596923828e-08, 0.997329831123352, 0.04784053564071655, 0.05517664924263954, -0.05397642031311989, 0.9918181896209717, 0.11568659543991089, -0.0491906963288784, -0.11835595965385437, 0.9917520880699158),
            ["RightLowerLeg"] = CFrame.new(-7.450580596923828e-09, -0.000003635883331298828, -0.00001328268990619108, 1, -4.3539344574128336e-08, -6.984920419839113e-10, 5.21540641784668e-08, 0.9612401723861694, 0.27571240067481995, -5.587935447692871e-08, -0.27571263909339905, 0.9612402319908142),
            ["RightUpperLeg"] = CFrame.new(0.006506800651550293, 0.006717930547893047, -0.008022544905543327, 0.9376195073127747, -0.17821447551250458, -0.2985120117664337, 0.09129786491394043, 0.9547045826911926, -0.2832029461860657, 0.3354616165161133, 0.23828309774398804, 0.9114201664924622),
            ["LeftLowerLeg"] = CFrame.new(6.332993507385254e-08, 0.000003993511199951172, 0.000013336539268493652, 1, 6.891787052154541e-08, 4.190952651583757e-08, -8.195639367158947e-08, 0.9192882776260376, 0.39358529448509216, 5.587936335871291e-09, -0.3935849666595459, 0.9192882180213928),
        }},
        {Time = 0.167, Data = {
            ["LeftFoot"] = CFrame.new(3.632158041000366e-08, -1.1920928955078125e-07, -3.725290298461914e-09, 0.9950723052024841, -0.04339154064655304, 0.08915363252162933, 0.045729782432317734, 0.9986569881439209, -0.0243527851998806, -0.08797742426395416, 0.028309648856520653, 0.9957202076911926),
            ["LeftLowerArm"] = CFrame.new(4.76837158203125e-07, -1.1920928955078125e-07, -5.21540641784668e-08, 1, -1.4901159417490817e-08, 0, 3.725290742551124e-09, 0.9725021719932556, -0.23289386928081512, 2.6077035641947077e-08, 0.23289382457733154, 0.9725022315979004),
            ["RightUpperArm"] = CFrame.new(-0.04411250352859497, -0.005373239517211914, 0.000583021785132587, 0.9606270790100098, -0.25022345781326294, -0.12076395004987717, 0.2578936219215393, 0.9647472500801086, 0.05247620865702629, 0.10337589681148529, -0.08155431598424911, 0.9912932515144348),
            ["Head"] = CFrame.new(-1.210719347000122e-08, 3.5762786865234375e-07, -9.546056389808655e-09, 0.9985392689704895, 0.040548089891672134, 0.03571055829524994, -0.04360799118876457, 0.9950272440910339, 0.08954957872629166, -0.03190188854932785, -0.09097602218389511, 0.995341956615448),
            ["LowerTorso"] = CFrame.new(-0.06173809617757797, -0.033716440200805664, 0.1332172155380249, 0.9997905492782593, -0.019646955654025078, -0.0057278103195130825, 0.01945928856730461, 0.9993249177932739, -0.031161511316895485, 0.006336169317364693, 0.031043540686368942, 0.9994979500770569),
            ["UpperTorso"] = CFrame.new(-4.889443516731262e-09, 2.9802322387695312e-08, -1.3329554349184036e-08, 0.999790608882904, -0.01964697055518627, -0.005727807059884071, 0.019459273666143417, 0.9993249177932739, -0.03116094134747982, 0.006336154416203499, 0.031042933464050293, 0.9994980096817017),
            ["HumanoidRootPart"] = CFrame.new(0, 0, 0, 1, 0, 0, 0, 1, 0, 0, 0, 1),
            ["LeftUpperLeg"] = CFrame.new(-0.00602269172668457, -0.011729088611900806, -0.003437155159190297, 0.9881364703178406, 0.13961291313171387, 0.06398960947990417, -0.10122983157634735, 0.9054261445999146, -0.41225749254226685, -0.11549416929483414, 0.40088874101638794, 0.9088174104690552),
            ["LeftUpperArm"] = CFrame.new(0.017727255821228027, -0.0057027339935302734, -0.0002758709015324712, 0.9393438696861267, 0.17720374464988708, 0.29365304112434387, -0.21487738192081451, 0.9713863134384155, 0.10117540508508682, -0.2673218548297882, -0.15813788771629333, 0.950542688369751),
            ["RightLowerArm"] = CFrame.new(0, -6.556510925292969e-07, -2.9802322387695312e-08, 1, -5.2154071283894154e-08, -1.1175872671742582e-08, 3.026798722771673e-08, 0.9833295345306396, -0.18183265626430511, -1.3969840839678227e-09, 0.1818326711654663, 0.9833295345306396),
            ["LeftHand"] = CFrame.new(1.043081283569336e-07, 0, 0, 0.90360426902771, 0.020106637850403786, 0.4278961420059204, -0.10272415727376938, 0.979922354221344, 0.17088022828102112, -0.4158691167831421, -0.1983633190393448, 0.8875274062156677),
            ["RightFoot"] = CFrame.new(6.146728992462158e-08, 1.1920928955078125e-07, -1.6931153368204832e-08, 0.9979144334793091, 0.06251706928014755, 0.016077157109975815, -0.06382767856121063, 0.9928202033042908, 0.10116416960954666, -0.009637060575187206, -0.10197944939136505, 0.9947398900985718),
            ["RightHand"] = CFrame.new(-3.501772880554199e-07, 1.7881393432617188e-07, 2.9802322387695312e-08, 0.9958626627922058, 0.04566781595349312, -0.07856344431638718, -0.0380140021443367, 0.9946261644363403, 0.0963001474738121, 0.08253906667232513, -0.09291521459817886, 0.9922469854354858),
            ["RightLowerLeg"] = CFrame.new(7.078051567077637e-08, -0.0000035762786865234375, -0.000013286415196489543, 1, -5.02914261346632e-08, -4.4237836505089945e-08, 2.9802322387695312e-08, 0.9831594228744507, 0.18274998664855957, -1.0989606380462646e-07, -0.18275009095668793, 0.9831594824790955),
            ["RightUpperLeg"] = CFrame.new(0.008805990219116211, 0.008650481700897217, -0.009670696221292019, 0.9292498230934143, -0.15172113478183746, -0.33686164021492004, 0.06908872723579407, 0.9670640826225281, -0.2449771761894226, 0.3629346787929535, 0.20437148213386536, 0.9091262221336365),
            ["LeftLowerLeg"] = CFrame.new(-7.450580596923828e-09, 0.000003874301910400391, 0.000013250857591629028, 1, -4.284084198502569e-08, -1.2107198799071739e-08, 4.8428766774577525e-08, 0.8482568264007568, 0.5295851230621338, -1.4901159417490817e-08, -0.5295852422714233, 0.8482568264007568),
        }},
        {Time = 0.200, Data = {
            ["LeftFoot"] = CFrame.new(-4.7963112592697144e-08, 0, 1.1175870895385742e-08, 0.9984773993492126, -0.0003051954263355583, 0.055162519216537476, 0.0007317364797927439, 0.9999700784683228, -0.007711037993431091, -0.05515845865011215, 0.007739666849374771, 0.9984477162361145),
            ["LeftLowerArm"] = CFrame.new(-2.086162567138672e-07, -2.384185791015625e-07, 0, 1, -7.450580596923828e-09, 1.6763804566721774e-08, 1.862645149230957e-08, 0.9722601771354675, -0.23390212655067444, 3.725290298461914e-09, 0.23390215635299683, 0.9722601175308228),
            ["RightUpperArm"] = CFrame.new(-0.046232402324676514, -0.007856488227844238, 0.0007245829328894615, 0.958644449710846, -0.26466232538223267, -0.10466508567333221, 0.27174898982048035, 0.9604792594909668, 0.06026780605316162, 0.0845780000090599, -0.08621802181005478, 0.9926797747612),
            ["Head"] = CFrame.new(1.3969838619232178e-09, 2.384185791015625e-07, 2.3283064365386963e-09, 0.9980403780937195, 0.05043138191103935, 0.03704196214675903, -0.054363835602998734, 0.9919664263725281, 0.1142239049077034, -0.030983906239271164, -0.11601382493972778, 0.9927642345428467),
            ["LowerTorso"] = CFrame.new(-0.05870964750647545, -0.05269312858581543, 0.15728993713855743, 0.9997309446334839, -0.022478606551885605, -0.0057418737560510635, 0.02230001427233219, 0.9993166923522949, -0.02947734110057354, 0.006400562357157469, 0.029341356828808784, 0.9995489716529846),
            ["UpperTorso"] = CFrame.new(-3.4924596548080444e-10, 1.1920928955078125e-07, -1.7695128917694092e-08, 0.9997309446334839, -0.022478630766272545, -0.005741881672292948, 0.02229999005794525, 0.9993166923522949, -0.029477592557668686, 0.006400573067367077, 0.029341628775000572, 0.9995489716529846),
            ["HumanoidRootPart"] = CFrame.new(0, 0, 0, 1, 0, 0, 0, 1, 0, 0, 0, 1),
            ["LeftUpperLeg"] = CFrame.new(-0.009232640266418457, -0.015092902816832066, -0.0014298756141215563, 0.9911693930625916, 0.13021638989448547, -0.025040145963430405, -0.1214490756392479, 0.815665602684021, -0.5656324028968811, -0.053230222314596176, 0.5636784434318542, 0.8242772817611694),
            ["LeftUpperArm"] = CFrame.new(0.017727136611938477, -0.005702376365661621, -0.00027588848024606705, 0.9525344967842102, 0.19482631981372833, 0.2339249551296234, -0.22418245673179626, 0.968762993812561, 0.10602102428674698, -0.2059621512889862, -0.1534305214881897, 0.9664568305015564),
            ["RightLowerArm"] = CFrame.new(-1.4901161193847656e-07, 5.960464477539063e-08, -1.3969838619232178e-08, 1, -3.3527616238870905e-08, 7.450580596923828e-09, -3.003515658406286e-08, 0.9889453053474426, -0.14828121662139893, 1.222360990205118e-09, 0.1482812464237213, 0.9889452457427979),
            ["LeftHand"] = CFrame.new(7.078051567077637e-08, 1.7881393432617188e-07, 0, 0.9327239394187927, 0.017244547605514526, 0.3601786196231842, -0.09337397664785385, 0.9763369560241699, 0.19505800306797028, -0.34829193353652954, -0.21556654572486877, 0.9122630953788757),
            ["RightFoot"] = CFrame.new(2.0489096641540527e-08, 5.364418029785156e-07, -3.090099198743701e-08, 0.999184787273407, 0.03041524812579155, 0.02654717117547989, -0.03136204183101654, 0.9988592267036438, 0.03601113334298134, -0.025421490892767906, -0.036814212799072266, 0.998998761177063),
            ["RightHand"] = CFrame.new(-5.4016709327697754e-08, -5.960464477539063e-08, 4.470348358154297e-08, 0.9768661260604858, 0.03611147031188011, -0.2107810527086258, -0.020760364830493927, 0.9969979524612427, 0.07459384202957153, 0.2128419727087021, -0.06849231570959091, 0.9746831059455872),
            ["RightLowerLeg"] = CFrame.new(1.043081283569336e-07, -0.0000035762786865234375, -0.000013297591067384928, 1, -4.842878098543224e-08, -1.4202667486529208e-08, 5.960465188081798e-08, 0.9395570158958435, 0.34239232540130615, 3.3527616238870905e-08, -0.34239280223846436, 0.9395571351051331),
            ["RightUpperLeg"] = CFrame.new(0.010340869426727295, 0.009280865080654621, -0.009322845377027988, 0.9183188080787659, -0.1671474725008011, -0.3588210642337799, 0.03853591904044151, 0.9399198293685913, -0.33921363949775696, 0.39396166801452637, 0.29767856001853943, 0.8695870041847229),
            ["LeftLowerLeg"] = CFrame.new(7.450580596923828e-09, 0.000003993511199951172, 0.000013228505849838257, 1, -1.6763804566721774e-08, 3.7252898543727042e-09, 1.862645149230957e-09, 0.6565350294113159, 0.7542954087257385, -5.587935447692871e-09, -0.7542955875396729, 0.6565352082252502),
        }},
        {Time = 0.233, Data = {
            ["LeftFoot"] = CFrame.new(-7.497146725654602e-08, -5.960464477539063e-08, -1.0244548320770264e-08, 0.9999635219573975, -0.007124097086489201, -0.004713982343673706, 0.007086334750056267, 0.9999430179595947, -0.007992911152541637, 0.0047706114128232, 0.007958930917084217, 0.9999569654464722),
            ["LeftLowerArm"] = CFrame.new(1.4901161193847656e-07, 5.960464477539062e-07, 3.725290298461914e-08, 1, -3.632158041000366e-08, 5.587936335871291e-09, -7.450581485102248e-09, 0.9719306230545044, -0.23526760935783386, 2.7939681679356454e-09, 0.23526759445667267, 0.9719306826591492),
            ["RightUpperArm"] = CFrame.new(-0.05128777027130127, -0.013777852058410645, 0.0010621147230267525, 0.9564032554626465, -0.28445279598236084, -0.06617790460586548, 0.2892601191997528, 0.9538721442222595, 0.08035336434841156, 0.040268510580062866, -0.09599283337593079, 0.9945671558380127),
            ["Head"] = CFrame.new(8.381903171539307e-09, 1.1920928955078125e-07, 2.1886080503463745e-08, 0.9977251291275024, 0.05751093849539757, 0.03517135977745056, -0.06177477166056633, 0.9888553619384766, 0.1354585587978363, -0.026989037171006203, -0.13732315599918365, 0.9901586174964905),
            ["LowerTorso"] = CFrame.new(-0.05100926011800766, -0.0879354476928711, 0.1666242778301239, 0.9996950626373291, -0.023946449160575867, -0.006026302929967642, 0.023788588121533394, 0.9994035959243774, -0.025030842050909996, 0.00662210863083601, 0.024879897013306618, 0.999668538570404),
            ["UpperTorso"] = CFrame.new(-5.238689482212067e-09, 5.960464477539063e-08, 8.614733815193176e-09, 0.9996951222419739, -0.02394646219909191, -0.006026308052241802, 0.023788582533597946, 0.9994036555290222, -0.025030944496393204, 0.006622116081416607, 0.024879908189177513, 0.999668538570404),
            ["HumanoidRootPart"] = CFrame.new(0, 0, 0, 1, 0, 0, 0, 1, 0, 0, 0, 1),
            ["LeftUpperLeg"] = CFrame.new(-0.013106346130371094, -0.018353238701820374, 0.0012973477132618427, 0.9869381189346313, 0.09969833493232727, -0.12654419243335724, -0.15823206305503845, 0.747458815574646, -0.6451885104179382, 0.030262423679232597, 0.6567843556404114, 0.7534709572792053),
            ["LeftUpperArm"] = CFrame.new(0.0177270770072937, -0.005702614784240723, -0.00027588848024606705, 0.9674919247627258, 0.2376725822687149, 0.0864354744553566, -0.24704593420028687, 0.961300253868103, 0.12194366753101349, -0.05410776659846306, -0.13933305442333221, 0.9887662529945374),
            ["RightLowerArm"] = CFrame.new(2.980232238769531e-07, 1.1920928955078125e-07, 1.4901161193847656e-08, 1, -2.0023435354232788e-08, -3.725290298461914e-09, 3.771856782464056e-08, 0.9934102892875671, -0.11461278051137924, -7.450581485102248e-09, 0.11461277306079865, 0.9934102296829224),
            ["LeftHand"] = CFrame.new(-8.847564458847046e-08, -1.1920928955078125e-07, 8.940696716308594e-08, 0.9831439852714539, 0.014045635238289833, 0.18229292333126068, -0.06011326238512993, 0.9664454460144043, 0.24973900616168976, -0.17266841232776642, -0.2564876079559326, 0.9509994387626648),
            ["RightFoot"] = CFrame.new(-3.119930624961853e-08, 4.76837158203125e-07, -4.85961209051311e-08, 0.9992137551307678, -0.013103848323225975, 0.03742101788520813, 0.015008704736828804, 0.9985815286636353, -0.05108587071299553, -0.03669854253530502, 0.051607538014650345, 0.9979929327964783),
            ["RightHand"] = CFrame.new(-1.0058283805847168e-07, -5.960464477539063e-08, 2.9336661100387573e-08, 0.9625457525253296, 0.021309055387973785, -0.2702809274196625, -0.004430190194398165, 0.9980096220970154, 0.06290657073259354, 0.27108344435691833, -0.05935307592153549, 0.9607242941856384),
            ["RightLowerLeg"] = CFrame.new(-1.210719347000122e-08, -0.0000034570693969726562, -0.000013334843970369548, 1, -6.705523958316917e-08, -1.2246896119449957e-07, 8.009374852235851e-08, 0.8583059906959534, 0.513137936592102, -1.0943041139910292e-08, -0.5131382942199707, 0.8583062291145325),
            ["RightUpperLeg"] = CFrame.new(0.011395275592803955, 0.008913863450288773, -0.007924404926598072, 0.903748095035553, -0.18198812007904053, -0.38745298981666565, -0.003695908933877945, 0.9017758965492249, -0.4321883022785187, 0.4280489385128021, 0.3920212686061859, 0.8143054246902466),
            ["LeftLowerLeg"] = CFrame.new(1.1175870895385742e-08, 0.000003874301910400391, 0.000013284385204315186, 1, 4.656614649434232e-08, 2.9336657547673894e-08, -4.0978189730367376e-08, 0.5110194683074951, 0.8595693111419678, 1.4901159417490817e-08, -0.8595691323280334, 0.511019229888916),
        }},
        {Time = 0.267, Data = {
            ["LeftFoot"] = CFrame.new(8.009374141693115e-08, 0, -2.60770320892334e-08, 0.9936073422431946, -0.09370079636573792, -0.06296546012163162, 0.08850933611392975, 0.9927993416786194, -0.08071870356798172, 0.07007545232772827, 0.07462995499372482, 0.994746208190918),
            ["LeftLowerArm"] = CFrame.new(-3.8743019104003906e-07, -1.1920928955078125e-07, -7.450580596923828e-08, 1, -3.3527612686157227e-08, 1.1175870895385742e-08, 3.5390254282674505e-08, 0.9714990258216858, -0.23704372346401215, -7.4505797087454084e-09, 0.23704372346401215, 0.9714990258216858),
            ["RightUpperArm"] = CFrame.new(-0.05732184648513794, -0.020846247673034668, 0.0014650030061602592, 0.9508674740791321, -0.30890440940856934, -0.02071801945567131, 0.30932846665382385, 0.9451146721839905, 0.1052340418100357, -0.012926358729600906, -0.10647229850292206, 0.994231641292572),
            ["Head"] = CFrame.new(7.2177499532699585e-09, 0, -1.1874362826347351e-08, 0.9976333379745483, 0.06282472610473633, 0.02794458717107773, -0.06638745963573456, 0.9859081506729126, 0.1535511016845703, -0.017903992906212807, -0.1550428718328476, 0.9877455234527588),
            ["LowerTorso"] = CFrame.new(-0.040714383125305176, -0.10691189765930176, 0.1628664880990982, 0.9996766448020935, -0.024510299786925316, -0.006774424575269222, 0.024379195645451546, 0.9995260834693909, -0.01880042813718319, 0.007232015486806631, 0.018629208207130432, 0.9998003840446472),
            ["UpperTorso"] = CFrame.new(3.14321368932724e-09, 1.1920928955078125e-07, -1.6152625903487206e-08, 0.9996766448020935, -0.02451028674840927, -0.006774412468075752, 0.024379191920161247, 0.9995260238647461, -0.018800439313054085, 0.007232007570564747, 0.01862919144332409, 0.9998003244400024),
            ["HumanoidRootPart"] = CFrame.new(0, 0, 0, 1, 0, 0, 0, 1, 0, 0, 0, 1),
            ["LeftUpperLeg"] = CFrame.new(-0.017462491989135742, -0.02154454030096531, 0.004453075584024191, 0.9693196415901184, 0.07577205449342728, -0.23383355140686035, -0.20565426349639893, 0.7710467576980591, -0.6026551127433777, 0.13463224470615387, 0.6322543621063232, 0.7629735469818115),
            ["LeftUpperArm"] = CFrame.new(0.0177270770072937, -0.0057027339935302734, -0.00027591921389102936, 0.9522774815559387, 0.29128459095954895, -0.09121894836425781, -0.27655497193336487, 0.9498433470726013, 0.14599652588367462, 0.1291702389717102, -0.11380214244127274, 0.9850707054138184),
            ["RightLowerArm"] = CFrame.new(5.960464477539063e-08, 1.7881393432617188e-07, -7.078051567077637e-08, 1, -5.390028690044346e-08, 3.725290742551124e-09, 2.1595043975253247e-08, 0.9950590133666992, -0.0992855355143547, 0, 0.09928552061319351, 0.995059072971344),
            ["LeftHand"] = CFrame.new(-1.5087425708770752e-07, 2.980232238769531e-07, -2.9802322387695312e-08, 0.9986615180969238, 0.01672373153269291, -0.048944782465696335, -0.0009844619780778885, 0.9522600769996643, 0.30528655648231506, 0.05171366035938263, -0.3048296570777893, 0.9510019421577454),
