return {
    ["Peter's Fall"] = {
        {Time = 0.000, Data = {
            ["RightFoot"] = CFrame.new(2.2351741790771484e-08, 2.980232238769531e-07, -1.1751399142667651e-07, 0.8201446533203125, -0.2025260478258133, 0.5351132750511169, 0.29118260741233826, 0.9528243541717529, -0.08566465228796005, -0.49251967668533325, 0.22607336938381195, 0.8404257893562317),
            ["LeftLowerArm"] = CFrame.new(-1.7881393432617188e-07, 3.5762786865234375e-07, 0, 1, -5.215404996761208e-08, 7.636842980218717e-08, 4.470348358154297e-08, 0.08955254405736923, -0.9959821105003357, 9.685754776000977e-08, 0.9959821105003357, 0.08955246955156326),
            ["LeftFoot"] = CFrame.new(9.313225746154785e-10, -5.960464477539063e-08, -3.166496753692627e-08, 0.9981880784034729, -0.04403871297836304, 0.04100460559129715, 0.022369449958205223, 0.9041892886161804, 0.42654573917388916, -0.055860478430986404, -0.42485570907592773, 0.9035361409187317),
            ["Head"] = CFrame.new(1.4901161193847656e-08, 0, 1.0803341865539551e-07, 0.9752785563468933, -0.15025919675827026, 0.1620313674211502, 0.045459646731615067, 0.8539823293685913, 0.518312394618988, -0.21625308692455292, -0.49813300371170044, 0.839701235294342),
            ["LowerTorso"] = CFrame.new(-0.03814926743507385, -1.6681466102600098, 0.7509220838546753, 0.9877133965492249, 0.11056547611951828, -0.11044301092624664, -0.15274149179458618, 0.5335304141044617, -0.8318746089935303, -0.03305190056562424, 0.8385228514671326, 0.54386305809021),
            ["UpperTorso"] = CFrame.new(-2.7939677238464355e-09, -2.9802322387695312e-08, 6.798654794692993e-08, 0.9723227024078369, -0.07967615872621536, -0.2196369618177414, 0.23363491892814636, 0.3241375684738159, 0.916705846786499, -0.0018470289651304483, -0.9426487684249878, 0.33378148078918457),
            ["HumanoidRootPart"] = CFrame.new(0, 0, 0, 1, 0, 0, 0, 1, 0, 0, 0, 1),
            ["RightUpperLeg"] = CFrame.new(-2.9802322387695312e-08, -5.960464477539063e-08, 5.790934665128589e-08, 0.6272336840629578, -0.5989334583282471, -0.49785181879997253, -0.31091564893722534, 0.3935253620147705, -0.8651412725448608, 0.7140794992446899, 0.6974357962608337, 0.0606144517660141),
            ["LeftUpperArm"] = CFrame.new(0, 1.1920928955078125e-07, 7.450580596923828e-08, 0.6988183856010437, 0.6890166997909546, -0.19211693108081818, -0.6865438222885132, 0.5706934332847595, -0.4505182206630707, -0.20077459514141083, 0.44672712683677673, 0.8718512058258057),
            ["RightLowerArm"] = CFrame.new(1.7881393432617188e-07, 1.7881393432617188e-07, -7.636845111846924e-08, 1, -1.2293457984924316e-07, 7.4505797087454084e-09, 6.705522537231445e-08, -0.08836288750171661, -0.9960883855819702, 7.636845111846924e-08, 0.9960883855819702, -0.088362917304039),
            ["LeftHand"] = CFrame.new(-1.3783574104309082e-07, 5.960464477539063e-08, -1.341104507446289e-07, 0.879753828048706, -0.18436090648174286, 0.4382287859916687, 0.30950331687927246, 0.9217711091041565, -0.23354995250701904, -0.3608890175819397, 0.3410998284816742, 0.8679919242858887),
            ["RightHand"] = CFrame.new(1.1920928955078125e-07, 5.960464477539063e-08, -1.341104507446289e-07, 0.7699423432350159, -0.5707920789718628, -0.2852812111377716, 0.5983927249908447, 0.801111102104187, 0.012128747999668121, 0.2216189205646515, -0.18004867434501648, 0.958367109298706),
            ["RightUpperArm"] = CFrame.new(1.1920928955078125e-07, 0, 1.341104507446289e-07, 0.22011879086494446, -0.22038650512695312, 0.9502513408660889, 0.8451708555221558, 0.5294912457466125, -0.07297567278146744, -0.48706692457199097, 0.8191879987716675, 0.30281519889831543),
            ["RightLowerLeg"] = CFrame.new(-1.7695128917694092e-08, 2.980232238769531e-07, -3.55576048605144e-08, 1, -1.2665987014770508e-07, -1.4901168299275014e-07, 1.4901161193847656e-07, 0.24490879476070404, 0.9695460796356201, -1.2665987014770508e-07, -0.9695461392402649, 0.2449091374874115),
            ["LeftUpperLeg"] = CFrame.new(1.1920928955078125e-07, -1.6391277313232422e-07, 3.3527612686157227e-08, 0.9759514331817627, 0.07954436540603638, 0.20295700430870056, 0.19460400938987732, 0.1016031950712204, -0.9756055474281311, -0.09822501987218857, 0.9916398525238037, 0.08368007838726044),
            ["LeftLowerLeg"] = CFrame.new(0, 0, -1.7136335372924805e-07, 1, 7.823110337312755e-08, 1.0244550452398471e-07, -7.450580596923828e-08, -0.3957332968711853, 0.9183655381202698, 1.1362135410308838e-07, -0.918365478515625, -0.39573317766189575),
        }},
        {Time = 0.033, Data = {
            ["RightFoot"] = CFrame.new(-5.960464477539063e-08, 2.980232238769531e-07, -3.9282895158976316e-08, 0.8202540278434753, -0.20255190134048462, 0.534935474395752, 0.2911732792854309, 0.9528247714042664, -0.08569183200597763, -0.4923429489135742, 0.22604845464229584, 0.8405360579490662),
            ["LeftLowerArm"] = CFrame.new(2.9802322387695312e-08, -1.1920928955078125e-07, 4.470348358154297e-08, 1, -9.685753354915505e-08, 6.89178563106907e-08, 1.005828522693264e-07, 0.09036298096179962, -0.9959089159965515, 7.450581307466564e-08, 0.9959089159965515, 0.09036295861005783),
            ["LeftFoot"] = CFrame.new(-3.3527612686157227e-08, 0, -5.587935447692871e-09, 0.9981696605682373, -0.04392244666814804, 0.0415724478662014, 0.022317059338092804, 0.906410813331604, 0.4218071699142456, -0.05620855838060379, -0.4201074540615082, 0.9057320356369019),
            ["Head"] = CFrame.new(-1.1175870895385742e-08, -1.1920928955078125e-07, -2.849847078323364e-07, 0.9753395915031433, -0.14976827800273895, 0.16211776435375214, 0.04566022381186485, 0.8555608987808228, 0.5156848430633545, -0.2159348428249359, -0.495565265417099, 0.8413008451461792),
            ["LowerTorso"] = CFrame.new(-0.0381494015455246, -1.6681888103485107, 0.7509744167327881, 0.9877137541770935, 0.11056285351514816, -0.11044171452522278, -0.15269041061401367, 0.532302737236023, -0.8326700925827026, -0.03327395021915436, 0.8393031358718872, 0.5426446795463562),
            ["UpperTorso"] = CFrame.new(-4.6566128730773926e-09, 2.9802322387695312e-08, 5.745096132159233e-08, 0.9723147749900818, -0.07967057824134827, -0.21967393159866333, 0.2336677461862564, 0.324081152677536, 0.9167174696922302, -0.0018432717770338058, -0.9426685571670532, 0.33372530341148376),
            ["HumanoidRootPart"] = CFrame.new(0, 0, 0, 1, 0, 0, 0, 1, 0, 0, 0, 1),
            ["RightUpperLeg"] = CFrame.new(0, 9.685754776000977e-08, 5.790934665128589e-08, 0.6271428465843201, -0.5991465449333191, -0.4977101981639862, -0.30984607338905334, 0.39435315132141113, -0.8651480078697205, 0.7146238684654236, 0.6967847943305969, 0.061672620475292206),
            ["LeftUpperArm"] = CFrame.new(-1.1920928955078125e-07, -1.1920928955078125e-07, -3.725290298461914e-07, 0.6980487108230591, 0.689370334148407, -0.19364064931869507, -0.6877049207687378, 0.5701010227203369, -0.4494962692260742, -0.19947464764118195, 0.4469378590583801, 0.8720415830612183),
            ["RightLowerArm"] = CFrame.new(0, 2.384185791015625e-07, 3.166496753692627e-07, 1, -1.2665985593685036e-07, -7.450578820566989e-09, 6.705522537231445e-08, -0.08760517835617065, -0.9961552619934082, 1.1082738637924194e-07, 0.9961552619934082, -0.08760509639978409),
            ["LeftHand"] = CFrame.new(-2.1606683731079102e-07, 0, -1.4156103134155273e-07, 0.8795855045318604, -0.1837034970521927, 0.43884241580963135, 0.3088819086551666, 0.922092080116272, -0.23310548067092896, -0.36183056235313416, 0.3405868113040924, 0.867801308631897),
            ["RightHand"] = CFrame.new(-2.086162567138672e-07, 5.960464477539063e-08, 1.4901161193847656e-08, 0.7692495584487915, -0.5706801414489746, -0.2873666286468506, 0.5987020134925842, 0.8008788824081421, 0.012198619544506073, 0.2231842577457428, -0.18143080174922943, 0.9577429890632629),
            ["RightUpperArm"] = CFrame.new(1.1920928955078125e-07, -1.1920928955078125e-07, -4.6193599700927734e-07, 0.2200351357460022, -0.22110790014266968, 0.9501031041145325, 0.8449960947036743, 0.5298507809638977, -0.07238654792308807, -0.48740774393081665, 0.8187609314918518, 0.3034210205078125),
            ["RightLowerLeg"] = CFrame.new(-2.7939677238464355e-08, 2.384185791015625e-07, -5.045876605436206e-08, 1, -1.4156101713069802e-07, -1.0058288779646318e-07, 1.7136333951839333e-07, 0.24477657675743103, 0.9695795178413391, -8.195637946073475e-08, -0.9695795774459839, 0.24477674067020416),
            ["LeftUpperLeg"] = CFrame.new(2.9802322387695312e-08, 1.4901161193847656e-08, 3.3527612686157227e-08, 0.9760099053382874, 0.07908203452825546, 0.20285648107528687, 0.19454455375671387, 0.1015818640589714, -0.9756196737289429, -0.09776053577661514, 0.9916789531707764, 0.08375998586416245),
            ["LeftLowerLeg"] = CFrame.new(-4.6566128730773926e-08, 1.1920928955078125e-07, -6.332993507385254e-08, 1, 8.568170528633345e-08, 1.0989611354261797e-07, -8.009374852235851e-08, -0.39740702509880066, 0.9176425933837891, 1.2479723920932884e-07, -0.9176424741744995, -0.39740684628486633),
        }},
        {Time = 0.067, Data = {
            ["RightFoot"] = CFrame.new(1.4901161193847656e-08, 2.384185791015625e-07, -4.6733475755900145e-08, 0.8202928900718689, -0.20253819227218628, 0.5348812341690063, 0.29115813970565796, 0.9528266787528992, -0.08572214096784592, -0.4922870397567749, 0.2260526418685913, 0.8405675888061523),
            ["LeftLowerArm"] = CFrame.new(-8.940696716308594e-08, -1.1920928955078125e-07, 7.450580596923828e-08, 1, -1.1920926112907182e-07, 4.2840827774170975e-08, 8.195638656616211e-08, 0.09139768034219742, -0.9958144426345825, 1.1920928955078125e-07, 0.9958144426345825, 0.09139766544103622),
            ["LeftFoot"] = CFrame.new(-7.450580596923828e-09, -1.1920928955078125e-07, -1.6763806343078613e-08, 0.9981556534767151, -0.04375649243593216, 0.04208130016922951, 0.02226884476840496, 0.9087592363357544, 0.41672635078430176, -0.05647627264261246, -0.41502052545547485, 0.9080573916435242),
            ["Head"] = CFrame.new(3.725290298461914e-09, 0, -8.009374141693115e-08, 0.9754082560539246, -0.14913901686668396, 0.16228486597537994, 0.045880720019340515, 0.8575619459152222, 0.5123305916786194, -0.21557782590389252, -0.49228566884994507, 0.8433154225349426),
            ["LowerTorso"] = CFrame.new(-0.03814944624900818, -1.6682369709014893, 0.751034140586853, 0.9877138137817383, 0.11056153476238251, -0.11044266819953918, -0.1526343822479248, 0.5308920741081238, -0.833580493927002, -0.03352878615260124, 0.8401963710784912, 0.5412449240684509),
            ["UpperTorso"] = CFrame.new(1.0244548320770264e-08, -8.940696716308594e-08, -1.8684659153223038e-08, 0.9723083972930908, -0.07966974377632141, -0.21970249712467194, 0.23369446396827698, 0.3240799903869629, 0.9167110323905945, -0.001832958310842514, -0.942669153213501, 0.33372393250465393),
            ["HumanoidRootPart"] = CFrame.new(0, 0, 0, 1, 0, 0, 0, 1, 0, 0, 0, 1),
            ["RightUpperLeg"] = CFrame.new(0, -1.564621925354004e-07, -2.7772330213338137e-08, 0.62712162733078, -0.5993480682373047, -0.4974941313266754, -0.3085819184780121, 0.39527004957199097, -0.8651814460754395, 0.7151892781257629, 0.6960915327072144, 0.06293433904647827),
            ["LeftUpperArm"] = CFrame.new(5.960464477539063e-08, -1.1920928955078125e-07, -2.5331974029541016e-07, 0.6972094178199768, 0.6897294521331787, -0.1953771859407425, -0.6889923214912415, 0.5694690346717834, -0.4483244717121124, -0.19796127080917358, 0.4471893310546875, 0.8722574710845947),
            ["RightLowerArm"] = CFrame.new(-8.940696716308594e-08, -1.7881393432617188e-07, 1.862645149230957e-07, 1, -1.639127589214695e-07, 7.450579175838357e-08, 4.470348358154297e-08, -0.08662068098783493, -0.9962413311004639, 1.2200325727462769e-07, 0.9962413907051086, -0.0866207405924797),
            ["LeftHand"] = CFrame.new(3.725290298461914e-07, 0, -6.705522537231445e-08, 0.8794151544570923, -0.1829748898744583, 0.43948760628700256, 0.3081996738910675, 0.9224312901496887, -0.2326660007238388, -0.3628249168395996, 0.3400600254535675, 0.8675928711891174),
            ["RightHand"] = CFrame.new(1.4901161193847656e-08, 0, 2.9802322387695312e-08, 0.7684754729270935, -0.5705623626708984, -0.28966236114501953, 0.5990374684333801, 0.8006278276443481, 0.012213006615638733, 0.22494344413280487, -0.18290387094020844, 0.9570509791374207),
            ["RightUpperArm"] = CFrame.new(0, 2.384185791015625e-07, -2.2351741790771484e-07, 0.21991199254989624, -0.22186627984046936, 0.9499548077583313, 0.8448284864425659, 0.530205488204956, -0.07174360752105713, -0.48775357007980347, 0.8183260560035706, 0.30403754115104675),
            ["RightLowerLeg"] = CFrame.new(4.6566128730773926e-09, 1.7881393432617188e-07, 1.6952981241047382e-09, 1, -6.70552182668871e-08, -1.1548404188488348e-07, 1.7136336794010276e-07, 0.24465584754943848, 0.9696099758148193, -1.1175872316471214e-07, -0.9696099758148193, 0.24465630948543549),
            ["LeftUpperLeg"] = CFrame.new(-5.960464477539063e-08, -1.4156103134155273e-07, -5.587935447692871e-08, 0.9760724306106567, 0.0785476490855217, 0.2027633935213089, 0.19446027278900146, 0.10195313394069672, -0.9755977392196655, -0.09730327129364014, 0.9916833639144897, 0.08423920720815659),
            ["LeftLowerLeg"] = CFrame.new(-2.7939677238464355e-08, -5.960464477539063e-08, -1.5273690223693848e-07, 1, 8.381903882082042e-08, 1.2665987014770508e-07, -7.264316082000732e-08, -0.3987121880054474, 0.9170761108398438, 1.1175870895385742e-07, -0.9170761108398438, -0.39871227741241455),
        }},
        {Time = 0.100, Data = {
            ["RightFoot"] = CFrame.new(-6.705522537231445e-08, 2.384185791015625e-07, 6.129994289949536e-08, 0.820317804813385, -0.20247916877269745, 0.53486567735672, 0.29114338755607605, 0.9528220891952515, -0.08582283556461334, -0.4922544062137604, 0.2261248379945755, 0.8405672311782837),
            ["LeftLowerArm"] = CFrame.new(-1.7881393432617188e-07, -1.1920928955078125e-07, -2.9802322387695312e-08, 1, -6.705522537231445e-08, 1.210719347000122e-07, 1.2293457984924316e-07, 0.09283673018217087, -0.9956814050674438, 5.960464477539063e-08, 0.9956814050674438, 0.09283663332462311),
            ["LeftFoot"] = CFrame.new(3.632158041000366e-08, 0, 1.862645149230957e-09, 0.9981399774551392, -0.04357806593179703, 0.0426335446536541, 0.022239282727241516, 0.9113993048667908, 0.41092172265052795, -0.056763410568237305, -0.40920931100845337, 0.9106732606887817),
            ["Head"] = CFrame.new(7.450580596923828e-09, -1.1920928955078125e-07, -2.1792948246002197e-07, 0.975482165813446, -0.14839217066764832, 0.1625255048274994, 0.04614713415503502, 0.8599869012832642, 0.5082255005836487, -0.2151864618062973, -0.48826462030410767, 0.84574955701828),
            ["LowerTorso"] = CFrame.new(-0.03814937174320221, -1.6682915687561035, 0.7511016130447388, 0.9877134561538696, 0.11056158691644669, -0.1104465201497078, -0.15257380902767181, 0.5292971730232239, -0.8346051573753357, -0.03381623700261116, 0.841201901435852, 0.5396627187728882),
            ["UpperTorso"] = CFrame.new(-9.313225746154785e-10, 8.940696716308594e-08, 6.58910721540451e-08, 0.9723030924797058, -0.07965653389692307, -0.21973098814487457, 0.23371675610542297, 0.32398849725723267, 0.9167376756668091, -0.0018338433001190424, -0.9427016377449036, 0.33363211154937744),
            ["HumanoidRootPart"] = CFrame.new(0, 0, 0, 1, 0, 0, 0, 1, 0, 0, 0, 1),
            ["RightUpperLeg"] = CFrame.new(-2.9802322387695312e-08, 9.313225746154785e-08, 1.0633812053129077e-07, 0.6271609663963318, -0.5995581746101379, -0.497190922498703, -0.30700263381004333, 0.39637327194213867, -0.865238606929779, 0.7158342599868774, 0.6952828764915466, 0.06452380865812302),
            ["LeftUpperArm"] = CFrame.new(0, -1.1920928955078125e-07, -1.9371509552001953e-07, 0.6962882280349731, 0.69011390209198, -0.19729629158973694, -0.6903760433197021, 0.5687180161476135, -0.44714710116386414, -0.19637639820575714, 0.4475519359111786, 0.8724297285079956),
            ["RightLowerArm"] = CFrame.new(-3.2782554626464844e-07, 5.960464477539063e-08, -1.1362135410308838e-07, 1, -9.313227167240257e-08, 1.1175872316471214e-07, 8.195639367158947e-08, -0.08525881916284561, -0.9963589310646057, 5.7742006731587026e-08, 0.9963589310646057, -0.08525875210762024),
            ["LeftHand"] = CFrame.new(2.2724270820617676e-07, -5.960464477539063e-08, -5.960464477539063e-08, 0.879191517829895, -0.18217197060585022, 0.44026780128479004, 0.3075326383113861, 0.9227412343025208, -0.23231910169124603, -0.3639311194419861, 0.33965003490448, 0.8672900795936584),
            ["RightHand"] = CFrame.new(-2.9802322387695312e-08, 1.1920928955078125e-07, 7.450580596923828e-08, 0.7676092982292175, -0.5704270601272583, -0.2922145128250122, 0.5993611216545105, 0.8003884553909302, 0.012018278241157532, 0.22702956199645996, -0.1843673586845398, 0.9562773108482361),
            ["RightUpperArm"] = CFrame.new(-5.960464477539063e-08, -2.384185791015625e-07, -1.7881393432617188e-07, 0.21977189183235168, -0.22261777520179749, 0.9498114585876465, 0.8447026014328003, 0.5304904580116272, -0.07111445814371109, -0.4880346357822418, 0.8179372549057007, 0.30463263392448425),
            ["RightLowerLeg"] = CFrame.new(-2.7939677238464355e-09, 2.384185791015625e-07, 3.894820110872388e-08, 1, -7.450579886381092e-08, -7.823113179483698e-08, 1.2665987014770508e-07, 0.24452733993530273, 0.9696424007415771, -1.2665987014770508e-07, -0.9696424007415771, 0.24452775716781616),
            ["LeftUpperLeg"] = CFrame.new(5.960464477539063e-08, 1.1920928955078125e-07, 4.842877388000488e-08, 0.9761336445808411, 0.07799392938613892, 0.20268256962299347, 0.19440414011478424, 0.10218366235494614, -0.9755847454071045, -0.0968005433678627, 0.9917032718658447, 0.08458250761032104),
            ["LeftLowerLeg"] = CFrame.new(8.381903171539307e-08, 0, -5.21540641784668e-08, 1, 8.754434333013705e-08, 1.2665991278026922e-07, -7.450580596923828e-08, -0.40071043372154236, 0.9162048101425171, 1.210719347000122e-07, -0.9162048697471619, -0.4007103741168976),
        }},
        {Time = 0.133, Data = {
            ["RightFoot"] = CFrame.new(3.725290298461914e-08, 3.5762786865234375e-07, 2.032174961641431e-08, 0.820310115814209, -0.20244178175926208, 0.5348912477493286, 0.29117146134376526, 0.9528037309646606, -0.08593065291643143, -0.49225062131881714, 0.22623537480831146, 0.8405398726463318),
            ["LeftLowerArm"] = CFrame.new(2.682209014892578e-07, 0, 1.4901161193847656e-08, 1, -8.940695295223122e-08, 5.5879347371501353e-08, 1.2293456563838845e-07, 0.09472286701202393, -0.9955037832260132, 5.960463766996327e-08, 0.9955036640167236, 0.09472273290157318),
            ["LeftFoot"] = CFrame.new(2.0489096641540527e-08, 0, -5.587935447692871e-09, 0.9981202483177185, -0.04339165985584259, 0.04328031837940216, 0.022166302427649498, 0.9139850735664368, 0.4051418900489807, -0.05713740736246109, -0.40342095494270325, 0.9132288098335266),
            ["Head"] = CFrame.new(-1.4901161193847656e-08, -1.1920928955078125e-07, 7.450580596923828e-08, 0.9755659699440002, -0.14746752381324768, 0.1628635972738266, 0.046435676515102386, 0.8629242181777954, 0.5031955242156982, -0.21474388241767883, -0.48333749175071716, 0.8486871123313904),
            ["LowerTorso"] = CFrame.new(-0.03814926743507385, -1.66835355758667, 0.7511777877807617, 0.9877132177352905, 0.11056403070688248, -0.11044538021087646, -0.15250134468078613, 0.5274937748908997, -0.8357593417167664, -0.03414565324783325, 0.8423336148262024, 0.5378738045692444),
            ["UpperTorso"] = CFrame.new(0, 0, -1.0605435818433762e-07, 0.9722980856895447, -0.07966573536396027, -0.21974971890449524, 0.23373731970787048, 0.3239307403564453, 0.9167529344558716, -0.001850152388215065, -0.9427207112312317, 0.3335779905319214),
            ["HumanoidRootPart"] = CFrame.new(0, 0, 0, 1, 0, 0, 0, 1, 0, 0, 0, 1),
            ["RightUpperLeg"] = CFrame.new(1.1920928955078125e-07, 0, -3.894820110872388e-08, 0.6272758841514587, -0.5997745394706726, -0.4967852532863617, -0.3051379919052124, 0.3976118266582489, -0.8653298616409302, 0.7165303826332092, 0.6943884491920471, 0.06639842689037323),
            ["LeftUpperArm"] = CFrame.new(-1.1920928955078125e-07, -1.1920928955078125e-07, 7.450580596923828e-08, 0.6952522993087769, 0.6905055046081543, -0.19956637918949127, -0.6919590830802917, 0.56788569688797, -0.4457562267780304, -0.19446618854999542, 0.44800469279289246, 0.8726252317428589),
            ["RightLowerArm"] = CFrame.new(5.960464477539063e-08, -1.7881393432617188e-07, -6.51925802230835e-08, 1, -1.1548399925231934e-07, 1.043081283569336e-07, 8.940695295223122e-08, -0.08336776494979858, -0.9965188503265381, 1.4062969455608254e-07, 0.9965189099311829, -0.0833677425980568),
            ["LeftHand"] = CFrame.new(3.650784492492676e-07, -5.960464477539063e-08, -5.960464477539063e-08, 0.8789560794830322, -0.18126529455184937, 0.4411112666130066, 0.3068724572658539, 0.922994077205658, -0.23218759894371033, -0.3650555908679962, 0.33944791555404663, 0.8668966293334961),
            ["RightHand"] = CFrame.new(8.940696716308594e-08, 0, -1.7881393432617188e-07, 0.7666646838188171, -0.5702689290046692, -0.2949894666671753, 0.5996437072753906, 0.8001835942268372, 0.011545762419700623, 0.2294616550207138, -0.18574045598506927, 0.9554307460784912),
            ["RightUpperArm"] = CFrame.new(-1.7881393432617188e-07, 1.1920928955078125e-07, 7.450580596923828e-08, 0.2196718454360962, -0.22332386672496796, 0.949668824672699, 0.8445612192153931, 0.5307928323745728, -0.07053782790899277, -0.48832452297210693, 0.8175485134124756, 0.30521079897880554),
            ["RightLowerLeg"] = CFrame.new(-1.0244548320770264e-08, 2.384185791015625e-07, 1.3580574886873364e-07, 1, -8.195638656616211e-08, -6.705525379402388e-08, 1.8626448650138627e-07, 0.24437379837036133, 0.9696810245513916, -8.195637946073475e-08, -0.9696811437606812, 0.2443741112947464),
            ["LeftUpperLeg"] = CFrame.new(-5.960464477539063e-08, -8.195638656616211e-08, -3.725290298461914e-09, 0.9761962294578552, 0.07735611498355865, 0.20262517035007477, 0.19433926045894623, 0.10282034426927567, -0.9755308032035828, -0.09629727900028229, 0.991687536239624, 0.08533978462219238),
            ["LeftLowerLeg"] = CFrame.new(-6.332993507385254e-08, -5.960464477539063e-08, -6.332993507385254e-08, 1, 8.754434333013705e-08, 1.2107196312172164e-07, -8.009374141693115e-08, -0.40234941244125366, 0.9154862761497498, 1.1548399925231934e-07, -0.915486216545105, -0.40234947204589844),
        }},
        {Time = 0.167, Data = {
            ["RightFoot"] = CFrame.new(0, 3.5762786865234375e-07, 6.875052349641919e-08, 0.8202616572380066, -0.20242522656917572, 0.5349719524383545, 0.2912442982196808, 0.9527711868286133, -0.08604473620653152, -0.49228817224502563, 0.2263871282339096, 0.8404768705368042),
            ["LeftLowerArm"] = CFrame.new(-1.1920928955078125e-07, -5.960464477539063e-08, 7.450580596923828e-08, 1, -1.4901159417490817e-08, 1.6763804566721774e-08, -3.725291630729544e-09, 0.09728415310382843, -0.9952566623687744, 1.2665991278026922e-07, 0.9952566623687744, 0.09728401899337769),
            ["LeftFoot"] = CFrame.new(9.313225746154785e-10, -1.1920928955078125e-07, 3.725290298461914e-09, 0.9980998635292053, -0.04322706535458565, 0.04391065984964371, 0.022123267874121666, 0.9165177941322327, 0.39938193559646606, -0.05750904604792595, -0.3976515531539917, 0.9157324433326721),
            ["Head"] = CFrame.new(-7.450580596923828e-09, 1.1920928955078125e-07, -1.2479722499847412e-07, 0.9756547212600708, -0.1463932991027832, 0.16330040991306305, 0.046746667474508286, 0.8663060069084167, 0.4973215162754059, -0.21427269279956818, -0.4775802195072174, 0.8520588874816895),
            ["LowerTorso"] = CFrame.new(-0.03814913332462311, -1.6684226989746094, 0.7512623071670532, 0.9877129197120667, 0.11056684702634811, -0.11044614762067795, -0.1524215042591095, 0.5254795551300049, -0.8370417356491089, -0.03451187163591385, 0.8435912728309631, 0.5358757376670837),
            ["UpperTorso"] = CFrame.new(1.1641532182693481e-08, 5.960464477539063e-08, -5.6461431086063385e-08, 0.9722867012023926, -0.07966307550668716, -0.2198011577129364, 0.23378485441207886, 0.3238830268383026, 0.9167576432228088, -0.0018418955150991678, -0.9427372813224792, 0.33353111147880554),
            ["HumanoidRootPart"] = CFrame.new(0, 0, 0, 1, 0, 0, 0, 1, 0, 0, 0, 1),
            ["RightUpperLeg"] = CFrame.new(0, 1.3783574104309082e-07, -5.757465260103345e-08, 0.6275138258934021, -0.5999504327774048, -0.4962720572948456, -0.3029988408088684, 0.39897432923316956, -0.865454375743866, 0.7172295451164246, 0.693454384803772, 0.0685778558254242),
            ["LeftUpperArm"] = CFrame.new(5.960464477539063e-08, 1.1920928955078125e-07, -2.086162567138672e-07, 0.6941204071044922, 0.6908926367759705, -0.20214934647083282, -0.6936750411987305, 0.566908061504364, -0.44433122873306274, -0.19238494336605072, 0.44864529371261597, 0.8727574348449707),
            ["RightLowerArm"] = CFrame.new(-2.980232238769531e-07, -2.384185791015625e-07, -2.0489096641540527e-08, 1, -1.0430811414607888e-07, 1.4156101713069802e-07, 5.215407838932151e-08, -0.08076317608356476, -0.9967333674430847, 1.5087429972027167e-07, 0.9967333674430847, -0.08076315373182297),
            ["LeftHand"] = CFrame.new(-1.4901161193847656e-08, -5.960464477539063e-08, -1.1920928955078125e-07, 0.8787124752998352, -0.18018443882465363, 0.4420390725135803, 0.30616700649261475, 0.9231993556022644, -0.23230290412902832, -0.36623242497444153, 0.3394653797149658, 0.866392970085144),
            ["RightHand"] = CFrame.new(1.341104507446289e-07, 5.960464477539063e-08, -7.450580596923828e-08, 0.7655903697013855, -0.5700969099998474, -0.29809680581092834, 0.5998817086219788, 0.8000174164772034, 0.010655395686626434, 0.23240795731544495, -0.18698039650917053, 0.9544762372970581),
            ["RightUpperArm"] = CFrame.new(-1.7881393432617188e-07, 2.384185791015625e-07, -8.940696716308594e-08, 0.2195633351802826, -0.2239949256181717, 0.9495358467102051, 0.8444705009460449, 0.5310074687004089, -0.07000447809696198, -0.4885300397872925, 0.817225456237793, 0.3057468831539154),
            ["RightLowerLeg"] = CFrame.new(4.190951585769653e-08, 3.5762786865234375e-07, 7.620110409334302e-08, 1, -9.685754776000977e-08, -1.5646226358967397e-07, 1.6391277313232422e-07, 0.24422433972358704, 0.9697186946868896, -1.043081283569336e-07, -0.9697188138961792, 0.24422480165958405),
            ["LeftUpperLeg"] = CFrame.new(0, 1.6763806343078613e-07, 2.2351741790771484e-08, 0.9762613773345947, 0.07669233530759811, 0.2025637924671173, 0.1942669302225113, 0.10352660715579987, -0.9754704833030701, -0.0957818552851677, 0.9916656017303467, 0.08617047220468521),
            ["LeftLowerLeg"] = CFrame.new(-4.842877388000488e-08, 1.1920928955078125e-07, -3.3527612686157227e-08, 1, 8.195640788244418e-08, 1.266598843585598e-07, -7.636844401304188e-08, -0.40408986806869507, 0.9147193431854248, 1.2293456563838845e-07, -0.9147193431854248, -0.40408995747566223),
        }},
        {Time = 0.200, Data = {
            ["RightFoot"] = CFrame.new(-2.2351741790771484e-08, 2.980232238769531e-07, -2.438173396512866e-08, 0.820151150226593, -0.2023550420999527, 0.5351678133010864, 0.29131507873535156, 0.9527354836463928, -0.08620020002126694, -0.49243050813674927, 0.2266000211238861, 0.840336263179779),
            ["LeftLowerArm"] = CFrame.new(-5.960464477539063e-08, 1.1920928955078125e-07, 7.450580596923828e-08, 1, -1.0430811414607888e-07, 2.6077035641947077e-08, 1.639127589214695e-07, 0.100636787712574, -0.9949232935905457, 1.4901159417490817e-08, 0.9949232935905457, 0.10063670575618744),
            ["LeftFoot"] = CFrame.new(-2.60770320892334e-08, 0, 9.313225746154785e-09, 0.9980770945549011, -0.04309834539890289, 0.04455100744962692, 0.022115342319011688, 0.9190160632133484, 0.3935993015766144, -0.05790654197335243, -0.3918571472167969, 0.9182020425796509),
            ["Head"] = CFrame.new(-1.1175870895385742e-08, 0, -1.2293457984924316e-07, 0.9757508635520935, -0.14515730738639832, 0.1638280749320984, 0.047099627554416656, 0.8701767921447754, 0.4904837906360626, -0.21375660598278046, -0.47087353467941284, 0.855912446975708),
            ["LowerTorso"] = CFrame.new(-0.038149237632751465, -1.66849946975708, 0.7513560056686401, 0.9877132773399353, 0.1105654314160347, -0.11044412106275558, -0.15232698619365692, 0.5232413411140442, -0.8384599089622498, -0.0349157378077507, 0.8449816107749939, 0.533654510974884),
            ["UpperTorso"] = CFrame.new(4.656612873077393e-10, -2.9802322387695312e-08, -1.4028046280145645e-08, 0.9722763299942017, -0.07966006547212601, -0.21984802186489105, 0.23382796347141266, 0.3238164484500885, 0.9167701601982117, -0.00183958956040442, -0.9427604079246521, 0.33346572518348694),
            ["HumanoidRootPart"] = CFrame.new(0, 0, 0, 1, 0, 0, 0, 1, 0, 0, 0, 1),
            ["RightUpperLeg"] = CFrame.new(0, -4.0978193283081055e-08, 6.535992724820971e-08, 0.6278373599052429, -0.6001385450363159, -0.49563485383987427, -0.30050885677337646, 0.4005051255226135, -0.8656155467033386, 0.7179934978485107, 0.6924084424972534, 0.07110510021448135),
            ["LeftUpperArm"] = CFrame.new(0, 2.384185791015625e-07, -1.1920928955078125e-07, 0.692891001701355, 0.6912379264831543, -0.20516397058963776, -0.6955544352531433, 0.5657856464385986, -0.44282129406929016, -0.1900160312652588, 0.44952940940856934, 0.8728212714195251),
            ["RightLowerArm"] = CFrame.new(-2.9802322387695312e-08, -5.960464477539063e-08, 2.980232238769531e-07, 1, -9.685753354915505e-08, 1.1175870895385742e-07, 1.1920927533992653e-07, -0.0774196982383728, -0.9969986081123352, 8.381902460996571e-08, 0.9969986081123352, -0.07741966843605042),
            ["LeftHand"] = CFrame.new(-1.6763806343078613e-07, 0, -8.940696716308594e-08, 0.8784487843513489, -0.17895089089870453, 0.4430626630783081, 0.3054935932159424, 0.9233031272888184, -0.2327764630317688, -0.3674255311489105, 0.33983537554740906, 0.8657428026199341),
            ["RightHand"] = CFrame.new(2.60770320892334e-07, 1.1920928955078125e-07, -1.4156103134155273e-07, 0.7644747495651245, -0.5698456168174744, -0.3014211356639862, 0.5999894142150879, 0.7999529242515564, 0.00937937293201685, 0.23577794432640076, -0.18801987171173096, 0.9534450769424438),
            ["RightUpperArm"] = CFrame.new(1.1920928955078125e-07, 0, -1.1920928955078125e-07, 0.21941658854484558, -0.22461794316768646, 0.9494225978851318, 0.8443877100944519, 0.5312099456787109, -0.06946682184934616, -0.4887390732765198, 0.8169227838516235, 0.3062207102775574),
            ["RightLowerLeg"] = CFrame.new(-1.862645149230957e-09, 4.172325134277344e-07, -5.790934665128589e-08, 1, -9.685756197086448e-08, -1.2293465090351674e-07, 1.266598843585598e-07, 0.24405816197395325, 0.969760537147522, -1.4901162614933128e-07, -0.9697607159614563, 0.24405847489833832),
            ["LeftUpperLeg"] = CFrame.new(2.9802322387695312e-08, -5.960464477539063e-08, 2.9802322387695312e-08, 0.9763252139091492, 0.07591545581817627, 0.20254886150360107, 0.1941915601491928, 0.10486043244600296, -0.9753429889678955, -0.09528302401304245, 0.9915851950645447, 0.08763567358255386),
            ["LeftLowerLeg"] = CFrame.new(-2.9802322387695312e-08, 5.960464477539063e-08, 7.078051567077637e-08, 1, 8.381903882082042e-08, 1.2759122114403e-07, -7.450580596923828e-08, -0.40566286444664, 0.9140228629112244, 1.210719347000122e-07, -0.9140228033065796, -0.4056628942489624),
        }},
        {Time = 0.233, Data = {
            ["RightFoot"] = CFrame.new(-1.4901161193847656e-08, 2.980232238769531e-07, 6.129994289949536e-08, 0.8211106061935425, -0.20219595730304718, 0.533754825592041, 0.29081109166145325, 0.9528704881668091, -0.08640966564416885, -0.4911275804042816, 0.2261739820241928, 0.8412129878997803),
            ["LeftLowerArm"] = CFrame.new(1.7881393432617188e-07, 1.7881393432617188e-07, -2.384185791015625e-07, 1, -5.960463766996327e-08, 1.043081283569336e-07, 8.568168397005138e-08, 0.10453806072473526, -0.994520902633667, 5.960465188081798e-08, 0.9945209622383118, 0.10453802347183228),
            ["LeftFoot"] = CFrame.new(6.193295121192932e-08, 0, -4.842877388000488e-08, 0.9981117248535156, -0.042147234082221985, 0.0446847528219223, 0.02168313041329384, 0.9223814010620117, 0.3856714963912964, -0.0574713833630085, -0.38397416472435, 0.9215535521507263),
            ["Head"] = CFrame.new(1.4901161193847656e-08, 0, -8.568167686462402e-08, 0.976064145565033, -0.14311955869197845, 0.16375453770160675, 0.04801804944872856, 0.8761905431747437, 0.4795669615268707, -0.2121155858039856, -0.46022507548332214, 0.8620904684066772),
            ["LowerTorso"] = CFrame.new(-0.03814968466758728, -1.6686532497406006, 0.7515418529510498, 0.9877148270606995, 0.11055780202150345, -0.11043822765350342, -0.1521317958831787, 0.5187812447547913, -0.84126216173172, -0.03571482002735138, 0.8477281928062439, 0.5292273163795471),
            ["UpperTorso"] = CFrame.new(-3.725290298461914e-09, 2.9802322387695312e-08, -3.92901711165905e-08, 0.9723184704780579, -0.07974471151828766, -0.21963050961494446, 0.23365266621112823, 0.3246280252933502, 0.9165277481079102, -0.0017900224775075912, -0.9424741864204407, 0.33427438139915466),
            ["HumanoidRootPart"] = CFrame.new(0, 0, 0, 1, 0, 0, 0, 1, 0, 0, 0, 1),
            ["RightUpperLeg"] = CFrame.new(0, -5.21540641784668e-08, 2.0656443666666746e-08, 0.6293987035751343, -0.5999231338500977, -0.4939124286174774, -0.2952898442745209, 0.4032762944698334, -0.8661249279975891, 0.7187914848327637, 0.6909852027893066, 0.07667042315006256),
            ["LeftUpperArm"] = CFrame.new(1.1920928955078125e-07, -3.5762786865234375e-07, -1.043081283569336e-07, 0.6918899416923523, 0.691161036491394, -0.20876969397068024, -0.6975658535957336, 0.5653247237205505, -0.4402381479740143, -0.18625283241271973, 0.45022711157798767, 0.8732729554176331),
            ["RightLowerArm"] = CFrame.new(-1.7881393432617188e-07, -5.960464477539063e-08, 6.705522537231445e-08, 1, -7.823108916227284e-08, 3.725290298461914e-08, 1.1175872316471214e-07, -0.0735941082239151, -0.9972883462905884, 9.778888454547996e-08, 0.9972882866859436, -0.07359415292739868),
            ["LeftHand"] = CFrame.new(1.862645149230957e-08, -1.1920928955078125e-07, -2.905726432800293e-07, 0.8785443902015686, -0.1768152415752411, 0.4437302052974701, 0.3040637671947479, 0.9234544038772583, -0.2340449094772339, -0.36838170886039734, 0.3405413031578064, 0.8650587797164917),
            ["RightHand"] = CFrame.new(-9.685754776000977e-08, 0, -3.725290298461914e-08, 0.7631565928459167, -0.5697222948074341, -0.3049735128879547, 0.6002364754676819, 0.7997831702232361, 0.007935658097267151, 0.23939155042171478, -0.18911227583885193, 0.9523277878761292),
            ["RightUpperArm"] = CFrame.new(0, 0, -5.960464477539063e-08, 0.21921518445014954, -0.22548536956310272, 0.9492635130882263, 0.8440935015678406, 0.5317883491516113, -0.06860855966806412, -0.4893372058868408, 0.8163073062896729, 0.30690687894821167),
            ["RightLowerLeg"] = CFrame.new(-2.2351741790771484e-08, 2.980232238769531e-07, -1.3205863069742918e-08, 1, -8.940696716308594e-08, -6.332996349556197e-08, 2.011657045386528e-07, 0.2439325898885727, 0.9697921872138977, -8.940698137394065e-08, -0.9697922468185425, 0.24393300712108612),
            ["LeftUpperLeg"] = CFrame.new(2.9802322387695312e-08, 4.0978193283081055e-08, 3.725290298461914e-09, 0.9763639569282532, 0.0751834511756897, 0.2026350051164627, 0.19431918859481812, 0.10510218888521194, -0.9752916097640991, -0.0946231409907341, 0.9916154146194458, 0.08800860494375229),
            ["LeftLowerLeg"] = CFrame.new(1.4901161193847656e-08, 0, 5.21540641784668e-08, 1, 1.0244549741855735e-07, 1.1920928955078125e-07, -7.63684582238966e-08, -0.40779051184654236, 0.9130755066871643, 1.1920930376163597e-07, -0.9130755066871643, -0.40779057145118713),
        }},
        {Time = 0.267, Data = {
            ["RightFoot"] = CFrame.new(7.450580596923828e-09, 4.172325134277344e-07, -4.300818545743823e-08, 0.824091374874115, -0.2022010087966919, 0.5291391015052795, 0.28954043984413147, 0.9532333016395569, -0.08667508512735367, -0.4868672788143158, 0.22463570535182953, 0.8440967202186584),
            ["LeftLowerArm"] = CFrame.new(3.5762786865234375e-07, -1.7881393432617188e-07, 1.4901161193847656e-07, 1, -1.2665982751514093e-07, -2.0489098417897367e-08, 4.842877388000488e-08, 0.10893090814352036, -0.9940493702888489, 8.195638656616211e-08, 0.9940493106842041, 0.10893097519874573),
            ["LeftFoot"] = CFrame.new(-4.936009645462036e-08, 1.1920928955078125e-07, -2.7939677238464355e-08, 0.9982497096061707, -0.03962874040007591, 0.04390035197138786, 0.020387858152389526, 0.927386462688446, 0.373548686504364, -0.05551591515541077, -0.3719998896121979, 0.9265711903572083),
            ["Head"] = CFrame.new(-3.725290298461914e-09, 0, -1.8067657947540283e-07, 0.9767738580703735, -0.13971228897571564, 0.1624608039855957, 0.04984554648399353, 0.885550320148468, 0.4618617594242096, -0.20839495956897736, -0.4430364668369293, 0.8719462752342224),
            ["LowerTorso"] = CFrame.new(-0.038149118423461914, -1.6689448356628418, 0.751888632774353, 0.9877130389213562, 0.1105693057179451, -0.11044258624315262, -0.15178035199642181, 0.5103592276573181, -0.8464609980583191, -0.03722721338272095, 0.8528234958648682, 0.5208706855773926),
            ["UpperTorso"] = CFrame.new(7.916241884231567e-09, -5.960464477539063e-08, -8.550705388188362e-08, 0.9724519848823547, -0.08001113682985306, -0.21894176304340363, 0.23309765756130219, 0.3270799219608307, 0.9157970547676086, -0.0016625227872282267, -0.9416034817695618, 0.33671990036964417),
            ["HumanoidRootPart"] = CFrame.new(0, 0, 0, 1, 0, 0, 0, 1, 0, 0, 0, 1),
            ["RightUpperLeg"] = CFrame.new(0, -7.82310962677002e-08, 8.398637874051929e-08, 0.6331924796104431, -0.5989977121353149, -0.49017250537872314, -0.2854684293270111, 0.40791866183280945, -0.8672429323196411, 0.7194270491600037, 0.6890602707862854, 0.08729609847068787),
            ["LeftUpperArm"] = CFrame.new(-2.384185791015625e-07, 2.384185791015625e-07, -1.1920928955078125e-07, 0.6913574934005737, 0.690375566482544, -0.21308840811252594, -0.6996610760688782, 0.5661241412162781, -0.4358644187450409, -0.18027570843696594, 0.4504276514053345, 0.8744229078292847),
            ["RightLowerArm"] = CFrame.new(-2.9802322387695312e-08, 1.7881393432617188e-07, 6.332993507385254e-08, 1, -1.3038514623531228e-07, 1.6391278734317893e-07, 8.195638656616211e-08, -0.06973978132009506, -0.9975652694702148, 8.381903171539307e-08, 0.9975652098655701, -0.06973981112241745),
            ["LeftHand"] = CFrame.new(4.842877388000488e-08, 5.960464477539063e-08, -2.2351741790771484e-08, 0.8793029189109802, -0.17311127483844757, 0.44368791580200195, 0.3011998236179352, 0.9237682223320007, -0.2364974319934845, -0.36892446875572205, 0.34159162640571594, 0.8644131422042847),
            ["RightHand"] = CFrame.new(3.725290298461914e-08, -1.1920928955078125e-07, -2.2351741790771484e-08, 0.761613667011261, -0.5697999596595764, -0.30866295099258423, 0.6008440852165222, 0.7993358373641968, 0.006964216008782387, 0.24275723099708557, -0.190762460231781, 0.9511460661888123),
            ["RightUpperArm"] = CFrame.new(0, 0, -1.6391277313232422e-07, 0.218732550740242, -0.2269359827041626, 0.9490291476249695, 0.8432875275611877, 0.533290684223175, -0.06683840602636337, -0.49094024300575256, 0.8149241209030151, 0.3080202043056488),
            ["RightLowerLeg"] = CFrame.new(-3.818422555923462e-08, 2.980232238769531e-07, 1.1345400707796216e-07, 1, -8.940695295223122e-08, -5.960467319710006e-08, 1.4901161193847656e-07, 0.24343723058700562, 0.9699166417121887, -9.685754776000977e-08, -0.9699166417121887, 0.2434375137090683),
