return {
    ["Peter Parker"] = {
        {Time = 0.000, Data = {
            ["RightFoot"] = CFrame.new(5.587935447692871e-09, 2.980232238769531e-07, 1.6952981241047382e-09, 0.9949288964271545, 0.10011567920446396, 0.00967329554259777, -0.09395076334476471, 0.9593698382377625, -0.26604998111724854, -0.035916268825531006, 0.2637924551963806, 0.963910698890686),
            ["LeftLowerArm"] = CFrame.new(-1.7881393432617188e-07, -1.7881393432617188e-07, -5.960464477539063e-08, 1, -7.450580596923828e-09, 1.1175870895385742e-08, 2.2351741790771484e-08, 0.9596863389015198, -0.2810732126235962, -4.190951585769653e-09, 0.2810731828212738, 0.9596863985061646),
            ["RightUpperArm"] = CFrame.new(-0.20365673303604126, -0.058792829513549805, -0.00510580837726593, 0.5383104681968689, -0.19678273797035217, -0.8194500803947449, 0.34611979126930237, 0.9381880164146423, 0.002075480530038476, 0.7683898210525513, -0.28474515676498413, 0.5731469392776489),
            ["Head"] = CFrame.new(5.587935447692871e-09, 1.1920928955078125e-07, 1.0244548320770264e-08, 0.9984501004219055, 0.04568358510732651, 0.03178855776786804, -0.041155118495225906, 0.9905444383621216, -0.1308739185333252, -0.03746674954891205, 0.12936289608478546, 0.990889310836792),
            ["RightHand"] = CFrame.new(-5.960464477539063e-08, 5.960464477539063e-08, 8.940696716308594e-08, 0.9996989369392395, 0.019916683435440063, 0.014335911720991135, -0.018846765160560608, 0.9972806572914124, -0.0712473914027214, -0.015715889632701874, 0.07095568627119064, 0.9973557591438293),
            ["UpperTorso"] = CFrame.new(2.3283064365386963e-10, -1.4901161193847656e-07, 1.3387762010097504e-09, 0.9983044266700745, -0.011401398107409477, -0.0570824071764946, 0.009240728802978992, 0.9992361068725586, -0.03797357156872749, 0.057471685111522675, 0.03738170862197876, 0.9976471066474915),
            ["HumanoidRootPart"] = CFrame.new(0, 0, 0, 1, 0, 0, 0, 1, 0, 0, 0, 1),
            ["RightUpperLeg"] = CFrame.new(5.960464477539063e-08, -8.672941476106644e-08, -1.6952981241047382e-09, 0.9934165477752686, -0.11013885587453842, 0.03151371330022812, 0.1104816421866417, 0.8483646512031555, -0.5177561640739441, 0.030289899557828903, 0.517829179763794, 0.8549476265907288),
            ["LeftUpperArm"] = CFrame.new(0.10428857803344727, 0.021073102951049805, -0.0028656707145273685, 0.6536754965782166, 0.14688050746917725, 0.7423842549324036, -0.2647542953491211, 0.9633783102035522, 0.04251423850655556, -0.7089523673057556, -0.22433993220329285, 0.6686241030693054),
            ["RightLowerArm"] = CFrame.new(-8.940696716308594e-08, -1.7881393432617188e-07, 2.9802322387695312e-08, 0.9975073337554932, -0.0696018859744072, -0.01160767674446106, 0.06389395892620087, 0.9607345461845398, -0.2700124979019165, 0.029945258051156998, 0.2685977816581726, 0.962786853313446),
            ["LeftHand"] = CFrame.new(1.6391277313232422e-07, -2.980232238769531e-07, 4.470348358154297e-08, 1, 7.450582373280668e-09, -3.725290742551124e-09, 7.450580596923828e-09, 1, 2.980232594040899e-08, 2.60770320892334e-08, 1.4901164746561335e-08, 1),
            ["LeftFoot"] = CFrame.new(-8.381903171539307e-09, -1.7881393432617188e-07, 4.0046870708465576e-08, 0.9872471690177917, -0.15919333696365356, 0.0007833093404769897, 0.14235545694828033, 0.8806014060974121, -0.4519694745540619, 0.07126069813966751, 0.44631674885749817, 0.8920331597328186),
            ["LowerTorso"] = CFrame.new(0, -0.19226622581481934, 0, 0.9898521900177002, -0.0030744525138288736, -0.14206744730472565, -0.007928086444735527, 0.9970138669013977, -0.07681498676538467, 0.1418793648481369, 0.07716179639101028, 0.9868720769882202),
            ["RightLowerLeg"] = CFrame.new(-6.705522537231445e-08, 5.960464477539063e-08, 2.032174961641431e-08, 1, -1.490115231206346e-08, -2.607702853651972e-08, 2.9802318834981634e-08, 0.6268395781517029, 0.7791480422019958, 0, -0.7791483998298645, 0.6268399953842163),
            ["LeftUpperLeg"] = CFrame.new(-5.960464477539063e-08, -6.030313670635223e-08, 7.450580596923828e-09, 0.9438366889953613, 0.250712126493454, 0.21521107852458954, -0.1738145649433136, 0.9306772351264954, -0.32191380858421326, -0.2809995710849762, 0.26642724871635437, 0.9219846725463867),
            ["LeftLowerLeg"] = CFrame.new(2.9802322387695312e-08, -1.1920928955078125e-07, 1.4901161193847656e-08, 1, -2.2351738238057806e-08, -2.2351738238057806e-08, -3.725290298461914e-09, 0.6378843784332275, 0.7701322436332703, 0, -0.7701321840286255, 0.6378843188285828),
        }},
        {Time = 0.033, Data = {
            ["RightFoot"] = CFrame.new(-4.284083843231201e-08, 4.76837158203125e-07, -5.75528247281909e-09, 0.9956953525543213, 0.09267578274011612, -0.001465506386011839, -0.08919374644756317, 0.9537457823753357, -0.287077397108078, -0.025207433849573135, 0.2859724462032318, 0.9579063057899475),
            ["LeftLowerArm"] = CFrame.new(2.9802322387695312e-08, 1.1920928955078125e-07, 0, 1, -8.195637946073475e-08, 0, 1.4901162970204496e-08, 0.9596806764602661, -0.2810925245285034, 1.862645326866641e-08, 0.2810925245285034, 0.9596807360649109),
            ["RightUpperArm"] = CFrame.new(-0.19137221574783325, -0.09755206108093262, -0.012733645737171173, 0.5274912714958191, -0.3048247694969177, -0.7929911017417908, 0.408064603805542, 0.9095971584320068, -0.07820677757263184, 0.7451418042182922, -0.28233814239501953, 0.6041927337646484),
            ["Head"] = CFrame.new(-6.05359673500061e-09, 0, 2.3283064365386963e-09, 0.9985560774803162, 0.045835014432668686, 0.028016552329063416, -0.04026581346988678, 0.9838460087776184, -0.17442980408668518, -0.03555899113416672, 0.1730499267578125, 0.9842709898948669),
            ["RightHand"] = CFrame.new(2.682209014892578e-07, 1.7881393432617188e-07, 0, 0.99969881772995, 0.01991775631904602, 0.014336558058857918, -0.018847748637199402, 0.9972803592681885, -0.07125116884708405, -0.015716761350631714, 0.07095939666032791, 0.9973554611206055),
            ["UpperTorso"] = CFrame.new(9.313225746154785e-10, -5.960464477539063e-08, 1.3154931366443634e-08, 0.9984418153762817, -0.007748644333332777, -0.05526377260684967, 0.008910000324249268, 0.9997439980506897, 0.020799461752176285, 0.055088456720113754, -0.021259445697069168, 0.9982551336288452),
            ["HumanoidRootPart"] = CFrame.new(0, 0, 0, 1, 0, 0, 0, 1, 0, 0, 0, 1),
            ["RightUpperLeg"] = CFrame.new(1.1920928955078125e-07, -6.05359673500061e-09, -9.145878721028566e-09, 0.9948335886001587, -0.09183777868747711, 0.04326741769909859, 0.10040773451328278, 0.827191948890686, -0.5528756380081177, 0.014984449371695518, 0.5543637871742249, 0.8321396708488464),
            ["LeftUpperArm"] = CFrame.new(0.1041988730430603, -0.0042095184326171875, -0.010089531540870667, 0.5885487794876099, 0.38874730467796326, 0.7088625431060791, -0.46542540192604065, 0.8798554539680481, -0.0960918441414833, -0.6610519289970398, -0.27336788177490234, 0.6987705826759338),
            ["RightLowerArm"] = CFrame.new(0, -1.1920928955078125e-07, 0, 0.9975049495697021, -0.06937224417924881, -0.013096831738948822, 0.06455014646053314, 0.9713485836982727, -0.2287253439426422, 0.028588760644197464, 0.22730930149555206, 0.9734029173851013),
            ["LeftHand"] = CFrame.new(1.043081283569336e-07, 0, 0, 1, -1.4901161193847656e-08, 0, -3.725290298461914e-08, 1, 0, -2.9802322387695312e-08, 2.2351741790771484e-08, 1),
            ["LeftFoot"] = CFrame.new(4.563480615615845e-08, 5.960464477539063e-08, -2.3283064365386963e-10, 0.98521888256073, -0.17085784673690796, -0.012309928424656391, 0.14448097348213196, 0.8674256801605225, -0.47612789273262024, 0.09202813357114792, 0.467311829328537, 0.879289984703064),
            ["LowerTorso"] = CFrame.new(0.014580126851797104, -0.22379660606384277, 0.016274617984890938, 0.9893091320991516, -0.006642608437687159, -0.14568226039409637, -0.006227734964340925, 0.9961265325546265, -0.08771165460348129, 0.1457005888223648, 0.08768121898174286, 0.9854356050491333),
            ["RightLowerLeg"] = CFrame.new(5.960464477539063e-08, -5.960464477539063e-08, 5.012407200410962e-08, 1, -3.7252894102834944e-09, -1.8626447051417472e-09, 0, 0.5664457082748413, 0.8240991234779358, 2.2351741790771484e-08, -0.8240991234779358, 0.5664456486701965),
            ["LeftUpperLeg"] = CFrame.new(0, -1.6996636986732483e-07, -1.4901161193847656e-08, 0.9366255402565002, 0.28006091713905334, 0.21047216653823853, -0.1914977878332138, 0.9123630523681641, -0.3618316948413849, -0.29336193203926086, 0.2985958755016327, 0.908173680305481),
            ["LeftLowerLeg"] = CFrame.new(8.940696716308594e-08, 0, -3.725290298461914e-09, 1, -2.2351738238057806e-08, 1.4901159417490817e-08, -7.450580596923828e-09, 0.574614405632019, 0.8184242248535156, 7.450580596923828e-09, -0.8184242844581604, 0.574614405632019),
        }},
        {Time = 0.067, Data = {
            ["RightFoot"] = CFrame.new(2.7939677238464355e-08, 3.5762786865234375e-07, 9.145878721028566e-09, 0.9962835311889648, 0.08520492911338806, -0.012616601772606373, -0.08512512594461441, 0.9516425728797913, -0.29517826437950134, -0.013144123367965221, 0.2951553165912628, 0.9553589224815369),
            ["LeftLowerArm"] = CFrame.new(-4.172325134277344e-07, 2.384185791015625e-07, 4.470348358154297e-08, 1, -7.450580596923828e-09, 7.450580596923828e-08, 9.499490261077881e-08, 0.959675133228302, -0.28111153841018677, 2.9802322387695312e-08, 0.2811115086078644, 0.959675133228302),
            ["RightUpperArm"] = CFrame.new(-0.16066724061965942, -0.18275022506713867, -0.034174997359514236, 0.47132569551467896, -0.5467762351036072, -0.6920172572135925, 0.5337016582489014, 0.8014891147613525, -0.26977354288101196, 0.7021501064300537, -0.24217961728572845, 0.6695777177810669),
            ["Head"] = CFrame.new(-4.6566128730773926e-09, -3.5762786865234375e-07, -8.265487849712372e-09, 0.9988494515419006, 0.04389498010277748, 0.019318334758281708, -0.03921551629900932, 0.9794454574584961, -0.19786052405834198, -0.027606312185525894, 0.19687537848949432, 0.9800398945808411),
            ["RightHand"] = CFrame.new(5.960464477539063e-08, -1.1920928955078125e-07, 5.960464477539063e-08, 0.9996987581253052, 0.019918784499168396, 0.014337271451950073, -0.01884870044887066, 0.9972800612449646, -0.07125481963157654, -0.015717608854174614, 0.07096308469772339, 0.9973551034927368),
            ["UpperTorso"] = CFrame.new(4.656612873077393e-10, -1.1920928955078125e-07, 2.0954757928848267e-09, 0.9987359046936035, -0.0019206693395972252, -0.05022828280925751, 0.006073393858969212, 0.996559739112854, 0.08265561610460281, 0.04989675059914589, -0.0828562006354332, 0.9953115582466125),
            ["HumanoidRootPart"] = CFrame.new(0, 0, 0, 1, 0, 0, 0, 1, 0, 0, 0, 1),
            ["RightUpperLeg"] = CFrame.new(-5.960464477539063e-08, 0, -2.4047039914876223e-08, 0.9961927533149719, -0.06812579929828644, 0.05439712852239609, 0.08692498505115509, 0.8238013982772827, -0.560174286365509, -0.006650068797171116, 0.5627700686454773, 0.8265867829322815),
            ["LeftUpperArm"] = CFrame.new(0.10357064008712769, -0.06547141075134277, -0.02746519073843956, 0.532471239566803, 0.5948199033737183, 0.6022157073020935, -0.5738384127616882, 0.7766808867454529, -0.2597620487213135, -0.6222410202026367, -0.2072586566209793, 0.7548906207084656),
            ["RightLowerArm"] = CFrame.new(-8.940696716308594e-08, -1.1920928955078125e-07, 2.086162567138672e-07, 0.9975075721740723, -0.06864410638809204, -0.016334252431988716, 0.06578809022903442, 0.9884650111198425, -0.13641482591629028, 0.025509938597679138, 0.13500018417835236, 0.9905171990394592),
            ["LeftHand"] = CFrame.new(2.123415470123291e-07, -2.384185791015625e-07, 1.4528632164001465e-07, 1, -7.450581485102248e-09, -4.470347647611561e-08, 0, 1, 7.450579886381092e-08, -4.470348358154297e-08, 4.4703490686970326e-08, 1),
            ["LeftFoot"] = CFrame.new(2.8870999813079834e-08, 0, 9.313225746154785e-09, 0.9829773902893066, -0.18211521208286285, -0.02428274415433407, 0.14680272340774536, 0.8580067157745361, -0.49221271276474, 0.11047424376010895, 0.48026931285858154, 0.8701362609863281),
            ["LowerTorso"] = CFrame.new(0.028502922505140305, -0.24675393104553223, 0.030589411035180092, 0.9879546165466309, -0.015954863280057907, -0.15391935408115387, -0.0020784062799066305, 0.9932126402854919, -0.11629429459571838, 0.15473009645938873, 0.11521338671445847, 0.9812158346176147),
            ["RightLowerLeg"] = CFrame.new(1.4901161193847656e-08, 0, -2.0656443666666746e-08, 1, 1.1175868230850483e-08, 2.4214383387288763e-08, -7.450580596923828e-09, 0.527687132358551, 0.8494389057159424, 1.4901161193847656e-08, -0.8494389057159424, 0.5276870131492615),
            ["LeftUpperLeg"] = CFrame.new(-5.960464477539063e-08, -2.0256265997886658e-07, 7.450580596923828e-09, 0.9272478818893433, 0.3097308278083801, 0.2104238122701645, -0.2171386480331421, 0.9025923609733582, -0.3717227578163147, -0.3050609529018402, 0.29898807406425476, 0.9041813611984253),
            ["LeftLowerLeg"] = CFrame.new(5.21540641784668e-08, 0, 3.725290298461914e-09, 1, 0, 0, -7.4505797087454084e-09, 0.5282830595970154, 0.8490683436393738, -7.4505797087454084e-09, -0.8490683436393738, 0.5282830595970154),
        }},
        {Time = 0.100, Data = {
            ["RightFoot"] = CFrame.new(-2.7939677238464355e-08, 3.5762786865234375e-07, 9.145878721028566e-09, 0.9966737031936646, 0.07816077768802643, -0.023078620433807373, -0.08148865401744843, 0.9517935514450073, -0.29571688175201416, -0.0011474279453977942, 0.29661431908607483, 0.9549968242645264),
            ["LeftLowerArm"] = CFrame.new(5.960464477539062e-07, 1.1920928955078125e-07, -1.1362135410308838e-07, 1, -1.043081283569336e-07, 9.19681042432785e-09, -1.4901161193847656e-08, 0.9596699476242065, -0.2811295986175537, 2.9802322387695312e-08, 0.28112947940826416, 0.9596698880195618),
            ["RightUpperArm"] = CFrame.new(-0.12076008319854736, -0.2679342031478882, -0.06728270649909973, 0.3685239553451538, -0.7787734866142273, -0.5076437592506409, 0.6209798455238342, 0.6125993132591248, -0.48898497223854065, 0.6917906403541565, -0.13503387570381165, 0.7093600630760193),
            ["Head"] = CFrame.new(3.725290298461914e-09, 2.384185791015625e-07, 4.6566128730773926e-09, 0.999132513999939, 0.040639642626047134, 0.009093803353607655, -0.037862520664930344, 0.9773979187011719, -0.2079901248216629, -0.017340930178761482, 0.20746546983718872, 0.9780886769294739),
            ["RightHand"] = CFrame.new(5.960464477539063e-08, 0, -2.384185791015625e-07, 0.9996987581253052, 0.019919829443097115, 0.014338001608848572, -0.0188495684415102, 0.9972798228263855, -0.07125848531723022, -0.015718506649136543, 0.07096680253744125, 0.9973548650741577),
            ["UpperTorso"] = CFrame.new(3.725290298461914e-09, -5.960464477539063e-08, -4.190951585769653e-09, 0.9989789724349976, 0.0040868730284273624, -0.04499460756778717, 0.0024923428427428007, 0.9893988370895386, 0.14520278573036194, 0.045111022889614105, -0.14516668021678925, 0.9883782863616943),
            ["HumanoidRootPart"] = CFrame.new(0, 0, 0, 1, 0, 0, 0, 1, 0, 0, 0, 1),
            ["RightUpperLeg"] = CFrame.new(-2.9802322387695312e-08, 0, 5.75528247281909e-09, 0.9970252513885498, -0.043189164251089096, 0.06383957713842392, 0.07119046896696091, 0.8334643244743347, -0.5479683876037598, -0.029541686177253723, 0.5508829951286316, 0.8340595364570618),
            ["LeftUpperArm"] = CFrame.new(0.10186588764190674, -0.1408405303955078, -0.04855850338935852, 0.5022052526473999, 0.7678568959236145, 0.39772555232048035, -0.6307898163795471, 0.6398967504501343, -0.4389038681983948, -0.5915185809135437, -0.030461428686976433, 0.805715799331665),
            ["RightLowerArm"] = CFrame.new(-1.1920928955078125e-07, 1.7881393432617188e-07, 0, 0.9975210428237915, -0.06761856377124786, -0.019482433795928955, 0.06673038750886917, 0.9968392848968506, -0.04310967028141022, 0.02233588881790638, 0.0417027473449707, 0.9988803863525391),
            ["LeftHand"] = CFrame.new(-2.9802322387695312e-08, 0, 0, 1, -1.4901162970204496e-08, -3.911554458113642e-08, 0, 1, 2.96859035131547e-08, 1.9615983504195356e-08, -2.2700991308965968e-08, 1),
            ["LeftFoot"] = CFrame.new(2.0489096641540527e-08, -5.960464477539063e-08, 2.60770320892334e-08, 0.9806973338127136, -0.1924709677696228, -0.03446493297815323, 0.14949846267700195, 0.8516810536384583, -0.5022846460342407, 0.12602825462818146, 0.4874365031719208, 0.8640152215957642),
            ["LowerTorso"] = CFrame.new(0.041405417025089264, -0.26241910457611084, 0.04254556819796562, 0.9861707091331482, -0.02892477437853813, -0.16318894922733307, 0.0030657497700303793, 0.9876677393913269, -0.1565345823764801, 0.1657041758298874, 0.15386950969696045, 0.9740977883338928),
            ["RightLowerLeg"] = CFrame.new(-3.3527612686157227e-08, -2.384185791015625e-07, -3.55576048605144e-08, 1, -1.8626440834168534e-08, -3.352760558072987e-08, -3.7252898543727042e-09, 0.5051735043525696, 0.8630176186561584, -3.7252898543727042e-09, -0.8630178570747375, 0.505173921585083),
            ["LeftUpperLeg"] = CFrame.new(0, 2.2910535335540771e-07, 3.725290298461914e-09, 0.9171425104141235, 0.33718380331993103, 0.21250107884407043, -0.24726271629333496, 0.8995301127433777, -0.360148161649704, -0.3125872015953064, 0.27776360511779785, 0.908370316028595),
            ["LeftLowerLeg"] = CFrame.new(1.043081283569336e-07, -5.960464477539063e-08, 1.862645149230957e-08, 1, 7.450580596923828e-09, 2.2351741790771484e-08, -2.2351741790771484e-08, 0.4965324103832245, 0.8680182099342346, -3.725290298461914e-08, -0.8680182695388794, 0.4965324103832245),
        }},
        {Time = 0.133, Data = {
            ["RightFoot"] = CFrame.new(3.3527612686157227e-08, 4.172325134277344e-07, -5.75528247281909e-09, 0.996892511844635, 0.07173571735620499, -0.03254950791597366, -0.07813282310962677, 0.9530577659606934, -0.29253363609313965, 0.0100364089012146, 0.2941683530807495, 0.9557011723518372),
            ["LeftLowerArm"] = CFrame.new(2.384185791015625e-07, 1.1920928955078125e-07, 0, 1, -1.4901159417490817e-08, 0, 2.980232594040899e-08, 0.9596645832061768, -0.28114748001098633, -3.3527616238870905e-08, 0.28114748001098633, 0.9596645832061768),
            ["RightUpperArm"] = CFrame.new(-0.08086776733398438, -0.3066544532775879, -0.10991155356168747, 0.2992085814476013, -0.8992685079574585, -0.3190460801124573, 0.5836287140846252, 0.4370024800300598, -0.6844021677970886, 0.7548853158950806, 0.01857452094554901, 0.6555938720703125),
            ["Head"] = CFrame.new(-4.423782229423523e-09, 3.5762786865234375e-07, 1.4901161193847656e-08, 0.9993329644203186, 0.03651107847690582, 0.0007858566241338849, -0.03553757816553116, 0.9771939516067505, -0.20935429632663727, -0.008411702699959278, 0.20918682217597961, 0.9778395891189575),
            ["RightHand"] = CFrame.new(-2.9802322387695312e-08, -5.960464477539063e-08, -3.5762786865234375e-07, 0.9996987581253052, 0.019920874387025833, 0.014338644221425056, -0.018850579857826233, 0.9972795248031616, -0.07126214355230331, -0.015719369053840637, 0.07097038626670837, 0.9973545670509338),
            ["UpperTorso"] = CFrame.new(-7.450580596923828e-09, 2.9802322387695312e-08, -2.468004822731018e-08, 0.9990406632423401, 0.00898027140647173, -0.042863886803388596, -0.00004942744999425486, 0.9789811372756958, 0.2039509415626526, 0.04379448667168617, -0.20375314354896545, 0.9780423045158386),
            ["HumanoidRootPart"] = CFrame.new(0, 0, 0, 1, 0, 0, 0, 1, 0, 0, 0, 1),
            ["RightUpperLeg"] = CFrame.new(5.960464477539063e-08, 3.725290298461914e-08, -6.875052349641919e-08, 0.997283399105072, -0.020798780024051666, 0.07066254317760468, 0.054737549275159836, 0.8511942028999329, -0.5219886302947998, -0.04929080978035927, 0.5244385004043579, 0.8500204086303711),
            ["LeftUpperArm"] = CFrame.new(0.0985456109046936, -0.20845043659210205, -0.06693612784147263, 0.5024265646934509, 0.8604930639266968, 0.0843753069639206, -0.658991277217865, 0.44428378343582153, -0.6069121956825256, -0.5597303509712219, 0.24932622909545898, 0.7902774810791016),
            ["RightLowerArm"] = CFrame.new(2.384185791015625e-07, -1.1920928955078125e-07, 5.960464477539063e-08, 0.9975306987762451, -0.06705844402313232, -0.02087310142815113, 0.06705844402313232, 0.9977489113807678, -0.0007006750092841685, 0.020873069763183594, -0.0007007569656707346, 0.9997819662094116),
            ["LeftHand"] = CFrame.new(-2.9802322387695312e-08, 1.1920928955078125e-07, -2.384185791015625e-07, 1, -2.980232594040899e-08, -5.960464477539063e-08, 1.4901161193847656e-08, 1, 1.4901161193847656e-08, 0, 1.4901162970204496e-08, 1),
            ["LeftFoot"] = CFrame.new(5.587935447692871e-09, 0, 1.1175870895385742e-08, 0.9785791039466858, -0.2014770209789276, -0.042311038821935654, 0.15272533893585205, 0.8482748866081238, -0.5070551633834839, 0.1380510777235031, 0.4897313714027405, 0.8608744144439697),
            ["LowerTorso"] = CFrame.new(0.05316440388560295, -0.27155816555023193, 0.05172211676836014, 0.9844859838485718, -0.04319065436720848, -0.1700650155544281, 0.008013967424631119, 0.9792880415916443, -0.20231351256370544, 0.17528069019317627, 0.19781190156936646, 0.9644413590431213),
            ["RightLowerLeg"] = CFrame.new(-6.705522537231445e-08, 0, -1.6931153368204832e-08, 1, 0, 1.3038517820973539e-08, -1.1175870895385742e-08, 0.49489495158195496, 0.8689526319503784, -1.1175870895385742e-08, -0.8689528107643127, 0.4948953688144684),
            ["LeftUpperLeg"] = CFrame.new(-5.960464477539063e-08, 2.7939677238464355e-08, -1.1175870895385742e-08, 0.9080812335014343, 0.3596709370613098, 0.21453545987606049, -0.27789661288261414, 0.9007406234741211, -0.3338262140750885, -0.3133084177970886, 0.24352262914180756, 0.9178969264030457),
            ["LeftLowerLeg"] = CFrame.new(9.685754776000977e-08, 0, -3.3527612686157227e-08, 1, -1.4901159417490817e-08, 2.2351738238057806e-08, -7.450581485102248e-09, 0.47810861468315125, 0.8783008456230164, 0, -0.8783007264137268, 0.47810834646224976),
        }},
        {Time = 0.167, Data = {
            ["RightFoot"] = CFrame.new(-5.587935447692871e-09, 4.172325134277344e-07, -2.0656443666666746e-08, 0.9969807863235474, 0.06597941368818283, -0.04094161093235016, -0.07501956075429916, 0.9545121192932129, -0.2885803282260895, 0.020038874819874763, 0.2907807528972626, 0.9565800428390503),
            ["LeftLowerArm"] = CFrame.new(-2.980232238769531e-07, 0, 2.980232238769531e-07, 1, -5.587935447692871e-08, 7.450580596923828e-09, 2.9802322387695312e-08, 0.9529308676719666, -0.3031877279281616, -4.470348358154297e-08, 0.303187757730484, 0.9529308676719666),
            ["RightUpperArm"] = CFrame.new(-0.04867136478424072, -0.292661190032959, -0.1594616323709488, 0.33576804399490356, -0.9206042885780334, -0.19936832785606384, 0.4146307408809662, 0.3344992399215698, -0.8462810516357422, 0.8457784652709961, 0.2014898806810379, 0.49402496218681335),
            ["Head"] = CFrame.new(5.238689482212067e-09, 2.384185791015625e-07, 4.6566128730773926e-09, 0.9994934797286987, 0.031753893941640854, -0.002109671011567116, -0.03151082620024681, 0.9782081842422485, -0.20522138476371765, -0.0044528888538479805, 0.2051839977502823, 0.9787133932113647),
            ["RightHand"] = CFrame.new(-5.960464477539063e-08, 2.384185791015625e-07, 1.4901161193847656e-07, 0.9996987581253052, 0.01992191933095455, 0.014339422807097435, -0.018851492553949356, 0.9972792863845825, -0.07126574963331223, -0.01572011038661003, 0.0709739550948143, 0.9973543286323547),
            ["UpperTorso"] = CFrame.new(-9.313225746154785e-09, 2.086162567138672e-07, -3.864988684654236e-08, 0.9988079071044922, 0.012006094679236412, -0.047316331416368484, 0.00037883888580836356, 0.9673478007316589, 0.2534528076648712, 0.048814333975315094, -0.2531685531139374, 0.9661898612976074),
            ["HumanoidRootPart"] = CFrame.new(0, 0, 0, 1, 0, 0, 0, 1, 0, 0, 0, 1),
            ["RightUpperLeg"] = CFrame.new(-1.1920928955078125e-07, 2.253800630569458e-07, -2.4047039914876223e-08, 0.9972776770591736, -0.004293623846024275, 0.07361277937889099, 0.039689287543296814, 0.8726125359535217, -0.48679783940315247, -0.06214530020952225, 0.48839429020881653, 0.8704074025154114),
            ["LeftUpperArm"] = CFrame.new(0.06960761547088623, -0.25195348262786865, -0.08074383437633514, 0.5302295088768005, 0.7981112599372864, -0.2861386239528656, -0.6738235354423523, 0.19183464348316193, -0.7135553359985352, -0.5146052241325378, 0.5711550712585449, 0.6395024657249451),
            ["RightLowerArm"] = CFrame.new(1.1920928955078125e-07, -1.1920928955078125e-07, -1.1920928955078125e-07, 0.9975711107254028, -0.06895159184932709, -0.009880191646516323, 0.0648374930024147, 0.9710146188735962, -0.23005810379981995, 0.025456612929701805, 0.22885870933532715, 0.9731267690658569),
            ["LeftHand"] = CFrame.new(-8.940696716308594e-08, -1.7881393432617188e-07, 2.682209014892578e-07, 1, -2.7939680791178034e-08, 7.450581485102248e-09, 2.7939677238464355e-08, 1, 1.862645371275562e-09, -2.2351741790771484e-08, 3.725290653733282e-08, 1),
            ["LeftFoot"] = CFrame.new(4.6566128730773926e-09, 0, -7.450580596923828e-09, 0.9768495559692383, -0.20863358676433563, -0.04729719087481499, 0.15655261278152466, 0.8478468060493469, -0.5066033601760864, 0.14579522609710693, 0.48747098445892334, 0.860880970954895),
            ["LowerTorso"] = CFrame.new(0.063693568110466, -0.2745692729949951, 0.057650916278362274, 0.9835918545722961, -0.05601392313838005, -0.1714920699596405, 0.012008990161120892, 0.9687985777854919, -0.24755820631980896, 0.18000797927379608, 0.24143677949905396, 0.953575074672699),
            ["RightLowerLeg"] = CFrame.new(1.862645149230957e-08, 0, -6.908521754667163e-08, 1, -1.6763801014008095e-08, 9.313224857976365e-09, 0, 0.4940803349018097, 0.8694162964820862, -3.725290298461914e-09, -0.869416356086731, 0.4940803349018097),
            ["LeftUpperLeg"] = CFrame.new(2.9802322387695312e-08, 7.776543498039246e-08, 2.7939677238464355e-08, 0.9020983576774597, 0.37462976574897766, 0.21417555212974548, -0.30463558435440063, 0.9043837189674377, -0.29880988597869873, -0.30563995242118835, 0.2043103724718094, 0.9299686551094055),
            ["LeftLowerLeg"] = CFrame.new(8.940696716308594e-08, -1.7881393432617188e-07, 1.043081283569336e-07, 1, 0, -3.725289943190546e-08, 7.450580596923828e-09, 0.4722532033920288, 0.8814629316329956, -1.4901161193847656e-08, -0.8814629912376404, 0.47225335240364075),
        }},
        {Time = 0.200, Data = {
            ["RightFoot"] = CFrame.new(3.3527612686157227e-08, 3.5762786865234375e-07, -5.75528247281909e-09, 0.996977686882019, 0.060863420367240906, -0.04828295111656189, -0.0720662847161293, 0.9566603899002075, -0.2821476459503174, 0.02901788242161274, 0.28477486968040466, 0.9581553339958191),
            ["LeftLowerArm"] = CFrame.new(2.384185791015625e-07, -5.960464477539063e-08, -1.7881393432617188e-07, 1, -3.725290298461914e-08, 7.450580596923828e-09, 1.1175870895385742e-08, 0.9319086074829102, -0.36269325017929077, 1.1175870895385742e-08, 0.36269327998161316, 0.9319086074829102),
            ["RightUpperArm"] = CFrame.new(-0.025694310665130615, -0.2618783712387085, -0.21152694523334503, 0.4383927881717682, -0.8878815174102783, -0.13956476747989655, 0.18825340270996094, 0.24254672229290009, -0.951699435710907, 0.8788472414016724, 0.3909445106983185, 0.2734775245189667),
            ["Head"] = CFrame.new(-7.450580596923828e-09, -2.384185791015625e-07, 6.05359673500061e-09, 0.9996374249458313, 0.026634756475687027, 0.0039706178940832615, -0.025317367166280746, 0.9797807931900024, -0.1984657645225525, -0.009176443330943584, 0.19829334318637848, 0.9800998568534851),
            ["RightHand"] = CFrame.new(-2.9802322387695312e-08, 1.1920928955078125e-07, 3.3155083656311035e-07, 0.9996986389160156, 0.019922969862818718, 0.014340072870254517, -0.01885240338742733, 0.9972789287567139, -0.07126937061548233, -0.01572096161544323, 0.07097740471363068, 0.9973540902137756),
            ["UpperTorso"] = CFrame.new(-3.725290298461914e-09, -5.960464477539063e-08, -2.7939677238464355e-09, 0.9982701539993286, 0.012833727523684502, -0.05737688019871712, 0.0043221102096140385, 0.9572271704673767, 0.289305180311203, 0.058635562658309937, -0.28905272483825684, 0.9555158019065857),
            ["HumanoidRootPart"] = CFrame.new(0, 0, 0, 1, 0, 0, 0, 1, 0, 0, 0, 1),
            ["RightUpperLeg"] = CFrame.new(5.960464477539063e-08, -1.9744038581848145e-07, -2.4047039914876223e-08, 0.9972339272499084, 0.006576864048838615, 0.07403670251369476, 0.027015306055545807, 0.8958842754364014, -0.44346532225608826, -0.06924492120742798, 0.4442387819290161, 0.8932284712791443),
            ["LeftUpperArm"] = CFrame.new(0.011547267436981201, -0.2742924690246582, -0.10645367205142975, 0.574265718460083, 0.5685914754867554, -0.5890014171600342, -0.6898624897003174, -0.05129489675164223, -0.7221209406852722, -0.4408046305179596, 0.8210192918777466, 0.3627930283546448),
            ["RightLowerArm"] = CFrame.new(-1.1920928955078125e-07, 0, 1.043081283569336e-07, 0.9977977871894836, -0.06560703366994858, 0.009771309792995453, 0.05962057784199715, 0.8225101828575134, -0.56561678647995, 0.029071439057588577, 0.5649537444114685, 0.8246102929115295),
            ["LeftHand"] = CFrame.new(2.086162567138672e-07, -5.960464477539063e-08, -3.8743019104003906e-07, 1, 5.2154071283894154e-08, -1.1175870895385742e-08, 3.725290298461914e-08, 1, 2.2351741790771484e-08, 2.2351741790771484e-08, 3.725290653733282e-08, 1),
            ["LeftFoot"] = CFrame.new(-4.284083843231201e-08, -5.960464477539063e-08, -4.0978193283081055e-08, 0.975660502910614, -0.2136862576007843, -0.04924338310956955, 0.16118936240673065, 0.8511068820953369, -0.4996347427368164, 0.1486765444278717, 0.47953659296035767, 0.8648354411125183),
            ["LowerTorso"] = CFrame.new(0.07290902733802795, -0.26918697357177734, 0.05978870391845703, 0.9834027290344238, -0.06608491390943527, -0.16897279024124146, 0.014958431012928486, 0.957668125629425, -0.28748565912246704, 0.1808183193206787, 0.28018662333488464, 0.942762017250061),
            ["RightLowerLeg"] = CFrame.new(4.470348358154297e-08, 1.1920928955078125e-07, 5.3849362302571535e-08, 1, -1.1175867342672063e-08, -5.587936335871291e-09, 3.725290742551124e-09, 0.5068061351776123, 0.8620600700378418, -3.725290742551124e-09, -0.8620601296424866, 0.5068061947822571),
            ["LeftUpperLeg"] = CFrame.new(0, -2.514570951461792e-07, 1.6763806343078613e-08, 0.8992893099784851, 0.38139408826828003, 0.2140495479106903, -0.3250262141227722, 0.9102823138237, -0.25640633702278137, -0.29263734817504883, 0.16101181507110596, 0.9425702691078186),
            ["LeftLowerLeg"] = CFrame.new(-7.450580596923828e-09, -1.1920928955078125e-07, -2.60770320892334e-08, 1, -7.450578820566989e-09, 1.4901162970204496e-08, -7.450581485102248e-09, 0.483320951461792, 0.8754432797431946, -7.450581485102248e-09, -0.875443160533905, 0.4833209216594696),
        }},
        {Time = 0.233, Data = {
            ["RightFoot"] = CFrame.new(5.587935447692871e-09, 3.5762786865234375e-07, 9.145878721028566e-09, 0.996919572353363, 0.056489016860723495, -0.05441008880734444, -0.06919805705547333, 0.9600498676300049, -0.27113789319992065, 0.03691992536187172, 0.27406829595565796, 0.9610015153884888),
            ["LeftLowerArm"] = CFrame.new(-4.470348358154297e-07, -1.1920928955078125e-07, -1.7881393432617188e-07, 1, -2.980232594040899e-08, -2.2351741790771484e-08, 3.166496753692627e-08, 0.8936261534690857, -0.448812335729599, -9.313225746154785e-09, 0.4488123655319214, 0.8936260342597961),
            ["RightUpperArm"] = CFrame.new(-0.011919081211090088, -0.23109447956085205, -0.2612559199333191, 0.539823591709137, -0.8328410387039185, -0.12233656644821167, -0.019289715215563774, 0.1330539435148239, -0.9909210801124573, 0.8415570855140686, 0.5372825264930725, 0.05576035752892494),
            ["Head"] = CFrame.new(-9.313225746154785e-09, 0, -3.725290298461914e-09, 0.9994634985923767, 0.02153616026043892, 0.024676047265529633, -0.016374649479985237, 0.9810623526573181, -0.1929989457130432, -0.02836517244577408, 0.19249142706394196, 0.9808886647224426),
            ["RightHand"] = CFrame.new(0, -1.7881393432617188e-07, 0, 0.9996986985206604, 0.019923962652683258, 0.014340752735733986, -0.018853334710001945, 0.9972787499427795, -0.07127293199300766, -0.015721751376986504, 0.0709809884428978, 0.9973538517951965),
            ["UpperTorso"] = CFrame.new(-1.4901161193847656e-08, -8.940696716308594e-08, 3.91155481338501e-08, 0.9975192546844482, 0.011256163008511066, -0.06948959082365036, 0.010882380418479443, 0.9506093263626099, 0.310199111700058, 0.0695490837097168, -0.3101857006549835, 0.9481285810470581),
            ["HumanoidRootPart"] = CFrame.new(0, 0, 0, 1, 0, 0, 0, 1, 0, 0, 0, 1),
            ["RightUpperLeg"] = CFrame.new(-5.960464477539063e-08, 3.725290298461914e-09, 2.8107024263590574e-08, 0.9971198439598083, 0.014055059291422367, 0.07452830672264099, 0.016263306140899658, 0.9201943278312683, -0.3911241292953491, -0.07407774031162262, 0.39120957255363464, 0.9173154234886169),
            ["LeftUpperArm"] = CFrame.new(-0.04543626308441162, -0.2825225591659546, -0.1651189625263214, 0.6162477731704712, 0.2685837149620056, -0.7403388023376465, -0.7154733538627625, -0.20195141434669495, -0.6688150763511658, -0.3291453719139099, 0.9418483972549438, 0.06771238893270493),
            ["RightLowerArm"] = CFrame.new(0, -1.1920928955078125e-07, 1.587904989719391e-07, 0.9982592463493347, -0.05274689942598343, 0.02638920769095421, 0.05119898542761803, 0.5528685450553894, -0.8316941857337952, 0.029279544949531555, 0.8315974473953247, 0.5546066761016846),
            ["LeftHand"] = CFrame.new(1.7881393432617188e-07, -1.7881393432617188e-07, 0, 1, -2.9802322387695312e-08, -5.960463766996327e-08, 5.960464477539063e-08, 1, 4.470347647611561e-08, 5.960464477539063e-08, -2.9802322387695312e-08, 1),
            ["LeftFoot"] = CFrame.new(9.872019290924072e-08, 5.960464477539063e-08, -3.725290298461914e-09, 0.9749704003334045, -0.21695183217525482, -0.04862905293703079, 0.16660742461681366, 0.8577369451522827, -0.48634302616119385, 0.14722391963005066, 0.466067910194397, 0.872413694858551),
            ["LowerTorso"] = CFrame.new(0.08071838319301605, -0.2545664310455322, 0.057481613010168076, 0.9833257794380188, -0.07420434802770615, -0.16602440178394318, 0.017154444009065628, 0.9467400312423706, -0.321541965007782, 0.18104171752929688, 0.3133324384689331, 0.932226836681366),
            ["RightLowerLeg"] = CFrame.new(5.21540641784668e-08, -1.1920928955078125e-07, -5.418405635282397e-08, 1, -3.7252889661942845e-09, -1.4901162970204496e-08, -3.725290298461914e-09, 0.5355736613273621, 0.844488263130188, 7.450580596923828e-09, -0.8444886207580566, 0.5355742573738098),
            ["LeftUpperLeg"] = CFrame.new(2.9802322387695312e-08, 4.6566128730773926e-09, -1.862645149230957e-08, 0.8982011675834656, 0.3815356492996216, 0.21832387149333954, -0.3400445580482483, 0.9178036451339722, -0.20495402812957764, -0.2785755693912506, 0.10985012352466583, 0.9541114568710327),
            ["LeftLowerLeg"] = CFrame.new(1.043081283569336e-07, -5.960464477539063e-08, -7.450580596923828e-09, 1, -3.725290298461914e-08, -3.725290298461914e-08, -4.470348358154297e-08, 0.5131010413169861, 0.8583282232284546, -2.9802322387695312e-08, -0.8583282232284546, 0.5131010413169861),
        }},
        {Time = 0.267, Data = {
            ["RightFoot"] = CFrame.new(7.35744833946228e-08, 4.172325134277344e-07, 2.4047039914876223e-08, 0.9968450665473938, 0.05302407220005989, -0.05906262621283531, -0.06651915609836578, 0.9640675783157349, -0.2571942210197449, 0.043302878737449646, 0.260312020778656, 0.96455317735672),
            ["LeftLowerArm"] = CFrame.new(-3.2782554626464844e-07, -5.960464477539063e-08, -8.940696716308594e-08, 1, -4.6566128730773926e-08, 2.980232594040899e-08, 4.470347647611561e-08, 0.8357223272323608, -0.5491524338722229, -1.5832481992106295e-08, 0.5491523742675781, 0.8357223272323608),
            ["RightUpperArm"] = CFrame.new(-0.007330834865570068, -0.2171018123626709, -0.30379602313041687, 0.5952162146568298, -0.7981733083724976, -0.09293683618307114, -0.13431426882743835, 0.015207096002995968, -0.9908221364021301, 0.7922608852386475, 0.6022360920906067, -0.09815453737974167),
            ["Head"] = CFrame.new(3.725290298461914e-09, -1.1920928955078125e-07, 9.778887033462524e-09, 0.9980582594871521, 0.018282877281308174, 0.05954562500119209, -0.006928103975951672, 0.9826056361198425, -0.18557530641555786, -0.061902694404125214, 0.18480253219604492, 0.9808242321014404),
            ["RightHand"] = CFrame.new(5.960464477539063e-08, 1.7881393432617188e-07, 3.725290298461914e-07, 0.9996985793113708, 0.019924966618418694, 0.014341384172439575, -0.018854225054383278, 0.9972783923149109, -0.07127637416124344, -0.015722544863820076, 0.07098443061113358, 0.9973535537719727),
            ["UpperTorso"] = CFrame.new(-7.450580596923828e-09, 1.7881393432617188e-07, 6.891787052154541e-08, 0.9965068697929382, 0.006740372162312269, -0.08323891460895538, 0.019866928458213806, 0.9489881992340088, 0.31468522548675537, 0.08111383765935898, -0.31523969769477844, 0.9455392956733704),
            ["HumanoidRootPart"] = CFrame.new(0, 0, 0, 1, 0, 0, 0, 1, 0, 0, 0, 1),
            ["RightUpperLeg"] = CFrame.new(0, 1.9744038581848145e-07, -3.894820110872388e-08, 0.9970106482505798, 0.01814373955130577, 0.07510458678007126, 0.007755201309919357, 0.9436298608779907, -0.3309118449687958, -0.07687494903802872, 0.33050498366355896, 0.9406682252883911),
            ["LeftUpperArm"] = CFrame.new(-0.07114362716674805, -0.2836984395980835, -0.2777990400791168, 0.6426315903663635, 0.00167056021746248, -0.7661736011505127, -0.746376633644104, -0.22449785470962524, -0.6265162825584412, -0.1730509251356125, 0.9744731187820435, -0.14302264153957367),
            ["RightLowerArm"] = CFrame.new(5.960464477539063e-08, -5.960464477539063e-08, 4.731118679046631e-07, 0.9988493323326111, -0.03756166622042656, 0.029822099953889847, 0.04012995585799217, 0.31403231620788574, -0.9485638737678528, 0.026264529675245285, 0.9486690163612366, 0.3151782751083374),
            ["LeftHand"] = CFrame.new(7.450580596923828e-09, 0, 1.7881393432617188e-07, 1, 4.0978196835794733e-08, 1.862645149230957e-08, 4.563480615615845e-08, 1, 0, 3.725290298461914e-09, -4.4703490686970326e-08, 1),
            ["LeftFoot"] = CFrame.new(-1.30385160446167e-08, 5.960464477539063e-08, 1.4901161193847656e-08, 0.9751887917518616, -0.2185780555009842, -0.03508126735687256, 0.1771300733089447, 0.8654760718345642, -0.4685896635055542, 0.13278524577617645, 0.4507492482662201, 0.8827191591262817),
            ["LowerTorso"] = CFrame.new(0.08701519668102264, -0.23299694061279297, 0.049914948642253876, 0.9833478331565857, -0.08057588338851929, -0.16289448738098145, 0.018730051815509796, 0.9364982843399048, -0.3501715660095215, 0.1807657927274704, 0.3412894308567047, 0.9224127531051636),
            ["RightLowerLeg"] = CFrame.new(1.0803341865539551e-07, 5.960464477539063e-08, 5.420588422566652e-09, 1, 3.725288078015865e-09, -6.519258910486769e-09, 3.725290298461914e-09, 0.5762684941291809, 0.8172603249549866, 7.450580596923828e-09, -0.8172604441642761, 0.5762687921524048),
            ["LeftUpperLeg"] = CFrame.new(-1.1920928955078125e-07, 1.7229467630386353e-07, 7.450580596923828e-09, 0.902655839920044, 0.3710562586784363, 0.21801310777664185, -0.34676042199134827, 0.9271097183227539, -0.14221414923667908, -0.2548915147781372, 0.05277210846543312, 0.9655286073684692),
