return {
    ["Phew!"] = {
        {Time = 0.000, Data = {
            ["LeftFoot"] = CFrame.new(-3.91155481338501e-08, -5.960464477539063e-08, -5.774199962615967e-08, 0.9929103851318359, -0.11046578735113144, -0.043891098350286484, 0.10508859902620316, 0.9883436560630798, -0.11015155166387558, 0.05554748326539993, 0.10475804656744003, 0.9929453134536743),
            ["LeftLowerArm"] = CFrame.new(2.384185791015625e-07, -4.172325134277344e-07, -5.960464477539063e-08, 1, 0, 4.842877388000488e-08, 6.332993507385254e-08, 0.932968258857727, -0.3599584996700287, 3.725290298461914e-08, 0.35995855927467346, 0.9329683780670166),
            ["LowerTorso"] = CFrame.new(-0.04117927700281143, -0.0894249677658081, 0.040125347673892975, 0.9634858965873718, -0.011835292913019657, -0.2674974203109741, 1.4308990614608774e-07, 0.9990226626396179, -0.04420075565576553, 0.2677591145038605, 0.04258676618337631, 0.962544322013855),
            ["Head"] = CFrame.new(2.1420419216156006e-08, 1.1920928955078125e-07, 4.284083843231201e-08, 0.9378796219825745, -0.0251057930290699, 0.34605148434638977, 0.03860319033265114, 0.9987368583679199, -0.03216582536697388, -0.3448067903518677, 0.043526459485292435, 0.9376639723777771),
            ["RightUpperArm"] = CFrame.new(-1.1920928955078125e-07, -5.960464477539062e-07, -4.470348358154297e-08, 0.9530324935913086, -0.2911844849586487, -0.08331166952848434, 0.30042555928230286, 0.9437432885169983, 0.1381780207157135, 0.03838950768113136, -0.15671709179878235, 0.9868972301483154),
            ["UpperTorso"] = CFrame.new(-2.1574919628619682e-10, 1.7881393432617188e-07, -6.51925802230835e-09, 0.9965742826461792, 0.009680550545454025, -0.08213503658771515, 0.007226107642054558, 0.9791356921195984, 0.20307931303977966, 0.08238724619150162, -0.20297707617282867, 0.9757114052772522),
            ["HumanoidRootPart"] = CFrame.new(0, 0, 0, 1, 0, 0, 0, 1, 0, 0, 0, 1),
            ["RightHand"] = CFrame.new(2.5331974029541016e-07, 1.1920928955078125e-07, 1.1175870895385742e-08, 0.9508686661720276, -0.26313671469688416, -0.163119837641716, 0.21037447452545166, 0.935723602771759, -0.28313225507736206, 0.22713738679885864, 0.23490527272224426, 0.9451075196266174),
            ["LeftUpperArm"] = CFrame.new(1.7881393432617188e-07, -2.384185791015625e-07, 2.9802322387695312e-08, 0.8166243433952332, 0.4381341338157654, -0.37571677565574646, -0.41318202018737793, 0.8982973694801331, 0.14947478473186493, 0.4029954969882965, 0.03317464143037796, 0.9146006107330322),
            ["RightLowerArm"] = CFrame.new(-2.384185791015625e-07, 0, 0, 1, -3.725290298461914e-08, -1.3504175555567599e-08, 2.2351745343485163e-08, 0.9454690217971802, -0.3257119655609131, -1.4901162970204496e-08, 0.32571202516555786, 0.9454690217971802),
            ["LeftHand"] = CFrame.new(1.1920928955078125e-07, 2.980232238769531e-07, -6.705522537231445e-08, 0.95219886302948, 0.22882422804832458, 0.20237843692302704, -0.1938210129737854, 0.9646180868148804, -0.1787332147359848, -0.23611629009246826, 0.13096436858177185, 0.9628589749336243),
            ["RightUpperLeg"] = CFrame.new(-8.940696716308594e-08, 2.658925950527191e-07, -9.145878721028566e-09, 0.8904823660850525, -0.15534134209156036, -0.427680104970932, 0.21586282551288605, 0.9716399908065796, 0.09653516858816147, 0.40055516362190247, -0.17828308045864105, 0.8987607359886169),
            ["LeftUpperLeg"] = CFrame.new(2.9802322387695312e-08, 1.7508864402770996e-07, 7.450580596923828e-09, 0.9846992492675781, 0.1589568555355072, 0.07141629606485367, -0.12131704390048981, 0.919507622718811, -0.3738822937011719, -0.12509900331497192, 0.3594975471496582, 0.9247225522994995),
            ["RightLowerLeg"] = CFrame.new(2.9802322387695312e-08, 2.384185791015625e-07, 1.6952981241047382e-09, 1, 1.862645504502325e-08, -9.685756197086448e-08, 2.2351741790771484e-08, 0.9582216739654541, 0.28602635860443115, 8.381903171539307e-09, -0.28602662682533264, 0.9582217335700989),
            ["RightFoot"] = CFrame.new(4.0978193283081055e-08, 3.5762786865234375e-07, -5.045876605436206e-08, 0.978970468044281, 0.193037748336792, 0.06597950309515, -0.1567465215921402, 0.9187702536582947, -0.36234185099601746, -0.1305655688047409, 0.34438011050224304, 0.9297069907188416),
            ["LeftLowerLeg"] = CFrame.new(3.3527612686157227e-08, -5.960464477539063e-08, 2.9802322387695312e-08, 1, 6.332995639013461e-08, -2.7939681679356454e-09, -4.0978193283081055e-08, 0.865048885345459, 0.5016874074935913, -3.725290298461914e-09, -0.5016875267028809, 0.8650490641593933),
        }},
        {Time = 0.033, Data = {
            ["LeftFoot"] = CFrame.new(-3.166496753692627e-08, 0, 2.421438694000244e-08, 0.9921566843986511, -0.11394742876291275, -0.05139211565256119, 0.10954514145851135, 0.990626871585846, -0.08159814029932022, 0.060208309441804886, 0.07532834261655807, 0.9953395128250122),
            ["LeftLowerArm"] = CFrame.new(1.1920928955078125e-07, -1.7881393432617188e-07, 0, 1, -2.980232594040899e-08, 0, 4.284083487959833e-08, 0.9239533543586731, -0.38250529766082764, 5.215405707303944e-08, 0.3825054168701172, 0.9239534139633179),
            ["LowerTorso"] = CFrame.new(-0.038162700831890106, -0.0857243537902832, 0.04282986372709274, 0.9622601866722107, -0.011901125311851501, -0.2718707025051117, -0.0018244292587041855, 0.9987387657165527, -0.05017711967229843, 0.27212491631507874, 0.04877946525812149, 0.961024820804596),
            ["Head"] = CFrame.new(1.862645149230957e-09, 0, 6.239861249923706e-08, 0.9374104142189026, -0.027746668085455894, 0.34711945056915283, 0.03754531219601631, 0.9990629553794861, -0.02153337001800537, -0.34619662165641785, 0.03321843966841698, 0.9375737309455872),
            ["RightUpperArm"] = CFrame.new(-5.960464477539063e-08, 0, 7.450580596923828e-08, 0.9543617963790894, -0.2929728925228119, -0.05797003582119942, 0.29782307147979736, 0.9480698704719543, 0.11164692789316177, 0.022250177338719368, -0.12381644546985626, 0.9920556545257568),
            ["UpperTorso"] = CFrame.new(2.3283064365386963e-09, 8.940696716308594e-08, 0, 0.9966917634010315, 0.006890132091939449, -0.08098258823156357, 0.009647042490541935, 0.9793269634246826, 0.20205369591712952, 0.08070058375597, -0.20216649770736694, 0.9760206341743469),
            ["HumanoidRootPart"] = CFrame.new(0, 0, 0, 1, 0, 0, 0, 1, 0, 0, 0, 1),
            ["RightHand"] = CFrame.new(-1.1920928955078125e-07, -3.5762786865234375e-07, 1.4901161193847656e-08, 0.9550930261611938, -0.2521638870239258, -0.1555982083082199, 0.1938340961933136, 0.9288914799690247, -0.31557726860046387, 0.22411105036735535, 0.27124541997909546, 0.9360557198524475),
            ["LeftUpperArm"] = CFrame.new(1.1920928955078125e-07, 0, 5.960464477539063e-08, 0.8276355862617493, 0.43610644340515137, -0.3533138930797577, -0.40894782543182373, 0.899711012840271, 0.15258383750915527, 0.3844231963157654, 0.018203062936663628, 0.9229775071144104),
            ["RightLowerArm"] = CFrame.new(-1.7881393432617188e-07, 0, 1.7881393432617188e-07, 1, 2.2351741790771484e-08, 1.5832481992106295e-08, 7.450580596923828e-08, 0.9669119119644165, -0.2551107406616211, 2.2351741790771484e-08, 0.2551107704639435, 0.9669119119644165),
            ["LeftHand"] = CFrame.new(2.384185791015625e-07, 2.384185791015625e-07, -1.043081283569336e-07, 0.9637863039970398, 0.20563320815563202, 0.16979727149009705, -0.18241570889949799, 0.9728091955184937, -0.1427125632762909, -0.1945267617702484, 0.10657091438770294, 0.9750908017158508),
            ["RightUpperLeg"] = CFrame.new(-2.9802322387695312e-08, 8.381903171539307e-09, 9.480572771281004e-09, 0.8968716859817505, -0.151846781373024, -0.4154081642627716, 0.21408775448799133, 0.9709012508392334, 0.10731850564479828, 0.38702431321144104, -0.1851848065853119, 0.9032822847366333),
            ["LeftUpperLeg"] = CFrame.new(5.960464477539063e-08, -2.39349901676178e-07, -1.1175870895385742e-08, 0.9835427403450012, 0.16356472671031952, 0.07674773037433624, -0.12279152125120163, 0.9167389273643494, -0.38014739751815796, -0.13253624737262726, 0.36446720361709595, 0.9217363595962524),
            ["RightLowerLeg"] = CFrame.new(-4.470348358154297e-08, 2.384185791015625e-07, -2.8107024263590574e-08, 1, 2.980232949312267e-08, -1.266598843585598e-07, 2.2351738238057806e-08, 0.9611356258392334, 0.2760767638683319, 3.911554458113642e-08, -0.2760769724845886, 0.9611356258392334),
            ["RightFoot"] = CFrame.new(-5.21540641784668e-08, 2.980232238769531e-07, -5.75528247281909e-09, 0.9805931448936462, 0.1877468079328537, 0.0564664863049984, -0.15586696565151215, 0.9212609529495239, -0.35634759068489075, -0.11892341822385788, 0.3406309187412262, 0.9326456785202026),
            ["LeftLowerLeg"] = CFrame.new(-3.725290298461914e-09, 0, -1.4901161193847656e-08, 1, 4.4703497792397684e-08, 3.725291630729544e-09, -4.4703490686970326e-08, 0.8568180203437805, 0.5156190395355225, 7.450581485102248e-09, -0.5156190395355225, 0.8568180203437805),
        }},
        {Time = 0.067, Data = {
            ["LeftFoot"] = CFrame.new(-1.1175870895385742e-08, 0, -1.4901161193847656e-08, 0.9897507429122925, -0.11765523254871368, -0.08093660324811935, 0.11713851988315582, 0.9930533766746521, -0.01112169586122036, 0.08168268203735352, 0.0015269146533682942, 0.9966572523117065),
            ["LeftLowerArm"] = CFrame.new(-5.960464477539063e-08, 5.960464477539063e-08, 1.1920928955078125e-07, 1, -7.450581485102248e-09, 1.7508860139514582e-07, 6.426126475389538e-08, 0.8999826908111572, -0.43592560291290283, 1.4901162970204496e-08, 0.43592578172683716, 0.8999826908111572),
            ["LowerTorso"] = CFrame.new(-0.030386604368686676, -0.07676076889038086, 0.049957677721977234, 0.9596410989761353, -0.011300281621515751, -0.2810004949569702, -0.006174975540488958, 0.9981049299240112, -0.06122632324695587, 0.28115975856781006, 0.06049047410488129, 0.9577525854110718),
            ["Head"] = CFrame.new(-1.862645149230957e-09, 0, 3.725290298461914e-09, 0.9364948272705078, -0.03419029712677002, 0.349010705947876, 0.036398857831954956, 0.9993374347686768, 0.00023019014042802155, -0.3487873375415802, 0.012488117441534996, 0.9371187090873718),
            ["RightUpperArm"] = CFrame.new(0, 4.76837158203125e-07, 1.1920928955078125e-07, 0.9551721215248108, -0.2953370213508606, -0.020549416542053223, 0.2960388958454132, 0.9521995782852173, 0.07534554600715637, -0.0026852265000343323, -0.0780513733625412, 0.9969457387924194),
            ["UpperTorso"] = CFrame.new(-9.313225746154785e-10, 0, -1.862645149230957e-09, 0.9968818426132202, 0.0010925293900072575, -0.07890085130929947, 0.014716554433107376, 0.9797863364219666, 0.1995050013065338, 0.07752406597137451, -0.20004406571388245, 0.9767151474952698),
            ["HumanoidRootPart"] = CFrame.new(0, 0, 0, 1, 0, 0, 0, 1, 0, 0, 0, 1),
            ["RightHand"] = CFrame.new(-1.4901161193847656e-08, -3.5762786865234375e-07, 0, 0.9686505198478699, -0.22519686818122864, -0.10489378869533539, 0.1851472109556198, 0.9359297156333923, -0.2995932102203369, 0.16564060747623444, 0.27078020572662354, 0.948283314704895),
            ["LeftUpperArm"] = CFrame.new(0, 1.1920928955078125e-07, 5.960464477539063e-08, 0.8547983169555664, 0.42857277393341064, -0.2926521599292755, -0.39846622943878174, 0.9033017158508301, 0.1589677780866623, 0.3324824869632721, -0.01927337609231472, 0.9429125189781189),
            ["RightLowerArm"] = CFrame.new(-4.172325134277344e-07, 0, -5.960464477539063e-08, 1, -5.587935447692871e-09, 9.359789743257352e-08, 5.960465188081798e-08, 0.9771915674209595, -0.21235966682434082, -1.4901162970204496e-08, 0.21235977113246918, 0.9771916270256042),
            ["LeftHand"] = CFrame.new(1.1920928955078125e-07, -2.980232238769531e-07, 1.1920928955078125e-07, 0.9805030226707458, 0.16679593920707703, 0.10388912260532379, -0.15908560156822205, 0.9841313362121582, -0.07859574258327484, -0.11535000801086426, 0.060536012053489685, 0.9914786219596863),
            ["RightUpperLeg"] = CFrame.new(0, -2.50060111284256e-07, 1.6931153368204832e-08, 0.9116688370704651, -0.14246657490730286, -0.3854389786720276, 0.20743422210216522, 0.9692500829696655, 0.13238316774368286, 0.35472679138183594, -0.2006428986787796, 0.9131875038146973),
            ["LeftUpperLeg"] = CFrame.new(-5.960464477539063e-08, -1.4435499906539917e-08, -1.1175870895385742e-08, 0.9790432453155518, 0.17752602696418762, 0.09979526698589325, -0.12499719113111496, 0.910685658454895, -0.39373505115509033, -0.16078002750873566, 0.3730095326900482, 0.9137908220291138),
            ["RightLowerLeg"] = CFrame.new(-2.9802322387695312e-08, 1.7881393432617188e-07, -2.996966941282153e-08, 1, -2.235175244891252e-08, 1.1175873559921001e-08, 7.450580596923828e-09, 0.9684409499168396, 0.24924299120903015, -3.818422555923462e-08, -0.24924321472644806, 0.9684410691261292),
            ["RightFoot"] = CFrame.new(-1.4901161193847656e-08, 2.980232238769531e-07, 1.6596459317952394e-08, 0.9841593503952026, 0.1744084358215332, 0.03181343153119087, -0.15335868299007416, 0.9275436401367188, -0.34079882502555847, -0.088946633040905, 0.33052152395248413, 0.9395979046821594),
            ["LeftLowerLeg"] = CFrame.new(-4.470348358154297e-08, 1.7881393432617188e-07, -5.960464477539063e-08, 1, 5.681069836782626e-08, -4.6566133171666024e-09, -4.470348358154297e-08, 0.8433905243873596, 0.5373009443283081, 1.1175870895385742e-08, -0.5373011827468872, 0.8433906435966492),
        }},
        {Time = 0.100, Data = {
            ["LeftFoot"] = CFrame.new(-3.166496753692627e-08, 0, 5.587935447692871e-09, 0.9903191924095154, -0.08945000171661377, -0.10614436119794846, 0.09048346430063248, 0.9958856701850891, 0.004950670525431633, 0.10526488721370697, -0.014507170766592026, 0.9943383932113647),
            ["LeftLowerArm"] = CFrame.new(0, 2.980232238769531e-07, 1.1920928955078125e-07, 1, -5.21540641784668e-08, 2.2351736461700966e-08, 8.009374141693115e-08, 0.8637207746505737, -0.5039706230163574, 5.21540641784668e-08, 0.5039706826210022, 0.8637208342552185),
            ["LowerTorso"] = CFrame.new(-0.01970863528549671, -0.0655745267868042, 0.06013334542512894, 0.9572609066963196, -0.008521543815732002, -0.28910014033317566, -0.011436918750405312, 0.9976688027381897, -0.06727701425552368, 0.2889994978904724, 0.06770806759595871, 0.954931914806366),
            ["Head"] = CFrame.new(-4.6566128730773926e-09, 0, 3.725290298461914e-08, 0.9357888698577881, -0.04251650720834732, 0.3499879837036133, 0.038504865020513535, 0.9990887641906738, 0.01841595396399498, -0.3504519462585449, -0.0037571366410702467, 0.9365731477737427),
            ["RightUpperArm"] = CFrame.new(1.1920928955078125e-07, -3.5762786865234375e-07, 5.960464477539063e-08, 0.9528276324272156, -0.30334603786468506, 0.010040681809186935, 0.3024938404560089, 0.9518188238143921, 0.05038091540336609, -0.024839570745825768, -0.04496708884835243, 0.9986796379089355),
            ["UpperTorso"] = CFrame.new(3.725290298461914e-09, -5.960464477539063e-08, 1.5366822481155396e-08, 0.996940553188324, -0.003917561378329992, -0.07806620001792908, 0.019212497398257256, 0.980384886264801, 0.19615407288074493, 0.07576639950275421, -0.19705376029014587, 0.9774606823921204),
            ["HumanoidRootPart"] = CFrame.new(0, 0, 0, 1, 0, 0, 0, 1, 0, 0, 0, 1),
            ["RightHand"] = CFrame.new(2.5331974029541016e-07, 1.1920928955078125e-07, 1.4901161193847656e-08, 0.9802778959274292, -0.19350263476371765, -0.04014947637915611, 0.17646896839141846, 0.948539674282074, -0.2629280984401703, 0.08896046876907349, 0.2506575584411621, 0.9639797210693359),
            ["LeftUpperArm"] = CFrame.new(0, -3.5762786865234375e-07, 5.960464477539063e-08, 0.8869464993476868, 0.41259029507637024, -0.20759449899196625, -0.38335514068603516, 0.9083101749420166, 0.16736596822738647, 0.2576136589050293, -0.06886212527751923, 0.9637911319732666),
            ["RightLowerArm"] = CFrame.new(0, 5.960464477539063e-08, -1.1920928955078125e-07, 1, 0, 2.002343357787595e-08, 1.4901164746561335e-08, 0.9791646599769592, -0.2030681073665619, 5.5879368687783426e-08, 0.20306813716888428, 0.9791646003723145),
            ["LeftHand"] = CFrame.new(5.960464477539063e-08, -5.960464477539063e-08, 2.4586915969848633e-07, 0.9883636236190796, 0.11672583222389221, 0.09753185510635376, -0.11378354579210281, 0.9928810000419617, -0.03522590175271034, -0.10094919055700302, 0.023718571290373802, 0.9946088194847107),
            ["RightUpperLeg"] = CFrame.new(0, -2.444721758365631e-07, -1.6952981241047382e-09, 0.9286696910858154, -0.1283992975950241, -0.34797459840774536, 0.19458149373531342, 0.967357337474823, 0.1623505800962448, 0.3157700002193451, -0.21847952902317047, 0.9233396053314209),
            ["LeftUpperLeg"] = CFrame.new(-5.960464477539063e-08, 1.0710209608078003e-08, 7.450580596923828e-09, 0.9679160714149475, 0.19380176067352295, 0.15993601083755493, -0.11216380447149277, 0.9028048515319824, -0.4151659905910492, -0.22485092282295227, 0.3839067816734314, 0.8955767750740051),
            ["RightLowerLeg"] = CFrame.new(1.4901161193847656e-08, 3.5762786865234375e-07, -5.75528247281909e-09, 1, -2.9802322387695312e-08, -3.7252917195473856e-08, 2.9802318834981634e-08, 0.9784370064735413, 0.2065456360578537, 1.4901159417490817e-08, -0.20654568076133728, 0.9784370064735413),
            ["RightFoot"] = CFrame.new(5.21540641784668e-08, 3.5762786865234375e-07, 1.6596459317952394e-08, 0.987657368183136, 0.15661326050758362, -0.0022917850874364376, -0.1492188423871994, 0.9363769292831421, -0.317697674036026, -0.04760969430208206, 0.31411880254745483, 0.9481893181800842),
            ["LeftLowerLeg"] = CFrame.new(3.3527612686157227e-08, 5.960464477539063e-08, 7.450580596923828e-08, 1, 5.9138990593510243e-08, 1.3038519597330378e-08, -5.029141902923584e-08, 0.8006514310836792, 0.5991305708885193, 1.4901161193847656e-08, -0.5991305112838745, 0.8006513118743896),
        }},
        {Time = 0.133, Data = {
            ["LeftFoot"] = CFrame.new(7.683411240577698e-08, 5.960464477539063e-08, 2.421438694000244e-08, 0.9905418157577515, -0.03470790386199951, -0.13274884223937988, 0.032513245940208435, 0.9992970824241638, -0.018664907664060593, 0.13330349326133728, 0.014172246679663658, 0.990973949432373),
            ["LeftLowerArm"] = CFrame.new(-8.940696716308594e-08, -1.1920928955078125e-07, -2.384185791015625e-07, 1, -9.685752644372769e-08, -7.4505797087454084e-09, 5.5879347371501353e-08, 0.8185035586357117, -0.5745014548301697, -2.9802318834981634e-08, 0.5745015144348145, 0.8185036182403564),
            ["LowerTorso"] = CFrame.new(-0.008008955046534538, -0.055126309394836426, 0.07228139787912369, 0.9560343623161316, -0.004084571730345488, -0.29322630167007446, -0.015992125496268272, 0.9976890087127686, -0.06603825092315674, 0.2928183674812317, 0.06782415509223938, 0.9537595510482788),
            ["Head"] = CFrame.new(-1.257285475730896e-08, 0, 2.421438694000244e-08, 0.9356656670570374, -0.04853655770421028, 0.3495340943336487, 0.04237012937664986, 0.9987823367118835, 0.02527138963341713, -0.3503350019454956, -0.00883567612618208, 0.9365828633308411),
            ["RightUpperArm"] = CFrame.new(-5.960464477539063e-08, -2.384185791015625e-07, 0, 0.9505994319915771, -0.30888035893440247, 0.030880147591233253, 0.30790913105010986, 0.9508603811264038, 0.03250882029533386, -0.039403967559337616, -0.02139471285045147, 0.9989943504333496),
            ["UpperTorso"] = CFrame.new(-9.313225746154785e-10, 2.9802322387695312e-08, 7.450580596923828e-09, 0.9968464970588684, -0.007557614706456661, -0.07899343222379684, 0.02267111837863922, 0.9810879826545715, 0.19223040342330933, 0.07604673504829407, -0.1934150904417038, 0.9781653881072998),
            ["HumanoidRootPart"] = CFrame.new(0, 0, 0, 1, 0, 0, 0, 1, 0, 0, 0, 1),
            ["RightHand"] = CFrame.new(-1.043081283569336e-07, 1.7881393432617188e-07, 1.3783574104309082e-07, 0.98471599817276, -0.17158325016498566, 0.02989692986011505, 0.17402254045009613, 0.9622672200202942, -0.20918388664722443, 0.007123681716620922, 0.21118950843811035, 0.9774192571640015),
            ["LeftUpperArm"] = CFrame.new(5.960464477539063e-08, -1.1920928955078125e-07, 8.940696716308594e-08, 0.9138606786727905, 0.38805559277534485, -0.11946316063404083, -0.36450129747390747, 0.9137042164802551, 0.1796761006116867, 0.17887844145298004, -0.12065447866916656, 0.9764451384544373),
            ["RightLowerArm"] = CFrame.new(5.960464477539063e-08, -1.7881393432617188e-07, 0, 1, -3.725289587919178e-08, 7.4505797087454084e-09, 2.980232594040899e-08, 0.9717987775802612, -0.23581163585186005, -1.862645326866641e-08, 0.23581168055534363, 0.9717987775802612),
            ["LeftHand"] = CFrame.new(-4.172325134277344e-07, 5.960464477539063e-08, -8.940696716308594e-08, 0.9917845726013184, 0.05794160068035126, 0.11404502391815186, -0.05859478563070297, 0.9982789754867554, 0.0023816677276045084, -0.11371081322431564, -0.009044789709150791, 0.9934727549552917),
            ["RightUpperLeg"] = CFrame.new(0, -6.100162863731384e-08, 3.55576048605144e-08, 0.9445263743400574, -0.11172826588153839, -0.30884748697280884, 0.1768716424703598, 0.9653894305229187, 0.19167561829090118, 0.2767425775527954, -0.23566927015781403, 0.9315973520278931),
            ["LeftUpperLeg"] = CFrame.new(0, 1.280568540096283e-08, -7.450580596923828e-09, 0.9495936036109924, 0.20294801890850067, 0.23892292380332947, -0.08529745042324066, 0.9006723761558533, -0.4260442852973938, -0.30165615677833557, 0.3841893672943115, 0.8725836277008057),
            ["RightLowerLeg"] = CFrame.new(-2.9802322387695312e-08, 3.5762786865234375e-07, -2.8107024263590574e-08, 1, -7.4505797087454084e-09, -3.7252917195473856e-08, 2.2351738238057806e-08, 0.9881240725517273, 0.15365809202194214, -4.656612162534657e-08, -0.15365810692310333, 0.9881241321563721),
            ["RightFoot"] = CFrame.new(1.1175870895385742e-08, 3.5762786865234375e-07, 9.145878721028566e-09, 0.9896939396858215, 0.13702379167079926, -0.0415998138487339, -0.1431986540555954, 0.9461277723312378, -0.2904067635536194, -0.00043394474778324366, 0.2933712899684906, 0.9559986591339111),
            ["LeftLowerLeg"] = CFrame.new(9.778887033462524e-09, 1.7881393432617188e-07, -1.0896474123001099e-07, 1, 5.8440498662548634e-08, 2.2351748896198842e-08, -6.426126475389538e-08, 0.7420076131820679, 0.6703916788101196, 2.51457130673316e-08, -0.6703913807868958, 0.7420074343681335),
        }},
        {Time = 0.167, Data = {
            ["LeftFoot"] = CFrame.new(3.5390257835388184e-08, 0, -7.450580596923828e-09, 0.9891479015350342, 0.009743708185851574, -0.14660011231899261, -0.019503535702824593, 0.9976760745048523, -0.06528450548648834, 0.14562347531318665, 0.06743530184030533, 0.9870392084121704),
            ["LeftLowerArm"] = CFrame.new(5.960464477539063e-08, -1.7881393432617188e-07, 8.940696716308594e-08, 1, 7.4505797087454084e-09, 7.450580596923828e-09, 4.4703490686970326e-08, 0.7601796388626099, -0.6497131586074829, 5.960465188081798e-08, 0.6497129201889038, 0.7601794600486755),
            ["LowerTorso"] = CFrame.new(0.0027801210526376963, -0.047512173652648926, 0.08565294742584229, 0.9556260704994202, -0.0008350142161361873, -0.29458168148994446, -0.018119530752301216, 0.9979358911514282, -0.06160866469144821, 0.2940250635147095, 0.06421251595020294, 0.9536383152008057),
            ["Head"] = CFrame.new(-6.51925802230835e-09, 1.1920928955078125e-07, -1.862645149230957e-08, 0.9364038109779358, -0.04746280610561371, 0.34769994020462036, 0.04375264793634415, 0.9988707900047302, 0.018519124016165733, -0.3481862545013428, -0.0021284653339535, 0.9374229907989502),
            ["RightUpperArm"] = CFrame.new(1.1920928955078125e-07, 1.1920928955078125e-07, 5.960464477539063e-08, 0.9506528377532959, -0.308224081993103, 0.03545675426721573, 0.3073214888572693, 0.9511723518371582, 0.02871943823993206, -0.04257754608988762, -0.016405489295721054, 0.9989585280418396),
            ["UpperTorso"] = CFrame.new(1.862645149230957e-09, -2.980232238769531e-07, 9.66247171163559e-09, 0.9967684149742126, -0.01139114424586296, -0.07951785624027252, 0.026186926290392876, 0.9818968176841736, 0.18759772181510925, 0.07594139873981476, -0.18907380104064941, 0.9790219664573669),
            ["HumanoidRootPart"] = CFrame.new(0, 0, 0, 1, 0, 0, 0, 1, 0, 0, 0, 1),
            ["RightHand"] = CFrame.new(1.9371509552001953e-07, 2.980232238769531e-07, 2.9802322387695312e-08, 0.9844146370887756, -0.1591774970293045, 0.07476986944675446, 0.16988033056259155, 0.9706531167030334, -0.1702151745557785, -0.04548107087612152, 0.18026436865329742, 0.982566237449646),
            ["LeftUpperArm"] = CFrame.new(0, 3.5762786865234375e-07, -2.9802322387695312e-08, 0.9357017874717712, 0.35190528631210327, -0.024997055530548096, -0.3406253457069397, 0.919609010219574, 0.1956881433725357, 0.0918513685464859, -0.1745910495519638, 0.9803475737571716),
            ["RightLowerArm"] = CFrame.new(-1.7881393432617188e-07, 2.980232238769531e-07, -8.940696716308594e-08, 1, 3.0733637856883433e-08, 4.0978196835794733e-08, -3.725290298461914e-08, 0.9574101567268372, -0.2887313663959503, -2.60770320892334e-08, 0.28873124718666077, 0.9574101567268372),
            ["LeftHand"] = CFrame.new(2.980232238769531e-07, -2.384185791015625e-07, -5.960464477539063e-08, 0.9978871941566467, 0.05208662152290344, 0.03883660212159157, -0.05001384764909744, 0.9973646402359009, -0.052558284252882004, -0.041471999138593674, 0.050505008548498154, 0.9978624582290649),
            ["RightUpperLeg"] = CFrame.new(0, -2.2017047740519047e-07, -3.149762051180005e-08, 0.9585478901863098, -0.09503361582756042, -0.2686161398887634, 0.15629829466342926, 0.9636164307594299, 0.21682719886302948, 0.23823706805706024, -0.24982374906539917, 0.9385262131690979),
            ["LeftUpperLeg"] = CFrame.new(0, -1.557054929435253e-08, 3.3527612686157227e-08, 0.9270702600479126, 0.20226038992404938, 0.3156445026397705, -0.06093740463256836, 0.9120761156082153, -0.4054673910140991, -0.3699018657207489, 0.35666218400001526, 0.857883870601654),
            ["RightLowerLeg"] = CFrame.new(-2.9802322387695312e-08, 1.7881393432617188e-07, 7.620110409334302e-08, 1, -1.303851426825986e-08, 6.705525379402388e-08, 2.6077035641947077e-08, 0.9947248697280884, 0.10257946699857712, -1.4901162970204496e-08, -0.10257937759160995, 0.9947248697280884),
            ["RightFoot"] = CFrame.new(8.568167686462402e-08, 4.172325134277344e-07, -1.3205863069742918e-08, 0.9896112084388733, 0.11745404452085495, -0.08291185647249222, -0.13545523583889008, 0.9549912214279175, -0.2639003098011017, 0.0481838658452034, 0.27239006757736206, 0.9609798789024353),
            ["LeftLowerLeg"] = CFrame.new(4.842877388000488e-08, -1.7881393432617188e-07, -9.313225746154785e-09, 1, 6.519258732851085e-08, 2.6077040971017595e-08, -7.450581307466564e-08, 0.7046027779579163, 0.7096021175384521, 2.421439049271612e-08, -0.7096019387245178, 0.7046025991439819),
        }},
        {Time = 0.200, Data = {
            ["LeftFoot"] = CFrame.new(-3.259629011154175e-08, 0, 5.587935447692871e-09, 0.9931567907333374, -0.006685159169137478, -0.11659693717956543, -0.010776934213936329, 0.9888547658920288, -0.14849312603473663, 0.11629015952348709, 0.14873342216014862, 0.9820157885551453),
            ["LeftLowerArm"] = CFrame.new(5.960464477539063e-08, 4.172325134277344e-07, 1.1920928955078125e-07, 1, -1.266598843585598e-07, 7.450579175838357e-08, 1.4156101713069802e-07, 0.6776973605155945, -0.7353408932685852, 1.4901159417490817e-08, 0.7353410124778748, 0.6776973605155945),
            ["LowerTorso"] = CFrame.new(0.012867174111306667, -0.04439115524291992, 0.10063458979129791, 0.9579483866691589, 0.000736515037715435, -0.28693968057632446, -0.01688031293451786, 0.9984095692634583, -0.05379224196076393, 0.28644365072250366, 0.056373823434114456, 0.9564372301101685),
            ["Head"] = CFrame.new(2.0489096641540527e-08, 3.5762786865234375e-07, -4.284083843231201e-08, 0.9403010010719299, -0.03756239637732506, 0.33826473355293274, 0.04002699255943298, 0.9991986155509949, -0.0003106921212747693, -0.3379819989204407, 0.013831952586770058, 0.9410510063171387),
            ["RightUpperArm"] = CFrame.new(0, 2.384185791015625e-07, -2.9802322387695312e-08, 0.9505554437637329, -0.308399498462677, 0.03652727231383324, 0.3068753480911255, 0.9508252143859863, 0.04194006696343422, -0.04766520857810974, -0.028657086193561554, 0.9984521865844727),
            ["UpperTorso"] = CFrame.new(-3.725290298461914e-09, 8.940696716308594e-08, -6.05359673500061e-09, 0.9966830015182495, -0.015188340097665787, -0.07995160669088364, 0.029618676751852036, 0.9827529788017273, 0.18253600597381592, 0.07580027729272842, -0.18429860472679138, 0.979943037033081),
            ["HumanoidRootPart"] = CFrame.new(0, 0, 0, 1, 0, 0, 0, 1, 0, 0, 0, 1),
            ["RightHand"] = CFrame.new(1.4901161193847656e-08, 1.1920928955078125e-07, 5.960464477539063e-08, 0.9816390872001648, -0.1739235818386078, 0.07832816988229752, 0.18510551750659943, 0.967719316482544, -0.17104212939739227, -0.04605156555771828, 0.18240055441856384, 0.9821453094482422),
            ["LeftUpperArm"] = CFrame.new(0, 2.384185791015625e-07, -5.960464477539063e-08, 0.9480345845222473, 0.31291836500167847, 0.05755528062582016, -0.3177434206008911, 0.9218161702156067, 0.22202275693416595, 0.016419729217886925, -0.2287730872631073, 0.9733412861824036),
            ["RightLowerArm"] = CFrame.new(0, -2.980232238769531e-07, 0, 1, -3.911554458113642e-08, 5.587932605521928e-08, -5.215404996761208e-08, 0.9412044882774353, -0.3378373980522156, -2.607702498380604e-08, 0.33783748745918274, 0.9412044286727905),
            ["LeftHand"] = CFrame.new(2.682209014892578e-07, 1.1920928955078125e-07, -1.7881393432617188e-07, 0.9961243271827698, 0.08276577293872833, -0.029769595712423325, -0.08526980131864548, 0.9917198419570923, -0.09602563083171844, 0.02157554216682911, 0.0981917753815651, 0.9949336051940918),
            ["RightUpperLeg"] = CFrame.new(-2.9802322387695312e-08, -1.5657860785722733e-08, -5.4780684877187014e-08, 0.9679065346717834, -0.07882185280323029, -0.23862960934638977, 0.13442246615886688, 0.964669406414032, 0.22659088671207428, 0.2123384177684784, -0.25139620900154114, 0.9443052411079407),
            ["LeftUpperLeg"] = CFrame.new(8.940696716308594e-08, -1.8451828509569168e-08, 3.632158041000366e-08, 0.9154356122016907, 0.16471578180789948, 0.3672143518924713, -0.04659755900502205, 0.9496563673019409, -0.30980899930000305, -0.3997579514980316, 0.26649895310401917, 0.8770245909690857),
            ["RightLowerLeg"] = CFrame.new(5.960464477539063e-08, 3.5762786865234375e-07, 1.6596459317952394e-08, 1, -1.4901164746561335e-08, -6.891789183782748e-08, 3.026798367500305e-09, 0.9971088767051697, 0.07598667591810226, 9.313225746154785e-09, -0.07598670572042465, 0.9971089363098145),
            ["RightFoot"] = CFrame.new(-1.1175870895385742e-08, 1.1920928955078125e-07, 3.894820110872388e-08, 0.9877550005912781, 0.09960715472698212, -0.12007671594619751, -0.12720678746700287, 0.959793210029602, -0.2502308189868927, 0.09032423794269562, 0.2624416649341583, 0.9607113599777222),
            ["LeftLowerLeg"] = CFrame.new(0, 0, 3.3527612686157227e-08, 1, 4.001777753614988e-08, 2.0489098417897367e-08, -5.960464477539063e-08, 0.7706676721572876, 0.6372373104095459, 2.2351741790771484e-08, -0.6372373700141907, 0.7706677317619324),
        }},
        {Time = 0.233, Data = {
            ["LeftFoot"] = CFrame.new(-6.05359673500061e-08, -1.1920928955078125e-07, -1.4901161193847656e-08, 0.9967323541641235, -0.0323222391307354, -0.07402645796537399, 0.017357682809233665, 0.9807464480400085, -0.19451256096363068, 0.07888816297054291, 0.19259192049503326, 0.9781028032302856),
            ["LeftLowerArm"] = CFrame.new(2.384185791015625e-07, -1.1920928955078125e-07, -2.9802322387695312e-08, 1, -5.5879347371501353e-08, 4.470347292340193e-08, -1.4901162970204496e-08, 0.5756175518035889, -0.8177189826965332, 8.195639367158947e-08, 0.817719042301178, 0.5756176114082336),
            ["LowerTorso"] = CFrame.new(0.022910580039024353, -0.04500436782836914, 0.11426882445812225, 0.9629858732223511, 0.0004901400534436107, -0.2695513963699341, -0.013018828816711903, 0.99891597032547, -0.04469403997063637, 0.2692372500896454, 0.04654897376894951, 0.9619482755661011),
            ["Head"] = CFrame.new(3.725290298461914e-09, -1.1920928955078125e-07, 3.5390257835388184e-08, 0.9475322961807251, -0.021217105910182, 0.31895506381988525, 0.029645439237356186, 0.9993271827697754, -0.021592866629362106, -0.3182823657989502, 0.029915563762187958, 0.947523832321167),
            ["RightUpperArm"] = CFrame.new(1.1920928955078125e-07, -2.384185791015625e-07, -5.960464477539063e-08, 0.9521252512931824, -0.30554577708244324, 0.009961109608411789, 0.30450019240379333, 0.9507532119750977, 0.057861290872097015, -0.027149857953190804, -0.05205811560153961, 0.9982749223709106),
            ["UpperTorso"] = CFrame.new(1.862645149230957e-09, 5.960464477539063e-08, 4.6566128730773926e-09, 0.9966463446617126, -0.019861459732055664, -0.07938317209482193, 0.033725135028362274, 0.9835739731788635, 0.1773274540901184, 0.07455727458000183, -0.1794099509716034, 0.9809451103210449),
            ["HumanoidRootPart"] = CFrame.new(0, 0, 0, 1, 0, 0, 0, 1, 0, 0, 0, 1),
            ["RightHand"] = CFrame.new(-2.5331974029541016e-07, -1.1920928955078125e-07, -2.9802322387695312e-08, 0.977433979511261, -0.1990695595741272, 0.07067114114761353, 0.20913055539131165, 0.9590853452682495, -0.19083943963050842, -0.029789388179779053, 0.20131242275238037, 0.9790740013122559),
            ["LeftUpperArm"] = CFrame.new(0, -2.384185791015625e-07, -2.9802322387695312e-08, 0.9530242085456848, 0.28468799591064453, 0.10342911630868912, -0.30223050713539124, 0.9163709878921509, 0.2625281512737274, -0.02004081755876541, -0.28145521879196167, 0.9593650698661804),
            ["RightLowerArm"] = CFrame.new(-2.980232238769531e-07, 0, -5.960464477539063e-08, 1, -4.842877388000488e-08, -1.862644971595273e-08, 4.4703494239684005e-08, 0.9271906614303589, -0.3745896816253662, 9.313227877782992e-08, 0.374589741230011, 0.9271907210350037),
            ["LeftHand"] = CFrame.new(2.9802322387695312e-08, 5.960464477539063e-08, 1.7881393432617188e-07, 0.9897958040237427, 0.1291338950395584, -0.06023942679166794, -0.13532797992229462, 0.9842621684074402, -0.11364149302244186, 0.04461619630455971, 0.12063374370336533, 0.9916939735412598),
            ["RightUpperLeg"] = CFrame.new(-2.9802322387695312e-08, -2.0471634343266487e-07, 1.879379851743579e-08, 0.9727222323417664, -0.061210133135318756, -0.2237520068883896, 0.1134747639298439, 0.9668317437171936, 0.2288227677345276, 0.20232433080673218, -0.24797113239765167, 0.9474044442176819),
            ["LeftUpperLeg"] = CFrame.new(5.960464477539063e-08, 3.425520844757557e-08, -9.313225746154785e-09, 0.9210391044616699, 0.1271222084760666, 0.3681398630142212, -0.04219858720898628, 0.9722402095794678, -0.23014847934246063, -0.3871771991252899, 0.19644077122211456, 0.9008356332778931),
            ["RightLowerLeg"] = CFrame.new(1.043081283569336e-07, 3.5762786865234375e-07, 1.6952981241047382e-09, 1, -3.725292518907963e-09, 0, -4.6566128730773926e-09, 0.9978687167167664, 0.06525404751300812, -2.60770320892334e-08, -0.0652540996670723, 0.9978687763214111),
            ["RightFoot"] = CFrame.new(-9.313225746154785e-09, 4.76837158203125e-07, 4.639878170564771e-08, 0.9850115180015564, 0.08451393246650696, -0.15036584436893463, -0.12022075057029724, 0.96149742603302, -0.24712295830249786, 0.12369118630886078, 0.26149600744247437, 0.9572463035583496),
            ["LeftLowerLeg"] = CFrame.new(-5.960464477539063e-08, -1.1920928955078125e-07, 3.725290298461914e-09, 1, 4.901086825270795e-08, 1.1175869119028903e-08, -4.842878098543224e-08, 0.8440258502960205, 0.5363022089004517, 1.0244549208948683e-08, -0.5363024473190308, 0.8440259695053101),
        }},
        {Time = 0.267, Data = {
            ["LeftFoot"] = CFrame.new(-1.862645149230957e-08, -1.1920928955078125e-07, -7.450580596923828e-09, 0.9977360963821411, -0.0349411703646183, -0.057461485266685486, 0.021218599751591682, 0.9743465185165405, -0.2240506112575531, 0.06381597369909286, 0.22232428193092346, 0.972882091999054),
            ["LeftLowerArm"] = CFrame.new(2.9802322387695312e-08, -1.7881393432617188e-07, -1.4901161193847656e-08, 1, -5.774199962615967e-08, 2.9802322387695312e-08, 1.0430814256778831e-07, 0.4662063717842102, -0.8846760392189026, 1.1175872316471214e-07, 0.8846760988235474, 0.46620622277259827),
            ["LowerTorso"] = CFrame.new(0.03170586749911308, -0.04663646221160889, 0.12043549120426178, 0.9693931341171265, -0.0026998689863830805, -0.24549877643585205, -0.006791108753532171, 0.9992621541023254, -0.03780519589781761, 0.2454196661710739, 0.0383153110742569, 0.9686594605445862),
            ["Head"] = CFrame.new(-1.1175870895385742e-08, 0, 2.421438694000244e-08, 0.9563632607460022, -0.004758257884532213, 0.29214155673980713, 0.015338810160756111, 0.9993062615394592, -0.03393729031085968, -0.2917773723602295, 0.03693755716085434, 0.9557727575302124),
            ["RightUpperArm"] = CFrame.new(0, -1.1920928955078125e-07, 2.9802322387695312e-08, 0.9530025720596313, -0.2913072407245636, -0.08322426676750183, 0.29709967970848083, 0.9523873925209045, 0.06848371028900146, 0.059311967343091965, -0.08999092876911163, 0.9941749572753906),
            ["UpperTorso"] = CFrame.new(1.862645149230957e-09, -1.4901161193847656e-07, -2.3283064365386963e-09, 0.9967237710952759, -0.023045511916279793, -0.07752826064825058, 0.036208003759384155, 0.9842697381973267, 0.17292256653308868, 0.07232358306646347, -0.1751631498336792, 0.981879472732544),
            ["HumanoidRootPart"] = CFrame.new(0, 0, 0, 1, 0, 0, 0, 1, 0, 0, 0, 1),
            ["RightHand"] = CFrame.new(5.960464477539063e-08, -5.960464477539063e-08, 5.960464477539063e-08, 0.9669925570487976, -0.22165915369987488, 0.12566955387592316, 0.24854163825511932, 0.9292054176330566, -0.2735038101673126, -0.05614829808473587, 0.29571038484573364, 0.9536261558532715),
            ["LeftUpperArm"] = CFrame.new(-1.1920928955078125e-07, -3.5762786865234375e-07, 8.940696716308594e-08, 0.957197904586792, 0.2627866864204407, 0.12130729854106903, -0.288175493478775, 0.9043387770652771, 0.31484362483024597, -0.026966165751218796, -0.3363252878189087, 0.9413597583770752),
            ["RightLowerArm"] = CFrame.new(-2.9802322387695312e-08, 1.1920928955078125e-07, 5.960464477539063e-08, 1, -2.048909131247001e-08, 0, 1.1920930376163597e-07, 0.920254647731781, -0.3913200795650482, 9.685756197086448e-08, 0.39131999015808105, 0.920254647731781),
            ["LeftHand"] = CFrame.new(7.450580596923828e-08, 2.384185791015625e-07, 2.384185791015625e-07, 0.9835945963859558, 0.17534682154655457, -0.04237053170800209, -0.17900431156158447, 0.9778079390525818, -0.10885371267795563, 0.022343115881085396, 0.11465251445770264, 0.9931544661521912),
            ["RightUpperLeg"] = CFrame.new(0, -4.551839083433151e-08, 1.6931153368204832e-08, 0.9748213887214661, -0.06416266411542892, -0.2135566622018814, 0.09652891010046005, 0.9847471117973328, 0.1447598785161972, 0.20101116597652435, -0.16172964870929718, 0.9661460518836975),
            ["LeftUpperLeg"] = CFrame.new(0, -1.9191793398931623e-07, 3.026798367500305e-09, 0.9344661235809326, 0.11653920263051987, 0.33643975853919983, -0.04533013701438904, 0.9761680364608765, -0.21222928166389465, -0.3531546890735626, 0.1830701231956482, 0.9174786806106567),
            ["RightLowerLeg"] = CFrame.new(-4.470348358154297e-08, 2.980232238769531e-07, -2.0656443666666746e-08, 1, -2.980232594040899e-08, -3.7252917195473856e-08, 4.0978196835794733e-08, 0.9740260243415833, 0.2264363020658493, -8.381904059717726e-09, -0.2264363020658493, 0.9740260243415833),
