return {
    ["Phone It In"] = {
        {Time = 0.000, Data = {
            ["LeftFoot"] = CFrame.new(-5.0407834351062775e-08, -5.960464477539063e-08, 3.725290298461914e-09, 0.9436841607093811, -0.3256816565990448, 0.058238815516233444, 0.27271777391433716, 0.6660728454589844, -0.694242000579834, 0.18731051683425903, 0.6710279583930969, 0.717381477355957),
            ["LeftLowerArm"] = CFrame.new(-0.0004671812057495117, -0.00010126829147338867, -4.470348358154297e-08, 1, 2.9057267170173873e-07, 5.066395374342392e-07, 1.1548401346317405e-07, 0.8052137494087219, -0.5929847359657288, -6.370246978804062e-07, 0.5929847955703735, 0.8052138090133667),
            ["LowerTorso"] = CFrame.new(-0.25439855456352234, -0.36250174045562744, 0.06292859464883804, 0.860327959060669, -0.23280391097068787, -0.45347338914871216, 0.1721632033586502, 0.9700466990470886, -0.1713746190071106, 0.47978705167770386, 0.0693669468164444, 0.874638557434082),
            ["Head"] = CFrame.new(2.9802322387695312e-08, -2.384185791015625e-07, 5.960464477539063e-08, 0.9995342493057251, 0.012310532853007317, 0.027924973517656326, 0.006127045955508947, 0.81545090675354, -0.5787938833236694, -0.029896778985857964, 0.5786954760551453, 0.8149955868721008),
            ["RightUpperArm"] = CFrame.new(-0.006842076778411865, -0.09798729419708252, 1.4901161193847656e-08, 0.8374074101448059, 0.2365829199552536, 0.49278461933135986, 0.3337593376636505, 0.49259433150291443, -0.8036925196647644, -0.4328435957431793, 0.8374839425086975, 0.333528995513916),
            ["UpperTorso"] = CFrame.new(-3.3527612686157227e-08, -1.4901161193847656e-07, 2.2351741790771484e-08, 0.8563347458839417, 0.18643708527088165, -0.4815933406352997, -0.15172900259494781, 0.9822313785552979, 0.11045326292514801, 0.49362871050834656, -0.021513285115361214, 0.8694067597389221),
            ["HumanoidRootPart"] = CFrame.new(0, 0, 0, 1, 0, 0, 0, 1, 0, 0, 0, 1),
            ["RightHand"] = CFrame.new(1.1920928955078125e-07, 2.980232238769531e-07, -1.5459954738616943e-07, 0.9994057416915894, 0.00400562584400177, -0.03423841670155525, -0.020529983565211296, 0.8670344352722168, -0.497825026512146, 0.027691736817359924, 0.49823206663131714, 0.8666014671325684),
            ["LeftUpperArm"] = CFrame.new(0.00684201717376709, -0.09798789024353027, 8.940696716308594e-08, 0.8143194317817688, -0.3179289996623993, -0.4856654405593872, -0.44944891333580017, 0.18404348194599152, -0.8741170167922974, 0.3672594130039215, 0.9300801753997803, 0.006977093406021595),
            ["RightLowerArm"] = CFrame.new(-0.00003314018249511719, -0.0000013113021850585938, 8.642673492431641e-07, 1, -2.2351738948600541e-07, -5.811453434034775e-07, -2.980232949312267e-08, 0.9000266790390015, -0.4358348846435547, 6.500633276118606e-07, 0.4358348250389099, 0.9000267386436462),
            ["LeftHand"] = CFrame.new(-1.4901161193847656e-08, 0.00010019540786743164, 2.980232238769531e-07, 0.9715710878372192, -0.07818055897951126, 0.22346684336662292, 0.1630910485982895, 0.9052302241325378, -0.3923768699169159, -0.17161275446414948, 0.4176675081253052, 0.8922460079193115),
            ["RightUpperLeg"] = CFrame.new(0, 0, 3.55576048605144e-08, 0.9119493961334229, -0.343889057636261, -0.22380496561527252, 0.17452700436115265, 0.8187763690948486, -0.5469422340393066, 0.37133359909057617, 0.4597232937812805, 0.8067004680633545),
            ["LeftUpperLeg"] = CFrame.new(-1.1920928955078125e-07, 4.190951585769653e-08, 1.4901161193847656e-08, 0.776837170124054, 0.6141995787620544, 0.138863205909729, -0.5375810265541077, 0.761702835559845, -0.36168423295021057, -0.3279187083244324, 0.2063196301460266, 0.9219010472297668),
            ["RightLowerLeg"] = CFrame.new(1.1175870895385742e-07, -0.0000037550926208496094, -0.000013413075066637248, 1, -2.458692165419052e-07, 5.215407838932151e-08, 1.4901166878189542e-07, 0.8501424789428711, 0.5265520811080933, 4.4703497792397684e-08, -0.5265527963638306, 0.8501428365707397),
            ["RightFoot"] = CFrame.new(1.043081283569336e-07, 3.5762786865234375e-07, -5.75528247281909e-09, 0.9498242735862732, 0.2451947182416916, 0.19420018792152405, -0.3007951080799103, 0.8862868547439575, 0.35216209292411804, -0.08576914668083191, -0.39290615916252136, 0.9155698418617249),
            ["LeftLowerLeg"] = CFrame.new(1.6577541828155518e-07, 0.000003814697265625, 0.000013321638107299805, 1, 8.940694584680386e-08, 2.2351736461700966e-08, -1.8626449271863521e-09, 0.249518483877182, 0.9683700203895569, -1.4901159417490817e-08, -0.9683700799942017, 0.249518483877182),
        }},
        {Time = 0.033, Data = {
            ["LeftFoot"] = CFrame.new(3.3527612686157227e-08, 1.1920928955078125e-07, -4.6566128730773926e-08, 0.9394056797027588, -0.3369850516319275, 0.06291321665048599, 0.28465536236763, 0.6645370721817017, -0.6909137964248657, 0.19101928174495697, 0.6669570207595825, 0.7201944589614868),
            ["LeftLowerArm"] = CFrame.new(-0.0004674196243286133, -0.00010132789611816406, 7.450580596923828e-08, 1, 3.3527612686157227e-07, 5.885958671569824e-07, 1.2665987014770508e-07, 0.7283218502998352, -0.6852352619171143, -4.917383193969727e-07, 0.6852352023124695, 0.7283217906951904),
            ["LowerTorso"] = CFrame.new(-0.23770062625408173, -0.3544553518295288, 0.05775744467973709, 0.8518200516700745, -0.25072169303894043, -0.45993608236312866, 0.1793198436498642, 0.964536726474762, -0.19368349015712738, 0.49218589067459106, 0.08250781893730164, 0.8665711283683777),
            ["Head"] = CFrame.new(2.9802322387695312e-08, 1.1920928955078125e-07, 2.9802322387695312e-08, 0.999523937702179, 0.0008996129035949707, 0.030840422958135605, 0.017133528366684914, 0.8150999546051025, -0.579066812992096, -0.025658924132585526, 0.5793195962905884, 0.8146966099739075),
            ["RightUpperArm"] = CFrame.new(-0.006842136383056641, -0.09798705577850342, 1.1920928955078125e-07, 0.8564018607139587, 0.17596475780010223, 0.4854547679424286, 0.2963286340236664, 0.6023873686790466, -0.741141676902771, -0.4228065013885498, 0.7785665392875671, 0.46372687816619873),
            ["UpperTorso"] = CFrame.new(-4.842877388000488e-08, -1.1920928955078125e-07, 2.2351741790771484e-08, 0.8603464961051941, 0.2101213037967682, -0.464384526014328, -0.16381072998046875, 0.9767271280288696, 0.13845670223236084, 0.4826695919036865, -0.04304959252476692, 0.8747438192367554),
            ["HumanoidRootPart"] = CFrame.new(0, 0, 0, 1, 0, 0, 0, 1, 0, 0, 0, 1),
            ["RightHand"] = CFrame.new(1.4901161193847656e-08, 3.5762786865234375e-07, -3.995373845100403e-07, 0.9972386956214905, 0.014392593875527382, -0.07285474985837936, -0.040514662861824036, 0.9276231527328491, -0.37131381034851074, 0.06223757937550545, 0.373240202665329, 0.9256448745727539),
            ["LeftUpperArm"] = CFrame.new(0.00684201717376709, -0.09798753261566162, -1.043081283569336e-07, 0.8080551624298096, -0.31005313992500305, -0.5009796023368835, -0.4215291142463684, 0.2897380590438843, -0.8592572212219238, 0.41153374314308167, 0.9054937958717346, 0.10342422872781754),
            ["RightLowerArm"] = CFrame.new(-0.000032961368560791016, -0.0000011920928955078125, 8.642673492431641e-07, 1, -3.557651382379845e-07, -5.271286340757797e-07, -1.4901162970204496e-08, 0.8037406802177429, -0.5949797630310059, 6.034970851942489e-07, 0.5949797630310059, 0.8037406802177429),
            ["LeftHand"] = CFrame.new(6.705522537231445e-08, 0.00010013580322265625, 5.066394805908203e-07, 0.9599794745445251, -0.00633940938860178, 0.27999866008758545, 0.10342026501893997, 0.9371098279953003, -0.33336085081100464, -0.2602761685848236, 0.34897714853286743, 0.9002618789672852),
            ["RightUpperLeg"] = CFrame.new(0, -3.9301812648773193e-07, 3.55576048605144e-08, 0.9215512871742249, -0.3171199858188629, -0.22400522232055664, 0.1672094613313675, 0.8448693752288818, -0.5081702470779419, 0.3504059612751007, 0.4308488965034485, 0.831615686416626),
            ["LeftUpperLeg"] = CFrame.new(-1.1920928955078125e-07, -1.2479722499847412e-07, -7.450580596923828e-08, 0.7636066675186157, 0.6272884607315063, 0.15301719307899475, -0.5614616870880127, 0.7621176838874817, -0.3223932385444641, -0.31885045766830444, 0.16026823222637177, 0.9341565370559692),
            ["RightLowerLeg"] = CFrame.new(6.332993507385254e-08, -0.000003337860107421875, -0.000013111326552461833, 1, -2.365559907957504e-07, 1.7881393432617188e-07, 8.940696716308594e-08, 0.8626177310943604, 0.5058556795120239, -1.4901161193847656e-08, -0.5058562755584717, 0.8626181483268738),
            ["RightFoot"] = CFrame.new(7.450580596923828e-08, 3.5762786865234375e-07, -8.77116690389812e-08, 0.9523362517356873, 0.24357420206069946, 0.18365038931369781, -0.29425835609436035, 0.8922295570373535, 0.3425472676753998, -0.08042297512292862, -0.3802604079246521, 0.9213761687278748),
            ["LeftLowerLeg"] = CFrame.new(8.940696716308594e-08, 0.000003874301910400391, 0.00001329183578491211, 1, 3.762543769880722e-07, 3.27825517842939e-07, -2.663582279183174e-07, 0.2732405960559845, 0.9619457721710205, 2.2724267978446733e-07, -0.9619457125663757, 0.27324041724205017),
        }},
        {Time = 0.067, Data = {
            ["LeftFoot"] = CFrame.new(1.1164229363203049e-07, 0, 1.6763806343078613e-08, 0.9312119483947754, -0.3573688268661499, 0.07163834571838379, 0.3049984872341156, 0.6564342379570007, -0.6899780631065369, 0.19955065846443176, 0.6643656492233276, 0.7202765345573425),
            ["LeftLowerArm"] = CFrame.new(-0.00046685338020324707, -0.00010120868682861328, 1.1920928955078125e-07, 1, 3.427267074584961e-07, 4.3585896492004395e-07, 1.1175872316471214e-07, 0.6412476301193237, -0.767333984375, -5.811453434034775e-07, 0.7673340439796448, 0.6412476301193237),
            ["LowerTorso"] = CFrame.new(-0.21329133212566376, -0.34063684940338135, 0.05146846920251846, 0.8302178382873535, -0.29768678545951843, -0.4712970554828644, 0.21039769053459167, 0.9502729177474976, -0.22959572076797485, 0.5162084102630615, 0.09145466983318329, 0.8515661358833313),
            ["Head"] = CFrame.new(4.470348358154297e-08, -1.1920928955078125e-07, 3.725290298461914e-08, 0.9995079040527344, -0.018239805474877357, 0.02551979385316372, 0.029430456459522247, 0.8267925977706909, -0.5617364048957825, -0.010853582993149757, 0.5622111558914185, 0.8269226551055908),
            ["RightUpperArm"] = CFrame.new(-0.006842136383056641, -0.09798741340637207, 7.450580596923828e-09, 0.8817749619483948, 0.11248365789651871, 0.4581127166748047, 0.24074284732341766, 0.7278088927268982, -0.642120361328125, -0.4056055545806885, 0.6764922738075256, 0.6146659851074219),
            ["UpperTorso"] = CFrame.new(-7.078051567077637e-08, -1.7881393432617188e-07, 7.450580596923828e-09, 0.8670743703842163, 0.2654024064540863, -0.421596497297287, -0.19856449961662292, 0.9602638483047485, 0.19612622261047363, 0.4568961262702942, -0.08634195476770401, 0.885319709777832),
            ["HumanoidRootPart"] = CFrame.new(0, 0, 0, 1, 0, 0, 0, 1, 0, 0, 0, 1),
            ["RightHand"] = CFrame.new(2.9802322387695312e-08, 2.384185791015625e-07, -8.149072527885437e-08, 0.9949614405632019, 0.020375899970531464, -0.09816671907901764, -0.04442678764462471, 0.9673565626144409, -0.24949461221694946, 0.08987856656312943, 0.25259873270988464, 0.963387668132782),
            ["LeftUpperArm"] = CFrame.new(0.006842076778411865, -0.09798789024353027, 2.2351741790771484e-08, 0.7891645431518555, -0.3132477402687073, -0.5283604264259338, -0.3871193528175354, 0.4141446352005005, -0.8237609267234802, 0.4768207371234894, 0.8546111583709717, 0.20555588603019714),
            ["RightLowerArm"] = CFrame.new(-0.000033020973205566406, -0.0000019073486328125, 0.0000011026859283447266, 1, -4.5821070671081543e-07, -4.4237827978577116e-07, -7.450581307466564e-08, 0.6710569262504578, -0.7414059638977051, 5.811453434034775e-07, 0.7414059042930603, 0.6710568070411682),
            ["LeftHand"] = CFrame.new(2.775341272354126e-07, 0.00009995698928833008, 2.086162567138672e-07, 0.9423258900642395, 0.06651924550533295, 0.32802021503448486, 0.0333072729408741, 0.9565491676330566, -0.28966283798217773, -0.33303549885749817, 0.28388211131095886, 0.8991653323173523),
            ["RightUpperLeg"] = CFrame.new(-5.960464477539063e-08, -4.0978193283081055e-08, -6.875052349641919e-08, 0.9390748143196106, -0.24843089282512665, -0.23753052949905396, 0.13234363496303558, 0.8991367816925049, -0.41717925667762756, 0.3172125816345215, 0.36032646894454956, 0.8772347569465637),
            ["LeftUpperLeg"] = CFrame.new(-1.1920928955078125e-07, 2.7939677238464355e-08, -1.4901161193847656e-08, 0.7272477149963379, 0.6652975678443909, 0.16878998279571533, -0.616311252117157, 0.7411991357803345, -0.26605308055877686, -0.30211132764816284, 0.08945918828248978, 0.9490658044815063),
            ["RightLowerLeg"] = CFrame.new(5.21540641784668e-08, -0.000003814697265625, -0.000013241711712908, 1, -6.519257311765614e-08, -3.725290298461914e-08, 4.470347647611561e-08, 0.9061809778213501, 0.422889769077301, 4.470347647611561e-08, -0.42289024591445923, 0.9061811566352844),
            ["RightFoot"] = CFrame.new(1.4901161193847656e-08, 3.5762786865234375e-07, -5.790934665128589e-08, 0.9561004638671875, 0.23714372515678406, 0.17214761674404144, -0.28574880957603455, 0.8847026824951172, 0.36830538511276245, -0.06495825201272964, -0.40132787823677063, 0.9136281609535217),
            ["LeftLowerLeg"] = CFrame.new(8.568167686462402e-08, 0.000003933906555175781, 0.00001329183578491211, 1, 3.986059766702965e-07, 3.3527624054841e-07, -3.706663278535416e-07, 0.2990729808807373, 0.9542301297187805, 3.7252897300277255e-07, -0.9542302489280701, 0.29907333850860596),
        }},
        {Time = 0.100, Data = {
            ["LeftFoot"] = CFrame.new(-1.0780058801174164e-07, 0, -5.587935447692871e-09, 0.9192108511924744, -0.3847509026527405, 0.08377481997013092, 0.33215779066085815, 0.6433791518211365, -0.6897350549697876, 0.21147745847702026, 0.6618384122848511, 0.7191991209983826),
            ["LeftLowerArm"] = CFrame.new(-0.0004668235778808594, -0.00010126829147338867, 2.980232238769531e-07, 1, 3.3248218755943526e-07, 4.2980536818504333e-07, 1.4714898100010032e-07, 0.5530151128768921, -0.8331712484359741, -5.550683113142441e-07, 0.8331712484359741, 0.5530150532722473),
            ["LowerTorso"] = CFrame.new(-0.18396978080272675, -0.32295286655426025, 0.0452708825469017, 0.7950706481933594, -0.36880531907081604, -0.4815032184123993, 0.26129478216171265, 0.9247128963470459, -0.27682313323020935, 0.5473460555076599, 0.0942796841263771, 0.8315789699554443),
            ["Head"] = CFrame.new(-5.960464477539063e-08, -1.1920928955078125e-07, -5.960464477539063e-08, 0.9990153908729553, -0.043224673718214035, 0.010003202594816685, 0.042293649166822433, 0.8596861958503723, -0.5090687870979309, 0.013404694385826588, 0.5089906454086304, 0.8606677055358887),
            ["RightUpperArm"] = CFrame.new(-0.006842195987701416, -0.09798729419708252, 0, 0.9068523645401001, 0.04888954013586044, 0.41864991188049316, 0.17618630826473236, 0.8583176136016846, -0.48191317915916443, -0.38285407423973083, 0.5107844471931458, 0.7697350978851318),
            ["UpperTorso"] = CFrame.new(-6.332993507385254e-08, 5.960464477539063e-08, 0, 0.8695918917655945, 0.34391874074935913, -0.35430195927619934, -0.255048930644989, 0.9272637367248535, 0.274102121591568, 0.4228001534938812, -0.14799267053604126, 0.8940572142601013),
            ["HumanoidRootPart"] = CFrame.new(0, 0, 0, 1, 0, 0, 0, 1, 0, 0, 0, 1),
            ["RightHand"] = CFrame.new(2.9802322387695312e-08, 2.980232238769531e-07, 7.636845111846924e-08, 0.9932792782783508, 0.00367715023458004, -0.11568380892276764, -0.02237502671778202, 0.9867413640022278, -0.16075082123279572, 0.11355891823768616, 0.16225887835025787, 0.9801920652389526),
            ["LeftUpperArm"] = CFrame.new(0.006841897964477539, -0.09798753261566162, -7.450580596923828e-08, 0.7539746165275574, -0.31547513604164124, -0.5762561559677124, -0.3506734371185303, 0.5484431982040405, -0.7590776681900024, 0.5554732084274292, 0.7743937373161316, 0.3028694987297058),
            ["RightLowerArm"] = CFrame.new(-0.00003311038017272949, -8.344650268554688e-07, 6.556510925292969e-07, 1, -6.36093261618953e-07, -3.5576519508140336e-07, 7.450582373280668e-09, 0.514485239982605, -0.8574992418289185, 5.848706905453582e-07, 0.8574991822242737, 0.514485239982605),
            ["LeftHand"] = CFrame.new(-1.448206603527069e-07, 0.00009995698928833008, 1.043081283569336e-07, 0.9182851910591125, 0.13339856266975403, 0.3727695643901825, -0.032348066568374634, 0.9636598229408264, -0.2651668190956116, -0.3945958912372589, 0.23144039511680603, 0.8892297148704529),
            ["RightUpperLeg"] = CFrame.new(-1.1920928955078125e-07, 1.6763806343078613e-08, -3.149762051180005e-08, 0.9575003385543823, -0.13497181236743927, -0.25490331649780273, 0.07248497009277344, 0.9679940938949585, -0.2402777522802353, 0.27917540073394775, 0.2115892767906189, 0.9366381764411926),
            ["LeftUpperLeg"] = CFrame.new(-1.1920928955078125e-07, 2.421438694000244e-07, 4.470348358154297e-08, 0.6677728891372681, 0.7202891707420349, 0.18778367340564728, -0.6927564144134521, 0.6936719417572021, -0.1972508281469345, -0.27233806252479553, 0.001630305894650519, 0.9622003436088562),
            ["RightLowerLeg"] = CFrame.new(1.6391277313232422e-07, -0.0000037550926208496094, -0.00001328268990619108, 1, -7.07805440924858e-08, -2.9802340151263707e-08, 5.96046660916727e-08, 0.9774683117866516, 0.21108201146125793, 0, -0.211082324385643, 0.9774684309959412),
            ["RightFoot"] = CFrame.new(-8.195638656616211e-08, 1.7881393432617188e-07, -5.790934665128589e-08, 0.9601388573646545, 0.22768786549568176, 0.16214683651924133, -0.2775372862815857, 0.8455604314804077, 0.4560713768005371, -0.0332629531621933, -0.4828933775424957, 0.8750471472740173),
            ["LeftLowerLeg"] = CFrame.new(1.4528632164001465e-07, 0.0000036954879760742188, 0.000013276934623718262, 1, -1.67638020798222e-07, -8.568165554834195e-08, 1.1175870895385742e-07, 0.3263972997665405, 0.945232629776001, -7.450580596923828e-08, -0.945232629776001, 0.32639750838279724),
        }},
        {Time = 0.133, Data = {
            ["LeftFoot"] = CFrame.new(-6.984919309616089e-09, -5.960464477539063e-08, 5.587935447692871e-09, 0.9064275622367859, -0.41159650683403015, 0.09474925696849823, 0.3596988916397095, 0.6346931457519531, -0.6839454770088196, 0.22137270867824554, 0.6540283560752869, 0.7233541011810303),
            ["LeftLowerArm"] = CFrame.new(-0.00046694278717041016, -0.00010126829147338867, 2.5331974029541016e-07, 1, 3.9860600509200594e-07, 4.954636096954346e-07, 1.8253925304634322e-07, 0.530032217502594, -0.8479775190353394, -5.885959240004013e-07, 0.8479775190353394, 0.5300322771072388),
            ["LowerTorso"] = CFrame.new(-0.15253515541553497, -0.30492937564849854, 0.04037381336092949, 0.7620627284049988, -0.43175074458122253, -0.48254722356796265, 0.3091662526130676, 0.897427499294281, -0.3147066831588745, 0.5689259171485901, 0.09063892066478729, 0.8173786997795105),
            ["Head"] = CFrame.new(0, -2.384185791015625e-07, -2.9802322387695312e-08, 0.997424840927124, -0.0697343572974205, -0.01676238887012005, 0.05522546172142029, 0.8958733677864075, -0.4408641755580902, 0.04576033726334572, 0.43880319595336914, 0.8974173665046692),
            ["RightUpperArm"] = CFrame.new(-0.006842255592346191, -0.09798717498779297, 0, 0.9243987202644348, 0.004884370137006044, 0.3814399540424347, 0.14720843732357025, 0.9178774952888489, -0.3685450255870819, -0.3518759310245514, 0.3968338072299957, 0.8477488160133362),
            ["UpperTorso"] = CFrame.new(-4.470348358154297e-08, 5.960464477539063e-08, 5.21540641784668e-08, 0.8637693524360657, 0.41627418994903564, -0.28393372893333435, -0.31658935546875, 0.8867180943489075, 0.3369010090827942, 0.3920123279094696, -0.20111440122127533, 0.8977078199386597),
            ["HumanoidRootPart"] = CFrame.new(0, 0, 0, 1, 0, 0, 0, 1, 0, 0, 0, 1),
            ["RightHand"] = CFrame.new(-2.9802322387695312e-08, 2.384185791015625e-07, 1.0640360414981842e-07, 0.9945787787437439, -0.0022452743723988533, -0.10396207869052887, -0.013750048354268074, 0.9881484508514404, -0.15288403630256653, 0.10307325422763824, 0.15348470211029053, 0.9827606081962585),
            ["LeftUpperArm"] = CFrame.new(0.00684201717376709, -0.09798789024353027, -1.341104507446289e-07, 0.7192755937576294, -0.3289678394794464, -0.6119632720947266, -0.32284215092658997, 0.6216608285903931, -0.7136331796646118, 0.6151549220085144, 0.7108573317527771, 0.34092313051223755),
            ["RightLowerArm"] = CFrame.new(-0.0000330507755279541, -0.0000013113021850585938, 8.344650268554688e-07, 1, -6.032641408637573e-07, -2.9872171580791473e-07, 1.862645326866641e-08, 0.44635891914367676, -0.8948540091514587, 6.835908266111801e-07, 0.8948540091514587, 0.4463590085506439),
            ["LeftHand"] = CFrame.new(8.381903171539307e-08, 0.00010007619857788086, 3.2782554626464844e-07, 0.9099295139312744, 0.1776740849018097, 0.3747805058956146, -0.06548584997653961, 0.953810453414917, -0.29318469762802124, -0.409560889005661, 0.24223461747169495, 0.8795353770256042),
            ["RightUpperLeg"] = CFrame.new(-5.960464477539063e-08, 1.471489667892456e-07, -3.149762051180005e-08, 0.9667727947235107, -0.03080175817012787, -0.253775030374527, 0.012834945693612099, 0.9973111152648926, -0.07215242087841034, 0.2553149461746216, 0.06649766862392426, 0.9645684957504272),
            ["LeftUpperLeg"] = CFrame.new(-5.960464477539063e-08, 4.1350722312927246e-07, -4.470348358154297e-08, 0.6083983778953552, 0.7667837142944336, 0.20468083024024963, -0.7577134966850281, 0.6379229426383972, -0.13756722211837769, -0.2360546588897705, -0.07139362394809723, 0.9691135883331299),
            ["RightLowerLeg"] = CFrame.new(5.960464477539063e-08, -0.0000036954879760742188, -0.0000133199428091757, 1, 4.4703494239684005e-08, -1.4156101713069802e-07, 2.2351741790771484e-08, 0.999984085559845, 0.005653641652315855, 7.450580596923828e-09, -0.0056539191864430904, 0.999984085559845),
            ["RightFoot"] = CFrame.new(-5.960464477539063e-08, 2.384185791015625e-07, 1.1345400707796216e-07, 0.9633595943450928, 0.21809035539627075, 0.15612496435642242, -0.26814356446266174, 0.7964037656784058, 0.5420708060264587, -0.006117973942309618, -0.5640724897384644, 0.8257022500038147),
            ["LeftLowerLeg"] = CFrame.new(2.9802322387695312e-08, 0.000003874301910400391, 0.000013217329978942871, 1, 1.527369164477932e-07, 9.685756197086448e-08, -1.30385160446167e-07, 0.35905614495277405, 0.9333160519599915, 7.450580596923828e-08, -0.9333159327507019, 0.3590560853481293),
        }},
        {Time = 0.167, Data = {
            ["LeftFoot"] = CFrame.new(5.3318217396736145e-08, 0, 5.029141902923584e-08, 0.8955539464950562, -0.43325600028038025, 0.10135318338871002, 0.3812282085418701, 0.6296614408493042, -0.6768980622291565, 0.2294520139694214, 0.6448376774787903, 0.7290655970573425),
            ["LeftLowerArm"] = CFrame.new(-0.0004672408103942871, -0.00010120868682861328, -4.917383193969727e-07, 1, 3.874301341966202e-07, 5.234031732470612e-07, 1.527369164477932e-07, 0.5538127422332764, -0.8326413035392761, -5.625188919111679e-07, 0.8326411843299866, 0.5538128018379211),
            ["LowerTorso"] = CFrame.new(-0.12538877129554749, -0.2900909185409546, 0.037278249859809875, 0.7414648532867432, -0.46946513652801514, -0.4794084429740906, 0.3526507019996643, 0.8804926872253418, -0.3168124258518219, 0.5708480477333069, 0.06584161520004272, 0.8184115886688232),
            ["Head"] = CFrame.new(2.9802322387695312e-08, -1.1920928955078125e-07, 0, 0.9947863221168518, -0.08995244652032852, -0.04805157706141472, 0.06423566490411758, 0.9186362028121948, -0.3898479640483856, 0.0792095959186554, 0.38472869992256165, 0.9196248054504395),
            ["RightUpperArm"] = CFrame.new(-0.006842315196990967, -0.09798741340637207, -1.6391277313232422e-07, 0.9341469407081604, -0.03238885477185249, 0.3554580807685852, 0.15064620971679688, 0.938582718372345, -0.3104252517223358, -0.32353565096855164, 0.34353116154670715, 0.8816381692886353),
            ["UpperTorso"] = CFrame.new(8.940696716308594e-08, 1.4901161193847656e-07, 4.842877388000488e-08, 0.8484163880348206, 0.474712073802948, -0.23417533934116364, -0.378902792930603, 0.8535696864128113, 0.35756322741508484, 0.36962446570396423, -0.21463288366794586, 0.9040522575378418),
            ["HumanoidRootPart"] = CFrame.new(0, 0, 0, 1, 0, 0, 0, 1, 0, 0, 0, 1),
            ["RightHand"] = CFrame.new(2.0489096641540527e-07, 4.172325134277344e-07, -3.762543201446533e-07, 0.9954193234443665, -0.011169757694005966, -0.09495086222887039, -0.006109845824539661, 0.9836896657943726, -0.179770365357399, 0.09541016817092896, 0.17952705919742584, 0.9791154861450195),
            ["LeftUpperArm"] = CFrame.new(0.00684201717376709, -0.09798765182495117, -7.450580596923828e-08, 0.6949959993362427, -0.3592013120651245, -0.6229236125946045, -0.29825764894485474, 0.644233763217926, -0.7042490839958191, 0.6542347073554993, 0.6752314567565918, 0.34058696031570435),
            ["RightLowerArm"] = CFrame.new(-0.00003311038017272949, -0.0000014901161193847656, 8.940696716308594e-07, 1, -5.370820304051449e-07, -2.812593891121651e-07, -2.0489098417897367e-08, 0.4331566393375397, -0.9013187289237976, 7.338823024838348e-07, 0.9013187289237976, 0.4331566095352173),
            ["LeftHand"] = CFrame.new(-1.7136335372924805e-07, 0.00010007619857788086, 9.685754776000977e-08, 0.9183258414268494, 0.18369047343730927, 0.35062146186828613, -0.061230067163705826, 0.9410601258277893, -0.3326511085033417, -0.39106079936027527, 0.2840135395526886, 0.875447154045105),
            ["RightUpperLeg"] = CFrame.new(2.384185791015625e-07, 3.818422555923462e-07, -9.110226528719068e-08, 0.9657081961631775, 0.027294017374515533, -0.25819161534309387, -0.040988657623529434, 0.9980153441429138, -0.0478069968521595, 0.25637391209602356, 0.05675036460161209, 0.9649102091789246),
            ["LeftUpperLeg"] = CFrame.new(1.7881393432617188e-07, 5.979090929031372e-07, -1.4901161193847656e-08, 0.5596932172775269, 0.8043892979621887, 0.19925223290920258, -0.8003647327423096, 0.5870345234870911, -0.12168308347463608, -0.21484865248203278, -0.09136985242366791, 0.972364068031311),
            ["RightLowerLeg"] = CFrame.new(2.9802322387695312e-08, -0.000003635883331298828, -0.000013334843970369548, 1, 1.4901162970204496e-08, -6.70552182668871e-08, 2.980232949312267e-08, 0.999984085559845, 0.0056595648638904095, -5.960465898624534e-08, -0.005659878719598055, 0.9999839663505554),
            ["RightFoot"] = CFrame.new(-2.9802322387695312e-08, 2.384185791015625e-07, -5.75528247281909e-09, 0.9648879766464233, 0.2096906304359436, 0.1581808179616928, -0.2625901997089386, 0.7841719388961792, 0.5622464418411255, -0.006142986472696066, -0.5840412378311157, 0.8117005825042725),
            ["LeftLowerLeg"] = CFrame.new(-7.450580596923828e-08, 0.000003933906555175781, 0.000013366341590881348, 1, 1.6391271628890536e-07, 8.195637946073475e-08, -7.450577754752885e-08, 0.38009634613990784, 0.9249468445777893, 5.960462345910855e-08, -0.9249469041824341, 0.380096435546875),
        }},
        {Time = 0.200, Data = {
            ["LeftFoot"] = CFrame.new(8.149072527885437e-08, -1.1920928955078125e-07, -5.4016709327697754e-08, 0.8862665295600891, -0.4511830806732178, 0.10471653938293457, 0.39744293689727783, 0.6247018575668335, -0.6721508502960205, 0.2378465235233307, 0.6373236775398254, 0.7329717874526978),
            ["LeftLowerArm"] = CFrame.new(-0.00046712160110473633, -0.00010144710540771484, -1.6391277313232422e-07, 1, 3.539025499321724e-07, 5.187466172174027e-07, 1.7136333951839333e-07, 0.5853523015975952, -0.8107790946960449, -6.034969715074112e-07, 0.8107790946960449, 0.5853523015975952),
            ["LowerTorso"] = CFrame.new(-0.10265084356069565, -0.28170454502105713, 0.03555610403418541, 0.7312183976173401, -0.4879853129386902, -0.47664451599121094, 0.39008447527885437, 0.8723517060279846, -0.2946805953979492, 0.5596014261245728, 0.029544269666075706, 0.8282350897789001),
            ["Head"] = CFrame.new(3.725290298461914e-08, 1.1920928955078125e-07, -1.4901161193847656e-08, 0.9923154711723328, -0.10063236951828003, -0.07199501991271973, 0.06751781702041626, 0.927971601486206, -0.366483598947525, 0.10368932783603668, 0.3588063418865204, 0.9276349544525146),
            ["RightUpperArm"] = CFrame.new(-0.006842195987701416, -0.09798705577850342, -2.9802322387695312e-08, 0.9363300204277039, -0.058392882347106934, 0.3462742269039154, 0.1621396839618683, 0.9465411901473999, -0.27886471152305603, -0.31144341826438904, 0.31725388765335083, 0.8957281112670898),
            ["UpperTorso"] = CFrame.new(-4.470348358154297e-08, -2.9802322387695312e-08, 1.1175870895385742e-08, 0.8295406103134155, 0.5173906087875366, -0.2101651281118393, -0.43046218156814575, 0.8321653604507446, 0.3495757281780243, 0.3557592034339905, -0.19951920211315155, 0.913032054901123),
            ["HumanoidRootPart"] = CFrame.new(0, 0, 0, 1, 0, 0, 0, 1, 0, 0, 0, 1),
            ["RightHand"] = CFrame.new(-1.341104507446289e-07, 1.7881393432617188e-07, -2.7567148208618164e-07, 0.9945371747016907, -0.03698214143514633, -0.09761197865009308, 0.015287203714251518, 0.9766556620597839, -0.2142663449048996, 0.10325729846954346, 0.21160361170768738, 0.9718858003616333),
            ["LeftUpperArm"] = CFrame.new(0.006841897964477539, -0.09798741340637207, -1.1920928955078125e-07, 0.6838496923446655, -0.39144378900527954, -0.6157939434051514, -0.2752363085746765, 0.643186628818512, -0.714504599571228, 0.6757178902626038, 0.658090353012085, 0.3320860266685486),
            ["RightLowerArm"] = CFrame.new(-0.000032901763916015625, -0.0000010728836059570312, 8.344650268554688e-07, 1, -6.672925678685715e-07, -2.8125944595558394e-07, 7.450580596923828e-09, 0.43676427006721497, -0.8995760679244995, 6.649643182754517e-07, 0.8995760083198547, 0.4367642402648926),
            ["LeftHand"] = CFrame.new(2.7939677238464355e-07, 0.00010007619857788086, 9.164214134216309e-07, 0.9337825179100037, 0.15590688586235046, 0.32209205627441406, -0.03401494771242142, 0.9346946477890015, -0.3538205623626709, -0.3562207520008087, 0.3194354474544525, 0.8781046867370605),
            ["RightUpperLeg"] = CFrame.new(1.1920928955078125e-07, 1.3224780559539795e-07, -3.149762051180005e-08, 0.9588255286216736, 0.06958834826946259, -0.27533814311027527, -0.08633135259151459, 0.9950534701347351, -0.04914892464876175, 0.2705560624599457, 0.07089532911777496, 0.9600903391838074),
            ["LeftUpperLeg"] = CFrame.new(-5.960464477539063e-08, 2.2165477275848389e-07, 0, 0.5210505723953247, 0.8354697227478027, 0.17463307082653046, -0.8275982141494751, 0.5445812940597534, -0.13606110215187073, -0.20877669751644135, -0.07363126426935196, 0.9751874804496765),
            ["RightLowerLeg"] = CFrame.new(-7.450580596923828e-08, -0.000003516674041748047, -0.000013215634680818766, 1, 7.450582373280668e-09, -1.4901157641133977e-08, -7.450580596923828e-08, 0.9999840259552002, 0.005661814007908106, 5.960464477539063e-08, -0.0056621297262609005, 0.9999839663505554),
            ["RightFoot"] = CFrame.new(4.470348358154297e-08, 2.980232238769531e-07, 5.420588422566652e-09, 0.9652582406997681, 0.20270930230617523, 0.16488030552864075, -0.26122456789016724, 0.7635723948478699, 0.5905246138572693, -0.006193618290126324, -0.6130791902542114, 0.7899969220161438),
            ["LeftLowerLeg"] = CFrame.new(4.842877388000488e-08, 0.000003933906555175781, 0.000013247132301330566, 1, 7.4505820180093e-08, 0, -8.195637946073475e-08, 0.3859025537967682, 0.9225397109985352, -1.4901159417490817e-08, -0.9225395917892456, 0.38590240478515625),
        }},
        {Time = 0.233, Data = {
            ["LeftFoot"] = CFrame.new(1.2456439435482025e-07, 5.960464477539063e-08, -4.842877388000488e-08, 0.8788043260574341, -0.4652470052242279, 0.10605649650096893, 0.4094157814979553, 0.620975911617279, -0.6684070229530334, 0.24511569738388062, 0.6308202147483826, 0.7361957430839539),
            ["LeftLowerArm"] = CFrame.new(-0.00046712160110473633, -0.00010126829147338867, 2.980232238769531e-07, 1, 3.613531021073868e-07, 4.936009077027848e-07, 1.4156104555240745e-07, 0.6129142045974731, -0.7901495099067688, -5.736947628065536e-07, 0.790149450302124, 0.6129142045974731),
            ["LowerTorso"] = CFrame.new(-0.0833565890789032, -0.2793539762496948, 0.03502302244305611, 0.7289510369300842, -0.49596938490867615, -0.4718524217605591, 0.4141930043697357, 0.8683331608772278, -0.27284005284309387, 0.5450454354286194, 0.0034490306861698627, 0.8383994102478027),
            ["Head"] = CFrame.new(4.470348358154297e-08, -1.1920928955078125e-07, 4.470348358154297e-08, 0.9912470579147339, -0.10375501215457916, -0.08163522928953171, 0.06798598170280457, 0.9312278628349304, -0.3580399751663208, 0.11316941678524017, 0.34935593605041504, 0.9301307797431946),
            ["RightUpperArm"] = CFrame.new(-0.006842136383056641, -0.09798729419708252, 2.9802322387695312e-08, 0.930467963218689, -0.04661276564002037, 0.3634392023086548, 0.15824003517627716, 0.9457103610038757, -0.2838790714740753, -0.3304385244846344, 0.3216509222984314, 0.887313187122345),
            ["UpperTorso"] = CFrame.new(-2.2351741790771484e-08, 0, -9.313225746154785e-09, 0.8144607543945312, 0.5410970449447632, -0.20944622159004211, -0.4588897228240967, 0.8216204643249512, 0.33817145228385925, 0.35506880283355713, -0.1793147623538971, 0.9174816012382507),
            ["HumanoidRootPart"] = CFrame.new(0, 0, 0, 1, 0, 0, 0, 1, 0, 0, 0, 1),
            ["RightHand"] = CFrame.new(-3.3527612686157227e-08, 2.384185791015625e-07, -4.470348358154297e-08, 0.9918032884597778, -0.08495435863733292, -0.09544104337692261, 0.05645926296710968, 0.9614557027816772, -0.2691010534763336, 0.11462361365556717, 0.2615067660808563, 0.9583714008331299),
            ["LeftUpperArm"] = CFrame.new(0.00684201717376709, -0.09798789024353027, -1.4901161193847656e-08, 0.6937261819839478, -0.4144926965236664, -0.5890849828720093, -0.2558145225048065, 0.6227242946624756, -0.739415168762207, 0.673277735710144, 0.663634181022644, 0.3259512186050415),
            ["RightLowerArm"] = CFrame.new(-0.00003325939178466797, -0.0000014901161193847656, 8.344650268554688e-07, 1, -5.979089223728806e-07, -3.147870017983223e-07, -1.862645371275562e-09, 0.4719284772872925, -0.8816368579864502, 6.845221491857956e-07, 0.8816368579864502, 0.47192850708961487),
            ["LeftHand"] = CFrame.new(3.725290298461914e-08, 0.00010001659393310547, 1.1175870895385742e-07, 0.9550617337226868, 0.08626483380794525, 0.2835761308670044, 0.017673887312412262, 0.9384363293647766, -0.34499984979629517, -0.2958794832229614, 0.33450815081596375, 0.8947399854660034),
            ["RightUpperLeg"] = CFrame.new(0, -8.847564458847046e-08, 4.300818545743823e-08, 0.951495349407196, 0.09564754366874695, -0.2924180328845978, -0.11561267822980881, 0.991946280002594, -0.051733508706092834, 0.2851147949695587, 0.08303126692771912, 0.954890251159668),
            ["LeftUpperLeg"] = CFrame.new(5.960464477539063e-08, 2.7730129659175873e-07, -2.9802322387695312e-08, 0.49602892994880676, 0.8557125329971313, 0.14734885096549988, -0.8437268137931824, 0.5150874853134155, -0.15102942287921906, -0.20513519644737244, -0.04940704256296158, 0.9774858951568604),
            ["RightLowerLeg"] = CFrame.new(-1.4901161193847656e-08, -0.000003516674041748047, -0.000013230535842012614, 1, 6.705525379402388e-08, -1.4901159417490817e-08, 7.450581307466564e-08, 0.9999840259552002, 0.0056613232009112835, -2.980232594040899e-08, -0.005661661736667156, 0.9999839663505554),
            ["RightFoot"] = CFrame.new(0, 3.5762786865234375e-07, 5.3849362302571535e-08, 0.9657813310623169, 0.1982315480709076, 0.16724394261837006, -0.2592833340167999, 0.7533977627754211, 0.6042885780334473, -0.006212261971086264, -0.6269738674163818, 0.7790152430534363),
            ["LeftLowerLeg"] = CFrame.new(2.2351741790771484e-08, 0.0000037550926208496094, 0.000013500452041625977, 1, 2.2351745343485163e-08, 5.960465188081798e-08, -2.9802318834981634e-08, 0.38605403900146484, 0.9224762916564941, 4.470347647611561e-08, -0.9224762320518494, 0.3860539197921753),
        }},
        {Time = 0.267, Data = {
            ["LeftFoot"] = CFrame.new(2.7939677238464355e-09, -5.960464477539063e-08, -6.146728992462158e-08, 0.8767092227935791, -0.46964478492736816, 0.10399333387613297, 0.41188502311706543, 0.6212794780731201, -0.6666051149368286, 0.2484586238861084, 0.6272525787353516, 0.7381212711334229),
            ["LeftLowerArm"] = CFrame.new(-0.00046750903129577637, -0.0001017451286315918, 1.341104507446289e-07, 1, 3.315508649848198e-07, 4.968605935573578e-07, 1.750886866602741e-07, 0.655844509601593, -0.7548960447311401, -6.258489406718581e-07, 0.7548960447311401, 0.6558444499969482),
            ["LowerTorso"] = CFrame.new(-0.07677683234214783, -0.2820354700088501, 0.039045803248882294, 0.7341508865356445, -0.4942525029182434, -0.46555018424987793, 0.4175943434238434, 0.8693183660507202, -0.26438722014427185, 0.5353853702545166, -0.00031100018532015383, 0.8446078896522522),
            ["Head"] = CFrame.new(-4.470348358154297e-08, 1.1920928955078125e-07, -4.470348358154297e-08, 0.9921213388442993, -0.09726344048976898, -0.07896393537521362, 0.06214473024010658, 0.9293529391288757, -0.36392492055892944, 0.10878195613622665, 0.35615041851997375, 0.9280751347541809),
            ["RightUpperArm"] = CFrame.new(-0.006842255592346191, -0.09798729419708252, -1.043081283569336e-07, 0.9312416315078735, 0.008162976242601871, 0.3643532693386078, 0.13252757489681244, 0.9237000346183777, -0.3594585657119751, -0.33944883942604065, 0.383029580116272, 0.8590904474258423),
            ["UpperTorso"] = CFrame.new(-2.0489096641540527e-08, -2.9802322387695312e-08, -3.725290298461914e-09, 0.8140738010406494, 0.5354943871498108, -0.2247878909111023, -0.4520243704319, 0.8272473812103271, 0.3336702287197113, 0.364633709192276, -0.1700226217508316, 0.9154969453811646),
            ["HumanoidRootPart"] = CFrame.new(0, 0, 0, 1, 0, 0, 0, 1, 0, 0, 0, 1),
            ["RightHand"] = CFrame.new(7.264316082000732e-08, 2.384185791015625e-07, 9.12696123123169e-08, 0.9931167364120483, -0.09989142417907715, -0.06116297468543053, 0.07568231970071793, 0.9457991123199463, -0.31581053137779236, 0.08939465880393982, 0.30900779366493225, 0.9468489289283752),
            ["LeftUpperArm"] = CFrame.new(0.006841897964477539, -0.09798765182495117, -1.043081283569336e-07, 0.7144215703010559, -0.4391103684902191, -0.5448530912399292, -0.24836716055870056, 0.5687848329544067, -0.7840664386749268, 0.6541526913642883, 0.6954609155654907, 0.29727914929389954),
            ["RightLowerArm"] = CFrame.new(-0.000032961368560791016, -0.0000015497207641601562, 8.642673492431641e-07, 1, -5.598410552920541e-07, -3.809108477526024e-07, 4.190951585769653e-09, 0.536682665348053, -0.8437842726707458, 6.791669875383377e-07, 0.8437841534614563, 0.536682665348053),
            ["LeftHand"] = CFrame.new(2.2351741790771484e-07, 0.00010001659393310547, 4.3958425521850586e-07, 0.973198413848877, 0.00021724402904510498, 0.2299671769142151, 0.08002056926488876, 0.9371873736381531, -0.33952420949935913, -0.21559609472751617, 0.34882640838623047, 0.912051796913147),
            ["RightUpperLeg"] = CFrame.new(0, -7.181370165199041e-09, -3.149762051180005e-08, 0.9479787945747375, 0.09811639040708542, -0.3028356730937958, -0.11968173086643219, 0.9913727045059204, -0.05344713106751442, 0.29497888684272766, 0.08691056072711945, 0.9515429139137268),
