return {
    ["Pick It Up"] = {
        [1] = {Time = 0.000, Data = {
            ["RightFoot"] = CFrame.new(3.91155481338501e-08, 2.980232238769531e-07, 2.4047039914876223e-08, 0.9902306199073792, 0.10005416721105576, 0.09712228178977966, -0.10763394087553024, 0.9912647008895874, 0.07621827721595764, -0.08864783495664597, -0.08592704683542252, 0.9923498034477234),
            ["LeftLowerArm"] = CFrame.new(-4.76837158203125e-07, 0.0000011324882507324219, 4.470348358154297e-07, 1, -1.2665985593685036e-07, 1.4901159417490817e-08, 8.754432201385498e-08, 0.37318360805511475, -0.9277575612068176, 4.470348358154297e-08, 0.9277575016021729, 0.37318360805511475),
            ["RightUpperArm"] = CFrame.new(0, 3.5762786865234375e-07, -2.086162567138672e-07, 0.9383655786514282, -0.34557488560676575, -0.00693564023822546, 0.32839637994766235, 0.8976200222969055, -0.29399704933166504, 0.10782349109649658, 0.2735990285873413, 0.9557812213897705),
            ["Head"] = CFrame.new(1.6763806343078613e-08, 1.1920928955078125e-07, -1.9790604710578918e-07, 0.971007764339447, -0.16605663299560547, 0.17195695638656616, 0.20056134462356567, 0.9573364853858948, -0.20804354548454285, -0.13007356226444244, 0.2364998161792755, 0.9628856182098389),
            ["RightHand"] = CFrame.new(3.2782554626464844e-07, 2.980232238769531e-07, 6.780028343200684e-07, 0.9985969662666321, 0.02700044959783554, -0.04555424675345421, -0.04366866871714592, 0.9064813852310181, -0.4199817478656769, 0.029954388737678528, 0.42138177156448364, 0.906388521194458),
            ["UpperTorso"] = CFrame.new(-5.587935447692871e-09, -2.086162567138672e-07, 3.91155481338501e-08, 0.9181956648826599, -0.07645710557699203, 0.3886786103248596, -0.06557945162057877, 0.9383177161216736, 0.3394986093044281, -0.3906611204147339, -0.3372156023979187, 0.8565451502799988),
            ["HumanoidRootPart"] = CFrame.new(0, 0, 0, 1, 0, 0, 0, 1, 0, 0, 0, 1),
            ["RightUpperLeg"] = CFrame.new(-2.682209014892578e-07, 4.637986421585083e-07, 9.888753993436694e-08, 0.9896564483642578, -0.0921168252825737, 0.10997600853443146, 0.13747987151145935, 0.8279884457588196, -0.5436307191848755, -0.040981363505125046, 0.5531272292137146, 0.8320883512496948),
            ["LeftUpperArm"] = CFrame.new(-2.384185791015625e-07, -1.1920928955078125e-07, -2.980232238769531e-07, 0.967649519443512, 0.1651909053325653, 0.190699964761734, -0.22150444984436035, 0.9181045889854431, 0.3286636769771576, -0.12079022824764252, -0.3602721095085144, 0.9249939322471619),
            ["RightLowerArm"] = CFrame.new(-4.172325134277344e-07, 5.960464477539062e-07, -0.0000014901161193847656, 1, -8.987262845039368e-08, 7.823110337312755e-08, 7.264319634714411e-08, -0.12414439022541046, -0.9922641515731812, 1.0989611354261797e-07, 0.9922642111778259, -0.12414439767599106),
            ["LeftHand"] = CFrame.new(3.8743019104003906e-07, -2.384185791015625e-07, 8.940696716308594e-08, 0.9821053743362427, -0.006940069142729044, -0.1882048398256302, -0.04872072860598564, 0.9559407234191895, -0.2894890010356903, 0.18192173540592194, 0.2934780716896057, 0.9384961724281311),
            ["LeftFoot"] = CFrame.new(-1.862645149230957e-08, 1.1920928955078125e-07, -3.725290298461914e-09, 0.9903178811073303, 0.10940883308649063, -0.08544088155031204, -0.08998379856348038, 0.9746096730232239, 0.20503447949886322, 0.10570409148931503, -0.1953607201576233, 0.9750183820724487),
            ["LowerTorso"] = CFrame.new(0.028661087155342102, -0.05342090129852295, 0.43901723623275757, 0.9947260618209839, 0.03275398910045624, -0.09719722718000412, -0.02211911603808403, 0.9938458204269409, 0.10854177922010422, 0.10015422105789185, -0.10581941157579422, 0.9893288016319275),
            ["RightLowerLeg"] = CFrame.new(1.7834827303886414e-07, -0.0000036954879760742188, -0.000013248230970930308, 1, -1.0058283805847168e-07, -6.33299421792799e-08, 9.872017869838601e-08, 0.7052576541900635, 0.7089509963989258, -4.563479905073109e-08, -0.7089511752128601, 0.705257773399353),
            ["LeftUpperLeg"] = CFrame.new(-1.1920928955078125e-07, -2.8219074010849e-07, 9.685754776000977e-08, 0.9574620127677917, 0.012698743492364883, 0.2882799804210663, 0.14944961667060852, 0.832779586315155, -0.5330501794815063, -0.24684277176856995, 0.5534590482711792, 0.7954571843147278),
            ["LeftLowerLeg"] = CFrame.new(6.647314876317978e-08, 0.0000037550926208496094, 0.000013347715139389038, 1, 4.0978196835794733e-08, 4.470347292340193e-08, -3.259627945340071e-08, 0.8233882188796997, 0.5674794316291809, -1.4901155864777138e-08, -0.5674786567687988, 0.8233875632286072)
        }},
        [2] = {Time = 0.033, Data = {
            ["RightFoot"] = CFrame.new(-5.960464477539063e-08, 2.980232238769531e-07, -2.996966941282153e-08, 0.9879053235054016, 0.15303970873355865, -0.024943046271800995, -0.15499968826770782, 0.9702231884002686, -0.1861240118741989, -0.004284028895199299, 0.18773914873600006, 0.9822096228599548),
            ["LeftLowerArm"] = CFrame.new(-6.556510925292969e-07, 7.152557373046875e-07, -2.384185791015625e-07, 1, -8.940699558479537e-08, 5.820765380804005e-08, 3.7252917195473856e-08, 0.5110355019569397, -0.8595595955848694, 0, 0.8595595955848694, 0.5110355019569397),
            ["RightUpperArm"] = CFrame.new(2.384185791015625e-07, 1.1920928955078125e-07, -1.4901161193847656e-07, 0.9549393653869629, -0.2956370413303375, -0.026261426508426666, 0.28490182757377625, 0.937861442565918, -0.1981082409620285, 0.0831977054476738, 0.1816994547843933, 0.9798282980918884),
            ["Head"] = CFrame.new(0, 2.384185791015625e-07, -4.0512531995773315e-08, 0.9847313165664673, -0.13246183097362518, -0.11295176297426224, 0.10024645924568176, 0.9619557857513428, -0.2541491389274597, 0.1423197090625763, 0.2389456033706665, 0.9605467915534973),
            ["RightHand"] = CFrame.new(4.023313522338867e-07, 4.172325134277344e-07, 5.960464477539063e-08, 0.9940851330757141, 0.10581859201192856, -0.02443709224462509, -0.10531745105981827, 0.8843523263931274, -0.45478489995002747, -0.026513680815696716, 0.45466846227645874, 0.8902660608291626),
            ["UpperTorso"] = CFrame.new(5.587935447692871e-09, 2.9802322387695312e-08, 5.657784640789032e-08, 0.9569010734558105, -0.09828455746173859, 0.2732774615287781, -0.021848313510417938, 0.9139621257781982, 0.40521109104156494, -0.2895912230014801, -0.39371755719184875, 0.8724238872528076),
            ["HumanoidRootPart"] = CFrame.new(0, 0, 0, 1, 0, 0, 0, 1, 0, 0, 0, 1),
            ["RightUpperLeg"] = CFrame.new(5.960464477539063e-08, 1.3783574104309082e-07, 1.1751399142667651e-07, 0.9579652547836304, -0.07148396223783493, 0.2778358459472656, 0.21014168858528137, 0.8341456651687622, -0.5099428296089172, -0.1953028440475464, 0.5468921065330505, 0.8141041398048401),
            ["LeftUpperArm"] = CFrame.new(0, 3.5762786865234375e-07, 0, 0.9714577198028564, 0.20692633092403412, 0.11598038673400879, -0.20931962132453918, 0.9778085350990295, 0.008715623989701271, -0.11160308122634888, -0.03274376317858696, 0.9932132363319397),
            ["RightLowerArm"] = CFrame.new(-5.960464477539062e-07, 0.0000011324882507324219, -0.0000016093254089355469, 1, -8.195638656616211e-08, 5.960463766996327e-08, 9.313227167240257e-08, 0.23518052697181702, -0.9719517230987549, 6.705523247774181e-08, 0.9719517827033997, 0.23518049716949463),
            ["LeftHand"] = CFrame.new(6.705522537231445e-08, -2.384185791015625e-07, 1.4901161193847656e-07, 0.9728314280509949, -0.017221961170434952, -0.23087362945079803, -0.057270877063274384, 0.9483336806297302, -0.3120630085468292, 0.22431960701942444, 0.3168070614337921, 0.9215824007987976),
            ["LeftFoot"] = CFrame.new(-9.313225746154785e-09, 0, 1.4901161193847656e-08, 0.984675943851471, 0.12692230939865112, -0.11959949880838394, -0.13125041127204895, 0.9909248948097229, -0.029003046452999115, 0.11483306437730789, 0.04425609111785889, 0.9923985004425049),
            ["LowerTorso"] = CFrame.new(0.0035440591163933277, -0.12234961986541748, 0.44588756561279297, 0.9927229285240173, 0.06443528831005096, -0.1017317920923233, -0.056088510900735855, 0.994979977607727, 0.0828794613480568, 0.10656145960092545, -0.07657036185264587, 0.9913535118103027),
            ["RightLowerLeg"] = CFrame.new(8.568167686462402e-08, -0.000003516674041748047, -0.000013297591067384928, 1, -1.3411046495548362e-07, -4.4703490686970326e-08, 1.1548399925231934e-07, 0.6243157386779785, 0.7811720371246338, -6.705522537231445e-08, -0.7811721563339233, 0.6243159174919128),
            ["LeftUpperLeg"] = CFrame.new(-1.1920928955078125e-07, -4.5262277126312256e-07, 1.341104507446289e-07, 0.9432781338691711, -0.026309173554182053, 0.3309594988822937, 0.19246643781661987, 0.8555919528007507, -0.4805406332015991, -0.27052372694015503, 0.5169819593429565, 0.8121247291564941),
            ["LeftLowerLeg"] = CFrame.new(-2.8870999813079834e-08, 0.000003993511199951172, 0.00001333095133304596, 1, 6.70552182668871e-08, 1.3038519597330378e-08, -3.725290298461914e-08, 0.7978752255439758, 0.6028224229812622, -1.4901161193847656e-08, -0.6028226017951965, 0.7978754639625549)
        }},
        [3] = {Time = 0.067, Data = {
            ["RightFoot"] = CFrame.new(-3.725290298461914e-08, 2.980232238769531e-07, -1.3205863069742918e-08, 0.9821724891662598, 0.16178017854690552, -0.09573166072368622, -0.18528811633586884, 0.9190655946731567, -0.3478310704231262, 0.031711187213659286, 0.3593685030937195, 0.93265700340271),
            ["LeftLowerArm"] = CFrame.new(-3.5762786865234375e-07, -5.364418029785156e-07, -1.862645149230957e-07, 1, -9.313223614526578e-08, 5.215404996761208e-08, 7.636847954017867e-08, 0.566959023475647, -0.8237460255622864, 1.4901166522918174e-08, 0.8237460851669312, 0.5669589638710022),
            ["RightUpperArm"] = CFrame.new(1.1920928955078125e-07, -1.1920928955078125e-07, 8.940696716308594e-08, 0.9569168090820312, -0.27470171451568604, -0.09407012909650803, 0.26562994718551636, 0.959033727645874, -0.0984635204076767, 0.1172645315527916, 0.06923354417085648, 0.9906845092773438),
            ["Head"] = CFrame.new(2.2351741790771484e-08, 1.1920928955078125e-07, 7.404014468193054e-08, 0.9381542801856995, -0.09595316648483276, -0.33265531063079834, 0.008667525835335255, 0.967035710811615, -0.2544935941696167, 0.346109002828598, 0.23587088286876678, 0.9080602526664734),
            ["RightHand"] = CFrame.new(1.2665987014770508e-07, 4.172325134277344e-07, -8.940696716308594e-08, 0.9724219441413879, 0.23118440806865692, -0.030814122408628464, -0.21554473042488098, 0.8403461575508118, -0.49735188484191895, -0.08908546715974808, 0.4902777671813965, 0.8670015335083008),
            ["UpperTorso"] = CFrame.new(-1.4901161193847656e-08, -8.940696716308594e-08, 2.0721927285194397e-08, 0.977593183517456, -0.1081414744257927, 0.1806018352508545, 0.017946192994713783, 0.8976452946662903, 0.4403533637523651, -0.20973685383796692, -0.4272453486919403, 0.879472553730011),
            ["HumanoidRootPart"] = CFrame.new(0, 0, 0, 1, 0, 0, 0, 1, 0, 0, 0, 1),
            ["RightUpperLeg"] = CFrame.new(-1.1920928955078125e-07, 4.991888999938965e-07, 2.218221197836101e-07, 0.925163209438324, -0.06472572684288025, 0.37401050329208374, 0.2517213523387909, 0.8421257734298706, -0.4769284129142761, -0.2840941250324249, 0.5353828072547913, 0.7953963875770569),
            ["LeftUpperArm"] = CFrame.new(-2.384185791015625e-07, -3.5762786865234375e-07, 2.5331974029541016e-07, 0.9686052799224854, 0.24685651063919067, 0.02942385897040367, -0.22666779160499573, 0.9255418181419373, -0.30330541729927063, -0.10210593044757843, 0.2871137857437134, 0.9524390697479248),
            ["RightLowerArm"] = CFrame.new(-8.642673492431641e-07, 0.0000011920928955078125, -0.0000014901161193847656, 1, -6.332993507385254e-08, 4.4703490686970326e-08, 5.587936158235607e-08, 0.6072139739990234, -0.7945383191108704, 3.166497108963995e-08, 0.7945383191108704, 0.607214093208313),
            ["LeftHand"] = CFrame.new(-3.166496753692627e-08, 1.7881393432617188e-07, 0, 0.9636955261230469, -0.043072979897260666, -0.2635065019130707, -0.060049671679735184, 0.9266553521156311, -0.3710850179195404, 0.26016348600387573, 0.37343645095825195, 0.8904271125793457),
            ["LeftFoot"] = CFrame.new(-7.450580596923828e-09, 0, 3.725290298461914e-09, 0.9799036979675293, 0.13523174822330475, -0.146633580327034, -0.1655445694923401, 0.9614424109458923, -0.2195982038974762, 0.11128281056880951, 0.23945964872837067, 0.9645077586174011),
            ["LowerTorso"] = CFrame.new(-0.018615173175930977, -0.17023909091949463, 0.4479728937149048, 0.9896961450576782, 0.08597865700721741, -0.11449548602104187, -0.07801345735788345, 0.9943252801895142, 0.07232711464166641, 0.12006432563066483, -0.062649667263031, 0.9907874464988708),
            ["RightLowerLeg"] = CFrame.new(-6.705522537231445e-08, -0.0000036954879760742188, -0.000013290140486788005, 1, -1.3411042232291948e-07, -8.940699558479537e-08, 1.8253919620292436e-07, 0.5850313901901245, 0.8110103011131287, -6.70552182668871e-08, -0.8110107183456421, 0.585032045841217),
            ["LeftUpperLeg"] = CFrame.new(-2.384185791015625e-07, -1.1734664440155029e-07, 1.6391277313232422e-07, 0.9289754629135132, -0.04213475063443184, 0.36773568391799927, 0.22394168376922607, 0.8550171256065369, -0.4677561819553375, -0.29471126198768616, 0.5168852210044861, 0.8037254810333252),
            ["LeftLowerLeg"] = CFrame.new(4.936009645462036e-08, 0.000003874301910400391, 0.000013363547623157501, 1, 1.2293457984924316e-07, 0, -7.264316792543468e-08, 0.7472866177558899, 0.6645017862319946, 5.2154071283894154e-08, -0.664501965045929, 0.7472866773605347)
        }},
        [4] = {Time = 0.100, Data = {
            ["RightFoot"] = CFrame.new(7.450580596923828e-08, 2.384185791015625e-07, -7.281050784513354e-08, 0.9758913516998291, 0.1820218712091446, -0.1204342469573021, -0.21388588845729828, 0.9074532389640808, -0.3616366982460022, 0.043462399393320084, 0.378677636384964, 0.924507737159729),
            ["LeftLowerArm"] = CFrame.new(-5.662441253662109e-07, 1.1920928955078125e-07, 7.450580596923828e-09, 1, -7.823110337312755e-08, 6.332992086299782e-08, 6.577466393764553e-08, 0.5401630401611328, -0.8415604829788208, 3.632158396271734e-08, 0.8415604829788208, 0.540162980556488),
            ["RightUpperArm"] = CFrame.new(0, -5.960464477539062e-07, -1.4156103134155273e-07, 0.9553603529930115, -0.23612774908542633, -0.1775677353143692, 0.2391698807477951, 0.9709678292274475, -0.0043872687965631485, 0.17344848811626434, -0.0382775254547596, 0.9840988516807556),
            ["Head"] = CFrame.new(3.3993273973464966e-08, -1.1920928955078125e-07, -2.7241185307502747e-08, 0.8638161420822144, -0.05693745240569115, -0.5005795955657959, -0.06440005451440811, 0.9729635119438171, -0.22179870307445526, 0.4996742606163025, 0.22383052110671997, 0.8367948532104492),
            ["RightHand"] = CFrame.new(2.789893187582493e-07, 2.384185791015625e-07, 1.6577541828155518e-07, 0.9397147297859192, 0.3394165635108948, -0.04162586107850075, -0.31133756041526794, 0.7988541126251221, -0.5146854519844055, -0.1414397805929184, 0.4966171979904175, 0.8563680648803711),
            ["UpperTorso"] = CFrame.new(-1.3620592653751373e-08, -8.940696716308594e-08, 4.1720340959727764e-08, 0.9871740341186523, -0.10216452926397324, 0.12267852574586868, 0.03931213915348053, 0.9003258347511292, 0.43343743681907654, -0.15473264455795288, -0.42305538058280945, 0.8927944898605347),
            ["HumanoidRootPart"] = CFrame.new(0, 0, 0, 1, 0, 0, 0, 1, 0, 0, 0, 1),
            ["RightUpperLeg"] = CFrame.new(5.960464477539063e-08, -9.685754776000977e-08, 9.143695933744311e-08, 0.8986635208129883, -0.045396286994218826, 0.4362836182117462, 0.28221648931503296, 0.8212655186653137, -0.49585989117622375, -0.3357942998409271, 0.5687374472618103, 0.7508525252342224),
            ["LeftUpperArm"] = CFrame.new(-2.384185791015625e-07, -7.152557373046875e-07, -1.0058283805847168e-07, 0.9599109292030334, 0.2743232846260071, -0.05760081857442856, -0.26115480065345764, 0.8005911707878113, -0.5393070578575134, -0.10182978212833405, 0.5327293872833252, 0.8401369452476501),
            ["RightLowerArm"] = CFrame.new(-5.662441253662109e-07, 9.5367431640625e-07, -0.0000018402934074401855, 1, -4.773028905447063e-08, 2.421439226907296e-08, 5.401671643312511e-08, 0.7551551461219788, -0.655546247959137, 1.5832485544819974e-08, 0.6555461883544922, 0.7551551461219788),
            ["LeftHand"] = CFrame.new(-9.12696123123169e-08, 1.7881393432617188e-07, 4.172325134277344e-07, 0.957050085067749, -0.07195600122213364, -0.2808513939380646, -0.05887562036514282, 0.9002904891967773, -0.43128976225852966, 0.2838815152645111, 0.42930126190185547, 0.8573866486549377),
            ["LeftFoot"] = CFrame.new(-1.862645149230957e-08, 0, -1.862645149230957e-08, 0.9778714179992676, 0.14336106181144714, -0.1523655652999878, -0.1829044669866562, 0.9393870234489441, -0.28999701142311096, 0.10155584663152695, 0.3114478886127472, 0.9448209404945374),
            ["LowerTorso"] = CFrame.new(-0.03843486309051514, -0.18818390369415283, 0.44810253381729126, 0.9862273931503296, 0.09256888180971146, -0.13706408441066742, -0.08015580475330353, 0.992389440536499, 0.09347841888666153, 0.1446741372346878, -0.08120448142290115, 0.9861416816711426),
            ["RightLowerLeg"] = CFrame.new(-7.82310962677002e-08, -0.0000036954879760742188, -0.000013394448615144938, 1, -1.4901162614933128e-07, -3.725290653733282e-08, 1.4156105976326216e-07, 0.5600609183311462, 0.8284513354301453, -1.3411047916633834e-07, -0.8284514546394348, 0.5600610971450806),
            ["LeftUpperLeg"] = CFrame.new(-3.5762786865234375e-07, -3.986060619354248e-07, 1.341104507446289e-07, 0.917975664138794, -0.036531560122966766, 0.39495107531547546, 0.24380283057689667, 0.8373975157737732, -0.4892093539237976, -0.31285929679870605, 0.5453723669052124, 0.7776168584823608),
            ["LeftLowerLeg"] = CFrame.new(7.194466888904572e-08, 0.000003814697265625, 0.000013359356671571732, 1, 8.195636524988004e-08, 2.60770232074492e-08, -6.332992796842518e-08, 0.7122052907943726, 0.7019716501235962, 3.7252898543727042e-09, -0.7019712328910828, 0.7122049927711487)
        }},
        [5] = {Time = 0.133, Data = {
            ["RightFoot"] = CFrame.new(2.9802322387695312e-08, 1.1920928955078125e-07, 1.6952981241047382e-09, 0.9716593623161316, 0.22142617404460907, -0.08275764435529709, -0.234175905585289, 0.9494177103042603, -0.20920701324939728, 0.03224774822592735, 0.22265824675559998, 0.9743632078170776),
            ["LeftLowerArm"] = CFrame.new(-6.556510925292969e-07, 5.960464477539062e-07, 8.940696716308594e-08, 1, -9.313227877782992e-08, 6.519256601222878e-08, 1.0058285937475375e-07, 0.4585404396057129, -0.8886735439300537, 4.4703494239684005e-08, 0.8886736035346985, 0.4585403800010681),
            ["RightUpperArm"] = CFrame.new(0, 1.1920928955078125e-07, -1.341104507446289e-07, 0.9425348043441772, -0.2003997415304184, -0.26733532547950745, 0.22804713249206543, 0.9706478714942932, 0.07640118896961212, 0.24417772889137268, -0.1329759657382965, 0.9605700373649597),
            ["Head"] = CFrame.new(3.3527612686157227e-08, -1.1920928955078125e-07, -1.6391277313232422e-07, 0.7555044293403625, -0.009635500609874725, -0.6550726890563965, -0.13389232754707336, 0.976516842842102, -0.168783500790596, 0.6413158178329468, 0.2152256816625595, 0.7364726066589355),
            ["RightHand"] = CFrame.new(2.60770320892334e-07, 4.76837158203125e-07, 1.862645149230957e-07, 0.9234232902526855, 0.38378289341926575, -0.00036122839082963765, -0.3434661626815796, 0.8259961009025574, -0.44694700837135315, -0.17123223841190338, 0.4128451943397522, 0.8945604562759399),
            ["UpperTorso"] = CFrame.new(5.587935447692871e-09, -1.7881393432617188e-07, -8.288770914077759e-08, 0.9946213960647583, -0.06247551739215851, 0.0826144888997078, 0.022680310532450676, 0.9096184372901917, 0.4148251712322235, -0.10106406360864639, -0.41072025895118713, 0.9061428904533386),
            ["HumanoidRootPart"] = CFrame.new(0, 0, 0, 1, 0, 0, 0, 1, 0, 0, 0, 1),
            ["RightUpperLeg"] = CFrame.new(-8.940696716308594e-08, 4.246830940246582e-07, 1.1751399142667651e-07, 0.883865237236023, 0.0020748332608491182, 0.4677371680736542, 0.28515467047691345, 0.7902792096138, -0.542352020740509, -0.37076833844184875, 0.6127433180809021, 0.6979085206985474),
            ["LeftUpperArm"] = CFrame.new(-2.384185791015625e-07, -2.384185791015625e-07, -1.1175870895385742e-07, 0.9481407999992371, 0.29132941365242004, -0.12710773944854736, -0.296953409910202, 0.6692854762077332, -0.6810842156410217, -0.11334847658872604, 0.6835086941719055, 0.7210881114006042),
            ["RightLowerArm"] = CFrame.new(-8.642673492431641e-07, 5.960464477539062e-07, -0.0000011175870895385742, 1, -3.282911364976826e-08, 0, 7.450583439094771e-08, 0.7817177176475525, -0.6236323714256287, 2.980233304583635e-08, 0.6236324906349182, 0.7817177772521973),
            ["LeftHand"] = CFrame.new(0, 1.1920928955078125e-07, 1.4901161193847656e-07, 0.9547680020332336, -0.09190402179956436, -0.28279271721839905, -0.050851497799158096, 0.8865618705749512, -0.45980679988861084, 0.29297134280204773, 0.4533892273902893, 0.8417873978614807),
            ["LeftFoot"] = CFrame.new(-3.725290298461914e-09, -1.1920928955078125e-07, -7.450580596923828e-09, 0.9769160747528076, 0.15312084555625916, -0.14896009862422943, -0.1869928538799286, 0.9500928521156311, -0.24971428513526917, 0.1032894104719162, 0.27180445194244385, 0.956793487071991),
            ["LowerTorso"] = CFrame.new(-0.05654127523303032, -0.1662689447402954, 0.44672560691833496, 0.9820479154586792, 0.06588486582040787, -0.1767517477273941, -0.04419776797294617, 0.9913042187690735, 0.12394574284553528, 0.18338090181350708, -0.11390861868858337, 0.9764202237129211),
            ["RightLowerLeg"] = CFrame.new(5.587935447692871e-08, -0.0000035762786865234375, -0.0000133199428091757, 1, -1.6391273049976007e-07, -2.2351741790771484e-08, 1.378357126213814e-07, 0.5899990797042847, 0.8074036836624146, -5.215404996761208e-08, -0.8074039816856384, 0.5899994969367981),
            ["LeftUpperLeg"] = CFrame.new(-5.960464477539063e-08, -3.688037395477295e-07, -1.043081283569336e-07, 0.9091004133224487, 0.0025081420317292213, 0.41656962037086487, 0.2315223217010498, 0.8282769322395325, -0.5102498531341553, -0.3463147282600403, 0.56031334400177, 0.7524060606956482),
            ["LeftLowerLeg"] = CFrame.new(-1.4668330550193787e-08, 0.000004172325134277344, 0.000013301149010658264, 1, 3.3527616238870905e-08, -3.7252898543727042e-09, -7.823111758398227e-08, 0.723284125328064, 0.6905506253242493, 2.2351747119842003e-08, -0.6905505061149597, 0.723284125328064)
        }},
        [6] = {Time = 0.167, Data = {
            ["RightFoot"] = CFrame.new(-2.9802322387695312e-08, 4.172325134277344e-07, 1.6952981241047382e-09, 0.9654206037521362, 0.2592657506465912, 0.02728881500661373, -0.2605944871902466, 0.9567923545837402, 0.12899179756641388, 0.0073332637548446655, -0.13164256513118744, 0.991270124912262),
            ["LeftLowerArm"] = CFrame.new(-7.450580596923828e-07, 8.344650268554688e-07, 1.7881393432617188e-07, 1, -9.685754776000977e-08, 8.009372010064908e-08, 9.685759039257391e-08, 0.2844294607639313, -0.9586970210075378, 5.215408904746255e-08, 0.9586970210075378, 0.2844294309616089),
            ["RightUpperArm"] = CFrame.new(-1.1920928955078125e-07, -1.1920928955078125e-07, -4.470348358154297e-08, 0.9092831015586853, -0.1868826150894165, -0.3718591034412384, 0.24356141686439514, 0.9634712338447571, 0.11136002838611603, 0.337464302778244, -0.19182820618152618, 0.9215854406356812),
            ["Head"] = CFrame.new(4.842877388000488e-08, 4.76837158203125e-07, 5.21540641784668e-08, 0.6655533313751221, 0.027369963005185127, -0.7458482384681702, -0.17468543350696564, 0.9772825837135315, -0.12001670897006989, 0.7256196141242981, 0.21016617119312286, 0.6552147269248962),
            ["RightHand"] = CFrame.new(1.1920928955078125e-07, 0.0000010132789611816406, 2.5331974029541016e-07, 0.9304184913635254, 0.3561404049396515, 0.08651866018772125, -0.317381888628006, 0.9010053873062134, -0.2957329750061035, -0.1832761913537979, 0.24769601225852966, 0.9513446092605591),
            ["UpperTorso"] = CFrame.new(-1.1175870895385742e-08, -2.9802322387695312e-08, 1.1175870895385742e-08, 0.9976325035095215, 0.004160038195550442, 0.06864470988512039, -0.03164617344737053, 0.9139757752418518, 0.4045330882072449, -0.061056748032569885, -0.4057477116584778, 0.9119434952735901),
            ["HumanoidRootPart"] = CFrame.new(0, 0, 0, 1, 0, 0, 0, 1, 0, 0, 0, 1),
            ["RightUpperLeg"] = CFrame.new(1.1920928955078125e-07, 7.045455276966095e-07, -9.145878721028566e-09, 0.8870750665664673, 0.06702161580324173, 0.4567342698574066, 0.2533801794052124, 0.7563478946685791, -0.6031057238578796, -0.385871022939682, 0.6507271528244019, 0.6539551019668579),
            ["LeftUpperArm"] = CFrame.new(-1.1920928955078125e-07, -3.5762786865234375e-07, -2.9802322387695312e-08, 0.9338621497154236, 0.30630847811698914, -0.18459871411323547, -0.3335117995738983, 0.5595397353172302, -0.7587392926216125, -0.129117950797081, 0.7701237201690674, 0.6246904134750366),
            ["RightLowerArm"] = CFrame.new(-0.0000014007091522216797, 8.344650268554688e-07, -0.0000015795230865478516, 1, -1.1362135410308838e-07, 2.60770320892334e-08, 4.842878453814592e-08, 0.7231683135032654, -0.6906718611717224, 1.4901164746561335e-08, 0.6906719207763672, 0.7231682538986206),
            ["LeftHand"] = CFrame.new(2.980232238769531e-07, 2.980232238769531e-07, 5.960464477539062e-07, 0.960320234298706, -0.09894687682390213, -0.2607578635215759, -0.030515721067786217, 0.8920608758926392, -0.4508838653564453, 0.27722543478012085, 0.44095003604888916, 0.853644609451294),
            ["LeftFoot"] = CFrame.new(1.1175870895385742e-08, -5.960464477539063e-08, 1.1175870895385742e-08, 0.9754114747047424, 0.15721246600151062, -0.15445701777935028, -0.18091513216495514, 0.9714042544364929, -0.15376468002796173, 0.1258663535118103, 0.17792734503746033, 0.9759607911109924),
            ["LowerTorso"] = CFrame.new(-0.07370221614837646, -0.10857594013214111, 0.4423297047615051, 0.9730868339538574, 0.010680040344595909, -0.2301911562681198, 0.02294442243874073, 0.9894710183143616, 0.14290082454681396, 0.22929365932941437, -0.1443365067243576, 0.9625962376594543),
            ["RightLowerLeg"] = CFrame.new(5.4016709327697754e-08, -0.000003814697265625, -0.00001326033816440031, 1, -1.2293457984924316e-07, -5.960463766996327e-08, 1.4901161193847656e-07, 0.6743303537368774, 0.7384296655654907, -5.960464477539063e-08, -0.7384297847747803, 0.6743305921554565),
            ["LeftUpperLeg"] = CFrame.new(-1.1920928955078125e-07, -5.2619725465774536e-08, 0, 0.9001659750938416, 0.066619373857975, 0.4304223358631134, 0.18339011073112488, 0.8383877873420715, -0.5132973194122314, -0.39505624771118164, 0.5409878492355347, 0.7424706220626831),
            ["LeftLowerLeg"] = CFrame.new(-1.5599653124809265e-08, 0.000003993511199951172, 0.000013284385204315186, 1, 4.0978189730367376e-08, 1.4901154088420299e-08, -4.842877388000488e-08, 0.7750840783119202, 0.6318581700325012, 2.9802322387695312e-08, -0.6318580508232117, 0.7750840187072754)
        }},
        [7] = {Time = 0.200, Data = {
            ["RightFoot"] = CFrame.new(-1.1362135410308838e-07, 4.172325134277344e-07, -2.2519088815897703e-08, 0.9578608870506287, 0.2191307544708252, 0.18570035696029663, -0.2871720492839813, 0.7439035773277283, 0.6034393310546875, -0.0059113213792443275, -0.6313391923904419, 0.7754846811294556),
            ["LeftLowerArm"] = CFrame.new(1.1920928955078125e-07, 0.0000011324882507324219, 1.1920928955078125e-07, 1, -8.940699558479537e-08, 8.940694584680386e-08, 7.450580596923828e-08, 0.06088933348655701, -0.9981445670127869, 5.960464477539063e-08, 0.9981445670127869, 0.060889244079589844),
            ["RightUpperArm"] = CFrame.new(1.1920928955078125e-07, -2.384185791015625e-07, -7.078051567077637e-08, 0.8853284120559692, -0.14287663996219635, -0.4424702227115631, 0.2227403074502945, 0.9656435251235962, 0.13386313617229462, 0.4081425666809082, -0.2170688360929489, 0.8867360353469849),
            ["Head"] = CFrame.new(8.288770914077759e-08, 2.384185791015625e-07, -1.471489667892456e-07, 0.6083601713180542, 0.05071639269590378, -0.7920390963554382, -0.19758227467536926, 0.9762148857116699, -0.0892520621418953, 0.7686736583709717, 0.21079003810882568, 0.6039108633995056),
            ["RightHand"] = CFrame.new(2.384185791015625e-07, 7.152557373046875e-07, 1.1920928955078125e-07, 0.9406779408454895, 0.3031599521636963, 0.15237845480442047, -0.2831644117832184, 0.9488444924354553, -0.1396861970424652, -0.18693065643310547, 0.0882515162229538, 0.9784011244773865),
            ["UpperTorso"] = CFrame.new(0, -8.940696716308594e-08, -9.685754776000977e-08, 0.9956136345863342, 0.06692999601364136, 0.06537482887506485, -0.08817228674888611, 0.9049126505851746, 0.4163638949394226, -0.03129129484295845, -0.4203018248081207, 0.9068446755409241),
            ["HumanoidRootPart"] = CFrame.new(0, 0, 0, 1, 0, 0, 0, 1, 0, 0, 0, 1),
            ["RightUpperLeg"] = CFrame.new(0, 7.80448317527771e-07, -5.3849362302571535e-08, 0.9062010645866394, 0.10231998562812805, 0.41028082370758057, 0.19100706279277802, 0.7665951251983643, -0.6130648255348206, -0.3772478699684143, 0.6339263916015625, 0.6751452684402466),
            ["LeftUpperArm"] = CFrame.new(-1.1920928955078125e-07, -4.76837158203125e-07, -2.5331974029541016e-07, 0.9133593440055847, 0.33146998286247253, -0.23643721640110016, -0.3772720396518707, 0.4706389605998993, -0.7975994348526001, -0.15310370922088623, 0.8176960349082947, 0.5549166798591614),
            ["RightLowerArm"] = CFrame.new(-0.0000010728836059570312, 7.152557373046875e-07, -0.0000014007091522216797, 1, -5.448238482586021e-08, 1.0430815677864302e-07, 8.94070240065048e-08, 0.6079135537147522, -0.7940033078193665, 5.960468030252741e-08, 0.7940031886100769, 0.6079135537147522),
            ["LeftHand"] = CFrame.new(-5.960464477539062e-07, 4.172325134277344e-07, -2.384185791015625e-07, 0.9719477295875549, -0.10195566713809967, -0.21194994449615479, -0.00032448777346871793, 0.9005764126777649, -0.434697687625885, 0.23519694805145264, 0.4225723147392273, 0.8752800822257996),
            ["LeftFoot"] = CFrame.new(6.332993507385254e-08, -1.1920928955078125e-07, -7.450580596923828e-09, 0.9726067185401917, 0.1642177850008011, -0.1645263433456421, -0.1616983264684677, 0.9864233136177063, 0.0286849532276392, 0.16700302064418793, -0.0012954819248989224, 0.9859555959701538),
            ["LowerTorso"] = CFrame.new(-0.08993377536535263, -0.01985466480255127, 0.43478477001190186, 0.9558916687965393, -0.04506153613328934, -0.29024234414100647, 0.08817166835069656, 0.9866098165512085, 0.1372109055519104, 0.28017300367355347, -0.1567499041557312, 0.9470652341842651),
            ["RightLowerLeg"] = CFrame.new(-2.421438694000244e-08, -0.0000040531158447265625, -0.000013275239325594157, 1, -6.77537101978487e-08, -1.5832485544819974e-08, 9.685756197086448e-08, 0.8430445194244385, 0.5378434658050537, -4.4703490686970326e-08, -0.5378438234329224, 0.8430447578430176),
            ["LeftUpperLeg"] = CFrame.new(-1.1920928955078125e-07, -1.862645149230957e-08, -1.6391277313232422e-07, 0.8871719837188721, 0.13899710774421692, 0.44000670313835144, 0.1235794797539711, 0.8471506834030151, -0.5167823433876038, -0.44458305835723877, 0.5128505229949951, 0.7343909740447998),
            ["LeftLowerLeg"] = CFrame.new(3.119930624961853e-08, 0.0000037550926208496094, 0.000013282522559165955, 1, 4.470348358154297e-08, 1.6763802790364934e-08, -8.195637946073475e-08, 0.8232911825180054, 0.567619264125824, 1.1175869119028903e-08, -0.567619264125824, 0.8232911825180054)
        }},
        [8] = {Time = 0.233, Data = {
            ["RightFoot"] = CFrame.new(-2.2351741790771484e-08, 2.384185791015625e-07, -1.673470251262188e-10, 0.969969630241394, 0.019618183374404907, 0.2424333393573761, -0.17019765079021454, 0.7668046951293945, 0.6189050078392029, -0.1737574189901352, -0.6415806412696838, 0.7471162676811218),
            ["LeftLowerArm"] = CFrame.new(-0.000001043081283569336, 0.0000013113021850585938, -2.980232238769531e-07, 1, -8.940699558479537e-08, 8.940699558479537e-08, 8.940699558479537e-08, -0.14246687293052673, -0.9897996783256531, 1.3411049337719305e-07, 0.9897995591163635, -0.14246676862239838),
            ["RightUpperArm"] = CFrame.new(2.384185791015625e-07, -3.5762786865234375e-07, 2.4493783712387085e-07, 0.8947206735610962, -0.07709042727947235, -0.4399228096008301, 0.17765669524669647, 0.965142548084259, 0.19219247996807098, 0.40977197885513306, -0.250113844871521, 0.8772285580635071),
            ["Head"] = CFrame.new(6.332993507385254e-08, 1.1920928955078125e-07, -1.043081283569336e-07, 0.5784155130386353, 0.06067778170108795, -0.8134824633598328, -0.2094191014766693, 0.9748532176017761, -0.0761900544166565, 0.7884029150009155, 0.2144281566143036, 0.5765773057937622),
            ["RightHand"] = CFrame.new(2.086162567138672e-07, -5.960464477539063e-08, 1.1920928955078125e-07, 0.9539077281951904, 0.24434038996696472, 0.1742354780435562, -0.2372594177722931, 0.9695481061935425, -0.06070077419281006, -0.18376122415065765, 0.01656392402946949, 0.9828314185142517),
            ["UpperTorso"] = CFrame.new(4.470348358154297e-08, -6.854534149169922e-07, -5.21540641784668e-08, 0.9922875761985779, 0.10412916541099548, 0.06725021451711655, -0.1235712543129921, 0.8737594485282898, 0.47039830684661865, -0.009778417646884918, -0.47508060932159424, 0.8798880577087402),
            ["HumanoidRootPart"] = CFrame.new(0, 0, 0, 1, 0, 0, 0, 1, 0, 0, 0, 1),
            ["RightUpperLeg"] = CFrame.new(0, -3.8743019104003906e-07, 5.790934665128589e-08, 0.9541751742362976, 0.14872704446315765, 0.2596733570098877, 0.05212000012397766, 0.7718916535377502, -0.6336140036582947, -0.2946750819683075, 0.6181128621101379, 0.7287682294845581),
            ["LeftUpperArm"] = CFrame.new(-2.384185791015625e-07, -9.5367431640625e-07, 8.940696716308594e-08, 0.8823882937431335, 0.38991492986679077, -0.2633577883243561, -0.419685423374176, 0.39916154742240906, -0.8151897192001343, -0.21273232996463776, 0.8298413157463074, 0.5158571004867554),
            ["RightLowerArm"] = CFrame.new(-8.642673492431641e-07, 7.748603820800781e-07, -0.0000016093254089355469, 1, -1.0430816388407038e-07, 2.9802322387695312e-08, 7.450584860180243e-08, 0.4723013937473297, -0.8814371228218079, 5.960468030252741e-08, 0.8814371228218079, 0.4723013639450073),
            ["LeftHand"] = CFrame.new(1.1920928955078125e-07, -5.960464477539063e-08, -1.564621925354004e-07, 0.9843049049377441, -0.10264396667480469, -0.1435556560754776, 0.03309619799256325, 0.906387448310852, -0.42114898562431335, 0.17334537208080292, 0.4097878038883209, 0.895558774471283),
            ["LeftFoot"] = CFrame.new(6.984919309616089e-09, -5.960464477539063e-08, 6.51925802230835e-09, 0.971021831035614, 0.17964032292366028, -0.1576259583234787, -0.1142972931265831, 0.9282960891723633, 0.3538397252559662, 0.20988741517066956, -0.3255699872970581, 0.9219281673431396),
            ["LowerTorso"] = CFrame.new(-0.104803666472435, 0.08163881301879883, 0.423941433429718, 0.9320761561393738, -0.0947096198797226, -0.3496628999710083, 0.13069961965084076, 0.9881277084350586, 0.080754354596138, 0.33786338567733765, -0.12097001820802689, 0.9333888292312622),
            ["RightLowerLeg"] = CFrame.new(-3.5390257835388184e-08, -0.000003993511199951172, -0.000013323668099474162, 1, -9.03382755268467e-08, -3.236346302060156e-08, 8.568166975919667e-08, 0.8553902506828308, 0.5179837942123413, -1.862644971595273e-08, -0.5179840922355652, 0.8553905487060547),
            ["LeftUpperLeg"] = CFrame.new(5.960464477539063e-08, -4.675239324569702e-07, 1.4901161193847656e-08, 0.8738458752632141, 0.19327004253864288, 0.4461393654346466, 0.05318303778767586, 0.874096691608429, -0.48283207416534424, -0.48328572511672974, 0.4456477463245392, 0.7535468935966492),
            ["LeftLowerLeg"] = CFrame.new(6.426125764846802e-08, 0.000004231929779052734, 0.000013314187526702881, 1, 5.774199962615967e-08, 1.3969840395589017e-08, -5.215404996761208e-08, 0.8854631781578064, 0.4647095203399658, -3.7252894102834944e-09, -0.4647095501422882, 0.885463297367096)
        }},
        [9] = {Time = 0.267, Data = {
            ["RightFoot"] = CFrame.new(3.632158041000366e-08, 1.1920928955078125e-07, -9.480572771281004e-09, 0.9519554972648621, -0.2231220006942749, 0.20975543558597565, 0.04269970580935478, 0.7749650478363037, 0.6305599212646484, -0.3032451868057251, -0.59130859375, 0.7472596168518066),
            ["LeftLowerArm"] = CFrame.new(-1.1920928955078125e-07, 8.344650268554688e-07, 3.5762786865234375e-07, 1, -8.940698847936801e-08, 1.341104365337742e-07, 7.450581307466564e-08, -0.27026301622390747, -0.9627865552902222, 1.6391278734317893e-07, 0.9627866148948669, -0.2702629864215851),
            ["RightUpperArm"] = CFrame.new(2.384185791015625e-07, 3.5762786865234375e-07, -2.0116567611694336e-07, 0.9139007925987244, -0.031174656003713608, -0.40473881363868713, 0.14615492522716522, 0.9554501175880432, 0.2564254403114319, 0.37871378660202026, -0.29350194334983826, 0.8777428269386292),
            ["Head"] = CFrame.new(-2.60770320892334e-08, 1.1920928955078125e-07, -2.7939677238464355e-07, 0.573591411113739, 0.05817447230219841, -0.8170732259750366, -0.2097381055355072, 0.9746540188789368, -0.07784363627433777, 0.7918351292610168, 0.21602164208889008, 0.5712544918060303),
            ["RightHand"] = CFrame.new(3.5762786865234375e-07, 2.980232238769531e-07, 1.1920928955078125e-07, 0.9718272686004639, 0.18133701384067535, 0.15056176483631134, -0.17096950113773346, 0.9820823073387146, -0.07927004247903824, -0.16223861277103424, 0.05129531770944595, 0.9854174256324768),
            ["UpperTorso"] = CFrame.new(-4.470348358154297e-08, -4.172325134277344e-07, 3.725290298461914e-09, 0.9926498532295227, 0.10303329676389694, 0.06348615139722824, -0.12096425890922546, 0.8284685015678406, 0.5468159914016724, 0.0037439223378896713, -0.5504763126373291, 0.8348424434661865),
            ["HumanoidRootPart"] = CFrame.new(0, 0, 0, 1, 0, 0, 0, 1, 0, 0, 0, 1),
            ["RightUpperLeg"] = CFrame.new(5.960464477539063e-08, 4.880130290985107e-07, 8.212373359128833e-08, 0.9729578495025635, 0.21117112040519714, 0.09359416365623474, -0.08541173487901688, 0.7053965330123901, -0.7036481499671936, -0.21461078524589539, 0.6766258478164673, 0.7043575048446655),
            ["LeftUpperArm"] = CFrame.new(-1.1920928955078125e-07, 1.1920928955078125e-07, -1.7881393432617188e-07, 0.8321313261985779, 0.47345101833343506, -0.2887933552265167, -0.4798985719680786, 0.3537476360797882, -0.8028450012207031, -0.27794766426086426, 0.806663990020752, 0.5215728878974915),
            ["RightLowerArm"] = CFrame.new(-0.0000013709068298339844, 7.152557373046875e-07, -0.0000010728836059570312, 1, -8.195641498787154e-08, 4.4703494239684005e-08, 4.470350489782504e-08, 0.3686405420303345, -0.9295721054077148, 1.192093463942001e-07, 0.9295720458030701, 0.36864057183265686),
            ["LeftHand"] = CFrame.new(-5.364418029785156e-07, -4.76837158203125e-07, 1.862645149230957e-08, 0.9926009774208069, -0.1029408648610115, -0.06439467519521713, 0.06720517575740814, 0.9074588418006897, -0.41473114490509033, 0.10112814605236053, 0.4073348045349121, 0.9076626300811768),
            ["LeftFoot"] = CFrame.new(4.738103598356247e-08, -5.960464477539063e-08, -1.862645149230957e-09, 0.9688578844070435, 0.17601294815540314, -0.17416656017303467, -0.081906758248806, 0.8915786743164062, 0.445397287607193, 0.23367857933044434, -0.4172614514827728, 0.8782296776771545),
