return {
    ["Picture Perfect"] = {
        {Time = 0.000, Data = {
            ["RightFoot"] = CFrame.new(-2.60770320892334e-08, 1.7881393432617188e-07, 2.4047039914876223e-08, 0.981693685054779, 0.1881616860628128, -0.029542386531829834, -0.179078608751297, 0.8590003252029419, -0.4796344041824341, -0.06487205624580383, 0.4761444926261902, 0.8769710063934326),
            ["LeftLowerArm"] = CFrame.new(-4.470348358154297e-07, -5.364418029785156e-07, 0, 1, -8.940695295223122e-08, -6.705523247774181e-08, 1.8626447229053156e-07, 0.6026065349578857, -0.7980383634567261, -1.4901157641133977e-08, 0.7980384230613708, 0.6026067137718201),
            ["RightUpperArm"] = CFrame.new(-2.384185791015625e-07, 2.384185791015625e-07, -7.450580596923828e-08, 0.9547109007835388, -0.2942337095737457, -0.04419931024312973, 0.2973882257938385, 0.9389853477478027, 0.17282001674175262, -0.009347178041934967, -0.17813780903816223, 0.9839612245559692),
            ["Head"] = CFrame.new(6.705522537231445e-08, -8.344650268554688e-07, -2.3096799850463867e-07, 0.8017746806144714, -0.0005251691909506917, 0.5976261496543884, 0.0822172686457634, 0.9905881881713867, -0.10943208634853363, -0.5919440984725952, 0.1368752270936966, 0.7942717671394348),
            ["RightHand"] = CFrame.new(3.2782554626464844e-07, 1.7881393432617188e-07, -3.2782554626464844e-07, 0.9621516466140747, 0.26392754912376404, 0.0678694099187851, -0.27250444889068604, 0.9339476823806763, 0.23126457631587982, -0.002349423710256815, -0.24100656807422638, 0.9705207943916321),
            ["UpperTorso"] = CFrame.new(-3.725290298461914e-09, 7.450580596923828e-07, -1.4901161193847656e-08, 0.9973382353782654, -0.007299773395061493, 0.07254771143198013, -0.007726231589913368, 0.9787937998771667, 0.2047022432088852, -0.07250349223613739, -0.20471784472465515, 0.9761321544647217),
            ["HumanoidRootPart"] = CFrame.new(0, 0, 0, 1, 0, 0, 0, 1, 0, 0, 0, 1),
            ["RightUpperLeg"] = CFrame.new(5.960464477539063e-08, -9.98377799987793e-07, 1.3241515262052417e-07, 0.9973706007003784, -0.06799951940774918, 0.025057965889573097, 0.0687817633152008, 0.7793309092521667, -0.6228262186050415, 0.022823618724942207, 0.6229119300842285, 0.7819588780403137),
            ["LeftUpperArm"] = CFrame.new(-1.1920928955078125e-07, 8.344650268554688e-07, 2.384185791015625e-07, 0.9440772533416748, 0.08524979650974274, 0.3185132145881653, -0.10820919275283813, 0.9926019310951233, 0.055064599961042404, -0.31146255135536194, -0.08645135164260864, 0.9463177919387817),
            ["RightLowerArm"] = CFrame.new(-2.9802322387695312e-08, 5.364418029785156e-07, 1.7881393432617188e-07, 1, -5.122273449842396e-08, 1.9371518078514782e-07, 1.862645371275562e-09, 0.7231236100196838, -0.690718412399292, 1.9371512394172896e-07, 0.6907186508178711, 0.7231239080429077),
            ["LeftHand"] = CFrame.new(-4.470348358154297e-07, 4.172325134277344e-07, -2.682209014892578e-07, 0.9897363781929016, 0.06519151479005814, -0.12716910243034363, -0.017509425058960915, 0.9384990334510803, 0.3448372185230255, 0.1418287754058838, -0.33907169103622437, 0.9300082921981812),
            ["LeftFoot"] = CFrame.new(3.632158041000366e-08, -1.1920928955078125e-07, -5.029141902923584e-08, 0.9612804651260376, -0.16583390533924103, -0.2200886458158493, 0.11043952405452728, 0.9635527729988098, -0.2436586320400238, 0.2524738013744354, 0.20991751551628113, 0.9445589184761047),
            ["LowerTorso"] = CFrame.new(-0.07575227320194244, -0.28067195415496826, 0.024859309196472168, 0.7482761740684509, 0.024919768795371056, -0.6629191637039185, 0.07405411452054977, 0.9899106621742249, 0.12080097198486328, 0.6592410802841187, -0.13948437571525574, 0.7388811707496643),
            ["RightLowerLeg"] = CFrame.new(6.705522537231445e-08, -0.00012224912643432617, -0.0000773874853621237, 1, -7.450579886381092e-08, -6.705522537231445e-08, 1.1920931797249068e-07, 0.5314266085624695, 0.8471039533615112, -5.215407838932151e-08, -0.8471043109893799, 0.5314272046089172),
            ["LeftUpperLeg"] = CFrame.new(8.940696716308594e-08, -1.51805579662323e-07, 1.4901161193847656e-08, 0.7218202948570251, 0.6235086917877197, 0.3003535866737366, -0.1348654180765152, 0.5523907542228699, -0.8226032853126526, -0.6788127422332764, 0.553264319896698, 0.4828164279460907),
            ["LeftLowerLeg"] = CFrame.new(-9.546056389808655e-08, 0.00012248754501342773, 0.00007725507020950317, 1, 9.39471647143364e-08, 4.05125177849186e-08, -5.448237061500549e-08, 0.5285727977752686, 0.8488878607749939, 6.05359673500061e-08, -0.8488879799842834, 0.5285729765892029),
        }},
        {Time = 0.028, Data = {
            ["RightFoot"] = CFrame.new(7.078051567077637e-08, 4.172325134277344e-07, 2.4047039914876223e-08, 0.9813194870948792, 0.18965427577495575, -0.03230210766196251, -0.1813008040189743, 0.8554823994636536, -0.485056072473526, -0.06435927748680115, 0.4818517863750458, 0.8738862872123718),
            ["LeftLowerArm"] = CFrame.new(-5.960464477539063e-08, -5.364418029785156e-07, 2.9802322387695312e-08, 1, -2.1234151859061967e-07, -7.450581307466564e-08, 1.2665984172599565e-07, 0.603702187538147, -0.797210156917572, -1.7508860139514582e-07, 0.7972099781036377, 0.6037018895149231),
            ["RightUpperArm"] = CFrame.new(1.1920928955078125e-07, 0.0000011920928955078125, -3.129243850708008e-07, 0.9543619751930237, -0.29527899622917175, -0.044761259108781815, 0.29851099848747253, 0.9385237097740173, 0.1733909547328949, -0.00918919313699007, -0.17883971333503723, 0.9838353395462036),
            ["Head"] = CFrame.new(1.0058283805847168e-07, -1.1920928955078125e-07, -5.960464477539063e-08, 0.8017698526382446, -0.0007166416035033762, 0.5976325273513794, 0.08151348680257797, 0.9907851815223694, -0.10816840082406998, -0.5920478701591492, 0.1354413628578186, 0.7944401502609253),
            ["RightHand"] = CFrame.new(1.4901161193847656e-07, 0, -2.980232238769531e-07, 0.9624060392379761, 0.26238757371902466, 0.07019490003585815, -0.2715700566768646, 0.9342643618583679, 0.23108425736427307, -0.004947202280163765, -0.24145998060703278, 0.9703982472419739),
            ["UpperTorso"] = CFrame.new(-2.60770320892334e-08, 3.8743019104003906e-07, -4.470348358154297e-08, 0.9973450899124146, -0.006952665746212006, 0.07248818874359131, -0.008052772842347622, 0.9787966012954712, 0.20467624068260193, -0.07237417995929718, -0.20471656322479248, 0.9761419892311096),
            ["HumanoidRootPart"] = CFrame.new(0, 0, 0, 1, 0, 0, 0, 1, 0, 0, 0, 1),
            ["RightUpperLeg"] = CFrame.new(2.384185791015625e-07, -0.000001162756234407425, 5.790934665128589e-08, 0.9966839551925659, -0.07635568827390671, 0.02812398225069046, 0.07741386443376541, 0.7833196520805359, -0.616780161857605, 0.025064809247851372, 0.6169118881225586, 0.7866329550743103),
            ["LeftUpperArm"] = CFrame.new(-3.5762786865234375e-07, 0.0000010728836059570312, -2.682209014892578e-07, 0.9431631565093994, 0.08561766147613525, 0.32111218571662903, -0.10835187882184982, 0.9926679730415344, 0.053575072437524796, -0.3141706883907318, -0.08532345294952393, 0.9455246329307556),
            ["RightLowerArm"] = CFrame.new(2.384185791015625e-07, 1.1920928955078125e-07, 1.1920928955078125e-07, 1, -8.3819010399111e-08, 1.1175870895385742e-07, -1.1175868230850483e-08, 0.7230761051177979, -0.6907685399055481, 5.960463056453591e-08, 0.6907683610916138, 0.7230759859085083),
            ["LeftHand"] = CFrame.new(-3.8743019104003906e-07, 2.384185791015625e-07, -3.8743019104003906e-07, 0.9892836809158325, 0.06386475265026093, -0.13129782676696777, -0.014643391594290733, 0.9381269812583923, 0.3459818661212921, 0.1452704519033432, -0.3403517007827759, 0.9290089011192322),
            ["LeftFoot"] = CFrame.new(9.313225746154785e-10, 1.1920928955078125e-07, -5.587935447692871e-09, 0.9604313373565674, -0.16267235577106476, -0.22607392072677612, 0.10677570849657059, 0.9647415280342102, -0.2405676543712616, 0.25723642110824585, 0.20690952241420746, 0.9439374208450317),
            ["LowerTorso"] = CFrame.new(-0.07587237656116486, -0.28033268451690674, 0.022267082706093788, 0.7518947124481201, 0.024414975196123123, -0.658831000328064, 0.0667983666062355, 0.9913502931594849, 0.11297153681516647, 0.6558905243873596, -0.1289515346288681, 0.7437601685523987),
            ["RightLowerLeg"] = CFrame.new(-7.450580596923828e-08, -0.00012224912643432617, -0.00007740238652331755, 1, -1.6391271628890536e-07, 0, 2.0861628513557662e-07, 0.5252412557601929, 0.8509530425071716, -5.2154071283894154e-08, -0.8509534001350403, 0.5252419114112854),
            ["LeftUpperLeg"] = CFrame.new(0, -9.592622518539429e-08, -2.9802322387695312e-08, 0.7231565117835999, 0.6165726184844971, 0.31126049160957336, -0.1313057541847229, 0.5651639103889465, -0.8144623041152954, -0.6780881285667419, 0.548113226890564, 0.48966121673583984),
            ["LeftLowerLeg"] = CFrame.new(4.842877388000488e-08, 0.00012284517288208008, 0.00007718056440353394, 1, 9.033828973770142e-08, 5.215405707303944e-08, -8.47503613954359e-08, 0.5349416136741638, 0.8448889851570129, 3.3527616238870905e-08, -0.8448890447616577, 0.5349417328834534),
        }},
        {Time = 0.056, Data = {
            ["RightFoot"] = CFrame.new(6.332993507385254e-08, 2.384185791015625e-07, -1.3205863069742918e-08, 0.9808233380317688, 0.19180704653263092, -0.03457922488451004, -0.18367943167686462, 0.850368857383728, -0.4930867850780487, -0.06517273187637329, 0.4899826645851135, 0.869292676448822),
            ["LeftLowerArm"] = CFrame.new(5.960464477539063e-08, -2.384185791015625e-07, 0, 1, -8.568166975919667e-08, 1.0430814256778831e-07, 8.195639367158947e-08, 0.6062432527542114, -0.7952796220779419, -2.980232594040899e-08, 0.7952792644500732, 0.6062429547309875),
            ["RightUpperArm"] = CFrame.new(2.384185791015625e-07, 8.344650268554688e-07, -3.8743019104003906e-07, 0.9539011716842651, -0.29609376192092896, -0.04900350794196129, 0.30006444454193115, 0.9377538561820984, 0.17486771941184998, -0.005824223626405001, -0.18151092529296875, 0.9833717346191406),
            ["Head"] = CFrame.new(1.8067657947540283e-07, -5.960464477539062e-07, -5.960464477539063e-08, 0.8027740716934204, -0.0028571607545018196, 0.5962765216827393, 0.08113063871860504, 0.9912126064300537, -0.10447752475738525, -0.5907382965087891, 0.132248193025589, 0.7959514856338501),
            ["RightHand"] = CFrame.new(4.172325134277344e-07, 1.7881393432617188e-07, -2.384185791015625e-07, 0.962763786315918, 0.25937414169311523, 0.07622981071472168, -0.2701125144958496, 0.9345805048942566, 0.23151350021362305, -0.011194679886102676, -0.2434837371110916, 0.9698404669761658),
            ["UpperTorso"] = CFrame.new(-3.5390257835388184e-08, 3.8743019104003906e-07, -6.891787052154541e-08, 0.99736487865448, -0.00651963148266077, 0.0722557008266449, -0.008386307395994663, 0.9789170026779175, 0.20408634841442108, -0.07206292450428009, -0.20415447652339935, 0.9762827157974243),
            ["HumanoidRootPart"] = CFrame.new(0, 0, 0, 1, 0, 0, 0, 1, 0, 0, 0, 1),
            ["RightUpperLeg"] = CFrame.new(1.7881393432617188e-07, -9.30391252040863e-07, 1.3205863069742918e-08, 0.9958733916282654, -0.08539113402366638, 0.03073246404528618, 0.08642809092998505, 0.7890832424163818, -0.6081758737564087, 0.027682624757289886, 0.6083223223686218, 0.7932072877883911),
            ["LeftUpperArm"] = CFrame.new(-4.76837158203125e-07, 9.5367431640625e-07, 5.960464477539063e-08, 0.9419746398925781, 0.08650706708431244, 0.32434603571891785, -0.1092265322804451, 0.9926310181617737, 0.05247136205434799, -0.317416787147522, -0.08485373109579086, 0.9444820880889893),
            ["RightLowerArm"] = CFrame.new(2.980232238769531e-07, -4.76837158203125e-07, 2.384185791015625e-07, 1, -1.3038517820973539e-08, 1.7881399116959074e-07, -3.5390257835388184e-08, 0.7230956554412842, -0.6907480955123901, 1.7881393432617188e-07, 0.6907479763031006, 0.7230955362319946),
            ["LeftHand"] = CFrame.new(-4.76837158203125e-07, 3.5762786865234375e-07, -2.384185791015625e-07, 0.9883643984794617, 0.06252826750278473, -0.13865870237350464, -0.010945749469101429, 0.938472330570221, 0.34518155455589294, 0.1517108827829361, -0.3396469056606293, 0.9282367825508118),
            ["LeftFoot"] = CFrame.new(-4.0978193283081055e-08, -5.960464477539063e-08, -2.9802322387695312e-08, 0.9589086174964905, -0.16114307940006256, -0.2335103154182434, 0.10375883430242538, 0.9652124643325806, -0.23999841511249542, 0.2640615999698639, 0.20590786635875702, 0.9422705769538879),
            ["LowerTorso"] = CFrame.new(-0.07322581857442856, -0.2798236608505249, 0.016273673623800278, 0.7555350065231323, 0.024121586233377457, -0.6546640992164612, 0.05921291932463646, 0.9927169680595398, 0.10491389036178589, 0.6524268388748169, -0.11803068965673447, 0.7486040592193604),
            ["RightLowerLeg"] = CFrame.new(-2.2351741790771484e-08, -0.00012242794036865234, -0.00007743218884570524, 1, -7.450577754752885e-08, -6.705523247774181e-08, 1.713633110966839e-07, 0.5191185474395752, 0.8547018766403198, -1.4901157641133977e-08, -0.8547022342681885, 0.5191193222999573),
            ["LeftUpperLeg"] = CFrame.new(0, -4.3585896492004395e-07, -1.4901161193847656e-08, 0.7229955196380615, 0.6102964282035828, 0.32375195622444153, -0.12869372963905334, 0.5794010758399963, -0.8048182725906372, -0.678760290145874, 0.5402153134346008, 0.49744588136672974),
            ["LeftLowerLeg"] = CFrame.new(9.12696123123169e-08, 0.00012248754501342773, 0.00007747486233711243, 1, 2.002342647244859e-08, 5.215405707303944e-08, -6.05359673500061e-08, 0.5408803820610046, 0.8410995006561279, 6.612390279769897e-08, -0.8410995602607727, 0.5408804416656494),
        }},
        {Time = 0.083, Data = {
            ["RightFoot"] = CFrame.new(-1.1175870895385742e-08, 2.980232238769531e-07, 1.6952981241047382e-09, 0.9802361130714417, 0.19452989101409912, -0.0359928272664547, -0.18595615029335022, 0.84392911195755, -0.5031938552856445, -0.06751071661710739, 0.49994176626205444, 0.863423764705658),
            ["LeftLowerArm"] = CFrame.new(-8.940696716308594e-08, -9.5367431640625e-07, 2.9802322387695312e-08, 1, -9.313224325069314e-08, -2.0861619987044833e-07, 2.309679416612198e-07, 0.609940230846405, -0.7924476265907288, -6.705521116145974e-08, 0.7924473881721497, 0.6099399924278259),
            ["RightUpperArm"] = CFrame.new(-1.7881393432617188e-07, 7.152557373046875e-07, 7.450580596923828e-08, 0.9532743692398071, -0.2969527840614319, -0.05555902421474457, 0.30210548639297485, 0.9366786479949951, 0.17710335552692413, -0.0005501651903614402, -0.18561306595802307, 0.9826228022575378),
            ["Head"] = CFrame.new(1.448206603527069e-07, -7.152557373046875e-07, 5.21540641784668e-08, 0.8048790097236633, -0.006751596927642822, 0.5934004783630371, 0.08075771480798721, 0.9918792843818665, -0.09825301170349121, -0.5879184603691101, 0.127003476023674, 0.7988882064819336),
            ["RightHand"] = CFrame.new(0, -1.1920928955078125e-07, -2.384185791015625e-07, 0.9630094170570374, 0.2552163004875183, 0.08647163212299347, -0.2686251103878021, 0.9345901012420654, 0.23319965600967407, -0.021299127489328384, -0.2478022426366806, 0.9685766696929932),
            ["UpperTorso"] = CFrame.new(-3.725290298461914e-09, 4.172325134277344e-07, 0, 0.9974052906036377, -0.006255637854337692, 0.07171963155269623, -0.00842475239187479, 0.9792304635047913, 0.20257537066936493, -0.07149730622768402, -0.20265385508537292, 0.9766368865966797),
            ["HumanoidRootPart"] = CFrame.new(0, 0, 0, 1, 0, 0, 0, 1, 0, 0, 0, 1),
            ["RightUpperLeg"] = CFrame.new(1.1920928955078125e-07, -6.174668669700623e-07, 1.3241515262052417e-07, 0.9948775768280029, -0.09567942470312119, 0.03262048587203026, 0.09616994112730026, 0.796424150466919, -0.5970427989959717, 0.03114483505487442, 0.59712153673172, 0.8015458583831787),
            ["LeftUpperArm"] = CFrame.new(-2.384185791015625e-07, 9.5367431640625e-07, 0, 0.9405459761619568, 0.08734484016895294, 0.32824456691741943, -0.11029595136642456, 0.9925413727760315, 0.051926761865615845, -0.3212604820728302, -0.08504379540681839, 0.9431644678115845),
            ["RightLowerArm"] = CFrame.new(-2.9802322387695312e-08, 4.76837158203125e-07, 2.384185791015625e-07, 1, 1.6763802790364934e-08, 1.1175872316471214e-07, 1.2479725342018355e-07, 0.72359299659729, -0.6902267932891846, 2.235174747511337e-07, 0.6902268528938293, 0.7235931754112244),
            ["LeftHand"] = CFrame.new(-3.5762786865234375e-07, 5.960464477539062e-07, -5.960464477539063e-08, 0.9868237376213074, 0.06290727853775024, -0.1490696668624878, -0.008233626373112202, 0.9396539330482483, 0.34202831983566284, 0.16158993542194366, -0.33629339933395386, 0.9277902841567993),
            ["LeftFoot"] = CFrame.new(1.862645149230957e-09, -1.1920928955078125e-07, 1.4901161193847656e-08, 0.9568696618080139, -0.16116079688072205, -0.24171817302703857, 0.10155924409627914, 0.9650914669036865, -0.24142146110534668, 0.2721877992153168, 0.20646007359027863, 0.9398340582847595),
            ["LowerTorso"] = CFrame.new(-0.06817489117383957, -0.278814435005188, 0.0070710331201553345, 0.7592219114303589, 0.024378836154937744, -0.650375247001648, 0.05103641375899315, 0.9939908981323242, 0.09683689475059509, 0.648827850818634, -0.10671349614858627, 0.7534154653549194),
            ["RightLowerLeg"] = CFrame.new(7.078051567077637e-08, -0.00012218952178955078, -0.00007755139813525602, 1, -1.341104365337742e-07, -1.7881393432617188e-07, 1.7881393432617188e-07, 0.5136310458183289, 0.8580105900764465, -6.705522537231445e-08, -0.8580111861228943, 0.51363205909729),
            ["LeftUpperLeg"] = CFrame.new(0, -9.313225746154785e-09, 5.960464477539063e-08, 0.7220353484153748, 0.6037691235542297, 0.33782756328582764, -0.12689726054668427, 0.5955797433853149, -0.7932102084159851, -0.6801190972328186, 0.5298563838005066, 0.5066460371017456),
            ["LeftLowerLeg"] = CFrame.new(2.7939677238464355e-08, 0.00012290477752685547, 0.00007728487253189087, 1, 4.842878098543224e-08, 6.146727571376687e-08, -7.450581307466564e-08, 0.5473436117172241, 0.8369079232215881, 4.6566135836201283e-08, -0.8369081020355225, 0.5473437309265137),
        }},
        {Time = 0.111, Data = {
            ["RightFoot"] = CFrame.new(7.078051567077637e-08, 4.172325134277344e-07, -1.3205863069742918e-08, 0.9795776605606079, 0.197709858417511, -0.036585886031389236, -0.18804657459259033, 0.8364383578300476, -0.5147908329963684, -0.07117770612239838, 0.5111572742462158, 0.8565348386764526),
            ["LeftLowerArm"] = CFrame.new(-7.450580596923828e-07, -0.0000011920928955078125, 8.940696716308594e-08, 1, -9.313224325069314e-08, 1.4901168299275014e-07, 2.2351731132630448e-08, 0.6150018572807312, -0.7885259389877319, 9.685750512744562e-08, 0.7885256409645081, 0.6150016188621521),
            ["RightUpperArm"] = CFrame.new(0, 0.0000015497207641601562, -1.6391277313232422e-07, 0.9525660872459412, -0.29772698879241943, -0.06305698305368423, 0.3042871356010437, 0.9353036880493164, 0.1806008666753769, 0.0052077192813158035, -0.19122183322906494, 0.9815330505371094),
            ["Head"] = CFrame.new(1.9744038581848145e-07, -3.5762786865234375e-07, -9.685754776000977e-08, 0.8077822923660278, -0.012324451468884945, 0.589352011680603, 0.0804872065782547, 0.9927241802215576, -0.08955824375152588, -0.583960235118866, 0.11977896094322205, 0.802897036075592),
            ["RightHand"] = CFrame.new(3.8743019104003906e-07, 2.384185791015625e-07, -1.1920928955078125e-07, 0.9633204340934753, 0.24928364157676697, 0.09935347735881805, -0.2662327289581299, 0.9342525005340576, 0.23726077377796173, -0.03367605060338974, -0.2550095319747925, 0.9663519859313965),
            ["UpperTorso"] = CFrame.new(3.725290298461914e-09, 2.980232238769531e-07, -7.450580596923828e-08, 0.9974878430366516, -0.006027292460203171, 0.07058212161064148, -0.008247990161180496, 0.9797152876853943, 0.2002248615026474, -0.07035703957080841, -0.20030397176742554, 0.9772042632102966),
            ["HumanoidRootPart"] = CFrame.new(0, 0, 0, 1, 0, 0, 0, 1, 0, 0, 0, 1),
            ["RightUpperLeg"] = CFrame.new(1.1920928955078125e-07, -7.944181561470032e-07, 1.0261283023282886e-07, 0.9936553835868835, -0.10726480185985565, 0.03381449356675148, 0.10677159577608109, 0.8052011132240295, -0.5833105444908142, 0.0353412851691246, 0.5832200646400452, 0.8115450739860535),
            ["LeftUpperArm"] = CFrame.new(-5.960464477539062e-07, 0.0000017881393432617188, 0, 0.9384732842445374, 0.08861660212278366, 0.33378905057907104, -0.11199742555618286, 0.9923768043518066, 0.051428038626909256, -0.326687216758728, -0.08564739674329758, 0.9412439465522766),
            ["RightLowerArm"] = CFrame.new(-3.5762786865234375e-07, -2.384185791015625e-07, 0, 1, -4.284084909045305e-08, 6.705527511030596e-08, 5.587935447692871e-09, 0.7236477136611938, -0.6901693940162659, 5.960464477539063e-08, 0.6901696920394897, 0.723647952079773),
            ["LeftHand"] = CFrame.new(-8.940696716308594e-08, 5.364418029785156e-07, -1.7881393432617188e-07, 0.9847763776779175, 0.06150134652853012, -0.16258235275745392, -0.0024528997018933296, 0.9401406645774841, 0.3407785892486572, 0.1738089770078659, -0.33519139885902405, 0.92597895860672),
            ["LeftFoot"] = CFrame.new(-6.891787052154541e-08, 0, 3.725290298461914e-08, 0.9544278383255005, -0.1625659465789795, -0.2502794861793518, 0.10022784769535065, 0.9645128846168518, -0.24427327513694763, 0.28110846877098083, 0.2080562263727188, 0.9368516206741333),
            ["LowerTorso"] = CFrame.new(-0.061023883521556854, -0.27705156803131104, -0.005081031937152147, 0.7629281282424927, 0.025341985747218132, -0.6459864377975464, 0.04218781366944313, 0.9951498508453369, 0.08886463195085526, 0.6451053619384766, -0.09505009651184082, 0.7581586837768555),
            ["RightLowerLeg"] = CFrame.new(4.0978193283081055e-08, -0.00012236833572387695, -0.00007750669465167448, 1, -1.4901161193847656e-08, -4.4703490686970326e-08, 2.0861631355728605e-07, 0.5094307661056519, 0.860511302947998, -8.195640788244418e-08, -0.8605116605758667, 0.5094314217567444),
            ["LeftUpperLeg"] = CFrame.new(2.9802322387695312e-08, -4.991888999938965e-07, -2.9802322387695312e-08, 0.7205485105514526, 0.5964860916137695, 0.353573203086853, -0.12578172981739044, 0.6138863563537598, -0.7793089747428894, -0.6819009184837341, 0.5170571208000183, 0.5173620581626892),
            ["LeftLowerLeg"] = CFrame.new(7.82310962677002e-08, 0.0001227259635925293, 0.00007736310362815857, 1, 5.1688409996586415e-08, 2.7939684343891713e-08, -8.754434333013705e-08, 0.555087149143219, 0.8317921757698059, 1.4901164746561335e-08, -0.8317922353744507, 0.5550872087478638),
        }},
        {Time = 0.139, Data = {
            ["RightFoot"] = CFrame.new(-1.4901161193847656e-08, 1.7881393432617188e-07, -4.300818545743823e-08, 0.9788638949394226, 0.20107538998126984, -0.037338487803936005, -0.1902349889278412, 0.8282012343406677, -0.5271556973457336, -0.07507430016994476, 0.5231171250343323, 0.848948061466217),
            ["LeftLowerArm"] = CFrame.new(-3.5762786865234375e-07, -2.384185791015625e-07, 1.1920928955078125e-07, 1, -1.3969835777061235e-07, -5.960465898624534e-08, 1.8626455755565985e-07, 0.621000349521637, -0.7838103175163269, -4.097820394122209e-08, 0.7838103175163269, 0.6210004091262817),
            ["RightUpperArm"] = CFrame.new(2.384185791015625e-07, 5.960464477539062e-07, 1.4901161193847656e-08, 0.9516210556030273, -0.2986646592617035, -0.07222708314657211, 0.307025283575058, 0.9336703419685364, 0.18437784910202026, 0.012369147501885891, -0.19763346016407013, 0.9801979660987854),
            ["Head"] = CFrame.new(5.774199962615967e-08, -8.344650268554688e-07, 2.2351741790771484e-08, 0.8113791346549988, -0.02005123533308506, 0.5841761231422424, 0.08092541992664337, 0.9936404228210449, -0.07829388976097107, -0.5788911581039429, 0.11080087721347809, 0.8078417778015137),
            ["RightHand"] = CFrame.new(2.384185791015625e-07, 1.7881393432617188e-07, -2.980232238769531e-07, 0.9635166525840759, 0.24169912934303284, 0.11496492475271225, -0.26304617524147034, 0.9344559907913208, 0.23999828100204468, -0.04942245036363602, -0.2614835798740387, 0.9639419317245483),
            ["UpperTorso"] = CFrame.new(-2.6542693376541138e-08, 7.748603820800781e-07, -4.284083843231201e-08, 0.9976006746292114, -0.005628705490380526, 0.06900116801261902, -0.00808847974985838, 0.9803870916366577, 0.19691544771194458, -0.06875613331794739, -0.19700109958648682, 0.9779894351959229),
            ["HumanoidRootPart"] = CFrame.new(0, 0, 0, 1, 0, 0, 0, 1, 0, 0, 0, 1),
            ["RightUpperLeg"] = CFrame.new(0, -2.8032809495925903e-07, 4.300818545743823e-08, 0.9922316074371338, -0.11946675926446915, 0.034703273326158524, 0.11798971146345139, 0.8152835965156555, -0.5669139623641968, 0.03943413868546486, 0.5666043162345886, 0.8230457901954651),
            ["LeftUpperArm"] = CFrame.new(-1.1920928955078125e-07, 0.000001430511474609375, 2.086162567138672e-07, 0.9360958933830261, 0.09018518775701523, 0.3399873375892639, -0.11427418887615204, 0.992115318775177, 0.051465775817632675, -0.33266496658325195, -0.08702853322029114, 0.9390207529067993),
            ["RightLowerArm"] = CFrame.new(-1.7881393432617188e-07, -4.76837158203125e-07, 1.1920928955078125e-07, 1, -4.4703490686970326e-08, 1.5646223516796454e-07, -7.683410530034962e-08, 0.7232586145401001, -0.6905772089958191, 1.0430811414607888e-07, 0.6905772089958191, 0.7232586741447449),
            ["LeftHand"] = CFrame.new(-2.682209014892578e-07, 2.980232238769531e-07, -1.4901161193847656e-07, 0.9822561740875244, 0.058796338737010956, -0.17808975279331207, 0.005260671954602003, 0.9405744075775146, 0.33954694867134094, 0.18747088313102722, -0.3344590365886688, 0.9235756397247314),
            ["LeftFoot"] = CFrame.new(-2.9802322387695312e-08, 0, 2.60770320892334e-08, 0.9515849351882935, -0.16508933901786804, -0.259290874004364, 0.09960891306400299, 0.9636310935020447, -0.24797874689102173, 0.29079926013946533, 0.21014489233493805, 0.9334210753440857),
            ["LowerTorso"] = CFrame.new(-0.05208500102162361, -0.2743854522705078, -0.019733987748622894, 0.7666918635368347, 0.02693837136030197, -0.6414498686790466, 0.032952483743429184, 0.9961512684822083, 0.081220842897892, 0.641169011592865, -0.08340872824192047, 0.7628533840179443),
            ["RightLowerLeg"] = CFrame.new(-2.2351741790771484e-08, -0.00012248754501342773, -0.00007740611181361601, 1, -1.1920927533992653e-07, -8.195638656616211e-08, 1.341104507446289e-07, 0.5072731375694275, 0.8617850542068481, 3.725290298461914e-08, -0.8617854118347168, 0.5072736144065857),
            ["LeftUpperLeg"] = CFrame.new(-5.960464477539063e-08, 1.5273690223693848e-07, 1.1920928955078125e-07, 0.7186124324798584, 0.5883845090866089, 0.370674729347229, -0.12525328993797302, 0.6338251829147339, -0.7632678151130676, -0.6840378642082214, 0.5020650029182434, 0.5291715860366821),
            ["LeftLowerLeg"] = CFrame.new(2.60770320892334e-08, 0.00012254714965820312, 0.00007728114724159241, 1, 5.960464477539063e-08, 4.284081711602994e-08, -7.450579175838357e-08, 0.5644583702087402, 0.8254616856575012, 7.078050145992165e-08, -0.8254616260528564, 0.5644582509994507),
        }},
        {Time = 0.167, Data = {
            ["RightFoot"] = CFrame.new(3.3527612686157227e-08, 3.5762786865234375e-07, -8.026108844205737e-08, 0.9781418442726135, 0.20421017706394196, -0.039201706647872925, -0.19273817539215088, 0.8196266889572144, -0.539503276348114, -0.07804165035486221, 0.5352665781974792, 0.8410704135894775),
            ["LeftLowerArm"] = CFrame.new(-4.470348358154297e-07, -2.980232238769531e-07, -8.940696716308594e-08, 1, 4.4703490686970326e-08, 1.5646226358967397e-07, -4.470345515983354e-08, 0.6281265616416931, -0.7781113386154175, 2.9429776304823463e-07, 0.7781112790107727, 0.628126323223114),
            ["RightUpperArm"] = CFrame.new(2.384185791015625e-07, 0.0000010728836059570312, -3.2782554626464844e-07, 0.9504351019859314, -0.29963961243629456, -0.0830012783408165, 0.31021952629089355, 0.9318196773529053, 0.18835073709487915, 0.02090460993349552, -0.2047637701034546, 0.9785882234573364),
            ["Head"] = CFrame.new(1.4901161193847656e-07, -3.5762786865234375e-07, -1.1920928955078125e-07, 0.8160827159881592, -0.029905330389738083, 0.5771608352661133, 0.08237367868423462, 0.994483232498169, -0.06494437158107758, -0.5720345377922058, 0.10054287314414978, 0.8140439987182617),
            ["RightHand"] = CFrame.new(4.172325134277344e-07, 3.5762786865234375e-07, -2.980232238769531e-07, 0.9636698365211487, 0.2318696826696396, 0.13257750868797302, -0.25841403007507324, 0.9349108338356018, 0.24323654174804688, -0.06754890084266663, -0.26866015791893005, 0.9608638286590576),
            ["UpperTorso"] = CFrame.new(-1.7695128917694092e-08, 3.2782554626464844e-07, -2.9802322387695312e-08, 0.9977478981018066, -0.004863467533141375, 0.06689965724945068, -0.008130820468068123, 0.9812440872192383, 0.19259795546531677, -0.06658145040273666, -0.19270813465118408, 0.978994607925415),
            ["HumanoidRootPart"] = CFrame.new(0, 0, 0, 1, 0, 0, 0, 1, 0, 0, 0, 1),
            ["RightUpperLeg"] = CFrame.new(0, -0.000001298263669013977, 1.1751399142667651e-07, 0.9907064437866211, -0.13151808083057404, 0.03469641134142876, 0.12892764806747437, 0.8267157077789307, -0.5476484298706055, 0.043341733515262604, 0.5470321774482727, 0.8359888792037964),
            ["LeftUpperArm"] = CFrame.new(0, 0.0000010728836059570312, -2.9802322387695312e-08, 0.9336276054382324, 0.09217089414596558, 0.34618493914604187, -0.11706265807151794, 0.9917806386947632, 0.051648788154125214, -0.33857935667037964, -0.08874616771936417, 0.9367434978485107),
            ["RightLowerArm"] = CFrame.new(1.1920928955078125e-07, -1.7881393432617188e-07, 2.980232238769531e-07, 1, 7.450580596923828e-09, 6.705523247774181e-08, 1.1827793855445634e-07, 0.7216041088104248, -0.692305862903595, 2.0861619987044833e-07, 0.6923060417175293, 0.7216042280197144),
            ["LeftHand"] = CFrame.new(-3.5762786865234375e-07, 4.172325134277344e-07, -3.2782554626464844e-07, 0.9789054989814758, 0.056883834302425385, -0.1962350755929947, 0.012742044404149055, 0.9415940046310425, 0.33650922775268555, 0.20391622185707092, -0.3319112956523895, 0.9210066795349121),
            ["LeftFoot"] = CFrame.new(-2.2351741790771484e-08, 0, 4.470348358154297e-08, 0.9483731985092163, -0.1682945191860199, -0.26882174611091614, 0.09956742823123932, 0.9627346992492676, -0.2514524757862091, 0.3011224865913391, 0.2117045819759369, 0.9297884702682495),
            ["LowerTorso"] = CFrame.new(-0.0416342131793499, -0.2705756425857544, -0.036126554012298584, 0.7709878087043762, 0.02896357886493206, -0.6361910104751587, 0.023797594010829926, 0.9969573616981506, 0.07422788441181183, 0.6364051103591919, -0.07236860692501068, 0.7679526805877686),
            ["RightLowerLeg"] = CFrame.new(-1.2293457984924316e-07, -0.00012236833572387695, -0.0000775141452322714, 1, -1.3411042232291948e-07, 7.450580596923828e-09, 1.7881390590446244e-07, 0.5082306265830994, 0.8612207770347595, 1.4901159417490817e-08, -0.8612210750579834, 0.5082310438156128),
            ["LeftUpperLeg"] = CFrame.new(-5.960464477539063e-08, -4.302710294723511e-07, 4.470348358154297e-08, 0.7167579531669617, 0.5792372226715088, 0.38825488090515137, -0.12517620623111725, 0.6546130776405334, -0.7455285787582397, -0.6859949231147766, 0.48576340079307556, 0.5417059063911438),
            ["LeftLowerLeg"] = CFrame.new(-5.21540641784668e-08, 0.00012284517288208008, 0.00007745251059532166, 1, 8.009376273321323e-08, 5.401669511684304e-08, -5.587936158235607e-08, 0.5760446190834045, 0.817418098449707, 2.2351745343485163e-08, -0.8174183368682861, 0.5760448575019836),
        }},
        {Time = 0.194, Data = {
            ["RightFoot"] = CFrame.new(2.9802322387695312e-08, 4.172325134277344e-07, 9.145878721028566e-09, 0.9775185585021973, 0.20654462277889252, -0.042388007044792175, -0.19530132412910461, 0.8111826777458191, -0.5512169599533081, -0.07946653664112091, 0.5471032857894897, 0.8332845568656921),
            ["LeftLowerArm"] = CFrame.new(-1.1920928955078125e-07, -4.76837158203125e-07, -2.9802322387695312e-08, 1, -1.8626454334480513e-07, -2.458691312767769e-07, 1.266598843585598e-07, 0.6358598470687866, -0.771804690361023, -2.1979215603096236e-07, 0.7718046307563782, 0.6358596086502075),
            ["RightUpperArm"] = CFrame.new(1.1920928955078125e-07, 0.0000010728836059570312, -2.086162567138672e-07, 0.9494745135307312, -0.29958730936050415, -0.09351769834756851, 0.31251800060272217, 0.929877758026123, 0.19406165182590485, 0.02882167510688305, -0.21348267793655396, 0.9765216112136841),
            ["Head"] = CFrame.new(1.7136335372924805e-07, -4.76837158203125e-07, -1.341104507446289e-07, 0.8213143944740295, -0.03885658085346222, 0.5691508650779724, 0.08302996307611465, 0.9951960444450378, -0.05187336727976799, -0.5644011497497559, 0.08986098319292068, 0.8205952048301697),
            ["RightHand"] = CFrame.new(4.172325134277344e-07, 2.384185791015625e-07, -2.980232238769531e-07, 0.9633947610855103, 0.22282171249389648, 0.1490660011768341, -0.2544904947280884, 0.934951663017273, 0.24718421697616577, -0.08429192751646042, -0.2760721743106842, 0.9574337601661682),
            ["UpperTorso"] = CFrame.new(-3.725290298461914e-09, 7.450580596923828e-07, -3.259629011154175e-08, 0.997943103313446, -0.003946846816688776, 0.06398530304431915, -0.008148095570504665, 0.9821990132331848, 0.18766696751117706, -0.06358703970909119, -0.1878022998571396, 0.9801465272903442),
            ["HumanoidRootPart"] = CFrame.new(0, 0, 0, 1, 0, 0, 0, 1, 0, 0, 0, 1),
            ["RightUpperLeg"] = CFrame.new(3.5762786865234375e-07, -3.1944364309310913e-07, 4.300818545743823e-08, 0.9891495108604431, -0.14334461092948914, 0.03218062222003937, 0.13873417675495148, 0.8393358588218689, -0.5256122946739197, 0.04833334684371948, 0.5243736505508423, 0.8501153588294983),
            ["LeftUpperArm"] = CFrame.new(-1.1920928955078125e-07, 0.0000011920928955078125, 5.960464477539063e-08, 0.9320173859596252, 0.09456797689199448, 0.3498581051826477, -0.11992704123258591, 0.9914464950561523, 0.05149131268262863, -0.34199589490890503, -0.08994843065738678, 0.9353865385055542),
            ["RightLowerArm"] = CFrame.new(2.384185791015625e-07, -5.364418029785156e-07, 2.384185791015625e-07, 1, -1.3038520307873114e-07, 1.415611023958263e-07, -3.725289943190546e-08, 0.7165656685829163, -0.6975196003913879, 1.937150670983101e-07, 0.6975197196006775, 0.7165658473968506),
            ["LeftHand"] = CFrame.new(-3.5762786865234375e-07, 3.5762786865234375e-07, -2.682209014892578e-07, 0.9745804071426392, 0.05603211000561714, -0.21691840887069702, 0.020138150081038475, 0.942391574382782, 0.333905965089798, 0.2231314331293106, -0.32978585362434387, 0.9173076748847961),
            ["LeftFoot"] = CFrame.new(-3.725290298461914e-09, 5.960464477539063e-08, -1.1175870895385742e-08, 0.9448567628860474, -0.1714661568403244, -0.2790074646472931, 0.09985045343637466, 0.9622440338134766, -0.2532123327255249, 0.311890572309494, 0.21139033138751984, 0.9263036251068115),
            ["LowerTorso"] = CFrame.new(-0.03008216992020607, -0.265558123588562, -0.053076859563589096, 0.7767452597618103, 0.03116513416171074, -0.6290434002876282, 0.015231127850711346, 0.9975534677505493, 0.06822993606328964, 0.6296307444572449, -0.06257832795381546, 0.7743701338768005),
            ["RightLowerLeg"] = CFrame.new(-9.313225746154785e-08, -0.0001226663589477539, -0.00007739493594272062, 1, -1.4901159772762185e-07, -1.2665985593685036e-07, 1.341104365337742e-07, 0.512974202632904, 0.8584036231040955, -3.725289943190546e-08, -0.8584040403366089, 0.5129749178886414),
            ["LeftUpperLeg"] = CFrame.new(-1.1920928955078125e-07, -1.6670674085617065e-07, 9.685754776000977e-08, 0.7160227298736572, 0.5687260031700134, 0.40479907393455505, -0.12513940036296844, 0.6750562787055969, -0.7270758152008057, -0.6867690682411194, 0.4699465036392212, 0.5545254945755005),
            ["LeftLowerLeg"] = CFrame.new(0, 0.00012284517288208008, 0.00007736682891845703, 1, 8.940695295223122e-08, 7.450579886381092e-08, -4.8428766774577525e-08, 0.5902127623558044, 0.8072477579116821, 5.5879347371501353e-08, -0.8072476983070374, 0.5902128219604492),
        }},
        {Time = 0.222, Data = {
            ["RightFoot"] = CFrame.new(4.470348358154297e-08, 2.980232238769531e-07, -5.790934665128589e-08, 0.9770766496658325, 0.20767943561077118, -0.046803068369627, -0.19768132269382477, 0.8034880757331848, -0.5615412592887878, -0.07901494204998016, 0.557921290397644, 0.8261240124702454),
            ["LeftLowerArm"] = CFrame.new(1.7881393432617188e-07, -9.5367431640625e-07, 2.9802322387695312e-08, 1, -1.6530968593997386e-08, 2.3096799850463867e-07, 3.3527587817161475e-08, 0.6422126293182373, -0.7665265202522278, 6.705517563432295e-08, 0.7665265202522278, 0.6422127485275269),
            ["RightUpperArm"] = CFrame.new(-5.960464477539063e-08, 8.344650268554688e-07, 4.470348358154297e-08, 0.9495725631713867, -0.29760828614234924, -0.0986965224146843, 0.3120534121990204, 0.9276995062828064, 0.2049306184053421, 0.03057175502181053, -0.22539512813091278, 0.9737877249717712),
            ["Head"] = CFrame.new(1.4156103134155273e-07, -7.152557373046875e-07, -2.9802322387695312e-08, 0.8267164826393127, -0.04718971624970436, 0.5606361627578735, 0.08412068337202072, 0.9956427812576294, -0.04023967310786247, -0.5562945604324341, 0.08042794466018677, 0.8270840048789978),
            ["RightHand"] = CFrame.new(-2.980232238769531e-07, 1.1920928955078125e-07, -1.7881393432617188e-07, 0.9626246094703674, 0.21725401282310486, 0.1617225706577301, -0.2531038224697113, 0.9341341257095337, 0.25165900588035583, -0.09639689326286316, -0.28318554162979126, 0.9542083740234375),
            ["UpperTorso"] = CFrame.new(2.0256265997886658e-08, 4.76837158203125e-07, -3.189779818058014e-08, 0.9982225298881531, -0.0032140936236828566, 0.05951163172721863, -0.007703802082687616, 0.983208954334259, 0.1823209971189499, -0.059098321944475174, -0.1824554055929184, 0.9814364910125732),
            ["HumanoidRootPart"] = CFrame.new(0, 0, 0, 1, 0, 0, 0, 1, 0, 0, 0, 1),
            ["RightUpperLeg"] = CFrame.new(0, -9.248033165931702e-07, 1.1006341082975268e-07, 0.9875437021255493, -0.1552298367023468, 0.025715462863445282, 0.14706580340862274, 0.8525115847587585, -0.5015931725502014, 0.055939510464668274, 0.49912694096565247, 0.8647213578224182),
            ["LeftUpperArm"] = CFrame.new(-3.5762786865234375e-07, 0.0000016689300537109375, -8.940696716308594e-08, 0.9327958822250366, 0.09720925241708755, 0.3470480442047119, -0.1231493130326271, 0.9909486174583435, 0.05343398451805115, -0.3387123942375183, -0.09258174896240234, 0.9363239407539368),
            ["RightLowerArm"] = CFrame.new(3.5762786865234375e-07, -5.960464477539063e-08, 0, 1, -8.568170528633345e-08, 1.4901168299275014e-07, 1.0244548320770264e-08, 0.7048459649085999, -0.7093607187271118, -1.4901161193847656e-08, 0.7093604803085327, 0.704845666885376),
            ["LeftHand"] = CFrame.new(-3.8743019104003906e-07, 4.172325134277344e-07, -2.682209014892578e-07, 0.9695852994918823, 0.05481552332639694, -0.23853619396686554, 0.028564542531967163, 0.9425943493843079, 0.33271628618240356, 0.24308107793331146, -0.3294104039669037, 0.9123598337173462),
            ["LeftFoot"] = CFrame.new(-7.450580596923828e-09, -1.1920928955078125e-07, 1.4901161193847656e-08, 0.941260039806366, -0.17378035187721252, -0.2895340025424957, 0.10041230916976929, 0.9626696705818176, -0.25136563181877136, 0.3224080204963684, 0.20752745866775513, 0.9235720634460449),
