return {
    ["Pina Colada"] = {
        {Time = 0.000, Data = {
            ["LeftFoot"] = CFrame.new(2.8405338525772095e-08, 1.1920928955078125e-07, -1.1175870895385742e-08, 0.9204539060592651, 0.14813826978206635, 0.36169031262397766, 0.015569884330034256, 0.910758912563324, -0.41264456510543823, -0.3905409872531891, 0.3854522109031677, 0.8360051512718201),
            ["LeftLowerArm"] = CFrame.new(-0.0000011920928955078125, -0.0000032186508178710938, 0.0000025331974029541016, 1, -4.470345515983354e-08, 5.5879315397078244e-08, 7.357449050005016e-08, 0.6047978401184082, -0.7963790893554688, 2.980232594040899e-08, 0.796379029750824, 0.6047977209091187),
            ["LowerTorso"] = CFrame.new(-0.17005929350852966, -0.27532505989074707, 0.12294605374336243, 0.9336497783660889, 0.15914300084114075, -0.3208918869495392, -0.20830002427101135, 0.9700478315353394, -0.12497352063655853, 0.2913918197154999, 0.1835232973098755, 0.9388344287872314),
            ["Head"] = CFrame.new(-1.4528632164001465e-07, 0.0000017881393432617188, -1.862645149230957e-09, 0.9524803161621094, -0.2696995139122009, 0.14157477021217346, 0.2405690848827362, 0.9511568546295166, 0.1934613585472107, -0.18683622777462006, -0.15020960569381714, 0.9708395004272461),
            ["RightUpperArm"] = CFrame.new(-2.384185791015625e-07, 0.000003337860107421875, -7.711350917816162e-07, 0.933907151222229, -0.268252968788147, -0.23634280264377594, 0.033620238304138184, 0.7240357995033264, -0.6889426708221436, 0.35593149065971375, 0.6354624032974243, 0.6852008700370789),
            ["UpperTorso"] = CFrame.new(4.470348358154297e-08, 0.0000019669532775878906, -1.2665987014770508e-07, 0.9887993335723877, -0.14924070239067078, -0.0018188314279541373, 0.1481102854013443, 0.9796589016914368, 0.13539603352546692, -0.018424609676003456, -0.13414880633354187, 0.9907898902893066),
            ["HumanoidRootPart"] = CFrame.new(0, 0, 0, 1, 0, 0, 0, 1, 0, 0, 0, 1),
            ["RightHand"] = CFrame.new(-9.834766387939453e-07, 3.5762786865234375e-07, -0.0000013224780559539795, 0.43644270300865173, -0.7134751677513123, 0.5481522679328918, 0.6938624382019043, 0.65474933385849, 0.29976361989974976, -0.5727763175964355, 0.24951273202896118, 0.7808142304420471),
            ["LeftUpperArm"] = CFrame.new(2.384185791015625e-07, 1.1920928955078125e-07, 3.129243850708008e-07, 0.3635324537754059, 0.25867024064064026, -0.8949490785598755, -0.4495891332626343, 0.8901109099388123, 0.07464659959077835, 0.8159127831459045, 0.37522295117378235, 0.43987950682640076),
            ["RightLowerArm"] = CFrame.new(3.5762786865234375e-07, -0.00000286102294921875, 3.427267074584961e-07, 1, -6.891776394013505e-08, 4.470344805440618e-08, 9.126975442086405e-08, 0.8040739893913269, -0.5945293307304382, 1.0896491176026757e-07, 0.5945293307304382, 0.8040739893913269),
            ["LeftHand"] = CFrame.new(1.1548399925231934e-07, 5.960464477539062e-07, -7.152557373046875e-07, 0.6951510906219482, 0.5888054966926575, -0.4123993217945099, -0.7143958806991577, 0.6297053098678589, -0.3051391541957855, 0.08002243936061859, 0.5067340731620789, 0.8583803772926331),
            ["RightUpperLeg"] = CFrame.new(2.980232238769531e-07, -0.000002000480890274048, 8.398637874051929e-08, 0.9260534644126892, -0.0013510953867807984, 0.37739014625549316, 0.2601258456707001, 0.7267832159996033, -0.6357041597366333, -0.27342212200164795, 0.6868655681610107, 0.6733921766281128),
            ["LeftUpperLeg"] = CFrame.new(-5.960464477539063e-08, 9.145587682723999e-07, -2.1792948246002197e-07, 0.8954929709434509, -0.17335304617881775, 0.40992793440818787, 0.25927719473838806, 0.9517951011657715, -0.16389384865760803, -0.361756294965744, 0.2530510723590851, 0.897272527217865),
            ["RightLowerLeg"] = CFrame.new(-1.862645149230957e-09, -0.00012254714965820312, -0.00007740145520074293, 1, -1.5646217832454568e-07, -1.4528640690514294e-07, 1.341104365337742e-07, 0.16061079502105713, 0.987017810344696, -1.2665985593685036e-07, -0.9870178699493408, 0.16061115264892578),
            ["RightFoot"] = CFrame.new(4.190951585769653e-08, 5.364418029785156e-07, -5.418405635282397e-08, 0.9876924157142639, 0.08834395557641983, -0.129069983959198, -0.12117346376180649, 0.9539794325828552, -0.2742985188961029, 0.09889797866344452, 0.2865637540817261, 0.9529435038566589),
            ["LeftLowerLeg"] = CFrame.new(3.3248215913772583e-07, 0.00012230873107910156, 0.00007773935794830322, 1, 7.357445497291337e-08, 4.284083843231201e-08, -6.332994928470725e-08, 0.6394718289375305, 0.7688148021697998, 3.539026494081554e-08, -0.7688144445419312, 0.6394715309143066),
        }},
        {Time = 0.033, Data = {
            ["LeftFoot"] = CFrame.new(-8.614733815193176e-09, 5.960464477539063e-08, 4.284083843231201e-08, 0.9565805792808533, 0.07177059352397919, 0.2824937403202057, 0.046886883676052094, 0.9186954498291016, -0.392172634601593, -0.2876722514629364, 0.3883909285068512, 0.8754415512084961),
            ["LeftLowerArm"] = CFrame.new(-0.0000016391277313232422, -0.0000022649765014648438, 0.0000023692846298217773, 1, -7.450576333667414e-08, 4.4703433843551466e-08, 8.56816981809061e-08, 0.49630868434906006, -0.8681460618972778, 4.842878453814592e-08, 0.8681461811065674, 0.49630871415138245),
            ["LowerTorso"] = CFrame.new(-0.1418778896331787, -0.2759532928466797, 0.11674924194812775, 0.9312927722930908, 0.17022939026355743, -0.32204923033714294, -0.221380352973938, 0.9665825366973877, -0.12926343083381653, 0.2892827093601227, 0.1916774958372116, 0.9378567337989807),
            ["Head"] = CFrame.new(-2.076849341392517e-07, 8.344650268554688e-07, 2.421438694000244e-08, 0.9607983827590942, -0.25151678919792175, 0.11664330214262009, 0.23281148076057434, 0.9603825807571411, 0.15318024158477783, -0.15054963529109955, -0.12001941353082657, 0.9812901616096497),
            ["RightUpperArm"] = CFrame.new(-3.5762786865234375e-07, 0.0000022649765014648438, -6.556510925292969e-07, 0.9199739694595337, -0.2744562327861786, -0.2798604369163513, -0.006885201204568148, 0.7025418281555176, -0.7116090655326843, 0.39191919565200806, 0.6565887331962585, 0.6444304585456848),
            ["UpperTorso"] = CFrame.new(4.842877388000488e-08, 0.0000020563602447509766, -1.6577541828155518e-07, 0.9846761226654053, -0.17326568067073822, 0.01980113610625267, 0.16769209504127502, 0.9718877077102661, 0.16526874899864197, -0.04787970334291458, -0.1594155728816986, 0.9860498905181885),
            ["HumanoidRootPart"] = CFrame.new(0, 0, 0, 1, 0, 0, 0, 1, 0, 0, 0, 1),
            ["RightHand"] = CFrame.new(-7.674098014831543e-07, 4.172325134277344e-07, -0.0000010505318641662598, 0.37851977348327637, -0.7260576486587524, 0.5740758776664734, 0.7941979169845581, 0.5733046531677246, 0.20142404735088348, -0.47536587715148926, 0.37968698143959045, 0.7936404943466187),
            ["LeftUpperArm"] = CFrame.new(2.384185791015625e-07, -1.1920928955078125e-07, 3.2782554626464844e-07, 0.4943270683288574, 0.265565425157547, -0.8277172446250916, -0.4504173994064331, 0.8926485180854797, 0.01740092970430851, 0.7434815764427185, 0.36421647667884827, 0.5608755946159363),
            ["RightLowerArm"] = CFrame.new(2.384185791015625e-07, -0.0000028014183044433594, 7.450580596923828e-07, 1, 1.2107173041897568e-08, 4.8428734800154416e-08, 9.3132399570095e-09, 0.7698333263397217, -0.6382449865341187, 5.0291497188936773e-08, 0.6382450461387634, 0.7698333263397217),
            ["LeftHand"] = CFrame.new(2.682209014892578e-07, 5.960464477539063e-08, -5.066394805908203e-07, 0.5962001085281372, 0.6511766314506531, -0.4695896804332733, -0.8025440573692322, 0.4991690218448639, -0.3267316222190857, 0.021644582971930504, 0.5716636776924133, 0.8202024102210999),
            ["RightUpperLeg"] = CFrame.new(4.172325134277344e-07, -0.0000023618340492248535, 1.696680556051433e-07, 0.916962206363678, 0.002204036572948098, 0.3989681005477905, 0.26648467779159546, 0.7408332228660583, -0.6165639758110046, -0.2969279885292053, 0.6716854572296143, 0.6787291765213013),
            ["LeftUpperLeg"] = CFrame.new(0, 8.200295269489288e-07, -1.993030309677124e-07, 0.9083037972450256, -0.16714432835578918, 0.3834671676158905, 0.24648188054561615, 0.9545131325721741, -0.16778284311294556, -0.33798080682754517, 0.24691572785377502, 0.9081860184669495),
            ["RightLowerLeg"] = CFrame.new(-2.3283064365386963e-08, -0.00012242794036865234, -0.00007737258420092985, 1, -1.4342361964736483e-07, -1.378358263082191e-07, 1.3224780559539795e-07, 0.1592315137386322, 0.9872413277626038, -1.30385160446167e-07, -0.987241268157959, 0.15923160314559937),
            ["RightFoot"] = CFrame.new(-1.792795956134796e-08, 2.980232238769531e-07, 3.149762051180005e-08, 0.9860456585884094, 0.0611591599881649, -0.1548338234424591, -0.10739364475011826, 0.9443522095680237, -0.31090986728668213, 0.12720328569412231, 0.3232004642486572, 0.9377428293228149),
            ["LeftLowerLeg"] = CFrame.new(2.4121254682540894e-07, 0.00012224912643432617, 0.00007763877511024475, 1, 6.798651241979314e-08, 1.8160786652288152e-08, -8.218921720981598e-08, 0.6178178191184998, 0.786321222782135, 2.561137080192566e-08, -0.7863213419914246, 0.6178178787231445),
        }},
        {Time = 0.067, Data = {
            ["LeftFoot"] = CFrame.new(2.735760062932968e-08, -1.1920928955078125e-07, -3.725290298461914e-09, 0.9901289343833923, -0.030635971575975418, 0.13677099347114563, 0.07792399078607559, 0.9314302206039429, -0.35547927021980286, -0.11650194972753525, 0.362628310918808, 0.9246233105659485),
            ["LeftLowerArm"] = CFrame.new(-9.5367431640625e-07, -0.0000027418136596679688, 0.0000027045607566833496, 1, -4.4703462265260896e-08, 4.470345515983354e-08, 5.96046660916727e-08, 0.32091882824897766, -0.9471067190170288, 8.009376983864058e-08, 0.947106659412384, 0.3209187686443329),
            ["LowerTorso"] = CFrame.new(-0.10416194051504135, -0.27291345596313477, 0.11842240393161774, 0.9478721618652344, 0.17849870026111603, -0.2639632821083069, -0.2187257558107376, 0.966870903968811, -0.13160495460033417, 0.23172709345817566, 0.18248026072978973, 0.9555122256278992),
            ["Head"] = CFrame.new(-1.4901161193847656e-07, 0.0000013113021850585938, -1.7695128917694092e-08, 0.9835138916969299, -0.1788613498210907, 0.02662832662463188, 0.1754181683063507, 0.9794290661811829, 0.09973634779453278, -0.043919552117586136, -0.09342096745967865, 0.9946576356887817),
            ["RightUpperArm"] = CFrame.new(-1.7881393432617188e-07, 0.0000029802322387695312, -6.854534149169922e-07, 0.8796011805534363, -0.28674471378326416, -0.3795779049396515, -0.06397756934165955, 0.7193613648414612, -0.6916835308074951, 0.47139033675193787, 0.6326900124549866, 0.6144058108329773),
            ["UpperTorso"] = CFrame.new(-5.587935447692871e-09, 0.000002205371856689453, -2.4959444999694824e-07, 0.980068564414978, -0.19798283278942108, 0.01638411357998848, 0.1914115846157074, 0.9631680846214294, 0.18886205554008484, -0.053172048181295395, -0.18196159601211548, 0.9818669557571411),
            ["HumanoidRootPart"] = CFrame.new(0, 0, 0, 1, 0, 0, 0, 1, 0, 0, 0, 1),
            ["RightHand"] = CFrame.new(-5.364418029785156e-07, 2.980232238769531e-07, -9.51811671257019e-07, 0.31461599469184875, -0.7432432770729065, 0.5904288291931152, 0.8398351669311523, 0.5078414678573608, 0.1917658895254135, -0.4423728287220001, 0.43553024530410767, 0.7839768528938293),
            ["LeftUpperArm"] = CFrame.new(4.172325134277344e-07, -1.1920928955078125e-07, 2.8312206268310547e-07, 0.5742074847221375, 0.2703137993812561, -0.7727977633476257, -0.44500261545181274, 0.8953590393066406, -0.017463764175772667, 0.687210738658905, 0.35392484068870544, 0.6344121098518372),
            ["RightLowerArm"] = CFrame.new(0, -0.0000029802322387695312, 0.000001043081283569336, 1, -3.8344232677900436e-08, 5.401669511684304e-08, 7.07806435684688e-08, 0.651553750038147, -0.7586026191711426, 6.333004876069026e-08, 0.758602499961853, 0.6515536904335022),
            ["LeftHand"] = CFrame.new(3.2782554626464844e-07, 2.980232238769531e-07, -4.3213367462158203e-07, 0.5337705016136169, 0.7153235673904419, -0.4510003328323364, -0.845187783241272, 0.43404877185821533, -0.3118645250797272, -0.027327872812747955, 0.5476440787315369, 0.8362650871276855),
            ["RightUpperLeg"] = CFrame.new(5.364418029785156e-07, -0.0000018887221813201904, 1.3205863069742918e-08, 0.9326027631759644, -0.016071205958724022, 0.360546737909317, 0.24584564566612244, 0.7596665620803833, -0.6020516753196716, -0.26421990990638733, 0.6501142382621765, 0.7124183773994446),
            ["LeftUpperLeg"] = CFrame.new(-1.7881393432617188e-07, 0.0000013828102964907885, -2.9010698199272156e-07, 0.9366002678871155, -0.13511312007904053, 0.32330238819122314, 0.2135074883699417, 0.9516593813896179, -0.220814049243927, -0.2778390347957611, 0.2758422791957855, 0.9201721549034119),
            ["RightLowerLeg"] = CFrame.new(-1.1129304766654968e-07, -0.00012242794036865234, -0.00007713230297667906, 1, -1.38766978352578e-07, -1.2805692506390187e-07, 1.5320257773510093e-07, 0.1703811138868332, 0.9853782057762146, -1.2060628762355918e-07, -0.9853782057762146, 0.17038144171237946),
            ["RightFoot"] = CFrame.new(-1.5657860785722733e-08, 2.980232238769531e-07, -7.617927622050047e-09, 0.9784583449363708, -0.00916515663266182, -0.2062401920557022, -0.06332587450742722, 0.9375277757644653, -0.3420979678630829, 0.19649207592010498, 0.3477897047996521, 0.9167518019676208),
            ["LeftLowerLeg"] = CFrame.new(2.1117739379405975e-07, 0.00012230873107910156, 0.00007757078856229782, 1, 7.124614143094732e-08, 3.81842291119483e-08, -7.217749242727223e-08, 0.5711869597434998, 0.8208202719688416, 3.5390254282674505e-08, -0.8208200335502625, 0.5711867213249207),
        }},
        {Time = 0.100, Data = {
            ["LeftFoot"] = CFrame.new(2.8405338525772095e-08, 1.1920928955078125e-07, 5.4016709327697754e-08, 0.9920487999916077, -0.07525653392076492, 0.100874163210392, 0.10698586702346802, 0.9264016151428223, -0.3610181510448456, -0.06628072261810303, 0.3689395785331726, 0.9270870685577393),
            ["LeftLowerArm"] = CFrame.new(-0.0000010132789611816406, -0.0000025033950805664062, 0.000002868473529815674, 1, -1.3038504675932927e-07, 2.980229751869956e-08, 6.705522537231445e-08, 0.13367249071598053, -0.9910255670547485, 7.217749953269958e-08, 0.9910256266593933, 0.13367246091365814),
            ["LowerTorso"] = CFrame.new(-0.05739700421690941, -0.2665896415710449, 0.1268523931503296, 0.9719727635383606, 0.18238720297813416, -0.14833740890026093, -0.2018350064754486, 0.9709242582321167, -0.12871964275836945, 0.1205475777387619, 0.15505164861679077, 0.9805240035057068),
            ["Head"] = CFrame.new(-1.5320256352424622e-07, 9.5367431640625e-07, 2.6193447411060333e-08, 0.9900599122047424, -0.06705226749181747, -0.12363413721323013, 0.07363548874855042, 0.9960577487945557, 0.049465786665678024, 0.1198299378156662, -0.058078017085790634, 0.9910942912101746),
            ["RightUpperArm"] = CFrame.new(-2.384185791015625e-07, 0.0000022649765014648438, -6.258487701416016e-07, 0.8169781565666199, -0.3128148317337036, -0.48445209860801697, -0.08726216107606888, 0.76335209608078, -0.640061616897583, 0.5700281858444214, 0.5651907324790955, 0.596345067024231),
            ["UpperTorso"] = CFrame.new(-5.960464477539063e-08, 0.000002175569534301758, -1.755543053150177e-07, 0.9760164022445679, -0.21669816970825195, -0.020831746980547905, 0.21643880009651184, 0.9556475281715393, 0.19973039627075195, -0.023373298346996307, -0.1994488686323166, 0.9796295166015625),
            ["HumanoidRootPart"] = CFrame.new(0, 0, 0, 1, 0, 0, 0, 1, 0, 0, 0, 1),
            ["RightHand"] = CFrame.new(-8.493661880493164e-07, 2.384185791015625e-07, -8.903443813323975e-07, 0.25832244753837585, -0.7627087831497192, 0.5929123163223267, 0.8594999313354492, 0.4616561830043793, 0.21939347684383392, -0.44105497002601624, 0.45293375849723816, 0.7748042345046997),
            ["LeftUpperArm"] = CFrame.new(0, -2.384185791015625e-07, 2.868473529815674e-07, 0.6086611747741699, 0.2571360766887665, -0.7506082653999329, -0.44075843691825867, 0.896210253238678, -0.05039190128445625, 0.6597451567649841, 0.36150845885276794, 0.6588231921195984),
            ["RightLowerArm"] = CFrame.new(6.556510925292969e-07, -0.0000029802322387695312, 8.121132850646973e-07, 1, -3.6787170643037825e-08, 3.3527616238870905e-08, 6.146739650603195e-08, 0.46338406205177307, -0.8861576914787292, 9.313242088637708e-08, 0.8861576318740845, 0.46338406205177307),
            ["LeftHand"] = CFrame.new(-2.9802322387695312e-08, 0, -7.897615432739258e-07, 0.5256713032722473, 0.7597014904022217, -0.3827838897705078, -0.8495786190032959, 0.44586464762687683, -0.281817227602005, -0.04342714697122574, 0.47334805130958557, 0.8798043131828308),
            ["RightUpperLeg"] = CFrame.new(4.172325134277344e-07, -0.000001905485987663269, 7.281050784513354e-08, 0.960041344165802, -0.06201926991343498, 0.2728997468948364, 0.2164892554283142, 0.7825368642807007, -0.5837532877922058, -0.17735031247138977, 0.6195076704025269, 0.7646946907043457),
            ["LeftUpperLeg"] = CFrame.new(-3.5762786865234375e-07, 0.0000010328367352485657, -2.3096799850463867e-07, 0.9684226512908936, -0.0831623449921608, 0.2350352555513382, 0.15782059729099274, 0.9342842102050781, -0.31969577074050903, -0.19300329685211182, 0.34669458866119385, 0.9179068207740784),
            ["RightLowerLeg"] = CFrame.new(9.313225746154785e-10, -0.00012248754501342773, -0.00007731111691100523, 1, -1.4062969455608254e-07, -1.2508833435731503e-07, 1.434236907016384e-07, 0.19792845845222473, 0.9802165031433105, -1.2479723920932884e-07, -0.9802165031433105, 0.197928786277771),
            ["RightFoot"] = CFrame.new(2.9802322387695312e-08, 4.76837158203125e-07, 2.771412255242467e-08, 0.9656656384468079, -0.06464924663305283, -0.2516160011291504, -0.03772857412695885, 0.923373281955719, -0.38204461336135864, 0.2570343315601349, 0.37842097878456116, 0.8892307281494141),
            ["LeftLowerLeg"] = CFrame.new(2.812594175338745e-07, 0.00012224912643432617, 0.0000775270164012909, 1, 7.54371214384264e-08, 4.0978196835794733e-08, -8.102507109697399e-08, 0.5026502013206482, 0.8644903302192688, 4.0978196835794733e-08, -0.8644899129867554, 0.5026494860649109),
        }},
        {Time = 0.133, Data = {
            ["LeftFoot"] = CFrame.new(3.166496753692627e-08, 0, -2.2351741790771484e-08, 0.9921818971633911, -0.11413966119289398, 0.05047158524394035, 0.12461519986391068, 0.9281309843063354, -0.350776731967926, -0.006806667428463697, 0.3543235659599304, 0.9350979924201965),
            ["LeftLowerArm"] = CFrame.new(-0.0000011026859283447266, -0.0000013709068298339844, 0.000002592802047729492, 1, -8.940692453052179e-08, 8.940688189795765e-08, 9.685756197086448e-08, -0.04947841167449951, -0.9987751841545105, 6.705523247774181e-08, 0.9987752437591553, -0.049478381872177124),
            ["LowerTorso"] = CFrame.new(-0.006880581378936768, -0.2564544677734375, 0.131850004196167, 0.9845635890960693, 0.1750180423259735, -0.0018424686277285218, -0.17405128479003906, 0.9779061079025269, -0.1157841831445694, -0.018462559208273888, 0.11431756615638733, 0.9932727217674255),
            ["Head"] = CFrame.new(-1.4225952327251434e-07, 0.0000010728836059570312, -1.3969838619232178e-09, 0.9550360441207886, 0.07464136183261871, -0.2869405448436737, -0.06984342634677887, 0.9971942901611328, 0.026935923844575882, 0.2881460189819336, -0.00568395433947444, 0.9575696587562561),
            ["RightUpperArm"] = CFrame.new(-2.980232238769531e-07, 0.0000027418136596679688, -6.92903995513916e-07, 0.7383555173873901, -0.35007980465888977, -0.5764333605766296, -0.08413566648960114, 0.80022794008255, -0.59376460313797, 0.6691430807113647, 0.4869079291820526, 0.5613985061645508),
            ["UpperTorso"] = CFrame.new(-3.003515303134918e-08, 0.0000014901161193847656, -1.8478749552741647e-07, 0.9695391058921814, -0.22617240250110626, -0.09402184188365936, 0.24076299369335175, 0.9505699872970581, 0.19608646631240845, 0.04502499848604202, -0.2127504050731659, 0.9760686755180359),
            ["HumanoidRootPart"] = CFrame.new(0, 0, 0, 1, 0, 0, 0, 1, 0, 0, 0, 1),
            ["RightHand"] = CFrame.new(-5.960464477539062e-07, 3.5762786865234375e-07, -8.493661880493164e-07, 0.20640069246292114, -0.7845617532730103, 0.5846892595291138, 0.8513792753219604, 0.4385067820549011, 0.2878631353378296, -0.4822365641593933, 0.4383772015571594, 0.7584677934646606),
            ["LeftUpperArm"] = CFrame.new(2.384185791015625e-07, 0, 2.514570951461792e-07, 0.6060956120491028, 0.2450275719165802, -0.7567096948623657, -0.45071694254875183, 0.8896834254264832, -0.07292183488607407, 0.6553643345832825, 0.3852595090866089, 0.6496713161468506),
            ["RightLowerArm"] = CFrame.new(0, -0.0000030994415283203125, 0.0000013932585716247559, 1, -1.3131617038197874e-07, 5.5879340266073996e-08, 8.56817976568891e-08, 0.26211604475975037, -0.9650363326072693, 6.426135001902367e-08, 0.9650363326072693, 0.26211604475975037),
            ["LeftHand"] = CFrame.new(-1.1920928955078125e-07, 3.5762786865234375e-07, -4.3958425521850586e-07, 0.5473394989967346, 0.760200560092926, -0.3500208854675293, -0.8368331789970398, 0.5028201341629028, -0.2165234237909317, 0.01139634009450674, 0.4114208221435547, 0.9113742709159851),
            ["RightUpperLeg"] = CFrame.new(5.364418029785156e-07, -0.0000024065375328063965, 1.1739757610484958e-07, 0.9811174273490906, -0.11384454369544983, 0.1563585251569748, 0.1832825094461441, 0.8054481148719788, -0.5636135935783386, -0.06177433952689171, 0.5816294550895691, 0.8111053109169006),
            ["LeftUpperLeg"] = CFrame.new(-3.5762786865234375e-07, 6.593763828277588e-07, -1.860898919403553e-07, 0.9901019930839539, -0.02551296167075634, 0.13801127672195435, 0.08224371075630188, 0.9022845029830933, -0.4232235550880432, -0.11372780054807663, 0.4303857386112213, 0.8954523205757141),
            ["RightLowerLeg"] = CFrame.new(-1.1548399925231934e-07, -0.00012236833572387695, -0.00007729807839496061, 1, -1.3969832934890292e-07, -1.2107199154343107e-07, 1.4062969455608254e-07, 0.2344512939453125, 0.9721279144287109, -1.0617075929530984e-07, -0.9721278548240662, 0.23445157706737518),
            ["RightFoot"] = CFrame.new(6.05359673500061e-09, 2.384185791015625e-07, -1.1343217920511961e-08, 0.9546716809272766, -0.09022024273872375, -0.28365856409072876, -0.03503457084298134, 0.91227787733078, -0.40807023644447327, 0.29559212923049927, 0.3995116353034973, 0.8677652478218079),
            ["LeftLowerLeg"] = CFrame.new(3.203749656677246e-07, 0.00012218952178955078, 0.00007763132452964783, 1, 8.847562327218839e-08, 5.587935447692871e-08, -4.470347647611561e-08, 0.4603332579135895, 0.8877466917037964, 5.960463766996327e-08, -0.8877461552619934, 0.4603322744369507),
        }},
        {Time = 0.167, Data = {
            ["LeftFoot"] = CFrame.new(4.470348358154297e-08, 1.1920928955078125e-07, 0, 0.9906801581382751, -0.13602079451084137, -0.007151317782700062, 0.12722621858119965, 0.9428229331970215, -0.3080563545227051, 0.048644475638866425, 0.30427518486976624, 0.9513412714004517),
            ["LeftLowerArm"] = CFrame.new(-0.0000012516975402832031, -0.0000023245811462402344, 0.000002652406692504883, 1, -3.725287456290971e-08, 5.215402865133001e-08, 1.0430814256778831e-07, -0.21391430497169495, -0.9768524169921875, 9.499491682163352e-08, 0.9768524169921875, -0.21391429007053375),
            ["LowerTorso"] = CFrame.new(0.04500409588217735, -0.23839116096496582, 0.13301527500152588, 0.979057788848877, 0.14434649050235748, 0.1435619443655014, -0.13324637711048126, 0.9875007271766663, -0.08418913930654526, -0.15391992032527924, 0.06329692155122757, 0.9860538840293884),
            ["Head"] = CFrame.new(-1.1618249118328094e-07, 0.0000011920928955078125, -4.190951585769653e-09, 0.8872973918914795, 0.21031580865383148, -0.41045185923576355, -0.2108333259820938, 0.9765045046806335, 0.044591277837753296, 0.4101863503456116, 0.04697110131382942, 0.9107913970947266),
            ["RightUpperArm"] = CFrame.new(-2.980232238769531e-07, 0.000002384185791015625, -7.022172212600708e-07, 0.6345112919807434, -0.374045729637146, -0.676376461982727, -0.11505838483572006, 0.8196383118629456, -0.5612082481384277, 0.7643016576766968, 0.43391573429107666, 0.4770326316356659),
            ["UpperTorso"] = CFrame.new(-6.332993507385254e-08, 0.0000025331974029541016, -2.169981598854065e-07, 0.9572812914848328, -0.2165619134902954, -0.19160820543766022, 0.25029492378234863, 0.9523960947990417, 0.17405223846435547, 0.1447937935590744, -0.21457542479038239, 0.9659152030944824),
            ["HumanoidRootPart"] = CFrame.new(0, 0, 0, 1, 0, 0, 0, 1, 0, 0, 0, 1),
            ["RightHand"] = CFrame.new(-7.003545761108398e-07, 1.7881393432617188e-07, -0.0000016689300537109375, 0.20899781584739685, -0.8104322552680969, 0.5472838878631592, 0.7912219762802124, 0.46903106570243835, 0.39239999651908875, -0.5747066140174866, 0.35101214051246643, 0.7392582297325134),
            ["LeftUpperArm"] = CFrame.new(3.5762786865234375e-07, 3.5762786865234375e-07, 2.7939677238464355e-07, 0.6012618541717529, 0.23883067071437836, -0.7625247836112976, -0.46405717730522156, 0.8812310099601746, -0.08990515023469925, 0.6504883766174316, 0.40791159868240356, 0.6406817436218262),
            ["RightLowerArm"] = CFrame.new(5.960464477539062e-07, -0.0000029206275939941406, 8.344650268554688e-07, 1, -4.284075316718372e-08, 8.195636524988004e-08, 8.195649314757247e-08, 0.09060976654291153, -0.995886504650116, 5.029148653079574e-08, 0.9958864450454712, 0.09060978144407272),
            ["LeftHand"] = CFrame.new(2.384185791015625e-07, 2.980232238769531e-07, -2.514570951461792e-07, 0.6705046892166138, 0.6681563258171082, -0.3224756717681885, -0.7313238978385925, 0.6683899760246277, -0.13572198152542114, 0.12485604733228683, 0.32683631777763367, 0.9367972016334534),
            ["RightUpperLeg"] = CFrame.new(2.384185791015625e-07, -0.0000016542617231607437, 4.85961209051311e-08, 0.9891348481178284, -0.1434294581413269, 0.03225497528910637, 0.13752806186676025, 0.8252534866333008, -0.547761082649231, 0.05194669961929321, 0.5462459325790405, 0.8360128402709961),
            ["LeftUpperLeg"] = CFrame.new(-2.980232238769531e-07, 0.0000010617077350616455, -2.812594175338745e-07, 0.9978895783424377, 0.03511625528335571, 0.054620012640953064, -0.0019655805081129074, 0.857104480266571, -0.5151386260986328, -0.06490481644868851, 0.5139444470405579, 0.8553647994995117),
            ["RightLowerLeg"] = CFrame.new(-8.963979780673981e-08, -0.00012248754501342773, -0.00007753649697406217, 1, -1.579755490865864e-07, -9.775982334758737e-08, 1.4726538211107254e-07, 0.2921953499317169, 0.9563586115837097, -1.0945950634777546e-07, -0.9563587307929993, 0.292195588350296),
            ["RightFoot"] = CFrame.new(1.4340912457555532e-08, 2.384185791015625e-07, 5.420588422566652e-09, 0.9469856023788452, -0.08748487383127213, -0.3091360032558441, -0.04483860731124878, 0.9168045520782471, -0.3968101143836975, 0.3181319236755371, 0.3896356225013733, 0.864278256893158),
            ["LeftLowerLeg"] = CFrame.new(2.086162567138672e-07, 0.00012218952178955078, 0.00007753819227218628, 1, 4.2840824221457297e-08, 3.725289943190546e-08, -8.940696716308594e-08, 0.468515545129776, 0.883455753326416, 5.960464477539063e-08, -0.8834553360939026, 0.46851474046707153),
        }},
        {Time = 0.200, Data = {
            ["LeftFoot"] = CFrame.new(-4.842877388000488e-08, -1.1920928955078125e-07, -4.190951585769653e-08, 0.9876662492752075, -0.14671273529529572, -0.05468888208270073, 0.13024358451366425, 0.9636894464492798, -0.23310840129852295, 0.08690308034420013, 0.22311003506183624, 0.9709117412567139),
            ["LeftLowerArm"] = CFrame.new(-5.066394805908203e-07, -0.0000029802322387695312, 0.0000031888484954833984, 1, 0, 8.940686768710293e-08, 1.1175872316471214e-07, -0.31688496470451355, -0.948464035987854, 5.2154071283894154e-08, 0.948464035987854, -0.3168850243091583),
            ["LowerTorso"] = CFrame.new(0.08946655690670013, -0.21435046195983887, 0.12375739961862564, 0.9602781534194946, 0.0894097089767456, 0.264333039522171, -0.08117539435625076, 0.9958173036575317, -0.04193490371108055, -0.26697683334350586, 0.01881183497607708, 0.9635193347930908),
            ["Head"] = CFrame.new(-9.743962436914444e-08, 0.000001430511474609375, -6.124901119619608e-08, 0.8165215253829956, 0.30646300315856934, -0.48925766348838806, -0.3064480423927307, 0.9482995867729187, 0.08256880939006805, 0.48926711082458496, 0.08251272886991501, 0.8682220578193665),
            ["RightUpperArm"] = CFrame.new(-4.172325134277344e-07, 0.0000025033950805664062, -7.249182090163231e-07, 0.4982756972312927, -0.39687708020210266, -0.7708501219749451, -0.17876727879047394, 0.8229494094848633, -0.5392556190490723, 0.8483889102935791, 0.4065006971359253, 0.33910706639289856),
            ["UpperTorso"] = CFrame.new(4.0978193283081055e-08, 0.0000022351741790771484, -1.6391277313232422e-07, 0.9436718225479126, -0.18131744861602783, -0.27678078413009644, 0.22798562049865723, 0.9625417590141296, 0.1467512547969818, 0.2398044317960739, -0.20158696174621582, 0.9496613144874573),
            ["HumanoidRootPart"] = CFrame.new(0, 0, 0, 1, 0, 0, 0, 1, 0, 0, 0, 1),
            ["RightHand"] = CFrame.new(-7.748603820800781e-07, 9.5367431640625e-07, -8.791685104370117e-07, 0.3670421540737152, -0.8054245114326477, 0.4653724730014801, 0.6790196299552917, 0.5739274621009827, 0.45775485038757324, -0.6357770562171936, 0.1479817032814026, 0.7575546503067017),
            ["LeftUpperArm"] = CFrame.new(0, -3.5762786865234375e-07, 2.0023435354232788e-07, 0.5872563719749451, 0.2234710156917572, -0.7779400944709778, -0.4828195869922638, 0.8681232333183289, -0.11509690433740616, 0.6496270298957825, 0.44319599866867065, 0.6177070140838623),
            ["RightLowerArm"] = CFrame.new(8.940696716308594e-07, -0.0000025033950805664062, 7.711350917816162e-07, 1, -1.7392413553807273e-07, 1.1851078340896493e-07, 1.0104863434889921e-07, -0.05446452647447586, -0.9985157251358032, 1.0407543271639952e-07, 0.9985157251358032, -0.05446448177099228),
            ["LeftHand"] = CFrame.new(5.960464477539063e-08, -1.1920928955078125e-07, -7.748603820800781e-07, 0.8210364580154419, 0.49752289056777954, -0.279946506023407, -0.5271679162979126, 0.8489397764205933, -0.037353724241256714, 0.2190733551979065, 0.1782475858926773, 0.9592887163162231),
            ["RightUpperLeg"] = CFrame.new(3.5762786865234375e-07, -0.000001440072082914412, 1.137887011282146e-07, 0.9863871932029724, -0.14613357186317444, -0.07540013641119003, 0.08588598668575287, 0.848853349685669, -0.5216047167778015, 0.14022791385650635, 0.5080285668373108, 0.8498491048812866),
            ["LeftUpperLeg"] = CFrame.new(-5.960464477539063e-08, 0.0000012279488146305084, -2.384185791015625e-07, 0.9943124651908875, 0.10494548827409744, -0.01814296469092369, -0.09609027951955795, 0.8105292916297913, -0.5777618288993835, -0.04592805355787277, 0.576219379901886, 0.8160037398338318),
            ["RightLowerLeg"] = CFrame.new(-6.152549758553505e-08, -0.0001227259635925293, -0.00007750296936137602, 1, -1.3361567141600972e-07, -1.0590887455919074e-07, 1.2980308383703232e-07, 0.36575838923454285, 0.9307097792625427, -1.0564690455794334e-07, -0.9307098388671875, 0.3657586872577667),
            ["RightFoot"] = CFrame.new(5.0044036470353603e-08, 2.980232238769531e-07, 1.6596459317952394e-08, 0.9487005472183228, -0.04477289319038391, -0.31299030780792236, -0.0741642490029335, 0.930791437625885, -0.3579479157924652, 0.3073548376560211, 0.36279869079589844, 0.8797217607498169),
            ["LeftLowerLeg"] = CFrame.new(2.7567148208618164e-07, 0.0001220703125, 0.0000775456428527832, 1, 5.2154039309471045e-08, 7.82310962677002e-08, -1.0430814256778831e-07, 0.5268300771713257, 0.849970817565918, 2.980232594040899e-08, -0.8499706387519836, 0.5268298387527466),
        }},
        {Time = 0.233, Data = {
            ["LeftFoot"] = CFrame.new(-4.842877388000488e-08, 5.960464477539063e-08, -2.9802322387695312e-08, 0.9967155456542969, -0.08098152279853821, -0.0004240944981575012, 0.08063957840204239, 0.9929612278938293, -0.08674922585487366, 0.007445931434631348, 0.08642975986003876, 0.9962301254272461),
            ["LeftLowerArm"] = CFrame.new(-7.450580596923828e-07, -0.000002562999725341797, 0.0000023245811462402344, 1, -5.9604616353681195e-08, 1.4901152667334827e-07, 7.450579886381092e-08, -0.3391936719417572, -0.940716564655304, 9.685753354915505e-08, 0.9407166242599487, -0.3391936719417572),
            ["LowerTorso"] = CFrame.new(0.12301409244537354, -0.1869044303894043, 0.10503409802913666, 0.9328423142433167, 0.02084178663790226, 0.359681636095047, -0.02135525457561016, 0.9997687339782715, -0.0025463649071753025, -0.35965150594711304, -0.005305737257003784, 0.9330716133117676),
            ["Head"] = CFrame.new(-1.6298145055770874e-08, 8.344650268554688e-07, -9.313225746154785e-09, 0.7440834045410156, 0.38074690103530884, -0.5489733219146729, -0.37195733189582825, 0.9186721444129944, 0.13300161063671112, 0.5549663305282593, 0.10523027926683426, 0.8251901865005493),
            ["RightUpperArm"] = CFrame.new(-2.980232238769531e-07, 0.0000026226043701171875, -6.817281246185303e-07, 0.330342561006546, -0.42676088213920593, -0.8418722748756409, -0.23747168481349945, 0.825674295425415, -0.5117314457893372, 0.9134994149208069, 0.36896759271621704, 0.17141170799732208),
            ["UpperTorso"] = CFrame.new(3.725290298461914e-09, 0.000002175569534301758, -1.7136335372924805e-07, 0.9329352378845215, -0.1311023235321045, -0.33532676100730896, 0.18334358930587769, 0.9745378494262695, 0.12907861173152924, 0.30986592173576355, -0.18190200626850128, 0.9332173466682434),
            ["HumanoidRootPart"] = CFrame.new(0, 0, 0, 1, 0, 0, 0, 1, 0, 0, 0, 1),
            ["RightHand"] = CFrame.new(-7.115304470062256e-07, 5.960464477539063e-08, -7.944181561470032e-07, 0.6514618992805481, -0.6655980944633484, 0.3641108572483063, 0.5008512139320374, 0.7377878427505493, 0.45256730914115906, -0.5698644518852234, -0.1124650090932846, 0.8140062689781189),
            ["LeftUpperArm"] = CFrame.new(2.384185791015625e-07, -7.152557373046875e-07, 2.7939677238464355e-07, 0.5572194457054138, 0.1855575442314148, -0.8093670606613159, -0.5155993700027466, 0.8413606882095337, -0.16207872331142426, 0.6508946418762207, 0.5076224207878113, 0.5644958019256592),
            ["RightLowerArm"] = CFrame.new(2.384185791015625e-07, -0.0000017881393432617188, 3.3527612686157227e-08, 1, -9.685736301889847e-08, 1.0803339023368608e-07, 5.5879439742057e-08, -0.16313688457012177, -0.9866034388542175, 9.3132399570095e-08, 0.9866034984588623, -0.16313694417476654),
            ["LeftHand"] = CFrame.new(-2.980232238769531e-07, 2.980232238769531e-07, -3.725290298461914e-07, 0.9302080869674683, 0.28359848260879517, -0.23299114406108856, -0.2653559446334839, 0.9582048654556274, 0.10691023617982864, 0.25357282161712646, -0.03762318566441536, 0.9665843844413757),
            ["RightUpperLeg"] = CFrame.new(4.76837158203125e-07, -0.0000021634332370013, 1.421940396539867e-07, 0.9772385358810425, -0.12926673889160156, -0.16821086406707764, 0.03600851818919182, 0.8824788331985474, -0.46897128224372864, 0.20906513929367065, 0.45224031805992126, 0.8670473694801331),
            ["LeftUpperLeg"] = CFrame.new(-2.384185791015625e-07, 8.825445547699928e-07, -1.7974525690078735e-07, 0.9804260730743408, 0.17083357274532318, -0.09788191318511963, -0.19468681514263153, 0.7670403718948364, -0.6113471984863281, -0.029359111562371254, 0.6184374690055847, 0.7852857112884521),
            ["RightLowerLeg"] = CFrame.new(-7.450580596923828e-08, -0.0001220703125, -0.00007753649697406217, 1, -1.424923397053135e-07, -9.033834658112028e-08, 1.369044611010395e-07, 0.4594165086746216, 0.8882207274436951, -8.428472142441024e-08, -0.8882209658622742, 0.4594169557094574),
            ["RightFoot"] = CFrame.new(5.4016709327697754e-08, 2.384185791015625e-07, -9.480572771281004e-09, 0.9579517841339111, 0.016255827620625496, -0.2864692211151123, -0.10745219141244888, 0.9460657238960266, -0.3056360185146332, 0.26604989171028137, 0.3235667645931244, 0.9080320000648499),
            ["LeftLowerLeg"] = CFrame.new(3.3155083656311035e-07, 0.0001220703125, 0.00007765740156173706, 1, 5.2154039309471045e-08, 3.72529100900465e-08, -8.940698137394065e-08, 0.6040804386138916, 0.7969238758087158, 4.4703490686970326e-08, -0.7969234585762024, 0.6040798425674438),
        }},
        {Time = 0.267, Data = {
            ["LeftFoot"] = CFrame.new(-2.2351741790771484e-08, -5.960464477539063e-08, -3.725290298461914e-09, 0.9894453883171082, -0.13522528111934662, -0.05207826569676399, 0.1361546516418457, 0.990578293800354, 0.014719583094120026, 0.049596965312957764, -0.021654382348060608, 0.9985345602035522),
            ["LeftLowerArm"] = CFrame.new(-0.0000015497207641601562, -0.0000016093254089355469, 0.0000027120113372802734, 1, -1.043080430918053e-07, 4.470343029083779e-08, 9.406359424701805e-08, -0.3094985783100128, -0.9508998990058899, 6.705523247774181e-08, 0.9508998990058899, -0.3094986379146576),
            ["LowerTorso"] = CFrame.new(0.14296354353427887, -0.15766048431396484, 0.08170262724161148, 0.8987830877304077, -0.05460915341973305, 0.4349792003631592, 0.044192325323820114, 0.9984431266784668, 0.03403569757938385, -0.4361605942249298, -0.01136796921491623, 0.8997970819473267),
            ["Head"] = CFrame.new(-5.587935447692871e-08, 0.0000013113021850585938, 1.0058283805847168e-07, 0.6724846363067627, 0.4335007965564728, -0.5998679399490356, -0.4108877182006836, 0.89280766248703, 0.18456943333148956, 0.6155775189399719, 0.12235813587903976, 0.7785195708274841),
            ["RightUpperArm"] = CFrame.new(-5.960464477539063e-08, 0.0000025033950805664062, -5.997717380523682e-07, 0.15557046234607697, -0.4586442708969116, -0.8748961687088013, -0.24943849444389343, 0.8387385606765747, -0.4840436577796936, 0.9558128714561462, 0.29353561997413635, 0.016079431399703026),
            ["UpperTorso"] = CFrame.new(-1.4901161193847656e-08, 0.0000021457672119140625, -1.7136335372924805e-07, 0.9289658665657043, -0.07021910697221756, -0.36344435811042786, 0.12243399024009705, 0.9848676323890686, 0.12266111373901367, 0.349331259727478, -0.15844592452049255, 0.9235056042671204),
            ["HumanoidRootPart"] = CFrame.new(0, 0, 0, 1, 0, 0, 0, 1, 0, 0, 0, 1),
            ["RightHand"] = CFrame.new(-8.195638656616211e-07, 1.7881393432617188e-07, -7.80448317527771e-07, 0.8874596357345581, -0.3291458487510681, 0.3226117193698883, 0.19073261320590973, 0.8995156288146973, 0.3930557370185852, -0.41956692934036255, -0.28728845715522766, 0.8610627055168152),
            ["LeftUpperArm"] = CFrame.new(2.980232238769531e-07, -3.5762786865234375e-07, 3.309687599539757e-07, 0.5184904336929321, 0.1326976716518402, -0.8447242975234985, -0.5551055669784546, 0.8036525845527649, -0.21447716653347015, 0.6504042148590088, 0.5801154375076294, 0.490347295999527),
            ["RightLowerArm"] = CFrame.new(3.5762786865234375e-07, -0.000003337860107421875, 4.637986421585083e-07, 1, -5.960454529940762e-08, 8.195638656616211e-08, 5.215414944359509e-08, -0.2281322181224823, -0.9736301898956299, 1.0430829888719018e-07, 0.9736302495002747, -0.22813217341899872),
            ["LeftHand"] = CFrame.new(2.980232238769531e-07, 3.5762786865234375e-07, -5.662441253662109e-07, 0.9886606931686401, -0.06811658293008804, -0.13382895290851593, 0.09083040803670883, 0.9809492230415344, 0.17172221839427948, 0.11958219110965729, -0.18193067610263824, 0.9760130643844604),
