return {
    ["Pirouette"] = {
        {Time = 0.000, Data = {
            ["LeftFoot"] = CFrame.new(-2.2351741790771484e-08, 0, -7.450580596923828e-09, 0.9948402047157288, 0.016104070469737053, -0.10016883909702301, 0.05280609428882599, 0.7608530521392822, 0.646772027015686, 0.08662950247526169, -0.6487244367599487, 0.7560769319534302),
            ["LeftLowerArm"] = CFrame.new(-1.4901161193847656e-07, 1.1920928955078125e-07, -1.341104507446289e-07, 1, -9.685756907629184e-08, 7.450579886381092e-08, 1.341104507446289e-07, 0.2942616641521454, -0.9557249546051025, 1.043081283569336e-07, 0.9557250142097473, 0.29426154494285583),
            ["LowerTorso"] = CFrame.new(-0.017006229609251022, 0.3000810146331787, 0.07133489102125168, -0.988540530204773, 0.15090519189834595, -0.003929425496608019, 0.1501384824514389, 0.980146586894989, -0.12950311601161957, -0.015691259875893593, -0.12860900163650513, -0.9915712475776672),
            ["Head"] = CFrame.new(0, -1.1920928955078125e-07, 0, 0.8133787512779236, -0.029900994151830673, -0.5809655785560608, -0.009104846976697445, 0.9979014992713928, -0.0641065463423729, 0.581663191318512, 0.05743246152997017, 0.8113996386528015),
            ["RightUpperArm"] = CFrame.new(1.1920928955078125e-07, 0, 0, 0.31667807698249817, -0.8801693320274353, 0.3535773456096649, 0.872559130191803, 0.4164941906929016, 0.25529083609580994, -0.3719620108604431, 0.2276720106601715, 0.8998943567276001),
            ["UpperTorso"] = CFrame.new(2.255546860396862e-08, -2.9802322387695312e-08, -6.199115887284279e-08, 0.933899998664856, 0.2576829791069031, -0.24785152077674866, -0.19962352514266968, 0.9509148001670837, 0.23645615577697754, 0.29661640524864197, -0.1713493913412094, 0.9394988417625427),
            ["HumanoidRootPart"] = CFrame.new(0, 0, 0, 1, 0, 0, 0, 1, 0, 0, 0, 1),
            ["RightHand"] = CFrame.new(7.450580596923828e-08, 0, -9.685754776000977e-08, 0.6794917583465576, 0.13927841186523438, -0.7203419804573059, -0.37313511967658997, 0.9109612703323364, -0.17584000527858734, 0.6317129135131836, 0.38826683163642883, 0.6709602475166321),
            ["LeftUpperArm"] = CFrame.new(0, -1.1920928955078125e-07, 5.960464477539063e-08, 0.6396251916885376, 0.6679010987281799, -0.38051021099090576, -0.7624461054801941, 0.614198625087738, -0.20355771481990814, 0.09775258600711823, 0.42031919956207275, 0.9020954966545105),
            ["RightLowerArm"] = CFrame.new(-8.940696716308594e-08, 1.7881393432617188e-07, 1.1175870895385742e-07, 1, -5.215405707303944e-08, 4.842878098543224e-08, 6.705522537231445e-08, -0.24131864309310913, -0.970445990562439, 1.30385160446167e-07, 0.970445990562439, -0.2413187325000763),
            ["LeftHand"] = CFrame.new(4.470348358154297e-07, 0, 5.960464477539063e-08, 0.6194190382957458, -0.5680711269378662, 0.5418633222579956, 0.7122232913970947, 0.6969711184501648, -0.08348146826028824, -0.33023959398269653, 0.43763747811317444, 0.8363103866577148),
            ["RightUpperLeg"] = CFrame.new(-5.960464477539063e-08, -5.140900611877441e-07, -2.9867806006222963e-08, 0.8183480501174927, -0.24883027374744415, -0.5180637240409851, -0.3207140862941742, 0.5502951145172119, -0.7709201574325562, 0.47691622376441956, 0.7970312833786011, 0.370529443025589),
            ["LeftUpperLeg"] = CFrame.new(0, -1.695007085800171e-07, -3.2247044146060944e-08, 0.9274346232414246, 0.0882527083158493, 0.3634234666824341, -0.08753466606140137, 0.9959900379180908, -0.01848035305738449, -0.3635971248149872, -0.014672944322228432, 0.9314408302307129),
            ["RightLowerLeg"] = CFrame.new(-8.940696716308594e-08, -0.00006020069122314453, -0.00007228383765323088, 1, -1.341104365337742e-07, -1.86264600188224e-07, 2.0861628513557662e-07, -0.02837831899523735, 0.9995973110198975, -1.3411046495548362e-07, -0.9995973110198975, -0.028378060087561607),
            ["RightFoot"] = CFrame.new(-2.9802322387695312e-08, 1.7881393432617188e-07, 2.7772330213338137e-08, 0.8827260732650757, -0.311624675989151, 0.3516891896724701, 0.08106891810894012, 0.8382293581962585, 0.5392580032348633, -0.4628419876098633, -0.4475060999393463, 0.7651898860931396),
            ["LeftLowerLeg"] = CFrame.new(2.2351741790771484e-08, 0.00006109476089477539, 0.00007201731204986572, 1, 4.470347647611561e-08, -2.6077035641947077e-08, -3.3527612686157227e-08, 0.9042598605155945, 0.42698293924331665, 5.494803190231323e-08, -0.42698249220848083, 0.9042598009109497),
        }},
        {Time = 0.033, Data = {
            ["LeftFoot"] = CFrame.new(3.2101524993777275e-08, -5.960464477539063e-08, -3.329478204250336e-08, 0.999255895614624, -0.0025943219661712646, -0.0384833961725235, 0.02713991329073906, 0.7562485337257385, 0.6537213325500488, 0.02740698680281639, -0.6542794108390808, 0.7557563185691833),
            ["LeftLowerArm"] = CFrame.new(-2.980232238769531e-07, 7.152557373046875e-07, 7.450580596923828e-08, 1, -7.078052988163108e-08, 1.4901157641133977e-08, -3.725290298461914e-08, 0.11799173802137375, -0.9930145740509033, 1.043081283569336e-07, 0.9930145740509033, 0.1179916188120842),
            ["LowerTorso"] = CFrame.new(-0.014864076860249043, 0.30458641052246094, 0.06605557352304459, -0.9289811849594116, 0.19192850589752197, 0.3164767920970917, 0.1582760214805603, 0.9789226651191711, -0.1290699541568756, -0.3345785439014435, -0.0698128193616867, -0.9397783875465393),
            ["Head"] = CFrame.new(-7.450580596923828e-08, 9.5367431640625e-07, 7.450580596923828e-09, 0.6468966603279114, -0.036919768899679184, -0.761683464050293, -0.03741643205285072, 0.9960876107215881, -0.08005933463573456, 0.7616593241691589, 0.08028978854417801, 0.6429843902587891),
            ["RightUpperArm"] = CFrame.new(0, 4.76837158203125e-07, -1.043081283569336e-07, 0.29930931329727173, -0.8468511700630188, 0.4396100640296936, 0.8536410927772522, 0.44349923729896545, 0.2731398642063141, -0.42627549171447754, 0.2935159504413605, 0.8556503653526306),
            ["UpperTorso"] = CFrame.new(-2.0489096641540527e-08, -3.2782554626464844e-07, -7.450580596923828e-09, 0.9347705245018005, 0.26568326354026794, -0.23583191633224487, -0.20716245472431183, 0.9469543099403381, 0.24568533897399902, 0.2885964810848236, -0.18080385029315948, 0.9402245283126831),
            ["HumanoidRootPart"] = CFrame.new(0, 0, 0, 1, 0, 0, 0, 1, 0, 0, 0, 1),
            ["RightHand"] = CFrame.new(-4.675239324569702e-07, -1.1920928955078125e-07, -1.7695128917694092e-08, 0.7458310723304749, 0.1748710572719574, -0.6427721977233887, -0.37834909558296204, 0.9053841829299927, -0.19269494712352753, 0.5482590794563293, 0.3869103193283081, 0.7414261102676392),
            ["LeftUpperArm"] = CFrame.new(-1.1920928955078125e-07, 4.76837158203125e-07, -4.470348358154297e-08, 0.6047821044921875, 0.6211029291152954, -0.4984675645828247, -0.7663415670394897, 0.6241825222969055, -0.15204225480556488, 0.21670085191726685, 0.47394877672195435, 0.8534712791442871),
            ["RightLowerArm"] = CFrame.new(-4.470348358154297e-07, -4.76837158203125e-07, -2.5331974029541016e-07, 1, -7.450579886381092e-08, 1.5087427129856223e-07, -5.587936158235607e-08, -0.32757440209388733, -0.9448254108428955, 9.685756197086448e-08, 0.9448253512382507, -0.3275744616985321),
            ["LeftHand"] = CFrame.new(1.2665987014770508e-07, -5.960464477539063e-08, -2.8312206268310547e-07, 0.5283263921737671, -0.5897709131240845, 0.6107717156410217, 0.794181764125824, 0.5976666212081909, -0.10986250638961792, -0.30024412274360657, 0.5431069135665894, 0.7841480374336243),
            ["RightUpperLeg"] = CFrame.new(-5.960464477539063e-08, -8.489005267620087e-07, -4.639878170564771e-08, 0.8546565771102905, -0.17800851166248322, -0.48772454261779785, -0.36143964529037476, 0.4703883230686188, -0.8050442934036255, 0.3727245032787323, 0.8643193244934082, 0.3376811444759369),
            ["LeftUpperLeg"] = CFrame.new(8.940696716308594e-08, -5.289912223815918e-07, 1.4901161193847656e-08, 0.9029819965362549, 0.10035096853971481, 0.41779574751853943, -0.08541504293680191, 0.9948620200157166, -0.054350074380636215, -0.4211030900478363, 0.013391058892011642, 0.9069138765335083),
            ["RightLowerLeg"] = CFrame.new(-1.4901161193847656e-08, -0.000060617923736572266, -0.0000716356371412985, 1, -2.2351738948600541e-07, -1.4156105976326216e-07, 8.940698137394065e-08, -0.14063039422035217, 0.9900622367858887, -1.6018749704471702e-07, -0.9900622367858887, -0.14063027501106262),
            ["RightFoot"] = CFrame.new(-1.4901161193847656e-08, 2.384185791015625e-07, 1.6596459317952394e-08, 0.9019289016723633, -0.27829617261886597, 0.3302663564682007, 0.052973661571741104, 0.8302206993103027, 0.5549119710922241, -0.42862364649772644, -0.48299574851989746, 0.7635423541069031),
            ["LeftLowerLeg"] = CFrame.new(5.21540641784668e-08, 0.00006091594696044922, 0.00007204711437225342, 1, -3.3527612686157227e-08, 4.842879164357328e-08, -7.63684582238966e-08, 0.8848671913146973, 0.4658437967300415, 1.862645326866641e-08, -0.46584352850914, 0.8848670721054077),
        }},
        {Time = 0.067, Data = {
            ["LeftFoot"] = CFrame.new(-1.816079020500183e-08, 5.960464477539063e-08, 2.2351741790771484e-08, 0.9986751675605774, -0.03535114973783493, 0.037393469363451004, 0.004281528759747744, 0.7812367677688599, 0.6242203116416931, -0.05127996951341629, -0.6232331395149231, 0.7803529500961304),
            ["LeftLowerArm"] = CFrame.new(5.066394805908203e-07, -4.172325134277344e-07, -2.2351741790771484e-08, 1, -8.940696716308594e-08, 7.823108916227284e-08, -6.53672032058239e-08, 0.015974339097738266, -0.9998724460601807, 8.288770914077759e-08, 0.9998724460601807, 0.01597433350980282),
            ["LowerTorso"] = CFrame.new(-0.013462298549711704, 0.3036208152770996, 0.06286343187093735, -0.7972326874732971, 0.20571626722812653, 0.567539393901825, 0.16362999379634857, 0.9785889983177185, -0.12485545873641968, -0.5810725688934326, -0.006672328338027, -0.8138244152069092),
            ["Head"] = CFrame.new(1.862645149230957e-08, -4.76837158203125e-07, -4.0978193283081055e-08, 0.5040381550788879, -0.03613581880927086, -0.8629252314567566, -0.06258146464824677, 0.9949700236320496, -0.07821919023990631, 0.8614112138748169, 0.09342848509550095, 0.49924132227897644),
            ["RightUpperArm"] = CFrame.new(0, -1.1920928955078125e-07, -5.960464477539063e-08, 0.27567392587661743, -0.8195494413375854, 0.5023373961448669, 0.8468538522720337, 0.45431748032569885, 0.27646777033805847, -0.4547995924949646, 0.34919124841690063, 0.8192818760871887),
            ["UpperTorso"] = CFrame.new(2.2351741790771484e-08, 8.940696716308594e-08, 1.4901161193847656e-08, 0.9413915872573853, 0.2549523711204529, -0.22086499631404877, -0.19646205008029938, 0.9466666579246521, 0.25539177656173706, 0.27419811487197876, -0.19703206419944763, 0.9412723779678345),
            ["HumanoidRootPart"] = CFrame.new(0, 0, 0, 1, 0, 0, 0, 1, 0, 0, 0, 1),
            ["RightHand"] = CFrame.new(3.129243850708008e-07, 0, -1.1688098311424255e-07, 0.8086778521537781, 0.22982007265090942, -0.5415006875991821, -0.39272332191467285, 0.8962635397911072, -0.20610719919204712, 0.43795955181121826, 0.37933409214019775, 0.815044105052948),
            ["LeftUpperArm"] = CFrame.new(0, 0, 0, 0.524954080581665, 0.5793430209159851, -0.6235264539718628, -0.7837953567504883, 0.614637017250061, -0.088802769780159, 0.33179527521133423, 0.5353344082832336, 0.7767425179481506),
            ["RightLowerArm"] = CFrame.new(1.7881393432617188e-07, 1.1920928955078125e-07, 5.960464477539063e-08, 1, -7.636847243475131e-08, 1.5948897669204598e-07, 5.2154071283894154e-08, -0.37907859683036804, -0.9253644943237305, 7.450581307466564e-08, 0.9253644943237305, -0.3790785074234009),
            ["LeftHand"] = CFrame.new(-1.4435499906539917e-08, -5.960464477539063e-08, -4.805624485015869e-07, 0.4700005054473877, -0.594045102596283, 0.6528477072715759, 0.8302554488182068, 0.5486055612564087, -0.09852833300828934, -0.29962560534477234, 0.5883386135101318, 0.7510539889335632),
            ["RightUpperLeg"] = CFrame.new(0, 2.1886080503463745e-08, -3.149762051180005e-08, 0.5898520946502686, -0.5173596739768982, -0.6200108528137207, -0.3641853332519531, 0.5148493051528931, -0.7760794758796692, 0.72072434425354, 0.683570921421051, 0.11527010798454285),
            ["LeftUpperLeg"] = CFrame.new(5.960464477539063e-08, 3.7439167499542236e-07, -2.9802322387695312e-08, 0.8682116866111755, 0.11546167731285095, 0.48257339000701904, -0.08360128104686737, 0.9926852583885193, -0.08710281550884247, -0.48910054564476013, 0.03527991846203804, 0.8715137243270874),
            ["RightLowerLeg"] = CFrame.new(1.0058283805847168e-07, -0.00006008148193359375, -0.00007203191489679739, 1, -6.705522537231445e-08, -1.2665992699112394e-07, 1.4156105976326216e-07, -0.334408700466156, 0.9424282312393188, -2.0861631355728605e-07, -0.9424282312393188, -0.33440864086151123),
            ["RightFoot"] = CFrame.new(7.450580596923828e-09, 5.364418029785156e-07, 1.6596459317952394e-08, 0.9289513230323792, -0.2114327996969223, 0.3038846254348755, 0.0532412976026535, 0.8886299133300781, 0.45552414655685425, -0.36635345220565796, -0.40698063373565674, 0.836750864982605),
            ["LeftLowerLeg"] = CFrame.new(-7.450580596923828e-09, 0.000060558319091796875, 0.00007204152643680573, 1, 5.5879368687783426e-08, 3.72529100900465e-08, 0, 0.8577630519866943, 0.5140453577041626, 1.6763809895792292e-08, -0.5140453577041626, 0.8577630519866943),
        }},
        {Time = 0.100, Data = {
            ["LeftFoot"] = CFrame.new(2.0489096641540527e-08, 1.1920928955078125e-07, -1.4901161193847656e-08, 0.9946924448013306, -0.08266600221395493, 0.06126464158296585, 0.0276240985840559, 0.7881103157997131, 0.6149135231971741, -0.09911549091339111, -0.6099576950073242, 0.7862111926078796),
            ["LeftLowerArm"] = CFrame.new(5.662441253662109e-07, -4.76837158203125e-07, -1.3224780559539795e-07, 1, -9.685758328714655e-08, 1.1175868053214799e-07, 1.4901164746561335e-08, -0.05150843411684036, -0.9986725449562073, 1.0430815677864302e-07, 0.9986725449562073, -0.05150844529271126),
            ["LowerTorso"] = CFrame.new(-0.012653403915464878, 0.3015615940093994, 0.061219390481710434, -0.6194220781326294, 0.19538556039333344, 0.7603558301925659, 0.16658754646778107, 0.979190468788147, -0.11590836197137833, -0.7671799063682556, 0.054869700223207474, -0.639080822467804),
            ["Head"] = CFrame.new(-3.725290298461914e-08, -2.384185791015625e-07, 5.21540641784668e-08, 0.3826369643211365, -0.025390177965164185, -0.9235498309135437, -0.055441632866859436, 0.9971899390220642, -0.05038449168205261, 0.9222338795661926, 0.07048182189464569, 0.380154013633728),
            ["RightUpperArm"] = CFrame.new(-5.960464477539063e-08, 0, 8.940696716308594e-08, 0.26370003819465637, -0.7959274053573608, 0.5449422597885132, 0.841358482837677, 0.4660944640636444, 0.2736274003982544, -0.47178202867507935, 0.38633599877357483, 0.7925692200660706),
            ["UpperTorso"] = CFrame.new(-4.0978193283081055e-08, -1.4901161193847656e-07, 7.450580596923828e-09, 0.9535093903541565, 0.220668226480484, -0.2052445113658905, -0.166015163064003, 0.9530169367790222, 0.2533726394176483, 0.2515128254890442, -0.20751947164535522, 0.9453449249267578),
            ["HumanoidRootPart"] = CFrame.new(0, 0, 0, 1, 0, 0, 0, 1, 0, 0, 0, 1),
            ["RightHand"] = CFrame.new(-6.51925802230835e-09, -1.1920928955078125e-07, 3.8743019104003906e-07, 0.8607658743858337, 0.28931862115859985, -0.4187801778316498, -0.40721821784973145, 0.8850393891334534, -0.22556249797344208, 0.3053774833679199, 0.36469170451164246, 0.8796277046203613),
            ["LeftUpperArm"] = CFrame.new(0, -4.76837158203125e-07, -2.9802322387695312e-08, 0.40525609254837036, 0.546112060546875, -0.7331640720367432, -0.8054689764976501, 0.592625617980957, -0.0037933592684566975, 0.4324202537536621, 0.5920781493186951, 0.6800413727760315),
            ["RightLowerArm"] = CFrame.new(-3.2782554626464844e-07, 0, -1.1920928955078125e-07, 1, -6.891786341611805e-08, 7.171185245624656e-08, 8.102506399154663e-08, -0.39309385418891907, -0.9194983839988708, 7.636845111846924e-08, 0.9194983839988708, -0.3930940330028534),
            ["LeftHand"] = CFrame.new(-1.7881393432617188e-07, -1.1920928955078125e-07, -2.9802322387695312e-08, 0.5267902612686157, -0.5509295463562012, 0.6472784876823425, 0.7721527218818665, 0.628527820110321, -0.09344980120658875, -0.3553481101989746, 0.5490259528160095, 0.7565036416053772),
            ["RightUpperLeg"] = CFrame.new(-2.9802322387695312e-08, -1.0803341865539551e-07, -4.639878170564771e-08, 0.5040521621704102, -0.5439125299453735, -0.6708881258964539, -0.42759495973587036, 0.5177448391914368, -0.7410147190093994, 0.7503959536552429, 0.6603782773017883, 0.028396036475896835),
            ["LeftUpperLeg"] = CFrame.new(0, -2.849847078323364e-07, 2.9802322387695312e-08, 0.8295870423316956, 0.13702420890331268, 0.5413037538528442, -0.09252002835273743, 0.9897542595863342, -0.10875019431114197, -0.5506591796875, 0.04013632610440254, 0.8337647318840027),
            ["RightLowerLeg"] = CFrame.new(0, -0.000060677528381347656, -0.00007211992488009855, 1, -2.0116560506266978e-07, -2.3841863594498136e-07, 1.3597308168300515e-07, -0.40120312571525574, 0.915989100933075, -1.7136333951839333e-07, -0.915989100933075, -0.40120330452919006),
            ["RightFoot"] = CFrame.new(-3.725290298461914e-09, 1.1920928955078125e-07, -4.5802153181284666e-08, 0.9687814116477966, -0.13634012639522552, 0.20706060528755188, 0.024517809972167015, 0.8837966322898865, 0.4672280550003052, -0.2467011660337448, -0.44756558537483215, 0.8595486879348755),
            ["LeftLowerLeg"] = CFrame.new(2.9802322387695312e-08, 0.000060617923736572266, 0.00007203221321105957, 1, 7.4505797087454084e-09, 2.980232949312267e-08, -9.313225746154785e-09, 0.8462256789207458, 0.532824695110321, 5.587935447692871e-09, -0.5328245759010315, 0.8462256789207458),
        }},
        {Time = 0.133, Data = {
            ["LeftFoot"] = CFrame.new(-3.725290298461914e-09, 5.960464477539063e-08, -3.725290298461914e-08, 0.9834873080253601, -0.16113491356372833, 0.08239187300205231, 0.07788658887147903, 0.7877950668334961, 0.6109932661056519, -0.16336022317409515, -0.5944868326187134, 0.7873366475105286),
            ["LeftLowerArm"] = CFrame.new(6.258487701416016e-07, -3.5762786865234375e-07, -5.960464477539063e-08, 1, -1.378357268322361e-07, 1.4901159417490817e-08, 1.1920930376163597e-07, -0.1055993139743805, -0.9944087862968445, 2.2351745343485163e-08, 0.9944088459014893, -0.10559915006160736),
            ["LowerTorso"] = CFrame.new(-0.012276469729840755, 0.2994661331176758, 0.060614846646785736, -0.3818885385990143, 0.1636061817407608, 0.9096121191978455, 0.1679566502571106, 0.980103611946106, -0.10577062517404556, -0.9088189005851746, 0.1123829185962677, -0.4017690420150757),
            ["Head"] = CFrame.new(-3.725290298461914e-09, 1.1920928955078125e-07, 5.21540641784668e-08, 0.31231820583343506, -0.0028992192819714546, -0.9499731063842773, -0.05062452331185341, 0.9985236525535583, -0.01969079114496708, 0.9486276507377625, 0.05424163490533829, 0.31171029806137085),
            ["RightUpperArm"] = CFrame.new(-5.960464477539063e-08, -2.384185791015625e-07, 0, 0.24807502329349518, -0.7793024182319641, 0.5754533410072327, 0.8381408452987671, 0.4705328941345215, 0.27589648962020874, -0.4857766032218933, 0.41386792063713074, 0.7698925733566284),
            ["UpperTorso"] = CFrame.new(-2.0489096641540527e-08, -8.940696716308594e-08, 3.725290298461914e-09, 0.9659938812255859, 0.18023429811000824, -0.18539592623710632, -0.13259010016918182, 0.9608578085899353, 0.24325327575206757, 0.2219816893339157, -0.21039952337741852, 0.9520798921585083),
            ["HumanoidRootPart"] = CFrame.new(0, 0, 0, 1, 0, 0, 0, 1, 0, 0, 0, 1),
            ["RightHand"] = CFrame.new(2.3096799850463867e-07, 0, -2.682209014892578e-07, 0.8885681629180908, 0.3463665246963501, -0.30079373717308044, -0.42381006479263306, 0.8707782626152039, -0.24925947189331055, 0.17558962106704712, 0.3489636182785034, 0.9205394387245178),
            ["LeftUpperArm"] = CFrame.new(5.960464477539063e-08, -5.960464477539062e-07, 1.4901161193847656e-08, 0.2803068161010742, 0.5237300992012024, -0.8044469952583313, -0.8172833323478699, 0.5697582364082336, 0.08615798503160477, 0.5034639835357666, 0.6333106160163879, 0.5877429842948914),
            ["RightLowerArm"] = CFrame.new(-2.384185791015625e-07, -1.1920928955078125e-07, 4.172325134277344e-07, 1, -1.0430809993522416e-07, -4.842878098543224e-08, 7.450580596923828e-08, -0.3993476331233978, -0.9167996644973755, 1.564621925354004e-07, 0.9167996048927307, -0.399347722530365),
            ["LeftHand"] = CFrame.new(-4.470348358154297e-07, 1.1920928955078125e-07, 1.7881393432617188e-07, 0.64088374376297, -0.44252392649650574, 0.6272489428520203, 0.6317352056503296, 0.7682476043701172, -0.10346923768520355, -0.4360947906970978, 0.4625670313835144, 0.771915078163147),
            ["RightUpperLeg"] = CFrame.new(-1.1920928955078125e-07, -8.121132850646973e-07, 2.8107024263590574e-08, 0.4652400016784668, -0.5130752921104431, -0.7213220596313477, -0.4884307384490967, 0.5308054089546204, -0.6925902962684631, 0.7382325530052185, 0.674536406993866, -0.0036498303525149822),
            ["LeftUpperLeg"] = CFrame.new(-1.1920928955078125e-07, -7.133930921554565e-07, 2.9802322387695312e-08, 0.7886841297149658, 0.15220578014850616, 0.5956600308418274, -0.10337697714567184, 0.9879066944122314, -0.11555810272693634, -0.6060450673103333, 0.029561301693320274, 0.794880747795105),
            ["RightLowerLeg"] = CFrame.new(2.9802322387695312e-08, -0.000060558319091796875, -0.00007174739585025236, 1, -5.9604616353681195e-08, -2.3283075734070735e-07, 1.043081283569336e-07, -0.4485569894313812, 0.8937541246414185, -2.980232238769531e-07, -0.893754243850708, -0.44855719804763794),
            ["RightFoot"] = CFrame.new(8.940696716308594e-08, 1.1920928955078125e-07, 4.3779436964541674e-08, 0.9952405691146851, -0.05169184133410454, 0.08260892331600189, 0.0026572796050459146, 0.8617965579032898, 0.5072466135025024, -0.09741242974996567, -0.5046133995056152, 0.8578326106071472),
            ["LeftLowerLeg"] = CFrame.new(-7.450580596923828e-09, 0.00006079673767089844, 0.00007205083966255188, 1, 7.450580596923828e-09, 5.960465188081798e-08, -3.725290742551124e-09, 0.8442889451980591, 0.5358885526657104, 6.519258910486769e-09, -0.5358882546424866, 0.8442887663841248),
        }},
        {Time = 0.167, Data = {
            ["LeftFoot"] = CFrame.new(3.725290298461914e-09, 5.960464477539063e-08, -2.9802322387695312e-08, 0.9754009246826172, -0.19768641889095306, 0.09753549844026566, 0.09629673510789871, 0.7801284193992615, 0.6181639432907104, -0.1982928067445755, -0.5935654044151306, 0.7799744606018066),
            ["LeftLowerArm"] = CFrame.new(0, -5.960464477539063e-08, -1.1920928955078125e-07, 1, -1.043081780949251e-07, 1.937150670983101e-07, 6.705522537231445e-08, -0.14375470578670502, -0.98961341381073, 1.043081283569336e-07, 0.9896133542060852, -0.14375460147857666),
            ["LowerTorso"] = CFrame.new(-0.012185041792690754, 0.29851484298706055, 0.060528457164764404, -0.06891512125730515, 0.11262380331754684, 0.9912449717521667, 0.1683981567621231, 0.9806627035140991, -0.0997137576341629, -0.9833071231842041, 0.16005218029022217, -0.08654811233282089),
            ["Head"] = CFrame.new(-1.0244548320770264e-08, -2.384185791015625e-07, 4.0978193283081055e-08, 0.36668068170547485, -0.009747100993990898, -0.9302958250045776, -0.04072841629385948, 0.9988183975219727, -0.0265180803835392, 0.9294549226760864, 0.047612883150577545, 0.3658503293991089),
            ["RightUpperArm"] = CFrame.new(1.1920928955078125e-07, -5.960464477539062e-07, 1.0011717677116394e-08, 0.21530792117118835, -0.775907039642334, 0.5929678082466125, 0.8288453817367554, 0.46628403663635254, 0.3091839551925659, -0.5163893699645996, 0.4249087870121002, 0.7435014843940735),
            ["UpperTorso"] = CFrame.new(-1.6996636986732483e-08, -1.7881393432617188e-07, 1.30385160446167e-08, 0.974280059337616, 0.16121375560760498, -0.15744389593601227, -0.12279318273067474, 0.9656670689582825, 0.22893017530441284, 0.18894506990909576, -0.20370911061763763, 0.9606260061264038),
            ["HumanoidRootPart"] = CFrame.new(0, 0, 0, 1, 0, 0, 0, 1, 0, 0, 0, 1),
            ["RightHand"] = CFrame.new(0, 2.384185791015625e-07, -1.1920928955078125e-07, 0.8871848583221436, 0.3866541385650635, -0.2517963647842407, -0.44725537300109863, 0.8547751307487488, -0.26329100131988525, 0.11342679709196091, 0.3462052047252655, 0.931276798248291),
            ["LeftUpperArm"] = CFrame.new(-1.1920928955078125e-07, -1.1920928955078125e-07, 6.705522537231445e-08, 0.19641724228858948, 0.5104276537895203, -0.8371881246566772, -0.8125786781311035, 0.5625849962234497, 0.15236064791679382, 0.5487587451934814, 0.6503551006317139, 0.5252639651298523),
            ["RightLowerArm"] = CFrame.new(-1.1920928955078125e-07, 2.384185791015625e-07, -2.384185791015625e-07, 1, -3.725290653733282e-08, 1.4901161193847656e-07, 2.2351741790771484e-07, -0.4133848547935486, -0.9105564951896667, 1.6391277313232422e-07, 0.910556435585022, -0.4133848249912262),
            ["LeftHand"] = CFrame.new(-2.9802322387695312e-08, -5.960464477539063e-08, -2.8312206268310547e-07, 0.689827561378479, -0.3599967956542969, 0.6281245946884155, 0.534797728061676, 0.8381853103637695, -0.10694410651922226, -0.4879850745201111, 0.4096923768520355, 0.7707286477088928),
            ["RightUpperLeg"] = CFrame.new(0, -2.8545036911964417e-07, -3.149762051180005e-08, 0.4204908311367035, -0.4727056920528412, -0.7744267582893372, -0.5495133996009827, 0.5465062856674194, -0.6319540739059448, 0.7219573855400085, 0.6912887692451477, -0.02995731681585312),
            ["LeftUpperLeg"] = CFrame.new(-5.960464477539063e-08, -3.480818122625351e-07, 1.862645149230957e-09, 0.7609461545944214, 0.17597830295562744, 0.6244938969612122, -0.11084099113941193, 0.9836241602897644, -0.14211909472942352, -0.6392772197723389, 0.038925476372241974, 0.7679905891418457),
            ["RightLowerLeg"] = CFrame.new(0, -0.00006020069122314453, -0.00007201561675174162, 1, -1.4901159772762185e-07, -2.1606693678677402e-07, 1.7881399116959074e-07, -0.4803982377052307, 0.8770503401756287, -2.1979221287438122e-07, -0.877050518989563, -0.48039859533309937),
            ["RightFoot"] = CFrame.new(6.332993507385254e-08, 2.980232238769531e-07, -8.584902388975024e-08, 0.9994733333587646, 0.02413339354097843, -0.02169395238161087, -0.008353517390787601, 0.8373317122459412, 0.5466310977935791, 0.031357135623693466, -0.5461623072624207, 0.8370925784111023),
            ["LeftLowerLeg"] = CFrame.new(7.450580596923828e-09, 0.00006079673767089844, 0.00007205456495285034, 1, 6.705523958316917e-08, -1.1175873559921001e-08, -4.284084198502569e-08, 0.8290507793426514, 0.5591734647750854, 1.1175872671742582e-08, -0.5591734647750854, 0.8290507793426514),
        }},
        {Time = 0.200, Data = {
            ["LeftFoot"] = CFrame.new(2.7939677238464355e-08, -5.960464477539063e-08, -2.2351741790771484e-08, 0.9770669937133789, -0.17392535507678986, 0.12284265458583832, 0.05559077113866806, 0.765255868434906, 0.6413214206695557, -0.20554794371128082, -0.6197850108146667, 0.7573747634887695),
            ["LeftLowerArm"] = CFrame.new(0, 5.960464477539063e-08, -4.470348358154297e-08, 1, -8.195642919872625e-08, 7.636842980218717e-08, 8.009374141693115e-08, -0.17095063626766205, -0.9852796792984009, 8.195638656616211e-08, 0.9852796196937561, -0.1709504872560501),
            ["LowerTorso"] = CFrame.new(-0.013446297496557236, 0.3025021553039551, 0.06082629784941673, 0.2987665832042694, 0.04533429816365242, 0.9532488584518433, 0.16762101650238037, 0.98084956407547, -0.0991826206445694, -0.9394901990890503, 0.18941707909107208, 0.2854461073875427),
            ["Head"] = CFrame.new(1.4901161193847656e-08, -7.152557373046875e-07, -5.960464477539063e-08, 0.5418868660926819, -0.04447844251990318, -0.8392738103866577, -0.0284428633749485, 0.9970561861991882, -0.07120469212532043, 0.839970052242279, 0.062456320971250534, 0.5390264987945557),
            ["RightUpperArm"] = CFrame.new(0, -5.960464477539062e-07, -8.940696716308594e-08, 0.21177834272384644, -0.8030363321304321, 0.5570303797721863, 0.8069407343864441, 0.46522173285484314, 0.36388933658599854, -0.5513589382171631, 0.37242645025253296, 0.7465265393257141),
            ["UpperTorso"] = CFrame.new(5.820766091346741e-09, -5.960464477539063e-08, 2.2351741790771484e-08, 0.9794690608978271, 0.163249209523201, -0.11828035116195679, -0.1347714364528656, 0.9665887951850891, 0.218043252825737, 0.14992383122444153, -0.1976257711648941, 0.9687450528144836),
            ["HumanoidRootPart"] = CFrame.new(0, 0, 0, 1, 0, 0, 0, 1, 0, 0, 0, 1),
            ["RightHand"] = CFrame.new(5.960464477539063e-08, 1.7881393432617188e-07, -8.940696716308594e-08, 0.8687450289726257, 0.4084361493587494, -0.2801106870174408, -0.4775669276714325, 0.8406748175621033, -0.2553347647190094, 0.13119414448738098, 0.35559237003326416, 0.9253876805305481),
            ["LeftUpperArm"] = CFrame.new(1.1920928955078125e-07, 0, -8.940696716308594e-08, 0.1679271012544632, 0.512866735458374, -0.8418838381767273, -0.8017376661300659, 0.5679699778556824, 0.18608209490776062, 0.5736003518104553, 0.6437218189239502, 0.5065619945526123),
            ["RightLowerArm"] = CFrame.new(1.7881393432617188e-07, -2.980232238769531e-07, -1.1920928955078125e-07, 1, -5.960465898624534e-08, 8.940695295223122e-08, 8.568168397005138e-08, -0.4359143078327179, -0.8999882936477661, 1.4901162614933128e-07, 0.8999882936477661, -0.43591412901878357),
            ["LeftHand"] = CFrame.new(-3.2782554626464844e-07, -5.960464477539063e-08, -6.984919309616089e-08, 0.6869344115257263, -0.34573855996131897, 0.6392074823379517, 0.5222738981246948, 0.8464838266372681, -0.10341830551624298, -0.5053228735923767, 0.40488266944885254, 0.7620489597320557),
            ["RightUpperLeg"] = CFrame.new(1.1920928955078125e-07, 3.343448042869568e-07, -2.4047039914876223e-08, 0.3239239454269409, -0.43364670872688293, -0.8408470153808594, -0.6165726780891418, 0.5773387551307678, -0.535274088382721, 0.7175732851028442, 0.6918311715126038, -0.08036097884178162),
            ["LeftUpperLeg"] = CFrame.new(0, -2.468004822731018e-08, 4.470348358154297e-08, 0.7671594619750977, 0.21234479546546936, 0.6052901744842529, -0.11131194233894348, 0.9733714461326599, -0.20039381086826324, -0.6317247152328491, 0.08635789155960083, 0.7703676223754883),
            ["RightLowerLeg"] = CFrame.new(-7.450580596923828e-08, -0.00006031990051269531, -0.0000721646283636801, 1, -1.4342360543651012e-07, -2.086163561898502e-07, 1.6391273049976007e-07, -0.49291864037513733, 0.8700753450393677, -3.129242998056725e-07, -0.8700754046440125, -0.4929189085960388),
            ["RightFoot"] = CFrame.new(3.725290298461914e-08, 4.172325134277344e-07, -2.438173396512866e-08, 0.9919418096542358, 0.0888005942106247, -0.09036622941493988, -0.02223655954003334, 0.8242113590240479, 0.5658453106880188, 0.12472838908433914, -0.5592765808105469, 0.8195444345474243),
            ["LeftLowerLeg"] = CFrame.new(-8.940696716308594e-08, 0.00006020069122314453, 0.00007203221321105957, 1, 1.4901162970204496e-08, -3.7252898543727042e-09, -1.0523942250983964e-07, 0.7894740104675293, 0.6137840151786804, -5.5879341154252415e-09, -0.6137840747833252, 0.7894740104675293),
        }},
        {Time = 0.233, Data = {
            ["LeftFoot"] = CFrame.new(4.563480615615845e-08, 0, -4.0978193283081055e-08, 0.9775357842445374, -0.13624396920204163, 0.1608150452375412, -0.007463201880455017, 0.7401353120803833, 0.6724165678024292, -0.2106374353170395, -0.6585113406181335, 0.722491979598999),
            ["LeftLowerArm"] = CFrame.new(2.086162567138672e-07, -4.76837158203125e-07, -1.1920928955078125e-07, 1, -5.960465898624534e-08, 1.4156101713069802e-07, 1.4435498485454445e-07, -0.19083820283412933, -0.9816215634346008, 8.940695295223122e-08, 0.9816215634346008, -0.19083814322948456),
            ["LowerTorso"] = CFrame.new(-0.01652645133435726, 0.3112800121307373, 0.06167537346482277, 0.6460578441619873, -0.030713427811861038, 0.7626702785491943, 0.16595791280269623, 0.980938732624054, -0.10107970237731934, -0.7450284361839294, 0.19187459349632263, 0.6388403177261353),
            ["Head"] = CFrame.new(-1.4901161193847656e-08, -5.960464477539062e-07, -5.029141902923584e-08, 0.7520958781242371, -0.07295386493206024, -0.6550036072731018, -0.009374033659696579, 0.9925698041915894, -0.12131503224372864, 0.6589871644973755, 0.09738054126501083, 0.7458237409591675),
            ["RightUpperArm"] = CFrame.new(-5.960464477539063e-08, -1.1920928955078125e-07, -5.960464477539063e-08, 0.26736980676651, -0.8438507318496704, 0.4652198553085327, 0.7756236791610718, 0.47494760155677795, 0.4157315194606781, -0.5717703700065613, 0.24968135356903076, 0.7814972400665283),
            ["UpperTorso"] = CFrame.new(7.450580596923828e-09, -1.4901161193847656e-07, 1.30385160446167e-08, 0.9829056859016418, 0.1693090796470642, -0.07232537120580673, -0.15118561685085297, 0.9664316773414612, 0.20773223042488098, 0.10506846755743027, -0.19324660301208496, 0.9755082726478577),
            ["HumanoidRootPart"] = CFrame.new(0, 0, 0, 1, 0, 0, 0, 1, 0, 0, 0, 1),
            ["RightHand"] = CFrame.new(1.4156103134155273e-07, 1.1920928955078125e-07, -2.377200871706009e-07, 0.8439812064170837, 0.42054545879364014, -0.33292195200920105, -0.5063077807426453, 0.8295236229896545, -0.23567603528499603, 0.17705418169498444, 0.3674672842025757, 0.9130277633666992),
            ["LeftUpperArm"] = CFrame.new(5.960464477539063e-08, -4.76837158203125e-07, 2.9802322387695312e-08, 0.17071887850761414, 0.528132975101471, -0.8318238258361816, -0.7908499240875244, 0.5769981741905212, 0.20403218269348145, 0.5877172350883484, 0.623015820980072, 0.51617830991745),
            ["RightLowerArm"] = CFrame.new(-1.1920928955078125e-07, 1.1920928955078125e-07, -2.9802322387695312e-08, 1, -1.0430815677864302e-07, 1.5227128358219488e-07, 3.725290653733282e-08, -0.4597850441932678, -0.8880302309989929, 1.3411046495548362e-07, 0.8880302906036377, -0.4597850739955902),
            ["LeftHand"] = CFrame.new(-2.5704503059387207e-07, 1.1920928955078125e-07, -4.842877388000488e-08, 0.6847676634788513, -0.33836865425109863, 0.6454456448554993, 0.516385018825531, 0.8502470850944519, -0.10211042314767838, -0.5142370462417603, 0.40322035551071167, 0.7569500803947449),
            ["RightUpperLeg"] = CFrame.new(-5.960464477539063e-08, -5.774199962615967e-07, 5.790934665128589e-08, 0.23028308153152466, -0.4081774652004242, -0.8833804130554199, -0.6476837992668152, 0.61321622133255, -0.4521853029727936, 0.7262751460075378, 0.676281750202179, -0.12315665185451508),
            ["LeftUpperLeg"] = CFrame.new(0, -5.019828677177429e-07, -5.960464477539063e-08, 0.8011237978935242, 0.2364109754562378, 0.5498278737068176, -0.11158032715320587, 0.9615684151649475, -0.2508707046508789, -0.5880056023597717, 0.1396285444498062, 0.7967141270637512),
            ["RightLowerLeg"] = CFrame.new(1.6391277313232422e-07, -0.00006031990051269531, -0.00007220933184726164, 1, -1.4901161193847656e-07, -1.4156105976326216e-07, 1.1920930376163597e-07, -0.5095046162605286, 0.8604677319526672, -1.0430814256778831e-07, -0.8604680299758911, -0.5095048546791077),
            ["RightFoot"] = CFrame.new(1.8998980522155762e-07, 1.7881393432617188e-07, 5.3849362302571535e-08, 0.9812811613082886, 0.14024235308170319, -0.13198253512382507, -0.039224326610565186, 0.8165176510810852, 0.5759863257408142, 0.18854354321956635, -0.5600278377532959, 0.8067344427108765),
            ["LeftLowerLeg"] = CFrame.new(0, 0.00006085634231567383, 0.00007207132875919342, 1, 3.725290298461914e-08, -2.2351741790771484e-08, -1.2107194891086692e-07, 0.7497014403343201, 0.661776065826416, 4.6566135836201283e-08, -0.6617761850357056, 0.7497016191482544),
        }},
        {Time = 0.267, Data = {
            ["LeftFoot"] = CFrame.new(-1.4901161193847656e-08, 1.1920928955078125e-07, -1.4901161193847656e-08, 0.9770330786705017, -0.08374487608671188, 0.19594162702560425, -0.07711274176836014, 0.7182566523551941, 0.6914920210838318, -0.19864521920681, -0.6907201409339905, 0.6953026652336121),
            ["LeftLowerArm"] = CFrame.new(2.980232238769531e-07, -2.384185791015625e-07, 5.960464477539063e-08, 1, -3.72529100900465e-08, 7.450579886381092e-08, 1.1920930376163597e-07, -0.20323000848293304, -0.9791311025619507, 2.980232594040899e-08, 0.9791311025619507, -0.20322994887828827),
            ["LowerTorso"] = CFrame.new(-0.021731311455368996, 0.3200550079345703, 0.06300953775644302, 0.8955810070037842, -0.10366621613502502, 0.43265241384506226, 0.1638481467962265, 0.9809759855270386, -0.10411427170038223, -0.41362860798835754, 0.16413211822509766, 0.8955289125442505),
            ["Head"] = CFrame.new(2.561137080192566e-09, 1.1920928955078125e-07, 2.2351741790771484e-08, 0.9264286756515503, -0.07818300276994705, -0.36826270818710327, 0.01916247233748436, 0.9867231845855713, -0.16127672791481018, 0.3759823143482208, 0.14235463738441467, 0.9156267642974854),
            ["RightUpperArm"] = CFrame.new(1.1920928955078125e-07, -1.1920928955078125e-07, 0, 0.3387691378593445, -0.8637034296989441, 0.37316465377807617, 0.7456367015838623, 0.4883413016796112, 0.4533747434616089, -0.5738130807876587, 0.12465587258338928, 0.809444010257721),
            ["UpperTorso"] = CFrame.new(5.21540641784668e-08, 1.4901161193847656e-07, -3.725290298461914e-09, 0.9835257530212402, 0.1789526343345642, -0.02555961161851883, -0.17044049501419067, 0.9651246070861816, 0.1987069547176361, 0.060227375477552414, -0.19107694923877716, 0.9797256588935852),
            ["HumanoidRootPart"] = CFrame.new(0, 0, 0, 1, 0, 0, 0, 1, 0, 0, 0, 1),
            ["RightHand"] = CFrame.new(-1.3783574104309082e-07, -1.1920928955078125e-07, -2.9802322387695312e-08, 0.8183207511901855, 0.42807990312576294, -0.38353434205055237, -0.5297206044197083, 0.8206678628921509, -0.2142433524131775, 0.22304098308086395, 0.37848615646362305, 0.8983325362205505),
            ["LeftUpperArm"] = CFrame.new(0, 4.76837158203125e-07, 5.960464477539063e-08, 0.19939695298671722, 0.5498789548873901, -0.8110944628715515, -0.780765950679779, 0.5893295407295227, 0.2075931876897812, 0.5921531915664673, 0.5918815732002258, 0.5468372106552124),
            ["RightLowerArm"] = CFrame.new(-5.960464477539063e-08, 5.960464477539063e-08, -4.172325134277344e-07, 1, -1.4901157641133977e-08, 1.806765510536934e-07, 1.1175868053214799e-07, -0.47771698236465454, -0.8785135746002197, 1.0058281674218961e-07, 0.878513753414154, -0.4777172803878784),
            ["LeftHand"] = CFrame.new(-2.9802322387695312e-08, 0, 2.086162567138672e-07, 0.683540403842926, -0.33571556210517883, 0.6481265425682068, 0.514617383480072, 0.8513612747192383, -0.1017494797706604, -0.5176306962966919, 0.40308699011802673, 0.7547045946121216),
            ["RightUpperLeg"] = CFrame.new(5.960464477539063e-08, 3.7997961044311523e-07, 1.3205863069742918e-08, 0.18752869963645935, -0.40397530794143677, -0.8953417539596558, -0.644662082195282, 0.6371143460273743, -0.42248815298080444, 0.7411098480224609, 0.6564216017723083, -0.14095056056976318),
            ["LeftUpperLeg"] = CFrame.new(1.7881393432617188e-07, 9.313225746154785e-08, -1.4901161193847656e-08, 0.8297528028488159, 0.2328750044107437, 0.5072274208068848, -0.10660899430513382, 0.9581924676895142, -0.2655217945575714, -0.5478548407554626, 0.16624245047569275, 0.8198893666267395),
            ["RightLowerLeg"] = CFrame.new(-1.4901161193847656e-07, -0.0000603795051574707, -0.00007209012255771086, 1, -1.0430809993522416e-07, -3.2782565995148616e-07, 5.21540641784668e-08, -0.5356631875038147, 0.8444315195083618, -1.2665987014770508e-07, -0.8444318175315857, -0.5356634855270386),
