return {
    ["Planetary Vibe"] = {
        {Time = 0.000, Data = {
            ["LeftFoot"] = CFrame.new(1.1920928955078125e-07, 0, 2.9802322387695312e-08, 0.8825642466545105, -0.4701134264469147, 0.008583996444940567, 0.41425642371177673, 0.7688054442405701, -0.48716357350349426, 0.22242291271686554, 0.43351081013679504, 0.8732686638832092),
            ["LeftLowerArm"] = CFrame.new(0.0000014901161193847656, 7.152557373046875e-07, 3.296881914138794e-07, 1, -5.960468030252741e-08, -2.9802311729554276e-08, -3.7252920748187535e-08, 0.9391953945159912, -0.343383252620697, 0, 0.34338319301605225, 0.9391953349113464),
            ["LowerTorso"] = CFrame.new(0.006790084298700094, -0.40171539783477783, -0.007476083002984524, 0.9322822093963623, -0.18288101255893707, 0.3120967745780945, 0.1687670201063156, 0.9830303192138672, 0.07189770042896271, -0.31994929909706116, -0.014357313513755798, 0.9473258852958679),
            ["Head"] = CFrame.new(-6.332993507385254e-08, 0, -1.2479722499847412e-07, 0.9964908957481384, -0.08016099035739899, -0.024084990844130516, 0.08174372464418411, 0.9938925504684448, 0.07413256913423538, 0.017995357513427734, -0.0758412554860115, 0.9969576001167297),
            ["RightUpperArm"] = CFrame.new(-2.384185791015625e-07, -0.0000011920928955078125, 2.4586915969848633e-07, 0.8581605553627014, -0.4739459455013275, -0.19732166826725006, 0.5128509998321533, 0.7739524841308594, 0.3714585602283478, -0.023333653807640076, -0.4199676215648651, 0.9072390794754028),
            ["UpperTorso"] = CFrame.new(-2.8870999813079834e-08, -1.7881393432617188e-07, 6.798654794692993e-08, 0.9531735777854919, 0.1923208236694336, -0.23339439928531647, -0.18759280443191528, 0.981326699256897, 0.04250757768750191, 0.23721134662628174, 0.003266042098402977, 0.9714525938034058),
            ["HumanoidRootPart"] = CFrame.new(0, 0, 0, 1, 0, 0, 0, 1, 0, 0, 0, 1),
            ["RightHand"] = CFrame.new(2.905726432800293e-07, -5.960464477539063e-08, 8.940696716308594e-08, 0.6382457613945007, 0.31502798199653625, 0.7024241089820862, -0.6018403768539429, 0.7731392979621887, 0.2001093178987503, -0.480031818151474, -0.5504661202430725, 0.6830494403839111),
            ["LeftUpperArm"] = CFrame.new(4.172325134277344e-07, 2.384185791015625e-07, 1.6763806343078613e-07, 0.6361069679260254, 0.6132609248161316, -0.46827247738838196, -0.7471222281455994, 0.6411839723587036, -0.17518988251686096, 0.19281163811683655, 0.4612962305545807, 0.86604243516922),
            ["RightLowerArm"] = CFrame.new(0.0000011920928955078125, 2.384185791015625e-07, -7.7858567237854e-07, 1, -7.450576333667414e-08, 6.332992086299782e-08, 1.303851746570217e-07, -0.03261539340019226, -0.9994679689407349, 7.450581307466564e-08, 0.9994679689407349, -0.032615356147289276),
            ["LeftHand"] = CFrame.new(-5.662441253662109e-07, 0, -2.9802322387695312e-08, 0.9351178407669067, -0.3366621136665344, -0.11051420122385025, 0.3541977107524872, 0.8793770670890808, 0.31818264722824097, -0.009936208836734295, -0.33668211102485657, 0.9415659308433533),
            ["RightUpperLeg"] = CFrame.new(-2.384185791015625e-07, 1.457519829273224e-07, 1.7711863620206714e-07, 0.9566081166267395, -0.2853037118911743, 0.05918322876095772, 0.2839824855327606, 0.8674250245094299, -0.4085685610771179, 0.06522916257381439, 0.4076465666294098, 0.9108068346977234),
            ["LeftUpperLeg"] = CFrame.new(1.1920928955078125e-07, -3.236345946788788e-07, -7.450580596923828e-08, 0.7138257026672363, 0.6843482851982117, -0.14872947335243225, -0.6480363607406616, 0.5649434328079224, -0.5107725262641907, -0.2655220627784729, 0.46098414063453674, 0.8467532396316528),
            ["RightLowerLeg"] = CFrame.new(-7.450580596923828e-08, -0.000003516674041748047, -0.000013305041647981852, 1, -1.2665982751514093e-07, -7.450581485102248e-09, 1.4156104555240745e-07, 0.6757346987724304, 0.7371441125869751, -5.960465188081798e-08, -0.7371448874473572, 0.6757355332374573),
            ["RightFoot"] = CFrame.new(-5.21540641784668e-08, 1.7881393432617188e-07, -3.55576048605144e-08, 0.9279559254646301, 0.3643170893192291, -0.0785573348402977, -0.36353346705436707, 0.8383826017379761, -0.4061495065689087, -0.0821063369512558, 0.40544775128364563, 0.9104236960411072),
            ["LeftLowerLeg"] = CFrame.new(3.166496753692627e-08, 0.000004351139068603516, 0.00001321360468864441, 1, 8.940692453052179e-08, 1.4901159772762185e-07, -6.705522537231445e-08, 0.45809516310691833, 0.8889027833938599, 5.960464477539063e-08, -0.8889032602310181, 0.4580960273742676),
        }},
        {Time = 0.033, Data = {
            ["LeftFoot"] = CFrame.new(-7.450580596923828e-08, 5.960464477539063e-08, -9.685754776000977e-08, 0.8925126194953918, -0.45086804032325745, 0.011795521713793278, 0.4074704349040985, 0.7948408126831055, -0.4496607184410095, 0.19336257874965668, 0.4061354696750641, 0.8931216597557068),
            ["LeftLowerArm"] = CFrame.new(0.0000010728836059570312, 2.384185791015625e-07, 2.086162567138672e-07, 1, -2.980233304583635e-08, 0, 4.4703490686970326e-08, 0.9081034064292908, -0.4187460243701935, -7.450581485102248e-09, 0.4187459945678711, 0.9081034064292908),
            ["LowerTorso"] = CFrame.new(0.0002921927080024034, -0.343286395072937, -0.011031635105609894, 0.950347363948822, -0.16576935350894928, 0.2633640170097351, 0.15204906463623047, 0.9857616424560547, 0.0718003362417221, -0.2715164124965668, -0.02819102071225643, 0.9620208740234375),
            ["Head"] = CFrame.new(-5.494803190231323e-08, 1.1920928955078125e-07, -1.2852251529693604e-07, 0.9962021112442017, -0.08689364045858383, -0.005570100620388985, 0.08706719428300858, 0.9947794079780579, 0.05322965234518051, 0.000915713666472584, -0.05351245775818825, 0.9985668659210205),
            ["RightUpperArm"] = CFrame.new(-1.1920928955078125e-07, -0.0000010728836059570312, 2.421438694000244e-07, 0.8533895015716553, -0.48608097434043884, -0.18828611075878143, 0.5198973417282104, 0.7674418687820435, 0.37515291571617126, -0.03785606846213341, -0.4180409908294678, 0.9076390862464905),
            ["UpperTorso"] = CFrame.new(-1.6298145055770874e-08, -4.76837158203125e-07, 6.332993507385254e-08, 0.9626449346542358, 0.18066640198230743, -0.20167922973632812, -0.17781460285186768, 0.9835330247879028, 0.03232366219162941, 0.2041979730129242, 0.0047453297302126884, 0.978918194770813),
            ["HumanoidRootPart"] = CFrame.new(0, 0, 0, 1, 0, 0, 0, 1, 0, 0, 0, 1),
            ["RightHand"] = CFrame.new(-8.940696716308594e-08, 0, -2.9802322387695312e-08, 0.6811991333961487, 0.25810980796813965, 0.685089111328125, -0.5502197742462158, 0.7978004217147827, 0.2465214729309082, -0.48293471336364746, -0.5448797941207886, 0.6854779720306396),
            ["LeftUpperArm"] = CFrame.new(2.384185791015625e-07, -1.1920928955078125e-07, 9.313225746154785e-08, 0.6557393670082092, 0.6354199647903442, -0.4077345132827759, -0.7315554022789001, 0.6682643294334412, -0.13509070873260498, 0.1866350769996643, 0.38686463236808777, 0.9030521512031555),
            ["RightLowerArm"] = CFrame.new(0.0000010728836059570312, 0, -8.717179298400879e-07, 1, -5.9604616353681195e-08, 2.60770320892334e-08, 5.215408904746255e-08, -0.03259919583797455, -0.9994685649871826, 8.940700979565008e-08, 0.9994685649871826, -0.03259918838739395),
            ["LeftHand"] = CFrame.new(-1.9371509552001953e-07, 0, -8.940696716308594e-08, 0.8958576321601868, -0.3465985059738159, -0.27804431319236755, 0.41654035449028015, 0.8729346990585327, 0.25392767786979675, 0.15470364689826965, -0.3432997167110443, 0.926397442817688),
            ["RightUpperLeg"] = CFrame.new(-1.1920928955078125e-07, -5.494803190231323e-08, 1.6221747500821948e-07, 0.9562564492225647, -0.27585187554359436, 0.09736187756061554, 0.2922214865684509, 0.8855078220367432, -0.36122411489486694, 0.013429472222924232, 0.3738739490509033, 0.927382230758667),
            ["LeftUpperLeg"] = CFrame.new(2.086162567138672e-07, -2.8638169169425964e-07, -8.195638656616211e-08, 0.7271456122398376, 0.6860510110855103, -0.024353154003620148, -0.6145978569984436, 0.634788453578949, -0.4683091938495636, -0.30582472681999207, 0.35549649596214294, 0.8832290172576904),
            ["RightLowerLeg"] = CFrame.new(0, -0.000003933906555175781, -0.000013424250937532634, 1, -2.2351745343485163e-08, -2.9802322387695312e-08, 6.70552182668871e-08, 0.7718040347099304, 0.6358603239059448, -3.725289943190546e-08, -0.6358605027198792, 0.77180415391922),
            ["RightFoot"] = CFrame.new(6.705522537231445e-08, 4.172325134277344e-07, -9.480572771281004e-09, 0.9317994117736816, 0.35304462909698486, -0.08431605994701385, -0.3602655529975891, 0.8712266683578491, -0.333425909280777, -0.04425601288676262, 0.3410627245903015, 0.9389984607696533),
            ["LeftLowerLeg"] = CFrame.new(5.3085386753082275e-08, 0.000004470348358154297, 0.000013220123946666718, 1, 6.70552182668871e-08, -1.4901164746561335e-08, -4.4703490686970326e-08, 0.5750706791877747, 0.8181033730506897, 7.450581307466564e-08, -0.8181037902832031, 0.5750713348388672),
        }},
        {Time = 0.067, Data = {
            ["LeftFoot"] = CFrame.new(-7.450580596923828e-08, 0, 5.960464477539063e-08, 0.9204189777374268, -0.39069175720214844, -0.01375300157815218, 0.3723267912864685, 0.8867923021316528, -0.27380919456481934, 0.11917103081941605, 0.24689950048923492, 0.9616857767105103),
            ["LeftLowerArm"] = CFrame.new(3.5762786865234375e-07, 8.344650268554688e-07, 4.470348358154297e-07, 1, -7.450584149637507e-08, 4.470347292340193e-08, -7.450584149637507e-09, 0.8050539493560791, -0.5932015776634216, 1.4901168299275014e-08, 0.5932016372680664, 0.8050539493560791),
            ["LowerTorso"] = CFrame.new(-0.013744558207690716, -0.25771963596343994, -0.016177697107195854, 0.9776481986045837, -0.1232881098985672, 0.17030589282512665, 0.11223617941141129, 0.990989089012146, 0.07310169190168381, -0.1777838170528412, -0.05235324427485466, 0.9826760292053223),
            ["Head"] = CFrame.new(-4.936009645462036e-08, 3.5762786865234375e-07, -9.953510016202927e-08, 0.9954425692558289, -0.09375486522912979, 0.01744120381772518, 0.09312457591295242, 0.9950740337371826, 0.033993326127529144, -0.020542338490486145, -0.03221422806382179, 0.999269962310791),
            ["RightUpperArm"] = CFrame.new(-5.960464477539063e-08, -7.152557373046875e-07, 2.421438694000244e-07, 0.8611504435539246, -0.48570016026496887, -0.150051087141037, 0.5026819705963135, 0.7696496844291687, 0.39363735914230347, -0.0757029801607132, -0.4144090414047241, 0.906936764717102),
            ["UpperTorso"] = CFrame.new(-5.820766091346741e-08, -7.152557373046875e-07, 3.5390257835388184e-08, 0.9803666472434998, 0.1474784016609192, -0.1308872550725937, -0.14707757532596588, 0.9890424609184265, 0.01277758739888668, 0.1313374787569046, 0.0067238700576126575, 0.9913148880004883),
            ["HumanoidRootPart"] = CFrame.new(0, 0, 0, 1, 0, 0, 0, 1, 0, 0, 0, 1),
            ["RightHand"] = CFrame.new(-2.682209014892578e-07, -1.1920928955078125e-07, 1.9371509552001953e-07, 0.8787470459938049, 0.16941606998443604, 0.44620850682258606, -0.3427997827529907, 0.8745284676551819, 0.3430574834346771, -0.332102507352829, -0.45442086458206177, 0.8265650272369385),
            ["LeftUpperArm"] = CFrame.new(1.1920928955078125e-07, 0, 1.2293457984924316e-07, 0.6571318507194519, 0.6420674324035645, -0.3948762118816376, -0.6817909479141235, 0.7297040224075317, 0.05189637467265129, 0.32146382331848145, 0.2351202517747879, 0.9172674417495728),
            ["RightLowerArm"] = CFrame.new(8.344650268554688e-07, -5.364418029785156e-07, -5.736947059631348e-07, 1, -9.313220061812899e-08, 1.0430811414607888e-07, 5.960465898624534e-08, -0.08663370460271835, -0.9962402582168579, 6.705523958316917e-08, 0.9962403178215027, -0.08663367480039597),
            ["LeftHand"] = CFrame.new(-3.2782554626464844e-07, -4.76837158203125e-07, 5.21540641784668e-08, 0.7203619480133057, -0.3906499743461609, -0.5731242299079895, 0.5382767915725708, 0.8359806537628174, 0.1067453920841217, 0.43742069602012634, -0.38539472222328186, 0.8124863505363464),
            ["RightUpperLeg"] = CFrame.new(-2.384185791015625e-07, -3.8230791687965393e-07, 1.920197973959148e-07, 0.9462569355964661, -0.30146998167037964, 0.11710543930530548, 0.3226701617240906, 0.8554384708404541, -0.4051038920879364, 0.02195013128221035, 0.42111852765083313, 0.9067398309707642),
            ["LeftUpperLeg"] = CFrame.new(5.960464477539063e-08, -4.591420292854309e-07, -3.725290298461914e-08, 0.759749174118042, 0.6456592679023743, 0.07684725522994995, -0.5615068078041077, 0.7110910415649414, -0.42315417528152466, -0.32785865664482117, 0.27834072709083557, 0.9027929902076721),
            ["RightLowerLeg"] = CFrame.new(1.6391277313232422e-07, -0.0000036954879760742188, -0.000013349745131563395, 1, 3.725291186640334e-09, 0, 1.0430815677864302e-07, 0.8165503740310669, 0.5772737264633179, -4.4703494239684005e-08, -0.5772742629051208, 0.8165507316589355),
            ["RightFoot"] = CFrame.new(1.4528632164001465e-07, 3.5762786865234375e-07, -4.300818545743823e-08, 0.9317448139190674, 0.36310285329818726, -0.0028707615565508604, -0.361392080783844, 0.9265281558036804, -0.10460033267736435, -0.03532097861170769, 0.09849874675273895, 0.9945101737976074),
            ["LeftLowerLeg"] = CFrame.new(-2.9802322387695312e-08, 0.000004589557647705078, 0.000013222917914390564, 1, 1.341104365337742e-07, -5.960465898624534e-08, -5.96046660916727e-08, 0.6545127034187317, 0.7560505867004395, 4.4703497792397684e-08, -0.7560510635375977, 0.6545131802558899),
        }},
        {Time = 0.100, Data = {
            ["LeftFoot"] = CFrame.new(4.470348358154297e-08, -5.960464477539063e-08, 1.4901161193847656e-08, 0.9075741171836853, -0.4194987118244171, -0.018171342089772224, 0.4189988076686859, 0.9076162576675415, -0.025939319282770157, 0.02737431600689888, 0.015928827226161957, 0.9994983673095703),
            ["LeftLowerArm"] = CFrame.new(9.5367431640625e-07, 0.0000013709068298339844, 3.2782554626464844e-07, 1, -6.705524668859653e-08, 4.470347647611561e-08, 7.38073424599861e-08, 0.4934440553188324, -0.869777500629425, 8.940699558479537e-08, 0.869777500629425, 0.4934440851211548),
            ["LowerTorso"] = CFrame.new(-0.03319104015827179, -0.16609585285186768, -0.021161235868930817, 0.9970334768295288, -0.06086474657058716, 0.04711443558335304, 0.057127345353364944, 0.9953951835632324, 0.07697415351867676, -0.05158248916268349, -0.07405427098274231, 0.9959193468093872),
            ["Head"] = CFrame.new(-4.237517714500427e-08, 4.76837158203125e-07, -1.0570511221885681e-07, 0.9940543174743652, -0.10017064958810806, 0.0426836833357811, 0.099588543176651, 0.9949071407318115, 0.015558231621980667, -0.044024769216775894, -0.011214926838874817, 0.9989675879478455),
            ["RightUpperArm"] = CFrame.new(0, -5.960464477539062e-07, 2.3469328880310059e-07, 0.882490336894989, -0.46393463015556335, -0.07730120420455933, 0.4507733881473541, 0.7873913645744324, 0.4204978048801422, -0.13421720266342163, -0.4059305489063263, 0.903994619846344),
            ["UpperTorso"] = CFrame.new(-6.216578185558319e-08, -5.364418029785156e-07, 6.402842700481415e-08, 0.9943295121192932, 0.10149993747472763, -0.03172934800386429, -0.10175102204084396, 0.9947893619537354, -0.006397910416126251, 0.03091464191675186, 0.009590158239006996, 0.9994760155677795),
            ["HumanoidRootPart"] = CFrame.new(0, 0, 0, 1, 0, 0, 0, 1, 0, 0, 0, 1),
            ["RightHand"] = CFrame.new(6.705522537231445e-08, 5.960464477539063e-08, 2.5331974029541016e-07, 0.9853646159172058, 0.04523223266005516, -0.16434897482395172, -0.00268723932094872, 0.968153178691864, 0.2503444254398346, 0.17043866217136383, -0.24623888731002808, 0.9541054964065552),
            ["LeftUpperArm"] = CFrame.new(1.7881393432617188e-07, 2.384185791015625e-07, 1.8998980522155762e-07, 0.73286372423172, 0.5814746022224426, -0.353267639875412, -0.554784893989563, 0.8112890720367432, 0.18445582687854767, 0.3938586115837097, 0.0608065165579319, 0.9171575903892517),
            ["RightLowerArm"] = CFrame.new(5.960464477539062e-07, -4.76837158203125e-07, -8.344650268554688e-07, 1, -9.313220061812899e-08, 1.7508865823856468e-07, 6.705525379402388e-08, -0.18570572137832642, -0.9826054573059082, 9.685759039257391e-08, 0.9826054573059082, -0.18570570647716522),
            ["LeftHand"] = CFrame.new(-7.748603820800781e-07, -1.1920928955078125e-07, -3.8743019104003906e-07, 0.5483461022377014, -0.41808900237083435, -0.7242363095283508, 0.6074337363243103, 0.7943692207336426, 0.0013351582456380129, 0.5747528076171875, -0.44065770506858826, 0.6895506978034973),
            ["RightUpperLeg"] = CFrame.new(-2.980232238769531e-07, -8.114147931337357e-07, 1.529042492620647e-07, 0.9370734691619873, -0.347810834646225, 0.030346207320690155, 0.3154003918170929, 0.8060591816902161, -0.5007908940315247, 0.14971958100795746, 0.478848934173584, 0.8650362491607666),
            ["LeftUpperLeg"] = CFrame.new(-5.960464477539063e-08, -7.128692232072353e-07, -8.149072527885437e-08, 0.8289110064506531, 0.5557111501693726, 0.0639655739068985, -0.505124568939209, 0.7927305102348328, -0.3412150740623474, -0.2403242439031601, 0.2505263090133667, 0.937806248664856),
            ["RightLowerLeg"] = CFrame.new(1.341104507446289e-07, -0.0000036954879760742188, -0.000013312492228578776, 1, -9.965155101099299e-08, -2.980232594040899e-08, 7.82310962677002e-08, 0.8420674204826355, 0.5393720865249634, -3.725290298461914e-08, -0.5393723845481873, 0.842067539691925),
            ["RightFoot"] = CFrame.new(-4.6566128730773926e-08, 1.7881393432617188e-07, 1.6952981241047382e-09, 0.9421068429946899, 0.31584569811820984, 0.11258843541145325, -0.33000555634498596, 0.9328693747520447, 0.14439915120601654, -0.05942245200276375, -0.17319409549236298, 0.9830935001373291),
            ["LeftLowerLeg"] = CFrame.new(-1.7881393432617188e-07, 0.000004589557647705078, 0.0000131949782371521, 1, 1.4901162970204496e-08, 1.4901166522918174e-08, -7.450584149637507e-08, 0.711657702922821, 0.7025260925292969, 8.940700979565008e-08, -0.702526330947876, 0.7116579413414001),
        }},
        {Time = 0.133, Data = {
            ["LeftFoot"] = CFrame.new(1.0407529771327972e-07, 5.960464477539063e-08, 0, 0.9063417911529541, -0.42105311155319214, -0.03548312187194824, 0.4224977493286133, 0.9042994379997253, 0.06114153563976288, 0.006343795917928219, -0.07040583342313766, 0.9974982738494873),
            ["LeftLowerArm"] = CFrame.new(4.76837158203125e-07, -4.172325134277344e-07, 8.940696716308594e-08, 1, -1.3411050758804777e-07, 7.078052988163108e-08, 1.0058288779646318e-07, 0.020533176138997078, -0.9997892379760742, 9.685759039257391e-08, 0.9997891783714294, 0.020533164963126183),
            ["LowerTorso"] = CFrame.new(-0.05917428433895111, -0.08476412296295166, -0.025632647797465324, 0.996502697467804, 0.011928985826671124, -0.08270508050918579, -0.005053138360381126, 0.9965490102767944, 0.08285287022590637, 0.08340800553560257, -0.08214517682790756, 0.9931240677833557),
            ["Head"] = CFrame.new(-6.32135197520256e-08, 5.960464477539062e-07, -8.579809218645096e-08, 0.992127537727356, -0.10679672658443451, 0.06540200859308243, 0.10613156110048294, 0.9942595362663269, 0.01357207540422678, -0.06647602468729019, -0.006524043157696724, 0.9977666735649109),
            ["RightUpperArm"] = CFrame.new(-1.7881393432617188e-07, -9.5367431640625e-07, 2.2724270820617676e-07, 0.903877854347229, -0.4277886152267456, -0.0012884103925898671, 0.3876679241657257, 0.817825436592102, 0.42529425024986267, -0.18088237941265106, -0.3849135637283325, 0.9050542712211609),
            ["UpperTorso"] = CFrame.new(-4.842877388000488e-08, -3.5762786865234375e-07, 6.845220923423767e-08, 0.9957651495933533, 0.051193997263908386, 0.07636058330535889, -0.050091832876205444, 0.9986119866371155, -0.01628109999001026, -0.07708808034658432, 0.012387149967253208, 0.9969474077224731),
            ["HumanoidRootPart"] = CFrame.new(0, 0, 0, 1, 0, 0, 0, 1, 0, 0, 0, 1),
            ["RightHand"] = CFrame.new(2.5331974029541016e-07, 0, -7.450580596923828e-08, 0.6477187871932983, -0.09534978866577148, -0.7558894157409668, 0.07430729269981384, 0.9953138828277588, -0.06187774986028671, 0.7582471966743469, -0.016088712960481644, 0.6517685651779175),
            ["LeftUpperArm"] = CFrame.new(1.7881393432617188e-07, 4.76837158203125e-07, 1.541338860988617e-07, 0.8556697964668274, 0.443962424993515, -0.26594460010528564, -0.39587417244911194, 0.8924930095672607, 0.21619458496570587, 0.3333359956741333, -0.07971058040857315, 0.9394325613975525),
            ["RightLowerArm"] = CFrame.new(0.0000010132789611816406, 2.980232238769531e-07, -5.550682544708252e-07, 1, -6.705520405603238e-08, 7.823107495141812e-08, 1.3411050758804777e-07, -0.30388712882995605, -0.9527080655097961, 9.499494524334295e-08, 0.9527080655097961, -0.3038870692253113),
            ["LeftHand"] = CFrame.new(-9.834766387939453e-07, -1.1920928955078125e-07, -1.4901161193847656e-08, 0.9102675318717957, -0.34147730469703674, -0.23410764336585999, 0.40760159492492676, 0.8383175134658813, 0.3620564937591553, 0.07262250781059265, -0.42499083280563354, 0.902279794216156),
            ["RightUpperLeg"] = CFrame.new(-2.086162567138672e-07, -3.6205165088176727e-07, 1.920197973959148e-07, 0.9170972108840942, -0.3828413188457489, -0.11119893193244934, 0.23923717439174652, 0.7516285181045532, -0.6146712899208069, 0.3189017176628113, 0.5371099710464478, 0.7809059619903564),
            ["LeftUpperLeg"] = CFrame.new(1.4901161193847656e-07, -0.0000010300427675247192, -7.82310962677002e-08, 0.9191653728485107, 0.39160844683647156, -0.04216476529836655, -0.38323092460632324, 0.8644782304763794, -0.32528698444366455, -0.09093446284532547, 0.3151511549949646, 0.9446748495101929),
            ["RightLowerLeg"] = CFrame.new(-5.960464477539063e-08, -0.0000037550926208496094, -0.000013334843970369548, 1, -1.1175869474300271e-07, -1.0803340444454079e-07, 1.4901158351676713e-07, 0.7559655904769897, 0.6546109318733215, -7.450579175838357e-08, -0.6546112895011902, 0.7559659481048584),
            ["RightFoot"] = CFrame.new(1.1175870895385742e-08, 4.172325134277344e-07, 3.894820110872388e-08, 0.9675439596176147, 0.2416182905435562, 0.0740220695734024, -0.24878835678100586, 0.9621322751045227, 0.11138242483139038, -0.04430684074759483, -0.12618301808834076, 0.9910170435905457),
            ["LeftLowerLeg"] = CFrame.new(1.4435499906539917e-07, 0.000004231929779052734, 0.000013172626495361328, 1, 1.7508862981685525e-07, 4.4703494239684005e-08, -5.355105514581737e-08, 0.6797053813934326, 0.7334849238395691, 2.0489098417897367e-08, -0.7334853410720825, 0.6797058582305908),
        }},
        {Time = 0.167, Data = {
            ["LeftFoot"] = CFrame.new(-9.221548680216074e-08, 1.1920928955078125e-07, -6.041955202817917e-08, 0.9554727077484131, -0.26426616311073303, -0.13128450512886047, 0.26679572463035583, 0.963751494884491, 0.0017483311239629984, 0.12606392800807953, -0.03669549897313118, 0.9913432002067566),
            ["LeftLowerArm"] = CFrame.new(5.662441253662109e-07, 7.152557373046875e-07, 2.905726432800293e-07, 1, -7.171187377252863e-08, 9.639186515641995e-08, 1.2665991278026922e-07, -0.26176953315734863, -0.9651303887367249, 1.2665991278026922e-07, 0.9651305079460144, -0.26176947355270386),
            ["LowerTorso"] = CFrame.new(-0.08940017223358154, -0.03453028202056885, -0.029252074658870697, 0.9773895144462585, 0.08247095346450806, -0.1947007179260254, -0.06590133160352707, 0.9937492609024048, 0.09010844677686691, 0.20091500878334045, -0.07524000853300095, 0.9767150282859802),
            ["Head"] = CFrame.new(-5.960464477539063e-08, 3.5762786865234375e-07, -1.0104849934577942e-07, 0.9899985194206238, -0.11557119339704514, 0.08091029524803162, 0.11279840022325516, 0.9928889274597168, 0.038056157529354095, -0.08473311364650726, -0.028548991307616234, 0.9959946870803833),
            ["RightUpperArm"] = CFrame.new(-1.7881393432617188e-07, -8.344650268554688e-07, 2.5890767574310303e-07, 0.9232432842254639, -0.3840027153491974, 0.01279579009860754, 0.351365327835083, 0.8573116064071655, 0.37624382972717285, -0.15544858574867249, -0.3428685665130615, 0.9264324307441711),
            ["UpperTorso"] = CFrame.new(-5.587935447692871e-09, -5.662441253662109e-07, 4.842877388000488e-08, 0.9851769804954529, 0.003964883275330067, 0.171495258808136, -0.0013229490723460913, 0.9998788237571716, -0.0155170364305377, -0.17153595387935638, 0.015060190111398697, 0.985062837600708),
            ["HumanoidRootPart"] = CFrame.new(0, 0, 0, 1, 0, 0, 0, 1, 0, 0, 0, 1),
            ["RightHand"] = CFrame.new(2.086162567138672e-07, -1.1920928955078125e-07, 2.812594175338745e-07, 0.14885477721691132, -0.1909986138343811, -0.9702380299568176, -0.12433213740587234, 0.9697678089141846, -0.20998115837574005, 0.9810116291046143, 0.15188847482204437, 0.12060732394456863),
            ["LeftUpperArm"] = CFrame.new(2.384185791015625e-07, 1.1920928955078125e-07, 1.4156103134155273e-07, 0.955406904220581, 0.2698647677898407, -0.11987801641225815, -0.24055898189544678, 0.9467388391494751, 0.21404922008514404, 0.17125745117664337, -0.17566636204719543, 0.9694392085075378),
            ["RightLowerArm"] = CFrame.new(9.5367431640625e-07, -5.960464477539063e-08, -7.748603820800781e-07, 1, -8.940693874137651e-08, 1.331791139591587e-07, 8.568170528633345e-08, -0.37154221534729004, -0.9284160733222961, 1.229346224818073e-07, 0.9284160137176514, -0.37154221534729004),
            ["LeftHand"] = CFrame.new(-2.2351741790771484e-07, -4.172325134277344e-07, 1.0989606380462646e-07, 0.5776178240776062, -0.19243189692497253, 0.7933018207550049, -0.16247455775737762, 0.9252718687057495, 0.34274473786354065, -0.799974799156189, -0.3268668055534363, 0.5031883120536804),
            ["RightUpperLeg"] = CFrame.new(-1.1920928955078125e-07, -3.1478703022003174e-07, 2.3672328097745776e-07, 0.8778508901596069, -0.40449875593185425, -0.25643372535705566, 0.1226823627948761, 0.707481324672699, -0.6960028409957886, 0.46295464038848877, 0.5795264840126038, 0.6706875562667847),
            ["LeftUpperLeg"] = CFrame.new(2.384185791015625e-07, -7.273629307746887e-07, -4.470348358154297e-08, 0.980943500995636, 0.19098374247550964, -0.03570878878235817, -0.18763147294521332, 0.8834564089775085, -0.42930108308792114, -0.0504424162209034, 0.42781996726989746, 0.9024553298950195),
            ["RightLowerLeg"] = CFrame.new(-2.9802322387695312e-08, -0.0000036954879760742188, -0.000013245437003206462, 1, -1.2665987014770508e-07, -1.043081283569336e-07, 1.1920930376163597e-07, 0.569019615650177, 0.8223234415054321, -9.685756197086448e-08, -0.8223240375518799, 0.5690203309059143),
            ["RightFoot"] = CFrame.new(9.313225746154785e-09, 4.76837158203125e-07, -4.393950803205371e-08, 0.9895498156547546, 0.12550736963748932, 0.07098719477653503, -0.12446823716163635, 0.992043673992157, -0.018895473331212997, -0.07279422134160995, 0.009862692095339298, 0.9972983002662659),
            ["LeftLowerLeg"] = CFrame.new(-7.450580596923828e-09, 0.000004351139068603516, 0.000013321638107299805, 1, 2.9802315282267955e-08, 7.729977369308472e-08, -8.195640788244418e-08, 0.6040235757827759, 0.7969661951065063, 4.4703494239684005e-08, -0.796966552734375, 0.6040239930152893),
        }},
        {Time = 0.200, Data = {
            ["LeftFoot"] = CFrame.new(8.568167686462402e-08, 0, 1.4901161193847656e-08, 0.9581343531608582, -0.21872840821743011, -0.18476086854934692, 0.24572442471981049, 0.9593930840492249, 0.1385088413953781, 0.14696308970451355, -0.17810900509357452, 0.9729742407798767),
            ["LeftLowerArm"] = CFrame.new(2.980232238769531e-07, 0.0000011324882507324219, 9.499490261077881e-08, 1, -8.242206916975192e-08, 1.0334770195186138e-07, 6.065242530439718e-08, -0.33630385994911194, -0.941753625869751, 1.2316749575802532e-07, 0.9417535662651062, -0.33630385994911194),
            ["LowerTorso"] = CFrame.new(-0.11285386979579926, -0.015459418296813965, -0.03167489171028137, 0.9515694379806519, 0.13762131333351135, -0.2749110162258148, -0.11464812606573105, 0.9885571002960205, 0.09803491830825806, 0.28525689244270325, -0.061768997460603714, 0.9564586877822876),
            ["Head"] = CFrame.new(5.122274160385132e-08, 1.1920928955078125e-07, -1.471489667892456e-07, 0.9881490468978882, -0.12518949806690216, 0.08882111310958862, 0.11878965049982071, 0.9901560544967651, 0.07402859628200531, -0.09721434116363525, -0.0626002624630928, 0.9932928681373596),
            ["RightUpperArm"] = CFrame.new(0, -4.76837158203125e-07, 2.086162567138672e-07, 0.9388555288314819, -0.3411277234554291, -0.04671576991677284, 0.3400415778160095, 0.8973361253738403, 0.28135350346565247, -0.054057732224464417, -0.2800356149673462, 0.9584664106369019),
            ["UpperTorso"] = CFrame.new(0, -6.854534149169922e-07, 5.029141902923584e-08, 0.9701988101005554, -0.03141032159328461, 0.24026602506637573, 0.03493623435497284, 0.9993351697921753, -0.010428909212350845, -0.23977872729301453, 0.018512148410081863, 0.9706510901451111),
            ["HumanoidRootPart"] = CFrame.new(0, 0, 0, 1, 0, 0, 0, 1, 0, 0, 0, 1),
            ["RightHand"] = CFrame.new(1.6577541828155518e-07, -5.960464477539063e-08, 3.0174851417541504e-07, -0.07753429561853409, -0.2212618589401245, -0.972127377986908, -0.23792359232902527, 0.9509971141815186, -0.19747629761695862, 0.9681843519210815, 0.21598085761070251, -0.12637829780578613),
            ["LeftUpperArm"] = CFrame.new(2.384185791015625e-07, 2.384185791015625e-07, 8.940696716308594e-08, 0.990320086479187, 0.11314520984888077, 0.0804014503955841, -0.12851282954216003, 0.9662848711013794, 0.22311021387577057, -0.05244686082005501, -0.23128309845924377, 0.971471905708313),
            ["RightLowerArm"] = CFrame.new(9.5367431640625e-07, 5.960464477539063e-08, -7.897615432739258e-07, 1, -8.754425806500876e-08, 1.2712548880244867e-07, 8.661302786094893e-08, -0.4027608335018158, -0.9153053164482117, 1.229346224818073e-07, 0.9153052568435669, -0.4027608036994934),
            ["LeftHand"] = CFrame.new(-5.437759682536125e-07, -2.384185791015625e-07, -2.3469328880310059e-07, -0.07778309285640717, -0.10300464928150177, 0.9916349649429321, -0.18112634122371674, 0.9795559048652649, 0.08754252642393112, -0.9803791046142578, -0.1728018969297409, -0.09484970569610596),
            ["RightUpperLeg"] = CFrame.new(-2.086162567138672e-07, -7.925555109977722e-07, 1.4731631381437182e-07, 0.8364989757537842, -0.447518527507782, -0.3162223696708679, 0.07169658690690994, 0.6615050435066223, -0.7465059757232666, 0.5432578921318054, 0.6017792224884033, 0.5854333639144897),
            ["LeftUpperLeg"] = CFrame.new(1.7881393432617188e-07, -0.0000010896474123001099, 0, 0.9976705312728882, 0.06819796562194824, 0.0016105060931295156, -0.05847601220011711, 0.8671299815177917, -0.4946378469467163, -0.03512997925281525, 0.49339109659194946, 0.8690976500511169),
            ["RightLowerLeg"] = CFrame.new(-1.0803341865539551e-07, -0.0000037550926208496094, -0.000013200733519624919, 1, -1.1920927533992653e-07, -6.984917888530617e-08, 1.8253919620292436e-07, 0.47252750396728516, 0.8813157677650452, -5.587934559514451e-09, -0.8813159465789795, 0.47252774238586426),
            ["RightFoot"] = CFrame.new(4.284083843231201e-08, 2.384185791015625e-07, -1.0986695997416973e-09, 0.9944583177566528, 0.0430322028696537, 0.09592197090387344, -0.056902430951595306, 0.9875116944313049, 0.1469111442565918, -0.08840209245681763, -0.15155543386936188, 0.984487771987915),
            ["LeftLowerLeg"] = CFrame.new(-7.450580596923828e-08, 0.000004410743713378906, 0.000012964010238647461, 1, 5.960462345910855e-08, -4.470347292340193e-08, -1.0058283805847168e-07, 0.620765209197998, 0.7839958667755127, 6.705522537231445e-08, -0.7839964628219604, 0.6207661032676697),
        }},
        {Time = 0.233, Data = {
            ["LeftFoot"] = CFrame.new(-6.705522537231445e-08, 5.960464477539063e-08, -1.4901161193847656e-08, 0.9624917507171631, -0.2069944590330124, -0.17539508640766144, 0.2551730275154114, 0.9102771282196045, 0.3260094225406647, 0.09217638522386551, -0.3585369884967804, 0.9289534091949463),
            ["LeftLowerArm"] = CFrame.new(3.8743019104003906e-07, 0.0000011920928955078125, 5.066394805908203e-07, 1, -8.288773045705966e-08, 1.08033368917404e-07, 8.195643630415361e-08, -0.22885020077228546, -0.9734616279602051, 8.568172660261553e-08, 0.9734616875648499, -0.22885021567344666),
            ["LowerTorso"] = CFrame.new(-0.12689949572086334, -0.029899239540100098, -0.0325612798333168, 0.9279277920722961, 0.1778554916381836, -0.32759368419647217, -0.15053921937942505, 0.9827796220779419, 0.10715489834547043, 0.34101051092147827, -0.050116319209337234, 0.9387226700782776),
            ["Head"] = CFrame.new(-4.190951585769653e-09, 0, -1.3550743460655212e-07, 0.9869742393493652, -0.13308152556419373, 0.09039508551359177, 0.12273948639631271, 0.9861348271369934, 0.11168373376131058, -0.10400477796792984, -0.09913390874862671, 0.9896240234375),
            ["RightUpperArm"] = CFrame.new(0, -0.000001430511474609375, 2.1979212760925293e-07, 0.9417117238044739, -0.30545732378959656, -0.1409783661365509, 0.32418540120124817, 0.9359281659126282, 0.13763132691383362, 0.08990512043237686, -0.1753121167421341, 0.9803993105888367),
            ["UpperTorso"] = CFrame.new(-2.9802322387695312e-08, -5.066394805908203e-07, 1.1175870895385742e-08, 0.9564025402069092, -0.05726465582847595, 0.2863827347755432, 0.06167769804596901, 0.9980756044387817, -0.0064050015062093735, -0.28546491265296936, 0.023789238184690475, 0.9580939412117004),
            ["HumanoidRootPart"] = CFrame.new(0, 0, 0, 1, 0, 0, 0, 1, 0, 0, 0, 1),
            ["RightHand"] = CFrame.new(1.6391277313232422e-07, -1.7881393432617188e-07, 3.501772880554199e-07, -0.09289737045764923, -0.1956321895122528, -0.9762674570083618, -0.20469529926776886, 0.9633157253265381, -0.17355896532535553, 0.974407434463501, 0.1837141364812851, -0.129534512758255),
            ["LeftUpperArm"] = CFrame.new(2.980232238769531e-07, -1.1920928955078125e-07, 9.685754776000977e-08, 0.9749393463134766, 0.0018184696091338992, 0.22246354818344116, -0.06175966188311577, 0.9628747701644897, 0.2627889811992645, -0.21372660994529724, -0.26994258165359497, 0.9388567805290222),
            ["RightLowerArm"] = CFrame.new(4.76837158203125e-07, -5.960464477539063e-08, -5.811452865600586e-07, 1, -8.568163423205988e-08, 1.378357268322361e-07, 7.4505820180093e-08, -0.38384878635406494, -0.9233959913253784, 1.266598985694145e-07, 0.9233959913253784, -0.38384878635406494),
            ["LeftHand"] = CFrame.new(-7.450580596923828e-07, -4.76837158203125e-07, 1.4901161193847656e-07, -0.23688505589962006, -0.04024719446897507, 0.9707037806510925, -0.015190297737717628, 0.9991729855537415, 0.03772066533565521, -0.9714189767837524, -0.005809810943901539, -0.23730047047138214),
            ["RightUpperLeg"] = CFrame.new(-2.682209014892578e-07, -4.0046870708465576e-07, 1.7711863620206714e-07, 0.8308947086334229, -0.4535326063632965, -0.3223695755004883, 0.06490064412355423, 0.6543912291526794, -0.7533660531044006, 0.5526317358016968, 0.605045735836029, 0.5731642842292786),
            ["LeftUpperLeg"] = CFrame.new(1.1920928955078125e-07, -6.062909960746765e-07, -2.9802322387695312e-08, 0.9995270371437073, 0.021625325083732605, 0.021864118054509163, -0.007148568518459797, 0.8548951148986816, -0.5187522172927856, -0.029909860342741013, 0.5183500647544861, 0.8546450138092041),
            ["RightLowerLeg"] = CFrame.new(-8.381903171539307e-08, -0.000003814697265625, -0.000013059172488283366, 1, -1.9231811165809631e-07, -2.7881458919409852e-08, 1.662410653580082e-07, 0.4606025815010071, 0.8876063823699951, -3.9231959902963354e-08, -0.8876065015792847, 0.460602730512619),
            ["RightFoot"] = CFrame.new(3.731111064553261e-08, 3.5762786865234375e-07, -3.742025000974536e-08, 0.9977190494537354, -0.006060093641281128, 0.06723222881555557, -0.005925735924392939, 0.9842560291290283, 0.1766495257616043, -0.0672440454363823, -0.17664504051208496, 0.9819750189781189),
            ["LeftLowerLeg"] = CFrame.new(1.1920928955078125e-07, 0.000004410743713378906, 0.000013306736946105957, 1, 8.195639367158947e-08, 1.1175873559921001e-08, -2.6077044523731274e-08, 0.6679495573043823, 0.7442060708999634, 1.4901168299275014e-08, -0.7442066073417664, 0.6679502129554749),
        }},
        {Time = 0.267, Data = {
            ["LeftFoot"] = CFrame.new(2.2351741790771484e-08, -1.7881393432617188e-07, -2.9802322387695312e-08, 0.9611771702766418, -0.20492714643478394, -0.18478034436702728, 0.26132264733314514, 0.8910526037216187, 0.3711281418800354, 0.08859524875879288, -0.4050064980983734, 0.9100111722946167),
            ["LeftLowerArm"] = CFrame.new(5.662441253662109e-07, 0.0000011324882507324219, 3.427267074584961e-07, 1, -9.26666317013769e-08, 1.1362133989223366e-07, 8.940703111193216e-08, -0.27760836482048035, -0.9606943726539612, 1.0430819941120717e-07, 0.960694432258606, -0.27760833501815796),
            ["LowerTorso"] = CFrame.new(-0.1358061134815216, -0.05783545970916748, -0.030566897243261337, 0.9128681421279907, 0.1991485208272934, -0.3563869893550873, -0.1677381992340088, 0.978826642036438, 0.11731348186731339, 0.37220388650894165, -0.04731202870607376, 0.926944375038147),
            ["Head"] = CFrame.new(-6.007030606269836e-08, 2.384185791015625e-07, -1.1222437024116516e-07, 0.9866929054260254, -0.13581280410289764, 0.0893990695476532, 0.12298622727394104, 0.9830425381660461, 0.13602150976657867, -0.10635655373334885, -0.12321658432483673, 0.9866641163825989),
            ["RightUpperArm"] = CFrame.new(-1.1920928955078125e-07, -0.0000010728836059570312, 2.384185791015625e-07, 0.9380014538764954, -0.2734827995300293, -0.2129802256822586, 0.2751156687736511, 0.9611472487449646, -0.022529685869812965, 0.21086686849594116, -0.03746132552623749, 0.9767968058586121),
            ["UpperTorso"] = CFrame.new(-1.30385160446167e-08, -6.556510925292969e-07, 8.009374141693115e-08, 0.9475220441818237, -0.07058640569448471, 0.3118005096912384, 0.07653399556875229, 0.9970433712005615, -0.0068634264171123505, -0.310394287109375, 0.030366651713848114, 0.9501227736473083),
            ["HumanoidRootPart"] = CFrame.new(0, 0, 0, 1, 0, 0, 0, 1, 0, 0, 0, 1),
            ["RightHand"] = CFrame.new(2.980232238769531e-07, 5.960464477539063e-08, 2.5331974029541016e-07, -0.1120624840259552, -0.1330534964799881, -0.9847531318664551, -0.12747345864772797, 0.9847323298454285, -0.11854445934295654, 0.9854910373687744, 0.11224552989006042, -0.12731236219406128),
            ["LeftUpperArm"] = CFrame.new(4.172325134277344e-07, -1.1920928955078125e-07, 1.4528632164001465e-07, 0.9574813842773438, -0.0680374875664711, 0.2803575098514557, -0.020088810473680496, 0.9537103772163391, 0.30005529522895813, -0.28779488801956177, -0.29292941093444824, 0.911793053150177),
            ["RightLowerArm"] = CFrame.new(8.940696716308594e-07, 7.152557373046875e-07, -6.854534149169922e-07, 1, -8.19563368281706e-08, 1.2293455142753373e-07, 5.960468030252741e-08, -0.2848924398422241, -0.9585595726966858, 8.102511372953813e-08, 0.9585594534873962, -0.2848924398422241),
            ["LeftHand"] = CFrame.new(-4.0978193283081055e-07, -3.5762786865234375e-07, 3.0174851417541504e-07, -0.2985023558139801, 0.019204068928956985, 0.9542157053947449, 0.11232825368642807, 0.9935557842254639, 0.015143213793635368, -0.9477757215499878, 0.11170568317174911, -0.29873591661453247),
            ["RightUpperLeg"] = CFrame.new(-1.4901161193847656e-07, -2.6635825634002686e-07, 1.696680556051433e-07, 0.8347655534744263, -0.4431585669517517, -0.32676735520362854, 0.06865332275629044, 0.6726110577583313, -0.7368051409721375, 0.5463086366653442, 0.5926253199577332, 0.5918963551521301),
