return {
    ["Playing With Fire"] = {
        {Time = 0.000, Data = {
            ["RightFoot"] = CFrame.new(-1.862645149230957e-08, 3.5762786865234375e-07, 1.287116901949048e-08, 0.9100521206855774, 0.07663123309612274, -0.40734902024269104, -0.22142791748046875, 0.9206581115722656, -0.3214930593967438, 0.35039258003234863, 0.3827747404575348, 0.8548153042793274),
            ["LeftLowerArm"] = CFrame.new(-2.9802322387695312e-08, 1.1920928955078125e-07, -5.21540641784668e-08, 1, -5.587936779960501e-09, -3.7252920748187535e-09, 3.864989039925604e-08, 0.9752358198165894, -0.22116805613040924, -1.862645371275562e-09, 0.22116786241531372, 0.9752357602119446),
            ["RightUpperArm"] = CFrame.new(2.384185791015625e-07, 5.960464477539062e-07, 2.2351741790771484e-08, 0.9905965924263, -0.052343398332595825, 0.1264064908027649, 0.05160072445869446, 0.9986259937286377, 0.009145187214016914, -0.12671154737472534, -0.00253653759136796, 0.991936445236206),
            ["Head"] = CFrame.new(2.2421590983867645e-07, 3.5762786865234375e-07, -4.209578037261963e-07, 0.9856564402580261, 0.07629687339067459, 0.15053358674049377, -0.10226492583751678, 0.9795783758163452, 0.17311331629753113, -0.13425138592720032, -0.1860245317220688, 0.9733301401138306),
            ["RightHand"] = CFrame.new(0.000001247331965714693, 1.1920928955078125e-07, -2.207234501838684e-07, 0.999955952167511, -0.0003699446970131248, -0.00937826931476593, 0.00034154538298025727, 0.9999954104423523, -0.0030249813571572304, 0.009379427880048752, 0.003021626966074109, 0.9999515414237976),
            ["UpperTorso"] = CFrame.new(3.878958523273468e-07, -1.7881393432617188e-07, -9.278301149606705e-08, 0.9843377470970154, -0.16873660683631897, -0.051059965044260025, 0.17260099947452545, 0.9813802242279053, 0.08427198231220245, 0.035889510065317154, -0.09176506102085114, 0.9951338171958923),
            ["HumanoidRootPart"] = CFrame.new(0, 0, 0, 1, 0, 0, 0, 1, 0, 0, 0, 1),
            ["RightUpperLeg"] = CFrame.new(2.980232238769531e-07, 1.317821443080902e-07, -2.51289748121053e-07, 0.955723762512207, 0.14738810062408447, 0.2546934187412262, -0.016422869637608528, 0.8908902406692505, -0.4539218842983246, -0.2938067615032196, 0.4296411871910095, 0.8538655042648315),
            ["LeftUpperArm"] = CFrame.new(-1.1920928955078125e-07, 4.76837158203125e-07, -7.450580596923828e-08, 0.9723564982414246, 0.21790100634098053, 0.08391769975423813, -0.225167915225029, 0.9701640605926514, 0.08989561349153519, -0.061825670301914215, -0.10630619525909424, 0.9924094676971436),
            ["RightLowerArm"] = CFrame.new(1.1920928955078125e-07, 1.1920928955078125e-07, -1.955777406692505e-08, 1, -4.074537329756822e-08, -9.31322685637781e-10, -5.456967655526057e-10, 0.9966471195220947, -0.08182049542665482, 2.3283062144940914e-09, 0.08182044327259064, 0.9966471195220947),
            ["LeftHand"] = CFrame.new(-3.4086406230926514e-07, 9.5367431640625e-07, 0, 0.999981701374054, 0.0005976288812234998, 0.006030928809195757, -0.0005860906676389277, 0.9999980926513672, -0.001909357961267233, -0.0060319723561406136, 0.001905903685837984, 0.999980092048645),
            ["LeftFoot"] = CFrame.new(-4.190951585769653e-09, -1.7881393432617188e-07, -1.862645149230957e-08, 0.9789454936981201, 0.08290398120880127, 0.18652841448783875, 0.018326789140701294, 0.8744184374809265, -0.4848260283470154, -0.20329797267913818, 0.47803691029548645, 0.854488730430603),
            ["LowerTorso"] = CFrame.new(-0.009404807351529598, -0.1832263469696045, -0.05800674483180046, 0.9943210482597351, 0.058493997901678085, -0.08890554308891296, -0.06889212131500244, 0.9905266165733337, -0.11878928542137146, 0.08111485838890076, 0.12423957139253616, 0.9889311790466309),
            ["RightLowerLeg"] = CFrame.new(1.4901161193847656e-08, -0.00012230873107910156, -0.00007734278187854216, 1, -1.0058282384761696e-07, -1.1548408451744763e-07, 1.4901162614933128e-07, 0.3327302634716034, 0.9430219531059265, -6.705523247774181e-08, -0.9430220723152161, 0.33273062109947205),
            ["LeftUpperLeg"] = CFrame.new(1.1920928955078125e-07, 2.0023435354232788e-07, -9.685754776000977e-08, 0.9883929491043091, -0.1452973335981369, 0.04436144232749939, 0.15159818530082703, 0.9622784852981567, -0.22591626644134521, -0.009863058105111122, 0.23001907765865326, 0.9731361269950867),
            ["LeftLowerLeg"] = CFrame.new(2.2351741790771484e-08, 0.0001226663589477539, 0.00007740780711174011, 1, 6.146727571376687e-08, 2.980232594040899e-08, -6.332994928470725e-08, 0.6592543721199036, 0.7519201040267944, 4.097820394122209e-08, -0.7519200444221497, 0.6592543721199036),
        }},
        {Time = 0.033, Data = {
            ["RightFoot"] = CFrame.new(-1.862645149230957e-08, 3.5762786865234375e-07, 1.287116901949048e-08, 0.9100521206855774, 0.07663123309612274, -0.40734902024269104, -0.22142791748046875, 0.9206581115722656, -0.3214930593967438, 0.35039258003234863, 0.3827747404575348, 0.8548153042793274),
            ["LeftLowerArm"] = CFrame.new(-2.9802322387695312e-08, 1.1920928955078125e-07, -5.21540641784668e-08, 1, -5.587936779960501e-09, -3.7252920748187535e-09, 3.864989039925604e-08, 0.9752358198165894, -0.22116805613040924, -1.862645371275562e-09, 0.22116786241531372, 0.9752357602119446),
            ["RightUpperArm"] = CFrame.new(2.384185791015625e-07, 5.960464477539062e-07, 2.2351741790771484e-08, 0.9905965924263, -0.052343398332595825, 0.1264064908027649, 0.05160072445869446, 0.9986259937286377, 0.009145187214016914, -0.12671154737472534, -0.00253653759136796, 0.991936445236206),
            ["Head"] = CFrame.new(2.2421590983867645e-07, 3.5762786865234375e-07, -4.209578037261963e-07, 0.9856564402580261, 0.07629687339067459, 0.15053358674049377, -0.10226492583751678, 0.9795783758163452, 0.17311331629753113, -0.13425138592720032, -0.1860245317220688, 0.9733301401138306),
            ["RightHand"] = CFrame.new(0.000001247331965714693, 1.1920928955078125e-07, -2.207234501838684e-07, 0.999955952167511, -0.0003699446970131248, -0.00937826931476593, 0.00034154538298025727, 0.9999954104423523, -0.0030249813571572304, 0.009379427880048752, 0.003021626966074109, 0.9999515414237976),
            ["UpperTorso"] = CFrame.new(3.878958523273468e-07, -1.7881393432617188e-07, -9.278301149606705e-08, 0.9843377470970154, -0.16873660683631897, -0.051059965044260025, 0.17260099947452545, 0.9813802242279053, 0.08427198231220245, 0.035889510065317154, -0.09176506102085114, 0.9951338171958923),
            ["HumanoidRootPart"] = CFrame.new(0, 0, 0, 1, 0, 0, 0, 1, 0, 0, 0, 1),
            ["RightUpperLeg"] = CFrame.new(2.980232238769531e-07, 1.317821443080902e-07, -2.51289748121053e-07, 0.955723762512207, 0.14738810062408447, 0.2546934187412262, -0.016422869637608528, 0.8908902406692505, -0.4539218842983246, -0.2938067615032196, 0.4296411871910095, 0.8538655042648315),
            ["LeftUpperArm"] = CFrame.new(-1.1920928955078125e-07, 4.76837158203125e-07, -7.450580596923828e-08, 0.9723564982414246, 0.21790100634098053, 0.08391769975423813, -0.225167915225029, 0.9701640605926514, 0.08989561349153519, -0.061825670301914215, -0.10630619525909424, 0.9924094676971436),
            ["RightLowerArm"] = CFrame.new(1.1920928955078125e-07, 1.1920928955078125e-07, -1.955777406692505e-08, 1, -4.074537329756822e-08, -9.31322685637781e-10, -5.456967655526057e-10, 0.9966471195220947, -0.08182049542665482, 2.3283062144940914e-09, 0.08182044327259064, 0.9966471195220947),
            ["LeftHand"] = CFrame.new(-3.4086406230926514e-07, 9.5367431640625e-07, 0, 0.999981701374054, 0.0005976288812234998, 0.006030928809195757, -0.0005860906676389277, 0.9999980926513672, -0.001909357961267233, -0.0060319723561406136, 0.001905903685837984, 0.999980092048645),
            ["LeftFoot"] = CFrame.new(-4.190951585769653e-09, -1.7881393432617188e-07, -1.862645149230957e-08, 0.9789454936981201, 0.08290398120880127, 0.18652841448783875, 0.018326789140701294, 0.8744184374809265, -0.4848260283470154, -0.20329797267913818, 0.47803691029548645, 0.854488730430603),
            ["LowerTorso"] = CFrame.new(-0.009404807351529598, -0.1832263469696045, -0.05800674483180046, 0.9943210482597351, 0.058493997901678085, -0.08890554308891296, -0.06889212131500244, 0.9905266165733337, -0.11878928542137146, 0.08111485838890076, 0.12423957139253616, 0.9889311790466309),
            ["RightLowerLeg"] = CFrame.new(1.4901161193847656e-08, -0.00012230873107910156, -0.00007734278187854216, 1, -1.0058282384761696e-07, -1.1548408451744763e-07, 1.4901162614933128e-07, 0.3327302634716034, 0.9430219531059265, -6.705523247774181e-08, -0.9430220723152161, 0.33273062109947205),
            ["LeftUpperLeg"] = CFrame.new(1.1920928955078125e-07, 2.0023435354232788e-07, -9.685754776000977e-08, 0.9883929491043091, -0.1452973335981369, 0.04436144232749939, 0.15159818530082703, 0.9622784852981567, -0.22591626644134521, -0.009863058105111122, 0.23001907765865326, 0.9731361269950867),
            ["LeftLowerLeg"] = CFrame.new(2.2351741790771484e-08, 0.0001226663589477539, 0.00007740780711174011, 1, 6.146727571376687e-08, 2.980232594040899e-08, -6.332994928470725e-08, 0.6592543721199036, 0.7519201040267944, 4.097820394122209e-08, -0.7519200444221497, 0.6592543721199036),
        }},
        {Time = 0.067, Data = {
            ["RightFoot"] = CFrame.new(3.818422555923462e-08, 3.5762786865234375e-07, 1.287116901949048e-08, 0.9095147848129272, 0.0759858638048172, -0.4086677134037018, -0.22169511020183563, 0.9203200936317444, -0.32227596640586853, 0.35161659121513367, 0.383714884519577, 0.8538904190063477),
            ["LeftLowerArm"] = CFrame.new(-1.4901161193847656e-07, 5.960464477539062e-07, -6.705522537231445e-08, 1, -2.7939677238464355e-09, 1.1175874448099421e-08, -1.862645815364772e-09, 0.9770858883857727, -0.21284548938274384, 1.4901166522918174e-08, 0.21284547448158264, 0.9770859479904175),
            ["RightUpperArm"] = CFrame.new(3.5762786865234375e-07, 5.960464477539062e-07, 2.9802322387695312e-08, 0.9902781844139099, -0.0528680682182312, 0.12866325676441193, 0.054028358310461044, 0.998524010181427, -0.005544017534703016, -0.12818029522895813, 0.01244162768125534, 0.991672933101654),
            ["Head"] = CFrame.new(2.6565976440906525e-07, 1.1920928955078125e-07, -4.246830940246582e-07, 0.9855785965919495, 0.07579661160707474, 0.1512937992811203, -0.10240086168050766, 0.9789347052574158, 0.17663773894309998, -0.1347181797027588, -0.18958300352096558, 0.9725787043571472),
            ["RightHand"] = CFrame.new(0.0000012684613466262817, 0, -2.3958273231983185e-07, 0.9997813105583191, -0.0019980373326689005, -0.02081918902695179, 0.0016130596632137895, 0.9998277425765991, -0.018495144322514534, 0.020852604880928993, 0.018457483500242233, 0.9996121525764465),
            ["UpperTorso"] = CFrame.new(4.04485035687685e-07, -4.172325134277344e-07, -4.912726581096649e-08, 0.9843140840530396, -0.16834722459316254, -0.05277473106980324, 0.17249853909015656, 0.9810994863510132, 0.08768190443515778, 0.03701629117131233, -0.0954100713133812, 0.9947496056556702),
            ["HumanoidRootPart"] = CFrame.new(0, 0, 0, 1, 0, 0, 0, 1, 0, 0, 0, 1),
            ["RightUpperLeg"] = CFrame.new(4.172325134277344e-07, 4.889443516731262e-08, -9.482755558565259e-08, 0.9557368755340576, 0.14628110826015472, 0.2552819848060608, -0.01702386699616909, 0.8936885595321655, -0.44836491346359253, -0.29372990131378174, 0.42417290806770325, 0.8566213250160217),
            ["LeftUpperArm"] = CFrame.new(1.1920928955078125e-07, 3.5762786865234375e-07, -6.705522537231445e-08, 0.9730998873710632, 0.2189503014087677, 0.07167663425207138, -0.2248726636171341, 0.9703265428543091, 0.08887572586536407, -0.05009041726589203, -0.10260313004255295, 0.993460476398468),
            ["RightLowerArm"] = CFrame.new(3.5762786865234375e-07, 3.5762786865234375e-07, 0, 1, 4.074535708831206e-10, 2.0954755708402217e-09, 3.898457023865376e-08, 0.9984726309776306, -0.05524875596165657, 0, 0.055248696357011795, 0.9984726309776306),
            ["LeftHand"] = CFrame.new(-3.8929283618927e-07, 8.344650268554688e-07, -5.960464477539063e-08, 0.9999750256538391, 0.0013356558047235012, 0.006935154553502798, -0.0013058612821623683, 0.9999901056289673, -0.004273090045899153, -0.006940783001482487, 0.004263949114829302, 0.9999668598175049),
            ["LeftFoot"] = CFrame.new(5.122274160385132e-09, 1.1920928955078125e-07, 1.4901161193847656e-08, 0.979039192199707, 0.08295366913080215, 0.18601353466510773, 0.017883451655507088, 0.8747584819793701, -0.48422980308532715, -0.20288564264774323, 0.4774057865142822, 0.8549388647079468),
            ["LowerTorso"] = CFrame.new(-0.010083174332976341, -0.1825554370880127, -0.0596780851483345, 0.9943742752075195, 0.0589660182595253, -0.08799360692501068, -0.06957466155290604, 0.989986777305603, -0.12282340228557587, 0.07987008988857269, 0.12825453281402588, 0.9885199666023254),
            ["RightLowerLeg"] = CFrame.new(-2.2351741790771484e-08, -0.0001227259635925293, -0.00007739121065242216, 1, -1.1548395661975519e-07, -1.2852251529693604e-07, 1.6391268786719593e-07, 0.3334500789642334, 0.9427676200866699, -8.381898908282892e-08, -0.9427677392959595, 0.3334503769874573),
            ["LeftUpperLeg"] = CFrame.new(2.384185791015625e-07, 2.5890767574310303e-07, 3.3527612686157227e-08, 0.9882723093032837, -0.14644397795200348, 0.04326723515987396, 0.15240401029586792, 0.9636183381080627, -0.21957431733608246, -0.009537800215184689, 0.22359324991703033, 0.9746359586715698),
            ["LeftLowerLeg"] = CFrame.new(4.842877388000488e-08, 0.00012254714965820312, 0.00007746368646621704, 1, 5.587938289863814e-08, 3.352759847530251e-08, -7.078050856534901e-08, 0.661666214466095, 0.7497979402542114, 2.9802318834981634e-08, -0.749798595905304, 0.6616669297218323),
        }},
        {Time = 0.100, Data = {
            ["RightFoot"] = CFrame.new(-3.91155481338501e-08, 1.7881393432617188e-07, -5.045876605436206e-08, 0.909015417098999, 0.07521142065525055, -0.4099195599555969, -0.22201243042945862, 0.919792890548706, -0.32356005907058716, 0.3527059555053711, 0.38512900471687317, 0.8528041243553162),
            ["LeftLowerArm"] = CFrame.new(-5.960464477539063e-08, -2.384185791015625e-07, -5.960464477539063e-08, 1, -4.0046874261179255e-08, 1.3038517820973539e-08, 2.4680044674596502e-08, 0.980741560459137, -0.19531044363975525, 1.2107191693644381e-08, 0.19531035423278809, 0.9807415008544922),
            ["RightUpperArm"] = CFrame.new(3.5762786865234375e-07, 7.152557373046875e-07, -2.2351741790771484e-08, 0.9911884069442749, -0.05224479362368584, 0.12172180414199829, 0.056659799069166183, 0.997844934463501, -0.03309487923979759, -0.11973054707050323, 0.0396999716758728, 0.9920123815536499),
            ["Head"] = CFrame.new(2.437736839056015e-07, 1.1920928955078125e-07, -4.544854164123535e-07, 0.9850966930389404, 0.07705675065517426, 0.1537753939628601, -0.10532107949256897, 0.9770615100860596, 0.18508999049663544, -0.1359855681657791, -0.1985272765159607, 0.970615804195404),
            ["RightHand"] = CFrame.new(0.000001385807991027832, 4.172325134277344e-07, -2.2165477275848389e-07, 0.9993588328361511, -0.00371134327724576, -0.03561316803097725, 0.002043089596554637, 0.998903751373291, -0.04676754027605057, 0.035747796297073364, 0.046664752066135406, 0.9982708096504211),
            ["UpperTorso"] = CFrame.new(3.728782758116722e-07, -2.682209014892578e-07, -4.575122147798538e-08, 0.9847626090049744, -0.1645222306251526, -0.0563477948307991, 0.16915440559387207, 0.9814008474349976, 0.09077009558677673, 0.04036611318588257, -0.09891845285892487, 0.9942764639854431),
            ["HumanoidRootPart"] = CFrame.new(0, 0, 0, 1, 0, 0, 0, 1, 0, 0, 0, 1),
            ["RightUpperLeg"] = CFrame.new(4.172325134277344e-07, -4.6193599700927734e-07, -1.4698161976411939e-07, 0.956112265586853, 0.14588642120361328, 0.25409889221191406, -0.019413016736507416, 0.896867036819458, -0.4418739378452301, -0.29235655069351196, 0.4175485670566559, 0.8603379130363464),
            ["LeftUpperArm"] = CFrame.new(-1.1920928955078125e-07, 5.960464477539062e-07, -5.960464477539063e-08, 0.9744992256164551, 0.21678012609481812, 0.057945895940065384, -0.22117869555950165, 0.9715074896812439, 0.0851658284664154, -0.03783278912305832, -0.09581052511930466, 0.9946804046630859),
            ["RightLowerArm"] = CFrame.new(2.384185791015625e-07, -2.980232238769531e-07, -1.6763806343078613e-08, 1, -3.480818122625351e-08, 3.7252898543727042e-09, -1.979059760515156e-08, 0.9999914765357971, -0.004133741836994886, -2.793966835668016e-09, 0.004133745562285185, 0.9999915361404419),
            ["LeftHand"] = CFrame.new(-2.942979335784912e-07, 6.556510925292969e-07, 1.341104507446289e-07, 0.9999564290046692, 0.0028104570228606462, 0.008899052627384663, -0.002726103877648711, 0.9999514222145081, -0.009475708939135075, -0.008925097994506359, 0.009451113641262054, 0.999915599822998),
            ["LeftFoot"] = CFrame.new(8.381903171539307e-09, 1.1920928955078125e-07, 4.0978193283081055e-08, 0.9792591333389282, 0.08348306268453598, 0.18461363017559052, 0.017043938860297203, 0.873997151851654, -0.4856322109699249, -0.20189402997493744, 0.4787063002586365, 0.8544468283653259),
            ["LowerTorso"] = CFrame.new(-0.0111079141497612, -0.1828904151916504, -0.06187323108315468, 0.9946537017822266, 0.05822514370083809, -0.08528724312782288, -0.0689384937286377, 0.9892975091934204, -0.12860001623630524, 0.07688669860363007, 0.13379204273223877, 0.9880223274230957),
            ["RightLowerLeg"] = CFrame.new(-5.21540641784668e-08, -0.00012236833572387695, -0.00007738003478152677, 1, -1.3038511781360285e-07, -1.136213683139431e-07, 1.415610029198433e-07, 0.3335118293762207, 0.9427458643913269, -8.009372010064908e-08, -0.9427458643913269, 0.33351191878318787),
            ["LeftUpperLeg"] = CFrame.new(1.4901161193847656e-07, -9.220093488693237e-08, -2.2351741790771484e-08, 0.9882777333259583, -0.14673055708408356, 0.042157359421253204, 0.15238118171691895, 0.964951753616333, -0.21365413069725037, -0.009330193512141705, 0.21757358312606812, 0.9759994149208069),
            ["LeftLowerLeg"] = CFrame.new(3.725290298461914e-09, 0.00012248754501342773, 0.0000773891806602478, 1, 6.332992796842518e-08, 4.842877388000488e-08, -8.381905303167514e-08, 0.6607661247253418, 0.7505919337272644, 4.284084909045305e-08, -0.7505918741226196, 0.6607661247253418),
        }},
        {Time = 0.133, Data = {
            ["RightFoot"] = CFrame.new(1.862645149230957e-09, 4.76837158203125e-07, -2.029992174357176e-09, 0.90919029712677, 0.07582136243581772, -0.4094194173812866, -0.2218303084373474, 0.9203220009803772, -0.32217758893966675, 0.35236966609954834, 0.38374295830726624, 0.8535675406455994),
            ["LeftLowerArm"] = CFrame.new(-2.9802322387695312e-08, -2.384185791015625e-07, -7.450580596923828e-08, 1, -2.1420426321583363e-08, 1.117587622445626e-08, 3.2596297216969106e-08, 0.9817532896995544, -0.19015951454639435, -1.1175873559921001e-08, 0.19015958905220032, 0.9817532896995544),
            ["RightUpperArm"] = CFrame.new(2.384185791015625e-07, 4.76837158203125e-07, -3.725290298461914e-08, 0.9921470880508423, -0.053593460470438004, 0.11301326751708984, 0.057957395911216736, 0.9976810812950134, -0.035687245428562164, -0.11083856225013733, 0.04195697233080864, 0.9929524064064026),
            ["Head"] = CFrame.new(2.654269337654114e-07, 2.384185791015625e-07, -4.3213367462158203e-07, 0.9849165678024292, 0.07735113054513931, 0.15477795898914337, -0.1069483608007431, 0.9753265976905823, 0.19313228130340576, -0.13602004945278168, -0.20677243173122406, 0.9688879251480103),
            ["RightHand"] = CFrame.new(0.0000014312099665403366, 5.364418029785156e-07, -2.60770320892334e-07, 0.9986923336982727, -0.007125008851289749, -0.05062500387430191, 0.004732321482151747, 0.9988729357719421, -0.04722781106829643, 0.05090441554784775, 0.04692644253373146, 0.9976004958152771),
            ["UpperTorso"] = CFrame.new(3.8242433220148087e-07, 1.4901161193847656e-07, -6.699701771140099e-08, 0.9855974316596985, -0.15828655660152435, -0.059525199234485626, 0.16323767602443695, 0.9824383854866028, 0.09037961065769196, 0.044173941016197205, -0.09879465401172638, 0.9941269755363464),
            ["HumanoidRootPart"] = CFrame.new(0, 0, 0, 1, 0, 0, 0, 1, 0, 0, 0, 1),
            ["RightUpperLeg"] = CFrame.new(4.172325134277344e-07, 4.996545612812042e-07, -2.1403684513643384e-07, 0.9568272829055786, 0.14668279886245728, 0.2509296238422394, -0.022402284666895866, 0.8979678750038147, -0.4394907057285309, -0.2897924780845642, 0.41489505767822266, 0.8624860644340515),
            ["LeftUpperArm"] = CFrame.new(1.1920928955078125e-07, 4.76837158203125e-07, -3.725290298461914e-08, 0.9760578274726868, 0.21247252821922302, 0.046547532081604004, -0.21583330631256104, 0.9726216197013855, 0.08615805208683014, -0.026966935023665428, -0.09414173662662506, 0.9951935410499573),
            ["RightLowerArm"] = CFrame.new(3.5762786865234375e-07, 1.7881393432617188e-07, 2.0489096641540527e-08, 1, -5.9371814131736755e-09, 0, 1.9907012926978496e-08, 0.9999926686286926, -0.003842603415250778, 0, 0.003842613659799099, 0.9999926686286926),
            ["LeftHand"] = CFrame.new(-1.6391277313232422e-07, 0.0000010728836059570312, 0, 0.9999021887779236, 0.002883504144847393, 0.013684669509530067, -0.002747431630268693, 0.9999467730522156, -0.009953432716429234, -0.013712631538510323, 0.009914797730743885, 0.9998568892478943),
            ["LeftFoot"] = CFrame.new(-1.1641532182693481e-08, 0, -3.725290298461914e-09, 0.9791736602783203, 0.08478140830993652, 0.18447540700435638, 0.016162225976586342, 0.8732004165649414, -0.48709359765052795, -0.20238058269023895, 0.4799303710460663, 0.8536443114280701),
            ["LowerTorso"] = CFrame.new(-0.012185456231236458, -0.1833031177520752, -0.062330953776836395, 0.9950103163719177, 0.055497895926237106, -0.0829131007194519, -0.06605681031942368, 0.9892348647117615, -0.13057971000671387, 0.07477360963821411, 0.13540512323379517, 0.9879648685455322),
            ["RightLowerLeg"] = CFrame.new(3.3527612686157227e-08, -0.00012230873107910156, -0.00007735023245913908, 1, -1.0803339023368608e-07, -9.313229298868464e-08, 1.4901159772762185e-07, 0.33332115411758423, 0.9428133368492126, -1.1175869474300271e-07, -0.9428133964538574, 0.3333215117454529),
            ["LeftUpperLeg"] = CFrame.new(2.9802322387695312e-08, 3.734603524208069e-07, -7.450580596923828e-08, 0.9884931445121765, -0.1458466351032257, 0.04012645408511162, 0.15109014511108398, 0.9647547006607056, -0.21545372903347015, -0.007288988679647446, 0.2190372496843338, 0.9756892919540405),
            ["LeftLowerLeg"] = CFrame.new(-2.9802322387695312e-08, 0.0001227855682373047, 0.00007743947207927704, 1, 4.0978196835794733e-08, 1.862644793959589e-08, -7.636845111846924e-08, 0.6569008231163025, 0.7539766430854797, 4.470348358154297e-08, -0.7539770007133484, 0.6569012999534607),
        }},
        {Time = 0.167, Data = {
            ["RightFoot"] = CFrame.new(5.029141902923584e-08, 4.76837158203125e-07, 3.5222910810261965e-08, 0.9093062877655029, 0.07705058157444, -0.40893182158470154, -0.22179122269153595, 0.9212294220924377, -0.319600373506546, 0.3520949184894562, 0.3813129961490631, 0.8547692894935608),
            ["LeftLowerArm"] = CFrame.new(0, 3.5762786865234375e-07, -5.960464477539063e-08, 1, -1.6763808119435453e-08, -1.862645815364772e-09, 1.3969838619232178e-09, 0.982026994228363, -0.18874068558216095, 1.257285475730896e-08, 0.188740536570549, 0.9820270538330078),
            ["RightUpperArm"] = CFrame.new(3.5762786865234375e-07, -1.1920928955078125e-07, 7.450580596923828e-09, 0.9927816987037659, -0.05568147078156471, 0.10622728615999222, 0.06008543074131012, 0.9974421262741089, -0.03871670737862587, -0.10379992425441742, 0.04481995105743408, 0.9935879111289978),
            ["Head"] = CFrame.new(2.1141022443771362e-07, -1.1920928955078125e-07, -4.302710294723511e-07, 0.984398603439331, 0.0804288238286972, 0.15649518370628357, -0.11080065369606018, 0.9742734432220459, 0.19625112414360046, -0.13668487966060638, -0.21052907407283783, 0.9679849743843079),
            ["RightHand"] = CFrame.new(0.0000011441297829151154, -2.980232238769531e-07, -2.3469328880310059e-07, 0.9974669814109802, -0.011620531789958477, -0.07017572969198227, 0.008235600776970387, 0.9987972974777222, -0.048334404826164246, 0.07065306603908539, 0.047633979469537735, 0.9963630437850952),
            ["UpperTorso"] = CFrame.new(3.4604454413056374e-07, -2.086162567138672e-07, 1.932494342327118e-08, 0.9865862131118774, -0.15134380757808685, -0.061178356409072876, 0.156534805893898, 0.9834210872650146, 0.09154161065816879, 0.04630988463759422, -0.09989016503095627, 0.9939202070236206),
            ["HumanoidRootPart"] = CFrame.new(0, 0, 0, 1, 0, 0, 0, 1, 0, 0, 0, 1),
            ["RightUpperLeg"] = CFrame.new(2.384185791015625e-07, -2.9918737709522247e-07, -8.737697498872876e-08, 0.9574660062789917, 0.1466272473335266, 0.2485138177871704, -0.024199971929192543, 0.8990345597267151, -0.4372084140777588, -0.28752952814102173, 0.41259822249412537, 0.8643434643745422),
            ["LeftUpperArm"] = CFrame.new(-2.384185791015625e-07, 0, -5.960464477539063e-08, 0.9773344397544861, 0.20907704532146454, 0.03323020786046982, -0.21122834086418152, 0.9735488295555115, 0.08709392696619034, -0.014142031781375408, -0.09213916957378387, 0.9956458210945129),
            ["RightLowerArm"] = CFrame.new(-8.940696716308594e-08, -2.384185791015625e-07, 3.725290298461914e-09, 1, 2.9569495296755122e-08, 2.7939683899802503e-09, 9.313224857976365e-09, 0.9999924898147583, -0.0038883136585354805, -7.4505797087454084e-09, 0.0038883164525032043, 0.9999924898147583),
            ["LeftHand"] = CFrame.new(1.7881393432617188e-07, 4.172325134277344e-07, 1.4901161193847656e-08, 0.9999474883079529, 0.0028662870172411203, 0.009835148230195045, -0.00276844366453588, 0.999946653842926, -0.009951228275895119, -0.009863066487014294, 0.00992356613278389, 0.9999021887779236),
            ["LeftFoot"] = CFrame.new(-1.3969838619232178e-08, -1.1920928955078125e-07, -7.450580596923828e-09, 0.9792409539222717, 0.08501625061035156, 0.18400953710079193, 0.015591242350637913, 0.873512327671051, -0.48655179142951965, -0.20209954679012299, 0.47932085394859314, 0.8540538549423218),
            ["LowerTorso"] = CFrame.new(-0.013276894576847553, -0.18199515342712402, -0.06143956258893013, 0.9953428506851196, 0.052483007311820984, -0.08085978031158447, -0.06283141672611237, 0.9893534183502197, -0.1312711238861084, 0.07310939580202103, 0.13574029505252838, 0.9880433082580566),
            ["RightLowerLeg"] = CFrame.new(7.82310962677002e-08, -0.00012236833572387695, -0.00007738376007182524, 1, -1.154839708306099e-07, -1.1920936060505483e-07, 1.564621925354004e-07, 0.33845674991607666, 0.9409820437431335, -7.450580596923828e-08, -0.940981924533844, 0.3384567201137543),
            ["LeftUpperLeg"] = CFrame.new(2.086162567138672e-07, 3.7532299757003784e-07, 1.1548399925231934e-07, 0.9889150857925415, -0.14363445341587067, 0.03763216361403465, 0.14839334785938263, 0.9648281931877136, -0.2169933170080185, -0.0051408265717327595, 0.2201724648475647, 0.9754474759101868),
            ["LeftLowerLeg"] = CFrame.new(7.82310962677002e-08, 0.0001221299171447754, 0.00007744506001472473, 1, 5.58793225025056e-08, 3.72529100900465e-08, -7.636845111846924e-08, 0.6558771133422852, 0.7548681497573853, 4.470348358154297e-08, -0.7548676133155823, 0.655876636505127),
        }},
        {Time = 0.200, Data = {
            ["RightFoot"] = CFrame.new(-9.313225746154785e-10, 2.384185791015625e-07, 9.145878721028566e-09, 0.9094014167785645, 0.07839437574148178, -0.40846478939056396, -0.22189995646476746, 0.9220784306526184, -0.3170662224292755, 0.351780503988266, 0.37898001074790955, 0.8559355139732361),
            ["LeftLowerArm"] = CFrame.new(-1.7881393432617188e-07, 5.960464477539063e-08, -8.940696716308594e-08, 1, -4.470348358154297e-08, 5.587936335871291e-09, 2.8405342078485774e-08, 0.9795270562171936, -0.20131252706050873, 7.916242772409987e-09, 0.20131264626979828, 0.9795271158218384),
            ["RightUpperArm"] = CFrame.new(3.5762786865234375e-07, 2.384185791015625e-07, -7.450580596923828e-09, 0.9936804175376892, -0.05722340941429138, 0.09656526893377304, 0.06182489171624184, 0.9970563054084778, -0.04535022750496864, -0.09368577599525452, 0.05103371664881706, 0.9942930340766907),
            ["Head"] = CFrame.new(2.2398307919502258e-07, -4.76837158203125e-07, -4.2282044887542725e-07, 0.9849386215209961, 0.08296944946050644, 0.1516973227262497, -0.11093860119581223, 0.9761941432952881, 0.18638083338737488, -0.13262207806110382, -0.20040275156497955, 0.9706956744194031),
            ["RightHand"] = CFrame.new(8.346978574991226e-07, 5.364418029785156e-07, -2.4959444999694824e-07, 0.9958404898643494, -0.01525738276541233, -0.0898285061120987, 0.01084780041128397, 0.9987214207649231, -0.04937509819865227, 0.09046691656112671, 0.048195261508226395, 0.994732677936554),
            ["UpperTorso"] = CFrame.new(3.6149867810308933e-07, -2.086162567138672e-07, -4.944740794599056e-08, 0.9875129461288452, -0.14465954899787903, -0.062385380268096924, 0.1502448320388794, 0.9838995933532715, 0.09678928554058075, 0.04737946018576622, -0.10495372116565704, 0.9933478832244873),
            ["HumanoidRootPart"] = CFrame.new(0, 0, 0, 1, 0, 0, 0, 1, 0, 0, 0, 1),
            ["RightUpperLeg"] = CFrame.new(2.980232238769531e-07, -4.889443516731262e-08, -1.507069100625813e-07, 0.9583728909492493, 0.14570125937461853, 0.24554529786109924, -0.025985073298215866, 0.9009352922439575, -0.43317466974258423, -0.28433462977409363, 0.40876251459121704, 0.8672180771827698),
            ["LeftUpperArm"] = CFrame.new(5.960464477539063e-08, 1.1920928955078125e-07, -5.960464477539063e-08, 0.9784542918205261, 0.20503486692905426, 0.024249130859971046, -0.20639242231845856, 0.974433958530426, 0.08877343684434891, -0.005427489057183266, -0.09186548739671707, 0.9957566857337952),
            ["RightLowerArm"] = CFrame.new(2.384185791015625e-07, -1.7881393432617188e-07, -2.60770320892334e-08, 1, -4.400499520329504e-08, 2.7939672797572257e-09, -2.095475259977775e-08, 0.999992311000824, -0.0039245011284947395, -6.51925624595151e-09, 0.003924510907381773, 0.999992311000824),
            ["LeftHand"] = CFrame.new(-3.688037395477295e-07, 9.5367431640625e-07, -1.4901161193847656e-08, 0.9999808669090271, 0.0007085651741363108, -0.006143220234662294, -0.0007235818193294108, 0.9999968409538269, -0.0024333808105438948, 0.006141471676528454, 0.0024377305526286364, 0.999978244304657),
            ["LeftFoot"] = CFrame.new(-2.7939677238464355e-09, -5.960464477539063e-08, -4.0978193283081055e-08, 0.9792749881744385, 0.08590662479400635, 0.18341360986232758, 0.014225900173187256, 0.8741773366928101, -0.48539799451828003, -0.20203503966331482, 0.47794774174690247, 0.8548381924629211),
            ["LowerTorso"] = CFrame.new(-0.014542552642524242, -0.18030619621276855, -0.05907038599252701, 0.9957516193389893, 0.04937011003494263, -0.0777265876531601, -0.05940599367022514, 0.9893862009048462, -0.13261249661445618, 0.07035450637340546, 0.13666652143001556, 0.9881157279014587),
            ["RightLowerLeg"] = CFrame.new(0, -0.00012236833572387695, -0.00007755512342555448, 1, -1.452862647965958e-07, -6.146732545175837e-08, 1.3783575525394554e-07, 0.34609103202819824, 0.9382010698318481, -7.264316792543468e-08, -0.9382009506225586, 0.34609079360961914),
            ["LeftUpperLeg"] = CFrame.new(8.940696716308594e-08, 2.8219074010849e-07, -3.3527612686157227e-08, 0.9892582893371582, -0.14185316860675812, 0.035295117646455765, 0.14614412188529968, 0.9649797677993774, -0.21784426271915436, -0.0031571523286402225, 0.220662459731102, 0.9753451943397522),
            ["LeftLowerLeg"] = CFrame.new(-6.332993507385254e-08, 0.0001226663589477539, 0.00007734261453151703, 1, 3.725289587919178e-08, 1.4901164746561335e-08, -7.450579175838357e-08, 0.6554934978485107, 0.7552012205123901, 4.656611807263289e-08, -0.7552008628845215, 0.6554931402206421),
        }},
        {Time = 0.233, Data = {
            ["RightFoot"] = CFrame.new(1.3969838619232178e-08, 1.7881393432617188e-07, -5.75528247281909e-09, 0.9098191857337952, 0.07971274107694626, -0.40727776288986206, -0.2217421531677246, 0.9229215979576111, -0.3147153854370117, 0.35079869627952576, 0.3766453266143799, 0.8573675751686096),
            ["LeftLowerArm"] = CFrame.new(-1.4901161193847656e-07, 3.5762786865234375e-07, -2.9802322387695312e-08, 1, -9.313226634333205e-09, -1.862645815364772e-09, 1.2572857421844219e-08, 0.9788517951965332, -0.20457123219966888, -2.328306880627906e-09, 0.20457090437412262, 0.9788516759872437),
            ["RightUpperArm"] = CFrame.new(2.384185791015625e-07, 0.0000011920928955078125, 7.450580596923828e-09, 0.9939388036727905, -0.05894707888364792, 0.09279514849185944, 0.06456010043621063, 0.9961860775947571, -0.058697424829006195, -0.08898139744997025, 0.06433258950710297, 0.9939536452293396),
            ["Head"] = CFrame.new(2.384185791015625e-07, 2.384185791015625e-07, -4.3120235204696655e-07, 0.986230194568634, 0.08238214999437332, 0.1433992236852646, -0.10632353276014328, 0.9799953699111938, 0.16823922097682953, -0.12667064368724823, -0.181169331073761, 0.9752600789070129),
            ["RightHand"] = CFrame.new(0.0000010831281542778015, -2.980232238769531e-07, -2.8312206268310547e-07, 0.993199348449707, -0.0213228240609169, -0.11445727199316025, 0.01558135636150837, 0.9985859394073486, -0.050826575607061386, 0.11537916213274002, 0.048697393387556076, 0.9921271800994873),
            ["UpperTorso"] = CFrame.new(3.765344445127994e-07, -2.682209014892578e-07, -9.89530235528946e-09, 0.9882886409759521, -0.13832825422286987, -0.06442729383707047, 0.14502263069152832, 0.9827785491943359, 0.11451998353004456, 0.04747646301984787, -0.12252217531204224, 0.9913296699523926),
            ["HumanoidRootPart"] = CFrame.new(0, 0, 0, 1, 0, 0, 0, 1, 0, 0, 0, 1),
            ["RightUpperLeg"] = CFrame.new(2.980232238769531e-07, 2.935994416475296e-07, -2.028609742410481e-07, 0.9595842957496643, 0.14465844631195068, 0.24139535427093506, -0.02841212972998619, 0.9031888842582703, -0.4283023774623871, -0.2799835205078125, 0.4041334390640259, 0.8707959055900574),
            ["LeftUpperArm"] = CFrame.new(0, 8.344650268554688e-07, -9.685754776000977e-08, 0.9788294434547424, 0.20451709628105164, 0.008119477890431881, -0.20450247824192047, 0.9755776524543762, 0.08016855269670486, 0.008474372327327728, -0.080131895840168, 0.9967483282089233),
            ["RightLowerArm"] = CFrame.new(2.384185791015625e-07, -5.364418029785156e-07, -1.1175870895385742e-08, 1, 1.5832483768463135e-08, 0, -6.51925624595151e-09, 0.9999921917915344, -0.00395561195909977, 2.7939670577126208e-09, 0.003955619875341654, 0.9999921917915344),
            ["LeftHand"] = CFrame.new(-4.172325134277344e-07, 8.344650268554688e-07, -2.9802322387695312e-08, 0.9999186396598816, 0.0006454495596699417, -0.012743203900754452, -0.0006734989583492279, 0.9999973773956299, -0.0021904539316892624, 0.012741941958665848, 0.0021990318782627583, 0.9999164938926697),
            ["LeftFoot"] = CFrame.new(5.122274160385132e-09, -5.960464477539063e-08, 2.2351741790771484e-08, 0.9794358015060425, 0.08672665804624557, 0.1821649670600891, 0.012300372123718262, 0.8755483627319336, -0.4829740524291992, -0.2013808935880661, 0.4752826690673828, 0.8564764857292175),
            ["LowerTorso"] = CFrame.new(-0.01626805029809475, -0.17887377738952637, -0.055345065891742706, 0.9962321519851685, 0.04618259519338608, -0.07340804487466812, -0.055906377732753754, 0.9890651702880859, -0.13647180795669556, 0.06630272418260574, 0.14006157219409943, 0.9879204034805298),
            ["RightLowerLeg"] = CFrame.new(-2.9802322387695312e-08, -0.00012230873107910156, -0.00007756629929644987, 1, -1.3411040811206476e-07, -1.3783576946480025e-07, 1.601874686230076e-07, 0.35247012972831726, 0.9358229041099548, -1.0617075929530984e-07, -0.9358230829238892, 0.3524705469608307),
            ["LeftUpperLeg"] = CFrame.new(2.086162567138672e-07, 2.868473529815674e-07, -4.470348358154297e-08, 0.9895996451377869, -0.14007553458213806, 0.0327308289706707, 0.14384640753269196, 0.9649674296379089, -0.21942245960235596, -0.0008484587888233364, 0.2218485027551651, 0.9750807285308838),
            ["LeftLowerLeg"] = CFrame.new(-2.9802322387695312e-08, 0.00012260675430297852, 0.00007746554911136627, 1, 5.960463766996327e-08, 3.725289587919178e-08, -5.5879347371501353e-08, 0.6537336111068726, 0.7567247152328491, 3.5390254282674505e-08, -0.7567247748374939, 0.6537337303161621),
        }},
        {Time = 0.267, Data = {
            ["RightFoot"] = CFrame.new(-2.7939677238464355e-08, 3.5762786865234375e-07, 2.032174961641431e-08, 0.9110010862350464, 0.08080421388149261, -0.40441063046455383, -0.2195509374141693, 0.9251305460929871, -0.30972644686698914, 0.34910547733306885, 0.3709504008293152, 0.8605356216430664),
            ["LeftLowerArm"] = CFrame.new(1.1920928955078125e-07, 4.172325134277344e-07, -1.1920928955078125e-07, 1, -4.8428766774577525e-08, 1.4901162970204496e-08, -2.7008358216562556e-08, 0.9796344041824341, -0.20078985393047333, 4.190951941041021e-08, 0.20078971982002258, 0.9796343445777893),
            ["RightUpperArm"] = CFrame.new(2.384185791015625e-07, 0, 3.725290298461914e-09, 0.993500292301178, -0.05980439856648445, 0.0968545451760292, 0.06756661087274551, 0.9945859909057617, -0.0789530873298645, -0.09160852432250977, 0.08498410880565643, 0.9921620488166809),
            ["Head"] = CFrame.new(2.337619662284851e-07, -4.76837158203125e-07, -4.423782229423523e-07, 0.9878105521202087, 0.07833754271268845, 0.13451245427131653, -0.09513834118843079, 0.9877868890762329, 0.1233929842710495, -0.123203344643116, -0.1346862018108368, 0.9831991791725159),
            ["RightHand"] = CFrame.new(9.206123650074005e-07, 2.980232238769531e-07, -2.7194619178771973e-07, 0.9898564219474792, -0.02415689080953598, -0.14000298082828522, 0.016792628914117813, 0.9984241724014282, -0.05354633554816246, 0.14107583463191986, 0.05065211281180382, 0.9887022376060486),
            ["UpperTorso"] = CFrame.new(3.648456186056137e-07, 1.4901161193847656e-07, 3.580498741939664e-08, 0.9892750978469849, -0.1302148401737213, -0.06617407500743866, 0.13856437802314758, 0.9799498915672302, 0.14317183196544647, 0.046204227954149246, -0.15080566704273224, 0.9874830842018127),
            ["HumanoidRootPart"] = CFrame.new(0, 0, 0, 1, 0, 0, 0, 1, 0, 0, 0, 1),
            ["RightUpperLeg"] = CFrame.new(2.980232238769531e-07, 9.778887033462524e-09, -3.5222910810261965e-08, 0.9612578749656677, 0.14346203207969666, 0.2353762686252594, -0.030810141935944557, 0.9044604301452637, -0.4254434108734131, -0.2739236652851105, 0.4017089903354645, 0.873839795589447),
            ["LeftUpperArm"] = CFrame.new(0, -3.5762786865234375e-07, -7.078051567077637e-08, 0.9788721203804016, 0.20379604399204254, -0.016637340188026428, -0.20240409672260284, 0.9772984385490417, 0.06261233985424042, 0.029019653797149658, -0.05792202427983284, 0.9978992342948914),
            ["RightLowerArm"] = CFrame.new(2.384185791015625e-07, 5.960464477539063e-08, 1.862645149230957e-08, 1, -2.7241181754789068e-08, -1.862645149230957e-09, -1.8160786652288152e-08, 0.9999916553497314, -0.004085838794708252, 9.313223525708736e-10, 0.0040858411230146885, 0.9999916553497314),
            ["LeftHand"] = CFrame.new(-4.842877388000488e-07, 8.940696716308594e-07, 8.940696716308594e-08, 0.9999979734420776, 0.002013925928622484, 0.00006120284524513409, -0.00201347260735929, 0.9999757409095764, -0.006668373942375183, -0.00007460824417648837, 0.0066682412289083, 0.9999778270721436),
