return {
    ["Point And Strut"] = {
        {Time = 0.000, Data = {
            ["LeftFoot"] = CFrame.new(0, 5.960464477539063e-08, -5.960464477539063e-08, 0.958493173122406, 0.011879712343215942, 0.2848682999610901, 0.011443529278039932, 0.9967235922813416, -0.08006995916366577, -0.28488612174987793, 0.08000634610652924, 0.9552167057991028),
            ["LeftLowerArm"] = CFrame.new(8.940696716308594e-08, -1.7881393432617188e-07, -6.705522537231445e-08, 1, -2.9802318834981634e-08, 0, 4.377216455964117e-08, 0.8492686152458191, -0.527961015701294, 1.0011718565294814e-08, 0.527961015701294, 0.8492686748504639),
            ["LowerTorso"] = CFrame.new(-0.015765443444252014, -0.03062307834625244, 0.2870573401451111, 0.9948738217353821, 0.08873918652534485, -0.04849390685558319, -0.09322415292263031, 0.9906338453292847, -0.09976968169212341, 0.039186228066682816, 0.10377905517816544, 0.9938281178474426),
            ["Head"] = CFrame.new(1.548323780298233e-08, -1.1920928955078125e-07, -8.102506399154663e-08, 0.898475170135498, -0.011111825704574585, -0.4388836920261383, -0.05001416802406311, 0.9905809164047241, -0.12746798992156982, 0.4361661374568939, 0.1364772915840149, 0.8894566297531128),
            ["RightUpperArm"] = CFrame.new(-1.1920928955078125e-07, -5.960464477539062e-07, -1.434236764907837e-07, 0.2429281622171402, -0.9641193747520447, -0.10705063492059708, 0.9126954078674316, 0.26455220580101013, -0.3114472031593323, 0.3285927474498749, -0.022045310586690903, 0.9442144632339478),
            ["UpperTorso"] = CFrame.new(2.7939677238464355e-09, 2.086162567138672e-07, -1.5192199498414993e-08, 0.994021475315094, -0.06955987960100174, 0.08415910601615906, 0.042081333696842194, 0.955318808555603, 0.29256635904312134, -0.1007496640086174, -0.2872757017612457, 0.9525346755981445),
            ["HumanoidRootPart"] = CFrame.new(0, 0, 0, 1, 0, 0, 0, 1, 0, 0, 0, 1),
            ["RightHand"] = CFrame.new(1.7881393432617188e-07, 1.1920928955078125e-07, 0, 0.996598482131958, -0.009111986495554447, 0.08190609514713287, 0.022310519590973854, 0.9865865111351013, -0.16170726716518402, -0.07933405786752701, 0.1629846841096878, 0.9834339022636414),
            ["LeftUpperArm"] = CFrame.new(0, -5.960464477539062e-07, -1.2665987014770508e-07, 0.9713097810745239, 0.14688488841056824, -0.1870354413986206, -0.1842939406633377, 0.9619726538658142, -0.20160505175590515, 0.1503101885318756, 0.23029039800167084, 0.9614433646202087),
            ["RightLowerArm"] = CFrame.new(0, -3.5762786865234375e-07, -5.21540641784668e-08, 1, -7.450578820566989e-09, 1.4901162970204496e-08, 4.493631422519684e-08, 0.8198123574256897, -0.5726324319839478, 3.725290298461914e-09, 0.5726323127746582, 0.8198122382164001),
            ["LeftHand"] = CFrame.new(6.332993507385254e-08, 0, 0, 0.7989284992218018, 0.0529843345284462, -0.5990874767303467, -0.28879788517951965, 0.9075522422790527, -0.3048684597015381, 0.5275499224662781, 0.41658350825309753, 0.7403711676597595),
            ["RightUpperLeg"] = CFrame.new(0, 7.078051567077637e-08, -3.149762051180005e-08, 0.9873958826065063, -0.043885815888643265, -0.15206408500671387, 0.0510309562087059, 0.997753381729126, 0.04340607300400734, 0.1498175859451294, -0.05061907693743706, 0.9874171018600464),
            ["LeftUpperLeg"] = CFrame.new(-5.960464477539063e-08, 1.4528632164001465e-07, -2.2351741790771484e-08, 0.8242782354354858, -0.2207418829202652, 0.5213812589645386, 0.09613936394453049, 0.9620634317398071, 0.25532594323158264, -0.5579630136489868, -0.16033434867858887, 0.8142299056053162),
            ["RightLowerLeg"] = CFrame.new(-1.862645149230957e-08, 2.384185791015625e-07, -1.6931153368204832e-08, 1, -7.4505820180093e-08, -3.9115558791991134e-08, 8.754432201385498e-08, 0.8392519950866699, 0.5437423586845398, 3.259629011154175e-09, -0.5437426567077637, 0.8392522931098938),
            ["RightFoot"] = CFrame.new(3.166496753692627e-08, 4.172325134277344e-07, 7.24758137948811e-08, 0.9842080473899841, -0.10967972129583359, -0.1389428824186325, 0.04471631720662117, 0.9135062098503113, -0.4043596684932709, 0.17127510905265808, 0.39176127314567566, 0.9039846658706665),
            ["LeftLowerLeg"] = CFrame.new(-1.043081283569336e-07, 1.1920928955078125e-07, 0, 1, 0, 3.725290298461914e-09, -1.862645149230957e-08, 0.9857871532440186, 0.1679990291595459, -1.4901161193847656e-08, -0.16799910366535187, 0.9857872128486633),
        }},
        {Time = 0.033, Data = {
            ["LeftFoot"] = CFrame.new(2.2351741790771484e-08, 1.1920928955078125e-07, 2.9802322387695312e-08, 0.9238454699516296, 0.06835781037807465, 0.37661227583885193, -0.008475151844322681, 0.987335741519928, -0.1584186851978302, -0.3826718330383301, 0.14316248893737793, 0.9127249717712402),
            ["LeftLowerArm"] = CFrame.new(1.4901161193847656e-07, 1.1920928955078125e-07, 2.60770320892334e-08, 1, -3.352760913344355e-08, -7.450581485102248e-09, 4.377215745421381e-08, 0.8617308735847473, -0.5073657631874084, 4.889443072642052e-09, 0.5073657631874084, 0.8617309331893921),
            ["LowerTorso"] = CFrame.new(-0.007901310920715332, -0.042388200759887695, 0.2901444435119629, 0.995367705821991, 0.08693840354681015, -0.04104934632778168, -0.09082456678152084, 0.9903255701065063, -0.10491059720516205, 0.03153146058320999, 0.10815290361642838, 0.9936341047286987),
            ["Head"] = CFrame.new(1.1641532182693481e-09, -1.1920928955078125e-07, -4.6566128730773926e-08, 0.8970538973808289, -0.007829013280570507, -0.44185197353363037, -0.061056338250637054, 0.9880586862564087, -0.14146435260772705, 0.4376831650733948, 0.1538790911436081, 0.8858637809753418),
            ["RightUpperArm"] = CFrame.new(1.1920928955078125e-07, -4.76837158203125e-07, -2.2351741790771484e-08, 0.1094694510102272, -0.989702582359314, -0.09222480654716492, 0.7758631110191345, 0.14307542145252228, -0.6144639253616333, 0.621331512928009, -0.004288826137781143, 0.7835360765457153),
            ["UpperTorso"] = CFrame.new(1.210719347000122e-08, -1.1920928955078125e-07, -7.2177499532699585e-09, 0.9939125776290894, -0.06555643677711487, 0.08854538202285767, 0.03796375170350075, 0.9582691192626953, 0.2833356261253357, -0.10342478007078171, -0.2782492935657501, 0.954924464225769),
            ["HumanoidRootPart"] = CFrame.new(0, 0, 0, 1, 0, 0, 0, 1, 0, 0, 0, 1),
            ["RightHand"] = CFrame.new(-2.2910535335540771e-07, -1.7881393432617188e-07, 1.2665987014770508e-07, 0.9070557355880737, -0.2165064662694931, 0.36107489466667175, 0.2624661922454834, 0.9613748788833618, -0.08288460224866867, -0.3291831314563751, 0.16995088756084442, 0.9288461804389954),
            ["LeftUpperArm"] = CFrame.new(0, -4.76837158203125e-07, -2.2351741790771484e-08, 0.9778178930282593, 0.14879834651947021, -0.14741520583629608, -0.1762102097272873, 0.9648646712303162, -0.19490060210227966, 0.11323487013578415, 0.21655328571796417, 0.9696816205978394),
            ["RightLowerArm"] = CFrame.new(0, -2.384185791015625e-07, -8.940696716308594e-08, 1, -4.470347647611561e-08, 2.7939670133036998e-08, -1.862644971595273e-08, 0.9767477512359619, -0.21439164876937866, 5.587934559514451e-09, 0.21439170837402344, 0.9767477512359619),
            ["LeftHand"] = CFrame.new(2.775341272354126e-07, 0, 5.960464477539063e-08, 0.7576270699501038, 0.12130890041589737, -0.6413155198097229, -0.33741918206214905, 0.9138852953910828, -0.22574758529663086, 0.5587035417556763, 0.38742464780807495, 0.7333160638809204),
            ["RightUpperLeg"] = CFrame.new(1.1920928955078125e-07, -2.2351741790771484e-07, 5.045876605436206e-08, 0.9847901463508606, -0.01754121482372284, -0.17286047339439392, 0.045202385634183884, 0.9864978790283203, 0.15741296112537384, 0.167765274643898, -0.16283252835273743, 0.9722862243652344),
            ["LeftUpperLeg"] = CFrame.new(-5.960464477539063e-08, -6.146728992462158e-08, 4.0978193283081055e-08, 0.86316978931427, -0.2728588283061981, 0.42483630776405334, 0.12667794525623322, 0.9315230846405029, 0.3409070372581482, -0.48876437544822693, -0.24044325947761536, 0.8386276960372925),
            ["RightLowerLeg"] = CFrame.new(4.470348358154297e-08, 1.1920928955078125e-07, -1.3205863069742918e-08, 1, -5.215408194203519e-08, 5.587936335871291e-09, 5.681066994611683e-08, 0.922649621963501, 0.3856392204761505, -1.303851426825986e-08, -0.3856395184993744, 0.9226496815681458),
            ["RightFoot"] = CFrame.new(-1.1175870895385742e-08, 2.384185791015625e-07, 9.145878721028566e-09, 0.9827916622161865, -0.13537101447582245, -0.12567946314811707, 0.06515567004680634, 0.8907064199447632, -0.4498852491378784, 0.17284485697746277, 0.4339548647403717, 0.8841990232467651),
            ["LeftLowerLeg"] = CFrame.new(0, 1.1920928955078125e-07, -2.9802322387695312e-08, 1, 0, 2.2351748896198842e-08, -7.450581485102248e-09, 0.9999876618385315, 0.004968153312802315, 1.1175872671742582e-08, -0.004968137945979834, 0.9999877214431763),
        }},
        {Time = 0.067, Data = {
            ["LeftFoot"] = CFrame.new(3.725290298461914e-08, 1.1920928955078125e-07, -5.21540641784668e-08, 0.9565728306770325, 0.02185586653649807, 0.29067304730415344, 0.01970859058201313, 0.9900539517402649, -0.13930131494998932, -0.2908266484737396, 0.1389806717634201, 0.9466279745101929),
            ["LeftLowerArm"] = CFrame.new(-2.9802322387695312e-08, -1.1920928955078125e-07, 5.960464477539063e-08, 1, -5.0291408371094803e-08, 1.862644971595273e-08, 4.9360089349193004e-08, 0.8970811367034912, -0.4418658912181854, -9.313224635931761e-10, 0.4418658912181854, 0.8970811367034912),
            ["LowerTorso"] = CFrame.new(-0.0011209547519683838, -0.03589606285095215, 0.2887227535247803, 0.9967052936553955, 0.07456359267234802, -0.03191949054598808, -0.07757200300693512, 0.991266667842865, -0.1066439151763916, 0.023688971996307373, 0.10876858979463577, 0.9937849044799805),
            ["Head"] = CFrame.new(4.6566128730773926e-09, -1.1920928955078125e-07, 1.862645149230957e-08, 0.9060579538345337, -0.014260560274124146, -0.4229132831096649, -0.05094273388385773, 0.9884870052337646, -0.14247222244739532, 0.42007604241371155, 0.15063253045082092, 0.8949000239372253),
            ["RightUpperArm"] = CFrame.new(0, 1.1920928955078125e-07, 3.3527612686157227e-08, 0.045044392347335815, -0.996459424495697, -0.07099159061908722, 0.5967093706130981, 0.08383132517337799, -0.7980666756629944, 0.8011922836303711, -0.0064129093661904335, 0.5983725786209106),
            ["UpperTorso"] = CFrame.new(-4.6566128730773926e-09, -2.9802322387695312e-08, 9.953510016202927e-09, 0.9942708015441895, -0.05532774329185486, 0.09145776927471161, 0.028957128524780273, 0.963041365146637, 0.26779234409332275, -0.10289397090673447, -0.26360970735549927, 0.9591261148452759),
            ["HumanoidRootPart"] = CFrame.new(0, 0, 0, 1, 0, 0, 0, 1, 0, 0, 0, 1),
            ["RightHand"] = CFrame.new(-1.4901161193847656e-07, -2.384185791015625e-07, -2.1606683731079102e-07, 0.708488941192627, -0.3261350393295288, 0.6258429884910583, 0.4079035222530365, 0.9129182696342468, 0.013964398764073849, -0.575897753238678, 0.2453898936510086, 0.7798240780830383),
            ["LeftUpperArm"] = CFrame.new(-1.1920928955078125e-07, 1.1920928955078125e-07, 4.470348358154297e-08, 0.976180911064148, 0.17154711484909058, -0.13282474875450134, -0.19579117000102997, 0.9603089094161987, -0.1986774206161499, 0.09347020089626312, 0.2199508547782898, 0.9710226655006409),
            ["RightLowerArm"] = CFrame.new(0, -1.1920928955078125e-07, -1.341104507446289e-07, 1, 2.2351738238057806e-08, -2.654268982382746e-08, -1.4901159417490817e-08, 0.9999867677688599, -0.005156419705599546, -4.6566123179658803e-10, 0.00515643460676074, 0.9999867677688599),
            ["LeftHand"] = CFrame.new(2.3469328880310059e-07, 5.960464477539063e-08, 1.7881393432617188e-07, 0.7799773812294006, 0.15178906917572021, -0.6071207523345947, -0.35867220163345337, 0.9034184813499451, -0.23492395877838135, 0.5128251910209656, 0.400992751121521, 0.759088397026062),
            ["RightUpperLeg"] = CFrame.new(0, -2.4959444999694824e-07, 9.480572771281004e-09, 0.9924960136413574, -0.008805417455732822, -0.12195956707000732, 0.00993846170604229, 0.9999129772186279, 0.008684976026415825, 0.1218724399805069, -0.009832101874053478, 0.9924971461296082),
            ["LeftUpperLeg"] = CFrame.new(0, -7.636845111846924e-08, 2.60770320892334e-08, 0.8900743126869202, -0.1745046228170395, 0.4210890829563141, 0.0965195819735527, 0.9750213623046875, 0.2000434547662735, -0.44547945261001587, -0.1374102681875229, 0.8846845030784607),
            ["RightLowerLeg"] = CFrame.new(-6.332993507385254e-08, 5.960464477539063e-08, 2.032174961641431e-08, 1, -1.043081283569336e-07, -1.4901164746561335e-08, 9.033828973770142e-08, 0.7919560074806213, 0.6105780005455017, -3.4924596548080444e-08, -0.6105782389640808, 0.7919561862945557),
            ["RightFoot"] = CFrame.new(-2.2351741790771484e-08, 1.7881393432617188e-07, -1.3205863069742918e-08, 0.9716132283210754, -0.13728868961334229, -0.1926647424697876, 0.057500749826431274, 0.9270141124725342, -0.3705918490886688, 0.22948120534420013, 0.3489939570426941, 0.908593475818634),
            ["LeftLowerLeg"] = CFrame.new(-7.450580596923828e-09, 1.7881393432617188e-07, 2.2351741790771484e-08, 1, 2.980232949312267e-08, -4.284084198502569e-08, -1.7695128917694092e-08, 0.972771406173706, 0.23176707327365875, 1.816079020500183e-08, -0.23176705837249756, 0.972771406173706),
        }},
        {Time = 0.100, Data = {
            ["LeftFoot"] = CFrame.new(4.6566128730773926e-09, -1.7881393432617188e-07, 0, 0.9906209111213684, 0.0032965652644634247, 0.1365991085767746, 0.012319105677306652, 0.993482768535614, -0.1133146584033966, -0.1360824555158615, 0.11393488943576813, 0.9841242432594299),
            ["LeftLowerArm"] = CFrame.new(-2.086162567138672e-07, 0, -9.778887033462524e-09, 1, -4.330649616690607e-08, 5.587934559514451e-09, 4.761386662721634e-08, 0.8778187036514282, -0.4789930284023285, 1.257285475730896e-08, 0.4789929986000061, 0.8778187036514282),
            ["LowerTorso"] = CFrame.new(0.0032199248671531677, -0.014994502067565918, 0.2798767685890198, 0.9983782172203064, 0.05347328260540962, -0.019537560641765594, -0.05520452558994293, 0.993179976940155, -0.10269418358802795, 0.013912920840084553, 0.1036061942577362, 0.9945210814476013),
            ["Head"] = CFrame.new(4.190951585769653e-09, 0, -8.381903171539307e-09, 0.9338310360908508, -0.02585481107234955, -0.3567791283130646, -0.0236375592648983, 0.9907445907592773, -0.13366524875164032, 0.3569328188896179, 0.13325421512126923, 0.9245768785476685),
            ["RightUpperArm"] = CFrame.new(0, 1.1920928955078125e-07, 5.960464477539063e-08, 0.05718465894460678, -0.9819610714912415, -0.18022894859313965, 0.6274750232696533, 0.1757632941007614, -0.7585396766662598, 0.7765340805053711, -0.0697123110294342, 0.6262069344520569),
            ["UpperTorso"] = CFrame.new(4.6566128730773926e-09, -3.2782554626464844e-07, 4.839967004954815e-08, 0.9949750304222107, -0.039807841181755066, 0.09187057614326477, 0.01600983925163746, 0.9690137505531311, 0.2464876025915146, -0.09883599728345871, -0.24377822875976562, 0.9647817015647888),
            ["HumanoidRootPart"] = CFrame.new(0, 0, 0, 1, 0, 0, 0, 1, 0, 0, 0, 1),
            ["RightHand"] = CFrame.new(1.1920928955078125e-07, -1.1920928955078125e-07, -4.470348358154297e-08, 0.6748067140579224, -0.3667234480381012, 0.6404294967651367, 0.469463586807251, 0.8828846216201782, 0.010894641280174255, -0.5694206953048706, 0.2933065593242645, 0.7679396867752075),
            ["LeftUpperArm"] = CFrame.new(0, -2.384185791015625e-07, 6.705522537231445e-08, 0.9768311977386475, 0.19506660103797913, -0.0880335345864296, -0.2045907974243164, 0.9718688130378723, -0.11667807400226593, 0.06279701739549637, 0.1319856345653534, 0.9892605543136597),
            ["RightLowerArm"] = CFrame.new(-2.9802322387695312e-08, 4.76837158203125e-07, 2.9802322387695312e-08, 1, -1.303851426825986e-08, 7.171183113996449e-08, 3.4458931708059026e-08, 0.9969398379325867, -0.07817348837852478, 4.470347647611561e-08, 0.07817352563142776, 0.9969397783279419),
            ["LeftHand"] = CFrame.new(-6.379559636116028e-08, -5.960464477539063e-08, 1.7136335372924805e-07, 0.8138549327850342, 0.17662014067173004, -0.5535755753517151, -0.34146565198898315, 0.9162031412124634, -0.20969782769680023, 0.47015056014060974, 0.3596905767917633, 0.8059658408164978),
            ["RightUpperLeg"] = CFrame.new(-1.1920928955078125e-07, -5.606561899185181e-07, 6.908521754667163e-08, 0.9970573782920837, -0.0030609560199081898, -0.07659818977117538, -0.006591512355953455, 0.9920787215232849, -0.12544527649879456, 0.07637542486190796, 0.12558086216449738, 0.9891391396522522),
            ["LeftUpperLeg"] = CFrame.new(8.940696716308594e-08, -3.371387720108032e-07, 4.7497451305389404e-08, 0.9406794309616089, -0.0927116647362709, 0.32638460397720337, 0.05805889144539833, 0.9917393922805786, 0.11437729001045227, -0.3342926800251007, -0.08864298462867737, 0.9382914900779724),
            ["RightLowerLeg"] = CFrame.new(4.7497451305389404e-08, 1.1920928955078125e-07, -5.045876605436206e-08, 1, -1.1548399925231934e-07, -4.4703497792397684e-08, 1.0803343286625022e-07, 0.6670941114425659, 0.7449732422828674, -4.284084198502569e-08, -0.7449734210968018, 0.667094349861145),
            ["RightFoot"] = CFrame.new(0, 4.172325134277344e-07, -1.0411895345896482e-08, 0.9781200885772705, -0.09787504374980927, -0.18357998132705688, 0.05997900664806366, 0.977620542049408, -0.2016444057226181, 0.19920748472213745, 0.18622195720672607, 0.9621008038520813),
            ["LeftLowerLeg"] = CFrame.new(-5.960464477539063e-08, -1.1920928955078125e-07, 1.1641532182693481e-09, 1, 2.607702853651972e-08, 1.9557782948709246e-08, -2.8870999813079834e-08, 0.9512012004852295, 0.30857154726982117, -3.927561920136213e-08, -0.3085714280605316, 0.9512012004852295),
        }},
        {Time = 0.133, Data = {
            ["LeftFoot"] = CFrame.new(1.1874362826347351e-08, 1.7881393432617188e-07, 5.21540641784668e-08, 0.9995400905609131, -0.004112627357244492, -0.030045490711927414, 0.001254066824913025, 0.9955196380615234, -0.09454738348722458, 0.0302997175604105, 0.09446625411510468, 0.9950668811798096),
            ["LeftLowerArm"] = CFrame.new(-3.5762786865234375e-07, 0, 1.4901161193847656e-08, 1, -2.793966658032332e-08, -3.7252885221050747e-09, 3.352760558072987e-08, 0.8484933376312256, -0.5292060971260071, 7.450578820566989e-09, 0.5292061567306519, 0.8484933376312256),
            ["LowerTorso"] = CFrame.new(0.0043022967875003815, 0.0025827884674072266, 0.2629748582839966, 0.9996619820594788, 0.025805506855249405, -0.0031695151701569557, -0.02598799765110016, 0.9953835010528564, -0.09239207208156586, 0.000770659011323005, 0.09244321286678314, 0.9957176446914673),
            ["Head"] = CFrame.new(1.862645149230957e-09, 1.1920928955078125e-07, 7.171183824539185e-08, 0.9680929780006409, -0.03993867337703705, -0.24738836288452148, 0.009267537854611874, 0.9922484755516052, -0.12392352521419525, 0.25042009353637695, 0.11767689138650894, 0.9609588980674744),
            ["RightUpperArm"] = CFrame.new(-1.1920928955078125e-07, 1.1920928955078125e-07, 4.842877388000488e-08, 0.14135713875293732, -0.9189807176589966, -0.36809343099594116, 0.6943867206573486, 0.3570586144924164, -0.6247689723968506, 0.7055814266204834, -0.16728359460830688, 0.6886007785797119),
            ["UpperTorso"] = CFrame.new(1.8917489796876907e-09, -2.9802322387695312e-08, -9.971699910238385e-09, 0.9958509802818298, -0.01921958103775978, 0.08894640952348709, -0.000970698893070221, 0.9751423597335815, 0.2215772420167923, -0.09099402278661728, -0.22074422240257263, 0.9710778594017029),
            ["HumanoidRootPart"] = CFrame.new(0, 0, 0, 1, 0, 0, 0, 1, 0, 0, 0, 1),
            ["RightHand"] = CFrame.new(-4.3213367462158203e-07, 0, -3.4924596548080444e-08, 0.6833268404006958, -0.2909972071647644, 0.6696159839630127, 0.46104058623313904, 0.8831340074539185, -0.08669441938400269, -0.566132664680481, 0.3679606020450592, 0.7376302480697632),
            ["LeftUpperArm"] = CFrame.new(1.1920928955078125e-07, 1.1920928955078125e-07, 7.450580596923828e-08, 0.9781426191329956, 0.2079254537820816, 0.0020505557768046856, -0.20774534344673157, 0.9776217341423035, -0.033133506774902344, -0.008893986232578754, 0.03198332339525223, 0.9994488954544067),
            ["RightLowerArm"] = CFrame.new(-1.4901161193847656e-07, -5.960464477539063e-08, 3.2782554626464844e-07, 1, -2.9802311729554276e-08, 1.1234074115407111e-08, 1.4901161193847656e-08, 0.9483397603034973, -0.31725645065307617, -7.450580596923828e-09, 0.31725651025772095, 0.9483398199081421),
            ["LeftHand"] = CFrame.new(1.6085687093436718e-07, -1.7881393432617188e-07, -7.916241884231567e-09, 0.8319105505943298, 0.20417192578315735, -0.515983521938324, -0.33298459649086, 0.9275076389312744, -0.16985540091991425, 0.44389867782592773, 0.31311890482902527, 0.8395892381668091),
            ["RightUpperLeg"] = CFrame.new(0, -2.849847078323364e-07, 3.532477421686053e-08, 0.9987347722053528, 0.009900443255901337, -0.049304813146591187, -0.022371161729097366, 0.9655442833900452, -0.2592756748199463, 0.04503903537988663, 0.260050505399704, 0.9645439982414246),
            ["LeftUpperLeg"] = CFrame.new(-5.960464477539063e-08, -4.78699803352356e-07, -2.6193447411060333e-08, 0.975048303604126, -0.022830570116639137, 0.22081613540649414, 0.012717349454760551, 0.9988086819648743, 0.04711311310529709, -0.22162866592407227, -0.043129388242959976, 0.9741768836975098),
            ["RightLowerLeg"] = CFrame.new(-1.0244548320770264e-08, 2.980232238769531e-07, 2.2184394765645266e-08, 1, -1.396984004031765e-07, -6.658959250671614e-08, 1.266598843585598e-07, 0.5522217154502869, 0.8336970806121826, -6.705523247774181e-08, -0.8336973786354065, 0.5522221326828003),
            ["RightFoot"] = CFrame.new(-1.6763806343078613e-08, 3.5762786865234375e-07, -9.469658834859729e-08, 0.9866548776626587, -0.06357080489397049, -0.14990277588367462, 0.06419166177511215, 0.9979374408721924, -0.0006979778409004211, 0.14963802695274353, -0.008933624252676964, 0.9887005090713501),
            ["LeftLowerLeg"] = CFrame.new(3.725290298461914e-09, 0, 0, 1, 2.7008361769276235e-08, 5.355106580395841e-09, -2.9336661100387573e-08, 0.9385520219802856, 0.3451380729675293, 1.1263182386755943e-08, -0.34513798356056213, 0.9385519623756409),
        }},
        {Time = 0.167, Data = {
            ["LeftFoot"] = CFrame.new(7.310882210731506e-08, -1.1920928955078125e-07, 0, 0.9976670742034912, -0.017346549779176712, -0.06602700799703598, 0.0077070314437150955, 0.9896149039268494, -0.14353777468204498, 0.06783118844032288, 0.142693892121315, 0.9874398112297058),
            ["LeftLowerArm"] = CFrame.new(2.9802322387695312e-08, -2.384185791015625e-07, 1.1920928955078125e-07, 1, -5.960463766996327e-08, 7.450578820566989e-09, 7.823108916227284e-08, 0.8182516694068909, -0.574860155582428, 7.4505797087454084e-09, 0.5748600959777832, 0.8182517886161804),
            ["LowerTorso"] = CFrame.new(0.0022687390446662903, 0.0033736228942871094, 0.24040359258651733, 0.9997988939285278, -0.009151418693363667, 0.01784568652510643, 0.010505061596632004, 0.9969527721405029, -0.07729696482419968, -0.017083927989006042, 0.0774688795208931, 0.996848464012146),
            ["Head"] = CFrame.new(2.3283064365386963e-09, -1.1920928955078125e-07, -5.523907020688057e-08, 0.991051197052002, -0.05635540932416916, -0.1210029199719429, 0.042023565620183945, 0.9921373724937439, -0.1178879663348198, 0.12669514119625092, 0.11174815148115158, 0.9856271743774414),
            ["RightUpperArm"] = CFrame.new(-5.960464477539063e-08, 1.1920928955078125e-07, 2.9802322387695312e-08, 0.41357576847076416, -0.7842349410057068, -0.4625262916088104, 0.7878621220588684, 0.5628723502159119, -0.24989594519138336, 0.45632046461105347, -0.2610560953617096, 0.8506594300270081),
            ["UpperTorso"] = CFrame.new(-1.1641532182693481e-10, 2.384185791015625e-07, -2.0261722966097295e-08, 0.9964885711669922, 0.010073985904455185, 0.08312047272920609, -0.02625124156475067, 0.9802712202072144, 0.19590628147125244, -0.07950706034898758, -0.19740040600299835, 0.977093517780304),
            ["HumanoidRootPart"] = CFrame.new(0, 0, 0, 1, 0, 0, 0, 1, 0, 0, 0, 1),
            ["RightHand"] = CFrame.new(3.3527612686157227e-07, 0, 2.9802322387695312e-08, 0.8411006927490234, -0.16179154813289642, 0.5161137580871582, 0.362354040145874, 0.8769792914390564, -0.31560570001602173, -0.4015584886074066, 0.4524720311164856, 0.7962534427642822),
            ["LeftUpperArm"] = CFrame.new(1.1920928955078125e-07, -1.1920928955078125e-07, -5.960464477539063e-08, 0.9743857979774475, 0.20328563451766968, 0.09616290032863617, -0.2073468267917633, 0.9776692390441895, 0.03420952335000038, -0.08706127107143402, -0.05327235907316208, 0.9947775602340698),
            ["RightLowerArm"] = CFrame.new(2.384185791015625e-07, 2.384185791015625e-07, -1.4901161193847656e-07, 1, -3.725289943190546e-08, -3.725289587919178e-08, 1.1175869474300271e-07, 0.7942383885383606, -0.6076062917709351, -3.725289943190546e-08, 0.6076062917709351, 0.7942384481430054),
            ["LeftHand"] = CFrame.new(4.470348358154297e-08, 5.960464477539063e-08, -1.341104507446289e-07, 0.8431757688522339, 0.23372146487236023, -0.48417866230010986, -0.34022971987724304, 0.9292629957199097, -0.14392365515232086, 0.416291207075119, 0.286084920167923, 0.8630510568618774),
            ["RightUpperLeg"] = CFrame.new(-2.9802322387695312e-08, 4.5122578740119934e-07, -1.939042704179883e-08, 0.9988818764686584, 0.024061938747763634, -0.04069508612155914, -0.03784914314746857, 0.9228091239929199, -0.38339388370513916, 0.028328584507107735, 0.3845053017139435, 0.9226880669593811),
            ["LeftUpperLeg"] = CFrame.new(2.9802322387695312e-08, 3.264285624027252e-07, 2.7939677238464355e-09, 0.996587336063385, 0.01889289915561676, 0.08035429567098618, -0.018649697303771973, 0.9998190402984619, -0.003775976365432143, -0.08041106164455414, 0.002264630515128374, 0.9967592358589172),
            ["RightLowerLeg"] = CFrame.new(-3.9814040064811707e-08, 2.980232238769531e-07, 4.267349140718579e-08, 1, -1.350417875300991e-07, -8.14907537005638e-08, 1.3550743460655212e-07, 0.4326365292072296, 0.9015681147575378, -8.614733815193176e-08, -0.9015685319900513, 0.43263712525367737),
            ["RightFoot"] = CFrame.new(-5.960464477539063e-08, 4.172325134277344e-07, -1.0986695997416973e-09, 0.9945614337921143, -0.033483993262052536, -0.09862343221902847, 0.0489799901843071, 0.9860367774963379, 0.15916255116462708, 0.09191692620515823, -0.1631273627281189, 0.9823140501976013),
            ["LeftLowerLeg"] = CFrame.new(5.960464477539063e-08, -2.384185791015625e-07, 7.450580596923828e-09, 1, 3.3993284631606e-08, 3.550667315721512e-09, -3.364402800798416e-08, 0.9222452640533447, 0.3866053819656372, 9.269570000469685e-09, -0.38660550117492676, 0.9222452640533447),
        }},
        {Time = 0.200, Data = {
            ["LeftFoot"] = CFrame.new(-1.8917489796876907e-09, 1.1920928955078125e-07, 9.220093488693237e-08, 0.9990230202674866, -0.03206109628081322, -0.030416401103138924, 0.02385466918349266, 0.9705871343612671, -0.23956556618213654, 0.03720250725746155, 0.23860600590705872, 0.9704036116600037),
            ["LeftLowerArm"] = CFrame.new(1.1920928955078125e-07, -1.1920928955078125e-07, -1.1920928955078125e-07, 1, -7.4505820180093e-08, -2.9802322387695312e-08, 3.725290653733282e-08, 0.7764591574668884, -0.6301674246788025, 7.823110337312755e-08, 0.6301676630973816, 0.7764593958854675),
            ["LowerTorso"] = CFrame.new(-0.0019122213125228882, -0.0038911104202270508, 0.21769455075263977, 0.9977433681488037, -0.051884304732084274, 0.042617324739694595, 0.05447772517800331, 0.9965800642967224, -0.062132641673088074, -0.039247870445251465, 0.06431411951780319, 0.997157633304596),
            ["Head"] = CFrame.new(-4.6566128730773926e-09, -1.1920928955078125e-07, 1.7462298274040222e-08, 0.9966728091239929, -0.0725543424487114, 0.0371391624212265, 0.07637248188257217, 0.9904749393463135, -0.11457175761461258, -0.028472719714045525, 0.11702703684568405, 0.9927205443382263),
            ["RightUpperArm"] = CFrame.new(-1.1920928955078125e-07, 2.384185791015625e-07, 5.4016709327697754e-08, 0.7067672610282898, -0.5769652724266052, -0.40937885642051697, 0.6644764542579651, 0.7400035262107849, 0.1042403131723404, 0.24279877543449402, -0.34569618105888367, 0.9063901305198669),
            ["UpperTorso"] = CFrame.new(1.6763806343078613e-08, 2.086162567138672e-07, -2.4156179279088974e-08, 0.9958788156509399, 0.05098755657672882, 0.07500553131103516, -0.06332991272211075, 0.9829419851303101, 0.1726687103509903, -0.06492212414741516, -0.1767071783542633, 0.9821199774742126),
            ["HumanoidRootPart"] = CFrame.new(0, 0, 0, 1, 0, 0, 0, 1, 0, 0, 0, 1),
            ["RightHand"] = CFrame.new(1.7881393432617188e-07, 2.384185791015625e-07, 1.1920928955078125e-07, 0.8830132484436035, -0.19154681265354156, 0.42848309874534607, 0.3386971652507782, 0.8920544385910034, -0.2992042303085327, -0.32491859793663025, 0.4093272387981415, 0.8525720834732056),
            ["LeftUpperArm"] = CFrame.new(1.1920928955078125e-07, 1.1920928955078125e-07, 4.470348358154297e-08, 0.9477285146713257, 0.1887284517288208, 0.2572788596153259, -0.21464164555072784, 0.9736998677253723, 0.07640371471643448, -0.23609280586242676, -0.12763270735740662, 0.9633120894432068),
            ["RightLowerArm"] = CFrame.new(-1.1920928955078125e-07, 0, 1.4901161193847656e-07, 1, -6.705522537231445e-08, 1.1175872316471214e-07, 1.1920930376163597e-07, 0.4313414990901947, -0.9021886587142944, 8.195639367158947e-08, 0.902188777923584, 0.4313417375087738),
            ["LeftHand"] = CFrame.new(-1.7881393432617188e-07, 1.1920928955078125e-07, 5.960464477539063e-08, 0.8433684706687927, 0.25220707058906555, -0.47446995973587036, -0.34383875131607056, 0.9318563938140869, -0.11583884060382843, 0.412922203540802, 0.2608359158039093, 0.8726165890693665),
            ["RightUpperLeg"] = CFrame.new(1.1920928955078125e-07, 1.3317912817001343e-07, -1.1008523870259523e-08, 0.997856855392456, 0.02568822354078293, -0.060181669890880585, -0.0528733991086483, 0.8583776354789734, -0.5102866291999817, 0.038550250232219696, 0.5123749375343323, 0.8578960299491882),
            ["LeftUpperLeg"] = CFrame.new(-5.960464477539063e-08, 5.587935447692871e-08, -1.30385160446167e-08, 0.9982126355171204, 0.05178862065076828, -0.029825739562511444, -0.05126827210187912, 0.998523473739624, 0.01795431412756443, 0.030711542814970016, -0.016393061727285385, 0.999393880367279),
            ["RightLowerLeg"] = CFrame.new(-9.778887033462524e-09, 3.5762786865234375e-07, 7.433845894411206e-08, 1, -1.4418037608265877e-07, -1.0646184733786868e-07, 1.4447142859808082e-07, 0.29524725675582886, 0.9554207921028137, -1.0660734517387027e-07, -0.955420970916748, 0.2952476739883423),
            ["RightFoot"] = CFrame.new(-3.271270543336868e-08, 3.5762786865234375e-07, -1.227454049512744e-08, 0.9993847012519836, -0.00993420835584402, -0.03364136815071106, 0.01695171184837818, 0.9764112234115601, 0.2152530550956726, 0.03070944733917713, -0.21569080650806427, 0.9759787321090698),
            ["LeftLowerLeg"] = CFrame.new(3.748573362827301e-08, 5.960464477539063e-08, -6.984919309616089e-09, 1, 3.0617236745911214e-08, 6.6647789509488575e-09, -3.0617233193197535e-08, 0.9370371103286743, 0.3492298126220703, 7.421477654645514e-09, -0.3492298722267151, 0.9370371699333191),
        }},
        {Time = 0.233, Data = {
            ["LeftFoot"] = CFrame.new(-6.076879799365997e-08, 0, 6.51925802230835e-09, 0.9990782737731934, -0.03567604720592499, 0.02387384884059429, 0.04140050709247589, 0.9477858543395996, -0.3162090480327606, -0.011346199549734592, 0.3169059753417969, 0.9483891129493713),
            ["LeftLowerArm"] = CFrame.new(2.9802322387695312e-08, 5.960464477539062e-07, 1.341104507446289e-07, 1, -5.960463766996327e-08, 2.9802322387695312e-08, 6.705522537231445e-08, 0.6926321983337402, -0.7212908267974854, 2.9802322387695312e-08, 0.7212910056114197, 0.6926323771476746),
            ["LowerTorso"] = CFrame.new(-0.00633026659488678, -0.010451197624206543, 0.19935470819473267, 0.9933289289474487, -0.09080106019973755, 0.07108353823423386, 0.09465591609477997, 0.99410480260849, -0.05287723243236542, -0.06586315482854843, 0.05925295129418373, 0.9960679411888123),
            ["Head"] = CFrame.new(-8.847564458847046e-09, 3.5762786865234375e-07, 2.7474015951156616e-08, 0.9725693464279175, -0.07971350848674774, 0.21852847933769226, 0.10547363758087158, 0.9884462356567383, -0.10885485261678696, -0.2073265016078949, 0.12891800701618195, 0.9697401523590088),
            ["RightUpperArm"] = CFrame.new(0, 8.344650268554688e-07, 2.60770320892334e-08, 0.8451390862464905, -0.4276221990585327, -0.32074788212776184, 0.5003891587257385, 0.8439388871192932, 0.1933336853981018, 0.18801790475845337, -0.3238926827907562, 0.927223265171051),
            ["UpperTorso"] = CFrame.new(-2.9802322387695312e-08, -1.4901161193847656e-07, -9.313225746154785e-10, 0.9938111305236816, 0.0912015289068222, 0.063417449593544, -0.1001153215765953, 0.9827300310134888, 0.15562336146831512, -0.04812917858362198, -0.1610092967748642, 0.9857786893844604),
            ["HumanoidRootPart"] = CFrame.new(0, 0, 0, 1, 0, 0, 0, 1, 0, 0, 0, 1),
            ["RightHand"] = CFrame.new(-2.2444874048233032e-07, 2.384185791015625e-07, 7.450580596923828e-08, 0.8862819075584412, -0.13777974247932434, 0.4421779215335846, 0.2714010775089264, 0.9281304478645325, -0.2547849714756012, -0.3752945065498352, 0.34581899642944336, 0.8599786758422852),
            ["LeftUpperArm"] = CFrame.new(-1.1920928955078125e-07, 0.0000010728836059570312, 7.450580596923828e-09, 0.8391881585121155, 0.16583865880966187, 0.5179387927055359, -0.22792594134807587, 0.9719440937042236, 0.05808952450752258, -0.49377429485321045, -0.16679979860782623, 0.8534430265426636),
            ["RightLowerArm"] = CFrame.new(1.1920928955078125e-07, 5.960464477539063e-08, -2.9802322387695312e-08, 1, -9.313225746154785e-08, 9.313226634333205e-09, 6.984919309616089e-08, 0.26052725315093994, -0.9654664993286133, 3.725290298461914e-08, 0.9654665589332581, 0.26052719354629517),
            ["LeftHand"] = CFrame.new(8.940696716308594e-08, 5.960464477539063e-08, -2.9802322387695312e-08, 0.8299236297607422, 0.24304769933223724, -0.5021499991416931, -0.3311192989349365, 0.9390188455581665, -0.09275638312101364, 0.44898414611816406, 0.24325218796730042, 0.8597916960716248),
            ["RightUpperLeg"] = CFrame.new(-1.1920928955078125e-07, -5.140900611877441e-07, -1.6952981241047382e-09, 0.9960812926292419, 0.011552813462913036, -0.08768447488546371, -0.062067996710538864, 0.7975911498069763, -0.5999966859817505, 0.06300465762615204, 0.6030879616737366, 0.7951827645301819),
            ["LeftUpperLeg"] = CFrame.new(5.960464477539063e-08, -4.7404319047927856e-07, 3.725290298461914e-09, 0.9921693205833435, 0.08142287284135818, -0.09471254050731659, -0.07888264954090118, 0.9964243173599243, 0.030267834663391113, 0.0968383327126503, -0.022559622302651405, 0.9950444102287292),
            ["RightLowerLeg"] = CFrame.new(-4.44706529378891e-08, 2.980232238769531e-07, -2.1530286176130176e-07, 1, -1.4435498485454445e-07, -1.2340028376911505e-07, 1.4994292030223733e-07, 0.19456809759140015, 0.9808889627456665, -1.2014059791454201e-07, -0.980889081954956, 0.19456838071346283),
            ["RightFoot"] = CFrame.new(-2.1187588572502136e-08, 2.980232238769531e-07, 1.4279066817834973e-07, 0.9996275305747986, 0.015440758317708969, 0.0225073155015707, -0.02018069103360176, 0.9733202457427979, 0.22856204211711884, -0.018377672880887985, -0.22893106937408447, 0.9732692241668701),
            ["LeftLowerLeg"] = CFrame.new(-3.166496753692627e-08, -1.1920928955078125e-07, 8.381903171539307e-09, 1, 2.8521760953026387e-08, 7.683413016934537e-09, -2.9453076422214508e-08, 0.9383082985877991, 0.34580010175704956, 5.791662260890007e-09, -0.34580013155937195, 0.9383082389831543),
        }},
        {Time = 0.267, Data = {
            ["LeftFoot"] = CFrame.new(3.632158041000366e-08, 0, 7.078051567077637e-08, 0.9972826838493347, -0.051216356456279755, 0.052954331040382385, 0.06586527079343796, 0.9418613314628601, -0.3294830620288849, -0.03300069645047188, 0.3320755660533905, 0.9426753520965576),
            ["LeftLowerArm"] = CFrame.new(2.384185791015625e-07, 2.384185791015625e-07, -5.960464477539063e-08, 1, -8.940695295223122e-08, -1.4901155864777138e-08, 7.450580596923828e-08, 0.6104838252067566, -0.7920284867286682, 7.82310962677002e-08, 0.7920286655426025, 0.6104840636253357),
            ["LowerTorso"] = CFrame.new(-0.009000569581985474, -0.007518768310546875, 0.18332788348197937, 0.9882878065109253, -0.11254490166902542, 0.10305789113044739, 0.11813396960496902, 0.9917472004890442, -0.04981923848390579, -0.09660046547651291, 0.06141037866473198, 0.9934269785881042),
            ["Head"] = CFrame.new(1.1874362826347351e-08, 0, 1.3969838619232178e-08, 0.9174098968505859, -0.07443653047084808, 0.3909198045730591, 0.12356013059616089, 0.9870792627334595, -0.10201701521873474, -0.37827515602111816, 0.14189359545707703, 0.9147536754608154),
            ["RightUpperArm"] = CFrame.new(-1.1920928955078125e-07, -5.960464477539062e-07, -7.450580596923828e-09, 0.922022819519043, -0.3162950873374939, -0.22322940826416016, 0.35921910405158997, 0.9139792919158936, 0.18868887424468994, 0.14434562623500824, -0.2541637122631073, 0.9563289880752563),
            ["UpperTorso"] = CFrame.new(-1.862645149230957e-08, 2.086162567138672e-07, 7.916241884231567e-09, 0.9922661185264587, 0.11446443200111389, 0.04801914095878601, -0.1203630343079567, 0.9818162322044373, 0.1467982828617096, -0.03034277819097042, -0.15144267678260803, 0.988000214099884),
            ["HumanoidRootPart"] = CFrame.new(0, 0, 0, 1, 0, 0, 0, 1, 0, 0, 0, 1),
            ["RightHand"] = CFrame.new(-2.2351741790771484e-07, 0, -1.7881393432617188e-07, 0.8628582954406738, -0.14093337953090668, 0.48540064692497253, 0.2565499246120453, 0.9495555758476257, -0.1803504377603531, -0.43549707531929016, 0.28014636039733887, 0.8554881811141968),
            ["LeftUpperArm"] = CFrame.new(2.384185791015625e-07, -4.76837158203125e-07, 2.9802322387695312e-08, 0.7246454358100891, 0.2546136975288391, 0.6403598785400391, -0.30838122963905334, 0.9508181214332581, -0.02908412739634514, -0.6162711381912231, -0.17639930546283722, 0.767524242401123),
            ["RightLowerArm"] = CFrame.new(1.1920928955078125e-07, -1.1920928955078125e-07, -4.470348358154297e-08, 1, -9.033828973770142e-08, 1.7695127141337252e-08, 6.286428089197216e-08, 0.2448791265487671, -0.9695535898208618, 4.0978196835794733e-08, 0.9695537090301514, 0.2448791265487671),
            ["LeftHand"] = CFrame.new(-1.4901161193847656e-07, 1.1920928955078125e-07, -2.384185791015625e-07, 0.8092117309570312, 0.23968622088432312, -0.53640216588974, -0.325429767370224, 0.9430036544799805, -0.0695684477686882, 0.48915430903434753, 0.23085671663284302, 0.8410903811454773),
            ["RightUpperLeg"] = CFrame.new(0, 4.0046870708465576e-08, 2.0656443666666746e-08, 0.9910186529159546, 0.010137610137462616, -0.13333968818187714, -0.09283170849084854, 0.7698644995689392, -0.6314200162887573, 0.09625239670276642, 0.6381269693374634, 0.7638909220695496),
            ["LeftUpperLeg"] = CFrame.new(2.9802322387695312e-08, 2.1792948246002197e-07, 2.60770320892334e-08, 0.9863430261611938, 0.09921039640903473, -0.1314721256494522, -0.09665890038013458, 0.9949866533279419, 0.02566496655344963, 0.13335922360420227, -0.01260647363960743, 0.9909876585006714),
