return {
    ["Poker Face"] = {
        {Time = 0.000, Data = {
            ["LeftFoot"] = CFrame.new(-6.290868981295716e-08, 5.960464477539063e-08, -1.1496240404085256e-08, 0.999964714050293, -0.008140687830746174, -0.0020753517746925354, 0.00731428200379014, 0.9651466608047485, -0.2616080641746521, 0.0041326917707920074, 0.2615832984447479, 0.9651719927787781),
            ["LeftLowerArm"] = CFrame.new(0, 0, -8.381903171539307e-09, 1, -3.725290653733282e-08, 0, 4.4703490686970326e-08, 0.8611268997192383, -0.5083902478218079, -4.190951941041021e-08, 0.5083901882171631, 0.8611268401145935),
            ["LowerTorso"] = CFrame.new(0, -0.09021115303039551, 0, 0.9991684556007385, 0.039787571877241135, 0.00891810655593872, -0.04028800129890442, 0.997032642364502, 0.06559544056653976, -0.006281761918216944, -0.06590018421411514, 0.9978064298629761),
            ["Head"] = CFrame.new(9.313225746154785e-10, 1.1920928955078125e-07, 5.587935447692871e-09, 0.9923884868621826, -0.09573319554328918, -0.07746148854494095, 0.08995340019464493, 0.9931216239929199, -0.0749531015753746, 0.08410416543483734, 0.06741465628147125, 0.9941739439964294),
            ["RightUpperArm"] = CFrame.new(1.1920928955078125e-07, 0, -7.450580596923828e-09, 0.9348845481872559, -0.24983268976211548, 0.25214001536369324, 0.18505585193634033, 0.9492301940917969, 0.2543940544128418, -0.3028948903083801, -0.19116906821727753, 0.9336535930633545),
            ["UpperTorso"] = CFrame.new(-7.043126970529556e-09, 2.384185791015625e-07, 1.890293788164854e-08, 0.992054283618927, 0.09839986264705658, 0.07839635014533997, -0.09878504276275635, 0.9951083064079285, 0.001040292321704328, -0.07791049033403397, -0.008776393719017506, 0.996921718120575),
            ["HumanoidRootPart"] = CFrame.new(0, 0, 0, 1, 0, 0, 0, 1, 0, 0, 0, 1),
            ["RightHand"] = CFrame.new(1.564621925354004e-07, 4.172325134277344e-07, -1.4901161193847656e-08, 0.9892072081565857, -0.0718277171254158, 0.12771044671535492, 0.07857535779476166, 0.9957228302955627, -0.04860065132379532, -0.12367329746484756, 0.05811101570725441, 0.9906200170516968),
            ["LeftUpperArm"] = CFrame.new(5.960464477539063e-08, 1.1920928955078125e-07, -3.725290298461914e-09, 0.8189539313316345, 0.23879069089889526, -0.5218174457550049, -0.45699042081832886, -0.2786131501197815, -0.8447096943855286, -0.34709396958351135, 0.9302439093589783, -0.11904630064964294),
            ["RightLowerArm"] = CFrame.new(5.960464477539063e-08, 2.384185791015625e-07, -5.960464477539063e-08, 1, -2.60770320892334e-08, 2.8638169169425964e-08, 9.313225746154785e-09, 0.9833019971847534, -0.1819813847541809, -1.5832483768463135e-08, 0.1819813847541809, 0.9833020567893982),
            ["LeftHand"] = CFrame.new(8.940696716308594e-08, -5.960464477539063e-08, -5.960464477539063e-08, 0.9006072282791138, -0.049209628254175186, -0.43183934688568115, 0.011067369021475315, 0.9958441853523254, -0.09039878845214844, 0.4344930648803711, 0.0766344964504242, 0.8974089622497559),
            ["RightUpperLeg"] = CFrame.new(5.960464477539063e-08, 6.923801265656948e-08, 9.480572771281004e-09, 0.9900473952293396, -0.1202632486820221, -0.07309553772211075, 0.08447602391242981, 0.9232441782951355, -0.3748120367527008, 0.11256115138530731, 0.36490678787231445, 0.9242148399353027),
            ["LeftUpperLeg"] = CFrame.new(-5.960464477539063e-08, 3.3207470551133156e-08, 1.0011717677116394e-08, 0.999178946018219, -0.02330515719950199, 0.03314163535833359, 0.033690445125103, 0.9322897791862488, -0.36013972759246826, -0.022504501044750214, 0.3609606623649597, 0.9323095679283142),
            ["RightLowerLeg"] = CFrame.new(-7.450580596923828e-08, -0.00012224912643432617, -0.00007743963942630216, 1, -9.965152969471092e-08, -3.91155481338501e-08, 9.313225746154785e-08, 0.7646249532699585, 0.6444752812385559, -2.60770320892334e-08, -0.644475519657135, 0.7646252512931824),
            ["RightFoot"] = CFrame.new(4.0046870708465576e-08, 2.980232238769531e-07, 1.6596459317952394e-08, 0.9985745549201965, 0.05172194540500641, 0.013184580951929092, -0.04298701137304306, 0.9257194995880127, -0.37576019763946533, -0.03164026513695717, 0.3746577501296997, 0.9266231656074524),
            ["LeftLowerLeg"] = CFrame.new(1.0710209608078003e-08, 0.0001227259635925293, 0.0000774012878537178, 1, 4.749745841081676e-08, 9.313223969797946e-09, -4.284083843231201e-08, 0.8426613807678223, 0.5384439826011658, 1.4202669262886047e-08, -0.5384440422058105, 0.8426613211631775),
        }},
        {Time = 0.033, Data = {
            ["LeftFoot"] = CFrame.new(-3.469989806603735e-08, 0, 2.174034463564567e-08, 0.9999639391899109, -0.00823969580233097, -0.0021005887538194656, 0.0072995987720787525, 0.9585154056549072, -0.2849476635456085, 0.004361339379101992, 0.2849218547344208, 0.9585408568382263),
            ["LeftLowerArm"] = CFrame.new(1.1920928955078125e-07, 0, 4.293397068977356e-07, 1, -1.0430811414607888e-07, 4.470347647611561e-08, 2.980232594040899e-08, 0.8519496321678162, -0.5236236453056335, -3.9115551686563776e-08, 0.5236236453056335, 0.8519496321678162),
            ["LowerTorso"] = CFrame.new(-0.00026946159778162837, -0.10396778583526611, -0.006880820728838444, 0.9989181160926819, 0.04551743343472481, 0.009526006877422333, -0.046145953238010406, 0.9955719709396362, 0.0818965956568718, -0.0057561020366847515, -0.08224758505821228, 0.9965953230857849),
            ["Head"] = CFrame.new(8.381903171539307e-09, -1.1920928955078125e-07, -7.450580596923828e-09, 0.9921526312828064, -0.09511978924274445, -0.08115147054195404, 0.09010002017021179, 0.9939106702804565, -0.06343209743499756, 0.08669094741344452, 0.055622562766075134, 0.9946812391281128),
            ["RightUpperArm"] = CFrame.new(1.1920928955078125e-07, 0, 0, 0.9416971206665039, -0.24049480259418488, 0.23530571162700653, 0.1805897057056427, 0.9513570666313171, 0.24961400032043457, -0.28389060497283936, -0.19256702065467834, 0.9393210411071777),
            ["UpperTorso"] = CFrame.new(1.3096723705530167e-10, 8.940696716308594e-08, 1.2470991350710392e-08, 0.9929335713386536, 0.08694639056921005, 0.08076667785644531, -0.08509363979101181, 0.9960308074951172, -0.02611161395907402, -0.08271639794111252, 0.01905437931418419, 0.9963909387588501),
            ["HumanoidRootPart"] = CFrame.new(0, 0, 0, 1, 0, 0, 0, 1, 0, 0, 0, 1),
            ["RightHand"] = CFrame.new(-6.332993507385254e-08, -5.960464477539063e-08, 5.960464477539063e-08, 0.9908416867256165, -0.06902963668107986, 0.11605057865381241, 0.07501827925443649, 0.9960238933563232, -0.0480484738945961, -0.11227238923311234, 0.05631435289978981, 0.9920804500579834),
            ["LeftUpperArm"] = CFrame.new(0, -1.1920928955078125e-07, 3.725290298461914e-09, 0.8229147791862488, 0.26633375883102417, -0.5018742084503174, -0.4365566074848175, -0.26894453167915344, -0.8585377931594849, -0.3636338710784912, 0.9255998730659485, -0.10504864156246185),
            ["RightLowerArm"] = CFrame.new(1.7881393432617188e-07, -5.960464477539063e-08, -7.450580596923828e-08, 1, -2.421439049271612e-08, 8.149072527885437e-09, 1.862645149230957e-08, 0.9859110713005066, -0.16727077960968018, -1.3969838619232178e-08, 0.16727080941200256, 0.9859110116958618),
            ["LeftHand"] = CFrame.new(-2.384185791015625e-07, -3.5762786865234375e-07, 1.7881393432617188e-07, 0.8969447612762451, -0.03801644966006279, -0.4405054450035095, -0.004401538986712694, 0.9954795837402344, -0.09487402439117432, 0.44212090969085693, 0.0870356485247612, 0.8927227258682251),
            ["RightUpperLeg"] = CFrame.new(-2.9802322387695312e-08, 2.3888424038887024e-07, 8.549250196665525e-09, 0.989398181438446, -0.12848630547523499, -0.06769529730081558, 0.08961617946624756, 0.9069446325302124, -0.4116072952747345, 0.11428176611661911, 0.401176780462265, 0.9088437557220459),
            ["LeftUpperLeg"] = CFrame.new(-1.1920928955078125e-07, 3.990135155618191e-07, 1.6298145055770874e-08, 0.9989634156227112, -0.027979819104075432, 0.035907745361328125, 0.03983867168426514, 0.919009268283844, -0.3922179043292999, -0.02202536351978779, 0.39324188232421875, 0.9191712737083435),
            ["RightLowerLeg"] = CFrame.new(-1.30385160446167e-08, -0.0001227855682373047, -0.00007743963942630216, 1, -9.732323036359958e-08, -3.725290298461914e-08, 1.043081283569336e-07, 0.7298513054847717, 0.6836055517196655, -4.284083843231201e-08, -0.683605968952179, 0.7298516631126404),
            ["RightFoot"] = CFrame.new(3.5390257835388184e-08, 2.980232238769531e-07, 3.894820110872388e-08, 0.998507559299469, 0.052922025322914124, 0.013490494340658188, -0.04302799329161644, 0.9144244194030762, -0.4024631083011627, -0.03363519534468651, 0.4012819826602936, 0.9153368473052979),
            ["LeftLowerLeg"] = CFrame.new(1.2386590242385864e-07, 0.0001227855682373047, 0.00007740035653114319, 1, 4.4121410525121973e-08, 8.614731150657917e-09, -5.4016702222270396e-08, 0.8188655376434326, 0.5739854574203491, 1.1874361049990512e-08, -0.5739855766296387, 0.8188654780387878),
        }},
        {Time = 0.067, Data = {
            ["LeftFoot"] = CFrame.new(6.077890901678984e-08, 0, -1.0873932865251845e-08, 0.9999602437019348, -0.008645139634609222, -0.002203939715400338, 0.007420524023473263, 0.9430757761001587, -0.3324953019618988, 0.004952960181981325, 0.3324657678604126, 0.9431024193763733),
            ["LeftLowerArm"] = CFrame.new(0, 0, -5.280598998069763e-07, 1, -2.2719177650287747e-08, 8.940696716308594e-08, 2.9802322387695312e-08, 0.8245975375175476, -0.5657199621200562, -7.683411240577698e-09, 0.5657199621200562, 0.8245975375175476),
            ["LowerTorso"] = CFrame.new(-0.000718564260751009, -0.13354229927062988, -0.025119978934526443, 0.9982472062110901, 0.05810023471713066, 0.011264117434620857, -0.05902408808469772, 0.9912810921669006, 0.11780469119548798, -0.004321426618844271, -0.11826305836439133, 0.9929729104042053),
            ["Head"] = CFrame.new(1.210719347000122e-08, -4.76837158203125e-07, 2.7939677238464355e-09, 0.9916855692863464, -0.09351807087659836, -0.08839790523052216, 0.09067137539386749, 0.9952409863471985, -0.03569663316011429, 0.09131548553705215, 0.027384672313928604, 0.9954454898834229),
            ["RightUpperArm"] = CFrame.new(0, -3.5762786865234375e-07, 4.6566128730773926e-09, 0.9572025537490845, -0.21713528037071228, 0.19135209918022156, 0.16966769099235535, 0.9566294550895691, 0.2367972880601883, -0.23447008430957794, -0.1941966861486435, 0.9525290131568909),
            ["UpperTorso"] = CFrame.new(1.1175870895385742e-08, 0, -1.4493707567453384e-08, 0.9944151043891907, 0.06096526235342026, 0.08615141361951828, -0.05336984246969223, 0.9947009682655334, -0.08787360787391663, -0.09105212986469269, 0.08278493583202362, 0.992399275302887),
            ["HumanoidRootPart"] = CFrame.new(0, 0, 0, 1, 0, 0, 0, 1, 0, 0, 0, 1),
            ["RightHand"] = CFrame.new(1.043081283569336e-07, -2.980232238769531e-07, -1.4901161193847656e-08, 0.9942271709442139, -0.061478663235902786, 0.08793643116950989, 0.06577285379171371, 0.9967367053031921, -0.04679606109857559, -0.08477254956960678, 0.05230972543358803, 0.9950262904167175),
            ["LeftUpperArm"] = CFrame.new(0, -1.1920928955078125e-07, 1.955777406692505e-08, 0.8297097682952881, 0.3319535255432129, -0.448763370513916, -0.3822392225265503, -0.24800023436546326, -0.8901624083518982, -0.4067859351634979, 0.9101114273071289, -0.07888256758451462),
            ["RightLowerArm"] = CFrame.new(5.960464477539063e-08, 3.5762786865234375e-07, 7.450580596923828e-08, 1, -7.450580596923828e-09, -1.5366822481155396e-08, 1.1175870895385742e-08, 0.9912712574005127, -0.13183850049972534, -2.514570951461792e-08, 0.13183850049972534, 0.9912712574005127),
            ["LeftHand"] = CFrame.new(-8.940696716308594e-08, -2.384185791015625e-07, -1.7881393432617188e-07, 0.8888425827026367, -0.01278216578066349, -0.4580343961715698, -0.0412696972489357, 0.9933149814605713, -0.10780609399080276, 0.4563504457473755, 0.11472546309232712, 0.8823731541633606),
            ["RightUpperLeg"] = CFrame.new(5.960464477539063e-08, -1.6996636986732483e-08, -1.892476575449109e-08, 0.9877950549125671, -0.14546746015548706, -0.05567837134003639, 0.10099039226770401, 0.8702903985977173, -0.482074499130249, 0.11858249455690384, 0.4705677330493927, 0.8743592500686646),
            ["LeftUpperLeg"] = CFrame.new(-5.960464477539063e-08, 2.223532646894455e-07, -8.381903171539307e-09, 0.9983721971511841, -0.03797795623540878, 0.042551469057798386, 0.053175944834947586, 0.8895695805549622, -0.45369401574134827, -0.020622115582227707, 0.4552181661128998, 0.8901411294937134),
            ["RightLowerLeg"] = CFrame.new(2.60770320892334e-08, -0.00012242794036865234, -0.00007748434290988371, 1, -1.2060624499099504e-07, -5.960464477539063e-08, 1.1175868053214799e-07, 0.6567551493644714, 0.7541036605834961, -5.215404996761208e-08, -0.75410395860672, 0.6567555069923401),
            ["RightFoot"] = CFrame.new(7.450580596923828e-09, 1.7881393432617188e-07, -1.3205863069742918e-08, 0.9983421564102173, 0.05577588453888893, 0.014217963442206383, -0.04316151514649391, 0.8888413906097412, -0.45617762207984924, -0.03808123245835304, 0.4548078775405884, 0.8897752165794373),
            ["LeftLowerLeg"] = CFrame.new(6.05359673500061e-08, 0.0001226663589477539, 0.0000774795189499855, 1, 5.355104093496266e-08, 1.4435499906539917e-08, -5.867331509534779e-08, 0.7688682675361633, 0.639407217502594, 2.1653248083453036e-08, -0.6394072771072388, 0.7688683271408081),
        }},
        {Time = 0.100, Data = {
            ["LeftFoot"] = CFrame.new(-6.7625016697547835e-09, 5.960464477539063e-08, 2.7274040803604294e-09, 0.9999521374702454, -0.009483263827860355, -0.0024175981525331736, 0.007869774475693703, 0.9260262250900269, -0.3773772418498993, 0.005817525088787079, 0.37734028697013855, 0.9260565042495728),
            ["LeftLowerArm"] = CFrame.new(-1.1920928955078125e-07, -1.1920928955078125e-07, -5.187466740608215e-07, 1, -5.587935447692871e-08, 5.960463766996327e-08, 8.195638656616211e-08, 0.7777917385101318, -0.6285220980644226, 6.426125764846802e-08, 0.6285221576690674, 0.7777917385101318),
            ["LowerTorso"] = CFrame.new(-0.0008083847351372242, -0.1613914966583252, -0.05111251026391983, 0.9974085688591003, 0.07064136117696762, 0.01363462395966053, -0.07189928740262985, 0.9854750633239746, 0.15384843945503235, -0.0025685192085802555, -0.1544300615787506, 0.9880003929138184),
            ["Head"] = CFrame.new(-4.377216100692749e-08, 1.1920928955078125e-07, 1.1175870895385742e-08, 0.9913977980613708, -0.09148889034986496, -0.09359628707170486, 0.09169211238622665, 0.995785117149353, -0.002135785762220621, 0.09339720755815506, -0.006464628968387842, 0.9956079125404358),
            ["RightUpperArm"] = CFrame.new(0, 0, -7.450580596923828e-09, 0.9737038016319275, -0.18698428571224213, 0.13014565408229828, 0.15583936870098114, 0.9633837342262268, 0.21818792819976807, -0.1661779284477234, -0.19216862320899963, 0.9671897888183594),
            ["UpperTorso"] = CFrame.new(-4.423782229423523e-09, 0, -1.9615981727838516e-08, 0.9952986240386963, 0.03300056234002113, 0.0910581573843956, -0.018594354391098022, 0.9877802133560181, -0.15474039316177368, -0.09505195915699005, 0.15231971442699432, 0.9837499856948853),
            ["HumanoidRootPart"] = CFrame.new(0, 0, 0, 1, 0, 0, 0, 1, 0, 0, 0, 1),
            ["RightHand"] = CFrame.new(2.9802322387695312e-08, 0, 1.4901161193847656e-08, 0.9972779154777527, -0.050497666001319885, 0.05372986942529678, 0.052961427718400955, 0.9975611567497253, -0.04546341300010681, -0.05130305886268616, 0.048185259103775024, 0.9975200295448303),
            ["LeftUpperArm"] = CFrame.new(0, 0, 1.862645149230957e-09, 0.8312934637069702, 0.4107251465320587, -0.3745077848434448, -0.30397653579711914, -0.22815582156181335, -0.9249558448791504, -0.4653487205505371, 0.8827512860298157, -0.06481363624334335),
            ["RightLowerArm"] = CFrame.new(0, 0, 0, 1, -7.450581485102248e-09, -9.313225746154785e-10, 3.725290298461914e-09, 0.9960408210754395, -0.08889789879322052, -1.210719347000122e-08, 0.08889789879322052, 0.9960408210754395),
            ["LeftHand"] = CFrame.new(2.9802322387695312e-08, 0, 8.940696716308594e-08, 0.8815172910690308, 0.014230974018573761, -0.47193729877471924, -0.08503033965826035, 0.9879880547523499, -0.12903331220149994, 0.46443212032318115, 0.15387408435344696, 0.8721385598182678),
            ["RightUpperLeg"] = CFrame.new(-1.1920928955078125e-07, 2.682209014892578e-07, 9.014911483973265e-09, 0.9859132766723633, -0.1612851768732071, -0.04429776594042778, 0.11252771317958832, 0.8355614542961121, -0.537749707698822, 0.12374456971883774, 0.5251896381378174, 0.8419400453567505),
            ["LeftUpperLeg"] = CFrame.new(2.9802322387695312e-08, -4.842877388000488e-08, 2.0489096641540527e-08, 0.9976375102996826, -0.04766041412949562, 0.04947763681411743, 0.06609082221984863, 0.8624060750007629, -0.5018842220306396, -0.018749812617897987, 0.5039684772491455, 0.863518476486206),
            ["RightLowerLeg"] = CFrame.new(-6.705522537231445e-08, -0.00012218952178955078, -0.00007739121065242216, 1, -1.2223605949657212e-07, -5.960464477539063e-08, 1.1920930376163597e-07, 0.5907115340232849, 0.8068826794624329, -6.33299421792799e-08, -0.8068828582763672, 0.5907118320465088),
            ["RightFoot"] = CFrame.new(2.9802322387695312e-08, 5.364418029785156e-07, 1.6596459317952394e-08, 0.9981419444084167, 0.05904488265514374, 0.015051265247166157, -0.04333295673131943, 0.8614981174468994, -0.5059081315994263, -0.042837899178266525, 0.5043160915374756, 0.8624560832977295),
            ["LeftLowerLeg"] = CFrame.new(5.029141902923584e-08, 0.00012308359146118164, 0.00007743295282125473, 1, 5.844047734626656e-08, 2.1420419216156006e-08, -6.05359673500061e-08, 0.7242057919502258, 0.6895840167999268, 2.2817403078079224e-08, -0.6895838975906372, 0.724205732345581),
        }},
        {Time = 0.133, Data = {
            ["LeftFoot"] = CFrame.new(1.0917561610312987e-07, 0, 3.2229330315658444e-08, 0.999938428401947, -0.010759171098470688, -0.002742839977145195, 0.008760304190218449, 0.9162598848342896, -0.40048858523368835, 0.006822128780186176, 0.4004400074481964, 0.9162976145744324),
            ["LeftLowerArm"] = CFrame.new(-5.960464477539063e-08, 5.960464477539063e-08, -1.1920928955078125e-07, 1, -3.725290298461914e-08, 1.4901162970204496e-08, 1.0430814256778831e-07, 0.7087059020996094, -0.7055040001869202, 4.842878098543224e-08, 0.7055040597915649, 0.7087060213088989),
            ["LowerTorso"] = CFrame.new(0, -0.16997218132019043, -0.08125345408916473, 0.9969605803489685, 0.07639253884553909, 0.015288176946341991, -0.07788261026144028, 0.9822074174880981, 0.17088855803012848, -0.001961548812687397, -0.17155984044075012, 0.9851717352867126),
            ["Head"] = CFrame.new(-5.587935447692871e-09, -3.5762786865234375e-07, 1.6763806343078613e-08, 0.9917014837265015, -0.09004790335893631, -0.09175878763198853, 0.09283766895532608, 0.995326042175293, 0.026593849062919617, 0.08893518149852753, -0.034891825169324875, 0.9954261779785156),
            ["RightUpperArm"] = CFrame.new(0, -1.1920928955078125e-07, 2.2351741790771484e-08, 0.9855007529258728, -0.15780314803123474, 0.06234307587146759, 0.14299313724040985, 0.9702309370040894, 0.19546115398406982, -0.09133152663707733, -0.183712437748909, 0.9787278771400452),
            ["UpperTorso"] = CFrame.new(1.2543750926852226e-08, -1.7881393432617188e-07, 9.74978320300579e-09, 0.9958782196044922, 0.01515950821340084, 0.08942489326000214, 0.002883477136492729, 0.980143666267395, -0.19826792180538177, -0.0906548723578453, 0.19770856201648712, 0.9760599732398987),
            ["HumanoidRootPart"] = CFrame.new(0, 0, 0, 1, 0, 0, 0, 1, 0, 0, 0, 1),
            ["RightHand"] = CFrame.new(-1.0058283805847168e-07, -1.1920928955078125e-07, 7.450580596923828e-09, 0.9990069270133972, -0.037599463015794754, 0.023905368521809578, 0.038646209985017776, 0.9982416033744812, -0.044947512447834015, -0.022173352539539337, 0.04582672566175461, 0.9987033009529114),
            ["LeftUpperArm"] = CFrame.new(5.960464477539063e-08, -2.384185791015625e-07, 2.0489096641540527e-08, 0.8245659470558167, 0.4816615879535675, -0.29680538177490234, -0.2105376422405243, -0.2257009744644165, -0.9511745572090149, -0.5251334309577942, 0.8467946648597717, -0.08469739556312561),
            ["RightLowerArm"] = CFrame.new(5.960464477539063e-08, 5.960464477539063e-08, 0, 1, -5.587935447692871e-09, 6.05359673500061e-09, 7.450580596923828e-09, 0.9986468553543091, -0.052004508674144745, -4.6566128730773926e-09, 0.052004482597112656, 0.9986469149589539),
            ["LeftHand"] = CFrame.new(0, -3.5762786865234375e-07, -2.384185791015625e-07, 0.8822514414787292, 0.031943947076797485, -0.4696936011314392, -0.12059260904788971, 0.9797422885894775, -0.1598832607269287, 0.4550713300704956, 0.19769881665706635, 0.8682312369346619),
            ["RightUpperLeg"] = CFrame.new(0, -1.5366822481155396e-07, 1.786247594282031e-08, 0.984831690788269, -0.16824805736541748, -0.04241732880473137, 0.11825467646121979, 0.8297253847122192, -0.5455014109611511, 0.12697428464889526, 0.5322108864784241, 0.8370358943939209),
            ["LeftUpperLeg"] = CFrame.new(0, -2.8870999813079834e-07, -6.51925802230835e-09, 0.997304379940033, -0.052321482449769974, 0.05144362524151802, 0.07120665907859802, 0.859324038028717, -0.5064502954483032, -0.01770852692425251, 0.5087482929229736, 0.8607332706451416),
            ["RightLowerLeg"] = CFrame.new(-8.195638656616211e-08, -0.00012248754501342773, -0.00007723847375018522, 1, -1.2922099301704293e-07, -6.705525379402388e-08, 1.1920927533992653e-07, 0.5736163854598999, 0.8191240429878235, -6.891786341611805e-08, -0.8191241025924683, 0.5736165046691895),
            ["RightFoot"] = CFrame.new(-6.612390279769897e-08, 3.5762786865234375e-07, -1.3205863069742918e-08, 0.99800705909729, 0.06114795804023743, 0.01558736152946949, -0.0435495488345623, 0.8461712598800659, -0.5311281085014343, -0.04566701129078865, 0.5293912291526794, 0.8471482396125793),
            ["LeftLowerLeg"] = CFrame.new(9.313225746154785e-09, 0.00012248754501342773, 0.00007731281220912933, 1, 5.774198541530495e-08, 1.955777406692505e-08, -7.54371214384264e-08, 0.7149319052696228, 0.6991943717002869, 1.862644971595273e-08, -0.6991941332817078, 0.7149317264556885),
        }},
        {Time = 0.167, Data = {
            ["LeftFoot"] = CFrame.new(-3.851802787835368e-08, 1.7881393432617188e-07, 1.4135196124698268e-08, 0.999920666217804, -0.012209529988467693, -0.003112532664090395, 0.010043533518910408, 0.9215050935745239, -0.3882366418838501, 0.0076084015890955925, 0.3881743848323822, 0.9215545058250427),
            ["LeftLowerArm"] = CFrame.new(1.1920928955078125e-07, 1.7881393432617188e-07, 2.644956111907959e-07, 1, -6.705523247774181e-08, -7.450581485102248e-09, 7.450580596923828e-08, 0.6141296029090881, -0.7892052531242371, -7.450580596923828e-09, 0.7892052531242371, 0.6141296625137329),
            ["LowerTorso"] = CFrame.new(0.0017986451275646687, -0.1482071876525879, -0.11177951097488403, 0.9973534345626831, 0.07112903892993927, 0.015060782432556152, -0.0726112648844719, 0.9850221872329712, 0.15639348328113556, -0.003711085068061948, -0.15707315504550934, 0.9875800013542175),
            ["Head"] = CFrame.new(3.91155481338501e-08, -2.384185791015625e-07, -9.313225746154785e-10, 0.9926836490631104, -0.09008434414863586, -0.08039936423301697, 0.09367166459560394, 0.9947162866592407, 0.042014893144369125, 0.07618966698646545, -0.04923864081501961, 0.9958769083023071),
            ["RightUpperArm"] = CFrame.new(0, 0, 0, 0.9906851053237915, -0.13616521656513214, -0.0014299452304840088, 0.13442493975162506, 0.9762386083602905, 0.16996504366397858, -0.021747354418039322, -0.1685740351676941, 0.9854490756988525),
            ["UpperTorso"] = CFrame.new(1.3154931366443634e-08, -5.960464477539063e-08, 4.511093720793724e-09, 0.9969816207885742, 0.015296458266675472, 0.07611676305532455, 0.00016156771744135767, 0.9799883365631104, -0.199055016040802, -0.07763835787773132, 0.198466494679451, 0.9770278334617615),
            ["HumanoidRootPart"] = CFrame.new(0, 0, 0, 1, 0, 0, 0, 1, 0, 0, 0, 1),
            ["RightHand"] = CFrame.new(-8.102506399154663e-08, -2.384185791015625e-07, -2.9802322387695312e-08, 0.9996814131736755, -0.024295683950185776, 0.0068414462730288506, 0.024585211649537086, 0.998638391494751, -0.046010103076696396, -0.005714273080229759, 0.04616363346576691, 0.9989175200462341),
            ["LeftUpperArm"] = CFrame.new(5.960464477539063e-08, -3.5762786865234375e-07, 3.725290298461914e-09, 0.8134392499923706, 0.5324816703796387, -0.2340516299009323, -0.11013143509626389, -0.254114031791687, -0.9608835577964783, -0.5711284875869751, 0.8073967099189758, -0.1480633020401001),
            ["RightLowerArm"] = CFrame.new(5.960464477539063e-08, -1.7881393432617188e-07, -4.470348358154297e-08, 1, -1.8626449271863521e-09, 1.0244548320770264e-08, 9.313225746154785e-10, 0.9994801878929138, -0.0322384312748909, -1.3969838619232178e-09, 0.032238420099020004, 0.9994802474975586),
            ["LeftHand"] = CFrame.new(-1.1920928955078125e-07, -2.980232238769531e-07, 4.842877388000488e-08, 0.896938681602478, 0.03403518721461296, -0.4408431649208069, -0.1353149265050888, 0.9703250527381897, -0.2003978043794632, 0.4209405183792114, 0.23939715325832367, 0.8749275207519531),
            ["RightUpperLeg"] = CFrame.new(5.960464477539063e-08, 2.5331974029541016e-07, 2.7175701688975096e-08, 0.9853896498680115, -0.16106244921684265, -0.05537275969982147, 0.11454116553068161, 0.8673090934753418, -0.48441246151924133, 0.12604595720767975, 0.4709925055503845, 0.873085618019104),
            ["LeftUpperLeg"] = CFrame.new(5.960464477539063e-08, 3.110617399215698e-07, 2.8870999813079834e-08, 0.9977740049362183, -0.04897472262382507, 0.04526247829198837, 0.06408512592315674, 0.8919177055358887, -0.44763368368148804, -0.01844765618443489, 0.44953787326812744, 0.8930708169937134),
            ["RightLowerLeg"] = CFrame.new(-1.862645149230957e-08, -0.00012236833572387695, -0.00007742846355540678, 1, -1.1292283375041734e-07, -5.587936158235607e-08, 1.0803341865539551e-07, 0.6311963200569153, 0.7756226658821106, -4.470348358154297e-08, -0.775623083114624, 0.6311968564987183),
            ["RightFoot"] = CFrame.new(4.377216100692749e-08, 2.384185791015625e-07, 1.6596459317952394e-08, 0.9980174899101257, 0.060988087207078934, 0.015546627342700958, -0.04412814602255821, 0.8541867733001709, -0.5180901288986206, -0.044877078384160995, 0.516377329826355, 0.8551847338676453),
            ["LeftLowerLeg"] = CFrame.new(9.12696123123169e-08, 0.00012254714965820312, 0.00007736030966043472, 1, 5.413311754409733e-08, 1.303851249190302e-08, -6.798655505235729e-08, 0.759555995464325, 0.6504418849945068, 1.3969840395589017e-08, -0.6504418849945068, 0.759555995464325),
        }},
        {Time = 0.200, Data = {
            ["LeftFoot"] = CFrame.new(1.5763330196705283e-08, 0, -9.172936188406311e-09, 0.9999112486839294, -0.012908763252198696, -0.003290800377726555, 0.010953277349472046, 0.9372670650482178, -0.3484399914741516, 0.007582278922200203, 0.3483731150627136, 0.9373252987861633),
            ["LeftLowerArm"] = CFrame.new(0, -5.960464477539063e-08, 1.7881393432617188e-07, 1, -8.568168397005138e-08, 3.166496753692627e-08, 1.210719347000122e-07, 0.4959392249584198, -0.8683573007583618, 3.3527612686157227e-08, 0.8683573603630066, 0.495939165353775),
            ["LowerTorso"] = CFrame.new(0.0028921333141624928, -0.11088454723358154, -0.13829395174980164, 0.9980875253677368, 0.06020930036902428, 0.014012793079018593, -0.061479322612285614, 0.9904850721359253, 0.12312455475330353, -0.006466218736022711, -0.12375056743621826, 0.9922922849655151),
            ["Head"] = CFrame.new(-3.166496753692627e-08, -2.384185791015625e-07, 1.862645149230957e-08, 0.9937553405761719, -0.09099084883928299, -0.06458470225334167, 0.0939662978053093, 0.9945746660232544, 0.04462811350822449, 0.06017357110977173, -0.05041821673512459, 0.9969137907028198),
            ["RightUpperArm"] = CFrame.new(-5.960464477539063e-08, -2.384185791015625e-07, 1.4901161193847656e-08, 0.9910133481025696, -0.12261315435171127, -0.05346599966287613, 0.12919142842292786, 0.980964720249176, 0.14497581124305725, 0.034672319889068604, -0.15058034658432007, 0.9879896640777588),
            ["UpperTorso"] = CFrame.new(-6.984919309616089e-09, 1.1920928955078125e-07, -1.2951204553246498e-08, 0.9980255365371704, 0.026409950107336044, 0.05698821321129799, -0.016408752650022507, 0.9854261875152588, -0.1693105697631836, -0.060629166662693024, 0.1680411547422409, 0.983913779258728),
            ["HumanoidRootPart"] = CFrame.new(0, 0, 0, 1, 0, 0, 0, 1, 0, 0, 0, 1),
            ["RightHand"] = CFrame.new(9.511131793260574e-08, 1.7881393432617188e-07, -1.4901161193847656e-08, 0.9999308586120605, -0.01149252150207758, 0.002523239469155669, 0.011599362827837467, 0.9988056421279907, -0.047462910413742065, -0.0019747624173760414, 0.047488898038864136, 0.9988698959350586),
            ["LeftUpperArm"] = CFrame.new(0, 1.1920928955078125e-07, -7.450580596923828e-09, 0.8031064867973328, 0.5642215609550476, -0.19150464236736298, -0.017161857336759567, -0.299367219209671, -0.9539836645126343, -0.5955884456634521, 0.7694370150566101, -0.23074065148830414),
            ["RightLowerArm"] = CFrame.new(1.1920928955078125e-07, 1.7881393432617188e-07, -2.9802322387695312e-08, 1, -2.9103834897625802e-09, 1.6298147276216923e-09, 2.0954760149294316e-09, 0.9995413422584534, -0.030285082757472992, 4.656613428188905e-10, 0.030285082757472992, 0.9995412826538086),
            ["LeftHand"] = CFrame.new(-1.4901161193847656e-08, -1.7881393432617188e-07, -5.960464477539063e-08, 0.922032356262207, 0.02722739800810814, -0.3861542344093323, -0.12957771122455597, 0.9616883993148804, -0.24158889055252075, 0.3647821843624115, 0.27278977632522583, 0.8902357220649719),
            ["RightUpperLeg"] = CFrame.new(-1.1920928955078125e-07, 1.9744038581848145e-07, -3.5579432733356953e-09, 0.9866294264793396, -0.14500297605991364, -0.0744086280465126, 0.1067235916852951, 0.9198589324951172, -0.37745171785354614, 0.12317708879709244, 0.3644636869430542, 0.9230350255966187),
            ["LeftUpperLeg"] = CFrame.new(-5.960464477539063e-08, 1.8998980522155762e-07, 2.3283064365386963e-09, 0.9984893798828125, -0.04142409935593605, 0.036097534000873566, 0.05136772617697716, 0.9369487762451172, -0.3456711173057556, -0.019502419978380203, 0.3470032215118408, 0.9376611709594727),
            ["RightLowerLeg"] = CFrame.new(-5.21540641784668e-08, -0.00012242794036865234, -0.00007751787052256986, 1, -1.064035899389637e-07, -3.725289943190546e-08, 9.49948883999241e-08, 0.728591799736023, 0.6849478483200073, -3.6321576857289983e-08, -0.684948205947876, 0.7285920977592468),
            ["RightFoot"] = CFrame.new(2.3283064365386963e-08, 4.76837158203125e-07, -2.0656443666666746e-08, 0.998067319393158, 0.06021706014871597, 0.0153500372543931, -0.04565485566854477, 0.8781133890151978, -0.4762691557407379, -0.04215862229466438, 0.4746481478214264, 0.8791656494140625),
            ["LeftLowerLeg"] = CFrame.new(1.3969838619232178e-08, 0.00012248754501342773, 0.00007737893611192703, 1, 4.417961108060808e-08, 8.381904059717726e-09, -5.1222748709278676e-08, 0.8325549960136414, 0.5539424419403076, 2.1886082279820585e-08, -0.5539423823356628, 0.8325549960136414),
        }},
        {Time = 0.233, Data = {
            ["LeftFoot"] = CFrame.new(5.817841142174984e-08, 5.960464477539063e-08, -2.8914541871927213e-09, 0.9999209642410278, -0.012188879773020744, -0.003107276279479265, 0.010728714987635612, 0.955383837223053, -0.2951720654964447, 0.00656645093113184, 0.29511553049087524, 0.9554391503334045),
            ["LeftLowerArm"] = CFrame.new(-2.9802322387695312e-08, 0, 2.0116567611694336e-07, 1, -7.59027898311615e-08, 8.39791027829051e-08, 8.440110121910038e-08, 0.3641703128814697, -0.9313324093818665, 3.4924592995366766e-08, 0.9313323497772217, 0.3641703426837921),
            ["LowerTorso"] = CFrame.new(0.001838866388425231, -0.07640993595123291, -0.1554214358329773, 0.9986433982849121, 0.05035535991191864, 0.013262683525681496, -0.051348038017749786, 0.9946128726005554, 0.09004906564950943, -0.008656783029437065, -0.09060791879892349, 0.9958490133285522),
            ["Head"] = CFrame.new(-3.4924596548080444e-08, -1.1920928955078125e-07, 9.313225746154785e-10, 0.9944809079170227, -0.09168467670679092, -0.05100715160369873, 0.09362982958555222, 0.9949139356613159, 0.03714623674750328, 0.04734198376536369, -0.041717011481523514, 0.9980072975158691),
            ["RightUpperArm"] = CFrame.new(-5.960464477539063e-08, 0, 1.1175870895385742e-08, 0.9894939661026001, -0.11556241661310196, -0.086873859167099, 0.12588658928871155, 0.9841811060905457, 0.12466000765562057, 0.0710935890674591, -0.13428658246994019, 0.9883890748023987),
            ["UpperTorso"] = CFrame.new(6.752088665962219e-09, -3.2782554626464844e-07, -4.685716703534126e-09, 0.9984014630317688, 0.03900999203324318, 0.04090125486254692, -0.03342160955071449, 0.9910312294960022, -0.12938356399536133, -0.04558168724179268, 0.12780974805355072, 0.990750789642334),
            ["HumanoidRootPart"] = CFrame.new(0, 0, 0, 1, 0, 0, 0, 1, 0, 0, 0, 1),
            ["RightHand"] = CFrame.new(-1.682201400399208e-07, -3.5762786865234375e-07, 3.725290298461914e-09, 0.9999605417251587, 0.00011341591743985191, 0.008887024596333504, 0.0003090482787229121, 0.9988702535629272, -0.0475221648812294, -0.008882376365363598, 0.047523029148578644, 0.9988307356834412),
            ["LeftUpperArm"] = CFrame.new(-1.1920928955078125e-07, 0, 1.4901161193847656e-08, 0.798792839050293, 0.5775913596153259, -0.16827979683876038, 0.04922118037939072, -0.34152552485466003, -0.938582718372345, -0.5995892286300659, 0.741450309753418, -0.30123794078826904),
            ["RightLowerArm"] = CFrame.new(5.960464477539063e-08, 3.5762786865234375e-07, 0, 1, -3.958120942115784e-09, -6.984920419839113e-10, 1.6298145055770874e-09, 0.9990217685699463, -0.04422100633382797, 6.984919309616089e-10, 0.044221002608537674, 0.9990218281745911),
            ["LeftHand"] = CFrame.new(-1.1175870895385742e-07, -2.384185791015625e-07, 2.9802322387695312e-08, 0.950571596622467, 0.01979045942425728, -0.3098742365837097, -0.10845399647951126, 0.9562740325927734, -0.27162057161331177, 0.290949285030365, 0.29180192947387695, 0.911153256893158),
            ["RightUpperLeg"] = CFrame.new(5.960464477539063e-08, -3.9301812648773193e-07, 1.0986695997416973e-09, 0.9875438213348389, -0.12886980175971985, -0.09027706831693649, 0.10074775665998459, 0.9586055278778076, -0.2663184702396393, 0.12086047977209091, 0.2539058029651642, 0.9596481919288635),
            ["LeftUpperLeg"] = CFrame.new(2.9802322387695312e-08, -2.8777867555618286e-07, -1.1175870895385742e-08, 0.9989610314369202, -0.035250380635261536, 0.028886709362268448, 0.04110052064061165, 0.9706851840019226, -0.23681479692459106, -0.01969209313392639, 0.23775598406791687, 0.9711253643035889),
            ["RightLowerLeg"] = CFrame.new(1.6763806343078613e-08, -0.00012236833572387695, -0.00007740611181361601, 1, -8.381900329368364e-08, -2.2351745343485163e-08, 8.754432911928234e-08, 0.8190698027610779, 0.5736938118934631, -2.7008358216562556e-08, -0.5736939311027527, 0.8190699219703674),
            ["RightFoot"] = CFrame.new(-2.7008354663848877e-08, 2.384185791015625e-07, 3.149762051180005e-08, 0.9980568289756775, 0.06038011237978935, 0.015391639433801174, -0.04821417108178139, 0.904808759689331, -0.42307940125465393, -0.03947204723954201, 0.42151567339897156, 0.9059619307518005),
            ["LeftLowerLeg"] = CFrame.new(5.494803190231323e-08, 0.00012248754501342773, 0.00007741712033748627, 1, 4.2375166486863236e-08, 8.847566235203885e-09, -3.2596297216969106e-08, 0.9005569815635681, 0.43473803997039795, 1.3271350240984248e-08, -0.434737890958786, 0.9005569815635681),
        }},
        {Time = 0.267, Data = {
            ["LeftFoot"] = CFrame.new(-6.43631850039128e-08, 0, -1.816488293115981e-09, 0.9999376535415649, -0.010824269615113735, -0.0027594345156103373, 0.009865845553576946, 0.9716345071792603, -0.23628181219100952, 0.005238745827227831, 0.23624016344547272, 0.9716807007789612),
            ["LeftLowerArm"] = CFrame.new(1.4901161193847656e-07, 0, -1.1175870895385742e-07, 1, -6.519258732851085e-08, 8.894131298120556e-08, 1.5366822481155396e-08, 0.2368481159210205, -0.9715467095375061, 9.033828973770142e-08, 0.9715467095375061, 0.2368481457233429),
            ["LowerTorso"] = CFrame.new(0, -0.051796913146972656, -0.15450526773929596, 0.9989492297172546, 0.043992191553115845, 0.01285151019692421, -0.044835589826107025, 0.9961696267127991, 0.07507230341434479, -0.009499688632786274, -0.07556962221860886, 0.9970952868461609),
            ["Head"] = CFrame.new(-1.4901161193847656e-08, 3.5762786865234375e-07, 2.7939677238464355e-09, 0.9947474002838135, -0.09128252416849136, -0.046314895153045654, 0.09238150715827942, 0.9954769611358643, 0.022166075184941292, 0.04408203065395355, -0.026328284293413162, 0.9986809492111206),
            ["RightUpperArm"] = CFrame.new(0, 1.1920928955078125e-07, 0, 0.9890508651733398, -0.11297842860221863, -0.09494377672672272, 0.12350264936685562, 0.9858370423316956, 0.11345751583576202, 0.08078083395957947, -0.12394104897975922, 0.9889960289001465),
            ["UpperTorso"] = CFrame.new(-6.984919309616089e-10, 5.960464477539063e-08, -6.155460141599178e-09, 0.9982267022132874, 0.0476156547665596, 0.035724740475416183, -0.04384570196270943, 0.9940444231033325, -0.09976600110530853, -0.04026240482926369, 0.0980226993560791, 0.9943694472312927),
            ["HumanoidRootPart"] = CFrame.new(0, 0, 0, 1, 0, 0, 0, 1, 0, 0, 0, 1),
            ["RightHand"] = CFrame.new(-4.936009645462036e-08, 5.960464477539063e-08, 1.1175870895385742e-08, 0.999666154384613, 0.009778894484043121, 0.02391650900244713, -0.00871236715465784, 0.9989804625511169, -0.04429839178919792, -0.024325305595993996, 0.04407522827386856, 0.9987320899963379),
            ["LeftUpperArm"] = CFrame.new(0, 2.384185791015625e-07, 1.4901161193847656e-08, 0.8043954968452454, 0.5715125799179077, -0.16223852336406708, 0.06966982781887054, -0.36194780468940735, -0.9295912981033325, -0.5899949669837952, 0.7364559173583984, -0.3309663236141205),
            ["RightLowerArm"] = CFrame.new(-8.940696716308594e-08, 2.980232238769531e-07, 2.2351741790771484e-08, 1, -4.889443960820472e-09, 4.074536708031928e-09, 6.05359762317903e-09, 0.9973921775817871, -0.07217296957969666, -3.725290742551124e-09, 0.07217299193143845, 0.9973921775817871),
            ["LeftHand"] = CFrame.new(6.705522537231445e-08, 2.384185791015625e-07, 2.9802322387695312e-08, 0.9759273529052734, 0.017706984654068947, -0.21737627685070038, -0.07949114590883255, 0.9570173621177673, -0.278924822807312, 0.20309384167194366, 0.2894898056983948, 0.9353868961334229),
            ["RightUpperLeg"] = CFrame.new(-2.9802322387695312e-08, 9.313225746154785e-09, -1.7062120605260134e-08, 0.9881591796875, -0.11696542054414749, -0.09930124878883362, 0.09603214263916016, 0.976236879825592, -0.19426678121089935, 0.1196640357375145, 0.1824301928281784, 0.9759097099304199),
            ["LeftUpperLeg"] = CFrame.new(8.940696716308594e-08, -2.1420419216156006e-08, 4.190951585769653e-09, 0.999176561832428, -0.032025840133428574, 0.024912863969802856, 0.03557545319199562, 0.9867421984672546, -0.15834833681583405, -0.019511345773935318, 0.15910416841506958, 0.9870689511299133),
            ["RightLowerLeg"] = CFrame.new(-1.6205012798309326e-07, -0.00012236833572387695, -0.00007742101297480986, 1, -7.078050145992165e-08, -1.1175873559921001e-08, 7.916244015859775e-08, 0.8798325061798096, 0.47528377175331116, -1.9092118108687828e-08, -0.47528380155563354, 0.8798325657844543),
