return {
    ["POKÉDANCE"] = {
        {Time = 0.000, Data = {
            ["LeftFoot"] = CFrame.new(-6.619843162525285e-08, 1.1920928955078125e-07, -1.4380909796329888e-08, 0.9180741310119629, -0.3952912390232086, -0.02974836342036724, 0.37911659479141235, 0.8974723815917969, -0.22541916370391846, 0.11580461263656616, 0.19567345082759857, 0.973807692527771),
            ["LeftLowerArm"] = CFrame.new(0.000020772218704223633, 2.384185791015625e-07, 2.2351741790771484e-08, 1, 0.00002990010762005113, -0.000024909619241952896, -0.00002745167148532346, 0.08961207419633865, -0.9959767460823059, -0.000027544803742785007, 0.9959767460823059, 0.08961208909749985),
            ["RightUpperArm"] = CFrame.new(0, 2.384185791015625e-07, -5.960464477539063e-08, 0.3718124032020569, -0.17328223586082458, -0.9119916558265686, -0.05088447779417038, 0.9771423935890198, -0.20640644431114197, 0.9269123077392578, 0.12315064668655396, 0.3544962406158447),
            ["Head"] = CFrame.new(0, 2.384185791015625e-07, -9.313225746154785e-09, 0.9962575435638428, -0.0638204887509346, 0.05829131230711937, 0.0723300501704216, 0.9847871661186218, -0.1579953134059906, -0.04732118546962738, 0.16162025928497314, 0.9857178330421448),
            ["LowerTorso"] = CFrame.new(0.09281381219625473, -0.15082240104675293, -1.9662302880235677e-20, 0.9872581362724304, -0.15912701189517975, -5.654877336790792e-14, 0.15912701189517975, 0.9872581362724304, 3.5084204963974075e-13, 2.6993431781469835e-21, 3.3710505093679813e-20, 1),
            ["UpperTorso"] = CFrame.new(-1.4901161193847656e-08, 0, 3.963237187830363e-27, 0.9458115696907043, 0.17432405054569244, -0.2739555239677429, -0.13587532937526703, 0.9787325263023376, 0.15368974208831787, 0.29492098093032837, -0.10813771188259125, 0.9493829011917114),
            ["HumanoidRootPart"] = CFrame.new(0, 0, 0, 1, 0, 0, 0, 1, 0, 0, 0, 1),
            ["LeftUpperLeg"] = CFrame.new(-2.7755575615628914e-15, -1.4156103134155273e-07, -1.1033703950502627e-09, 0.8177872896194458, 0.5753844976425171, -0.012517265975475311, -0.5370029211044312, 0.7550520300865173, -0.37619712948799133, -0.2070067822933197, 0.3143710196018219, 0.9264550805091858),
            ["LeftUpperArm"] = CFrame.new(-5.960464477539063e-08, 1.1920928955078125e-07, 2.9802322387695312e-08, 0.3593963384628296, -0.024243993684649467, -0.932870090007782, -0.32518771290779114, 0.9337495565414429, -0.14954827725887299, 0.8746926784515381, 0.35710498690605164, 0.3277024030685425),
            ["RightLowerArm"] = CFrame.new(-5.960464477539063e-08, 5.960464477539062e-07, 5.960464477539063e-08, 1, -9.42382243351858e-08, 1.4668336234535673e-07, 1.6670674085617065e-07, 0.16652123630046844, -0.9860379099845886, 6.891787052154541e-08, 0.9860379099845886, 0.16652119159698486),
            ["LeftHand"] = CFrame.new(1.2293457984924316e-07, -5.960464477539063e-08, 7.644625506630354e-20, 0.9994097948074341, 0.03336070850491524, 0.008191489614546299, -0.03187510371208191, 0.9895070791244507, -0.14092475175857544, -0.012806855142116547, 0.14058059453964233, 0.9899864196777344),
            ["RightFoot"] = CFrame.new(3.5433913581073284e-09, 4.76837158203125e-07, 8.443748811259866e-09, 0.9933151006698608, 0.11536481976509094, 0.00400801794603467, -0.11199568957090378, 0.9715558290481567, -0.20865359902381897, -0.02796533703804016, 0.20681023597717285, 0.9779815077781677),
            ["RightHand"] = CFrame.new(4.470348358154297e-08, 1.1920928955078125e-07, -3.3527612686157227e-08, 0.9997155666351318, -0.010664260014891624, 0.021332873031497, 0.01546513568609953, 0.9707872867584229, -0.2394430935382843, -0.018156196922063828, 0.239704892039299, 0.9706760048866272),
            ["RightLowerLeg"] = CFrame.new(1.3783574104309082e-07, -0.0000036954879760742188, -0.000013113800378050655, 1, -0.0000021345911136450013, -5.848703494848451e-07, 0.000002190470922869281, 0.8669238686561584, 0.4984402358531952, -5.58793601612706e-07, -0.4984407424926758, 0.8669240474700928),
            ["RightUpperLeg"] = CFrame.new(-5.960464477539063e-08, 4.470348358154297e-08, 0, 0.9562978148460388, -0.04173464700579643, -0.28940078616142273, -0.03728531301021576, 0.9642754197120667, -0.26226451992988586, 0.2900075614452362, 0.2615933418273926, 0.9205783605575562),
            ["LeftLowerLeg"] = CFrame.new(-5.4542461214168725e-08, 0.000003933906555175781, 0.000012972133845323697, 1, -0.000002272427309435443, -8.195636951313645e-07, 0.0000023469331154046813, 0.806907057762146, 0.5906782746315002, -7.376075927822967e-07, -0.5906785130500793, 0.8069071769714355),
        }},
        {Time = 0.043, Data = {
            ["LeftFoot"] = CFrame.new(3.182310592819704e-08, -5.960464477539063e-08, 3.7773460803691705e-08, 0.8848208785057068, -0.46390706300735474, -0.04338653013110161, 0.43500298261642456, 0.8558580279350281, -0.2797850966453552, 0.16692696511745453, 0.2286863923072815, 0.9590818285942078),
            ["LeftLowerArm"] = CFrame.new(0.0000209808349609375, -2.384185791015625e-07, 2.1979212760925293e-07, 1, 0.000033581629395484924, -0.0000196574237634195, -0.000027466565370559692, 0.25139978528022766, -0.9678833484649658, -0.000027554109692573547, 0.9678833484649658, 0.25139978528022766),
            ["RightUpperArm"] = CFrame.new(-1.1920928955078125e-07, -2.384185791015625e-07, 1.4901161193847656e-08, 0.3644862174987793, -0.2309778332710266, -0.9021080732345581, -0.047114282846450806, 0.9629347324371338, -0.26558807492256165, 0.9300161600112915, 0.13930536806583405, 0.34009411931037903),
            ["Head"] = CFrame.new(2.2351741790771484e-08, -2.384185791015625e-07, 1.862645149230957e-08, 0.9972407817840576, 0.03376169130206108, 0.06611364334821701, -0.019491208717226982, 0.9784321784973145, -0.20564714074134827, -0.07163074612617493, 0.20379112660884857, 0.9763904809951782),
            ["LowerTorso"] = CFrame.new(0.18562762439250946, -0.2320345640182495, -3.932459606694855e-20, 0.9813677668571472, -0.19213929772377014, -6.828034231770586e-14, 0.19213929772377014, 0.9813677668571472, 3.4874872629521436e-13, 3.947227123230271e-21, 4.070403929182863e-20, 1),
            ["UpperTorso"] = CFrame.new(-4.470348358154297e-08, -5.960464477539063e-08, -9.289626019882635e-27, 0.9336406588554382, 0.24861621856689453, -0.2578858733177185, -0.18705733120441437, 0.9523521065711975, 0.2409045398235321, 0.3054909408092499, -0.17667880654335022, 0.9356602430343628),
            ["HumanoidRootPart"] = CFrame.new(0, 0, 0, 1, 0, 0, 0, 1, 0, 0, 0, 1),
            ["LeftUpperLeg"] = CFrame.new(-1.1920928955078125e-07, -1.3783574104309082e-07, -1.0079945766960918e-09, 0.7512005567550659, 0.6521605253219604, -0.10190384835004807, -0.6244115829467773, 0.6520370841026306, -0.43006712198257446, -0.21402764320373535, 0.3866966664791107, 0.8970273733139038),
            ["LeftUpperArm"] = CFrame.new(5.960464477539063e-08, 0, 7.450580596923828e-08, 0.3767383396625519, -0.1347981095314026, -0.9164593815803528, -0.3159334063529968, 0.9113360047340393, -0.2639184594154358, 0.8707780838012695, 0.388968288898468, 0.30074796080589294),
            ["RightLowerArm"] = CFrame.new(1.1920928955078125e-07, -1.7881393432617188e-07, 1.5273690223693848e-07, 1, -1.0989607801548118e-07, 9.685756907629184e-08, 1.648440957069397e-07, 0.3838184177875519, -0.923408567905426, 5.21540641784668e-08, 0.9234086275100708, 0.38381847739219666),
            ["LeftHand"] = CFrame.new(7.264316082000732e-08, -1.1920928955078125e-07, -7.916241884231567e-09, 0.9998316764831543, 0.01832577772438526, 0.0009168693795800209, -0.018268225714564323, 0.998877763748169, -0.043699029833078384, -0.0017166782636195421, 0.04367504641413689, 0.9990444183349609),
            ["RightFoot"] = CFrame.new(-3.35621734848246e-08, 4.76837158203125e-07, 2.2144376998767257e-08, 0.9977260828018188, 0.067386195063591, 0.0013425605138763785, -0.06291957199573517, 0.9383637309074402, -0.33987411856651306, -0.02416277304291725, 0.3390173316001892, 0.9404700994491577),
            ["RightHand"] = CFrame.new(-5.960464477539063e-08, -2.384185791015625e-07, 2.7567148208618164e-07, 0.9998632669448853, 0.01298895850777626, 0.010235311463475227, -0.012352904304862022, 0.9981260895729065, -0.05993100255727768, -0.010994574055075645, 0.05979635566473007, 0.998150110244751),
            ["RightLowerLeg"] = CFrame.new(-3.725290298461914e-08, -0.000004112720489501953, -0.00001302439341088757, 1, -0.000003017484459633124, -0.0000012684613466262817, 0.000003118067525065271, 0.7084283232688904, 0.7057822346687317, -0.0000012051312978655915, -0.7057828307151794, 0.7084289193153381),
            ["RightUpperLeg"] = CFrame.new(5.960464477539063e-08, -1.4901161193847656e-07, 0, 0.950190007686615, -0.00380244804546237, -0.31164810061454773, -0.1173727959394455, 0.9219447374343872, -0.36910900473594666, 0.2887258529663086, 0.3873026967048645, 0.8755764365196228),
            ["LeftLowerLeg"] = CFrame.new(-5.4542461214168725e-08, 0.000003933906555175781, 0.00001295071342610754, 1, -0.0000029206275939941406, -0.0000012367967201498686, 0.0000029802322387695312, 0.7095211148262024, 0.7046842575073242, -0.0000011539086699485779, -0.7046841382980347, 0.7095211148262024),
        }},
        {Time = 0.087, Data = {
            ["LeftFoot"] = CFrame.new(3.182310592819704e-08, -5.960464477539063e-08, 3.7773460803691705e-08, 0.8848208785057068, -0.46390706300735474, -0.04338653013110161, 0.43500298261642456, 0.8558580279350281, -0.2797850966453552, 0.16692696511745453, 0.2286863923072815, 0.9590818285942078),
            ["LeftLowerArm"] = CFrame.new(0.0000209808349609375, -2.384185791015625e-07, 2.1979212760925293e-07, 1, 0.000033581629395484924, -0.0000196574237634195, -0.000027466565370559692, 0.25139978528022766, -0.9678833484649658, -0.000027554109692573547, 0.9678833484649658, 0.25139978528022766),
            ["RightUpperArm"] = CFrame.new(-1.1920928955078125e-07, -2.384185791015625e-07, 1.4901161193847656e-08, 0.3644862174987793, -0.2309778332710266, -0.9021080732345581, -0.047114282846450806, 0.9629347324371338, -0.26558807492256165, 0.9300161600112915, 0.13930536806583405, 0.34009411931037903),
            ["Head"] = CFrame.new(2.2351741790771484e-08, -2.384185791015625e-07, 1.862645149230957e-08, 0.9972407817840576, 0.03376169130206108, 0.06611364334821701, -0.019491208717226982, 0.9784321784973145, -0.20564714074134827, -0.07163074612617493, 0.20379112660884857, 0.9763904809951782),
            ["LowerTorso"] = CFrame.new(0.18562762439250946, -0.2320345640182495, -3.932459606694855e-20, 0.9813677668571472, -0.19213929772377014, -6.828034231770586e-14, 0.19213929772377014, 0.9813677668571472, 3.4874872629521436e-13, 3.947227123230271e-21, 4.070403929182863e-20, 1),
            ["UpperTorso"] = CFrame.new(-4.470348358154297e-08, -5.960464477539063e-08, -9.289626019882635e-27, 0.9336406588554382, 0.24861621856689453, -0.2578858733177185, -0.18705733120441437, 0.9523521065711975, 0.2409045398235321, 0.3054909408092499, -0.17667880654335022, 0.9356602430343628),
            ["HumanoidRootPart"] = CFrame.new(0, 0, 0, 1, 0, 0, 0, 1, 0, 0, 0, 1),
            ["LeftUpperLeg"] = CFrame.new(-1.1920928955078125e-07, -1.3783574104309082e-07, -1.0079945766960918e-09, 0.7512005567550659, 0.6521605253219604, -0.10190384835004807, -0.6244115829467773, 0.6520370841026306, -0.43006712198257446, -0.21402764320373535, 0.3866966664791107, 0.8970273733139038),
            ["LeftUpperArm"] = CFrame.new(5.960464477539063e-08, 0, 7.450580596923828e-08, 0.3767383396625519, -0.1347981095314026, -0.9164593815803528, -0.3159334063529968, 0.9113360047340393, -0.2639184594154358, 0.8707780838012695, 0.388968288898468, 0.30074796080589294),
            ["RightLowerArm"] = CFrame.new(1.1920928955078125e-07, -1.7881393432617188e-07, 1.5273690223693848e-07, 1, -1.0989607801548118e-07, 9.685756907629184e-08, 1.648440957069397e-07, 0.3838184177875519, -0.923408567905426, 5.21540641784668e-08, 0.9234086275100708, 0.38381847739219666),
            ["LeftHand"] = CFrame.new(7.264316082000732e-08, -1.1920928955078125e-07, -7.916241884231567e-09, 0.9998316764831543, 0.01832577772438526, 0.0009168693795800209, -0.018268225714564323, 0.998877763748169, -0.043699029833078384, -0.0017166782636195421, 0.04367504641413689, 0.9990444183349609),
            ["RightFoot"] = CFrame.new(-3.35621734848246e-08, 4.76837158203125e-07, 2.2144376998767257e-08, 0.9977260828018188, 0.067386195063591, 0.0013425605138763785, -0.06291957199573517, 0.9383637309074402, -0.33987411856651306, -0.02416277304291725, 0.3390173316001892, 0.9404700994491577),
            ["RightHand"] = CFrame.new(-5.960464477539063e-08, -2.384185791015625e-07, 2.7567148208618164e-07, 0.9998632669448853, 0.01298895850777626, 0.010235311463475227, -0.012352904304862022, 0.9981260895729065, -0.05993100255727768, -0.010994574055075645, 0.05979635566473007, 0.998150110244751),
            ["RightLowerLeg"] = CFrame.new(-3.725290298461914e-08, -0.000004112720489501953, -0.00001302439341088757, 1, -0.000003017484459633124, -0.0000012684613466262817, 0.000003118067525065271, 0.7084283232688904, 0.7057822346687317, -0.0000012051312978655915, -0.7057828307151794, 0.7084289193153381),
            ["RightUpperLeg"] = CFrame.new(5.960464477539063e-08, -1.4901161193847656e-07, 0, 0.950190007686615, -0.00380244804546237, -0.31164810061454773, -0.1173727959394455, 0.9219447374343872, -0.36910900473594666, 0.2887258529663086, 0.3873026967048645, 0.8755764365196228),
            ["LeftLowerLeg"] = CFrame.new(-5.4542461214168725e-08, 0.000003933906555175781, 0.00001295071342610754, 1, -0.0000029206275939941406, -0.0000012367967201498686, 0.0000029802322387695312, 0.7095211148262024, 0.7046842575073242, -0.0000011539086699485779, -0.7046841382980347, 0.7095211148262024),
        }},
        {Time = 0.130, Data = {
            ["LeftFoot"] = CFrame.new(9.305771442313926e-08, 1.1920928955078125e-07, -1.0655124782488201e-08, 0.8999423384666443, -0.43443208932876587, -0.03704798221588135, 0.4064706265926361, 0.8666826486587524, -0.28921055793762207, 0.15775133669376373, 0.24521404504776, 0.9565483331680298),
            ["LeftLowerArm"] = CFrame.new(0.0000209808349609375, 0, 1.043081283569336e-07, 1, 0.00003464147448539734, 0.000017877202481031418, -0.000027496371330926195, 0.9521161913871765, -0.3057365417480469, -0.000027619305910775438, 0.3057365119457245, 0.9521161317825317),
            ["RightUpperArm"] = CFrame.new(0, 2.384185791015625e-07, 1.4901161193847656e-08, 0.2854544520378113, -0.7205983400344849, -0.6318652629852295, -0.03734594210982323, 0.6504328846931458, -0.7586450576782227, 0.957664430141449, 0.24015623331069946, 0.1587575227022171),
            ["Head"] = CFrame.new(-7.450580596923828e-09, 1.1920928955078125e-07, 3.3527612686157227e-08, 0.9827660322189331, 0.172792449593544, 0.06567993015050888, -0.15955093502998352, 0.9723255634307861, -0.17066529393196106, -0.09335195273160934, 0.15724477171897888, 0.9831376075744629),
            ["LowerTorso"] = CFrame.new(0.1392207145690918, -0.2320345640182495, -2.9493454320353516e-20, 0.9893331527709961, -0.14567069709300995, -5.1766798042206935e-14, 0.14567069709300995, 0.9893331527709961, 3.5157941553724814e-13, 2.2597465638278082e-21, 3.0859830676494674e-20, 1),
            ["UpperTorso"] = CFrame.new(1.4901161193847656e-08, 8.940696716308594e-08, -4.468108167171811e-27, 0.947141170501709, 0.15748922526836395, -0.2795011103153229, -0.0979745015501976, 0.9715872406959534, 0.21545131504535675, 0.30549097061157227, -0.17667880654335022, 0.9356601238250732),
            ["HumanoidRootPart"] = CFrame.new(0, 0, 0, 1, 0, 0, 0, 1, 0, 0, 0, 1),
            ["LeftUpperLeg"] = CFrame.new(-3.3306690738754696e-15, 8.940696716308594e-08, -9.70753588624973e-10, 0.800127387046814, 0.5955352187156677, -0.07165303826332092, -0.5616055130958557, 0.7018131017684937, -0.4382439851760864, -0.21070261299610138, 0.3908917009830475, 0.8959956765174866),
            ["LeftUpperArm"] = CFrame.new(0, 0, -2.9802322387695312e-08, 0.45494964718818665, -0.7337759733200073, -0.5045728087425232, -0.21282054483890533, 0.46059873700141907, -0.8617169857025146, 0.8647127747535706, 0.4994213879108429, 0.05338665843009949),
            ["RightLowerArm"] = CFrame.new(0, 5.960464477539063e-08, 2.086162567138672e-07, 1, -1.0244551873483942e-07, 4.749745841081676e-08, 9.126959810146218e-08, 0.9282456636428833, -0.3719675838947296, 2.0489094865183688e-08, 0.3719678521156311, 0.9282458424568176),
            ["LeftHand"] = CFrame.new(1.043081283569336e-07, -5.960464477539063e-08, 9.499490261077881e-08, 0.9989542961120605, 0.024983029812574387, 0.038292594254016876, -0.014053928665816784, 0.9647491574287415, -0.26279547810554504, -0.04350818321108818, 0.26198258996009827, 0.964091420173645),
            ["RightFoot"] = CFrame.new(2.599699655547738e-08, 2.980232238769531e-07, -3.425157046876848e-08, 0.995603084564209, 0.09363610297441483, 0.0026237010024487972, -0.0865248367190361, 0.9300006031990051, -0.3572285771369934, -0.03588959947228432, 0.35543110966682434, 0.9340134263038635),
            ["RightHand"] = CFrame.new(1.1175870895385742e-08, 5.960464477539063e-08, 1.1175870895385742e-07, 0.9997881650924683, -0.020557278767228127, -0.001049365964718163, 0.019279038533568382, 0.9530476927757263, -0.302205890417099, 0.007212607190012932, 0.3021216094493866, 0.9532420635223389),
            ["RightLowerLeg"] = CFrame.new(2.9802322387695312e-08, -0.0000036954879760742188, -0.000012949887604918331, 1, -0.0000032037489745562198, -0.0000014193356037139893, 0.0000032633543014526367, 0.6671673655509949, 0.744907796382904, -0.0000014081597328186035, -0.7449079155921936, 0.6671674251556396),
            ["RightUpperLeg"] = CFrame.new(5.960464477539063e-08, 0, 0, 0.9561136364936829, -0.08143778145313263, -0.28145116567611694, -0.046137262135744095, 0.9067651033401489, -0.41910433769226074, 0.2893410325050354, 0.4136967062950134, 0.863213062286377),
            ["LeftLowerLeg"] = CFrame.new(-9.838977632625756e-09, 0.000003933906555175781, 0.000013004730135435238, 1, -0.000003077090241276892, -0.0000013411048485068022, 0.0000031590457183483522, 0.7037450671195984, 0.7104525566101074, -0.0000012465751524359803, -0.7104526162147522, 0.7037451267242432),
        }},
        {Time = 0.174, Data = {
            ["LeftFoot"] = CFrame.new(-5.222868892929e-08, 5.960464477539063e-08, 1.542145611210799e-08, 0.9579287767410278, -0.2866518795490265, -0.014252555556595325, 0.28235721588134766, 0.950151801109314, -0.13223527371883392, 0.05144764482975006, 0.12264780700206757, 0.991115927696228),
            ["LeftLowerArm"] = CFrame.new(0.00002086162567138672, -5.960464477539063e-08, -1.1920928955078125e-07, 1, 0.000033032145438482985, 0.00002072379174933303, -0.00002751499050646089, 0.9743169546127319, -0.22518101334571838, -0.0000276118480542209, 0.2251809686422348, 0.9743170142173767),
            ["RightUpperArm"] = CFrame.new(-5.960464477539063e-08, -2.384185791015625e-07, 0, 0.8462517261505127, -0.5210762619972229, -0.11107427626848221, 0.06668487191200256, 0.31043216586112976, -0.9482536911964417, 0.5285935401916504, 0.7950544357299805, 0.29745155572891235),
            ["Head"] = CFrame.new(1.0244548320770264e-08, 0, -7.450580596923828e-09, 0.9852744936943054, 0.12373249977827072, -0.11800239980220795, -0.12946395576000214, 0.9906865954399109, -0.04218032956123352, 0.11168432235717773, 0.05683627724647522, 0.9921170473098755),
            ["LowerTorso"] = CFrame.new(-0.06961038708686829, -0.10441553592681885, 1.4746706157544017e-20, 0.9999591112136841, -0.009043033234775066, -3.213411973646452e-15, 0.009043033234775066, 0.9999591112136841, 3.553555832837979e-13, 8.660689308255268e-24, 1.915735152543432e-21, 1),
            ["UpperTorso"] = CFrame.new(-3.725290298461914e-09, -1.1920928955078125e-07, 9.855830934605016e-29, 0.9917814135551453, -0.013486994430422783, -0.12723101675510406, 0.01899728924036026, 0.9989287853240967, 0.04219583794474602, 0.12652559578418732, -0.04426605626940727, 0.9909752607345581),
            ["HumanoidRootPart"] = CFrame.new(0, 0, 0, 1, 0, 0, 0, 1, 0, 0, 0, 1),
            ["LeftUpperLeg"] = CFrame.new(-3.6637359812630166e-15, -9.313225746154785e-08, -1.3047082303430102e-09, 0.9328411221504211, 0.3372499346733093, 0.12676720321178436, -0.30007827281951904, 0.921998143196106, -0.24468857049942017, -0.19940029084682465, 0.19021545350551605, 0.9612792134284973),
            ["LeftUpperArm"] = CFrame.new(1.1920928955078125e-07, -2.384185791015625e-07, 7.450580596923828e-09, 0.9618878364562988, -0.16387560963630676, -0.21889850497245789, -0.15570780634880066, 0.3298061192035675, -0.9311192035675049, 0.2247818112373352, 0.9297165274620056, 0.29171982407569885),
            ["RightLowerArm"] = CFrame.new(3.5762786865234375e-07, 4.172325134277344e-07, -4.842877388000488e-07, 1, -9.825456714906977e-08, 1.4901166522918174e-08, 1.1175872316471214e-07, 0.9282456636428833, -0.37196773290634155, 1.4901162970204496e-08, 0.37196794152259827, 0.9282457828521729),
            ["LeftHand"] = CFrame.new(1.1920928955078125e-07, -5.960464477539063e-08, 8.940696716308594e-08, 0.9306013584136963, 0.3442276418209076, 0.12445339560508728, -0.2980533838272095, 0.9099867343902588, -0.2882503569126129, -0.21247465908527374, 0.23115253448486328, 0.9494330286979675),
            ["RightFoot"] = CFrame.new(-5.6492353905923665e-08, 4.172325134277344e-07, -2.8059730539098382e-08, 0.9789338111877441, 0.20377734303474426, 0.012782352045178413, -0.19786806404590607, 0.9622639417648315, -0.1868058294057846, -0.05036687105894089, 0.18034154176712036, 0.9823137521743774),
            ["RightHand"] = CFrame.new(-8.940696716308594e-08, -1.1920928955078125e-07, 1.993030309677124e-07, 0.9764557480812073, -0.21545764803886414, -0.010589532554149628, 0.20344024896621704, 0.9034455418586731, 0.37735724449157715, -0.07173746079206467, -0.37062695622444153, 0.9260072708129883),
            ["RightLowerLeg"] = CFrame.new(-8.940696716308594e-08, -0.000003993511199951172, -0.00001302439341088757, 1, -0.0000023096797576727113, -6.519256317005784e-07, 0.000002324580918866559, 0.862133264541626, 0.5066812038421631, -5.885958103135636e-07, -0.506681501865387, 0.8621335625648499),
            ["RightUpperLeg"] = CFrame.new(0, -1.3620592653751373e-07, 0, 0.9355513453483582, -0.27644434571266174, -0.21982356905937195, 0.19532275199890137, 0.923513650894165, -0.33010855317115784, 0.2942667007446289, 0.2658969759941101, 0.9179902672767639),
            ["LeftLowerLeg"] = CFrame.new(3.858979624737913e-08, 0.000003874301910400391, 0.000013050364941591397, 1, -0.0000017397103420080384, -4.135071662858536e-07, 0.0000018104908576788148, 0.9273189902305603, 0.3742717504501343, -3.1292435664909135e-07, -0.37427186965942383, 0.9273190498352051),
        }},
        {Time = 0.218, Data = {
            ["LeftFoot"] = CFrame.new(-5.222868892929e-08, 5.960464477539063e-08, 1.542145611210799e-08, 0.9579287767410278, -0.2866518795490265, -0.014252555556595325, 0.28235721588134766, 0.950151801109314, -0.13223527371883392, 0.05144764482975006, 0.12264780700206757, 0.991115927696228),
            ["LeftLowerArm"] = CFrame.new(0.00002086162567138672, -5.960464477539063e-08, -1.1920928955078125e-07, 1, 0.000033032145438482985, 0.00002072379174933303, -0.00002751499050646089, 0.9743169546127319, -0.22518101334571838, -0.0000276118480542209, 0.2251809686422348, 0.9743170142173767),
            ["RightUpperArm"] = CFrame.new(-5.960464477539063e-08, -2.384185791015625e-07, 0, 0.8462517261505127, -0.5210762619972229, -0.11107427626848221, 0.06668487191200256, 0.31043216586112976, -0.9482536911964417, 0.5285935401916504, 0.7950544357299805, 0.29745155572891235),
            ["Head"] = CFrame.new(1.0244548320770264e-08, 0, -7.450580596923828e-09, 0.9852744936943054, 0.12373249977827072, -0.11800239980220795, -0.12946395576000214, 0.9906865954399109, -0.04218032956123352, 0.11168432235717773, 0.05683627724647522, 0.9921170473098755),
            ["LowerTorso"] = CFrame.new(-0.06961038708686829, -0.10441553592681885, 1.4746706157544017e-20, 0.9999591112136841, -0.009043033234775066, -3.213411973646452e-15, 0.009043033234775066, 0.9999591112136841, 3.553555832837979e-13, 8.660689308255268e-24, 1.915735152543432e-21, 1),
            ["UpperTorso"] = CFrame.new(-3.725290298461914e-09, -1.1920928955078125e-07, 9.855830934605016e-29, 0.9917814135551453, -0.013486994430422783, -0.12723101675510406, 0.01899728924036026, 0.9989287853240967, 0.04219583794474602, 0.12652559578418732, -0.04426605626940727, 0.9909752607345581),
            ["HumanoidRootPart"] = CFrame.new(0, 0, 0, 1, 0, 0, 0, 1, 0, 0, 0, 1),
            ["LeftUpperLeg"] = CFrame.new(-3.6637359812630166e-15, -9.313225746154785e-08, -1.3047082303430102e-09, 0.9328411221504211, 0.3372499346733093, 0.12676720321178436, -0.30007827281951904, 0.921998143196106, -0.24468857049942017, -0.19940029084682465, 0.19021545350551605, 0.9612792134284973),
            ["LeftUpperArm"] = CFrame.new(1.1920928955078125e-07, -2.384185791015625e-07, 7.450580596923828e-09, 0.9618878364562988, -0.16387560963630676, -0.21889850497245789, -0.15570780634880066, 0.3298061192035675, -0.9311192035675049, 0.2247818112373352, 0.9297165274620056, 0.29171982407569885),
            ["RightLowerArm"] = CFrame.new(3.5762786865234375e-07, 4.172325134277344e-07, -4.842877388000488e-07, 1, -9.825456714906977e-08, 1.4901166522918174e-08, 1.1175872316471214e-07, 0.9282456636428833, -0.37196773290634155, 1.4901162970204496e-08, 0.37196794152259827, 0.9282457828521729),
            ["LeftHand"] = CFrame.new(1.1920928955078125e-07, -5.960464477539063e-08, 8.940696716308594e-08, 0.9306013584136963, 0.3442276418209076, 0.12445339560508728, -0.2980533838272095, 0.9099867343902588, -0.2882503569126129, -0.21247465908527374, 0.23115253448486328, 0.9494330286979675),
            ["RightFoot"] = CFrame.new(-5.6492353905923665e-08, 4.172325134277344e-07, -2.8059730539098382e-08, 0.9789338111877441, 0.20377734303474426, 0.012782352045178413, -0.19786806404590607, 0.9622639417648315, -0.1868058294057846, -0.05036687105894089, 0.18034154176712036, 0.9823137521743774),
            ["RightHand"] = CFrame.new(-8.940696716308594e-08, -1.1920928955078125e-07, 1.993030309677124e-07, 0.9764557480812073, -0.21545764803886414, -0.010589532554149628, 0.20344024896621704, 0.9034455418586731, 0.37735724449157715, -0.07173746079206467, -0.37062695622444153, 0.9260072708129883),
            ["RightLowerLeg"] = CFrame.new(-8.940696716308594e-08, -0.000003993511199951172, -0.00001302439341088757, 1, -0.0000023096797576727113, -6.519256317005784e-07, 0.000002324580918866559, 0.862133264541626, 0.5066812038421631, -5.885958103135636e-07, -0.506681501865387, 0.8621335625648499),
            ["RightUpperLeg"] = CFrame.new(0, -1.3620592653751373e-07, 0, 0.9355513453483582, -0.27644434571266174, -0.21982356905937195, 0.19532275199890137, 0.923513650894165, -0.33010855317115784, 0.2942667007446289, 0.2658969759941101, 0.9179902672767639),
            ["LeftLowerLeg"] = CFrame.new(3.858979624737913e-08, 0.000003874301910400391, 0.000013050364941591397, 1, -0.0000017397103420080384, -4.135071662858536e-07, 0.0000018104908576788148, 0.9273189902305603, 0.3742717504501343, -3.1292435664909135e-07, -0.37427186965942383, 0.9273190498352051),
        }},
        {Time = 0.261, Data = {
            ["LeftFoot"] = CFrame.new(1.0213806689307603e-07, -1.1920928955078125e-07, 4.2460648330688855e-09, 0.9627726674079895, -0.27013030648231506, -0.009934487752616405, 0.26470455527305603, 0.9496080875396729, -0.167856827378273, 0.05477697774767876, 0.15897831320762634, 0.9857614040374756),
            ["LeftLowerArm"] = CFrame.new(0.0000209808349609375, 4.172325134277344e-07, -3.166496753692627e-08, 1, 0.000021967573047732003, -0.00003207672853022814, -0.000027453581424197182, -0.18480104207992554, -0.9827759861946106, -0.000027515921829035506, 0.9827760457992554, -0.18480104207992554),
            ["RightUpperArm"] = CFrame.new(-1.1920928955078125e-07, 0, -7.450580596923828e-09, 0.8660218119621277, 0.0793144702911377, 0.49367555975914, 0.16320593655109406, 0.8884210586547852, -0.42903608083724976, -0.4726206064224243, 0.45212522149086, 0.7564473748207092),
            ["Head"] = CFrame.new(-9.313225746154785e-09, -2.384185791015625e-07, -7.450580596923828e-09, 0.9934123158454895, 0.0411435067653656, -0.10695506632328033, -0.04655734449625015, 0.997731626033783, -0.04862286150455475, 0.10471194982528687, 0.05328212305903435, 0.9930742383003235),
            ["LowerTorso"] = CFrame.new(-0.10441556572914124, -0.10441553592681885, 2.2120061659696727e-20, 0.9995324015617371, -0.006292773876339197, -0.029923126101493835, 0.0074866414070129395, 0.9991734623908997, 0.039954688400030136, 0.029646962881088257, -0.04016002267599106, 0.9987534284591675),
            ["UpperTorso"] = CFrame.new(4.71482053399086e-09, 2.980232238769531e-07, -6.984919309616089e-10, 0.9909455180168152, -0.02816147357225418, 0.13127803802490234, 0.02838609740138054, 0.9995970129966736, 0.000160421768669039, -0.13122965395450592, 0.0035675372928380966, 0.9913455843925476),
            ["HumanoidRootPart"] = CFrame.new(0, 0, 0, 1, 0, 0, 0, 1, 0, 0, 0, 1),
            ["LeftUpperLeg"] = CFrame.new(-5.9604641222676946e-08, 1.3684621080756187e-07, 9.315499482909217e-10, 0.9328814744949341, 0.32703736424446106, 0.15092624723911285, -0.27296361327171326, 0.9153064489364624, -0.2961503565311432, -0.23499593138694763, 0.2350756973028183, 0.9431416988372803),
            ["LeftUpperArm"] = CFrame.new(0, 0, 3.725290298461914e-09, 0.9907499551773071, 0.06599769741296768, -0.11856960505247116, -0.08719085901975632, 0.9791356325149536, -0.1835516095161438, 0.10398173332214355, 0.192191943526268, 0.9758330583572388),
            ["RightLowerArm"] = CFrame.new(1.1920928955078125e-07, 5.960464477539062e-07, -5.960464477539063e-08, 1, -2.980232949312267e-08, 1.713634105726669e-07, 1.7136333951839333e-07, -0.07056859880685806, -0.9975069761276245, 8.195637946073475e-08, 0.9975070357322693, -0.07056866586208344),
            ["LeftHand"] = CFrame.new(-1.7345882952213287e-07, -5.960464477539063e-08, 8.940696716308594e-08, 0.9806569814682007, 0.1540394127368927, 0.12076406925916672, -0.18931661546230316, 0.9031511545181274, 0.3853277564048767, -0.04971254989504814, -0.40073680877685547, 0.9148434996604919),
            ["RightFoot"] = CFrame.new(-1.1612064554356039e-07, 2.980232238769531e-07, 2.962406142614782e-08, 0.975365936756134, 0.21993382275104523, 0.017046647146344185, -0.21457183361053467, 0.9638367891311646, -0.1580429971218109, -0.05118928104639053, 0.1504918783903122, 0.9872851967811584),
            ["RightHand"] = CFrame.new(5.960464477539063e-08, 0, 2.086162567138672e-07, 0.976455807685852, -0.2154577374458313, -0.01058958563953638, 0.20344018936157227, 0.9034454226493835, 0.37735727429389954, -0.07173743844032288, -0.37062692642211914, 0.9260073304176331),
            ["RightLowerLeg"] = CFrame.new(0, -0.000003814697265625, -0.000013098899216856807, 1, -0.00000215321711038996, -5.811452865600586e-07, 0.0000021904706954956055, 0.878008246421814, 0.4786454737186432, -5.066394805908203e-07, -0.47864553332328796, 0.8780083060264587),
            ["RightUpperLeg"] = CFrame.new(0, 2.335873432457447e-07, -1.2732925824820995e-10, 0.9391283392906189, -0.28536081314086914, -0.19133023917675018, 0.20196270942687988, 0.9090447425842285, -0.36448433995246887, 0.2779373228549957, 0.3036560118198395, 0.9113418459892273),
            ["LeftLowerLeg"] = CFrame.new(1.0191973132123167e-07, 0.000004231929779052734, 0.000012983309716219082, 1, -0.0000017918644061865052, -4.2468315086807706e-07, 0.0000017806889900384704, 0.9071118831634521, 0.420889675617218, -3.427267358802055e-07, -0.4208897054195404, 0.9071118235588074),
        }},
        {Time = 0.304, Data = {
            ["LeftFoot"] = CFrame.new(1.0213806689307603e-07, -1.1920928955078125e-07, 4.2460648330688855e-09, 0.9627726674079895, -0.27013030648231506, -0.009934487752616405, 0.26470455527305603, 0.9496080875396729, -0.167856827378273, 0.05477697774767876, 0.15897831320762634, 0.9857614040374756),
            ["LeftLowerArm"] = CFrame.new(0.0000209808349609375, 4.172325134277344e-07, -3.166496753692627e-08, 1, 0.000021967573047732003, -0.00003207672853022814, -0.000027453581424197182, -0.18480104207992554, -0.9827759861946106, -0.000027515921829035506, 0.9827760457992554, -0.18480104207992554),
            ["RightUpperArm"] = CFrame.new(-1.1920928955078125e-07, 0, -7.450580596923828e-09, 0.8660218119621277, 0.0793144702911377, 0.49367555975914, 0.16320593655109406, 0.8884210586547852, -0.42903608083724976, -0.4726206064224243, 0.45212522149086, 0.7564473748207092),
            ["Head"] = CFrame.new(-9.313225746154785e-09, -2.384185791015625e-07, -7.450580596923828e-09, 0.9934123158454895, 0.0411435067653656, -0.10695506632328033, -0.04655734449625015, 0.997731626033783, -0.04862286150455475, 0.10471194982528687, 0.05328212305903435, 0.9930742383003235),
            ["LowerTorso"] = CFrame.new(-0.10441556572914124, -0.10441553592681885, 2.2120061659696727e-20, 0.9995324015617371, -0.006292773876339197, -0.029923126101493835, 0.0074866414070129395, 0.9991734623908997, 0.039954688400030136, 0.029646962881088257, -0.04016002267599106, 0.9987534284591675),
            ["UpperTorso"] = CFrame.new(4.71482053399086e-09, 2.980232238769531e-07, -6.984919309616089e-10, 0.9909455180168152, -0.02816147357225418, 0.13127803802490234, 0.02838609740138054, 0.9995970129966736, 0.000160421768669039, -0.13122965395450592, 0.0035675372928380966, 0.9913455843925476),
            ["HumanoidRootPart"] = CFrame.new(0, 0, 0, 1, 0, 0, 0, 1, 0, 0, 0, 1),
            ["LeftUpperLeg"] = CFrame.new(-5.9604641222676946e-08, 1.3684621080756187e-07, 9.315499482909217e-10, 0.9328814744949341, 0.32703736424446106, 0.15092624723911285, -0.27296361327171326, 0.9153064489364624, -0.2961503565311432, -0.23499593138694763, 0.2350756973028183, 0.9431416988372803),
            ["LeftUpperArm"] = CFrame.new(0, 0, 3.725290298461914e-09, 0.9907499551773071, 0.06599769741296768, -0.11856960505247116, -0.08719085901975632, 0.9791356325149536, -0.1835516095161438, 0.10398173332214355, 0.192191943526268, 0.9758330583572388),
            ["RightLowerArm"] = CFrame.new(1.1920928955078125e-07, 5.960464477539062e-07, -5.960464477539063e-08, 1, -2.980232949312267e-08, 1.713634105726669e-07, 1.7136333951839333e-07, -0.07056859880685806, -0.9975069761276245, 8.195637946073475e-08, 0.9975070357322693, -0.07056866586208344),
            ["LeftHand"] = CFrame.new(-1.7345882952213287e-07, -5.960464477539063e-08, 8.940696716308594e-08, 0.9806569814682007, 0.1540394127368927, 0.12076406925916672, -0.18931661546230316, 0.9031511545181274, 0.3853277564048767, -0.04971254989504814, -0.40073680877685547, 0.9148434996604919),
            ["RightFoot"] = CFrame.new(-1.1612064554356039e-07, 2.980232238769531e-07, 2.962406142614782e-08, 0.975365936756134, 0.21993382275104523, 0.017046647146344185, -0.21457183361053467, 0.9638367891311646, -0.1580429971218109, -0.05118928104639053, 0.1504918783903122, 0.9872851967811584),
            ["RightHand"] = CFrame.new(5.960464477539063e-08, 0, 2.086162567138672e-07, 0.976455807685852, -0.2154577374458313, -0.01058958563953638, 0.20344018936157227, 0.9034454226493835, 0.37735727429389954, -0.07173743844032288, -0.37062692642211914, 0.9260073304176331),
            ["RightLowerLeg"] = CFrame.new(0, -0.000003814697265625, -0.000013098899216856807, 1, -0.00000215321711038996, -5.811452865600586e-07, 0.0000021904706954956055, 0.878008246421814, 0.4786454737186432, -5.066394805908203e-07, -0.47864553332328796, 0.8780083060264587),
            ["RightUpperLeg"] = CFrame.new(0, 2.335873432457447e-07, -1.2732925824820995e-10, 0.9391283392906189, -0.28536081314086914, -0.19133023917675018, 0.20196270942687988, 0.9090447425842285, -0.36448433995246887, 0.2779373228549957, 0.3036560118198395, 0.9113418459892273),
            ["LeftLowerLeg"] = CFrame.new(1.0191973132123167e-07, 0.000004231929779052734, 0.000012983309716219082, 1, -0.0000017918644061865052, -4.2468315086807706e-07, 0.0000017806889900384704, 0.9071118831634521, 0.420889675617218, -3.427267358802055e-07, -0.4208897054195404, 0.9071118235588074),
        }},
        {Time = 0.348, Data = {
            ["LeftFoot"] = CFrame.new(-7.318342198914252e-08, 1.1920928955078125e-07, 8.902132364596582e-09, 0.971108615398407, -0.2382292002439499, -0.013960056006908417, 0.23386980593204498, 0.9617116451263428, -0.14288346469402313, 0.04746454954147339, 0.13549061119556427, 0.9896411299705505),
            ["LeftLowerArm"] = CFrame.new(0.00002130866050720215, -1.1920928955078125e-07, -7.450580596923828e-08, 1, 0.000026862137019634247, -0.00002814829713315703, -0.000027433041395852342, -0.024508481845259666, -0.9996996521949768, -0.00002749660416156985, 0.9996996521949768, -0.02450849488377571),
            ["RightUpperArm"] = CFrame.new(-5.960464477539063e-08, -2.384185791015625e-07, 5.587935447692871e-08, 0.6321401596069336, -0.21325622498989105, 0.7449300289154053, 0.45358172059059143, 0.8812933564186096, -0.13261115550994873, -0.6282216906547546, 0.4217153489589691, 0.6538299918174744),
            ["Head"] = CFrame.new(1.862645149230957e-09, 0, 1.6763806343078613e-08, 0.943286120891571, 0.02281874045729637, -0.3311958312988281, -0.04209918528795242, 0.9978029131889343, -0.05115688964724541, 0.3293008506298065, 0.06219867616891861, 0.9421742558479309),
            ["LowerTorso"] = CFrame.new(-0.1508224755525589, -0.10441553592681885, 3.1951205021878896e-20, 0.9977911114692688, 0.0262910146266222, 0.061006009578704834, -0.020881937816739082, 0.9959309101104736, -0.08766712993383408, -0.0630626305937767, 0.086199551820755, 0.9942800402641296),
            ["UpperTorso"] = CFrame.new(-6.28642737865448e-09, 1.4901161193847656e-07, -1.1175870895385742e-08, 0.9318169951438904, -0.03941125050187111, 0.3607821762561798, -0.0015825284644961357, 0.9936357140541077, 0.1126304417848587, -0.3629249930381775, -0.10552187263965607, 0.9258242845535278),
            ["HumanoidRootPart"] = CFrame.new(0, 0, 0, 1, 0, 0, 0, 1, 0, 0, 0, 1),
            ["LeftUpperLeg"] = CFrame.new(1.2101430968414206e-14, -1.1385418474674225e-07, 3.725290298461914e-09, 0.9644704461097717, 0.2527194023132324, 0.07700380682945251, -0.23472252488136292, 0.9534580707550049, -0.18926984071731567, -0.12125208228826523, 0.1644706279039383, 0.9789011478424072),
            ["LeftUpperArm"] = CFrame.new(1.1920928955078125e-07, 0, 1.1175870895385742e-08, 0.6470624804496765, 0.21730397641658783, 0.7308140993118286, -0.3046981692314148, 0.9523548483848572, -0.013398464769124985, -0.698905885219574, -0.21400809288024902, 0.6824449896812439),
            ["RightLowerArm"] = CFrame.new(-1.1920928955078125e-07, 5.364418029785156e-07, -1.341104507446289e-07, 1, -3.725289943190546e-08, 1.559965738806568e-07, 1.7601998081318015e-07, -0.04377749189734459, -0.9990413188934326, 4.0978196835794733e-08, 0.9990413188934326, -0.04377761483192444),
            ["LeftHand"] = CFrame.new(-1.1920928955078125e-07, -1.1920928955078125e-07, 1.043081283569336e-07, 0.979535698890686, 0.15355190634727478, 0.13012228906154633, -0.14075814187526703, 0.9847301840782166, -0.10243906080722809, -0.14386507868766785, 0.08202705532312393, 0.9861918687820435),
            ["RightFoot"] = CFrame.new(-5.701986083295196e-08, 2.384185791015625e-07, -1.913213054649532e-08, 0.9668151140213013, 0.2550286054611206, 0.015136942267417908, -0.24826276302337646, 0.9518433809280396, -0.17988818883895874, -0.060284703969955444, 0.17016081511974335, 0.9835706353187561),
            ["RightHand"] = CFrame.new(3.725290298461914e-08, -5.960464477539063e-08, 4.3690670281648636e-07, 0.9953993558883667, -0.09196650981903076, 0.02687811478972435, 0.08620666712522507, 0.9820646643638611, 0.16768237948417664, -0.041817132383584976, -0.1645938605070114, 0.9854745864868164),
