return {

  ["poodle flip to twerk thingy"] = {

    {Time = 0.000, Data = {

      ["Head"] = CFrame.new(0.000000, -0.000000, -0.000000, 1.000000, 0.000000, -0.000000, -0.000000, 1.000000, 0.000000, 0.000000, -0.000000, 1.000000),

      ["LeftFoot"] = CFrame.new(0.000000, 0.009560, -0.000003, 0.999942, -0.008248, -0.006945, 0.007370, 0.992958, -0.118250, 0.007871, 0.118183, 0.992960),

      ["LeftHand"] = CFrame.new(0.000500, 0.000100, 0.000000, 1.000000, -0.000000, 0.000000, 0.000000, 1.000000, 0.000001, -0.000000, -0.000000, 1.000000),

      ["LeftLowerArm"] = CFrame.new(-0.000500, 0.040707, 0.008660, 1.000000, -0.000000, -0.000000, 0.000000, 0.912991, -0.407981, 0.000000, 0.407981, 0.912991),

      ["LeftLowerLeg"] = CFrame.new(-0.000000, 0.046380, -0.006893, 1.000000, -0.000000, -0.000000, 0.000000, 0.928942, 0.370215, -0.000000, -0.370225, 0.928946),

      ["LeftUpperArm"] = CFrame.new(0.000000, -0.000000, -0.000000, 0.973143, -0.073331, -0.218208, -0.007093, 0.937903, -0.346824, 0.230091, 0.339058, 0.912194),

      ["LeftUpperLeg"] = CFrame.new(-0.000000, 0.000000, -0.000100, 0.969386, 0.101102, 0.223764, -0.002306, 0.915004, -0.403424, -0.245532, 0.390571, 0.887231),

      ["LowerTorso"] = CFrame.new(0.000000, -0.074773, 0.000000, 0.971342, 0.004776, -0.237639, 0.031991, 0.988074, 0.150624, 0.235524, -0.153909, 0.959604),

      ["RightFoot"] = CFrame.new(0.000000, 0.007254, -0.000103, 0.999424, -0.025971, -0.021869, 0.024767, 0.998253, -0.053647, 0.023222, 0.053074, 0.998321),

      ["RightHand"] = CFrame.new(-0.000500, -0.000000, 0.000000, 1.000000, -0.000000, -0.000000, -0.000000, 1.000000, 0.000001, 0.000000, -0.000000, 1.000000),

      ["RightLowerArm"] = CFrame.new(-0.000000, 0.043538, 0.009927, 1.000000, 0.000000, 0.000000, -0.000000, 0.900294, -0.435282, -0.000000, 0.435282, 0.900294),

      ["RightLowerLeg"] = CFrame.new(0.000000, 0.032457, -0.003251, 1.000000, 0.000000, -0.000000, -0.000000, 0.966863, 0.255283, 0.000000, -0.255297, 0.966867),

      ["RightUpperArm"] = CFrame.new(-0.000000, -0.000000, -0.000000, 0.960986, -0.112417, 0.252720, 0.119364, 0.992775, -0.012275, -0.249514, 0.041961, 0.967462),

      ["RightUpperLeg"] = CFrame.new(0.000000, 0.000000, -0.000000, 0.998831, 0.043391, 0.021303, -0.033156, 0.935685, -0.351263, -0.035175, 0.350158, 0.936035),

      ["UpperTorso"] = CFrame.new(0.000000, 0.000000, 0.000000, 1.000000, 0.000000, 0.000000, 0.000000, 1.000000, 0.000000, -0.000000, 0.000000, 1.000000),

    }},

    {Time = 0.017, Data = {

      ["Head"] = CFrame.new(-0.000000, 0.000000, -0.000000, 0.999928, 0.009133, -0.007808, -0.009144, 0.999957, -0.001392, 0.007795, 0.001463, 0.999969),

      ["LeftFoot"] = CFrame.new(0.000000, 0.008925, -0.000003, 0.999501, -0.024173, -0.020354, 0.021363, 0.991483, -0.128480, 0.023285, 0.127973, 0.991503),

      ["LeftHand"] = CFrame.new(0.000500, 0.000100, 0.000000, 1.000000, 0.000000, 0.000000, 0.000000, 1.000000, 0.000001, -0.000000, -0.000000, 1.000000),

      ["LeftLowerArm"] = CFrame.new(-0.000500, 0.041309, 0.008931, 1.000000, -0.000000, -0.000000, 0.000000, 0.910276, -0.414002, 0.000000, 0.414002, 0.910276),

      ["LeftLowerLeg"] = CFrame.new(-0.000000, 0.042858, -0.005781, 1.000000, -0.000000, 0.000000, 0.000000, 0.940222, 0.340551, -0.000000, -0.340562, 0.940226),

      ["LeftUpperArm"] = CFrame.new(0.000000, -0.000000, -0.000000, 0.968838, -0.067873, -0.238215, -0.020422, 0.936564, -0.349902, 0.246852, 0.343863, 0.905992),

      ["LeftUpperLeg"] = CFrame.new(-0.000000, -0.000000, -0.000100, 0.964608, 0.103669, 0.242456, -0.004487, 0.925794, -0.377988, -0.263650, 0.363535, 0.893499),

      ["LowerTorso"] = CFrame.new(-0.005460, -0.080596, 0.005499, 0.976487, 0.002262, -0.215567, 0.030975, 0.988098, 0.150678, 0.213342, -0.153812, 0.964794),

      ["RightFoot"] = CFrame.new(-0.000000, 0.007754, -0.000103, 0.999598, -0.021692, -0.018265, 0.020456, 0.997652, -0.065357, 0.019639, 0.064955, 0.997695),

      ["RightHand"] = CFrame.new(-0.000500, -0.000000, 0.000000, 1.000000, -0.000000, -0.000000, -0.000000, 1.000000, 0.000001, 0.000000, -0.000000, 1.000000),

      ["RightLowerArm"] = CFrame.new(-0.000000, 0.043799, 0.010053, 1.000000, 0.000000, 0.000000, -0.000000, 0.899031, -0.437884, -0.000000, 0.437884, 0.899031),

      ["RightLowerLeg"] = CFrame.new(0.000000, 0.035141, -0.003860, 1.000000, 0.000000, 0.000000, -0.000000, 0.960694, 0.277594, -0.000000, -0.277608, 0.960698),

      ["RightUpperArm"] = CFrame.new(0.000000, -0.000000, -0.000000, 0.960717, -0.100641, 0.258640, 0.111123, 0.993461, -0.026196, -0.254312, 0.053908, 0.965619),

      ["RightUpperLeg"] = CFrame.new(0.000000, -0.000000, -0.000000, 0.999046, 0.038936, 0.019773, -0.029192, 0.932216, -0.360712, -0.032478, 0.359803, 0.932468),

      ["UpperTorso"] = CFrame.new(-0.000000, -0.000000, 0.000000, 0.999997, -0.001876, 0.001373, 0.001856, 0.999897, 0.014260, -0.001399, -0.014258, 0.999897),

    }},

    {Time = 0.033, Data = {

      ["Head"] = CFrame.new(0.000000, 0.000000, -0.000000, 0.999006, 0.033671, -0.029220, -0.033821, 0.999417, -0.004674, 0.029046, 0.005658, 0.999562),

      ["LeftFoot"] = CFrame.new(0.000000, 0.007280, -0.000003, 0.996204, -0.066593, -0.056073, 0.057459, 0.986838, -0.151167, 0.065398, 0.147364, 0.986917),

      ["LeftHand"] = CFrame.new(0.000500, 0.000100, 0.000000, 1.000000, -0.000000, 0.000000, 0.000000, 1.000000, 0.000001, -0.000000, -0.000000, 1.000000),

      ["LeftLowerArm"] = CFrame.new(-0.000500, 0.042997, 0.009715, 1.000000, -0.000000, -0.000000, 0.000000, 0.902413, -0.430872, 0.000000, 0.430871, 0.902413),

      ["LeftLowerLeg"] = CFrame.new(0.000000, 0.033866, -0.003418, 1.000000, -0.000000, -0.000000, 0.000000, 0.964157, 0.265319, -0.000000, -0.265334, 0.964161),

      ["LeftUpperArm"] = CFrame.new(0.000000, 0.000000, -0.000000, 0.955384, -0.053482, -0.290486, -0.056021, 0.932809, -0.355989, 0.290007, 0.356380, 0.888195),

      ["LeftUpperLeg"] = CFrame.new(-0.000000, -0.000000, -0.000100, 0.950034, 0.109259, 0.292402, -0.011796, 0.948637, -0.316135, -0.311924, 0.296902, 0.902530),

      ["LowerTorso"] = CFrame.new(-0.018718, -0.095850, 0.020338, 0.988067, -0.004564, -0.153957, 0.028385, 0.987836, 0.152886, 0.151386, -0.155432, 0.976178),

      ["RightFoot"] = CFrame.new(-0.000000, 0.008944, -0.000103, 0.999905, -0.010571, -0.008901, 0.009673, 0.995381, -0.095521, 0.009870, 0.095421, 0.995388),

      ["RightHand"] = CFrame.new(-0.000500, 0.000000, 0.000000, 1.000000, -0.000000, -0.000000, -0.000000, 1.000000, 0.000001, 0.000000, -0.000000, 1.000000),

      ["RightLowerArm"] = CFrame.new(-0.000000, 0.044558, 0.010426, 1.000000, 0.000000, 0.000000, -0.000000, 0.895294, -0.445475, -0.000000, 0.445475, 0.895294),

      ["RightLowerLeg"] = CFrame.new(0.000000, 0.041652, -0.005583, 1.000000, 0.000000, -0.000000, -0.000000, 0.943244, 0.332090, 0.000000, -0.332102, 0.943248),

      ["RightUpperArm"] = CFrame.new(0.000000, -0.000000, 0.000000, 0.958928, -0.068671, 0.275211, 0.089769, 0.993852, -0.064800, -0.269069, 0.086844, 0.959198),

      ["RightUpperLeg"] = CFrame.new(0.000000, -0.000000, -0.000000, 0.999495, 0.027234, 0.016395, -0.018851, 0.923079, -0.384134, -0.025596, 0.383645, 0.923132),

      ["UpperTorso"] = CFrame.new(0.000000, -0.000000, -0.000000, 0.999963, -0.007043, 0.004956, 0.006771, 0.998578, 0.052887, -0.005321, -0.052851, 0.998588),

    }},

    {Time = 0.050, Data = {

      ["Head"] = CFrame.new(0.000000, -0.000000, -0.000000, 0.995720, 0.069248, -0.061207, -0.069882, 0.997521, -0.008268, 0.060483, 0.012510, 0.998091),

      ["LeftFoot"] = CFrame.new(-0.000000, 0.004954, -0.000003, 0.985633, -0.129203, -0.108794, 0.109089, 0.978685, -0.174003, 0.128949, 0.159629, 0.978717),

      ["LeftHand"] = CFrame.new(0.000500, 0.000100, 0.000000, 1.000000, 0.000000, 0.000000, -0.000000, 1.000000, 0.000001, -0.000000, -0.000000, 1.000000),

      ["LeftLowerArm"] = CFrame.new(-0.000500, 0.045581, 0.010992, 1.000000, -0.000000, -0.000000, 0.000000, 0.889625, -0.456693, 0.000000, 0.456692, 0.889625),

      ["LeftLowerLeg"] = CFrame.new(0.000000, 0.021908, -0.001268, 1.000000, -0.000000, 0.000000, 0.000000, 0.985922, 0.167192, -0.000000, -0.167208, 0.985924),

      ["LeftUpperArm"] = CFrame.new(0.000000, -0.000000, -0.000000, 0.931233, -0.033303, -0.362900, -0.107061, 0.926872, -0.359787, 0.348344, 0.373898, 0.859568),

      ["LeftUpperLeg"] = CFrame.new(-0.000000, -0.000000, -0.000100, 0.923693, 0.116179, 0.365095, -0.026135, 0.969803, -0.242477, -0.382241, 0.214443, 0.898839),

      ["LowerTorso"] = CFrame.new(-0.035097, -0.117212, 0.042029, 0.998105, -0.015043, -0.059674, 0.024451, 0.986779, 0.160218, 0.056475, -0.161373, 0.985276),

      ["RightFoot"] = CFrame.new(0.000000, 0.010425, -0.000103, 0.999981, 0.004660, 0.003924, -0.004075, 0.990442, -0.137879, -0.004529, 0.137850, 0.990441),

      ["RightHand"] = CFrame.new(-0.000500, 0.000000, 0.000000, 1.000000, 0.000000, -0.000000, 0.000000, 1.000000, 0.000001, 0.000000, -0.000000, 1.000000),

      ["RightLowerArm"] = CFrame.new(-0.000000, 0.045782, 0.011044, 1.000000, 0.000000, 0.000000, -0.000000, 0.889101, -0.457711, -0.000000, 0.457710, 0.889101),

      ["RightLowerLeg"] = CFrame.new(0.000000, 0.049898, -0.008288, 1.000000, 0.000000, 0.000000, -0.000000, 0.915792, 0.401643, 0.000000, -0.401652, 0.915796),

      ["RightUpperArm"] = CFrame.new(0.000000, 0.000000, -0.000000, 0.953706, -0.021187, 0.299993, 0.060828, 0.990488, -0.123425, -0.294525, 0.135959, 0.945923),

      ["RightUpperLeg"] = CFrame.new(0.000000, -0.000000, -0.000000, 0.999859, 0.010548, 0.013051, -0.004189, 0.910009, -0.414553, -0.016250, 0.414454, 0.909932),

      ["UpperTorso"] = CFrame.new(-0.000000, 0.000000, 0.000000, 0.999841, -0.014858, 0.009857, 0.013689, 0.993887, 0.109553, -0.011424, -0.109400, 0.993932),

    }},

    {Time = 0.067, Data = {

      ["Head"] = CFrame.new(-0.000000, 0.000000, 0.000000, 0.988674, 0.111387, -0.100584, -0.113016, 0.993536, -0.010630, 0.098749, 0.021877, 0.994872),

      ["LeftFoot"] = CFrame.new(-0.000000, 0.002746, -0.000003, 0.965347, -0.199631, -0.168095, 0.166214, 0.966871, -0.193741, 0.201191, 0.159084, 0.966545),

      ["LeftHand"] = CFrame.new(0.000500, 0.000100, 0.000000, 1.000000, -0.000000, 0.000000, -0.000000, 1.000000, 0.000001, -0.000000, 0.000000, 1.000000),

      ["LeftLowerArm"] = CFrame.new(-0.000500, 0.048860, 0.012749, 1.000000, -0.000000, -0.000000, 0.000000, 0.872017, -0.489476, 0.000000, 0.489476, 0.872017),

      ["LeftLowerLeg"] = CFrame.new(0.000000, 0.011743, -0.000252, 1.000000, -0.000000, -0.000000, 0.000000, 0.996245, 0.086565, -0.000000, -0.086583, 0.996246),

      ["LeftUpperArm"] = CFrame.new(0.000000, -0.000000, -0.000000, 0.896565, -0.010177, -0.442795, -0.165813, 0.919322, -0.356865, 0.410703, 0.393373, 0.822545),

      ["LeftUpperLeg"] = CFrame.new(0.000000, -0.000000, -0.000100, 0.887843, 0.127973, 0.441993, -0.046659, 0.980634, -0.190199, -0.457774, 0.148253, 0.876622),

      ["LowerTorso"] = CFrame.new(-0.049916, -0.141361, 0.068082, 0.997777, -0.029389, 0.059819, 0.018468, 0.984300, 0.175536, -0.064039, -0.174041, 0.982654),

      ["RightFoot"] = CFrame.new(0.000000, 0.011953, -0.000103, 0.999640, 0.020530, 0.017287, -0.016920, 0.982052, -0.187867, -0.020832, 0.187492, 0.982042),

      ["RightHand"] = CFrame.new(-0.000500, -0.000000, 0.000000, 1.000000, 0.000000, -0.000000, 0.000000, 1.000000, 0.000001, 0.000000, -0.000000, 1.000000),

      ["RightLowerArm"] = CFrame.new(-0.000000, 0.047434, 0.011912, 1.000000, 0.000000, 0.000000, -0.000000, 0.880405, -0.474222, -0.000000, 0.474222, 0.880405),

      ["RightLowerLeg"] = CFrame.new(0.000000, 0.058398, -0.011738, 1.000000, 0.000000, 0.000000, -0.000000, 0.880711, 0.473648, 0.000000, -0.473654, 0.880714),

      ["RightUpperArm"] = CFrame.new(0.000000, -0.000000, 0.000000, 0.943123, 0.037148, 0.330361, 0.030420, 0.979924, -0.197035, -0.331049, 0.195878, 0.923059),

      ["RightUpperLeg"] = CFrame.new(0.000000, 0.000000, -0.000000, 0.999900, -0.008768, 0.011111, 0.012812, 0.894340, -0.447189, -0.006016, 0.447302, 0.894371),

      ["UpperTorso"] = CFrame.new(0.000000, 0.000000, 0.000000, 0.999582, -0.024614, 0.015178, 0.021531, 0.983870, 0.177583, -0.019304, -0.177182, 0.983989),

    }},

    {Time = 0.083, Data = {

      ["Head"] = CFrame.new(0.000000, 0.000000, 0.000000, 0.977277, 0.155580, -0.143963, -0.158731, 0.987265, -0.010597, 0.140481, 0.033208, 0.989526),

      ["LeftFoot"] = CFrame.new(-0.000000, 0.002862, -0.000003, 0.942771, -0.255070, -0.214776, 0.206917, 0.952593, -0.223059, 0.261475, 0.165849, 0.950850),

      ["LeftHand"] = CFrame.new(0.000500, 0.000100, 0.000000, 1.000000, 0.000000, 0.000000, 0.000000, 1.000000, 0.000001, -0.000000, -0.000000, 1.000000),

      ["LeftLowerArm"] = CFrame.new(-0.000500, 0.052635, 0.014973, 1.000000, -0.000000, -0.000000, 0.000000, 0.849743, -0.527197, 0.000000, 0.527197, 0.849743),

      ["LeftLowerLeg"] = CFrame.new(-0.000000, 0.012243, -0.000286, 1.000000, -0.000000, 0.000000, 0.000000, 0.995900, 0.090447, 0.000000, -0.090465, 0.995901),

      ["LeftUpperArm"] = CFrame.new(-0.000000, -0.000000, -0.000000, 0.855305, 0.013931, -0.517938, -0.223856, 0.911459, -0.345153, 0.467271, 0.411155, 0.782694),

      ["LeftUpperLeg"] = CFrame.new(-0.000000, 0.000000, -0.000100, 0.857958, 0.160263, 0.488082, -0.069129, 0.977469, -0.199432, -0.509047, 0.137372, 0.849707),

      ["LowerTorso"] = CFrame.new(-0.058495, -0.164976, 0.096011, 0.979365, -0.048918, 0.196091, 0.008573, 0.979447, 0.201520, -0.201919, -0.195680, 0.959655),

      ["RightFoot"] = CFrame.new(-0.000000, 0.013399, -0.000103, 0.999094, 0.032551, 0.027409, -0.024976, 0.970054, -0.241619, -0.034450, 0.240698, 0.969984),

      ["RightHand"] = CFrame.new(-0.000500, -0.000000, 0.000000, 1.000000, 0.000000, -0.000000, -0.000000, 1.000000, 0.000001, 0.000000, -0.000000, 1.000000),

      ["RightLowerArm"] = CFrame.new(-0.000000, 0.049475, 0.013039, 1.000000, 0.000000, 0.000000, -0.000000, 0.869112, -0.494615, -0.000000, 0.494615, 0.869112),

      ["RightLowerLeg"] = CFrame.new(-0.000000, 0.066259, -0.015584, 1.000000, 0.000000, 0.000000, -0.000000, 0.841513, 0.540234, 0.000000, -0.540237, 0.841515),

      ["RightUpperArm"] = CFrame.new(0.000000, -0.000000, -0.000000, 0.925776, 0.101378, 0.364227, 0.004990, 0.960019, -0.279892, -0.378040, 0.260935, 0.888256),

      ["RightUpperLeg"] = CFrame.new(0.000000, -0.000000, -0.000000, 0.999539, -0.028261, 0.011101, 0.030120, 0.876700, -0.480078, 0.003835, 0.480207, 0.877156),

      ["UpperTorso"] = CFrame.new(-0.000000, 0.000000, 0.000000, 0.999168, -0.035447, 0.020154, 0.029293, 0.967808, 0.249979, -0.028366, -0.249181, 0.968042),

    }},

    {Time = 0.100, Data = {

      ["Head"] = CFrame.new(-0.000000, 0.000000, 0.000000, 0.962135, 0.197488, -0.187870, -0.202490, 0.979255, -0.007620, 0.182467, 0.045373, 0.982164),

      ["LeftFoot"] = CFrame.new(0.000000, 0.006377, -0.000003, 0.935216, -0.270856, -0.228068, 0.205886, 0.939987, -0.272106, 0.288065, 0.207511, 0.934850),

      ["LeftHand"] = CFrame.new(0.000500, 0.000100, 0.000000, 1.000000, -0.000000, 0.000000, 0.000000, 1.000000, 0.000001, -0.000000, -0.000000, 1.000000),

      ["LeftLowerArm"] = CFrame.new(-0.000500, 0.056703, 0.017630, 1.000000, -0.000000, -0.000000, 0.000000, 0.823127, -0.567857, 0.000000, 0.567857, 0.823127),

      ["LeftLowerLeg"] = CFrame.new(-0.000000, 0.029092, -0.002430, 1.000000, -0.000000, 0.000000, 0.000000, 0.974166, 0.225816, -0.000000, -0.225831, 0.974170),

      ["LeftUpperArm"] = CFrame.new(-0.000000, 0.000000, -0.000000, 0.815250, 0.038214, -0.577847, -0.273064, 0.905298, -0.325380, 0.510690, 0.423055, 0.748479),

      ["LeftUpperLeg"] = CFrame.new(0.000000, -0.000000, -0.000100, 0.858725, 0.221869, 0.461918, -0.090875, 0.953056, -0.288823, -0.504315, 0.206054, 0.838578),

      ["LowerTorso"] = CFrame.new(-0.056155, -0.184735, 0.123326, 0.937357, -0.076168, 0.339943, -0.008350, 0.970613, 0.240502, -0.348271, -0.228274, 0.909174),

      ["RightFoot"] = CFrame.new(0.000000, 0.014991, -0.000103, 0.998920, 0.035543, 0.029928, -0.025153, 0.955205, -0.294896, -0.039066, 0.293804, 0.955060),

      ["RightHand"] = CFrame.new(-0.000500, 0.000000, -0.000000, 1.000000, 0.000000, -0.000000, -0.000000, 1.000000, 0.000001, 0.000000, -0.000000, 1.000000),

      ["RightLowerArm"] = CFrame.new(-0.000000, 0.051861, 0.014438, 1.000000, 0.000000, 0.000000, -0.000000, 0.855098, -0.518467, -0.000000, 0.518467, 0.855098),

      ["RightLowerLeg"] = CFrame.new(-0.000000, 0.073294, -0.019443, 1.000000, 0.000000, 0.000000, -0.000000, 0.802002, 0.597321, 0.000000, -0.597322, 0.802002),

      ["RightUpperArm"] = CFrame.new(0.000000, 0.000000, 0.000000, 0.901029, 0.166309, 0.400611, -0.009221, 0.930713, -0.365634, -0.433662, 0.325753, 0.840132),

      ["RightUpperLeg"] = CFrame.new(-0.000000, -0.000000, -0.000000, 0.998862, -0.046006, 0.012581, 0.045923, 0.856452, -0.514164, 0.012879, 0.514173, 0.857600),

      ["UpperTorso"] = CFrame.new(-0.000000, -0.000000, 0.000000, 0.998632, -0.046330, 0.024259, 0.036157, 0.946798, 0.319791, -0.037785, -0.318477, 0.947177),

    }},

    {Time = 0.117, Data = {

      ["Head"] = CFrame.new(-0.000000, 0.000000, 0.000000, 0.945110, 0.233142, -0.228937, -0.239920, 0.970791, -0.001828, 0.221823, 0.056654, 0.973440),

      ["LeftFoot"] = CFrame.new(0.000000, 0.011390, -0.000003, 0.952883, -0.232044, -0.195386, 0.159974, 0.931647, -0.326274, 0.257724, 0.279626, 0.924862),

      ["LeftHand"] = CFrame.new(0.000500, 0.000100, 0.000000, 1.000000, -0.000000, 0.000000, 0.000000, 1.000000, 0.000001, -0.000000, -0.000000, 1.000000),

      ["LeftLowerArm"] = CFrame.new(-0.000500, 0.060876, 0.020664, 1.000000, -0.000000, -0.000000, 0.000000, 0.792750, -0.609547, 0.000000, 0.609547, 0.792750),

      ["LeftLowerLeg"] = CFrame.new(-0.000000, 0.056592, -0.010760, 1.000000, -0.000000, -0.000000, 0.000000, 0.889647, 0.456642, -0.000000, -0.456649, 0.889651),

      ["LeftUpperArm"] = CFrame.new(0.000000, -0.000000, -0.000000, 0.786645, 0.062775, -0.614206, -0.306508, 0.903277, -0.300240, 0.535950, 0.424441, 0.729800),

      ["LeftUpperLeg"] = CFrame.new(0.000000, -0.000000, -0.000100, 0.899579, 0.276431, 0.338153, -0.114024, 0.896012, -0.429125, -0.421613, 0.347489, 0.837559),

      ["LowerTorso"] = CFrame.new(-0.038217, -0.197315, 0.147540, 0.868709, -0.114995, 0.481789, -0.036766, 0.955024, 0.294241, -0.493957, -0.273323, 0.825410),

      ["RightFoot"] = CFrame.new(0.000000, 0.016936, -0.000103, 0.999482, 0.024629, 0.020738, -0.016021, 0.939136, -0.343196, -0.027926, 0.342663, 0.939035),

      ["RightHand"] = CFrame.new(-0.000500, 0.000000, -0.000000, 1.000000, 0.000000, -0.000000, 0.000000, 1.000000, 0.000001, 0.000000, 0.000000, 1.000000),

      ["RightLowerArm"] = CFrame.new(-0.000000, 0.054548, 0.016123, 1.000000, 0.000000, 0.000000, -0.000000, 0.838224, -0.545326, -0.000000, 0.545326, 0.838224),

      ["RightLowerLeg"] = CFrame.new(0.000000, 0.079637, -0.023062, 1.000000, 0.000000, 0.000000, -0.000000, 0.764653, 0.644444, 0.000000, -0.644443, 0.764651),

      ["RightUpperArm"] = CFrame.new(0.000000, -0.000000, 0.000000, 0.868896, 0.226816, 0.439970, -0.006753, 0.894188, -0.447640, -0.494948, 0.385982, 0.778489),

      ["RightUpperLeg"] = CFrame.new(0.000000, -0.000000, -0.000000, 0.997983, -0.061912, 0.014007, 0.059297, 0.830536, -0.553782, 0.022653, 0.553514, 0.832544),

      ["UpperTorso"] = CFrame.new(0.000000, -0.000000, 0.000000, 0.998051, -0.056133, 0.027266, 0.041558, 0.923797, 0.380621, -0.046554, -0.378746, 0.924329),

    }},

    {Time = 0.133, Data = {

      ["Head"] = CFrame.new(-0.000000, 0.000000, 0.000000, 0.929064, 0.259030, -0.264090, -0.266958, 0.963689, 0.006074, 0.256074, 0.064858, 0.964479),

      ["LeftFoot"] = CFrame.new(0.000000, 0.019236, -0.000003, 0.984209, -0.135409, -0.114017, 0.085579, 0.927798, -0.363159, 0.154950, 0.347644, 0.924725),

      ["LeftHand"] = CFrame.new(0.000500, 0.000100, 0.000000, 1.000000, 0.000000, 0.000000, 0.000000, 1.000000, 0.000001, -0.000000, -0.000000, 1.000000),

      ["LeftLowerArm"] = CFrame.new(-0.000500, 0.064976, 0.023986, 1.000000, -0.000000, -0.000000, 0.000000, 0.759494, -0.650514, 0.000000, 0.650514, 0.759494),

      ["LeftLowerLeg"] = CFrame.new(-0.000000, 0.087290, -0.027686, 1.000000, 0.000000, -0.000000, 0.000000, 0.715695, 0.698417, -0.000000, -0.698413, 0.715691),

      ["LeftUpperArm"] = CFrame.new(-0.000000, -0.000000, -0.000000, 0.780034, 0.087670, -0.619565, -0.318579, 0.907844, -0.272628, 0.538567, 0.410040, 0.736079),

      ["LeftUpperLeg"] = CFrame.new(0.000000, -0.000000, -0.000100, 0.956124, 0.260523, 0.134000, -0.139832, 0.807744, -0.572693, -0.257437, 0.528846, 0.808744),

      ["LowerTorso"] = CFrame.new(0.000000, -0.199396, 0.166164, 0.772552, -0.170722, 0.611569, -0.082680, 0.927927, 0.363478, -0.629545, -0.331371, 0.702756),

      ["RightFoot"] = CFrame.new(0.000000, 0.018822, -0.000103, 0.999992, -0.003117, -0.002625, 0.001874, 0.923705, -0.383124, 0.003619, 0.383091, 0.923693),

      ["RightHand"] = CFrame.new(-0.000500, 0.000000, -0.000000, 1.000000, 0.000000, -0.000000, -0.000000, 1.000000, 0.000001, 0.000000, -0.000000, 1.000000),

      ["RightLowerArm"] = CFrame.new(0.000000, 0.057490, 0.018107, 1.000000, 0.000000, 0.000000, 0.000000, 0.818356, -0.574712, -0.000000, 0.574712, 0.818356),

      ["RightLowerLeg"] = CFrame.new(0.000000, 0.085284, -0.026579, 1.000000, 0.000000, -0.000000, -0.000000, 0.728219, 0.685347, -0.000000, -0.685345, 0.728216),

      ["RightUpperArm"] = CFrame.new(-0.000000, -0.000000, 0.000000, 0.829565, 0.278139, 0.484212, 0.016678, 0.854397, -0.519353, -0.558161, 0.438912, 0.704139),

      ["RightUpperLeg"] = CFrame.new(0.000000, -0.000000, -0.000000, 0.996734, -0.079768, 0.012545, 0.070976, 0.791367, -0.607191, 0.038507, 0.606115, 0.794457),

      ["UpperTorso"] = CFrame.new(-0.000000, -0.000000, 0.000000, 0.997541, -0.063709, 0.029206, 0.045180, 0.903153, 0.426934, -0.053577, -0.424565, 0.903811),

    }},

    {Time = 0.150, Data = {

      ["Head"] = CFrame.new(-0.000000, 0.000000, -0.000000, 0.916881, 0.272920, -0.291279, -0.280842, 0.959635, 0.015121, 0.283649, 0.067939, 0.956519),

      ["LeftFoot"] = CFrame.new(-0.000000, 0.027495, -0.000002, 0.999955, 0.007288, 0.006137, -0.004371, 0.923235, -0.384232, -0.008466, 0.384166, 0.923216),

      ["LeftHand"] = CFrame.new(0.000500, 0.000100, 0.000000, 1.000000, 0.000000, 0.000000, 0.000000, 1.000000, 0.000001, -0.000000, -0.000000, 1.000000),

      ["LeftLowerArm"] = CFrame.new(-0.000500, 0.068858, 0.027483, 1.000000, -0.000000, -0.000000, 0.000000, 0.724477, -0.689299, 0.000000, 0.689299, 0.724477),

      ["LeftLowerLeg"] = CFrame.new(-0.000000, 0.112661, -0.052885, 1.000000, -0.000000, -0.000000, 0.000000, 0.453698, 0.891162, -0.000000, -0.891156, 0.453686),

      ["LeftUpperArm"] = CFrame.new(-0.000000, 0.000000, -0.000000, 0.801340, 0.111354, -0.587754, -0.306805, 0.919964, -0.244002, 0.513542, 0.375854, 0.771368),

      ["LeftUpperLeg"] = CFrame.new(0.000000, -0.000000, -0.000100, 0.985693, 0.150357, -0.076162, -0.160628, 0.701094, -0.694726, -0.051061, 0.697037, 0.715231),

      ["LowerTorso"] = CFrame.new(0.061279, -0.188383, 0.177395, 0.650161, -0.249053, 0.717819, -0.153152, 0.882402, 0.444873, -0.744201, -0.399174, 0.535560),

      ["RightFoot"] = CFrame.new(0.000000, 0.020653, -0.000103, 0.998223, -0.045587, -0.038385, 0.025762, 0.910897, -0.411854, 0.053736, 0.410108, 0.910441),

      ["RightHand"] = CFrame.new(-0.000500, 0.000000, -0.000000, 1.000000, -0.000000, -0.000000, -0.000000, 1.000000, 0.000001, 0.000000, -0.000000, 1.000000),

      ["RightLowerArm"] = CFrame.new(-0.000000, 0.060623, 0.020394, 1.000000, 0.000000, 0.000000, -0.000000, 0.795449, -0.606021, -0.000000, 0.606021, 0.795449),

      ["RightLowerLeg"] = CFrame.new(-0.000000, 0.090576, -0.030215, 1.000000, 0.000000, 0.000000, -0.000000, 0.690442, 0.723392, 0.000000, -0.723388, 0.690438),

      ["RightUpperArm"] = CFrame.new(0.000000, -0.000000, -0.000000, 0.783174, 0.317250, 0.534781, 0.062533, 0.815505, -0.575362, -0.618650, 0.484050, 0.618844),

      ["RightUpperLeg"] = CFrame.new(0.000000, -0.000000, -0.000000, 0.993919, -0.109989, 0.005249, 0.084101, 0.727461, -0.680960, 0.071080, 0.677276, 0.732301),

      ["UpperTorso"] = CFrame.new(0.000000, 0.000000, 0.000000, 0.997211, -0.068212, 0.030298, 0.046977, 0.889042, 0.455409, -0.058000, -0.452715, 0.889767),

    }},

    {Time = 0.167, Data = {

      ["Head"] = CFrame.new(0.000000, 0.000000, -0.000000, 0.909243, 0.276346, -0.311302, -0.282949, 0.958816, 0.024723, 0.305314, 0.065603, 0.949989),

      ["LeftFoot"] = CFrame.new(0.000000, 0.031099, -0.000002, 0.978182, 0.158921, 0.133816, -0.091998, 0.908844, -0.406883, -0.186269, 0.385677, 0.903626),

      ["LeftHand"] = CFrame.new(0.000500, 0.000100, 0.000000, 1.000000, 0.000000, 0.000000, -0.000000, 1.000000, 0.000001, -0.000000, -0.000000, 1.000000),

      ["LeftLowerArm"] = CFrame.new(-0.000500, 0.072429, 0.031050, 1.000000, -0.000000, 0.000000, 0.000000, 0.688771, -0.724979, 0.000000, 0.724979, 0.688771),

      ["LeftLowerLeg"] = CFrame.new(0.000000, 0.123973, -0.079847, 1.000000, -0.000000, -0.000000, 0.000000, 0.173312, 0.984869, -0.000000, -0.984867, 0.173298),

      ["LeftUpperArm"] = CFrame.new(0.000000, -0.000000, 0.000000, 0.842730, 0.130392, -0.522306, -0.278354, 0.936002, -0.215450, 0.460787, 0.326952, 0.825093),

      ["LeftUpperLeg"] = CFrame.new(-0.000000, -0.000000, -0.000100, 0.979645, 0.020004, -0.199738, -0.169734, 0.613777, -0.771003, 0.107171, 0.789226, 0.604697),

      ["LowerTorso"] = CFrame.new(0.140823, -0.164588, 0.182174, 0.507393, -0.349947, 0.787458, -0.251400, 0.813956, 0.523711, -0.824227, -0.463694, 0.325019),

      ["RightFoot"] = CFrame.new(0.000000, 0.022505, -0.000102, 0.992694, -0.092304, -0.077721, 0.050125, 0.901336, -0.430234, 0.109758, 0.423170, 0.899365),

      ["RightHand"] = CFrame.new(-0.000500, 0.000000, 0.000000, 1.000000, 0.000000, -0.000000, 0.000000, 1.000000, 0.000001, 0.000000, -0.000000, 1.000000),

      ["RightLowerArm"] = CFrame.new(-0.000000, 0.063848, 0.022954, 1.000000, 0.000000, 0.000000, 0.000000, 0.769825, -0.638255, -0.000000, 0.638255, 0.769825),

      ["RightLowerLeg"] = CFrame.new(0.000000, 0.095792, -0.034225, 1.000000, 0.000000, 0.000000, -0.000000, 0.648716, 0.761036, 0.000000, -0.761031, 0.648710),

      ["RightUpperArm"] = CFrame.new(0.000000, -0.000000, -0.000000, 0.731659, 0.346160, 0.587238, 0.124981, 0.778744, -0.614766, -0.670116, 0.523193, 0.526511),

      ["RightUpperLeg"] = CFrame.new(-0.000000, 0.000000, -0.000000, 0.985795, -0.167901, -0.004299, 0.103749, 0.628852, -0.770559, 0.132081, 0.759180, 0.637354),

      ["UpperTorso"] = CFrame.new(-0.000000, 0.000000, 0.000000, 0.997075, -0.069916, 0.030876, 0.047340, 0.882097, 0.468683, -0.060004, -0.465851, 0.882826),

    }},

    {Time = 0.183, Data = {

      ["Head"] = CFrame.new(-0.000000, 0.000000, -0.000000, 0.905716, 0.271493, -0.325530, -0.275491, 0.960677, 0.034714, 0.322154, 0.058240, 0.944894),

      ["LeftFoot"] = CFrame.new(-0.000000, 0.032559, -0.000001, 0.931837, 0.277588, 0.233736, -0.145513, 0.875869, -0.460105, -0.332423, 0.394714, 0.856546),

      ["LeftHand"] = CFrame.new(0.000500, 0.000100, 0.000000, 1.000000, -0.000000, 0.000000, 0.000000, 1.000000, 0.000001, -0.000000, -0.000000, 1.000000),

      ["LeftLowerArm"] = CFrame.new(-0.000500, 0.075624, 0.034571, 1.000000, -0.000000, -0.000000, -0.000000, 0.653534, -0.756897, 0.000000, 0.756897, 0.653534),

      ["LeftLowerLeg"] = CFrame.new(-0.000000, 0.126049, -0.098523, 1.000000, -0.000000, -0.000000, 0.000000, -0.021034, 0.999779, -0.000000, -0.999779, -0.021046),

      ["LeftUpperArm"] = CFrame.new(-0.000000, 0.000000, 0.000000, 0.891626, 0.141609, -0.430057, -0.242147, 0.951722, -0.188655, 0.382580, 0.272347, 0.882870),

      ["LeftUpperLeg"] = CFrame.new(-0.000000, 0.000000, -0.000100, 0.971386, -0.009420, -0.237319, -0.185020, 0.596502, -0.780982, 0.148918, 0.802556, 0.577708),

      ["LowerTorso"] = CFrame.new(0.231939, -0.129054, 0.182125, 0.357256, -0.466297, 0.809281, -0.373130, 0.723064, 0.581337, -0.856237, -0.509653, 0.084330),

      ["RightFoot"] = CFrame.new(-0.000000, 0.024210, -0.000102, 0.985053, -0.131768, -0.110951, 0.070343, 0.895654, -0.439178, 0.157232, 0.424784, 0.891523),

      ["RightHand"] = CFrame.new(-0.000500, 0.000000, 0.000000, 1.000000, 0.000000, -0.000000, 0.000000, 1.000000, 0.000001, 0.000000, -0.000000, 1.000000),

      ["RightLowerArm"] = CFrame.new(-0.000000, 0.067063, 0.025730, 1.000000, 0.000000, 0.000000, 0.000000, 0.742025, -0.670372, -0.000000, 0.670372, 0.742025),

      ["RightLowerLeg"] = CFrame.new(-0.000000, 0.100746, -0.038598, 1.000000, 0.000000, 0.000000, -0.000000, 0.603194, 0.797600, 0.000000, -0.797595, 0.603186),

      ["RightUpperArm"] = CFrame.new(-0.000000, -0.000000, 0.000000, 0.678788, 0.367297, 0.635877, 0.196015, 0.743878, -0.638924, -0.707690, 0.558335, 0.432940),

      ["RightUpperLeg"] = CFrame.new(0.000000, -0.000000, 0.000000, 0.964773, -0.263046, -0.004366, 0.129730, 0.490096, -0.861951, 0.228873, 0.831031, 0.506973),

      ["UpperTorso"] = CFrame.new(-0.000000, -0.000000, 0.000000, 0.997104, -0.069380, 0.031146, 0.046624, 0.881236, 0.470372, -0.060081, -0.467558, 0.881918),

    }},

    {Time = 0.200, Data = {

      ["Head"] = CFrame.new(0.000000, -0.000000, 0.000000, 0.905462, 0.260332, -0.335211, -0.260554, 0.964402, 0.045173, 0.335038, 0.046438, 0.941060),

      ["LeftFoot"] = CFrame.new(-0.000000, 0.032946, -0.000001, 0.918762, 0.302019, 0.254307, -0.132947, 0.843130, -0.521035, -0.371755, 0.444877, 0.814770),

      ["LeftHand"] = CFrame.new(0.000500, 0.000100, 0.000000, 1.000000, 0.000000, 0.000000, 0.000000, 1.000000, 0.000001, -0.000000, -0.000000, 1.000000),

      ["LeftLowerArm"] = CFrame.new(-0.000500, 0.078396, 0.037918, 1.000000, -0.000000, -0.000000, 0.000000, 0.620033, -0.784576, 0.000000, 0.784576, 0.620033),

      ["LeftLowerLeg"] = CFrame.new(0.000000, 0.126017, -0.102434, 1.000000, -0.000000, -0.000000, 0.000000, -0.061838, 0.998085, -0.000000, -0.998086, -0.061850),

      ["LeftUpperArm"] = CFrame.new(-0.000000, -0.000000, 0.000000, 0.936136, 0.144521, -0.320568, -0.206173, 0.964084, -0.167439, 0.284856, 0.222838, 0.932309),

      ["LeftUpperLeg"] = CFrame.new(0.000000, 0.000000, -0.000100, 0.964854, 0.134924, -0.225503, -0.258573, 0.640513, -0.723092, 0.046874, 0.756002, 0.652906),

      ["LowerTorso"] = CFrame.new(0.327932, -0.082820, 0.178875, 0.217802, -0.585107, 0.781161, -0.505986, 0.616723, 0.603018, -0.834590, -0.526595, -0.161733),

      ["RightFoot"] = CFrame.new(0.000000, 0.025234, -0.000102, 0.978962, -0.156088, -0.131428, 0.084034, 0.895344, -0.437398, 0.185933, 0.417127, 0.889612),

      ["RightHand"] = CFrame.new(-0.000500, 0.000000, 0.000000, 1.000000, 0.000000, -0.000000, 0.000000, 1.000000, 0.000001, 0.000000, -0.000000, 1.000000),

      ["RightLowerArm"] = CFrame.new(0.000000, 0.070171, 0.028655, 1.000000, 0.000000, 0.000000, 0.000000, 0.712746, -0.701423, -0.000000, 0.701423, 0.712746),

      ["RightLowerLeg"] = CFrame.new(0.000000, 0.104517, -0.042716, 1.000000, 0.000000, 0.000000, -0.000000, 0.560493, 0.828166, 0.000000, -0.828159, 0.560484),

      ["RightUpperArm"] = CFrame.new(0.000000, -0.000000, -0.000000, 0.630024, 0.382339, 0.675934, 0.267646, 0.710170, -0.651172, -0.728996, 0.591165, 0.345092),

      ["RightUpperLeg"] = CFrame.new(0.000000, 0.000000, -0.000000, 0.920322, -0.390611, 0.020741, 0.155327, 0.316252, -0.935866, 0.359001, 0.864527, 0.351744),

      ["UpperTorso"] = CFrame.new(-0.000000, -0.000000, 0.000000, 0.997253, -0.067168, 0.031209, 0.045084, 0.884830, 0.463727, -0.058762, -0.461047, 0.885428),

    }},

    {Time = 0.217, Data = {

      ["Head"] = CFrame.new(0.000000, 0.000000, -0.000000, 0.907454, 0.244754, -0.341501, -0.240185, 0.969092, 0.056317, 0.344730, 0.030918, 0.938193),

      ["LeftFoot"] = CFrame.new(0.000000, 0.032065, -0.000001, 0.966234, 0.197108, 0.165970, -0.092119, 0.865761, -0.491926, -0.240637, 0.460007, 0.854671),

      ["LeftHand"] = CFrame.new(0.000500, 0.000100, 0.000000, 1.000000, 0.000000, 0.000000, 0.000000, 1.000000, 0.000001, -0.000000, -0.000000, 1.000000),

      ["LeftLowerArm"] = CFrame.new(-0.000500, 0.080710, 0.040958, 1.000000, -0.000000, -0.000000, 0.000000, 0.589608, -0.807690, 0.000000, 0.807690, 0.589608),

      ["LeftLowerLeg"] = CFrame.new(-0.000000, 0.125693, -0.090446, 1.000000, -0.000000, -0.000000, 0.000000, 0.062982, 0.998016, -0.000000, -0.998015, 0.062968),

      ["LeftUpperArm"] = CFrame.new(0.000000, -0.000000, -0.000000, 0.968068, 0.142579, -0.206195, -0.176786, 0.971441, -0.158269, 0.177740, 0.189667, 0.965627),

      ["LeftUpperLeg"] = CFrame.new(-0.000000, -0.000000, -0.000100, 0.907391, 0.394367, -0.145300, -0.387722, 0.652025, -0.651548, -0.162212, 0.647563, 0.744562),

      ["LowerTorso"] = CFrame.new(0.422110, -0.026928, 0.174047, 0.105504, -0.691774, 0.714365, -0.633372, 0.507066, 0.584572, -0.766622, -0.514133, -0.384653),

      ["RightFoot"] = CFrame.new(0.000000, 0.025891, -0.000102, 0.977152, -0.162591, -0.136903, 0.091232, 0.902582, -0.420762, 0.191966, 0.398635, 0.896781),

      ["RightHand"] = CFrame.new(-0.000500, 0.000000, 0.000000, 1.000000, -0.000000, -0.000000, -0.000000, 1.000000, 0.000001, 0.000000, -0.000000, 1.000000),

      ["RightLowerArm"] = CFrame.new(-0.000000, 0.073089, 0.031644, 1.000000, 0.000000, 0.000000, -0.000000, 0.682833, -0.730574, -0.000000, 0.730574, 0.682833),

      ["RightLowerLeg"] = CFrame.new(-0.000000, 0.106431, -0.044835, 1.000000, 0.000000, 0.000000, -0.000000, 0.538415, 0.842686, 0.000000, -0.842680, 0.538406),

      ["RightUpperArm"] = CFrame.new(-0.000000, -0.000000, -0.000000, 0.592125, 0.392349, 0.703882, 0.332552, 0.676653, -0.656924, -0.734028, 0.623059, 0.270186),

      ["RightUpperLeg"] = CFrame.new(0.000000, 0.000000, -0.000000, 0.844356, -0.530104, 0.077787, 0.171699, 0.130170, -0.976509, 0.507526, 0.837882, 0.200945),

      ["UpperTorso"] = CFrame.new(0.000000, 0.000000, 0.000000, 0.997474, -0.063848, 0.031126, 0.042935, 0.891053, 0.451864, -0.056586, -0.449386, 0.891544),

    }},

    {Time = 0.233, Data = {

      ["Head"] = CFrame.new(-0.000000, 0.000000, 0.000000, 0.910630, 0.226682, -0.345497, -0.216474, 0.973889, 0.068409, 0.351982, 0.012496, 0.935923),

      ["LeftFoot"] = CFrame.new(0.000000, 0.029856, -0.000002, 0.999128, 0.031937, 0.026892, -0.021750, 0.947944, -0.317711, -0.035635, 0.316833, 0.947806),

      ["LeftHand"] = CFrame.new(0.000500, 0.000100, 0.000000, 1.000000, -0.000000, 0.000000, 0.000000, 1.000000, 0.000001, -0.000000, -0.000000, 1.000000),

      ["LeftLowerArm"] = CFrame.new(-0.000500, 0.082547, 0.043555, 1.000000, -0.000000, -0.000000, 0.000000, 0.563622, -0.826033, 0.000000, 0.826033, 0.563622),

      ["LeftLowerLeg"] = CFrame.new(0.000000, 0.120262, -0.067546, 1.000000, -0.000000, -0.000000, 0.000000, 0.301199, 0.953566, -0.000000, -0.953561, 0.301185),

      ["LeftUpperArm"] = CFrame.new(-0.000000, -0.000000, 0.000000, 0.984662, 0.142675, -0.100422, -0.158244, 0.972722, -0.169619, 0.073482, 0.182909, 0.980380),

      ["LeftUpperLeg"] = CFrame.new(-0.000000, 0.000000, -0.000100, 0.807743, 0.589097, -0.022668, -0.475427, 0.628168, -0.615918, -0.348598, 0.508300, 0.787484),

      ["LowerTorso"] = CFrame.new(0.507780, 0.037581, 0.169269, 0.028576, -0.775737, 0.630410, -0.741206, 0.406697, 0.534051, -0.670669, -0.482525, -0.563359),

      ["RightFoot"] = CFrame.new(-0.000000, 0.025373, -0.000102, 0.979656, -0.153518, -0.129264, 0.092379, 0.916752, -0.388651, 0.178157, 0.368780, 0.912273),

      ["RightHand"] = CFrame.new(-0.000500, 0.000000, -0.000000, 1.000000, -0.000000, -0.000000, -0.000000, 1.000000, 0.000001, 0.000000, -0.000000, 1.000000),

      ["RightLowerArm"] = CFrame.new(-0.000000, 0.075747, 0.034598, 1.000000, 0.000000, 0.000000, 0.000000, 0.653264, -0.757131, -0.000000, 0.757131, 0.653264),

      ["RightLowerLeg"] = CFrame.new(0.000000, 0.104928, -0.043162, 1.000000, 0.000000, 0.000000, -0.000000, 0.555844, 0.831293, 0.000000, -0.831287, 0.555834),

      ["RightUpperArm"] = CFrame.new(0.000000, 0.000000, -0.000000, 0.572412, 0.397762, 0.717028, 0.384309, 0.642324, -0.663119, -0.724328, 0.655138, 0.214811),

      ["RightUpperLeg"] = CFrame.new(-0.000000, 0.000000, -0.000000, 0.738268, -0.656676, 0.154054, 0.174386, -0.034825, -0.984062, 0.651575, 0.753369, 0.088819),

      ["UpperTorso"] = CFrame.new(-0.000000, -0.000000, -0.000000, 0.997719, -0.059989, 0.030970, 0.040406, 0.898106, 0.437920, -0.054085, -0.435669, 0.898480),

    }},

    {Time = 0.250, Data = {

      ["Head"] = CFrame.new(-0.000000, -0.000000, 0.000000, 0.914005, 0.208131, -0.348249, -0.191590, 0.978069, 0.081700, 0.357615, -0.007953, 0.933835),

      ["LeftFoot"] = CFrame.new(0.000000, 0.025273, -0.000002, 0.991591, -0.098995, -0.083356, 0.092835, 0.992868, -0.074800, 0.090162, 0.066427, 0.993709),

      ["LeftHand"] = CFrame.new(0.000500, 0.000100, 0.000000, 1.000000, -0.000000, 0.000000, -0.000000, 1.000000, 0.000001, -0.000000, -0.000000, 1.000000),

      ["LeftLowerArm"] = CFrame.new(-0.000500, 0.083891, 0.045573, 1.000000, -0.000000, -0.000000, 0.000000, 0.543428, -0.839456, 0.000000, 0.839456, 0.543428),

      ["LeftLowerLeg"] = CFrame.new(-0.000000, 0.105418, -0.043381, 1.000000, -0.000000, -0.000000, 0.000000, 0.552525, 0.833503, -0.000000, -0.833496, 0.552516),

      ["LeftUpperArm"] = CFrame.new(-0.000000, -0.000000, 0.000000, 0.988046, 0.153276, -0.016466, -0.153280, 0.965415, -0.210901, -0.016430, 0.210904, 0.977369),

      ["LeftUpperLeg"] = CFrame.new(-0.000000, -0.000000, -0.000100, 0.752471, 0.655278, 0.066316, -0.506222, 0.639814, -0.578240, -0.421339, 0.401558, 0.813167),

      ["LowerTorso"] = CFrame.new(0.578249, 0.109668, 0.166163, -0.014603, -0.833072, 0.552972, -0.822594, 0.324409, 0.467009, -0.568441, -0.448052, -0.690017),

      ["RightFoot"] = CFrame.new(0.000000, 0.023272, -0.000102, 0.984518, -0.134088, -0.112903, 0.087839, 0.934780, -0.344216, 0.151686, 0.328948, 0.932077),

      ["RightHand"] = CFrame.new(-0.000500, 0.000000, 0.000000, 1.000000, 0.000000, -0.000000, -0.000000, 1.000000, 0.000001, 0.000000, -0.000000, 1.000000),

      ["RightLowerArm"] = CFrame.new(0.000000, 0.078091, 0.037411, 1.000000, 0.000000, 0.000000, 0.000000, 0.625108, -0.780538, -0.000000, 0.780538, 0.625108),

      ["RightLowerLeg"] = CFrame.new(-0.000000, 0.098068, -0.036183, 1.000000, 0.000000, 0.000000, -0.000000, 0.628353, 0.777934, 0.000000, -0.777929, 0.628346),

      ["RightUpperArm"] = CFrame.new(-0.000000, 0.000000, -0.000000, 0.577930, 0.398242, 0.712320, 0.416877, 0.606310, -0.677201, -0.701577, 0.688325, 0.184387),

      ["RightUpperLeg"] = CFrame.new(0.000000, -0.000000, -0.000000, 0.614852, -0.757946, 0.217870, 0.167098, -0.144803, -0.975252, 0.770737, 0.636043, 0.037630),

      ["UpperTorso"] = CFrame.new(-0.000000, -0.000000, 0.000000, 0.997945, -0.056162, 0.030852, 0.037751, 0.904341, 0.425139, -0.051777, -0.423100, 0.904602),

    }},

    {Time = 0.267, Data = {

      ["Head"] = CFrame.new(0.000000, -0.000000, -0.000000, 0.916870, 0.190823, -0.350624, -0.167361, 0.981176, 0.096351, 0.362410, -0.029661, 0.931547),

      ["LeftFoot"] = CFrame.new(0.000000, 0.019019, -0.000003, 0.977184, -0.162474, -0.136807, 0.178022, 0.977826, 0.110299, 0.115846, -0.132132, 0.984438),

      ["LeftHand"] = CFrame.new(0.000500, 0.000100, 0.000000, 1.000000, -0.000000, 0.000000, -0.000000, 1.000000, 0.000001, -0.000000, -0.000000, 1.000000),

      ["LeftLowerArm"] = CFrame.new(-0.000500, 0.084749, 0.046919, 1.000000, -0.000000, -0.000000, 0.000000, 0.529965, -0.848019, 0.000000, 0.848020, 0.529965),

