return {

  ["poodle hip twerk"] = {

    {Time = 0.000, Data = {

      ["Head"] = CFrame.new(0.000000, 0.000000, 0.000000, 0.784568, -0.061638, 0.616971, -0.080486, 0.976504, 0.199906, -0.614796, -0.206497, 0.761173),

      ["LeftFoot"] = CFrame.new(-0.000000, -0.023918, -0.000003, 0.998841, -0.036813, -0.030997, 0.041984, 0.981395, 0.187376, 0.023521, -0.188436, 0.981799),

      ["LeftHand"] = CFrame.new(0.000500, 0.000100, 0.000000, 1.000000, 0.000000, 0.000000, 0.000000, 1.000000, 0.000001, -0.000000, -0.000000, 1.000000),

      ["LeftLowerArm"] = CFrame.new(-0.000500, 0.086796, 0.050336, 1.000000, -0.000000, -0.000000, 0.000000, 0.495779, -0.868449, 0.000000, 0.868449, 0.495778),

      ["LeftLowerLeg"] = CFrame.new(0.000000, -0.023433, -0.000210, 1.000000, -0.000000, 0.000000, -0.000000, 1.000000, -0.000007, 0.000000, -0.000010, 1.000000),

      ["LeftUpperArm"] = CFrame.new(-0.000000, -0.000000, 0.000000, 0.870205, 0.351941, -0.344792, -0.077282, 0.788655, 0.609960, 0.486592, -0.504144, 0.713490),

      ["LeftUpperLeg"] = CFrame.new(0.000000, -0.000000, -0.000100, 0.981821, 0.053897, 0.181996, 0.086773, 0.725321, -0.682916, -0.168812, 0.686298, 0.707462),

      ["LowerTorso"] = CFrame.new(0.000000, 0.090776, 0.126803, 1.000000, -0.000000, -0.000000, 0.000000, 0.773059, 0.634334, 0.000000, -0.634334, 0.773059),

      ["RightFoot"] = CFrame.new(0.000000, -0.024574, -0.000103, 0.999552, 0.022898, 0.019281, -0.026038, 0.982842, 0.182625, -0.014767, -0.183022, 0.982993),

      ["RightHand"] = CFrame.new(-0.000500, 0.000000, -0.000001, 1.000000, 0.000000, -0.000000, -0.000000, 1.000000, 0.000001, 0.000000, -0.000000, 1.000000),

      ["RightLowerArm"] = CFrame.new(0.000000, 0.099186, 0.086518, 1.000000, 0.000000, -0.000000, -0.000000, 0.133830, -0.991004, -0.000000, 0.991004, 0.133829),

      ["RightLowerLeg"] = CFrame.new(0.000000, -0.024487, -0.000321, 1.000000, 0.000000, 0.000000, -0.000000, 1.000000, -0.000007, 0.000000, -0.000010, 1.000000),

      ["RightUpperArm"] = CFrame.new(0.000000, 0.000000, -0.000000, 0.265284, 0.033789, 0.963578, 0.233639, -0.971853, -0.030244, 0.935434, 0.233153, -0.265712),

      ["RightUpperLeg"] = CFrame.new(0.000000, -0.000000, -0.000000, 0.991694, -0.033419, -0.124204, -0.061310, 0.726066, -0.684882, 0.113068, 0.686812, 0.717990),

      ["UpperTorso"] = CFrame.new(0.000000, -0.080516, 0.098125, 1.000000, 0.000000, 0.000000, -0.000000, 0.773059, -0.634334, -0.000000, 0.634334, 0.773059),

    }},

    {Time = 0.017, Data = {

      ["Head"] = CFrame.new(0.000000, 0.000000, 0.000000, 0.784568, -0.061638, 0.616971, -0.079942, 0.976686, 0.199232, -0.614867, -0.205633, 0.761350),

      ["LeftFoot"] = CFrame.new(-0.000000, -0.016800, -0.000003, 0.999742, -0.017368, -0.014624, 0.019560, 0.985880, 0.166332, 0.011528, -0.166552, 0.985961),

      ["LeftHand"] = CFrame.new(0.000500, 0.000100, 0.000000, 1.000000, 0.000000, 0.000000, 0.000000, 1.000000, 0.000001, -0.000000, -0.000000, 1.000000),

      ["LeftLowerArm"] = CFrame.new(-0.000500, 0.086772, 0.050295, 1.000000, -0.000000, -0.000000, 0.000000, 0.496183, -0.868218, 0.000000, 0.868218, 0.496183),

      ["LeftLowerLeg"] = CFrame.new(0.000000, -0.016341, -0.000116, 1.000000, -0.000000, 0.000000, -0.000000, 1.000000, -0.000007, -0.000000, -0.000010, 1.000000),

      ["LeftUpperArm"] = CFrame.new(0.000000, -0.000000, 0.000000, 0.870205, 0.351771, -0.344964, -0.077220, 0.788890, 0.609663, 0.486600, -0.503894, 0.713660),

      ["LeftUpperLeg"] = CFrame.new(-0.000000, -0.000000, -0.000100, 0.984032, 0.057714, 0.168375, 0.073755, 0.728715, -0.680830, -0.161990, 0.682380, 0.712826),

      ["LowerTorso"] = CFrame.new(-0.045927, 0.084546, 0.130133, 0.999450, -0.007619, -0.032290, 0.026350, 0.773672, 0.633038, 0.020159, -0.633541, 0.773447),

      ["RightFoot"] = CFrame.new(-0.000000, -0.027204, -0.000103, 0.998413, 0.043077, 0.036272, -0.049721, 0.976731, 0.208649, -0.026439, -0.210096, 0.977318),

      ["RightHand"] = CFrame.new(-0.000500, 0.000000, -0.000000, 1.000000, 0.000113, -0.000069, -0.000113, 1.000000, -0.000223, 0.000069, 0.000224, 1.000000),

      ["RightLowerArm"] = CFrame.new(-0.000000, 0.099194, 0.086571, 1.000000, 0.000000, 0.000000, -0.000000, 0.133298, -0.991076, -0.000000, 0.991076, 0.133297),

      ["RightLowerLeg"] = CFrame.new(0.000000, -0.027108, -0.000356, 1.000000, 0.000000, 0.000000, 0.000000, 1.000000, -0.000007, 0.000000, -0.000010, 1.000000),

      ["RightUpperArm"] = CFrame.new(0.000000, 0.000000, 0.000000, 0.265447, 0.033399, 0.963547, 0.233887, -0.971778, -0.030749, 0.935326, 0.233523, -0.265767),

      ["RightUpperLeg"] = CFrame.new(0.000000, -0.000000, -0.000000, 0.991152, -0.031655, -0.128906, -0.066632, 0.721261, -0.689447, 0.114799, 0.691939, 0.712773),

      ["UpperTorso"] = CFrame.new(0.051328, -0.081552, 0.091256, 0.999450, 0.026337, 0.020175, -0.007619, 0.774070, -0.633055, -0.032290, 0.632552, 0.773844),

    }},

    {Time = 0.033, Data = {

      ["Head"] = CFrame.new(0.000000, -0.000000, -0.000000, 0.784569, -0.061638, 0.616971, -0.078384, 0.977204, 0.197303, -0.615068, -0.203158, 0.761852),

      ["LeftFoot"] = CFrame.new(0.000000, -0.010019, -0.000003, 0.999994, 0.002567, 0.002161, -0.002854, 0.989271, 0.146084, -0.001763, -0.146068, 0.989270),

      ["LeftHand"] = CFrame.new(0.000500, 0.000100, -0.000000, 1.000000, -0.000000, 0.000000, -0.000000, 1.000000, 0.000001, -0.000000, -0.000000, 1.000000),

      ["LeftLowerArm"] = CFrame.new(-0.000500, 0.086705, 0.050177, 1.000000, -0.000000, -0.000000, 0.000000, 0.497360, -0.867544, 0.000000, 0.867544, 0.497360),

      ["LeftLowerLeg"] = CFrame.new(-0.000000, -0.009584, -0.000026, 1.000000, 0.000000, -0.000000, -0.000000, 1.000000, -0.000007, 0.000000, -0.000010, 1.000000),

      ["LeftUpperArm"] = CFrame.new(-0.000000, -0.000000, 0.000000, 0.870207, 0.351275, -0.345464, -0.077040, 0.789575, 0.608799, 0.486626, -0.503166, 0.714156),

      ["LeftUpperLeg"] = CFrame.new(0.000000, 0.000000, -0.000100, 0.984687, 0.058252, 0.164311, 0.068186, 0.738740, -0.670528, -0.160443, 0.671468, 0.723459),

      ["LowerTorso"] = CFrame.new(-0.093670, 0.077172, 0.133924, 0.997713, -0.010165, -0.066831, 0.049758, 0.779636, 0.624253, 0.045758, -0.626150, 0.778359),

      ["RightFoot"] = CFrame.new(-0.000000, -0.029345, -0.000103, 0.996575, 0.063259, 0.053266, -0.074176, 0.968547, 0.237545, -0.036562, -0.240655, 0.969915),

      ["RightHand"] = CFrame.new(-0.000500, 0.000000, 0.000000, 1.000000, 0.000442, -0.000271, -0.000442, 1.000000, -0.000874, 0.000270, 0.000874, 1.000000),

      ["RightLowerArm"] = CFrame.new(-0.000000, 0.099215, 0.086726, 1.000000, 0.000000, -0.000000, -0.000000, 0.131750, -0.991283, -0.000000, 0.991283, 0.131749),

      ["RightLowerLeg"] = CFrame.new(-0.000000, -0.029242, -0.000384, 1.000000, -0.000000, -0.000000, 0.000000, 1.000000, -0.000007, 0.000000, -0.000010, 1.000000),

      ["RightUpperArm"] = CFrame.new(0.000000, 0.000000, -0.000000, 0.265921, 0.032266, 0.963455, 0.234606, -0.971557, -0.032216, 0.935011, 0.234600, -0.265927),

      ["RightUpperLeg"] = CFrame.new(-0.000000, -0.000000, -0.000000, 0.991260, -0.033301, -0.127654, -0.064720, 0.720426, -0.690501, 0.114960, 0.692731, 0.711978),

      ["UpperTorso"] = CFrame.new(0.102324, -0.082126, 0.077638, 0.997713, 0.049669, 0.045855, -0.010165, 0.780852, -0.624634, -0.066831, 0.622739, 0.779570),

    }},

    {Time = 0.050, Data = {

      ["Head"] = CFrame.new(0.000000, -0.000000, -0.000000, 0.784568, -0.061638, 0.616971, -0.075925, 0.978008, 0.194256, -0.615376, -0.199250, 0.762635),

      ["LeftFoot"] = CFrame.new(-0.000000, -0.003356, -0.000003, 0.999569, 0.022447, 0.018901, -0.024658, 0.991693, 0.126265, -0.015910, -0.126656, 0.991816),

      ["LeftHand"] = CFrame.new(0.000500, 0.000100, 0.000000, 1.000000, 0.000000, 0.000000, -0.000000, 1.000000, 0.000001, -0.000000, -0.000000, 1.000000),

      ["LeftLowerArm"] = CFrame.new(-0.000500, 0.086596, 0.049988, 1.000000, -0.000000, -0.000000, 0.000000, 0.499252, -0.866457, 0.000000, 0.866457, 0.499252),

      ["LeftLowerLeg"] = CFrame.new(0.000000, -0.002944, 0.000062, 1.000000, -0.000000, 0.000000, 0.000000, 1.000000, -0.000007, -0.000000, -0.000010, 1.000000),

      ["LeftUpperArm"] = CFrame.new(-0.000000, -0.000000, 0.000000, 0.870210, 0.350477, -0.346267, -0.076750, 0.790676, 0.607406, 0.486667, -0.501994, 0.714953),

      ["LeftUpperLeg"] = CFrame.new(0.000000, -0.000000, -0.000100, 0.984059, 0.055948, 0.168813, 0.069073, 0.754465, -0.652692, -0.163881, 0.653952, 0.738576),

      ["LowerTorso"] = CFrame.new(-0.141962, 0.068118, 0.137844, 0.994630, -0.008905, -0.103108, 0.070146, 0.790533, 0.608388, 0.076093, -0.612354, 0.786913),

      ["RightFoot"] = CFrame.new(-0.000000, -0.030847, -0.000103, 0.994104, 0.082948, 0.069844, -0.098804, 0.958272, 0.268268, -0.044675, -0.273558, 0.960809),

      ["RightHand"] = CFrame.new(-0.000500, 0.000000, 0.000000, 0.999999, 0.000971, -0.000595, -0.000972, 0.999998, -0.001921, 0.000593, 0.001922, 0.999998),

      ["RightLowerArm"] = CFrame.new(-0.000000, 0.099248, 0.086975, 1.000000, 0.000000, -0.000000, -0.000000, 0.129257, -0.991611, -0.000000, 0.991611, 0.129257),

      ["RightLowerLeg"] = CFrame.new(-0.000000, -0.030739, -0.000404, 1.000000, -0.000000, -0.000000, 0.000000, 1.000000, -0.000007, 0.000000, -0.000010, 1.000000),

      ["RightUpperArm"] = CFrame.new(0.000000, 0.000000, -0.000000, 0.266685, 0.030443, 0.963303, 0.235763, -0.971195, -0.034577, 0.934503, 0.236332, -0.266180),

      ["RightUpperLeg"] = CFrame.new(0.000000, 0.000000, 0.000000, 0.992026, -0.037568, -0.120307, -0.056093, 0.723192, -0.688362, 0.112865, 0.689624, 0.715321),

      ["UpperTorso"] = CFrame.new(0.151590, -0.081541, 0.057987, 0.994630, 0.069849, 0.076365, -0.008905, 0.792911, -0.609272, -0.103108, 0.605321, 0.789276),

    }},

    {Time = 0.067, Data = {

      ["Head"] = CFrame.new(0.000000, 0.000000, 0.000000, 0.784568, -0.061638, 0.616971, -0.072674, 0.979047, 0.190226, -0.615768, -0.194083, 0.763650),

      ["LeftFoot"] = CFrame.new(0.000000, 0.001129, -0.000003, 0.998511, 0.041733, 0.035140, -0.044737, 0.994975, 0.089595, -0.031223, -0.091016, 0.995358),

      ["LeftHand"] = CFrame.new(0.000500, 0.000100, -0.000000, 1.000000, 0.000000, 0.000000, -0.000000, 1.000000, 0.000001, -0.000000, -0.000000, 1.000000),

      ["LeftLowerArm"] = CFrame.new(-0.000500, 0.086448, 0.049734, 1.000000, -0.000000, -0.000000, 0.000000, 0.501802, -0.864983, 0.000000, 0.864983, 0.501802),

      ["LeftLowerLeg"] = CFrame.new(-0.000000, 0.005130, 0.000047, 1.000000, -0.000000, -0.000000, 0.000000, 0.999345, 0.036170, -0.000000, -0.036188, 0.999346),

      ["LeftUpperArm"] = CFrame.new(-0.000000, -0.000000, 0.000000, 0.870213, 0.349397, -0.347349, -0.076360, 0.792157, 0.605522, 0.486723, -0.500409, 0.716025),

      ["LeftUpperLeg"] = CFrame.new(-0.000000, 0.000000, -0.000100, 0.982177, 0.054672, 0.179830, 0.075176, 0.762635, -0.642441, -0.172268, 0.644515, 0.744936),

      ["LowerTorso"] = CFrame.new(-0.189545, 0.056947, 0.141551, 0.990031, -0.005077, -0.140761, 0.087427, 0.805686, 0.585855, 0.110435, -0.592321, 0.798098),

      ["RightFoot"] = CFrame.new(-0.000000, -0.031529, -0.000103, 0.991106, 0.101796, 0.085714, -0.123089, 0.946056, 0.299742, -0.050576, -0.307597, 0.950162),

      ["RightHand"] = CFrame.new(-0.000500, 0.000000, -0.000000, 0.999998, 0.001685, -0.001034, -0.001688, 0.999993, -0.003334, 0.001028, 0.003336, 0.999994),

      ["RightLowerArm"] = CFrame.new(0.000000, 0.099292, 0.087312, 1.000000, 0.000000, -0.000000, -0.000000, 0.125892, -0.992044, -0.000000, 0.992044, 0.125892),

      ["RightLowerLeg"] = CFrame.new(0.000000, -0.031417, -0.000413, 1.000000, -0.000000, -0.000000, 0.000000, 1.000000, -0.000007, 0.000000, -0.000010, 1.000000),

      ["RightUpperArm"] = CFrame.new(0.000000, 0.000000, -0.000000, 0.267719, 0.027984, 0.963090, 0.237320, -0.970697, -0.037765, 0.933812, 0.238671, -0.266515),

      ["RightUpperLeg"] = CFrame.new(0.000000, 0.000000, -0.000000, 0.993309, -0.043699, -0.106897, -0.041442, 0.729106, -0.683142, 0.107792, 0.683005, 0.722420),

      ["UpperTorso"] = CFrame.new(0.197816, -0.079430, 0.033184, 0.990031, 0.086716, 0.110994, -0.005077, 0.809474, -0.587134, -0.140761, 0.580717, 0.801844),

    }},

    {Time = 0.083, Data = {

      ["Head"] = CFrame.new(0.000000, 0.000000, -0.000000, 0.784569, -0.061638, 0.616971, -0.068744, 0.980265, 0.185350, -0.616220, -0.187833, 0.764848),

      ["LeftFoot"] = CFrame.new(0.000000, 0.003452, -0.000003, 0.996929, 0.059904, 0.050440, -0.061681, 0.997501, 0.034461, -0.048248, -0.037455, 0.998132),

      ["LeftHand"] = CFrame.new(0.000500, 0.000100, 0.000000, 1.000000, 0.000000, 0.000000, 0.000000, 1.000000, 0.000001, -0.000000, -0.000000, 1.000000),

      ["LeftLowerArm"] = CFrame.new(-0.000500, 0.086264, 0.049418, 1.000000, -0.000000, -0.000000, 0.000000, 0.504951, -0.863148, 0.000000, 0.863148, 0.504951),

      ["LeftLowerLeg"] = CFrame.new(-0.000000, 0.014859, -0.000489, 1.000000, -0.000000, -0.000000, 0.000000, 0.993825, 0.110938, -0.000000, -0.110955, 0.993827),

      ["LeftUpperArm"] = CFrame.new(-0.000000, -0.000000, 0.000000, 0.870216, 0.348057, -0.348685, -0.075877, 0.793983, 0.603186, 0.486793, -0.498445, 0.717346),

      ["LeftUpperLeg"] = CFrame.new(-0.000000, -0.000000, -0.000100, 0.978925, 0.056104, 0.196365, 0.085061, 0.762139, -0.641795, -0.185665, 0.644978, 0.741310),

      ["LowerTorso"] = CFrame.new(-0.235193, 0.043302, 0.144724, 0.983758, 0.000153, -0.179502, 0.101522, 0.824221, 0.557093, 0.148035, -0.566268, 0.810818),

      ["RightFoot"] = CFrame.new(0.000000, -0.031211, -0.000103, 0.987705, 0.119585, 0.100693, -0.146598, 0.932220, 0.330900, -0.054295, -0.341563, 0.938278),

      ["RightHand"] = CFrame.new(-0.000500, 0.000000, 0.000000, 0.999996, 0.002567, -0.001578, -0.002575, 0.999984, -0.005082, 0.001565, 0.005086, 0.999986),

      ["RightLowerArm"] = CFrame.new(-0.000000, 0.099345, 0.087728, 1.000000, 0.000000, 0.000000, -0.000000, 0.121725, -0.992564, -0.000000, 0.992564, 0.121725),

      ["RightLowerLeg"] = CFrame.new(0.000000, -0.031101, -0.000409, 1.000000, -0.000000, 0.000000, 0.000000, 1.000000, -0.000007, -0.000000, -0.000010, 1.000000),

      ["RightUpperArm"] = CFrame.new(0.000000, 0.000000, -0.000000, 0.269005, 0.024945, 0.962816, 0.239241, -0.970064, -0.041710, 0.932953, 0.241565, -0.266920),

      ["RightUpperLeg"] = CFrame.new(0.000000, -0.000000, 0.000000, 0.994848, -0.050985, -0.087627, -0.021631, 0.737680, -0.674800, 0.099045, 0.673223, 0.732780),

      ["UpperTorso"] = CFrame.new(0.239799, -0.075667, 0.004239, 0.983758, 0.100115, 0.148991, 0.000153, 0.829552, -0.558430, -0.179502, 0.549383, 0.816062),

    }},

    {Time = 0.100, Data = {

      ["Head"] = CFrame.new(0.000000, 0.000000, -0.000000, 0.784568, -0.061638, 0.616971, -0.064246, 0.981610, 0.179764, -0.616705, -0.180675, 0.766180),

      ["LeftFoot"] = CFrame.new(0.000000, 0.005359, -0.000003, 0.994989, 0.076481, 0.064399, -0.075320, 0.996953, -0.020278, -0.065751, 0.015331, 0.997718),

      ["LeftHand"] = CFrame.new(0.000500, 0.000100, -0.000000, 1.000000, 0.000000, 0.000000, 0.000000, 1.000000, 0.000001, -0.000000, -0.000000, 1.000000),

      ["LeftLowerArm"] = CFrame.new(-0.000500, 0.086047, 0.049050, 1.000000, -0.000000, 0.000000, -0.000000, 0.508641, -0.860979, 0.000000, 0.860979, 0.508641),

      ["LeftLowerLeg"] = CFrame.new(0.000000, 0.023909, -0.001553, 1.000000, -0.000000, 0.000000, 0.000000, 0.983034, 0.183406, -0.000000, -0.183422, 0.983037),

      ["LeftUpperArm"] = CFrame.new(-0.000000, -0.000000, 0.000000, 0.870218, 0.346478, -0.350249, -0.075309, 0.796119, 0.600436, 0.486877, -0.496133, 0.718890),

      ["LeftUpperLeg"] = CFrame.new(-0.000000, 0.000000, -0.000100, 0.974123, 0.057624, 0.218552, 0.097154, 0.766311, -0.635074, -0.204074, 0.639881, 0.740888),

      ["LowerTorso"] = CFrame.new(-0.277721, 0.026877, 0.147084, 0.975696, 0.005728, -0.219054, 0.112369, 0.845137, 0.522606, 0.188124, -0.534519, 0.823953),

      ["RightFoot"] = CFrame.new(-0.000000, -0.029653, -0.000103, 0.984023, 0.136193, 0.114676, -0.168985, 0.917250, 0.360722, -0.056057, -0.374306, 0.925597),

      ["RightHand"] = CFrame.new(-0.000500, 0.000001, 0.000000, 0.999991, 0.003602, -0.002220, -0.003617, 0.999968, -0.007134, 0.002194, 0.007142, 0.999972),

      ["RightLowerArm"] = CFrame.new(0.000000, 0.099403, 0.088218, 1.000000, 0.000000, -0.000000, -0.000000, 0.116828, -0.993152, -0.000000, 0.993152, 0.116828),

      ["RightLowerLeg"] = CFrame.new(0.000000, -0.029549, -0.000388, 1.000000, 0.000000, 0.000000, -0.000000, 1.000000, -0.000007, -0.000000, -0.000010, 1.000000),

      ["RightUpperArm"] = CFrame.new(0.000000, 0.000000, -0.000000, 0.270522, 0.021379, 0.962476, 0.241488, -0.969296, -0.046345, 0.931934, 0.244964, -0.267379),

      ["RightUpperLeg"] = CFrame.new(-0.000000, 0.000000, -0.000000, 0.996291, -0.058778, -0.062849, 0.002318, 0.748429, -0.663207, 0.086020, 0.660605, 0.745792),

      ["UpperTorso"] = CFrame.new(0.276479, -0.070260, -0.027725, 0.975696, 0.109912, 0.189569, 0.005728, 0.852019, -0.523480, -0.219054, 0.511843, 0.830682),

    }},

    {Time = 0.117, Data = {

      ["Head"] = CFrame.new(0.000000, -0.000000, 0.000000, 0.784568, -0.061638, 0.616971, -0.059292, 0.983029, 0.173606, -0.617201, -0.172787, 0.767599),

      ["LeftFoot"] = CFrame.new(-0.000000, 0.007071, -0.000003, 0.992893, 0.091036, 0.076655, -0.085224, 0.993462, -0.075959, -0.083064, 0.068885, 0.994160),

      ["LeftHand"] = CFrame.new(0.000500, 0.000100, 0.000000, 1.000000, 0.000000, 0.000000, 0.000000, 1.000000, 0.000001, -0.000000, -0.000000, 1.000000),

      ["LeftLowerArm"] = CFrame.new(-0.000500, 0.085798, 0.048633, 1.000000, -0.000000, -0.000000, 0.000000, 0.512812, -0.858501, 0.000000, 0.858501, 0.512812),

      ["LeftLowerLeg"] = CFrame.new(-0.000000, 0.032754, -0.003172, 1.000000, -0.000000, 0.000000, 0.000000, 0.966651, 0.256085, 0.000000, -0.256099, 0.966654),

      ["LeftUpperArm"] = CFrame.new(-0.000000, 0.000000, 0.000000, 0.870219, 0.344681, -0.352015, -0.074666, 0.798528, 0.597308, 0.486975, -0.493505, 0.720631),

      ["LeftUpperLeg"] = CFrame.new(0.000000, -0.000000, -0.000100, 0.967606, 0.060403, 0.245133, 0.109809, 0.773610, -0.624066, -0.227333, 0.630777, 0.741924),

      ["LowerTorso"] = CFrame.new(-0.316002, 0.007392, 0.148410, 0.965791, 0.010731, -0.259101, 0.119939, 0.867373, 0.482990, 0.229920, -0.497544, 0.836413),

      ["RightFoot"] = CFrame.new(0.000000, -0.026608, -0.000103, 0.980175, 0.151563, 0.127618, -0.189986, 0.901768, 0.388259, -0.056235, -0.404776, 0.912671),

      ["RightHand"] = CFrame.new(-0.000500, 0.000000, -0.000001, 0.999984, 0.004773, -0.002949, -0.004801, 0.999944, -0.009459, 0.002904, 0.009474, 0.999951),

      ["RightLowerArm"] = CFrame.new(0.000000, 0.099468, 0.088773, 1.000000, 0.000000, -0.000000, -0.000000, 0.111271, -0.993790, -0.000000, 0.993790, 0.111271),

      ["RightLowerLeg"] = CFrame.new(-0.000000, -0.026514, -0.000348, 1.000000, 0.000000, 0.000000, 0.000000, 1.000000, -0.000007, 0.000000, -0.000010, 1.000000),

      ["RightUpperArm"] = CFrame.new(0.000000, 0.000000, 0.000000, 0.272252, 0.017342, 0.962070, 0.244026, -0.968395, -0.051600, 0.930769, 0.248818, -0.267880),

      ["RightUpperLeg"] = CFrame.new(0.000000, 0.000000, 0.000000, 0.997239, -0.066499, -0.033053, 0.029255, 0.760891, -0.648217, 0.068256, 0.645464, 0.760738),

      ["UpperTorso"] = CFrame.new(0.306956, -0.063242, -0.061493, 0.965791, 0.116023, 0.231921, 0.010731, 0.875685, -0.482764, -0.259101, 0.468738, 0.844483),

    }},

    {Time = 0.133, Data = {

      ["Head"] = CFrame.new(0.000000, 0.000000, 0.000000, 0.784568, -0.061638, 0.616971, -0.053993, 0.984475, 0.167013, -0.617687, -0.164345, 0.769060),

      ["LeftFoot"] = CFrame.new(0.000000, 0.008683, -0.000003, 0.990860, 0.103191, 0.086889, -0.091133, 0.986939, -0.132844, -0.099456, 0.123704, 0.987321),

      ["LeftHand"] = CFrame.new(0.000500, 0.000100, 0.000000, 1.000000, 0.000000, 0.000000, -0.000000, 1.000000, 0.000001, -0.000000, -0.000000, 1.000000),

      ["LeftLowerArm"] = CFrame.new(-0.000500, 0.085522, 0.048174, 1.000000, -0.000000, -0.000000, 0.000000, 0.517407, -0.855740, 0.000000, 0.855740, 0.517407),

      ["LeftLowerLeg"] = CFrame.new(-0.000000, 0.041519, -0.005387, 1.000000, -0.000000, -0.000000, 0.000000, 0.944220, 0.329303, -0.000000, -0.329315, 0.944224),

      ["LeftUpperArm"] = CFrame.new(-0.000000, -0.000000, 0.000000, 0.870218, 0.342687, -0.353958, -0.073956, 0.801176, 0.593841, 0.487085, -0.490594, 0.722542),

      ["LeftUpperLeg"] = CFrame.new(0.000000, 0.000000, -0.000100, 0.959285, 0.065268, 0.274795, 0.121385, 0.783223, -0.609765, -0.255024, 0.618305, 0.743420),

      ["LowerTorso"] = CFrame.new(-0.348976, -0.015441, 0.148549, 0.954060, 0.014418, -0.299270, 0.124245, 0.889875, 0.438960, 0.272642, -0.455977, 0.847202),

      ["RightFoot"] = CFrame.new(0.000000, -0.021756, -0.000103, 0.976262, 0.165683, 0.139507, -0.209413, 0.886502, 0.412659, -0.055301, -0.432046, 0.900139),

      ["RightHand"] = CFrame.new(-0.000500, 0.000000, 0.000000, 0.999975, 0.006066, -0.003758, -0.006110, 0.999909, -0.012028, 0.003685, 0.012051, 0.999921),

      ["RightLowerArm"] = CFrame.new(-0.000000, 0.099535, 0.089388, 1.000000, 0.000000, -0.000000, -0.000000, 0.105126, -0.994459, -0.000000, 0.994459, 0.105126),

      ["RightLowerLeg"] = CFrame.new(0.000000, -0.021679, -0.000284, 1.000000, -0.000000, 0.000000, 0.000000, 1.000000, -0.000007, -0.000000, -0.000010, 1.000000),

      ["RightUpperArm"] = CFrame.new(0.000000, 0.000000, -0.000000, 0.274176, 0.012889, 0.961593, 0.246815, -0.967361, -0.057407, 0.929468, 0.253075, -0.268409),

      ["RightUpperLeg"] = CFrame.new(0.000000, 0.000000, -0.000000, 0.997284, -0.073649, 0.001164, 0.057942, 0.774639, -0.629740, 0.045478, 0.628100, 0.776806),

      ["UpperTorso"] = CFrame.new(0.330515, -0.054557, -0.095782, 0.954060, 0.118417, 0.275223, 0.014418, 0.899373, -0.436944, -0.299269, 0.420839, 0.856348),

    }},

    {Time = 0.150, Data = {

      ["Head"] = CFrame.new(0.000000, 0.000000, 0.000000, 0.784568, -0.061638, 0.616971, -0.048464, 0.985906, 0.160124, -0.618145, -0.155529, 0.770524),

      ["LeftFoot"] = CFrame.new(0.000000, 0.010267, -0.000003, 0.989104, 0.112617, 0.094826, -0.092910, 0.977121, -0.191327, -0.114196, 0.180420, 0.976935),

      ["LeftHand"] = CFrame.new(0.000500, 0.000100, 0.000000, 1.000000, 0.000000, 0.000000, -0.000000, 1.000000, 0.000001, -0.000000, -0.000000, 1.000000),

      ["LeftLowerArm"] = CFrame.new(-0.000500, 0.085220, 0.047678, 1.000000, -0.000000, -0.000000, 0.000000, 0.522366, -0.852721, 0.000000, 0.852721, 0.522366),

      ["LeftLowerLeg"] = CFrame.new(0.000000, 0.050337, -0.008276, 1.000000, -0.000000, -0.000000, 0.000000, 0.914903, 0.403666, -0.000000, -0.403675, 0.914906),

      ["LeftUpperArm"] = CFrame.new(-0.000000, 0.000000, 0.000000, 0.870215, 0.340518, -0.356053, -0.073187, 0.804026, 0.590073, 0.487206, -0.487431, 0.724597),

      ["LeftUpperLeg"] = CFrame.new(-0.000000, 0.000000, -0.000100, 0.949191, 0.072971, 0.306124, 0.130342, 0.794229, -0.593462, -0.286438, 0.603221, 0.744373),

      ["LowerTorso"] = CFrame.new(-0.375665, -0.041934, 0.147409, 0.940604, 0.016244, -0.339116, 0.125350, 0.911664, 0.391352, 0.315517, -0.410615, 0.855479),

      ["RightFoot"] = CFrame.new(-0.000000, -0.014739, -0.000103, 0.972376, 0.178558, 0.150347, -0.227139, 0.872239, 0.433168, -0.053792, -0.455320, 0.888685),

      ["RightHand"] = CFrame.new(-0.000500, 0.000000, -0.000000, 0.999961, 0.007463, -0.004639, -0.007531, 0.999862, -0.014809, 0.004527, 0.014843, 0.999880),

      ["RightLowerArm"] = CFrame.new(0.000000, 0.099604, 0.090054, 1.000000, 0.000000, -0.000000, -0.000000, 0.098465, -0.995140, -0.000000, 0.995140, 0.098465),

      ["RightLowerLeg"] = CFrame.new(-0.000000, -0.014686, -0.000191, 1.000000, -0.000000, 0.000000, -0.000000, 1.000000, -0.000007, 0.000000, -0.000010, 1.000000),

      ["RightUpperArm"] = CFrame.new(0.000000, 0.000000, -0.000000, 0.276274, 0.008075, 0.961045, 0.249819, -0.966195, -0.063698, 0.928043, 0.257686, -0.268952),

      ["RightUpperLeg"] = CFrame.new(0.000000, 0.000000, -0.000000, 0.996043, -0.079808, 0.039111, 0.087109, 0.789292, -0.607804, 0.017637, 0.608810, 0.793124),

      ["UpperTorso"] = CFrame.new(0.346633, -0.043969, -0.129268, 0.940604, 0.117136, 0.318658, 0.016244, 0.921993, -0.386866, -0.339116, 0.369064, 0.865327),

    }},

    {Time = 0.167, Data = {

      ["Head"] = CFrame.new(0.000000, 0.000000, 0.000000, 0.784568, -0.061638, 0.616971, -0.042817, 0.987286, 0.153082, -0.618562, -0.146520, 0.771954),

      ["LeftFoot"] = CFrame.new(0.000000, 0.011880, -0.000003, 0.987821, 0.119028, 0.100224, -0.090556, 0.963539, -0.251794, -0.126532, 0.239634, 0.962577),

      ["LeftHand"] = CFrame.new(0.000500, 0.000100, 0.000000, 1.000000, -0.000000, 0.000000, -0.000000, 1.000000, 0.000001, -0.000000, -0.000000, 1.000000),

      ["LeftLowerArm"] = CFrame.new(-0.000500, 0.084895, 0.047152, 1.000000, -0.000000, -0.000000, 0.000000, 0.527632, -0.849473, 0.000000, 0.849473, 0.527632),

      ["LeftLowerLeg"] = CFrame.new(0.000000, 0.059306, -0.011958, 1.000000, -0.000000, -0.000000, 0.000000, 0.877458, 0.479648, -0.000000, -0.479654, 0.877461),

      ["LeftUpperArm"] = CFrame.new(-0.000000, -0.000000, 0.000000, 0.870209, 0.338196, -0.358274, -0.072369, 0.807043, 0.586041, 0.487339, -0.484050, 0.726771),

      ["LeftUpperLeg"] = CFrame.new(-0.000000, -0.000000, -0.000100, 0.937508, 0.084172, 0.337631, 0.135328, 0.805713, -0.576626, -0.320569, 0.586295, 0.743981),

      ["LowerTorso"] = CFrame.new(-0.395175, -0.072454, 0.144958, 0.925613, 0.015880, -0.378139, 0.123369, 0.931890, 0.341119, 0.357801, -0.362394, 0.860610),

      ["RightFoot"] = CFrame.new(0.000000, -0.005195, -0.000103, 0.968596, 0.190198, 0.160148, -0.243082, 0.859781, 0.449129, -0.052268, -0.473921, 0.878997),

      ["RightHand"] = CFrame.new(-0.000500, 0.000000, -0.000000, 0.999944, 0.008949, -0.005581, -0.009047, 0.999801, -0.017770, 0.005421, 0.017820, 0.999827),

      ["RightLowerArm"] = CFrame.new(0.000000, 0.099672, 0.090764, 1.000000, 0.000000, -0.000000, -0.000000, 0.091360, -0.995818, -0.000000, 0.995818, 0.091359),

      ["RightLowerLeg"] = CFrame.new(-0.000000, -0.005176, -0.000065, 1.000000, 0.000000, 0.000000, -0.000000, 1.000000, -0.000007, -0.000000, -0.000010, 1.000000),

      ["RightUpperArm"] = CFrame.new(0.000000, 0.000000, -0.000000, 0.278526, 0.002955, 0.960424, 0.253002, -0.964901, -0.070403, 0.926506, 0.262598, -0.269498),

      ["RightUpperLeg"] = CFrame.new(0.000000, -0.000000, 0.000000, 0.993192, -0.084639, 0.080039, 0.115510, 0.804509, -0.582595, -0.015081, 0.587879, 0.808812),

      ["UpperTorso"] = CFrame.new(0.354979, -0.030989, -0.160633, 0.925612, 0.112296, 0.361429, 0.015880, 0.942604, -0.333535, -0.378139, 0.314463, 0.870703),

    }},

    {Time = 0.183, Data = {

      ["Head"] = CFrame.new(0.000000, 0.000000, 0.000000, 0.784568, -0.061638, 0.616971, -0.037167, 0.988582, 0.146026, -0.618927, -0.137498, 0.773320),

      ["LeftFoot"] = CFrame.new(0.000000, 0.013522, -0.000003, 0.987233, 0.121849, 0.102599, -0.084213, 0.945972, -0.313141, -0.135203, 0.300482, 0.944148),

      ["LeftHand"] = CFrame.new(0.000500, 0.000100, -0.000000, 1.000000, 0.000000, 0.000000, 0.000000, 1.000000, 0.000001, -0.000000, -0.000000, 1.000000),

      ["LeftLowerArm"] = CFrame.new(-0.000500, 0.084549, 0.046601, 1.000000, -0.000000, -0.000000, 0.000000, 0.533147, -0.846023, 0.000000, 0.846023, 0.533146),

      ["LeftLowerLeg"] = CFrame.new(-0.000000, 0.068184, -0.016419, 1.000000, -0.000000, -0.000000, 0.000000, 0.831968, 0.554820, -0.000000, -0.554823, 0.831970),

      ["LeftUpperArm"] = CFrame.new(-0.000000, -0.000000, 0.000000, 0.870200, 0.335742, -0.360597, -0.071508, 0.810194, 0.581784, 0.487483, -0.480483, 0.729038),

      ["LeftUpperLeg"] = CFrame.new(-0.000000, -0.000000, -0.000100, 0.924433, 0.098995, 0.368273, 0.135287, 0.817767, -0.559409, -0.356540, 0.566972, 0.742588),

      ["LowerTorso"] = CFrame.new(-0.406878, -0.107142, 0.141249, 0.909383, 0.013085, -0.415754, 0.118539, 0.949908, 0.289177, 0.398712, -0.312256, 0.862279),

      ["RightFoot"] = CFrame.new(-0.000000, 0.002355, -0.000103, 0.964850, 0.201032, 0.169270, -0.255748, 0.866486, 0.428744, -0.060478, -0.456933, 0.887427),

      ["RightHand"] = CFrame.new(-0.000500, 0.000000, -0.000001, 0.999923, 0.010509, -0.006577, -0.010644, 0.999725, -0.020883, 0.006355, 0.020951, 0.999760),

      ["RightLowerArm"] = CFrame.new(-0.000000, 0.099739, 0.091512, 1.000000, 0.000000, -0.000000, 0.000000, 0.083882, -0.996476, -0.000000, 0.996476, 0.083882),

      ["RightLowerLeg"] = CFrame.new(-0.000000, 0.009044, -0.000207, 1.000000, 0.000000, 0.000000, -0.000000, 0.997731, 0.067307, -0.000000, -0.067324, 0.997732),

      ["RightUpperArm"] = CFrame.new(-0.000000, 0.000000, -0.000000, 0.280911, -0.002416, 0.959731, 0.256327, -0.963482, -0.077452, 0.924870, 0.267762, -0.270034),

      ["RightUpperLeg"] = CFrame.new(-0.000000, -0.000000, -0.000000, 0.988551, -0.083312, 0.125805, 0.141628, 0.799924, -0.583144, -0.052051, 0.594291, 0.802568),

      ["UpperTorso"] = CFrame.new(0.355546, -0.015162, -0.188850, 0.909383, 0.104159, 0.402708, 0.013085, 0.960499, -0.277977, -0.415754, 0.258057, 0.872098),

    }},

    {Time = 0.200, Data = {

      ["Head"] = CFrame.new(0.000000, 0.000000, 0.000000, 0.784568, -0.061638, 0.616971, -0.031627, 0.989773, 0.139100, -0.619235, -0.128647, 0.774595),

      ["LeftFoot"] = CFrame.new(0.000000, 0.015769, -0.000003, 0.987506, 0.120548, 0.101503, -0.074714, 0.925245, -0.371964, -0.138745, 0.359709, 0.922681),

      ["LeftHand"] = CFrame.new(0.000500, 0.000100, 0.000000, 1.000000, 0.000000, 0.000000, 0.000000, 1.000000, 0.000001, -0.000000, -0.000000, 1.000000),

      ["LeftLowerArm"] = CFrame.new(-0.000500, 0.084186, 0.046030, 1.000000, -0.000000, -0.000000, 0.000000, 0.538853, -0.842400, 0.000000, 0.842400, 0.538853),

      ["LeftLowerLeg"] = CFrame.new(0.000000, 0.076911, -0.021285, 1.000000, -0.000000, -0.000000, 0.000000, 0.781998, 0.623282, -0.000000, -0.623281, 0.781997),

      ["LeftUpperArm"] = CFrame.new(-0.000000, -0.000000, 0.000000, 0.870187, 0.333179, -0.362996, -0.070615, 0.813442, 0.577343, 0.487635, -0.476764, 0.731374),

      ["LeftUpperLeg"] = CFrame.new(0.000000, -0.000000, -0.000100, 0.910063, 0.116623, 0.397728, 0.129252, 0.831887, -0.539666, -0.393802, 0.542552, 0.742006),

      ["LowerTorso"] = CFrame.new(-0.410918, -0.145021, 0.136555, 0.892418, 0.007259, -0.451151, 0.111423, 0.965360, 0.235936, 0.437235, -0.260822, 0.860696),

      ["RightFoot"] = CFrame.new(-0.000000, 0.005811, -0.000103, 0.961103, 0.211274, 0.177895, -0.264441, 0.889792, 0.371969, -0.079699, -0.404516, 0.911039),

      ["RightHand"] = CFrame.new(-0.000500, 0.000000, 0.000000, 0.999897, 0.012127, -0.007616, -0.012307, 0.999633, -0.024115, 0.007321, 0.024206, 0.999680),

      ["RightLowerArm"] = CFrame.new(-0.000000, 0.099803, 0.092290, 1.000000, 0.000000, 0.000000, -0.000000, 0.076106, -0.997100, -0.000000, 0.997100, 0.076105),

      ["RightLowerLeg"] = CFrame.new(0.000000, 0.024972, -0.001849, 1.000000, 0.000000, -0.000000, -0.000000, 0.981061, 0.193685, 0.000000, -0.193701, 0.981064),

      ["RightUpperArm"] = CFrame.new(0.000000, 0.000000, -0.000000, 0.283409, -0.007983, 0.958966, 0.259758, -0.961945, -0.084776, 0.923149, 0.273126, -0.270550),

      ["RightUpperLeg"] = CFrame.new(0.000000, -0.000000, -0.000000, 0.982250, -0.071357, 0.173471, 0.163590, 0.778368, -0.606112, -0.091774, 0.623740, 0.776232),

      ["UpperTorso"] = CFrame.new(0.349044, 0.002832, -0.213899, 0.892418, 0.093351, 0.441447, 0.007259, 0.975267, -0.220909, -0.451151, 0.200348, 0.869669),

    }},

    {Time = 0.217, Data = {

      ["Head"] = CFrame.new(0.000000, 0.000000, 0.000000, 0.784568, -0.061638, 0.616971, -0.026312, 0.990841, 0.132448, -0.619484, -0.120149, 0.775760),

      ["LeftFoot"] = CFrame.new(-0.000000, 0.018569, -0.000003, 0.988654, 0.114911, 0.096756, -0.063017, 0.901941, -0.427260, -0.136356, 0.416290, 0.898937),

      ["LeftHand"] = CFrame.new(0.000500, 0.000100, 0.000000, 1.000000, 0.000000, 0.000000, -0.000000, 1.000000, 0.000001, -0.000000, -0.000000, 1.000000),

      ["LeftLowerArm"] = CFrame.new(-0.000500, 0.083809, 0.045447, 1.000000, -0.000000, -0.000000, 0.000000, 0.544694, -0.838635, 0.000000, 0.838635, 0.544694),

      ["LeftLowerLeg"] = CFrame.new(0.000000, 0.085326, -0.026375, 1.000000, -0.000000, -0.000000, 0.000000, 0.729296, 0.684201, -0.000000, -0.684198, 0.729294),

      ["LeftUpperArm"] = CFrame.new(-0.000000, -0.000000, 0.000000, 0.870171, 0.330530, -0.365449, -0.069697, 0.816757, 0.572757, 0.487796, -0.472926, 0.733755),

      ["LeftUpperLeg"] = CFrame.new(0.000000, 0.000000, -0.000100, 0.894586, 0.136937, 0.425402, 0.116255, 0.847815, -0.517374, -0.431510, 0.512307, 0.742534),

      ["LowerTorso"] = CFrame.new(-0.407696, -0.184853, 0.131188, 0.875398, -0.002129, -0.483398, 0.102655, 0.978001, 0.181595, 0.472377, -0.208591, 0.856359),

      ["RightFoot"] = CFrame.new(0.000000, 0.008411, -0.000103, 0.957530, 0.220562, 0.185718, -0.270057, 0.911706, 0.309638, -0.101019, -0.346620, 0.932541),

      ["RightHand"] = CFrame.new(-0.000500, 0.000000, 0.000001, 0.999867, 0.013786, -0.008691, -0.014020, 0.999525, -0.027436, 0.008308, 0.027555, 0.999586),

      ["RightLowerArm"] = CFrame.new(0.000000, 0.099861, 0.093090, 1.000000, 0.000000, -0.000000, -0.000000, 0.068103, -0.997678, -0.000000, 0.997678, 0.068103),

      ["RightLowerLeg"] = CFrame.new(-0.000000, 0.038717, -0.004763, 1.000000, 0.000000, -0.000000, -0.000000, 0.951556, 0.307462, -0.000000, -0.307475, 0.951560),

      ["RightUpperArm"] = CFrame.new(-0.000000, 0.000000, -0.000000, 0.285997, -0.013693, 0.958133, 0.263261, -0.960299, -0.092306, 0.921357, 0.278638, -0.271038),

      ["RightUpperLeg"] = CFrame.new(-0.000000, 0.000000, -0.000000, 0.974694, -0.052912, 0.217190, 0.179965, 0.762072, -0.621971, -0.132604, 0.645327, 0.752317),

      ["UpperTorso"] = CFrame.new(0.336444, 0.022032, -0.235980, 0.875398, 0.080600, 0.476636, -0.002129, 0.986635, -0.162932, -0.483398, 0.141616, 0.863870),

    }},

    {Time = 0.233, Data = {

      ["Head"] = CFrame.new(0.000000, 0.000000, 0.000000, 0.784569, -0.061638, 0.616971, -0.021337, 0.991773, 0.126215, -0.619675, -0.112188, 0.776799),

      ["LeftFoot"] = CFrame.new(0.000000, 0.021331, -0.000003, 0.990582, 0.104743, 0.088194, -0.050020, 0.876393, -0.479017, -0.127458, 0.470068, 0.873364),

      ["LeftHand"] = CFrame.new(0.000500, 0.000100, 0.000000, 1.000000, 0.000000, 0.000000, 0.000000, 1.000000, 0.000001, -0.000000, -0.000000, 1.000000),

      ["LeftLowerArm"] = CFrame.new(-0.000500, 0.083421, 0.044855, 1.000000, -0.000000, -0.000000, 0.000000, 0.550615, -0.834759, 0.000000, 0.834759, 0.550615),

      ["LeftLowerLeg"] = CFrame.new(-0.000000, 0.092999, -0.031671, 1.000000, -0.000000, -0.000000, 0.000000, 0.674196, 0.738557, -0.000000, -0.738552, 0.674191),

      ["LeftUpperArm"] = CFrame.new(-0.000000, -0.000000, 0.000000, 0.870151, 0.327818, -0.367931, -0.068764, 0.820104, 0.568068, 0.487965, -0.469004, 0.736156),

      ["LeftUpperLeg"] = CFrame.new(-0.000000, -0.000000, -0.000100, 0.878247, 0.160218, 0.450573, 0.095460, 0.864502, -0.493462, -0.468582, 0.476411, 0.743962),

      ["LowerTorso"] = CFrame.new(-0.397707, -0.225423, 0.125412, 0.859147, -0.015374, -0.511498, 0.092836, 0.987645, 0.126248, 0.503238, -0.155951, 0.849959),

      ["RightFoot"] = CFrame.new(-0.000000, 0.010584, -0.000103, 0.954359, 0.228463, 0.192371, -0.271949, 0.931000, 0.243496, -0.123459, -0.284681, 0.950633),

      ["RightHand"] = CFrame.new(-0.000500, 0.000000, 0.000000, 0.999832, 0.015473, -0.009790, -0.015768, 0.999401, -0.030816, 0.009308, 0.030966, 0.999477),

      ["RightLowerArm"] = CFrame.new(-0.000000, 0.099914, 0.093905, 1.000000, 0.000000, 0.000000, -0.000000, 0.059949, -0.998202, -0.000000, 0.998201, 0.059948),

      ["RightLowerLeg"] = CFrame.new(0.000000, 0.050792, -0.008618, 1.000000, 0.000000, -0.000000, -0.000000, 0.912437, 0.409208, 0.000000, -0.409217, 0.912441),

      ["RightUpperArm"] = CFrame.new(0.000000, 0.000000, -0.000000, 0.288653, -0.019491, 0.957235, 0.266800, -0.958553, -0.099971, 0.919509, 0.284248, -0.271490),

      ["RightUpperLeg"] = CFrame.new(0.000000, -0.000000, -0.000000, 0.966483, -0.029542, 0.255027, 0.189724, 0.751421, -0.631948, -0.172963, 0.659162, 0.731849),

      ["UpperTorso"] = CFrame.new(0.318816, 0.041527, -0.255301, 0.859147, 0.066624, 0.507374, -0.015374, 0.994402, -0.104543, -0.511498, 0.082018, 0.855361),

    }},

    {Time = 0.250, Data = {

      ["Head"] = CFrame.new(0.000000, 0.000000, 0.000000, 0.784569, -0.061638, 0.616971, -0.016815, 0.992566, 0.120543, -0.619814, -0.104949, 0.777699),

      ["LeftFoot"] = CFrame.new(-0.000000, 0.023488, -0.000003, 0.993064, 0.089942, 0.075732, -0.036720, 0.849124, -0.526941, -0.111692, 0.520480, 0.846521),

      ["LeftHand"] = CFrame.new(0.000500, 0.000100, 0.000000, 1.000000, -0.000000, 0.000000, -0.000000, 1.000000, 0.000001, -0.000000, -0.000000, 1.000000),

      ["LeftLowerArm"] = CFrame.new(-0.000500, 0.083025, 0.044261, 1.000000, -0.000000, -0.000000, 0.000000, 0.556562, -0.830806, 0.000000, 0.830806, 0.556562),

      ["LeftLowerLeg"] = CFrame.new(0.000000, 0.099465, -0.037148, 1.000000, -0.000000, -0.000000, 0.000000, 0.617268, 0.786759, -0.000000, -0.786753, 0.617260),

      ["LeftUpperArm"] = CFrame.new(-0.000000, -0.000000, 0.000000, 0.870127, 0.325067, -0.370420, -0.067822, 0.823454, 0.563315, 0.488139, -0.465033, 0.738556),

      ["LeftUpperLeg"] = CFrame.new(-0.000000, -0.000001, -0.000100, 0.861368, 0.186526, 0.472501, 0.066260, 0.880942, -0.468542, -0.503641, 0.434913, 0.746466),

      ["LowerTorso"] = CFrame.new(-0.381544, -0.265526, 0.119425, 0.844596, -0.032528, -0.534415, 0.082508, 0.994137, 0.069887, 0.529009, -0.103120, 0.842328),

      ["RightFoot"] = CFrame.new(0.000000, 0.012514, -0.000103, 0.951872, 0.234456, 0.197417, -0.269617, 0.946837, 0.175530, -0.145758, -0.220297, 0.964477),

      ["RightHand"] = CFrame.new(-0.000500, 0.000000, 0.000000, 0.999793, 0.017170, -0.010906, -0.017534, 0.999260, -0.034224, 0.010310, 0.034409, 0.999355),

      ["RightLowerArm"] = CFrame.new(0.000000, 0.099961, 0.094729, 1.000000, 0.000000, -0.000000, -0.000000, 0.051715, -0.998662, -0.000000, 0.998662, 0.051715),

      ["RightLowerLeg"] = CFrame.new(0.000000, 0.061481, -0.013168, 1.000000, 0.000000, 0.000000, -0.000000, 0.866151, 0.499777, 0.000000, -0.499782, 0.866154),

      ["RightUpperArm"] = CFrame.new(0.000000, 0.000000, -0.000000, 0.291354, -0.025323, 0.956280, 0.270344, -0.956721, -0.107702, 0.917620, 0.289904, -0.271899),

      ["RightUpperLeg"] = CFrame.new(0.000000, -0.000001, -0.000000, 0.958313, -0.003034, 0.285704, 0.192252, 0.746565, -0.636918, -0.211364, 0.665306, 0.716037),

      ["UpperTorso"] = CFrame.new(0.297298, 0.060476, -0.272120, 0.844596, 0.052107, 0.532862, -0.032528, 0.998408, -0.046074, -0.534415, 0.021581, 0.844947),

    }},

    {Time = 0.267, Data = {

      ["Head"] = CFrame.new(0.000000, 0.000000, 0.000000, 0.784568, -0.061638, 0.616971, -0.012860, 0.993215, 0.115579, -0.619909, -0.098614, 0.778453),

      ["LeftFoot"] = CFrame.new(0.000000, 0.025024, -0.000003, 0.995732, 0.070599, 0.059444, -0.024221, 0.821425, -0.569827, -0.089052, 0.565930, 0.819612),

      ["LeftHand"] = CFrame.new(0.000500, 0.000100, 0.000000, 1.000000, -0.000000, 0.000000, 0.000000, 1.000000, 0.000001, -0.000000, -0.000000, 1.000000),

      ["LeftLowerArm"] = CFrame.new(-0.000500, 0.082625, 0.043669, 1.000000, -0.000000, -0.000000, 0.000000, 0.562480, -0.826811, 0.000000, 0.826811, 0.562480),

