return {

  ["poodle feel up"] = {

    {Time = 0.000, Data = {

      ["Head"] = CFrame.new(-0.000000, 0.000000, -0.000000, 1.000000, -0.000000, -0.000000, 0.000000, 0.996513, -0.083433, 0.000000, 0.083433, 0.996513),

      ["LeftFoot"] = CFrame.new(-0.000000, -0.020107, -0.000003, 0.999540, -0.023202, -0.019536, 0.026775, 0.977581, 0.208876, 0.014251, -0.209279, 0.977747),

      ["LeftHand"] = CFrame.new(0.000498, 0.003025, -0.000000, 0.929900, -0.317911, 0.184985, 0.174823, 0.824510, 0.538167, -0.323609, -0.468098, 0.822287),

      ["LeftLowerArm"] = CFrame.new(-0.000500, 0.015039, 0.000732, 1.000000, -0.000000, -0.000000, 0.000000, 0.992412, -0.122959, 0.000000, 0.122958, 0.992412),

      ["LeftLowerLeg"] = CFrame.new(0.000000, -0.019637, -0.000159, 1.000000, -0.000000, -0.000000, 0.000000, 1.000000, -0.000007, 0.000000, -0.000010, 1.000000),

      ["LeftUpperArm"] = CFrame.new(-0.062530, -0.092186, 0.223879, 0.874940, -0.475206, 0.093062, -0.184371, -0.504632, -0.843418, 0.447759, 0.720781, -0.529137),

      ["LeftUpperLeg"] = CFrame.new(0.000000, -0.000000, -0.000100, 0.990076, 0.051493, 0.130758, -0.004387, 0.941322, -0.337474, -0.140463, 0.333558, 0.932209),

      ["LowerTorso"] = CFrame.new(0.000000, 0.000000, 0.000000, 1.000000, 0.000000, -0.000000, 0.000000, 0.990950, 0.134230, 0.000000, -0.134230, 0.990950),

      ["RightFoot"] = CFrame.new(-0.000000, -0.003309, -0.000103, 0.994375, 0.081021, 0.068222, -0.083337, 0.996014, 0.031801, -0.065370, -0.037295, 0.997163),

      ["RightHand"] = CFrame.new(-0.000521, -0.031379, 0.000000, 0.983251, 0.157708, -0.091353, -0.100819, 0.888210, 0.448242, 0.151831, -0.431521, 0.889232),

      ["RightLowerArm"] = CFrame.new(-0.000001, -0.031340, 0.000170, 1.000000, 0.000000, 0.000000, -0.000000, 1.000000, -0.000001, -0.000000, -0.000000, 1.000000),

      ["RightLowerLeg"] = CFrame.new(0.000000, -0.003296, -0.000040, 1.000000, 0.000000, 0.000000, 0.000000, 1.000000, -0.000007, -0.000000, -0.000011, 1.000000),

      ["RightUpperArm"] = CFrame.new(0.092709, -0.057295, 0.284308, 0.814582, 0.526158, -0.244161, 0.114590, -0.558609, -0.821477, -0.568617, 0.641182, -0.515325),

      ["RightUpperLeg"] = CFrame.new(0.000000, -0.000000, -0.000000, 0.969108, -0.087470, -0.230607, 0.049019, 0.984655, -0.167478, 0.241718, 0.151007, 0.958526),

      ["UpperTorso"] = CFrame.new(-0.000000, 0.000000, 0.000000, 1.000000, -0.000000, 0.000000, -0.000000, 0.998687, 0.051223, -0.000000, -0.051223, 0.998687),

    }},

    {Time = 0.008, Data = {

      ["Head"] = CFrame.new(-0.000000, 0.000000, 0.000000, 1.000000, -0.000000, -0.000000, 0.000000, 0.996513, -0.083433, 0.000000, 0.083433, 0.996513),

      ["LeftFoot"] = CFrame.new(-0.000000, -0.020107, -0.000003, 0.999540, -0.023202, -0.019536, 0.026775, 0.977581, 0.208876, 0.014251, -0.209279, 0.977747),

      ["LeftHand"] = CFrame.new(0.000498, 0.003561, 0.000000, 0.931479, -0.314441, 0.182961, 0.167758, 0.817519, 0.550931, -0.322806, -0.482484, 0.814249),

      ["LeftLowerArm"] = CFrame.new(-0.000500, 0.018208, 0.001091, 1.000000, -0.000000, -0.000000, 0.000000, 0.988750, -0.149579, 0.000000, 0.149578, 0.988750),

      ["LeftLowerLeg"] = CFrame.new(0.000000, -0.019637, -0.000159, 1.000000, -0.000000, -0.000000, 0.000000, 1.000000, -0.000007, 0.000000, -0.000010, 1.000000),

      ["LeftUpperArm"] = CFrame.new(-0.063292, -0.092554, 0.225210, 0.873416, -0.478403, 0.090968, -0.185108, -0.498938, -0.846638, 0.450421, 0.722628, -0.524337),

      ["LeftUpperLeg"] = CFrame.new(0.000000, -0.000000, -0.000100, 0.990076, 0.051493, 0.130758, -0.004387, 0.941322, -0.337474, -0.140463, 0.333558, 0.932209),

      ["LowerTorso"] = CFrame.new(0.000000, 0.000000, 0.000000, 1.000000, 0.000000, -0.000000, 0.000000, 0.990950, 0.134230, 0.000000, -0.134230, 0.990950),

      ["RightFoot"] = CFrame.new(-0.000000, -0.003309, -0.000103, 0.994375, 0.081021, 0.068222, -0.083337, 0.996014, 0.031801, -0.065370, -0.037295, 0.997163),

      ["RightHand"] = CFrame.new(-0.000519, -0.029017, -0.000001, 0.984143, 0.153497, -0.088893, -0.097771, 0.887569, 0.450183, 0.147999, -0.434349, 0.888501),

      ["RightLowerArm"] = CFrame.new(-0.000001, -0.028981, 0.000158, 1.000000, 0.000000, 0.000000, -0.000000, 1.000000, -0.000001, -0.000000, -0.000000, 1.000000),

      ["RightLowerLeg"] = CFrame.new(0.000000, -0.003296, -0.000040, 1.000000, 0.000000, 0.000000, 0.000000, 1.000000, -0.000007, -0.000000, -0.000011, 1.000000),

      ["RightUpperArm"] = CFrame.new(0.093937, -0.057908, 0.285936, 0.812126, 0.527766, -0.248827, 0.115816, -0.563774, -0.817769, -0.571873, 0.635313, -0.518978),

      ["RightUpperLeg"] = CFrame.new(0.000000, -0.000000, -0.000000, 0.969108, -0.087470, -0.230607, 0.049019, 0.984655, -0.167478, 0.241718, 0.151007, 0.958526),

      ["UpperTorso"] = CFrame.new(-0.000000, 0.000000, 0.000000, 1.000000, -0.000000, 0.000000, -0.000000, 0.998395, 0.056640, -0.000000, -0.056640, 0.998395),

    }},

    {Time = 0.017, Data = {

      ["Head"] = CFrame.new(-0.000000, 0.000000, 0.000000, 1.000000, -0.000000, -0.000000, 0.000000, 0.996476, -0.083884, 0.000000, 0.083884, 0.996476),

      ["LeftFoot"] = CFrame.new(0.000000, -0.019503, -0.000003, 0.999539, -0.023213, -0.019546, 0.026790, 0.977545, 0.209042, 0.014254, -0.209446, 0.977711),

      ["LeftHand"] = CFrame.new(0.000497, 0.004301, -0.000000, 0.932065, -0.313143, 0.182205, 0.160690, 0.808065, 0.566758, -0.324707, -0.498972, 0.803484),

      ["LeftLowerArm"] = CFrame.new(-0.000500, 0.022754, 0.001741, 1.000000, -0.000000, -0.000000, 0.000000, 0.982146, -0.188123, 0.000000, 0.188122, 0.982146),

      ["LeftLowerLeg"] = CFrame.new(-0.000000, -0.019035, -0.000151, 1.000000, -0.000000, -0.000000, 0.000000, 1.000000, -0.000007, 0.000000, -0.000010, 1.000000),

      ["LeftUpperArm"] = CFrame.new(-0.063579, -0.094627, 0.225158, 0.872842, -0.480926, 0.082803, -0.186996, -0.486338, -0.853527, 0.450753, 0.729510, -0.514428),

      ["LeftUpperLeg"] = CFrame.new(0.000000, -0.000000, -0.000100, 0.990075, 0.051528, 0.130756, -0.004397, 0.941265, -0.337634, -0.140474, 0.333715, 0.932151),

      ["LowerTorso"] = CFrame.new(0.000000, -0.001221, 0.000042, 1.000000, 0.000000, -0.000000, 0.000000, 0.990950, 0.134230, 0.000000, -0.134230, 0.990950),

      ["RightFoot"] = CFrame.new(-0.000000, -0.002689, -0.000103, 0.994368, 0.081070, 0.068263, -0.083391, 0.996008, 0.031852, -0.065405, -0.037351, 0.997159),

      ["RightHand"] = CFrame.new(-0.000516, -0.024893, -0.000000, 0.984317, 0.152658, -0.088404, -0.097128, 0.887324, 0.450805, 0.147260, -0.435145, 0.888234),

      ["RightLowerArm"] = CFrame.new(-0.000001, -0.024864, 0.000135, 1.000000, -0.000000, 0.000000, -0.000000, 1.000000, -0.000001, -0.000000, -0.000000, 1.000000),

      ["RightLowerLeg"] = CFrame.new(0.000000, -0.002679, -0.000032, 1.000000, 0.000000, -0.000000, 0.000000, 1.000000, -0.000007, -0.000000, -0.000011, 1.000000),

      ["RightUpperArm"] = CFrame.new(0.094183, -0.060596, 0.285849, 0.811635, 0.528017, -0.249895, 0.118639, -0.567859, -0.814531, -0.571991, 0.631454, -0.523538),

      ["RightUpperLeg"] = CFrame.new(0.000000, -0.000000, -0.000000, 0.969094, -0.087531, -0.230641, 0.049063, 0.984644, -0.167533, 0.241764, 0.151046, 0.958508),

      ["UpperTorso"] = CFrame.new(-0.000000, -0.000000, 0.000000, 1.000000, -0.000000, 0.000000, -0.000000, 0.998070, 0.062097, -0.000000, -0.062097, 0.998070),

    }},

    {Time = 0.025, Data = {

      ["Head"] = CFrame.new(-0.000000, 0.000000, 0.000000, 1.000000, -0.000000, -0.000000, 0.000000, 0.996362, -0.085219, 0.000000, 0.085219, 0.996362),

      ["LeftFoot"] = CFrame.new(-0.000000, -0.017765, -0.000003, 0.999538, -0.023245, -0.019573, 0.026834, 0.977439, 0.209531, 0.014260, -0.209935, 0.977606),

      ["LeftHand"] = CFrame.new(0.000496, 0.005384, 0.000000, 0.930768, -0.316007, 0.183881, 0.153534, 0.794276, 0.587841, -0.331811, -0.518908, 0.787801),

      ["LeftLowerArm"] = CFrame.new(-0.000500, 0.029738, 0.003061, 1.000000, -0.000000, -0.000000, 0.000000, 0.968745, -0.248058, 0.000000, 0.248057, 0.968745),

      ["LeftLowerLeg"] = CFrame.new(-0.000000, -0.017303, -0.000128, 1.000000, 0.000000, 0.000000, 0.000000, 1.000000, -0.000007, -0.000000, -0.000010, 1.000000),

      ["LeftUpperArm"] = CFrame.new(-0.062948, -0.099928, 0.222450, 0.874105, -0.481586, 0.063372, -0.190973, -0.460685, -0.866775, 0.446621, 0.745549, -0.494657),

      ["LeftUpperLeg"] = CFrame.new(0.000000, -0.000000, -0.000100, 0.990070, 0.051630, 0.130750, -0.004425, 0.941096, -0.338105, -0.140504, 0.334176, 0.931982),

      ["LowerTorso"] = CFrame.new(0.000000, -0.004800, 0.000166, 1.000000, 0.000000, -0.000000, 0.000000, 0.990950, 0.134230, 0.000000, -0.134230, 0.990950),

      ["RightFoot"] = CFrame.new(-0.000000, -0.000913, -0.000103, 0.994348, 0.081214, 0.068385, -0.083550, 0.995990, 0.031999, -0.065509, -0.037519, 0.997146),

      ["RightHand"] = CFrame.new(-0.000511, -0.017501, -0.000000, 0.983129, 0.158276, -0.091685, -0.101086, 0.887887, 0.448823, 0.152442, -0.431979, 0.888905),

      ["RightLowerArm"] = CFrame.new(-0.000001, -0.017480, 0.000095, 1.000000, 0.000000, 0.000000, -0.000000, 1.000000, -0.000001, -0.000000, -0.000000, 1.000000),

      ["RightLowerLeg"] = CFrame.new(0.000000, -0.000909, -0.000009, 1.000000, -0.000000, 0.000000, -0.000000, 1.000000, -0.000007, -0.000000, -0.000011, 1.000000),

      ["RightUpperArm"] = CFrame.new(0.092544, -0.067207, 0.282467, 0.814912, 0.525708, -0.244030, 0.124375, -0.569852, -0.812281, -0.566083, 0.631585, -0.529764),

      ["RightUpperLeg"] = CFrame.new(0.000000, -0.000000, -0.000000, 0.969054, -0.087713, -0.230741, 0.049190, 0.984610, -0.167695, 0.241899, 0.151162, 0.958456),

      ["UpperTorso"] = CFrame.new(-0.000000, 0.000000, 0.000000, 1.000000, -0.000000, 0.000000, -0.000000, 0.997714, 0.067582, -0.000000, -0.067582, 0.997714),

    }},

    {Time = 0.033, Data = {

      ["Head"] = CFrame.new(-0.000000, 0.000000, 0.000000, 1.000000, -0.000000, -0.000000, 0.000000, 0.996173, -0.087407, 0.000000, 0.087407, 0.996173),

      ["LeftFoot"] = CFrame.new(0.000000, -0.014941, -0.000003, 0.999536, -0.023297, -0.019617, 0.026906, 0.977266, 0.210328, 0.014270, -0.210734, 0.977434),

      ["LeftHand"] = CFrame.new(0.000496, 0.006611, 0.000000, 0.927761, -0.322537, 0.187697, 0.147050, 0.778252, 0.610495, -0.342980, -0.538789, 0.769458),

      ["LeftLowerArm"] = CFrame.new(-0.000500, 0.037993, 0.005149, 1.000000, -0.000000, -0.000000, 0.000000, 0.947532, -0.319661, 0.000000, 0.319661, 0.947532),

      ["LeftLowerLeg"] = CFrame.new(0.000000, -0.014489, -0.000091, 1.000000, -0.000000, 0.000000, 0.000000, 1.000000, -0.000007, 0.000000, -0.000010, 1.000000),

      ["LeftUpperArm"] = CFrame.new(-0.061526, -0.108174, 0.217341, 0.876948, -0.479262, 0.035654, -0.196702, -0.425631, -0.883259, 0.438488, 0.767559, -0.467527),

      ["LeftUpperLeg"] = CFrame.new(0.000000, -0.000000, -0.000100, 0.990063, 0.051796, 0.130739, -0.004471, 0.940819, -0.338874, -0.140554, 0.334929, 0.931704),

      ["LowerTorso"] = CFrame.new(0.000000, -0.010614, 0.000366, 1.000000, 0.000000, -0.000000, 0.000000, 0.990950, 0.134230, 0.000000, -0.134230, 0.990950),

      ["RightFoot"] = CFrame.new(-0.000000, 0.000676, -0.000103, 0.994315, 0.081450, 0.068583, -0.083256, 0.996242, 0.023885, -0.066377, -0.029447, 0.997359),

      ["RightHand"] = CFrame.new(-0.000505, -0.007248, -0.000000, 0.980574, 0.169708, -0.098362, -0.109327, 0.889194, 0.444279, 0.162859, -0.424891, 0.890472),

      ["RightLowerArm"] = CFrame.new(-0.000000, -0.007239, 0.000039, 1.000000, 0.000000, 0.000000, -0.000000, 1.000000, -0.000001, -0.000000, -0.000000, 1.000000),

      ["RightLowerLeg"] = CFrame.new(0.000000, 0.002449, -0.000007, 1.000000, 0.000000, 0.000000, 0.000000, 0.999841, 0.017797, 0.000000, -0.017815, 0.999842),

      ["RightUpperArm"] = CFrame.new(0.089259, -0.077408, 0.276034, 0.821482, 0.521020, -0.231743, 0.132606, -0.569804, -0.811011, -0.554601, 0.635501, -0.537174),

      ["RightUpperLeg"] = CFrame.new(0.000000, -0.000000, -0.000000, 0.968988, -0.090182, -0.230064, 0.049398, 0.982927, -0.177233, 0.242119, 0.160379, 0.956901),

      ["UpperTorso"] = CFrame.new(-0.000000, 0.000000, -0.000000, 1.000000, -0.000000, 0.000000, -0.000000, 0.997326, 0.073086, -0.000000, -0.073086, 0.997326),

    }},

    {Time = 0.042, Data = {

      ["Head"] = CFrame.new(-0.000000, 0.000000, 0.000000, 1.000000, -0.000000, -0.000000, 0.000000, 0.995904, -0.090417, 0.000000, 0.090417, 0.995904),

      ["LeftFoot"] = CFrame.new(0.000000, -0.011100, -0.000003, 0.999533, -0.023369, -0.019677, 0.027004, 0.977027, 0.211423, 0.014283, -0.211831, 0.977197),

      ["LeftHand"] = CFrame.new(0.000495, 0.007889, 0.000000, 0.923210, -0.332140, 0.193307, 0.141516, 0.761496, 0.632536, -0.357290, -0.556603, 0.750021),

      ["LeftLowerArm"] = CFrame.new(-0.000500, 0.046799, 0.008057, 1.000000, -0.000000, -0.000000, 0.000000, 0.917973, -0.396642, 0.000000, 0.396642, 0.917973),

      ["LeftLowerLeg"] = CFrame.new(-0.000000, -0.010662, -0.000040, 1.000000, -0.000000, 0.000000, 0.000000, 1.000000, -0.000007, 0.000000, -0.000010, 1.000000),

      ["LeftUpperArm"] = CFrame.new(-0.059480, -0.119065, 0.210120, 0.881039, -0.473039, 0.001953, -0.203805, -0.383307, -0.900855, 0.426888, 0.793290, -0.434116),

      ["LeftUpperLeg"] = CFrame.new(0.000000, -0.000000, -0.000100, 0.990053, 0.052025, 0.130724, -0.004534, 0.940438, -0.339929, -0.140623, 0.335962, 0.931321),

      ["LowerTorso"] = CFrame.new(0.000000, -0.018538, 0.000639, 1.000000, 0.000000, -0.000000, 0.000000, 0.990950, 0.134230, 0.000000, -0.134230, 0.990950),

      ["RightFoot"] = CFrame.new(0.000000, 0.002138, -0.000103, 0.994270, 0.081774, 0.068856, -0.082257, 0.996602, 0.004195, -0.068275, -0.009825, 0.997618),

      ["RightHand"] = CFrame.new(-0.000499, 0.001604, -0.000000, 0.976549, 0.186237, -0.108021, -0.116071, 0.877988, 0.464401, 0.181328, -0.440968, 0.879013),

      ["RightLowerArm"] = CFrame.new(-0.000000, 0.007855, 0.000184, 1.000000, 0.000000, 0.000000, -0.000000, 0.998026, -0.062796, -0.000000, 0.062795, 0.998026),

      ["RightLowerLeg"] = CFrame.new(-0.000000, 0.008145, -0.000165, 1.000000, 0.000000, -0.000000, -0.000000, 0.998171, 0.060430, 0.000000, -0.060448, 0.998172),

      ["RightUpperArm"] = CFrame.new(0.084625, -0.090851, 0.266793, 0.830749, 0.520643, -0.196943, 0.142886, -0.541401, -0.828534, -0.537996, 0.660163, -0.524161),

      ["RightUpperLeg"] = CFrame.new(0.000000, -0.000000, -0.000000, 0.968898, -0.095771, -0.228177, 0.049684, 0.978583, -0.199758, 0.242421, 0.182217, 0.952907),

      ["UpperTorso"] = CFrame.new(0.000000, -0.000000, 0.000000, 1.000000, -0.000000, 0.000000, -0.000000, 0.996906, 0.078605, -0.000000, -0.078605, 0.996906),

    }},

    {Time = 0.050, Data = {

      ["Head"] = CFrame.new(-0.000000, -0.000000, -0.000000, 1.000000, -0.000000, -0.000000, 0.000000, 0.995551, -0.094220, 0.000000, 0.094220, 0.995551),

      ["LeftFoot"] = CFrame.new(-0.000000, -0.006284, -0.000003, 0.999530, -0.023459, -0.019753, 0.027129, 0.976723, 0.212805, 0.014300, -0.213216, 0.976895),

      ["LeftHand"] = CFrame.new(0.000494, 0.009161, -0.000000, 0.917291, -0.344163, 0.200330, 0.137371, 0.745658, 0.652018, -0.373775, -0.570566, 0.731260),

      ["LeftLowerArm"] = CFrame.new(-0.000500, 0.055521, 0.011690, 1.000000, -0.000000, -0.000000, 0.000000, 0.880984, -0.473145, 0.000000, 0.473145, 0.880985),

      ["LeftLowerLeg"] = CFrame.new(0.000000, -0.005862, 0.000023, 1.000000, 0.000000, 0.000000, 0.000000, 1.000000, -0.000007, 0.000000, -0.000010, 1.000000),

      ["LeftUpperArm"] = CFrame.new(-0.056995, -0.132292, 0.201105, 0.886011, -0.462315, -0.035362, -0.211890, -0.335883, -0.917761, 0.412417, 0.820639, -0.395556),

      ["LeftUpperLeg"] = CFrame.new(0.000000, -0.000000, -0.000100, 0.990040, 0.052314, 0.130705, -0.004614, 0.939955, -0.341261, -0.140710, 0.337266, 0.930837),

      ["LowerTorso"] = CFrame.new(0.000000, -0.028449, 0.000981, 1.000000, 0.000000, -0.000000, 0.000000, 0.990950, 0.134230, 0.000000, -0.134230, 0.990950),

      ["RightFoot"] = CFrame.new(0.000000, 0.003654, -0.000103, 0.994212, 0.082182, 0.069200, -0.081039, 0.996526, -0.019181, -0.070532, 0.013468, 0.997418),

      ["RightHand"] = CFrame.new(-0.000497, 0.004683, 0.000000, 0.970918, 0.207055, -0.120192, -0.116221, 0.846535, 0.519495, 0.209309, -0.490415, 0.845978),

      ["RightLowerArm"] = CFrame.new(0.000000, 0.025917, 0.002271, 1.000000, 0.000000, 0.000000, -0.000000, 0.976763, -0.214322, -0.000000, 0.214322, 0.976763),

      ["RightLowerLeg"] = CFrame.new(-0.000000, 0.014664, -0.000590, 1.000000, 0.000000, -0.000000, -0.000000, 0.993822, 0.110966, 0.000000, -0.110984, 0.993824),

      ["RightUpperArm"] = CFrame.new(0.078989, -0.107170, 0.255015, 0.842022, 0.522726, -0.133255, 0.154736, -0.470686, -0.868626, -0.516775, 0.710783, -0.477213),

      ["RightUpperLeg"] = CFrame.new(0.000000, -0.000000, -0.000000, 0.968784, -0.102398, -0.225771, 0.050044, 0.972738, -0.226435, 0.242803, 0.208077, 0.947499),

      ["UpperTorso"] = CFrame.new(-0.000000, 0.000000, 0.000000, 1.000000, -0.000000, 0.000000, -0.000000, 0.996455, 0.084129, -0.000000, -0.084129, 0.996455),

    }},

    {Time = 0.058, Data = {

      ["Head"] = CFrame.new(-0.000000, 0.000000, 0.000000, 1.000000, -0.000000, -0.000000, 0.000000, 0.995109, -0.098785, 0.000000, 0.098785, 0.995109),

      ["LeftFoot"] = CFrame.new(-0.000000, -0.000569, -0.000003, 0.999525, -0.023567, -0.019844, 0.027279, 0.976356, 0.214466, 0.014320, -0.214881, 0.976530),

      ["LeftHand"] = CFrame.new(0.000493, 0.010427, -0.000000, 0.910205, -0.357926, 0.208368, 0.134930, 0.731937, 0.667882, -0.391561, -0.579791, 0.714504),

      ["LeftLowerArm"] = CFrame.new(-0.000500, 0.063810, 0.015898, 1.000000, -0.000000, -0.000000, 0.000000, 0.838043, -0.545603, 0.000000, 0.545604, 0.838044),

      ["LeftLowerLeg"] = CFrame.new(0.000000, -0.000168, 0.000099, 1.000000, -0.000000, -0.000000, 0.000000, 1.000000, -0.000007, 0.000000, -0.000010, 1.000000),

      ["LeftUpperArm"] = CFrame.new(-0.054255, -0.147548, 0.190642, 0.891490, -0.446892, -0.074379, -0.220572, -0.284746, -0.932882, 0.395718, 0.848061, -0.352420),

      ["LeftUpperLeg"] = CFrame.new(0.000000, -0.000000, -0.000100, 0.990025, 0.052661, 0.130681, -0.004709, 0.939372, -0.342862, -0.140814, 0.338833, 0.930252),

      ["LowerTorso"] = CFrame.new(0.000000, -0.040222, 0.001387, 1.000000, 0.000000, -0.000000, 0.000000, 0.990950, 0.134230, 0.000000, -0.134230, 0.990950),

      ["RightFoot"] = CFrame.new(-0.000000, 0.005120, -0.000103, 0.994143, 0.082673, 0.069614, -0.079687, 0.995819, -0.044648, -0.073010, 0.038842, 0.996574),

      ["RightHand"] = CFrame.new(-0.000495, 0.006942, -0.000000, 0.963574, 0.231258, -0.134337, -0.117807, 0.817958, 0.563089, 0.240099, -0.526748, 0.815404),

      ["RightLowerArm"] = CFrame.new(0.000000, 0.041054, 0.006046, 1.000000, 0.000000, 0.000000, -0.000000, 0.938421, -0.345493, -0.000000, 0.345493, 0.938421),

      ["RightLowerLeg"] = CFrame.new(0.000000, 0.021543, -0.001346, 1.000000, 0.000000, -0.000000, -0.000000, 0.986147, 0.165854, 0.000000, -0.165871, 0.986150),

      ["RightUpperArm"] = CFrame.new(0.072721, -0.125981, 0.241025, 0.854559, 0.514526, -0.070664, 0.167642, -0.402055, -0.900138, -0.491554, 0.757374, -0.429836),

      ["RightUpperLeg"] = CFrame.new(0.000000, -0.000000, -0.000000, 0.968646, -0.109631, -0.222947, 0.050478, 0.965500, -0.255452, 0.243261, 0.236199, 0.940765),

      ["UpperTorso"] = CFrame.new(0.000000, 0.000000, 0.000000, 1.000000, -0.000000, 0.000000, -0.000000, 0.995973, 0.089653, -0.000000, -0.089653, 0.995973),

    }},

    {Time = 0.067, Data = {

      ["Head"] = CFrame.new(0.000000, -0.000000, -0.000000, 1.000000, -0.000000, -0.000000, 0.000000, 0.994569, -0.104082, 0.000000, 0.104082, 0.994569),

      ["LeftFoot"] = CFrame.new(-0.000000, 0.002022, -0.000003, 0.999520, -0.023694, -0.019951, 0.027016, 0.981932, 0.187315, 0.015151, -0.187743, 0.982097),

      ["LeftHand"] = CFrame.new(0.000492, 0.012198, 0.000000, 0.902193, -0.372758, 0.217029, 0.135068, 0.721998, 0.678586, -0.409640, -0.582899, 0.701726),

      ["LeftLowerArm"] = CFrame.new(-0.000500, 0.071688, 0.020319, 1.000000, -0.000000, -0.000000, 0.000000, 0.792672, -0.609648, 0.000000, 0.609648, 0.792672),

      ["LeftLowerLeg"] = CFrame.new(-0.000000, 0.008693, -0.000081, 1.000000, -0.000000, 0.000000, 0.000000, 0.998007, 0.063085, -0.000000, -0.063102, 0.998008),

      ["LeftUpperArm"] = CFrame.new(-0.051431, -0.164540, 0.179088, 0.897137, -0.427086, -0.112881, -0.229487, -0.232240, -0.945199, 0.377466, 0.873877, -0.306362),

      ["LeftUpperLeg"] = CFrame.new(0.000000, -0.000000, -0.000100, 0.990007, 0.057402, 0.128805, -0.004820, 0.926641, -0.375909, -0.140934, 0.371539, 0.917661),

      ["LowerTorso"] = CFrame.new(0.000000, -0.053734, 0.001853, 1.000000, 0.000000, -0.000000, 0.000000, 0.990950, 0.134230, 0.000000, -0.134230, 0.990950),

      ["RightFoot"] = CFrame.new(-0.000000, 0.006518, -0.000103, 0.994061, 0.083245, 0.070095, -0.078233, 0.994371, -0.071464, -0.075645, 0.065555, 0.994977),

      ["RightHand"] = CFrame.new(-0.000494, 0.008796, -0.000000, 0.954480, 0.257879, -0.149892, -0.120674, 0.793419, 0.596597, 0.272775, -0.551348, 0.788419),

      ["RightLowerArm"] = CFrame.new(0.000000, 0.053820, 0.010874, 1.000000, 0.000000, 0.000000, -0.000000, 0.889293, -0.457337, -0.000000, 0.457337, 0.889294),

      ["RightLowerLeg"] = CFrame.new(0.000000, 0.028588, -0.002473, 1.000000, 0.000000, -0.000000, -0.000000, 0.974742, 0.223320, 0.000000, -0.223335, 0.974745),

      ["RightUpperArm"] = CFrame.new(0.066187, -0.146910, 0.225204, 0.867627, 0.497108, -0.010402, 0.181101, -0.335429, -0.924495, -0.463062, 0.800232, -0.381053),

      ["RightUpperLeg"] = CFrame.new(0.000000, -0.000000, -0.000000, 0.968486, -0.117267, -0.219736, 0.050982, 0.956884, -0.285950, 0.243795, 0.265748, 0.932710),

      ["UpperTorso"] = CFrame.new(-0.000000, -0.000000, -0.000000, 1.000000, -0.000000, 0.000000, -0.000000, 0.995461, 0.095170, -0.000000, -0.095170, 0.995461),

    }},

    {Time = 0.075, Data = {

      ["Head"] = CFrame.new(0.000000, 0.000000, -0.000000, 1.000000, -0.000000, -0.000000, 0.000000, 0.993923, -0.110081, 0.000000, 0.110081, 0.993923),

      ["LeftFoot"] = CFrame.new(-0.000000, 0.004144, -0.000003, 0.999514, -0.023837, -0.020071, 0.026673, 0.987469, 0.155557, 0.016111, -0.155999, 0.987623),

      ["LeftHand"] = CFrame.new(0.000490, 0.014704, -0.000000, 0.893528, -0.388021, 0.225942, 0.138297, 0.716567, 0.683674, -0.427179, -0.579631, 0.693931),

      ["LeftLowerArm"] = CFrame.new(-0.000500, 0.079236, 0.024662, 1.000000, -0.000000, -0.000000, -0.000000, 0.747651, -0.664092, 0.000000, 0.664092, 0.747651),

      ["LeftLowerLeg"] = CFrame.new(0.000000, 0.018032, -0.000797, 1.000000, -0.000000, 0.000000, 0.000000, 0.990697, 0.136073, -0.000000, -0.136089, 0.990699),

      ["LeftUpperArm"] = CFrame.new(-0.048669, -0.182992, 0.166808, 0.902662, -0.403547, -0.149505, -0.238312, -0.179452, -0.954465, 0.358343, 0.897188, -0.258155),

      ["LeftUpperLeg"] = CFrame.new(0.000000, 0.000000, -0.000100, 0.989987, 0.062820, 0.126409, -0.004946, 0.910399, -0.413693, -0.141071, 0.408935, 0.901598),

      ["LowerTorso"] = CFrame.new(0.000000, -0.068859, 0.002374, 1.000000, 0.000000, -0.000000, 0.000000, 0.990950, 0.134230, 0.000000, -0.134230, 0.990950),

      ["RightFoot"] = CFrame.new(-0.000000, 0.007841, -0.000103, 0.993968, 0.083895, 0.070642, -0.076717, 0.992142, -0.098842, -0.078374, 0.092822, 0.992593),

      ["RightHand"] = CFrame.new(-0.000493, 0.010476, -0.000000, 0.943720, 0.285915, -0.166272, -0.124986, 0.773723, 0.621076, 0.306221, -0.565336, 0.765910),

      ["RightLowerArm"] = CFrame.new(-0.000000, 0.064600, 0.016261, 1.000000, 0.000000, 0.000000, -0.000000, 0.834328, -0.551268, -0.000000, 0.551268, 0.834328),

      ["RightLowerLeg"] = CFrame.new(0.000000, 0.035609, -0.003973, 1.000000, 0.000000, -0.000000, -0.000000, 0.959558, 0.281499, 0.000000, -0.281512, 0.959562),

      ["RightUpperArm"] = CFrame.new(0.059726, -0.169584, 0.207999, 0.880548, 0.471688, 0.046324, 0.194624, -0.270735, -0.942775, -0.432154, 0.839174, -0.330197),

      ["RightUpperLeg"] = CFrame.new(0.000000, 0.000000, -0.000000, 0.968303, -0.125096, -0.216198, 0.051556, 0.947006, -0.317040, 0.244401, 0.295857, 0.923442),

      ["UpperTorso"] = CFrame.new(0.000000, 0.000000, 0.000000, 1.000000, -0.000000, 0.000000, -0.000000, 0.994920, 0.100672, -0.000000, -0.100672, 0.994920),

    }},

    {Time = 0.083, Data = {

      ["Head"] = CFrame.new(-0.000000, 0.000000, 0.000000, 1.000000, -0.000000, 0.000000, 0.000000, 0.993161, -0.116751, 0.000000, 0.116751, 0.993161),

      ["LeftFoot"] = CFrame.new(-0.000000, 0.005945, -0.000003, 0.999508, -0.023996, -0.020206, 0.026327, 0.991897, 0.124299, 0.017058, -0.124757, 0.992039),

      ["LeftHand"] = CFrame.new(0.000489, 0.016582, -0.000000, 0.884513, -0.403140, 0.234771, 0.143518, 0.713977, 0.685305, -0.443891, -0.572464, 0.689376),

      ["LeftLowerArm"] = CFrame.new(-0.000500, 0.085702, 0.029219, 1.000000, -0.000000, -0.000000, -0.000000, 0.700425, -0.713726, 0.000000, 0.713726, 0.700425),

      ["LeftLowerLeg"] = CFrame.new(-0.000000, 0.026868, -0.002029, 1.000000, -0.000000, -0.000000, 0.000000, 0.978221, 0.207550, -0.000000, -0.207566, 0.978225),

      ["LeftUpperArm"] = CFrame.new(-0.046081, -0.202656, 0.154155, 0.907838, -0.376485, -0.184634, -0.246776, -0.123704, -0.961145, 0.339016, 0.918127, -0.205211),

      ["LeftUpperLeg"] = CFrame.new(0.000000, -0.000000, -0.000100, 0.989965, 0.068142, 0.123802, -0.005086, 0.892674, -0.450664, -0.141224, 0.445521, 0.884068),

      ["LowerTorso"] = CFrame.new(0.000000, -0.085475, 0.002947, 1.000000, 0.000000, -0.000000, 0.000000, 0.990950, 0.134230, 0.000000, -0.134230, 0.990950),

      ["RightFoot"] = CFrame.new(0.000000, 0.009095, -0.000103, 0.993863, 0.084621, 0.071254, -0.075168, 0.989145, -0.126271, -0.081160, 0.120133, 0.989433),

      ["RightHand"] = CFrame.new(-0.000491, 0.012799, 0.000000, 0.931520, 0.314362, -0.182891, -0.131693, 0.760299, 0.636086, 0.339011, -0.568438, 0.749630),

      ["RightLowerArm"] = CFrame.new(0.000000, 0.074041, 0.021580, 1.000000, 0.000000, 0.000000, 0.000000, 0.779634, -0.626235, -0.000000, 0.626235, 0.779634),

      ["RightLowerLeg"] = CFrame.new(0.000000, 0.042490, -0.005830, 1.000000, 0.000000, 0.000000, -0.000000, 0.940733, 0.339136, 0.000000, -0.339148, 0.940737),

      ["RightUpperArm"] = CFrame.new(0.053626, -0.193657, 0.189907, 0.892747, 0.439854, 0.097629, 0.207767, -0.209623, -0.955453, -0.399795, 0.873262, -0.278527),

      ["RightUpperLeg"] = CFrame.new(0.000000, -0.000000, -0.000000, 0.968097, -0.132986, -0.212376, 0.052197, 0.935980, -0.348148, 0.245079, 0.325969, 0.913066),

      ["UpperTorso"] = CFrame.new(0.000000, -0.000000, 0.000000, 1.000000, -0.000000, 0.000000, -0.000000, 0.994350, 0.106153, -0.000000, -0.106153, 0.994350),

    }},

    {Time = 0.092, Data = {

      ["Head"] = CFrame.new(-0.000000, -0.000000, -0.000000, 1.000000, -0.000000, 0.000000, 0.000000, 0.992275, -0.124061, 0.000000, 0.124061, 0.992275),

      ["LeftFoot"] = CFrame.new(-0.000000, 0.007520, -0.000003, 0.999501, -0.024172, -0.020353, 0.025985, 0.995225, 0.094094, 0.017981, -0.094567, 0.995355),

      ["LeftHand"] = CFrame.new(0.000488, 0.018053, 0.000000, 0.875471, -0.417610, 0.243221, 0.151323, 0.714850, 0.682711, -0.458969, -0.560885, 0.689020),

      ["LeftLowerArm"] = CFrame.new(-0.000500, 0.091125, 0.033725, 1.000000, -0.000000, -0.000000, 0.000000, 0.653707, -0.756748, 0.000000, 0.756748, 0.653707),

      ["LeftLowerLeg"] = CFrame.new(-0.000000, 0.035163, -0.003718, 1.000000, -0.000000, -0.000000, 0.000000, 0.961122, 0.276111, -0.000000, -0.276125, 0.961126),

      ["LeftUpperArm"] = CFrame.new(-0.043746, -0.223311, 0.141471, 0.912508, -0.346794, -0.216939, -0.254660, -0.066582, -0.964736, 0.320120, 0.935575, -0.149071),

      ["LeftUpperLeg"] = CFrame.new(0.000000, -0.000000, -0.000100, 0.989940, 0.073289, 0.121030, -0.005241, 0.873797, -0.486251, -0.141393, 0.480736, 0.865397),

      ["LowerTorso"] = CFrame.new(0.000000, -0.103457, 0.003567, 1.000000, 0.000000, -0.000000, 0.000000, 0.990950, 0.134230, 0.000000, -0.134230, 0.990950),

      ["RightFoot"] = CFrame.new(0.000000, 0.010293, -0.000103, 0.993745, 0.085423, 0.071929, -0.073603, 0.985417, -0.153424, -0.083980, 0.147160, 0.985539),

      ["RightHand"] = CFrame.new(-0.000490, 0.015435, 0.000000, 0.918245, 0.342270, -0.199194, -0.140907, 0.752465, 0.643386, 0.370095, -0.562715, 0.739172),

      ["RightLowerArm"] = CFrame.new(0.000000, 0.082255, 0.026654, 1.000000, 0.000000, 0.000000, 0.000000, 0.727017, -0.686620, -0.000000, 0.686620, 0.727017),

      ["RightLowerLeg"] = CFrame.new(-0.000000, 0.049159, -0.008020, 1.000000, 0.000000, 0.000000, -0.000000, 0.918510, 0.395389, 0.000000, -0.395398, 0.918514),

      ["RightUpperArm"] = CFrame.new(0.048106, -0.218811, 0.171466, 0.903787, 0.403253, 0.143373, 0.220148, -0.150752, -0.963747, -0.367020, 0.902586, -0.225022),

      ["RightUpperLeg"] = CFrame.new(0.000000, -0.000000, -0.000000, 0.967869, -0.140852, -0.208305, 0.052905, 0.923914, -0.378909, 0.245827, 0.355729, 0.901685),

      ["UpperTorso"] = CFrame.new(-0.000000, 0.000000, -0.000000, 1.000000, -0.000000, 0.000000, -0.000000, 0.993753, 0.111605, -0.000000, -0.111605, 0.993753),

    }},

    {Time = 0.100, Data = {

      ["Head"] = CFrame.new(-0.000000, 0.000000, 0.000000, 1.000000, -0.000000, 0.000000, 0.000000, 0.991252, -0.131981, 0.000000, 0.131981, 0.991252),

      ["LeftFoot"] = CFrame.new(0.000000, 0.008937, -0.000003, 0.999493, -0.024363, -0.020515, 0.025654, 0.997545, 0.065169, 0.018875, -0.065657, 0.997663),

      ["LeftHand"] = CFrame.new(0.000487, 0.019319, 0.000000, 0.866726, -0.431006, 0.251044, 0.162121, 0.719411, 0.675402, -0.471702, -0.544685, 0.693404),

      ["LeftLowerArm"] = CFrame.new(-0.000500, 0.095630, 0.037932, 1.000000, -0.000000, -0.000000, 0.000000, 0.610013, -0.792391, 0.000000, 0.792392, 0.610013),

      ["LeftLowerLeg"] = CFrame.new(-0.000000, 0.042927, -0.005802, 1.000000, -0.000000, -0.000000, 0.000000, 0.940011, 0.341133, -0.000000, -0.341145, 0.940015),

      ["LeftUpperArm"] = CFrame.new(-0.041712, -0.244761, 0.129067, 0.916577, -0.315584, -0.245548, -0.261800, -0.009466, -0.965076, 0.302238, 0.948850, -0.091296),

      ["LeftUpperLeg"] = CFrame.new(0.000000, -0.000000, -0.000100, 0.989913, 0.078232, 0.118123, -0.005409, 0.853986, -0.520256, -0.141576, 0.514381, 0.845802),

      ["LowerTorso"] = CFrame.new(0.000000, -0.122681, 0.004230, 1.000000, 0.000000, -0.000000, 0.000000, 0.990950, 0.134230, 0.000000, -0.134230, 0.990950),

      ["RightFoot"] = CFrame.new(0.000000, 0.011452, -0.000103, 0.993616, 0.086298, 0.072665, -0.072014, 0.980972, -0.180315, -0.086838, 0.173917, 0.980921),

      ["RightHand"] = CFrame.new(-0.000489, 0.017288, 0.000000, 0.904387, 0.368780, -0.214681, -0.152130, 0.748693, 0.645228, 0.398674, -0.550873, 0.733207),

      ["RightLowerArm"] = CFrame.new(0.000000, 0.088799, 0.031637, 1.000000, 0.000000, 0.000000, -0.000000, 0.675365, -0.737483, -0.000000, 0.737484, 0.675366),

      ["RightLowerLeg"] = CFrame.new(0.000000, 0.055624, -0.010534, 1.000000, 0.000000, -0.000000, -0.000000, 0.892960, 0.450130, 0.000000, -0.450137, 0.892963),

      ["RightUpperArm"] = CFrame.new(0.043307, -0.244771, 0.153220, 0.913386, 0.363214, 0.183852, 0.231465, -0.091836, -0.968499, -0.334888, 0.927169, -0.167953),

      ["RightUpperLeg"] = CFrame.new(0.000000, -0.000000, -0.000000, 0.967619, -0.148696, -0.203972, 0.053678, 0.910801, -0.409327, 0.246643, 0.385139, 0.889296),

      ["UpperTorso"] = CFrame.new(0.000000, -0.000000, -0.000000, 1.000000, -0.000000, 0.000000, -0.000000, 0.993129, 0.117023, -0.000000, -0.117023, 0.993129),

    }},

    {Time = 0.108, Data = {

      ["Head"] = CFrame.new(-0.000000, 0.000000, 0.000000, 1.000000, -0.000000, 0.000000, 0.000000, 0.990084, -0.140478, 0.000000, 0.140478, 0.990084),

      ["LeftFoot"] = CFrame.new(-0.000000, 0.010241, -0.000003, 0.999484, -0.024570, -0.020689, 0.025335, 0.998973, 0.037563, 0.019743, -0.038066, 0.999080),

      ["LeftHand"] = CFrame.new(0.000487, 0.020030, -0.000000, 0.858594, -0.442983, 0.258040, 0.175614, 0.727028, 0.663772, -0.481639, -0.524592, 0.702013),

      ["LeftLowerArm"] = CFrame.new(-0.000500, 0.099046, 0.041810, 1.000000, -0.000000, -0.000000, -0.000000, 0.569861, -0.821741, 0.000000, 0.821741, 0.569862),

      ["LeftLowerLeg"] = CFrame.new(-0.000000, 0.050192, -0.008222, 1.000000, -0.000000, -0.000000, 0.000000, 0.915444, 0.402437, -0.000000, -0.402446, 0.915448),

      ["LeftUpperArm"] = CFrame.new(-0.040000, -0.266836, 0.117224, 0.920000, -0.283797, -0.270295, -0.268082, 0.047393, -0.962230, 0.285887, 0.957713, -0.032479),

      ["LeftUpperLeg"] = CFrame.new(0.000000, -0.000000, -0.000100, 0.989883, 0.082969, 0.115097, -0.005591, 0.833375, -0.552667, -0.141774, 0.546445, 0.825417),

      ["LowerTorso"] = CFrame.new(0.000000, -0.143023, 0.004932, 1.000000, 0.000000, -0.000000, 0.000000, 0.990950, 0.134230, 0.000000, -0.134230, 0.990950),

      ["RightFoot"] = CFrame.new(-0.000000, 0.012572, -0.000103, 0.993475, 0.087245, 0.073463, -0.070432, 0.975906, -0.206528, -0.089706, 0.199991, 0.975679),

      ["RightHand"] = CFrame.new(-0.000488, 0.018729, 0.000000, 0.890517, 0.393160, -0.228925, -0.165994, 0.749281, 0.641115, 0.423587, -0.532920, 0.732506),

      ["RightLowerArm"] = CFrame.new(0.000000, 0.093949, 0.036196, 1.000000, 0.000000, 0.000000, -0.000000, 0.628041, -0.778180, -0.000000, 0.778181, 0.628041),

      ["RightLowerLeg"] = CFrame.new(0.000000, 0.061793, -0.013318, 1.000000, 0.000000, 0.000000, -0.000000, 0.864621, 0.502420, 0.000000, -0.502424, 0.864624),

      ["RightUpperArm"] = CFrame.new(0.039292, -0.271304, 0.135697, 0.921415, 0.321643, 0.218036, 0.241503, -0.034436, -0.969789, -0.304418, 0.946234, -0.109408),

      ["RightUpperLeg"] = CFrame.new(0.000000, -0.000000, -0.000000, 0.967346, -0.156415, -0.199440, 0.054514, 0.896846, -0.438955, 0.247526, 0.413765, 0.876095),

      ["UpperTorso"] = CFrame.new(0.000000, 0.000000, -0.000000, 1.000000, -0.000000, 0.000000, -0.000000, 0.992481, 0.122398, -0.000000, -0.122398, 0.992481),

    }},

    {Time = 0.117, Data = {

      ["Head"] = CFrame.new(0.000000, -0.000000, -0.000000, 1.000000, -0.000000, 0.000000, 0.000000, 0.988759, -0.149522, 0.000000, 0.149522, 0.988759),

      ["LeftFoot"] = CFrame.new(-0.000000, 0.011469, -0.000003, 0.999475, -0.024791, -0.020875, 0.025026, 0.999626, 0.011052, 0.020592, -0.011570, 0.999721),

      ["LeftHand"] = CFrame.new(0.000487, 0.020708, 0.000000, 0.851369, -0.453268, 0.264049, 0.192053, 0.737746, 0.647186, -0.488146, -0.500279, 0.715142),

      ["LeftLowerArm"] = CFrame.new(-0.000500, 0.101743, 0.045050, 1.000000, -0.000000, -0.000000, 0.000000, 0.536210, -0.844085, 0.000000, 0.844085, 0.536210),

      ["LeftLowerLeg"] = CFrame.new(-0.000000, 0.057035, -0.010950, 1.000000, -0.000000, -0.000000, 0.000000, 0.887711, 0.460395, -0.000000, -0.460402, 0.887714),

      ["LeftUpperArm"] = CFrame.new(-0.038613, -0.289388, 0.106191, 0.922774, -0.252863, -0.290773, -0.273432, 0.102024, -0.956465, 0.271520, 0.962108, 0.025005),

      ["LeftUpperLeg"] = CFrame.new(0.000000, -0.000000, -0.000100, 0.989852, 0.087534, 0.111944, -0.005785, 0.811925, -0.583720, -0.141985, 0.577162, 0.804201),

      ["LowerTorso"] = CFrame.new(0.000000, -0.164358, 0.005668, 1.000000, 0.000000, -0.000000, 0.000000, 0.990950, 0.134230, 0.000000, -0.134230, 0.990950),

      ["RightFoot"] = CFrame.new(-0.000000, 0.013661, -0.000103, 0.993321, 0.088263, 0.074320, -0.068858, 0.970279, -0.232003, -0.092582, 0.225318, 0.969872),

      ["RightHand"] = CFrame.new(-0.000487, 0.019639, 0.000000, 0.877249, 0.414820, -0.241580, -0.182465, 0.753625, 0.631474, 0.444005, -0.509876, 0.736804),

      ["RightLowerArm"] = CFrame.new(0.000000, 0.097775, 0.040210, 1.000000, 0.000000, 0.000000, -0.000000, 0.586430, -0.810000, -0.000000, 0.810000, 0.586430),

      ["RightLowerLeg"] = CFrame.new(-0.000000, 0.067658, -0.016340, 1.000000, 0.000000, 0.000000, -0.000000, 0.833802, 0.552061, 0.000000, -0.552063, 0.833804),

      ["RightUpperArm"] = CFrame.new(0.036062, -0.298217, 0.119385, 0.927876, 0.280370, 0.245845, 0.250132, 0.020981, -0.967984, -0.276552, 0.959663, -0.050662),

      ["RightUpperLeg"] = CFrame.new(0.000000, -0.000000, -0.000000, 0.967052, -0.163995, -0.194722, 0.055412, 0.882126, -0.467726, 0.248474, 0.441542, 0.862157),

      ["UpperTorso"] = CFrame.new(0.000000, 0.000000, -0.000000, 1.000000, -0.000000, 0.000000, -0.000000, 0.991810, 0.127724, -0.000000, -0.127724, 0.991810),

    }},

    {Time = 0.125, Data = {

      ["Head"] = CFrame.new(-0.000000, 0.000000, -0.000000, 1.000000, -0.000000, 0.000000, 0.000000, 0.987266, -0.159079, 0.000000, 0.159079, 0.987266),

      ["LeftFoot"] = CFrame.new(0.000000, 0.012634, -0.000003, 0.999465, -0.025026, -0.021073, 0.024732, 0.999594, -0.014131, 0.021417, 0.013598, 0.999678),

      ["LeftHand"] = CFrame.new(0.000486, 0.021218, -0.000000, 0.845313, -0.461646, 0.268946, 0.210845, 0.750774, 0.626008, -0.490908, -0.472463, 0.731972),

      ["LeftLowerArm"] = CFrame.new(-0.000500, 0.103714, 0.047612, 1.000000, -0.000000, -0.000000, 0.000000, 0.509597, -0.860413, 0.000000, 0.860413, 0.509597),

      ["LeftLowerLeg"] = CFrame.new(-0.000000, 0.063422, -0.013919, 1.000000, -0.000000, -0.000000, 0.000000, 0.857473, 0.514524, -0.000000, -0.514529, 0.857476),

      ["LeftUpperArm"] = CFrame.new(-0.037542, -0.312281, 0.096181, 0.924917, -0.223855, -0.307275, -0.277810, 0.153773, -0.948249, 0.259520, 0.962415, 0.080038),

      ["LeftUpperLeg"] = CFrame.new(0.000000, -0.000000, -0.000100, 0.989818, 0.091896, 0.108698, -0.005992, 0.789879, -0.613219, -0.142211, 0.606338, 0.782398),

      ["LowerTorso"] = CFrame.new(0.000000, -0.186563, 0.006433, 1.000000, 0.000000, -0.000000, 0.000000, 0.990950, 0.134230, 0.000000, -0.134230, 0.990950),

      ["RightFoot"] = CFrame.new(-0.000000, 0.015008, -0.000103, 0.993155, 0.089349, 0.075234, -0.067359, 0.964317, -0.256058, -0.095422, 0.249219, 0.963729),

      ["RightHand"] = CFrame.new(-0.000487, 0.020232, -0.000000, 0.865191, 0.433303, -0.252381, -0.201443, 0.761245, 0.616385, 0.459201, -0.482447, 0.745905),

      ["RightLowerArm"] = CFrame.new(-0.000000, 0.100529, 0.043486, 1.000000, 0.000000, 0.000000, -0.000000, 0.552476, -0.833529, -0.000000, 0.833529, 0.552476),

      ["RightLowerLeg"] = CFrame.new(0.000000, 0.073355, -0.019476, 1.000000, 0.000000, 0.000000, -0.000000, 0.801655, 0.597787, 0.000000, -0.597788, 0.801655),

      ["RightUpperArm"] = CFrame.new(0.033567, -0.325354, 0.104717, 0.932865, 0.241329, 0.267438, 0.257290, 0.073237, -0.963555, -0.252119, 0.967676, 0.006229),

      ["RightUpperLeg"] = CFrame.new(0.000000, -0.000000, -0.000000, 0.966736, -0.171283, -0.189959, 0.056371, 0.867084, -0.494945, 0.249486, 0.467790, 0.847906),

      ["UpperTorso"] = CFrame.new(0.000000, -0.000000, 0.000000, 1.000000, -0.000000, 0.000000, -0.000000, 0.991117, 0.132994, -0.000000, -0.132994, 0.991117),

    }},

    {Time = 0.133, Data = {

