return {

  ["poodle there goes my baby fall"] = {

    {Time = 0.000, Data = {

      ["Head"] = CFrame.new(0.000000, 0.000000, 0.000000, 1.000000, -0.000000, 0.000000, 0.000000, 0.999705, -0.024273, -0.000000, 0.024273, 0.999705),

      ["LeftFoot"] = CFrame.new(0.000000, 0.030824, -0.000002, 1.000000, -0.000000, 0.000000, 0.000000, 0.991988, -0.126335, -0.000000, 0.126336, 0.991988),

      ["LeftHand"] = CFrame.new(0.000500, 0.000100, 0.000000, 1.000000, 0.000000, 0.000000, 0.000000, 1.000000, 0.000001, -0.000000, -0.000000, 1.000000),

      ["LeftLowerArm"] = CFrame.new(-0.000500, 0.094118, 0.066210, 1.000000, -0.000000, -0.000000, 0.000000, 0.336960, -0.941519, 0.000000, 0.941519, 0.336960),

      ["LeftLowerLeg"] = CFrame.new(-0.000000, 0.123412, -0.077630, 1.000000, -0.000000, -0.000000, 0.000000, 0.196413, 0.980524, -0.000000, -0.980521, 0.196398),

      ["LeftUpperArm"] = CFrame.new(0.000000, 0.000000, -0.000000, 0.977917, 0.004290, -0.208948, -0.193801, -0.355606, -0.914322, -0.078226, 0.934626, -0.346922),

      ["LeftUpperLeg"] = CFrame.new(0.000000, -0.000000, -0.000100, 1.000000, 0.000000, -0.000000, -0.000000, 0.994154, -0.107944, 0.000000, 0.107970, 0.994157),

      ["LowerTorso"] = CFrame.new(-0.000000, -0.524346, -0.623113, 1.000000, -0.000000, -0.000000, -0.000000, 0.992801, -0.119776, 0.000000, 0.119776, 0.992801),

      ["RightFoot"] = CFrame.new(0.000000, 0.009905, -0.000103, 0.944829, 0.250577, 0.210990, -0.136921, 0.887228, -0.440564, -0.297573, 0.387347, 0.872575),

      ["RightHand"] = CFrame.new(-0.000500, 0.000000, -0.000000, 1.000000, 0.000000, -0.000000, 0.000000, 1.000000, 0.000001, 0.000000, -0.000000, 1.000000),

      ["RightLowerArm"] = CFrame.new(0.000000, 0.069659, 0.028155, 1.000000, 0.000000, 0.000000, -0.000000, 0.717748, -0.696303, -0.000000, 0.696303, 0.717748),

      ["RightLowerLeg"] = CFrame.new(-0.000000, 0.046991, -0.007263, 1.000000, 0.000000, -0.000000, -0.000000, 0.926191, 0.377043, 0.000000, -0.377054, 0.926196),

      ["RightUpperArm"] = CFrame.new(0.000000, 0.000000, -0.000000, 0.675090, -0.475978, 0.563647, 0.545899, -0.191617, -0.815645, 0.496234, 0.858328, 0.130477),

      ["RightUpperLeg"] = CFrame.new(0.000000, -0.000000, -0.000000, 0.943322, -0.025134, -0.330925, 0.291215, 0.540929, 0.789050, 0.159176, -0.840693, 0.517580),

      ["UpperTorso"] = CFrame.new(0.000000, -0.000000, -0.000000, 1.000000, 0.000000, 0.000000, 0.000000, 0.982181, -0.187936, -0.000000, 0.187936, 0.982181),

    }},

    {Time = 0.017, Data = {

      ["Head"] = CFrame.new(-0.000000, -0.000000, 0.000000, 1.000000, -0.000000, 0.000000, 0.000000, 0.999155, -0.041096, -0.000000, 0.041096, 0.999155),

      ["LeftFoot"] = CFrame.new(-0.000000, 0.030658, -0.000002, 1.000000, -0.000103, -0.000086, 0.000093, 0.994675, -0.103063, 0.000096, 0.103065, 0.994675),

      ["LeftHand"] = CFrame.new(0.000500, 0.000100, -0.000000, 1.000000, 0.000000, 0.000000, -0.000000, 1.000000, 0.000001, -0.000000, -0.000000, 1.000000),

      ["LeftLowerArm"] = CFrame.new(-0.000500, 0.094089, 0.066129, 1.000000, -0.000000, -0.000000, 0.000000, 0.337771, -0.941229, 0.000000, 0.941228, 0.337771),

      ["LeftLowerLeg"] = CFrame.new(0.000000, 0.123049, -0.076301, 1.000000, -0.000000, -0.000000, 0.000000, 0.210252, 0.977651, -0.000000, -0.977647, 0.210236),

      ["LeftUpperArm"] = CFrame.new(0.000000, 0.000000, -0.000000, 0.977364, -0.003461, -0.211537, -0.198727, -0.358020, -0.912321, -0.072577, 0.933708, -0.350604),

      ["LeftUpperLeg"] = CFrame.new(0.000000, -0.000000, -0.000100, 1.000000, 0.000202, 0.000258, -0.000175, 0.995121, -0.098637, -0.000277, 0.098664, 0.995124),

      ["LowerTorso"] = CFrame.new(-0.000000, -0.534692, -0.613117, 1.000000, -0.000000, -0.000000, -0.000000, 0.994744, -0.102396, 0.000000, 0.102396, 0.994744),

      ["RightFoot"] = CFrame.new(0.000000, 0.010330, -0.000103, 0.952136, 0.233832, 0.196890, -0.132703, 0.896421, -0.422891, -0.275366, 0.376501, 0.884532),

      ["RightHand"] = CFrame.new(-0.000500, 0.000000, 0.000000, 1.000000, 0.000000, -0.000000, 0.000000, 1.000000, 0.000001, 0.000000, -0.000000, 1.000000),

      ["RightLowerArm"] = CFrame.new(-0.000000, 0.069604, 0.028103, 1.000000, 0.000000, 0.000000, -0.000000, 0.718274, -0.695761, -0.000000, 0.695761, 0.718274),

      ["RightLowerLeg"] = CFrame.new(0.000000, 0.049366, -0.008093, 1.000000, 0.000000, 0.000000, -0.000000, 0.917764, 0.397116, 0.000000, -0.397126, 0.917768),

      ["RightUpperArm"] = CFrame.new(0.000000, 0.000000, -0.000000, 0.690018, -0.458772, 0.559824, 0.537535, -0.193143, -0.820824, 0.484697, 0.867309, 0.113334),

      ["RightUpperLeg"] = CFrame.new(0.000000, -0.000000, 0.000000, 0.952101, -0.024413, -0.304807, 0.265285, 0.561691, 0.783670, 0.152076, -0.826987, 0.541252),

      ["UpperTorso"] = CFrame.new(-0.000000, 0.000000, -0.000000, 1.000000, 0.000000, 0.000000, -0.000000, 0.981476, -0.191587, -0.000000, 0.191587, 0.981476),

    }},

    {Time = 0.033, Data = {

      ["Head"] = CFrame.new(0.000000, 0.000000, -0.000000, 1.000000, -0.000000, 0.000000, 0.000000, 0.996107, -0.088155, -0.000000, 0.088155, 0.996107),

      ["LeftFoot"] = CFrame.new(0.000000, 0.030403, -0.000002, 1.000000, -0.000400, -0.000337, 0.000386, 0.999116, -0.042021, 0.000353, 0.042026, 0.999117),

      ["LeftHand"] = CFrame.new(0.000500, 0.000100, -0.000000, 1.000000, 0.000000, 0.000000, 0.000000, 1.000000, 0.000001, -0.000000, -0.000000, 1.000000),

      ["LeftLowerArm"] = CFrame.new(-0.000500, 0.094002, 0.065889, 1.000000, -0.000000, -0.000000, 0.000000, 0.340169, -0.940364, 0.000000, 0.940364, 0.340169),

      ["LeftLowerLeg"] = CFrame.new(-0.000000, 0.122066, -0.072710, 1.000000, -0.000000, -0.000000, 0.000000, 0.247521, 0.968887, -0.000000, -0.968882, 0.247506),

      ["LeftUpperArm"] = CFrame.new(0.000000, 0.000000, -0.000000, 0.975533, -0.022895, -0.218657, -0.211863, -0.363567, -0.907157, -0.058727, 0.931287, -0.359522),

      ["LeftUpperLeg"] = CFrame.new(0.000000, -0.000000, -0.000100, 0.999999, 0.000659, 0.000884, -0.000591, 0.997180, -0.075015, -0.000931, 0.075041, 0.997182),

      ["LowerTorso"] = CFrame.new(-0.000000, -0.565032, -0.585824, 1.000000, -0.000000, -0.000000, -0.000000, 0.998609, -0.052721, 0.000000, 0.052721, 0.998609),

      ["RightFoot"] = CFrame.new(0.000000, 0.011496, -0.000103, 0.967219, 0.194260, 0.163570, -0.121685, 0.919859, -0.372916, -0.222890, 0.340767, 0.913334),

      ["RightHand"] = CFrame.new(-0.000500, -0.000000, 0.000000, 1.000000, 0.000000, -0.000000, 0.000000, 1.000000, 0.000001, 0.000000, -0.000000, 1.000000),

      ["RightLowerArm"] = CFrame.new(-0.000000, 0.069443, 0.027948, 1.000000, 0.000000, 0.000000, -0.000000, 0.719823, -0.694158, -0.000000, 0.694158, 0.719823),

      ["RightLowerLeg"] = CFrame.new(0.000000, 0.055869, -0.010636, 1.000000, 0.000000, 0.000000, -0.000000, 0.891917, 0.452191, 0.000000, -0.452199, 0.891921),

      ["RightUpperArm"] = CFrame.new(0.000000, -0.000000, -0.000000, 0.728715, -0.412374, 0.546738, 0.514248, -0.197719, -0.834539, 0.452243, 0.889300, 0.067981),

      ["RightUpperLeg"] = CFrame.new(0.000000, -0.000000, 0.000000, 0.970015, -0.021646, -0.242078, 0.203485, 0.616997, 0.760212, 0.132907, -0.786668, 0.602889),

      ["UpperTorso"] = CFrame.new(0.000000, 0.000000, 0.000000, 1.000000, 0.000000, 0.000000, 0.000000, 0.979342, -0.202210, -0.000000, 0.202210, 0.979342),

    }},

    {Time = 0.050, Data = {

      ["Head"] = CFrame.new(0.000000, -0.000000, 0.000000, 1.000000, -0.000000, 0.000000, 0.000000, 0.987065, -0.160323, -0.000000, 0.160323, 0.987065),

      ["LeftFoot"] = CFrame.new(0.000000, 0.029820, -0.000002, 0.999999, -0.000886, -0.000746, 0.000919, 0.998978, 0.045208, 0.000705, -0.045199, 0.998977),

      ["LeftHand"] = CFrame.new(0.000500, 0.000100, 0.000000, 1.000000, -0.000000, 0.000000, -0.000000, 1.000000, 0.000001, -0.000000, -0.000000, 1.000000),

      ["LeftLowerArm"] = CFrame.new(-0.000500, 0.093859, 0.065496, 1.000000, -0.000000, -0.000000, 0.000000, 0.344101, -0.938933, 0.000000, 0.938933, 0.344101),

      ["LeftLowerLeg"] = CFrame.new(0.000000, 0.120159, -0.067294, 1.000000, -0.000000, -0.000000, 0.000000, 0.303825, 0.952733, -0.000000, -0.952728, 0.303809),

      ["LeftUpperArm"] = CFrame.new(0.000000, 0.000000, -0.000000, 0.972150, -0.048289, -0.229332, -0.230690, -0.369683, -0.900065, -0.041317, 0.927902, -0.370527),

      ["LeftUpperLeg"] = CFrame.new(0.000000, -0.000000, -0.000100, 0.999998, 0.001126, 0.001630, -0.001054, 0.999061, -0.043299, -0.001677, 0.043324, 0.999061),

      ["LowerTorso"] = CFrame.new(-0.000000, -0.614323, -0.545277, 1.000000, -0.000000, -0.000000, 0.000000, 0.999670, 0.025686, 0.000000, -0.025686, 0.999670),

      ["RightFoot"] = CFrame.new(-0.000000, 0.013175, -0.000103, 0.980985, 0.148469, 0.125014, -0.106410, 0.950075, -0.293336, -0.162313, 0.274436, 0.947801),

      ["RightHand"] = CFrame.new(-0.000500, 0.000000, 0.000000, 1.000000, -0.000000, -0.000000, 0.000000, 1.000000, 0.000001, 0.000000, -0.000000, 1.000000),

      ["RightLowerArm"] = CFrame.new(0.000000, 0.069181, 0.027696, 1.000000, 0.000000, 0.000000, -0.000000, 0.722351, -0.691527, -0.000000, 0.691527, 0.722351),

      ["RightLowerLeg"] = CFrame.new(0.000000, 0.065060, -0.014953, 1.000000, 0.000000, 0.000000, -0.000000, 0.847950, 0.530072, 0.000000, -0.530077, 0.847952),

      ["RightUpperArm"] = CFrame.new(0.000000, 0.000000, -0.000000, 0.780882, -0.344580, 0.521046, 0.478662, -0.205885, -0.853519, 0.401381, 0.915902, 0.004166),

      ["RightUpperLeg"] = CFrame.new(0.000000, -0.000000, 0.000000, 0.985602, -0.015689, -0.168352, 0.132110, 0.692873, 0.708866, 0.105525, -0.720889, 0.684958),

      ["UpperTorso"] = CFrame.new(0.000000, 0.000000, 0.000000, 1.000000, 0.000000, 0.000000, 0.000000, 0.975655, -0.219311, -0.000000, 0.219311, 0.975655),

    }},

    {Time = 0.067, Data = {

      ["Head"] = CFrame.new(0.000000, 0.000000, -0.000000, 1.000000, -0.000000, 0.000000, 0.000000, 0.967795, -0.251739, -0.000000, 0.251739, 0.967795),

      ["LeftFoot"] = CFrame.new(0.000000, 0.028778, -0.000002, 0.999998, -0.001513, -0.001274, 0.001684, 0.989159, 0.146855, 0.001038, -0.146843, 0.989157),

      ["LeftHand"] = CFrame.new(0.000500, 0.000100, -0.000000, 1.000000, 0.000000, 0.000000, 0.000000, 1.000000, 0.000001, -0.000000, -0.000000, 1.000000),

      ["LeftLowerArm"] = CFrame.new(-0.000500, 0.093658, 0.064955, 1.000000, -0.000000, -0.000000, 0.000000, 0.349509, -0.936933, 0.000000, 0.936933, 0.349508),

      ["LeftLowerLeg"] = CFrame.new(-0.000000, 0.116963, -0.060328, 1.000000, -0.000000, -0.000000, 0.000000, 0.376304, 0.926502, -0.000000, -0.926496, 0.376289),

      ["LeftUpperArm"] = CFrame.new(0.000000, 0.000000, -0.000000, 0.967236, -0.074067, -0.242833, -0.252669, -0.374085, -0.892311, -0.024749, 0.924432, -0.380543),

      ["LeftUpperLeg"] = CFrame.new(0.000000, -0.000000, -0.000100, 0.999997, 0.001384, 0.002228, -0.001365, 0.999964, -0.008361, -0.002240, 0.008384, 0.999963),

      ["LowerTorso"] = CFrame.new(-0.000000, -0.681518, -0.495519, 1.000000, -0.000000, -0.000000, 0.000000, 0.991685, 0.128686, 0.000000, -0.128686, 0.991685),

      ["RightFoot"] = CFrame.new(-0.000000, 0.015642, -0.000103, 0.990217, 0.106739, 0.089877, -0.088531, 0.978437, -0.186624, -0.107852, 0.176826, 0.978312),

      ["RightHand"] = CFrame.new(-0.000500, 0.000001, -0.000000, 1.000000, 0.000000, -0.000000, 0.000000, 1.000000, 0.000001, 0.000000, 0.000000, 1.000000),

      ["RightLowerArm"] = CFrame.new(-0.000000, 0.068817, 0.027350, 1.000000, 0.000000, 0.000000, -0.000000, 0.725810, -0.687895, -0.000000, 0.687895, 0.725810),

      ["RightLowerLeg"] = CFrame.new(0.000000, 0.075635, -0.020771, 1.000000, 0.000000, 0.000000, -0.000000, 0.788325, 0.615258, 0.000000, -0.615259, 0.788326),

      ["RightUpperArm"] = CFrame.new(0.000000, -0.000000, -0.000000, 0.836184, -0.264329, 0.480549, 0.433610, -0.217892, -0.874360, 0.335827, 0.939496, -0.067582),

      ["RightUpperLeg"] = CFrame.new(0.000000, -0.000000, 0.000000, 0.994769, -0.006945, -0.101915, 0.069934, 0.773526, 0.629910, 0.074459, -0.633727, 0.769953),

      ["UpperTorso"] = CFrame.new(0.000000, -0.000000, -0.000000, 1.000000, 0.000000, 0.000000, -0.000000, 0.970182, -0.242377, -0.000000, 0.242377, 0.970182),

    }},

    {Time = 0.083, Data = {

      ["Head"] = CFrame.new(0.000000, 0.000000, 0.000000, 1.000000, -0.000000, 0.000000, 0.000000, 0.934767, -0.355261, -0.000000, 0.355261, 0.934767),

      ["LeftFoot"] = CFrame.new(0.000000, 0.027362, -0.000003, 0.999996, -0.002159, -0.001818, 0.002544, 0.968463, 0.249163, 0.001222, -0.249149, 0.968460),

      ["LeftHand"] = CFrame.new(0.000500, 0.000100, -0.000000, 1.000000, 0.000000, 0.000000, -0.000000, 1.000000, 0.000001, -0.000000, -0.000000, 1.000000),

      ["LeftLowerArm"] = CFrame.new(-0.000500, 0.093400, 0.064273, 1.000000, -0.000000, -0.000000, 0.000000, 0.356333, -0.934359, 0.000000, 0.934359, 0.356333),

      ["LeftLowerLeg"] = CFrame.new(0.000000, 0.112182, -0.052145, 1.000000, -0.000000, -0.000000, 0.000000, 0.461386, 0.887207, -0.000000, -0.887200, 0.461372),

      ["LeftUpperArm"] = CFrame.new(-0.000000, 0.000000, -0.000000, 0.961257, -0.094873, -0.258814, -0.275346, -0.374930, -0.885219, -0.013054, 0.922186, -0.386527),

      ["LeftUpperLeg"] = CFrame.new(0.000000, 0.000000, -0.000100, 0.999996, 0.001324, 0.002459, -0.001388, 0.999648, 0.026527, -0.002423, -0.026504, 0.999645),

      ["LowerTorso"] = CFrame.new(-0.000000, -0.765572, -0.440593, 1.000000, -0.000000, -0.000000, 0.000000, 0.968059, 0.250721, 0.000000, -0.250721, 0.968059),

      ["RightFoot"] = CFrame.new(-0.000000, 0.019299, -0.000103, 0.995524, 0.072297, 0.060876, -0.068724, 0.995898, -0.058867, -0.064877, 0.054412, 0.996408),

      ["RightHand"] = CFrame.new(-0.000500, 0.000000, 0.000000, 1.000000, 0.000000, -0.000000, 0.000000, 1.000000, 0.000001, 0.000000, -0.000000, 1.000000),

      ["RightLowerArm"] = CFrame.new(0.000000, 0.068356, 0.026917, 1.000000, 0.000000, 0.000000, 0.000000, 0.730150, -0.683287, -0.000000, 0.683287, 0.730150),

      ["RightLowerLeg"] = CFrame.new(0.000000, 0.086690, -0.027514, 1.000000, 0.000000, 0.000000, -0.000000, 0.718517, 0.695513, 0.000000, -0.695509, 0.718514),

      ["RightUpperArm"] = CFrame.new(0.000000, 0.000000, -0.000000, 0.886205, -0.181939, 0.426074, 0.382156, -0.232838, -0.894283, 0.261911, 0.955345, -0.136813),

      ["RightUpperLeg"] = CFrame.new(0.000000, 0.000000, 0.000000, 0.998685, 0.002125, -0.051219, 0.025496, 0.846208, 0.532260, 0.044473, -0.532848, 0.845030),

      ["UpperTorso"] = CFrame.new(-0.000000, 0.000000, 0.000000, 1.000000, 0.000000, 0.000000, 0.000000, 0.962615, -0.270873, -0.000000, 0.270873, 0.962615),

    }},

    {Time = 0.100, Data = {

      ["Head"] = CFrame.new(-0.000000, -0.000000, -0.000000, 1.000000, -0.000000, 0.000000, 0.000000, 0.886560, -0.462614, -0.000000, 0.462614, 0.886560),

      ["LeftFoot"] = CFrame.new(-0.000000, 0.025278, -0.000003, 0.999994, -0.002614, -0.002201, 0.003201, 0.941928, 0.335819, 0.001195, -0.335804, 0.941924),

      ["LeftHand"] = CFrame.new(0.000500, 0.000100, 0.000000, 1.000000, -0.000000, 0.000000, 0.000000, 1.000000, 0.000001, -0.000000, -0.000000, 1.000000),

      ["LeftLowerArm"] = CFrame.new(-0.000500, 0.093084, 0.063456, 1.000000, -0.000000, -0.000000, 0.000000, 0.364512, -0.931199, 0.000000, 0.931199, 0.364512),

      ["LeftLowerLeg"] = CFrame.new(-0.000000, 0.105427, -0.043390, 1.000000, -0.000000, -0.000000, 0.000000, 0.552429, 0.833566, -0.000000, -0.833560, 0.552419),

      ["LeftUpperArm"] = CFrame.new(0.000000, -0.000000, -0.000000, 0.954991, -0.105479, -0.277248, -0.296468, -0.370754, -0.880141, -0.009955, 0.922722, -0.385338),

      ["LeftUpperLeg"] = CFrame.new(0.000000, 0.000000, -0.000100, 0.999997, 0.000996, 0.002234, -0.001126, 0.998258, 0.059021, -0.002171, -0.058998, 0.998254),

      ["LowerTorso"] = CFrame.new(-0.000000, -0.865440, -0.384540, 1.000000, -0.000000, -0.000000, 0.000000, 0.923164, 0.384406, 0.000000, -0.384406, 0.923164),

      ["RightFoot"] = CFrame.new(0.000000, 0.022768, -0.000103, 0.998281, 0.044835, 0.037753, -0.047641, 0.995890, 0.077027, -0.034142, -0.078691, 0.996314),

      ["RightHand"] = CFrame.new(-0.000500, 0.000000, -0.000000, 1.000000, 0.000000, -0.000000, -0.000000, 1.000000, 0.000001, 0.000000, -0.000000, 1.000000),

      ["RightLowerArm"] = CFrame.new(0.000000, 0.067799, 0.026400, 1.000000, 0.000000, 0.000000, -0.000000, 0.735318, -0.677722, -0.000000, 0.677722, 0.735318),

      ["RightLowerLeg"] = CFrame.new(-0.000000, 0.096575, -0.034888, 1.000000, 0.000000, 0.000000, -0.000000, 0.641825, 0.766857, 0.000000, -0.766851, 0.641818),

      ["RightUpperArm"] = CFrame.new(-0.000000, -0.000000, -0.000000, 0.925991, -0.108081, 0.361746, 0.327192, -0.248345, -0.911740, 0.188379, 0.962623, -0.194602),

      ["RightUpperLeg"] = CFrame.new(0.000000, -0.000000, -0.000000, 0.999797, 0.008351, -0.018332, 0.000268, 0.904441, 0.426621, 0.020144, -0.426518, 0.904245),

      ["UpperTorso"] = CFrame.new(-0.000000, 0.000000, -0.000000, 1.000000, 0.000000, 0.000000, 0.000000, 0.952600, -0.304227, -0.000000, 0.304227, 0.952600),

    }},

    {Time = 0.117, Data = {

      ["Head"] = CFrame.new(0.000000, 0.000000, 0.000000, 1.000000, -0.000000, 0.000000, 0.000000, 0.824859, -0.565338, -0.000000, 0.565338, 0.824859),

      ["LeftFoot"] = CFrame.new(0.000000, 0.022564, -0.000003, 0.999994, -0.002598, -0.002188, 0.003245, 0.920943, 0.389703, 0.001002, -0.389688, 0.920938),

      ["LeftHand"] = CFrame.new(0.000500, 0.000100, 0.000000, 1.000000, 0.000000, 0.000000, -0.000000, 1.000000, 0.000001, -0.000000, -0.000000, 1.000000),

      ["LeftLowerArm"] = CFrame.new(-0.000500, 0.092706, 0.062509, 1.000000, -0.000000, -0.000000, 0.000000, 0.373983, -0.927436, 0.000000, 0.927436, 0.373983),

      ["LeftLowerLeg"] = CFrame.new(-0.000000, 0.096762, -0.034778, 1.000000, -0.000000, -0.000000, 0.000000, 0.641932, 0.766767, -0.000000, -0.766761, 0.641926),

      ["LeftUpperArm"] = CFrame.new(-0.000000, 0.000000, -0.000000, 0.949204, -0.100473, -0.298189, -0.314077, -0.360197, -0.878416, -0.019149, 0.927450, -0.373456),

      ["LeftUpperLeg"] = CFrame.new(0.000000, -0.000000, -0.000100, 0.999999, 0.000572, 0.001647, -0.000716, 0.996041, 0.088912, -0.001590, -0.088889, 0.996038),

      ["LowerTorso"] = CFrame.new(-0.000000, -0.980078, -0.331405, 1.000000, -0.000000, -0.000000, 0.000000, 0.853653, 0.520842, 0.000000, -0.520842, 0.853653),

      ["RightFoot"] = CFrame.new(-0.000000, 0.025060, -0.000103, 0.999531, 0.023435, 0.019733, -0.027042, 0.977590, 0.208787, -0.014396, -0.209211, 0.977762),

      ["RightHand"] = CFrame.new(-0.000500, 0.000000, 0.000000, 1.000000, -0.000000, -0.000000, 0.000000, 1.000000, 0.000001, 0.000000, -0.000000, 1.000000),

      ["RightLowerArm"] = CFrame.new(-0.000000, 0.067148, 0.025807, 1.000000, 0.000000, 0.000000, -0.000000, 0.741258, -0.671220, -0.000000, 0.671220, 0.741258),

      ["RightLowerLeg"] = CFrame.new(-0.000000, 0.103989, -0.042145, 1.000000, 0.000000, 0.000000, -0.000000, 0.566427, 0.824119, 0.000000, -0.824112, 0.566417),

      ["RightUpperArm"] = CFrame.new(0.000000, -0.000000, -0.000000, 0.954420, -0.052503, 0.293811, 0.270917, -0.260682, -0.926633, 0.125243, 0.963996, -0.234576),

      ["RightUpperLeg"] = CFrame.new(0.000000, -0.000000, 0.000000, 0.999952, 0.009600, -0.001836, -0.008468, 0.944766, 0.327659, 0.004880, -0.327605, 0.944794),

      ["UpperTorso"] = CFrame.new(-0.000000, 0.000000, 0.000000, 1.000000, 0.000000, 0.000000, 0.000000, 0.939766, -0.341818, -0.000000, 0.341818, 0.939766),

    }},

    {Time = 0.133, Data = {

      ["Head"] = CFrame.new(-0.000000, -0.000000, 0.000000, 1.000000, -0.000000, 0.000000, 0.000000, 0.754602, -0.656183, 0.000000, 0.656183, 0.754602),

      ["LeftFoot"] = CFrame.new(-0.000000, 0.018945, -0.000003, 0.999997, -0.001815, -0.001528, 0.002268, 0.919987, 0.391961, 0.000694, -0.391945, 0.919980),

      ["LeftHand"] = CFrame.new(0.000500, 0.000100, -0.000000, 1.000000, 0.000000, 0.000000, 0.000000, 1.000000, 0.000001, -0.000000, -0.000000, 1.000000),

      ["LeftLowerArm"] = CFrame.new(-0.000500, 0.092266, 0.061440, 1.000000, -0.000000, -0.000000, 0.000000, 0.384678, -0.923051, 0.000000, 0.923051, 0.384678),

      ["LeftLowerLeg"] = CFrame.new(0.000000, 0.086433, -0.027107, 1.000000, -0.000000, -0.000000, 0.000000, 0.721700, 0.692210, -0.000000, -0.692206, 0.721696),

      ["LeftUpperArm"] = CFrame.new(0.000000, 0.000001, -0.000000, 0.944103, -0.073714, -0.321304, -0.326595, -0.341568, -0.881287, -0.044784, 0.936962, -0.346550),

      ["LeftUpperLeg"] = CFrame.new(0.000000, -0.000000, -0.000100, 1.000000, 0.000227, 0.000891, -0.000330, 0.993126, 0.117074, -0.000859, -0.117052, 0.993123),

      ["LowerTorso"] = CFrame.new(-0.000000, -1.108438, -0.285230, 1.000000, -0.000000, -0.000000, 0.000000, 0.759358, 0.650673, 0.000000, -0.650673, 0.759358),

      ["RightFoot"] = CFrame.new(0.000000, 0.026728, -0.000103, 0.999944, 0.008067, 0.006793, -0.009853, 0.944340, 0.328844, -0.003762, -0.328872, 0.944360),

      ["RightHand"] = CFrame.new(-0.000500, 0.000001, -0.000000, 1.000000, -0.000000, -0.000000, -0.000000, 1.000000, 0.000001, 0.000000, -0.000000, 1.000000),

      ["RightLowerArm"] = CFrame.new(0.000000, 0.066405, 0.025142, 1.000000, 0.000000, 0.000000, -0.000000, 0.747912, -0.663798, -0.000000, 0.663798, 0.747912),

      ["RightLowerLeg"] = CFrame.new(0.000000, 0.108854, -0.047716, 1.000000, 0.000000, 0.000000, -0.000000, 0.508397, 0.861130, 0.000000, -0.861123, 0.508385),

      ["RightUpperArm"] = CFrame.new(0.000000, 0.000000, -0.000000, 0.973175, -0.023592, 0.228855, 0.214645, -0.264960, -0.940066, 0.082816, 0.963971, -0.252789),

      ["RightUpperLeg"] = CFrame.new(0.000000, -0.000000, -0.000000, 0.999981, 0.005747, 0.002214, -0.006121, 0.967342, 0.253426, -0.000685, -0.253410, 0.967352),

      ["UpperTorso"] = CFrame.new(-0.000000, 0.000000, 0.000000, 1.000000, 0.000000, 0.000000, -0.000000, 0.923758, -0.382977, -0.000000, 0.382977, 0.923758),

    }},

    {Time = 0.150, Data = {

      ["Head"] = CFrame.new(-0.000000, 0.000000, 0.000000, 1.000000, -0.000000, 0.000000, 0.000000, 0.683154, -0.730275, 0.000000, 0.730275, 0.683154),

      ["LeftFoot"] = CFrame.new(-0.000000, 0.015367, -0.000003, 1.000000, -0.000000, 0.000000, 0.000000, 0.946648, 0.322284, -0.000000, -0.322269, 0.946643),

      ["LeftHand"] = CFrame.new(0.000500, 0.000100, -0.000000, 1.000000, -0.000000, 0.000000, 0.000000, 1.000000, 0.000001, -0.000000, -0.000000, 1.000000),

      ["LeftLowerArm"] = CFrame.new(-0.000500, 0.091763, 0.060255, 1.000000, -0.000000, -0.000000, 0.000000, 0.396530, -0.918022, 0.000000, 0.918022, 0.396530),

      ["LeftLowerLeg"] = CFrame.new(0.000000, 0.075564, -0.020515, 1.000000, -0.000000, -0.000000, 0.000000, 0.789936, 0.613190, -0.000000, -0.613190, 0.789935),

      ["LeftUpperArm"] = CFrame.new(0.000000, 0.000000, -0.000000, 0.938434, -0.017626, -0.345007, -0.332970, -0.312236, -0.889741, -0.092041, 0.949841, -0.298882),

      ["LeftUpperLeg"] = CFrame.new(0.000000, -0.000000, -0.000100, 1.000000, -0.000000, -0.000000, 0.000000, 0.988767, 0.149486, 0.000000, -0.149465, 0.988764),

      ["LowerTorso"] = CFrame.new(-0.000000, -1.249477, -0.250057, 1.000000, -0.000000, -0.000000, 0.000000, 0.643374, 0.765552, 0.000000, -0.765552, 0.643374),

      ["RightFoot"] = CFrame.new(-0.000000, 0.027171, -0.000103, 1.000000, 0.000000, 0.000000, -0.000000, 0.901472, 0.432862, 0.000000, -0.432837, 0.901460),

      ["RightHand"] = CFrame.new(-0.000500, 0.000000, 0.000000, 1.000000, -0.000000, -0.000000, -0.000000, 1.000000, 0.000001, 0.000000, -0.000000, 1.000000),

      ["RightLowerArm"] = CFrame.new(0.000000, 0.065572, 0.024413, 1.000000, 0.000000, 0.000000, -0.000000, 0.755221, -0.655471, -0.000000, 0.655470, 0.755221),

      ["RightLowerLeg"] = CFrame.new(-0.000000, 0.110550, -0.050111, 1.000000, 0.000000, 0.000000, -0.000000, 0.483550, 0.875324, 0.000000, -0.875317, 0.483538),

      ["RightUpperArm"] = CFrame.new(0.000000, 0.000000, -0.000000, 0.984628, -0.029243, 0.172199, 0.159225, -0.254984, -0.953745, 0.071798, 0.966503, -0.246408),

      ["RightUpperLeg"] = CFrame.new(0.000000, -0.000000, 0.000000, 1.000000, -0.000000, 0.000000, 0.000000, 0.975942, 0.218057, -0.000000, -0.218032, 0.975936),

      ["UpperTorso"] = CFrame.new(-0.000000, 0.000000, 0.000000, 1.000000, 0.000000, 0.000000, 0.000000, 0.904262, -0.426978, -0.000000, 0.426978, 0.904262),

    }},

    {Time = 0.167, Data = {

      ["Head"] = CFrame.new(0.000000, 0.000000, -0.000000, 1.000000, -0.000000, 0.000000, 0.000000, 0.618927, -0.785448, 0.000000, 0.785448, 0.618927),

      ["LeftFoot"] = CFrame.new(-0.000000, 0.013001, -0.000003, 0.999994, 0.002675, 0.002252, -0.003023, 0.985023, 0.172406, -0.001757, -0.172404, 0.985024),

      ["LeftHand"] = CFrame.new(0.000500, 0.000100, 0.000000, 1.000000, -0.000000, 0.000000, -0.000000, 1.000000, 0.000001, -0.000000, -0.000000, 1.000000),

      ["LeftLowerArm"] = CFrame.new(-0.000500, 0.091192, 0.058962, 1.000000, -0.000000, -0.000000, 0.000000, 0.409468, -0.912324, 0.000000, 0.912324, 0.409468),

      ["LeftLowerLeg"] = CFrame.new(0.000000, 0.065392, -0.014922, 1.000000, -0.000000, -0.000000, 0.000000, 0.847250, 0.531191, -0.000000, -0.531195, 0.847252),

      ["LeftUpperArm"] = CFrame.new(0.000000, 0.000000, -0.000000, 0.927875, 0.077322, -0.364788, -0.333098, -0.267860, -0.904045, -0.167614, 0.960350, -0.222784),

      ["LeftUpperLeg"] = CFrame.new(0.000000, -0.000000, -0.000100, 0.999999, -0.000205, -0.001282, 0.000444, 0.981849, 0.189684, 0.001219, -0.189666, 0.981844),

      ["LowerTorso"] = CFrame.new(-0.000000, -1.395134, -0.226295, 1.000000, -0.000000, -0.000000, 0.000000, 0.509094, 0.860711, 0.000000, -0.860711, 0.509094),

      ["RightFoot"] = CFrame.new(-0.000000, 0.026773, -0.000103, 1.000000, -0.000320, -0.000269, 0.000413, 0.854604, 0.519306, 0.000064, -0.519280, 0.854589),

      ["RightHand"] = CFrame.new(-0.000500, -0.000000, 0.000000, 1.000000, 0.000000, -0.000000, -0.000000, 1.000000, 0.000001, 0.000000, -0.000000, 1.000000),

      ["RightLowerArm"] = CFrame.new(-0.000000, 0.064649, 0.023623, 1.000000, 0.000000, 0.000000, -0.000000, 0.763122, -0.646254, -0.000000, 0.646254, 0.763123),

      ["RightLowerLeg"] = CFrame.new(0.000000, 0.109030, -0.047958, 1.000000, 0.000000, 0.000000, -0.000000, 0.505885, 0.862608, 0.000000, -0.862601, 0.505873),

      ["RightUpperArm"] = CFrame.new(0.000000, 0.000000, -0.000000, 0.988822, -0.078734, 0.126618, 0.106376, -0.222524, -0.969106, 0.104478, 0.971743, -0.211662),

      ["RightUpperLeg"] = CFrame.new(0.000000, -0.000000, -0.000000, 0.999997, -0.002286, -0.001257, 0.002511, 0.974065, 0.226279, 0.000707, -0.226257, 0.974062),

      ["UpperTorso"] = CFrame.new(-0.000000, -0.000000, 0.000000, 1.000000, 0.000000, 0.000000, -0.000000, 0.881035, -0.473050, -0.000000, 0.473050, 0.881035),

    }},

    {Time = 0.183, Data = {

      ["Head"] = CFrame.new(-0.000000, 0.000000, -0.000000, 1.000000, -0.000000, 0.000000, 0.000000, 0.570076, -0.821592, 0.000000, 0.821592, 0.570076),

      ["LeftFoot"] = CFrame.new(0.000000, 0.011888, -0.000003, 0.999987, 0.003960, 0.003334, -0.003925, 0.999940, -0.010272, -0.003375, 0.010255, 0.999942),

      ["LeftHand"] = CFrame.new(0.000500, 0.000100, -0.000000, 1.000000, 0.000000, 0.000000, 0.000000, 1.000000, 0.000001, -0.000000, -0.000000, 1.000000),

      ["LeftLowerArm"] = CFrame.new(-0.000500, 0.090551, 0.057567, 1.000000, -0.000000, -0.000000, 0.000000, 0.423420, -0.905933, 0.000000, 0.905933, 0.423420),

      ["LeftLowerLeg"] = CFrame.new(0.000000, 0.059334, -0.011970, 1.000000, -0.000000, -0.000000, 0.000000, 0.877335, 0.479873, -0.000000, -0.479879, 0.877338),

      ["LeftUpperArm"] = CFrame.new(0.000000, 0.000000, -0.000000, 0.902143, 0.221726, -0.370103, -0.328920, -0.201665, -0.922574, -0.279196, 0.954028, -0.109000),

      ["LeftUpperLeg"] = CFrame.new(0.000000, -0.000000, -0.000100, 0.999998, -0.000318, -0.002088, 0.000738, 0.978964, 0.204051, 0.001979, -0.204034, 0.978958),

      ["LowerTorso"] = CFrame.new(-0.000000, -1.509286, -0.199813, 1.000000, -0.000000, -0.000000, 0.000000, 0.349192, 0.937051, 0.000000, -0.937051, 0.349192),

      ["RightFoot"] = CFrame.new(-0.000000, 0.025242, -0.000103, 0.999997, 0.001736, 0.001462, -0.002259, 0.822574, 0.568679, -0.000215, -0.568655, 0.822558),

      ["RightHand"] = CFrame.new(-0.000500, -0.000000, 0.000000, 1.000000, -0.000000, -0.000000, 0.000000, 1.000000, 0.000001, 0.000000, -0.000000, 1.000000),

      ["RightLowerArm"] = CFrame.new(0.000000, 0.063639, 0.022781, 1.000000, 0.000000, 0.000000, -0.000000, 0.771554, -0.636164, -0.000000, 0.636164, 0.771554),

      ["RightLowerLeg"] = CFrame.new(0.000000, 0.104533, -0.042731, 1.000000, 0.000000, 0.000000, -0.000000, 0.560330, 0.828276, 0.000000, -0.828269, 0.560320),

      ["RightUpperArm"] = CFrame.new(-0.000000, 0.000000, -0.000000, 0.978670, -0.184437, 0.090482, 0.061664, -0.156395, -0.985768, 0.195963, 0.970321, -0.141686),

      ["RightUpperLeg"] = CFrame.new(0.000000, -0.000000, -0.000000, 1.000000, -0.000816, 0.000362, 0.000700, 0.968593, 0.248677, -0.000553, -0.248652, 0.968586),

      ["UpperTorso"] = CFrame.new(-0.000000, 0.000000, -0.000000, 1.000000, 0.000000, 0.000000, 0.000000, 0.853930, -0.520388, -0.000000, 0.520388, 0.853930),

    }},

    {Time = 0.200, Data = {

      ["Head"] = CFrame.new(0.000000, -0.000000, -0.000000, 1.000000, 0.000000, -0.000000, -0.000000, 0.543706, -0.839276, -0.000000, 0.839276, 0.543706),

      ["LeftFoot"] = CFrame.new(-0.000000, 0.012653, -0.000003, 1.000000, 0.000000, 0.000000, 0.000000, 0.985418, -0.170163, -0.000000, 0.170148, 0.985416),

      ["LeftHand"] = CFrame.new(0.000500, 0.000100, -0.000000, 1.000000, 0.000000, 0.000000, -0.000000, 1.000000, 0.000001, -0.000000, -0.000000, 1.000000),

      ["LeftLowerArm"] = CFrame.new(-0.000500, 0.089839, 0.056079, 1.000000, -0.000000, -0.000000, 0.000000, 0.438312, -0.898823, 0.000000, 0.898823, 0.438312),

      ["LeftLowerLeg"] = CFrame.new(0.000000, 0.063516, -0.013965, 1.000000, -0.000000, -0.000000, 0.000000, 0.857002, 0.515309, -0.000000, -0.515313, 0.857005),

      ["LeftUpperArm"] = CFrame.new(-0.000000, -0.000000, -0.000000, 0.840827, 0.421511, -0.339614, -0.326776, -0.104918, -0.939260, -0.431541, 0.900733, 0.049522),

      ["LeftUpperLeg"] = CFrame.new(0.000000, -0.000000, -0.000100, 1.000000, 0.000000, -0.000000, 0.000000, 0.989671, 0.143374, 0.000000, -0.143355, 0.989669),

      ["LowerTorso"] = CFrame.new(-0.000000, -1.548796, -0.152848, 1.000000, -0.000000, -0.000000, 0.000000, 0.145767, 0.989319, 0.000000, -0.989319, 0.145767),

      ["RightFoot"] = CFrame.new(-0.000000, 0.023518, -0.000103, 1.000000, 0.000000, -0.000000, -0.000000, 0.834156, 0.551554, 0.000000, -0.551529, 0.834139),

      ["RightHand"] = CFrame.new(-0.000500, 0.000000, -0.000000, 1.000000, 0.000000, -0.000000, 0.000000, 1.000000, 0.000001, 0.000000, -0.000000, 1.000000),

      ["RightLowerArm"] = CFrame.new(-0.000000, 0.062544, 0.021892, 1.000000, 0.000000, 0.000000, -0.000000, 0.780452, -0.625216, -0.000000, 0.625216, 0.780452),

      ["RightLowerLeg"] = CFrame.new(-0.000000, 0.098772, -0.036805, 1.000000, 0.000000, 0.000000, -0.000000, 0.621877, 0.783121, 0.000000, -0.783115, 0.621869),

      ["RightUpperArm"] = CFrame.new(0.000000, -0.000000, -0.000000, 0.931593, -0.359540, 0.053531, 0.040537, -0.043589, -0.998227, 0.361236, 0.932111, -0.026033),

      ["RightUpperLeg"] = CFrame.new(0.000000, -0.000000, -0.000000, 1.000000, -0.000000, 0.000000, -0.000000, 0.968994, 0.247109, -0.000000, -0.247085, 0.968988),

      ["UpperTorso"] = CFrame.new(0.000000, 0.000000, -0.000000, 1.000000, 0.000000, 0.000000, 0.000000, 0.822913, -0.568167, -0.000000, 0.568167, 0.822913),

    }},

    {Time = 0.217, Data = {

      ["Head"] = CFrame.new(-0.000000, 0.000000, -0.000000, 1.000000, 0.000000, -0.000000, -0.000000, 0.543556, -0.839373, -0.000000, 0.839373, 0.543556),

      ["LeftFoot"] = CFrame.new(-0.000000, 0.016287, -0.000003, 0.999897, -0.010998, -0.009261, 0.008241, 0.966195, -0.257700, 0.011781, 0.257577, 0.966181),

      ["LeftHand"] = CFrame.new(0.000500, 0.000100, -0.000000, 1.000000, 0.000000, 0.000000, 0.000000, 1.000000, 0.000001, -0.000000, -0.000000, 1.000000),

      ["LeftLowerArm"] = CFrame.new(-0.000500, 0.089051, 0.054504, 1.000000, -0.000000, -0.000000, 0.000000, 0.454067, -0.890968, 0.000000, 0.890968, 0.454067),

      ["LeftLowerLeg"] = CFrame.new(-0.000000, 0.078479, -0.022173, 1.000000, -0.000000, -0.000000, 0.000000, 0.772822, 0.634624, -0.000000, -0.634622, 0.772821),

      ["LeftUpperArm"] = CFrame.new(-0.000000, -0.000000, -0.000000, 0.716242, 0.654810, -0.241290, -0.340334, 0.025903, -0.939948, -0.609237, 0.755349, 0.241407),

      ["LeftUpperLeg"] = CFrame.new(0.000000, -0.000000, -0.000100, 0.999995, 0.000471, 0.003178, -0.000444, 0.999964, -0.008463, -0.003181, 0.008484, 0.999959),

      ["LowerTorso"] = CFrame.new(-0.000000, -1.483133, -0.072579, 1.000000, -0.000000, -0.000000, 0.000000, -0.118895, 0.992907, -0.000000, -0.992907, -0.118895),

      ["RightFoot"] = CFrame.new(-0.000000, 0.021746, -0.000103, 0.999955, -0.007273, -0.006124, 0.009217, 0.899664, 0.436508, 0.002335, -0.436523, 0.899680),

      ["RightHand"] = CFrame.new(-0.000500, 0.000000, 0.000000, 1.000000, 0.000000, -0.000000, -0.000000, 1.000000, 0.000001, 0.000000, -0.000000, 1.000000),

      ["RightLowerArm"] = CFrame.new(-0.000000, 0.061364, 0.020963, 1.000000, 0.000000, 0.000000, 0.000000, 0.789750, -0.613429, -0.000000, 0.613429, 0.789750),

      ["RightLowerLeg"] = CFrame.new(0.000000, 0.093465, -0.032305, 1.000000, 0.000000, 0.000000, -0.000000, 0.668662, 0.743572, 0.000000, -0.743566, 0.668656),

      ["RightUpperArm"] = CFrame.new(0.000000, -0.000000, -0.000000, 0.805961, -0.591892, -0.009535, 0.073862, 0.116532, -0.990437, 0.587342, 0.797549, 0.137639),

      ["RightUpperLeg"] = CFrame.new(0.000000, -0.000000, -0.000000, 0.999970, -0.002904, -0.007251, 0.004216, 0.982145, 0.188103, 0.006575, -0.188104, 0.982123),

      ["UpperTorso"] = CFrame.new(-0.000000, 0.000000, -0.000000, 1.000000, 0.000000, 0.000000, -0.000000, 0.788079, -0.615575, -0.000000, 0.615575, 0.788079),

    }},

    {Time = 0.233, Data = {

      ["Head"] = CFrame.new(0.000000, -0.000000, 0.000000, 1.000000, 0.000000, -0.000000, -0.000000, 0.564087, -0.825715, -0.000000, 0.825715, 0.564087),

      ["LeftFoot"] = CFrame.new(-0.000000, 0.021876, -0.000003, 0.999593, -0.021810, -0.018365, 0.016186, 0.964331, -0.264224, 0.023471, 0.263801, 0.964287),

      ["LeftHand"] = CFrame.new(0.000500, 0.000100, 0.000000, 1.000000, -0.000000, 0.000000, 0.000000, 1.000000, 0.000001, -0.000000, -0.000000, 1.000000),

      ["LeftLowerArm"] = CFrame.new(-0.000500, 0.088187, 0.052851, 1.000000, -0.000000, 0.000000, 0.000000, 0.470608, -0.882343, 0.000000, 0.882343, 0.470608),

      ["LeftLowerLeg"] = CFrame.new(-0.000000, 0.094687, -0.033039, 1.000000, -0.000000, -0.000000, 0.000000, 0.660007, 0.751264, -0.000000, -0.751259, 0.660002),

      ["LeftUpperArm"] = CFrame.new(-0.000000, -0.000000, -0.000000, 0.531981, 0.844306, -0.064376, -0.382717, 0.171931, -0.907726, -0.755331, 0.507531, 0.414594),

      ["LeftUpperLeg"] = CFrame.new(0.000000, -0.000000, -0.000100, 0.999992, -0.003216, -0.002571, 0.002669, 0.981834, -0.189700, 0.003134, 0.189715, 0.981839),

      ["LowerTorso"] = CFrame.new(-0.000000, -1.332197, 0.034035, 1.000000, -0.000000, -0.000000, 0.000000, -0.420912, 0.907101, -0.000000, -0.907101, -0.420912),

      ["RightFoot"] = CFrame.new(-0.000000, 0.020037, -0.000103, 0.999799, -0.015354, -0.012928, 0.018072, 0.968856, 0.246978, 0.008733, -0.247150, 0.968935),

      ["RightHand"] = CFrame.new(-0.000500, -0.000000, 0.000000, 1.000000, 0.000000, -0.000000, -0.000000, 1.000000, 0.000001, 0.000000, -0.000000, 1.000000),

      ["RightLowerArm"] = CFrame.new(-0.000000, 0.060102, 0.020001, 1.000000, 0.000000, 0.000000, 0.000000, 0.799382, -0.600822, -0.000000, 0.600823, 0.799383),

      ["RightLowerLeg"] = CFrame.new(0.000000, 0.088825, -0.028977, 1.000000, 0.000000, 0.000000, -0.000000, 0.703318, 0.710880, 0.000000, -0.710876, 0.703313),

      ["RightUpperArm"] = CFrame.new(0.000000, -0.000000, 0.000000, 0.592691, -0.795989, -0.122960, 0.183299, 0.281960, -0.941754, 0.784295, 0.535631, 0.313019),

      ["RightUpperLeg"] = CFrame.new(0.000000, -0.000000, 0.000000, 0.999799, -0.007621, -0.018551, 0.009025, 0.997007, 0.076811, 0.017910, -0.076940, 0.996873),

      ["UpperTorso"] = CFrame.new(-0.000000, 0.000000, -0.000000, 1.000000, 0.000000, 0.000000, 0.000000, 0.749654, -0.661830, -0.000000, 0.661830, 0.749654),

    }},

    {Time = 0.250, Data = {

      ["Head"] = CFrame.new(-0.000000, 0.000000, -0.000000, 1.000000, 0.000000, -0.000000, -0.000000, 0.597298, -0.802019, -0.000000, 0.802019, 0.597298),

      ["LeftFoot"] = CFrame.new(-0.000000, 0.025112, -0.000003, 0.999461, -0.025114, -0.021146, 0.020179, 0.977978, -0.207747, 0.025896, 0.207194, 0.977954),

      ["LeftHand"] = CFrame.new(0.000500, 0.000100, 0.000000, 1.000000, -0.000000, 0.000000, -0.000000, 1.000000, 0.000001, -0.000000, -0.000000, 1.000000),

      ["LeftLowerArm"] = CFrame.new(-0.000500, 0.087244, 0.051127, 1.000000, -0.000000, -0.000000, 0.000000, 0.487855, -0.872925, 0.000000, 0.872925, 0.487855),

      ["LeftLowerLeg"] = CFrame.new(-0.000000, 0.104940, -0.042858, 1.000000, -0.000000, -0.000000, 0.000000, 0.557970, 0.829868, -0.000000, -0.829861, 0.557960),

      ["LeftUpperArm"] = CFrame.new(-0.000000, -0.000000, -0.000000, 0.340715, 0.927571, 0.153383, -0.448536, 0.303752, -0.840566, -0.826274, 0.217596, 0.519542),

      ["LeftUpperLeg"] = CFrame.new(0.000000, -0.000000, -0.000100, 0.999672, -0.015294, -0.020562, 0.007293, 0.938989, -0.343848, 0.024567, 0.343608, 0.938800),

      ["LowerTorso"] = CFrame.new(-0.000000, -1.128497, 0.155092, 1.000000, -0.000000, -0.000000, 0.000000, -0.698052, 0.716048, -0.000000, -0.716048, -0.698052),

      ["RightFoot"] = CFrame.new(0.000000, 0.018674, -0.000103, 0.999648, -0.020287, -0.017082, 0.020934, 0.999035, 0.038603, 0.016281, -0.038949, 0.999109),

      ["RightHand"] = CFrame.new(-0.000500, 0.000000, 0.000000, 1.000000, -0.000000, -0.000000, 0.000000, 1.000000, 0.000001, 0.000000, -0.000000, 1.000000),

      ["RightLowerArm"] = CFrame.new(-0.000000, 0.058761, 0.019013, 1.000000, 0.000000, 0.000000, -0.000000, 0.809284, -0.587418, -0.000000, 0.587418, 0.809284),

      ["RightLowerLeg"] = CFrame.new(-0.000000, 0.084839, -0.026286, 1.000000, 0.000000, 0.000000, -0.000000, 0.731257, 0.682105, 0.000000, -0.682102, 0.731254),

      ["RightUpperArm"] = CFrame.new(0.000000, -0.000000, -0.000000, 0.359290, -0.892618, -0.272293, 0.345157, 0.398189, -0.849890, 0.867051, 0.211373, 0.451158),

      ["RightUpperLeg"] = CFrame.new(0.000000, -0.000000, -0.000000, 0.999415, -0.012848, -0.031690, 0.011012, 0.998288, -0.057428, 0.032373, 0.057069, 0.997847),

      ["UpperTorso"] = CFrame.new(-0.000000, 0.000000, 0.000000, 1.000000, 0.000000, 0.000000, 0.000000, 0.707994, -0.706219, -0.000000, 0.706219, 0.707994),

    }},

    {Time = 0.267, Data = {

