return {

  ["poodle multi twerk"] = {

    {Time = 0.000, Data = {

      ["Head"] = CFrame.new(-0.000000, 0.000000, 0.000000, 1.000000, -0.000000, -0.000000, -0.000000, 1.000000, 0.000000, 0.000000, 0.000000, 1.000000),

      ["LeftFoot"] = CFrame.new(0.000000, -0.083967, -0.000003, 0.728380, -0.524128, -0.441323, 0.626032, 0.770863, 0.117754, 0.278471, -0.362022, 0.889589),

      ["LeftHand"] = CFrame.new(0.000496, 0.006663, -0.000000, 0.712981, 0.605049, -0.354369, -0.386890, 0.760951, 0.520839, 0.584786, -0.234244, 0.776627),

      ["LeftLowerArm"] = CFrame.new(-0.000500, 0.038357, 0.005255, 1.000000, -0.000000, -0.000000, 0.000000, 0.946456, -0.322834, 0.000000, 0.322834, 0.946456),

      ["LeftLowerLeg"] = CFrame.new(-0.000000, -0.083278, -0.001003, 1.000000, 0.000000, -0.000000, -0.000000, 1.000000, -0.000008, -0.000000, -0.000011, 1.000000),

      ["LeftUpperArm"] = CFrame.new(-0.325016, -0.128971, -0.450274, 0.349968, -0.321979, -0.879689, -0.257944, -0.935894, 0.239932, -0.900548, 0.142941, -0.410585),

      ["LeftUpperLeg"] = CFrame.new(0.003395, 0.033247, 0.018690, 0.860509, 0.509435, 0.000718, 0.444059, -0.749392, -0.491149, -0.249670, 0.422952, -0.871075),

      ["LowerTorso"] = CFrame.new(0.309153, -0.294200, 0.103452, 0.945899, -0.282468, -0.159646, -0.058571, -0.632602, 0.772259, -0.319131, -0.721128, -0.614922),

      ["RightFoot"] = CFrame.new(0.000000, 0.022008, -0.000103, 0.933792, 0.273721, 0.230477, -0.154556, 0.889442, -0.430142, -0.322716, 0.366018, 0.872845),

      ["RightHand"] = CFrame.new(-0.000495, 0.006730, 0.000000, 0.822134, -0.491180, 0.287819, 0.290165, 0.796508, 0.530456, -0.489796, -0.352588, 0.797356),

      ["RightLowerArm"] = CFrame.new(-0.000000, 0.039601, 0.005596, 1.000000, 0.000000, 0.000000, -0.000000, 0.942993, -0.332812, -0.000000, 0.332812, 0.942993),

      ["RightLowerLeg"] = CFrame.new(0.000000, 0.094277, -0.032965, 1.000000, 0.000000, 0.000000, -0.000000, 0.661807, 0.749679, 0.000000, -0.749674, 0.661801),

      ["RightUpperArm"] = CFrame.new(0.299288, -0.108309, -0.444953, 0.401424, 0.366501, 0.839366, 0.216620, -0.928437, 0.301795, 0.889907, 0.060675, -0.452088),

      ["RightUpperLeg"] = CFrame.new(-0.003396, 0.033247, 0.018790, 0.793687, -0.494137, -0.354820, -0.603121, -0.715328, -0.352935, -0.079416, 0.494100, -0.865759),

      ["UpperTorso"] = CFrame.new(-0.185553, 0.055411, 0.031317, 0.945899, 0.312459, 0.087433, -0.282468, 0.925604, -0.251931, -0.159646, 0.213604, 0.963788),

    }},

    {Time = 0.017, Data = {

      ["Head"] = CFrame.new(0.000000, 0.000000, 0.000000, 1.000000, 0.000000, -0.000000, -0.000000, 0.999923, 0.012436, -0.000000, -0.012436, 0.999923),

      ["LeftFoot"] = CFrame.new(-0.000000, -0.079062, -0.000004, 0.732026, -0.521147, -0.438814, 0.608887, 0.789395, 0.078249, 0.305606, -0.324440, 0.895164),

      ["LeftHand"] = CFrame.new(0.000495, 0.008113, 0.000000, 0.699136, 0.616973, -0.361326, -0.364086, 0.742136, 0.562742, 0.615346, -0.261877, 0.743481),

      ["LeftLowerArm"] = CFrame.new(-0.000500, 0.048343, 0.008643, 1.000000, -0.000000, -0.000000, 0.000000, 0.912007, -0.410175, 0.000000, 0.410175, 0.912007),

      ["LeftLowerLeg"] = CFrame.new(0.000000, -0.078389, -0.000938, 1.000000, -0.000000, -0.000000, -0.000000, 1.000000, -0.000008, 0.000000, -0.000011, 1.000000),

      ["LeftUpperArm"] = CFrame.new(-0.322295, -0.137864, -0.446558, 0.355411, -0.288885, -0.888948, -0.275729, -0.941124, 0.195601, -0.893116, 0.175589, -0.414139),

      ["LeftUpperLeg"] = CFrame.new(0.004203, 0.030609, 0.016942, 0.849038, 0.526500, 0.043966, 0.498370, -0.770488, -0.397465, -0.175389, 0.359368, -0.916564),

      ["LowerTorso"] = CFrame.new(0.272119, -0.253036, 0.036742, 0.955531, -0.225787, -0.189686, -0.041122, -0.738979, 0.672472, -0.292009, -0.634768, -0.715402),

      ["RightFoot"] = CFrame.new(-0.000000, 0.017991, -0.000103, 0.924454, 0.291680, 0.245598, -0.174185, 0.896002, -0.408479, -0.339182, 0.334817, 0.879106),

      ["RightHand"] = CFrame.new(-0.000495, 0.008182, 0.000000, 0.811083, -0.504686, 0.295701, 0.271762, 0.772789, 0.573537, -0.517968, -0.384823, 0.763947),

      ["RightLowerArm"] = CFrame.new(0.000000, 0.049610, 0.009102, 1.000000, 0.000000, 0.000000, -0.000000, 0.907338, -0.420402, -0.000000, 0.420402, 0.907338),

      ["RightLowerLeg"] = CFrame.new(-0.000000, 0.082788, -0.024970, 1.000000, 0.000000, 0.000000, -0.000000, 0.744890, 0.667190, 0.000000, -0.667188, 0.744888),

      ["RightUpperArm"] = CFrame.new(0.296872, -0.117202, -0.441591, 0.406257, 0.336289, 0.849627, 0.234404, -0.937055, 0.258810, 0.883182, 0.094012, -0.459512),

      ["RightUpperLeg"] = CFrame.new(-0.004785, 0.030609, 0.017042, 0.799631, -0.459283, -0.386855, -0.580166, -0.757080, -0.300410, -0.154909, 0.464639, -0.871836),

      ["UpperTorso"] = CFrame.new(-0.173966, 0.041228, 0.033033, 0.955531, 0.280480, 0.091058, -0.225787, 0.894486, -0.385895, -0.189686, 0.348175, 0.918038),

    }},

    {Time = 0.033, Data = {

      ["Head"] = CFrame.new(0.000000, 0.000000, -0.000000, 1.000000, 0.000000, 0.000000, 0.000000, 0.999688, 0.024961, -0.000000, -0.024961, 0.999688),

      ["LeftFoot"] = CFrame.new(0.000000, -0.068712, -0.000004, 0.739534, -0.514906, -0.433560, 0.585223, 0.810070, 0.036181, 0.332570, -0.280460, 0.900398),

      ["LeftHand"] = CFrame.new(0.000494, 0.009409, -0.000000, 0.682386, 0.630794, -0.369394, -0.342649, 0.722394, 0.600617, 0.645710, -0.283277, 0.709089),

      ["LeftLowerArm"] = CFrame.new(-0.000500, 0.057201, 0.012482, 1.000000, -0.000000, -0.000000, -0.000000, 0.872909, -0.487883, 0.000000, 0.487884, 0.872909),

      ["LeftLowerLeg"] = CFrame.new(-0.000000, -0.068074, -0.000801, 1.000000, 0.000000, 0.000000, -0.000000, 1.000000, -0.000008, -0.000000, -0.000011, 1.000000),

      ["LeftUpperArm"] = CFrame.new(-0.319157, -0.148722, -0.441789, 0.361687, -0.259559, -0.895440, -0.297445, -0.942396, 0.153025, -0.883578, 0.210996, -0.418056),

      ["LeftUpperLeg"] = CFrame.new(0.006513, 0.023059, 0.011938, 0.838027, 0.533422, 0.114770, 0.538606, -0.775096, -0.330354, -0.087259, 0.338655, -0.936853),

      ["LowerTorso"] = CFrame.new(0.215692, -0.224917, -0.027488, 0.970088, -0.165151, -0.177918, -0.031585, -0.812554, 0.582030, -0.240691, -0.559001, -0.793465),

      ["RightFoot"] = CFrame.new(-0.000000, 0.014406, -0.000103, 0.909483, 0.318031, 0.267787, -0.205413, 0.903718, -0.375649, -0.361451, 0.286618, 0.887231),

      ["RightHand"] = CFrame.new(-0.000494, 0.009494, -0.000000, 0.797478, -0.520591, 0.304986, 0.254235, 0.748364, 0.612633, -0.547168, -0.411020, 0.729153),

      ["RightLowerArm"] = CFrame.new(0.000000, 0.058545, 0.013089, 1.000000, 0.000000, 0.000000, -0.000000, 0.866718, -0.498798, -0.000000, 0.498798, 0.866719),

      ["RightLowerLeg"] = CFrame.new(0.000000, 0.071165, -0.018282, 1.000000, 0.000000, 0.000000, -0.000000, 0.813934, 0.580955, -0.000000, -0.580957, 0.813935),

      ["RightUpperArm"] = CFrame.new(0.294079, -0.128162, -0.437231, 0.411843, 0.309659, 0.857028, 0.256324, -0.941885, 0.217143, 0.874462, 0.130248, -0.467281),

      ["RightUpperLeg"] = CFrame.new(-0.008762, 0.023059, 0.012038, 0.807777, -0.444874, -0.386769, -0.558307, -0.787925, -0.259763, -0.189185, 0.425749, -0.884835),

      ["UpperTorso"] = CFrame.new(-0.145562, 0.025292, 0.023870, 0.970088, 0.230292, 0.076779, -0.165151, 0.857901, -0.486550, -0.177918, 0.459316, 0.870273),

    }},

    {Time = 0.050, Data = {

      ["Head"] = CFrame.new(-0.000000, -0.000000, 0.000000, 1.000000, -0.000000, -0.000000, 0.000000, 0.999297, 0.037494, 0.000000, -0.037494, 0.999297),

      ["LeftFoot"] = CFrame.new(-0.000000, -0.056336, -0.000004, 0.749935, -0.506027, -0.426085, 0.557019, 0.830483, -0.005909, 0.356830, -0.232882, 0.904664),

      ["LeftHand"] = CFrame.new(0.000493, 0.010652, -0.000000, 0.663328, 0.645766, -0.378135, -0.323246, 0.702988, 0.633501, 0.674914, -0.297985, 0.675049),

      ["LeftLowerArm"] = CFrame.new(-0.000500, 0.064857, 0.016450, 1.000000, -0.000000, -0.000000, -0.000000, 0.832391, -0.554188, 0.000000, 0.554189, 0.832391),

      ["LeftLowerLeg"] = CFrame.new(0.000000, -0.055740, -0.000638, 1.000000, 0.000000, -0.000000, -0.000000, 1.000000, -0.000008, -0.000000, -0.000011, 1.000000),

      ["LeftUpperArm"] = CFrame.new(-0.315780, -0.160997, -0.436054, 0.368441, -0.234801, -0.899511, -0.321994, -0.939919, 0.113459, -0.872108, 0.247833, -0.421908),

      ["LeftUpperLeg"] = CFrame.new(0.010159, 0.011143, 0.004040, 0.823978, 0.529089, 0.202797, 0.566614, -0.771233, -0.290088, 0.002924, 0.353927, -0.935266),

      ["LowerTorso"] = CFrame.new(0.148295, -0.207711, -0.085059, 0.985004, -0.108179, -0.134401, -0.024787, -0.859655, 0.510273, -0.170740, -0.499290, -0.849446),

      ["RightFoot"] = CFrame.new(-0.000000, 0.012068, -0.000103, 0.890691, 0.347762, 0.292822, -0.248868, 0.911987, -0.326120, -0.380441, 0.217582, 0.898833),

      ["RightHand"] = CFrame.new(-0.000493, 0.010852, 0.000000, 0.781726, -0.538099, 0.315210, 0.238217, 0.724776, 0.646495, -0.576331, -0.430290, 0.694757),

      ["RightLowerArm"] = CFrame.new(0.000000, 0.066346, 0.017201, 1.000000, 0.000000, 0.000000, -0.000000, 0.824693, -0.565580, -0.000000, 0.565580, 0.824694),

      ["RightLowerLeg"] = CFrame.new(0.000000, 0.059030, -0.012022, 1.000000, 0.000000, 0.000000, -0.000000, 0.877817, 0.478990, 0.000000, -0.478996, 0.877821),

      ["RightUpperArm"] = CFrame.new(0.291074, -0.140657, -0.431932, 0.417852, 0.287649, 0.861776, 0.281314, -0.942901, 0.178325, 0.863865, 0.167915, -0.474912),

      ["RightUpperLeg"] = CFrame.new(-0.015038, 0.011143, 0.004140, 0.818715, -0.441748, -0.366838, -0.541507, -0.806489, -0.237386, -0.190987, 0.392981, -0.899488),

      ["UpperTorso"] = CFrame.new(-0.103799, 0.012284, 0.010801, 0.985004, 0.164529, 0.051927, -0.108179, 0.823438, -0.556998, -0.134401, 0.543028, 0.828889),

    }},

    {Time = 0.067, Data = {

      ["Head"] = CFrame.new(0.000000, 0.000000, -0.000000, 1.000000, 0.000000, -0.000000, 0.000000, 0.998752, 0.049956, 0.000000, -0.049956, 0.998752),

      ["LeftFoot"] = CFrame.new(-0.000000, -0.043116, -0.000003, 0.762733, -0.494707, -0.416553, 0.526291, 0.849129, -0.044775, 0.375841, -0.185055, 0.908008),

      ["LeftHand"] = CFrame.new(0.000492, 0.012127, 0.000000, 0.642680, 0.661142, -0.387114, -0.306791, 0.685085, 0.660712, 0.702027, -0.305860, 0.643119),

      ["LeftLowerArm"] = CFrame.new(-0.000500, 0.071457, 0.020192, 1.000000, -0.000000, -0.000000, 0.000000, 0.793986, -0.607936, 0.000000, 0.607936, 0.793986),

      ["LeftLowerLeg"] = CFrame.new(0.000000, -0.042566, -0.000463, 1.000000, -0.000000, -0.000000, -0.000000, 1.000000, -0.000008, -0.000000, -0.000011, 1.000000),

      ["LeftUpperArm"] = CFrame.new(-0.312339, -0.174111, -0.429498, 0.375323, -0.215333, -0.901535, -0.348223, -0.934149, 0.078152, -0.858996, 0.284602, -0.425591),

      ["LeftUpperLeg"] = CFrame.new(0.014974, -0.004593, -0.006390, 0.804244, 0.514695, 0.297125, 0.588242, -0.760615, -0.274660, 0.084633, 0.395670, -0.914483),

      ["LowerTorso"] = CFrame.new(0.075299, -0.199527, -0.132269, 0.995972, -0.054860, -0.070918, -0.015812, -0.886035, 0.463349, -0.088255, -0.460362, -0.883334),

      ["RightFoot"] = CFrame.new(0.000000, 0.009349, -0.000103, 0.869517, 0.377817, 0.318130, -0.304832, 0.917291, -0.256241, -0.388609, 0.125822, 0.912762),

      ["RightHand"] = CFrame.new(-0.000492, 0.012516, 0.000000, 0.764358, -0.556379, 0.325886, 0.224418, 0.703365, 0.674476, -0.604477, -0.442403, 0.662481),

      ["RightLowerArm"] = CFrame.new(0.000000, 0.073154, 0.021081, 1.000000, 0.000000, 0.000000, 0.000000, 0.784796, -0.619754, -0.000000, 0.619754, 0.784796),

      ["RightLowerLeg"] = CFrame.new(-0.000000, 0.043897, -0.006259, 1.000000, 0.000000, 0.000000, -0.000000, 0.936381, 0.350973, -0.000000, -0.350985, 0.936386),

      ["RightUpperArm"] = CFrame.new(0.288021, -0.154113, -0.425810, 0.423959, 0.270825, 0.864241, 0.308225, -0.940428, 0.143497, 0.851620, 0.205544, -0.482178),

      ["RightUpperLeg"] = CFrame.new(-0.023327, -0.004593, -0.006290, 0.831961, -0.441517, -0.336017, -0.528911, -0.814062, -0.239920, -0.167611, 0.377314, -0.910786),

      ["UpperTorso"] = CFrame.new(-0.053278, 0.003757, 0.001201, 0.995972, 0.086426, 0.023865, -0.054860, 0.797947, -0.600226, -0.070918, 0.596499, 0.799475),

    }},

    {Time = 0.083, Data = {

      ["Head"] = CFrame.new(0.000000, 0.000000, -0.000000, 1.000000, 0.000000, 0.000000, -0.000000, 0.998060, 0.062265, -0.000000, -0.062265, 0.998060),

      ["LeftFoot"] = CFrame.new(-0.000000, -0.028231, -0.000003, 0.777663, -0.480913, -0.404939, 0.495019, 0.865451, -0.077174, 0.387551, -0.140418, 0.911081),

      ["LeftHand"] = CFrame.new(0.000491, 0.014100, 0.000000, 0.621293, 0.676204, -0.395911, -0.294088, 0.669550, 0.682069, 0.726297, -0.307329, 0.614847),

      ["LeftLowerArm"] = CFrame.new(-0.000500, 0.077241, 0.023399, 1.000000, -0.000000, -0.000000, 0.000000, 0.760716, -0.649085, 0.000000, 0.649085, 0.760716),

      ["LeftLowerLeg"] = CFrame.new(-0.000000, -0.027733, -0.000266, 1.000000, 0.000000, 0.000000, -0.000000, 1.000000, -0.000008, -0.000000, -0.000011, 1.000000),

      ["LeftUpperArm"] = CFrame.new(-0.308997, -0.187475, -0.422340, 0.382007, -0.201419, -0.901943, -0.374950, -0.925804, 0.047941, -0.844679, 0.319870, -0.429186),

      ["LeftUpperLeg"] = CFrame.new(0.020791, -0.023603, -0.018991, 0.777661, 0.495017, 0.387560, 0.610806, -0.740872, -0.279333, 0.148860, 0.453945, -0.878505),

      ["LowerTorso"] = CFrame.new(-0.000000, -0.199181, -0.166517, 1.000000, 0.000000, -0.000000, 0.000000, -0.895705, 0.444648, -0.000000, -0.444648, -0.895705),

      ["RightFoot"] = CFrame.new(0.000000, 0.005215, -0.000103, 0.847105, 0.406518, 0.342298, -0.375583, 0.913637, -0.155587, -0.375966, 0.003243, 0.926620),

      ["RightHand"] = CFrame.new(-0.000490, 0.014534, 0.000000, 0.746058, -0.574590, 0.336523, 0.213228, 0.684914, 0.696728, -0.630818, -0.448040, 0.633500),

      ["RightLowerArm"] = CFrame.new(-0.000000, 0.079085, 0.024494, 1.000000, 0.000000, 0.000000, 0.000000, 0.749371, -0.662151, -0.000000, 0.662151, 0.749371),

      ["RightLowerLeg"] = CFrame.new(-0.000000, 0.022005, -0.001409, 1.000000, 0.000000, -0.000000, -0.000000, 0.985512, 0.169587, -0.000000, -0.169604, 0.985515),

      ["RightUpperArm"] = CFrame.new(0.285070, -0.167926, -0.419054, 0.429861, 0.258872, 0.864989, 0.335853, -0.935117, 0.112956, 0.838107, 0.241953, -0.488912),

      ["RightUpperLeg"] = CFrame.new(-0.033340, -0.023603, -0.018891, 0.847102, -0.433905, -0.306834, -0.516318, -0.808686, -0.281862, -0.125832, 0.397181, -0.909069),

      ["UpperTorso"] = CFrame.new(0.000000, -0.000000, -0.000000, 1.000000, 0.000000, 0.000000, 0.000000, 0.785578, -0.618763, -0.000000, 0.618763, 0.785578),

    }},

    {Time = 0.100, Data = {

      ["Head"] = CFrame.new(-0.000000, 0.000000, 0.000000, 1.000000, 0.000000, -0.000000, 0.000000, 0.997233, 0.074344, 0.000000, -0.074344, 0.997233),

      ["LeftFoot"] = CFrame.new(0.000000, -0.009943, -0.000003, 0.794489, -0.464541, -0.391154, 0.464833, 0.879670, -0.100579, 0.390792, -0.101895, 0.914813),

      ["LeftHand"] = CFrame.new(0.000490, 0.015403, -0.000000, 0.600127, 0.690302, -0.404146, -0.283328, 0.655924, 0.699636, 0.748046, -0.305362, 0.589216),

      ["LeftLowerArm"] = CFrame.new(-0.000500, 0.081700, 0.026338, 1.000000, -0.000000, -0.000000, 0.000000, 0.730302, -0.683125, 0.000000, 0.683125, 0.730302),

      ["LeftLowerLeg"] = CFrame.new(-0.000000, -0.009508, -0.000025, 1.000000, 0.000000, 0.000000, -0.000000, 1.000000, -0.000008, -0.000000, -0.000011, 1.000000),

      ["LeftUpperArm"] = CFrame.new(-0.305897, -0.200511, -0.414873, 0.388205, -0.189899, -0.901796, -0.401023, -0.915845, 0.020224, -0.829745, 0.353789, -0.431690),

      ["LeftUpperLeg"] = CFrame.new(0.027443, -0.045343, -0.033400, 0.745573, 0.475959, 0.466462, 0.639282, -0.708522, -0.298859, 0.188256, 0.521017, -0.832524),

      ["LowerTorso"] = CFrame.new(-0.075109, -0.206301, -0.186722, 0.995879, 0.061766, 0.066401, 0.024801, -0.889782, 0.455711, 0.087230, -0.452187, -0.887648),

      ["RightFoot"] = CFrame.new(0.000000, -0.008810, -0.000103, 0.824179, 0.433216, 0.364778, -0.445446, 0.893630, -0.054854, -0.349724, -0.117261, 0.929477),

      ["RightHand"] = CFrame.new(-0.000490, 0.015847, -0.000000, 0.727646, -0.591922, 0.346647, 0.203404, 0.668809, 0.715069, -0.655102, -0.449804, 0.607052),

      ["RightLowerArm"] = CFrame.new(0.000000, 0.083670, 0.027659, 1.000000, 0.000000, 0.000000, 0.000000, 0.716610, -0.697474, -0.000000, 0.697475, 0.716610),

      ["RightLowerLeg"] = CFrame.new(0.000000, -0.008778, -0.000113, 1.000000, 0.000000, -0.000000, 0.000000, 1.000000, -0.000008, -0.000000, -0.000011, 1.000000),

      ["RightUpperArm"] = CFrame.new(0.282352, -0.181492, -0.411934, 0.435296, 0.249048, 0.865155, 0.362985, -0.927956, 0.084493, 0.823869, 0.277258, -0.494336),

      ["RightUpperLeg"] = CFrame.new(-0.044791, -0.045343, -0.033300, 0.863344, -0.426231, -0.270121, -0.499504, -0.797843, -0.337557, -0.071638, 0.426349, -0.901715),

      ["UpperTorso"] = CFrame.new(0.049984, 0.001629, 0.007897, 0.995880, -0.089508, -0.014577, 0.061766, 0.787158, -0.613651, 0.066401, 0.610222, 0.789443),

    }},

    {Time = 0.117, Data = {

      ["Head"] = CFrame.new(0.000000, -0.000000, -0.000000, 1.000000, 0.000000, -0.000000, -0.000000, 0.996286, 0.086111, 0.000000, -0.086111, 0.996286),

      ["LeftFoot"] = CFrame.new(-0.000000, 0.003789, -0.000003, 0.813230, -0.445161, -0.374836, 0.413491, 0.895230, -0.166111, 0.409490, -0.019896, 0.912088),

      ["LeftHand"] = CFrame.new(0.000489, 0.016397, -0.000000, 0.580185, 0.702892, -0.411500, -0.275495, 0.644803, 0.712975, 0.766477, -0.300288, 0.567745),

      ["LeftLowerArm"] = CFrame.new(-0.000500, 0.085089, 0.028763, 1.000000, -0.000000, -0.000000, 0.000000, 0.705149, -0.709058, 0.000000, 0.709059, 0.705150),

      ["LeftLowerLeg"] = CFrame.new(0.000000, 0.016380, -0.000628, 1.000000, -0.000000, -0.000000, 0.000000, 0.992413, 0.122928, 0.000000, -0.122946, 0.992416),

      ["LeftUpperArm"] = CFrame.new(-0.303156, -0.212691, -0.407450, 0.393688, -0.181382, -0.901172, -0.425382, -0.905007, -0.003680, -0.814899, 0.384790, -0.433446),

      ["LeftUpperLeg"] = CFrame.new(0.034763, -0.069264, -0.049256, 0.714922, 0.490038, 0.498752, 0.670639, -0.682385, -0.290855, 0.197812, 0.542415, -0.816486),

      ["LowerTorso"] = CFrame.new(-0.147207, -0.220676, -0.192828, 0.984486, 0.127597, 0.120443, 0.051172, -0.865375, 0.498506, 0.167836, -0.484609, -0.858479),

      ["RightFoot"] = CFrame.new(-0.000000, -0.034211, -0.000103, 0.800922, 0.458031, 0.385672, -0.487682, 0.872704, -0.023674, -0.347405, -0.169102, 0.922332),

      ["RightHand"] = CFrame.new(-0.000489, 0.016892, 0.000000, 0.710031, -0.607651, 0.355836, 0.196021, 0.655912, 0.728943, -0.676337, -0.447817, 0.584827),

      ["RightLowerArm"] = CFrame.new(0.000000, 0.087205, 0.030293, 1.000000, 0.000000, 0.000000, -0.000000, 0.689264, -0.724510, -0.000000, 0.724511, 0.689264),

      ["RightLowerLeg"] = CFrame.new(-0.000000, -0.034091, -0.000448, 1.000000, 0.000000, 0.000000, 0.000000, 1.000000, -0.000008, -0.000000, -0.000011, 1.000000),

      ["RightUpperArm"] = CFrame.new(0.279968, -0.194241, -0.404792, 0.440064, 0.241999, 0.864743, 0.388481, -0.919525, 0.059633, 0.809584, 0.309694, -0.498661),

      ["RightUpperLeg"] = CFrame.new(-0.057392, -0.069264, -0.049156, 0.876661, -0.439430, -0.195876, -0.481067, -0.805967, -0.344956, -0.006287, 0.396633, -0.917953),

      ["UpperTorso"] = CFrame.new(0.093882, 0.009636, 0.020865, 0.984486, -0.173803, -0.024079, 0.127597, 0.803344, -0.581685, 0.120443, 0.569589, 0.813057),

    }},

    {Time = 0.133, Data = {

      ["Head"] = CFrame.new(-0.000000, -0.000000, -0.000000, 1.000000, -0.000000, -0.000000, 0.000000, 0.995237, 0.097487, 0.000000, -0.097487, 0.995237),

      ["LeftFoot"] = CFrame.new(-0.000000, 0.008715, -0.000003, 0.833110, -0.423106, -0.356264, 0.347925, 0.901573, -0.257138, 0.429973, 0.090266, 0.898307),

      ["LeftHand"] = CFrame.new(0.000489, 0.017067, -0.000000, 0.562445, 0.713555, -0.417729, -0.270730, 0.636294, 0.722383, 0.781256, -0.293206, 0.551058),

      ["LeftLowerArm"] = CFrame.new(-0.000500, 0.087471, 0.030611, 1.000000, -0.000000, -0.000000, -0.000000, 0.685989, -0.727612, 0.000000, 0.727612, 0.685989),

      ["LeftLowerLeg"] = CFrame.new(-0.000000, 0.041687, -0.005434, 1.000000, -0.000000, -0.000000, 0.000000, 0.943734, 0.330694, 0.000000, -0.330707, 0.943738),

      ["LeftUpperArm"] = CFrame.new(-0.300856, -0.223561, -0.400453, 0.398288, -0.175478, -0.900319, -0.447121, -0.894164, -0.023522, -0.800905, 0.411920, -0.434595),

      ["LeftUpperLeg"] = CFrame.new(0.042584, -0.094824, -0.066197, 0.693540, 0.530178, 0.487771, 0.699146, -0.658641, -0.278195, 0.173775, 0.533951, -0.827458),

      ["LowerTorso"] = CFrame.new(-0.213015, -0.242889, -0.184956, 0.969071, 0.191665, 0.155451, 0.069607, -0.816631, 0.572947, 0.236760, -0.544406, -0.804715),

      ["RightFoot"] = CFrame.new(0.000000, -0.054703, -0.000104, 0.777491, 0.481076, 0.405076, -0.530389, 0.847684, 0.011293, -0.337928, -0.223604, 0.914214),

      ["RightHand"] = CFrame.new(-0.000489, 0.017524, -0.000000, 0.694141, -0.621180, 0.363740, 0.191121, 0.646209, 0.738843, -0.694003, -0.443339, 0.567278),

      ["RightLowerArm"] = CFrame.new(0.000000, 0.089671, 0.032376, 1.000000, 0.000000, -0.000000, -0.000000, 0.667705, -0.744426, -0.000000, 0.744426, 0.667705),

      ["RightLowerLeg"] = CFrame.new(-0.000000, -0.054512, -0.000718, 1.000000, -0.000000, -0.000000, -0.000000, 1.000000, -0.000008, -0.000000, -0.000011, 1.000000),

      ["RightUpperArm"] = CFrame.new(0.277986, -0.205671, -0.398006, 0.444029, 0.236995, 0.864102, 0.411342, -0.910672, 0.038394, 0.796013, 0.338393, -0.501850),

      ["RightUpperLeg"] = CFrame.new(-0.070855, -0.094824, -0.066097, 0.882833, -0.452305, -0.126598, -0.464361, -0.800046, -0.379866, 0.070530, 0.394139, -0.916338),

      ["UpperTorso"] = CFrame.new(0.130710, 0.023709, 0.033043, 0.969071, -0.244280, -0.035044, 0.191665, 0.834466, -0.516654, 0.155451, 0.493958, 0.855477),

    }},

    {Time = 0.150, Data = {

      ["Head"] = CFrame.new(0.000000, 0.000000, 0.000000, 1.000000, -0.000000, 0.000000, -0.000000, 0.994108, 0.108394, 0.000000, -0.108394, 0.994108),

      ["LeftFoot"] = CFrame.new(0.000000, 0.012464, -0.000003, 0.851847, -0.400683, -0.337382, 0.294194, 0.898885, -0.324752, 0.433367, 0.177369, 0.883578),

      ["LeftHand"] = CFrame.new(0.000489, 0.017450, 0.000000, 0.547768, 0.722013, -0.422671, -0.269122, 0.630416, 0.728115, 0.792164, -0.285086, 0.539628),

      ["LeftLowerArm"] = CFrame.new(-0.000500, 0.088930, 0.031830, 1.000000, -0.000000, -0.000000, -0.000000, 0.673362, -0.739313, 0.000000, 0.739313, 0.673362),

      ["LeftLowerLeg"] = CFrame.new(0.000000, 0.062494, -0.013460, 1.000000, 0.000000, 0.000000, -0.000000, 0.862151, 0.506646, 0.000000, -0.506651, 0.862154),

      ["LeftUpperArm"] = CFrame.new(-0.299047, -0.232768, -0.394255, 0.401907, -0.171925, -0.899396, -0.465537, -0.884168, -0.039017, -0.788509, 0.434383, -0.435390),

      ["LeftUpperLeg"] = CFrame.new(0.050739, -0.121475, -0.083862, 0.687062, 0.561692, 0.460930, 0.717497, -0.624567, -0.308417, 0.114648, 0.542603, -0.832119),

      ["LowerTorso"] = CFrame.new(-0.268548, -0.274830, -0.163997, 0.954582, 0.246378, 0.167547, 0.071051, -0.734346, 0.675047, 0.289354, -0.632483, -0.718499),

      ["RightFoot"] = CFrame.new(0.000000, -0.064511, -0.000104, 0.753792, 0.502662, 0.423251, -0.573137, 0.817982, 0.049290, -0.321421, -0.279708, 0.904671),

      ["RightHand"] = CFrame.new(-0.000488, 0.017969, 0.000000, 0.680827, -0.632064, 0.370100, 0.189200, 0.639907, 0.744799, -0.707586, -0.437052, 0.555249),

      ["RightLowerArm"] = CFrame.new(-0.000000, 0.091281, 0.033774, 1.000000, 0.000000, 0.000000, 0.000000, 0.653198, -0.757187, -0.000000, 0.757187, 0.653199),

      ["RightLowerLeg"] = CFrame.new(-0.000000, -0.064286, -0.000848, 1.000000, 0.000000, 0.000000, -0.000000, 1.000000, -0.000008, -0.000000, -0.000011, 1.000000),

      ["RightUpperArm"] = CFrame.new(0.276439, -0.215386, -0.391956, 0.447122, 0.234090, 0.863298, 0.430771, -0.902204, 0.021533, 0.783912, 0.362256, -0.504234),

      ["RightUpperLeg"] = CFrame.new(-0.084894, -0.121475, -0.083762, 0.877736, -0.474725, -0.064933, -0.451100, -0.773059, -0.445974, 0.161517, 0.420733, -0.892687),

      ["UpperTorso"] = CFrame.new(0.160795, 0.041071, 0.038116, 0.954582, -0.293015, -0.054000, 0.246378, 0.878198, -0.409959, 0.167547, 0.378035, 0.910504),

    }},

    {Time = 0.167, Data = {

      ["Head"] = CFrame.new(0.000000, 0.000000, 0.000000, 1.000000, 0.000000, 0.000000, 0.000000, 0.992924, 0.118754, -0.000000, -0.118754, 0.992924),

      ["LeftFoot"] = CFrame.new(-0.000000, 0.017230, -0.000003, 0.865578, -0.383077, -0.322556, 0.255604, 0.891826, -0.373262, 0.430629, 0.240622, 0.869847),

      ["LeftHand"] = CFrame.new(0.000488, 0.017625, 0.000000, 0.536828, 0.728110, -0.426233, -0.270729, 0.627144, 0.730342, 0.799076, -0.276671, 0.533785),

      ["LeftLowerArm"] = CFrame.new(-0.000500, 0.089574, 0.032378, 1.000000, -0.000000, -0.000000, 0.000000, 0.667681, -0.744447, 0.000000, 0.744447, 0.667682),

      ["LeftLowerLeg"] = CFrame.new(-0.000000, 0.081320, -0.023846, 1.000000, -0.000000, -0.000000, 0.000000, 0.755500, 0.655150, -0.000000, -0.655149, 0.755498),

      ["LeftUpperArm"] = CFrame.new(-0.297751, -0.240071, -0.389180, 0.404497, -0.170613, -0.898484, -0.480142, -0.875772, -0.049860, -0.778361, 0.451568, -0.436166),

      ["LeftUpperLeg"] = CFrame.new(0.059061, -0.148672, -0.101889, 0.697262, 0.580865, 0.420037, 0.716450, -0.583463, -0.382465, 0.022918, 0.567597, -0.822976),

      ["LowerTorso"] = CFrame.new(-0.309153, -0.319825, -0.133303, 0.945899, 0.282468, 0.159646, 0.046781, -0.605623, 0.794376, 0.321071, -0.743931, -0.586072),

      ["RightFoot"] = CFrame.new(0.000000, -0.056733, -0.000104, 0.728370, 0.524135, 0.441331, -0.616634, 0.782245, 0.088692, -0.298730, -0.336711, 0.892951),

      ["RightHand"] = CFrame.new(-0.000488, 0.018192, -0.000000, 0.670776, -0.640020, 0.374749, 0.190227, 0.636848, 0.747155, -0.716849, -0.429883, 0.548928),

      ["RightLowerArm"] = CFrame.new(0.000000, 0.092075, 0.034482, 1.000000, 0.000000, 0.000000, -0.000000, 0.645848, -0.763466, -0.000000, 0.763466, 0.645848),

      ["RightLowerLeg"] = CFrame.new(0.000000, -0.056535, -0.000745, 1.000000, 0.000000, 0.000000, 0.000000, 1.000000, -0.000008, 0.000000, -0.000011, 1.000000),

      ["RightUpperArm"] = CFrame.new(0.275337, -0.223102, -0.386978, 0.449326, 0.232898, 0.862476, 0.446205, -0.894884, 0.009189, 0.773956, 0.380712, -0.506014),

      ["RightUpperLeg"] = CFrame.new(-0.099219, -0.148672, -0.101789, 0.855179, -0.518203, -0.011624, -0.439995, -0.713899, -0.544754, 0.273994, 0.470972, -0.838515),

      ["UpperTorso"] = CFrame.new(0.185553, 0.055410, 0.031317, 0.945899, -0.312459, -0.087433, 0.282468, 0.925604, -0.251931, 0.159646, 0.213604, 0.963788),

    }},

    {Time = 0.183, Data = {

      ["Head"] = CFrame.new(-0.000000, 0.000000, -0.000000, 1.000000, 0.000000, -0.000000, 0.000000, 0.991711, 0.128488, 0.000000, -0.128488, 0.991711),

      ["LeftFoot"] = CFrame.new(0.000000, 0.023275, -0.000003, 0.869844, -0.377381, -0.317760, 0.231244, 0.880839, -0.413113, 0.435772, 0.285844, 0.853444),

      ["LeftHand"] = CFrame.new(0.000488, 0.017590, 0.000000, 0.530054, 0.731798, -0.428389, -0.275365, 0.626363, 0.729277, 0.802009, -0.268590, 0.533514),

      ["LeftLowerArm"] = CFrame.new(-0.000500, 0.089443, 0.032266, 1.000000, -0.000000, -0.000000, 0.000000, 0.668841, -0.743405, 0.000000, 0.743405, 0.668842),

      ["LeftLowerLeg"] = CFrame.new(-0.000000, 0.098853, -0.036599, 1.000000, -0.000000, -0.000000, 0.000000, 0.622981, 0.782243, -0.000000, -0.782237, 0.622974),

      ["LeftUpperArm"] = CFrame.new(-0.296972, -0.245335, -0.385474, 0.406057, -0.171348, -0.897640, -0.490671, -0.869545, -0.055976, -0.770947, 0.463175, -0.437160),

      ["LeftUpperLeg"] = CFrame.new(0.067383, -0.175869, -0.119915, 0.720172, 0.586748, 0.370255, 0.687777, -0.533637, -0.492143, -0.091180, 0.609063, -0.787849),

      ["LowerTorso"] = CFrame.new(-0.331977, -0.381521, -0.101269, 0.944516, 0.294886, 0.144679, -0.007785, -0.420248, 0.907376, 0.328373, -0.858157, -0.394635),

      ["RightFoot"] = CFrame.new(-0.000000, -0.026646, -0.000103, 0.696374, 0.548994, 0.462261, -0.663826, 0.737520, 0.124145, -0.272762, -0.393280, 0.878011),

      ["RightHand"] = CFrame.new(-0.000488, 0.018199, 0.000000, 0.664449, -0.644919, 0.377612, 0.194104, 0.636863, 0.746145, -0.721687, -0.422475, 0.548341),

      ["RightLowerArm"] = CFrame.new(-0.000000, 0.092099, 0.034503, 1.000000, 0.000000, 0.000000, 0.000000, 0.645631, -0.763650, -0.000000, 0.763650, 0.645631),

      ["RightLowerLeg"] = CFrame.new(0.000000, -0.026551, -0.000348, 1.000000, -0.000000, -0.000000, 0.000000, 1.000000, -0.000008, 0.000000, -0.000011, 1.000000),

      ["RightUpperArm"] = CFrame.new(0.274671, -0.228662, -0.383328, 0.450658, 0.233225, 0.861693, 0.457324, -0.889299, 0.001520, 0.766657, 0.393387, -0.507428),

      ["RightUpperLeg"] = CFrame.new(-0.113545, -0.175869, -0.119815, 0.805253, -0.591971, 0.033747, -0.422042, -0.612222, -0.668632, 0.416470, 0.524171, -0.742828),

      ["UpperTorso"] = CFrame.new(0.206264, 0.057981, 0.014550, 0.944516, -0.297775, -0.138635, 0.294886, 0.954634, -0.041418, 0.144679, -0.001761, 0.989477),

    }},

    {Time = 0.200, Data = {

      ["Head"] = CFrame.new(-0.000000, -0.000000, -0.000000, 1.000000, 0.000000, -0.000000, 0.000000, 0.990499, 0.137520, -0.000000, -0.137520, 0.990499),

      ["LeftFoot"] = CFrame.new(-0.000000, 0.027417, -0.000002, 0.862306, -0.387371, -0.326172, 0.213467, 0.862123, -0.459554, 0.459194, 0.326630, 0.826088),

      ["LeftHand"] = CFrame.new(0.000489, 0.017351, 0.000000, 0.527608, 0.733113, -0.429159, -0.282789, 0.627957, 0.725053, 0.801037, -0.261180, 0.538628),

      ["LeftLowerArm"] = CFrame.new(-0.000500, 0.088560, 0.031520, 1.000000, -0.000000, -0.000000, 0.000000, 0.676576, -0.736372, 0.000000, 0.736373, 0.676577),

      ["LeftLowerLeg"] = CFrame.new(-0.000000, 0.112384, -0.052453, 1.000000, -0.000000, -0.000000, 0.000000, 0.458184, 0.888864, -0.000000, -0.888857, 0.458171),

      ["LeftUpperArm"] = CFrame.new(-0.296694, -0.248528, -0.383276, 0.406613, -0.174055, -0.896867, -0.497055, -0.865824, -0.057320, -0.766552, 0.469099, -0.438570),

      ["LeftUpperLeg"] = CFrame.new(0.075538, -0.202520, -0.137580, 0.744751, 0.587522, 0.316502, 0.633981, -0.474821, -0.610431, -0.208358, 0.655258, -0.726086),

      ["LowerTorso"] = CFrame.new(-0.340734, -0.458662, -0.078508, 0.946006, 0.293829, 0.136883, -0.081009, -0.194579, 0.977536, 0.313863, -0.935844, -0.160270),

      ["RightFoot"] = CFrame.new(-0.000000, 0.005717, -0.000103, 0.650833, 0.580771, 0.489018, -0.692478, 0.718167, 0.068717, -0.311273, -0.383330, 0.869563),

      ["RightHand"] = CFrame.new(-0.000488, 0.017996, 0.000000, 0.662037, -0.646764, 0.378691, 0.200631, 0.639773, 0.741917, -0.722118, -0.415196, 0.553310),

      ["RightLowerArm"] = CFrame.new(0.000000, 0.091376, 0.033858, 1.000000, 0.000000, 0.000000, -0.000000, 0.652325, -0.757939, -0.000000, 0.757940, 0.652325),

      ["RightLowerLeg"] = CFrame.new(-0.000000, 0.024494, -0.001773, 1.000000, 0.000000, -0.000000, -0.000000, 0.981823, 0.189781, 0.000000, -0.189798, 0.981827),

      ["RightUpperArm"] = CFrame.new(0.274423, -0.232019, -0.381159, 0.451155, 0.235005, 0.860949, 0.464038, -0.885815, -0.001374, 0.762318, 0.400132, -0.508690),

      ["RightUpperLeg"] = CFrame.new(-0.127583, -0.202520, -0.137480, 0.722125, -0.677321, 0.140608, -0.379404, -0.557757, -0.738219, 0.578436, 0.479732, -0.659745),

      ["UpperTorso"] = CFrame.new(0.221009, 0.047546, 0.001137, 0.946006, -0.256230, -0.198541, 0.293829, 0.936494, 0.191426, 0.136883, -0.239427, 0.961217),

    }},

    {Time = 0.217, Data = {

      ["Head"] = CFrame.new(0.000000, 0.000000, 0.000000, 1.000000, 0.000000, 0.000000, 0.000000, 0.989318, 0.145773, 0.000000, -0.145773, 0.989318),

      ["LeftFoot"] = CFrame.new(0.000000, 0.030118, -0.000002, 0.843125, -0.411337, -0.346353, 0.198925, 0.836985, -0.509806, 0.499569, 0.360914, 0.787488),

      ["LeftHand"] = CFrame.new(0.000489, 0.016962, -0.000000, 0.529390, 0.732154, -0.428601, -0.292782, 0.631828, 0.717687, 0.796257, -0.254447, 0.548842),

      ["LeftLowerArm"] = CFrame.new(-0.000500, 0.086957, 0.030166, 1.000000, -0.000000, -0.000000, 0.000000, 0.690580, -0.723256, 0.000000, 0.723256, 0.690580),

      ["LeftLowerLeg"] = CFrame.new(0.000000, 0.120967, -0.069303, 1.000000, -0.000000, -0.000000, 0.000000, 0.282887, 0.959158, -0.000000, -0.959153, 0.282871),

      ["LeftUpperArm"] = CFrame.new(-0.296895, -0.249698, -0.382622, 0.406210, -0.178832, -0.896110, -0.499395, -0.864701, -0.053814, -0.765243, 0.469372, -0.440558),

      ["LeftUpperLeg"] = CFrame.new(0.083359, -0.228079, -0.154521, 0.764495, 0.587820, 0.264620, 0.562669, -0.408182, -0.718891, -0.314564, 0.698467, -0.642785),

      ["LowerTorso"] = CFrame.new(-0.340016, -0.543277, -0.067252, 0.946212, 0.291409, 0.140584, -0.157213, 0.034332, 0.986968, 0.282784, -0.955982, 0.078299),

      ["RightFoot"] = CFrame.new(-0.000000, 0.012711, -0.000103, 0.589255, 0.618044, 0.520404, -0.695176, 0.716058, -0.063265, -0.411715, -0.324474, 0.851573),

      ["RightHand"] = CFrame.new(-0.000488, 0.017592, 0.000000, 0.663467, -0.645670, 0.378054, 0.209525, 0.645396, 0.734551, -0.718269, -0.408135, 0.563480),

      ["RightLowerArm"] = CFrame.new(0.000000, 0.089917, 0.032586, 1.000000, 0.000000, 0.000000, -0.000000, 0.665523, -0.746377, -0.000000, 0.746377, 0.665523),

      ["RightLowerLeg"] = CFrame.new(0.000000, 0.062553, -0.013687, 1.000000, 0.000000, 0.000000, -0.000000, 0.860857, 0.508842, 0.000000, -0.508847, 0.860860),

      ["RightUpperArm"] = CFrame.new(0.274569, -0.233225, -0.380508, 0.450862, 0.238281, 0.860201, 0.466450, -0.884547, 0.000541, 0.761017, 0.400997, -0.509955),

      ["RightUpperLeg"] = CFrame.new(-0.141046, -0.228079, -0.154421, 0.607551, -0.728305, 0.316934, -0.304552, -0.582142, -0.753905, 0.733574, 0.361502, -0.575482),

      ["UpperTorso"] = CFrame.new(0.225376, 0.034385, 0.001273, 0.946212, -0.198870, -0.255213, 0.291409, 0.866561, 0.405158, 0.140584, -0.457736, 0.877903),

    }},

    {Time = 0.233, Data = {

      ["Head"] = CFrame.new(-0.000000, 0.000000, -0.000000, 1.000000, -0.000000, -0.000000, 0.000000, 0.988200, 0.153172, 0.000000, -0.153172, 0.988200),

      ["LeftFoot"] = CFrame.new(0.000000, 0.031702, -0.000002, 0.813974, -0.444371, -0.374168, 0.190657, 0.812765, -0.550529, 0.548723, 0.376760, 0.746269),

      ["LeftHand"] = CFrame.new(0.000490, 0.016225, 0.000000, 0.535059, 0.729077, -0.426805, -0.304633, 0.637720, 0.707470, 0.787979, -0.248517, 0.563315),

      ["LeftLowerArm"] = CFrame.new(-0.000500, 0.084512, 0.028340, 1.000000, -0.000000, -0.000000, -0.000000, 0.709541, -0.704664, 0.000000, 0.704664, 0.709541),

      ["LeftLowerLeg"] = CFrame.new(0.000000, 0.125005, -0.084648, 1.000000, -0.000000, -0.000000, 0.000000, 0.123238, 0.992379, -0.000000, -0.992377, 0.123222),

      ["LeftUpperArm"] = CFrame.new(-0.297544, -0.248968, -0.383441, 0.404912, -0.185307, -0.895381, -0.497936, -0.865996, -0.045953, -0.766881, 0.464449, -0.442923),

      ["LeftUpperLeg"] = CFrame.new(0.090679, -0.252001, -0.170377, 0.777102, 0.594245, 0.207343, 0.483174, -0.352191, -0.801571, -0.403305, 0.723072, -0.560796),

      ["LowerTorso"] = CFrame.new(-0.330798, -0.626809, -0.057340, 0.944885, 0.290685, 0.150649, -0.221222, 0.227640, 0.948283, 0.241358, -0.929345, 0.279399),

      ["RightFoot"] = CFrame.new(0.000000, 0.018497, -0.000103, 0.520126, 0.653340, 0.550123, -0.708556, 0.689708, -0.149208, -0.476882, -0.312169, 0.821645),

      ["RightHand"] = CFrame.new(-0.000489, 0.017001, 0.000000, 0.668419, -0.641853, 0.375826, 0.220440, 0.653538, 0.724083, -0.710368, -0.401140, 0.578324),

      ["RightLowerArm"] = CFrame.new(-0.000000, 0.087724, 0.030742, 1.000000, 0.000000, 0.000000, -0.000000, 0.684629, -0.728891, -0.000000, 0.728892, 0.684629),

      ["RightLowerLeg"] = CFrame.new(0.000000, 0.084311, -0.025942, 1.000000, 0.000000, 0.000000, -0.000000, 0.734825, 0.678259, 0.000000, -0.678257, 0.734823),

      ["RightUpperArm"] = CFrame.new(0.275084, -0.232417, -0.381308, 0.449831, 0.243181, 0.859369, 0.464834, -0.885368, 0.007223, 0.762615, 0.396215, -0.511305),

      ["RightUpperLeg"] = CFrame.new(-0.153647, -0.252001, -0.170277, 0.479696, -0.754822, 0.447349, -0.211325, -0.594235, -0.776044, 0.851606, 0.277719, -0.444561),

      ["UpperTorso"] = CFrame.new(0.214581, 0.033256, 0.013955, 0.944885, -0.137166, -0.297284, 0.290685, 0.769270, 0.568969, 0.150649, -0.624026, 0.766744),

    }},

    {Time = 0.250, Data = {

      ["Head"] = CFrame.new(0.000000, -0.000000, 0.000000, 1.000000, 0.000000, -0.000000, -0.000000, 0.987175, 0.159639, 0.000000, -0.159639, 0.987175),

      ["LeftFoot"] = CFrame.new(0.000000, 0.032467, -0.000001, 0.777621, -0.480959, -0.404976, 0.204704, 0.802660, -0.560224, 0.594476, 0.352726, 0.722595),

      ["LeftHand"] = CFrame.new(0.000490, 0.015291, 0.000000, 0.544077, 0.724085, -0.423891, -0.318206, 0.645540, 0.694280, 0.776354, -0.242854, 0.581629),

      ["LeftLowerArm"] = CFrame.new(-0.000500, 0.081310, 0.026067, 1.000000, -0.000000, -0.000000, 0.000000, 0.733104, -0.680117, 0.000000, 0.680117, 0.733104),

      ["LeftLowerLeg"] = CFrame.new(-0.000000, 0.126036, -0.096987, 1.000000, -0.000000, -0.000000, 0.000000, -0.005047, 0.999987, -0.000000, -0.999987, -0.005061),

      ["LeftUpperArm"] = CFrame.new(-0.298601, -0.246517, -0.385575, 0.402798, -0.193842, -0.894528, -0.493034, -0.869361, -0.033621, -0.771150, 0.454574, -0.445747),

      ["LeftUpperLeg"] = CFrame.new(0.097331, -0.273741, -0.184787, 0.780808, 0.613014, 0.120649, 0.406419, -0.351715, -0.843286, -0.474512, 0.707467, -0.523748),

      ["LowerTorso"] = CFrame.new(-0.309153, -0.706308, -0.029956, 0.945899, 0.282468, 0.159646, -0.258844, 0.360260, 0.896221, 0.195640, -0.889058, 0.413884),

      ["RightFoot"] = CFrame.new(-0.000000, 0.023424, -0.000103, 0.463659, 0.677760, 0.570685, -0.721849, 0.662448, -0.200281, -0.513764, -0.319068, 0.796371),

      ["RightHand"] = CFrame.new(-0.000490, 0.016163, -0.000000, 0.676377, -0.635609, 0.372180, 0.232840, 0.663897, 0.710654, -0.698784, -0.394008, 0.597037),

      ["RightLowerArm"] = CFrame.new(-0.000000, 0.084738, 0.028433, 1.000000, 0.000000, 0.000000, 0.000000, 0.708581, -0.705629, -0.000000, 0.705630, 0.708581),

      ["RightLowerLeg"] = CFrame.new(-0.000000, 0.098505, -0.036568, 1.000000, 0.000000, 0.000000, -0.000000, 0.624347, 0.781152, 0.000000, -0.781147, 0.624340),

      ["RightUpperArm"] = CFrame.new(0.275941, -0.229795, -0.383395, 0.448118, 0.249709, 0.858392, 0.459590, -0.887941, 0.018379, 0.766790, 0.386272, -0.512666),

      ["RightUpperLeg"] = CFrame.new(-0.165098, -0.273741, -0.184687, 0.374784, -0.751212, 0.543324, -0.132223, -0.623376, -0.770675, 0.917635, 0.216988, -0.332956),

      ["UpperTorso"] = CFrame.new(0.185553, 0.055410, 0.031317, 0.945899, -0.081847, -0.313969, 0.282468, 0.683848, 0.672729, 0.159646, -0.725020, 0.669970),

    }},

    {Time = 0.267, Data = {

      ["Head"] = CFrame.new(0.000000, 0.000000, 0.000000, 1.000000, 0.000000, 0.000000, 0.000000, 0.986277, 0.165101, 0.000000, -0.165101, 0.986277),

      ["LeftFoot"] = CFrame.new(0.000000, 0.033102, -0.000001, 0.737160, -0.516898, -0.435238, 0.267000, 0.814483, -0.515115, 0.620730, 0.263504, 0.738393),

      ["LeftHand"] = CFrame.new(0.000491, 0.014138, -0.000000, 0.555764, 0.717440, -0.420011, -0.332989, 0.655030, 0.678274, 0.761738, -0.237099, 0.602938),

