return {
local Animations = {

  ["poodle dive female transition"] = {

    {Time = 0.000, Data = {

      ["Head"] = CFrame.new(0.052306, 0.107250, -0.212493, 0.866421, -0.498426, -0.029783, 0.249044, 0.379678, 0.890967, -0.432773, -0.779369, 0.453091),

      ["LeftFoot"] = CFrame.new(-0.000000, 0.020302, -0.000002, 0.973767, 0.174065, 0.146565, -0.220682, 0.879455, 0.421753, -0.055482, -0.443012, 0.894787),

      ["LeftHand"] = CFrame.new(0.000500, 0.000100, -0.000000, 0.874354, 0.463692, -0.143163, -0.485077, 0.843785, -0.229623, 0.014324, 0.270215, 0.962693),

      ["LeftLowerArm"] = CFrame.new(-0.000500, 0.000709, 0.000002, 1.000000, -0.000000, -0.000000, 0.000000, 0.999967, -0.008088, 0.000000, 0.008088, 0.999967),

      ["LeftLowerLeg"] = CFrame.new(0.000000, 0.090355, -0.029814, 1.000000, -0.000000, -0.000000, 0.000000, 0.693580, 0.720383, -0.000000, -0.720380, 0.693576),

      ["LeftUpperArm"] = CFrame.new(0.000000, -0.000000, 0.000000, 0.721357, -0.686455, 0.091785, 0.193466, 0.326985, 0.925015, -0.664993, -0.649508, 0.368678),

      ["LeftUpperLeg"] = CFrame.new(-0.020914, 0.005803, 0.135312, 0.770089, -0.338845, 0.540499, 0.598956, 0.092418, -0.795429, 0.219577, 0.936292, 0.274141),

      ["LowerTorso"] = CFrame.new(-0.560725, -1.140218, -0.351559, 0.152499, -0.042315, -0.987397, -0.984363, 0.082627, -0.155571, 0.088168, 0.995682, -0.029053),

      ["RightFoot"] = CFrame.new(0.000000, 0.033459, -0.000101, 0.995865, 0.069495, 0.058515, -0.090061, 0.839783, 0.535430, -0.011931, -0.538456, 0.842550),

      ["RightHand"] = CFrame.new(-0.000500, -0.000000, 0.000000, 1.000000, 0.000000, -0.000000, 0.000000, 1.000000, 0.000001, 0.000000, -0.000000, 1.000000),

      ["RightLowerArm"] = CFrame.new(-0.000000, 0.091756, 0.060011, 1.000000, 0.000000, 0.000000, -0.000000, 0.398973, -0.916963, -0.000000, 0.916963, 0.398973),

      ["RightLowerLeg"] = CFrame.new(-0.000000, 0.125380, -0.108041, 1.000000, 0.000000, 0.000000, -0.000000, -0.119146, 0.992875, 0.000000, -0.992877, -0.119157),

      ["RightUpperArm"] = CFrame.new(0.000000, -0.000000, 0.000000, 0.788515, -0.457144, 0.411416, 0.101370, 0.756409, 0.646196, -0.606603, -0.467830, 0.642781),

      ["RightUpperLeg"] = CFrame.new(-0.026869, 0.007456, 0.173971, 0.992682, -0.079983, 0.090468, 0.102010, 0.154517, -0.982707, 0.064622, 0.984747, 0.161564),

      ["UpperTorso"] = CFrame.new(0.000000, 0.000000, -0.000000, 0.741924, -0.251974, 0.621336, -0.029628, 0.913471, 0.405824, -0.669829, -0.319500, 0.670260),

    }},

    {Time = 0.017, Data = {

      ["Head"] = CFrame.new(0.052081, 0.106786, -0.211574, 0.867447, -0.496684, -0.029016, 0.248866, 0.382660, 0.889740, -0.430816, -0.779023, 0.455544),

      ["LeftFoot"] = CFrame.new(0.000000, 0.020571, -0.000002, 0.972784, 0.177252, 0.149249, -0.224705, 0.878858, 0.420872, -0.056565, -0.442933, 0.894758),

      ["LeftHand"] = CFrame.new(0.000500, 0.000100, -0.000000, 0.876258, 0.460406, -0.142124, -0.481660, 0.845088, -0.232016, 0.013285, 0.271759, 0.962273),

      ["LeftLowerArm"] = CFrame.new(-0.000500, 0.000956, 0.000005, 1.000000, -0.000000, -0.000000, 0.000000, 0.999944, -0.010557, 0.000000, 0.010557, 0.999944),

      ["LeftLowerLeg"] = CFrame.new(0.000000, 0.091094, -0.030336, 1.000000, -0.000000, -0.000000, 0.000000, 0.688135, 0.725586, -0.000000, -0.725583, 0.688131),

      ["LeftUpperArm"] = CFrame.new(0.000000, -0.000000, 0.000000, 0.720087, -0.687561, 0.093461, 0.193180, 0.328015, 0.924710, -0.666451, -0.647817, 0.369022),

      ["LeftUpperLeg"] = CFrame.new(-0.020836, 0.005781, 0.134826, 0.768008, -0.336396, 0.544973, 0.601064, 0.084824, -0.794685, 0.221103, 0.937893, 0.267359),

      ["LowerTorso"] = CFrame.new(-0.560761, -1.139457, -0.351588, 0.151125, -0.042639, -0.987595, -0.984568, 0.082699, -0.154232, 0.088249, 0.995662, -0.029483),

      ["RightFoot"] = CFrame.new(-0.000000, 0.033459, -0.000101, 0.995940, 0.068860, 0.057980, -0.089243, 0.839607, 0.535843, -0.011783, -0.538812, 0.842325),

      ["RightHand"] = CFrame.new(-0.000500, 0.000000, 0.000000, 1.000000, 0.000000, -0.000000, -0.000000, 1.000000, 0.000001, 0.000000, -0.000000, 1.000000),

      ["RightLowerArm"] = CFrame.new(-0.000000, 0.091449, 0.059313, 1.000000, 0.000000, 0.000000, -0.000000, 0.405955, -0.913893, -0.000000, 0.913893, 0.405955),

      ["RightLowerLeg"] = CFrame.new(0.000000, 0.125381, -0.108028, 1.000000, 0.000000, 0.000000, -0.000000, -0.119004, 0.992892, 0.000000, -0.992894, -0.119015),

      ["RightUpperArm"] = CFrame.new(0.000000, 0.000000, -0.000000, 0.783846, -0.458326, 0.418954, 0.104260, 0.762255, 0.638825, -0.612140, -0.457060, 0.645276),

      ["RightUpperLeg"] = CFrame.new(-0.026770, 0.007428, 0.173351, 0.992656, -0.080666, 0.090146, 0.101818, 0.154738, -0.982692, 0.065322, 0.984657, 0.161834),

      ["UpperTorso"] = CFrame.new(-0.000000, 0.000000, 0.000000, 0.743559, -0.250673, 0.619905, -0.028708, 0.914250, 0.404132, -0.668053, -0.318292, 0.672603),

    }},

    {Time = 0.033, Data = {

      ["Head"] = CFrame.new(0.051426, 0.105444, -0.208914, 0.870404, -0.491608, -0.026825, 0.248308, 0.391282, 0.886139, -0.425136, -0.777959, 0.462643),

      ["LeftFoot"] = CFrame.new(0.000000, 0.021401, -0.000002, 0.970203, 0.185343, 0.156062, -0.234918, 0.877278, 0.418586, -0.059324, -0.442755, 0.894668),

      ["LeftHand"] = CFrame.new(0.000500, 0.000100, 0.000000, 0.881578, 0.451084, -0.139083, -0.471922, 0.848800, -0.238388, 0.010520, 0.275791, 0.961159),

      ["LeftLowerArm"] = CFrame.new(-0.000500, 0.001690, 0.000014, 1.000000, -0.000000, -0.000000, 0.000000, 0.999840, -0.017903, 0.000000, 0.017903, 0.999840),

      ["LeftLowerLeg"] = CFrame.new(0.000000, 0.093224, -0.031851, 1.000000, -0.000000, -0.000000, 0.000000, 0.672335, 0.740251, -0.000000, -0.740247, 0.672330),

      ["LeftUpperArm"] = CFrame.new(0.000000, -0.000000, 0.000000, 0.716399, -0.690798, 0.097831, 0.192618, 0.330600, 0.923906, -0.670575, -0.643041, 0.369902),

      ["LeftUpperLeg"] = CFrame.new(-0.020610, 0.005718, 0.133415, 0.762608, -0.328856, 0.557023, 0.606397, 0.063665, -0.792608, 0.225193, 0.942232, 0.247987),

      ["LowerTorso"] = CFrame.new(-0.560851, -1.137533, -0.351663, 0.147915, -0.043490, -0.988043, -0.985037, 0.082873, -0.151113, 0.088454, 0.995611, -0.030581),

      ["RightFoot"] = CFrame.new(0.000000, 0.033458, -0.000101, 0.996148, 0.067075, 0.056478, -0.086939, 0.839373, 0.536588, -0.011414, -0.539402, 0.841952),

      ["RightHand"] = CFrame.new(-0.000500, 0.000000, 0.000000, 1.000000, -0.000000, -0.000000, -0.000000, 1.000000, 0.000001, 0.000000, -0.000000, 1.000000),

      ["RightLowerArm"] = CFrame.new(-0.000000, 0.090553, 0.057358, 1.000000, 0.000000, 0.000000, -0.000000, 0.425511, -0.904953, -0.000000, 0.904953, 0.425511),

      ["RightLowerLeg"] = CFrame.new(0.000000, 0.125382, -0.108020, 1.000000, 0.000000, 0.000000, -0.000000, -0.118921, 0.992902, 0.000000, -0.992904, -0.118932),

      ["RightUpperArm"] = CFrame.new(0.000000, 0.000000, 0.000000, 0.770888, -0.460775, 0.439794, 0.112450, 0.778048, 0.618058, -0.626967, -0.426998, 0.651602),

      ["RightUpperLeg"] = CFrame.new(-0.026485, 0.007348, 0.171552, 0.992571, -0.083036, 0.088929, 0.101046, 0.155438, -0.982661, 0.067773, 0.984350, 0.162693),

      ["UpperTorso"] = CFrame.new(0.000000, 0.000000, -0.000000, 0.748301, -0.246897, 0.615701, -0.026052, 0.916502, 0.399181, -0.662848, -0.314748, 0.679387),

    }},

    {Time = 0.050, Data = {

      ["Head"] = CFrame.new(0.050378, 0.103296, -0.204659, 0.875092, -0.483390, -0.023407, 0.247287, 0.405047, 0.880219, -0.416009, -0.776061, 0.473990),

      ["LeftFoot"] = CFrame.new(-0.000000, 0.022409, -0.000002, 0.966549, 0.196197, 0.165201, -0.248589, 0.875179, 0.415070, -0.063141, -0.442231, 0.894665),

      ["LeftHand"] = CFrame.new(0.000500, 0.000100, -0.000000, 0.889651, 0.436500, -0.134122, -0.456593, 0.854556, -0.247504, 0.006579, 0.281429, 0.959559),

      ["LeftLowerArm"] = CFrame.new(-0.000500, 0.002903, 0.000042, 1.000000, -0.000000, -0.000000, 0.000000, 0.999549, -0.030033, 0.000000, 0.030032, 0.999549),

      ["LeftLowerLeg"] = CFrame.new(0.000000, 0.096309, -0.034393, 1.000000, -0.000000, -0.000000, 0.000000, 0.645938, 0.763394, -0.000000, -0.763389, 0.645933),

      ["LeftUpperArm"] = CFrame.new(-0.000000, -0.000001, 0.000000, 0.710458, -0.696026, 0.103912, 0.192230, 0.333979, 0.922771, -0.676976, -0.635615, 0.371075),

      ["LeftUpperLeg"] = CFrame.new(-0.020247, 0.005617, 0.131148, 0.755099, -0.315405, 0.574749, 0.613508, 0.030842, -0.789085, 0.231157, 0.948456, 0.216811),

      ["LowerTorso"] = CFrame.new(-0.560969, -1.134990, -0.351764, 0.144235, -0.044686, -0.988534, -0.985558, 0.083083, -0.147556, 0.088724, 0.995540, -0.032057),

      ["RightFoot"] = CFrame.new(-0.000000, 0.033461, -0.000101, 0.996445, 0.064444, 0.054262, -0.083529, 0.839513, 0.536911, -0.010953, -0.539505, 0.841892),

      ["RightHand"] = CFrame.new(-0.000500, 0.000000, 0.000000, 1.000000, -0.000000, -0.000000, 0.000000, 1.000000, 0.000001, 0.000000, -0.000000, 1.000000),

      ["RightLowerArm"] = CFrame.new(0.000000, 0.089081, 0.054367, 1.000000, 0.000000, 0.000000, -0.000000, 0.455434, -0.890269, -0.000000, 0.890269, 0.455434),

      ["RightLowerLeg"] = CFrame.new(-0.000000, 0.125377, -0.108066, 1.000000, 0.000000, 0.000000, -0.000000, -0.119404, 0.992845, 0.000000, -0.992846, -0.119415),

      ["RightUpperArm"] = CFrame.new(0.000000, 0.000001, -0.000000, 0.751103, -0.462384, 0.471216, 0.125492, 0.800747, 0.585709, -0.648148, -0.380794, 0.659470),

      ["RightUpperLeg"] = CFrame.new(-0.026025, 0.007220, 0.168658, 0.992401, -0.087534, 0.086469, 0.099440, 0.156686, -0.982627, 0.072465, 0.983762, 0.164219),

      ["UpperTorso"] = CFrame.new(0.000000, -0.000000, 0.000000, 0.755881, -0.240850, 0.608799, -0.021848, 0.920079, 0.391124, -0.654345, -0.308944, 0.690208),

    }},

    {Time = 0.067, Data = {

      ["Head"] = CFrame.new(0.048973, 0.100416, -0.198953, 0.881292, -0.472190, -0.018998, 0.245671, 0.423436, 0.871979, -0.403696, -0.773135, 0.489174),

      ["LeftFoot"] = CFrame.new(-0.000000, 0.023749, -0.000002, 0.962439, 0.207682, 0.174872, -0.263075, 0.872569, 0.411623, -0.067097, -0.442145, 0.894420),

      ["LeftHand"] = CFrame.new(0.000500, 0.000100, -0.000000, 0.899758, 0.417404, -0.127319, -0.436385, 0.861945, -0.258109, 0.002006, 0.287793, 0.957690),

      ["LeftLowerArm"] = CFrame.new(-0.000500, 0.004585, 0.000105, 1.000000, -0.000000, -0.000000, 0.000000, 0.998902, -0.046848, 0.000000, 0.046847, 0.998902),

      ["LeftLowerLeg"] = CFrame.new(0.000000, 0.100214, -0.037825, 1.000000, -0.000000, -0.000000, 0.000000, 0.610209, 0.792246, -0.000000, -0.792241, 0.610202),

      ["LeftUpperArm"] = CFrame.new(-0.000000, -0.000001, 0.000000, 0.702421, -0.703097, 0.110719, 0.192460, 0.337384, 0.921483, -0.685247, -0.625960, 0.372304),

      ["LeftUpperLeg"] = CFrame.new(-0.019759, 0.005480, 0.128092, 0.746721, -0.295785, 0.595744, 0.620995, -0.010827, -0.783740, 0.238270, 0.955193, 0.175616),

      ["LowerTorso"] = CFrame.new(-0.561092, -1.132368, -0.351871, 0.141444, -0.046049, -0.988875, -0.985937, 0.083261, -0.144901, 0.089007, 0.995463, -0.033625),

      ["RightFoot"] = CFrame.new(0.000000, 0.033469, -0.000101, 0.996785, 0.061292, 0.051608, -0.079430, 0.840463, 0.536045, -0.010519, -0.538392, 0.842610),

      ["RightHand"] = CFrame.new(-0.000500, 0.000000, 0.000000, 1.000000, 0.000000, -0.000000, 0.000000, 1.000000, 0.000001, 0.000000, -0.000000, 1.000000),

      ["RightLowerArm"] = CFrame.new(-0.000000, 0.087032, 0.050575, 1.000000, 0.000000, 0.000000, -0.000000, 0.493384, -0.869812, -0.000000, 0.869812, 0.493384),

      ["RightLowerLeg"] = CFrame.new(0.000000, 0.125361, -0.108215, 1.000000, 0.000000, 0.000000, -0.000000, -0.120956, 0.992657, 0.000000, -0.992658, -0.120966),

      ["RightUpperArm"] = CFrame.new(0.000001, 0.000001, -0.000000, 0.726061, -0.460910, 0.510291, 0.142939, 0.827056, 0.543642, -0.672610, -0.321777, 0.666375),

      ["RightUpperLeg"] = CFrame.new(-0.025406, 0.007047, 0.164758, 0.992098, -0.094537, 0.082490, 0.096812, 0.158573, -0.982586, 0.079811, 0.982811, 0.166491),

      ["UpperTorso"] = CFrame.new(0.000000, 0.000000, 0.000000, 0.766006, -0.232754, 0.599217, -0.016314, 0.924810, 0.380079, -0.642627, -0.300919, 0.704613),

    }},

    {Time = 0.083, Data = {

      ["Head"] = CFrame.new(0.047247, 0.096877, -0.191940, 0.888767, -0.458151, -0.013861, 0.243293, 0.445904, 0.861382, -0.388462, -0.768939, 0.507769),

      ["LeftFoot"] = CFrame.new(0.000000, 0.024920, -0.000002, 0.958693, 0.217586, 0.183211, -0.275571, 0.870099, 0.408663, -0.070488, -0.442248, 0.894108),

      ["LeftHand"] = CFrame.new(0.000500, 0.000100, -0.000000, 0.911165, 0.394545, -0.118796, -0.412032, 0.870575, -0.268941, -0.002688, 0.293995, 0.955803),

      ["LeftLowerArm"] = CFrame.new(-0.000500, 0.006725, 0.000226, 1.000000, -0.000000, -0.000000, 0.000000, 0.997669, -0.068244, 0.000000, 0.068243, 0.997669),

      ["LeftLowerLeg"] = CFrame.new(-0.000000, 0.104378, -0.042249, 1.000000, -0.000000, -0.000000, 0.000000, 0.564310, 0.825569, -0.000000, -0.825563, 0.564301),

      ["LeftUpperArm"] = CFrame.new(-0.000000, -0.000002, 0.000001, 0.692450, -0.711873, 0.117262, 0.193737, 0.340036, 0.920240, -0.694967, -0.614502, 0.373374),

      ["LeftUpperLeg"] = CFrame.new(-0.019156, 0.005311, 0.124316, 0.738866, -0.268970, 0.617839, 0.627468, -0.059670, -0.776353, 0.245684, 0.961298, 0.124702),

      ["LowerTorso"] = CFrame.new(-0.561197, -1.130208, -0.351965, 0.140893, -0.047403, -0.988889, -0.985993, 0.083334, -0.144475, 0.089257, 0.995394, -0.034998),

      ["RightFoot"] = CFrame.new(0.000000, 0.033486, -0.000101, 0.997138, 0.057829, 0.048692, -0.074907, 0.842666, 0.533230, -0.010195, -0.535322, 0.844568),

      ["RightHand"] = CFrame.new(-0.000500, 0.000000, 0.000000, 1.000000, -0.000000, -0.000000, 0.000000, 1.000000, 0.000001, 0.000000, -0.000000, 1.000000),

      ["RightLowerArm"] = CFrame.new(-0.000000, 0.084409, 0.046222, 1.000000, 0.000000, 0.000000, -0.000000, 0.536932, -0.843625, -0.000000, 0.843625, 0.536932),

      ["RightLowerLeg"] = CFrame.new(-0.000000, 0.125327, -0.108514, 1.000000, 0.000000, 0.000000, -0.000000, -0.124067, 0.992273, 0.000000, -0.992274, -0.124077),

      ["RightUpperArm"] = CFrame.new(0.000001, 0.000001, -0.000000, 0.697643, -0.454489, 0.553836, 0.164003, 0.853813, 0.494070, -0.697422, -0.253854, 0.670195),

      ["RightUpperLeg"] = CFrame.new(-0.024642, 0.006834, 0.159938, 0.991570, -0.104379, 0.076773, 0.093046, 0.161224, -0.982519, 0.090177, 0.981383, 0.169596),

      ["UpperTorso"] = CFrame.new(0.000000, -0.000000, -0.000000, 0.778360, -0.222843, 0.586939, -0.009695, 0.930508, 0.366144, -0.627743, -0.290682, 0.722109),

    }},

    {Time = 0.100, Data = {

      ["Head"] = CFrame.new(0.045236, 0.092752, -0.183767, 0.897264, -0.441417, -0.008278, 0.239971, 0.471876, 0.848379, -0.370582, -0.763207, 0.529324),

      ["LeftFoot"] = CFrame.new(0.000000, 0.026492, -0.000002, 0.956370, 0.223487, 0.188179, -0.283128, 0.867863, 0.408253, -0.072071, -0.443698, 0.893262),

      ["LeftHand"] = CFrame.new(0.000500, 0.000100, 0.000000, 0.923175, 0.368677, -0.108749, -0.384317, 0.880113, -0.278752, -0.007058, 0.299129, 0.954186),

      ["LeftLowerArm"] = CFrame.new(-0.000500, 0.009311, 0.000434, 1.000000, -0.000000, -0.000000, 0.000000, 0.995563, -0.094101, 0.000000, 0.094100, 0.995563),

      ["LeftLowerLeg"] = CFrame.new(-0.000000, 0.108926, -0.047442, 1.000000, -0.000000, -0.000000, 0.000000, 0.510203, 0.860061, -0.000000, -0.860054, 0.510192),

      ["LeftUpperArm"] = CFrame.new(-0.000000, -0.000002, 0.000001, 0.680714, -0.722227, 0.122540, 0.196460, 0.341137, 0.919254, -0.705714, -0.601675, 0.374106),

      ["LeftUpperLeg"] = CFrame.new(-0.018451, 0.005114, 0.119888, 0.733199, -0.235218, 0.638032, 0.631461, -0.112666, -0.767181, 0.252341, 0.965391, 0.065945),

      ["LowerTorso"] = CFrame.new(-0.561260, -1.129050, -0.352026, 0.143925, -0.048575, -0.988396, -0.985539, 0.083228, -0.147600, 0.089432, 0.995346, -0.035894),

      ["RightFoot"] = CFrame.new(0.000000, 0.033514, -0.000101, 0.997501, 0.054049, 0.045509, -0.069943, 0.846567, 0.527697, -0.010005, -0.529531, 0.848213),

      ["RightHand"] = CFrame.new(-0.000500, 0.000000, 0.000000, 1.000000, 0.000000, -0.000000, 0.000000, 1.000000, 0.000001, 0.000000, -0.000000, 1.000000),

      ["RightLowerArm"] = CFrame.new(-0.000000, 0.081243, 0.041555, 1.000000, 0.000000, 0.000000, -0.000000, 0.583641, -0.812012, -0.000000, 0.812012, 0.583641),

      ["RightLowerLeg"] = CFrame.new(-0.000000, 0.125268, -0.109008, 1.000000, 0.000000, 0.000000, -0.000000, -0.129204, 0.991617, 0.000000, -0.991618, -0.129215),

      ["RightUpperArm"] = CFrame.new(0.000001, 0.000002, -0.000000, 0.668098, -0.442069, 0.598515, 0.187357, 0.878406, 0.439660, -0.720099, -0.181600, 0.669686),

      ["RightUpperLeg"] = CFrame.new(-0.023747, 0.006584, 0.154284, 0.990674, -0.117426, 0.069103, 0.088063, 0.164812, -0.982383, 0.103968, 0.979310, 0.173635),

      ["UpperTorso"] = CFrame.new(-0.000000, 0.000000, -0.000000, 0.792603, -0.211372, 0.571929, -0.002259, 0.936967, 0.349411, -0.609734, -0.278236, 0.742165),

    }},

    {Time = 0.117, Data = {

      ["Head"] = CFrame.new(0.042974, 0.088114, -0.174579, 0.906522, -0.422152, -0.002541, 0.235524, 0.500745, 0.832936, -0.350353, -0.755673, 0.553363),

      ["LeftFoot"] = CFrame.new(0.000000, 0.027627, -0.000002, 0.956741, 0.222555, 0.187395, -0.282135, 0.866974, 0.410823, -0.071032, -0.445899, 0.892249),

      ["LeftHand"] = CFrame.new(0.000500, 0.000100, -0.000000, 0.935155, 0.340567, -0.097469, -0.354077, 0.890310, -0.286318, -0.010733, 0.302261, 0.953164),

      ["LeftLowerArm"] = CFrame.new(-0.000500, 0.012329, 0.000763, 1.000000, -0.000000, -0.000000, 0.000000, 0.992247, -0.124283, 0.000000, 0.124282, 0.992247),

      ["LeftLowerLeg"] = CFrame.new(-0.000000, 0.113124, -0.053608, 1.000000, -0.000000, -0.000000, 0.000000, 0.446176, 0.894951, -0.000000, -0.894945, 0.446164),

      ["LeftUpperArm"] = CFrame.new(-0.000000, -0.000002, 0.000001, 0.667397, -0.734043, 0.125545, 0.200991, 0.339877, 0.918742, -0.717066, -0.587932, 0.374369),

      ["LeftUpperLeg"] = CFrame.new(-0.017653, 0.004891, 0.114877, 0.731790, -0.193521, 0.653472, 0.631263, -0.168940, -0.756949, 0.256885, 0.966441, -0.001446),

      ["LowerTorso"] = CFrame.new(-0.561253, -1.129434, -0.352035, 0.151883, -0.049390, -0.987164, -0.984339, 0.082865, -0.155595, 0.089486, 0.995336, -0.036030),

      ["RightFoot"] = CFrame.new(-0.000000, 0.033554, -0.000101, 0.997888, 0.049691, 0.041840, -0.064200, 0.852593, 0.518646, -0.009901, -0.520208, 0.853965),

      ["RightHand"] = CFrame.new(-0.000500, 0.000000, 0.000000, 1.000000, -0.000000, -0.000000, 0.000000, 1.000000, 0.000001, 0.000000, -0.000000, 1.000000),

      ["RightLowerArm"] = CFrame.new(-0.000000, 0.077602, 0.036806, 1.000000, 0.000000, 0.000000, -0.000000, 0.631163, -0.775650, -0.000000, 0.775650, 0.631163),

      ["RightLowerLeg"] = CFrame.new(-0.000000, 0.125178, -0.109737, 1.000000, 0.000000, 0.000000, -0.000000, -0.136794, 0.990598, 0.000000, -0.990600, -0.136805),

      ["RightUpperArm"] = CFrame.new(0.000001, 0.000002, -0.000000, 0.639941, -0.423644, 0.641094, 0.211094, 0.899119, 0.383437, -0.738860, -0.110046, 0.664812),

      ["RightUpperLeg"] = CFrame.new(-0.022735, 0.006301, 0.147884, 0.989190, -0.134159, 0.059203, 0.081781, 0.169574, -0.982115, 0.121721, 0.976343, 0.178731),

      ["UpperTorso"] = CFrame.new(-0.000000, 0.000000, -0.000000, 0.808372, -0.198609, 0.554156, 0.005713, 0.943969, 0.329983, -0.588644, -0.263583, 0.764213),

    }},

    {Time = 0.133, Data = {

      ["Head"] = CFrame.new(0.040498, 0.083037, -0.164520, 0.916270, -0.400550, 0.003063, 0.229787, 0.531877, 0.815049, -0.328097, -0.746101, 0.579384),

      ["LeftFoot"] = CFrame.new(0.000000, 0.028799, -0.000002, 0.961121, 0.211226, 0.177855, -0.268162, 0.867607, 0.418771, -0.065850, -0.450159, 0.890505),

      ["LeftHand"] = CFrame.new(0.000500, 0.000100, 0.000000, 0.946574, 0.310989, -0.085346, -0.322208, 0.901011, -0.290453, -0.013431, 0.302432, 0.953076),

      ["LeftLowerArm"] = CFrame.new(-0.000500, 0.015764, 0.001250, 1.000000, -0.000000, -0.000000, 0.000000, 0.987339, -0.158626, 0.000000, 0.158626, 0.987339),

      ["LeftLowerLeg"] = CFrame.new(-0.000000, 0.117040, -0.060480, 1.000000, -0.000000, -0.000000, 0.000000, 0.374719, 0.927144, -0.000000, -0.927139, 0.374705),

      ["LeftUpperArm"] = CFrame.new(-0.000000, -0.000002, 0.000001, 0.652686, -0.747203, 0.125259, 0.207645, 0.335420, 0.918900, -0.728619, -0.573743, 0.374077),

      ["LeftUpperLeg"] = CFrame.new(-0.016775, 0.004645, 0.109352, 0.737274, -0.144942, 0.659859, 0.624585, -0.226077, -0.747523, 0.257528, 0.963266, -0.076131),

      ["LowerTorso"] = CFrame.new(-0.561143, -1.131903, -0.351974, 0.166121, -0.049668, -0.984854, -0.982048, 0.082172, -0.169792, 0.089361, 0.995380, -0.035126),

      ["RightFoot"] = CFrame.new(-0.000000, 0.033611, -0.000101, 0.998322, 0.044292, 0.037294, -0.057077, 0.861123, 0.505213, -0.009738, -0.506464, 0.862189),

      ["RightHand"] = CFrame.new(-0.000500, 0.000000, 0.000000, 1.000000, -0.000000, -0.000000, -0.000000, 1.000000, 0.000001, 0.000000, -0.000000, 1.000000),

      ["RightLowerArm"] = CFrame.new(-0.000000, 0.073597, 0.032190, 1.000000, 0.000000, 0.000000, -0.000000, 0.677365, -0.735647, -0.000000, 0.735647, 0.677365),

      ["RightLowerLeg"] = CFrame.new(0.000000, 0.125044, -0.110735, 1.000000, 0.000000, 0.000000, -0.000000, -0.147193, 0.989106, 0.000000, -0.989108, -0.147203),

      ["RightUpperArm"] = CFrame.new(0.000001, 0.000001, -0.000000, 0.615758, -0.400252, 0.678705, 0.232829, 0.915334, 0.328564, -0.752750, -0.044294, 0.656815),

      ["RightUpperLeg"] = CFrame.new(-0.021620, 0.005990, 0.140825, 0.986775, -0.155224, 0.046687, 0.074107, 0.175837, -0.981623, 0.144162, 0.972104, 0.185033),

      ["UpperTorso"] = CFrame.new(-0.000000, -0.000000, -0.000000, 0.825287, -0.184839, 0.533606, 0.013927, 0.951290, 0.307983, -0.564542, -0.246743, 0.787662),

    }},

    {Time = 0.150, Data = {

      ["Head"] = CFrame.new(0.037843, 0.077594, -0.153736, 0.926240, -0.376845, 0.008258, 0.222630, 0.564613, 0.794763, -0.304165, -0.734302, 0.606864),

      ["LeftFoot"] = CFrame.new(0.000000, 0.029897, -0.000002, 0.970414, 0.184696, 0.155516, -0.235070, 0.869774, 0.433888, -0.055125, -0.457582, 0.887444),

      ["LeftHand"] = CFrame.new(0.000500, 0.000100, 0.000000, 0.957019, 0.280724, -0.072863, -0.289641, 0.912144, -0.290006, -0.014950, 0.298643, 0.954247),

      ["LeftLowerArm"] = CFrame.new(-0.000500, 0.019595, 0.001939, 1.000000, -0.000000, -0.000000, 0.000000, 0.980417, -0.196936, 0.000000, 0.196935, 0.980416),

      ["LeftLowerLeg"] = CFrame.new(0.000000, 0.120375, -0.067819, 1.000000, -0.000000, -0.000000, 0.000000, 0.298359, 0.954459, -0.000000, -0.954454, 0.298344),

      ["LeftUpperArm"] = CFrame.new(0.000000, -0.000001, 0.000001, 0.636762, -0.761561, 0.120656, 0.216689, 0.326917, 0.919876, -0.739986, -0.559598, 0.373190),

      ["LeftUpperLeg"] = CFrame.new(-0.015827, 0.004381, 0.103380, 0.752948, -0.091236, 0.651722, 0.607977, -0.282579, -0.741972, 0.251859, 0.954895, -0.157277),

      ["LowerTorso"] = CFrame.new(-0.560878, -1.137002, -0.351822, 0.188009, -0.049217, -0.980933, -0.978129, 0.081087, -0.191540, 0.088968, 0.995491, -0.032896),

      ["RightFoot"] = CFrame.new(0.000000, 0.033684, -0.000100, 0.998810, 0.037313, 0.031418, -0.047891, 0.872434, 0.486409, -0.009261, -0.487305, 0.873166),

      ["RightHand"] = CFrame.new(-0.000500, 0.000000, -0.000000, 1.000000, -0.000000, -0.000000, 0.000000, 1.000000, 0.000001, 0.000000, -0.000000, 1.000000),

      ["RightLowerArm"] = CFrame.new(-0.000000, 0.069380, 0.027887, 1.000000, 0.000000, 0.000000, -0.000000, 0.720437, -0.693520, -0.000000, 0.693520, 0.720437),

      ["RightLowerLeg"] = CFrame.new(0.000000, 0.124855, -0.112028, 1.000000, 0.000000, 0.000000, -0.000000, -0.160655, 0.987009, 0.000000, -0.987011, -0.160665),

      ["RightUpperArm"] = CFrame.new(0.000000, 0.000001, -0.000000, 0.597999, -0.373724, 0.709033, 0.249887, 0.927476, 0.278109, -0.761547, 0.010869, 0.648018),

      ["RightUpperLeg"] = CFrame.new(-0.020416, 0.005654, 0.133193, 0.982919, -0.181397, 0.031066, 0.064969, 0.184060, -0.980762, 0.172189, 0.966032, 0.192719),

      ["UpperTorso"] = CFrame.new(0.000000, 0.000000, -0.000000, 0.842953, -0.170360, 0.510301, 0.022088, 0.958698, 0.283568, -0.537533, -0.227763, 0.811900),

    }},

    {Time = 0.167, Data = {

      ["Head"] = CFrame.new(0.035046, 0.071858, -0.142371, 0.936169, -0.351317, 0.012793, 0.213966, 0.598284, 0.772189, -0.278937, -0.720162, 0.635265),

      ["LeftFoot"] = CFrame.new(0.000000, 0.030575, -0.000002, 0.983993, 0.136321, 0.114783, -0.174158, 0.872140, 0.457237, -0.037776, -0.469881, 0.881907),

      ["LeftHand"] = CFrame.new(0.000500, 0.000100, -0.000000, 0.966205, 0.250556, -0.060583, -0.257330, 0.923692, -0.283857, -0.015162, 0.289852, 0.956951),

      ["LeftLowerArm"] = CFrame.new(-0.000500, 0.023801, 0.002873, 1.000000, -0.000000, -0.000000, 0.000000, 0.971026, -0.238975, 0.000000, 0.238975, 0.971026),

      ["LeftLowerLeg"] = CFrame.new(-0.000000, 0.122750, -0.075150, 1.000000, -0.000000, -0.000000, 0.000000, 0.222201, 0.975004, -0.000000, -0.975001, 0.222186),

      ["LeftUpperArm"] = CFrame.new(0.000000, 0.000000, 0.000000, 0.619791, -0.776919, 0.110706, 0.228336, 0.313496, 0.921728, -0.750815, -0.546000, 0.371700),

      ["LeftUpperLeg"] = CFrame.new(-0.014821, 0.004100, 0.097031, 0.782564, -0.036499, 0.621497, 0.575855, -0.336960, -0.744889, 0.236609, 0.940811, -0.242654),

      ["LowerTorso"] = CFrame.new(-0.560388, -1.145282, -0.351559, 0.218934, -0.047824, -0.974567, -0.971748, 0.079565, -0.222205, 0.088168, 0.995682, -0.029053),

      ["RightFoot"] = CFrame.new(0.000000, 0.033774, -0.000100, 0.999314, 0.028329, 0.023853, -0.036140, 0.886639, 0.461078, -0.008087, -0.461594, 0.887039),

      ["RightHand"] = CFrame.new(-0.000500, 0.000000, 0.000000, 1.000000, 0.000000, -0.000000, 0.000000, 1.000000, 0.000001, 0.000000, -0.000000, 1.000000),

      ["RightLowerArm"] = CFrame.new(-0.000000, 0.065137, 0.024038, 1.000000, 0.000000, 0.000000, -0.000000, 0.758970, -0.651126, -0.000000, 0.651126, 0.758970),

      ["RightLowerLeg"] = CFrame.new(0.000000, 0.124595, -0.113625, 1.000000, 0.000000, 0.000000, -0.000000, -0.177290, 0.984157, 0.000000, -0.984159, -0.177300),

      ["RightUpperArm"] = CFrame.new(0.000000, -0.000000, -0.000000, 0.588848, -0.346266, 0.730313, 0.259481, 0.936740, 0.234922, -0.765459, 0.051169, 0.641447),

      ["RightUpperLeg"] = CFrame.new(-0.019137, 0.005297, 0.125076, 0.976882, -0.213454, 0.011797, 0.054414, 0.194882, -0.979313, 0.206739, 0.957318, 0.202009),

      ["UpperTorso"] = CFrame.new(0.000000, 0.000000, 0.000000, 0.860969, -0.155476, 0.484314, 0.029905, 0.965966, 0.256935, -0.507778, -0.206730, 0.836316),

    }},

    {Time = 0.183, Data = {

      ["Head"] = CFrame.new(0.032141, 0.065902, -0.130571, 0.945813, -0.324295, 0.016456, 0.203767, 0.632223, 0.747511, -0.252818, -0.703652, 0.664046),

      ["LeftFoot"] = CFrame.new(0.000000, 0.031376, -0.000002, 0.996154, 0.067028, 0.056438, -0.085825, 0.876208, 0.474258, -0.017663, -0.477249, 0.878575),

      ["LeftHand"] = CFrame.new(0.000500, 0.000100, -0.000000, 0.974010, 0.221129, -0.049058, -0.226068, 0.935591, -0.271228, -0.014078, 0.275267, 0.961264),

      ["LeftLowerArm"] = CFrame.new(-0.000500, 0.028351, 0.004103, 1.000000, -0.000000, -0.000000, 0.000000, 0.958687, -0.284462, 0.000000, 0.284462, 0.958687),

      ["LeftLowerLeg"] = CFrame.new(-0.000000, 0.124477, -0.082040, 1.000000, -0.000000, -0.000000, 0.000000, 0.150453, 0.988620, -0.000000, -0.988617, 0.150437),

      ["LeftUpperArm"] = CFrame.new(0.000001, 0.000002, -0.000000, 0.602157, -0.792720, 0.094881, 0.242460, 0.294803, 0.924286, -0.760671, -0.533560, 0.369720),

      ["LeftUpperLeg"] = CFrame.new(-0.013769, 0.003806, 0.090372, 0.823457, 0.030281, 0.566571, 0.533359, -0.381888, -0.754786, 0.193513, 0.923712, -0.330599),

      ["LowerTorso"] = CFrame.new(-0.559578, -1.157137, -0.351168, 0.259861, -0.045290, -0.964584, -0.961739, 0.077629, -0.262740, 0.086779, 0.995953, -0.023385),

      ["RightFoot"] = CFrame.new(0.000000, 0.033881, -0.000100, 0.999920, 0.009662, 0.008135, -0.012228, 0.901890, 0.431822, -0.003165, -0.431858, 0.901922),

      ["RightHand"] = CFrame.new(-0.000500, 0.000000, 0.000000, 1.000000, -0.000000, -0.000000, 0.000000, 1.000000, 0.000001, 0.000000, -0.000000, 1.000000),

      ["RightLowerArm"] = CFrame.new(-0.000000, 0.061058, 0.020727, 1.000000, 0.000000, 0.000000, -0.000000, 0.792118, -0.610368, -0.000000, 0.610368, 0.792118),

      ["RightLowerLeg"] = CFrame.new(-0.000000, 0.124256, -0.115493, 1.000000, 0.000000, 0.000000, -0.000000, -0.196744, 0.980453, 0.000000, -0.980455, -0.196753),

      ["RightUpperArm"] = CFrame.new(-0.000000, -0.000002, 0.000000, 0.589557, -0.319876, 0.741688, 0.259480, 0.944574, 0.201120, -0.764913, 0.073882, 0.639882),

      ["RightUpperLeg"] = CFrame.new(-0.017798, 0.004924, 0.116559, 0.967541, -0.252430, -0.012008, 0.042438, 0.209114, -0.976966, 0.249127, 0.944749, 0.213056),

      ["UpperTorso"] = CFrame.new(0.000000, 0.000000, 0.000000, 0.878935, -0.140492, 0.455779, 0.037106, 0.972876, 0.228330, -0.475495, -0.183775, 0.860309),

    }},

    {Time = 0.200, Data = {

      ["Head"] = CFrame.new(0.029165, 0.059800, -0.118482, 0.954950, -0.296152, 0.019082, 0.192071, 0.665793, 0.720992, -0.226228, -0.684846, 0.692681),

      ["LeftFoot"] = CFrame.new(0.000000, 0.031857, -0.000002, 0.999898, -0.010951, -0.009221, 0.014030, 0.877540, 0.479327, 0.002842, -0.479378, 0.877588),

      ["LeftHand"] = CFrame.new(0.000500, 0.000100, -0.000000, 0.980530, 0.192544, -0.038586, -0.196000, 0.947498, -0.252650, -0.012086, 0.255292, 0.966788),

      ["LeftLowerArm"] = CFrame.new(-0.000500, 0.033212, 0.005676, 1.000000, -0.000000, -0.000000, 0.000000, 0.942906, -0.333058, 0.000000, 0.333058, 0.942906),

      ["LeftLowerLeg"] = CFrame.new(0.000000, 0.125336, -0.087039, 1.000000, -0.000000, -0.000000, 0.000000, 0.098397, 0.995149, -0.000000, -0.995147, 0.098382),

      ["LeftUpperArm"] = CFrame.new(0.000001, 0.000004, -0.000001, 0.585309, -0.807366, 0.074658, 0.257828, 0.272629, 0.926930, -0.768725, -0.523291, 0.367733),

      ["LeftUpperLeg"] = CFrame.new(-0.012681, 0.003502, 0.083472, 0.864731, 0.116814, 0.488464, 0.490149, -0.408367, -0.770068, 0.109519, 0.905313, -0.410364),

      ["LowerTorso"] = CFrame.new(-0.558362, -1.172334, -0.350653, 0.310052, -0.041576, -0.949810, -0.946944, 0.075447, -0.312419, 0.084649, 0.996283, -0.015978),

      ["RightFoot"] = CFrame.new(0.000000, 0.033995, -0.000100, 0.999515, -0.023832, -0.020068, 0.029881, 0.915626, 0.400948, 0.008818, -0.401325, 0.915881),

      ["RightHand"] = CFrame.new(-0.000500, 0.000000, -0.000000, 1.000000, 0.000000, -0.000000, 0.000000, 1.000000, 0.000001, 0.000000, -0.000000, 1.000000),

      ["RightLowerArm"] = CFrame.new(-0.000000, 0.057269, 0.017953, 1.000000, 0.000000, 0.000000, -0.000000, 0.819899, -0.572509, -0.000000, 0.572509, 0.819898),

      ["RightLowerLeg"] = CFrame.new(-0.000000, 0.123851, -0.117481, 1.000000, 0.000000, 0.000000, -0.000000, -0.217456, 0.976068, 0.000000, -0.976070, -0.217465),

      ["RightUpperArm"] = CFrame.new(-0.000001, -0.000003, 0.000001, 0.598625, -0.295600, 0.744492, 0.250475, 0.951889, 0.176547, -0.760861, 0.080792, 0.643865),

      ["RightUpperLeg"] = CFrame.new(-0.016412, 0.004538, 0.107730, 0.953940, -0.297292, -0.040198, 0.029932, 0.227626, -0.973284, 0.298500, 0.927256, 0.226056),

      ["UpperTorso"] = CFrame.new(0.000000, 0.000000, 0.000000, 0.896470, -0.125707, 0.424899, 0.043445, 0.979230, 0.198045, -0.440970, -0.159082, 0.883311),

    }},

    {Time = 0.217, Data = {

      ["Head"] = CFrame.new(0.026153, 0.053625, -0.106247, 0.963394, -0.267302, 0.020561, 0.178986, 0.698395, 0.692971, -0.199592, -0.663923, 0.720672),

      ["LeftFoot"] = CFrame.new(0.000000, 0.031890, -0.000002, 0.994277, -0.081726, -0.068814, 0.104917, 0.868448, 0.484581, 0.020157, -0.488998, 0.872035),

      ["LeftHand"] = CFrame.new(0.000500, 0.000100, -0.000000, 0.985892, 0.164795, -0.029338, -0.167110, 0.958979, -0.228987, -0.009602, 0.230658, 0.972987),

      ["LeftLowerArm"] = CFrame.new(-0.000500, 0.038344, 0.007643, 1.000000, -0.000000, -0.000000, 0.000000, 0.923182, -0.384362, 0.000000, 0.384362, 0.923182),

      ["LeftLowerLeg"] = CFrame.new(0.000000, 0.125402, -0.087586, 1.000000, -0.000000, -0.000000, 0.000000, 0.092706, 0.995695, -0.000000, -0.995694, 0.092691),

      ["LeftUpperArm"] = CFrame.new(0.000001, 0.000006, -0.000001, 0.571078, -0.819245, 0.052040, 0.273127, 0.249408, 0.929084, -0.774127, -0.516366, 0.366189),

      ["LeftUpperLeg"] = CFrame.new(-0.011568, 0.003192, 0.076400, 0.895028, 0.209141, 0.393940, 0.445986, -0.410519, -0.795352, -0.004620, 0.887544, -0.460681),

      ["LowerTorso"] = CFrame.new(-0.556648, -1.190467, -0.350020, 0.368182, -0.036695, -0.929029, -0.926164, 0.073250, -0.369940, 0.081626, 0.996638, -0.007016),

      ["RightFoot"] = CFrame.new(-0.000000, 0.034107, -0.000100, 0.996050, -0.067928, -0.057197, 0.084249, 0.926420, 0.366972, 0.028058, -0.370314, 0.928472),

      ["RightHand"] = CFrame.new(-0.000500, -0.000000, 0.000000, 1.000000, -0.000000, -0.000000, 0.000000, 1.000000, 0.000001, 0.000000, -0.000000, 1.000000),

      ["RightLowerArm"] = CFrame.new(0.000000, 0.053876, 0.015690, 1.000000, 0.000000, 0.000000, -0.000000, 0.842563, -0.538598, -0.000000, 0.538598, 0.842563),

      ["RightLowerLeg"] = CFrame.new(0.000000, 0.123413, -0.119414, 1.000000, 0.000000, 0.000000, -0.000000, -0.237607, 0.971359, 0.000000, -0.971361, -0.237616),

      ["RightUpperArm"] = CFrame.new(-0.000002, -0.000005, 0.000001, 0.613959, -0.273804, 0.740328, 0.233924, 0.958892, 0.160643, -0.753880, 0.074552, 0.652769),

      ["RightUpperLeg"] = CFrame.new(-0.014993, 0.004142, 0.098676, 0.936099, -0.344444, -0.071257, 0.018721, 0.251071, -0.967783, 0.351238, 0.904611, 0.241491),

      ["UpperTorso"] = CFrame.new(0.000000, 0.000000, -0.000000, 0.913217, -0.111402, 0.391950, 0.048713, 0.984851, 0.166420, -0.404552, -0.132885, 0.904809),

    }},

    {Time = 0.233, Data = {

      ["Head"] = CFrame.new(0.023141, 0.047450, -0.094012, 0.970997, -0.238182, 0.020849, 0.164689, 0.729498, 0.663860, -0.173328, -0.641172, 0.747567),

      ["LeftFoot"] = CFrame.new(0.000000, 0.031369, -0.000002, 0.986247, -0.126429, -0.106455, 0.162875, 0.852872, 0.496095, 0.028070, -0.506582, 0.861718),

      ["LeftHand"] = CFrame.new(0.000500, 0.000100, 0.000000, 0.990212, 0.137920, -0.021420, -0.139399, 0.969596, -0.201129, -0.006971, 0.202145, 0.979331),

      ["LeftLowerArm"] = CFrame.new(-0.000500, 0.043701, 0.010054, 1.000000, -0.000000, -0.000000, 0.000000, 0.899020, -0.437909, 0.000000, 0.437908, 0.899020),

      ["LeftLowerLeg"] = CFrame.new(-0.000000, 0.124466, -0.081985, 1.000000, -0.000000, -0.000000, 0.000000, 0.151017, 0.988533, -0.000000, -0.988531, 0.151002),

      ["LeftUpperArm"] = CFrame.new(0.000002, 0.000007, -0.000002, 0.561410, -0.827028, 0.029037, 0.287269, 0.227672, 0.930399, -0.776077, -0.513994, 0.365397),

      ["LeftUpperLeg"] = CFrame.new(-0.010442, 0.002879, 0.069223, 0.906827, 0.292911, 0.303106, 0.401951, -0.384463, -0.831046, -0.126889, 0.875438, -0.466358),

      ["LowerTorso"] = CFrame.new(-0.554344, -1.211114, -0.349280, 0.432678, -0.030683, -0.901027, -0.898208, 0.071292, -0.433752, 0.077545, 0.996984, 0.003287),

      ["RightFoot"] = CFrame.new(0.000000, 0.034207, -0.000100, 0.988070, -0.117807, -0.099196, 0.144332, 0.933027, 0.329616, 0.053718, -0.339974, 0.938890),

      ["RightHand"] = CFrame.new(-0.000500, 0.000000, 0.000000, 1.000000, 0.000000, -0.000000, 0.000000, 1.000000, 0.000001, 0.000000, -0.000000, 1.000000),

      ["RightLowerArm"] = CFrame.new(0.000000, 0.050977, 0.013910, 1.000000, 0.000000, 0.000000, -0.000000, 0.860394, -0.509629, -0.000000, 0.509629, 0.860394),

      ["RightLowerLeg"] = CFrame.new(0.000000, 0.122989, -0.121129, 1.000000, 0.000000, 0.000000, -0.000000, -0.255482, 0.966812, 0.000000, -0.966814, -0.255490),

      ["RightUpperArm"] = CFrame.new(-0.000003, -0.000007, 0.000002, 0.633576, -0.254566, 0.730601, 0.211479, 0.965339, 0.152963, -0.744217, 0.057593, 0.665451),

      ["RightUpperLeg"] = CFrame.new(-0.013556, 0.003742, 0.089484, 0.915227, -0.389436, -0.103442, 0.010469, 0.279595, -0.960056, 0.402802, 0.877591, 0.259985),

      ["UpperTorso"] = CFrame.new(0.000000, 0.000000, -0.000000, 0.928860, -0.097831, 0.357278, 0.052749, 0.989598, 0.133838, -0.366655, -0.105471, 0.924359),

    }},

    {Time = 0.250, Data = {

      ["Head"] = CFrame.new(0.020165, 0.041348, -0.081922, 0.977659, -0.209247, 0.019963, 0.149426, 0.758653, 0.634128, -0.147834, -0.616978, 0.772971),

      ["LeftFoot"] = CFrame.new(0.000000, 0.030207, -0.000002, 0.984176, -0.135547, -0.114133, 0.175112, 0.842495, 0.509476, 0.027096, -0.521373, 0.852882),

      ["LeftHand"] = CFrame.new(0.000500, 0.000100, -0.000000, 0.993598, 0.111988, -0.014874, -0.112883, 0.978957, -0.170001, -0.004477, 0.170590, 0.985332),

      ["LeftLowerArm"] = CFrame.new(-0.000500, 0.049229, 0.012957, 1.000000, -0.000000, -0.000000, -0.000000, 0.869940, -0.493157, 0.000000, 0.493157, 0.869940),

      ["LeftLowerLeg"] = CFrame.new(-0.000000, 0.121223, -0.069991, 1.000000, -0.000000, -0.000000, 0.000000, 0.275731, 0.961239, -0.000000, -0.961235, 0.275716),

      ["LeftUpperArm"] = CFrame.new(0.000002, 0.000009, -0.000003, 0.558318, -0.829592, 0.007620, 0.299333, 0.210002, 0.930752, -0.773745, -0.517374, 0.365572),

      ["LeftUpperLeg"] = CFrame.new(-0.009315, 0.002565, 0.062011, 0.904917, 0.354403, 0.235643, 0.356672, -0.329471, -0.874212, -0.232185, 0.875127, -0.424530),

      ["LowerTorso"] = CFrame.new(-0.551366, -1.233831, -0.348448, 0.501678, -0.023619, -0.864732, -0.862032, 0.069842, -0.502019, 0.072252, 0.997279, 0.014677),

      ["RightFoot"] = CFrame.new(-0.000000, 0.034287, -0.000100, 0.975450, -0.168461, -0.141848, 0.203698, 0.934978, 0.290412, 0.083696, -0.312151, 0.946330),

      ["RightHand"] = CFrame.new(-0.000500, 0.000000, -0.000000, 1.000000, -0.000000, -0.000000, 0.000000, 1.000000, 0.000001, 0.000000, -0.000000, 1.000000),

      ["RightLowerArm"] = CFrame.new(0.000000, 0.048666, 0.012585, 1.000000, 0.000000, 0.000000, -0.000000, 0.873661, -0.486535, -0.000000, 0.486534, 0.873661),

      ["RightLowerLeg"] = CFrame.new(-0.000000, 0.122630, -0.122479, 1.000000, 0.000000, 0.000000, -0.000000, -0.269559, 0.962982, 0.000000, -0.962984, -0.269567),

      ["RightUpperArm"] = CFrame.new(-0.000003, -0.000008, 0.000002, 0.655621, -0.237909, 0.716632, 0.184971, 0.970753, 0.153049, -0.732084, 0.032214, 0.680452),

      ["RightUpperLeg"] = CFrame.new(-0.012114, 0.003341, 0.080241, 0.893684, -0.427861, -0.135151, 0.006091, 0.312729, -0.949817, 0.448656, 0.848018, 0.282101),

      ["UpperTorso"] = CFrame.new(0.000000, 0.000000, -0.000000, 0.943138, -0.085214, 0.321293, 0.055445, 0.993370, 0.100709, -0.327745, -0.077168, 0.941610),

    }},

    {Time = 0.267, Data = {

      ["Head"] = CFrame.new(0.017261, 0.035392, -0.070122, 0.983327, -0.180953, 0.017986, 0.133496, 0.785502, 0.604289, -0.123475, -0.591813, 0.796562),

      ["LeftFoot"] = CFrame.new(0.000000, 0.027560, -0.000002, 0.988551, -0.115420, -0.097186, 0.149109, 0.845811, 0.512246, 0.023075, -0.520847, 0.853322),

      ["LeftHand"] = CFrame.new(0.000500, 0.000100, -0.000000, 0.996153, 0.087094, -0.009679, -0.087599, 0.986750, -0.136567, -0.002343, 0.136889, 0.990584),

