return {
local Animations = {

  ["poodle run slide"] = {

    {Time = 0.000, Data = {

      ["Head"] = CFrame.new(0.000001, 0.000000, -0.000002, 0.981336, 0.180833, 0.065413, -0.077431, 0.682947, -0.726353, -0.176022, 0.707731, 0.684202),

      ["LeftFoot"] = CFrame.new(0.000000, 0.024505, -0.000000, 0.999765, -0.016581, -0.013961, -0.005159, 0.443566, -0.896238, 0.021052, 0.896088, 0.443353),

      ["LeftHand"] = CFrame.new(0.000486, 0.025958, -0.000001, 0.989679, 0.123738, -0.072287, -0.140343, 0.938906, -0.314262, 0.028984, 0.321162, 0.946580),

      ["LeftLowerArm"] = CFrame.new(-0.000502, 0.119707, 0.105522, 1.000000, -0.000000, 0.000000, 0.000000, -0.091606, -0.995795, 0.000000, 0.995795, -0.091607),

      ["LeftLowerLeg"] = CFrame.new(0.000000, 0.102838, -0.040529, 1.000000, -0.000000, -0.000000, 0.000000, 0.582167, 0.813075, -0.000000, -0.813069, 0.582158),

      ["LeftUpperArm"] = CFrame.new(-0.041968, -0.203160, -0.026281, 0.828041, 0.068971, -0.556410, -0.433250, 0.708615, -0.556919, 0.355869, 0.702216, 0.616644),

      ["LeftUpperLeg"] = CFrame.new(0.000000, -0.000001, -0.000105, 0.985483, 0.169766, 0.001523, -0.168847, 0.981004, -0.095486, -0.017705, 0.093868, 0.995430),

      ["LowerTorso"] = CFrame.new(0.000000, -0.556327, 35.431950, 0.987673, -0.156532, -0.000000, 0.151431, 0.955487, 0.253206, -0.039635, -0.250084, 0.967412),

      ["RightFoot"] = CFrame.new(0.000000, 0.033678, -0.000100, 0.999979, 0.004975, 0.004189, -0.004761, 0.998755, -0.049652, -0.004431, 0.049637, 0.998758),

      ["RightHand"] = CFrame.new(-0.000485, 0.023264, -0.000001, 0.994891, -0.086927, 0.051338, 0.086464, 0.996192, 0.011174, -0.052113, -0.006677, 0.998619),

      ["RightLowerArm"] = CFrame.new(-0.000002, 0.113501, 0.065154, 1.000000, 0.000000, 0.000000, -0.000000, 0.327571, -0.944827, -0.000000, 0.944827, 0.327571),

      ["RightLowerLeg"] = CFrame.new(0.000000, 0.124873, -0.111927, 1.000000, 0.000000, 0.000000, -0.000000, -0.159562, 0.987186, 0.000000, -0.987188, -0.159571),

      ["RightUpperArm"] = CFrame.new(0.059732, -0.053420, 0.230885, 0.880537, -0.422331, 0.215153, 0.106845, 0.619113, 0.778000, -0.461778, -0.662069, 0.590276),

      ["RightUpperLeg"] = CFrame.new(0.000000, -0.000000, -0.000004, 0.988658, 0.102380, -0.109878, -0.150181, 0.669081, -0.727843, -0.001000, 0.736103, 0.676884),

      ["UpperTorso"] = CFrame.new(-0.000000, -0.000001, -0.000006, 0.959947, -0.137145, -0.244322, 0.241992, 0.845340, 0.476278, 0.141216, -0.516326, 0.844669),

    }},

    {Time = 0.020, Data = {

      ["Head"] = CFrame.new(0.000001, 0.000003, -0.000002, 0.981830, 0.174805, 0.073845, -0.067040, 0.683578, -0.726792, -0.177526, 0.708636, 0.682876),

      ["LeftFoot"] = CFrame.new(0.000000, 0.022935, -0.000002, 0.997602, -0.052951, -0.044584, -0.000951, 0.633565, -0.773710, 0.069211, 0.771876, 0.631970),

      ["LeftHand"] = CFrame.new(0.000480, 0.026121, -0.000000, 0.986860, 0.139529, -0.081478, -0.158109, 0.937822, -0.309021, 0.033294, 0.317841, 0.947559),

      ["LeftLowerArm"] = CFrame.new(-0.000502, 0.119321, 0.109363, 1.000000, -0.000000, 0.000000, -0.000000, -0.131448, -0.991323, 0.000000, 0.991323, -0.131449),

      ["LeftLowerLeg"] = CFrame.new(-0.000000, 0.097860, -0.035726, 1.000000, -0.000000, -0.000000, 0.000000, 0.632073, 0.774915, -0.000000, -0.774909, 0.632066),

      ["LeftUpperArm"] = CFrame.new(-0.049058, -0.229676, -0.034377, 0.800480, 0.084602, -0.593358, -0.491040, 0.660232, -0.568308, 0.343674, 0.746282, 0.570046),

      ["LeftUpperLeg"] = CFrame.new(-0.000001, -0.000002, -0.000097, 0.981861, 0.189459, 0.007346, -0.189177, 0.981520, -0.028785, -0.012664, 0.026897, 0.999559),

      ["LowerTorso"] = CFrame.new(0.015721, -0.544410, 35.287766, 0.985539, -0.164474, 0.040761, 0.149031, 0.955807, 0.253423, -0.080641, -0.243684, 0.966496),

      ["RightFoot"] = CFrame.new(-0.000000, 0.034050, -0.000097, 0.999525, 0.023575, 0.019852, -0.024315, 0.998989, 0.037834, -0.018939, -0.038287, 0.999087),

      ["RightHand"] = CFrame.new(-0.000485, 0.023394, -0.000002, 0.993253, -0.099899, 0.058889, 0.101486, 0.994533, -0.024591, -0.056110, 0.030402, 0.997962),

      ["RightLowerArm"] = CFrame.new(-0.000001, 0.113973, 0.066289, 1.000000, 0.000000, 0.000000, 0.000000, 0.315793, -0.948828, -0.000000, 0.948828, 0.315793),

      ["RightLowerLeg"] = CFrame.new(0.000000, 0.123626, -0.118476, 1.000000, 0.000000, 0.000000, -0.000000, -0.227802, 0.973705, 0.000000, -0.973707, -0.227811),

      ["RightUpperArm"] = CFrame.new(0.055426, -0.039928, 0.222466, 0.891774, -0.403922, 0.203929, 0.079432, 0.583439, 0.808263, -0.445455, -0.704589, 0.552380),

      ["RightUpperLeg"] = CFrame.new(-0.000000, -0.000000, -0.000008, 0.991597, 0.010949, -0.128901, -0.115335, 0.526130, -0.842537, 0.058594, 0.850334, 0.522988),

      ["UpperTorso"] = CFrame.new(-0.000000, -0.000001, -0.000004, 0.951312, -0.109067, -0.288286, 0.244018, 0.837908, 0.488226, 0.188308, -0.534803, 0.823727),

    }},

    {Time = 0.040, Data = {

      ["Head"] = CFrame.new(-0.000001, 0.000002, -0.000002, 0.982540, 0.158883, 0.096801, -0.039109, 0.685051, -0.727445, -0.181892, 0.710958, 0.679304),

      ["LeftFoot"] = CFrame.new(-0.000000, 0.017562, -0.000005, 0.993978, -0.083827, -0.070584, 0.055893, 0.941830, -0.331433, 0.094254, 0.325469, 0.940835),

      ["LeftHand"] = CFrame.new(0.000486, 0.026412, 0.000000, 0.981190, 0.166726, -0.097311, -0.188261, 0.937950, -0.291220, 0.042718, 0.304060, 0.951694),

      ["LeftLowerArm"] = CFrame.new(-0.000500, 0.118225, 0.116219, 1.000000, -0.000000, 0.000000, 0.000000, -0.202699, -0.979241, 0.000000, 0.979241, -0.202700),

      ["LeftLowerLeg"] = CFrame.new(-0.000000, 0.082309, -0.024457, 1.000000, -0.000000, -0.000000, 0.000000, 0.749253, 0.662286, -0.000000, -0.662284, 0.749251),

      ["LeftUpperArm"] = CFrame.new(-0.064266, -0.289290, -0.075598, 0.733022, 0.112931, -0.670765, -0.623434, 0.505938, -0.596118, 0.272045, 0.855145, 0.441268),

      ["LeftUpperLeg"] = CFrame.new(0.000000, 0.000001, -0.000114, 0.975425, 0.210315, -0.065670, -0.198770, 0.968573, 0.149543, 0.095057, -0.132792, 0.986572),

      ["LowerTorso"] = CFrame.new(0.059344, -0.516063, 34.906563, 0.973216, -0.183439, 0.138564, 0.144201, 0.956527, 0.253502, -0.179043, -0.226731, 0.957359),

      ["RightFoot"] = CFrame.new(-0.000000, 0.034153, -0.000097, 0.996833, 0.060836, 0.051224, -0.074474, 0.940039, 0.332862, -0.027902, -0.335596, 0.941583),

      ["RightHand"] = CFrame.new(-0.000483, 0.023415, -0.000003, 0.990018, -0.121491, 0.071443, 0.129623, 0.983892, -0.123105, -0.055336, 0.131137, 0.989819),

      ["RightLowerArm"] = CFrame.new(-0.000001, 0.114038, 0.066452, 1.000000, 0.000000, -0.000000, -0.000000, 0.314112, -0.949386, -0.000000, 0.949386, 0.314112),

      ["RightLowerLeg"] = CFrame.new(0.000001, 0.123216, -0.120232, 1.000000, 0.000000, 0.000000, -0.000000, -0.246146, 0.969231, 0.000000, -0.969233, -0.246155),

      ["RightUpperArm"] = CFrame.new(0.048262, -0.014220, 0.202003, 0.913367, -0.363911, 0.182563, 0.026827, 0.501227, 0.864900, -0.406252, -0.785074, 0.467566),

      ["RightUpperLeg"] = CFrame.new(-0.000002, -0.000001, -0.000000, 0.977496, -0.198388, -0.071721, -0.039012, 0.164097, -0.985670, 0.207315, 0.966289, 0.152682),

      ["UpperTorso"] = CFrame.new(-0.000001, -0.000001, -0.000000, 0.919105, -0.034697, -0.392482, 0.251218, 0.818990, 0.515893, 0.303539, -0.572758, 0.761454),

    }},

    {Time = 0.060, Data = {

      ["Head"] = CFrame.new(-0.000001, -0.000003, 0.000002, 0.982001, 0.136317, 0.130736, 0.001483, 0.686592, -0.727041, -0.188870, 0.714149, 0.674032),

      ["LeftFoot"] = CFrame.new(0.000000, 0.011487, -0.000004, 0.987488, -0.120631, -0.101575, 0.147608, 0.933737, 0.326127, 0.055499, -0.337021, 0.939853),

      ["LeftHand"] = CFrame.new(0.000486, 0.026562, 0.000001, 0.982075, 0.162805, -0.094989, -0.183258, 0.942613, -0.279103, 0.044097, 0.291506, 0.955551),

      ["LeftLowerArm"] = CFrame.new(-0.000502, 0.117449, 0.119749, 1.000000, -0.000000, 0.000000, 0.000000, -0.239320, -0.970941, 0.000000, 0.970941, -0.239321),

      ["LeftLowerLeg"] = CFrame.new(0.000001, 0.057108, -0.010981, 1.000000, -0.000000, -0.000000, 0.000000, 0.887373, 0.461045, -0.000000, -0.461052, 0.887377),

      ["LeftUpperArm"] = CFrame.new(-0.069607, -0.336236, -0.163309, 0.666248, 0.127321, -0.734781, -0.737218, 0.260903, -0.623249, 0.112354, 0.956932, 0.267690),

      ["LeftUpperLeg"] = CFrame.new(0.000001, -0.000001, -0.000092, 0.944147, 0.261417, -0.200612, -0.167923, 0.905518, 0.389680, 0.283527, -0.334212, 0.898835),

      ["LowerTorso"] = CFrame.new(0.125558, -0.482394, 34.365372, 0.944696, -0.206175, 0.255033, 0.140603, 0.957195, 0.252998, -0.296278, -0.203147, 0.933247),

      ["RightFoot"] = CFrame.new(0.000000, 0.032642, -0.000102, 0.995127, 0.075429, 0.063511, -0.098555, 0.740149, 0.665208, 0.003167, -0.668199, 0.743952),

      ["RightHand"] = CFrame.new(-0.000484, 0.023024, 0.000003, 0.989407, -0.125169, 0.073528, 0.139897, 0.957369, -0.252733, -0.038758, 0.260340, 0.964738),

      ["RightLowerArm"] = CFrame.new(0.000000, 0.112597, 0.063081, 1.000000, 0.000000, 0.000000, 0.000000, 0.349131, -0.937074, -0.000000, 0.937074, 0.349131),

      ["RightLowerLeg"] = CFrame.new(0.000000, 0.125824, -0.096706, 1.000000, 0.000000, 0.000000, -0.000000, -0.001086, 0.999999, 0.000000, -0.999999, -0.001099),

      ["RightUpperArm"] = CFrame.new(0.043859, 0.000458, 0.177034, 0.933196, -0.325338, 0.152642, -0.004307, 0.414599, 0.909994, -0.359341, -0.849860, 0.385502),

      ["RightUpperLeg"] = CFrame.new(0.000001, -0.000001, 0.000001, 0.921955, -0.384710, 0.044678, 0.016227, -0.076911, -0.996907, 0.386957, 0.919828, -0.064648),

      ["UpperTorso"] = CFrame.new(0.000001, -0.000000, 0.000001, 0.856208, 0.067484, -0.512205, 0.264313, 0.794638, 0.546525, 0.443899, -0.603321, 0.662539),

    }},

    {Time = 0.080, Data = {

      ["Head"] = CFrame.new(-0.000000, -0.000001, -0.000001, 0.978893, 0.110408, 0.171984, 0.049722, 0.687577, -0.724407, -0.198233, 0.717669, 0.667574),

      ["LeftFoot"] = CFrame.new(-0.000000, 0.006195, -0.000005, 0.972632, -0.177742, -0.149658, 0.226991, 0.589309, 0.775384, -0.049620, -0.788114, 0.613501),

      ["LeftHand"] = CFrame.new(0.000484, 0.026523, -0.000001, 0.990118, 0.121148, -0.070640, -0.137024, 0.942958, -0.303409, 0.029852, 0.310088, 0.950239),

      ["LeftLowerArm"] = CFrame.new(-0.000502, 0.117658, 0.118854, 1.000000, -0.000000, 0.000000, 0.000000, -0.230008, -0.973188, 0.000000, 0.973189, -0.230010),

      ["LeftLowerLeg"] = CFrame.new(-0.000000, 0.028132, -0.002251, 1.000000, -0.000000, 0.000000, 0.000000, 0.975962, 0.217925, -0.000000, -0.217941, 0.975966),

      ["LeftUpperArm"] = CFrame.new(-0.055027, -0.343662, -0.266437, 0.624913, 0.151820, -0.765790, -0.777084, 0.026728, -0.628830, -0.075002, 0.988047, 0.134679),

      ["LeftUpperLeg"] = CFrame.new(-0.000000, -0.000002, -0.000098, 0.872014, 0.352280, -0.339836, -0.082497, 0.790129, 0.607372, 0.482479, -0.501593, 0.718060),

      ["LowerTorso"] = CFrame.new(0.209050, -0.454510, 33.741222, 0.907862, -0.227491, 0.352186, 0.141876, 0.957133, 0.252524, -0.394536, -0.179291, 0.901219),

      ["RightFoot"] = CFrame.new(-0.000000, 0.028674, -0.000104, 0.997598, 0.052983, 0.044612, -0.066138, 0.537385, 0.840756, 0.020571, -0.841671, 0.539573),

      ["RightHand"] = CFrame.new(-0.000485, 0.022659, -0.000001, 0.993350, -0.099257, 0.058343, 0.113518, 0.928959, -0.352351, -0.019224, 0.356628, 0.934048),

      ["RightLowerArm"] = CFrame.new(0.000000, 0.110945, 0.059527, 1.000000, 0.000000, 0.000000, -0.000000, 0.385992, -0.922502, -0.000000, 0.922502, 0.385992),

      ["RightLowerLeg"] = CFrame.new(0.000000, 0.115726, -0.058429, 1.000000, 0.000000, 0.000000, -0.000000, 0.397052, 0.917802, 0.000000, -0.917796, 0.397039),

      ["RightUpperArm"] = CFrame.new(0.042764, -0.011531, 0.152104, 0.949261, -0.299776, 0.095071, 0.017451, 0.352047, 0.935820, -0.314005, -0.886678, 0.339416),

      ["RightUpperLeg"] = CFrame.new(0.000001, 0.000000, -0.000005, 0.849140, -0.526445, 0.042619, 0.017128, -0.053226, -0.998437, 0.527891, 0.848541, -0.036162),

      ["UpperTorso"] = CFrame.new(0.000000, -0.000000, 0.000002, 0.774863, 0.169394, -0.609010, 0.278511, 0.773389, 0.569474, 0.567467, -0.610880, 0.552093),

    }},

    {Time = 0.100, Data = {

      ["Head"] = CFrame.new(0.000000, -0.000002, -0.000003, 0.972558, 0.084519, 0.216767, 0.100454, 0.687828, -0.718890, -0.209858, 0.720937, 0.660462),

      ["LeftFoot"] = CFrame.new(-0.000001, 0.006062, -0.000006, 0.957080, -0.221709, -0.186675, 0.269292, 0.442137, 0.855580, -0.107146, -0.869115, 0.482841),

      ["LeftHand"] = CFrame.new(0.000483, 0.026472, -0.000001, 0.994563, 0.089990, -0.052415, -0.102561, 0.933716, -0.343013, 0.018072, 0.346521, 0.937867),

      ["LeftLowerArm"] = CFrame.new(-0.000496, 0.117926, 0.117665, 1.000000, -0.000000, -0.000000, 0.000000, -0.217672, -0.976022, 0.000000, 0.976022, -0.217673),

      ["LeftLowerLeg"] = CFrame.new(0.000000, 0.027465, -0.002133, 1.000000, -0.000000, 0.000000, 0.000000, 0.977174, 0.212422, -0.000000, -0.212439, 0.977178),

      ["LeftUpperArm"] = CFrame.new(-0.036708, -0.332317, -0.350001, 0.581273, 0.239761, -0.777584, -0.782860, -0.095848, -0.614771, -0.221929, 0.966089, 0.131985),

      ["LeftUpperLeg"] = CFrame.new(0.000002, -0.000000, -0.000099, 0.808657, 0.394605, -0.436298, -0.007743, 0.748735, 0.662832, 0.588229, -0.532619, 0.608521),

      ["LowerTorso"] = CFrame.new(0.304511, -0.443518, 33.111153, 0.884192, -0.245453, 0.397438, 0.151431, 0.955487, 0.253206, -0.441897, -0.163698, 0.882004),

      ["RightFoot"] = CFrame.new(-0.000000, 0.024159, -0.000103, 0.999111, 0.032239, 0.027144, -0.039751, 0.506889, 0.861110, 0.014003, -0.861409, 0.507694),

      ["RightHand"] = CFrame.new(-0.000485, 0.022963, -0.000001, 0.997941, -0.055240, 0.032599, 0.063227, 0.932700, -0.355069, -0.010791, 0.356396, 0.934272),

      ["RightLowerArm"] = CFrame.new(-0.000002, 0.112362, 0.062553, 1.000000, 0.000000, 0.000000, -0.000000, 0.354570, -0.935030, -0.000000, 0.935030, 0.354570),

      ["RightLowerLeg"] = CFrame.new(0.000000, 0.100614, -0.038472, 1.000000, 0.000000, 0.000000, -0.000000, 0.604532, 0.796587, 0.000000, -0.796581, 0.604524),

      ["RightUpperArm"] = CFrame.new(0.046252, -0.052105, 0.126917, 0.958116, -0.286379, -0.000008, 0.096088, 0.321450, 0.942039, -0.269777, -0.902584, 0.335504),

      ["RightUpperLeg"] = CFrame.new(0.000000, -0.000000, 0.000004, 0.808068, -0.588759, -0.019714, -0.005453, 0.025965, -0.999648, 0.589063, 0.807892, 0.017786),

      ["UpperTorso"] = CFrame.new(0.000002, -0.000000, 0.000002, 0.708174, 0.240234, -0.663911, 0.283520, 0.764424, 0.579027, 0.646612, -0.598283, 0.473234),

    }},

    {Time = 0.120, Data = {

      ["Head"] = CFrame.new(-0.000001, -0.000001, -0.000001, 0.963263, 0.061994, 0.261308, 0.148504, 0.687750, -0.710596, -0.223767, 0.723296, 0.653277),

      ["LeftFoot"] = CFrame.new(-0.000001, 0.009888, -0.000001, 0.957681, -0.220181, -0.185392, 0.278949, 0.551198, 0.786382, -0.070955, -0.804799, 0.589265),

      ["LeftHand"] = CFrame.new(0.000481, 0.026524, 0.000004, 0.991167, 0.114587, -0.066765, -0.130802, 0.927704, -0.349653, 0.021872, 0.355295, 0.934497),

      ["LeftLowerArm"] = CFrame.new(-0.000496, 0.117657, 0.118871, 1.000000, -0.000000, 0.000000, 0.000000, -0.230197, -0.973144, 0.000000, 0.973144, -0.230198),

      ["LeftLowerLeg"] = CFrame.new(-0.000000, 0.048210, -0.007513, 1.000000, -0.000000, -0.000000, 0.000000, 0.922636, 0.385660, -0.000000, -0.385671, 0.922641),

      ["LeftUpperArm"] = CFrame.new(-0.034602, -0.332667, -0.396905, 0.500061, 0.409804, -0.762889, -0.813804, -0.078812, -0.575771, -0.296078, 0.908763, 0.294089),

      ["LeftUpperLeg"] = CFrame.new(0.000002, 0.000000, -0.000098, 0.817311, 0.349362, -0.458197, 0.010821, 0.785772, 0.618433, 0.576095, -0.510401, 0.638432),

      ["LowerTorso"] = CFrame.new(0.406967, -0.457459, 32.537018, 0.891733, -0.260320, 0.370196, 0.171965, 0.951554, 0.254897, -0.418616, -0.163640, 0.893299),

      ["RightFoot"] = CFrame.new(-0.000000, 0.023411, -0.000103, 0.999574, 0.022334, 0.018804, -0.028469, 0.602683, 0.797493, 0.006479, -0.797668, 0.603035),

      ["RightHand"] = CFrame.new(-0.000484, 0.024152, -0.000004, 0.999653, -0.022599, 0.013538, 0.024962, 0.976824, -0.212583, -0.008420, 0.212846, 0.977049),

      ["RightLowerArm"] = CFrame.new(0.000001, 0.116957, 0.075237, 1.000000, 0.000000, 0.000000, -0.000000, 0.222893, -0.974843, -0.000000, 0.974843, 0.222893),

      ["RightLowerLeg"] = CFrame.new(0.000000, 0.098472, -0.036539, 1.000000, 0.000000, 0.000000, -0.000000, 0.624646, 0.780913, 0.000000, -0.780908, 0.624639),

      ["RightUpperArm"] = CFrame.new(0.057024, -0.108129, 0.098385, 0.953454, -0.282483, -0.105498, 0.205521, 0.352764, 0.912863, -0.220652, -0.892054, 0.394401),

      ["RightUpperLeg"] = CFrame.new(0.000001, 0.000000, -0.000000, 0.821510, -0.567217, -0.058192, -0.040014, 0.044433, -0.998210, 0.568788, 0.822369, 0.013820),

      ["UpperTorso"] = CFrame.new(0.000002, 0.000000, -0.000001, 0.688422, 0.261412, -0.676564, 0.270437, 0.773016, 0.573855, 0.673008, -0.578022, 0.461466),

    }},

    {Time = 0.140, Data = {

      ["Head"] = CFrame.new(0.000000, 0.000000, -0.000000, 0.952194, 0.046082, 0.301999, 0.188840, 0.688282, -0.700433, -0.240138, 0.723978, 0.646676),

      ["LeftFoot"] = CFrame.new(0.000000, 0.012269, -0.000002, 0.965374, -0.199555, -0.168026, 0.258340, 0.641836, 0.722038, -0.036241, -0.740422, 0.671140),

      ["LeftHand"] = CFrame.new(0.000483, 0.026484, -0.000000, 0.978853, 0.176692, -0.103089, -0.200709, 0.926925, -0.317060, 0.039533, 0.331044, 0.942786),

      ["LeftLowerArm"] = CFrame.new(-0.000502, 0.117874, 0.117918, 1.000000, -0.000000, 0.000000, 0.000000, -0.220309, -0.975430, 0.000000, 0.975430, -0.220311),

      ["LeftLowerLeg"] = CFrame.new(-0.000002, 0.061442, -0.012954, 1.000000, -0.000000, -0.000000, 0.000000, 0.867321, 0.497743, -0.000000, -0.497749, 0.867325),

      ["LeftUpperArm"] = CFrame.new(-0.041070, -0.348591, -0.391309, 0.401177, 0.597056, -0.694681, -0.876050, 0.028556, -0.481374, -0.267570, 0.801691, 0.534507),

      ["LeftUpperLeg"] = CFrame.new(0.000002, 0.000001, -0.000106, 0.864714, 0.281170, -0.416184, 0.025813, 0.802653, 0.595901, 0.501601, -0.526015, 0.686799),

      ["LowerTorso"] = CFrame.new(0.512803, -0.492100, 32.020020, 0.919274, -0.273582, 0.282998, 0.202826, 0.945403, 0.255099, -0.337337, -0.177107, 0.924574),

      ["RightFoot"] = CFrame.new(0.000000, 0.022271, -0.000102, 0.999866, 0.012535, 0.010555, -0.016240, 0.671467, 0.740879, 0.002201, -0.740929, 0.671556),

      ["RightHand"] = CFrame.new(-0.000483, 0.025083, 0.000002, 0.999542, -0.025947, 0.015569, 0.025342, 0.998961, 0.037867, -0.016535, -0.037454, 0.999161),

      ["RightLowerArm"] = CFrame.new(-0.000001, 0.119553, 0.088700, 1.000000, 0.000000, -0.000000, -0.000000, 0.083090, -0.996542, -0.000000, 0.996542, 0.083089),

      ["RightLowerLeg"] = CFrame.new(-0.000001, 0.095091, -0.033637, 1.000000, 0.000000, 0.000000, -0.000000, 0.654792, 0.755813, 0.000000, -0.755809, 0.654787),

      ["RightUpperArm"] = CFrame.new(0.071679, -0.153703, 0.066316, 0.941193, -0.299346, -0.156677, 0.294066, 0.497423, 0.816147, -0.166376, -0.814225, 0.556198),

      ["RightUpperLeg"] = CFrame.new(-0.000001, 0.000001, -0.000000, 0.868325, -0.485365, -0.102148, -0.083413, 0.060091, -0.994700, 0.488931, 0.872244, 0.011709),

      ["UpperTorso"] = CFrame.new(-0.000000, 0.000001, -0.000001, 0.713066, 0.243867, -0.657317, 0.243112, 0.793377, 0.558077, 0.657597, -0.557747, 0.506443),

    }},

    {Time = 0.160, Data = {

      ["Head"] = CFrame.new(0.000001, -0.000002, -0.000001, 0.941190, 0.039913, 0.335511, 0.216658, 0.690681, -0.689942, -0.259268, 0.722057, 0.641415),

      ["LeftFoot"] = CFrame.new(0.000000, 0.014102, -0.000003, 0.975459, -0.168432, -0.141820, 0.220013, 0.720338, 0.657828, -0.008642, -0.672863, 0.739695),

      ["LeftHand"] = CFrame.new(0.000480, 0.026100, 0.000003, 0.966871, 0.220401, -0.128776, -0.247142, 0.934503, -0.256177, 0.063879, 0.279514, 0.958014),

      ["LeftLowerArm"] = CFrame.new(-0.000500, 0.119390, 0.108796, 1.000000, -0.000000, 0.000000, 0.000000, -0.125554, -0.992087, 0.000000, 0.992087, -0.125555),

      ["LeftLowerLeg"] = CFrame.new(-0.000001, 0.070949, -0.017962, 1.000000, -0.000000, -0.000000, 0.000000, 0.816175, 0.577803, -0.000000, -0.577805, 0.816176),

      ["LeftUpperArm"] = CFrame.new(-0.021477, -0.357104, -0.337348, 0.358522, 0.717049, -0.597748, -0.921953, 0.171478, -0.347273, -0.146511, 0.675600, 0.722564),

      ["LeftUpperLeg"] = CFrame.new(0.000001, 0.000001, -0.000101, 0.921339, 0.200785, -0.332893, 0.035432, 0.809372, 0.586242, 0.387143, -0.551908, 0.738581),

      ["LowerTorso"] = CFrame.new(0.618743, -0.540146, 31.546200, 0.945255, -0.285944, 0.157257, 0.241833, 0.937352, 0.250777, -0.219113, -0.199018, 0.955187),

      ["RightFoot"] = CFrame.new(-0.000001, 0.020756, -0.000105, 0.999938, 0.008515, 0.007170, -0.011112, 0.724101, 0.689628, 0.000681, -0.689641, 0.724128),

      ["RightHand"] = CFrame.new(-0.000484, 0.025137, -0.000001, 0.996712, -0.069716, 0.041286, 0.055626, 0.959276, 0.276941, -0.058911, -0.273731, 0.960000),

      ["RightLowerArm"] = CFrame.new(-0.000001, 0.119668, 0.089855, 1.000000, 0.000000, -0.000000, 0.000000, 0.071078, -0.997471, -0.000000, 0.997471, 0.071077),

      ["RightLowerLeg"] = CFrame.new(0.000001, 0.090864, -0.030413, 1.000000, 0.000000, 0.000000, -0.000000, 0.688354, 0.725378, 0.000000, -0.725375, 0.688351),

      ["RightUpperArm"] = CFrame.new(0.081625, -0.170987, 0.037319, 0.937600, -0.331621, -0.104567, 0.326220, 0.734822, 0.594657, -0.120362, -0.591662, 0.797150),

      ["RightUpperLeg"] = CFrame.new(0.000001, 0.000001, -0.000001, 0.920355, -0.362496, -0.146785, -0.127013, 0.077908, -0.988835, 0.369885, 0.928723, 0.025678),

      ["UpperTorso"] = CFrame.new(0.000001, 0.000000, 0.000003, 0.765404, 0.203670, -0.610471, 0.209915, 0.817705, 0.535999, 0.608352, -0.538403, 0.583122),

    }},

    {Time = 0.180, Data = {

      ["Head"] = CFrame.new(-0.000000, 0.000004, -0.000001, 0.932257, 0.046579, 0.358787, 0.227295, 0.696146, -0.680968, -0.281487, 0.716388, 0.638400),

      ["LeftFoot"] = CFrame.new(0.000000, 0.016788, -0.000003, 0.984343, -0.134837, -0.113534, 0.175964, 0.789389, 0.588158, 0.010315, -0.598902, 0.800738),

      ["LeftHand"] = CFrame.new(0.000483, 0.025265, 0.000000, 0.968453, 0.215066, -0.125882, -0.236395, 0.952697, -0.191012, 0.078846, 0.214742, 0.973483),

      ["LeftLowerArm"] = CFrame.new(-0.000496, 0.119617, 0.090417, 1.000000, -0.000000, 0.000000, 0.000000, 0.065280, -0.997867, 0.000000, 0.997867, 0.065280),

      ["LeftLowerLeg"] = CFrame.new(0.000001, 0.080004, -0.023059, 1.000000, -0.000000, -0.000000, 0.000000, 0.763659, 0.645621, -0.000000, -0.645620, 0.763658),

      ["LeftUpperArm"] = CFrame.new(0.025574, -0.345711, -0.279372, 0.379538, 0.754984, -0.534743, -0.924880, 0.294990, -0.239955, -0.023418, 0.585645, 0.810229),

      ["LeftUpperLeg"] = CFrame.new(0.000000, 0.000000, -0.000099, 0.964537, 0.123064, -0.233503, 0.037023, 0.812836, 0.581331, 0.261340, -0.569344, 0.779442),

      ["LowerTorso"] = CFrame.new(0.721508, -0.594298, 31.101589, 0.953977, -0.299198, 0.020220, 0.285836, 0.927623, 0.240446, -0.090698, -0.223600, 0.970452),

      ["RightFoot"] = CFrame.new(-0.000001, 0.019468, -0.000104, 0.999830, 0.014086, 0.011861, -0.018413, 0.771249, 0.636291, -0.000184, -0.636377, 0.771358),

      ["RightHand"] = CFrame.new(-0.000484, 0.024070, -0.000002, 0.989440, -0.124853, 0.073626, 0.090345, 0.928447, 0.360314, -0.113343, -0.349854, 0.929921),

      ["RightLowerArm"] = CFrame.new(0.000001, 0.116567, 0.073761, 1.000000, 0.000000, 0.000000, 0.000000, 0.238199, -0.971216, -0.000000, 0.971216, 0.238199),

      ["RightLowerLeg"] = CFrame.new(0.000000, 0.087193, -0.027857, 1.000000, 0.000000, 0.000000, -0.000000, 0.714966, 0.699162, 0.000000, -0.699160, 0.714963),

      ["RightUpperArm"] = CFrame.new(0.084608, -0.162076, 0.021702, 0.946300, -0.322530, 0.022147, 0.306328, 0.916444, 0.257476, -0.103340, -0.236865, 0.966031),

      ["RightUpperLeg"] = CFrame.new(0.000000, 0.000000, 0.000001, 0.956141, -0.226361, -0.185893, -0.166714, 0.101238, -0.980792, 0.240833, 0.968768, 0.059077),

      ["UpperTorso"] = CFrame.new(0.000000, -0.000000, 0.000001, 0.826433, 0.155685, -0.541083, 0.178749, 0.838747, 0.514347, 0.533907, -0.521792, 0.665340),

    }},

    {Time = 0.200, Data = {

      ["Head"] = CFrame.new(-0.000000, 0.000002, -0.000002, 0.926888, 0.069316, 0.368883, 0.215975, 0.705300, -0.675209, -0.306976, 0.705512, 0.638763),

      ["LeftFoot"] = CFrame.new(0.000000, 0.020431, -0.000003, 0.990640, -0.104416, -0.087921, 0.134651, 0.853187, 0.503949, 0.022390, -0.511048, 0.859247),

      ["LeftHand"] = CFrame.new(0.000486, 0.023723, -0.000000, 0.977697, 0.181155, -0.106263, -0.196758, 0.967013, -0.161780, 0.073449, 0.179079, 0.981089),

      ["LeftLowerArm"] = CFrame.new(-0.000503, 0.114661, 0.068282, 1.000000, -0.000000, -0.000000, 0.000000, 0.295082, -0.955472, 0.000000, 0.955472, 0.295082),

      ["LeftLowerLeg"] = CFrame.new(-0.000001, 0.090703, -0.030058, 1.000000, -0.000000, 0.000000, 0.000000, 0.690999, 0.722860, -0.000000, -0.722855, 0.690995),

      ["LeftUpperArm"] = CFrame.new(0.056667, -0.333948, -0.237542, 0.382002, 0.759179, -0.526993, -0.922242, 0.349891, -0.164458, 0.059537, 0.548839, 0.833806),

      ["LeftUpperLeg"] = CFrame.new(0.000000, 0.000001, -0.000099, 0.987317, 0.067604, -0.143648, 0.026405, 0.822284, 0.568482, 0.156551, -0.565047, 0.810058),

      ["LowerTorso"] = CFrame.new(0.817824, -0.647258, 30.672224, 0.943205, -0.317722, -0.097037, 0.331764, 0.915992, 0.225593, 0.017210, -0.244974, 0.969377),

      ["RightFoot"] = CFrame.new(0.000000, 0.019145, -0.000102, 0.999236, 0.029904, 0.025180, -0.038913, 0.822463, 0.567510, -0.003738, -0.568032, 0.822982),

      ["RightHand"] = CFrame.new(-0.000485, 0.021549, -0.000002, 0.986422, -0.141479, 0.083400, 0.115078, 0.957743, 0.263602, -0.117168, -0.250423, 0.961019),

      ["RightLowerArm"] = CFrame.new(0.000002, 0.105834, 0.050590, 1.000000, 0.000000, 0.000000, -0.000000, 0.478707, -0.877975, -0.000000, 0.877975, 0.478707),

      ["RightLowerLeg"] = CFrame.new(0.000000, 0.086244, -0.027216, 1.000000, 0.000000, 0.000000, -0.000000, 0.721608, 0.692304, 0.000000, -0.692302, 0.721606),

      ["RightUpperArm"] = CFrame.new(0.085788, -0.143499, 0.021538, 0.956077, -0.256469, 0.141918, 0.267594, 0.961303, -0.065495, -0.119629, 0.100596, 0.987709),

      ["RightUpperLeg"] = CFrame.new(0.000000, 0.000001, -0.000002, 0.969376, -0.109892, -0.219625, -0.204767, 0.132022, -0.969864, 0.135575, 0.985136, 0.105494),

      ["UpperTorso"] = CFrame.new(0.000000, 0.000001, 0.000001, 0.879837, 0.113301, -0.461574, 0.154860, 0.849829, 0.503794, 0.449340, -0.514736, 0.730165),

    }},

    {Time = 0.220, Data = {

      ["Head"] = CFrame.new(-0.000001, 0.000003, 0.000000, 0.925087, 0.109453, 0.363641, 0.179855, 0.717086, -0.673379, -0.334465, 0.688337, 0.643681),

      ["LeftFoot"] = CFrame.new(0.000000, 0.024556, -0.000003, 0.994491, -0.080182, -0.067515, 0.100573, 0.911391, 0.399083, 0.029530, -0.403654, 0.914426),

      ["LeftHand"] = CFrame.new(0.000489, 0.021637, -0.000000, 0.985697, 0.145284, -0.085410, -0.159459, 0.968023, -0.193660, 0.054543, 0.204508, 0.977344),

      ["LeftLowerArm"] = CFrame.new(-0.000500, 0.105673, 0.050495, 1.000000, -0.000000, -0.000000, 0.000000, 0.479697, -0.877434, 0.000000, 0.877434, 0.479697),

      ["LeftLowerLeg"] = CFrame.new(-0.000001, 0.103041, -0.040751, 1.000000, -0.000000, -0.000000, 0.000000, 0.579822, 0.814750, -0.000000, -0.814743, 0.579812),

      ["LeftUpperArm"] = CFrame.new(0.044321, -0.335927, -0.199642, 0.315599, 0.773663, -0.549403, -0.940627, 0.331330, -0.073758, 0.124969, 0.540062, 0.832296),

      ["LeftUpperLeg"] = CFrame.new(0.000000, -0.000001, -0.000096, 0.995342, 0.051613, -0.081432, 0.000422, 0.842301, 0.539027, 0.096411, -0.536530, 0.838343),

      ["LowerTorso"] = CFrame.new(0.904436, -0.692627, 30.243690, 0.922386, -0.345982, -0.171759, 0.377426, 0.901870, 0.210191, 0.082182, -0.258703, 0.962455),

      ["RightFoot"] = CFrame.new(-0.000001, 0.020172, -0.000099, 0.997487, 0.054196, 0.045634, -0.069309, 0.879990, 0.469930, -0.014687, -0.471890, 0.881524),

      ["RightHand"] = CFrame.new(-0.000486, 0.018793, -0.000000, 0.993739, -0.096141, 0.056911, 0.091706, 0.992883, 0.075990, -0.063811, -0.070294, 0.995483),

      ["RightLowerArm"] = CFrame.new(0.000000, 0.094169, 0.036399, 1.000000, 0.000000, 0.000000, -0.000000, 0.625933, -0.779876, -0.000000, 0.779877, 0.625934),

      ["RightLowerLeg"] = CFrame.new(0.000001, 0.089221, -0.029251, 1.000000, 0.000000, -0.000000, -0.000000, 0.700461, 0.713694, 0.000000, -0.713691, 0.700458),

      ["RightUpperArm"] = CFrame.new(0.087022, -0.123210, 0.027728, 0.962298, -0.171291, 0.211288, 0.226121, 0.935519, -0.271427, -0.151171, 0.308970, 0.938981),

      ["RightUpperLeg"] = CFrame.new(-0.000000, 0.000000, -0.000002, 0.966253, -0.035872, -0.255086, -0.245283, 0.174359, -0.953640, 0.078685, 0.984029, 0.159694),

      ["UpperTorso"] = CFrame.new(-0.000000, -0.000000, -0.000000, 0.917660, 0.084768, -0.388220, 0.139279, 0.846388, 0.514032, 0.372158, -0.525778, 0.764889),

    }},

    {Time = 0.240, Data = {

      ["Head"] = CFrame.new(0.000001, -0.000000, -0.000001, 0.925205, 0.159588, 0.344278, 0.125333, 0.727836, -0.674200, -0.358173, 0.666923, 0.653396),

      ["LeftFoot"] = CFrame.new(0.000001, 0.027844, -0.000003, 0.996532, -0.063653, -0.053598, 0.076099, 0.957697, 0.277554, 0.033661, -0.280651, 0.959214),

      ["LeftHand"] = CFrame.new(0.000486, 0.019708, -0.000001, 0.990074, 0.121108, -0.071317, -0.135589, 0.956623, -0.257856, 0.036994, 0.264964, 0.963548),

      ["LeftLowerArm"] = CFrame.new(-0.000500, 0.097533, 0.040046, 1.000000, -0.000000, 0.000000, -0.000000, 0.588113, -0.808779, 0.000000, 0.808779, 0.588113),

      ["LeftLowerLeg"] = CFrame.new(0.000000, 0.113868, -0.054805, 1.000000, -0.000000, -0.000000, 0.000000, 0.433765, 0.901033, -0.000000, -0.901026, 0.433751),

      ["LeftUpperArm"] = CFrame.new(0.001584, -0.342179, -0.157652, 0.211032, 0.801504, -0.559514, -0.959405, 0.279406, 0.038391, 0.187101, 0.528700, 0.827931),

      ["LeftUpperLeg"] = CFrame.new(0.000000, 0.000001, -0.000100, 0.996372, 0.069303, -0.049392, -0.035846, 0.868151, 0.495026, 0.077186, -0.491438, 0.867473),

      ["LowerTorso"] = CFrame.new(0.978187, -0.727602, 29.799788, 0.901108, -0.380136, -0.208570, 0.419448, 0.886103, 0.197193, 0.109854, -0.265177, 0.957921),

      ["RightFoot"] = CFrame.new(0.000000, 0.022241, -0.000104, 0.993819, 0.084921, 0.071506, -0.104393, 0.934004, 0.341687, -0.037767, -0.347023, 0.937090),

      ["RightHand"] = CFrame.new(-0.000487, 0.018292, -0.000001, 0.999858, -0.014233, 0.008990, 0.015043, 0.995110, -0.097618, -0.007557, 0.097739, 0.995183),

      ["RightLowerArm"] = CFrame.new(-0.000000, 0.092432, 0.034801, 1.000000, 0.000000, 0.000000, -0.000000, 0.642535, -0.766256, -0.000000, 0.766257, 0.642535),

      ["RightLowerLeg"] = CFrame.new(0.000000, 0.094995, -0.033560, 1.000000, 0.000000, 0.000000, -0.000000, 0.655634, 0.755084, 0.000000, -0.755079, 0.655628),

      ["RightUpperArm"] = CFrame.new(0.087462, -0.100762, 0.034004, 0.965792, -0.094349, 0.241547, 0.181116, 0.912048, -0.367920, -0.185590, 0.399082, 0.897937),

      ["RightUpperLeg"] = CFrame.new(0.000001, 0.000000, 0.000004, 0.956507, 0.001268, -0.291707, -0.284084, 0.231198, -0.930503, 0.066261, 0.972906, 0.221521),

      ["UpperTorso"] = CFrame.new(0.000000, 0.000000, 0.000002, 0.942864, 0.066311, -0.326513, 0.128903, 0.831078, 0.541012, 0.307233, -0.552188, 0.775046),

    }},

    {Time = 0.260, Data = {

      ["Head"] = CFrame.new(0.000002, -0.000003, 0.000001, 0.926353, 0.209907, 0.312745, 0.061706, 0.734525, -0.675771, -0.371568, 0.645300, 0.667477),

      ["LeftFoot"] = CFrame.new(0.000000, 0.030257, -0.000003, 0.997221, -0.056991, -0.047987, 0.063542, 0.986883, 0.148424, 0.038897, -0.151044, 0.987759),

      ["LeftHand"] = CFrame.new(0.000487, 0.018971, -0.000001, 0.991974, 0.108937, -0.064195, -0.123779, 0.940304, -0.317032, 0.025826, 0.322431, 0.946240),

      ["LeftLowerArm"] = CFrame.new(-0.000501, 0.094331, 0.036644, 1.000000, -0.000000, -0.000000, 0.000000, 0.623362, -0.781933, 0.000000, 0.781934, 0.623362),

      ["LeftLowerLeg"] = CFrame.new(-0.000001, 0.121447, -0.070673, 1.000000, -0.000000, -0.000000, 0.000000, 0.268695, 0.963230, -0.000000, -0.963225, 0.268679),

      ["LeftUpperArm"] = CFrame.new(-0.052291, -0.346386, -0.113558, 0.111456, 0.839525, -0.531766, -0.964326, 0.220656, 0.146242, 0.240110, 0.496496, 0.834169),

      ["LeftUpperLeg"] = CFrame.new(0.000000, 0.000000, -0.000104, 0.993177, 0.106565, -0.047363, -0.075023, 0.894817, 0.440107, 0.089282, -0.433527, 0.896695),

      ["LowerTorso"] = CFrame.new(1.038762, -0.750281, 29.331940, 0.883946, -0.413564, -0.218184, 0.453951, 0.870886, 0.188380, 0.112106, -0.265563, 0.957554),

      ["RightFoot"] = CFrame.new(0.000001, 0.024440, -0.000102, 0.987370, 0.121193, 0.102049, -0.138566, 0.972860, 0.185327, -0.076812, -0.197117, 0.977364),

      ["RightHand"] = CFrame.new(-0.000487, 0.020146, -0.000002, 0.996495, 0.072470, -0.041784, -0.079714, 0.974101, -0.211600, 0.025366, 0.214187, 0.976463),

      ["RightLowerArm"] = CFrame.new(0.000001, 0.100139, 0.043004, 1.000000, 0.000000, 0.000000, -0.000000, 0.557460, -0.830204, -0.000000, 0.830204, 0.557460),

      ["RightLowerLeg"] = CFrame.new(-0.000001, 0.101601, -0.039488, 1.000000, 0.000000, 0.000000, -0.000000, 0.593932, 0.804521, 0.000000, -0.804515, 0.593924),

      ["RightUpperArm"] = CFrame.new(0.087890, -0.078702, 0.042367, 0.964075, -0.030738, 0.263848, 0.137864, 0.906930, -0.398084, -0.227054, 0.420158, 0.878586),

      ["RightUpperLeg"] = CFrame.new(-0.000000, 0.000000, -0.000006, 0.945763, 0.012520, -0.324618, -0.312748, 0.305393, -0.899395, 0.087874, 0.952144, 0.292765),

      ["UpperTorso"] = CFrame.new(-0.000000, 0.000000, -0.000002, 0.959443, 0.052953, -0.276885, 0.121705, 0.808142, 0.576277, 0.254278, -0.586603, 0.768921),

    }},

    {Time = 0.280, Data = {

      ["Head"] = CFrame.new(-0.000000, 0.000000, 0.000001, 0.929471, 0.250403, 0.270890, -0.001176, 0.736338, -0.676613, -0.368893, 0.628574, 0.684699),

      ["LeftFoot"] = CFrame.new(0.000001, 0.031845, -0.000002, 0.996652, -0.062543, -0.052663, 0.063759, 0.997729, 0.021738, 0.051180, -0.025012, 0.998376),

      ["LeftHand"] = CFrame.new(0.000491, 0.019609, -0.000000, 0.993606, 0.097264, -0.057334, -0.111118, 0.932394, -0.343941, 0.020005, 0.348110, 0.937239),

      ["LeftLowerArm"] = CFrame.new(-0.000497, 0.097055, 0.039507, 1.000000, -0.000000, -0.000000, 0.000000, 0.593723, -0.804669, 0.000000, 0.804670, 0.593723),

      ["LeftLowerLeg"] = CFrame.new(0.000002, 0.125303, -0.086784, 1.000000, -0.000000, -0.000000, 0.000000, 0.101025, 0.994886, -0.000000, -0.994884, 0.101010),

      ["LeftUpperArm"] = CFrame.new(-0.100537, -0.351706, -0.071283, 0.055038, 0.883047, -0.466046, -0.960055, 0.175048, 0.218295, 0.274345, 0.435416, 0.857408),

      ["LeftUpperLeg"] = CFrame.new(0.000001, -0.000000, -0.000101, 0.986271, 0.147944, -0.073364, -0.110463, 0.921299, 0.372860, 0.122752, -0.359613, 0.924983),

      ["LowerTorso"] = CFrame.new(1.097130, -0.758759, 28.863945, 0.873246, -0.439402, -0.210634, 0.476912, 0.859386, 0.184419, 0.099982, -0.261497, 0.960012),

      ["RightFoot"] = CFrame.new(-0.000002, 0.026306, -0.000104, 0.977100, 0.162769, 0.137056, -0.165169, 0.986246, 0.006247, -0.134144, -0.028741, 0.990544),

      ["RightHand"] = CFrame.new(-0.000485, 0.022415, -0.000000, 0.987291, 0.137402, -0.079861, -0.154051, 0.950902, -0.268430, 0.039056, 0.277319, 0.959983),

      ["RightLowerArm"] = CFrame.new(-0.000001, 0.109519, 0.056667, 1.000000, 0.000000, 0.000000, -0.000000, 0.415658, -0.909521, -0.000000, 0.909521, 0.415658),

      ["RightLowerLeg"] = CFrame.new(-0.000000, 0.107603, -0.046180, 1.000000, 0.000000, 0.000000, -0.000000, 0.524382, 0.851489, 0.000000, -0.851483, 0.524372),

      ["RightUpperArm"] = CFrame.new(0.091082, -0.066771, 0.058764, 0.950699, 0.018219, 0.309580, 0.116006, 0.904904, -0.409502, -0.287601, 0.425226, 0.858177),

      ["RightUpperLeg"] = CFrame.new(0.000001, -0.000001, 0.000001, 0.937255, 0.006457, -0.348585, -0.322027, 0.399191, -0.858447, 0.133609, 0.916845, 0.376242),

      ["UpperTorso"] = CFrame.new(0.000000, -0.000001, -0.000000, 0.970241, 0.041148, -0.238620, 0.117189, 0.782561, 0.611445, 0.211894, -0.621213, 0.754450),

    }},

    {Time = 0.300, Data = {

      ["Head"] = CFrame.new(0.000000, 0.000001, -0.000000, 0.937028, 0.270947, 0.220380, -0.053376, 0.734683, -0.676308, -0.345153, 0.621956, 0.702880),

      ["LeftFoot"] = CFrame.new(-0.000001, 0.032863, -0.000000, 0.994248, -0.081932, -0.068989, 0.075548, 0.993022, -0.090554, 0.075922, 0.084826, 0.993499),

      ["LeftHand"] = CFrame.new(0.000490, 0.021260, -0.000001, 0.997040, 0.066179, -0.039127, -0.075210, 0.945111, -0.317977, 0.015936, 0.319977, 0.947291),

      ["LeftLowerArm"] = CFrame.new(-0.000503, 0.103911, 0.047895, 1.000000, -0.000000, -0.000000, 0.000000, 0.506675, -0.862137, 0.000000, 0.862137, 0.506675),

      ["LeftLowerLeg"] = CFrame.new(0.000001, 0.126033, -0.101679, 1.000000, -0.000000, -0.000000, 0.000000, -0.053999, 0.998540, -0.000000, -0.998541, -0.054012),

      ["LeftUpperArm"] = CFrame.new(-0.125822, -0.364291, -0.035909, 0.081059, 0.921736, -0.379252, -0.957215, 0.178042, 0.228125, 0.277793, 0.344534, 0.896731),

      ["LeftUpperLeg"] = CFrame.new(0.000000, -0.000001, -0.000098, 0.976593, 0.177771, -0.121085, -0.137227, 0.948451, 0.285695, 0.165632, -0.262368, 0.950640),

      ["LowerTorso"] = CFrame.new(1.167080, -0.751131, 28.427689, 0.870968, -0.450758, -0.195529, 0.484119, 0.855261, 0.184817, 0.083921, -0.255629, 0.963126),

      ["RightFoot"] = CFrame.new(-0.000002, 0.027640, -0.000103, 0.961564, 0.210043, 0.176863, -0.176557, 0.966243, -0.187631, -0.210289, 0.149184, 0.966185),

      ["RightHand"] = CFrame.new(-0.000484, 0.023780, -0.000002, 0.982072, 0.162895, -0.094867, -0.183636, 0.940378, -0.286300, 0.042573, 0.298586, 0.953432),

      ["RightLowerArm"] = CFrame.new(0.000001, 0.115278, 0.069659, 1.000000, 0.000000, 0.000000, -0.000000, 0.280774, -0.959774, -0.000000, 0.959774, 0.280774),

      ["RightLowerLeg"] = CFrame.new(-0.000000, 0.112266, -0.052681, 1.000000, 0.000000, 0.000000, -0.000000, 0.456816, 0.889567, 0.000000, -0.889561, 0.456804),

      ["RightUpperArm"] = CFrame.new(0.101271, -0.081858, 0.085273, 0.916310, 0.044560, 0.397983, 0.149468, 0.883923, -0.443101, -0.371531, 0.465504, 0.803288),

      ["RightUpperLeg"] = CFrame.new(-0.000000, 0.000000, 0.000000, 0.933107, -0.013230, -0.359358, -0.302480, 0.511550, -0.804241, 0.194469, 0.859151, 0.473348),

      ["UpperTorso"] = CFrame.new(0.000000, -0.000000, 0.000002, 0.977185, 0.028175, -0.210512, 0.115708, 0.760538, 0.638901, 0.178103, -0.648682, 0.739926),

    }},

    {Time = 0.320, Data = {

      ["Head"] = CFrame.new(0.000000, -0.000002, 0.000002, 0.950639, 0.264051, 0.162983, -0.087508, 0.732055, -0.675602, -0.297705, 0.627991, 0.719026),

      ["LeftFoot"] = CFrame.new(0.000000, 0.033603, -0.000002, 0.989495, -0.110587, -0.093118, 0.091505, 0.977739, -0.188825, 0.111920, 0.178318, 0.977586),

      ["LeftHand"] = CFrame.new(0.000488, 0.022830, 0.000000, 0.999997, 0.001771, -0.001470, -0.002049, 0.975863, -0.218377, 0.001048, 0.218378, 0.975863),

      ["LeftLowerArm"] = CFrame.new(-0.000503, 0.111315, 0.060546, 1.000000, -0.000000, -0.000000, 0.000000, 0.375446, -0.926844, 0.000000, 0.926845, 0.375446),

