return {
  ["poodle hanging around"] = {
    {Time = 0.000, Data = {
      ["Head"] = CFrame.new(0.000000, -0.000000, -0.000000, 1.000000, 0.000000, -0.000000, -0.000000, 1.000000, 0.000000, 0.000000, -0.000000, 1.000000),
      ["LeftFoot"] = CFrame.new(0.000000, 0.009560, -0.000003, 0.999942, -0.008248, -0.006945, 0.007370, 0.992958, -0.118250, 0.007871, 0.118183, 0.992960),
      ["LeftHand"] = CFrame.new(0.000500, 0.000100, 0.000000, 1.000000, -0.000000, 0.000000, 0.000000, 1.000000, 0.000001, -0.000000, -0.000000, 1.000000),
      ["LeftLowerArm"] = CFrame.new(-0.000500, 0.040707, 0.008660, 1.000000, -0.000000, -0.000000, 0.000000, 0.912991, -0.407981, 0.000000, 0.407981, 0.912991),
      ["LeftLowerLeg"] = CFrame.new(-0.000000, 0.046380, -0.006893, 1.000000, -0.000000, -0.000000, 0.000000, 0.928942, 0.370215, -0.000000, -0.370225, 0.928946),
      ["LeftUpperArm"] = CFrame.new(0.000000, -0.000000, -0.000000, 0.973143, -0.073331, -0.218208, -0.007093, 0.937903, -0.346824, 0.230091, 0.339058, 0.912194),
      ["LeftUpperLeg"] = CFrame.new(-0.000000, 0.000000, -0.000100, 0.969386, 0.101102, 0.223764, -0.002306, 0.915004, -0.403424, -0.245532, 0.390571, 0.887231),
      ["LowerTorso"] = CFrame.new(0.000000, -0.074773, 0.000000, 0.971342, 0.004776, -0.237639, 0.031991, 0.988074, 0.150624, 0.235524, -0.153909, 0.959604),
      ["RightFoot"] = CFrame.new(0.000000, 0.007254, -0.000103, 0.999424, -0.025971, -0.021869, 0.024767, 0.998253, -0.053647, 0.023222, 0.053074, 0.998321),
      ["RightHand"] = CFrame.new(-0.000500, -0.000000, 0.000000, 1.000000, -0.000000, -0.000000, -0.000000, 1.000000, 0.000001, 0.000000, -0.000000, 1.000000),
      ["RightLowerArm"] = CFrame.new(-0.000000, 0.043538, 0.009927, 1.000000, 0.000000, 0.000000, -0.000000, 0.900294, -0.435282, -0.000000, 0.435282, 0.900294),
      ["RightLowerLeg"] = CFrame.new(0.000000, 0.032457, -0.003251, 1.000000, 0.000000, -0.000000, -0.000000, 0.966863, 0.255283, 0.000000, -0.255297, 0.966867),
      ["RightUpperArm"] = CFrame.new(-0.000000, -0.000000, -0.000000, 0.960986, -0.112417, 0.252720, 0.119364, 0.992775, -0.012275, -0.249514, 0.041961, 0.967462),
      ["RightUpperLeg"] = CFrame.new(0.000000, 0.000000, -0.000000, 0.998831, 0.043391, 0.021303, -0.033156, 0.935685, -0.351263, -0.035175, 0.350158, 0.936035),
      ["UpperTorso"] = CFrame.new(0.000000, 0.000000, 0.000000, 1.000000, 0.000000, 0.000000, 0.000000, 1.000000, 0.000000, -0.000000, 0.000000, 1.000000),
    }},
    {Time = 0.017, Data = {
      ["Head"] = CFrame.new(0.000000, 0.000000, -0.000000, 0.999928, 0.009133, -0.007808, -0.009144, 0.999957, -0.001392, 0.007795, 0.001463, 0.999969),
      ["LeftFoot"] = CFrame.new(0.000000, 0.008925, -0.000003, 0.999501, -0.024173, -0.020354, 0.021363, 0.991483, -0.128480, 0.023285, 0.127973, 0.991503),
      ["LeftHand"] = CFrame.new(0.000500, 0.000100, -0.000000, 1.000000, 0.000000, 0.000000, -0.000000, 1.000000, 0.000001, -0.000000, -0.000000, 1.000000),
      ["LeftLowerArm"] = CFrame.new(-0.000500, 0.041309, 0.008931, 1.000000, -0.000000, -0.000000, 0.000000, 0.910276, -0.414002, 0.000000, 0.414002, 0.910276),
      ["LeftLowerLeg"] = CFrame.new(0.000000, 0.042858, -0.005781, 1.000000, -0.000000, 0.000000, 0.000000, 0.940222, 0.340551, -0.000000, -0.340562, 0.940226),
      ["LeftUpperArm"] = CFrame.new(-0.000000, -0.000000, 0.000000, 0.968838, -0.067872, -0.238215, -0.020422, 0.936563, -0.349902, 0.246852, 0.343864, 0.905992),
      ["LeftUpperLeg"] = CFrame.new(0.000000, -0.000000, -0.000100, 0.964608, 0.103669, 0.242456, -0.004487, 0.925794, -0.377988, -0.263650, 0.363535, 0.893499),
      ["LowerTorso"] = CFrame.new(-0.005460, -0.080596, 0.005499, 0.976487, 0.002262, -0.215567, 0.030975, 0.988098, 0.150678, 0.213342, -0.153812, 0.964794),
      ["RightFoot"] = CFrame.new(0.000000, 0.007754, -0.000103, 0.999598, -0.021692, -0.018265, 0.020456, 0.997652, -0.065357, 0.019639, 0.064955, 0.997695),
      ["RightHand"] = CFrame.new(-0.000500, -0.000000, 0.000000, 1.000000, -0.000000, -0.000000, 0.000000, 1.000000, 0.000001, 0.000000, -0.000000, 1.000000),
      ["RightLowerArm"] = CFrame.new(-0.000000, 0.043799, 0.010053, 1.000000, 0.000000, 0.000000, -0.000000, 0.899031, -0.437885, -0.000000, 0.437885, 0.899031),
      ["RightLowerLeg"] = CFrame.new(0.000000, 0.035141, -0.003860, 1.000000, 0.000000, -0.000000, -0.000000, 0.960694, 0.277595, 0.000000, -0.277608, 0.960698),
      ["RightUpperArm"] = CFrame.new(0.000000, -0.000000, -0.000000, 0.960717, -0.100641, 0.258640, 0.111123, 0.993461, -0.026196, -0.254312, 0.053908, 0.965619),
      ["RightUpperLeg"] = CFrame.new(0.000000, -0.000000, -0.000000, 0.999046, 0.038936, 0.019773, -0.029192, 0.932216, -0.360712, -0.032478, 0.359803, 0.932468),
      ["UpperTorso"] = CFrame.new(-0.000000, -0.000000, 0.000000, 0.999997, -0.001876, 0.001373, 0.001856, 0.999897, 0.014260, -0.001399, -0.014258, 0.999897),
    }},
    {Time = 0.033, Data = {
      ["Head"] = CFrame.new(-0.000000, 0.000000, 0.000000, 0.999006, 0.033671, -0.029220, -0.033821, 0.999417, -0.004674, 0.029046, 0.005658, 0.999562),
      ["LeftFoot"] = CFrame.new(0.000000, 0.007280, -0.000003, 0.996204, -0.066593, -0.056073, 0.057459, 0.986838, -0.151167, 0.065398, 0.147364, 0.986917),
      ["LeftHand"] = CFrame.new(0.000500, 0.000100, 0.000000, 1.000000, -0.000000, 0.000000, 0.000000, 1.000000, 0.000001, -0.000000, -0.000000, 1.000000),
      ["LeftLowerArm"] = CFrame.new(-0.000500, 0.042997, 0.009715, 1.000000, -0.000000, -0.000000, 0.000000, 0.902413, -0.430871, 0.000000, 0.430871, 0.902413),
      ["LeftLowerLeg"] = CFrame.new(0.000000, 0.033866, -0.003419, 1.000000, -0.000000, -0.000000, 0.000000, 0.964157, 0.265319, -0.000000, -0.265334, 0.964161),
      ["LeftUpperArm"] = CFrame.new(-0.000000, 0.000000, 0.000000, 0.955384, -0.053482, -0.290485, -0.056021, 0.932809, -0.355990, 0.290006, 0.356380, 0.888195),
      ["LeftUpperLeg"] = CFrame.new(-0.000000, 0.000000, -0.000100, 0.950034, 0.109259, 0.292402, -0.011796, 0.948637, -0.316135, -0.311924, 0.296902, 0.902530),
      ["LowerTorso"] = CFrame.new(-0.018718, -0.095850, 0.020338, 0.988067, -0.004564, -0.153956, 0.028385, 0.987836, 0.152886, 0.151386, -0.155432, 0.976178),
      ["RightFoot"] = CFrame.new(0.000000, 0.008944, -0.000103, 0.999905, -0.010571, -0.008901, 0.009673, 0.995381, -0.095521, 0.009870, 0.095420, 0.995388),
      ["RightHand"] = CFrame.new(-0.000500, 0.000000, -0.000000, 1.000000, 0.000000, -0.000000, -0.000000, 1.000000, 0.000001, 0.000000, -0.000000, 1.000000),
      ["RightLowerArm"] = CFrame.new(0.000000, 0.044558, 0.010426, 1.000000, 0.000000, 0.000000, -0.000000, 0.895294, -0.445476, -0.000000, 0.445475, 0.895294),
      ["RightLowerLeg"] = CFrame.new(-0.000000, 0.041651, -0.005583, 1.000000, 0.000000, -0.000000, -0.000000, 0.943244, 0.332089, 0.000000, -0.332101, 0.943248),
      ["RightUpperArm"] = CFrame.new(0.000001, 0.000000, 0.000000, 0.958928, -0.068671, 0.275210, 0.089769, 0.993852, -0.064799, -0.269068, 0.086843, 0.959198),
      ["RightUpperLeg"] = CFrame.new(0.000000, 0.000000, -0.000000, 0.999495, 0.027234, 0.016395, -0.018851, 0.923079, -0.384134, -0.025596, 0.383644, 0.923132),
      ["UpperTorso"] = CFrame.new(-0.000000, -0.000000, 0.000000, 0.999963, -0.007043, 0.004956, 0.006771, 0.998578, 0.052887, -0.005321, -0.052851, 0.998588),
    }},
    {Time = 0.050, Data = {
      ["Head"] = CFrame.new(0.000000, -0.000000, 0.000000, 0.995720, 0.069248, -0.061207, -0.069882, 0.997521, -0.008268, 0.060483, 0.012510, 0.998091),
      ["LeftFoot"] = CFrame.new(0.000000, 0.004954, -0.000003, 0.985633, -0.129204, -0.108794, 0.109089, 0.978685, -0.174002, 0.128948, 0.159629, 0.978717),
      ["LeftHand"] = CFrame.new(0.000500, 0.000100, -0.000000, 1.000000, 0.000000, 0.000000, 0.000000, 1.000000, 0.000001, -0.000000, -0.000000, 1.000000),
      ["LeftLowerArm"] = CFrame.new(-0.000500, 0.045581, 0.010992, 1.000000, -0.000000, -0.000000, 0.000000, 0.889625, -0.456692, 0.000000, 0.456692, 0.889625),
      ["LeftLowerLeg"] = CFrame.new(-0.000000, 0.021908, -0.001268, 1.000000, -0.000000, 0.000000, 0.000000, 0.985922, 0.167191, 0.000000, -0.167207, 0.985925),
      ["LeftUpperArm"] = CFrame.new(-0.000000, 0.000000, -0.000000, 0.931233, -0.033303, -0.362899, -0.107061, 0.926872, -0.359787, 0.348343, 0.373898, 0.859568),
      ["LeftUpperLeg"] = CFrame.new(0.000000, -0.000000, -0.000100, 0.923693, 0.116179, 0.365095, -0.026135, 0.969803, -0.242476, -0.382241, 0.214442, 0.898839),
      ["LowerTorso"] = CFrame.new(-0.035097, -0.117212, 0.042029, 0.998105, -0.015043, -0.059674, 0.024451, 0.986779, 0.160218, 0.056475, -0.161373, 0.985276),
      ["RightFoot"] = CFrame.new(0.000000, 0.010425, -0.000103, 0.999981, 0.004660, 0.003924, -0.004075, 0.990442, -0.137878, -0.004529, 0.137850, 0.990441),
      ["RightHand"] = CFrame.new(-0.000500, 0.000000, 0.000000, 1.000000, 0.000000, -0.000000, 0.000000, 1.000000, 0.000001, 0.000000, -0.000000, 1.000000),
      ["RightLowerArm"] = CFrame.new(-0.000000, 0.045782, 0.011044, 1.000000, 0.000000, 0.000000, -0.000000, 0.889101, -0.457712, -0.000000, 0.457712, 0.889101),
      ["RightLowerLeg"] = CFrame.new(0.000000, 0.049898, -0.008288, 1.000000, 0.000000, 0.000000, -0.000000, 0.915793, 0.401641, 0.000000, -0.401651, 0.915797),
      ["RightUpperArm"] = CFrame.new(0.000001, -0.000000, -0.000000, 0.953707, -0.021187, 0.299992, 0.060828, 0.990488, -0.123424, -0.294523, 0.135959, 0.945924),
      ["RightUpperLeg"] = CFrame.new(0.000000, -0.000000, -0.000000, 0.999859, 0.010548, 0.013051, -0.004189, 0.910009, -0.414553, -0.016250, 0.414454, 0.909932),
      ["UpperTorso"] = CFrame.new(-0.000000, 0.000000, -0.000000, 0.999841, -0.014858, 0.009857, 0.013689, 0.993887, 0.109553, -0.011424, -0.109400, 0.993932),
    }},
    {Time = 0.067, Data = {
      ["Head"] = CFrame.new(0.000000, 0.000000, 0.000000, 0.988674, 0.111387, -0.100583, -0.113016, 0.993536, -0.010630, 0.098749, 0.021877, 0.994872),
      ["LeftFoot"] = CFrame.new(0.000000, 0.002746, -0.000003, 0.965347, -0.199631, -0.168096, 0.166215, 0.966871, -0.193741, 0.201192, 0.159084, 0.966545),
      ["LeftHand"] = CFrame.new(0.000500, 0.000100, 0.000000, 1.000000, 0.000000, 0.000000, 0.000000, 1.000000, 0.000001, -0.000000, 0.000000, 1.000000),
      ["LeftLowerArm"] = CFrame.new(-0.000500, 0.048860, 0.012749, 1.000000, -0.000000, -0.000000, 0.000000, 0.872017, -0.489475, 0.000000, 0.489475, 0.872017),
      ["LeftLowerLeg"] = CFrame.new(0.000000, 0.011743, -0.000252, 1.000000, -0.000000, -0.000000, 0.000000, 0.996245, 0.086566, 0.000000, -0.086584, 0.996246),
      ["LeftUpperArm"] = CFrame.new(-0.000001, 0.000000, 0.000000, 0.896566, -0.010176, -0.442794, -0.165813, 0.919322, -0.356865, 0.410702, 0.393374, 0.822545),
      ["LeftUpperLeg"] = CFrame.new(0.000000, 0.000000, -0.000100, 0.887843, 0.127974, 0.441993, -0.046659, 0.980634, -0.190200, -0.457774, 0.148254, 0.876622),
      ["LowerTorso"] = CFrame.new(-0.049916, -0.141361, 0.068082, 0.997777, -0.029389, 0.059820, 0.018468, 0.984300, 0.175536, -0.064039, -0.174041, 0.982654),
      ["RightFoot"] = CFrame.new(0.000000, 0.011953, -0.000103, 0.999640, 0.020530, 0.017287, -0.016920, 0.982052, -0.187866, -0.020832, 0.187492, 0.982043),
      ["RightHand"] = CFrame.new(-0.000500, -0.000000, -0.000000, 1.000000, -0.000000, -0.000000, 0.000000, 1.000000, 0.000001, 0.000000, -0.000000, 1.000000),
      ["RightLowerArm"] = CFrame.new(-0.000000, 0.047434, 0.011912, 1.000000, 0.000000, 0.000000, -0.000000, 0.880404, -0.474224, -0.000000, 0.474224, 0.880404),
      ["RightLowerLeg"] = CFrame.new(-0.000000, 0.058398, -0.011738, 1.000000, 0.000000, -0.000000, -0.000000, 0.880711, 0.473647, 0.000000, -0.473653, 0.880715),
      ["RightUpperArm"] = CFrame.new(0.000002, -0.000001, -0.000000, 0.943124, 0.037148, 0.330359, 0.030420, 0.979924, -0.197035, -0.331046, 0.195878, 0.923060),
      ["RightUpperLeg"] = CFrame.new(0.000000, 0.000000, -0.000000, 0.999900, -0.008768, 0.011111, 0.012812, 0.894340, -0.447189, -0.006015, 0.447302, 0.894371),
      ["UpperTorso"] = CFrame.new(0.000000, -0.000000, -0.000000, 0.999582, -0.024614, 0.015178, 0.021531, 0.983870, 0.177583, -0.019305, -0.177182, 0.983989),
    }},
    {Time = 0.083, Data = {
      ["Head"] = CFrame.new(-0.000000, -0.000000, -0.000000, 0.977277, 0.155580, -0.143963, -0.158731, 0.987265, -0.010597, 0.140481, 0.033208, 0.989526),
      ["LeftFoot"] = CFrame.new(-0.000000, 0.002862, -0.000003, 0.942770, -0.255070, -0.214777, 0.206917, 0.952593, -0.223060, 0.261475, 0.165849, 0.950850),
      ["LeftHand"] = CFrame.new(0.000500, 0.000100, -0.000000, 1.000000, 0.000000, 0.000000, -0.000000, 1.000000, 0.000001, -0.000000, -0.000000, 1.000000),
      ["LeftLowerArm"] = CFrame.new(-0.000500, 0.052634, 0.014973, 1.000000, -0.000000, -0.000000, 0.000000, 0.849743, -0.527196, 0.000000, 0.527196, 0.849743),
      ["LeftLowerLeg"] = CFrame.new(0.000000, 0.012243, -0.000286, 1.000000, 0.000000, -0.000000, 0.000000, 0.995900, 0.090448, -0.000000, -0.090466, 0.995901),
      ["LeftUpperArm"] = CFrame.new(-0.000001, 0.000001, 0.000000, 0.855305, 0.013931, -0.517938, -0.223857, 0.911459, -0.345154, 0.467270, 0.411156, 0.782694),
      ["LeftUpperLeg"] = CFrame.new(0.000000, 0.000000, -0.000100, 0.857958, 0.160263, 0.488082, -0.069129, 0.977468, -0.199433, -0.509047, 0.137373, 0.849707),
      ["LowerTorso"] = CFrame.new(-0.058495, -0.164976, 0.096011, 0.979365, -0.048918, 0.196092, 0.008574, 0.979447, 0.201520, -0.201919, -0.195681, 0.959655),
      ["RightFoot"] = CFrame.new(-0.000000, 0.013398, -0.000103, 0.999094, 0.032551, 0.027409, -0.024977, 0.970054, -0.241619, -0.034451, 0.240697, 0.969984),
      ["RightHand"] = CFrame.new(-0.000500, 0.000000, 0.000000, 1.000000, -0.000000, -0.000000, 0.000000, 1.000000, 0.000001, 0.000000, -0.000000, 1.000000),
      ["RightLowerArm"] = CFrame.new(-0.000000, 0.049475, 0.013039, 1.000000, 0.000000, 0.000000, -0.000000, 0.869111, -0.494617, -0.000000, 0.494617, 0.869111),
      ["RightLowerLeg"] = CFrame.new(0.000000, 0.066259, -0.015584, 1.000000, 0.000000, 0.000000, -0.000000, 0.841513, 0.540234, 0.000000, -0.540237, 0.841515),
      ["RightUpperArm"] = CFrame.new(0.000002, -0.000001, -0.000000, 0.925777, 0.101378, 0.364224, 0.004989, 0.960019, -0.279891, -0.378037, 0.260934, 0.888258),
      ["RightUpperLeg"] = CFrame.new(0.000000, 0.000000, -0.000000, 0.999539, -0.028261, 0.011101, 0.030120, 0.876700, -0.480078, 0.003835, 0.480207, 0.877156),
      ["UpperTorso"] = CFrame.new(-0.000000, 0.000000, 0.000000, 0.999168, -0.035447, 0.020154, 0.029292, 0.967808, 0.249979, -0.028366, -0.249180, 0.968042),
    }},
    {Time = 0.100, Data = {
      ["Head"] = CFrame.new(0.000000, -0.000000, 0.000000, 0.962135, 0.197488, -0.187869, -0.202490, 0.979255, -0.007620, 0.182467, 0.045373, 0.982164),
      ["LeftFoot"] = CFrame.new(0.000000, 0.006376, -0.000003, 0.935216, -0.270856, -0.228068, 0.205886, 0.939987, -0.272106, 0.288065, 0.207512, 0.934850),
      ["LeftHand"] = CFrame.new(0.000500, 0.000100, -0.000000, 1.000000, -0.000000, 0.000000, 0.000000, 1.000000, 0.000001, -0.000000, -0.000000, 1.000000),
      ["LeftLowerArm"] = CFrame.new(-0.000500, 0.056703, 0.017630, 1.000000, -0.000000, -0.000000, 0.000000, 0.823128, -0.567856, 0.000000, 0.567856, 0.823128),
      ["LeftLowerLeg"] = CFrame.new(-0.000000, 0.029092, -0.002430, 1.000000, -0.000000, 0.000000, 0.000000, 0.974166, 0.225817, -0.000000, -0.225832, 0.974170),
      ["LeftUpperArm"] = CFrame.new(-0.000000, 0.000000, 0.000000, 0.815250, 0.038215, -0.577847, -0.273064, 0.905297, -0.325381, 0.510689, 0.423056, 0.748479),
      ["LeftUpperLeg"] = CFrame.new(0.000000, -0.000000, -0.000100, 0.858725, 0.221869, 0.461918, -0.090875, 0.953056, -0.288824, -0.504315, 0.206054, 0.838578),
      ["LowerTorso"] = CFrame.new(-0.056155, -0.184735, 0.123326, 0.937357, -0.076169, 0.339943, -0.008350, 0.970613, 0.240502, -0.348272, -0.228275, 0.909174),
      ["RightFoot"] = CFrame.new(0.000000, 0.014991, -0.000103, 0.998920, 0.035543, 0.029928, -0.025153, 0.955205, -0.294896, -0.039067, 0.293804, 0.955060),
      ["RightHand"] = CFrame.new(-0.000500, -0.000000, 0.000000, 1.000000, -0.000000, -0.000000, -0.000000, 1.000000, 0.000001, 0.000000, -0.000000, 1.000000),
      ["RightLowerArm"] = CFrame.new(-0.000000, 0.051861, 0.014438, 1.000000, 0.000000, 0.000000, -0.000000, 0.855097, -0.518469, -0.000000, 0.518469, 0.855097),
      ["RightLowerLeg"] = CFrame.new(0.000000, 0.073294, -0.019443, 1.000000, 0.000000, 0.000000, -0.000000, 0.802002, 0.597321, 0.000000, -0.597322, 0.802002),
      ["RightUpperArm"] = CFrame.new(0.000002, -0.000001, 0.000000, 0.901030, 0.166308, 0.400608, -0.009222, 0.930713, -0.365634, -0.433659, 0.325753, 0.840134),
      ["RightUpperLeg"] = CFrame.new(0.000000, -0.000000, -0.000000, 0.998862, -0.046006, 0.012581, 0.045923, 0.856451, -0.514164, 0.012879, 0.514174, 0.857600),
      ["UpperTorso"] = CFrame.new(0.000000, 0.000000, 0.000000, 0.998632, -0.046330, 0.024260, 0.036157, 0.946798, 0.319791, -0.037785, -0.318476, 0.947178),
    }},
    {Time = 0.117, Data = {
      ["Head"] = CFrame.new(0.000000, 0.000000, -0.000000, 0.945110, 0.233142, -0.228936, -0.239920, 0.970791, -0.001828, 0.221823, 0.056654, 0.973440),
      ["LeftFoot"] = CFrame.new(0.000000, 0.011390, -0.000003, 0.952883, -0.232044, -0.195386, 0.159974, 0.931647, -0.326275, 0.257725, 0.279626, 0.924862),
      ["LeftHand"] = CFrame.new(0.000500, 0.000100, -0.000000, 1.000000, 0.000000, 0.000000, 0.000000, 1.000000, 0.000001, -0.000000, -0.000000, 1.000000),
      ["LeftLowerArm"] = CFrame.new(-0.000500, 0.060876, 0.020664, 1.000000, -0.000000, -0.000000, 0.000000, 0.792750, -0.609546, 0.000000, 0.609546, 0.792750),
      ["LeftLowerLeg"] = CFrame.new(-0.000000, 0.056592, -0.010760, 1.000000, -0.000000, -0.000000, 0.000000, 0.889647, 0.456642, -0.000000, -0.456649, 0.889650),
      ["LeftUpperArm"] = CFrame.new(-0.000000, 0.000001, -0.000000, 0.786646, 0.062776, -0.614205, -0.306508, 0.903276, -0.300241, 0.535949, 0.424442, 0.729800),
      ["LeftUpperLeg"] = CFrame.new(0.000000, 0.000000, -0.000100, 0.899578, 0.276431, 0.338153, -0.114024, 0.896012, -0.429125, -0.421613, 0.347489, 0.837559),
      ["LowerTorso"] = CFrame.new(-0.038217, -0.197315, 0.147540, 0.868709, -0.114995, 0.481789, -0.036766, 0.955024, 0.294241, -0.493957, -0.273323, 0.825410),
      ["RightFoot"] = CFrame.new(-0.000000, 0.016936, -0.000103, 0.999482, 0.024629, 0.020738, -0.016021, 0.939136, -0.343196, -0.027926, 0.342663, 0.939035),
      ["RightHand"] = CFrame.new(-0.000500, 0.000000, -0.000000, 1.000000, 0.000000, -0.000000, 0.000000, 1.000000, 0.000001, 0.000000, -0.000000, 1.000000),
      ["RightLowerArm"] = CFrame.new(0.000000, 0.054549, 0.016123, 1.000000, 0.000000, 0.000000, -0.000000, 0.838224, -0.545327, -0.000000, 0.545327, 0.838223),
      ["RightLowerLeg"] = CFrame.new(0.000000, 0.079637, -0.023062, 1.000000, 0.000000, 0.000000, -0.000000, 0.764653, 0.644444, 0.000000, -0.644443, 0.764651),
      ["RightUpperArm"] = CFrame.new(0.000001, -0.000000, -0.000000, 0.868897, 0.226815, 0.439969, -0.006754, 0.894189, -0.447640, -0.494946, 0.385981, 0.778490),
      ["RightUpperLeg"] = CFrame.new(0.000000, 0.000000, -0.000000, 0.997983, -0.061912, 0.014007, 0.059297, 0.830536, -0.553783, 0.022653, 0.553514, 0.832543),
      ["UpperTorso"] = CFrame.new(-0.000000, 0.000000, 0.000000, 0.998051, -0.056133, 0.027266, 0.041558, 0.923797, 0.380621, -0.046554, -0.378746, 0.924329),
    }},
    {Time = 0.133, Data = {
      ["Head"] = CFrame.new(-0.000000, 0.000000, 0.000000, 0.929064, 0.259030, -0.264090, -0.266958, 0.963689, 0.006074, 0.256074, 0.064858, 0.964479),
      ["LeftFoot"] = CFrame.new(0.000000, 0.019236, -0.000003, 0.984209, -0.135409, -0.114017, 0.085579, 0.927798, -0.363159, 0.154950, 0.347644, 0.924725),
      ["LeftHand"] = CFrame.new(0.000500, 0.000100, 0.000000, 1.000000, 0.000000, 0.000000, 0.000000, 1.000000, 0.000001, -0.000000, -0.000000, 1.000000),
      ["LeftLowerArm"] = CFrame.new(-0.000500, 0.064976, 0.023986, 1.000000, -0.000000, -0.000000, 0.000000, 0.759494, -0.650514, 0.000000, 0.650514, 0.759494),
      ["LeftLowerLeg"] = CFrame.new(-0.000000, 0.087290, -0.027686, 1.000000, 0.000000, -0.000000, 0.000000, 0.715695, 0.698417, -0.000000, -0.698413, 0.715691),
      ["LeftUpperArm"] = CFrame.new(-0.000000, -0.000000, -0.000000, 0.780034, 0.087670, -0.619565, -0.318579, 0.907844, -0.272628, 0.538567, 0.410040, 0.736079),
      ["LeftUpperLeg"] = CFrame.new(0.000000, -0.000000, -0.000100, 0.956124, 0.260523, 0.134000, -0.139832, 0.807744, -0.572693, -0.257437, 0.528846, 0.808744),
      ["LowerTorso"] = CFrame.new(0.000000, -0.199396, 0.166164, 0.772552, -0.170722, 0.611569, -0.082680, 0.927927, 0.363478, -0.629545, -0.331371, 0.702756),
      ["RightFoot"] = CFrame.new(0.000000, 0.018822, -0.000103, 0.999992, -0.003117, -0.002625, 0.001874, 0.923705, -0.383124, 0.003619, 0.383091, 0.923693),
      ["RightHand"] = CFrame.new(-0.000500, 0.000000, -0.000000, 1.000000, 0.000000, -0.000000, -0.000000, 1.000000, 0.000001, 0.000000, -0.000000, 1.000000),
      ["RightLowerArm"] = CFrame.new(0.000000, 0.057490, 0.018107, 1.000000, 0.000000, 0.000000, 0.000000, 0.818356, -0.574712, -0.000000, 0.574712, 0.818356),
      ["RightLowerLeg"] = CFrame.new(0.000000, 0.085284, -0.026579, 1.000000, 0.000000, -0.000000, -0.000000, 0.728219, 0.685347, -0.000000, -0.685345, 0.728216),
      ["RightUpperArm"] = CFrame.new(-0.000000, -0.000000, 0.000000, 0.829565, 0.278139, 0.484212, 0.016678, 0.854397, -0.519353, -0.558161, 0.438912, 0.704139),
      ["RightUpperLeg"] = CFrame.new(0.000000, -0.000000, -0.000000, 0.996734, -0.079768, 0.012545, 0.070976, 0.791367, -0.607191, 0.038507, 0.606115, 0.794457),
      ["UpperTorso"] = CFrame.new(-0.000000, -0.000000, 0.000000, 0.997541, -0.063709, 0.029206, 0.045180, 0.903153, 0.426934, -0.053577, -0.424565, 0.903811),
    }},
    {Time = 0.150, Data = {
      ["Head"] = CFrame.new(0.000000, -0.000000, -0.000000, 0.916881, 0.272920, -0.291280, -0.280842, 0.959635, 0.015121, 0.283649, 0.067939, 0.956519),
      ["LeftFoot"] = CFrame.new(-0.000000, 0.027496, -0.000002, 0.999955, 0.007289, 0.006138, -0.004372, 0.923235, -0.384232, -0.008466, 0.384167, 0.923216),
      ["LeftHand"] = CFrame.new(0.000500, 0.000100, 0.000000, 1.000000, -0.000000, 0.000000, 0.000000, 1.000000, 0.000001, -0.000000, -0.000000, 1.000000),
      ["LeftLowerArm"] = CFrame.new(-0.000500, 0.068858, 0.027483, 1.000000, -0.000000, -0.000000, 0.000000, 0.724477, -0.689299, 0.000000, 0.689299, 0.724477),
      ["LeftLowerLeg"] = CFrame.new(-0.000000, 0.112661, -0.052885, 1.000000, -0.000000, -0.000000, 0.000000, 0.453698, 0.891162, -0.000000, -0.891156, 0.453685),
      ["LeftUpperArm"] = CFrame.new(0.000001, -0.000001, -0.000000, 0.801339, 0.111354, -0.587755, -0.306805, 0.919964, -0.244001, 0.513543, 0.375853, 0.771367),
      ["LeftUpperLeg"] = CFrame.new(-0.000000, 0.000000, -0.000100, 0.985693, 0.150357, -0.076162, -0.160627, 0.701094, -0.694726, -0.051061, 0.697037, 0.715231),
      ["LowerTorso"] = CFrame.new(0.061279, -0.188383, 0.177395, 0.650161, -0.249052, 0.717819, -0.153152, 0.882402, 0.444873, -0.744201, -0.399174, 0.535560),
      ["RightFoot"] = CFrame.new(-0.000000, 0.020653, -0.000103, 0.998223, -0.045587, -0.038385, 0.025762, 0.910897, -0.411854, 0.053736, 0.410108, 0.910441),
      ["RightHand"] = CFrame.new(-0.000500, 0.000000, -0.000000, 1.000000, -0.000000, -0.000000, -0.000000, 1.000000, 0.000001, 0.000000, -0.000000, 1.000000),
      ["RightLowerArm"] = CFrame.new(0.000000, 0.060623, 0.020394, 1.000000, 0.000000, 0.000000, -0.000000, 0.795450, -0.606019, -0.000000, 0.606019, 0.795450),
      ["RightLowerLeg"] = CFrame.new(0.000000, 0.090577, -0.030215, 1.000000, 0.000000, 0.000000, -0.000000, 0.690443, 0.723391, 0.000000, -0.723387, 0.690438),
      ["RightUpperArm"] = CFrame.new(-0.000002, 0.000000, -0.000000, 0.783172, 0.317251, 0.534783, 0.062534, 0.815504, -0.575363, -0.618652, 0.484050, 0.618841),
      ["RightUpperLeg"] = CFrame.new(-0.000000, -0.000000, -0.000000, 0.993919, -0.109989, 0.005250, 0.084101, 0.727461, -0.680960, 0.071079, 0.677276, 0.732302),
      ["UpperTorso"] = CFrame.new(-0.000000, 0.000000, -0.000000, 0.997211, -0.068212, 0.030298, 0.046977, 0.889042, 0.455409, -0.058000, -0.452715, 0.889767),
    }},
    {Time = 0.167, Data = {
      ["Head"] = CFrame.new(0.000000, -0.000000, -0.000000, 0.909243, 0.276346, -0.311303, -0.282948, 0.958816, 0.024724, 0.305314, 0.065603, 0.949989),
      ["LeftFoot"] = CFrame.new(-0.000000, 0.031099, -0.000002, 0.978182, 0.158922, 0.133817, -0.091998, 0.908844, -0.406883, -0.186270, 0.385677, 0.903626),
      ["LeftHand"] = CFrame.new(0.000500, 0.000100, -0.000000, 1.000000, 0.000000, 0.000000, -0.000000, 1.000000, 0.000001, -0.000000, -0.000000, 1.000000),
      ["LeftLowerArm"] = CFrame.new(-0.000500, 0.072430, 0.031051, 1.000000, -0.000000, -0.000000, 0.000000, 0.688770, -0.724980, 0.000000, 0.724980, 0.688770),
      ["LeftLowerLeg"] = CFrame.new(-0.000000, 0.123973, -0.079847, 1.000000, -0.000000, -0.000000, 0.000000, 0.173312, 0.984869, -0.000000, -0.984867, 0.173298),
      ["LeftUpperArm"] = CFrame.new(0.000002, -0.000002, -0.000001, 0.842730, 0.130391, -0.522308, -0.278353, 0.936003, -0.215448, 0.460789, 0.326950, 0.825092),
      ["LeftUpperLeg"] = CFrame.new(-0.000000, 0.000000, -0.000100, 0.979645, 0.020003, -0.199738, -0.169734, 0.613777, -0.771003, 0.107171, 0.789226, 0.604697),
      ["LowerTorso"] = CFrame.new(0.140823, -0.164589, 0.182173, 0.507393, -0.349946, 0.787458, -0.251400, 0.813956, 0.523711, -0.824227, -0.463694, 0.325019),
      ["RightFoot"] = CFrame.new(0.000000, 0.022504, -0.000102, 0.992694, -0.092305, -0.077722, 0.050126, 0.901336, -0.430235, 0.109759, 0.423171, 0.899365),
      ["RightHand"] = CFrame.new(-0.000500, 0.000000, 0.000000, 1.000000, 0.000000, -0.000000, 0.000000, 1.000000, 0.000001, 0.000000, -0.000000, 1.000000),
      ["RightLowerArm"] = CFrame.new(-0.000000, 0.063848, 0.022953, 1.000000, 0.000000, 0.000000, 0.000000, 0.769828, -0.638251, -0.000000, 0.638251, 0.769828),
      ["RightLowerLeg"] = CFrame.new(0.000000, 0.095792, -0.034226, 1.000000, 0.000000, 0.000000, -0.000000, 0.648715, 0.761036, 0.000000, -0.761031, 0.648709),
      ["RightUpperArm"] = CFrame.new(-0.000005, 0.000001, 0.000000, 0.731654, 0.346162, 0.587242, 0.124984, 0.778743, -0.614767, -0.670120, 0.523193, 0.526506),
      ["RightUpperLeg"] = CFrame.new(-0.000000, 0.000000, -0.000000, 0.985795, -0.167900, -0.004299, 0.103748, 0.628852, -0.770559, 0.132080, 0.759180, 0.637354),
      ["UpperTorso"] = CFrame.new(-0.000000, 0.000000, 0.000000, 0.997075, -0.069916, 0.030875, 0.047340, 0.882096, 0.468684, -0.060004, -0.465851, 0.882826),
    }},
    {Time = 0.183, Data = {
      ["Head"] = CFrame.new(-0.000000, 0.000000, -0.000000, 0.905716, 0.271493, -0.325531, -0.275491, 0.960677, 0.034714, 0.322154, 0.058240, 0.944894),
      ["LeftFoot"] = CFrame.new(-0.000000, 0.032559, -0.000001, 0.931837, 0.277589, 0.233737, -0.145514, 0.875868, -0.460106, -0.332424, 0.394714, 0.856545),
      ["LeftHand"] = CFrame.new(0.000500, 0.000100, 0.000000, 1.000000, 0.000000, 0.000000, 0.000000, 1.000000, 0.000001, -0.000000, -0.000000, 1.000000),
      ["LeftLowerArm"] = CFrame.new(-0.000500, 0.075624, 0.034571, 1.000000, -0.000000, -0.000000, 0.000000, 0.653532, -0.756899, 0.000000, 0.756899, 0.653532),
      ["LeftLowerLeg"] = CFrame.new(0.000000, 0.126049, -0.098523, 1.000000, -0.000000, -0.000000, 0.000000, -0.021034, 0.999778, -0.000000, -0.999779, -0.021047),
      ["LeftUpperArm"] = CFrame.new(0.000002, -0.000003, -0.000001, 0.891625, 0.141608, -0.430060, -0.242145, 0.951723, -0.188652, 0.382583, 0.272344, 0.882870),
      ["LeftUpperLeg"] = CFrame.new(0.000000, -0.000001, -0.000100, 0.971386, -0.009421, -0.237320, -0.185020, 0.596502, -0.780982, 0.148918, 0.802557, 0.577708),
      ["LowerTorso"] = CFrame.new(0.231939, -0.129054, 0.182124, 0.357256, -0.466296, 0.809281, -0.373130, 0.723064, 0.581337, -0.856237, -0.509653, 0.084330),
      ["RightFoot"] = CFrame.new(-0.000000, 0.024210, -0.000102, 0.985053, -0.131769, -0.110951, 0.070344, 0.895653, -0.439179, 0.157233, 0.424785, 0.891522),
      ["RightHand"] = CFrame.new(-0.000500, -0.000000, -0.000000, 1.000000, 0.000000, -0.000000, 0.000000, 1.000000, 0.000001, 0.000000, -0.000000, 1.000000),
      ["RightLowerArm"] = CFrame.new(0.000000, 0.067062, 0.025730, 1.000000, 0.000000, 0.000000, 0.000000, 0.742030, -0.670367, -0.000000, 0.670367, 0.742030),
      ["RightLowerLeg"] = CFrame.new(-0.000000, 0.100746, -0.038598, 1.000000, 0.000000, 0.000000, -0.000000, 0.603193, 0.797601, 0.000000, -0.797596, 0.603185),
      ["RightUpperArm"] = CFrame.new(-0.000007, 0.000001, 0.000000, 0.678781, 0.367300, 0.635883, 0.196020, 0.743877, -0.638924, -0.707695, 0.558335, 0.432931),
      ["RightUpperLeg"] = CFrame.new(0.000000, -0.000000, -0.000000, 0.964774, -0.263045, -0.004366, 0.129729, 0.490096, -0.861951, 0.228872, 0.831031, 0.506974),
      ["UpperTorso"] = CFrame.new(0.000000, -0.000000, 0.000000, 0.997104, -0.069380, 0.031146, 0.046625, 0.881235, 0.470373, -0.060081, -0.467559, 0.881918),
    }},
    {Time = 0.200, Data = {
      ["Head"] = CFrame.new(-0.000000, -0.000000, 0.000000, 0.905462, 0.260332, -0.335211, -0.260554, 0.964402, 0.045174, 0.335038, 0.046438, 0.941060),
      ["LeftFoot"] = CFrame.new(-0.000000, 0.032946, -0.000001, 0.918761, 0.302020, 0.254308, -0.132947, 0.843130, -0.521036, -0.371756, 0.444878, 0.814770),
      ["LeftHand"] = CFrame.new(0.000500, 0.000100, -0.000000, 1.000000, 0.000000, 0.000000, 0.000000, 1.000000, 0.000001, -0.000000, -0.000000, 1.000000),
      ["LeftLowerArm"] = CFrame.new(-0.000500, 0.078396, 0.037918, 1.000000, -0.000000, -0.000000, 0.000000, 0.620031, -0.784577, 0.000000, 0.784577, 0.620031),
      ["LeftLowerLeg"] = CFrame.new(0.000000, 0.126017, -0.102434, 1.000000, -0.000000, -0.000000, 0.000000, -0.061839, 0.998085, -0.000000, -0.998086, -0.061851),
      ["LeftUpperArm"] = CFrame.new(0.000002, -0.000004, -0.000000, 0.936135, 0.144520, -0.320571, -0.206171, 0.964085, -0.167434, 0.284860, 0.222834, 0.932309),
      ["LeftUpperLeg"] = CFrame.new(-0.000000, -0.000000, -0.000100, 0.964854, 0.134924, -0.225503, -0.258573, 0.640513, -0.723093, 0.046874, 0.756002, 0.652905),
      ["LowerTorso"] = CFrame.new(0.327932, -0.082821, 0.178874, 0.217802, -0.585107, 0.781161, -0.505986, 0.616723, 0.603018, -0.834590, -0.526595, -0.161733),
      ["RightFoot"] = CFrame.new(-0.000000, 0.025234, -0.000102, 0.978962, -0.156089, -0.131429, 0.084035, 0.895344, -0.437399, 0.185935, 0.417129, 0.889611),
      ["RightHand"] = CFrame.new(-0.000500, 0.000000, -0.000000, 1.000000, 0.000000, -0.000000, 0.000000, 1.000000, 0.000001, 0.000000, -0.000000, 1.000000),
      ["RightLowerArm"] = CFrame.new(0.000000, 0.070171, 0.028655, 1.000000, 0.000000, 0.000000, -0.000000, 0.712751, -0.701417, -0.000000, 0.701417, 0.712752),
      ["RightLowerLeg"] = CFrame.new(-0.000000, 0.104518, -0.042716, 1.000000, 0.000000, 0.000000, -0.000000, 0.560491, 0.828167, 0.000000, -0.828161, 0.560482),
      ["RightUpperArm"] = CFrame.new(-0.000008, 0.000002, 0.000000, 0.630015, 0.382343, 0.675940, 0.267652, 0.710168, -0.651171, -0.729002, 0.591164, 0.345082),
      ["RightUpperLeg"] = CFrame.new(0.000000, 0.000000, -0.000000, 0.920322, -0.390610, 0.020741, 0.155327, 0.316252, -0.935866, 0.358999, 0.864528, 0.351744),
      ["UpperTorso"] = CFrame.new(-0.000000, 0.000000, 0.000000, 0.997254, -0.067168, 0.031208, 0.045084, 0.884830, 0.463728, -0.058762, -0.461048, 0.885428),
    }},
    {Time = 0.217, Data = {
      ["Head"] = CFrame.new(0.000000, 0.000000, 0.000000, 0.907454, 0.244754, -0.341502, -0.240185, 0.969092, 0.056317, 0.344730, 0.030918, 0.938192),
      ["LeftFoot"] = CFrame.new(0.000000, 0.032065, -0.000001, 0.966234, 0.197109, 0.165970, -0.092119, 0.865761, -0.491928, -0.240638, 0.460007, 0.854670),
      ["LeftHand"] = CFrame.new(0.000500, 0.000100, -0.000000, 1.000000, 0.000000, 0.000000, 0.000000, 1.000000, 0.000001, -0.000000, -0.000000, 1.000000),
      ["LeftLowerArm"] = CFrame.new(-0.000500, 0.080710, 0.040959, 1.000000, -0.000000, -0.000000, 0.000000, 0.589606, -0.807691, 0.000000, 0.807691, 0.589606),
      ["LeftLowerLeg"] = CFrame.new(-0.000000, 0.125694, -0.090446, 1.000000, -0.000000, -0.000000, 0.000000, 0.062981, 0.998016, -0.000000, -0.998015, 0.062967),
      ["LeftUpperArm"] = CFrame.new(0.000003, -0.000004, -0.000000, 0.968068, 0.142577, -0.206197, -0.176784, 0.971442, -0.158265, 0.177744, 0.189663, 0.965627),
      ["LeftUpperLeg"] = CFrame.new(-0.000000, 0.000000, -0.000100, 0.907392, 0.394367, -0.145300, -0.387722, 0.652025, -0.651549, -0.162211, 0.647563, 0.744562),
      ["LowerTorso"] = CFrame.new(0.422111, -0.026929, 0.174046, 0.105503, -0.691774, 0.714365, -0.633372, 0.507066, 0.584572, -0.766622, -0.514133, -0.384653),
      ["RightFoot"] = CFrame.new(0.000000, 0.025891, -0.000102, 0.977151, -0.162592, -0.136904, 0.091233, 0.902582, -0.420763, 0.191968, 0.398635, 0.896781),
      ["RightHand"] = CFrame.new(-0.000500, 0.000000, 0.000000, 1.000000, 0.000000, -0.000000, 0.000000, 1.000000, 0.000001, 0.000000, -0.000000, 1.000000),
      ["RightLowerArm"] = CFrame.new(0.000000, 0.073089, 0.031643, 1.000000, 0.000000, 0.000000, -0.000000, 0.682839, -0.730569, -0.000000, 0.730569, 0.682839),
      ["RightLowerLeg"] = CFrame.new(-0.000000, 0.106431, -0.044835, 1.000000, 0.000000, -0.000000, -0.000000, 0.538415, 0.842686, 0.000000, -0.842680, 0.538405),
      ["RightUpperArm"] = CFrame.new(-0.000008, 0.000002, 0.000001, 0.592116, 0.392353, 0.703887, 0.332558, 0.676652, -0.656923, -0.734032, 0.623058, 0.270177),
      ["RightUpperLeg"] = CFrame.new(0.000000, 0.000000, -0.000000, 0.844356, -0.530103, 0.077787, 0.171700, 0.130171, -0.976509, 0.507525, 0.837882, 0.200945),
      ["UpperTorso"] = CFrame.new(-0.000000, 0.000000, 0.000000, 0.997474, -0.063848, 0.031126, 0.042936, 0.891053, 0.451865, -0.056585, -0.449387, 0.891543),
    }},
    {Time = 0.233, Data = {
      ["Head"] = CFrame.new(-0.000000, 0.000000, 0.000000, 0.910630, 0.226682, -0.345497, -0.216474, 0.973889, 0.068409, 0.351982, 0.012496, 0.935923),
      ["LeftFoot"] = CFrame.new(0.000000, 0.029856, -0.000002, 0.999128, 0.031937, 0.026892, -0.021750, 0.947943, -0.317711, -0.035635, 0.316834, 0.947806),
      ["LeftHand"] = CFrame.new(0.000500, 0.000100, -0.000000, 1.000000, -0.000000, 0.000000, 0.000000, 1.000000, 0.000001, -0.000000, -0.000000, 1.000000),
      ["LeftLowerArm"] = CFrame.new(-0.000500, 0.082547, 0.043555, 1.000000, -0.000000, -0.000000, 0.000000, 0.563621, -0.826034, 0.000000, 0.826034, 0.563621),
      ["LeftLowerLeg"] = CFrame.new(-0.000000, 0.120262, -0.067546, 1.000000, -0.000000, -0.000000, 0.000000, 0.301199, 0.953566, -0.000000, -0.953561, 0.301184),
      ["LeftUpperArm"] = CFrame.new(0.000002, -0.000002, -0.000000, 0.984662, 0.142674, -0.100424, -0.158243, 0.972723, -0.169616, 0.073485, 0.182906, 0.980380),
      ["LeftUpperLeg"] = CFrame.new(-0.000000, -0.000000, -0.000100, 0.807743, 0.589097, -0.022668, -0.475427, 0.628168, -0.615918, -0.348598, 0.508300, 0.787484),
      ["LowerTorso"] = CFrame.new(0.507781, 0.037581, 0.169268, 0.028576, -0.775737, 0.630410, -0.741206, 0.406697, 0.534051, -0.670669, -0.482525, -0.563359),
      ["RightFoot"] = CFrame.new(-0.000000, 0.025373, -0.000102, 0.979656, -0.153519, -0.129265, 0.092379, 0.916752, -0.388651, 0.178158, 0.368780, 0.912273),
      ["RightHand"] = CFrame.new(-0.000500, 0.000000, 0.000000, 1.000000, -0.000000, -0.000000, -0.000000, 1.000000, 0.000001, 0.000000, -0.000000, 1.000000),
      ["RightLowerArm"] = CFrame.new(-0.000000, 0.075747, 0.034598, 1.000000, 0.000000, 0.000000, 0.000000, 0.653268, -0.757127, -0.000000, 0.757127, 0.653268),
      ["RightLowerLeg"] = CFrame.new(-0.000000, 0.104928, -0.043162, 1.000000, 0.000000, 0.000000, -0.000000, 0.555843, 0.831293, 0.000000, -0.831287, 0.555834),
      ["RightUpperArm"] = CFrame.new(-0.000005, 0.000001, -0.000000, 0.572407, 0.397764, 0.717031, 0.384313, 0.642323, -0.663118, -0.724330, 0.655137, 0.214804),
      ["RightUpperLeg"] = CFrame.new(-0.000000, -0.000000, -0.000000, 0.738269, -0.656675, 0.154054, 0.174386, -0.034825, -0.984062, 0.651574, 0.753370, 0.088819),
      ["UpperTorso"] = CFrame.new(-0.000000, -0.000000, 0.000000, 0.997719, -0.059989, 0.030970, 0.040406, 0.898105, 0.437921, -0.054085, -0.435670, 0.898480),
    }},
    {Time = 0.250, Data = {
      ["Head"] = CFrame.new(-0.000000, -0.000000, 0.000000, 0.914005, 0.208131, -0.348249, -0.191590, 0.978069, 0.081700, 0.357615, -0.007953, 0.933835),
      ["LeftFoot"] = CFrame.new(0.000000, 0.025273, -0.000002, 0.991591, -0.098995, -0.083356, 0.092835, 0.992868, -0.074800, 0.090162, 0.066427, 0.993709),
      ["LeftHand"] = CFrame.new(0.000500, 0.000100, 0.000000, 1.000000, -0.000000, 0.000000, -0.000000, 1.000000, 0.000001, -0.000000, -0.000000, 1.000000),
      ["LeftLowerArm"] = CFrame.new(-0.000500, 0.083891, 0.045573, 1.000000, -0.000000, -0.000000, 0.000000, 0.543428, -0.839456, 0.000000, 0.839456, 0.543428),
      ["LeftLowerLeg"] = CFrame.new(-0.000000, 0.105418, -0.043381, 1.000000, -0.000000, -0.000000, 0.000000, 0.552525, 0.833503, -0.000000, -0.833496, 0.552516),
      ["LeftUpperArm"] = CFrame.new(-0.000000, -0.000000, 0.000000, 0.988046, 0.153276, -0.016466, -0.153280, 0.965415, -0.210901, -0.016430, 0.210904, 0.977369),
      ["LeftUpperLeg"] = CFrame.new(-0.000000, -0.000000, -0.000100, 0.752471, 0.655278, 0.066316, -0.506222, 0.639814, -0.578240, -0.421339, 0.401558, 0.813167),
      ["LowerTorso"] = CFrame.new(0.578249, 0.109668, 0.166163, -0.014603, -0.833072, 0.552972, -0.822594, 0.324409, 0.467009, -0.568441, -0.448052, -0.690017),
      ["RightFoot"] = CFrame.new(0.000000, 0.023272, -0.000102, 0.984518, -0.134088, -0.112903, 0.087839, 0.934780, -0.344216, 0.151686, 0.328948, 0.932077),
      ["RightHand"] = CFrame.new(-0.000500, 0.000000, 0.000000, 1.000000, 0.000000, -0.000000, -0.000000, 1.000000, 0.000001, 0.000000, -0.000000, 1.000000),
      ["RightLowerArm"] = CFrame.new(0.000000, 0.078091, 0.037411, 1.000000, 0.000000, 0.000000, 0.000000, 0.625108, -0.780538, -0.000000, 0.780538, 0.625108),
      ["RightLowerLeg"] = CFrame.new(-0.000000, 0.098068, -0.036183, 1.000000, 0.000000, 0.000000, -0.000000, 0.628353, 0.777934, 0.000000, -0.777929, 0.628346),
      ["RightUpperArm"] = CFrame.new(-0.000000, 0.000000, -0.000000, 0.577930, 0.398242, 0.712320, 0.416877, 0.606310, -0.677201, -0.701577, 0.688325, 0.184387),
      ["RightUpperLeg"] = CFrame.new(0.000000, -0.000000, -0.000000, 0.614852, -0.757946, 0.217870, 0.167098, -0.144803, -0.975252, 0.770737, 0.636043, 0.037630),
      ["UpperTorso"] = CFrame.new(-0.000000, -0.000000, 0.000000, 0.997945, -0.056162, 0.030852, 0.037751, 0.904341, 0.425139, -0.051777, -0.423100, 0.904602),
    }},
    {Time = 0.267, Data = {
      ["Head"] = CFrame.new(0.000000, 0.000000, -0.000000, 0.916870, 0.190823, -0.350623, -0.167361, 0.981176, 0.096350, 0.362409, -0.029660, 0.931547),
      ["LeftFoot"] = CFrame.new(0.000000, 0.019019, -0.000003, 0.977184, -0.162474, -0.136806, 0.178022, 0.977826, 0.110300, 0.115845, -0.132133, 0.984438),
      ["LeftHand"] = CFrame.new(0.000500, 0.000100, 0.000000, 1.000000, -0.000000, 0.000000, -0.000000, 1.000000, 0.000001, -0.000000, -0.000000, 1.000000),
      ["LeftLowerArm"] = CFrame.new(-0.000500, 0.084749, 0.046918, 1.000000, -0.000000, -0.000000, 0.000000, 0.529967, -0.848018, 0.000000, 0.848018, 0.529967),
