return {

  ["poodle laying twerk 3"] = {

    {Time = 0.000, Data = {

      ["Head"] = CFrame.new(0.000000, 0.179693, 0.129313, 0.137295, 0.139102, -0.980714, -0.730570, 0.682816, -0.005427, 0.668892, 0.717226, 0.195371),

      ["LeftFoot"] = CFrame.new(-0.000000, 0.029716, -0.000002, 0.889419, -0.092752, 0.447607, -0.006396, 0.976577, 0.215086, -0.457048, -0.194150, 0.867978),

      ["LeftHand"] = CFrame.new(0.000489, 0.016451, 0.000000, 0.999452, 0.028218, -0.017304, -0.022041, 0.957350, 0.288090, 0.024695, -0.287548, 0.957447),

      ["LeftLowerArm"] = CFrame.new(-0.000500, 0.085269, 0.028896, 1.000000, -0.000000, -0.000000, 0.000000, 0.703769, -0.710429, 0.000000, 0.710429, 0.703769),

      ["LeftLowerLeg"] = CFrame.new(-0.000000, 0.119873, -0.066610, 1.000000, -0.000000, -0.000000, 0.000000, 0.310947, 0.950432, -0.000000, -0.950427, 0.310932),

      ["LeftUpperArm"] = CFrame.new(0.136438, -0.193370, 0.089957, 0.904469, 0.167777, -0.392157, -0.386739, 0.710370, -0.588054, 0.179914, 0.683539, 0.707394),

      ["LeftUpperLeg"] = CFrame.new(0.000000, -0.029230, 0.247745, 0.964755, 0.260734, -0.035575, -0.005362, -0.115707, -0.993271, -0.263096, 0.958452, -0.110211),

      ["LowerTorso"] = CFrame.new(-0.000000, -1.000052, 0.384650, 1.000000, 0.000000, -0.000000, 0.000000, -0.259462, 0.965753, -0.000000, -0.965753, -0.259462),

      ["RightFoot"] = CFrame.new(0.000000, 0.029897, -0.000102, 0.887511, 0.071829, -0.455177, 0.013152, 0.983426, 0.180844, 0.460599, -0.166474, 0.871842),

      ["RightHand"] = CFrame.new(-0.000489, 0.016347, -0.000000, 0.999085, -0.036565, 0.022181, 0.028502, 0.955970, 0.292081, -0.031884, -0.291178, 0.956136),

      ["RightLowerArm"] = CFrame.new(0.000000, 0.085354, 0.028886, 1.000000, 0.000000, 0.000000, -0.000000, 0.703878, -0.710320, -0.000000, 0.710321, 0.703879),

      ["RightLowerLeg"] = CFrame.new(-0.000000, 0.119618, -0.066581, 1.000000, 0.000000, 0.000000, -0.000000, 0.312288, 0.949992, 0.000000, -0.949987, 0.312274),

      ["RightUpperArm"] = CFrame.new(-0.125006, -0.189839, 0.093153, 0.906166, -0.157380, 0.392550, 0.379676, 0.711605, -0.591154, -0.186305, 0.684726, 0.704586),

      ["RightUpperLeg"] = CFrame.new(0.000000, -0.029230, 0.247844, 0.967861, -0.244048, 0.060701, 0.033289, -0.114945, -0.992817, 0.249273, 0.962927, -0.103106),

      ["UpperTorso"] = CFrame.new(-0.000000, 0.024539, -0.004111, 1.000000, 0.000000, 0.000000, 0.000000, 0.813019, -0.582237, -0.000000, 0.582237, 0.813019),

    }},

    {Time = 0.017, Data = {

      ["Head"] = CFrame.new(0.000000, 0.179693, 0.129313, 0.137295, 0.139102, -0.980714, -0.726610, 0.687036, -0.004274, 0.673192, 0.713184, 0.195400),

      ["LeftFoot"] = CFrame.new(-0.000000, 0.030327, -0.000002, 0.884687, -0.099011, 0.455575, 0.005328, 0.979272, 0.202492, -0.466156, -0.176699, 0.866862),

      ["LeftHand"] = CFrame.new(0.000490, 0.015874, -0.000000, 0.999266, 0.032717, -0.019935, -0.026164, 0.962863, 0.268723, 0.027986, -0.268001, 0.963011),

      ["LeftLowerArm"] = CFrame.new(-0.000500, 0.083323, 0.027481, 1.000000, -0.000000, -0.000000, 0.000000, 0.718449, -0.695579, 0.000000, 0.695579, 0.718450),

      ["LeftLowerLeg"] = CFrame.new(0.000000, 0.121756, -0.071676, 1.000000, -0.000000, -0.000000, 0.000000, 0.258248, 0.966083, -0.000000, -0.966079, 0.258234),

      ["LeftUpperArm"] = CFrame.new(0.136901, -0.191136, 0.092369, 0.905395, 0.162807, -0.392115, -0.382272, 0.714454, -0.586024, 0.184739, 0.680477, 0.709100),

      ["LeftUpperLeg"] = CFrame.new(0.000000, -0.029944, 0.253802, 0.959381, 0.277827, -0.048994, -0.033373, -0.060706, -0.997599, -0.280134, 0.958711, -0.048948),

      ["LowerTorso"] = CFrame.new(-0.000000, -1.031580, 0.372212, 1.000000, 0.000000, -0.000000, 0.000000, -0.166585, 0.986027, 0.000000, -0.986027, -0.166585),

      ["RightFoot"] = CFrame.new(-0.000000, 0.030517, -0.000102, 0.884605, 0.080090, -0.459437, -0.001438, 0.985608, 0.169055, 0.466339, -0.148873, 0.871974),

      ["RightHand"] = CFrame.new(-0.000490, 0.015770, 0.000000, 0.998853, -0.040976, 0.024761, 0.032685, 0.961542, 0.272710, -0.034983, -0.271585, 0.961778),

      ["RightLowerArm"] = CFrame.new(0.000000, 0.083408, 0.027471, 1.000000, 0.000000, 0.000000, -0.000000, 0.718558, -0.695467, -0.000000, 0.695468, 0.718558),

      ["RightLowerLeg"] = CFrame.new(0.000000, 0.121513, -0.071636, 1.000000, 0.000000, 0.000000, -0.000000, 0.259701, 0.965693, 0.000000, -0.965689, 0.259686),

      ["RightUpperArm"] = CFrame.new(-0.125438, -0.187621, 0.095515, 0.907029, -0.152510, 0.392478, 0.375242, 0.715643, -0.589108, -0.191029, 0.681612, 0.706338),

      ["RightUpperLeg"] = CFrame.new(0.000000, -0.029944, 0.253902, 0.962970, -0.258821, 0.075491, 0.062171, -0.059304, -0.996303, 0.262341, 0.964103, -0.040996),

      ["UpperTorso"] = CFrame.new(-0.000000, 0.020577, -0.009810, 1.000000, 0.000000, 0.000000, 0.000000, 0.862817, -0.505516, -0.000000, 0.505516, 0.862817),

    }},

    {Time = 0.033, Data = {

      ["Head"] = CFrame.new(0.000000, 0.179693, 0.129313, 0.137295, 0.139102, -0.980714, -0.720306, 0.693653, -0.002453, 0.679934, 0.706751, 0.195431),

      ["LeftFoot"] = CFrame.new(-0.000000, 0.030840, -0.000002, 0.883000, -0.103885, 0.457757, 0.018656, 0.982199, 0.186930, -0.469002, -0.156504, 0.869204),

      ["LeftHand"] = CFrame.new(0.000490, 0.015301, 0.000000, 0.999094, 0.036375, -0.022074, -0.029681, 0.967539, 0.250975, 0.030487, -0.250090, 0.967742),

      ["LeftLowerArm"] = CFrame.new(-0.000500, 0.081347, 0.026093, 1.000000, -0.000000, -0.000000, 0.000000, 0.732838, -0.680403, 0.000000, 0.680403, 0.732839),

      ["LeftLowerLeg"] = CFrame.new(-0.000000, 0.123451, -0.077777, 1.000000, -0.000000, -0.000000, 0.000000, 0.194877, 0.980831, -0.000000, -0.980828, 0.194862),

      ["LeftUpperArm"] = CFrame.new(0.137268, -0.189324, 0.094280, 0.906130, 0.158001, -0.392383, -0.378647, 0.716479, -0.585904, 0.188561, 0.679480, 0.709050),

      ["LeftUpperLeg"] = CFrame.new(0.000000, -0.030457, 0.258146, 0.951807, 0.299935, -0.064046, -0.064588, -0.008140, -0.997879, -0.299820, 0.953925, 0.011644),

      ["LowerTorso"] = CFrame.new(-0.000000, -1.064512, 0.361160, 1.000000, 0.000000, -0.000000, 0.000000, -0.066708, 0.997773, 0.000000, -0.997773, -0.066708),

      ["RightFoot"] = CFrame.new(0.000000, 0.031022, -0.000102, 0.884481, 0.087679, -0.458289, -0.018004, 0.987868, 0.154259, 0.466229, -0.128175, 0.875314),

      ["RightHand"] = CFrame.new(-0.000490, 0.015197, -0.000000, 0.998646, -0.044553, 0.026853, 0.036253, 0.966274, 0.254955, -0.037306, -0.253634, 0.966580),

      ["RightLowerArm"] = CFrame.new(-0.000000, 0.081432, 0.026082, 1.000000, 0.000000, 0.000000, -0.000000, 0.732945, -0.680287, -0.000000, 0.680288, 0.732946),

      ["RightLowerLeg"] = CFrame.new(0.000000, 0.123212, -0.077730, 1.000000, 0.000000, 0.000000, -0.000000, 0.196413, 0.980524, 0.000000, -0.980521, 0.196398),

      ["RightUpperArm"] = CFrame.new(-0.125779, -0.185826, 0.097382, 0.907712, -0.147796, 0.392702, 0.371652, 0.717624, -0.588974, -0.194764, 0.680568, 0.706325),

      ["RightUpperLeg"] = CFrame.new(0.000000, -0.030457, 0.258246, 0.956156, -0.278015, 0.092047, 0.094140, -0.005865, -0.995542, 0.277316, 0.960559, 0.020585),

      ["UpperTorso"] = CFrame.new(-0.000000, 0.017710, -0.015042, 1.000000, 0.000000, 0.000000, 0.000000, 0.908087, -0.418783, -0.000000, 0.418783, 0.908087),

    }},

    {Time = 0.050, Data = {

      ["Head"] = CFrame.new(-0.000000, 0.179693, 0.129313, 0.137295, 0.139102, -0.980714, -0.711878, 0.702303, -0.000046, 0.688753, 0.698155, 0.195446),

      ["LeftFoot"] = CFrame.new(0.000000, 0.031668, -0.000001, 0.885081, -0.106621, 0.453085, 0.032113, 0.985079, 0.169092, -0.464328, -0.135095, 0.875284),

      ["LeftHand"] = CFrame.new(0.000490, 0.014723, 0.000000, 0.998949, 0.039217, -0.023738, -0.032564, 0.971528, 0.234677, 0.032265, -0.233655, 0.971784),

      ["LeftLowerArm"] = CFrame.new(-0.000500, 0.079303, 0.024706, 1.000000, -0.000000, -0.000000, 0.000000, 0.747189, -0.664611, 0.000000, 0.664611, 0.747189),

      ["LeftLowerLeg"] = CFrame.new(-0.000000, 0.124954, -0.084384, 1.000000, -0.000000, -0.000000, 0.000000, 0.125998, 0.992032, -0.000000, -0.992031, 0.125983),

      ["LeftUpperArm"] = CFrame.new(0.137548, -0.187918, 0.095735, 0.906690, 0.153258, -0.392970, -0.375836, 0.716456, -0.587739, 0.191470, 0.680590, 0.707204),

      ["LeftUpperLeg"] = CFrame.new(0.000000, -0.030776, 0.260857, 0.941401, 0.327673, -0.079960, -0.099560, 0.043432, -0.994083, -0.322261, 0.943792, 0.073530),

      ["LowerTorso"] = CFrame.new(-0.000000, -1.098048, 0.350442, 1.000000, 0.000000, -0.000000, 0.000000, 0.037755, 0.999287, 0.000000, -0.999287, 0.037755),

      ["RightFoot"] = CFrame.new(0.000000, 0.031848, -0.000102, 0.887679, 0.094144, -0.450760, -0.035305, 0.989911, 0.137233, 0.459107, -0.105892, 0.882033),

      ["RightHand"] = CFrame.new(-0.000490, 0.014619, 0.000000, 0.998474, -0.047321, 0.028473, 0.039181, 0.970316, 0.238649, -0.038921, -0.237166, 0.970689),

      ["RightLowerArm"] = CFrame.new(0.000000, 0.079387, 0.024695, 1.000000, 0.000000, 0.000000, -0.000000, 0.747294, -0.664493, -0.000000, 0.664493, 0.747295),

      ["RightLowerLeg"] = CFrame.new(0.000000, 0.124724, -0.084326, 1.000000, 0.000000, 0.000000, -0.000000, 0.127646, 0.991822, 0.000000, -0.991820, 0.127632),

      ["RightUpperArm"] = CFrame.new(-0.126039, -0.184440, 0.098799, 0.908231, -0.143137, 0.393228, 0.368879, 0.717557, -0.590796, -0.197598, 0.681633, 0.704508),

      ["RightUpperLeg"] = CFrame.new(0.000000, -0.030776, 0.260957, 0.946950, -0.302040, 0.109802, 0.129837, 0.046989, -0.990421, 0.293988, 0.952136, 0.083732),

      ["UpperTorso"] = CFrame.new(-0.000000, 0.015600, -0.020003, 1.000000, -0.000000, 0.000000, 0.000000, 0.946177, -0.323650, -0.000000, 0.323650, 0.946177),

    }},

    {Time = 0.067, Data = {

      ["Head"] = CFrame.new(0.000000, 0.179693, 0.129313, 0.137295, 0.139102, -0.980714, -0.701544, 0.712620, 0.002864, 0.699275, 0.687621, 0.195425),

      ["LeftFoot"] = CFrame.new(-0.000000, 0.032114, -0.000001, 0.891458, -0.106350, 0.440471, 0.044304, 0.987867, 0.148860, -0.450933, -0.113173, 0.885339),

      ["LeftHand"] = CFrame.new(0.000491, 0.014050, 0.000000, 0.998837, 0.041261, -0.024935, -0.034786, 0.974921, 0.219817, 0.033379, -0.218692, 0.975222),

      ["LeftLowerArm"] = CFrame.new(-0.000500, 0.077105, 0.023323, 1.000000, -0.000000, -0.000000, 0.000000, 0.761511, -0.648152, 0.000000, 0.648153, 0.761511),

      ["LeftLowerLeg"] = CFrame.new(-0.000000, 0.125761, -0.091255, 1.000000, -0.000000, -0.000000, 0.000000, 0.054570, 0.998511, -0.000000, -0.998510, 0.054556),

      ["LeftUpperArm"] = CFrame.new(0.137747, -0.186904, 0.096773, 0.907087, 0.148547, -0.393861, -0.373808, 0.714471, -0.591437, 0.193546, 0.683714, 0.703616),

      ["LeftUpperLeg"] = CFrame.new(0.000000, -0.030914, 0.262022, 0.927340, 0.361598, -0.096362, -0.138879, 0.093411, -0.985892, -0.347496, 0.927643, 0.136862),

      ["LowerTorso"] = CFrame.new(-0.000000, -1.131269, 0.339295, 1.000000, 0.000000, -0.000000, 0.000000, 0.144094, 0.989564, 0.000000, -0.989564, 0.144094),

      ["RightFoot"] = CFrame.new(-0.000000, 0.032304, -0.000101, 0.894594, 0.098887, -0.435826, -0.052188, 0.991656, 0.117890, 0.443822, -0.082706, 0.892277),

      ["RightHand"] = CFrame.new(-0.000491, 0.013944, -0.000000, 0.998345, -0.049297, 0.029631, 0.041441, 0.973758, 0.223782, -0.039885, -0.222181, 0.974189),

      ["RightLowerArm"] = CFrame.new(0.000000, 0.077188, 0.023314, 1.000000, 0.000000, 0.000000, -0.000000, 0.761608, -0.648037, -0.000000, 0.648038, 0.761609),

      ["RightLowerLeg"] = CFrame.new(0.000000, 0.125547, -0.091184, 1.000000, 0.000000, 0.000000, -0.000000, 0.056355, 0.998412, 0.000000, -0.998411, 0.056341),

      ["RightUpperArm"] = CFrame.new(-0.126221, -0.183446, 0.099805, 0.908596, -0.138508, 0.394043, 0.366892, 0.715531, -0.594479, -0.199610, 0.684712, 0.700946),

      ["RightUpperLeg"] = CFrame.new(0.000000, -0.030914, 0.262121, 0.934755, -0.331255, 0.128457, 0.169789, 0.098867, -0.980507, 0.312098, 0.938347, 0.148679),

      ["UpperTorso"] = CFrame.new(-0.000000, 0.013953, -0.024799, 1.000000, -0.000000, 0.000000, 0.000000, 0.974980, -0.222294, -0.000000, 0.222294, 0.974980),

    }},

    {Time = 0.083, Data = {

      ["Head"] = CFrame.new(-0.000000, 0.179693, 0.129313, 0.137295, 0.139102, -0.980714, -0.689528, 0.724233, 0.006193, 0.711127, 0.675380, 0.195348),

      ["LeftFoot"] = CFrame.new(-0.000000, 0.032523, -0.000001, 0.902362, -0.101992, 0.418760, 0.053159, 0.990516, 0.126709, -0.427687, -0.092063, 0.899213),

      ["LeftHand"] = CFrame.new(0.000491, 0.013152, 0.000000, 0.998766, 0.042522, -0.025675, -0.036321, 0.977777, 0.206480, 0.033884, -0.205291, 0.978114),

      ["LeftLowerArm"] = CFrame.new(-0.000500, 0.074645, 0.021960, 1.000000, -0.000000, -0.000000, 0.000000, 0.775678, -0.631129, 0.000000, 0.631129, 0.775678),

      ["LeftLowerLeg"] = CFrame.new(-0.000000, 0.126047, -0.097924, 1.000000, -0.000000, -0.000000, 0.000000, -0.014804, 0.999890, -0.000000, -0.999891, -0.014816),

      ["LeftUpperArm"] = CFrame.new(0.137869, -0.186267, 0.097430, 0.907330, 0.143882, -0.395031, -0.372534, 0.710654, -0.596816, 0.194859, 0.688672, 0.698399),

      ["LeftUpperLeg"] = CFrame.new(0.000000, -0.030878, 0.261722, 0.908574, 0.402343, -0.112294, -0.182963, 0.141622, -0.972863, -0.375522, 0.904469, 0.202306),

      ["LowerTorso"] = CFrame.new(-0.000000, -1.163213, 0.327283, 1.000000, 0.000000, -0.000000, 0.000000, 0.249470, 0.968382, 0.000000, -0.968382, 0.249470),

      ["RightFoot"] = CFrame.new(-0.000000, 0.032712, -0.000101, 0.905409, 0.101053, -0.412363, -0.066813, 0.993072, 0.096672, 0.419251, -0.059965, 0.905876),

      ["RightHand"] = CFrame.new(-0.000491, 0.013046, -0.000000, 0.998264, -0.050494, 0.030333, 0.043007, 0.976663, 0.210430, -0.040250, -0.208757, 0.977138),

      ["RightLowerArm"] = CFrame.new(0.000000, 0.074727, 0.021951, 1.000000, 0.000000, 0.000000, -0.000000, 0.775774, -0.631010, -0.000000, 0.631011, 0.775774),

      ["RightLowerLeg"] = CFrame.new(0.000000, 0.125845, -0.097841, 1.000000, 0.000000, 0.000000, -0.000000, -0.012896, 0.999917, 0.000000, -0.999917, -0.012909),

      ["RightUpperArm"] = CFrame.new(-0.126330, -0.182831, 0.100433, 0.908815, -0.133919, 0.395122, 0.365662, 0.711670, -0.599847, -0.200865, 0.689631, 0.695746),

      ["RightUpperLeg"] = CFrame.new(0.000000, -0.030878, 0.261822, 0.918831, -0.366222, 0.147067, 0.214226, 0.149846, -0.965219, 0.331448, 0.918383, 0.216156),

      ["UpperTorso"] = CFrame.new(-0.000000, 0.012537, -0.029422, 1.000000, -0.000000, 0.000000, 0.000000, 0.993093, -0.117331, -0.000000, 0.117331, 0.993093),

    }},

    {Time = 0.100, Data = {

      ["Head"] = CFrame.new(-0.000000, 0.179693, 0.129313, 0.137295, 0.139102, -0.980714, -0.676064, 0.736777, 0.009857, 0.723939, 0.661672, 0.195198),

      ["LeftFoot"] = CFrame.new(-0.000000, 0.033043, -0.000001, 0.917422, -0.092554, 0.387025, 0.056695, 0.993055, 0.103099, -0.393856, -0.072630, 0.916287),

      ["LeftHand"] = CFrame.new(0.000492, 0.012292, -0.000000, 0.998737, 0.043007, -0.025962, -0.037179, 0.980353, 0.193719, 0.033783, -0.192507, 0.980713),

      ["LeftLowerArm"] = CFrame.new(-0.000500, 0.071999, 0.020491, 1.000000, -0.000000, -0.000000, 0.000000, 0.790896, -0.611951, 0.000000, 0.611951, 0.790896),

      ["LeftLowerLeg"] = CFrame.new(0.000000, 0.125923, -0.104070, 1.000000, -0.000000, -0.000000, 0.000000, -0.078864, 0.996885, -0.000000, -0.996885, -0.078875),

      ["LeftUpperArm"] = CFrame.new(0.137916, -0.185992, 0.097735, 0.907424, 0.138842, -0.396616, -0.371984, 0.704450, -0.604465, 0.195471, 0.696041, 0.690883),

      ["LeftUpperLeg"] = CFrame.new(0.000000, -0.030680, 0.260042, 0.883949, 0.450020, -0.126937, -0.232068, 0.186541, -0.954641, -0.405929, 0.873318, 0.269346),

      ["LowerTorso"] = CFrame.new(-0.000000, -1.192964, 0.314311, 1.000000, 0.000000, -0.000000, 0.000000, 0.351110, 0.936334, 0.000000, -0.936334, 0.351110),

      ["RightFoot"] = CFrame.new(0.000000, 0.033233, -0.000101, 0.919852, 0.099733, -0.379398, -0.077314, 0.994263, 0.073923, 0.384570, -0.038654, 0.922276),

      ["RightHand"] = CFrame.new(-0.000492, 0.012187, -0.000000, 0.998235, -0.050916, 0.030584, 0.043894, 0.979290, 0.197649, -0.040014, -0.195955, 0.979796),

      ["RightLowerArm"] = CFrame.new(-0.000000, 0.072082, 0.020482, 1.000000, 0.000000, 0.000000, -0.000000, 0.790993, -0.611825, -0.000000, 0.611825, 0.790993),

      ["RightLowerLeg"] = CFrame.new(0.000000, 0.125736, -0.103975, 1.000000, 0.000000, 0.000000, -0.000000, -0.076831, 0.997043, 0.000000, -0.997044, -0.076842),

      ["RightUpperArm"] = CFrame.new(-0.126370, -0.182580, 0.100712, 0.908893, -0.128954, 0.396591, 0.365160, 0.705419, -0.607488, -0.201425, 0.696961, 0.688240),

      ["RightUpperLeg"] = CFrame.new(0.000000, -0.030680, 0.260141, 0.898372, -0.407199, 0.164659, 0.263121, 0.198730, -0.944069, 0.351702, 0.891457, 0.285694),

      ["UpperTorso"] = CFrame.new(-0.000000, 0.011217, -0.033763, 1.000000, -0.000000, 0.000000, 0.000000, 0.999932, -0.011643, -0.000000, 0.011643, 0.999932),

    }},

    {Time = 0.117, Data = {

      ["Head"] = CFrame.new(0.000000, 0.179693, 0.129313, 0.137295, 0.139102, -0.980714, -0.661406, 0.749902, 0.013771, 0.737355, 0.646760, 0.194961),

      ["LeftFoot"] = CFrame.new(0.000000, 0.033347, -0.000001, 0.935094, -0.078316, 0.345661, 0.054086, 0.995390, 0.079216, -0.350249, -0.055367, 0.935010),

      ["LeftHand"] = CFrame.new(0.000492, 0.011583, -0.000000, 0.998754, 0.042714, -0.025796, -0.037361, 0.982801, 0.180853, 0.033077, -0.179662, 0.983172),

      ["LeftLowerArm"] = CFrame.new(-0.000500, 0.069147, 0.018841, 1.000000, -0.000000, -0.000000, 0.000000, 0.807872, -0.589358, 0.000000, 0.589358, 0.807872),

      ["LeftLowerLeg"] = CFrame.new(-0.000000, 0.125397, -0.109492, 1.000000, -0.000000, -0.000000, 0.000000, -0.135289, 0.990805, -0.000000, -0.990806, -0.135299),

      ["LeftUpperArm"] = CFrame.new(0.137889, -0.186067, 0.097717, 0.907371, 0.133117, -0.398696, -0.372135, 0.695429, -0.614730, 0.195434, 0.706157, 0.680550),

      ["LeftUpperLeg"] = CFrame.new(0.000000, -0.030329, 0.257065, 0.852859, 0.502948, -0.140255, -0.286502, 0.226185, -0.930994, -0.436518, 0.834197, 0.337016),

      ["LowerTorso"] = CFrame.new(-0.000000, -1.219728, 0.300606, 1.000000, 0.000000, -0.000000, 0.000000, 0.446505, 0.894781, 0.000000, -0.894781, 0.446505),

      ["RightFoot"] = CFrame.new(-0.000000, 0.033535, -0.000101, 0.936698, 0.094913, -0.337050, -0.082671, 0.995295, 0.050529, 0.340238, -0.019457, 0.940130),

      ["RightHand"] = CFrame.new(-0.000493, 0.011479, -0.000000, 0.998259, -0.050564, 0.030382, 0.044106, 0.981794, 0.184757, -0.039171, -0.183093, 0.982315),

      ["RightLowerArm"] = CFrame.new(0.000000, 0.069230, 0.018831, 1.000000, 0.000000, 0.000000, -0.000000, 0.807973, -0.589220, -0.000000, 0.589220, 0.807973),

      ["RightLowerLeg"] = CFrame.new(-0.000000, 0.125223, -0.109385, 1.000000, 0.000000, 0.000000, -0.000000, -0.133135, 0.991097, 0.000000, -0.991098, -0.133145),

      ["RightUpperArm"] = CFrame.new(-0.126339, -0.182681, 0.100670, 0.908831, -0.123303, 0.398526, 0.365361, 0.696344, -0.617751, -0.201340, 0.707037, 0.677909),

      ["RightUpperLeg"] = CFrame.new(0.000000, -0.030329, 0.257165, 0.872951, -0.453050, 0.180826, 0.316436, 0.243799, -0.916745, 0.371247, 0.857501, 0.356203),

      ["UpperTorso"] = CFrame.new(-0.000000, 0.009973, -0.037622, 1.000000, -0.000000, 0.000000, 0.000000, 0.995775, 0.091828, -0.000000, -0.091828, 0.995775),

    }},

    {Time = 0.133, Data = {

      ["Head"] = CFrame.new(-0.000000, 0.179693, 0.129313, 0.137295, 0.139102, -0.980714, -0.645833, 0.763270, 0.017847, 0.751033, 0.630927, 0.194630),

      ["LeftFoot"] = CFrame.new(-0.000000, 0.033603, -0.000000, 0.953392, -0.059831, 0.295764, 0.045029, 0.997380, 0.056619, -0.298357, -0.040652, 0.953582),

      ["LeftHand"] = CFrame.new(0.000493, 0.010882, 0.000000, 0.998816, 0.041633, -0.025169, -0.036835, 0.985136, 0.167782, 0.031780, -0.166654, 0.985503),

      ["LeftLowerArm"] = CFrame.new(-0.000500, 0.065927, 0.017027, 1.000000, -0.000000, -0.000000, 0.000000, 0.826481, -0.562965, 0.000000, 0.562965, 0.826481),

      ["LeftLowerLeg"] = CFrame.new(-0.000000, 0.124706, -0.114038, 1.000000, -0.000000, -0.000000, 0.000000, -0.182625, 0.983181, -0.000000, -0.983183, -0.182635),

      ["LeftUpperArm"] = CFrame.new(0.137786, -0.186485, 0.097397, 0.907166, 0.126631, -0.401266, -0.372969, 0.683472, -0.627503, 0.194793, 0.718909, 0.667253),

      ["LeftUpperLeg"] = CFrame.new(0.000000, -0.029835, 0.252875, 0.815363, 0.558638, -0.151996, -0.345301, 0.258498, -0.902185, -0.464705, 0.788101, 0.403682),

      ["LowerTorso"] = CFrame.new(-0.000000, -1.242892, 0.286681, 1.000000, 0.000000, -0.000000, 0.000000, 0.533582, 0.845748, 0.000000, -0.845748, 0.533582),

      ["RightFoot"] = CFrame.new(-0.000000, 0.033791, -0.000100, 0.954302, 0.086701, -0.286011, -0.082195, 0.996230, 0.027749, 0.287318, -0.002964, 0.957825),

      ["RightHand"] = CFrame.new(-0.000493, 0.010779, 0.000000, 0.998336, -0.049423, 0.029721, 0.043612, 0.984191, 0.171660, -0.037735, -0.170076, 0.984708),

      ["RightLowerArm"] = CFrame.new(0.000000, 0.066010, 0.017017, 1.000000, 0.000000, 0.000000, -0.000000, 0.826580, -0.562820, -0.000000, 0.562820, 0.826580),

      ["RightLowerLeg"] = CFrame.new(-0.000000, 0.124545, -0.113920, 1.000000, 0.000000, 0.000000, -0.000000, -0.180355, 0.983600, 0.000000, -0.983602, -0.180365),

      ["RightUpperArm"] = CFrame.new(-0.126236, -0.183124, 0.100326, 0.908626, -0.116898, 0.400917, 0.366248, 0.684330, -0.630520, -0.200653, 0.719742, 0.664613),

      ["RightUpperLeg"] = CFrame.new(0.000000, -0.029835, 0.252975, 0.842611, -0.501981, 0.194980, 0.373115, 0.283099, -0.883533, 0.388319, 0.817233, 0.425855),

      ["UpperTorso"] = CFrame.new(-0.000000, 0.008904, -0.040743, 1.000000, -0.000000, 0.000000, 0.000000, 0.981727, 0.190296, -0.000000, -0.190296, 0.981727),

    }},

    {Time = 0.150, Data = {

      ["Head"] = CFrame.new(-0.000000, 0.179693, 0.129313, 0.137295, 0.139102, -0.980714, -0.629645, 0.776572, 0.022000, 0.764655, 0.614481, 0.194204),

      ["LeftFoot"] = CFrame.new(-0.000000, 0.033812, -0.000000, 0.970290, -0.037648, 0.239015, 0.029686, 0.998881, 0.036829, -0.240117, -0.028630, 0.970317),

      ["LeftHand"] = CFrame.new(0.000493, 0.010158, -0.000000, 0.998920, 0.039735, -0.024067, -0.035565, 0.987421, 0.154065, 0.029886, -0.153041, 0.987768),

      ["LeftLowerArm"] = CFrame.new(-0.000500, 0.062199, 0.015029, 1.000000, -0.000000, -0.000000, 0.000000, 0.846927, -0.531709, 0.000000, 0.531709, 0.846927),

      ["LeftLowerLeg"] = CFrame.new(0.000000, 0.123989, -0.117665, 1.000000, -0.000000, -0.000000, 0.000000, -0.220417, 0.975404, -0.000000, -0.975406, -0.220426),

      ["LeftUpperArm"] = CFrame.new(0.137604, -0.187242, 0.096790, 0.906802, 0.119150, -0.404368, -0.374483, 0.668158, -0.642906, 0.193580, 0.734417, 0.650506),

      ["LeftUpperLeg"] = CFrame.new(0.000000, -0.029208, 0.247556, 0.772339, 0.614301, -0.161624, -0.406096, 0.281844, -0.869277, -0.488446, 0.737020, 0.467158),

      ["LowerTorso"] = CFrame.new(-0.000000, -1.262063, 0.273268, 1.000000, 0.000000, -0.000000, 0.000000, 0.610831, 0.791761, 0.000000, -0.791761, 0.610831),

      ["RightFoot"] = CFrame.new(-0.000000, 0.033998, -0.000100, 0.970885, 0.075155, -0.227469, -0.075567, 0.997117, 0.006912, 0.227316, 0.010485, 0.973761),

      ["RightHand"] = CFrame.new(-0.000493, 0.010055, -0.000000, 0.998464, -0.047464, 0.028583, 0.042377, 0.986544, 0.157911, -0.035693, -0.156455, 0.987040),

      ["RightLowerArm"] = CFrame.new(-0.000000, 0.062281, 0.015019, 1.000000, 0.000000, 0.000000, -0.000000, 0.847026, -0.531551, -0.000000, 0.531551, 0.847026),

      ["RightLowerLeg"] = CFrame.new(0.000000, 0.123839, -0.117537, 1.000000, 0.000000, 0.000000, -0.000000, -0.218040, 0.975938, 0.000000, -0.975940, -0.218049),

      ["RightUpperArm"] = CFrame.new(-0.126057, -0.183910, 0.099697, 0.908268, -0.109503, 0.403804, 0.367819, 0.668948, -0.645923, -0.199393, 0.735199, 0.647862),

      ["RightUpperLeg"] = CFrame.new(0.000000, -0.029208, 0.247656, 0.808004, -0.551846, 0.206372, 0.431020, 0.314837, -0.845630, 0.401686, 0.772233, 0.492261),

      ["UpperTorso"] = CFrame.new(-0.000000, 0.008207, -0.042833, 1.000000, -0.000000, 0.000000, 0.000000, 0.959617, 0.281311, -0.000000, -0.281311, 0.959617),

    }},

    {Time = 0.167, Data = {

      ["Head"] = CFrame.new(-0.000000, 0.179693, 0.129313, 0.137295, 0.139102, -0.980714, -0.613170, 0.789518, 0.026143, 0.777928, 0.597755, 0.193690),

      ["LeftFoot"] = CFrame.new(0.000000, 0.033971, -0.000000, 0.984010, -0.012401, 0.177695, 0.008780, 0.999738, 0.021152, -0.177897, -0.019245, 0.983858),

      ["LeftHand"] = CFrame.new(0.000494, 0.009502, -0.000000, 0.999064, 0.036969, -0.022458, -0.033506, 0.989766, 0.138712, 0.027356, -0.137828, 0.990078),

      ["LeftLowerArm"] = CFrame.new(-0.000500, 0.057828, 0.012786, 1.000000, -0.000000, -0.000000, 0.000000, 0.869810, -0.493387, 0.000000, 0.493387, 0.869810),

      ["LeftLowerLeg"] = CFrame.new(0.000000, 0.123346, -0.120409, 1.000000, -0.000000, -0.000000, 0.000000, -0.249018, 0.968497, -0.000000, -0.968499, -0.249026),

      ["LeftUpperArm"] = CFrame.new(0.137335, -0.188346, 0.095906, 0.906263, 0.110176, -0.408104, -0.376691, 0.648566, -0.661411, 0.191811, 0.753142, 0.629274),

      ["LeftUpperLeg"] = CFrame.new(0.000000, -0.028457, 0.241191, 0.725596, 0.667145, -0.168590, -0.465596, 0.295574, -0.834175, -0.506685, 0.683779, 0.525100),

      ["LowerTorso"] = CFrame.new(-0.000000, -1.277069, 0.261250, 1.000000, 0.000000, -0.000000, 0.000000, 0.677352, 0.735659, 0.000000, -0.735659, 0.677352),

      ["RightFoot"] = CFrame.new(0.000000, 0.034157, -0.000100, 0.984745, 0.060438, -0.163183, -0.063017, 0.997955, -0.010671, 0.162191, 0.020798, 0.986538),

      ["RightHand"] = CFrame.new(-0.000494, 0.009399, -0.000000, 0.998640, -0.044636, 0.026939, 0.040359, 0.988968, 0.142524, -0.033003, -0.141241, 0.989425),

      ["RightLowerArm"] = CFrame.new(0.000000, 0.057909, 0.012776, 1.000000, 0.000000, 0.000000, -0.000000, 0.869905, -0.493219, -0.000000, 0.493219, 0.869905),

      ["RightLowerLeg"] = CFrame.new(0.000000, 0.123205, -0.120272, 1.000000, 0.000000, 0.000000, -0.000000, -0.246546, 0.969129, 0.000000, -0.969131, -0.246554),

      ["RightUpperArm"] = CFrame.new(-0.125795, -0.185044, 0.098789, 0.907743, -0.100628, 0.407279, 0.370088, 0.649281, -0.664431, -0.197578, 0.753862, 0.626622),

      ["RightUpperLeg"] = CFrame.new(0.000000, -0.028457, 0.241291, 0.770513, -0.600283, 0.214392, 0.487321, 0.337929, -0.805179, 0.410888, 0.724889, 0.552922),

      ["UpperTorso"] = CFrame.new(-0.000000, 0.008136, -0.043576, 1.000000, -0.000000, 0.000000, 0.000000, 0.931833, 0.362887, -0.000000, -0.362887, 0.931833),

    }},

    {Time = 0.183, Data = {

      ["Head"] = CFrame.new(-0.000000, 0.179693, 0.129313, 0.137295, 0.139102, -0.980714, -0.596758, 0.801853, 0.030190, 0.790588, 0.581104, 0.193101),

      ["LeftFoot"] = CFrame.new(0.000000, 0.034086, -0.000000, 0.993311, 0.015125, 0.114488, -0.016431, 0.999810, 0.010467, -0.114299, -0.012270, 0.993370),

      ["LeftHand"] = CFrame.new(0.000494, 0.008719, -0.000000, 0.999241, 0.033252, -0.020296, -0.030550, 0.992135, 0.121387, 0.024172, -0.120673, 0.992398),

      ["LeftLowerArm"] = CFrame.new(-0.000500, 0.052508, 0.010345, 1.000000, -0.000000, -0.000000, 0.000000, 0.894682, -0.446703, 0.000000, 0.446703, 0.894682),

      ["LeftLowerLeg"] = CFrame.new(0.000000, 0.122835, -0.122363, 1.000000, -0.000000, -0.000000, 0.000000, -0.269390, 0.963029, -0.000000, -0.963031, -0.269398),

      ["LeftUpperArm"] = CFrame.new(0.136965, -0.189818, 0.094742, 0.905524, 0.099454, -0.412476, -0.379635, 0.624056, -0.682958, 0.189485, 0.775025, 0.602854),

      ["LeftUpperLeg"] = CFrame.new(0.000000, -0.027593, 0.233864, 0.677767, 0.714741, -0.172546, -0.520266, 0.300342, -0.799443, -0.519573, 0.631617, 0.575429),

      ["LowerTorso"] = CFrame.new(-0.000000, -1.287922, 0.251590, 1.000000, 0.000000, -0.000000, 0.000000, 0.732839, 0.680403, 0.000000, -0.680403, 0.732839),

      ["RightFoot"] = CFrame.new(-0.000000, 0.034271, -0.000100, 0.994513, 0.042957, -0.095394, -0.045430, 0.998681, -0.023915, 0.094233, 0.028123, 0.995152),

      ["RightHand"] = CFrame.new(-0.000494, 0.008616, -0.000000, 0.998859, -0.040856, 0.024739, 0.037452, 0.991430, 0.125160, -0.029640, -0.124089, 0.991828),

      ["RightLowerArm"] = CFrame.new(0.000000, 0.052587, 0.010336, 1.000000, 0.000000, 0.000000, -0.000000, 0.894772, -0.446522, -0.000000, 0.446523, 0.894772),

      ["RightLowerLeg"] = CFrame.new(0.000000, 0.122701, -0.122218, 1.000000, 0.000000, 0.000000, -0.000000, -0.266837, 0.963739, 0.000000, -0.963742, -0.266845),

      ["RightUpperArm"] = CFrame.new(-0.125436, -0.186548, 0.097601, 0.907026, -0.090023, 0.411339, 0.373095, 0.624682, -0.685982, -0.195201, 0.775673, 0.600190),

      ["RightUpperLeg"] = CFrame.new(0.000000, -0.027593, 0.233964, 0.732230, -0.644952, 0.218791, 0.539007, 0.352406, -0.765031, 0.416306, 0.678120, 0.605688),

      ["UpperTorso"] = CFrame.new(-0.000000, 0.008933, -0.042617, 1.000000, -0.000000, 0.000000, 0.000000, 0.901126, 0.433558, -0.000000, -0.433558, 0.901126),

    }},

    {Time = 0.200, Data = {

      ["Head"] = CFrame.new(-0.000000, 0.179693, 0.129313, 0.137295, 0.139102, -0.980714, -0.580780, 0.813348, 0.034057, 0.802400, 0.564903, 0.192456),

      ["LeftFoot"] = CFrame.new(-0.000000, 0.034161, -0.000000, 0.997669, 0.044009, 0.052149, -0.044335, 0.999004, 0.005091, -0.051868, -0.007383, 0.998626),

      ["LeftHand"] = CFrame.new(0.000495, 0.007757, -0.000000, 0.999442, 0.028462, -0.017508, -0.026553, 0.994534, 0.100979, 0.020286, -0.100457, 0.994735),

      ["LeftLowerArm"] = CFrame.new(-0.000500, 0.045890, 0.007722, 1.000000, -0.000000, -0.000000, 0.000000, 0.921375, -0.388674, 0.000000, 0.388674, 0.921375),

      ["LeftLowerLeg"] = CFrame.new(0.000000, 0.122467, -0.123654, 1.000000, -0.000000, -0.000000, 0.000000, -0.282854, 0.959161, -0.000000, -0.959163, -0.282861),

      ["LeftUpperArm"] = CFrame.new(0.136476, -0.191695, 0.093287, 0.904546, 0.086340, -0.417544, -0.383389, 0.593217, -0.707888, 0.186575, 0.800399, 0.569694),

      ["LeftUpperLeg"] = CFrame.new(0.000000, -0.026625, 0.225659, 0.631984, 0.755325, -0.173420, -0.566947, 0.298035, -0.767944, -0.528363, 0.583660, 0.616594),

      ["LowerTorso"] = CFrame.new(-0.000000, -1.294759, 0.245276, 1.000000, 0.000000, -0.000000, 0.000000, 0.777487, 0.628900, 0.000000, -0.628900, 0.777487),

      ["RightFoot"] = CFrame.new(-0.000000, 0.034346, -0.000100, 0.999371, 0.023434, -0.026609, -0.024284, 0.999188, -0.032146, 0.025831, 0.032777, 0.999129),

      ["RightHand"] = CFrame.new(-0.000495, 0.007654, -0.000000, 0.999112, -0.035999, 0.021912, 0.033516, 0.993938, 0.104706, -0.025548, -0.103877, 0.994262),

      ["RightLowerArm"] = CFrame.new(0.000000, 0.045967, 0.007714, 1.000000, 0.000000, 0.000000, -0.000000, 0.921459, -0.388476, -0.000000, 0.388476, 0.921459),

      ["RightLowerLeg"] = CFrame.new(0.000000, 0.122341, -0.123503, 1.000000, 0.000000, 0.000000, -0.000000, -0.280240, 0.959928, 0.000000, -0.959930, -0.280248),

      ["RightUpperArm"] = CFrame.new(-0.124963, -0.188459, 0.096119, 0.906079, -0.077051, 0.416034, 0.376916, 0.593737, -0.710922, -0.192237, 0.800962, 0.567014),

      ["RightUpperLeg"] = CFrame.new(0.000000, -0.026625, 0.225759, 0.695790, -0.683800, 0.219745, 0.583347, 0.359509, -0.728320, 0.419027, 0.634958, 0.649047),

      ["UpperTorso"] = CFrame.new(-0.000000, 0.010741, -0.039544, 1.000000, -0.000000, 0.000000, 0.000000, 0.870399, 0.492348, -0.000000, -0.492348, 0.870399),

    }},

    {Time = 0.217, Data = {

      ["Head"] = CFrame.new(0.000000, 0.179693, 0.129313, 0.137295, 0.139102, -0.980714, -0.565622, 0.823804, 0.037662, 0.813156, 0.549543, 0.191784),

      ["LeftFoot"] = CFrame.new(-0.000000, 0.034204, -0.000000, 0.997288, 0.073274, -0.006829, -0.073243, 0.997302, 0.004855, 0.007166, -0.004334, 0.999965),

      ["LeftHand"] = CFrame.new(0.000496, 0.006529, -0.000000, 0.999651, 0.022423, -0.013992, -0.021300, 0.996895, 0.075810, 0.015648, -0.075484, 0.997024),

      ["LeftLowerArm"] = CFrame.new(-0.000500, 0.037438, 0.004990, 1.000000, -0.000000, -0.000000, 0.000000, 0.949148, -0.314831, 0.000000, 0.314831, 0.949148),

      ["LeftLowerLeg"] = CFrame.new(0.000000, 0.122233, -0.124425, 1.000000, -0.000000, -0.000000, 0.000000, -0.290883, 0.956756, -0.000000, -0.956759, -0.290890),

      ["LeftUpperArm"] = CFrame.new(0.135840, -0.194037, 0.091511, 0.903273, 0.069860, -0.423341, -0.388073, 0.553885, -0.736621, 0.183022, 0.829657, 0.527421),

      ["LeftUpperLeg"] = CFrame.new(-0.000000, -0.025564, 0.216659, 0.591479, 0.787889, -0.171402, -0.603209, 0.291300, -0.742479, -0.535062, 0.542564, 0.647570),

      ["LowerTorso"] = CFrame.new(-0.000000, -1.297743, 0.243294, 1.000000, 0.000000, -0.000000, 0.000000, 0.811841, 0.583879, 0.000000, -0.583879, 0.811841),

      ["RightFoot"] = CFrame.new(0.000000, 0.034389, -0.000100, 0.999168, 0.002869, 0.040686, -0.001436, 0.999380, -0.035164, -0.040760, 0.035082, 0.998553),

      ["RightHand"] = CFrame.new(-0.000496, 0.006425, -0.000000, 0.999385, -0.029891, 0.018356, 0.028343, 0.996433, 0.079482, -0.020666, -0.078911, 0.996667),

      ["RightLowerArm"] = CFrame.new(0.000000, 0.037513, 0.004983, 1.000000, 0.000000, 0.000000, -0.000000, 0.949222, -0.314609, -0.000000, 0.314609, 0.949221),

      ["RightLowerLeg"] = CFrame.new(0.000000, 0.122111, -0.124270, 1.000000, 0.000000, 0.000000, -0.000000, -0.288223, 0.957561, 0.000000, -0.957563, -0.288231),

      ["RightUpperArm"] = CFrame.new(-0.124347, -0.190835, 0.094313, 0.904847, -0.060748, 0.421380, 0.381670, 0.554273, -0.739668, -0.188626, 0.830115, 0.524719),

      ["RightUpperLeg"] = CFrame.new(0.000000, -0.025564, 0.216759, 0.664089, -0.715227, 0.217782, 0.618155, 0.361393, -0.698047, 0.420559, 0.598202, 0.682130),

      ["UpperTorso"] = CFrame.new(-0.000000, 0.013478, -0.033859, 1.000000, -0.000000, 0.000000, 0.000000, 0.842519, 0.538667, -0.000000, -0.538667, 0.842519),

    }},

    {Time = 0.233, Data = {

      ["Head"] = CFrame.new(-0.000000, 0.179693, 0.129313, 0.137295, 0.139102, -0.980714, -0.551685, 0.833048, 0.040924, 0.822675, 0.535427, 0.191114),

      ["LeftFoot"] = CFrame.new(-0.000000, 0.034227, -0.000000, 0.992945, 0.102025, -0.060422, -0.101644, 0.994777, 0.009379, 0.061060, -0.003163, 0.998129),

      ["LeftHand"] = CFrame.new(0.000497, 0.004863, 0.000000, 0.999843, 0.014893, -0.009608, -0.014462, 0.998951, 0.043452, 0.010245, -0.043305, 0.999009),

      ["LeftLowerArm"] = CFrame.new(-0.000500, 0.026338, 0.002369, 1.000000, -0.000000, -0.000000, 0.000000, 0.975771, -0.218794, 0.000000, 0.218794, 0.975771),

      ["LeftLowerLeg"] = CFrame.new(0.000000, 0.122107, -0.124828, 1.000000, -0.000000, -0.000000, 0.000000, -0.295079, 0.955471, -0.000000, -0.955473, -0.295086),

      ["LeftUpperArm"] = CFrame.new(0.135016, -0.196932, 0.089364, 0.901625, 0.048592, -0.429780, -0.393864, 0.502851, -0.769423, 0.178727, 0.863006, 0.472522),

      ["LeftUpperLeg"] = CFrame.new(-0.000000, -0.024419, 0.206948, 0.559226, 0.812006, -0.167051, -0.627319, 0.282741, -0.725617, -0.541975, 0.510591, 0.667513),

      ["LowerTorso"] = CFrame.new(-0.000000, -1.296957, 0.246639, 1.000000, 0.000000, -0.000000, 0.000000, 0.836599, 0.547816, 0.000000, -0.547816, 0.836599),

      ["RightFoot"] = CFrame.new(0.000000, 0.034411, -0.000100, 0.994394, -0.017598, 0.104266, 0.021159, 0.999227, -0.033133, -0.103597, 0.035158, 0.993997),

      ["RightHand"] = CFrame.new(-0.000497, 0.004759, 0.000000, 0.999655, -0.022291, 0.013931, 0.021613, 0.998658, 0.047056, -0.014961, -0.046738, 0.998795),

      ["RightLowerArm"] = CFrame.new(0.000000, 0.026408, 0.002363, 1.000000, 0.000000, 0.000000, -0.000000, 0.975829, -0.218535, -0.000000, 0.218535, 0.975829),

      ["RightLowerLeg"] = CFrame.new(0.000000, 0.121993, -0.124652, 1.000000, 0.000000, 0.000000, -0.000000, -0.292209, 0.956352, 0.000000, -0.956354, -0.292217),

      ["RightUpperArm"] = CFrame.new(-0.123549, -0.193766, 0.092135, 0.903252, -0.039712, 0.427270, 0.387532, 0.503071, -0.772488, -0.184270, 0.863332, 0.469790),

      ["RightUpperLeg"] = CFrame.new(0.000000, -0.024419, 0.207048, 0.639995, -0.738071, 0.213662, 0.641788, 0.360559, -0.676828, 0.422511, 0.570306, 0.704452),

      ["UpperTorso"] = CFrame.new(-0.000000, 0.016699, -0.024979, 1.000000, -0.000000, 0.000000, 0.000000, 0.820155, 0.572142, -0.000000, -0.572142, 0.820155),

    }},

    {Time = 0.250, Data = {

      ["Head"] = CFrame.new(0.000000, 0.179693, 0.129313, 0.137295, 0.139102, -0.980714, -0.539375, 0.840927, 0.043765, 0.830797, 0.522964, 0.190483),

      ["LeftFoot"] = CFrame.new(0.000000, 0.034235, 0.000000, 0.985769, 0.129498, -0.107195, -0.128301, 0.991572, 0.018030, 0.108619, -0.004013, 0.994075),

      ["LeftHand"] = CFrame.new(0.000498, 0.002339, 0.000000, 0.999975, 0.005636, -0.004219, -0.005636, 0.999984, -0.000273, 0.004217, 0.000298, 0.999991),

      ["LeftLowerArm"] = CFrame.new(-0.000500, 0.011164, 0.000393, 1.000000, -0.000000, -0.000000, 0.000000, 0.995873, -0.090762, 0.000000, 0.090761, 0.995873),

      ["LeftLowerLeg"] = CFrame.new(-0.000000, 0.122065, -0.124963, 1.000000, -0.000000, -0.000000, 0.000000, -0.296483, 0.955036, -0.000000, -0.955038, -0.296491),

      ["LeftUpperArm"] = CFrame.new(0.133956, -0.200480, 0.086777, 0.899506, 0.020235, -0.436440, -0.400959, 0.435040, -0.806208, 0.173555, 0.900184, 0.399435),

      ["LeftUpperLeg"] = CFrame.new(-0.000000, -0.023199, 0.196610, 0.537444, 0.827863, -0.160595, -0.638374, 0.274950, -0.718940, -0.551029, 0.488923, 0.676265),

      ["LowerTorso"] = CFrame.new(0.000000, -1.292442, 0.256308, 1.000000, -0.000000, -0.000000, 0.000000, 0.852620, 0.522532, 0.000000, -0.522532, 0.852620),

      ["RightFoot"] = CFrame.new(-0.000000, 0.034418, -0.000100, 0.986046, -0.036816, 0.162359, 0.041641, 0.998784, -0.026405, -0.161180, 0.032803, 0.986378),

      ["RightHand"] = CFrame.new(-0.000498, 0.002232, -0.000000, 0.999880, -0.012966, 0.008502, 0.012939, 0.999911, 0.003247, -0.008543, -0.003136, 0.999959),

      ["RightLowerArm"] = CFrame.new(-0.000000, 0.011226, 0.000391, 1.000000, 0.000000, 0.000000, -0.000000, 0.995901, -0.090450, -0.000000, 0.090449, 0.995901),

      ["RightLowerLeg"] = CFrame.new(-0.000000, 0.121952, -0.124786, 1.000000, 0.000000, 0.000000, -0.000000, -0.293604, 0.955925, 0.000000, -0.955927, -0.293611),

      ["RightUpperArm"] = CFrame.new(-0.122523, -0.197349, 0.089517, 0.901199, -0.011670, 0.433248, 0.394698, 0.435038, -0.809293, -0.179034, 0.900337, 0.396662),

      ["RightUpperLeg"] = CFrame.new(0.000000, -0.023199, 0.196710, 0.625749, -0.751658, 0.208426, 0.653352, 0.359094, -0.666463, 0.426110, 0.553228, 0.715811),

      ["UpperTorso"] = CFrame.new(0.000000, 0.019471, -0.012607, 1.000000, -0.000000, 0.000000, -0.000000, 0.805310, 0.592854, -0.000000, -0.592854, 0.805310),

    }},

    {Time = 0.267, Data = {

