return {
["poodle aggressive twerk"] = {
    {Time = 0.000, Data = {
      ["Head"] = CFrame.new(0.000000, 0.000000, 0.000000, 1.000000, 0.000000, 0.000000, 0.000000, 1.000000, 0.000000, 0.000000, 0.000000, 1.000000),
      ["LeftFoot"] = CFrame.new(-0.000000, 0.035835, 0.000000, 0.999121, -0.032087, -0.026964, 0.012275, 0.839156, -0.543753, 0.040075, 0.542944, 0.838812),
      ["LeftHand"] = CFrame.new(0.000483, 0.026355, 0.000000, 0.902644, -0.371555, 0.217213, 0.419046, 0.873821, -0.246652, -0.098161, 0.313661, 0.944447),
      ["LeftLowerArm"] = CFrame.new(-0.000499, 0.118478, 0.114881, 1.000000, 0.000000, 0.000000, 0.000000, -0.188758, -0.982024, 0.000000, 0.982024, -0.188758),
      ["LeftLowerLeg"] = CFrame.new(-0.000000, 0.109675, -0.150091, 1.000000, 0.000000, 0.000000, 0.000000, -0.558562, 0.829463, 0.000000, -0.829463, -0.558562),
      ["LeftUpperArm"] = CFrame.new(0.115698, 0.305912, -0.438052, 0.357411, 0.525213, -0.772275, 0.273286, -0.849515, -0.451265, -0.893069, -0.049765, -0.447159),
      ["LeftUpperLeg"] = CFrame.new(-0.000000, -0.000000, -0.000100, 0.673531, 0.738321, -0.035187, 0.263107, -0.283961, -0.922031, -0.690747, 0.611758, -0.385514),
      ["LowerTorso"] = CFrame.new(0.000534, -1.164156, -0.138415, -0.999992, -0.001529, 0.003563, 0.000007, 0.918188, 0.396146, -0.003877, 0.396143, -0.918181),
      ["RightFoot"] = CFrame.new(-0.000000, 0.036083, -0.000099, 0.999715, 0.018259, 0.015378, -0.006300, 0.823151, -0.567788, -0.023026, 0.567529, 0.823031),
      ["RightHand"] = CFrame.new(-0.000483, 0.026256, 0.000000, 0.902644, 0.371555, -0.217213, -0.419046, 0.873821, -0.246652, 0.098161, 0.313661, 0.944447),
      ["RightLowerArm"] = CFrame.new(-0.000001, 0.118578, 0.114880, 1.000000, 0.000000, 0.000000, 0.000000, -0.188758, -0.982024, 0.000000, 0.982024, -0.188758),
      ["RightLowerLeg"] = CFrame.new(0.000000, 0.109010, -0.150844, 1.000000, 0.000000, 0.000000, 0.000000, -0.565429, 0.824797, 0.000000, -0.824797, -0.565429),
      ["RightUpperArm"] = CFrame.new(-0.115698, 0.305912, -0.438052, 0.357411, -0.525213, 0.772275, -0.273286, -0.849515, -0.451265, 0.893069, -0.049765, -0.447159),
      ["RightUpperLeg"] = CFrame.new(0.000000, -0.000000, -0.000000, 0.701918, -0.712174, 0.010919, -0.265286, -0.275631, -0.923932, 0.661011, 0.645628, -0.382400),
      ["UpperTorso"] = CFrame.new(0.004735, 0.001318, 0.000569, 0.998706, -0.050799, -0.002579, 0.046690, 0.935684, -0.349737, 0.020180, 0.349164, 0.936844)
    }},
    {Time = 0.017, Data = {
      ["Head"] = CFrame.new(0.000000, 0.000000, -0.000000, 1.000000, 0.000000, 0.000000, 0.000000, 1.000000, 0.000000, 0.000000, 0.000000, 1.000000),
      ["LeftFoot"] = CFrame.new(-0.000000, 0.035804, 0.000000, 0.999110, -0.032261, -0.027166, 0.012257, 0.838419, -0.544888, 0.040356, 0.544071, 0.838068),
      ["LeftHand"] = CFrame.new(0.000483, 0.026357, -0.000000, 0.902969, -0.370971, 0.216861, 0.418372, 0.874129, -0.246705, -0.098044, 0.313495, 0.944515),
      ["LeftLowerArm"] = CFrame.new(-0.000499, 0.118471, 0.114919, 1.000000, 0.000000, 0.000000, 0.000000, -0.189198, -0.981939, 0.000000, 0.981939, -0.189198),
      ["LeftLowerLeg"] = CFrame.new(0.000000, 0.109964, -0.149680, 1.000000, 0.000000, 0.000000, 0.000000, -0.554334, 0.832294, 0.000000, -0.832294, -0.554334),
      ["LeftUpperArm"] = CFrame.new(0.115431, 0.305716, -0.438219, 0.356835, 0.525294, -0.772486, 0.272865, -0.849472, -0.451600, -0.893428, -0.049638, -0.446456),
      ["LeftUpperLeg"] = CFrame.new(-0.000000, 0.000966, -0.007364, 0.673410, 0.738639, -0.030532, 0.286325, -0.298671, -0.910392, -0.681570, 0.604325, -0.412619),
      ["LowerTorso"] = CFrame.new(0.000559, -1.157510, -0.144980, -0.999993, -0.001674, 0.003517, -0.000011, 0.904192, 0.427126, -0.003895, 0.427123, -0.904185),
      ["RightFoot"] = CFrame.new(0.000000, 0.036053, -0.000100, 0.999705, 0.018619, 0.015619, -0.006430, 0.822428, -0.568832, -0.023437, 0.568564, 0.822305),
      ["RightHand"] = CFrame.new(-0.000483, 0.026262, 0.000000, 0.902806, 0.371250, -0.217058, -0.418611, 0.874273, -0.245787, 0.098520, 0.312761, 0.944709),
      ["RightLowerArm"] = CFrame.new(-0.000001, 0.118549, 0.115039, 1.000000, 0.000000, 0.000000, 0.000000, -0.190407, -0.981705, 0.000000, 0.981705, -0.190407),
      ["RightLowerLeg"] = CFrame.new(0.000000, 0.109304, -0.150433, 1.000000, 0.000000, 0.000000, 0.000000, -0.561154, 0.827712, 0.000000, -0.827712, -0.561154),
      ["RightUpperArm"] = CFrame.new(-0.115548, 0.305839, -0.438134, 0.357065, -0.525791, 0.772042, -0.273115, -0.849175, -0.452007, 0.893260, -0.049461, -0.446812),
      ["RightUpperLeg"] = CFrame.new(0.000000, 0.000970, -0.007296, 0.701710, -0.712433, 0.006517, -0.287442, -0.291461, -0.912375, 0.651905, 0.638349, -0.409304),
      ["UpperTorso"] = CFrame.new(0.004726, -0.004055, 0.004973, 0.998709, -0.050733, -0.002527, 0.045936, 0.923272, -0.381391, 0.021682, 0.380783, 0.924410)
    }},
    {Time = 0.033, Data = {
      ["Head"] = CFrame.new(0.000000, 0.000000, 0.000000, 1.000000, 0.000000, 0.000000, 0.000000, 1.000000, 0.000000, 0.000000, 0.000000, 1.000000),
      ["LeftFoot"] = CFrame.new(-0.000000, 0.035748, 0.000001, 0.999128, -0.031936, -0.026885, 0.012076, 0.837590, -0.546165, 0.039961, 0.545364, 0.837246),
      ["LeftHand"] = CFrame.new(0.000483, 0.026361, 0.000000, 0.903807, -0.369437, 0.215984, 0.416607, 0.874969, -0.246713, -0.097834, 0.312962, 0.944713),
      ["LeftLowerArm"] = CFrame.new(-0.000499, 0.118450, 0.115031, 1.000000, 0.000000, 0.000000, 0.000000, -0.190297, -0.981727, 0.000000, 0.981727, -0.190297),
      ["LeftLowerLeg"] = CFrame.new(-0.000000, 0.110487, -0.148923, 1.000000, 0.000000, 0.000000, 0.000000, -0.546394, 0.837528, 0.000000, -0.837528, -0.546394),
      ["LeftUpperArm"] = CFrame.new(0.114728, 0.305188, -0.438660, 0.355376, 0.525677, -0.772898, 0.271825, -0.849258, -0.452628, -0.894326, -0.049240, -0.444698),
      ["LeftUpperLeg"] = CFrame.new(0.000000, 0.003275, -0.024718, 0.673591, 0.738771, -0.022174, 0.338331, -0.334876, -0.879426, -0.657120, 0.584872, -0.475519),
      ["LowerTorso"] = CFrame.new(0.000621, -1.142486, -0.161004, -0.999993, -0.001870, 0.003344, 0.000034, 0.868453, 0.495771, -0.003831, 0.495767, -0.868447),
      ["RightFoot"] = CFrame.new(-0.000000, 0.035997, -0.000100, 0.999709, 0.018439, 0.015576, -0.006275, 0.821658, -0.569946, -0.023307, 0.569682, 0.821535),
      ["RightHand"] = CFrame.new(-0.000483, 0.026281, 0.000000, 0.903237, 0.370499, -0.216550, -0.417457, 0.875528, -0.243270, 0.099465, 0.310131, 0.945476),
      ["RightLowerArm"] = CFrame.new(-0.000001, 0.118467, 0.115473, 1.000000, 0.000000, 0.000000, 0.000000, -0.194904, -0.980822, 0.000000, 0.980822, -0.194904),
      ["RightLowerLeg"] = CFrame.new(0.000000, 0.109835, -0.149678, 1.000000, 0.000000, 0.000000, 0.000000, -0.553274, 0.832999, 0.000000, -0.832999, -0.553274),
      ["RightUpperArm"] = CFrame.new(-0.115139, 0.305650, -0.438355, 0.356246, -0.527342, 0.771362, -0.272727, -0.848259, -0.453956, 0.893705, -0.048652, -0.446009),
      ["RightUpperLeg"] = CFrame.new(0.000000, 0.003286, -0.024713, 0.701809, -0.712364, -0.001268, -0.337027, -0.330464, -0.881593, 0.627597, 0.619137, -0.472008),
      ["UpperTorso"] = CFrame.new(0.004702, -0.015776, 0.012512, 0.998723, -0.050458, -0.002507, 0.043887, 0.891104, -0.451672, 0.025024, 0.450985, 0.892181)
    }},
    {Time = 0.050, Data = {
      ["Head"] = CFrame.new(-0.000000, 0.000000, -0.000000, 1.000000, 0.000000, 0.000604, 0.000000, 1.000000, 0.000000, -0.000604, 0.000000, 1.000000),
      ["LeftFoot"] = CFrame.new(-0.000000, 0.035722, 0.000000, 0.999264, -0.029360, -0.024705, 0.011192, 0.838857, -0.544237, 0.036703, 0.543559, 0.838568),
      ["LeftHand"] = CFrame.new(0.000483, 0.026369, 0.000000, 0.904999, -0.367256, 0.214710, 0.414077, 0.876196, -0.246618, -0.097556, 0.312096, 0.945029),
      ["LeftLowerArm"] = CFrame.new(-0.000499, 0.118417, 0.115212, 1.000000, 0.000000, 0.000000, 0.000000, -0.192163, -0.981363, 0.000000, 0.981363, -0.192163),
      ["LeftLowerLeg"] = CFrame.new(-0.000000, 0.110739, -0.148552, 1.000000, 0.000000, 0.000000, 0.000000, -0.542521, 0.840042, 0.000000, -0.840042, -0.542521),
      ["LeftUpperArm"] = CFrame.new(0.113730, 0.304417, -0.439288, 0.353467, 0.526082, -0.773498, 0.270321, -0.849042, -0.453933, -0.895538, -0.048642, -0.442319),
      ["LeftUpperLeg"] = CFrame.new(-0.000000, 0.006039, -0.045506, 0.675270, 0.737332, -0.018787, 0.393279, -0.381491, -0.836538, -0.623973, 0.557501, -0.547586),
      ["LowerTorso"] = CFrame.new(0.000700, -1.127868, -0.181472, -0.999992, -0.002173, 0.003212, 0.000029, 0.824053, 0.566512, -0.003878, 0.566508, -0.824047),
      ["RightFoot"] = CFrame.new(-0.000000, 0.035969, -0.000100, 0.999782, 0.015950, 0.013475, -0.005477, 0.823068, -0.567916, -0.020149, 0.567719, 0.822976),
      ["RightHand"] = CFrame.new(-0.000483, 0.026308, -0.000000, 0.903834, 0.369391, -0.215948, -0.415779, 0.877400, -0.239367, 0.101053, 0.306135, 0.946610),
      ["RightLowerArm"] = CFrame.new(-0.000001, 0.118342, 0.116117, 1.000000, 0.000000, 0.000000, 0.000000, -0.201572, -0.979474, 0.000000, 0.979474, -0.201572),
      ["RightLowerLeg"] = CFrame.new(-0.000000, 0.110090, -0.149309, 1.000000, 0.000000, 0.000000, 0.000000, -0.549431, 0.835539, 0.000000, -0.835539, -0.549431),
      ["RightUpperArm"] = CFrame.new(-0.114533, 0.305389, -0.438676, 0.354994, -0.529638, 0.770365, -0.272245, -0.846889, -0.456796, 0.894350, -0.047568, -0.444832),
      ["RightUpperLeg"] = CFrame.new(0.000000, 0.006057, -0.045549, 0.703304, -0.710875, -0.004520, -0.389468, -0.379986, -0.839003, 0.594709, 0.591834, -0.544108),
      ["UpperTorso"] = CFrame.new(0.004661, -0.025739, 0.016322, 0.998744, -0.050040, -0.002507, 0.041290, 0.850387, -0.524535, 0.028379, 0.523772, 0.851385)
    }},
    {Time = 0.067, Data = {
      ["Head"] = CFrame.new(-0.000000, -0.000000, 0.000000, 1.000000, 0.000000, 0.000863, 0.000000, 1.000000, 0.000000, -0.000863, 0.000000, 1.000000),
      ["LeftFoot"] = CFrame.new(-0.000000, 0.035773, 0.000000, 0.999569, -0.022477, -0.018910, 0.008856, 0.844434, -0.535587, 0.028006, 0.535188, 0.844268),
      ["LeftHand"] = CFrame.new(0.000483, 0.026380, 0.000000, 0.906384, -0.364729, 0.213168, 0.411112, 0.877664, -0.246360, -0.097235, 0.310932, 0.945445),
      ["LeftLowerArm"] = CFrame.new(-0.000499, 0.118370, 0.115456, 1.000000, 0.000000, 0.000000, 0.000000, -0.194685, -0.980866, 0.000000, 0.980866, -0.194685),
      ["LeftLowerLeg"] = CFrame.new(-0.000000, 0.110258, -0.149256, 1.000000, 0.000000, 0.000000, 0.000000, -0.549922, 0.835216, 0.000000, -0.835216, -0.549922),
      ["LeftUpperArm"] = CFrame.new(0.112582, 0.303491, -0.440018, 0.351152, 0.526578, -0.774215, 0.268438, -0.848779, -0.455539, -0.897014, -0.047865, -0.439404),
      ["LeftUpperLeg"] = CFrame.new(0.000000, 0.008374, -0.063072, 0.679676, 0.732980, -0.027966, 0.428720, -0.427900, -0.795676, -0.595181, 0.528812, -0.605076),
      ["LowerTorso"] = CFrame.new(0.000784, -1.126096, -0.203410, -0.999993, -0.002310, 0.003044, 0.000022, 0.793156, 0.609019, -0.003822, 0.609015, -0.793150),
      ["RightFoot"] = CFrame.new(-0.000000, 0.036021, -0.000100, 0.999930, 0.009011, 0.007625, -0.003206, 0.828966, -0.559290, -0.011361, 0.559227, 0.828937),
      ["RightHand"] = CFrame.new(-0.000483, 0.026341, 0.000000, 0.904604, 0.367999, -0.215103, -0.413641, 0.879715, -0.234528, 0.102923, 0.301130, 0.948012),
      ["RightLowerArm"] = CFrame.new(-0.000001, 0.118183, 0.116907, 1.000000, 0.000000, 0.000000, 0.000000, -0.209840, -0.977736, 0.000000, 0.977736, -0.209840),
      ["RightLowerLeg"] = CFrame.new(0.000000, 0.109599, -0.150015, 1.000000, 0.000000, 0.000000, 0.000000, -0.556776, 0.830663, 0.000000, -0.830663, -0.556776),
      ["RightUpperArm"] = CFrame.new(-0.113791, 0.305099, -0.439058, 0.353611, -0.532369, 0.769118, -0.271663, -0.845250, -0.460165, 0.895074, -0.046222, -0.443515),
      ["RightUpperLeg"] = CFrame.new(0.000000, 0.008389, -0.063099, 0.707513, -0.706687, 0.004260, -0.423204, -0.428512, -0.798296, 0.565971, 0.563002, -0.602251),
      ["UpperTorso"] = CFrame.new(0.004606, -0.023483, 0.013383, 0.998776, -0.049409, -0.002489, 0.039234, 0.821744, -0.568504, 0.030134, 0.567710, 0.822677)
    }},
    {Time = 0.083, Data = {
      ["Head"] = CFrame.new(-0.000000, -0.000000, -0.000000, 1.000000, -0.000086, 0.000950, 0.000086, 1.000000, 0.000086, -0.000950, -0.000086, 1.000000),
      ["LeftFoot"] = CFrame.new(0.000000, 0.035944, 0.000001, 0.999927, -0.009249, -0.007824, 0.003893, 0.856898, -0.515472, 0.011472, 0.515404, 0.856871),
      ["LeftHand"] = CFrame.new(0.000483, 0.026393, -0.000000, 0.907814, -0.362053, 0.211639, 0.407982, 0.879265, -0.245853, -0.097075, 0.309533, 0.945920),
      ["LeftLowerArm"] = CFrame.new(-0.000499, 0.118312, 0.115759, 1.000000, 0.000000, 0.000000, 0.000000, -0.197859, -0.980231, 0.000000, 0.980231, -0.197859),
      ["LeftLowerLeg"] = CFrame.new(-0.000000, 0.108633, -0.151538, 1.000000, 0.000000, 0.000000, 0.000000, -0.573678, 0.819081, 0.000000, -0.819081, -0.573678),
      ["LeftUpperArm"] = CFrame.new(0.111427, 0.302499, -0.440764, 0.348832, 0.527199, -0.774840, 0.266405, -0.848447, -0.457346, -0.898524, -0.046885, -0.436414),
      ["LeftUpperLeg"] = CFrame.new(0.000000, 0.009392, -0.070760, 0.687880, 0.723598, -0.056809, 0.425523, -0.465448, -0.776072, -0.588006, 0.509671, -0.628080),
      ["LowerTorso"] = CFrame.new(0.000869, -1.151456, -0.225304, -0.999993, -0.002286, 0.003062, -0.000008, 0.802541, 0.596597, -0.003822, 0.596593, -0.802535),
      ["RightFoot"] = CFrame.new(-0.000000, 0.036197, -0.000099, 0.999983, -0.004531, -0.003800, 0.001766, 0.842097, -0.539323, 0.005644, 0.539307, 0.842090),
      ["RightHand"] = CFrame.new(-0.000483, 0.026378, -0.000000, 0.905410, 0.366512, -0.214249, -0.411309, 0.882301, -0.228845, 0.105157, 0.295321, 0.949593),
      ["RightLowerArm"] = CFrame.new(-0.000001, 0.117999, 0.117778, 1.000000, 0.000000, 0.000000, 0.000000, -0.218822, -0.975765, 0.000000, 0.975765, -0.218822),
      ["RightLowerLeg"] = CFrame.new(0.000000, 0.107939, -0.152303, 1.000000, 0.000000, 0.000000, 0.000000, -0.580664, 0.814143, 0.000000, -0.814143, -0.580664),
      ["RightUpperArm"] = CFrame.new(-0.112979, 0.304826, -0.439460, 0.351965, -0.535511, 0.767690, -0.271115, -0.843338, -0.463981, 0.895889, -0.044827, -0.442011),
      ["RightUpperLeg"] = CFrame.new(0.000000, 0.009392, -0.070660, 0.715565, -0.697831, 0.031597, -0.420327, -0.466254, -0.778416, 0.557935, 0.543727, -0.626953),
      ["UpperTorso"] = CFrame.new(0.004536, 0.001152, 0.000857, 0.998814, -0.048635, -0.002470, 0.039065, 0.830500, -0.555646, 0.029075, 0.554891, 0.831415)
    }},
    {Time = 0.100, Data = {
      ["Head"] = CFrame.new(-0.000000, 0.000000, 0.000000, 1.000000, -0.000086, 0.000950, 0.000086, 1.000000, 0.000086, -0.000950, -0.000086, 1.000000),
      ["LeftFoot"] = CFrame.new(0.000000, 0.036287, 0.000001, 0.999983, 0.004445, 0.003758, -0.002075, 0.875480, -0.483250, -0.005438, 0.483234, 0.875474),
      ["LeftHand"] = CFrame.new(0.000483, 0.026408, 0.000000, 0.909069, -0.359701, 0.210258, 0.405174, 0.880817, -0.244940, -0.097094, 0.307858, 0.946465),
      ["LeftLowerArm"] = CFrame.new(-0.000499, 0.118243, 0.116117, 1.000000, 0.000000, 0.000000, 0.000000, -0.201572, -0.979474, 0.000000, 0.979474, -0.201572),
      ["LeftLowerLeg"] = CFrame.new(-0.000000, 0.105334, -0.155762, 1.000000, 0.000000, 0.000000, 0.000000, -0.617827, 0.786314, 0.000000, -0.786314, -0.617827),
      ["LeftUpperArm"] = CFrame.new(0.110411, 0.301534, -0.441442, 0.346773, 0.527790, -0.775362, 0.264488, -0.848134, -0.459036, -0.899886, -0.045893, -0.433705),
      ["LeftUpperLeg"] = CFrame.new(-0.000000, 0.008941, -0.071253, 0.696296, 0.708896, -0.112419, 0.367106, -0.486325, -0.792919, -0.616769, 0.510837, -0.598866),
      ["LowerTorso"] = CFrame.new(0.000938, -1.209777, -0.243203, -0.999993, -0.001973, 0.003310, -0.000026, 0.862453, 0.506137, -0.003854, 0.506133, -0.862447),
      ["RightFoot"] = CFrame.new(0.000000, 0.036543, -0.000099, 0.999694, -0.018942, -0.015941, 0.008202, 0.860948, -0.508627, 0.023359, 0.508341, 0.860839),
      ["RightHand"] = CFrame.new(-0.000483, 0.026416, -0.000000, 0.906161, 0.365127, -0.213435, -0.409037, 0.884901, -0.222797, 0.107519, 0.289193, 0.951213),
      ["RightLowerArm"] = CFrame.new(-0.000001, 0.117802, 0.118668, 1.000000, 0.000000, 0.000000, 0.000000, -0.228073, -0.973644, 0.000000, 0.973644, -0.228073),
      ["RightLowerLeg"] = CFrame.new(-0.000000, 0.104594, -0.156507, 1.000000, 0.000000, 0.000000, 0.000000, -0.624589, 0.780954, 0.000000, -0.780954, -0.624589),
      ["RightUpperArm"] = CFrame.new(-0.112163, 0.304618, -0.439843, 0.350272, -0.538631, 0.766280, -0.270717, -0.841411, -0.467696, 0.896673, -0.043624, -0.440540),
      ["RightUpperLeg"] = CFrame.new(0.000000, 0.009219, -0.070977, 0.723855, -0.684879, 0.083512, -0.365406, -0.483214, -0.795602, 0.585245, 0.545385, -0.600036),
      ["UpperTorso"] = CFrame.new(0.004452, 0.049178, -0.031660, 0.998855, -0.047773, -0.002422, 0.041242, 0.885753, -0.462320, 0.024232, 0.461691, 0.886710)
    }},
    {Time = 0.117, Data = {
      ["Head"] = CFrame.new(-0.000000, 0.000000, 0.000000, 1.000000, 0.000000, 0.000604, 0.000000, 1.000000, 0.000000, -0.000604, 0.000000, 1.000000),
      ["LeftFoot"] = CFrame.new(-0.000000, 0.036737, 0.000001, 0.999942, 0.008286, 0.006911, -0.004315, 0.894135, -0.447777, -0.009890, 0.447721, 0.894118),
      ["LeftHand"] = CFrame.new(0.000483, 0.026425, 0.000000, 0.910071, -0.357802, 0.209162, 0.402867, 0.882204, -0.243750, -0.097309, 0.306094, 0.947015),
      ["LeftLowerArm"] = CFrame.new(-0.000499, 0.118161, 0.116524, 1.000000, 0.000000, 0.000000, 0.000000, -0.205820, -0.978590, 0.000000, 0.978590, -0.205820),
      ["LeftLowerLeg"] = CFrame.new(-0.000000, 0.100987, -0.160643, 1.000000, 0.000000, 0.000000, 0.000000, -0.668829, 0.743416, 0.000000, -0.743416, -0.668829),
      ["LeftUpperArm"] = CFrame.new(0.109684, 0.300687, -0.441969, 0.345335, 0.528360, -0.775616, 0.262786, -0.847839, -0.460556, -0.900937, -0.044775, -0.431634),
      ["LeftUpperLeg"] = CFrame.new(-0.000000, 0.007773, -0.071661, 0.698572, 0.691425, -0.184201, 0.255388, -0.481402, -0.838468, -0.668412, 0.538688, -0.512875),
      ["LowerTorso"] = CFrame.new(0.000965, -1.281526, -0.250307, -0.999992, -0.001347, 0.003618, -0.000012, 0.938223, 0.346033, -0.003860, 0.346030, -0.938215),
      ["RightFoot"] = CFrame.new(0.000000, 0.037001, -0.000099, 0.999508, -0.023984, -0.020196, 0.011494, 0.879546, -0.475674, 0.029172, 0.475208, 0.879390),
      ["RightHand"] = CFrame.new(-0.000483, 0.026452, -0.000000, 0.906776, 0.363972, -0.212796, -0.407002, 0.887396, -0.216511, 0.110031, 0.282935, 0.952807),
      ["RightLowerArm"] = CFrame.new(-0.000001, 0.117606, 0.119513, 1.000000, 0.000000, 0.000000, 0.000000, -0.236843, -0.971548, 0.000000, 0.971548, -0.236843),
      ["RightLowerLeg"] = CFrame.new(0.000000, 0.100182, -0.161365, 1.000000, 0.000000, 0.000000, 0.000000, -0.675330, 0.737515, 0.000000, -0.737515, -0.675330),
      ["RightUpperArm"] = CFrame.new(-0.111414, 0.304524, -0.440163, 0.348751, -0.541630, 0.764859, -0.270505, -0.839538, -0.471172, 0.897329, -0.042576, -0.439303),
      ["RightUpperLeg"] = CFrame.new(0.000000, 0.008698, -0.071264, 0.726692, -0.670308, 0.150350, -0.260079, -0.471021, -0.842911, 0.635828, 0.573434, -0.516620),
      ["UpperTorso"] = CFrame.new(0.004354, 0.098039, -0.093541, 0.998905, -0.046720, -0.002376, 0.043878, 0.953335, -0.298709, 0.016221, 0.298277, 0.954341)
    }},
    {Time = 0.133, Data = {
      ["Head"] = CFrame.new(0.000000, 0.000000, 0.000000, 1.000000, 0.000000, 0.000000, 0.000000, 1.000000, 0.000000, 0.000000, 0.000000, 1.000000),
      ["LeftFoot"] = CFrame.new(-0.000000, 0.037168, 0.000001, 0.999997, -0.001862, -0.001621, 0.001003, 0.906333, -0.422563, 0.002256, 0.422560, 0.906332),
      ["LeftHand"] = CFrame.new(0.000483, 0.026444, 0.000000, 0.910580, -0.356816, 0.208632, 0.401566, 0.883275, -0.242011, -0.097926, 0.304150, 0.947578),
      ["LeftLowerArm"] = CFrame.new(-0.000499, 0.118068, 0.116977, 1.000000, 0.000000, 0.000000, 0.000000, -0.210491, -0.977596, 0.000000, 0.977596, -0.210491),
      ["LeftLowerLeg"] = CFrame.new(-0.000000, 0.096983, -0.164534, 1.000000, 0.000000, 0.000000, 0.000000, -0.709442, 0.704764, 0.000000, -0.704764, -0.709442),
      ["LeftUpperArm"] = CFrame.new(0.109400, 0.300049, -0.442264, 0.344747, 0.528853, -0.775541, 0.261582, -0.847588, -0.461703, -0.901512, -0.043697, -0.430542),
      ["LeftUpperLeg"] = CFrame.new(-0.000000, 0.006356, -0.071969, 0.692444, 0.676646, -0.250343, 0.101406, -0.434825, -0.894788, -0.714310, 0.594204, -0.369708),
      ["LowerTorso"] = CFrame.new(0.000938, -1.343134, -0.243324, -0.999992, -0.000537, 0.003856, 0.000021, 0.989696, 0.143183, -0.003893, 0.143182, -0.989689),
      ["RightFoot"] = CFrame.new(0.000000, 0.037440, -0.000099, 0.999795, -0.015469, -0.013070, 0.007867, 0.891366, -0.453217, 0.018661, 0.453021, 0.891305),
      ["RightHand"] = CFrame.new(-0.000483, 0.026484, 0.000001, 0.907249, 0.363098, -0.212271, -0.405295, 0.889620, -0.210505, 0.112407, 0.277013, 0.954269),
      ["RightLowerArm"] = CFrame.new(-0.000001, 0.117428, 0.120255, 1.000000, 0.000000, 0.000000, 0.000000, -0.244609, -0.969622, 0.000000, 0.969622, -0.244609),
      ["RightLowerLeg"] = CFrame.new(0.000000, 0.096122, -0.165232, 1.000000, 0.000000, 0.000000, 0.000000, -0.715725, 0.698382, 0.000000, -0.698382, -0.715725),
      ["RightUpperArm"] = CFrame.new(-0.110803, 0.304595, -0.440379, 0.347577, -0.544179, 0.763583, -0.270617, -0.837923, -0.473975, 0.897751, -0.041896, -0.438507),
      ["RightUpperLeg"] = CFrame.new(0.000000, 0.007942, -0.071515, 0.721904, -0.658736, 0.211946, -0.114432, -0.415708, -0.902270, 0.682466, 0.627099, -0.375482),
      ["UpperTorso"] = CFrame.new(0.004244, 0.121373, -0.179093, 0.998959, -0.045550, -0.002274, 0.045138, 0.994599, -0.093460, 0.006519, 0.093260, 0.995620)
    }},
    {Time = 0.150, Data = {
      ["Head"] = CFrame.new(-0.000000, 0.000000, -0.000000, 0.999999, 0.000086, -0.001036, -0.000086, 1.000000, -0.000086, 0.001036, 0.000086, 0.999999),
      ["LeftFoot"] = CFrame.new(0.000000, 0.037438, 0.000001, 0.999465, -0.025026, -0.021040, 0.013726, 0.905238, -0.424683, 0.029675, 0.424167, 0.905098),
      ["LeftHand"] = CFrame.new(0.000483, 0.026465, 0.000000, 0.910497, -0.356986, 0.208700, 0.401512, 0.883931, -0.239697, -0.098908, 0.302039, 0.948151),
      ["LeftLowerArm"] = CFrame.new(-0.000499, 0.117965, 0.117471, 1.000000, 0.000000, 0.000000, 0.000000, -0.215689, -0.976462, 0.000000, 0.976462, -0.215689),
      ["LeftLowerLeg"] = CFrame.new(-0.000000, 0.094553, -0.166678, 1.000000, 0.000000, 0.000000, 0.000000, -0.731891, 0.681422, 0.000000, -0.681422, -0.731891),
      ["LeftUpperArm"] = CFrame.new(0.109716, 0.299714, -0.442239, 0.345409, 0.529213, -0.775001, 0.260915, -0.847425, -0.462381, -0.901452, -0.042499, -0.430788),
      ["LeftUpperLeg"] = CFrame.new(-0.000000, 0.005162, -0.072165, 0.678020, 0.675300, -0.290272, -0.070445, -0.333389, -0.940154, -0.731660, 0.657892, -0.178473),
      ["LowerTorso"] = CFrame.new(0.000865, -1.379559, -0.224471, -0.999992, 0.000206, 0.003880, -0.000034, 0.998085, -0.061863, -0.003885, -0.061863, -0.998077),
      ["RightFoot"] = CFrame.new(0.000000, 0.037721, -0.000099, 0.999968, 0.006116, 0.005093, -0.003114, 0.889568, -0.456792, -0.007325, 0.456761, 0.889559),
      ["RightHand"] = CFrame.new(-0.000482, 0.026508, -0.000000, 0.907417, 0.362783, -0.212091, -0.404265, 0.891401, -0.204874, 0.114733, 0.271647, 0.955534),
      ["RightLowerArm"] = CFrame.new(-0.000001, 0.117284, 0.120833, 1.000000, 0.000000, 0.000000, 0.000000, -0.250539, -0.968107, 0.000000, 0.968107, -0.250539),
      ["RightLowerLeg"] = CFrame.new(0.000000, 0.093646, -0.167372, 1.000000, 0.000000, 0.000000, 0.000000, -0.738050, 0.674747, 0.000000, -0.674747, -0.738050),
      ["RightUpperArm"] = CFrame.new(-0.110402, 0.304884, -0.440447, 0.346797, -0.546264, 0.762449, -0.271244, -0.836573, -0.475997, 0.897864, -0.041735, -0.438292),
      ["RightUpperLeg"] = CFrame.new(0.000000, 0.007066, -0.071728, 0.709259, -0.659283, 0.249594, 0.049656, -0.306457, -0.950589, 0.703197, 0.686608, -0.184620),
      ["UpperTorso"] = CFrame.new(0.004121, 0.108226, -0.264362, 0.999019, -0.044217, -0.002220, 0.044188, 0.992752, 0.111762, -0.002737, -0.111751, 0.993733)
    }},
    {Time = 0.167, Data = {
      ["Head"] = CFrame.new(-0.000000, 0.000000, -0.000000, 0.999997, 0.000086, -0.002417, -0.000086, 1.000000, -0.000086, 0.002417, 0.000086, 0.999997),
      ["LeftFoot"] = CFrame.new(-0.000000, 0.037498, 0.000001, 0.997231, -0.056874, -0.047907, 0.028639, 0.888286, -0.458397, 0.068626, 0.455756, 0.887455),
      ["LeftHand"] = CFrame.new(0.000482, 0.026488, 0.000000, 0.909646, -0.358585, 0.209667, 0.403059, 0.884008, -0.236798, -0.100435, 0.299910, 0.948666),
      ["LeftLowerArm"] = CFrame.new(-0.000499, 0.117850, 0.118003, 1.000000, 0.000000, 0.000000, 0.000000, -0.221194, -0.975230, 0.000000, 0.975230, -0.221194),
      ["LeftLowerLeg"] = CFrame.new(-0.000000, 0.094046, -0.167105, 1.000000, 0.000000, 0.000000, 0.000000, -0.736297, 0.676658, 0.000000, -0.676658, -0.736297),
      ["LeftUpperArm"] = CFrame.new(0.110794, 0.299775, -0.441807, 0.347546, 0.529426, -0.773899, 0.261018, -0.847351, -0.462456, -0.900600, -0.041277, -0.432684),
      ["LeftUpperLeg"] = CFrame.new(-0.000000, 0.004660, -0.072233, 0.657110, 0.693331, -0.295802, -0.224585, -0.194520, -0.954842, -0.719561, 0.693869, 0.027890),
      ["LowerTorso"] = CFrame.new(0.000761, -1.387680, -0.197360, -0.999993, 0.000859, 0.003725, -0.000001, 0.974366, -0.224967, -0.003823, -0.224966, -0.974359),
      ["RightFoot"] = CFrame.new(-0.000000, 0.037784, -0.000099, 0.998799, 0.037457, 0.031569, -0.017133, 0.870874, -0.491208, -0.045892, 0.490077, 0.870470),
      ["RightHand"] = CFrame.new(-0.000482, 0.026524, 0.000000, 0.907212, 0.363154, -0.212331, -0.404098, 0.892599, -0.199929, 0.116921, 0.267181, 0.956527),
      ["RightLowerArm"] = CFrame.new(-0.000001, 0.117195, 0.121186, 1.000000, 0.000000, 0.000000, 0.000000, -0.254233, -0.967143, 0.000000, 0.967143, -0.254233),
      ["RightLowerLeg"] = CFrame.new(-0.000000, 0.093094, -0.167828, 1.000000, 0.000000, 0.000000, 0.000000, -0.742839, 0.669471, 0.000000, -0.669471, -0.742839),
      ["RightUpperArm"] = CFrame.new(-0.110279, 0.305443, -0.440325, 0.346586, -0.547471, 0.761678, -0.272325, -0.835762, -0.476804, 0.897618, -0.042170, -0.438753),
      ["RightUpperLeg"] = CFrame.new(0.000000, 0.006185, -0.071900, 0.689897, -0.677404, 0.255275, 0.199154, -0.161423, -0.966582, 0.695974, 0.717681, 0.023542),
      ["UpperTorso"] = CFrame.new(0.003987, 0.072541, -0.319965, 0.999084, -0.042749, -0.002127, 0.041700, 0.960963, 0.273516, -0.009649, -0.273354, 0.961865)
    }},
    {Time = 0.183, Data = {
      ["Head"] = CFrame.new(-0.000000, 0.000000, -0.000000, 0.999991, 0.000172, -0.004143, -0.000173, 1.000000, -0.000172, 0.004143, 0.000173, 0.999991),
      ["LeftFoot"] = CFrame.new(-0.000000, 0.037407, 0.000001, 0.993837, -0.084797, -0.071392, 0.037949, 0.865410, -0.499626, 0.104150, 0.493837, 0.863294),
      ["LeftHand"] = CFrame.new(0.000483, 0.026506, 0.000000, 0.908071, -0.361546, 0.211403, 0.406219, 0.883189, -0.234444, -0.101946, 0.298768, 0.948865),
      ["LeftLowerArm"] = CFrame.new(-0.000499, 0.117757, 0.118424, 1.000000, 0.000000, 0.000000, 0.000000, -0.225604, -0.974219, 0.000000, 0.974219, -0.225604),
      ["LeftLowerLeg"] = CFrame.new(0.000000, 0.094816, -0.166453, 1.000000, 0.000000, 0.000000, 0.000000, -0.729483, 0.683999, 0.000000, -0.683999, -0.729483),
      ["LeftUpperArm"] = CFrame.new(0.112546, 0.300169, -0.441013, 0.351051, 0.529064, -0.772563, 0.261753, -0.847629, -0.461530, -0.899026, -0.040200, -0.436045),
      ["LeftUpperLeg"] = CFrame.new(-0.000000, 0.004064, -0.064788, 0.637862, 0.718149, -0.278197, -0.310915, -0.090358, -0.946133, -0.704602, 0.689998, 0.165648),
      ["LowerTorso"] = CFrame.new(0.000640, -1.374372, -0.166125, -0.999992, 0.001175, 0.003662, 0.000020, 0.953758, -0.300577, -0.003846, -0.300574, -0.953750),
      ["RightFoot"] = CFrame.new(0.000000, 0.037691, -0.000099, 0.995206, 0.074809, 0.063001, -0.028743, 0.839427, -0.542711, -0.093485, 0.538298, 0.837553),
      ["RightHand"] = CFrame.new(-0.000482, 0.026539, -0.000000, 0.906360, 0.364740, -0.213253, -0.405138, 0.893504, -0.193687, 0.119897, 0.261947, 0.957605),
      ["RightLowerArm"] = CFrame.new(-0.000001, 0.117108, 0.121527, 1.000000, 0.000000, 0.000000, 0.000000, -0.257813, -0.966195, 0.000000, 0.966195, -0.257813),
      ["RightLowerLeg"] = CFrame.new(-0.000000, 0.093902, -0.167157, 1.000000, 0.000000, 0.000000, 0.000000, -0.735795, 0.677204, 0.000000, -0.677204, -0.735795),
      ["RightUpperArm"] = CFrame.new(-0.110700, 0.306450, -0.439855, 0.347389, -0.548031, 0.760909, -0.274339, -0.835339, -0.476390, 0.896694, -0.043255, -0.440533),
      ["RightUpperLeg"] = CFrame.new(0.000000, 0.005414, -0.072027, 0.665308, -0.707847, 0.237315, 0.294597, -0.043164, -0.954646, 0.685987, 0.705046, 0.179812),
      ["UpperTorso"] = CFrame.new(0.003842, 0.047282, -0.324661, 0.999149, -0.041194, -0.002050, 0.039333, 0.936686, 0.347955, -0.012413, -0.347740, 0.937509)
    }},
    {Time = 0.200, Data = {
      ["Head"] = CFrame.new(-0.000000, 0.000000, -0.000000, 0.999981, 0.000344, -0.006129, -0.000346, 1.000000, -0.000344, 0.006129, 0.000346, 0.999981),
      ["LeftFoot"] = CFrame.new(0.000000, 0.037292, 0.000001, 0.992733, -0.092047, -0.077509, 0.038779, 0.854469, -0.518053, 0.113914, 0.511283, 0.851829),
      ["LeftHand"] = CFrame.new(0.000483, 0.026513, -0.000000, 0.906116, -0.365207, 0.213489, 0.410332, 0.881501, -0.233633, -0.102867, 0.299300, 0.948598),
      ["LeftLowerArm"] = CFrame.new(-0.000499, 0.117716, 0.118608, 1.000000, 0.000000, 0.000000, 0.000000, -0.227430, -0.973795, 0.000000, 0.973795, -0.227430),
      ["LeftLowerLeg"] = CFrame.new(0.000000, 0.095845, -0.165557, 1.000000, 0.000000, 0.000000, 0.000000, -0.720134, 0.693835, 0.000000, -0.693835, -0.720134),
      ["LeftUpperArm"] = CFrame.new(0.114647, 0.300722, -0.440025, 0.355291, 0.528155, -0.771246, 0.262892, -0.848234, -0.459769, -0.897026, -0.039403, -0.440218),
      ["LeftUpperLeg"] = CFrame.new(-0.000000, 0.002686, -0.047012, 0.632729, 0.729940, -0.258536, -0.270339, -0.104643, -0.957061, -0.725652, 0.675453, 0.131121),
      ["LowerTorso"] = CFrame.new(0.000553, -1.350687, -0.143533, -0.999993, 0.000879, 0.003720, -0.000021, 0.971926, -0.235285, -0.003823, -0.235284, -0.971919),
      ["RightFoot"] = CFrame.new(-0.000000, 0.037555, -0.000099, 0.990622, 0.104518, 0.087997, -0.033723, 0.811174, -0.583832, -0.132401, 0.575389, 0.807092),
      ["RightHand"] = CFrame.new(-0.000482, 0.026561, -0.000000, 0.904739, 0.367733, -0.214987, -0.407401, 0.894390, -0.184639, 0.124385, 0.254636, 0.959004),
      ["RightLowerArm"] = CFrame.new(-0.000001, 0.116972, 0.122046, 1.000000, 0.000000, 0.000000, 0.000000, -0.263167, -0.964751, 0.000000, 0.964751, -0.263167),
      ["RightLowerLeg"] = CFrame.new(0.000000, 0.095079, -0.166153, 1.000000, 0.000000, 0.000000, 0.000000, -0.725340, 0.688390, 0.000000, -0.688390, -0.725340),
      ["RightUpperArm"] = CFrame.new(-0.111767, 0.307943, -0.438981, 0.349510, -0.548353, 0.759706, -0.277360, -0.835055, -0.475137, 0.894938, -0.044647, -0.443951),
      ["RightUpperLeg"] = CFrame.new(0.000000, 0.004867, -0.072106, 0.644491, -0.734150, 0.213671, 0.279746, -0.033671, -0.959483, 0.711599, 0.678152, 0.183675),
      ["UpperTorso"] = CFrame.new(0.003686, 0.058378, -0.269735, 0.999215, -0.039566, -0.001980, 0.038502, 0.958155, 0.283648, -0.009326, -0.283502, 0.958926)
    }},
    {Time = 0.217, Data = {
      ["Head"] = CFrame.new(0.000000, 0.000000, 0.000000, 0.999966, 0.000430, -0.008287, -0.000433, 1.000000, -0.000430, 0.008287, 0.000433, 0.999966),
      ["LeftFoot"] = CFrame.new(0.000000, 0.037030, 0.000001, 0.995064, -0.075948, -0.063876, 0.031434, 0.851737, -0.523026, 0.094128, 0.518436, 0.849920),
      ["LeftHand"] = CFrame.new(0.000483, 0.026513, 0.000000, 0.903979, -0.369119, 0.215806, 0.414901, 0.879238, -0.234090, -0.103338, 0.301151, 0.947961),
      ["LeftLowerArm"] = CFrame.new(-0.000499, 0.117720, 0.118590, 1.000000, 0.000000, 0.000000, 0.000000, -0.227322, -0.973820, 0.000000, 0.973820, -0.227322),
      ["LeftLowerLeg"] = CFrame.new(-0.000000, 0.098247, -0.163355, 1.000000, 0.000000, 0.000000, 0.000000, -0.697141, 0.716935, 0.000000, -0.716935, -0.697141),
      ["LeftUpperArm"] = CFrame.new(0.116907, 0.301360, -0.438935, 0.359773, 0.526622, -0.770216, 0.264217, -0.849204, -0.457211, -0.894848, -0.039012, -0.444663),
      ["LeftUpperLeg"] = CFrame.new(0.000000, 0.001141, -0.025745, 0.644106, 0.733253, -0.217872, -0.119085, -0.185230, -0.975453, -0.755610, 0.654240, -0.031988),
      ["LowerTorso"] = CFrame.new(0.000516, -1.312989, -0.133836, -0.999993, 0.000197, 0.003880, -0.000024, 0.998382, -0.056863, -0.003885, -0.056863, -0.998375),
      ["RightFoot"] = CFrame.new(0.000000, 0.037337, -0.000099, 0.988374, 0.116318, 0.097909, -0.032865, 0.792197, -0.609380, -0.148445, 0.599078, 0.786810),
      ["RightHand"] = CFrame.new(-0.000482, 0.026587, -0.000000, 0.902545, 0.371750, -0.217287, -0.410572, 0.895062, -0.174056, 0.129780, 0.246306, 0.960464),
      ["RightLowerArm"] = CFrame.new(-0.000001, 0.116807, 0.122655, 1.000000, 0.000000, 0.000000, 0.000000, -0.269545, -0.962988, 0.000000, 0.962988, -0.269545),
      ["RightLowerLeg"] = CFrame.new(0.000000, 0.097053, -0.164385, 1.000000, 0.000000, 0.000000, 0.000000, -0.706870, 0.707344, 0.000000, -0.707344, -0.706870),
      ["RightUpperArm"] = CFrame.new(-0.113293, 0.309758, -0.437814, 0.352586, -0.548424, 0.758231, -0.280985, -0.834924, -0.473234, 0.892598, -0.046196, -0.448482),
      ["RightUpperLeg"] = CFrame.new(0.000000, 0.004660, -0.072133, 0.635941, -0.750657, 0.179146, 0.159450, -0.099321, -0.982197, 0.755086, 0.653184, 0.056530),
      ["UpperTorso"] = CFrame.new(0.003521, 0.072685, -0.173892, 0.999285, -0.037753, -0.001936, 0.037744, 0.993566, 0.106782, -0.002108, -0.106779, 0.994281)
    }},
    {Time = 0.233, Data = {
      ["Head"] = CFrame.new(0.000000, -0.000000, 0.000000, 0.999943, 0.000515, -0.010618, -0.000521, 1.000000, -0.000515, 0.010617, 0.000521, 0.999943),
      ["LeftFoot"] = CFrame.new(-0.000000, 0.036525, 0.000001, 0.998019, -0.048109, -0.040539, 0.019419, 0.848488, -0.528858, 0.059839, 0.527023, 0.847742),
      ["LeftHand"] = CFrame.new(0.000483, 0.026505, 0.000000, 0.901826, -0.373033, 0.218072, 0.419562, 0.876651, -0.235481, -0.103331, 0.303857, 0.947097),
      ["LeftLowerArm"] = CFrame.new(-0.000499, 0.117763, 0.118400, 1.000000, 0.000000, 0.000000, 0.000000, -0.225282, -0.974294, 0.000000, 0.974294, -0.225282),
      ["LeftLowerLeg"] = CFrame.new(0.000000, 0.103032, -0.158433, 1.000000, 0.000000, 0.000000, 0.000000, -0.645749, 0.763550, 0.000000, -0.763550, -0.645749),
      ["LeftUpperArm"] = CFrame.new(0.119133, 0.302010, -0.437841, 0.364230, 0.524624, -0.769484, 0.265458, -0.850447, -0.454171, -0.892675, -0.038843, -0.449024),
      ["LeftUpperLeg"] = CFrame.new(0.000000, 0.000041, -0.007828, 0.663022, 0.735284, -0.140567, 0.084661, -0.260218, -0.961831, -0.743797, 0.625815, -0.234780),
      ["LowerTorso"] = CFrame.new(0.000521, -1.253152, -0.135195, -0.999993, -0.000681, 0.003753, -0.000007, 0.984266, 0.176693, -0.003814, 0.176692, -0.984259),
      ["RightFoot"] = CFrame.new(-0.000000, 0.036933, -0.000099, 0.991797, 0.097792, 0.082312, -0.026724, 0.788364, -0.614628, -0.124997, 0.607387, 0.784510),
      ["RightHand"] = CFrame.new(-0.000482, 0.026614, 0.000000, 0.900032, 0.376230, -0.219986, -0.414201, 0.895431, -0.163219, 0.135574, 0.238021, 0.961751),
      ["RightLowerArm"] = CFrame.new(-0.000001, 0.116639, 0.123265, 1.000000, 0.000000, 0.000000, 0.000000, -0.275896, -0.961188, 0.000000, 0.961188, -0.275896),
      ["RightLowerLeg"] = CFrame.new(-0.000000, 0.100823, -0.160705, 1.000000, 0.000000, 0.000000, 0.000000, -0.668407, 0.743795, 0.000000, -0.743795, -0.668407),
      ["RightUpperArm"] = CFrame.new(-0.115093, 0.311723, -0.436475, 0.356171, -0.548398, 0.756573, -0.284891, -0.834852, -0.471020, 0.889932, -0.047778, -0.453584),
      ["RightUpperLeg"] = CFrame.new(0.000000, 0.004064, -0.064688, 0.649330, -0.750834, 0.120908, -0.037000, -0.189984, -0.981090, 0.759606, 0.632577, -0.151143),
      ["UpperTorso"] = CFrame.new(0.003346, 0.052966, -0.071410, 0.999353, -0.035917, -0.001772, 0.035400, 0.991245, -0.127204, 0.006325, 0.127059, 0.991875)
    }},
    {Time = 0.250, Data = {
      ["Head"] = CFrame.new(-0.000000, -0.000000, 0.000000, 0.999915, 0.000686, -0.013035, -0.000695, 1.000000, -0.000686, 0.013034, 0.000695, 0.999915),
      ["LeftFoot"] = CFrame.new(-0.000000, 0.035928, 0.000000, 0.999233, -0.029941, -0.025241, 0.011647, 0.842595, -0.538422, 0.037389, 0.537715, 0.842297),
      ["LeftHand"] = CFrame.new(0.000483, 0.026490, 0.000000, 0.899872, -0.376519, 0.220146, 0.423814, 0.874069, -0.237454, -0.103017, 0.306979, 0.946124),
      ["LeftLowerArm"] = CFrame.new(-0.000499, 0.117835, 0.118069, 1.000000, 0.000000, 0.000000, 0.000000, -0.221840, -0.975083, 0.000000, 0.975083, -0.221840),
      ["LeftLowerLeg"] = CFrame.new(-0.000000, 0.108781, -0.151335, 1.000000, 0.000000, 0.000000, 0.000000, -0.571604, 0.820530, 0.000000, -0.820530, -0.571604),
      ["LeftUpperArm"] = CFrame.new(0.121130, 0.302602, -0.436844, 0.368270, 0.522177, -0.769226, 0.266628, -0.851939, -0.450677, -0.890666, -0.039126, -0.452971),
      ["LeftUpperLeg"] = CFrame.new(-0.000000, 0.000000, -0.000100, 0.674908, 0.736205, -0.050009, 0.264589, -0.304710, -0.914956, -0.688834, 0.604280, -0.400443),
      ["LowerTorso"] = CFrame.new(0.000544, -1.178045, -0.141193, -0.999992, -0.001529, 0.003563, 0.000007, 0.918188, 0.396146, -0.003877, 0.396143, -0.918181),
      ["RightFoot"] = CFrame.new(0.000000, 0.036370, -0.000099, 0.996843, 0.060707, 0.051165, -0.017647, 0.797762, -0.602715, -0.077407, 0.599909, 0.796315),
      ["RightHand"] = CFrame.new(-0.000482, 0.026637, 0.000000, 0.897422, 0.380850, -0.222679, -0.418092, 0.895306, -0.153708, 0.140826, 0.231042, 0.962698),
      ["RightLowerArm"] = CFrame.new(-0.000001, 0.116488, 0.123796, 1.000000, 0.000000, 0.000000, 0.000000, -0.281392, -0.959593, 0.000000, 0.959593, -0.281392),
      ["RightLowerLeg"] = CFrame.new(-0.000000, 0.106268, -0.154465, 1.000000, 0.000000, 0.000000, 0.000000, -0.603199, 0.797591, 0.000000, -0.797591, -0.603199),
      ["RightUpperArm"] = CFrame.new(-0.116975, 0.313660, -0.435091, 0.359952, -0.548325, 0.754834, -0.288771, -0.834814, -0.468719, 0.887156, -0.049257, -0.458833),
      ["RightUpperLeg"] = CFrame.new(0.000000, 0.002687, -0.046912, 0.674819, -0.736722, 0.043130, -0.235595, -0.270447, -0.933463, 0.699367, 0.619757, -0.356071),
      ["UpperTorso"] = CFrame.new(0.003162, 0.001318, 0.000569, 0.999424, -0.033895, -0.001687, 0.031166, 0.936365, -0.349643, 0.013431, 0.349389, 0.936882)
    }},
    {Time = 0.267, Data = {
      ["Head"] = CFrame.new(-0.000000, 0.000000, 0.000000, 0.999879, 0.000771, -0.015538, -0.000783, 0.999999, -0.000771, 0.015537, 0.000783, 0.999879),
      ["LeftFoot"] = CFrame.new(-0.000000, 0.035477, 0.000000, 0.999391, -0.026685, -0.022496, 0.010045, 0.837178, -0.546838, 0.033425, 0.546278, 0.836936),
      ["LeftHand"] = CFrame.new(0.000483, 0.026472, -0.000000, 0.898295, -0.379329, 0.221755, 0.427303, 0.871737, -0.239765, -0.102362, 0.310136, 0.945166),
      ["LeftLowerArm"] = CFrame.new(-0.000499, 0.117931, 0.117631, 1.000000, 0.000000, 0.000000, 0.000000, -0.217310, -0.976103, 0.000000, 0.976103, -0.217310),
      ["LeftLowerLeg"] = CFrame.new(-0.000000, 0.112980, -0.145074, 1.000000, 0.000000, 0.000000, 0.000000, -0.506241, 0.862392, 0.000000, -0.862392, -0.506241),
