return {
local Animations = {
  ["poodle me?"] = {
    {Time = 0.000, Data = {
      ["Head"] = CFrame.new(0.000000, 0.000000, 0.000000, 1.000000, -0.000000, -0.000000, 0.000000, 0.995533, 0.094418, -0.000000, -0.094418, 0.995533),
      ["LeftFoot"] = CFrame.new(-0.000000, 0.005348, -0.000003, 0.995409, -0.073213, -0.061648, 0.067398, 0.993508, -0.091645, 0.067953, 0.087069, 0.993882),
      ["LeftHand"] = CFrame.new(0.000500, 0.000100, 0.000000, 1.000000, 0.000000, 0.000000, -0.000000, 1.000000, 0.000001, -0.000000, -0.000000, 1.000000),
      ["LeftLowerArm"] = CFrame.new(-0.000500, 0.010874, 0.000593, 1.000000, -0.000000, -0.000000, 0.000000, 0.993961, -0.109733, 0.000000, 0.109733, 0.993961),
      ["LeftLowerLeg"] = CFrame.new(0.000000, 0.023847, -0.001544, 1.000000, -0.000000, 0.000000, 0.000000, 0.983129, 0.182898, -0.000000, -0.182915, 0.983132),
      ["LeftUpperArm"] = CFrame.new(0.000000, -0.000000, 0.000000, 0.991816, 0.049555, -0.117664, -0.039762, 0.995658, 0.084166, 0.121324, -0.078798, 0.989480),
      ["LeftUpperLeg"] = CFrame.new(0.000000, -0.000000, -0.000100, 0.989900, 0.084345, 0.113950, -0.072295, 0.991731, -0.106024, -0.121951, 0.096727, 0.987813),
      ["LowerTorso"] = CFrame.new(0.000000, -0.041541, 0.000000, 1.000000, 0.000000, -0.000000, 0.000000, 1.000000, 0.000000, 0.000000, 0.000000, 1.000000),
      ["RightFoot"] = CFrame.new(-0.000000, 0.005894, -0.000103, 0.998734, 0.038476, 0.032398, -0.035487, 0.995464, -0.088272, -0.035645, 0.087009, 0.995569),
      ["RightHand"] = CFrame.new(-0.000500, -0.000000, 0.000000, 1.000000, 0.000000, -0.000000, 0.000000, 1.000000, 0.000001, 0.000000, -0.000000, 1.000000),
      ["RightLowerArm"] = CFrame.new(-0.000000, 0.019868, 0.001973, 1.000000, 0.000000, 0.000000, -0.000000, 0.980067, -0.198670, -0.000000, 0.198669, 0.980067),
      ["RightLowerLeg"] = CFrame.new(0.000000, 0.025384, -0.001915, 1.000000, 0.000000, -0.000000, -0.000000, 0.980390, 0.197049, 0.000000, -0.197065, 0.980394),
      ["RightUpperArm"] = CFrame.new(-0.000000, 0.000000, 0.000000, 0.948807, -0.040325, 0.313270, 0.001536, 0.992394, 0.123092, -0.315851, -0.116309, 0.941653),
      ["RightUpperLeg"] = CFrame.new(0.000000, -0.000000, -0.000000, 0.987674, -0.054641, -0.146680, 0.038476, 0.993090, -0.110854, 0.151724, 0.103855, 0.982953),
      ["UpperTorso"] = CFrame.new(0.000000, 0.000000, 0.000000, 1.000000, 0.000000, 0.000000, -0.000000, 0.997312, -0.073268, -0.000000, 0.073268, 0.997312),
    }},
    {Time = 0.017, Data = {
      ["Head"] = CFrame.new(0.000000, -0.000000, 0.000000, 1.000000, -0.000000, -0.000000, 0.000000, 0.995664, 0.093021, -0.000000, -0.093021, 0.995664),
      ["LeftFoot"] = CFrame.new(-0.000000, 0.005348, -0.000003, 0.995413, -0.073184, -0.061623, 0.067388, 0.993531, -0.091404, 0.067909, 0.086831, 0.993905),
      ["LeftHand"] = CFrame.new(0.000500, 0.000100, 0.000000, 1.000000, 0.000124, 0.000077, -0.000124, 1.000000, -0.000456, -0.000077, 0.000457, 1.000000),
      ["LeftLowerArm"] = CFrame.new(-0.000500, 0.010832, 0.000588, 1.000000, -0.000000, -0.000000, 0.000000, 0.994008, -0.109308, 0.000000, 0.109308, 0.994008),
      ["LeftLowerLeg"] = CFrame.new(-0.000000, 0.023847, -0.001544, 1.000000, -0.000000, 0.000000, 0.000000, 0.983129, 0.182897, -0.000000, -0.182914, 0.983132),
      ["LeftUpperArm"] = CFrame.new(0.000080, 0.000317, 0.000072, 0.991818, 0.049377, -0.117722, -0.039324, 0.995498, 0.086241, 0.121450, -0.080907, 0.989295),
      ["LeftUpperLeg"] = CFrame.new(0.000000, -0.000000, -0.000100, 0.989905, 0.084341, 0.113908, -0.072250, 0.991695, -0.106393, -0.121936, 0.097101, 0.987778),
      ["LowerTorso"] = CFrame.new(0.000000, -0.041541, 0.000416, 1.000000, 0.000000, -0.000000, 0.000000, 1.000000, 0.000134, 0.000000, -0.000134, 1.000000),
      ["RightFoot"] = CFrame.new(0.000000, 0.005894, -0.000103, 0.998737, 0.038439, 0.032367, -0.035462, 0.995486, -0.088031, -0.035602, 0.086771, 0.995592),
      ["RightHand"] = CFrame.new(-0.000500, -0.000000, 0.000000, 0.999989, -0.004787, 0.000219, 0.004787, 0.999988, -0.001342, -0.000212, 0.001343, 0.999999),
      ["RightLowerArm"] = CFrame.new(-0.000000, 0.020775, 0.002160, 1.000000, 0.000000, 0.000000, -0.000000, 0.978188, -0.207725, -0.000000, 0.207724, 0.978187),
      ["RightLowerLeg"] = CFrame.new(-0.000000, 0.025384, -0.001915, 1.000000, 0.000000, 0.000000, -0.000000, 0.980391, 0.197048, 0.000000, -0.197065, 0.980394),
      ["RightUpperArm"] = CFrame.new(0.000257, 0.001226, 0.000481, 0.949326, -0.040108, 0.311723, 0.001557, 0.992412, 0.122949, -0.314288, -0.116233, 0.942185),
      ["RightUpperLeg"] = CFrame.new(0.000000, -0.000000, -0.000000, 0.987680, -0.054636, -0.146641, 0.038419, 0.993051, -0.111222, 0.151699, 0.104230, 0.982917),
      ["UpperTorso"] = CFrame.new(-0.000000, -0.000000, 0.000000, 1.000000, 0.000000, 0.000000, -0.000000, 0.997459, -0.071250, -0.000000, 0.071250, 0.997459),
    }},
    {Time = 0.033, Data = {
      ["Head"] = CFrame.new(-0.000000, -0.000000, 0.000000, 1.000000, -0.000000, -0.000000, 0.000000, 0.996036, 0.088954, -0.000000, -0.088954, 0.996036),
      ["LeftFoot"] = CFrame.new(0.000000, 0.005348, -0.000003, 0.995424, -0.073097, -0.061550, 0.067356, 0.993598, -0.090697, 0.067782, 0.086135, 0.993975),
      ["LeftHand"] = CFrame.new(0.000500, 0.000100, -0.000000, 1.000000, 0.000484, 0.000300, -0.000484, 0.999998, -0.001786, -0.000301, 0.001786, 0.999998),
      ["LeftLowerArm"] = CFrame.new(-0.000500, 0.010711, 0.000575, 1.000000, -0.000000, -0.000000, 0.000000, 0.994140, -0.108099, 0.000000, 0.108099, 0.994140),
      ["LeftLowerLeg"] = CFrame.new(0.000000, 0.023847, -0.001544, 1.000000, -0.000000, -0.000000, 0.000000, 0.983129, 0.182895, -0.000000, -0.182912, 0.983132),
      ["LeftUpperArm"] = CFrame.new(0.000284, 0.001129, 0.000257, 0.991823, 0.048921, -0.117873, -0.038152, 0.995033, 0.091950, 0.121785, -0.086701, 0.988763),
      ["LeftUpperLeg"] = CFrame.new(0.000000, -0.000000, -0.000100, 0.989920, 0.084329, 0.113785, -0.072117, 0.991588, -0.107472, -0.121891, 0.098194, 0.987675),
      ["LowerTorso"] = CFrame.new(0.000000, -0.041541, 0.001631, 1.000000, 0.000000, -0.000000, 0.000000, 1.000000, 0.000523, 0.000000, -0.000523, 1.000000),
      ["RightFoot"] = CFrame.new(0.000000, 0.005893, -0.000103, 0.998744, 0.038332, 0.032276, -0.035388, 0.995551, -0.087326, -0.035478, 0.086073, 0.995657),
      ["RightHand"] = CFrame.new(-0.000500, 0.000000, 0.000000, 0.999828, -0.018529, 0.000883, 0.018533, 0.999815, -0.005224, -0.000786, 0.005240, 0.999986),
      ["RightLowerArm"] = CFrame.new(-0.000000, 0.023327, 0.002735, 1.000000, 0.000000, 0.000000, -0.000000, 0.972418, -0.233244, -0.000000, 0.233244, 0.972418),
      ["RightLowerLeg"] = CFrame.new(-0.000000, 0.025384, -0.001915, 1.000000, 0.000000, -0.000000, -0.000000, 0.980391, 0.197046, 0.000000, -0.197063, 0.980394),
      ["RightUpperArm"] = CFrame.new(0.000913, 0.004361, 0.001710, 0.950638, -0.039557, 0.307769, 0.001752, 0.992510, 0.122155, -0.310296, -0.115586, 0.943587),
      ["RightUpperLeg"] = CFrame.new(0.000000, -0.000000, -0.000000, 0.987698, -0.054624, -0.146525, 0.038253, 0.992936, -0.112300, 0.151625, 0.105325, 0.982812),
      ["UpperTorso"] = CFrame.new(-0.000000, 0.000000, 0.000000, 1.000000, 0.000000, 0.000000, -0.000000, 0.997854, -0.065484, -0.000000, 0.065484, 0.997854),
    }},
    {Time = 0.050, Data = {
      ["Head"] = CFrame.new(-0.000000, -0.000000, 0.000000, 1.000000, -0.000000, -0.000000, 0.000000, 0.996599, 0.082402, -0.000000, -0.082402, 0.996599),
      ["LeftFoot"] = CFrame.new(-0.000000, 0.005348, -0.000003, 0.995441, -0.072957, -0.061432, 0.067305, 0.993706, -0.089547, 0.067575, 0.085004, 0.994086),
      ["LeftHand"] = CFrame.new(0.000500, 0.000100, -0.000000, 0.999999, 0.001065, 0.000658, -0.001063, 0.999992, -0.003926, -0.000662, 0.003926, 0.999992),
      ["LeftLowerArm"] = CFrame.new(-0.000500, 0.010521, 0.000555, 1.000000, -0.000000, -0.000000, 0.000000, 0.994344, -0.106205, 0.000000, 0.106205, 0.994344),
      ["LeftLowerLeg"] = CFrame.new(0.000000, 0.023845, -0.001544, 1.000000, -0.000000, -0.000000, 0.000000, 0.983132, 0.182883, 0.000000, -0.182900, 0.983135),
      ["LeftUpperArm"] = CFrame.new(0.000559, 0.002223, 0.000506, 0.991828, 0.048309, -0.118080, -0.036462, 0.994268, 0.100509, 0.122259, -0.095382, 0.987904),
      ["LeftUpperLeg"] = CFrame.new(0.000000, -0.000000, -0.000100, 0.989945, 0.084308, 0.113586, -0.071902, 0.991414, -0.109210, -0.121818, 0.099957, 0.987508),
      ["LowerTorso"] = CFrame.new(0.000000, -0.041541, 0.003601, 1.000000, 0.000000, -0.000000, 0.000000, 0.999999, 0.001150, 0.000000, -0.001150, 0.999999),
      ["RightFoot"] = CFrame.new(0.000000, 0.005894, -0.000103, 0.998755, 0.038158, 0.032130, -0.035268, 0.995655, -0.086181, -0.035277, 0.084939, 0.995761),
      ["RightHand"] = CFrame.new(-0.000500, 0.000000, -0.000000, 0.999185, -0.040325, 0.002049, 0.040346, 0.999120, -0.011431, -0.001586, 0.011505, 0.999933),
      ["RightLowerArm"] = CFrame.new(-0.000000, 0.027270, 0.003762, 1.000000, 0.000000, 0.000000, -0.000000, 0.962109, -0.272665, -0.000000, 0.272664, 0.962109),
      ["RightLowerLeg"] = CFrame.new(-0.000000, 0.025382, -0.001914, 1.000000, 0.000000, 0.000000, -0.000000, 0.980393, 0.197035, -0.000000, -0.197051, 0.980397),
      ["RightUpperArm"] = CFrame.new(0.001796, 0.008585, 0.003366, 0.952376, -0.038826, 0.302445, 0.002313, 0.992752, 0.120159, -0.304918, -0.113737, 0.945563),
      ["RightUpperLeg"] = CFrame.new(0.000000, -0.000000, -0.000000, 0.987727, -0.054603, -0.146339, 0.037984, 0.992749, -0.114037, 0.151505, 0.107091, 0.982640),
      ["UpperTorso"] = CFrame.new(0.000000, 0.000000, -0.000000, 1.000000, 0.000000, 0.000000, -0.000000, 0.998409, -0.056394, -0.000000, 0.056394, 0.998409),
    }},
    {Time = 0.067, Data = {
      ["Head"] = CFrame.new(0.000000, -0.000000, 0.000000, 1.000000, -0.000000, -0.000000, 0.000000, 0.997292, 0.073548, -0.000000, -0.073548, 0.997292),
      ["LeftFoot"] = CFrame.new(-0.000000, 0.005347, -0.000003, 0.995465, -0.072768, -0.061273, 0.067236, 0.993851, -0.087977, 0.067294, 0.083457, 0.994236),
      ["LeftHand"] = CFrame.new(0.000500, 0.000100, -0.000000, 0.999998, 0.001850, 0.001140, -0.001842, 0.999975, -0.006814, -0.001152, 0.006812, 0.999976),
      ["LeftLowerArm"] = CFrame.new(-0.000500, 0.010273, 0.000529, 1.000000, -0.000000, -0.000000, 0.000000, 0.994606, -0.103726, 0.000000, 0.103725, 0.994606),
      ["LeftLowerLeg"] = CFrame.new(-0.000000, 0.023842, -0.001543, 1.000000, -0.000000, 0.000000, 0.000000, 0.983138, 0.182850, 0.000000, -0.182866, 0.983141),
      ["LeftUpperArm"] = CFrame.new(0.000852, 0.003387, 0.000771, 0.991832, 0.047660, -0.118309, -0.034470, 0.993207, 0.111138, 0.122802, -0.106152, 0.986738),
      ["LeftUpperLeg"] = CFrame.new(0.000000, -0.000000, -0.000100, 0.989978, 0.084279, 0.113317, -0.071611, 0.991173, -0.111559, -0.121719, 0.102338, 0.987276),
      ["LowerTorso"] = CFrame.new(0.000000, -0.041541, 0.006278, 1.000000, 0.000000, -0.000000, 0.000000, 0.999998, 0.001999, 0.000000, -0.001999, 0.999998),
      ["RightFoot"] = CFrame.new(0.000000, 0.005893, -0.000103, 0.998770, 0.037923, 0.031932, -0.035105, 0.995795, -0.084615, -0.035005, 0.083389, 0.995902),
      ["RightHand"] = CFrame.new(-0.000500, 0.000000, 0.000000, 0.997590, -0.069277, 0.003814, 0.069339, 0.997398, -0.019743, -0.002436, 0.019960, 0.999798),
      ["RightLowerArm"] = CFrame.new(-0.000000, 0.032332, 0.005337, 1.000000, 0.000000, 0.000000, -0.000000, 0.946310, -0.323259, -0.000000, 0.323259, 0.946310),
      ["RightLowerLeg"] = CFrame.new(-0.000000, 0.025379, -0.001914, 1.000000, 0.000000, -0.000000, -0.000000, 0.980400, 0.197002, 0.000000, -0.197018, 0.980403),
      ["RightUpperArm"] = CFrame.new(0.002738, 0.013082, 0.005129, 0.954187, -0.038076, 0.296779, 0.003425, 0.993195, 0.116413, -0.299192, -0.110064, 0.947824),
      ["RightUpperLeg"] = CFrame.new(0.000000, -0.000000, -0.000000, 0.987765, -0.054574, -0.146087, 0.037621, 0.992490, -0.116384, 0.151342, 0.109476, 0.982402),
      ["UpperTorso"] = CFrame.new(-0.000000, 0.000000, -0.000000, 1.000000, 0.000000, 0.000000, -0.000000, 0.999014, -0.044406, -0.000000, 0.044406, 0.999014),
    }},
    {Time = 0.083, Data = {
      ["Head"] = CFrame.new(0.000000, 0.000000, 0.000000, 1.000000, -0.000000, -0.000000, 0.000000, 0.998040, 0.062573, -0.000000, -0.062573, 0.998040),
      ["LeftFoot"] = CFrame.new(-0.000000, 0.005345, -0.000003, 0.995495, -0.072532, -0.061074, 0.067150, 0.994029, -0.086006, 0.066944, 0.081517, 0.994421),
      ["LeftHand"] = CFrame.new(0.000500, 0.000100, -0.000000, 0.999995, 0.002824, 0.001732, -0.002805, 0.999942, -0.010389, -0.001762, 0.010385, 0.999945),
      ["LeftLowerArm"] = CFrame.new(-0.000500, 0.009977, 0.000499, 1.000000, -0.000000, -0.000000, 0.000000, 0.994911, -0.100760, 0.000000, 0.100759, 0.994911),
      ["LeftLowerLeg"] = CFrame.new(-0.000000, 0.023833, -0.001542, 1.000000, -0.000000, -0.000000, 0.000000, 0.983150, 0.182783, 0.000000, -0.182799, 0.983153),
      ["LeftUpperArm"] = CFrame.new(0.001109, 0.004411, 0.001004, 0.991835, 0.047093, -0.118518, -0.032391, 0.991871, 0.123055, 0.123350, -0.118211, 0.985298),
      ["LeftUpperLeg"] = CFrame.new(0.000000, -0.000000, -0.000100, 0.990019, 0.084242, 0.112984, -0.071250, 0.990867, -0.114467, -0.121595, 0.105286, 0.986981),
      ["LowerTorso"] = CFrame.new(0.000000, -0.041541, 0.009616, 1.000000, 0.000000, -0.000000, 0.000000, 0.999995, 0.003050, 0.000000, -0.003050, 0.999995),
      ["RightFoot"] = CFrame.new(-0.000000, 0.005891, -0.000103, 0.998789, 0.037630, 0.031686, -0.034902, 0.995967, -0.082651, -0.034666, 0.081444, 0.996075),
      ["RightHand"] = CFrame.new(-0.000500, 0.000000, 0.000000, 0.994510, -0.104450, 0.006298, 0.104593, 0.994065, -0.029928, -0.003135, 0.030423, 0.999532),
      ["RightLowerArm"] = CFrame.new(-0.000000, 0.038220, 0.007551, 1.000000, 0.000000, 0.000000, -0.000000, 0.924111, -0.382124, -0.000000, 0.382124, 0.924111),
      ["RightLowerLeg"] = CFrame.new(0.000000, 0.025371, -0.001912, 1.000000, 0.000000, 0.000000, -0.000000, 0.980413, 0.196936, 0.000000, -0.196953, 0.980416),
      ["RightUpperArm"] = CFrame.new(0.003564, 0.017035, 0.006678, 0.955746, -0.037470, 0.291799, 0.005269, 0.993877, 0.110366, -0.294148, -0.103944, 0.950091),
      ["RightUpperLeg"] = CFrame.new(0.000000, -0.000000, -0.000000, 0.987814, -0.054535, -0.145775, 0.037170, 0.992162, -0.119291, 0.151138, 0.112431, 0.982100),
      ["UpperTorso"] = CFrame.new(-0.000000, -0.000000, 0.000000, 1.000000, 0.000000, 0.000000, -0.000000, 0.999551, -0.029948, -0.000000, 0.029948, 0.999551),
    }},
    {Time = 0.100, Data = {
      ["Head"] = CFrame.new(0.000000, -0.000000, 0.000000, 1.000000, -0.000000, -0.000000, 0.000000, 0.998766, 0.049659, -0.000000, -0.049659, 0.998766),
      ["LeftFoot"] = CFrame.new(0.000000, 0.005342, -0.000003, 0.995529, -0.072254, -0.060840, 0.067049, 0.994237, -0.083655, 0.066530, 0.079201, 0.994636),
      ["LeftHand"] = CFrame.new(0.000500, 0.000100, -0.000000, 0.999989, 0.003970, 0.002424, -0.003934, 0.999886, -0.014588, -0.002482, 0.014579, 0.999891),
      ["LeftLowerArm"] = CFrame.new(-0.000500, 0.009642, 0.000466, 1.000000, -0.000000, -0.000000, 0.000000, 0.995245, -0.097407, 0.000000, 0.097406, 0.995245),
      ["LeftLowerLeg"] = CFrame.new(0.000000, 0.023819, -0.001540, 1.000000, -0.000000, -0.000000, 0.000000, 0.983172, 0.182666, -0.000000, -0.182683, 0.983175),
      ["LeftUpperArm"] = CFrame.new(0.001278, 0.005081, 0.001156, 0.991834, 0.046725, -0.118666, -0.030444, 0.990312, 0.135479, 0.123847, -0.130760, 0.983648),
      ["LeftUpperLeg"] = CFrame.new(0.000000, -0.000000, -0.000100, 0.990068, 0.084195, 0.112592, -0.070825, 0.990497, -0.117882, -0.121447, 0.108749, 0.986624),
      ["LowerTorso"] = CFrame.new(0.000000, -0.041541, 0.013569, 1.000000, 0.000000, -0.000000, 0.000000, 0.999991, 0.004287, 0.000000, -0.004287, 0.999991),
      ["RightFoot"] = CFrame.new(-0.000000, 0.005888, -0.000103, 0.998812, 0.037285, 0.031395, -0.034662, 0.996167, -0.080307, -0.034267, 0.079123, 0.996276),
      ["RightHand"] = CFrame.new(-0.000500, 0.000000, -0.000000, 0.989409, -0.144838, 0.009625, 0.145116, 0.988534, -0.041735, -0.003470, 0.042690, 0.999082),
      ["RightLowerArm"] = CFrame.new(-0.000000, 0.044633, 0.010463, 1.000000, 0.000000, 0.000000, -0.000000, 0.894923, -0.446221, -0.000000, 0.446221, 0.894923),
      ["RightLowerLeg"] = CFrame.new(0.000000, 0.025357, -0.001910, 1.000000, 0.000000, -0.000000, -0.000000, 0.980436, 0.196822, 0.000000, -0.196839, 0.980439),
      ["RightUpperArm"] = CFrame.new(0.004106, 0.019624, 0.007693, 0.956750, -0.037158, 0.288527, 0.008039, 0.994807, 0.101460, -0.290799, -0.094752, 0.952081),
      ["RightUpperLeg"] = CFrame.new(0.000000, -0.000000, -0.000000, 0.987870, -0.054486, -0.145408, 0.036639, 0.991765, -0.122704, 0.150896, 0.115900, 0.981733),
      ["UpperTorso"] = CFrame.new(0.000000, -0.000000, 0.000000, 1.000000, 0.000000, 0.000000, -0.000000, 0.999910, -0.013448, -0.000000, 0.013448, 0.999910),
    }},
    {Time = 0.117, Data = {
      ["Head"] = CFrame.new(-0.000000, -0.000000, -0.000000, 1.000000, -0.000000, -0.000000, 0.000000, 0.999388, 0.034992, -0.000000, -0.034992, 0.999388),
      ["LeftFoot"] = CFrame.new(-0.000000, 0.005338, -0.000003, 0.995568, -0.071937, -0.060573, 0.066934, 0.994469, -0.080941, 0.066057, 0.076528, 0.994877),
      ["LeftHand"] = CFrame.new(0.000500, 0.000100, -0.000000, 0.999981, 0.005273, 0.003202, -0.005210, 0.999799, -0.019351, -0.003304, 0.019334, 0.999808),
      ["LeftLowerArm"] = CFrame.new(-0.000500, 0.009277, 0.000431, 1.000000, -0.000000, -0.000000, 0.000000, 0.995594, -0.093765, 0.000000, 0.093765, 0.995594),
      ["LeftLowerLeg"] = CFrame.new(0.000000, 0.023797, -0.001536, 1.000000, -0.000000, -0.000000, 0.000000, 0.983206, 0.182484, -0.000000, -0.182500, 0.983209),
      ["LeftUpperArm"] = CFrame.new(0.001305, 0.005187, 0.001181, 0.991832, 0.046673, -0.118705, -0.028852, 0.988621, 0.147635, 0.124244, -0.143005, 0.981893),
      ["LeftUpperLeg"] = CFrame.new(0.000000, -0.000000, -0.000100, 0.990123, 0.084138, 0.112148, -0.070341, 0.990064, -0.121751, -0.121278, 0.112672, 0.986205),
      ["LowerTorso"] = CFrame.new(0.000000, -0.041541, 0.018090, 1.000000, 0.000000, -0.000000, 0.000000, 0.999984, 0.005691, 0.000000, -0.005691, 0.999984),
      ["RightFoot"] = CFrame.new(-0.000000, 0.005884, -0.000103, 0.998836, 0.036891, 0.031064, -0.034388, 0.996391, -0.077603, -0.033812, 0.076444, 0.996500),
      ["RightHand"] = CFrame.new(-0.000500, -0.000000, -0.000000, 0.981811, -0.189350, 0.013904, 0.189832, 0.980281, -0.054890, -0.003236, 0.056531, 0.998396),
      ["RightLowerArm"] = CFrame.new(-0.000000, 0.051263, 0.014079, 1.000000, 0.000000, 0.000000, -0.000000, 0.858695, -0.512486, -0.000000, 0.512486, 0.858696),
      ["RightLowerLeg"] = CFrame.new(-0.000000, 0.025335, -0.001907, 1.000000, 0.000000, -0.000000, -0.000000, 0.980472, 0.196644, -0.000000, -0.196660, 0.980475),
      ["RightUpperArm"] = CFrame.new(0.004192, 0.020033, 0.007853, 0.956908, -0.037264, 0.287990, 0.011961, 0.995948, 0.089126, -0.290145, -0.081841, 0.953477),
      ["RightUpperLeg"] = CFrame.new(0.000000, -0.000000, -0.000000, 0.987935, -0.054427, -0.144992, 0.036035, 0.991301, -0.126572, 0.150620, 0.119832, 0.981304),
      ["UpperTorso"] = CFrame.new(0.000000, 0.000000, 0.000000, 1.000000, -0.000000, 0.000000, -0.000000, 0.999989, 0.004659, -0.000000, -0.004659, 0.999989),
    }},
    {Time = 0.133, Data = {
      ["Head"] = CFrame.new(-0.000000, -0.000000, -0.000000, 1.000000, -0.000000, -0.000000, 0.000000, 0.999824, 0.018760, -0.000000, -0.018760, 0.999824),
      ["LeftFoot"] = CFrame.new(0.000000, 0.005332, -0.000003, 0.995612, -0.071586, -0.060277, 0.066807, 0.994722, -0.077884, 0.065531, 0.073515, 0.995139),
      ["LeftHand"] = CFrame.new(0.000500, 0.000100, -0.000000, 0.999969, 0.006717, 0.004055, -0.006615, 0.999675, -0.024613, -0.004219, 0.024586, 0.999689),
      ["LeftLowerArm"] = CFrame.new(-0.000500, 0.008894, 0.000396, 1.000000, -0.000000, -0.000000, 0.000000, 0.995948, -0.089935, 0.000000, 0.089935, 0.995948),
      ["LeftLowerLeg"] = CFrame.new(-0.000000, 0.023764, -0.001532, 1.000000, -0.000000, -0.000000, 0.000000, 0.983255, 0.182218, 0.000000, -0.182234, 0.983258),
      ["LeftUpperArm"] = CFrame.new(0.001136, 0.004516, 0.001028, 0.991829, 0.047050, -0.118584, -0.027837, 0.986926, 0.158755, 0.124503, -0.154156, 0.980171),
      ["LeftUpperLeg"] = CFrame.new(0.000000, -0.000000, -0.000100, 0.990184, 0.084070, 0.111658, -0.069806, 0.989567, -0.126020, -0.121088, 0.117000, 0.985724),
      ["LowerTorso"] = CFrame.new(0.000000, -0.041541, 0.023133, 1.000000, 0.000000, -0.000000, 0.000000, 0.999974, 0.007247, 0.000000, -0.007247, 0.999974),
      ["RightFoot"] = CFrame.new(0.000000, 0.005878, -0.000103, 0.998864, 0.036454, 0.030696, -0.034082, 0.996634, -0.074557, -0.033308, 0.073426, 0.996744),
      ["RightHand"] = CFrame.new(-0.000500, -0.000000, 0.000000, 0.971368, -0.236803, 0.019212, 0.237570, 0.968910, -0.069095, -0.002253, 0.071681, 0.997425),
      ["RightLowerArm"] = CFrame.new(0.000000, 0.057819, 0.018339, 1.000000, 0.000000, 0.000000, -0.000000, 0.816029, -0.578011, -0.000000, 0.578011, 0.816029),
      ["RightLowerLeg"] = CFrame.new(-0.000000, 0.025303, -0.001901, 1.000000, 0.000000, 0.000000, -0.000000, 0.980524, 0.196384, 0.000000, -0.196400, 0.980527),
      ["RightUpperArm"] = CFrame.new(0.003650, 0.017444, 0.006838, 0.955905, -0.037858, 0.291225, 0.017320, 0.997197, 0.072783, -0.293164, -0.064530, 0.953882),
      ["RightUpperLeg"] = CFrame.new(0.000000, -0.000000, -0.000000, 0.988006, -0.054356, -0.144532, 0.035367, 0.990771, -0.130840, 0.150310, 0.124171, 0.980812),
      ["UpperTorso"] = CFrame.new(0.000000, 0.000000, -0.000000, 1.000000, -0.000000, 0.000000, -0.000000, 0.999713, 0.023940, -0.000000, -0.023940, 0.999713),
    }},
    {Time = 0.150, Data = {
      ["Head"] = CFrame.new(0.000000, -0.000000, -0.000000, 1.000000, -0.000000, -0.000000, 0.000000, 0.999999, 0.001154, -0.000000, -0.001154, 0.999999),
      ["LeftFoot"] = CFrame.new(0.000000, 0.005322, -0.000003, 0.995659, -0.071203, -0.059955, 0.066669, 0.994990, -0.074503, 0.064955, 0.070182, 0.995417),
      ["LeftHand"] = CFrame.new(0.000500, 0.000100, 0.000000, 0.999953, 0.008286, 0.004971, -0.008131, 0.999507, -0.030314, -0.005219, 0.030273, 0.999528),
      ["LeftLowerArm"] = CFrame.new(-0.000500, 0.008502, 0.000362, 1.000000, -0.000000, -0.000000, 0.000000, 0.996294, -0.086017, 0.000000, 0.086016, 0.996294),
      ["LeftLowerLeg"] = CFrame.new(-0.000000, 0.023718, -0.001525, 1.000000, -0.000000, -0.000000, 0.000000, 0.983323, 0.181852, -0.000000, -0.181868, 0.983326),
      ["LeftUpperArm"] = CFrame.new(0.000719, 0.002858, 0.000651, 0.991824, 0.047973, -0.118254, -0.027623, 0.985388, 0.168073, 0.124589, -0.163433, 0.978656),
      ["LeftUpperLeg"] = CFrame.new(0.000000, 0.000000, -0.000100, 0.990251, 0.083991, 0.111129, -0.069225, 0.989009, -0.130636, -0.120880, 0.121681, 0.985183),
      ["LowerTorso"] = CFrame.new(0.000000, -0.041541, 0.028652, 1.000000, 0.000000, -0.000000, 0.000000, 0.999960, 0.008936, 0.000000, -0.008936, 0.999960),
      ["RightFoot"] = CFrame.new(0.000000, 0.005869, -0.000103, 0.998893, 0.035979, 0.030295, -0.033748, 0.996892, -0.071189, -0.032761, 0.070087, 0.997003),
      ["RightHand"] = CFrame.new(-0.000500, 0.000000, -0.000000, 0.957904, -0.285946, 0.025579, 0.287087, 0.954211, -0.084037, -0.000378, 0.087843, 0.996134),
      ["RightLowerArm"] = CFrame.new(0.000000, 0.064046, 0.023117, 1.000000, 0.000000, 0.000000, -0.000000, 0.768187, -0.640226, -0.000000, 0.640226, 0.768186),
      ["RightLowerLeg"] = CFrame.new(-0.000000, 0.025259, -0.001894, 1.000000, 0.000000, -0.000000, -0.000000, 0.980596, 0.196026, 0.000000, -0.196042, 0.980599),
      ["RightUpperArm"] = CFrame.new(0.002310, 0.011038, 0.004327, 0.953368, -0.038926, 0.299290, 0.024491, 0.998356, 0.051832, -0.300815, -0.042085, 0.952753),
      ["RightUpperLeg"] = CFrame.new(0.000000, 0.000000, -0.000000, 0.988083, -0.054272, -0.144035, 0.034641, 0.990176, -0.135455, 0.149972, 0.128864, 0.980258),
      ["UpperTorso"] = CFrame.new(-0.000000, 0.000000, 0.000000, 1.000000, -0.000000, 0.000000, 0.000000, 0.999033, 0.043956, -0.000000, -0.043956, 0.999033),
    }},
    {Time = 0.167, Data = {
      ["Head"] = CFrame.new(-0.000000, 0.000000, 0.000000, 1.000000, -0.000000, 0.000000, 0.000000, 0.999845, -0.017630, 0.000000, 0.017630, 0.999845),
      ["LeftFoot"] = CFrame.new(0.000000, 0.005310, -0.000003, 0.995709, -0.070792, -0.059609, 0.066522, 0.995269, -0.070816, 0.064337, 0.066547, 0.995707),
      ["LeftHand"] = CFrame.new(0.000500, 0.000100, 0.000000, 0.999933, 0.009964, 0.005936, -0.009741, 0.999290, -0.036391, -0.006294, 0.036331, 0.999320),
      ["LeftLowerArm"] = CFrame.new(-0.000500, 0.008111, 0.000329, 1.000000, -0.000000, -0.000000, 0.000000, 0.996623, -0.082109, 0.000000, 0.082108, 0.996623),
      ["LeftLowerLeg"] = CFrame.new(0.000000, 0.023660, -0.001516, 1.000000, -0.000000, -0.000000, 0.000000, 0.983412, 0.181368, -0.000000, -0.181385, 0.983415),
      ["LeftUpperArm"] = CFrame.new(0.000000, -0.000000, 0.000000, 0.991816, 0.049555, -0.117664, -0.028432, 0.984187, 0.174833, 0.124467, -0.170057, 0.977542),
      ["LeftUpperLeg"] = CFrame.new(0.000000, -0.000000, -0.000100, 0.990321, 0.083900, 0.110565, -0.068603, 0.988392, -0.135545, -0.120654, 0.126659, 0.984583),
      ["LowerTorso"] = CFrame.new(0.000000, -0.041541, 0.034600, 1.000000, 0.000000, -0.000000, 0.000000, 0.999942, 0.010740, 0.000000, -0.010740, 0.999942),
      ["RightFoot"] = CFrame.new(0.000000, 0.005858, -0.000103, 0.998925, 0.035469, 0.029866, -0.033388, 0.997159, -0.067516, -0.032174, 0.066447, 0.997271),
      ["RightHand"] = CFrame.new(-0.000500, 0.000000, 0.000000, 0.941467, -0.335490, 0.032977, 0.337097, 0.936208, -0.099399, 0.002474, 0.104697, 0.994501),
      ["RightLowerArm"] = CFrame.new(0.000000, 0.069736, 0.028230, 1.000000, 0.000000, 0.000000, -0.000000, 0.717001, -0.697072, -0.000000, 0.697072, 0.717001),
      ["RightLowerLeg"] = CFrame.new(-0.000000, 0.025201, -0.001885, 1.000000, 0.000000, -0.000000, -0.000000, 0.980690, 0.195553, 0.000000, -0.195569, 0.980693),
      ["RightUpperArm"] = CFrame.new(-0.000000, -0.000000, 0.000000, 0.948807, -0.040325, 0.313270, 0.033988, 0.999093, 0.025666, -0.314021, -0.013704, 0.949317),
      ["RightUpperLeg"] = CFrame.new(0.000000, -0.000000, -0.000000, 0.988166, -0.054176, -0.143505, 0.033865, 0.989519, -0.140365, 0.149606, 0.133856, 0.979645),
      ["UpperTorso"] = CFrame.new(0.000000, -0.000000, -0.000000, 1.000000, -0.000000, 0.000000, 0.000000, 0.997932, 0.064272, -0.000000, -0.064272, 0.997932),
    }},
    {Time = 0.183, Data = {
      ["Head"] = CFrame.new(-0.000000, -0.000000, 0.000000, 1.000000, -0.000000, 0.000000, 0.000000, 0.999301, -0.037392, 0.000000, 0.037392, 0.999301),
      ["LeftFoot"] = CFrame.new(0.000000, 0.005295, -0.000003, 0.995761, -0.070358, -0.059244, 0.066367, 0.995554, -0.066843, 0.063679, 0.062629, 0.996003),
      ["LeftHand"] = CFrame.new(0.000500, 0.000100, -0.000000, 0.999907, 0.011735, 0.006940, -0.011427, 0.999019, -0.042780, -0.007435, 0.042697, 0.999060),
      ["LeftLowerArm"] = CFrame.new(-0.000500, 0.007732, 0.000299, 1.000000, -0.000000, -0.000000, 0.000000, 0.996929, -0.078311, 0.000000, 0.078311, 0.996929),
      ["LeftLowerLeg"] = CFrame.new(-0.000000, 0.023584, -0.001505, 1.000000, -0.000000, -0.000000, 0.000000, 0.983525, 0.180754, -0.000000, -0.180770, 0.983528),
      ["LeftUpperArm"] = CFrame.new(-0.001059, -0.004210, -0.000958, 0.991801, 0.051880, -0.116783, -0.030431, 0.983476, 0.178461, 0.124112, -0.173445, 0.976992),
      ["LeftUpperLeg"] = CFrame.new(0.000000, -0.000000, -0.000100, 0.990396, 0.083798, 0.109973, -0.067948, 0.987717, -0.140695, -0.120413, 0.131883, 0.983926),
      ["LowerTorso"] = CFrame.new(0.000000, -0.041541, 0.040931, 1.000000, 0.000000, -0.000000, 0.000000, 0.999920, 0.012642, 0.000000, -0.012642, 0.999920),
      ["RightFoot"] = CFrame.new(-0.000000, 0.005843, -0.000103, 0.998957, 0.034929, 0.029412, -0.033005, 0.997432, -0.063561, -0.031554, 0.062524, 0.997545),
      ["RightHand"] = CFrame.new(-0.000500, 0.000000, -0.000000, 0.922342, -0.384160, 0.041310, 0.386323, 0.915183, -0.114870, 0.006322, 0.121908, 0.992521),
      ["RightLowerArm"] = CFrame.new(-0.000000, 0.074769, 0.033482, 1.000000, 0.000000, 0.000000, -0.000000, 0.664436, -0.747345, -0.000000, 0.747345, 0.664436),
      ["RightLowerLeg"] = CFrame.new(-0.000000, 0.025127, -0.001873, 1.000000, 0.000000, 0.000000, -0.000000, 0.980810, 0.194952, 0.000000, -0.194969, 0.980813),
      ["RightUpperArm"] = CFrame.new(-0.003402, -0.016258, -0.006373, 0.941656, -0.041707, 0.333984, 0.046408, 0.998904, -0.006105, -0.333363, 0.021249, 0.942559),
      ["RightUpperLeg"] = CFrame.new(0.000000, -0.000000, -0.000000, 0.988252, -0.054066, -0.142949, 0.033046, 0.988802, -0.145518, 0.149216, 0.139096, 0.978974),
      ["UpperTorso"] = CFrame.new(0.000000, 0.000000, 0.000000, 1.000000, -0.000000, 0.000000, 0.000000, 0.996423, 0.084511, -0.000000, -0.084511, 0.996423),
    }},
    {Time = 0.200, Data = {
      ["Head"] = CFrame.new(0.000000, 0.000000, 0.000000, 1.000000, -0.000000, 0.000000, 0.000000, 0.998321, -0.057929, 0.000000, 0.057929, 0.998321),
      ["LeftFoot"] = CFrame.new(0.000000, 0.005276, -0.000003, 0.995816, -0.069904, -0.058861, 0.066206, 0.995840, -0.062605, 0.062989, 0.058447, 0.996301),
      ["LeftHand"] = CFrame.new(0.000500, 0.000100, 0.000000, 0.999876, 0.013581, 0.007972, -0.013171, 0.998691, -0.049420, -0.008633, 0.049309, 0.998746),
      ["LeftLowerArm"] = CFrame.new(-0.000500, 0.007373, 0.000272, 1.000000, -0.000000, -0.000000, 0.000000, 0.997204, -0.074725, 0.000000, 0.074724, 0.997204),
      ["LeftLowerLeg"] = CFrame.new(-0.000000, 0.023490, -0.001491, 1.000000, -0.000000, -0.000000, 0.000000, 0.983665, 0.179992, -0.000000, -0.180009, 0.983668),
      ["LeftUpperArm"] = CFrame.new(-0.002435, -0.009682, -0.002203, 0.991773, 0.054903, -0.115639, -0.033546, 0.983255, 0.179123, 0.123537, -0.173770, 0.977007),
      ["LeftUpperLeg"] = CFrame.new(0.000000, -0.000000, -0.000100, 0.990474, 0.083683, 0.109359, -0.067264, 0.986988, -0.146035, -0.120157, 0.137299, 0.983216),
      ["LowerTorso"] = CFrame.new(0.000000, -0.041541, 0.047598, 1.000000, 0.000000, -0.000000, 0.000000, 0.999893, 0.014625, 0.000000, -0.014625, 0.999893),
      ["RightFoot"] = CFrame.new(-0.000000, 0.005825, -0.000103, 0.998990, 0.034365, 0.028936, -0.032602, 0.997705, -0.059341, -0.030907, 0.058338, 0.997818),
      ["RightHand"] = CFrame.new(-0.000500, 0.000000, 0.000000, 0.901063, -0.430748, 0.050417, 0.433546, 0.891681, -0.130164, 0.011113, 0.139143, 0.990210),
      ["RightLowerArm"] = CFrame.new(0.000000, 0.079166, 0.038774, 1.000000, 0.000000, 0.000000, -0.000000, 0.611463, -0.791273, -0.000000, 0.791273, 0.611463),
      ["RightLowerLeg"] = CFrame.new(-0.000000, 0.025036, -0.001859, 1.000000, 0.000000, 0.000000, -0.000000, 0.980957, 0.194208, 0.000000, -0.194224, 0.980960),
      ["RightUpperArm"] = CFrame.new(-0.007824, -0.037392, -0.014658, 0.931570, -0.042449, 0.361075, 0.062101, 0.997144, -0.042992, -0.358218, 0.062473, 0.931545),
      ["RightUpperLeg"] = CFrame.new(0.000000, -0.000000, -0.000000, 0.988342, -0.053942, -0.142371, 0.032192, 0.988029, -0.150860, 0.148805, 0.144530, 0.978249),
      ["UpperTorso"] = CFrame.new(0.000000, -0.000000, 0.000000, 1.000000, -0.000000, 0.000000, 0.000000, 0.994523, 0.104520, -0.000000, -0.104520, 0.994523),
    }},
    {Time = 0.217, Data = {
      ["Head"] = CFrame.new(-0.000000, -0.000000, 0.000000, 1.000000, -0.000000, 0.000000, 0.000000, 0.996872, -0.079033, 0.000000, 0.079033, 0.996872),
      ["LeftFoot"] = CFrame.new(-0.000000, 0.005266, -0.000003, 0.995872, -0.069432, -0.058464, 0.066022, 0.996108, -0.058389, 0.062287, 0.054290, 0.996580),
      ["LeftHand"] = CFrame.new(0.000500, 0.000100, -0.000000, 0.999839, 0.015487, 0.009020, -0.014956, 0.998305, -0.056247, -0.009876, 0.056104, 0.998376),
      ["LeftLowerArm"] = CFrame.new(-0.000500, 0.007045, 0.000248, 1.000000, -0.000000, -0.000000, 0.000000, 0.997444, -0.071449, 0.000000, 0.071448, 0.997444),
      ["LeftLowerLeg"] = CFrame.new(0.000000, 0.023444, -0.001485, 1.000000, -0.000000, 0.000000, 0.000000, 0.983731, 0.179633, -0.000000, -0.179650, 0.983734),
      ["LeftUpperArm"] = CFrame.new(-0.004092, -0.016269, -0.003702, 0.991722, 0.058547, -0.114275, -0.037646, 0.983462, 0.177159, 0.122758, -0.171390, 0.977525),
      ["LeftUpperLeg"] = CFrame.new(0.000000, -0.000000, -0.000100, 0.990554, 0.083588, 0.108704, -0.066557, 0.986164, -0.151811, -0.119890, 0.143153, 0.982414),
      ["LowerTorso"] = CFrame.new(0.000000, -0.041541, 0.054555, 1.000000, 0.000000, -0.000000, 0.000000, 0.999861, 0.016671, 0.000000, -0.016671, 0.999861),
      ["RightFoot"] = CFrame.new(-0.000000, 0.005803, -0.000103, 0.999025, 0.033779, 0.028443, -0.032182, 0.997974, -0.054881, -0.030238, 0.053913, 0.998088),
      ["RightHand"] = CFrame.new(-0.000500, 0.000000, 0.000000, 0.878386, -0.474161, 0.060072, 0.477659, 0.866491, -0.145034, 0.016718, 0.156089, 0.987601),
      ["RightLowerArm"] = CFrame.new(-0.000000, 0.082982, 0.044049, 1.000000, 0.000000, 0.000000, -0.000000, 0.558684, -0.829380, -0.000000, 0.829380, 0.558684),
      ["RightLowerLeg"] = CFrame.new(0.000000, 0.024926, -0.001841, 1.000000, 0.000000, -0.000000, -0.000000, 0.981134, 0.193313, 0.000000, -0.193329, 0.981137),
      ["RightUpperArm"] = CFrame.new(-0.013146, -0.062826, -0.024628, 0.918238, -0.041829, 0.393813, 0.081345, 0.993124, -0.084184, -0.387584, 0.109336, 0.915327),
      ["RightUpperLeg"] = CFrame.new(0.000000, -0.000000, -0.000000, 0.988435, -0.053804, -0.141777, 0.031310, 0.987204, -0.156345, 0.148376, 0.150109, 0.977474),
      ["UpperTorso"] = CFrame.new(0.000000, 0.000000, 0.000000, 1.000000, -0.000000, 0.000000, -0.000000, 0.992257, 0.124205, -0.000000, -0.124205, 0.992257),
    }},
    {Time = 0.233, Data = {
      ["Head"] = CFrame.new(0.000000, 0.000000, 0.000000, 1.000000, -0.000000, 0.000000, 0.000000, 0.994937, -0.100497, 0.000000, 0.100497, 0.994937),
      ["LeftFoot"] = CFrame.new(-0.000000, 0.005239, -0.000003, 0.995930, -0.068948, -0.058056, 0.065850, 0.996384, -0.053688, 0.061544, 0.049649, 0.996869),
      ["LeftHand"] = CFrame.new(0.000500, 0.000100, 0.000000, 0.999797, 0.017436, 0.010074, -0.016765, 0.997860, -0.063199, -0.011154, 0.063018, 0.997950),
      ["LeftLowerArm"] = CFrame.new(-0.000500, 0.006758, 0.000229, 1.000000, -0.000000, -0.000000, 0.000000, 0.997645, -0.068583, 0.000000, 0.068583, 0.997645),
      ["LeftLowerLeg"] = CFrame.new(-0.000000, 0.023311, -0.001465, 1.000000, -0.000000, 0.000000, 0.000000, 0.983928, 0.178552, -0.000000, -0.178568, 0.983931),
      ["LeftUpperArm"] = CFrame.new(-0.005991, -0.023819, -0.005420, 0.991642, 0.062736, -0.112740, -0.042596, 0.984016, 0.172908, 0.121786, -0.166661, 0.978464),
      ["LeftUpperLeg"] = CFrame.new(0.000000, -0.000000, -0.000100, 0.990636, 0.083448, 0.108062, -0.065834, 0.985340, -0.157380, -0.119611, 0.148804, 0.981608),
      ["LowerTorso"] = CFrame.new(0.000000, -0.041541, 0.061756, 1.000000, 0.000000, -0.000000, 0.000000, 0.999824, 0.018762, 0.000000, -0.018762, 0.999824),
      ["RightFoot"] = CFrame.new(-0.000000, 0.005777, -0.000103, 0.999059, 0.033177, 0.027936, -0.031746, 0.998234, -0.050201, -0.029551, 0.049268, 0.998348),
      ["RightHand"] = CFrame.new(-0.000500, 0.000000, 0.000000, 0.855253, -0.513462, 0.069998, 0.517703, 0.840603, -0.159284, 0.022946, 0.172465, 0.984748),
      ["RightLowerArm"] = CFrame.new(-0.000000, 0.086267, 0.049253, 1.000000, 0.000000, 0.000000, -0.000000, 0.506606, -0.862178, -0.000000, 0.862178, 0.506606),
      ["RightLowerLeg"] = CFrame.new(0.000000, 0.024797, -0.001821, 1.000000, 0.000000, 0.000000, -0.000000, 0.981342, 0.192252, 0.000000, -0.192269, 0.981346),
      ["RightUpperArm"] = CFrame.new(-0.019247, -0.091985, -0.036058, 0.901345, -0.039097, 0.431335, 0.104376, 0.986172, -0.128723, -0.420338, 0.161045, 0.892962),
      ["RightUpperLeg"] = CFrame.new(0.000000, -0.000000, -0.000000, 0.988530, -0.053652, -0.141172, 0.030407, 0.986334, -0.161919, 0.147930, 0.155781, 0.976654),
      ["UpperTorso"] = CFrame.new(-0.000000, 0.000000, 0.000000, 1.000000, -0.000000, 0.000000, 0.000000, 0.989654, 0.143472, -0.000000, -0.143472, 0.989654),
    }},
    {Time = 0.250, Data = {
      ["Head"] = CFrame.new(0.000000, 0.000000, -0.000000, 1.000000, -0.000000, 0.000000, 0.000000, 0.992516, -0.122111, 0.000000, 0.122111, 0.992516),
      ["LeftFoot"] = CFrame.new(0.000000, 0.005208, -0.000003, 0.995988, -0.068454, -0.057640, 0.065676, 0.996647, -0.048792, 0.060783, 0.044813, 0.997144),
      ["LeftHand"] = CFrame.new(0.000500, 0.000100, -0.000000, 0.999750, 0.019409, 0.011123, -0.018581, 0.997359, -0.070213, -0.012456, 0.069988, 0.997470),
      ["LeftLowerArm"] = CFrame.new(-0.000500, 0.006523, 0.000213, 1.000000, -0.000000, -0.000000, 0.000000, 0.997804, -0.066229, 0.000000, 0.066229, 0.997805),
      ["LeftLowerLeg"] = CFrame.new(-0.000000, 0.023157, -0.001443, 1.000000, -0.000000, 0.000000, 0.000000, 0.984154, 0.177301, -0.000000, -0.177318, 0.984157),
      ["LeftUpperArm"] = CFrame.new(-0.008096, -0.032185, -0.007324, 0.991524, 0.067393, -0.111081, -0.048262, 0.984825, 0.166707, 0.120630, -0.159933, 0.979729),
      ["LeftUpperLeg"] = CFrame.new(0.000000, -0.000000, -0.000100, 0.990719, 0.083296, 0.107414, -0.065099, 0.984475, -0.162995, -0.119323, 0.154501, 0.980762),
      ["LowerTorso"] = CFrame.new(0.000000, -0.041541, 0.069155, 1.000000, 0.000000, -0.000000, 0.000000, 0.999782, 0.020881, 0.000000, -0.020881, 0.999782),
      ["RightFoot"] = CFrame.new(0.000000, 0.005747, -0.000103, 0.999094, 0.032563, 0.027419, -0.031299, 0.998482, -0.045327, -0.028851, 0.044430, 0.998596),
      ["RightHand"] = CFrame.new(-0.000500, 0.000000, -0.000000, 0.832733, -0.547883, 0.079876, 0.552886, 0.815149, -0.172771, 0.029547, 0.188033, 0.981718),
      ["RightLowerArm"] = CFrame.new(-0.000000, 0.089070, 0.054345, 1.000000, 0.000000, 0.000000, -0.000000, 0.455661, -0.890154, -0.000000, 0.890154, 0.455661),
      ["RightLowerLeg"] = CFrame.new(-0.000000, 0.024646, -0.001797, 1.000000, 0.000000, -0.000000, -0.000000, 0.981582, 0.191026, -0.000000, -0.191042, 0.981585),
      ["RightUpperArm"] = CFrame.new(-0.026007, -0.124294, -0.048724, 0.880631, -0.033528, 0.472615, 0.131327, 0.975683, -0.175487, -0.455238, 0.216607, 0.863620),
      ["RightUpperLeg"] = CFrame.new(0.000000, -0.000000, -0.000000, 0.988626, -0.053485, -0.140560, 0.029490, 0.985422, -0.167539, 0.147472, 0.161500, 0.975794),
      ["UpperTorso"] = CFrame.new(-0.000000, -0.000000, -0.000000, 1.000000, -0.000000, 0.000000, -0.000000, 0.986754, 0.162227, -0.000000, -0.162227, 0.986754),
    }},
    {Time = 0.267, Data = {
      ["Head"] = CFrame.new(-0.000000, -0.000000, -0.000000, 1.000000, -0.000000, 0.000000, 0.000000, 0.989626, -0.143668, 0.000000, 0.143668, 0.989626),
      ["LeftFoot"] = CFrame.new(0.000000, 0.005172, -0.000003, 0.996047, -0.067953, -0.057218, 0.065499, 0.996894, -0.043725, 0.060008, 0.039807, 0.997404),
      ["LeftHand"] = CFrame.new(0.000500, 0.000101, 0.000000, 0.999697, 0.021389, 0.012158, -0.020388, 0.996805, -0.077224, -0.013771, 0.076953, 0.996940),
      ["LeftLowerArm"] = CFrame.new(-0.000500, 0.006349, 0.000202, 1.000000, -0.000000, -0.000000, 0.000000, 0.997919, -0.064486, 0.000000, 0.064485, 0.997919),
      ["LeftLowerLeg"] = CFrame.new(-0.000000, 0.022981, -0.001418, 1.000000, -0.000000, -0.000000, 0.000000, 0.984410, 0.175874, 0.000000, -0.175891, 0.984413),
      ["LeftUpperArm"] = CFrame.new(-0.010368, -0.041218, -0.009380, 0.991361, 0.072442, -0.109345, -0.054509, 0.985790, 0.158893, 0.119302, -0.151560, 0.981222),
