return {

  ["poodle stop wait a min"] = {

    {Time = 0.000, Data = {

      ["Head"] = CFrame.new(-0.148295, 0.093711, 0.082798, 0.905724, 0.345575, 0.245441, -0.314076, 0.936010, -0.158876, -0.284639, 0.066811, 0.956304),

      ["LeftFoot"] = CFrame.new(0.000000, 0.006317, -0.000003, 0.996858, -0.060593, -0.051021, 0.053397, 0.989783, -0.132212, 0.058507, 0.129067, 0.989908),

      ["LeftHand"] = CFrame.new(0.000500, 0.000100, 0.000000, 0.969372, 0.156901, -0.188944, -0.210535, 0.927020, -0.310340, 0.126461, 0.340612, 0.931660),

      ["LeftLowerArm"] = CFrame.new(-0.000500, 0.046115, 0.011268, 1.000000, -0.000000, -0.000000, 0.000000, 0.886859, -0.462040, 0.000000, 0.462039, 0.886859),

      ["LeftLowerLeg"] = CFrame.new(-0.000000, 0.028783, -0.002372, 1.000000, -0.000000, -0.000000, 0.000000, 0.974751, 0.223280, -0.000000, -0.223295, 0.974754),

      ["LeftUpperArm"] = CFrame.new(-0.175713, 0.243590, -0.550521, 0.958681, 0.195076, -0.207066, 0.003547, -0.736005, -0.676967, -0.284461, 0.648260, -0.706286),

      ["LeftUpperLeg"] = CFrame.new(-0.000000, 0.000000, -0.000100, 0.985286, 0.091931, 0.144086, -0.051237, 0.963123, -0.264128, -0.163054, 0.252871, 0.953665),

      ["LowerTorso"] = CFrame.new(0.000000, -0.039879, 0.000000, 0.968971, 0.018618, -0.246473, 0.018618, 0.988829, 0.147884, 0.246473, -0.147884, 0.957800),

      ["RightFoot"] = CFrame.new(0.000000, 0.002137, -0.000103, 0.991630, 0.098763, 0.083162, -0.085862, 0.985473, -0.146532, -0.096420, 0.138163, 0.985704),

      ["RightHand"] = CFrame.new(-0.000500, -0.000000, -0.000000, 1.000000, -0.000000, -0.000000, 0.000000, 1.000000, 0.000001, 0.000000, -0.000000, 1.000000),

      ["RightLowerArm"] = CFrame.new(0.000000, 0.075577, 0.034402, 1.000000, 0.000000, 0.000000, -0.000000, 0.655229, -0.755430, -0.000000, 0.755430, 0.655229),

      ["RightLowerLeg"] = CFrame.new(-0.000000, 0.008143, -0.000165, 1.000000, 0.000000, 0.000000, -0.000000, 0.998173, 0.060410, 0.000000, -0.060428, 0.998174),

      ["RightUpperArm"] = CFrame.new(0.000000, 0.000000, 0.000000, 0.984323, 0.024135, 0.174717, -0.125594, 0.791406, 0.598249, -0.123833, -0.610814, 0.782031),

      ["RightUpperLeg"] = CFrame.new(0.000000, 0.000000, -0.000000, 0.983196, -0.091592, 0.157914, 0.103824, 0.992057, -0.071009, -0.150155, 0.086219, 0.984896),

      ["UpperTorso"] = CFrame.new(-0.000000, 0.000000, 0.000000, 0.994195, 0.037767, -0.100748, -0.025828, 0.992763, 0.117280, 0.104449, -0.113997, 0.987975),

    }},

    {Time = 0.017, Data = {

      ["Head"] = CFrame.new(-0.148295, 0.093711, 0.082798, 0.905724, 0.345575, 0.245441, -0.314076, 0.936010, -0.158876, -0.284639, 0.066811, 0.956304),

      ["LeftFoot"] = CFrame.new(-0.000000, 0.006320, -0.000003, 0.996858, -0.060594, -0.051022, 0.053394, 0.989774, -0.132276, 0.058512, 0.129131, 0.989899),

      ["LeftHand"] = CFrame.new(0.000500, 0.000100, 0.000000, 0.969372, 0.156901, -0.188944, -0.210535, 0.927020, -0.310340, 0.126461, 0.340612, 0.931659),

      ["LeftLowerArm"] = CFrame.new(-0.000500, 0.046115, 0.011267, 1.000000, -0.000000, -0.000000, 0.000000, 0.886859, -0.462039, 0.000000, 0.462039, 0.886859),

      ["LeftLowerLeg"] = CFrame.new(-0.000000, 0.028799, -0.002375, 1.000000, -0.000000, -0.000000, 0.000000, 0.974720, 0.223415, -0.000000, -0.223431, 0.974723),

      ["LeftUpperArm"] = CFrame.new(-0.175713, 0.243589, -0.550521, 0.958681, 0.195076, -0.207066, 0.003547, -0.736005, -0.676967, -0.284461, 0.648261, -0.706286),

      ["LeftUpperLeg"] = CFrame.new(-0.000000, 0.000000, -0.000100, 0.985286, 0.091943, 0.144080, -0.051238, 0.963103, -0.264199, -0.163055, 0.252941, 0.953646),

      ["LowerTorso"] = CFrame.new(0.000000, -0.039912, 0.000000, 0.968971, 0.018618, -0.246473, 0.018618, 0.988829, 0.147884, 0.246473, -0.147884, 0.957800),

      ["RightFoot"] = CFrame.new(0.000000, 0.002143, -0.000103, 0.991630, 0.098766, 0.083163, -0.085856, 0.985461, -0.146612, -0.096429, 0.138244, 0.985692),

      ["RightHand"] = CFrame.new(-0.000500, 0.000000, 0.000000, 1.000000, 0.000000, -0.000000, -0.000000, 1.000000, 0.000001, 0.000000, -0.000000, 1.000000),

      ["RightLowerArm"] = CFrame.new(0.000000, 0.075577, 0.034402, 1.000000, 0.000000, 0.000000, 0.000000, 0.655229, -0.755430, -0.000000, 0.755430, 0.655229),

      ["RightLowerLeg"] = CFrame.new(-0.000000, 0.008165, -0.000165, 1.000000, 0.000000, 0.000000, -0.000000, 0.998162, 0.060579, 0.000000, -0.060597, 0.998163),

      ["RightUpperArm"] = CFrame.new(-0.000000, -0.000000, 0.000000, 0.984323, 0.024135, 0.174717, -0.125594, 0.791406, 0.598249, -0.123833, -0.610814, 0.782031),

      ["RightUpperLeg"] = CFrame.new(0.000000, 0.000000, -0.000000, 0.983196, -0.091580, 0.157920, 0.103826, 0.992051, -0.071096, -0.150153, 0.086306, 0.984889),

      ["UpperTorso"] = CFrame.new(-0.000012, 0.000015, -0.000046, 0.994195, 0.037772, -0.100748, -0.025834, 0.992765, 0.117263, 0.104448, -0.113979, 0.987977),

    }},

    {Time = 0.033, Data = {

      ["Head"] = CFrame.new(-0.148295, 0.093711, 0.082798, 0.905725, 0.345575, 0.245441, -0.314076, 0.936010, -0.158876, -0.284639, 0.066811, 0.956304),

      ["LeftFoot"] = CFrame.new(0.000000, 0.006329, -0.000003, 0.996858, -0.060597, -0.051025, 0.053386, 0.989750, -0.132465, 0.058525, 0.129320, 0.989873),

      ["LeftHand"] = CFrame.new(0.000500, 0.000100, -0.000000, 0.969372, 0.156901, -0.188944, -0.210535, 0.927020, -0.310340, 0.126461, 0.340612, 0.931659),

      ["LeftLowerArm"] = CFrame.new(-0.000500, 0.046115, 0.011267, 1.000000, -0.000000, -0.000000, 0.000000, 0.886859, -0.462040, 0.000000, 0.462039, 0.886859),

      ["LeftLowerLeg"] = CFrame.new(-0.000000, 0.028847, -0.002384, 1.000000, -0.000000, -0.000000, 0.000000, 0.974629, 0.223811, -0.000000, -0.223826, 0.974633),

      ["LeftUpperArm"] = CFrame.new(-0.175713, 0.243589, -0.550521, 0.958681, 0.195076, -0.207066, 0.003547, -0.736005, -0.676967, -0.284461, 0.648261, -0.706286),

      ["LeftUpperLeg"] = CFrame.new(-0.000000, 0.000000, -0.000100, 0.985285, 0.091977, 0.144062, -0.051240, 0.963046, -0.264406, -0.163058, 0.253146, 0.953591),

      ["LowerTorso"] = CFrame.new(0.000000, -0.040009, 0.000000, 0.968971, 0.018618, -0.246473, 0.018618, 0.988829, 0.147884, 0.246473, -0.147884, 0.957800),

      ["RightFoot"] = CFrame.new(-0.000000, 0.002158, -0.000103, 0.991629, 0.098772, 0.083168, -0.085838, 0.985428, -0.146849, -0.096455, 0.138479, 0.985656),

      ["RightHand"] = CFrame.new(-0.000500, 0.000000, -0.000000, 1.000000, 0.000000, -0.000000, 0.000000, 1.000000, 0.000001, 0.000000, -0.000000, 1.000000),

      ["RightLowerArm"] = CFrame.new(-0.000000, 0.075577, 0.034401, 1.000000, 0.000000, 0.000000, -0.000000, 0.655229, -0.755430, -0.000000, 0.755430, 0.655229),

      ["RightLowerLeg"] = CFrame.new(-0.000000, 0.008230, -0.000168, 1.000000, 0.000000, 0.000000, -0.000000, 0.998132, 0.061075, 0.000000, -0.061093, 0.998133),

      ["RightUpperArm"] = CFrame.new(0.000000, -0.000000, 0.000000, 0.984323, 0.024135, 0.174717, -0.125594, 0.791406, 0.598249, -0.123833, -0.610814, 0.782031),

      ["RightUpperLeg"] = CFrame.new(0.000000, 0.000000, -0.000000, 0.983196, -0.091545, 0.157938, 0.103831, 0.992032, -0.071352, -0.150147, 0.086561, 0.984868),

      ["UpperTorso"] = CFrame.new(-0.000047, 0.000061, -0.000181, 0.994195, 0.037785, -0.100745, -0.025853, 0.992770, 0.117214, 0.104446, -0.113929, 0.987984),

    }},

    {Time = 0.050, Data = {

      ["Head"] = CFrame.new(-0.148295, 0.093711, 0.082798, 0.905724, 0.345575, 0.245441, -0.314076, 0.936010, -0.158876, -0.284639, 0.066811, 0.956304),

      ["LeftFoot"] = CFrame.new(-0.000000, 0.006344, -0.000003, 0.996857, -0.060603, -0.051029, 0.053372, 0.989709, -0.132773, 0.058547, 0.129627, 0.989832),

      ["LeftHand"] = CFrame.new(0.000500, 0.000099, 0.000000, 0.969372, 0.156901, -0.188944, -0.210535, 0.927020, -0.310340, 0.126461, 0.340612, 0.931659),

      ["LeftLowerArm"] = CFrame.new(-0.000500, 0.046116, 0.011268, 1.000000, -0.000000, -0.000000, 0.000000, 0.886859, -0.462039, 0.000000, 0.462039, 0.886859),

      ["LeftLowerLeg"] = CFrame.new(0.000000, 0.028926, -0.002399, 1.000000, -0.000000, -0.000000, 0.000000, 0.974481, 0.224457, -0.000000, -0.224472, 0.974484),

      ["LeftUpperArm"] = CFrame.new(-0.175713, 0.243590, -0.550521, 0.958681, 0.195076, -0.207066, 0.003547, -0.736005, -0.676967, -0.284461, 0.648261, -0.706286),

      ["LeftUpperLeg"] = CFrame.new(-0.000000, -0.000000, -0.000100, 0.985284, 0.092034, 0.144034, -0.051245, 0.962952, -0.264746, -0.163063, 0.253481, 0.953501),

      ["LowerTorso"] = CFrame.new(0.000000, -0.040166, 0.000000, 0.968971, 0.018618, -0.246473, 0.018618, 0.988829, 0.147884, 0.246473, -0.147884, 0.957800),

      ["RightFoot"] = CFrame.new(-0.000000, 0.002184, -0.000103, 0.991627, 0.098782, 0.083177, -0.085809, 0.985372, -0.147236, -0.096499, 0.138864, 0.985598),

      ["RightHand"] = CFrame.new(-0.000500, 0.000000, 0.000000, 1.000000, 0.000000, -0.000000, -0.000000, 1.000000, 0.000001, 0.000000, -0.000000, 1.000000),

      ["RightLowerArm"] = CFrame.new(0.000000, 0.075577, 0.034401, 1.000000, 0.000000, 0.000000, -0.000000, 0.655229, -0.755430, -0.000000, 0.755430, 0.655229),

      ["RightLowerLeg"] = CFrame.new(-0.000000, 0.008337, -0.000173, 1.000000, 0.000000, 0.000000, -0.000000, 0.998082, 0.061887, 0.000000, -0.061905, 0.998083),

      ["RightUpperArm"] = CFrame.new(-0.000000, 0.000000, 0.000000, 0.984323, 0.024135, 0.174717, -0.125594, 0.791406, 0.598249, -0.123833, -0.610814, 0.782031),

      ["RightUpperLeg"] = CFrame.new(0.000000, 0.000000, -0.000000, 0.983197, -0.091488, 0.157968, 0.103839, 0.992000, -0.071771, -0.150137, 0.086977, 0.984833),

      ["UpperTorso"] = CFrame.new(-0.000105, 0.000135, -0.000402, 0.994194, 0.037806, -0.100741, -0.025883, 0.992779, 0.117133, 0.104442, -0.113845, 0.987994),

    }},

    {Time = 0.067, Data = {

      ["Head"] = CFrame.new(-0.148295, 0.093711, 0.082798, 0.905724, 0.345575, 0.245441, -0.314076, 0.936010, -0.158876, -0.284639, 0.066811, 0.956304),

      ["LeftFoot"] = CFrame.new(0.000000, 0.006365, -0.000003, 0.996856, -0.060610, -0.051035, 0.053354, 0.989654, -0.133194, 0.058576, 0.130047, 0.989775),

      ["LeftHand"] = CFrame.new(0.000500, 0.000099, 0.000000, 0.969372, 0.156901, -0.188944, -0.210535, 0.927020, -0.310340, 0.126461, 0.340612, 0.931660),

      ["LeftLowerArm"] = CFrame.new(-0.000500, 0.046115, 0.011268, 1.000000, -0.000000, -0.000000, 0.000000, 0.886859, -0.462040, 0.000000, 0.462039, 0.886859),

      ["LeftLowerLeg"] = CFrame.new(-0.000000, 0.029033, -0.002419, 1.000000, -0.000000, -0.000000, 0.000000, 0.974276, 0.225341, -0.000000, -0.225356, 0.974280),

      ["LeftUpperArm"] = CFrame.new(-0.175713, 0.243590, -0.550521, 0.958681, 0.195076, -0.207066, 0.003547, -0.736005, -0.676967, -0.284461, 0.648260, -0.706286),

      ["LeftUpperLeg"] = CFrame.new(-0.000000, 0.000000, -0.000100, 0.985282, 0.092111, 0.143995, -0.051251, 0.962824, -0.265210, -0.163070, 0.253939, 0.953378),

      ["LowerTorso"] = CFrame.new(0.000000, -0.040383, 0.000000, 0.968971, 0.018618, -0.246473, 0.018618, 0.988829, 0.147884, 0.246473, -0.147884, 0.957800),

      ["RightFoot"] = CFrame.new(0.000000, 0.002220, -0.000103, 0.991625, 0.098795, 0.083188, -0.085769, 0.985297, -0.147765, -0.096558, 0.139391, 0.985518),

      ["RightHand"] = CFrame.new(-0.000500, 0.000000, 0.000000, 1.000000, -0.000000, -0.000000, 0.000000, 1.000000, 0.000001, 0.000000, -0.000000, 1.000000),

      ["RightLowerArm"] = CFrame.new(0.000000, 0.075577, 0.034402, 1.000000, 0.000000, 0.000000, 0.000000, 0.655229, -0.755430, -0.000000, 0.755430, 0.655229),

      ["RightLowerLeg"] = CFrame.new(-0.000000, 0.008482, -0.000180, 1.000000, -0.000000, 0.000000, -0.000000, 0.998013, 0.062997, 0.000000, -0.063015, 0.998014),

      ["RightUpperArm"] = CFrame.new(-0.000000, 0.000000, 0.000000, 0.984323, 0.024135, 0.174717, -0.125594, 0.791406, 0.598249, -0.123833, -0.610814, 0.782031),

      ["RightUpperLeg"] = CFrame.new(0.000000, 0.000000, -0.000000, 0.983198, -0.091409, 0.158008, 0.103851, 0.991958, -0.072344, -0.150124, 0.087547, 0.984784),

      ["UpperTorso"] = CFrame.new(-0.000184, 0.000236, -0.000705, 0.994194, 0.037834, -0.100735, -0.025924, 0.992791, 0.117022, 0.104437, -0.113731, 0.988007),

    }},

    {Time = 0.083, Data = {

      ["Head"] = CFrame.new(-0.148295, 0.093711, 0.082798, 0.905724, 0.345575, 0.245441, -0.314076, 0.936010, -0.158876, -0.284639, 0.066811, 0.956304),

      ["LeftFoot"] = CFrame.new(-0.000000, 0.006391, -0.000003, 0.996855, -0.060619, -0.051043, 0.053331, 0.989583, -0.133723, 0.058614, 0.130575, 0.989703),

      ["LeftHand"] = CFrame.new(0.000500, 0.000100, -0.000000, 0.969372, 0.156901, -0.188944, -0.210535, 0.927020, -0.310340, 0.126461, 0.340612, 0.931660),

      ["LeftLowerArm"] = CFrame.new(-0.000500, 0.046115, 0.011268, 1.000000, -0.000000, -0.000000, 0.000000, 0.886859, -0.462040, 0.000000, 0.462039, 0.886859),

      ["LeftLowerLeg"] = CFrame.new(0.000000, 0.029168, -0.002444, 1.000000, -0.000000, -0.000000, 0.000000, 0.974019, 0.226451, -0.000000, -0.226466, 0.974023),

      ["LeftUpperArm"] = CFrame.new(-0.175712, 0.243590, -0.550521, 0.958681, 0.195076, -0.207066, 0.003547, -0.736005, -0.676967, -0.284461, 0.648260, -0.706286),

      ["LeftUpperLeg"] = CFrame.new(-0.000000, -0.000000, -0.000100, 0.985281, 0.092208, 0.143946, -0.051259, 0.962663, -0.265793, -0.163080, 0.254514, 0.953223),

      ["LowerTorso"] = CFrame.new(0.000000, -0.040655, 0.000000, 0.968971, 0.018618, -0.246473, 0.018618, 0.988829, 0.147884, 0.246473, -0.147884, 0.957800),

      ["RightFoot"] = CFrame.new(0.000000, 0.002264, -0.000103, 0.991622, 0.098812, 0.083203, -0.085719, 0.985201, -0.148430, -0.096633, 0.140053, 0.985417),

      ["RightHand"] = CFrame.new(-0.000500, 0.000000, 0.000000, 1.000000, -0.000000, -0.000000, -0.000000, 1.000000, 0.000001, 0.000000, -0.000000, 1.000000),

      ["RightLowerArm"] = CFrame.new(0.000000, 0.075577, 0.034401, 1.000000, 0.000000, 0.000000, -0.000000, 0.655229, -0.755430, -0.000000, 0.755430, 0.655229),

      ["RightLowerLeg"] = CFrame.new(-0.000000, 0.008665, -0.000189, 1.000000, 0.000000, 0.000000, -0.000000, 0.997923, 0.064392, 0.000000, -0.064410, 0.997925),

      ["RightUpperArm"] = CFrame.new(-0.000000, 0.000000, 0.000000, 0.984323, 0.024135, 0.174717, -0.125594, 0.791406, 0.598249, -0.123833, -0.610814, 0.782031),

      ["RightUpperLeg"] = CFrame.new(0.000000, 0.000000, -0.000000, 0.983199, -0.091311, 0.158058, 0.103866, 0.991903, -0.073064, -0.150107, 0.088262, 0.984723),

      ["UpperTorso"] = CFrame.new(-0.000283, 0.000364, -0.001085, 0.994193, 0.037871, -0.100728, -0.025976, 0.992806, 0.116883, 0.104430, -0.113588, 0.988024),

    }},

    {Time = 0.100, Data = {

      ["Head"] = CFrame.new(-0.148295, 0.093711, 0.082798, 0.905724, 0.345575, 0.245441, -0.314076, 0.936010, -0.158876, -0.284639, 0.066811, 0.956304),

      ["LeftFoot"] = CFrame.new(-0.000000, 0.006421, -0.000003, 0.996854, -0.060630, -0.051052, 0.053303, 0.989499, -0.134354, 0.058658, 0.131205, 0.989617),

      ["LeftHand"] = CFrame.new(0.000500, 0.000100, 0.000000, 0.969372, 0.156901, -0.188944, -0.210535, 0.927020, -0.310340, 0.126461, 0.340612, 0.931660),

      ["LeftLowerArm"] = CFrame.new(-0.000500, 0.046115, 0.011267, 1.000000, -0.000000, -0.000000, 0.000000, 0.886860, -0.462039, 0.000000, 0.462039, 0.886859),

      ["LeftLowerLeg"] = CFrame.new(0.000000, 0.029329, -0.002475, 1.000000, -0.000000, -0.000000, 0.000000, 0.973710, 0.227775, -0.000000, -0.227790, 0.973714),

      ["LeftUpperArm"] = CFrame.new(-0.175713, 0.243589, -0.550521, 0.958681, 0.195076, -0.207066, 0.003547, -0.736005, -0.676966, -0.284461, 0.648260, -0.706286),

      ["LeftUpperLeg"] = CFrame.new(-0.000000, 0.000000, -0.000100, 0.985278, 0.092323, 0.143887, -0.051268, 0.962470, -0.266489, -0.163090, 0.255201, 0.953037),

      ["LowerTorso"] = CFrame.new(0.000000, -0.040980, 0.000000, 0.968971, 0.018618, -0.246473, 0.018618, 0.988829, 0.147884, 0.246473, -0.147884, 0.957800),

      ["RightFoot"] = CFrame.new(-0.000000, 0.002317, -0.000103, 0.991619, 0.098833, 0.083220, -0.085659, 0.985086, -0.149224, -0.096721, 0.140844, 0.985295),

      ["RightHand"] = CFrame.new(-0.000500, -0.000000, -0.000000, 1.000000, 0.000000, -0.000000, -0.000000, 1.000000, 0.000001, 0.000000, -0.000000, 1.000000),

      ["RightLowerArm"] = CFrame.new(0.000000, 0.075577, 0.034401, 1.000000, 0.000000, 0.000000, -0.000000, 0.655229, -0.755430, -0.000000, 0.755430, 0.655229),

      ["RightLowerLeg"] = CFrame.new(-0.000000, 0.008882, -0.000199, 1.000000, 0.000000, 0.000000, -0.000000, 0.997815, 0.066058, 0.000000, -0.066076, 0.997816),

      ["RightUpperArm"] = CFrame.new(-0.000000, -0.000000, 0.000000, 0.984323, 0.024135, 0.174716, -0.125594, 0.791406, 0.598249, -0.123833, -0.610814, 0.782031),

      ["RightUpperLeg"] = CFrame.new(0.000000, 0.000000, -0.000000, 0.983200, -0.091193, 0.158119, 0.103884, 0.991838, -0.073924, -0.150086, 0.089117, 0.984649),

      ["UpperTorso"] = CFrame.new(-0.000402, 0.000516, -0.001541, 0.994192, 0.037914, -0.100720, -0.026037, 0.992824, 0.116717, 0.104422, -0.113416, 0.988045),

    }},

    {Time = 0.117, Data = {

      ["Head"] = CFrame.new(-0.148295, 0.093710, 0.082798, 0.905725, 0.345575, 0.245441, -0.314076, 0.936010, -0.158876, -0.284639, 0.066811, 0.956304),

      ["LeftFoot"] = CFrame.new(0.000000, 0.006457, -0.000003, 0.996853, -0.060643, -0.051063, 0.053271, 0.989402, -0.135082, 0.058710, 0.131931, 0.989518),

      ["LeftHand"] = CFrame.new(0.000500, 0.000100, -0.000000, 0.969372, 0.156901, -0.188944, -0.210535, 0.927020, -0.310340, 0.126461, 0.340612, 0.931659),

      ["LeftLowerArm"] = CFrame.new(-0.000500, 0.046115, 0.011267, 1.000000, -0.000000, -0.000000, 0.000000, 0.886859, -0.462039, 0.000000, 0.462039, 0.886859),

      ["LeftLowerLeg"] = CFrame.new(0.000000, 0.029514, -0.002510, 1.000000, -0.000000, -0.000000, 0.000000, 0.973352, 0.229301, -0.000000, -0.229316, 0.973356),

      ["LeftUpperArm"] = CFrame.new(-0.175712, 0.243589, -0.550521, 0.958681, 0.195076, -0.207066, 0.003547, -0.736005, -0.676967, -0.284461, 0.648261, -0.706286),

      ["LeftUpperLeg"] = CFrame.new(-0.000000, -0.000000, -0.000100, 0.985276, 0.092457, 0.143820, -0.051279, 0.962247, -0.267291, -0.163103, 0.255992, 0.952823),

      ["LowerTorso"] = CFrame.new(0.000000, -0.041356, 0.000000, 0.968971, 0.018618, -0.246473, 0.018618, 0.988829, 0.147884, 0.246473, -0.147884, 0.957800),

      ["RightFoot"] = CFrame.new(-0.000000, 0.002377, -0.000103, 0.991615, 0.098856, 0.083240, -0.085590, 0.984953, -0.150141, -0.096824, 0.141756, 0.985154),

      ["RightHand"] = CFrame.new(-0.000500, 0.000001, 0.000000, 1.000000, 0.000000, -0.000000, -0.000000, 1.000000, 0.000001, 0.000000, -0.000000, 1.000000),

      ["RightLowerArm"] = CFrame.new(0.000000, 0.075577, 0.034401, 1.000000, 0.000000, 0.000000, -0.000000, 0.655229, -0.755431, -0.000000, 0.755430, 0.655229),

      ["RightLowerLeg"] = CFrame.new(-0.000000, 0.009133, -0.000212, 1.000000, 0.000000, -0.000000, -0.000000, 0.997685, 0.067980, 0.000000, -0.067998, 0.997687),

      ["RightUpperArm"] = CFrame.new(-0.000000, -0.000000, 0.000000, 0.984323, 0.024135, 0.174717, -0.125594, 0.791406, 0.598249, -0.123833, -0.610814, 0.782031),

      ["RightUpperLeg"] = CFrame.new(0.000000, -0.000000, -0.000000, 0.983201, -0.091057, 0.158188, 0.103904, 0.991761, -0.074916, -0.150063, 0.090103, 0.984563),

      ["UpperTorso"] = CFrame.new(-0.000539, 0.000693, -0.002067, 0.994191, 0.037964, -0.100710, -0.026109, 0.992845, 0.116524, 0.104413, -0.113218, 0.988069),

    }},

    {Time = 0.133, Data = {

      ["Head"] = CFrame.new(-0.148295, 0.093711, 0.082798, 0.905725, 0.345575, 0.245441, -0.314076, 0.936010, -0.158876, -0.284639, 0.066811, 0.956304),

      ["LeftFoot"] = CFrame.new(0.000000, 0.006497, -0.000003, 0.996851, -0.060657, -0.051075, 0.053235, 0.989292, -0.135900, 0.058768, 0.132748, 0.989405),

      ["LeftHand"] = CFrame.new(0.000500, 0.000100, -0.000000, 0.969372, 0.156901, -0.188944, -0.210535, 0.927020, -0.310340, 0.126461, 0.340612, 0.931660),

      ["LeftLowerArm"] = CFrame.new(-0.000500, 0.046116, 0.011268, 1.000000, -0.000000, -0.000000, 0.000000, 0.886859, -0.462039, 0.000000, 0.462039, 0.886859),

      ["LeftLowerLeg"] = CFrame.new(-0.000000, 0.029722, -0.002550, 1.000000, -0.000000, -0.000000, 0.000000, 0.972946, 0.231016, -0.000000, -0.231032, 0.972950),

      ["LeftUpperArm"] = CFrame.new(-0.175712, 0.243589, -0.550521, 0.958681, 0.195076, -0.207066, 0.003547, -0.736005, -0.676967, -0.284461, 0.648261, -0.706286),

      ["LeftUpperLeg"] = CFrame.new(-0.000000, -0.000000, -0.000100, 0.985273, 0.092607, 0.143743, -0.051291, 0.961996, -0.268192, -0.163117, 0.256882, 0.952581),

      ["LowerTorso"] = CFrame.new(0.000000, -0.041779, 0.000000, 0.968971, 0.018618, -0.246473, 0.018618, 0.988829, 0.147884, 0.246473, -0.147884, 0.957800),

      ["RightFoot"] = CFrame.new(0.000000, 0.002445, -0.000103, 0.991610, 0.098883, 0.083262, -0.085512, 0.984802, -0.151172, -0.096940, 0.142782, 0.984995),

      ["RightHand"] = CFrame.new(-0.000500, 0.000000, 0.000000, 1.000000, 0.000000, -0.000000, -0.000000, 1.000000, 0.000001, 0.000000, -0.000000, 1.000000),

      ["RightLowerArm"] = CFrame.new(0.000000, 0.075577, 0.034402, 1.000000, 0.000000, 0.000000, -0.000000, 0.655229, -0.755430, -0.000000, 0.755430, 0.655229),

      ["RightLowerLeg"] = CFrame.new(-0.000000, 0.009415, -0.000226, 1.000000, 0.000000, -0.000000, -0.000000, 0.997536, 0.070143, 0.000000, -0.070161, 0.997537),

      ["RightUpperArm"] = CFrame.new(-0.000000, -0.000000, 0.000000, 0.984323, 0.024135, 0.174717, -0.125594, 0.791406, 0.598249, -0.123833, -0.610814, 0.782031),

      ["RightUpperLeg"] = CFrame.new(0.000000, -0.000000, -0.000000, 0.983203, -0.090904, 0.158266, 0.103927, 0.991674, -0.076033, -0.150036, 0.091213, 0.984465),

      ["UpperTorso"] = CFrame.new(-0.000694, 0.000891, -0.002660, 0.994190, 0.038020, -0.100699, -0.026189, 0.992868, 0.116307, 0.104403, -0.112995, 0.988095),

    }},

    {Time = 0.150, Data = {

      ["Head"] = CFrame.new(-0.148295, 0.093711, 0.082798, 0.905725, 0.345575, 0.245441, -0.314076, 0.936010, -0.158876, -0.284639, 0.066811, 0.956304),

      ["LeftFoot"] = CFrame.new(-0.000000, 0.006529, -0.000003, 0.996850, -0.060673, -0.051088, 0.053212, 0.989207, -0.136524, 0.058817, 0.133370, 0.989319),

      ["LeftHand"] = CFrame.new(0.000500, 0.000099, 0.000000, 0.969372, 0.156901, -0.188944, -0.210535, 0.927020, -0.310340, 0.126461, 0.340612, 0.931659),

      ["LeftLowerArm"] = CFrame.new(-0.000500, 0.046115, 0.011267, 1.000000, -0.000000, -0.000000, 0.000000, 0.886859, -0.462039, 0.000000, 0.462039, 0.886859),

      ["LeftLowerLeg"] = CFrame.new(-0.000000, 0.029882, -0.002581, 1.000000, -0.000000, -0.000000, 0.000000, 0.972634, 0.232326, -0.000000, -0.232341, 0.972638),

      ["LeftUpperArm"] = CFrame.new(-0.175713, 0.243589, -0.550521, 0.958681, 0.195076, -0.207066, 0.003547, -0.736005, -0.676966, -0.284461, 0.648260, -0.706286),

      ["LeftUpperLeg"] = CFrame.new(-0.000000, 0.000000, -0.000100, 0.985269, 0.092727, 0.143689, -0.051304, 0.961802, -0.268882, -0.163133, 0.257561, 0.952395),

      ["LowerTorso"] = CFrame.new(0.000000, -0.042248, 0.000000, 0.968971, 0.018618, -0.246473, 0.018618, 0.988829, 0.147884, 0.246473, -0.147884, 0.957800),

      ["RightFoot"] = CFrame.new(0.000000, 0.002533, -0.000103, 0.991605, 0.098913, 0.083287, -0.085404, 0.984603, -0.152525, -0.097086, 0.144130, 0.984784),

      ["RightHand"] = CFrame.new(-0.000500, -0.000000, 0.000000, 1.000000, 0.000000, -0.000000, -0.000000, 1.000000, 0.000001, 0.000000, -0.000000, 1.000000),

      ["RightLowerArm"] = CFrame.new(0.000000, 0.075577, 0.034401, 1.000000, 0.000000, 0.000000, -0.000000, 0.655229, -0.755430, -0.000000, 0.755430, 0.655229),

      ["RightLowerLeg"] = CFrame.new(-0.000000, 0.009786, -0.000246, 1.000000, 0.000000, 0.000000, -0.000000, 0.997331, 0.072993, 0.000000, -0.073011, 0.997333),

      ["RightUpperArm"] = CFrame.new(-0.000000, 0.000000, 0.000000, 0.984323, 0.024135, 0.174716, -0.125594, 0.791406, 0.598249, -0.123833, -0.610814, 0.782031),

      ["RightUpperLeg"] = CFrame.new(0.000000, 0.000000, -0.000000, 0.983205, -0.090696, 0.158374, 0.103952, 0.991557, -0.077508, -0.150007, 0.092679, 0.984332),

      ["UpperTorso"] = CFrame.new(-0.000865, 0.001111, -0.003316, 0.994189, 0.038083, -0.100687, -0.026278, 0.992894, 0.116068, 0.104392, -0.112747, 0.988125),

    }},

    {Time = 0.167, Data = {

      ["Head"] = CFrame.new(-0.148295, 0.093711, 0.082798, 0.905724, 0.345575, 0.245441, -0.314076, 0.936010, -0.158876, -0.284639, 0.066811, 0.956304),

      ["LeftFoot"] = CFrame.new(0.000000, 0.006577, -0.000003, 0.996848, -0.060690, -0.051103, 0.053169, 0.989073, -0.137509, 0.058887, 0.134353, 0.989181),

      ["LeftHand"] = CFrame.new(0.000500, 0.000100, 0.000000, 0.969372, 0.156901, -0.188944, -0.210535, 0.927020, -0.310340, 0.126461, 0.340612, 0.931660),

      ["LeftLowerArm"] = CFrame.new(-0.000500, 0.046115, 0.011267, 1.000000, -0.000000, -0.000000, 0.000000, 0.886859, -0.462039, 0.000000, 0.462039, 0.886859),

      ["LeftLowerLeg"] = CFrame.new(0.000000, 0.030132, -0.002630, 1.000000, -0.000000, -0.000000, 0.000000, 0.972139, 0.234391, -0.000000, -0.234406, 0.972143),

      ["LeftUpperArm"] = CFrame.new(-0.175713, 0.243590, -0.550521, 0.958681, 0.195076, -0.207066, 0.003547, -0.736005, -0.676967, -0.284461, 0.648261, -0.706286),

      ["LeftUpperLeg"] = CFrame.new(-0.000000, -0.000000, -0.000100, 0.985266, 0.092907, 0.143597, -0.051319, 0.961498, -0.269967, -0.163150, 0.258633, 0.952102),

      ["LowerTorso"] = CFrame.new(0.000000, -0.042759, 0.000000, 0.968971, 0.018618, -0.246473, 0.018618, 0.988829, 0.147884, 0.246473, -0.147884, 0.957800),

      ["RightFoot"] = CFrame.new(0.000000, 0.002614, -0.000103, 0.991600, 0.098945, 0.083314, -0.085310, 0.984418, -0.153768, -0.097225, 0.145366, 0.984588),

      ["RightHand"] = CFrame.new(-0.000500, 0.000001, -0.000000, 1.000000, 0.000000, -0.000000, -0.000000, 1.000000, 0.000001, 0.000000, -0.000000, 1.000000),

      ["RightLowerArm"] = CFrame.new(-0.000000, 0.075577, 0.034401, 1.000000, 0.000000, 0.000000, -0.000000, 0.655229, -0.755430, -0.000000, 0.755430, 0.655229),

      ["RightLowerLeg"] = CFrame.new(-0.000000, 0.010125, -0.000265, 1.000000, 0.000000, 0.000000, -0.000000, 0.997137, 0.075598, 0.000000, -0.075616, 0.997138),

      ["RightUpperArm"] = CFrame.new(-0.000000, 0.000000, 0.000000, 0.984323, 0.024135, 0.174717, -0.125594, 0.791406, 0.598249, -0.123833, -0.610814, 0.782031),

      ["RightUpperLeg"] = CFrame.new(0.000000, 0.000000, -0.000000, 0.983207, -0.090511, 0.158467, 0.103980, 0.991448, -0.078853, -0.149975, 0.094016, 0.984211),

      ["UpperTorso"] = CFrame.new(-0.001051, 0.001351, -0.004031, 0.994188, 0.038151, -0.100674, -0.026375, 0.992922, 0.115806, 0.104379, -0.112478, 0.988157),

    }},

    {Time = 0.183, Data = {

      ["Head"] = CFrame.new(-0.148295, 0.093711, 0.082798, 0.905724, 0.345575, 0.245441, -0.314076, 0.936010, -0.158876, -0.284639, 0.066811, 0.956304),

      ["LeftFoot"] = CFrame.new(-0.000000, 0.006628, -0.000003, 0.996846, -0.060709, -0.051119, 0.053122, 0.988928, -0.138568, 0.058961, 0.135409, 0.989033),

      ["LeftHand"] = CFrame.new(0.000500, 0.000101, 0.000000, 0.969372, 0.156901, -0.188944, -0.210535, 0.927020, -0.310340, 0.126461, 0.340612, 0.931659),

      ["LeftLowerArm"] = CFrame.new(-0.000500, 0.046115, 0.011268, 1.000000, -0.000000, -0.000000, 0.000000, 0.886859, -0.462039, 0.000000, 0.462039, 0.886859),

      ["LeftLowerLeg"] = CFrame.new(-0.000000, 0.030401, -0.002683, 1.000000, -0.000000, -0.000000, 0.000000, 0.971602, 0.236608, -0.000000, -0.236623, 0.971605),

      ["LeftUpperArm"] = CFrame.new(-0.175713, 0.243590, -0.550521, 0.958681, 0.195076, -0.207066, 0.003547, -0.736005, -0.676967, -0.284461, 0.648260, -0.706286),

      ["LeftUpperLeg"] = CFrame.new(-0.000000, 0.000000, -0.000100, 0.985262, 0.093101, 0.143497, -0.051334, 0.961169, -0.271134, -0.163168, 0.259783, 0.951785),

      ["LowerTorso"] = CFrame.new(0.000000, -0.043311, 0.000000, 0.968971, 0.018618, -0.246473, 0.018618, 0.988829, 0.147884, 0.246473, -0.147884, 0.957800),

      ["RightFoot"] = CFrame.new(-0.000000, 0.002700, -0.000103, 0.991594, 0.098980, 0.083344, -0.085208, 0.984217, -0.155103, -0.097375, 0.146696, 0.984376),

      ["RightHand"] = CFrame.new(-0.000500, 0.000000, 0.000000, 1.000000, 0.000000, -0.000000, 0.000000, 1.000000, 0.000001, 0.000000, -0.000000, 1.000000),

      ["RightLowerArm"] = CFrame.new(0.000000, 0.075577, 0.034401, 1.000000, 0.000000, 0.000000, -0.000000, 0.655229, -0.755430, -0.000000, 0.755430, 0.655229),

      ["RightLowerLeg"] = CFrame.new(-0.000000, 0.010487, -0.000286, 1.000000, 0.000000, 0.000000, -0.000000, 0.996921, 0.078400, 0.000000, -0.078418, 0.996922),

      ["RightUpperArm"] = CFrame.new(-0.000000, 0.000000, 0.000000, 0.984323, 0.024135, 0.174717, -0.125594, 0.791406, 0.598249, -0.123833, -0.610814, 0.782031),

      ["RightUpperLeg"] = CFrame.new(0.000000, 0.000000, -0.000000, 0.983209, -0.090313, 0.158567, 0.104010, 0.991329, -0.080300, -0.149940, 0.095453, 0.984077),

      ["UpperTorso"] = CFrame.new(-0.001253, 0.001610, -0.004803, 0.994186, 0.038224, -0.100660, -0.026480, 0.992952, 0.115524, 0.104366, -0.112187, 0.988191),

    }},

    {Time = 0.200, Data = {

      ["Head"] = CFrame.new(-0.148295, 0.093711, 0.082798, 0.905725, 0.345575, 0.245441, -0.314076, 0.936010, -0.158876, -0.284639, 0.066811, 0.956304),

      ["LeftFoot"] = CFrame.new(0.000000, 0.006682, -0.000003, 0.996844, -0.060729, -0.051136, 0.053072, 0.988772, -0.139693, 0.059041, 0.136532, 0.988874),

      ["LeftHand"] = CFrame.new(0.000500, 0.000100, -0.000000, 0.969372, 0.156901, -0.188944, -0.210535, 0.927020, -0.310340, 0.126461, 0.340612, 0.931660),

      ["LeftLowerArm"] = CFrame.new(-0.000500, 0.046115, 0.011267, 1.000000, -0.000000, -0.000000, 0.000000, 0.886859, -0.462039, 0.000000, 0.462039, 0.886859),

      ["LeftLowerLeg"] = CFrame.new(0.000000, 0.030686, -0.002740, 1.000000, -0.000000, -0.000000, 0.000000, 0.971025, 0.238964, -0.000000, -0.238979, 0.971028),

      ["LeftUpperArm"] = CFrame.new(-0.175713, 0.243589, -0.550521, 0.958681, 0.195076, -0.207066, 0.003547, -0.736005, -0.676967, -0.284461, 0.648260, -0.706286),

      ["LeftUpperLeg"] = CFrame.new(-0.000000, -0.000000, -0.000100, 0.985258, 0.093307, 0.143392, -0.051351, 0.960817, -0.272373, -0.163188, 0.261006, 0.951447),

      ["LowerTorso"] = CFrame.new(0.000000, -0.043899, 0.000000, 0.968971, 0.018618, -0.246473, 0.018618, 0.988829, 0.147884, 0.246473, -0.147884, 0.957800),

      ["RightFoot"] = CFrame.new(-0.000000, 0.002790, -0.000103, 0.991587, 0.099017, 0.083375, -0.085099, 0.984002, -0.156525, -0.097534, 0.148110, 0.984149),

      ["RightHand"] = CFrame.new(-0.000500, -0.000000, -0.000000, 1.000000, 0.000000, -0.000000, -0.000000, 1.000000, 0.000001, 0.000000, -0.000000, 1.000000),

      ["RightLowerArm"] = CFrame.new(-0.000000, 0.075577, 0.034402, 1.000000, 0.000000, 0.000000, -0.000000, 0.655229, -0.755430, -0.000000, 0.755430, 0.655229),

      ["RightLowerLeg"] = CFrame.new(-0.000000, 0.010873, -0.000309, 1.000000, 0.000000, 0.000000, -0.000000, 0.996682, 0.081380, 0.000000, -0.081398, 0.996683),

      ["RightUpperArm"] = CFrame.new(-0.000000, -0.000000, 0.000000, 0.984323, 0.024135, 0.174717, -0.125594, 0.791406, 0.598249, -0.123833, -0.610814, 0.782031),

      ["RightUpperLeg"] = CFrame.new(0.000000, 0.000000, -0.000000, 0.983211, -0.090102, 0.158673, 0.104042, 0.991199, -0.081839, -0.149903, 0.096983, 0.983934),

      ["UpperTorso"] = CFrame.new(-0.001467, 0.001886, -0.005627, 0.994185, 0.038303, -0.100645, -0.026592, 0.992984, 0.115223, 0.104352, -0.111876, 0.988228),

    }},

    {Time = 0.217, Data = {

      ["Head"] = CFrame.new(-0.148295, 0.093711, 0.082798, 0.905724, 0.345575, 0.245441, -0.314076, 0.936010, -0.158876, -0.284639, 0.066811, 0.956304),

      ["LeftFoot"] = CFrame.new(0.000000, 0.006739, -0.000003, 0.996842, -0.060750, -0.051153, 0.053020, 0.988607, -0.140880, 0.059125, 0.137717, 0.988704),

      ["LeftHand"] = CFrame.new(0.000500, 0.000101, -0.000000, 0.969372, 0.156901, -0.188944, -0.210535, 0.927020, -0.310340, 0.126461, 0.340612, 0.931660),

      ["LeftLowerArm"] = CFrame.new(-0.000500, 0.046116, 0.011267, 1.000000, -0.000000, -0.000000, 0.000000, 0.886859, -0.462039, 0.000000, 0.462039, 0.886859),

      ["LeftLowerLeg"] = CFrame.new(0.000000, 0.030987, -0.002801, 1.000000, -0.000000, 0.000000, 0.000000, 0.970410, 0.241449, -0.000000, -0.241464, 0.970414),

      ["LeftUpperArm"] = CFrame.new(-0.175713, 0.243589, -0.550521, 0.958681, 0.195076, -0.207066, 0.003547, -0.736005, -0.676967, -0.284461, 0.648260, -0.706286),

      ["LeftUpperLeg"] = CFrame.new(-0.000000, 0.000000, -0.000100, 0.985253, 0.093525, 0.143280, -0.051369, 0.960445, -0.273681, -0.163209, 0.262297, 0.951089),

      ["LowerTorso"] = CFrame.new(0.000000, -0.044522, 0.000000, 0.968971, 0.018618, -0.246473, 0.018618, 0.988829, 0.147884, 0.246473, -0.147884, 0.957800),

      ["RightFoot"] = CFrame.new(-0.000000, 0.002885, -0.000103, 0.991580, 0.099056, 0.083408, -0.084985, 0.983772, -0.158025, -0.097702, 0.149603, 0.983906),

      ["RightHand"] = CFrame.new(-0.000500, -0.000000, 0.000000, 1.000000, -0.000000, -0.000000, -0.000000, 1.000000, 0.000001, 0.000000, -0.000000, 1.000000),

      ["RightLowerArm"] = CFrame.new(0.000000, 0.075578, 0.034401, 1.000000, 0.000000, 0.000000, -0.000000, 0.655229, -0.755430, -0.000000, 0.755430, 0.655229),

      ["RightLowerLeg"] = CFrame.new(-0.000000, 0.011280, -0.000335, 1.000000, 0.000000, 0.000000, -0.000000, 0.996420, 0.084525, 0.000000, -0.084543, 0.996421),

      ["RightUpperArm"] = CFrame.new(-0.000000, 0.000000, 0.000000, 0.984323, 0.024135, 0.174716, -0.125594, 0.791406, 0.598250, -0.123833, -0.610814, 0.782031),

      ["RightUpperLeg"] = CFrame.new(0.000000, 0.000000, -0.000000, 0.983214, -0.089879, 0.158785, 0.104076, 0.991060, -0.083462, -0.149864, 0.098596, 0.983779),

      ["UpperTorso"] = CFrame.new(-0.001695, 0.002178, -0.006499, 0.994183, 0.038385, -0.100629, -0.026710, 0.993017, 0.114904, 0.104337, -0.111548, 0.988267),

    }},

    {Time = 0.233, Data = {

      ["Head"] = CFrame.new(-0.148295, 0.093711, 0.082798, 0.905724, 0.345575, 0.245441, -0.314076, 0.936010, -0.158876, -0.284639, 0.066811, 0.956304),

      ["LeftFoot"] = CFrame.new(0.000000, 0.006798, -0.000003, 0.996839, -0.060773, -0.051172, 0.052965, 0.988432, -0.142123, 0.059214, 0.138957, 0.988525),

      ["LeftHand"] = CFrame.new(0.000500, 0.000099, -0.000000, 0.969372, 0.156901, -0.188944, -0.210535, 0.927020, -0.310340, 0.126461, 0.340612, 0.931660),

      ["LeftLowerArm"] = CFrame.new(-0.000500, 0.046115, 0.011267, 1.000000, -0.000000, -0.000000, 0.000000, 0.886859, -0.462039, 0.000000, 0.462039, 0.886859),

      ["LeftLowerLeg"] = CFrame.new(-0.000000, 0.031301, -0.002865, 1.000000, -0.000000, -0.000000, 0.000000, 0.969759, 0.244050, -0.000000, -0.244064, 0.969763),

      ["LeftUpperArm"] = CFrame.new(-0.175713, 0.243590, -0.550521, 0.958681, 0.195076, -0.207066, 0.003547, -0.736005, -0.676967, -0.284461, 0.648261, -0.706286),

      ["LeftUpperLeg"] = CFrame.new(-0.000000, -0.000000, -0.000100, 0.985249, 0.093753, 0.143163, -0.051388, 0.960052, -0.275049, -0.163231, 0.263647, 0.950712),

      ["LowerTorso"] = CFrame.new(0.000000, -0.045177, 0.000000, 0.968971, 0.018618, -0.246473, 0.018618, 0.988829, 0.147884, 0.246473, -0.147884, 0.957800),

      ["RightFoot"] = CFrame.new(-0.000000, 0.002984, -0.000103, 0.991573, 0.099098, 0.083443, -0.084864, 0.983528, -0.159596, -0.097878, 0.151167, 0.983650),

      ["RightHand"] = CFrame.new(-0.000500, 0.000000, 0.000000, 1.000000, 0.000000, -0.000000, -0.000000, 1.000000, 0.000001, 0.000000, -0.000000, 1.000000),

      ["RightLowerArm"] = CFrame.new(0.000000, 0.075577, 0.034402, 1.000000, 0.000000, 0.000000, -0.000000, 0.655229, -0.755430, -0.000000, 0.755430, 0.655229),

      ["RightLowerLeg"] = CFrame.new(-0.000000, 0.011704, -0.000363, 1.000000, 0.000000, 0.000000, -0.000000, 0.996135, 0.087819, 0.000000, -0.087837, 0.996136),

      ["RightUpperArm"] = CFrame.new(-0.000000, 0.000000, 0.000000, 0.984323, 0.024135, 0.174716, -0.125594, 0.791406, 0.598249, -0.123833, -0.610814, 0.782031),

      ["RightUpperLeg"] = CFrame.new(0.000000, -0.000000, -0.000000, 0.983216, -0.089645, 0.158901, 0.104112, 0.990912, -0.085163, -0.149822, 0.100287, 0.983615),

      ["UpperTorso"] = CFrame.new(-0.001934, 0.002485, -0.007415, 0.994182, 0.038473, -0.100612, -0.026835, 0.993053, 0.114569, 0.104321, -0.111202, 0.988307),

    }},

    {Time = 0.250, Data = {

      ["Head"] = CFrame.new(-0.148295, 0.093711, 0.082798, 0.905724, 0.345575, 0.245441, -0.314076, 0.936010, -0.158876, -0.284639, 0.066811, 0.956304),

      ["LeftFoot"] = CFrame.new(0.000000, 0.006860, -0.000003, 0.996837, -0.060796, -0.051192, 0.052908, 0.988248, -0.143415, 0.059306, 0.140246, 0.988338),

      ["LeftHand"] = CFrame.new(0.000500, 0.000100, -0.000000, 0.969372, 0.156901, -0.188944, -0.210535, 0.927020, -0.310340, 0.126461, 0.340612, 0.931660),

      ["LeftLowerArm"] = CFrame.new(-0.000500, 0.046116, 0.011268, 1.000000, -0.000000, -0.000000, 0.000000, 0.886859, -0.462040, 0.000000, 0.462039, 0.886859),

      ["LeftLowerLeg"] = CFrame.new(-0.000000, 0.031627, -0.002933, 1.000000, -0.000000, -0.000000, 0.000000, 0.969075, 0.246752, -0.000000, -0.246766, 0.969079),

      ["LeftUpperArm"] = CFrame.new(-0.175713, 0.243590, -0.550521, 0.958681, 0.195076, -0.207066, 0.003547, -0.736005, -0.676967, -0.284461, 0.648260, -0.706286),

      ["LeftUpperLeg"] = CFrame.new(-0.000000, -0.000000, -0.000100, 0.985244, 0.093990, 0.143041, -0.051407, 0.959643, -0.276472, -0.163253, 0.265051, 0.950317),

      ["LowerTorso"] = CFrame.new(0.000000, -0.045861, 0.000000, 0.968971, 0.018618, -0.246473, 0.018618, 0.988829, 0.147884, 0.246473, -0.147884, 0.957800),

      ["RightFoot"] = CFrame.new(0.000000, 0.003085, -0.000103, 0.991566, 0.099141, 0.083480, -0.084739, 0.983273, -0.161230, -0.098062, 0.152793, 0.983380),

      ["RightHand"] = CFrame.new(-0.000500, 0.000000, 0.000000, 1.000000, 0.000000, -0.000000, 0.000000, 1.000000, 0.000001, 0.000000, -0.000000, 1.000000),

      ["RightLowerArm"] = CFrame.new(0.000000, 0.075578, 0.034401, 1.000000, 0.000000, 0.000000, -0.000000, 0.655229, -0.755430, -0.000000, 0.755430, 0.655229),

      ["RightLowerLeg"] = CFrame.new(-0.000000, 0.012144, -0.000393, 1.000000, 0.000000, 0.000000, -0.000000, 0.995827, 0.091245, 0.000000, -0.091263, 0.995829),

      ["RightUpperArm"] = CFrame.new(-0.000000, -0.000000, 0.000000, 0.984323, 0.024135, 0.174716, -0.125594, 0.791406, 0.598249, -0.123833, -0.610814, 0.782031),

      ["RightUpperLeg"] = CFrame.new(0.000000, 0.000000, -0.000000, 0.983219, -0.089403, 0.159022, 0.104149, 0.990754, -0.086932, -0.149779, 0.102045, 0.983440),

      ["UpperTorso"] = CFrame.new(-0.002184, 0.002806, -0.008373, 0.994180, 0.038564, -0.100594, -0.026964, 0.993090, 0.114218, 0.104304, -0.110841, 0.988350),

    }},

    {Time = 0.267, Data = {

      ["Head"] = CFrame.new(-0.148295, 0.093711, 0.082798, 0.905724, 0.345575, 0.245441, -0.314076, 0.936010, -0.158876, -0.284639, 0.066811, 0.956304),

      ["LeftFoot"] = CFrame.new(0.000000, 0.006924, -0.000003, 0.996834, -0.060820, -0.051212, 0.052849, 0.988057, -0.144752, 0.059401, 0.141581, 0.988142),

      ["LeftHand"] = CFrame.new(0.000500, 0.000100, -0.000000, 0.969372, 0.156901, -0.188944, -0.210535, 0.927020, -0.310340, 0.126461, 0.340612, 0.931660),

      ["LeftLowerArm"] = CFrame.new(-0.000500, 0.046116, 0.011268, 1.000000, -0.000000, -0.000000, 0.000000, 0.886859, -0.462040, 0.000000, 0.462039, 0.886859),

