return {

  ["poodle ice twerk"] = {

    {Time = 0.000, Data = {

      ["Head"] = CFrame.new(-0.000000, 0.000000, -0.000000, 0.082562, 0.142305, -0.986374, -0.202565, 0.971488, 0.123202, 0.975782, 0.189633, 0.109034),

      ["LeftFoot"] = CFrame.new(-0.000000, -0.000175, -0.000003, 0.966728, -0.195680, -0.164765, 0.251163, 0.848251, 0.466281, 0.048518, -0.492118, 0.869157),

      ["LeftHand"] = CFrame.new(0.000500, 0.000100, 0.000000, 1.000000, -0.000000, 0.000000, 0.000000, 1.000000, 0.000001, -0.000000, -0.000000, 1.000000),

      ["LeftLowerArm"] = CFrame.new(-0.000499, 0.098315, 0.118281, 1.000000, -0.000000, 0.000000, 0.000000, -0.183795, -0.982964, 0.000000, 0.982965, -0.183796),

      ["LeftLowerLeg"] = CFrame.new(-0.000000, 0.000296, 0.000104, 1.000000, -0.000000, -0.000000, -0.000000, 1.000000, 0.000693, -0.000000, -0.000711, 1.000000),

      ["LeftUpperArm"] = CFrame.new(0.000000, 0.000000, -0.000000, 0.534146, -0.103719, -0.839006, -0.749027, -0.518225, -0.412798, -0.391978, 0.848932, -0.354496),

      ["LeftUpperLeg"] = CFrame.new(0.000860, 0.029481, 0.015215, 0.773797, 0.383279, 0.504319, 0.055164, 0.752362, -0.656432, -0.631027, 0.535769, 0.561034),

      ["LowerTorso"] = CFrame.new(-0.010348, -0.086113, 0.342189, 0.994071, 0.025871, -0.105608, 0.025871, 0.887109, 0.460834, 0.105608, -0.460834, 0.881181),

      ["RightFoot"] = CFrame.new(0.000000, -0.018615, -0.000103, 0.992444, 0.093859, 0.079031, -0.121323, 0.846890, 0.517776, -0.018331, -0.523419, 0.851858),

      ["RightHand"] = CFrame.new(-0.000500, 0.000000, -0.000000, 1.000000, 0.000000, -0.000000, 0.000000, 1.000000, 0.000001, 0.000000, 0.000000, 1.000000),

      ["RightLowerArm"] = CFrame.new(0.000000, 0.059498, 0.019552, 1.000000, 0.000000, 0.000000, -0.000000, 0.803884, -0.594786, -0.000000, 0.594786, 0.803884),

      ["RightLowerLeg"] = CFrame.new(0.000000, -0.018548, -0.000242, 1.000000, -0.000000, -0.000000, -0.000000, 1.000000, -0.000007, -0.000000, -0.000010, 1.000000),

      ["RightUpperArm"] = CFrame.new(0.000000, -0.000000, -0.000000, 0.688748, -0.548094, 0.474573, 0.614433, 0.788735, 0.019200, -0.384836, 0.278369, 0.880007),

      ["RightUpperLeg"] = CFrame.new(0.000860, 0.029481, 0.015314, 0.889232, -0.248604, -0.384010, -0.099480, 0.714262, -0.692769, 0.446509, 0.654237, 0.610416),

      ["UpperTorso"] = CFrame.new(-0.016886, 0.065375, -0.142928, 0.994440, 0.058656, -0.087453, -0.085267, 0.935863, -0.341892, 0.061790, 0.347448, 0.935661),

    }},

    {Time = 0.017, Data = {

      ["Head"] = CFrame.new(0.000000, 0.000000, -0.000000, 0.082167, 0.141389, -0.986538, -0.209886, 0.970140, 0.121558, 0.974267, 0.197073, 0.109389),

      ["LeftFoot"] = CFrame.new(-0.000000, 0.003593, -0.000003, 0.962130, -0.208519, -0.175577, 0.261588, 0.887433, 0.379549, 0.076666, -0.411075, 0.908359),

      ["LeftHand"] = CFrame.new(0.000500, 0.000100, 0.000000, 1.000000, 0.000000, 0.000000, 0.000000, 1.000000, 0.000001, -0.000000, 0.000000, 1.000000),

      ["LeftLowerArm"] = CFrame.new(-0.000500, 0.098315, 0.118282, 1.000000, -0.000000, 0.000000, 0.000000, -0.183795, -0.982964, 0.000000, 0.982965, -0.183796),

      ["LeftLowerLeg"] = CFrame.new(0.000000, 0.015496, -0.000546, 1.000000, -0.000000, -0.000000, 0.000000, 0.993252, 0.115955, 0.000000, -0.115973, 0.993254),

      ["LeftUpperArm"] = CFrame.new(0.000000, 0.000000, -0.000000, 0.534313, -0.102896, -0.839001, -0.749332, -0.516980, -0.413804, -0.391168, 0.849790, -0.353332),

      ["LeftUpperLeg"] = CFrame.new(0.000860, 0.029481, 0.015215, 0.717561, 0.453959, 0.528234, 0.039055, 0.730992, -0.681262, -0.695400, 0.509483, 0.506805),

      ["LowerTorso"] = CFrame.new(-0.010040, -0.101629, 0.337355, 0.984294, 0.025866, -0.174632, 0.054939, 0.895207, 0.442252, 0.167771, -0.444900, 0.879725),

      ["RightFoot"] = CFrame.new(-0.000000, -0.021518, -0.000103, 0.992423, 0.093988, 0.079139, -0.121779, 0.838015, 0.531917, -0.016325, -0.537492, 0.843091),

      ["RightHand"] = CFrame.new(-0.000500, 0.000000, 0.000000, 1.000000, -0.000000, -0.000000, -0.000000, 1.000000, 0.000001, 0.000000, -0.000000, 1.000000),

      ["RightLowerArm"] = CFrame.new(0.000000, 0.059499, 0.019552, 1.000000, 0.000000, 0.000000, 0.000000, 0.803884, -0.594786, -0.000000, 0.594786, 0.803884),

      ["RightLowerLeg"] = CFrame.new(0.000000, -0.021441, -0.000281, 1.000000, -0.000000, -0.000000, 0.000000, 1.000000, -0.000007, -0.000000, -0.000010, 1.000000),

      ["RightUpperArm"] = CFrame.new(0.000000, -0.000000, -0.000000, 0.689267, -0.548080, 0.473835, 0.614408, 0.788769, 0.018608, -0.383945, 0.278302, 0.880417),

      ["RightUpperLeg"] = CFrame.new(0.000860, 0.029481, 0.015315, 0.918786, -0.204945, -0.337388, -0.094762, 0.715173, -0.692491, 0.383213, 0.668226, 0.637672),

      ["UpperTorso"] = CFrame.new(-0.027960, 0.065527, -0.148311, 0.996499, 0.079231, -0.026697, -0.083602, 0.940322, -0.329857, -0.001032, 0.330934, 0.943653),

    }},

    {Time = 0.033, Data = {

      ["Head"] = CFrame.new(-0.000000, 0.000000, -0.000000, 0.081959, 0.139866, -0.986773, -0.217433, 0.968763, 0.119254, 0.972628, 0.204783, 0.109810),

      ["LeftFoot"] = CFrame.new(-0.000000, 0.005997, -0.000003, 0.955557, -0.225514, -0.189888, 0.274464, 0.915639, 0.293752, 0.107617, -0.332789, 0.936831),

      ["LeftHand"] = CFrame.new(0.000500, 0.000100, 0.000000, 1.000000, 0.000000, 0.000000, 0.000000, 1.000000, 0.000001, -0.000000, -0.000000, 1.000000),

      ["LeftLowerArm"] = CFrame.new(-0.000500, 0.098315, 0.118281, 1.000000, -0.000000, 0.000000, 0.000000, -0.183795, -0.982964, 0.000000, 0.982965, -0.183796),

      ["LeftLowerLeg"] = CFrame.new(-0.000000, 0.027138, -0.002076, 1.000000, -0.000000, 0.000000, 0.000000, 0.977749, 0.209762, 0.000000, -0.209778, 0.977752),

      ["LeftUpperArm"] = CFrame.new(-0.000000, 0.000000, -0.000000, 0.536016, -0.101225, -0.838117, -0.749148, -0.514714, -0.416950, -0.389184, 0.851366, -0.351727),

      ["LeftUpperLeg"] = CFrame.new(0.000860, 0.029481, 0.015215, 0.649969, 0.521441, 0.552852, 0.011316, 0.720744, -0.693101, -0.759876, 0.456757, 0.462564),

      ["LowerTorso"] = CFrame.new(-0.009355, -0.115320, 0.329782, 0.967888, 0.023121, -0.250318, 0.085414, 0.906274, 0.413971, 0.236428, -0.422058, 0.875197),

      ["RightFoot"] = CFrame.new(-0.000000, -0.025393, -0.000103, 0.992516, 0.093410, 0.078652, -0.121350, 0.826372, 0.549926, -0.013627, -0.555323, 0.831502),

      ["RightHand"] = CFrame.new(-0.000500, 0.000000, 0.000000, 1.000000, 0.000000, -0.000000, -0.000000, 1.000000, 0.000001, 0.000000, -0.000000, 1.000000),

      ["RightLowerArm"] = CFrame.new(-0.000001, 0.059498, 0.019552, 1.000000, 0.000000, 0.000000, 0.000000, 0.803884, -0.594786, -0.000000, 0.594786, 0.803884),

      ["RightLowerLeg"] = CFrame.new(0.000000, -0.025303, -0.000332, 1.000000, -0.000000, -0.000000, -0.000000, 1.000000, -0.000007, 0.000000, -0.000010, 1.000000),

      ["RightUpperArm"] = CFrame.new(0.000000, 0.000000, -0.000000, 0.690181, -0.547704, 0.472938, 0.614188, 0.788969, 0.017383, -0.382654, 0.278475, 0.880924),

      ["RightUpperLeg"] = CFrame.new(0.000860, 0.029481, 0.015315, 0.946337, -0.156212, -0.282922, -0.086488, 0.721081, -0.687428, 0.311394, 0.675011, 0.668879),

      ["UpperTorso"] = CFrame.new(-0.040421, 0.063311, -0.150938, 0.994033, 0.100741, 0.041836, -0.083043, 0.947557, -0.308609, -0.070732, 0.303293, 0.950269),

    }},

    {Time = 0.050, Data = {

      ["Head"] = CFrame.new(-0.000000, 0.000000, 0.000000, 0.082000, 0.137881, -0.987049, -0.225031, 0.967369, 0.116438, 0.970895, 0.212569, 0.110352),

      ["LeftFoot"] = CFrame.new(0.000000, 0.007578, -0.000003, 0.946741, -0.246312, -0.207401, 0.289545, 0.933018, 0.213659, 0.140873, -0.262312, 0.954639),

      ["LeftHand"] = CFrame.new(0.000500, 0.000100, 0.000000, 1.000000, 0.000000, 0.000000, 0.000000, 1.000000, 0.000001, -0.000000, -0.000000, 1.000000),

      ["LeftLowerArm"] = CFrame.new(-0.000500, 0.098315, 0.118281, 1.000000, -0.000000, 0.000000, 0.000000, -0.183795, -0.982964, 0.000000, 0.982965, -0.183796),

      ["LeftLowerLeg"] = CFrame.new(-0.000000, 0.035477, -0.003793, 1.000000, -0.000000, -0.000000, 0.000000, 0.960367, 0.278725, 0.000000, -0.278738, 0.960371),

      ["LeftUpperArm"] = CFrame.new(0.000000, -0.000000, -0.000000, 0.539057, -0.098831, -0.836451, -0.748517, -0.511552, -0.421944, -0.386187, 0.853550, -0.349732),

      ["LeftUpperLeg"] = CFrame.new(0.000860, 0.029481, 0.015215, 0.572892, 0.579512, 0.579629, -0.028960, 0.721043, -0.692276, -0.819119, 0.379820, 0.429866),

      ["LowerTorso"] = CFrame.new(-0.007332, -0.127409, 0.319328, 0.944708, 0.015640, -0.327541, 0.114810, 0.919861, 0.375065, 0.307158, -0.391932, 0.867204),

      ["RightFoot"] = CFrame.new(0.000000, -0.029352, -0.000103, 0.992604, 0.092864, 0.078192, -0.120931, 0.812815, 0.569862, -0.010636, -0.575072, 0.818012),

      ["RightHand"] = CFrame.new(-0.000499, -0.000000, -0.000000, 1.000000, 0.000000, -0.000000, -0.000000, 1.000000, 0.000001, 0.000000, 0.000000, 1.000000),

      ["RightLowerArm"] = CFrame.new(0.000000, 0.059498, 0.019552, 1.000000, 0.000000, 0.000000, 0.000000, 0.803884, -0.594786, -0.000000, 0.594786, 0.803884),

      ["RightLowerLeg"] = CFrame.new(-0.000000, -0.029249, -0.000384, 1.000000, 0.000000, 0.000000, -0.000000, 1.000000, -0.000007, -0.000000, -0.000010, 1.000000),

      ["RightUpperArm"] = CFrame.new(0.000000, -0.000000, -0.000000, 0.691530, -0.546980, 0.471805, 0.613743, 0.789353, 0.015554, -0.380928, 0.278811, 0.881566),

      ["RightUpperLeg"] = CFrame.new(0.000860, 0.029481, 0.015315, 0.968879, -0.105539, -0.223908, -0.076249, 0.733320, -0.675590, 0.235498, 0.671642, 0.702455),

      ["UpperTorso"] = CFrame.new(-0.053186, 0.058871, -0.151047, 0.986120, 0.120926, 0.113778, -0.085318, 0.956909, -0.277571, -0.142440, 0.264011, 0.953944),

    }},

    {Time = 0.067, Data = {

      ["Head"] = CFrame.new(0.000000, -0.000000, -0.000000, 0.082348, 0.135583, -0.987338, -0.232507, 0.965978, 0.113258, 0.969102, 0.220236, 0.111071),

      ["LeftFoot"] = CFrame.new(0.000000, 0.008550, -0.000003, 0.935585, -0.270107, -0.227437, 0.306407, 0.941143, 0.142725, 0.175489, -0.203204, 0.963277),

      ["LeftHand"] = CFrame.new(0.000500, 0.000100, -0.000000, 1.000000, 0.000000, 0.000000, 0.000000, 1.000000, 0.000001, -0.000000, -0.000000, 1.000000),

      ["LeftLowerArm"] = CFrame.new(-0.000500, 0.098315, 0.118281, 1.000000, -0.000000, 0.000000, 0.000000, -0.183795, -0.982964, 0.000000, 0.982965, -0.183796),

      ["LeftLowerLeg"] = CFrame.new(-0.000000, 0.040785, -0.005176, 1.000000, -0.000000, 0.000000, 0.000000, 0.946354, 0.323118, -0.000000, -0.323131, 0.946359),

      ["LeftUpperArm"] = CFrame.new(0.000000, -0.000000, -0.000000, 0.543231, -0.095841, -0.834095, -0.747475, -0.507620, -0.428489, -0.382337, 0.856234, -0.347394),

      ["LeftUpperLeg"] = CFrame.new(0.000860, 0.029481, 0.015215, 0.489811, 0.623441, 0.609438, -0.081663, 0.728761, -0.679873, -0.867996, 0.283247, 0.407870),

      ["LowerTorso"] = CFrame.new(-0.003120, -0.137893, 0.306107, 0.915961, 0.001702, -0.401264, 0.140907, 0.934945, 0.325613, 0.375713, -0.354790, 0.856133),

      ["RightFoot"] = CFrame.new(0.000000, -0.032614, -0.000103, 0.992621, 0.092757, 0.078102, -0.121017, 0.798377, 0.589903, -0.007637, -0.594971, 0.803688),

      ["RightHand"] = CFrame.new(-0.000500, 0.000000, -0.000000, 1.000000, 0.000000, -0.000000, -0.000000, 1.000000, 0.000001, 0.000000, -0.000000, 1.000000),

      ["RightLowerArm"] = CFrame.new(0.000000, 0.059498, 0.019552, 1.000000, 0.000000, 0.000000, 0.000000, 0.803884, -0.594786, -0.000000, 0.594786, 0.803884),

      ["RightLowerLeg"] = CFrame.new(0.000000, -0.032499, -0.000427, 1.000000, 0.000000, -0.000000, 0.000000, 1.000000, -0.000007, -0.000000, -0.000010, 1.000000),

      ["RightUpperArm"] = CFrame.new(0.000000, -0.000000, -0.000000, 0.693354, -0.545917, 0.470355, 0.613044, 0.789940, 0.013149, -0.378731, 0.279231, 0.882379),

      ["RightUpperLeg"] = CFrame.new(0.000860, 0.029481, 0.015315, 0.984891, -0.056227, -0.163793, -0.066041, 0.752396, -0.655388, 0.160088, 0.656307, 0.737318),

      ["UpperTorso"] = CFrame.new(-0.065222, 0.052524, -0.149046, 0.973090, 0.137804, 0.184676, -0.092013, 0.967176, -0.236865, -0.211255, 0.213498, 0.953829),

    }},

    {Time = 0.083, Data = {

      ["Head"] = CFrame.new(0.000000, -0.000000, -0.000000, 0.083060, 0.133120, -0.987613, -0.239685, 0.964615, 0.109862, 0.967291, 0.227591, 0.112028),

      ["LeftFoot"] = CFrame.new(-0.000000, 0.009021, -0.000003, 0.922311, -0.295615, -0.248917, 0.324477, 0.942221, 0.083292, 0.209898, -0.157577, 0.964937),

      ["LeftHand"] = CFrame.new(0.000500, 0.000100, 0.000000, 1.000000, -0.000000, 0.000000, 0.000000, 1.000000, 0.000001, -0.000000, -0.000000, 1.000000),

      ["LeftLowerArm"] = CFrame.new(-0.000500, 0.098315, 0.118281, 1.000000, -0.000000, 0.000000, 0.000000, -0.183795, -0.982964, 0.000000, 0.982965, -0.183796),

      ["LeftLowerLeg"] = CFrame.new(0.000000, 0.043391, -0.005942, 1.000000, -0.000000, 0.000000, 0.000000, 0.938586, 0.345033, 0.000000, -0.345045, 0.938590),

      ["LeftUpperArm"] = CFrame.new(-0.000000, -0.000000, -0.000000, 0.548334, -0.092384, -0.831140, -0.746057, -0.503045, -0.436286, -0.377795, 0.859309, -0.344761),

      ["LeftUpperLeg"] = CFrame.new(0.000860, 0.029481, 0.015215, 0.405816, 0.650525, 0.641982, -0.145370, 0.739414, -0.657361, -0.902320, 0.173450, 0.394634),

      ["LowerTorso"] = CFrame.new(0.003862, -0.146602, 0.290440, 0.884142, -0.019751, -0.466801, 0.162020, 0.950071, 0.266674, 0.438227, -0.311409, 0.843197),

      ["RightFoot"] = CFrame.new(0.000000, -0.034460, -0.000103, 0.992546, 0.093228, 0.078498, -0.121776, 0.784263, 0.608390, -0.004845, -0.613384, 0.789747),

      ["RightHand"] = CFrame.new(-0.000500, 0.000000, 0.000000, 1.000000, -0.000000, -0.000000, -0.000000, 1.000000, 0.000001, 0.000000, -0.000000, 1.000000),

      ["RightLowerArm"] = CFrame.new(0.000000, 0.059499, 0.019552, 1.000000, 0.000000, 0.000000, 0.000000, 0.803884, -0.594786, -0.000000, 0.594786, 0.803884),

      ["RightLowerLeg"] = CFrame.new(-0.000000, -0.034340, -0.000451, 1.000000, -0.000000, 0.000000, 0.000000, 1.000000, -0.000007, -0.000000, -0.000010, 1.000000),

      ["RightUpperArm"] = CFrame.new(0.000000, -0.000000, -0.000000, 0.695694, -0.544527, 0.468509, 0.612057, 0.790748, 0.010200, -0.376027, 0.279658, 0.883400),

      ["RightUpperLeg"] = CFrame.new(0.000860, 0.029481, 0.015315, 0.994288, -0.011453, -0.106115, -0.057814, 0.777938, -0.625672, 0.089717, 0.628237, 0.772835),

      ["UpperTorso"] = CFrame.new(-0.075664, 0.044699, -0.145510, 0.956508, 0.149985, 0.250193, -0.104178, 0.976769, -0.187268, -0.272468, 0.153059, 0.949913),

    }},

    {Time = 0.100, Data = {

      ["Head"] = CFrame.new(0.000000, -0.000000, 0.000000, 0.084188, 0.130641, -0.987849, -0.246391, 0.963312, 0.106398, 0.965507, 0.234440, 0.113288),

      ["LeftFoot"] = CFrame.new(0.000000, 0.009044, -0.000003, 0.907598, -0.321159, -0.270425, 0.343228, 0.938511, 0.037349, 0.241786, -0.126706, 0.962016),

      ["LeftHand"] = CFrame.new(0.000500, 0.000100, -0.000000, 1.000000, -0.000000, 0.000000, 0.000000, 1.000000, 0.000001, -0.000000, -0.000000, 1.000000),

      ["LeftLowerArm"] = CFrame.new(-0.000500, 0.098315, 0.118281, 1.000000, -0.000000, 0.000000, 0.000000, -0.183795, -0.982964, 0.000000, 0.982965, -0.183796),

      ["LeftLowerLeg"] = CFrame.new(-0.000000, 0.043517, -0.005980, 1.000000, 0.000000, -0.000000, 0.000000, 0.938197, 0.346089, 0.000000, -0.346101, 0.938202),

      ["LeftUpperArm"] = CFrame.new(-0.000000, -0.000000, -0.000000, 0.554161, -0.088589, -0.827682, -0.744301, -0.497954, -0.445037, -0.372723, 0.862666, -0.341883),

      ["LeftUpperLeg"] = CFrame.new(0.000860, 0.029481, 0.015215, 0.327225, 0.660010, 0.676256, -0.217379, 0.749031, -0.625850, -0.919603, 0.057797, 0.388574),

      ["LowerTorso"] = CFrame.new(0.013800, -0.153304, 0.272728, 0.852750, -0.048777, -0.520036, 0.177155, 0.963624, 0.200113, 0.491359, -0.262774, 0.830371),

      ["RightFoot"] = CFrame.new(0.000000, -0.034446, -0.000103, 0.992380, 0.094256, 0.079364, -0.123192, 0.771815, 0.623828, -0.002455, -0.628822, 0.777522),

      ["RightHand"] = CFrame.new(-0.000500, 0.000000, 0.000000, 1.000000, -0.000000, -0.000000, -0.000000, 1.000000, 0.000001, 0.000000, -0.000000, 1.000000),

      ["RightLowerArm"] = CFrame.new(0.000000, 0.059499, 0.019552, 1.000000, 0.000000, 0.000000, -0.000000, 0.803884, -0.594786, -0.000000, 0.594786, 0.803884),

      ["RightLowerLeg"] = CFrame.new(-0.000000, -0.034325, -0.000451, 1.000000, 0.000000, 0.000000, 0.000000, 1.000000, -0.000007, 0.000000, -0.000010, 1.000000),

      ["RightUpperArm"] = CFrame.new(0.000000, -0.000000, -0.000000, 0.698585, -0.542819, 0.466183, 0.610750, 0.791795, 0.006737, -0.372778, 0.280015, 0.884663),

      ["RightUpperLeg"] = CFrame.new(0.000860, 0.029481, 0.015314, 0.998179, 0.025926, -0.054461, -0.052962, 0.808818, -0.585665, 0.028865, 0.587488, 0.808721),

      ["UpperTorso"] = CFrame.new(-0.083886, 0.035856, -0.141149, 0.938932, 0.156843, 0.306278, -0.121964, 0.983985, -0.129996, -0.321762, 0.084703, 0.943024),

    }},

    {Time = 0.117, Data = {

      ["Head"] = CFrame.new(-0.000000, 0.000000, 0.000000, 0.085781, 0.128295, -0.988019, -0.252453, 0.962110, 0.103013, 0.963799, 0.240592, 0.114919),

      ["LeftFoot"] = CFrame.new(-0.000000, 0.008685, -0.000003, 0.892622, -0.344846, -0.290370, 0.361932, 0.932190, 0.005525, 0.268758, -0.110016, 0.956899),

      ["LeftHand"] = CFrame.new(0.000500, 0.000100, -0.000000, 1.000000, 0.000000, 0.000000, 0.000000, 1.000000, 0.000001, -0.000000, -0.000000, 1.000000),

      ["LeftLowerArm"] = CFrame.new(-0.000500, 0.098315, 0.118281, 1.000000, -0.000000, 0.000000, 0.000000, -0.183795, -0.982964, 0.000000, 0.982965, -0.183796),

      ["LeftLowerLeg"] = CFrame.new(-0.000000, 0.041526, -0.005387, 1.000000, -0.000000, -0.000000, 0.000000, 0.944207, 0.329340, -0.000000, -0.329352, 0.944212),

      ["LeftUpperArm"] = CFrame.new(-0.000000, 0.000000, -0.000000, 0.560503, -0.084579, -0.823822, -0.742253, -0.492484, -0.454445, -0.367282, 0.866202, -0.338818),

      ["LeftUpperLeg"] = CFrame.new(0.000860, 0.029481, 0.015215, 0.260948, 0.653888, 0.710175, -0.294136, 0.754531, -0.586648, -0.919451, -0.055797, 0.389224),

      ["LowerTorso"] = CFrame.new(0.026395, -0.157828, 0.253280, 0.825876, -0.084239, -0.557523, 0.185966, 0.974145, 0.128290, 0.532302, -0.209632, 0.820189),

      ["RightFoot"] = CFrame.new(-0.000000, -0.032251, -0.000103, 0.992125, 0.095812, 0.080673, -0.125248, 0.762447, 0.634842, -0.000685, -0.639918, 0.768419),

      ["RightHand"] = CFrame.new(-0.000500, 0.000000, 0.000000, 1.000000, 0.000000, -0.000000, 0.000000, 1.000000, 0.000001, 0.000000, -0.000000, 1.000000),

      ["RightLowerArm"] = CFrame.new(-0.000000, 0.059498, 0.019552, 1.000000, 0.000000, 0.000000, -0.000000, 0.803884, -0.594786, -0.000000, 0.594786, 0.803884),

      ["RightLowerLeg"] = CFrame.new(-0.000000, -0.032138, -0.000422, 1.000000, 0.000000, -0.000000, 0.000000, 1.000000, -0.000007, -0.000000, -0.000010, 1.000000),

      ["RightUpperArm"] = CFrame.new(0.000000, 0.000000, -0.000000, 0.702063, -0.540802, 0.463293, 0.609086, 0.793099, 0.002790, -0.368947, 0.280227, 0.886201),

      ["RightUpperLeg"] = CFrame.new(0.000860, 0.029481, 0.015315, 0.998496, 0.053394, -0.012430, -0.051758, 0.843404, -0.534776, -0.018071, 0.534620, 0.844902),

      ["UpperTorso"] = CFrame.new(-0.089512, 0.026372, -0.136742, 0.923531, 0.158478, 0.349248, -0.144341, 0.987303, -0.066321, -0.355324, 0.010839, 0.934680),

    }},

    {Time = 0.133, Data = {

      ["Head"] = CFrame.new(-0.000000, 0.000000, -0.000000, 0.087887, 0.126232, -0.988100, -0.257697, 0.961052, 0.099856, 0.962220, 0.245855, 0.116993),

      ["LeftFoot"] = CFrame.new(0.000000, 0.008030, -0.000003, 0.878977, -0.364780, -0.307154, 0.379490, 0.925110, -0.012699, 0.288767, -0.105390, 0.951575),

      ["LeftHand"] = CFrame.new(0.000500, 0.000100, 0.000000, 1.000000, -0.000000, 0.000000, 0.000000, 1.000000, 0.000001, -0.000000, 0.000000, 1.000000),

      ["LeftLowerArm"] = CFrame.new(-0.000500, 0.098314, 0.118281, 1.000000, -0.000000, 0.000000, 0.000000, -0.183795, -0.982964, 0.000000, 0.982965, -0.183796),

      ["LeftLowerLeg"] = CFrame.new(0.000000, 0.037916, -0.004399, 1.000000, -0.000000, -0.000000, 0.000000, 0.954225, 0.299076, 0.000000, -0.299090, 0.954229),

      ["LeftUpperArm"] = CFrame.new(-0.000000, -0.000000, -0.000000, 0.567158, -0.080476, -0.819668, -0.739968, -0.486773, -0.464219, -0.361634, 0.869814, -0.335627),

      ["LeftUpperLeg"] = CFrame.new(0.000860, 0.029481, 0.015215, 0.213827, 0.636283, 0.741239, -0.371888, 0.754666, -0.540526, -0.903315, -0.160072, 0.397991),

      ["LowerTorso"] = CFrame.new(0.040829, -0.160179, 0.232106, 0.807729, -0.123688, -0.576434, 0.188466, 0.980612, 0.053673, 0.558619, -0.151991, 0.815379),

      ["RightFoot"] = CFrame.new(0.000000, -0.027688, -0.000103, 0.991756, 0.098026, 0.082537, -0.128144, 0.757578, 0.640072, 0.000214, -0.645343, 0.763869),

      ["RightHand"] = CFrame.new(-0.000500, 0.000000, 0.000000, 1.000000, -0.000000, 0.000000, -0.000000, 1.000000, 0.000001, 0.000000, -0.000000, 1.000000),

      ["RightLowerArm"] = CFrame.new(-0.000000, 0.059498, 0.019552, 1.000000, 0.000000, 0.000000, -0.000000, 0.803884, -0.594786, -0.000000, 0.594786, 0.803884),

      ["RightLowerLeg"] = CFrame.new(0.000000, -0.027591, -0.000362, 1.000000, 0.000000, -0.000000, 0.000000, 1.000000, -0.000007, 0.000000, -0.000010, 1.000000),

      ["RightUpperArm"] = CFrame.new(0.000000, 0.000000, -0.000000, 0.706160, -0.538484, 0.459754, 0.607029, 0.794678, -0.001605, -0.364492, 0.280218, 0.888045),

      ["RightUpperLeg"] = CFrame.new(0.000860, 0.029481, 0.015315, 0.997510, 0.068599, 0.016377, -0.052752, 0.879832, -0.472342, -0.046812, 0.470307, 0.881263),

      ["UpperTorso"] = CFrame.new(-0.092366, 0.016435, -0.133054, 0.913609, 0.155434, 0.375711, -0.168878, 0.985633, 0.002895, -0.369864, -0.066094, 0.926732),

    }},

    {Time = 0.150, Data = {

      ["Head"] = CFrame.new(0.000000, -0.000000, -0.000000, 0.090550, 0.124599, -0.988067, -0.261952, 0.960186, 0.097077, 0.960824, 0.250036, 0.119583),

      ["LeftFoot"] = CFrame.new(-0.000000, 0.007201, -0.000003, 0.868484, -0.379202, -0.319298, 0.394151, 0.918848, -0.019159, 0.300634, -0.109201, 0.947461),

      ["LeftHand"] = CFrame.new(0.000500, 0.000100, -0.000000, 1.000000, 0.000000, 0.000000, 0.000000, 1.000000, 0.000001, -0.000000, 0.000000, 1.000000),

      ["LeftLowerArm"] = CFrame.new(-0.000500, 0.098315, 0.118281, 1.000000, -0.000000, 0.000000, 0.000000, -0.183795, -0.982964, 0.000000, 0.982965, -0.183796),

      ["LeftLowerLeg"] = CFrame.new(0.000000, 0.033439, -0.003322, 1.000000, -0.000000, 0.000000, 0.000000, 0.965127, 0.261767, -0.000000, -0.261782, 0.965131),

      ["LeftUpperArm"] = CFrame.new(0.000000, 0.000000, -0.000000, 0.573923, -0.076393, -0.815338, -0.737511, -0.480969, -0.474075, -0.355936, 0.873403, -0.332380),

      ["LeftUpperLeg"] = CFrame.new(0.000860, 0.029481, 0.015215, 0.192264, 0.612582, 0.766674, -0.447200, 0.750101, -0.487188, -0.873525, -0.249182, 0.418161),

      ["LowerTorso"] = CFrame.new(0.055714, -0.160595, 0.208730, 0.802149, -0.163260, -0.574371, 0.184511, 0.982593, -0.021612, 0.567902, -0.088641, 0.818309),

      ["RightFoot"] = CFrame.new(0.000000, -0.020510, -0.000103, 0.991176, 0.101400, 0.085378, -0.132555, 0.758542, 0.638027, -0.000069, -0.643686, 0.765266),

      ["RightHand"] = CFrame.new(-0.000500, 0.000000, 0.000000, 1.000000, -0.000000, -0.000000, -0.000000, 1.000000, 0.000001, 0.000000, -0.000000, 1.000000),

      ["RightLowerArm"] = CFrame.new(-0.000000, 0.059498, 0.019552, 1.000000, 0.000000, 0.000000, 0.000000, 0.803884, -0.594786, -0.000000, 0.594786, 0.803884),

      ["RightLowerLeg"] = CFrame.new(0.000000, -0.020438, -0.000267, 1.000000, 0.000000, -0.000000, -0.000000, 1.000000, -0.000007, 0.000000, -0.000010, 1.000000),

      ["RightUpperArm"] = CFrame.new(0.000000, -0.000000, -0.000000, 0.710903, -0.535870, 0.455478, 0.604540, 0.796549, -0.006416, -0.359373, 0.279916, 0.890224),

      ["RightUpperLeg"] = CFrame.new(0.000860, 0.029481, 0.015315, 0.997218, 0.068969, 0.028293, -0.052090, 0.916175, -0.397372, -0.053327, 0.394799, 0.917221),

      ["UpperTorso"] = CFrame.new(-0.092372, 0.005955, -0.130741, 0.912076, 0.148195, 0.382303, -0.191513, 0.978415, 0.077630, -0.362547, -0.144020, 0.920770),

    }},

    {Time = 0.167, Data = {

      ["Head"] = CFrame.new(0.000000, -0.000001, 0.000000, 0.093813, 0.123541, -0.987895, -0.265046, 0.959561, 0.094828, 0.959661, 0.252942, 0.122763),

      ["LeftFoot"] = CFrame.new(0.000000, 0.006321, -0.000003, 0.862963, -0.386507, -0.325449, 0.403822, 0.914707, -0.015548, 0.303683, -0.117994, 0.945432),

      ["LeftHand"] = CFrame.new(0.000500, 0.000100, 0.000000, 1.000000, 0.000000, 0.000000, 0.000000, 1.000000, 0.000001, -0.000000, -0.000000, 1.000000),

      ["LeftLowerArm"] = CFrame.new(-0.000501, 0.098315, 0.118281, 1.000000, -0.000000, 0.000000, 0.000000, -0.183795, -0.982964, 0.000000, 0.982965, -0.183796),

      ["LeftLowerLeg"] = CFrame.new(-0.000000, 0.028801, -0.002375, 1.000000, -0.000000, 0.000000, -0.000000, 0.974719, 0.223418, 0.000000, -0.223434, 0.974723),

      ["LeftUpperArm"] = CFrame.new(0.000000, -0.000000, -0.000000, 0.580599, -0.072442, -0.810961, -0.734958, -0.475224, -0.483734, -0.350345, 0.876878, -0.329156),

      ["LeftUpperLeg"] = CFrame.new(0.000860, 0.029481, 0.015215, 0.202195, 0.586684, 0.784174, -0.516897, 0.744026, -0.423363, -0.831826, -0.319729, 0.453690),

      ["LowerTorso"] = CFrame.new(0.068997, -0.159520, 0.182073, 0.812065, -0.197418, -0.549160, 0.173145, 0.980174, -0.096328, 0.557290, -0.016859, 0.830147),

      ["RightFoot"] = CFrame.new(0.000000, -0.010448, -0.000103, 0.990156, 0.107072, 0.090154, -0.139956, 0.766444, 0.626907, -0.001975, -0.633324, 0.773861),

      ["RightHand"] = CFrame.new(-0.000500, 0.000000, -0.000000, 1.000000, 0.000000, -0.000000, -0.000000, 1.000000, 0.000001, 0.000000, -0.000000, 1.000000),

      ["RightLowerArm"] = CFrame.new(-0.000000, 0.059498, 0.019552, 1.000000, 0.000000, 0.000000, 0.000000, 0.803884, -0.594786, -0.000000, 0.594786, 0.803884),

      ["RightLowerLeg"] = CFrame.new(0.000000, -0.010411, -0.000134, 1.000000, 0.000000, 0.000000, 0.000000, 1.000000, -0.000007, 0.000000, -0.000010, 1.000000),

      ["RightUpperArm"] = CFrame.new(0.000000, -0.000001, -0.000000, 0.716319, -0.532964, 0.450374, 0.601577, 0.798731, -0.011605, -0.353543, 0.279247, 0.892765),

      ["RightUpperLeg"] = CFrame.new(0.000860, 0.029481, 0.015315, 0.998501, 0.051181, 0.019404, -0.042714, 0.950275, -0.308461, -0.034227, 0.307176, 0.951039),

      ["UpperTorso"] = CFrame.new(-0.089410, -0.005482, -0.130243, 0.920822, 0.136556, 0.365294, -0.206221, 0.965517, 0.158901, -0.330998, -0.221651, 0.917230),

    }},

    {Time = 0.183, Data = {

      ["Head"] = CFrame.new(-0.000000, 0.000000, 0.000000, 0.097676, 0.123156, -0.987569, -0.266856, 0.959217, 0.093227, 0.958774, 0.254432, 0.126557),

      ["LeftFoot"] = CFrame.new(0.000000, 0.005440, -0.000003, 0.863223, -0.386167, -0.325162, 0.406576, 0.913601, -0.005653, 0.299236, -0.127309, 0.945641),

      ["LeftHand"] = CFrame.new(0.000500, 0.000100, 0.000000, 1.000000, -0.000000, 0.000000, 0.000000, 1.000000, 0.000001, -0.000000, -0.000000, 1.000000),

      ["LeftLowerArm"] = CFrame.new(-0.000500, 0.098315, 0.118281, 1.000000, -0.000000, 0.000000, 0.000000, -0.183795, -0.982964, 0.000000, 0.982965, -0.183796),

      ["LeftLowerLeg"] = CFrame.new(0.000000, 0.024305, -0.001613, 1.000000, -0.000000, 0.000000, -0.000000, 0.982430, 0.186614, -0.000000, -0.186630, 0.982433),

      ["LeftUpperArm"] = CFrame.new(-0.000000, 0.000000, -0.000000, 0.586990, -0.068723, -0.806672, -0.732398, -0.469698, -0.492928, -0.345017, 0.880148, -0.326041),

      ["LeftUpperLeg"] = CFrame.new(0.000860, 0.029481, 0.015215, 0.247710, 0.557997, 0.792015, -0.576968, 0.741679, -0.342076, -0.778298, -0.372225, 0.505664),

      ["LowerTorso"] = CFrame.new(0.077819, -0.157331, 0.150964, 0.837662, -0.218732, -0.500478, 0.152516, 0.973533, -0.170211, 0.524463, 0.066248, 0.848852),

      ["RightFoot"] = CFrame.new(0.000000, 0.000205, -0.000103, 0.988247, 0.116938, 0.098462, -0.152662, 0.788370, 0.595988, -0.007931, -0.603985, 0.796934),

      ["RightHand"] = CFrame.new(-0.000500, -0.000000, -0.000000, 1.000000, 0.000000, -0.000000, -0.000000, 1.000000, 0.000001, 0.000000, -0.000000, 1.000000),

      ["RightLowerArm"] = CFrame.new(-0.000000, 0.059498, 0.019552, 1.000000, 0.000000, 0.000000, -0.000000, 0.803884, -0.594786, -0.000000, 0.594786, 0.803884),

      ["RightLowerLeg"] = CFrame.new(-0.000000, 0.000732, 0.000004, 1.000000, -0.000000, -0.000000, -0.000000, 0.999986, 0.005290, -0.000000, -0.005307, 0.999986),

      ["RightUpperArm"] = CFrame.new(0.000000, 0.000000, -0.000000, 0.722427, -0.529766, 0.444350, 0.598098, 0.801240, -0.017132, -0.346955, 0.278142, 0.895689),

      ["RightUpperLeg"] = CFrame.new(0.000860, 0.029481, 0.015315, 0.999823, 0.012303, -0.014248, -0.014994, 0.978103, -0.207572, 0.011382, 0.207757, 0.978116),

      ["UpperTorso"] = CFrame.new(-0.083359, -0.018412, -0.131437, 0.939192, 0.119307, 0.322000, -0.205107, 0.946961, 0.247379, -0.275408, -0.298381, 0.913849),

    }},

    {Time = 0.200, Data = {

      ["Head"] = CFrame.new(-0.000000, -0.000000, 0.000000, 0.101956, 0.123365, -0.987110, -0.267441, 0.959149, 0.092247, 0.958165, 0.254588, 0.130784),

      ["LeftFoot"] = CFrame.new(0.000000, 0.004478, -0.000003, 0.868632, -0.379003, -0.319129, 0.402414, 0.915424, 0.008151, 0.289034, -0.135487, 0.947676),

      ["LeftHand"] = CFrame.new(0.000500, 0.000100, -0.000000, 1.000000, -0.000000, 0.000000, 0.000000, 1.000000, 0.000001, -0.000000, 0.000000, 1.000000),

      ["LeftLowerArm"] = CFrame.new(-0.000500, 0.098315, 0.118281, 1.000000, -0.000000, 0.000000, -0.000000, -0.183795, -0.982964, 0.000000, 0.982965, -0.183796),

      ["LeftLowerLeg"] = CFrame.new(-0.000000, 0.019606, -0.000976, 1.000000, 0.000000, -0.000000, -0.000000, 0.988888, 0.148648, -0.000000, -0.148666, 0.988890),

      ["LeftUpperArm"] = CFrame.new(-0.000000, -0.000000, -0.000000, 0.592905, -0.065334, -0.802618, -0.729927, -0.464556, -0.501392, -0.340103, 0.883130, -0.323127),

      ["LeftUpperLeg"] = CFrame.new(0.000860, 0.029481, 0.015215, 0.323340, 0.521207, 0.789811, -0.620709, 0.746814, -0.238715, -0.714263, -0.413051, 0.564990),

      ["LowerTorso"] = CFrame.new(0.079250, -0.153865, 0.116248, 0.872991, -0.220086, -0.435257, 0.121936, 0.962548, -0.242143, 0.472248, 0.158316, 0.867132),

      ["RightFoot"] = CFrame.new(0.000000, 0.003572, -0.000103, 0.984886, 0.132494, 0.111561, -0.171000, 0.846252, 0.504626, -0.027548, -0.516046, 0.856100),

      ["RightHand"] = CFrame.new(-0.000500, 0.000000, -0.000000, 1.000000, -0.000000, -0.000000, -0.000000, 1.000000, 0.000001, 0.000000, 0.000000, 1.000000),

      ["RightLowerArm"] = CFrame.new(0.000000, 0.059499, 0.019552, 1.000000, 0.000000, 0.000000, 0.000000, 0.803884, -0.594786, -0.000000, 0.594786, 0.803884),

      ["RightLowerLeg"] = CFrame.new(-0.000000, 0.014292, -0.000558, 1.000000, 0.000000, 0.000000, 0.000000, 0.994144, 0.108043, -0.000000, -0.108061, 0.994146),

      ["RightUpperArm"] = CFrame.new(0.000000, -0.000001, -0.000000, 0.729242, -0.526274, 0.437311, 0.594059, 0.804094, -0.022956, -0.339558, 0.276529, 0.899017),

      ["RightUpperLeg"] = CFrame.new(0.000860, 0.029481, 0.015315, 0.996443, -0.049557, -0.068162, 0.038818, 0.987815, -0.150706, 0.074800, 0.147534, 0.986226),

      ["UpperTorso"] = CFrame.new(-0.074637, -0.032603, -0.133148, 0.961848, 0.095481, 0.256381, -0.181920, 0.923139, 0.338702, -0.204335, -0.372421, 0.905290),

    }},

    {Time = 0.217, Data = {

      ["Head"] = CFrame.new(-0.000000, 0.000000, 0.000000, 0.106429, 0.124041, -0.986553, -0.266906, 0.959338, 0.091825, 0.957828, 0.253544, 0.135209),

      ["LeftFoot"] = CFrame.new(-0.000000, 0.003202, -0.000003, 0.878354, -0.365657, -0.307892, 0.392919, 0.919106, 0.029376, 0.272230, -0.146761, 0.950968),

      ["LeftHand"] = CFrame.new(0.000500, 0.000100, -0.000000, 1.000000, -0.000000, 0.000000, 0.000000, 1.000000, 0.000001, -0.000000, -0.000000, 1.000000),

      ["LeftLowerArm"] = CFrame.new(-0.000500, 0.098315, 0.118281, 1.000000, -0.000000, 0.000000, 0.000000, -0.183795, -0.982964, 0.000000, 0.982965, -0.183796),

      ["LeftLowerLeg"] = CFrame.new(-0.000000, 0.013735, -0.000396, 1.000000, -0.000000, -0.000000, 0.000000, 0.994773, 0.102090, -0.000000, -0.102108, 0.994775),

      ["LeftUpperArm"] = CFrame.new(-0.000000, 0.000001, -0.000000, 0.598156, -0.062367, -0.798949, -0.727653, -0.459966, -0.508873, -0.335752, 0.885743, -0.320513),

      ["LeftUpperLeg"] = CFrame.new(0.000860, 0.029481, 0.015215, 0.419074, 0.469650, 0.777053, -0.640809, 0.759291, -0.113311, -0.643227, -0.450452, 0.619152),

      ["LowerTorso"] = CFrame.new(0.071630, -0.148848, 0.080364, 0.910579, -0.197654, -0.363013, 0.081830, 0.947076, -0.310405, 0.405153, 0.252943, 0.878562),

      ["RightFoot"] = CFrame.new(0.000000, 0.005499, -0.000103, 0.979401, 0.154463, 0.130060, -0.194735, 0.892866, 0.406068, -0.053401, -0.423003, 0.904541),

      ["RightHand"] = CFrame.new(-0.000500, 0.000000, 0.000000, 1.000000, 0.000000, -0.000000, -0.000000, 1.000000, 0.000001, 0.000000, -0.000000, 1.000000),

      ["RightLowerArm"] = CFrame.new(-0.000000, 0.059498, 0.019552, 1.000000, 0.000000, 0.000000, -0.000000, 0.803884, -0.594786, -0.000000, 0.594786, 0.803884),

      ["RightLowerLeg"] = CFrame.new(-0.000000, 0.023406, -0.001608, 1.000000, 0.000000, 0.000000, -0.000000, 0.983493, 0.180932, -0.000000, -0.180948, 0.983496),

      ["RightUpperArm"] = CFrame.new(0.000000, 0.000000, -0.000000, 0.736774, -0.522481, 0.429159, 0.589412, 0.807311, -0.029030, -0.331297, 0.274340, 0.902762),

      ["RightUpperLeg"] = CFrame.new(0.000860, 0.029481, 0.015315, 0.982149, -0.131818, -0.134192, 0.121220, 0.989037, -0.084323, 0.143836, 0.066563, 0.987361),

      ["UpperTorso"] = CFrame.new(-0.063816, -0.047193, -0.134290, 0.982497, 0.064858, 0.174621, -0.134691, 0.894903, 0.425450, -0.128675, -0.441523, 0.887975),

    }},

    {Time = 0.233, Data = {

      ["Head"] = CFrame.new(-0.000000, 0.000000, 0.000000, 0.110871, 0.125058, -0.985935, -0.265356, 0.959761, 0.091898, 0.957755, 0.251435, 0.139594),

      ["LeftFoot"] = CFrame.new(0.000000, 0.001225, -0.000003, 0.891011, -0.347276, -0.292414, 0.380131, 0.922833, 0.062325, 0.248194, -0.166667, 0.954259),

      ["LeftHand"] = CFrame.new(0.000500, 0.000100, 0.000000, 1.000000, -0.000000, 0.000000, 0.000000, 1.000000, 0.000001, -0.000000, -0.000000, 1.000000),

      ["LeftLowerArm"] = CFrame.new(-0.000500, 0.098315, 0.118281, 1.000000, -0.000000, 0.000000, -0.000000, -0.183795, -0.982964, 0.000000, 0.982965, -0.183796),

      ["LeftLowerLeg"] = CFrame.new(-0.000000, 0.005497, 0.000038, 1.000000, -0.000000, 0.000000, 0.000000, 0.999243, 0.038898, -0.000000, -0.038916, 0.999243),

      ["LeftUpperArm"] = CFrame.new(-0.000000, 0.000000, -0.000000, 0.602559, -0.059909, -0.795822, -0.725688, -0.456099, -0.515122, -0.332113, 0.887910, -0.318302),

      ["LeftUpperLeg"] = CFrame.new(0.000860, 0.029481, 0.015215, 0.523174, 0.399812, 0.752624, -0.632299, 0.774209, 0.028259, -0.571391, -0.490663, 0.657843),

      ["LowerTorso"] = CFrame.new(0.055188, -0.142238, 0.046752, 0.943868, -0.152334, -0.293099, 0.034145, 0.927554, -0.372127, 0.328553, 0.341231, 0.880690),

      ["RightFoot"] = CFrame.new(0.000000, 0.006639, -0.000103, 0.971181, 0.182323, 0.153519, -0.222455, 0.924617, 0.309212, -0.085565, -0.334429, 0.938520),

      ["RightHand"] = CFrame.new(-0.000500, 0.000000, 0.000000, 1.000000, -0.000000, -0.000000, -0.000000, 1.000000, 0.000001, 0.000000, -0.000000, 1.000000),

      ["RightLowerArm"] = CFrame.new(-0.000000, 0.059498, 0.019552, 1.000000, 0.000000, 0.000000, -0.000000, 0.803884, -0.594786, -0.000000, 0.594786, 0.803884),

      ["RightLowerLeg"] = CFrame.new(0.000000, 0.029219, -0.002592, 1.000000, 0.000000, 0.000000, -0.000000, 0.973538, 0.228510, 0.000000, -0.228526, 0.973542),

      ["RightUpperArm"] = CFrame.new(0.000000, 0.000000, -0.000000, 0.745023, -0.518375, 0.419794, 0.584110, 0.810907, -0.035306, -0.322113, 0.271509, 0.906932),

      ["RightUpperLeg"] = CFrame.new(0.000860, 0.029481, 0.015315, 0.951487, -0.226692, -0.208047, 0.226881, 0.973644, -0.023268, 0.207839, -0.025050, 0.977842),

      ["UpperTorso"] = CFrame.new(-0.051591, -0.060896, -0.134384, 0.996073, 0.028533, 0.083814, -0.066747, 0.863956, 0.499124, -0.058170, -0.502758, 0.862468),

    }},

    {Time = 0.250, Data = {

      ["Head"] = CFrame.new(0.000000, 0.000000, -0.000000, 0.115061, 0.126292, -0.985298, -0.262893, 0.960390, 0.092399, 0.957940, 0.248396, 0.143705),

      ["LeftFoot"] = CFrame.new(-0.000000, -0.003537, -0.000003, 0.904822, -0.325709, -0.274254, 0.361199, 0.928204, 0.089330, 0.225459, -0.179865, 0.957499),

      ["LeftHand"] = CFrame.new(0.000500, 0.000100, 0.000000, 1.000000, -0.000000, 0.000000, 0.000000, 1.000000, 0.000001, -0.000000, -0.000000, 1.000000),

      ["LeftLowerArm"] = CFrame.new(-0.000501, 0.098315, 0.118281, 1.000000, -0.000000, 0.000000, 0.000000, -0.183795, -0.982964, 0.000000, 0.982965, -0.183796),

      ["LeftLowerLeg"] = CFrame.new(-0.000000, -0.003125, 0.000060, 1.000000, -0.000000, -0.000000, -0.000000, 1.000000, -0.000008, 0.000000, -0.000011, 1.000000),

      ["LeftUpperArm"] = CFrame.new(-0.000000, 0.000000, -0.000000, 0.605931, -0.058046, -0.793397, -0.724147, -0.453127, -0.519892, -0.329332, 0.889554, -0.316597),

      ["LeftUpperLeg"] = CFrame.new(0.000860, 0.029481, 0.015215, 0.623392, 0.331489, 0.708166, -0.595267, 0.788448, 0.154945, -0.506991, -0.518135, 0.688834),

      ["LowerTorso"] = CFrame.new(0.032080, -0.134649, 0.019158, 0.968386, -0.089845, -0.232718, -0.017541, 0.906058, -0.422791, 0.248841, 0.413507, 0.875837),

      ["RightFoot"] = CFrame.new(-0.000000, 0.007287, -0.000103, 0.960155, 0.213781, 0.180008, -0.251527, 0.941769, 0.223191, -0.121806, -0.259556, 0.958010),

      ["RightHand"] = CFrame.new(-0.000500, -0.000000, 0.000000, 1.000000, 0.000000, 0.000000, -0.000000, 1.000000, 0.000001, 0.000000, -0.000000, 1.000000),

      ["RightLowerArm"] = CFrame.new(-0.000000, 0.059498, 0.019552, 1.000000, 0.000000, 0.000000, -0.000000, 0.803884, -0.594786, -0.000000, 0.594786, 0.803884),

      ["RightLowerLeg"] = CFrame.new(0.000000, 0.032630, -0.003288, 1.000000, 0.000000, 0.000000, -0.000000, 0.966487, 0.256702, 0.000000, -0.256717, 0.966491),

      ["RightUpperArm"] = CFrame.new(0.000000, 0.000000, 0.000000, 0.753985, -0.513940, 0.409113, 0.578101, 0.814898, -0.041727, -0.311940, 0.267970, 0.911529),

      ["RightUpperLeg"] = CFrame.new(0.000860, 0.029481, 0.015315, 0.902615, -0.324056, -0.283329, 0.342758, 0.939258, 0.017683, 0.260390, -0.113062, 0.958860),

      ["UpperTorso"] = CFrame.new(-0.038856, -0.072243, -0.133688, 0.999906, -0.010960, -0.008180, 0.013655, 0.833679, 0.552081, 0.000769, -0.552141, 0.833750),

    }},

    {Time = 0.267, Data = {

