return {

  ["poodle come on dont hide"] = {

    {Time = 0.000, Data = {

      ["Head"] = CFrame.new(0.000000, 0.000000, 0.000000, 0.934618, -0.324527, -0.145504, 0.323691, 0.945686, -0.030059, 0.147356, -0.019005, 0.988901),

      ["LeftFoot"] = CFrame.new(-0.000000, 0.027014, -0.000002, 0.915380, -0.307968, -0.259316, 0.249024, 0.939209, -0.236390, 0.316334, 0.151800, 0.936416),

      ["LeftHand"] = CFrame.new(0.000500, 0.000100, -0.000000, 1.000000, 0.000000, 0.000000, 0.000000, 1.000000, 0.000001, -0.000000, -0.000000, 1.000000),

      ["LeftLowerArm"] = CFrame.new(-0.000500, 0.049627, 0.013183, 1.000000, -0.000000, -0.000000, 0.000000, 0.867670, -0.497141, 0.000000, 0.497141, 0.867670),

      ["LeftLowerLeg"] = CFrame.new(-0.000000, 0.110921, -0.050262, 1.000000, -0.000000, -0.000000, 0.000000, 0.480940, 0.876760, -0.000000, -0.876753, 0.480929),

      ["LeftUpperArm"] = CFrame.new(-0.000000, 0.000000, 0.000000, 0.706873, 0.224645, -0.670720, -0.012670, 0.952097, 0.305534, 0.707227, -0.207475, 0.675858),

      ["LeftUpperLeg"] = CFrame.new(-0.000000, 0.000000, -0.000100, 0.930237, 0.366954, -0.001723, -0.133615, 0.334314, -0.932935, -0.341768, 0.868090, 0.360040),

      ["LowerTorso"] = CFrame.new(0.212600, -0.560820, 0.332081, 0.997357, 0.072212, 0.008056, -0.070595, 0.936781, 0.342720, 0.017202, -0.342383, 0.939403),

      ["RightFoot"] = CFrame.new(0.000000, 0.030737, -0.000102, 0.996471, 0.064210, 0.054067, -0.043296, 0.944965, -0.324311, -0.071911, 0.320810, 0.944404),

      ["RightHand"] = CFrame.new(-0.000500, 0.000000, -0.000000, 0.956140, -0.145779, -0.254057, 0.240033, 0.887052, 0.394369, 0.167870, -0.438050, 0.883135),

      ["RightLowerArm"] = CFrame.new(-0.000000, 0.054990, 0.016411, 1.000000, 0.000000, 0.000000, -0.000000, 0.835342, -0.549731, -0.000000, 0.549731, 0.835342),

      ["RightLowerLeg"] = CFrame.new(0.000000, 0.122409, -0.074726, 1.000000, 0.000000, 0.000000, -0.000000, 0.227638, 0.973749, 0.000000, -0.973746, 0.227624),

      ["RightUpperArm"] = CFrame.new(0.000000, -0.000000, -0.000000, 0.872892, 0.150947, 0.463977, 0.349679, 0.469647, -0.810652, -0.340271, 0.869855, 0.357168),

      ["RightUpperLeg"] = CFrame.new(-0.000000, -0.000000, -0.000000, 0.990234, -0.102358, 0.094653, 0.113598, 0.198787, -0.973433, 0.080823, 0.974683, 0.208494),

      ["UpperTorso"] = CFrame.new(-0.008761, 0.125733, -0.042455, 0.986639, -0.038026, 0.158422, 0.091875, 0.932881, -0.348271, -0.134545, 0.358173, 0.923910),

    }},

    {Time = 0.018, Data = {

      ["Head"] = CFrame.new(0.000000, -0.000000, -0.000000, 0.931993, -0.331080, -0.147563, 0.330315, 0.943382, -0.030382, 0.149267, -0.020426, 0.988586),

      ["LeftFoot"] = CFrame.new(0.000000, 0.027165, -0.000002, 0.913858, -0.310600, -0.261533, 0.249864, 0.937873, -0.240767, 0.320048, 0.154669, 0.934683),

      ["LeftHand"] = CFrame.new(0.000500, 0.000100, 0.000000, 1.000000, -0.000000, -0.000000, 0.000000, 1.000000, 0.000001, -0.000000, -0.000000, 1.000000),

      ["LeftLowerArm"] = CFrame.new(-0.000500, 0.049617, 0.013177, 1.000000, -0.000000, -0.000000, 0.000000, 0.867731, -0.497035, 0.000000, 0.497034, 0.867731),

      ["LeftLowerLeg"] = CFrame.new(-0.000000, 0.111479, -0.051084, 1.000000, -0.000000, -0.000000, 0.000000, 0.472404, 0.881389, -0.000000, -0.881382, 0.472392),

      ["LeftUpperArm"] = CFrame.new(0.000000, -0.000000, 0.000000, 0.706874, 0.224618, -0.670728, -0.012652, 0.952104, 0.305513, 0.707227, -0.207473, 0.675859),

      ["LeftUpperLeg"] = CFrame.new(-0.000000, 0.000000, -0.000100, 0.923205, 0.384259, -0.006086, -0.140799, 0.323437, -0.935709, -0.357587, 0.864716, 0.352720),

      ["LowerTorso"] = CFrame.new(0.215279, -0.561581, 0.335206, 0.997850, 0.065344, -0.005134, -0.059529, 0.936244, 0.346271, 0.027434, -0.345221, 0.938120),

      ["RightFoot"] = CFrame.new(-0.000000, 0.030663, -0.000102, 0.996742, 0.061698, 0.051951, -0.042305, 0.948298, -0.314565, -0.068669, 0.311327, 0.947813),

      ["RightHand"] = CFrame.new(-0.000500, 0.000000, -0.000000, 0.953151, -0.122883, -0.276412, 0.240936, 0.860908, 0.448097, 0.182900, -0.493698, 0.850180),

      ["RightLowerArm"] = CFrame.new(-0.000000, 0.052442, 0.014792, 1.000000, 0.000000, 0.000000, -0.000000, 0.851550, -0.524273, -0.000000, 0.524273, 0.851550),

      ["RightLowerLeg"] = CFrame.new(0.000000, 0.122120, -0.073688, 1.000000, 0.000000, 0.000000, -0.000000, 0.238410, 0.971168, 0.000000, -0.971165, 0.238396),

      ["RightUpperArm"] = CFrame.new(-0.000000, -0.000000, -0.000000, 0.870778, 0.156436, 0.466127, 0.350230, 0.468036, -0.811345, -0.345088, 0.869753, 0.352767),

      ["RightUpperLeg"] = CFrame.new(-0.000000, -0.000000, -0.000000, 0.992351, -0.084872, 0.089644, 0.104962, 0.197833, -0.974596, 0.064982, 0.976555, 0.205249),

      ["UpperTorso"] = CFrame.new(-0.008935, 0.135051, -0.040832, 0.985353, -0.026526, 0.168454, 0.085481, 0.931590, -0.353316, -0.147559, 0.362541, 0.920212),

    }},

    {Time = 0.036, Data = {

      ["Head"] = CFrame.new(-0.000000, -0.000000, 0.000000, 0.930481, -0.335120, -0.147985, 0.334469, 0.941929, -0.030019, 0.149451, -0.021565, 0.988534),

      ["LeftFoot"] = CFrame.new(-0.000000, 0.027284, -0.000002, 0.909463, -0.318061, -0.267815, 0.248739, 0.932308, -0.262561, 0.333176, 0.172162, 0.927005),

      ["LeftHand"] = CFrame.new(0.000500, 0.000099, 0.000000, 1.000000, 0.000000, 0.000000, 0.000000, 1.000000, 0.000001, -0.000000, -0.000000, 1.000000),

      ["LeftLowerArm"] = CFrame.new(-0.000499, 0.049989, 0.013391, 1.000000, -0.000000, -0.000000, 0.000000, 0.865591, -0.500752, 0.000000, 0.500752, 0.865591),

      ["LeftLowerLeg"] = CFrame.new(-0.000000, 0.111911, -0.051733, 1.000000, -0.000000, -0.000000, 0.000000, 0.465658, 0.884971, -0.000000, -0.884965, 0.465646),

      ["LeftUpperArm"] = CFrame.new(-0.000000, -0.000000, -0.000000, 0.706846, 0.225560, -0.670441, -0.013284, 0.951863, 0.306235, 0.707242, -0.207555, 0.675817),

      ["LeftUpperLeg"] = CFrame.new(-0.000000, -0.000000, -0.000100, 0.917402, 0.397475, -0.019671, -0.186236, 0.385093, -0.903883, -0.351696, 0.832897, 0.427327),

      ["LowerTorso"] = CFrame.new(0.222226, -0.554184, 0.303446, 0.998855, 0.047513, -0.005563, -0.044017, 0.958392, 0.282042, 0.018732, -0.281474, 0.959386),

      ["RightFoot"] = CFrame.new(0.000000, 0.030617, -0.000102, 0.997200, 0.057206, 0.048169, -0.037352, 0.938994, -0.341917, -0.064786, 0.339143, 0.938495),

      ["RightHand"] = CFrame.new(-0.000500, -0.000000, -0.000000, 0.951525, -0.122875, -0.281962, 0.245952, 0.854436, 0.457658, 0.184682, -0.504818, 0.843236),

      ["RightLowerArm"] = CFrame.new(0.000000, 0.052148, 0.014612, 1.000000, 0.000000, 0.000000, -0.000000, 0.853355, -0.521330, -0.000000, 0.521330, 0.853355),

      ["RightLowerLeg"] = CFrame.new(0.000000, 0.121933, -0.073039, 1.000000, 0.000000, 0.000000, -0.000000, 0.245143, 0.969491, 0.000000, -0.969487, 0.245128),

      ["RightUpperArm"] = CFrame.new(0.000000, -0.000000, -0.000000, 0.869391, 0.159448, 0.467692, 0.352356, 0.463517, -0.813018, -0.346417, 0.871624, 0.346795),

      ["RightUpperLeg"] = CFrame.new(0.000000, -0.000000, -0.000000, 0.994442, -0.081015, 0.067236, 0.088647, 0.299784, -0.949873, 0.056798, 0.950561, 0.305321),

      ["UpperTorso"] = CFrame.new(-0.008200, 0.129886, -0.044380, 0.987303, -0.011163, 0.158453, 0.058036, 0.953916, -0.294409, -0.147865, 0.299867, 0.942452),

    }},

    {Time = 0.055, Data = {

      ["Head"] = CFrame.new(0.000000, 0.000000, -0.000000, 0.930045, -0.336800, -0.146905, 0.336297, 0.941309, -0.029007, 0.148053, -0.022426, 0.988725),

      ["LeftFoot"] = CFrame.new(-0.000000, 0.027209, -0.000002, 0.903884, -0.327235, -0.275539, 0.244924, 0.923942, -0.293858, 0.350723, 0.198115, 0.915274),

      ["LeftHand"] = CFrame.new(0.000500, 0.000100, -0.000000, 1.000000, 0.000000, 0.000000, -0.000000, 1.000000, 0.000001, -0.000000, -0.000000, 1.000000),

      ["LeftLowerArm"] = CFrame.new(-0.000500, 0.050677, 0.013792, 1.000000, -0.000000, -0.000000, 0.000000, 0.861575, -0.507630, 0.000000, 0.507630, 0.861575),

      ["LeftLowerLeg"] = CFrame.new(-0.000000, 0.111635, -0.051319, 1.000000, -0.000000, -0.000000, 0.000000, 0.469966, 0.882691, -0.000000, -0.882685, 0.469955),

      ["LeftUpperArm"] = CFrame.new(0.000000, 0.000000, 0.000000, 0.706794, 0.227310, -0.669905, -0.014459, 0.951414, 0.307576, 0.707272, -0.207707, 0.675740),

      ["LeftUpperLeg"] = CFrame.new(0.000000, -0.000001, -0.000100, 0.913131, 0.406172, -0.034858, -0.253804, 0.499482, -0.828301, -0.319022, 0.765207, 0.559198),

      ["LowerTorso"] = CFrame.new(0.230001, -0.535074, 0.245260, 0.999650, 0.025262, 0.007896, -0.026225, 0.985694, 0.166493, -0.003578, -0.166642, 0.986011),

      ["RightFoot"] = CFrame.new(0.000000, 0.030495, -0.000102, 0.997627, 0.052665, 0.044345, -0.031199, 0.919989, -0.390719, -0.061370, 0.388389, 0.919441),

      ["RightHand"] = CFrame.new(-0.000500, -0.000000, -0.000000, 0.951148, -0.142289, -0.273993, 0.253796, 0.865693, 0.431471, 0.175799, -0.479927, 0.859512),

      ["RightLowerArm"] = CFrame.new(-0.000000, 0.053755, 0.015613, 1.000000, 0.000000, 0.000000, -0.000000, 0.843334, -0.537390, -0.000000, 0.537390, 0.843334),

      ["RightLowerLeg"] = CFrame.new(0.000000, 0.121420, -0.071340, 1.000000, 0.000000, 0.000000, -0.000000, 0.262774, 0.964861, 0.000000, -0.964857, 0.262760),

      ["RightUpperArm"] = CFrame.new(0.000000, 0.000000, -0.000000, 0.868627, 0.160452, 0.468768, 0.355657, 0.456791, -0.815384, -0.344958, 0.874984, 0.339715),

      ["RightUpperLeg"] = CFrame.new(0.000000, -0.000000, -0.000000, 0.995738, -0.086363, 0.032360, 0.069725, 0.475234, -0.877082, 0.060370, 0.875611, 0.479250),

      ["UpperTorso"] = CFrame.new(-0.007175, 0.113608, -0.049450, 0.991002, 0.005928, 0.133717, 0.019151, 0.982460, -0.185487, -0.132471, 0.186379, 0.973506),

    }},

    {Time = 0.073, Data = {

      ["Head"] = CFrame.new(0.000000, -0.000000, 0.000000, 0.930625, -0.336261, -0.144448, 0.335934, 0.941487, -0.027394, 0.145208, -0.023031, 0.989133),

      ["LeftFoot"] = CFrame.new(0.000000, 0.026757, -0.000002, 0.899580, -0.334103, -0.281322, 0.238213, 0.915169, -0.325162, 0.366074, 0.225480, 0.902844),

      ["LeftHand"] = CFrame.new(0.000500, 0.000100, 0.000000, 1.000000, -0.000000, 0.000000, 0.000000, 1.000000, 0.000001, -0.000000, -0.000000, 1.000000),

      ["LeftLowerArm"] = CFrame.new(-0.000500, 0.051614, 0.014349, 1.000000, -0.000000, -0.000000, 0.000000, 0.855987, -0.516997, 0.000000, 0.516997, 0.855987),

      ["LeftLowerLeg"] = CFrame.new(-0.000000, 0.109952, -0.048870, 1.000000, -0.000000, -0.000000, 0.000000, 0.495391, 0.868676, -0.000000, -0.868670, 0.495380),

      ["LeftUpperArm"] = CFrame.new(-0.000000, -0.000000, 0.000000, 0.706719, 0.229704, -0.669167, -0.016067, 0.950793, 0.309409, 0.707312, -0.207914, 0.675634),

      ["LeftUpperLeg"] = CFrame.new(0.000000, -0.000000, -0.000100, 0.911450, 0.408971, -0.044723, -0.321863, 0.641116, -0.696673, -0.256248, 0.649394, 0.715993),

      ["LowerTorso"] = CFrame.new(0.234107, -0.500382, 0.169905, 0.999380, 0.007817, 0.034316, -0.008438, 0.999802, 0.018000, -0.034168, -0.018278, 0.999249),

      ["RightFoot"] = CFrame.new(-0.000000, 0.029954, -0.000102, 0.997771, 0.051043, 0.042979, -0.026816, 0.896525, -0.442203, -0.061100, 0.440043, 0.895885),

      ["RightHand"] = CFrame.new(-0.000500, 0.000000, 0.000000, 0.951253, -0.176552, -0.252881, 0.264496, 0.888711, 0.374483, 0.158622, -0.423110, 0.892084),

      ["RightLowerArm"] = CFrame.new(-0.000000, 0.056856, 0.017666, 1.000000, 0.000000, 0.000000, -0.000000, 0.822767, -0.568378, -0.000000, 0.568378, 0.822767),

      ["RightLowerLeg"] = CFrame.new(-0.000000, 0.119779, -0.066965, 1.000000, 0.000000, 0.000000, -0.000000, 0.308291, 0.951297, 0.000000, -0.951292, 0.308277),

      ["RightUpperArm"] = CFrame.new(0.000000, -0.000000, -0.000000, 0.868357, 0.159902, 0.469454, 0.359721, 0.448557, -0.818167, -0.341404, 0.879334, 0.331988),

      ["RightUpperLeg"] = CFrame.new(0.000000, -0.000000, -0.000000, 0.995254, -0.096678, -0.011090, 0.058047, 0.681253, -0.729727, 0.078104, 0.725636, 0.683649),

      ["UpperTorso"] = CFrame.new(-0.006627, 0.090171, -0.051116, 0.994779, 0.022525, 0.099539, -0.018411, 0.998945, -0.042062, -0.100381, 0.040009, 0.994144),

    }},

    {Time = 0.091, Data = {

      ["Head"] = CFrame.new(0.000000, 0.000000, -0.000000, 0.932138, -0.333636, -0.140734, 0.333503, 0.942411, -0.025239, 0.141050, -0.023409, 0.989726),

      ["LeftFoot"] = CFrame.new(-0.000000, 0.025454, -0.000002, 0.899064, -0.334916, -0.282006, 0.229833, 0.909231, -0.347111, 0.372641, 0.247244, 0.894420),

      ["LeftHand"] = CFrame.new(0.000500, 0.000100, 0.000000, 1.000000, 0.000000, 0.000000, 0.000000, 1.000000, 0.000001, -0.000000, -0.000000, 1.000000),

      ["LeftLowerArm"] = CFrame.new(-0.000500, 0.052733, 0.015034, 1.000000, -0.000000, -0.000000, 0.000000, 0.849135, -0.528176, 0.000000, 0.528176, 0.849135),

      ["LeftLowerLeg"] = CFrame.new(0.000000, 0.105944, -0.043964, 1.000000, -0.000000, -0.000000, 0.000000, 0.546449, 0.837499, -0.000000, -0.837493, 0.546439),

      ["LeftUpperArm"] = CFrame.new(-0.000000, -0.000000, 0.000000, 0.706623, 0.232581, -0.668274, -0.018000, 0.950039, 0.311612, 0.707361, -0.208164, 0.675506),

      ["LeftUpperLeg"] = CFrame.new(-0.000000, 0.000000, -0.000100, 0.913732, 0.403704, -0.045987, -0.369051, 0.777236, -0.509594, -0.169984, 0.482625, 0.859185),

      ["LowerTorso"] = CFrame.new(0.230710, -0.449246, 0.088382, 0.997683, 0.002706, 0.067987, 0.006958, 0.989912, -0.141511, -0.067684, 0.141656, 0.987599),

      ["RightFoot"] = CFrame.new(-0.000000, 0.028767, -0.000102, 0.997405, 0.055073, 0.046372, -0.026225, 0.877760, -0.478405, -0.067047, 0.475924, 0.876914),

      ["RightHand"] = CFrame.new(-0.000500, 0.000000, -0.000000, 0.950811, -0.220127, -0.217954, 0.278549, 0.915393, 0.290634, 0.135536, -0.337046, 0.931680),

      ["RightLowerArm"] = CFrame.new(0.000000, 0.061010, 0.020691, 1.000000, 0.000000, 0.000000, -0.000000, 0.792485, -0.609892, -0.000000, 0.609892, 0.792485),

      ["RightLowerLeg"] = CFrame.new(-0.000000, 0.116049, -0.059040, 1.000000, 0.000000, 0.000000, -0.000000, 0.390725, 0.920513, 0.000000, -0.920507, 0.390712),

      ["RightUpperArm"] = CFrame.new(-0.000000, -0.000000, -0.000000, 0.868447, 0.158254, 0.469846, 0.364142, 0.439524, -0.821108, -0.336452, 0.884180, 0.324076),

      ["RightUpperLeg"] = CFrame.new(0.000000, -0.000000, -0.000000, 0.992338, -0.108349, -0.059378, 0.063785, 0.860847, -0.504828, 0.105813, 0.497195, 0.861175),

      ["UpperTorso"] = CFrame.new(-0.006784, 0.064160, -0.046103, 0.997455, 0.036351, 0.061334, -0.043266, 0.992369, 0.115468, -0.056669, -0.117827, 0.991416),

    }},

    {Time = 0.109, Data = {

      ["Head"] = CFrame.new(-0.000000, 0.000000, 0.000000, 0.934486, -0.329049, -0.135877, 0.329119, 0.944018, -0.022604, 0.135709, -0.023597, 0.990468),

      ["LeftFoot"] = CFrame.new(-0.000000, 0.023370, -0.000003, 0.903621, -0.327661, -0.275896, 0.222143, 0.909181, -0.352213, 0.366225, 0.256960, 0.894331),

      ["LeftHand"] = CFrame.new(0.000500, 0.000100, 0.000000, 1.000000, -0.000000, -0.000000, 0.000000, 1.000000, 0.000001, -0.000000, -0.000000, 1.000000),

      ["LeftLowerArm"] = CFrame.new(-0.000500, 0.053966, 0.015811, 1.000000, -0.000000, -0.000000, 0.000000, 0.841343, -0.540502, 0.000000, 0.540502, 0.841343),

      ["LeftLowerLeg"] = CFrame.new(-0.000000, 0.099122, -0.036841, 1.000000, -0.000000, -0.000000, 0.000000, 0.620467, 0.784238, -0.000000, -0.784232, 0.620460),

      ["LeftUpperArm"] = CFrame.new(0.000000, 0.000000, 0.000000, 0.706510, 0.235777, -0.667272, -0.020149, 0.949190, 0.314058, 0.707416, -0.208440, 0.675363),

      ["LeftUpperLeg"] = CFrame.new(-0.000000, 0.000000, -0.000100, 0.920544, 0.388682, -0.039049, -0.382797, 0.877608, -0.288544, -0.077883, 0.280588, 0.956670),

      ["LowerTorso"] = CFrame.new(0.218203, -0.385539, 0.012343, 0.994957, 0.011823, 0.099607, 0.017583, 0.957094, -0.289243, -0.098753, 0.289535, 0.952059),

      ["RightFoot"] = CFrame.new(-0.000000, 0.026814, -0.000103, 0.996310, 0.065657, 0.055284, -0.030369, 0.872089, -0.488429, -0.080277, 0.484923, 0.870850),

      ["RightHand"] = CFrame.new(-0.000500, 0.000000, -0.000000, 0.948850, -0.266602, -0.169139, 0.296262, 0.937008, 0.185056, 0.109148, -0.225697, 0.968063),

      ["RightLowerArm"] = CFrame.new(-0.000000, 0.065765, 0.024580, 1.000000, 0.000000, 0.000000, -0.000000, 0.753539, -0.657403, -0.000000, 0.657403, 0.753539),

      ["RightLowerLeg"] = CFrame.new(-0.000000, 0.109193, -0.048185, 1.000000, 0.000000, 0.000000, -0.000000, 0.503529, 0.863985, 0.000000, -0.863979, 0.503517),

      ["RightUpperArm"] = CFrame.new(-0.000000, -0.000000, -0.000000, 0.868762, 0.155959, 0.470032, 0.368531, 0.430416, -0.823971, -0.330815, 0.889055, 0.316453),

      ["RightUpperLeg"] = CFrame.new(0.000000, 0.000000, -0.000000, 0.986980, -0.119154, -0.108044, 0.090626, 0.966911, -0.238451, 0.132882, 0.225580, 0.965126),

      ["UpperTorso"] = CFrame.new(-0.006961, 0.039600, -0.034076, 0.998675, 0.045180, 0.024655, -0.050091, 0.963274, 0.263808, -0.011831, -0.264693, 0.964260),

    }},

    {Time = 0.127, Data = {

      ["Head"] = CFrame.new(-0.000000, 0.000000, -0.000000, 0.937559, -0.322621, -0.129992, 0.322894, 0.946233, -0.019560, 0.129313, -0.023635, 0.991322),

      ["LeftFoot"] = CFrame.new(-0.000000, 0.019828, -0.000003, 0.912571, -0.312810, -0.263391, 0.215864, 0.915536, -0.339422, 0.347298, 0.252871, 0.903005),

      ["LeftHand"] = CFrame.new(0.000500, 0.000100, -0.000000, 1.000000, -0.000000, -0.000000, 0.000000, 1.000000, 0.000001, -0.000000, -0.000000, 1.000000),

      ["LeftLowerArm"] = CFrame.new(-0.000500, 0.055249, 0.016648, 1.000000, -0.000000, -0.000000, 0.000000, 0.832965, -0.553326, 0.000000, 0.553326, 0.832965),

      ["LeftLowerLeg"] = CFrame.new(0.000000, 0.089002, -0.028861, 1.000000, -0.000000, -0.000000, 0.000000, 0.703485, 0.710714, -0.000000, -0.710710, 0.703481),

      ["LeftUpperArm"] = CFrame.new(0.000000, -0.000000, 0.000000, 0.706384, 0.239132, -0.666212, -0.022406, 0.948287, 0.316624, 0.707474, -0.208730, 0.675212),

      ["LeftUpperLeg"] = CFrame.new(0.000000, -0.000000, -0.000100, 0.931058, 0.363889, -0.026742, -0.364865, 0.928093, -0.074262, -0.002205, 0.078922, 0.996880),

      ["LowerTorso"] = CFrame.new(0.197633, -0.317660, -0.047890, 0.992302, 0.030309, 0.120074, 0.021170, 0.913800, -0.405613, -0.122017, 0.405032, 0.906124),

      ["RightFoot"] = CFrame.new(0.000000, 0.023483, -0.000103, 0.994348, 0.081221, 0.068389, -0.039403, 0.880379, -0.472656, -0.098591, 0.467264, 0.878589),

      ["RightHand"] = CFrame.new(-0.000500, 0.000000, -0.000000, 0.944775, -0.309322, -0.108259, 0.317239, 0.946093, 0.065332, 0.082213, -0.096066, 0.991974),

      ["RightLowerArm"] = CFrame.new(0.000000, 0.070682, 0.029160, 1.000000, 0.000000, 0.000000, -0.000000, 0.707688, -0.706525, -0.000000, 0.706525, 0.707688),

      ["RightLowerLeg"] = CFrame.new(0.000000, 0.098673, -0.036718, 1.000000, 0.000000, 0.000000, -0.000000, 0.622786, 0.782398, 0.000000, -0.782392, 0.622778),

      ["RightUpperArm"] = CFrame.new(0.000000, -0.000001, -0.000000, 0.869173, 0.153473, 0.470089, 0.372520, 0.421976, -0.826538, -0.325218, 0.893522, 0.309599),

      ["RightUpperLeg"] = CFrame.new(0.000000, -0.000000, 0.000000, 0.980068, -0.129512, -0.150646, 0.132056, 0.991218, 0.006990, 0.148419, -0.026720, 0.988563),

      ["UpperTorso"] = CFrame.new(-0.005499, 0.018460, -0.017356, 0.998886, 0.046931, -0.004866, -0.041524, 0.923378, 0.381641, 0.022404, -0.381013, 0.924298),

    }},

    {Time = 0.145, Data = {

      ["Head"] = CFrame.new(-0.000000, -0.000000, 0.000000, 0.941240, -0.314469, -0.123189, 0.314936, 0.948975, -0.016178, 0.121991, -0.023569, 0.992251),

      ["LeftFoot"] = CFrame.new(0.000000, 0.015852, -0.000003, 0.923931, -0.292646, -0.246413, 0.210334, 0.926583, -0.311790, 0.319547, 0.236225, 0.917642),

      ["LeftHand"] = CFrame.new(0.000500, 0.000100, -0.000000, 1.000000, -0.000000, 0.000000, -0.000000, 1.000000, 0.000001, -0.000000, -0.000000, 1.000000),

      ["LeftLowerArm"] = CFrame.new(-0.000500, 0.056520, 0.017504, 1.000000, -0.000000, -0.000000, 0.000000, 0.824391, -0.566020, 0.000000, 0.566020, 0.824392),

      ["LeftLowerLeg"] = CFrame.new(0.000000, 0.077160, -0.021424, 1.000000, -0.000000, -0.000000, 0.000000, 0.780565, 0.625075, -0.000000, -0.625075, 0.780564),

      ["LeftUpperArm"] = CFrame.new(-0.000000, -0.000000, 0.000000, 0.706249, 0.242483, -0.665142, -0.024663, 0.947371, 0.319185, 0.707534, -0.209020, 0.675061),

      ["LeftUpperLeg"] = CFrame.new(0.000000, 0.000000, -0.000100, 0.943703, 0.330654, -0.009631, -0.328499, 0.940185, 0.090249, 0.038895, -0.081983, 0.995873),

      ["LowerTorso"] = CFrame.new(0.171593, -0.256716, -0.084341, 0.991111, 0.049293, 0.123569, 0.015607, 0.879334, -0.475950, -0.132119, 0.473648, 0.870748),

      ["RightFoot"] = CFrame.new(-0.000000, 0.019256, -0.000103, 0.991613, 0.098871, 0.083250, -0.052354, 0.896144, -0.440689, -0.118168, 0.432608, 0.893791),

      ["RightHand"] = CFrame.new(-0.000500, 0.000000, -0.000000, 0.938634, -0.342639, -0.039566, 0.340131, 0.938544, -0.058705, 0.057249, 0.041645, 0.997491),

      ["RightLowerArm"] = CFrame.new(0.000000, 0.075369, 0.034162, 1.000000, 0.000000, 0.000000, 0.000000, 0.657627, -0.753343, -0.000000, 0.753343, 0.657627),

      ["RightLowerLeg"] = CFrame.new(0.000000, 0.086562, -0.027428, 1.000000, 0.000000, 0.000000, -0.000000, 0.719412, 0.694587, 0.000000, -0.694584, 0.719408),

      ["RightUpperArm"] = CFrame.new(0.000000, -0.000000, -0.000000, 0.869565, 0.151256, 0.470084, 0.375766, 0.414966, -0.828615, -0.320401, 0.897176, 0.304003),

      ["RightUpperLeg"] = CFrame.new(0.000000, 0.000000, 0.000000, 0.973342, -0.144068, -0.178469, 0.175249, 0.969122, 0.173489, 0.147964, -0.200119, 0.968530),

      ["UpperTorso"] = CFrame.new(0.000000, 0.000000, 0.000000, 0.998979, 0.039691, -0.021579, -0.025631, 0.891256, 0.452775, 0.037204, -0.451760, 0.891364),

    }},

    {Time = 0.164, Data = {

      ["Head"] = CFrame.new(-0.000000, 0.000000, 0.000000, 0.945407, -0.304708, -0.115581, 0.305352, 0.952157, -0.012533, 0.113870, -0.023444, 0.993219),

      ["LeftFoot"] = CFrame.new(-0.000000, 0.013273, -0.000003, 0.935217, -0.270857, -0.228067, 0.204217, 0.938774, -0.277503, 0.289249, 0.212933, 0.933262),

      ["LeftHand"] = CFrame.new(0.000500, 0.000100, 0.000000, 1.000000, 0.000000, 0.000000, -0.000000, 1.000000, 0.000001, -0.000000, -0.000000, 1.000000),

      ["LeftLowerArm"] = CFrame.new(-0.000500, 0.057717, 0.018337, 1.000000, -0.000000, -0.000000, 0.000000, 0.816050, -0.577981, 0.000000, 0.577981, 0.816050),

      ["LeftLowerLeg"] = CFrame.new(-0.000000, 0.066850, -0.015692, 1.000000, -0.000000, -0.000000, 0.000000, 0.839388, 0.543529, -0.000000, -0.543532, 0.839390),

      ["LeftUpperArm"] = CFrame.new(0.000000, -0.000000, 0.000000, 0.706114, 0.245671, -0.664115, -0.026811, 0.946489, 0.321621, 0.707590, -0.209295, 0.674916),

      ["LeftUpperLeg"] = CFrame.new(-0.000000, -0.000000, -0.000100, 0.955849, 0.293642, 0.011259, -0.290776, 0.939599, 0.180584, 0.042447, -0.175866, 0.983495),

      ["LowerTorso"] = CFrame.new(0.143590, -0.212651, -0.094908, 0.991909, 0.060650, 0.111525, 0.002745, 0.868043, -0.496481, -0.126920, 0.492771, 0.860853),

      ["RightFoot"] = CFrame.new(0.000000, 0.016147, -0.000103, 0.988471, 0.115827, 0.097528, -0.066876, 0.911829, -0.405112, -0.135843, 0.393894, 0.909051),

      ["RightHand"] = CFrame.new(-0.000500, 0.000000, 0.000000, 0.931194, -0.363225, 0.030759, 0.362742, 0.915000, -0.176616, 0.036007, 0.175620, 0.983799),

      ["RightLowerArm"] = CFrame.new(-0.000000, 0.079512, 0.039224, 1.000000, 0.000000, 0.000000, -0.000000, 0.606968, -0.794726, -0.000000, 0.794726, 0.606968),

      ["RightLowerLeg"] = CFrame.new(0.000000, 0.077246, -0.021684, 1.000000, 0.000000, 0.000000, -0.000000, 0.778905, 0.627142, 0.000000, -0.627142, 0.778905),

      ["RightUpperArm"] = CFrame.new(-0.000000, -0.000000, -0.000000, 0.869826, 0.149769, 0.470076, 0.377942, 0.410156, -0.830020, -0.317116, 0.899634, 0.300160),

      ["RightUpperLeg"] = CFrame.new(-0.000000, -0.000000, -0.000000, 0.968413, -0.165860, -0.186196, 0.208551, 0.948065, 0.240188, 0.136689, -0.271411, 0.952702),

      ["UpperTorso"] = CFrame.new(0.010666, -0.017198, 0.013067, 0.999407, 0.025405, -0.023254, -0.011382, 0.880879, 0.473205, 0.032506, -0.472660, 0.880645),

    }},

    {Time = 0.182, Data = {

      ["Head"] = CFrame.new(-0.000000, 0.000001, 0.000000, 0.949934, -0.293454, -0.107282, 0.294250, 0.955689, -0.008698, 0.105081, -0.023305, 0.994191),

      ["LeftFoot"] = CFrame.new(-0.000000, 0.012293, -0.000003, 0.942753, -0.255112, -0.214809, 0.197140, 0.945805, -0.258060, 0.268985, 0.200924, 0.941946),

      ["LeftHand"] = CFrame.new(0.000500, 0.000100, -0.000000, 1.000000, -0.000000, 0.000000, 0.000000, 1.000000, 0.000001, -0.000000, -0.000000, 1.000000),

      ["LeftLowerArm"] = CFrame.new(-0.000500, 0.058783, 0.019101, 1.000000, -0.000000, -0.000000, 0.000000, 0.808402, -0.588631, 0.000000, 0.588631, 0.808402),

      ["LeftLowerLeg"] = CFrame.new(-0.000000, 0.061558, -0.013008, 1.000000, -0.000000, 0.000000, 0.000000, 0.866758, 0.498723, -0.000000, -0.498729, 0.866761),

      ["LeftUpperArm"] = CFrame.new(-0.000000, 0.000000, 0.000000, 0.705986, 0.248535, -0.663185, -0.028742, 0.945686, 0.323808, 0.707643, -0.209542, 0.674784),

      ["LeftUpperLeg"] = CFrame.new(0.000000, -0.000000, -0.000100, 0.961512, 0.273808, 0.022909, -0.272192, 0.937817, 0.215450, 0.037506, -0.213375, 0.976246),

      ["LowerTorso"] = CFrame.new(0.121367, -0.188343, -0.095076, 0.993073, 0.058499, 0.101902, -0.000207, 0.868122, -0.496351, -0.117500, 0.492892, 0.862120),

      ["RightFoot"] = CFrame.new(-0.000000, 0.014389, -0.000103, 0.985839, 0.128283, 0.108016, -0.078968, 0.923323, -0.375841, -0.147938, 0.361965, 0.920368),

      ["RightHand"] = CFrame.new(-0.000500, -0.000000, 0.000000, 0.923785, -0.370702, 0.095922, 0.382432, 0.880694, -0.279508, 0.019136, 0.294887, 0.955340),

      ["RightLowerArm"] = CFrame.new(-0.000000, 0.082893, 0.043916, 1.000000, 0.000000, 0.000000, -0.000000, 0.560007, -0.828488, -0.000000, 0.828488, 0.560007),

      ["RightLowerLeg"] = CFrame.new(-0.000000, 0.071099, -0.018247, 1.000000, 0.000000, -0.000000, -0.000000, 0.814296, 0.580449, 0.000000, -0.580451, 0.814296),

      ["RightUpperArm"] = CFrame.new(0.000000, 0.000000, -0.000000, 0.869851, 0.149478, 0.470123, 0.378726, 0.408318, -0.830568, -0.316111, 0.900518, 0.298565),

      ["RightUpperLeg"] = CFrame.new(0.000000, 0.000000, 0.000000, 0.966291, -0.176151, -0.187760, 0.222274, 0.938794, 0.263192, 0.129907, -0.296035, 0.946296),

      ["UpperTorso"] = CFrame.new(0.020634, -0.028837, 0.019299, 0.999550, 0.020985, -0.021444, -0.008349, 0.881013, 0.473018, 0.028819, -0.472626, 0.880792),

    }},

    {Time = 0.200, Data = {

      ["Head"] = CFrame.new(0.000000, -0.000001, 0.000000, 0.954701, -0.280824, -0.098407, 0.281740, 0.959479, -0.004745, 0.095752, -0.023195, 0.995135),

      ["LeftFoot"] = CFrame.new(-0.000000, 0.012708, -0.000003, 0.944511, -0.251278, -0.211581, 0.190136, 0.943427, -0.271665, 0.267859, 0.216345, 0.938846),

      ["LeftHand"] = CFrame.new(0.000500, 0.000100, 0.000000, 1.000000, -0.000000, 0.000000, -0.000000, 1.000000, 0.000001, -0.000000, -0.000000, 1.000000),

      ["LeftLowerArm"] = CFrame.new(-0.000500, 0.059661, 0.019747, 1.000000, -0.000000, -0.000000, 0.000000, 0.801934, -0.597413, 0.000000, 0.597413, 0.801934),

      ["LeftLowerLeg"] = CFrame.new(0.000000, 0.063815, -0.014115, 1.000000, -0.000000, -0.000000, 0.000000, 0.855475, 0.517840, -0.000000, -0.517845, 0.855477),

      ["LeftUpperArm"] = CFrame.new(-0.000000, -0.000001, -0.000000, 0.705875, 0.250915, -0.662406, -0.030348, 0.945012, 0.325624, 0.707686, -0.209748, 0.674675),

      ["LeftUpperLeg"] = CFrame.new(-0.000000, 0.000000, -0.000100, 0.956940, 0.289949, 0.014007, -0.285881, 0.932945, 0.218847, 0.050386, -0.213409, 0.975659),

      ["LowerTorso"] = CFrame.new(0.111511, -0.183050, -0.100188, 0.993050, 0.039745, 0.110784, 0.021789, 0.862908, -0.504892, -0.115663, 0.503796, 0.856044),

      ["RightFoot"] = CFrame.new(0.000000, 0.013442, -0.000103, 0.984603, 0.133723, 0.112597, -0.085461, 0.930087, -0.357282, -0.152492, 0.342136, 0.927185),

      ["RightHand"] = CFrame.new(-0.000500, 0.000000, 0.000000, 0.917943, -0.367491, 0.149438, 0.396661, 0.844129, -0.360704, 0.006410, 0.390379, 0.920631),

      ["RightLowerArm"] = CFrame.new(0.000000, 0.085369, 0.047758, 1.000000, 0.000000, 0.000000, -0.000000, 0.521565, -0.853212, -0.000000, 0.853212, 0.521565),

      ["RightLowerLeg"] = CFrame.new(-0.000000, 0.066484, -0.015703, 1.000000, 0.000000, 0.000000, -0.000000, 0.840300, 0.542119, 0.000000, -0.542122, 0.840302),

      ["RightUpperArm"] = CFrame.new(-0.000000, -0.000001, -0.000000, 0.869568, 0.150679, 0.470263, 0.377898, 0.409966, -0.830134, -0.317876, 0.899569, 0.299552),

      ["RightUpperLeg"] = CFrame.new(-0.000000, 0.000000, -0.000000, 0.967649, -0.155757, -0.198484, 0.211247, 0.930309, 0.299850, 0.137948, -0.332061, 0.933110),

      ["UpperTorso"] = CFrame.new(0.023279, -0.029782, 0.019737, 0.998751, 0.041150, -0.028359, -0.022387, 0.875727, 0.482287, 0.044681, -0.481049, 0.875554),

    }},

    {Time = 0.218, Data = {

      ["Head"] = CFrame.new(0.000000, 0.000000, -0.000000, 0.959588, -0.266938, -0.089076, 0.267939, 0.963436, -0.000744, 0.086018, -0.023153, 0.996025),

      ["LeftFoot"] = CFrame.new(-0.000000, 0.014107, -0.000003, 0.942149, -0.256413, -0.215905, 0.183576, 0.933609, -0.307710, 0.280454, 0.250255, 0.926661),

      ["LeftHand"] = CFrame.new(0.000500, 0.000100, 0.000000, 1.000000, -0.000000, 0.000000, -0.000000, 1.000000, 0.000001, -0.000000, -0.000000, 1.000000),

      ["LeftLowerArm"] = CFrame.new(-0.000500, 0.060299, 0.020225, 1.000000, -0.000000, -0.000000, 0.000000, 0.797150, -0.603782, 0.000000, 0.603782, 0.797150),

      ["LeftLowerLeg"] = CFrame.new(-0.000000, 0.071002, -0.017989, 1.000000, -0.000000, 0.000000, 0.000000, 0.815914, 0.578172, -0.000000, -0.578174, 0.815915),

      ["LeftUpperArm"] = CFrame.new(-0.000000, -0.000000, 0.000000, 0.705792, 0.252652, -0.661835, -0.031520, 0.944516, 0.326950, 0.707718, -0.209897, 0.674595),

      ["LeftUpperLeg"] = CFrame.new(0.000000, 0.000000, -0.000100, 0.944203, 0.329137, -0.012259, -0.319655, 0.924705, 0.206760, 0.079387, -0.191285, 0.978315),

      ["LowerTorso"] = CFrame.new(0.110253, -0.191884, -0.110766, 0.990743, 0.012656, 0.135156, 0.060352, 0.850766, -0.522068, -0.121593, 0.525393, 0.842127),

      ["RightFoot"] = CFrame.new(-0.000000, 0.012826, -0.000103, 0.984210, 0.135405, 0.114013, -0.087733, 0.932565, -0.350200, -0.153734, 0.334646, 0.929710),

      ["RightHand"] = CFrame.new(-0.000500, 0.000001, 0.000000, 0.915017, -0.358681, 0.184641, 0.403409, 0.816184, -0.413652, -0.002331, 0.452981, 0.891515),

      ["RightLowerArm"] = CFrame.new(0.000000, 0.086814, 0.050194, 1.000000, 0.000000, 0.000000, -0.000000, 0.497192, -0.867640, -0.000000, 0.867640, 0.497192),

      ["RightLowerLeg"] = CFrame.new(0.000000, 0.063170, -0.013992, 1.000000, 0.000000, 0.000000, -0.000000, 0.857748, 0.514066, 0.000000, -0.514070, 0.857751),

      ["RightUpperArm"] = CFrame.new(0.000000, -0.000000, -0.000000, 0.869059, 0.153019, 0.470448, 0.375677, 0.414596, -0.828840, -0.321874, 0.897048, 0.302823),

      ["RightUpperLeg"] = CFrame.new(0.000000, 0.000000, 0.000000, 0.969408, -0.115791, -0.216430, 0.187554, 0.918234, 0.348829, 0.158343, -0.378733, 0.911853),

      ["UpperTorso"] = CFrame.new(0.019789, -0.022728, 0.016575, 0.996021, 0.077500, -0.044001, -0.045024, 0.863671, 0.502041, 0.076910, -0.498062, 0.863724),

    }},

    {Time = 0.236, Data = {

      ["Head"] = CFrame.new(-0.000000, -0.000000, 0.000000, 0.964485, -0.251919, -0.079412, 0.252965, 0.967470, 0.003239, 0.076012, -0.023213, 0.996837),

      ["LeftFoot"] = CFrame.new(-0.000000, 0.016721, -0.000003, 0.937926, -0.265319, -0.223403, 0.177489, 0.920518, -0.348076, 0.297980, 0.286797, 0.910458),

      ["LeftHand"] = CFrame.new(0.000500, 0.000100, -0.000000, 1.000000, 0.000000, 0.000000, -0.000000, 1.000000, 0.000001, -0.000000, -0.000000, 1.000000),

      ["LeftLowerArm"] = CFrame.new(-0.000500, 0.060641, 0.020484, 1.000000, -0.000000, -0.000000, 0.000000, 0.794553, -0.607195, 0.000000, 0.607195, 0.794553),

      ["LeftLowerLeg"] = CFrame.new(0.000000, 0.079788, -0.022933, 1.000000, -0.000000, -0.000000, 0.000000, 0.764952, 0.644089, -0.000000, -0.644088, 0.764951),

      ["LeftUpperArm"] = CFrame.new(0.000000, -0.000000, 0.000000, 0.705746, 0.253587, -0.661526, -0.032152, 0.944247, 0.327663, 0.707735, -0.209978, 0.674552),

      ["LeftUpperLeg"] = CFrame.new(-0.000000, 0.000000, -0.000100, 0.927515, 0.370732, -0.047687, -0.355511, 0.914365, 0.193797, 0.115449, -0.162775, 0.979882),

      ["LowerTorso"] = CFrame.new(0.111233, -0.209285, -0.123969, 0.986008, -0.011784, 0.166279, 0.101262, 0.834701, -0.541313, -0.132415, 0.550577, 0.824215),

      ["RightFoot"] = CFrame.new(0.000000, 0.012547, -0.000103, 0.983716, 0.137488, 0.115767, -0.088429, 0.930972, -0.354241, -0.156470, 0.338214, 0.927961),

      ["RightHand"] = CFrame.new(-0.000500, 0.000000, 0.000000, 0.916184, -0.349726, 0.195704, 0.400700, 0.807806, -0.432309, -0.006901, 0.474490, 0.880232),

      ["RightLowerArm"] = CFrame.new(-0.000000, 0.087087, 0.050673, 1.000000, 0.000000, 0.000000, -0.000000, 0.492405, -0.870366, -0.000000, 0.870366, 0.492405),

      ["RightLowerLeg"] = CFrame.new(0.000000, 0.061654, -0.013250, 1.000000, 0.000000, 0.000000, -0.000000, 0.865312, 0.501229, 0.000000, -0.501235, 0.865315),

      ["RightUpperArm"] = CFrame.new(0.000000, -0.000001, -0.000000, 0.868444, 0.155976, 0.470613, 0.372388, 0.421449, -0.826866, -0.327310, 0.893338, 0.307922),

      ["RightUpperLeg"] = CFrame.new(0.000000, 0.000000, 0.000000, 0.968545, -0.075044, -0.237255, 0.166907, 0.903078, 0.395735, 0.184563, -0.422870, 0.887189),

      ["UpperTorso"] = CFrame.new(0.013144, -0.012321, 0.011886, 0.991127, 0.115900, -0.065070, -0.064616, 0.847950, 0.526123, 0.116153, -0.517251, 0.847915),

    }},

    {Time = 0.255, Data = {

      ["Head"] = CFrame.new(-0.000000, -0.000000, -0.000000, 0.969288, -0.235893, -0.069541, 0.236944, 0.971497, 0.007145, 0.065873, -0.023403, 0.997554),

      ["LeftFoot"] = CFrame.new(0.000000, 0.019265, -0.000003, 0.934515, -0.272272, -0.229257, 0.170311, 0.907626, -0.383697, 0.312531, 0.319504, 0.894549),

      ["LeftHand"] = CFrame.new(0.000500, 0.000100, 0.000000, 1.000000, -0.000000, 0.000000, -0.000000, 1.000000, 0.000001, -0.000000, -0.000000, 1.000000),

      ["LeftLowerArm"] = CFrame.new(-0.000500, 0.060630, 0.020477, 1.000000, -0.000000, -0.000000, 0.000000, 0.794627, -0.607098, 0.000000, 0.607098, 0.794627),

      ["LeftLowerLeg"] = CFrame.new(-0.000000, 0.087375, -0.027742, 1.000000, -0.000000, 0.000000, 0.000000, 0.715110, 0.699015, -0.000000, -0.699012, 0.715107),

      ["LeftUpperArm"] = CFrame.new(-0.000000, -0.000000, -0.000000, 0.705747, 0.253560, -0.661535, -0.032134, 0.944255, 0.327643, 0.707735, -0.209975, 0.674553),

      ["LeftUpperLeg"] = CFrame.new(-0.000000, -0.000000, -0.000100, 0.914277, 0.396640, -0.082301, -0.376994, 0.907468, 0.185429, 0.148233, -0.138484, 0.979205),

      ["LowerTorso"] = CFrame.new(0.108685, -0.230240, -0.137509, 0.980767, -0.024164, 0.193680, 0.130509, 0.819042, -0.558693, -0.145132, 0.573225, 0.806443),

      ["RightFoot"] = CFrame.new(0.000000, 0.012712, -0.000103, 0.982332, 0.143161, 0.120544, -0.089418, 0.924846, -0.369703, -0.164402, 0.352370, 0.921297),

      ["RightHand"] = CFrame.new(-0.000500, 0.000000, 0.000000, 0.922291, -0.343760, 0.176660, 0.386452, 0.827123, -0.408074, -0.005840, 0.444631, 0.895693),

      ["RightLowerArm"] = CFrame.new(0.000000, 0.085939, 0.048699, 1.000000, 0.000000, 0.000000, -0.000000, 0.512151, -0.858896, -0.000000, 0.858896, 0.512150),

      ["RightLowerLeg"] = CFrame.new(0.000000, 0.062552, -0.013687, 1.000000, 0.000000, 0.000000, -0.000000, 0.860862, 0.508834, 0.000000, -0.508839, 0.860865),

      ["RightUpperArm"] = CFrame.new(0.000000, -0.000001, -0.000000, 0.867850, 0.159033, 0.470685, 0.368359, 0.429765, -0.824387, -0.333388, 0.888826, 0.314391),

      ["RightUpperLeg"] = CFrame.new(0.000000, -0.000000, 0.000000, 0.964628, -0.052087, -0.258420, 0.162615, 0.889126, 0.427815, 0.207485, -0.454689, 0.866137),

      ["UpperTorso"] = CFrame.new(0.005078, -0.003198, 0.008620, 0.985879, 0.142468, -0.088013, -0.071365, 0.832892, 0.548815, 0.151493, -0.534784, 0.831298),

    }},

    {Time = 0.273, Data = {

      ["Head"] = CFrame.new(-0.000000, -0.000000, 0.000000, 0.973905, -0.218993, -0.059593, 0.220006, 0.975437, 0.010919, 0.055738, -0.023745, 0.998163),

      ["LeftFoot"] = CFrame.new(0.000000, 0.021231, -0.000003, 0.934423, -0.272458, -0.229414, 0.161125, 0.897772, -0.409951, 0.317637, 0.346081, 0.882785),

      ["LeftHand"] = CFrame.new(0.000500, 0.000100, -0.000000, 1.000000, -0.000000, 0.000000, -0.000000, 1.000000, 0.000001, -0.000000, -0.000000, 1.000000),

      ["LeftLowerArm"] = CFrame.new(-0.000500, 0.060233, 0.020175, 1.000000, -0.000000, -0.000000, 0.000000, 0.797647, -0.603124, 0.000000, 0.603124, 0.797647),

      ["LeftLowerLeg"] = CFrame.new(0.000000, 0.092682, -0.031418, 1.000000, -0.000000, -0.000000, 0.000000, 0.676824, 0.736150, -0.000000, -0.736145, 0.676819),

      ["LeftUpperArm"] = CFrame.new(-0.000000, -0.000000, 0.000000, 0.705800, 0.252472, -0.661894, -0.031399, 0.944567, 0.326813, 0.707715, -0.209882, 0.674603),

      ["LeftUpperLeg"] = CFrame.new(0.000000, 0.000000, -0.000100, 0.912258, 0.395844, -0.105314, -0.373604, 0.909503, 0.182299, 0.167945, -0.126935, 0.977587),

      ["LowerTorso"] = CFrame.new(0.098902, -0.251373, -0.149369, 0.978012, -0.019678, 0.207620, 0.137762, 0.808375, -0.572322, -0.156573, 0.588339, 0.793311),

      ["RightFoot"] = CFrame.new(-0.000000, 0.013398, -0.000103, 0.979509, 0.154065, 0.129725, -0.091204, 0.913573, -0.396338, -0.179564, 0.376362, 0.908893),

      ["RightHand"] = CFrame.new(-0.000500, 0.000000, -0.000000, 0.933001, -0.338198, 0.123010, 0.359849, 0.872711, -0.329977, 0.004245, 0.352132, 0.935940),

      ["RightLowerArm"] = CFrame.new(-0.000001, 0.083036, 0.044129, 1.000000, 0.000000, 0.000000, -0.000000, 0.557885, -0.829919, -0.000000, 0.829919, 0.557885),

      ["RightLowerLeg"] = CFrame.new(0.000000, 0.066255, -0.015581, 1.000000, 0.000000, -0.000000, -0.000000, 0.841544, 0.540186, 0.000000, -0.540189, 0.841546),

      ["RightUpperArm"] = CFrame.new(0.000000, 0.000000, -0.000000, 0.867415, 0.161677, 0.470586, 0.363938, 0.438794, -0.821589, -0.339322, 0.883923, 0.321777),

      ["RightUpperLeg"] = CFrame.new(-0.000000, -0.000000, -0.000000, 0.958884, -0.060667, -0.277240, 0.181588, 0.881895, 0.435088, 0.218101, -0.467526, 0.856642),

      ["UpperTorso"] = CFrame.new(-0.003782, 0.001054, 0.009762, 0.983090, 0.147000, -0.109206, -0.060304, 0.822955, 0.564897, 0.172912, -0.548759, 0.817903),

    }},

    {Time = 0.291, Data = {

      ["Head"] = CFrame.new(-0.000000, 0.000000, 0.000000, 0.978257, -0.201354, -0.049704, 0.202289, 0.979218, 0.014514, 0.045748, -0.024253, 0.998659),

      ["LeftFoot"] = CFrame.new(-0.000000, 0.022465, -0.000003, 0.937226, -0.266764, -0.224619, 0.150107, 0.889966, -0.430635, 0.314762, 0.369862, 0.874128),

      ["LeftHand"] = CFrame.new(0.000500, 0.000100, -0.000000, 1.000000, -0.000000, 0.000000, -0.000000, 1.000000, 0.000001, -0.000000, -0.000000, 1.000000),

      ["LeftLowerArm"] = CFrame.new(-0.000500, 0.059495, 0.019624, 1.000000, -0.000000, -0.000000, 0.000000, 0.803163, -0.595759, 0.000000, 0.595759, 0.803163),

