return {
local Animations = {

  ["poodle crouch twerk"] = {

    {Time = 0.000, Data = {

      ["Head"] = CFrame.new(0.000000, 0.000000, 0.000000, 1.000000, 0.000000, 0.000000, 0.000000, 1.000000, -0.000000, 0.000000, 0.000000, 1.000000),

      ["LeftFoot"] = CFrame.new(0.000000, 0.015061, -0.000002, 0.907827, -0.320781, -0.270106, 0.322363, 0.945781, -0.039768, 0.268201, -0.050970, 0.962009),

      ["LeftHand"] = CFrame.new(0.000486, 0.021524, 0.000000, 0.985182, -0.148237, 0.086264, 0.171134, 0.882930, -0.437208, -0.011355, 0.445489, 0.895214),

      ["LeftLowerArm"] = CFrame.new(-0.000500, 0.105157, 0.049717, 1.000000, -0.000000, -0.000000, 0.000000, 0.487774, -0.872970, 0.000000, 0.872970, 0.487774),

      ["LeftLowerLeg"] = CFrame.new(0.000000, 0.074476, -0.019894, 1.000000, -0.000000, -0.000000, 0.000000, 0.796333, 0.604858, -0.000000, -0.604859, 0.796334),

      ["LeftUpperArm"] = CFrame.new(-0.049245, -0.116645, -0.182245, 0.901511, -0.208908, -0.378992, -0.233291, -0.972221, -0.019023, -0.364490, 0.105564, -0.925204),

      ["LeftUpperLeg"] = CFrame.new(-0.000217, -0.065405, 0.148056, 0.797340, 0.592741, -0.113592, -0.383051, 0.351556, -0.854208, -0.466391, 0.724615, 0.507372),

      ["LowerTorso"] = CFrame.new(0.170579, -0.232414, 0.239475, 0.970054, -0.216349, -0.110398, 0.241977, 0.900153, 0.362177, 0.021019, -0.378045, 0.925549),

      ["RightFoot"] = CFrame.new(-0.000000, 0.006420, -0.000103, 0.993591, 0.086465, 0.072806, -0.096066, 0.985368, 0.140803, -0.059562, -0.146880, 0.987357),

      ["RightHand"] = CFrame.new(-0.000488, 0.018379, -0.000001, 0.994939, 0.087039, -0.050210, -0.093620, 0.984461, -0.148568, 0.036498, 0.152516, 0.987627),

      ["RightLowerArm"] = CFrame.new(-0.000000, 0.092732, 0.035076, 1.000000, 0.000000, 0.000000, -0.000000, 0.639684, -0.768638, -0.000000, 0.768638, 0.639684),

      ["RightLowerLeg"] = CFrame.new(0.000000, 0.028087, -0.002380, 1.000000, 0.000000, -0.000000, -0.000000, 0.975676, 0.219202, 0.000000, -0.219217, 0.975679),

      ["RightUpperArm"] = CFrame.new(0.037145, -0.182774, -0.048575, 0.925709, 0.372362, 0.066402, 0.365548, -0.925850, 0.095796, 0.097149, -0.064407, -0.993184),

      ["RightUpperLeg"] = CFrame.new(-0.000360, -0.054694, 0.153210, 0.986290, 0.128692, -0.103294, -0.164653, 0.725767, -0.667938, -0.010992, 0.675796, 0.737014),

      ["UpperTorso"] = CFrame.new(-0.088160, 0.033756, -0.079567, 0.970054, 0.241977, 0.021019, -0.216349, 0.900153, -0.378045, -0.110398, 0.362177, 0.925549),

    }},

    {Time = 0.017, Data = {

      ["Head"] = CFrame.new(-0.000068, -0.000792, -0.000315, 0.999993, -0.001878, 0.003342, 0.001868, 0.999993, 0.003181, -0.003348, -0.003175, 0.999989),

      ["LeftFoot"] = CFrame.new(0.000000, 0.013944, -0.000002, 0.914335, -0.309776, -0.260839, 0.317953, 0.948039, -0.011371, 0.250792, -0.072537, 0.965315),

      ["LeftHand"] = CFrame.new(0.000486, 0.021371, 0.000000, 0.985448, -0.146884, 0.085543, 0.169775, 0.875089, -0.453209, -0.008289, 0.461135, 0.887290),

      ["LeftLowerArm"] = CFrame.new(-0.000500, 0.104444, 0.048663, 1.000000, -0.000000, -0.000000, 0.000000, 0.498704, -0.866772, 0.000000, 0.866773, 0.498704),

      ["LeftLowerLeg"] = CFrame.new(-0.000000, 0.070405, -0.017674, 1.000000, -0.000000, -0.000000, 0.000000, 0.819154, 0.573571, -0.000000, -0.573573, 0.819156),

      ["LeftUpperArm"] = CFrame.new(-0.049645, -0.114334, -0.183740, 0.901249, -0.207491, -0.380392, -0.229055, -0.973342, -0.011766, -0.367811, 0.097734, -0.924751),

      ["LeftUpperLeg"] = CFrame.new(-0.000219, -0.065761, 0.148862, 0.812708, 0.574076, -0.099697, -0.352097, 0.347518, -0.869051, -0.464255, 0.741396, 0.484573),

      ["LowerTorso"] = CFrame.new(0.160538, -0.226983, 0.260621, 0.972888, -0.201482, -0.113554, 0.230319, 0.888699, 0.396443, 0.021039, -0.411848, 0.911010),

      ["RightFoot"] = CFrame.new(0.000000, 0.005199, -0.000103, 0.993008, 0.090304, 0.076039, -0.102488, 0.979112, 0.175623, -0.058587, -0.182170, 0.981517),

      ["RightHand"] = CFrame.new(-0.000488, 0.018053, 0.000000, 0.994666, 0.089343, -0.051558, -0.096713, 0.981558, -0.164899, 0.035874, 0.169005, 0.984962),

      ["RightLowerArm"] = CFrame.new(0.000000, 0.091580, 0.034040, 1.000000, 0.000000, 0.000000, -0.000000, 0.650442, -0.759556, -0.000000, 0.759556, 0.650442),

      ["RightLowerLeg"] = CFrame.new(0.000000, 0.021934, -0.001399, 1.000000, 0.000000, 0.000000, -0.000000, 0.985610, 0.169022, -0.000000, -0.169038, 0.985612),

      ["RightUpperArm"] = CFrame.new(0.036894, -0.181200, -0.049306, 0.926563, 0.370527, 0.064747, 0.362919, -0.925886, 0.105000, 0.098853, -0.073792, -0.992362),

      ["RightUpperLeg"] = CFrame.new(-0.000362, -0.054991, 0.154044, 0.988483, 0.114393, -0.099070, -0.151135, 0.712978, -0.684698, -0.007690, 0.691792, 0.722062),

      ["UpperTorso"] = CFrame.new(-0.084505, 0.036526, -0.084793, 0.972888, 0.230404, 0.020088, -0.201482, 0.886991, -0.415513, -0.113554, 0.400201, 0.909365),

    }},

    {Time = 0.033, Data = {

      ["Head"] = CFrame.new(-0.000132, -0.001529, -0.000608, 0.999973, -0.003633, 0.006443, 0.003594, 0.999975, 0.006143, -0.006465, -0.006120, 0.999960),

      ["LeftFoot"] = CFrame.new(-0.000000, 0.013195, -0.000002, 0.921123, -0.297776, -0.250736, 0.311451, 0.950132, 0.015781, 0.233517, -0.092624, 0.967927),

      ["LeftHand"] = CFrame.new(0.000486, 0.021259, -0.000000, 0.985732, -0.145427, 0.084758, 0.168222, 0.868581, -0.466123, -0.005832, 0.473727, 0.880651),

      ["LeftLowerArm"] = CFrame.new(-0.000500, 0.103910, 0.047891, 1.000000, -0.000000, -0.000000, 0.000000, 0.506705, -0.862120, 0.000000, 0.862120, 0.506705),

      ["LeftLowerLeg"] = CFrame.new(-0.000000, 0.066450, -0.015479, 1.000000, -0.000000, -0.000000, 0.000000, 0.841562, 0.540157, -0.000000, -0.540161, 0.841564),

      ["LeftUpperArm"] = CFrame.new(-0.050098, -0.112675, -0.184987, 0.900847, -0.206164, -0.382062, -0.226099, -0.974076, -0.007490, -0.370613, 0.093131, -0.924107),

      ["LeftUpperLeg"] = CFrame.new(-0.000220, -0.066092, 0.149614, 0.830984, 0.550192, -0.082170, -0.319921, 0.351797, -0.879705, -0.455099, 0.757316, 0.468368),

      ["LowerTorso"] = CFrame.new(0.147247, -0.222456, 0.278673, 0.976723, -0.182990, -0.111926, 0.213535, 0.879023, 0.426289, 0.020380, -0.440266, 0.897636),

      ["RightFoot"] = CFrame.new(0.000000, 0.004321, -0.000103, 0.992185, 0.095446, 0.080368, -0.109914, 0.973430, 0.200902, -0.059054, -0.208143, 0.976309),

      ["RightHand"] = CFrame.new(-0.000489, 0.017817, 0.000000, 0.994457, 0.091059, -0.052562, -0.099055, 0.979033, -0.178000, 0.035251, 0.182218, 0.982626),

      ["RightLowerArm"] = CFrame.new(-0.000000, 0.090737, 0.033297, 1.000000, 0.000000, 0.000000, -0.000000, 0.658149, -0.752888, -0.000000, 0.752888, 0.658149),

      ["RightLowerLeg"] = CFrame.new(0.000000, 0.017729, -0.000886, 1.000000, 0.000000, -0.000000, -0.000000, 0.990808, 0.135257, 0.000000, -0.135273, 0.990811),

      ["RightUpperArm"] = CFrame.new(0.036742, -0.179990, -0.049779, 0.927193, 0.369090, 0.063912, 0.360981, -0.925985, 0.110657, 0.100024, -0.079531, -0.991802),

      ["RightUpperLeg"] = CFrame.new(-0.000364, -0.055269, 0.154821, 0.991109, 0.092516, -0.095625, -0.133042, 0.698664, -0.702966, 0.001774, 0.709443, 0.704766),

      ["UpperTorso"] = CFrame.new(-0.078892, 0.038464, -0.089728, 0.976723, 0.213690, 0.018688, -0.182990, 0.875509, -0.447212, -0.111926, 0.433382, 0.894233),

    }},

    {Time = 0.050, Data = {

      ["Head"] = CFrame.new(-0.000191, -0.002214, -0.000880, 0.999943, -0.005268, 0.009310, 0.005185, 0.999947, 0.008892, -0.009357, -0.008843, 0.999917),

      ["LeftFoot"] = CFrame.new(0.000000, 0.012446, -0.000002, 0.927955, -0.285093, -0.240056, 0.303147, 0.952055, 0.041159, 0.216798, -0.110961, 0.969886),

      ["LeftHand"] = CFrame.new(0.000486, 0.021184, 0.000000, 0.986026, -0.143905, 0.083929, 0.166545, 0.863429, -0.476189, -0.003941, 0.483510, 0.875329),

      ["LeftLowerArm"] = CFrame.new(-0.000499, 0.103552, 0.047381, 1.000000, -0.000000, -0.000000, 0.000000, 0.511994, -0.858989, 0.000000, 0.858989, 0.511994),

      ["LeftLowerLeg"] = CFrame.new(0.000000, 0.062406, -0.013418, 1.000000, -0.000000, -0.000000, 0.000000, 0.862582, 0.505913, -0.000000, -0.505918, 0.862585),

      ["LeftUpperArm"] = CFrame.new(-0.050590, -0.111610, -0.186010, 0.900332, -0.204902, -0.383950, -0.224307, -0.974501, -0.005922, -0.372946, 0.091454, -0.923335),

      ["LeftUpperLeg"] = CFrame.new(-0.000221, -0.066401, 0.150312, 0.851116, 0.521254, -0.062403, -0.287089, 0.362607, -0.886616, -0.439525, 0.772535, 0.458278),

      ["LowerTorso"] = CFrame.new(0.131229, -0.218840, 0.293757, 0.981173, -0.161643, -0.105696, 0.192190, 0.871189, 0.451766, 0.019056, -0.463574, 0.885853),

      ["RightFoot"] = CFrame.new(-0.000000, 0.003917, -0.000103, 0.991121, 0.101711, 0.085643, -0.118123, 0.969244, 0.215926, -0.061044, -0.224102, 0.972646),

      ["RightHand"] = CFrame.new(-0.000488, 0.017668, -0.000000, 0.994311, 0.092244, -0.053257, -0.100709, 0.976979, -0.188068, 0.034682, 0.192361, 0.980711),

      ["RightLowerArm"] = CFrame.new(0.000000, 0.090194, 0.032826, 1.000000, 0.000000, 0.000000, 0.000000, 0.663040, -0.748583, -0.000000, 0.748584, 0.663041),

      ["RightLowerLeg"] = CFrame.new(0.000000, 0.015857, -0.000698, 1.000000, 0.000000, 0.000000, -0.000000, 0.992725, 0.120386, 0.000000, -0.120403, 0.992727),

      ["RightUpperArm"] = CFrame.new(0.036678, -0.179110, -0.050033, 0.927625, 0.368018, 0.063837, 0.359671, -0.926201, 0.113085, 0.100743, -0.081941, -0.991533),

      ["RightUpperLeg"] = CFrame.new(-0.000366, -0.055527, 0.155543, 0.993641, 0.063787, -0.092788, -0.111299, 0.681234, -0.723551, 0.017057, 0.729281, 0.684007),

      ["UpperTorso"] = CFrame.new(-0.071474, 0.039681, -0.094335, 0.981173, 0.192395, 0.016869, -0.161643, 0.865859, -0.473455, -0.105696, 0.461815, 0.880656),

    }},

    {Time = 0.067, Data = {

      ["Head"] = CFrame.new(-0.000246, -0.002847, -0.001131, 0.999906, -0.006783, 0.011953, 0.006646, 0.999913, 0.011433, -0.012029, -0.011353, 0.999863),

      ["LeftFoot"] = CFrame.new(-0.000000, 0.011689, -0.000002, 0.934647, -0.272001, -0.229032, 0.293488, 0.953752, 0.064989, 0.200750, -0.127953, 0.971247),

      ["LeftHand"] = CFrame.new(0.000486, 0.021145, 0.000000, 0.986324, -0.142350, 0.083077, 0.164799, 0.859602, -0.483662, -0.002564, 0.490736, 0.871303),

      ["LeftLowerArm"] = CFrame.new(-0.000500, 0.103359, 0.047109, 1.000000, -0.000000, -0.000000, 0.000000, 0.514810, -0.857304, 0.000000, 0.857304, 0.514810),

      ["LeftLowerLeg"] = CFrame.new(0.000000, 0.058258, -0.011486, 1.000000, -0.000000, -0.000000, 0.000000, 0.882258, 0.470760, -0.000000, -0.470767, 0.882261),

      ["LeftUpperArm"] = CFrame.new(-0.051111, -0.111082, -0.186830, 0.899725, -0.203689, -0.386013, -0.223565, -0.974666, -0.006782, -0.374852, 0.092399, -0.922469),

      ["LeftUpperLeg"] = CFrame.new(-0.000222, -0.066687, 0.150960, 0.872103, 0.487582, -0.041209, -0.253989, 0.379072, -0.889823, -0.418241, 0.786491, 0.454441),

      ["LowerTorso"] = CFrame.new(0.112953, -0.216120, 0.305998, 0.985834, -0.138072, -0.095228, 0.166852, 0.865206, 0.472842, 0.017105, -0.482033, 0.875986),

      ["RightFoot"] = CFrame.new(-0.000000, 0.004026, -0.000103, 0.989798, 0.108991, 0.091773, -0.126968, 0.966977, 0.221009, -0.064651, -0.230383, 0.970944),

      ["RightHand"] = CFrame.new(-0.000488, 0.017596, 0.000000, 0.994223, 0.092954, -0.053674, -0.101743, 0.975445, -0.195337, 0.034198, 0.199668, 0.979266),

      ["RightLowerArm"] = CFrame.new(0.000000, 0.089934, 0.032601, 1.000000, 0.000000, 0.000000, -0.000000, 0.665369, -0.746514, -0.000000, 0.746515, 0.665369),

      ["RightLowerLeg"] = CFrame.new(0.000000, 0.016359, -0.000746, 1.000000, 0.000000, 0.000000, -0.000000, 0.992235, 0.124362, 0.000000, -0.124378, 0.992237),

      ["RightUpperArm"] = CFrame.new(0.036694, -0.178527, -0.050101, 0.927877, 0.367274, 0.064451, 0.358926, -0.926548, 0.112606, 0.101074, -0.081352, -0.991547),

      ["RightUpperLeg"] = CFrame.new(-0.000368, -0.055766, 0.156212, 0.995531, 0.029000, -0.089875, -0.086600, 0.659937, -0.746308, 0.037669, 0.750761, 0.659505),

      ["UpperTorso"] = CFrame.new(-0.062425, 0.040302, -0.098518, 0.985834, 0.167083, 0.014681, -0.138072, 0.858116, -0.494543, -0.095228, 0.485511, 0.869029),

    }},

    {Time = 0.083, Data = {

      ["Head"] = CFrame.new(-0.000296, -0.003429, -0.001363, 0.999863, -0.008181, 0.014378, 0.007983, 0.999873, 0.013772, -0.014489, -0.013655, 0.999802),

      ["LeftFoot"] = CFrame.new(-0.000000, 0.010924, -0.000003, 0.941060, -0.258739, -0.217865, 0.282856, 0.955172, 0.087413, 0.185469, -0.143876, 0.972057),

      ["LeftHand"] = CFrame.new(0.000486, 0.021137, -0.000000, 0.986620, -0.140787, 0.082216, 0.163027, 0.857029, -0.488802, -0.001644, 0.495662, 0.868512),

      ["LeftLowerArm"] = CFrame.new(-0.000500, 0.103317, 0.047051, 1.000000, -0.000000, -0.000000, 0.000000, 0.515409, -0.856944, 0.000000, 0.856945, 0.515409),

      ["LeftLowerLeg"] = CFrame.new(0.000000, 0.054007, -0.009687, 1.000000, -0.000000, 0.000000, 0.000000, 0.900556, 0.434732, -0.000000, -0.434740, 0.900560),

      ["LeftUpperArm"] = CFrame.new(-0.051652, -0.111034, -0.187461, 0.899046, -0.202517, -0.388205, -0.223758, -0.974596, -0.009781, -0.376362, 0.095657, -0.921521),

      ["LeftUpperLeg"] = CFrame.new(-0.000223, -0.066950, 0.151556, 0.893032, 0.449574, -0.019395, -0.220882, 0.400378, -0.889325, -0.392053, 0.798486, 0.456864),

      ["LowerTorso"] = CFrame.new(0.092832, -0.214268, 0.315508, 0.990310, -0.112777, -0.081035, 0.138104, 0.861036, 0.489433, 0.014577, -0.495882, 0.868268),

      ["RightFoot"] = CFrame.new(0.000000, 0.004589, -0.000103, 0.988188, 0.117226, 0.098708, -0.136350, 0.966577, 0.217135, -0.069951, -0.228007, 0.971138),

      ["RightHand"] = CFrame.new(-0.000489, 0.017595, 0.000000, 0.994187, 0.093241, -0.053844, -0.102224, 0.974436, -0.200066, 0.033813, 0.204405, 0.978302),

      ["RightLowerArm"] = CFrame.new(-0.000000, 0.089930, 0.032597, 1.000000, 0.000000, 0.000000, -0.000000, 0.665405, -0.746482, -0.000000, 0.746483, 0.665405),

      ["RightLowerLeg"] = CFrame.new(-0.000000, 0.018990, -0.001027, 1.000000, 0.000000, 0.000000, -0.000000, 0.989380, 0.145333, 0.000000, -0.145349, 0.989383),

      ["RightUpperArm"] = CFrame.new(0.036777, -0.178211, -0.050009, 0.927972, 0.366817, 0.065679, 0.358683, -0.927008, 0.109555, 0.101072, -0.078107, -0.991808),

      ["RightUpperLeg"] = CFrame.new(-0.000369, -0.055986, 0.156830, 0.996241, -0.010981, -0.085925, -0.059454, 0.634724, -0.770443, 0.062999, 0.772661, 0.631691),

      ["UpperTorso"] = CFrame.new(-0.051939, 0.040455, -0.102152, 0.990310, 0.138336, 0.012178, -0.112777, 0.852300, -0.510750, -0.081035, 0.504427, 0.859643),

    }},

    {Time = 0.100, Data = {

      ["Head"] = CFrame.new(-0.000342, -0.003963, -0.001575, 0.999818, -0.009465, 0.016594, 0.009201, 0.999831, 0.015914, -0.016742, -0.015758, 0.999736),

      ["LeftFoot"] = CFrame.new(0.000000, 0.010147, -0.000002, 0.947097, -0.245510, -0.206726, 0.271568, 0.956289, 0.108467, 0.171049, -0.158858, 0.972368),

      ["LeftHand"] = CFrame.new(0.000486, 0.021156, -0.000000, 0.986911, -0.139239, 0.081360, 0.161262, 0.855607, -0.491867, -0.001124, 0.498547, 0.866860),

      ["LeftLowerArm"] = CFrame.new(-0.000500, 0.103410, 0.047181, 1.000000, -0.000000, -0.000000, 0.000000, 0.514060, -0.857754, 0.000000, 0.857754, 0.514060),

      ["LeftLowerLeg"] = CFrame.new(0.000000, 0.049673, -0.008033, 1.000000, -0.000000, -0.000000, 0.000000, 0.917363, 0.398042, -0.000000, -0.398052, 0.917367),

      ["LeftUpperArm"] = CFrame.new(-0.052205, -0.111408, -0.187919, 0.898313, -0.201383, -0.390485, -0.224776, -0.974301, -0.014626, -0.377505, 0.100910, -0.920493),

      ["LeftUpperLeg"] = CFrame.new(-0.000223, -0.067192, 0.152105, 0.913098, 0.407733, 0.002253, -0.187929, 0.425735, -0.885112, -0.361849, 0.807777, 0.465373),

      ["LowerTorso"] = CFrame.new(0.071239, -0.213245, 0.322393, 0.994241, -0.086150, -0.063748, 0.106548, 0.858614, 0.501428, 0.011537, -0.505333, 0.862848),

      ["RightFoot"] = CFrame.new(0.000000, 0.005476, -0.000103, 0.986256, 0.126390, 0.106424, -0.146206, 0.967619, 0.205783, -0.076964, -0.218493, 0.972794),

      ["RightHand"] = CFrame.new(-0.000488, 0.017656, -0.000000, 0.994197, 0.093158, -0.053798, -0.102218, 0.973926, -0.202535, 0.033527, 0.206857, 0.977796),

      ["RightLowerArm"] = CFrame.new(-0.000000, 0.090151, 0.032788, 1.000000, 0.000000, 0.000000, -0.000000, 0.663430, -0.748238, -0.000000, 0.748238, 0.663431),

      ["RightLowerLeg"] = CFrame.new(0.000000, 0.023301, -0.001593, 1.000000, 0.000000, 0.000000, -0.000000, 0.983645, 0.180099, 0.000000, -0.180115, 0.983648),

      ["RightUpperArm"] = CFrame.new(0.036920, -0.178131, -0.049780, 0.927927, 0.366611, 0.067438, 0.358880, -0.927541, 0.104274, 0.100780, -0.072557, -0.992260),

      ["RightUpperLeg"] = CFrame.new(-0.000370, -0.056189, 0.157397, 0.995270, -0.055194, -0.079948, -0.030223, 0.606192, -0.794739, 0.092328, 0.793401, 0.601663),

      ["UpperTorso"] = CFrame.new(-0.040241, 0.040265, -0.105095, 0.994241, 0.106756, 0.009415, -0.086150, 0.848391, -0.522314, -0.063748, 0.518495, 0.852701),

    }},

    {Time = 0.117, Data = {

      ["Head"] = CFrame.new(-0.000384, -0.004449, -0.001768, 0.999770, -0.010637, 0.018607, 0.010305, 0.999787, 0.017865, -0.018793, -0.017669, 0.999667),

      ["LeftFoot"] = CFrame.new(-0.000000, 0.009365, -0.000002, 0.952697, -0.232486, -0.195759, 0.259878, 0.957114, 0.128064, 0.157581, -0.172866, 0.972254),

      ["LeftHand"] = CFrame.new(0.000486, 0.021198, 0.000000, 0.987193, -0.137723, 0.080518, 0.159530, 0.855213, -0.493117, -0.000946, 0.499643, 0.866229),

      ["LeftLowerArm"] = CFrame.new(-0.000500, 0.103617, 0.047473, 1.000000, -0.000000, -0.000000, 0.000000, 0.511036, -0.859559, 0.000000, 0.859559, 0.511037),

      ["LeftLowerLeg"] = CFrame.new(0.000000, 0.045304, -0.006541, 1.000000, -0.000000, -0.000000, 0.000000, 0.932509, 0.361135, -0.000000, -0.361146, 0.932514),

      ["LeftUpperArm"] = CFrame.new(-0.052761, -0.112151, -0.188215, 0.897541, -0.200291, -0.392815, -0.226506, -0.973783, -0.021024, -0.378306, 0.107844, -0.919377),

      ["LeftUpperLeg"] = CFrame.new(-0.000224, -0.067413, 0.152605, 0.931632, 0.362674, 0.022991, -0.155226, 0.454340, -0.877195, -0.328582, 0.813660, 0.479584),

      ["LowerTorso"] = CFrame.new(0.048512, -0.213003, 0.326740, 0.997313, -0.058499, -0.044088, 0.072807, 0.857849, 0.508719, 0.008061, -0.510562, 0.859803),

      ["RightFoot"] = CFrame.new(-0.000000, 0.006538, -0.000103, 0.983957, 0.136474, 0.114914, -0.156520, 0.969448, 0.188892, -0.085620, -0.203829, 0.975251),

      ["RightHand"] = CFrame.new(-0.000488, 0.017769, 0.000000, 0.994247, 0.092753, -0.053564, -0.101789, 0.973868, -0.203027, 0.033332, 0.207310, 0.977707),

      ["RightLowerArm"] = CFrame.new(-0.000000, 0.090563, 0.033145, 1.000000, 0.000000, 0.000000, 0.000000, 0.659726, -0.751506, -0.000000, 0.751506, 0.659727),

      ["RightLowerLeg"] = CFrame.new(0.000000, 0.028702, -0.002494, 1.000000, 0.000000, -0.000000, -0.000000, 0.974526, 0.224259, 0.000000, -0.224274, 0.974530),

      ["RightUpperArm"] = CFrame.new(0.037114, -0.178257, -0.049432, 0.927762, 0.366617, 0.069644, 0.359459, -0.928094, 0.097107, 0.100237, -0.065058, -0.992834),

      ["RightUpperLeg"] = CFrame.new(-0.000371, -0.056373, 0.157914, 0.992176, -0.102570, -0.071182, 0.000845, 0.575632, -0.817703, 0.124847, 0.811250, 0.571222),

      ["UpperTorso"] = CFrame.new(-0.027583, 0.039842, -0.107216, 0.997313, 0.072968, 0.006447, -0.058499, 0.846330, -0.529437, -0.044088, 0.527637, 0.848325),

    }},

    {Time = 0.133, Data = {

      ["Head"] = CFrame.new(-0.000422, -0.004890, -0.001943, 0.999723, -0.011700, 0.020425, 0.011299, 0.999743, 0.019631, -0.020650, -0.019395, 0.999599),

      ["LeftFoot"] = CFrame.new(-0.000000, 0.008600, -0.000003, 0.957826, -0.219808, -0.185084, 0.247933, 0.957773, 0.145623, 0.145250, -0.185355, 0.971874),

      ["LeftHand"] = CFrame.new(0.000486, 0.021260, 0.000000, 0.987463, -0.136255, 0.079700, 0.157849, 0.855705, -0.492804, -0.001052, 0.499203, 0.866483),

      ["LeftLowerArm"] = CFrame.new(-0.000500, 0.103916, 0.047899, 1.000000, -0.000000, -0.000000, 0.000000, 0.506619, -0.862170, 0.000000, 0.862170, 0.506619),

      ["LeftLowerLeg"] = CFrame.new(0.000000, 0.041063, -0.005255, 1.000000, -0.000000, 0.000000, 0.000000, 0.945550, 0.325466, -0.000000, -0.325478, 0.945554),

      ["LeftUpperArm"] = CFrame.new(-0.053314, -0.113206, -0.188362, 0.896745, -0.199248, -0.395157, -0.228837, -0.973042, -0.028676, -0.378790, 0.116141, -0.918166),

      ["LeftUpperLeg"] = CFrame.new(-0.000225, -0.067614, 0.153059, 0.948111, 0.315151, 0.042030, -0.122833, 0.484997, -0.865841, -0.293255, 0.815756, 0.498551),

      ["LowerTorso"] = CFrame.new(0.024967, -0.213489, 0.328628, 0.999287, -0.030073, -0.022839, 0.037524, 0.858631, 0.511219, 0.004236, -0.511711, 0.859147),

      ["RightFoot"] = CFrame.new(-0.000000, 0.007682, -0.000102, 0.981242, 0.147470, 0.124173, -0.167252, 0.971518, 0.167884, -0.095873, -0.185486, 0.977955),

      ["RightHand"] = CFrame.new(-0.000489, 0.017926, -0.000000, 0.994331, 0.092075, -0.053170, -0.101004, 0.974198, -0.201834, 0.033214, 0.206059, 0.977975),

      ["RightLowerArm"] = CFrame.new(0.000000, 0.091129, 0.033641, 1.000000, 0.000000, 0.000000, -0.000000, 0.654585, -0.755988, -0.000000, 0.755989, 0.654585),

      ["RightLowerLeg"] = CFrame.new(-0.000000, 0.034761, -0.003771, 1.000000, 0.000000, 0.000000, -0.000000, 0.961601, 0.274436, 0.000000, -0.274450, 0.961605),

      ["RightUpperArm"] = CFrame.new(0.037348, -0.178559, -0.048984, 0.927494, 0.366799, 0.072207, 0.360360, -0.928615, 0.088403, 0.099478, -0.055974, -0.993464),

      ["RightUpperLeg"] = CFrame.new(-0.000373, -0.056541, 0.158384, 0.986601, -0.152043, -0.059171, 0.033574, 0.544112, -0.838335, 0.159658, 0.825121, 0.541935),

      ["UpperTorso"] = CFrame.new(-0.014242, 0.039284, -0.108403, 0.999287, 0.037616, 0.003330, -0.030073, 0.846034, -0.532281, -0.022839, 0.531801, 0.846561),

    }},

    {Time = 0.150, Data = {

      ["Head"] = CFrame.new(-0.000456, -0.005285, -0.002100, 0.999677, -0.012657, 0.022055, 0.012189, 0.999701, 0.021217, -0.022317, -0.020941, 0.999532),

      ["LeftFoot"] = CFrame.new(0.000000, 0.007847, -0.000002, 0.962475, -0.207586, -0.174792, 0.235981, 0.958271, 0.161355, 0.133996, -0.196531, 0.971294),

      ["LeftHand"] = CFrame.new(0.000486, 0.021338, 0.000000, 0.987719, -0.134850, 0.078915, 0.156237, 0.856935, -0.491177, -0.001390, 0.497471, 0.867478),

      ["LeftLowerArm"] = CFrame.new(-0.000500, 0.104286, 0.048433, 1.000000, -0.000000, -0.000000, 0.000000, 0.501089, -0.865396, 0.000000, 0.865396, 0.501089),

      ["LeftLowerLeg"] = CFrame.new(0.000000, 0.036932, -0.004149, 1.000000, -0.000000, 0.000000, 0.000000, 0.956762, 0.290857, -0.000000, -0.290871, 0.956766),

      ["LeftUpperArm"] = CFrame.new(-0.053857, -0.114512, -0.188373, 0.895939, -0.198263, -0.397473, -0.231654, -0.972083, -0.037285, -0.378984, 0.125481, -0.916856),

      ["LeftUpperLeg"] = CFrame.new(-0.000225, -0.067795, 0.153469, 0.962165, 0.265988, 0.059073, -0.090799, 0.517415, -0.850899, -0.256895, 0.813346, 0.521998),

      ["LowerTorso"] = CFrame.new(0.000904, -0.214645, 0.328117, 0.999999, -0.001090, -0.000826, 0.001359, 0.860833, 0.508887, 0.000156, -0.508887, 0.860833),

      ["RightFoot"] = CFrame.new(-0.000000, 0.008841, -0.000103, 0.978059, 0.159362, 0.134187, -0.178368, 0.973353, 0.144127, -0.107636, -0.164886, 0.980419),

      ["RightHand"] = CFrame.new(-0.000488, 0.018118, -0.000000, 0.994442, 0.091174, -0.052646, -0.099924, 0.974843, -0.199241, 0.033156, 0.203393, 0.978535),

      ["RightLowerArm"] = CFrame.new(0.000000, 0.091813, 0.034247, 1.000000, 0.000000, 0.000000, 0.000000, 0.648295, -0.761389, -0.000000, 0.761390, 0.648295),

      ["RightLowerLeg"] = CFrame.new(-0.000000, 0.041088, -0.005420, 1.000000, 0.000000, 0.000000, -0.000000, 0.944897, 0.327355, 0.000000, -0.327367, 0.944901),

      ["RightUpperArm"] = CFrame.new(0.037616, -0.179006, -0.048450, 0.927141, 0.367122, 0.075038, 0.361524, -0.929051, 0.078512, 0.098538, -0.045665, -0.994085),

      ["RightUpperLeg"] = CFrame.new(-0.000374, -0.056692, 0.158807, 0.978295, -0.202529, -0.043827, 0.067834, 0.512846, -0.855791, 0.195799, 0.834249, 0.515463),

      ["UpperTorso"] = CFrame.new(-0.000516, 0.038670, -0.108582, 0.999999, 0.001362, 0.000121, -0.001090, 0.847392, -0.530967, -0.000826, 0.530966, 0.847393),

    }},

    {Time = 0.167, Data = {

      ["Head"] = CFrame.new(-0.000486, -0.005637, -0.002240, 0.999632, -0.013510, 0.023503, 0.012978, 0.999660, 0.022629, -0.023801, -0.022315, 0.999468),

      ["LeftFoot"] = CFrame.new(0.000000, 0.007158, -0.000003, 0.966650, -0.195907, -0.164958, 0.224046, 0.958904, 0.174106, 0.124063, -0.205240, 0.970812),

      ["LeftHand"] = CFrame.new(0.000486, 0.021427, 0.000000, 0.987959, -0.133520, 0.078171, 0.154707, 0.858757, -0.488472, -0.001909, 0.494681, 0.869071),

      ["LeftLowerArm"] = CFrame.new(-0.000500, 0.104706, 0.049048, 1.000000, -0.000000, -0.000000, 0.000000, 0.494714, -0.869056, 0.000000, 0.869056, 0.494714),

      ["LeftLowerLeg"] = CFrame.new(0.000000, 0.033221, -0.003274, 1.000000, -0.000000, -0.000000, 0.000000, 0.965616, 0.259958, -0.000000, -0.259972, 0.965620),

      ["LeftUpperArm"] = CFrame.new(-0.054384, -0.116017, -0.188261, 0.895137, -0.197347, -0.399729, -0.234845, -0.970917, -0.046560, -0.378915, 0.135551, -0.915450),

      ["LeftUpperLeg"] = CFrame.new(-0.000226, -0.067956, 0.153834, 0.973582, 0.216166, 0.073552, -0.059195, 0.550039, -0.833033, -0.220530, 0.806678, 0.548312),

      ["LowerTorso"] = CFrame.new(-0.023375, -0.216407, 0.325258, 0.999378, 0.028239, 0.021113, -0.035022, 0.864312, 0.501735, -0.004080, -0.502162, 0.864764),

      ["RightFoot"] = CFrame.new(0.000000, 0.009976, -0.000102, 0.974360, 0.172111, 0.144922, -0.189807, 0.974626, 0.118662, -0.120814, -0.143116, 0.982302),

      ["RightHand"] = CFrame.new(-0.000488, 0.018335, -0.000000, 0.994574, 0.090095, -0.052019, -0.098614, 0.975728, -0.195529, 0.033140, 0.199596, 0.979317),

      ["RightLowerArm"] = CFrame.new(0.000000, 0.092578, 0.034935, 1.000000, 0.000000, 0.000000, 0.000000, 0.641143, -0.767421, -0.000000, 0.767421, 0.641144),

      ["RightLowerLeg"] = CFrame.new(-0.000000, 0.047398, -0.007403, 1.000000, 0.000000, -0.000000, -0.000000, 0.924774, 0.380507, 0.000000, -0.380517, 0.924778),

      ["RightUpperArm"] = CFrame.new(0.037907, -0.179569, -0.047849, 0.926722, 0.367554, 0.078049, 0.362892, -0.929363, 0.067782, 0.097449, -0.034492, -0.994643),

      ["RightUpperLeg"] = CFrame.new(-0.000374, -0.056827, 0.159185, 0.967135, -0.252994, -0.025382, 0.103501, 0.482883, -0.869541, 0.232245, 0.838342, 0.493208),

      ["UpperTorso"] = CFrame.new(0.013287, 0.038062, -0.107725, 0.999378, -0.035120, -0.003122, 0.028239, 0.850276, -0.525579, 0.021113, 0.525164, 0.850739),

    }},

    {Time = 0.183, Data = {

      ["Head"] = CFrame.new(-0.000513, -0.005947, -0.002363, 0.999591, -0.014262, 0.024777, 0.013670, 0.999622, 0.023872, -0.025108, -0.023524, 0.999408),

      ["LeftFoot"] = CFrame.new(-0.000000, 0.006546, -0.000003, 0.970367, -0.184840, -0.155640, 0.212301, 0.959764, 0.183819, 0.115393, -0.211395, 0.970560),

      ["LeftHand"] = CFrame.new(0.000486, 0.021524, -0.000000, 0.988180, -0.132278, 0.077474, 0.153274, 0.861022, -0.484924, -0.002562, 0.491064, 0.871118),

      ["LeftLowerArm"] = CFrame.new(-0.000500, 0.105157, 0.049718, 1.000000, -0.000000, -0.000000, 0.000000, 0.487770, -0.872972, 0.000000, 0.872972, 0.487771),

      ["LeftLowerLeg"] = CFrame.new(0.000000, 0.029977, -0.002600, 1.000000, -0.000000, 0.000000, 0.000000, 0.972447, 0.233109, -0.000000, -0.233124, 0.972450),

      ["LeftUpperArm"] = CFrame.new(-0.054889, -0.117661, -0.188041, 0.894354, -0.196510, -0.401890, -0.238293, -0.969565, -0.056208, -0.378613, 0.146037, -0.913961),

      ["LeftUpperLeg"] = CFrame.new(-0.000226, -0.068098, 0.154158, 0.982304, 0.166647, 0.085487, -0.028132, 0.582527, -0.812319, -0.185169, 0.795544, 0.576914),

      ["LowerTorso"] = CFrame.new(-0.047563, -0.218712, 0.320085, 0.997445, 0.057682, 0.042147, -0.070948, 0.868922, 0.489837, -0.008368, -0.491576, 0.870795),

      ["RightFoot"] = CFrame.new(-0.000000, 0.011079, -0.000102, 0.970105, 0.185644, 0.156318, -0.201433, 0.975177, 0.091959, -0.135357, -0.120690, 0.983417),

      ["RightHand"] = CFrame.new(-0.000488, 0.018568, -0.000000, 0.994719, 0.088887, -0.051315, -0.097135, 0.976779, -0.190968, 0.033149, 0.194943, 0.980254),

      ["RightLowerArm"] = CFrame.new(-0.000000, 0.093391, 0.035679, 1.000000, 0.000000, 0.000000, 0.000000, 0.633418, -0.773809, -0.000000, 0.773810, 0.633419),

      ["RightLowerLeg"] = CFrame.new(0.000000, 0.053558, -0.009688, 1.000000, 0.000000, 0.000000, -0.000000, 0.901570, 0.432625, 0.000000, -0.432634, 0.901574),

      ["RightUpperArm"] = CFrame.new(0.038215, -0.180219, -0.047197, 0.926253, 0.368064, 0.081147, 0.364408, -0.929520, 0.056558, 0.096245, -0.022817, -0.995096),

      ["RightUpperLeg"] = CFrame.new(-0.000375, -0.056946, 0.159520, 0.953147, -0.302479, -0.004239, 0.140429, 0.454821, -0.879436, 0.267939, 0.837642, 0.475999),

      ["UpperTorso"] = CFrame.new(0.026857, 0.037500, -0.105855, 0.997445, -0.071158, -0.006340, 0.057682, 0.854544, -0.516166, 0.042147, 0.514482, 0.856465),

    }},

    {Time = 0.200, Data = {

      ["Head"] = CFrame.new(-0.000536, -0.006217, -0.002471, 0.999554, -0.014916, 0.025882, 0.014271, 0.999587, 0.024953, -0.026243, -0.024572, 0.999354),

      ["LeftFoot"] = CFrame.new(-0.000000, 0.006082, -0.000003, 0.973651, -0.174442, -0.146885, 0.200745, 0.961217, 0.189135, 0.108188, -0.213618, 0.970903),

      ["LeftHand"] = CFrame.new(0.000486, 0.021625, 0.000000, 0.988382, -0.131137, 0.076833, 0.151952, 0.863588, -0.480759, -0.003306, 0.486846, 0.873480),

      ["LeftLowerArm"] = CFrame.new(-0.000500, 0.105620, 0.050416, 1.000000, -0.000000, -0.000000, 0.000000, 0.480525, -0.876981, 0.000000, 0.876981, 0.480525),

      ["LeftLowerLeg"] = CFrame.new(-0.000000, 0.027576, -0.002153, 1.000000, -0.000000, 0.000000, 0.000000, 0.976971, 0.213359, 0.000000, -0.213374, 0.976974),

      ["LeftUpperArm"] = CFrame.new(-0.055364, -0.119384, -0.187730, 0.893602, -0.195764, -0.403921, -0.241882, -0.968062, -0.065940, -0.378112, 0.156625, -0.912414),

      ["LeftUpperLeg"] = CFrame.new(-0.000227, -0.068224, 0.154440, 0.988413, 0.118527, 0.094827, 0.002206, 0.613429, -0.789741, -0.151775, 0.780805, 0.606067),

      ["LowerTorso"] = CFrame.new(-0.071336, -0.221496, 0.312625, 0.994312, 0.086967, 0.061482, -0.105757, 0.874512, 0.473333, -0.012603, -0.477143, 0.878736),

      ["RightFoot"] = CFrame.new(0.000000, 0.012128, -0.000102, 0.965271, 0.199847, 0.168277, -0.213133, 0.974872, 0.064805, -0.151087, -0.098414, 0.983607),

      ["RightHand"] = CFrame.new(-0.000488, 0.018809, 0.000000, 0.994872, 0.087595, -0.050563, -0.095547, 0.977928, -0.185817, 0.033170, 0.189695, 0.981283),

      ["RightLowerArm"] = CFrame.new(-0.000001, 0.094220, 0.036450, 1.000000, 0.000000, 0.000000, 0.000000, 0.625399, -0.780305, -0.000000, 0.780305, 0.625399),

      ["RightLowerLeg"] = CFrame.new(0.000000, 0.059375, -0.012180, 1.000000, 0.000000, 0.000000, -0.000000, 0.876209, 0.481926, 0.000000, -0.481932, 0.876212),

      ["RightUpperArm"] = CFrame.new(0.038530, -0.180926, -0.046512, 0.925752, 0.368627, 0.084247, 0.366013, -0.929512, 0.045182, 0.094964, -0.010993, -0.995420),

      ["RightUpperLeg"] = CFrame.new(-0.000376, -0.057051, 0.159812, 0.936523, -0.350098, 0.018831, 0.178427, 0.429671, -0.885176, 0.301808, 0.832354, 0.464876),

      ["UpperTorso"] = CFrame.new(0.039894, 0.036996, -0.103043, 0.994312, -0.106083, -0.009476, 0.086967, 0.860047, -0.502748, 0.061482, 0.499065, 0.864381),

    }},

    {Time = 0.217, Data = {

      ["Head"] = CFrame.new(-0.000556, -0.006447, -0.002562, 0.999520, -0.015476, 0.026825, 0.014782, 0.999556, 0.025876, -0.027214, -0.025467, 0.999305),

      ["LeftFoot"] = CFrame.new(0.000000, 0.005793, -0.000003, 0.976527, -0.164769, -0.138739, 0.189517, 0.963351, 0.189857, 0.102366, -0.211674, 0.971960),

      ["LeftHand"] = CFrame.new(0.000486, 0.021726, -0.000000, 0.988563, -0.130112, 0.076256, 0.150755, 0.866325, -0.476190, -0.004104, 0.482237, 0.876030),

      ["LeftLowerArm"] = CFrame.new(-0.000500, 0.106078, 0.051119, 1.000000, -0.000000, -0.000000, 0.000000, 0.473230, -0.880939, 0.000000, 0.880939, 0.473231),

      ["LeftLowerLeg"] = CFrame.new(-0.000000, 0.026094, -0.001898, 1.000000, -0.000000, -0.000000, 0.000000, 0.979543, 0.201219, -0.000000, -0.201235, 0.979546),

      ["LeftUpperArm"] = CFrame.new(-0.055802, -0.121128, -0.187347, 0.892896, -0.195119, -0.405789, -0.245494, -0.966456, -0.075475, -0.377450, 0.167010, -0.910845),

      ["LeftUpperLeg"] = CFrame.new(-0.000227, -0.068331, 0.154684, 0.992121, 0.072784, 0.101973, 0.031548, 0.642564, -0.765576, -0.121246, 0.762767, 0.635212),

      ["LowerTorso"] = CFrame.new(-0.094345, -0.224700, 0.302894, 0.990180, 0.115758, 0.078383, -0.138800, 0.880940, 0.452415, -0.016681, -0.458852, 0.888356),

      ["RightFoot"] = CFrame.new(0.000000, 0.013123, -0.000103, 0.959860, 0.214556, 0.180662, -0.224701, 0.973708, 0.037450, -0.167866, -0.076539, 0.982832),

      ["RightHand"] = CFrame.new(-0.000488, 0.019050, -0.000001, 0.995027, 0.086269, -0.049791, -0.093913, 0.979114, -0.180324, 0.033194, 0.184102, 0.982346),

      ["RightLowerArm"] = CFrame.new(-0.000000, 0.095037, 0.037223, 1.000000, 0.000000, 0.000000, -0.000000, 0.617361, -0.786680, -0.000000, 0.786680, 0.617361),

      ["RightLowerLeg"] = CFrame.new(0.000000, 0.064789, -0.014814, 1.000000, 0.000000, -0.000000, -0.000000, 0.849370, 0.527794, 0.000000, -0.527798, 0.849372),

      ["RightUpperArm"] = CFrame.new(0.038843, -0.181661, -0.045814, 0.925238, 0.369216, 0.087260, 0.367649, -0.929343, 0.033994, 0.093646, 0.000627, -0.995605),

      ["RightUpperLeg"] = CFrame.new(-0.000377, -0.057141, 0.160064, 0.917639, -0.395080, 0.043004, 0.217228, 0.408010, -0.886752, 0.332793, 0.823067, 0.460242),

      ["UpperTorso"] = CFrame.new(0.052116, 0.036536, -0.099401, 0.990180, -0.139242, -0.012470, 0.115758, 0.866641, -0.485318, 0.078383, 0.479109, 0.874249),

    }},

    {Time = 0.233, Data = {

      ["Head"] = CFrame.new(-0.000573, -0.006639, -0.002639, 0.999492, -0.015944, 0.027612, 0.015209, 0.999529, 0.026647, -0.028024, -0.026214, 0.999263),

      ["LeftFoot"] = CFrame.new(-0.000000, 0.005733, -0.000003, 0.979017, -0.155881, -0.131255, 0.178667, 0.966363, 0.185006, 0.097996, -0.204556, 0.973933),

      ["LeftHand"] = CFrame.new(0.000486, 0.021824, -0.000001, 0.988719, -0.129215, 0.075750, 0.149701, 0.869106, -0.471431, -0.004919, 0.477450, 0.878644),

      ["LeftLowerArm"] = CFrame.new(-0.000500, 0.106515, 0.051803, 1.000000, -0.000000, -0.000000, 0.000000, 0.466139, -0.884712, 0.000000, 0.884712, 0.466139),

      ["LeftLowerLeg"] = CFrame.new(-0.000000, 0.025794, -0.001849, 1.000000, -0.000000, -0.000000, 0.000000, 0.980042, 0.198773, -0.000000, -0.198789, 0.980046),

      ["LeftUpperArm"] = CFrame.new(-0.056197, -0.122833, -0.186911, 0.892253, -0.194585, -0.407458, -0.249010, -0.964805, -0.084533, -0.376669, 0.176885, -0.909303),

      ["LeftUpperLeg"] = CFrame.new(-0.000227, -0.068421, 0.154888, 0.993755, 0.030450, 0.107349, 0.059507, 0.669199, -0.740690, -0.094391, 0.742459, 0.663215),

      ["LowerTorso"] = CFrame.new(-0.116208, -0.228271, 0.290902, 0.985326, 0.143641, 0.092200, -0.169450, 0.888077, 0.427324, -0.020499, -0.436676, 0.899385),

      ["RightFoot"] = CFrame.new(-0.000000, 0.014061, -0.000102, 0.953912, 0.229554, 0.193291, -0.235872, 0.971733, 0.010008, -0.185517, -0.055138, 0.981091),

      ["RightHand"] = CFrame.new(-0.000487, 0.019230, -0.000000, 0.995178, 0.084956, -0.049025, -0.092288, 0.980300, -0.174626, 0.033224, 0.178308, 0.983414),

      ["RightLowerArm"] = CFrame.new(-0.000000, 0.095783, 0.037989, 1.000000, 0.000000, 0.000000, -0.000000, 0.609413, -0.792853, -0.000000, 0.792853, 0.609413),

      ["RightLowerLeg"] = CFrame.new(0.000000, 0.069775, -0.017527, 1.000000, 0.000000, 0.000000, -0.000000, 0.821680, 0.569947, 0.000000, -0.569949, 0.821681),

      ["RightUpperArm"] = CFrame.new(0.039145, -0.182396, -0.045125, 0.924729, 0.369801, 0.090138, 0.369259, -0.929036, 0.023231, 0.092332, 0.011801, -0.995658),

      ["RightUpperLeg"] = CFrame.new(-0.000377, -0.057216, 0.160276, 0.897052, -0.436757, 0.067371, 0.256481, 0.390377, -0.884202, 0.359882, 0.810462, 0.462221),

      ["UpperTorso"] = CFrame.new(0.063264, 0.036074, -0.095074, 0.985326, -0.170002, -0.015265, 0.143641, 0.874190, -0.463852, 0.092200, 0.454853, 0.885781),

    }},

    {Time = 0.250, Data = {

      ["Head"] = CFrame.new(-0.000586, -0.006796, -0.002701, 0.999468, -0.016324, 0.028250, 0.015554, 0.999507, 0.027272, -0.028681, -0.026818, 0.999229),

      ["LeftFoot"] = CFrame.new(0.000000, 0.005932, -0.000003, 0.981143, -0.147855, -0.124497, 0.168296, 0.970254, 0.174042, 0.095056, -0.191694, 0.976837),

      ["LeftHand"] = CFrame.new(0.000486, 0.021916, 0.000000, 0.988850, -0.128462, 0.075326, 0.148807, 0.871819, -0.466681, -0.005719, 0.472684, 0.881212),

      ["LeftLowerArm"] = CFrame.new(-0.000499, 0.106919, 0.052443, 1.000000, -0.000000, -0.000000, 0.000000, 0.459489, -0.888183, 0.000000, 0.888183, 0.459489),

      ["LeftLowerLeg"] = CFrame.new(0.000000, 0.026805, -0.002018, 1.000000, -0.000000, 0.000000, 0.000000, 0.978330, 0.207035, -0.000000, -0.207051, 0.978334),

      ["LeftUpperArm"] = CFrame.new(-0.056542, -0.124439, -0.186446, 0.891686, -0.194168, -0.408895, -0.252309, -0.963183, -0.092838, -0.375814, 0.185950, -0.907847),

      ["LeftUpperLeg"] = CFrame.new(-0.000228, -0.068496, 0.155057, 0.993733, -0.007535, 0.111523, 0.085572, 0.693187, -0.715654, -0.071914, 0.720719, 0.689494),

      ["LowerTorso"] = CFrame.new(-0.136512, -0.232164, 0.276654, 0.980090, 0.170116, 0.102389, -0.197101, 0.895815, 0.398330, -0.023959, -0.410580, 0.911510),

      ["RightFoot"] = CFrame.new(-0.000000, 0.015334, -0.000102, 0.947511, 0.244574, 0.205938, -0.246504, 0.968999, -0.016648, -0.203612, -0.034992, 0.978423),

      ["RightHand"] = CFrame.new(-0.000487, 0.019364, -0.000000, 0.995320, 0.083700, -0.048293, -0.090732, 0.981433, -0.168988, 0.033252, 0.172578, 0.984434),

      ["RightLowerArm"] = CFrame.new(-0.000000, 0.096447, 0.038717, 1.000000, 0.000000, 0.000000, 0.000000, 0.601882, -0.798585, -0.000000, 0.798585, 0.601882),

      ["RightLowerLeg"] = CFrame.new(0.000000, 0.074537, -0.020141, 1.000000, 0.000000, -0.000000, -0.000000, 0.794816, 0.606850, 0.000000, -0.606851, 0.794816),

      ["RightUpperArm"] = CFrame.new(0.039428, -0.183101, -0.044467, 0.924242, 0.370363, 0.092781, 0.370787, -0.928623, 0.013264, 0.091072, 0.022142, -0.995598),

      ["RightUpperLeg"] = CFrame.new(-0.000377, -0.057279, 0.160449, 0.875505, -0.474655, 0.090501, 0.295729, 0.378202, -0.877209, 0.382145, 0.794774, 0.471501),

      ["UpperTorso"] = CFrame.new(0.073114, 0.035532, -0.090222, 0.980090, -0.197752, -0.017801, 0.170116, 0.882576, -0.438315, 0.102389, 0.426560, 0.898645),

    }},

    {Time = 0.267, Data = {

      ["Head"] = CFrame.new(-0.000597, -0.006917, -0.002749, 0.999449, -0.016619, 0.028744, 0.015821, 0.999490, 0.027757, -0.029190, -0.027287, 0.999201),

      ["LeftFoot"] = CFrame.new(-0.000000, 0.006388, -0.000003, 0.982916, -0.140795, -0.118553, 0.158535, 0.974848, 0.156666, 0.093508, -0.172767, 0.980511),

      ["LeftHand"] = CFrame.new(0.000486, 0.021998, 0.000000, 0.988952, -0.127868, 0.074991, 0.148094, 0.874355, -0.462141, -0.006475, 0.468138, 0.883630),

