return {
local Animations = {
  ["poodle blue shirt guy dance"] = {
    {Time = 0.000, Data = {
      ["Head"] = CFrame.new(-0.000000, -0.000000, 0.000000, 0.924790, -0.013085, -0.380253, -0.053078, 0.985199, -0.162990, 0.376757, 0.170915, 0.910408),
      ["LeftFoot"] = CFrame.new(0.000000, -0.037168, -0.000003, 0.991112, 0.101760, 0.085683, -0.127820, 0.906932, 0.401450, -0.036857, -0.408803, 0.911864),
      ["LeftHand"] = CFrame.new(0.000484, 0.024087, -0.000000, 0.989068, 0.127165, -0.074660, -0.140055, 0.968529, -0.205760, 0.046145, 0.213966, 0.975750),
      ["LeftLowerArm"] = CFrame.new(-0.000499, 0.116023, 0.072223, 1.000000, -0.000000, -0.000000, 0.000000, 0.254133, -0.967169, 0.000000, 0.967169, 0.254133),
      ["LeftLowerLeg"] = CFrame.new(-0.000000, -0.036639, -0.000385, 1.000000, -0.000000, -0.000000, -0.000000, 1.000000, -0.000007, 0.000000, -0.000010, 1.000000),
      ["LeftUpperArm"] = CFrame.new(-0.122963, -0.609972, -0.032504, 0.136110, 0.984881, -0.107165, -0.990467, 0.132964, -0.036001, -0.021208, 0.111044, 0.993589),
      ["LeftUpperLeg"] = CFrame.new(0.000000, -0.000000, -0.000100, 0.937558, -0.342543, -0.060404, 0.280497, 0.847270, -0.451055, 0.205685, 0.405953, 0.890450),
      ["LowerTorso"] = CFrame.new(1.051565, 0.087604, 0.427642, 0.941819, -0.162244, 0.294370, -0.087683, 0.726868, 0.681157, -0.324482, -0.667337, 0.670352),
      ["RightFoot"] = CFrame.new(0.000000, -0.026744, -0.000103, 0.999918, 0.009813, 0.008263, -0.010627, 0.994418, 0.104996, -0.007185, -0.105055, 0.994438),
      ["RightHand"] = CFrame.new(-0.000485, 0.022624, 0.000000, 0.943004, 0.287659, -0.167323, -0.178720, 0.861904, 0.474535, 0.280718, -0.417581, 0.864188),
      ["RightLowerArm"] = CFrame.new(-0.000000, 0.110698, 0.058994, 1.000000, 0.000000, 0.000000, -0.000000, 0.391511, -0.920174, -0.000000, 0.920174, 0.391511),
      ["RightLowerLeg"] = CFrame.new(-0.000000, -0.026649, -0.000350, 1.000000, 0.000000, -0.000000, -0.000000, 1.000000, -0.000007, -0.000000, -0.000010, 1.000000),
      ["RightUpperArm"] = CFrame.new(0.103637, -0.726972, -0.061293, 0.630434, -0.150384, 0.761536, 0.704158, 0.523657, -0.479526, -0.326671, 0.838551, 0.436025),
      ["RightUpperLeg"] = CFrame.new(0.000000, -0.000000, -0.000000, 0.938200, -0.131269, -0.320234, -0.160611, 0.654470, -0.738829, 0.306569, 0.744605, 0.592944),
      ["UpperTorso"] = CFrame.new(0.000000, -0.000000, -0.000000, 0.993280, -0.086060, 0.077388, 0.114403, 0.831330, -0.543877, -0.017529, 0.549076, 0.835589),
    }},
    {Time = 0.017, Data = {
      ["Head"] = CFrame.new(-0.000000, 0.000000, 0.000000, 0.925937, -0.016389, -0.377323, -0.042136, 0.988338, -0.146329, 0.375321, 0.151390, 0.914448),
      ["LeftFoot"] = CFrame.new(-0.000000, -0.035659, -0.000003, 0.991183, 0.101355, 0.085342, -0.126841, 0.912044, 0.390015, -0.038305, -0.397370, 0.916845),
      ["LeftHand"] = CFrame.new(0.000484, 0.025142, 0.000000, 0.994619, 0.089349, -0.052449, -0.098139, 0.974764, -0.200513, 0.033210, 0.204580, 0.978286),
      ["LeftLowerArm"] = CFrame.new(-0.000499, 0.119355, 0.087795, 1.000000, -0.000000, 0.000000, 0.000000, 0.092462, -0.995716, 0.000000, 0.995716, 0.092462),
      ["LeftLowerLeg"] = CFrame.new(-0.000000, -0.035135, -0.000365, 1.000000, 0.000000, -0.000000, -0.000000, 1.000000, -0.000007, -0.000000, -0.000010, 1.000000),
      ["LeftUpperArm"] = CFrame.new(-0.108367, -0.602929, -0.046783, 0.174912, 0.984109, -0.030579, -0.983996, 0.173650, -0.039968, -0.034023, 0.037080, 0.998733),
      ["LeftUpperLeg"] = CFrame.new(-0.000000, -0.000000, -0.000100, 0.932519, -0.348332, -0.095254, 0.269617, 0.847049, -0.458051, 0.240239, 0.401465, 0.883808),
      ["LowerTorso"] = CFrame.new(1.043871, 0.071867, 0.408979, 0.930853, -0.173704, 0.321466, -0.104851, 0.715795, 0.690394, -0.350028, -0.676361, 0.648087),
      ["RightFoot"] = CFrame.new(-0.000000, -0.008457, -0.000103, 0.999900, 0.010820, 0.009111, -0.011753, 0.993925, 0.109454, -0.007870, -0.109530, 0.993950),
      ["RightHand"] = CFrame.new(-0.000485, 0.023785, -0.000000, 0.936701, 0.302635, -0.176082, -0.161212, 0.819204, 0.550381, 0.310809, -0.487152, 0.816134),
      ["RightLowerArm"] = CFrame.new(-0.000001, 0.115297, 0.069702, 1.000000, 0.000000, 0.000000, -0.000000, 0.280289, -0.959916, -0.000000, 0.959916, 0.280289),
      ["RightLowerLeg"] = CFrame.new(0.000000, -0.008427, -0.000108, 1.000000, 0.000000, 0.000000, 0.000000, 1.000000, -0.000007, 0.000000, -0.000010, 1.000000),
      ["RightUpperArm"] = CFrame.new(0.091074, -0.708198, -0.053288, 0.654663, -0.182273, 0.733616, 0.676682, 0.573871, -0.461274, -0.336923, 0.798404, 0.499033),
      ["RightUpperLeg"] = CFrame.new(-0.000000, -0.000000, -0.000000, 0.903098, -0.147601, -0.403272, -0.217802, 0.651897, -0.726352, 0.370102, 0.743804, 0.556582),
      ["UpperTorso"] = CFrame.new(-0.000000, -0.000000, -0.000000, 0.994541, -0.090400, 0.052122, 0.103965, 0.815534, -0.569294, 0.008957, 0.571605, 0.820480),
    }},
    {Time = 0.033, Data = {
      ["Head"] = CFrame.new(0.000000, -0.000000, -0.000000, 0.926979, -0.019832, -0.374589, -0.032730, 0.990517, -0.133437, 0.373683, 0.135953, 0.917539),
      ["LeftFoot"] = CFrame.new(0.000000, -0.028910, -0.000003, 0.990707, 0.104043, 0.087605, -0.129162, 0.921509, 0.366280, -0.042619, -0.374161, 0.926372),
      ["LeftHand"] = CFrame.new(0.000483, 0.025825, -0.000000, 0.998206, 0.051648, -0.030302, -0.056419, 0.980751, -0.186938, 0.020065, 0.188310, 0.981904),
      ["LeftLowerArm"] = CFrame.new(-0.000499, 0.119874, 0.102647, 1.000000, -0.000000, 0.000000, 0.000000, -0.061708, -0.998094, 0.000000, 0.998094, -0.061708),
      ["LeftLowerLeg"] = CFrame.new(-0.000000, -0.028409, -0.000275, 1.000000, -0.000000, -0.000000, -0.000000, 1.000000, -0.000007, -0.000000, -0.000010, 1.000000),
      ["LeftUpperArm"] = CFrame.new(-0.095386, -0.595654, -0.066746, 0.212476, 0.976070, 0.046278, -0.975724, 0.214496, -0.044211, -0.053080, -0.035761, 0.997950),
      ["LeftUpperLeg"] = CFrame.new(0.000000, -0.000000, -0.000100, 0.925995, -0.349987, -0.141573, 0.259434, 0.862314, -0.434861, 0.274277, 0.365956, 0.889299),
      ["LowerTorso"] = CFrame.new(1.029137, 0.042902, 0.379003, 0.915967, -0.183916, 0.356624, -0.119045, 0.724198, 0.679239, -0.383189, -0.664614, 0.641447),
      ["RightFoot"] = CFrame.new(0.000000, 0.006660, -0.000103, 0.999955, 0.007297, 0.006145, -0.007481, 0.999513, 0.030299, -0.005919, -0.030335, 0.999522),
      ["RightHand"] = CFrame.new(-0.000484, 0.024635, 0.000000, 0.925898, 0.326497, -0.190037, -0.143340, 0.769055, 0.622906, 0.349523, -0.549504, 0.758864),
      ["RightLowerArm"] = CFrame.new(-0.000001, 0.118705, 0.083199, 1.000000, 0.000000, 0.000000, -0.000000, 0.140269, -0.990113, -0.000000, 0.990113, 0.140269),
      ["RightLowerLeg"] = CFrame.new(0.000000, 0.029339, -0.002615, 1.000000, 0.000000, 0.000000, -0.000000, 0.973305, 0.229503, -0.000000, -0.229518, 0.973308),
      ["RightUpperArm"] = CFrame.new(0.081480, -0.691979, -0.046850, 0.669390, -0.239350, 0.703298, 0.660580, 0.624927, -0.416053, -0.339929, 0.743086, 0.576430),
      ["RightUpperLeg"] = CFrame.new(0.000000, -0.000000, -0.000000, 0.859771, -0.212286, -0.464468, -0.271145, 0.580955, -0.767439, 0.432751, 0.785765, 0.441935),
      ["UpperTorso"] = CFrame.new(0.000000, -0.000000, -0.000000, 0.995768, -0.090227, 0.017498, 0.084149, 0.818459, -0.568370, 0.036962, 0.567436, 0.822587),
    }},
    {Time = 0.050, Data = {
      ["Head"] = CFrame.new(-0.000000, -0.000000, -0.000000, 0.927915, -0.023344, -0.372060, -0.024762, 0.991974, -0.123996, 0.371968, 0.124271, 0.919889),
      ["LeftFoot"] = CFrame.new(-0.000000, -0.018386, -0.000003, 0.989652, 0.109762, 0.092422, -0.134513, 0.933923, 0.331232, -0.049957, -0.340207, 0.939012),
      ["LeftHand"] = CFrame.new(0.000483, 0.026419, -0.000000, 0.999875, 0.013675, -0.007993, -0.014817, 0.985855, -0.166947, 0.005598, 0.167043, 0.985934),
      ["LeftLowerArm"] = CFrame.new(-0.000499, 0.118190, 0.116379, 1.000000, -0.000000, 0.000000, 0.000000, -0.204309, -0.978906, 0.000000, 0.978907, -0.204309),
      ["LeftLowerLeg"] = CFrame.new(-0.000000, -0.017922, -0.000136, 1.000000, -0.000000, -0.000000, -0.000000, 1.000000, -0.000007, -0.000000, -0.000010, 1.000000),
      ["LeftUpperArm"] = CFrame.new(-0.084335, -0.588074, -0.091979, 0.247937, 0.961064, 0.121997, -0.965623, 0.255314, -0.048849, -0.078095, -0.105692, 0.991328),
      ["LeftUpperLeg"] = CFrame.new(-0.000000, 0.000000, -0.000100, 0.917072, -0.346669, -0.196975, 0.252663, 0.887434, -0.385510, 0.308448, 0.303779, 0.901434),
      ["LowerTorso"] = CFrame.new(1.007290, 0.003653, 0.339927, 0.897284, -0.190459, 0.398255, -0.130217, 0.747814, 0.651014, -0.421812, -0.636003, 0.646200),
      ["RightFoot"] = CFrame.new(0.000000, 0.012520, -0.000103, 0.999999, 0.001038, 0.000875, -0.000985, 0.998194, -0.060074, -0.000934, 0.060067, 0.998194),
      ["RightHand"] = CFrame.new(-0.000483, 0.025528, 0.000000, 0.909630, 0.358994, -0.209040, -0.125889, 0.717752, 0.684827, 0.395885, -0.596620, 0.698079),
      ["RightLowerArm"] = CFrame.new(-0.000001, 0.120063, 0.098357, 1.000000, 0.000000, 0.000000, -0.000000, -0.017147, -0.999853, -0.000000, 0.999853, -0.017148),
      ["RightLowerLeg"] = CFrame.new(0.000000, 0.061523, -0.013188, 1.000000, 0.000000, 0.000000, -0.000000, 0.865945, 0.500134, 0.000000, -0.500139, 0.865948),
      ["RightUpperArm"] = CFrame.new(0.074630, -0.678940, -0.042041, 0.675359, -0.319351, 0.664760, 0.656516, 0.670973, -0.344649, -0.335972, 0.669187, 0.662806),
      ["RightUpperLeg"] = CFrame.new(0.000000, -0.000000, -0.000000, 0.808224, -0.301106, -0.506077, -0.315757, 0.503803, -0.804031, 0.497062, 0.809640, 0.312121),
      ["UpperTorso"] = CFrame.new(-0.000000, -0.000000, -0.000000, 0.995997, -0.086007, -0.024327, 0.058897, 0.836247, -0.545181, 0.067233, 0.541566, 0.837965),
    }},
    {Time = 0.067, Data = {
      ["Head"] = CFrame.new(-0.000000, -0.000000, 0.000000, 0.928745, -0.026859, -0.369746, -0.018135, 0.992886, -0.117676, 0.370277, 0.115996, 0.921651),
      ["LeftFoot"] = CFrame.new(-0.000000, -0.005769, -0.000003, 0.987930, 0.118491, 0.099772, -0.142526, 0.947613, 0.285891, -0.060667, -0.296632, 0.953054),
      ["LeftHand"] = CFrame.new(0.000482, 0.026952, 0.000000, 0.999565, -0.025425, 0.014979, 0.027299, 0.989474, -0.142114, -0.011207, 0.142460, 0.989737),
      ["LeftLowerArm"] = CFrame.new(-0.000499, 0.114842, 0.128689, 1.000000, -0.000000, 0.000000, 0.000000, -0.332261, -0.943187, 0.000000, 0.943188, -0.332262),
      ["LeftLowerLeg"] = CFrame.new(-0.000000, -0.005349, 0.000030, 1.000000, 0.000000, -0.000000, 0.000000, 1.000000, -0.000007, -0.000000, -0.000010, 1.000000),
      ["LeftUpperArm"] = CFrame.new(-0.075441, -0.580080, -0.122249, 0.280616, 0.939847, 0.194789, -0.953594, 0.296071, -0.054768, -0.109146, -0.170381, 0.979315),
      ["LeftUpperLeg"] = CFrame.new(0.000000, 0.000000, -0.000100, 0.904831, -0.337791, -0.259189, 0.251699, 0.915358, -0.314267, 0.343408, 0.219128, 0.913267),
      ["LowerTorso"] = CFrame.new(0.978351, -0.042590, 0.293814, 0.874991, -0.191117, 0.444821, -0.138622, 0.781419, 0.608414, -0.463870, -0.594019, 0.657242),
      ["RightFoot"] = CFrame.new(-0.000000, 0.019174, -0.000102, 0.999965, -0.006380, -0.005371, 0.005708, 0.993158, -0.116655, 0.006079, 0.116608, 0.993158),
      ["RightHand"] = CFrame.new(-0.000483, 0.026220, 0.000000, 0.886979, 0.399040, -0.232459, -0.112493, 0.674895, 0.729292, 0.447899, -0.620713, 0.643503),
      ["RightLowerArm"] = CFrame.new(-0.000001, 0.118726, 0.114049, 1.000000, 0.000000, -0.000000, 0.000000, -0.180108, -0.983647, -0.000000, 0.983647, -0.180108),
      ["RightLowerLeg"] = CFrame.new(-0.000000, 0.086328, -0.027272, 1.000000, 0.000000, 0.000000, -0.000000, 0.721027, 0.692909, 0.000000, -0.692907, 0.721025),
      ["RightUpperArm"] = CFrame.new(0.070577, -0.669251, -0.038664, 0.672761, -0.420952, 0.608433, 0.664235, 0.705846, -0.246115, -0.325858, 0.569719, 0.754478),
      ["RightUpperLeg"] = CFrame.new(0.000000, -0.000000, -0.000000, 0.748770, -0.384227, -0.540113, -0.348096, 0.465487, -0.813717, 0.564067, 0.797303, 0.214810),
      ["UpperTorso"] = CFrame.new(0.000000, 0.000000, 0.000000, 0.994375, -0.078411, -0.071209, 0.032066, 0.863592, -0.503171, 0.100950, 0.498057, 0.861248),
    }},
    {Time = 0.083, Data = {
      ["Head"] = CFrame.new(-0.000000, 0.000000, -0.000000, 0.929467, -0.030313, -0.367659, -0.012753, 0.993383, -0.114142, 0.368686, 0.110780, 0.922929),
      ["LeftFoot"] = CFrame.new(-0.000000, 0.002442, -0.000003, 0.985407, 0.130206, 0.109636, -0.149910, 0.968949, 0.196656, -0.080623, -0.210200, 0.974324),
      ["LeftHand"] = CFrame.new(0.000482, 0.027421, -0.000000, 0.996990, -0.066825, 0.039302, 0.070891, 0.991034, -0.113255, -0.031381, 0.115699, 0.992788),
      ["LeftLowerArm"] = CFrame.new(-0.000498, 0.110269, 0.139454, 1.000000, -0.000000, 0.000000, 0.000000, -0.444127, -0.895963, 0.000000, 0.895964, -0.444128),
      ["LeftLowerLeg"] = CFrame.new(0.000000, 0.010446, -0.000172, 1.000000, -0.000000, -0.000000, -0.000000, 0.997066, 0.076534, -0.000000, -0.076552, 0.997067),
      ["LeftUpperArm"] = CFrame.new(-0.068830, -0.571480, -0.157427, 0.310026, 0.913599, 0.263098, -0.939370, 0.337007, -0.063324, -0.146520, -0.227514, 0.962689),
      ["LeftUpperLeg"] = CFrame.new(0.000000, 0.000000, -0.000100, 0.888467, -0.336073, -0.312542, 0.258343, 0.929095, -0.264647, 0.379323, 0.154395, 0.912294),
      ["LowerTorso"] = CFrame.new(0.942646, -0.092498, 0.242817, 0.849432, -0.184407, 0.494429, -0.144690, 0.819654, 0.554285, -0.507475, -0.542366, 0.669559),
      ["RightFoot"] = CFrame.new(0.000000, 0.025304, -0.000102, 0.999839, -0.013720, -0.011552, 0.011738, 0.987551, -0.156872, 0.013560, 0.156699, 0.987551),
      ["RightHand"] = CFrame.new(-0.000482, 0.026861, 0.000000, 0.857731, 0.444171, -0.258867, -0.112435, 0.653417, 0.748604, 0.501653, -0.612991, 0.610393),
      ["RightLowerArm"] = CFrame.new(-0.000001, 0.114877, 0.128877, 1.000000, 0.000000, -0.000000, -0.000000, -0.334208, -0.942499, -0.000000, 0.942500, -0.334208),
      ["RightLowerLeg"] = CFrame.new(-0.000000, 0.104724, -0.042941, 1.000000, 0.000000, 0.000000, -0.000000, 0.558149, 0.829747, 0.000000, -0.829741, 0.558140),
      ["RightUpperArm"] = CFrame.new(0.069475, -0.662382, -0.035939, 0.661586, -0.539628, 0.520678, 0.682086, 0.721547, -0.118868, -0.311549, 0.433789, 0.845438),
      ["RightUpperLeg"] = CFrame.new(0.000000, 0.000000, 0.000000, 0.682496, -0.463198, -0.565384, -0.365704, 0.453330, -0.812856, 0.632819, 0.761538, 0.140018),
      ["UpperTorso"] = CFrame.new(0.000000, 0.000000, 0.000000, 0.990296, -0.068305, -0.121030, 0.007207, 0.894949, -0.446111, 0.138787, 0.440910, 0.886756),
    }},
    {Time = 0.100, Data = {
      ["Head"] = CFrame.new(0.000000, -0.000000, 0.000000, 0.930081, -0.033648, -0.365812, -0.008521, 0.993552, -0.113055, 0.367257, 0.108267, 0.923797),
      ["LeftFoot"] = CFrame.new(-0.000000, 0.005510, -0.000003, 0.981915, 0.144822, 0.121944, -0.155403, 0.984425, 0.082219, -0.108132, -0.099671, 0.989126),
      ["LeftHand"] = CFrame.new(0.000481, 0.027856, -0.000000, 0.991578, -0.111649, 0.065633, 0.116769, 0.989919, -0.080162, -0.056021, 0.087150, 0.994619),
      ["LeftLowerArm"] = CFrame.new(-0.000497, 0.105053, 0.148565, 1.000000, -0.000000, 0.000000, 0.000000, -0.538884, -0.842379, 0.000000, 0.842380, -0.538885),
      ["LeftLowerLeg"] = CFrame.new(-0.000000, 0.024658, -0.001667, 1.000000, 0.000000, -0.000000, 0.000000, 0.981880, 0.189490, -0.000000, -0.189506, 0.981883),
      ["LeftUpperArm"] = CFrame.new(-0.064526, -0.561976, -0.197293, 0.335887, 0.884289, 0.324366, -0.922475, 0.378420, -0.076411, -0.190316, -0.273554, 0.942841),
      ["LeftUpperLeg"] = CFrame.new(0.000000, 0.000000, -0.000100, 0.867414, -0.341163, -0.362217, 0.273474, 0.935009, -0.225756, 0.415697, 0.096778, 0.904341),
      ["LowerTorso"] = CFrame.new(0.900956, -0.142957, 0.189289, 0.821181, -0.169983, 0.544763, -0.148924, 0.857696, 0.492117, -0.550893, -0.485245, 0.679010),
      ["RightFoot"] = CFrame.new(-0.000000, 0.028770, -0.000102, 0.999655, -0.020081, -0.016908, 0.016501, 0.981616, -0.190162, 0.020414, 0.189806, 0.981607),
      ["RightHand"] = CFrame.new(-0.000482, 0.027415, 0.000000, 0.823647, 0.489898, -0.285672, -0.142613, 0.666479, 0.731759, 0.548878, -0.561967, 0.618806),
      ["RightLowerArm"] = CFrame.new(-0.000002, 0.109312, 0.141503, 1.000000, 0.000000, -0.000000, -0.000000, -0.465427, -0.885085, -0.000000, 0.885086, -0.465429),
      ["RightLowerLeg"] = CFrame.new(0.000000, 0.116065, -0.059071, 1.000000, 0.000000, 0.000000, -0.000000, 0.390407, 0.920648, 0.000000, -0.920642, 0.390394),
      ["RightUpperArm"] = CFrame.new(0.071150, -0.656771, -0.032027, 0.642474, -0.663484, 0.383428, 0.706355, 0.706760, 0.039406, -0.297138, 0.245519, 0.922730),
      ["RightUpperLeg"] = CFrame.new(0.000000, -0.000000, 0.000000, 0.611597, -0.536636, -0.581365, -0.367594, 0.457932, -0.809417, 0.700588, 0.708746, 0.082820),
      ["UpperTorso"] = CFrame.new(0.000000, -0.000000, -0.000000, 0.983513, -0.056710, -0.171717, -0.012751, 0.925447, -0.378661, 0.180389, 0.374608, 0.909466),
    }},
    {Time = 0.117, Data = {
      ["Head"] = CFrame.new(0.000000, -0.000000, 0.000000, 0.930584, -0.036809, -0.364222, -0.005351, 0.993458, -0.114074, 0.366038, 0.108104, 0.924300),
      ["LeftFoot"] = CFrame.new(-0.000000, 0.007404, -0.000003, 0.977290, 0.162099, 0.136492, -0.160510, 0.986775, -0.022648, -0.138350, 0.000228, 0.990382),
      ["LeftHand"] = CFrame.new(0.000481, 0.028250, -0.000000, 0.982568, -0.160277, 0.094189, 0.164640, 0.985523, -0.040482, -0.086336, 0.055283, 0.994731),
      ["LeftLowerArm"] = CFrame.new(-0.000498, 0.099616, 0.156022, 1.000000, -0.000000, 0.000000, 0.000000, -0.616403, -0.787430, 0.000000, 0.787431, -0.616404),
      ["LeftLowerLeg"] = CFrame.new(-0.000000, 0.034527, -0.003569, 1.000000, -0.000000, -0.000000, 0.000000, 0.962629, 0.270809, -0.000000, -0.270823, 0.962633),
      ["LeftUpperArm"] = CFrame.new(-0.062405, -0.551228, -0.241152, 0.358221, 0.855231, 0.374511, -0.902344, 0.420121, -0.096292, -0.239692, -0.303444, 0.922209),
      ["LeftUpperLeg"] = CFrame.new(0.000000, 0.000000, -0.000100, 0.841488, -0.342118, -0.418157, 0.296667, 0.939437, -0.171591, 0.451537, 0.020351, 0.892021),
      ["LowerTorso"] = CFrame.new(0.854632, -0.191264, 0.135742, 0.791084, -0.148908, 0.593306, -0.151810, 0.891782, 0.426237, -0.592570, -0.427259, 0.682869),
      ["RightFoot"] = CFrame.new(-0.000000, 0.030677, -0.000102, 0.999472, -0.024869, -0.020939, 0.019688, 0.975572, -0.218807, 0.025867, 0.218270, 0.975543),
      ["RightHand"] = CFrame.new(-0.000482, 0.027855, 0.000000, 0.790011, 0.529525, -0.309012, -0.223323, 0.717934, 0.659318, 0.570972, -0.451856, 0.685428),
      ["RightLowerArm"] = CFrame.new(-0.000002, 0.103837, 0.150514, 1.000000, 0.000000, -0.000000, -0.000000, -0.559142, -0.829071, -0.000000, 0.829072, -0.559143),
      ["RightLowerLeg"] = CFrame.new(0.000000, 0.122172, -0.073874, 1.000000, 0.000000, 0.000000, -0.000000, 0.236474, 0.971641, 0.000000, -0.971638, 0.236459),
      ["RightUpperArm"] = CFrame.new(0.074435, -0.649627, -0.023663, 0.618057, -0.764482, 0.183227, 0.730864, 0.644628, 0.224260, -0.289556, -0.004691, 0.957150),
      ["RightUpperLeg"] = CFrame.new(0.000000, 0.000000, -0.000000, 0.539446, -0.599874, -0.590903, -0.354836, 0.474441, -0.805591, 0.763603, 0.644249, 0.043092),
      ["UpperTorso"] = CFrame.new(0.000000, 0.000000, -0.000000, 0.974182, -0.044751, -0.221284, -0.025897, 0.951537, -0.306442, 0.224273, 0.304261, 0.925811),
    }},
    {Time = 0.133, Data = {
      ["Head"] = CFrame.new(-0.000000, 0.000000, -0.000000, 0.930976, -0.039744, -0.362910, -0.003155, 0.993144, -0.116857, 0.365066, 0.109936, 0.924468),
      ["LeftFoot"] = CFrame.new(-0.000000, 0.008632, -0.000003, 0.971437, 0.181522, 0.152846, -0.164682, 0.979438, -0.116544, -0.170849, 0.088039, 0.981354),
      ["LeftHand"] = CFrame.new(0.000481, 0.028610, -0.000000, 0.969502, -0.211315, 0.124142, 0.211914, 0.977251, 0.008521, -0.123117, 0.018047, 0.992228),
      ["LeftLowerArm"] = CFrame.new(-0.000497, 0.094484, 0.161871, 1.000000, -0.000000, 0.000000, 0.000000, -0.677241, -0.735760, 0.000000, 0.735762, -0.677242),
      ["LeftLowerLeg"] = CFrame.new(-0.000000, 0.041227, -0.005302, 1.000000, -0.000000, -0.000000, 0.000000, 0.945077, 0.326835, -0.000000, -0.326847, 0.945081),
      ["LeftUpperArm"] = CFrame.new(-0.062060, -0.539090, -0.287276, 0.377607, 0.830790, 0.408902, -0.878808, 0.460669, -0.124419, -0.291735, -0.312365, 0.904057),
      ["LeftUpperLeg"] = CFrame.new(0.000000, 0.000000, -0.000100, 0.811060, -0.338635, -0.476982, 0.325877, 0.938716, -0.112312, 0.485784, -0.064332, 0.871708),
      ["LowerTorso"] = CFrame.new(0.805626, -0.235244, 0.084699, 0.760271, -0.123733, 0.637714, -0.153752, 0.919524, 0.361712, -0.631149, -0.373049, 0.680063),
      ["RightFoot"] = CFrame.new(-0.000000, 0.031992, -0.000101, 0.999339, -0.027807, -0.023414, 0.021217, 0.969194, -0.245395, 0.029514, 0.244726, 0.969141),
      ["RightHand"] = CFrame.new(-0.000482, 0.028073, -0.000000, 0.765788, 0.555299, -0.324367, -0.353431, 0.784787, 0.509114, 0.537266, -0.275230, 0.797238),
      ["RightLowerArm"] = CFrame.new(-0.000003, 0.100815, 0.154633, 1.000000, 0.000000, -0.000000, -0.000000, -0.601969, -0.798519, -0.000000, 0.798520, -0.601970),
      ["RightLowerLeg"] = CFrame.new(-0.000000, 0.125002, -0.086114, 1.000000, 0.000000, 0.000000, -0.000000, 0.109044, 0.994039, 0.000000, -0.994037, 0.109029),
      ["RightUpperArm"] = CFrame.new(0.076714, -0.637197, -0.006677, 0.593862, -0.802344, -0.059768, 0.747521, 0.522757, 0.409802, -0.297558, -0.288044, 0.910214),
      ["RightUpperLeg"] = CFrame.new(0.000000, -0.000000, -0.000000, 0.470329, -0.650004, -0.596911, -0.330888, 0.497141, -0.802088, 0.818110, 0.574758, 0.018752),
      ["UpperTorso"] = CFrame.new(-0.000000, 0.000000, 0.000000, 0.962871, -0.033584, -0.267863, -0.031694, 0.971307, -0.235708, 0.268094, 0.235446, 0.934179),
    }},
    {Time = 0.150, Data = {
      ["Head"] = CFrame.new(-0.000000, -0.000000, -0.000000, 0.931252, -0.042401, -0.361901, -0.001850, 0.992643, -0.121061, 0.364371, 0.113407, 0.924323),
      ["LeftFoot"] = CFrame.new(0.000000, 0.009456, -0.000003, 0.964439, 0.202184, 0.170244, -0.167207, 0.965536, -0.199465, -0.204693, 0.163895, 0.965003),
      ["LeftHand"] = CFrame.new(0.000481, 0.028924, -0.000000, 0.953242, -0.260595, 0.153033, 0.252415, 0.965011, 0.070998, -0.166179, -0.029049, 0.985667),
      ["LeftLowerArm"] = CFrame.new(-0.000497, 0.090092, 0.166168, 1.000000, -0.000000, 0.000000, 0.000000, -0.721934, -0.691961, 0.000000, 0.691962, -0.721935),
      ["LeftLowerLeg"] = CFrame.new(0.000000, 0.045795, -0.006700, 1.000000, -0.000000, -0.000000, 0.000000, 0.930899, 0.365266, 0.000000, -0.365277, 0.930903),
      ["LeftUpperArm"] = CFrame.new(-0.062575, -0.526075, -0.332353, 0.395645, 0.816912, 0.419667, -0.853005, 0.496211, -0.161732, -0.340365, -0.293989, 0.893153),
      ["LeftUpperLeg"] = CFrame.new(0.000000, -0.000000, -0.000100, 0.777262, -0.331496, -0.534769, 0.357327, 0.932148, -0.058455, 0.517863, -0.145639, 0.842974),
      ["LowerTorso"] = CFrame.new(0.756427, -0.273267, 0.038516, 0.730134, -0.098343, 0.676190, -0.155020, 0.939946, 0.304089, -0.665487, -0.326849, 0.671042),
      ["RightFoot"] = CFrame.new(-0.000000, 0.032552, -0.000101, 0.999283, -0.028961, -0.024386, 0.021221, 0.961869, -0.272698, 0.031350, 0.271975, 0.961791),
      ["RightHand"] = CFrame.new(-0.000481, 0.027989, -0.000000, 0.759983, 0.561094, -0.328027, -0.482557, 0.825213, 0.293536, 0.435390, -0.064790, 0.897906),
      ["RightLowerArm"] = CFrame.new(-0.000002, 0.102003, 0.153070, 1.000000, 0.000000, -0.000000, 0.000000, -0.585708, -0.810521, -0.000000, 0.810522, -0.585710),
      ["RightLowerLeg"] = CFrame.new(0.000000, 0.125785, -0.095238, 1.000000, 0.000000, 0.000000, -0.000000, 0.014194, 0.999900, 0.000000, -0.999899, 0.014181),
      ["RightUpperArm"] = CFrame.new(0.074614, -0.615742, 0.021918, 0.576932, -0.769974, -0.272561, 0.748251, 0.364416, 0.554365, -0.327521, -0.523776, 0.786378),
      ["RightUpperLeg"] = CFrame.new(0.000000, -0.000000, -0.000000, 0.408943, -0.686465, -0.601290, -0.301349, 0.520340, -0.799009, 0.861367, 0.507949, 0.005933),
      ["UpperTorso"] = CFrame.new(-0.000000, -0.000000, 0.000000, 0.950512, -0.024347, -0.309732, -0.031097, 0.984463, -0.172815, 0.309127, 0.173895, 0.934987),
    }},
    {Time = 0.167, Data = {
      ["Head"] = CFrame.new(0.000000, -0.000000, 0.000000, 0.931406, -0.044735, -0.361222, -0.001354, 0.991986, -0.126341, 0.363979, 0.118164, 0.923882),
      ["LeftFoot"] = CFrame.new(0.000000, 0.010067, -0.000003, 0.956692, 0.222682, 0.187504, -0.167156, 0.947541, -0.272459, -0.238325, 0.229302, 0.943720),
      ["LeftHand"] = CFrame.new(0.000480, 0.029161, -0.000000, 0.936936, -0.301418, 0.176915, 0.277359, 0.949239, 0.148383, -0.212658, -0.089955, 0.972977),
      ["LeftLowerArm"] = CFrame.new(-0.000497, 0.086890, 0.168954, 1.000000, -0.000000, 0.000000, 0.000000, -0.750892, -0.660424, 0.000000, 0.660425, -0.750893),
      ["LeftLowerLeg"] = CFrame.new(0.000000, 0.049206, -0.007865, 1.000000, -0.000000, 0.000000, 0.000000, 0.919070, 0.394084, -0.000000, -0.394094, 0.919074),
      ["LeftUpperArm"] = CFrame.new(-0.062413, -0.513719, -0.371617, 0.415182, 0.818107, 0.397902, -0.828133, 0.520927, -0.206956, -0.376591, -0.243591, 0.893780),
      ["LeftUpperLeg"] = CFrame.new(0.000000, 0.000000, -0.000100, 0.742198, -0.322674, -0.587391, 0.385650, 0.922441, -0.019427, 0.548102, -0.212095, 0.809070),
      ["LowerTorso"] = CFrame.new(0.709926, -0.304141, -0.000750, 0.702288, -0.077605, 0.707650, -0.155733, 0.953216, 0.259088, -0.694650, -0.292159, 0.657347),
      ["RightFoot"] = CFrame.new(0.000000, 0.032945, -0.000101, 0.999296, -0.028698, -0.024164, 0.020053, 0.952966, -0.302425, 0.031703, 0.301715, 0.952867),
      ["RightHand"] = CFrame.new(-0.000481, 0.027626, 0.000000, 0.775100, 0.545415, -0.318974, -0.553253, 0.829693, 0.074307, 0.305175, 0.118877, 0.944846),
      ["RightLowerArm"] = CFrame.new(-0.000002, 0.106798, 0.145939, 1.000000, 0.000000, -0.000000, -0.000000, -0.511567, -0.859243, -0.000000, 0.859243, -0.511568),
      ["RightLowerLeg"] = CFrame.new(0.000000, 0.125847, -0.100705, 1.000000, 0.000000, 0.000000, -0.000000, -0.042740, 0.999086, 0.000000, -0.999086, -0.042752),
      ["RightUpperArm"] = CFrame.new(0.065983, -0.583097, 0.061133, 0.571865, -0.720843, -0.391607, 0.728135, 0.226126, 0.647060, -0.377877, -0.655173, 0.654185),
      ["RightUpperLeg"] = CFrame.new(-0.000000, 0.000000, -0.000000, 0.359851, -0.709054, -0.606439, -0.273153, 0.541421, -0.795129, 0.892129, 0.451781, 0.001159),
      ["UpperTorso"] = CFrame.new(-0.000000, 0.000000, -0.000000, 0.938313, -0.018113, -0.345312, -0.026389, 0.991964, -0.123741, 0.344778, 0.125221, 0.930295),
    }},
    {Time = 0.183, Data = {
      ["Head"] = CFrame.new(-0.000000, 0.000000, 0.000000, 0.931433, -0.046698, -0.360904, -0.001589, 0.991202, -0.132352, 0.363909, 0.123850, 0.923164),
      ["LeftFoot"] = CFrame.new(0.000000, 0.010594, -0.000003, 0.948933, 0.241330, 0.203204, -0.163752, 0.927305, -0.336606, -0.269650, 0.286122, 0.919459),
      ["LeftHand"] = CFrame.new(0.000481, 0.029288, 0.000000, 0.925251, -0.327223, 0.191927, 0.280511, 0.930749, 0.234567, -0.255390, -0.163194, 0.952965),
      ["LeftLowerArm"] = CFrame.new(-0.000497, 0.085278, 0.170261, 1.000000, -0.000000, 0.000000, -0.000000, -0.764486, -0.644639, 0.000000, 0.644640, -0.764487),
      ["LeftLowerLeg"] = CFrame.new(-0.000000, 0.052156, -0.008959, 1.000000, -0.000000, 0.000000, 0.000000, 0.907960, 0.419047, -0.000000, -0.419056, 0.907965),
      ["LeftUpperArm"] = CFrame.new(-0.059840, -0.504047, -0.400452, 0.439449, 0.831887, 0.338893, -0.808353, 0.530764, -0.254667, -0.391727, -0.162032, 0.905702),
      ["LeftUpperLeg"] = CFrame.new(0.000000, 0.000000, -0.000100, 0.708704, -0.314259, -0.631652, 0.405277, 0.914194, -0.000100, 0.577485, -0.255910, 0.775252),
      ["LowerTorso"] = CFrame.new(0.668652, -0.327294, -0.031875, 0.678255, -0.065925, 0.731863, -0.155883, 0.960391, 0.230976, -0.718102, -0.270746, 0.641114),
      ["RightFoot"] = CFrame.new(0.000000, 0.033131, -0.000101, 0.999362, -0.027314, -0.022999, 0.018048, 0.942174, -0.334652, 0.030806, 0.334009, 0.942061),
      ["RightHand"] = CFrame.new(-0.000482, 0.027087, 0.000000, 0.803879, 0.513443, -0.300258, -0.562192, 0.820729, -0.101703, 0.194210, 0.250558, 0.948420),
      ["RightLowerArm"] = CFrame.new(-0.000001, 0.112815, 0.134162, 1.000000, 0.000000, -0.000000, -0.000000, -0.389119, -0.921187, -0.000000, 0.921188, -0.389120),
      ["RightLowerLeg"] = CFrame.new(0.000000, 0.125821, -0.102393, 1.000000, 0.000000, 0.000000, -0.000000, -0.060361, 0.998176, 0.000000, -0.998177, -0.060373),
      ["RightUpperArm"] = CFrame.new(0.051498, -0.540578, 0.105175, 0.577603, -0.700059, -0.419873, 0.689213, 0.142584, 0.710391, -0.437448, -0.699705, 0.564847),
      ["RightUpperLeg"] = CFrame.new(0.000000, 0.000000, -0.000000, 0.322073, -0.719952, -0.614783, -0.252804, 0.560383, -0.788695, 0.912337, 0.409438, -0.001515),
      ["UpperTorso"] = CFrame.new(-0.000000, 0.000000, 0.000000, 0.927503, -0.015626, -0.373488, -0.020462, 0.995506, -0.092464, 0.373254, 0.093403, 0.923015),
    }},
    {Time = 0.200, Data = {
      ["Head"] = CFrame.new(-0.000000, 0.000000, -0.000000, 0.931324, -0.048246, -0.360982, -0.002476, 0.990325, -0.138746, 0.364184, 0.130112, 0.922194),
      ["LeftFoot"] = CFrame.new(0.000000, 0.011121, -0.000003, 0.941782, 0.257201, 0.216568, -0.156800, 0.905728, -0.393809, -0.297422, 0.336903, 0.893316),
      ["LeftHand"] = CFrame.new(0.000481, 0.029289, -0.000000, 0.921260, -0.335571, 0.196656, 0.263457, 0.910336, 0.319189, -0.286131, -0.242243, 0.927062),
      ["LeftLowerArm"] = CFrame.new(-0.000497, 0.085270, 0.170268, 1.000000, -0.000000, 0.000000, 0.000000, -0.764554, -0.644558, 0.000000, 0.644559, -0.764555),
      ["LeftLowerLeg"] = CFrame.new(0.000000, 0.055093, -0.010129, 1.000000, -0.000000, 0.000000, 0.000000, 0.896061, 0.443922, -0.000000, -0.443930, 0.896065),
      ["LeftUpperArm"] = CFrame.new(-0.053924, -0.497806, -0.417106, 0.470085, 0.847230, 0.247428, -0.795283, 0.528172, -0.297589, -0.382812, -0.056883, 0.922074),
      ["LeftUpperLeg"] = CFrame.new(0.000000, -0.000000, -0.000100, 0.678780, -0.307636, -0.666801, 0.414536, 0.910031, 0.002146, 0.606150, -0.277856, 0.745233),
      ["LowerTorso"] = CFrame.new(0.632778, -0.343611, -0.055815, 0.658615, -0.063604, 0.749787, -0.155447, 0.963428, 0.218273, -0.736249, -0.260310, 0.624641),
      ["RightFoot"] = CFrame.new(0.000000, 0.032964, -0.000101, 0.999457, -0.025219, -0.021234, 0.015654, 0.929891, -0.367518, 0.029010, 0.366969, 0.929774),
      ["RightHand"] = CFrame.new(-0.000483, 0.026427, 0.000000, 0.834392, 0.475824, -0.278179, -0.538676, 0.810856, -0.228785, 0.116700, 0.340742, 0.932885),
      ["RightLowerArm"] = CFrame.new(-0.000001, 0.117745, 0.118917, 1.000000, 0.000000, -0.000000, 0.000000, -0.230684, -0.973029, -0.000000, 0.973029, -0.230685),
      ["RightLowerLeg"] = CFrame.new(-0.000000, 0.125846, -0.100869, 1.000000, 0.000000, 0.000000, -0.000000, -0.044454, 0.999011, 0.000000, -0.999012, -0.044466),
      ["RightUpperArm"] = CFrame.new(0.034117, -0.493640, 0.146551, 0.588525, -0.707912, -0.390512, 0.641804, 0.115343, 0.758144, -0.491657, -0.696819, 0.522224),
      ["RightUpperLeg"] = CFrame.new(0.000000, 0.000000, -0.000000, 0.291715, -0.721762, -0.627680, -0.241689, 0.579290, -0.778453, 0.925467, 0.378791, -0.005448),
      ["UpperTorso"] = CFrame.new(0.000000, -0.000000, -0.000000, 0.918723, -0.016522, -0.394557, -0.015129, 0.996918, -0.076973, 0.394613, 0.076687, 0.915642),
    }},
    {Time = 0.217, Data = {
      ["Head"] = CFrame.new(0.000000, -0.000000, 0.000000, 0.931069, -0.049336, -0.361492, -0.003939, 0.989398, -0.145178, 0.364822, 0.136595, 0.921003),
      ["LeftFoot"] = CFrame.new(0.000000, 0.011676, -0.000003, 0.935839, 0.269598, 0.227006, -0.146515, 0.883399, -0.445150, -0.320530, 0.383306, 0.866204),
      ["LeftHand"] = CFrame.new(0.000481, 0.029178, 0.000000, 0.924893, -0.328122, 0.192119, 0.234501, 0.889981, 0.391083, -0.299303, -0.316654, 0.900080),
      ["LeftLowerArm"] = CFrame.new(-0.000497, 0.086674, 0.169133, 1.000000, -0.000000, 0.000000, 0.000000, -0.752758, -0.658296, 0.000000, 0.658297, -0.752759),
      ["LeftLowerLeg"] = CFrame.new(0.000000, 0.058168, -0.011446, 1.000000, -0.000000, -0.000000, 0.000000, 0.882667, 0.469991, -0.000000, -0.469998, 0.882671),
      ["LeftUpperArm"] = CFrame.new(-0.044795, -0.494078, -0.422224, 0.506598, 0.851404, 0.135901, -0.787198, 0.521051, -0.329887, -0.351679, 0.060139, 0.934187),
      ["LeftUpperLeg"] = CFrame.new(0.000000, -0.000000, -0.000100, 0.654101, -0.303177, -0.692995, 0.413542, 0.910450, -0.007962, 0.633352, -0.281361, 0.720898),
      ["LowerTorso"] = CFrame.new(0.601599, -0.354036, -0.073918, 0.643583, -0.069209, 0.762241, -0.154398, 0.963690, 0.217862, -0.749641, -0.257901, 0.609529),
      ["RightFoot"] = CFrame.new(-0.000000, 0.032649, -0.000101, 0.999546, -0.023053, -0.019410, 0.013367, 0.916431, -0.399987, 0.027005, 0.399527, 0.916315),
      ["RightHand"] = CFrame.new(-0.000483, 0.025666, 0.000001, 0.859608, 0.441151, -0.257801, -0.506659, 0.801218, -0.318351, 0.066113, 0.404272, 0.912245),
      ["RightLowerArm"] = CFrame.new(-0.000001, 0.120022, 0.101355, 1.000000, 0.000000, -0.000000, 0.000000, -0.048287, -0.998834, -0.000000, 0.998834, -0.048287),
      ["RightLowerLeg"] = CFrame.new(-0.000000, 0.125830, -0.096807, 1.000000, 0.000000, 0.000000, -0.000000, -0.002130, 0.999998, 0.000000, -0.999998, -0.002143),
      ["RightUpperArm"] = CFrame.new(0.016185, -0.447955, 0.181129, 0.600240, -0.728382, -0.330411, 0.596659, 0.132669, 0.791453, -0.532645, -0.672204, 0.514229),
      ["RightUpperLeg"] = CFrame.new(0.000000, -0.000000, 0.000000, 0.268554, -0.715734, -0.644690, -0.238803, 0.598897, -0.764378, 0.933194, 0.359232, -0.010077),
      ["UpperTorso"] = CFrame.new(-0.000000, 0.000000, 0.000000, 0.912272, -0.020173, -0.409088, -0.011088, 0.997204, -0.073901, 0.409435, 0.071954, 0.909497),
    }},
    {Time = 0.233, Data = {
      ["Head"] = CFrame.new(0.000000, -0.000000, -0.000000, 0.930656, -0.049926, -0.362472, -0.005901, 0.988470, -0.151299, 0.365847, 0.142946, 0.919632),
      ["LeftFoot"] = CFrame.new(0.000000, 0.012261, -0.000003, 0.931726, 0.277810, 0.233919, -0.133395, 0.860860, -0.491068, -0.337776, 0.426312, 0.839127),
      ["LeftHand"] = CFrame.new(0.000481, 0.028990, -0.000000, 0.934088, -0.308182, 0.180290, 0.202685, 0.873394, 0.442837, -0.293936, -0.377103, 0.878288),
      ["LeftLowerArm"] = CFrame.new(-0.000497, 0.089184, 0.166983, 1.000000, -0.000000, 0.000000, 0.000000, -0.730407, -0.683011, 0.000000, 0.683012, -0.730408),
      ["LeftLowerLeg"] = CFrame.new(-0.000000, 0.061382, -0.012924, 1.000000, -0.000000, -0.000000, 0.000000, 0.867617, 0.497228, -0.000000, -0.497234, 0.867620),
      ["LeftUpperArm"] = CFrame.new(-0.033118, -0.490962, -0.417425, 0.547423, 0.836649, 0.018637, -0.780421, 0.518420, -0.349548, -0.302112, 0.176806, 0.936733),
      ["LeftUpperLeg"] = CFrame.new(0.000000, -0.000000, -0.000100, 0.636280, -0.300551, -0.710510, 0.403184, 0.914753, -0.025870, 0.657717, -0.269992, 0.703212),
      ["LowerTorso"] = CFrame.new(0.574174, -0.359304, -0.087373, 0.633256, -0.080717, 0.769722, -0.152692, 0.961969, 0.226498, -0.758730, -0.260962, 0.596848),
      ["RightFoot"] = CFrame.new(0.000000, 0.032275, -0.000101, 0.999613, -0.021274, -0.017912, 0.011486, 0.902423, -0.430718, 0.025324, 0.430326, 0.902309),
      ["RightHand"] = CFrame.new(-0.000484, 0.024585, -0.000000, 0.878098, 0.413165, -0.241328, -0.477340, 0.791227, -0.382242, 0.033015, 0.450838, 0.891993),
      ["RightLowerArm"] = CFrame.new(-0.000001, 0.118601, 0.082664, 1.000000, 0.000000, 0.000000, 0.000000, 0.145844, -0.989308, -0.000000, 0.989308, 0.145844),
      ["RightLowerLeg"] = CFrame.new(-0.000000, 0.125508, -0.090704, 1.000000, 0.000000, 0.000000, -0.000000, 0.061337, 0.998118, 0.000000, -0.998117, 0.061323),
      ["RightUpperArm"] = CFrame.new(-0.001166, -0.407107, 0.208209, 0.610777, -0.749143, -0.256390, 0.560353, 0.180180, 0.808418, -0.559425, -0.637432, 0.529834),
      ["RightUpperLeg"] = CFrame.new(0.000000, -0.000000, -0.000000, 0.252382, -0.702128, -0.665839, -0.242426, 0.620270, -0.745971, 0.936767, 0.349688, -0.013663),
      ["UpperTorso"] = CFrame.new(-0.000000, -0.000000, -0.000000, 0.908275, -0.025958, -0.417567, -0.008316, 0.996756, -0.080053, 0.418291, 0.076182, 0.905113),
    }},
    {Time = 0.250, Data = {
      ["Head"] = CFrame.new(0.000000, 0.000000, 0.000000, 0.930073, -0.049971, -0.363960, -0.008283, 0.987602, -0.156761, 0.367281, 0.148814, 0.918128),
      ["LeftFoot"] = CFrame.new(-0.000000, 0.012866, -0.000003, 0.930026, 0.281124, 0.236709, -0.118156, 0.838626, -0.531761, -0.347982, 0.466557, 0.813142),
      ["LeftHand"] = CFrame.new(0.000481, 0.028751, 0.000000, 0.946448, -0.278728, 0.162934, 0.172883, 0.863743, 0.473352, -0.272668, -0.419831, 0.865673),
      ["LeftLowerArm"] = CFrame.new(-0.000498, 0.092460, 0.163929, 1.000000, -0.000000, 0.000000, 0.000000, -0.698657, -0.715456, 0.000000, 0.715457, -0.698658),
      ["LeftLowerLeg"] = CFrame.new(0.000000, 0.064670, -0.014549, 1.000000, -0.000000, -0.000000, 0.000000, 0.851054, 0.525075, -0.000000, -0.525079, 0.851056),
      ["LeftUpperArm"] = CFrame.new(-0.019586, -0.486363, -0.404262, 0.590947, 0.801136, -0.094674, -0.770878, 0.526208, -0.358960, -0.237758, 0.285108, 0.928539),
      ["LeftUpperLeg"] = CFrame.new(0.000000, -0.000000, -0.000100, 0.626770, -0.298961, -0.719575, 0.385035, 0.921677, -0.047535, 0.677427, -0.247254, 0.692786),
      ["LowerTorso"] = CFrame.new(0.549410, -0.360085, -0.097221, 0.627630, -0.095729, 0.772604, -0.150277, 0.958849, 0.240885, -0.763870, -0.267291, 0.587416),
      ["RightFoot"] = CFrame.new(-0.000000, 0.031702, -0.000102, 0.999655, -0.020103, -0.016927, 0.010113, 0.888780, -0.458244, 0.024253, 0.457893, 0.888665),
      ["RightHand"] = CFrame.new(-0.000485, 0.023125, -0.000000, 0.891058, 0.391985, -0.228833, -0.453769, 0.780973, -0.429159, 0.010489, 0.486239, 0.873761),
      ["RightLowerArm"] = CFrame.new(-0.000000, 0.112986, 0.063953, 1.000000, 0.000000, -0.000000, 0.000000, 0.340060, -0.940404, -0.000000, 0.940404, 0.340060),
      ["RightLowerLeg"] = CFrame.new(0.000000, 0.124491, -0.083159, 1.000000, 0.000000, 0.000000, -0.000000, 0.139817, 0.990180, 0.000000, -0.990177, 0.139802),
      ["RightUpperArm"] = CFrame.new(-0.017448, -0.372697, 0.228607, 0.619456, -0.764459, -0.178539, 0.535500, 0.245181, 0.808162, -0.574033, -0.596228, 0.561247),
      ["RightUpperLeg"] = CFrame.new(0.000000, -0.000000, -0.000000, 0.243008, -0.681650, -0.690161, -0.250269, 0.643326, -0.723515, 0.937183, 0.348548, -0.014256),
      ["UpperTorso"] = CFrame.new(0.000000, 0.000000, -0.000000, 0.906729, -0.033244, -0.420401, -0.006330, 0.995703, -0.092390, 0.421666, 0.086434, 0.902622),
    }},
    {Time = 0.267, Data = {
      ["Head"] = CFrame.new(-0.000000, 0.000000, -0.000000, 0.929305, -0.049427, -0.365992, -0.011005, 0.986858, -0.161218, 0.369150, 0.153848, 0.916547),
      ["LeftFoot"] = CFrame.new(0.000000, 0.013481, -0.000003, 0.931190, 0.278860, 0.234802, -0.101637, 0.817153, -0.567412, -0.350078, 0.504478, 0.789247),
      ["LeftHand"] = CFrame.new(0.000481, 0.028495, 0.000000, 0.960073, -0.241556, 0.141105, 0.146207, 0.863291, 0.483068, -0.238500, -0.443147, 0.864138),
      ["LeftLowerArm"] = CFrame.new(-0.000498, 0.096135, 0.160094, 1.000000, -0.000000, 0.000000, -0.000000, -0.658759, -0.752353, 0.000000, 0.752354, -0.658761),
