return {
local Animations = {

  ["poodle afk animating"] = {

    {Time = 0.000, Data = {

      ["Head"] = CFrame.new(0.000000, -0.000000, 0.000000, 0.774046, 0.124774, 0.620713, -0.307968, 0.930790, 0.196940, -0.553181, -0.343600, 0.758900),

      ["LeftFoot"] = CFrame.new(-0.000000, 0.022339, -0.000002, 0.996677, -0.062308, -0.052464, 0.075754, 0.945748, 0.315963, 0.029929, -0.318872, 0.947320),

      ["LeftHand"] = CFrame.new(0.000484, 0.023435, -0.000000, 0.997162, -0.065236, 0.037584, 0.065350, 0.997861, -0.001808, -0.037385, 0.004260, 0.999292),

      ["LeftLowerArm"] = CFrame.new(-0.000500, 0.113663, 0.065776, 1.000000, -0.000000, -0.000000, 0.000000, 0.321125, -0.947037, 0.000000, 0.947037, 0.321125),

      ["LeftLowerLeg"] = CFrame.new(0.000000, 0.096095, -0.034212, 1.000000, -0.000000, -0.000000, 0.000000, 0.647817, 0.761801, -0.000000, -0.761796, 0.647811),

      ["LeftUpperArm"] = CFrame.new(-0.207013, 0.296680, -0.507168, 0.263020, -0.343475, -0.901580, 0.124389, -0.914610, 0.384727, -0.956738, -0.213338, -0.197836),

      ["LeftUpperLeg"] = CFrame.new(-0.000000, -0.000000, -0.000100, 0.947318, 0.213160, -0.239062, -0.318682, 0.702121, -0.636748, 0.032121, 0.679403, 0.733077),

      ["LowerTorso"] = CFrame.new(0.000000, 1.909177, 0.020913, 0.972832, -0.089037, 0.213708, 0.231096, 0.428877, -0.873304, -0.013898, 0.898965, 0.437801),

      ["RightFoot"] = CFrame.new(0.000000, 0.032589, -0.000101, 0.984608, -0.133698, -0.112574, 0.173724, 0.819255, 0.546512, 0.019159, -0.557626, 0.829850),

      ["RightHand"] = CFrame.new(-0.000485, 0.022426, 0.000000, 0.998631, -0.044940, 0.026765, 0.048432, 0.987702, -0.148656, -0.019755, 0.149748, 0.988527),

      ["RightLowerArm"] = CFrame.new(0.000000, 0.109562, 0.056738, 1.000000, 0.000000, 0.000000, -0.000000, 0.414885, -0.909874, -0.000000, 0.909874, 0.414885),

      ["RightLowerLeg"] = CFrame.new(0.000000, 0.125805, -0.095830, 1.000000, 0.000000, 0.000000, -0.000000, 0.008026, 0.999968, 0.000000, -0.999968, 0.008013),

      ["RightUpperArm"] = CFrame.new(0.455558, 0.223570, -0.293848, -0.209854, 0.237555, 0.948435, -0.423675, -0.896327, 0.130760, 0.881170, -0.374387, 0.288744),

      ["RightUpperLeg"] = CFrame.new(0.000000, 0.000000, -0.000000, 0.919447, -0.190773, -0.343841, 0.042869, 0.917843, -0.394599, 0.390871, 0.348094, 0.852094),

      ["UpperTorso"] = CFrame.new(0.000000, 0.000000, -0.000000, 0.994912, -0.093635, -0.037194, 0.079988, 0.958543, -0.273489, 0.061260, 0.269122, 0.961156),

    }},

    {Time = 0.017, Data = {

      ["Head"] = CFrame.new(-0.000000, -0.000000, 0.000001, 0.773746, 0.124143, 0.621213, -0.307255, 0.931092, 0.196629, -0.553996, -0.343011, 0.758572),

      ["LeftFoot"] = CFrame.new(-0.000000, 0.022359, -0.000003, 0.996744, -0.061681, -0.051936, 0.075027, 0.945417, 0.317124, 0.029540, -0.319971, 0.946961),

      ["LeftHand"] = CFrame.new(0.000485, 0.022973, -0.000000, 0.997368, -0.062844, 0.036162, 0.063043, 0.998001, -0.004388, -0.035814, 0.006657, 0.999336),

      ["LeftLowerArm"] = CFrame.new(-0.000499, 0.111900, 0.061774, 1.000000, -0.000000, -0.000000, 0.000000, 0.362687, -0.931911, 0.000000, 0.931911, 0.362687),

      ["LeftLowerLeg"] = CFrame.new(-0.000000, 0.096156, -0.034264, 1.000000, -0.000000, -0.000000, 0.000000, 0.647276, 0.762261, -0.000000, -0.762256, 0.647270),

      ["LeftUpperArm"] = CFrame.new(-0.206156, 0.294280, -0.507372, 0.264314, -0.383266, -0.885012, 0.118980, -0.897678, 0.424286, -0.957070, -0.217443, -0.191667),

      ["LeftUpperLeg"] = CFrame.new(0.000000, 0.000000, -0.000100, 0.947071, 0.211805, -0.241232, -0.319123, 0.702812, -0.635764, 0.034882, 0.679112, 0.733220),

      ["LowerTorso"] = CFrame.new(0.000323, 1.882434, 0.023267, 0.972366, -0.088270, 0.216131, 0.233082, 0.419866, -0.877146, -0.013320, 0.903284, 0.428837),

      ["RightFoot"] = CFrame.new(-0.000000, 0.032618, -0.000101, 0.984916, -0.132364, -0.111451, 0.172072, 0.817062, 0.550305, 0.018222, -0.561150, 0.827492),

      ["RightHand"] = CFrame.new(-0.000485, 0.021780, -0.000000, 0.998967, -0.039012, 0.023321, 0.042368, 0.985044, -0.167012, -0.016457, 0.167827, 0.985679),

      ["RightLowerArm"] = CFrame.new(-0.000000, 0.106862, 0.052193, 1.000000, 0.000000, 0.000000, -0.000000, 0.462089, -0.886834, -0.000000, 0.886834, 0.462089),

      ["RightLowerLeg"] = CFrame.new(0.000000, 0.125818, -0.096302, 1.000000, 0.000000, 0.000000, -0.000000, 0.003116, 0.999995, 0.000000, -0.999995, 0.003103),

      ["RightUpperArm"] = CFrame.new(0.451735, 0.222287, -0.295126, -0.202596, 0.274710, 0.939941, -0.421077, -0.891017, 0.169652, 0.884109, -0.361417, 0.296191),

      ["RightUpperLeg"] = CFrame.new(0.000000, 0.000000, -0.000000, 0.919265, -0.194578, -0.342191, 0.045966, 0.916402, -0.397589, 0.390947, 0.349782, 0.851368),

      ["UpperTorso"] = CFrame.new(0.000089, 0.000090, -0.000369, 0.995036, -0.092673, -0.036273, 0.079478, 0.959347, -0.270808, 0.059895, 0.266581, 0.961950),

    }},

    {Time = 0.033, Data = {

      ["Head"] = CFrame.new(0.000000, -0.000000, -0.000000, 0.773466, 0.123503, 0.621689, -0.306521, 0.931397, 0.196326, -0.554792, -0.342412, 0.758261),

      ["LeftFoot"] = CFrame.new(0.000000, 0.022412, -0.000003, 0.996797, -0.061175, -0.051510, 0.074435, 0.945204, 0.317899, 0.029239, -0.320698, 0.946724),

      ["LeftHand"] = CFrame.new(0.000485, 0.022652, 0.000000, 0.997611, -0.059895, 0.034418, 0.060222, 0.998148, -0.008542, -0.033842, 0.010595, 0.999371),

      ["LeftLowerArm"] = CFrame.new(-0.000499, 0.110081, 0.057915, 1.000000, -0.000000, -0.000000, 0.000000, 0.402667, -0.915347, 0.000000, 0.915347, 0.402667),

      ["LeftLowerLeg"] = CFrame.new(-0.000000, 0.096316, -0.034399, 1.000000, -0.000000, -0.000000, 0.000000, 0.645870, 0.763452, -0.000000, -0.763447, 0.645865),

      ["LeftUpperArm"] = CFrame.new(-0.205675, 0.291790, -0.507671, 0.264863, -0.420085, -0.867973, 0.113401, -0.880304, 0.460657, -0.957595, -0.220440, -0.185522),

      ["LeftUpperLeg"] = CFrame.new(-0.000000, -0.000000, -0.000100, 0.946783, 0.210427, -0.243559, -0.319671, 0.703113, -0.635156, 0.037595, 0.679229, 0.732977),

      ["LowerTorso"] = CFrame.new(0.000601, 1.856219, 0.025276, 0.971915, -0.087509, 0.218458, 0.234989, 0.411088, -0.880788, -0.012729, 0.907386, 0.420106),

      ["RightFoot"] = CFrame.new(0.000000, 0.032646, -0.000101, 0.985277, -0.130784, -0.110121, 0.170097, 0.814810, 0.554243, 0.017241, -0.564783, 0.825038),

      ["RightHand"] = CFrame.new(-0.000487, 0.021159, 0.000000, 0.999197, -0.034357, 0.020619, 0.037584, 0.982015, -0.185027, -0.013892, 0.185652, 0.982517),

      ["RightLowerArm"] = CFrame.new(0.000001, 0.104007, 0.047887, 1.000000, 0.000000, 0.000000, 0.000000, 0.506745, -0.862096, -0.000000, 0.862096, 0.506746),

      ["RightLowerLeg"] = CFrame.new(0.000000, 0.125829, -0.096759, 1.000000, 0.000000, 0.000000, -0.000000, -0.001632, 0.999999, 0.000000, -0.999999, -0.001645),

      ["RightUpperArm"] = CFrame.new(0.448587, 0.220682, -0.296373, -0.196683, 0.309875, 0.930212, -0.417836, -0.884769, 0.206390, 0.886977, -0.348083, 0.303496),

      ["RightUpperLeg"] = CFrame.new(0.000000, 0.000000, -0.000000, 0.919224, -0.198330, -0.340139, 0.049165, 0.914924, -0.400598, 0.390653, 0.351538, 0.850780),

      ["UpperTorso"] = CFrame.new(0.000179, 0.000180, -0.000741, 0.995160, -0.091698, -0.035339, 0.078952, 0.960154, -0.268088, 0.058514, 0.264000, 0.962746),

    }},

    {Time = 0.050, Data = {

      ["Head"] = CFrame.new(-0.000000, 0.000000, 0.000000, 0.773207, 0.122852, 0.622140, -0.305768, 0.931707, 0.196033, -0.555569, -0.341805, 0.757966),

      ["LeftFoot"] = CFrame.new(0.000000, 0.022498, -0.000003, 0.996837, -0.060790, -0.051186, 0.073978, 0.945102, 0.318307, 0.029025, -0.321071, 0.946605),

      ["LeftHand"] = CFrame.new(0.000485, 0.022183, 0.000000, 0.997880, -0.056445, 0.032383, 0.056907, 0.998288, -0.013523, -0.031564, 0.015338, 0.999384),

      ["LeftLowerArm"] = CFrame.new(-0.000500, 0.108061, 0.054315, 1.000000, -0.000000, -0.000000, 0.000000, 0.440058, -0.897969, 0.000000, 0.897969, 0.440059),

      ["LeftLowerLeg"] = CFrame.new(-0.000000, 0.096571, -0.034617, 1.000000, -0.000000, -0.000000, 0.000000, 0.643615, 0.765354, -0.000000, -0.765349, 0.643609),

      ["LeftUpperArm"] = CFrame.new(-0.205541, 0.289226, -0.508057, 0.264725, -0.453721, -0.850916, 0.107683, -0.862969, 0.493648, -0.958293, -0.222310, -0.179592),

      ["LeftUpperLeg"] = CFrame.new(0.000000, -0.000000, -0.000100, 0.946453, 0.209022, -0.246039, -0.320323, 0.703026, -0.634924, 0.040257, 0.679753, 0.732350),

      ["LowerTorso"] = CFrame.new(0.000836, 1.830541, 0.026953, 0.971478, -0.086754, 0.220690, 0.236819, 0.402544, -0.884237, -0.012127, 0.911280, 0.411608),

      ["RightFoot"] = CFrame.new(0.000000, 0.032673, -0.000101, 0.985688, -0.128959, -0.108584, 0.167800, 0.812504, 0.558314, 0.016225, -0.568512, 0.822493),

      ["RightHand"] = CFrame.new(-0.000487, 0.020330, 0.000000, 0.999352, -0.030828, 0.018574, 0.033950, 0.978760, -0.202180, -0.011947, 0.202678, 0.979172),

      ["RightLowerArm"] = CFrame.new(0.000001, 0.100890, 0.043915, 1.000000, 0.000000, 0.000000, -0.000000, 0.548019, -0.836466, -0.000000, 0.836466, 0.548019),

      ["RightLowerLeg"] = CFrame.new(0.000000, 0.125837, -0.097200, 1.000000, 0.000000, 0.000000, -0.000000, -0.006223, 0.999981, 0.000000, -0.999981, -0.006235),

      ["RightUpperArm"] = CFrame.new(0.446049, 0.218813, -0.297585, -0.191982, 0.342665, 0.919632, -0.414070, -0.877855, 0.240657, 0.889769, -0.334591, 0.310420),

      ["RightUpperLeg"] = CFrame.new(0.000000, -0.000000, -0.000000, 0.919324, -0.202018, -0.337690, 0.052457, 0.913415, -0.403614, 0.389989, 0.353359, 0.850330),

      ["UpperTorso"] = CFrame.new(0.000270, 0.000271, -0.001118, 0.995283, -0.090709, -0.034393, 0.078412, 0.960964, -0.265330, 0.057118, 0.261382, 0.963544),

    }},

    {Time = 0.067, Data = {

      ["Head"] = CFrame.new(-0.000000, -0.000000, 0.000000, 0.772967, 0.122192, 0.622568, -0.304996, 0.932019, 0.195748, -0.556327, -0.341188, 0.757689),

      ["LeftFoot"] = CFrame.new(-0.000000, 0.022614, -0.000002, 0.996865, -0.060525, -0.050962, 0.073656, 0.945107, 0.318368, 0.028895, -0.321107, 0.946596),

      ["LeftHand"] = CFrame.new(0.000486, 0.021701, -0.000000, 0.998166, -0.052535, 0.030081, 0.053126, 0.998403, -0.019199, -0.029024, 0.020762, 0.999363),

      ["LeftLowerArm"] = CFrame.new(-0.000499, 0.105964, 0.050943, 1.000000, -0.000000, -0.000000, 0.000000, 0.475053, -0.879957, 0.000000, 0.879957, 0.475053),

      ["LeftLowerLeg"] = CFrame.new(0.000000, 0.096918, -0.034913, 1.000000, -0.000000, -0.000000, 0.000000, 0.640526, 0.767941, -0.000000, -0.767936, 0.640520),

      ["LeftUpperArm"] = CFrame.new(-0.205731, 0.286598, -0.508518, 0.263948, -0.484534, -0.834002, 0.101849, -0.845830, 0.523640, -0.959145, -0.223156, -0.173905),

      ["LeftUpperLeg"] = CFrame.new(-0.000000, -0.000000, -0.000099, 0.946082, 0.207587, -0.248667, -0.321079, 0.702552, -0.635066, 0.042870, 0.680682, 0.731338),

      ["LowerTorso"] = CFrame.new(0.001028, 1.805409, 0.028311, 0.971056, -0.086007, 0.222829, 0.238573, 0.394233, -0.887504, -0.011515, 0.914977, 0.403342),

      ["RightFoot"] = CFrame.new(-0.000000, 0.032698, -0.000101, 0.986147, -0.126887, -0.106840, 0.165179, 0.810148, 0.562504, 0.015181, -0.572328, 0.819862),

      ["RightHand"] = CFrame.new(-0.000487, 0.019632, -0.000000, 0.999453, -0.028307, 0.017117, 0.031370, 0.975248, -0.218880, -0.010498, 0.219296, 0.975602),

      ["RightLowerArm"] = CFrame.new(0.000000, 0.097742, 0.040173, 1.000000, 0.000000, 0.000000, -0.000000, 0.586808, -0.809726, -0.000000, 0.809726, 0.586809),

      ["RightLowerLeg"] = CFrame.new(-0.000000, 0.125842, -0.097627, 1.000000, 0.000000, 0.000000, -0.000000, -0.010656, 0.999943, 0.000000, -0.999943, -0.010669),

      ["RightUpperArm"] = CFrame.new(0.444066, 0.216730, -0.298758, -0.188384, 0.373662, 0.908234, -0.409875, -0.870315, 0.273046, 0.892476, -0.320825, 0.317108),

      ["RightUpperLeg"] = CFrame.new(-0.000000, -0.000000, 0.000001, 0.919563, -0.205628, -0.334851, 0.055836, 0.911879, -0.406623, 0.388957, 0.355239, 0.850019),

      ["UpperTorso"] = CFrame.new(0.000362, 0.000364, -0.001497, 0.995407, -0.089707, -0.033434, 0.077858, 0.961776, -0.262536, 0.055707, 0.258727, 0.964343),

    }},

    {Time = 0.083, Data = {

      ["Head"] = CFrame.new(-0.000000, 0.000000, 0.000000, 0.772747, 0.121522, 0.622973, -0.304205, 0.932336, 0.195472, -0.557065, -0.340562, 0.757427),

      ["LeftFoot"] = CFrame.new(-0.000000, 0.022762, -0.000002, 0.996880, -0.060379, -0.050839, 0.073470, 0.945211, 0.318103, 0.028846, -0.320829, 0.946692),

      ["LeftHand"] = CFrame.new(0.000486, 0.021246, 0.000000, 0.998458, -0.048204, 0.027535, 0.048905, 0.998482, -0.025349, -0.026271, 0.026657, 0.999299),

      ["LeftLowerArm"] = CFrame.new(-0.000500, 0.103847, 0.047801, 1.000000, -0.000000, -0.000000, 0.000000, 0.507642, -0.861568, 0.000000, 0.861568, 0.507642),

      ["LeftLowerLeg"] = CFrame.new(-0.000000, 0.097354, -0.035288, 1.000000, -0.000000, -0.000000, 0.000000, 0.636625, 0.771179, -0.000000, -0.771173, 0.636618),

      ["LeftUpperArm"] = CFrame.new(-0.206223, 0.283919, -0.509047, 0.262572, -0.512752, -0.817400, 0.095922, -0.829056, 0.550876, -0.960133, -0.223052, -0.168503),

      ["LeftUpperLeg"] = CFrame.new(0.000000, -0.000000, -0.000100, 0.945670, 0.206119, -0.251441, -0.321940, 0.701699, -0.635573, 0.045431, 0.682007, 0.729948),

      ["LowerTorso"] = CFrame.new(0.001178, 1.780831, 0.029362, 0.970649, -0.085270, 0.224877, 0.240254, 0.386156, -0.890596, -0.010896, 0.918484, 0.395308),

      ["RightFoot"] = CFrame.new(-0.000000, 0.032725, -0.000101, 0.986651, -0.124572, -0.104890, 0.162234, 0.807745, 0.566801, 0.014117, -0.576221, 0.817150),

      ["RightHand"] = CFrame.new(-0.000487, 0.018894, 0.000001, 0.999513, -0.026689, 0.016186, 0.029745, 0.971602, -0.234747, -0.009461, 0.235113, 0.971922),

      ["RightLowerArm"] = CFrame.new(0.000001, 0.094510, 0.036722, 1.000000, 0.000000, 0.000000, -0.000000, 0.622563, -0.782569, -0.000000, 0.782570, 0.622563),

      ["RightLowerLeg"] = CFrame.new(-0.000000, 0.125847, -0.098037, 1.000000, 0.000000, 0.000000, -0.000000, -0.014934, 0.999888, 0.000000, -0.999889, -0.014946),

      ["RightUpperArm"] = CFrame.new(0.442587, 0.214473, -0.299887, -0.185788, 0.402592, 0.896328, -0.405331, -0.862380, 0.303328, 0.895092, -0.306955, 0.323403),

      ["RightUpperLeg"] = CFrame.new(0.000000, -0.000000, 0.000000, 0.919937, -0.209147, -0.331627, 0.059296, 0.910321, -0.409612, 0.387557, 0.357174, 0.849848),

      ["UpperTorso"] = CFrame.new(0.000455, 0.000457, -0.001880, 0.995530, -0.088694, -0.032464, 0.077290, 0.962589, -0.259707, 0.054283, 0.256037, 0.965142),

    }},

    {Time = 0.100, Data = {

      ["Head"] = CFrame.new(0.000000, -0.000000, -0.000000, 0.772545, 0.120844, 0.623354, -0.303396, 0.932655, 0.195205, -0.557785, -0.339928, 0.757182),

      ["LeftFoot"] = CFrame.new(-0.000000, 0.022938, -0.000002, 0.996883, -0.060351, -0.050816, 0.073419, 0.945407, 0.317531, 0.028877, -0.320255, 0.946885),

      ["LeftHand"] = CFrame.new(0.000486, 0.020681, 0.000000, 0.998747, -0.043482, 0.024762, 0.044253, 0.998524, -0.031495, -0.023355, 0.032552, 0.999197),

      ["LeftLowerArm"] = CFrame.new(-0.000499, 0.101654, 0.044943, 1.000000, -0.000000, -0.000000, 0.000000, 0.537325, -0.843375, 0.000000, 0.843375, 0.537326),

      ["LeftLowerLeg"] = CFrame.new(0.000000, 0.097874, -0.035740, 1.000000, -0.000000, -0.000000, 0.000000, 0.631927, 0.775034, -0.000000, -0.775028, 0.631920),

      ["LeftUpperArm"] = CFrame.new(-0.207002, 0.281195, -0.509636, 0.260631, -0.538322, -0.801425, 0.089917, -0.812971, 0.575320, -0.961242, -0.222008, -0.163481),

      ["LeftUpperLeg"] = CFrame.new(-0.000000, -0.000000, -0.000100, 0.945217, 0.204614, -0.254354, -0.322903, 0.700472, -0.636438, 0.047943, 0.683719, 0.728183),

      ["LowerTorso"] = CFrame.new(0.001287, 1.756816, 0.030119, 0.970256, -0.084546, 0.226836, 0.241862, 0.378310, -0.893524, -0.010271, 0.921810, 0.387506),

      ["RightFoot"] = CFrame.new(0.000000, 0.032748, -0.000101, 0.987198, -0.122012, -0.102735, 0.158968, 0.805298, 0.571192, 0.013040, -0.580180, 0.814362),

      ["RightHand"] = CFrame.new(-0.000488, 0.017925, -0.000000, 0.999541, -0.025887, 0.015732, 0.028994, 0.967999, -0.249276, -0.008775, 0.249616, 0.968305),

      ["RightLowerArm"] = CFrame.new(0.000000, 0.091124, 0.033636, 1.000000, 0.000000, 0.000000, -0.000000, 0.654633, -0.755946, -0.000000, 0.755947, 0.654634),

      ["RightLowerLeg"] = CFrame.new(-0.000000, 0.125849, -0.098433, 1.000000, 0.000000, 0.000000, -0.000000, -0.019058, 0.999818, 0.000000, -0.999818, -0.019071),

      ["RightUpperArm"] = CFrame.new(0.441569, 0.212072, -0.300971, -0.184108, 0.429085, 0.884302, -0.400503, -0.854356, 0.331171, 0.897609, -0.293194, 0.329143),

      ["RightUpperLeg"] = CFrame.new(0.000000, -0.000000, -0.000000, 0.920444, -0.212565, -0.328026, 0.062828, 0.908746, -0.412571, 0.385791, 0.359160, 0.849814),

      ["UpperTorso"] = CFrame.new(0.000548, 0.000551, -0.002267, 0.995652, -0.087669, -0.031482, 0.076708, 0.963404, -0.256845, 0.052847, 0.253313, 0.965940),

    }},

    {Time = 0.117, Data = {

      ["Head"] = CFrame.new(-0.000000, 0.000000, -0.000000, 0.772362, 0.120157, 0.623714, -0.302570, 0.932978, 0.194946, -0.558487, -0.339286, 0.756953),

      ["LeftFoot"] = CFrame.new(0.000000, 0.023144, -0.000002, 0.996874, -0.060441, -0.050892, 0.073503, 0.945688, 0.316673, 0.028987, -0.319407, 0.947169),

      ["LeftHand"] = CFrame.new(0.000487, 0.020125, 0.000000, 0.999026, -0.038393, 0.021776, 0.039193, 0.998524, -0.037602, -0.020300, 0.038419, 0.999056),

      ["LeftLowerArm"] = CFrame.new(-0.000500, 0.099486, 0.042336, 1.000000, -0.000000, -0.000000, 0.000000, 0.564400, -0.825501, 0.000000, 0.825502, 0.564400),

      ["LeftLowerLeg"] = CFrame.new(-0.000000, 0.098474, -0.036266, 1.000000, -0.000000, -0.000000, 0.000000, 0.626452, 0.779466, -0.000000, -0.779460, 0.626445),

      ["LeftUpperArm"] = CFrame.new(-0.208053, 0.278433, -0.510277, 0.258151, -0.561561, -0.786135, 0.083846, -0.797623, 0.597300, -0.962459, -0.220108, -0.158823),

      ["LeftUpperLeg"] = CFrame.new(0.000000, -0.000000, -0.000100, 0.944724, 0.203072, -0.257404, -0.323970, 0.698876, -0.637649, 0.050404, 0.685809, 0.726049),

      ["LowerTorso"] = CFrame.new(0.001355, 1.733371, 0.030594, 0.969878, -0.083834, 0.228709, 0.243399, 0.370696, -0.896293, -0.009641, 0.924963, 0.379935),

      ["RightFoot"] = CFrame.new(-0.000000, 0.032772, -0.000101, 0.987783, -0.119210, -0.100375, 0.155378, 0.802812, 0.575662, 0.011958, -0.584194, 0.811504),

      ["RightHand"] = CFrame.new(-0.000489, 0.017021, -0.000000, 0.999543, -0.025828, 0.015710, 0.029052, 0.964379, -0.262926, -0.008359, 0.263261, 0.964688),

      ["RightLowerArm"] = CFrame.new(0.000001, 0.087801, 0.030805, 1.000000, 0.000000, 0.000000, 0.000000, 0.683976, -0.729505, -0.000000, 0.729505, 0.683976),

      ["RightLowerLeg"] = CFrame.new(0.000000, 0.125849, -0.098815, 1.000000, 0.000000, 0.000000, -0.000000, -0.023030, 0.999735, 0.000000, -0.999735, -0.023043),

      ["RightUpperArm"] = CFrame.new(0.440976, 0.209556, -0.302006, -0.183271, 0.453710, 0.872100, -0.395442, -0.846213, 0.357140, 0.900021, -0.279412, 0.334502),

      ["RightUpperLeg"] = CFrame.new(0.000000, -0.000000, -0.000000, 0.921082, -0.215870, -0.324055, 0.066427, 0.907161, -0.415485, 0.383661, 0.361191, 0.849918),

      ["UpperTorso"] = CFrame.new(0.000643, 0.000645, -0.002656, 0.995774, -0.086634, -0.030489, 0.076113, 0.964218, -0.253951, 0.051398, 0.250557, 0.966736),

    }},

    {Time = 0.133, Data = {

      ["Head"] = CFrame.new(0.000000, 0.000000, 0.000000, 0.772198, 0.119462, 0.624051, -0.301728, 0.933303, 0.194695, -0.559170, -0.338637, 0.756739),

      ["LeftFoot"] = CFrame.new(0.000000, 0.023377, -0.000002, 0.996852, -0.060649, -0.051067, 0.073721, 0.946047, 0.315549, 0.029173, -0.318304, 0.947534),

      ["LeftHand"] = CFrame.new(0.000487, 0.019689, 0.000000, 0.999284, -0.032959, 0.018590, 0.033745, 0.998475, -0.043693, -0.017121, 0.044289, 0.998872),

      ["LeftLowerArm"] = CFrame.new(-0.000500, 0.097440, 0.039942, 1.000000, -0.000000, -0.000000, 0.000000, 0.589207, -0.807982, 0.000000, 0.807982, 0.589207),

      ["LeftLowerLeg"] = CFrame.new(0.000000, 0.099148, -0.036864, 1.000000, -0.000000, -0.000000, 0.000000, 0.620221, 0.784433, -0.000000, -0.784427, 0.620214),

      ["LeftUpperArm"] = CFrame.new(-0.209364, 0.275638, -0.510966, 0.255159, -0.582773, -0.771537, 0.077719, -0.783006, 0.617139, -0.963771, -0.217432, -0.154498),

      ["LeftUpperLeg"] = CFrame.new(0.000000, -0.000000, -0.000100, 0.944190, 0.201491, -0.260585, -0.325139, 0.696920, -0.639192, 0.052815, 0.688261, 0.723553),

      ["LowerTorso"] = CFrame.new(0.001384, 1.710504, 0.030797, 0.969515, -0.083137, 0.230497, 0.244866, 0.363311, -0.898914, -0.009009, 0.927951, 0.372593),

      ["RightFoot"] = CFrame.new(0.000000, 0.032794, -0.000101, 0.988402, -0.116165, -0.097812, 0.151468, 0.800290, 0.580198, 0.010879, -0.588253, 0.808581),

      ["RightHand"] = CFrame.new(-0.000489, 0.016094, 0.000001, 0.999521, -0.026445, 0.016082, 0.029854, 0.960866, -0.275403, -0.008170, 0.275750, 0.961194),

      ["RightLowerArm"] = CFrame.new(-0.000001, 0.084509, 0.028265, 1.000000, 0.000000, 0.000000, -0.000000, 0.710319, -0.703879, -0.000000, 0.703880, 0.710319),

      ["RightLowerLeg"] = CFrame.new(0.000000, 0.125848, -0.099182, 1.000000, 0.000000, 0.000000, -0.000000, -0.026850, 0.999639, 0.000000, -0.999640, -0.026863),

      ["RightUpperArm"] = CFrame.new(0.440774, 0.206945, -0.302988, -0.183209, 0.476305, 0.859982, -0.390195, -0.838162, 0.381094, 0.902321, -0.265741, 0.339410),

      ["RightUpperLeg"] = CFrame.new(-0.000000, -0.000000, 0.000000, 0.921846, -0.219049, -0.319720, 0.070086, 0.905572, -0.418342, 0.381167, 0.363260, 0.850158),

      ["UpperTorso"] = CFrame.new(0.000737, 0.000741, -0.003049, 0.995894, -0.085589, -0.029485, 0.075504, 0.965031, -0.251027, 0.049939, 0.247770, 0.967531),

    }},

    {Time = 0.150, Data = {

      ["Head"] = CFrame.new(-0.000000, 0.000000, -0.000000, 0.772051, 0.118759, 0.624367, -0.300869, 0.933631, 0.194452, -0.559835, -0.337980, 0.756541),

      ["LeftFoot"] = CFrame.new(-0.000000, 0.023637, -0.000003, 0.996818, -0.060972, -0.051339, 0.074073, 0.946475, 0.314180, 0.029434, -0.316967, 0.947974),

      ["LeftHand"] = CFrame.new(0.000488, 0.019292, 0.000000, 0.999514, -0.027195, 0.015212, 0.027917, 0.998385, -0.049473, -0.013841, 0.049874, 0.998660),

      ["LeftLowerArm"] = CFrame.new(-0.000500, 0.095496, 0.037786, 1.000000, -0.000000, -0.000000, 0.000000, 0.611515, -0.791233, 0.000000, 0.791233, 0.611515),

      ["LeftLowerLeg"] = CFrame.new(0.000000, 0.099891, -0.037533, 1.000000, -0.000000, -0.000000, 0.000000, 0.613256, 0.789890, -0.000000, -0.789885, 0.613248),

      ["LeftUpperArm"] = CFrame.new(-0.210927, 0.272815, -0.511696, 0.251671, -0.601959, -0.757830, 0.071545, -0.769320, 0.634845, -0.965165, -0.213992, -0.150548),

      ["LeftUpperLeg"] = CFrame.new(-0.000000, -0.000000, -0.000100, 0.943616, 0.199868, -0.263892, -0.326411, 0.694613, -0.641053, 0.055176, 0.691061, 0.720703),

      ["LowerTorso"] = CFrame.new(0.001375, 1.688222, 0.030743, 0.969166, -0.082455, 0.232202, 0.246265, 0.356156, -0.901392, -0.008375, 0.930782, 0.365480),

      ["RightFoot"] = CFrame.new(-0.000000, 0.032816, -0.000101, 0.989053, -0.112880, -0.095046, 0.147237, 0.797735, 0.584786, 0.009811, -0.592348, 0.805600),

      ["RightHand"] = CFrame.new(-0.000490, 0.015163, 0.000000, 0.999475, -0.027684, 0.016817, 0.031346, 0.957516, -0.286674, -0.008166, 0.287049, 0.957881),

      ["RightLowerArm"] = CFrame.new(0.000000, 0.081311, 0.025999, 1.000000, 0.000000, 0.000000, 0.000000, 0.733807, -0.679358, -0.000000, 0.679358, 0.733807),

      ["RightLowerLeg"] = CFrame.new(0.000000, 0.125846, -0.099534, 1.000000, 0.000000, 0.000000, -0.000000, -0.030519, 0.999534, 0.000000, -0.999534, -0.030531),

      ["RightUpperArm"] = CFrame.new(0.440933, 0.204260, -0.303914, -0.183864, 0.496927, 0.848091, -0.384797, -0.830328, 0.403096, 0.904503, -0.252228, 0.343884),

      ["RightUpperLeg"] = CFrame.new(0.000000, -0.000000, 0.000000, 0.922732, -0.222093, -0.315030, 0.073799, 0.903984, -0.421128, 0.378312, 0.365360, 0.850533),

      ["UpperTorso"] = CFrame.new(0.000833, 0.000836, -0.003443, 0.996014, -0.084534, -0.028471, 0.074883, 0.965843, -0.248073, 0.048469, 0.244952, 0.968323),

    }},

    {Time = 0.167, Data = {

      ["Head"] = CFrame.new(0.000000, -0.000000, -0.000000, 0.771921, 0.118048, 0.624662, -0.299995, 0.933961, 0.194218, -0.560482, -0.337316, 0.756358),

      ["LeftFoot"] = CFrame.new(-0.000000, 0.023922, -0.000003, 0.996772, -0.061411, -0.051709, 0.074557, 0.946963, 0.312590, 0.029769, -0.315419, 0.948480),

      ["LeftHand"] = CFrame.new(0.000488, 0.018748, -0.000000, 0.999709, -0.021118, 0.011652, 0.021723, 0.998281, -0.054438, -0.010482, 0.054676, 0.998449),

      ["LeftLowerArm"] = CFrame.new(-0.000500, 0.093567, 0.035934, 1.000000, -0.000000, -0.000000, 0.000000, 0.630768, -0.775971, 0.000000, 0.775971, 0.630769),

      ["LeftLowerLeg"] = CFrame.new(0.000000, 0.100698, -0.038269, 1.000000, -0.000000, -0.000000, 0.000000, 0.605580, 0.795790, -0.000000, -0.795785, 0.605572),

      ["LeftUpperArm"] = CFrame.new(-0.212730, 0.269967, -0.512460, 0.247708, -0.618938, -0.745357, 0.065331, -0.756911, 0.650244, -0.966630, -0.209765, -0.147057),

      ["LeftUpperLeg"] = CFrame.new(0.000000, -0.000000, -0.000100, 0.943002, 0.198204, -0.267321, -0.327785, 0.691963, -0.643214, 0.057488, 0.694192, 0.717506),

      ["LowerTorso"] = CFrame.new(0.001328, 1.666531, 0.030441, 0.968832, -0.081791, 0.233826, 0.247597, 0.349228, -0.903734, -0.007741, 0.933461, 0.358594),

      ["RightFoot"] = CFrame.new(0.000000, 0.032853, -0.000101, 0.989729, -0.109357, -0.092079, 0.142690, 0.795149, 0.589418, 0.008760, -0.596472, 0.802564),

      ["RightHand"] = CFrame.new(-0.000491, 0.014312, 0.000000, 0.999405, -0.029496, 0.017885, 0.033479, 0.954335, -0.296860, -0.008312, 0.297280, 0.954754),

      ["RightLowerArm"] = CFrame.new(-0.000000, 0.078285, 0.023969, 1.000000, 0.000000, 0.000000, -0.000000, 0.754807, -0.655946, -0.000000, 0.655947, 0.754808),

      ["RightLowerLeg"] = CFrame.new(0.000000, 0.125848, -0.099868, 1.000000, 0.000000, 0.000000, -0.000000, -0.034006, 0.999421, 0.000000, -0.999422, -0.034018),

      ["RightUpperArm"] = CFrame.new(0.441430, 0.201512, -0.304782, -0.185186, 0.515781, 0.836467, -0.379277, -0.822751, 0.423355, 0.906562, -0.238853, 0.347986),

      ["RightUpperLeg"] = CFrame.new(0.000000, -0.000000, -0.000000, 0.923735, -0.224982, -0.310001, 0.077558, 0.902415, -0.423808, 0.375099, 0.367464, 0.851050),

      ["UpperTorso"] = CFrame.new(0.000929, 0.000933, -0.003841, 0.996132, -0.083471, -0.027446, 0.074248, 0.966653, -0.245092, 0.046989, 0.242106, 0.969111),

    }},

    {Time = 0.183, Data = {

      ["Head"] = CFrame.new(-0.000000, 0.000000, 0.000000, 0.771809, 0.117330, 0.624935, -0.299106, 0.934293, 0.193991, -0.561112, -0.336646, 0.756190),

      ["LeftFoot"] = CFrame.new(-0.000000, 0.024171, -0.000003, 0.996714, -0.061964, -0.052175, 0.075169, 0.947536, 0.310701, 0.030184, -0.313585, 0.949075),

      ["LeftHand"] = CFrame.new(0.000488, 0.018239, 0.000000, 0.999860, -0.014738, 0.007917, 0.015179, 0.998153, -0.058823, -0.007035, 0.058935, 0.998237),

      ["LeftLowerArm"] = CFrame.new(-0.000500, 0.091787, 0.034313, 1.000000, -0.000000, -0.000000, 0.000000, 0.647602, -0.761978, 0.000000, 0.761979, 0.647603),

      ["LeftLowerLeg"] = CFrame.new(-0.000000, 0.101522, -0.039091, 1.000000, -0.000000, -0.000000, 0.000000, 0.597045, 0.802214, -0.000000, -0.802208, 0.597037),

      ["LeftUpperArm"] = CFrame.new(-0.214769, 0.267095, -0.513254, 0.243280, -0.634099, -0.733984, 0.059079, -0.745627, 0.663739, -0.968155, -0.204838, -0.143934),

      ["LeftUpperLeg"] = CFrame.new(0.000000, -0.000000, -0.000100, 0.942347, 0.196465, -0.270890, -0.329260, 0.688906, -0.645737, 0.059752, 0.697718, 0.713892),

      ["LowerTorso"] = CFrame.new(0.001243, 1.645437, 0.029902, 0.968512, -0.081144, 0.235372, 0.248865, 0.342525, -0.905949, -0.007108, 0.935998, 0.351933),

      ["RightFoot"] = CFrame.new(0.000000, 0.032888, -0.000101, 0.990426, -0.105598, -0.088914, 0.137827, 0.792538, 0.594074, 0.007735, -0.600610, 0.799482),

      ["RightHand"] = CFrame.new(-0.000491, 0.013258, 0.000000, 0.999307, -0.031842, 0.019265, 0.036205, 0.951601, -0.305198, -0.008614, 0.305681, 0.952094),

      ["RightLowerArm"] = CFrame.new(-0.000001, 0.075313, 0.022271, 1.000000, 0.000000, 0.000000, -0.000000, 0.772453, -0.635071, -0.000000, 0.635072, 0.772453),

      ["RightLowerLeg"] = CFrame.new(-0.000000, 0.125848, -0.100189, 1.000000, 0.000000, 0.000000, -0.000000, -0.037344, 0.999302, 0.000000, -0.999303, -0.037357),

      ["RightUpperArm"] = CFrame.new(0.442239, 0.198716, -0.305589, -0.187128, 0.532260, 0.825641, -0.373659, -0.815876, 0.441277, 0.908494, -0.225933, 0.351557),

      ["RightUpperLeg"] = CFrame.new(0.000000, -0.000000, -0.000001, 0.924850, -0.227716, -0.304633, 0.081358, 0.900861, -0.426393, 0.371529, 0.369587, 0.851697),

      ["UpperTorso"] = CFrame.new(0.001026, 0.001030, -0.004241, 0.996249, -0.082400, -0.026412, 0.073601, 0.967459, -0.242085, 0.045501, 0.239233, 0.969896),

    }},

    {Time = 0.200, Data = {

      ["Head"] = CFrame.new(0.000000, 0.000000, 0.000000, 0.771714, 0.116605, 0.625188, -0.298202, 0.934627, 0.193773, -0.561723, -0.335970, 0.756037),

      ["LeftFoot"] = CFrame.new(0.000000, 0.024380, -0.000002, 0.996643, -0.062631, -0.052736, 0.075910, 0.948185, 0.308536, 0.030678, -0.311486, 0.949750),

      ["LeftHand"] = CFrame.new(0.000488, 0.017794, -0.000000, 0.999959, -0.008066, 0.004011, 0.008301, 0.998004, -0.062595, -0.003498, 0.062626, 0.998031),

      ["LeftLowerArm"] = CFrame.new(-0.000500, 0.090191, 0.032908, 1.000000, -0.000000, -0.000000, 0.000000, 0.662181, -0.749343, 0.000000, 0.749344, 0.662182),

      ["LeftLowerLeg"] = CFrame.new(0.000000, 0.102356, -0.039996, 1.000000, -0.000000, -0.000000, 0.000000, 0.587672, 0.809105, -0.000000, -0.809099, 0.587664),

      ["LeftUpperArm"] = CFrame.new(-0.217037, 0.264201, -0.514072, 0.238402, -0.647590, -0.723735, 0.052795, -0.735478, 0.675489, -0.969730, -0.199247, -0.141150),

      ["LeftUpperLeg"] = CFrame.new(0.000000, 0.000000, -0.000101, 0.941651, 0.194652, -0.274593, -0.330836, 0.685452, -0.648601, 0.061968, 0.701617, 0.709870),

      ["LowerTorso"] = CFrame.new(0.001123, 1.624947, 0.029140, 0.968207, -0.080516, 0.236840, 0.250068, 0.336046, -0.908041, -0.006477, 0.938398, 0.345497),

      ["RightFoot"] = CFrame.new(0.000000, 0.032922, -0.000101, 0.991140, -0.101606, -0.085553, 0.132653, 0.789905, 0.598740, 0.006743, -0.604754, 0.796361),

      ["RightHand"] = CFrame.new(-0.000491, 0.012346, 0.000000, 0.999179, -0.034685, 0.020934, 0.039493, 0.949113, -0.312453, -0.009031, 0.313020, 0.949703),

      ["RightLowerArm"] = CFrame.new(0.000001, 0.072599, 0.020770, 1.000000, 0.000000, 0.000000, -0.000000, 0.788012, -0.615659, -0.000000, 0.615659, 0.788013),

      ["RightLowerLeg"] = CFrame.new(-0.000000, 0.125848, -0.100493, 1.000000, 0.000000, 0.000000, -0.000000, -0.040535, 0.999178, 0.000000, -0.999178, -0.040547),

      ["RightUpperArm"] = CFrame.new(0.443342, 0.195880, -0.306333, -0.189651, 0.547149, 0.815267, -0.367962, -0.809429, 0.457634, 0.910295, -0.213197, 0.354839),

      ["RightUpperLeg"] = CFrame.new(0.000000, 0.000000, -0.000001, 0.926072, -0.230285, -0.298936, 0.085192, 0.899329, -0.428872, 0.367606, 0.371721, 0.852470),

      ["UpperTorso"] = CFrame.new(0.001123, 0.001128, -0.004643, 0.996365, -0.081322, -0.025369, 0.072942, 0.968263, -0.239053, 0.044004, 0.236334, 0.970675),

    }},

    {Time = 0.217, Data = {

      ["Head"] = CFrame.new(0.000000, 0.000000, 0.000000, 0.771635, 0.115874, 0.625422, -0.297285, 0.934963, 0.193561, -0.562317, -0.335287, 0.755898),

      ["LeftFoot"] = CFrame.new(0.000000, 0.024602, -0.000002, 0.996558, -0.063411, -0.053393, 0.076780, 0.948871, 0.306200, 0.031245, -0.309228, 0.950469),

      ["LeftHand"] = CFrame.new(0.000489, 0.017413, -0.000000, 0.999999, -0.001108, -0.000060, 0.001102, 0.997840, -0.065686, 0.000133, 0.065686, 0.997840),

      ["LeftLowerArm"] = CFrame.new(-0.000501, 0.088789, 0.031712, 1.000000, -0.000000, -0.000000, 0.000000, 0.674584, -0.738198, 0.000000, 0.738198, 0.674584),

      ["LeftLowerLeg"] = CFrame.new(0.000000, 0.103228, -0.040964, 1.000000, -0.000000, -0.000000, 0.000000, 0.577641, 0.816297, -0.000000, -0.816291, 0.577633),

      ["LeftUpperArm"] = CFrame.new(-0.219528, 0.261287, -0.514910, 0.233084, -0.659501, -0.714655, 0.046479, -0.726501, 0.685592, -0.971345, -0.193017, -0.138682),

      ["LeftUpperLeg"] = CFrame.new(0.000000, 0.000000, -0.000100, 0.940915, 0.192790, -0.278406, -0.332514, 0.681678, -0.651713, 0.064139, 0.705796, 0.705522),

      ["LowerTorso"] = CFrame.new(0.000967, 1.605066, 0.028163, 0.967915, -0.079907, 0.238233, 0.251209, 0.329789, -0.910018, -0.005850, 0.940667, 0.339281),

      ["RightFoot"] = CFrame.new(0.000000, 0.032954, -0.000101, 0.991864, -0.097383, -0.081997, 0.127173, 0.787253, 0.603404, 0.005791, -0.608892, 0.793209),

      ["RightHand"] = CFrame.new(-0.000492, 0.011696, -0.000000, 0.999016, -0.037992, 0.022874, 0.043308, 0.946797, -0.318905, -0.009541, 0.319580, 0.947511),

      ["RightLowerArm"] = CFrame.new(0.000000, 0.070221, 0.019414, 1.000000, 0.000000, 0.000000, -0.000000, 0.801991, -0.597335, -0.000000, 0.597336, 0.801992),

      ["RightLowerLeg"] = CFrame.new(-0.000000, 0.125846, -0.100785, 1.000000, 0.000000, 0.000000, -0.000000, -0.043577, 0.999050, 0.000000, -0.999050, -0.043590),

      ["RightUpperArm"] = CFrame.new(0.444720, 0.193013, -0.307014, -0.192716, 0.560765, 0.805235, -0.362202, -0.803319, 0.472745, 0.911959, -0.200552, 0.357923),

      ["RightUpperLeg"] = CFrame.new(0.000000, 0.000000, -0.000001, 0.927394, -0.232683, -0.292922, 0.089053, 0.897824, -0.431234, 0.363333, 0.373859, 0.853367),

      ["UpperTorso"] = CFrame.new(0.001221, 0.001226, -0.005046, 0.996479, -0.080237, -0.024317, 0.072271, 0.969063, -0.235998, 0.042500, 0.233410, 0.971449),

    }},

    {Time = 0.233, Data = {

      ["Head"] = CFrame.new(0.000000, -0.000000, -0.000000, 0.771573, 0.115137, 0.625635, -0.296354, 0.935300, 0.193358, -0.562894, -0.334599, 0.755774),

      ["LeftFoot"] = CFrame.new(0.000000, 0.024841, -0.000002, 0.996461, -0.064302, -0.054143, 0.077778, 0.949587, 0.303718, 0.031882, -0.306837, 0.951222),

      ["LeftHand"] = CFrame.new(0.000489, 0.017092, -0.000000, 0.999972, 0.006126, -0.004292, -0.006404, 0.997662, -0.068048, 0.003865, 0.068073, 0.997673),

      ["LeftLowerArm"] = CFrame.new(-0.000500, 0.087593, 0.030716, 1.000000, -0.000000, -0.000000, 0.000000, 0.684900, -0.728636, 0.000000, 0.728637, 0.684901),

      ["LeftLowerLeg"] = CFrame.new(0.000000, 0.104136, -0.041991, 1.000000, -0.000000, -0.000000, 0.000000, 0.566990, 0.823731, -0.000000, -0.823725, 0.566981),

      ["LeftUpperArm"] = CFrame.new(-0.222240, 0.258353, -0.515761, 0.227333, -0.669919, -0.706774, 0.040134, -0.718715, 0.694146, -0.972990, -0.186168, -0.136500),

      ["LeftUpperLeg"] = CFrame.new(-0.000000, 0.000000, -0.000100, 0.940137, 0.190881, -0.282321, -0.334293, 0.677598, -0.655048, 0.066263, 0.710229, 0.700861),

      ["LowerTorso"] = CFrame.new(0.000776, 1.585798, 0.026983, 0.967638, -0.079319, 0.239553, 0.252289, 0.323752, -0.911885, -0.005226, 0.942811, 0.333286),

      ["RightFoot"] = CFrame.new(0.000000, 0.032985, -0.000101, 0.992593, -0.092934, -0.078251, 0.121390, 0.784587, 0.608050, 0.004886, -0.613015, 0.790033),

      ["RightHand"] = CFrame.new(-0.000493, 0.011245, -0.000000, 0.998814, -0.041739, 0.025070, 0.047621, 0.944720, -0.324405, -0.010144, 0.325212, 0.945586),

      ["RightLowerArm"] = CFrame.new(0.000000, 0.068159, 0.018214, 1.000000, 0.000000, 0.000000, -0.000000, 0.814305, -0.580436, -0.000000, 0.580437, 0.814306),

      ["RightLowerLeg"] = CFrame.new(-0.000000, 0.125844, -0.101062, 1.000000, 0.000000, 0.000000, -0.000000, -0.046472, 0.998919, 0.000000, -0.998920, -0.046484),

      ["RightUpperArm"] = CFrame.new(0.446356, 0.190119, -0.307627, -0.196293, 0.573026, 0.795682, -0.356391, -0.797666, 0.486534, 0.913485, -0.188071, 0.360797),

      ["RightUpperLeg"] = CFrame.new(0.000000, 0.000000, -0.000000, 0.928809, -0.234899, -0.286599, 0.092936, 0.896356, -0.433464, 0.358715, 0.375991, 0.854383),

      ["UpperTorso"] = CFrame.new(0.001319, 0.001324, -0.005452, 0.996592, -0.079146, -0.023256, 0.071588, 0.969857, -0.232921, 0.040990, 0.230462, 0.972218),

    }},

    {Time = 0.250, Data = {

      ["Head"] = CFrame.new(0.000000, 0.000000, -0.000000, 0.771526, 0.114394, 0.625829, -0.295411, 0.935639, 0.193161, -0.563454, -0.333906, 0.755663),

      ["LeftFoot"] = CFrame.new(0.000000, 0.025170, -0.000002, 0.996349, -0.065304, -0.054986, 0.078906, 0.950291, 0.301215, 0.032581, -0.304437, 0.951970),

      ["LeftHand"] = CFrame.new(0.000489, 0.016859, -0.000000, 0.999869, 0.013632, -0.008682, -0.014204, 0.997467, -0.069699, 0.007710, 0.069813, 0.997530),

      ["LeftLowerArm"] = CFrame.new(-0.000499, 0.086615, 0.029904, 1.000000, -0.000000, -0.000000, 0.000000, 0.693303, -0.720646, 0.000000, 0.720647, 0.693303),

      ["LeftLowerLeg"] = CFrame.new(0.000000, 0.105117, -0.043052, 1.000000, -0.000000, -0.000000, 0.000000, 0.555950, 0.831222, -0.000000, -0.831216, 0.555940),

      ["LeftUpperArm"] = CFrame.new(-0.225166, 0.255401, -0.516621, 0.221158, -0.678964, -0.700070, 0.033761, -0.712084, 0.701282, -0.974654, -0.178729, -0.134560),

      ["LeftUpperLeg"] = CFrame.new(0.000000, -0.000000, -0.000100, 0.939317, 0.188965, -0.286309, -0.336173, 0.673315, -0.658494, 0.068343, 0.714800, 0.695998),

      ["LowerTorso"] = CFrame.new(0.000552, 1.567148, 0.025610, 0.967374, -0.078752, 0.240801, 0.253309, 0.317932, -0.913649, -0.004607, 0.944837, 0.327508),

      ["RightFoot"] = CFrame.new(-0.000000, 0.033014, -0.000101, 0.993321, -0.088262, -0.074317, 0.115310, 0.781909, 0.612665, 0.004034, -0.617113, 0.786841),

      ["RightHand"] = CFrame.new(-0.000492, 0.010855, 0.000000, 0.998567, -0.045898, 0.027507, 0.052396, 0.943025, -0.328574, -0.010859, 0.329542, 0.944078),

      ["RightLowerArm"] = CFrame.new(-0.000001, 0.066362, 0.017210, 1.000000, 0.000000, 0.000000, -0.000000, 0.824604, -0.565710, -0.000000, 0.565710, 0.824604),

      ["RightLowerLeg"] = CFrame.new(0.000000, 0.125841, -0.101325, 1.000000, 0.000000, 0.000000, -0.000000, -0.049220, 0.998787, 0.000000, -0.998788, -0.049232),

      ["RightUpperArm"] = CFrame.new(0.448235, 0.187204, -0.308171, -0.200349, 0.583657, 0.786896, -0.350538, -0.792715, 0.498724, 0.914868, -0.175918, 0.363414),

      ["RightUpperLeg"] = CFrame.new(-0.000000, -0.000000, -0.000000, 0.930311, -0.236929, -0.279979, 0.096834, 0.894929, -0.435554, 0.353757, 0.378110, 0.855514),

      ["UpperTorso"] = CFrame.new(0.001417, 0.001423, -0.005859, 0.996703, -0.078050, -0.022187, 0.070893, 0.970647, -0.229824, 0.039474, 0.227493, 0.972979),

    }},

    {Time = 0.267, Data = {

      ["Head"] = CFrame.new(-0.000000, 0.000000, 0.000000, 0.771494, 0.113645, 0.626004, -0.294456, 0.935979, 0.192973, -0.563996, -0.333208, 0.755566),

      ["LeftFoot"] = CFrame.new(-0.000000, 0.025516, -0.000003, 0.996224, -0.066415, -0.055922, 0.080161, 0.951010, 0.298604, 0.033349, -0.301941, 0.952738),

      ["LeftHand"] = CFrame.new(0.000489, 0.016614, -0.000000, 0.999683, 0.021404, -0.013227, -0.022284, 0.997269, -0.070419, 0.011684, 0.070692, 0.997430),

      ["LeftLowerArm"] = CFrame.new(-0.000500, 0.085811, 0.029299, 1.000000, -0.000000, -0.000000, 0.000000, 0.699581, -0.714553, 0.000000, 0.714554, 0.699581),

