return {
local Animations = {

  ["poodle devious rub"] = {

    {Time = 0.000, Data = {

      ["Head"] = CFrame.new(0.000000, 0.000000, -0.000000, 0.999197, 0.035104, 0.019290, -0.036509, 0.996280, 0.078058, -0.016478, -0.078700, 0.996762),

      ["LeftFoot"] = CFrame.new(0.000000, 0.011113, -0.000003, 0.998663, -0.039546, -0.033298, 0.031696, 0.977199, -0.209962, 0.040840, 0.208610, 0.977142),

      ["LeftHand"] = CFrame.new(0.000500, 0.000100, -0.000000, 0.863031, -0.494344, 0.103931, 0.498603, 0.866639, -0.018203, -0.081071, 0.067530, 0.994418),

      ["LeftLowerArm"] = CFrame.new(-0.000500, 0.099985, 0.098241, 1.000000, -0.000000, 0.000000, 0.000000, 0.016593, -0.999862, 0.000000, 0.999862, 0.016593),

      ["LeftLowerLeg"] = CFrame.new(-0.000000, 0.055049, -0.010112, 1.000000, -0.000000, -0.000000, 0.000000, 0.896238, 0.443567, -0.000000, -0.443574, 0.896241),

      ["LeftUpperArm"] = CFrame.new(-0.000000, -0.000000, -0.000000, 0.757534, 0.009841, -0.652721, -0.141990, 0.978431, -0.150040, 0.637166, 0.206340, 0.742592),

      ["LeftUpperLeg"] = CFrame.new(-0.000000, -0.000000, -0.000100, 0.981516, 0.172871, 0.082110, -0.146751, 0.955231, -0.256884, -0.122842, 0.240103, 0.962948),

      ["LowerTorso"] = CFrame.new(-0.095710, -0.059819, 0.000000, 0.994114, -0.108343, -0.000000, 0.108343, 0.994114, -0.000000, 0.000000, -0.000000, 1.000000),

      ["RightFoot"] = CFrame.new(-0.000000, 0.000541, -0.000103, 0.997376, 0.055383, 0.046634, -0.055488, 0.998459, 0.000953, -0.046507, -0.003528, 0.998912),

      ["RightHand"] = CFrame.new(-0.000500, 0.000000, -0.000000, 0.911964, 0.390407, -0.126116, -0.394700, 0.918755, -0.010022, 0.111956, 0.058918, 0.991965),

      ["RightLowerArm"] = CFrame.new(-0.000000, 0.099651, 0.109467, 1.000000, 0.000000, -0.000000, -0.000000, -0.095665, -0.995414, -0.000000, 0.995414, -0.095666),

      ["RightLowerLeg"] = CFrame.new(-0.000000, 0.001953, -0.000003, 1.000000, 0.000000, 0.000000, -0.000000, 0.999900, 0.014163, 0.000000, -0.014181, 0.999900),

      ["RightUpperArm"] = CFrame.new(0.000000, -0.000000, -0.000000, 0.574348, -0.029346, 0.818085, 0.166637, 0.982624, -0.081742, -0.801472, 0.183271, 0.569258),

      ["RightUpperLeg"] = CFrame.new(0.000000, -0.000000, -0.000000, 0.998637, 0.051939, -0.005095, -0.051975, 0.998622, -0.007255, 0.004711, 0.007518, 0.999961),

      ["UpperTorso"] = CFrame.new(-0.000000, -0.000000, 0.000000, 1.000000, -0.000000, 0.000000, -0.000000, 1.000000, 0.000000, -0.000000, 0.000000, 1.000000),

    }},

    {Time = 0.017, Data = {

      ["Head"] = CFrame.new(-0.000000, -0.000000, -0.000000, 0.999201, 0.035017, 0.019253, -0.036395, 0.996397, 0.076612, -0.016501, -0.077252, 0.996875),

      ["LeftFoot"] = CFrame.new(0.000000, 0.010811, -0.000003, 0.998475, -0.042234, -0.035562, 0.034206, 0.978785, -0.202030, 0.043338, 0.200491, 0.978734),

      ["LeftHand"] = CFrame.new(0.000500, 0.000100, 0.000000, 0.858663, -0.506466, 0.078680, 0.510333, 0.859063, -0.039631, -0.047518, 0.074183, 0.996112),

      ["LeftLowerArm"] = CFrame.new(-0.000500, 0.099968, 0.097478, 1.000000, -0.000000, 0.000000, 0.000000, 0.024218, -0.999707, 0.000000, 0.999707, 0.024217),

      ["LeftLowerLeg"] = CFrame.new(-0.000000, 0.053368, -0.009432, 1.000000, -0.000000, -0.000000, 0.000000, 0.903148, 0.429320, -0.000000, -0.429329, 0.903152),

      ["LeftUpperArm"] = CFrame.new(0.000000, -0.000000, -0.000000, 0.760242, 0.026497, -0.649099, -0.163495, 0.974812, -0.151696, 0.628730, 0.221450, 0.745425),

      ["LeftUpperLeg"] = CFrame.new(-0.000000, -0.000000, -0.000100, 0.981065, 0.173885, 0.085304, -0.147835, 0.956836, -0.250204, -0.125129, 0.232872, 0.964428),

      ["LowerTorso"] = CFrame.new(-0.089611, -0.055655, 0.000743, 0.994276, -0.106846, -0.000026, 0.106846, 0.994275, 0.000549, -0.000033, -0.000549, 1.000000),

      ["RightFoot"] = CFrame.new(0.000000, 0.000081, -0.000103, 0.997626, 0.052674, 0.044353, -0.053115, 0.998550, 0.008819, -0.043822, -0.011143, 0.998977),

      ["RightHand"] = CFrame.new(-0.000500, 0.000000, 0.000000, 0.908928, 0.399537, -0.119251, -0.403402, 0.914977, -0.009184, 0.105442, 0.056454, 0.992822),

      ["RightLowerArm"] = CFrame.new(-0.000000, 0.099727, 0.108633, 1.000000, 0.000000, -0.000000, -0.000000, -0.087324, -0.996180, -0.000000, 0.996180, -0.087325),

      ["RightLowerLeg"] = CFrame.new(-0.000000, 0.000290, 0.000004, 1.000000, -0.000000, 0.000000, -0.000000, 0.999998, 0.002090, 0.000000, -0.002108, 0.999998),

      ["RightUpperArm"] = CFrame.new(0.000000, -0.000000, -0.000000, 0.593165, -0.020127, 0.804830, 0.197342, 0.972825, -0.121114, -0.780520, 0.230667, 0.581017),

      ["RightUpperLeg"] = CFrame.new(-0.000000, -0.000000, -0.000000, 0.998572, 0.053366, -0.002471, -0.053371, 0.998573, -0.001945, 0.002363, 0.002082, 0.999995),

      ["UpperTorso"] = CFrame.new(-0.000000, -0.000000, 0.000000, 1.000000, -0.000921, 0.000003, 0.000921, 1.000000, 0.000000, -0.000003, -0.000000, 1.000000),

    }},

    {Time = 0.033, Data = {

      ["Head"] = CFrame.new(-0.000000, -0.000000, -0.000000, 0.999212, 0.034735, 0.019188, -0.036078, 0.996548, 0.074768, -0.016525, -0.075402, 0.997016),

      ["LeftFoot"] = CFrame.new(-0.000000, 0.010518, -0.000003, 0.998250, -0.045235, -0.038089, 0.037002, 0.980229, -0.194390, 0.046127, 0.192626, 0.980185),

      ["LeftHand"] = CFrame.new(0.000500, 0.000100, 0.000000, 0.854357, -0.517297, 0.049789, 0.519539, 0.852471, -0.058076, -0.012400, 0.075485, 0.997070),

      ["LeftLowerArm"] = CFrame.new(-0.000500, 0.099937, 0.096437, 1.000000, -0.000000, 0.000000, 0.000000, 0.034630, -0.999400, 0.000000, 0.999400, 0.034629),

      ["LeftLowerLeg"] = CFrame.new(0.000000, 0.051736, -0.008798, 1.000000, -0.000000, -0.000000, 0.000000, 0.909591, 0.415495, -0.000000, -0.415504, 0.909595),

      ["LeftUpperArm"] = CFrame.new(0.000000, -0.000000, -0.000000, 0.760069, 0.039195, -0.648659, -0.185770, 0.969629, -0.159087, 0.622723, 0.241419, 0.744267),

      ["LeftUpperLeg"] = CFrame.new(0.000000, -0.000000, -0.000100, 0.980617, 0.174656, 0.088802, -0.148630, 0.958395, -0.243681, -0.127668, 0.225775, 0.965782),

      ["LowerTorso"] = CFrame.new(-0.083100, -0.052115, 0.001373, 0.994500, -0.104737, -0.000046, 0.104737, 0.994500, 0.001016, -0.000060, -0.001015, 1.000000),

      ["RightFoot"] = CFrame.new(0.000000, 0.000070, -0.000103, 0.997893, 0.049629, 0.041789, -0.050253, 0.998638, 0.014013, -0.041035, -0.016072, 0.999028),

      ["RightHand"] = CFrame.new(-0.000500, 0.000000, 0.000000, 0.905595, 0.409293, -0.111258, -0.412674, 0.910842, -0.008217, 0.097974, 0.053355, 0.993758),

      ["RightLowerArm"] = CFrame.new(-0.000000, 0.099805, 0.107670, 1.000000, 0.000000, -0.000000, -0.000000, -0.077695, -0.996977, -0.000000, 0.996977, -0.077695),

      ["RightLowerLeg"] = CFrame.new(0.000000, 0.000251, 0.000004, 1.000000, 0.000000, 0.000000, -0.000000, 0.999998, 0.001806, 0.000000, -0.001824, 0.999998),

      ["RightUpperArm"] = CFrame.new(0.000000, -0.000000, -0.000000, 0.612758, -0.010884, 0.790195, 0.229428, 0.959290, -0.164697, -0.756234, 0.282212, 0.590310),

      ["RightUpperLeg"] = CFrame.new(-0.000000, -0.000000, -0.000000, 0.998519, 0.054408, 0.000252, -0.054407, 0.998515, -0.002762, -0.000403, 0.002751, 0.999996),

      ["UpperTorso"] = CFrame.new(-0.000000, 0.000000, 0.000000, 0.999998, -0.001843, 0.000005, 0.001843, 0.999998, 0.000000, -0.000005, -0.000000, 1.000000),

    }},

    {Time = 0.050, Data = {

      ["Head"] = CFrame.new(0.000000, -0.000000, -0.000000, 0.999230, 0.034265, 0.019097, -0.035566, 0.996730, 0.072557, -0.016548, -0.073180, 0.997182),

      ["LeftFoot"] = CFrame.new(0.000000, 0.010234, -0.000003, 0.997986, -0.048520, -0.040855, 0.040066, 0.981544, -0.187006, 0.049172, 0.184979, 0.981509),

      ["LeftHand"] = CFrame.new(0.000500, 0.000100, 0.000000, 0.849792, -0.526810, 0.018016, 0.526597, 0.846936, -0.073446, 0.023434, 0.071901, 0.997137),

      ["LeftLowerArm"] = CFrame.new(-0.000500, 0.099884, 0.095170, 1.000000, -0.000000, 0.000000, 0.000000, 0.047298, -0.998881, 0.000000, 0.998881, 0.047297),

      ["LeftLowerLeg"] = CFrame.new(0.000000, 0.050146, -0.008205, 1.000000, -0.000000, -0.000000, 0.000000, 0.915619, 0.402037, -0.000000, -0.402047, 0.915623),

      ["LeftUpperArm"] = CFrame.new(-0.000000, -0.000000, -0.000000, 0.758081, 0.047318, -0.650442, -0.208408, 0.962644, -0.172867, 0.617964, 0.266604, 0.739624),

      ["LeftUpperLeg"] = CFrame.new(-0.000000, -0.000000, -0.000100, 0.980175, 0.175177, 0.092581, -0.149145, 0.959920, -0.237282, -0.130437, 0.218786, 0.967019),

      ["LowerTorso"] = CFrame.new(-0.076386, -0.049151, 0.001899, 0.994779, -0.102052, -0.000062, 0.102052, 0.994778, 0.001405, -0.000082, -0.001404, 0.999999),

      ["RightFoot"] = CFrame.new(-0.000000, 0.000501, -0.000103, 0.998166, 0.046307, 0.038992, -0.046963, 0.998767, 0.016083, -0.038197, -0.017873, 0.999110),

      ["RightHand"] = CFrame.new(-0.000500, 0.000000, -0.000000, 0.901915, 0.419574, -0.102508, -0.422449, 0.906359, -0.007100, 0.089929, 0.049708, 0.994707),

      ["RightLowerArm"] = CFrame.new(0.000000, 0.099883, 0.106586, 1.000000, 0.000000, -0.000000, -0.000000, -0.066860, -0.997762, -0.000000, 0.997762, -0.066861),

      ["RightLowerLeg"] = CFrame.new(0.000000, 0.001802, -0.000001, 1.000000, -0.000000, -0.000000, -0.000000, 0.999914, 0.013062, 0.000000, -0.013080, 0.999915),

      ["RightUpperArm"] = CFrame.new(-0.000000, -0.000000, -0.000000, 0.632746, -0.002650, 0.774355, 0.262597, 0.941474, -0.211353, -0.728475, 0.337076, 0.596410),

      ["RightUpperLeg"] = CFrame.new(0.000000, -0.000000, -0.000000, 0.998474, 0.055137, 0.002957, -0.055106, 0.998435, -0.009575, -0.003481, 0.009405, 0.999950),

      ["UpperTorso"] = CFrame.new(0.000000, -0.000000, -0.000000, 0.999996, -0.002766, 0.000006, 0.002766, 0.999996, 0.000000, -0.000006, -0.000000, 1.000000),

    }},

    {Time = 0.067, Data = {

      ["Head"] = CFrame.new(0.000000, 0.000000, 0.000000, 0.999255, 0.033616, 0.018981, -0.034868, 0.996937, 0.070008, -0.016569, -0.070617, 0.997366),

      ["LeftFoot"] = CFrame.new(0.000000, 0.009956, -0.000003, 0.997681, -0.052062, -0.043837, 0.043380, 0.982741, -0.179844, 0.052441, 0.177513, 0.982718),

      ["LeftHand"] = CFrame.new(0.000500, 0.000100, -0.000000, 0.844733, -0.534952, -0.015848, 0.531908, 0.842462, -0.085625, 0.059156, 0.063900, 0.996201),

      ["LeftLowerArm"] = CFrame.new(-0.000500, 0.099803, 0.093731, 1.000000, -0.000000, 0.000000, 0.000000, 0.061688, -0.998095, 0.000000, 0.998095, 0.061688),

      ["LeftLowerLeg"] = CFrame.new(-0.000000, 0.048591, -0.007648, 1.000000, -0.000000, -0.000000, 0.000000, 0.921281, 0.388888, -0.000000, -0.388898, 0.921285),

      ["LeftUpperArm"] = CFrame.new(-0.000000, -0.000000, -0.000000, 0.755345, 0.050245, -0.653398, -0.231009, 0.953469, -0.193732, 0.613260, 0.297276, 0.731805),

      ["LeftUpperLeg"] = CFrame.new(0.000000, -0.000000, -0.000100, 0.979737, 0.175446, 0.096616, -0.149388, 0.961420, -0.230972, -0.133412, 0.211875, 0.968151),

      ["LowerTorso"] = CFrame.new(-0.069678, -0.046715, 0.002325, 0.995105, -0.098827, -0.000073, 0.098827, 0.995103, 0.001721, -0.000097, -0.001720, 0.999999),

      ["RightFoot"] = CFrame.new(0.000000, 0.001380, -0.000103, 0.998436, 0.042760, 0.036005, -0.043275, 0.998970, 0.013650, -0.035382, -0.015176, 0.999258),

      ["RightHand"] = CFrame.new(-0.000500, 0.000000, 0.000000, 0.897851, 0.430287, -0.093370, -0.432658, 0.901539, -0.005803, 0.081679, 0.045608, 0.995615),

      ["RightLowerArm"] = CFrame.new(0.000000, 0.099955, 0.105391, 1.000000, 0.000000, -0.000000, -0.000000, -0.054910, -0.998491, -0.000000, 0.998491, -0.054911),

      ["RightLowerLeg"] = CFrame.new(-0.000000, 0.005119, -0.000057, 1.000000, 0.000000, 0.000000, -0.000000, 0.999293, 0.037580, 0.000000, -0.037598, 0.999294),

      ["RightUpperArm"] = CFrame.new(0.000000, -0.000000, -0.000000, 0.652696, 0.003602, 0.757611, 0.296593, 0.918961, -0.259889, -0.697152, 0.394331, 0.598734),

      ["RightUpperLeg"] = CFrame.new(0.000000, -0.000000, -0.000000, 0.998436, 0.055634, 0.005487, -0.055492, 0.998187, -0.023300, -0.006774, 0.022968, 0.999714),

      ["UpperTorso"] = CFrame.new(-0.000000, 0.000000, 0.000000, 0.999993, -0.003689, 0.000006, 0.003689, 0.999993, 0.000000, -0.000006, -0.000000, 1.000000),

    }},

    {Time = 0.083, Data = {

      ["Head"] = CFrame.new(-0.000000, -0.000000, 0.000000, 0.999284, 0.032796, 0.018843, -0.033993, 0.997164, 0.067152, -0.016587, -0.067744, 0.997565),

      ["LeftFoot"] = CFrame.new(0.000000, 0.009683, -0.000003, 0.997333, -0.055832, -0.047012, 0.046928, 0.983829, -0.172863, 0.055900, 0.170184, 0.983823),

      ["LeftHand"] = CFrame.new(0.000500, 0.000100, -0.000000, 0.839045, -0.541667, -0.050986, 0.535888, 0.838986, -0.094483, 0.093954, 0.051953, 0.994220),

      ["LeftLowerArm"] = CFrame.new(-0.000500, 0.099693, 0.092174, 1.000000, -0.000000, 0.000000, 0.000000, 0.077268, -0.997010, 0.000000, 0.997010, 0.077268),

      ["LeftLowerLeg"] = CFrame.new(0.000000, 0.047063, -0.007121, 1.000000, -0.000000, 0.000000, 0.000000, 0.926625, 0.375977, -0.000000, -0.375987, 0.926629),

      ["LeftUpperArm"] = CFrame.new(-0.000000, -0.000000, -0.000000, 0.752962, 0.047389, -0.656356, -0.253132, 0.941519, -0.222412, 0.607431, 0.333612, 0.720923),

      ["LeftUpperLeg"] = CFrame.new(0.000000, -0.000000, -0.000100, 0.979305, 0.175457, 0.100884, -0.149369, 0.962905, -0.224712, -0.136569, 0.205009, 0.969189),

      ["LowerTorso"] = CFrame.new(-0.063184, -0.044760, 0.002660, 0.995468, -0.095097, -0.000080, 0.095097, 0.995466, 0.001969, -0.000108, -0.001968, 0.999998),

      ["RightFoot"] = CFrame.new(-0.000000, 0.002558, -0.000103, 0.998697, 0.039034, 0.032868, -0.039280, 0.999205, 0.006879, -0.032571, -0.008152, 0.999436),

      ["RightHand"] = CFrame.new(-0.000500, 0.000000, 0.000000, 0.893379, 0.441340, -0.084219, -0.443235, 0.896395, -0.004291, 0.073599, 0.041162, 0.996438),

      ["RightLowerArm"] = CFrame.new(-0.000000, 0.100016, 0.104094, 1.000000, 0.000000, -0.000000, -0.000000, -0.041939, -0.999120, -0.000000, 0.999120, -0.041940),

      ["RightLowerLeg"] = CFrame.new(0.000000, 0.009887, -0.000252, 1.000000, 0.000000, 0.000000, -0.000000, 0.997275, 0.073762, 0.000000, -0.073780, 0.997276),

      ["RightUpperArm"] = CFrame.new(0.000000, -0.000000, -0.000000, 0.672130, 0.006988, 0.740400, 0.331218, 0.891492, -0.309091, -0.662221, 0.452983, 0.596884),

      ["RightUpperLeg"] = CFrame.new(-0.000000, 0.000000, -0.000000, 0.998402, 0.055976, 0.007803, -0.055590, 0.997522, -0.043114, -0.010197, 0.042620, 0.999040),

      ["UpperTorso"] = CFrame.new(0.000000, 0.000000, 0.000000, 0.999989, -0.004612, 0.000006, 0.004612, 0.999989, 0.000000, -0.000006, -0.000000, 1.000000),

    }},

    {Time = 0.100, Data = {

      ["Head"] = CFrame.new(0.000000, 0.000000, 0.000000, 0.999319, 0.031812, 0.018686, -0.032948, 0.997405, 0.064019, -0.016601, -0.064591, 0.997774),

      ["LeftFoot"] = CFrame.new(0.000000, 0.009412, -0.000003, 0.996939, -0.059804, -0.050356, 0.050692, 0.984820, -0.166021, 0.059517, 0.162949, 0.984836),

      ["LeftHand"] = CFrame.new(0.000500, 0.000100, 0.000000, 0.832697, -0.546921, -0.086561, 0.538961, 0.836387, -0.099893, 0.127031, 0.036527, 0.991226),

      ["LeftLowerArm"] = CFrame.new(-0.000500, 0.099553, 0.090550, 1.000000, -0.000000, 0.000000, 0.000000, 0.093504, -0.995619, 0.000000, 0.995619, 0.093504),

      ["LeftLowerLeg"] = CFrame.new(0.000000, 0.045552, -0.006621, 1.000000, -0.000000, -0.000000, 0.000000, 0.931697, 0.363227, -0.000000, -0.363238, 0.931701),

      ["LeftUpperArm"] = CFrame.new(-0.000000, -0.000000, -0.000000, 0.752068, 0.038242, -0.657976, -0.274229, 0.925955, -0.259626, 0.599327, 0.375692, 0.706868),

      ["LeftUpperLeg"] = CFrame.new(-0.000000, -0.000000, -0.000100, 0.978878, 0.175207, 0.105363, -0.149098, 0.964386, -0.218457, -0.139886, 0.198149, 0.970142),

      ["LowerTorso"] = CFrame.new(-0.057112, -0.043236, 0.002909, 0.995860, -0.090897, -0.000083, 0.090897, 0.995858, 0.002153, -0.000113, -0.002152, 0.999998),

      ["RightFoot"] = CFrame.new(-0.000000, 0.003859, -0.000103, 0.998943, 0.035164, 0.029609, -0.035083, 0.999379, -0.003250, -0.029703, 0.002215, 0.999556),

      ["RightHand"] = CFrame.new(-0.000500, 0.000000, 0.000000, 0.888493, 0.452651, -0.075424, -0.454112, 0.890941, -0.002514, 0.066059, 0.036485, 0.997149),

      ["RightLowerArm"] = CFrame.new(0.000000, 0.100064, 0.102705, 1.000000, 0.000000, -0.000000, -0.000000, -0.028045, -0.999607, -0.000000, 0.999607, -0.028046),

      ["RightLowerLeg"] = CFrame.new(0.000000, 0.015585, -0.000672, 1.000000, 0.000000, -0.000000, -0.000000, 0.992985, 0.118225, 0.000000, -0.118243, 0.992987),

      ["RightUpperArm"] = CFrame.new(0.000000, -0.000000, -0.000000, 0.690524, 0.006736, 0.723278, 0.366342, 0.858957, -0.357751, -0.623675, 0.512003, 0.590663),

      ["RightUpperLeg"] = CFrame.new(0.000000, 0.000000, -0.000000, 0.998369, 0.056218, 0.009937, -0.055426, 0.996193, -0.067271, -0.013681, 0.066621, 0.997685),

      ["UpperTorso"] = CFrame.new(0.000000, 0.000000, 0.000000, 0.999985, -0.005534, 0.000004, 0.005534, 0.999985, 0.000000, -0.000004, -0.000000, 1.000000),

    }},

    {Time = 0.117, Data = {

      ["Head"] = CFrame.new(0.000000, 0.000000, -0.000000, 0.999358, 0.030672, 0.018513, -0.031743, 0.997655, 0.060640, -0.016609, -0.061189, 0.997988),

      ["LeftFoot"] = CFrame.new(-0.000000, 0.009152, -0.000003, 0.996499, -0.063951, -0.053848, 0.054635, 0.985677, -0.159562, 0.063277, 0.156052, 0.985718),

      ["LeftHand"] = CFrame.new(0.000500, 0.000100, 0.000000, 0.825767, -0.550719, -0.121728, 0.541544, 0.834494, -0.101734, 0.157607, 0.018088, 0.987336),

      ["LeftLowerArm"] = CFrame.new(-0.000500, 0.099384, 0.088915, 1.000000, -0.000000, 0.000000, 0.000000, 0.109863, -0.993947, 0.000000, 0.993947, 0.109863),

      ["LeftLowerLeg"] = CFrame.new(-0.000000, 0.044116, -0.006166, 1.000000, -0.000000, -0.000000, 0.000000, 0.936318, 0.351143, -0.000000, -0.351155, 0.936322),

      ["LeftUpperArm"] = CFrame.new(0.000000, 0.000000, -0.000000, 0.753823, 0.022448, -0.656694, -0.293561, 0.905633, -0.306023, 0.587854, 0.423467, 0.689278),

      ["LeftUpperLeg"] = CFrame.new(0.000000, -0.000000, -0.000100, 0.978456, 0.174728, 0.109974, -0.148585, 0.965798, -0.212485, -0.143341, 0.191582, 0.970956),

      ["LowerTorso"] = CFrame.new(-0.051673, -0.042097, 0.003079, 0.996272, -0.086265, -0.000082, 0.086264, 0.996270, 0.002280, -0.000115, -0.002278, 0.999997),

      ["RightFoot"] = CFrame.new(0.000000, 0.005230, -0.000103, 0.999169, 0.031179, 0.026253, -0.030738, 0.999382, -0.017034, -0.026766, 0.016218, 0.999510),

      ["RightHand"] = CFrame.new(-0.000500, 0.000000, -0.000000, 0.883196, 0.464142, -0.067355, -0.465223, 0.885194, -0.000417, 0.059428, 0.031704, 0.997729),

      ["RightLowerArm"] = CFrame.new(-0.000000, 0.100092, 0.101234, 1.000000, 0.000000, -0.000000, -0.000000, -0.013334, -0.999911, -0.000000, 0.999911, -0.013334),

      ["RightLowerLeg"] = CFrame.new(0.000000, 0.022081, -0.001419, 1.000000, 0.000000, -0.000000, -0.000000, 0.985406, 0.170205, 0.000000, -0.170222, 0.985409),

      ["RightUpperArm"] = CFrame.new(0.000000, 0.000000, -0.000000, 0.707310, 0.002199, 0.706900, 0.401917, 0.821388, -0.404704, -0.581529, 0.570366, 0.580092),

      ["RightUpperLeg"] = CFrame.new(0.000000, -0.000000, -0.000000, 0.998337, 0.056413, 0.011860, -0.055029, 0.993911, -0.095448, -0.017172, 0.094648, 0.995364),

      ["UpperTorso"] = CFrame.new(0.000000, 0.000000, -0.000000, 0.999979, -0.006457, 0.000003, 0.006457, 0.999979, 0.000000, -0.000003, -0.000000, 1.000000),

    }},

    {Time = 0.133, Data = {

      ["Head"] = CFrame.new(-0.000000, 0.000000, 0.000000, 0.999400, 0.029384, 0.018325, -0.030386, 0.997909, 0.057045, -0.016611, -0.057568, 0.998203),

      ["LeftFoot"] = CFrame.new(0.000000, 0.008882, -0.000003, 0.996013, -0.068246, -0.057464, 0.058774, 0.986496, -0.152888, 0.067118, 0.148891, 0.986571),

      ["LeftHand"] = CFrame.new(0.000500, 0.000100, 0.000000, 0.818430, -0.553125, -0.155642, 0.544037, 0.833093, -0.099900, 0.184920, -0.002913, 0.982749),

      ["LeftLowerArm"] = CFrame.new(-0.000500, 0.099193, 0.087319, 1.000000, -0.000000, 0.000000, 0.000000, 0.125817, -0.992054, 0.000000, 0.992054, 0.125817),

      ["LeftLowerLeg"] = CFrame.new(0.000000, 0.042616, -0.005708, 1.000000, -0.000000, -0.000000, 0.000000, 0.940956, 0.338517, -0.000000, -0.338529, 0.940960),

      ["LeftUpperArm"] = CFrame.new(0.000000, -0.000000, -0.000000, 0.759019, 0.000220, -0.651068, -0.310381, 0.879174, -0.361547, 0.572323, 0.476500, 0.667379),

      ["LeftUpperLeg"] = CFrame.new(0.000000, -0.000000, -0.000100, 0.978039, 0.173949, 0.114808, -0.147839, 0.967288, -0.206133, -0.146910, 0.184648, 0.971766),

      ["LowerTorso"] = CFrame.new(-0.047017, -0.041293, 0.003176, 0.996695, -0.081234, -0.000079, 0.081234, 0.996692, 0.002352, -0.000112, -0.002351, 0.999997),

      ["RightFoot"] = CFrame.new(-0.000000, 0.006569, -0.000103, 0.999281, 0.029013, 0.024430, -0.028195, 0.999052, -0.033178, -0.025367, 0.032467, 0.999151),

      ["RightHand"] = CFrame.new(-0.000500, 0.000000, 0.000000, 0.877509, 0.475745, -0.060382, -0.476503, 0.879170, 0.002069, 0.054070, 0.026956, 0.998173),

      ["RightLowerArm"] = CFrame.new(0.000000, 0.100100, 0.099691, 1.000000, 0.000000, -0.000000, -0.000000, 0.002088, -0.999998, -0.000000, 0.999998, 0.002088),

      ["RightLowerLeg"] = CFrame.new(0.000000, 0.028851, -0.002522, 1.000000, 0.000000, -0.000000, -0.000000, 0.974243, 0.225486, 0.000000, -0.225501, 0.974246),

      ["RightUpperArm"] = CFrame.new(0.000000, 0.000000, -0.000000, 0.721918, -0.006847, 0.691945, 0.437823, 0.778870, -0.449080, -0.535860, 0.627148, 0.565278),

      ["RightUpperLeg"] = CFrame.new(0.000000, -0.000000, -0.000000, 0.998442, 0.054385, 0.012452, -0.052400, 0.990719, -0.125404, -0.019157, 0.124569, 0.992028),

      ["UpperTorso"] = CFrame.new(0.000000, -0.000000, -0.000000, 0.999973, -0.007378, 0.000001, 0.007378, 0.999973, 0.000000, -0.000001, -0.000000, 1.000000),

    }},

    {Time = 0.150, Data = {

      ["Head"] = CFrame.new(-0.000000, -0.000000, 0.000000, 0.999445, 0.027955, 0.018126, -0.028885, 0.998163, 0.053266, -0.016604, -0.053760, 0.998416),

      ["LeftFoot"] = CFrame.new(0.000000, 0.008609, -0.000003, 0.995478, -0.072662, -0.061183, 0.063075, 0.987242, -0.146210, 0.071022, 0.141681, 0.987360),

      ["LeftHand"] = CFrame.new(0.000500, 0.000100, 0.000000, 0.810951, -0.554268, -0.187473, 0.546808, 0.831931, -0.094298, 0.208229, -0.026040, 0.977733),

      ["LeftLowerArm"] = CFrame.new(-0.000500, 0.098989, 0.085817, 1.000000, -0.000000, 0.000000, 0.000000, 0.140840, -0.990032, 0.000000, 0.990032, 0.140840),

      ["LeftLowerLeg"] = CFrame.new(-0.000000, 0.041101, -0.005266, 1.000000, -0.000000, 0.000000, 0.000000, 0.945440, 0.325784, -0.000000, -0.325796, 0.945444),

      ["LeftUpperArm"] = CFrame.new(0.000000, -0.000000, -0.000000, 0.766967, -0.026723, -0.641130, -0.324815, 0.845507, -0.423808, 0.553405, 0.533295, 0.639796),

      ["LeftUpperLeg"] = CFrame.new(-0.000000, -0.000000, -0.000100, 0.977628, 0.172897, 0.119792, -0.146872, 0.968796, -0.199642, -0.150572, 0.177597, 0.972519),

      ["LowerTorso"] = CFrame.new(-0.043068, -0.040778, 0.003208, 0.997120, -0.075840, -0.000073, 0.075840, 0.997117, 0.002376, -0.000107, -0.002375, 0.999997),

      ["RightFoot"] = CFrame.new(-0.000000, 0.007833, -0.000103, 0.999220, 0.030208, 0.025436, -0.028889, 0.998295, -0.050720, -0.026923, 0.049944, 0.998389),

      ["RightHand"] = CFrame.new(-0.000500, 0.000000, 0.000000, 0.871455, 0.487398, -0.054868, -0.487886, 0.872893, 0.005025, 0.050343, 0.022390, 0.998481),

      ["RightLowerArm"] = CFrame.new(-0.000000, 0.100081, 0.098089, 1.000000, 0.000000, -0.000000, -0.000000, 0.018111, -0.999836, -0.000000, 0.999836, 0.018110),

      ["RightLowerLeg"] = CFrame.new(-0.000000, 0.035567, -0.003963, 1.000000, 0.000000, 0.000000, -0.000000, 0.959660, 0.281150, 0.000000, -0.281164, 0.959664),

      ["RightUpperArm"] = CFrame.new(-0.000000, -0.000000, -0.000000, 0.733986, -0.019381, 0.678888, 0.473421, 0.731318, -0.490965, -0.486968, 0.681762, 0.545952),

      ["RightUpperLeg"] = CFrame.new(0.000000, -0.000000, -0.000000, 0.998775, 0.048206, 0.011160, -0.045887, 0.986750, -0.155614, -0.018513, 0.154925, 0.987755),

      ["UpperTorso"] = CFrame.new(-0.000000, -0.000000, -0.000000, 0.999966, -0.008299, -0.000002, 0.008299, 0.999966, -0.000000, 0.000002, 0.000000, 1.000000),

    }},

    {Time = 0.167, Data = {

      ["Head"] = CFrame.new(-0.000000, -0.000000, -0.000000, 0.999491, 0.026394, 0.017918, -0.027250, 0.998411, 0.049331, -0.016587, -0.049794, 0.998622),

      ["LeftFoot"] = CFrame.new(0.000000, 0.008329, -0.000003, 0.994898, -0.077172, -0.064981, 0.067522, 0.987922, -0.139475, 0.074955, 0.134368, 0.988091),

      ["LeftHand"] = CFrame.new(0.000500, 0.000100, -0.000000, 0.803658, -0.554349, -0.216405, 0.550175, 0.830728, -0.084844, 0.226805, -0.050874, 0.972610),

      ["LeftLowerArm"] = CFrame.new(-0.000500, 0.098785, 0.084460, 1.000000, -0.000000, 0.000000, 0.000000, 0.154413, -0.988006, 0.000000, 0.988006, 0.154413),

      ["LeftLowerLeg"] = CFrame.new(0.000000, 0.039559, -0.004836, 1.000000, -0.000000, 0.000000, 0.000000, 0.949803, 0.312836, -0.000000, -0.312849, 0.949807),

      ["LeftUpperArm"] = CFrame.new(-0.000000, -0.000000, -0.000000, 0.776564, -0.056362, -0.627512, -0.337359, 0.803977, -0.489704, 0.532106, 0.591983, 0.605326),

      ["LeftUpperLeg"] = CFrame.new(0.000000, -0.000000, -0.000100, 0.977223, 0.171567, 0.124905, -0.145692, 0.970328, -0.192956, -0.154304, 0.170378, 0.973225),

      ["LowerTorso"] = CFrame.new(-0.039694, -0.040502, 0.003180, 0.997539, -0.070121, -0.000066, 0.070121, 0.997536, 0.002356, -0.000099, -0.002354, 0.999997),

      ["RightFoot"] = CFrame.new(-0.000000, 0.009003, -0.000103, 0.998999, 0.034211, 0.028807, -0.032164, 0.997115, -0.068761, -0.031074, 0.067761, 0.997217),

      ["RightHand"] = CFrame.new(-0.000500, 0.000000, 0.000000, 0.865063, 0.499047, -0.051177, -0.499304, 0.866385, 0.008542, 0.048601, 0.018164, 0.998653),

      ["RightLowerArm"] = CFrame.new(-0.000000, 0.100037, 0.096438, 1.000000, 0.000000, -0.000000, -0.000000, 0.034617, -0.999401, -0.000000, 0.999401, 0.034617),

      ["RightLowerLeg"] = CFrame.new(-0.000000, 0.041979, -0.005678, 1.000000, 0.000000, 0.000000, -0.000000, 0.942273, 0.334834, 0.000000, -0.334846, 0.942277),

      ["RightUpperArm"] = CFrame.new(-0.000000, -0.000000, -0.000000, 0.743323, -0.034054, 0.668065, 0.507959, 0.678564, -0.530592, -0.435257, 0.733751, 0.521690),

      ["RightUpperLeg"] = CFrame.new(-0.000000, -0.000000, -0.000000, 0.999227, 0.038322, 0.008821, -0.036032, 0.982083, -0.184959, -0.015751, 0.184513, 0.982707),

      ["UpperTorso"] = CFrame.new(0.000000, -0.000000, 0.000000, 0.999958, -0.009219, -0.000005, 0.009219, 0.999958, -0.000000, 0.000005, 0.000000, 1.000000),

    }},

    {Time = 0.183, Data = {

      ["Head"] = CFrame.new(-0.000000, 0.000000, 0.000000, 0.999538, 0.024709, 0.017703, -0.025489, 0.998649, 0.045273, -0.016560, -0.045703, 0.998818),

      ["LeftFoot"] = CFrame.new(0.000000, 0.008040, -0.000003, 0.994273, -0.081750, -0.068836, 0.072098, 0.988541, -0.132629, 0.078885, 0.126899, 0.988773),

      ["LeftHand"] = CFrame.new(0.000500, 0.000100, 0.000000, 0.796920, -0.553649, -0.241646, 0.554395, 0.829181, -0.071457, 0.239929, -0.077021, 0.967730),

      ["LeftLowerArm"] = CFrame.new(-0.000500, 0.098596, 0.083299, 1.000000, -0.000000, 0.000000, 0.000000, 0.166021, -0.986122, 0.000000, 0.986122, 0.166021),

      ["LeftLowerLeg"] = CFrame.new(-0.000000, 0.037974, -0.004414, 1.000000, -0.000000, -0.000000, 0.000000, 0.954072, 0.299565, -0.000000, -0.299578, 0.954076),

      ["LeftUpperArm"] = CFrame.new(0.000000, -0.000000, -0.000000, 0.786702, -0.086835, -0.611195, -0.348743, 0.754430, -0.556070, 0.509390, 0.650611, 0.563229),

      ["LeftUpperLeg"] = CFrame.new(-0.000000, -0.000000, -0.000100, 0.976823, 0.169951, 0.130128, -0.144310, 0.971888, -0.186018, -0.158085, 0.162942, 0.973891),

      ["LowerTorso"] = CFrame.new(-0.036762, -0.040419, 0.003099, 0.997943, -0.064111, -0.000057, 0.064111, 0.997940, 0.002296, -0.000090, -0.002295, 0.999997),

      ["RightFoot"] = CFrame.new(0.000000, 0.010071, -0.000103, 0.998599, 0.040485, 0.034089, -0.037402, 0.995534, -0.086679, -0.037444, 0.085276, 0.995653),

      ["RightHand"] = CFrame.new(-0.000499, -0.000000, -0.000000, 0.858358, 0.510642, -0.049667, -0.510688, 0.859672, 0.012721, 0.049193, 0.014445, 0.998685),

      ["RightLowerArm"] = CFrame.new(0.000000, 0.099962, 0.094751, 1.000000, 0.000000, -0.000000, -0.000000, 0.051493, -0.998673, -0.000000, 0.998673, 0.051492),

      ["RightLowerLeg"] = CFrame.new(0.000000, 0.047916, -0.007582, 1.000000, 0.000000, 0.000000, -0.000000, 0.922964, 0.384878, 0.000000, -0.384887, 0.922968),

      ["RightUpperArm"] = CFrame.new(-0.000000, -0.000001, -0.000000, 0.749888, -0.049501, 0.659710, 0.540719, 0.620410, -0.568079, -0.381170, 0.782714, 0.492005),

      ["RightUpperLeg"] = CFrame.new(0.000000, -0.000000, -0.000000, 0.999662, 0.025263, 0.006094, -0.023391, 0.976846, -0.212647, -0.011325, 0.212449, 0.977110),

      ["UpperTorso"] = CFrame.new(-0.000000, 0.000000, 0.000000, 0.999949, -0.010138, -0.000008, 0.010138, 0.999949, -0.000000, 0.000008, 0.000000, 1.000000),

    }},

    {Time = 0.200, Data = {

      ["Head"] = CFrame.new(-0.000000, -0.000000, -0.000000, 0.999585, 0.022907, 0.017483, -0.023610, 0.998875, 0.041121, -0.016522, -0.041517, 0.999001),

      ["LeftFoot"] = CFrame.new(0.000000, 0.007739, -0.000003, 0.993606, -0.086369, -0.072725, 0.076784, 0.989104, -0.125612, 0.082776, 0.119218, 0.989410),

      ["LeftHand"] = CFrame.new(0.000500, 0.000100, 0.000000, 0.791110, -0.552524, -0.262419, 0.559642, 0.826970, -0.054050, 0.246875, -0.104099, 0.963439),

      ["LeftLowerArm"] = CFrame.new(-0.000500, 0.098437, 0.082386, 1.000000, -0.000000, -0.000000, 0.000000, 0.175153, -0.984541, 0.000000, 0.984541, 0.175152),

      ["LeftLowerLeg"] = CFrame.new(-0.000000, 0.036333, -0.004000, 1.000000, -0.000000, 0.000000, 0.000000, 0.958271, 0.285847, -0.000000, -0.285861, 0.958275),

      ["LeftUpperArm"] = CFrame.new(0.000000, 0.000000, -0.000000, 0.796307, -0.116545, -0.593559, -0.359979, 0.697280, -0.619851, 0.486117, 0.707260, 0.513296),

      ["LeftUpperLeg"] = CFrame.new(-0.000000, -0.000000, -0.000100, 0.976431, 0.168042, 0.135442, -0.142736, 0.973480, -0.178767, -0.161891, 0.155235, 0.974524),

      ["LowerTorso"] = CFrame.new(-0.034139, -0.040479, 0.002972, 0.998325, -0.057847, -0.000048, 0.057847, 0.998323, 0.002202, -0.000079, -0.002201, 0.999998),

      ["RightFoot"] = CFrame.new(0.000000, 0.011039, -0.000103, 0.997989, 0.048494, 0.040833, -0.044011, 0.993570, -0.104320, -0.045627, 0.102304, 0.993705),

      ["RightHand"] = CFrame.new(-0.000500, 0.000001, 0.000000, 0.851353, 0.522137, -0.050696, -0.521963, 0.852785, 0.017677, 0.052461, 0.011412, 0.998558),

      ["RightLowerArm"] = CFrame.new(-0.000000, 0.099857, 0.093039, 1.000000, 0.000000, 0.000000, 0.000000, 0.068618, -0.997643, -0.000000, 0.997643, 0.068618),

      ["RightLowerLeg"] = CFrame.new(0.000000, 0.053328, -0.009596, 1.000000, 0.000000, 0.000000, -0.000000, 0.902502, 0.430678, 0.000000, -0.430685, 0.902506),

      ["RightUpperArm"] = CFrame.new(-0.000000, -0.000000, -0.000000, 0.753791, -0.064352, 0.653956, 0.571017, 0.556624, -0.603415, -0.325176, 0.828268, 0.456324),

      ["RightUpperLeg"] = CFrame.new(-0.000000, -0.000000, -0.000000, 0.999948, 0.009644, 0.003454, -0.008543, 0.971124, -0.238405, -0.005654, 0.238380, 0.971160),

      ["UpperTorso"] = CFrame.new(-0.000000, -0.000000, 0.000000, 0.999939, -0.011056, -0.000012, 0.011056, 0.999939, -0.000000, 0.000012, 0.000000, 1.000000),

    }},

    {Time = 0.217, Data = {

      ["Head"] = CFrame.new(-0.000000, -0.000000, -0.000000, 0.999631, 0.020996, 0.017262, -0.021622, 0.999085, 0.036908, -0.016471, -0.037268, 0.999170),

      ["LeftFoot"] = CFrame.new(0.000000, 0.007436, -0.000003, 0.992899, -0.091000, -0.076624, 0.081537, 0.989579, -0.118686, 0.086621, 0.111590, 0.989971),

      ["LeftHand"] = CFrame.new(0.000500, 0.000100, -0.000000, 0.786571, -0.551407, -0.277952, 0.565993, 0.823769, -0.032519, 0.246898, -0.131739, 0.960044),

      ["LeftLowerArm"] = CFrame.new(-0.000500, 0.098325, 0.081772, 1.000000, -0.000000, -0.000000, 0.000000, 0.181301, -0.983428, 0.000000, 0.983428, 0.181301),

      ["LeftLowerLeg"] = CFrame.new(-0.000000, 0.034697, -0.003609, 1.000000, -0.000000, 0.000000, 0.000000, 0.962229, 0.272228, -0.000000, -0.272242, 0.962233),

      ["LeftUpperArm"] = CFrame.new(0.000000, -0.000000, -0.000000, 0.804368, -0.144270, -0.576348, -0.372366, 0.633490, -0.678258, 0.462963, 0.760182, 0.455838),

      ["LeftUpperLeg"] = CFrame.new(-0.000000, -0.000000, -0.000100, 0.976048, 0.165882, 0.140765, -0.140977, 0.975043, -0.171497, -0.165701, 0.147558, 0.975077),

      ["LowerTorso"] = CFrame.new(-0.031692, -0.040635, 0.002805, 0.998680, -0.051366, -0.000039, 0.051366, 0.998678, 0.002079, -0.000068, -0.002078, 0.999998),

      ["RightFoot"] = CFrame.new(-0.000000, 0.011896, -0.000103, 0.997151, 0.057698, 0.048583, -0.051458, 0.991304, -0.121128, -0.055145, 0.118272, 0.991447),

      ["RightHand"] = CFrame.new(-0.000500, 0.000000, 0.000000, 0.844044, 0.533486, -0.054615, -0.533047, 0.845758, 0.023532, 0.058745, 0.009251, 0.998230),

      ["RightLowerArm"] = CFrame.new(0.000000, 0.099722, 0.091312, 1.000000, 0.000000, -0.000000, -0.000000, 0.085876, -0.996306, -0.000000, 0.996306, 0.085876),

      ["RightLowerLeg"] = CFrame.new(0.000000, 0.058082, -0.011597, 1.000000, 0.000000, 0.000000, -0.000000, 0.882150, 0.470963, 0.000000, -0.470969, 0.882153),

      ["RightUpperArm"] = CFrame.new(0.000000, -0.000000, -0.000000, 0.755289, -0.077239, 0.650824, 0.598203, 0.486937, -0.636432, -0.267753, 0.870015, 0.413983),

      ["RightUpperLeg"] = CFrame.new(0.000000, -0.000000, -0.000000, 0.999969, -0.007850, 0.001218, 0.007895, 0.965167, -0.261500, 0.000877, 0.261519, 0.965203),

      ["UpperTorso"] = CFrame.new(-0.000000, -0.000000, -0.000000, 0.999928, -0.011971, -0.000015, 0.011971, 0.999928, -0.000000, 0.000015, -0.000000, 1.000000),

    }},

    {Time = 0.233, Data = {

      ["Head"] = CFrame.new(-0.000000, 0.000000, -0.000000, 0.999675, 0.018985, 0.017039, -0.019534, 0.999276, 0.032664, -0.016407, -0.032986, 0.999321),

      ["LeftFoot"] = CFrame.new(-0.000000, 0.007100, -0.000003, 0.992157, -0.095617, -0.080512, 0.086392, 0.990039, -0.111174, 0.090335, 0.103343, 0.990534),

      ["LeftHand"] = CFrame.new(0.000500, 0.000100, 0.000000, 0.783571, -0.550799, -0.287470, 0.573405, 0.819244, -0.006732, 0.239214, -0.159560, 0.957766),

      ["LeftLowerArm"] = CFrame.new(-0.000500, 0.098275, 0.081506, 1.000000, -0.000000, -0.000000, 0.000000, 0.183955, -0.982935, 0.000000, 0.982935, 0.183955),

      ["LeftLowerLeg"] = CFrame.new(0.000000, 0.032901, -0.003204, 1.000000, -0.000000, -0.000000, 0.000000, 0.966327, 0.257303, -0.000000, -0.257318, 0.966331),

      ["LeftUpperArm"] = CFrame.new(0.000000, -0.000000, -0.000000, 0.809923, -0.169234, -0.561592, -0.387452, 0.564462, -0.728879, 0.440348, 0.807925, 0.391600),

      ["LeftUpperLeg"] = CFrame.new(0.000000, -0.000000, -0.000100, 0.975674, 0.163366, 0.146195, -0.139044, 0.976700, -0.163458, -0.169492, 0.139168, 0.975658),

      ["LowerTorso"] = CFrame.new(-0.029288, -0.040839, 0.002605, 0.999000, -0.044703, -0.000030, 0.044703, 0.998998, 0.001931, -0.000057, -0.001930, 0.999998),

      ["RightFoot"] = CFrame.new(-0.000000, 0.012636, -0.000103, 0.996095, 0.067538, 0.056869, -0.059224, 0.988805, -0.136967, -0.065478, 0.133052, 0.988942),

      ["RightHand"] = CFrame.new(-0.000500, 0.000001, 0.000000, 0.836394, 0.544636, -0.061779, -0.543847, 0.838633, 0.030419, 0.068376, 0.008156, 0.997626),

      ["RightLowerArm"] = CFrame.new(-0.000000, 0.099556, 0.089586, 1.000000, 0.000000, -0.000000, -0.000000, 0.103146, -0.994666, -0.000000, 0.994666, 0.103146),

      ["RightLowerLeg"] = CFrame.new(-0.000000, 0.062144, -0.013488, 1.000000, 0.000000, 0.000000, -0.000000, 0.862890, 0.505387, 0.000000, -0.505392, 0.862893),

      ["RightUpperArm"] = CFrame.new(-0.000000, -0.000000, -0.000000, 0.754783, -0.086796, 0.650206, 0.621657, 0.411046, -0.666772, -0.209391, 0.907473, 0.364208),

      ["RightUpperLeg"] = CFrame.new(-0.000000, -0.000001, -0.000000, 0.999650, -0.026469, -0.000465, 0.025267, 0.959179, -0.281650, 0.007901, 0.281558, 0.959517),

      ["UpperTorso"] = CFrame.new(-0.000000, -0.000000, -0.000000, 0.999917, -0.012885, -0.000019, 0.012885, 0.999917, -0.000000, 0.000019, -0.000000, 1.000000),

    }},

    {Time = 0.250, Data = {

      ["Head"] = CFrame.new(0.000000, 0.000000, 0.000000, 0.999716, 0.016882, 0.016819, -0.017355, 0.999445, 0.028420, -0.016330, -0.028704, 0.999455),

      ["LeftFoot"] = CFrame.new(-0.000000, 0.006742, -0.000003, 0.991386, -0.100192, -0.084364, 0.091308, 0.990451, -0.103297, 0.093902, 0.094701, 0.991066),

      ["LeftHand"] = CFrame.new(0.000500, 0.000100, 0.000000, 0.782246, -0.551263, -0.290176, 0.581693, 0.813070, 0.023474, 0.222991, -0.187154, 0.956685),

      ["LeftLowerArm"] = CFrame.new(-0.000500, 0.098301, 0.081642, 1.000000, -0.000000, 0.000000, 0.000000, 0.182602, -0.983187, 0.000000, 0.983187, 0.182602),

      ["LeftLowerLeg"] = CFrame.new(0.000000, 0.030997, -0.002802, 1.000000, -0.000000, 0.000000, 0.000000, 0.970391, 0.241525, -0.000000, -0.241541, 0.970395),

      ["LeftUpperArm"] = CFrame.new(-0.000000, 0.000000, -0.000000, 0.811999, -0.191133, -0.551477, -0.406962, 0.491886, -0.769694, 0.418378, 0.849421, 0.321627),

      ["LeftUpperLeg"] = CFrame.new(0.000000, -0.000000, -0.000100, 0.975312, 0.160525, 0.151654, -0.136945, 0.978390, -0.154901, -0.173243, 0.130321, 0.976221),

      ["LowerTorso"] = CFrame.new(-0.026794, -0.041042, 0.002379, 0.999282, -0.037895, -0.000021, 0.037895, 0.999280, 0.001763, -0.000046, -0.001762, 0.999998),

      ["RightFoot"] = CFrame.new(0.000000, 0.013257, -0.000103, 0.994863, 0.077439, 0.065205, -0.066815, 0.986160, -0.151753, -0.076049, 0.146604, 0.986265),

      ["RightHand"] = CFrame.new(-0.000500, 0.000000, 0.000000, 0.828328, 0.555529, -0.072533, -0.554258, 0.831455, 0.038477, 0.081681, 0.008331, 0.996624),

      ["RightLowerArm"] = CFrame.new(-0.000000, 0.099362, 0.087870, 1.000000, 0.000000, 0.000000, -0.000000, 0.120312, -0.992736, -0.000000, 0.992736, 0.120311),

      ["RightLowerLeg"] = CFrame.new(-0.000000, 0.065494, -0.015180, 1.000000, 0.000000, 0.000000, -0.000000, 0.845635, 0.533759, 0.000000, -0.533762, 0.845637),

      ["RightUpperArm"] = CFrame.new(0.000000, -0.000000, -0.000000, 0.752808, -0.091663, 0.651827, 0.640781, 0.328614, -0.693839, -0.150600, 0.940006, 0.306119),

      ["RightUpperLeg"] = CFrame.new(-0.000000, -0.000000, -0.000000, 0.998967, -0.045414, -0.001572, 0.042874, 0.953405, -0.298612, 0.015060, 0.298255, 0.954373),

      ["UpperTorso"] = CFrame.new(-0.000000, -0.000000, 0.000000, 0.999905, -0.013797, -0.000023, 0.013797, 0.999905, -0.000000, 0.000023, -0.000000, 1.000000),

    }},

    {Time = 0.267, Data = {

      ["Head"] = CFrame.new(0.000000, -0.000000, -0.000000, 0.999754, 0.014694, 0.016601, -0.015094, 0.999593, 0.024208, -0.016239, -0.024453, 0.999569),

      ["LeftFoot"] = CFrame.new(0.000000, 0.006366, -0.000003, 0.990590, -0.104697, -0.088158, 0.096240, 0.990788, -0.095275, 0.097315, 0.085892, 0.991540),

      ["LeftHand"] = CFrame.new(0.000500, 0.000100, 0.000000, 0.782495, -0.553351, -0.285490, 0.590459, 0.804971, 0.058147, 0.197634, -0.214067, 0.956616),

