return {

  ["poodle aggressive slap"] = {

    {Time = 0.000, Data = {

      ["Head"] = CFrame.new(0.000000, 0.000000, 0.000000, 0.764574, -0.204633, 0.611189, 0.219245, 0.974287, 0.051934, -0.606100, 0.094293, 0.789779),

      ["LeftFoot"] = CFrame.new(-0.000000, 0.008672, -0.000003, 0.971648, -0.180859, -0.152289, 0.168726, 0.981613, -0.089268, 0.165623, 0.061039, 0.984297),

      ["LeftHand"] = CFrame.new(0.000500, 0.000100, -0.000000, 1.000000, -0.000000, 0.000000, 0.000000, 1.000000, 0.000001, -0.000000, -0.000000, 1.000000),

      ["LeftLowerArm"] = CFrame.new(-0.000500, 0.095421, 0.070084, 1.000000, -0.000000, -0.000000, -0.000000, 0.298201, -0.954503, 0.000000, 0.954503, 0.298201),

      ["LeftLowerLeg"] = CFrame.new(0.000000, 0.041455, -0.005367, 1.000000, -0.000000, -0.000000, 0.000000, 0.944413, 0.328749, -0.000000, -0.328761, 0.944417),

      ["LeftUpperArm"] = CFrame.new(0.000000, -0.000000, -0.000000, 0.967412, 0.190697, 0.166580, -0.185806, 0.981573, -0.044617, -0.172018, 0.012212, 0.985018),

      ["LeftUpperLeg"] = CFrame.new(0.000000, 0.000000, -0.000100, 0.435088, 0.156558, 0.886674, -0.085991, 0.987491, -0.132151, -0.896272, -0.018740, 0.443108),

      ["LowerTorso"] = CFrame.new(0.000000, -0.187765, 0.299094, 0.594060, 0.121083, -0.795255, -0.157387, 0.986995, 0.032708, 0.788874, 0.105732, 0.605392),

      ["RightFoot"] = CFrame.new(-0.000000, 0.019537, -0.000103, 0.973093, 0.176261, 0.148414, -0.125415, 0.945480, -0.300582, -0.193291, 0.273861, 0.942138),

      ["RightHand"] = CFrame.new(-0.000500, 0.000000, 0.000000, 1.000000, 0.000000, -0.000000, -0.000000, 1.000000, 0.000001, 0.000000, -0.000000, 1.000000),

      ["RightLowerArm"] = CFrame.new(-0.000000, 0.063886, 0.022985, 1.000000, 0.000000, 0.000000, -0.000000, 0.769511, -0.638634, -0.000000, 0.638634, 0.769511),

      ["RightLowerLeg"] = CFrame.new(0.000000, 0.087387, -0.027987, 1.000000, 0.000000, 0.000000, -0.000000, 0.713603, 0.700553, 0.000000, -0.700550, 0.713600),

      ["RightUpperArm"] = CFrame.new(0.000000, -0.000000, 0.000000, 0.174726, -0.443610, -0.879023, 0.303218, 0.873611, -0.380607, 0.936766, -0.200034, 0.287153),

      ["RightUpperLeg"] = CFrame.new(-0.000000, 0.000000, -0.000000, 0.740433, 0.012570, 0.672013, 0.320377, 0.872333, -0.369296, -0.590861, 0.488751, 0.641887),

      ["UpperTorso"] = CFrame.new(-0.000000, 0.000000, 0.000000, 1.000000, -0.000000, 0.000000, -0.000000, 1.000000, 0.000000, -0.000000, 0.000000, 1.000000),

    }},

    {Time = 0.017, Data = {

      ["Head"] = CFrame.new(0.000000, 0.000000, 0.000000, 0.794412, -0.196597, 0.574682, 0.192957, 0.978840, 0.068125, -0.575914, 0.056770, 0.815537),

      ["LeftFoot"] = CFrame.new(0.000000, 0.009889, -0.000003, 0.976040, -0.166449, -0.140155, 0.152153, 0.982519, -0.107273, 0.155551, 0.083371, 0.984301),

      ["LeftHand"] = CFrame.new(0.000500, 0.000100, 0.000000, 1.000000, 0.000000, 0.000000, 0.000000, 1.000000, 0.000001, -0.000000, -0.000000, 1.000000),

      ["LeftLowerArm"] = CFrame.new(-0.000500, 0.093724, 0.065131, 1.000000, -0.000000, -0.000000, -0.000000, 0.347757, -0.937585, 0.000000, 0.937585, 0.347757),

      ["LeftLowerLeg"] = CFrame.new(-0.000000, 0.048219, -0.007517, 1.000000, -0.000000, 0.000000, 0.000000, 0.922603, 0.385742, -0.000000, -0.385752, 0.922607),

      ["LeftUpperArm"] = CFrame.new(-0.000000, -0.000000, -0.000000, 0.961624, 0.191526, 0.196459, -0.191457, 0.981307, -0.019522, -0.196526, -0.018840, 0.980318),

      ["LeftUpperLeg"] = CFrame.new(-0.000000, -0.000000, -0.000100, 0.498433, 0.210816, 0.840908, -0.096648, 0.977448, -0.187747, -0.861524, 0.012317, 0.507567),

      ["LowerTorso"] = CFrame.new(0.000000, -0.188802, 0.298297, 0.646260, 0.091731, -0.757584, -0.131413, 0.991296, 0.007927, 0.751717, 0.094433, 0.652690),

      ["RightFoot"] = CFrame.new(0.000000, 0.019032, -0.000103, 0.977109, 0.162742, 0.137031, -0.113963, 0.944273, -0.308825, -0.179642, 0.286118, 0.941196),

      ["RightHand"] = CFrame.new(-0.000500, 0.000000, -0.000000, 1.000000, -0.000000, -0.000000, 0.000000, 1.000000, 0.000001, 0.000000, -0.000000, 1.000000),

      ["RightLowerArm"] = CFrame.new(0.000000, 0.063143, 0.022375, 1.000000, 0.000000, 0.000000, -0.000000, 0.775617, -0.631204, -0.000000, 0.631204, 0.775617),

      ["RightLowerLeg"] = CFrame.new(-0.000000, 0.085904, -0.026990, 1.000000, 0.000000, 0.000000, -0.000000, 0.723960, 0.689844, 0.000000, -0.689842, 0.723958),

      ["RightUpperArm"] = CFrame.new(0.000000, -0.000000, -0.000000, 0.108926, -0.495705, -0.861633, 0.349089, 0.830659, -0.433754, 0.930737, -0.253539, 0.263525),

      ["RightUpperLeg"] = CFrame.new(0.000000, -0.000000, -0.000000, 0.782283, 0.004331, 0.622909, 0.276245, 0.893857, -0.353121, -0.558321, 0.448331, 0.698062),

      ["UpperTorso"] = CFrame.new(-0.000000, 0.000000, -0.000000, 0.999948, -0.009000, 0.004725, 0.009011, 0.999956, -0.002408, -0.004703, 0.002451, 0.999986),

    }},

    {Time = 0.033, Data = {

      ["Head"] = CFrame.new(0.000000, 0.000000, 0.000000, 0.862936, -0.164645, 0.477739, 0.127269, 0.985767, 0.109844, -0.489024, -0.033986, 0.871608),

      ["LeftFoot"] = CFrame.new(0.000000, 0.012380, -0.000003, 0.984635, -0.133581, -0.112479, 0.117527, 0.983300, -0.138969, 0.129156, 0.123604, 0.983888),

      ["LeftHand"] = CFrame.new(0.000500, 0.000100, 0.000000, 1.000000, -0.000000, 0.000000, -0.000000, 1.000000, 0.000001, -0.000000, -0.000000, 1.000000),

      ["LeftLowerArm"] = CFrame.new(-0.000500, 0.088650, 0.053728, 1.000000, -0.000000, -0.000000, 0.000000, 0.461833, -0.886967, 0.000000, 0.886967, 0.461833),

      ["LeftLowerLeg"] = CFrame.new(0.000000, 0.062038, -0.013239, 1.000000, -0.000000, 0.000000, 0.000000, 0.864402, 0.502797, -0.000000, -0.502802, 0.864404),

      ["LeftUpperArm"] = CFrame.new(0.000000, 0.000000, -0.000000, 0.944330, 0.191560, 0.267480, -0.209692, 0.976921, 0.040674, -0.253516, -0.094498, 0.962705),

      ["LeftUpperLeg"] = CFrame.new(0.000000, -0.000000, -0.000100, 0.642163, 0.315369, 0.698696, -0.129492, 0.942983, -0.306604, -0.755552, 0.106427, 0.646388),

      ["LowerTorso"] = CFrame.new(0.000000, -0.191274, 0.292714, 0.761567, 0.018231, -0.647830, -0.062243, 0.997041, -0.045111, 0.645091, 0.074678, 0.760448),

      ["RightFoot"] = CFrame.new(0.000000, 0.017210, -0.000103, 0.984598, 0.133743, 0.112614, -0.090351, 0.940641, -0.327177, -0.149676, 0.311941, 0.938229),

      ["RightHand"] = CFrame.new(-0.000500, 0.000000, 0.000000, 1.000000, 0.000000, -0.000000, -0.000000, 1.000000, 0.000001, 0.000000, -0.000000, 1.000000),

      ["RightLowerArm"] = CFrame.new(0.000000, 0.061092, 0.020753, 1.000000, 0.000000, 0.000000, -0.000000, 0.791856, -0.610708, -0.000000, 0.610708, 0.791856),

      ["RightLowerLeg"] = CFrame.new(-0.000000, 0.080458, -0.023549, 1.000000, 0.000000, 0.000000, -0.000000, 0.759609, 0.650381, 0.000000, -0.650380, 0.759608),

      ["RightUpperArm"] = CFrame.new(0.000000, 0.000000, 0.000000, -0.063012, -0.603750, -0.794679, 0.433179, 0.700801, -0.566775, 0.899103, -0.379951, 0.217373),

      ["RightUpperLeg"] = CFrame.new(-0.000000, 0.000000, -0.000000, 0.872181, -0.008180, 0.489115, 0.171264, 0.941686, -0.289627, -0.458224, 0.336393, 0.822728),

      ["UpperTorso"] = CFrame.new(0.000000, 0.000000, 0.000000, 0.999271, -0.033378, 0.018529, 0.033544, 0.999399, -0.008720, -0.018227, 0.009335, 0.999790),

    }},

    {Time = 0.050, Data = {

      ["Head"] = CFrame.new(-0.000000, 0.000000, 0.000000, 0.934462, -0.098484, 0.342171, 0.042953, 0.985149, 0.166241, -0.353462, -0.140648, 0.924815),

      ["LeftFoot"] = CFrame.new(-0.000000, 0.015254, -0.000003, 0.991434, -0.099912, -0.084128, 0.085887, 0.983953, -0.156412, 0.098400, 0.147833, 0.984103),

      ["LeftHand"] = CFrame.new(0.000500, 0.000100, 0.000000, 1.000000, -0.000000, 0.000000, -0.000000, 1.000000, 0.000001, -0.000000, -0.000000, 1.000000),

      ["LeftLowerArm"] = CFrame.new(-0.000500, 0.080796, 0.041076, 1.000000, -0.000000, -0.000000, 0.000000, 0.588429, -0.808549, 0.000000, 0.808549, 0.588429),

      ["LeftLowerLeg"] = CFrame.new(-0.000000, 0.075161, -0.020284, 1.000000, -0.000000, -0.000000, 0.000000, 0.792319, 0.610107, -0.000000, -0.610107, 0.792319),

      ["LeftUpperArm"] = CFrame.new(-0.000000, -0.000000, 0.000000, 0.917129, 0.188494, 0.351204, -0.241115, 0.963981, 0.112267, -0.317392, -0.187644, 0.929544),

      ["LeftUpperLeg"] = CFrame.new(0.000000, 0.000000, -0.000100, 0.788805, 0.386390, 0.478012, -0.181562, 0.889469, -0.419363, -0.587215, 0.244023, 0.771777),

      ["LowerTorso"] = CFrame.new(0.000000, -0.194225, 0.277560, 0.874378, -0.072636, -0.479778, 0.031406, 0.995131, -0.093421, 0.484228, 0.066617, 0.872402),

      ["RightFoot"] = CFrame.new(0.000000, 0.014020, -0.000103, 0.989946, 0.108203, 0.091108, -0.070869, 0.936825, -0.342567, -0.122411, 0.332644, 0.935065),

      ["RightHand"] = CFrame.new(-0.000500, 0.000000, 0.000000, 1.000000, 0.000000, -0.000000, -0.000000, 1.000000, 0.000001, 0.000000, -0.000000, 1.000000),

      ["RightLowerArm"] = CFrame.new(-0.000000, 0.057984, 0.018455, 1.000000, 0.000000, 0.000000, -0.000000, 0.814865, -0.579651, -0.000000, 0.579651, 0.814865),

      ["RightLowerLeg"] = CFrame.new(0.000000, 0.069547, -0.017396, 1.000000, 0.000000, 0.000000, -0.000000, 0.823015, 0.568017, 0.000000, -0.568019, 0.823017),

      ["RightUpperArm"] = CFrame.new(0.000000, -0.000000, 0.000000, -0.279995, -0.692625, -0.664735, 0.472196, 0.503515, -0.723536, 0.835843, -0.516472, 0.186073),

      ["RightUpperLeg"] = CFrame.new(0.000000, 0.000000, -0.000000, 0.953558, -0.002679, 0.301199, 0.053811, 0.985388, -0.161578, -0.296365, 0.170301, 0.939772),

      ["UpperTorso"] = CFrame.new(0.000000, 0.000000, -0.000000, 0.996770, -0.069115, 0.040910, 0.069871, 0.997405, -0.017347, -0.039604, 0.020150, 0.999012),

    }},

    {Time = 0.067, Data = {

      ["Head"] = CFrame.new(0.000000, -0.000000, -0.000000, 0.980187, -0.001817, 0.198067, -0.042562, 0.974667, 0.219572, -0.193448, -0.223652, 0.955279),

      ["LeftFoot"] = CFrame.new(0.000000, 0.018279, -0.000003, 0.994707, -0.078601, -0.066184, 0.067351, 0.985177, -0.157783, 0.077600, 0.152476, 0.985253),

      ["LeftHand"] = CFrame.new(0.000500, 0.000100, -0.000000, 1.000000, 0.000000, 0.000000, 0.000000, 1.000000, 0.000001, -0.000000, -0.000000, 1.000000),

      ["LeftLowerArm"] = CFrame.new(-0.000500, 0.072828, 0.031471, 1.000000, -0.000000, -0.000000, 0.000000, 0.684558, -0.728958, 0.000000, 0.728959, 0.684558),

      ["LeftLowerLeg"] = CFrame.new(-0.000000, 0.084457, -0.025808, 1.000000, -0.000000, -0.000000, 0.000000, 0.735173, 0.677882, -0.000000, -0.677879, 0.735171),

      ["LeftUpperArm"] = CFrame.new(0.000000, -0.000000, 0.000000, 0.887607, 0.187400, 0.420757, -0.281098, 0.944044, 0.172525, -0.364882, -0.271408, 0.890617),

      ["LeftUpperLeg"] = CFrame.new(0.000000, 0.000000, -0.000100, 0.884383, 0.391407, 0.254306, -0.233111, 0.842377, -0.485843, -0.404384, 0.370408, 0.836233),

      ["LowerTorso"] = CFrame.new(0.000000, -0.196698, 0.248049, 0.942995, -0.146829, -0.298668, 0.116509, 0.986273, -0.117005, 0.311748, 0.075538, 0.947158),

      ["RightFoot"] = CFrame.new(-0.000000, 0.011241, -0.000103, 0.991651, 0.098643, 0.083060, -0.064332, 0.936650, -0.344331, -0.111756, 0.336091, 0.935167),

      ["RightHand"] = CFrame.new(-0.000500, 0.000000, 0.000000, 1.000000, 0.000000, -0.000000, 0.000000, 1.000000, 0.000001, 0.000000, -0.000000, 1.000000),

      ["RightLowerArm"] = CFrame.new(-0.000000, 0.054081, 0.015821, 1.000000, 0.000000, 0.000000, -0.000000, 0.841247, -0.540650, -0.000000, 0.540650, 0.841247),

      ["RightLowerLeg"] = CFrame.new(-0.000000, 0.054446, -0.010046, 1.000000, 0.000000, 0.000000, -0.000000, 0.897925, 0.440141, 0.000000, -0.440149, 0.897929),

      ["RightUpperArm"] = CFrame.new(0.000000, -0.000000, 0.000000, -0.448534, -0.737998, -0.504160, 0.432867, 0.314140, -0.844951, 0.781948, -0.597223, 0.178553),

      ["RightUpperLeg"] = CFrame.new(-0.000000, -0.000000, -0.000000, 0.993049, 0.026402, 0.114705, -0.027992, 0.999533, 0.012285, -0.114328, -0.015392, 0.993324),

      ["UpperTorso"] = CFrame.new(0.000000, 0.000000, 0.000000, 0.991142, -0.112057, 0.071285, 0.114190, 0.993104, -0.026567, -0.067817, 0.034472, 0.997102),

    }},

    {Time = 0.083, Data = {

      ["Head"] = CFrame.new(0.000000, -0.000000, -0.000000, 0.991406, 0.106525, 0.075938, -0.122141, 0.961643, 0.245613, -0.046862, -0.252777, 0.966389),

      ["LeftFoot"] = CFrame.new(0.000000, 0.019658, -0.000003, 0.995734, -0.070580, -0.059430, 0.059982, 0.984582, -0.164330, 0.070108, 0.160050, 0.984614),

      ["LeftHand"] = CFrame.new(0.000500, 0.000100, -0.000000, 1.000000, 0.000000, 0.000000, 0.000000, 1.000000, 0.000001, -0.000000, -0.000000, 1.000000),

      ["LeftLowerArm"] = CFrame.new(-0.000500, 0.069140, 0.027753, 1.000000, -0.000000, -0.000000, 0.000000, 0.721778, -0.692125, 0.000000, 0.692125, 0.721778),

      ["LeftLowerLeg"] = CFrame.new(0.000000, 0.088515, -0.028524, 1.000000, -0.000000, -0.000000, 0.000000, 0.706991, 0.707227, -0.000000, -0.707223, 0.706987),

      ["LeftUpperArm"] = CFrame.new(-0.000000, -0.000000, 0.000000, 0.868303, 0.201317, 0.453345, -0.320673, 0.925097, 0.203385, -0.378443, -0.321975, 0.867821),

      ["LeftUpperLeg"] = CFrame.new(0.000000, -0.000000, -0.000100, 0.928408, 0.353576, 0.114208, -0.253328, 0.827184, -0.501570, -0.271815, 0.436749, 0.857545),

      ["LowerTorso"] = CFrame.new(0.000000, -0.197734, 0.199396, 0.970575, -0.174460, -0.165977, 0.156147, 0.980693, -0.117724, 0.183311, 0.088343, 0.979078),

      ["RightFoot"] = CFrame.new(-0.000000, 0.008609, -0.000103, 0.990743, 0.103845, 0.087440, -0.067411, 0.935404, -0.347115, -0.117830, 0.337988, 0.933738),

      ["RightHand"] = CFrame.new(-0.000500, 0.000000, -0.000000, 1.000000, -0.000000, -0.000000, 0.000000, 1.000000, 0.000001, 0.000000, 0.000000, 1.000000),

      ["RightLowerArm"] = CFrame.new(-0.000000, 0.049687, 0.013160, 1.000000, 0.000000, 0.000000, -0.000000, 0.867902, -0.496736, -0.000000, 0.496735, 0.867902),

      ["RightLowerLeg"] = CFrame.new(0.000000, 0.039796, -0.005055, 1.000000, 0.000000, -0.000000, -0.000000, 0.948590, 0.316496, 0.000000, -0.316509, 0.948594),

      ["RightUpperArm"] = CFrame.new(0.000000, -0.000000, 0.000000, -0.492597, -0.785500, -0.374618, 0.347050, 0.217447, -0.912290, 0.798063, -0.579402, 0.165494),

      ["RightUpperLeg"] = CFrame.new(0.000000, -0.000000, -0.000000, 0.998577, 0.050626, -0.016789, -0.047142, 0.984963, 0.166222, 0.024952, -0.165180, 0.985945),

      ["UpperTorso"] = CFrame.new(0.000000, -0.000000, -0.000000, 0.981424, -0.157969, 0.108868, 0.162570, 0.986086, -0.034712, -0.101870, 0.051766, 0.993450),

    }},

    {Time = 0.100, Data = {

      ["Head"] = CFrame.new(-0.000000, -0.000000, 0.000000, 0.978768, 0.204838, -0.007417, -0.196949, 0.949866, 0.242827, 0.056785, -0.236211, 0.970041),

      ["LeftFoot"] = CFrame.new(0.000000, 0.020189, -0.000003, 0.995812, -0.069941, -0.058891, 0.057371, 0.979491, -0.193163, 0.071189, 0.188960, 0.979398),

      ["LeftHand"] = CFrame.new(0.000500, 0.000100, 0.000000, 1.000000, 0.000000, 0.000000, 0.000000, 1.000000, 0.000001, -0.000000, 0.000000, 1.000000),

      ["LeftLowerArm"] = CFrame.new(-0.000500, 0.069140, 0.027753, 1.000000, -0.000000, -0.000000, 0.000000, 0.721778, -0.692125, 0.000000, 0.692125, 0.721778),

      ["LeftLowerLeg"] = CFrame.new(-0.000000, 0.090032, -0.029585, 1.000000, -0.000000, -0.000000, 0.000000, 0.695963, 0.718082, -0.000000, -0.718078, 0.695959),

      ["LeftUpperArm"] = CFrame.new(-0.000000, -0.000001, 0.000000, 0.890501, 0.248983, 0.380810, -0.350595, 0.908963, 0.225544, -0.289985, -0.334357, 0.896724),

      ["LeftUpperLeg"] = CFrame.new(-0.000000, -0.000000, -0.000100, 0.947266, 0.314809, 0.059854, -0.244188, 0.830075, -0.501327, -0.207506, 0.460294, 0.863185),

      ["LowerTorso"] = CFrame.new(0.000000, -0.197734, 0.130006, 0.981002, -0.167241, -0.098315, 0.158264, 0.983008, -0.092991, 0.112196, 0.075664, 0.990801),

      ["RightFoot"] = CFrame.new(0.000000, 0.006219, -0.000103, 0.988367, 0.116343, 0.097964, -0.074507, 0.931888, -0.355030, -0.132588, 0.343583, 0.929708),

      ["RightHand"] = CFrame.new(-0.000500, 0.000000, 0.000000, 1.000000, 0.000000, -0.000000, -0.000000, 1.000000, 0.000001, 0.000000, -0.000000, 1.000000),

      ["RightLowerArm"] = CFrame.new(-0.000000, 0.045156, 0.010724, 1.000000, 0.000000, 0.000000, -0.000000, 0.892299, -0.451446, -0.000000, 0.451446, 0.892299),

      ["RightLowerLeg"] = CFrame.new(0.000000, 0.027043, -0.002194, 1.000000, 0.000000, 0.000000, -0.000000, 0.977565, 0.210616, 0.000000, -0.210632, 0.977569),

      ["RightUpperArm"] = CFrame.new(0.004417, 0.006673, -0.038031, -0.347726, -0.901606, -0.257282, 0.212200, 0.191608, -0.958258, 0.913268, -0.387806, 0.124694),

      ["RightUpperLeg"] = CFrame.new(0.000000, 0.000000, 0.000000, 0.994079, 0.055482, -0.093424, -0.028606, 0.963114, 0.267583, 0.104824, -0.263314, 0.958995),

      ["UpperTorso"] = CFrame.new(-0.000000, 0.000000, 0.000000, 0.967281, -0.202663, 0.152627, 0.210995, 0.976654, -0.040359, -0.140884, 0.071242, 0.987460),

    }},

    {Time = 0.117, Data = {

      ["Head"] = CFrame.new(0.000000, -0.000000, 0.000000, 0.956617, 0.284578, -0.062444, -0.263915, 0.937198, 0.228056, 0.123422, -0.201682, 0.971644),

      ["LeftFoot"] = CFrame.new(0.000000, 0.020673, -0.000003, 0.995483, -0.072627, -0.061153, 0.056205, 0.969898, -0.236955, 0.076517, 0.232429, 0.969594),

      ["LeftHand"] = CFrame.new(0.000500, 0.000100, 0.000000, 1.000000, -0.000000, 0.000000, 0.000000, 1.000000, 0.000001, -0.000000, -0.000000, 1.000000),

      ["LeftLowerArm"] = CFrame.new(-0.000500, 0.069140, 0.027753, 1.000000, -0.000000, -0.000000, 0.000000, 0.721777, -0.692125, 0.000000, 0.692125, 0.721778),

      ["LeftLowerLeg"] = CFrame.new(-0.000000, 0.091335, -0.030500, 1.000000, -0.000000, -0.000000, 0.000000, 0.686427, 0.727203, -0.000000, -0.727199, 0.686422),

      ["LeftUpperArm"] = CFrame.new(0.000000, -0.000000, 0.000000, 0.928222, 0.323314, 0.184041, -0.363755, 0.892487, 0.266741, -0.078013, -0.314540, 0.946033),

      ["LeftUpperLeg"] = CFrame.new(-0.000000, -0.000000, -0.000100, 0.955910, 0.291181, 0.038062, -0.230718, 0.824868, -0.516083, -0.181671, 0.484568, 0.855692),

      ["LowerTorso"] = CFrame.new(0.000000, -0.197734, 0.051045, 0.985542, -0.156230, -0.065564, 0.153891, 0.987304, -0.039357, 0.070880, 0.028699, 0.997072),

      ["RightFoot"] = CFrame.new(-0.000000, 0.002604, -0.000103, 0.984946, 0.132234, 0.111345, -0.086189, 0.933974, -0.346805, -0.149844, 0.331974, 0.931305),

      ["RightHand"] = CFrame.new(-0.000500, -0.000000, 0.000000, 1.000000, 0.000000, -0.000000, -0.000000, 1.000000, 0.000001, 0.000000, -0.000000, 1.000000),

      ["RightLowerArm"] = CFrame.new(-0.000000, 0.040886, 0.008695, 1.000000, 0.000000, 0.000000, -0.000000, 0.912639, -0.408767, -0.000000, 0.408767, 0.912639),

      ["RightLowerLeg"] = CFrame.new(0.000000, 0.010078, -0.000262, 1.000000, 0.000000, -0.000000, -0.000000, 0.997165, 0.075225, -0.000000, -0.075244, 0.997167),

      ["RightUpperArm"] = CFrame.new(0.014952, 0.022585, -0.128720, 0.016092, -0.993280, -0.114608, 0.033089, 0.115089, -0.992804, 0.999323, 0.012185, 0.034718),

      ["RightUpperLeg"] = CFrame.new(0.000000, -0.000000, -0.000000, 0.987618, 0.063231, -0.143568, -0.010346, 0.939432, 0.342586, 0.156535, -0.336851, 0.928452),

      ["UpperTorso"] = CFrame.new(-0.000000, -0.000000, -0.000000, 0.949110, -0.242182, 0.201342, 0.255476, 0.965881, -0.042494, -0.184182, 0.091769, 0.978599),

    }},

    {Time = 0.133, Data = {

      ["Head"] = CFrame.new(0.000000, 0.000000, 0.000000, 0.932943, 0.344032, -0.106108, -0.318314, 0.925919, 0.203349, 0.168206, -0.155937, 0.973340),

      ["LeftFoot"] = CFrame.new(0.000000, 0.020915, -0.000003, 0.995006, -0.076356, -0.064293, 0.055440, 0.958350, -0.280183, 0.083004, 0.275200, 0.957791),

      ["LeftHand"] = CFrame.new(0.000500, 0.000100, 0.000000, 1.000000, -0.000000, 0.000000, -0.000000, 1.000000, 0.000001, -0.000000, -0.000000, 1.000000),

      ["LeftLowerArm"] = CFrame.new(-0.000500, 0.069140, 0.027753, 1.000000, -0.000000, -0.000000, 0.000000, 0.721778, -0.692125, 0.000000, 0.692125, 0.721777),

      ["LeftLowerLeg"] = CFrame.new(0.000000, 0.091922, -0.030898, 1.000000, -0.000000, -0.000000, 0.000000, 0.682263, 0.731111, -0.000000, -0.731107, 0.682259),

      ["LeftUpperArm"] = CFrame.new(0.000000, 0.000000, 0.000000, 0.916977, 0.393875, -0.063365, -0.356165, 0.879819, 0.314746, 0.179720, -0.266047, 0.947058),

      ["LeftUpperLeg"] = CFrame.new(0.000000, -0.000000, -0.000100, 0.960327, 0.276720, 0.034615, -0.214338, 0.811775, -0.543195, -0.178414, 0.514244, 0.838893),

      ["LowerTorso"] = CFrame.new(0.000000, -0.197734, -0.023130, 0.988062, -0.144433, -0.053601, 0.146316, 0.988687, 0.033021, 0.048225, -0.040470, 0.998016),

      ["RightFoot"] = CFrame.new(-0.000000, -0.006411, -0.000103, 0.980991, 0.148443, 0.124994, -0.095107, 0.929205, -0.357131, -0.169148, 0.338441, 0.925653),

      ["RightHand"] = CFrame.new(-0.000500, -0.000000, 0.000000, 1.000000, -0.000000, -0.000000, 0.000000, 1.000000, 0.000001, 0.000000, -0.000000, 1.000000),

      ["RightLowerArm"] = CFrame.new(-0.000000, 0.037304, 0.007178, 1.000000, 0.000000, 0.000000, -0.000000, 0.927847, -0.372962, -0.000000, 0.372962, 0.927847),

      ["RightLowerLeg"] = CFrame.new(-0.000000, -0.006387, -0.000081, 1.000000, -0.000000, -0.000000, -0.000000, 1.000000, -0.000008, 0.000000, -0.000011, 1.000000),

      ["RightUpperArm"] = CFrame.new(0.027524, 0.041578, -0.236962, 0.480479, -0.877006, -0.000775, -0.089292, -0.048041, -0.994846, 0.872449, 0.478072, -0.101392),

      ["RightUpperLeg"] = CFrame.new(0.000000, -0.000000, -0.000000, 0.981457, 0.066377, -0.179822, 0.002176, 0.934211, 0.356721, 0.191670, -0.350491, 0.916741),

      ["UpperTorso"] = CFrame.new(-0.000000, -0.000000, -0.000000, 0.927965, -0.272946, 0.253735, 0.292156, 0.955507, -0.040628, -0.231356, 0.111831, 0.966420),

    }},

    {Time = 0.150, Data = {

      ["Head"] = CFrame.new(-0.000000, 0.000000, 0.000000, 0.911336, 0.381684, -0.154218, -0.355567, 0.918620, 0.172366, 0.207457, -0.102248, 0.972886),

      ["LeftFoot"] = CFrame.new(0.000000, 0.020885, -0.000003, 0.994609, -0.079325, -0.066793, 0.054873, 0.949125, -0.310104, 0.087988, 0.304746, 0.948354),

      ["LeftHand"] = CFrame.new(0.000500, 0.000100, -0.000000, 1.000000, -0.000000, 0.000000, -0.000000, 1.000000, 0.000001, -0.000000, -0.000000, 1.000000),

      ["LeftLowerArm"] = CFrame.new(-0.000500, 0.069140, 0.027753, 1.000000, -0.000000, -0.000000, 0.000000, 0.721778, -0.692125, 0.000000, 0.692125, 0.721777),

      ["LeftLowerLeg"] = CFrame.new(-0.000000, 0.091851, -0.030850, 1.000000, -0.000000, -0.000000, 0.000000, 0.682769, 0.730638, -0.000000, -0.730634, 0.682765),

      ["LeftUpperArm"] = CFrame.new(-0.000000, -0.000000, 0.000000, 0.859926, 0.437863, -0.262304, -0.336333, 0.872644, 0.354080, 0.383937, -0.216261, 0.897677),

      ["LeftUpperLeg"] = CFrame.new(-0.000000, -0.000000, -0.000100, 0.963465, 0.265703, 0.033720, -0.196975, 0.788226, -0.582993, -0.181483, 0.555069, 0.811777),

      ["LowerTorso"] = CFrame.new(0.000000, -0.197734, -0.078163, 0.989740, -0.134448, -0.048349, 0.139180, 0.983733, 0.113571, 0.032293, -0.119135, 0.992353),

      ["RightFoot"] = CFrame.new(-0.000000, -0.017371, -0.000104, 0.977353, 0.161879, 0.136307, -0.097690, 0.916478, -0.387990, -0.187719, 0.365872, 0.911529),

      ["RightHand"] = CFrame.new(-0.000500, 0.000000, 0.000000, 1.000000, -0.000000, -0.000000, -0.000000, 1.000000, 0.000001, 0.000000, -0.000000, 1.000000),

      ["RightLowerArm"] = CFrame.new(-0.000000, 0.034844, 0.006229, 1.000000, 0.000000, 0.000000, 0.000000, 0.937356, -0.348373, -0.000000, 0.348372, 0.937356),

      ["RightLowerLeg"] = CFrame.new(-0.000000, -0.017310, -0.000225, 1.000000, -0.000000, 0.000000, -0.000000, 1.000000, -0.000008, 0.000000, -0.000011, 1.000000),

      ["RightUpperArm"] = CFrame.new(0.038058, 0.057490, -0.327651, 0.810897, -0.581262, 0.067678, -0.072429, -0.214455, -0.974045, 0.580690, 0.784948, -0.216001),

      ["RightUpperLeg"] = CFrame.new(-0.000000, -0.000000, 0.000000, 0.975522, 0.064093, -0.210352, 0.005080, 0.949759, 0.312949, 0.219842, -0.306351, 0.926183),

      ["UpperTorso"] = CFrame.new(-0.000000, 0.000000, 0.000000, 0.905321, -0.291807, 0.308613, 0.317339, 0.947672, -0.034853, -0.282293, 0.129488, 0.950549),

    }},

    {Time = 0.167, Data = {

      ["Head"] = CFrame.new(0.000000, 0.000000, -0.000000, 0.891857, 0.394439, -0.221379, -0.371397, 0.917959, 0.139339, 0.258177, -0.042051, 0.965182),

      ["LeftFoot"] = CFrame.new(-0.000000, 0.020752, -0.000003, 0.994554, -0.079730, -0.067134, 0.054644, 0.947335, -0.315568, 0.088753, 0.310159, 0.946525),

      ["LeftHand"] = CFrame.new(0.000500, 0.000100, -0.000000, 1.000000, 0.000000, 0.000000, 0.000000, 1.000000, 0.000001, -0.000000, -0.000000, 1.000000),

      ["LeftLowerArm"] = CFrame.new(-0.000500, 0.069141, 0.027753, 1.000000, -0.000000, -0.000000, 0.000000, 0.721778, -0.692125, 0.000000, 0.692125, 0.721778),

      ["LeftLowerLeg"] = CFrame.new(0.000000, 0.091528, -0.030630, 1.000000, -0.000000, -0.000000, 0.000000, 0.685063, 0.728488, -0.000000, -0.728484, 0.685058),

      ["LeftUpperArm"] = CFrame.new(-0.000000, -0.000000, -0.000000, 0.824598, 0.453821, -0.337765, -0.322649, 0.867700, 0.378147, 0.464690, -0.202840, 0.861928),

      ["LeftUpperLeg"] = CFrame.new(-0.000000, 0.000000, -0.000100, 0.967462, 0.252297, 0.019047, -0.182839, 0.749170, -0.636627, -0.174889, 0.612447, 0.770936),

      ["LowerTorso"] = CFrame.new(0.000000, -0.197734, -0.099698, 0.990801, -0.130332, -0.036419, 0.134919, 0.972201, 0.191367, 0.010465, -0.194521, 0.980843),

      ["RightFoot"] = CFrame.new(0.000000, -0.023268, -0.000103, 0.975214, 0.169259, 0.142521, -0.098913, 0.909629, -0.403491, -0.197924, 0.379377, 0.903816),

      ["RightHand"] = CFrame.new(-0.000500, -0.000000, -0.000000, 1.000000, -0.000000, -0.000000, -0.000000, 1.000000, 0.000001, 0.000000, 0.000000, 1.000000),

      ["RightLowerArm"] = CFrame.new(0.000000, 0.033932, 0.005896, 1.000000, 0.000000, 0.000000, -0.000000, 0.940693, -0.339260, -0.000000, 0.339260, 0.940693),

      ["RightLowerLeg"] = CFrame.new(-0.000000, -0.023186, -0.000303, 1.000000, -0.000000, -0.000000, -0.000000, 1.000000, -0.000008, -0.000000, -0.000011, 1.000000),

      ["RightUpperArm"] = CFrame.new(0.042476, 0.064164, -0.365682, 0.939589, -0.305471, 0.154465, 0.061991, -0.291940, -0.954426, 0.336644, 0.906344, -0.255367),

      ["RightUpperLeg"] = CFrame.new(-0.000000, -0.000000, -0.000000, 0.968632, 0.068731, -0.238805, -0.005137, 0.966323, 0.257288, 0.248447, -0.247984, 0.936363),

      ["UpperTorso"] = CFrame.new(-0.000000, 0.000000, 0.000000, 0.882712, -0.295962, 0.365002, 0.327382, 0.944538, -0.025855, -0.337107, 0.142317, 0.930647),

    }},

    {Time = 0.183, Data = {

      ["Head"] = CFrame.new(0.000000, 0.000000, -0.000000, 0.866151, 0.386895, -0.316377, -0.372283, 0.921807, 0.108066, 0.333449, 0.024180, 0.942458),

      ["LeftFoot"] = CFrame.new(-0.000000, 0.020774, -0.000003, 0.994769, -0.078145, -0.065800, 0.054674, 0.951340, -0.303273, 0.086292, 0.298068, 0.950629),

      ["LeftHand"] = CFrame.new(0.000500, 0.000100, 0.000000, 1.000000, -0.000000, 0.000000, 0.000000, 1.000000, 0.000001, -0.000000, 0.000000, 1.000000),

      ["LeftLowerArm"] = CFrame.new(-0.000500, 0.070481, 0.029060, 1.000000, -0.000000, -0.000000, 0.000000, 0.708695, -0.705515, 0.000000, 0.705515, 0.708695),

      ["LeftLowerLeg"] = CFrame.new(-0.000000, 0.091583, -0.030667, 1.000000, -0.000000, -0.000000, 0.000000, 0.684674, 0.728853, -0.000000, -0.728849, 0.684670),

      ["LeftUpperArm"] = CFrame.new(-0.000000, -0.000000, -0.000000, 0.825558, 0.457817, -0.329935, -0.317086, 0.859970, 0.399885, 0.466809, -0.225511, 0.855122),

      ["LeftUpperLeg"] = CFrame.new(0.000000, -0.000000, -0.000100, 0.973253, 0.229228, -0.015264, -0.175332, 0.698187, -0.694099, -0.148450, 0.678226, 0.719718),

      ["LowerTorso"] = CFrame.new(0.000000, -0.201149, -0.098703, 0.991075, -0.133074, -0.007793, 0.130559, 0.957224, 0.258220, -0.026902, -0.256933, 0.966055),

      ["RightFoot"] = CFrame.new(-0.000000, -0.024585, -0.000103, 0.973689, 0.174320, 0.146782, -0.099872, 0.905364, -0.412742, -0.204828, 0.387207, 0.898943),

      ["RightHand"] = CFrame.new(-0.000500, 0.000000, 0.000000, 1.000000, -0.000000, -0.000000, -0.000000, 1.000000, 0.000001, 0.000000, 0.000000, 1.000000),

      ["RightLowerArm"] = CFrame.new(-0.000000, 0.036401, 0.006822, 1.000000, 0.000000, 0.000000, -0.000000, 0.931423, -0.363938, -0.000000, 0.363937, 0.931423),

      ["RightLowerLeg"] = CFrame.new(0.000000, -0.024499, -0.000321, 1.000000, -0.000000, -0.000000, -0.000000, 1.000000, -0.000008, 0.000000, -0.000011, 1.000000),

      ["RightUpperArm"] = CFrame.new(0.041286, 0.062367, -0.355442, 0.956658, -0.111565, 0.268997, 0.225220, -0.302134, -0.926278, 0.184613, 0.946715, -0.263912),

      ["RightUpperLeg"] = CFrame.new(0.000000, -0.000000, -0.000000, 0.957181, 0.080690, -0.278017, -0.022066, 0.977912, 0.207855, 0.288649, -0.192813, 0.937818),

      ["UpperTorso"] = CFrame.new(-0.000000, 0.000000, -0.000000, 0.858875, -0.290240, 0.422013, 0.326279, 0.945170, -0.013998, -0.394811, 0.149716, 0.906482),

    }},

    {Time = 0.200, Data = {

      ["Head"] = CFrame.new(0.000000, 0.000000, 0.000000, 0.824712, 0.365473, -0.431601, -0.368978, 0.926064, 0.079127, 0.428609, 0.093994, 0.898587),

      ["LeftFoot"] = CFrame.new(-0.000000, 0.021063, -0.000003, 0.994960, -0.076709, -0.064590, 0.055025, 0.956092, -0.287875, 0.083832, 0.282849, 0.955487),

      ["LeftHand"] = CFrame.new(0.000500, 0.000100, 0.000000, 1.000000, 0.000000, 0.000000, -0.000000, 1.000000, 0.000001, -0.000000, -0.000000, 1.000000),

      ["LeftLowerArm"] = CFrame.new(-0.000500, 0.073993, 0.032731, 1.000000, -0.000000, -0.000000, 0.000000, 0.671948, -0.740598, 0.000000, 0.740598, 0.671948),

      ["LeftLowerLeg"] = CFrame.new(0.000000, 0.092282, -0.031144, 1.000000, -0.000000, -0.000000, 0.000000, 0.679692, 0.733502, -0.000000, -0.733498, 0.679688),

      ["LeftUpperArm"] = CFrame.new(-0.000000, -0.000000, -0.000000, 0.828626, 0.462469, -0.315439, -0.309352, 0.847918, 0.430507, 0.466562, -0.259147, 0.845673),

      ["LeftUpperLeg"] = CFrame.new(0.000000, -0.000000, -0.000100, 0.979003, 0.194573, -0.060772, -0.174214, 0.643835, -0.745054, -0.105841, 0.740012, 0.664230),

      ["LowerTorso"] = CFrame.new(0.000000, -0.210719, -0.095852, 0.989444, -0.140380, 0.035963, 0.122174, 0.941550, 0.313938, -0.077931, -0.306230, 0.948762),

      ["RightFoot"] = CFrame.new(-0.000000, -0.023517, -0.000103, 0.970909, 0.183169, 0.154233, -0.101966, 0.899036, -0.425856, -0.216652, 0.397724, 0.891549),

      ["RightHand"] = CFrame.new(-0.000500, 0.000000, 0.000000, 1.000000, 0.000000, -0.000000, -0.000000, 1.000000, 0.000001, 0.000000, 0.000000, 1.000000),

      ["RightLowerArm"] = CFrame.new(0.000001, 0.043141, 0.009736, 1.000000, 0.000000, 0.000000, -0.000000, 0.902204, -0.431311, -0.000000, 0.431311, 0.902204),

      ["RightLowerLeg"] = CFrame.new(0.000000, -0.023434, -0.000307, 1.000000, 0.000000, 0.000000, -0.000000, 1.000000, -0.000008, 0.000000, -0.000011, 1.000000),

      ["RightUpperArm"] = CFrame.new(0.038058, 0.057491, -0.327651, 0.931857, 0.044674, 0.360065, 0.356550, -0.296527, -0.885970, 0.067189, 0.953979, -0.292249),

      ["RightUpperLeg"] = CFrame.new(0.000000, 0.000000, -0.000000, 0.937891, 0.095395, -0.333557, -0.037685, 0.983778, 0.175395, 0.344877, -0.151924, 0.926270),

      ["UpperTorso"] = CFrame.new(0.000000, 0.000000, 0.000000, 0.831766, -0.281765, 0.478304, 0.320691, 0.947184, 0.000300, -0.453126, 0.153138, 0.878195),

    }},

    {Time = 0.217, Data = {

      ["Head"] = CFrame.new(-0.000000, -0.000000, -0.000000, 0.764009, 0.329197, -0.554905, -0.363339, 0.930227, 0.051601, 0.533175, 0.162195, 0.830312),

      ["LeftFoot"] = CFrame.new(-0.000000, 0.021431, -0.000002, 0.995043, -0.076070, -0.064052, 0.056122, 0.961282, -0.269810, 0.082092, 0.264858, 0.960781),

      ["LeftHand"] = CFrame.new(0.000500, 0.000100, -0.000000, 1.000000, -0.000000, 0.000000, 0.000000, 1.000000, 0.000001, -0.000000, -0.000000, 1.000000),

      ["LeftLowerArm"] = CFrame.new(-0.000500, 0.078818, 0.038455, 1.000000, -0.000000, -0.000000, 0.000000, 0.614661, -0.788791, 0.000000, 0.788791, 0.614662),

      ["LeftLowerLeg"] = CFrame.new(-0.000000, 0.093316, -0.031925, 1.000000, -0.000000, -0.000000, 0.000000, 0.671561, 0.740953, -0.000000, -0.740949, 0.671556),

      ["LeftUpperArm"] = CFrame.new(0.000000, 0.000000, 0.000000, 0.833578, 0.466758, -0.295440, -0.300265, 0.831771, 0.466902, 0.463668, -0.300489, 0.833498),

      ["LeftUpperLeg"] = CFrame.new(0.000000, 0.000000, -0.000100, 0.982353, 0.149895, -0.111865, -0.179515, 0.587695, -0.788904, -0.052511, 0.795076, 0.604249),

      ["LowerTorso"] = CFrame.new(0.000000, -0.225427, -0.091340, 0.984247, -0.152044, 0.090221, 0.110155, 0.926535, 0.359720, -0.138286, -0.344116, 0.928688),

      ["RightFoot"] = CFrame.new(-0.000000, -0.020303, -0.000103, 0.966467, 0.196437, 0.165406, -0.105511, 0.890968, -0.441656, -0.234114, 0.409376, 0.881806),

      ["RightHand"] = CFrame.new(-0.000500, 0.000000, -0.000000, 1.000000, 0.000000, -0.000000, 0.000000, 1.000000, 0.000001, 0.000000, -0.000000, 1.000000),

      ["RightLowerArm"] = CFrame.new(0.000000, 0.053063, 0.015177, 1.000000, 0.000000, 0.000000, -0.000000, 0.847699, -0.530477, -0.000000, 0.530477, 0.847699),

      ["RightLowerLeg"] = CFrame.new(-0.000000, -0.020231, -0.000264, 1.000000, 0.000000, -0.000000, 0.000000, 1.000000, -0.000008, 0.000000, -0.000011, 1.000000),

      ["RightUpperArm"] = CFrame.new(0.033301, 0.050304, -0.286694, 0.885888, 0.168293, 0.432296, 0.463415, -0.278463, -0.841252, -0.021198, 0.945588, -0.324676),

      ["RightUpperLeg"] = CFrame.new(0.000000, 0.000000, -0.000000, 0.909111, 0.111951, -0.401229, -0.051771, 0.986107, 0.157843, 0.413325, -0.122718, 0.902275),

      ["UpperTorso"] = CFrame.new(0.000000, 0.000000, 0.000000, 0.801782, -0.271302, 0.532485, 0.311008, 0.950275, 0.015870, -0.510313, 0.152883, 0.846291),

    }},

    {Time = 0.233, Data = {

      ["Head"] = CFrame.new(-0.000000, 0.000000, 0.000000, 0.684210, 0.279504, -0.673598, -0.356894, 0.933811, 0.024961, 0.635990, 0.223324, 0.738677),

      ["LeftFoot"] = CFrame.new(0.000000, 0.021821, -0.000002, 0.994963, -0.076686, -0.064571, 0.058289, 0.966559, -0.249749, 0.081559, 0.244708, 0.966155),

      ["LeftHand"] = CFrame.new(0.000500, 0.000100, -0.000000, 1.000000, 0.000000, 0.000000, 0.000000, 1.000000, 0.000001, -0.000000, -0.000000, 1.000000),

      ["LeftLowerArm"] = CFrame.new(-0.000500, 0.084081, 0.045866, 1.000000, -0.000000, -0.000000, 0.000000, 0.540500, -0.841344, 0.000000, 0.841344, 0.540500),

      ["LeftLowerLeg"] = CFrame.new(0.000000, 0.094523, -0.032905, 1.000000, -0.000000, -0.000000, 0.000000, 0.661394, 0.750043, -0.000000, -0.750039, 0.661389),

      ["LeftUpperArm"] = CFrame.new(0.000000, -0.000000, 0.000000, 0.840126, 0.469726, -0.271195, -0.290702, 0.812070, 0.505999, 0.457910, -0.346266, 0.818791),

      ["LeftUpperLeg"] = CFrame.new(0.000000, -0.000000, -0.000100, 0.981681, 0.097740, -0.163552, -0.190431, 0.531519, -0.825352, 0.006261, 0.841388, 0.540412),

      ["LowerTorso"] = CFrame.new(0.000000, -0.244263, -0.085367, 0.974384, -0.167243, 0.150354, 0.095502, 0.912993, 0.396640, -0.203608, -0.372120, 0.905578),

      ["RightFoot"] = CFrame.new(0.000000, -0.015326, -0.000103, 0.959862, 0.214553, 0.180660, -0.110677, 0.881556, -0.458942, -0.257713, 0.420508, 0.869905),

      ["RightHand"] = CFrame.new(-0.000500, 0.000000, 0.000000, 1.000000, 0.000000, -0.000000, 0.000000, 1.000000, 0.000001, 0.000000, 0.000000, 1.000000),

      ["RightLowerArm"] = CFrame.new(0.000000, 0.064767, 0.023723, 1.000000, 0.000000, 0.000000, -0.000000, 0.762118, -0.647438, -0.000000, 0.647438, 0.762118),

      ["RightLowerLeg"] = CFrame.new(-0.000000, -0.015271, -0.000199, 1.000000, -0.000000, 0.000000, -0.000000, 1.000000, -0.000007, -0.000000, -0.000011, 1.000000),

      ["RightUpperArm"] = CFrame.new(0.027524, 0.041578, -0.236962, 0.827720, 0.267490, 0.493284, 0.553472, -0.244330, -0.796223, -0.092457, 0.932069, -0.350285),

      ["RightUpperLeg"] = CFrame.new(0.000000, -0.000000, 0.000000, 0.869632, 0.129809, -0.476328, -0.063505, 0.986212, 0.152824, 0.489598, -0.102644, 0.865885),

      ["UpperTorso"] = CFrame.new(0.000000, -0.000000, 0.000000, 0.769671, -0.259568, 0.583293, 0.297799, 0.954105, 0.031628, -0.564732, 0.149361, 0.811646),

    }},

    {Time = 0.250, Data = {

      ["Head"] = CFrame.new(0.000000, 0.000000, -0.000000, 0.589910, 0.220271, -0.776844, -0.350819, 0.936443, -0.000876, 0.727278, 0.273048, 0.629692),

      ["LeftFoot"] = CFrame.new(-0.000000, 0.022262, -0.000002, 0.994691, -0.078721, -0.066284, 0.061648, 0.971545, -0.228708, 0.082397, 0.223391, 0.971236),

      ["LeftHand"] = CFrame.new(0.000500, 0.000100, 0.000000, 1.000000, 0.000000, 0.000000, -0.000000, 1.000000, 0.000001, -0.000000, -0.000000, 1.000000),

      ["LeftLowerArm"] = CFrame.new(-0.000500, 0.089017, 0.054436, 1.000000, -0.000000, -0.000000, 0.000000, 0.454743, -0.890623, 0.000000, 0.890623, 0.454743),

      ["LeftLowerLeg"] = CFrame.new(-0.000000, 0.095864, -0.034017, 1.000000, -0.000000, -0.000000, 0.000000, 0.649838, 0.760077, -0.000000, -0.760073, 0.649833),

      ["LeftUpperArm"] = CFrame.new(0.000000, -0.000000, 0.000000, 0.847916, 0.470611, -0.244059, -0.281544, 0.789839, 0.544874, 0.449190, -0.393294, 0.802215),

      ["LeftUpperLeg"] = CFrame.new(0.000000, -0.000000, -0.000100, 0.976440, 0.041508, -0.211758, -0.205604, 0.476875, -0.854576, 0.065510, 0.877990, 0.474192),

      ["LowerTorso"] = CFrame.new(0.000000, -0.266211, -0.078130, 0.959690, -0.184811, 0.211753, 0.079619, 0.901312, 0.425791, -0.269547, -0.391768, 0.879694),

      ["RightFoot"] = CFrame.new(-0.000000, -0.008927, -0.000103, 0.950636, 0.237376, 0.199877, -0.117385, 0.871306, -0.476513, -0.287250, 0.429509, 0.856145),

      ["RightHand"] = CFrame.new(-0.000500, 0.000000, -0.000000, 1.000000, 0.000000, -0.000000, -0.000000, 1.000000, 0.000001, 0.000000, 0.000000, 1.000000),

      ["RightLowerArm"] = CFrame.new(0.000000, 0.076502, 0.035481, 1.000000, 0.000000, 0.000000, -0.000000, 0.644430, -0.764663, -0.000000, 0.764663, 0.644430),

      ["RightLowerLeg"] = CFrame.new(0.000000, -0.008895, -0.000114, 1.000000, 0.000000, -0.000000, -0.000000, 1.000000, -0.000008, 0.000000, -0.000011, 1.000000),

      ["RightUpperArm"] = CFrame.new(0.021237, 0.032082, -0.182841, 0.758270, 0.349185, 0.550542, 0.631914, -0.185962, -0.752398, -0.160347, 0.918416, -0.361664),

      ["RightUpperLeg"] = CFrame.new(-0.000000, -0.000000, -0.000000, 0.819497, 0.148453, -0.553522, -0.071976, 0.984880, 0.157585, 0.568546, -0.089294, 0.817790),

      ["UpperTorso"] = CFrame.new(0.000000, 0.000000, -0.000000, 0.736507, -0.247200, 0.629642, 0.281807, 0.958338, 0.046611, -0.614932, 0.143108, 0.775486),

    }},

    {Time = 0.267, Data = {

