return {
local Animations = {

  ["poodle needy twerk"] = {

    {Time = 0.000, Data = {

      ["Head"] = CFrame.new(-0.000000, 0.000000, -0.000000, 1.000000, 0.000000, 0.000000, -0.000000, 0.961980, -0.273119, 0.000000, 0.273119, 0.961980),

      ["LeftFoot"] = CFrame.new(0.000000, 0.021297, -0.000003, 0.995174, -0.075066, -0.063207, 0.041041, 0.903431, -0.426789, 0.089136, 0.422111, 0.902139),

      ["LeftHand"] = CFrame.new(0.000500, 0.000100, -0.000000, 1.000000, 0.000000, 0.000000, 0.000000, 1.000000, 0.000001, -0.000000, -0.000000, 1.000000),

      ["LeftLowerArm"] = CFrame.new(-0.000500, 0.073249, 0.031922, 1.000000, -0.000000, -0.000000, 0.000000, 0.680042, -0.733173, 0.000000, 0.733173, 0.680042),

      ["LeftLowerLeg"] = CFrame.new(-0.000000, 0.092890, -0.031584, 1.000000, -0.000000, -0.000000, 0.000000, 0.675099, 0.737732, -0.000000, -0.737727, 0.675094),

      ["LeftUpperArm"] = CFrame.new(0.001582, 0.019477, 0.052750, 0.256664, 0.102161, -0.961086, -0.074686, -0.989328, -0.125109, -0.963611, 0.103891, -0.246295),

      ["LeftUpperLeg"] = CFrame.new(0.000000, -0.000000, -0.000100, 0.870310, -0.064759, 0.488227, 0.235780, 0.925119, -0.297572, -0.432397, 0.374113, 0.820418),

      ["LowerTorso"] = CFrame.new(-0.222354, -0.426645, 0.104033, 0.874655, 0.312213, -0.370814, -0.311263, 0.948158, 0.064129, 0.371612, 0.059330, 0.926491),

      ["RightFoot"] = CFrame.new(-0.000000, 0.029226, -0.000102, 0.919985, 0.299831, 0.252464, -0.218128, 0.926773, -0.305809, -0.325650, 0.226258, 0.918010),

      ["RightHand"] = CFrame.new(-0.000500, 0.000000, 0.000001, 1.000000, -0.000000, -0.000000, 0.000000, 1.000000, 0.000001, 0.000000, -0.000000, 1.000000),

      ["RightLowerArm"] = CFrame.new(0.000000, 0.089584, 0.055361, 1.000000, 0.000000, 0.000000, -0.000000, 0.445492, -0.895286, -0.000000, 0.895286, 0.445492),

      ["RightLowerLeg"] = CFrame.new(-0.000000, 0.117582, -0.062090, 1.000000, 0.000000, 0.000000, -0.000000, 0.359030, 0.933331, 0.000000, -0.933326, 0.359016),

      ["RightUpperArm"] = CFrame.new(-0.001582, -0.019477, -0.052750, 0.525709, -0.007567, 0.850631, -0.011450, -0.999933, -0.001819, 0.850587, -0.008783, -0.525760),

      ["RightUpperLeg"] = CFrame.new(0.000000, -0.000000, -0.000000, 0.805156, -0.226037, 0.548293, 0.586495, 0.440681, -0.679566, -0.088014, 0.868739, 0.487406),

      ["UpperTorso"] = CFrame.new(0.015419, 0.154346, -0.176498, 0.887109, -0.376549, 0.266924, 0.333739, 0.922781, 0.192598, -0.318835, -0.081773, 0.944276),

    }},

    {Time = 0.017, Data = {

      ["Head"] = CFrame.new(-0.000000, 0.000000, 0.000000, 0.999970, -0.001774, -0.007536, -0.000337, 0.962483, -0.271343, 0.007735, 0.271337, 0.962453),

      ["LeftFoot"] = CFrame.new(0.000000, 0.023606, -0.000003, 0.992283, -0.094851, -0.079867, 0.045309, 0.876914, -0.478533, 0.115419, 0.471196, 0.874430),

      ["LeftHand"] = CFrame.new(0.000500, 0.000100, 0.000000, 1.000000, 0.000000, 0.000000, 0.000000, 1.000000, 0.000001, -0.000000, -0.000000, 1.000000),

      ["LeftLowerArm"] = CFrame.new(-0.000500, 0.072798, 0.031440, 1.000000, -0.000000, -0.000000, 0.000000, 0.684866, -0.728669, 0.000000, 0.728669, 0.684866),

      ["LeftLowerLeg"] = CFrame.new(0.000000, 0.099800, -0.037449, 1.000000, -0.000000, -0.000000, 0.000000, 0.614125, 0.789215, -0.000000, -0.789209, 0.614117),

      ["LeftUpperArm"] = CFrame.new(0.001131, 0.017046, 0.046725, 0.281575, 0.067838, -0.957138, -0.070906, -0.993300, -0.091260, -0.956916, 0.093564, -0.274878),

      ["LeftUpperLeg"] = CFrame.new(0.000000, -0.000000, -0.000100, 0.887993, -0.033737, 0.458618, 0.145400, 0.966739, -0.210392, -0.436265, 0.253531, 0.863369),

      ["LowerTorso"] = CFrame.new(-0.191202, -0.464131, 0.056164, 0.893236, 0.251850, -0.372425, -0.299625, 0.951067, -0.075477, 0.335192, 0.179007, 0.924988),

      ["RightFoot"] = CFrame.new(0.000000, 0.030509, -0.000102, 0.924141, 0.292256, 0.246086, -0.181236, 0.902351, -0.391062, -0.336327, 0.316780, 0.886855),

      ["RightHand"] = CFrame.new(-0.000500, 0.000000, 0.000000, 1.000000, 0.000000, -0.000000, -0.000000, 1.000000, 0.000001, 0.000000, -0.000000, 1.000000),

      ["RightLowerArm"] = CFrame.new(-0.000000, 0.086599, 0.049821, 1.000000, 0.000000, 0.000000, -0.000000, 0.500927, -0.865490, -0.000000, 0.865490, 0.500927),

      ["RightLowerLeg"] = CFrame.new(0.000000, 0.121479, -0.071532, 1.000000, 0.000000, 0.000000, -0.000000, 0.260776, 0.965403, 0.000000, -0.965400, 0.260761),

      ["RightUpperArm"] = CFrame.new(-0.001145, -0.019705, -0.052820, 0.535224, -0.009143, 0.844661, -0.019511, -0.999808, 0.001541, 0.844485, -0.017305, -0.535300),

      ["RightUpperLeg"] = CFrame.new(0.000000, 0.000000, -0.000000, 0.819198, -0.242441, 0.519743, 0.556495, 0.555144, -0.618152, -0.138665, 0.795637, 0.589708),

      ["UpperTorso"] = CFrame.new(0.012998, 0.144821, -0.193424, 0.903237, -0.356632, 0.238699, 0.274800, 0.907883, 0.316597, -0.329619, -0.220368, 0.918036),

    }},

    {Time = 0.033, Data = {

      ["Head"] = CFrame.new(0.000000, -0.000000, 0.000000, 0.999890, -0.003352, -0.014421, -0.000662, 0.962925, -0.269769, 0.014790, 0.269749, 0.962817),

      ["LeftFoot"] = CFrame.new(0.000000, 0.025855, -0.000003, 0.986942, -0.123220, -0.103753, 0.051521, 0.851731, -0.521466, 0.152616, 0.509285, 0.846941),

      ["LeftHand"] = CFrame.new(0.000500, 0.000100, 0.000000, 1.000000, -0.000000, 0.000000, 0.000000, 1.000000, 0.000001, -0.000000, 0.000000, 1.000000),

      ["LeftLowerArm"] = CFrame.new(-0.000500, 0.071494, 0.030082, 1.000000, -0.000000, -0.000000, 0.000000, 0.698470, -0.715640, 0.000000, 0.715639, 0.698470),

      ["LeftLowerLeg"] = CFrame.new(0.000000, 0.107091, -0.045259, 1.000000, -0.000000, -0.000000, 0.000000, 0.532955, 0.846150, -0.000000, -0.846143, 0.532945),

      ["LeftUpperArm"] = CFrame.new(0.000681, 0.014536, 0.040492, 0.306696, 0.033516, -0.951217, -0.068637, -0.995999, -0.057225, -0.949329, 0.082840, -0.303169),

      ["LeftUpperLeg"] = CFrame.new(0.000000, 0.000000, -0.000100, 0.919170, 0.044000, 0.391397, 0.030174, 0.982953, -0.181341, -0.392704, 0.178516, 0.902177),

      ["LowerTorso"] = CFrame.new(-0.141452, -0.494212, 0.021268, 0.928829, 0.176863, -0.325570, -0.250165, 0.947540, -0.198962, 0.273302, 0.266248, 0.924347),

      ["RightFoot"] = CFrame.new(-0.000000, 0.031032, -0.000102, 0.940199, 0.260569, 0.219404, -0.133225, 0.874073, -0.467189, -0.313492, 0.410001, 0.856502),

      ["RightHand"] = CFrame.new(-0.000500, -0.000000, 0.000000, 1.000000, -0.000000, -0.000000, 0.000000, 1.000000, 0.000001, 0.000000, -0.000000, 1.000000),

      ["RightLowerArm"] = CFrame.new(-0.000000, 0.083103, 0.044227, 1.000000, 0.000000, 0.000000, -0.000000, 0.556899, -0.830580, -0.000000, 0.830580, 0.556899),

      ["RightLowerLeg"] = CFrame.new(0.000000, 0.123232, -0.077811, 1.000000, 0.000000, 0.000000, -0.000000, 0.195568, 0.980693, 0.000000, -0.980690, 0.195554),

      ["RightUpperArm"] = CFrame.new(-0.000705, -0.019934, -0.052890, 0.544797, -0.012231, 0.838479, -0.028591, -0.999583, 0.003995, 0.838080, -0.026149, -0.544920),

      ["RightUpperLeg"] = CFrame.new(0.000000, 0.000000, -0.000000, 0.866048, -0.250443, 0.432706, 0.475060, 0.681953, -0.556094, -0.155814, 0.687182, 0.709595),

      ["UpperTorso"] = CFrame.new(0.012121, 0.131500, -0.202259, 0.936163, -0.294966, 0.191293, 0.197683, 0.891605, 0.407385, -0.290723, -0.343563, 0.892997),

    }},

    {Time = 0.050, Data = {

      ["Head"] = CFrame.new(-0.000000, 0.000000, -0.000000, 0.999775, -0.004746, -0.020674, -0.000977, 0.963313, -0.268380, 0.021190, 0.268340, 0.963091),

      ["LeftFoot"] = CFrame.new(0.000000, 0.027571, -0.000003, 0.978340, -0.158353, -0.133336, 0.060356, 0.834308, -0.548009, 0.198010, 0.528066, 0.825777),

      ["LeftHand"] = CFrame.new(0.000500, 0.000100, 0.000000, 1.000000, 0.000000, 0.000000, 0.000000, 1.000000, 0.000001, -0.000000, -0.000000, 1.000000),

      ["LeftLowerArm"] = CFrame.new(-0.000500, 0.069391, 0.027994, 1.000000, -0.000000, -0.000000, 0.000000, 0.719369, -0.694628, 0.000000, 0.694628, 0.719369),

      ["LeftLowerLeg"] = CFrame.new(-0.000000, 0.112920, -0.053288, 1.000000, -0.000000, -0.000000, 0.000000, 0.449502, 0.893286, -0.000000, -0.893280, 0.449488),

      ["LeftUpperArm"] = CFrame.new(0.000241, 0.011972, 0.034096, 0.331641, -0.000144, -0.943406, -0.067797, -0.997418, -0.023681, -0.940966, 0.071814, -0.330795),

      ["LeftUpperLeg"] = CFrame.new(0.000000, 0.000000, -0.000100, 0.946352, 0.143702, 0.289430, -0.088319, 0.976597, -0.196083, -0.310834, 0.160026, 0.936900),

      ["LowerTorso"] = CFrame.new(-0.082480, -0.512777, -0.001367, 0.965326, 0.105953, -0.238577, -0.175182, 0.940505, -0.291137, 0.193536, 0.322837, 0.926456),

      ["RightFoot"] = CFrame.new(-0.000000, 0.031263, -0.000102, 0.960865, 0.211912, 0.178434, -0.088892, 0.845885, -0.525927, -0.262369, 0.489461, 0.831602),

      ["RightHand"] = CFrame.new(-0.000500, -0.000000, 0.000000, 1.000000, 0.000000, -0.000000, 0.000000, 1.000000, 0.000001, 0.000000, -0.000000, 1.000000),

      ["RightLowerArm"] = CFrame.new(-0.000000, 0.079095, 0.038683, 1.000000, 0.000000, 0.000000, -0.000000, 0.612381, -0.790562, -0.000000, 0.790563, 0.612381),

      ["RightLowerLeg"] = CFrame.new(-0.000000, 0.123702, -0.079653, 1.000000, 0.000000, 0.000000, -0.000000, 0.176380, 0.984325, 0.000000, -0.984322, 0.176365),

      ["RightUpperArm"] = CFrame.new(-0.000272, -0.020158, -0.052959, 0.554241, -0.017034, 0.832182, -0.038588, -0.999241, 0.005246, 0.831461, -0.035020, -0.554478),

      ["RightUpperLeg"] = CFrame.new(0.000000, -0.000000, -0.000000, 0.922724, -0.237840, 0.303331, 0.363838, 0.797278, -0.481612, -0.127292, 0.554779, 0.822216),

      ["UpperTorso"] = CFrame.new(0.009388, 0.116089, -0.202846, 0.970017, -0.205052, 0.130461, 0.122560, 0.876259, 0.465992, -0.209870, -0.436031, 0.875118),

    }},

    {Time = 0.067, Data = {

      ["Head"] = CFrame.new(-0.000000, 0.000000, 0.000000, 0.999636, -0.005967, -0.026319, -0.001282, 0.963653, -0.267154, 0.026957, 0.267091, 0.963294),

      ["LeftFoot"] = CFrame.new(0.000000, 0.028666, -0.000002, 0.965714, -0.198593, -0.167218, 0.075203, 0.830467, -0.551991, 0.248475, 0.520466, 0.816911),

      ["LeftHand"] = CFrame.new(0.000500, 0.000100, -0.000000, 1.000000, -0.000000, 0.000000, 0.000000, 1.000000, 0.000001, -0.000000, -0.000000, 1.000000),

      ["LeftLowerArm"] = CFrame.new(-0.000500, 0.066531, 0.025343, 1.000000, -0.000000, -0.000000, 0.000000, 0.745902, -0.666056, 0.000000, 0.666056, 0.745902),

      ["LeftLowerLeg"] = CFrame.new(-0.000000, 0.116584, -0.059585, 1.000000, -0.000000, -0.000000, 0.000000, 0.384023, 0.923330, -0.000000, -0.923324, 0.384008),

      ["LeftUpperArm"] = CFrame.new(-0.000181, 0.009373, 0.027584, 0.356051, -0.032513, -0.933901, -0.068248, -0.997630, 0.008712, -0.931971, 0.060635, -0.357426),

      ["LeftUpperLeg"] = CFrame.new(0.000000, -0.000000, -0.000100, 0.956483, 0.241884, 0.163202, -0.198360, 0.949196, -0.244269, -0.213996, 0.201292, 0.955875),

      ["LowerTorso"] = CFrame.new(-0.019444, -0.517251, -0.010953, 0.990409, 0.047281, -0.129828, -0.089090, 0.936746, -0.338481, 0.105612, 0.346801, 0.931974),

      ["RightFoot"] = CFrame.new(0.000000, 0.030945, -0.000102, 0.979345, 0.154676, 0.130240, -0.055992, 0.826356, -0.560381, -0.194290, 0.541490, 0.817931),

      ["RightHand"] = CFrame.new(-0.000500, 0.000000, 0.000000, 1.000000, -0.000000, -0.000000, -0.000000, 1.000000, 0.000001, 0.000000, -0.000000, 1.000000),

      ["RightLowerArm"] = CFrame.new(0.000000, 0.074597, 0.033291, 1.000000, 0.000000, 0.000000, -0.000000, 0.666346, -0.745643, -0.000000, 0.745643, 0.666346),

      ["RightLowerLeg"] = CFrame.new(0.000000, 0.123044, -0.077111, 1.000000, 0.000000, 0.000000, -0.000000, 0.202854, 0.979212, 0.000000, -0.979209, 0.202839),

      ["RightUpperArm"] = CFrame.new(0.000145, -0.020375, -0.053026, 0.563369, -0.023742, 0.825864, -0.049415, -0.998766, 0.004996, 0.824726, -0.043625, -0.563848),

      ["RightUpperLeg"] = CFrame.new(0.000000, -0.000000, -0.000000, 0.968107, -0.194224, 0.158257, 0.243054, 0.881328, -0.405175, -0.060781, 0.430741, 0.900438),

      ["UpperTorso"] = CFrame.new(0.000033, 0.098860, -0.196273, 0.992671, -0.103029, 0.063158, 0.058915, 0.868909, 0.491453, -0.105512, -0.484131, 0.868611),

    }},

    {Time = 0.083, Data = {

      ["Head"] = CFrame.new(-0.000000, 0.000000, 0.000000, 0.999483, -0.007025, -0.031376, -0.001577, 0.963951, -0.266074, 0.032114, 0.265986, 0.963442),

      ["LeftFoot"] = CFrame.new(-0.000000, 0.029039, -0.000002, 0.949517, -0.239985, -0.202071, 0.100700, 0.843152, -0.528182, 0.297115, 0.481146, 0.824737),

      ["LeftHand"] = CFrame.new(0.000500, 0.000100, -0.000000, 1.000000, 0.000000, 0.000000, 0.000000, 1.000000, 0.000001, -0.000000, -0.000000, 1.000000),

      ["LeftLowerArm"] = CFrame.new(-0.000500, 0.062957, 0.022305, 1.000000, -0.000000, -0.000000, 0.000000, 0.776317, -0.630342, 0.000000, 0.630342, 0.776317),

      ["LeftLowerLeg"] = CFrame.new(0.000000, 0.117821, -0.062068, 1.000000, -0.000000, -0.000000, 0.000000, 0.358211, 0.933646, -0.000000, -0.933640, 0.358197),

      ["LeftUpperArm"] = CFrame.new(-0.000575, 0.006760, 0.021002, 0.379601, -0.062994, -0.923003, -0.069803, -0.996786, 0.039322, -0.922513, 0.049501, -0.382778),

      ["LeftUpperLeg"] = CFrame.new(0.000000, -0.000000, -0.000100, 0.946932, 0.319594, 0.034337, -0.292843, 0.901806, -0.317765, -0.132522, 0.290871, 0.947548),

      ["LowerTorso"] = CFrame.new(0.045820, -0.505105, -0.005186, 0.999738, 0.000695, -0.022891, -0.008264, 0.943144, -0.332282, 0.021359, 0.332384, 0.942902),

      ["RightFoot"] = CFrame.new(0.000000, 0.030472, -0.000102, 0.992129, 0.095793, 0.080659, -0.033537, 0.823817, -0.565888, -0.120649, 0.558703, 0.820527),

      ["RightHand"] = CFrame.new(-0.000500, 0.000000, 0.000000, 1.000000, -0.000000, -0.000000, 0.000000, 1.000000, 0.000001, 0.000000, -0.000000, 1.000000),

      ["RightLowerArm"] = CFrame.new(-0.000000, 0.069651, 0.028149, 1.000000, 0.000000, 0.000000, -0.000000, 0.717815, -0.696234, -0.000000, 0.696234, 0.717815),

      ["RightLowerLeg"] = CFrame.new(0.000000, 0.121311, -0.070993, 1.000000, 0.000000, 0.000000, -0.000000, 0.266378, 0.963873, 0.000000, -0.963869, 0.266363),

      ["RightUpperArm"] = CFrame.new(0.000538, -0.020580, -0.053089, 0.571999, -0.032542, 0.819609, -0.060999, -0.998134, 0.002941, 0.817983, -0.051678, -0.572916),

      ["RightUpperLeg"] = CFrame.new(0.000000, -0.000000, -0.000000, 0.991860, -0.124294, 0.027653, 0.126013, 0.926949, -0.353368, 0.018289, 0.354001, 0.935076),

      ["UpperTorso"] = CFrame.new(-0.020732, 0.078283, -0.184761, 0.999970, -0.007401, -0.002266, 0.007581, 0.877454, 0.479601, -0.001561, -0.479603, 0.877484),

    }},

    {Time = 0.100, Data = {

      ["Head"] = CFrame.new(0.000000, 0.000000, 0.000000, 0.999325, -0.007930, -0.035867, -0.001864, 0.964214, -0.265119, 0.036686, 0.265007, 0.963548),

      ["LeftFoot"] = CFrame.new(0.000000, 0.028588, -0.000002, 0.932623, -0.276042, -0.232432, 0.139400, 0.869683, -0.473537, 0.332839, 0.409209, 0.849552),

      ["LeftHand"] = CFrame.new(0.000500, 0.000100, 0.000001, 1.000000, 0.000000, 0.000000, -0.000000, 1.000000, 0.000001, -0.000000, -0.000000, 1.000000),

      ["LeftLowerArm"] = CFrame.new(-0.000500, 0.058720, 0.019056, 1.000000, -0.000000, -0.000000, 0.000000, 0.808851, -0.588014, 0.000000, 0.588013, 0.808851),

      ["LeftLowerLeg"] = CFrame.new(-0.000000, 0.116321, -0.059077, 1.000000, -0.000000, -0.000000, 0.000000, 0.389308, 0.921114, -0.000000, -0.921108, 0.389294),

      ["LeftUpperArm"] = CFrame.new(-0.000935, 0.004155, 0.014394, 0.402007, -0.091039, -0.911099, -0.072231, -0.995097, 0.067561, -0.912783, 0.038650, -0.406612),

      ["LeftUpperLeg"] = CFrame.new(0.000000, 0.000000, -0.000100, 0.926574, 0.369443, -0.070512, -0.364888, 0.837510, -0.406715, -0.091205, 0.402604, 0.910830),

      ["LowerTorso"] = CFrame.new(0.112629, -0.473696, 0.018213, 0.997375, -0.038556, 0.061291, 0.053821, 0.960989, -0.271299, -0.048440, 0.273886, 0.960542),

      ["RightFoot"] = CFrame.new(0.000000, 0.029283, -0.000102, 0.998678, 0.039330, 0.033117, -0.015184, 0.840972, -0.540890, -0.049120, 0.539647, 0.840441),

      ["RightHand"] = CFrame.new(-0.000500, 0.000000, 0.000000, 1.000000, 0.000000, -0.000000, 0.000000, 1.000000, 0.000001, 0.000000, -0.000000, 1.000000),

      ["RightLowerArm"] = CFrame.new(-0.000000, 0.064318, 0.023344, 1.000000, 0.000000, 0.000000, -0.000000, 0.765913, -0.642944, -0.000000, 0.642944, 0.765913),

      ["RightLowerLeg"] = CFrame.new(0.000000, 0.117761, -0.062461, 1.000000, 0.000000, 0.000000, -0.000000, 0.355170, 0.934807, 0.000000, -0.934802, 0.355155),

      ["RightUpperArm"] = CFrame.new(0.000896, -0.020766, -0.053146, 0.579946, -0.043611, 0.813487, -0.073276, -0.997311, -0.001227, 0.811353, -0.058897, -0.581582),

      ["RightUpperLeg"] = CFrame.new(0.000000, 0.000000, -0.000000, 0.996689, -0.044495, -0.068048, 0.017932, 0.936646, -0.349793, 0.079301, 0.347439, 0.934352),

      ["UpperTorso"] = CFrame.new(-0.055114, 0.052274, -0.172426, 0.996099, 0.066484, -0.058019, -0.035570, 0.904254, 0.425511, 0.080754, -0.421788, 0.903091),

    }},

    {Time = 0.117, Data = {

      ["Head"] = CFrame.new(0.000000, -0.000000, 0.000000, 0.999169, -0.008692, -0.039814, -0.002141, 0.964446, -0.264271, 0.040695, 0.264137, 0.963626),

      ["LeftFoot"] = CFrame.new(-0.000000, 0.027160, -0.000002, 0.918441, -0.302590, -0.254787, 0.187601, 0.900244, -0.392914, 0.348242, 0.313051, 0.883574),

      ["LeftHand"] = CFrame.new(0.000500, 0.000100, -0.000000, 1.000000, 0.000000, 0.000000, 0.000000, 1.000000, 0.000001, -0.000000, -0.000000, 1.000000),

      ["LeftLowerArm"] = CFrame.new(-0.000500, 0.053893, 0.015765, 1.000000, -0.000000, -0.000000, 0.000000, 0.841810, -0.539774, 0.000000, 0.539774, 0.841810),

      ["LeftLowerLeg"] = CFrame.new(0.000000, 0.111455, -0.051049, 1.000000, -0.000000, -0.000000, 0.000000, 0.472771, 0.881192, -0.000000, -0.881185, 0.472759),

      ["LeftUpperArm"] = CFrame.new(-0.001249, 0.001578, 0.007809, 0.423031, -0.116142, -0.898641, -0.075270, -0.992828, 0.092881, -0.902983, 0.028349, -0.428739),

      ["LeftUpperLeg"] = CFrame.new(-0.000000, -0.000000, -0.000100, 0.905478, 0.400636, -0.139990, -0.414130, 0.762011, -0.497813, -0.092769, 0.508753, 0.855912),

      ["LowerTorso"] = CFrame.new(0.178890, -0.424697, 0.056981, 0.990198, -0.078590, 0.115466, 0.097382, 0.981075, -0.167360, -0.100128, 0.176963, 0.979111),

      ["RightFoot"] = CFrame.new(0.000000, 0.027509, -0.000103, 0.999895, -0.011083, -0.009332, 0.005139, 0.873532, -0.486764, 0.013546, 0.486641, 0.873484),

      ["RightHand"] = CFrame.new(-0.000500, -0.000000, 0.000000, 1.000000, 0.000000, -0.000000, 0.000000, 1.000000, 0.000001, 0.000000, -0.000000, 1.000000),

      ["RightLowerArm"] = CFrame.new(-0.000000, 0.058675, 0.018950, 1.000000, 0.000000, 0.000000, -0.000000, 0.809910, -0.586555, -0.000000, 0.586554, 0.809910),

      ["RightLowerLeg"] = CFrame.new(0.000000, 0.111793, -0.051958, 1.000000, 0.000000, 0.000000, -0.000000, 0.464368, 0.885649, 0.000000, -0.885642, 0.464356),

      ["RightUpperArm"] = CFrame.new(0.001212, -0.020930, -0.053196, 0.587028, -0.057128, 0.807548, -0.086189, -0.996248, -0.007824, 0.804965, -0.065009, -0.589750),

      ["RightUpperLeg"] = CFrame.new(0.000000, -0.000000, -0.000000, 0.991112, 0.032074, -0.129106, -0.080295, 0.918012, -0.388315, 0.106066, 0.395253, 0.912438),

      ["UpperTorso"] = CFrame.new(-0.097686, 0.024044, -0.166143, 0.987857, 0.118223, -0.100810, -0.078366, 0.939401, 0.333744, 0.134157, -0.321791, 0.937258),

    }},

    {Time = 0.133, Data = {

      ["Head"] = CFrame.new(0.000000, 0.000000, -0.000000, 0.999021, -0.009319, -0.043237, -0.002406, 0.964654, -0.263509, 0.044165, 0.263355, 0.963687),

      ["LeftFoot"] = CFrame.new(-0.000000, 0.024256, -0.000003, 0.909677, -0.317703, -0.267512, 0.237180, 0.926117, -0.293361, 0.340930, 0.203400, 0.917811),

      ["LeftHand"] = CFrame.new(0.000500, 0.000100, -0.000000, 1.000000, -0.000000, 0.000000, 0.000000, 1.000000, 0.000001, -0.000000, -0.000000, 1.000000),

      ["LeftLowerArm"] = CFrame.new(-0.000500, 0.048568, 0.012586, 1.000000, -0.000000, -0.000000, 0.000000, 0.873653, -0.486549, 0.000000, 0.486550, 0.873653),

      ["LeftLowerLeg"] = CFrame.new(0.000000, 0.101863, -0.039459, 1.000000, -0.000000, -0.000000, 0.000000, 0.593233, 0.805037, -0.000000, -0.805031, 0.593225),

      ["LeftUpperArm"] = CFrame.new(-0.001511, -0.000949, 0.001291, 0.442475, -0.137840, -0.886124, -0.078629, -0.990274, 0.114779, -0.893327, 0.018888, -0.449010),

      ["LeftUpperLeg"] = CFrame.new(-0.000000, -0.000000, -0.000100, 0.889526, 0.423608, -0.171161, -0.438522, 0.686448, -0.580059, -0.128226, 0.591054, 0.796389),

      ["LowerTorso"] = CFrame.new(0.239003, -0.360764, 0.106874, 0.983111, -0.120482, 0.137754, 0.126452, 0.991341, -0.035408, -0.132295, 0.052229, 0.989833),

      ["RightFoot"] = CFrame.new(0.000000, 0.024524, -0.000103, 0.997799, -0.050729, -0.042715, 0.029112, 0.913778, -0.405194, 0.059583, 0.403034, 0.913233),

      ["RightHand"] = CFrame.new(-0.000500, -0.000000, -0.000000, 1.000000, 0.000000, -0.000000, -0.000000, 1.000000, 0.000001, 0.000000, -0.000000, 1.000000),

      ["RightLowerArm"] = CFrame.new(0.000000, 0.052812, 0.015021, 1.000000, 0.000000, 0.000000, -0.000000, 0.849260, -0.527976, -0.000000, 0.527975, 0.849260),

      ["RightLowerLeg"] = CFrame.new(0.000000, 0.101931, -0.039850, 1.000000, 0.000000, 0.000000, -0.000000, 0.590214, 0.807253, 0.000000, -0.807247, 0.590205),

      ["RightUpperArm"] = CFrame.new(0.001477, -0.021067, -0.053238, 0.593059, -0.073271, 0.801818, -0.099688, -0.994870, -0.017179, 0.798964, -0.069744, -0.597321),

      ["RightUpperLeg"] = CFrame.new(-0.000000, -0.000000, -0.000000, 0.982238, 0.097937, -0.160051, -0.160982, 0.878064, -0.450632, 0.096401, 0.468415, 0.878245),

      ["UpperTorso"] = CFrame.new(-0.140301, -0.000324, -0.168898, 0.980025, 0.151658, -0.128649, -0.122036, 0.969378, 0.213103, 0.157028, -0.193146, 0.968523),

    }},

    {Time = 0.150, Data = {

      ["Head"] = CFrame.new(0.000000, -0.000000, 0.000000, 0.998886, -0.009819, -0.046159, -0.002660, 0.964842, -0.262815, 0.047116, 0.262645, 0.963741),

      ["LeftFoot"] = CFrame.new(-0.000000, 0.018830, -0.000003, 0.907648, -0.321080, -0.270357, 0.278228, 0.942483, -0.185251, 0.314268, 0.092912, 0.944769),

      ["LeftHand"] = CFrame.new(0.000500, 0.000100, -0.000000, 1.000000, 0.000000, 0.000000, 0.000000, 1.000000, 0.000001, -0.000000, -0.000000, 1.000000),

      ["LeftLowerArm"] = CFrame.new(-0.000500, 0.042861, 0.009650, 1.000000, -0.000000, -0.000000, 0.000000, 0.903065, -0.429505, 0.000000, 0.429505, 0.903065),

      ["LeftLowerLeg"] = CFrame.new(0.000000, 0.086101, -0.026887, 1.000000, -0.000000, 0.000000, 0.000000, 0.723982, 0.689821, -0.000000, -0.689818, 0.723980),

      ["LeftUpperArm"] = CFrame.new(-0.001712, -0.003406, -0.005112, 0.460179, -0.155706, -0.874066, -0.082001, -0.987747, 0.132785, -0.884031, 0.010569, -0.467308),

      ["LeftUpperLeg"] = CFrame.new(-0.000000, -0.000000, -0.000100, 0.880739, 0.443390, -0.166438, -0.436126, 0.622289, -0.650026, -0.184644, 0.645107, 0.741461),

      ["LowerTorso"] = CFrame.new(0.284738, -0.286787, 0.162834, 0.978910, -0.158731, 0.128606, 0.145190, 0.983422, 0.108637, -0.143718, -0.087673, 0.985727),

      ["RightFoot"] = CFrame.new(0.000000, 0.019155, -0.000103, 0.995099, -0.075647, -0.063696, 0.053169, 0.952340, -0.300389, 0.083379, 0.295509, 0.951688),

      ["RightHand"] = CFrame.new(-0.000500, 0.000000, 0.000000, 1.000000, -0.000000, -0.000000, 0.000000, 1.000000, 0.000001, 0.000000, -0.000000, 1.000000),

      ["RightLowerArm"] = CFrame.new(0.000000, 0.046831, 0.011591, 1.000000, 0.000000, 0.000000, -0.000000, 0.883621, -0.468202, -0.000000, 0.468202, 0.883621),

      ["RightLowerLeg"] = CFrame.new(0.000000, 0.086267, -0.027231, 1.000000, 0.000000, 0.000000, -0.000000, 0.721454, 0.692466, 0.000000, -0.692463, 0.721451),

      ["RightUpperArm"] = CFrame.new(0.001680, -0.021174, -0.053271, 0.597846, -0.092224, 0.796288, -0.113722, -0.993071, -0.029633, 0.793503, -0.072839, -0.604191),

      ["RightUpperLeg"] = CFrame.new(0.000000, 0.000000, -0.000000, 0.974998, 0.149423, -0.164474, -0.214438, 0.826772, -0.520044, 0.058275, 0.542329, 0.838154),

      ["UpperTorso"] = CFrame.new(-0.174733, -0.014408, -0.177546, 0.975373, 0.170818, -0.139529, -0.161623, 0.984010, 0.074852, 0.150084, -0.050458, 0.987385),

    }},

    {Time = 0.167, Data = {

      ["Head"] = CFrame.new(-0.000000, -0.000000, -0.000000, 0.998766, -0.010202, -0.048599, -0.002900, 0.965017, -0.262170, 0.049574, 0.261988, 0.963797),

      ["LeftFoot"] = CFrame.new(0.000000, 0.013325, -0.000003, 0.912095, -0.313618, -0.264074, 0.303310, 0.949523, -0.080064, 0.275837, -0.007073, 0.961174),

      ["LeftHand"] = CFrame.new(0.000500, 0.000100, -0.000000, 1.000000, 0.000000, 0.000000, 0.000000, 1.000000, 0.000001, -0.000000, -0.000000, 1.000000),

      ["LeftLowerArm"] = CFrame.new(-0.000500, 0.036909, 0.007061, 1.000000, -0.000000, -0.000000, 0.000000, 0.929023, -0.370022, 0.000000, 0.370022, 0.929023),

      ["LeftLowerLeg"] = CFrame.new(0.000000, 0.067137, -0.015848, 1.000000, -0.000000, -0.000000, 0.000000, 0.837803, 0.545970, -0.000000, -0.545973, 0.837805),

      ["LeftUpperArm"] = CFrame.new(-0.001841, -0.005771, -0.011356, 0.476011, -0.169330, -0.862984, -0.085073, -0.985553, 0.146454, -0.875315, 0.003703, -0.483539),

      ["LeftUpperLeg"] = CFrame.new(-0.000000, -0.000000, -0.000100, 0.878194, 0.459867, -0.131509, -0.408033, 0.576826, -0.707649, -0.249568, 0.675126, 0.694218),

      ["LowerTorso"] = CFrame.new(0.306757, -0.213348, 0.219374, 0.978496, -0.185065, 0.091079, 0.157596, 0.955666, 0.248728, -0.133072, -0.229026, 0.964282),

      ["RightFoot"] = CFrame.new(-0.000000, 0.013339, -0.000103, 0.993988, -0.083758, -0.070526, 0.070153, 0.981685, -0.177140, 0.084066, 0.171113, 0.981656),

      ["RightHand"] = CFrame.new(-0.000500, 0.000000, -0.000000, 1.000000, -0.000000, -0.000000, 0.000000, 1.000000, 0.000001, 0.000000, -0.000000, 1.000000),

      ["RightLowerArm"] = CFrame.new(0.000000, 0.040835, 0.008673, 1.000000, 0.000000, 0.000000, -0.000000, 0.912865, -0.408261, -0.000000, 0.408261, 0.912865),

      ["RightLowerLeg"] = CFrame.new(0.000000, 0.065945, -0.015418, 1.000000, 0.000000, 0.000000, -0.000000, 0.843211, 0.537579, 0.000000, -0.537583, 0.843213),

      ["RightUpperArm"] = CFrame.new(0.001815, -0.021244, -0.053293, 0.601191, -0.114177, 0.790907, -0.128233, -0.990698, -0.045546, 0.788750, -0.074038, -0.610239),

      ["RightUpperLeg"] = CFrame.new(-0.000000, -0.000000, -0.000000, 0.971910, 0.185237, -0.145178, -0.235300, 0.777677, -0.582955, 0.004917, 0.600755, 0.799429),

      ["UpperTorso"] = CFrame.new(-0.193012, -0.013748, -0.184043, 0.974950, 0.179573, -0.131250, -0.189544, 0.979528, -0.067803, 0.116388, 0.090982, 0.989028),

    }},

    {Time = 0.183, Data = {

      ["Head"] = CFrame.new(0.000000, -0.000000, -0.000000, 0.998665, -0.010474, -0.050580, -0.003124, 0.965184, -0.261554, 0.051559, 0.261363, 0.963863),

      ["LeftFoot"] = CFrame.new(-0.000000, 0.010264, -0.000003, 0.921989, -0.296203, -0.249411, 0.307744, 0.951439, 0.007682, 0.235009, -0.083832, 0.968367),

      ["LeftHand"] = CFrame.new(0.000500, 0.000100, -0.000000, 1.000000, 0.000000, 0.000000, 0.000000, 1.000000, 0.000001, -0.000000, -0.000000, 1.000000),

      ["LeftLowerArm"] = CFrame.new(-0.000500, 0.030871, 0.004884, 1.000000, -0.000000, -0.000000, 0.000000, 0.950846, -0.309665, 0.000000, 0.309665, 0.950846),

      ["LeftLowerLeg"] = CFrame.new(-0.000000, 0.050321, -0.008269, 1.000000, -0.000000, -0.000000, 0.000000, 0.914967, 0.403520, -0.000000, -0.403529, 0.914971),

      ["LeftUpperArm"] = CFrame.new(-0.001893, -0.008024, -0.017394, 0.489856, -0.178305, -0.853375, -0.087531, -0.983974, 0.155348, -0.867398, -0.001402, -0.497613),

      ["LeftUpperLeg"] = CFrame.new(0.000000, 0.000000, -0.000100, 0.880338, 0.468304, -0.075464, -0.357170, 0.549728, -0.755127, -0.312145, 0.691730, 0.651220),

      ["LowerTorso"] = CFrame.new(0.297640, -0.152163, 0.271351, 0.981080, -0.190985, 0.031742, 0.165838, 0.913601, 0.371257, -0.099904, -0.358969, 0.927987),

      ["RightFoot"] = CFrame.new(0.000000, 0.009225, -0.000103, 0.995188, -0.074954, -0.063113, 0.072471, 0.996537, -0.040766, 0.065947, 0.035994, 0.997173),

      ["RightHand"] = CFrame.new(-0.000500, -0.000001, 0.000000, 1.000000, 0.000000, -0.000000, -0.000000, 1.000000, 0.000001, 0.000000, -0.000000, 1.000000),

      ["RightLowerArm"] = CFrame.new(0.000000, 0.034923, 0.006259, 1.000000, 0.000000, 0.000000, -0.000000, 0.937063, -0.349160, -0.000000, 0.349160, 0.937063),

      ["RightLowerLeg"] = CFrame.new(0.000000, 0.043217, -0.006050, 1.000000, 0.000000, -0.000000, -0.000000, 0.938504, 0.345258, 0.000000, -0.345269, 0.938508),

      ["RightUpperArm"] = CFrame.new(0.001871, -0.021272, -0.053301, 0.602881, -0.139331, 0.785570, -0.143152, -0.987545, -0.065293, 0.784883, -0.073092, -0.615318),

      ["RightUpperLeg"] = CFrame.new(-0.000000, -0.000000, -0.000000, 0.973463, 0.203196, -0.105261, -0.223353, 0.743472, -0.630357, -0.049828, 0.637150, 0.769136),

      ["UpperTorso"] = CFrame.new(-0.189218, 0.001262, -0.180053, 0.978271, 0.180145, -0.102632, -0.197802, 0.959279, -0.201641, 0.062128, 0.217560, 0.974068),

    }},

    {Time = 0.200, Data = {

      ["Head"] = CFrame.new(0.000000, 0.000000, -0.000000, 0.998584, -0.010644, -0.052122, -0.003331, 0.965347, -0.260947, 0.053094, 0.260752, 0.963945),

      ["LeftFoot"] = CFrame.new(-0.000000, 0.008082, -0.000003, 0.935693, -0.269888, -0.227253, 0.290697, 0.954736, 0.063060, 0.199936, -0.125055, 0.971792),

      ["LeftHand"] = CFrame.new(0.000500, 0.000100, -0.000000, 1.000000, -0.000000, 0.000000, -0.000000, 1.000000, 0.000001, -0.000000, -0.000000, 1.000000),

      ["LeftLowerArm"] = CFrame.new(-0.000500, 0.024915, 0.003154, 1.000000, -0.000000, -0.000000, 0.000000, 0.968214, -0.250124, 0.000000, 0.250124, 0.968214),

      ["LeftLowerLeg"] = CFrame.new(-0.000000, 0.038214, -0.004477, 1.000000, -0.000000, -0.000000, 0.000000, 0.953438, 0.301575, -0.000000, -0.301588, 0.953442),

      ["LeftUpperArm"] = CFrame.new(-0.001856, -0.010143, -0.023179, 0.501602, -0.182207, -0.845693, -0.089068, -0.983250, 0.159015, -0.860501, -0.004438, -0.509429),

      ["LeftUpperLeg"] = CFrame.new(-0.000000, -0.000000, -0.000100, 0.887837, 0.460057, -0.009633, -0.285902, 0.535091, -0.794939, -0.360563, 0.708537, 0.606613),

      ["LowerTorso"] = CFrame.new(0.258327, -0.106992, 0.314753, 0.985001, -0.168794, -0.035815, 0.165737, 0.867744, 0.468564, -0.048012, -0.467471, 0.882703),

      ["RightFoot"] = CFrame.new(0.000000, 0.004587, -0.000103, 0.997645, -0.052466, -0.044178, 0.056375, 0.994121, 0.092457, 0.039066, -0.094716, 0.994736),

      ["RightHand"] = CFrame.new(-0.000500, 0.000000, -0.000000, 1.000000, -0.000000, -0.000000, 0.000000, 1.000000, 0.000001, 0.000000, -0.000000, 1.000000),

      ["RightLowerArm"] = CFrame.new(-0.000000, 0.029190, 0.004324, 1.000000, 0.000000, 0.000000, -0.000000, 0.956464, -0.291852, -0.000000, 0.291852, 0.956464),

      ["RightLowerLeg"] = CFrame.new(-0.000000, 0.018979, -0.001026, 1.000000, 0.000000, 0.000000, -0.000000, 0.989393, 0.145245, 0.000000, -0.145262, 0.989396),

      ["RightUpperArm"] = CFrame.new(0.001839, -0.021256, -0.053296, 0.602695, -0.167893, 0.780109, -0.158389, -0.983334, -0.089263, 0.782094, -0.069762, -0.619243),

      ["RightUpperLeg"] = CFrame.new(-0.000000, -0.000000, -0.000000, 0.979120, 0.196528, -0.051970, -0.180839, 0.725288, -0.664263, -0.092854, 0.659798, 0.745690),

      ["UpperTorso"] = CFrame.new(-0.165771, 0.022517, -0.165479, 0.983898, 0.169212, -0.057549, -0.178730, 0.931855, -0.315755, 0.000198, 0.320957, 0.947094),

    }},

    {Time = 0.217, Data = {

      ["Head"] = CFrame.new(-0.000000, -0.000000, -0.000000, 0.998524, -0.010719, -0.053246, -0.003517, 0.965513, -0.260332, 0.054200, 0.260135, 0.964050),

      ["LeftFoot"] = CFrame.new(-0.000000, 0.007056, -0.000003, 0.951090, -0.236305, -0.198976, 0.256388, 0.963116, 0.081709, 0.172318, -0.128714, 0.976592),

      ["LeftHand"] = CFrame.new(0.000500, 0.000100, -0.000000, 1.000000, -0.000000, 0.000000, 0.000000, 1.000000, 0.000001, -0.000000, -0.000000, 1.000000),

      ["LeftLowerArm"] = CFrame.new(-0.000500, 0.019218, 0.001864, 1.000000, -0.000000, -0.000000, 0.000000, 0.981169, -0.193154, 0.000000, 0.193154, 0.981169),

      ["LeftLowerLeg"] = CFrame.new(-0.000000, 0.032677, -0.003155, 1.000000, -0.000000, 0.000000, 0.000000, 0.966820, 0.255443, -0.000000, -0.255457, 0.966824),

      ["LeftUpperArm"] = CFrame.new(-0.001723, -0.012109, -0.028667, 0.511124, -0.180564, -0.840327, -0.089393, -0.983550, 0.156966, -0.854846, -0.005110, -0.518857),

      ["LeftUpperLeg"] = CFrame.new(0.000000, -0.000001, -0.000100, 0.900595, 0.430505, 0.059951, -0.199383, 0.531716, -0.823114, -0.386232, 0.729345, 0.564703),

      ["LowerTorso"] = CFrame.new(0.194513, -0.079532, 0.346036, 0.988272, -0.117649, -0.097348, 0.151688, 0.829695, 0.537213, 0.017567, -0.545679, 0.837810),

      ["RightFoot"] = CFrame.new(-0.000000, -0.000157, -0.000103, 0.999660, -0.019940, -0.016790, 0.022823, 0.980724, 0.194086, 0.012596, -0.194378, 0.980841),

      ["RightHand"] = CFrame.new(-0.000500, -0.000000, -0.000000, 1.000000, -0.000000, -0.000000, 0.000000, 1.000000, 0.000001, 0.000000, -0.000000, 1.000000),

      ["RightLowerArm"] = CFrame.new(-0.000000, 0.023722, 0.002830, 1.000000, 0.000000, 0.000000, -0.000000, 0.971461, -0.237198, -0.000000, 0.237198, 0.971461),

      ["RightLowerLeg"] = CFrame.new(-0.000000, -0.000155, 0.000001, 1.000000, -0.000000, 0.000000, -0.000000, 1.000000, -0.000007, 0.000000, -0.000010, 1.000000),

      ["RightUpperArm"] = CFrame.new(0.001711, -0.021190, -0.053276, 0.600390, -0.200078, 0.774274, -0.173820, -0.977699, -0.117861, 0.780588, -0.063821, -0.621779),

      ["RightUpperLeg"] = CFrame.new(0.000000, -0.000001, -0.000000, 0.987016, 0.160580, 0.003709, -0.112646, 0.708476, -0.696684, -0.114501, 0.687224, 0.717369),

      ["UpperTorso"] = CFrame.new(-0.128201, 0.044810, -0.145537, 0.989823, 0.142297, -0.001141, -0.130856, 0.907030, -0.400217, -0.055915, 0.396293, 0.916420),

    }},

    {Time = 0.233, Data = {

      ["Head"] = CFrame.new(0.000000, -0.000000, -0.000000, 0.998485, -0.010707, -0.053972, -0.003682, 0.965686, -0.259688, 0.054900, 0.259493, 0.964183),

      ["LeftFoot"] = CFrame.new(-0.000000, 0.007085, -0.000003, 0.965995, -0.197788, -0.166543, 0.211322, 0.975069, 0.067720, 0.148988, -0.100599, 0.983706),

      ["LeftHand"] = CFrame.new(0.000500, 0.000100, -0.000000, 1.000000, -0.000000, 0.000000, 0.000000, 1.000000, 0.000001, -0.000000, -0.000000, 1.000000),

      ["LeftLowerArm"] = CFrame.new(-0.000500, 0.013953, 0.000978, 1.000000, -0.000000, -0.000000, 0.000000, 0.990078, -0.140516, 0.000000, 0.140516, 0.990078),

      ["LeftLowerLeg"] = CFrame.new(-0.000000, 0.032830, -0.003189, 1.000000, -0.000000, 0.000000, 0.000000, 0.966484, 0.256714, -0.000000, -0.256729, 0.966487),

      ["LeftUpperArm"] = CFrame.new(-0.001485, -0.013898, -0.033810, 0.518261, -0.172837, -0.837576, -0.088235, -0.984946, 0.148651, -0.850658, -0.003136, -0.525709),

      ["LeftUpperLeg"] = CFrame.new(-0.000000, -0.000000, -0.000100, 0.916449, 0.377358, 0.133126, -0.103819, 0.545516, -0.831640, -0.386449, 0.748341, 0.539122),

      ["LowerTorso"] = CFrame.new(0.114263, -0.070895, 0.361950, 0.988737, -0.042645, -0.143460, 0.118341, 0.809578, 0.574960, 0.091623, -0.585461, 0.805506),

      ["RightFoot"] = CFrame.new(0.000000, -0.001983, -0.000103, 0.999672, 0.019591, 0.016496, -0.022786, 0.974392, 0.223723, -0.011690, -0.223999, 0.974513),

      ["RightHand"] = CFrame.new(-0.000500, 0.000000, -0.000000, 1.000000, 0.000000, -0.000000, -0.000000, 1.000000, 0.000001, 0.000000, -0.000000, 1.000000),

      ["RightLowerArm"] = CFrame.new(-0.000000, 0.018597, 0.001726, 1.000000, 0.000000, 0.000000, -0.000000, 0.982558, -0.185954, -0.000000, 0.185954, 0.982559),

      ["RightLowerLeg"] = CFrame.new(-0.000000, -0.001975, -0.000023, 1.000000, 0.000000, -0.000000, -0.000000, 1.000000, -0.000007, -0.000000, -0.000010, 1.000000),

      ["RightUpperArm"] = CFrame.new(0.001478, -0.021068, -0.053239, 0.595709, -0.236099, 0.767716, -0.189275, -0.970168, -0.151492, 0.780580, -0.055064, -0.622625),

      ["RightUpperLeg"] = CFrame.new(-0.000000, -0.000000, -0.000000, 0.993578, 0.098811, 0.055133, -0.024076, 0.660704, -0.750257, -0.110560, 0.744115, 0.658843),

      ["UpperTorso"] = CFrame.new(-0.083716, 0.067293, -0.126093, 0.993547, 0.095272, 0.061537, -0.058054, 0.893301, -0.445693, -0.097433, 0.439245, 0.893068),

    }},

    {Time = 0.250, Data = {

      ["Head"] = CFrame.new(-0.000000, 0.000000, -0.000000, 0.998467, -0.010614, -0.054320, -0.003823, 0.965871, -0.258996, 0.055215, 0.258807, 0.964350),

      ["LeftFoot"] = CFrame.new(-0.000000, 0.007629, -0.000003, 0.978605, -0.157389, -0.132526, 0.162817, 0.986166, 0.031100, 0.125790, -0.052005, 0.990692),

      ["LeftHand"] = CFrame.new(0.000500, 0.000100, -0.000000, 1.000000, 0.000000, 0.000000, 0.000000, 1.000000, 0.000001, -0.000000, -0.000000, 1.000000),

      ["LeftLowerArm"] = CFrame.new(-0.000500, 0.009294, 0.000432, 1.000000, -0.000000, -0.000000, 0.000000, 0.995579, -0.093930, 0.000000, 0.093929, 0.995579),

      ["LeftLowerLeg"] = CFrame.new(-0.000000, 0.035758, -0.003861, 1.000000, -0.000000, -0.000000, 0.000000, 0.959681, 0.281079, -0.000000, -0.281092, 0.959685),

      ["LeftUpperArm"] = CFrame.new(-0.001133, -0.015490, -0.038563, 0.522801, -0.158394, -0.837610, -0.085357, -0.987374, 0.133438, -0.848171, 0.001735, -0.529721),

      ["LeftUpperLeg"] = CFrame.new(-0.000000, -0.000000, -0.000100, 0.930811, 0.296994, 0.213041, -0.003447, 0.589972, -0.807411, -0.365485, 0.750818, 0.550183),

      ["LowerTorso"] = CFrame.new(0.026436, -0.080938, 0.359060, 0.983772, 0.049152, -0.172561, 0.060548, 0.814387, 0.577156, 0.168900, -0.578238, 0.798194),

      ["RightFoot"] = CFrame.new(0.000000, 0.003396, -0.000103, 0.996476, 0.064166, 0.054029, -0.073786, 0.976868, 0.200732, -0.039897, -0.203988, 0.978155),

      ["RightHand"] = CFrame.new(-0.000500, 0.000000, -0.000000, 1.000000, -0.000000, -0.000000, 0.000000, 1.000000, 0.000001, 0.000000, -0.000000, 1.000000),

      ["RightLowerArm"] = CFrame.new(-0.000000, 0.013878, 0.000953, 1.000000, 0.000000, 0.000000, -0.000000, 0.990325, -0.138765, -0.000000, 0.138764, 0.990325),

      ["RightLowerLeg"] = CFrame.new(-0.000000, 0.013514, -0.000495, 1.000000, 0.000000, 0.000000, -0.000000, 0.994789, 0.101939, 0.000000, -0.101956, 0.994791),

      ["RightUpperArm"] = CFrame.new(0.001130, -0.020888, -0.053183, 0.588376, -0.276157, 0.759968, -0.204524, -0.960136, -0.190550, 0.782294, -0.043317, -0.621402),

      ["RightUpperLeg"] = CFrame.new(-0.000000, -0.000000, -0.000000, 0.993101, 0.017657, 0.115929, 0.082485, 0.597505, -0.797608, -0.083351, 0.801671, 0.591931),

      ["UpperTorso"] = CFrame.new(-0.040907, 0.090177, -0.112233, 0.992020, 0.023723, 0.123826, 0.033797, 0.896155, -0.442452, -0.121464, 0.443107, 0.888202),

    }},

    {Time = 0.267, Data = {

      ["Head"] = CFrame.new(-0.000000, 0.000000, 0.000000, 0.998469, -0.010448, -0.054312, -0.003938, 0.966074, -0.258237, 0.055167, 0.258055, 0.964554),

      ["LeftFoot"] = CFrame.new(-0.000000, 0.008092, -0.000003, 0.987817, -0.119045, -0.100240, 0.117982, 0.992879, -0.016495, 0.101482, 0.004470, 0.994827),

      ["LeftHand"] = CFrame.new(0.000500, 0.000099, 0.000000, 1.000000, 0.000000, 0.000000, -0.000000, 1.000000, 0.000001, -0.000000, -0.000000, 1.000000),

