return {
["poodle dive in"] = {
    {Time = 0.000, Data = {
      ["Head"] = CFrame.new(0.000000, 0.000000, -0.000000, 0.936491, -0.060742, 0.345391, 0.064798, 0.997898, -0.000198, -0.344653, 0.022566, 0.938459),
      ["LeftFoot"] = CFrame.new(0.000000, 0.034884, 0.000000, 0.999931, -0.008974, -0.007557, 0.010556, 0.969306, 0.245632, 0.005120, -0.245695, 0.969334),
      ["LeftHand"] = CFrame.new(0.000484, 0.024417, 0.000000, 0.996678, 0.070055, -0.041535, -0.058225, 0.969508, 0.238042, 0.056945, -0.234833, 0.970366),
      ["LeftLowerArm"] = CFrame.new(-0.000499, 0.117610, 0.078325, 1.000000, 0.000000, 0.000000, 0.000000, 0.190846, -0.981620, 0.000000, 0.981620, 0.190846),
      ["LeftLowerLeg"] = CFrame.new(-0.000000, 0.117806, -0.135999, 1.000000, 0.000000, 0.000000, 0.000000, -0.411501, 0.911409, 0.000000, -0.911409, -0.411501),
      ["LeftUpperArm"] = CFrame.new(-0.101075, 0.040789, 0.298656, 0.797863, 0.435989, -0.416326, 0.081595, 0.606152, 0.791153, 0.597291, -0.665202, 0.448052),
      ["LeftUpperLeg"] = CFrame.new(-0.000000, 0.000000, -0.000100, 0.984169, 0.176561, 0.015415, -0.011657, 0.151276, -0.988423, -0.176849, 0.972595, 0.150939),
      ["LowerTorso"] = CFrame.new(0.000000, -0.319286, 0.110522, 0.983980, 0.000037, -0.178282, 0.032400, 0.983311, 0.179025, 0.175313, -0.181933, 0.967557),
      ["RightFoot"] = CFrame.new(0.000000, 0.022946, -0.000103, 0.999979, 0.004935, 0.004201, -0.003617, 0.962834, -0.270070, -0.005377, 0.270049, 0.962832),
      ["RightHand"] = CFrame.new(-0.000488, 0.018229, 0.000000, 0.986675, 0.140730, -0.081655, -0.156994, 0.955257, -0.250672, 0.042724, 0.260151, 0.964622),
      ["RightLowerArm"] = CFrame.new(-0.000000, 0.092207, 0.034600, 1.000000, 0.000000, 0.000000, 0.000000, 0.644658, -0.764471, 0.000000, 0.764471, 0.644658),
      ["RightLowerLeg"] = CFrame.new(-0.000000, 0.097108, -0.035348, 1.000000, -0.000000, 0.000000, 0.000000, 0.637049, 0.770823, -0.000000, -0.770823, 0.637049),
      ["RightUpperArm"] = CFrame.new(0.019447, -0.076637, 0.114873, 0.961106, -0.275852, 0.013478, 0.153304, 0.573452, 0.804768, -0.229726, -0.771400, 0.593437),
      ["RightUpperLeg"] = CFrame.new(0.000000, -0.000000, -0.000000, 0.984849, 0.120280, 0.124917, 0.004079, 0.704080, -0.710109, -0.173364, 0.699860, 0.692922),
      ["UpperTorso"] = CFrame.new(-0.000000, -0.000000, -0.000000, 1.000000, 0.000000, 0.000000, 0.000000, 1.000000, 0.000000, 0.000000, 0.000000, 1.000000)
    }},
    {Time = 0.017, Data = {
      ["Head"] = CFrame.new(-0.000000, -0.000000, -0.000002, 0.936576, -0.060588, 0.345187, 0.065124, 0.997876, -0.001550, -0.344360, 0.023932, 0.938533),
      ["LeftFoot"] = CFrame.new(0.000000, 0.034834, 0.000000, 0.999906, -0.010496, -0.008834, 0.012299, 0.971119, 0.238277, 0.006077, -0.238363, 0.971157),
      ["LeftHand"] = CFrame.new(0.000484, 0.024534, -0.000000, 0.997014, 0.066413, -0.039398, -0.054006, 0.964375, 0.258966, 0.055193, -0.256065, 0.965083),
      ["LeftLowerArm"] = CFrame.new(-0.000500, 0.118077, 0.080514, 1.000000, 0.000000, 0.000000, 0.000000, 0.168178, -0.985757, 0.000000, 0.985757, 0.168178),
      ["LeftLowerLeg"] = CFrame.new(0.000000, 0.118183, -0.135172, 1.000000, 0.000000, 0.000000, 0.000000, -0.402948, 0.915223, 0.000000, -0.915223, -0.402948),
      ["LeftUpperArm"] = CFrame.new(-0.103852, 0.031712, 0.308582, 0.787539, 0.454954, -0.415690, 0.057719, 0.617114, 0.784754, 0.613555, -0.642018, 0.459742),
      ["LeftUpperLeg"] = CFrame.new(-0.000000, 0.000000, -0.000100, 0.985560, 0.169044, 0.009824, -0.013707, 0.137472, -0.990411, -0.168773, 0.975974, 0.137803),
      ["LowerTorso"] = CFrame.new(-0.000082, -0.324792, 0.109550, 0.983283, 0.002617, -0.182063, 0.030353, 0.983550, 0.178069, 0.179534, -0.180618, 0.967029),
      ["RightFoot"] = CFrame.new(0.000000, 0.023272, -0.000102, 0.999987, 0.003840, 0.003220, -0.002831, 0.963049, -0.269311, -0.004135, 0.269299, 0.963048),
      ["RightHand"] = CFrame.new(-0.000487, 0.019086, -0.000000, 0.987549, 0.136065, -0.078951, -0.150480, 0.963370, -0.221976, 0.045856, 0.231093, 0.971851),
      ["RightLowerArm"] = CFrame.new(-0.000000, 0.095160, 0.037341, 1.000000, 0.000000, 0.000000, 0.000000, 0.616165, -0.787618, 0.000000, 0.787618, 0.616165),
      ["RightLowerLeg"] = CFrame.new(0.000000, 0.098065, -0.036181, 1.000000, -0.000000, 0.000000, 0.000000, 0.628394, 0.777896, -0.000000, -0.777896, 0.628394),
      ["RightUpperArm"] = CFrame.new(0.018853, -0.082171, 0.116271, 0.959132, -0.282850, 0.007805, 0.163671, 0.577080, 0.800119, -0.230818, -0.766142, 0.599791),
      ["RightUpperLeg"] = CFrame.new(-0.000000, -0.000000, -0.000000, 0.983564, 0.123119, 0.132075, 0.008571, 0.698810, -0.715256, -0.180357, 0.704632, 0.686269),
      ["UpperTorso"] = CFrame.new(0.000000, -0.000000, -0.000000, 1.000000, 0.000000, 0.000000, 0.000000, 1.000000, 0.000000, 0.000000, 0.000000, 1.000000)
    }},
    {Time = 0.033, Data = {
      ["Head"] = CFrame.new(-0.000002, -0.000001, -0.000009, 0.936807, -0.060040, 0.344656, 0.066017, 0.997803, -0.005620, -0.343561, 0.028018, 0.938712),
      ["LeftFoot"] = CFrame.new(-0.000000, 0.034680, 0.000000, 0.999774, -0.016291, -0.013696, 0.018886, 0.975769, 0.217989, 0.009813, -0.218198, 0.975855),
      ["LeftHand"] = CFrame.new(0.000484, 0.024903, 0.000000, 0.998199, 0.051538, -0.030698, -0.039671, 0.950996, 0.306648, 0.044997, -0.304878, 0.951328),
      ["LeftLowerArm"] = CFrame.new(-0.000499, 0.118926, 0.084959, 1.000000, 0.000000, 0.000000, 0.000000, 0.122016, -0.992528, 0.000000, 0.992528, 0.122016),
      ["LeftLowerLeg"] = CFrame.new(0.000000, 0.119282, -0.132624, 1.000000, 0.000000, 0.000000, 0.000000, -0.376341, 0.926481, 0.000000, -0.926481, -0.376341),
      ["LeftUpperArm"] = CFrame.new(-0.112569, 0.003186, 0.333791, 0.756423, 0.505568, -0.415000, -0.015498, 0.648151, 0.761354, 0.653899, -0.569475, 0.498111),
      ["LeftUpperLeg"] = CFrame.new(-0.000000, -0.000000, -0.000100, 0.988642, 0.150179, -0.005843, -0.021509, 0.102909, -0.994458, -0.148746, 0.983288, 0.104970),
      ["LowerTorso"] = CFrame.new(-0.000291, -0.339954, 0.106248, 0.981358, 0.009350, -0.191960, 0.024924, 0.984189, 0.175358, 0.190565, -0.176873, 0.965609),
      ["RightFoot"] = CFrame.new(0.000000, 0.024165, -0.000102, 0.999999, 0.001081, 0.000898, -0.000801, 0.963335, -0.268299, -0.001155, 0.268298, 0.963335),
      ["RightHand"] = CFrame.new(-0.000487, 0.020510, 0.000000, 0.989797, 0.123272, -0.071455, -0.132586, 0.980500, -0.145053, 0.052181, 0.153047, 0.986840),
      ["RightLowerArm"] = CFrame.new(-0.000000, 0.101510, 0.044650, 1.000000, 0.000000, 0.000000, 0.000000, 0.540372, -0.841426, 0.000000, 0.841426, 0.540372),
      ["RightLowerLeg"] = CFrame.new(0.000000, 0.100617, -0.038478, 1.000000, -0.000000, 0.000000, 0.000000, 0.604429, 0.796659, -0.000000, -0.796659, 0.604429),
      ["RightUpperArm"] = CFrame.new(0.017117, -0.096851, 0.119989, 0.953480, -0.301419, -0.004787, 0.190863, 0.591312, 0.783531, -0.233341, -0.747995, 0.621334),
      ["RightUpperLeg"] = CFrame.new(-0.000000, -0.000000, -0.000000, 0.979978, 0.130868, 0.150054, 0.020073, 0.684865, -0.728393, -0.198090, 0.716822, 0.668526),
      ["UpperTorso"] = CFrame.new(-0.000000, -0.000000, 0.000000, 1.000000, 0.000000, 0.000000, 0.000000, 1.000000, 0.000000, 0.000000, 0.000000, 1.000000)
    }},
    {Time = 0.050, Data = {
      ["Head"] = CFrame.new(-0.000004, -0.000000, -0.000020, 0.937188, -0.059035, 0.343794, 0.067370, 0.997652, -0.012338, -0.342258, 0.034724, 0.938964),
      ["LeftFoot"] = CFrame.new(0.000000, 0.034412, 0.000000, 0.999298, -0.028683, -0.024105, 0.032670, 0.982046, 0.185793, 0.018343, -0.186450, 0.982293),
      ["LeftHand"] = CFrame.new(0.000483, 0.025134, 0.000000, 0.999747, 0.019156, -0.011791, -0.013797, 0.936218, 0.351149, 0.017765, -0.350898, 0.936245),
      ["LeftLowerArm"] = CFrame.new(-0.000499, 0.119335, 0.087626, 1.000000, 0.000000, 0.000000, 0.000000, 0.094232, -0.995550, 0.000000, 0.995550, 0.094232),
      ["LeftLowerLeg"] = CFrame.new(0.000000, 0.121028, -0.128067, 1.000000, 0.000000, 0.000000, 0.000000, -0.328807, 0.944397, 0.000000, -0.944397, -0.328807),
      ["LeftUpperArm"] = CFrame.new(-0.129334, -0.047007, 0.364000, 0.701256, 0.576312, -0.419648, -0.141170, 0.689240, 0.710647, 0.698792, -0.439104, 0.564692),
      ["LeftUpperLeg"] = CFrame.new(0.000000, 0.000000, -0.000100, 0.991430, 0.127366, -0.029062, -0.037051, 0.060811, -0.997461, -0.125276, 0.989990, 0.065009),
      ["LowerTorso"] = CFrame.new(-0.000573, -0.362738, 0.100036, 0.978414, 0.018354, -0.205837, 0.017499, 0.985112, 0.171022, 0.205911, -0.170932, 0.963526),
      ["RightFoot"] = CFrame.new(0.000000, 0.025038, -0.000102, 0.999996, -0.002272, -0.001954, 0.001662, 0.963100, -0.269140, 0.002493, 0.269135, 0.963099),
      ["RightHand"] = CFrame.new(-0.000485, 0.022030, -0.000000, 0.992711, 0.104330, -0.060326, -0.106729, 0.993561, -0.038011, 0.055972, 0.044172, 0.997455),
      ["RightLowerArm"] = CFrame.new(-0.000000, 0.107937, 0.053940, 1.000000, 0.000000, 0.000000, 0.000000, 0.443914, -0.896070, 0.000000, 0.896070, 0.443914),
      ["RightLowerLeg"] = CFrame.new(-0.000000, 0.103931, -0.042086, 1.000000, -0.000000, 0.000000, 0.000000, 0.567037, 0.823692, -0.000000, -0.823692, 0.567037),
      ["RightUpperArm"] = CFrame.new(0.014372, -0.117634, 0.125269, 0.944331, -0.328715, -0.013573, 0.229015, 0.627173, 0.744450, -0.236199, -0.706116, 0.667540),
      ["RightUpperLeg"] = CFrame.new(-0.000000, 0.000000, -0.000000, 0.974366, 0.142868, 0.173780, 0.035766, 0.664265, -0.746641, -0.222108, 0.733717, 0.642127),
      ["UpperTorso"] = CFrame.new(-0.000000, 0.000000, -0.000000, 1.000000, 0.000000, 0.000000, 0.000000, 1.000000, 0.000000, 0.000000, 0.000000, 1.000000)
    }},
    {Time = 0.067, Data = {
      ["Head"] = CFrame.new(-0.000007, 0.000000, -0.000035, 0.937736, -0.057767, 0.342512, 0.069327, 0.997360, -0.021592, -0.340361, 0.043993, 0.939265),
      ["LeftFoot"] = CFrame.new(-0.000000, 0.034015, -0.000000, 0.998079, -0.047392, -0.039908, 0.052609, 0.988488, 0.141858, 0.032726, -0.143685, 0.989082),
      ["LeftHand"] = CFrame.new(0.000484, 0.024865, 0.000000, 0.999536, -0.026556, 0.014912, 0.019440, 0.933188, 0.358862, -0.023446, -0.358406, 0.933271),
      ["LeftLowerArm"] = CFrame.new(-0.000499, 0.118856, 0.084563, 1.000000, 0.000000, 0.000000, 0.000000, 0.126129, -0.992014, 0.000000, 0.992014, 0.126129),
      ["LeftLowerLeg"] = CFrame.new(-0.000000, 0.123154, -0.121164, 1.000000, 0.000000, 0.000000, 0.000000, -0.256866, 0.966447, 0.000000, -0.966447, -0.256866),
      ["LeftUpperArm"] = CFrame.new(-0.155050, -0.112499, 0.385460, 0.621158, 0.647835, -0.440991, -0.305193, 0.718257, 0.625271, 0.721817, -0.253805, 0.643866),
      ["LeftUpperLeg"] = CFrame.new(0.000000, 0.000000, -0.000100, 0.992376, 0.110155, -0.055276, -0.058394, 0.025277, -0.997974, -0.108534, 0.993593, 0.031517),
      ["LowerTorso"] = CFrame.new(-0.000873, -0.391112, 0.090332, 0.974711, 0.028013, -0.221708, 0.009208, 0.986235, 0.165095, 0.223281, -0.162962, 0.961035),
      ["RightFoot"] = CFrame.new(-0.000000, 0.026405, -0.000102, 0.999976, -0.005330, -0.004489, 0.003904, 0.962123, -0.272587, 0.005771, 0.272563, 0.962121),
      ["RightHand"] = CFrame.new(-0.000485, 0.022942, -0.000000, 0.995640, 0.080794, -0.046613, -0.076881, 0.993795, 0.080374, 0.052817, -0.076440, 0.995674),
      ["RightLowerArm"] = CFrame.new(-0.000000, 0.112276, 0.062372, 1.000000, 0.000000, 0.000000, 0.000000, 0.356518, -0.934288, 0.000000, 0.934288, 0.356518),
      ["RightLowerLeg"] = CFrame.new(0.000000, 0.107875, -0.046502, 1.000000, -0.000000, 0.000000, 0.000000, 0.521054, 0.853524, -0.000000, -0.853524, 0.521054),
      ["RightUpperArm"] = CFrame.new(0.010596, -0.141594, 0.131399, 0.932246, -0.361760, -0.006951, 0.272243, 0.688650, 0.672045, -0.238332, -0.628404, 0.740478),
      ["RightUpperLeg"] = CFrame.new(0.000000, -0.000000, -0.000000, 0.967294, 0.157862, 0.198552, 0.052698, 0.640608, -0.766058, -0.248125, 0.751466, 0.611337),
      ["UpperTorso"] = CFrame.new(-0.000000, -0.000000, 0.000000, 1.000000, 0.000000, 0.000000, 0.000000, 1.000000, 0.000000, 0.000000, 0.000000, 1.000000)
    }},
    {Time = 0.083, Data = {
      ["Head"] = CFrame.new(-0.000011, 0.000134, -0.000054, 0.938395, -0.056188, 0.340967, 0.071761, 0.996868, -0.033223, -0.338032, 0.055645, 0.939488),
      ["LeftFoot"] = CFrame.new(0.000000, 0.033477, -0.000001, 0.995937, -0.068908, -0.057972, 0.073919, 0.993261, 0.089265, 0.051431, -0.093188, 0.994319),
      ["LeftHand"] = CFrame.new(0.000484, 0.024155, 0.000000, 0.997143, -0.065502, 0.037618, 0.050920, 0.950751, 0.305744, -0.055792, -0.302955, 0.951370),
      ["LeftLowerArm"] = CFrame.new(-0.000500, 0.116387, 0.073486, 1.000000, 0.000000, 0.000000, 0.000000, 0.240997, -0.970526, 0.000000, 0.970526, 0.240997),
      ["LeftLowerLeg"] = CFrame.new(-0.000000, 0.125075, -0.111800, 1.000000, 0.000000, 0.000000, 0.000000, -0.159359, 0.987221, 0.000000, -0.987221, -0.159359),
      ["LeftUpperArm"] = CFrame.new(-0.184330, -0.174742, 0.390166, 0.527937, 0.693763, -0.489873, -0.469178, 0.719045, 0.512685, 0.707923, -0.040828, 0.705109),
      ["LeftUpperLeg"] = CFrame.new(0.000000, -0.000000, -0.000100, 0.991217, 0.107513, -0.077001, -0.078060, 0.005669, -0.996933, -0.106747, 0.994187, 0.014012),
      ["LowerTorso"] = CFrame.new(-0.001137, -0.423044, 0.076558, 0.970692, 0.036733, -0.237505, 0.001199, 0.987498, 0.157629, 0.240326, -0.153294, 0.958512),
      ["RightFoot"] = CFrame.new(0.000000, 0.027451, -0.000102, 0.999955, -0.007244, -0.006110, 0.005231, 0.959530, -0.281559, 0.007903, 0.281515, 0.959524),
      ["RightHand"] = CFrame.new(-0.000485, 0.023534, -0.000000, 0.998036, 0.054347, -0.031162, -0.047525, 0.980902, 0.188606, 0.040817, -0.186754, 0.981558),
      ["RightLowerArm"] = CFrame.new(-0.000000, 0.114466, 0.067518, 1.000000, 0.000000, 0.000000, 0.000000, 0.303061, -0.952971, 0.000000, 0.952971, 0.303061),
      ["RightLowerLeg"] = CFrame.new(0.000000, 0.111590, -0.051651, 1.000000, -0.000000, 0.000000, 0.000000, 0.467509, 0.883988, -0.000000, -0.883988, 0.467509),
      ["RightUpperArm"] = CFrame.new(0.005499, -0.166272, 0.137797, 0.918321, -0.395151, 0.023284, 0.315661, 0.766542, 0.559260, -0.238840, -0.506230, 0.828666),
      ["RightUpperLeg"] = CFrame.new(-0.000000, -0.000000, -0.000000, 0.959815, 0.174367, 0.219889, 0.067960, 0.615806, -0.784962, -0.272280, 0.768362, 0.579210),
      ["UpperTorso"] = CFrame.new(-0.000000, -0.000000, 0.000000, 1.000000, 0.000000, 0.000000, 0.000000, 1.000000, 0.000000, 0.000000, 0.000000, 1.000000)
    }},
    {Time = 0.100, Data = {
      ["Head"] = CFrame.new(-0.000015, 0.000188, -0.000076, 0.939221, -0.054317, 0.338988, 0.074655, 0.996090, -0.047236, -0.335097, 0.069672, 0.939604),
      ["LeftFoot"] = CFrame.new(0.000000, 0.032690, -0.000001, 0.993379, -0.087880, -0.074001, 0.090650, 0.995270, 0.034932, 0.070581, -0.041409, 0.996646),
      ["LeftHand"] = CFrame.new(0.000485, 0.022315, -0.000000, 0.996014, -0.077328, 0.044465, 0.067587, 0.979542, 0.189550, -0.058213, -0.185789, 0.980864),
      ["LeftLowerArm"] = CFrame.new(-0.000500, 0.108612, 0.055251, 1.000000, 0.000000, 0.000000, 0.000000, 0.430359, -0.902658, 0.000000, 0.902658, 0.430359),
      ["LeftLowerLeg"] = CFrame.new(-0.000000, 0.126048, -0.100108, 1.000000, 0.000000, 0.000000, 0.000000, -0.037606, 0.999293, 0.000000, -0.999293, -0.037606),
      ["LeftUpperArm"] = CFrame.new(-0.207140, -0.216415, 0.383529, 0.442507, 0.694992, -0.566721, -0.597087, 0.699852, 0.392039, 0.669085, 0.164902, 0.724660),
      ["LeftUpperLeg"] = CFrame.new(-0.000000, -0.000000, -0.000100, 0.988623, 0.123415, -0.085979, -0.087484, 0.006817, -0.996143, -0.122353, 0.992332, 0.017536),
      ["LowerTorso"] = CFrame.new(-0.001309, -0.456498, 0.058133, 0.966952, 0.042813, -0.251338, -0.005165, 0.988888, 0.148575, 0.254906, -0.142367, 0.956428),
      ["RightFoot"] = CFrame.new(-0.000000, 0.028446, -0.000102, 0.999947, -0.007912, -0.006653, 0.005571, 0.954597, -0.297849, 0.008707, 0.297796, 0.954590),
      ["RightHand"] = CFrame.new(-0.000485, 0.023670, 0.000000, 0.999549, 0.026214, -0.014629, -0.021335, 0.963141, 0.268149, 0.021119, -0.267716, 0.963266),
      ["RightLowerArm"] = CFrame.new(-0.000000, 0.114924, 0.068703, 1.000000, 0.000000, 0.000000, 0.000000, 0.290675, -0.956822, 0.000000, 0.956822, 0.290675),
      ["RightLowerLeg"] = CFrame.new(0.000000, 0.114996, -0.057126, 1.000000, -0.000000, 0.000000, 0.000000, 0.410658, 0.911789, -0.000000, -0.911789, 0.410658),
      ["RightUpperArm"] = CFrame.new(-0.001363, -0.189935, 0.143995, 0.903919, -0.420847, 0.076281, 0.355857, 0.838957, 0.411725, -0.237270, -0.345021, 0.908110),
      ["RightUpperLeg"] = CFrame.new(0.000000, -0.000000, -0.000000, 0.953483, 0.189775, 0.234212, 0.078719, 0.593248, -0.801162, -0.290986, 0.782331, 0.550713),
      ["UpperTorso"] = CFrame.new(0.000000, -0.000000, 0.000000, 1.000000, 0.000000, 0.000000, 0.000000, 1.000000, 0.000000, 0.000000, 0.000000, 1.000000)
    }},
    {Time = 0.117, Data = {
      ["Head"] = CFrame.new(-0.000020, 0.000250, -0.000101, 0.940153, -0.052164, 0.336736, 0.077990, 0.994922, -0.063620, -0.331708, 0.086075, 0.939447),
      ["LeftFoot"] = CFrame.new(-0.000000, 0.031830, -0.000001, 0.991705, -0.098307, -0.082801, 0.097753, 0.995153, -0.010724, 0.083454, 0.002541, 0.996508),
      ["LeftHand"] = CFrame.new(0.000488, 0.018102, -0.000000, 0.997876, -0.056556, 0.032310, 0.055591, 0.998003, 0.030002, -0.033943, -0.028142, 0.999027),
      ["LeftLowerArm"] = CFrame.new(-0.000500, 0.091301, 0.033881, 1.000000, 0.000000, 0.000000, 0.000000, 0.652114, -0.758121, 0.000000, 0.758121, 0.652114),
      ["LeftLowerLeg"] = CFrame.new(0.000000, 0.125283, -0.086623, 1.000000, -0.000000, 0.000000, 0.000000, 0.102694, 0.994713, -0.000000, -0.994713, 0.102694),
      ["LeftUpperArm"] = CFrame.new(-0.216479, -0.233121, 0.376614, 0.379821, 0.648163, -0.660016, -0.678770, 0.680024, 0.277198, 0.628496, 0.342713, 0.698241),
      ["LeftUpperLeg"] = CFrame.new(-0.000000, 0.000000, -0.000100, 0.985017, 0.154658, -0.076303, -0.081657, 0.028560, -0.996251, -0.151899, 0.987555, 0.040761),
      ["LowerTorso"] = CFrame.new(-0.001337, -0.489444, 0.034476, 0.964197, 0.044861, -0.261365, -0.008736, 0.990426, 0.137770, 0.265043, -0.130555, 0.955357),
      ["RightFoot"] = CFrame.new(0.000000, 0.029310, -0.000102, 0.999959, -0.006925, -0.005848, 0.004656, 0.946013, -0.324095, 0.007776, 0.324055, 0.946006),
      ["RightHand"] = CFrame.new(-0.000484, 0.023488, 0.000000, 0.999996, -0.002043, 0.001861, 0.001367, 0.950878, 0.309564, -0.002402, -0.309560, 0.950877),
      ["RightLowerArm"] = CFrame.new(-0.000001, 0.114304, 0.067105, 1.000000, 0.000000, 0.000000, 0.000000, 0.307335, -0.951601, 0.000000, 0.951601, 0.307335),
      ["RightLowerLeg"] = CFrame.new(-0.000000, 0.117850, -0.062649, 1.000000, -0.000000, 0.000000, 0.000000, 0.353185, 0.935554, -0.000000, -0.935554, 0.353185),
      ["RightUpperArm"] = CFrame.new(-0.010415, -0.211694, 0.149461, 0.890384, -0.432883, 0.140813, 0.391155, 0.885792, 0.249739, -0.232839, -0.167284, 0.958020),
      ["RightUpperLeg"] = CFrame.new(0.000000, -0.000000, -0.000000, 0.950084, 0.201304, 0.238363, 0.082083, 0.575805, -0.813456, -0.301003, 0.792417, 0.530540),
      ["UpperTorso"] = CFrame.new(-0.000000, 0.000000, 0.000000, 1.000000, 0.000000, 0.000000, 0.000000, 1.000000, 0.000000, 0.000000, 0.000000, 1.000000)
    }},
    {Time = 0.133, Data = {
      ["Head"] = CFrame.new(-0.000026, 0.000319, -0.000129, 0.941216, -0.049795, 0.334116, 0.081700, 0.993268, -0.082120, -0.327778, 0.104590, 0.938948),
      ["LeftFoot"] = CFrame.new(-0.000000, 0.030372, -0.000002, 0.992483, -0.093626, -0.078811, 0.090901, 0.995154, -0.037493, 0.081940, 0.030047, 0.996184),
      ["LeftHand"] = CFrame.new(0.000493, 0.010226, -0.000000, 0.999939, -0.009866, 0.004929, 0.010456, 0.990243, -0.138962, -0.003510, 0.139005, 0.990286),
      ["LeftLowerArm"] = CFrame.new(-0.000500, 0.062648, 0.015272, 1.000000, 0.000000, 0.000000, 0.000000, 0.844471, -0.535602, 0.000000, 0.535602, 0.844471),
      ["LeftLowerLeg"] = CFrame.new(-0.000000, 0.121947, -0.072310, 1.000000, -0.000000, 0.000000, 0.000000, 0.251700, 0.967805, -0.000000, -0.967805, 0.251700),
      ["LeftUpperArm"] = CFrame.new(-0.210127, -0.228869, 0.376276, 0.345357, 0.563354, -0.750574, -0.720877, 0.671333, 0.172186, 0.600887, 0.481606, 0.637959),
      ["LeftUpperLeg"] = CFrame.new(0.000000, -0.000000, -0.000100, 0.980164, 0.192591, -0.046769, -0.061022, 0.068750, -0.995766, -0.188561, 0.978868, 0.079139),
      ["LowerTorso"] = CFrame.new(-0.001164, -0.519846, 0.005009, 0.963184, 0.041446, -0.265630, -0.008233, 0.992130, 0.124945, 0.268718, -0.118158, 0.955944),
      ["RightFoot"] = CFrame.new(0.000000, 0.030089, -0.000102, 0.999986, -0.003973, -0.003382, 0.002475, 0.931777, -0.363023, 0.004593, 0.363010, 0.931774),
      ["RightHand"] = CFrame.new(-0.000484, 0.023292, 0.000000, 0.999435, -0.028705, 0.017479, 0.021735, 0.948751, 0.315277, -0.025634, -0.314719, 0.948839),
      ["RightLowerArm"] = CFrame.new(-0.000000, 0.113608, 0.065405, 1.000000, 0.000000, 0.000000, 0.000000, 0.325001, -0.945714, 0.000000, 0.945714, 0.325001),
      ["RightLowerLeg"] = CFrame.new(-0.000000, 0.120154, -0.067873, 1.000000, -0.000000, 0.000000, 0.000000, 0.298876, 0.954292, -0.000000, -0.954292, 0.298876),
      ["RightUpperArm"] = CFrame.new(-0.021950, -0.231396, 0.153288, 0.878771, -0.433063, 0.200545, 0.421333, 0.901357, 0.100172, -0.224144, -0.003533, 0.974550),
      ["RightUpperLeg"] = CFrame.new(0.000000, -0.000000, -0.000000, 0.951343, 0.205521, 0.229580, 0.075432, 0.567063, -0.820213, -0.298757, 0.797622, 0.523969),
      ["UpperTorso"] = CFrame.new(0.000000, -0.000000, -0.000000, 1.000000, 0.000000, 0.000000, 0.000000, 1.000000, 0.000000, 0.000000, 0.000000, 1.000000)
    }},
    {Time = 0.150, Data = {
      ["Head"] = CFrame.new(-0.000032, 0.000394, -0.000160, 0.942434, -0.047206, 0.331045, 0.085783, 0.990986, -0.102899, -0.323203, 0.125374, 0.937988),
      ["LeftFoot"] = CFrame.new(-0.000000, 0.028469, -0.000002, 0.996248, -0.066208, -0.055741, 0.064167, 0.997229, -0.037643, 0.058079, 0.033925, 0.997735),
      ["LeftHand"] = CFrame.new(0.000497, 0.005068, -0.000000, 0.998020, 0.053960, -0.032325, -0.061275, 0.950119, -0.305809, 0.014212, 0.307184, 0.951544),
      ["LeftLowerArm"] = CFrame.new(-0.000500, 0.027668, 0.002628, 1.000000, 0.000000, 0.000000, 0.000000, 0.973140, -0.230213, 0.000000, 0.230213, 0.973140),
      ["LeftLowerLeg"] = CFrame.new(-0.000000, 0.115913, -0.058302, 1.000000, -0.000000, 0.000000, 0.000000, 0.397370, 0.917659, -0.000000, -0.917659, 0.397370),
      ["LeftUpperArm"] = CFrame.new(-0.187182, -0.208282, 0.383952, 0.341713, 0.440098, -0.830389, -0.731393, 0.679391, 0.059096, 0.590167, 0.587146, 0.554042),
      ["LeftUpperLeg"] = CFrame.new(-0.000000, 0.000000, -0.000100, 0.973856, 0.227162, -0.001550, -0.030282, 0.123055, -0.991938, -0.225140, 0.966051, 0.126716),
      ["LowerTorso"] = CFrame.new(-0.000737, -0.545673, -0.030850, 0.964559, 0.031193, -0.262018, -0.002294, 0.993942, 0.109883, 0.263858, -0.105388, 0.958787),
      ["RightFoot"] = CFrame.new(-0.000000, 0.030578, -0.000102, 0.999998, 0.001718, 0.001392, -0.000981, 0.908856, -0.417108, -0.001981, 0.417106, 0.908856),
      ["RightHand"] = CFrame.new(-0.000484, 0.023476, -0.000000, 0.998190, -0.051615, 0.030850, 0.040181, 0.954215, 0.296410, -0.044737, -0.294634, 0.954562),
      ["RightLowerArm"] = CFrame.new(-0.000001, 0.114265, 0.067008, 1.000000, 0.000000, 0.000000, 0.000000, 0.308350, -0.951273, 0.000000, 0.951273, 0.308350),
      ["RightLowerLeg"] = CFrame.new(0.000000, 0.121769, -0.072485, 1.000000, -0.000000, 0.000000, 0.000000, 0.250856, 0.968024, -0.000000, -0.968024, 0.250856),
      ["RightUpperArm"] = CFrame.new(-0.036143, -0.249382, 0.153776, 0.869979, -0.430856, 0.239790, 0.447002, 0.894413, -0.014677, -0.208148, 0.119955, 0.970714),
      ["RightUpperLeg"] = CFrame.new(0.000000, 0.000000, -0.000000, 0.958433, 0.198975, 0.204489, 0.056316, 0.570677, -0.819241, -0.279705, 0.796704, 0.535750),
      ["UpperTorso"] = CFrame.new(-0.000000, 0.000000, -0.000000, 1.000000, 0.000000, 0.000000, 0.000000, 1.000000, 0.000000, 0.000000, 0.000000, 1.000000)
    }},
    {Time = 0.167, Data = {
      ["Head"] = CFrame.new(-0.000039, 0.000474, -0.000192, 0.943744, -0.044455, 0.327675, 0.090176, 0.987964, -0.125684, -0.318144, 0.148161, 0.936393),
      ["LeftFoot"] = CFrame.new(0.000000, 0.026062, -0.000002, 0.999932, -0.008922, -0.007473, 0.008860, 0.999927, -0.008234, 0.007546, 0.008167, 0.999938),
      ["LeftHand"] = CFrame.new(0.000502, -0.002859, -0.000000, 0.988705, 0.129020, -0.076266, -0.148865, 0.904373, -0.399936, 0.017373, 0.406772, 0.913364),
      ["LeftLowerArm"] = CFrame.new(-0.000500, -0.003055, 0.000016, 1.000000, 0.000000, 0.000000, 0.000000, 1.000000, 0.000000, 0.000000, 0.000000, 1.000000),
      ["LeftLowerLeg"] = CFrame.new(-0.000000, 0.107682, -0.045941, 1.000000, -0.000000, 0.000000, 0.000000, 0.525858, 0.850572, -0.000000, -0.850572, 0.525858),
      ["LeftUpperArm"] = CFrame.new(-0.145216, -0.173227, 0.397453, 0.374779, 0.344685, -0.860658, -0.712669, 0.700874, -0.029643, 0.592996, 0.624474, 0.508319),
      ["LeftUpperLeg"] = CFrame.new(0.000000, -0.000000, -0.000100, 0.966096, 0.252436, 0.054167, 0.006816, 0.184790, -0.982754, -0.258092, 0.949804, 0.176804),
      ["LowerTorso"] = CFrame.new(0.000000, -0.564891, -0.073681, 0.968623, 0.012361, -0.248227, 0.010993, 0.995654, 0.092478, 0.248291, -0.092305, 0.964278),
      ["RightFoot"] = CFrame.new(-0.000000, 0.030827, -0.000102, 0.999877, 0.011991, 0.010079, -0.005551, 0.872934, -0.487807, -0.014647, 0.487692, 0.872893),
      ["RightHand"] = CFrame.new(-0.000484, 0.024152, -0.000000, 0.996896, -0.067717, 0.040149, 0.054697, 0.962585, 0.265401, -0.056619, -0.262382, 0.963302),
      ["RightLowerArm"] = CFrame.new(-0.000000, 0.116967, 0.075265, 1.000000, 0.000000, 0.000000, 0.000000, 0.222593, -0.974911, 0.000000, 0.974911, 0.222593),
      ["RightLowerLeg"] = CFrame.new(-0.000000, 0.122745, -0.075999, 1.000000, -0.000000, 0.000000, 0.000000, 0.214391, 0.976748, -0.000000, -0.976748, 0.214391),
      ["RightUpperArm"] = CFrame.new(-0.053115, -0.266207, 0.147653, 0.864746, -0.438019, 0.245668, 0.469377, 0.878880, -0.085178, -0.178603, 0.188969, 0.965604),
      ["RightUpperLeg"] = CFrame.new(0.000000, -0.000000, -0.000000, 0.971153, 0.177967, 0.158713, 0.023346, 0.591423, -0.806023, -0.237312, 0.786477, 0.570208),
      ["UpperTorso"] = CFrame.new(0.000000, -0.000000, 0.000000, 1.000000, 0.000000, 0.000000, 0.000000, 1.000000, 0.000000, 0.000000, 0.000000, 1.000000)
    }},
    {Time = 0.183, Data = {
      ["Head"] = CFrame.new(-0.000046, 0.000559, -0.000227, 0.945164, -0.041668, 0.323926, 0.094914, 0.984065, -0.150359, -0.312499, 0.172859, 0.934058),
      ["LeftFoot"] = CFrame.new(-0.000000, 0.023183, -0.000002, 0.994655, 0.078973, 0.066512, -0.081849, 0.995772, 0.041689, -0.062938, -0.046910, 0.996914),
      ["LeftHand"] = CFrame.new(0.000504, -0.005538, -0.000000, 0.969028, 0.212841, -0.125235, -0.244744, 0.895371, -0.372036, 0.032947, 0.391164, 0.919731),
      ["LeftLowerArm"] = CFrame.new(-0.000500, -0.005731, 0.000030, 1.000000, 0.000000, 0.000000, 0.000000, 1.000000, 0.000000, 0.000000, 0.000000, 1.000000),
      ["LeftLowerLeg"] = CFrame.new(-0.000000, 0.098591, -0.036368, 1.000000, -0.000000, 0.000000, 0.000000, 0.625411, 0.780296, -0.000000, -0.780296, 0.625411),
      ["LeftUpperArm"] = CFrame.new(-0.080645, -0.123037, 0.410233, 0.452688, 0.347206, -0.821293, -0.662028, 0.747894, -0.048727, 0.597322, 0.565776, 0.568422),
      ["LeftUpperLeg"] = CFrame.new(0.000000, -0.000000, -0.000100, 0.955594, 0.269600, 0.118980, 0.051316, 0.245343, -0.968077, -0.290185, 0.931194, 0.220613),
      ["LowerTorso"] = CFrame.new(0.001086, -0.575888, -0.123822, 0.974983, -0.016416, -0.221674, 0.033301, 0.996801, 0.072649, 0.219772, -0.078214, 0.972411),
      ["RightFoot"] = CFrame.new(-0.000000, 0.031034, -0.000102, 0.999187, 0.030867, 0.025938, -0.010462, 0.819803, -0.572551, -0.038937, 0.571814, 0.819459),
      ["RightHand"] = CFrame.new(-0.000483, 0.025223, -0.000000, 0.996530, -0.071616, 0.042406, 0.060169, 0.971928, 0.227454, -0.057505, -0.224114, 0.972865),
      ["RightLowerArm"] = CFrame.new(-0.000000, 0.119818, 0.091719, 1.000000, 0.000000, 0.000000, 0.000000, 0.051805, -0.998657, 0.000000, 0.998657, 0.051805),
      ["RightLowerLeg"] = CFrame.new(0.000000, 0.123238, -0.077830, 1.000000, -0.000000, 0.000000, 0.000000, 0.195342, 0.980735, -0.000000, -0.980735, 0.195342),
      ["RightUpperArm"] = CFrame.new(-0.073048, -0.281767, 0.128615, 0.863880, -0.458656, 0.208198, 0.488373, 0.863880, -0.123304, -0.123304, 0.208198, 0.970283),
      ["RightUpperLeg"] = CFrame.new(-0.000000, -0.000000, -0.000000, 0.986361, 0.140063, 0.086452, -0.022202, 0.633658, -0.773295, -0.163090, 0.760829, 0.628125),
      ["UpperTorso"] = CFrame.new(0.000000, -0.000000, -0.000000, 1.000000, 0.000000, 0.000000, 0.000000, 1.000000, 0.000000, 0.000000, 0.000000, 1.000000)
    }},
    {Time = 0.200, Data = {
      ["Head"] = CFrame.new(-0.000053, 0.000649, -0.000263, 0.946700, -0.038691, 0.319783, 0.099809, 0.979135, -0.177013, -0.306262, 0.199496, 0.930809),
      ["LeftFoot"] = CFrame.new(0.000000, 0.020299, -0.000002, 0.971593, 0.181058, 0.152397, -0.195406, 0.977031, 0.085014, -0.133504, -0.112378, 0.984656),
      ["LeftHand"] = CFrame.new(0.000499, 0.001537, -0.000000, 0.937148, 0.300886, -0.176697, -0.343602, 0.883940, -0.317155, 0.060763, 0.357934, 0.931768),
      ["LeftLowerArm"] = CFrame.new(-0.000500, 0.006884, 0.000143, 1.000000, 0.000000, 0.000000, 0.000000, 0.998445, -0.055742, 0.000000, 0.055742, 0.998445),
      ["LeftLowerLeg"] = CFrame.new(-0.000000, 0.090346, -0.029807, 1.000000, -0.000000, 0.000000, 0.000000, 0.693637, 0.720325, -0.000000, -0.720325, 0.693637),
      ["LeftUpperArm"] = CFrame.new(0.004425, -0.059680, 0.409083, 0.572171, 0.370952, -0.731447, -0.581998, 0.812029, -0.043446, 0.577840, 0.450559, 0.680513),
      ["LeftUpperLeg"] = CFrame.new(-0.000000, 0.000000, -0.000100, 0.939974, 0.282525, 0.191385, 0.103226, 0.299154, -0.948605, -0.325258, 0.911420, 0.252033),
      ["LowerTorso"] = CFrame.new(0.002507, -0.578737, -0.180645, 0.981827, -0.055140, -0.181590, 0.065454, 0.996536, 0.051299, 0.178133, -0.062253, 0.982035),
      ["RightFoot"] = CFrame.new(0.000000, 0.031030, -0.000102, 0.996644, 0.062627, 0.052721, -0.012274, 0.751056, -0.660124, -0.080938, 0.657261, 0.749304),
      ["RightHand"] = CFrame.new(-0.000483, 0.026183, -0.000000, 0.997892, -0.055869, 0.033008, 0.048951, 0.982026, 0.182286, -0.042599, -0.180286, 0.982691),
      ["RightLowerArm"] = CFrame.new(-0.000002, 0.118875, 0.113171, 1.000000, 0.000000, 0.000000, 0.000000, -0.170959, -0.985278, 0.000000, 0.985278, -0.170959),
      ["RightLowerLeg"] = CFrame.new(-0.000000, 0.123228, -0.077794, 1.000000, -0.000000, 0.000000, 0.000000, 0.195780, 0.980648, -0.000000, -0.980648, 0.195780),
      ["RightUpperArm"] = CFrame.new(-0.096158, -0.291785, 0.086976, 0.868341, -0.480232, 0.123940, 0.495421, 0.851597, -0.171290, -0.023288, 0.210141, 0.977394),
      ["RightUpperLeg"] = CFrame.new(0.000000, -0.000000, -0.000000, 0.995934, 0.088876, -0.014708, -0.072603, 0.695240, -0.715102, -0.053330, 0.713262, 0.698866),
      ["UpperTorso"] = CFrame.new(-0.000000, -0.000000, 0.000000, 1.000000, 0.000000, 0.000000, 0.000000, 1.000000, 0.000000, 0.000000, 0.000000, 1.000000)
    }},
    {Time = 0.217, Data = {
      ["Head"] = CFrame.new(-0.000061, 0.000741, -0.000301, 0.948367, -0.035673, 0.315164, 0.104872, 0.973035, -0.205436, -0.299337, 0.227881, 0.926535),
      ["LeftFoot"] = CFrame.new(0.000000, 0.018366, -0.000002, 0.932249, 0.276758, 0.233059, -0.306117, 0.946697, 0.100282, -0.192882, -0.164831, 0.967278),
      ["LeftHand"] = CFrame.new(0.000497, 0.004198, 0.000000, 0.897622, 0.380210, -0.222970, -0.429500, 0.868150, -0.248686, 0.099019, 0.318992, 0.942571),
      ["LeftLowerArm"] = CFrame.new(-0.000500, 0.022112, 0.001640, 1.000000, 0.000000, 0.000000, 0.000000, 0.983176, -0.182661, 0.000000, 0.182661, 0.983176),
      ["LeftLowerLeg"] = CFrame.new(0.000000, 0.084722, -0.025980, 1.000000, -0.000000, 0.000000, 0.000000, 0.733405, 0.679791, -0.000000, -0.679791, 0.733405),
      ["LeftUpperArm"] = CFrame.new(0.099977, 0.008591, 0.377271, 0.714150, 0.412789, -0.565327, -0.487720, 0.872744, 0.021145, 0.502114, 0.260621, 0.824596),
      ["LeftUpperLeg"] = CFrame.new(0.000000, -0.000000, -0.000100, 0.917932, 0.294717, 0.265600, 0.157693, 0.343274, -0.925903, -0.364053, 0.891799, 0.268627),
      ["LowerTorso"] = CFrame.new(0.004234, -0.573934, -0.243280, 0.986443, -0.103511, -0.127339, 0.108085, 0.993703, 0.029531, 0.123480, -0.042894, 0.991420),
      ["RightFoot"] = CFrame.new(0.000000, 0.030815, -0.000102, 0.989046, 0.112937, 0.095042, -0.006195, 0.675076, -0.737722, -0.147477, 0.729052, 0.668381),
      ["RightHand"] = CFrame.new(-0.000482, 0.027093, 0.000000, 0.999999, -0.001183, 0.000778, 0.001055, 0.989041, 0.147637, -0.000944, -0.147636, 0.989041),
      ["RightLowerArm"] = CFrame.new(-0.000001, 0.112750, 0.134315, 1.000000, 0.000000, 0.000000, 0.000000, -0.390718, -0.920511, 0.000000, 0.920511, -0.390718),
      ["RightLowerLeg"] = CFrame.new(-0.000000, 0.122700, -0.075823, 1.000000, -0.000000, 0.000000, 0.000000, 0.216230, 0.976342, -0.000000, -0.976342, 0.216230),
      ["RightUpperArm"] = CFrame.new(-0.120874, -0.280885, 0.009045, 0.875516, -0.483058, -0.011239, 0.459779, 0.840026, -0.288026, 0.148575, 0.247004, 0.957557),
      ["RightUpperLeg"] = CFrame.new(-0.000000, -0.000000, -0.000000, 0.988683, 0.030477, -0.146890, -0.116838, 0.770596, -0.626523, 0.094098, 0.636595, 0.765436),
      ["UpperTorso"] = CFrame.new(-0.000000, -0.000000, -0.000000, 1.000000, 0.000000, 0.000000, 0.000000, 1.000000, 0.000000, 0.000000, 0.000000, 1.000000)
    }},
    {Time = 0.233, Data = {
      ["Head"] = CFrame.new(-0.000068, 0.000836, -0.000340, 0.950101, -0.032653, 0.310229, 0.110055, 0.965644, -0.235413, -0.291884, 0.257809, 0.921053),
      ["LeftFoot"] = CFrame.new(0.000000, 0.017705, -0.000002, 0.889375, 0.349738, 0.294441, -0.388200, 0.917893, 0.082302, -0.241481, -0.187500, 0.952119),
      ["LeftHand"] = CFrame.new(0.000497, 0.004797, 0.000000, 0.868505, 0.427615, -0.250689, -0.486057, 0.833874, -0.261542, 0.097204, 0.348999, 0.932068),
      ["LeftLowerArm"] = CFrame.new(-0.000500, 0.025908, 0.002288, 1.000000, 0.000000, 0.000000, 0.000000, 0.976583, -0.215139, 0.000000, 0.215139, 0.976583),
      ["LeftLowerLeg"] = CFrame.new(-0.000000, 0.082738, -0.024716, 1.000000, -0.000000, 0.000000, 0.000000, 0.746478, 0.665410, -0.000000, -0.665410, 0.746478),
      ["LeftUpperArm"] = CFrame.new(0.185965, 0.062656, 0.303975, 0.839381, 0.418390, -0.346972, -0.416227, 0.905305, 0.084726, 0.349563, 0.073302, 0.934041),
      ["LeftUpperLeg"] = CFrame.new(-0.000000, -0.000000, -0.000100, 0.893557, 0.308051, 0.326588, 0.201848, 0.374120, -0.905147, -0.401015, 0.874722, 0.272118),
      ["LowerTorso"] = CFrame.new(0.006239, -0.561974, -0.310857, 0.985244, -0.160859, -0.058466, 0.161645, 0.986809, 0.008929, 0.056259, -0.018248, 0.998249),
      ["RightFoot"] = CFrame.new(-0.000000, 0.030542, -0.000102, 0.969840, 0.186445, 0.157001, 0.012242, 0.606052, -0.795331, -0.243436, 0.773265, 0.585491),
      ["RightHand"] = CFrame.new(-0.000482, 0.027810, 0.000000, 0.990891, 0.116217, -0.068039, -0.102171, 0.977905, 0.182380, 0.087732, -0.173767, 0.980871),
      ["RightLowerArm"] = CFrame.new(-0.000002, 0.104442, 0.149631, 1.000000, 0.000000, 0.000000, 0.000000, -0.550004, -0.835162, 0.000000, 0.835162, -0.550004),
      ["RightLowerLeg"] = CFrame.new(0.000000, 0.121617, -0.071981, 1.000000, -0.000000, 0.000000, 0.000000, 0.256129, 0.966643, -0.000000, -0.966643, 0.256129),
      ["RightUpperArm"] = CFrame.new(-0.137429, -0.213459, -0.104961, 0.866279, -0.464860, -0.182934, 0.310450, 0.787847, -0.531899, 0.391383, 0.403982, 0.826812),
      ["RightUpperLeg"] = CFrame.new(0.000000, -0.000000, -0.000000, 0.950568, -0.025967, -0.309429, -0.141226, 0.851315, -0.505290, 0.276542, 0.524012, 0.805565),
      ["UpperTorso"] = CFrame.new(-0.000000, -0.000000, 0.000000, 1.000000, 0.000000, 0.000000, 0.000000, 1.000000, 0.000000, 0.000000, 0.000000, 1.000000)
    }},
    {Time = 0.250, Data = {
      ["Head"] = CFrame.new(-0.000076, 0.000934, -0.000379, 0.951955, -0.029600, 0.304803, 0.115215, 0.956807, -0.266920, -0.283737, 0.289214, 0.914248),
      ["LeftFoot"] = CFrame.new(-0.000000, 0.018346, -0.000002, 0.860052, 0.390259, 0.328647, -0.426298, 0.903578, 0.042626, -0.280323, -0.176762, 0.943491),
      ["LeftHand"] = CFrame.new(0.000498, 0.003057, -0.000000, 0.872663, 0.421277, -0.246953, -0.486332, 0.795407, -0.361676, 0.044062, 0.435722, 0.899002),
      ["LeftLowerArm"] = CFrame.new(-0.000500, 0.015225, 0.000751, 1.000000, 0.000000, 0.000000, 0.000000, 0.992221, -0.124492, 0.000000, 0.124492, 0.992221),
      ["LeftLowerLeg"] = CFrame.new(-0.000000, 0.084664, -0.025942, 1.000000, -0.000000, 0.000000, 0.000000, 0.733784, 0.679383, -0.000000, -0.679383, 0.733784),
      ["LeftUpperArm"] = CFrame.new(0.238656, 0.080018, 0.196487, 0.901466, 0.421010, -0.100550, -0.411011, 0.905423, 0.106205, 0.135753, -0.054413, 0.989247),
      ["LeftUpperLeg"] = CFrame.new(-0.000000, 0.000000, -0.000100, 0.877869, 0.322746, 0.353809, 0.218573, 0.387338, -0.895653, -0.426112, 0.863600, 0.269489),
      ["LowerTorso"] = CFrame.new(0.008491, -0.543350, -0.382505, 0.973822, -0.225917, 0.025153, 0.226177, 0.974053, -0.007979, -0.022698, 0.013459, 0.999652),
      ["RightFoot"] = CFrame.new(-0.000000, 0.029915, -0.000102, 0.930516, 0.280171, 0.235891, 0.041264, 0.559769, -0.827620, -0.363920, 0.779848, 0.509313),
      ["RightHand"] = CFrame.new(-0.000482, 0.028056, 0.000000, 0.957821, 0.248113, -0.144981, -0.191017, 0.926631, 0.323833, 0.214691, -0.282480, 0.934940),
      ["RightLowerArm"] = CFrame.new(-0.000002, 0.101051, 0.154327, 1.000000, 0.000000, 0.000000, 0.000000, -0.598804, -0.800896, 0.000000, 0.800896, -0.598804),
      ["RightLowerLeg"] = CFrame.new(0.000000, 0.119664, -0.066693, 1.000000, -0.000000, 0.000000, 0.000000, 0.311089, 0.950381, -0.000000, -0.950381, 0.311089),
      ["RightUpperArm"] = CFrame.new(-0.132740, -0.080937, -0.191938, 0.815026, -0.499264, -0.294055, 0.030232, 0.543445, -0.838900, 0.578636, 0.674835, 0.458015),
      ["RightUpperLeg"] = CFrame.new(0.000000, 0.000000, -0.000000, 0.869307, -0.064359, -0.490065, -0.132558, 0.924808, -0.356592, 0.476166, 0.374950, 0.795411),
      ["UpperTorso"] = CFrame.new(0.000000, 0.000000, 0.000000, 1.000000, 0.000000, 0.000000, 0.000000, 1.000000, 0.000000, 0.000000, 0.000000, 1.000000)
    }},
    {Time = 0.267, Data = {
      ["Head"] = CFrame.new(-0.000084, 0.001032, -0.000419, 0.953856, -0.026702, 0.299075, 0.120487, 0.946369, -0.299781, -0.275030, 0.321983, 0.905917),
      ["LeftFoot"] = CFrame.new(0.000000, 0.020133, -0.000002, 0.854299, 0.397604, 0.334789, -0.421534, 0.906812, -0.001302, -0.304109, -0.140012, 0.942292),
      ["LeftHand"] = CFrame.new(0.000506, -0.008246, 0.000000, 0.910675, 0.356335, -0.209036, -0.413106, 0.780823, -0.468678, -0.003787, 0.513168, 0.858280),
      ["LeftLowerArm"] = CFrame.new(-0.000500, -0.008436, 0.000045, 1.000000, 0.000000, 0.000000, 0.000000, 1.000000, 0.000000, 0.000000, 0.000000, 1.000000),
      ["LeftLowerLeg"] = CFrame.new(0.000000, 0.089875, -0.029474, 1.000000, -0.000000, 0.000000, 0.000000, 0.697141, 0.716935, -0.000000, -0.716935, 0.697141),
      ["LeftUpperArm"] = CFrame.new(0.242862, 0.054333, 0.079860, 0.870892, 0.469760, 0.144475, -0.483523, 0.871611, 0.080623, -0.088053, -0.140071, 0.986218),
