return {
    ["Poof!"] = {
        {Time = 0.000, Data = {
            ["RightFoot"] = CFrame.new(2.2351741790771484e-08, 3.5762786865234375e-07, -7.281050784513354e-08, 0.9805942177772522, 0.1942230761051178, -0.026691928505897522, -0.19265025854110718, 0.9293827414512634, -0.3148546516895294, -0.0363447479903698, 0.31388723850250244, 0.9487645626068115),
            ["LeftLowerArm"] = CFrame.new(2.9802322387695312e-08, 7.152557373046875e-07, -3.5762786865234375e-07, 1, 0, -8.149069685714494e-08, 3.7252889661942845e-09, 0.9911859035491943, -0.13247869908809662, 6.938351049257108e-08, 0.13247869908809662, 0.9911859035491943),
            ["RightUpperArm"] = CFrame.new(0, 0, 6.705522537231445e-08, 0.9946228265762329, 0.05307932198047638, -0.0889277458190918, -0.04631074517965317, 0.9959919452667236, 0.07652124762535095, 0.09263301640748978, -0.0719914585351944, 0.9930943250656128),
            ["Head"] = CFrame.new(-3.3527612686157227e-08, -3.5762786865234375e-07, 2.8172507882118225e-07, 0.9382440447807312, 0.026652082800865173, 0.3449462354183197, -0.0157055351883173, 0.9992817044258118, -0.034490346908569336, -0.34561774134635925, 0.026942802593111992, 0.9379885196685791),
            ["RightHand"] = CFrame.new(2.2351741790771484e-08, 4.172325134277344e-07, -5.960464477539063e-08, 0.978651762008667, -0.19192533195018768, -0.0735226422548294, 0.1739337295293808, 0.9639848470687866, -0.20119747519493103, 0.10948958992958069, 0.18411417305469513, 0.9767875671386719),
            ["UpperTorso"] = CFrame.new(-1.9237631931900978e-08, -1.1920928955078125e-07, 9.313225746154785e-10, 0.9965706467628479, 0.003592949826270342, -0.08266933262348175, 0.013320505619049072, 0.9790613651275635, 0.20312902331352234, 0.08166822046041489, -0.2035336196422577, 0.9756558537483215),
            ["HumanoidRootPart"] = CFrame.new(0, 0, 0, 1, 0, 0, 0, 1, 0, 0, 0, 1),
            ["RightUpperLeg"] = CFrame.new(1.1920928955078125e-07, -2.2817403078079224e-07, 5.75528247281909e-09, 0.924598753452301, -0.21679405868053436, -0.3132372200489044, 0.21412189304828644, 0.9758443832397461, -0.0433553010225296, 0.31506967544555664, -0.02698495052754879, 0.9486847519874573),
            ["LeftUpperArm"] = CFrame.new(-1.1920928955078125e-07, -3.5762786865234375e-07, 5.960464477539063e-08, 0.9158114194869995, 0.12331009656190872, -0.38220933079719543, -0.09644536674022675, 0.9913738369941711, 0.08874888718128204, 0.3898559510707855, -0.04441492632031441, 0.9198041558265686),
            ["RightLowerArm"] = CFrame.new(-1.1920928955078125e-07, -5.364418029785156e-07, 1.1920928955078125e-07, 1, -7.450580596923828e-09, -3.725290653733282e-08, 1.1175870895385742e-08, 0.994708240032196, -0.10274054110050201, 3.213062882423401e-08, 0.10274055600166321, 0.994708240032196),
            ["LeftHand"] = CFrame.new(-9.313225746154785e-08, -2.384185791015625e-07, -1.043081283569336e-07, 0.8474614024162292, 0.34108972549438477, -0.4067763090133667, -0.4087522625923157, 0.9081928730010986, -0.09004104882478714, 0.3387191891670227, 0.24257710576057434, 0.9090796113014221),
            ["LeftFoot"] = CFrame.new(7.82310962677002e-08, -5.960464477539063e-08, 5.21540641784668e-08, 0.9831839203834534, -0.17589034140110016, -0.049111515283584595, 0.18261504173278809, 0.948523759841919, 0.2587558925151825, 0.0010707407491281629, -0.2633730173110962, 0.9646934866905212),
            ["LowerTorso"] = CFrame.new(-0.06077461317181587, -0.08319997787475586, -0.023169219493865967, 0.9636043906211853, -0.01187940314412117, -0.2670682370662689, 0.0000628904381301254, 0.9990222454071045, -0.044210370630025864, 0.2673322856426239, 0.04258451238274574, 0.9626630544662476),
            ["RightLowerLeg"] = CFrame.new(6.705522537231445e-08, -0.000003635883331298828, -0.000013334843970369548, 1, 1.8626458597736928e-08, -4.4703490686970326e-08, 2.2351745343485163e-08, 0.9200505614280701, 0.3917996287345886, 1.6763808119435453e-08, -0.3917999565601349, 0.9200506210327148),
            ["LeftUpperLeg"] = CFrame.new(-5.960464477539063e-08, 2.682209014892578e-07, 1.1175870895385742e-07, 0.9741665720939636, 0.21085873246192932, 0.08085855841636658, -0.18685191869735718, 0.9536726474761963, -0.23578578233718872, -0.1268298625946045, 0.21458600461483002, 0.9684352874755859),
            ["LeftLowerLeg"] = CFrame.new(-4.470348358154297e-08, 0.000003933906555175781, 0.00001329183578491211, 1, -2.980232949312267e-08, -9.313223614526578e-08, -6.70552182668871e-08, 0.9999845623970032, 0.005562849808484316, -7.823108916227284e-08, -0.005562943872064352, 0.9999845027923584),
        }},
        {Time = 0.033, Data = {
            ["RightFoot"] = CFrame.new(3.3527612686157227e-08, 2.980232238769531e-07, -3.55576048605144e-08, 0.9775095582008362, 0.21045610308647156, -0.013536271639168262, -0.2034817785024643, 0.9243565201759338, -0.32273831963539124, -0.05540965124964714, 0.31823480129241943, 0.9463914632797241),
            ["LeftLowerArm"] = CFrame.new(-1.7881393432617188e-07, 7.152557373046875e-07, 1.1920928955078125e-07, 1, -1.8626444830971423e-09, 1.7462291612702074e-09, 1.862645149230957e-08, 0.9806962013244629, -0.19553789496421814, -7.450580596923828e-09, 0.19553790986537933, 0.9806961417198181),
            ["RightUpperArm"] = CFrame.new(-2.384185791015625e-07, -2.384185791015625e-07, 4.470348358154297e-08, 0.9959101676940918, 0.0480036735534668, -0.07654176652431488, -0.043554265052080154, 0.9973205924034119, 0.05877704545855522, 0.07915815711021423, -0.0552029088139534, 0.9953324794769287),
            ["Head"] = CFrame.new(-4.6566128730773926e-08, -5.960464477539062e-07, 1.9441358745098114e-07, 0.9404624700546265, 0.03381035104393959, 0.3382120430469513, -0.0221151914447546, 0.9990187287330627, -0.03837435692548752, -0.33917751908302307, 0.028610022738575935, 0.9402872920036316),
            ["RightHand"] = CFrame.new(1.1548399925231934e-07, 2.384185791015625e-07, 0, 0.9795932769775391, -0.18913505971431732, -0.06800800561904907, 0.1718902438879013, 0.9637131094932556, -0.2042321115732193, 0.1041676327586174, 0.18837450444698334, 0.9765573143959045),
            ["UpperTorso"] = CFrame.new(-3.504101186990738e-08, 3.8743019104003906e-07, 1.3969838619232178e-08, 0.9971235394477844, -0.002880912506952882, -0.07573922723531723, 0.018184391781687737, 0.9791845679283142, 0.2021559625864029, 0.07358026504516602, -0.20295175909996033, 0.9764203429222107),
            ["HumanoidRootPart"] = CFrame.new(0, 0, 0, 1, 0, 0, 0, 1, 0, 0, 0, 1),
            ["RightUpperLeg"] = CFrame.new(0, 2.7334317564964294e-07, 5.75528247281909e-09, 0.9299666285514832, -0.25025618076324463, -0.26932191848754883, 0.22156725823879242, 0.966084361076355, -0.13262368738651276, 0.29337701201438904, 0.06366237998008728, 0.9538745880126953),
            ["LeftUpperArm"] = CFrame.new(0, 0, -5.960464477539063e-08, 0.9130611419677734, 0.1341777741909027, -0.38511785864830017, -0.09974595904350281, 0.9891199469566345, 0.10813252627849579, 0.3954366147518158, -0.060317620635032654, 0.9165106415748596),
            ["RightLowerArm"] = CFrame.new(-8.940696716308594e-08, -1.1920928955078125e-07, -2.384185791015625e-07, 1, -6.51925713412993e-09, -1.816079731042919e-08, 5.587934559514451e-09, 0.9974466562271118, -0.07141564041376114, -3.5390254282674505e-08, 0.07141563296318054, 0.9974467158317566),
            ["LeftHand"] = CFrame.new(-1.341104507446289e-07, -1.1920928955078125e-07, 6.705522537231445e-08, 0.8537638783454895, 0.3389827609062195, -0.3951937258243561, -0.3939322829246521, 0.916867733001709, -0.06458307057619095, 0.3404478430747986, 0.21081821620464325, 0.9163246750831604),
            ["LeftFoot"] = CFrame.new(-2.2351741790771484e-08, -1.7881393432617188e-07, 1.043081283569336e-07, 0.9829543828964233, -0.1768493503332138, -0.050250109285116196, 0.18384681642055511, 0.9471085667610168, 0.2630327343940735, 0.001075363834388554, -0.26778659224510193, 0.9634774327278137),
            ["LowerTorso"] = CFrame.new(-0.0693444088101387, -0.08619260787963867, -0.02201876789331436, 0.9615854620933533, -0.012134190648794174, -0.27423742413520813, 0.0008010381134226918, 0.9991423487663269, -0.04140031337738037, 0.27450457215309143, 0.039590269327163696, 0.9607704877853394),
            ["RightLowerLeg"] = CFrame.new(7.078051567077637e-08, -0.000003635883331298828, -0.000013230535842012614, 1, -1.4528635006172408e-07, 5.215407838932151e-08, 1.2107190627830278e-07, 0.8410661816596985, 0.5409319400787354, 5.5879340266073996e-08, -0.540932297706604, 0.8410664200782776),
            ["LeftUpperLeg"] = CFrame.new(0, 5.788169801235199e-07, 8.940696716308594e-08, 0.9736930727958679, 0.2097236067056656, 0.08909489214420319, -0.18346433341503143, 0.9534487128257751, -0.23932474851608276, -0.13513973355293274, 0.21668319404125214, 0.9668431878089905),
            ["LeftLowerLeg"] = CFrame.new(1.30385160446167e-07, 0.0000037550926208496094, 0.000013306736946105957, 1, 2.2351738238057806e-08, 7.450579886381092e-08, -7.450580596923828e-09, 0.9999845623970032, 0.005560813006013632, 5.960464477539063e-08, -0.005561492871493101, 0.999984622001648),
        }},
        {Time = 0.067, Data = {
            ["RightFoot"] = CFrame.new(-7.450580596923828e-09, 4.172325134277344e-07, -4.300818545743823e-08, 0.9694703817367554, 0.24444416165351868, 0.0193503238260746, -0.2267424464225769, 0.923707902431488, -0.308790385723114, -0.0933556780219078, 0.2949758768081665, 0.9509333372116089),
            ["LeftLowerArm"] = CFrame.new(-5.066394805908203e-07, 9.5367431640625e-07, -5.960464477539063e-08, 1, -2.6077016102021844e-08, 5.855688556266614e-08, 2.6077016102021844e-08, 0.9370283484458923, -0.349253386259079, -1.7695118259553055e-08, 0.34925341606140137, 0.9370282888412476),
            ["RightUpperArm"] = CFrame.new(-1.7881393432617188e-07, 0, -5.960464477539063e-08, 0.9982524514198303, 0.03624241426587105, -0.04667533189058304, -0.0348227322101593, 0.9989164471626282, 0.03087807446718216, 0.047743819653987885, -0.029198741540312767, 0.9984328150749207),
            ["Head"] = CFrame.new(-1.862645149230957e-09, -1.1920928955078125e-07, 1.4156103134155273e-07, 0.9425508975982666, 0.04772924259305, 0.3306353688240051, -0.029641343280673027, 0.9977859854698181, -0.0595371276140213, -0.33274492621421814, 0.04631628468632698, 0.9418788552284241),
            ["RightHand"] = CFrame.new(-3.818422555923462e-08, 1.1920928955078125e-07, -5.960464477539063e-08, 0.9803250432014465, -0.1879553496837616, -0.06029760465025902, 0.17342032492160797, 0.966011643409729, -0.1916951984167099, 0.09427828341722488, 0.1774667501449585, 0.9796005487442017),
            ["UpperTorso"] = CFrame.new(-2.1595042198896408e-08, -1.1920928955078125e-07, -1.5599653124809265e-08, 0.9975277185440063, -0.014772426337003708, -0.06870429217815399, 0.030054589733481407, 0.9734148979187012, 0.22706881165504456, 0.06352336704730988, -0.228572279214859, 0.9714523553848267),
            ["HumanoidRootPart"] = CFrame.new(0, 0, 0, 1, 0, 0, 0, 1, 0, 0, 0, 1),
            ["RightUpperLeg"] = CFrame.new(1.1920928955078125e-07, -0.0000010523945093154907, 2.0656443666666746e-08, 0.9371532201766968, -0.296344518661499, -0.18418477475643158, 0.245225191116333, 0.9349175691604614, -0.2565029263496399, 0.2482103556394577, 0.19521571695804596, 0.9488320350646973),
            ["LeftUpperArm"] = CFrame.new(-1.1920928955078125e-07, 0, -1.1920928955078125e-07, 0.9024832248687744, 0.17107930779457092, -0.3952922523021698, -0.12194307148456573, 0.9816726446151733, 0.14645443856716156, 0.4131028950214386, -0.08396953344345093, 0.9068049192428589),
            ["RightLowerArm"] = CFrame.new(-2.980232238769531e-07, 2.384185791015625e-07, -5.960464477539063e-08, 1, -1.2107191693644381e-08, 3.2014209949693395e-08, 4.423780008977474e-09, 0.9986214637756348, -0.05249103158712387, -2.9453062211359793e-08, 0.05249103158712387, 0.99862140417099),
            ["LeftHand"] = CFrame.new(-3.2782554626464844e-07, -4.172325134277344e-07, 1.9371509552001953e-07, 0.8557252287864685, 0.34692198038101196, -0.38390052318573, -0.38149145245552063, 0.9242485761642456, -0.015133243054151535, 0.34956932067871094, 0.15940465033054352, 0.9232505559921265),
            ["LeftFoot"] = CFrame.new(4.0978193283081055e-08, 5.960464477539063e-08, 5.960464477539063e-08, 0.982492983341217, -0.17817746102809906, -0.054411809891462326, 0.18533995747566223, 0.9644268155097961, 0.18849384784698486, 0.018891237676143646, -0.19527867436408997, 0.9805659055709839),
            ["LowerTorso"] = CFrame.new(-0.08786488324403763, -0.10714077949523926, -0.015384308993816376, 0.959335207939148, -0.015532441437244415, -0.2818417549133301, 0.0016785211628302932, 0.998781144618988, -0.049329981207847595, 0.2822644114494324, 0.04685090854763985, 0.9581920504570007),
            ["RightLowerLeg"] = CFrame.new(3.3527612686157227e-08, -0.000003933906555175781, -0.000013183038390707225, 1, 1.4901159772762185e-07, 2.2351747119842003e-08, -6.705520405603238e-08, 0.6689167618751526, 0.743337094783783, 1.043080928297968e-07, -0.7433374524116516, 0.6689171195030212),
            ["LeftUpperLeg"] = CFrame.new(-5.960464477539063e-08, -1.862645149230957e-08, 7.450580596923828e-08, 0.9733425974845886, 0.21654552221298218, 0.07557840645313263, -0.17860642075538635, 0.9223673343658447, -0.34254685044288635, -0.1438884735107422, 0.31991657614707947, 0.9364558458328247),
            ["LeftLowerLeg"] = CFrame.new(-4.470348358154297e-08, 0.000003993511199951172, 0.00001325458288192749, 1, 7.636844401304188e-08, -1.862644971595273e-08, -1.4901162970204496e-08, 0.9781889319419861, 0.20771732926368713, 7.450581307466564e-08, -0.2077174186706543, 0.9781888723373413),
        }},
        {Time = 0.100, Data = {
            ["RightFoot"] = CFrame.new(-5.21540641784668e-08, 2.980232238769531e-07, 1.6952981241047382e-09, 0.9589363932609558, 0.27839577198028564, 0.05419107899069786, -0.25137266516685486, 0.922731339931488, -0.2921956181526184, -0.13134992122650146, 0.2665756344795227, 0.9548220634460449),
            ["LeftLowerArm"] = CFrame.new(-3.5762786865234375e-07, -1.7881393432617188e-07, 1.1920928955078125e-07, 1, -3.72529100900465e-08, 2.7939677238464355e-08, 3.725289943190546e-08, 0.8336282968521118, -0.5523259043693542, 3.073364140959711e-08, 0.552325963973999, 0.8336283564567566),
            ["RightUpperArm"] = CFrame.new(-5.960464477539063e-08, 3.5762786865234375e-07, -1.4901161193847656e-08, 0.9998786449432373, 0.011331542395055294, -0.01069579552859068, -0.011500827036798, 0.9998074173927307, -0.01590058207511902, 0.010513602755963802, 0.016021639108657837, 0.9998164176940918),
            ["Head"] = CFrame.new(-4.423782229423523e-08, -1.1920928955078125e-07, 1.4901161193847656e-07, 0.9424452781677246, 0.06456777453422546, 0.3280670642852783, -0.028782453387975693, 0.9932019114494324, -0.11279074847698212, -0.3331194818019867, 0.09685654193162918, 0.937896728515625),
            ["RightHand"] = CFrame.new(1.4156103134155273e-07, -5.960464477539063e-08, 2.9802322387695312e-08, 0.9821121096611023, -0.18275268375873566, -0.045359041541814804, 0.1730092465877533, 0.970879852771759, -0.1657109260559082, 0.07432223111391068, 0.15489917993545532, 0.9851307272911072),
            ["UpperTorso"] = CFrame.new(-1.0710209608078003e-08, 2.086162567138672e-07, 7.450580596923828e-09, 0.9977093935012817, -0.0295251477509737, -0.060862887650728226, 0.04665648937225342, 0.9518187046051025, 0.3030913174152374, 0.04898164048790932, -0.30523672699928284, 0.9510160088539124),
            ["HumanoidRootPart"] = CFrame.new(0, 0, 0, 1, 0, 0, 0, 1, 0, 0, 0, 1),
            ["RightUpperLeg"] = CFrame.new(-1.1920928955078125e-07, -9.313225746154785e-10, 3.55576048605144e-08, 0.9410515427589417, -0.32440185546875, -0.09584157913923264, 0.27848824858665466, 0.9038350582122803, -0.32484811544418335, 0.19200599193572998, 0.2790082097053528, 0.940897524356842),
            ["LeftUpperArm"] = CFrame.new(1.7881393432617188e-07, -2.384185791015625e-07, -2.9802322387695312e-08, 0.8794359564781189, 0.2356746345758438, -0.41358184814453125, -0.18057836592197418, 0.9690665602684021, 0.1682310253381729, 0.4404361844062805, -0.07326449453830719, 0.8947895765304565),
            ["RightLowerArm"] = CFrame.new(-2.384185791015625e-07, -1.1920928955078125e-07, 1.7881393432617188e-07, 1, -1.862645371275562e-09, 3.725290742551124e-09, 7.4505797087454084e-09, 0.9979696869850159, -0.06369055807590485, -3.119930269690485e-08, 0.06369055807590485, 0.9979697465896606),
            ["LeftHand"] = CFrame.new(-2.8312206268310547e-07, -2.384185791015625e-07, -9.685754776000977e-08, 0.8459888696670532, 0.3603753447532654, -0.39297884702682495, -0.38247907161712646, 0.9236615896224976, 0.02364453114569187, 0.3715003430843353, 0.13030317425727844, 0.919243574142456),
            ["LeftFoot"] = CFrame.new(6.332993507385254e-08, -1.1920928955078125e-07, -3.3527612686157227e-08, 0.9798555374145508, -0.18830472230911255, -0.0665169358253479, 0.1937301605939865, 0.9771333336830139, 0.08763018995523453, 0.04849499091506004, -0.09875123202800751, 0.9939298629760742),
            ["LowerTorso"] = CFrame.new(-0.11404421180486679, -0.1560521125793457, -0.00022486597299575806, 0.9568597674369812, -0.024483393877744675, -0.28951674699783325, 0.0020764796063303947, 0.996994137763977, -0.07744941860437393, 0.29054272174835205, 0.07350705564022064, 0.9540344476699829),
            ["RightLowerLeg"] = CFrame.new(-3.5390257835388184e-08, -0.0000035762786865234375, -0.0000133199428091757, 1, -2.607702640489151e-07, -8.940703821735951e-08, 2.3841852225814364e-07, 0.5115282535552979, 0.8592661619186401, -8.940694584680386e-08, -0.8592665195465088, 0.5115289092063904),
            ["LeftUpperLeg"] = CFrame.new(1.7881393432617188e-07, 6.211921572685242e-07, 8.940696716308594e-08, 0.9737883806228638, 0.22551070153713226, 0.029683111235499382, -0.1836010068655014, 0.8563470840454102, -0.4826599359512329, -0.1342640519142151, 0.46455857157707214, 0.8753046989440918),
            ["LeftLowerLeg"] = CFrame.new(-1.341104507446289e-07, 0.000003933906555175781, 0.000013232231140136719, 1, 1.722946620930088e-07, -4.0046870708465576e-08, -8.568167686462402e-08, 0.8698294758796692, 0.4933525621891022, -6.705522537231445e-08, -0.49335259199142456, 0.869829535484314),
        }},
        {Time = 0.133, Data = {
            ["RightFoot"] = CFrame.new(-6.705522537231445e-08, 1.7881393432617188e-07, -4.300818545743823e-08, 0.9474146366119385, 0.3102874755859375, 0.07827652990818024, -0.27346575260162354, 0.9120638966560364, -0.30554208159446716, -0.16619868576526642, 0.26806944608688354, 0.9489557147026062),
            ["LeftLowerArm"] = CFrame.new(-1.7881393432617188e-07, 4.172325134277344e-07, -2.384185791015625e-07, 1, -2.9802308176840597e-08, 6.705520405603238e-08, 6.705519695060502e-08, 0.6776677966117859, -0.7353681325912476, 1.8626442610525373e-09, 0.7353681325912476, 0.6776679754257202),
            ["RightUpperArm"] = CFrame.new(0, 1.1920928955078125e-07, 1.862645149230957e-07, 0.9993267059326172, -0.019630663096904755, 0.03099585883319378, 0.02248620055615902, 0.9952574968338013, -0.09464127570390701, -0.028990941122174263, 0.09527451545000076, 0.9950287938117981),
            ["Head"] = CFrame.new(-4.190951585769653e-08, 1.1920928955078125e-07, 2.2724270820617676e-07, 0.9424750804901123, 0.08218929171562195, 0.3240149915218353, -0.021707748994231224, 0.9823046326637268, -0.1860281229019165, -0.3335709273815155, 0.16829322278499603, 0.927581787109375),
            ["RightHand"] = CFrame.new(-2.1606683731079102e-07, 0, 8.940696716308594e-08, 0.9815723896026611, -0.1909625381231308, -0.007004145998507738, 0.18787455558776855, 0.9710990190505981, -0.1472073346376419, 0.03491285443305969, 0.1431787610054016, 0.9890809059143066),
            ["UpperTorso"] = CFrame.new(-1.257285475730896e-08, -3.8743019104003906e-07, 1.4901161193847656e-08, 0.9975190758705139, -0.04568154364824295, -0.05356260761618614, 0.06324611604213715, 0.9156733751296997, 0.39691588282585144, 0.030914098024368286, -0.39931875467300415, 0.9162908792495728),
            ["HumanoidRootPart"] = CFrame.new(0, 0, 0, 1, 0, 0, 0, 1, 0, 0, 0, 1),
            ["RightUpperLeg"] = CFrame.new(5.960464477539063e-08, -2.2165477275848389e-07, -9.145878721028566e-09, 0.9423204660415649, -0.33465325832366943, -0.006293768063187599, 0.30954208970069885, 0.8784580230712891, -0.36399826407432556, 0.1273415982723236, 0.3410552740097046, 0.9313783645629883),
            ["LeftUpperArm"] = CFrame.new(1.1920928955078125e-07, 0, 1.7881393432617188e-07, 0.8451321125030518, 0.3156207203865051, -0.43143391609191895, -0.27642062306404114, 0.9488353729248047, 0.15265408158302307, 0.45754051208496094, -0.009755589999258518, 0.8891352415084839),
            ["RightLowerArm"] = CFrame.new(-1.1920928955078125e-07, -4.76837158203125e-07, 2.9802322387695312e-08, 1, -1.1175872671742582e-08, 8.381905836074566e-09, -4.1909511416804435e-09, 0.9975305795669556, -0.07023510336875916, -7.4505797087454084e-09, 0.07023508846759796, 0.9975305795669556),
            ["LeftHand"] = CFrame.new(-2.682209014892578e-07, -2.384185791015625e-07, 5.960464477539063e-08, 0.8235936760902405, 0.3591666519641876, -0.43896791338920593, -0.3829708993434906, 0.923031210899353, 0.03669897839426994, 0.4183621108531952, 0.13788676261901855, 0.8977530002593994),
            ["LeftFoot"] = CFrame.new(4.0978193283081055e-08, 1.1920928955078125e-07, 9.96515154838562e-08, 0.9772974848747253, -0.19642658531665802, -0.07941238582134247, 0.19821785390377045, 0.9800391793251038, 0.015264296904206276, 0.07482921332120895, -0.030658811330795288, 0.9967250227928162),
            ["LowerTorso"] = CFrame.new(-0.1403803676366806, -0.2286219596862793, 0.020703114569187164, 0.9541739821434021, -0.033682048320770264, -0.2973509728908539, 0.0022583515383303165, 0.9944278001785278, -0.10539568960666656, 0.2992440164089203, 0.09989430010318756, 0.9489331841468811),
            ["RightLowerLeg"] = CFrame.new(-9.313225746154785e-08, -0.0000034570693969726562, -0.000013327393389772624, 1, -1.2665987014770508e-07, -1.3411050758804777e-07, 8.940696716308594e-08, 0.38634365797042847, 0.9223549962043762, -5.960464477539063e-08, -0.9223549365997314, 0.3863435387611389),
            ["LeftUpperLeg"] = CFrame.new(5.960464477539063e-08, 4.870817065238953e-07, 1.043081283569336e-07, 0.9735233187675476, 0.2283228188753128, -0.011001143604516983, -0.19026072323322296, 0.7826798558235168, -0.5926323533058167, -0.12670135498046875, 0.5790345668792725, 0.8053979873657227),
            ["LeftLowerLeg"] = CFrame.new(8.195638656616211e-08, 0.0000036954879760742188, 0.000013336539268493652, 1, 1.7927957784991122e-08, -8.987258581782953e-08, 5.4016709327697754e-08, 0.722054123878479, 0.6918370723724365, -1.2665987014770508e-07, -0.6918365955352783, 0.7220536470413208),
        }},
        {Time = 0.167, Data = {
            ["RightFoot"] = CFrame.new(5.960464477539063e-08, 2.980232238769531e-07, 4.639878170564771e-08, 0.9328345060348511, 0.3460054099559784, 0.10049945116043091, -0.29161539673805237, 0.8888506889343262, -0.35341888666152954, -0.21161383390426636, 0.30037441849708557, 0.9300510883331299),
            ["LeftLowerArm"] = CFrame.new(-1.7881393432617188e-07, 2.384185791015625e-07, -1.1920928955078125e-07, 1, -5.21540641784668e-08, 3.7252888773764425e-08, 8.195636524988004e-08, 0.4746970534324646, -0.880149245262146, 0, 0.880149245262146, 0.4746970534324646),
            ["RightUpperArm"] = CFrame.new(-1.7881393432617188e-07, 0, 1.564621925354004e-07, 0.9950449466705322, -0.04830383136868477, 0.08690398186445236, 0.06379048526287079, 0.9805998802185059, -0.18534989655017853, -0.07626491785049438, 0.18997520208358765, 0.9788222908973694),
            ["Head"] = CFrame.new(-2.9802322387695312e-08, -1.1920928955078125e-07, 2.551823854446411e-07, 0.9425385594367981, 0.09672283381223679, 0.31979048252105713, -0.010899771936237812, 0.9655693769454956, -0.25991758704185486, -0.33391979336738586, 0.24149663746356964, 0.911140501499176),
            ["RightHand"] = CFrame.new(-6.705522537231445e-08, -5.960464477539063e-08, 1.341104507446289e-07, 0.9674826860427856, -0.24319873750209808, 0.06950992345809937, 0.25062862038612366, 0.9587872624397278, -0.13383673131465912, -0.03409631550312042, 0.14690589904785156, 0.9885626435279846),
            ["UpperTorso"] = CFrame.new(-4.1443854570388794e-08, 8.940696716308594e-08, 0, 0.997097373008728, -0.05897217243909836, -0.04815923050045967, 0.07477529346942902, 0.877612829208374, 0.47350242733955383, 0.01434167381376028, -0.4757291376590729, 0.8794749975204468),
            ["HumanoidRootPart"] = CFrame.new(0, 0, 0, 1, 0, 0, 0, 1, 0, 0, 0, 1),
            ["RightUpperLeg"] = CFrame.new(-2.9802322387695312e-08, -1.126900315284729e-07, 5.75528247281909e-09, 0.9393700957298279, -0.32755550742149353, 0.10144564509391785, 0.3383903205394745, 0.837657630443573, -0.4287444055080414, 0.05546092987060547, 0.43707790970802307, 0.8977121710777283),
            ["LeftUpperArm"] = CFrame.new(0, 0, 1.1920928955078125e-07, 0.797829270362854, 0.41768455505371094, -0.4347507357597351, -0.40953725576400757, 0.9046809077262878, 0.1176086887717247, 0.4424339830875397, 0.08421503752470016, 0.8928382396697998),
            ["RightLowerArm"] = CFrame.new(3.5762786865234375e-07, -9.5367431640625e-07, -1.043081283569336e-07, 1, -1.4901162970204496e-08, -2.6077039194660756e-08, 1.1175869119028903e-08, 0.9962148666381836, -0.08692560344934464, -9.313224857976365e-09, 0.08692561835050583, 0.9962148070335388),
            ["LeftHand"] = CFrame.new(-2.086162567138672e-07, -5.960464477539063e-08, -5.960464477539063e-08, 0.792768120765686, 0.3599347770214081, -0.49190032482147217, -0.41001296043395996, 0.9120560884475708, 0.006577613763511181, 0.451008141040802, 0.19647109508514404, 0.87062668800354),
            ["LeftFoot"] = CFrame.new(1.1175870895385742e-08, 1.7881393432617188e-07, -3.91155481338501e-08, 0.9798200130462646, -0.18435600399971008, -0.07723694294691086, 0.1783723533153534, 0.9808394908905029, -0.0783412829041481, 0.09020000696182251, 0.06298311054706573, 0.9939301609992981),
            ["LowerTorso"] = CFrame.new(-0.1564263552427292, -0.3323906660079956, 0.0461326465010643, 0.9513384699821472, -0.038552671670913696, -0.30572664737701416, 0.0031485476065427065, 0.9933071136474609, -0.11546037346124649, 0.30813175439834595, 0.10887929797172546, 0.9450927376747131),
            ["RightLowerLeg"] = CFrame.new(8.940696716308594e-08, -0.0000034570693969726562, -0.000013349745131563395, 1, -6.966290584387025e-07, -6.705522537231445e-07, 7.003545761108398e-07, 0.21552260220050812, 0.9764988422393799, -7.003545761108398e-07, -0.9764989018440247, 0.2155228555202484),
            ["LeftUpperLeg"] = CFrame.new(2.086162567138672e-07, 5.41098415851593e-07, 6.705522537231445e-08, 0.9710808992385864, 0.23619991540908813, -0.03480781242251396, -0.19211329519748688, 0.6864802837371826, -0.701310932636261, -0.14175496995449066, 0.6877169013023376, 0.7120051383972168),
            ["LeftLowerLeg"] = CFrame.new(2.9802322387695312e-08, 0.0000037550926208496094, 0.000013247132301330566, 1, 1.6763808119435453e-08, -2.514570951461792e-08, -4.377216455964117e-08, 0.5445640683174133, 0.8387196063995361, -4.4703490686970326e-08, -0.8387193083763123, 0.5445635318756104),
        }},
        {Time = 0.200, Data = {
            ["RightFoot"] = CFrame.new(2.9802322387695312e-08, 2.980232238769531e-07, -4.300818545743823e-08, 0.9155132174491882, 0.38358479738235474, 0.12123540043830872, -0.30728068947792053, 0.8612924218177795, -0.40466511249542236, -0.25964227318763733, 0.33322378993034363, 0.9063928723335266),
            ["LeftLowerArm"] = CFrame.new(-4.76837158203125e-07, 5.960464477539062e-07, -2.384185791015625e-07, 1, -8.940694584680386e-08, 8.940693874137651e-08, 8.568164844291459e-08, 0.28273630142211914, -0.9591977000236511, 8.195635814445268e-08, 0.9591976404190063, 0.28273630142211914),
            ["RightUpperArm"] = CFrame.new(0, -7.152557373046875e-07, 2.9802322387695312e-08, 0.9847962260246277, -0.07039079070091248, 0.1588129699230194, 0.11403238773345947, 0.9516233205795288, -0.28532394766807556, -0.13104599714279175, 0.2990957498550415, 0.9451817870140076),
            ["Head"] = CFrame.new(-3.725290298461914e-08, 0, 2.551823854446411e-07, 0.9426608681678772, 0.11147148162126541, 0.314586341381073, -0.00008878950029611588, 0.9426586627960205, -0.33375856280326843, -0.3337520956993103, 0.31459319591522217, 0.8886173367500305),
            ["RightHand"] = CFrame.new(-4.0978193283081055e-08, 0, 6.705522537231445e-08, 0.9425530433654785, -0.3044544756412506, 0.13748213648796082, 0.32255178689956665, 0.9365224838256836, -0.1374269723892212, -0.08691482990980148, 0.1738773137331009, 0.9809243679046631),
            ["UpperTorso"] = CFrame.new(-3.4458935260772705e-08, -1.1920928955078125e-07, -3.725290298461914e-09, 0.9963685870170593, -0.07307327538728714, -0.04370485246181488, 0.08511412888765335, 0.8407703638076782, 0.5346596837043762, -0.0023236062843352556, -0.53643798828125, 0.8439366221427917),
            ["HumanoidRootPart"] = CFrame.new(0, 0, 0, 1, 0, 0, 0, 1, 0, 0, 0, 1),
            ["RightUpperLeg"] = CFrame.new(5.960464477539063e-08, -2.849847078323364e-07, -3.149762051180005e-08, 0.929695725440979, -0.3055739998817444, 0.20564739406108856, 0.368187814950943, 0.7864335179328918, -0.49594277143478394, -0.010181249119341373, 0.5367931723594666, 0.8436527252197266),
            ["LeftUpperArm"] = CFrame.new(0, 4.76837158203125e-07, 2.980232238769531e-07, 0.754599928855896, 0.4987582862377167, -0.42640262842178345, -0.5402039885520935, 0.8410747051239014, 0.027802444994449615, 0.3725031018257141, 0.2093646228313446, 0.904106080532074),
            ["RightLowerArm"] = CFrame.new(-1.7881393432617188e-07, 5.960464477539063e-08, 9.313225746154785e-08, 1, -7.450581485102248e-09, 7.4505797087454084e-09, -5.5879341154252415e-09, 0.9966976642608643, -0.08120296895503998, 5.5879341154252415e-09, 0.08120296150445938, 0.9966976046562195),
            ["LeftHand"] = CFrame.new(-5.960464477539063e-08, 2.384185791015625e-07, -1.1920928955078125e-07, 0.7842128872871399, 0.356751412153244, -0.5076795816421509, -0.4376239776611328, 0.8980343341827393, -0.044940441846847534, 0.4398811161518097, 0.25741568207740784, 0.8603730797767639),
            ["LeftFoot"] = CFrame.new(5.21540641784668e-08, 5.960464477539063e-08, -8.940696716308594e-08, 0.9836905002593994, -0.16568543016910553, -0.07001074403524399, 0.152604341506958, 0.9747955799102783, -0.1627444177865982, 0.09521053731441498, 0.14940595626831055, 0.98418128490448),
            ["LowerTorso"] = CFrame.new(-0.16872531175613403, -0.44006049633026123, 0.07463609427213669, 0.9483309388160706, -0.03941566124558449, -0.31482529640197754, 0.00478698592633009, 0.9939181208610535, -0.11001753062009811, 0.3172469735145569, 0.10282595455646515, 0.9427520036697388),
            ["RightLowerLeg"] = CFrame.new(-1.9744038581848145e-07, -0.000003874301910400391, -0.000013386998034548014, 1, 5.103647708892822e-07, 3.5762803918260033e-07, -2.8312206268310547e-07, 0.052427083253860474, 0.9986248016357422, 2.905726432800293e-07, -0.9986248016357422, 0.05242760851979256),
            ["LeftUpperLeg"] = CFrame.new(0, 5.681067705154419e-08, 1.4156103134155273e-07, 0.9668146967887878, 0.24975785613059998, -0.05376288294792175, -0.19247762858867645, 0.5737091302871704, -0.7961219549179077, -0.16799354553222656, 0.7800505757331848, 0.6027431488037109),
            ["LeftLowerLeg"] = CFrame.new(1.1175870895385742e-07, 0.000003814697265625, 0.000013381242752075195, 1, -3.9115558791991134e-08, -6.146728281919422e-08, -2.0489094865183688e-08, 0.37224963307380676, 0.9281327724456787, 1.862644971595273e-08, -0.9281327724456787, 0.3722493052482605),
        }},
        {Time = 0.233, Data = {
            ["RightFoot"] = CFrame.new(-1.4901161193847656e-08, 3.5762786865234375e-07, 3.149762051180005e-08, 0.8993678689002991, 0.4138360917568207, 0.14098632335662842, -0.319418340921402, 0.842172384262085, -0.4344160556793213, -0.29851195216178894, 0.3456667959690094, 0.8896098732948303),
            ["LeftLowerArm"] = CFrame.new(-3.5762786865234375e-07, -1.1920928955078125e-07, 0, 1, -1.0430809993522416e-07, 5.215402865133001e-08, 6.519255890680142e-08, 0.15629470348358154, -0.9877104759216309, 1.2665982751514093e-07, 0.9877105355262756, 0.15629473328590393),
            ["RightUpperArm"] = CFrame.new(-1.1920928955078125e-07, -2.384185791015625e-07, -3.427267074584961e-07, 0.9689561128616333, -0.07031530886888504, 0.23702289164066315, 0.16122637689113617, 0.9065170884132385, -0.39017024636268616, -0.18743038177490234, 0.41627219319343567, 0.8897119164466858),
            ["Head"] = CFrame.new(-1.0803341865539551e-07, -3.5762786865234375e-07, 1.862645149230957e-07, 0.9432864189147949, 0.12911206483840942, 0.3058445155620575, 0.00464208610355854, 0.9160537719726562, -0.40102875232696533, -0.33194759488105774, 0.37970471382141113, 0.8635016679763794),
            ["RightHand"] = CFrame.new(-3.468012437224388e-07, -5.960464477539063e-08, 7.543712854385376e-08, 0.9239197969436646, -0.35165590047836304, 0.15070027112960815, 0.37497374415397644, 0.9105133414268494, -0.17424190044403076, -0.07594142109155655, 0.2174941748380661, 0.973102867603302),
            ["UpperTorso"] = CFrame.new(-3.4458935260772705e-08, 1.7881393432617188e-07, 0, 0.9950500130653381, -0.09177723526954651, -0.03811110556125641, 0.09714558720588684, 0.8175561428070068, 0.5675955414772034, -0.020934423431754112, -0.5684882402420044, 0.8224250078201294),
            ["HumanoidRootPart"] = CFrame.new(0, 0, 0, 1, 0, 0, 0, 1, 0, 0, 0, 1),
            ["RightUpperLeg"] = CFrame.new(-8.940696716308594e-08, 4.973262548446655e-07, 7.281050784513354e-08, 0.9173994064331055, -0.27929070591926575, 0.2835049033164978, 0.39515796303749084, 0.723782479763031, -0.5656759142875671, -0.047207966446876526, 0.6309799551963806, 0.7743614315986633),
            ["LeftUpperArm"] = CFrame.new(0, -1.1920928955078125e-07, -8.940696716308594e-08, 0.7486778497695923, 0.5207585692405701, -0.41023415327072144, -0.6072993278503418, 0.7869030237197876, -0.10941337794065475, 0.26583656668663025, 0.3310501277446747, 0.905393123626709),
            ["RightLowerArm"] = CFrame.new(1.1920928955078125e-07, -9.5367431640625e-07, -9.685754776000977e-08, 1, -1.1175869119028903e-08, -5.587936779960501e-09, -6.51925713412993e-09, 0.9996265769004822, -0.027325300499796867, -3.7252898543727042e-09, 0.027325302362442017, 0.9996266961097717),
            ["LeftHand"] = CFrame.new(-5.960464477539063e-08, 1.7881393432617188e-07, -3.8743019104003906e-07, 0.7783567905426025, 0.35314810276031494, -0.5190830230712891, -0.4456605613231659, 0.8931468725204468, -0.06062564253807068, 0.4422075152397156, 0.2785232961177826, 0.8525710701942444),
            ["LeftFoot"] = CFrame.new(-1.1175870895385742e-08, -5.960464477539063e-08, 8.940696716308594e-08, 0.9869157671928406, -0.14783117175102234, -0.0643695518374443, 0.13115297257900238, 0.9682466387748718, -0.21283160150051117, 0.09378902614116669, 0.20160485804080963, 0.9749663472175598),
            ["LowerTorso"] = CFrame.new(-0.18064743280410767, -0.5216715335845947, 0.10622350126504898, 0.9452779293060303, -0.03346627950668335, -0.32454538345336914, 0.007891176268458366, 0.9967795610427856, -0.07980132102966309, 0.3261708617210388, 0.07287338376045227, 0.9424978494644165),
            ["RightLowerLeg"] = CFrame.new(7.450580596923828e-08, -0.0000033974647521972656, -0.00001328082726104185, 1, -1.6577541828155518e-07, -1.1920940323761897e-07, 2.0861628513557662e-07, -0.06090341880917549, 0.9981436729431152, -2.5890770416481246e-07, -0.99814373254776, -0.06090313196182251),
            ["LeftUpperLeg"] = CFrame.new(-5.960464477539063e-08, 8.028000593185425e-07, 5.587935447692871e-08, 0.9602558612823486, 0.27156493067741394, -0.0645071342587471, -0.1858290433883667, 0.44955387711524963, -0.8737096786499023, -0.20826974511146545, 0.8509722948074341, 0.48215165734291077),
            ["LeftLowerLeg"] = CFrame.new(5.960464477539063e-08, 0.000004112720489501953, 0.000013373792171478271, 1, 2.6822095833267667e-07, 2.421439546651527e-07, -2.4586918812019576e-07, 0.24132424592971802, 0.9704445600509644, 9.685756197086448e-08, -0.9704446196556091, 0.2413242608308792),
        }},
        {Time = 0.267, Data = {
            ["RightFoot"] = CFrame.new(4.470348358154297e-08, 2.980232238769531e-07, -1.3205863069742918e-08, 0.8853650689125061, 0.4363929033279419, 0.16028234362602234, -0.32606106996536255, 0.8286421895027161, -0.4550115764141083, -0.33138033747673035, 0.3505902886390686, 0.8759418725967407),
            ["LeftLowerArm"] = CFrame.new(5.960464477539063e-08, -2.384185791015625e-07, 2.384185791015625e-07, 1, -4.470347647611561e-08, 7.823106784599076e-08, 1.1175868053214799e-07, 0.06711863726377487, -0.9977450370788574, 4.470347292340193e-08, 0.9977450966835022, 0.06711865216493607),
            ["RightUpperArm"] = CFrame.new(1.1920928955078125e-07, 2.384185791015625e-07, -4.172325134277344e-07, 0.9446800947189331, -0.06636612862348557, 0.32120898365974426, 0.21773606538772583, 0.8592938780784607, -0.4628230035305023, -0.2452971190214157, 0.5071583986282349, 0.8262081146240234),
            ["Head"] = CFrame.new(2.2351741790771484e-08, -2.384185791015625e-07, -2.6635825634002686e-07, 0.944464921951294, 0.14473190903663635, 0.2950233817100525, 0.00703799445182085, 0.8886703848838806, -0.4584927558898926, -0.3285370171070099, 0.43510666489601135, 0.8382992744445801),
            ["RightHand"] = CFrame.new(2.2351741790771484e-07, -1.7881393432617188e-07, 4.284083843231201e-08, 0.9071480631828308, -0.3974987864494324, 0.13812056183815002, 0.4189281165599823, 0.8840774297714233, -0.20713894069194794, -0.039771802723407745, 0.2457682490348816, 0.9685123562812805),
            ["UpperTorso"] = CFrame.new(-1.862645149230957e-08, -3.2782554626464844e-07, 2.2351741790771484e-08, 0.9934950470924377, -0.10960576683282852, -0.030888985842466354, 0.1069122776389122, 0.8043816685676575, 0.5844142436981201, -0.03920856863260269, -0.5839150547981262, 0.8108674883842468),
            ["HumanoidRootPart"] = CFrame.new(0, 0, 0, 1, 0, 0, 0, 1, 0, 0, 0, 1),
            ["RightUpperLeg"] = CFrame.new(1.1920928955078125e-07, -5.811452865600586e-07, -5.3849362302571535e-08, 0.9059525728225708, -0.26008954644203186, 0.33407118916511536, 0.42050573229789734, 0.6445419788360596, -0.6385456323623657, -0.049243900924921036, 0.7189708352088928, 0.6932936310768127),
            ["LeftUpperArm"] = CFrame.new(-1.1920928955078125e-07, 0, -4.172325134277344e-07, 0.7571574449539185, 0.5215587615966797, -0.39330539107322693, -0.6349380612373352, 0.7290992736816406, -0.25547587871551514, 0.1535128951072693, 0.44315990805625916, 0.883200466632843),
            ["RightLowerArm"] = CFrame.new(4.172325134277344e-07, -5.364418029785156e-07, 4.284083843231201e-08, 1, 6.984918421437669e-09, 0, 1.280568273642757e-08, 1, 1.0011717677116394e-08, -9.313223525708736e-10, 3.6088745325457694e-09, 1),
            ["LeftHand"] = CFrame.new(1.1920928955078125e-07, -3.5762786865234375e-07, -1.1175870895385742e-07, 0.7842544913291931, 0.3533404767513275, -0.5099955201148987, -0.44025781750679016, 0.8961133360862732, -0.0561593659222126, 0.43717050552368164, 0.26857274770736694, 0.8583418726921082),
            ["LeftFoot"] = CFrame.new(3.725290298461914e-09, 0, 2.2351741790771484e-08, 0.9906958341598511, -0.12389637529850006, -0.05631660297513008, 0.10654182732105255, 0.96352219581604, -0.24550792574882507, 0.08468017727136612, 0.23722323775291443, 0.9677574038505554),
            ["LowerTorso"] = CFrame.new(-0.1912648230791092, -0.5927420854568481, 0.1353152096271515, 0.9421887993812561, -0.02465008571743965, -0.33417484164237976, 0.012099742889404297, 0.9991429448127747, -0.03958621621131897, 0.3348642587661743, 0.03325425833463669, 0.9416794776916504),
