return {
    ["Pop Muzik"] = {
        {Time = 0.000, Data = {
            ["RightFoot"] = CFrame.new(-1.1757947504520416e-08, 4.76837158203125e-07, 4.4441549107432365e-08, 0.9992998242378235, 0.03690679743885994, -0.00614522397518158, -0.03622981905937195, 0.9134896397590637, -0.40524590015411377, -0.00934293121099472, 0.4051848351955414, 0.9141871333122253),
            ["LeftLowerArm"] = CFrame.new(1.7881393432617188e-07, 0, -2.069864422082901e-07, 1, 1.2293453721667902e-07, -2.4028122425079346e-07, -1.3411046495548362e-07, -0.45862457156181335, -0.8886300921440125, -2.2351744632942427e-07, 0.8886301517486572, -0.45862480998039246),
            ["RightUpperArm"] = CFrame.new(-5.960464477539063e-08, 0, -1.7462298274040222e-08, 0.26760420203208923, -0.616958737373352, -0.7401012778282166, 0.3400614857673645, 0.7791610360145569, -0.5265607833862305, 0.9015244245529175, -0.11077002435922623, 0.41831067204475403),
            ["Head"] = CFrame.new(-9.3812559498474e-08, 0, -1.57160684466362e-09, 0.9778329133987427, -0.20930269360542297, 0.005929749924689531, 0.20937170088291168, 0.9770320057868958, -0.03964880481362343, 0.002505045849829912, 0.040011513978242874, 0.9991961121559143),
            ["RightHand"] = CFrame.new(4.470348358154297e-08, -1.1920928955078125e-07, -2.2165477275848389e-07, 0.8050410747528076, -0.21710586547851562, 0.5520634651184082, 0.37913966178894043, 0.9040504693984985, -0.1973474621772766, -0.4562479555606842, 0.36818185448646545, 0.8101110458374023),
            ["UpperTorso"] = CFrame.new(5.960464477539063e-08, 8.940696716308594e-08, -1.6763806343078613e-08, 0.9154894351959229, 0.30930250883102417, -0.2573154866695404, -0.3708331882953644, 0.8967729806900024, -0.24141471087932587, 0.1560833752155304, 0.31643369793891907, 0.9356857538223267),
            ["HumanoidRootPart"] = CFrame.new(0, 0, 0, 1, 0, 0, 0, 1, 0, 0, 0, 1),
            ["RightUpperLeg"] = CFrame.new(1.1920928955078125e-07, -7.171183824539185e-08, 2.8114300221204758e-08, 0.9154111742973328, 0.012620965950191021, -0.4023221731185913, -0.23188728094100952, 0.8335203528404236, -0.5014699101448059, 0.32901477813720703, 0.5523446202278137, 0.7659403681755066),
            ["LeftUpperArm"] = CFrame.new(-5.960464477539063e-08, -2.384185791015625e-07, 3.259629011154175e-09, 0.5695797204971313, 0.702446699142456, 0.4267875552177429, -0.1750810295343399, 0.6110184192657471, -0.77201247215271, -0.8030726313591003, 0.36500030755996704, 0.4710087776184082),
            ["RightLowerArm"] = CFrame.new(-5.960464477539063e-08, 1.7881393432617188e-07, -8.940696716308594e-08, 1, -7.823111758398227e-08, 7.4505820180093e-08, 9.685754776000977e-08, 0.2866007089614868, -0.9580501914024353, 7.450580596923828e-08, 0.9580501914024353, 0.28660064935684204),
            ["LeftHand"] = CFrame.new(1.2665987014770508e-07, 8.344650268554688e-07, 1.6391277313232422e-07, 0.5184027552604675, 0.725998044013977, -0.4518691599369049, -0.7489924430847168, 0.6404679417610168, 0.16973692178726196, 0.41263654828071594, 0.25045469403266907, 0.8757874369621277),
            ["LeftFoot"] = CFrame.new(-1.1175870895385742e-08, -5.960464477539063e-08, -1.1175870895385742e-08, 0.9978494644165039, 0.065159372985363, -0.00713126827031374, -0.06165481358766556, 0.9699424505233765, 0.23539429903030396, 0.022254956886172295, -0.2344484031200409, 0.9718738794326782),
            ["LowerTorso"] = CFrame.new(1.887630624621317e-17, -0.2040271759033203, 0.01700226403772831, 0.9481433629989624, -0.2537878751754761, 0.19135285913944244, 0.20368699729442596, 0.9473243355751038, 0.2471606433391571, -0.24399955570697784, -0.19536766409873962, 0.9498924612998962),
            ["RightLowerLeg"] = CFrame.new(5.587935447692871e-08, -0.000015139579772949219, -0.00003514270065352321, 1, -8.661300654466686e-08, -3.725290298461914e-09, 1.4528630742915993e-07, 0.7128316760063171, 0.7013351321220398, -2.7939673685750677e-08, -0.7013351917266846, 0.7128317356109619),
            ["LeftUpperLeg"] = CFrame.new(2.9802322387695312e-08, -9.12696123123169e-08, -2.9802322387695312e-08, 0.987296462059021, -0.02148229442536831, -0.15743058919906616, -0.15286420285701752, 0.14184218645095825, -0.9780150055885315, 0.04334043338894844, 0.9896562099456787, 0.13675642013549805),
            ["LeftLowerLeg"] = CFrame.new(0, 0.0000152587890625, 0.000035002827644348145, 1, 5.5879368687783426e-08, 9.126959810146218e-08, -9.872017869838601e-08, 0.06060409918427467, 0.9981618523597717, 1.4528630742915993e-07, -0.9981619119644165, 0.06060396507382393),
        }},
        {Time = 0.033, Data = {
            ["RightFoot"] = CFrame.new(-9.15315467864275e-09, 2.980232238769531e-07, -8.498318493366241e-09, 0.9992437958717346, 0.038155052810907364, -0.007483385503292084, -0.037876732647418976, 0.9117275476455688, -0.4090456962585449, -0.008784445002675056, 0.40901979804039, 0.9124833345413208),
            ["LeftLowerArm"] = CFrame.new(5.960464477539063e-08, 0, -1.6391277313232422e-07, 1, 1.4156105976326216e-07, -2.421439546651527e-07, -1.0430815677864302e-07, -0.4194691777229309, -0.9077694416046143, -2.0861631355728605e-07, 0.9077696800231934, -0.4194693863391876),
            ["RightUpperArm"] = CFrame.new(-1.7881393432617188e-07, -2.384185791015625e-07, -6.05359673500061e-09, 0.2996007204055786, -0.6642705202102661, -0.6848241686820984, 0.45475107431411743, 0.7304388880729675, -0.5095691084861755, 0.8387138843536377, -0.1587573140859604, 0.5209177136421204),
            ["Head"] = CFrame.new(-6.504251359729096e-08, -2.384185791015625e-07, -4.976755008101463e-09, 0.979448676109314, -0.20150241255760193, 0.008785986341536045, 0.2016758918762207, 0.9790133833885193, -0.02932051755487919, -0.0026934391353279352, 0.030489956960082054, 0.9995314478874207),
            ["RightHand"] = CFrame.new(5.21540641784668e-08, -1.7881393432617188e-07, -2.086162567138672e-07, 0.8427810072898865, -0.12864091992378235, 0.5226582884788513, 0.27578938007354736, 0.9370784759521484, -0.21406613290309906, -0.4622343182563782, 0.324554443359375, 0.8252296447753906),
            ["UpperTorso"] = CFrame.new(-5.587935447692871e-09, 2.980232238769531e-07, 3.166496753692627e-08, 0.9281405210494995, 0.298923134803772, -0.2218112051486969, -0.34482473134994507, 0.9148925542831421, -0.2099229246377945, 0.14018256962299347, 0.27132391929626465, 0.9522249698638916),
            ["HumanoidRootPart"] = CFrame.new(0, 0, 0, 1, 0, 0, 0, 1, 0, 0, 0, 1),
            ["RightUpperLeg"] = CFrame.new(-1.4901161193847656e-07, 5.3085386753082275e-08, -3.8940925151109695e-08, 0.9325392246246338, 0.02307351864874363, -0.360330730676651, -0.20047150552272797, 0.863092303276062, -0.4635547399520874, 0.3003028333187103, 0.5045188665390015, 0.8094929456710815),
            ["LeftUpperArm"] = CFrame.new(0, -2.384185791015625e-07, 1.3969838619232178e-09, 0.5785424709320068, 0.7182260155677795, 0.38657471537590027, -0.1449207067489624, 0.5569188594818115, -0.8178260922431946, -0.8026746511459351, 0.417124480009079, 0.42628705501556396),
            ["RightLowerArm"] = CFrame.new(2.086162567138672e-07, 1.7881393432617188e-07, -1.7881393432617188e-07, 1, -7.82310962677002e-08, 1.2665987014770508e-07, 1.0430811414607888e-07, 0.3310321569442749, -0.9436194896697998, 2.9802318834981634e-08, 0.9436194896697998, 0.3310321569442749),
            ["LeftHand"] = CFrame.new(7.450580596923828e-08, 3.5762786865234375e-07, -2.2351741790771484e-08, 0.48009368777275085, 0.7021446228027344, -0.5258358716964722, -0.7540224194526672, 0.636641263961792, 0.1616719365119934, 0.44828593730926514, 0.3188744783401489, 0.8350801467895508),
            ["LeftFoot"] = CFrame.new(0, 1.7881393432617188e-07, 7.450580596923828e-09, 0.9978256821632385, 0.06569095700979233, -0.005360536742955446, -0.06321686506271362, 0.9769009351730347, 0.20412753522396088, 0.018646009266376495, -0.20334495604038239, 0.9789296984672546),
            ["LowerTorso"] = CFrame.new(-0.0038852167781442404, -0.1961047649383545, -0.01633484847843647, 0.9598103165626526, -0.2282181829214096, 0.16334205865859985, 0.19333912432193756, 0.9595609903335571, 0.20460373163223267, -0.2034309357404709, -0.16480033099651337, 0.9651201367378235),
            ["RightLowerLeg"] = CFrame.new(1.0058283805847168e-07, -0.000015020370483398438, -0.00003499368904158473, 1, -9.918586840740318e-08, 2.2351741790771484e-08, 1.3783574104309082e-07, 0.7239260673522949, 0.6898772716522217, -4.0978193283081055e-08, -0.6898775100708008, 0.7239264249801636),
            ["LeftUpperLeg"] = CFrame.new(0, 7.543712854385376e-08, -1.1175870895385742e-08, 0.9913061261177063, 0.01775575615465641, -0.13037292659282684, -0.1309107393026352, 0.23264062404632568, -0.9637120366096497, 0.01321856677532196, 0.9724006652832031, 0.23294249176979065),
            ["LeftLowerLeg"] = CFrame.new(7.450580596923828e-09, 0.000015020370483398438, 0.00003513321280479431, 1, 1.2293456563838845e-07, 9.126959810146218e-08, -5.21540641784668e-08, 0.17048589885234833, 0.9853601455688477, 7.450580596923828e-08, -0.9853601455688477, 0.1704857498407364),
        }},
        {Time = 0.067, Data = {
            ["RightFoot"] = CFrame.new(-2.2606400307267904e-08, 1.7881393432617188e-07, 1.816079020500183e-08, 0.9991872906684875, 0.038860905915498734, -0.010709553956985474, -0.039745599031448364, 0.9055147171020508, -0.42244911193847656, -0.006719119381159544, 0.4225316345691681, 0.9063234329223633),
            ["LeftLowerArm"] = CFrame.new(-1.7881393432617188e-07, -2.384185791015625e-07, -7.450580596923828e-09, 1, 1.3038511781360285e-07, -2.3189934950096358e-07, -1.6018749704471702e-07, -0.34262382984161377, -0.9394726753234863, -2.0861628513557662e-07, 0.9394726753234863, -0.3426239788532257),
            ["RightUpperArm"] = CFrame.new(-5.960464477539063e-08, 0, -2.0489096641540527e-08, 0.38899990916252136, -0.7225515842437744, -0.5714879035949707, 0.6573882699012756, 0.6523107886314392, -0.3772682845592499, 0.6453835368156433, -0.22893214225769043, 0.7287457585334778),
            ["Head"] = CFrame.new(-3.3178366720676422e-09, 0, -2.325396053493023e-08, 0.9838228821754456, -0.1788940131664276, 0.009463464841246605, 0.1791079342365265, 0.9833128452301025, -0.03187841176986694, -0.0036026923917233944, 0.03305777162313461, 0.9994470477104187),
            ["RightHand"] = CFrame.new(1.862645149230957e-07, 1.7881393432617188e-07, 1.1175870895385742e-08, 0.8745728731155396, -0.03082733228802681, 0.4839130640029907, 0.1556299775838852, 0.9630235433578491, -0.2199205756187439, -0.4592401385307312, 0.2676480710506439, 0.8470319509506226),
            ["UpperTorso"] = CFrame.new(3.073364496231079e-08, 8.940696716308594e-08, -4.0046870708465576e-08, 0.9587785005569458, 0.259239137172699, -0.11635732650756836, -0.2719040811061859, 0.955937385559082, -0.11068814247846603, 0.08253561705350876, 0.13776341080665588, 0.9870203137397766),
            ["HumanoidRootPart"] = CFrame.new(0, 0, 0, 1, 0, 0, 0, 1, 0, 0, 0, 1),
            ["RightUpperLeg"] = CFrame.new(0, 5.243346095085144e-07, -4.825415089726448e-08, 0.9680288434028625, 0.03209758549928665, -0.24877718091011047, -0.1231612116098404, 0.9248195290565491, -0.359917014837265, 0.21852150559425354, 0.3790495991706848, 0.8992050886154175),
            ["LeftUpperArm"] = CFrame.new(-5.960464477539063e-08, 0, -2.0954757928848267e-08, 0.6098584532737732, 0.7242773771286011, 0.321706622838974, -0.09974192082881927, 0.47285181283950806, -0.8754787445068359, -0.7862088680267334, 0.5018303394317627, 0.36061346530914307),
            ["RightLowerArm"] = CFrame.new(5.960464477539063e-08, -4.76837158203125e-07, 3.427267074584961e-07, 1, -1.136213683139431e-07, 2.980232949312267e-08, 1.4901162970204496e-08, 0.3717586398124695, -0.9283294677734375, 4.4703490686970326e-08, 0.9283295273780823, 0.37175872921943665),
            ["LeftHand"] = CFrame.new(1.4901161193847656e-08, 4.172325134277344e-07, 0, 0.4586966335773468, 0.6517807841300964, -0.6039696931838989, -0.7513927221298218, 0.6473368406295776, 0.1279212087392807, 0.4743484854698181, 0.3951415717601776, 0.7866746187210083),
            ["LeftFoot"] = CFrame.new(5.587935447692871e-08, 0, -6.705522537231445e-08, 0.9985023736953735, 0.05357130616903305, -0.011097579263150692, -0.05321058630943298, 0.9981150031089783, 0.030581440776586533, 0.012714947573840618, -0.02994508109986782, 0.9994707107543945),
            ["LowerTorso"] = CFrame.new(-0.007596110459417105, -0.1762988567352295, -0.09967762231826782, 0.9828070998191833, -0.16355778276920319, 0.08566832542419434, 0.15528719127178192, 0.9832249283790588, 0.09567978978157043, -0.0998804047703743, -0.0807315856218338, 0.9917188882827759),
            ["RightLowerLeg"] = CFrame.new(2.9802322387695312e-08, -0.000014781951904296875, -0.00003515015123412013, 1, -1.1874362826347351e-07, -3.725291186640334e-09, 8.940698847936801e-08, 0.7442842125892639, 0.6678627729415894, -5.0291429687376876e-08, -0.6678630113601685, 0.7442845702171326),
            ["LeftUpperLeg"] = CFrame.new(5.960464477539063e-08, 5.117617547512054e-07, -2.9802322387695312e-08, 0.9935174584388733, 0.10334315150976181, -0.047363754361867905, -0.09230803698301315, 0.4902041256427765, -0.8667058944702148, -0.06635017693042755, 0.8654594421386719, 0.49656572937965393),
            ["LeftLowerLeg"] = CFrame.new(-5.960464477539063e-08, 0.00001519918441772461, 0.00003517419099807739, 1, 4.842877388000488e-08, 4.656613938891496e-08, -1.0430814256778831e-07, 0.36095839738845825, 0.9325819611549377, 5.2154071283894154e-08, -0.932581901550293, 0.3609585165977478),
        }},
        {Time = 0.100, Data = {
            ["RightFoot"] = CFrame.new(-7.661583367735147e-09, 2.384185791015625e-07, -7.53789208829403e-09, 0.9989839196205139, 0.04236719384789467, -0.01536739431321621, -0.044761013239622116, 0.8929818272590637, -0.44786137342453003, -0.005251846741884947, 0.4480942487716675, 0.8939709663391113),
            ["LeftLowerArm"] = CFrame.new(-5.960464477539063e-08, 5.960464477539063e-08, 1.7881393432617188e-07, 1, 1.2293455142753373e-07, -2.8731304269058455e-07, -2.2724267978446733e-07, -0.24061238765716553, -0.9706212282180786, -1.8626448650138627e-07, 0.9706213474273682, -0.24061253666877747),
            ["RightUpperArm"] = CFrame.new(0, 1.1920928955078125e-07, 2.0489096641540527e-08, 0.46641504764556885, -0.7977452278137207, -0.382177472114563, 0.8417525887489319, 0.5330639481544495, -0.08541352301836014, 0.27186325192451477, -0.28186070919036865, 0.920133113861084),
            ["Head"] = CFrame.new(1.6298145055770874e-08, 0, 1.9470462575554848e-08, 0.9891788363456726, -0.14639407396316528, 0.00969673041254282, 0.14667248725891113, 0.988319456577301, -0.041374608874320984, -0.003526465967297554, 0.042349234223365784, 0.9990966320037842),
            ["RightHand"] = CFrame.new(2.60770320892334e-07, -5.960464477539063e-08, -1.4901161193847656e-07, 0.8945770859718323, 0.07038532197475433, 0.44133639335632324, 0.030349422246217728, 0.9756729602813721, -0.21712012588977814, -0.44588202238082886, 0.20762503147125244, 0.8706784844398499),
            ["UpperTorso"] = CFrame.new(-9.313225746154785e-09, -8.940696716308594e-08, 7.683411240577698e-09, 0.9847047328948975, 0.1732373684644699, 0.01858488842844963, -0.17381778359413147, 0.984108030796051, 0.03631539270281792, -0.011998357251286507, -0.0389903262257576, 0.9991675615310669),
            ["HumanoidRootPart"] = CFrame.new(0, 0, 0, 1, 0, 0, 0, 1, 0, 0, 0, 1),
            ["RightUpperLeg"] = CFrame.new(-8.940696716308594e-08, 1.471489667892456e-07, -3.550667315721512e-09, 0.9952371120452881, 0.0026921257376670837, -0.0974474549293518, -0.023233234882354736, 0.9773648381233215, -0.2102811336517334, 0.09467562288045883, 0.211543470621109, 0.9727723002433777),
            ["LeftUpperArm"] = CFrame.new(-1.1920928955078125e-07, 0, 1.4901161193847656e-08, 0.6485286951065063, 0.720270574092865, 0.24621322751045227, -0.0535011813044548, 0.3657905161380768, -0.9291582107543945, -0.7593078017234802, 0.5894129276275635, 0.2757610082626343),
            ["RightLowerArm"] = CFrame.new(1.7881393432617188e-07, 1.1920928955078125e-07, -9.685754776000977e-08, 1, -1.49011640360186e-07, 7.450581307466564e-08, 1.1175873737556685e-07, 0.40531817078590393, -0.9141757488250732, 1.0430815677864302e-07, 0.914175808429718, 0.40531811118125916),
            ["LeftHand"] = CFrame.new(0, 5.960464477539063e-08, -8.940696716308594e-08, 0.45351049304008484, 0.5859361290931702, -0.6715708374977112, -0.743752121925354, 0.6639969944953918, 0.07707373797893524, 0.4910814166069031, 0.4645286202430725, 0.7369208931922913),
            ["LeftFoot"] = CFrame.new(1.862645149230957e-09, 1.1920928955078125e-07, 2.9802322387695312e-08, 0.9992861747741699, 0.03638283908367157, -0.010174675844609737, -0.037455346435308456, 0.9892871379852295, -0.14109641313552856, 0.004932220559567213, 0.141376793384552, 0.9899435639381409),
            ["LowerTorso"] = CFrame.new(-0.010895401239395142, -0.15055108070373535, -0.20802323520183563, 0.9961703419685364, -0.08267654478549957, -0.028448140248656273, 0.08138804882764816, 0.9957192540168762, -0.04380861297249794, 0.03194830194115639, 0.04132549837231636, 0.998634934425354),
            ["RightLowerLeg"] = CFrame.new(8.940696716308594e-08, -0.00001519918441772461, -0.00003511662362143397, 1, -1.0337681999317283e-07, -2.60770320892334e-08, 9.685754776000977e-08, 0.757500410079956, 0.6528343558311462, -4.563480615615845e-08, -0.6528347730636597, 0.7575007677078247),
            ["LeftUpperLeg"] = CFrame.new(2.9802322387695312e-08, 7.450580596923828e-08, 1.0244548320770264e-08, 0.9836582541465759, 0.1458796113729477, 0.10552579164505005, -0.04769381508231163, 0.7762888669967651, -0.628570556640625, -0.17361414432525635, 0.6132656335830688, 0.7705605030059814),
            ["LeftLowerLeg"] = CFrame.new(0, 0.00001537799835205078, 0.00003501400351524353, 1, 5.960465898624534e-08, 3.91155481338501e-08, -7.450581307466564e-08, 0.5894206166267395, 0.8078262209892273, 1.862645326866641e-08, -0.8078263998031616, 0.5894207954406738),
        }},
        {Time = 0.133, Data = {
            ["RightFoot"] = CFrame.new(6.71207089908421e-09, 2.980232238769531e-07, -2.561137080192566e-08, 0.9985139966011047, 0.05012516304850578, -0.02138432301580906, -0.05421135202050209, 0.873573362827301, -0.4836636483669281, -0.005562920123338699, 0.48410436511039734, 0.8749927282333374),
            ["LeftLowerArm"] = CFrame.new(-1.1920928955078125e-07, -5.960464477539063e-08, -7.450580596923828e-09, 1, 1.4808026094215165e-07, -2.0256265997886658e-07, -1.5832483768463135e-07, -0.12916964292526245, -0.9916225075721741, -1.862645149230957e-07, 0.9916225671768188, -0.1291697919368744),
            ["RightUpperArm"] = CFrame.new(5.960464477539063e-08, 1.1920928955078125e-07, -1.5832483768463135e-08, 0.45592591166496277, -0.8758631944656372, -0.1580989956855774, 0.8656861186027527, 0.3951570987701416, 0.30730849504470825, -0.20668622851371765, -0.27697399258613586, 0.9383849501609802),
            ["Head"] = CFrame.new(1.0244548320770264e-08, 0, 2.473825588822365e-09, 0.9939686059951782, -0.10909995436668396, 0.011119934730231762, 0.10953361541032791, 0.9926248788833618, -0.05194401368498802, -0.005370831582695246, 0.05284881964325905, 0.9985881447792053),
            ["RightHand"] = CFrame.new(1.6391277313232422e-07, 1.7881393432617188e-07, 1.1175870895385742e-07, 0.9011120200157166, 0.1669851392507553, 0.40014129877090454, -0.08698457479476929, 0.9737244844436646, -0.21046209335327148, -0.42477142810821533, 0.15484386682510376, 0.8919600248336792),
            ["UpperTorso"] = CFrame.new(9.313225746154785e-09, -2.086162567138672e-07, -1.210719347000122e-08, 0.9896012544631958, 0.04676661640405655, 0.1360231637954712, -0.07300273329019547, 0.9781180620193481, 0.1948220431804657, -0.12393557280302048, -0.20272615551948547, 0.971360981464386),
            ["HumanoidRootPart"] = CFrame.new(0, 0, 0, 1, 0, 0, 0, 1, 0, 0, 0, 1),
            ["RightUpperLeg"] = CFrame.new(8.940696716308594e-08, -1.6065314412117004e-07, -1.658918336033821e-08, 0.9960904121398926, -0.07295393943786621, 0.04981667548418045, 0.0754147320985794, 0.9959256649017334, -0.04944557696580887, -0.04600651562213898, 0.05300914868712425, 0.9975336790084839),
            ["LeftUpperArm"] = CFrame.new(5.960464477539063e-08, -2.384185791015625e-07, 1.1175870895385742e-08, 0.6790698170661926, 0.7133492827415466, 0.17319634556770325, -0.016204576939344406, 0.2504483163356781, -0.9679943919181824, -0.7338948249816895, 0.6545292139053345, 0.1816314458847046),
            ["RightLowerArm"] = CFrame.new(-1.4901161193847656e-07, 1.1920928955078125e-07, 1.1920928955078125e-07, 1, -5.960465188081798e-08, 7.4505820180093e-08, 1.1175872316471214e-07, 0.4268229305744171, -0.9043352603912354, 2.980232594040899e-08, 0.9043352603912354, 0.4268229901790619),
            ["LeftHand"] = CFrame.new(0, -1.7881393432617188e-07, -5.960464477539063e-08, 0.46421462297439575, 0.5198449492454529, -0.7171235680580139, -0.7321546673774719, 0.6808559894561768, 0.01960991881787777, 0.49845197796821594, 0.5159422755241394, 0.6966701149940491),
            ["LeftFoot"] = CFrame.new(-1.257285475730896e-08, 0, -3.725290298461914e-08, 0.999765157699585, 0.02096203714609146, -0.005501418840140104, -0.021649789065122604, 0.9775012135505676, -0.20981599390506744, 0.0009794858051463962, 0.2098858505487442, 0.9777255058288574),
            ["LowerTorso"] = CFrame.new(-0.013545812107622623, -0.12480330467224121, -0.31636881828308105, 0.9881941676139832, -0.005946521647274494, -0.1530914157629013, -0.020687786862254143, 0.9849154353141785, -0.17179521918296814, 0.15180367231369019, 0.1729341298341751, 0.9731647372245789),
            ["RightLowerLeg"] = CFrame.new(0, -0.000014960765838623047, -0.00003518740413710475, 1, -9.685754776000977e-08, -2.421438694000244e-08, 1.0617077350616455e-07, 0.7568129301071167, 0.6536312103271484, -3.725290298461914e-08, -0.6536316275596619, 0.7568132281303406),
            ["LeftUpperLeg"] = CFrame.new(-2.9802322387695312e-08, -2.614688128232956e-07, -2.2351741790771484e-08, 0.9577575922012329, 0.09481456875801086, 0.2714969217777252, -0.005752521567046642, 0.9502127170562744, -0.31154873967170715, -0.2875192165374756, 0.29682639241218567, 0.9106190204620361),
            ["LeftLowerLeg"] = CFrame.new(-4.6566128730773926e-08, 0.00001531839370727539, 0.000035021454095840454, 1, 7.264316082000732e-08, -7.916241884231567e-09, -6.705523247774181e-08, 0.7635641694068909, 0.6457318067550659, 0, -0.645732045173645, 0.76356440782547),
        }},
        {Time = 0.167, Data = {
            ["RightFoot"] = CFrame.new(1.8910213839262724e-08, 2.980232238769531e-07, -4.3335603550076485e-08, 0.9978317022323608, 0.059675317257642746, -0.02776220068335533, -0.06538848578929901, 0.8507750630378723, -0.5214460492134094, -0.0074980915524065495, 0.5221309661865234, 0.8528324365615845),
            ["LeftLowerArm"] = CFrame.new(1.7881393432617188e-07, 1.1920928955078125e-07, -8.195638656616211e-08, 1, 1.5087420024428866e-07, -1.7043204536548728e-07, -1.7601996660232544e-07, -0.028749598190188408, -0.9995867013931274, -1.564621925354004e-07, 0.9995866417884827, -0.028749719262123108),
            ["RightUpperArm"] = CFrame.new(5.960464477539063e-08, 2.384185791015625e-07, 3.725290298461914e-09, 0.3594844341278076, -0.9330560564994812, 0.013313673436641693, 0.7114619612693787, 0.28328564763069153, 0.643095076084137, -0.6038152575492859, -0.22171048820018768, 0.7656707167625427),
            ["Head"] = CFrame.new(-6.51925802230835e-09, 2.384185791015625e-07, 4.415051080286503e-08, 0.9972634315490723, -0.07231955975294113, 0.015346083790063858, 0.07309209555387497, 0.9956479668617249, -0.0578157901763916, -0.01109808124601841, 0.05877934396266937, 0.9982092976570129),
            ["RightHand"] = CFrame.new(-5.960464477539063e-08, 0, -1.4016404747962952e-07, 0.8968564867973328, 0.2505986988544464, 0.3644843101501465, -0.1843346655368805, 0.9608131647109985, -0.2070235311985016, -0.4020811915397644, 0.1184832751750946, 0.907905638217926),
            ["UpperTorso"] = CFrame.new(-3.4458935260772705e-08, 0, -1.6065314412117004e-08, 0.9755290150642395, -0.08670718967914581, 0.20205247402191162, 0.018033454194664955, 0.9474150538444519, 0.31949886679649353, -0.21913041174411774, -0.3080366849899292, 0.9257944822311401),
            ["HumanoidRootPart"] = CFrame.new(0, 0, 0, 1, 0, 0, 0, 1, 0, 0, 0, 1),
            ["RightUpperLeg"] = CFrame.new(-8.940696716308594e-08, -3.725290298461914e-09, 1.3213139027357101e-08, 0.9736462235450745, -0.16845861077308655, 0.15373645722866058, 0.15822842717170715, 0.9844266772270203, 0.07660236209630966, -0.16424660384655, -0.050258416682481766, 0.9851381778717041),
            ["LeftUpperArm"] = CFrame.new(0, 0, 1.6763806343078613e-08, 0.6869028806686401, 0.7180848121643066, 0.11188769340515137, 0.008485420607030392, 0.14602142572402954, -0.9892451167106628, -0.7266997694969177, 0.6804645657539368, 0.09420930594205856),
            ["RightLowerArm"] = CFrame.new(-1.7881393432617188e-07, 2.384185791015625e-07, -4.470348358154297e-08, 1, -5.960465188081798e-08, 5.29689785366827e-08, 1.341104507446289e-07, 0.42971348762512207, -0.9029653668403625, 3.3527612686157227e-08, 0.9029653668403625, 0.42971351742744446),
            ["LeftHand"] = CFrame.new(0, 1.7881393432617188e-07, -5.960464477539063e-08, 0.4905701279640198, 0.4710098206996918, -0.7331377863883972, -0.7171427607536316, 0.696162760257721, -0.03261224180459976, 0.4950225353240967, 0.541763186454773, 0.6792977452278137),
            ["LeftFoot"] = CFrame.new(-4.0279701352119446e-08, -5.960464477539063e-08, 4.470348358154297e-08, 0.9999678134918213, 0.007530611474066973, -0.0027812879998236895, -0.007926817052066326, 0.9810224771499634, -0.19373184442520142, 0.0012696946505457163, 0.19374801218509674, 0.9810506105422974),
            ["LowerTorso"] = CFrame.new(-0.015310061164200306, -0.10499739646911621, -0.39971160888671875, 0.9654026031494141, 0.05899202823638916, -0.2540034353733063, -0.1256633847951889, 0.958755373954773, -0.25494471192359924, 0.22848746180534363, 0.2780432403087616, 0.9329981207847595),
            ["RightLowerLeg"] = CFrame.new(2.9802322387695312e-08, -0.000014781951904296875, -0.00003509054658934474, 1, -8.847564458847046e-08, -1.4901161193847656e-08, 1.0803341865539551e-07, 0.7436338067054749, 0.6685869693756104, -3.5390257835388184e-08, -0.6685872077941895, 0.7436339855194092),
            ["LeftUpperLeg"] = CFrame.new(2.9802322387695312e-08, 1.1175870895385742e-07, 7.450580596923828e-09, 0.9251685738563538, -0.015155145898461342, 0.37925389409065247, 0.031624890863895416, 0.9988060593605042, -0.037234723567962646, -0.3782368302345276, 0.04644200950860977, 0.9245432615280151),
            ["LeftLowerLeg"] = CFrame.new(-3.725290298461914e-08, 0.000014960765838623047, 0.000035103410482406616, 1, 5.867330798992043e-08, -6.984918199393064e-10, -3.5390254282674505e-08, 0.8668180704116821, 0.4986245930194855, 3.4924592107188346e-09, -0.498624712228775, 0.8668180108070374),
        }},
        {Time = 0.200, Data = {
            ["RightFoot"] = CFrame.new(2.665547071956098e-08, 1.1920928955078125e-07, -1.3242242857813835e-08, 0.9973630905151367, 0.06543242186307907, -0.03139188513159752, -0.07187222689390182, 0.8305661678314209, -0.5522626638412476, -0.01006290502846241, 0.5530627369880676, 0.833078920841217),
            ["LeftLowerArm"] = CFrame.new(5.960464477539063e-08, 1.1920928955078125e-07, 1.4528632164001465e-07, 1, 1.415610029198433e-07, -2.0302834968788375e-07, -1.525040715932846e-07, 0.037365395575761795, -0.9993016719818115, -1.5273690223693848e-07, 0.9993017315864563, 0.03736529126763344),
            ["RightUpperArm"] = CFrame.new(0, -1.1920928955078125e-07, 2.2351741790771484e-08, 0.24824997782707214, -0.9640117287635803, 0.09514886140823364, 0.49704647064208984, 0.21107089519500732, 0.8416614532470703, -0.8314546942710876, -0.16164909303188324, 0.5315569639205933),
            ["Head"] = CFrame.new(-9.313225746154785e-09, 1.1920928955078125e-07, 4.2171450331807137e-08, 0.998849093914032, -0.04154559224843979, 0.023969708010554314, 0.04277484863996506, 0.9976630806922913, -0.05328051373362541, -0.02170012705028057, 0.05424460768699646, 0.9982918500900269),
            ["RightHand"] = CFrame.new(-5.960464477539063e-08, -5.960464477539063e-08, -2.980232238769531e-07, 0.8875033855438232, 0.31397899985313416, 0.33727583289146423, -0.2520407438278198, 0.9435043334960938, -0.21511638164520264, -0.38576313853263855, 0.10590927302837372, 0.9164987802505493),
            ["UpperTorso"] = CFrame.new(-3.725290298461914e-08, 1.7881393432617188e-07, -3.3527612686157227e-08, 0.9602953791618347, -0.1876438409090042, 0.20645272731781006, 0.10060488432645798, 0.9231354594230652, 0.3710789978504181, -0.26021453738212585, -0.33557528257369995, 0.9053605198860168),
            ["HumanoidRootPart"] = CFrame.new(0, 0, 0, 1, 0, 0, 0, 1, 0, 0, 0, 1),
            ["RightUpperLeg"] = CFrame.new(2.9802322387695312e-08, 2.5331974029541016e-07, -6.874324753880501e-08, 0.9493929147720337, -0.24516519904136658, 0.19633406400680542, 0.22577214241027832, 0.9672413468360901, 0.1160648986697197, -0.21835766732692719, -0.06586455553770065, 0.9736436605453491),
            ["LeftUpperArm"] = CFrame.new(0, 1.1920928955078125e-07, 4.284083843231201e-08, 0.6564382314682007, 0.751347541809082, 0.06756842881441116, 0.02136738784611225, 0.07101356983184814, -0.997246503829956, -0.7540771961212158, 0.6560746431350708, 0.03056163340806961),
            ["RightLowerArm"] = CFrame.new(-2.9802322387695312e-08, 0, 3.2782554626464844e-07, 1, -1.7136333951839333e-07, 1.1175869119028903e-08, 1.2665984172599565e-07, 0.4056428074836731, -0.9140316247940063, 1.1362132568137895e-07, 0.9140316247940063, 0.4056428074836731),
            ["LeftHand"] = CFrame.new(1.4901161193847656e-08, 6.556510925292969e-07, 0, 0.5319631695747375, 0.45616093277931213, -0.7133952379226685, -0.6998004913330078, 0.7111815214157104, -0.06708022207021713, 0.47675415873527527, 0.5349186658859253, 0.6975439786911011),
            ["LeftFoot"] = CFrame.new(-2.9336661100387573e-08, 0, 7.82310962677002e-08, 0.9999986886978149, 0.0007806108915247023, -0.001459335908293724, -0.0009661839576438069, 0.9912797808647156, -0.13177058100700378, 0.0013439911417663097, 0.131771981716156, 0.9912791848182678),
            ["LowerTorso"] = CFrame.new(-0.015950873494148254, -0.09707498550415039, -0.43304872512817383, 0.9467176198959351, 0.11836054176092148, -0.29952752590179443, -0.20519036054611206, 0.9385017156600952, -0.2776898145675659, 0.24823957681655884, 0.32435399293899536, 0.9127823710441589),
            ["RightLowerLeg"] = CFrame.new(-2.9802322387695312e-08, -0.000015139579772949219, -0.00003510917304083705, 1, -7.078052277620372e-08, 0, 1.583247950520672e-07, 0.7143920063972473, 0.6997453570365906, -3.352760558072987e-08, -0.699745774269104, 0.714392364025116),
            ["LeftUpperLeg"] = CFrame.new(0, 2.7939677238464355e-07, 7.450580596923828e-09, 0.9051182270050049, -0.12957273423671722, 0.40493425726890564, 0.07822893559932709, 0.9869225025177002, 0.1409408450126648, -0.4179009795188904, -0.09589056670665741, 0.9034180045127869),
            ["LeftLowerLeg"] = CFrame.new(-3.259629011154175e-09, 0.00001537799835205078, 0.00003505498170852661, 1, 1.6298147276216923e-09, -1.0884833478996825e-08, -2.6309866285600947e-08, 0.9435867667198181, 0.3311253488063812, -1.3969840839678227e-09, -0.3311254680156708, 0.9435867667198181),
        }},
        {Time = 0.233, Data = {
            ["RightFoot"] = CFrame.new(-4.162211553193629e-08, 2.980232238769531e-07, 1.2631062418222427e-08, 0.9972752928733826, 0.06670425087213516, -0.031507622450590134, -0.07259207963943481, 0.8112781047821045, -0.5801361203193665, -0.013136053457856178, 0.5808427929878235, 0.8139098882675171),
            ["LeftLowerArm"] = CFrame.new(2.9802322387695312e-08, 0, -1.7136335372924805e-07, 1, 1.5646212148112681e-07, -1.990701719023491e-07, -2.024462162353302e-07, 0.052442509680986404, -0.9986240267753601, -1.3690440425762063e-07, 0.9986239075660706, 0.052442409098148346),
            ["RightUpperArm"] = CFrame.new(0, 2.384185791015625e-07, 3.725290298461914e-08, 0.1724347025156021, -0.9788222908973694, 0.11033201217651367, 0.31599512696266174, 0.16105873882770538, 0.9349905252456665, -0.9329595565795898, -0.1263604462146759, 0.3370751738548279),
            ["Head"] = CFrame.new(-3.259629011154175e-09, -2.384185791015625e-07, 4.220055416226387e-09, 0.9990593194961548, -0.021447306498885155, 0.037691082805395126, 0.022753773257136345, 0.9991428852081299, -0.0345822237432003, -0.036917079240083694, 0.0354074127972126, 0.9986909627914429),
            ["RightHand"] = CFrame.new(0, 3.5762786865234375e-07, -1.9371509552001953e-07, 0.879358172416687, 0.35297003388404846, 0.31959548592567444, -0.2849978506565094, 0.9278467297554016, -0.2405756562948227, -0.3814516067504883, 0.1204681321978569, 0.9165054559707642),
            ["UpperTorso"] = CFrame.new(3.3527612686157227e-08, 2.384185791015625e-07, -5.960464477539063e-08, 0.9522561430931091, -0.24883915483951569, 0.17688268423080444, 0.18233932554721832, 0.9282418489456177, 0.3242216110229492, -0.2448689490556717, -0.27648934721946716, 0.9292969703674316),
            ["HumanoidRootPart"] = CFrame.new(0, 0, 0, 1, 0, 0, 0, 1, 0, 0, 0, 1),
            ["RightUpperLeg"] = CFrame.new(2.9802322387695312e-08, 1.601874828338623e-07, -8.364440873265266e-08, 0.9341576099395752, -0.2915778160095215, 0.20574721693992615, 0.28983622789382935, 0.956271231174469, 0.03924596309661865, -0.20819345116615295, 0.022971028462052345, 0.9778178930282593),
            ["LeftUpperArm"] = CFrame.new(0, -1.1920928955078125e-07, 4.6566128730773926e-08, 0.5722061991691589, 0.818968653678894, 0.04324602708220482, 0.023115292191505432, 0.03660546615719795, -0.9990624189376831, -0.8197839856147766, 0.5726694464683533, 0.0020151545759290457),
            ["RightLowerArm"] = CFrame.new(5.960464477539063e-08, -5.960464477539063e-08, 4.6193599700927734e-07, 1, -8.568167686462402e-08, 3.3527619791584584e-08, 4.0978189730367376e-08, 0.34954363107681274, -0.936920166015625, 5.4016702222270396e-08, 0.936920166015625, 0.3495437204837799),
            ["LeftHand"] = CFrame.new(-1.4901161193847656e-08, 0, 2.9802322387695312e-08, 0.5848110318183899, 0.4826071560382843, -0.651986837387085, -0.6824357509613037, 0.7272065281867981, -0.07383710891008377, 0.43849483132362366, 0.4881199300289154, 0.7546266317367554),
            ["LeftFoot"] = CFrame.new(-8.32369551062584e-09, -5.960464477539063e-08, -7.450580596923828e-09, 0.9999979138374329, 0.00009493464312981814, -0.0020615216344594955, -0.0002734163135755807, 0.9962285161018372, -0.08676808327436447, 0.0020455252379179, 0.08676846325397491, 0.99622642993927),
            ["LowerTorso"] = CFrame.new(-0.015938889235258102, -0.10513365268707275, -0.423890084028244, 0.937951385974884, 0.1840762346982956, -0.293876051902771, -0.2562015950679779, 0.9389686584472656, -0.22956226766109467, 0.23368339240550995, 0.29060977697372437, 0.9278674721717834),
            ["RightLowerLeg"] = CFrame.new(-3.3527612686157227e-08, -0.000015020370483398438, -0.00003510544775053859, 1, -1.5855766832828522e-07, -5.587936158235607e-08, 7.078052277620372e-08, 0.6595755815505981, 0.7516380548477173, -2.421439049271612e-08, -0.7516382932662964, 0.659575879573822),
            ["LeftUpperLeg"] = CFrame.new(1.1920928955078125e-07, 1.1175870895385742e-07, -6.705522537231445e-08, 0.8981146812438965, -0.19528838992118835, 0.39402085542678833, 0.14697758853435516, 0.9777624607086182, 0.14959348738193512, -0.4144727289676666, -0.07643983513116837, 0.9068458676338196),
            ["LeftLowerLeg"] = CFrame.new(-1.862645149230957e-09, 0.00001519918441772461, 0.00003499165177345276, 1, -1.1408701539039612e-08, 1.682201222763524e-08, -5.820765203168321e-09, 0.9667456150054932, 0.25574004650115967, 1.1059454685380388e-08, -0.25574010610580444, 0.9667455554008484),
        }},
        {Time = 0.267, Data = {
            ["RightFoot"] = CFrame.new(-4.2611645767465234e-08, 3.5762786865234375e-07, -3.096647560596466e-08, 0.997338056564331, 0.06644368171691895, -0.0300336554646492, -0.07103608548641205, 0.792437732219696, -0.6058022379875183, -0.016452008858323097, 0.6063233017921448, 0.7950482964515686),
            ["LeftLowerArm"] = CFrame.new(2.9802322387695312e-08, 1.7881393432617188e-07, -1.4994293451309204e-07, 1, 1.4528629321830522e-07, -1.546577550470829e-07, -1.6792910173535347e-07, 0.027897749096155167, -0.9996107816696167, -1.3969838619232178e-07, 0.9996108412742615, 0.027897633612155914),
            ["RightUpperArm"] = CFrame.new(-5.960464477539063e-08, 1.1920928955078125e-07, 0, 0.13455741107463837, -0.9862167835235596, 0.09628531336784363, 0.18029054999351501, 0.11991323530673981, 0.976276695728302, -0.9743663668632507, -0.11400602012872696, 0.1939406841993332),
            ["Head"] = CFrame.new(1.1175870895385742e-08, 2.384185791015625e-07, 1.446460373699665e-08, 0.998472273349762, -0.012652434408664703, 0.05378837138414383, 0.012983829714357853, 0.9998987913131714, -0.005815951153635979, -0.05370934680104256, 0.006505550350993872, 0.9985355138778687),
            ["RightHand"] = CFrame.new(-8.940696716308594e-08, -1.1920928955078125e-07, -1.341104507446289e-07, 0.8762701153755188, 0.3704170286655426, 0.3081267476081848, -0.2894194424152374, 0.9159346222877502, -0.2780291736125946, -0.38521063327789307, 0.15445077419281006, 0.9098119139671326),
            ["UpperTorso"] = CFrame.new(-1.4901161193847656e-08, -5.960464477539063e-08, 9.499490261077881e-08, 0.9475218653678894, -0.28422653675079346, 0.1463475525379181, 0.2538630962371826, 0.9471867680549622, 0.1959356963634491, -0.1943085938692093, -0.14850111305713654, 0.9696347713470459),
            ["HumanoidRootPart"] = CFrame.new(0, 0, 0, 1, 0, 0, 0, 1, 0, 0, 0, 1),
            ["RightUpperLeg"] = CFrame.new(1.4901161193847656e-07, -1.7881393432617188e-07, -1.658918336033821e-08, 0.9239330291748047, -0.3178468346595764, 0.21288758516311646, 0.3472147285938263, 0.9303473830223083, -0.1178802028298378, -0.16059155762195587, 0.1828310340642929, 0.9699398279190063),
            ["LeftUpperArm"] = CFrame.new(5.960464477539063e-08, 2.384185791015625e-07, -2.60770320892334e-08, 0.4426593780517578, 0.8959542512893677, 0.036315735429525375, 0.01336567010730505, 0.03390270099043846, -0.9993358850479126, -0.8965903520584106, 0.4428505599498749, 0.003032371634617448),
            ["RightLowerArm"] = CFrame.new(-1.7881393432617188e-07, 5.960464477539063e-08, 2.2351741790771484e-08, 1, -7.078050145992165e-08, 5.5879347371501353e-08, 8.754432911928234e-08, 0.27545174956321716, -0.9613149166107178, 5.401671643312511e-08, 0.9613149166107178, 0.27545174956321716),
            ["LeftHand"] = CFrame.new(-2.2351741790771484e-08, 3.5762786865234375e-07, 7.450580596923828e-08, 0.6382684707641602, 0.5312148332595825, -0.557157576084137, -0.667046308517456, 0.7429214715957642, -0.055825602263212204, 0.38426902890205383, 0.4072817862033844, 0.8285281658172607),
            ["LeftFoot"] = CFrame.new(5.51808625459671e-08, 5.960464477539063e-08, 3.725290298461914e-09, 0.9999933838844299, 0.00154938455671072, -0.0033026733435690403, -0.0018472024239599705, 0.995744526386261, -0.09213834255933762, 0.0031459215097129345, 0.09214378148317337, 0.9957408308982849),
            ["LowerTorso"] = CFrame.new(-0.015855001285672188, -0.1243506669998169, -0.3986459970474243, 0.9328978657722473, 0.2504156231880188, -0.25883159041404724, -0.2892584502696991, 0.9491496682167053, -0.12427657097578049, 0.21454913914203644, 0.190806582570076, 0.9578943252563477),
