return {
    ["Popular Vibe"] = {
        {Time = 0.000, Data = {
            ["RightFoot"] = CFrame.new(-2.7337591745890677e-08, 3.5762786865234375e-07, 3.5222910810261965e-08, 0.8486593961715698, 0.1543143093585968, -0.505929172039032, -0.14190326631069183, 0.9878561496734619, 0.06327521055936813, 0.509549617767334, 0.018094101920723915, 0.8602511286735535),
            ["LeftLowerArm"] = CFrame.new(-2.980232238769531e-07, 0, 1.4901161193847656e-08, 1, -8.940698137394065e-08, 5.960464477539063e-08, 8.47503613954359e-08, 0.46835315227508545, -0.8835413455963135, 4.4703490686970326e-08, 0.8835414052009583, 0.4683532118797302),
            ["RightUpperArm"] = CFrame.new(2.384185791015625e-07, 7.152557373046875e-07, -2.2351741790771484e-08, 0.5379501581192017, -0.45653435587882996, -0.7086508870124817, 0.3498443365097046, 0.885749101638794, -0.305053174495697, 0.7669540643692017, -0.08381406962871552, 0.6362047791481018),
            ["Head"] = CFrame.new(-2.3283064365386963e-08, 4.76837158203125e-07, 1.862645149230957e-08, 0.788780927658081, 0.06779665499925613, -0.6109241843223572, -0.16701896488666534, 0.9801443815231323, -0.10687220841646194, 0.5915482640266418, 0.1863347291946411, 0.7844424843788147),
            ["RightHand"] = CFrame.new(-2.9802322387695312e-08, -2.384185791015625e-07, -8.754432201385498e-08, 0.9123332500457764, -0.4085947871208191, 0.02642713487148285, 0.3903769850730896, 0.8485555648803711, -0.35715416073799133, 0.12350638210773468, 0.336160272359848, 0.9336715340614319),
            ["UpperTorso"] = CFrame.new(-6.05359673500061e-09, 8.940696716308594e-08, -4.190951585769653e-09, 0.9959841370582581, 0.08947857469320297, -0.0030288146808743477, -0.0889584943652153, 0.9928776621818542, 0.0792485699057579, 0.010098312050104141, -0.07866087555885315, 0.996850311756134),
            ["HumanoidRootPart"] = CFrame.new(0, 0, 0, 1, 0, 0, 0, 1, 0, 0, 0, 1),
            ["RightUpperLeg"] = CFrame.new(0, 3.7602148950099945e-08, 9.480572771281004e-09, 0.8952124714851379, -0.013112657703459263, -0.4454466998577118, -0.01444564014673233, 0.9981878995895386, -0.058415234088897705, 0.44540542364120483, 0.05872868001461029, 0.8934007287025452),
            ["LeftUpperArm"] = CFrame.new(-1.1920928955078125e-07, 0.0000011920928955078125, 2.9802322387695312e-08, 0.9064640998840332, 0.36795738339424133, 0.20719574391841888, -0.3349931240081787, 0.9253137707710266, -0.17769069969654083, -0.25710371136665344, 0.09166108071804047, 0.9620269536972046),
            ["RightLowerArm"] = CFrame.new(5.960464477539063e-08, 5.960464477539063e-08, 8.940696716308594e-08, 1, -2.9802315282267955e-08, 9.685753354915505e-08, 4.470347647611561e-08, -0.08292359113693237, -0.9965559244155884, 8.195637946073475e-08, 0.9965559840202332, -0.08292365819215775),
            ["LeftHand"] = CFrame.new(1.9371509552001953e-07, -1.1920928955078125e-07, 3.2782554626464844e-07, 0.6072481274604797, 0.2891359031200409, -0.7400340437889099, -0.45007357001304626, 0.8927559852600098, -0.02051067352294922, 0.654739260673523, 0.34552469849586487, 0.6722566485404968),
            ["LeftFoot"] = CFrame.new(-4.470348358154297e-08, 0, -4.470348358154297e-08, 0.9274576902389526, -0.09491248428821564, 0.3616819977760315, 0.11214739084243774, 0.9933271408081055, -0.026909738779067993, -0.3567145764827728, 0.06551934778690338, 0.9319130778312683),
            ["LowerTorso"] = CFrame.new(-0.03642856702208519, 0.033242225646972656, -0.02710135281085968, 0.9897781610488892, -0.03384203836321831, -0.13854199647903442, 0.030205322429537773, 0.9991438984870911, -0.02826935052871704, 0.13938008248806, 0.023795679211616516, 0.9899530410766602),
            ["RightLowerLeg"] = CFrame.new(-1.4159013517200947e-08, 2.384185791015625e-07, -1.879379851743579e-08, 1, -2.7636826160915007e-08, -1.905710611538325e-08, 5.640504951998082e-08, 0.9327595829963684, 0.36049890518188477, -5.8184475903999555e-08, -0.3604991137981415, 0.932759702205658),
            ["LeftUpperLeg"] = CFrame.new(-5.960464477539063e-08, -3.771856427192688e-08, -7.450580596923828e-09, 0.923949658870697, 0.015792477875947952, 0.38218802213668823, 0.01399238035082817, 0.9970833659172058, -0.07502764463424683, -0.3822581171989441, 0.0746694877743721, 0.9210337400436401),
            ["LeftLowerLeg"] = CFrame.new(1.862645149230957e-08, -2.384185791015625e-07, -1.4901161193847656e-08, 1, 4.4703494239684005e-08, -1.862645504502325e-08, -4.470347647611561e-08, 0.8630910515785217, 0.5050483345985413, 1.4435498130183078e-08, -0.505048394203186, 0.8630911111831665),
        }},
        {Time = 0.033, Data = {
            ["RightFoot"] = CFrame.new(8.381903171539307e-09, 5.364418029785156e-07, -5.75528247281909e-09, 0.8545981049537659, 0.20868666470050812, -0.47551223635673523, -0.17834173142910004, 0.977949321269989, 0.10867100208997726, 0.48770517110824585, -0.008066240698099136, 0.87297123670578),
            ["LeftLowerArm"] = CFrame.new(5.960464477539063e-08, -4.76837158203125e-07, 1.2665987014770508e-07, 1, -1.0430811414607888e-07, 3.352760913344355e-08, 1.4435501327625389e-07, 0.4456067681312561, -0.8952288627624512, 2.2351745343485163e-08, 0.8952288627624512, 0.4456065595149994),
            ["RightUpperArm"] = CFrame.new(-1.1920928955078125e-07, 3.5762786865234375e-07, 3.725290298461914e-09, 0.5161322951316833, -0.4640811085700989, -0.7198862433433533, 0.3449283838272095, 0.8819423913955688, -0.3212507963180542, 0.7839846014976501, -0.08250132948160172, 0.615273654460907),
            ["Head"] = CFrame.new(2.0489096641540527e-08, -1.1920928955078125e-07, -4.6566128730773926e-09, 0.774699866771698, 0.058769188821315765, -0.62959223985672, -0.1730373352766037, 0.9773691892623901, -0.12168633192777634, 0.6081926226615906, 0.20321343839168549, 0.7673369646072388),
            ["RightHand"] = CFrame.new(-1.9371509552001953e-07, 1.1920928955078125e-07, -1.0244548320770264e-07, 0.9188145995140076, -0.3940446972846985, 0.022554481402039528, 0.3752068281173706, 0.8542999029159546, -0.35971006751060486, 0.12247361242771149, 0.33896973729133606, 0.932791531085968),
            ["UpperTorso"] = CFrame.new(-5.238689482212067e-10, 2.682209014892578e-07, 7.916241884231567e-09, 0.9976571798324585, 0.06838478147983551, 0.0019350831862539053, -0.06819126754999161, 0.9917669892311096, 0.10838962346315384, 0.005493047647178173, -0.108267642557621, 0.994106650352478),
            ["HumanoidRootPart"] = CFrame.new(0, 0, 0, 1, 0, 0, 0, 1, 0, 0, 0, 1),
            ["RightUpperLeg"] = CFrame.new(-5.960464477539063e-08, -6.041955202817917e-08, 2.438173396512866e-08, 0.9457372426986694, -0.0662684291601181, -0.31810319423675537, 0.039138227701187134, 0.9950870275497437, -0.09094034880399704, 0.3225668966770172, 0.073555588722229, 0.9436843991279602),
            ["LeftUpperArm"] = CFrame.new(5.960464477539063e-08, -3.5762786865234375e-07, -7.450580596923828e-09, 0.9135431051254272, 0.3629624843597412, 0.18356819450855255, -0.33222484588623047, 0.9262384176254272, -0.17807051539421082, -0.23466086387634277, 0.10168920457363129, 0.9667438268661499),
            ["RightLowerArm"] = CFrame.new(1.1920928955078125e-07, 5.960464477539063e-08, 1.1920928955078125e-07, 1, -1.639127589214695e-07, 7.450581307466564e-08, 1.341104507446289e-07, -0.10632137954235077, -0.9943318963050842, 1.4901161193847656e-07, 0.9943318963050842, -0.10632149130105972),
            ["LeftHand"] = CFrame.new(2.60770320892334e-07, 3.5762786865234375e-07, -1.7881393432617188e-07, 0.6137511730194092, 0.2788262665271759, -0.738624095916748, -0.44815775752067566, 0.8932614922523499, -0.035190775990486145, 0.6499724388122559, 0.352618545293808, 0.6731983423233032),
            ["LeftFoot"] = CFrame.new(-2.60770320892334e-08, -1.1920928955078125e-07, 5.21540641784668e-08, 0.9647046327590942, -0.07010000944137573, 0.2538328468799591, 0.06355281174182892, 0.9974021315574646, 0.03391287475824356, -0.255550742149353, -0.016584062948822975, 0.9666534066200256),
            ["LowerTorso"] = CFrame.new(-0.05545218661427498, 0.04364299774169922, -0.026935525238513947, 0.9927085041999817, -0.01803058199584484, -0.11918380111455917, 0.01174517534673214, 0.9985132813453674, -0.05323067680001259, 0.11996636539697647, 0.051442719995975494, 0.9914442896842957),
            ["RightLowerLeg"] = CFrame.new(-3.91155481338501e-08, 2.384185791015625e-07, 3.894820110872388e-08, 1, -7.82310962677002e-08, -4.097820749393577e-08, 6.332993507385254e-08, 0.9040929079055786, 0.42733582854270935, -2.514570951461792e-08, -0.4273358881473541, 0.9040929675102234),
            ["LeftUpperLeg"] = CFrame.new(2.9802322387695312e-08, 1.4808028936386108e-07, 1.4901161193847656e-08, 0.9728109240531921, -0.004676396492868662, 0.2315538227558136, 0.021147921681404114, 0.9974130392074585, -0.06870374828577042, -0.23063348233699799, 0.07173265516757965, 0.9703931212425232),
            ["LeftLowerLeg"] = CFrame.new(1.6763806343078613e-08, -2.384185791015625e-07, -7.450580596923828e-09, 1, 5.215407838932151e-08, -3.725290742551124e-09, -4.377216100692749e-08, 0.8700176477432251, 0.4930206537246704, 1.5832483768463135e-08, -0.4930206835269928, 0.8700177073478699),
        }},
        {Time = 0.067, Data = {
            ["RightFoot"] = CFrame.new(3.3527612686157227e-08, 2.980232238769531e-07, 4.639878170564771e-08, 0.8685738444328308, 0.26482734084129333, -0.41886261105537415, -0.23611877858638763, 0.9642809629440308, 0.12004278600215912, 0.4356918931007385, -0.005364509765058756, 0.9000800251960754),
            ["LeftLowerArm"] = CFrame.new(-2.384185791015625e-07, 3.5762786865234375e-07, 7.450580596923828e-09, 1, -8.940696716308594e-08, 1.0430811414607888e-07, 1.0244549741855735e-07, 0.4188714623451233, -0.9080454111099243, 4.842878098543224e-08, 0.9080455303192139, 0.4188717305660248),
            ["RightUpperArm"] = CFrame.new(-5.960464477539063e-08, -2.384185791015625e-07, 1.30385160446167e-08, 0.492060124874115, -0.4699145257472992, -0.7328418493270874, 0.3411782383918762, 0.8785566091537476, -0.3342689573764801, 0.8009209632873535, -0.0855492427945137, 0.592627227306366),
            ["Head"] = CFrame.new(8.381903171539307e-09, 0, -8.614733815193176e-09, 0.7577979564666748, 0.04773269593715668, -0.6507410407066345, -0.1755760908126831, 0.975452721118927, -0.13291025161743164, 0.6284229159355164, 0.21497373282909393, 0.7475767731666565),
            ["RightHand"] = CFrame.new(-2.2351741790771484e-08, -2.980232238769531e-07, -1.043081283569336e-07, 0.9248555302619934, -0.3798092305660248, 0.01967702992260456, 0.35995012521743774, 0.8574464917182922, -0.3677249848842621, 0.12279338389635086, 0.34717532992362976, 0.9297264814376831),
            ["UpperTorso"] = CFrame.new(-9.866198524832726e-09, 1.7881393432617188e-07, 7.916241884231567e-09, 0.9992862939834595, 0.03777601942420006, 0.00012161374615970999, -0.03744272515177727, 0.9900323152542114, 0.1357719749212265, 0.005008499603718519, -0.13567958772182465, 0.990740180015564),
            ["HumanoidRootPart"] = CFrame.new(0, 0, 0, 1, 0, 0, 0, 1, 0, 0, 0, 1),
            ["RightUpperLeg"] = CFrame.new(0, 8.260831236839294e-07, -1.1008523870259523e-08, 0.9831056594848633, -0.12362959235906601, -0.1349775642156601, 0.10460495948791504, 0.9846176505088806, -0.13995017111301422, 0.15020319819450378, 0.1234663724899292, 0.9809154868125916),
            ["LeftUpperArm"] = CFrame.new(-1.1920928955078125e-07, -3.5762786865234375e-07, -1.4901161193847656e-08, 0.9217469096183777, 0.35531532764434814, 0.1553502082824707, -0.3282914161682129, 0.9282033443450928, -0.17510950565338135, -0.20641574263572693, 0.11040652543306351, 0.9722155332565308),
            ["RightLowerArm"] = CFrame.new(0, 0, -5.960464477539063e-08, 1, -1.341104365337742e-07, 1.6391277313232422e-07, 7.450579886381092e-08, -0.12682749330997467, -0.9919247627258301, 7.450579886381092e-08, 0.9919247627258301, -0.1268276423215866),
            ["LeftHand"] = CFrame.new(1.1175870895385742e-07, 0, 3.8743019104003906e-07, 0.6211442947387695, 0.269808292388916, -0.735787570476532, -0.44792139530181885, 0.8926281929016113, -0.05080999433994293, 0.6430755853652954, 0.3611350953578949, 0.6753036379814148),
            ["LeftFoot"] = CFrame.new(-3.073364496231079e-08, 5.960464477539063e-08, -9.313225746154785e-09, 0.9953449964523315, -0.014479275792837143, 0.09528214484453201, 0.007937897928059101, 0.997607409954071, 0.06867698580026627, -0.09604856371879578, -0.06760098785161972, 0.9930785298347473),
            ["LowerTorso"] = CFrame.new(-0.07577472925186157, 0.0363922119140625, -0.028365790843963623, 0.9957401752471924, 0.007877915166318417, -0.0918666198849678, -0.01525677740573883, 0.9966862797737122, -0.07989818602800369, 0.09093276411294937, 0.08095942437648773, 0.9925607442855835),
            ["RightLowerLeg"] = CFrame.new(-2.9802322387695312e-08, 3.5762786865234375e-07, 3.894820110872388e-08, 1, -5.96046660916727e-08, -1.3038517820973539e-08, 7.82310962677002e-08, 0.8372427821159363, 0.5468310117721558, -3.91155481338501e-08, -0.5468314290046692, 0.8372430205345154),
            ["LeftUpperLeg"] = CFrame.new(-5.960464477539063e-08, 5.620531737804413e-07, 1.862645149230957e-08, 0.9976741671562195, -0.0346846841275692, 0.0586785189807415, 0.04026193171739578, 0.9944985508918762, -0.09670361876487732, -0.05500157177448273, 0.09884123504161835, 0.993582010269165),
            ["LeftLowerLeg"] = CFrame.new(-5.587935447692871e-09, 5.960464477539063e-08, 1.862645149230957e-09, 1, 4.4703497792397684e-08, 7.450582373280668e-09, -4.6566135836201283e-08, 0.8569242358207703, 0.515442430973053, 6.9849201977945086e-09, -0.5154424905776978, 0.856924295425415),
        }},
        {Time = 0.100, Data = {
            ["RightFoot"] = CFrame.new(-3.5390257835388184e-08, 4.172325134277344e-07, 5.3849362302571535e-08, 0.9379913806915283, 0.2685808539390564, -0.21917259693145752, -0.25389689207077026, 0.9627341628074646, 0.09316311031579971, 0.23602665960788727, -0.03173879534006119, 0.9712281823158264),
            ["LeftLowerArm"] = CFrame.new(-3.8743019104003906e-07, -1.1920928955078125e-07, -3.725290298461914e-08, 1, -6.705521116145974e-08, 4.097818262494002e-08, 1.2014061212539673e-07, 0.39124351739883423, -0.9202871322631836, 4.842877388000488e-08, 0.9202871918678284, 0.39124366641044617),
            ["RightUpperArm"] = CFrame.new(0, 5.960464477539062e-07, -6.984919309616089e-09, 0.470684289932251, -0.4734475314617157, -0.7445158958435059, 0.33934181928634644, 0.8760667443275452, -0.34256991744041443, 0.8144344687461853, -0.0914030522108078, 0.5730113983154297),
            ["Head"] = CFrame.new(7.916241884231567e-09, 2.384185791015625e-07, -7.3196133598685265e-09, 0.7397266626358032, 0.041704632341861725, -0.6716137528419495, -0.1746821403503418, 0.9757629036903381, -0.1318066269159317, 0.649838924407959, 0.21481993794441223, 0.7290829420089722),
            ["RightHand"] = CFrame.new(2.2351741790771484e-08, -1.7881393432617188e-07, -1.434236764907837e-07, 0.9306048154830933, -0.3656545877456665, 0.01648321934044361, 0.34436091780662537, 0.8593714833259583, -0.37801581621170044, 0.12405792623758316, 0.3574596643447876, 0.9256524443626404),
            ["UpperTorso"] = CFrame.new(-1.391163095831871e-08, 2.9802322387695312e-08, 8.381903171539307e-09, 0.9999821186065674, 0.0033091886434704065, -0.004987380933016539, -0.002491259016096592, 0.9877703785896301, 0.1558961570262909, 0.0054422784596681595, -0.1558809131383896, 0.9877609610557556),
            ["HumanoidRootPart"] = CFrame.new(0, 0, 0, 1, 0, 0, 0, 1, 0, 0, 0, 1),
            ["RightUpperLeg"] = CFrame.new(1.1920928955078125e-07, -1.2372038327157497e-07, 8.782080840319395e-09, 0.9818592667579651, -0.1782478243112564, 0.0646539181470871, 0.1868615299463272, 0.9674908518791199, -0.17042404413223267, -0.03217433765530586, 0.17941364645957947, 0.9832475185394287),
            ["LeftUpperArm"] = CFrame.new(0, 4.76837158203125e-07, 1.1175870895385742e-08, 0.9291514158248901, 0.3458174765110016, 0.13072173297405243, -0.32329246401786804, 0.9315468668937683, -0.16644057631492615, -0.1793314665555954, 0.11238717287778854, 0.9773481488227844),
            ["RightLowerArm"] = CFrame.new(-5.960464477539063e-08, 0, -1.4901161193847656e-07, 1, -7.450579175838357e-08, 8.940695295223122e-08, 5.960465188081798e-08, -0.15112760663032532, -0.988514244556427, 1.0430814256778831e-07, 0.9885143041610718, -0.1511276811361313),
            ["LeftHand"] = CFrame.new(1.341104507446289e-07, 1.1920928955078125e-07, 2.9802322387695312e-08, 0.6293209791183472, 0.261698842048645, -0.7317577004432678, -0.4488261938095093, 0.8910797834396362, -0.06731905043125153, 0.6344369053840637, 0.3707972466945648, 0.6782321333885193),
            ["LeftFoot"] = CFrame.new(-7.683411240577698e-08, 0, 1.4901161193847656e-08, 0.996553361415863, 0.04389156773686409, -0.07039259374141693, -0.03687477484345436, 0.9944975972175598, 0.09805557876825333, 0.07430905848741531, -0.09512180089950562, 0.9926882982254028),
            ["LowerTorso"] = CFrame.new(-0.09509918093681335, 0.017882585525512695, -0.0308535099029541, 0.9972009658813477, 0.038793958723545074, -0.06391751766204834, -0.04524994269013405, 0.993665337562561, -0.10286817699670792, 0.05952195078134537, 0.10547249019145966, 0.9926393032073975),
            ["RightLowerLeg"] = CFrame.new(-4.936009645462036e-08, 2.384185791015625e-07, -3.892637323588133e-09, 1, -1.0430816388407038e-07, -4.4703494239684005e-08, 5.960464477539063e-08, 0.7677643895149231, 0.6407320499420166, -3.4924596548080444e-08, -0.64073246717453, 0.7677645683288574),
            ["LeftUpperLeg"] = CFrame.new(0, 1.4994293451309204e-07, 2.2351741790771484e-08, 0.9913009405136108, -0.08363737910985947, -0.10162369906902313, 0.0674116387963295, 0.9858068823814392, -0.15375445783138275, 0.1130409985780716, 0.14556634426116943, 0.9828694462776184),
            ["LeftLowerLeg"] = CFrame.new(-7.636845111846924e-08, 5.960464477539063e-08, 2.9802322387695312e-08, 1, 5.215408194203519e-08, -1.234002677819035e-08, -4.470348358154297e-08, 0.8328444361686707, 0.5535071492195129, 3.3760443329811096e-08, -0.5535072088241577, 0.8328444957733154),
        }},
        {Time = 0.133, Data = {
            ["RightFoot"] = CFrame.new(-2.421438694000244e-08, 3.5762786865234375e-07, 4.489265847951174e-09, 0.9745776653289795, 0.22143429517745972, 0.03413836285471916, -0.22242578864097595, 0.974529504776001, 0.028618594631552696, -0.02693171054124832, -0.035484347492456436, 0.9990073442459106),
            ["LeftLowerArm"] = CFrame.new(1.7881393432617188e-07, 1.7881393432617188e-07, 2.2351741790771484e-08, 1, -8.940694584680386e-08, 1.2665985593685036e-07, 1.3783575525394554e-07, 0.36602523922920227, -0.9306049942970276, 6.705523247774181e-08, 0.9306049942970276, 0.36602503061294556),
            ["RightUpperArm"] = CFrame.new(0, 0, -5.587935447692871e-09, 0.45442524552345276, -0.47459039092063904, -0.7538313269615173, 0.34131327271461487, 0.874436616897583, -0.344769150018692, 0.822801947593689, -0.10062088817358017, 0.5593500733375549),
            ["Head"] = CFrame.new(-2.561137080192566e-09, 0, 1.5425030142068863e-09, 0.7215632200241089, 0.04686418175697327, -0.6907607913017273, -0.16895535588264465, 0.9794619679450989, -0.11003842949867249, 0.6714169979095459, 0.19610749185085297, 0.7146614789962769),
            ["RightHand"] = CFrame.new(1.4156103134155273e-07, 5.960464477539063e-08, -2.0815059542655945e-07, 0.9362111687660217, -0.3512190282344818, 0.01241370476782322, 0.3282723128795624, 0.8613407611846924, -0.38772284984588623, 0.12548330426216125, 0.36706581711769104, 0.9216924905776978),
            ["UpperTorso"] = CFrame.new(-2.8347130864858627e-08, -1.4901161193847656e-07, -2.2118911147117615e-08, 0.9995425343513489, -0.02911439538002014, -0.008201610296964645, 0.030031777918338776, 0.98756343126297, 0.15432624518871307, 0.0036064949817955494, -0.15450195968151093, 0.9879859089851379),
            ["HumanoidRootPart"] = CFrame.new(0, 0, 0, 1, 0, 0, 0, 1, 0, 0, 0, 1),
            ["RightUpperLeg"] = CFrame.new(-8.940696716308594e-08, -1.648440957069397e-07, -1.6596459317952394e-08, 0.952626645565033, -0.23226796090602875, 0.19635224342346191, 0.2708483040332794, 0.9415590167045593, -0.20026947557926178, -0.13836102187633514, 0.2439635992050171, 0.9598634839057922),
            ["LeftUpperArm"] = CFrame.new(1.7881393432617188e-07, -2.384185791015625e-07, 3.725290298461914e-09, 0.9349071383476257, 0.33521735668182373, 0.11652494221925735, -0.31740081310272217, 0.9366689324378967, -0.14801384508609772, -0.1587621420621872, 0.1013941541314125, 0.9820966124534607),
            ["RightLowerArm"] = CFrame.new(5.960464477539063e-08, 2.980232238769531e-07, -3.2782554626464844e-07, 1, -1.3411040811206476e-07, 7.82310962677002e-08, 1.0430814256778831e-07, -0.16618378460407257, -0.9860948324203491, 5.960465188081798e-08, 0.9860947728157043, -0.16618376970291138),
            ["LeftHand"] = CFrame.new(3.725290298461914e-08, 0, -1.7881393432617188e-07, 0.6380496621131897, 0.2540300190448761, -0.7268848419189453, -0.45041877031326294, 0.8887845873832703, -0.08476144075393677, 0.624512255191803, 0.38148489594459534, 0.6815085411071777),
            ["LeftFoot"] = CFrame.new(-2.9336661100387573e-08, -5.960464477539063e-08, -3.725290298461914e-08, 0.9616655111312866, 0.07409943640232086, -0.26402372121810913, -0.05960884317755699, 0.9962639212608337, 0.062490157783031464, 0.2676681876182556, -0.044356491416692734, 0.9624897837638855),
            ["LowerTorso"] = CFrame.new(-0.11120092868804932, -0.00600278377532959, -0.0341673344373703, 0.9968069195747375, 0.06856165081262589, -0.04093031585216522, -0.07267053425312042, 0.9913610816001892, -0.10918895900249481, 0.03309054300189018, 0.11181474477052689, 0.9931780099868774),
            ["RightLowerLeg"] = CFrame.new(2.60770320892334e-08, 5.364418029785156e-07, -3.55576048605144e-08, 1, -1.1362135410308838e-07, -3.7252920748187535e-08, 8.381902460996571e-08, 0.7291007041931152, 0.6844063997268677, -2.9802318834981634e-08, -0.6844063997268677, 0.7291008234024048),
            ["LeftUpperLeg"] = CFrame.new(5.960464477539063e-08, -3.3527612686157227e-07, -7.450580596923828e-09, 0.9595448970794678, -0.12730051577091217, -0.2511339485645294, 0.08165306597948074, 0.9794358015060425, -0.18449470400810242, 0.26945582032203674, 0.15652504563331604, 0.9502070546150208),
            ["LeftLowerLeg"] = CFrame.new(6.891787052154541e-08, 5.960464477539063e-08, -5.960464477539063e-08, 1, 4.656613938891496e-08, 3.725291630729544e-09, -3.911554458113642e-08, 0.8527054786682129, 0.5223919749259949, -5.587934559514451e-09, -0.5223919749259949, 0.8527055382728577),
        }},
        {Time = 0.167, Data = {
            ["RightFoot"] = CFrame.new(1.7462298274040222e-08, 4.76837158203125e-07, 4.639878170564771e-08, 0.9689512848854065, 0.2123536765575409, 0.1266467273235321, -0.20105978846549988, 0.9748364686965942, -0.09627553075551987, -0.1439044177532196, 0.06782287359237671, 0.9872648119926453),
            ["LeftLowerArm"] = CFrame.new(2.384185791015625e-07, 4.172325134277344e-07, 1.6763806343078613e-08, 1, -1.1175869474300271e-07, 1.0430809993522416e-07, 1.071020676590706e-07, 0.3409981429576874, -0.9400639533996582, 4.470347292340193e-08, 0.940064013004303, 0.3409980833530426),
            ["RightUpperArm"] = CFrame.new(0, -2.384185791015625e-07, 5.587935447692871e-09, 0.4466709792613983, -0.4703107476234436, -0.7611130475997925, 0.34589019417762756, 0.8753221035003662, -0.3378923535346985, 0.8251333832740784, -0.11233479529619217, 0.5536566972732544),
            ["Head"] = CFrame.new(-4.71482053399086e-09, 1.1920928955078125e-07, -1.979060471057892e-09, 0.7048250436782837, 0.05957968160510063, -0.7068749070167542, -0.15626728534698486, 0.9850290417671204, -0.07278985530138016, 0.6919553875923157, 0.16176560521125793, 0.7035833597183228),
            ["RightHand"] = CFrame.new(8.195638656616211e-08, -3.5762786865234375e-07, -1.3737007975578308e-07, 0.9423782229423523, -0.33447808027267456, 0.006906719878315926, 0.30948251485824585, 0.863741397857666, -0.3977077901363373, 0.1270589381456375, 0.37692883610725403, 0.9174862504005432),
            ["UpperTorso"] = CFrame.new(3.897730493918061e-08, -1.4901161193847656e-07, 3.5390257835388184e-08, 0.997966468334198, -0.06354517489671707, -0.005011123139411211, 0.06362210959196091, 0.9881707429885864, 0.13953830301761627, -0.003915142733603716, -0.1395733654499054, 0.9902040958404541),
            ["HumanoidRootPart"] = CFrame.new(0, 0, 0, 1, 0, 0, 0, 1, 0, 0, 0, 1),
            ["RightUpperLeg"] = CFrame.new(5.960464477539063e-08, -4.959292709827423e-08, 3.9282895158976316e-08, 0.9389204978942871, -0.29505786299705505, 0.17711403965950012, 0.3290441334247589, 0.9204556941986084, -0.21092966198921204, -0.1007891371846199, 0.2563243508338928, 0.9613216519355774),
            ["LeftUpperArm"] = CFrame.new(0, -1.1920928955078125e-07, -7.450580596923828e-09, 0.9392854571342468, 0.31854447722435, 0.127563014626503, -0.3045695424079895, 0.9451951384544373, -0.11765862256288528, -0.15805140137672424, 0.07166320085525513, 0.9848269820213318),
            ["RightLowerArm"] = CFrame.new(1.1920928955078125e-07, -3.5762786865234375e-07, 1.4901161193847656e-07, 1, -4.470347647611561e-08, 1.0058283805847168e-07, 1.4901159417490817e-08, -0.1674545854330063, -0.9858797788619995, 1.639127589214695e-07, 0.9858798384666443, -0.16745460033416748),
            ["LeftHand"] = CFrame.new(7.450580596923828e-08, 5.960464477539063e-08, -7.450580596923828e-08, 0.6481854319572449, 0.24725237488746643, -0.7202231884002686, -0.4538332521915436, 0.8849207162857056, -0.10464705526828766, 0.6114662289619446, 0.3946918845176697, 0.6858043670654297),
            ["LeftFoot"] = CFrame.new(-4.377216100692749e-08, -5.960464477539063e-08, -2.9802322387695312e-08, 0.9294765591621399, 0.01798548363149166, -0.368442565202713, -0.024843523278832436, 0.9995951056480408, -0.013878004625439644, 0.36804381012916565, 0.022052684798836708, 0.9295470118522644),
            ["LowerTorso"] = CFrame.new(-0.11874312162399292, -0.029118657112121582, -0.03887699544429779, 0.9948222637176514, 0.09782826155424118, -0.027540268376469612, -0.10026241093873978, 0.9890254735946655, -0.10851781815290451, 0.016621917486190796, 0.11071719229221344, 0.9937130212783813),
            ["RightLowerLeg"] = CFrame.new(1.862645149230957e-08, 2.384185791015625e-07, -5.75528247281909e-09, 1, -8.381905303167514e-08, -2.6077039194660756e-08, 1.0617077350616455e-07, 0.7243961691856384, 0.6893836259841919, -2.9802322387695312e-08, -0.6893840432167053, 0.7243965864181519),
            ["LeftUpperLeg"] = CFrame.new(0, -5.122274160385132e-09, 2.9802322387695312e-08, 0.9128633141517639, -0.13256986439228058, -0.38614243268966675, 0.08608969300985336, 0.987050473690033, -0.13535170257091522, 0.39908546209335327, 0.09031471610069275, 0.9124549031257629),
            ["LeftLowerLeg"] = CFrame.new(7.078051567077637e-08, -5.960464477539063e-08, -4.470348358154297e-08, 1, 2.6077040971017595e-08, -2.1420417439799166e-08, -3.3527616238870905e-08, 0.9268471598625183, 0.3754388093948364, 4.377216455964117e-08, -0.37543898820877075, 0.9268471598625183),
        }},
        {Time = 0.200, Data = {
            ["RightFoot"] = CFrame.new(-6.239861249923706e-08, 2.980232238769531e-07, -2.0656443666666746e-08, 0.964529812335968, 0.2248961329460144, 0.13821738958358765, -0.19551251828670502, 0.9604283571243286, -0.19837386906147003, -0.17736148834228516, 0.16431477665901184, 0.9703317880630493),
            ["LeftLowerArm"] = CFrame.new(2.9802322387695312e-08, -4.172325134277344e-07, 0, 1, -5.960464477539063e-08, -3.7252894102834944e-09, 1.0663640637176286e-07, 0.3054606020450592, -0.952204704284668, 6.146727571376687e-08, 0.952204704284668, 0.30546069145202637),
            ["RightUpperArm"] = CFrame.new(1.1920928955078125e-07, 2.384185791015625e-07, 5.587935447692871e-09, 0.4497380256652832, -0.463721364736557, -0.7633469104766846, 0.35008299350738525, 0.8777928948402405, -0.32698854804039, 0.8216919302940369, -0.1201755702495575, 0.5571175813674927),
            ["Head"] = CFrame.new(-9.298673830926418e-09, -2.384185791015625e-07, 6.05359673500061e-09, 0.6928350329399109, 0.06885378062725067, -0.7178014516830444, -0.1333177536725998, 0.9905012845993042, -0.0336686335504055, 0.7086648941040039, 0.11902253329753876, 0.695433497428894),
            ["RightHand"] = CFrame.new(-4.470348358154297e-08, -1.7881393432617188e-07, 3.1711533665657043e-07, 0.9473296999931335, -0.3202579617500305, -0.0011825263500213623, 0.2920670807361603, 0.865443229675293, -0.4070689082145691, 0.13139037787914276, 0.38528281450271606, 0.9133967757225037),
            ["UpperTorso"] = CFrame.new(2.3262600734597072e-08, 2.9802322387695312e-08, 1.900480128824711e-08, 0.9963929057121277, -0.08477497100830078, 0.003792399074882269, 0.0836639255285263, 0.9888466000556946, 0.12321843951940536, -0.014195939525961876, -0.12245667725801468, 0.9923723340034485),
            ["HumanoidRootPart"] = CFrame.new(0, 0, 0, 1, 0, 0, 0, 1, 0, 0, 0, 1),
            ["RightUpperLeg"] = CFrame.new(5.960464477539063e-08, -9.12696123123169e-08, 1.5068508218973875e-08, 0.9321418404579163, -0.3515436351299286, 0.08676937222480774, 0.36204320192337036, 0.9088577032089233, -0.20712901651859283, -0.006046141032129526, 0.22448767721652985, 0.9744580984115601),
            ["LeftUpperArm"] = CFrame.new(-2.384185791015625e-07, 2.384185791015625e-07, 9.778887033462524e-09, 0.9441095590591431, 0.2889065444469452, 0.1587143987417221, -0.27988189458847046, 0.9569387435913086, -0.07703514397144318, -0.17413586378097534, 0.028308311477303505, 0.9843146800994873),
            ["RightLowerArm"] = CFrame.new(5.960464477539063e-08, -4.172325134277344e-07, -2.980232238769531e-07, 1, -1.0430814256778831e-07, 1.0058283805847168e-07, 4.470347647611561e-08, -0.16166594624519348, -0.9868455529212952, 1.2665985593685036e-07, 0.9868456125259399, -0.16166597604751587),
            ["LeftHand"] = CFrame.new(-7.450580596923828e-08, 0, -5.960464477539063e-08, 0.6609059572219849, 0.24167683720588684, -0.7104896306991577, -0.46068447828292847, 0.8780108094215393, -0.12987394630908966, 0.5924298763275146, 0.4131458103656769, 0.6916192770004272),
            ["LeftFoot"] = CFrame.new(6.332993507385254e-08, 5.960464477539063e-08, -1.1175870895385742e-08, 0.9370179176330566, -0.02763417921960354, -0.3481863737106323, 0.008456768468022346, 0.9983680844306946, -0.05647820979356766, 0.3491789996623993, 0.049976661801338196, 0.9357225298881531),
            ["LowerTorso"] = CFrame.new(-0.11940380930900574, -0.045360684394836426, -0.043344855308532715, 0.9932252168655396, 0.11386688798666, -0.02319907769560814, -0.11569326370954514, 0.9876716732978821, -0.10544997453689575, 0.010905813425779343, 0.10741954296827316, 0.9941539764404297),
            ["RightLowerLeg"] = CFrame.new(-5.4016709327697754e-08, 2.384185791015625e-07, 3.5579432733356953e-09, 1, -8.568167686462402e-08, -1.8626460374093767e-08, 1.089647554408657e-07, 0.7402812838554382, 0.6722971796989441, -3.3527616238870905e-08, -0.6722973585128784, 0.7402814030647278),
            ["LeftUpperLeg"] = CFrame.new(-5.960464477539063e-08, 1.0384246706962585e-07, -9.313225746154785e-10, 0.8909530639648438, -0.10909134894609451, -0.44079679250717163, 0.09194204211235046, 0.9939458966255188, -0.060152195394039154, 0.4446902573108673, 0.013064918108284473, 0.8955892324447632),
            ["LeftLowerLeg"] = CFrame.new(7.450580596923828e-08, 2.980232238769531e-07, 3.3527612686157227e-08, 1, 1.862645149230957e-08, -2.7008363545633074e-08, -1.3038517820973539e-08, 0.9726268649101257, 0.23237264156341553, 3.3993277526178645e-08, -0.23237252235412598, 0.9726268649101257),
        }},
        {Time = 0.233, Data = {
            ["RightFoot"] = CFrame.new(1.30385160446167e-08, 1.7881393432617188e-07, -2.438173396512866e-08, 0.9673382639884949, 0.23395110666751862, 0.09758896380662918, -0.21059082448482513, 0.9559816718101501, -0.20432963967323303, -0.14109645783901215, 0.17710483074188232, 0.9740256667137146),
            ["LeftLowerArm"] = CFrame.new(-2.9802322387695312e-08, 0, 2.9802322387695312e-08, 1, -1.0058281674218961e-07, 1.1175870895385742e-07, 8.568166975919667e-08, 0.2597513198852539, -0.9656755924224854, 6.565823440496388e-08, 0.9656755328178406, 0.2597513198852539),
            ["RightUpperArm"] = CFrame.new(-5.960464477539063e-08, -1.1920928955078125e-07, -5.238689482212067e-09, 0.45991042256355286, -0.4593753516674042, -0.7599058151245117, 0.352172315120697, 0.8799630403518677, -0.31881004571914673, 0.8151423335075378, -0.12099367380142212, 0.5664833784103394),
            ["Head"] = CFrame.new(2.5775079848244786e-09, 0, -1.95359461940825e-09, 0.6879166960716248, 0.06780321151018143, -0.7226157188415527, -0.1020820364356041, 0.9947686791419983, -0.0038407188840210438, 0.7185748815536499, 0.07640824466943741, 0.6912394762039185),
            ["RightHand"] = CFrame.new(-4.284083843231201e-08, 0, 1.594889909029007e-07, 0.9501364231109619, -0.311694473028183, -0.009350762702524662, 0.2800755798816681, 0.8661691546440125, -0.4138941466808319, 0.1371079534292221, 0.39063724875450134, 0.9102770090103149),
            ["UpperTorso"] = CFrame.new(2.8230715543031693e-09, 1.1920928955078125e-07, 1.0593794286251068e-08, 0.9962505102157593, -0.08526976406574249, 0.014626393094658852, 0.08315614610910416, 0.9904382228851318, 0.1100786030292511, -0.02387291006743908, -0.10844960808753967, 0.9938153028488159),
            ["HumanoidRootPart"] = CFrame.new(0, 0, 0, 1, 0, 0, 0, 1, 0, 0, 0, 1),
            ["RightUpperLeg"] = CFrame.new(5.960464477539063e-08, 3.413297235965729e-07, 1.227454049512744e-08, 0.9248539805412292, -0.37985628843307495, -0.018829379230737686, 0.3675013780593872, 0.9053264260292053, -0.2129010111093521, 0.09791849553585052, 0.18998238444328308, 0.976892352104187),
            ["LeftUpperArm"] = CFrame.new(-2.384185791015625e-07, 5.960464477539062e-07, -1.7462298274040222e-09, 0.9488885402679443, 0.2468898594379425, 0.19661132991313934, -0.24642787873744965, 0.9687792062759399, -0.027206523343920708, -0.19718989729881287, -0.02263455092906952, 0.9801040887832642),
            ["RightLowerArm"] = CFrame.new(1.1920928955078125e-07, 5.960464477539063e-08, -2.086162567138672e-07, 1, -1.1920926112907182e-07, 1.2665987014770508e-07, 5.960463766996327e-08, -0.13125672936439514, -0.991348385810852, 8.940695295223122e-08, 0.9913484454154968, -0.13125675916671753),
            ["LeftHand"] = CFrame.new(1.043081283569336e-07, 1.1920928955078125e-07, -1.7881393432617188e-07, 0.675146758556366, 0.2362949252128601, -0.6988141536712646, -0.4700179994106293, 0.8679187893867493, -0.16062381863594055, 0.5685596466064453, 0.4369000196456909, 0.6970357894897461),
            ["LeftFoot"] = CFrame.new(-1.955777406692505e-08, -5.960464477539063e-08, 0, 0.9401594400405884, -0.03699244186282158, -0.3387203812599182, 0.026950910687446594, 0.9990480542182922, -0.03430294618010521, 0.33966729044914246, 0.023121394217014313, 0.9402616620063782),
            ["LowerTorso"] = CFrame.new(-0.11612807214260101, -0.0445859432220459, -0.04578973352909088, 0.9934171438217163, 0.11173522472381592, -0.025251314043998718, -0.11370643973350525, 0.9885695576667786, -0.099000483751297, 0.013900838792324066, 0.1012200191617012, 0.9947669506072998),
            ["RightLowerLeg"] = CFrame.new(7.078051567077637e-08, 4.76837158203125e-07, 3.894820110872388e-08, 1, -1.043081283569336e-07, -4.4703494239684005e-08, 1.0803340444454079e-07, 0.7621423006057739, 0.6474092602729797, -2.9802318834981634e-08, -0.6474094986915588, 0.762142539024353),
            ["LeftUpperLeg"] = CFrame.new(-1.7881393432617188e-07, 4.6659260988235474e-07, -1.30385160446167e-08, 0.9054702520370483, -0.06836188584566116, -0.4188680052757263, 0.08845169097185135, 0.9956667423248291, 0.02870776504278183, 0.41509032249450684, -0.06304359436035156, 0.9075932502746582),
            ["LeftLowerLeg"] = CFrame.new(4.0978193283081055e-08, 0, 1.6763806343078613e-08, 1, 1.862645593320167e-09, -2.7939683899802503e-09, -3.725290742551124e-09, 0.996167778968811, 0.0874631255865097, -4.0512535548486994e-08, -0.0874631330370903, 0.996167778968811),
        }},
        {Time = 0.267, Data = {
            ["RightFoot"] = CFrame.new(-2.2351741790771484e-08, 4.172325134277344e-07, -7.617927622050047e-09, 0.9733052849769592, 0.22658000886440277, 0.03658507391810417, -0.21552202105522156, 0.9570866823196411, -0.19374015927314758, -0.07891274988651276, 0.18068371713161469, 0.9803705811500549),
            ["LeftLowerArm"] = CFrame.new(-1.7881393432617188e-07, -2.384185791015625e-07, -1.4901161193847656e-08, 1, -9.313224325069314e-08, 9.685753354915505e-08, 1.0058283805847168e-07, 0.21212583780288696, -0.9772423505783081, 5.541369318962097e-08, 0.9772423505783081, 0.21212589740753174),
            ["RightUpperArm"] = CFrame.new(-5.960464477539063e-08, 5.960464477539062e-07, -1.3969838619232178e-09, 0.4771019220352173, -0.45272916555404663, -0.7532663941383362, 0.3548785150051117, 0.8833651542663574, -0.30614930391311646, 0.8040119409561157, -0.12125357240438461, 0.5821189284324646),
            ["Head"] = CFrame.new(2.10275175049901e-09, -1.1920928955078125e-07, -4.3655745685100555e-11, 0.6885365843772888, 0.05839302018284798, -0.7228469252586365, -0.06636551022529602, 0.9976441264152527, 0.017376331612467766, 0.7221585512161255, 0.03600793331861496, 0.6907896399497986),
            ["RightHand"] = CFrame.new(8.568167686462402e-08, 5.960464477539063e-08, 2.823071554303169e-07, 0.9518716931343079, -0.3059689700603485, -0.017981426790356636, 0.27052178978919983, 0.8662769794464111, -0.41997870802879333, 0.1440773606300354, 0.3949016332626343, 0.9073559045791626),
            ["UpperTorso"] = CFrame.new(-2.0605511963367462e-08, 5.960464477539063e-08, 6.51925802230835e-09, 0.9964084029197693, -0.0803796797990799, 0.026635458692908287, 0.07752656191587448, 0.9924687743186951, 0.09484365582466125, -0.03405836969614029, -0.09243805706501007, 0.9951357841491699),
            ["HumanoidRootPart"] = CFrame.new(0, 0, 0, 1, 0, 0, 0, 1, 0, 0, 0, 1),
            ["RightUpperLeg"] = CFrame.new(0, 7.380731403827667e-08, 2.531305653974414e-08, 0.9120745062828064, -0.3865887224674225, -0.13663582503795624, 0.3496605157852173, 0.9073821306228638, -0.23322764039039612, 0.21414397656917572, 0.16494467854499817, 0.9627749919891357),
            ["LeftUpperArm"] = CFrame.new(0, 0, -1.3969838619232178e-09, 0.9508097171783447, 0.1997315138578415, 0.23678721487522125, -0.2126171588897705, 0.976677417755127, 0.02992245741188526, -0.2252882421016693, -0.07879557460546494, 0.9711006879806519),
            ["RightLowerArm"] = CFrame.new(1.1920928955078125e-07, 0, 2.384185791015625e-07, 1, -1.1920927533992653e-07, 1.005828522693264e-07, 9.685754776000977e-08, -0.07583152502775192, -0.9971206784248352, 9.685754776000977e-08, 0.9971206784248352, -0.07583153992891312),
            ["LeftHand"] = CFrame.new(-1.564621925354004e-07, -5.960464477539063e-08, 4.470348358154297e-08, 0.689723789691925, 0.2309284806251526, -0.6862602233886719, -0.47976386547088623, 0.8556210398674011, -0.19426637887954712, 0.5423170924186707, 0.46323299407958984, 0.7009332776069641),
            ["LeftFoot"] = CFrame.new(4.6566128730773926e-09, 0, 1.1175870895385742e-08, 0.9237064123153687, -0.03885416314005852, -0.38112521171569824, 0.03853936493396759, 0.9992213249206543, -0.008461509831249714, 0.3811575770378113, -0.00687236525118351, 0.9244847893714905),
            ["LowerTorso"] = CFrame.new(-0.10808064043521881, -0.038892269134521484, -0.04754813015460968, 0.9939849376678467, 0.1047627255320549, -0.031919728964567184, -0.10721839964389801, 0.9902761578559875, -0.08864270150661469, 0.022322893142700195, 0.09153188765048981, 0.9955520033836365),
