return {
    ["Pour It Up"] = {
        {Time = 0.000, Data = {
            ["LeftFoot"] = CFrame.new(-4.21423465013504e-08, 0, -5.9371814131736755e-09, 0.9951618313789368, -0.0982239693403244, -0.0022350922226905823, 0.09067234396934509, 0.9269366264343262, -0.3640976548194885, 0.03783494234085083, 0.3621335029602051, 0.9313581585884094),
            ["LeftLowerArm"] = CFrame.new(2.384185791015625e-07, 5.960464477539063e-08, 8.940696716308594e-08, 1, 4.4703490686970326e-08, -4.423782673512733e-09, -4.4703490686970326e-08, 0.9999975562095642, 0.002249992685392499, -5.739276076610622e-08, -0.0022500103805214167, 0.9999975562095642),
            ["LowerTorso"] = CFrame.new(0, -0.1611698865890503, 0, 0.9994660019874573, 0.01299129519611597, -0.02998301014304161, -0.010249469429254532, 0.9959022998809814, 0.08985307812690735, 0.031027454882860184, -0.08949778974056244, 0.9955036044120789),
            ["Head"] = CFrame.new(-4.685716703534126e-09, 1.1920928955078125e-07, 6.2282197177410126e-09, 0.9997182488441467, -0.023734115064144135, -0.0004966690903529525, 0.023734578862786293, 0.9997178912162781, 0.0009382646530866623, 0.00047425914090126753, -0.0009497895953245461, 0.999999463558197),
            ["RightUpperArm"] = CFrame.new(0, 2.384185791015625e-07, 5.587935447692871e-09, 0.6177076697349548, 0.023886047303676605, 0.7860450148582458, 0.04803776368498802, 0.9965260028839111, -0.06803220510482788, -0.7849392294883728, 0.0797838568687439, 0.6144143342971802),
            ["UpperTorso"] = CFrame.new(-3.4924596548080444e-10, 0, 1.0433723218739033e-08, 0.9981210231781006, 0.0013629994355142117, 0.061257798224687576, 0.005940074101090431, 0.9928911328315735, -0.1188783049583435, -0.060984350740909576, 0.11901883035898209, 0.9910174012184143),
            ["HumanoidRootPart"] = CFrame.new(0, 0, 0, 1, 0, 0, 0, 1, 0, 0, 0, 1),
            ["RightHand"] = CFrame.new(-7.450580596923828e-08, 5.960464477539063e-08, -1.341104507446289e-07, 1, 7.450580596923828e-09, -3.259628655882807e-08, 0, 1, 0, -3.166496753692627e-08, -7.450580596923828e-09, 1),
            ["LeftUpperArm"] = CFrame.new(0, 2.384185791015625e-07, 3.725290298461914e-09, 0.7540769577026367, 0.10409371554851532, -0.6484847664833069, -0.1304473578929901, 0.9914272427558899, 0.007454327307641506, 0.6437013745307922, 0.0789719745516777, 0.761191189289093),
            ["RightLowerArm"] = CFrame.new(1.1920928955078125e-07, -2.384185791015625e-07, 8.940696716308594e-08, 1, 0, -3.073364496231079e-08, -9.313225746154785e-09, 0.9948635101318359, -0.10122621059417725, 5.029141902923584e-08, 0.10122622549533844, 0.9948635101318359),
            ["LeftHand"] = CFrame.new(2.9802322387695312e-08, -1.7881393432617188e-07, 4.7497451305389404e-08, 1, -7.450581485102248e-09, -7.566996806929183e-09, 2.980232594040899e-08, 1, 2.7008358216562556e-08, -3.387686220435171e-08, -1.909211455597415e-08, 1),
            ["RightUpperLeg"] = CFrame.new(1.1920928955078125e-07, 2.7474015951156616e-07, 3.090099198743701e-08, 0.9825672507286072, -0.025257064029574394, 0.18418367207050323, 0.1336977183818817, 0.7844000458717346, -0.6056745648384094, -0.12917615473270416, 0.619740903377533, 0.7741025686264038),
            ["LeftUpperLeg"] = CFrame.new(0, -2.8172507882118225e-08, 8.381903171539307e-09, 0.9961053133010864, 0.07603053748607635, -0.04465116932988167, -0.08813002705574036, 0.842828631401062, -0.530917227268219, -0.0027326447889208794, 0.5327844619750977, 0.846246600151062),
            ["RightLowerLeg"] = CFrame.new(-2.60770320892334e-08, -0.000003635883331298828, -0.00001337954745395109, 1, -1.7695130338779563e-07, -9.499494524334295e-08, 1.713633963618122e-07, 0.6731420755386353, 0.7395128011703491, -6.332994928470725e-08, -0.7395131587982178, 0.6731424927711487),
            ["RightFoot"] = CFrame.new(4.284083843231201e-08, 2.384185791015625e-07, 3.894820110872388e-08, 0.9936678409576416, 0.11147242039442062, 0.014079481363296509, -0.10393515974283218, 0.9595354199409485, -0.26170453429222107, -0.04268256947398186, 0.2585843801498413, 0.9650454521179199),
            ["LeftLowerLeg"] = CFrame.new(-2.0489096641540527e-08, 0.000003874301910400391, 0.00001337006688117981, 1, 1.3038519597330378e-08, 5.820767201569765e-10, -1.1175872671742582e-08, 0.6643355488777161, 0.7474343180656433, 0, -0.7474344968795776, 0.6643357276916504),
        }},
        {Time = 0.033, Data = {
            ["LeftFoot"] = CFrame.new(1.2922100722789764e-08, -5.960464477539063e-08, -4.6566128730773926e-09, 0.9937377572059631, -0.11170642822980881, -0.002640512539073825, 0.10346642881631851, 0.9288433194160461, -0.35573139786720276, 0.04219013825058937, 0.3532305657863617, 0.9345846176147461),
            ["LeftLowerArm"] = CFrame.new(1.1920928955078125e-07, -1.1920928955078125e-07, -2.2351741790771484e-08, 1, 3.725290298461914e-08, 2.980232594040899e-08, -2.60770320892334e-08, 0.9863811135292053, -0.16447578370571136, 3.725290298461914e-08, 0.16447575390338898, 0.9863811731338501),
            ["LowerTorso"] = CFrame.new(0.00009550365939503536, -0.15854907035827637, -0.00035366087104193866, 0.9995211958885193, 0.015155673958361149, -0.026974866166710854, -0.012734541669487953, 0.9960597157478333, 0.08776722848415375, 0.028198741376399994, -0.08738169074058533, 0.9957758188247681),
            ["Head"] = CFrame.new(-3.128661774098873e-09, -4.76837158203125e-07, -9.89530235528946e-09, 0.9996455907821655, -0.023997370153665543, -0.01153197418898344, 0.024033667519688606, 0.9997066259384155, 0.0030195116996765137, 0.011456131935119629, -0.003295599017292261, 0.9999289512634277),
            ["RightUpperArm"] = CFrame.new(-1.7881393432617188e-07, -0.0000036954879760742188, 4.470348358154297e-08, 0.6327422261238098, 0.010934168472886086, 0.7742852568626404, 0.04995796084403992, 0.9972408413887024, -0.05490807071328163, -0.7727493643760681, 0.07342439144849777, 0.6304501295089722),
            ["UpperTorso"] = CFrame.new(-3.6088749766349792e-09, 8.940696716308594e-08, 5.602487362921238e-09, 0.9980670809745789, 0.0014090881450101733, 0.062129389494657516, 0.005495928227901459, 0.9938244819641113, -0.1108282282948494, -0.061901871114969254, 0.11095548421144485, 0.9918956756591797),
            ["HumanoidRootPart"] = CFrame.new(0, 0, 0, 1, 0, 0, 0, 1, 0, 0, 0, 1),
            ["RightHand"] = CFrame.new(0, 2.384185791015625e-07, 2.9802322387695312e-08, 1, 0, 2.1420417439799166e-08, 3.7252898543727042e-09, 1, 1.4901159417490817e-08, 5.5879347371501353e-08, 0, 1),
            ["LeftUpperArm"] = CFrame.new(0.00004792213439941406, 0.00024819374084472656, -0.000010292977094650269, 0.7822080850601196, 0.12363532185554504, -0.6106265783309937, -0.13406601548194885, 0.9905532002449036, 0.028822582215070724, 0.6084215044975281, 0.05931902304291725, 0.7913939952850342),
            ["RightLowerArm"] = CFrame.new(-5.960464477539063e-08, -2.980232238769531e-07, 0, 1, -1.4901162970204496e-08, -5.587936335871291e-09, -1.862645149230957e-09, 0.9948635101318359, -0.10122624039649963, 1.5832483768463135e-08, 0.10122621059417725, 0.9948634505271912),
            ["LeftHand"] = CFrame.new(-8.940696716308594e-08, -5.960464477539063e-08, 5.960464477539063e-08, 1, 1.1175873559921001e-08, -2.6077035641947077e-08, -3.725290298461914e-09, 1, 1.862645371275562e-09, 9.313225746154785e-09, 1.862645593320167e-09, 1),
            ["RightUpperLeg"] = CFrame.new(-2.9802322387695312e-08, 9.569339454174042e-08, -3.336026566103101e-08, 0.9825426340103149, -0.05094406008720398, 0.1789267212152481, 0.14955267310142517, 0.788342297077179, -0.5967835783958435, -0.11065293848514557, 0.6131241321563721, 0.7821986079216003),
            ["LeftUpperLeg"] = CFrame.new(2.9802322387695312e-08, 2.766028046607971e-07, 2.7939677238464355e-09, 0.9950476288795471, 0.09238205850124359, -0.036686137318611145, -0.09792207926511765, 0.8476442098617554, -0.5214505791664124, -0.017075881361961365, 0.5224604606628418, 0.8524925112724304),
            ["RightLowerLeg"] = CFrame.new(-8.568167686462402e-08, -0.0000034570693969726562, -0.000013327393389772624, 1, -2.905726432800293e-07, -1.0430815677864302e-07, 2.719461633660103e-07, 0.6816321015357971, 0.7316948771476746, -1.1175869474300271e-07, -0.7316950559616089, 0.6816324591636658),
            ["RightFoot"] = CFrame.new(1.862645149230957e-09, 3.5762786865234375e-07, 2.7772330213338137e-08, 0.9918105006217957, 0.1267397403717041, 0.01577952690422535, -0.11840229481458664, 0.9587425589561462, -0.25844451785087585, -0.04788374528288841, 0.25446000695228577, 0.965897262096405),
            ["LeftLowerLeg"] = CFrame.new(4.936009645462036e-08, 0.0000040531158447265625, 0.000013217329978942871, 1, 6.007030606269836e-08, 1.4901159417490817e-08, -5.308537254222756e-08, 0.6773046851158142, 0.7357025742530823, 1.6763802790364934e-08, -0.735702633857727, 0.6773048639297485),
        }},
        {Time = 0.067, Data = {
            ["LeftFoot"] = CFrame.new(-6.577465683221817e-09, -1.1920928955078125e-07, -1.862645149230957e-09, 0.9897742867469788, -0.14258883893489838, -0.003906385041773319, 0.13330985605716705, 0.9344138503074646, -0.3303018808364868, 0.05074751749634743, 0.32640352845191956, 0.9438673257827759),
            ["LeftLowerArm"] = CFrame.new(-8.940696716308594e-08, 5.960464477539063e-08, 0, 1, -7.450580596923828e-09, 3.725290298461914e-08, -1.862645149230957e-09, 0.8190534114837646, -0.5737173557281494, -1.30385160446167e-08, 0.5737173557281494, 0.8190533518791199),
            ["LowerTorso"] = CFrame.new(0.0003535916330292821, -0.15102970600128174, -0.00113232946023345, 0.9996046423912048, 0.020287111401557922, -0.019469210878014565, -0.018630562350153923, 0.996475338935852, 0.08179119974374771, 0.021059894934296608, -0.08139614015817642, 0.9964593052864075),
            ["Head"] = CFrame.new(-5.413312464952469e-09, 1.1920928955078125e-07, 3.14321368932724e-09, 0.9989938139915466, -0.024616938084363937, -0.037489473819732666, 0.024961449205875397, 0.9996501803398132, 0.008749281987547874, 0.0372609868645668, -0.009676270186901093, 0.9992587566375732),
            ["RightUpperArm"] = CFrame.new(-5.960464477539063e-08, -0.000008821487426757812, 1.4156103134155273e-07, 0.6684352159500122, -0.0220225490629673, 0.7434443235397339, 0.0569109171628952, 0.9981455206871033, -0.02160155028104782, -0.7415899634361267, 0.05674932897090912, 0.6684489250183105),
            ["UpperTorso"] = CFrame.new(-1.1641532182693481e-09, -2.086162567138672e-07, 2.9889633879065514e-08, 0.9979321956634521, 0.0014856396010145545, 0.06425810605287552, 0.004467487335205078, 0.9957118630409241, -0.09240110963582993, -0.06411983072757721, 0.09249711781740189, 0.9936463236808777),
            ["HumanoidRootPart"] = CFrame.new(0, 0, 0, 1, 0, 0, 0, 1, 0, 0, 0, 1),
            ["RightHand"] = CFrame.new(3.725290298461914e-08, 5.960464477539063e-08, -5.960464477539063e-08, 1, -3.725290298461914e-09, -1.862644971595273e-08, 7.450580596923828e-09, 1, 7.4505797087454084e-09, -2.0954757928848267e-08, -1.1175870895385742e-08, 1),
            ["LeftUpperArm"] = CFrame.new(0.0001277327537536621, 0.0006628036499023438, -0.000027416273951530457, 0.8412142992019653, 0.15479950606822968, -0.5180690884590149, -0.15290287137031555, 0.9871381521224976, 0.0466817170381546, 0.5186320543289185, 0.03994493931531906, 0.8540640473365784),
            ["RightLowerArm"] = CFrame.new(1.1920928955078125e-07, 5.960464477539063e-08, 1.9371509552001953e-07, 1, -3.725290298461914e-09, -1.0943040251731873e-07, -1.7316776901310504e-09, 0.9948634505271912, -0.10122621059417725, 3.376043977709742e-08, 0.10122621059417725, 0.9948635101318359),
            ["LeftHand"] = CFrame.new(2.086162567138672e-07, -2.384185791015625e-07, 8.940696716308594e-08, 1, 7.450581485102248e-09, -7.450580596923828e-09, 7.450581485102248e-09, 1, 7.450580596923828e-08, -7.450581485102248e-09, -7.450581485102248e-09, 1),
            ["RightUpperLeg"] = CFrame.new(-2.9802322387695312e-08, -4.161265678703785e-07, 1.227454049512744e-08, 0.9807754158973694, -0.11072151362895966, 0.16068749129772186, 0.18402794003486633, 0.7987064123153687, -0.5728892087936401, -0.06491097807884216, 0.5914463996887207, 0.8037272095680237),
            ["LeftUpperLeg"] = CFrame.new(2.9802322387695312e-08, -2.9621878638863564e-07, 1.30385160446167e-08, 0.9914860129356384, 0.12910987436771393, -0.016920045018196106, -0.12050653249025345, 0.8605619668960571, -0.49488526582717896, -0.049333807080984116, 0.492710679769516, 0.8687936067581177),
            ["RightLowerLeg"] = CFrame.new(-1.862645149230957e-09, -0.0000037550926208496094, -0.000013178381777834147, 1, -2.607702640489151e-07, -1.247972107876194e-07, 2.6449558276908647e-07, 0.707229495048523, 0.7069838047027588, -1.1175869474300271e-07, -0.7069841027259827, 0.707229733467102),
            ["RightFoot"] = CFrame.new(-3.725290298461914e-08, 2.384185791015625e-07, -2.1587766241282225e-08, 0.9869564175605774, 0.15979811549186707, 0.019537491723895073, -0.1502228081226349, 0.9577856659889221, -0.24511145055294037, -0.05788108706474304, 0.23897966742515564, 0.9692981243133545),
            ["LeftLowerLeg"] = CFrame.new(-1.2759119272232056e-07, 0.000003337860107421875, 0.000013278797268867493, 1, 5.355104093496266e-08, 1.862644971595273e-08, -4.656612162534657e-08, 0.7135368585586548, 0.700617790222168, 2.607702853651972e-08, -0.700617790222168, 0.71353679895401),
        }},
        {Time = 0.100, Data = {
            ["LeftFoot"] = CFrame.new(7.264316082000732e-08, -1.7881393432617188e-07, 3.725290298461914e-09, 0.9842754006385803, -0.17653623223304749, -0.006078478880226612, 0.1673072874546051, 0.9427526593208313, -0.2884882688522339, 0.056659162044525146, 0.28293517231941223, 0.9574641585350037),
            ["LeftLowerArm"] = CFrame.new(1.7881393432617188e-07, 5.960464477539063e-08, 5.494803190231323e-08, 1, -2.980232594040899e-08, 2.980232594040899e-08, 4.656613938891496e-08, 0.37777337431907654, -0.9258981943130493, 2.7968788174348447e-08, 0.9258981943130493, 0.37777337431907654),
            ["LowerTorso"] = CFrame.new(0.0007316293776966631, -0.13912653923034668, -0.0019125345861539245, 0.9996050596237183, 0.026356661692261696, -0.009749280288815498, -0.025583628565073013, 0.9970508217811584, 0.07235465943813324, 0.011627553962171078, -0.07207666337490082, 0.9973313212394714),
            ["Head"] = CFrame.new(8.847564458847046e-09, -1.1920928955078125e-07, -4.656612873077393e-10, 0.9973894953727722, -0.02533785067498684, -0.06761790812015533, 0.02656749077141285, 0.9994965195655823, 0.01734810695052147, 0.06714429706335068, -0.01909925788640976, 0.9975605010986328),
            ["RightUpperArm"] = CFrame.new(0, -0.000009894371032714844, 1.6298145055770874e-07, 0.7105610966682434, -0.06605884432792664, 0.7005277872085571, 0.07056620717048645, 0.9972541332244873, 0.022462885826826096, -0.7000881433486938, 0.03347232937812805, 0.7132715582847595),
            ["UpperTorso"] = CFrame.new(1.2514647096395493e-09, -1.4901161193847656e-07, 2.837623469531536e-10, 0.9977577924728394, 0.001515505718998611, 0.0669124498963356, 0.003327852115035057, 0.997383713722229, -0.07221273332834244, -0.0668468326330185, 0.07227348536252975, 0.9951422810554504),
            ["HumanoidRootPart"] = CFrame.new(0, 0, 0, 1, 0, 0, 0, 1, 0, 0, 0, 1),
            ["RightHand"] = CFrame.new(-1.1920928955078125e-07, 5.960464477539063e-08, 1.1920928955078125e-07, 1, 1.8626449271863521e-09, -3.958120942115784e-08, -9.313225746154785e-09, 1, 7.450580596923828e-09, 2.0023435354232788e-08, -1.303851426825986e-08, 1),
            ["LeftUpperArm"] = CFrame.new(0.0001436471939086914, 0.0007455348968505859, -0.00003084307536482811, 0.8985835909843445, 0.16898119449615479, -0.4049602746963501, -0.18805576860904694, 0.9821300506591797, -0.007463317364454269, 0.39646244049072266, 0.08286154270172119, 0.9143038988113403),
            ["RightLowerArm"] = CFrame.new(5.960464477539063e-08, -5.960464477539063e-08, 1.3550743460655212e-07, 1, 1.862645149230957e-09, 2.0954757928848267e-08, 3.725290742551124e-09, 0.9948635101318359, -0.10122621059417725, 4.780304596607721e-09, 0.10122621059417725, 0.9948634505271912),
            ["LeftHand"] = CFrame.new(2.9802322387695312e-08, 1.1920928955078125e-07, 4.470348358154297e-07, 1, -1.4901164746561335e-08, 3.725290298461914e-08, 1.4901161193847656e-08, 1, 1.4901161193847656e-08, 2.2351741790771484e-08, 2.980232949312267e-08, 1),
            ["RightUpperLeg"] = CFrame.new(-2.9802322387695312e-08, -2.7802889235317707e-07, -2.1951564121991396e-08, 0.9760172963142395, -0.17761825025081635, 0.12586571276187897, 0.21759483218193054, 0.8133789300918579, -0.5395064353942871, -0.006550332065671682, 0.5539552569389343, 0.8325207233428955),
            ["LeftUpperLeg"] = CFrame.new(5.960464477539063e-08, 1.0360963642597198e-08, 1.1641532182693481e-08, 0.9858123660087585, 0.16764484345912933, 0.008323783054947853, -0.14571724832057953, 0.8793761730194092, -0.4532814919948578, -0.08331003785133362, 0.4456375539302826, 0.8913285732269287),
            ["RightLowerLeg"] = CFrame.new(-2.3748725652694702e-08, -0.0000037550926208496094, -0.0000133199428091757, 1, -2.2817403078079224e-08, -2.2351745343485163e-08, 4.237518069771795e-08, 0.7464314103126526, 0.6654620170593262, -1.210719524635806e-08, -0.6654624342918396, 0.7464317083358765),
            ["RightFoot"] = CFrame.new(1.909211277961731e-08, 2.980232238769531e-07, 2.4047039914876223e-08, 0.9812061786651611, 0.1915091574192047, 0.02363756112754345, -0.18183909356594086, 0.9586708545684814, -0.21882586181163788, -0.06456783413887024, 0.21041539311408997, 0.9754776358604431),
            ["LeftLowerLeg"] = CFrame.new(8.754432201385498e-08, 0.000004112720489501953, 0.000013334676623344421, 1, 1.7322601308933372e-07, 5.587936158235607e-08, -1.8626455755565985e-07, 0.7671684622764587, 0.6414455771446228, 7.636847243475131e-08, -0.6414457559585571, 0.7671686410903931),
        }},
        {Time = 0.133, Data = {
            ["LeftFoot"] = CFrame.new(-3.67872416973114e-08, -5.960464477539063e-08, 0, 0.9796429872512817, -0.20057742297649384, -0.008263001218438148, 0.19289202988147736, 0.9519118070602417, -0.23802654445171356, 0.055608443915843964, 0.23158717155456543, 0.9712235331535339),
            ["LeftLowerArm"] = CFrame.new(-5.960464477539063e-08, 1.1920928955078125e-07, 1.043081283569336e-07, 1, -9.685753354915505e-08, 1.043081283569336e-07, 8.940696716308594e-08, -0.07066389173269272, -0.9975001811981201, 9.685754776000977e-08, 0.9975001811981201, -0.0706639289855957),
            ["LowerTorso"] = CFrame.new(0.0011869823792949319, -0.12335383892059326, -0.0022708047181367874, 0.9995095133781433, 0.03131651505827904, -0.0000729374514776282, -0.03125583380460739, 0.9977123141288757, 0.05994300916790962, 0.0019499765476211905, -0.059911321848630905, 0.9982019066810608),
            ["Head"] = CFrame.new(-2.444721758365631e-08, 1.1920928955078125e-07, -3.259629011154175e-09, 0.9954928159713745, -0.02608180232346058, -0.09117989987134933, 0.028748324140906334, 0.9991929531097412, 0.028054427355527878, 0.09037461876869202, -0.030549250543117523, 0.9954392910003662),
            ["RightUpperArm"] = CFrame.new(0, -2.384185791015625e-07, -5.587935447692871e-09, 0.7465445399284363, -0.11300216615200043, 0.6556689143180847, 0.09087055176496506, 0.9935541152954102, 0.06777025014162064, -0.6591007113456726, 0.00898748729377985, 0.7520009875297546),
            ["UpperTorso"] = CFrame.new(3.9071892388165e-09, -2.682209014892578e-07, -1.4893771549395751e-08, 0.9975906610488892, 0.001482593477703631, 0.0693589299917221, 0.002613819669932127, 0.9982585906982422, -0.05893309786915779, -0.0693255066871643, 0.05897241085767746, 0.9958494901657104),
            ["HumanoidRootPart"] = CFrame.new(0, 0, 0, 1, 0, 0, 0, 1, 0, 0, 0, 1),
            ["RightHand"] = CFrame.new(2.5331974029541016e-07, 5.960464477539063e-08, 5.960464477539063e-08, 1, 2.3283066585833012e-09, -2.7939677238464355e-09, 4.6566128730773926e-09, 1, -3.259629011154175e-09, -3.166496753692627e-08, 6.519258910486769e-09, 1),
            ["LeftUpperArm"] = CFrame.new(0, 1.1920928955078125e-07, -1.3969838619232178e-08, 0.940150797367096, 0.15432670712471008, -0.3038088083267212, -0.22273431718349457, 0.9530521035194397, -0.20513726770877838, 0.2578873634338379, 0.26052865386009216, 0.9303865432739258),
            ["RightLowerArm"] = CFrame.new(5.960464477539063e-08, -5.960464477539063e-08, 8.940696716308594e-08, 1, -1.3969838619232178e-09, -3.259628655882807e-08, 0, 0.9948634505271912, -0.10122619569301605, 2.4680044674596502e-08, 0.10122621804475784, 0.9948634505271912),
            ["LeftHand"] = CFrame.new(-2.9802322387695312e-08, 0, 3.5762786865234375e-07, 1, 7.450581485102248e-09, -7.450580596923828e-09, 0, 1, 7.078051567077637e-08, 1.1175872671742582e-08, -4.0978196835794733e-08, 1),
            ["RightUpperLeg"] = CFrame.new(0, -1.4199031284078956e-07, 8.13452061265707e-09, 0.9715126752853394, -0.2245049774646759, 0.07589948922395706, 0.2315557301044464, 0.8310667276382446, -0.5056778788566589, 0.050449665635824203, 0.5088472962379456, 0.8593772649765015),
            ["LeftUpperLeg"] = CFrame.new(0, -2.990855136886239e-07, -3.004970494657755e-09, 0.9810658097267151, 0.19146379828453064, 0.029180750250816345, -0.16412533819675446, 0.9018833041191101, -0.3995867669582367, -0.10282403230667114, 0.38723161816596985, 0.9162309169769287),
            ["RightLowerLeg"] = CFrame.new(-3.259629011154175e-08, -0.0000037550926208496094, -0.00001333856926066801, 1, -1.1175873737556685e-07, -5.587935447692871e-08, 1.1362129725966952e-07, 0.7861476540565491, 0.6180384159088135, -2.6077019654735523e-08, -0.6180387735366821, 0.786147952079773),
            ["RightFoot"] = CFrame.new(3.259629011154175e-09, 2.384185791015625e-07, -1.3205863069742918e-08, 0.9786901473999023, 0.2036847174167633, 0.026039933785796165, -0.19540655612945557, 0.9627842903137207, -0.18671584129333496, -0.06310207396745682, 0.1776488721370697, 0.9820688366889954),
            ["LeftLowerLeg"] = CFrame.new(9.499490261077881e-08, 0.000004172325134277344, 0.000013158656656742096, 1, 2.4214383387288763e-08, -3.7252894102834944e-09, -3.7252889661942845e-09, 0.826374888420105, 0.5631203055381775, 1.30385116037246e-08, -0.563120424747467, 0.8263750076293945),
        }},
        {Time = 0.167, Data = {
            ["LeftFoot"] = CFrame.new(-6.984919309616089e-08, 0, 7.450580596923828e-09, 0.9769512414932251, -0.21324126422405243, -0.009729430079460144, 0.20780661702156067, 0.9604980945587158, -0.1850942224264145, 0.04881478101015091, 0.17880591750144958, 0.9826726317405701),
            ["LeftLowerArm"] = CFrame.new(5.960464477539063e-08, 2.980232238769531e-07, 2.980232238769531e-07, 1, -8.009374852235851e-08, 8.940698137394065e-08, 7.450580596923828e-08, -0.29380497336387634, -0.9558654427528381, 9.685754776000977e-08, 0.9558654427528381, -0.29380494356155396),
            ["LowerTorso"] = CFrame.new(0.0016669885953888297, -0.10508882999420166, -0.001954547595232725, 0.9994038939476013, 0.03357016667723656, 0.008068807423114777, -0.03390068560838699, 0.9984080195426941, 0.04508160799741745, -0.006542564369738102, -0.04532826691865921, 0.9989508390426636),
            ["Head"] = CFrame.new(-1.7062120605260134e-08, 4.76837158203125e-07, 2.9103830456733704e-09, 0.9945493340492249, -0.026864755898714066, -0.10074768215417862, 0.03104461170732975, 0.9987112283706665, 0.040152329951524734, 0.09953918308019638, -0.04306114464998245, 0.9941015243530273),
            ["RightUpperArm"] = CFrame.new(2.384185791015625e-07, 0.000023484230041503906, -3.6135315895080566e-07, 0.7688271403312683, -0.1568402647972107, 0.6199242472648621, 0.1153436228632927, 0.9875670671463013, 0.1068049818277359, -0.6289680004119873, -0.0106102479621768, 0.7773588299751282),
            ["UpperTorso"] = CFrame.new(2.459273673593998e-09, -8.940696716308594e-08, -1.4159013517200947e-08, 0.9974650144577026, 0.0014237052528187633, 0.07114490866661072, 0.0027651218697428703, 0.9982693195343018, -0.05874432623386383, -0.07110540568828583, 0.058792129158973694, 0.9957347512245178),
            ["HumanoidRootPart"] = CFrame.new(0, 0, 0, 1, 0, 0, 0, 1, 0, 0, 0, 1),
            ["RightHand"] = CFrame.new(1.4901161193847656e-08, 1.7881393432617188e-07, -6.705522537231445e-08, 1, -1.1175870895385742e-08, -1.3504177331924438e-08, 0, 1, -1.862645149230957e-09, 1.5832483768463135e-08, -1.862645149230957e-09, 1),
            ["LeftUpperArm"] = CFrame.new(-0.0003352165222167969, -0.0017396211624145508, 0.00007196888327598572, 0.9677789211273193, 0.10896460711956024, -0.22700394690036774, -0.22264935076236725, 0.7913751602172852, -0.5693441033363342, 0.11760695278644562, 0.6015414595603943, 0.7901370525360107),
            ["RightLowerArm"] = CFrame.new(0, 1.7881393432617188e-07, 1.4901161193847656e-08, 1, 0, 4.563480615615845e-08, 1.955777406692505e-08, 0.9920684695243835, -0.1256985366344452, -7.916241884231567e-09, 0.125698521733284, 0.9920685291290283),
            ["LeftHand"] = CFrame.new(9.685754776000977e-08, 0, 7.450580596923828e-08, 1, -9.313226634333205e-09, 3.725290298461914e-09, -1.862645149230957e-09, 1, 3.166496753692627e-08, -1.4901161193847656e-08, -3.725290742551124e-09, 1),
            ["RightUpperLeg"] = CFrame.new(5.960464477539063e-08, -2.4389009922742844e-08, -1.7527781892567873e-08, 0.968487024307251, -0.2481738030910492, 0.02104172296822071, 0.22867844998836517, 0.8525629043579102, -0.4699392318725586, 0.09868718683719635, 0.459941565990448, 0.8824480772018433),
            ["LeftUpperLeg"] = CFrame.new(0, 2.956221578642726e-08, -1.909211277961731e-08, 0.9785740971565247, 0.20134364068508148, 0.043053239583969116, -0.1754917949438095, 0.9249946475028992, -0.33702757954597473, -0.10768236964941025, 0.3222508728504181, 0.9405099749565125),
            ["RightLowerLeg"] = CFrame.new(-1.0058283805847168e-07, -0.0000035762786865234375, -0.000013368371583055705, 1, -7.450580596923828e-09, -3.1664978195067306e-08, 1.4901161193847656e-08, 0.8233761787414551, 0.5674956440925598, -6.51925802230835e-09, -0.5674960613250732, 0.8233764171600342),
            ["RightFoot"] = CFrame.new(5.587935447692871e-09, 4.172325134277344e-07, -2.8107024263590574e-08, 0.9794540405273438, 0.1999310851097107, 0.026409273967146873, -0.19364307820796967, 0.968954861164093, -0.15371684730052948, -0.056322187185287476, 0.145444855093956, 0.9877620339393616),
            ["LeftLowerLeg"] = CFrame.new(8.009374141693115e-08, 0.000003814697265625, 0.000013303011655807495, 1, 4.8428763221863846e-08, 1.8626460374093767e-08, -5.21540641784668e-08, 0.881684422492981, 0.4718400239944458, 7.450580596923828e-09, -0.47183969616889954, 0.8816843032836914),
        }},
        {Time = 0.200, Data = {
            ["LeftFoot"] = CFrame.new(-1.3131648302078247e-07, 1.7881393432617188e-07, -7.450580596923828e-09, 0.9750562310218811, -0.22168217599391937, -0.011060462333261967, 0.21832190454006195, 0.9668747782707214, -0.13224533200263977, 0.040010519325733185, 0.12653183937072754, 0.9911553263664246),
            ["LeftLowerArm"] = CFrame.new(-1.1920928955078125e-07, -1.1920928955078125e-07, -1.1920928955078125e-07, 1, -7.869675044958058e-08, 1.2014059791454201e-07, 7.450580596923828e-08, -0.36157870292663574, -0.9323416352272034, 1.1175870895385742e-07, 0.9323416352272034, -0.3615785837173462),
            ["LowerTorso"] = CFrame.new(0.0020788763649761677, -0.08915817737579346, -0.0013946874532848597, 0.9993093609809875, 0.033509861677885056, 0.016060510650277138, -0.03395365551114082, 0.9990254044532776, 0.0282064788043499, -0.01509966142475605, -0.028732314705848694, 0.9994730949401855),
            ["Head"] = CFrame.new(1.862645149230957e-09, 0, -4.190951585769653e-09, 0.9944417476654053, -0.027016926556825638, -0.10176354646682739, 0.032529570162296295, 0.9980695247650146, 0.052906859666109085, 0.10013771057128906, -0.055923108011484146, 0.9934008121490479),
            ["RightUpperArm"] = CFrame.new(5.960464477539062e-07, 0.00004374980926513672, -6.817281246185303e-07, 0.7798874974250793, -0.19487619400024414, 0.5948099493980408, 0.139982208609581, 0.9805309176445007, 0.1377108097076416, -0.6100660562515259, -0.024136126041412354, 0.791982889175415),
            ["UpperTorso"] = CFrame.new(2.473825588822365e-09, 5.960464477539063e-08, 7.275957614183426e-10, 0.9973359107971191, 0.0013571128947660327, 0.07293397188186646, 0.0036014255601912737, 0.9976916909217834, -0.06781212985515594, -0.07285763323307037, 0.06789413839578629, 0.9950287342071533),
            ["HumanoidRootPart"] = CFrame.new(0, 0, 0, 1, 0, 0, 0, 1, 0, 0, 0, 1),
            ["RightHand"] = CFrame.new(-1.1920928955078125e-07, -2.980232238769531e-07, -4.470348358154297e-08, 1, 3.725290742551124e-09, -6.146729703004894e-08, -1.30385160446167e-08, 1, 1.1175872671742582e-08, -2.60770320892334e-08, 7.450581485102248e-09, 1),
            ["LeftUpperArm"] = CFrame.new(-0.0006384849548339844, -0.0033141374588012695, 0.00013709813356399536, 0.9845461249351501, 0.0609363429248333, -0.1641823947429657, -0.1741345077753067, 0.4402579963207245, -0.88082355260849, 0.018608439713716507, 0.8958012461662292, 0.4440653324127197),
            ["RightLowerArm"] = CFrame.new(5.960464477539063e-08, -5.960464477539063e-08, 5.960464477539063e-08, 1, -1.1175870895385742e-08, -6.05359673500061e-08, 0, 0.9830435514450073, -0.1833721548318863, -1.210719347000122e-08, 0.1833721548318863, 0.9830435514450073),
            ["LeftHand"] = CFrame.new(-8.195638656616211e-08, 5.960464477539063e-08, -2.2351741790771484e-08, 1, 4.656613761255812e-09, 7.450581485102248e-09, 3.2596298993325945e-09, 1, 2.421439049271612e-08, 2.328306969445748e-08, 5.587936779960501e-09, 1),
            ["RightUpperLeg"] = CFrame.new(-1.4901161193847656e-07, 3.300374373793602e-08, 7.617927622050047e-09, 0.9641399383544922, -0.26352065801620483, -0.03148354962468147, 0.22497689723968506, 0.8744651675224304, -0.4297628402709961, 0.1407826691865921, 0.4072684049606323, 0.9023928046226501),
            ["LeftUpperLeg"] = CFrame.new(1.1920928955078125e-07, 4.9578375183045864e-08, 3.725290298461914e-09, 0.9766914248466492, 0.20768684148788452, 0.05422409251332283, -0.1856624037027359, 0.9441724419593811, -0.27215421199798584, -0.10771974921226501, 0.2557433247566223, 0.9607246518135071),
            ["RightLowerLeg"] = CFrame.new(3.725290298461914e-08, -0.000003635883331298828, -0.000013293865777086467, 1, -1.3597308168300515e-07, -2.4214383387288763e-08, 1.2665987014770508e-07, 0.8578886985778809, 0.5138351321220398, -4.470348358154297e-08, -0.5138354897499084, 0.85788893699646),
            ["RightFoot"] = CFrame.new(5.960464477539063e-08, 0, 2.2184394765645266e-08, 0.980248212814331, 0.19599279761314392, 0.026464035734534264, -0.1914646178483963, 0.9739777445793152, -0.12127947062253952, -0.04954531043767929, 0.11381734162569046, 0.9922656416893005),
            ["LeftLowerLeg"] = CFrame.new(7.636845111846924e-08, 0.000003814697265625, 0.000013306736946105957, 1, 6.891786341611805e-08, -5.5879341154252415e-09, -6.332992796842518e-08, 0.9264867305755615, 0.37632742524147034, 1.4901159417490817e-08, -0.3763274550437927, 0.9264867305755615),
        }},
        {Time = 0.233, Data = {
            ["LeftFoot"] = CFrame.new(-3.864988684654236e-08, 0, 1.30385160446167e-08, 0.9737073183059692, -0.22746841609477997, -0.01234436221420765, 0.22523342072963715, 0.9694254398345947, -0.09738719463348389, 0.034119438380002975, 0.09204621613025665, 0.9951701164245605),
            ["LeftLowerArm"] = CFrame.new(-8.940696716308594e-08, 0, -6.146728992462158e-08, 1, -7.450580596923828e-08, 1.0803341865539551e-07, 8.24220549588972e-08, -0.35146641731262207, -0.9362005591392517, 1.1781231989971275e-07, 0.9362005591392517, -0.35146647691726685),
            ["LowerTorso"] = CFrame.new(0.0023198467679321766, -0.08125114440917969, -0.0011930267792195082, 0.9991474747657776, 0.03207918629050255, 0.025985393673181534, -0.032340869307518005, 0.9994297027587891, 0.009713338688015938, -0.025658978149294853, -0.010545448400080204, 0.9996151328086853),
            ["Head"] = CFrame.new(0, 1.1920928955078125e-07, -6.51925802230835e-08, 0.9943732619285583, -0.025496862828731537, -0.10281955450773239, 0.032349634915590286, 0.9973253607749939, 0.06554150581359863, 0.1008734330534935, -0.0684988796710968, 0.9925383925437927),
            ["RightUpperArm"] = CFrame.new(5.960464477539062e-07, 0.00004291534423828125, -7.227063179016113e-07, 0.7840110659599304, -0.22476327419281006, 0.5786260962486267, 0.1611359417438507, 0.9738820195198059, 0.1599661111831665, -0.5994679927825928, -0.03217771649360657, 0.7997517585754395),
            ["UpperTorso"] = CFrame.new(-2.051820047199726e-09, 0, 7.8580342233181e-10, 0.9971323609352112, 0.0012824888108298182, 0.0756671279668808, 0.004772969521582127, 0.9968001246452332, -0.07979246228933334, -0.07552732527256012, 0.0799247995018959, 0.9939354658126831),
            ["HumanoidRootPart"] = CFrame.new(0, 0, 0, 1, 0, 0, 0, 1, 0, 0, 0, 1),
            ["RightHand"] = CFrame.new(5.960464477539063e-08, 1.7881393432617188e-07, -2.9802322387695312e-08, 1, 0, 3.7252898543727042e-09, 3.725290298461914e-09, 1, 4.656612428988183e-09, -1.862645149230957e-09, -2.7939672797572257e-09, 1),
            ["LeftUpperArm"] = CFrame.new(-0.0006227493286132812, -0.003231048583984375, 0.00013361871242523193, 0.9907088875770569, 0.02467694878578186, -0.13374274969100952, -0.13570579886436462, 0.11468876898288727, -0.9840887188911438, -0.008945506066083908, 0.9930949211120605, 0.116971954703331),
            ["RightLowerArm"] = CFrame.new(-8.940696716308594e-08, 5.960464477539063e-08, -2.9802322387695312e-08, 1, -1.4901161193847656e-08, 5.587935447692871e-09, 1.862645149230957e-08, 0.9681031107902527, -0.25055211782455444, -3.073364496231079e-08, 0.25055211782455444, 0.9681031107902527),
            ["LeftHand"] = CFrame.new(4.284083843231201e-08, -2.384185791015625e-07, -1.564621925354004e-07, 1, 3.725290742551124e-09, 7.450580596923828e-09, -1.862645149230957e-08, 1, 6.239861249923706e-08, -1.4901161193847656e-08, 1.862645371275562e-09, 1),
            ["RightUpperLeg"] = CFrame.new(0, 2.4221662897616625e-07, 1.673470251262188e-10, 0.9584753513336182, -0.27437254786491394, -0.077748142182827, 0.22246676683425903, 0.8899588584899902, -0.3980977535247803, 0.17841970920562744, 0.3642703890800476, 0.9140422940254211),
            ["LeftUpperLeg"] = CFrame.new(-1.1920928955078125e-07, -3.6030542105436325e-08, -1.862645149230957e-09, 0.9754862189292908, 0.21266520023345947, 0.05657080560922623, -0.19504158198833466, 0.9545727968215942, -0.2252763956785202, -0.10190940648317337, 0.2087203562259674, 0.9726511240005493),
            ["RightLowerLeg"] = CFrame.new(1.0803341865539551e-07, -0.0000036954879760742188, -0.0000133981739054434, 1, -7.450580596923828e-08, -1.1175869119028903e-08, 7.450580596923828e-08, 0.8762743473052979, 0.48181241750717163, -7.450580596923828e-09, -0.48181256651878357, 0.8762744665145874),
            ["RightFoot"] = CFrame.new(-9.313225746154785e-09, 2.384185791015625e-07, 2.2184394765645266e-08, 0.9808310866355896, 0.19307515025138855, 0.026315145194530487, -0.1894616335630417, 0.976489245891571, -0.10282488167285919, -0.04554935172200203, 0.09586834162473679, 0.994351327419281),
            ["LeftLowerLeg"] = CFrame.new(5.587935447692871e-09, 0.000003814697265625, 0.000013295561075210571, 1, 2.2351738238057806e-08, 1.4901159417490817e-08, -3.91155481338501e-08, 0.9492505192756653, 0.31452107429504395, -1.1175870895385742e-08, -0.31452110409736633, 0.9492505192756653),
        }},
        {Time = 0.267, Data = {
            ["LeftFoot"] = CFrame.new(6.239861249923706e-08, 5.960464477539063e-08, 0, 0.9725924730300903, -0.23210987448692322, -0.01374482735991478, 0.2293321192264557, 0.9673450589179993, -0.10793682932853699, 0.03834911063313484, 0.1018262431025505, 0.9940627813339233),
            ["LeftLowerArm"] = CFrame.new(-5.960464477539063e-08, 0, -4.7497451305389404e-07, 1, -1.0058285937475375e-07, 1.192093321833454e-07, 9.406358003616333e-08, -0.31103137135505676, -0.9503996968269348, 1.2922100722789764e-07, 0.9503996968269348, -0.31103140115737915),
            ["LowerTorso"] = CFrame.new(0.0022871014662086964, -0.08705675601959229, -0.001951369340531528, 0.998744547367096, 0.0302936639636755, 0.03989582136273384, -0.029917096719145775, 0.9995023608207703, -0.010002323426306248, -0.040178973227739334, 0.008796198293566704, 0.9991537928581238),
            ["Head"] = CFrame.new(-9.313225746154785e-09, -1.1920928955078125e-07, -5.3085386753082275e-08, 0.9934322237968445, -0.021048255264759064, -0.11247014999389648, 0.029863592237234116, 0.9965622425079346, 0.07727885991334915, 0.11045689880847931, -0.08013007789850235, 0.9906455278396606),
            ["RightUpperArm"] = CFrame.new(-1.7881393432617188e-07, -2.384185791015625e-07, -4.190951585769653e-08, 0.7851580381393433, -0.24386002123355865, 0.5692621469497681, 0.17566145956516266, 0.9691516160964966, 0.17288222908973694, -0.5938603281974792, -0.03574243187904358, 0.803773820400238),
            ["UpperTorso"] = CFrame.new(-3.776222001761198e-09, 1.4901161193847656e-07, 7.566995918750763e-10, 0.9967714548110962, 0.0011930569307878613, 0.08028283715248108, 0.00592366699129343, 0.9960719347000122, -0.08834902942180634, -0.08007289469242096, 0.08853935450315475, 0.9928490519523621),
            ["HumanoidRootPart"] = CFrame.new(0, 0, 0, 1, 0, 0, 0, 1, 0, 0, 0, 1),
            ["RightHand"] = CFrame.new(-2.384185791015625e-07, -2.384185791015625e-07, 2.9802322387695312e-08, 1, 2.3166649043560028e-08, -1.1175869119028903e-08, 1.862645149230957e-09, 1, 2.051819825155121e-09, 3.725290298461914e-09, -6.941263563930988e-09, 1),
            ["LeftUpperArm"] = CFrame.new(1.1920928955078125e-07, -3.5762786865234375e-07, -2.2351741790771484e-08, 0.9857126474380493, -0.006813067942857742, -0.16829803586006165, -0.1677102893590927, 0.0529438816010952, -0.9844136238098145, 0.01561722718179226, 0.9985742568969727, 0.05104482173919678),
            ["RightLowerArm"] = CFrame.new(5.960464477539063e-08, 3.5762786865234375e-07, -7.450580596923828e-08, 1, -6.625487003475428e-08, -8.568167686462402e-08, 1.1175870895385742e-08, 0.9525361061096191, -0.3044256567955017, 3.5390257835388184e-08, 0.3044256567955017, 0.9525361061096191),
            ["LeftHand"] = CFrame.new(3.0174851417541504e-07, 3.5762786865234375e-07, 1.4901161193847656e-08, 1, -1.4901164746561335e-08, 3.725290742551124e-09, 3.725290742551124e-09, 1, 2.8871003365793513e-08, 3.725290742551124e-09, -1.862645593320167e-09, 1),
            ["RightUpperLeg"] = CFrame.new(1.1920928955078125e-07, -1.4268152881413698e-07, 7.617927622050047e-09, 0.9512076377868652, -0.2871904969215393, -0.11280842870473862, 0.223112091422081, 0.8927379250526428, -0.39145907759666443, 0.21313166618347168, 0.3471897840499878, 0.9132547378540039),
            ["LeftUpperLeg"] = CFrame.new(-5.960464477539063e-08, -8.870847523212433e-08, 1.862645149230957e-09, 0.9749082326889038, 0.21871992945671082, 0.04142055660486221, -0.20393745601177216, 0.9521375298500061, -0.22769221663475037, -0.08923889696598053, 0.21353180706501007, 0.9728518128395081),
            ["RightLowerLeg"] = CFrame.new(-4.842877388000488e-08, -0.0000036954879760742188, -0.000013230535842012614, 1, -1.1175875158642157e-07, -7.450582373280668e-09, 1.4901166878189542e-07, 0.8648366928100586, 0.5020530819892883, -1.4901166522918174e-08, -0.502053439617157, 0.8648368120193481),
            ["RightFoot"] = CFrame.new(-3.725290298461914e-09, 2.980232238769531e-07, -4.487083060666919e-08, 0.9809673428535461, 0.19241206347942352, 0.026092657819390297, -0.18828870356082916, 0.9754427075386047, -0.11427589505910873, -0.04744001477956772, 0.10718817263841629, 0.9931064248085022),
