return {
    ["Powered Up"] = {
        {Time = 0.000, Data = {
            ["LeftFoot"] = CFrame.new(1.1362135410308838e-07, -5.960464477539063e-08, -1.5832483768463135e-08, 0.9652413725852966, -0.08316110819578171, 0.24777726829051971, 0.0868951752781868, 0.9962088465690613, -0.004151992499828339, -0.2464924156665802, 0.02553800493478775, 0.968808114528656),
            ["LeftLowerArm"] = CFrame.new(-8.940696716308594e-07, -0.0000032186508178710938, 0.00000278279185295105, 1, -9.313222193441106e-08, 2.9802283307844846e-08, 1.490115550950577e-07, 0.12795154750347137, -0.9917804002761841, 1.1594961790706293e-07, 0.9917804598808289, 0.1279515027999878),
            ["LowerTorso"] = CFrame.new(-0.31398504972457886, -0.1054689884185791, 0.308427631855011, 0.9937669038772583, 0.003901976626366377, -0.11141042411327362, 0.006384571548551321, 0.9957548379898071, 0.09182434529066086, 0.11129576712846756, -0.09196329861879349, 0.9895231127738953),
            ["Head"] = CFrame.new(-2.5704503059387207e-07, -8.344650268554688e-07, -1.564621925354004e-07, 0.9996922016143799, 0.0035754134878516197, 0.024551304057240486, -0.004844090901315212, 0.9986453652381897, 0.05180780962109566, -0.024332717061042786, -0.05191110447049141, 0.9983552694320679),
            ["RightUpperArm"] = CFrame.new(-4.76837158203125e-07, 0.0000011920928955078125, -7.152557373046875e-07, 0.20774321258068085, -0.276782751083374, 0.9382079243659973, 0.7973535656929016, 0.6035105586051941, 0.0014884878182783723, -0.5666304230690002, 0.7477742433547974, 0.3460688889026642),
            ["UpperTorso"] = CFrame.new(-5.494803190231323e-08, 0.0000029802322387695312, -1.1548399925231934e-07, 0.9942625164985657, -0.03395421802997589, -0.10143598914146423, 0.052443165332078934, 0.981226921081543, 0.18558982014656067, 0.0932302251458168, -0.18984471261501312, 0.9773777723312378),
            ["HumanoidRootPart"] = CFrame.new(0, 0, 0, 1, 0, 0, 0, 1, 0, 0, 0, 1),
            ["RightHand"] = CFrame.new(4.917383193969727e-07, 1.7881393432617188e-07, -5.364418029785156e-07, 0.7700986862182617, 0.19048884510993958, -0.6088202595710754, -0.20794981718063354, 0.9772064685821533, 0.04271393641829491, 0.6030795574188232, 0.09371014684438705, 0.7921575307846069),
            ["LeftUpperArm"] = CFrame.new(0, -0.0000015497207641601562, 5.960464477539063e-08, 0.6173840165138245, 0.3262757956981659, -0.7158081531524658, -0.5798479914665222, 0.8036631941795349, -0.13379709422588348, 0.5316139459609985, 0.49766409397125244, 0.6853591203689575),
            ["RightLowerArm"] = CFrame.new(0.0000027418136596679688, 9.5367431640625e-07, 0.0000011026859283447266, 1, -2.2351688500066302e-08, 4.470343029083779e-08, 1.1920936060505483e-07, 0.01861850917339325, -0.9998266696929932, 1.2665994120197865e-07, 0.9998267292976379, 0.018618561327457428),
            ["LeftHand"] = CFrame.new(-5.364418029785156e-07, -2.384185791015625e-07, -2.384185791015625e-07, 0.7552094459533691, 0.05990874767303467, 0.6527402400970459, 0.047700900584459305, 0.9881513714790344, -0.14588187634944916, -0.6537455916404724, 0.1413075476884842, 0.743403434753418),
            ["RightUpperLeg"] = CFrame.new(8.344650268554688e-07, -0.00000227062264457345, 2.441738615743816e-07, 0.6086069941520691, -0.374165415763855, -0.6997126340866089, 0.11328304558992386, 0.9137767553329468, -0.39010143280029297, 0.7853435277938843, 0.15815305709838867, 0.5985174775123596),
            ["LeftUpperLeg"] = CFrame.new(-4.76837158203125e-07, -6.28642737865448e-09, 7.450580596923828e-09, 0.894401490688324, 0.2890278995037079, 0.34133413434028625, -0.05514738708734512, 0.8285982608795166, -0.5571205019950867, -0.4438522160053253, 0.47946614027023315, 0.7570388317108154),
            ["RightLowerLeg"] = CFrame.new(1.4901161193847656e-08, -0.00012230873107910156, -0.00007742473826510832, 1, -5.215408194203519e-08, -8.195634393359796e-08, 1.0989606380462646e-07, 0.8183382153511047, 0.5747360587120056, 7.450580596923828e-09, -0.5747369527816772, 0.8183388113975525),
            ["RightFoot"] = CFrame.new(1.1175870895385742e-08, 2.980232238769531e-07, -2.029992174357176e-09, 0.9911082983016968, 0.1279054880142212, 0.036670200526714325, -0.11748705059289932, 0.9706026315689087, -0.21006545424461365, -0.06246073544025421, 0.20388925075531006, 0.9769994020462036),
            ["LeftLowerLeg"] = CFrame.new(1.341104507446289e-07, 0.0001220703125, 0.00007749348878860474, 1, 3.539024007181979e-08, 2.8172504329404546e-08, -7.450581485102248e-09, 0.8563579320907593, 0.5163825750350952, 1.862645326866641e-08, -0.51638263463974, 0.856357991695404),
        }},
        {Time = 0.033, Data = {
            ["LeftFoot"] = CFrame.new(-4.6566128730773926e-08, 5.960464477539063e-08, -4.6566128730773926e-08, 0.9596872329711914, -0.06617216020822525, 0.27316993474960327, 0.07833563536405563, 0.9963522553443909, -0.03384983167052269, -0.26993346214294434, 0.05388394743204117, 0.9613701105117798),
            ["LeftLowerArm"] = CFrame.new(-0.0000018477439880371094, -0.0000022649765014648438, 0.000002682209014892578, 1, -1.1920921849650767e-07, 1.0430796493210437e-07, 1.0430814256778831e-07, 0.16714142262935638, -0.9859329462051392, 1.1734665861240501e-07, 0.9859329462051392, 0.16714142262935638),
            ["LowerTorso"] = CFrame.new(-0.3574175536632538, -0.10286211967468262, 0.26792892813682556, 0.9978101253509521, 0.006054113153368235, -0.06586672365665436, -0.0002054955839412287, 0.9960814118385315, 0.0884413793683052, 0.06614404916763306, -0.08823417127132416, 0.993901252746582),
            ["Head"] = CFrame.new(-1.6391277313232422e-07, -3.5762786865234375e-07, -1.825392246246338e-07, 0.9991676211357117, 0.006487748119980097, -0.040273234248161316, -0.0029563438147306442, 0.996192216873169, 0.08713498711585999, 0.04068530723452568, -0.08694370836019516, 0.9953821897506714),
            ["RightUpperArm"] = CFrame.new(-4.76837158203125e-07, 0.000001430511474609375, -8.270144462585449e-07, 0.17064042389392853, -0.2518341541290283, 0.9526077508926392, 0.8560783863067627, 0.5165733695030212, -0.016786327585577965, -0.4878644347190857, 0.8183712363243103, 0.3037380576133728),
            ["UpperTorso"] = CFrame.new(-9.802170097827911e-08, 0.000002592802047729492, -1.210719347000122e-07, 0.9959089159965515, -0.03870178759098053, -0.08165615051984787, 0.053861185908317566, 0.9798142313957214, 0.19251802563667297, 0.07255709171295166, -0.19612851738929749, 0.9778901934623718),
            ["HumanoidRootPart"] = CFrame.new(0, 0, 0, 1, 0, 0, 0, 1, 0, 0, 0, 1),
            ["RightHand"] = CFrame.new(3.0547380447387695e-07, 1.1920928955078125e-07, -5.662441253662109e-07, 0.769156277179718, 0.1796581894159317, -0.6132875084877014, -0.2020646333694458, 0.9788054823875427, 0.033314112573862076, 0.6062743663787842, 0.09829995036125183, 0.7891569137573242),
            ["LeftUpperArm"] = CFrame.new(1.7881393432617188e-07, -0.0000011920928955078125, 1.9371509552001953e-07, 0.5749000310897827, 0.27942800521850586, -0.769031822681427, -0.634434700012207, 0.7457603812217712, -0.2033078670501709, 0.5167034864425659, 0.604782223701477, 0.6060164570808411),
            ["RightLowerArm"] = CFrame.new(0.0000029206275939941406, 4.76837158203125e-07, 9.5367431640625e-07, 1, -7.450564964983641e-08, 1.1175860237244706e-07, 5.960468740795477e-08, 0.03235356882214546, -0.9994764924049377, 8.940703111193216e-08, 0.9994765520095825, 0.03235357254743576),
            ["LeftHand"] = CFrame.new(0, -2.980232238769531e-07, -5.960464477539063e-08, 0.7374249696731567, 0.060988649725914, 0.6726700663566589, 0.0660376027226448, 0.9846332669258118, -0.16166789829730988, -0.6721930503845215, 0.16363942623138428, 0.7220654487609863),
            ["RightUpperLeg"] = CFrame.new(8.344650268554688e-07, -0.0000025462359189987183, 1.5569821698591113e-07, 0.5879421830177307, -0.4060373902320862, -0.699612557888031, 0.15903636813163757, 0.9060332775115967, -0.3921873867511749, 0.7931150197982788, 0.11932001262903214, 0.5972699522972107),
            ["LeftUpperLeg"] = CFrame.new(-3.5762786865234375e-07, -8.461065590381622e-07, 0, 0.9249372482299805, 0.23643241822719574, 0.29764243960380554, -0.03911731019616127, 0.8380679488182068, -0.5441610813140869, -0.3781017065048218, 0.49167245626449585, 0.78440922498703),
            ["RightLowerLeg"] = CFrame.new(1.4901161193847656e-08, -0.00012218952178955078, -0.00007738003478152677, 1, -8.195639367158947e-08, -2.607702498380604e-08, 1.1455264825599443e-07, 0.8167797923088074, 0.5769490599632263, 2.2351736461700966e-08, -0.5769495368003845, 0.816780149936676),
            ["RightFoot"] = CFrame.new(-2.2351741790771484e-08, 2.980232238769531e-07, 5.198671715334058e-08, 0.9889931082725525, 0.1475587636232376, 0.01091268565505743, -0.14382457733154297, 0.9760393500328064, -0.16328470408916473, -0.034745704382658005, 0.15991774201393127, 0.9865186810493469),
            ["LeftLowerLeg"] = CFrame.new(3.762543201446533e-07, 0.0001220703125, 0.00007759779691696167, 1, 4.842875256372281e-08, -3.4458938813486384e-08, -5.960465188081798e-08, 0.8482180237770081, 0.5296474099159241, 1.1175872671742582e-08, -0.5296473503112793, 0.8482179045677185),
        }},
        {Time = 0.067, Data = {
            ["LeftFoot"] = CFrame.new(-1.816079020500183e-07, 1.1920928955078125e-07, 9.313225746154785e-09, 0.9545163512229919, -0.0506674163043499, 0.29382219910621643, 0.07285203784704208, 0.9952192902565002, -0.0650499239563942, -0.2891215980052948, 0.0834961012005806, 0.9536441564559937),
            ["LeftLowerArm"] = CFrame.new(-4.76837158203125e-07, -0.0000026226043701171875, 0.000002562999725341797, 1, -2.9802315282267955e-08, 8.940686768710293e-08, 1.1175869474300271e-07, 0.20351313054561615, -0.9790722727775574, 1.0430811414607888e-07, 0.9790722131729126, 0.20351310074329376),
            ["LowerTorso"] = CFrame.new(-0.39912325143814087, -0.09959030151367188, 0.21712294220924377, 0.9998093843460083, 0.008322215639054775, -0.017667017877101898, -0.0068111419677734375, 0.9964483380317688, 0.08393122255802155, 0.018302764743566513, -0.08379489183425903, 0.9963149428367615),
            ["Head"] = CFrame.new(-2.1979212760925293e-07, 2.384185791015625e-07, -2.1606683731079102e-07, 0.9942636489868164, 0.011474079452455044, -0.10633964836597443, 0.001349308411590755, 0.9928043484687805, 0.11974015831947327, 0.1069483533501625, -0.11919701099395752, 0.9870938658714294),
            ["RightUpperArm"] = CFrame.new(-4.76837158203125e-07, 9.5367431640625e-07, -7.413327693939209e-07, 0.13510610163211823, -0.22218982875347137, 0.9655972719192505, 0.9056457877159119, 0.42301613092422485, -0.02937912754714489, -0.4019354581832886, 0.8784583806991577, 0.2583773136138916),
            ["UpperTorso"] = CFrame.new(-9.546056389808655e-08, 0.0000025033950805664062, -1.448206603527069e-07, 0.9972494840621948, -0.04345690459012985, -0.06004100665450096, 0.05460282787680626, 0.978545069694519, 0.19866609573364258, 0.050119414925575256, -0.2013980746269226, 0.9782264828681946),
            ["HumanoidRootPart"] = CFrame.new(0, 0, 0, 1, 0, 0, 0, 1, 0, 0, 0, 1),
            ["RightHand"] = CFrame.new(0.0000013131648302078247, 1.7881393432617188e-07, -5.885958671569824e-07, 0.773695170879364, 0.16485495865345, -0.6117342710494995, -0.1911088079214096, 0.9813054203987122, 0.022743690758943558, 0.6040473580360413, 0.09931118041276932, 0.7907364368438721),
            ["LeftUpperArm"] = CFrame.new(-2.384185791015625e-07, -0.000001430511474609375, 2.086162567138672e-07, 0.5341249108314514, 0.22260122001171112, -0.81557297706604, -0.6880341172218323, 0.6750279664993286, -0.2663576602935791, 0.49124306440353394, 0.7034103274345398, 0.5137065052986145),
            ["RightLowerArm"] = CFrame.new(0.0000033974647521972656, 3.5762786865234375e-07, 0.0000010728836059570312, 1, -7.450562833355434e-08, 6.705516142346823e-08, 1.1920937481590954e-07, 0.04383653402328491, -0.999038815498352, 9.685761881428334e-08, 0.999038815498352, 0.0438365563750267),
            ["LeftHand"] = CFrame.new(5.960464477539063e-08, 5.960464477539063e-08, -7.450580596923828e-07, 0.7256711721420288, 0.05323294550180435, 0.6859792470932007, 0.09293430298566818, 0.9802824854850769, -0.17438313364982605, -0.681736409664154, 0.19029591977596283, 0.706415593624115),
            ["RightUpperLeg"] = CFrame.new(7.152557373046875e-07, -0.0000019953004084527493, 2.455708454363048e-07, 0.5710644125938416, -0.42963743209838867, -0.6994979381561279, 0.21048298478126526, 0.9002527594566345, -0.3811061382293701, 0.7934622168540955, 0.0704037994146347, 0.6045335531234741),
            ["LeftUpperLeg"] = CFrame.new(-4.172325134277344e-07, -4.4284388422966003e-07, -4.6566128730773926e-08, 0.9499529004096985, 0.18320152163505554, 0.25303569436073303, -0.024176452308893204, 0.850674033164978, -0.5251370668411255, -0.31145650148391724, 0.49273812770843506, 0.812529444694519),
            ["RightLowerLeg"] = CFrame.new(0, -0.00012224912643432617, -0.00007740983710391447, 1, -5.96046660916727e-08, -4.470347292340193e-08, 4.656613938891496e-08, 0.8216249346733093, 0.570027768611908, 4.4703494239684005e-08, -0.5700284242630005, 0.8216254711151123),
            ["RightFoot"] = CFrame.new(1.4156103134155273e-07, 4.76837158203125e-07, -5.75528247281909e-09, 0.9826264381408691, 0.1847873479127884, -0.017292741686105728, -0.185590460896492, 0.9777019619941711, -0.09826099127531052, -0.0012504979968070984, 0.09976321458816528, 0.995010495185852),
            ["LeftLowerLeg"] = CFrame.new(8.195638656616211e-08, 0.0001220703125, 0.0000777021050453186, 1, 4.656611096720553e-08, 4.6566128730773926e-09, -2.607702853651972e-08, 0.8423866629600525, 0.5388738512992859, 5.5879347371501353e-08, -0.5388736128807068, 0.8423864841461182),
        }},
        {Time = 0.100, Data = {
            ["LeftFoot"] = CFrame.new(-2.514570951461792e-08, 5.960464477539063e-08, -1.1175870895385742e-08, 0.9501396417617798, -0.03819849342107773, 0.3094763457775116, 0.06944312155246735, 0.9934653639793396, -0.0905776172876358, -0.3039938509464264, 0.10755237191915512, 0.9465833902359009),
            ["LeftLowerArm"] = CFrame.new(-0.0000011324882507324219, -0.0000026226043701171875, 0.0000025033950805664062, 1, -7.636841559133245e-08, 5.960456661568969e-08, 8.195637946073475e-08, 0.23811905086040497, -0.971235990524292, 1.0430811414607888e-07, 0.9712360501289368, 0.23811908066272736),
            ["LowerTorso"] = CFrame.new(-0.43448254466056824, -0.09492969512939453, 0.16243240237236023, 0.9994523525238037, 0.010624882765114307, 0.03134170547127724, -0.013058705255389214, 0.996828556060791, 0.07850134372711182, -0.030408240854740143, -0.07886762917041779, 0.996421217918396),
            ["Head"] = CFrame.new(-1.725275069475174e-07, 2.384185791015625e-07, 7.427297532558441e-08, 0.9859159588813782, 0.01780610904097557, -0.16629105806350708, 0.00647557619959116, 0.9895058870315552, 0.14434722065925598, 0.16711626946926117, -0.14339126646518707, 0.9754543304443359),
            ["RightUpperArm"] = CFrame.new(-5.364418029785156e-07, 0.0000017881393432617188, -5.341134965419769e-07, 0.0998404249548912, -0.1879577487707138, 0.9770894646644592, 0.9444855451583862, 0.32682639360427856, -0.033639080822467804, -0.31301605701446533, 0.9262054562568665, 0.21015380322933197),
            ["UpperTorso"] = CFrame.new(4.237517714500427e-08, 0.0000020265579223632812, -7.636845111846924e-08, 0.9980824589729309, -0.0478699617087841, -0.039241086691617966, 0.05490130931138992, 0.9774209856987, 0.20404444634914398, 0.028587432578206062, -0.205807626247406, 0.9781749248504639),
            ["HumanoidRootPart"] = CFrame.new(0, 0, 0, 1, 0, 0, 0, 1, 0, 0, 0, 1),
            ["RightHand"] = CFrame.new(9.646173566579819e-07, 1.1920928955078125e-07, -5.513429641723633e-07, 0.7821530699729919, 0.1469285637140274, -0.6055153012275696, -0.17584069073200226, 0.9843490123748779, 0.01171666756272316, 0.5977597236633301, 0.09731001406908035, 0.7957474589347839),
            ["LeftUpperArm"] = CFrame.new(0, -0.0000020265579223632812, 1.3783574104309082e-07, 0.4981905519962311, 0.16067679226398468, -0.8520499467849731, -0.7376164793968201, 0.5950803160667419, -0.3190634846687317, 0.4557720422744751, 0.7874404191970825, 0.4149813652038574),
            ["RightLowerArm"] = CFrame.new(0.0000021457672119140625, -1.7881393432617188e-07, 0.0000011920928955078125, 1, -8.56814637018033e-08, 1.3038499169226725e-08, 4.6566157152483356e-08, 0.054181069135665894, -0.9985311627388, 7.078055830334051e-08, 0.9985311627388, 0.05418109521269798),
            ["LeftHand"] = CFrame.new(6.556510925292969e-07, -1.1920928955078125e-07, -6.854534149169922e-07, 0.7197396159172058, 0.0383845753967762, 0.6931821703910828, 0.12559165060520172, 0.9747974872589111, -0.18438223004341125, -0.6827895045280457, 0.21976503729820251, 0.6967795491218567),
            ["RightUpperLeg"] = CFrame.new(8.940696716308594e-07, -0.000002775341272354126, 2.0319566829130054e-07, 0.5584606528282166, -0.4436061382293701, -0.7009531259536743, 0.2607592046260834, 0.8960434198379517, -0.3593202829360962, 0.7874810695648193, 0.017886212095618248, 0.6160792708396912),
            ["LeftUpperLeg"] = CFrame.new(-1.1920928955078125e-07, -7.944181561470032e-07, -6.332993507385254e-08, 0.9686914086341858, 0.13390901684761047, 0.20905853807926178, -0.01188829354941845, 0.8661201000213623, -0.4996941387653351, -0.24798309803009033, 0.48156458139419556, 0.8405953049659729),
            ["RightLowerLeg"] = CFrame.new(-2.9802322387695312e-08, -0.00012230873107910156, -0.00007743218884570524, 1, -5.867334351705722e-08, -2.9802308176840597e-08, 1.6577546091411932e-07, 0.8299186825752258, 0.557883620262146, -8.195640788244418e-08, -0.5578843355178833, 0.8299192190170288),
            ["RightFoot"] = CFrame.new(-5.960464477539063e-08, 2.384185791015625e-07, 1.6596459317952394e-08, 0.9650462865829468, 0.2595384418964386, -0.036409348249435425, -0.2603772282600403, 0.9652893543243408, -0.020501496270298958, 0.02982422709465027, 0.029265252873301506, 0.9991267323493958),
            ["LeftLowerLeg"] = CFrame.new(5.960464477539063e-08, 0.00012242794036865234, 0.00007748603820800781, 1, 5.960462345910855e-08, 3.585591912269592e-08, -2.2351745343485163e-08, 0.8428808450698853, 0.5381001234054565, 2.0489098417897367e-08, -0.5381003618240356, 0.8428809642791748),
        }},
        {Time = 0.133, Data = {
            ["LeftFoot"] = CFrame.new(-5.960464477539063e-08, 0, -5.21540641784668e-08, 0.9485039710998535, -0.0331171490252018, 0.31502947211265564, 0.07463870197534561, 0.989883542060852, -0.12066479027271271, -0.30784621834754944, 0.13796372711658478, 0.9413801431655884),
            ["LeftLowerArm"] = CFrame.new(-0.0000013709068298339844, -0.0000025033950805664062, 0.0000026226043701171875, 1, -9.313227877782992e-08, 8.940690321423972e-08, 1.0430814256778831e-07, 0.26924437284469604, -0.9630719423294067, 4.4703490686970326e-08, 0.9630720019340515, 0.26924437284469604),
            ["LowerTorso"] = CFrame.new(-0.458702951669693, -0.09054064750671387, 0.09285762906074524, 0.9967650175094604, 0.012881740927696228, 0.07933264970779419, -0.01864202879369259, 0.9972085952758789, 0.07230238616466522, -0.07817980647087097, -0.07354741543531418, 0.9942227005958557),
            ["Head"] = CFrame.new(-1.695007085800171e-07, -3.5762786865234375e-07, -1.5273690223693848e-07, 0.9745470285415649, 0.025192763656377792, -0.22276368737220764, 0.011201536282896996, 0.9869526624679565, 0.16062097251415253, 0.22390365600585938, -0.15902824699878693, 0.9615494608879089),
            ["RightUpperArm"] = CFrame.new(-5.364418029785156e-07, 0.000002384185791015625, -8.009374141693115e-07, 0.0666530430316925, -0.1494254171848297, 0.9865239262580872, 0.9725193977355957, 0.23078227043151855, -0.030751027166843414, -0.22307737171649933, 0.9614633321762085, 0.1607014536857605),
            ["UpperTorso"] = CFrame.new(-2.0023435354232788e-08, 0.000002682209014892578, -1.2293457984924316e-07, 0.9984697699546814, -0.05199660360813141, -0.018829574808478355, 0.054787930101156235, 0.9763721823692322, 0.20903539657592773, 0.007515508681535721, -0.20974715054035187, 0.9777268767356873),
            ["HumanoidRootPart"] = CFrame.new(0, 0, 0, 1, 0, 0, 0, 1, 0, 0, 0, 1),
            ["RightHand"] = CFrame.new(6.663904059678316e-07, 1.7881393432617188e-07, -5.848705768585205e-07, 0.7935609817504883, 0.12677158415317535, -0.5951387286186218, -0.15704526007175446, 0.9875909686088562, 0.0009635878959670663, 0.5878757238388062, 0.0926990658044815, 0.8036224842071533),
            ["LeftUpperArm"] = CFrame.new(0, -4.76837158203125e-07, 2.9802322387695312e-08, 0.46705499291419983, 0.09714823216199875, -0.8788754343986511, -0.7823387384414673, 0.5086081624031067, -0.3595331013202667, 0.4120751619338989, 0.8554999232292175, 0.31355080008506775),
            ["RightLowerArm"] = CFrame.new(0.0000029802322387695312, 3.5762786865234375e-07, 0.0000012442469596862793, 1, -8.661277206556406e-08, 1.3606027948753763e-07, 1.1015810486014743e-07, 0.06269723176956177, -0.9980326294898987, 8.405194051874787e-08, 0.9980325698852539, 0.06269723176956177),
            ["LeftHand"] = CFrame.new(-1.1920928955078125e-07, -5.960464477539063e-08, -5.960464477539062e-07, 0.7178681492805481, 0.01904725842177868, 0.6959185600280762, 0.16115017235279083, 0.9679296016693115, -0.19272498786449432, -0.6772710680961609, 0.25049859285354614, 0.6917763948440552),
            ["RightUpperLeg"] = CFrame.new(8.344650268554688e-07, -0.0000019614817574620247, 1.9178696675226092e-07, 0.5446224212646484, -0.4497967064380646, -0.7078626155853271, 0.3108823597431183, 0.892162561416626, -0.3277164399623871, 0.7789342403411865, -0.041580311954021454, 0.6257256269454956),
            ["LeftUpperLeg"] = CFrame.new(-1.7881393432617188e-07, 3.632158041000366e-07, -3.725290298461914e-08, 0.9807299971580505, 0.09693566709756851, 0.16962389647960663, -0.006392661016434431, 0.8836832642555237, -0.46804139018058777, -0.19526351988315582, 0.45793819427490234, 0.8672745227813721),
            ["RightLowerLeg"] = CFrame.new(-2.2351741790771484e-08, -0.00012248754501342773, -0.0000774172876845114, 1, -1.3038523150044057e-07, -1.0430805730266002e-07, 4.470347647611561e-08, 0.839192271232605, 0.5438336730003357, -8.195637946073475e-08, -0.5438347458839417, 0.8391929864883423),
            ["RightFoot"] = CFrame.new(-2.9802322387695312e-08, 2.384185791015625e-07, -2.0656443666666746e-08, 0.9381306171417236, 0.3448355495929718, -0.03161372244358063, -0.3441922664642334, 0.938589870929718, 0.02410026267170906, 0.037982940673828125, -0.011727757751941681, 0.9992096424102783),
            ["LeftLowerLeg"] = CFrame.new(2.0116567611694336e-07, 0.0001221299171447754, 0.0000776052474975586, 1, 6.100160021560441e-08, -1.862645326866641e-08, -7.078051567077637e-08, 0.8430815935134888, 0.5377860069274902, 1.862645149230957e-09, -0.5377855896949768, 0.8430814743041992),
        }},
        {Time = 0.167, Data = {
            ["LeftFoot"] = CFrame.new(1.210719347000122e-08, -5.960464477539063e-08, -8.940696716308594e-08, 0.9488223791122437, -0.03209565579891205, 0.31417515873908997, 0.0792618915438652, 0.9871821999549866, -0.13852497935295105, -0.3057020902633667, 0.1563374102115631, 0.9392044544219971),
            ["LeftLowerArm"] = CFrame.new(-5.364418029785156e-07, -0.0000030994415283203125, 0.000002941116690635681, 1, -2.9802311729554276e-08, 7.450574202039206e-08, 2.1606680888908159e-07, 0.29662907123565674, -0.9549928307533264, 1.4901159417490817e-08, 0.9549927711486816, 0.2966291308403015),
            ["LowerTorso"] = CFrame.new(-0.4738137423992157, -0.08482670783996582, 0.03028266131877899, 0.9921119213104248, 0.01501807477325201, 0.12445288896560669, -0.02329816296696663, 0.9975907206535339, 0.06534596532583237, -0.12317167222499847, -0.06773003190755844, 0.9900714159011841),
            ["Head"] = CFrame.new(-2.3096799850463867e-07, 0, -1.043081283569336e-07, 0.9618158936500549, 0.03240282088518143, -0.2717728912830353, 0.01426312979310751, 0.9856840372085571, 0.16799864172935486, 0.27332577109336853, -0.1654602587223053, 0.9475842714309692),
            ["RightUpperArm"] = CFrame.new(-5.364418029785156e-07, 0.0000013113021850585938, -6.034970283508301e-07, 0.03657279536128044, -0.10875551402568817, 0.9933955073356628, 0.9901018142700195, 0.13873080909252167, -0.02126348204910755, -0.13550202548503876, 0.9843404293060303, 0.11275279521942139),
            ["UpperTorso"] = CFrame.new(-5.4424162954092026e-08, 0.0000022351741790771484, -1.6367994248867035e-07, 0.9984134435653687, -0.05628462880849838, 0.0016780878650024533, 0.05463022366166115, 0.9754296541213989, 0.2134307324886322, -0.013649838045239449, -0.21300046145915985, 0.9769567847251892),
            ["HumanoidRootPart"] = CFrame.new(0, 0, 0, 1, 0, 0, 0, 1, 0, 0, 0, 1),
            ["RightHand"] = CFrame.new(9.313225746154785e-08, 1.7881393432617188e-07, -4.4517219066619873e-07, 0.806625485420227, 0.10556624829769135, -0.5815592408180237, -0.13578231632709503, 0.9907023310661316, -0.00849567074328661, 0.575255274772644, 0.08581830561161041, 0.8134596943855286),
            ["LeftUpperArm"] = CFrame.new(5.960464477539063e-08, -0.0000011920928955078125, 1.1920928955078125e-07, 0.4399285614490509, 0.03399132564663887, -0.8973891735076904, -0.8215051889419556, 0.41888898611068726, -0.386861115694046, 0.3627564609050751, 0.9074010848999023, 0.21220526099205017),
            ["RightLowerArm"] = CFrame.new(0.0000032782554626464844, 7.152557373046875e-07, 0.0000011995434761047363, 1, -7.54369366973151e-08, 1.583246600489474e-08, 1.224980650249563e-07, 0.06905606389045715, -0.9976127743721008, 8.102509241325606e-08, 0.9976127743721008, 0.06905606389045715),
            ["LeftHand"] = CFrame.new(1.7881393432617188e-07, 0, -3.2782554626464844e-07, 0.7189850807189941, -0.003642561612650752, 0.6950159668922424, 0.1978001445531845, 0.9597074389457703, -0.19959184527397156, -0.66628497838974, 0.28097787499427795, 0.6907356977462769),
            ["RightUpperLeg"] = CFrame.new(8.344650268554688e-07, -0.0000020341831259429455, 1.7083220882341266e-07, 0.5331616401672363, -0.471999853849411, -0.7021072506904602, 0.34773850440979004, 0.8788193464279175, -0.32673317193984985, 0.7712435722351074, -0.06994827091693878, 0.6326854825019836),
            ["LeftUpperLeg"] = CFrame.new(-2.384185791015625e-07, 3.5762786865234375e-07, -3.725290298461914e-08, 0.9885205626487732, 0.06962072849273682, 0.13408991694450378, -0.004777444060891867, 0.9014632701873779, -0.43282851576805115, -0.1510106325149536, 0.42722001671791077, 0.8914479613304138),
            ["RightLowerLeg"] = CFrame.new(-3.3527612686157227e-08, -0.00012236833572387695, -0.00007736140833003446, 1, -8.195644340958097e-08, -6.705517563432295e-08, 1.9371505288745539e-07, 0.816911518573761, 0.5767621397972107, -1.4901157641133977e-08, -0.5767632126808167, 0.8169121146202087),
            ["RightFoot"] = CFrame.new(0, 2.980232238769531e-07, 9.145878721028566e-09, 0.910321056842804, 0.41358715295791626, -0.016166137531399727, -0.41299277544021606, 0.9102149605751038, 0.030754920095205307, 0.02743407152593136, -0.02132032997906208, 0.9993962049484253),
            ["LeftLowerLeg"] = CFrame.new(2.60770320892334e-08, 0.00012236833572387695, 0.0000775754451751709, 1, 4.2840824221457297e-08, 7.031486859432334e-08, -4.842878098543224e-08, 0.8509005904197693, 0.525326669216156, 3.539026138810186e-08, -0.5253268480300903, 0.8509006500244141),
        }},
        {Time = 0.200, Data = {
            ["LeftFoot"] = CFrame.new(-3.5390257835388184e-08, 0, -4.0978193283081055e-08, 0.9488999843597412, -0.030151117593050003, 0.3141333758831024, 0.07715994864702225, 0.9873794317245483, -0.13830585777759552, -0.30599868297576904, 0.15547622740268707, 0.939250648021698),
            ["LeftLowerArm"] = CFrame.new(-7.152557373046875e-07, -0.000003635883331298828, 0.000002473592758178711, 1, -2.9802311729554276e-08, 1.3411028021437232e-07, 9.685753354915505e-08, 0.31911399960517883, -0.9477162957191467, 5.960463766996327e-08, 0.9477163553237915, 0.3191140294075012),
            ["LowerTorso"] = CFrame.new(-0.4856199026107788, -0.07743525505065918, -0.010431483387947083, 0.9861452579498291, 0.016945498064160347, 0.16501674056053162, -0.026782497763633728, 0.9979822039604187, 0.0575706847012043, -0.16370819509029388, -0.06119261682033539, 0.9846091270446777),
            ["Head"] = CFrame.new(-2.5331974029541016e-07, 2.384185791015625e-07, -7.450580596923828e-08, 0.9489967823028564, 0.03961627185344696, -0.31278708577156067, 0.014388767071068287, 0.9855988621711731, 0.16848735511302948, 0.31495723128318787, -0.16439473628997803, 0.9347600340843201),
            ["RightUpperArm"] = CFrame.new(-5.960464477539062e-07, 0.0000015497207641601562, -6.780028343200684e-07, 0.011054817587137222, -0.06518764048814774, 0.9978118538856506, 0.9985017776489258, 0.054200105369091034, -0.007521635852754116, -0.0535912960767746, 0.9964000582695007, 0.06568906456232071),
            ["UpperTorso"] = CFrame.new(7.217749953269958e-08, 0.0000024437904357910156, -1.341104507446289e-07, 0.9979801774024963, -0.05981634184718132, 0.021393122151494026, 0.053741730749607086, 0.9745179414749146, 0.21777689456939697, -0.033874694257974625, -0.21618729829788208, 0.9757641553878784),
            ["HumanoidRootPart"] = CFrame.new(0, 0, 0, 1, 0, 0, 0, 1, 0, 0, 0, 1),
            ["RightHand"] = CFrame.new(1.341104507446289e-07, 0, -5.364418029785156e-07, 0.8197892904281616, 0.08382916450500488, -0.5664965510368347, -0.11298690736293793, 0.9934596419334412, -0.016495315358042717, 0.5614086389541626, 0.07752936333417892, 0.8238990902900696),
            ["LeftUpperArm"] = CFrame.new(1.1920928955078125e-07, -9.5367431640625e-07, 1.7881393432617188e-07, 0.4178634285926819, -0.02548973262310028, -0.9081522226333618, -0.8539146184921265, 0.3302774131298065, -0.40217748284339905, 0.31019359827041626, 0.9435396790504456, 0.11624482274055481),
            ["RightLowerArm"] = CFrame.new(0.0000028014183044433594, 4.76837158203125e-07, 0.0000010579824447631836, 1, -9.313204429872712e-08, 9.778878151678327e-09, 1.0244554715654886e-07, 0.07397966086864471, -0.9972597360610962, 8.568172660261553e-08, 0.997259795665741, 0.07397965341806412),
            ["LeftHand"] = CFrame.new(7.152557373046875e-07, -1.1920928955078125e-07, -4.172325134277344e-07, 0.721625566482544, -0.027027584612369537, 0.6917557716369629, 0.2328779548406601, 0.9504817128181458, -0.2057971954345703, -0.6519390940666199, 0.3096032440662384, 0.6921860575675964),
            ["RightUpperLeg"] = CFrame.new(8.940696716308594e-07, -0.0000020633888198062778, 2.0692095858976245e-07, 0.5216321349143982, -0.5228748917579651, -0.6741670966148376, 0.3617428243160248, 0.8511936664581299, -0.3802783787250519, 0.7726850509643555, -0.04550966992974281, 0.633156418800354),
            ["LeftUpperLeg"] = CFrame.new(-2.384185791015625e-07, -5.122274160385132e-09, -1.2293457984924316e-07, 0.9938910603523254, 0.04670753702521324, 0.09999528527259827, -0.0028888797387480736, 0.916732668876648, -0.39949026703834534, -0.11032772064208984, 0.39676129817962646, 0.9112675786018372),
            ["RightLowerLeg"] = CFrame.new(-1.1175870895385742e-08, -0.0001221299171447754, -0.00007733533129794523, 1, -2.0023439617489203e-07, -4.4703462265260896e-08, 1.6251580348125572e-07, 0.7564583420753479, 0.654041051864624, -5.960465188081798e-08, -0.6540418863296509, 0.7564590573310852),
            ["RightFoot"] = CFrame.new(-1.4901161193847656e-08, 2.980232238769531e-07, -5.790934665128589e-08, 0.8846601247787476, 0.465337336063385, 0.02894875779747963, -0.4662112891674042, 0.8835524916648865, 0.04451797530055046, -0.004862324334681034, -0.05287973955273628, 0.9985890984535217),
            ["LeftLowerLeg"] = CFrame.new(3.3155083656311035e-07, 0.00012195110321044922, 0.00007769465446472168, 1, 5.122271673485557e-08, -8.381903171539307e-09, -4.8428766774577525e-08, 0.8667345643043518, 0.4987698793411255, -2.1420417439799166e-08, -0.49876970052719116, 0.8667344450950623),
        }},
        {Time = 0.233, Data = {
            ["LeftFoot"] = CFrame.new(1.7043203115463257e-07, 1.1920928955078125e-07, 3.725290298461914e-09, 0.9498423933982849, -0.029979536309838295, 0.3112884759902954, 0.07481866329908371, 0.9882722496986389, -0.1331176459789276, -0.30364710092544556, 0.1497308313846588, 0.9409459829330444),
            ["LeftLowerArm"] = CFrame.new(-5.662441253662109e-07, -0.0000027418136596679688, 0.000002637505531311035, 1, -1.1920926112907182e-07, 5.9604580826544407e-08, 7.450579886381092e-08, 0.33638879656791687, -0.9417232275009155, 2.9802318834981634e-08, 0.9417232275009155, 0.33638888597488403),
            ["LowerTorso"] = CFrame.new(-0.4933992028236389, -0.06903862953186035, -0.0454200878739357, 0.9797641038894653, 0.018584290519356728, 0.19929149746894836, -0.028766822069883347, 0.9984176754951477, 0.048320263624191284, -0.19807814061641693, -0.05307544022798538, 0.9787482619285583),
            ["Head"] = CFrame.new(-2.0116567611694336e-07, 0, -1.341104507446289e-07, 0.9377405047416687, 0.0442051962018013, -0.34451237320899963, 0.012868428602814674, 0.9867657423019409, 0.16164128482341766, 0.3470982015132904, -0.15601114928722382, 0.9247612357139587),
            ["RightUpperArm"] = CFrame.new(-4.76837158203125e-07, 0.000001430511474609375, -7.003545761108398e-07, -0.011131256818771362, -0.021238643676042557, 0.9997125267982483, 0.9997373819351196, -0.020268183201551437, 0.010701046325266361, 0.020035164430737495, 0.9995689988136292, 0.02145874686539173),
            ["UpperTorso"] = CFrame.new(-2.1420419216156006e-08, 0.000002086162567138672, -1.30385160446167e-07, 0.9973339438438416, -0.0615059956908226, 0.03926912322640419, 0.051321569830179214, 0.9737567901611328, 0.22172977030277252, -0.051876313984394073, -0.2191232293844223, 0.9743171334266663),
            ["HumanoidRootPart"] = CFrame.new(0, 0, 0, 1, 0, 0, 0, 1, 0, 0, 0, 1),
            ["RightHand"] = CFrame.new(5.662441253662109e-07, 0, -6.332993507385254e-07, 0.8323505520820618, 0.0630825012922287, -0.5506480932235718, -0.09042797237634659, 0.9956459999084473, -0.022627823054790497, 0.5468230843544006, 0.06862830370664597, 0.8344308137893677),
            ["LeftUpperArm"] = CFrame.new(1.1920928955078125e-07, -5.960464477539062e-07, 2.384185791015625e-07, 0.4011049270629883, -0.07927218079566956, -0.9125956296920776, -0.8792189359664917, 0.24627362191677094, -0.4078276753425598, 0.2570776045322418, 0.9659531116485596, 0.02908393181860447),
            ["RightLowerArm"] = CFrame.new(0.000002562999725341797, 2.384185791015625e-07, 0.0000011771917343139648, 1, -9.685732038633432e-08, 9.499482445107787e-08, 8.009381957663209e-08, 0.07708664238452911, -0.9970244765281677, 7.823116732197377e-08, 0.9970244765281677, 0.07708660513162613),
            ["LeftHand"] = CFrame.new(5.364418029785156e-07, -3.5762786865234375e-07, -3.5762786865234375e-07, 0.726207435131073, -0.04961135983467102, 0.6856831908226013, 0.2642015218734741, 0.9409385919570923, -0.21173618733882904, -0.634681224822998, 0.3349229693412781, 0.6964240074157715),
            ["RightUpperLeg"] = CFrame.new(0.0000010132789611816406, -0.00000231005105888471, 2.364904503338039e-07, 0.5080581903457642, -0.6046107411384583, -0.6134514212608337, 0.3447120785713196, 0.7954241633415222, -0.4984718859195709, 0.7893354296684265, 0.04178892448544502, 0.6125382781028748),
            ["LeftUpperLeg"] = CFrame.new(-2.980232238769531e-07, -5.580950528383255e-07, -1.1175870895385742e-07, 0.9968906044960022, 0.03199758008122444, 0.07201036810874939, -0.003636867506429553, 0.9315537810325623, -0.3635851740837097, -0.07871508598327637, 0.3621929883956909, 0.9287735223770142),
            ["RightLowerLeg"] = CFrame.new(1.4901161193847656e-08, -0.00012224912643432617, -0.00007745454058749601, 1, -1.1711385639046057e-07, -1.1175869474300271e-07, 1.9371509552001953e-07, 0.6460797190666199, 0.7632689476013184, 4.470348358154297e-08, -0.7632700800895691, 0.6460809707641602),
            ["RightFoot"] = CFrame.new(0, 2.980232238769531e-07, -5.75528247281909e-09, 0.8793581128120422, 0.4634145200252533, 0.10943484306335449, -0.4700709879398346, 0.8815134763717651, 0.04435879364609718, -0.07591205835342407, -0.09044908732175827, 0.993003785610199),
            ["LeftLowerLeg"] = CFrame.new(3.8743019104003906e-07, 0.00012230873107910156, 0.00007751584053039551, 1, 3.259627945340071e-08, 2.2817399525365545e-08, -4.842878098543224e-08, 0.8841986656188965, 0.4671109616756439, 8.381904059717726e-09, -0.4671110510826111, 0.8841986656188965),
        }},
        {Time = 0.267, Data = {
            ["LeftFoot"] = CFrame.new(-3.166496753692627e-08, 0, 1.4901161193847656e-08, 0.9517754912376404, -0.03218534588813782, 0.30510208010673523, 0.07231009006500244, 0.9899985790252686, -0.12113793194293976, -0.29815199971199036, 0.137357696890831, 0.9445837736129761),
            ["LeftLowerArm"] = CFrame.new(-8.344650268554688e-07, -0.000003337860107421875, 0.0000029355287551879883, 1, -7.450577044210149e-08, 2.9802279755131167e-08, 8.940694584680386e-08, 0.34725943207740784, -0.9377691149711609, 1.4901157641133977e-08, 0.9377691149711609, 0.34725943207740784),
            ["LowerTorso"] = CFrame.new(-0.4951174855232239, -0.05986213684082031, -0.07370161265134811, 0.9739904999732971, 0.019856439903378487, 0.22571730613708496, -0.02928042970597744, 0.9988303780555725, 0.03848021477460861, -0.22468921542167664, -0.044088464230298996, 0.9734326004981995),
            ["Head"] = CFrame.new(-2.942979335784912e-07, 1.1920928955078125e-07, 1.4901161193847656e-08, 0.9292727708816528, 0.046807028353214264, -0.36641716957092285, 0.009832603856921196, 0.9884536862373352, 0.15120403468608856, 0.36926358938217163, -0.14411287009716034, 0.9180827736854553),
            ["RightUpperArm"] = CFrame.new(-4.172325134277344e-07, 0.0000010728836059570312, -6.183981895446777e-07, -0.028446611016988754, 0.02289494499564171, 0.9993330836296082, 0.9961073994636536, -0.08279528468847275, 0.03025151789188385, 0.08343254029750824, 0.9963035583496094, -0.02045067772269249),
            ["UpperTorso"] = CFrame.new(5.029141902923584e-08, 0.0000018477439880371094, -1.6391277313232422e-07, 0.9965754151344299, -0.06149958819150925, 0.055275920778512955, 0.04753376170992851, 0.9730545878410339, 0.22562246024608612, -0.0676623061299324, -0.22222232818603516, 0.9726454019546509),
            ["HumanoidRootPart"] = CFrame.new(0, 0, 0, 1, 0, 0, 0, 1, 0, 0, 0, 1),
            ["RightHand"] = CFrame.new(-3.725290298461914e-08, 2.384185791015625e-07, -3.5762786865234375e-07, 0.8435148596763611, 0.04424283280968666, -0.5352805256843567, -0.06955429911613464, 0.997207760810852, -0.02718343213200569, 0.5325831770896912, 0.06016068160533905, 0.8442369103431702),
            ["LeftUpperArm"] = CFrame.new(-1.1920928955078125e-07, -0.0000013113021850585938, 1.043081283569336e-07, 0.3889144957065582, -0.12401813268661499, -0.9128883481025696, -0.8977871537208557, 0.17129895091056824, -0.40575236082077026, 0.20669743418693542, 0.9773823022842407, -0.044721223413944244),
            ["RightLowerArm"] = CFrame.new(0.0000022649765014648438, 5.960464477539062e-07, 0.0000012367963790893555, 1, -8.568147080723065e-08, 9.685745538945412e-08, 8.19564718312904e-08, 0.07895073294639587, -0.9968785047531128, 7.450588412893921e-08, 0.9968785643577576, 0.07895076274871826),
            ["LeftHand"] = CFrame.new(5.960464477539063e-08, -2.384185791015625e-07, -5.960464477539062e-07, 0.7320505380630493, -0.06937646120786667, 0.6777086853981018, 0.28984349966049194, 0.9319910407066345, -0.21767741441726685, -0.6165167093276978, 0.3557802438735962, 0.7023727893829346),
