return {
["praise"] = {

          {Time = 0.000, Data = {

              ["Head"] = CFrame.new(-0.000000, -0.000000, 0.000000, 1.000000, 0.000000, 0.000000, 0.000000, 1.000000, 0.000000, 0.000000, 0.000000, 1.000000),

              ["LeftFoot"] = CFrame.new(0.000000, 0.032217, -0.000001, 0.995230, -0.074631, -0.062841, 0.056815, 0.966946, -0.248579, 0.079312, 0.243814, 0.966571),

              ["LeftHand"] = CFrame.new(0.000500, 0.000100, -0.000000, 1.000000, 0.000000, 0.000000, 0.000000, 1.000000, 0.000001, -0.000000, -0.000000, 1.000000),

              ["LeftLowerArm"] = CFrame.new(-0.000500, 0.030100, 0.004637, 1.000000, -0.000000, -0.000000, 0.000000, 0.953325, -0.301946, 0.000000, 0.301946, 0.953325),

              ["LeftLowerLeg"] = CFrame.new(-0.000000, 0.125877, -0.092943, 1.000000, -0.000000, -0.000000, 0.000000, 0.037021, 0.999315, -0.000000, -0.999314, 0.037008),

              ["LeftUpperArm"] = CFrame.new(-0.009484, -0.088221, -0.040132, 0.981033, -0.172083, -0.089228, -0.176443, -0.983351, -0.043464, -0.080263, 0.058383, -0.995063),

              ["LeftUpperLeg"] = CFrame.new(0.000000, -0.000000, -0.000100, 0.985458, 0.118653, -0.121624, -0.160251, 0.411018, -0.897423, -0.056493, 0.903872, 0.424075),

              ["LowerTorso"] = CFrame.new(0.000000, -0.917817, -0.006109, 1.000000, -0.000000, -0.000000, 0.000000, 0.258992, 0.965879, 0.000000, -0.965879, 0.258992),

              ["RightFoot"] = CFrame.new(0.000000, 0.032788, -0.000101, 0.999290, 0.028817, 0.024265, -0.020850, 0.959518, -0.280885, -0.031375, 0.280168, 0.959435),

              ["RightHand"] = CFrame.new(-0.000500, 0.000000, 0.000000, 1.000000, 0.000000, -0.000000, -0.000000, 1.000000, 0.000001, 0.000000, -0.000000, 1.000000),

              ["RightLowerArm"] = CFrame.new(-0.000000, 0.041556, 0.008997, 1.000000, 0.000000, 0.000000, -0.000000, 0.909609, -0.415464, -0.000000, 0.415464, 0.909609),

              ["RightLowerLeg"] = CFrame.new(0.000000, 0.125848, -0.099090, 1.000000, 0.000000, 0.000000, -0.000000, -0.025893, 0.999664, 0.000000, -0.999665, -0.025905),

              ["RightUpperArm"] = CFrame.new(0.008075, -0.082560, -0.034556, 0.983849, 0.157011, 0.085954, 0.165119, -0.981479, -0.097131, 0.069111, 0.109755, -0.991553),

              ["RightUpperLeg"] = CFrame.new(0.000000, -0.000000, -0.000000, 0.996992, -0.070298, 0.032624, 0.057102, 0.381696, -0.922515, 0.052399, 0.921611, 0.384581),

              ["UpperTorso"] = CFrame.new(0.000000, 0.000000, 0.000000, 1.000000, -0.000000, 0.000000, -0.000000, 0.835372, 0.549685, -0.000000, -0.549685, 0.835372)

          }},

          {Time = 0.020, Data = {

              ["Head"] = CFrame.new(0.000000, 0.000000, 0.000000, 1.000000, 0.000000, 0.000000, 0.000000, 0.999959, -0.009021, 0.000000, 0.009021, 0.999959),

              ["LeftFoot"] = CFrame.new(0.000000, 0.032217, -0.000001, 0.995230, -0.074631, -0.062841, 0.056815, 0.966946, -0.248579, 0.079312, 0.243814, 0.966571),

              ["LeftHand"] = CFrame.new(0.000500, 0.000100, 0.000000, 1.000000, -0.000000, 0.000000, 0.000000, 1.000000, 0.000001, -0.000000, -0.000000, 1.000000),

              ["LeftLowerArm"] = CFrame.new(-0.000500, 0.030099, 0.004637, 1.000000, -0.000000, -0.000000, 0.000000, 0.953325, -0.301946, 0.000000, 0.301946, 0.953325),

              ["LeftLowerLeg"] = CFrame.new(-0.000000, 0.125877, -0.092943, 1.000000, -0.000000, -0.000000, 0.000000, 0.037021, 0.999315, -0.000000, -0.999314, 0.037008),

              ["LeftUpperArm"] = CFrame.new(-0.009484, -0.087975, -0.040669, 0.981033, -0.172083, -0.089228, -0.175950, -0.983689, -0.037395, -0.081337, 0.052385, -0.995309),

              ["LeftUpperLeg"] = CFrame.new(0.000000, -0.000000, -0.000100, 0.985458, 0.118653, -0.121624, -0.160251, 0.411018, -0.897423, -0.056493, 0.903872, 0.424075),

              ["LowerTorso"] = CFrame.new(0.000000, -0.917817, -0.006109, 1.000000, -0.000000, -0.000000, 0.000000, 0.258992, 0.965879, 0.000000, -0.965879, 0.258992),

              ["RightFoot"] = CFrame.new(0.000000, 0.032788, -0.000101, 0.999290, 0.028817, 0.024265, -0.020850, 0.959518, -0.280885, -0.031375, 0.280168, 0.959435),

              ["RightHand"] = CFrame.new(-0.000500, -0.000000, 0.000000, 1.000000, -0.000000, -0.000000, -0.000000, 1.000000, 0.000001, 0.000000, -0.000000, 1.000000),

              ["RightLowerArm"] = CFrame.new(-0.000000, 0.041555, 0.008998, 1.000000, 0.000000, 0.000000, -0.000000, 0.909609, -0.415464, -0.000000, 0.415464, 0.909609),

              ["RightLowerLeg"] = CFrame.new(0.000000, 0.125848, -0.099090, 1.000000, 0.000000, 0.000000, -0.000000, -0.025893, 0.999664, 0.000000, -0.999665, -0.025905),

              ["RightUpperArm"] = CFrame.new(0.008075, -0.082349, -0.035054, 0.983849, 0.157011, 0.085954, 0.164698, -0.982125, -0.091132, 0.070109, 0.103816, -0.992123),

              ["RightUpperLeg"] = CFrame.new(0.000000, -0.000000, -0.000000, 0.996992, -0.070298, 0.032624, 0.057102, 0.381696, -0.922515, 0.052399, 0.921611, 0.384581),

              ["UpperTorso"] = CFrame.new(0.000000, 0.000000, 0.000000, 1.000000, -0.000000, 0.000000, -0.000000, 0.838640, 0.544686, -0.000000, -0.544686, 0.838640)

          }},

          {Time = 0.040, Data = {

              ["Head"] = CFrame.new(0.000000, 0.000000, 0.000000, 1.000000, 0.000000, 0.000000, 0.000000, 0.999405, -0.034478, 0.000000, 0.034478, 0.999405),

              ["LeftFoot"] = CFrame.new(0.000000, 0.032217, -0.000001, 0.995230, -0.074631, -0.062841, 0.056815, 0.966946, -0.248579, 0.079312, 0.243814, 0.966571),

              ["LeftHand"] = CFrame.new(0.000500, 0.000100, 0.000000, 1.000000, 0.000000, 0.000000, 0.000000, 1.000000, 0.000001, -0.000000, -0.000000, 1.000000),

              ["LeftLowerArm"] = CFrame.new(-0.000500, 0.030099, 0.004637, 1.000000, -0.000000, -0.000000, 0.000000, 0.953325, -0.301946, 0.000000, 0.301946, 0.953325),

              ["LeftLowerLeg"] = CFrame.new(-0.000000, 0.125877, -0.092943, 1.000000, -0.000000, -0.000000, 0.000000, 0.037021, 0.999315, -0.000000, -0.999314, 0.037008),

              ["LeftUpperArm"] = CFrame.new(-0.009484, -0.087263, -0.042174, 0.981033, -0.172083, -0.089228, -0.174526, -0.984444, -0.020286, -0.084349, 0.035474, -0.995805),

              ["LeftUpperLeg"] = CFrame.new(0.000000, -0.000000, -0.000100, 0.985458, 0.118653, -0.121624, -0.160251, 0.411018, -0.897423, -0.056493, 0.903872, 0.424075),

              ["LowerTorso"] = CFrame.new(0.000000, -0.917817, -0.006109, 1.000000, -0.000000, -0.000000, 0.000000, 0.258992, 0.965879, 0.000000, -0.965879, 0.258992),

              ["RightFoot"] = CFrame.new(0.000000, 0.032788, -0.000101, 0.999290, 0.028817, 0.024265, -0.020850, 0.959518, -0.280885, -0.031375, 0.280168, 0.959435),

              ["RightHand"] = CFrame.new(-0.000500, 0.000000, -0.000000, 1.000000, 0.000000, -0.000000, 0.000000, 1.000000, 0.000001, 0.000000, -0.000000, 1.000000),

              ["RightLowerArm"] = CFrame.new(0.000000, 0.041556, 0.008998, 1.000000, 0.000000, 0.000000, -0.000000, 0.909609, -0.415464, -0.000000, 0.415464, 0.909609),

              ["RightLowerLeg"] = CFrame.new(0.000000, 0.125848, -0.099090, 1.000000, 0.000000, 0.000000, -0.000000, -0.025893, 0.999664, 0.000000, -0.999665, -0.025905),

              ["RightUpperArm"] = CFrame.new(0.008075, -0.081739, -0.036453, 0.983849, 0.157011, 0.085954, 0.163479, -0.983752, -0.074212, 0.072905, 0.087065, -0.993531),

              ["RightUpperLeg"] = CFrame.new(0.000000, -0.000000, -0.000000, 0.996992, -0.070298, 0.032624, 0.057102, 0.381696, -0.922515, 0.052399, 0.921611, 0.384581),

              ["UpperTorso"] = CFrame.new(0.000000, 0.000000, 0.000000, 1.000000, -0.000000, 0.000000, -0.000000, 0.847687, 0.530498, -0.000000, -0.530498, 0.847687)

          }},

          {Time = 0.060, Data = {

              ["Head"] = CFrame.new(0.000000, 0.000000, -0.000000, 1.000000, 0.000000, 0.000000, 0.000000, 0.997260, -0.073978, 0.000000, 0.073978, 0.997260),

              ["LeftFoot"] = CFrame.new(0.000000, 0.032217, -0.000001, 0.995230, -0.074631, -0.062841, 0.056815, 0.966946, -0.248579, 0.079312, 0.243814, 0.966571),

              ["LeftHand"] = CFrame.new(0.000500, 0.000100, 0.000000, 1.000000, -0.000000, 0.000000, 0.000000, 1.000000, 0.000001, -0.000000, -0.000000, 1.000000),

              ["LeftLowerArm"] = CFrame.new(-0.000500, 0.030099, 0.004637, 1.000000, -0.000000, -0.000000, 0.000000, 0.953325, -0.301946, 0.000000, 0.301946, 0.953325),

              ["LeftLowerLeg"] = CFrame.new(-0.000000, 0.125877, -0.092943, 1.000000, -0.000000, -0.000000, 0.000000, 0.037021, 0.999315, -0.000000, -0.999314, 0.037008),

              ["LeftUpperArm"] = CFrame.new(-0.009484, -0.086109, -0.044482, 0.981033, -0.172083, -0.089228, -0.172219, -0.985039, 0.006227, -0.088964, 0.009258, -0.995992),

              ["LeftUpperLeg"] = CFrame.new(0.000000, -0.000000, -0.000100, 0.985458, 0.118653, -0.121624, -0.160251, 0.411018, -0.897423, -0.056493, 0.903872, 0.424075),

              ["LowerTorso"] = CFrame.new(0.000000, -0.917817, -0.006109, 1.000000, -0.000000, -0.000000, 0.000000, 0.258992, 0.965879, 0.000000, -0.965879, 0.258992),

              ["RightFoot"] = CFrame.new(0.000000, 0.032788, -0.000101, 0.999290, 0.028817, 0.024265, -0.020850, 0.959518, -0.280885, -0.031375, 0.280168, 0.959435),

              ["RightHand"] = CFrame.new(-0.000500, 0.000000, -0.000000, 1.000000, -0.000000, -0.000000, -0.000000, 1.000000, 0.000001, 0.000000, -0.000000, 1.000000),

              ["RightLowerArm"] = CFrame.new(0.000000, 0.041555, 0.008997, 1.000000, 0.000000, 0.000000, -0.000000, 0.909609, -0.415464, -0.000000, 0.415464, 0.909609),

              ["RightLowerLeg"] = CFrame.new(0.000000, 0.125848, -0.099090, 1.000000, 0.000000, 0.000000, -0.000000, -0.025893, 0.999664, 0.000000, -0.999665, -0.025905),

              ["RightUpperArm"] = CFrame.new(0.008075, -0.080749, -0.038597, 0.983849, 0.157011, 0.085954, 0.161498, -0.985707, -0.047962, 0.077195, 0.061068, -0.995144),

              ["RightUpperLeg"] = CFrame.new(0.000000, -0.000000, -0.000000, 0.996992, -0.070298, 0.032624, 0.057102, 0.381696, -0.922515, 0.052399, 0.921611, 0.384581),

              ["UpperTorso"] = CFrame.new(0.000000, 0.000000, 0.000000, 1.000000, -0.000000, 0.000000, -0.000000, 0.861224, 0.508226, -0.000000, -0.508226, 0.861224)

          }},

          {Time = 0.080, Data = {

              ["Head"] = CFrame.new(0.000000, 0.000000, 0.000000, 1.000000, 0.000000, 0.000000, 0.000000, 0.992153, -0.125034, 0.000000, 0.125034, 0.992153),

              ["LeftFoot"] = CFrame.new(0.000000, 0.032217, -0.000001, 0.995230, -0.074631, -0.062841, 0.056815, 0.966946, -0.248579, 0.079312, 0.243814, 0.966571),

              ["LeftHand"] = CFrame.new(0.000500, 0.000100, 0.000000, 1.000000, 0.000000, 0.000000, 0.000000, 1.000000, 0.000001, -0.000000, -0.000000, 1.000000),

              ["LeftLowerArm"] = CFrame.new(-0.000500, 0.030100, 0.004637, 1.000000, -0.000000, -0.000000, 0.000000, 0.953325, -0.301946, 0.000000, 0.301946, 0.953325),

              ["LeftLowerLeg"] = CFrame.new(-0.000000, 0.125877, -0.092943, 1.000000, -0.000000, -0.000000, 0.000000, 0.037021, 0.999315, -0.000000, -0.999314, 0.037008),

              ["LeftUpperArm"] = CFrame.new(-0.009484, -0.084528, -0.047418, 0.981033, -0.172083, -0.089228, -0.169057, -0.984774, 0.040486, -0.094836, -0.024634, -0.995188),

              ["LeftUpperLeg"] = CFrame.new(0.000000, -0.000000, -0.000100, 0.985458, 0.118653, -0.121624, -0.160251, 0.411018, -0.897423, -0.056493, 0.903872, 0.424075),

              ["LowerTorso"] = CFrame.new(0.000000, -0.917817, -0.006109, 1.000000, -0.000000, -0.000000, 0.000000, 0.258992, 0.965879, 0.000000, -0.965879, 0.258992),

              ["RightFoot"] = CFrame.new(0.000000, 0.032788, -0.000101, 0.999290, 0.028817, 0.024265, -0.020850, 0.959518, -0.280885, -0.031375, 0.280168, 0.959435),

              ["RightHand"] = CFrame.new(-0.000500, 0.000000, -0.000000, 1.000000, 0.000000, -0.000000, -0.000000, 1.000000, 0.000001, 0.000000, -0.000000, 1.000000),

              ["RightLowerArm"] = CFrame.new(-0.000000, 0.041555, 0.008997, 1.000000, 0.000000, 0.000000, -0.000000, 0.909609, -0.415464, -0.000000, 0.415464, 0.909609),

              ["RightLowerLeg"] = CFrame.new(0.000000, 0.125848, -0.099090, 1.000000, 0.000000, 0.000000, -0.000000, -0.025893, 0.999664, 0.000000, -0.999665, -0.025905),

              ["RightUpperArm"] = CFrame.new(0.008075, -0.079385, -0.041329, 0.983849, 0.157011, 0.085954, 0.158771, -0.987216, -0.013987, 0.082659, 0.027408, -0.996201),

              ["RightUpperLeg"] = CFrame.new(0.000000, -0.000000, -0.000000, 0.996992, -0.070298, 0.032624, 0.057102, 0.381696, -0.922515, 0.052399, 0.921611, 0.384581),

              ["UpperTorso"] = CFrame.new(0.000000, 0.000000, 0.000000, 1.000000, -0.000000, 0.000000, -0.000000, 0.877851, 0.478933, -0.000000, -0.478933, 0.877851)

          }},

          {Time = 0.100, Data = {

              ["Head"] = CFrame.new(0.000000, -0.000000, -0.000000, 1.000000, 0.000000, 0.000000, 0.000000, 0.982749, -0.184947, 0.000000, 0.184947, 0.982749),

              ["LeftFoot"] = CFrame.new(0.000000, 0.032217, -0.000001, 0.995230, -0.074631, -0.062841, 0.056815, 0.966946, -0.248579, 0.079312, 0.243814, 0.966571),

              ["LeftHand"] = CFrame.new(0.000500, 0.000100, 0.000000, 1.000000, 0.000000, 0.000000, 0.000000, 1.000000, 0.000001, -0.000000, -0.000000, 1.000000),

              ["LeftLowerArm"] = CFrame.new(-0.000500, 0.030100, 0.004637, 1.000000, -0.000000, -0.000000, 0.000000, 0.953325, -0.301946, 0.000000, 0.301946, 0.953325),

              ["LeftLowerLeg"] = CFrame.new(-0.000000, 0.125877, -0.092943, 1.000000, -0.000000, -0.000000, 0.000000, 0.037021, 0.999315, -0.000000, -0.999314, 0.037008),

              ["LeftUpperArm"] = CFrame.new(-0.009484, -0.082538, -0.050804, 0.981033, -0.172083, -0.089228, -0.165076, -0.982968, 0.080768, -0.101607, -0.064507, -0.992731),

              ["LeftUpperLeg"] = CFrame.new(0.000000, -0.000000, -0.000100, 0.985458, 0.118653, -0.121624, -0.160251, 0.411018, -0.897423, -0.056493, 0.903872, 0.424075),

              ["LowerTorso"] = CFrame.new(0.000000, -0.917817, -0.006109, 1.000000, -0.000000, -0.000000, 0.000000, 0.258992, 0.965879, 0.000000, -0.965879, 0.258992),

              ["RightFoot"] = CFrame.new(0.000000, 0.032788, -0.000101, 0.999290, 0.028817, 0.024265, -0.020850, 0.959518, -0.280885, -0.031375, 0.280168, 0.959435),

              ["RightHand"] = CFrame.new(-0.000500, -0.000000, -0.000000, 1.000000, 0.000000, -0.000000, 0.000000, 1.000000, 0.000001, 0.000000, -0.000000, 1.000000),

              ["RightLowerArm"] = CFrame.new(-0.000000, 0.041555, 0.008998, 1.000000, 0.000000, 0.000000, -0.000000, 0.909609, -0.415464, -0.000000, 0.415464, 0.909609),

              ["RightLowerLeg"] = CFrame.new(0.000000, 0.125848, -0.099090, 1.000000, 0.000000, 0.000000, -0.000000, -0.025893, 0.999664, 0.000000, -0.999665, -0.025905),

              ["RightUpperArm"] = CFrame.new(0.008075, -0.077661, -0.044485, 0.983849, 0.157011, 0.085954, 0.155322, -0.987521, 0.026040, 0.088970, -0.012269, -0.995959),

              ["RightUpperLeg"] = CFrame.new(0.000000, -0.000000, -0.000000, 0.996992, -0.070298, 0.032624, 0.057102, 0.381696, -0.922515, 0.052399, 0.921611, 0.384581),

              ["UpperTorso"] = CFrame.new(0.000000, 0.000000, 0.000000, 1.000000, -0.000000, 0.000000, -0.000000, 0.896153, 0.443745, -0.000000, -0.443745, 0.896153)

          }},

          {Time = 0.120, Data = {

              ["Head"] = CFrame.new(0.000000, 0.000000, -0.000000, 1.000000, 0.000000, 0.000000, 0.000000, 0.968046, -0.250773, 0.000000, 0.250773, 0.968046),

              ["LeftFoot"] = CFrame.new(0.000000, 0.032217, -0.000001, 0.995230, -0.074631, -0.062841, 0.056815, 0.966946, -0.248579, 0.079312, 0.243814, 0.966571),

              ["LeftHand"] = CFrame.new(0.000500, 0.000100, 0.000000, 1.000000, 0.000000, 0.000000, -0.000000, 1.000000, 0.000001, -0.000000, -0.000000, 1.000000),

              ["LeftLowerArm"] = CFrame.new(-0.000500, 0.030099, 0.004637, 1.000000, -0.000000, -0.000000, 0.000000, 0.953325, -0.301946, 0.000000, 0.301946, 0.953325),

              ["LeftLowerLeg"] = CFrame.new(-0.000000, 0.125877, -0.092943, 1.000000, -0.000000, -0.000000, 0.000000, 0.037021, 0.999315, -0.000000, -0.999314, 0.037008),

              ["LeftUpperArm"] = CFrame.new(-0.009484, -0.080173, -0.054459, 0.981033, -0.172083, -0.089228, -0.160346, -0.979079, 0.125273, -0.108918, -0.108590, -0.988102),

              ["LeftUpperLeg"] = CFrame.new(0.000000, -0.000000, -0.000100, 0.985458, 0.118653, -0.121624, -0.160251, 0.411018, -0.897423, -0.056493, 0.903872, 0.424075),

              ["LowerTorso"] = CFrame.new(0.000000, -0.917817, -0.006109, 1.000000, -0.000000, -0.000000, 0.000000, 0.258992, 0.965879, 0.000000, -0.965879, 0.258992),

              ["RightFoot"] = CFrame.new(0.000000, 0.032788, -0.000101, 0.999290, 0.028817, 0.024265, -0.020850, 0.959518, -0.280885, -0.031375, 0.280168, 0.959435),

              ["RightHand"] = CFrame.new(-0.000500, 0.000000, -0.000000, 1.000000, -0.000000, -0.000000, -0.000000, 1.000000, 0.000001, 0.000000, -0.000000, 1.000000),

              ["RightLowerArm"] = CFrame.new(0.000000, 0.041556, 0.008997, 1.000000, 0.000000, 0.000000, -0.000000, 0.909609, -0.415465, -0.000000, 0.415464, 0.909609),

              ["RightLowerLeg"] = CFrame.new(0.000000, 0.125848, -0.099090, 1.000000, 0.000000, 0.000000, -0.000000, -0.025893, 0.999664, 0.000000, -0.999665, -0.025905),

              ["RightUpperArm"] = CFrame.new(0.008075, -0.075603, -0.047899, 0.983849, 0.157011, 0.085954, 0.151206, -0.985995, 0.070366, 0.095798, -0.056233, -0.993811),

              ["RightUpperLeg"] = CFrame.new(0.000000, -0.000000, -0.000000, 0.996992, -0.070298, 0.032624, 0.057102, 0.381696, -0.922515, 0.052399, 0.921611, 0.384581),

              ["UpperTorso"] = CFrame.new(0.000000, 0.000000, 0.000000, 1.000000, -0.000000, 0.000000, -0.000000, 0.914793, 0.403922, -0.000000, -0.403922, 0.914793)

          }},

          {Time = 0.140, Data = {

              ["Head"] = CFrame.new(-0.000000, 0.000000, -0.000000, 1.000000, 0.000000, 0.000000, 0.000000, 0.947624, -0.319388, 0.000000, 0.319388, 0.947624),

              ["LeftFoot"] = CFrame.new(0.000000, 0.032217, -0.000001, 0.995230, -0.074631, -0.062841, 0.056815, 0.966946, -0.248579, 0.079312, 0.243814, 0.966571),

              ["LeftHand"] = CFrame.new(0.000500, 0.000100, -0.000000, 1.000000, 0.000000, 0.000000, 0.000000, 1.000000, 0.000001, -0.000000, -0.000000, 1.000000),

              ["LeftLowerArm"] = CFrame.new(-0.000500, 0.030099, 0.004637, 1.000000, -0.000000, -0.000000, 0.000000, 0.953325, -0.301946, 0.000000, 0.301946, 0.953325),

              ["LeftLowerLeg"] = CFrame.new(-0.000000, 0.125877, -0.092943, 1.000000, -0.000000, -0.000000, 0.000000, 0.037021, 0.999315, -0.000000, -0.999314, 0.037008),

              ["LeftUpperArm"] = CFrame.new(-0.009484, -0.077491, -0.058211, 0.981033, -0.172083, -0.089228, -0.154983, -0.972805, 0.172137, -0.116423, -0.155043, -0.981024),

              ["LeftUpperLeg"] = CFrame.new(0.000000, -0.000000, -0.000100, 0.985458, 0.118653, -0.121624, -0.160251, 0.411018, -0.897423, -0.056493, 0.903872, 0.424075),

              ["LowerTorso"] = CFrame.new(0.000000, -0.917817, -0.006109, 1.000000, -0.000000, -0.000000, 0.000000, 0.258992, 0.965879, 0.000000, -0.965879, 0.258992),

              ["RightFoot"] = CFrame.new(0.000000, 0.032788, -0.000101, 0.999290, 0.028817, 0.024265, -0.020850, 0.959518, -0.280885, -0.031375, 0.280168, 0.959435),

              ["RightHand"] = CFrame.new(-0.000500, 0.000000, 0.000000, 1.000000, 0.000000, -0.000000, 0.000000, 1.000000, 0.000001, 0.000000, -0.000000, 1.000000),

              ["RightLowerArm"] = CFrame.new(0.000000, 0.041556, 0.008997, 1.000000, 0.000000, 0.000000, -0.000000, 0.909609, -0.415464, -0.000000, 0.415464, 0.909609),

              ["RightLowerLeg"] = CFrame.new(0.000000, 0.125848, -0.099090, 1.000000, 0.000000, 0.000000, -0.000000, -0.025893, 0.999664, 0.000000, -0.999665, -0.025905),

              ["RightUpperArm"] = CFrame.new(0.008075, -0.073259, -0.051412, 0.983849, 0.157011, 0.085954, 0.146520, -0.982245, 0.117163, 0.102823, -0.102676, -0.989386),

              ["RightUpperLeg"] = CFrame.new(0.000000, -0.000000, -0.000000, 0.996992, -0.070298, 0.032624, 0.057102, 0.381696, -0.922515, 0.052399, 0.921611, 0.384581),

              ["UpperTorso"] = CFrame.new(0.000000, 0.000000, 0.000000, 1.000000, -0.000000, 0.000000, -0.000000, 0.932607, 0.360893, -0.000000, -0.360893, 0.932607)

          }},

          {Time = 0.160, Data = {

              ["Head"] = CFrame.new(0.000000, 0.000000, 0.000000, 1.000000, 0.000000, 0.000000, 0.000000, 0.921806, -0.387651, 0.000000, 0.387651, 0.921806),

              ["LeftFoot"] = CFrame.new(0.000000, 0.032217, -0.000001, 0.995230, -0.074631, -0.062841, 0.056815, 0.966946, -0.248579, 0.079312, 0.243814, 0.966571),

              ["LeftHand"] = CFrame.new(0.000500, 0.000100, 0.000000, 1.000000, -0.000000, 0.000000, 0.000000, 1.000000, 0.000001, -0.000000, -0.000000, 1.000000),

              ["LeftLowerArm"] = CFrame.new(-0.000500, 0.030099, 0.004637, 1.000000, -0.000000, -0.000000, 0.000000, 0.953325, -0.301946, 0.000000, 0.301946, 0.953325),

              ["LeftLowerLeg"] = CFrame.new(-0.000000, 0.125877, -0.092943, 1.000000, -0.000000, -0.000000, 0.000000, 0.037021, 0.999315, -0.000000, -0.999314, 0.037008),

              ["LeftUpperArm"] = CFrame.new(-0.009484, -0.074579, -0.061899, 0.981033, -0.172083, -0.089228, -0.149159, -0.964148, 0.219476, -0.123797, -0.202004, -0.971529),

              ["LeftUpperLeg"] = CFrame.new(0.000000, -0.000000, -0.000100, 0.985458, 0.118653, -0.121624, -0.160251, 0.411018, -0.897423, -0.056493, 0.903872, 0.424075),

              ["LowerTorso"] = CFrame.new(0.000000, -0.917817, -0.006109, 1.000000, -0.000000, -0.000000, 0.000000, 0.258992, 0.965879, 0.000000, -0.965879, 0.258992),

              ["RightFoot"] = CFrame.new(0.000000, 0.032788, -0.000101, 0.999290, 0.028817, 0.024265, -0.020850, 0.959518, -0.280885, -0.031375, 0.280168, 0.959435),

              ["RightHand"] = CFrame.new(-0.000500, -0.000000, 0.000000, 1.000000, 0.000000, -0.000000, -0.000000, 1.000000, 0.000001, 0.000000, -0.000000, 1.000000),

              ["RightLowerArm"] = CFrame.new(-0.000000, 0.041556, 0.008997, 1.000000, 0.000000, 0.000000, -0.000000, 0.909610, -0.415465, -0.000000, 0.415464, 0.909609),

              ["RightLowerLeg"] = CFrame.new(0.000000, 0.125848, -0.099090, 1.000000, 0.000000, 0.000000, -0.000000, -0.025893, 0.999664, 0.000000, -0.999665, -0.025905),

              ["RightUpperArm"] = CFrame.new(0.008075, -0.070705, -0.054873, 0.983849, 0.157011, 0.085954, 0.141410, -0.976177, 0.164566, 0.109745, -0.149753, -0.982614),

              ["RightUpperLeg"] = CFrame.new(0.000000, -0.000000, -0.000000, 0.996992, -0.070298, 0.032624, 0.057102, 0.381696, -0.922515, 0.052399, 0.921611, 0.384581),

              ["UpperTorso"] = CFrame.new(0.000000, 0.000000, 0.000000, 1.000000, -0.000000, 0.000000, -0.000000, 0.948674, 0.316255, -0.000000, -0.316255, 0.948674)

          }},

          {Time = 0.180, Data = {

              ["Head"] = CFrame.new(0.000000, 0.000000, -0.000000, 1.000000, 0.000000, 0.000000, 0.000000, 0.891710, -0.452608, 0.000000, 0.452608, 0.891710),

              ["LeftFoot"] = CFrame.new(0.000000, 0.032217, -0.000001, 0.995230, -0.074631, -0.062841, 0.056815, 0.966946, -0.248579, 0.079312, 0.243814, 0.966571),

              ["LeftHand"] = CFrame.new(0.000500, 0.000100, 0.000000, 1.000000, 0.000000, 0.000000, -0.000000, 1.000000, 0.000001, -0.000000, -0.000000, 1.000000),

              ["LeftLowerArm"] = CFrame.new(-0.000500, 0.030099, 0.004637, 1.000000, -0.000000, -0.000000, 0.000000, 0.953325, -0.301946, 0.000000, 0.301946, 0.953325),

              ["LeftLowerLeg"] = CFrame.new(-0.000000, 0.125877, -0.092943, 1.000000, -0.000000, -0.000000, 0.000000, 0.037021, 0.999315, -0.000000, -0.999314, 0.037008),

              ["LeftUpperArm"] = CFrame.new(-0.009484, -0.071550, -0.065376, 0.981033, -0.172083, -0.089228, -0.143101, -0.953447, 0.265445, -0.130752, -0.247642, -0.959988),

              ["LeftUpperLeg"] = CFrame.new(0.000000, -0.000000, -0.000100, 0.985458, 0.118653, -0.121624, -0.160251, 0.411018, -0.897423, -0.056493, 0.903872, 0.424075),

              ["LowerTorso"] = CFrame.new(0.000000, -0.917817, -0.006109, 1.000000, -0.000000, -0.000000, 0.000000, 0.258992, 0.965879, 0.000000, -0.965879, 0.258992),

              ["RightFoot"] = CFrame.new(0.000000, 0.032788, -0.000101, 0.999290, 0.028817, 0.024265, -0.020850, 0.959518, -0.280885, -0.031375, 0.280168, 0.959435),

              ["RightHand"] = CFrame.new(-0.000500, -0.000000, -0.000000, 1.000000, 0.000000, -0.000000, 0.000000, 1.000000, 0.000001, 0.000000, -0.000000, 1.000000),

              ["RightLowerArm"] = CFrame.new(-0.000000, 0.041555, 0.008998, 1.000000, 0.000000, 0.000000, -0.000000, 0.909609, -0.415465, -0.000000, 0.415464, 0.909609),

              ["RightLowerLeg"] = CFrame.new(0.000000, 0.125848, -0.099090, 1.000000, 0.000000, 0.000000, -0.000000, -0.025893, 0.999664, 0.000000, -0.999665, -0.025905),

              ["RightUpperArm"] = CFrame.new(0.008075, -0.068038, -0.058146, 0.983849, 0.157011, 0.085954, 0.136076, -0.968027, 0.210729, 0.116292, -0.195630, -0.973758),

              ["RightUpperLeg"] = CFrame.new(0.000000, -0.000000, -0.000000, 0.996992, -0.070298, 0.032624, 0.057102, 0.381696, -0.922515, 0.052399, 0.921611, 0.384581),

              ["UpperTorso"] = CFrame.new(0.000000, 0.000000, 0.000000, 1.000000, -0.000000, 0.000000, -0.000000, 0.962370, 0.271743, -0.000000, -0.271743, 0.962370)

          }},

          {Time = 0.200, Data = {

              ["Head"] = CFrame.new(0.000000, 0.000000, 0.000000, 1.000000, 0.000000, 0.000000, 0.000000, 0.859172, -0.511688, 0.000000, 0.511688, 0.859172),

              ["LeftFoot"] = CFrame.new(0.000000, 0.032217, -0.000001, 0.995230, -0.074631, -0.062841, 0.056815, 0.966946, -0.248579, 0.079312, 0.243814, 0.966571),

              ["LeftHand"] = CFrame.new(0.000500, 0.000100, -0.000000, 1.000000, -0.000000, 0.000000, -0.000000, 1.000000, 0.000001, -0.000000, -0.000000, 1.000000),

              ["LeftLowerArm"] = CFrame.new(-0.000500, 0.030099, 0.004637, 1.000000, -0.000000, -0.000000, 0.000000, 0.953325, -0.301946, 0.000000, 0.301946, 0.953325),

              ["LeftLowerLeg"] = CFrame.new(-0.000000, 0.125877, -0.092943, 1.000000, -0.000000, -0.000000, 0.000000, 0.037021, 0.999315, -0.000000, -0.999314, 0.037008),

              ["LeftUpperArm"] = CFrame.new(-0.009484, -0.068542, -0.068524, 0.981033, -0.172083, -0.089228, -0.137084, -0.941363, 0.308293, -0.137048, -0.290214, -0.947098),

              ["LeftUpperLeg"] = CFrame.new(0.000000, -0.000000, -0.000100, 0.985458, 0.118653, -0.121624, -0.160251, 0.411018, -0.897423, -0.056493, 0.903872, 0.424075),

              ["LowerTorso"] = CFrame.new(0.000000, -0.917817, -0.006109, 1.000000, -0.000000, -0.000000, 0.000000, 0.258992, 0.965879, 0.000000, -0.965879, 0.258992),

              ["RightFoot"] = CFrame.new(0.000000, 0.032788, -0.000101, 0.999290, 0.028817, 0.024265, -0.020850, 0.959518, -0.280885, -0.031375, 0.280168, 0.959435),

              ["RightHand"] = CFrame.new(-0.000500, 0.000000, 0.000000, 1.000000, 0.000000, -0.000000, -0.000000, 1.000000, 0.000001, 0.000000, -0.000000, 1.000000),

              ["RightLowerArm"] = CFrame.new(0.000000, 0.041555, 0.008998, 1.000000, 0.000000, 0.000000, -0.000000, 0.909609, -0.415465, -0.000000, 0.415464, 0.909609),

              ["RightLowerLeg"] = CFrame.new(0.000000, 0.125848, -0.099090, 1.000000, 0.000000, 0.000000, -0.000000, -0.025893, 0.999664, 0.000000, -0.999665, -0.025905),

              ["RightUpperArm"] = CFrame.new(0.008075, -0.065381, -0.061119, 0.983849, 0.157011, 0.085954, 0.130762, -0.958355, 0.253884, 0.122237, -0.238544, -0.963408),

              ["RightUpperLeg"] = CFrame.new(0.000000, -0.000000, -0.000000, 0.996992, -0.070298, 0.032624, 0.057102, 0.381696, -0.922515, 0.052399, 0.921611, 0.384581),

              ["UpperTorso"] = CFrame.new(0.000000, 0.000000, 0.000000, 1.000000, -0.000000, 0.000000, -0.000000, 0.973385, 0.229175, -0.000000, -0.229175, 0.973385)

          }},

          {Time = 0.220, Data = {

              ["Head"] = CFrame.new(0.000000, -0.000000, -0.000000, 1.000000, 0.000000, 0.000000, 0.000000, 0.826573, -0.562829, 0.000000, 0.562829, 0.826573),

              ["LeftFoot"] = CFrame.new(0.000000, 0.032217, -0.000001, 0.995230, -0.074631, -0.062841, 0.056815, 0.966946, -0.248579, 0.079312, 0.243814, 0.966571),

              ["LeftHand"] = CFrame.new(0.000500, 0.000100, -0.000000, 1.000000, 0.000000, 0.000000, 0.000000, 1.000000, 0.000001, -0.000000, -0.000000, 1.000000),

              ["LeftLowerArm"] = CFrame.new(-0.000500, 0.030100, 0.004637, 1.000000, -0.000000, -0.000000, 0.000000, 0.953325, -0.301946, 0.000000, 0.301946, 0.953325),

              ["LeftLowerLeg"] = CFrame.new(-0.000000, 0.125877, -0.092943, 1.000000, -0.000000, -0.000000, 0.000000, 0.037021, 0.999315, -0.000000, -0.999314, 0.037008),

              ["LeftUpperArm"] = CFrame.new(-0.009484, -0.065710, -0.071244, 0.981033, -0.172083, -0.089228, -0.131420, -0.928833, 0.346407, -0.142488, -0.328111, -0.933831),

              ["LeftUpperLeg"] = CFrame.new(0.000000, -0.000000, -0.000100, 0.985458, 0.118653, -0.121624, -0.160251, 0.411018, -0.897423, -0.056493, 0.903872, 0.424075),

              ["LowerTorso"] = CFrame.new(0.000000, -0.917817, -0.006109, 1.000000, -0.000000, -0.000000, 0.000000, 0.258992, 0.965879, 0.000000, -0.965879, 0.258992),

              ["RightFoot"] = CFrame.new(0.000000, 0.032788, -0.000101, 0.999290, 0.028817, 0.024265, -0.020850, 0.959518, -0.280885, -0.031375, 0.280168, 0.959435),

              ["RightHand"] = CFrame.new(-0.000500, 0.000000, 0.000000, 1.000000, 0.000000, -0.000000, -0.000000, 1.000000, 0.000001, 0.000000, -0.000000, 1.000000),

              ["RightLowerArm"] = CFrame.new(0.000000, 0.041555, 0.008997, 1.000000, 0.000000, 0.000000, -0.000000, 0.909610, -0.415465, -0.000000, 0.415464, 0.909609),

              ["RightLowerLeg"] = CFrame.new(0.000000, 0.125848, -0.099090, 1.000000, 0.000000, 0.000000, -0.000000, -0.025893, 0.999664, 0.000000, -0.999665, -0.025905),

              ["RightUpperArm"] = CFrame.new(0.008075, -0.062873, -0.063696, 0.983849, 0.157011, 0.085954, 0.125747, -0.948000, 0.292377, 0.127391, -0.276847, -0.952432),

              ["RightUpperLeg"] = CFrame.new(0.000000, -0.000000, -0.000000, 0.996992, -0.070298, 0.032624, 0.057102, 0.381696, -0.922515, 0.052399, 0.921611, 0.384581),

              ["UpperTorso"] = CFrame.new(0.000000, 0.000000, 0.000000, 1.000000, -0.000000, 0.000000, -0.000000, 0.981708, 0.190395, -0.000000, -0.190395, 0.981708)

          }},

          {Time = 0.240, Data = {

              ["Head"] = CFrame.new(0.000000, 0.000000, -0.000000, 1.000000, 0.000000, 0.000000, 0.000000, 0.796616, -0.604486, 0.000000, 0.604486, 0.796616),

              ["LeftFoot"] = CFrame.new(0.000000, 0.032217, -0.000001, 0.995230, -0.074631, -0.062841, 0.056815, 0.966946, -0.248579, 0.079312, 0.243814, 0.966571),

              ["LeftHand"] = CFrame.new(0.000500, 0.000100, 0.000000, 1.000000, 0.000000, 0.000000, 0.000000, 1.000000, 0.000001, -0.000000, -0.000000, 1.000000),

              ["LeftLowerArm"] = CFrame.new(-0.000500, 0.030099, 0.004637, 1.000000, -0.000000, -0.000000, 0.000000, 0.953325, -0.301946, 0.000000, 0.301946, 0.953325),

              ["LeftLowerLeg"] = CFrame.new(-0.000000, 0.125877, -0.092943, 1.000000, -0.000000, -0.000000, 0.000000, 0.037021, 0.999315, -0.000000, -0.999314, 0.037008),

              ["LeftUpperArm"] = CFrame.new(-0.009484, -0.063220, -0.073462, 0.981033, -0.172083, -0.089228, -0.126440, -0.916996, 0.378327, -0.146925, -0.359869, -0.921362),

              ["LeftUpperLeg"] = CFrame.new(0.000000, -0.000000, -0.000100, 0.985458, 0.118653, -0.121624, -0.160251, 0.411018, -0.897423, -0.056493, 0.903872, 0.424075),

              ["LowerTorso"] = CFrame.new(0.000000, -0.917817, -0.006109, 1.000000, -0.000000, -0.000000, 0.000000, 0.258992, 0.965879, 0.000000, -0.965879, 0.258992),

              ["RightFoot"] = CFrame.new(0.000000, 0.032788, -0.000101, 0.999290, 0.028817, 0.024265, -0.020850, 0.959518, -0.280885, -0.031375, 0.280168, 0.959435),

              ["RightHand"] = CFrame.new(-0.000500, 0.000000, 0.000000, 1.000000, 0.000000, -0.000000, -0.000000, 1.000000, 0.000001, 0.000000, -0.000000, 1.000000),

              ["RightLowerArm"] = CFrame.new(-0.000000, 0.041556, 0.008997, 1.000000, 0.000000, 0.000000, -0.000000, 0.909609, -0.415464, -0.000000, 0.415464, 0.909609),

              ["RightLowerLeg"] = CFrame.new(0.000000, 0.125848, -0.099090, 1.000000, 0.000000, 0.000000, -0.000000, -0.025893, 0.999664, 0.000000, -0.999665, -0.025905),

              ["RightUpperArm"] = CFrame.new(0.008075, -0.060664, -0.065803, 0.983849, 0.157011, 0.085954, 0.121328, -0.938004, 0.324697, 0.131606, -0.309024, -0.941905),

              ["RightUpperLeg"] = CFrame.new(0.000000, -0.000000, -0.000000, 0.996992, -0.070298, 0.032624, 0.057102, 0.381696, -0.922515, 0.052399, 0.921611, 0.384581),

              ["UpperTorso"] = CFrame.new(0.000000, 0.000000, 0.000000, 1.000000, -0.000000, 0.000000, -0.000000, 0.987563, 0.157225, -0.000000, -0.157225, 0.987563)

          }},

          {Time = 0.260, Data = {

              ["Head"] = CFrame.new(0.000000, -0.000000, 0.000000, 1.000000, 0.000000, 0.000000, 0.000000, 0.772085, -0.635520, 0.000000, 0.635520, 0.772085),

              ["LeftFoot"] = CFrame.new(0.000000, 0.032217, -0.000001, 0.995230, -0.074631, -0.062841, 0.056815, 0.966946, -0.248579, 0.079312, 0.243814, 0.966571),

              ["LeftHand"] = CFrame.new(0.000500, 0.000100, -0.000000, 1.000000, -0.000000, 0.000000, -0.000000, 1.000000, 0.000001, -0.000000, -0.000000, 1.000000),

              ["LeftLowerArm"] = CFrame.new(-0.000500, 0.030099, 0.004637, 1.000000, -0.000000, -0.000000, 0.000000, 0.953325, -0.301946, 0.000000, 0.301946, 0.953325),

              ["LeftLowerLeg"] = CFrame.new(-0.000000, 0.125877, -0.092943, 1.000000, -0.000000, -0.000000, 0.000000, 0.037021, 0.999315, -0.000000, -0.999314, 0.037008),

              ["LeftUpperArm"] = CFrame.new(-0.009484, -0.061242, -0.075119, 0.981033, -0.172083, -0.089228, -0.122485, -0.907093, 0.402717, -0.150238, -0.384150, -0.910965),

              ["LeftUpperLeg"] = CFrame.new(0.000000, -0.000000, -0.000100, 0.985458, 0.118653, -0.121624, -0.160251, 0.411018, -0.897423, -0.056493, 0.903872, 0.424075),

              ["LowerTorso"] = CFrame.new(0.000000, -0.917817, -0.006109, 1.000000, -0.000000, -0.000000, 0.000000, 0.258992, 0.965879, 0.000000, -0.965879, 0.258992),

              ["RightFoot"] = CFrame.new(0.000000, 0.032788, -0.000101, 0.999290, 0.028817, 0.024265, -0.020850, 0.959518, -0.280885, -0.031375, 0.280168, 0.959435),

              ["RightHand"] = CFrame.new(-0.000500, 0.000000, 0.000000, 1.000000, 0.000000, -0.000000, 0.000000, 1.000000, 0.000001, 0.000000, -0.000000, 1.000000),

              ["RightLowerArm"] = CFrame.new(0.000000, 0.041556, 0.008997, 1.000000, 0.000000, 0.000000, -0.000000, 0.909609, -0.415464, -0.000000, 0.415464, 0.909609),

              ["RightLowerLeg"] = CFrame.new(0.000000, 0.125848, -0.099090, 1.000000, 0.000000, 0.000000, -0.000000, -0.025893, 0.999664, 0.000000, -0.999665, -0.025905),

              ["RightUpperArm"] = CFrame.new(0.008075, -0.058906, -0.067381, 0.983849, 0.157011, 0.085954, 0.117812, -0.929521, 0.349445, 0.134763, -0.333675, -0.933006),

              ["RightUpperLeg"] = CFrame.new(0.000000, -0.000000, -0.000000, 0.996992, -0.070298, 0.032624, 0.057102, 0.381696, -0.922515, 0.052399, 0.921611, 0.384581),

              ["UpperTorso"] = CFrame.new(0.000000, 0.000000, 0.000000, 1.000000, -0.000000, 0.000000, -0.000000, 0.991325, 0.131435, -0.000000, -0.131435, 0.991325)

          }},

          {Time = 0.280, Data = {

              ["Head"] = CFrame.new(0.000000, 0.000000, -0.000000, 1.000000, 0.000000, 0.000000, 0.000000, 0.755654, -0.654971, 0.000000, 0.654971, 0.755654),

              ["LeftFoot"] = CFrame.new(0.000000, 0.032217, -0.000001, 0.995230, -0.074631, -0.062841, 0.056815, 0.966946, -0.248579, 0.079312, 0.243814, 0.966571),

              ["LeftHand"] = CFrame.new(0.000500, 0.000100, 0.000000, 1.000000, 0.000000, 0.000000, 0.000000, 1.000000, 0.000001, -0.000000, -0.000000, 1.000000),

              ["LeftLowerArm"] = CFrame.new(-0.000500, 0.030100, 0.004637, 1.000000, -0.000000, -0.000000, 0.000000, 0.953325, -0.301946, 0.000000, 0.301946, 0.953325),

              ["LeftLowerLeg"] = CFrame.new(-0.000000, 0.125877, -0.092943, 1.000000, -0.000000, -0.000000, 0.000000, 0.037021, 0.999315, -0.000000, -0.999314, 0.037008),

              ["LeftUpperArm"] = CFrame.new(-0.009484, -0.059942, -0.076161, 0.981033, -0.172083, -0.089228, -0.119885, -0.900357, 0.418311, -0.152321, -0.399680, -0.903910),

              ["LeftUpperLeg"] = CFrame.new(0.000000, -0.000000, -0.000100, 0.985458, 0.118653, -0.121624, -0.160251, 0.411018, -0.897423, -0.056493, 0.903872, 0.424075),

              ["LowerTorso"] = CFrame.new(0.000000, -0.917817, -0.006109, 1.000000, -0.000000, -0.000000, 0.000000, 0.258992, 0.965879, 0.000000, -0.965879, 0.258992),

              ["RightFoot"] = CFrame.new(0.000000, 0.032788, -0.000101, 0.999290, 0.028817, 0.024265, -0.020850, 0.959518, -0.280885, -0.031375, 0.280168, 0.959435),

              ["RightHand"] = CFrame.new(-0.000500, 0.000000, -0.000000, 1.000000, -0.000000, -0.000000, -0.000000, 1.000000, 0.000001, 0.000000, 0.000000, 1.000000),

              ["RightLowerArm"] = CFrame.new(0.000000, 0.041555, 0.008997, 1.000000, 0.000000, 0.000000, -0.000000, 0.909609, -0.415464, -0.000000, 0.415464, 0.909609),

              ["RightLowerLeg"] = CFrame.new(0.000000, 0.125848, -0.099090, 1.000000, 0.000000, 0.000000, -0.000000, -0.025893, 0.999664, 0.000000, -0.999665, -0.025905),

              ["RightUpperArm"] = CFrame.new(0.008075, -0.057749, -0.068375, 0.983849, 0.157011, 0.085954, 0.115498, -0.923699, 0.365294, 0.136751, -0.349466, -0.926916),

              ["RightUpperLeg"] = CFrame.new(0.000000, -0.000000, -0.000000, 0.996992, -0.070298, 0.032624, 0.057102, 0.381696, -0.922515, 0.052399, 0.921611, 0.384581),

              ["UpperTorso"] = CFrame.new(0.000000, 0.000000, 0.000000, 1.000000, -0.000000, 0.000000, -0.000000, 0.993396, 0.114736, -0.000000, -0.114736, 0.993396)

          }},

          {Time = 0.300, Data = {

              ["Head"] = CFrame.new(0.000000, 0.000000, 0.000000, 1.000000, 0.000000, 0.000000, 0.000000, 0.749714, -0.661762, 0.000000, 0.661762, 0.749714),

              ["LeftFoot"] = CFrame.new(0.000000, 0.032217, -0.000001, 0.995230, -0.074631, -0.062841, 0.056815, 0.966946, -0.248579, 0.079312, 0.243814, 0.966571),

              ["LeftHand"] = CFrame.new(0.000500, 0.000100, 0.000000, 1.000000, -0.000000, 0.000000, -0.000000, 1.000000, 0.000001, -0.000000, -0.000000, 1.000000),

              ["LeftLowerArm"] = CFrame.new(-0.000500, 0.030100, 0.004637, 1.000000, -0.000000, -0.000000, 0.000000, 0.953325, -0.301946, 0.000000, 0.301946, 0.953325),

              ["LeftLowerLeg"] = CFrame.new(-0.000000, 0.125877, -0.092943, 1.000000, -0.000000, -0.000000, 0.000000, 0.037021, 0.999315, -0.000000, -0.999314, 0.037008),

              ["LeftUpperArm"] = CFrame.new(-0.009484, -0.059476, -0.076525, 0.981033, -0.172083, -0.089228, -0.118954, -0.897903, 0.423816, -0.153049, -0.405163, -0.901343),

