return {
    ["Pretty Scene Girl!"] = {
        {Time = 0.000, Data = {
            ["RightFoot"] = CFrame.new(-1.2759119272232056e-07, 2.980232238769531e-07, -5.75528247281909e-09, 0.9960532188415527, 0.07014978677034378, -0.05437956377863884, -0.08287639170885086, 0.9543805122375488, -0.2868616282939911, 0.03177512437105179, 0.29023611545562744, 0.9564273357391357),
            ["LeftLowerArm"] = CFrame.new(-2.086162567138672e-07, 0, 2.1606683731079102e-07, 1, -1.937151665742931e-07, -8.195637946073475e-08, 2.53319797138829e-07, -0.1493142545223236, -0.9887899160385132, 1.266598985694145e-07, 0.9887899160385132, -0.14931394159793854),
            ["RightUpperArm"] = CFrame.new(1.1920928955078125e-07, -0.065238356590271, 4.7497451305389404e-08, 0.7272757291793823, -0.567555844783783, -0.3859403729438782, -0.13095486164093018, 0.43723413348197937, -0.8897624611854553, 0.6737366318702698, 0.6976438164710999, 0.24366557598114014),
            ["Head"] = CFrame.new(-2.1624146029353142e-08, -3.5762786865234375e-07, 2.735760062932968e-08, 0.9962875843048096, 0.08585607260465622, 0.006314139813184738, -0.08279570937156677, 0.9756954312324524, -0.20288757979869843, -0.023579811677336693, 0.20161163806915283, 0.979181706905365),
            ["LowerTorso"] = CFrame.new(0.010867075994610786, -0.10022091865539551, 0.03868403658270836, 0.9995867609977722, -0.02625640667974949, -0.01170338038355112, 0.02649962157011032, 0.9994255900382996, 0.021124448627233505, 0.011141899973154068, -0.021425973623991013, 0.999708354473114),
            ["UpperTorso"] = CFrame.new(-3.6670826375484467e-09, 2.9802322387695312e-08, 3.183231456205249e-09, 0.9998089075088501, -0.01830648072063923, 0.0068667372688651085, 0.017368663102388382, 0.9928606152534485, 0.118009053170681, -0.00897793285548687, -0.11786702275276184, 0.9929888248443604),
            ["HumanoidRootPart"] = CFrame.new(0, 0, 0, 1, 0, 0, 0, 1, 0, 0, 0, 1),
            ["RightUpperLeg"] = CFrame.new(-0.000025510787963867188, -0.00012526096543297172, -0.004997499752789736, 0.9932742714881897, -0.0721266120672226, -0.09057667851448059, 0.03764469176530838, 0.9409452080726624, -0.3364592492580414, 0.10949558019638062, 0.33078673481941223, 0.9373319745063782),
            ["LeftUpperArm"] = CFrame.new(0, -0.0652385950088501, -1.0244548320770264e-08, 0.46407821774482727, 0.8371966481208801, -0.28936609625816345, -0.20703116059303284, -0.21511085331439972, -0.9543927311897278, -0.8612604737281799, 0.502821147441864, 0.07349766045808792),
            ["RightLowerArm"] = CFrame.new(1.1920928955078125e-07, -2.384185791015625e-07, 2.2351741790771484e-08, 1, -1.629815749026875e-08, 1.266598843585598e-07, -8.707863230483781e-08, -0.23876897990703583, -0.971076488494873, 1.268926581587948e-07, 0.971076488494873, -0.23876911401748657),
            ["LeftHand"] = CFrame.new(-8.940696716308594e-08, 2.980232238769531e-07, -2.2351741790771484e-08, 0.935272216796875, 0.34191378951072693, -0.0914389118552208, -0.34861958026885986, 0.9345488548278809, -0.07129525393247604, 0.06107715517282486, 0.09855759143829346, 0.9932552576065063),
            ["LeftFoot"] = CFrame.new(6.472691893577576e-08, 0, -1.4901161193847656e-08, 0.99371337890625, 0.025194089859724045, -0.109082892537117, -0.039008837193250656, 0.9912083148956299, -0.12642988562583923, 0.1049385815858841, 0.12989023327827454, 0.9859597086906433),
            ["RightHand"] = CFrame.new(-3.725290298461914e-08, 1.7881393432617188e-07, 5.960464477539063e-08, 0.8664615154266357, -0.41559693217277527, 0.27662938833236694, 0.4691004753112793, 0.8673580884933472, -0.16623735427856445, -0.1708487719297409, 0.2738051414489746, 0.9464889764785767),
            ["RightLowerLeg"] = CFrame.new(-1.1920928955078125e-07, -4.76837158203125e-07, 9.482755558565259e-08, 1, 1.6577531880557217e-07, 1.5646209305941738e-07, 4.507601261138916e-07, 0.8026496171951294, 0.5964507460594177, -1.0244548320770264e-07, -0.5964508652687073, 0.802649736404419),
            ["LeftUpperLeg"] = CFrame.new(0.000025451183319091797, 0.00012609234545379877, 0.004997492302209139, 0.9383223652839661, 0.24011187255382538, 0.24879209697246552, -0.04018141329288483, 0.7903960943222046, -0.6112767457962036, -0.3434189260005951, 0.5635781288146973, 0.7512943744659424),
            ["LeftLowerLeg"] = CFrame.new(1.862645149230957e-09, 1.1920928955078125e-07, -1.1920928955078125e-07, 1, 7.636844401304188e-08, 4.889444227273998e-08, -1.0803340444454079e-07, 0.6031394004821777, 0.7976357936859131, 6.51925713412993e-09, -0.7976358532905579, 0.6031394600868225),
        }},
        {Time = 0.033, Data = {
            ["RightFoot"] = CFrame.new(-9.12696123123169e-08, 3.5762786865234375e-07, -5.75528247281909e-09, 0.9956369400024414, 0.07576705515384674, -0.054466258734464645, -0.0886482447385788, 0.9502537250518799, -0.2985956072807312, 0.029132578521966934, 0.30212104320526123, 0.9528243541717529),
            ["LeftLowerArm"] = CFrame.new(5.960464477539063e-08, 2.384185791015625e-07, 3.3155083656311035e-07, 1, 4.47035120032524e-08, 1.3411040811206476e-07, 1.1874358563090937e-07, -0.21824468672275543, -0.9758942127227783, 1.4156097449813387e-07, 0.9758941531181335, -0.21824419498443604),
            ["RightUpperArm"] = CFrame.new(-1.1920928955078125e-07, -0.06523776054382324, 8.381903171539307e-09, 0.7133646011352539, -0.6322363615036011, -0.30230456590652466, -0.0789046585559845, 0.3561697006225586, -0.9310840368270874, 0.6963369250297546, 0.6880555152893066, 0.2041923999786377),
            ["Head"] = CFrame.new(-2.3283064365386963e-10, 3.5762786865234375e-07, 1.7462298274040222e-08, 0.9990136027336121, 0.032564666122198105, 0.03019038774073124, -0.025478331372141838, 0.977169394493103, -0.21092821657657623, -0.03636994957923889, 0.20995111763477325, 0.9770352244377136),
            ["LowerTorso"] = CFrame.new(-0.0019610130693763494, -0.09084320068359375, 0.042718660086393356, 0.9996276497840881, 0.02358313277363777, -0.013730903156101704, -0.023271124809980392, 0.9994770884513855, 0.022448601201176643, 0.014253023080527782, -0.022120816633105278, 0.9996537566184998),
            ["UpperTorso"] = CFrame.new(7.275957614183426e-10, -8.940696716308594e-08, 5.8498699218034744e-09, 0.9997575879096985, -0.02194392867386341, 0.0017953140195459127, 0.021560829132795334, 0.9922924041748047, 0.12202905863523483, -0.004459159914404154, -0.12196072190999985, 0.9925249814987183),
            ["HumanoidRootPart"] = CFrame.new(0, 0, 0, 1, 0, 0, 0, 1, 0, 0, 0, 1),
            ["RightUpperLeg"] = CFrame.new(-0.000025540590286254883, -0.0001259541604667902, -0.004997487645596266, 0.989770770072937, -0.12796847522258759, -0.06307071447372437, 0.09485949575901031, 0.9205054640769958, -0.3790397644042969, 0.1065623089671135, 0.36917969584465027, 0.9232285618782043),
            ["LeftUpperArm"] = CFrame.new(0, -0.06523776054382324, 9.313225746154785e-10, 0.48759013414382935, 0.8572503924369812, -0.16546136140823364, -0.16687819361686707, -0.09451352804899216, -0.9814372062683105, -0.8569758534431458, 0.5061512589454651, 0.09697262197732925),
            ["RightLowerArm"] = CFrame.new(-1.1920928955078125e-07, -1.7881393432617188e-07, 1.6391277313232422e-07, 1, -1.0058288779646318e-07, 1.1501830954330217e-07, 2.0861619987044833e-07, -0.22960041463375092, -0.9732850790023804, 1.9930298833514826e-07, 0.9732850193977356, -0.22960017621517181),
            ["LeftHand"] = CFrame.new(1.4901161193847656e-08, 0, 9.685754776000977e-08, 0.9396671056747437, 0.3313372731208801, -0.08509671688079834, -0.33712059259414673, 0.9391553997993469, -0.06585566699504852, 0.05809842422604561, 0.09057007730007172, 0.9941939115524292),
            ["LeftFoot"] = CFrame.new(3.5390257835388184e-08, 0, 4.470348358154297e-08, 0.9942129850387573, 0.010976392775774002, -0.10686567425727844, -0.017242252826690674, 0.9981741309165955, -0.05788879469037056, 0.1060347929596901, 0.0593964122235775, 0.9925868511199951),
            ["RightHand"] = CFrame.new(8.195638656616211e-08, -1.1920928955078125e-07, 0, 0.8654124736785889, -0.4167698621749878, 0.2781442403793335, 0.4707474708557129, 0.8664300441741943, -0.16642071306705475, -0.17163360118865967, 0.27495792508125305, 0.9460126161575317),
            ["RightLowerLeg"] = CFrame.new(-9.313225746154785e-09, 4.172325134277344e-07, -3.55576048605144e-08, 1, 7.823104652970869e-08, 1.955777406692505e-07, 3.7252877405080653e-07, 0.7617678046226501, 0.647849977016449, 4.470345160711986e-08, -0.6478502154350281, 0.7617680430412292),
            ["LeftUpperLeg"] = CFrame.new(0.000025510787963867188, 0.0001254501985386014, 0.004997491370886564, 0.939235270023346, 0.18422240018844604, 0.2896541655063629, 0.00413138372823596, 0.8376693725585938, -0.5461620688438416, -0.34324923157691956, 0.5141714215278625, 0.7860073447227478),
            ["LeftLowerLeg"] = CFrame.new(2.60770320892334e-08, 2.384185791015625e-07, 8.940696716308594e-08, 1, 9.685756197086448e-08, 5.587936158235607e-08, -4.842877388000488e-08, 0.6915775537490845, 0.722302258014679, -7.450580596923828e-09, -0.722302258014679, 0.6915775537490845),
        }},
        {Time = 0.067, Data = {
            ["RightFoot"] = CFrame.new(-2.0489096641540527e-08, 2.980232238769531e-07, 9.145878721028566e-09, 0.9950699210166931, 0.08037061244249344, -0.05810893326997757, -0.09550934284925461, 0.9344238638877869, -0.3431181311607361, 0.02672119066119194, 0.3469765782356262, 0.9374931454658508),
            ["LeftLowerArm"] = CFrame.new(5.960464477539063e-08, -2.980232238769531e-07, 1.9371509552001953e-07, 1, -2.2351736106429598e-07, 1.7136329688582919e-07, -4.284081711602994e-08, -0.26997026801109314, -0.9628688097000122, -7.450577044210149e-08, 0.9628686904907227, -0.26996996998786926),
            ["RightUpperArm"] = CFrame.new(0, -0.06523823738098145, 7.916241884231567e-09, 0.6790448427200317, -0.7161852717399597, -0.16117212176322937, -0.014319194480776787, 0.20658761262893677, -0.9783233404159546, 0.7339571714401245, 0.6666334271430969, 0.1300269514322281),
            ["Head"] = CFrame.new(1.525040715932846e-08, -3.5762786865234375e-07, 1.0925577953457832e-07, 0.9984680414199829, -0.018083997070789337, 0.05229341238737106, 0.029119599610567093, 0.9753573536872864, -0.21870101988315582, -0.047049812972545624, 0.2198888212442398, 0.9743897318840027),
            ["LowerTorso"] = CFrame.new(-0.016927119344472885, -0.0989224910736084, 0.04730977863073349, 0.9975503087043762, 0.06828667968511581, -0.015178527683019638, -0.06792297214269638, 0.9974184036254883, 0.023303857073187828, 0.016730578616261482, -0.022215910255908966, 0.9996132254600525),
            ["UpperTorso"] = CFrame.new(2.2293534129858017e-08, -3.8743019104003906e-07, -8.68749339133501e-09, 0.9996740221977234, -0.025318071246147156, 0.0032878404017537832, 0.024715354666113853, 0.991977870464325, 0.12397196888923645, -0.006400091107934713, -0.12385021150112152, 0.9922803044319153),
            ["HumanoidRootPart"] = CFrame.new(0, 0, 0, 1, 0, 0, 0, 1, 0, 0, 0, 1),
            ["RightUpperLeg"] = CFrame.new(-0.000025510787963867188, -0.00012583413626998663, -0.004997501615434885, 0.9834893941879272, -0.178420752286911, -0.03024381399154663, 0.14885954558849335, 0.8926594257354736, -0.4254406690597534, 0.10290518403053284, 0.41391459107398987, 0.9044808149337769),
            ["LeftUpperArm"] = CFrame.new(-1.1920928955078125e-07, -0.0652385950088501, -7.2177499532699585e-09, 0.5209782123565674, 0.8529882431030273, -0.03150897100567818, -0.13480599224567413, 0.045771922916173935, -0.989814281463623, -0.8428577184677124, 0.5199193954467773, 0.13883402943611145),
            ["RightLowerArm"] = CFrame.new(1.1920928955078125e-07, -5.960464477539063e-08, 1.8998980522155762e-07, 1, 3.72529100900465e-08, 7.916241173688832e-08, -6.519258732851085e-08, -0.1954926699399948, -0.9807051420211792, 1.527369164477932e-07, 0.980705201625824, -0.1954926699399948),
            ["LeftHand"] = CFrame.new(1.043081283569336e-07, -5.364418029785156e-07, -1.4901161193847656e-08, 0.9435793161392212, 0.3221343159675598, -0.0767318457365036, -0.32699525356292725, 0.9429671168327332, -0.062347300350666046, 0.052271679043769836, 0.08392027020454407, 0.9951005578041077),
            ["LeftFoot"] = CFrame.new(4.6100467443466187e-08, 1.1920928955078125e-07, 5.587935447692871e-08, 0.994894802570343, -0.003257133299484849, -0.10086583346128464, 0.0005806924309581518, 0.9996472001075745, -0.026555944234132767, 0.10091645270586014, 0.0263617355376482, 0.9945456385612488),
            ["RightHand"] = CFrame.new(8.940696716308594e-08, -1.7881393432617188e-07, -1.043081283569336e-07, 0.8613689541816711, -0.4213665723800659, 0.2837144732475281, 0.4771389663219452, 0.8627658486366272, -0.16725262999534607, -0.17430457472801208, 0.2794375419616699, 0.9442101120948792),
            ["RightLowerLeg"] = CFrame.new(-1.4901161193847656e-07, 1.7881393432617188e-07, 3.5222910810261965e-08, 1, -7.450577932388569e-09, 2.0116563348437921e-07, 3.315508081414009e-07, 0.7039996385574341, 0.7102001905441284, 7.4505797087454084e-09, -0.7102004289627075, 0.7039996981620789),
            ["LeftUpperLeg"] = CFrame.new(0.0000254213809967041, 0.00012561160838231444, 0.004997485317289829, 0.9397329688072205, 0.11674220114946365, 0.321361780166626, 0.04865306615829468, 0.8846795558929443, -0.4636537432670593, -0.3384297788143158, 0.4513462781906128, 0.8256827592849731),
            ["LeftLowerLeg"] = CFrame.new(1.6391277313232422e-07, -1.7881393432617188e-07, 1.4901161193847656e-08, 1, 4.6566135836201283e-08, 1.7695128917694092e-08, -7.264315371457997e-08, 0.7808210849761963, 0.6247548460960388, -1.2107191693644381e-08, -0.6247548460960388, 0.7808210253715515),
        }},
        {Time = 0.100, Data = {
            ["RightFoot"] = CFrame.new(2.7008354663848877e-08, 2.980232238769531e-07, -5.75528247281909e-09, 0.9943284392356873, 0.08585236966609955, -0.06277193129062653, -0.10393530130386353, 0.909548819065094, -0.40239042043685913, 0.02254699356853962, 0.4066328704357147, 0.9133135676383972),
            ["LeftLowerArm"] = CFrame.new(3.2782554626464844e-07, 0, 2.2351741790771484e-08, 1, -3.874302478834579e-07, -8.754431490842762e-08, 2.980231954552437e-07, -0.3119789659976959, -0.9500890374183655, -1.1548398504146462e-07, 0.9500890374183655, -0.3119787573814392),
            ["RightUpperArm"] = CFrame.new(-5.960464477539063e-08, -0.06523799896240234, 9.057112038135529e-08, 0.6289490461349487, -0.7763093709945679, 0.042032983154058456, 0.06677264720201492, 0.00007399917376460508, -0.9977681636810303, 0.774573802947998, 0.6303521990776062, 0.05188268795609474),
            ["Head"] = CFrame.new(-4.423782229423523e-09, -1.1920928955078125e-07, 4.426692612469196e-08, 0.9956884980201721, -0.0554395467042923, 0.0743711069226265, 0.07070095092058182, 0.9725838899612427, -0.22154481709003448, -0.060049764811992645, 0.22584781050682068, 0.9723100662231445),
            ["LowerTorso"] = CFrame.new(-0.03272983059287071, -0.12279987335205078, 0.0503009632229805, 0.9943439960479736, 0.10489224642515182, -0.016663281247019768, -0.10447927564382553, 0.9942381381988525, 0.02397145703434944, 0.019081586971879005, -0.022095005959272385, 0.9995737671852112),
            ["UpperTorso"] = CFrame.new(2.561137080192566e-09, 0, 1.4551915228366852e-09, 0.9997379779815674, -0.02190726436674595, 0.006648416165262461, 0.02092340961098671, 0.9921818375587463, 0.1230342760682106, -0.009291686117649078, -0.12286283820867538, 0.9923802018165588),
            ["HumanoidRootPart"] = CFrame.new(0, 0, 0, 1, 0, 0, 0, 1, 0, 0, 0, 1),
            ["RightUpperLeg"] = CFrame.new(-0.000025540590286254883, -0.0001258577685803175, -0.004997488111257553, 0.975492537021637, -0.219953253865242, 0.005915146786719561, 0.19623298943042755, 0.8575046062469482, -0.4755821228027344, 0.09953413903713226, 0.4650876224040985, 0.8796514272689819),
            ["LeftUpperArm"] = CFrame.new(5.960464477539063e-08, -0.06523787975311279, 4.423782229423523e-08, 0.5621683597564697, 0.8192008137702942, 0.11347483098506927, -0.0903710350394249, 0.19723592698574066, -0.9761819839477539, -0.8220704793930054, 0.5385240316390991, 0.1849117875099182),
            ["RightLowerArm"] = CFrame.new(2.384185791015625e-07, 1.1920928955078125e-07, -7.450580596923828e-08, 1, 8.940698137394065e-08, 2.5890767574310303e-07, -1.564622067462551e-07, -0.09336964040994644, -0.9956316351890564, 2.179295108817314e-07, 0.9956315755844116, -0.09336918592453003),
            ["LeftHand"] = CFrame.new(-4.470348358154297e-08, -2.980232238769531e-07, -4.470348358154297e-08, 0.9466297626495361, 0.3147588074207306, -0.06942155212163925, -0.3188900053501129, 0.9459183812141418, -0.05956156551837921, 0.04691945016384125, 0.07852030545473099, 0.9958077669143677),
            ["LeftFoot"] = CFrame.new(-2.421438694000244e-08, 1.1920928955078125e-07, 1.862645149230957e-08, 0.9956319332122803, -0.02140098810195923, -0.0908798798918724, 0.012430514208972454, 0.9950937628746033, -0.09815294295549393, 0.09253453463315964, 0.09659445285797119, 0.9910131096839905),
            ["RightHand"] = CFrame.new(-7.450580596923828e-08, 1.1920928955078125e-07, 1.4901161193847656e-07, 0.8488896489143372, -0.43589431047439575, 0.29896917939186096, 0.4968341886997223, 0.8510580658912659, -0.16987131536006927, -0.18039432168006897, 0.29273971915245056, 0.9390214681625366),
            ["RightLowerLeg"] = CFrame.new(-1.2293457984924316e-07, 3.5762786865234375e-07, -5.418405635282397e-08, 1, 8.19563368281706e-08, 2.7194610652259144e-07, 4.731115836875688e-07, 0.6265237331390381, 0.7794020175933838, -1.1920921849650767e-07, -0.7794023752212524, 0.6265242099761963),
            ["LeftUpperLeg"] = CFrame.new(0.000025570392608642578, 0.00012541597243398428, 0.004997484385967255, 0.9395894408226013, 0.05860976502299309, 0.3372490108013153, 0.08801581710577011, 0.9107398986816406, -0.40349191427230835, -0.33079445362091064, 0.40880027413368225, 0.8505629897117615),
            ["LeftLowerLeg"] = CFrame.new(-9.685754776000977e-08, -2.384185791015625e-07, -1.4901161193847656e-08, 1, 1.8626458597736928e-08, 6.984919309616089e-08, -4.4703490686970326e-08, 0.8229056000709534, 0.5681782960891724, 3.9581212973871516e-08, -0.5681782364845276, 0.8229054808616638),
        }},
        {Time = 0.133, Data = {
            ["RightFoot"] = CFrame.new(-1.0244548320770264e-08, 3.5762786865234375e-07, -2.8107024263590574e-08, 0.9931133389472961, 0.09601619094610214, -0.06713272631168365, -0.11583070456981659, 0.8906794190406799, -0.4396287202835083, 0.01758144423365593, 0.44437724351882935, 0.895667314529419),
            ["LeftLowerArm"] = CFrame.new(-2.980232238769531e-07, -2.384185791015625e-07, -3.3527612686157227e-07, 1, -5.215408194203519e-08, -9.837092562747785e-08, 2.3096797008292924e-07, -0.33582890033721924, -0.9419232606887817, 1.1920927533992653e-07, 0.9419230222702026, -0.3358280658721924),
            ["RightUpperArm"] = CFrame.new(-1.1920928955078125e-07, -0.06523787975311279, -2.421438694000244e-08, 0.5498690605163574, -0.7730045318603516, 0.3163984715938568, 0.18131522834300995, -0.25930413603782654, -0.9486232995986938, 0.8153336048126221, 0.5789865851402283, -0.0024257865734398365),
            ["Head"] = CFrame.new(8.731149137020111e-09, 1.1920928955078125e-07, 3.14321368932724e-09, 0.9908720254898071, -0.09840638190507889, 0.09213477373123169, 0.1167391836643219, 0.9681674242019653, -0.22141329944133759, -0.06741336733102798, 0.2301480770111084, 0.9708178639411926),
            ["LowerTorso"] = CFrame.new(-0.05104239284992218, -0.14732599258422852, 0.052822597324848175, 0.9903929829597473, 0.1371147632598877, -0.017926303669810295, -0.13665995001792908, 0.9903144836425781, 0.02452046424150467, 0.02111469767987728, -0.021835198625922203, 0.9995386004447937),
            ["UpperTorso"] = CFrame.new(1.2281816452741623e-08, -3.2782554626464844e-07, -5.587935447692871e-09, 0.9998170733451843, -0.0165239404886961, 0.009641253389418125, 0.015206297859549522, 0.9922146797180176, 0.12360745668411255, -0.011608574539422989, -0.12343821674585342, 0.99228435754776),
            ["HumanoidRootPart"] = CFrame.new(0, 0, 0, 1, 0, 0, 0, 1, 0, 0, 0, 1),
            ["RightUpperLeg"] = CFrame.new(-0.000025451183319091797, -0.00012556661386042833, -0.004997488111257553, 0.9655881524085999, -0.2559715509414673, 0.046024661511182785, 0.24195389449596405, 0.8192263841629028, -0.5199289321899414, 0.09538281708955765, 0.5131731629371643, 0.8529687523841858),
            ["LeftUpperArm"] = CFrame.new(5.960464477539063e-08, -0.06523787975311279, -3.4924596548080444e-08, 0.6087825298309326, 0.7480624914169312, 0.26417019963264465, -0.024962056428194046, 0.3508828580379486, -0.9360865950584412, -0.7929443120956421, 0.5632795691490173, 0.23228459060192108),
            ["RightLowerArm"] = CFrame.new(-1.4901161193847656e-07, 5.960464477539063e-08, 1.2293457984924316e-07, 1, -3.725290653733282e-08, 9.639186515641995e-08, 5.587936779960501e-09, 0.07899593561887741, -0.9968748688697815, 1.1920931797249068e-07, 0.9968749284744263, 0.07899647951126099),
            ["LeftHand"] = CFrame.new(-4.470348358154297e-08, 1.7881393432617188e-07, 0, 0.9484137892723083, 0.3103489577770233, -0.06476994603872299, -0.31405818462371826, 0.9476246237754822, -0.05809537321329117, 0.043347351253032684, 0.07543932646512985, 0.9962077140808105),
            ["LeftFoot"] = CFrame.new(4.0978193283081055e-08, -5.960464477539063e-08, 2.2351741790771484e-08, 0.99656081199646, -0.030792824923992157, -0.07693193852901459, 0.01812371239066124, 0.9869092106819153, -0.1602557748556137, 0.08085931837558746, 0.1583101451396942, 0.9840730428695679),
            ["RightHand"] = CFrame.new(2.384185791015625e-07, 0, 1.0291114449501038e-07, 0.8268067240715027, -0.4626273214817047, 0.3199481666088104, 0.5313380360603333, 0.8290233612060547, -0.17435668408870697, -0.18458233773708344, 0.31415948271751404, 0.9312533736228943),
            ["RightLowerLeg"] = CFrame.new(5.960464477539063e-08, 5.960464477539063e-08, 8.737697498872876e-08, 1, 9.685752644372769e-08, 2.4586915969848633e-07, 4.768372150465439e-07, 0.5474101305007935, 0.8368644118309021, -4.0978196835794733e-08, -0.8368645310401917, 0.5474103093147278),
            ["LeftUpperLeg"] = CFrame.new(0.000025570392608642578, 0.0001256006071344018, 0.0049974871799349785, 0.9390702843666077, 0.008720815181732178, 0.3436153531074524, 0.12552988529205322, 0.9219263195991516, -0.36646130681037903, -0.31998345255851746, 0.38726723194122314, 0.864658772945404),
            ["LeftLowerLeg"] = CFrame.new(2.7939677238464355e-08, 5.960464477539063e-08, -2.9802322387695312e-08, 1, 1.6763809895792292e-08, 6.123447349182243e-08, -4.5634813261585805e-08, 0.8418532609939575, 0.5397064685821533, 4.144385812310247e-08, -0.5397064685821533, 0.8418533205986023),
        }},
        {Time = 0.167, Data = {
            ["RightFoot"] = CFrame.new(1.1175870895385742e-08, 2.980232238769531e-07, -5.75528247281909e-09, 0.992365300655365, 0.10169266909360886, -0.06978408992290497, -0.12240102142095566, 0.8815010786056519, -0.4560414254665375, 0.015137876383960247, 0.46110132336616516, 0.8872183561325073),
            ["LeftLowerArm"] = CFrame.new(-5.960464477539063e-08, -1.1920928955078125e-07, -5.587935447692871e-08, 1, -1.6577541828155518e-07, 3.241002559661865e-07, 7.4505797087454084e-09, -0.3275262117385864, -0.9448423385620117, -5.960463766996327e-08, 0.9448421001434326, -0.32752567529678345),
            ["RightUpperArm"] = CFrame.new(0, -0.06523752212524414, 1.6763806343078613e-08, 0.479460209608078, -0.7276709079742432, 0.49052372574806213, 0.2586354613304138, -0.4169631600379944, -0.8713491559028625, 0.8385855555534363, 0.544643759727478, -0.011715571396052837),
            ["Head"] = CFrame.new(1.280568540096283e-08, -2.384185791015625e-07, -2.2817403078079224e-08, 0.9837931990623474, -0.15054312348365784, 0.09740482270717621, 0.16843143105506897, 0.9621891379356384, -0.21406321227550507, -0.0614960752427578, 0.22699999809265137, 0.9719513058662415),
            ["LowerTorso"] = CFrame.new(-0.05987332761287689, -0.15785813331604004, 0.053674742579460144, 0.9876618385314941, 0.1555410772562027, -0.018197115510702133, -0.15507380664348602, 0.9875924587249756, 0.024763843044638634, 0.021823028102517128, -0.02163650095462799, 0.9995276927947998),
            ["UpperTorso"] = CFrame.new(1.57160684466362e-08, 1.1920928955078125e-07, -1.7826096154749393e-09, 0.9998304843902588, -0.014334257692098618, 0.011563058942556381, 0.012795167975127697, 0.9922422766685486, 0.12365900725126266, -0.013245814479887486, -0.12348982691764832, 0.9922574162483215),
            ["HumanoidRootPart"] = CFrame.new(0, 0, 0, 1, 0, 0, 0, 1, 0, 0, 0, 1),
            ["RightUpperLeg"] = CFrame.new(-0.000025540590286254883, -0.00012562237679958344, -0.004997489973902702, 0.959106981754303, -0.2747489809989929, 0.06802042573690414, 0.26712995767593384, 0.7992108464241028, -0.5384271144866943, 0.09357001632452011, 0.534579336643219, 0.8399223685264587),
            ["LeftUpperArm"] = CFrame.new(0, -0.06523764133453369, 4.842877388000488e-08, 0.6488736867904663, 0.6467300653457642, 0.4008788466453552, 0.05461980402469635, 0.48590153455734253, -0.8723050355911255, -0.7589333057403564, 0.5879115462303162, 0.2799646556377411),
            ["RightLowerArm"] = CFrame.new(2.384185791015625e-07, -1.7881393432617188e-07, -2.60770320892334e-07, 1, -8.195638656616211e-08, -1.0803338312825872e-07, 2.5331965503028187e-07, 0.18438620865345, -0.982853889465332, 2.7567139682105335e-07, 0.9828539490699768, 0.1843862235546112),
            ["LeftHand"] = CFrame.new(1.4901161193847656e-08, -1.7881393432617188e-07, -2.9802322387695312e-08, 0.9480600953102112, 0.311233788728714, -0.0656958669424057, -0.31504347920417786, 0.9472540020942688, -0.058800093829631805, 0.043929778039455414, 0.07644274085760117, 0.9961057305335999),
            ["LeftFoot"] = CFrame.new(-5.820766091346741e-08, 1.7881393432617188e-07, 3.725290298461914e-09, 0.9974718689918518, -0.032340094447135925, -0.06327736377716064, 0.02114550583064556, 0.9851844906806946, -0.17018984258174896, 0.06784356385469437, 0.16842153668403625, 0.9833775758743286),
            ["RightHand"] = CFrame.new(-1.4901161193847656e-07, 0, 2.9802322387695312e-08, 0.8127327561378479, -0.48031139373779297, 0.32979801297187805, 0.5529475808143616, 0.8142418265342712, -0.17680254578590393, -0.18361522257328033, 0.3260539174079895, 0.9273479580879211),
            ["RightLowerLeg"] = CFrame.new(-8.568167686462402e-08, 0, 2.4047039914876223e-08, 1, -1.862644793959589e-08, 2.048908953611317e-07, 4.582107635542343e-07, 0.5094637870788574, 0.8604919910430908, 1.1175872671742582e-08, -0.8604921698570251, 0.5094640851020813),
            ["LeftUpperLeg"] = CFrame.new(0.000025570392608642578, 0.00012585357762873173, 0.00499749556183815, 0.9402408599853516, -0.018245436251163483, 0.34002143144607544, 0.14612440764904022, 0.9235633015632629, -0.35451164841651917, -0.30756279826164246, 0.3830118477344513, 0.8710378408432007),
            ["LeftLowerLeg"] = CFrame.new(-8.009374141693115e-08, 5.960464477539063e-08, -1.341104507446289e-07, 1, 2.7008354663848877e-08, 8.638016879558563e-08, -3.725289587919178e-08, 0.8474004864692688, 0.5309541821479797, 2.7939670133036998e-08, -0.5309541821479797, 0.8474004864692688),
        }},
        {Time = 0.200, Data = {
            ["RightFoot"] = CFrame.new(2.3283064365386963e-08, 3.5762786865234375e-07, -1.3205863069742918e-08, 0.9928460717201233, 0.09829482436180115, -0.06778508424758911, -0.11840096861124039, 0.8838268518447876, -0.45258328318595886, 0.015422900207340717, 0.4573710858821869, 0.8891420960426331),
            ["LeftLowerArm"] = CFrame.new(-5.960464477539063e-08, -1.1920928955078125e-07, -1.7136335372924805e-07, 1, -1.2665985593685036e-07, 3.017484857537056e-07, -7.450581485102248e-09, -0.3087517023086548, -0.9511429071426392, 1.0430814256778831e-07, 0.9511426687240601, -0.30875125527381897),
            ["RightUpperArm"] = CFrame.new(-5.960464477539063e-08, -0.0652381181716919, 5.681067705154419e-08, 0.43660104274749756, -0.7003301382064819, 0.5647278428077698, 0.29717931151390076, -0.48021283745765686, -0.8252758383750916, 0.8491548299789429, 0.5281414985656738, -0.001537773059681058),
            ["Head"] = CFrame.new(2.200249582529068e-08, -2.384185791015625e-07, 3.236345946788788e-08, 0.9797589182853699, -0.17730139195919037, 0.09293346852064133, 0.19306419789791107, 0.9596153497695923, -0.2046089470386505, -0.0529029481112957, 0.21840974688529968, 0.9744221568107605),
            ["LowerTorso"] = CFrame.new(-0.05048465356230736, -0.15446758270263672, 0.05306607112288475, 0.9883773326873779, 0.15097680687904358, -0.01778683252632618, -0.15052011609077454, 0.9882984161376953, 0.024697884917259216, 0.02130739949643612, -0.02173364907503128, 0.9995367527008057),
            ["UpperTorso"] = CFrame.new(-1.5599653124809265e-08, -3.5762786865234375e-07, -4.903995431959629e-09, 0.999852180480957, -0.01389879547059536, 0.010126739740371704, 0.012551805004477501, 0.992364764213562, 0.12269782274961472, -0.011754659004509449, -0.12255264818668365, 0.9923924803733826),
            ["HumanoidRootPart"] = CFrame.new(0, 0, 0, 1, 0, 0, 0, 1, 0, 0, 0, 1),
            ["RightUpperLeg"] = CFrame.new(-0.000025540590286254883, -0.00012590549886226654, -0.004997497424483299, 0.9617941975593567, -0.2676733732223511, 0.0574738085269928, 0.2562022805213928, 0.8060095310211182, -0.5335809588432312, 0.09650146961212158, 0.5279200673103333, 0.8437939286231995),
            ["LeftUpperArm"] = CFrame.new(-1.1920928955078125e-07, -0.0652381181716919, 6.146728992462158e-08, 0.6660202145576477, 0.5654239058494568, 0.4865313470363617, 0.11754252016544342, 0.5645431280136108, -0.81699138879776, -0.736614465713501, 0.6013211011886597, 0.30953577160835266),
            ["RightLowerArm"] = CFrame.new(0, 1.7881393432617188e-07, -1.0989606380462646e-07, 1, -5.960465188081798e-08, -3.3155072287627263e-07, 4.0233149434243387e-07, 0.2255764752626419, -0.9742254018783569, -3.7252917195473856e-08, 0.9742255210876465, 0.22557665407657623),
            ["LeftHand"] = CFrame.new(-5.960464477539063e-08, 2.980232238769531e-07, -1.4901161193847656e-08, 0.9470406770706177, 0.3137625753879547, -0.06831683218479156, -0.31784066557884216, 0.9462267756462097, -0.0602693036198616, 0.045732785016298294, 0.07879135012626648, 0.9958416223526001),
            ["LeftFoot"] = CFrame.new(2.6775524020195007e-08, 0, 7.450580596923828e-09, 0.9980869293212891, -0.03375130146741867, -0.051801957190036774, 0.02455214411020279, 0.9853215217590332, -0.16893428564071655, 0.05674343928694725, 0.16733895242214203, 0.9842650890350342),
            ["RightHand"] = CFrame.new(-8.940696716308594e-08, 1.7881393432617188e-07, -2.8312206268310547e-07, 0.8059637546539307, -0.4955581724643707, 0.3237977623939514, 0.5625048279762268, 0.8115353584289551, -0.1581101417541504, -0.18442054092884064, 0.3095683157444, 0.9328216314315796),
            ["RightLowerLeg"] = CFrame.new(8.940696716308594e-08, 1.1920928955078125e-07, -1.673470251262188e-10, 1, 1.043080928297968e-07, 2.4586898916822975e-07, 5.029141334489395e-07, 0.5203341841697693, 0.8539626002311707, -1.0058282384761696e-07, -0.8539627194404602, 0.5203344225883484),
            ["LeftUpperLeg"] = CFrame.new(0.000025540590286254883, 0.00012521154712885618, 0.004997476004064083, 0.9453309178352356, -0.01286203321069479, 0.32585957646369934, 0.1361241340637207, 0.9235719442367554, -0.35844793915748596, -0.29634425044059753, 0.3832097351551056, 0.8748318552970886),
            ["LeftLowerLeg"] = CFrame.new(-9.685754776000977e-08, 0, -2.9802322387695312e-08, 1, 5.215407838932151e-08, -1.4668334102907465e-08, -4.284083487959833e-08, 0.848033607006073, 0.5299427509307861, 4.982575063650074e-08, -0.5299423933029175, 0.8480334281921387),
        }},
        {Time = 0.233, Data = {
            ["RightFoot"] = CFrame.new(4.842877388000488e-08, 2.980232238769531e-07, 4.639878170564771e-08, 0.9938061237335205, 0.09095494449138641, -0.06384938955307007, -0.1098315641283989, 0.891420841217041, -0.4396655261516571, 0.01692625880241394, 0.44395506381988525, 0.8958892822265625),
            ["LeftLowerArm"] = CFrame.new(-1.4901161193847656e-07, -1.7881393432617188e-07, -3.948807716369629e-07, 1, -2.60770320892334e-08, 1.6484405307437555e-07, 2.048908953611317e-08, -0.2915440797805786, -0.9565574526786804, 1.8626444386882213e-07, 0.9565573930740356, -0.29154372215270996),
            ["RightUpperArm"] = CFrame.new(-5.960464477539063e-08, -0.06523776054382324, -4.284083843231201e-08, 0.4208819568157196, -0.6912500858306885, 0.5873939394950867, 0.3110319674015045, -0.4983157515525818, -0.8092840909957886, 0.8521252870559692, 0.5233113169670105, 0.005268814042210579),
            ["Head"] = CFrame.new(-1.9907020032405853e-08, 0, 1.5599653124809265e-08, 0.9794309139251709, -0.18395119905471802, 0.08292848616838455, 0.1970832347869873, 0.9602642059326172, -0.1976132094860077, -0.04328204691410065, 0.2098923921585083, 0.976766049861908),
            ["LowerTorso"] = CFrame.new(-0.03477489575743675, -0.14732599258422852, 0.051657430827617645, 0.9912170171737671, 0.13115376234054565, -0.016958028078079224, -0.13072188198566437, 0.9911171793937683, 0.02446424774825573, 0.020015861839056015, -0.022032704204320908, 0.9995568990707397),
            ["UpperTorso"] = CFrame.new(-9.138602763414383e-09, 2.9802322387695312e-08, 6.111804395914078e-09, 0.9998526573181152, -0.015327456407248974, 0.007735563907772303, 0.014271173626184464, 0.9924467206001282, 0.12184412777423859, -0.009544589556753635, -0.12171567976474762, 0.9925191402435303),
            ["HumanoidRootPart"] = CFrame.new(0, 0, 0, 1, 0, 0, 0, 1, 0, 0, 0, 1),
            ["RightUpperLeg"] = CFrame.new(-0.000025480985641479492, -0.00012545159552246332, -0.00499749556183815, 0.9690027236938477, -0.24511347711086273, 0.030877038836479187, 0.22533485293388367, 0.8256596922874451, -0.5172138810157776, 0.10128242522478104, 0.5081391930580139, 0.8552989959716797),
            ["LeftUpperArm"] = CFrame.new(-1.1920928955078125e-07, -0.06523787975311279, -1.4435499906539917e-08, 0.6709058284759521, 0.5223716497421265, 0.52632075548172, 0.15215495228767395, 0.5976886749267578, -0.7871575355529785, -0.7257646322250366, 0.6081908941268921, 0.32151150703430176),
            ["RightLowerArm"] = CFrame.new(2.384185791015625e-07, 2.384185791015625e-07, -1.8998980522155762e-07, 1, -8.940694584680386e-08, 3.725287456290971e-08, 1.9371513815258368e-07, 0.24053113162517548, -0.9706412553787231, -1.4901164746561335e-08, 0.9706414937973022, 0.2405317723751068),
            ["LeftHand"] = CFrame.new(-5.960464477539063e-08, -3.5762786865234375e-07, -5.960464477539063e-08, 0.946169376373291, 0.3159242570400238, -0.07039471715688705, -0.3202325701713562, 0.9453290700912476, -0.06167867034673691, 0.04705999791622162, 0.08090107887983322, 0.9956105351448059),
            ["LeftFoot"] = CFrame.new(4.6100467443466187e-08, 0, 7.450580596923828e-09, 0.9984354972839355, -0.03628527373075485, -0.042544905096292496, 0.028350841253995895, 0.9843084812164307, -0.17416426539421082, 0.04819672927260399, 0.17268534004688263, 0.9837971329689026),
            ["RightHand"] = CFrame.new(-5.960464477539063e-08, 4.76837158203125e-07, 0, 0.8037974238395691, -0.4997905492782593, 0.322674959897995, 0.5656081438064575, 0.8101438283920288, -0.15412507951259613, -0.18438281118869781, 0.30639246106147766, 0.9338771104812622),
            ["RightLowerLeg"] = CFrame.new(0, 5.960464477539063e-08, -4.487083060666919e-08, 1, -1.8626440123625798e-07, 2.8684723929472966e-07, 4.2468295191611105e-07, 0.553402304649353, 0.8329140543937683, -1.8626444386882213e-08, -0.8329141736030579, 0.5534024834632874),
            ["LeftUpperLeg"] = CFrame.new(0.000025540590286254883, 0.00012602598872035742, 0.004997489973902702, 0.9517984986305237, 0.012649702839553356, 0.30646371841430664, 0.10858714580535889, 0.920544445514679, -0.37524208426475525, -0.2868598401546478, 0.39043304324150085, 0.8747990727424622),
            ["LeftLowerLeg"] = CFrame.new(5.587935447692871e-08, 2.384185791015625e-07, -8.940696716308594e-08, 1, 4.842878453814592e-08, 7.916242772409987e-09, -4.0978193283081055e-08, 0.8401722311973572, 0.5423199534416199, 7.543712854385376e-08, -0.5423197150230408, 0.8401721119880676),
        }},
        {Time = 0.267, Data = {
            ["RightFoot"] = CFrame.new(4.0978193283081055e-08, 2.980232238769531e-07, -5.75528247281909e-09, 0.9943915605545044, 0.086488276720047, -0.060871805995702744, -0.10378459841012955, 0.9087490439414978, -0.40423232316970825, 0.020355215296149254, 0.4082828760147095, 0.9126285314559937),
            ["LeftLowerArm"] = CFrame.new(2.9802322387695312e-08, -2.384185791015625e-07, 1.1920928955078125e-07, 1, 1.0803339023368608e-07, -5.122274160385132e-08, 2.5331974029541016e-07, -0.25758060812950134, -0.9662569761276245, 3.650784492492676e-07, 0.966256856918335, -0.2575800120830536),
            ["RightUpperArm"] = CFrame.new(-5.960464477539063e-08, -0.065238356590271, -3.166496753692627e-08, 0.43466922640800476, -0.7126452326774597, 0.5506353378295898, 0.2980223298072815, -0.4631461501121521, -0.8346725106239319, 0.8498502969741821, 0.5269085168838501, 0.011068969033658504),
            ["Head"] = CFrame.new(3.236345946788788e-08, 0, -4.190951585769653e-08, 0.9810556173324585, -0.18175829946994781, 0.06703709810972214, 0.19144000113010406, 0.9625921249389648, -0.19174771010875702, -0.0296776220202446, 0.20094874501228333, 0.9791521430015564),
            ["LowerTorso"] = CFrame.new(-0.025851009413599968, -0.13484644889831543, 0.049501001834869385, 0.9952247738838196, 0.09630368649959564, -0.015916019678115845, -0.09590698778629303, 0.9950998425483704, 0.024043554440140724, 0.01815340854227543, -0.02240237221121788, 0.9995842576026917),
            ["UpperTorso"] = CFrame.new(9.604264050722122e-09, -4.172325134277344e-07, 2.8812792152166367e-09, 0.9999305605888367, -0.0006347980815917253, 0.011770441196858883, -0.0008056170772761106, 0.9925342798233032, 0.12196382135152817, -0.01175988744944334, -0.12196490168571472, 0.9924647212028503),
            ["HumanoidRootPart"] = CFrame.new(0, 0, 0, 1, 0, 0, 0, 1, 0, 0, 0, 1),
            ["RightUpperLeg"] = CFrame.new(-0.000025600194931030273, -0.00012540502939373255, -0.004997470416128635, 0.977498471736908, -0.21093687415122986, -0.0016043916111811996, 0.1833944320678711, 0.8535749912261963, -0.4876226782798767, 0.10422735661268234, 0.4763564169406891, 0.8730530738830566),
            ["LeftUpperArm"] = CFrame.new(5.960464477539063e-08, -0.0652381181716919, 7.031485438346863e-08, 0.6786882281303406, 0.5318537354469299, 0.5064718723297119, 0.14210236072540283, 0.5814864635467529, -0.8010495901107788, -0.7205479741096497, 0.6156338453292847, 0.31907036900520325),
            ["RightLowerArm"] = CFrame.new(0, -1.1920928955078125e-07, -1.1175870895385742e-08, 1, -2.2351744632942427e-07, 1.490115550950577e-07, -1.3411046495548362e-07, 0.17113453149795532, -0.9852475523948669, -1.564622067462551e-07, 0.9852477312088013, 0.17113527655601501),
            ["LeftHand"] = CFrame.new(-5.960464477539063e-08, 1.1920928955078125e-07, -8.754432201385498e-08, 0.9441485404968262, 0.32086774706840515, -0.07501719892024994, -0.325685054063797, 0.9432891011238098, -0.06430566310882568, 0.05012936517596245, 0.08514532446861267, 0.9951066970825195),
            ["LeftFoot"] = CFrame.new(2.8870999813079834e-08, 1.1920928955078125e-07, -1.862645149230957e-08, 0.9986358284950256, -0.03751392289996147, -0.03632104769349098, 0.03031235560774803, 0.9828794598579407, -0.18173900246620178, 0.042516641318798065, 0.1803903877735138, 0.9826758503913879),
