return {
    ["Primo Moves"] = {
        {Time = 0.000, Data = {
            ["RightFoot"] = CFrame.new(4.470348358154297e-08, 3.5762786865234375e-07, -2.6244379114359617e-08, 0.9957600831985474, 0.05536055564880371, 0.07346541434526443, -0.03545350208878517, 0.9678990840911865, -0.2488251030445099, -0.08488166332244873, 0.2451666295528412, 0.9657582640647888),
            ["LeftLowerArm"] = CFrame.new(1.4901161193847656e-07, -5.960464477539062e-07, -8.940696716308594e-08, 1, -1.4901162614933128e-07, 3.7252898543727042e-09, 4.4703494239684005e-08, 0.333281546831131, -0.9428274631500244, 1.0430815677864302e-07, 0.9428274035453796, 0.3332814872264862),
            ["RightUpperArm"] = CFrame.new(1.1920928955078125e-07, -8.344650268554688e-07, -2.086162567138672e-07, 0.8715209364891052, -0.2483668029308319, -0.42280635237693787, 0.2509126365184784, 0.9666836261749268, -0.05065317451953888, 0.42130047082901, -0.06194213777780533, 0.9048033356666565),
            ["Head"] = CFrame.new(-1.7881393432617188e-07, -0.0000011920928955078125, -2.9802322387695312e-08, 0.8401490449905396, -0.026184584945440292, -0.5417234301567078, -0.08750475943088531, 0.9792034029960632, -0.18304012715816498, 0.5352500677108765, 0.2011842280626297, 0.8203852772712708),
            ["RightHand"] = CFrame.new(-4.172325134277344e-07, 2.384185791015625e-07, -2.9802322387695312e-08, 0.9126790761947632, 0.24287816882133484, 0.32867464423179626, -0.12979282438755035, 0.9348679780960083, -0.3304177224636078, -0.38751867413520813, 0.2589057981967926, 0.8847582936286926),
            ["UpperTorso"] = CFrame.new(6.705522537231445e-08, -2.682209014892578e-07, -1.0745134204626083e-07, 0.9962651133537292, -0.08206318318843842, 0.02686210349202156, 0.07049056887626648, 0.9526209235191345, 0.2958793640136719, -0.04987016320228577, -0.29288071393966675, 0.9548475742340088),
            ["HumanoidRootPart"] = CFrame.new(0, 0, 0, 1, 0, 0, 0, 1, 0, 0, 0, 1),
            ["RightUpperLeg"] = CFrame.new(-1.1920928955078125e-07, -8.568167686462402e-08, -1.0521762305870652e-07, 0.9594926834106445, -0.28165310621261597, 0.006740248296409845, 0.2016720026731491, 0.6699270606040955, -0.7145103216171265, 0.19672858715057373, 0.6869274377822876, 0.6995924711227417),
            ["LeftUpperArm"] = CFrame.new(-2.384185791015625e-07, -8.344650268554688e-07, -2.682209014892578e-07, 0.858360230922699, 0.4428393244743347, 0.25905823707580566, -0.424782931804657, 0.8965973258018494, -0.12519104778766632, -0.2877103388309479, -0.002584457630291581, 0.9577140808105469),
            ["RightLowerArm"] = CFrame.new(0.0000015497207641601562, -0.000001430511474609375, 7.152557373046875e-07, 1, -7.450583439094771e-08, 9.685747670573619e-08, 9.685756907629184e-08, -0.5141350626945496, -0.8577092289924622, 1.6391281576488836e-07, 0.8577092885971069, -0.5141350626945496),
            ["LeftHand"] = CFrame.new(6.854534149169922e-07, 0, 5.960464477539063e-08, 0.9143052101135254, -0.40453478693962097, 0.01994231529533863, 0.39656686782836914, 0.884113609790802, -0.24713927507400513, 0.08234510570764542, 0.233869269490242, 0.9687747359275818),
            ["LeftFoot"] = CFrame.new(-8.742790669202805e-08, 1.7881393432617188e-07, -1.1175870895385742e-08, 0.9998927116394043, -0.008238306269049644, -0.012113173492252827, 0.008403211832046509, 0.9998721480369568, 0.0136036928743124, 0.011999589391052723, -0.013704180717468262, 0.9998341798782349),
            ["LowerTorso"] = CFrame.new(-0.2412673532962799, -0.15666258335113525, -0.15221007168293, 0.8176306486129761, 0.09337757527828217, 0.5681203603744507, -0.11329986900091171, 0.9935608506202698, -0.00024438920081593096, -0.5644849538803101, -0.06416814029216766, 0.8229454755783081),
            ["RightLowerLeg"] = CFrame.new(-8.102506399154663e-08, -0.000003814697265625, -0.000013464763469528407, 1, -2.738090358889167e-07, -2.9057233064122556e-07, 5.960465188081798e-08, -0.4362954795360565, 0.8998037576675415, -1.8626454334480513e-07, -0.8998035192489624, -0.43629488348960876),
            ["LeftUpperLeg"] = CFrame.new(-5.960464477539063e-08, -8.707866072654724e-07, 1.2427335605025291e-08, 0.869736909866333, -0.37713852524757385, -0.31831520795822144, 0.10164118558168411, 0.768052339553833, -0.6322690844535828, 0.4829356074333191, 0.5175542235374451, 0.7063366174697876),
            ["LeftLowerLeg"] = CFrame.new(-1.962762326002121e-07, 0.0000037550926208496094, 0.0000133514404296875, 1, 6.402841279395943e-08, 2.555317202279639e-08, -5.2736126576746756e-08, 0.6875314116477966, 0.7261548042297363, 3.95811987630168e-08, -0.726154625415802, 0.6875312328338623),
        }},
        {Time = 0.033, Data = {
            ["RightFoot"] = CFrame.new(1.4901161193847656e-08, 2.980232238769531e-07, -1.3205863069742918e-08, 0.9975792765617371, 0.0402931272983551, 0.056675516068935394, -0.03136134147644043, 0.9881150126457214, -0.1504828780889511, -0.06206468120217323, 0.14834165573120117, 0.9869866967201233),
            ["LeftLowerArm"] = CFrame.new(4.470348358154297e-07, -5.960464477539063e-08, -6.556510925292969e-07, 1, -1.3411040811206476e-07, -1.1175867342672063e-08, 8.940698137394065e-08, 0.3808998167514801, -0.924616277217865, 6.705523247774181e-08, 0.9246163368225098, 0.3808998465538025),
            ["RightUpperArm"] = CFrame.new(0, -7.152557373046875e-07, -1.043081283569336e-07, 0.82914137840271, -0.19185100495815277, -0.5250884890556335, 0.19141128659248352, 0.9799233675003052, -0.055785417556762695, 0.5252490043640137, -0.05425390228629112, 0.8492173552513123),
            ["Head"] = CFrame.new(-2.0116567611694336e-07, -7.152557373046875e-07, 0, 0.8237512707710266, -0.039542414247989655, -0.5655708312988281, -0.10509898513555527, 0.9696243405342102, -0.22086839377880096, 0.5571249127388, 0.24138149619102478, 0.7945733666419983),
            ["RightHand"] = CFrame.new(-8.940696716308594e-08, 7.152557373046875e-07, -4.917383193969727e-07, 0.9409114122390747, 0.11932432651519775, 0.3169346749782562, -0.03127006068825722, 0.9624825716018677, -0.2695358693599701, -0.3372061848640442, 0.24369877576828003, 0.9093421101570129),
            ["UpperTorso"] = CFrame.new(1.4901161193847656e-08, -2.980232238769531e-07, -1.2665987014770508e-07, 0.9928005337715149, -0.11420349776744843, 0.03612213581800461, 0.09727095812559128, 0.9446781873703003, 0.3132437765598297, -0.06989716738462448, -0.30747491121292114, 0.9489855766296387),
            ["HumanoidRootPart"] = CFrame.new(0, 0, 0, 1, 0, 0, 0, 1, 0, 0, 0, 1),
            ["RightUpperLeg"] = CFrame.new(-2.682209014892578e-07, 2.9802322387695312e-08, -8.830829756334424e-08, 0.948463499546051, -0.3025951683521271, 0.09409278631210327, 0.25969043374061584, 0.572055459022522, -0.7780186533927917, 0.18159820139408112, 0.7623572945594788, 0.6211550831794739),
            ["LeftUpperArm"] = CFrame.new(-4.76837158203125e-07, 0, -4.842877388000488e-08, 0.8879970908164978, 0.44399747252464294, 0.11969786882400513, -0.42529550194740295, 0.8919552564620972, -0.1534256786108017, -0.17488574981689453, 0.08533460646867752, 0.9808838367462158),
            ["RightLowerArm"] = CFrame.new(3.5762786865234375e-07, -0.0000016689300537109375, 6.556510925292969e-07, 1, -9.313227877782992e-08, 1.6391261681292235e-07, 7.078052988163108e-08, -0.38874584436416626, -0.921345055103302, 1.3411047916633834e-07, 0.9213451147079468, -0.38874584436416626),
            ["LeftHand"] = CFrame.new(5.960464477539062e-07, 0, 1.043081283569336e-07, 0.9494380950927734, -0.31395167112350464, 0.0013526231050491333, 0.30357712507247925, 0.9169478416442871, -0.25893545150756836, 0.08005283027887344, 0.24625395238399506, 0.9658936858177185),
            ["LeftFoot"] = CFrame.new(-5.8731529861688614e-08, 1.7881393432617188e-07, -4.470348358154297e-08, 0.9959118962287903, -0.01910156011581421, -0.08828733116388321, 0.012011894956231117, 0.9967106580734253, -0.08014833182096481, 0.08952812850475311, 0.07876012474298477, 0.9928653836250305),
            ["LowerTorso"] = CFrame.new(-0.22675330936908722, -0.19374573230743408, -0.16747698187828064, 0.8070816397666931, 0.10517428070306778, 0.5809970498085022, -0.13425330817699432, 0.9909215569496155, 0.007115224376320839, -0.5749741792678833, -0.08374334126710892, 0.8138746023178101),
            ["RightLowerLeg"] = CFrame.new(-5.587935447692871e-08, -0.0000036954879760742188, -0.000013040546036791056, 1, -1.86264600188224e-07, -2.0861619987044833e-07, 8.940698137394065e-08, -0.24974402785301208, 0.9683119654655457, -2.533197687171196e-07, -0.9683119058609009, -0.2497439980506897),
            ["LeftUpperLeg"] = CFrame.new(-2.384185791015625e-07, -5.438923835754395e-07, 5.587935447692871e-09, 0.8965815901756287, -0.35765600204467773, -0.26119765639305115, 0.11738321185112, 0.7605857253074646, -0.6385372877120972, 0.42703965306282043, 0.5418409109115601, 0.7239102125167847),
            ["LeftLowerLeg"] = CFrame.new(-5.9371814131736755e-09, 0.000003874301910400391, 0.000013396143913269043, 1, 9.022183888873769e-08, 4.3030027541135496e-08, -6.350455095116558e-08, 0.6587879061698914, 0.7523286938667297, 4.784669016544285e-08, -0.7523287534713745, 0.6587879657745361),
        }},
        {Time = 0.067, Data = {
            ["RightFoot"] = CFrame.new(-4.470348358154297e-08, 4.172325134277344e-07, -5.75528247281909e-09, 0.9968034625053406, 0.04363104701042175, 0.0669289231300354, -0.041828181594610214, 0.9987297058105469, -0.028097059577703476, -0.06806942075490952, 0.025208566337823868, 0.9973620772361755),
            ["LeftLowerArm"] = CFrame.new(-4.76837158203125e-07, -7.748603820800781e-07, -4.76837158203125e-07, 1, -7.450583439094771e-08, 4.6566135836201283e-08, 8.940698847936801e-08, 0.47463855147361755, -0.8801808953285217, 1.4901164746561335e-08, 0.880180835723877, 0.47463858127593994),
            ["RightUpperArm"] = CFrame.new(1.1920928955078125e-07, -7.152557373046875e-07, -1.7881393432617188e-07, 0.7444329261779785, -0.1515364646911621, -0.6502740979194641, 0.15054675936698914, 0.9869211316108704, -0.057641077786684036, 0.650503933429718, -0.0549868606030941, 0.7575098276138306),
            ["Head"] = CFrame.new(-1.6391277313232422e-07, -3.5762786865234375e-07, 8.940696716308594e-08, 0.8303076028823853, -0.05680457502603531, -0.5544030666351318, -0.09846416860818863, 0.964189887046814, -0.24625763297080994, 0.5485382080078125, 0.25905823707580566, 0.7949808835983276),
            ["RightHand"] = CFrame.new(-5.21540641784668e-08, 2.384185791015625e-07, -7.450580596923828e-08, 0.9560652375221252, -0.007897715084254742, 0.29304763674736023, 0.07366747409105301, 0.9740324020385742, -0.2140890508890152, -0.2837470769882202, 0.22627118229866028, 0.9318202137947083),
            ["UpperTorso"] = CFrame.new(3.725290298461914e-08, -2.086162567138672e-07, -1.1920928955078125e-07, 0.9970312714576721, -0.07105997204780579, 0.02965015172958374, 0.058052778244018555, 0.9467143416404724, 0.3167995512485504, -0.05058199539780617, -0.3141377866268158, 0.9480290412902832),
            ["HumanoidRootPart"] = CFrame.new(0, 0, 0, 1, 0, 0, 0, 1, 0, 0, 0, 1),
            ["RightUpperLeg"] = CFrame.new(-5.960464477539063e-08, -6.798654794692993e-08, -1.3953103916719556e-07, 0.9460671544075012, -0.3027132749557495, 0.11542132496833801, 0.27117350697517395, 0.5449906587600708, -0.7933784127235413, 0.1772625744342804, 0.7818887829780579, 0.5976861119270325),
            ["LeftUpperArm"] = CFrame.new(0, -7.152557373046875e-07, -2.421438694000244e-07, 0.9060980081558228, 0.4180372655391693, -0.0650482028722763, -0.4224945604801178, 0.8861097097396851, -0.190546452999115, -0.022015593945980072, 0.2001362442970276, 0.9795207381248474),
            ["RightLowerArm"] = CFrame.new(7.152557373046875e-07, -0.0000016689300537109375, 6.51925802230835e-07, 1, -8.102512083496549e-08, 6.50761080578377e-08, 8.70786678319746e-08, -0.18294857442378998, -0.9831224679946899, 9.685756197086448e-08, 0.9831225872039795, -0.18294855952262878),
            ["LeftHand"] = CFrame.new(2.980232238769531e-07, 4.172325134277344e-07, 2.2351741790771484e-07, 0.9732303619384766, -0.2292553037405014, -0.016274835914373398, 0.2166009396314621, 0.9385789632797241, -0.26861435174942017, 0.07685643434524536, 0.2578985393047333, 0.9631103277206421),
            ["LeftFoot"] = CFrame.new(1.4901161193847656e-08, 1.1920928955078125e-07, 5.21540641784668e-08, 0.9879584312438965, -0.038488175719976425, -0.1498558521270752, 0.014842547476291656, 0.9876744747161865, -0.1558174192905426, 0.15400618314743042, 0.15171648561954498, 0.9763524532318115),
            ["LowerTorso"] = CFrame.new(-0.21494027972221375, -0.20193827152252197, -0.1783689260482788, 0.8058707118034363, 0.05498403683304787, 0.5895329713821411, -0.08285091072320938, 0.9963546991348267, 0.02032715082168579, -0.5862662196159363, -0.06522440165281296, 0.8074885010719299),
            ["RightLowerLeg"] = CFrame.new(-1.3969838619232178e-08, -0.000003814697265625, -0.000013448465324472636, 1, -2.0861639882241434e-07, -2.0861628513557662e-07, 1.1175872316471214e-07, 0.17636531591415405, 0.9843248724937439, -1.1920930376163597e-07, -0.9843248128890991, 0.17636504769325256),
            ["LeftUpperLeg"] = CFrame.new(-1.7881393432617188e-07, -7.520429790019989e-07, -1.3783574104309082e-07, 0.9232814908027649, -0.2921852171421051, -0.24935796856880188, 0.06467477232217789, 0.7581368684768677, -0.6488794088363647, 0.3786402642726898, 0.5829719305038452, 0.7188714742660522),
            ["LeftLowerLeg"] = CFrame.new(-2.421438694000244e-07, 0.0000036954879760742188, 0.000013530254364013672, 1, 9.12695767851801e-08, 2.8987432898475163e-08, -3.841705265017481e-08, 0.6102639436721802, 0.7921985983848572, -6.984918199393064e-10, -0.792198121547699, 0.6102634072303772),
        }},
        {Time = 0.100, Data = {
            ["RightFoot"] = CFrame.new(1.4901161193847656e-08, 2.384185791015625e-07, 1.3208045857027173e-07, 0.9928959012031555, 0.027287263423204422, 0.11581549793481827, -0.049826424568891525, 0.979247510433197, 0.19644780457019806, -0.10805157572031021, -0.20082266628742218, 0.9736503958702087),
            ["LeftLowerArm"] = CFrame.new(-1.4901161193847656e-07, 8.344650268554688e-07, -4.172325134277344e-07, 1, -8.940694584680386e-08, 9.685752644372769e-08, 8.195636524988004e-08, 0.3911292254924774, -0.9203357696533203, 7.078050145992165e-08, 0.9203358292579651, 0.3911292552947998),
            ["RightUpperArm"] = CFrame.new(0, -9.5367431640625e-07, -1.9371509552001953e-07, 0.6586201786994934, -0.1389693170785904, -0.7395316958427429, 0.12238847464323044, 0.9894952774047852, -0.07694326341152191, 0.742455780506134, -0.03983376920223236, 0.6687096953392029),
            ["Head"] = CFrame.new(-1.4971010386943817e-07, -7.152557373046875e-07, 8.940696716308594e-08, 0.8699697256088257, -0.07428575307130814, -0.48747774958610535, -0.06182119995355606, 0.9643561840057373, -0.25728467106819153, 0.4892144799232483, 0.25396615266799927, 0.8343681693077087),
            ["RightHand"] = CFrame.new(-2.980232238769531e-07, 5.960464477539062e-07, -5.662441253662109e-07, 0.9533722400665283, -0.0098758889362216, 0.30163535475730896, 0.06791017204523087, 0.9808526635169983, -0.18252800405025482, -0.29405730962753296, 0.19450125098228455, 0.9357882738113403),
            ["UpperTorso"] = CFrame.new(5.960464477539063e-08, -1.7881393432617188e-07, -1.2665987014770508e-07, 0.9959244728088379, -0.007272053509950638, 0.08989821374416351, -0.021637795493006706, 0.9483702182769775, 0.31642651557922363, -0.0875578373670578, -0.3170821964740753, 0.9443476796150208),
            ["HumanoidRootPart"] = CFrame.new(0, 0, 0, 1, 0, 0, 0, 1, 0, 0, 0, 1),
            ["RightUpperLeg"] = CFrame.new(-1.7881393432617188e-07, -2.7939677238464355e-09, -2.4047039914876223e-08, 0.9751818776130676, -0.21543443202972412, 0.051073115319013596, 0.17252786457538605, 0.5948347449302673, -0.7851146459579468, 0.138760507106781, 0.7744415402412415, 0.6172410249710083),
            ["LeftUpperArm"] = CFrame.new(-4.76837158203125e-07, -3.5762786865234375e-07, -2.0023435354232788e-07, 0.9149802327156067, 0.38153329491615295, -0.13131508231163025, -0.40271100401878357, 0.8838074207305908, -0.2381351888179779, 0.025200745090842247, 0.27077099680900574, 0.9623139500617981),
            ["RightLowerArm"] = CFrame.new(2.384185791015625e-07, -0.0000017881393432617188, 2.384185791015625e-07, 1, -8.195643630415361e-08, 1.3411040811206476e-07, 9.313231430496671e-08, -0.018266532570123672, -0.9998332262039185, 7.82311460056917e-08, 0.9998331665992737, -0.01826651394367218),
            ["LeftHand"] = CFrame.new(4.76837158203125e-07, 1.1920928955078125e-07, -2.0116567611694336e-07, 0.9866886138916016, -0.14425678551197052, -0.07507027685642242, 0.1243843287229538, 0.9668387174606323, -0.22305069863796234, 0.1047573983669281, 0.21074406802654266, 0.9719119668006897),
            ["LeftFoot"] = CFrame.new(2.7939677238464355e-08, 5.960464477539063e-08, -5.21540641784668e-08, 0.9832363724708557, -0.013328599743545055, -0.18184755742549896, -0.005976387299597263, 0.9944331049919128, -0.10520105063915253, 0.18223737180233002, 0.10452455282211304, 0.9776831269264221),
            ["LowerTorso"] = CFrame.new(-0.20914842188358307, -0.13139784336090088, -0.18008090555667877, 0.8693394064903259, -0.03706136345863342, 0.492823988199234, 0.023674173280596733, 0.9991624355316162, 0.03337789699435234, -0.4936482310295105, -0.017349524423480034, 0.8694885969161987),
            ["RightLowerLeg"] = CFrame.new(2.9802322387695312e-08, -0.0000035762786865234375, -0.000013405624486040324, 1, -1.3783578367565497e-07, -5.49480709821637e-08, 6.705522537231445e-08, 0.6593666076660156, 0.7518219947814941, -8.940696716308594e-08, -0.7518216967582703, 0.659366250038147),
            ["LeftUpperLeg"] = CFrame.new(-1.1920928955078125e-07, -9.402865543961525e-07, -4.842877388000488e-08, 0.9709326028823853, -0.13743112981319427, -0.19596603512763977, -0.020366676151752472, 0.7683247327804565, -0.6397354602813721, 0.2384851574897766, 0.6251318454742432, 0.7431930303573608),
            ["LeftLowerLeg"] = CFrame.new(-2.3655593395233154e-07, 0.000003993511199951172, 0.000013366341590881348, 1, 7.171180982368242e-08, 6.449410960840396e-08, -5.867330798992043e-08, 0.5810586810112, 0.8138620853424072, 4.051252133763228e-08, -0.8138616681098938, 0.5810582041740417),
        }},
        {Time = 0.133, Data = {
            ["RightFoot"] = CFrame.new(-1.4901161193847656e-08, 3.5762786865234375e-07, -1.5476689441129565e-07, 0.9798367023468018, 0.007087089587002993, 0.19967417418956757, -0.11935333162546158, 0.8222270011901855, 0.5565048456192017, -0.1602337658405304, -0.5691155791282654, 0.8064939975738525),
            ["LeftLowerArm"] = CFrame.new(-4.76837158203125e-07, 4.76837158203125e-07, -1.4901161193847656e-08, 1, -6.705522537231445e-08, 3.725289943190546e-08, 3.725290653733282e-08, 0.23988331854343414, -0.9708017706871033, 5.02914261346632e-08, 0.9708017706871033, 0.23988330364227295),
            ["RightUpperArm"] = CFrame.new(2.384185791015625e-07, 0, -1.9371509552001953e-07, 0.625819742679596, -0.13722756505012512, -0.76780104637146, 0.10703376680612564, 0.9901977181434631, -0.08973491936922073, 0.772588849067688, -0.026022737845778465, 0.6343731880187988),
            ["Head"] = CFrame.new(-1.9744038581848145e-07, -4.76837158203125e-07, -4.470348358154297e-08, 0.920398473739624, -0.10259342193603516, -0.37728169560432434, 0.0009666329715400934, 0.9655535221099854, -0.26020288467407227, 0.39098069071769714, 0.23912549018859863, 0.8887931108474731),
            ["RightHand"] = CFrame.new(-2.086162567138672e-07, 3.5762786865234375e-07, 2.086162567138672e-07, 0.9482670426368713, -0.0031091440469026566, 0.3174586594104767, 0.05358796939253807, 0.9871715307235718, -0.15040220320224762, -0.31291845440864563, 0.15963342785835266, 0.9362688660621643),
            ["UpperTorso"] = CFrame.new(2.9802322387695312e-08, -4.172325134277344e-07, -1.6391277313232422e-07, 0.9874700307846069, 0.0020283390767872334, 0.15779376029968262, -0.05093933641910553, 0.9504877328872681, 0.3065587282180786, -0.149359330534935, -0.31075558066368103, 0.938681423664093),
            ["HumanoidRootPart"] = CFrame.new(0, 0, 0, 1, 0, 0, 0, 1, 0, 0, 0, 1),
            ["RightUpperLeg"] = CFrame.new(-1.7881393432617188e-07, -5.266629159450531e-07, -2.4011387722566724e-07, 0.9938446283340454, -0.11036933958530426, 0.009569131769239902, 0.09014198929071426, 0.7554358243942261, -0.6489915251731873, 0.064399853348732, 0.6458601951599121, 0.7607354521751404),
            ["LeftUpperArm"] = CFrame.new(-4.76837158203125e-07, -1.1920928955078125e-07, -2.5331974029541016e-07, 0.9262834787368774, 0.350129097700119, -0.1393151879310608, -0.37557727098464966, 0.8878918886184692, -0.2656874656677246, 0.030671920627355576, 0.29842549562454224, 0.9539400339126587),
            ["RightLowerArm"] = CFrame.new(5.960464477539062e-07, -0.0000013709068298339844, 1.7881393432617188e-07, 1, -8.195646472586304e-08, 8.195634393359796e-08, 1.0430816388407038e-07, 0.07504011690616608, -0.9971805214881897, 6.705524668859653e-08, 0.9971805214881897, 0.07504018396139145),
            ["LeftHand"] = CFrame.new(5.066394805908203e-07, 1.1920928955078125e-07, 3.8743019104003906e-07, 0.9857121109962463, -0.059132225811481476, -0.1577187478542328, 0.03990970924496651, 0.9916811585426331, -0.12237505614757538, 0.1636429876089096, 0.11433206498622894, 0.9798721075057983),
            ["LeftFoot"] = CFrame.new(-7.171183824539185e-08, 1.1920928955078125e-07, -3.725290298461914e-08, 0.9825258851051331, 0.012569309212267399, -0.1857011616230011, -0.00750627089291811, 0.9995813369750977, 0.027944035828113556, 0.18597467243671417, -0.02606145851314068, 0.9822089076042175),
            ["LowerTorso"] = CFrame.new(-0.2082817703485489, -0.025701165199279785, -0.17162460088729858, 0.9417043328285217, -0.1071048229932785, 0.31893813610076904, 0.097133107483387, 0.9941583871841431, 0.04705766588449478, -0.32211509346961975, -0.013334960676729679, 0.9466065764427185),
            ["RightLowerLeg"] = CFrame.new(7.450580596923828e-08, -0.000003635883331298828, -0.0000133199428091757, 1, -2.421439226907296e-08, 3.725289587919178e-08, 1.30385160446167e-08, 0.9999840259552002, 0.0056673260405659676, -2.9802322387695312e-08, -0.005667826160788536, 0.9999839663505554),
            ["LeftUpperLeg"] = CFrame.new(-2.980232238769531e-07, -4.2765168473124504e-07, -6.891787052154541e-08, 0.9962076544761658, 0.03276355564594269, -0.08060335367918015, -0.07592718303203583, 0.7797584533691406, -0.621458888053894, 0.04248989745974541, 0.6252227425575256, 0.7792894840240479),
            ["LeftLowerLeg"] = CFrame.new(7.264316082000732e-08, 0.0000036954879760742188, 0.000013366341590881348, 1, 1.0617070955731833e-07, -1.7229469406743192e-08, -8.568166975919667e-08, 0.6162940263748169, 0.7875163555145264, -2.7008351111135198e-08, -0.7875161170959473, 0.6162938475608826),
        }},
        {Time = 0.167, Data = {
            ["RightFoot"] = CFrame.new(4.470348358154297e-08, 2.980232238769531e-07, 3.149762051180005e-08, 0.9656087160110474, -0.00738328043371439, 0.25989481806755066, -0.14242547750473022, 0.8212568163871765, 0.5524964332580566, -0.21751974523067474, -0.5705111026763916, 0.7919610738754272),
            ["LeftLowerArm"] = CFrame.new(3.8743019104003906e-07, -2.980232238769531e-07, -3.427267074584961e-07, 1, -7.078050145992165e-08, 8.195636524988004e-08, 6.705523247774181e-08, 0.09471605718135834, -0.9955043792724609, 7.823110337312755e-08, 0.9955043196678162, 0.09471603482961655),
            ["RightUpperArm"] = CFrame.new(1.1920928955078125e-07, -1.1920928955078125e-07, -1.043081283569336e-07, 0.6491419672966003, -0.15609610080718994, -0.7444788217544556, 0.11398474872112274, 0.987628698348999, -0.10768967866897583, 0.7520785331726074, -0.014953292906284332, 0.658903956413269),
            ["Head"] = CFrame.new(-1.6391277313232422e-07, -2.384185791015625e-07, 1.4901161193847656e-08, 0.9613914489746094, -0.1489831507205963, -0.23136672377586365, 0.09119787812232971, 0.9657498002052307, -0.24292027950286865, 0.259633332490921, 0.21244123578071594, 0.9420506358146667),
            ["RightHand"] = CFrame.new(-2.086162567138672e-07, 4.172325134277344e-07, 2.9802322387695312e-08, 0.9460676908493042, 0.02126191183924675, 0.323270708322525, 0.016098879277706146, 0.9935259222984314, -0.11245938390493393, -0.3235689699649811, 0.11159846186637878, 0.9396004676818848),
            ["UpperTorso"] = CFrame.new(5.774199962615967e-08, -4.172325134277344e-07, -1.1920928955078125e-07, 0.9829073548316956, -0.0015793783823028207, 0.18409405648708344, -0.051881756633520126, 0.9570585489273071, 0.28521448373794556, -0.17663919925689697, -0.2898906469345093, 0.9406179189682007),
            ["HumanoidRootPart"] = CFrame.new(0, 0, 0, 1, 0, 0, 0, 1, 0, 0, 0, 1),
            ["RightUpperLeg"] = CFrame.new(-2.086162567138672e-07, 9.872019290924072e-08, -6.875052349641919e-08, 0.9989115595817566, 0.017458906397223473, 0.043255534023046494, 0.021839898079633713, 0.6443387269973755, -0.7644273638725281, -0.04121724143624306, 0.7645409107208252, 0.643257200717926),
            ["LeftUpperArm"] = CFrame.new(-3.5762786865234375e-07, -1.1920928955078125e-07, -1.1920928955078125e-07, 0.9218478798866272, 0.3875275254249573, -0.004363244399428368, -0.36891186237335205, 0.8740043044090271, -0.31626036763191223, -0.11874610930681229, 0.2931535840034485, 0.948662519454956),
            ["RightLowerArm"] = CFrame.new(7.152557373046875e-07, -0.0000028014183044433594, 4.470348358154297e-07, 1, -7.45058699180845e-08, 5.960460924825384e-08, 8.940699558479537e-08, 0.018300801515579224, -0.9998326301574707, 8.940699558479537e-08, 0.9998325705528259, 0.01830076053738594),
            ["LeftHand"] = CFrame.new(-1.1920928955078125e-07, 5.960464477539063e-08, -4.023313522338867e-07, 0.9769657254219055, -0.019587161019444466, -0.21249575912952423, 0.006217257119715214, 0.9979685544967651, -0.06340523064136505, 0.2133059799671173, 0.0606236457824707, 0.9751027226448059),
            ["LeftFoot"] = CFrame.new(-2.7939677238464355e-08, -1.7881393432617188e-07, 5.21540641784668e-08, 0.9872274994850159, 0.008342446759343147, -0.1590983122587204, 0.014214379712939262, 0.9900327324867249, 0.14011834561824799, 0.15868136286735535, -0.14059001207351685, 0.9772689342498779),
            ["LowerTorso"] = CFrame.new(-0.21331703662872314, 0.06900215148925781, -0.1571764349937439, 0.9798955321311951, -0.15879681706428528, 0.12078207731246948, 0.15241292119026184, 0.9864676594734192, 0.06043240427970886, -0.12874406576156616, -0.040808696299791336, 0.990837812423706),
            ["RightLowerLeg"] = CFrame.new(-2.9802322387695312e-08, -0.000003516674041748047, -0.000013059172488283366, 1, 3.7252898543727042e-09, -2.2351734685344127e-08, 5.122274160385132e-09, 0.9999841451644897, 0.005627545528113842, 2.2351741790771484e-08, -0.005627862177789211, 0.9999842047691345),
            ["LeftUpperLeg"] = CFrame.new(-2.384185791015625e-07, -4.628673195838928e-07, -4.0978193283081055e-08, 0.9835163950920105, 0.17833992838859558, 0.02984089031815529, -0.12121086567640305, 0.7727158069610596, -0.6230706572532654, -0.1341768354177475, 0.6091840863227844, 0.7815961241722107),
            ["LeftLowerLeg"] = CFrame.new(-1.5832483768463135e-07, 0.000003814697265625, 0.000013172626495361328, 1, 7.078048014363958e-08, -2.6542700481968495e-08, -8.195636524988004e-08, 0.6446610689163208, 0.7644688487052917, 3.911553747570906e-08, -0.7644684910774231, 0.6446607708930969),
        }},
        {Time = 0.200, Data = {
            ["RightFoot"] = CFrame.new(-1.4901161193847656e-08, 2.980232238769531e-07, 1.8795981304720044e-07, 0.9695796966552734, -0.03271986171603203, 0.24257905781269073, -0.09792085736989975, 0.8564222455024719, 0.506904125213623, -0.22433626651763916, -0.5152380466461182, 0.8271660804748535),
            ["LeftLowerArm"] = CFrame.new(5.960464477539063e-08, -1.7881393432617188e-07, -6.984919309616089e-08, 1, -7.12461769580841e-08, 5.21540464148984e-08, 4.8428763221863846e-08, -0.012934258207678795, -0.9999164342880249, 8.45175023300726e-08, 0.9999164342880249, -0.012934252619743347),
            ["RightUpperArm"] = CFrame.new(1.1920928955078125e-07, -2.384185791015625e-07, -2.3655593395233154e-07, 0.45379069447517395, -0.1967645138502121, -0.8691132068634033, 0.12582635879516602, 0.9796938896179199, -0.15610180795192719, 0.8821802139282227, -0.03851976990699768, 0.46933403611183167),
            ["Head"] = CFrame.new(-1.564621925354004e-07, -8.344650268554688e-07, -9.313225746154785e-08, 0.9796314239501953, -0.18059511482715607, -0.0877932757139206, 0.16074371337890625, 0.9673073291778564, -0.196158304810524, 0.12034826725721359, 0.17805048823356628, 0.9766342043876648),
            ["RightHand"] = CFrame.new(-3.2782554626464844e-07, 5.960464477539062e-07, 3.725290298461914e-07, 0.9433162212371826, 0.18886549770832062, 0.27291837334632874, -0.18429820239543915, 0.9819502234458923, -0.04252195730805397, -0.2760232388973236, -0.01018679141998291, 0.9610970616340637),
            ["UpperTorso"] = CFrame.new(5.51808625459671e-08, -4.470348358154297e-07, -1.5739351511001587e-07, 0.9917032718658447, -0.005526436958462, 0.12842902541160583, -0.027076099067926407, 0.9676823019981384, 0.25071486830711365, -0.12566407024860382, -0.2521122694015503, 0.9595040678977966),
            ["HumanoidRootPart"] = CFrame.new(0, 0, 0, 1, 0, 0, 0, 1, 0, 0, 0, 1),
            ["RightUpperLeg"] = CFrame.new(-2.682209014892578e-07, -7.14324414730072e-07, -1.3580574886873364e-07, 0.9926566481590271, 0.0958549827337265, 0.07378866523504257, 0.006794267799705267, 0.5648468732833862, -0.8251670598983765, -0.1207757294178009, 0.8196096420288086, 0.5600488185882568),
            ["LeftUpperArm"] = CFrame.new(-2.384185791015625e-07, -2.384185791015625e-07, -1.9371509552001953e-07, 0.8857893943786621, 0.4445132315158844, 0.1333610862493515, -0.37033089995384216, 0.8502159118652344, -0.3741495907306671, -0.2797001600265503, 0.2820299565792084, 0.9177291989326477),
            ["RightLowerArm"] = CFrame.new(7.748603820800781e-07, -0.0000010728836059570312, 2.905726432800293e-07, 1, -1.639128583974525e-07, 1.1920923270736239e-07, 4.4703494239684005e-08, -0.08669272065162659, -0.9962350726127625, 1.0803344707710494e-07, 0.996235191822052, -0.08669272065162659),
            ["LeftHand"] = CFrame.new(2.980232238769531e-07, 2.980232238769531e-07, -4.3958425521850586e-07, 0.973634660243988, -0.07070578634738922, -0.21687884628772736, 0.029263604432344437, 0.9816089868545532, -0.18864651024341583, 0.22622855007648468, 0.17732617259025574, 0.9577975869178772),
            ["LeftFoot"] = CFrame.new(-3.282912075519562e-08, -1.1920928955078125e-07, 0, 0.9936655759811401, -0.0412171334028244, -0.1045469343662262, 0.06467438489198685, 0.970547616481781, 0.23206688463687897, 0.09190259873867035, -0.23735767602920532, 0.9670650959014893),
            ["LowerTorso"] = CFrame.new(-0.22493284940719604, 0.13366317749023438, -0.13840706646442413, 0.9839460253715515, -0.175740048289299, -0.031075404956936836, 0.1778213530778885, 0.9802037477493286, 0.08706504851579666, 0.01515941135585308, -0.09119318425655365, 0.9957178235054016),
            ["RightLowerLeg"] = CFrame.new(-7.450580596923828e-09, -0.000003814697265625, -0.000013133678294252604, 1, 9.313226634333205e-09, -7.4505797087454084e-09, -3.725290742551124e-09, 0.9999843835830688, 0.00559444073587656, 0, -0.005594732705503702, 0.9999843239784241),
            ["LeftUpperLeg"] = CFrame.new(0, -8.87550413608551e-07, -8.195638656616211e-08, 0.9670284390449524, 0.24746264517307281, 0.06015373021364212, -0.1489868015050888, 0.7412897944450378, -0.6544394493103027, -0.20654064416885376, 0.6239003539085388, 0.753717839717865),
            ["LeftLowerLeg"] = CFrame.new(-1.9278377294540405e-07, 0.000003635883331298828, 0.00001325458288192749, 1, 9.452920579633428e-08, 1.5134000719285723e-08, -7.078050856534901e-08, 0.6513118743896484, 0.75881028175354, 4.516913776342335e-08, -0.7588101625442505, 0.6513118147850037),
        }},
        {Time = 0.233, Data = {
            ["RightFoot"] = CFrame.new(-6.705522537231445e-08, 3.5762786865234375e-07, 2.773667802102864e-07, 0.9789565801620483, -0.061103083193302155, 0.19470584392547607, -0.025926074013113976, 0.9091484546661377, 0.4156639575958252, -0.20241500437259674, -0.41196560859680176, 0.888433039188385),
            ["LeftLowerArm"] = CFrame.new(-3.8743019104003906e-07, 0, -8.344650268554688e-07, 1, -4.470348358154297e-08, 8.940692453052179e-08, 6.89178563106907e-08, -0.08078921586275101, -0.9967312216758728, 1.378357126213814e-07, 0.9967312216758728, -0.08078919351100922),
            ["RightUpperArm"] = CFrame.new(2.384185791015625e-07, -9.5367431640625e-07, 1.7881393432617188e-07, 0.15681913495063782, -0.273744136095047, -0.9489320516586304, 0.11647284030914307, 0.9592410922050476, -0.2574697732925415, 0.9807353615760803, -0.07014849036931992, 0.1823110431432724),
            ["Head"] = CFrame.new(-2.682209014892578e-07, -0.0000010728836059570312, 1.564621925354004e-07, 0.9815194606781006, -0.19053155183792114, -0.017817117273807526, 0.18721036612987518, 0.975340723991394, -0.11688856035470963, 0.03964872285723686, 0.1113927960395813, 0.9929852485656738),
            ["RightHand"] = CFrame.new(-4.991888999938965e-07, 3.5762786865234375e-07, -0.0000010728836059570312, 0.9060919880867004, 0.361720472574234, 0.21944387257099152, -0.37590527534484863, 0.9263145327568054, 0.025235643610358238, -0.19414575397968292, -0.10535585880279541, 0.9752987623214722),
            ["UpperTorso"] = CFrame.new(-1.30385160446167e-08, -7.450580596923828e-07, -1.4528632164001465e-07, 0.9991663694381714, 0.021109456196427345, 0.03494321554899216, -0.02785222791135311, 0.9782788157463074, 0.20541390776634216, -0.029848061501979828, -0.20621605217456818, 0.9780511856079102),
            ["HumanoidRootPart"] = CFrame.new(0, 0, 0, 1, 0, 0, 0, 1, 0, 0, 0, 1),
            ["RightUpperLeg"] = CFrame.new(-5.960464477539063e-08, -4.367902874946594e-07, -7.992639439180493e-08, 0.9861307740211487, 0.14653708040714264, 0.07793033123016357, -0.007116282358765602, 0.5064422488212585, -0.8622441291809082, -0.16581791639328003, 0.8497312664985657, 0.5004618763923645),
            ["LeftUpperArm"] = CFrame.new(-4.76837158203125e-07, -8.344650268554688e-07, 4.470348358154297e-08, 0.7935730814933777, 0.5289772748947144, 0.30070754885673523, -0.32013019919395447, 0.783237099647522, -0.5329694747924805, -0.5174538493156433, 0.3266845643520355, 0.7908973693847656),
            ["RightLowerArm"] = CFrame.new(6.556510925292969e-07, -0.0000011324882507324219, 6.183981895446777e-07, 1, -9.4529319483172e-08, 9.173523096706049e-08, 1.0989610643719061e-07, -0.18370819091796875, -0.9829808473587036, 1.14552719310268e-07, 0.9829808473587036, -0.18370813131332397),
            ["LeftHand"] = CFrame.new(-2.9802322387695312e-08, -5.960464477539063e-08, -2.980232238769531e-07, 0.971277117729187, -0.09923391044139862, -0.2162715196609497, 0.02848472073674202, 0.9508435130119324, -0.30835920572280884, 0.23624005913734436, 0.29334187507629395, 0.9263591766357422),
            ["LeftFoot"] = CFrame.new(-4.7497451305389404e-08, -1.1920928955078125e-07, 1.862645149230957e-08, 0.9873014688491821, -0.12933476269245148, -0.09224202483892441, 0.14905652403831482, 0.9550204873085022, 0.256355881690979, 0.05493718385696411, -0.2668491303920746, 0.9621710181236267),
            ["LowerTorso"] = CFrame.new(-0.24502326548099518, 0.1734480857849121, -0.1183723509311676, 0.9704592227935791, -0.19260455667972565, -0.14530110359191895, 0.21068063378334045, 0.9699943661689758, 0.12134561687707901, 0.11756952852010727, -0.1483730971813202, 0.9819179177284241),
            ["RightLowerLeg"] = CFrame.new(6.332993507385254e-08, -0.000003635883331298828, -0.000013074073649477214, 1, 2.2351747119842003e-08, -4.0978193283081055e-08, -3.725291186640334e-09, 0.9999845623970032, 0.00555728655308485, 3.725291186640334e-09, -0.005557359661906958, 0.9999845623970032),
            ["LeftUpperLeg"] = CFrame.new(-1.7881393432617188e-07, -9.499490261077881e-07, -7.450580596923828e-09, 0.953682541847229, 0.3004186749458313, 0.015445906668901443, -0.20834852755069733, 0.6966983675956726, -0.6864407062530518, -0.21698078513145447, 0.6514292359352112, 0.7270217537879944),
            ["LeftLowerLeg"] = CFrame.new(-2.421438694000244e-07, 0.0000035762786865234375, 0.000013243407011032104, 1, 7.729975237680264e-08, 3.539026494081554e-08, -6.332992086299782e-08, 0.6218903660774231, 0.7831047177314758, 3.352760558072987e-08, -0.7831043601036072, 0.6218898892402649),
        }},
        {Time = 0.267, Data = {
            ["RightFoot"] = CFrame.new(-2.421438694000244e-08, 1.7881393432617188e-07, 5.3849362302571535e-08, 0.9886118173599243, -0.06566832214593887, 0.13540402054786682, 0.02537357807159424, 0.9596231579780579, 0.2801409363746643, -0.14833353459835052, -0.2735162377357483, 0.950361430644989),
            ["LeftLowerArm"] = CFrame.new(1.7881393432617188e-07, -7.748603820800781e-07, -3.2782554626464844e-07, 1, -7.636845111846924e-08, 1.1175869474300271e-07, 5.960465898624534e-08, -0.08352462947368622, -0.9965057969093323, 9.313227877782992e-08, 0.9965057373046875, -0.08352462947368622),
            ["RightUpperArm"] = CFrame.new(2.384185791015625e-07, 1.1920928955078125e-07, -1.341104507446289e-07, -0.03817389905452728, -0.36608588695526123, -0.9297978281974792, 0.09126903116703033, 0.925309419631958, -0.36806589365005493, 0.995094358921051, -0.09891219437122345, -0.0019103290978819132),
            ["Head"] = CFrame.new(-1.7881393432617188e-07, -1.1920928955078125e-07, 1.4901161193847656e-08, 0.9852771759033203, -0.1689387857913971, -0.026242047548294067, 0.16823376715183258, 0.9853746891021729, -0.027096349745988846, 0.030435822904109955, 0.022282496094703674, 0.9992883801460266),
            ["RightHand"] = CFrame.new(-2.384185791015625e-07, 5.364418029785156e-07, 8.940696716308594e-08, 0.9292739033699036, 0.3306666910648346, 0.1646498441696167, -0.3385166823863983, 0.9407188892364502, 0.021319983527064323, -0.14783939719200134, -0.07554886490106583, 0.986121654510498),
            ["UpperTorso"] = CFrame.new(3.725290298461914e-08, -3.5762786865234375e-07, -1.4901161193847656e-07, 0.9952048063278198, 0.08282306790351868, -0.052036456763744354, -0.07145377993583679, 0.9788918495178223, 0.19148141145706177, 0.06679712235927582, -0.1868450790643692, 0.9801158905029297),
            ["HumanoidRootPart"] = CFrame.new(0, 0, 0, 1, 0, 0, 0, 1, 0, 0, 0, 1),
            ["RightUpperLeg"] = CFrame.new(0, -2.6139605324715376e-07, -1.8440914573147893e-07, 0.980252206325531, 0.189725860953331, 0.05576655641198158, -0.05353594198822975, 0.5260772109031677, -0.8487495183944702, -0.190367192029953, 0.8290035128593445, 0.5258463621139526),
            ["LeftUpperArm"] = CFrame.new(-1.1920928955078125e-07, 1.1920928955078125e-07, -8.940696716308594e-08, 0.7788389921188354, 0.5875199437141418, 0.2196139097213745, -0.30032745003700256, 0.6567065119743347, -0.6917658448219299, -0.550648033618927, 0.47281816601753235, 0.6879168748855591),
            ["RightLowerArm"] = CFrame.new(4.76837158203125e-07, -0.0000014901161193847656, 3.3527612686157227e-07, 1, -8.940703821735951e-08, 1.1920923270736239e-07, 4.4703494239684005e-08, -0.23226313292980194, -0.9726530313491821, 9.685756907629184e-08, 0.9726530909538269, -0.23226319253444672),
            ["LeftHand"] = CFrame.new(5.364418029785156e-07, 4.76837158203125e-07, -5.960464477539063e-08, 0.8589277863502502, 0.08933407068252563, -0.5042446851730347, -0.2241569310426712, 0.9509106278419495, -0.21336053311824799, 0.46043112874031067, 0.2962912619113922, 0.8367883563041687),
