return {
    ["Prince of Egypt"] = {
        {Time = 0.000, Data = {
            ["RightFoot"] = CFrame.new(-2.2351741790771484e-08, 1.1920928955078125e-07, -1.5476689441129565e-07, 0.8354532718658447, 0.16182701289653778, 0.5251944065093994, -0.21643905341625214, 0.9753146767616272, 0.04377679526805878, -0.5051454305648804, -0.15024471282958984, 0.8498556017875671),
            ["LeftLowerArm"] = CFrame.new(2.9802322387695312e-08, -2.384185791015625e-07, 8.940696716308594e-08, 1, -1.0803344707710494e-07, 1.5087429972027167e-07, -6.705523247774181e-08, 1, -0.000007901342542027123, -2.0489098417897367e-08, 0.000008195640475605614, 1),
            ["LeftFoot"] = CFrame.new(7.82310962677002e-08, 5.960464477539063e-08, 3.3527612686157227e-08, 0.9711164236068726, -0.17369969189167023, -0.16359084844589233, 0.06649233400821686, 0.8554529547691345, -0.5135933756828308, 0.22915445268154144, 0.4878818392753601, 0.8422945141792297),
            ["Head"] = CFrame.new(-2.0489096641540527e-08, -1.1920928955078125e-07, 2.0489096641540527e-08, 0.9522761106491089, 0.10336950421333313, 0.28720223903656006, -0.07961787283420563, 0.9924575686454773, -0.09321535378694534, -0.29467156529426575, 0.06590031832456589, 0.9533235430717468),
            ["LowerTorso"] = CFrame.new(-0.10850556939840317, -0.3378005027770996, 0.010055500082671642, 0.9945247173309326, 0.05445954203605652, -0.08918927609920502, -0.06583235412836075, 0.9893290996551514, -0.1299772411584854, 0.08115895837545395, 0.13513706624507904, 0.9874975085258484),
            ["UpperTorso"] = CFrame.new(3.632158041000366e-08, -1.4901161193847656e-07, 4.190951585769653e-08, 0.9855512976646423, -0.10336285829544067, -0.13418163359165192, 0.13179239630699158, 0.9655959606170654, 0.22417733073234558, 0.10639361292123795, -0.23862223327159882, 0.9652667045593262),
            ["HumanoidRootPart"] = CFrame.new(0, 0, 0, 1, 0, 0, 0, 1, 0, 0, 0, 1),
            ["RightUpperLeg"] = CFrame.new(-0.000025451183319091797, -0.00012589804828166962, -0.00499747134745121, 0.7556723356246948, -0.6526573300361633, -0.0547538623213768, 0.3683112859725952, 0.4925910234451294, -0.7884801030158997, 0.5415773391723633, 0.5756670236587524, 0.6126183271408081),
            ["LeftUpperArm"] = CFrame.new(-2.384185791015625e-07, -0.06523787975311279, 5.960464477539063e-08, 0.8103967905044556, -0.15650610625743866, -0.5645912885665894, 0.08592794835567474, 0.9849900007247925, -0.1497035026550293, 0.5795459747314453, 0.0728050023317337, 0.8116807341575623),
            ["RightLowerArm"] = CFrame.new(3.5762786865234375e-07, -4.76837158203125e-07, -3.0547380447387695e-07, 1, -2.1792925508634653e-07, -8.605429684394039e-07, -2.5704503059387207e-07, 1, 9.238729603566753e-07, -8.307397365570068e-07, 0.000002704557800825569, 1),
            ["LeftHand"] = CFrame.new(-5.960464477539063e-08, 0, 2.9802322387695312e-08, 0.581520140171051, 0.7425513863563538, -0.3323429524898529, -0.8129944801330566, 0.5155845880508423, -0.27057838439941406, -0.029567290097475052, 0.4275394380092621, 0.9035128355026245),
            ["RightHand"] = CFrame.new(4.842877388000488e-08, -5.960464477539063e-08, -7.450580596923828e-08, 0.7946885228157043, -0.6054214835166931, -0.044002678245306015, 0.5951237678527832, 0.7913470268249512, -0.13999009132385254, 0.11957384645938873, 0.08505777269601822, 0.9891746640205383),
            ["RightUpperArm"] = CFrame.new(1.1920928955078125e-07, -0.0652381181716919, -3.725290298461914e-08, 0.905216634273529, 0.2920933961868286, 0.3086495101451874, -0.3811179995536804, 0.8793014287948608, 0.2856193780899048, -0.1879684329032898, -0.376179039478302, 0.9072800874710083),
            ["RightLowerLeg"] = CFrame.new(-1.1920928955078125e-07, 5.960464477539063e-08, -7.281050784513354e-08, 1, -1.7508874350369297e-07, -1.5646207884856267e-07, 1.788139627478813e-07, 0.13696327805519104, 0.9905762076377869, -1.266598843585598e-07, -0.9905761480331421, 0.13696318864822388),
            ["LeftUpperLeg"] = CFrame.new(0.0000254213809967041, 0.0001255176030099392, 0.0049974750727415085, 0.8209949731826782, 0.3999570608139038, 0.40743401646614075, -0.19021451473236084, 0.8644675612449646, -0.46530982851982117, -0.5383175611495972, 0.30451640486717224, 0.7858017086982727),
            ["LeftLowerLeg"] = CFrame.new(1.4901161193847656e-08, 1.1920928955078125e-07, -2.9802322387695312e-08, 1, 6.705517563432295e-08, 2.9802347256691064e-08, -4.4703490686970326e-08, 0.4026840925216675, 0.9153388142585754, 8.940698137394065e-08, -0.9153389930725098, 0.40268459916114807),
        }},
        {Time = 0.033, Data = {
            ["RightFoot"] = CFrame.new(-3.3527612686157227e-08, 3.5762786865234375e-07, -6.535992724820971e-08, 0.8626095056533813, 0.19785988330841064, 0.46556952595710754, -0.23556013405323029, 0.9715749621391296, 0.02354021556675434, -0.44767874479293823, -0.129974827170372, 0.884698212146759),
            ["LeftLowerArm"] = CFrame.new(-5.960464477539063e-08, -1.7881393432617188e-07, 7.450580596923828e-09, 1, -1.3411046495548362e-07, -1.862644971595273e-08, -1.3038514623531228e-07, 1, -0.000005021690867579309, 7.357447628919545e-08, 0.000005307607807480963, 1),
            ["LeftFoot"] = CFrame.new(2.60770320892334e-08, 0, -5.21540641784668e-08, 0.9828657507896423, -0.17562822997570038, 0.055949773639440536, 0.1791415810585022, 0.8386944532394409, -0.5142948031425476, 0.043398667126894, 0.5155059099197388, 0.8557864427566528),
            ["Head"] = CFrame.new(7.683411240577698e-09, 1.1920928955078125e-07, 5.3085386753082275e-08, 0.9554324150085449, -0.022669455036520958, 0.2943384349346161, 0.04741344228386879, 0.995887279510498, -0.07720392942428589, -0.2913777530193329, 0.08771876245737076, 0.9525778293609619),
            ["RightUpperArm"] = CFrame.new(0, -0.06523776054382324, 7.450580596923828e-08, 0.7924476265907288, 0.24159568548202515, 0.5600522756576538, -0.44570788741111755, 0.8561894297599792, 0.26131248474121094, -0.41637879610061646, -0.456696093082428, 0.7861663103103638),
            ["UpperTorso"] = CFrame.new(-9.313225746154785e-09, 2.682209014892578e-07, -3.725290298461914e-09, 0.9799798727035522, -0.1357043832540512, -0.14568321406841278, 0.16386833786964417, 0.965354859828949, 0.2030702829360962, 0.11307837069034576, -0.2228775918483734, 0.9682658910751343),
            ["HumanoidRootPart"] = CFrame.new(0, 0, 0, 1, 0, 0, 0, 1, 0, 0, 0, 1),
            ["RightHand"] = CFrame.new(8.940696716308594e-08, 2.384185791015625e-07, -8.940696716308594e-08, 0.7956146001815796, -0.6044819951057434, -0.04000633955001831, 0.5921812653541565, 0.789952278137207, -0.15904904901981354, 0.12774516642093658, 0.1028442308306694, 0.9864597916603088),
            ["LeftUpperArm"] = CFrame.new(0, -0.06523799896240234, -2.9802322387695312e-08, 0.5145898461341858, -0.20247627794742584, -0.8331871032714844, -0.06311400234699249, 0.960138201713562, -0.27230730652809143, 0.8551104664802551, 0.19271227717399597, 0.48129817843437195),
            ["RightLowerArm"] = CFrame.new(2.384185791015625e-07, 3.5762786865234375e-07, 5.960464477539063e-08, 1, 1.862642307060014e-07, -0.000001788142526493175, 1.4901149825163884e-07, 1, 0.000003993518475908786, -0.0000017583357703188085, 0.0000023096763470675796, 1),
            ["LeftHand"] = CFrame.new(1.4901161193847656e-08, 0, -2.2351741790771484e-08, 0.6366610527038574, 0.7229226231575012, -0.2684134542942047, -0.7697187066078186, 0.5745945572853088, -0.2781624495983124, -0.046860843896865845, 0.3836977481842041, 0.9222689270973206),
            ["LowerTorso"] = CFrame.new(-0.1085076555609703, -0.36261773109436035, 0.007209652103483677, 0.9883015155792236, 0.11870405822992325, -0.09575577080249786, -0.12939773499965668, 0.9849597215652466, -0.11450314521789551, 0.08072350919246674, 0.12555411458015442, 0.9887972474098206),
            ["RightUpperLeg"] = CFrame.new(-0.0000254213809967041, -0.00012528523802757263, -0.0049974676221609116, 0.8569439649581909, -0.5026775002479553, 0.1138489618897438, 0.40652695298194885, 0.5234259366989136, -0.7488400340080261, 0.3168327510356903, 0.6879976391792297, 0.652898907661438),
            ["RightLowerLeg"] = CFrame.new(4.470348358154297e-08, 1.7881393432617188e-07, -1.435910235159099e-07, 1, -1.2852252950779075e-07, -4.470347292340193e-08, 1.7881389169360773e-07, 0.11665290594100952, 0.993172824382782, -1.378357126213814e-07, -0.993172824382782, 0.1166529506444931),
            ["LeftUpperLeg"] = CFrame.new(0.000025600194931030273, 0.00012591504491865635, 0.004997510462999344, 0.9295883178710938, 0.23308329284191132, 0.2855493426322937, -0.09682285785675049, 0.9018914699554443, -0.4209707975387573, -0.355655699968338, 0.3636813163757324, 0.8609559535980225),
            ["LeftLowerLeg"] = CFrame.new(5.960464477539063e-08, 1.1920928955078125e-07, -5.960464477539063e-08, 1, 8.195634393359796e-08, 8.940703111193216e-08, -8.940698137394065e-08, 0.4171229600906372, 0.9088499546051025, 4.4703490686970326e-08, -0.9088500738143921, 0.417123407125473),
        }},
        {Time = 0.067, Data = {
            ["RightFoot"] = CFrame.new(-5.122274160385132e-08, 3.5762786865234375e-07, 3.149762051180005e-08, 0.9332944750785828, 0.3066565990447998, 0.1868751049041748, -0.2696840465068817, 0.9421302676200867, -0.1991519182920456, -0.23713277280330658, 0.1354711502790451, 0.9619855284690857),
            ["LeftLowerArm"] = CFrame.new(-5.960464477539063e-08, 2.384185791015625e-07, -2.9802322387695312e-08, 1, -9.778884368927265e-09, -1.0244543346971113e-07, 1.4435496353826238e-08, 0.9910681247711182, -0.13335667550563812, -1.1082735795753251e-07, 0.1333564817905426, 0.9910681247711182),
            ["LeftFoot"] = CFrame.new(8.475035429000854e-08, -5.960464477539063e-08, -1.862645149230957e-08, 0.9426079988479614, -0.16856662929058075, 0.2882290184497833, 0.2969595193862915, 0.8178774118423462, -0.4928398132324219, -0.15266089141368866, 0.5501470565795898, 0.8209950923919678),
            ["Head"] = CFrame.new(-5.587935447692871e-09, 0, 1.816079020500183e-08, 0.9370008111000061, -0.18630239367485046, 0.2955010235309601, 0.21171820163726807, 0.9757146835327148, -0.05618242919445038, -0.2778577506542206, 0.11520590633153915, 0.9536890387535095),
            ["RightUpperArm"] = CFrame.new(1.1920928955078125e-07, -0.0652381181716919, -3.725290298461914e-08, 0.6193851232528687, 0.16241808235645294, 0.768103301525116, -0.48674049973487854, 0.8470847606658936, 0.21338023245334625, -0.6159916520118713, -0.5060313940048218, 0.6037269830703735),
            ["UpperTorso"] = CFrame.new(6.891787052154541e-08, -5.960464477539063e-08, 3.3527612686157227e-08, 0.9792183041572571, -0.14225421845912933, -0.14455120265483856, 0.16640432178974152, 0.9709967374801636, 0.17168357968330383, 0.11593599617481232, -0.19216971099376678, 0.9744894504547119),
            ["HumanoidRootPart"] = CFrame.new(0, 0, 0, 1, 0, 0, 0, 1, 0, 0, 0, 1),
            ["RightHand"] = CFrame.new(1.4901161193847656e-07, 0, -5.960464477539063e-08, 0.7952947616577148, -0.6051337122917175, -0.03634057939052582, 0.5908784866333008, 0.7871728539466858, -0.17669789493083954, 0.1355322301387787, 0.11904649436473846, 0.9835940599441528),
            ["LeftUpperArm"] = CFrame.new(-1.1920928955078125e-07, -0.06523776054382324, 4.470348358154297e-08, 0.2242669016122818, -0.21911223232746124, -0.9495757818222046, -0.2746207118034363, 0.9206976890563965, -0.2773074209690094, 0.9350336790084839, 0.32296377420425415, 0.14630943536758423),
            ["RightLowerArm"] = CFrame.new(5.960464477539063e-08, -1.1920928955078125e-07, -1.4901161193847656e-07, 1, 2.6822038989848807e-07, -0.0000021308705981937237, 2.682205035853258e-07, 1, 0.000009000320460472722, -0.0000021904675122641493, -0.0000013560030538428691, 1),
            ["LeftHand"] = CFrame.new(-7.543712854385376e-08, 0, -3.725290298461914e-08, 0.7581954002380371, 0.6104826331138611, -0.22902199625968933, -0.6519730687141418, 0.7143635749816895, -0.25419652462005615, 0.00842257309705019, 0.3420464098453522, 0.9396451711654663),
            ["LowerTorso"] = CFrame.new(-0.1085076555609703, -0.3821992874145508, 0.005124295596033335, 0.981281042098999, 0.16369567811489105, -0.10144428163766861, -0.17257742583751678, 0.9812365174293518, -0.08597762882709503, 0.08546660840511322, 0.1018751859664917, 0.9911190271377563),
            ["RightUpperLeg"] = CFrame.new(-0.000025480985641479492, -0.00012570573017001152, -0.0049974676221609116, 0.8887649178504944, -0.32709628343582153, 0.32109761238098145, 0.45663222670555115, 0.5710154175758362, -0.6822232007980347, 0.03980081155896187, 0.7529605031013489, 0.6568621397018433),
            ["RightLowerLeg"] = CFrame.new(-5.21540641784668e-08, 1.1920928955078125e-07, 2.1031155483797193e-07, 1, -1.4156103134155273e-07, -1.341104507446289e-07, 1.4901166878189542e-07, 0.03212076425552368, 0.9994840025901794, -1.415610881849716e-07, -0.9994840621948242, 0.032120853662490845),
            ["LeftUpperLeg"] = CFrame.new(0.000025540590286254883, 0.0001257976982742548, 0.004997488111257553, 0.9898486137390137, 0.06885521858930588, 0.12433280050754547, -0.01029140129685402, 0.9072450399398804, -0.4204765260219574, -0.14175239205360413, 0.4149281084537506, 0.8987441062927246),
            ["LeftLowerLeg"] = CFrame.new(-2.421438694000244e-08, 1.7881393432617188e-07, -9.313225746154785e-09, 1, 6.705522537231445e-08, 4.0978196835794733e-08, -8.381903882082042e-08, 0.42306146025657654, 0.9061009883880615, 4.842878098543224e-08, -0.9061010479927063, 0.4230615794658661),
        }},
        {Time = 0.100, Data = {
            ["RightFoot"] = CFrame.new(1.9783328752964735e-08, 2.980232238769531e-07, 1.6952981241047382e-09, 0.9503054022789001, 0.31103989481925964, -0.013157627545297146, -0.2995235025882721, 0.9019591808319092, -0.31105583906173706, -0.08488418161869049, 0.2995392382144928, 0.9503006339073181),
            ["LeftLowerArm"] = CFrame.new(-1.1920928955078125e-07, -2.384185791015625e-07, 5.21540641784668e-08, 1, -2.4400651454925537e-07, 1.303851426825986e-08, -1.3061794845725672e-07, 0.9222891330718994, -0.38650089502334595, -5.960462345910855e-08, 0.38650086522102356, 0.9222890138626099),
            ["LeftFoot"] = CFrame.new(-1.955777406692505e-08, 5.960464477539063e-08, 1.862645149230957e-08, 0.8967359066009521, -0.16033051908016205, 0.41250357031822205, 0.36209261417388916, 0.8017152547836304, -0.47554346919059753, -0.2544674575328827, 0.5758010745048523, 0.776980996131897),
            ["Head"] = CFrame.new(-9.313225746154785e-09, 2.384185791015625e-07, 5.587935447692871e-09, 0.9003190994262695, -0.3212203085422516, 0.2936713695526123, 0.344197541475296, 0.9384578466415405, -0.02872508391737938, -0.26637113094329834, 0.12694266438484192, 0.9554747939109802),
            ["RightUpperArm"] = CFrame.new(-1.7881393432617188e-07, -0.06523776054382324, 5.960464477539063e-08, 0.48965659737586975, 0.12195700407028198, 0.8633440136909485, -0.5134758949279785, 0.84059077501297, 0.1724814474582672, -0.7046836614608765, -0.5277629494667053, 0.4742228388786316),
            ["UpperTorso"] = CFrame.new(-1.6298145055770874e-09, 2.384185791015625e-07, -1.909211277961731e-08, 0.9835166931152344, -0.11957989633083344, -0.13563008606433868, 0.1401745229959488, 0.9780533313751221, 0.15415287017822266, 0.11421962082386017, -0.17062358558177948, 0.9786937236785889),
            ["HumanoidRootPart"] = CFrame.new(0, 0, 0, 1, 0, 0, 0, 1, 0, 0, 0, 1),
            ["RightHand"] = CFrame.new(1.1920928955078125e-07, 2.384185791015625e-07, -2.9802322387695312e-08, 0.7973592281341553, -0.6029008030891418, -0.02700045518577099, 0.588802695274353, 0.7869713306427002, -0.1843581199645996, 0.1323995590209961, 0.13109904527664185, 0.9824882745742798),
            ["LeftUpperArm"] = CFrame.new(-2.384185791015625e-07, -0.06523776054382324, -1.4901161193847656e-08, 0.21008874475955963, -0.2248886227607727, -0.9514661431312561, -0.39602524042129517, 0.8701967597007751, -0.29312431812286377, 0.8938829898834229, 0.4383864998817444, 0.09375713020563126),
            ["RightLowerArm"] = CFrame.new(0, 1.1920928955078125e-07, 1.043081283569336e-07, 1, 0.0000012069934882674715, -0.000001080335891856521, 0.0000012814986121156835, 0.9997671246528625, -0.02157841995358467, -0.0000010952343245662632, 0.0215807743370533, 0.9997671842575073),
            ["LeftHand"] = CFrame.new(-8.195638656616211e-08, -1.7881393432617188e-07, -1.4901161193847656e-07, 0.878210723400116, 0.25483500957489014, -0.40472841262817383, -0.33951565623283386, 0.9281924366950989, -0.15227606892585754, 0.33686086535453796, 0.2711421549320221, 0.901668906211853),
            ["LowerTorso"] = CFrame.new(-0.1085076555609703, -0.3955404758453369, 0.003964203409850597, 0.9776560068130493, 0.1797792911529541, -0.10893987119197845, -0.18787047266960144, 0.9797577261924744, -0.06913655251264572, 0.09430532157421112, 0.08805827796459198, 0.9916411638259888),
            ["RightUpperLeg"] = CFrame.new(-0.000025510787963867188, -0.00012553390115499496, -0.004997504875063896, 0.8811553120613098, -0.20667468011379242, 0.42526450753211975, 0.45487335324287415, 0.6160252094268799, -0.6431206464767456, -0.12905636429786682, 0.7601306438446045, 0.6368250250816345),
            ["RightLowerLeg"] = CFrame.new(-9.220093488693237e-08, 5.960464477539063e-08, 1.0600342648103833e-07, 1, -1.7951246888969763e-07, -1.6321422435794375e-07, 1.3085085015518416e-07, -0.009951855055987835, 0.9999504685401917, -1.6228300125931128e-07, -0.9999504685401917, -0.009951699525117874),
            ["LeftUpperLeg"] = CFrame.new(0.0000254213809967041, 0.0001258037518709898, 0.004997476935386658, 0.9994412660598755, -0.01403821725398302, 0.03033045306801796, 0.025852080434560776, 0.8999395966529846, -0.43524789810180664, -0.02118568681180477, 0.4357885718345642, 0.8997995853424072),
            ["LeftLowerLeg"] = CFrame.new(-2.9802322387695312e-08, 1.7881393432617188e-07, 4.470348358154297e-08, 1, 8.195639367158947e-08, 5.215405707303944e-08, -6.70552182668871e-08, 0.414041131734848, 0.9102582335472107, 3.725289943190546e-08, -0.9102582335472107, 0.4140409231185913),
        }},
        {Time = 0.133, Data = {
            ["RightFoot"] = CFrame.new(-9.234645403921604e-08, 3.5762786865234375e-07, -9.516224963590503e-08, 0.944839596748352, 0.32208988070487976, -0.05946063622832298, -0.32159748673439026, 0.8778960704803467, -0.35478687286376953, -0.0620742030441761, 0.35433974862098694, 0.9330545663833618),
            ["LeftLowerArm"] = CFrame.new(5.960464477539063e-08, -5.960464477539063e-08, 1.7881393432617188e-07, 1, 3.725291151113197e-07, -2.9802315282267955e-08, 5.569312406805693e-07, 0.8916674852371216, -0.4526912569999695, 1.0430819230577981e-07, 0.4526911675930023, 0.891667366027832),
            ["LeftFoot"] = CFrame.new(-1.5366822481155396e-08, 1.1920928955078125e-07, 1.1641532182693481e-08, 0.8841977119445801, -0.16234087944030762, 0.4379957318305969, 0.37809211015701294, 0.799350380897522, -0.4669959843158722, -0.2743006944656372, 0.5785191655158997, 0.7681630849838257),
            ["Head"] = CFrame.new(-3.725290298461914e-09, -1.1920928955078125e-07, -1.862645149230957e-08, 0.8734360933303833, -0.39203140139579773, 0.28882673382759094, 0.40864595770835876, 0.9126879572868347, 0.0030336924828588963, -0.26479771733283997, 0.11537829041481018, 0.9573765993118286),
            ["RightUpperArm"] = CFrame.new(0, -0.06523799896240234, -1.4901161193847656e-08, 0.45026904344558716, 0.09772332012653351, 0.8875293731689453, -0.5415470004081726, 0.8201903104782104, 0.18443343043327332, -0.7099187970161438, -0.5636826157569885, 0.4222273528575897),
            ["UpperTorso"] = CFrame.new(-6.239861249923706e-08, -2.9802322387695312e-08, -2.6542693376541138e-08, 0.9876769185066223, -0.09536642581224442, -0.12409479916095734, 0.11378761380910873, 0.9819634556770325, 0.15099838376045227, 0.10745631903409958, -0.16325826942920685, 0.9807140231132507),
            ["HumanoidRootPart"] = CFrame.new(0, 0, 0, 1, 0, 0, 0, 1, 0, 0, 0, 1),
            ["RightHand"] = CFrame.new(-1.4901161193847656e-07, 0, 3.725290298461914e-08, 0.8405724167823792, -0.5415681004524231, 0.011924946680665016, 0.5360929369926453, 0.8285126686096191, -0.16177447140216827, 0.07773257791996002, 0.14237569272518158, 0.9867557883262634),
            ["LeftUpperArm"] = CFrame.new(-1.1920928955078125e-07, -0.06523799896240234, 0, 0.11696669459342957, -0.22936636209487915, -0.9662867784500122, -0.5295016765594482, 0.8087396025657654, -0.2560642659664154, 0.8402064442634583, 0.5416007041931152, -0.026854099705815315),
            ["RightLowerArm"] = CFrame.new(-5.960464477539063e-08, 0, 7.450580596923828e-08, 1, 0.0000013113022987454315, -4.09782359156452e-07, 0.0000014454117263085209, 0.9943456053733826, -0.10619347542524338, -2.7567131155592506e-07, 0.10619307309389114, 0.994345486164093),
            ["LeftHand"] = CFrame.new(-1.564621925354004e-07, -1.1920928955078125e-07, 2.1606683731079102e-07, 0.9072752594947815, 0.1993291974067688, -0.3702971041202545, -0.29509449005126953, 0.9291084408760071, -0.2228839099407196, 0.2996182143688202, 0.311489075422287, 0.9017775654792786),
            ["LowerTorso"] = CFrame.new(-0.1085076555609703, -0.4011352062225342, 0.00360512500628829, 0.9750168919563293, 0.18707504868507385, -0.11976899206638336, -0.19593751430511475, 0.9783271551132202, -0.06697045266628265, 0.10464468598365784, 0.088764488697052, 0.9905404448509216),
            ["RightUpperLeg"] = CFrame.new(-0.000025510787963867188, -0.00012577464804053307, -0.004997486248612404, 0.8708717226982117, -0.1813996136188507, 0.45680996775627136, 0.4596313238143921, 0.6298310160636902, -0.6261410117149353, -0.17413091659545898, 0.7552530169487, 0.6318799257278442),
            ["RightLowerLeg"] = CFrame.new(-9.313225746154785e-09, 2.384185791015625e-07, -1.0261283023282886e-07, 1, -1.8626447229053156e-07, -1.3411046495548362e-07, 1.788139627478813e-07, -0.013054494746029377, 0.999914824962616, -1.1734665861240501e-07, -0.999914824962616, -0.013054536655545235),
            ["LeftUpperLeg"] = CFrame.new(0.000025540590286254883, 0.00012558023445308208, 0.004997465759515762, 0.9993236064910889, -0.03176235407590866, 0.018526891246438026, 0.03666842728853226, 0.8988361954689026, -0.4367486238479614, -0.0027806833386421204, 0.43713247776031494, 0.89939284324646),
            ["LeftLowerLeg"] = CFrame.new(9.685754776000977e-08, -5.960464477539063e-08, -8.195638656616211e-08, 1, 1.080334541825323e-07, 6.705523247774181e-08, -6.705523958316917e-08, 0.4075518548488617, 0.9131821393966675, 2.980232949312267e-08, -0.9131820797920227, 0.40755173563957214),
        }},
        {Time = 0.167, Data = {
            ["RightFoot"] = CFrame.new(2.34867911785841e-08, 2.980232238769531e-07, -5.8200384955853224e-08, 0.9448606371879578, 0.31810662150382996, -0.07775519043207169, -0.32242241501808167, 0.8621466159820557, -0.39082860946655273, -0.057290155440568924, 0.3943493664264679, 0.9171735048294067),
            ["LeftLowerArm"] = CFrame.new(-2.086162567138672e-07, 0, 7.450580596923828e-08, 1, 4.0233129539046786e-07, -3.27825318890973e-07, 7.264317787303298e-07, 0.839342474937439, -0.5436035990715027, -3.3527619791584584e-08, 0.5436031222343445, 0.8393421173095703),
            ["LeftFoot"] = CFrame.new(-2.7939677238464355e-08, 0, 3.3527612686157227e-08, 0.8815819025039673, -0.17856420576572418, 0.4369535744190216, 0.38474103808403015, 0.8081213235855103, -0.44599786400794983, -0.27347350120544434, 0.5612975358963013, 0.7811257839202881),
            ["Head"] = CFrame.new(2.7939677238464355e-08, -2.384185791015625e-07, -3.725290298461914e-08, 0.8593435287475586, -0.43187108635902405, 0.273890882730484, 0.4395814538002014, 0.8974831700325012, 0.035947319120168686, -0.26133695244789124, 0.08950624614953995, 0.9610887765884399),
            ["RightUpperArm"] = CFrame.new(-5.960464477539063e-08, -0.06523799896240234, -1.4901161193847656e-08, 0.4393313527107239, 0.07542470097541809, 0.8951532244682312, -0.5633667707443237, 0.7992970943450928, 0.2091461569070816, -0.6997184157371521, -0.5961839556694031, 0.393647700548172),
            ["UpperTorso"] = CFrame.new(3.073364496231079e-08, -4.172325134277344e-07, -1.1641532182693481e-08, 0.9926304221153259, -0.06620515882968903, -0.10149690508842468, 0.08148547261953354, 0.9846001267433167, 0.15467025339603424, 0.08969394117593765, -0.16180087625980377, 0.9827387928962708),
            ["HumanoidRootPart"] = CFrame.new(0, 0, 0, 1, 0, 0, 0, 1, 0, 0, 0, 1),
            ["RightHand"] = CFrame.new(0, 0, 4.6566128730773926e-08, 0.8785320520401001, -0.47466179728507996, 0.053646232932806015, 0.47727730870246887, 0.867602527141571, -0.1395401805639267, 0.019691845402121544, 0.1481960564851761, 0.9887622594833374),
            ["LeftUpperArm"] = CFrame.new(5.960464477539063e-08, -0.06523776054382324, 0, 0.041471365839242935, -0.20641155540943146, -0.9775860905647278, -0.6673383712768555, 0.7224624752998352, -0.18085360527038574, 0.7435990571975708, 0.6598806381225586, -0.10778471827507019),
            ["RightLowerArm"] = CFrame.new(-3.5762786865234375e-07, 3.5762786865234375e-07, 2.384185791015625e-07, 1, 0.0000013709072845813353, -1.6298149496662973e-09, 0.0000012814989531761967, 0.980618417263031, -0.19592958688735962, 2.011655340083962e-07, 0.1959274411201477, 0.9806180596351624),
            ["LeftHand"] = CFrame.new(-2.728775143623352e-07, 1.7881393432617188e-07, -1.83936208486557e-07, 0.9351131916046143, 0.09606492519378662, -0.34107905626296997, -0.19170494377613068, 0.9466745853424072, -0.25895264744758606, 0.29801425337791443, 0.30753663182258606, 0.9036640524864197),
            ["LowerTorso"] = CFrame.new(-0.1085076555609703, -0.4019956588745117, 0.003549882909283042, 0.9734570980072021, 0.18555374443531036, -0.13398036360740662, -0.19590307772159576, 0.9782217741012573, -0.06858988106250763, 0.11833526194095612, 0.0930163562297821, 0.9886074662208557),
            ["RightUpperLeg"] = CFrame.new(-0.000025451183319091797, -0.00012616673484444618, -0.004997486248612404, 0.8692989945411682, -0.1713567078113556, 0.4636326730251312, 0.4553218483924866, 0.6426379084587097, -0.6161971092224121, -0.19235767424106598, 0.7467619776725769, 0.636667788028717),
            ["RightLowerLeg"] = CFrame.new(9.685754776000977e-08, -1.1920928955078125e-07, 1.6596459317952394e-08, 1, -1.8626448650138627e-07, -1.4901166878189542e-07, 1.341104507446289e-07, -0.0013991444138810039, 0.9999991059303284, -1.210719347000122e-07, -0.9999991059303284, -0.001398943830281496),
            ["LeftUpperLeg"] = CFrame.new(0.000025451183319091797, 0.000125163234770298, 0.004997488111257553, 0.9993846416473389, -0.02478637732565403, 0.024815021082758904, 0.033209044486284256, 0.8964353799819946, -0.4419286847114563, -0.011291067115962505, 0.4424809515476227, 0.8967069983482361),
            ["LeftLowerLeg"] = CFrame.new(-9.685754776000977e-08, -1.7881393432617188e-07, 2.9802322387695312e-08, 1, 8.940698137394065e-08, 2.468005178002386e-08, -3.352760913344355e-08, 0.3898899257183075, 0.920861542224884, 5.215405707303944e-08, -0.9208614826202393, 0.38988977670669556),
        }},
        {Time = 0.200, Data = {
            ["RightFoot"] = CFrame.new(7.660128176212311e-08, 4.172325134277344e-07, 2.3115717340260744e-08, 0.9604193568229675, 0.2690318822860718, 0.07221963256597519, -0.24726705253124237, 0.9427697062492371, -0.22370637953281403, -0.12827175855636597, 0.19699503481388092, 0.9719772338867188),
            ["LeftLowerArm"] = CFrame.new(0, -5.364418029785156e-07, 0, 1, 3.576278118089249e-07, -1.7881380642847944e-07, 6.034968009771546e-07, 0.7706506252288818, -0.6372582316398621, 6.332991375757047e-08, 0.6372579336166382, 0.7706503868103027),
            ["LeftFoot"] = CFrame.new(-1.775333657860756e-08, 1.1920928955078125e-07, 6.332993507385254e-08, 0.9205833077430725, -0.208418071269989, 0.33028632402420044, 0.33687376976013184, 0.8516287207603455, -0.40155184268951416, -0.19759181141853333, 0.48092660307884216, 0.8542056083679199),
            ["Head"] = CFrame.new(2.514570951461792e-08, -4.76837158203125e-07, 2.2351741790771484e-08, 0.8641501069068909, -0.4458349645137787, 0.2334011197090149, 0.4420696794986725, 0.8941472768783569, 0.07123973220586777, -0.24045610427856445, 0.041617825627326965, 0.9697674512863159),
            ["RightUpperArm"] = CFrame.new(0, -0.065238356590271, 2.9802322387695312e-08, 0.45505398511886597, 0.05426095053553581, 0.8888092041015625, -0.577359139919281, 0.7778810262680054, 0.24810834228992462, -0.6779250502586365, -0.6260645985603333, 0.3853057026863098),
            ["UpperTorso"] = CFrame.new(-7.683411240577698e-08, -1.7881393432617188e-07, -8.847564458847046e-09, 0.998414933681488, 0.001650819554924965, -0.0562581792473793, 0.00812333170324564, 0.9848796129226685, 0.17304961383342743, 0.05569324642419815, -0.17323222756385803, 0.9833051562309265),
            ["HumanoidRootPart"] = CFrame.new(0, 0, 0, 1, 0, 0, 0, 1, 0, 0, 0, 1),
            ["RightHand"] = CFrame.new(-1.4901161193847656e-07, -5.960464477539063e-08, 2.2351741790771484e-08, 0.886363685131073, -0.4557673931121826, 0.0814574733376503, 0.462923139333725, 0.8753974437713623, -0.13921526074409485, -0.007856854237616062, 0.16110728681087494, 0.9869062304496765),
            ["LeftUpperArm"] = CFrame.new(0, -0.06523823738098145, 0, 0.10166176408529282, -0.22837099432945251, -0.9682518839836121, -0.7162275910377502, 0.6586822271347046, -0.2305564284324646, 0.6904224157333374, 0.716927170753479, -0.09660261869430542),
            ["RightLowerArm"] = CFrame.new(1.1920928955078125e-07, 0, -1.341104507446289e-07, 1, 0.0000013858091278962092, 5.513429073289444e-07, 9.983768904930912e-07, 0.9594669342041016, -0.2818252146244049, 8.121124892568332e-07, 0.281821072101593, 0.959465742111206),
            ["LeftHand"] = CFrame.new(2.1420419216156006e-08, -2.980232238769531e-07, -3.725290298461914e-08, 0.9312801957130432, 0.01630525290966034, -0.3639388978481293, -0.12031765282154083, 0.9567078948020935, -0.26501625776290894, 0.34386178851127625, 0.29059281945228577, 0.8929250240325928),
            ["LowerTorso"] = CFrame.new(-0.1085076555609703, -0.36864280700683594, 0.0035498575307428837, 0.9770957231521606, 0.15329892933368683, -0.14759118854999542, -0.16658389568328857, 0.9825922250747681, -0.08223539590835571, 0.1324152946472168, 0.1049380972981453, 0.9856237769126892),
            ["RightUpperLeg"] = CFrame.new(-0.000025391578674316406, -0.00012601539492607117, -0.004997501149773598, 0.9001872539520264, -0.21725806593894958, 0.37743961811065674, 0.4266895353794098, 0.6134664416313171, -0.6645264625549316, -0.08717255294322968, 0.7592483162879944, 0.6449372172355652),
            ["RightLowerLeg"] = CFrame.new(-4.0978193283081055e-08, 5.960464477539063e-08, -5.790934665128589e-08, 1, -1.2665987014770508e-07, -1.4901159772762185e-07, 1.6763804921993142e-07, 0.04068763181567192, 0.9991719722747803, -1.6763804921993142e-07, -0.9991719722747803, 0.040687546133995056),
            ["LeftUpperLeg"] = CFrame.new(0.000025451183319091797, 0.00012534856796264648, 0.004997469484806061, 0.992453396320343, 0.06942030042409897, 0.10108070820569992, -0.018690939992666245, 0.9003371000289917, -0.4347918629646301, -0.12119023501873016, 0.42962074279785156, 0.8948401212692261),
            ["LeftLowerLeg"] = CFrame.new(-2.2817403078079224e-08, -2.384185791015625e-07, 8.195638656616211e-08, 1, 7.171180271825506e-08, 2.1420412110728648e-08, -8.661299233381214e-08, 0.3899599313735962, 0.9208317995071411, 5.029141192380848e-08, -0.9208318591117859, 0.38995984196662903),
        }},
        {Time = 0.233, Data = {
            ["RightFoot"] = CFrame.new(6.332993507385254e-08, 2.384185791015625e-07, -5.045876605436206e-08, 0.9545618891716003, 0.061665069311857224, 0.2915622591972351, -0.10655523836612701, 0.9843055009841919, 0.1406739205121994, -0.2783122956752777, -0.16534851491451263, 0.9461513161659241),
            ["LeftLowerArm"] = CFrame.new(1.4901161193847656e-07, 0, 8.940696716308594e-08, 1, 3.129242998056725e-07, -2.3841840857130592e-07, 4.936011350764602e-07, 0.6819066405296326, -0.7314396500587463, 9.685758328714655e-08, 0.7314392328262329, 0.6819062829017639),
            ["LeftFoot"] = CFrame.new(-1.0058283805847168e-07, 1.1920928955078125e-07, 1.862645149230957e-08, 0.9705003499984741, -0.21490351855754852, 0.10929958522319794, 0.239964097738266, 0.9049227833747864, -0.3514697849750519, -0.023376362398266792, 0.3673299551010132, 0.9297971129417419),
            ["Head"] = CFrame.new(6.05359673500061e-08, 0, -1.4901161193847656e-08, 0.9024613499641418, -0.39217182993888855, 0.17822730541229248, 0.3794221878051758, 0.9195630550384521, 0.1021885871887207, -0.20396655797958374, -0.024597711861133575, 0.9786688089370728),
            ["RightUpperArm"] = CFrame.new(2.384185791015625e-07, -0.0652381181716919, 0, 0.4576888978481293, 0.04480734467506409, 0.887982964515686, -0.5994404554367065, 0.7531607151031494, 0.27096229791641235, -0.6566522717475891, -0.6563088297843933, 0.37157219648361206),
            ["UpperTorso"] = CFrame.new(1.30385160446167e-08, -1.1920928955078125e-07, 5.029141902923584e-08, 0.9973578453063965, 0.07254192978143692, -0.003901068586856127, -0.070452980697155, 0.9789526462554932, 0.1915411800146103, 0.017713671550154686, -0.19076016545295715, 0.9814768433570862),
            ["HumanoidRootPart"] = CFrame.new(0, 0, 0, 1, 0, 0, 0, 1, 0, 0, 0, 1),
            ["RightHand"] = CFrame.new(0, 0, 1.4901161193847656e-08, 0.8933023810386658, -0.4372440576553345, 0.10406048595905304, 0.4483739137649536, 0.8829947710037231, -0.13885197043418884, -0.031171534210443497, 0.1706983894109726, 0.9848307371139526),
            ["LeftUpperArm"] = CFrame.new(-1.1920928955078125e-07, -0.06523847579956055, 2.2351741790771484e-08, 0.179376482963562, -0.2642654776573181, -0.9476222991943359, -0.7101784348487854, 0.631793200969696, -0.31061968207359314, 0.6807869076728821, 0.7286983728408813, -0.07434672862291336),
            ["RightLowerArm"] = CFrame.new(0, -1.1920928955078125e-07, -2.9802322387695312e-08, 1, 0.0000010728846291385707, 4.917382625535538e-07, 9.462231673751376e-07, 0.9347229599952698, -0.35538193583488464, 8.270139346677752e-07, 0.3553774952888489, 0.9347212314605713),
            ["LeftHand"] = CFrame.new(1.0570511221885681e-07, -1.1920928955078125e-07, -7.450580596923828e-08, 0.9216693639755249, -0.05953190475702286, -0.3833821713924408, -0.05061567574739456, 0.9612624645233154, -0.2709468603134155, 0.384660542011261, 0.2691289782524109, 0.8829529881477356),
            ["LowerTorso"] = CFrame.new(-0.1085076630115509, -0.29483580589294434, 0.00354979932308197, 0.983323872089386, 0.09757215529680252, -0.1534719467163086, -0.1140889897942543, 0.9881420731544495, -0.10275736451148987, 0.1416257917881012, 0.11855308711528778, 0.9827957153320312),
            ["RightUpperLeg"] = CFrame.new(-0.000025510787963867188, -0.00012577790766954422, -0.0049974750727415085, 0.9286724328994751, -0.3320893943309784, 0.1651756912469864, 0.34228625893592834, 0.5958210825920105, -0.726524293422699, 0.1428554803133011, 0.7312413454055786, 0.6669928431510925),
            ["RightLowerLeg"] = CFrame.new(-4.470348358154297e-08, 0, 7.014750735834241e-08, 1, -1.8253926725719793e-07, -8.940693874137651e-08, 2.1606686573250045e-07, 0.1697443276643753, 0.9854881763458252, -1.220032714854824e-07, -0.9854881763458252, 0.16974429786205292),
            ["LeftUpperLeg"] = CFrame.new(0.000025600194931030273, 0.00012547429651021957, 0.004997510462999344, 0.9206908941268921, 0.2751390337944031, 0.2768165171146393, -0.12839309871196747, 0.8832930326461792, -0.45089614391326904, -0.368569552898407, 0.37959444522857666, 0.8485665917396545),
            ["LeftLowerLeg"] = CFrame.new(1.043081283569336e-07, -2.384185791015625e-07, -4.470348358154297e-08, 1, 5.029139416024009e-08, 4.4703490686970326e-08, -1.0430809993522416e-07, 0.36920204758644104, 0.9293490648269653, 3.725289587919178e-08, -0.9293491840362549, 0.36920231580734253),
        }},
        {Time = 0.267, Data = {
            ["RightFoot"] = CFrame.new(1.4901161193847656e-08, 4.172325134277344e-07, 2.4047039914876223e-08, 0.9757952690124512, -0.026829414069652557, 0.21703296899795532, -0.08800990879535675, 0.8603503704071045, 0.5020477771759033, -0.2001945823431015, -0.508996307849884, 0.8371647000312805),
            ["LeftLowerArm"] = CFrame.new(2.9802322387695312e-08, 1.7881393432617188e-07, -1.4901161193847656e-08, 1, 1.8067653684283869e-07, -1.9138660434236954e-07, 4.165338793882256e-07, 0.5458388328552246, -0.837891161441803, 1.3597305326129572e-07, 0.8378902077674866, 0.5458373427391052),
            ["LeftFoot"] = CFrame.new(-7.078051567077637e-08, -5.960464477539063e-08, -2.60770320892334e-08, 0.9761582016944885, -0.18164443969726562, -0.1188325583934784, 0.14041352272033691, 0.9459143877029419, -0.2924541234970093, 0.16552722454071045, 0.2687962055206299, 0.9488674402236938),
            ["Head"] = CFrame.new(-8.800998330116272e-08, 0, -1.4901161193847656e-08, 0.9567016959190369, -0.2629043459892273, 0.1249130517244339, 0.24731381237506866, 0.9605182409286499, 0.12743890285491943, -0.1534854769706726, -0.09102838486433029, 0.9839493036270142),
            ["RightUpperArm"] = CFrame.new(-2.384185791015625e-07, -0.06523787975311279, 0, 0.40318503975868225, 0.04849642887711525, 0.9138326644897461, -0.6472061276435852, 0.7210939526557922, 0.24728089570999146, -0.646966814994812, -0.691137969493866, 0.3221214711666107),
            ["UpperTorso"] = CFrame.new(3.4458935260772705e-08, -5.960464477539063e-08, 3.4458935260772705e-08, 0.9946043491363525, 0.09668973833322525, 0.037597332149744034, -0.10235773026943207, 0.9736190438270569, 0.20393358170986176, -0.016887227073311806, -0.2066812664270401, 0.9782626032829285),
            ["HumanoidRootPart"] = CFrame.new(0, 0, 0, 1, 0, 0, 0, 1, 0, 0, 0, 1),
            ["RightHand"] = CFrame.new(-1.1920928955078125e-07, -1.1920928955078125e-07, -8.940696716308594e-08, 0.9009125828742981, -0.415082722902298, 0.1267382800579071, 0.4304226338863373, 0.891960084438324, -0.138357475399971, -0.05561481788754463, 0.17920278012752533, 0.9822397232055664),
            ["LeftUpperArm"] = CFrame.new(0, -0.06523764133453369, -2.2351741790771484e-08, 0.20650959014892578, -0.26516544818878174, -0.9418286085128784, -0.715038001537323, 0.6161581873893738, -0.33025744557380676, 0.6678881049156189, 0.7416444420814514, -0.062360748648643494),
            ["RightLowerArm"] = CFrame.new(2.384185791015625e-07, -3.5762786865234375e-07, -1.4901161193847656e-08, 1, 9.536752259009518e-07, 5.364415756048402e-07, 5.662437274622789e-07, 0.9011566042900085, -0.43349817395210266, 0.000001035629907164548, 0.4334937036037445, 0.9011544585227966),
            ["LeftHand"] = CFrame.new(-4.65253833681345e-07, 5.960464477539063e-08, -1.0989606380462646e-07, 0.9100567698478699, -0.11490246653556824, -0.39823952317237854, 0.012019622139632702, 0.9677187204360962, -0.2517445683479309, 0.4143095016479492, 0.2243163138628006, 0.8820601105690002),
            ["LowerTorso"] = CFrame.new(-0.1085076630115509, -0.22124433517456055, 0.003549746470525861, 0.9881201982498169, 0.044371943920850754, -0.1471380591392517, -0.06320363283157349, 0.9900295734405518, -0.12588423490524292, 0.14008519053459167, 0.1336883157491684, 0.981072723865509),
            ["RightUpperLeg"] = CFrame.new(-0.000025480985641479492, -0.0001259148120880127, -0.00499747134745121, 0.8643713593482971, -0.4967549741268158, -0.07807890325784683, 0.25842955708503723, 0.5720292925834656, -0.7784584164619446, 0.43136581778526306, 0.652699887752533, 0.6228212714195251),
            ["RightLowerLeg"] = CFrame.new(-8.940696716308594e-08, 5.960464477539063e-08, -2.218221197836101e-07, 1, -1.4901166878189542e-07, -1.8253918199206964e-07, 1.8626448650138627e-07, 0.23552989959716797, 0.9718671441078186, -1.1175869474300271e-07, -0.9718672037124634, 0.23552978038787842),
