return {
    ["Pull Up!"] = {
        {Time = 0.000, Data = {
            ["RightFoot"] = CFrame.new(-6.332993507385254e-08, 2.384185791015625e-07, 3.894820110872388e-08, 0.9827930927276611, 0.11996109783649445, 0.14045356214046478, -0.04509546607732773, 0.8932206630706787, -0.44735100865364075, -0.17912061512470245, 0.43331998586654663, 0.88326096534729),
            ["LeftLowerArm"] = CFrame.new(1.1920928955078125e-07, 0, 1.1920928955078125e-07, 1, -7.450579175838357e-08, 2.2351738238057806e-08, 4.0978193283081055e-08, 0.8856472373008728, -0.4643586575984955, 4.0978193283081055e-08, 0.4643585681915283, 0.8856472969055176),
            ["RightUpperArm"] = CFrame.new(-5.960464477539063e-08, 1.1920928955078125e-07, 1.4901161193847656e-08, -0.30233412981033325, -0.15015816688537598, 0.9413005709648132, 0.7991645932197571, 0.49831974506378174, 0.33617469668388367, -0.5195480585098267, 0.8538910746574402, -0.030657779425382614),
            ["Head"] = CFrame.new(1.210719347000122e-08, -2.384185791015625e-07, 7.450580596923828e-09, 0.9758761525154114, -0.1369664967060089, 0.1700175404548645, 0.14419031143188477, 0.989069402217865, -0.030836161226034164, -0.16393552720546722, 0.05460730195045471, 0.9849585294723511),
            ["RightHand"] = CFrame.new(1.1175870895385742e-07, -1.7881393432617188e-07, 2.9802322387695312e-08, 0.9283087849617004, 0.1854352504014969, 0.32226788997650146, -0.33901020884513855, 0.7780901193618774, 0.5288171172142029, -0.15269218385219574, -0.6001579165458679, 0.7851724624633789),
            ["UpperTorso"] = CFrame.new(-7.450580596923828e-09, 8.940696716308594e-08, -3.725290298461914e-09, 0.9880477786064148, 0.12425817549228668, -0.09122282266616821, -0.11157883703708649, 0.9848235845565796, 0.13293880224227905, 0.10635710507631302, -0.12117133289575577, 0.9869173169136047),
            ["HumanoidRootPart"] = CFrame.new(0, 0, 0, 1, 0, 0, 0, 1, 0, 0, 0, 1),
            ["RightUpperLeg"] = CFrame.new(-5.960464477539063e-08, 2.1746382117271423e-07, -2.2184394765645266e-08, 0.9044370055198669, -0.3145681917667389, -0.2881677746772766, 0.13743999600410461, 0.8543286323547363, -0.5012317895889282, 0.40386131405830383, 0.4137265682220459, 0.815920352935791),
            ["LeftUpperArm"] = CFrame.new(1.1920928955078125e-07, 0, 2.9802322387695312e-08, 0.47366905212402344, 0.32048749923706055, -0.8203204274177551, -0.880500078201294, 0.19232013821601868, -0.4332813620567322, 0.018903039395809174, 0.9275240898132324, 0.3732851445674896),
            ["RightLowerArm"] = CFrame.new(-2.086162567138672e-07, -2.384185791015625e-07, -2.2351741790771484e-08, 1, -9.313225746154785e-09, 1.862645326866641e-08, -2.0489098417897367e-08, 0.8819887638092041, -0.4712706208229065, -7.450581485102248e-09, 0.4712705612182617, 0.8819887638092041),
            ["LeftHand"] = CFrame.new(1.7881393432617188e-07, 5.960464477539063e-08, 0, 0.9772607684135437, 0.21166063845157623, -0.012690182775259018, -0.20536021888256073, 0.9596788883209229, 0.19194720685482025, 0.052806153893470764, -0.18497644364833832, 0.9813232421875),
            ["LeftFoot"] = CFrame.new(9.685754776000977e-08, 5.960464477539063e-08, 0, 0.9506064057350159, -0.3099640905857086, -0.016423700377345085, 0.25970637798309326, 0.8232229351997375, -0.5048333406448364, 0.17000070214271545, 0.47563251852989197, 0.8630606532096863),
            ["LowerTorso"] = CFrame.new(0.08141137659549713, -0.2390453815460205, 0.05144232511520386, 0.9928550124168396, -0.008600275963544846, -0.11901742219924927, 0.00398028502240777, 0.9992313981056213, -0.03899858146905899, 0.11926131695508957, 0.03824617713689804, 0.9921260476112366),
            ["RightLowerLeg"] = CFrame.new(3.725290298461914e-08, -0.000060558319091796875, -0.0000721646283636801, 1, -1.1920928955078125e-07, -6.705525379402388e-08, 1.4901161193847656e-07, 0.5002762079238892, 0.8658656477928162, -1.1175870895385742e-07, -0.86586594581604, 0.5002766847610474),
            ["LeftUpperLeg"] = CFrame.new(0, 1.0678195394575596e-07, 2.7939677238464355e-09, 0.9244424700737, 0.3513964116573334, 0.14807744324207306, -0.32122620940208435, 0.9268866181373596, -0.1941520720720291, -0.20547525584697723, 0.13191598653793335, 0.9697309732437134),
            ["LeftLowerLeg"] = CFrame.new(6.332993507385254e-08, 0.00006073713302612305, 0.00007211603224277496, 1, 7.82310962677002e-08, 2.2351745343485163e-08, -4.842877388000488e-08, 0.6744184494018555, 0.7383493781089783, 1.862645149230957e-08, -0.7383493781089783, 0.6744183897972107),
        }},
        {Time = 0.033, Data = {
            ["RightFoot"] = CFrame.new(-6.705522537231445e-08, 2.384185791015625e-07, 3.149762051180005e-08, 0.9890364408493042, 0.11191535741090775, 0.09634283185005188, -0.05952688306570053, 0.8992058634757996, -0.43345698714256287, -0.13514234125614166, 0.42297014594078064, 0.8960095047950745),
            ["LeftLowerArm"] = CFrame.new(-4.172325134277344e-07, 1.7881393432617188e-07, 1.6391277313232422e-07, 1, -4.842878098543224e-08, 3.5390254282674505e-08, 2.980232594040899e-08, 0.9087479114532471, -0.41734540462493896, 4.842878098543224e-08, 0.4173455238342285, 0.9087479114532471),
            ["RightUpperArm"] = CFrame.new(0, 1.1920928955078125e-07, 1.4901161193847656e-08, -0.6111873388290405, -0.17680300772190094, 0.7714860439300537, 0.5586989521980286, 0.5940537452697754, 0.578753650188446, -0.5606296062469482, 0.7847553491592407, -0.2642984688282013),
            ["Head"] = CFrame.new(3.213062882423401e-08, 0, 2.514570951461792e-08, 0.9736777544021606, -0.15512949228286743, 0.1669926643371582, 0.1584511399269104, 0.9873443245887756, -0.00667268130928278, -0.16384409368038177, 0.03295738250017166, 0.9859355688095093),
            ["RightHand"] = CFrame.new(1.1920928955078125e-07, 0, 1.1920928955078125e-07, 0.8881441950798035, 0.1343427151441574, 0.43949025869369507, -0.3465708792209625, 0.8238328099250793, 0.44853976368904114, -0.30180874466896057, -0.5506827235221863, 0.7782418131828308),
            ["UpperTorso"] = CFrame.new(-1.862645149230957e-09, 2.384185791015625e-07, -1.4901161193847656e-08, 0.9861850142478943, 0.14263595640659332, -0.08422711491584778, -0.13257893919944763, 0.9844918847084045, 0.11488495022058487, 0.0993075966835022, -0.10213108360767365, 0.9898017048835754),
            ["HumanoidRootPart"] = CFrame.new(0, 0, 0, 1, 0, 0, 0, 1, 0, 0, 0, 1),
            ["RightUpperLeg"] = CFrame.new(0, 2.0489096641540527e-08, -2.4047039914876223e-08, 0.9299363493919373, -0.2743794322013855, -0.2448154240846634, 0.1259896606206894, 0.863207995891571, -0.48887500166893005, 0.34546372294425964, 0.423778235912323, 0.837297260761261),
            ["LeftUpperArm"] = CFrame.new(0, 0, 4.470348358154297e-08, 0.43436941504478455, 0.3387449085712433, -0.8346107006072998, -0.9005827903747559, 0.14630337059497833, -0.4093240201473236, -0.016550078988075256, 0.9294338822364807, 0.3686174154281616),
            ["RightLowerArm"] = CFrame.new(-4.76837158203125e-07, -1.1920928955078125e-07, 1.7136335372924805e-07, 1, 1.6763804566721774e-08, -1.4901162970204496e-08, 1.0430814256778831e-07, 0.9330800175666809, -0.3596688508987427, 3.725290653733282e-08, 0.3596688210964203, 0.9330800175666809),
            ["LeftHand"] = CFrame.new(4.470348358154297e-07, 5.960464477539063e-08, -2.9802322387695312e-08, 0.9709919095039368, 0.23348639905452728, 0.051564425230026245, -0.2389402687549591, 0.9392836689949036, 0.24628010392189026, 0.009069337509572506, -0.25145673751831055, 0.9678260684013367),
            ["LeftFoot"] = CFrame.new(-1.1175870895385742e-08, -5.960464477539063e-08, -4.470348358154297e-08, 0.9472239017486572, -0.31746038794517517, -0.044560156762599945, 0.2589128017425537, 0.8395681977272034, -0.47758716344833374, 0.189026340842247, 0.440844863653183, 0.8774537444114685),
            ["LowerTorso"] = CFrame.new(0.0847146064043045, -0.2327260971069336, 0.04568418487906456, 0.9914045929908752, -0.01833813078701496, -0.1295406073331833, 0.013440029695630074, 0.9991649985313416, -0.038582541048526764, 0.13013996183872223, 0.036509834229946136, 0.9908232688903809),
            ["RightLowerLeg"] = CFrame.new(-8.195638656616211e-08, -0.00006031990051269531, -0.00007203051791293547, 1, -1.341104365337742e-07, -3.3527612686157227e-08, 9.685752644372769e-08, 0.5107042193412781, 0.8597562909126282, -6.705521116145974e-08, -0.8597565293312073, 0.510704517364502),
            ["LeftUpperLeg"] = CFrame.new(2.9802322387695312e-08, 1.7980346456170082e-07, 1.30385160446167e-08, 0.9098198413848877, 0.3753148019313812, 0.1771068125963211, -0.3383995592594147, 0.9179719686508179, -0.2069133222103119, -0.24023665487766266, 0.12832096219062805, 0.9621954560279846),
            ["LeftLowerLeg"] = CFrame.new(-1.6763806343078613e-08, 0.00006091594696044922, 0.00007207691669464111, 1, 6.705523247774181e-08, 5.960465188081798e-08, -9.685756197086448e-08, 0.663575291633606, 0.7481095790863037, 2.6077035641947077e-08, -0.7481095194816589, 0.6635752320289612),
        }},
        {Time = 0.067, Data = {
            ["RightFoot"] = CFrame.new(4.470348358154297e-08, 2.980232238769531e-07, 3.149762051180005e-08, 0.9923174381256104, 0.10420702397823334, 0.06668725609779358, -0.07051744312047958, 0.9192959070205688, -0.38719746470451355, -0.10165388137102127, 0.3795207440853119, 0.919581949710846),
            ["LeftLowerArm"] = CFrame.new(7.748603820800781e-07, -1.1920928955078125e-07, 2.384185791015625e-07, 1, -7.078052277620372e-08, -5.587936335871291e-09, 6.33299421792799e-08, 0.9274172782897949, -0.37402841448783875, -3.166497108963995e-08, 0.3740285634994507, 0.9274172782897949),
            ["RightUpperArm"] = CFrame.new(1.1920928955078125e-07, 1.1920928955078125e-07, 1.4901161193847656e-08, -0.6079163551330566, -0.18899324536323547, 0.7711805701255798, 0.45475223660469055, 0.7133053541183472, 0.5332879424095154, -0.6508749127388, 0.6748904585838318, -0.3476845622062683),
            ["Head"] = CFrame.new(-2.6702764444053173e-08, 2.384185791015625e-07, 5.471520125865936e-09, 0.9820290803909302, -0.1344784051179886, 0.1324184387922287, 0.13442198932170868, 0.990879476070404, 0.009405815973877907, -0.13247551023960114, 0.008563333190977573, 0.9911493062973022),
            ["RightHand"] = CFrame.new(2.384185791015625e-07, 1.1920928955078125e-07, 0, 0.8519728779792786, 0.13449999690055847, 0.5060157179832458, -0.35952961444854736, 0.8528581857681274, 0.37864381074905396, -0.38063204288482666, -0.5045223236083984, 0.7749690413475037),
            ["UpperTorso"] = CFrame.new(-8.381903171539307e-09, 5.960464477539063e-08, -2.7939677238464355e-09, 0.9902884364128113, 0.1170015037059784, -0.07509741932153702, -0.11091893911361694, 0.9905539751052856, 0.08062122017145157, 0.0838208720088005, -0.07150858640670776, 0.9939117431640625),
            ["HumanoidRootPart"] = CFrame.new(0, 0, 0, 1, 0, 0, 0, 1, 0, 0, 0, 1),
            ["RightUpperLeg"] = CFrame.new(0, 3.306195139884949e-08, -7.283233571797609e-09, 0.9390621185302734, -0.2568421959877014, -0.2284611463546753, 0.13036154210567474, 0.8810632824897766, -0.4546795189380646, 0.3180696368217468, 0.3971897065639496, 0.8608555197715759),
            ["LeftUpperArm"] = CFrame.new(0, 1.1920928955078125e-07, 1.4901161193847656e-08, 0.458324134349823, 0.28898659348487854, -0.8404912948608398, -0.888651967048645, 0.16536878049373627, -0.4277278184890747, 0.015383629128336906, 0.9429422616958618, 0.33260083198547363),
            ["RightLowerArm"] = CFrame.new(-1.7881393432617188e-07, -1.7881393432617188e-07, -1.9371509552001953e-07, 1, -4.377216100692749e-08, -4.4703494239684005e-08, -7.4505797087454084e-09, 0.9682646989822388, -0.24992680549621582, 1.4901159417490817e-08, 0.24992690980434418, 0.9682647585868835),
            ["LeftHand"] = CFrame.new(4.76837158203125e-07, 0, 8.940696716308594e-08, 0.9606232047080994, 0.25948160886764526, 0.09935987740755081, -0.2777344286441803, 0.9072338938713074, 0.31589603424072266, -0.008173532783985138, -0.3310528099536896, 0.9435768723487854),
            ["LeftFoot"] = CFrame.new(-2.2351741790771484e-08, 0, -4.470348358154297e-08, 0.950164794921875, -0.30752328038215637, -0.05114896222949028, 0.2634079158306122, 0.8797070384025574, -0.395893394947052, 0.16674280166625977, 0.3626912832260132, 0.9168709516525269),
            ["LowerTorso"] = CFrame.new(0.0806586891412735, -0.19297504425048828, 0.03725646063685417, 0.9935259819030762, -0.015257442370057106, -0.11257663369178772, 0.01197330467402935, 0.9994844794273376, -0.029788434505462646, 0.11297309398651123, 0.02824763022363186, 0.993196427822113),
            ["RightLowerLeg"] = CFrame.new(-6.705522537231445e-08, -0.00006031990051269531, -0.0000721050237189047, 1, -1.1175872316471214e-07, -7.823112468940963e-08, 7.450581307466564e-08, 0.5700489282608032, 0.8216103315353394, -1.1175872316471214e-07, -0.8216108083724976, 0.5700495839118958),
            ["LeftUpperLeg"] = CFrame.new(2.9802322387695312e-08, -1.9615981727838516e-08, 1.862645149230957e-09, 0.914493978023529, 0.3590008616447449, 0.18659834563732147, -0.32454296946525574, 0.9262747168540955, -0.19153907895088196, -0.24160416424274445, 0.11460218578577042, 0.9635838270187378),
            ["LeftLowerLeg"] = CFrame.new(1.601874828338623e-07, 0.000060617923736572266, 0.00007210671901702881, 1, 9.685756197086448e-08, 4.4703494239684005e-08, 5.587935447692871e-09, 0.7118505835533142, 0.7023308277130127, 2.9802322387695312e-08, -0.7023308873176575, 0.7118507027626038),
        }},
        {Time = 0.100, Data = {
            ["RightFoot"] = CFrame.new(-7.82310962677002e-08, 2.384185791015625e-07, 1.3802491594105959e-08, 0.9932571053504944, 0.11563064157962799, -0.008364630863070488, -0.11152350157499313, 0.9332846403121948, -0.3413824141025543, -0.03166762366890907, 0.3400140702724457, 0.9398873448371887),
            ["LeftLowerArm"] = CFrame.new(-6.556510925292969e-07, -5.960464477539063e-08, 3.5762786865234375e-07, 1, -3.3527619791584584e-08, -5.587936335871291e-09, 2.9802322387695312e-08, 0.9244611263275146, -0.3812767267227173, -2.2351741790771484e-08, 0.38127660751342773, 0.9244610667228699),
            ["RightUpperArm"] = CFrame.new(1.1920928955078125e-07, -2.384185791015625e-07, -7.450580596923828e-09, -0.43165791034698486, -0.2082659751176834, 0.877665638923645, 0.4417019486427307, 0.7995472550392151, 0.4069688022136688, -0.7864928841590881, 0.5633379220962524, -0.25313901901245117),
            ["Head"] = CFrame.new(-1.6007106751203537e-09, 0, 8.381903171539307e-09, 0.9950814843177795, -0.08444195985794067, 0.05179361626505852, 0.08370298892259598, 0.9963578581809998, 0.016275258734822273, -0.0529792495071888, -0.01185978390276432, 0.9985252618789673),
            ["RightHand"] = CFrame.new(1.7881393432617188e-07, -1.1920928955078125e-07, -2.384185791015625e-07, 0.88188636302948, 0.1360996961593628, 0.45139050483703613, -0.30821579694747925, 0.8909294605255127, 0.333538293838501, -0.3567624092102051, -0.4332687258720398, 0.8276464939117432),
            ["UpperTorso"] = CFrame.new(1.862645149230957e-09, 1.4901161193847656e-07, -3.725290298461914e-09, 0.9957897067070007, 0.062063783407211304, -0.06746183335781097, -0.05922156944870949, 0.9973034262657166, 0.04334375262260437, 0.06996998190879822, -0.03916609287261963, 0.9967799782752991),
            ["HumanoidRootPart"] = CFrame.new(0, 0, 0, 1, 0, 0, 0, 1, 0, 0, 0, 1),
            ["RightUpperLeg"] = CFrame.new(0, -2.852175384759903e-09, -7.639755494892597e-10, 0.9420080780982971, -0.24780336022377014, -0.22630582749843597, 0.1470598727464676, 0.9109709858894348, -0.38536402583122253, 0.3016524314880371, 0.32973533868789673, 0.8945839405059814),
            ["LeftUpperArm"] = CFrame.new(-1.1920928955078125e-07, 1.1920928955078125e-07, 1.4901161193847656e-08, 0.5050415396690369, 0.19675926864147186, -0.8403682708740234, -0.8602550029754639, 0.19367757439613342, -0.4716464579105377, 0.06995974481105804, 0.9611320495605469, 0.2670781910419464),
            ["RightLowerArm"] = CFrame.new(3.5762786865234375e-07, 1.1920928955078125e-07, 3.129243850708008e-07, 1, -8.381903882082042e-08, 3.72529100900465e-08, 0, 0.9807268381118774, -0.19538432359695435, -4.4703490686970326e-08, 0.19538433849811554, 0.9807268381118774),
            ["LeftHand"] = CFrame.new(-2.086162567138672e-07, 0, 2.9802322387695312e-08, 0.9638358354568481, 0.26450932025909424, 0.03248767927289009, -0.26196718215942383, 0.9180052280426025, 0.2977244257926941, 0.048927098512649536, -0.29546794295310974, 0.9540989398956299),
            ["LeftFoot"] = CFrame.new(-2.60770320892334e-08, 1.1920928955078125e-07, -3.725290298461914e-08, 0.9566861987113953, -0.28606098890304565, -0.05404233932495117, 0.2558353543281555, 0.9147021770477295, -0.31283870339393616, 0.1389237493276596, 0.2854629158973694, 0.9482676386833191),
            ["LowerTorso"] = CFrame.new(0.07063935697078705, -0.14391112327575684, 0.027096927165985107, 0.9991503953933716, -0.003872132860124111, -0.04103235900402069, 0.003138488158583641, 0.9998345375061035, -0.017921457067131996, 0.041094955056905746, 0.017777441069483757, 0.998997151851654),
            ["RightLowerLeg"] = CFrame.new(1.6391277313232422e-07, -0.00006079673767089844, -0.00007207522139651701, 1, -1.341104507446289e-07, 2.980233659855003e-08, 6.705523247774181e-08, 0.6544212698936462, 0.7561297416687012, -8.195639367158947e-08, -0.7561301589012146, 0.6544217467308044),
            ["LeftUpperLeg"] = CFrame.new(0, -2.1512096282094717e-07, 1.3969838619232178e-09, 0.9346259236335754, 0.3184458315372467, 0.15832485258579254, -0.2933075428009033, 0.9419854879379272, -0.16319940984249115, -0.2011098712682724, 0.10609253495931625, 0.9738065600395203),
            ["LeftLowerLeg"] = CFrame.new(1.0244548320770264e-07, 0.000060617923736572266, 0.00007208436727523804, 1, 5.960464477539063e-08, 2.2351747119842003e-08, 2.0489098417897367e-08, 0.7921860218048096, 0.6102795600891113, 2.2351745343485163e-08, -0.6102797389030457, 0.7921862006187439),
        }},
        {Time = 0.133, Data = {
            ["RightFoot"] = CFrame.new(2.2351741790771484e-08, 2.980232238769531e-07, 2.4047039914876223e-08, 0.9828232526779175, 0.15733370184898376, -0.09646130353212357, -0.18020302057266235, 0.9309186935424805, -0.3176744878292084, 0.03981665521860123, 0.3296007215976715, 0.9432805776596069),
            ["LeftLowerArm"] = CFrame.new(-8.940696716308594e-08, -5.960464477539063e-08, -2.9802322387695312e-08, 1, -1.862645149230957e-09, 3.725291186640334e-09, 5.21540641784668e-08, 0.9227931499481201, -0.38529568910598755, -1.6763806343078613e-08, 0.38529571890830994, 0.9227932691574097),
            ["RightUpperArm"] = CFrame.new(-1.7881393432617188e-07, -1.1920928955078125e-07, -5.587935447692871e-09, 0.07910226285457611, -0.2636314034461975, 0.9613747000694275, 0.49120378494262695, 0.8494990468025208, 0.1925361454486847, -0.8674455285072327, 0.45700088143348694, 0.19669398665428162),
            ["Head"] = CFrame.new(1.1903466656804085e-08, -2.384185791015625e-07, -1.280568540096283e-09, 0.9965904355049133, -0.024716049432754517, -0.07871939986944199, 0.025988155975937843, 0.9995470643043518, 0.015178779140114784, 0.0783085748553276, -0.017172690480947495, 0.9967812299728394),
            ["RightHand"] = CFrame.new(-7.450580596923828e-09, 1.7881393432617188e-07, -8.940696716308594e-08, 0.9750893712043762, 0.08244678378105164, 0.20592083036899567, -0.14534640312194824, 0.9387692809104919, 0.31238844990730286, -0.16755659878253937, -0.334536612033844, 0.9273673295974731),
            ["UpperTorso"] = CFrame.new(7.683411240577698e-09, -8.940696716308594e-08, -2.3283064365386963e-09, 0.996493399143219, -0.0014055193169042468, -0.08365987241268158, 0.0030157226137816906, 0.999812662601471, 0.019121937453746796, 0.08361728489398956, -0.019307227805256844, 0.9963109493255615),
            ["HumanoidRootPart"] = CFrame.new(0, 0, 0, 1, 0, 0, 0, 1, 0, 0, 0, 1),
            ["RightUpperLeg"] = CFrame.new(0, -1.4848774299025536e-07, 1.4137185644358397e-08, 0.9434571862220764, -0.25391486287117004, -0.21310999989509583, 0.18619775772094727, 0.9377937316894531, -0.29304182529449463, 0.27426090836524963, 0.23679165542125702, 0.9320464730262756),
            ["LeftUpperArm"] = CFrame.new(5.960464477539063e-08, -4.76837158203125e-07, 0, 0.5577795505523682, 0.03619661554694176, -0.829199492931366, -0.8122736215591431, 0.22911779582500458, -0.5363923907279968, 0.17056886851787567, 0.972725510597229, 0.1571987271308899),
            ["RightLowerArm"] = CFrame.new(1.1920928955078125e-07, 3.5762786865234375e-07, -1.4901161193847656e-08, 1, -9.953510016202927e-08, 2.1886085832534263e-08, 5.401669511684304e-08, 0.9764149188995361, -0.21590279042720795, 2.2351736461700966e-08, 0.21590279042720795, 0.9764149188995361),
            ["LeftHand"] = CFrame.new(2.2351741790771484e-07, -1.1920928955078125e-07, 0, 0.9642256498336792, 0.2649284303188324, -0.009038482792675495, -0.2551570534706116, 0.93682461977005, 0.23927973210811615, 0.07185974717140198, -0.22841355204582214, 0.9709086418151855),
            ["LeftFoot"] = CFrame.new(-2.2351741790771484e-08, 0, -3.725290298461914e-08, 0.9552428126335144, -0.2594054639339447, -0.1421966254711151, 0.22734211385250092, 0.9512983560562134, -0.2081999033689499, 0.18927963078022003, 0.16655415296554565, 0.9676946401596069),
            ["LowerTorso"] = CFrame.new(0.056602608412504196, -0.10261940956115723, 0.016143234446644783, 0.9929329752922058, 0.011736135929822922, 0.11809536814689636, -0.010696985758841038, 0.9998983144760132, -0.009431890211999416, -0.11819404363632202, 0.00810200534760952, 0.9929574728012085),
            ["RightLowerLeg"] = CFrame.new(-8.940696716308594e-08, -0.00006020069122314453, -0.00007207522139651701, 1, -8.195638656616211e-08, -2.2351745343485163e-08, 8.195637946073475e-08, 0.724399745464325, 0.689379870891571, -2.9802318834981634e-08, -0.6893801689147949, 0.724399983882904),
            ["LeftUpperLeg"] = CFrame.new(0, -2.400483936071396e-07, -1.955777406692505e-08, 0.9533900618553162, 0.28637880086898804, 0.09505113959312439, -0.265042781829834, 0.9453659653663635, -0.18983039259910583, -0.1442214697599411, 0.15578976273536682, 0.9772050380706787),
            ["LeftLowerLeg"] = CFrame.new(5.029141902923584e-08, 0.00006073713302612305, 0.0000720880925655365, 1, 5.2154071283894154e-08, -7.450581485102248e-09, -7.078051567077637e-08, 0.8450165390968323, 0.5347403883934021, 4.470348358154297e-08, -0.5347402691841125, 0.8450164794921875),
        }},
        {Time = 0.167, Data = {
            ["RightFoot"] = CFrame.new(-5.494803190231323e-08, 2.384185791015625e-07, 7.283233571797609e-09, 0.9652658700942993, 0.20810478925704956, -0.1579701155424118, -0.25015777349472046, 0.910600483417511, -0.3289794921875, 0.0753854289650917, 0.3570703864097595, 0.9310306906700134),
            ["LeftLowerArm"] = CFrame.new(2.384185791015625e-07, 0, -1.9371509552001953e-07, 1, -2.3865140974521637e-08, 7.450580596923828e-09, -5.587936335871291e-09, 0.913123369216919, -0.4076833724975586, 8.940698137394065e-08, 0.4076833426952362, 0.9131234288215637),
            ["RightUpperArm"] = CFrame.new(0, -1.1920928955078125e-07, -2.9802322387695312e-08, 0.6838452816009521, -0.3441266715526581, 0.6433759331703186, 0.47346270084381104, 0.8802164196968079, -0.03243708983063698, -0.5551474094390869, 0.32679644227027893, 0.7648628950119019),
            ["Head"] = CFrame.new(-5.8498699218034744e-09, -4.76837158203125e-07, -1.7716956790536642e-09, 0.9727997183799744, 0.021462950855493546, -0.23065176606178284, -0.020745104178786278, 0.9997694492340088, 0.005537965334951878, 0.23071733117103577, -0.0006023871246725321, 0.9730206727981567),
            ["RightHand"] = CFrame.new(-1.1920928955078125e-07, -1.7881393432617188e-07, 5.960464477539063e-08, 0.9939059019088745, 0.08881869912147522, -0.0652855783700943, -0.07780744880437851, 0.9848054647445679, 0.1552557647228241, 0.07808346301317215, -0.1492299884557724, 0.9857146739959717),
            ["UpperTorso"] = CFrame.new(3.6088749766349792e-09, -1.4901161193847656e-07, 9.313225746154785e-10, 0.9906253814697266, -0.05560816079378128, -0.12477604299783707, 0.05772184580564499, 0.9982430338859558, 0.013385036960244179, 0.12381240725517273, -0.020461903885006905, 0.9920946955680847),
            ["HumanoidRootPart"] = CFrame.new(0, 0, 0, 1, 0, 0, 0, 1, 0, 0, 0, 1),
            ["RightUpperLeg"] = CFrame.new(-5.960464477539063e-08, 8.201459422707558e-08, -2.6841007638722658e-08, 0.9439166188240051, -0.27469632029533386, -0.1832033395767212, 0.23763327300548553, 0.9503990411758423, -0.20067934691905975, 0.22924217581748962, 0.14588916301727295, 0.9623743891716003),
            ["LeftUpperArm"] = CFrame.new(0, -4.76837158203125e-07, -1.4901161193847656e-08, 0.5898676514625549, -0.15431423485279083, -0.792617917060852, -0.7437865138053894, 0.27832573652267456, -0.6077142953872681, 0.31438490748405457, 0.9480095505714417, 0.04939848929643631),
            ["RightLowerArm"] = CFrame.new(-2.980232238769531e-07, -5.364418029785156e-07, -8.940696716308594e-08, 1, -6.332994928470725e-08, 2.2351745343485163e-08, 1.1920930376163597e-07, 0.9714916944503784, -0.23707351088523865, -4.0279704904833125e-08, 0.237073615193367, 0.9714917540550232),
            ["LeftHand"] = CFrame.new(5.066394805908203e-07, 0, 0, 0.9625933170318604, 0.26009008288383484, -0.07594272494316101, -0.24307601153850555, 0.9527742266654968, 0.18203118443489075, 0.11970050632953644, -0.15676219761371613, 0.9803557991981506),
            ["LeftFoot"] = CFrame.new(5.21540641784668e-08, -1.1920928955078125e-07, -5.960464477539063e-08, 0.9263575673103333, -0.21289728581905365, -0.31070277094841003, 0.19021932780742645, 0.9764360189437866, -0.10192911326885223, 0.32508188486099243, 0.03532126918435097, 0.9450260996818542),
            ["LowerTorso"] = CFrame.new(0.0404944010078907, -0.08403325080871582, 0.005333087407052517, 0.9448786377906799, 0.02724601700901985, 0.32628530263900757, -0.026943843811750412, 0.9996221661567688, -0.005447231233119965, -0.3263104259967804, -0.003644306678324938, 0.945255696773529),
            ["RightLowerLeg"] = CFrame.new(-8.940696716308594e-08, -0.0000603795051574707, -0.00007212737546069548, 1, -1.303851746570217e-07, -4.842877388000488e-08, 8.940698847936801e-08, 0.756549060344696, 0.6539365649223328, -8.56816981809061e-08, -0.653937041759491, 0.7565493583679199),
            ["LeftUpperLeg"] = CFrame.new(2.9802322387695312e-08, 1.6059493646025658e-07, 1.4901161193847656e-08, 0.9655487537384033, 0.25674301385879517, 0.04241118207573891, -0.23537421226501465, 0.931175708770752, -0.2784077227115631, -0.11097142845392227, 0.258833646774292, 0.9595262408256531),
            ["LeftLowerLeg"] = CFrame.new(6.146728992462158e-08, 0.00006073713302612305, 0.00007210299372673035, 1, 5.2154071283894154e-08, 3.725291186640334e-09, -2.2351741790771484e-08, 0.8599681854248047, 0.5103477835655212, 2.9802322387695312e-08, -0.5103477835655212, 0.8599680662155151),
        }},
        {Time = 0.200, Data = {
            ["RightFoot"] = CFrame.new(-6.891787052154541e-08, 2.980232238769531e-07, -2.8107024263590574e-08, 0.9483187794685364, 0.23617926239967346, -0.21192282438278198, -0.2994043529033661, 0.8872053027153015, -0.35103195905685425, 0.10511250048875809, 0.3963409960269928, 0.9120665788650513),
            ["LeftLowerArm"] = CFrame.new(2.9802322387695312e-08, -1.1920928955078125e-07, -1.4901161193847656e-07, 1, -4.842877388000488e-08, -2.9802318834981634e-08, 2.9802318834981634e-08, 0.8805842995643616, -0.47388970851898193, 1.8253919620292436e-07, 0.47388964891433716, 0.880584180355072),
            ["RightUpperArm"] = CFrame.new(0, 3.5762786865234375e-07, 6.705522537231445e-08, 0.9291874170303345, -0.3647893965244293, -0.05949367582798004, 0.3553927540779114, 0.9260106682777405, -0.1272808015346527, 0.10152225941419601, 0.0971241444349289, 0.9900809526443481),
            ["Head"] = CFrame.new(4.6566128730773926e-09, 1.1920928955078125e-07, 9.313225746154785e-10, 0.9289901256561279, 0.04104593023657799, -0.36782145500183105, -0.049332838505506516, 0.9986958503723145, -0.013150851242244244, 0.36680182814598083, 0.03036266751587391, 0.9298034310340881),
            ["RightHand"] = CFrame.new(-8.940696716308594e-08, -1.1920928955078125e-07, 1.1920928955078125e-07, 0.9291491508483887, 0.11677628755569458, -0.35077783465385437, -0.09358956664800644, 0.992194652557373, 0.08240588754415512, 0.357663094997406, -0.04373834282159805, 0.9328259825706482),
            ["UpperTorso"] = CFrame.new(7.450580596923828e-09, 2.9802322387695312e-08, 2.2118911147117615e-09, 0.9836718440055847, -0.09123118221759796, -0.15513405203819275, 0.09556712955236435, 0.9952076077461243, 0.0207084771245718, 0.1525012105703354, -0.03519609570503235, 0.9876764416694641),
            ["HumanoidRootPart"] = CFrame.new(0, 0, 0, 1, 0, 0, 0, 1, 0, 0, 0, 1),
            ["RightUpperLeg"] = CFrame.new(-2.9802322387695312e-08, -1.862645149230957e-09, 6.384652806445956e-08, 0.9437360167503357, -0.2857195734977722, -0.16651368141174316, 0.27285951375961304, 0.9572454690933228, -0.096066914498806, 0.18684272468090057, 0.0452268011868, 0.9813482165336609),
            ["LeftUpperArm"] = CFrame.new(0, 1.1920928955078125e-07, 7.450580596923828e-09, 0.5866481065750122, -0.2991120517253876, -0.7525795102119446, -0.6691622734069824, 0.3443854749202728, -0.6584986448287964, 0.45614245533943176, 0.8899049162864685, 0.0018785910215228796),
            ["RightLowerArm"] = CFrame.new(-5.960464477539063e-08, -8.940696716308594e-07, -2.9802322387695312e-08, 1, -2.2351745343485163e-08, 0, 6.705523247774181e-08, 0.9439350366592407, -0.33013156056404114, 3.725290742551124e-09, 0.33013153076171875, 0.9439349174499512),
            ["LeftHand"] = CFrame.new(-3.2782554626464844e-07, -5.960464477539063e-08, -2.384185791015625e-07, 0.9585875868797302, 0.2473318874835968, -0.14119720458984375, -0.22675663232803345, 0.9627875089645386, 0.147043839097023, 0.17231155931949615, -0.10893701761960983, 0.9790002703666687),
            ["LeftFoot"] = CFrame.new(1.4901161193847656e-08, -5.960464477539063e-08, -3.725290298461914e-09, 0.890710711479187, -0.16730386018753052, -0.4226628839969635, 0.17351451516151428, 0.984537661075592, -0.02405223622918129, 0.4201515316963196, -0.05191434919834137, 0.9059677124023438),
            ["LowerTorso"] = CFrame.new(0.02426067367196083, -0.08330392837524414, -0.0043957969173789024, 0.8676645755767822, 0.03939599171280861, 0.4955867528915405, -0.04262995719909668, 0.9990795254707336, -0.004785222467035055, -0.49531903862953186, -0.016974717378616333, 0.8685452938079834),
            ["RightLowerLeg"] = CFrame.new(1.4901161193847656e-08, -0.0000603795051574707, -0.00007209757313830778, 1, -8.940695295223122e-08, -7.450579175838357e-08, 6.705523247774181e-08, 0.7972638607025146, 0.6036304831504822, -2.421439049271612e-08, -0.6036309003829956, 0.7972642779350281),
            ["LeftUpperLeg"] = CFrame.new(5.960464477539063e-08, 2.60770320892334e-08, -3.317836672067642e-08, 0.9780965447425842, 0.20742887258529663, -0.017340093851089478, -0.2004166841506958, 0.9159741997718811, -0.3475983440876007, -0.05621873587369919, 0.3434599041938782, 0.9374831914901733),
            ["LeftLowerLeg"] = CFrame.new(-4.470348358154297e-08, 0.00006073713302612305, 0.00007204711437225342, 1, 2.980232594040899e-08, -4.842878453814592e-08, -8.195639367158947e-08, 0.8673259615898132, 0.49774056673049927, 8.940698137394065e-08, -0.49774065613746643, 0.8673259615898132),
        }},
        {Time = 0.233, Data = {
            ["RightFoot"] = CFrame.new(4.470348358154297e-08, 3.5762786865234375e-07, 3.894820110872388e-08, 0.9370168447494507, 0.2599268853664398, -0.2333192378282547, -0.3275114595890045, 0.8859869837760925, -0.32827258110046387, 0.12139059603214264, 0.38401198387145996, 0.9153138399124146),
            ["LeftLowerArm"] = CFrame.new(5.960464477539063e-08, 0, -1.043081283569336e-07, 1, -7.078051567077637e-08, -3.725290298461914e-09, 5.5879340266073996e-08, 0.8298769593238831, -0.5579465627670288, 3.725289587919178e-08, 0.557946503162384, 0.8298769593238831),
            ["RightUpperArm"] = CFrame.new(1.1920928955078125e-07, -2.384185791015625e-07, 0, 0.8216585516929626, -0.2609252333641052, -0.5067500472068787, 0.2519671320915222, 0.9637547135353088, -0.08769023418426514, 0.5112629532814026, -0.055632926523685455, 0.8576216697692871),
            ["Head"] = CFrame.new(-2.7939677238464355e-09, -1.1920928955078125e-07, -3.725290298461914e-09, 0.8927327990531921, 0.028516612946987152, -0.4496832489967346, -0.05353162810206413, 0.9976396560668945, -0.043007977306842804, 0.4473952353000641, 0.06246686354279518, 0.8921520113945007),
            ["RightHand"] = CFrame.new(-2.384185791015625e-07, 1.1920928955078125e-07, -8.940696716308594e-08, 0.8637750148773193, 0.029603730887174606, -0.5030074715614319, -0.01947300136089325, 0.9994881749153137, 0.02538366988301277, 0.5035013556480408, -0.01213073916733265, 0.8639092445373535),
            ["UpperTorso"] = CFrame.new(-1.7695128917694092e-08, 2.384185791015625e-07, -1.862645149230957e-09, 0.9798280596733093, -0.10400613397359848, -0.1706451028585434, 0.11164522171020508, 0.9931041598320007, 0.03577035292983055, 0.1657480001449585, -0.054100558161735535, 0.9846830368041992),
            ["HumanoidRootPart"] = CFrame.new(0, 0, 0, 1, 0, 0, 0, 1, 0, 0, 0, 1),
            ["RightUpperLeg"] = CFrame.new(-2.9802322387695312e-08, 2.7474015951156616e-08, 1.6931153368204832e-08, 0.9438163042068481, -0.29419004917144775, -0.15054254233837128, 0.2949872314929962, 0.955340564250946, -0.017522862181067467, 0.14897467195987701, -0.027869917452335358, 0.9884482622146606),
            ["LeftUpperArm"] = CFrame.new(0, -1.1920928955078125e-07, 4.470348358154297e-08, 0.58431077003479, -0.36177483201026917, -0.7264294624328613, -0.5944566130638123, 0.41855955123901367, -0.6866071820259094, 0.5524512529373169, 0.8330227732658386, 0.02950941026210785),
            ["RightLowerArm"] = CFrame.new(1.7881393432617188e-07, 6.556510925292969e-07, 3.725290298461914e-08, 1, -7.4505797087454084e-09, -7.4505797087454084e-09, -4.749745841081676e-08, 0.9193522334098816, -0.393435537815094, 2.421439049271612e-08, 0.39343544840812683, 0.9193522334098816),
            ["LeftHand"] = CFrame.new(1.4901161193847656e-07, 5.960464477539063e-08, 1.6391277313232422e-07, 0.9500567317008972, 0.23080983757972717, -0.21004503965377808, -0.21005229651927948, 0.9707137942314148, 0.11658859997987747, 0.23080363869667053, -0.06664517521858215, 0.970715343952179),
            ["LeftFoot"] = CFrame.new(9.685754776000977e-08, -5.960464477539063e-08, 1.862645149230957e-08, 0.8731659650802612, -0.15452933311462402, -0.462279349565506, 0.1621035933494568, 0.9864921569824219, -0.02357657626271248, 0.45967790484428406, -0.054350681602954865, 0.8864209055900574),
            ["LowerTorso"] = CFrame.new(0.009847434237599373, -0.09955883026123047, -0.012105710804462433, 0.8094418048858643, 0.04952012374997139, 0.5851083397865295, -0.05496600642800331, 0.9984524250030518, -0.008463308215141296, -0.5846219062805176, -0.0253103319555521, 0.8109109997749329),
            ["RightLowerLeg"] = CFrame.new(-5.960464477539063e-08, -0.00006031990051269531, -0.00007212178752524778, 1, -1.49011640360186e-07, 5.960465188081798e-08, 9.685756197086448e-08, 0.833351194858551, 0.5527434349060059, -5.401671643312511e-08, -0.5527439713478088, 0.8333516120910645),
            ["LeftUpperLeg"] = CFrame.new(0, 7.35744833946228e-08, -1.30385160446167e-08, 0.9841649532318115, 0.1656673699617386, -0.06303862482309341, -0.17712309956550598, 0.9053841829299927, -0.38588476181030273, -0.0068541644141077995, 0.39093977212905884, 0.9203906655311584),
            ["LeftLowerLeg"] = CFrame.new(-8.195638656616211e-08, 0.00006073713302612305, 0.00007207691669464111, 1, 5.215408194203519e-08, 1.6018752546642645e-07, 0, 0.8587990999221802, 0.5123125314712524, 1.4901164746561335e-08, -0.512312650680542, 0.8587990403175354),
        }},
        {Time = 0.267, Data = {
            ["RightFoot"] = CFrame.new(1.1920928955078125e-07, 2.384185791015625e-07, 2.4047039914876223e-08, 0.9341166615486145, 0.26206618547439575, -0.24237962067127228, -0.33885520696640015, 0.864518940448761, -0.37119248509407043, 0.1122647225856781, 0.4288686513900757, 0.8963640332221985),
            ["LeftLowerArm"] = CFrame.new(-2.384185791015625e-07, 2.384185791015625e-07, -2.086162567138672e-07, 1, -8.195639367158947e-08, 4.842878098543224e-08, 7.450582373280668e-09, 0.7568661570549011, -0.6535701155662537, 4.4703494239684005e-08, 0.6535699367523193, 0.7568659782409668),
            ["RightUpperArm"] = CFrame.new(-5.960464477539063e-08, 0, -1.4901161193847656e-08, 0.7602943778038025, -0.1496349424123764, -0.6321095824241638, 0.20867419242858887, 0.977790355682373, 0.01952524296939373, 0.6151485443115234, -0.14674973487854004, 0.7746331095695496),
            ["Head"] = CFrame.new(7.450580596923828e-09, 1.1920928955078125e-07, -1.862645149230957e-08, 0.8756992220878601, -0.0004911627620458603, -0.4828569293022156, -0.04265705496072769, 0.996010959148407, -0.07837475836277008, 0.48096904158592224, 0.08922993391752243, 0.8721849322319031),
            ["RightHand"] = CFrame.new(1.564621925354004e-07, 0, 7.078051567077637e-08, 0.7562062740325928, -0.08969808369874954, -0.6481557488441467, 0.11788750439882278, 0.9930269718170166, 0.00011505189468152821, 0.6436260938644409, -0.07649681717157364, 0.7615078091621399),
            ["UpperTorso"] = CFrame.new(-2.2351741790771484e-08, -8.940696716308594e-08, -9.313225746154785e-10, 0.9770380854606628, -0.10257361084222794, -0.18674933910369873, 0.11431392282247543, 0.992019534111023, 0.053193580359220505, 0.17980264127254486, -0.07332029938697815, 0.9809664487838745),
            ["HumanoidRootPart"] = CFrame.new(0, 0, 0, 1, 0, 0, 0, 1, 0, 0, 0, 1),
            ["RightUpperLeg"] = CFrame.new(0, -2.738088369369507e-07, 1.3205863069742918e-08, 0.9433670043945312, -0.30537229776382446, -0.12964023649692535, 0.30901283025741577, 0.9510202407836914, 0.008464029990136623, 0.1207057386636734, -0.04804529994726181, 0.9915249943733215),
            ["LeftUpperArm"] = CFrame.new(0, 1.1920928955078125e-07, -5.960464477539063e-08, 0.5788233876228333, -0.3624427914619446, -0.7304783463478088, -0.5483760833740234, 0.4899832308292389, -0.677643358707428, 0.6035289764404297, 0.7928125858306885, 0.08485879004001617),
            ["RightLowerArm"] = CFrame.new(1.1920928955078125e-07, 2.384185791015625e-07, 1.4156103134155273e-07, 1, -5.21540641784668e-08, 3.725289943190546e-08, 4.0978189730367376e-08, 0.8649559020996094, -0.5018478035926819, -4.1909511416804435e-09, 0.5018478631973267, 0.8649559020996094),
            ["LeftHand"] = CFrame.new(4.470348358154297e-07, -2.384185791015625e-07, -2.8312206268310547e-07, 0.9364182353019714, 0.2057073563337326, -0.2842627763748169, -0.19876304268836975, 0.9785919785499573, 0.05339572951197624, 0.28916123509407043, 0.006500245537608862, 0.957258403301239),
            ["LeftFoot"] = CFrame.new(-1.4901161193847656e-08, 0, -1.1175870895385742e-08, 0.8599945902824402, -0.1635405272245407, -0.4833879768848419, 0.13644526898860931, 0.9864599704742432, -0.09099187701940536, 0.49172353744506836, 0.01229681633412838, 0.8706644177436829),
            ["LowerTorso"] = CFrame.new(-0.0007993550971150398, -0.13682842254638672, -0.016858955845236778, 0.7777950167655945, 0.05932409316301346, 0.6257120370864868, -0.06417400389909744, 0.997828483581543, -0.01483316719532013, -0.6252332925796509, -0.02861708030104637, 0.779913067817688),
            ["RightLowerLeg"] = CFrame.new(-2.9802322387695312e-08, -0.000060617923736572266, -0.0000720894240657799, 1, -5.960465188081798e-08, -2.9802318834981634e-08, 9.685753354915505e-08, 0.8213057518005371, 0.5704880356788635, 1.0948859596737748e-07, -0.5704883933067322, 0.8213058710098267),
