return {
    ["Pump Me Up"] = {
        {Time = 0.000, Data = {
            ["RightFoot"] = CFrame.new(-6.612390279769897e-08, 2.384185791015625e-07, 3.149762051180005e-08, 0.9740090370178223, 0.11787613481283188, -0.19342105090618134, -0.12192465364933014, 0.992497444152832, -0.00911993533372879, 0.19089488685131073, 0.03246604651212692, 0.9810735583305359),
            ["LeftLowerArm"] = CFrame.new(3.2782554626464844e-07, -2.384185791015625e-07, 3.3527612686157227e-08, 1, -6.286428799739952e-08, 1.51398111825074e-07, 6.891788473240013e-08, -0.6829750537872314, -0.7304419875144958, 1.4714899521095504e-07, 0.7304418087005615, -0.6829747557640076),
            ["RightUpperArm"] = CFrame.new(1.1920928955078125e-07, -3.5762786865234375e-07, -7.450580596923828e-08, 0.7086707949638367, -0.3279566466808319, 0.6246843338012695, -0.25143346190452576, 0.709875226020813, 0.657919704914093, -0.6592168807983398, -0.6233150362968445, 0.420608252286911),
            ["Head"] = CFrame.new(-1.0244548320770264e-08, -4.76837158203125e-07, -1.0058283805847168e-07, 0.9683507680892944, -0.09020217508077621, 0.23272401094436646, 0.14260005950927734, 0.9651914238929749, -0.21925026178359985, -0.20484639704227448, 0.24549774825572968, 0.9475066661834717),
            ["RightHand"] = CFrame.new(1.2293457984924316e-07, 0, -4.470348358154297e-08, 0.2660280466079712, -0.1490488052368164, 0.9523726105690002, 0.8177033066749573, 0.5580865740776062, -0.14106859266757965, -0.5104805827140808, 0.8162866234779358, 0.27034467458724976),
            ["UpperTorso"] = CFrame.new(6.51925802230835e-09, 8.940696716308594e-08, 5.238689482212067e-10, 0.963776707649231, -0.03314162790775299, -0.2646434009075165, 0.08422675728797913, 0.9792923927307129, 0.18409836292266846, 0.253061980009079, -0.19971968233585358, 0.9466106295585632),
            ["HumanoidRootPart"] = CFrame.new(0, 0, 0, 1, 0, 0, 0, 1, 0, 0, 0, 1),
            ["RightUpperLeg"] = CFrame.new(5.960464477539063e-08, 5.320180207490921e-08, -1.1008523870259523e-08, 0.9843258857727051, -0.17374005913734436, -0.03028077259659767, 0.12346020340919495, 0.8014539480209351, -0.5851747393608093, 0.1259368658065796, 0.5722638368606567, 0.8103417158126831),
            ["LeftUpperArm"] = CFrame.new(0, -3.5762786865234375e-07, 2.9802322387695312e-08, 0.9219484329223633, 0.30623677372932434, 0.23712967336177826, 0.04610022157430649, 0.5211261510848999, -0.8522337079048157, -0.38455942273139954, 0.7966471314430237, 0.4663337469100952),
            ["RightLowerArm"] = CFrame.new(-1.1920928955078125e-07, 0, -3.2782554626464844e-07, 1, -1.1548398504146462e-07, 7.450581485102248e-09, 1.1548399925231934e-07, 0.41285473108291626, -0.9107967615127563, 1.043081283569336e-07, 0.9107968807220459, 0.41285502910614014),
            ["LeftHand"] = CFrame.new(-3.725290298461914e-08, -5.960464477539063e-08, 6.705522537231445e-08, 0.2804417610168457, 0.4501420855522156, -0.847776472568512, -0.16704784333705902, 0.8926290273666382, 0.41869857907295227, 0.9452235102653503, 0.024198628962039948, 0.3255254030227661),
            ["LeftFoot"] = CFrame.new(1.4901161193847656e-08, -1.7881393432617188e-07, -7.450580596923828e-09, 0.9964893460273743, 0.0814410075545311, 0.019398536533117294, -0.06816162914037704, 0.9237667322158813, -0.3768410086631775, -0.048610083758831024, 0.3741958439350128, 0.9260749220848083),
            ["LowerTorso"] = CFrame.new(-0.02135062962770462, -0.14760088920593262, 0.0055627101100981236, 0.9934616088867188, 0.07843904197216034, -0.08295463025569916, -0.07990367710590363, 0.9966974258422852, -0.0144810751080513, 0.08154477924108505, 0.021014774218201637, 0.9964480996131897),
            ["RightLowerLeg"] = CFrame.new(4.842877388000488e-08, -0.000060498714447021484, -0.00007200071559054777, 1, -1.0803340444454079e-07, -1.2107194891086692e-07, 1.2293456563838845e-07, 0.3619452714920044, 0.932199239730835, -8.568166975919667e-08, -0.9321993589401245, 0.3619458079338074),
            ["LeftUpperLeg"] = CFrame.new(0, -5.844049155712128e-08, 3.725290298461914e-09, 0.9247274994850159, -0.09404408186674118, 0.3688288629055023, 0.15302671492099762, 0.9790922999382019, -0.13401924073696136, -0.34851378202438354, 0.18037191033363342, 0.9197849035263062),
            ["LeftLowerLeg"] = CFrame.new(4.842877388000488e-08, 0.000060677528381347656, 0.00007206201553344727, 1, 5.960463766996327e-08, -1.4901161193847656e-08, -5.215405707303944e-08, 0.8452580571174622, 0.5343582034111023, -4.656612428988183e-09, -0.5343582630157471, 0.8452581763267517),
        }},
        {Time = 0.033, Data = {
            ["RightFoot"] = CFrame.new(3.632158041000366e-08, 2.384185791015625e-07, 1.6952981241047382e-09, 0.9697909355163574, 0.08518195897340775, -0.2285819947719574, -0.107738196849823, 0.9902710318565369, -0.08806613087654114, 0.21885636448860168, 0.1100335493683815, 0.9695332050323486),
            ["LeftLowerArm"] = CFrame.new(2.980232238769531e-07, -5.364418029785156e-07, -3.501772880554199e-07, 1, -6.20348288293826e-08, 1.364678183790602e-07, 6.752089376504955e-08, -0.6327650547027588, -0.7743440866470337, 1.4714898100010032e-07, 0.7743439078330994, -0.6327648162841797),
            ["RightUpperArm"] = CFrame.new(0, 2.384185791015625e-07, 5.21540641784668e-08, 0.7067914605140686, -0.343152791261673, 0.6186211705207825, -0.27547746896743774, 0.6719372868537903, 0.6874681115150452, -0.6515811085700989, -0.6563128232955933, 0.3803884983062744),
            ["Head"] = CFrame.new(-9.313225746154785e-10, 1.1920928955078125e-07, 3.3527612686157227e-08, 0.9712232947349548, -0.06435689330101013, 0.22931095957756042, 0.10842787474393845, 0.9767163991928101, -0.1851176768541336, -0.2120581567287445, 0.20465442538261414, 0.9555878043174744),
            ["RightHand"] = CFrame.new(-5.587935447692871e-08, 4.76837158203125e-07, -7.450580596923828e-09, 0.3282308876514435, -0.1536165028810501, 0.932022750377655, 0.8096485733985901, 0.5539857149124146, -0.19382606446743011, -0.4865528345108032, 0.818230926990509, 0.30621084570884705),
            ["UpperTorso"] = CFrame.new(-1.3009412214159966e-08, -2.9802322387695312e-08, -2.7939677238464355e-09, 0.9742946028709412, -0.003807960543781519, -0.22524544596672058, 0.04369315132498741, 0.984065055847168, 0.17235739529132843, 0.22099986672401428, -0.17776857316493988, 0.9589356184005737),
            ["HumanoidRootPart"] = CFrame.new(0, 0, 0, 1, 0, 0, 0, 1, 0, 0, 0, 1),
            ["RightUpperLeg"] = CFrame.new(-5.960464477539063e-08, -9.14442352950573e-08, 5.75528247281909e-09, 0.9920700788497925, -0.10759258270263672, -0.06496784836053848, 0.055319853127002716, 0.8379374146461487, -0.5429553985595703, 0.11285699903964996, 0.535055935382843, 0.8372446298599243),
            ["LeftUpperArm"] = CFrame.new(0, 2.384185791015625e-07, 0, 0.9492717981338501, 0.26918378472328186, 0.16255271434783936, 0.009442686103284359, 0.4922972321510315, -0.8703761100769043, -0.3143150508403778, 0.8277581334114075, 0.464781790971756),
            ["RightLowerArm"] = CFrame.new(-2.9802322387695312e-08, 5.960464477539063e-08, 1.4901161193847656e-07, 1, -6.332991375757047e-08, 5.215407838932151e-08, 1.3783574104309082e-07, 0.34649553894996643, -0.9380515813827515, 5.960464477539063e-08, 0.938051700592041, 0.34649571776390076),
            ["LeftHand"] = CFrame.new(-4.842877388000488e-08, -1.1920928955078125e-07, 7.636845111846924e-08, 0.5298760533332825, 0.26084235310554504, -0.8069654703140259, 0.17616353929042816, 0.8969176411628723, 0.4055923521518707, 0.8295769095420837, -0.35707148909568787, 0.4293037950992584),
            ["LeftFoot"] = CFrame.new(-5.029141902923584e-08, 5.960464477539063e-08, 2.2351741790771484e-08, 0.9969549179077148, 0.06939622759819031, 0.03556807339191437, -0.04730275273323059, 0.9007964134216309, -0.4316572844982147, -0.06199503690004349, 0.4286607801914215, 0.9013362526893616),
            ["LowerTorso"] = CFrame.new(-0.002982304198667407, -0.153822660446167, -0.0027640126645565033, 0.9920602440834045, 0.03739512339234352, -0.12007544189691544, -0.039016176015138626, 0.9991761445999146, -0.011177275329828262, 0.11955852806568146, 0.01577341929078102, 0.9927018284797668),
            ["RightLowerLeg"] = CFrame.new(3.91155481338501e-08, -0.000060677528381347656, -0.00007206032023532316, 1, -1.5180556545146828e-07, -9.220094909778709e-08, 1.424923539161682e-07, 0.42448824644088745, 0.9054332375526428, -8.475035429000854e-08, -0.9054334163665771, 0.4244888126850128),
            ["LeftUpperLeg"] = CFrame.new(0, -1.3853423297405243e-08, 1.862645149230957e-09, 0.9239931702613831, -0.024146372452378273, 0.3816460371017456, 0.10365372896194458, 0.9764574766159058, -0.1891738474369049, -0.3680932819843292, 0.21435435116291046, 0.9047428965568542),
            ["LeftLowerLeg"] = CFrame.new(-3.725290298461914e-08, 0.000060498714447021484, 0.00007200241088867188, 1, 5.960463766996327e-08, 1.862645504502325e-08, -7.543712854385376e-08, 0.7891823053359985, 0.6141589879989624, 2.7939677238464355e-09, -0.6141590476036072, 0.7891823649406433),
        }},
        {Time = 0.067, Data = {
            ["RightFoot"] = CFrame.new(3.725290298461914e-09, 4.172325134277344e-07, -5.790934665128589e-08, 0.9701413512229919, 0.02603839710354805, -0.24113866686820984, -0.08484070003032684, 0.9678422212600708, -0.2368198037147522, 0.22721759974956512, 0.2502070963382721, 0.941152811050415),
            ["LeftLowerArm"] = CFrame.new(-5.960464477539063e-08, 1.1920928955078125e-07, 1.4901161193847656e-08, 1, -7.17118453508192e-08, 1.4062969455608254e-07, 7.823110337312755e-08, -0.5080990791320801, -0.861298680305481, 1.2293459406009788e-07, 0.8612986207008362, -0.5080989599227905),
            ["RightUpperArm"] = CFrame.new(0, -2.384185791015625e-07, 0, 0.6911769509315491, -0.3547850549221039, 0.629604697227478, -0.32332032918930054, 0.6273446083068848, 0.708450973033905, -0.6463269591331482, -0.6932288408279419, 0.31889668107032776),
            ["Head"] = CFrame.new(-1.1175870895385742e-08, -3.5762786865234375e-07, 2.2351741790771484e-08, 0.9754239916801453, -0.03846818953752518, 0.21695198118686676, 0.0686788484454155, 0.9886689186096191, -0.13348083198070526, -0.20935893058776855, 0.14510057866573334, 0.9670132994651794),
            ["RightHand"] = CFrame.new(-5.960464477539063e-08, 3.5762786865234375e-07, -3.725290298461914e-08, 0.3261488080024719, -0.21935388445854187, 0.9195166230201721, 0.8708499073982239, 0.4481326937675476, -0.20198315382003784, -0.3677600920200348, 0.8666378259658813, 0.3371824324131012),
            ["UpperTorso"] = CFrame.new(1.1292286217212677e-08, 1.4901161193847656e-07, -2.3283064365386963e-10, 0.9827761650085449, 0.034729551523923874, -0.18150746822357178, -0.008197571150958538, 0.9894084930419922, 0.14492695033550262, 0.1846182495355606, -0.14094281196594238, 0.9726517200469971),
            ["HumanoidRootPart"] = CFrame.new(0, 0, 0, 1, 0, 0, 0, 1, 0, 0, 0, 1),
            ["RightUpperLeg"] = CFrame.new(5.960464477539063e-08, 4.4565240386873484e-08, -1.5897967386990786e-08, 0.9918141961097717, -0.026503529399633408, -0.12490961700677872, -0.032641299068927765, 0.8930967450141907, -0.4486790895462036, 0.1234479546546936, 0.4490832984447479, 0.8849207162857056),
            ["LeftUpperArm"] = CFrame.new(0, -3.5762786865234375e-07, 5.960464477539063e-08, 0.967579185962677, 0.23838262259960175, 0.08345303684473038, -0.039978958666324615, 0.4708082675933838, -0.8813292980194092, -0.24938370287418365, 0.849419355392456, 0.4650745391845703),
            ["RightLowerArm"] = CFrame.new(-2.9802322387695312e-08, -1.1920928955078125e-07, -1.7881393432617188e-07, 1, -1.2293453721667902e-07, 7.4505820180093e-08, 9.685753354915505e-08, 0.30186372995376587, -0.9533510208129883, 1.7881390590446244e-07, 0.9533511400222778, 0.3018639385700226),
            ["LeftHand"] = CFrame.new(-8.195638656616211e-08, -2.980232238769531e-07, 1.4901161193847656e-08, 0.44585493206977844, -0.12718813121318817, -0.8860231637954712, 0.8899847269058228, 0.1687166690826416, 0.42362916469573975, 0.09560638666152954, -0.977424144744873, 0.18841829895973206),
            ["LeftFoot"] = CFrame.new(5.587935447692871e-09, 0, 2.60770320892334e-08, 0.9960804581642151, 0.05570293590426445, 0.06870956718921661, -0.014735122211277485, 0.870440661907196, -0.4920527935028076, -0.08721648156642914, 0.48911163210868835, 0.8678496479988098),
            ["LowerTorso"] = CFrame.new(0.02245410718023777, -0.1626601219177246, -0.01110530924052, 0.9883132576942444, -0.01888587325811386, -0.1512622982263565, 0.018909400328993797, 0.9998204112052917, -0.0012832126813009381, 0.15125936269760132, -0.001592060667462647, 0.9884928464889526),
            ["RightLowerLeg"] = CFrame.new(-1.341104507446289e-07, -0.00006031990051269531, -0.00007214972720248625, 1, -1.1175869474300271e-07, -8.847565169389782e-08, 1.341104507446289e-07, 0.5555424094200134, 0.8314879536628723, -6.100162863731384e-08, -0.8314881920814514, 0.5555428862571716),
            ["LeftUpperLeg"] = CFrame.new(-5.960464477539063e-08, -5.736364983022213e-08, -9.313225746154785e-10, 0.9297235012054443, 0.06366872787475586, 0.3627128005027771, 0.039926573634147644, 0.9617072343826294, -0.2711549699306488, -0.36608755588531494, 0.2665809690952301, 0.8915797472000122),
            ["LeftLowerLeg"] = CFrame.new(3.725290298461914e-08, 0.00006073713302612305, 0.00007215887308120728, 1, 8.195640788244418e-08, 3.725290742551124e-09, -6.33299421792799e-08, 0.7096107602119446, 0.7045938968658447, 4.6566133171666024e-09, -0.7045940160751343, 0.7096107602119446),
        }},
        {Time = 0.100, Data = {
            ["RightFoot"] = CFrame.new(-2.421438694000244e-08, 1.1920928955078125e-07, -2.8107024263590574e-08, 0.974544107913971, -0.026271987706422806, -0.2226513922214508, -0.05503566190600395, 0.9346888661384583, -0.35118043422698975, 0.21733585000038147, 0.3544948399066925, 0.9094497561454773),
            ["LeftLowerArm"] = CFrame.new(5.960464477539063e-08, -5.960464477539063e-08, -1.1920928955078125e-07, 1, -1.0803344707710494e-07, 1.1175872316471214e-07, 6.705522537231445e-08, -0.21431587636470795, -0.976764440536499, 1.341104507446289e-07, 0.9767645001411438, -0.2143157422542572),
            ["RightUpperArm"] = CFrame.new(1.1920928955078125e-07, 0, -4.470348358154297e-08, 0.6673182845115662, -0.3603513538837433, 0.6517923474311829, -0.3711984157562256, 0.5977888107299805, 0.7105352878570557, -0.6456764340400696, -0.7160974740982056, 0.2651534080505371),
            ["Head"] = CFrame.new(-7.450580596923828e-09, 4.76837158203125e-07, -1.1175870895385742e-08, 0.9799964427947998, -0.015316633507609367, 0.19842486083507538, 0.02829669415950775, 0.9976282119750977, -0.06274708360433578, -0.1969931572675705, 0.06710682064294815, 0.9781055450439453),
            ["RightHand"] = CFrame.new(1.043081283569336e-07, 1.7881393432617188e-07, 7.450580596923828e-08, 0.2535437047481537, -0.26514342427253723, 0.93027663230896, 0.9447941184043884, 0.2742272913455963, -0.17934095859527588, -0.20755653083324432, 0.9243908524513245, 0.3200347423553467),
            ["UpperTorso"] = CFrame.new(6.51925802230835e-09, 8.940696716308594e-08, 5.3551048040390015e-09, 0.9877443313598633, 0.07408377528190613, -0.13737790286540985, -0.06077371910214424, 0.9932622313499451, 0.09867461770772934, 0.143762469291687, -0.08911633491516113, 0.9855915307998657),
            ["HumanoidRootPart"] = CFrame.new(0, 0, 0, 1, 0, 0, 0, 1, 0, 0, 0, 1),
            ["RightUpperLeg"] = CFrame.new(1.1920928955078125e-07, -2.42842361330986e-07, -6.548361852765083e-11, 0.9827021956443787, 0.06401108205318451, -0.1737786829471588, -0.11911466717720032, 0.9369815587997437, -0.3284468948841095, 0.14180321991443634, 0.343465119600296, 0.9283984303474426),
            ["LeftUpperArm"] = CFrame.new(-1.1920928955078125e-07, 1.1920928955078125e-07, -4.470348358154297e-08, 0.9769809246063232, 0.21321478486061096, 0.006916744168847799, -0.09436870366334915, 0.4610351026058197, -0.8823497891426086, -0.1913186013698578, 0.8613861799240112, 0.47054323554039),
            ["RightLowerArm"] = CFrame.new(-1.1920928955078125e-07, -1.1920928955078125e-07, 7.450580596923828e-08, 1, -1.6763797816565784e-07, 6.705524668859653e-08, 6.705523247774181e-08, 0.2796708941459656, -0.9600958824157715, 7.450581307466564e-08, 0.960096001625061, 0.2796711027622223),
            ["LeftHand"] = CFrame.new(2.384185791015625e-07, 1.7881393432617188e-07, -2.2351741790771484e-08, 0.439350426197052, -0.3270426392555237, -0.836668848991394, 0.8982577919960022, 0.17052823305130005, 0.4050346910953522, 0.010212103836238384, -0.9294962882995605, 0.36868998408317566),
            ["LeftFoot"] = CFrame.new(3.166496753692627e-08, -1.1920928955078125e-07, -3.725290298461914e-09, 0.9926401972770691, 0.038507502526044846, 0.11481525748968124, 0.02521241270005703, 0.8616085052490234, -0.5069466829299927, -0.1184471845626831, 0.5061105489730835, 0.8542965650558472),
            ["LowerTorso"] = CFrame.new(0.05315420776605606, -0.1730794906616211, -0.020317984744906425, 0.9809798002243042, -0.0770331472158432, -0.17816999554634094, 0.08097437024116516, 0.9966042041778564, 0.01494437362998724, 0.17641375958919525, -0.029087327420711517, 0.9838862419128418),
            ["RightLowerLeg"] = CFrame.new(9.685754776000977e-08, -0.00006014108657836914, -0.00007209012255771086, 1, -8.195639367158947e-08, -3.725290742551124e-09, 8.940696716308594e-08, 0.7111263871192932, 0.7030638456344604, -1.0337680578231812e-07, -0.7030642628669739, 0.7111267447471619),
            ["LeftUpperLeg"] = CFrame.new(-5.960464477539063e-08, 1.792795956134796e-08, 1.6298145055770874e-09, 0.9361754059791565, 0.15951532125473022, 0.3132578432559967, -0.028407039120793343, 0.9225327372550964, -0.3848719298839569, -0.35038354992866516, 0.3514089584350586, 0.8681838512420654),
            ["LeftLowerLeg"] = CFrame.new(5.960464477539063e-08, 0.000060677528381347656, 0.00007214397192001343, 1, 6.705522537231445e-08, 1.862645326866641e-08, -8.009374141693115e-08, 0.5823139548301697, 0.8129639029502869, 4.190951585769653e-08, -0.8129639625549316, 0.5823140740394592),
        }},
        {Time = 0.133, Data = {
            ["RightFoot"] = CFrame.new(-6.426125764846802e-08, 2.980232238769531e-07, 9.145878721028566e-09, 0.9802959561347961, -0.05239660292863846, -0.19045886397361755, -0.025031130760908127, 0.923456609249115, -0.3828853964805603, 0.19594231247901917, 0.3801085948944092, 0.9039492607116699),
            ["LeftLowerArm"] = CFrame.new(1.1920928955078125e-07, 1.7881393432617188e-07, -6.258487701416016e-07, 1, -6.705523958316917e-08, 5.960463056453591e-08, 7.4505820180093e-08, 0.04559224843978882, -0.9989601373672485, 1.0430815677864302e-07, 0.9989601373672485, 0.045592356473207474),
            ["RightUpperArm"] = CFrame.new(-1.1920928955078125e-07, 1.1920928955078125e-07, -2.2351741790771484e-08, 0.6633039116859436, -0.3748182952404022, 0.6477184891700745, -0.40906044840812683, 0.5431810021400452, 0.7332284450531006, -0.6266556978225708, -0.7513092756271362, 0.20697061717510223),
            ["Head"] = CFrame.new(-1.862645149230957e-08, -2.384185791015625e-07, -5.122274160385132e-09, 0.9849210381507874, 0.0024092949461191893, 0.1729881465435028, -0.006292376667261124, 0.9997403621673584, 0.021900856867432594, -0.17289042472839355, -0.022658979520201683, 0.9846804738044739),
            ["RightHand"] = CFrame.new(-1.341104507446289e-07, 1.1920928955078125e-07, 1.4901161193847656e-08, 0.22182825207710266, -0.27033573389053345, 0.9368621110916138, 0.9576525092124939, 0.24127048254013062, -0.15713109076023102, -0.18355917930603027, 0.9320446252822876, 0.3124085068702698),
            ["UpperTorso"] = CFrame.new(-2.421438694000244e-08, -1.4901161193847656e-07, 2.7939677238464355e-09, 0.9899243116378784, 0.10571913421154022, -0.09419946372509003, -0.10297740250825882, 0.9941188097000122, 0.03352019935846329, 0.09718921780586243, -0.023482058197259903, 0.9949889183044434),
            ["HumanoidRootPart"] = CFrame.new(0, 0, 0, 1, 0, 0, 0, 1, 0, 0, 0, 1),
            ["RightUpperLeg"] = CFrame.new(-1.1920928955078125e-07, -1.2619420886039734e-07, -1.6952981241047382e-09, 0.9694104790687561, 0.14200735092163086, -0.20019285380840302, -0.19046586751937866, 0.9496822953224182, -0.24864915013313293, 0.1548095941543579, 0.2791728675365448, 0.9476794600486755),
            ["LeftUpperArm"] = CFrame.new(0, 0, 3.725290298461914e-08, 0.9789876341819763, 0.194065123796463, -0.06262652575969696, -0.14818045496940613, 0.4660263955593109, -0.8722741007804871, -0.14009207487106323, 0.8632254600524902, 0.4849906265735626),
            ["RightLowerArm"] = CFrame.new(-1.7881393432617188e-07, -2.384185791015625e-07, 1.341104507446289e-07, 1, -1.601874828338623e-07, 1.0430815677864302e-07, 9.685756197086448e-08, 0.2084241509437561, -0.9780385494232178, 2.2351744632942427e-07, 0.9780386090278625, 0.20842424035072327),
            ["LeftHand"] = CFrame.new(1.1920928955078125e-07, 5.960464477539063e-08, 1.6391277313232422e-07, 0.48647341132164, -0.3815934360027313, -0.7859586477279663, 0.8704736232757568, 0.28887102007865906, 0.39853382110595703, 0.07496298104524612, -0.8780319094657898, 0.47269442677497864),
            ["LeftFoot"] = CFrame.new(-1.3969838619232178e-09, 1.1920928955078125e-07, 4.284083843231201e-08, 0.9874187111854553, 0.00991925410926342, 0.15781629085540771, 0.06929424405097961, 0.8699557185173035, -0.4882369041442871, -0.14213617146015167, 0.49303004145622253, 0.8583232164382935),
            ["LowerTorso"] = CFrame.new(0.08731330931186676, -0.18404698371887207, -0.03125877305865288, 0.9715139865875244, -0.12416099011898041, -0.20185309648513794, 0.13426651060581207, 0.9902501106262207, 0.03711280599236488, 0.19527706503868103, -0.06315770745277405, 0.9787124395370483),
            ["RightLowerLeg"] = CFrame.new(-1.043081283569336e-07, -0.000060617923736572266, -0.00007206032023532316, 1, -1.1920930376163597e-07, -3.166496753692627e-08, 7.450580596923828e-08, 0.8055287003517151, 0.5925565361976624, -7.078051567077637e-08, -0.592556893825531, 0.8055288791656494),
            ["LeftUpperLeg"] = CFrame.new(-5.960464477539063e-08, -2.421438694000244e-08, 0, 0.9386610984802246, 0.23867258429527283, 0.2488992065191269, -0.09232670068740845, 0.8693690896034241, -0.4854620099067688, -0.33225178718566895, 0.43270426988601685, 0.8380786776542664),
            ["LeftLowerLeg"] = CFrame.new(-1.862645149230957e-08, 0.00006097555160522461, 0.00007210299372673035, 1, 7.264317503086204e-08, 5.5879368687783426e-08, -8.195639367158947e-08, 0.4555237293243408, 0.8902237415313721, 3.632158396271734e-08, -0.8902237415313721, 0.4555237293243408),
        }},
        {Time = 0.167, Data = {
            ["RightFoot"] = CFrame.new(2.7008354663848877e-08, 2.980232238769531e-07, -2.0656443666666746e-08, 0.986207902431488, -0.06361423432826996, -0.15279842913150787, 0.0036254979204386473, 0.9312695264816284, -0.3643127381801605, 0.16547204554080963, 0.35873448848724365, 0.9186559915542603),
            ["LeftLowerArm"] = CFrame.new(-5.960464477539063e-08, -5.960464477539063e-08, 3.5762786865234375e-07, 1, -9.685756197086448e-08, 6.752087244876748e-08, 8.940695295223122e-08, 0.1994635909795761, -0.9799052476882935, 1.4901159417490817e-08, 0.9799053072929382, 0.19946354627609253),
            ["RightUpperArm"] = CFrame.new(-5.960464477539063e-08, -2.384185791015625e-07, -2.1420419216156006e-08, 0.6886953711509705, -0.37847402691841125, 0.618430495262146, -0.4226645231246948, 0.4834635853767395, 0.7665623426437378, -0.5891124606132507, -0.7893163561820984, 0.17299135029315948),
            ["Head"] = CFrame.new(-3.259629011154175e-09, 0, 6.51925802230835e-09, 0.9910562634468079, 0.011172331869602203, 0.13297578692436218, -0.027810143306851387, 0.9919015765190125, 0.12392733991146088, -0.13051433861255646, -0.1265168935060501, 0.9833409786224365),
            ["RightHand"] = CFrame.new(-7.450580596923828e-08, -1.7881393432617188e-07, -1.341104507446289e-07, 0.21576127409934998, -0.23838061094284058, 0.9469010829925537, 0.9515571594238281, 0.26888465881347656, -0.14913083612918854, -0.2190576046705246, 0.9332072734832764, 0.28484782576560974),
            ["UpperTorso"] = CFrame.new(-5.4016709327697754e-08, 1.1920928955078125e-07, 3.632158041000366e-08, 0.9904348254203796, 0.13069550693035126, -0.04424464702606201, -0.13314096629619598, 0.9894124269485474, -0.05776263028383255, 0.03622692823410034, 0.0631008967757225, 0.9973494410514832),
            ["HumanoidRootPart"] = CFrame.new(0, 0, 0, 1, 0, 0, 0, 1, 0, 0, 0, 1),
            ["RightUpperLeg"] = CFrame.new(-5.960464477539063e-08, 2.3515895009040833e-07, 5.418405635282397e-08, 0.9546612501144409, 0.198155477643013, -0.22216281294822693, -0.24662746489048004, 0.9444013833999634, -0.21744179725646973, 0.16672354936599731, 0.2623745799064636, 0.9504539966583252),
            ["LeftUpperArm"] = CFrame.new(5.960464477539063e-08, -2.384185791015625e-07, 3.818422555923462e-08, 0.9731511473655701, 0.1955796778202057, -0.12134960293769836, -0.2034112513065338, 0.4840714931488037, -0.8510573506355286, -0.1077074259519577, 0.852891206741333, 0.5108576416969299),
            ["RightLowerArm"] = CFrame.new(1.1920928955078125e-07, 1.1920928955078125e-07, -4.023313522338867e-07, 1, -1.0430807861894209e-07, 8.940700979565008e-08, 1.0430814256778831e-07, 0.126672625541687, -0.9919445514678955, 1.3411046495548362e-07, 0.9919445514678955, 0.12667271494865417),
            ["LeftHand"] = CFrame.new(-7.450580596923828e-08, -1.7881393432617188e-07, 2.728775143623352e-07, 0.5551803112030029, -0.48612338304519653, -0.674877405166626, 0.8316505551338196, 0.31323757767677307, 0.4585188925266266, -0.011499607935547829, -0.8158224821090698, 0.5781877636909485),
            ["LeftFoot"] = CFrame.new(-2.056185621768236e-08, 1.7881393432617188e-07, 3.725290298461914e-09, 0.980292558670044, -0.02552771382033825, 0.1958947479724884, 0.11675689369440079, 0.8747601509094238, -0.4702789783477783, -0.1593559831380844, 0.48388323187828064, 0.8605015873908997),
            ["LowerTorso"] = CFrame.new(0.1230553463101387, -0.1884474754333496, -0.046005550771951675, 0.9620623588562012, -0.15554401278495789, -0.22414754331111908, 0.1748620867729187, 0.9821752309799194, 0.0689578428864479, 0.2094261646270752, -0.10553663969039917, 0.9721125364303589),
            ["RightLowerLeg"] = CFrame.new(5.960464477539063e-08, -0.000060558319091796875, -0.00007214972720248625, 1, -5.960465898624534e-08, -1.1175873559921001e-08, 6.891787052154541e-08, 0.8476577997207642, 0.5305430293083191, -4.190951585769653e-08, -0.5305433869361877, 0.8476579785346985),
            ["LeftUpperLeg"] = CFrame.new(-5.960464477539063e-08, 9.313225746154785e-09, 4.842877388000488e-08, 0.9384855628013611, 0.2905575931072235, 0.18660445511341095, -0.14560353755950928, 0.8229572772979736, -0.5491275787353516, -0.3131205439567566, 0.48817795515060425, 0.8146396279335022),
            ["LeftLowerLeg"] = CFrame.new(8.672941476106644e-09, 0.000060617923736572266, 0.00007211044430732727, 1, 6.484332715217533e-08, 5.503535049911079e-08, -9.348151763788337e-08, 0.3794311285018921, 0.9252200126647949, 5.721813778336582e-08, -0.9252199530601501, 0.37943121790885925),
        }},
        {Time = 0.200, Data = {
            ["RightFoot"] = CFrame.new(-2.9802322387695312e-08, 2.980232238769531e-07, 1.6952981241047382e-09, 0.9914856553077698, -0.07046516984701157, -0.10950358211994171, 0.028821496292948723, 0.9388303160667419, -0.3431718051433563, 0.12698684632778168, 0.33709394931793213, 0.9328676462173462),
            ["LeftLowerArm"] = CFrame.new(1.7881393432617188e-07, -1.7881393432617188e-07, 3.5762786865234375e-07, 1, -5.960465898624534e-08, 8.940696716308594e-08, 9.406359424701805e-08, 0.2965092062950134, -0.9550300240516663, 2.2351745343485163e-08, 0.955030083656311, 0.2965090870857239),
            ["RightUpperArm"] = CFrame.new(0, 1.1920928955078125e-07, 2.9802322387695312e-08, 0.7442241907119751, -0.35987764596939087, 0.5626887083053589, -0.40265020728111267, 0.43042588233947754, 0.8078405261039734, -0.5329195857048035, -0.8277811408042908, 0.17542827129364014),
            ["Head"] = CFrame.new(2.7939677238464355e-09, 2.384185791015625e-07, 8.614733815193176e-09, 0.996627151966095, 0.020591719076037407, 0.07943692803382874, -0.03823568671941757, 0.973032534122467, 0.22747717797756195, -0.07261048257350922, -0.2297472208738327, 0.9705379605293274),
            ["RightHand"] = CFrame.new(1.1920928955078125e-07, 2.384185791015625e-07, -5.960464477539063e-08, 0.23443372547626495, -0.15221171081066132, 0.9601417779922485, 0.9288841485977173, 0.3263866603374481, -0.17505957186222076, -0.2867318391799927, 0.9329004883766174, 0.21790359914302826),
            ["UpperTorso"] = CFrame.new(1.862645149230957e-08, 1.4901161193847656e-07, -5.587935447692871e-09, 0.9877451062202454, 0.15560828149318695, 0.012067695148289204, -0.15183912217617035, 0.975950300693512, -0.15641625225543976, -0.03611711412668228, 0.15266704559326172, 0.9876176118850708),
            ["HumanoidRootPart"] = CFrame.new(0, 0, 0, 1, 0, 0, 0, 1, 0, 0, 0, 1),
            ["RightUpperLeg"] = CFrame.new(-5.960464477539063e-08, 1.0477378964424133e-07, 5.75528247281909e-09, 0.9380990862846375, 0.24506476521492004, -0.24477234482765198, -0.292162150144577, 0.9394369125366211, -0.17916342616081238, 0.18604153394699097, 0.23958615958690643, 0.9528835415840149),
            ["LeftUpperArm"] = CFrame.new(0, 2.384185791015625e-07, 1.4901161193847656e-08, 0.9610771536827087, 0.215605229139328, -0.17275753617286682, -0.26072782278060913, 0.5009562969207764, -0.8252659440040588, -0.09138740599155426, 0.8381868004798889, 0.5376719236373901),
            ["RightLowerArm"] = CFrame.new(2.980232238769531e-07, -5.960464477539063e-08, -5.066394805908203e-07, 1, -8.940693874137651e-08, 4.47035120032524e-08, 7.450579886381092e-08, 0.0225062295794487, -0.9997467994689941, 1.4901159772762185e-07, 0.9997467398643494, 0.022506287321448326),
            ["LeftHand"] = CFrame.new(1.9371509552001953e-07, -2.980232238769531e-07, 9.685754776000977e-08, 0.5918986201286316, -0.5167514085769653, -0.6185665130615234, 0.7946445345878601, 0.24568822979927063, 0.5551373362541199, -0.1348932981491089, -0.8201252818107605, 0.5560558438301086),
            ["LeftFoot"] = CFrame.new(-2.7939677238464355e-09, -1.7881393432617188e-07, -1.30385160446167e-08, 0.969865620136261, -0.06606634706258774, 0.23451261222362518, 0.16543914377689362, 0.8851858973503113, -0.4348283112049103, -0.17885969579219818, 0.46052268147468567, 0.8694413304328918),
            ["LowerTorso"] = CFrame.new(0.15589648485183716, -0.19048285484313965, -0.06331679224967957, 0.9534280896186829, -0.1781560331583023, -0.24338330328464508, 0.20770801603794098, 0.9729100465774536, 0.101505808532238, 0.2187061905860901, -0.1473311334848404, 0.9646041989326477),
            ["RightLowerLeg"] = CFrame.new(-4.0978193283081055e-08, -0.000060617923736572266, -0.00007206777081592008, 1, -2.2351747119842003e-08, -1.4901162970204496e-08, 9.639190068355674e-08, 0.8883681297302246, 0.45913177728652954, -1.6763808119435453e-08, -0.45913201570510864, 0.8883681893348694),
            ["LeftUpperLeg"] = CFrame.new(0, 1.341104507446289e-07, 7.450580596923828e-09, 0.9384559392929077, 0.32398396730422974, 0.11972804367542267, -0.19217628240585327, 0.7778017520904541, -0.598408579826355, -0.28699955344200134, 0.5385712385177612, 0.792194664478302),
            ["LeftLowerLeg"] = CFrame.new(1.1175870895385742e-08, 0.000060498714447021484, 0.00007200520485639572, 1, 8.754432911928234e-08, 3.72529100900465e-08, -1.0244549741855735e-07, 0.314622163772583, 0.9492170810699463, 5.681068415697155e-08, -0.9492170810699463, 0.31462228298187256),
        }},
        {Time = 0.233, Data = {
            ["RightFoot"] = CFrame.new(3.5390257835388184e-08, 1.7881393432617188e-07, 1.6596459317952394e-08, 0.99470454454422, -0.07247607409954071, -0.07287115603685379, 0.045727040618658066, 0.9470705389976501, -0.31775185465812683, 0.09204340726137161, 0.3127373158931732, 0.94536954164505),
            ["LeftLowerArm"] = CFrame.new(5.960464477539063e-08, 2.980232238769531e-07, -4.172325134277344e-07, 1, -7.4505820180093e-08, 8.568168397005138e-08, 5.960465898624534e-08, 0.353227436542511, -0.9355375170707703, 6.332994928470725e-08, 0.935537576675415, 0.3532274663448334),
            ["RightUpperArm"] = CFrame.new(0, 0, -2.2351741790771484e-08, 0.7830970287322998, -0.33465901017189026, 0.5241778492927551, -0.3995583653450012, 0.3751462399959564, 0.8364319801330566, -0.47656285762786865, -0.8644470572471619, 0.16005992889404297),
            ["Head"] = CFrame.new(-3.958120942115784e-09, 1.1920928955078125e-07, -2.1886080503463745e-08, 0.9991394877433777, 0.03303557634353638, 0.02507943846285343, -0.03902271017432213, 0.953620970249176, 0.29847005009651184, -0.01405609305948019, -0.2991917133331299, 0.9540895223617554),
            ["RightHand"] = CFrame.new(8.195638656616211e-08, -1.7881393432617188e-07, 5.960464477539063e-08, 0.22572699189186096, -0.05256892368197441, 0.9727712869644165, 0.9087403416633606, 0.3711909353733063, -0.190809428691864, -0.3510534465312958, 0.9270673394203186, 0.13155941665172577),
            ["UpperTorso"] = CFrame.new(2.9802322387695312e-08, 2.9802322387695312e-08, 1.30385160446167e-08, 0.9816370606422424, 0.17996390163898468, 0.06325916200876236, -0.1617545336484909, 0.9610633254051208, -0.22403772175312042, -0.10111476480960846, 0.20969125628471375, 0.9725252985954285),
            ["HumanoidRootPart"] = CFrame.new(0, 0, 0, 1, 0, 0, 0, 1, 0, 0, 0, 1),
            ["RightUpperLeg"] = CFrame.new(-2.9802322387695312e-08, -2.6728957891464233e-07, 2.2519088815897703e-08, 0.922706663608551, 0.2836795449256897, -0.2610335052013397, -0.3232916593551636, 0.9382551908493042, -0.12312465161085129, 0.20998822152614594, 0.19799765944480896, 0.957445502281189),
            ["LeftUpperArm"] = CFrame.new(-1.1920928955078125e-07, 1.1920928955078125e-07, -1.4901161193847656e-08, 0.9477688074111938, 0.2292982041835785, -0.22171300649642944, -0.31091320514678955, 0.5090286135673523, -0.8026349544525146, -0.07118421047925949, 0.8296458721160889, 0.5537332892417908),
            ["RightLowerArm"] = CFrame.new(0, 2.384185791015625e-07, 4.3213367462158203e-07, 1, -8.940693874137651e-08, 1.4901166878189542e-07, 7.450580596923828e-08, -0.05388821288943291, -0.9985470175743103, 8.195638656616211e-08, 0.9985470175743103, -0.05388830974698067),
            ["LeftHand"] = CFrame.new(8.940696716308594e-08, 2.384185791015625e-07, -1.043081283569336e-07, 0.6552389860153198, -0.49633216857910156, -0.5694882869720459, 0.728708803653717, 0.2165832370519638, 0.6496732234954834, -0.19911204278469086, -0.8406819105148315, 0.5035950541496277),
            ["LeftFoot"] = CFrame.new(4.0745362639427185e-09, -5.960464477539063e-08, -4.190951585769653e-08, 0.9579827189445496, -0.10323791205883026, 0.2676025331020355, 0.2071032077074051, 0.8944405317306519, -0.39633846282958984, -0.19843733310699463, 0.4351069927215576, 0.8782395720481873),
            ["LowerTorso"] = CFrame.new(0.18012382090091705, -0.1909468173980713, -0.07907076179981232, 0.9468373656272888, -0.19854943454265594, -0.2531345784664154, 0.2334374040365219, 0.9654392004013062, 0.11590597778558731, 0.22137299180030823, -0.16883517801761627, 0.9604628086090088),
            ["RightLowerLeg"] = CFrame.new(2.9802322387695312e-08, -0.00006031990051269531, -0.00007208267197711393, 1, -6.705523958316917e-08, -8.195641498787154e-08, 8.195640788244418e-08, 0.9244294762611389, 0.38135337829589844, -4.5634816814299484e-08, -0.38135331869125366, 0.9244294762611389),
            ["LeftUpperLeg"] = CFrame.new(5.960464477539063e-08, -3.725290298461914e-09, 0, 0.9385828971862793, 0.34021446108818054, 0.05758955329656601, -0.2332795262336731, 0.7486225366592407, -0.6206003427505493, -0.25425001978874207, 0.5690504312515259, 0.7820093631744385),
            ["LeftLowerLeg"] = CFrame.new(3.725290298461914e-09, 0.000060677528381347656, 0.00007203314453363419, 1, 8.312054688985882e-08, 4.377216455964117e-08, -1.0337680578231812e-07, 0.26642605662345886, 0.9638553857803345, 5.657784640789032e-08, -0.9638554453849792, 0.2664262056350708),
        }},
        {Time = 0.267, Data = {
            ["RightFoot"] = CFrame.new(5.960464477539063e-08, 2.384185791015625e-07, -1.673470251262188e-10, 0.9967268705368042, -0.06876493245363235, -0.0425092950463295, 0.05367951840162277, 0.956118106842041, -0.28802207112312317, 0.06044969707727432, 0.2847975492477417, 0.9566798806190491),
            ["LeftLowerArm"] = CFrame.new(-2.384185791015625e-07, 2.980232238769531e-07, -8.940696716308594e-08, 1, -1.5192199498414993e-08, 1.1728837989721796e-07, 7.252675260360775e-08, 0.380706787109375, -0.9246959090232849, 3.795139846829443e-08, 0.9246958494186401, 0.3807065486907959),
            ["RightUpperArm"] = CFrame.new(0, -1.1920928955078125e-07, -2.2351741790771484e-08, 0.8120318055152893, -0.3114163875579834, 0.49358320236206055, -0.39879438281059265, 0.32140567898750305, 0.8588721752166748, -0.4261072874069214, -0.8942697048187256, 0.13680027425289154),
            ["Head"] = CFrame.new(-5.3551048040390015e-09, -1.1920928955078125e-07, 1.1204974725842476e-08, 0.9988715648651123, 0.03374310955405235, -0.03342201188206673, -0.02057633362710476, 0.9417071342468262, 0.3358042240142822, 0.04280487075448036, -0.3347375690937042, 0.9413387179374695),
            ["RightHand"] = CFrame.new(1.4901161193847656e-07, -2.384185791015625e-07, 0, 0.19706830382347107, -0.02977270632982254, 0.9799376130104065, 0.8968348503112793, 0.40925440192222595, -0.1679219752550125, -0.3960445821285248, 0.911934494972229, 0.10735264420509338),
            ["UpperTorso"] = CFrame.new(-3.725290298461914e-09, 8.940696716308594e-08, 1.6763806343078613e-08, 0.9732643961906433, 0.20795656740665436, 0.09752301871776581, -0.1771247833967209, 0.9498390555381775, -0.2577451169490814, -0.14623093605041504, 0.2335803359746933, 0.9612787365913391),
            ["HumanoidRootPart"] = CFrame.new(0, 0, 0, 1, 0, 0, 0, 1, 0, 0, 0, 1),
            ["RightUpperLeg"] = CFrame.new(-8.940696716308594e-08, 2.0803418010473251e-07, 1.3205863069742918e-08, 0.9045661687850952, 0.31280213594436646, -0.2896807789802551, -0.33953139185905457, 0.9394807815551758, -0.04576409235596657, 0.2578343152999878, 0.13975220918655396, 0.9560286402702332),
            ["LeftUpperArm"] = CFrame.new(0, 1.1920928955078125e-07, -2.9802322387695312e-08, 0.9344507455825806, 0.22870078682899475, -0.2729432284832001, -0.3538743853569031, 0.5109934210777283, -0.7833635210990906, -0.03968340903520584, 0.8286023736000061, 0.5584295392036438),
            ["RightLowerArm"] = CFrame.new(3.5762786865234375e-07, 0, 5.960464477539063e-08, 1, -7.450579175838357e-08, 7.450583439094771e-08, 5.960462345910855e-08, -0.10974306613206863, -0.9939600229263306, 5.21540464148984e-08, 0.9939600229263306, -0.10974328219890594),
            ["LeftHand"] = CFrame.new(1.4901161193847656e-07, -2.980232238769531e-07, -3.2782554626464844e-07, 0.6368495225906372, -0.46236205101013184, -0.6169640421867371, 0.7624577283859253, 0.258983314037323, 0.5929468870162964, -0.11437216401100159, -0.8480265736579895, 0.5174644589424133),
            ["LeftFoot"] = CFrame.new(-5.704350769519806e-09, 1.1920928955078125e-07, -5.7159923017024994e-08, 0.9453638792037964, -0.13516108691692352, 0.29667937755584717, 0.2391248494386673, 0.9060230255126953, -0.34920158982276917, -0.22159993648529053, 0.40106603503227234, 0.8888416886329651),
            ["LowerTorso"] = CFrame.new(0.19409878551959991, -0.1898789405822754, -0.09228276461362839, 0.9461778998374939, -0.2215440720319748, -0.23593559861183167, 0.2531297504901886, 0.9608197212219238, 0.11292014271020889, 0.20167475938796997, -0.16656486690044403, 0.9651857018470764),
