return {
    ["Pump It Up"] = {
        {Time = 0.000, Data = {
            ["LeftFoot"] = CFrame.new(-7.078051567077637e-08, 0, -7.078051567077637e-08, 0.9056815505027771, -0.1450299620628357, -0.39838123321533203, 0.0999436154961586, 0.9862224459648132, -0.1318199187517166, 0.4120102524757385, 0.07957132160663605, 0.9076981544494629),
            ["LeftLowerArm"] = CFrame.new(4.470348358154297e-07, -1.1920928955078125e-07, -2.9802322387695312e-08, 1, -6.705523247774181e-08, -5.21540641784668e-08, 5.960465188081798e-08, 0.7942822575569153, -0.6075489521026611, -2.980232594040899e-08, 0.6075489521026611, 0.7942821979522705),
            ["LowerTorso"] = CFrame.new(0.10274513810873032, -0.24148118495941162, 0.15154695510864258, 0.9147793054580688, 0.3550267815589905, 0.19270382821559906, -0.37538942694664, 0.9233287572860718, 0.08091208338737488, -0.14920303225517273, -0.14635568857192993, 0.977915346622467),
            ["Head"] = CFrame.new(2.682209014892578e-07, -8.344650268554688e-07, -2.9802322387695312e-08, 0.9010761380195618, -0.38234299421310425, -0.2046356052160263, 0.35108962655067444, 0.9201669096946716, -0.17328858375549316, 0.25455453991889954, 0.08430086821317673, 0.9633771181106567),
            ["RightUpperArm"] = CFrame.new(0, -1.1920928955078125e-07, -8.940696716308594e-08, 0.6099047660827637, 0.5758678913116455, 0.5444193482398987, 0.5392074584960938, 0.2018880695104599, -0.81761634349823, -0.5807508826255798, 0.7922231554985046, -0.18737982213497162),
            ["UpperTorso"] = CFrame.new(-1.2200325727462769e-07, 2.980232238769531e-07, 4.0978193283081055e-08, 0.9362940192222595, -0.008468151092529297, 0.35111531615257263, -0.05981922149658203, 0.9812574982643127, 0.18318144977092743, -0.34608566761016846, -0.19251516461372375, 0.9182388782501221),
            ["HumanoidRootPart"] = CFrame.new(0, 0, 0, 1, 0, 0, 0, 1, 0, 0, 0, 1),
            ["RightHand"] = CFrame.new(-1.4901161193847656e-08, -1.1920928955078125e-07, 4.470348358154297e-08, 0.6499910354614258, 0.07220076769590378, -0.7565042972564697, -0.20824328064918518, 0.9742944836616516, -0.08593662083148956, 0.7308533191680908, 0.21339493989944458, 0.6483179330825806),
            ["LeftUpperArm"] = CFrame.new(1.1920928955078125e-07, -1.1920928955078125e-07, 2.9802322387695312e-08, 0.8365515470504761, 0.4487040638923645, 0.31439852714538574, -0.5385634899139404, 0.7788699865341187, 0.3214200437068939, -0.1006530299782753, -0.4382080137729645, 0.8932203650474548),
            ["RightLowerArm"] = CFrame.new(2.980232238769531e-07, 0, -2.7567148208618164e-07, 1, -7.450580596923828e-08, 7.450581485102248e-09, 2.654268982382746e-08, 0.877781867980957, -0.4790607690811157, 1.862644971595273e-08, 0.47906067967414856, 0.877781867980957),
            ["LeftHand"] = CFrame.new(-8.940696716308594e-08, 0, -8.940696716308594e-08, 0.964735746383667, -0.16911518573760986, -0.20170561969280243, 0.15441064536571503, 0.9841998815536499, -0.0866488441824913, 0.21317227184772491, 0.05244775861501694, 0.9756059646606445),
            ["RightUpperLeg"] = CFrame.new(0, -3.2316893339157104e-07, 2.8107024263590574e-08, 0.8659228682518005, -0.23903372883796692, 0.4393637776374817, 0.48024553060531616, 0.6428357362747192, -0.5967634320259094, -0.1397922933101654, 0.7277535796165466, 0.6714409589767456),
            ["LeftUpperLeg"] = CFrame.new(-4.172325134277344e-07, -5.587935447692871e-08, 8.940696716308594e-08, 0.7426978349685669, 0.6635270714759827, -0.09017644077539444, 0.229527086019516, -0.37876343727111816, -0.896580159664154, -0.629060685634613, 0.6451900601387024, -0.4336039423942566),
            ["RightLowerLeg"] = CFrame.new(-1.1175870895385742e-07, -0.00012230873107910156, -0.00007742473826510832, 1, -1.5646214990283625e-07, -1.4901166878189542e-07, 1.639127589214695e-07, 0.14991000294685364, 0.9886996746063232, -1.1920927533992653e-07, -0.9886996746063232, 0.14991025626659393),
            ["RightFoot"] = CFrame.new(-7.450580596923828e-09, 4.172325134277344e-07, 1.0227813618257642e-07, 0.9913736581802368, 0.11159439384937286, -0.06873998790979385, -0.12963856756687164, 0.7576731443405151, -0.6396287679672241, -0.019296446815133095, 0.6430226564407349, 0.7656043767929077),
            ["LeftLowerLeg"] = CFrame.new(-4.470348358154297e-08, 0.0001226663589477539, 0.00007735192775726318, 1, 5.960463766996327e-08, 1.1175866632129328e-07, -4.470348358154297e-08, -0.8488782644271851, 0.5285884737968445, 2.1606683731079102e-07, -0.5285882949829102, -0.8488782048225403),
        }},
        {Time = 0.033, Data = {
            ["LeftFoot"] = CFrame.new(-4.470348358154297e-08, -1.1920928955078125e-07, 0, 0.857618510723114, -0.1618146300315857, -0.4881671071052551, 0.12010848522186279, 0.9859817028045654, -0.11581804603338242, 0.500064492225647, 0.04069468751549721, 0.8650312423706055),
            ["LeftLowerArm"] = CFrame.new(0.0000010132789611816406, -1.1920928955078125e-07, -2.086162567138672e-07, 1, -4.4703494239684005e-08, -7.450581485102248e-09, 8.940698847936801e-08, 0.7855746150016785, -0.6187670826911926, -1.4901164746561335e-08, 0.6187670230865479, 0.7855746150016785),
            ["LowerTorso"] = CFrame.new(0.09768783301115036, -0.270717978477478, 0.12276758253574371, 0.9183279275894165, 0.3623164892196655, 0.15937551856040955, -0.37653300166130066, 0.9237931966781616, 0.0694916620850563, -0.12205205112695694, -0.12382626533508301, 0.9847692251205444),
            ["Head"] = CFrame.new(2.384185791015625e-07, -8.344650268554688e-07, -8.940696716308594e-08, 0.9123111963272095, -0.3763172924518585, -0.16147346794605255, 0.3507259786128998, 0.9216039180755615, -0.1662459373474121, 0.21137574315071106, 0.09503516554832458, 0.9727736711502075),
            ["RightUpperArm"] = CFrame.new(0, -2.384185791015625e-07, -8.940696716308594e-08, 0.6100699305534363, 0.5743913054466248, 0.5457924008369446, 0.5382888317108154, 0.20501750707626343, -0.8174428939819336, -0.581429123878479, 0.7924913167953491, -0.18411335349082947),
            ["UpperTorso"] = CFrame.new(-2.9802322387695312e-08, 1.4901161193847656e-07, 7.450580596923828e-09, 0.9398258328437805, -0.010484464466571808, 0.3414931893348694, -0.05181347578763962, 0.9835941791534424, 0.17279452085494995, -0.33770236372947693, -0.18009069561958313, 0.9238638877868652),
            ["HumanoidRootPart"] = CFrame.new(0, 0, 0, 1, 0, 0, 0, 1, 0, 0, 0, 1),
            ["RightHand"] = CFrame.new(1.862645149230957e-07, -2.384185791015625e-07, 1.1920928955078125e-07, 0.7632964849472046, 0.03307409957051277, -0.6452012062072754, -0.24097616970539093, 0.9411901831626892, -0.23683646321296692, 0.5994239449501038, 0.3362545967102051, 0.7263772487640381),
            ["LeftUpperArm"] = CFrame.new(2.980232238769531e-07, -5.960464477539062e-07, -6.705522537231445e-08, 0.8371886610984802, 0.4792659878730774, 0.26347559690475464, -0.5458584427833557, 0.7621396780014038, 0.34811174869537354, -0.033967025578022, -0.43525558710098267, 0.8996660113334656),
            ["RightLowerArm"] = CFrame.new(2.980232238769531e-07, 1.1920928955078125e-07, -2.384185791015625e-07, 1, -3.725290653733282e-08, 4.4703490686970326e-08, -4.190952029858863e-09, 0.8711600303649902, -0.4909992218017578, 2.2351745343485163e-08, 0.4909992218017578, 0.8711600303649902),
            ["LeftHand"] = CFrame.new(-4.3213367462158203e-07, 5.960464477539063e-08, -7.450580596923828e-08, 0.9513604640960693, -0.18985043466091156, -0.24263158440589905, 0.18591034412384033, 0.9817824363708496, -0.039253052324056625, 0.2456636130809784, -0.00776389054954052, 0.9693241119384766),
            ["RightUpperLeg"] = CFrame.new(-5.960464477539063e-08, -8.381903171539307e-09, 5.418405635282397e-08, 0.8600019216537476, -0.21656130254268646, 0.46205824613571167, 0.48042261600494385, 0.6488505601882935, -0.5900737643241882, -0.17201989889144897, 0.7294479012489319, 0.6620537638664246),
            ["LeftUpperLeg"] = CFrame.new(5.960464477539063e-08, -3.557652235031128e-07, 1.1175870895385742e-08, 0.6713649034500122, 0.7271602749824524, -0.1432018280029297, 0.1149139553308487, -0.2930202782154083, -0.9491754770278931, -0.7321638464927673, 0.6207874417304993, -0.28028419613838196),
            ["RightLowerLeg"] = CFrame.new(-2.2351741790771484e-08, -0.00012242794036865234, -0.00007735023245913908, 1, -1.6391273049976007e-07, -1.2665992699112394e-07, 1.564621925354004e-07, 0.0995941087603569, 0.9950281977653503, -1.341104507446289e-07, -0.9950281977653503, 0.0995943695306778),
            ["RightFoot"] = CFrame.new(8.940696716308594e-08, 2.384185791015625e-07, 1.287116901949048e-08, 0.9909718632698059, 0.11248596012592316, -0.07295051962137222, -0.13237185776233673, 0.7345569133758545, -0.6655101776123047, -0.02127399481832981, 0.6691585779190063, 0.7428152561187744),
            ["LeftLowerLeg"] = CFrame.new(1.043081283569336e-07, 0.0001226663589477539, 0.00007748603820800781, 1, -4.4703469370688254e-08, 1.6391277313232422e-07, -2.980232949312267e-08, -0.839783251285553, 0.5429220199584961, 1.8626455755565985e-07, -0.5429218411445618, -0.8397831320762634),
        }},
        {Time = 0.067, Data = {
            ["LeftFoot"] = CFrame.new(8.195638656616211e-08, 5.960464477539063e-08, -5.960464477539063e-08, 0.8190181851387024, -0.18918994069099426, -0.5416795015335083, 0.09366311132907867, 0.9754953980445862, -0.19908760488033295, 0.566071093082428, 0.1123211532831192, 0.8166685700416565),
            ["LeftLowerArm"] = CFrame.new(2.086162567138672e-07, 1.1920928955078125e-07, -1.4901161193847656e-07, 1, 2.6077035641947077e-08, 6.332993507385254e-08, 1.4901164746561335e-08, 0.7576360106468201, -0.6526772379875183, 4.4703494239684005e-08, 0.6526772975921631, 0.7576360702514648),
            ["LowerTorso"] = CFrame.new(0.09669379889965057, -0.2923685312271118, 0.1010420173406601, 0.9220564961433411, 0.3660602867603302, 0.1257445514202118, -0.37569230794906616, 0.9245815873146057, 0.06327853351831436, -0.09309735149145126, -0.10558763891458511, 0.990042507648468),
            ["Head"] = CFrame.new(-4.470348358154297e-08, -2.384185791015625e-07, -2.9802322387695312e-08, 0.9317965507507324, -0.3586471676826477, -0.055923640727996826, 0.3470158278942108, 0.9253667593002319, -0.1525665521621704, 0.10646738857030869, 0.12275472283363342, 0.986709713935852),
            ["RightUpperArm"] = CFrame.new(-1.1920928955078125e-07, -2.384185791015625e-07, -4.470348358154297e-08, 0.6112903356552124, 0.5639203190803528, 0.5552640557289124, 0.5318040251731873, 0.22690361738204956, -0.8159040808677673, -0.5860961079597473, 0.7940458059310913, -0.16119109094142914),
            ["UpperTorso"] = CFrame.new(-6.705522537231445e-08, 1.1920928955078125e-07, -2.0489096641540527e-08, 0.9483007788658142, -0.017101246863603592, 0.3169119656085968, -0.030973143875598907, 0.9887939095497131, 0.1460386961698532, -0.3158580958843231, -0.14830437302589417, 0.9371443390846252),
            ["HumanoidRootPart"] = CFrame.new(0, 0, 0, 1, 0, 0, 0, 1, 0, 0, 0, 1),
            ["RightHand"] = CFrame.new(-1.6391277313232422e-07, -1.1920928955078125e-07, -8.940696716308594e-08, 0.8971650004386902, -0.016346588730812073, -0.44139307737350464, -0.08691148459911346, 0.9732452630996704, -0.21269747614860535, 0.4330606162548065, 0.22918681800365448, 0.8717407584190369),
            ["LeftUpperArm"] = CFrame.new(2.384185791015625e-07, -2.384185791015625e-07, 3.725290298461914e-08, 0.8410806059837341, 0.495514452457428, 0.2169080674648285, -0.5397825837135315, 0.7430104613304138, 0.39568960666656494, 0.034904900938272476, -0.44989001750946045, 0.8924016952514648),
            ["RightLowerArm"] = CFrame.new(-1.1920928955078125e-07, -5.960464477539063e-08, -1.4901161193847656e-08, 1, -8.940698137394065e-08, 1.4901159417490817e-08, 6.193295831735668e-08, 0.8410605788230896, -0.540941059589386, 3.725290742551124e-09, 0.5409411191940308, 0.8410605788230896),
            ["LeftHand"] = CFrame.new(-5.21540641784668e-07, 4.76837158203125e-07, -5.21540641784668e-08, 0.9550115466117859, -0.18847373127937317, -0.2289774864912033, 0.2018377035856247, 0.9787498712539673, 0.03619837015867233, 0.2172892689704895, -0.08078605681657791, 0.9727584719657898),
            ["RightUpperLeg"] = CFrame.new(-2.086162567138672e-07, -3.6135315895080566e-07, -3.149762051180005e-08, 0.8548400402069092, -0.19063116610050201, 0.4826059639453888, 0.47747907042503357, 0.653083860874176, -0.5877884030342102, -0.2031315267086029, 0.7328993082046509, 0.6493043899536133),
            ["LeftUpperLeg"] = CFrame.new(-4.76837158203125e-07, -3.725290298461914e-09, 3.725290298461914e-09, 0.6072455644607544, 0.7872030735015869, -0.1075354740023613, 0.0057458700612187386, -0.13969483971595764, -0.9901779890060425, -0.7944934964179993, 0.6006636619567871, -0.08935218304395676),
            ["RightLowerLeg"] = CFrame.new(-2.9802322387695312e-08, -0.00012242794036865234, -0.00007746944174868986, 1, -1.490115550950577e-07, -1.713634105726669e-07, 1.7136336794010276e-07, 0.06360635906457901, 0.9979751110076904, -9.685756197086448e-08, -0.9979751110076904, 0.0636066272854805),
            ["RightFoot"] = CFrame.new(-3.5390257835388184e-08, 3.5762786865234375e-07, -2.029992174357176e-09, 0.9912448525428772, 0.11194272339344025, -0.07001881301403046, -0.12947022914886475, 0.7199996709823608, -0.681789755821228, -0.025907648727297783, 0.6848863363265991, 0.7281896471977234),
            ["LeftLowerLeg"] = CFrame.new(1.4901161193847656e-08, 0.0001227259635925293, 0.00007757125422358513, 1, 7.450579886381092e-08, 1.3411046495548362e-07, -7.450581485102248e-09, -0.8209909796714783, 0.570941150188446, 1.6763807764164085e-07, -0.5709410905838013, -0.820991039276123),
        }},
        {Time = 0.100, Data = {
            ["LeftFoot"] = CFrame.new(-4.470348358154297e-08, -2.384185791015625e-07, 5.960464477539063e-08, 0.8113359212875366, -0.2356586903333664, -0.5349759459495544, 0.03197930380702019, 0.931667149066925, -0.3619031608104706, 0.5837050080299377, 0.27651655673980713, 0.7634309530258179),
            ["LeftLowerArm"] = CFrame.new(3.2782554626464844e-07, 1.1920928955078125e-07, -5.960464477539063e-08, 1, -1.0197984323667697e-07, 2.6077040971017595e-08, 5.587936158235607e-08, 0.7060256004333496, -0.7081863880157471, 1.1175872671742582e-08, 0.7081863880157471, 0.7060255408287048),
            ["LowerTorso"] = CFrame.new(0.09766872972249985, -0.2915548086166382, 0.08669859170913696, 0.9257819652557373, 0.36788368225097656, 0.08711763471364975, -0.37384146451950073, 0.9251396656036377, 0.06602413207292557, -0.056306783109903336, -0.0936921238899231, 0.9940077662467957),
            ["Head"] = CFrame.new(-1.1175870895385742e-07, 2.384185791015625e-07, -4.470348358154297e-08, 0.941734790802002, -0.328043133020401, 0.07431977987289429, 0.3356230556964874, 0.9310402870178223, -0.14325253665447235, -0.02220168523490429, 0.15984943509101868, 0.9868917465209961),
            ["RightUpperArm"] = CFrame.new(-1.7881393432617188e-07, -1.1920928955078125e-07, -1.1920928955078125e-07, 0.6151612997055054, 0.5343698859214783, 0.5796769857406616, 0.5137601494789124, 0.2860032320022583, -0.8088589310646057, -0.5980194211006165, 0.7953936457633972, -0.09859982877969742),
            ["UpperTorso"] = CFrame.new(2.537854015827179e-08, -2.9802322387695312e-08, 7.450580596923828e-09, 0.9584226012229919, -0.02923409268260002, 0.28385129570961, -0.0020767005626112223, 0.99399733543396, 0.10938484966754913, -0.2853451669216156, -0.1054263561964035, 0.9526087641716003),
            ["HumanoidRootPart"] = CFrame.new(0, 0, 0, 1, 0, 0, 0, 1, 0, 0, 0, 1),
            ["RightHand"] = CFrame.new(1.4901161193847656e-07, -4.76837158203125e-07, -1.4901161193847656e-08, 0.8031468391418457, -0.18157334625720978, -0.5674386620521545, 0.1895933300256729, 0.9808080196380615, -0.04549814760684967, 0.5648095011711121, -0.07104093581438065, 0.8221577405929565),
            ["LeftUpperArm"] = CFrame.new(2.384185791015625e-07, -2.384185791015625e-07, -2.2351741790771484e-08, 0.8387649059295654, 0.5198469161987305, 0.16196462512016296, -0.530592679977417, 0.7135677933692932, 0.45748502016067505, 0.12224937975406647, -0.46965962648391724, 0.8743425011634827),
            ["RightLowerArm"] = CFrame.new(5.960464477539063e-08, 0, 4.470348358154297e-08, 1, -9.685756197086448e-08, 0, 8.754432911928234e-08, 0.7640881538391113, -0.6451117992401123, 7.450581485102248e-09, 0.6451118588447571, 0.7640882134437561),
            ["LeftHand"] = CFrame.new(-1.9371509552001953e-07, 1.1920928955078125e-07, -1.0058283805847168e-07, 0.982254683971405, -0.14846576750278473, -0.11460264772176743, 0.16269828379154205, 0.9784854054450989, 0.12686853110790253, 0.09330139309167862, -0.14326277375221252, 0.985276997089386),
            ["RightUpperLeg"] = CFrame.new(0, -2.575106918811798e-07, -5.420588422566652e-09, 0.8473946452140808, -0.16328372061252594, 0.5052334070205688, 0.4744735658168793, 0.6599656343460083, -0.5825123190879822, -0.23832190036773682, 0.7333375215530396, 0.6367249488830566),
            ["LeftUpperLeg"] = CFrame.new(-5.960464477539063e-08, -1.3690441846847534e-07, 0, 0.5940790772438049, 0.8033218383789062, 0.04176049679517746, -0.06702684611082077, 0.10116900503635406, -0.9926088452339172, -0.8016092777252197, 0.5868890881538391, 0.11394646763801575),
            ["RightLowerLeg"] = CFrame.new(5.960464477539063e-08, -0.00012236833572387695, -0.00007732043013675138, 1, -1.9371505288745539e-07, -1.3411049337719305e-07, 1.7136336794010276e-07, 0.06587827205657959, 0.9978276491165161, -1.1175872316471214e-07, -0.9978277087211609, 0.0658784881234169),
            ["RightFoot"] = CFrame.new(-9.313225746154785e-09, 2.980232238769531e-07, 3.894820110872388e-08, 0.9914869666099548, 0.11115068942308426, -0.06781775504350662, -0.12751320004463196, 0.7234851121902466, -0.6784610748291016, -0.02634633146226406, 0.6813331246376038, 0.731499433517456),
            ["LeftLowerLeg"] = CFrame.new(-5.960464477539063e-08, 0.0001227259635925293, 0.00007724016904830933, 1, 5.960465188081798e-08, 1.1920928955078125e-07, -4.4703490686970326e-08, -0.7729955911636353, 0.6344109773635864, 1.4901162614933128e-07, -0.6344113945960999, -0.7729959487915039),
        }},
        {Time = 0.133, Data = {
            ["LeftFoot"] = CFrame.new(-7.450580596923828e-08, 0, -4.0978193283081055e-08, 0.8724302053451538, -0.2671649158000946, -0.40925368666648865, 0.02927146852016449, 0.8644266128540039, -0.5019063949584961, 0.4878614842891693, 0.4258986711502075, 0.7619720697402954),
            ["LeftLowerArm"] = CFrame.new(-2.086162567138672e-07, -1.1920928955078125e-07, 5.960464477539063e-08, 1, -9.220094909778709e-08, 4.423781874152155e-08, 8.195637946073475e-08, 0.6239410638809204, -0.7814714908599854, 0, 0.7814714908599854, 0.6239410638809204),
            ["LowerTorso"] = CFrame.new(0.09881578385829926, -0.24759042263031006, 0.08380186557769775, 0.9273786544799805, 0.37232550978660583, 0.03664260730147362, -0.37411603331565857, 0.9235488772392273, 0.08423023670911789, -0.0024801804684102535, -0.09182190150022507, 0.9957723617553711),
            ["Head"] = CFrame.new(-1.7508864402770996e-07, 7.152557373046875e-07, -1.4901161193847656e-08, 0.9395251274108887, -0.2863314151763916, 0.1879013478755951, 0.31551069021224976, 0.9370422959327698, -0.14968253672122955, -0.13321265578269958, 0.19991543889045715, 0.9707154035568237),
            ["RightUpperArm"] = CFrame.new(1.1920928955078125e-07, 1.1920928955078125e-07, 2.9802322387695312e-08, 0.6249566078186035, 0.47275009751319885, 0.6212379336357117, 0.4771706163883209, 0.39849093556404114, -0.7832709550857544, -0.6178491711616516, 0.7859469056129456, 0.023457106202840805),
            ["UpperTorso"] = CFrame.new(1.2045347830280662e-07, 0, 3.725290298461914e-09, 0.9674089550971985, -0.04719826951622963, 0.24878181517124176, 0.030761566013097763, 0.9971041679382324, 0.06954938173294067, -0.2513439655303955, -0.05962975695729256, 0.9660592675209045),
            ["HumanoidRootPart"] = CFrame.new(0, 0, 0, 1, 0, 0, 0, 1, 0, 0, 0, 1),
            ["RightHand"] = CFrame.new(-8.940696716308594e-08, 1.7881393432617188e-07, -8.344650268554688e-07, 0.8793737292289734, -0.2859530448913574, -0.3807004392147064, 0.4086076617240906, 0.8636872172355652, 0.29510027170181274, 0.24442124366760254, -0.41506054997444153, 0.8763464689254761),
            ["LeftUpperArm"] = CFrame.new(5.960464477539063e-08, 3.5762786865234375e-07, -1.1175870895385742e-08, 0.8148220181465149, 0.5729711651802063, 0.0881430134177208, -0.5258436799049377, 0.6665085554122925, 0.5284456610679626, 0.24403606355190277, -0.47693854570388794, 0.8443790078163147),
            ["RightLowerArm"] = CFrame.new(1.1920928955078125e-07, -1.7881393432617188e-07, -2.0489096641540527e-08, 1, -6.705523958316917e-08, 5.960463766996327e-08, 8.568167686462402e-08, 0.5987132787704468, -0.8009634613990784, 5.21540641784668e-08, 0.8009635210037231, 0.5987132787704468),
            ["LeftHand"] = CFrame.new(2.384185791015625e-07, 0, -5.587935447692871e-08, 0.9843149781227112, -0.05506643280386925, 0.16760574281215668, 0.023575402796268463, 0.9825744032859802, 0.18436864018440247, -0.1748376339673996, -0.17752540111541748, 0.9684609174728394),
            ["RightUpperLeg"] = CFrame.new(2.384185791015625e-07, -4.7497451305389404e-08, -1.6596459317952394e-08, 0.8306743502616882, -0.13968127965927124, 0.5389520525932312, 0.4789012372493744, 0.6729720830917358, -0.5637037754058838, -0.2839609682559967, 0.7263592481613159, 0.6259143352508545),
            ["LeftUpperLeg"] = CFrame.new(2.682209014892578e-07, 1.0943040251731873e-07, -3.725290298461914e-08, 0.6563417911529541, 0.706616997718811, 0.264401376247406, -0.03974011167883873, 0.3823421895503998, -0.9231659173965454, -0.7534163594245911, 0.5954049229621887, 0.2790282666683197),
            ["RightLowerLeg"] = CFrame.new(-7.450580596923828e-09, -0.00012248754501342773, -0.00007748434290988371, 1, -1.1920926112907182e-07, -1.043081780949251e-07, 1.7136333951839333e-07, 0.14010941982269287, 0.9901359677314758, -1.5646217832454568e-07, -0.9901360273361206, 0.14010974764823914),
            ["RightFoot"] = CFrame.new(3.5390257835388184e-08, 4.172325134277344e-07, 3.894820110872388e-08, 0.9913027882575989, 0.11291443556547165, -0.06759493798017502, -0.12992508709430695, 0.7580052614212036, -0.6391767859458923, -0.020934956148266792, 0.6424005627632141, 0.7660834789276123),
            ["LeftLowerLeg"] = CFrame.new(-8.940696716308594e-08, 0.00012248754501342773, 0.00007746368646621704, 1, 7.450580596923828e-08, 1.4901159772762185e-07, 0, -0.655436635017395, 0.7552499771118164, 1.341104365337742e-07, -0.7552502155303955, -0.6554368138313293),
        }},
        {Time = 0.167, Data = {
            ["LeftFoot"] = CFrame.new(7.450580596923828e-08, -5.960464477539063e-08, 9.685754776000977e-08, 0.9389167428016663, -0.23596039414405823, -0.250515878200531, 0.06864412128925323, 0.8417166471481323, -0.5355383157730103, 0.3372292220592499, 0.4856293201446533, 0.8064989447593689),
            ["LeftLowerArm"] = CFrame.new(1.7881393432617188e-07, -4.76837158203125e-07, -3.8743019104003906e-07, 1, -8.195640788244418e-08, 2.7008354663848877e-08, 1.6391278734317893e-07, 0.5081743001937866, -0.8612543344497681, 5.960465188081798e-08, 0.8612542748451233, 0.5081743001937866),
            ["LowerTorso"] = CFrame.new(0.09996283054351807, -0.1830838918685913, 0.09090353548526764, 0.9263746738433838, 0.37630775570869446, -0.014913826249539852, -0.37252193689346313, 0.9214310646057129, 0.11041823774576187, 0.05529329553246498, -0.09673292189836502, 0.9937734007835388),
            ["Head"] = CFrame.new(3.166496753692627e-08, -5.960464477539062e-07, 1.4901161193847656e-08, 0.9353500604629517, -0.23927606642246246, 0.260513573884964, 0.2901107668876648, 0.9402987957000732, -0.17797188460826874, -0.20237617194652557, 0.24204392731189728, 0.9489250183105469),
            ["RightUpperArm"] = CFrame.new(-1.7881393432617188e-07, -3.5762786865234375e-07, -4.470348358154297e-08, 0.6593905687332153, 0.2996312379837036, 0.6895109415054321, 0.4569936990737915, 0.5685029029846191, -0.6840769648551941, -0.5969597697257996, 0.7661759853363037, 0.23793581128120422),
            ["UpperTorso"] = CFrame.new(7.450580596923828e-09, -2.086162567138672e-07, -4.656612873077393e-10, 0.9736382961273193, -0.06897237151861191, 0.2174200415611267, 0.06353599578142166, 0.9974694848060608, 0.03190485015511513, -0.2190704047679901, -0.017249807715415955, 0.9755566120147705),
            ["HumanoidRootPart"] = CFrame.new(0, 0, 0, 1, 0, 0, 0, 1, 0, 0, 0, 1),
            ["RightHand"] = CFrame.new(-3.5762786865234375e-07, 3.5762786865234375e-07, 2.9802322387695312e-08, 0.9377400279045105, -0.3354552388191223, -0.09007561951875687, 0.3445235788822174, 0.9312669038772583, 0.11851426959037781, 0.044128235429525375, -0.1421687752008438, 0.9888583421707153),
            ["LeftUpperArm"] = CFrame.new(0, -4.76837158203125e-07, 3.725290298461914e-08, 0.7765294909477234, 0.6294610500335693, 0.02793923020362854, -0.5255696773529053, 0.6226320266723633, 0.5797464847564697, 0.3475319743156433, -0.46487435698509216, 0.8143177628517151),
            ["RightLowerArm"] = CFrame.new(6.556510925292969e-07, 1.7881393432617188e-07, -3.5762786865234375e-07, 1, -5.2154071283894154e-08, 4.470348358154297e-08, 4.470347647611561e-08, 0.3111124038696289, -0.9503731727600098, 7.450579886381092e-08, 0.9503732323646545, 0.3111124634742737),
            ["LeftHand"] = CFrame.new(2.0116567611694336e-07, 1.7881393432617188e-07, -5.21540641784668e-08, 0.9608205556869507, -0.021196316927671432, 0.2763597071170807, -0.045497361570596695, 0.9714857935905457, 0.23269180953502655, -0.27341169118881226, -0.2361486703157425, 0.9324591159820557),
            ["RightUpperLeg"] = CFrame.new(5.960464477539063e-08, -5.3085386753082275e-08, -2.7772330213338137e-08, 0.8090633153915405, -0.1245645135641098, 0.5743696689605713, 0.48691046237945557, 0.6893717646598816, -0.5363622903823853, -0.32914263010025024, 0.7136176824569702, 0.6183971762657166),
            ["LeftUpperLeg"] = CFrame.new(0, -1.9278377294540405e-07, 3.725290298461914e-09, 0.7322185039520264, 0.5271322131156921, 0.43126317858695984, 0.05598815903067589, 0.5844831466674805, -0.8094720244407654, -0.6787647008895874, 0.6168559193611145, 0.3984560966491699),
            ["RightLowerLeg"] = CFrame.new(-7.450580596923828e-09, -0.00012230873107910156, -0.00007742473826510832, 1, -1.415610029198433e-07, -1.266598843585598e-07, 1.415610029198433e-07, 0.256725549697876, 0.9664843082427979, -1.4901158351676713e-07, -0.9664843678474426, 0.2567260265350342),
            ["RightFoot"] = CFrame.new(-3.5390257835388184e-08, 2.980232238769531e-07, 7.992639439180493e-08, 0.9906723499298096, 0.11793706566095352, -0.06825941801071167, -0.13567663729190826, 0.8071628212928772, -0.5745258331298828, -0.012661254033446312, 0.5784280896186829, 0.8156351447105408),
            ["LeftLowerLeg"] = CFrame.new(-5.960464477539063e-08, 0.0001226663589477539, 0.00007751584053039551, 1, 7.450579886381092e-08, 1.1920927533992653e-07, -2.980232594040899e-08, -0.4578060507774353, 0.8890519738197327, 1.6391278734317893e-07, -0.889052152633667, -0.45780619978904724),
        }},
        {Time = 0.200, Data = {
            ["LeftFoot"] = CFrame.new(1.043081283569336e-07, 0, 4.470348358154297e-08, 0.9742924571037292, -0.169229194521904, -0.14871364831924438, 0.08709361404180527, 0.8917142748832703, -0.44414010643959045, 0.20777153968811035, 0.41977035999298096, 0.8835292458534241),
            ["LeftLowerArm"] = CFrame.new(8.940696716308594e-08, 4.76837158203125e-07, -8.940696716308594e-08, 1, -1.4901159772762185e-07, 9.685754776000977e-08, 7.450579175838357e-08, 0.37930238246917725, -0.9252728223800659, 2.9802315282267955e-08, 0.9252728223800659, 0.379302442073822),
            ["LowerTorso"] = CFrame.new(0.10009666532278061, -0.10741984844207764, 0.11473147571086884, 0.9240896701812744, 0.3777821362018585, -0.05778352543711662, -0.3668418228626251, 0.9192139506340027, 0.1430830955505371, 0.10716965049505234, -0.11102419346570969, 0.9880224466323853),
            ["Head"] = CFrame.new(2.421438694000244e-08, 2.384185791015625e-07, -6.705522537231445e-08, 0.9286210536956787, -0.1945139467716217, 0.31595462560653687, 0.2689476013183594, 0.9395205974578857, -0.21205726265907288, -0.2555977702140808, 0.2818961441516876, 0.9247726202011108),
            ["RightUpperArm"] = CFrame.new(2.384185791015625e-07, -2.384185791015625e-07, -1.4901161193847656e-08, 0.6976094245910645, 0.1117272675037384, 0.7077133655548096, 0.4228792190551758, 0.7331607937812805, -0.5325865149497986, -0.578372061252594, 0.6708146929740906, 0.4642128050327301),
            ["UpperTorso"] = CFrame.new(-3.213062882423401e-08, -4.76837158203125e-07, 2.60770320892334e-08, 0.9769117832183838, -0.08691515028476715, 0.19516430795192719, 0.08900313079357147, 0.9960294961929321, -0.001937836641445756, -0.19422097504138947, 0.019263334572315216, 0.9807686805725098),
            ["HumanoidRootPart"] = CFrame.new(0, 0, 0, 1, 0, 0, 0, 1, 0, 0, 0, 1),
            ["RightHand"] = CFrame.new(-8.940696716308594e-08, 1.1920928955078125e-07, -2.682209014892578e-07, 0.946537435054779, -0.28900542855262756, 0.14332833886146545, 0.2633647918701172, 0.9488688707351685, 0.17403121292591095, -0.18629570305347443, -0.12697944045066833, 0.9742537140846252),
            ["LeftUpperArm"] = CFrame.new(5.960464477539063e-08, 4.76837158203125e-07, -4.6566128730773926e-08, 0.7885774970054626, 0.6079359650611877, 0.09251721948385239, -0.5559195280075073, 0.6404693722724915, 0.52986079454422, 0.2628669738769531, -0.4692683815956116, 0.8430233001708984),
            ["RightLowerArm"] = CFrame.new(2.384185791015625e-07, 2.980232238769531e-07, 8.940696716308594e-08, 1, -8.195638656616211e-08, 5.960465188081798e-08, 9.685754776000977e-08, 0.08197164535522461, -0.9966347217559814, 1.4901161193847656e-07, 0.9966346621513367, 0.08197172731161118),
            ["LeftHand"] = CFrame.new(5.41098415851593e-07, -2.980232238769531e-07, 2.5331974029541016e-07, 0.9766049981117249, -0.0431131012737751, 0.2106749266386032, -0.010233449749648571, 0.9692685604095459, 0.24579225480556488, -0.2147974669933319, -0.2421979308128357, 0.9461512565612793),
            ["RightUpperLeg"] = CFrame.new(-1.4901161193847656e-07, -5.234032869338989e-07, -5.012407200410962e-08, 0.7864891886711121, -0.12382645905017853, 0.6050635576248169, 0.49839672446250916, 0.7058321237564087, -0.503390371799469, -0.364740252494812, 0.6974726319313049, 0.6168438792228699),
            ["LeftUpperLeg"] = CFrame.new(-1.7881393432617188e-07, -4.4191256165504456e-07, -1.862645149230957e-09, 0.7689106464385986, 0.38082003593444824, 0.5135687589645386, 0.1470760554075241, 0.6763625741004944, -0.7217357158660889, -0.622209906578064, 0.630483865737915, 0.4640525281429291),
            ["RightLowerLeg"] = CFrame.new(3.725290298461914e-08, -0.00012260675430297852, -0.00007730552897555754, 1, -1.3411039390121005e-07, -1.30385160446167e-07, 1.341104365337742e-07, 0.4082085192203522, 0.9128886461257935, -9.685753354915505e-08, -0.9128887057304382, 0.40820884704589844),
            ["RightFoot"] = CFrame.new(6.891787052154541e-08, 2.980232238769531e-07, 2.032174961641431e-08, 0.9893350601196289, 0.12764418125152588, -0.07016641646623611, -0.14565575122833252, 0.864157497882843, -0.48168012499809265, -0.000848807510919869, 0.4867636561393738, 0.8735336065292358),
            ["LeftLowerLeg"] = CFrame.new(-1.043081283569336e-07, 0.00012260675430297852, 0.00007739663124084473, 1, 5.960463056453591e-08, 8.940695295223122e-08, -5.960464477539063e-08, -0.22514957189559937, 0.9743242263793945, 5.960464477539063e-08, -0.9743242263793945, -0.22514957189559937),
        }},
        {Time = 0.233, Data = {
            ["LeftFoot"] = CFrame.new(4.470348358154297e-08, 1.1920928955078125e-07, -1.4901161193847656e-08, 0.9915275573730469, -0.10401363670825958, -0.07780982553958893, 0.07877714186906815, 0.9577849507331848, -0.27648138999938965, 0.10328316688537598, 0.2680095434188843, 0.9578641653060913),
            ["LeftLowerArm"] = CFrame.new(9.834766387939453e-07, 1.7881393432617188e-07, 1.4901161193847656e-07, 1, -5.960464477539063e-08, 5.960463766996327e-08, 5.960465188081798e-08, 0.27201583981513977, -0.9622927904129028, 8.940698137394065e-08, 0.9622927904129028, 0.27201589941978455),
            ["LowerTorso"] = CFrame.new(0.09996277093887329, -0.03944122791290283, 0.1347748041152954, 0.9213264584541321, 0.3765617609024048, -0.09674113988876343, -0.3573198914527893, 0.9181879758834839, 0.17103609442710876, 0.15323220193386078, -0.12301255762577057, 0.9805038571357727),
            ["Head"] = CFrame.new(-5.052424967288971e-08, -1.1920928955078125e-07, 1.4901161193847656e-08, 0.9202308058738708, -0.16684648394584656, 0.3540303111076355, 0.2560613751411438, 0.940772533416748, -0.22221529483795166, -0.2959861159324646, 0.2951428294181824, 0.9084509611129761),
            ["RightUpperArm"] = CFrame.new(-2.384185791015625e-07, 1.1920928955078125e-07, -7.450580596923828e-09, 0.6850025653839111, -0.02621855027973652, 0.7280688881874084, 0.4133062958717346, 0.836958110332489, -0.35871878266334534, -0.5999579429626465, 0.5466386675834656, 0.584154486656189),
            ["UpperTorso"] = CFrame.new(-9.96515154838562e-08, 1.4901161193847656e-07, -1.6763806343078613e-08, 0.9776897430419922, -0.09506146609783173, 0.18731272220611572, 0.10182110965251923, 0.9944422245025635, -0.026780253276228905, -0.18372592329978943, 0.04525516554713249, 0.9819352030754089),
            ["HumanoidRootPart"] = CFrame.new(0, 0, 0, 1, 0, 0, 0, 1, 0, 0, 0, 1),
            ["RightHand"] = CFrame.new(2.9802322387695312e-08, 1.1920928955078125e-07, -8.940696716308594e-08, 0.8955903053283691, -0.24114489555358887, 0.37385454773902893, 0.07747919857501984, 0.9120519757270813, 0.4026887118816376, -0.43808117508888245, -0.3316780924797058, 0.8355086445808411),
            ["LeftUpperArm"] = CFrame.new(-1.1920928955078125e-07, -2.384185791015625e-07, 2.0954757928848267e-09, 0.7724520564079285, 0.6332815289497375, 0.047671787440776825, -0.5552709698677063, 0.6370515823364258, 0.5346396565437317, 0.3082079589366913, -0.4394541382789612, 0.8437345027923584),
            ["RightLowerArm"] = CFrame.new(3.5762786865234375e-07, 1.7881393432617188e-07, 5.960464477539063e-08, 1, -8.940698137394065e-08, 8.940695295223122e-08, 8.940696716308594e-08, 0.03179742768406868, -0.9994943141937256, 1.341104507446289e-07, 0.9994943737983704, 0.031797390431165695),
            ["LeftHand"] = CFrame.new(3.427267074584961e-07, -1.1920928955078125e-07, 2.1979212760925293e-07, 0.9609423279762268, -0.016826976090669632, 0.27623698115348816, -0.0312921516597271, 0.9851422905921936, 0.16886544227600098, -0.2749742269515991, -0.1709139347076416, 0.946138322353363),
            ["RightUpperLeg"] = CFrame.new(0, -2.514570951461792e-07, 1.3205863069742918e-08, 0.7647964954376221, -0.10511453449726105, 0.6356393694877625, 0.5108027458190918, 0.7001965045928955, -0.4988037645816803, -0.39264115691185, 0.7061697840690613, 0.5892006158828735),
            ["LeftUpperLeg"] = CFrame.new(-1.1920928955078125e-07, 3.14321368932724e-07, 7.82310962677002e-08, 0.7836753726005554, 0.2659582197666168, 0.5613547563552856, 0.2089657485485077, 0.7381573915481567, -0.6414489150047302, -0.5849669575691223, 0.6199918985366821, 0.5228996872901917),
            ["RightLowerLeg"] = CFrame.new(5.21540641784668e-08, -0.00012248754501342773, -0.00007742473826510832, 1, -1.1175870895385742e-07, -8.568168397005138e-08, 9.685753354915505e-08, 0.5095326900482178, 0.8604509830474854, -9.685753354915505e-08, -0.8604514002799988, 0.5095332860946655),
            ["RightFoot"] = CFrame.new(-5.774199962615967e-08, 3.5762786865234375e-07, -1.879379851743579e-08, 0.9865638613700867, 0.15261729061603546, -0.058308981359004974, -0.16329063475131989, 0.9326825141906738, -0.3216201066970825, 0.005299015436321497, 0.3268203139305115, 0.945071816444397),
            ["LeftLowerLeg"] = CFrame.new(1.1920928955078125e-07, 0.00012254714965820312, 0.00007732212543487549, 1, 1.341104365337742e-07, 7.450580596923828e-08, -8.940696716308594e-08, 0.04878751188516617, 0.9988092184066772, 8.940696716308594e-08, -0.9988092184066772, 0.04878760874271393),
        }},
        {Time = 0.267, Data = {
            ["LeftFoot"] = CFrame.new(1.043081283569336e-07, 0, 5.960464477539063e-08, 0.9970545768737793, -0.047630175948143005, -0.06011264771223068, 0.036916401237249374, 0.9850619435310364, -0.1681968718767166, 0.06722605228424072, 0.16548243165016174, 0.9839189052581787),
            ["LeftLowerArm"] = CFrame.new(-2.9802322387695312e-08, -1.1920928955078125e-07, 1.6391277313232422e-07, 1, -4.470347647611561e-08, 5.960465188081798e-08, 5.960464477539063e-08, 0.22306078672409058, -0.9748045802116394, 1.4901161193847656e-08, 0.9748045802116394, 0.22306081652641296),
            ["LowerTorso"] = CFrame.new(0.10000109672546387, -0.0025693178176879883, 0.13014951348304749, 0.9193620085716248, 0.36992621421813965, -0.13389571011066437, -0.3438645899295807, 0.9209490418434143, 0.18333040177822113, 0.19112984836101532, -0.12250501662492752, 0.9738900661468506),
            ["Head"] = CFrame.new(-3.0850060284137726e-09, -7.152557373046875e-07, -1.862645149230957e-09, 0.9125295877456665, -0.16020983457565308, 0.37632784247398376, 0.2392452508211136, 0.955346941947937, -0.17341889441013336, -0.33174023032188416, 0.24828456342220306, 0.9101117253303528),
            ["RightUpperArm"] = CFrame.new(-5.960464477539063e-08, -2.384185791015625e-07, -7.450580596923828e-09, 0.6404553651809692, -0.1850692331790924, 0.7453632950782776, 0.38821691274642944, 0.9154187440872192, -0.10628347843885422, -0.6626496911048889, 0.35743236541748047, 0.6581318974494934),
            ["UpperTorso"] = CFrame.new(6.05359673500061e-08, 2.9802322387695312e-08, 3.725290298461914e-09, 0.9758844375610352, -0.09542697668075562, 0.19632461667060852, 0.10729415714740753, 0.9929336309432983, -0.050702087581157684, -0.19009897112846375, 0.07054384797811508, 0.9792273044586182),
            ["HumanoidRootPart"] = CFrame.new(0, 0, 0, 1, 0, 0, 0, 1, 0, 0, 0, 1),
            ["RightHand"] = CFrame.new(-2.9802322387695312e-08, 2.384185791015625e-07, 2.5890767574310303e-07, 0.8810317516326904, -0.33750441670417786, 0.33147236704826355, 0.08835816383361816, 0.8057771325111389, 0.5855903625488281, -0.4647321403026581, -0.4866354167461395, 0.7397364377975464),
            ["LeftUpperArm"] = CFrame.new(-1.1920928955078125e-07, -4.76837158203125e-07, 1.862645149230957e-09, 0.7060035467147827, 0.7006700038909912, -0.10305705666542053, -0.5416968464851379, 0.6280004382133484, 0.5587308406829834, 0.45620572566986084, -0.3386402428150177, 0.8229211568832397),
            ["RightLowerArm"] = CFrame.new(-2.9802322387695312e-08, 2.980232238769531e-07, -4.470348358154297e-08, 1, -8.009376273321323e-08, 6.146729703004894e-08, 5.587935447692871e-08, 0.085737444460392, -0.9963178634643555, 1.1920928955078125e-07, 0.9963178634643555, 0.0857374370098114),
            ["LeftHand"] = CFrame.new(-6.258487701416016e-07, 1.1920928955078125e-07, -1.3969838619232178e-07, 0.9063887596130371, 0.0885414406657219, 0.41306155920028687, -0.11964405328035355, 0.9915574193000793, 0.04999304562807083, -0.4051477611064911, -0.09473352879285812, 0.9093299508094788),
            ["RightUpperLeg"] = CFrame.new(5.960464477539063e-08, 9.685754776000977e-08, 5.75528247281909e-09, 0.7514616847038269, -0.06700534373521805, 0.6563655734062195, 0.5116629600524902, 0.6872563362121582, -0.5156354904174805, -0.4165409803390503, 0.7233181595802307, 0.5507307052612305),
            ["LeftUpperLeg"] = CFrame.new(8.940696716308594e-08, 5.653128027915955e-07, -2.2351741790771484e-08, 0.79145348072052, 0.16766171157360077, 0.5877846479415894, 0.2365092933177948, 0.8027322888374329, -0.5474346280097961, -0.5636175870895386, 0.5722854137420654, 0.5956716537475586),
