return {
    ["Pump Up The Jam"] = {
        {Time = 0.000, Data = {
            ["RightFoot"] = CFrame.new(-2.0489096641540527e-08, 2.980232238769531e-07, 5.420588422566652e-09, 0.9935107827186584, -0.08387929946184158, -0.07681584358215332, 0.06827540695667267, 0.9799777269363403, -0.18703512847423553, 0.09096647053956985, 0.18057698011398315, 0.9793453216552734),
            ["LeftLowerArm"] = CFrame.new(5.960464477539063e-08, 1.1920928955078125e-07, 1.3504177331924438e-07, 1, -1.4901159417490817e-08, -7.450579175838357e-08, 5.215405707303944e-08, 0.9689818620681763, -0.24713191390037537, 9.837093806197572e-09, 0.24713195860385895, 0.9689818620681763),
            ["RightUpperArm"] = CFrame.new(0, -2.384185791015625e-07, -1.1920928955078125e-07, 0.9804849624633789, -0.1965911090373993, -0.0011794043239206076, 0.1960034966468811, 0.977983832359314, -0.07162714004516602, 0.015234610065817833, 0.06999816000461578, 0.9974308609962463),
            ["Head"] = CFrame.new(-1.0710209608078003e-08, 1.1920928955078125e-07, 4.656612873077393e-10, 0.7483816146850586, -0.04192916676402092, 0.6619419455528259, 0.10476042330265045, 0.9929451942443848, -0.05554477497935295, -0.6549428701400757, 0.110913947224617, 0.7474942803382874),
            ["RightHand"] = CFrame.new(1.4901161193847656e-07, -1.1920928955078125e-07, 0, 0.7416771650314331, 0.25130099058151245, 0.621902585029602, -0.28857728838920593, 0.9565191864967346, -0.042358748614788055, -0.6055065989494324, -0.1480504274368286, 0.7819482088088989),
            ["UpperTorso"] = CFrame.new(-5.471520125865936e-09, -3.5762786865234375e-07, 2.3690517991781235e-08, 0.9935991168022156, 0.030563415959477425, 0.1087513118982315, -0.04662603512406349, 0.9878312945365906, 0.14837609231472015, -0.10289310663938522, -0.15249694883823395, 0.9829332232475281),
            ["HumanoidRootPart"] = CFrame.new(0, 0, 0, 1, 0, 0, 0, 1, 0, 0, 0, 1),
            ["RightUpperLeg"] = CFrame.new(-8.940696716308594e-08, -2.9336661100387573e-07, 8.026108844205737e-08, 0.9966874718666077, 0.08125673979520798, -0.0033911094069480896, -0.07940980792045593, 0.9633395671844482, -0.2562634348869324, -0.017556609585881233, 0.25568389892578125, 0.9666010141372681),
            ["LeftUpperArm"] = CFrame.new(0, -1.1920928955078125e-07, -2.9802322387695312e-08, 0.9601156711578369, 0.2330574244260788, -0.1544739007949829, -0.25220900774002075, 0.9603713750839233, -0.11864864826202393, 0.12070031464099884, 0.152876079082489, 0.9808467626571655),
            ["RightLowerArm"] = CFrame.new(3.5762786865234375e-07, -2.384185791015625e-07, -1.862645149230957e-07, 1, -6.332993507385254e-08, -2.9802322387695312e-08, 1.4901159417490817e-08, 0.959149181842804, -0.2829008996486664, 3.399327042075129e-08, 0.2829008996486664, 0.9591491222381592),
            ["LeftHand"] = CFrame.new(4.76837158203125e-07, 1.7881393432617188e-07, -1.1920928955078125e-07, 0.9420374631881714, -0.17847689986228943, -0.28409746289253235, 0.2188197374343872, 0.9687246084213257, 0.11700721085071564, 0.25432923436164856, -0.17239128053188324, 0.9516292214393616),
            ["LeftFoot"] = CFrame.new(7.450580596923828e-09, 0, 2.9802322387695312e-08, 0.9941453337669373, -0.09982835501432419, 0.04134652391076088, 0.10713542997837067, 0.9604244232177734, -0.2571125626564026, -0.014043055474758148, 0.26003721356391907, 0.9654966592788696),
            ["LowerTorso"] = CFrame.new(0.010118934325873852, -0.055356502532958984, 0.08743880689144135, 0.6757909655570984, -0.028254961594939232, -0.7365515232086182, 0.0012592124985530972, 0.9993078112602234, -0.03717925772070885, 0.7370921969413757, 0.024197932332754135, 0.6753588318824768),
            ["RightLowerLeg"] = CFrame.new(-3.725290298461914e-08, -0.00012230873107910156, -0.00007738003478152677, 1, -7.450577044210149e-08, -8.940699558479537e-08, 9.685756197086448e-08, 0.8916565775871277, 0.45271244645118713, -3.3527616238870905e-08, -0.4527125060558319, 0.8916565775871277),
            ["LeftUpperLeg"] = CFrame.new(2.9802322387695312e-08, -1.8905848264694214e-07, 0, 0.9663108587265015, 0.1661255657672882, 0.19658511877059937, -0.08048220723867416, 0.9205302000045776, -0.382291316986084, -0.24447093904018402, 0.353590726852417, 0.9028884768486023),
            ["LeftLowerLeg"] = CFrame.new(7.450580596923828e-08, 0.0001227855682373047, 0.00007750093936920166, 1, 7.078050145992165e-08, 2.980233304583635e-08, -5.2154071283894154e-08, 0.594567060470581, 0.8040465116500854, -1.862645326866641e-08, -0.8040460348129272, 0.5945664644241333),
        }},
        {Time = 0.033, Data = {
            ["RightFoot"] = CFrame.new(2.421438694000244e-08, 2.384185791015625e-07, -1.879379851743579e-08, 0.9949712753295898, -0.08423994481563568, -0.05418504774570465, 0.07324853539466858, 0.9809352159500122, -0.18000207841396332, 0.06831532716751099, 0.1751282960176468, 0.9821727871894836),
            ["LeftLowerArm"] = CFrame.new(3.5762786865234375e-07, -2.384185791015625e-07, 2.2351741790771484e-07, 1, -1.4435503459253596e-08, 1.1175869119028903e-08, 3.725290653733282e-08, 0.9741162657737732, -0.2260480374097824, -4.76138737326437e-08, 0.22604802250862122, 0.9741162061691284),
            ["RightUpperArm"] = CFrame.new(1.1920928955078125e-07, -4.76837158203125e-07, 2.9802322387695312e-08, 0.9807962775230408, -0.1950349509716034, -0.000028473212296376005, 0.19468167424201965, 0.9790283441543579, -0.0600215382874012, 0.011734073050320148, 0.05886338651180267, 0.9981971383094788),
            ["Head"] = CFrame.new(3.632158041000366e-08, 0, 6.146728992462158e-08, 0.7479116320610046, -0.04269944131374359, 0.6624236106872559, 0.0990879088640213, 0.9939296245574951, -0.04780738055706024, -0.6563611626625061, 0.10139384865760803, 0.7476024031639099),
            ["RightHand"] = CFrame.new(-3.5762786865234375e-07, 5.960464477539063e-08, -5.960464477539063e-08, 0.7430340051651001, 0.24602767825126648, 0.6223913431167603, -0.286996454000473, 0.9572634696960449, -0.03577357903122902, -0.6045936942100525, -0.1520431637763977, 0.7818883061408997),
            ["UpperTorso"] = CFrame.new(-1.0593794286251068e-08, -1.1920928955078125e-07, -4.190951585769653e-09, 0.9947331547737122, 0.03113684430718422, 0.09765475988388062, -0.044016290456056595, 0.9901860952377319, 0.13264285027980804, -0.09256622195243835, -0.13624262809753418, 0.9863414168357849),
            ["HumanoidRootPart"] = CFrame.new(0, 0, 0, 1, 0, 0, 0, 1, 0, 0, 0, 1),
            ["RightUpperLeg"] = CFrame.new(5.960464477539063e-08, 5.136243999004364e-07, 7.617927622050047e-09, 0.9968149662017822, 0.07267007231712341, -0.032850231975317, -0.0784798189997673, 0.9670740365982056, -0.24209259450435638, 0.01417579036206007, 0.24389955401420593, 0.9696968793869019),
            ["LeftUpperArm"] = CFrame.new(0, -4.76837158203125e-07, 5.960464477539063e-08, 0.9613596796989441, 0.2255326509475708, -0.15786927938461304, -0.24379493296146393, 0.9638304114341736, -0.1076798290014267, 0.12787385284900665, 0.1420067697763443, 0.9815714359283447),
            ["RightLowerArm"] = CFrame.new(-3.2782554626464844e-07, -4.172325134277344e-07, 0, 1, -2.2351745343485163e-08, -6.705523247774181e-08, 1.4901162970204496e-08, 0.9637575149536133, -0.26678016781806946, -4.842878098543224e-08, 0.26678016781806946, 0.9637574553489685),
            ["LeftHand"] = CFrame.new(-4.172325134277344e-07, -3.5762786865234375e-07, 0, 0.9437551498413086, -0.17811653017997742, -0.2785692512989044, 0.2157822698354721, 0.9701422452926636, 0.1107347160577774, 0.2505281865596771, -0.16461679339408875, 0.9540110230445862),
            ["LeftFoot"] = CFrame.new(6.891787052154541e-08, -5.960464477539063e-08, 1.4901161193847656e-08, 0.99423748254776, -0.09855387359857559, 0.04217885807156563, 0.10598082095384598, 0.9628280401229858, -0.24845576286315918, -0.016124751418828964, 0.2514943778514862, 0.9677245020866394),
            ["LowerTorso"] = CFrame.new(0.013739249669015408, -0.04897284507751465, 0.08371247351169586, 0.6829625368118286, -0.021515212953090668, -0.7301364541053772, 0.0008284211507998407, 0.9995883107185364, -0.028680358082056046, 0.7304528951644897, 0.018982751294970512, 0.6826992034912109),
            ["RightLowerLeg"] = CFrame.new(-6.705522537231445e-08, -0.0001221299171447754, -0.00007748434290988371, 1, -8.568163423205988e-08, -2.5145727278186314e-08, 5.2154071283894154e-08, 0.9043608903884888, 0.4267687201499939, -1.862645326866641e-08, -0.4267685115337372, 0.9043608903884888),
            ["LeftUpperLeg"] = CFrame.new(0, 4.5355409383773804e-07, -3.166496753692627e-08, 0.9688650369644165, 0.15749302506446838, 0.19104081392288208, -0.07667966187000275, 0.924535870552063, -0.37330085039138794, -0.23541629314422607, 0.3470294773578644, 0.9078270792961121),
            ["LeftLowerLeg"] = CFrame.new(1.043081283569336e-07, 0.0001226663589477539, 0.00007742643356323242, 1, 6.705520405603238e-08, 1.8626460374093767e-08, -1.0430814256778831e-07, 0.6181116104125977, 0.7860909104347229, -9.872020712009544e-08, -0.7860903739929199, 0.6181109547615051),
        }},
        {Time = 0.067, Data = {
            ["RightFoot"] = CFrame.new(4.6566128730773926e-08, 4.172325134277344e-07, -1.673470251262188e-10, 0.9950903058052063, -0.08384815603494644, -0.05258311703801155, 0.07368938624858856, 0.9823493361473083, -0.1719294637441635, 0.06607074290513992, 0.16721086204051971, 0.9837048649787903),
            ["LeftLowerArm"] = CFrame.new(-2.980232238769531e-07, 1.1920928955078125e-07, -1.4901161193847656e-08, 1, -1.6763801014008095e-08, -7.450578820566989e-09, 7.450578820566989e-09, 0.9788494110107422, -0.20458203554153442, -1.1874360161812092e-08, 0.20458200573921204, 0.978849470615387),
            ["RightUpperArm"] = CFrame.new(0, -7.152557373046875e-07, 5.960464477539063e-08, 0.9812434315681458, -0.19276094436645508, 0.0021758379880338907, 0.1926502138376236, 0.9801510572433472, -0.04679453372955322, 0.006887414492666721, 0.04633601754903793, 0.9989022016525269),
            ["Head"] = CFrame.new(-1.862645149230957e-09, -3.5762786865234375e-07, 4.377216100692749e-08, 0.7466474771499634, -0.04882960021495819, 0.6634255051612854, 0.09161550551652908, 0.9953470826148987, -0.029848242178559303, -0.6588811278343201, 0.08306616544723511, 0.7476468086242676),
            ["RightHand"] = CFrame.new(-1.7881393432617188e-07, 3.5762786865234375e-07, 0, 0.7456116080284119, 0.23393359780311584, 0.6239698529243469, -0.28006404638290405, 0.9596525430679321, -0.02512294426560402, -0.6046713590621948, -0.15601950883865356, 0.7810444831848145),
            ["UpperTorso"] = CFrame.new(-9.66247171163559e-09, -3.2782554626464844e-07, 7.566995918750763e-09, 0.9957865476608276, 0.029006246477365494, 0.08699391782283783, -0.03930483013391495, 0.9921025633811951, 0.1191125214099884, -0.08285172283649445, -0.12202990800142288, 0.9890623092651367),
            ["HumanoidRootPart"] = CFrame.new(0, 0, 0, 1, 0, 0, 0, 1, 0, 0, 0, 1),
            ["RightUpperLeg"] = CFrame.new(0, 2.169981598854065e-07, 8.410279406234622e-08, 0.9968095421791077, 0.068824902176857, -0.040420740842819214, -0.07630647718906403, 0.9702653884887695, -0.22970080375671387, 0.02340993657708168, 0.23205223679542542, 0.9724215865135193),
            ["LeftUpperArm"] = CFrame.new(1.1920928955078125e-07, -5.960464477539062e-07, 1.1920928955078125e-07, 0.9632160067558289, 0.21377897262573242, -0.16283018887043, -0.2295909970998764, 0.9695491194725037, -0.08522085100412369, 0.13965333998203278, 0.11947041749954224, 0.9829667806625366),
            ["RightLowerArm"] = CFrame.new(-3.5762786865234375e-07, -8.344650268554688e-07, -1.341104507446289e-07, 1, -9.313225746154785e-09, 7.264318924171675e-08, 7.450581485102248e-09, 0.9726691246032715, -0.23219561576843262, -6.007031316812572e-08, 0.23219558596611023, 0.9726691842079163),
            ["LeftHand"] = CFrame.new(-2.980232238769531e-07, -4.76837158203125e-07, -2.384185791015625e-07, 0.9471770524978638, -0.1795223504304886, -0.2657582461833954, 0.2139834463596344, 0.970988392829895, 0.10673648864030838, 0.23888660967350006, -0.15796616673469543, 0.9581127762794495),
            ["LeftFoot"] = CFrame.new(-1.862645149230957e-08, -5.960464477539063e-08, -1.4901161193847656e-08, 0.994605302810669, -0.09153489023447037, 0.04880354180932045, 0.10096190869808197, 0.9622200131416321, -0.25286200642585754, -0.023814087733626366, 0.25642549991607666, 0.9662707448005676),
            ["LowerTorso"] = CFrame.new(0.015429736115038395, -0.04281044006347656, 0.08178780972957611, 0.6888521313667297, -0.016596421599388123, -0.7247119545936584, -0.0008157652337104082, 0.999719500541687, -0.023669695481657982, 0.7249014973640442, 0.016896115615963936, 0.6886453628540039),
            ["RightLowerLeg"] = CFrame.new(-7.450580596923828e-09, -0.00012230873107910156, -0.00007739493594272062, 1, -1.0430809993522416e-07, -9.685754776000977e-08, 5.21540641784668e-08, 0.9151409268379211, 0.4031338691711426, -6.51925802230835e-08, -0.40313413739204407, 0.9151409864425659),
            ["LeftUpperLeg"] = CFrame.new(2.9802322387695312e-08, 4.079192876815796e-07, -3.7136487662792206e-08, 0.9716870188713074, 0.14005273580551147, 0.19028857350349426, -0.07046322524547577, 0.9405028223991394, -0.3323993682861328, -0.22552014887332916, 0.3095800578594208, 0.923742949962616),
            ["LeftLowerLeg"] = CFrame.new(5.960464477539063e-08, 0.00012284517288208008, 0.00007747858762741089, 1, 1.117586450050112e-07, 2.0489101970611046e-08, -6.705523247774181e-08, 0.6764793992042542, 0.7364621162414551, 5.960465188081798e-08, -0.7364615797996521, 0.6764788627624512),
        }},
        {Time = 0.100, Data = {
            ["RightFoot"] = CFrame.new(4.0978193283081055e-08, 3.5762786865234375e-07, 7.433845894411206e-08, 0.9951754808425903, -0.08380287140607834, -0.05101834610104561, 0.07283585518598557, 0.9794475436210632, -0.18808864057064056, 0.06573206931352615, 0.18346579372882843, 0.9808260798454285),
            ["LeftLowerArm"] = CFrame.new(0, -5.960464477539063e-08, -7.450580596923828e-08, 1, -3.3527612686157227e-08, -4.4703462265260896e-08, 1.4901161193847656e-08, 0.9792864322662354, -0.2024799883365631, 5.4016709327697754e-08, 0.2024799883365631, 0.9792864322662354),
            ["RightUpperArm"] = CFrame.new(0, -3.5762786865234375e-07, -5.960464477539063e-08, 0.9812532663345337, -0.19269928336143494, 0.0030214935541152954, 0.19269442558288574, 0.9807171821594238, -0.03259935602545738, 0.0033186404034495354, 0.032570451498031616, 0.9994639158248901),
            ["Head"] = CFrame.new(-4.039611667394638e-08, -2.384185791015625e-07, -8.381903171539307e-09, 0.7461268901824951, -0.05036623030900955, 0.6638962030410767, 0.08379259705543518, 0.9963098764419556, -0.018586540594697, -0.6605101823806763, 0.0694974809885025, 0.7475937008857727),
            ["RightHand"] = CFrame.new(1.4901161193847656e-07, 1.7881393432617188e-07, -1.1920928955078125e-07, 0.748712956905365, 0.21569813787937164, 0.626819908618927, -0.2709600031375885, 0.962560772895813, -0.00757993757724762, -0.6049872636795044, -0.16416792571544647, 0.7791273593902588),
            ["UpperTorso"] = CFrame.new(4.6566128730773926e-09, -3.5762786865234375e-07, -2.8230715543031693e-09, 0.997447669506073, 0.008283901028335094, 0.07092020660638809, -0.01640809327363968, 0.9932588338851929, 0.11475089192390442, -0.06949146091938019, -0.1156216412782669, 0.9908595681190491),
            ["HumanoidRootPart"] = CFrame.new(0, 0, 0, 1, 0, 0, 0, 1, 0, 0, 0, 1),
            ["RightUpperLeg"] = CFrame.new(-1.4901161193847656e-07, -8.719507604837418e-08, 8.581992005929351e-08, 0.9974629878997803, 0.049803879112005234, -0.050863783806562424, -0.06059453636407852, 0.9690114855766296, -0.2394685596227646, 0.0373612642288208, 0.24194298684597015, 0.9695709347724915),
            ["LeftUpperArm"] = CFrame.new(0, -5.960464477539062e-07, 0, 0.9643567204475403, 0.20388130843639374, -0.16866672039031982, -0.21581915020942688, 0.9748508334159851, -0.055569831281900406, 0.1530953049659729, 0.08999064564704895, 0.9841055274009705),
            ["RightLowerArm"] = CFrame.new(-8.940696716308594e-08, 2.384185791015625e-07, 1.4901161193847656e-08, 1, -3.7369314753732397e-08, 3.911553747570906e-08, 1.4901161193847656e-08, 0.9796159863471985, -0.2008792757987976, 3.4458935260772705e-08, 0.2008792906999588, 0.9796160459518433),
            ["LeftHand"] = CFrame.new(5.364418029785156e-07, -5.960464477539063e-08, -1.7881393432617188e-07, 0.9526346325874329, -0.18040890991687775, -0.24482625722885132, 0.2117225080728531, 0.9713374376296997, 0.1080615371465683, 0.2183135598897934, -0.1547783464193344, 0.9635263085365295),
            ["LeftFoot"] = CFrame.new(5.960464477539063e-08, -1.7881393432617188e-07, -1.4901161193847656e-08, 0.9953406453132629, -0.07324965298175812, 0.06270242482423782, 0.08762256801128387, 0.958543062210083, -0.27114108204841614, -0.04024218022823334, 0.2753720283508301, 0.9604951739311218),
            ["LowerTorso"] = CFrame.new(0.01708296500146389, -0.039231300354003906, 0.08000145852565765, 0.6980494260787964, -0.004460137337446213, -0.7160357236862183, -0.016266824677586555, 0.9996237754821777, -0.022084804251790047, 0.7158647775650024, 0.02706391178071499, 0.6977142691612244),
            ["RightLowerLeg"] = CFrame.new(-3.725290298461914e-08, -0.00012230873107910156, -0.00007740983710391447, 1, -8.568163423205988e-08, -1.676381167214913e-08, 6.705523958316917e-08, 0.9051257967948914, 0.4251437485218048, -1.862645504502325e-08, -0.425143837928772, 0.9051259160041809),
            ["LeftUpperLeg"] = CFrame.new(5.960464477539063e-08, -1.0372605174779892e-07, -8.38481355458498e-08, 0.9767851829528809, 0.0939674824476242, 0.19251218438148499, -0.048761460930109024, 0.9725971221923828, -0.22732634842395782, -0.2085978239774704, 0.21266187727451324, 0.9546003341674805),
            ["LeftLowerLeg"] = CFrame.new(7.450580596923828e-09, 0.00012284517288208008, 0.00007733702659606934, 1, 8.568166975919667e-08, 5.029141902923584e-08, -5.5879368687783426e-08, 0.7971943020820618, 0.6037227511405945, 1.0244550985305523e-08, -0.603722870349884, 0.7971944212913513),
        }},
        {Time = 0.133, Data = {
            ["RightFoot"] = CFrame.new(3.5390257835388184e-08, 2.980232238769531e-07, -3.892637323588133e-09, 0.9951314330101013, -0.08408177644014359, -0.05141661316156387, 0.07193686068058014, 0.9762781858444214, -0.20422051846981049, 0.06736824661493301, 0.199527770280838, 0.9775737524032593),
            ["LeftLowerArm"] = CFrame.new(5.960464477539063e-08, -2.384185791015625e-07, 1.9371509552001953e-07, 1, -2.8871003365793513e-08, -6.705521116145974e-08, 2.2351738238057806e-08, 0.983054518699646, -0.18331390619277954, 1.1175869119028903e-08, 0.18331392109394073, 0.983054518699646),
            ["RightUpperArm"] = CFrame.new(-1.7881393432617188e-07, 2.384185791015625e-07, 0, 0.9796802997589111, -0.2002963423728943, 0.010383306071162224, 0.20052577555179596, 0.9792018532752991, -0.03087405487895012, -0.003983345814049244, 0.03232881426811218, 0.9994693994522095),
            ["Head"] = CFrame.new(-1.0710209608078003e-08, 1.1920928955078125e-07, -6.612390279769897e-08, 0.7467868328094482, -0.05074182525277138, 0.6631251573562622, 0.08487783372402191, 0.9962033629417419, -0.019357532262802124, -0.6596250534057617, 0.07074052840471268, 0.7482582926750183),
            ["RightHand"] = CFrame.new(5.960464477539063e-08, 2.384185791015625e-07, 1.1920928955078125e-07, 0.7573792338371277, 0.2239753156900406, 0.613361120223999, -0.2776699364185333, 0.9606439471244812, -0.007921937853097916, -0.5909958481788635, -0.1643119603395462, 0.7897629737854004),
            ["UpperTorso"] = CFrame.new(-1.5832483768463135e-08, 0, 6.28642737865448e-09, 0.9979764819145203, -0.004880378022789955, 0.06339732557535172, -0.003016210626810789, 0.992294192314148, 0.12386754155158997, -0.06351333111524582, -0.1238081231713295, 0.9902714490890503),
            ["HumanoidRootPart"] = CFrame.new(0, 0, 0, 1, 0, 0, 0, 1, 0, 0, 0, 1),
            ["RightUpperLeg"] = CFrame.new(5.960464477539063e-08, -4.033790901303291e-08, 5.2088580559939146e-08, 0.9977442026138306, 0.03767547756433487, -0.05556191876530647, -0.05061834305524826, 0.9658693671226501, -0.2540358603000641, 0.04409436881542206, 0.2562754452228546, 0.9655975699424744),
            ["LeftUpperArm"] = CFrame.new(5.960464477539063e-08, 0, -5.960464477539063e-08, 0.9647298455238342, 0.1927398443222046, -0.17929807305335999, -0.20432999730110168, 0.9777041673660278, -0.04841476306319237, 0.16596901416778564, 0.08334310352802277, 0.9826027750968933),
            ["RightLowerArm"] = CFrame.new(5.960464477539063e-08, -2.980232238769531e-07, 1.043081283569336e-07, 1, -1.30385160446167e-08, 6.14673041354763e-08, 2.2351745343485163e-08, 0.9841601252555847, -0.17728187143802643, 2.0489098417897367e-08, 0.17728185653686523, 0.9841601848602295),
            ["LeftHand"] = CFrame.new(5.960464477539063e-08, -2.384185791015625e-07, -2.5331974029541016e-07, 0.9573768973350525, -0.18135061860084534, -0.2248145490884781, 0.20771729946136475, 0.9731055498123169, 0.09959542751312256, 0.2007065862417221, -0.14204825460910797, 0.9692983627319336),
            ["LeftFoot"] = CFrame.new(-1.1175870895385742e-08, 5.960464477539063e-08, -2.2351741790771484e-08, 0.9956079125404358, -0.059791386127471924, 0.07204221934080124, 0.07707633823156357, 0.960275411605835, -0.2681984007358551, -0.05314428731799126, 0.27257341146469116, 0.960666298866272),
            ["LowerTorso"] = CFrame.new(0.015492881648242474, -0.04087686538696289, 0.0817459374666214, 0.703054666519165, 0.0006080639432184398, -0.7111355662345886, -0.02626444771885872, 0.9993395805358887, -0.025111500173807144, 0.7106506824493408, 0.03633233904838562, 0.7026063203811646),
            ["RightLowerLeg"] = CFrame.new(-1.4901161193847656e-08, -0.00012242794036865234, -0.00007746944174868986, 1, -5.587932605521928e-08, -8.940698137394065e-08, 1.0430814256778831e-07, 0.8902310729026794, 0.45550915598869324, -7.450581485102248e-09, -0.455509215593338, 0.8902311325073242),
            ["LeftUpperLeg"] = CFrame.new(0, 1.261214492842555e-07, 1.280568540096283e-08, 0.9797000288963318, 0.06157170981168747, 0.19077934324741364, -0.03523261100053787, 0.9897359609603882, -0.1384972780942917, -0.19734887778759003, 0.12896431982517242, 0.9718136191368103),
            ["LeftLowerLeg"] = CFrame.new(-3.725290298461914e-08, 0.0001227259635925293, 0.00007742643356323242, 1, 5.21540464148984e-08, 2.7939700331103268e-08, -5.215408194203519e-08, 0.8788054585456848, 0.47718095779418945, -1.3969843948302696e-08, -0.4771804213523865, 0.8788050413131714),
        }},
        {Time = 0.167, Data = {
            ["RightFoot"] = CFrame.new(-3.725290298461914e-09, 4.76837158203125e-07, 3.149762051180005e-08, 0.9949609637260437, -0.08476070314645767, -0.053558338433504105, 0.07111727446317673, 0.9731462001800537, -0.2189260721206665, 0.07067618519067764, 0.21401436626911163, 0.9742704629898071),
            ["LeftLowerArm"] = CFrame.new(1.1920928955078125e-07, 0, 5.960464477539063e-08, 1, -1.1175869119028903e-08, 2.60770232074492e-08, 2.2351738238057806e-08, 0.9863516688346863, -0.16465279459953308, 5.587934559514451e-09, 0.16465282440185547, 0.9863516688346863),
            ["RightUpperArm"] = CFrame.new(0, 2.384185791015625e-07, -2.9802322387695312e-08, 0.9777446985244751, -0.2071327120065689, 0.033336181193590164, 0.20805968344211578, 0.9777368307113647, -0.02723812684416771, -0.02695215865969658, 0.033567868173122406, 0.9990729689598083),
            ["Head"] = CFrame.new(7.881317287683487e-08, 4.76837158203125e-07, 1.752050593495369e-08, 0.7484492659568787, -0.04767012223601341, 0.6614767909049988, 0.0932808592915535, 0.9950648546218872, -0.03383511304855347, -0.6565991640090942, 0.08702697604894638, 0.7492021322250366),
            ["RightHand"] = CFrame.new(-4.172325134277344e-07, 5.960464477539063e-08, 2.9802322387695312e-08, 0.7775971293449402, 0.24403239786624908, 0.5794746279716492, -0.294787734746933, 0.9555384516716003, -0.006827280856668949, -0.555376410484314, -0.16551309823989868, 0.8149617314338684),
            ["UpperTorso"] = CFrame.new(-8.614733815193176e-09, -4.172325134277344e-07, -2.7939677238464355e-09, 0.9976863265037537, -0.015214759856462479, 0.06626138091087341, 0.005407319869846106, 0.9893074035644531, 0.14574511349201202, -0.06777039915323257, -0.1450495719909668, 0.9871007800102234),
            ["HumanoidRootPart"] = CFrame.new(0, 0, 0, 1, 0, 0, 0, 1, 0, 0, 0, 1),
            ["RightUpperLeg"] = CFrame.new(-1.4901161193847656e-07, -1.992157194763422e-07, 6.908521754667163e-08, 0.99824059009552, 0.03049502521753311, -0.05085061490535736, -0.04326179251074791, 0.9610625505447388, -0.2729232907295227, 0.04054803401231766, 0.27464309334754944, 0.9606909155845642),
            ["LeftUpperArm"] = CFrame.new(1.1920928955078125e-07, -1.1920928955078125e-07, -5.960464477539063e-08, 0.9644176363945007, 0.18170100450515747, -0.19205056130886078, -0.195021390914917, 0.9793803095817566, -0.052734676748514175, 0.17850854992866516, 0.08831218630075455, 0.9799671769142151),
            ["RightLowerArm"] = CFrame.new(2.980232238769531e-07, 3.5762786865234375e-07, -2.9802322387695312e-08, 1, -3.725290653733282e-08, 2.3283067918100642e-08, 1.4901162970204496e-08, 0.9849393367767334, -0.1729007065296173, -5.308539385850963e-08, 0.1729007363319397, 0.9849392771720886),
            ["LeftHand"] = CFrame.new(2.682209014892578e-07, 5.960464477539063e-08, -4.470348358154297e-08, 0.9613450765609741, -0.18201445043087006, -0.20660701394081116, 0.20422911643981934, 0.9746216535568237, 0.09166885167360306, 0.18467867374420166, -0.13032056391239166, 0.9741203188896179),
            ["LeftFoot"] = CFrame.new(-3.073364496231079e-08, 0, -7.450580596923828e-09, 0.9956198334693909, -0.05530582368373871, 0.07538244128227234, 0.07343439012765884, 0.9616184234619141, -0.26438066363334656, -0.057867344468832016, 0.2687588334083557, 0.9614678621292114),
            ["LowerTorso"] = CFrame.new(0.011328859254717827, -0.046282052993774414, 0.08636513352394104, 0.7018022537231445, 0.000988846062682569, -0.7123711705207825, -0.03409542888402939, 0.9988996386528015, -0.032203011214733124, 0.7115554809570312, 0.046888746321201324, 0.7010637521743774),
            ["RightLowerLeg"] = CFrame.new(-4.470348358154297e-08, -0.00012236833572387695, -0.00007749924407107756, 1, -4.8428738352868095e-08, -8.754437175184648e-08, 8.940695295223122e-08, 0.870671808719635, 0.49186474084854126, -3.5390254282674505e-08, -0.49186456203460693, 0.8706716299057007),
            ["LeftUpperLeg"] = CFrame.new(1.7881393432617188e-07, -1.3268436305224895e-07, 1.4901161193847656e-08, 0.9800688624382019, 0.047459203749895096, 0.1929057389497757, -0.027433641254901886, 0.9940739870071411, -0.10518701374530792, -0.19675475358963013, 0.09779845923185349, 0.9755629897117615),
            ["LeftLowerLeg"] = CFrame.new(1.6391277313232422e-07, 0.00012260675430297852, 0.00007738173007965088, 1, 1.8626431952384337e-08, -3.725293407086383e-09, -2.2351741790771484e-08, 0.9005405902862549, 0.4347728192806244, -9.173527359962463e-08, -0.4347721040248871, 0.9005401730537415),
        }},
        {Time = 0.200, Data = {
            ["RightFoot"] = CFrame.new(0, 3.5762786865234375e-07, 5.420588422566652e-09, 0.9933834671974182, -0.08508060872554779, -0.07714062929153442, 0.06515035778284073, 0.970636248588562, -0.23156161606311798, 0.09457683563232422, 0.22500386834144592, 0.9697570204734802),
            ["LeftLowerArm"] = CFrame.new(4.76837158203125e-07, -1.1920928955078125e-07, 1.341104507446289e-07, 1, -3.166496043149891e-08, 3.7252885221050747e-09, 0, 0.988976240158081, -0.14807434380054474, -1.0244545656235005e-08, 0.14807432889938354, 0.9889762997627258),
            ["RightUpperArm"] = CFrame.new(1.1920928955078125e-07, -2.384185791015625e-07, -5.960464477539063e-08, 0.9749956727027893, -0.2117965817451477, 0.06727342307567596, 0.21412722766399384, 0.9763609170913696, -0.029480203986167908, -0.05943938344717026, 0.04314815625548363, 0.9972990155220032),
            ["Head"] = CFrame.new(2.0489096641540527e-08, -1.1920928955078125e-07, -3.4458935260772705e-08, 0.7507438063621521, -0.04346413165330887, 0.6591622829437256, 0.10797913372516632, 0.9924867153167725, -0.05753832682967186, -0.6517087817192078, 0.11437230557203293, 0.7497963905334473),
            ["RightHand"] = CFrame.new(-2.980232238769531e-07, 2.384185791015625e-07, -2.8312206268310547e-07, 0.7995454668998718, 0.2676467001438141, 0.5376731753349304, -0.31619930267333984, 0.94869065284729, -0.0020424830727279186, -0.5106320977210999, -0.1683788001537323, 0.8431509137153625),
            ["UpperTorso"] = CFrame.new(-1.4551915228366852e-08, 1.7881393432617188e-07, -1.0477378964424133e-08, 0.9969696998596191, -0.01843869872391224, 0.07557512074708939, 0.004803241230547428, 0.9842404127120972, 0.17677031457424164, -0.07764328271150589, -0.1758715808391571, 0.9813463687896729),
            ["HumanoidRootPart"] = CFrame.new(0, 0, 0, 1, 0, 0, 0, 1, 0, 0, 0, 1),
            ["RightUpperLeg"] = CFrame.new(0, 3.7404242902994156e-07, 2.2519088815897703e-08, 0.9990645051002502, 0.036777038127183914, -0.022752102464437485, -0.041840095072984695, 0.9550510048866272, -0.2934741675853729, 0.010936168022453785, 0.2941516041755676, 0.9556962847709656),
            ["LeftUpperArm"] = CFrame.new(0, -1.1920928955078125e-07, -2.9802322387695312e-08, 0.9633892774581909, 0.17165131866931915, -0.20595380663871765, -0.18911921977996826, 0.9795820116996765, -0.06821391731500626, 0.19003954529762268, 0.10466636717319489, 0.9761813282966614),
            ["RightLowerArm"] = CFrame.new(5.960464477539063e-08, -2.384185791015625e-07, 0, 1, -3.725290742551124e-09, -1.210719613453648e-08, 2.2351747119842003e-08, 0.9841490387916565, -0.1773434430360794, 4.656613938891496e-08, 0.17734341323375702, 0.9841490983963013),
            ["LeftHand"] = CFrame.new(2.384185791015625e-07, -1.1920928955078125e-07, -3.7997961044311523e-07, 0.9643583297729492, -0.18225471675395966, -0.19182392954826355, 0.20143964886665344, 0.9757513403892517, 0.08562400192022324, 0.17156702280044556, -0.12121313810348511, 0.9776872396469116),
            ["LeftFoot"] = CFrame.new(7.82310962677002e-08, 1.7881393432617188e-07, -7.450580596923828e-09, 0.9954760670661926, -0.05886375904083252, 0.07458247989416122, 0.07768279314041138, 0.956214189529419, -0.2821698486804962, -0.054707158356904984, 0.28668734431266785, 0.9564610719680786),
            ["LowerTorso"] = CFrame.new(0.005512243136763573, -0.056105852127075195, 0.09294356405735016, 0.6971955299377441, -0.00498484680429101, -0.7168636918067932, -0.03644154593348503, 0.9984365701675415, -0.04238453507423401, 0.7159541845321655, 0.055673930794000626, 0.6959238648414612),
            ["RightLowerLeg"] = CFrame.new(-1.043081283569336e-07, -0.00012230873107910156, -0.00007733533129794523, 1, -5.2154071283894154e-08, 1.1175870895385742e-08, 8.195638656616211e-08, 0.8481253981590271, 0.5297949314117432, -2.9802322387695312e-08, -0.5297955274581909, 0.8481258153915405),
            ["LeftUpperLeg"] = CFrame.new(-5.960464477539063e-08, 7.934868335723877e-07, -2.7939677238464355e-08, 0.9787320494651794, 0.05675883963704109, 0.1971345841884613, -0.027488676831126213, 0.9885817766189575, -0.14815683662891388, -0.20329277217388153, 0.13958679139614105, 0.9691169261932373),
            ["LeftLowerLeg"] = CFrame.new(0, 0.0001227259635925293, 0.00007738173007965088, 1, 5.215404996761208e-08, 4.4703490686970326e-08, -5.960465188081798e-08, 0.8558406233787537, 0.5172397494316101, 5.587936335871291e-09, -0.5172396302223206, 0.8558406233787537),
        }},
        {Time = 0.233, Data = {
            ["RightFoot"] = CFrame.new(-3.3527612686157227e-08, 2.980232238769531e-07, -2.438173396512866e-08, 0.9929140210151672, -0.08607709407806396, -0.08193102478981018, 0.0638178139925003, 0.9678245186805725, -0.24339857697486877, 0.10024572163820267, 0.2364455908536911, 0.9664597511291504),
            ["LeftLowerArm"] = CFrame.new(0, 5.960464477539063e-08, -2.2351741790771484e-07, 1, -1.6763806343078613e-08, -3.259628655882807e-08, 0, 0.9907666444778442, -0.13557830452919006, 3.91155481338501e-08, 0.13557831943035126, 0.9907666444778442),
            ["RightUpperArm"] = CFrame.new(1.1920928955078125e-07, 8.344650268554688e-07, -1.4901161193847656e-07, 0.9701992869377136, -0.21782755851745605, 0.1061348021030426, 0.223268061876297, 0.9738406538963318, -0.042259324342012405, -0.09415329247713089, 0.06469649076461792, 0.9934533834457397),
            ["Head"] = CFrame.new(7.808557711541653e-08, 3.5762786865234375e-07, -5.4016709327697754e-08, 0.7532225251197815, -0.037311337888240814, 0.6567068696022034, 0.12594644725322723, 0.9880979657173157, -0.0883171483874321, -0.6455953121185303, 0.14923234283924103, 0.7489568591117859),
            ["RightHand"] = CFrame.new(-1.7881393432617188e-07, 1.1920928955078125e-07, 3.725290298461914e-08, 0.8159528970718384, 0.2871081233024597, 0.5017865896224976, -0.33429819345474243, 0.942457377910614, 0.00435332627967, -0.4716625511646271, -0.17129844427108765, 0.8649804592132568),
            ["UpperTorso"] = CFrame.new(-6.51925802230835e-09, 2.9802322387695312e-08, -2.3283064365386963e-09, 0.9959220290184021, -0.014065457507967949, 0.08911488205194473, -0.005165955517441034, 0.9772605895996094, 0.21197931468486786, -0.09006994217634201, -0.21157518029212952, 0.973202645778656),
            ["HumanoidRootPart"] = CFrame.new(0, 0, 0, 1, 0, 0, 0, 1, 0, 0, 0, 1),
            ["RightUpperLeg"] = CFrame.new(-5.960464477539063e-08, 1.2712553143501282e-07, 5.418405635282397e-08, 0.9988756775856018, 0.045613981783390045, -0.012911809608340263, -0.047363027930259705, 0.9486173987388611, -0.31286096572875977, -0.002022313652560115, 0.31312063336372375, 0.949711263179779),
            ["LeftUpperArm"] = CFrame.new(5.960464477539063e-08, 4.76837158203125e-07, -5.960464477539063e-08, 0.9615166783332825, 0.1644933670759201, -0.22006306052207947, -0.18835701048374176, 0.977770984172821, -0.09211710840463638, 0.2000185251235962, 0.13002252578735352, 0.9711265563964844),
            ["RightLowerArm"] = CFrame.new(1.1920928955078125e-07, 1.1920928955078125e-07, 2.9802322387695312e-08, 1, -2.7939670133036998e-08, -8.3819010399111e-08, 2.2351745343485163e-08, 0.9827752113342285, -0.18480496108531952, 1.3038517820973539e-08, 0.18480494618415833, 0.9827752709388733),
            ["LeftHand"] = CFrame.new(-2.682209014892578e-07, 0, -2.4959444999694824e-07, 0.9663052558898926, -0.18191996216773987, -0.18209676444530487, 0.199456125497818, 0.9763866066932678, 0.08298506587743759, 0.1627003252506256, -0.11650920659303665, 0.9797726273536682),
            ["LeftFoot"] = CFrame.new(3.725290298461914e-09, 1.1920928955078125e-07, 0, 0.9951678514480591, -0.06679029017686844, 0.07197312265634537, 0.08564867824316025, 0.9489189982414246, -0.303672730922699, -0.04801415652036667, 0.30836978554725647, 0.9500540494918823),
            ["LowerTorso"] = CFrame.new(-0.0010413180571049452, -0.0707247257232666, 0.10055577754974365, 0.690831184387207, -0.017329823225736618, -0.7228084206581116, -0.03247770294547081, 0.9979597926139832, -0.05496766045689583, 0.7222863435745239, 0.06144852936267853, 0.6888589262962341),
            ["RightLowerLeg"] = CFrame.new(0, -0.00012254714965820312, -0.00007748434290988371, 1, -8.940695295223122e-08, -1.4342373333420255e-07, 5.960465898624534e-08, 0.8232002854347229, 0.5677506923675537, -1.1734667282325972e-07, -0.5677509903907776, 0.8232006430625916),
            ["LeftUpperLeg"] = CFrame.new(-5.960464477539063e-08, 3.734603524208069e-07, -8.568167686462402e-08, 0.976417064666748, 0.08128038048744202, 0.20000815391540527, -0.03514285013079643, 0.9739052057266235, -0.22421777248382568, -0.21301349997520447, 0.21190103888511658, 0.9537941217422485),
            ["LeftLowerLeg"] = CFrame.new(7.450580596923828e-09, 0.00012284517288208008, 0.00007741153240203857, 1, 1.1548395661975519e-07, -2.9802318834981634e-08, -7.078050856534901e-08, 0.7648091912269592, 0.6442572474479675, -6.984918599073353e-08, -0.6442568898200989, 0.7648088932037354),
        }},
        {Time = 0.267, Data = {
            ["RightFoot"] = CFrame.new(2.0489096641540527e-08, 4.172325134277344e-07, -2.438173396512866e-08, 0.9923616647720337, -0.08725068718194962, -0.08721048384904861, 0.06187419593334198, 0.9636229276657104, -0.2600044310092926, 0.10672367364168167, 0.2526228129863739, 0.961661159992218),
            ["LeftLowerArm"] = CFrame.new(0, 2.384185791015625e-07, -2.5331974029541016e-07, 1, -2.0489096641540527e-08, 6.519254025505461e-09, 0, 0.9916021823883057, -0.12932626903057098, 1.5832483768463135e-08, 0.12932629883289337, 0.9916020631790161),
            ["RightUpperArm"] = CFrame.new(1.1920928955078125e-07, 3.5762786865234375e-07, 0, 0.9643340706825256, -0.22552259266376495, 0.13856226205825806, 0.2352238893508911, 0.9702121019363403, -0.05794987827539444, -0.1213657557964325, 0.08847618103027344, 0.9886568784713745),
            ["Head"] = CFrame.new(6.239861249923706e-08, 1.1920928955078125e-07, -2.7939677238464355e-08, 0.7556951642036438, -0.028142275288701057, 0.6543187499046326, 0.14251990616321564, 0.9822000861167908, -0.12235664576292038, -0.6392284035682678, 0.18571768701076508, 0.7462546229362488),
            ["RightHand"] = CFrame.new(0, 1.7881393432617188e-07, 6.332993507385254e-08, 0.8222808837890625, 0.29519811272621155, 0.4865308403968811, -0.34174293279647827, 0.9397645592689514, 0.0073827155865728855, -0.45504510402679443, -0.17233909666538239, 0.8736322522163391),
            ["UpperTorso"] = CFrame.new(-2.0489096641540527e-08, -1.1920928955078125e-07, -1.955777406692505e-08, 0.9946237802505493, -0.010856003500521183, 0.10298485308885574, -0.015021979808807373, 0.9688452482223511, 0.24721118807792664, -0.10246005654335022, -0.24742910265922546, 0.963473379611969),
            ["HumanoidRootPart"] = CFrame.new(0, 0, 0, 1, 0, 0, 0, 1, 0, 0, 0, 1),
            ["RightUpperLeg"] = CFrame.new(-2.682209014892578e-07, -5.085021257400513e-07, 2.438173396512866e-08, 0.9984530210494995, 0.05549851804971695, -0.0034053113777190447, -0.05340251699090004, 0.940082848072052, -0.33673807978630066, -0.015487268567085266, 0.3363988697528839, 0.9415921568870544),
            ["LeftUpperArm"] = CFrame.new(-1.1920928955078125e-07, -1.1920928955078125e-07, -8.940696716308594e-08, 0.9584971070289612, 0.1631843000650406, -0.2337823212146759, -0.19473382830619812, 0.973637044429779, -0.11878380179405212, 0.2082354724407196, 0.159379243850708, 0.9650058746337891),
            ["RightLowerArm"] = CFrame.new(5.364418029785156e-07, -1.7881393432617188e-07, -8.940696716308594e-08, 1, -5.494803190231323e-08, -4.284084909045305e-08, 7.450581485102248e-09, 0.9821317791938782, -0.18819469213485718, 1.6763808119435453e-08, 0.18819467723369598, 0.982131838798523),
            ["LeftHand"] = CFrame.new(-5.960464477539063e-08, 2.384185791015625e-07, -3.3155083656311035e-07, 0.9670154452323914, -0.17947179079055786, -0.18075132369995117, 0.19927804172039032, 0.9750298857688904, 0.0980052724480629, 0.15864871442317963, -0.13079234957695007, 0.9786337614059448),
            ["LeftFoot"] = CFrame.new(8.195638656616211e-08, 0, 0, 0.9947190284729004, -0.07726424187421799, 0.06756048649549484, 0.09458955377340317, 0.9456075429916382, -0.3112538754940033, -0.039836984127759933, 0.31600114703178406, 0.9479223489761353),
            ["LowerTorso"] = CFrame.new(-0.007440162356942892, -0.08932018280029297, 0.10825106501579285, 0.6842118501663208, -0.03095284476876259, -0.7286261320114136, -0.02858300507068634, 0.9971930980682373, -0.06920254975557327, 0.7287229895591736, 0.06817552447319031, 0.681406557559967),
