return {
    ["Pumpernickel"] = {
        {Time = 0.000, Data = {
            ["LeftFoot"] = CFrame.new(-3.166496753692627e-08, -5.960464477539063e-08, -1.4901161193847656e-08, 0.9871261715888977, -0.1599435657262802, -0.0002903798595070839, 0.15283410251140594, 0.9437807202339172, -0.2931209206581116, 0.047156866639852524, 0.2893028259277344, 0.9560753107070923),
            ["LeftLowerArm"] = CFrame.new(0.0000014603137969970703, 1.1920928955078125e-07, 0.0000045299530029296875, 1, 1.7508864402770996e-07, 4.6566135836201283e-08, -8.940696716308594e-08, 0.8143735527992249, -0.5803410410881042, -1.2293457984924316e-07, 0.5803409814834595, 0.8143736124038696),
            ["LowerTorso"] = CFrame.new(0.0363878570497036, -0.32674527168273926, 0.18760335445404053, 0.9981133937835693, 0.04434756934642792, 0.04246087744832039, -0.04425762966275215, 0.9990155100822449, -0.003056376241147518, -0.04255461320281029, 0.0011713909916579723, 0.9990934729576111),
            ["Head"] = CFrame.new(7.450580596923828e-08, -8.344650268554688e-07, 4.0978193283081055e-08, 0.9400432109832764, -0.03605100139975548, 0.3391447067260742, 0.21208691596984863, 0.8405370116233826, -0.4985148310661316, -0.26709169149398804, 0.5405533909797668, 0.7977868318557739),
            ["RightUpperArm"] = CFrame.new(0.041698575019836426, -0.039969563484191895, 0.062954843044281, 0.8827206492424011, -0.41081932187080383, -0.2281046211719513, 0.3680309057235718, 0.30261674523353577, 0.8791908025741577, -0.292160302400589, -0.860029399394989, 0.4183201789855957),
            ["UpperTorso"] = CFrame.new(2.8870999813079834e-08, -1.7881393432617188e-07, 3.073364496231079e-08, 0.9444819092750549, 0.09383798390626907, -0.3148784339427948, 0.10356668382883072, 0.8244674801826477, 0.556351900100708, 0.3118138313293457, -0.5580751299858093, 0.7689761519432068),
            ["HumanoidRootPart"] = CFrame.new(0, 0, 0, 1, 0, 0, 0, 1, 0, 0, 0, 1),
            ["RightHand"] = CFrame.new(1.825392246246338e-07, 0.0000011324882507324219, -8.046627044677734e-07, 0.7760320901870728, 0.2634556293487549, -0.5730313658714294, -0.4316551983356476, 0.8843002915382385, -0.17800816893577576, 0.4598349332809448, 0.3854919672012329, 0.7999677062034607),
            ["LeftUpperArm"] = CFrame.new(0.10606014728546143, 0.07816433906555176, 0.06444494426250458, 0.321770042181015, 0.6422557234764099, -0.6956804990768433, -0.6069456934928894, -0.42401576042175293, -0.6721814274787903, -0.726691722869873, 0.6385282278060913, 0.2533787190914154),
            ["RightLowerArm"] = CFrame.new(4.172325134277344e-07, 2.980232238769531e-07, -0.000003553926944732666, 1, 0.0000026822081053978764, 0.000019289554984425195, 0.00001895800232887268, -0.35833603143692017, -0.9335927367210388, 0.000004410743713378906, 0.933592677116394, -0.35833603143692017),
            ["LeftHand"] = CFrame.new(-0.0000010728836059570312, -0.0000013113021850585938, 4.76837158203125e-07, 0.6657270193099976, 0.27431073784828186, 0.693945586681366, -0.16586211323738098, 0.9611120820045471, -0.2208019644021988, -0.7275282740592957, 0.03189466521143913, 0.6853364109992981),
            ["RightUpperLeg"] = CFrame.new(5.960464477539063e-08, -2.715678419917822e-07, 1.9725121092051268e-08, 0.9433064460754395, -0.31831109523773193, -0.09408054500818253, 0.07732558250427246, 0.4863845109939575, -0.8703166246414185, 0.3227907419204712, 0.8137003183364868, 0.4834230840206146),
            ["LeftUpperLeg"] = CFrame.new(2.9802322387695312e-08, -3.252062015235424e-07, 2.3283064365386963e-09, 0.9946352243423462, 0.09986251592636108, -0.026989342644810677, -0.0882069393992424, 0.9550418257713318, 0.2830454111099243, 0.0540415458381176, -0.2791461944580078, 0.9587267637252808),
            ["RightLowerLeg"] = CFrame.new(-1.0803341865539551e-07, -0.0007263422012329102, 0.00004617294325726107, 1, 1.2479728184189298e-07, 4.4470663596030136e-08, -3.91155481338501e-08, 0.42492932081222534, 0.9052265882492065, 1.1734664440155029e-07, -0.9052265882492065, 0.4249293804168701),
            ["RightFoot"] = CFrame.new(1.9837170839309692e-07, -5.960464477539063e-08, -3.183231456205249e-08, 0.996370792388916, 0.058254748582839966, -0.062061771750450134, -0.054028965532779694, 0.9962404370307922, 0.06772064417600632, 0.06577352434396744, -0.06412173062562943, 0.9957722425460815),
            ["LeftLowerLeg"] = CFrame.new(8.847564458847046e-09, -0.0007264614105224609, 0.0000809086486697197, 1, 5.8673322200775146e-08, 4.3306489061478715e-08, -6.007029895727101e-08, 0.7570412158966064, 0.6533672213554382, 2.9802318834981634e-08, -0.6533671617507935, 0.7570412158966064),
        }},
        {Time = 0.032, Data = {
            ["LeftFoot"] = CFrame.new(5.122274160385132e-08, -5.960464477539063e-08, 5.960464477539063e-08, 0.9849129319190979, -0.1724786013364792, 0.014061976224184036, 0.15485240519046783, 0.84214848279953, -0.5165334939956665, 0.07724863290786743, 0.5109179019927979, 0.8561515212059021),
            ["LeftLowerArm"] = CFrame.new(8.642673492431641e-07, -3.5762786865234375e-07, 0.000004976987838745117, 1, 1.5646223516796454e-07, 8.754432911928234e-08, -1.1920930376163597e-07, 0.9250544309616089, -0.3798348009586334, -1.2293459406009788e-07, 0.3798348009586334, 0.9250543713569641),
            ["LowerTorso"] = CFrame.new(0.04371784254908562, -0.4393123388290405, 0.15143635869026184, 0.9967446327209473, 0.02040109597146511, 0.07799968123435974, -0.018099023029208183, 0.9993828535079956, -0.030107790604233742, -0.07856576889753342, 0.028598060831427574, 0.996498703956604),
            ["Head"] = CFrame.new(1.4901161193847656e-08, -9.5367431640625e-07, 1.341104507446289e-07, 0.9315097332000732, -0.03307642787694931, 0.36220940947532654, 0.23929600417613983, 0.8057014346122742, -0.5418329238891602, -0.2739105224609375, 0.5913977026939392, 0.7584335803985596),
            ["RightUpperArm"] = CFrame.new(0.04135686159133911, -0.02442765235900879, 0.054657936096191406, 0.8820472359657288, -0.40397992730140686, -0.24247273802757263, 0.36430007219314575, 0.25839224457740784, 0.8947171568870544, -0.2987944781780243, -0.8775157332420349, 0.3750840723514557),
            ["UpperTorso"] = CFrame.new(-5.122274160385132e-09, 0, 2.7939677238464355e-09, 0.9265082478523254, 0.14923344552516937, -0.3454156816005707, 0.08743550628423691, 0.8074728846549988, 0.5833885669708252, 0.3659748435020447, -0.5707162022590637, 0.73508220911026),
            ["HumanoidRootPart"] = CFrame.new(0, 0, 0, 1, 0, 0, 0, 1, 0, 0, 0, 1),
            ["RightHand"] = CFrame.new(3.986060619354248e-07, 0.0000010728836059570312, -7.450580596923828e-07, 0.8090052008628845, 0.2075604796409607, -0.5499351024627686, -0.42683055996894836, 0.8506871461868286, -0.30683422088623047, 0.4041364789009094, 0.4829595983028412, 0.7768038511276245),
            ["LeftUpperArm"] = CFrame.new(0.10335737466812134, 0.07360315322875977, 0.054591238498687744, 0.2897871434688568, 0.5749267339706421, -0.7651685476303101, -0.5778304934501648, -0.5322316288948059, -0.6187421083450317, -0.7629778981208801, 0.6214408874511719, 0.17797595262527466),
            ["RightLowerArm"] = CFrame.new(2.384185791015625e-07, 3.5762786865234375e-07, -0.000003859400749206543, 1, 0.000002804212272167206, 0.00001930445978359785, 0.00001900643292174209, -0.3650537431240082, -0.9309865236282349, 0.0000043772165554401, 0.9309865236282349, -0.365053653717041),
            ["LeftHand"] = CFrame.new(-0.0000012814998626708984, -0.0000012516975402832031, 2.384185791015625e-07, 0.6419666409492493, 0.23955118656158447, 0.7283497452735901, -0.09345848113298416, 0.9673049449920654, -0.23576857149600983, -0.7610154151916504, 0.08328524231910706, 0.6433660984039307),
            ["RightUpperLeg"] = CFrame.new(0, -5.122274160385132e-08, 2.029992174357176e-09, 0.9388344883918762, -0.33074313402175903, -0.09591027349233627, 0.07006220519542694, 0.4561348557472229, -0.8871484398841858, 0.33716627955436707, 0.8261658549308777, 0.45140764117240906),
            ["LeftUpperLeg"] = CFrame.new(0, 2.2817403078079224e-08, 1.1175870895385742e-08, 0.9880509376525879, 0.1483839750289917, -0.0416850820183754, -0.12594765424728394, 0.9332016706466675, 0.33655890822410583, 0.0888405442237854, -0.3272871673107147, 0.9407392740249634),
            ["RightLowerLeg"] = CFrame.new(-2.9802322387695312e-08, -0.000726163387298584, 0.00004616176738636568, 1, 1.4528639269428822e-07, 3.2363466573315236e-08, -1.2852251529693604e-07, 0.39081016182899475, 0.9204713106155396, 9.313225746154785e-08, -0.9204713106155396, 0.3908102810382843),
            ["RightFoot"] = CFrame.new(7.450580596923828e-08, -1.1920928955078125e-07, 2.4047039914876223e-08, 0.998968780040741, 0.04399636760354042, -0.011209860444068909, -0.04498523473739624, 0.9925328493118286, -0.11337929219007492, 0.00613793358206749, 0.11376666277647018, 0.9934885501861572),
            ["LeftLowerLeg"] = CFrame.new(6.891787052154541e-08, -0.0007265806198120117, 0.00008101016283035278, 1, 4.00468671557519e-08, 2.630985918017359e-08, -6.472691893577576e-08, 0.7004181742668152, 0.7137329578399658, 2.8870999813079834e-08, -0.7137327194213867, 0.7004180550575256),
        }},
        {Time = 0.065, Data = {
            ["LeftFoot"] = CFrame.new(9.546056389808655e-08, -5.960464477539063e-08, 2.2351741790771484e-08, 0.9814475178718567, -0.19151708483695984, 0.009061343036592007, 0.14848609268665314, 0.7293318510055542, -0.6678525805473328, 0.12129651010036469, 0.6568076610565186, 0.7442384362220764),
            ["LeftLowerArm"] = CFrame.new(0.0000014007091522216797, -4.76837158203125e-07, 0.000004678964614868164, 1, 1.8172431737184525e-07, 2.60770320892334e-08, -1.341104507446289e-07, 0.9487044215202332, -0.3161645829677582, -6.332993507385254e-08, 0.3161645531654358, 0.9487043619155884),
            ["LowerTorso"] = CFrame.new(0.05120871216058731, -0.5347803831100464, 0.10874447971582413, 0.9905773401260376, -0.012804069556295872, 0.1363552063703537, 0.017144763842225075, 0.9993813633918762, -0.03070703148841858, -0.13587768375873566, 0.03275546059012413, 0.9901840686798096),
            ["Head"] = CFrame.new(-1.4901161193847656e-08, -7.152557373046875e-07, 1.1920928955078125e-07, 0.9215246438980103, -0.035655710846185684, 0.38667964935302734, 0.2668454051017761, 0.7815647721290588, -0.5638709664344788, -0.28210994601249695, 0.6228044629096985, 0.7297455072402954),
            ["RightUpperArm"] = CFrame.new(0.03570204973220825, -0.010502099990844727, 0.047431185841560364, 0.887676477432251, -0.4020964503288269, -0.22438570857048035, 0.35689666867256165, 0.29288867115974426, 0.8870406150817871, -0.29095590114593506, -0.8674875497817993, 0.40349727869033813),
            ["UpperTorso"] = CFrame.new(1.30385160446167e-08, 2.384185791015625e-07, -1.1641532182693481e-08, 0.8952695727348328, 0.22351586818695068, -0.3853999972343445, 0.05203885957598686, 0.8066635727882385, 0.5887153744697571, 0.4424753487110138, -0.5471147298812866, 0.7105499505996704),
            ["HumanoidRootPart"] = CFrame.new(0, 0, 0, 1, 0, 0, 0, 1, 0, 0, 0, 1),
            ["RightHand"] = CFrame.new(1.5273690223693848e-07, 0.0000011920928955078125, -7.599592208862305e-07, 0.8390264511108398, 0.17022143304347992, -0.516777515411377, -0.4115141034126282, 0.8198794722557068, -0.39806294441223145, 0.3559367060661316, 0.5466465950012207, 0.7579492330551147),
            ["LeftUpperArm"] = CFrame.new(0.09488505125045776, 0.055881500244140625, 0.04645630717277527, 0.3652651607990265, 0.5587889552116394, -0.7445377111434937, -0.5194812417030334, -0.5413329601287842, -0.6611340045928955, -0.7724769711494446, 0.628262460231781, 0.09255027025938034),
            ["RightLowerArm"] = CFrame.new(2.980232238769531e-07, 4.172325134277344e-07, -0.000003814697265625, 1, 0.0000013932585716247559, 0.000019449747924227268, 0.00001898035770864226, -0.2942672669887543, -0.9557232856750488, 0.000004403294042276684, 0.955723226070404, -0.2942672669887543),
            ["LeftHand"] = CFrame.new(-0.0000017881393432617188, -0.0000011324882507324219, 3.2782554626464844e-07, 0.7059096097946167, 0.19380012154579163, 0.6812726855278015, -0.06955040246248245, 0.9761574268341064, -0.20561978220939636, -0.7048789262771606, 0.09776632487773895, 0.7025582790374756),
            ["RightUpperLeg"] = CFrame.new(5.960464477539063e-08, 2.986053004860878e-07, -5.420588422566652e-09, 0.913000226020813, -0.3897281289100647, -0.12059333920478821, 0.04951465502381325, 0.39927637577056885, -0.9154927134513855, 0.4049433171749115, 0.8298737406730652, 0.3838365375995636),
            ["LeftUpperLeg"] = CFrame.new(-8.940696716308594e-08, 1.5692785382270813e-07, -3.725290298461914e-09, 0.9731369018554688, 0.22048716247081757, -0.06625808775424957, -0.18537811934947968, 0.9210790395736694, 0.34241580963134766, 0.1365271955728531, -0.32093459367752075, 0.9372093677520752),
            ["RightLowerLeg"] = CFrame.new(-8.195638656616211e-08, -0.0007261037826538086, 0.00004639273538487032, 1, 1.564623062222381e-07, 1.862645815364772e-09, -8.754435043556441e-08, 0.2890070080757141, 0.9573270678520203, 1.2665991278026922e-07, -0.9573270082473755, 0.28900694847106934),
            ["RightFoot"] = CFrame.new(1.4062970876693726e-07, -3.5762786865234375e-07, -3.3694959711283445e-08, 0.9976425766944885, 0.05217951908707619, 0.04457130655646324, -0.04188675060868263, 0.9774883389472961, -0.20679013431072235, -0.054358143359422684, 0.20443546772003174, 0.9773695468902588),
            ["LeftLowerLeg"] = CFrame.new(1.5599653124809265e-08, -0.0007266998291015625, 0.0000809207558631897, 1, 7.986093208955936e-08, 5.7043514800625417e-08, -5.4249539971351624e-08, 0.6273202300071716, 0.7787615060806274, 8.614733815193176e-08, -0.7787615060806274, 0.6273201704025269),
        }},
        {Time = 0.097, Data = {
            ["LeftFoot"] = CFrame.new(-7.264316082000732e-08, -5.960464477539063e-08, 0, 0.9739786982536316, -0.22333163022994995, -0.03858310729265213, 0.14022120833396912, 0.7275464534759521, -0.6715760827064514, 0.17805518209934235, 0.6486904621124268, 0.7399304509162903),
            ["LeftLowerArm"] = CFrame.new(0.0000016689300537109375, -1.7881393432617188e-07, 0.000004827976226806641, 1, 1.3783574104309082e-07, -3.725290298461914e-09, -1.393491544376957e-07, 0.9035845994949341, -0.42840972542762756, -7.078052277620372e-08, 0.42840972542762756, 0.9035845994949341),
            ["LowerTorso"] = CFrame.new(0.06754346191883087, -0.5703214406967163, 0.08172841370105743, 0.9745432734489441, -0.03974110260605812, 0.2206493467092514, 0.04227953404188156, 0.9990828037261963, -0.006791694089770317, -0.2201770395040512, 0.015947749838232994, 0.975329577922821),
            ["Head"] = CFrame.new(-1.4901161193847656e-08, -5.960464477539062e-07, -9.685754776000977e-08, 0.913104772567749, -0.024505726993083954, 0.4069879651069641, 0.27598658204078674, 0.7718986868858337, -0.5727166533470154, -0.3001185655593872, 0.6352730989456177, 0.7115872502326965),
            ["RightUpperArm"] = CFrame.new(0.032435059547424316, -0.016696691513061523, 0.04306565225124359, 0.8943456411361694, -0.4150193929672241, -0.16704700887203217, 0.3274975121021271, 0.352966845035553, 0.8764474391937256, -0.304780513048172, -0.8385542631149292, 0.45159196853637695),
            ["UpperTorso"] = CFrame.new(5.587935447692871e-09, 2.682209014892578e-07, 2.7939677238464355e-09, 0.8417275547981262, 0.28817638754844666, -0.4565623700618744, 0.03972078114748001, 0.8102933168411255, 0.5846768617630005, 0.5384395718574524, -0.5102736353874207, 0.6705995202064514),
            ["HumanoidRootPart"] = CFrame.new(0, 0, 0, 1, 0, 0, 0, 1, 0, 0, 0, 1),
            ["RightHand"] = CFrame.new(2.1606683731079102e-07, 8.344650268554688e-07, -8.088536560535431e-07, 0.8835980892181396, 0.13126255571842194, -0.4494708180427551, -0.3637126088142395, 0.79695063829422, -0.482268750667572, 0.2949025332927704, 0.5896098613739014, 0.7519261837005615),
            ["LeftUpperArm"] = CFrame.new(0.09067898988723755, 0.03495931625366211, 0.0420285165309906, 0.49952274560928345, 0.5817086100578308, -0.6419440507888794, -0.4120479226112366, -0.49228814244270325, -0.7667263150215149, -0.7620325684547424, 0.6475088000297546, -0.006217301823198795),
            ["RightLowerArm"] = CFrame.new(3.2782554626464844e-07, 5.960464477539062e-07, -0.000004522502422332764, 1, -2.5751072030288924e-07, 0.000019487581084831618, 0.000018984081179951318, -0.2135571837425232, -0.9769306182861328, 0.000004399568297230871, 0.976930558681488, -0.213557168841362),
            ["LeftHand"] = CFrame.new(-0.0000016391277313232422, -0.0000012516975402832031, 1.7881393432617188e-07, 0.826777994632721, 0.16082283854484558, 0.539048969745636, -0.09946157038211823, 0.9849568605422974, -0.14130625128746033, -0.5536656379699707, 0.06321433931589127, 0.8303365111351013),
            ["RightUpperLeg"] = CFrame.new(2.9802322387695312e-08, 1.5425030142068863e-07, -4.489265847951174e-09, 0.8604395985603333, -0.47629886865615845, -0.1810609996318817, 0.01725430227816105, 0.3823641240596771, -0.9238507151603699, 0.509260356426239, 0.7917935252189636, 0.33721935749053955),
            ["LeftUpperLeg"] = CFrame.new(-2.9802322387695312e-08, -1.0710209608078003e-08, -1.3969838619232178e-08, 0.9449694752693176, 0.2951643168926239, -0.14110544323921204, -0.2551499605178833, 0.934864342212677, 0.24683444201946259, 0.2047709971666336, -0.1972479671239853, 0.9587294459342957),
            ["RightLowerLeg"] = CFrame.new(5.21540641784668e-08, -0.0007264018058776855, 0.000045796688937116414, 1, 1.713633963618122e-07, 7.590279693658886e-08, -1.1920930376163597e-07, 0.23634545505046844, 0.97166907787323, 1.0430814256778831e-07, -0.9716691374778748, 0.23634552955627441),
            ["RightFoot"] = CFrame.new(1.5925616025924683e-07, -5.960464477539063e-08, -8.77116690389812e-08, 0.9955918192863464, 0.05151553452014923, 0.07837805151939392, -0.03603842481970787, 0.9816197156906128, -0.1874139904975891, -0.08659220486879349, 0.18376310169696808, 0.9791491627693176),
            ["LeftLowerLeg"] = CFrame.new(3.3993273973464966e-08, -0.0007268190383911133, 0.0000809989869594574, 1, 1.1175872316471214e-07, -1.4435496353826238e-08, -6.938353180885315e-08, 0.4927981197834015, 0.8701438307762146, 9.313225746154785e-09, -0.8701437711715698, 0.49279800057411194),
        }},
        {Time = 0.129, Data = {
            ["LeftFoot"] = CFrame.new(3.725290298461914e-08, -1.7881393432617188e-07, 8.940696716308594e-08, 0.965575098991394, -0.23213379085063934, -0.11738299578428268, 0.12962555885314941, 0.8206258416175842, -0.5565704107284546, 0.2255263477563858, 0.5221946239471436, 0.8224661350250244),
            ["LeftLowerArm"] = CFrame.new(0.0000014901161193847656, -2.384185791015625e-07, 0.000005066394805908203, 1, 1.49011640360186e-07, 2.2351741790771484e-08, -1.3411049337719305e-07, 0.8201362490653992, -0.5721683502197266, -1.192093321833454e-07, 0.5721684098243713, 0.8201361894607544),
            ["LowerTorso"] = CFrame.new(0.08613437414169312, -0.5422302484512329, 0.06634099781513214, 0.9669818878173828, -0.06196022778749466, 0.24719834327697754, 0.05340290814638138, 0.9977236390113831, 0.04117962718009949, -0.24918712675571442, -0.026618843898177147, 0.9680895209312439),
            ["Head"] = CFrame.new(1.4901161193847656e-08, -7.152557373046875e-07, -5.21540641784668e-08, 0.9056184887886047, -0.017588138580322266, 0.42372849583625793, 0.2749066948890686, 0.7851424217224121, -0.5549577474594116, -0.32292652130126953, 0.619065523147583, 0.715874433517456),
            ["RightUpperArm"] = CFrame.new(0.02817249298095703, -0.03081345558166504, 0.04009063541889191, 0.8878478407859802, -0.45749157667160034, -0.049271248281002045, 0.26907503604888916, 0.4293402135372162, 0.862128734588623, -0.373262494802475, -0.7786967158317566, 0.5042881369590759),
            ["UpperTorso"] = CFrame.new(-2.1420419216156006e-08, 0, -6.51925802230835e-09, 0.8118223547935486, 0.3066955804824829, -0.4968726634979248, 0.03571246936917305, 0.8232755064964294, 0.5665178894996643, 0.5828114748001099, -0.4776560366153717, 0.6574003100395203),
            ["HumanoidRootPart"] = CFrame.new(0, 0, 0, 1, 0, 0, 0, 1, 0, 0, 0, 1),
            ["RightHand"] = CFrame.new(2.0116567611694336e-07, 0.0000010132789611816406, -8.270144462585449e-07, 0.9514485597610474, 0.0597885362803936, -0.30194488167762756, -0.2347218096256256, 0.775524377822876, -0.5860608220100403, 0.19912615418434143, 0.628480076789856, 0.7519055604934692),
            ["LeftUpperArm"] = CFrame.new(0.0857439637184143, 0.006920814514160156, 0.039312198758125305, 0.5985997319221497, 0.6018063426017761, -0.5286843776702881, -0.3117453157901764, -0.4329454302787781, -0.8457974791526794, -0.7378978729248047, 0.6711090803146362, -0.07155061513185501),
            ["RightLowerArm"] = CFrame.new(5.364418029785156e-07, 4.172325134277344e-07, -0.0000037103891372680664, 1, -0.000002444022584313643, 0.000019336124751134776, 0.00001898501068353653, -0.10088545083999634, -0.9948980808258057, 0.000004382804036140442, 0.9948980808258057, -0.10088545829057693),
            ["LeftHand"] = CFrame.new(-0.0000012814998626708984, -0.0000011920928955078125, 5.364418029785156e-07, 0.9104462265968323, 0.13026712834835052, 0.39257848262786865, -0.10638301074504852, 0.9909302592277527, -0.08209751546382904, -0.39971280097961426, 0.03298167511820793, 0.9160469770431519),
            ["RightUpperLeg"] = CFrame.new(5.960464477539063e-08, -3.962777554988861e-07, -1.6596459317952394e-08, 0.8329295516014099, -0.49640271067619324, -0.24456652998924255, -0.030195336788892746, 0.40052327513694763, -0.915789008140564, 0.5525546073913574, 0.7701723575592041, 0.31861838698387146),
            ["LeftUpperLeg"] = CFrame.new(-5.960464477539063e-08, -2.2118911147117615e-07, -1.4901161193847656e-08, 0.9270856380462646, 0.334869384765625, -0.1684480607509613, -0.3161099851131439, 0.9399390816688538, 0.12879803776741028, 0.20146147906780243, -0.06615862995386124, 0.977259635925293),
            ["RightLowerLeg"] = CFrame.new(6.332993507385254e-08, -0.0007262229919433594, 0.00004606118454830721, 1, 1.4714902363266447e-07, 4.284085264316673e-08, -1.0337680578231812e-07, 0.2694246470928192, 0.9630215167999268, 1.3783574104309082e-07, -0.9630215764045715, 0.26942476630210876),
            ["RightFoot"] = CFrame.new(1.7601996660232544e-07, -5.960464477539063e-08, -1.1006341082975268e-07, 0.9940429925918579, 0.03702289238572121, 0.10250812023878098, -0.020613517612218857, 0.9874255061149597, -0.15673552453517914, -0.10702183842658997, 0.1536886841058731, 0.9823065400123596),
            ["LeftLowerLeg"] = CFrame.new(-6.51925802230835e-08, -0.0007264614105224609, 0.00008097663521766663, 1, 6.519259443393821e-08, 2.2817406630792902e-08, -1.0244549741855735e-07, 0.41305360198020935, 0.9107068777084351, 8.195639367158947e-08, -0.9107068181037903, 0.4130534529685974),
        }},
        {Time = 0.161, Data = {
            ["LeftFoot"] = CFrame.new(-7.078051567077637e-08, -1.1920928955078125e-07, 1.4901161193847656e-08, 0.9591429829597473, -0.1670050173997879, -0.22837240993976593, 0.11302671581506729, 0.96616530418396, -0.23183977603912354, 0.2593640387058258, 0.19655543565750122, 0.945566713809967),
            ["LeftLowerArm"] = CFrame.new(8.940696716308594e-07, -4.172325134277344e-07, 0.000004947185516357422, 1, 1.4156103134155273e-07, 3.725290653733282e-08, -8.940696716308594e-08, 0.714158296585083, -0.6999842524528503, -1.043081283569336e-07, 0.6999842524528503, 0.7141583561897278),
            ["LowerTorso"] = CFrame.new(0.1041526347398758, -0.4554365873336792, 0.062335386872291565, 0.9796567559242249, -0.07336515188217163, 0.18678970634937286, 0.05165502429008484, 0.9916030168533325, 0.11855532974004745, -0.19391906261444092, -0.10649489611387253, 0.9752201437950134),
            ["Head"] = CFrame.new(1.4901161193847656e-08, -5.960464477539062e-07, 5.21540641784668e-08, 0.8999660611152649, -0.010783356614410877, 0.43582648038864136, 0.262115478515625, 0.8122097849845886, -0.5211629867553711, -0.3483627438545227, 0.5832657814025879, 0.7337877750396729),
            ["RightUpperArm"] = CFrame.new(0.02045530080795288, -0.04441177845001221, 0.03485517203807831, 0.8426353931427002, -0.5247080326080322, 0.12102443724870682, 0.18329106271266937, 0.4908105432987213, 0.851768434047699, -0.5063298940658569, -0.6955475807189941, 0.509748637676239),
            ["UpperTorso"] = CFrame.new(-5.587935447692871e-09, -2.682209014892578e-07, -1.955777406692505e-08, 0.8311149477958679, 0.26200419664382935, -0.4905116856098175, 0.03384384140372276, 0.8565895557403564, 0.5148873925209045, 0.5550698041915894, -0.4445313513278961, 0.7030571103096008),
            ["HumanoidRootPart"] = CFrame.new(0, 0, 0, 1, 0, 0, 0, 1, 0, 0, 0, 1),
            ["RightHand"] = CFrame.new(1.564621925354004e-07, 0.0000014901161193847656, -7.599592208862305e-07, 0.9864149689674377, -0.05655291676521301, -0.15423111617565155, -0.037381742149591446, 0.8369654417037964, -0.5459774732589722, 0.15996290743350983, 0.5443258881568909, 0.8234812617301941),
            ["LeftUpperArm"] = CFrame.new(0.07738935947418213, -0.028829097747802734, 0.034462764859199524, 0.6410222053527832, 0.6225954294204712, -0.4488489329814911, -0.27607324719429016, -0.35862743854522705, -0.891723096370697, -0.7161523699760437, 0.6955295205116272, -0.058006204664707184),
            ["RightLowerArm"] = CFrame.new(1.7881393432617188e-07, 4.76837158203125e-07, -0.000003816559910774231, 1, -0.000004408414497447666, 0.000018976050341734663, 0.00001896941103041172, 0.0014714569551870227, -0.9999989867210388, 0.000004377681761980057, 0.999998927116394, 0.0014714321587234735),
            ["LeftHand"] = CFrame.new(-0.0000014901161193847656, -0.0000012516975402832031, 1.7881393432617188e-07, 0.9439908862113953, 0.11309634894132614, 0.30998411774635315, -0.09770648926496506, 0.9931043982505798, -0.06478573381900787, -0.3151739835739136, 0.030869781970977783, 0.9485318660736084),
            ["RightUpperLeg"] = CFrame.new(-2.9802322387695312e-08, -2.5099143385887146e-07, -1.4733814168721437e-08, 0.8618152737617493, -0.42029309272766113, -0.2839510440826416, -0.09231174737215042, 0.4205018877983093, -0.9025835394859314, 0.49875155091285706, 0.8040720820426941, 0.32359668612480164),
            ["LeftUpperLeg"] = CFrame.new(0, -2.1979212760925293e-07, 7.450580596923828e-09, 0.932502031326294, 0.33651646971702576, -0.13113583624362946, -0.3476228713989258, 0.9347777962684631, -0.07313583046197891, 0.09797154366970062, 0.11378506571054459, 0.9886630773544312),
            ["RightLowerLeg"] = CFrame.new(-6.146728992462158e-08, -0.0007264018058776855, 0.000046090986870694906, 1, 1.8440186977386475e-07, 2.060551729243798e-08, -7.636844401304188e-08, 0.41229507327079773, 0.9110502004623413, 1.164153076160801e-07, -0.9110503792762756, 0.41229546070098877),
            ["RightFoot"] = CFrame.new(5.168840289115906e-08, -5.960464477539063e-08, 8.737697498872876e-08, 0.9945452809333801, 0.009812633506953716, 0.10384371131658554, -0.0017999644624069333, 0.9970315098762512, -0.07697440683841705, -0.10429082065820694, 0.07636768370866776, 0.991610586643219),
            ["LeftLowerLeg"] = CFrame.new(1.955777406692505e-08, -0.0007265210151672363, 0.00008103065192699432, 1, 6.705522537231445e-08, 4.656613938891496e-08, -9.941867062934762e-08, 0.32603341341018677, 0.9453582763671875, 6.891786341611805e-08, -0.9453582763671875, 0.3260335326194763),
        }},
        {Time = 0.194, Data = {
            ["LeftFoot"] = CFrame.new(8.195638656616211e-08, -1.1920928955078125e-07, 2.9802322387695312e-08, 0.9608544111251831, -0.051458388566970825, -0.27223315834999084, 0.10222778469324112, 0.9791144132614136, 0.17574012279510498, 0.2575041651725769, -0.1966904103755951, 0.9460468888282776),
            ["LeftLowerArm"] = CFrame.new(0.0000011026859283447266, -1.1920928955078125e-07, 0.00000476837158203125, 1, 1.2293459406009788e-07, -3.5390257835388184e-08, -8.195637946073475e-08, 0.6130723357200623, -0.7900267839431763, -1.1920927533992653e-07, 0.790026843547821, 0.6130723357200623),
            ["LowerTorso"] = CFrame.new(0.12265968322753906, -0.35005950927734375, 0.06277088820934296, 0.9930058717727661, -0.0510542094707489, 0.10645566135644913, 0.03026464208960533, 0.9816145896911621, 0.188459575176239, -0.11412005871534348, -0.18391959369182587, 0.976294219493866),
            ["Head"] = CFrame.new(0, -7.152557373046875e-07, -6.705522537231445e-08, 0.9049361944198608, 0.007302784360945225, 0.42548486590385437, 0.2264464795589447, 0.838274359703064, -0.4960021674633026, -0.3602950870990753, 0.5451997518539429, 0.756930947303772),
            ["RightUpperArm"] = CFrame.new(0.013262152671813965, -0.05875682830810547, 0.022447794675827026, 0.821540355682373, -0.5251660943031311, 0.2219732403755188, 0.13278637826442719, 0.5548563599586487, 0.8212807774543762, -0.5544719696044922, -0.645240306854248, 0.525571882724762),
            ["UpperTorso"] = CFrame.new(-1.0710209608078003e-08, 5.960464477539063e-08, 3.073364496231079e-08, 0.8679245114326477, 0.16996634006500244, -0.46671056747436523, 0.06541651487350464, 0.8923289179801941, 0.44662052392959595, 0.49236947298049927, -0.4181632995605469, 0.7633553743362427),
            ["HumanoidRootPart"] = CFrame.new(0, 0, 0, 1, 0, 0, 0, 1, 0, 0, 0, 1),
            ["RightHand"] = CFrame.new(2.421438694000244e-07, 0.0000011324882507324219, -8.270144462585449e-07, 0.9966056942939758, -0.0795229896903038, -0.021287191659212112, 0.07107201218605042, 0.9616285562515259, -0.26498913764953613, 0.0415431372821331, 0.2625768184661865, 0.9640164971351624),
            ["LeftUpperArm"] = CFrame.new(0.07007455825805664, -0.054525017738342285, 0.02225722372531891, 0.6495620012283325, 0.6373469829559326, -0.41455766558647156, -0.3183855712413788, -0.2671211361885071, -0.9095476865768433, -0.690434455871582, 0.7227967381477356, 0.029410358518362045),
            ["RightLowerArm"] = CFrame.new(2.086162567138672e-07, 3.5762786865234375e-07, -0.0000041476450860500336, 1, -0.000004934146545565454, 0.000018869999621529132, 0.000018983731933985837, 0.029437027871608734, -0.9995667338371277, 0.000004376750894152792, 0.9995666146278381, 0.029437027871608734),
            ["LeftHand"] = CFrame.new(-0.0000013262033462524414, -0.000001430511474609375, 0, 0.9445281028747559, 0.1295018494129181, 0.30182063579559326, -0.1157768964767456, 0.9912747740745544, -0.06300939619541168, -0.30734729766845703, 0.024570386856794357, 0.9512803554534912),
            ["RightUpperLeg"] = CFrame.new(-2.9802322387695312e-08, -7.601920515298843e-08, 2.8107024263590574e-08, 0.901641845703125, -0.33568838238716125, -0.27268216013908386, -0.1204143688082695, 0.41071775555610657, -0.9037763476371765, 0.4153824746608734, 0.8477171063423157, 0.3298981785774231),
            ["LeftUpperLeg"] = CFrame.new(-5.960464477539063e-08, -7.264316082000732e-08, 2.9802322387695312e-08, 0.951035737991333, 0.2979215085506439, -0.08230321854352951, -0.3080875873565674, 0.8924193978309631, -0.3296511769294739, -0.024761108681559563, 0.33886653184890747, 0.9405085444450378),
            ["RightLowerLeg"] = CFrame.new(-5.122274160385132e-08, -0.0007262825965881348, 0.00004621019616024569, 1, 1.1257363041750068e-07, 2.5968814654220296e-08, -4.051254620662803e-08, 0.5534989833831787, 0.8328496813774109, 9.313229298868464e-08, -0.8328498601913452, 0.5534994006156921),
            ["RightFoot"] = CFrame.new(2.2957101464271545e-07, 1.1920928955078125e-07, -3.5863195080310106e-08, 0.994966447353363, -0.027508195489645004, 0.09635979682207108, 0.013462899252772331, 0.9895613789558411, 0.14348207414150238, -0.09930076450109482, -0.14146268367767334, 0.9849506616592407),
            ["LeftLowerLeg"] = CFrame.new(-4.362664185464382e-08, -0.0007266998291015625, 0.00008097756654024124, 1, 1.0617073797902776e-07, 7.823110337312755e-08, -5.21540641784668e-08, 0.23292064666748047, 0.9724956750869751, 5.960464477539063e-08, -0.9724957346916199, 0.23292092978954315),
        }},
        {Time = 0.226, Data = {
            ["LeftFoot"] = CFrame.new(5.587935447692871e-08, -2.384185791015625e-07, 8.940696716308594e-08, 0.9753162264823914, -0.012633642181754112, -0.2204512357711792, 0.09003909677267075, 0.934346616268158, 0.34480366110801697, 0.2016216665506363, -0.35614171624183655, 0.9124208092689514),
            ["LeftLowerArm"] = CFrame.new(0.0000012814998626708984, -4.172325134277344e-07, 0.000004827976226806641, 1, 8.940696716308594e-08, -2.0489103746967885e-08, -8.940698137394065e-08, 0.49973827600479126, -0.8661765456199646, -1.2293459406009788e-07, 0.8661764860153198, 0.49973827600479126),
            ["LowerTorso"] = CFrame.new(0.13909895718097687, -0.23877441883087158, 0.07238507270812988, 0.999633252620697, 0.0008120076381601393, 0.027069400995969772, -0.006979214493185282, 0.9735120534896851, 0.22852949798107147, -0.026166819036006927, -0.22863461077213287, 0.9731605648994446),
            ["Head"] = CFrame.new(4.470348358154297e-08, -8.344650268554688e-07, 2.2351741790771484e-08, 0.9219074845314026, 0.041856806725263596, 0.38514259457588196, 0.16701257228851318, 0.8540825843811035, -0.49259522557258606, -0.3495618402957916, 0.5184504985809326, 0.7803941965103149),
            ["RightUpperArm"] = CFrame.new(0.007931530475616455, -0.07013487815856934, 0.004472464323043823, 0.9039957523345947, -0.385617196559906, 0.1846381425857544, 0.1537761241197586, 0.6962203979492188, 0.7011637091636658, -0.39892929792404175, -0.605455756187439, 0.6886786818504333),
            ["UpperTorso"] = CFrame.new(-2.2293534129858017e-08, -2.9802322387695312e-08, -1.210719347000122e-08, 0.9064998030662537, 0.04343867301940918, -0.4199655055999756, 0.13947756588459015, 0.9080377221107483, 0.3949856162071228, 0.39850232005119324, -0.4166300892829895, 0.8170773386955261),
            ["HumanoidRootPart"] = CFrame.new(0, 0, 0, 1, 0, 0, 0, 1, 0, 0, 0, 1),
            ["RightHand"] = CFrame.new(1.9278377294540405e-07, 0.0000010132789611816406, -7.320195436477661e-07, 0.9771949648857117, 0.09768465161323547, 0.1885407269001007, -0.0428549163043499, 0.9603580236434937, -0.2754559814929962, -0.2079746574163437, 0.2610943615436554, 0.9426432847976685),
            ["LeftUpperArm"] = CFrame.new(0.06479734182357788, -0.05937492847442627, 0.003649294376373291, 0.6216106414794922, 0.6702994704246521, -0.4053383767604828, -0.4711698591709137, -0.09343574196100235, -0.8770797848701477, -0.6257787942886353, 0.7361850738525391, 0.2577441334724426),
            ["RightLowerArm"] = CFrame.new(0, 6.556510925292969e-07, -0.000003887340426445007, 1, -0.000004560686647891998, 0.000018945898773381487, 0.000019004570276592858, 0.010440820828080177, -0.9999455213546753, 0.000004382804490887793, 0.9999455213546753, 0.010440788231790066),
            ["LeftHand"] = CFrame.new(-0.0000017210841178894043, -9.5367431640625e-07, 1.7881393432617188e-07, 0.9026068449020386, 0.20505179464817047, 0.37848955392837524, -0.1744067519903183, 0.978057324886322, -0.1139577105641365, -0.3935522139072418, 0.0368480458855629, 0.9185637831687927),
            ["RightUpperLeg"] = CFrame.new(-5.960464477539063e-08, -8.550705388188362e-08, 5.418405635282397e-08, 0.9403288960456848, -0.2666777968406677, -0.21133968234062195, -0.09642039239406586, 0.3868105113506317, -0.9171046018600464, 0.3263198733329773, 0.8827573657035828, 0.3380157947540283),
            ["LeftUpperLeg"] = CFrame.new(-2.9802322387695312e-08, -3.2567186281085014e-08, 4.377216100692749e-08, 0.9743031859397888, 0.22509467601776123, -0.008100753650069237, -0.19233518838882446, 0.8127128481864929, -0.5500045418739319, -0.11721952259540558, 0.5374293923377991, 0.8351224660873413),
            ["RightLowerLeg"] = CFrame.new(-1.1175870895385742e-08, -0.0007262825965881348, 0.00004601648106472567, 1, 1.1548399925231934e-07, -5.867334351705722e-08, -1.0523943672069436e-07, 0.6508796811103821, 0.7591808438301086, 5.774199252073231e-08, -0.7591809034347534, 0.6508798003196716),
            ["RightFoot"] = CFrame.new(2.4586915969848633e-07, 1.7881393432617188e-07, 2.032174961641431e-08, 0.9956579804420471, -0.06052267178893089, 0.07072695344686508, 0.01833488792181015, 0.8724095225334167, 0.4884312152862549, -0.09126394242048264, -0.4850139915943146, 0.8697314262390137),
            ["LeftLowerLeg"] = CFrame.new(-4.284083843231201e-08, -0.0007265210151672363, 0.00008093751966953278, 1, 7.264316792543468e-08, 7.823111758398227e-08, -9.685756197086448e-08, 0.16046136617660522, 0.9870421886444092, 5.401671643312511e-08, -0.9870421886444092, 0.16046136617660522),
        }},
        {Time = 0.258, Data = {
            ["LeftFoot"] = CFrame.new(-5.4016709327697754e-08, -2.384185791015625e-07, -4.470348358154297e-08, 0.9892411231994629, -0.033247899264097214, -0.14246658980846405, 0.08104033768177032, 0.9353030323982239, 0.34444326162338257, 0.1217973604798317, -0.35228240489959717, 0.9279343485832214),
            ["LeftLowerArm"] = CFrame.new(0.0000015795230865478516, -2.980232238769531e-07, 0.000004589557647705078, 1, 1.2479722499847412e-07, -3.725290653733282e-08, -5.960465188081798e-08, 0.3217371106147766, -0.946829080581665, -7.450581307466564e-08, 0.946829080581665, 0.3217369616031647),
            ["LowerTorso"] = CFrame.new(0.1416437178850174, -0.13976836204528809, 0.09149706363677979, 0.9990073442459106, 0.01180469524115324, -0.04295315220952034, -0.0009771290933713317, 0.9698231816291809, 0.24380765855312347, 0.04453503340482712, -0.24352364242076874, 0.9688719511032104),
            ["Head"] = CFrame.new(1.4901161193847656e-08, -4.76837158203125e-07, -8.195638656616211e-08, 0.9503327012062073, 0.06161833554506302, 0.30507543683052063, 0.11351515352725983, 0.8440640568733215, -0.5240899920463562, -0.2897966504096985, 0.5326904654502869, 0.7951469421386719),
            ["RightUpperArm"] = CFrame.new(-0.00632786750793457, -0.061757445335388184, -0.006376475095748901, 0.9658668041229248, -0.23995059728622437, 0.09759585559368134, 0.16828584671020508, 0.8676658272743225, 0.4677993953227997, -0.19692912697792053, -0.4354076087474823, 0.8784297704696655),
            ["UpperTorso"] = CFrame.new(-2.4097971618175507e-08, -2.384185791015625e-07, -4.842877388000488e-08, 0.9512931108474731, -0.02750394679605961, -0.3070586025714874, 0.15870356559753418, 0.8975875377655029, 0.41127774119377136, 0.2643001973628998, -0.4399775266647339, 0.8582340478897095),
            ["HumanoidRootPart"] = CFrame.new(0, 0, 0, 1, 0, 0, 0, 1, 0, 0, 0, 1),
            ["RightHand"] = CFrame.new(9.281211532652378e-08, 0.0000010132789611816406, -0.0000010132789611816406, 0.9199427962303162, 0.26837244629859924, 0.28579914569854736, -0.1996082365512848, 0.9480437636375427, -0.24772940576076508, -0.33743420243263245, 0.1708490550518036, 0.9257153868675232),
            ["LeftUpperArm"] = CFrame.new(0.05048394203186035, -0.06580519676208496, -0.006006255745887756, 0.6228277087211609, 0.6959269046783447, -0.3574511408805847, -0.6519675850868225, 0.20913153886795044, -0.7288364768028259, -0.43246275186538696, 0.6869860887527466, 0.5839744210243225),
            ["RightLowerArm"] = CFrame.new(2.682209014892578e-07, 4.76837158203125e-07, -0.000004038214683532715, 1, -0.000002605665713417693, 0.00001931249425979331, 0.000018987164366990328, -0.09145280718803406, -0.9958094954490662, 0.000004375120624899864, 0.9958093762397766, -0.09145288169384003),
            ["LeftHand"] = CFrame.new(-0.0000013113021850585938, -8.344650268554688e-07, 2.980232238769531e-07, 0.8177513480186462, 0.30550557374954224, 0.48779958486557007, -0.28951865434646606, 0.9508148431777954, -0.11013753712177277, -0.4974551498889923, -0.051161833107471466, 0.8659800291061401),
            ["RightUpperLeg"] = CFrame.new(-2.9802322387695312e-08, -5.881302058696747e-07, -6.129994289949536e-08, 0.9605680108070374, -0.204013854265213, -0.18891151249408722, -0.0814501941204071, 0.4431552588939667, -0.8927369117736816, 0.2658478319644928, 0.8729214668273926, 0.4090638756752014),
