return {
    ["Punched Up"] = {
        {Time = 0.000, Data = {
            ["LeftFoot"] = CFrame.new(6.705522537231445e-08, 5.960464477539063e-08, 1.3969838619232178e-08, 0.9686035513877869, -0.23475214838981628, -0.08184505254030228, 0.2413560301065445, 0.9668700695037842, 0.08312449604272842, 0.059620123356580734, -0.1002681627869606, 0.9931725859642029),
            ["LeftLowerArm"] = CFrame.new(1.4901161193847656e-07, 1.7881393432617188e-07, -5.21540641784668e-07, 1, -9.685756197086448e-08, 1.1362138252479781e-07, 5.0291436792804234e-08, 0.003664605785161257, -0.9999933242797852, 7.07805440924858e-08, 0.9999933242797852, 0.0036645466461777687),
            ["LowerTorso"] = CFrame.new(-0.057621683925390244, -0.17270755767822266, -0.08999337255954742, 0.9653485417366028, -0.009690984152257442, 0.26078397035598755, -0.0039200689643621445, 0.9986590147018433, 0.051622118800878525, -0.2609345316886902, -0.05085562914609909, 0.9640160202980042),
            ["Head"] = CFrame.new(-2.2351741790771484e-08, -3.5762786865234375e-07, 3.725290298461914e-09, 0.9978932738304138, 0.04297283664345741, -0.048605091869831085, -0.04136123135685921, 0.9985761642456055, 0.03369062766432762, 0.04998371750116348, -0.03160928934812546, 0.9982497096061707),
            ["RightUpperArm"] = CFrame.new(1.1920928955078125e-07, -2.384185791015625e-07, -5.960464477539063e-08, 0.9138193130493164, -0.11393434554338455, 0.3898119628429413, 0.1965886801481247, 0.9639898538589478, -0.17909906804561615, -0.3553692102432251, 0.24029678106307983, 0.9033106565475464),
            ["UpperTorso"] = CFrame.new(-1.3969838619232178e-08, -6.556510925292969e-07, -1.0244548320770264e-08, 0.9998716115951538, 0.009042740799486637, 0.013234415091574192, -0.009575366042554379, 0.9991234540939331, 0.04075189679861069, -0.012854321859776974, -0.04087339714169502, 0.9990816712379456),
            ["HumanoidRootPart"] = CFrame.new(0, 0, 0, 1, 0, 0, 0, 1, 0, 0, 0, 1),
            ["RightHand"] = CFrame.new(2.086162567138672e-07, 4.172325134277344e-07, 5.960464477539063e-08, 0.9839299321174622, 0.025275683030486107, 0.1767571121454239, -0.005829200614243746, 0.9939495921134949, -0.10968296229839325, -0.1784599870443344, 0.10689002275466919, 0.9781240224838257),
            ["LeftUpperArm"] = CFrame.new(0, -2.384185791015625e-07, -1.1175870895385742e-08, 0.155760258436203, 0.21375803649425507, -0.9643890857696533, -0.8785142302513123, -0.41637954115867615, -0.2341814935207367, -0.45161011815071106, 0.8837056159973145, 0.1229339987039566),
            ["RightLowerArm"] = CFrame.new(2.384185791015625e-07, -6.556510925292969e-07, 1.1920928955078125e-07, 1, -2.9802322387695312e-08, 1.1175872671742582e-08, 7.4505797087454084e-09, 0.975165605545044, -0.2214774191379547, 6.984918599073353e-08, 0.22147738933563232, 0.975165605545044),
            ["LeftHand"] = CFrame.new(8.363276720046997e-07, -2.980232238769531e-07, -2.980232238769531e-07, 0.9141955375671387, 0.3107078969478607, -0.2602061927318573, -0.36522912979125977, 0.9099045991897583, -0.19667576253414154, 0.17565415799617767, 0.2748349905014038, 0.9453102946281433),
            ["RightUpperLeg"] = CFrame.new(-5.960464477539063e-08, -6.747432053089142e-07, -3.6154233384877443e-08, 0.814813494682312, -0.49977394938468933, -0.2937776744365692, 0.3652729392051697, 0.8361059427261353, -0.4092704951763153, 0.45017197728157043, 0.2261701077222824, 0.8638243079185486),
            ["LeftUpperLeg"] = CFrame.new(-2.384185791015625e-07, -9.25036147236824e-07, 2.7939677238464355e-09, 0.9630405902862549, 0.1258825808763504, -0.23813149333000183, -0.24223296344280243, 0.7913817167282104, -0.5612825155258179, 0.11779709160327911, 0.5982212424278259, 0.7926256656646729),
            ["RightLowerLeg"] = CFrame.new(8.940696716308594e-08, -0.000003874301910400391, -0.000013297591067384928, 1, -4.39584198375087e-07, -1.4528629321830522e-07, 2.3469323195968173e-07, 0.8625566363334656, 0.5059604048728943, -7.450579175838357e-08, -0.5059605836868286, 0.8625566959381104),
            ["RightFoot"] = CFrame.new(5.587935447692871e-08, 1.7881393432617188e-07, 2.032174961641431e-08, 0.9215002655982971, 0.3824223577976227, 0.06775356084108353, -0.37645843625068665, 0.9224100708961487, -0.08624812960624695, -0.0954798087477684, 0.05397172272205353, 0.9939672350883484),
            ["LeftLowerLeg"] = CFrame.new(-8.568167686462402e-08, 0.0000040531158447265625, 0.00001331232488155365, 1, 5.797482316438618e-08, 3.8184236217375656e-08, 7.4505797087454084e-09, 0.8712059855461121, 0.49091801047325134, 1.4901159417490817e-08, -0.49091777205467224, 0.871205747127533),
        }},
        {Time = 0.033, Data = {
            ["LeftFoot"] = CFrame.new(-4.842877388000488e-08, -5.960464477539063e-08, -3.725290298461914e-08, 0.9635611176490784, -0.2503063380718231, -0.09432251006364822, 0.26306208968162537, 0.9506307244300842, 0.16462016105651855, 0.04846038669347763, -0.18343421816825867, 0.9818367958068848),
            ["LeftLowerArm"] = CFrame.new(-2.086162567138672e-07, 6.556510925292969e-07, -4.172325134277344e-07, 1, -7.450583439094771e-08, 1.1920928955078125e-07, 7.450583439094771e-08, -0.05240153893828392, -0.9986261129379272, 1.0430816388407038e-07, 0.9986261129379272, -0.05240156501531601),
            ["LowerTorso"] = CFrame.new(-0.04335640370845795, -0.17061257362365723, -0.09297827631235123, 0.9405507445335388, -0.011321267113089561, 0.33946457505226135, -0.011154908686876297, 0.9978756308555603, 0.06418629735708237, -0.3394700884819031, -0.0641571655869484, 0.9384263157844543),
            ["Head"] = CFrame.new(1.1175870895385742e-08, 2.384185791015625e-07, 2.2351741790771484e-08, 0.9882388114929199, 0.07821712642908096, -0.13140134513378143, -0.0756789967417717, 0.996838390827179, 0.02420763298869133, 0.1328793168067932, -0.013978606089949608, 0.9910337328910828),
            ["RightUpperArm"] = CFrame.new(0, -1.1920928955078125e-07, 2.2351741790771484e-08, 0.948884904384613, -0.015984153375029564, 0.31521737575531006, 0.1057775542140007, 0.9570646286010742, -0.269886314868927, -0.2973693907260895, 0.2894339859485626, 0.9098348021507263),
            ["UpperTorso"] = CFrame.new(-1.862645149230957e-08, -3.5762786865234375e-07, 1.210719347000122e-08, 0.9997829794883728, -0.010995480231940746, 0.01769363321363926, 0.010394001379609108, 0.9993768334388733, 0.03373436629772186, -0.018053529784083366, -0.033543139696121216, 0.9992741942405701),
            ["HumanoidRootPart"] = CFrame.new(0, 0, 0, 1, 0, 0, 0, 1, 0, 0, 0, 1),
            ["RightHand"] = CFrame.new(-1.1920928955078125e-07, 0, 2.384185791015625e-07, 0.9937806725502014, 0.04715307801961899, 0.1008797362446785, -0.04266806319355965, 0.998022198677063, -0.046165306121110916, -0.10285705327987671, 0.04157382622361183, 0.9938269853591919),
            ["LeftUpperArm"] = CFrame.new(5.960464477539063e-08, 8.344650268554688e-07, 2.9802322387695312e-08, 0.2934949994087219, 0.18800590932369232, -0.9372910261154175, -0.8900291323661804, -0.3040729761123657, -0.3396882712841034, -0.34886816143989563, 0.933912992477417, 0.07808667421340942),
            ["RightLowerArm"] = CFrame.new(-1.7881393432617188e-07, -1.1920928955078125e-07, 0, 1, -3.725289587919178e-08, 7.4505797087454084e-09, 2.2351738238057806e-08, 0.9559772610664368, -0.29344063997268677, 2.7939672797572257e-09, 0.29344063997268677, 0.9559773206710815),
            ["LeftHand"] = CFrame.new(-4.3213367462158203e-07, -4.76837158203125e-07, -2.980232238769531e-07, 0.9178717732429504, 0.19858300685882568, -0.3436222970485687, -0.2696153521537781, 0.9473553895950317, -0.1727004051208496, 0.291236937046051, 0.2511626183986664, 0.9230917692184448),
            ["RightUpperLeg"] = CFrame.new(-2.9802322387695312e-08, -1.4901161193847656e-08, 1.5999830793589354e-08, 0.7353641986846924, -0.5367894172668457, -0.4136384129524231, 0.3633010685443878, 0.8275280594825745, -0.42803025245666504, 0.5720594525337219, 0.16448259353637695, 0.8035505414009094),
            ["LeftUpperLeg"] = CFrame.new(-5.960464477539063e-08, -3.8743019104003906e-07, -4.6566128730773926e-09, 0.9542859792709351, 0.1037585586309433, -0.280307799577713, -0.24575814604759216, 0.8061506152153015, -0.538260281085968, 0.17012128233909607, 0.5825421214103699, 0.7947977781295776),
            ["RightLowerLeg"] = CFrame.new(8.940696716308594e-08, -0.0000033974647521972656, -0.00001326033816440031, 1, -3.0547397500413354e-07, -8.195638656616211e-08, 1.9371513815258368e-07, 0.8486552834510803, 0.5289458632469177, -2.2351747119842003e-08, -0.5289463400840759, 0.8486555814743042),
            ["RightFoot"] = CFrame.new(5.960464477539063e-08, 3.5762786865234375e-07, -5.045876605436206e-08, 0.9181382060050964, 0.3889073133468628, 0.07598273456096649, -0.38284173607826233, 0.9200641512870789, -0.08315178006887436, -0.10224764049053192, 0.047256194055080414, 0.9936359524726868),
            ["LeftLowerLeg"] = CFrame.new(1.1548399925231934e-07, 0.000003933906555175781, 0.000013261102139949799, 1, -5.5879368687783426e-08, -2.980233659855003e-08, -4.4703494239684005e-08, 0.9266942143440247, 0.37581655383110046, -1.9557779395995567e-08, -0.3758165240287781, 0.9266940951347351),
        }},
        {Time = 0.067, Data = {
            ["LeftFoot"] = CFrame.new(-8.195638656616211e-08, 1.1920928955078125e-07, -2.60770320892334e-08, 0.9622889757156372, -0.25357040762901306, -0.0984986200928688, 0.27071043848991394, 0.928256630897522, 0.255060076713562, 0.02675635553896427, -0.2721061110496521, 0.9618952870368958),
            ["LeftLowerArm"] = CFrame.new(6.556510925292969e-07, 2.384185791015625e-07, -2.2351741790771484e-08, 1, -5.215408194203519e-08, 8.940698137394065e-08, 6.7986569263212e-08, -0.12292441725730896, -0.9924160838127136, 1.6391282997574308e-07, 0.9924161434173584, -0.12292438000440598),
            ["LowerTorso"] = CFrame.new(-0.025697758421301842, -0.1676476001739502, -0.09642353653907776, 0.9059644937515259, -0.00678584910929203, 0.4232993423938751, -0.024718033149838448, 0.9973179697990417, 0.0688905119895935, -0.42263150215148926, -0.0728754848241806, 0.9033669233322144),
            ["Head"] = CFrame.new(-1.1175870895385742e-08, -2.384185791015625e-07, -9.685754776000977e-08, 0.9672505855560303, 0.11021480709314346, -0.2286461740732193, -0.1057862788438797, 0.9938874840736389, 0.03157411888241768, 0.23072853684425354, -0.006352471187710762, 0.9729974269866943),
            ["RightUpperArm"] = CFrame.new(0, 0, -8.940696716308594e-08, 0.9421911835670471, 0.09421537816524506, 0.32155758142471313, 0.03124833106994629, 0.9307680726051331, -0.36427241563796997, -0.33361566066741943, 0.35326239466667175, 0.8740174174308777),
            ["UpperTorso"] = CFrame.new(-1.30385160446167e-08, 5.960464477539063e-08, 1.955777406692505e-08, 0.9986464381217957, -0.03766489028930664, 0.03587064519524574, 0.036592304706573486, 0.9988768100738525, 0.030102750286459923, -0.03696423023939133, -0.02874939516186714, 0.9989030361175537),
            ["HumanoidRootPart"] = CFrame.new(0, 0, 0, 1, 0, 0, 0, 1, 0, 0, 0, 1),
            ["RightHand"] = CFrame.new(9.313225746154785e-08, 1.1920928955078125e-07, 1.4901161193847656e-07, 0.9942881464958191, 0.10029152780771255, -0.036507498472929, -0.1009359136223793, 0.9947601556777954, -0.01625463366508484, 0.034686025232076645, 0.01984672248363495, 0.9992011785507202),
            ["LeftUpperArm"] = CFrame.new(1.1920928955078125e-07, 1.1920928955078125e-07, 2.9802322387695312e-08, 0.42919009923934937, 0.1502421498298645, -0.8906307816505432, -0.8881740570068359, -0.10899612307548523, -0.44639310240745544, -0.16414231061935425, 0.9826225638389587, 0.08666115254163742),
            ["RightLowerArm"] = CFrame.new(1.1920928955078125e-07, -1.1920928955078125e-07, 2.980232238769531e-07, 1, -1.4435498130183078e-08, 9.313223525708736e-10, 1.7695120035909895e-08, 0.9139784574508667, -0.40576276183128357, -6.75208555733775e-09, 0.4057627320289612, 0.9139784574508667),
            ["LeftHand"] = CFrame.new(-2.682209014892578e-07, -5.960464477539063e-08, -1.4901161193847656e-07, 0.9191723465919495, 0.22455593943595886, -0.32356908917427063, -0.26901254057884216, 0.9579995274543762, -0.09934362769126892, 0.28767096996307373, 0.17835797369480133, 0.9409750699996948),
            ["RightUpperLeg"] = CFrame.new(0, -1.8812716007232666e-07, -1.1531665222719312e-07, 0.6424400210380554, -0.5502344369888306, -0.5333973169326782, 0.3701086640357971, 0.8322566151618958, -0.41275736689567566, 0.6710368394851685, 0.06775674968957901, 0.7383215427398682),
            ["LeftUpperLeg"] = CFrame.new(0, -1.280568540096283e-07, 5.587935447692871e-09, 0.9533736109733582, 0.09385992586612701, -0.2868260145187378, -0.23050396144390106, 0.8399295806884766, -0.4913106858730316, 0.1947992593050003, 0.534517228603363, 0.822401762008667),
            ["RightLowerLeg"] = CFrame.new(0, -0.000003516674041748047, -0.000013334843970369548, 1, -2.6077037773575285e-07, -7.078052277620372e-08, 2.60770320892334e-07, 0.8575887680053711, 0.514335572719574, -7.450580596923828e-08, -0.5143360495567322, 0.857589066028595),
            ["RightFoot"] = CFrame.new(-5.21540641784668e-08, 2.384185791015625e-07, 3.5222910810261965e-08, 0.9151577353477478, 0.39759114384651184, 0.06638971716165543, -0.3902675211429596, 0.9151531457901001, -0.10092630237340927, -0.1008845716714859, 0.06645434349775314, 0.992676317691803),
            ["LeftLowerLeg"] = CFrame.new(1.3783574104309082e-07, 0.000004172325134277344, 0.000013202428817749023, 1, 4.4703497792397684e-08, -2.6077039194660756e-08, -2.2351741790771484e-08, 0.9786219000816345, 0.205667644739151, 1.4901161193847656e-08, -0.2056676596403122, 0.9786219000816345),
        }},
        {Time = 0.100, Data = {
            ["LeftFoot"] = CFrame.new(-3.3527612686157227e-08, 5.960464477539063e-08, -9.685754776000977e-08, 0.9669646620750427, -0.2346905916929245, -0.09949576109647751, 0.2549084722995758, 0.8917598724365234, 0.37388113141059875, 0.0009803185239434242, -0.38689112663269043, 0.9221245050430298),
            ["LeftLowerArm"] = CFrame.new(-7.152557373046875e-07, 5.364418029785156e-07, 3.2782554626464844e-07, 1, -5.215405707303944e-08, 1.341104507446289e-07, 1.1175873737556685e-07, -0.2383219301700592, -0.9711862206459045, 1.0430815677864302e-07, 0.9711862206459045, -0.2383219301700592),
            ["LowerTorso"] = CFrame.new(-0.0036633505951613188, -0.16454434394836426, -0.10251402854919434, 0.8791714310646057, 0.012225228361785412, 0.4763486981391907, -0.04653165489435196, 0.9970957040786743, 0.06029108539223671, -0.474228173494339, -0.07517149299383163, 0.8771868944168091),
            ["Head"] = CFrame.new(-1.4901161193847656e-08, 2.384185791015625e-07, -5.21540641784668e-08, 0.9459300637245178, 0.11331658810377121, -0.3039339482784271, -0.10165820270776749, 0.9933546185493469, 0.05396570265293121, 0.3080293834209442, -0.02015039324760437, 0.9511634707450867),
            ["RightUpperArm"] = CFrame.new(1.1920928955078125e-07, 2.384185791015625e-07, 0, 0.8071978092193604, 0.24123726785182953, 0.5387359261512756, 0.13921038806438446, 0.8091328144073486, -0.570898175239563, -0.5736308097839355, 0.5358253121376038, 0.6195474863052368),
            ["UpperTorso"] = CFrame.new(1.0244548320770264e-08, -3.2782554626464844e-07, -1.1350493878126144e-08, 0.9957502484321594, -0.06985551118850708, 0.060013964772224426, 0.06776711344718933, 0.9970458149909973, 0.03615855425596237, -0.062362633645534515, -0.03193791210651398, 0.9975424408912659),
            ["HumanoidRootPart"] = CFrame.new(0, 0, 0, 1, 0, 0, 0, 1, 0, 0, 0, 1),
            ["RightHand"] = CFrame.new(1.3969838619232178e-07, 5.960464477539063e-08, 1.341104507446289e-07, 0.9938413500785828, 0.09524548053741455, -0.056636229157447815, -0.10221581906080246, 0.985336422920227, -0.1366167962551117, 0.042793624103069305, 0.14156442880630493, 0.9890036582946777),
            ["LeftUpperArm"] = CFrame.new(0, 4.76837158203125e-07, 8.940696716308594e-08, 0.6771207451820374, 0.05961095914244652, -0.7334535717964172, -0.7154654860496521, 0.2864278554916382, -0.6372349262237549, 0.17209532856941223, 0.9562456607818604, 0.23659585416316986),
            ["RightLowerArm"] = CFrame.new(2.980232238769531e-07, -4.76837158203125e-07, -2.9802322387695312e-08, 1, -6.33299421792799e-08, -7.450580596923828e-09, 7.450578820566989e-09, 0.9212422370910645, -0.3889895975589752, -4.8428763221863846e-08, 0.38898947834968567, 0.9212422370910645),
            ["LeftHand"] = CFrame.new(-1.9371509552001953e-07, -4.76837158203125e-07, -2.2351741790771484e-08, 0.9651859998703003, 0.17306655645370483, -0.1961224377155304, -0.20684516429901123, 0.9639607667922974, -0.16731658577919006, 0.1600973904132843, 0.20205862820148468, 0.9661993384361267),
            ["RightUpperLeg"] = CFrame.new(0, -2.849847078323364e-07, -7.24758137948811e-08, 0.5871515274047852, -0.5533683896064758, -0.5907933712005615, 0.39205271005630493, 0.8329334855079651, -0.3905336260795593, 0.7082003355026245, -0.0023198118433356285, 0.7060076594352722),
            ["LeftUpperLeg"] = CFrame.new(2.9802322387695312e-08, -6.05359673500061e-07, 1.862645149230957e-08, 0.9714696407318115, 0.09881040453910828, -0.21560002863407135, -0.18327312171459198, 0.8897538185119629, -0.4180297553539276, 0.15052497386932373, 0.4456171989440918, 0.8824782371520996),
            ["RightLowerLeg"] = CFrame.new(-2.384185791015625e-07, -0.000003814697265625, -0.000013275239325594157, 1, -4.470348358154297e-08, 8.568168397005138e-08, 2.8684732455985795e-07, 0.8681071400642395, 0.49637675285339355, 1.4901159417490817e-08, -0.49637699127197266, 0.8681073188781738),
            ["RightFoot"] = CFrame.new(1.043081283569336e-07, 2.980232238769531e-07, -3.55576048605144e-08, 0.9134019613265991, 0.40415874123573303, 0.048502691090106964, -0.39508041739463806, 0.9089007377624512, -0.13345788419246674, -0.09802249819040298, 0.10273870080709457, 0.9898669719696045),
            ["LeftLowerLeg"] = CFrame.new(-6.332993507385254e-08, 0.000004112720489501953, 0.000013336539268493652, 1, 2.235175244891252e-08, -6.705523247774181e-08, 5.2154071283894154e-08, 0.9999845623970032, 0.0055602421052753925, 0, -0.005560937337577343, 0.999984622001648),
        }},
        {Time = 0.133, Data = {
            ["LeftFoot"] = CFrame.new(3.725290298461914e-09, 0, 4.470348358154297e-08, 0.9763111472129822, -0.1997469812631607, -0.08317280560731888, 0.21636980772018433, 0.902851939201355, 0.3715410828590393, 0.0008788397535681725, -0.3807355761528015, 0.9246835112571716),
            ["LeftLowerArm"] = CFrame.new(-5.364418029785156e-07, 2.384185791015625e-07, 6.658956408500671e-08, 1, -5.215405707303944e-08, 1.4901159772762185e-07, 5.2154071283894154e-08, -0.36450788378715515, -0.931200385093689, 1.4901162614933128e-07, 0.9312003254890442, -0.36450785398483276),
            ["LowerTorso"] = CFrame.new(0.015154900029301643, -0.16606903076171875, -0.11017240583896637, 0.8831692934036255, 0.04904617369174957, 0.46648314595222473, -0.07734540849924088, 0.9961318969726562, 0.041700612753629684, -0.4626334309577942, -0.07290902733802795, 0.8835466504096985),
            ["Head"] = CFrame.new(-2.9802322387695312e-08, -4.76837158203125e-07, -3.725290298461914e-08, 0.943977415561676, 0.10165782272815704, -0.31396225094795227, -0.08036943525075912, 0.9935450553894043, 0.08005641400814056, 0.3200739920139313, -0.05033847689628601, 0.9460542798042297),
            ["RightUpperArm"] = CFrame.new(1.1920928955078125e-07, -2.384185791015625e-07, -8.940696716308594e-08, 0.5434336066246033, 0.34924790263175964, 0.7633517384529114, 0.50751131772995, 0.5876483917236328, -0.6301599740982056, -0.6686645746231079, 0.7298597097396851, 0.14210061728954315),
            ["UpperTorso"] = CFrame.new(3.725290298461914e-09, -5.960464477539063e-08, -7.450580596923828e-09, 0.9911146759986877, -0.10629747807979584, 0.07995345443487167, 0.10252261161804199, 0.9934766888618469, 0.0499337762594223, -0.08473965525627136, -0.04129305109381676, 0.9955471754074097),
            ["HumanoidRootPart"] = CFrame.new(0, 0, 0, 1, 0, 0, 0, 1, 0, 0, 0, 1),
            ["RightHand"] = CFrame.new(4.3213367462158203e-07, -1.1920928955078125e-07, 3.427267074584961e-07, 0.9867921471595764, 0.004029267001897097, -0.16194158792495728, -0.04784686118364334, 0.9623383283615112, -0.26761117577552795, 0.1547643095254898, 0.27182501554489136, 0.9498206377029419),
            ["LeftUpperArm"] = CFrame.new(0, 5.960464477539062e-07, 5.960464477539063e-08, 0.8609536290168762, 0.038981709629297256, -0.5071877241134644, -0.39152398705482483, 0.6873328685760498, -0.611786425113678, 0.3247583210468292, 0.7252958416938782, 0.6070240139961243),
            ["RightLowerArm"] = CFrame.new(5.364418029785156e-07, -0.0000010132789611816406, 3.8743019104003906e-07, 1, -4.470348358154297e-08, 3.166497108963995e-08, 3.725289943190546e-08, 0.8959043622016907, -0.4442470669746399, 1.862644971595273e-08, 0.4442470371723175, 0.8959044218063354),
            ["LeftHand"] = CFrame.new(-2.7567148208618164e-07, 0, -2.384185791015625e-07, 0.920438289642334, -0.011190474964678288, 0.3907279670238495, 0.0769243910908699, 0.9852286577224731, -0.1529937982559204, -0.3832443356513977, 0.17087790369987488, 0.9077030420303345),
            ["RightUpperLeg"] = CFrame.new(1.7881393432617188e-07, -1.8067657947540283e-07, -5.198671715334058e-08, 0.5974335670471191, -0.5797377824783325, -0.5540554523468018, 0.4254320561885834, 0.814802885055542, -0.39383217692375183, 0.6797652244567871, -0.0004245674062985927, 0.7334295511245728),
            ["LeftUpperLeg"] = CFrame.new(-5.960464477539063e-08, 9.685754776000977e-08, -5.587935447692871e-09, 0.9915357828140259, 0.09077468514442444, -0.0928272008895874, -0.12054622918367386, 0.9092037081718445, -0.39851874113082886, 0.04822320491075516, 0.406335711479187, 0.9124504923820496),
            ["RightLowerLeg"] = CFrame.new(-2.9802322387695312e-08, -0.000003993511199951172, -0.000013290140486788005, 1, -2.2351748896198842e-08, -1.4901164746561335e-08, 4.4703490686970326e-08, 0.8545135259628296, 0.5194288492202759, 1.4901162970204496e-08, -0.5194292664527893, 0.8545137643814087),
            ["RightFoot"] = CFrame.new(-2.2351741790771484e-08, 4.76837158203125e-07, 1.6952981241047382e-09, 0.9150189161300659, 0.4023953080177307, 0.028611518442630768, -0.39029738306999207, 0.9009814262390137, -0.18947406113147736, -0.10202176868915558, 0.16220566630363464, 0.9814688563346863),
            ["LeftLowerLeg"] = CFrame.new(-5.960464477539063e-08, 0.000004231929779052734, 0.000013284385204315186, 1, -2.2351738238057806e-08, 2.2351738238057806e-08, 1.4901161193847656e-08, 0.9999845623970032, 0.005557119380682707, -2.2351741790771484e-08, -0.005557380151003599, 0.999984622001648),
        }},
        {Time = 0.167, Data = {
            ["LeftFoot"] = CFrame.new(7.078051567077637e-08, 5.960464477539063e-08, 1.4901161193847656e-08, 0.9796110391616821, -0.18588009476661682, -0.07622787356376648, 0.20090192556381226, 0.9079346656799316, 0.36782342195510864, 0.0008389130234718323, -0.3756370544433594, 0.926766037940979),
            ["LeftLowerArm"] = CFrame.new(-1.7881393432617188e-07, 1.7881393432617188e-07, -8.940696716308594e-08, 1, -6.70552182668871e-08, 1.043080928297968e-07, 5.960465188081798e-08, -0.35243314504623413, -0.9358369708061218, 1.3411046495548362e-07, 0.9358369708061218, -0.3524331748485565),
            ["LowerTorso"] = CFrame.new(0.023519430309534073, -0.1784379482269287, -0.12141403555870056, 0.8934869766235352, 0.08996497094631195, 0.4399856626987457, -0.11331866681575775, 0.9931907057762146, 0.027038097381591797, -0.4345571994781494, -0.07401677221059799, 0.8975976705551147),
            ["Head"] = CFrame.new(-1.862645149230957e-08, -8.344650268554688e-07, -2.9802322387695312e-08, 0.9484824538230896, 0.08584617078304291, -0.30497777462005615, -0.06090489402413368, 0.9940422773361206, 0.09039177000522614, 0.3109205663204193, -0.06716039031744003, 0.9480600953102112),
            ["RightUpperArm"] = CFrame.new(2.384185791015625e-07, -4.76837158203125e-07, 7.450580596923828e-09, 0.4520999789237976, 0.32965904474258423, 0.8288129568099976, 0.7830440402030945, 0.2982814311981201, -0.5457748770713806, -0.427139014005661, 0.8957417011260986, -0.12328442931175232),
            ["UpperTorso"] = CFrame.new(-5.587935447692871e-08, -2.384185791015625e-07, 1.862645149230957e-09, 0.9854342341423035, -0.14102113246917725, 0.09503933787345886, 0.13537456095218658, 0.9887588024139404, 0.06348070502281189, -0.10292305052280426, -0.049690164625644684, 0.9934474229812622),
            ["HumanoidRootPart"] = CFrame.new(0, 0, 0, 1, 0, 0, 0, 1, 0, 0, 0, 1),
            ["RightHand"] = CFrame.new(7.37607479095459e-07, 0, -6.426125764846802e-08, 0.9988458752632141, -0.04791165888309479, -0.0033993020188063383, 0.04542611539363861, 0.9652796387672424, -0.25723856687545776, 0.015605987049639225, 0.25678718090057373, 0.9663419723510742),
            ["LeftUpperArm"] = CFrame.new(1.1920928955078125e-07, -1.1920928955078125e-07, 3.725290298461914e-08, 0.9155622124671936, 0.21226400136947632, -0.34159889817237854, -0.31718116998672485, 0.9033189415931702, -0.28880953788757324, 0.2472689002752304, 0.37277185916900635, 0.894370973110199),
            ["RightLowerArm"] = CFrame.new(1.1920928955078125e-07, -7.152557373046875e-07, 1.1920928955078125e-07, 1, -5.215408194203519e-08, 3.888272104290991e-08, -7.450581485102248e-09, 0.722676694393158, -0.6911863088607788, 6.705523247774181e-08, 0.6911861896514893, 0.7226766347885132),
            ["LeftHand"] = CFrame.new(-4.0978193283081055e-07, -2.980232238769531e-07, -4.470348358154297e-08, 0.6520096659660339, -0.09759152680635452, 0.7519038319587708, 0.2013683021068573, 0.9783567786216736, -0.04763208329677582, -0.7309816479682922, 0.18246625363826752, 0.6575499176979065),
            ["RightUpperLeg"] = CFrame.new(0, -1.8067657947540283e-07, 1.6931153368204832e-08, 0.6163604855537415, -0.6303052306175232, -0.4720326364040375, 0.4668452739715576, 0.7752143144607544, -0.425556480884552, 0.634157121181488, 0.04192977398633957, 0.772066593170166),
            ["LeftUpperLeg"] = CFrame.new(-1.7881393432617188e-07, -2.8545036911964417e-07, -7.078051567077637e-08, 0.9970515370368958, 0.07667683809995651, -0.002967605134472251, -0.07236724346876144, 0.9267436861991882, -0.3686586618423462, -0.02551734820008278, 0.36778658628463745, 0.9295601844787598),
            ["RightLowerLeg"] = CFrame.new(7.450580596923828e-08, -0.0000033974647521972656, -0.000013409349776338786, 1, -1.266598985694145e-07, 1.4901164746561335e-08, 6.705523247774181e-08, 0.80785071849823, 0.5893866419792175, 7.450581485102248e-09, -0.5893871188163757, 0.8078510761260986),
            ["RightFoot"] = CFrame.new(-8.940696716308594e-08, 4.172325134277344e-07, -5.75528247281909e-09, 0.9136331081390381, 0.40619051456451416, 0.01685333251953125, -0.38898220658302307, 0.8854749798774719, -0.2542179226875305, -0.11818453669548035, 0.22570672631263733, 0.9670001864433289),
            ["LeftLowerLeg"] = CFrame.new(-9.685754776000977e-08, 0.000003874301910400391, 0.00001325458288192749, 1, 1.4901162970204496e-08, 1.862645149230957e-08, 2.980232594040899e-08, 0.9999845623970032, 0.005556777119636536, 3.725290653733282e-08, -0.005557537544518709, 0.999984622001648),
        }},
        {Time = 0.200, Data = {
            ["LeftFoot"] = CFrame.new(-7.450580596923828e-09, -5.960464477539063e-08, 0, 0.9804229736328125, -0.1822807788848877, -0.07446181029081345, 0.19469791650772095, 0.9538910984992981, 0.22844058275222778, 0.02938825450837612, -0.2384651154279709, 0.9707061648368835),
            ["LeftLowerArm"] = CFrame.new(-2.384185791015625e-07, -6.556510925292969e-07, -1.4901161193847656e-08, 1, -1.0430814256778831e-07, 1.2386590242385864e-07, 8.568170528633345e-08, -0.12306816875934601, -0.992398202419281, 5.774202094244174e-08, 0.992398202419281, -0.12306812405586243),
            ["LowerTorso"] = CFrame.new(0.02836044691503048, -0.20396184921264648, -0.1372341364622116, 0.9081804156303406, 0.11447830498218536, 0.4026203155517578, -0.13587769865989685, 0.9904129505157471, 0.024888642132282257, -0.39591115713119507, -0.07731049507856369, 0.9150286912918091),
            ["Head"] = CFrame.new(4.0978193283081055e-08, -5.960464477539062e-07, -1.955777406692505e-08, 0.9546850323677063, 0.10582347959280014, -0.2781689763069153, -0.08487379550933838, 0.9926438331604004, 0.08634063601493835, 0.28525951504707336, -0.05881886184215546, 0.9566438794136047),
            ["RightUpperArm"] = CFrame.new(1.1920928955078125e-07, -2.384185791015625e-07, 9.685754776000977e-08, 0.382935106754303, 0.3397711217403412, 0.8590205311775208, 0.9237335324287415, -0.14967405796051025, -0.3525819182395935, 0.008775828406214714, 0.9285221695899963, -0.3711735010147095),
            ["UpperTorso"] = CFrame.new(1.4901161193847656e-08, -6.854534149169922e-07, 2.421438694000244e-08, 0.9798516035079956, -0.17002908885478973, 0.10479076951742172, 0.16286563873291016, 0.9839026927947998, 0.07355540990829468, -0.11561047285795212, -0.05500657856464386, 0.9917703866958618),
            ["HumanoidRootPart"] = CFrame.new(0, 0, 0, 1, 0, 0, 0, 1, 0, 0, 0, 1),
            ["RightHand"] = CFrame.new(3.2782554626464844e-07, 0, 4.0978193283081055e-08, 0.9715777635574341, -0.09744672477245331, 0.21573345363140106, 0.16989493370056152, 0.9216596484184265, -0.34882575273513794, -0.16484084725379944, 0.375563383102417, 0.9120196104049683),
            ["LeftUpperArm"] = CFrame.new(-1.1920928955078125e-07, -4.76837158203125e-07, -2.2351741790771484e-08, 0.9311127066612244, 0.3112688660621643, -0.19010773301124573, -0.3197486996650696, 0.9473854303359985, -0.014888955280184746, 0.175470769405365, 0.07464995235204697, 0.9816503524780273),
            ["RightLowerArm"] = CFrame.new(-1.1920928955078125e-07, -5.364418029785156e-07, -4.470348358154297e-08, 1, -5.494803900774059e-08, 0, 5.960465188081798e-08, 0.7230967283248901, -0.6907467842102051, 0, 0.6907468438148499, 0.7230967879295349),
            ["LeftHand"] = CFrame.new(1.7508864402770996e-07, -1.1920928955078125e-07, -3.795139491558075e-07, 0.871783971786499, -0.08983582258224487, 0.48158320784568787, 0.1513396054506302, 0.9843450784683228, -0.09033941477537155, -0.465928316116333, 0.15163910388946533, 0.8717318177223206),
            ["RightUpperLeg"] = CFrame.new(0, -7.078051567077637e-08, 3.9282895158976316e-08, 0.6352823972702026, -0.6753599047660828, -0.37457332015037537, 0.49476638436317444, 0.728334367275238, -0.4740624725818634, 0.5929776430130005, 0.11583719402551651, 0.7968434691429138),
            ["LeftUpperLeg"] = CFrame.new(2.086162567138672e-07, -4.1211023926734924e-07, -7.450580596923828e-09, 0.9955407977104187, 0.08338537812232971, 0.04410896077752113, -0.05060997232794762, 0.8667218089103699, -0.4962177276611328, -0.07960735261440277, 0.4917726516723633, 0.8670768737792969),
            ["RightLowerLeg"] = CFrame.new(-7.450580596923828e-08, -0.0000036954879760742188, -0.000013170931197237223, 1, 3.427267358802055e-07, 1.8626444386882213e-07, -2.1606686573250045e-07, 0.7336509823799133, 0.6795269250869751, 1.3411046495548362e-07, -0.6795265674591064, 0.7336506247520447),
            ["RightFoot"] = CFrame.new(1.30385160446167e-07, 5.364418029785156e-07, 9.110226528719068e-08, 0.9102508425712585, 0.41370105743408203, 0.01716831512749195, -0.38903382420539856, 0.8687006831169128, -0.3066139817237854, -0.14176097512245178, 0.27241644263267517, 0.9516791105270386),
            ["LeftLowerLeg"] = CFrame.new(6.705522537231445e-08, 0.0000040531158447265625, 0.0000133514404296875, 1, -9.685756197086448e-08, -6.332992796842518e-08, -4.4703494239684005e-08, 0.9506739377975464, 0.3101920783519745, -3.72529100900465e-08, -0.3101922869682312, 0.9506738781929016),
        }},
        {Time = 0.233, Data = {
            ["LeftFoot"] = CFrame.new(1.1175870895385742e-08, -5.960464477539063e-08, 2.0489096641540527e-08, 0.9794307947158813, -0.18721431493759155, -0.07527372986078262, 0.19694669544696808, 0.968123733997345, 0.15475395321846008, 0.043902162462472916, -0.16639533638954163, 0.9850813150405884),
            ["LeftLowerArm"] = CFrame.new(-4.470348358154297e-07, -4.172325134277344e-07, -2.980232238769531e-07, 1, -6.705524668859653e-08, 5.215407838932151e-08, 1.3411046495548362e-07, 0.13946114480495453, -0.9902276396751404, 1.0803343286625022e-07, 0.9902276396751404, 0.13946114480495453),
            ["LowerTorso"] = CFrame.new(0.03192172944545746, -0.23338770866394043, -0.15461701154708862, 0.924305260181427, 0.12418019771575928, 0.36088666319847107, -0.14385342597961426, 0.9892011880874634, 0.028056636452674866, -0.3535054624080658, -0.0778476819396019, 0.932187557220459),
            ["Head"] = CFrame.new(-2.9802322387695312e-08, 1.1920928955078125e-07, -9.12696123123169e-08, 0.961866021156311, 0.12053639441728592, -0.24552951753139496, -0.105704165995121, 0.9917317032814026, 0.07276719063520432, 0.2522704601287842, -0.04403882101178169, 0.9666542410850525),
            ["RightUpperArm"] = CFrame.new(-1.1920928955078125e-07, -4.76837158203125e-07, -7.450580596923828e-08, 0.2754059135913849, 0.3215254247188568, 0.905965268611908, 0.8352860808372498, -0.546536922454834, -0.05995500087738037, 0.47586649656295776, 0.7732521295547485, -0.41908517479896545),
            ["UpperTorso"] = CFrame.new(-4.470348358154297e-08, -4.76837158203125e-07, -1.862645149230957e-09, 0.9762982130050659, -0.18978828191757202, 0.10402994602918625, 0.18186837434768677, 0.9799778461456299, 0.08103937655687332, -0.11732741445302963, -0.06019885838031769, 0.9912671446800232),
            ["HumanoidRootPart"] = CFrame.new(0, 0, 0, 1, 0, 0, 0, 1, 0, 0, 0, 1),
            ["RightHand"] = CFrame.new(-2.5331974029541016e-07, -2.384185791015625e-07, 2.4028122425079346e-07, 0.9441660046577454, -0.16974054276943207, 0.28238052129745483, 0.28476735949516296, 0.8514887690544128, -0.44031181931495667, -0.1657051146030426, 0.49614015221595764, 0.8522832989692688),
            ["LeftUpperArm"] = CFrame.new(1.1920928955078125e-07, 0.0000010728836059570312, 0, 0.939423143863678, 0.3381860852241516, -0.05580631643533707, -0.33141499757766724, 0.937751829624176, 0.10385367274284363, 0.08745435625314713, -0.07906747609376907, 0.9930257797241211),
            ["RightLowerArm"] = CFrame.new(-8.940696716308594e-08, -1.1920928955078125e-07, 1.4901161193847656e-07, 1, -3.4458938813486384e-08, 4.842878098543224e-08, 1.4901161193847656e-08, 0.8016347289085388, -0.59781414270401, -7.450580596923828e-09, 0.5978142619132996, 0.8016347289085388),
            ["LeftHand"] = CFrame.new(4.3958425521850586e-07, -4.172325134277344e-07, 8.195638656616211e-08, 0.8914893865585327, -0.13025566935539246, 0.4339127540588379, 0.1745450347661972, 0.9825901389122009, -0.06364651769399643, -0.4180680215358734, 0.1324775218963623, 0.8987040519714355),
            ["RightUpperLeg"] = CFrame.new(5.960464477539063e-08, -3.948807716369629e-07, -7.992639439180493e-08, 0.653594970703125, -0.6969338655471802, -0.2951216399669647, 0.5061811804771423, 0.6924192905426025, -0.5141363143920898, 0.5626670122146606, 0.18665191531181335, 0.8053366541862488),
            ["LeftUpperLeg"] = CFrame.new(2.9802322387695312e-08, -4.14322130382061e-07, 1.30385160446167e-08, 0.9910500049591064, 0.11018869280815125, 0.075354665517807, -0.051149867475032806, 0.8348620533943176, -0.548077404499054, -0.12330260127782822, 0.5393180251121521, 0.8330262899398804),
            ["RightLowerLeg"] = CFrame.new(-4.470348358154297e-08, -0.0000037550926208496094, -0.000013293865777086467, 1, -1.564622067462551e-07, -1.0430819230577981e-07, 1.49011640360186e-07, 0.6635366082191467, 0.7481434941291809, -8.940698847936801e-08, -0.7481437921524048, 0.6635370850563049),
            ["RightFoot"] = CFrame.new(-1.2665987014770508e-07, 2.980232238769531e-07, 3.149762051180005e-08, 0.9083658456802368, 0.4177490174770355, 0.018905265256762505, -0.3859649896621704, 0.8549380898475647, -0.3465709388256073, -0.16094300150871277, 0.30751708149909973, 0.9378332495689392),
            ["LeftLowerLeg"] = CFrame.new(-7.450580596923828e-08, 0.000003874301910400391, 0.000013142824172973633, 1, 3.5390250729960826e-08, -7.450581485102248e-09, -1.4901158351676713e-07, 0.8944084048271179, 0.44725126028060913, 2.2351736461700966e-08, -0.4472511112689972, 0.8944084644317627),
        }},
        {Time = 0.267, Data = {
            ["LeftFoot"] = CFrame.new(-3.725290298461914e-09, 0, -6.234040483832359e-08, 0.9777186512947083, -0.1955508291721344, -0.07632862031459808, 0.20011606812477112, 0.9780809879302979, 0.057545095682144165, 0.06340281665325165, -0.0715373158454895, 0.9954208135604858),
            ["LeftLowerArm"] = CFrame.new(-5.960464477539063e-08, 2.384185791015625e-07, -1.1920928955078125e-07, 1, -7.450580596923828e-08, 7.078048724906694e-08, 8.195640788244418e-08, 0.2310488522052765, -0.9729421734809875, 6.705523958316917e-08, 0.9729421734809875, 0.2310488373041153),
            ["LowerTorso"] = CFrame.new(0.03743648901581764, -0.2579507827758789, -0.17168796062469482, 0.9483698010444641, 0.10817365348339081, 0.29814961552619934, -0.1210947185754776, 0.9923222661018372, 0.02515334077179432, -0.2931395471096039, -0.059959013015031815, 0.9541876912117004),
            ["Head"] = CFrame.new(-2.60770320892334e-08, -4.76837158203125e-07, -1.862645149230957e-08, 0.9732332825660706, 0.12545502185821533, -0.19255708158016205, -0.11671185493469238, 0.9915778040885925, 0.05614214763045311, 0.197978675365448, -0.03216572105884552, 0.9796784520149231),
            ["RightUpperArm"] = CFrame.new(1.1920928955078125e-07, 0, -7.450580596923828e-08, 0.14045153558254242, 0.2568732500076294, 0.9561848640441895, 0.5869227647781372, -0.7993749380111694, 0.1285357028245926, 0.7973676323890686, 0.5431535840034485, -0.26303812861442566),
            ["UpperTorso"] = CFrame.new(4.470348358154297e-08, -5.662441253662109e-07, 0, 0.9787315130233765, -0.17998039722442627, 0.09844645112752914, 0.17208874225616455, 0.9815300107002258, 0.08357291668653488, -0.11166970431804657, -0.06485391408205032, 0.9916269183158875),
            ["HumanoidRootPart"] = CFrame.new(0, 0, 0, 1, 0, 0, 0, 1, 0, 0, 0, 1),
            ["RightHand"] = CFrame.new(-1.30385160446167e-07, 0, -2.0489096641540527e-07, 0.9376400709152222, -0.22017084062099457, 0.2689906060695648, 0.32520774006843567, 0.8289143443107605, -0.45512762665748596, -0.12276439368724823, 0.5142236948013306, 0.8488245606422424),
            ["LeftUpperArm"] = CFrame.new(0, 0.0000010728836059570312, 5.960464477539063e-08, 0.9383854269981384, 0.32564905285835266, 0.11569628119468689, -0.3434208035469055, 0.9161424040794373, 0.20674927532672882, -0.0386664904654026, -0.23374299705028534, 0.9715293049812317),
            ["RightLowerArm"] = CFrame.new(0, -8.940696716308594e-07, 3.8743019104003906e-07, 1, -1.0989607801548118e-07, 1.0430811414607888e-07, 1.341104365337742e-07, 0.8393723964691162, -0.5435568690299988, 5.215405707303944e-08, 0.543556809425354, 0.8393723964691162),
            ["LeftHand"] = CFrame.new(1.862645149230957e-08, -1.1920928955078125e-07, -3.166496753692627e-08, 0.8695052862167358, -0.1968466192483902, 0.45300331711769104, 0.24500948190689087, 0.968254566192627, -0.0495346337556839, -0.4288717806339264, 0.15406078100204468, 0.8901316523551941),
            ["RightUpperLeg"] = CFrame.new(-2.9802322387695312e-08, -5.178153514862061e-07, -1.6596459317952394e-08, 0.7016894221305847, -0.673262357711792, -0.2331312745809555, 0.49122154712677, 0.6941571831703186, -0.5261622667312622, 0.5160749554634094, 0.25468361377716064, 0.8178038001060486),
            ["LeftUpperLeg"] = CFrame.new(2.9802322387695312e-08, -2.832384780049324e-07, 3.91155481338501e-08, 0.9786416292190552, 0.18173234164714813, 0.09609314054250717, -0.08703163266181946, 0.7897495627403259, -0.60722416639328, -0.18624189496040344, 0.5858917236328125, 0.7886981964111328),
