return {
    ["Puppet Dance"] = {
        {Time = 0.000, Data = {
            ["RightFoot"] = CFrame.new(1.2293457984924316e-07, -5.960464477539063e-08, -2.8107024263590574e-08, 0.9859628677368164, -0.11457374691963196, 0.12145066261291504, 0.07558023184537888, 0.9548749327659607, 0.28723081946372986, -0.14887918531894684, -0.27401939034461975, 0.9501307010650635),
            ["LeftLowerArm"] = CFrame.new(0.0000011622905731201172, 0, 0.000004891306161880493, 1, 1.5133991837501526e-07, 5.960465188081798e-08, -1.341104507446289e-07, 0.9744994044303894, -0.2243904024362564, -1.3690441846847534e-07, 0.2243904024362564, 0.9744994044303894),
            ["RightUpperArm"] = CFrame.new(-0.0360102653503418, 0.011637210845947266, -0.020574308931827545, 0.5814106464385986, -0.7664392590522766, -0.27300673723220825, 0.810379683971405, 0.5754001140594482, 0.11045204102993011, 0.07243335247039795, -0.2854570150375366, 0.9556503891944885),
            ["Head"] = CFrame.new(1.5133991837501526e-09, -7.152557373046875e-07, 1.9237631931900978e-08, 0.9980074763298035, 0.03980807214975357, -0.04895256459712982, -0.029066838324069977, 0.978689968585968, 0.20327574014663696, 0.05600143224000931, -0.20144784450531006, 0.977897047996521),
            ["RightHand"] = CFrame.new(1.4528632164001465e-07, 0.0000011920928955078125, -7.748603820800781e-07, 0.8321255445480347, 0.27318787574768066, 0.4826332628726959, -0.3435654640197754, 0.9370847344398499, 0.061929360032081604, -0.43535035848617554, -0.21734920144081116, 0.8736303448677063),
            ["UpperTorso"] = CFrame.new(1.0710209608078003e-08, 2.086162567138672e-07, -2.2526364773511887e-08, 0.9934240579605103, -0.042093247175216675, 0.10647433251142502, 0.03990102559328079, 0.9989471435546875, 0.02263764664530754, -0.10731521248817444, -0.018240345641970634, 0.9940577149391174),
            ["HumanoidRootPart"] = CFrame.new(0, 0, 0, 1, 0, 0, 0, 1, 0, 0, 0, 1),
            ["RightUpperLeg"] = CFrame.new(-2.9802322387695312e-08, 1.9744038581848145e-07, -4.639878170564771e-08, 0.9877703785896301, -0.12081342935562134, -0.098558709025383, 0.07195119559764862, 0.9140018224716187, -0.39927908778190613, 0.13832107186317444, 0.3873046636581421, 0.911516547203064),
            ["LeftUpperArm"] = CFrame.new(0.025001823902130127, 0.003926277160644531, -0.020636796951293945, 0.5203755497932434, 0.8499197959899902, -0.08273839205503464, -0.7759305834770203, 0.5110720992088318, 0.36977988481521606, 0.35656842589378357, -0.12822508811950684, 0.9254281520843506),
            ["RightLowerArm"] = CFrame.new(0.0000011324882507324219, 2.384185791015625e-07, -0.000003919005393981934, 1, -0.0000189165621122811, -0.000004231930688547436, 0.000018866267055273056, 0.9999972581863403, -0.0023736958391964436, 0.000004278495907783508, 0.0023737256415188313, 0.9999972581863403),
            ["LeftHand"] = CFrame.new(-0.000001216307282447815, -0.0000013709068298339844, 4.0978193283081055e-08, 0.9273293018341064, -0.36250635981559753, -0.09300164878368378, 0.3383278548717499, 0.9182612895965576, -0.20574450492858887, 0.1599837690591812, 0.1593279242515564, 0.9741765260696411),
            ["LeftFoot"] = CFrame.new(-4.190951585769653e-08, 0, 7.450580596923828e-09, 0.9963760375976562, 0.08327673375606537, -0.017313871532678604, -0.06185431405901909, 0.8491239547729492, 0.524559736251831, 0.05838518217206001, -0.5215875506401062, 0.8511976599693298),
            ["LowerTorso"] = CFrame.new(0.008952699601650238, 0.3539557456970215, 0.1292918622493744, 0.9987378716468811, 0.03144249692559242, -0.03916702792048454, -0.029943125322461128, 0.9988176822662354, 0.038297176361083984, 0.040324874222278595, -0.037076059728860855, 0.9984985589981079),
            ["RightLowerLeg"] = CFrame.new(-1.30385160446167e-07, -0.0007263422012329102, 0.000046009030484128743, 1, 8.568170528633345e-08, 9.313226634333205e-09, -4.4703490686970326e-08, 0.6921828985214233, 0.7217221856117249, 1.2107194891086692e-07, -0.7217221260070801, 0.6921828389167786),
            ["LeftUpperLeg"] = CFrame.new(0, 3.976747393608093e-07, -2.60770320892334e-08, 0.9706466794013977, 0.06794900447130203, 0.2307119220495224, 0.05220383405685425, 0.8768696188926697, -0.47788548469543457, -0.2347760647535324, 0.4759020209312439, 0.8475833535194397),
            ["LeftLowerLeg"] = CFrame.new(-9.313225746154785e-09, -0.0007265806198120117, 0.00008091330528259277, 1, 5.681068415697155e-08, 2.1420419216156006e-08, -4.563480615615845e-08, 0.7992520928382874, 0.6009960174560547, 1.210719347000122e-08, -0.6009958982467651, 0.7992520928382874),
        }},
        {Time = 0.029, Data = {
            ["RightFoot"] = CFrame.new(1.7508864402770996e-07, -1.7881393432617188e-07, 2.4047039914876223e-08, 0.9954866766929626, -0.06236719340085983, 0.07153069227933884, 0.03938445448875427, 0.9572633504867554, 0.28652358055114746, -0.08634345233440399, -0.28241315484046936, 0.9553991556167603),
            ["LeftLowerArm"] = CFrame.new(0.000001519918441772461, -5.960464477539062e-07, 0.000004757195711135864, 1, 2.2444874048233032e-07, 1.1175869474300271e-07, -1.1175870895385742e-07, 0.9573192596435547, -0.28903287649154663, -1.043081283569336e-07, 0.28903287649154663, 0.9573192000389099),
            ["RightUpperArm"] = CFrame.new(-0.04351067543029785, 0.01846301555633545, -0.013757102191448212, 0.5659600496292114, -0.7803976535797119, -0.2658350169658661, 0.8236397504806519, 0.5493550300598145, 0.140808567404747, 0.036151133477687836, -0.29864436388015747, 0.953679621219635),
            ["Head"] = CFrame.new(1.3969838619232178e-09, -0.0000011920928955078125, -1.6909325495362282e-08, 0.9978234767913818, 0.03299068287014961, -0.057097647339105606, -0.025524374097585678, 0.9915899038314819, 0.12687823176383972, 0.060803286731243134, -0.12514473497867584, 0.990273654460907),
            ["RightHand"] = CFrame.new(9.499490261077881e-08, 0.0000012516975402832031, -8.344650268554688e-07, 0.8359240889549255, 0.2598589360713959, 0.4834292531013489, -0.30774885416030884, 0.9512398838996887, 0.020823001861572266, -0.4544465243816376, -0.16618117690086365, 0.8751357793807983),
            ["UpperTorso"] = CFrame.new(1.862645149230957e-08, 2.980232238769531e-07, 1.862645149230957e-08, 0.9852719306945801, -0.0631536990404129, 0.1589050590991974, 0.06392970681190491, 0.9979544878005981, 0.00022902502678334713, -0.15859447419643402, 0.009933060966432095, 0.9872938394546509),
            ["HumanoidRootPart"] = CFrame.new(0, 0, 0, 1, 0, 0, 0, 1, 0, 0, 0, 1),
            ["RightUpperLeg"] = CFrame.new(8.940696716308594e-08, 7.953494787216187e-07, 1.3205863069742918e-08, 0.9927297830581665, -0.1130189597606659, 0.0414055660367012, 0.1195334941148758, 0.8853424191474915, -0.4493113160133362, 0.014122595079243183, 0.45099395513534546, 0.8924152851104736),
            ["LeftUpperArm"] = CFrame.new(0.017779111862182617, -0.005439162254333496, -0.01431816816329956, 0.4854150712490082, 0.8736460208892822, -0.03338559344410896, -0.8108994960784912, 0.46416985988616943, 0.35635486245155334, 0.32682448625564575, -0.1459077149629593, 0.933754026889801),
            ["RightLowerArm"] = CFrame.new(1.7881393432617188e-07, 4.76837158203125e-07, -0.000004112720489501953, 1, -0.00001908280137286056, -0.000003542751528584631, 0.000018925407857750542, 0.9992191791534424, -0.039512258023023605, 0.00000428035900768009, 0.039512280374765396, 0.9992191791534424),
            ["LeftHand"] = CFrame.new(-0.0000013541430234909058, -0.0000013113021850585938, 1.4156103134155273e-07, 0.9314092397689819, -0.3298434913158417, -0.15388283133506775, 0.30113258957862854, 0.9358144998550415, -0.18322303891181946, 0.20444081723690033, 0.12431654334068298, 0.9709528684616089),
            ["LeftFoot"] = CFrame.new(6.239861249923706e-08, -1.7881393432617188e-07, -2.0489096641540527e-08, 0.9981047511100769, 0.05525841936469078, -0.02708364464342594, -0.03440733253955841, 0.8659927248954773, 0.49887147545814514, 0.05102109536528587, -0.4969940781593323, 0.8662527799606323),
            ["LowerTorso"] = CFrame.new(0.007295234128832817, 0.3500499725341797, 0.12468792498111725, 0.9950000643730164, 0.04990079626441002, -0.08651577681303024, -0.044943634420633316, 0.9972852468490601, 0.05832942947745323, 0.08919158577919006, -0.05414943769574165, 0.9945415258407593),
            ["RightLowerLeg"] = CFrame.new(-1.1548399925231934e-07, -0.0007264614105224609, 0.000046131965063977987, 1, 1.0058288779646318e-07, -9.313227522511625e-09, -6.332993507385254e-08, 0.6916478872299194, 0.7222349643707275, 9.872019290924072e-08, -0.7222350239753723, 0.6916478276252747),
            ["LeftUpperLeg"] = CFrame.new(-5.960464477539063e-08, 4.2747706174850464e-07, 1.862645149230957e-08, 0.9620053768157959, 0.10183357447385788, 0.25332915782928467, 0.02956494130194187, 0.8835328817367554, -0.4674350321292877, -0.2714252471923828, 0.4571647346019745, 0.8469526767730713),
            ["LeftLowerLeg"] = CFrame.new(1.2665987014770508e-07, -0.0007263422012329102, 0.000080890953540802, 1, 4.284083843231201e-08, 1.5366824257512235e-08, -6.519258732851085e-08, 0.797123908996582, 0.6038159132003784, 1.210719524635806e-08, -0.6038158535957336, 0.7971238493919373),
        }},
        {Time = 0.059, Data = {
            ["RightFoot"] = CFrame.new(5.3783878684043884e-08, -2.384185791015625e-07, -2.0656443666666746e-08, 0.9998143911361694, -0.000405099184717983, 0.019260646775364876, -0.005106654949486256, 0.9584422707557678, 0.28524067997932434, -0.018575677648186684, -0.2852860987186432, 0.9582623839378357),
            ["LeftLowerArm"] = CFrame.new(0.0000011920928955078125, -2.384185791015625e-07, 0.0000050067901611328125, 1, 1.4156101713069802e-07, 1.4901161193847656e-07, -7.450581307466564e-08, 0.9314465522766113, -0.36387819051742554, -1.4156104555240745e-07, 0.36387819051742554, 0.9314465522766113),
            ["RightUpperArm"] = CFrame.new(-0.04969125986099243, 0.022460222244262695, -0.01119162142276764, 0.5521643161773682, -0.7942094802856445, -0.25366446375846863, 0.8337202668190002, 0.524151086807251, 0.17371368408203125, -0.0050065778195858, -0.30740365386009216, 0.9515661001205444),
            ["Head"] = CFrame.new(3.4924596548080444e-09, -3.5762786865234375e-07, -8.833012543618679e-09, 0.9978376626968384, 0.02365732565522194, -0.061322856694459915, -0.02178373746573925, 0.9992806911468506, 0.03104327619075775, 0.06201314553618431, -0.029640406370162964, 0.9976351261138916),
            ["RightHand"] = CFrame.new(0.0000010151416063308716, 0.0000013113021850585938, -7.897615432739258e-07, 0.8366958498954773, 0.24958497285842896, 0.48749062418937683, -0.28602883219718933, 0.9582210779190063, 0.0003312976041343063, -0.4670414924621582, -0.1397136151790619, 0.8731282353401184),
            ["UpperTorso"] = CFrame.new(-2.60770320892334e-08, 1.4901161193847656e-07, -6.05359673500061e-09, 0.9766461849212646, -0.07741433382034302, 0.20042306184768677, 0.08275388926267624, 0.9964003562927246, -0.01838899962604046, -0.19827800989151, 0.03454531356692314, 0.9795369505882263),
            ["HumanoidRootPart"] = CFrame.new(0, 0, 0, 1, 0, 0, 0, 1, 0, 0, 0, 1),
            ["RightUpperLeg"] = CFrame.new(0, 2.3469328880310059e-07, -1.287116901949048e-08, 0.9799938201904297, -0.09725060313940048, 0.17365023493766785, 0.1709214448928833, 0.8582442402839661, -0.4839448630809784, -0.10197049379348755, 0.5039436221122742, 0.8576962947845459),
            ["LeftUpperArm"] = CFrame.new(0.011956393718719482, -0.012622833251953125, -0.012364313006401062, 0.4570571780204773, 0.8894303441047668, 0.003506208537146449, -0.8360738158226013, 0.4282870292663574, 0.3428575396537781, 0.3034459948539734, -0.15963688492774963, 0.9393810033798218),
            ["RightLowerArm"] = CFrame.new(1.1920928955078125e-07, 3.5762786865234375e-07, -0.0000037550926208496094, 1, -0.000019353812604094855, -0.0000014863910564599792, 0.00001887977123260498, 0.9893102645874023, -0.14582574367523193, 0.00000426173210144043, 0.14582578837871552, 0.9893103241920471),
            ["LeftHand"] = CFrame.new(-9.285286068916321e-07, -0.0000012516975402832031, 1.1175870895385742e-07, 0.9384545087814331, -0.2781871259212494, -0.2047310769557953, 0.2509356439113617, 0.9564170837402344, -0.14932529628276825, 0.23734895884990692, 0.08876080065965652, 0.9673610329627991),
            ["LeftFoot"] = CFrame.new(4.7031790018081665e-08, 5.960464477539063e-08, -2.2351741790771484e-08, 0.9997814297676086, 0.016173753887414932, -0.013246925547719002, -0.008042114786803722, 0.8824101686477661, 0.4704124927520752, 0.019297540187835693, -0.4702029824256897, 0.8823471665382385),
            ["LowerTorso"] = CFrame.new(0.006641089916229248, 0.33420348167419434, 0.12035219371318817, 0.9900155067443848, 0.06287475675344467, -0.12615883350372314, -0.053386140614748, 0.995582640171051, 0.07723525166511536, 0.13045768439769745, -0.06972895562648773, 0.9889988303184509),
            ["RightLowerLeg"] = CFrame.new(-1.0477378964424133e-08, -0.0007263422012329102, 0.00004596805229084566, 1, 1.2014065475796087e-07, 5.587936779960501e-09, -4.563479905073109e-08, 0.6921952962875366, 0.7217103838920593, 7.636844401304188e-08, -0.7217103242874146, 0.6921952366828918),
            ["LeftUpperLeg"] = CFrame.new(-5.960464477539063e-08, 1.1641532182693481e-07, -3.725290298461914e-09, 0.964046835899353, 0.1300579309463501, 0.23172995448112488, -0.006970438174903393, 0.8841184377670288, -0.4672108590602875, -0.2656412124633789, 0.44879788160324097, 0.8532381057739258),
            ["LeftLowerLeg"] = CFrame.new(5.960464477539063e-08, -0.0007266998291015625, 0.00008103623986244202, 1, 5.587936158235607e-08, 1.1175872671742582e-08, -4.470348358154297e-08, 0.7850378155708313, 0.6194479465484619, 7.450580596923828e-09, -0.6194478869438171, 0.7850378751754761),
        }},
        {Time = 0.088, Data = {
            ["RightFoot"] = CFrame.new(1.7415732145309448e-07, -1.1920928955078125e-07, -1.4370016288012266e-08, 0.9971064329147339, 0.07040920853614807, -0.02866286411881447, -0.059495944529771805, 0.9574798345565796, 0.2822989523410797, 0.04732050374150276, -0.27977678179740906, 0.9588982462882996),
            ["LeftLowerArm"] = CFrame.new(8.940696716308594e-07, -2.980232238769531e-07, 0.000004850327968597412, 1, 1.7136335372924805e-07, 7.4505820180093e-08, -8.940698137394065e-08, 0.897919774055481, -0.44015929102897644, -1.266598843585598e-07, 0.4401591718196869, 0.8979198336601257),
            ["RightUpperArm"] = CFrame.new(-0.05349200963973999, 0.023813724517822266, -0.017357278615236282, 0.5416340231895447, -0.810562014579773, -0.2227596640586853, 0.8373408317565918, 0.4968726336956024, 0.2279864102602005, -0.07411399483680725, -0.31001102924346924, 0.9478399157524109),
            ["Head"] = CFrame.new(-6.693881005048752e-09, -8.344650268554688e-07, 1.4551915228366852e-09, 0.9982754588127136, 0.014446758665144444, -0.05689834803342819, -0.018747638911008835, 0.9969472289085388, -0.07579536736011505, 0.05562969669699669, 0.07673124969005585, 0.9954986572265625),
            ["RightHand"] = CFrame.new(0.0000013485550880432129, 0.0000011920928955078125, -6.854534149169922e-07, 0.8379831314086914, 0.24174538254737854, 0.48922696709632874, -0.2660008668899536, 0.9637526869773865, -0.020600976422429085, -0.4764745533466339, -0.11287142336368561, 0.8719131946563721),
            ["UpperTorso"] = CFrame.new(5.587935447692871e-09, 1.7881393432617188e-07, -9.313225746154785e-09, 0.9720916152000427, -0.0794258713722229, 0.22074736654758453, 0.08929368108510971, 0.9953877329826355, -0.03507198765873909, -0.21694359183311462, 0.053804557770490646, 0.9747002720832825),
            ["HumanoidRootPart"] = CFrame.new(0, 0, 0, 1, 0, 0, 0, 1, 0, 0, 0, 1),
            ["RightUpperLeg"] = CFrame.new(-2.9802322387695312e-08, 3.7066638469696045e-07, 2.8107024263590574e-08, 0.9579805135726929, -0.07991182804107666, 0.27547687292099, 0.21477851271629333, 0.836410403251648, -0.5042695999145508, -0.19011449813842773, 0.54224693775177, 0.8184282183647156),
            ["LeftUpperArm"] = CFrame.new(0.0083693265914917, -0.01648879051208496, -0.018665261566638947, 0.4449271857738495, 0.8952524662017822, 0.023726649582386017, -0.8475589752197266, 0.4123707413673401, 0.3340572416782379, 0.2892815172672272, -0.1687408983707428, 0.9422541856765747),
            ["RightLowerArm"] = CFrame.new(0.0000020265579223632812, 6.556510925292969e-07, -0.0000036731362342834473, 1, -0.00001945300209627021, 7.040799232527206e-07, 0.000018935652406071313, 0.9671472907066345, -0.25421690940856934, 0.000004284084297978552, 0.2542169392108917, 0.9671472311019897),
            ["LeftHand"] = CFrame.new(-0.0000015506520867347717, -0.0000012516975402832031, 1.7881393432617188e-07, 0.9453842639923096, -0.21922871470451355, -0.2412203997373581, 0.19727103412151337, 0.9739303588867188, -0.11199963837862015, 0.25948575139045715, 0.05829703062772751, 0.9639859795570374),
            ["LeftFoot"] = CFrame.new(-3.952300176024437e-08, -5.960464477539063e-08, -2.7939677238464355e-09, 0.9987015724182129, -0.048434723168611526, 0.015788841992616653, 0.03640584275126457, 0.8953595757484436, 0.44385382533073425, -0.03563457354903221, -0.4427025616168976, 0.8959600925445557),
            ["LowerTorso"] = CFrame.new(0.007332947105169296, 0.3052535057067871, 0.11663290858268738, 0.9862953424453735, 0.06386911869049072, -0.15212564170360565, -0.04961146041750908, 0.9941688776016235, 0.09574420005083084, 0.15735368430614471, -0.08688487857580185, 0.9837128520011902),
            ["RightLowerLeg"] = CFrame.new(3.725290298461914e-09, -0.0007264614105224609, 0.000046247449063230306, 1, 9.685758328714655e-08, -1.816079731042919e-08, -7.82310962677002e-08, 0.698458194732666, 0.7156509160995483, 9.685754776000977e-08, -0.7156509160995483, 0.6984581351280212),
            ["LeftUpperLeg"] = CFrame.new(2.9802322387695312e-08, 2.0023435354232788e-08, -2.2351741790771484e-08, 0.9733717441558838, 0.15866269171237946, 0.16544972360134125, -0.0642518624663353, 0.8816612958908081, -0.4674881100654602, -0.22004354000091553, 0.44440940022468567, 0.8683785796165466),
            ["LeftLowerLeg"] = CFrame.new(-6.705522537231445e-08, -0.0007267594337463379, 0.00008087122114375234, 1, 4.842878098543224e-08, 2.2351745343485163e-08, -5.029141902923584e-08, 0.7720954418182373, 0.6355069875717163, 1.792795956134796e-08, -0.6355066895484924, 0.7720952033996582),
        }},
        {Time = 0.118, Data = {
            ["RightFoot"] = CFrame.new(1.30385160446167e-07, 0, -3.183231456205249e-08, 0.9881275296211243, 0.13986468315124512, -0.06357663869857788, -0.11597827076911926, 0.9504631161689758, 0.28839051723480225, 0.10076284408569336, -0.27759289741516113, 0.9553998708724976),
            ["LeftLowerArm"] = CFrame.new(9.238719940185547e-07, -5.960464477539063e-08, 0.000004556030035018921, 1, 1.1920930376163597e-07, 3.7252917195473856e-08, -8.940698137394065e-08, 0.8603184223175049, -0.5097571611404419, -7.264316792543468e-08, 0.5097571015357971, 0.8603183627128601),
            ["RightUpperArm"] = CFrame.new(-0.04650723934173584, 0.014206290245056152, -0.037053633481264114, 0.5327288508415222, -0.8271337151527405, -0.17902415990829468, 0.8255788087844849, 0.46142372488975525, 0.32482001185417175, -0.1860634684562683, -0.3208394944667816, 0.9286777377128601),
            ["Head"] = CFrame.new(9.66247171163559e-09, -3.5762786865234375e-07, 1.798616722226143e-08, 0.9991751313209534, 0.007109636440873146, -0.03998154029250145, -0.01431402936577797, 0.9830242395401001, -0.1829170137643814, 0.03800240159034729, 0.1833382248878479, 0.9823151230812073),
            ["RightHand"] = CFrame.new(6.882473826408386e-07, 0.0000013709068298339844, -6.891787052154541e-07, 0.8429247140884399, 0.2362663596868515, 0.4833793640136719, -0.24804022908210754, 0.9679005742073059, -0.04055468365550041, -0.4774453043937683, -0.08571294695138931, 0.874471127986908),
            ["UpperTorso"] = CFrame.new(4.6566128730773926e-09, -2.9802322387695312e-08, -6.332993507385254e-08, 0.9731823205947876, -0.06202014908194542, 0.22151684761047363, 0.07508095353841782, 0.9958710074424744, -0.05102734640240669, -0.21743756532669067, 0.06629052013158798, 0.9738206267356873),
            ["HumanoidRootPart"] = CFrame.new(0, 0, 0, 1, 0, 0, 0, 1, 0, 0, 0, 1),
            ["RightUpperLeg"] = CFrame.new(5.960464477539063e-08, -9.12696123123169e-08, -3.894820110872388e-08, 0.9385288953781128, -0.06711602210998535, 0.3386135995388031, 0.24271810054779053, 0.8258024454116821, -0.5090563893318176, -0.24546197056770325, 0.559951663017273, 0.791329562664032),
            ["LeftUpperArm"] = CFrame.new(0.01474606990814209, -0.00825202465057373, -0.037443291395902634, 0.4452136754989624, 0.8951984643936157, 0.020108940079808235, -0.841188371181488, 0.4104446470737457, 0.35204780101776123, 0.3068988025188446, -0.1736518144607544, 0.9357659816741943),
            ["RightLowerArm"] = CFrame.new(5.364418029785156e-07, 5.960464477539062e-07, -0.000003871507942676544, 1, -0.00001919921487569809, 0.00000283122085420473, 0.000018931925296783447, 0.9330288767814636, -0.35980138182640076, 0.00000432133674621582, 0.3598014712333679, 0.9330289363861084),
            ["LeftHand"] = CFrame.new(-0.0000018328428268432617, -0.0000015497207641601562, 3.725290298461914e-07, 0.9506239295005798, -0.16559413075447083, -0.2624734938144684, 0.1492396742105484, 0.9854604601860046, -0.08121152222156525, 0.272105872631073, 0.03803025186061859, 0.9615157246589661),
            ["LeftFoot"] = CFrame.new(-5.6927092373371124e-08, 0, -7.450580596923828e-09, 0.9915086627006531, -0.12423460185527802, 0.03842337802052498, 0.09716721624135971, 0.9041513204574585, 0.4160161316394806, -0.08642404526472092, -0.40874963998794556, 0.908545196056366),
            ["LowerTorso"] = CFrame.new(0.00675232894718647, 0.2616715431213379, 0.11391858756542206, 0.984189510345459, 0.04842206835746765, -0.17037108540534973, -0.029141929000616074, 0.9930648803710938, 0.11389882862567902, 0.17470476031303406, -0.10713308304548264, 0.978775143623352),
            ["RightLowerLeg"] = CFrame.new(1.1175870895385742e-08, -0.0007260441780090332, 0.00004602393164532259, 1, 8.195641498787154e-08, -7.450581485102248e-09, -8.195636524988004e-08, 0.727568507194519, 0.6860349178314209, 1.0430809993522416e-07, -0.6860350370407104, 0.7275686264038086),
            ["LeftUpperLeg"] = CFrame.new(5.960464477539063e-08, 5.774199962615967e-08, -3.166496753692627e-08, 0.9743990302085876, 0.2078249752521515, 0.08576326817274094, -0.14583055675029755, 0.8745726346969604, -0.4624459147453308, -0.17111407220363617, 0.43810009956359863, 0.8824899196624756),
            ["LeftLowerLeg"] = CFrame.new(1.4901161193847656e-08, -0.0007264018058776855, 0.00008103623986244202, 1, 7.264316792543468e-08, 9.313224857976365e-09, -4.563479905073109e-08, 0.7577123641967773, 0.6525889039039612, 2.607702853651972e-08, -0.6525887250900269, 0.7577121257781982),
        }},
        {Time = 0.147, Data = {
            ["RightFoot"] = CFrame.new(1.8719583749771118e-07, 5.960464477539063e-08, 5.3849362302571535e-08, 0.9727489948272705, 0.21007037162780762, -0.0981319323182106, -0.17363876104354858, 0.9404960870742798, 0.2920905649662018, 0.153652161359787, -0.2670910358428955, 0.9513429403305054),
            ["LeftLowerArm"] = CFrame.new(0.0000014901161193847656, -2.980232238769531e-07, 0.000004771631211042404, 1, 1.9371509552001953e-07, 4.4703490686970326e-08, -1.341104507446289e-07, 0.8244753479957581, -0.565898060798645, -1.1897645890712738e-07, 0.5658979415893555, 0.8244753479957581),
            ["RightUpperArm"] = CFrame.new(-0.04293578863143921, 0.008997559547424316, -0.06112886220216751, 0.5255920886993408, -0.835885226726532, -0.15826813876628876, 0.8001707792282104, 0.42253997921943665, 0.4256604015827179, -0.28892865777015686, -0.3503653109073639, 0.8909345865249634),
            ["Head"] = CFrame.new(-1.3154931366443634e-08, -5.960464477539062e-07, 1.6880221664905548e-08, 0.9998981952667236, 0.006404793821275234, -0.012749679386615753, -0.009764201007783413, 0.9587326645851135, -0.28414177894592285, 0.010403674095869064, 0.2842373251914978, 0.958697497844696),
            ["RightHand"] = CFrame.new(6.183981895446777e-07, 0.0000013709068298339844, -6.332993507385254e-07, 0.8584174513816833, 0.23424755036830902, 0.4563409984111786, -0.23470863699913025, 0.9704153537750244, -0.056623101234436035, -0.4561045467853546, -0.0585007481276989, 0.8880016207695007),
            ["UpperTorso"] = CFrame.new(-2.3283064365386963e-09, -2.384185791015625e-07, 2.1187588572502136e-08, 0.9779313802719116, -0.03587224334478378, 0.2058236449956894, 0.04907030984759331, 0.9970287084579468, -0.0593797042965889, -0.20308205485343933, 0.06816902756690979, 0.9767858982086182),
            ["HumanoidRootPart"] = CFrame.new(0, 0, 0, 1, 0, 0, 0, 1, 0, 0, 0, 1),
            ["RightUpperLeg"] = CFrame.new(-2.9802322387695312e-08, -7.068738341331482e-07, -4.639878170564771e-08, 0.9189597964286804, -0.05881265550851822, 0.38994115591049194, 0.2685820460319519, 0.8173689842224121, -0.5096781253814697, -0.2887502610683441, 0.5731047987937927, 0.7669250965118408),
            ["LeftUpperArm"] = CFrame.new(0.01815354824066162, -0.005195736885070801, -0.06105339527130127, 0.4437432587146759, 0.8961222171783447, -0.007540809456259012, -0.819430410861969, 0.4091448187828064, 0.40141546726226807, 0.36280256509780884, -0.17194624245166779, 0.9158650636672974),
            ["RightLowerArm"] = CFrame.new(5.662441253662109e-07, 2.980232238769531e-07, -0.000003844499588012695, 1, -0.00001878291368484497, 0.000004857779003941687, 0.000018909573554992676, 0.8875042200088501, -0.4607997238636017, 0.000004298985004425049, 0.4607996940612793, 0.8875042200088501),
            ["LeftHand"] = CFrame.new(-0.0000013262033462524414, -0.0000012516975402832031, -5.960464477539063e-08, 0.9537858366966248, -0.13023653626441956, -0.2707964777946472, 0.11621282994747162, 0.9909440279006958, -0.06726475059986115, 0.27710485458374023, 0.032686375081539154, 0.9602837562561035),
            ["LeftFoot"] = CFrame.new(3.4924596548080444e-08, -1.1920928955078125e-07, -2.2817403078079224e-08, 0.9775078892707825, -0.20419704914093018, 0.05274440348148346, 0.1677718162536621, 0.904446005821228, 0.3922121524810791, -0.12779302895069122, -0.37454119324684143, 0.9183614253997803),
            ["LowerTorso"] = CFrame.new(0.0024437252432107925, 0.20193696022033691, 0.1127733439207077, 0.9828292727470398, 0.025854896754026413, -0.1826968789100647, -0.0013485982781276107, 0.9911144375801086, 0.13300566375255585, 0.18451234698295593, -0.1304754614830017, 0.974131166934967),
            ["RightLowerLeg"] = CFrame.new(-6.705522537231445e-08, -0.0007262229919433594, 0.00004600157990353182, 1, 7.4505820180093e-08, -7.450580596923828e-09, -4.4703469370688254e-08, 0.7577418684959412, 0.6525542736053467, 9.685751223287298e-08, -0.652554452419281, 0.7577419877052307),
            ["LeftUpperLeg"] = CFrame.new(2.9802322387695312e-08, -7.227063179016113e-07, 3.725290298461914e-09, 0.9653838872909546, 0.2608185112476349, 0.00275238836184144, -0.232561394572258, 0.8654763698577881, -0.44369566440582275, -0.11810620874166489, 0.4276966452598572, 0.8961732983589172),
            ["LeftLowerLeg"] = CFrame.new(9.313225746154785e-09, -0.0007262229919433594, 0.00008097290992736816, 1, 4.097820394122209e-08, 3.492460010079412e-08, -5.21540641784668e-08, 0.7500542402267456, 0.6613765954971313, 2.9802322387695312e-08, -0.6613762974739075, 0.750054121017456),
        }},
        {Time = 0.176, Data = {
            ["RightFoot"] = CFrame.new(2.0256265997886658e-07, -1.1920928955078125e-07, 1.6596459317952394e-08, 0.9522961974143982, 0.27393287420272827, -0.13450968265533447, -0.22601091861724854, 0.9292336702346802, 0.2923077940940857, 0.2050636261701584, -0.2479630410671234, 0.9468175172805786),
            ["LeftLowerArm"] = CFrame.new(0.0000013709068298339844, 5.960464477539063e-08, 0.000004798173904418945, 1, 1.937150670983101e-07, 7.450580596923828e-08, -1.4901161193847656e-07, 0.7975748777389526, -0.6032199263572693, -8.381903171539307e-08, 0.6032199859619141, 0.7975749373435974),
            ["RightUpperArm"] = CFrame.new(-0.041590988636016846, 0.006690382957458496, -0.08350280672311783, 0.5165907740592957, -0.8444352746009827, -0.14164413511753082, 0.7673594355583191, 0.3832018971443176, 0.5141164064407349, -0.37985989451408386, -0.3742798864841461, 0.8459441065788269),
            ["Head"] = CFrame.new(-5.238689482212067e-10, -7.152557373046875e-07, -4.7119101509451866e-08, 0.9996205568313599, 0.019695738330483437, 0.01926136016845703, -0.011668662540614605, 0.93607497215271, -0.35160714387893677, -0.024955283850431442, 0.3512490391731262, 0.9359495043754578),
            ["RightHand"] = CFrame.new(6.92903995513916e-07, 0.0000011324882507324219, -6.705522537231445e-07, 0.893541157245636, 0.23282843828201294, 0.3838942050933838, -0.2263605296611786, 0.9720264673233032, -0.06265579164028168, -0.3877437114715576, -0.0309128500521183, 0.9212489128112793),
            ["UpperTorso"] = CFrame.new(7.799826562404633e-09, 4.172325134277344e-07, 4.45579644292593e-08, 0.9835067391395569, -0.01470222044736147, 0.180273175239563, 0.025726279243826866, 0.9979283809661865, -0.05896732956171036, -0.17903274297714233, 0.0626324713230133, 0.9818474650382996),
            ["HumanoidRootPart"] = CFrame.new(0, 0, 0, 1, 0, 0, 0, 1, 0, 0, 0, 1),
            ["RightUpperLeg"] = CFrame.new(2.9802322387695312e-08, 4.316680133342743e-07, -9.145878721028566e-09, 0.8970502614974976, -0.0664740800857544, 0.43690043687820435, 0.3041952848434448, 0.8100181818008423, -0.5013344883918762, -0.32057151198387146, 0.5826249718666077, 0.7468478679656982),
            ["LeftUpperArm"] = CFrame.new(0.019475996494293213, -0.005989789962768555, -0.08315455913543701, 0.436050683259964, 0.8982651829719543, -0.05458417534828186, -0.7824404239654541, 0.40839189291000366, 0.4701094627380371, 0.4445749521255493, -0.162282794713974, 0.8809186220169067),
            ["RightLowerArm"] = CFrame.new(5.662441253662109e-07, 0, -0.000004023313522338867, 1, -0.000018138436644221656, 0.0000069141387939453125, 0.00001884996709122788, 0.8313892483711243, -0.5556904077529907, 0.000004336237452662317, 0.5556904077529907, 0.831389307975769),
            ["LeftHand"] = CFrame.new(-0.000001341104507446289, -0.0000015497207641601562, 3.5762786865234375e-07, 0.9605461359024048, -0.11483833193778992, -0.25330469012260437, 0.09497819095849991, 0.9914634823799133, -0.08932735025882721, 0.2614007294178009, 0.061744727194309235, 0.9632536172866821),
            ["LeftFoot"] = CFrame.new(-9.033828973770142e-08, 0, 3.3527612686157227e-08, 0.9574830532073975, -0.28626152873039246, 0.03578481450676918, 0.25262290239334106, 0.8918682336807251, 0.3751700222492218, -0.13931219279766083, -0.35017919540405273, 0.9262650609016418),
            ["LowerTorso"] = CFrame.new(-0.006046431139111519, 0.12457942962646484, 0.11382050812244415, 0.981829047203064, 0.011077753268182278, -0.18944399058818817, 0.018642472103238106, 0.9878354072570801, 0.1543819010257721, 0.18884965777397156, -0.15510831773281097, 0.9696789979934692),
            ["RightLowerLeg"] = CFrame.new(1.6763806343078613e-08, -0.0007264614105224609, 0.000046090986870694906, 1, 9.313227877782992e-08, -7.450582373280668e-09, -1.043081283569336e-07, 0.789612889289856, 0.6136046648025513, 1.1920928955078125e-07, -0.6136053800582886, 0.7896134257316589),
            ["LeftUpperLeg"] = CFrame.new(-2.9802322387695312e-08, 6.156042218208313e-07, 5.21540641784668e-08, 0.9487171769142151, 0.306014746427536, -0.07931403070688248, -0.3101557493209839, 0.8524967432022095, -0.42077675461769104, -0.06114887446165085, 0.42379769682884216, 0.9036903381347656),
            ["LeftLowerLeg"] = CFrame.new(1.4901161193847656e-07, -0.0007266998291015625, 0.00008095800876617432, 1, 4.842875611643649e-08, 2.2351745343485163e-08, -5.5879340266073996e-08, 0.7445849180221558, 0.667527437210083, -1.4901157641133977e-08, -0.6675277352333069, 0.7445851564407349),
        }},
        {Time = 0.206, Data = {
            ["RightFoot"] = CFrame.new(1.4854595065116882e-07, -1.1920928955078125e-07, 3.5222910810261965e-08, 0.9303668737411499, 0.3221093416213989, -0.17510926723480225, -0.2721571624279022, 0.9267913103103638, 0.2588212788105011, 0.24565841257572174, -0.19314134120941162, 0.9499202370643616),
            ["LeftLowerArm"] = CFrame.new(0.0000016987323760986328, -4.76837158203125e-07, 0.0000044405460357666016, 1, 2.0861631355728605e-07, -1.4901162970204496e-08, -8.940698847936801e-08, 0.7871097922325134, -0.6168130040168762, -1.229346082709526e-07, 0.6168130040168762, 0.7871097326278687),
            ["RightUpperArm"] = CFrame.new(-0.04073256254196167, 0.005244612693786621, -0.09950821101665497, 0.5084676742553711, -0.8511748313903809, -0.13023968040943146, 0.7262712717056274, 0.3426729738712311, 0.5959069132804871, -0.4625912606716156, -0.39758870005607605, 0.7924219965934753),
            ["Head"] = CFrame.new(-9.313225746154785e-10, -0.0000011920928955078125, -2.584420144557953e-08, 0.9979405999183655, 0.036520589143037796, 0.05273358151316643, -0.011927924118936062, 0.9134138226509094, -0.40685737133026123, -0.06302610039710999, 0.40539050102233887, 0.9119683504104614),
            ["RightHand"] = CFrame.new(-2.2351741790771484e-08, 0.0000011324882507324219, -9.834766387939453e-07, 0.9252585172653198, 0.23312465846538544, 0.2992479205131531, -0.22283236682415009, 0.972441554069519, -0.06858111917972565, -0.3069894015789032, -0.003226782660931349, 0.9517076015472412),
            ["UpperTorso"] = CFrame.new(3.725290298461914e-09, 1.1920928955078125e-07, -4.936009645462036e-08, 0.9884932041168213, 0.005234635900706053, 0.1511746495962143, 0.0038482570089399815, 0.9982073903083801, -0.059727106243371964, -0.15121640264987946, 0.05962151288986206, 0.9867011308670044),
            ["HumanoidRootPart"] = CFrame.new(0, 0, 0, 1, 0, 0, 0, 1, 0, 0, 0, 1),
            ["RightUpperLeg"] = CFrame.new(0, -4.313187673687935e-08, -6.129994289949536e-08, 0.8726558089256287, -0.0734897330403328, 0.4827744662761688, 0.3469862937927246, 0.7889485955238342, -0.5071104764938354, -0.34361687302589417, 0.6100487112998962, 0.7139801979064941),
            ["LeftUpperArm"] = CFrame.new(0.020338475704193115, -0.007731437683105469, -0.09895988553762436, 0.41614049673080444, 0.9023018479347229, -0.1125994622707367, -0.7288759350776672, 0.405038982629776, 0.5519810318946838, 0.5436607003211975, -0.1476304680109024, 0.8262193202972412),
            ["RightLowerArm"] = CFrame.new(5.364418029785156e-07, 5.364418029785156e-07, -0.000003509223461151123, 1, -0.000017326326997135766, 0.000008895994142221753, 0.00001892447835416533, 0.7654852271080017, -0.6434534788131714, 0.000004298985913919751, 0.6434535384178162, 0.7654852271080017),
            ["LeftHand"] = CFrame.new(-0.0000012516975402832031, -0.000001430511474609375, 2.682209014892578e-07, 0.9742486476898193, -0.10607722401618958, -0.19896529614925385, 0.07773458957672119, 0.9863397479057312, -0.14522874355316162, 0.21165305376052856, 0.1260225772857666, 0.9691859483718872),
            ["LeftFoot"] = CFrame.new(-3.166496753692627e-08, -1.7881393432617188e-07, -2.2351741790771484e-08, 0.955385684967041, -0.28984060883522034, -0.056839317083358765, 0.29506316781044006, 0.9452255964279175, 0.13959363102912903, 0.013266019523143768, -0.15013693273067474, 0.9885762929916382),
            ["LowerTorso"] = CFrame.new(-0.018023470416665077, 0.0281374454498291, 0.11749368906021118, 0.9812405705451965, 0.0012513500405475497, -0.19278372824192047, 0.033767640590667725, 0.9834046959877014, 0.17825548350811005, 0.18980751931667328, -0.18142133951187134, 0.9649142026901245),
            ["RightLowerLeg"] = CFrame.new(-2.60770320892334e-08, -0.0007264614105224609, 0.00004604628338711336, 1, 2.980232594040899e-08, -2.2351745343485163e-08, -5.21540641784668e-08, 0.7920731902122498, 0.6104257702827454, 8.940696716308594e-08, -0.610426127910614, 0.7920735478401184),
            ["LeftUpperLeg"] = CFrame.new(0, 2.043088898062706e-08, -3.5390257835388184e-08, 0.926284670829773, 0.3400995135307312, -0.1622619777917862, -0.3768242597579956, 0.835685133934021, -0.39954209327697754, -0.0002841352834366262, 0.4312339425086975, 0.9022401571273804),
            ["LeftLowerLeg"] = CFrame.new(1.2665987014770508e-07, -0.0007266998291015625, 0.00008095800876617432, 1, 9.685754776000977e-08, 0, -5.2154071283894154e-08, 0.7350948452949524, 0.677964448928833, 0, -0.6779643297195435, 0.7350947856903076),
        }},
        {Time = 0.235, Data = {
            ["RightFoot"] = CFrame.new(2.8870999813079834e-07, -1.1920928955078125e-07, 9.145878721028566e-09, 0.9361868500709534, 0.35048526525497437, -0.026726987212896347, -0.3361259698867798, 0.9148838520050049, 0.22362269461154938, 0.10282835364341736, -0.20036879181861877, 0.9743093252182007),
            ["LeftLowerArm"] = CFrame.new(0.0000012814998626708984, -5.960464477539062e-07, 0.000004649162292480469, 1, 1.4901159772762185e-07, -2.9802318834981634e-08, -1.4901159772762185e-07, 0.7942157983779907, -0.6076357960700989, -1.639127589214695e-07, 0.6076357960700989, 0.7942157983779907),
            ["RightUpperArm"] = CFrame.new(-0.040688395500183105, 0.004002809524536133, -0.10657615214586258, 0.5055468082427979, -0.8541158437728882, -0.12209928035736084, 0.676035463809967, 0.3041988015174866, 0.671147882938385, -0.5360956788063049, -0.4218403100967407, 0.7311992645263672),
            ["Head"] = CFrame.new(3.725290298461914e-09, -8.344650268554688e-07, 5.180481821298599e-08, 0.9947690963745117, 0.05804658308625221, 0.0840548425912857, -0.013983143493533134, 0.8924905061721802, -0.45084941387176514, -0.10118869692087173, 0.4473155736923218, 0.8886335492134094),
            ["RightHand"] = CFrame.new(8.866190910339355e-07, 8.940696716308594e-07, -0.000001087784767150879, 0.9491139650344849, 0.23903216421604156, 0.20505163073539734, -0.228311687707901, 0.9707106947898865, -0.07479741424322128, -0.21692506968975067, 0.02417585998773575, 0.9758889675140381),
            ["UpperTorso"] = CFrame.new(1.7229467630386353e-08, -5.960464477539063e-08, 9.313225746154785e-10, 0.9924191832542419, 0.022685978561639786, 0.12078715860843658, -0.014929759316146374, 0.9977907538414001, -0.06473607569932938, -0.12198872864246368, 0.062441933900117874, 0.9905654191970825),
            ["HumanoidRootPart"] = CFrame.new(0, 0, 0, 1, 0, 0, 0, 1, 0, 0, 0, 1),
            ["RightUpperLeg"] = CFrame.new(8.940696716308594e-08, -3.0105002224445343e-07, -6.129994289949536e-08, 0.8128448724746704, -0.09333813935518265, 0.574953556060791, 0.45546630024909973, 0.7171450257301331, -0.5274976491928101, -0.36308926343917847, 0.6906453371047974, 0.6254397034645081),
            ["LeftUpperArm"] = CFrame.new(0.020374953746795654, -0.008374333381652832, -0.10600916296243668, 0.3796899914741516, 0.9093211889266968, -0.17020641267299652, -0.6632438898086548, 0.39582881331443787, 0.6351593136787415, 0.6449365019798279, -0.12827551364898682, 0.7533938884735107),
            ["RightLowerArm"] = CFrame.new(6.854534149169922e-07, 4.172325134277344e-07, -0.0000035762786865234375, 1, -0.00001621246337890625, 0.000010728838788054418, 0.000018939377696369775, 0.6910110116004944, -0.7228443026542664, 0.000004217029072606238, 0.7228442430496216, 0.6910110116004944),
            ["LeftHand"] = CFrame.new(-0.0000016689300537109375, -0.0000011324882507324219, 8.940696716308594e-08, 0.9889454245567322, -0.09518279135227203, -0.11369729787111282, 0.06944578140974045, 0.974795401096344, -0.21201689541339874, 0.13101209700107574, 0.20177744328975677, 0.9706295728683472),
            ["LeftFoot"] = CFrame.new(-1.5832483768463135e-07, -5.960464477539063e-08, 0, 0.9331942200660706, -0.25481343269348145, -0.25341370701789856, 0.2572024464607239, 0.9660534262657166, -0.024242732673883438, 0.2509889006614685, -0.042555298656225204, 0.9670541882514954),
