return {
    ["Pure Salt"] = {
        {Time = 0.000, Data = {
            ["LeftFoot"] = CFrame.new(0, 0, 3.3527612686157227e-08, 0.9815385937690735, -0.1827467828989029, -0.05644284561276436, 0.17084915935993195, 0.97038334608078, -0.17078320682048798, 0.08598111569881439, 0.15798704326152802, 0.9836907386779785),
            ["LeftLowerArm"] = CFrame.new(-5.364418029785156e-07, 7.152557373046875e-07, -1.1920928955078125e-07, 1, -2.980232594040899e-08, -2.7939680791178034e-08, 2.60770320892334e-08, 0.9550989866256714, -0.2962871193885803, 3.725290298461914e-08, 0.2962871193885803, 0.9550989270210266),
            ["LowerTorso"] = CFrame.new(-0.060775645077228546, -0.1771773099899292, -0.023169226944446564, 0.9634959697723389, -0.023966507986187935, -0.26664817333221436, 0.00006736177601851523, 0.9960067272186279, -0.08927832543849945, 0.26772305369377136, 0.08600134402513504, 0.9596500396728516),
            ["Head"] = CFrame.new(-1.4901161193847656e-08, -2.384185791015625e-07, -8.940696716308594e-08, 0.7850463390350342, 0.07721363008022308, 0.6146059036254883, -0.09850979596376419, 0.9951357245445251, 0.0008081903797574341, -0.6115539073944092, -0.06117916479706764, 0.7888339161872864),
            ["RightUpperArm"] = CFrame.new(0, 4.76837158203125e-07, -1.4901161193847656e-07, 0.5852770805358887, -0.27219444513320923, 0.7637806534767151, 0.1826068013906479, 0.9620193243026733, 0.20291264355182648, -0.7900034785270691, 0.02071143314242363, 0.6127525568008423),
            ["UpperTorso"] = CFrame.new(5.672336556017399e-08, -1.4901161193847656e-07, 4.284083843231201e-08, 0.9248101711273193, -0.0373225063085556, -0.37859392166137695, 0.09964874386787415, 0.9841947555541992, 0.14639316499233246, 0.36714640259742737, -0.17311225831508636, 0.9139123558998108),
            ["HumanoidRootPart"] = CFrame.new(0, 0, 0, 1, 0, 0, 0, 1, 0, 0, 0, 1),
            ["RightHand"] = CFrame.new(1.4901161193847656e-07, -7.748603820800781e-07, 4.470348358154297e-08, 0.9636550545692444, -0.08352845162153244, -0.2537557780742645, 0.0644996240735054, 0.9945083856582642, -0.08241933584213257, 0.2592466175556183, 0.06305664777755737, 0.9637506008148193),
            ["LeftUpperArm"] = CFrame.new(-1.1920928955078125e-07, -8.344650268554688e-07, 1.043081283569336e-07, 0.9585080742835999, 0.2758387625217438, 0.07194013148546219, -0.2844404876232147, 0.942153811454773, 0.17731276154518127, -0.018869034945964813, -0.19041837751865387, 0.9815216660499573),
            ["RightLowerArm"] = CFrame.new(3.5762786865234375e-07, -1.1920928955078125e-07, 3.8743019104003906e-07, 1, -2.3283066585833012e-09, 9.313222415485711e-10, 7.450581485102248e-09, 0.9648922085762024, -0.2626461386680603, 1.862645326866641e-08, 0.2626461684703827, 0.9648922681808472),
            ["LeftHand"] = CFrame.new(8.046627044677734e-07, -1.1920928955078125e-07, 2.0302832126617432e-07, 0.9981719255447388, -0.0566868893802166, -0.020965449512004852, 0.055294811725616455, 0.9965500831604004, -0.061891816556453705, 0.02440146915614605, 0.06061936542391777, 0.997862696647644),
            ["RightUpperLeg"] = CFrame.new(-1.7881393432617188e-07, -5.029141902923584e-08, -9.85528458841145e-08, 0.92882239818573, -0.31469082832336426, -0.19559836387634277, 0.23599492013454437, 0.9094091653823853, -0.342463880777359, 0.28564924001693726, 0.27192777395248413, 0.9189449548721313),
            ["LeftUpperLeg"] = CFrame.new(-5.960464477539063e-08, 1.0244548320770264e-08, 2.9802322387695312e-08, 0.9718033671379089, 0.2318437695503235, -0.04297326132655144, -0.19977307319641113, 0.7127483487129211, -0.6723694205284119, -0.1252555251121521, 0.6619956493377686, 0.7389672994613647),
            ["RightLowerLeg"] = CFrame.new(0, -0.0000033974647521972656, -0.00001328268990619108, 1, -1.9371509552001953e-07, -1.4901170075631853e-08, 1.9371512394172896e-07, 0.3279740810394287, 0.9446865916252136, -1.0430814256778831e-07, -0.944686770439148, 0.32797470688819885),
            ["RightFoot"] = CFrame.new(0, 1.7881393432617188e-07, 4.639878170564771e-08, 0.9779636859893799, 0.20379389822483063, -0.04533371329307556, -0.17513254284858704, 0.6825953722000122, -0.7095009088516235, -0.11364763975143433, 0.7018060684204102, 0.7032448053359985),
            ["LeftLowerLeg"] = CFrame.new(-9.685754776000977e-08, 0.000003814697265625, 0.000013336539268493652, 1, 3.7252924300901213e-08, 1.0989604959377175e-07, -4.284084198502569e-08, 0.5425733923912048, 0.8400089144706726, 8.940698137394065e-08, -0.8400084376335144, 0.5425727367401123),
        }},
        {Time = 0.033, Data = {
            ["LeftFoot"] = CFrame.new(3.3527612686157227e-08, 5.960464477539063e-08, 2.421438694000244e-08, 0.980481743812561, -0.1869526356458664, -0.06086396425962448, 0.1910824328660965, 0.9789957404136658, 0.07109760493040085, 0.046293895691633224, -0.08133940398693085, 0.9956108331680298),
            ["LeftLowerArm"] = CFrame.new(-1.1920928955078125e-07, 5.364418029785156e-07, -2.980232238769531e-07, 1, -1.4901166522918174e-08, 4.4703494239684005e-08, 1.1175873559921001e-08, 0.9543136954307556, -0.29880690574645996, 8.195640788244418e-08, 0.29880693554878235, 0.9543136358261108),
            ["LowerTorso"] = CFrame.new(-0.060775645077228546, -0.1771773099899292, -0.023169226944446564, 0.9634959697723389, -0.023966509848833084, -0.26664817333221436, 0.00006736433715559542, 0.9960067272186279, -0.08927833288908005, 0.26772305369377136, 0.08600134402513504, 0.9596500396728516),
            ["Head"] = CFrame.new(-2.2351741790771484e-08, 2.384185791015625e-07, -7.078051567077637e-08, 0.7850459814071655, 0.07721353322267532, 0.6146063804626465, -0.0985097885131836, 0.9951357245445251, 0.000808261742349714, -0.6115544438362122, -0.06117925047874451, 0.788833498954773),
            ["RightUpperArm"] = CFrame.new(1.1920928955078125e-07, 1.1920928955078125e-07, -1.4901161193847656e-07, 0.5843182802200317, -0.2719208002090454, 0.7646118402481079, 0.1845981925725937, 0.9620287418365479, 0.20105823874473572, -0.7902504205703735, 0.02366398088634014, 0.6123270988464355),
            ["UpperTorso"] = CFrame.new(6.085610948503017e-08, -1.4901161193847656e-07, 1.30385160446167e-08, 0.9243603348731995, -0.03705465421080589, -0.3797168433666229, 0.09957010298967361, 0.9842100143432617, 0.14634349942207336, 0.36829841136932373, -0.1730826050043106, 0.9134542942047119),
            ["HumanoidRootPart"] = CFrame.new(0, 0, 0, 1, 0, 0, 0, 1, 0, 0, 0, 1),
            ["RightHand"] = CFrame.new(1.4901161193847656e-08, -5.960464477539062e-07, -7.450580596923828e-09, 0.9636395573616028, -0.08360890299081802, -0.2537883222103119, 0.06459730118513107, 0.9945072531700134, -0.0823565348982811, 0.2592800557613373, 0.06296798586845398, 0.9637473225593567),
            ["LeftUpperArm"] = CFrame.new(0, -0.0000010728836059570312, 1.4901161193847656e-08, 0.956901490688324, 0.2820165753364563, 0.06932757794857025, -0.2898904085159302, 0.9418779015541077, 0.16979309916496277, -0.017413754016160965, -0.18257270753383636, 0.9830381274223328),
            ["RightLowerArm"] = CFrame.new(-2.9802322387695312e-08, -5.960464477539063e-08, 5.960464477539062e-07, 1, -3.2596301213771994e-09, -3.4458931708059026e-08, 4.4703497792397684e-08, 0.9648758172988892, -0.26270660758018494, -1.8626458597736928e-08, 0.26270660758018494, 0.9648757576942444),
            ["LeftHand"] = CFrame.new(7.748603820800781e-07, -2.980232238769531e-07, 1.0410440154373646e-07, 0.998238742351532, -0.05783466622233391, -0.013211740180850029, 0.056899890303611755, 0.9964133501052856, -0.06263376027345657, 0.016786713153123856, 0.061771731823682785, 0.9979491233825684),
            ["RightUpperLeg"] = CFrame.new(-1.7881393432617188e-07, -5.21540641784668e-08, -1.1345400707796216e-07, 0.9269850850105286, -0.24861934781074524, -0.28086772561073303, 0.26269108057022095, 0.9647929072380066, 0.012974821962416172, 0.2677536606788635, -0.08580930531024933, 0.9596588015556335),
            ["LeftUpperLeg"] = CFrame.new(-5.960464477539063e-08, 1.210719347000122e-08, 1.4901161193847656e-08, 0.970342755317688, 0.24116916954517365, 0.016505561769008636, -0.20429933071136475, 0.8546633124351501, -0.47729721665382385, -0.12921607494354248, 0.4597695469856262, 0.8785869479179382),
            ["RightLowerLeg"] = CFrame.new(-2.9802322387695312e-08, -0.000003814697265625, -0.000013267788744997233, 1, -2.533197687171196e-07, 5.960464477539063e-08, 1.9371512394172896e-07, 0.8208964467048645, 0.5710768103599548, 5.960465188081798e-08, -0.5710771083831787, 0.8208966851234436),
            ["RightFoot"] = CFrame.new(5.21540641784668e-08, 2.980232238769531e-07, 4.639878170564771e-08, 0.9709290862083435, 0.23187734186649323, -0.05941028892993927, -0.22971220314502716, 0.8328301906585693, -0.5036128759384155, -0.06729848682880402, 0.5026201009750366, 0.8618842363357544),
            ["LeftLowerLeg"] = CFrame.new(6.705522537231445e-08, 0.000003933906555175781, 0.000013366341590881348, 1, 1.6670665559104236e-07, -8.009372010064908e-08, -8.940695295223122e-08, 0.874656081199646, 0.48474419116973877, 0, -0.48474401235580444, 0.874656081199646),
        }},
        {Time = 0.067, Data = {
            ["LeftFoot"] = CFrame.new(4.0978193283081055e-08, 1.1920928955078125e-07, 2.0489096641540527e-08, 0.9804814457893372, -0.18695393204689026, -0.060865677893161774, 0.19108447432518005, 0.9789949059486389, 0.07110492140054703, 0.04629367217421532, -0.08134686201810837, 0.9956101179122925),
            ["LeftLowerArm"] = CFrame.new(5.960464477539062e-07, 4.76837158203125e-07, 0, 1, -1.4901159417490817e-08, 1.2479725342018355e-07, 3.725290298461914e-09, 0.9517422914505005, -0.30689841508865356, 7.450580596923828e-09, 0.3068983852863312, 0.9517422914505005),
            ["LowerTorso"] = CFrame.new(-0.060775645077228546, -0.1771773099899292, -0.023169226944446564, 0.9634959697723389, -0.023966509848833084, -0.26664820313453674, 0.00006735925126122311, 0.9960067272186279, -0.08927834033966064, 0.26772308349609375, 0.08600135147571564, 0.9596499800682068),
            ["Head"] = CFrame.new(-2.2351741790771484e-08, 0, -5.21540641784668e-08, 0.7850458025932312, 0.07721362262964249, 0.6146064400672913, -0.0985097885131836, 0.9951357245445251, 0.0008081207633949816, -0.6115545034408569, -0.06117914989590645, 0.7888334393501282),
            ["RightUpperArm"] = CFrame.new(0, 3.5762786865234375e-07, -1.341104507446289e-07, 0.5818217396736145, -0.2719624638557434, 0.7664985060691833, 0.1895739585161209, 0.9618251919746399, 0.19736789166927338, -0.7909142374992371, 0.03047524392604828, 0.6111677289009094),
            ["UpperTorso"] = CFrame.new(4.98694134876132e-08, -2.682209014892578e-07, 1.862645149230957e-08, 0.9243603348731995, -0.0370546318590641, -0.3797168433666229, 0.0995701402425766, 0.9842100739479065, 0.1463436782360077, 0.3682984709739685, -0.17308276891708374, 0.9134542346000671),
            ["HumanoidRootPart"] = CFrame.new(0, 0, 0, 1, 0, 0, 0, 1, 0, 0, 0, 1),
            ["RightHand"] = CFrame.new(-2.9802322387695312e-08, -2.980232238769531e-07, -6.705522537231445e-08, 0.9635481834411621, -0.08406145125627518, -0.2539854943752289, 0.06502954661846161, 0.9944723844528198, -0.0824369266629219, 0.259511262178421, 0.0629153922200203, 0.9636885523796082),
            ["LeftUpperArm"] = CFrame.new(0, -8.344650268554688e-07, 4.470348358154297e-08, 0.9528486728668213, 0.29703718423843384, 0.06203683093190193, -0.30312013626098633, 0.9411973357200623, 0.14921776950359344, -0.014065675437450409, -0.1609864979982376, 0.9868564605712891),
            ["RightLowerArm"] = CFrame.new(-2.384185791015625e-07, 1.1920928955078125e-07, 2.086162567138672e-07, 1, -9.778887033462524e-09, 4.6566106526313433e-10, 2.9802318834981634e-08, 0.9647441506385803, -0.2631895840167999, 3.725289943190546e-08, 0.26318955421447754, 0.9647441506385803),
            ["LeftHand"] = CFrame.new(6.556510925292969e-07, -1.1920928955078125e-07, 1.4901161193847656e-08, 0.9981568455696106, -0.06050402298569679, 0.0047085280530154705, 0.060681700706481934, 0.9960796236991882, -0.06436849385499954, -0.0007955655455589294, 0.06453558057546616, 0.9979150891304016),
            ["RightUpperLeg"] = CFrame.new(-2.086162567138672e-07, -2.8777867555618286e-07, -1.0600342648103833e-07, 0.9269850850105286, -0.24861934781074524, -0.28086772561073303, 0.2626899480819702, 0.9647932648658752, 0.012970775365829468, 0.2677547037601471, -0.08580486476421356, 0.9596589207649231),
            ["LeftUpperLeg"] = CFrame.new(0, -2.300366759300232e-07, 1.4901161193847656e-08, 0.9703430533409119, 0.24116824567317963, 0.016502683982253075, -0.2043001800775528, 0.8546642661094666, -0.47729501128196716, -0.1292123645544052, 0.45976829528808594, 0.8785881400108337),
            ["RightLowerLeg"] = CFrame.new(-7.450580596923828e-09, -0.000003814697265625, -0.00001328268990619108, 1, -2.4586910285506747e-07, -1.6391277313232422e-07, 1.974403431859173e-07, 0.8208948373794556, 0.5710798501968384, -1.7322595624591486e-07, -0.5710793733596802, 0.8208945989608765),
            ["RightFoot"] = CFrame.new(3.3527612686157227e-08, 4.76837158203125e-07, -2.8107024263590574e-08, 0.9709294438362122, 0.23187606036663055, -0.05940907821059227, -0.2297109067440033, 0.832831084728241, -0.5036124587059021, -0.06729823350906372, 0.502619206905365, 0.861884593963623),
            ["LeftLowerLeg"] = CFrame.new(1.1920928955078125e-07, 0.000003874301910400391, 0.000013262033462524414, 1, 7.636845111846924e-08, 3.3527616238870905e-08, -1.0430814256778831e-07, 0.8746589422225952, 0.4847393035888672, 2.2351745343485163e-08, -0.4847389757633209, 0.8746588230133057),
        }},
        {Time = 0.100, Data = {
            ["LeftFoot"] = CFrame.new(-1.4901161193847656e-08, -5.960464477539063e-08, 2.9802322387695312e-08, 0.9814797639846802, -0.18220961093902588, -0.05913771316409111, 0.18585458397865295, 0.9805281758308411, 0.06342630088329315, 0.04642929881811142, -0.07324177026748657, 0.9962328672409058),
            ["LeftLowerArm"] = CFrame.new(-2.384185791015625e-07, 0.0000013113021850585938, 0, 1, -1.4901159417490817e-08, -7.450580596923828e-09, 2.1129382687945508e-08, 0.9469136595726013, -0.32148781418800354, 1.4901162970204496e-08, 0.3214878439903259, 0.9469137191772461),
            ["LowerTorso"] = CFrame.new(-0.0693981796503067, -0.1770704984664917, -0.026952236890792847, 0.9635972380638123, -0.025464961305260658, -0.2661426067352295, 0.002187732607126236, 0.9961714148521423, -0.08739441633224487, 0.26734915375709534, 0.0836307629942894, 0.9599637985229492),
            ["Head"] = CFrame.new(7.450580596923828e-09, -1.1920928955078125e-07, -3.725290298461914e-08, 0.7851924896240234, 0.07694339007139206, 0.6144530177116394, -0.09558767825365067, 0.9954178929328918, -0.0024999515153467655, -0.6118298768997192, -0.056771185249090195, 0.7889495491981506),
            ["RightUpperArm"] = CFrame.new(0, 2.384185791015625e-07, -1.4901161193847656e-08, 0.5803616642951965, -0.2716262936592102, 0.7677236795425415, 0.1958104968070984, 0.9616212844848633, 0.1922055035829544, -0.790467381477356, 0.038779594004154205, 0.6112753748893738),
            ["UpperTorso"] = CFrame.new(3.4691765904426575e-08, -1.7881393432617188e-07, 1.909211277961731e-08, 0.9244646430015564, -0.03290143609046936, -0.3798454999923706, 0.09674205631017685, 0.9839071035385132, 0.15022596716880798, 0.3687900900840759, -0.17562560737133026, 0.9127703309059143),
            ["HumanoidRootPart"] = CFrame.new(0, 0, 0, 1, 0, 0, 0, 1, 0, 0, 0, 1),
            ["RightHand"] = CFrame.new(0, -3.5762786865234375e-07, -4.842877388000488e-08, 0.9632317423820496, -0.08468811959028244, -0.2549757659435272, 0.0655224546790123, 0.9944133162498474, -0.08275948464870453, 0.260560005903244, 0.06300992518663406, 0.963399350643158),
            ["LeftUpperArm"] = CFrame.new(1.1920928955078125e-07, -5.960464477539062e-07, -8.940696716308594e-08, 0.9477066993713379, 0.31506890058517456, 0.05082911252975464, -0.31897544860839844, 0.9402742981910706, 0.11890800297260284, -0.010328997857868671, -0.1289031058549881, 0.991603434085846),
            ["RightLowerArm"] = CFrame.new(-1.7881393432617188e-07, 6.556510925292969e-07, 1.4901161193847656e-07, 1, -3.0733637856883433e-08, 1.0710206943542744e-08, 4.470348358154297e-08, 0.9641987681388855, -0.2651805281639099, 1.4901161193847656e-08, 0.26518046855926514, 0.9641988277435303),
            ["LeftHand"] = CFrame.new(6.556510925292969e-07, 0, -1.4901161193847656e-08, 0.9976716041564941, -0.06351234018802643, 0.024853069335222244, 0.06504226475954056, 0.9956604838371277, -0.06655606627464294, -0.020518086850643158, 0.06801757961511612, 0.9974731802940369),
            ["RightUpperLeg"] = CFrame.new(-2.9802322387695312e-08, -5.653128027915955e-07, -1.2835516827180982e-07, 0.9264902472496033, -0.2499358206987381, -0.2813322842121124, 0.265157550573349, 0.9640596508979797, 0.016751419752836227, 0.2670343518257141, -0.09011746942996979, 0.9594642519950867),
            ["LeftUpperLeg"] = CFrame.new(-1.1920928955078125e-07, -9.499490261077881e-08, 1.4901161193847656e-08, 0.9711755514144897, 0.2379268854856491, 0.01445244811475277, -0.20122414827346802, 0.8508437275886536, -0.4853596091270447, -0.1277768611907959, 0.4684610366821289, 0.8741952180862427),
            ["RightLowerLeg"] = CFrame.new(-3.725290298461914e-08, -0.000003635883331298828, -0.000013252887583803385, 1, -4.5448553009919124e-07, -1.3411050758804777e-07, 3.091991231940483e-07, 0.8273664712905884, 0.5616620779037476, -1.005828522693264e-07, -0.5616625547409058, 0.8273667693138123),
            ["RightFoot"] = CFrame.new(4.0978193283081055e-08, 4.172325134277344e-07, 5.3849362302571535e-08, 0.9696548581123352, 0.23690716922283173, -0.06036902964115143, -0.23498013615608215, 0.834964394569397, -0.4976126253604889, -0.0674823597073555, 0.4966985583305359, 0.8652960658073425),
            ["LeftLowerLeg"] = CFrame.new(-3.725290298461914e-08, 0.0000034570693969726562, 0.000013515353202819824, 1, 1.285224726643719e-07, 8.009371299522172e-08, -4.4703490686970326e-08, 0.8671897649765015, 0.4979778528213501, 9.685756197086448e-08, -0.4979779124259949, 0.8671898245811462),
        }},
        {Time = 0.133, Data = {
            ["LeftFoot"] = CFrame.new(2.60770320892334e-08, -5.960464477539063e-08, -2.7939677238464355e-08, 0.9838960766792297, -0.17017552256584167, -0.05467057228088379, 0.17275674641132355, 0.983863890171051, 0.04655379056930542, 0.04586583003401756, -0.05524823069572449, 0.9974187016487122),
            ["LeftLowerArm"] = CFrame.new(4.172325134277344e-07, 5.960464477539063e-08, -3.5762786865234375e-07, 1, -4.4703490686970326e-08, 5.2154071283894154e-08, 1.6763806343078613e-08, 0.9391666650772095, -0.3434617817401886, -1.862645149230957e-08, 0.3434617519378662, 0.9391666650772095),
            ["LowerTorso"] = CFrame.new(-0.09069263190031052, -0.17631781101226807, -0.03767167776823044, 0.9640845656394958, -0.02785971760749817, -0.264130175113678, 0.006103803403675556, 0.9965447187423706, -0.0828336849808693, 0.2655252516269684, 0.07824648171663284, 0.960923433303833),
            ["Head"] = CFrame.new(-1.1175870895385742e-08, 3.5762786865234375e-07, -6.705522537231445e-08, 0.786098301410675, 0.07411321252584457, 0.6136422157287598, -0.08745944499969482, 0.9961337447166443, -0.008270212449133396, -0.6118826270103455, -0.047167614102363586, 0.7895409464836121),
            ["RightUpperArm"] = CFrame.new(2.384185791015625e-07, 8.344650268554688e-07, -5.960464477539063e-08, 0.5728399157524109, -0.27462804317474365, 0.772291362285614, 0.2074323296546936, 0.9601019620895386, 0.1875527799129486, -0.7929857969284058, 0.05276043340563774, 0.6069513559341431),
            ["UpperTorso"] = CFrame.new(3.632158041000366e-08, -2.980232238769531e-07, 1.0244548320770264e-08, 0.924734354019165, -0.022697392851114273, -0.37993595004081726, 0.08950591832399368, 0.9831944704055786, 0.15911433100700378, 0.369939386844635, -0.18114498257637024, 0.9112252593040466),
            ["HumanoidRootPart"] = CFrame.new(0, 0, 0, 1, 0, 0, 0, 1, 0, 0, 0, 1),
            ["RightHand"] = CFrame.new(-7.450580596923828e-08, -2.980232238769531e-07, -2.9802322387695312e-08, 0.9625563621520996, -0.08760275691747665, -0.25653666257858276, 0.06807184219360352, 0.9941325187683105, -0.08406511694192886, 0.2623957097530365, 0.06345448642969131, 0.9628717303276062),
            ["LeftUpperArm"] = CFrame.new(1.7881393432617188e-07, -4.76837158203125e-07, 0, 0.9431238174438477, 0.33038291335105896, 0.03694145381450653, -0.33235982060432434, 0.9395188093185425, 0.0827130377292633, -0.007380170747637749, -0.0902865082025528, 0.9958885312080383),
            ["RightLowerArm"] = CFrame.new(5.960464477539062e-07, -2.384185791015625e-07, -1.1920928955078125e-07, 1, -1.6763801014008095e-08, -9.313224857976365e-09, 5.960465188081798e-08, 0.9606634974479675, -0.2777150571346283, 2.6077035641947077e-08, 0.27771496772766113, 0.9606635570526123),
            ["LeftHand"] = CFrame.new(7.152557373046875e-07, -1.7881393432617188e-07, 1.1920928955078125e-07, 0.997071385383606, -0.06561393290758133, 0.03928811475634575, 0.06820288300514221, 0.9953067302703857, -0.0686507597565651, -0.034599367529153824, 0.07112926244735718, 0.9968668222427368),
            ["RightUpperLeg"] = CFrame.new(0, -8.03731381893158e-07, -6.875052349641919e-08, 0.9246315956115723, -0.25395312905311584, -0.2838383913040161, 0.27292007207870483, 0.9616084098815918, 0.028703274205327034, 0.2656521201133728, -0.10400509834289551, 0.9584425091743469),
            ["LeftUpperLeg"] = CFrame.new(-1.7881393432617188e-07, -2.207234501838684e-07, 7.450580596923828e-08, 0.9736329317092896, 0.22787807881832123, 0.010520345531404018, -0.19199809432029724, 0.8434922695159912, -0.5016548037528992, -0.12318961322307587, 0.4864077866077423, 0.8650040030479431),
            ["RightLowerLeg"] = CFrame.new(4.470348358154297e-08, -0.000003516674041748047, -0.00001341680035693571, 1, -1.229346224818073e-07, 2.2351748896198842e-08, 4.4703494239684005e-08, 0.8449312448501587, 0.5348750948905945, -4.93601071127614e-08, -0.5348749160766602, 0.8449311256408691),
            ["RightFoot"] = CFrame.new(2.2351741790771484e-08, 3.5762786865234375e-07, -4.300818545743823e-08, 0.9662745594978333, 0.2496831715106964, -0.06302271038293839, -0.2485460489988327, 0.8402367830276489, -0.4818996489048004, -0.06736832112073898, 0.4813113212585449, 0.8739569783210754),
            ["LeftLowerLeg"] = CFrame.new(-9.685754776000977e-08, 0.000004112720489501953, 0.000013187527656555176, 1, 1.862644971595273e-08, 3.8184236217375656e-08, 4.470348358154297e-08, 0.851125180721283, 0.5249630212783813, 7.450580596923828e-09, -0.524962842464447, 0.8511250615119934),
        }},
        {Time = 0.167, Data = {
            ["LeftFoot"] = CFrame.new(1.30385160446167e-07, -1.1920928955078125e-07, -1.5832483768463135e-08, 0.9868423342704773, -0.1542050689458847, -0.04861241951584816, 0.15566816926002502, 0.9874159097671509, 0.027881525456905365, 0.04370121657848358, -0.03508102521300316, 0.9984285831451416),
            ["LeftLowerArm"] = CFrame.new(1.1920928955078125e-07, 3.5762786865234375e-07, -2.384185791015625e-07, 1, -2.2351745343485163e-08, -1.4901159417490817e-08, 3.3527616238870905e-08, 0.9259026050567627, -0.3777623474597931, -6.33299421792799e-08, 0.3777623772621155, 0.9259025454521179),
            ["LowerTorso"] = CFrame.new(-0.1177995577454567, -0.17427551746368408, -0.05438322573900223, 0.9651866555213928, -0.028455164283514023, -0.2600097954273224, 0.008609730750322342, 0.9969824552536011, -0.07714826613664627, 0.26142045855522156, 0.07222386449575424, 0.9625191688537598),
            ["Head"] = CFrame.new(-7.450580596923828e-09, -3.5762786865234375e-07, -1.1175870895385742e-07, 0.7885013818740845, 0.06711684167385101, 0.6113598942756653, -0.07520847022533417, 0.9970899820327759, -0.012463252060115337, -0.6104173064231873, -0.036152154207229614, 0.7912545800209045),
            ["RightUpperArm"] = CFrame.new(0, 3.5762786865234375e-07, -1.4901161193847656e-07, 0.5537081360816956, -0.27970513701438904, 0.7843291759490967, 0.22735685110092163, 0.9568922519683838, 0.1807381957769394, -0.8010720014572144, 0.07824639976024628, 0.5934318900108337),
            ["UpperTorso"] = CFrame.new(3.67872416973114e-08, -5.960464477539062e-07, 1.862645149230957e-08, 0.9247515201568604, -0.009926948696374893, -0.38044223189353943, 0.08014509826898575, 0.9823214411735535, 0.1691790372133255, 0.3720370829105377, -0.18693915009498596, 0.9091987013816833),
            ["HumanoidRootPart"] = CFrame.new(0, 0, 0, 1, 0, 0, 0, 1, 0, 0, 0, 1),
            ["RightHand"] = CFrame.new(7.450580596923828e-08, 0, -1.4901161193847656e-08, 0.9611629843711853, -0.09762216359376907, -0.2581385672092438, 0.07709405571222305, 0.9930875301361084, -0.08850836008787155, 0.2649945616722107, 0.06517000496387482, 0.9620451331138611),
            ["LeftUpperArm"] = CFrame.new(1.1920928955078125e-07, -8.344650268554688e-07, -2.9802322387695312e-08, 0.9394746422767639, 0.3419994115829468, 0.020586539059877396, -0.34256139397621155, 0.938717246055603, 0.03823276236653328, -0.006249274127185345, -0.042970869690179825, 0.9990567564964294),
            ["RightLowerArm"] = CFrame.new(2.980232238769531e-07, -0.0000012516975402832031, 1.1920928955078125e-07, 1, -2.7939677238464355e-08, -1.0710206943542744e-08, 2.2351738238057806e-08, 0.952072024345398, -0.30587393045425415, 2.2351738238057806e-08, 0.30587393045425415, 0.9520720839500427),
            ["LeftHand"] = CFrame.new(7.152557373046875e-07, 0, 5.960464477539063e-08, 0.9967964887619019, -0.06523206830024719, 0.0462786890566349, 0.06845027953386307, 0.9950711131095886, -0.07175012677907944, -0.04137025028467178, 0.07468804717063904, 0.99634850025177),
            ["RightUpperLeg"] = CFrame.new(-5.960464477539063e-08, -2.7706846594810486e-07, -1.507069100625813e-07, 0.9189183712005615, -0.28821441531181335, -0.26929834485054016, 0.2928900420665741, 0.9558553695678711, -0.02357671968638897, 0.2642054259777069, -0.057209908962249756, 0.9627682566642761),
            ["LeftUpperLeg"] = CFrame.new(-1.1920928955078125e-07, -3.511086106300354e-07, 5.960464477539063e-08, 0.9774160981178284, 0.2111949622631073, 0.007384839467704296, -0.1771361082792282, 0.8378475904464722, -0.516366720199585, -0.11524156481027603, 0.50339674949646, 0.8563357591629028),
            ["RightLowerLeg"] = CFrame.new(6.705522537231445e-08, -0.000004172325134277344, -0.000013237986422609538, 1, 2.2724276504959562e-07, 1.4901162614933128e-07, -2.42143840978315e-07, 0.806201159954071, 0.5916412472724915, 1.2852250108608132e-07, -0.5916416049003601, 0.8062013983726501),
            ["RightFoot"] = CFrame.new(-5.21540641784668e-08, 1.7881393432617188e-07, 4.639878170564771e-08, 0.9578670263290405, 0.28327617049217224, -0.04738668352365494, -0.27465322613716125, 0.8551739454269409, -0.4395940601825714, -0.08400285989046097, 0.4340877830982208, 0.8969457149505615),
            ["LeftLowerLeg"] = CFrame.new(-1.2665987014770508e-07, 0.000003814697265625, 0.000013262033462524414, 1, 1.583247950520672e-07, 1.760199239697613e-07, -1.601874828338623e-07, 0.8348277807235718, 0.5505111813545227, 1.9371509552001953e-07, -0.5505111813545227, 0.8348278999328613),
        }},
        {Time = 0.200, Data = {
            ["LeftFoot"] = CFrame.new(-1.4901161193847656e-08, 1.1920928955078125e-07, -4.936009645462036e-08, 0.9906554818153381, -0.1305898129940033, -0.03934529796242714, 0.13146233558654785, 0.9911101460456848, 0.020458726212382317, 0.03632405027747154, -0.02543918788433075, 0.999016284942627),
            ["LeftLowerArm"] = CFrame.new(5.364418029785156e-07, 0, -3.5762786865234375e-07, 1, -5.587935447692871e-08, 2.2351741790771484e-08, 2.2351748896198842e-08, 0.9067404866218567, -0.42168906331062317, 8.195641498787154e-08, 0.42168906331062317, 0.9067405462265015),
            ["LowerTorso"] = CFrame.new(-0.15478023886680603, -0.1626415252685547, -0.08330610394477844, 0.9673241376876831, -0.019770175218582153, -0.2527710795402527, 0.002315270947292447, 0.9976025223731995, -0.06916597485542297, 0.2535324692726135, 0.06632068753242493, 0.9650506973266602),
            ["Head"] = CFrame.new(-2.2351741790771484e-08, -5.960464477539062e-07, -8.195638656616211e-08, 0.7930259108543396, 0.053387563675642014, 0.6068441271781921, -0.05996963381767273, 0.9981555342674255, -0.009444980882108212, -0.6062290668487549, -0.028902091085910797, 0.7947648167610168),
            ["RightUpperArm"] = CFrame.new(3.5762786865234375e-07, 0, -2.086162567138672e-07, 0.5190358757972717, -0.29875263571739197, 0.8008425831794739, 0.26052427291870117, 0.9476420283317566, 0.1846669763326645, -0.8140816688537598, 0.11279016733169556, 0.5696924328804016),
            ["UpperTorso"] = CFrame.new(-6.05359673500061e-09, -2.086162567138672e-07, 3.725290298461914e-09, 0.9240888357162476, -0.0015629760455340147, -0.38217461109161377, 0.07299751788377762, 0.9823029637336731, 0.17248891294002533, 0.37514162063598633, -0.1872928887605667, 0.9078492522239685),
            ["HumanoidRootPart"] = CFrame.new(0, 0, 0, 1, 0, 0, 0, 1, 0, 0, 0, 1),
            ["RightHand"] = CFrame.new(-8.940696716308594e-08, -4.76837158203125e-07, -1.043081283569336e-07, 0.9559114575386047, -0.1359826773405075, -0.2602729797363281, 0.11143580824136734, 0.988003134727478, -0.10692042112350464, 0.27168983221054077, 0.07320284098386765, 0.9595968723297119),
            ["LeftUpperArm"] = CFrame.new(1.7881393432617188e-07, -0.0000013113021850585938, 5.960464477539063e-08, 0.9378578662872314, 0.3470178246498108, 0.0011197985149919987, -0.34695932269096375, 0.9377502799034119, -0.015612831339240074, -0.006468106061220169, 0.01425404567271471, 0.9998775720596313),
            ["RightLowerArm"] = CFrame.new(1.1920928955078125e-07, -6.556510925292969e-07, 1.4901161193847656e-07, 1, -5.215405707303944e-08, 2.9802318834981634e-08, 9.685756907629184e-08, 0.9057583212852478, -0.42379480600357056, 3.725291186640334e-09, 0.42379477620124817, 0.905758261680603),
            ["LeftHand"] = CFrame.new(8.344650268554688e-07, -4.172325134277344e-07, 2.384185791015625e-07, 0.9967982172966003, -0.06248422712087631, 0.049891553819179535, 0.06620842963457108, 0.994841456413269, -0.07685742527246475, -0.04483175650238991, 0.07991458475589752, 0.9957931041717529),
            ["RightUpperLeg"] = CFrame.new(-1.4901161193847656e-07, -6.961636245250702e-08, -1.2835516827180982e-07, 0.9065306186676025, -0.3328514099121094, -0.2596387565135956, 0.3291530907154083, 0.9424352049827576, -0.05894196033477783, 0.2643114924430847, -0.03202817961573601, 0.963905394077301),
            ["LeftUpperLeg"] = CFrame.new(-5.960464477539063e-08, -3.166496753692627e-08, 5.960464477539063e-08, 0.9841415882110596, 0.1768726408481598, 0.013475841842591763, -0.14544765651226044, 0.8481053709983826, -0.5094727277755737, -0.10154066979885101, 0.49943307042121887, 0.8603813052177429),
            ["RightLowerLeg"] = CFrame.new(-3.3527612686157227e-08, -0.000003516674041748047, -0.000013245437003206462, 1, -4.2468315086807706e-07, -1.4901162614933128e-07, 3.688038248128578e-07, 0.789116621017456, 0.6142438054084778, -1.8998984785412176e-07, -0.6142435073852539, 0.7891163229942322),
            ["RightFoot"] = CFrame.new(3.725290298461914e-08, 3.5762786865234375e-07, -5.790934665128589e-08, 0.9453262090682983, 0.32517561316490173, -0.024883368983864784, -0.31057608127593994, 0.8743471503257751, -0.3729071021080017, -0.09950334578752518, 0.36024704575538635, 0.9275349974632263),
            ["LeftLowerLeg"] = CFrame.new(-8.195638656616211e-08, 0.0000040531158447265625, 0.000013306736946105957, 1, -5.308537964765492e-08, -9.406359424701805e-08, 5.587933316064664e-08, 0.839657187461853, 0.5431169271469116, -5.960462345910855e-08, -0.5431166887283325, 0.839657187461853),
        }},
        {Time = 0.233, Data = {
            ["LeftFoot"] = CFrame.new(-1.30385160446167e-08, 0, 5.029141902923584e-08, 0.9944357872009277, -0.10132986307144165, -0.028807425871491432, 0.10196549445390701, 0.9945552349090576, 0.021517790853977203, 0.026470515877008438, -0.02433481253683567, 0.9993533492088318),
            ["LeftLowerArm"] = CFrame.new(-3.5762786865234375e-07, -3.5762786865234375e-07, 7.450580596923828e-09, 1, -8.754432911928234e-08, -7.450581307466564e-08, 5.21540641784668e-08, 0.8853791356086731, -0.46486976742744446, 5.21540641784668e-08, 0.4648696184158325, 0.8853791952133179),
            ["LowerTorso"] = CFrame.new(-0.19940735399723053, -0.14493608474731445, -0.12013301998376846, 0.9708285927772522, -0.00877368077635765, -0.2396143525838852, -0.005501389503479004, 0.998252272605896, -0.05884142965078354, 0.23971182107925415, 0.058443158864974976, 0.9690834283828735),
            ["Head"] = CFrame.new(2.2351741790771484e-08, 0, -7.450580596923828e-08, 0.8144139647483826, 0.02570553869009018, 0.5797147750854492, -0.036004554480314255, 0.9993319511413574, 0.006269006058573723, -0.5791663527488708, -0.025977937504649162, 0.8147953748703003),
            ["RightUpperArm"] = CFrame.new(1.1920928955078125e-07, 3.5762786865234375e-07, -8.940696716308594e-08, 0.45511990785598755, -0.362758994102478, 0.8131862878799438, 0.33014753460884094, 0.9169045090675354, 0.22425201535224915, -0.8269634246826172, 0.16640987992286682, 0.5370653867721558),
            ["UpperTorso"] = CFrame.new(-1.6763806343078613e-08, -5.662441253662109e-07, 1.862645149230957e-08, 0.9290124177932739, 0.01620924286544323, -0.36969366669654846, 0.05206633359193802, 0.9833762645721436, 0.17395497858524323, 0.3663676381111145, -0.180854931473732, 0.9127246141433716),
            ["HumanoidRootPart"] = CFrame.new(0, 0, 0, 1, 0, 0, 0, 1, 0, 0, 0, 1),
            ["RightHand"] = CFrame.new(3.2782554626464844e-07, -8.344650268554688e-07, 5.21540641784668e-08, 0.951543927192688, -0.25768232345581055, -0.16782133281230927, 0.23407895863056183, 0.9608646631240845, -0.1481422781944275, 0.1994272917509079, 0.10168047994375229, 0.9746229648590088),
            ["LeftUpperArm"] = CFrame.new(1.7881393432617188e-07, -7.152557373046875e-07, 8.940696716308594e-08, 0.9397137761116028, 0.34136924147605896, -0.02012958936393261, -0.3419227600097656, 0.9370817542076111, -0.07047595083713531, -0.005195238161832094, 0.07311000674962997, 0.9973104000091553),
            ["RightLowerArm"] = CFrame.new(5.960464477539063e-08, -3.5762786865234375e-07, 1.341104507446289e-07, 1, -7.124618406351146e-08, -5.215404996761208e-08, 3.7252917195473856e-08, 0.7133327126502991, -0.700825572013855, 6.705524668859653e-08, 0.700825572013855, 0.7133327722549438),
            ["LeftHand"] = CFrame.new(4.76837158203125e-07, 4.76837158203125e-07, 5.960464477539063e-08, 0.9969741106033325, -0.05854306370019913, 0.051142022013664246, 0.06270378828048706, 0.9944952726364136, -0.08394962549209595, -0.04594580456614494, 0.08690232038497925, 0.9951567649841309),
            ["RightUpperLeg"] = CFrame.new(-1.4901161193847656e-07, -0.0000010767143976408988, -8.458300726488233e-08, 0.8948857188224792, -0.37939855456352234, -0.2350241094827652, 0.3674793243408203, 0.925231397151947, -0.0943712517619133, 0.25325605273246765, -0.0019151596352458, 0.9673973917961121),
            ["LeftUpperLeg"] = CFrame.new(-3.5762786865234375e-07, -9.564682841300964e-07, 7.450580596923828e-08, 0.9910780191421509, 0.13201987743377686, 0.018308445811271667, -0.10614310204982758, 0.8648642897605896, -0.4906560182571411, -0.08061080425977707, 0.48433518409729004, 0.8711609840393066),
            ["RightLowerLeg"] = CFrame.new(1.1175870895385742e-08, -0.0000035762786865234375, -0.000013293865777086467, 1, -8.905776560652612e-09, 1.4901166522918174e-08, 3.539026138810186e-08, 0.7727460265159607, 0.6347150802612305, 1.862645326866641e-08, -0.6347153782844543, 0.7727462649345398),
            ["RightFoot"] = CFrame.new(6.705522537231445e-08, 3.5762786865234375e-07, 6.129994289949536e-08, 0.9300860166549683, 0.3672725558280945, 0.007105717435479164, -0.3484286367893219, 0.888160765171051, -0.2996131479740143, -0.1163511872291565, 0.2761906087398529, 0.9540343880653381),
            ["LeftLowerLeg"] = CFrame.new(-1.043081283569336e-07, 0.000003874301910400391, 0.000013306736946105957, 1, 1.0244548320770264e-08, -8.800999040659008e-08, 4.6566133171666024e-09, 0.8573243618011475, 0.5147772431373596, -7.450581307466564e-08, -0.5147765874862671, 0.8573240041732788),
        }},
        {Time = 0.267, Data = {
            ["LeftFoot"] = CFrame.new(1.210719347000122e-07, 0, 1.4901161193847656e-08, 0.9972726106643677, -0.07124823331832886, -0.019264858216047287, 0.07169325649738312, 0.997150182723999, 0.02348821982741356, 0.017536574974656105, -0.024804968386888504, 0.9995385408401489),
            ["LeftLowerArm"] = CFrame.new(2.384185791015625e-07, 4.172325134277344e-07, 1.9744038581848145e-07, 1, -1.862644971595273e-08, 2.9802322387695312e-08, 2.9802308176840597e-08, 0.8673143982887268, -0.4977607727050781, -2.188606984532271e-08, 0.49776074290275574, 0.8673144578933716),
            ["LowerTorso"] = CFrame.new(-0.24552565813064575, -0.12906551361083984, -0.15684887766838074, 0.9753473997116089, -0.002472800202667713, -0.22066135704517365, -0.00876178964972496, 0.998714804649353, -0.049919988960027695, 0.22050121426582336, 0.050622716546058655, 0.9740721583366394),
            ["Head"] = CFrame.new(-2.60770320892334e-08, -8.344650268554688e-07, -4.470348358154297e-08, 0.8537895679473877, -0.014204515144228935, 0.5204243659973145, -0.002989276545122266, 0.9994775652885437, 0.03218389302492142, -0.5206096172332764, -0.02903398498892784, 0.8533010482788086),
            ["RightUpperArm"] = CFrame.new(1.1920928955078125e-07, 4.76837158203125e-07, -1.341104507446289e-07, 0.3986641764640808, -0.40748071670532227, 0.8215999007225037, 0.3845299184322357, 0.88758784532547, 0.25362297892570496, -0.8325885534286499, 0.21481938660144806, 0.5105379819869995),
            ["UpperTorso"] = CFrame.new(6.146728992462158e-08, -6.258487701416016e-07, 1.4901161193847656e-08, 0.9404688477516174, 0.0474003329873085, -0.3365584909915924, 0.015073969960212708, 0.9834360480308533, 0.1806277483701706, 0.33954551815986633, -0.17494803667068481, 0.9241765141487122),
            ["HumanoidRootPart"] = CFrame.new(0, 0, 0, 1, 0, 0, 0, 1, 0, 0, 0, 1),
            ["RightHand"] = CFrame.new(7.450580596923828e-08, -8.940696716308594e-07, 2.5331974029541016e-07, 0.9319133758544922, -0.3613792955875397, 0.030701331794261932, 0.36259734630584717, 0.9265351891517639, -0.10027823597192764, 0.0077926237136125565, 0.10458286851644516, 0.9944856762886047),
            ["LeftUpperArm"] = CFrame.new(1.7881393432617188e-07, -7.152557373046875e-07, 8.940696716308594e-08, 0.944905698299408, 0.32469531893730164, -0.0415482334792614, -0.32734182476997375, 0.9375635385513306, -0.11756743490695953, 0.0007805862696841359, 0.12469062209129333, 0.9921953678131104),
            ["RightLowerArm"] = CFrame.new(3.5762786865234375e-07, -6.556510925292969e-07, -8.940696716308594e-08, 1, -1.0430814256778831e-07, 4.470347647611561e-08, 7.450581307466564e-08, 0.4078177213668823, -0.9130634069442749, 3.725290653733282e-08, 0.9130634069442749, 0.4078178107738495),
            ["LeftHand"] = CFrame.new(7.152557373046875e-07, -5.960464477539063e-08, -2.384185791015625e-07, 0.9972186088562012, -0.05442319065332413, 0.050922781229019165, 0.058981914073228836, 0.9939380288124084, -0.09278090298175812, -0.04556470736861229, 0.09552645683288574, 0.9943835735321045),
            ["RightUpperLeg"] = CFrame.new(-1.4901161193847656e-07, -5.994806997478008e-07, -1.0227813618257642e-07, 0.9034098982810974, -0.42005655169487, -0.08604039251804352, 0.3870527744293213, 0.8852550387382507, -0.25790274143218994, 0.18450160324573517, 0.1996898502111435, 0.9623321890830994),
