return {
    ["PWR Punch"] = {
        {Time = 0.000, Data = {
            ["LeftFoot"] = CFrame.new(3.3527612686157227e-08, 0, -9.313225746154785e-08, 0.9811756014823914, -0.19310925900936127, 0.001795898424461484, 0.1905188262462616, 0.9694506525993347, 0.1544932872056961, -0.03157516196370125, -0.15124265849590302, 0.9879922270774841),
            ["LeftLowerArm"] = CFrame.new(-5.960464477539063e-08, -0.0000013113021850585938, 0, 1, -1.4901164746561335e-08, 6.9150715376054e-08, 3.166497108963995e-08, 0.9911622405052185, -0.13265582919120789, 1.0710210496256423e-08, 0.13265582919120789, 0.9911622405052185),
            ["RightUpperArm"] = CFrame.new(-5.960464477539063e-08, 2.384185791015625e-07, 2.9802322387695312e-08, 0.9946728944778442, 0.05293204262852669, -0.08845370262861252, -0.046185094863176346, 0.9959873557090759, 0.076656773686409, 0.09215640276670456, -0.07216314971446991, 0.9931262731552124),
            ["Head"] = CFrame.new(3.5390257835388184e-08, 1.1920928955078125e-07, -6.82193785905838e-08, 0.9370501041412354, 0.039309825748205185, 0.3469754755496979, -0.029264546930789948, 0.9989883303642273, -0.03414566069841385, -0.3479668200016022, 0.021842144429683685, 0.9372524619102478),
            ["LowerTorso"] = CFrame.new(-0.06077461317181587, -0.11319994926452637, -0.023169219493865967, 0.9634891152381897, -0.011837390251457691, -0.26748567819595337, 0.000007353371074714232, 0.9990233778953552, -0.04418458789587021, 0.2677474915981293, 0.04256940260529518, 0.9625482559204102),
            ["UpperTorso"] = CFrame.new(-4.436515155248344e-09, -4.76837158203125e-07, 1.5366822481155396e-08, 0.9965653419494629, 0.0035296217538416386, -0.0827360525727272, 0.01337612234055996, 0.9791107773780823, 0.20288707315921783, 0.08172383904457092, -0.20329685509204865, 0.9757006764411926),
            ["HumanoidRootPart"] = CFrame.new(0, 0, 0, 1, 0, 0, 0, 1, 0, 0, 0, 1),
            ["LeftUpperLeg"] = CFrame.new(8.940696716308594e-08, -8.372589945793152e-07, -2.2351741790771484e-08, 0.9763962030410767, 0.21598520874977112, 0.0008723218343220651, -0.20228195190429688, 0.9158496260643005, -0.3468453884124756, -0.07571232318878174, 0.3384820222854614, 0.9379218816757202),
            ["LeftUpperArm"] = CFrame.new(1.1920928955078125e-07, -2.384185791015625e-07, -1.7881393432617188e-07, 0.9160336852073669, 0.12325450778007507, -0.3816942572593689, -0.09626477211713791, 0.9913601279258728, 0.08909701555967331, 0.389378160238266, -0.04487217217683792, 0.9199844002723694),
            ["RightLowerArm"] = CFrame.new(-2.980232238769531e-07, 5.960464477539062e-07, 0, 1, -2.0489098417897367e-08, -4.889443516731262e-09, -3.725291630729544e-09, 0.994702160358429, -0.10279952734708786, 2.328307324717116e-09, 0.10279950499534607, 0.9947021007537842),
            ["LeftHand"] = CFrame.new(6.332993507385254e-08, 5.960464477539063e-08, -2.2351741790771484e-07, 0.977181613445282, 0.16199806332588196, 0.1373778134584427, -0.1474161148071289, 0.9828879833221436, -0.1104520857334137, -0.15292005240917206, 0.08768004179000854, 0.9843412637710571),
            ["RightFoot"] = CFrame.new(-1.1175870895385742e-08, 3.5762786865234375e-07, 1.6952981241047382e-09, 0.9795578718185425, 0.2011556476354599, -0.001684570568613708, -0.1870414763689041, 0.9076815247535706, -0.37567222118377686, -0.07403935492038727, 0.3683079481124878, 0.9267510771751404),
            ["RightHand"] = CFrame.new(-2.60770320892334e-08, -4.76837158203125e-07, -8.940696716308594e-08, 0.9786539673805237, -0.1919025033712387, -0.07355137169361115, 0.17392052710056305, 0.96401447057724, -0.20106665790081024, 0.1094897985458374, 0.18398259580135345, 0.9768123626708984),
            ["RightLowerLeg"] = CFrame.new(-6.705522537231445e-08, -0.00012260675430297852, -0.0000774172876845114, 1, -9.685754776000977e-08, -3.725289943190546e-08, 1.0197983613124961e-07, 0.8593926429748535, 0.5113160014152527, 4.4703490686970326e-08, -0.5113163590431213, 0.8593927621841431),
            ["RightUpperLeg"] = CFrame.new(1.7881393432617188e-07, -4.4563785195350647e-07, -2.1776213543489575e-07, 0.9148536920547485, -0.2478252798318863, -0.3187877833843231, 0.2218121439218521, 0.9681544303894043, -0.11608823388814926, 0.3374052047729492, 0.03549269586801529, 0.9406901001930237),
            ["LeftLowerLeg"] = CFrame.new(2.9802322387695312e-08, 0.00012254714965820312, 0.00007739663124084473, 1, 4.842878453814592e-08, 7.450579175838357e-08, 2.2351736461700966e-08, 0.9708792567253113, 0.23956957459449768, -4.470347292340193e-08, -0.23956972360610962, 0.9708792567253113),
        }},
        {Time = 0.033, Data = {
            ["LeftFoot"] = CFrame.new(1.2293457984924316e-07, -5.960464477539063e-08, -9.313225746154785e-09, 0.9850418567657471, -0.1723061501979828, 0.0017856897320598364, 0.17172732949256897, 0.982483446598053, 0.0723598301410675, -0.014222652651369572, -0.07097085565328598, 0.9973770380020142),
            ["LeftLowerArm"] = CFrame.new(5.960464477539063e-08, -0.0000013709068298339844, 0, 1, -5.587936779960501e-09, 6.9849201977945086e-09, 7.450581485102248e-09, 0.9911622405052185, -0.1326557993888855, 4.656613428188905e-10, 0.1326557993888855, 0.9911621809005737),
            ["RightUpperArm"] = CFrame.new(-1.1920928955078125e-07, 2.384185791015625e-07, 3.725290298461914e-08, 0.9936193823814392, 0.06357039511203766, -0.0931631475687027, -0.05744994431734085, 0.9960997700691223, 0.06696914881467819, 0.0970570296049118, -0.06118962913751602, 0.9933961033821106),
            ["Head"] = CFrame.new(-3.4924596548080444e-09, -2.384185791015625e-07, 5.3958501666784286e-08, 0.9395809173583984, 0.04910290241241455, 0.3387870490550995, -0.0351673923432827, 0.9982683658599854, -0.04715429246425629, -0.3405158519744873, 0.032391004264354706, 0.9396807551383972),
            ["LowerTorso"] = CFrame.new(-0.062183067202568054, -0.11291837692260742, 0.0019063130021095276, 0.9645165205001831, -0.009873224422335625, -0.26383787393569946, 0.00021316732454579324, 0.9993293285369873, -0.036617182195186615, 0.26402246952056885, 0.03526163473725319, 0.9638717770576477),
            ["UpperTorso"] = CFrame.new(-1.1292286217212677e-08, 1.4901161193847656e-07, -9.313225746154785e-10, 0.9969697594642639, -0.0048474776558578014, -0.07763990014791489, 0.020751064643263817, 0.9784639477729797, 0.20537260174751282, 0.0749722570180893, -0.20636135339736938, 0.975599467754364),
            ["HumanoidRootPart"] = CFrame.new(0, 0, 0, 1, 0, 0, 0, 1, 0, 0, 0, 1),
            ["LeftUpperLeg"] = CFrame.new(-1.7881393432617188e-07, -4.139728844165802e-07, -7.450580596923828e-09, 0.9804133176803589, 0.19694748520851135, 0.0012604439398273826, -0.17796272039413452, 0.8886118531227112, -0.42272722721099854, -0.08437509834766388, 0.41422298550605774, 0.9062560796737671),
            ["LeftUpperArm"] = CFrame.new(-1.1920928955078125e-07, 1.1920928955078125e-07, 5.960464477539063e-08, 0.9130207300186157, 0.13164570927619934, -0.38608646392822266, -0.10785996913909912, 0.9907169938087463, 0.08274122327566147, 0.3933948576450348, -0.03390117734670639, 0.9187443852424622),
            ["RightLowerArm"] = CFrame.new(1.1920928955078125e-07, 2.980232238769531e-07, 0, 1, -2.6077039194660756e-08, 3.585592622812328e-08, -1.862645593320167e-09, 0.9951261878013611, -0.09860988706350327, -1.9557779395995567e-08, 0.09860987216234207, 0.9951262474060059),
            ["LeftHand"] = CFrame.new(3.241002559661865e-07, -4.172325134277344e-07, -2.682209014892578e-07, 0.9776409864425659, 0.16370044648647308, 0.13198646903038025, -0.15030524134635925, 0.9829604029655457, -0.10581737756729126, -0.1470598578453064, 0.08361317962408066, 0.9855873584747314),
            ["RightFoot"] = CFrame.new(7.450580596923828e-09, 3.5762786865234375e-07, -2.0656443666666746e-08, 0.9768459796905518, 0.2139372080564499, -0.0016904618823900819, -0.19848425686359406, 0.9032822251319885, -0.3803747892379761, -0.07984927296638489, 0.3719033896923065, 0.9248309135437012),
            ["RightHand"] = CFrame.new(1.6391277313232422e-07, -3.5762786865234375e-07, -5.960464477539063e-08, 0.9783947467803955, -0.20312385261058807, -0.038528598845005035, 0.19226624071598053, 0.9624478816986084, -0.19164526462554932, 0.07600943744182587, 0.18009696900844574, 0.9807078242301941),
            ["RightLowerLeg"] = CFrame.new(-2.9802322387695312e-08, -0.00012230873107910156, -0.00007746944174868986, 1, -1.1920930376163597e-07, 2.980232594040899e-08, 9.499490261077881e-08, 0.8473325371742249, 0.5310623049736023, 1.862645149230957e-08, -0.5310628414154053, 0.8473328351974487),
            ["RightUpperLeg"] = CFrame.new(2.384185791015625e-07, 2.123415470123291e-07, -2.624656190164387e-07, 0.9140418171882629, -0.2512355446815491, -0.3184470236301422, 0.2147517204284668, 0.9657658934593201, -0.14552703499794006, 0.34410664439201355, 0.06463076919317245, 0.9367035031318665),
            ["LeftLowerLeg"] = CFrame.new(7.450580596923828e-09, 0.00012236833572387695, 0.00007741153240203857, 1, -2.607702853651972e-08, 7.171183113996449e-08, -7.450580596923828e-09, 0.9195554852485657, 0.39296048879623413, 1.043081283569336e-07, -0.3929603695869446, 0.9195553064346313),
        }},
        {Time = 0.067, Data = {
            ["LeftFoot"] = CFrame.new(-2.9802322387695312e-08, -5.960464477539063e-08, 2.3283064365386963e-08, 0.9969735741615295, -0.0777222141623497, 0.001729469164274633, 0.07763867825269699, 0.9942647814750671, -0.07355216890573502, 0.003997122868895531, 0.07346383482217789, 0.9972898960113525),
            ["LeftLowerArm"] = CFrame.new(-3.5762786865234375e-07, -0.0000011920928955078125, 0, 1, -1.210719524635806e-08, 4.423783117601943e-09, 1.769513069405093e-08, 0.9911623597145081, -0.13265466690063477, 9.31322685637781e-10, 0.13265465199947357, 0.9911624193191528),
            ["RightUpperArm"] = CFrame.new(-5.960464477539063e-08, 2.384185791015625e-07, -5.21540641784668e-08, 0.9918155670166016, 0.07700373232364655, -0.10184451192617416, -0.07242299616336823, 0.9962211847305298, 0.04794057086110115, 0.1051512360572815, -0.04017234221100807, 0.9936445355415344),
            ["Head"] = CFrame.new(-1.210719347000122e-08, -2.384185791015625e-07, 1.210719347000122e-08, 0.9457539319992065, 0.06383556872606277, 0.31855079531669617, -0.04031195864081383, 0.9959869384765625, -0.07990624755620956, -0.32237333059310913, 0.06273027509450912, 0.9445318579673767),
            ["LowerTorso"] = CFrame.new(-0.06727705895900726, -0.11263775825500488, 0.03654169291257858, 0.9692249894142151, -0.005586930550634861, -0.2461131513118744, 0.00075593835208565, 0.9998052716255188, -0.019719259813427925, 0.2461753934621811, 0.018926354125142097, 0.9690405130386353),
            ["UpperTorso"] = CFrame.new(-3.026798367500305e-09, 3.8743019104003906e-07, 3.725290298461914e-09, 0.9973805546760559, -0.014842361211776733, -0.07079388201236725, 0.029859274625778198, 0.9759224653244019, 0.2160647213459015, 0.06588243693113327, -0.21761266887187958, 0.9738091230392456),
            ["HumanoidRootPart"] = CFrame.new(0, 0, 0, 1, 0, 0, 0, 1, 0, 0, 0, 1),
            ["LeftUpperLeg"] = CFrame.new(2.9802322387695312e-08, -2.823071554303169e-07, -7.450580596923828e-09, 0.9789913892745972, 0.16687718033790588, 0.1171659529209137, -0.0838320329785347, 0.8532236814498901, -0.5147634744644165, -0.18587101995944977, 0.4941268861293793, 0.8492884039878845),
            ["LeftUpperArm"] = CFrame.new(0, -1.1920928955078125e-07, -8.940696716308594e-08, 0.9118443727493286, 0.1386171579360962, -0.38642603158950806, -0.12007514387369156, 0.990161657333374, 0.07184697687625885, 0.39258337020874023, -0.01911310851573944, 0.9195178747177124),
            ["RightLowerArm"] = CFrame.new(0, 9.5367431640625e-07, 8.940696716308594e-08, 1, -1.4901162970204496e-08, -1.1175872671742582e-08, -7.450582373280668e-09, 0.9955381155014038, -0.0943613052368164, 3.9115558791991134e-08, 0.09436127543449402, 0.995538055896759),
            ["LeftHand"] = CFrame.new(-1.471489667892456e-07, -1.1920928955078125e-07, -3.2782554626464844e-07, 0.9797677993774414, 0.16300790011882782, 0.11611849814653397, -0.1521746814250946, 0.9836028814315796, -0.0967903733253479, -0.12999211251735687, 0.07716178894042969, 0.9885081052780151),
            ["RightFoot"] = CFrame.new(7.82310962677002e-08, 3.5762786865234375e-07, 9.145878721028566e-09, 0.9739638566970825, 0.22669698297977448, -0.0016965389950200915, -0.21007992327213287, 0.8997089266777039, -0.3826093375682831, -0.08521033823490143, 0.3730045258998871, 0.9239087104797363),
            ["RightHand"] = CFrame.new(-1.8998980522155762e-07, -1.1920928955078125e-07, 5.960464477539063e-08, 0.9769942164421082, -0.212093323469162, 0.022333862259984016, 0.21260221302509308, 0.9603419303894043, -0.1803985983133316, 0.016813229769468307, 0.18099656701087952, 0.9833399653434753),
            ["RightLowerLeg"] = CFrame.new(-8.195638656616211e-08, -0.00012230873107910156, -0.00007748434290988371, 1, -1.6018744020129816e-07, 0, 1.1175869474300271e-07, 0.8356693983078003, 0.5492330193519592, 1.0803340444454079e-07, -0.5492329597473145, 0.8356693387031555),
            ["RightUpperLeg"] = CFrame.new(-1.1920928955078125e-07, 2.4051405489444733e-07, -2.3638858692720532e-07, 0.9079425930976868, -0.2565208673477173, -0.33141693472862244, 0.20423217117786407, 0.9613604545593262, -0.18459586799144745, 0.3659639060497284, 0.09991636872291565, 0.9252498745918274),
            ["LeftLowerLeg"] = CFrame.new(6.705522537231445e-08, 0.00012242794036865234, 0.00007755681872367859, 1, 6.239861249923706e-08, -1.2107188140930703e-08, -5.5879347371501353e-08, 0.8167142868041992, 0.5770419836044312, 0, -0.577042281627655, 0.8167144656181335),
        }},
        {Time = 0.100, Data = {
            ["LeftFoot"] = CFrame.new(6.100162863731384e-08, -5.960464477539063e-08, 3.91155481338501e-08, 0.9995647668838501, 0.02945648692548275, 0.0016473208088427782, -0.029208224266767502, 0.9959185719490051, -0.08540001511573792, -0.004156207200139761, 0.08531481772661209, 0.9963454008102417),
            ["LeftLowerArm"] = CFrame.new(-2.086162567138672e-07, -5.960464477539062e-07, 1.1920928955078125e-07, 1, -2.6077035641947077e-08, -2.7939684343891713e-08, 2.2351745343485163e-08, 0.9899876713752747, -0.1411544680595398, -4.0512535548486994e-08, 0.14115449786186218, 0.9899876713752747),
            ["RightUpperArm"] = CFrame.new(-5.960464477539063e-08, 3.5762786865234375e-07, 6.6356733441352844e-09, 0.9912238121032715, 0.08366977423429489, -0.10234683007001877, -0.08078958094120026, 0.9962180852890015, 0.03197731822729111, 0.1046353355050087, -0.023428088054060936, 0.9942347407341003),
            ["Head"] = CFrame.new(9.313225746154785e-09, 5.960464477539062e-07, 1.210719347000122e-08, 0.9517617225646973, 0.0754903107881546, 0.29740700125694275, -0.038724634796381, 0.9910650849342346, -0.12763382494449615, -0.3043847978115082, 0.10995995998382568, 0.9461811780929565),
            ["LowerTorso"] = CFrame.new(-0.0766843631863594, -0.11358332633972168, 0.04970584064722061, 0.9777008295059204, -0.0014386099064722657, -0.20999775826931, 0.001736684120260179, 0.9999977350234985, 0.00123501755297184, 0.20999549329280853, -0.0015721773961558938, 0.9777011275291443),
            ["UpperTorso"] = CFrame.new(-2.3748725652694702e-08, -2.384185791015625e-07, 1.1641532182693481e-09, 0.9974865913391113, -0.018368858844041824, -0.06843391805887222, 0.033882685005664825, 0.9718864560127258, 0.23299969732761383, 0.062230002135038376, -0.23473280668258667, 0.9700660109519958),
            ["HumanoidRootPart"] = CFrame.new(0, 0, 0, 1, 0, 0, 0, 1, 0, 0, 0, 1),
            ["LeftUpperLeg"] = CFrame.new(0, -8.288916433230042e-07, -2.0721927285194397e-08, 0.9551565647125244, 0.13474126160144806, 0.26366791129112244, 0.024240970611572266, 0.8518928289413452, -0.5231547951698303, -0.2951073944568634, 0.5060863494873047, 0.8104248046875),
            ["LeftUpperArm"] = CFrame.new(0, 5.960464477539062e-07, 2.9802322387695312e-08, 0.9254292845726013, 0.12909725308418274, -0.35625073313713074, -0.11147987842559814, 0.9913234114646912, 0.06964310258626938, 0.36215049028396606, -0.024734968319535255, 0.9317914247512817),
            ["RightLowerArm"] = CFrame.new(5.960464477539063e-08, 7.152557373046875e-07, 2.9802322387695312e-08, 1, -7.450582373280668e-09, 4.0745366192140864e-08, 5.587935447692871e-09, 0.995023787021637, -0.09963878244161606, -1.909211277961731e-08, 0.09963879734277725, 0.9950237274169922),
            ["LeftHand"] = CFrame.new(-3.7997961044311523e-07, -5.960464477539063e-08, -2.384185791015625e-07, 0.9847549200057983, 0.1506950855255127, 0.08688343316316605, -0.1433487832546234, 0.9859815239906311, -0.0853918045759201, -0.09853356331586838, 0.07163539528846741, 0.9925521016120911),
            ["RightFoot"] = CFrame.new(-3.725290298461914e-08, 3.5762786865234375e-07, 3.149762051180005e-08, 0.9743520617485046, 0.225023090839386, -0.0016957517946138978, -0.21002526581287384, 0.9066556096076965, -0.36587488651275635, -0.08079293370246887, 0.35684749484062195, 0.9306625127792358),
            ["RightHand"] = CFrame.new(-1.043081283569336e-07, -4.76837158203125e-07, 0, 0.9751577377319336, -0.20465439558029175, 0.0847591757774353, 0.2171061635017395, 0.9589625597000122, -0.18236178159713745, -0.04395979270339012, 0.19623321294784546, 0.9795714020729065),
            ["RightLowerLeg"] = CFrame.new(1.4901161193847656e-08, -0.00012230873107910156, -0.00007745454058749601, 1, -1.2293456563838845e-07, 1.2665991278026922e-07, 6.332992086299782e-08, 0.8079414367675781, 0.5892627239227295, 3.352760558072987e-08, -0.5892627239227295, 0.8079414963722229),
            ["RightUpperLeg"] = CFrame.new(5.960464477539063e-08, -3.867462510243058e-07, -2.3522443370893598e-07, 0.8966337442398071, -0.27195873856544495, -0.34940874576568604, 0.1996007114648819, 0.952671229839325, -0.22929684817790985, 0.3952309787273407, 0.13585281372070312, 0.9084804058074951),
            ["LeftLowerLeg"] = CFrame.new(8.754432201385498e-08, 0.00012260675430297852, 0.00007742643356323242, 1, 1.6763806343078613e-08, 5.098990385477009e-08, -3.539026138810186e-08, 0.8000495433807373, 0.599933922290802, -2.1420420992512845e-08, -0.5999340415000916, 0.8000496029853821),
        }},
        {Time = 0.133, Data = {
            ["LeftFoot"] = CFrame.new(-4.6566128730773926e-08, 5.960464477539063e-08, -2.2351741790771484e-08, 0.998029887676239, 0.06272104382514954, 0.0016179950907826424, -0.062404192984104156, 0.9950020909309387, -0.0779537558555603, -0.006499384064227343, 0.07769908010959625, 0.9969556927680969),
            ["LeftLowerArm"] = CFrame.new(-3.2782554626464844e-07, -0.0000010728836059570312, -2.086162567138672e-07, 1, -2.607702853651972e-08, 6.379560346658764e-08, 1.862645326866641e-08, 0.9869076013565063, -0.16128678619861603, -1.3038517820973539e-08, 0.16128681600093842, 0.9869076013565063),
            ["RightUpperArm"] = CFrame.new(1.1920928955078125e-07, -1.1920928955078125e-07, -1.4901161193847656e-08, 0.9929741024971008, 0.07330048829317093, -0.09289578348398209, -0.07075854390859604, 0.9970309734344482, 0.030372360721230507, 0.09484624862670898, -0.023585742339491844, 0.9952125549316406),
            ["Head"] = CFrame.new(-1.5832483768463135e-08, 1.1920928955078125e-07, -7.450580596923828e-09, 0.9616638422012329, 0.08054973930120468, 0.26213425397872925, -0.03420083597302437, 0.9836537837982178, -0.1767924427986145, -0.2720899283885956, 0.16104966402053833, 0.9486991167068481),
            ["LowerTorso"] = CFrame.new(-0.08845794945955276, -0.12020134925842285, 0.05331011861562729, 0.9861838817596436, 0.0013364383485168219, -0.16564898192882538, 0.002851760946214199, 0.9996823072433472, 0.025043169036507607, 0.1656298190355301, -0.025169558823108673, 0.9858668446540833),
            ["UpperTorso"] = CFrame.new(9.313225746154785e-10, 2.9802322387695312e-08, 1.862645149230957e-09, 0.9976611733436584, -0.014668299816548824, -0.06676246225833893, 0.03121589682996273, 0.9666780233383179, 0.2540851831436157, 0.06081078574061394, -0.25557491183280945, 0.9648749232292175),
            ["HumanoidRootPart"] = CFrame.new(0, 0, 0, 1, 0, 0, 0, 1, 0, 0, 0, 1),
            ["LeftUpperLeg"] = CFrame.new(1.1920928955078125e-07, -4.902249202132225e-07, 1.30385160446167e-08, 0.9628739953041077, 0.09277642518281937, 0.2535080909729004, 0.06148071214556694, 0.8390424251556396, -0.5405810475349426, -0.2628571093082428, 0.5360973477363586, 0.8021880984306335),
            ["LeftUpperArm"] = CFrame.new(0, -1.1920928955078125e-07, 4.470348358154297e-08, 0.93483966588974, 0.11530883610248566, -0.3358251750469208, -0.09346984326839447, 0.9923588633537292, 0.08054319024085999, 0.3425464928150177, -0.04390541836619377, 0.9384744763374329),
            ["RightLowerArm"] = CFrame.new(5.960464477539063e-08, 0.0000013113021850585938, -2.682209014892578e-07, 1, -1.0244548320770264e-08, 1.6996638763089322e-08, 6.51925802230835e-09, 0.9925892353057861, -0.12151822447776794, 6.51925802230835e-09, 0.12151817232370377, 0.9925892949104309),
            ["LeftHand"] = CFrame.new(7.450580596923828e-08, -3.5762786865234375e-07, -3.5762786865234375e-07, 0.9881816506385803, 0.13802452385425568, 0.06668081134557724, -0.1325858235359192, 0.9879311919212341, -0.08008117228746414, -0.07692920416593552, 0.07029382139444351, 0.9945555329322815),
            ["RightFoot"] = CFrame.new(-2.9802322387695312e-08, 3.5762786865234375e-07, 9.145878721028566e-09, 0.9752247929573059, 0.22121021151542664, -0.0016938805347308517, -0.20902541279792786, 0.9189465045928955, -0.334432989358902, -0.07242333889007568, 0.3265017867088318, 0.9424180388450623),
            ["RightHand"] = CFrame.new(2.7101486921310425e-07, -5.960464477539062e-07, -1.1920928955078125e-07, 0.9705850481987, -0.190143883228302, 0.14768196642398834, 0.21654346585273743, 0.9575492143630981, -0.19028566777706146, -0.10523108392953873, 0.2166679948568344, 0.9705573320388794),
            ["RightLowerLeg"] = CFrame.new(3.5390257835388184e-08, -0.00012248754501342773, -0.00007746944174868986, 1, -9.685752644372769e-08, -5.2154071283894154e-08, 7.450581307466564e-08, 0.7386032938957214, 0.6741399168968201, 3.725290742551124e-09, -0.6741402745246887, 0.7386036515235901),
            ["RightUpperLeg"] = CFrame.new(-1.1920928955078125e-07, -2.087908796966076e-07, -2.6619090931490064e-07, 0.884814977645874, -0.30196288228034973, -0.35485348105430603, 0.19368283450603485, 0.9310265779495239, -0.3093162775039673, 0.4237799644470215, 0.20495857298374176, 0.8822712302207947),
            ["LeftLowerLeg"] = CFrame.new(1.0803341865539551e-07, 0.0001227259635925293, 0.00007734447717666626, 1, 1.3504181772816537e-08, 1.0244545656235005e-08, -6.705523958316917e-08, 0.812786877155304, 0.5825608968734741, -1.6763809895792292e-08, -0.582561194896698, 0.8127871155738831),
        }},
        {Time = 0.167, Data = {
            ["LeftFoot"] = CFrame.new(5.960464477539063e-08, -1.1920928955078125e-07, -9.313225746154785e-09, 0.9972573518753052, 0.07399510592222214, 0.0016075773164629936, -0.07353977113962173, 0.9931040406227112, -0.09130411595106125, -0.008352730423212051, 0.0909353643655777, 0.9958218336105347),
            ["LeftLowerArm"] = CFrame.new(-2.384185791015625e-07, -0.0000010728836059570312, -2.9802322387695312e-08, 1, -2.6077035641947077e-08, -2.0489107299681564e-08, 1.1175872671742582e-08, 0.9797228574752808, -0.20035803318023682, 3.9115551686563776e-08, 0.20035803318023682, 0.9797228574752808),
            ["RightUpperArm"] = CFrame.new(0, -5.960464477539062e-07, 4.470348358154297e-08, 0.9962007403373718, 0.03951695188879967, -0.07760448008775711, -0.03519313782453537, 0.997792661190033, 0.056314900517463684, 0.07965859770774841, -0.05336981639266014, 0.9953925013542175),
            ["Head"] = CFrame.new(0, -3.5762786865234375e-07, -2.514570951461792e-08, 0.9709517359733582, 0.07951753586530685, 0.22567635774612427, -0.027119707316160202, 0.9736589193344116, -0.22639070451259613, -0.2377339005470276, 0.21369419991970062, 0.9475322961807251),
            ["LowerTorso"] = CFrame.new(-0.10003802925348282, -0.13548970222473145, 0.04622551053762436, 0.9921838641166687, 0.0027742008678615093, -0.12475366145372391, 0.003380265086889267, 0.9987884163856506, 0.049094222486019135, 0.12473870813846588, -0.049132198095321655, 0.9909723997116089),
            ["UpperTorso"] = CFrame.new(-6.752088665962219e-09, -1.4901161193847656e-07, -3.073364496231079e-08, 0.9979184865951538, -0.006454961374402046, -0.0641641840338707, 0.02413945645093918, 0.9600310325622559, 0.2788510024547577, 0.05979964882135391, -0.27981942892074585, 0.9581884741783142),
            ["HumanoidRootPart"] = CFrame.new(0, 0, 0, 1, 0, 0, 0, 1, 0, 0, 0, 1),
            ["LeftUpperLeg"] = CFrame.new(-1.1920928955078125e-07, -3.8708094507455826e-07, -4.0978193283081055e-08, 0.9720498323440552, 0.06899857521057129, 0.22440697252750397, 0.07597702741622925, 0.8119534254074097, -0.5787566304206848, -0.22214117646217346, 0.5796299576759338, 0.7840167880058289),
            ["LeftUpperArm"] = CFrame.new(0, -4.76837158203125e-07, -5.960464477539063e-08, 0.9490176439285278, 0.09576420485973358, -0.30032461881637573, -0.06723246723413467, 0.9923062324523926, 0.10396283864974976, 0.3079698979854584, -0.07847104221582413, 0.9481544494628906),
            ["RightLowerArm"] = CFrame.new(1.1920928955078125e-07, 4.172325134277344e-07, -4.470348358154297e-08, 1, -1.3038517820973539e-08, 3.166497108963995e-08, 1.862645504502325e-08, 0.9856105446815491, -0.16903246939182281, -1.5832487321176814e-08, 0.1690324991941452, 0.9856104850769043),
            ["LeftHand"] = CFrame.new(-1.9371509552001953e-07, -1.7881393432617188e-07, -1.7881393432617188e-07, 0.991801917552948, 0.12015657871961594, 0.04349036514759064, -0.1165553480386734, 0.9901508688926697, -0.07756437361240387, -0.05238191410899162, 0.07185949385166168, 0.9960383772850037),
            ["RightFoot"] = CFrame.new(-5.960464477539063e-08, 3.5762786865234375e-07, 6.875052349641919e-08, 0.9752740263938904, 0.2209927886724472, -0.0016939121996983886, -0.21095675230026245, 0.9286447167396545, -0.30514925718307495, -0.06586269289255142, 0.2979618012905121, 0.9523030519485474),
            ["RightHand"] = CFrame.new(1.30385160446167e-07, -5.364418029785156e-07, -5.960464477539063e-08, 0.9694514274597168, -0.1660105437040329, 0.18056708574295044, 0.2013450413942337, 0.9590334296226501, -0.19928641617298126, -0.14008621871471405, 0.22955480217933655, 0.9631617069244385),
            ["RightLowerLeg"] = CFrame.new(-5.960464477539063e-08, -0.00012236833572387695, -0.00007738376007182524, 1, -4.4703469370688254e-08, -5.2154071283894154e-08, 1.2665985593685036e-07, 0.6339412927627563, 0.7733809351921082, -1.5646217832454568e-07, -0.7733811140060425, 0.6339417099952698),
            ["RightUpperLeg"] = CFrame.new(-2.9802322387695312e-08, 7.275957614183426e-08, -2.4011387722566724e-07, 0.8767254948616028, -0.3370421528816223, -0.3431543707847595, 0.18123747408390045, 0.8923328518867493, -0.41339462995529175, 0.4455394744873047, 0.3002411723136902, 0.8434156775474548),
            ["LeftLowerLeg"] = CFrame.new(1.1175870895385742e-08, 0.0001226663589477539, 0.00007735937833786011, 1, 6.239861960466442e-08, 2.2351734685344127e-08, -6.565824861581859e-08, 0.7950498461723328, 0.6065439581871033, 2.2351745343485163e-08, -0.6065442562103271, 0.7950500249862671),
        }},
        {Time = 0.200, Data = {
            ["LeftFoot"] = CFrame.new(2.421438694000244e-08, 1.1920928955078125e-07, 1.4901161193847656e-08, 0.996684730052948, 0.08134511858224869, 0.001600849092938006, -0.08047811686992645, 0.9885686039924622, -0.12749764323234558, -0.01195379439741373, 0.12694598734378815, 0.9918376803398132),
            ["LeftLowerArm"] = CFrame.new(-5.960464477539063e-08, -0.0000013113021850585938, 5.960464477539063e-08, 1, -4.0978193283081055e-08, 4.6566128730773926e-08, 2.9802322387695312e-08, 0.9663962125778198, -0.2570572793483734, -3.725290298461914e-08, 0.2570572793483734, 0.9663962125778198),
            ["RightUpperArm"] = CFrame.new(-1.1920928955078125e-07, 2.384185791015625e-07, -2.086162567138672e-07, 0.9980977177619934, -0.010296870023012161, -0.06078595668077469, 0.01719038560986519, 0.9933323264122009, 0.11399780958890915, 0.05920681729912758, -0.11482586711645126, 0.9916197061538696),
            ["Head"] = CFrame.new(4.470348358154297e-08, 7.152557373046875e-07, 6.51925802230835e-09, 0.9783992171287537, 0.07375908643007278, 0.1931181699037552, -0.020022526383399963, 0.9636006951332092, -0.26659467816352844, -0.20575261116027832, 0.2569693326950073, 0.9442631006240845),
            ["LowerTorso"] = CFrame.new(-0.10886459052562714, -0.1600794792175293, 0.029184482991695404, 0.9954043626785278, 0.0041625406593084335, -0.09567082673311234, 0.002796704648062587, 0.9973650574684143, 0.0724925696849823, 0.09572049975395203, -0.07242698222398758, 0.9927698373794556),
            ["UpperTorso"] = CFrame.new(-1.0277290130034089e-08, -2.384185791015625e-07, 1.917942427098751e-08, 0.9983494281768799, 0.0006366458837874234, -0.05742954462766647, 0.01692499779164791, 0.9522727727890015, 0.3047790229320526, 0.05488264560699463, -0.3052479922771454, 0.9506901502609253),
            ["HumanoidRootPart"] = CFrame.new(0, 0, 0, 1, 0, 0, 0, 1, 0, 0, 0, 1),
            ["LeftUpperLeg"] = CFrame.new(-1.7881393432617188e-07, -0.0000011210795491933823, 1.30385160446167e-08, 0.9776978492736816, 0.05558991804718971, 0.20252592861652374, 0.08697053790092468, 0.7705926299095154, -0.631365954875946, -0.19116252660751343, 0.6348991394042969, 0.7485722899436951),
            ["LeftUpperArm"] = CFrame.new(-1.1920928955078125e-07, 0, -1.4901161193847656e-07, 0.9659132957458496, 0.07111116498708725, -0.24890731275081635, -0.03361453115940094, 0.9878432750701904, 0.15177538990974426, 0.25667431950569153, -0.1382349133491516, 0.9565613269805908),
            ["RightLowerArm"] = CFrame.new(-4.470348358154297e-07, 7.152557373046875e-07, 1.043081283569336e-07, 1, -2.9802322387695312e-08, -3.725290298461914e-09, 2.6077035641947077e-08, 0.9707563519477844, -0.24006681144237518, -1.1175872671742582e-08, 0.240066796541214, 0.9707563519477844),
            ["LeftHand"] = CFrame.new(-2.682209014892578e-07, 2.384185791015625e-07, -2.980232238769531e-07, 0.9955596923828125, 0.09275676310062408, 0.016037320718169212, -0.09120284765958786, 0.9926453232765198, -0.07960773259401321, -0.02330353483557701, 0.07779161632061005, 0.9966973066329956),
            ["RightFoot"] = CFrame.new(5.21540641784668e-08, 4.172325134277344e-07, -2.8107024263590574e-08, 0.9701263308525085, 0.2425946444272995, -0.0017035979544743896, -0.2344941347837448, 0.9358864426612854, -0.2629238963127136, -0.06218966841697693, 0.2554689943790436, 0.9648151397705078),
            ["RightHand"] = CFrame.new(2.1606683731079102e-07, -5.364418029785156e-07, -8.940696716308594e-08, 0.9735392928123474, -0.13481904566287994, 0.18451328575611115, 0.1724836677312851, 0.9631646871566772, -0.20630842447280884, -0.14990240335464478, 0.23267483711242676, 0.960932731628418),
            ["RightLowerLeg"] = CFrame.new(-2.2351741790771484e-08, -0.00012230873107910156, -0.00007743963942630216, 1, -4.470347647611561e-08, -5.96046660916727e-08, 1.1920926112907182e-07, 0.3539709150791168, 0.9352563619613647, -1.5646214990283625e-07, -0.9352564811706543, 0.3539711534976959),
            ["RightUpperLeg"] = CFrame.new(5.960464477539063e-08, -3.842869773507118e-07, -2.51289748121053e-07, 0.8913167715072632, -0.3811190724372864, -0.24556590616703033, 0.16928982734680176, 0.7822251915931702, -0.5995537638664246, 0.42058926820755005, 0.4928204417228699, 0.7617300152778625),
            ["LeftLowerLeg"] = CFrame.new(1.1548399925231934e-07, 0.0001227855682373047, 0.00007726997137069702, 1, 6.332993507385254e-08, 1.8626449271863521e-09, -8.07922262424654e-08, 0.7438040375709534, 0.6683977246284485, -1.4901159417490817e-08, -0.668397843837738, 0.7438040971755981),
        }},
        {Time = 0.233, Data = {
            ["LeftFoot"] = CFrame.new(-2.60770320892334e-08, -5.960464477539063e-08, -2.2351741790771484e-08, 0.9963677525520325, 0.08514051139354706, 0.0015972537221387029, -0.08345036953687668, 0.9799798727035522, -0.1807641237974167, -0.01695556379854679, 0.17997436225414276, 0.9835252165794373),
            ["LeftLowerArm"] = CFrame.new(-3.8743019104003906e-07, -6.556510925292969e-07, 3.8743019104003906e-07, 1, -4.062894731760025e-08, 0, 5.960463056453591e-08, 0.9409685134887695, -0.33849427103996277, -2.2351736461700966e-08, 0.33849427103996277, 0.9409685134887695),
            ["RightUpperArm"] = CFrame.new(2.384185791015625e-07, -2.384185791015625e-07, 1.2665987014770508e-07, 0.9971470236778259, -0.05924037843942642, -0.046781204640865326, 0.06719046086072922, 0.9790083765983582, 0.19242660701274872, 0.03439980000257492, -0.1950208991765976, 0.9801956415176392),
            ["Head"] = CFrame.new(2.2351741790771484e-08, -3.5762786865234375e-07, 6.472691893577576e-08, 0.98441082239151, 0.06694716960191727, 0.16264528036117554, -0.015795046463608742, 0.9546396732330322, -0.29734402894973755, -0.1751740276813507, 0.2901397943496704, 0.9408150911331177),
            ["LowerTorso"] = CFrame.new(-0.1123778223991394, -0.19609332084655762, 0.005348533391952515, 0.9974184036254883, 0.0054934159852564335, -0.07159854471683502, 0.0014661280438303947, 0.9953038692474365, 0.09678914397954941, 0.07179400324821472, -0.09664425253868103, 0.9927263259887695),
            ["UpperTorso"] = CFrame.new(-7.450580596923828e-09, 8.940696716308594e-08, 7.450580596923828e-09, 0.9988053441047668, 0.004509530961513519, -0.048658352345228195, 0.011840310879051685, 0.9437291026115417, 0.3305075168609619, 0.04741072654724121, -0.33068880438804626, 0.9425483345985413),
            ["HumanoidRootPart"] = CFrame.new(0, 0, 0, 1, 0, 0, 0, 1, 0, 0, 0, 1),
            ["LeftUpperLeg"] = CFrame.new(-1.1920928955078125e-07, 9.313225746154785e-08, 2.0489096641540527e-08, 0.9817681908607483, 0.04800613969564438, 0.18392005562782288, 0.09438793361186981, 0.716738224029541, -0.6909247040748596, -0.16499124467372894, 0.6956878900527954, 0.6991397738456726),
            ["LeftUpperArm"] = CFrame.new(0, -2.384185791015625e-07, 8.195638656616211e-08, 0.9796050786972046, 0.048640333116054535, -0.19495663046836853, -0.0047590769827365875, 0.9756025075912476, 0.21949315071105957, 0.20087642967700958, -0.21408876776695251, 0.9559366106987),
            ["RightLowerArm"] = CFrame.new(2.980232238769531e-07, 0.0000011324882507324219, 1.73225998878479e-07, 1, -1.862645504502325e-08, 5.587936335871291e-09, 3.4691769457140254e-08, 0.946629524230957, -0.3223239481449127, -1.1175872671742582e-08, 0.3223240077495575, 0.9466294646263123),
            ["LeftHand"] = CFrame.new(-1.3783574104309082e-07, 1.7881393432617188e-07, -1.341104507446289e-07, 0.9983595013618469, 0.0551692396402359, -0.015320725739002228, -0.05629942566156387, 0.9946001768112183, -0.08718349039554596, 0.010428188368678093, 0.08790300786495209, 0.9960744976997375),
            ["RightFoot"] = CFrame.new(1.1175870895385742e-08, 3.5762786865234375e-07, 9.145878721028566e-09, 0.9721218943595886, 0.23447060585021973, -0.001699858228676021, -0.2295161783695221, 0.9500500559806824, -0.21148718893527985, -0.04797268658876419, 0.20598216354846954, 0.9773793816566467),
            ["RightHand"] = CFrame.new(-1.30385160446167e-07, -4.172325134277344e-07, 2.9802322387695312e-08, 0.9782289266586304, -0.10112681984901428, 0.18122267723083496, 0.13937625288963318, 0.9671353101730347, -0.21265876293182373, -0.1537613719701767, 0.23328715562820435, 0.9601742625236511),
            ["RightLowerLeg"] = CFrame.new(-1.4901161193847656e-08, -0.00012242794036865234, -0.00007726082549197599, 1, -1.3411039390121005e-07, -1.7881397695873602e-07, 1.341104507446289e-07, 0.10237480700016022, 0.9947459101676941, -1.7136335372924805e-07, -0.9947459697723389, 0.10237536579370499),
            ["RightUpperLeg"] = CFrame.new(5.960464477539063e-08, 3.343448042869568e-07, -2.4756445782259107e-07, 0.9207580089569092, -0.3632555603981018, -0.14230282604694366, 0.1359991431236267, 0.6407329440116882, -0.7556225657463074, 0.36566224694252014, 0.6763924956321716, 0.6393625736236572),
            ["LeftLowerLeg"] = CFrame.new(8.568167686462402e-08, 0.00012242794036865234, 0.0000774189829826355, 1, 1.1734660176898615e-07, 2.1420417439799166e-08, -6.635673344135284e-08, 0.6656627058982849, 0.7462529540061951, 5.21540641784668e-08, -0.7462528347969055, 0.6656624674797058),
        }},
        {Time = 0.267, Data = {
            ["LeftFoot"] = CFrame.new(2.0489096641540527e-08, 1.7881393432617188e-07, -7.450580596923828e-09, 0.9962785840034485, 0.08617748320102692, 0.001596244634129107, -0.08310318738222122, 0.9653215408325195, -0.24748417735099792, -0.02286824770271778, 0.2464303821325302, 0.9688906073570251),
            ["LeftLowerArm"] = CFrame.new(-4.172325134277344e-07, -4.76837158203125e-07, 2.086162567138672e-07, 1, -3.306194429342213e-08, 3.725290298461914e-09, 3.725290653733282e-08, 0.9091503620147705, -0.41646790504455566, 7.450581485102248e-09, 0.41646796464920044, 0.9091504216194153),
            ["RightUpperArm"] = CFrame.new(0, 0, -9.685754776000977e-08, 0.994126558303833, -0.10056721419095993, -0.039983753114938736, 0.10780175030231476, 0.9527955055236816, 0.28383001685142517, 0.009552353993058205, -0.28647327423095703, 0.958040714263916),
            ["Head"] = CFrame.new(1.1175870895385742e-08, 1.1920928955078125e-07, 3.259629011154175e-08, 0.9893144369125366, 0.06143384054303169, 0.1322229951620102, -0.014972791075706482, 0.9449069499969482, -0.32699644565582275, -0.14502708613872528, 0.32152262330055237, 0.9357299208641052),
            ["LowerTorso"] = CFrame.new(-0.111402727663517, -0.2456531524658203, -0.02634119987487793, 0.9988388419151306, 0.006005612201988697, -0.04780059680342674, -0.00015844788867980242, 0.9926038384437561, 0.1213986948132515, 0.048176128417253494, -0.12125016003847122, 0.9914522171020508),
            ["UpperTorso"] = CFrame.new(-7.2177499532699585e-09, -8.940696716308594e-08, 9.313225746154785e-10, 0.9991526007652283, 0.0068147615529596806, -0.04059275984764099, 0.008170060813426971, 0.9337411522865295, 0.35785600543022156, 0.0403418205678463, -0.35788437724113464, 0.9328941702842712),
            ["HumanoidRootPart"] = CFrame.new(0, 0, 0, 1, 0, 0, 0, 1, 0, 0, 0, 1),
            ["LeftUpperLeg"] = CFrame.new(-1.1920928955078125e-07, -3.427267074584961e-07, 3.725290298461914e-09, 0.9853858947753906, 0.04237920045852661, 0.164980947971344, 0.09822875261306763, 0.6499089598655701, -0.7536375522613525, -0.13916133344173431, 0.7588295340538025, 0.6362482309341431),
            ["LeftUpperArm"] = CFrame.new(0, 1.1920928955078125e-07, -7.450580596923828e-09, 0.9862475991249084, 0.04388344660401344, -0.15934254229068756, 0.005853978451341391, 0.9542258381843567, 0.29903000593185425, 0.16517126560211182, -0.29585033655166626, 0.9408459067344666),
            ["RightLowerArm"] = CFrame.new(2.384185791015625e-07, 8.344650268554688e-07, -1.1548399925231934e-07, 1, -3.352762334429826e-08, 1.1175873559921001e-08, 3.3527616238870905e-08, 0.9125083684921265, -0.4090580940246582, 1.1175872671742582e-08, 0.4090580344200134, 0.9125084280967712),
            ["LeftHand"] = CFrame.new(-2.905726432800293e-07, -1.7881393432617188e-07, -1.7881393432617188e-07, 0.99880051612854, 0.012083745561540127, -0.04745142161846161, -0.016794992610812187, 0.9948278069496155, -0.1001780703663826, 0.04599544033408165, 0.10085485875606537, 0.9938374161720276),
            ["RightFoot"] = CFrame.new(3.5390257835388184e-08, 4.76837158203125e-07, 1.287116901949048e-08, 0.9961843490600586, 0.08725889027118683, -0.0016187319997698069, -0.08592705428600311, 0.977397084236145, -0.19316178560256958, -0.015273033641278744, 0.1925642341375351, 0.9811656475067139),
