return {
    ["Quagmire Dance"] = {
        {Time = 0.000, Data = {
            ["LeftFoot"] = CFrame.new(4.423782229423523e-08, -1.1920928955078125e-07, -2.9802322387695312e-08, 0.9968664646148682, 0.06828784197568893, 0.03916047886013985, -0.05872071906924248, 0.9772108197212219, -0.20438016951084137, -0.05300228297710419, 0.2009872943162918, 0.9781079888343811),
            ["LeftLowerArm"] = CFrame.new(8.568167686462402e-08, 5.960464477539062e-07, 2.3096799850463867e-07, 0.9999983906745911, -0.0015896580880507827, 0.0008043108391575515, 0.0017815863247960806, 0.890956461429596, -0.4540851414203644, 0.0000051446254474285524, 0.4540860652923584, 0.8909580111503601),
            ["LowerTorso"] = CFrame.new(-7.759139434204611e-18, -0.08589315414428711, 0.0006707571446895599, 0.998790979385376, 0.04914890229701996, -0.001074297702871263, -0.04898686334490776, 0.9968582987785339, 0.062240634113550186, 0.004129981156438589, -0.06211281940340996, 0.9980605840682983),
            ["Head"] = CFrame.new(-3.8708094507455826e-09, 3.5762786865234375e-07, 1.862645149230957e-08, 0.9999852180480957, 0.00538351945579052, 0.0008737518219277263, -0.005324333906173706, 0.9983290433883667, -0.05754055455327034, -0.0011820619693025947, 0.057534992694854736, 0.9983428716659546),
            ["RightUpperArm"] = CFrame.new(0, 1.1920928955078125e-07, 2.2351741790771484e-08, 0.6214299201965332, -0.4933684170246124, 0.6035999059677124, 0.03903435915708542, 0.7926256060600281, 0.6059948801994324, -0.7824967503547668, -0.3582347631454468, 0.5181093215942383),
            ["UpperTorso"] = CFrame.new(2.4156179279088974e-09, -0.000011712312698364258, 0.0007418198511004448, 0.9985160231590271, -0.05446053296327591, 0.00012404333392623812, 0.054460518062114716, 0.9985048174858093, -0.0047136335633695126, 0.00013285335444379598, 0.0047135185450315475, 0.9999889731407166),
            ["HumanoidRootPart"] = CFrame.new(0, 0, 0, 1, 0, 0, 0, 1, 0, 0, 0, 1),
            ["RightHand"] = CFrame.new(1.1920928955078125e-07, 4.172325134277344e-07, 4.470348358154297e-08, 0.8594628572463989, 0.28277334570884705, -0.4258671700954437, -0.22453607618808746, 0.9572332501411438, 0.1824502944946289, 0.4592462182044983, -0.061186689883470535, 0.8861992359161377),
            ["LeftUpperArm"] = CFrame.new(0, 3.5762786865234375e-07, 2.60770320892334e-08, 0.7030823826789856, 0.364096075296402, -0.6051579713821411, -0.06284616887569427, 0.8858433961868286, 0.45687586069107056, 0.708325982093811, -0.2876032590866089, 0.6519573330879211),
            ["RightLowerArm"] = CFrame.new(-4.936009645462036e-08, 7.748603820800781e-07, 1.862645149230957e-07, 0.9999953508377075, 0.002971906214952469, -0.0008223836193792522, -0.0027752721216529608, 0.7511956095695496, -0.6600735783576965, -0.0013439288595691323, 0.6600730419158936, 0.7512004971504211),
            ["LeftHand"] = CFrame.new(-1.1920928955078125e-07, 2.980232238769531e-07, -9.685754776000977e-08, 0.798528790473938, 0.06634436547756195, -0.5982893705368042, 0.005839570891112089, 0.9930073022842407, 0.11790870130062103, 0.6019282937049866, -0.09764719009399414, 0.7925574779510498),
            ["RightUpperLeg"] = CFrame.new(-5.960464477539063e-08, 0.00004152534529566765, 0.0011276304721832275, 0.8877677917480469, -0.25485721230506897, -0.38337770104408264, 0.06000415235757828, 0.8896932005882263, -0.45231199264526367, 0.45636388659477234, 0.3788057565689087, 0.8052548170089722),
            ["LeftUpperLeg"] = CFrame.new(0, 0.000041709281504154205, 0.0011276379227638245, 0.7251778841018677, -0.394883930683136, -0.5641623735427856, -0.020487569272518158, 0.8064703941345215, -0.5907474756240845, 0.6882568001747131, 0.4400820732116699, 0.5768347978591919),
            ["RightLowerLeg"] = CFrame.new(-5.587935447692871e-08, -3.5762786865234375e-07, 4.470348358154297e-08, 1, 4.843375478458256e-08, 1.0056889010456871e-07, -5.960465188081798e-08, 0.7700570821762085, 0.6375274062156677, -1.0244549741855735e-07, -0.6379750967025757, 0.7704277634620667),
            ["RightFoot"] = CFrame.new(-6.3300831243395805e-09, -5.960464477539063e-08, -2.468004822731018e-08, 0.9706441164016724, 0.04685627669095993, -0.23658636212348938, -0.11701226234436035, 0.9491316676139832, -0.29263317584991455, 0.21013805270195007, 0.31137359142303467, 0.9264948964118958),
            ["LeftLowerLeg"] = CFrame.new(4.284083843231201e-08, -2.384185791015625e-07, -2.2351741790771484e-08, 1, 1.4901162970204496e-08, 4.842544143457417e-08, -9.126963362859897e-08, 0.6039730906486511, 0.796831488609314, -8.381905303167514e-08, -0.7970046997070312, 0.60420161485672),
        }},
        {Time = 0.033, Data = {
            ["LeftFoot"] = CFrame.new(3.3527612686157227e-08, -1.1920928955078125e-07, -4.0978193283081055e-08, 0.9989983439445496, -0.0021404698491096497, -0.04551892727613449, -0.012867425568401814, 0.9425235986709595, -0.33449921011924744, 0.04285803064703941, 0.3341326415538788, 0.9412961006164551),
            ["LeftLowerArm"] = CFrame.new(6.705522537231445e-08, 5.960464477539062e-07, -9.592622518539429e-08, 0.9999901056289673, -0.003032686887308955, 0.003265007631853223, 0.004211060702800751, 0.40349504351615906, -0.9149720668792725, 0.0014573708176612854, 0.9149768948554993, 0.4035038650035858),
            ["LowerTorso"] = CFrame.new(0.16669826209545135, -0.13029193878173828, 0.004413887858390808, 0.999948263168335, 0.010179009288549423, -0.00022249339963309467, -0.01014544814825058, 0.9980112314224243, 0.062215425074100494, 0.0008553421939723194, -0.062210019677877426, 0.9980627298355103),
            ["Head"] = CFrame.new(-2.8958311304450035e-09, 3.5762786865234375e-07, 1.1175870895385742e-08, 0.999594509601593, 0.022046256810426712, -0.018021197989583015, -0.020531779155135155, 0.9965599179267883, 0.08029200881719589, 0.01972934789955616, -0.07988949120044708, 0.9966084361076355),
            ["RightUpperArm"] = CFrame.new(1.1920928955078125e-07, 5.960464477539062e-07, 2.2351741790771484e-08, 0.44786688685417175, -0.8165703415870667, 0.3585633337497711, 0.17241495847702026, 0.4742277264595032, 0.8619966506958008, -0.8773189187049866, -0.3291214406490326, 0.35832130908966064),
            ["UpperTorso"] = CFrame.new(-1.367880031466484e-08, -0.000011444091796875, 0.000741817057132721, 0.9991148710250854, -0.042066559195518494, 0.000042229356040479615, 0.0420662946999073, 0.9991037249565125, -0.0047175767831504345, 0.00015626363165210932, 0.004715316463261843, 0.9999889135360718),
            ["HumanoidRootPart"] = CFrame.new(0, 0, 0, 1, 0, 0, 0, 1, 0, 0, 0, 1),
            ["RightHand"] = CFrame.new(-2.9802322387695312e-08, 4.76837158203125e-07, 2.384185791015625e-07, 0.8648532032966614, 0.42957955598831177, 0.2597891390323639, -0.2810896933078766, 0.8431237936019897, -0.4584004580974579, -0.41595396399497986, 0.32342514395713806, 0.8499286770820618),
            ["LeftUpperArm"] = CFrame.new(0, 7.152557373046875e-07, 2.60770320892334e-08, 0.2347027063369751, 0.9260799288749695, -0.2923712730407715, 0.09896180778741837, 0.27601686120033264, 0.9559131860733032, 0.9670166373252869, -0.2572755217552185, -0.02736871875822544),
            ["RightLowerArm"] = CFrame.new(1.4901161193847656e-08, 2.384185791015625e-07, -1.9744038581848145e-07, 0.9999892711639404, 0.00372772803530097, -0.0027744241524487734, -0.004012279212474823, 0.3914635479450226, -0.9201849699020386, -0.0023441389203071594, 0.9201861619949341, 0.39147430658340454),
            ["LeftHand"] = CFrame.new(0, 6.556510925292969e-07, 1.7881393432617188e-07, 0.7889362573623657, -0.185791477560997, -0.5857142806053162, 0.3134160339832306, 0.9415515661239624, 0.12349537760019302, 0.528535783290863, -0.28100210428237915, 0.8010541796684265),
            ["RightUpperLeg"] = CFrame.new(5.960464477539063e-08, 0.000041890889406204224, 0.0011276379227638245, 0.7790501713752747, 0.18510772287845612, 0.5990583300590515, 0.0670936331152916, 0.9253171682357788, -0.3729855716228485, -0.6233612895011902, 0.33094295859336853, 0.7085273861885071),
            ["LeftUpperLeg"] = CFrame.new(2.9802322387695312e-08, 0.00004178052768111229, 0.0011276379227638245, 0.7685949206352234, -0.28773385286331177, -0.5714182257652283, -0.1277064085006714, 0.8061556816101074, -0.5776447653770447, 0.6268596649169922, 0.517032265663147, 0.5829302668571472),
            ["RightLowerLeg"] = CFrame.new(7.078051567077637e-08, 2.384185791015625e-07, 1.4901161193847656e-08, 1, -6.519377393487957e-08, 1.0523076809931808e-07, -8.381905303167514e-08, 0.6457566618919373, 0.7633073925971985, -8.987264976667575e-08, -0.7635433077812195, 0.6460354924201965),
            ["RightFoot"] = CFrame.new(4.563480615615845e-08, -1.1920928955078125e-07, 3.725290298461914e-08, 0.9989010095596313, -0.03128018230199814, -0.03414575383067131, 0.014394685626029968, 0.9141359925270081, -0.4055808484554291, 0.04460549354553223, 0.40419891476631165, 0.913421094417572),
            ["LeftLowerLeg"] = CFrame.new(-5.960464477539063e-08, 1.1920928955078125e-07, -6.705522537231445e-08, 1, -7.450383066043287e-08, 1.303806840269317e-07, -3.725290653733282e-08, 0.48280787467956543, 0.8756966590881348, -5.960465188081798e-08, -0.8757262825965881, 0.48286172747612),
        }},
        {Time = 0.067, Data = {
            ["LeftFoot"] = CFrame.new(3.3527612686157227e-08, -1.1920928955078125e-07, -4.0978193283081055e-08, 0.9989983439445496, -0.0021404698491096497, -0.04551892727613449, -0.012867425568401814, 0.9425235986709595, -0.33449921011924744, 0.04285803064703941, 0.3341326415538788, 0.9412961006164551),
            ["LeftLowerArm"] = CFrame.new(6.705522537231445e-08, 5.960464477539062e-07, -9.592622518539429e-08, 0.9999901056289673, -0.003032686887308955, 0.003265007631853223, 0.004211060702800751, 0.40349504351615906, -0.9149720668792725, 0.0014573708176612854, 0.9149768948554993, 0.4035038650035858),
            ["LowerTorso"] = CFrame.new(0.16669826209545135, -0.13029193878173828, 0.004413887858390808, 0.999948263168335, 0.010179009288549423, -0.00022249339963309467, -0.01014544814825058, 0.9980112314224243, 0.062215425074100494, 0.0008553421939723194, -0.062210019677877426, 0.9980627298355103),
            ["Head"] = CFrame.new(-2.8958311304450035e-09, 3.5762786865234375e-07, 1.1175870895385742e-08, 0.999594509601593, 0.022046256810426712, -0.018021197989583015, -0.020531779155135155, 0.9965599179267883, 0.08029200881719589, 0.01972934789955616, -0.07988949120044708, 0.9966084361076355),
            ["RightUpperArm"] = CFrame.new(1.1920928955078125e-07, 5.960464477539062e-07, 2.2351741790771484e-08, 0.44786688685417175, -0.8165703415870667, 0.3585633337497711, 0.17241495847702026, 0.4742277264595032, 0.8619966506958008, -0.8773189187049866, -0.3291214406490326, 0.35832130908966064),
            ["UpperTorso"] = CFrame.new(-1.367880031466484e-08, -0.000011444091796875, 0.000741817057132721, 0.9991148710250854, -0.042066559195518494, 0.000042229356040479615, 0.0420662946999073, 0.9991037249565125, -0.0047175767831504345, 0.00015626363165210932, 0.004715316463261843, 0.9999889135360718),
            ["HumanoidRootPart"] = CFrame.new(0, 0, 0, 1, 0, 0, 0, 1, 0, 0, 0, 1),
            ["RightHand"] = CFrame.new(-2.9802322387695312e-08, 4.76837158203125e-07, 2.384185791015625e-07, 0.8648532032966614, 0.42957955598831177, 0.2597891390323639, -0.2810896933078766, 0.8431237936019897, -0.4584004580974579, -0.41595396399497986, 0.32342514395713806, 0.8499286770820618),
            ["LeftUpperArm"] = CFrame.new(0, 7.152557373046875e-07, 2.60770320892334e-08, 0.2347027063369751, 0.9260799288749695, -0.2923712730407715, 0.09896180778741837, 0.27601686120033264, 0.9559131860733032, 0.9670166373252869, -0.2572755217552185, -0.02736871875822544),
            ["RightLowerArm"] = CFrame.new(1.4901161193847656e-08, 2.384185791015625e-07, -1.9744038581848145e-07, 0.9999892711639404, 0.00372772803530097, -0.0027744241524487734, -0.004012279212474823, 0.3914635479450226, -0.9201849699020386, -0.0023441389203071594, 0.9201861619949341, 0.39147430658340454),
            ["LeftHand"] = CFrame.new(0, 6.556510925292969e-07, 1.7881393432617188e-07, 0.7889362573623657, -0.185791477560997, -0.5857142806053162, 0.3134160339832306, 0.9415515661239624, 0.12349537760019302, 0.528535783290863, -0.28100210428237915, 0.8010541796684265),
            ["RightUpperLeg"] = CFrame.new(5.960464477539063e-08, 0.000041890889406204224, 0.0011276379227638245, 0.7790501713752747, 0.18510772287845612, 0.5990583300590515, 0.0670936331152916, 0.9253171682357788, -0.3729855716228485, -0.6233612895011902, 0.33094295859336853, 0.7085273861885071),
            ["LeftUpperLeg"] = CFrame.new(2.9802322387695312e-08, 0.00004178052768111229, 0.0011276379227638245, 0.7685949206352234, -0.28773385286331177, -0.5714182257652283, -0.1277064085006714, 0.8061556816101074, -0.5776447653770447, 0.6268596649169922, 0.517032265663147, 0.5829302668571472),
            ["RightLowerLeg"] = CFrame.new(7.078051567077637e-08, 2.384185791015625e-07, 1.4901161193847656e-08, 1, -6.519377393487957e-08, 1.0523076809931808e-07, -8.381905303167514e-08, 0.6457566618919373, 0.7633073925971985, -8.987264976667575e-08, -0.7635433077812195, 0.6460354924201965),
            ["RightFoot"] = CFrame.new(4.563480615615845e-08, -1.1920928955078125e-07, 3.725290298461914e-08, 0.9989010095596313, -0.03128018230199814, -0.03414575383067131, 0.014394685626029968, 0.9141359925270081, -0.4055808484554291, 0.04460549354553223, 0.40419891476631165, 0.913421094417572),
            ["LeftLowerLeg"] = CFrame.new(-5.960464477539063e-08, 1.1920928955078125e-07, -6.705522537231445e-08, 1, -7.450383066043287e-08, 1.303806840269317e-07, -3.725290653733282e-08, 0.48280787467956543, 0.8756966590881348, -5.960465188081798e-08, -0.8757262825965881, 0.48286172747612),
        }},
        {Time = 0.100, Data = {
            ["LeftFoot"] = CFrame.new(3.3527612686157227e-08, -1.1920928955078125e-07, -4.0978193283081055e-08, 0.9989983439445496, -0.0021404698491096497, -0.04551892727613449, -0.012867425568401814, 0.9425235986709595, -0.33449921011924744, 0.04285803064703941, 0.3341326415538788, 0.9412961006164551),
            ["LeftLowerArm"] = CFrame.new(6.705522537231445e-08, 5.960464477539062e-07, -9.592622518539429e-08, 0.9999901056289673, -0.003032686887308955, 0.003265007631853223, 0.004211060702800751, 0.40349504351615906, -0.9149720668792725, 0.0014573708176612854, 0.9149768948554993, 0.4035038650035858),
            ["LowerTorso"] = CFrame.new(0.16669826209545135, -0.13029193878173828, 0.004413887858390808, 0.999948263168335, 0.010179009288549423, -0.00022249339963309467, -0.01014544814825058, 0.9980112314224243, 0.062215425074100494, 0.0008553421939723194, -0.062210019677877426, 0.9980627298355103),
            ["Head"] = CFrame.new(-2.8958311304450035e-09, 3.5762786865234375e-07, 1.1175870895385742e-08, 0.999594509601593, 0.022046256810426712, -0.018021197989583015, -0.020531779155135155, 0.9965599179267883, 0.08029200881719589, 0.01972934789955616, -0.07988949120044708, 0.9966084361076355),
            ["RightUpperArm"] = CFrame.new(1.1920928955078125e-07, 5.960464477539062e-07, 2.2351741790771484e-08, 0.44786688685417175, -0.8165703415870667, 0.3585633337497711, 0.17241495847702026, 0.4742277264595032, 0.8619966506958008, -0.8773189187049866, -0.3291214406490326, 0.35832130908966064),
            ["UpperTorso"] = CFrame.new(-1.367880031466484e-08, -0.000011444091796875, 0.000741817057132721, 0.9991148710250854, -0.042066559195518494, 0.000042229356040479615, 0.0420662946999073, 0.9991037249565125, -0.0047175767831504345, 0.00015626363165210932, 0.004715316463261843, 0.9999889135360718),
            ["HumanoidRootPart"] = CFrame.new(0, 0, 0, 1, 0, 0, 0, 1, 0, 0, 0, 1),
            ["RightHand"] = CFrame.new(-2.9802322387695312e-08, 4.76837158203125e-07, 2.384185791015625e-07, 0.8648532032966614, 0.42957955598831177, 0.2597891390323639, -0.2810896933078766, 0.8431237936019897, -0.4584004580974579, -0.41595396399497986, 0.32342514395713806, 0.8499286770820618),
            ["LeftUpperArm"] = CFrame.new(0, 7.152557373046875e-07, 2.60770320892334e-08, 0.2347027063369751, 0.9260799288749695, -0.2923712730407715, 0.09896180778741837, 0.27601686120033264, 0.9559131860733032, 0.9670166373252869, -0.2572755217552185, -0.02736871875822544),
            ["RightLowerArm"] = CFrame.new(1.4901161193847656e-08, 2.384185791015625e-07, -1.9744038581848145e-07, 0.9999892711639404, 0.00372772803530097, -0.0027744241524487734, -0.004012279212474823, 0.3914635479450226, -0.9201849699020386, -0.0023441389203071594, 0.9201861619949341, 0.39147430658340454),
            ["LeftHand"] = CFrame.new(0, 6.556510925292969e-07, 1.7881393432617188e-07, 0.7889362573623657, -0.185791477560997, -0.5857142806053162, 0.3134160339832306, 0.9415515661239624, 0.12349537760019302, 0.528535783290863, -0.28100210428237915, 0.8010541796684265),
            ["RightUpperLeg"] = CFrame.new(5.960464477539063e-08, 0.000041890889406204224, 0.0011276379227638245, 0.7790501713752747, 0.18510772287845612, 0.5990583300590515, 0.0670936331152916, 0.9253171682357788, -0.3729855716228485, -0.6233612895011902, 0.33094295859336853, 0.7085273861885071),
            ["LeftUpperLeg"] = CFrame.new(2.9802322387695312e-08, 0.00004178052768111229, 0.0011276379227638245, 0.7685949206352234, -0.28773385286331177, -0.5714182257652283, -0.1277064085006714, 0.8061556816101074, -0.5776447653770447, 0.6268596649169922, 0.517032265663147, 0.5829302668571472),
            ["RightLowerLeg"] = CFrame.new(7.078051567077637e-08, 2.384185791015625e-07, 1.4901161193847656e-08, 1, -6.519377393487957e-08, 1.0523076809931808e-07, -8.381905303167514e-08, 0.6457566618919373, 0.7633073925971985, -8.987264976667575e-08, -0.7635433077812195, 0.6460354924201965),
            ["RightFoot"] = CFrame.new(4.563480615615845e-08, -1.1920928955078125e-07, 3.725290298461914e-08, 0.9989010095596313, -0.03128018230199814, -0.03414575383067131, 0.014394685626029968, 0.9141359925270081, -0.4055808484554291, 0.04460549354553223, 0.40419891476631165, 0.913421094417572),
            ["LeftLowerLeg"] = CFrame.new(-5.960464477539063e-08, 1.1920928955078125e-07, -6.705522537231445e-08, 1, -7.450383066043287e-08, 1.303806840269317e-07, -3.725290653733282e-08, 0.48280787467956543, 0.8756966590881348, -5.960465188081798e-08, -0.8757262825965881, 0.48286172747612),
        }},
        {Time = 0.133, Data = {
            ["LeftFoot"] = CFrame.new(3.3527612686157227e-08, -1.1920928955078125e-07, -4.0978193283081055e-08, 0.9989983439445496, -0.0021404698491096497, -0.04551892727613449, -0.012867425568401814, 0.9425235986709595, -0.33449921011924744, 0.04285803064703941, 0.3341326415538788, 0.9412961006164551),
            ["LeftLowerArm"] = CFrame.new(6.705522537231445e-08, 5.960464477539062e-07, -9.592622518539429e-08, 0.9999901056289673, -0.003032686887308955, 0.003265007631853223, 0.004211060702800751, 0.40349504351615906, -0.9149720668792725, 0.0014573708176612854, 0.9149768948554993, 0.4035038650035858),
            ["LowerTorso"] = CFrame.new(0.16669826209545135, -0.13029193878173828, 0.004413887858390808, 0.999948263168335, 0.010179009288549423, -0.00022249339963309467, -0.01014544814825058, 0.9980112314224243, 0.062215425074100494, 0.0008553421939723194, -0.062210019677877426, 0.9980627298355103),
            ["Head"] = CFrame.new(-2.8958311304450035e-09, 3.5762786865234375e-07, 1.1175870895385742e-08, 0.999594509601593, 0.022046256810426712, -0.018021197989583015, -0.020531779155135155, 0.9965599179267883, 0.08029200881719589, 0.01972934789955616, -0.07988949120044708, 0.9966084361076355),
            ["RightUpperArm"] = CFrame.new(1.1920928955078125e-07, 5.960464477539062e-07, 2.2351741790771484e-08, 0.44786688685417175, -0.8165703415870667, 0.3585633337497711, 0.17241495847702026, 0.4742277264595032, 0.8619966506958008, -0.8773189187049866, -0.3291214406490326, 0.35832130908966064),
            ["UpperTorso"] = CFrame.new(-1.367880031466484e-08, -0.000011444091796875, 0.000741817057132721, 0.9991148710250854, -0.042066559195518494, 0.000042229356040479615, 0.0420662946999073, 0.9991037249565125, -0.0047175767831504345, 0.00015626363165210932, 0.004715316463261843, 0.9999889135360718),
            ["HumanoidRootPart"] = CFrame.new(0, 0, 0, 1, 0, 0, 0, 1, 0, 0, 0, 1),
            ["RightHand"] = CFrame.new(-2.9802322387695312e-08, 4.76837158203125e-07, 2.384185791015625e-07, 0.8648532032966614, 0.42957955598831177, 0.2597891390323639, -0.2810896933078766, 0.8431237936019897, -0.4584004580974579, -0.41595396399497986, 0.32342514395713806, 0.8499286770820618),
            ["LeftUpperArm"] = CFrame.new(0, 7.152557373046875e-07, 2.60770320892334e-08, 0.2347027063369751, 0.9260799288749695, -0.2923712730407715, 0.09896180778741837, 0.27601686120033264, 0.9559131860733032, 0.9670166373252869, -0.2572755217552185, -0.02736871875822544),
            ["RightLowerArm"] = CFrame.new(1.4901161193847656e-08, 2.384185791015625e-07, -1.9744038581848145e-07, 0.9999892711639404, 0.00372772803530097, -0.0027744241524487734, -0.004012279212474823, 0.3914635479450226, -0.9201849699020386, -0.0023441389203071594, 0.9201861619949341, 0.39147430658340454),
            ["LeftHand"] = CFrame.new(0, 6.556510925292969e-07, 1.7881393432617188e-07, 0.7889362573623657, -0.185791477560997, -0.5857142806053162, 0.3134160339832306, 0.9415515661239624, 0.12349537760019302, 0.528535783290863, -0.28100210428237915, 0.8010541796684265),
            ["RightUpperLeg"] = CFrame.new(5.960464477539063e-08, 0.000041890889406204224, 0.0011276379227638245, 0.7790501713752747, 0.18510772287845612, 0.5990583300590515, 0.0670936331152916, 0.9253171682357788, -0.3729855716228485, -0.6233612895011902, 0.33094295859336853, 0.7085273861885071),
            ["LeftUpperLeg"] = CFrame.new(2.9802322387695312e-08, 0.00004178052768111229, 0.0011276379227638245, 0.7685949206352234, -0.28773385286331177, -0.5714182257652283, -0.1277064085006714, 0.8061556816101074, -0.5776447653770447, 0.6268596649169922, 0.517032265663147, 0.5829302668571472),
            ["RightLowerLeg"] = CFrame.new(7.078051567077637e-08, 2.384185791015625e-07, 1.4901161193847656e-08, 1, -6.519377393487957e-08, 1.0523076809931808e-07, -8.381905303167514e-08, 0.6457566618919373, 0.7633073925971985, -8.987264976667575e-08, -0.7635433077812195, 0.6460354924201965),
            ["RightFoot"] = CFrame.new(4.563480615615845e-08, -1.1920928955078125e-07, 3.725290298461914e-08, 0.9989010095596313, -0.03128018230199814, -0.03414575383067131, 0.014394685626029968, 0.9141359925270081, -0.4055808484554291, 0.04460549354553223, 0.40419891476631165, 0.913421094417572),
            ["LeftLowerLeg"] = CFrame.new(-5.960464477539063e-08, 1.1920928955078125e-07, -6.705522537231445e-08, 1, -7.450383066043287e-08, 1.303806840269317e-07, -3.725290653733282e-08, 0.48280787467956543, 0.8756966590881348, -5.960465188081798e-08, -0.8757262825965881, 0.48286172747612),
        }},
        {Time = 0.167, Data = {
            ["LeftFoot"] = CFrame.new(3.3527612686157227e-08, -1.1920928955078125e-07, -4.0978193283081055e-08, 0.9989983439445496, -0.0021404698491096497, -0.04551892727613449, -0.012867425568401814, 0.9425235986709595, -0.33449921011924744, 0.04285803064703941, 0.3341326415538788, 0.9412961006164551),
            ["LeftLowerArm"] = CFrame.new(6.705522537231445e-08, 5.960464477539062e-07, -9.592622518539429e-08, 0.9999901056289673, -0.003032686887308955, 0.003265007631853223, 0.004211060702800751, 0.40349504351615906, -0.9149720668792725, 0.0014573708176612854, 0.9149768948554993, 0.4035038650035858),
            ["LowerTorso"] = CFrame.new(0.16669826209545135, -0.13029193878173828, 0.004413887858390808, 0.999948263168335, 0.010179009288549423, -0.00022249339963309467, -0.01014544814825058, 0.9980112314224243, 0.062215425074100494, 0.0008553421939723194, -0.062210019677877426, 0.9980627298355103),
            ["Head"] = CFrame.new(-2.8958311304450035e-09, 3.5762786865234375e-07, 1.1175870895385742e-08, 0.999594509601593, 0.022046256810426712, -0.018021197989583015, -0.020531779155135155, 0.9965599179267883, 0.08029200881719589, 0.01972934789955616, -0.07988949120044708, 0.9966084361076355),
            ["RightUpperArm"] = CFrame.new(1.1920928955078125e-07, 5.960464477539062e-07, 2.2351741790771484e-08, 0.44786688685417175, -0.8165703415870667, 0.3585633337497711, 0.17241495847702026, 0.4742277264595032, 0.8619966506958008, -0.8773189187049866, -0.3291214406490326, 0.35832130908966064),
            ["UpperTorso"] = CFrame.new(-1.367880031466484e-08, -0.000011444091796875, 0.000741817057132721, 0.9991148710250854, -0.042066559195518494, 0.000042229356040479615, 0.0420662946999073, 0.9991037249565125, -0.0047175767831504345, 0.00015626363165210932, 0.004715316463261843, 0.9999889135360718),
            ["HumanoidRootPart"] = CFrame.new(0, 0, 0, 1, 0, 0, 0, 1, 0, 0, 0, 1),
            ["RightHand"] = CFrame.new(-2.9802322387695312e-08, 4.76837158203125e-07, 2.384185791015625e-07, 0.8648532032966614, 0.42957955598831177, 0.2597891390323639, -0.2810896933078766, 0.8431237936019897, -0.4584004580974579, -0.41595396399497986, 0.32342514395713806, 0.8499286770820618),
            ["LeftUpperArm"] = CFrame.new(0, 7.152557373046875e-07, 2.60770320892334e-08, 0.2347027063369751, 0.9260799288749695, -0.2923712730407715, 0.09896180778741837, 0.27601686120033264, 0.9559131860733032, 0.9670166373252869, -0.2572755217552185, -0.02736871875822544),
            ["RightLowerArm"] = CFrame.new(1.4901161193847656e-08, 2.384185791015625e-07, -1.9744038581848145e-07, 0.9999892711639404, 0.00372772803530097, -0.0027744241524487734, -0.004012279212474823, 0.3914635479450226, -0.9201849699020386, -0.0023441389203071594, 0.9201861619949341, 0.39147430658340454),
            ["LeftHand"] = CFrame.new(0, 6.556510925292969e-07, 1.7881393432617188e-07, 0.7889362573623657, -0.185791477560997, -0.5857142806053162, 0.3134160339832306, 0.9415515661239624, 0.12349537760019302, 0.528535783290863, -0.28100210428237915, 0.8010541796684265),
            ["RightUpperLeg"] = CFrame.new(5.960464477539063e-08, 0.000041890889406204224, 0.0011276379227638245, 0.7790501713752747, 0.18510772287845612, 0.5990583300590515, 0.0670936331152916, 0.9253171682357788, -0.3729855716228485, -0.6233612895011902, 0.33094295859336853, 0.7085273861885071),
            ["LeftUpperLeg"] = CFrame.new(2.9802322387695312e-08, 0.00004178052768111229, 0.0011276379227638245, 0.7685949206352234, -0.28773385286331177, -0.5714182257652283, -0.1277064085006714, 0.8061556816101074, -0.5776447653770447, 0.6268596649169922, 0.517032265663147, 0.5829302668571472),
            ["RightLowerLeg"] = CFrame.new(7.078051567077637e-08, 2.384185791015625e-07, 1.4901161193847656e-08, 1, -6.519377393487957e-08, 1.0523076809931808e-07, -8.381905303167514e-08, 0.6457566618919373, 0.7633073925971985, -8.987264976667575e-08, -0.7635433077812195, 0.6460354924201965),
            ["RightFoot"] = CFrame.new(4.563480615615845e-08, -1.1920928955078125e-07, 3.725290298461914e-08, 0.9989010095596313, -0.03128018230199814, -0.03414575383067131, 0.014394685626029968, 0.9141359925270081, -0.4055808484554291, 0.04460549354553223, 0.40419891476631165, 0.913421094417572),
            ["LeftLowerLeg"] = CFrame.new(-5.960464477539063e-08, 1.1920928955078125e-07, -6.705522537231445e-08, 1, -7.450383066043287e-08, 1.303806840269317e-07, -3.725290653733282e-08, 0.48280787467956543, 0.8756966590881348, -5.960465188081798e-08, -0.8757262825965881, 0.48286172747612),
        }},
        {Time = 0.200, Data = {
            ["LeftFoot"] = CFrame.new(3.3527612686157227e-08, -1.1920928955078125e-07, -4.0978193283081055e-08, 0.9989983439445496, -0.0021404698491096497, -0.04551892727613449, -0.012867425568401814, 0.9425235986709595, -0.33449921011924744, 0.04285803064703941, 0.3341326415538788, 0.9412961006164551),
            ["LeftLowerArm"] = CFrame.new(6.705522537231445e-08, 5.960464477539062e-07, -9.592622518539429e-08, 0.9999901056289673, -0.003032686887308955, 0.003265007631853223, 0.004211060702800751, 0.40349504351615906, -0.9149720668792725, 0.0014573708176612854, 0.9149768948554993, 0.4035038650035858),
            ["LowerTorso"] = CFrame.new(0.16669826209545135, -0.13029193878173828, 0.004413887858390808, 0.999948263168335, 0.010179009288549423, -0.00022249339963309467, -0.01014544814825058, 0.9980112314224243, 0.062215425074100494, 0.0008553421939723194, -0.062210019677877426, 0.9980627298355103),
            ["Head"] = CFrame.new(-2.8958311304450035e-09, 3.5762786865234375e-07, 1.1175870895385742e-08, 0.999594509601593, 0.022046256810426712, -0.018021197989583015, -0.020531779155135155, 0.9965599179267883, 0.08029200881719589, 0.01972934789955616, -0.07988949120044708, 0.9966084361076355),
            ["RightUpperArm"] = CFrame.new(1.1920928955078125e-07, 5.960464477539062e-07, 2.2351741790771484e-08, 0.44786688685417175, -0.8165703415870667, 0.3585633337497711, 0.17241495847702026, 0.4742277264595032, 0.8619966506958008, -0.8773189187049866, -0.3291214406490326, 0.35832130908966064),
            ["UpperTorso"] = CFrame.new(-1.367880031466484e-08, -0.000011444091796875, 0.000741817057132721, 0.9991148710250854, -0.042066559195518494, 0.000042229356040479615, 0.0420662946999073, 0.9991037249565125, -0.0047175767831504345, 0.00015626363165210932, 0.004715316463261843, 0.9999889135360718),
            ["HumanoidRootPart"] = CFrame.new(0, 0, 0, 1, 0, 0, 0, 1, 0, 0, 0, 1),
            ["RightHand"] = CFrame.new(-2.9802322387695312e-08, 4.76837158203125e-07, 2.384185791015625e-07, 0.8648532032966614, 0.42957955598831177, 0.2597891390323639, -0.2810896933078766, 0.8431237936019897, -0.4584004580974579, -0.41595396399497986, 0.32342514395713806, 0.8499286770820618),
            ["LeftUpperArm"] = CFrame.new(0, 7.152557373046875e-07, 2.60770320892334e-08, 0.2347027063369751, 0.9260799288749695, -0.2923712730407715, 0.09896180778741837, 0.27601686120033264, 0.9559131860733032, 0.9670166373252869, -0.2572755217552185, -0.02736871875822544),
            ["RightLowerArm"] = CFrame.new(1.4901161193847656e-08, 2.384185791015625e-07, -1.9744038581848145e-07, 0.9999892711639404, 0.00372772803530097, -0.0027744241524487734, -0.004012279212474823, 0.3914635479450226, -0.9201849699020386, -0.0023441389203071594, 0.9201861619949341, 0.39147430658340454),
            ["LeftHand"] = CFrame.new(0, 6.556510925292969e-07, 1.7881393432617188e-07, 0.7889362573623657, -0.185791477560997, -0.5857142806053162, 0.3134160339832306, 0.9415515661239624, 0.12349537760019302, 0.528535783290863, -0.28100210428237915, 0.8010541796684265),
            ["RightUpperLeg"] = CFrame.new(5.960464477539063e-08, 0.000041890889406204224, 0.0011276379227638245, 0.7790501713752747, 0.18510772287845612, 0.5990583300590515, 0.0670936331152916, 0.9253171682357788, -0.3729855716228485, -0.6233612895011902, 0.33094295859336853, 0.7085273861885071),
            ["LeftUpperLeg"] = CFrame.new(2.9802322387695312e-08, 0.00004178052768111229, 0.0011276379227638245, 0.7685949206352234, -0.28773385286331177, -0.5714182257652283, -0.1277064085006714, 0.8061556816101074, -0.5776447653770447, 0.6268596649169922, 0.517032265663147, 0.5829302668571472),
            ["RightLowerLeg"] = CFrame.new(7.078051567077637e-08, 2.384185791015625e-07, 1.4901161193847656e-08, 1, -6.519377393487957e-08, 1.0523076809931808e-07, -8.381905303167514e-08, 0.6457566618919373, 0.7633073925971985, -8.987264976667575e-08, -0.7635433077812195, 0.6460354924201965),
            ["RightFoot"] = CFrame.new(4.563480615615845e-08, -1.1920928955078125e-07, 3.725290298461914e-08, 0.9989010095596313, -0.03128018230199814, -0.03414575383067131, 0.014394685626029968, 0.9141359925270081, -0.4055808484554291, 0.04460549354553223, 0.40419891476631165, 0.913421094417572),
            ["LeftLowerLeg"] = CFrame.new(-5.960464477539063e-08, 1.1920928955078125e-07, -6.705522537231445e-08, 1, -7.450383066043287e-08, 1.303806840269317e-07, -3.725290653733282e-08, 0.48280787467956543, 0.8756966590881348, -5.960465188081798e-08, -0.8757262825965881, 0.48286172747612),
        }},
        {Time = 0.233, Data = {
            ["LeftFoot"] = CFrame.new(3.3527612686157227e-08, -1.1920928955078125e-07, -4.0978193283081055e-08, 0.9989983439445496, -0.0021404698491096497, -0.04551892727613449, -0.012867425568401814, 0.9425235986709595, -0.33449921011924744, 0.04285803064703941, 0.3341326415538788, 0.9412961006164551),
            ["LeftLowerArm"] = CFrame.new(6.705522537231445e-08, 5.960464477539062e-07, -9.592622518539429e-08, 0.9999901056289673, -0.003032686887308955, 0.003265007631853223, 0.004211060702800751, 0.40349504351615906, -0.9149720668792725, 0.0014573708176612854, 0.9149768948554993, 0.4035038650035858),
            ["LowerTorso"] = CFrame.new(0.16669826209545135, -0.13029193878173828, 0.004413887858390808, 0.999948263168335, 0.010179009288549423, -0.00022249339963309467, -0.01014544814825058, 0.9980112314224243, 0.062215425074100494, 0.0008553421939723194, -0.062210019677877426, 0.9980627298355103),
            ["Head"] = CFrame.new(-2.8958311304450035e-09, 3.5762786865234375e-07, 1.1175870895385742e-08, 0.999594509601593, 0.022046256810426712, -0.018021197989583015, -0.020531779155135155, 0.9965599179267883, 0.08029200881719589, 0.01972934789955616, -0.07988949120044708, 0.9966084361076355),
            ["RightUpperArm"] = CFrame.new(1.1920928955078125e-07, 5.960464477539062e-07, 2.2351741790771484e-08, 0.44786688685417175, -0.8165703415870667, 0.3585633337497711, 0.17241495847702026, 0.4742277264595032, 0.8619966506958008, -0.8773189187049866, -0.3291214406490326, 0.35832130908966064),
            ["UpperTorso"] = CFrame.new(-1.367880031466484e-08, -0.000011444091796875, 0.000741817057132721, 0.9991148710250854, -0.042066559195518494, 0.000042229356040479615, 0.0420662946999073, 0.9991037249565125, -0.0047175767831504345, 0.00015626363165210932, 0.004715316463261843, 0.9999889135360718),
            ["HumanoidRootPart"] = CFrame.new(0, 0, 0, 1, 0, 0, 0, 1, 0, 0, 0, 1),
            ["RightHand"] = CFrame.new(-2.9802322387695312e-08, 4.76837158203125e-07, 2.384185791015625e-07, 0.8648532032966614, 0.42957955598831177, 0.2597891390323639, -0.2810896933078766, 0.8431237936019897, -0.4584004580974579, -0.41595396399497986, 0.32342514395713806, 0.8499286770820618),
            ["LeftUpperArm"] = CFrame.new(0, 7.152557373046875e-07, 2.60770320892334e-08, 0.2347027063369751, 0.9260799288749695, -0.2923712730407715, 0.09896180778741837, 0.27601686120033264, 0.9559131860733032, 0.9670166373252869, -0.2572755217552185, -0.02736871875822544),
            ["RightLowerArm"] = CFrame.new(1.4901161193847656e-08, 2.384185791015625e-07, -1.9744038581848145e-07, 0.9999892711639404, 0.00372772803530097, -0.0027744241524487734, -0.004012279212474823, 0.3914635479450226, -0.9201849699020386, -0.0023441389203071594, 0.9201861619949341, 0.39147430658340454),
            ["LeftHand"] = CFrame.new(0, 6.556510925292969e-07, 1.7881393432617188e-07, 0.7889362573623657, -0.185791477560997, -0.5857142806053162, 0.3134160339832306, 0.9415515661239624, 0.12349537760019302, 0.528535783290863, -0.28100210428237915, 0.8010541796684265),
            ["RightUpperLeg"] = CFrame.new(5.960464477539063e-08, 0.000041890889406204224, 0.0011276379227638245, 0.7790501713752747, 0.18510772287845612, 0.5990583300590515, 0.0670936331152916, 0.9253171682357788, -0.3729855716228485, -0.6233612895011902, 0.33094295859336853, 0.7085273861885071),
            ["LeftUpperLeg"] = CFrame.new(2.9802322387695312e-08, 0.00004178052768111229, 0.0011276379227638245, 0.7685949206352234, -0.28773385286331177, -0.5714182257652283, -0.1277064085006714, 0.8061556816101074, -0.5776447653770447, 0.6268596649169922, 0.517032265663147, 0.5829302668571472),
            ["RightLowerLeg"] = CFrame.new(7.078051567077637e-08, 2.384185791015625e-07, 1.4901161193847656e-08, 1, -6.519377393487957e-08, 1.0523076809931808e-07, -8.381905303167514e-08, 0.6457566618919373, 0.7633073925971985, -8.987264976667575e-08, -0.7635433077812195, 0.6460354924201965),
            ["RightFoot"] = CFrame.new(4.563480615615845e-08, -1.1920928955078125e-07, 3.725290298461914e-08, 0.9989010095596313, -0.03128018230199814, -0.03414575383067131, 0.014394685626029968, 0.9141359925270081, -0.4055808484554291, 0.04460549354553223, 0.40419891476631165, 0.913421094417572),
            ["LeftLowerLeg"] = CFrame.new(-5.960464477539063e-08, 1.1920928955078125e-07, -6.705522537231445e-08, 1, -7.450383066043287e-08, 1.303806840269317e-07, -3.725290653733282e-08, 0.48280787467956543, 0.8756966590881348, -5.960465188081798e-08, -0.8757262825965881, 0.48286172747612),
        }},
        {Time = 0.267, Data = {
            ["LeftFoot"] = CFrame.new(3.3527612686157227e-08, -1.1920928955078125e-07, -4.0978193283081055e-08, 0.9989983439445496, -0.0021404698491096497, -0.04551892727613449, -0.012867425568401814, 0.9425235986709595, -0.33449921011924744, 0.04285803064703941, 0.3341326415538788, 0.9412961006164551),
            ["LeftLowerArm"] = CFrame.new(6.705522537231445e-08, 5.960464477539062e-07, -9.592622518539429e-08, 0.9999901056289673, -0.003032686887308955, 0.003265007631853223, 0.004211060702800751, 0.40349504351615906, -0.9149720668792725, 0.0014573708176612854, 0.9149768948554993, 0.4035038650035858),
            ["LowerTorso"] = CFrame.new(0.16669826209545135, -0.13029193878173828, 0.004413887858390808, 0.999948263168335, 0.010179009288549423, -0.00022249339963309467, -0.01014544814825058, 0.9980112314224243, 0.062215425074100494, 0.0008553421939723194, -0.062210019677877426, 0.9980627298355103),
            ["Head"] = CFrame.new(-2.8958311304450035e-09, 3.5762786865234375e-07, 1.1175870895385742e-08, 0.999594509601593, 0.022046256810426712, -0.018021197989583015, -0.020531779155135155, 0.9965599179267883, 0.08029200881719589, 0.01972934789955616, -0.07988949120044708, 0.9966084361076355),
            ["RightUpperArm"] = CFrame.new(1.1920928955078125e-07, 5.960464477539062e-07, 2.2351741790771484e-08, 0.44786688685417175, -0.8165703415870667, 0.3585633337497711, 0.17241495847702026, 0.4742277264595032, 0.8619966506958008, -0.8773189187049866, -0.3291214406490326, 0.35832130908966064),
            ["UpperTorso"] = CFrame.new(-1.367880031466484e-08, -0.000011444091796875, 0.000741817057132721, 0.9991148710250854, -0.042066559195518494, 0.000042229356040479615, 0.0420662946999073, 0.9991037249565125, -0.0047175767831504345, 0.00015626363165210932, 0.004715316463261843, 0.9999889135360718),
            ["HumanoidRootPart"] = CFrame.new(0, 0, 0, 1, 0, 0, 0, 1, 0, 0, 0, 1),
            ["RightHand"] = CFrame.new(-2.9802322387695312e-08, 4.76837158203125e-07, 2.384185791015625e-07, 0.8648532032966614, 0.42957955598831177, 0.2597891390323639, -0.2810896933078766, 0.8431237936019897, -0.4584004580974579, -0.41595396399497986, 0.32342514395713806, 0.8499286770820618),
            ["LeftUpperArm"] = CFrame.new(0, 7.152557373046875e-07, 2.60770320892334e-08, 0.2347027063369751, 0.9260799288749695, -0.2923712730407715, 0.09896180778741837, 0.27601686120033264, 0.9559131860733032, 0.9670166373252869, -0.2572755217552185, -0.02736871875822544),
            ["RightLowerArm"] = CFrame.new(1.4901161193847656e-08, 2.384185791015625e-07, -1.9744038581848145e-07, 0.9999892711639404, 0.00372772803530097, -0.0027744241524487734, -0.004012279212474823, 0.3914635479450226, -0.9201849699020386, -0.0023441389203071594, 0.9201861619949341, 0.39147430658340454),
            ["LeftHand"] = CFrame.new(0, 6.556510925292969e-07, 1.7881393432617188e-07, 0.7889362573623657, -0.185791477560997, -0.5857142806053162, 0.3134160339832306, 0.9415515661239624, 0.12349537760019302, 0.528535783290863, -0.28100210428237915, 0.8010541796684265),
