return {
    ["Questions"] = {
        {Time = 0.000, Data = {
            ["RightFoot"] = CFrame.new(7.82542883825954e-08, 2.980232238769531e-07, -8.025381248444319e-09, 0.9996957182884216, 0.024666307494044304, 0.00003873615060001612, -0.023569539189338684, 0.955706775188446, -0.2933751940727234, -0.007273515686392784, 0.2932852506637573, 0.9559974670410156),
            ["LeftLowerArm"] = CFrame.new(2.384185791015625e-07, -5.960464477539063e-08, -7.450580596923828e-08, 1, -3.725289943190546e-08, 1.639127589214695e-07, 9.685756197086448e-08, -0.32827767729759216, -0.9445813298225403, 1.0803343286625022e-07, 0.9445813298225403, -0.32827767729759216),
            ["RightUpperArm"] = CFrame.new(-0.2142236828804016, -0.16954147815704346, -0.14049121737480164, 0.779114842414856, 0.015174114145338535, 0.6266975402832031, 0.04272693768143654, 0.9960967898368835, -0.07723674923181534, -0.6254234910011292, 0.08695316314697266, 0.7754255533218384),
            ["Head"] = CFrame.new(-6.377831596182659e-10, 2.384185791015625e-07, -1.9322907718333227e-09, 0.9996577501296997, -0.024242766201496124, 0.009841370396316051, 0.023941341787576675, 0.9992730021476746, 0.029670702293515205, -0.010553517378866673, -0.02942492999136448, 0.9995113015174866),
            ["RightHand"] = CFrame.new(0, 0, 3.172317519783974e-08, 0.8016074895858765, 0.49997860193252563, 0.32779115438461304, -0.5156626105308533, 0.8556568622589111, -0.04408647119998932, -0.3025189936161041, -0.13368959724903107, 0.9437210559844971),
            ["UpperTorso"] = CFrame.new(6.120899342931807e-10, 5.960464477539063e-08, -3.0976288201145508e-09, 0.9999255537986755, -0.012192908674478531, 0.0005223872140049934, 0.012203088030219078, 0.9994760751724243, -0.029977459460496902, -0.0001566011196700856, 0.029981600120663643, 0.9995505213737488),
            ["HumanoidRootPart"] = CFrame.new(0, 0, 0, 1, 0, 0, 0, 1, 0, 0, 0, 1),
            ["RightUpperLeg"] = CFrame.new(0, 3.025957084901165e-07, -3.4924596548080444e-10, 0.9976781606674194, -0.057524461299180984, -0.03645982965826988, 0.041516538709402084, 0.9380605816841125, -0.3439750671386719, 0.05398852378129959, 0.341662734746933, 0.938270628452301),
            ["LeftUpperArm"] = CFrame.new(0.3307049870491028, -0.11422526836395264, -0.20484274625778198, 0.7617194056510925, 0.2677159607410431, -0.5900099873542786, -0.34026461839675903, 0.9402445554733276, -0.012656796723604202, 0.5513652563095093, 0.21040041744709015, 0.8072967529296875),
            ["RightLowerArm"] = CFrame.new(-5.960464477539063e-08, -4.172325134277344e-07, 8.940696716308594e-08, 1, -5.052424967288971e-08, 8.81263915175623e-08, 8.940696716308594e-08, 0.030530434101819992, -0.9995338320732117, 1.0151416063308716e-07, 0.9995338916778564, 0.03053043968975544),
            ["LeftHand"] = CFrame.new(-2.384185791015625e-07, 0, 3.725290298461914e-08, 0.9753226637840271, -0.21564115583896637, 0.047378964722156525, 0.2149530053138733, 0.8784443140029907, -0.42676806449890137, 0.05040902644395828, 0.426420658826828, 0.9031192660331726),
            ["LeftFoot"] = CFrame.new(1.1003749023075216e-08, -5.960464477539063e-08, -6.5326730691595e-09, 0.9989823698997498, -0.045103561133146286, -0.00013121217489242554, 0.04352177679538727, 0.9647035002708435, -0.25971749424934387, 0.01184077188372612, 0.25944748520851135, 0.965684711933136),
            ["LowerTorso"] = CFrame.new(0.012932568788528442, -0.07975077629089355, 0.0003880029544234276, 0.9998483061790466, 0.01742314174771309, -9.979685273719952e-07, -0.017422262579202652, 0.9997982382774353, 0.009999004192650318, 0.00017521181143820286, -0.009997467510402203, 0.999950110912323),
            ["RightLowerLeg"] = CFrame.new(1.3969838619232178e-08, -0.0000036954879760742188, -0.00001328082726104185, 1, -1.0896474123001099e-07, -3.119930269690485e-08, 1.0803339023368608e-07, 0.8031165599822998, 0.5958214998245239, -3.445892815534535e-08, -0.5958220362663269, 0.8031169772148132),
            ["LeftUpperLeg"] = CFrame.new(2.9802322387695312e-08, 1.4270653991843574e-08, -8.457732292299625e-10, 0.9977823495864868, 0.044435955584049225, 0.04955756664276123, -0.027117574587464333, 0.9513163566589355, -0.307020902633667, -0.06078771501779556, 0.3049962818622589, 0.9504115581512451),
            ["LeftLowerLeg"] = CFrame.new(-2.60770320892334e-08, 0.0000035762786865234375, 0.000013288110494613647, 1, 1.6763806343078613e-08, 1.1175868230850483e-08, -1.862644793959589e-08, 0.8440670371055603, 0.5362376570701599, 9.313223525708736e-10, -0.5362378358840942, 0.8440671563148499),
        }},
        {Time = 0.033, Data = {
            ["RightFoot"] = CFrame.new(5.8141267800237983e-08, 2.980232238769531e-07, -6.853952072560787e-09, 0.9996945261955261, 0.024716990068554878, 0.000024598670279374346, -0.023610418662428856, 0.955232560634613, -0.2949119508266449, -0.0073128314688801765, 0.29482170939445496, 0.9555245637893677),
            ["LeftLowerArm"] = CFrame.new(5.960464477539063e-08, 1.1920928955078125e-07, -2.9802322387695312e-08, 1, -7.450579886381092e-08, 8.754430069757291e-08, 8.940695295223122e-08, -0.3282775580883026, -0.9445813298225403, 7.078050856534901e-08, 0.9445812702178955, -0.3282775580883026),
            ["RightUpperArm"] = CFrame.new(-0.20764726400375366, -0.181626558303833, -0.16953158378601074, 0.778773844242096, 0.05255914479494095, 0.6250991225242615, 0.01865481771528721, 0.9941027760505676, -0.10682639479637146, -0.6270273327827454, 0.09485470503568649, 0.7732007503509521),
            ["Head"] = CFrame.new(5.529727786779404e-10, -2.384185791015625e-07, -4.976755008101463e-09, 0.9998223781585693, -0.01874607615172863, 0.001997418003156781, 0.018673861399292946, 0.9993286728858948, 0.03151838481426239, -0.002586923772469163, -0.031475476920604706, 0.9995011687278748),
            ["RightHand"] = CFrame.new(1.7881393432617188e-07, -1.1920928955078125e-07, 3.520399332046509e-07, 0.8016074299812317, 0.49997860193252563, 0.32779115438461304, -0.5156626105308533, 0.8556568026542664, -0.04408649727702141, -0.30251896381378174, -0.13368958234786987, 0.9437210559844971),
            ["UpperTorso"] = CFrame.new(5.802121449960396e-09, 1.1920928955078125e-07, -1.6334524843841791e-09, 0.999915361404419, -0.01267704926431179, 0.0029356845188885927, 0.012762308120727539, 0.9994342923164368, -0.03111644648015499, -0.0025395583361387253, 0.03115127794444561, 0.9995114803314209),
            ["HumanoidRootPart"] = CFrame.new(0, 0, 0, 1, 0, 0, 0, 1, 0, 0, 0, 1),
            ["RightUpperLeg"] = CFrame.new(0, 3.257400749134831e-07, 1.673470251262188e-10, 0.997580885887146, -0.05802314355969429, -0.03828436881303787, 0.041325364261865616, 0.9378506541252136, -0.34457001090049744, 0.05589804798364639, 0.34215420484542847, 0.9379796385765076),
            ["LeftUpperArm"] = CFrame.new(0.3339114189147949, -0.11325991153717041, -0.20483054220676422, 0.780400276184082, 0.2135978490114212, -0.5876660943031311, -0.3418424725532532, 0.9327008128166199, -0.11494806408882141, 0.5235639214515686, 0.2905946969985962, 0.8008968234062195),
            ["RightLowerArm"] = CFrame.new(-5.960464477539063e-08, 2.980232238769531e-07, 0, 1, -2.7939677238464355e-08, 8.009374141693115e-08, 8.940696716308594e-08, 0.0305304154753685, -0.9995338320732117, 8.800998330116272e-08, 0.9995338320732117, 0.030530422925949097),
            ["LeftHand"] = CFrame.new(1.1920928955078125e-07, 1.1920928955078125e-07, 5.122274160385132e-08, 0.9753226041793823, -0.2156411111354828, 0.0473790243268013, 0.2149530053138733, 0.878444254398346, -0.4267679452896118, 0.05040903389453888, 0.42642077803611755, 0.9031192064285278),
            ["LeftFoot"] = CFrame.new(1.9384813754186325e-08, 0, -1.019157025439199e-08, 0.9989835023880005, -0.04507933184504509, -0.00015724077820777893, 0.043479643762111664, 0.9644433856010437, -0.26068875193595886, 0.011903313919901848, 0.2604168653488159, 0.9654229283332825),
            ["LowerTorso"] = CFrame.new(0.01291406899690628, -0.08047187328338623, 0.0003951389226131141, 0.9998505115509033, 0.017182858660817146, 0.0019255414372310042, -0.017201293259859085, 0.9998019933700562, 0.01000555045902729, -0.0017532361671328545, -0.010037176311016083, 0.9999480843544006),
            ["RightLowerLeg"] = CFrame.new(-2.514570951461792e-08, -0.0000035762786865234375, -0.000013265926099848002, 1, -1.7555426268245355e-07, -5.913896927722817e-08, 1.7508860139514582e-07, 0.8017959594726562, 0.5975975394248962, -5.867330798992043e-08, -0.5975980162620544, 0.8017962574958801),
            ["LeftUpperLeg"] = CFrame.new(0, -1.382431946694851e-10, -9.313225746154785e-10, 0.9978901147842407, 0.0441749133169651, 0.04758007824420929, -0.027330318465828896, 0.9505598545074463, -0.30933642387390137, -0.058892618864774704, 0.3073834180831909, 0.9497615694999695),
            ["LeftLowerLeg"] = CFrame.new(1.0803341865539551e-07, 0.000003933906555175781, 0.000013342127203941345, 1, 1.527368311826649e-07, 4.936007158562461e-08, -1.5087421445514337e-07, 0.8422456383705139, 0.539094090461731, 4.9360085796479325e-08, -0.539094090461731, 0.8422455787658691),
        }},
        {Time = 0.067, Data = {
            ["RightFoot"] = CFrame.new(-3.278637450421229e-08, 2.384185791015625e-07, -7.152266334742308e-09, 0.9996922612190247, 0.02480807900428772, -0.000006168510026327567, -0.02368984930217266, 0.9545586705207825, -0.29708021879196167, -0.007364095188677311, 0.2969891428947449, 0.9548525214195251),
            ["LeftLowerArm"] = CFrame.new(1.7881393432617188e-07, 2.384185791015625e-07, 0, 1, -1.341104365337742e-07, 1.341104365337742e-07, 8.195638656616211e-08, -0.32827770709991455, -0.9445812702178955, 1.1175870895385742e-07, 0.9445813298225403, -0.32827767729759216),
            ["RightUpperArm"] = CFrame.new(-0.19649028778076172, -0.2063084840774536, -0.23076997697353363, 0.7702066898345947, 0.1366448700428009, 0.6229846477508545, -0.033184126019477844, 0.9840424060821533, -0.17481282353401184, -0.6369305849075317, 0.11396879702806473, 0.7624503374099731),
            ["Head"] = CFrame.new(0, -1.1920928955078125e-07, -6.606569513678551e-09, 0.9998643398284912, -0.007479971740394831, -0.014681803993880749, 0.007997073233127594, 0.9993382692337036, 0.03548366203904152, 0.01440667174756527, -0.035596251487731934, 0.9992625117301941),
            ["RightHand"] = CFrame.new(-1.0803341865539551e-07, -5.960464477539063e-08, 1.2665987014770508e-07, 0.8016074895858765, 0.49997860193252563, 0.32779112458229065, -0.5156626105308533, 0.8556568026542664, -0.04408647119998932, -0.3025190532207489, -0.13368958234786987, 0.9437210559844971),
            ["UpperTorso"] = CFrame.new(-1.811713445931673e-09, 0, 1.0986695997416973e-09, 0.9998660683631897, -0.013942932710051537, 0.008568852208554745, 0.014224826358258724, 0.9993284344673157, -0.03376796841621399, -0.008092275820672512, 0.03388533741235733, 0.9993929862976074),
            ["HumanoidRootPart"] = CFrame.new(0, 0, 0, 1, 0, 0, 0, 1, 0, 0, 0, 1),
            ["RightUpperLeg"] = CFrame.new(-2.9802322387695312e-08, 1.812786649679765e-07, 2.7284841053187847e-09, 0.9973493218421936, -0.059268128126859665, -0.04221005737781525, 0.04115031287074089, 0.9378608465194702, -0.3445630669593811, 0.060008786618709564, 0.34191271662712097, 0.9378137588500977),
            ["LeftUpperArm"] = CFrame.new(0.33711791038513184, -0.11229455471038818, -0.20481830835342407, 0.8147635459899902, 0.09485497325658798, -0.5719815492630005, -0.33105799555778503, 0.8860051035881042, -0.324646919965744, 0.4759841561317444, 0.4538695514202118, 0.7532871961593628),
            ["RightLowerArm"] = CFrame.new(-5.960464477539063e-08, -1.1920928955078125e-07, 0, 1, -1.4435499906539917e-07, 9.872019290924072e-08, 8.568166975919667e-08, 0.030530430376529694, -0.9995338916778564, 8.242204074804249e-08, 0.9995338320732117, 0.03053043782711029),
            ["LeftHand"] = CFrame.new(5.960464477539063e-08, 1.7881393432617188e-07, -1.5273690223693848e-07, 0.9753226041793823, -0.21564114093780518, 0.047378987073898315, 0.2149530053138733, 0.8784441947937012, -0.426768034696579, 0.05040891468524933, 0.42642080783843994, 0.9031192064285278),
            ["LeftFoot"] = CFrame.new(-3.074922005907865e-08, 1.1920928955078125e-07, -2.2758285922463983e-08, 0.9989861845970154, -0.04501897096633911, -0.00021293762256391346, 0.043402962386608124, 0.9643610715866089, -0.2610059082508087, 0.011955564841628075, 0.26073190569877625, 0.9653372764587402),
            ["LowerTorso"] = CFrame.new(0.012895569205284119, -0.08119285106658936, 0.00040227489080280066, 0.9998384118080139, 0.016920072957873344, 0.0060741654597222805, -0.016980350017547607, 0.9998056888580322, 0.010013015940785408, -0.005903563462197781, -0.010114538483321667, 0.9999315142631531),
            ["RightLowerLeg"] = CFrame.new(-1.1455267667770386e-07, -0.000003933906555175781, -0.00001337954745395109, 1, -2.095476077101921e-07, -6.7986569263212e-08, 1.9930305938942183e-07, 0.8004805445671082, 0.5993586182594299, -6.984920020158825e-08, -0.5993587970733643, 0.8004807233810425),
            ["LeftUpperLeg"] = CFrame.new(2.9802322387695312e-08, 1.5516343410126865e-07, 1.1641532182693481e-09, 0.9981172680854797, 0.04324018210172653, 0.04349939152598381, -0.027527185156941414, 0.9495845437049866, -0.31230005621910095, -0.05481027439236641, 0.3105147182941437, 0.9489870667457581),
            ["LeftLowerLeg"] = CFrame.new(7.543712854385376e-08, 0.000003814697265625, 0.000013241544365882874, 1, -6.146728281919422e-08, -6.519258910486769e-09, 5.4016702222270396e-08, 0.8404321670532227, 0.5419167876243591, -2.9802318834981634e-08, -0.5419166684150696, 0.8404321670532227),
        }},
        {Time = 0.100, Data = {
            ["RightFoot"] = CFrame.new(2.3369921109406278e-08, 2.980232238769531e-07, 1.6174453776329756e-08, 0.999691367149353, 0.024843063205480576, -0.00003569145337678492, -0.023738538846373558, 0.9548197984695435, -0.2962358295917511, -0.007325327023863792, 0.29614558815956116, 0.9551149606704712),
            ["LeftLowerArm"] = CFrame.new(-1.1920928955078125e-07, -6.556510925292969e-07, -4.172325134277344e-07, 1, -7.450579886381092e-08, 1.4901161193847656e-07, 9.266661038509483e-08, -0.3282776176929474, -0.9445812702178955, 1.6391278734317893e-07, 0.9445812702178955, -0.3282777667045593),
            ["RightUpperArm"] = CFrame.new(-0.19361066818237305, -0.22622740268707275, -0.28538209199905396, 0.7452971339225769, 0.22534984350204468, 0.627494752407074, -0.08071845024824142, 0.9647235870361328, -0.25058549642562866, -0.661828339099884, 0.1361103057861328, 0.7371955513954163),
            ["Head"] = CFrame.new(5.820766091346741e-10, 2.384185791015625e-07, 1.1059455573558807e-09, 0.9995497465133667, 0.0016339975409209728, -0.029961641877889633, -0.00046472702524624765, 0.999239444732666, 0.038991086184978485, 0.030002567917108536, -0.03895960748195648, 0.9987902641296387),
            ["RightHand"] = CFrame.new(-7.450580596923828e-08, 1.1920928955078125e-07, -2.905726432800293e-07, 0.8016074299812317, 0.49997857213020325, 0.32779115438461304, -0.5156624913215637, 0.8556568622589111, -0.0440865121781826, -0.3025190234184265, -0.13368959724903107, 0.9437211155891418),
            ["UpperTorso"] = CFrame.new(3.52520146407187e-09, 1.1920928955078125e-07, -1.2660166248679161e-09, 0.9997637867927551, -0.015717701986432076, 0.015011261217296124, 0.016261016950011253, 0.9991908669471741, -0.03678512945771217, -0.01442093588411808, 0.03702053800225258, 0.99921053647995),
            ["HumanoidRootPart"] = CFrame.new(0, 0, 0, 1, 0, 0, 0, 1, 0, 0, 0, 1),
            ["RightUpperLeg"] = CFrame.new(0, 4.813373379874974e-07, 2.029992174357176e-09, 0.9970898628234863, -0.06084742769598961, -0.04592791944742203, 0.04158401116728783, 0.9390361905097961, -0.3412945866584778, 0.06389487534761429, 0.33839142322540283, 0.9388337135314941),
            ["LeftUpperArm"] = CFrame.new(0.33070504665374756, -0.11422538757324219, -0.20484274625778198, 0.8300082683563232, -0.024014750495553017, -0.5572338700294495, -0.30709460377693176, 0.8143219947814941, -0.49251651763916016, 0.46559542417526245, 0.5799163579940796, 0.6685192584991455),
            ["RightLowerArm"] = CFrame.new(5.960464477539063e-08, -6.556510925292969e-07, 1.1920928955078125e-07, 1, -1.294538236606968e-07, 9.313225746154785e-08, 8.568167686462402e-08, 0.030530449002981186, -0.9995338320732117, 8.381903171539307e-08, 0.9995338916778564, 0.030530430376529694),
            ["LeftHand"] = CFrame.new(2.9802322387695312e-08, -5.960464477539063e-08, 7.450580596923828e-08, 0.9753226637840271, -0.21564121544361115, 0.0473790168762207, 0.21495302021503448, 0.8784443140029907, -0.4267680048942566, 0.05040892958641052, 0.42642074823379517, 0.9031192660331726),
            ["LeftFoot"] = CFrame.new(-3.7154734400246525e-08, 2.384185791015625e-07, 1.6939338820520788e-09, 0.9989897608757019, -0.044937558472156525, -0.00026448076823726296, 0.04336237534880638, 0.9654841423034668, -0.25682705640792847, 0.011796528473496437, 0.2565561830997467, 0.9664574265480042),
            ["LowerTorso"] = CFrame.new(0.012932568788528442, -0.07975077629089355, 0.0003880029544234276, 0.9997999668121338, 0.017322298139333725, 0.009998336434364319, -0.017422262579202652, 0.9997982382774353, 0.009999003261327744, -0.00982311274856329, -0.010171197354793549, 0.9999000430107117),
            ["RightLowerLeg"] = CFrame.new(-7.729977369308472e-08, -0.0000037550926208496094, -0.000013226810551714152, 1, -1.1362133989223366e-07, -4.1443851017675115e-08, 1.1548398504146462e-07, 0.8031324148178101, 0.5958003401756287, -3.5390254282674505e-08, -0.5958006978034973, 0.8031326532363892),
            ["LeftUpperLeg"] = CFrame.new(0, 1.9115395843982697e-07, 0, 0.9983354210853577, 0.04147867485880852, 0.040076836943626404, -0.027040382847189903, 0.9503511190414429, -0.31000271439552307, -0.050945572555065155, 0.30840298533439636, 0.949890673160553),
            ["LeftLowerLeg"] = CFrame.new(1.30385160446167e-08, 0.000003874301910400391, 0.000013284385204315186, 1, -3.166497464235363e-08, 9.313226634333205e-09, 3.5390257835388184e-08, 0.8440883159637451, 0.5362040400505066, -1.6763806343078613e-08, -0.5362041592597961, 0.8440884351730347),
        }},
        {Time = 0.133, Data = {
            ["RightFoot"] = CFrame.new(4.943649400956929e-08, 4.172325134277344e-07, 2.6986526791006327e-08, 0.9996935129165649, 0.024757808074355125, -0.000049564438086235896, -0.02370552532374859, 0.9566221833229065, -0.2903652489185333, -0.007141393609344959, 0.2902776896953583, 0.9569159746170044),
            ["LeftLowerArm"] = CFrame.new(-1.7881393432617188e-07, 4.76837158203125e-07, 1.7881393432617188e-07, 1, -8.940696716308594e-08, 1.341104507446289e-07, 6.705523247774181e-08, -0.3254723846912384, -0.9455516338348389, 8.940698137394065e-08, 0.9455516338348389, -0.32547229528427124),
            ["RightUpperArm"] = CFrame.new(-0.20930635929107666, -0.23013365268707275, -0.3046594560146332, 0.7060328722000122, 0.2849125862121582, 0.6483383178710938, -0.09838586300611496, 0.9460846781730652, -0.3086162507534027, -0.7013115286827087, 0.15410588681697845, 0.6959981918334961),
            ["Head"] = CFrame.new(6.984919309616089e-10, -4.76837158203125e-07, -8.032657206058502e-09, 0.9993602633476257, 0.002537546446546912, -0.035675715655088425, -0.001107830903492868, 0.9991976022720337, 0.0400380901992321, 0.0357486866414547, -0.03997295722365379, 0.9985610842704773),
            ["RightHand"] = CFrame.new(7.450580596923828e-08, 1.1920928955078125e-07, 1.9371509552001953e-07, 0.7649286985397339, 0.5645952224731445, 0.31002628803253174, -0.5794847011566162, 0.8133571743965149, -0.05145691707730293, -0.2812143564224243, -0.1402946263551712, 0.949334442615509),
            ["UpperTorso"] = CFrame.new(-3.4669938031584024e-09, -2.9802322387695312e-08, -1.0477378964424133e-09, 0.9996454119682312, -0.017753107473254204, 0.019849030300974846, 0.01851784810423851, 0.9990663528442383, -0.0390319861471653, -0.019137559458613396, 0.039385706186294556, 0.9990409016609192),
            ["HumanoidRootPart"] = CFrame.new(0, 0, 0, 1, 0, 0, 0, 1, 0, 0, 0, 1),
            ["RightUpperLeg"] = CFrame.new(-5.960464477539063e-08, 1.9287836039438844e-07, 1.673470251262188e-10, 0.9969132542610168, -0.062405794858932495, -0.04763885214924812, 0.04300869256258011, 0.9417263865470886, -0.33361926674842834, 0.0656825378537178, 0.3305404782295227, 0.9415035247802734),
            ["LeftUpperArm"] = CFrame.new(0.30856049060821533, -0.1208946704864502, -0.2049270123243332, 0.8001509308815002, -0.10421953350305557, -0.5906749963760376, -0.28978514671325684, 0.7950547337532043, -0.5328344702720642, 0.5251506567001343, 0.5975167751312256, 0.6059623956680298),
            ["RightLowerArm"] = CFrame.new(-1.1920928955078125e-07, 2.980232238769531e-07, -5.960464477539063e-08, 1, -1.2107194891086692e-07, 9.685756197086448e-08, 8.195638656616211e-08, 0.0422629751265049, -0.9991065859794617, 5.21540641784668e-08, 0.9991065263748169, 0.04226304218173027),
            ["LeftHand"] = CFrame.new(5.960464477539063e-08, 1.1920928955078125e-07, 2.9802322387695312e-08, 0.9798820614814758, -0.19644275307655334, 0.035236094146966934, 0.19545796513557434, 0.9088908433914185, -0.3683932423591614, 0.04034244641661644, 0.3678690791130066, 0.9290021657943726),
            ["LeftFoot"] = CFrame.new(-6.80211087455973e-09, 1.1920928955078125e-07, 8.739675649849232e-09, 0.9989938735961914, -0.04484695568680763, -0.000285908579826355, 0.04339750483632088, 0.968275249004364, -0.2460891604423523, 0.011313200928270817, 0.2458290159702301, 0.9692472219467163),
            ["LowerTorso"] = CFrame.new(0.013052237220108509, -0.07508695125579834, 0.0003418421547394246, 0.9997528791427612, 0.018835343420505524, 0.011805976741015911, -0.018953174352645874, 0.9997708797454834, 0.009949496015906334, -0.011615867726504803, -0.010170796886086464, 0.9998809099197388),
            ["RightLowerLeg"] = CFrame.new(1.4435499906539917e-07, -0.0000036954879760742188, -0.000013303179002832621, 1, -1.1920930376163597e-07, -4.237519135585899e-08, 1.2665985593685036e-07, 0.8116061687469482, 0.5842048525810242, -3.352760913344355e-08, -0.5842050909996033, 0.8116063475608826),
            ["LeftUpperLeg"] = CFrame.new(-5.960464477539063e-08, -6.082700565457344e-09, -9.313225746154785e-10, 0.9984668493270874, 0.03895023837685585, 0.039329253137111664, -0.025439487770199776, 0.9539428353309631, -0.2989077866077423, -0.04916039854288101, 0.2974490225315094, 0.9534711837768555),
            ["LeftLowerLeg"] = CFrame.new(5.4016709327697754e-08, 0.000003874301910400391, 0.000013325363397598267, 1, 5.774199252073231e-08, 1.3969842171945857e-08, -7.450579886381092e-08, 0.8560254573822021, 0.5169337391853333, 1.6763804566721774e-08, -0.5169336199760437, 0.8560253977775574),
        }},
        {Time = 0.167, Data = {
            ["RightFoot"] = CFrame.new(-4.067533154739067e-08, 3.5762786865234375e-07, 4.71482053399086e-09, 0.9996961951255798, 0.02465052343904972, -0.00004993695984012447, -0.023645922541618347, 0.958379864692688, -0.2845152020454407, -0.00696556456387043, 0.28443029522895813, 0.9586715698242188),
            ["LeftLowerArm"] = CFrame.new(1.7881393432617188e-07, 3.5762786865234375e-07, -8.940696716308594e-08, 1, -1.1920931797249068e-07, 1.0430815677864302e-07, 8.195638656616211e-08, -0.3057544231414795, -0.9521105289459229, 8.940696716308594e-08, 0.9521105289459229, -0.30575433373451233),
            ["RightUpperArm"] = CFrame.new(-0.2436322569847107, -0.23120784759521484, -0.30035626888275146, 0.6694605946540833, 0.3070703446865082, 0.676409900188446, -0.08860866725444794, 0.9370719790458679, -0.33770495653152466, -0.7375440001487732, 0.16614437103271484, 0.6545418500900269),
            ["Head"] = CFrame.new(-2.7939677238464355e-09, -2.384185791015625e-07, -5.820766091346741e-11, 0.999498724937439, -0.002851136028766632, -0.03153260797262192, 0.004122566897422075, 0.9991779327392578, 0.0403299443423748, 0.031391698867082596, -0.04043971374630928, 0.9986887574195862),
            ["RightHand"] = CFrame.new(-4.470348358154297e-08, 0, 2.0116567611694336e-07, 0.6973437666893005, 0.6470770835876465, 0.30822551250457764, -0.6731651425361633, 0.7389496564865112, -0.028323009610176086, -0.24609029293060303, -0.18773578107357025, 0.9508916735649109),
            ["UpperTorso"] = CFrame.new(-7.785274647176266e-10, -5.960464477539063e-08, -1.0186340659856796e-09, 0.9995899796485901, -0.019821109250187874, 0.02066384069621563, 0.02062387205660343, 0.999011218547821, -0.03938795253634453, -0.019862694665789604, 0.03979796916246414, 0.9990103840827942),
            ["HumanoidRootPart"] = CFrame.new(0, 0, 0, 1, 0, 0, 0, 1, 0, 0, 0, 1),
            ["RightUpperLeg"] = CFrame.new(0, 2.708511601667851e-07, 6.330083124339581e-10, 0.9968246221542358, -0.06395643204450607, -0.047438740730285645, 0.044998470693826675, 0.9439335465431213, -0.3270544707775116, 0.06569626182317734, 0.3238811492919922, 0.9438140988349915),
            ["LeftUpperArm"] = CFrame.new(0.27860021591186523, -0.12991690635681152, -0.20504111051559448, 0.732037365436554, -0.14756953716278076, -0.6650899648666382, -0.268539160490036, 0.834710955619812, -0.4807748794555664, 0.626105546951294, 0.5305479168891907, 0.5714112520217896),
            ["RightLowerArm"] = CFrame.new(5.960464477539063e-08, -3.5762786865234375e-07, -5.960464477539063e-08, 1, -3.166496753692627e-08, 6.70552182668871e-08, 6.705522537231445e-08, 0.07303421944379807, -0.9973294138908386, 3.91155481338501e-08, 0.9973294734954834, 0.07303424924612045),
            ["LeftHand"] = CFrame.new(1.4901161193847656e-07, 2.980232238769531e-07, -1.7881393432617188e-07, 0.9840235114097595, -0.17644661664962769, 0.02375887706875801, 0.17511233687400818, 0.9350935816764832, -0.30811628699302673, 0.03214937821030617, 0.3073541224002838, 0.9510520696640015),
            ["LeftFoot"] = CFrame.new(6.404454211406119e-08, 0, -2.591605152701959e-09, 0.9989967942237854, -0.044781606644392014, -0.000283561646938324, 0.04346035420894623, 0.9710108637809753, -0.23505167663097382, 0.010801319032907486, 0.2348034381866455, 0.9719828963279724),
            ["LowerTorso"] = CFrame.new(0.013168438337743282, -0.07055819034576416, 0.000297019345453009, 0.9997110366821289, 0.020935721695423126, 0.011822188273072243, -0.021053193137049675, 0.999729335308075, 0.009900841861963272, -0.01161170657724142, -0.010146873071789742, 0.9998812079429626),
            ["RightLowerLeg"] = CFrame.new(3.632158041000366e-08, -0.0000036954879760742188, -0.00001337768480880186, 1, -1.0337681999317283e-07, -4.42378436105173e-08, 9.313227877782992e-08, 0.8192064166069031, 0.5734986066818237, -2.6542700481968495e-08, -0.5734988451004028, 0.8192066550254822),
            ["LeftUpperLeg"] = CFrame.new(-5.960464477539063e-08, -2.4716428015381098e-08, -2.7939677238464355e-09, 0.9985206723213196, 0.03635481745004654, 0.04043406620621681, -0.02327929250895977, 0.9578478336334229, -0.28633129596710205, -0.049139201641082764, 0.28496643900871277, 0.9572771787643433),
            ["LeftLowerLeg"] = CFrame.new(5.122274160385132e-08, 0.000004112720489501953, 0.00001327507197856903, 1, 3.9115551686563776e-08, 6.519258910486769e-09, -3.9115558791991134e-08, 0.8683789372444153, 0.495901495218277, 9.313227522511625e-09, -0.49590131640434265, 0.8683788180351257),
        }},
        {Time = 0.200, Data = {
            ["RightFoot"] = CFrame.new(-4.360890670795925e-08, 2.384185791015625e-07, 9.720679372549057e-09, 0.9996958374977112, 0.024661488831043243, -0.00004322771565057337, -0.0236437376588583, 0.9579384922981262, -0.2859981656074524, -0.007011726498603821, 0.285912424325943, 0.958230197429657),
            ["LeftLowerArm"] = CFrame.new(-1.7881393432617188e-07, 2.384185791015625e-07, 2.384185791015625e-07, 1, -7.450580596923828e-08, 1.043081283569336e-07, 8.195637946073475e-08, -0.25151577591896057, -0.9678532481193542, 9.685753354915505e-08, 0.9678531885147095, -0.2515157461166382),
            ["RightUpperArm"] = CFrame.new(-0.28922760486602783, -0.2426508665084839, -0.2915409803390503, 0.6508844494819641, 0.2914600372314453, 0.7009996175765991, -0.06713757663965225, 0.941848874092102, -0.3292618989944458, -0.7562023401260376, 0.16724802553653717, 0.6326027512550354),
            ["Head"] = CFrame.new(-1.5133991837501526e-09, 1.1920928955078125e-07, 1.3329554349184036e-08, 0.9997596740722656, -0.010606897063553333, -0.019190022721886635, 0.011417621746659279, 0.9990251064300537, 0.04264289513230324, 0.018719008192420006, -0.04285174608230591, 0.9989060759544373),
            ["RightHand"] = CFrame.new(2.9802322387695312e-08, -1.1920928955078125e-07, -1.2293457984924316e-07, 0.673924446105957, 0.6372995376586914, 0.3737313747406006, -0.7021684646606445, 0.7098245024681091, 0.0557558536529541, -0.22975051403045654, -0.29999762773513794, 0.9258596897125244),
            ["UpperTorso"] = CFrame.new(1.964508555829525e-09, 1.1920928955078125e-07, -5.529727786779404e-10, 0.9996520280838013, -0.021680857986211777, 0.015031499788165092, 0.022220881655812263, 0.9990777969360352, -0.036741893738508224, -0.014221039600670338, 0.0370631106197834, 0.9992117881774902),
            ["HumanoidRootPart"] = CFrame.new(0, 0, 0, 1, 0, 0, 0, 1, 0, 0, 0, 1),
            ["RightUpperLeg"] = CFrame.new(-5.960464477539063e-08, 7.856942829675972e-08, 1.0986695997416973e-09, 0.9967936873435974, -0.0656009390950203, -0.04581348970532417, 0.04692648723721504, 0.9430426955223083, -0.32934555411338806, 0.06480945646762848, 0.32613956928253174, 0.9430974125862122),
            ["LeftUpperArm"] = CFrame.new(0.25224727392196655, -0.13785290718078613, -0.20514145493507385, 0.646962583065033, -0.1589721292257309, -0.7457662224769592, -0.22237902879714966, 0.8961749076843262, -0.38395100831985474, 0.7293744087219238, 0.4142446219921112, 0.5444395542144775),
            ["RightLowerArm"] = CFrame.new(-2.384185791015625e-07, 0, 2.9802322387695312e-08, 1, -7.357447628919545e-08, 8.568166975919667e-08, 6.332992796842518e-08, 0.11615607142448425, -0.993230938911438, -3.7252898543727042e-09, 0.993230938911438, 0.11615609377622604),
            ["LeftHand"] = CFrame.new(1.4901161193847656e-07, 0, 1.043081283569336e-07, 0.9755507707595825, -0.21749240159988403, 0.03158946707844734, 0.2152508646249771, 0.9165355563163757, -0.33709004521369934, 0.044361662119627, 0.33564814925193787, 0.9409423470497131),
            ["LeftFoot"] = CFrame.new(-3.081992261400046e-08, 5.960464477539063e-08, 7.101334631443024e-09, 0.9989967942237854, -0.04478287696838379, -0.00027135759592056274, 0.043481554836034775, 0.9713830351829529, -0.23350493609905243, 0.010720600374042988, 0.23325887322425842, 0.9723556041717529),
            ["LowerTorso"] = CFrame.new(0.013166704215109348, -0.07062578201293945, 0.0002976883260998875, 0.9996790289878845, 0.0228575412184, 0.010926442220807076, -0.02296595834195614, 0.9996871948242188, 0.00990227796137333, -0.010696683079004288, -0.010150034911930561, 0.9998912811279297),
            ["RightLowerLeg"] = CFrame.new(-1.3131648302078247e-07, -0.000003814697265625, -0.000013306904293131083, 1, -2.263114140532707e-07, -6.472691893577576e-08, 2.309680269263481e-07, 0.8169643878936768, 0.5766879320144653, -7.823110337312755e-08, -0.5766882300376892, 0.8169645667076111),
            ["LeftUpperLeg"] = CFrame.new(-5.960464477539063e-08, 2.202068571932614e-08, -9.313225746154785e-10, 0.998519778251648, 0.0346665121614933, 0.04191260784864426, -0.02136221155524254, 0.9586028456687927, -0.28394415974617004, -0.05002090707421303, 0.28262844681739807, 0.9579243659973145),
            ["LeftLowerLeg"] = CFrame.new(2.0489096641540527e-08, 0.000003993511199951172, 0.00001331232488155365, 1, 4.377213969064542e-08, 1.7695127141337252e-08, -4.470348358154297e-08, 0.8703462481498718, 0.49244043231010437, 1.3969838619232178e-08, -0.49244028329849243, 0.8703461289405823),
        }},
        {Time = 0.233, Data = {
            ["RightFoot"] = CFrame.new(2.8945123631274328e-08, 4.172325134277344e-07, -1.278385752812028e-08, 0.9996892213821411, 0.024931246414780617, -0.00003534871939336881, -0.02378218248486519, 0.9531876444816589, -0.3014425039291382, -0.007481647655367851, 0.30135008692741394, 0.9534843564033508),
            ["LeftLowerArm"] = CFrame.new(0, 7.152557373046875e-07, 1.4901161193847656e-07, 1, -8.940694584680386e-08, 1.1920926112907182e-07, 1.1920928955078125e-07, -0.14367234706878662, -0.9896252751350403, 7.82310962677002e-08, 0.9896252751350403, -0.143672376871109),
            ["RightUpperArm"] = CFrame.new(-0.31931328773498535, -0.25330448150634766, -0.28607603907585144, 0.6454309225082397, 0.24986481666564941, 0.7217940092086792, -0.0675591379404068, 0.9599520564079285, -0.2718967795372009, -0.7608250379562378, 0.12672679126262665, 0.6364632844924927),
            ["Head"] = CFrame.new(-2.6193447411060333e-10, 0, -1.025910023599863e-08, 0.9998574256896973, -0.016886090859770775, -0.0003319411480333656, 0.016881704330444336, 0.998620331287384, 0.04972530156373978, -0.0005081830313429236, -0.04972381889820099, 0.9987629055976868),
            ["RightHand"] = CFrame.new(0, 0, -2.60770320892334e-08, 0.679291844367981, 0.5904000401496887, 0.43587905168533325, -0.69704270362854, 0.7048551440238953, 0.13157081604003906, -0.22955219447612762, -0.39320117235183716, 0.8903362154960632),
            ["UpperTorso"] = CFrame.new(5.918991519138217e-09, -8.940696716308594e-08, -1.0186340659856796e-10, 0.9997350573539734, -0.023016326129436493, 0.0005223869229666889, 0.023021645843982697, 0.9992853999137878, -0.02997746132314205, 0.0001679571287240833, 0.029981538653373718, 0.999550461769104),
            ["HumanoidRootPart"] = CFrame.new(0, 0, 0, 1, 0, 0, 0, 1, 0, 0, 0, 1),
            ["RightUpperLeg"] = CFrame.new(-5.960464477539063e-08, 2.1999221644364297e-07, 2.029992174357176e-09, 0.9967935681343079, -0.06731914728879929, -0.043253373354673386, 0.04816669970750809, 0.9364546537399292, -0.3474663197994232, 0.06389595568180084, 0.3442685306072235, 0.9366943836212158),
            ["LeftUpperArm"] = CFrame.new(0.24092453718185425, -0.14126241207122803, -0.20518454909324646, 0.5776873230934143, -0.1576915681362152, -0.8008812665939331, -0.1487003117799759, 0.9444124698638916, -0.29321223497390747, 0.8025993704795837, 0.28847628831863403, 0.5221261978149414),
            ["RightLowerArm"] = CFrame.new(0, -1.7881393432617188e-07, -2.9802322387695312e-08, 1, -1.3038517820973539e-08, 6.891787052154541e-08, 7.823108916227284e-08, 0.16491051018238068, -0.9863085746765137, 2.7939672797572257e-09, 0.9863086342811584, 0.1649104803800583),
            ["LeftHand"] = CFrame.new(-2.086162567138672e-07, 0, -1.564621925354004e-07, 0.9652038812637329, -0.25970977544784546, 0.030534517019987106, 0.2525372803211212, 0.8954440951347351, -0.3666127324104309, 0.06787091493606567, 0.36156725883483887, 0.9298725128173828),
            ["LeftFoot"] = CFrame.new(-9.109421483799451e-08, -1.1920928955078125e-07, 4.64444838144118e-09, 0.9989919066429138, -0.044891659170389175, -0.0002629049413371831, 0.0433913879096508, 0.9670748710632324, -0.2507658004760742, 0.011511538177728653, 0.25050169229507446, 0.9680477976799011),
            ["LowerTorso"] = CFrame.new(0.012932568788528442, -0.07975077629089355, 0.0003880029544234276, 0.9996659159660339, 0.02383507788181305, 0.009998336434364319, -0.023935027420520782, 0.9996635317802429, 0.009999003261327744, -0.009756645187735558, -0.010234973393380642, 0.9999000430107117),
            ["RightLowerLeg"] = CFrame.new(-3.259629011154175e-08, -0.0000036954879760742188, -0.00001328268990619108, 1, -1.271255172241581e-07, -4.70318006762227e-08, 1.2293457984924316e-07, 0.7960890531539917, 0.6051790714263916, -4.284083843231201e-08, -0.605179488658905, 0.7960894107818604),
            ["LeftUpperLeg"] = CFrame.new(-5.960464477539063e-08, 5.4529664339497685e-08, 1.862645149230957e-09, 0.9984913468360901, 0.03493872284889221, 0.04236020892858505, -0.020490143448114395, 0.9528048038482666, -0.30289164185523987, -0.05094365030527115, 0.3015665113925934, 0.952083170413971),
            ["LeftLowerLeg"] = CFrame.new(-9.685754776000977e-08, 0.000003874301910400391, 0.000013239681720733643, 1, 9.49948883999241e-08, 3.81842291119483e-08, -9.685754776000977e-08, 0.8512277007102966, 0.5247966051101685, 2.7939677238464355e-08, -0.5247966051101685, 0.8512277603149414),
        }},
        {Time = 0.267, Data = {
            ["RightFoot"] = CFrame.new(-4.761386662721634e-08, 3.5762786865234375e-07, 4.71482053399086e-09, 0.9996767640113831, 0.02542724460363388, -0.00003342646232340485, -0.024038922041654587, 0.944664716720581, -0.32715511322021484, -0.0082870963960886, 0.3270505368709564, 0.9449707269668579),
            ["LeftLowerArm"] = CFrame.new(-5.960464477539063e-08, 2.980232238769531e-07, -5.960464477539063e-08, 1, -6.89178563106907e-08, 7.450579175838357e-08, 7.450580596923828e-08, 0.0217969361692667, -0.9997624754905701, 6.146728992462158e-08, 0.9997624158859253, 0.02179695852100849),
            ["RightUpperArm"] = CFrame.new(-0.3193133473396301, -0.25330471992492676, -0.28607600927352905, 0.6545974016189575, 0.2109132707118988, 0.7259600162506104, -0.09523128718137741, 0.9756490588188171, -0.19758550822734833, -0.7499555349349976, 0.06020486354827881, 0.6587427258491516),
            ["Head"] = CFrame.new(-1.4260876923799515e-09, -1.1920928955078125e-07, -2.2846506908535957e-09, 0.9996474385261536, -0.017879033461213112, 0.01963299885392189, 0.016677897423505783, 0.9980754852294922, 0.05972636491060257, -0.0206630639731884, -0.059377867728471756, 0.9980217218399048),
            ["RightHand"] = CFrame.new(-7.450580596923828e-08, 1.1920928955078125e-07, -1.2293457984924316e-07, 0.6792919635772705, 0.5843051671981812, 0.4440156817436218, -0.6970424652099609, 0.7029649615287781, 0.1413222700357437, -0.22955216467380524, -0.4054969251155853, 0.8848040699958801),
            ["UpperTorso"] = CFrame.new(4.511093720793724e-09, 2.086162567138672e-07, -2.3283064365386963e-10, 0.9995360970497131, -0.023222167044878006, -0.019709011539816856, 0.02281859703361988, 0.9995303153991699, -0.02046029269695282, 0.02017488144338131, 0.020001064985990524, 0.9995964765548706),
            ["HumanoidRootPart"] = CFrame.new(0, 0, 0, 1, 0, 0, 0, 1, 0, 0, 0, 1),
            ["RightUpperLeg"] = CFrame.new(5.960464477539063e-08, 5.354304448701441e-07, 1.673470251262188e-10, 0.9967690706253052, -0.06909750401973724, -0.04095138981938362, 0.0486622154712677, 0.9251287579536438, -0.3765222728252411, 0.06390204280614853, 0.37331271171569824, 0.9255020618438721),
            ["LeftUpperArm"] = CFrame.new(0.24092447757720947, -0.14126276969909668, -0.20518450438976288, 0.5530939698219299, -0.16483142971992493, -0.8166502714157104, -0.09190468490123749, 0.9621784687042236, -0.2564490735530853, 0.8280341625213623, 0.21689443290233612, 0.5170263648033142),
            ["RightLowerArm"] = CFrame.new(1.1920928955078125e-07, 1.1920928955078125e-07, -5.960464477539063e-08, 1, -1.0011717677116394e-07, 6.705522537231445e-08, 9.313224325069314e-08, 0.19761806726455688, -0.9802791476249695, 5.774199252073231e-08, 0.9802790880203247, 0.19761808216571808),
            ["LeftHand"] = CFrame.new(-7.450580596923828e-08, 0, 9.685754776000977e-08, 0.9652202129364014, -0.2556268870830536, -0.054818376898765564, 0.25281989574432373, 0.9660456776618958, -0.05327276140451431, 0.06657496094703674, 0.03756077587604523, 0.9970742464065552),
            ["LeftFoot"] = CFrame.new(-9.077690776848613e-08, 0, -2.2196445570443757e-08, 0.9989824891090393, -0.045099303126335144, -0.00027082490851171315, 0.043207649141550064, 0.9587677121162415, -0.28088706731796265, 0.012927453964948654, 0.28058961033821106, 0.9597408771514893),
