return {
    ["Quick Bite"] = {
        {Time = 0.000, Data = {
            ["LeftLowerArm"] = CFrame.new(-0.0000015050172805786133, -0.0000023543834686279297, 0.0000037997961044311523, 1, 0.000007262490726134274, 0.000007867683052609209, -0.000004172325134277344, 0.8330715298652649, -0.5531736016273499, 8.046627044677734e-07, 0.5531654357910156, 0.8330660462379456),
            ["LeftFoot"] = CFrame.new(-1.1175870895385742e-08, -9.816139936447144e-07, -1.4901161193847656e-08, 0.9808839559555054, -0.18824785947799683, 0.04929467663168907, 0.19305038452148438, 0.9732043147087097, -0.12490697205066681, -0.02445840835571289, 0.1320459246635437, 0.990943193435669),
            ["RightHand"] = CFrame.new(-2.71480530500412e-07, -7.972121238708496e-07, -5.62518835067749e-07, 0.9836915731430054, -0.17985770106315613, 0.0013839870225638151, 0.1769755631685257, 0.9664995670318604, -0.18589453399181366, 0.03210357576608658, 0.18311183154582977, 0.9825687408447266),
            ["HumanoidRootPart"] = CFrame.new(0, 0, 0, 1, 0, 0, 0, 1, 0, 0, 0, 1),
            ["RightHandBottle"] = CFrame.new(0.17119798064231873, -0.24585433304309845, 0.1073504090309143, -0.24786099791526794, 0.31250646710395813, -0.9170060753822327, -0.9631379842758179, -0.18163441121578217, 0.19843167066574097, -0.10454784333705902, 0.9323887228965759, 0.34601283073425293),
            ["RightLowerLeg"] = CFrame.new(-8.940696716308594e-08, 2.384185791015625e-07, 0.0000010058283805847168, 1, 4.6565906686169e-09, -7.450612571346937e-08, -1.0430815677864302e-07, 0.9735602140426636, 0.22842830419540405, -2.980232949312267e-08, -0.22843056917190552, 0.9735607504844666),
            ["LeftUpperLeg"] = CFrame.new(-5.513429641723633e-07, 0.0000012218952178955078, -0.000002771615982055664, 0.9738984704017639, 0.22635991871356964, 0.016827896237373352, -0.19558286666870117, 0.8744776248931885, -0.4438815116882324, -0.11519113928079605, 0.429010808467865, 0.8959274291992188),
            ["LeftLowerLeg"] = CFrame.new(-7.450580596923828e-09, 0.0000011026859283447266, 0.0000018477439880371094, 1, 2.7939563551626634e-08, 9.499539999069384e-08, -5.960465188081798e-08, 0.805961549282074, 0.5919637084007263, -1.3411046495548362e-07, -0.5919679403305054, 0.8059646487236023),
            ["LowerTorso"] = CFrame.new(-0.04093267023563385, -0.15953612327575684, 0.027174901217222214, 0.9634888768196106, -0.011835932731628418, -0.2674868404865265, 4.247833089721098e-07, 0.9990225434303284, -0.0442037470638752, 0.26774856448173523, 0.042589809745550156, 0.9625470638275146),
            ["RightHandBurger"] = CFrame.new(0.1972842514514923, -0.29726365208625793, 0.019950713962316513, -0.0525936521589756, -0.11224906891584396, 0.9922875761985779, 0.09747494012117386, -0.9894946217536926, -0.10676717013120651, 0.9938473701477051, 0.09110794216394424, 0.06297864019870758),
            ["UpperTorso"] = CFrame.new(-1.4156103134155273e-07, 4.76837158203125e-07, 0.0000015348196029663086, 0.9966095089912415, 0.015766162425279617, -0.0807516947388649, 0.0021010481286793947, 0.9762714505195618, 0.21654246747493744, 0.08224961906671524, -0.2159757763147354, 0.9729278683662415),
            ["LeftHandBurger"] = CFrame.new(-0.1521148532629013, -0.28214821219444275, 0.0333307683467865, 0.22184564173221588, 0.1507415920495987, -0.9633594751358032, -0.10278931260108948, -0.9788580536842346, -0.17683733999729156, -0.9696488380432129, 0.13825365900993347, -0.20166069269180298),
            ["LeftUpperArm"] = CFrame.new(0.0000024437904357910156, -1.341104507446289e-07, -0.0000012069940567016602, 0.7964975237846375, 0.4333876371383667, -0.42161327600479126, -0.3473612368106842, 0.8987361192703247, 0.267601877450943, 0.49490606784820557, -0.06669746339321136, 0.8663898706436157),
            ["RightLowerArm"] = CFrame.new(1.4156103134155273e-07, -0.000001996755599975586, 0.000003159046173095703, 1, 5.289907676342409e-07, 1.3038382817853744e-08, -0.000003591180302464636, 0.8512880802154541, -0.524707555770874, 0.00000410527036365238, 0.5246986746788025, 0.8512826561927795),
            ["LeftHand"] = CFrame.new(-7.692724466323853e-07, -5.960464477539063e-08, -1.448206603527069e-07, 0.9985897541046143, 0.021108588203787804, 0.048729997128248215, -0.019089048728346825, 0.9989596605300903, -0.041411999613046646, -0.04953893646597862, 0.040425874292850494, 0.9979531168937683),
            ["RightFoot"] = CFrame.new(3.8370490074157715e-07, -0.000001259148120880127, -3.725290298461914e-08, 0.9502882957458496, 0.28456276655197144, -0.12641094624996185, -0.3109953701496124, 0.8873512744903564, -0.3404126465320587, 0.015295939520001411, 0.3628108501434326, 0.9317400455474854),
            ["RightUpperArm"] = CFrame.new(0.0000015795230865478516, 0.0000012814998626708984, 0.000007569789886474609, 0.9703009128570557, -0.24169626832008362, -0.010020753368735313, 0.2364666610956192, 0.9389448761940002, 0.249917134642601, -0.050987958908081055, -0.24487867951393127, 0.9682154655456543),
            ["Head"] = CFrame.new(2.635642886161804e-07, 5.662441253662109e-07, -0.0000023506581783294678, 0.937773585319519, -0.030197715386748314, 0.34593430161476135, 0.04831395670771599, 0.9978689551353455, -0.0438629686832428, -0.3438701033592224, 0.057842254638671875, 0.9372329711914062),
            ["RightUpperLeg"] = CFrame.new(6.332993507385254e-08, 0.0000010728836059570312, 0.0000023618340492248535, 0.9086595773696899, -0.2256573736667633, -0.3513004183769226, 0.3008268475532532, 0.9372889399528503, 0.176038920879364, 0.2895531952381134, -0.26564693450927734, 0.9195641875267029),
            ["RightHandComics"] = CFrame.new(0.11127480864524841, -0.49504172801971436, 0.19478528201580048, 0.2119133323431015, -0.5043786764144897, 0.8370724320411682, 0.29549139738082886, -0.7833685874938965, -0.5468289256095886, 0.9315458536148071, 0.3632296919822693, -0.01697082258760929),
        }},
        {Time = 0.033, Data = {
            ["LeftLowerArm"] = CFrame.new(-0.0000014230608940124512, -0.000001817941665649414, 0.00000356137752532959, 1, 0.000007348173767240951, 0.00000822158017399488, -0.00000410527036365238, 0.830053985118866, -0.5576907992362976, 7.003546329542587e-07, 0.5576831698417664, 0.8300487399101257),
            ["LeftFoot"] = CFrame.new(-2.2351741790771484e-08, -0.000001041218638420105, -1.6391277313232422e-07, 0.9807683229446411, -0.18884362280368805, 0.049318715929985046, 0.1936381608247757, 0.9731197953224182, -0.12465471774339676, -0.024450568482279778, 0.131818026304245, 0.9909736514091492),
            ["RightHand"] = CFrame.new(-6.239861249923706e-08, -7.82310962677002e-07, -4.9639493227005e-07, 0.983794093132019, -0.17930148541927338, 0.00029860431095585227, 0.17664553225040436, 0.9689350128173828, -0.17308907210826874, 0.03075239807367325, 0.1703406572341919, 0.9849061965942383),
            ["HumanoidRootPart"] = CFrame.new(0, 0, 0, 1, 0, 0, 0, 1, 0, 0, 0, 1),
            ["RightHandBottle"] = CFrame.new(0.17119817435741425, -0.24585461616516113, 0.10735040158033371, -0.24786105751991272, 0.31250646710395813, -0.9170060753822327, -0.9631379842758179, -0.18163444101810455, 0.19843171536922455, -0.10454786568880081, 0.9323887825012207, 0.34601283073425293),
            ["RightLowerLeg"] = CFrame.new(2.1606683731079102e-07, 4.76837158203125e-07, 0.0000010728836059570312, 1, -6.239829986043333e-08, -3.725307351487572e-08, -5.9604616353681195e-08, 0.9736433029174805, 0.2280740886926651, -2.6077019654735523e-08, -0.22807647287845612, 0.9736437797546387),
            ["LeftUpperLeg"] = CFrame.new(-2.644956111907959e-07, 0.0000014901161193847656, -0.0000031888484954833984, 0.9737233519554138, 0.22717812657356262, 0.015918053686618805, -0.19655536115169525, 0.8736515045166016, -0.4450760781764984, -0.11501717567443848, 0.4302594065666199, 0.8953512907028198),
            ["LeftLowerLeg"] = CFrame.new(1.4901161193847656e-08, 0.0000011622905731201172, 0.0000019371509552001953, 1, -2.6076916626038837e-08, 1.0058346333607915e-07, -9.685758328714655e-08, 0.8059015870094299, 0.592045247554779, -1.192093321833454e-07, -0.5920495986938477, 0.8059048652648926),
            ["LowerTorso"] = CFrame.new(-0.040015898644924164, -0.1595616340637207, 0.027597539126873016, 0.9635717868804932, -0.012045631185173988, -0.267178475856781, 0.0005307907122187316, 0.9990693926811218, -0.043128326535224915, 0.26744937896728516, 0.04141545295715332, 0.9626814723014832),
            ["RightHandBurger"] = CFrame.new(0.1972845047712326, -0.29726389050483704, 0.01995065063238144, -0.0525936484336853, -0.11224909871816635, 0.9922875761985779, 0.09747497737407684, -0.9894945621490479, -0.1067671850323677, 0.9938474297523499, 0.09110789746046066, 0.06297862529754639),
            ["UpperTorso"] = CFrame.new(-1.2852251529693604e-07, 0, 0.000001564621925354004, 0.9966102242469788, 0.015765134245157242, -0.08074335753917694, 0.002100258367136121, 0.9762714505195618, 0.21654240787029266, 0.08224122226238251, -0.2159757912158966, 0.9729285836219788),
            ["LeftHandBurger"] = CFrame.new(-0.15211468935012817, -0.28214824199676514, 0.033330682665109634, 0.2218456268310547, 0.1507415920495987, -0.9633594751358032, -0.10278929024934769, -0.9788579940795898, -0.17683736979961395, -0.9696488380432129, 0.13825362920761108, -0.20166073739528656),
            ["LeftUpperArm"] = CFrame.new(0.0000022649765014648438, 3.5762786865234375e-07, -0.0000013932585716247559, 0.8070853352546692, 0.4305666983127594, -0.40400075912475586, -0.35073035955429077, 0.9000681042671204, 0.25857850909233093, 0.4749753475189209, -0.06700488179922104, 0.8774511814117432),
            ["RightLowerArm"] = CFrame.new(-2.7939677238464355e-07, -0.0000018477439880371094, 0.00000286102294921875, 1, 4.563476920793619e-07, 2.9615748076139425e-07, -0.0000034421686905261595, 0.8484853506088257, -0.5292275547981262, 0.000003986061074101599, 0.529218852519989, 0.8484800457954407),
            ["LeftHand"] = CFrame.new(-4.637986421585083e-07, -2.2351741790771484e-07, -1.0617077350616455e-07, 0.9985896944999695, 0.02110864594578743, 0.04873162508010864, -0.01935797929763794, 0.9991645216941833, -0.035989124327898026, -0.04943649098277092, 0.034997884184122086, 0.9981633424758911),
            ["RightFoot"] = CFrame.new(4.917383193969727e-07, -0.0000012926757335662842, 1.9371509552001953e-07, 0.9504558444023132, 0.2840160131454468, -0.12638132274150848, -0.31047531962394714, 0.8875043392181396, -0.3404882252216339, 0.01545280683785677, 0.3628649413585663, 0.9317165017127991),
            ["RightUpperArm"] = CFrame.new(0.0000015497207641601562, 0.000002115964889526367, 0.000007681548595428467, 0.9716091752052307, -0.2363586574792862, -0.010560235939919949, 0.2313186675310135, 0.9396249055862427, 0.2521684765815735, -0.04967239126563072, -0.24746626615524292, 0.9676257371902466),
            ["Head"] = CFrame.new(2.505257725715637e-07, 6.556510925292969e-07, -0.00000247173011302948, 0.9464249610900879, -0.02897714450955391, 0.32162362337112427, 0.046312008053064346, 0.997850239276886, -0.04637587442994118, -0.31958580017089844, 0.05878155305981636, 0.9457312822341919),
            ["RightUpperLeg"] = CFrame.new(3.3527612686157227e-08, 9.834766387939453e-07, 0.0000023618340492248535, 0.90885990858078, -0.22443559765815735, -0.3515646457672119, 0.29950323700904846, 0.9377968311309814, 0.17558985948562622, 0.2902956008911133, -0.2648882269859314, 0.9195491075515747),
            ["RightHandComics"] = CFrame.new(0.11127506196498871, -0.49504196643829346, 0.19478526711463928, 0.2119133323431015, -0.5043787360191345, 0.8370723724365234, 0.2954913377761841, -0.7833686470985413, -0.5468289256095886, 0.9315459132194519, 0.3632296621799469, -0.016970856115221977),
        }},
        {Time = 0.067, Data = {
            ["LeftLowerArm"] = CFrame.new(-0.000001817941665649414, -0.0000019669532775878906, 0.0000033527612686157227, 1, 0.000007413367256958736, 0.000008355687896255404, -0.000004086643912160071, 0.8283495306968689, -0.5602184534072876, 6.929040523573349e-07, 0.5602117776870728, 0.828345000743866),
            ["LeftFoot"] = CFrame.new(-8.195638656616211e-08, -9.685754776000977e-07, 6.705522537231445e-08, 0.9802277088165283, -0.19160829484462738, 0.049403999000787735, 0.19636695086956024, 0.9727047681808472, -0.1236218512058258, -0.024365978315472603, 0.13088859617710114, 0.9910988211631775),
            ["RightHand"] = CFrame.new(2.7474015951156616e-07, 2.9802322387695312e-08, -5.327165126800537e-07, 0.9840516448020935, -0.17786648869514465, -0.0024043580051511526, 0.17533160746097565, 0.97213214635849, -0.15561728179454803, 0.030023127794265747, 0.15271727740764618, 0.9878145456314087),
            ["HumanoidRootPart"] = CFrame.new(0, 0, 0, 1, 0, 0, 0, 1, 0, 0, 0, 1),
            ["RightHandBottle"] = CFrame.new(0.17119771242141724, -0.2458542287349701, 0.10735038667917252, -0.24786104261875153, 0.31250646710395813, -0.9170060753822327, -0.9631379842758179, -0.18163441121578217, 0.19843164086341858, -0.10454780608415604, 0.9323887228965759, 0.3460128605365753),
            ["RightLowerLeg"] = CFrame.new(7.450580596923828e-08, 4.470348358154297e-07, 0.0000010281801223754883, 1, -7.916207067637515e-08, -5.215431286842431e-08, -5.215408194203519e-08, 0.9732866883277893, 0.22959135472774506, 2.6077040971017595e-08, -0.22959356009960175, 0.9732871651649475),
            ["LeftUpperLeg"] = CFrame.new(-4.284083843231201e-07, 0.0000014007091522216797, -0.00000286102294921875, 0.9730584025382996, 0.23015762865543365, 0.013606585562229156, -0.20005373656749725, 0.8721732497215271, -0.44641539454460144, -0.11461219936609268, 0.4316728115081787, 0.8947224020957947),
            ["LeftLowerLeg"] = CFrame.new(-4.470348358154297e-08, 0.0000012516975402832031, 0.0000019073486328125, 1, 4.656594221330579e-09, 1.024460587473186e-07, -3.7252920748187535e-08, 0.8067101836204529, 0.5909433960914612, -1.192093463942001e-07, -0.5909473299980164, 0.8067131042480469),
            ["LowerTorso"] = CFrame.new(-0.035496994853019714, -0.15961596369743347, 0.028477126732468605, 0.96372389793396, -0.012435311451554298, -0.26661139726638794, 0.0015838261460885406, 0.9991629719734192, -0.04087787866592407, 0.2668965458869934, 0.03897279500961304, 0.9629368782043457),
            ["RightHandBurger"] = CFrame.new(0.19728413224220276, -0.2972635328769684, 0.019950654357671738, -0.05259361490607262, -0.11224909126758575, 0.9922875761985779, 0.09747496992349625, -0.9894946217536926, -0.10676717013120651, 0.9938473701477051, 0.09110795706510544, 0.06297864019870758),
            ["UpperTorso"] = CFrame.new(-1.2479722499847412e-07, 1.1920928955078125e-07, 0.000001519918441772461, 0.9966111183166504, 0.01576414704322815, -0.08073291927576065, 0.0020989717449992895, 0.9762715101242065, 0.21654249727725983, 0.08223085105419159, -0.21597599983215332, 0.9729293584823608),
            ["LeftHandBurger"] = CFrame.new(-0.15211516618728638, -0.28214773535728455, 0.03333085775375366, 0.22184568643569946, 0.1507415622472763, -0.9633594751358032, -0.10278934985399246, -0.9788579940795898, -0.17683739960193634, -0.9696488380432129, 0.13825362920761108, -0.20166072249412537),
            ["LeftUpperArm"] = CFrame.new(0.000002294778823852539, -4.470348358154297e-08, -0.000001341104507446289, 0.8257467746734619, 0.4250586926937103, -0.3707539141178131, -0.3564574420452118, 0.9026939272880554, 0.24099604785442352, 0.4371274709701538, -0.06684914231300354, 0.8969183564186096),
            ["RightLowerArm"] = CFrame.new(3.8370490074157715e-07, -0.0000016093254089355469, 0.00000311434268951416, 1, 6.118783630881808e-07, 1.694989464340324e-07, -0.000003725290298461914, 0.848995566368103, -0.5284090638160706, 0.000004112720489501953, 0.5284000039100647, 0.8489899635314941),
            ["LeftHand"] = CFrame.new(-4.628673195838928e-07, -3.3527612686157227e-07, -3.1478703022003174e-07, 0.9985893964767456, 0.021108930930495262, 0.04873809963464737, -0.01950872130692005, 0.999266505241394, -0.03294512629508972, -0.049383744597435, 0.031951405107975006, 0.9982680678367615),
            ["RightFoot"] = CFrame.new(3.650784492492676e-07, -0.0000013113021850585938, 7.450580596923828e-09, 0.9511418342590332, 0.2816289961338043, -0.12656208872795105, -0.30834901332855225, 0.8874214887619019, -0.3426297605037689, 0.015813056379556656, 0.3649221360683441, 0.9309065937995911),
            ["RightUpperArm"] = CFrame.new(0.0000017285346984863281, 0.0000011920928955078125, 0.000007592141628265381, 0.9741275310516357, -0.2257245033979416, -0.011190536431968212, 0.22099235653877258, 0.9410021305084229, 0.2562605142593384, -0.04730663448572159, -0.25211775302886963, 0.9665429592132568),
            ["Head"] = CFrame.new(2.384185791015625e-07, 3.2782554626464844e-07, -0.0000024568289518356323, 0.9641040563583374, -0.02684425748884678, 0.2641668915748596, 0.041912991553545, 0.9977898001670837, -0.05157044902443886, -0.2621959447860718, 0.060786500573158264, 0.963097333908081),
            ["RightUpperLeg"] = CFrame.new(3.3527612686157227e-08, 0.0000014007091522216797, 0.0000022351741790771484, 0.9096992015838623, -0.22093378007411957, -0.35161206126213074, 0.29553577303886414, 0.939271092414856, 0.1744292974472046, 0.29172956943511963, -0.26259881258010864, 0.919751763343811),
            ["RightHandComics"] = CFrame.new(0.1112746149301529, -0.4950418472290039, 0.1947852373123169, 0.21191328763961792, -0.5043786764144897, 0.8370723724365234, 0.2954913377761841, -0.7833686470985413, -0.5468289852142334, 0.9315457940101624, 0.36322975158691406, -0.016970816999673843),
        }},
        {Time = 0.100, Data = {
            ["LeftLowerArm"] = CFrame.new(-0.0000011995434761047363, -0.000001430511474609375, 0.0000034868717193603516, 1, 0.000007333272606047103, 0.000008754288501222618, -0.0000039152805584308226, 0.8331984877586365, -0.552980363368988, 8.195639793484588e-07, 0.5529741048812866, 0.8331943154335022),
            ["LeftFoot"] = CFrame.new(-1.862645149230957e-08, -0.0000010970979928970337, -5.960464477539063e-08, 0.9789485335350037, -0.19800248742103577, 0.04955289140343666, 0.20267648994922638, 0.9716991186141968, -0.12132556736469269, -0.024125561118125916, 0.12882478535175323, 0.9913751482963562),
            ["RightHand"] = CFrame.new(-1.7695128917694092e-07, -3.501772880554199e-07, -5.485489964485168e-07, 0.984381377696991, -0.17594821751117706, -0.005946052260696888, 0.1730969399213791, 0.9734851717948914, -0.14954322576522827, 0.03210676833987236, 0.14618125557899475, 0.9887372851371765),
            ["HumanoidRootPart"] = CFrame.new(0, 0, 0, 1, 0, 0, 0, 1, 0, 0, 0, 1),
            ["RightHandBottle"] = CFrame.new(0.17119833827018738, -0.2458549290895462, 0.10735049843788147, -0.24786102771759033, 0.3125064969062805, -0.9170060753822327, -0.9631379842758179, -0.18163442611694336, 0.19843165576457977, -0.10454779863357544, 0.9323887228965759, 0.34601283073425293),
            ["RightLowerLeg"] = CFrame.new(-2.9802322387695312e-08, 2.980232238769531e-07, 9.387731552124023e-07, 1, -9.313186888348923e-10, 0, -6.705523247774181e-08, 0.9716458916664124, 0.23643916845321655, 1.564622067462551e-07, -0.2364412248134613, 0.9716463088989258),
            ["LeftUpperLeg"] = CFrame.new(-4.880130290985107e-07, 0.0000011622905731201172, -0.000002995133399963379, 0.971670925617218, 0.23610197007656097, 0.010579326190054417, -0.2069389373064041, 0.871563196182251, -0.4444638192653656, -0.11415808647871017, 0.42969006299972534, 0.8957343101501465),
            ["LeftLowerLeg"] = CFrame.new(-1.4156103134155273e-07, 0.000001341104507446289, 0.000001996755599975586, 1, -9.313185778125899e-10, 7.823153680419637e-08, -1.4156101713069802e-07, 0.8099399209022522, 0.5865086317062378, -1.1920927533992653e-07, -0.5865128636360168, 0.8099429607391357),
            ["LowerTorso"] = CFrame.new(-0.024706736207008362, -0.1596670001745224, 0.02923063561320305, 0.9638044238090515, -0.012639971449971199, -0.26631051301956177, 0.0023512844927608967, 0.9992397427558899, -0.03891757130622864, 0.26659995317459106, 0.036882832646369934, 0.963101327419281),
            ["RightHandBurger"] = CFrame.new(0.19728459417819977, -0.2972641885280609, 0.01995071955025196, -0.0525936558842659, -0.11224904656410217, 0.9922875165939331, 0.09747499227523804, -0.9894946217536926, -0.10676708817481995, 0.9938474297523499, 0.09110794961452484, 0.06297861784696579),
            ["UpperTorso"] = CFrame.new(-1.341104507446289e-07, 5.960464477539062e-07, 0.000001475214958190918, 0.9966112971305847, 0.01576383411884308, -0.08073082566261292, 0.0020987901370972395, 0.9762715101242065, 0.21654240787029266, 0.08222871273756027, -0.21597592532634735, 0.9729296565055847),
            ["LeftHandBurger"] = CFrame.new(-0.1521150916814804, -0.282148152589798, 0.03333080932497978, 0.22184565663337708, 0.1507415473461151, -0.963359534740448, -0.10278928279876709, -0.9788580536842346, -0.17683742940425873, -0.9696488976478577, 0.13825365900993347, -0.20166079699993134),
            ["LeftUpperArm"] = CFrame.new(0.000002175569534301758, -3.129243850708008e-07, -0.000001564621925354004, 0.8353037238121033, 0.42155271768569946, -0.35291966795921326, -0.35949286818504333, 0.9044827222824097, 0.2295067459344864, 0.4159720838069916, -0.06484130769968033, 0.9070691466331482),
            ["RightLowerArm"] = CFrame.new(1.9371509552001953e-07, -0.0000017881393432617188, 0.0000031888484954833984, 1, 5.271279519547534e-07, 4.2467883076824364e-07, -0.0000036209821701049805, 0.8580114245414734, -0.5136402249336243, 0.000004060566425323486, 0.5136306881904602, 0.8580057621002197),
            ["LeftHand"] = CFrame.new(-9.909272193908691e-07, -2.0116567611694336e-07, -9.778887033462524e-08, 0.9985890984535217, 0.021109091117978096, 0.048743877559900284, -0.019077789038419724, 0.9989502429962158, -0.04164000600576401, -0.04955773800611496, 0.04065471142530441, 0.9979429244995117),
            ["RightFoot"] = CFrame.new(4.3958425521850586e-07, -0.0000012069940567016602, -5.21540641784668e-08, 0.9526141881942749, 0.27627626061439514, -0.12728430330753326, -0.30374735593795776, 0.8863199353218079, -0.34952250123023987, 0.01624312810599804, 0.3716292381286621, 0.9282418489456177),
            ["RightUpperArm"] = CFrame.new(0.000001519918441772461, 0.0000015497207641601562, 0.000007718801498413086, 0.9759091138839722, -0.21790777146816254, -0.01090187393128872, 0.21327336132526398, 0.9422337412834167, 0.2582676112651825, -0.045998960733413696, -0.2543851137161255, 0.9660119414329529),
            ["Head"] = CFrame.new(2.0209699869155884e-07, 3.2782554626464844e-07, -0.0000023618340492248535, 0.9798997044563293, -0.026078352704644203, 0.19778187572956085, 0.037891779094934464, 0.9977017045021057, -0.056180186569690704, -0.19585944712162018, 0.0625404343008995, 0.9786348938941956),
            ["RightUpperLeg"] = CFrame.new(2.123415470123291e-07, 8.642673492431641e-07, 0.0000023543834686279297, 0.9114930629730225, -0.21530529856681824, -0.3504559397697449, 0.28893449902534485, 0.9415841698646545, 0.17301255464553833, 0.29274123907089233, -0.25896531343460083, 0.9204604029655457),
            ["RightHandComics"] = CFrame.new(0.1112753301858902, -0.4950422942638397, 0.19478528201580048, 0.2119133323431015, -0.5043786764144897, 0.837072491645813, 0.29549139738082886, -0.7833686470985413, -0.5468288660049438, 0.9315457940101624, 0.3632296323776245, -0.016970830038189888),
        }},
        {Time = 0.133, Data = {
            ["LeftLowerArm"] = CFrame.new(-0.0000016540288925170898, -8.344650268554688e-07, 0.000002771615982055664, 1, 0.000007364936664089328, 0.000008180601980711799, -0.00000412762119594845, 0.8402859568595886, -0.5421492457389832, 0.0000010430811698824982, 0.5421435832977295, 0.8402822017669678),
            ["LeftFoot"] = CFrame.new(-1.4901161193847656e-07, -0.0000011473894119262695, -1.4901161193847656e-08, 0.976729691028595, -0.20883376896381378, 0.04887005686759949, 0.21338827908039093, 0.9691198468208313, -0.12356794625520706, -0.021553633734583855, 0.13113075494766235, 0.9911320805549622),
            ["RightHand"] = CFrame.new(-3.771856427192688e-08, -2.086162567138672e-07, -4.591420292854309e-07, 0.9847955107688904, -0.1734325885772705, -0.009939117357134819, 0.1704891175031662, 0.975892961025238, -0.1362563967704773, 0.03333745896816254, 0.1324925422668457, 0.9906238317489624),
            ["HumanoidRootPart"] = CFrame.new(0, 0, 0, 1, 0, 0, 0, 1, 0, 0, 0, 1),
            ["RightHandBottle"] = CFrame.new(0.17119741439819336, -0.24585428833961487, 0.10735058784484863, -0.24786104261875153, 0.31250646710395813, -0.9170060157775879, -0.9631379842758179, -0.18163442611694336, 0.19843176007270813, -0.10454782843589783, 0.9323887825012207, 0.3460128605365753),
            ["RightLowerLeg"] = CFrame.new(3.725290298461914e-08, 5.066394805908203e-07, 0.0000011026859283447266, 1, -5.681039993987724e-08, -1.4156158556488663e-07, 1.4901157641133977e-08, 0.9563894271850586, 0.2920921742916107, 3.911553747570906e-08, -0.2920948266983032, 0.9563902020454407),
            ["LeftUpperLeg"] = CFrame.new(-2.123415470123291e-07, 0.000001341104507446289, -0.000003039836883544922, 0.9676496386528015, 0.2515803575515747, 0.019022615626454353, -0.2178199291229248, 0.8710776567459106, -0.44019588828086853, -0.12731347978115082, 0.4218188226222992, 0.8977002501487732),
            ["LeftLowerLeg"] = CFrame.new(1.2665987014770508e-07, 0.0000013709068298339844, 0.0000016093254089355469, 1, 2.1420330398314036e-08, 5.58796742211598e-08, -1.0430814256778831e-07, 0.8113583326339722, 0.5845451951026917, -1.1175872316471214e-07, -0.584549069404602, 0.8113611936569214),
            ["LowerTorso"] = CFrame.new(-0.007555627729743719, -0.16176757216453552, 0.031960465013980865, 0.9601950645446777, -0.012525321915745735, -0.2790496051311493, 0.0021298499777913094, 0.9992935061454773, -0.03752519190311432, 0.27932244539260864, 0.03543718904256821, 0.9595432281494141),
            ["RightHandBurger"] = CFrame.new(0.1972838193178177, -0.29726341366767883, 0.019950836896896362, -0.05259367451071739, -0.11224903911352158, 0.9922875761985779, 0.09747500717639923, -0.9894945621490479, -0.1067672073841095, 0.9938474297523499, 0.09110793471336365, 0.06297864019870758),
            ["UpperTorso"] = CFrame.new(-1.4062970876693726e-07, -5.960464477539063e-08, 0.0000014603137969970703, 0.996881365776062, 0.013307172805070877, -0.07778507471084595, 0.00386731862090528, 0.976257860660553, 0.21657942235469818, 0.07882045209407806, -0.21620281040668488, 0.9731613397598267),
            ["LeftHandBurger"] = CFrame.new(-0.15211500227451324, -0.2821478843688965, 0.03333094343543053, 0.2218456268310547, 0.1507415622472763, -0.9633594751358032, -0.1027892678976059, -0.9788579940795898, -0.17683741450309753, -0.9696488976478577, 0.1382535845041275, -0.20166070759296417),
            ["LeftUpperArm"] = CFrame.new(0.0000020563602447509766, -0.0000014603137969970703, -0.0000019073486328125, 0.844019889831543, 0.4151289165019989, -0.33954358100891113, -0.358989417552948, 0.9076766967773438, 0.21736431121826172, 0.3984432816505432, -0.061572376638650894, 0.9151300191879272),
            ["RightLowerArm"] = CFrame.new(2.4586915969848633e-07, -0.000001996755599975586, 0.0000033229589462280273, 1, 7.79981519372086e-07, 5.606505624200508e-07, -0.000003721565462910803, 0.8654626607894897, -0.5009828209877014, 0.0000039190058487292845, 0.5009734034538269, 0.8654572367668152),
            ["LeftHand"] = CFrame.new(-7.757917046546936e-07, 1.2665987014770508e-07, -2.2258609533309937e-07, 0.998586893081665, 0.021113459020853043, 0.04878716915845871, -0.01843659020960331, 0.9983404278755188, -0.05455349385738373, -0.04984353110194206, 0.053580060601234436, 0.9973182678222656),
            ["RightFoot"] = CFrame.new(6.258487701416016e-07, -0.0000012703239917755127, 7.450580596923828e-08, 0.9552052021026611, 0.2662893831729889, -0.12913745641708374, -0.2956632673740387, 0.8776699304580688, -0.37718573212623596, 0.01289261132478714, 0.3984788954257965, 0.9170902371406555),
            ["RightUpperArm"] = CFrame.new(0.0000019073486328125, 4.76837158203125e-07, 0.000007875263690948486, 0.9755489826202393, -0.219758540391922, -0.003444413421675563, 0.21337272226810455, 0.9432134032249451, 0.2545835077762604, -0.052690114825963974, -0.24910777807235718, 0.9670447111129761),
            ["Head"] = CFrame.new(1.7415732145309448e-07, -5.364418029785156e-07, -0.000002305954694747925, 0.9897825121879578, -0.02638561837375164, 0.14012625813484192, 0.035588521510362625, 0.9973422884941101, -0.06358013302087784, -0.13807305693626404, 0.06791277229785919, 0.9880902171134949),
            ["RightUpperLeg"] = CFrame.new(2.60770320892334e-08, 0.0000011324882507324219, 0.000002164393663406372, 0.9185576438903809, -0.21888203918933868, -0.32914698123931885, 0.2782866060733795, 0.9494529366493225, 0.1452350914478302, 0.2807285785675049, -0.22501049935817719, 0.9330430030822754),
            ["RightHandComics"] = CFrame.new(0.11127442121505737, -0.4950418472290039, 0.19478538632392883, 0.21191325783729553, -0.504378616809845, 0.8370723128318787, 0.29549139738082886, -0.7833686470985413, -0.5468290448188782, 0.9315459132194519, 0.3632296919822693, -0.016970830038189888),
        }},
        {Time = 0.167, Data = {
            ["LeftLowerArm"] = CFrame.new(-0.0000020265579223632812, -8.046627044677734e-07, 0.0000026971101760864258, 1, 0.000007182399713201448, 0.000007662792086193804, -0.000003919005393981934, 0.8442881107330322, -0.5358943939208984, 0.0000017434358596801758, 0.5358895659446716, 0.8442850708961487),
            ["LeftFoot"] = CFrame.new(4.0978193283081055e-08, -0.0000011362135410308838, -6.705522537231445e-08, 0.9736844301223755, -0.2230343371629715, 0.04685348644852638, 0.22738224267959595, 0.9645754098892212, -0.13374553620815277, -0.015361277386546135, 0.14088967442512512, 0.9899075031280518),
            ["RightHand"] = CFrame.new(3.67872416973114e-08, -8.940696716308594e-08, -3.627501428127289e-07, 0.9852989912033081, -0.1702156960964203, -0.014570765197277069, 0.16753482818603516, 0.979418933391571, -0.1125619187951088, 0.033437520265579224, 0.10846780985593796, 0.9935378432273865),
            ["HumanoidRootPart"] = CFrame.new(0, 0, 0, 1, 0, 0, 0, 1, 0, 0, 0, 1),
            ["RightHandBottle"] = CFrame.new(0.17119784653186798, -0.2458542436361313, 0.10735032707452774, -0.24786102771759033, 0.3125064969062805, -0.9170060157775879, -0.9631379842758179, -0.18163439631462097, 0.1984318196773529, -0.10454782843589783, 0.9323886632919312, 0.34601283073425293),
            ["RightLowerLeg"] = CFrame.new(2.60770320892334e-07, 6.258487701416016e-07, 0.0000017583370208740234, 1, 4.097799433111504e-08, -9.685798829650594e-08, -8.940698847936801e-08, 0.9246394038200378, 0.3808397948741913, 8.288773045705966e-08, -0.380843847990036, 0.9246410727500916),
            ["LeftUpperLeg"] = CFrame.new(-3.241002559661865e-07, 0.0000011026859283447266, -0.0000028908252716064453, 0.959141194820404, 0.2790274918079376, 0.04682307317852974, -0.23183536529541016, 0.8699542284011841, -0.43523138761520386, -0.16217447817325592, 0.4065997898578644, 0.8991002440452576),
            ["LeftLowerLeg"] = CFrame.new(4.470348358154297e-08, 0.0000011920928955078125, 0.0000016689300537109375, 1, -3.5390108621413674e-08, 7.636891297124748e-08, -1.0430816388407038e-07, 0.808397650718689, 0.5886326432228088, -1.1175875158642157e-07, -0.5886368155479431, 0.8084006905555725),
            ["LowerTorso"] = CFrame.new(0.01313046831637621, -0.16671812534332275, 0.0377628318965435, 0.9499223232269287, -0.012109114788472652, -0.312251478433609, 0.000877083046361804, 0.9993482828140259, -0.036086391657590866, 0.3124849796295166, 0.03400551900267601, 0.9493138790130615),
            ["RightHandBurger"] = CFrame.new(0.19728411734104156, -0.2972635328769684, 0.019950605928897858, -0.052593644708395004, -0.11224909871816635, 0.9922875761985779, 0.09747502207756042, -0.9894945621490479, -0.10676725953817368, 0.9938473701477051, 0.09110791981220245, 0.06297863274812698),
            ["UpperTorso"] = CFrame.new(-9.313225746154785e-08, 5.960464477539063e-08, 0.0000012665987014770508, 0.9975746870040894, 0.00676036486402154, -0.06927552074193954, 0.008427808061242104, 0.9762179851531982, 0.2166289985179901, 0.06909245997667313, -0.2166856974363327, 0.9737929701805115),
            ["LeftHandBurger"] = CFrame.new(-0.15211501717567444, -0.28214794397354126, 0.03333091735839844, 0.22184576094150543, 0.15074151754379272, -0.9633594751358032, -0.10278929769992828, -0.9788580536842346, -0.17683742940425873, -0.9696488976478577, 0.13825364410877228, -0.20166079699993134),
            ["LeftUpperArm"] = CFrame.new(0.0000020563602447509766, -1.7881393432617188e-07, -0.0000025480985641479492, 0.8642592430114746, 0.4005800187587738, -0.30427491664886475, -0.356004923582077, 0.9144139885902405, 0.1926276683807373, 0.35541030764579773, -0.05816094949841499, 0.9329047799110413),
            ["RightLowerArm"] = CFrame.new(7.450580596923828e-08, -0.000002115964889526367, 0.0000029802322387695312, 1, 9.236379696631047e-07, 0.0000012032567155983998, -0.0000035725533962249756, 0.8701647520065308, -0.49276989698410034, 0.000003419816493988037, 0.49276089668273926, 0.8701596856117249),
            ["LeftHand"] = CFrame.new(-9.629875421524048e-07, -5.21540641784668e-07, -1.7276033759117126e-07, 0.9985819458961487, 0.021125592291355133, 0.04888312518596649, -0.018072152510285378, 0.9979149103164673, -0.06195764243602753, -0.05007600039243698, 0.06098939850926399, 0.9968810081481934),
            ["RightFoot"] = CFrame.new(5.550682544708252e-07, -0.0000013634562492370605, 5.960464477539063e-08, 0.9586430191993713, 0.2521856725215912, -0.1319449543952942, -0.28446364402770996, 0.8639113306999207, -0.4156034290790558, 0.009172839112579823, 0.4359581768512726, 0.899924635887146),
            ["RightUpperArm"] = CFrame.new(0.000002562999725341797, 0.0000011920928955078125, 0.000008024275302886963, 0.9731132984161377, -0.22989575564861298, 0.0141709940508008, 0.21949563920497894, 0.9442262649536133, 0.24546074867248535, -0.06980159133672714, -0.23576435446739197, 0.9693029522895813),
            ["Head"] = CFrame.new(6.05359673500061e-08, 2.086162567138672e-07, -0.000002074986696243286, 0.9954742193222046, -0.026902349665760994, 0.0911497175693512, 0.03389877453446388, 0.9965239763259888, -0.07610251009464264, -0.08878093212842941, 0.0788438692688942, 0.9929250478744507),
            ["RightUpperLeg"] = CFrame.new(8.940696716308594e-08, 2.384185791015625e-07, 0.0000018253922462463379, 0.9321221113204956, -0.22874639928340912, -0.2807489037513733, 0.26376745104789734, 0.9600404500961304, 0.09352824091911316, 0.2481435388326645, -0.16123756766319275, 0.9552133679389954),
            ["RightHandComics"] = CFrame.new(0.1112746149301529, -0.4950418472290039, 0.19478511810302734, 0.2119133025407791, -0.5043786764144897, 0.8370723724365234, 0.29549142718315125, -0.783368706703186, -0.5468289852142334, 0.9315458536148071, 0.3632296323776245, -0.016970807686448097),
        }},
        {Time = 0.200, Data = {
            ["LeftLowerArm"] = CFrame.new(-0.0000015087425708770752, -9.238719940185547e-07, 0.000002682209014892578, 1, 0.000007828741217963398, 0.000008590372999606188, -0.0000042244796532031614, 0.8467022776603699, -0.532071590423584, 5.736947628065536e-07, 0.532067060470581, 0.8466993570327759),
            ["LeftFoot"] = CFrame.new(-8.940696716308594e-08, -0.0000011473894119262695, 1.564621925354004e-07, 0.9699029922485352, -0.23948420584201813, 0.04400676116347313, 0.2433944046497345, 0.9586620926856995, -0.1473834067583084, -0.006888167001307011, 0.15366911888122559, 0.9880999326705933),
            ["RightHand"] = CFrame.new(8.614733815193176e-08, -7.003545761108398e-07, -2.360902726650238e-07, 0.9857833981513977, -0.16691727936267853, -0.019219620153307915, 0.16426387429237366, 0.9814726114273071, -0.09863417595624924, 0.035334210842847824, 0.09407596290111542, 0.9949381351470947),
            ["HumanoidRootPart"] = CFrame.new(0, 0, 0, 1, 0, 0, 0, 1, 0, 0, 0, 1),
            ["RightHandBottle"] = CFrame.new(0.17119784653186798, -0.24585454165935516, 0.10735046863555908, -0.24786105751991272, 0.31250646710395813, -0.9170060157775879, -0.9631379842758179, -0.18163441121578217, 0.19843167066574097, -0.10454784333705902, 0.9323886632919312, 0.34601283073425293),
            ["RightLowerLeg"] = CFrame.new(-4.023313522338867e-07, 0.0000011622905731201172, 0.000002130866050720215, 1, 3.7252707585366807e-08, -7.450609906811678e-09, 1.4901157641133977e-08, 0.8844505548477173, 0.4666290283203125, 9.580978854728528e-08, -0.4666339159011841, 0.8844531178474426),
            ["LeftUpperLeg"] = CFrame.new(-4.991888999938965e-07, 0.0000013113021850585938, -0.0000032335519790649414, 0.9456843733787537, 0.312793493270874, 0.0885564386844635, -0.24772541224956512, 0.8697782158851624, -0.42674559354782104, -0.21050718426704407, 0.38163623213768005, 0.9000256061553955),
            ["LeftLowerLeg"] = CFrame.new(3.725290298461914e-08, 0.000001519918441772461, 0.0000019371509552001953, 1, 6.51922604788524e-09, 3.7253130358294584e-08, -8.940695295223122e-08, 0.8054860830307007, 0.5926104187965393, -8.940695295223122e-08, -0.5926147699356079, 0.8054893016815186),
            ["LowerTorso"] = CFrame.new(0.03568633273243904, -0.17261263728141785, 0.044558316469192505, 0.9335563778877258, -0.011297032237052917, -0.3582524359226227, -0.0012342770351096988, 0.999396026134491, -0.03473087400197983, 0.358428418636322, 0.03286558389663696, 0.9329785108566284),
            ["RightHandBurger"] = CFrame.new(0.19728408753871918, -0.29726383090019226, 0.01995067670941353, -0.05259370058774948, -0.11224906146526337, 0.9922875761985779, 0.09747496247291565, -0.9894946217536926, -0.10676711797714233, 0.9938474297523499, 0.09110790491104126, 0.062978595495224),
            ["UpperTorso"] = CFrame.new(-7.497146725654602e-08, 5.364418029785156e-07, 0.0000015944242477416992, 0.998439610004425, -0.0026020382065325975, -0.05578267201781273, 0.01464482769370079, 0.9761528372764587, 0.21659228205680847, 0.05388881266117096, -0.21706898510456085, 0.9746672511100769),
            ["LeftHandBurger"] = CFrame.new(-0.152115136384964, -0.2821480333805084, 0.033330801874399185, 0.22184571623802185, 0.1507415473461151, -0.963359534740448, -0.1027892678976059, -0.9788580536842346, -0.17683736979961395, -0.9696488380432129, 0.13825364410877228, -0.20166078209877014),
            ["LeftUpperArm"] = CFrame.new(0.0000019073486328125, -6.258487701416016e-07, -0.000002376735210418701, 0.8879199028015137, 0.38192206621170044, -0.25637105107307434, -0.3498454988002777, 0.9225696921348572, 0.1627003699541092, 0.29867449402809143, -0.05477972328662872, 0.9527866840362549),
            ["RightLowerArm"] = CFrame.new(1.1548399925231934e-07, -0.0000018775463104248047, 0.0000034570693969726562, 1, 7.203187806226197e-07, 4.0325872419089137e-07, -0.0000039637093323108274, 0.8795266151428223, -0.4758598506450653, 0.000004231930233800085, 0.47584983706474304, 0.8795211911201477),
            ["LeftHand"] = CFrame.new(-8.381903171539307e-07, 8.195638656616211e-08, -2.3515895009040833e-07, 0.99857497215271, 0.021148979663848877, 0.04901459813117981, -0.017860060557723045, 0.9976283311843872, -0.06646957993507385, -0.050290171056985855, 0.06550256162881851, 0.996583878993988),
            ["RightFoot"] = CFrame.new(6.109476089477539e-07, -0.0000015273690223693848, -1.1920928955078125e-07, 0.9622620940208435, 0.2361147403717041, -0.13529545068740845, -0.27198508381843567, 0.8504019379615784, -0.450364887714386, 0.008710499852895737, 0.4701771140098572, 0.8825342655181885),
            ["RightUpperArm"] = CFrame.new(0.000002562999725341797, 7.748603820800781e-07, 0.000008240342140197754, 0.9690012335777283, -0.24411702156066895, 0.03803132846951485, 0.22893978655338287, 0.9450913071632385, 0.2331983745098114, -0.09286145865917206, -0.21727728843688965, 0.9716851711273193),
