return {
    ["Quick Step"] = {
        {Time = 0.000, Data = {
            ["RightFoot"] = CFrame.new(-1.935986801981926e-07, 4.172325134277344e-07, 5.3849362302571535e-08, 0.9639030694961548, 0.04733514413237572, -0.2620123624801636, -0.031717732548713684, 0.9974764585494995, 0.06351948529481888, 0.2643577456474304, -0.05291612073779106, 0.9629719853401184),
            ["LeftLowerArm"] = CFrame.new(9.238719940185547e-07, 0.000002384185791015625, 2.682209014892578e-07, 1, -3.799794683345681e-07, -1.4156094607642444e-07, 3.1292447033592907e-07, 0.9553618431091309, -0.29543837904930115, 2.3841863594498136e-07, 0.29543840885162354, 0.9553617835044861),
            ["RightUpperArm"] = CFrame.new(5.960464477539062e-07, -7.152557373046875e-07, 5.885958671569824e-07, 0.9959074854850769, -0.0014497725060209632, -0.09036674350500107, -0.030400974676012993, 0.9362328052520752, -0.35006293654441833, 0.08511172980070114, 0.3513775169849396, 0.9323571920394897),
            ["Head"] = CFrame.new(-3.4831464290618896e-07, -8.344650268554688e-07, 1.4528632164001465e-07, 0.9428057670593262, 0.21197935938835144, 0.25725874304771423, -0.27101990580558777, 0.9367806911468506, 0.2213374227285385, -0.19407610595226288, -0.2784004211425781, 0.9406528472900391),
            ["RightHand"] = CFrame.new(0.0000016111880540847778, 0.0000017285346984863281, 4.172325134277344e-07, 0.6537885069847107, -0.5002313256263733, -0.5677404999732971, 0.4908333718776703, 0.8513997197151184, -0.18493595719337463, 0.5758848190307617, -0.15775692462921143, 0.8021655082702637),
            ["UpperTorso"] = CFrame.new(1.4994293451309204e-07, -2.980232238769531e-07, 2.8638169169425964e-08, 0.9644663333892822, 0.11687257140874863, -0.23695088922977448, -0.1213594302535057, 0.9925990104675293, -0.004386995453387499, 0.2346845120191574, 0.032987330108881, 0.9715118408203125),
            ["HumanoidRootPart"] = CFrame.new(0, 0, 0, 1, 0, 0, 0, 1, 0, 0, 0, 1),
            ["RightUpperLeg"] = CFrame.new(0, 1.862645149230957e-09, 8.026108844205737e-08, 0.9724955558776855, 0.18421146273612976, 0.14254330098628998, -0.02730157971382141, 0.6979127526283264, -0.7156621813774109, -0.23131591081619263, 0.6920867562294006, 0.6837463974952698),
            ["LeftUpperArm"] = CFrame.new(4.76837158203125e-07, 0.0000013113021850585938, 0, 0.13456711173057556, 0.3610418438911438, -0.922789454460144, 0.22412081062793732, 0.8960375785827637, 0.3832578659057617, 0.9652261734008789, -0.25839024782180786, 0.03966020047664642),
            ["RightLowerArm"] = CFrame.new(-0.0000028014183044433594, 0.0000011920928955078125, -3.8743019104003906e-07, 1, 2.4680035792812305e-08, 1.960433735348488e-07, 1.62515789270401e-07, -0.44189560413360596, -0.8970664739608765, 3.166496753692627e-08, 0.8970664739608765, -0.44189563393592834),
            ["LeftHand"] = CFrame.new(-0.000001430511474609375, -4.76837158203125e-07, -4.3213367462158203e-07, 0.8534612059593201, 0.03581371158361435, -0.5199243426322937, 0.0561651736497879, 0.9855049848556519, 0.16007980704307556, 0.518121063709259, -0.1658235341310501, 0.8390787839889526),
            ["LeftFoot"] = CFrame.new(-1.4901161193847656e-08, -2.980232238769531e-07, -7.450580596923828e-08, 0.9122837781906128, 0.18406105041503906, 0.36586886644363403, -0.050244756042957306, 0.9368740916252136, -0.3460381031036377, -0.40646493434906006, 0.2973021864891052, 0.8639430999755859),
            ["LowerTorso"] = CFrame.new(-0.00044493377208709717, -0.20393359661102295, -0.0029311715625226498, 0.9832109808921814, -0.03520654886960983, -0.17904427647590637, 0.07528595626354218, 0.9720708727836609, 0.22228428721427917, 0.1662178486585617, -0.23203182220458984, 0.9584012031555176),
            ["RightLowerLeg"] = CFrame.new(1.0477378964424133e-07, -0.0000040531158447265625, -0.000013401899195741862, 1, -5.634500439555268e-07, -3.431340758197621e-07, 6.714833489240846e-07, 0.7682213187217712, 0.6401842832565308, -8.63801403738762e-08, -0.6401844620704651, 0.768221378326416),
            ["LeftUpperLeg"] = CFrame.new(2.9802322387695312e-08, -1.7695128917694092e-07, 4.470348358154297e-08, 0.9860817790031433, -0.09257624298334122, -0.1381029486656189, 0.06368113309144974, 0.9775955080986023, -0.20062822103500366, 0.15358224511146545, 0.18904125690460205, 0.9698845148086548),
            ["LeftLowerLeg"] = CFrame.new(-3.4458935260772705e-08, 0.000004351139068603516, 0.000013259239494800568, 1, -2.9802322387695312e-08, -7.4505797087454084e-09, 4.4703490686970326e-08, 0.683190643787384, 0.7302399277687073, -4.889444227273998e-08, -0.7302401065826416, 0.6831908226013184),
        }},
        {Time = 0.033, Data = {
            ["RightFoot"] = CFrame.new(-1.5273690223693848e-07, 2.980232238769531e-07, 3.5222910810261965e-08, 0.9792114496231079, -0.04620048776268959, -0.19751033186912537, -0.014091909863054752, 0.955868661403656, -0.2934557795524597, 0.20235179364681244, 0.2901388704776764, 0.9353466629981995),
            ["LeftLowerArm"] = CFrame.new(9.238719940185547e-07, 0.0000013709068298339844, 2.9802322387695312e-08, 1, -3.613529884205491e-07, -8.568162712663252e-08, 2.831220911048149e-07, 0.9411830902099609, -0.3378968834877014, 2.2351744632942427e-07, 0.33789685368537903, 0.9411832094192505),
            ["RightUpperArm"] = CFrame.new(1.1920928955078125e-07, -3.5762786865234375e-07, 4.842877388000488e-07, 0.9935391545295715, -0.04106565937399864, -0.10579952597618103, -0.01371037494391203, 0.8819786310195923, -0.4710901379585266, 0.11265839636325836, 0.46949705481529236, 0.8757172226905823),
            ["Head"] = CFrame.new(-3.0919909477233887e-07, -5.960464477539062e-07, 1.6763806343078613e-07, 0.9425365924835205, 0.22557803988456726, 0.24645356833934784, -0.24940398335456848, 0.9658844470977783, 0.06974971294403076, -0.22231170535087585, -0.1272081583738327, 0.9666414260864258),
            ["RightHand"] = CFrame.new(0.0000016167759895324707, 0.0000016689300537109375, 1.1175870895385742e-07, 0.5326319932937622, -0.5925308465957642, -0.6043264269828796, 0.5987254977226257, 0.7684736847877502, -0.22577856481075287, 0.5981897115707397, -0.2415686547756195, 0.7640770077705383),
            ["UpperTorso"] = CFrame.new(1.1362135410308838e-07, -8.046627044677734e-07, -5.587935447692871e-09, 0.9646291732788086, 0.09100837260484695, -0.24740295112133026, -0.09606095403432846, 0.9953400492668152, -0.008402946405112743, 0.2454853355884552, 0.031871497631073, 0.9688762426376343),
            ["HumanoidRootPart"] = CFrame.new(0, 0, 0, 1, 0, 0, 0, 1, 0, 0, 0, 1),
            ["RightUpperLeg"] = CFrame.new(0, -3.899913281202316e-08, -9.145878721028566e-09, 0.9863285422325134, 0.15499639511108398, 0.055965542793273926, -0.050633374601602554, 0.6082326769828796, -0.7921423316001892, -0.15681925415992737, 0.778478741645813, 0.6077651381492615),
            ["LeftUpperArm"] = CFrame.new(5.960464477539062e-07, 0.0000016689300537109375, 5.960464477539063e-08, 0.20910803973674774, 0.3383382558822632, -0.9174970984458923, 0.29664528369903564, 0.8720811009407043, 0.38919946551322937, 0.9318129420280457, -0.35355594754219055, 0.08199260383844376),
            ["RightLowerArm"] = CFrame.new(-0.000002652406692504883, 0.0000016093254089355469, -4.023313522338867e-07, 1, 1.1175863789958385e-08, 1.8347050456668512e-07, 1.5273685960437433e-07, -0.5709760189056396, -0.8209667205810547, 7.264314660915261e-08, 0.8209667205810547, -0.5709760189056396),
            ["LeftHand"] = CFrame.new(-0.0000014007091522216797, -7.748603820800781e-07, -3.129243850708008e-07, 0.891222357749939, 0.0715179368853569, -0.4478926956653595, -0.018480554223060608, 0.9923962950706482, 0.12168926000595093, 0.4531899690628052, -0.10017483681440353, 0.88576740026474),
            ["LeftFoot"] = CFrame.new(-7.450580596923828e-09, -3.5762786865234375e-07, -2.9802322387695312e-08, 0.9290273785591125, 0.2163311094045639, 0.3001818060874939, -0.05010950565338135, 0.8773629665374756, -0.47720351815223694, -0.36660248041152954, 0.4282931983470917, 0.8259345293045044),
            ["LowerTorso"] = CFrame.new(-0.012609638273715973, -0.27381229400634766, -0.005840294994413853, 0.9750653505325317, 0.00397080834954977, -0.22188247740268707, 0.04863002523779869, 0.9717150926589966, 0.23109515011310577, 0.21652410924434662, -0.2361229807138443, 0.947292685508728),
            ["RightLowerLeg"] = CFrame.new(7.450580596923828e-09, -0.0000036954879760742188, -0.000013055447197984904, 1, -6.034970283508301e-07, -4.5727949782303767e-07, 7.078053272380203e-07, 0.5889325737953186, 0.8081817626953125, -1.9185249300335272e-07, -0.8081821799278259, 0.5889331102371216),
            ["LeftUpperLeg"] = CFrame.new(-5.960464477539063e-08, -2.561137080192566e-09, 5.21540641784668e-08, 0.9909390211105347, -0.11540143191814423, -0.0687195360660553, 0.10195991396903992, 0.9793792963027954, -0.17441439628601074, 0.08743014186620712, 0.1658274531364441, 0.9822714924812317),
            ["LeftLowerLeg"] = CFrame.new(2.60770320892334e-08, 0.000004172325134277344, 0.000013221055269241333, 1, 2.2351741790771484e-08, 1.4901164746561335e-08, -2.980232594040899e-08, 0.6889893412590027, 0.7247713208198547, -2.7939681679356454e-09, -0.7247715592384338, 0.6889895796775818),
        }},
        {Time = 0.067, Data = {
            ["RightFoot"] = CFrame.new(-2.039596438407898e-07, 5.364418029785156e-07, 6.875052349641919e-08, 0.9741166830062866, -0.08760157227516174, -0.20838116109371185, 0.02863563410937786, 0.9622493982315063, -0.2706584632396698, 0.22422488033771515, 0.2576860189437866, 0.9398517608642578),
            ["LeftLowerArm"] = CFrame.new(0.000001043081283569336, 0.0000016689300537109375, 3.8743019104003906e-07, 1, -3.539024646670441e-07, -1.0430806440808738e-07, 2.9057270012344816e-07, 0.9260410070419312, -0.3774230182170868, 1.7881397695873602e-07, 0.3774229884147644, 0.9260410070419312),
            ["RightUpperArm"] = CFrame.new(4.76837158203125e-07, -1.1920928955078125e-07, 3.501772880554199e-07, 0.9975066781044006, -0.05520804598927498, -0.043959829956293106, 0.01990574598312378, 0.8177202343940735, -0.5752718448638916, 0.0677063912153244, 0.5729623436927795, 0.816780149936676),
            ["Head"] = CFrame.new(-3.241002559661865e-07, -8.344650268554688e-07, -7.450580596923828e-09, 0.9482235908508301, 0.24739833176136017, 0.19916392862796783, -0.24936258792877197, 0.968285083770752, -0.01556859165430069, -0.1966991424560547, -0.034901510924100876, 0.9798425436019897),
            ["RightHand"] = CFrame.new(0.0000014081597328186035, 0.0000019669532775878906, 1.341104507446289e-07, 0.6574368476867676, -0.5744631290435791, -0.48761558532714844, 0.5769330263137817, 0.8000236749649048, -0.16465254127979279, 0.4846908450126648, -0.17307288944721222, 0.8573918342590332),
            ["UpperTorso"] = CFrame.new(1.0989606380462646e-07, -2.9802322387695312e-08, 2.0023435354232788e-08, 0.9713259935379028, 0.08924931287765503, -0.2203645557165146, -0.08808746933937073, 0.9959980845451355, 0.015113761648535728, 0.22083164751529694, 0.0047309305518865585, 0.9753004908561707),
            ["HumanoidRootPart"] = CFrame.new(0, 0, 0, 1, 0, 0, 0, 1, 0, 0, 0, 1),
            ["RightUpperLeg"] = CFrame.new(0, 2.7939677238464355e-08, -9.145878721028566e-09, 0.9845758080482483, 0.16245456039905548, 0.06495451927185059, -0.043839480727910995, 0.5884860754013062, -0.807317852973938, -0.1693774163722992, 0.7920180559158325, 0.5865312218666077),
            ["LeftUpperArm"] = CFrame.new(4.76837158203125e-07, 0.000001430511474609375, -8.940696716308594e-08, 0.19501420855522156, 0.35687604546546936, -0.9135693907737732, 0.2935947775840759, 0.8675011396408081, 0.4015519320964813, 0.9358267188072205, -0.3465275466442108, 0.06439800560474396),
            ["RightLowerArm"] = CFrame.new(-0.0000022351741790771484, 4.76837158203125e-07, -8.940696716308594e-07, 1, 1.1175872671742582e-08, 2.253801483220741e-07, 1.4528635006172408e-07, -0.6230301856994629, -0.7821979522705078, 1.3038519597330378e-08, 0.782197892665863, -0.6230301856994629),
            ["LeftHand"] = CFrame.new(-0.0000014603137969970703, -8.344650268554688e-07, -5.21540641784668e-07, 0.88985276222229, 0.08537650853395462, -0.4481886625289917, -0.035278450697660446, 0.9922701120376587, 0.1189766451716423, 0.45488202571868896, -0.0900602638721466, 0.8859862685203552),
            ["LeftFoot"] = CFrame.new(-2.9802322387695312e-08, -2.980232238769531e-07, 1.4901161193847656e-08, 0.9302143454551697, 0.1841488629579544, 0.31747516989707947, -0.039129894226789474, 0.909846305847168, -0.4130963683128357, -0.3649248480796814, 0.3718453645706177, 0.8535578846931458),
            ["LowerTorso"] = CFrame.new(-0.021686557680368423, -0.26119816303253174, 0.012390312738716602, 0.9721946716308594, 0.013909704051911831, -0.23376110196113586, 0.04442950338125229, 0.9691467881202698, 0.24244704842567444, 0.22992117702960968, -0.2460915446281433, 0.9415813088417053),
            ["RightLowerLeg"] = CFrame.new(1.1175870895385742e-08, -0.000003993511199951172, -0.00001295113906962797, 1, -6.463378667831421e-07, -4.861505544795364e-07, 7.264314945132355e-07, 0.5938448905944824, 0.8045794367790222, -1.9744035739677201e-07, -0.8045796155929565, 0.5938452482223511),
            ["LeftUpperLeg"] = CFrame.new(0, -3.67872416973114e-08, -7.450580596923828e-09, 0.9869150519371033, -0.13163699209690094, -0.09311486780643463, 0.11045221239328384, 0.9726443886756897, -0.20436066389083862, 0.11746914684772491, 0.1914019137620926, 0.9744570255279541),
            ["LeftLowerLeg"] = CFrame.new(-4.842877388000488e-08, 0.000004410743713378906, 0.00001329369843006134, 1, -1.043081283569336e-07, 4.4703490686970326e-08, 3.166496753692627e-08, 0.697028636932373, 0.7170432806015015, 2.8870999813079834e-08, -0.7170433402061462, 0.6970285773277283),
        }},
        {Time = 0.100, Data = {
            ["RightFoot"] = CFrame.new(-1.6205012798309326e-07, 4.172325134277344e-07, 5.012407200410962e-08, 0.9695647358894348, -0.0226217582821846, -0.24378803372383118, 0.02935210056602955, 0.9992807507514954, 0.024010013788938522, 0.24306939542293549, -0.03043513558804989, 0.9695312976837158),
            ["LeftLowerArm"] = CFrame.new(6.556510925292969e-07, 0.0000016093254089355469, 1.4901161193847656e-07, 1, -3.576278118089249e-07, -9.126954836347068e-08, 3.5762795391747204e-07, 0.9107112288475037, -0.4130436182022095, 1.9371513815258368e-07, 0.41304364800453186, 0.9107112884521484),
            ["RightUpperArm"] = CFrame.new(4.76837158203125e-07, -5.960464477539062e-07, 5.988404154777527e-07, 0.9965522885322571, -0.032116297632455826, 0.07649844884872437, 0.07308738678693771, 0.7761933207511902, -0.6262446641921997, -0.03926499933004379, 0.6296765804290771, 0.7758645415306091),
            ["Head"] = CFrame.new(-3.632158041000366e-07, -0.000001430511474609375, 5.587935447692871e-08, 0.9516155123710632, 0.26305699348449707, 0.15883691608905792, -0.2756894528865814, 0.9591686129570007, 0.06317374110221863, -0.13573309779167175, -0.10390672832727432, 0.9852816462516785),
            ["RightHand"] = CFrame.new(0.0000015944242477416992, 0.000001430511474609375, 1.4901161193847656e-07, 0.7799901962280273, -0.5048459768295288, -0.36979153752326965, 0.5211721658706665, 0.8511449694633484, -0.06270556151866913, 0.34640276432037354, -0.14381533861160278, 0.9269964098930359),
            ["UpperTorso"] = CFrame.new(1.3131648302078247e-07, -2.384185791015625e-07, -1.0989606380462646e-07, 0.979412853717804, 0.07350660115480423, -0.18800875544548035, -0.06210489198565483, 0.9958956241607666, 0.06584028899669647, 0.19207686185836792, -0.05280850827693939, 0.9799580574035645),
            ["HumanoidRootPart"] = CFrame.new(0, 0, 0, 1, 0, 0, 0, 1, 0, 0, 0, 1),
            ["RightUpperLeg"] = CFrame.new(0, 2.514570951461792e-08, 3.55576048605144e-08, 0.9844712018966675, 0.1323850452899933, 0.11528561264276505, -0.0016804829938337207, 0.6638011336326599, -0.7479071617126465, -0.17553846538066864, 0.7360994815826416, 0.6537156105041504),
            ["LeftUpperArm"] = CFrame.new(3.5762786865234375e-07, 0.0000015497207641601562, 8.940696716308594e-08, 0.1555129885673523, 0.3953534960746765, -0.905268669128418, 0.2232634276151657, 0.8786380290985107, 0.4220767915248871, 0.9622729420661926, -0.2677517235279083, 0.04837161302566528),
            ["RightLowerArm"] = CFrame.new(-0.0000025331974029541016, 0.0000013709068298339844, -4.3958425521850586e-07, 1, 5.2154039309471045e-08, 1.6018744020129816e-07, 1.601874828338623e-07, -0.5864464640617371, -0.8099880218505859, 8.195638656616211e-08, 0.8099880814552307, -0.5864465832710266),
            ["LeftHand"] = CFrame.new(-0.000001430511474609375, -4.172325134277344e-07, -2.7567148208618164e-07, 0.8614425659179688, 0.12272439897060394, -0.4928036332130432, -0.066804900765419, 0.9893141984939575, 0.1295941323041916, 0.5034419894218445, -0.0787162333726883, 0.8604359030723572),
            ["LeftFoot"] = CFrame.new(-3.725290298461914e-09, -4.172325134277344e-07, 0, 0.9548142552375793, 0.07378584891557693, 0.2878987491130829, -0.03559703007340431, 0.990110456943512, -0.1356991082429886, -0.2950640320777893, 0.11931883543729782, 0.9479979872703552),
            ["LowerTorso"] = CFrame.new(-0.035105958580970764, -0.18559551239013672, 0.034005481749773026, 0.9768090844154358, 0.027403341606259346, -0.21235178411006927, 0.023334646597504616, 0.9722437858581543, 0.23280350863933563, 0.2128373086452484, -0.23235969245433807, 0.9490570425987244),
            ["RightLowerLeg"] = CFrame.new(-1.4901161193847656e-08, -0.000003337860107421875, -0.000013413075066637248, 1, -5.774199394181778e-07, -4.014000865026901e-07, 6.910413503646851e-07, 0.7409623265266418, 0.6715466976165771, -1.7881393432617188e-07, -0.6715467572212219, 0.7409623265266418),
            ["LeftUpperLeg"] = CFrame.new(1.4901161193847656e-07, -8.102506399154663e-08, 1.4901161193847656e-08, 0.9897747039794922, -0.12234972417354584, -0.07332552969455719, 0.10356169193983078, 0.9698899388313293, -0.2204279899597168, 0.09808699786663055, 0.21058045327663422, 0.972643256187439),
            ["LeftLowerLeg"] = CFrame.new(1.5925616025924683e-07, 0.000004410743713378906, 0.000013248063623905182, 1, 2.2351736461700966e-08, 4.4703469370688254e-08, -3.5390254282674505e-08, 0.7423381805419922, 0.6700254082679749, 2.8405334973058416e-08, -0.6700254678726196, 0.7423381805419922),
        }},
        {Time = 0.133, Data = {
            ["RightFoot"] = CFrame.new(-1.5133991837501526e-07, 4.76837158203125e-07, 4.267349140718579e-08, 0.938485860824585, 0.11121969670057297, -0.3269166648387909, -0.038858506828546524, 0.9747136235237122, 0.22005344927310944, 0.3431243896484375, -0.19381359219551086, 0.919076681137085),
            ["LeftLowerArm"] = CFrame.new(0.0000011026859283447266, 0.0000020265579223632812, 3.5762786865234375e-07, 1, -3.7625423487952503e-07, -8.568160581035045e-08, 3.427267358802055e-07, 0.8755391836166382, -0.4831470847129822, 2.0861628513557662e-07, 0.48314714431762695, 0.8755393028259277),
            ["RightUpperArm"] = CFrame.new(4.76837158203125e-07, -7.152557373046875e-07, 4.6193599700927734e-07, 0.982037365436554, -0.060513898730278015, 0.17871995270252228, 0.16101886332035065, 0.7625437378883362, -0.6265780925750732, -0.09836501628160477, 0.6441003680229187, 0.7585901618003845),
            ["Head"] = CFrame.new(-2.980232238769531e-07, -0.000001430511474609375, 1.30385160446167e-07, 0.952497661113739, 0.28325584530830383, 0.11186754703521729, -0.30163538455963135, 0.9281063079833984, 0.2182537466287613, -0.042003314942121506, -0.2416294664144516, 0.9694591760635376),
            ["RightHand"] = CFrame.new(0.000001564621925354004, 0.0000018477439880371094, 3.8743019104003906e-07, 0.7954226732254028, -0.46101340651512146, -0.39340776205062866, 0.49830055236816406, 0.866963267326355, -0.008444231934845448, 0.3449628949165344, -0.1893184334039688, 0.9193252921104431),
            ["UpperTorso"] = CFrame.new(1.3248063623905182e-07, 2.9802322387695312e-08, -2.7939677238464355e-08, 0.9870859384536743, 0.021374253556132317, -0.15875954926013947, 0.001504705287516117, 0.9897775650024414, 0.1426120400428772, 0.16018478572368622, -0.14100924134254456, 0.9769632816314697),
            ["HumanoidRootPart"] = CFrame.new(0, 0, 0, 1, 0, 0, 0, 1, 0, 0, 0, 1),
            ["RightUpperLeg"] = CFrame.new(-5.960464477539063e-08, 9.872019290924072e-08, 2.0656443666666746e-08, 0.9813647866249084, 0.03996908292174339, 0.18795131146907806, 0.09085006266832352, 0.7653858065605164, -0.6371270418167114, -0.16932065784931183, 0.6423293352127075, 0.7474914789199829),
            ["LeftUpperArm"] = CFrame.new(8.344650268554688e-07, 0.0000015497207641601562, 7.450580596923828e-08, 0.09551959484815598, 0.4498170018196106, -0.8879981637001038, 0.10420061647891998, 0.8826578259468079, 0.45832034945487976, 0.9899587631225586, -0.13630850613117218, 0.037439826875925064),
            ["RightLowerArm"] = CFrame.new(-0.000002950429916381836, 9.5367431640625e-07, -3.8743019104003906e-07, 1, 2.2351736461700966e-08, 1.713633963618122e-07, 1.527369164477932e-07, -0.4743342697620392, -0.8803447484970093, 4.4703490686970326e-08, 0.8803447484970093, -0.4743344187736511),
            ["LeftHand"] = CFrame.new(-0.000001564621925354004, -6.556510925292969e-07, -5.438923835754395e-07, 0.8897879123687744, 0.09123113751411438, -0.44716283679008484, -0.05201182886958122, 0.9937031269073486, 0.09924168884754181, 0.45340102910995483, -0.06504622101783752, 0.8889300227165222),
            ["LeftFoot"] = CFrame.new(-2.0489096641540527e-08, -3.5762786865234375e-07, 1.4901161193847656e-08, 0.9768227934837341, 0.054335810244083405, 0.20703855156898499, -0.07632611691951752, 0.9920809864997864, 0.09974774718284607, -0.19997914135456085, -0.11323842406272888, 0.9732345342636108),
            ["LowerTorso"] = CFrame.new(-0.05444746091961861, -0.09544742107391357, 0.04662402719259262, 0.9863318800926208, 0.07587703317403793, -0.1462603658437729, -0.04850850999355316, 0.9820387959480286, 0.1823371797800064, 0.1574685275554657, -0.1727500855922699, 0.9722968935966492),
            ["RightLowerLeg"] = CFrame.new(1.1222437024116516e-07, -0.0000037550926208496094, -0.000013276170648168772, 1, -3.348104371525551e-07, -2.9162040959818114e-07, 4.831235855817795e-07, 0.8258683085441589, 0.563862681388855, -3.026798367500305e-08, -0.5638630390167236, 0.8258686065673828),
            ["LeftUpperLeg"] = CFrame.new(2.9802322387695312e-08, 2.0070001482963562e-07, -4.470348358154297e-08, 0.9909636974334717, -0.11763019114732742, 0.06445150822401047, 0.13004273176193237, 0.9602969884872437, -0.24681702256202698, -0.03285941481590271, 0.25296831130981445, 0.9669163823127747),
            ["LeftLowerLeg"] = CFrame.new(3.725290298461914e-09, 0.0000045299530029296875, 0.000013299286365509033, 1, -3.2316893339157104e-07, -8.195640788244418e-08, 2.8032820864609675e-07, 0.6989102959632874, 0.7152095437049866, -1.3038520307873114e-07, -0.7152093052864075, 0.698910117149353),
        }},
        {Time = 0.167, Data = {
            ["RightFoot"] = CFrame.new(-1.5087425708770752e-07, 4.76837158203125e-07, 2.2184394765645266e-08, 0.8508335947990417, 0.2435419261455536, -0.46558529138565063, -0.15569549798965454, 0.9631567597389221, 0.21928934752941132, 0.5018377304077148, -0.11408933997154236, 0.8574045300483704),
            ["LeftLowerArm"] = CFrame.new(0.0000012218952178955078, 0.0000017285346984863281, 7.599592208862305e-07, 1, -3.6519480772767565e-07, 2.6077016102021844e-08, 3.501773733205482e-07, 0.8029265999794006, -0.5960779786109924, 2.1606689415420988e-07, 0.5960780382156372, 0.8029265999794006),
            ["RightUpperArm"] = CFrame.new(2.384185791015625e-07, -3.5762786865234375e-07, 4.172325134277344e-07, 0.943243682384491, -0.1705475002527237, 0.2849647104740143, 0.3161879777908325, 0.7236138582229614, -0.6135210394859314, -0.10156985372304916, 0.6688022613525391, 0.7364693880081177),
            ["Head"] = CFrame.new(-3.501772880554199e-07, -0.0000011920928955078125, 5.587935447692871e-08, 0.9490239024162292, 0.3000255823135376, 0.0966356098651886, -0.31238028407096863, 0.8542835116386414, 0.4154735505580902, 0.04209848865866661, -0.4244813919067383, 0.9044575095176697),
            ["RightHand"] = CFrame.new(0.0000017471611499786377, 0.0000016093254089355469, 5.364418029785156e-07, 0.8401743769645691, -0.40582555532455444, -0.3597399890422821, 0.45195645093917847, 0.8905885815620422, 0.050866156816482544, 0.29973751306533813, -0.2053232342004776, 0.9316651225090027),
            ["UpperTorso"] = CFrame.new(1.2118835002183914e-07, -1.4901161193847656e-07, 2.293381839990616e-08, 0.9941077828407288, -0.01529037207365036, -0.10731317847967148, 0.03471372276544571, 0.9827696084976196, 0.18154621124267578, 0.1026882752776146, -0.18420183658599854, 0.9775094985961914),
            ["HumanoidRootPart"] = CFrame.new(0, 0, 0, 1, 0, 0, 0, 1, 0, 0, 0, 1),
            ["RightUpperLeg"] = CFrame.new(0, -1.6763806343078613e-08, -2.7772330213338137e-08, 0.9799038171768188, -0.03396456688642502, 0.19655762612819672, 0.13797037303447723, 0.8270632028579712, -0.5449134111404419, -0.14405785501003265, 0.5610818266868591, 0.81512850522995),
            ["LeftUpperArm"] = CFrame.new(4.76837158203125e-07, 0.0000013113021850585938, 7.450580596923828e-08, 0.05524739250540733, 0.5016749501228333, -0.8632903099060059, -0.05620371550321579, 0.8648024201393127, 0.49895673990249634, 0.9968896508216858, 0.020954011008143425, 0.07597397267818451),
            ["RightLowerArm"] = CFrame.new(-0.000002562999725341797, 5.960464477539063e-08, -4.6193599700927734e-07, 1, 1.4901155864777138e-08, 1.6577541828155518e-07, 1.5180553702975885e-07, -0.24631217122077942, -0.9691905975341797, 4.2840827774170975e-08, 0.9691905379295349, -0.24631212651729584),
            ["LeftHand"] = CFrame.new(-0.0000014826655387878418, -8.940696716308594e-07, -4.172325134277344e-07, 0.9088760018348694, 0.07613332569599152, -0.41005879640579224, -0.049159735441207886, 0.9958995580673218, 0.07594294100999832, 0.4141591787338257, -0.04886431246995926, 0.9088919758796692),
            ["LeftFoot"] = CFrame.new(2.60770320892334e-08, -3.5762786865234375e-07, 3.771856427192688e-08, 0.9484330415725708, 0.06666092574596405, 0.3098889887332916, -0.08985759317874908, 0.9940739274024963, 0.0611770823597908, -0.3039742708206177, -0.085868239402771, 0.9488025307655334),
            ["LowerTorso"] = CFrame.new(-0.0593341700732708, -0.027417659759521484, 0.06881231814622879, 0.9909608960151672, 0.1105848103761673, -0.07594536244869232, -0.09821019321680069, 0.9836666584014893, 0.15084697306156158, 0.09138628840446472, -0.14202480018138885, 0.9856356382369995),
            ["RightLowerLeg"] = CFrame.new(-1.862645149230957e-09, -0.000003814697265625, -0.000013323668099474162, 1, -5.559996907322784e-07, -3.2293624485646433e-07, 6.295742309703201e-07, 0.8271375894546509, 0.5619993805885315, -6.658957829586143e-08, -0.561999499797821, 0.8271377086639404),
            ["LeftUpperLeg"] = CFrame.new(5.960464477539063e-08, 2.561137080192566e-09, 1.4901161193847656e-08, 0.9803564548492432, -0.07879188656806946, 0.1808125525712967, 0.1476297378540039, 0.9010626077651978, -0.4077886939048767, -0.1307930201292038, 0.4264715611934662, 0.8949945569038391),
            ["LeftLowerLeg"] = CFrame.new(9.313225746154785e-08, 0.000004172325134277344, 0.000013288110494613647, 1, -5.476176738739014e-07, -3.22237639238665e-07, 4.973262548446655e-07, 0.38838815689086914, 0.9214958548545837, -3.4831464290618896e-07, -0.9214959144592285, 0.3883882164955139),
        }},
        {Time = 0.200, Data = {
            ["RightFoot"] = CFrame.new(-1.7703860066831112e-07, 2.980232238769531e-07, 3.149762051180005e-08, 0.8814631104469299, 0.23217689990997314, -0.41123807430267334, -0.1353912353515625, 0.9584875702857971, 0.25094011425971985, 0.452428936958313, -0.16551651060581207, 0.8763059973716736),
            ["LeftLowerArm"] = CFrame.new(8.940696716308594e-07, 0.0000017881393432617188, -5.988404154777527e-07, 1, -3.91155481338501e-07, 8.10249858318457e-08, 3.2782557468635787e-07, 0.6848362684249878, -0.7286970019340515, 2.2817405920250167e-07, 0.7286970615386963, 0.6848362684249878),
            ["RightUpperArm"] = CFrame.new(3.5762786865234375e-07, -1.1920928955078125e-07, 4.470348358154297e-07, 0.8264172673225403, -0.28828930854797363, 0.4836568236351013, 0.5495453476905823, 0.6000337600708008, -0.5813429355621338, -0.12261538207530975, 0.7462230324745178, 0.6543060541152954),
            ["Head"] = CFrame.new(-3.0919909477233887e-07, -8.344650268554688e-07, 2.207234501838684e-07, 0.9509680271148682, 0.27501657605171204, 0.1415124535560608, -0.30154579877853394, 0.7226775884628296, 0.6219384074211121, 0.068775475025177, -0.6341159343719482, 0.7701732516288757),
            ["RightHand"] = CFrame.new(0.0000019073486328125, 0.0000012516975402832031, 5.364418029785156e-07, 0.9273319840431213, -0.3099328577518463, -0.20975512266159058, 0.3316861391067505, 0.9402332305908203, 0.07710907608270645, 0.1733199954032898, -0.14107845723628998, 0.9747087359428406),
            ["UpperTorso"] = CFrame.new(1.1187512427568436e-07, -3.2782554626464844e-07, -6.84813130646944e-08, 0.9978346228599548, -0.031623516231775284, -0.057672109454870224, 0.04142864793539047, 0.98321932554245, 0.17766118049621582, 0.05108605697751045, -0.17966578900814056, 0.9824003577232361),
            ["HumanoidRootPart"] = CFrame.new(0, 0, 0, 1, 0, 0, 0, 1, 0, 0, 0, 1),
            ["RightUpperLeg"] = CFrame.new(0, -3.0174851417541504e-07, -4.8261426854878664e-08, 0.9867531061172485, -0.06153838336467743, 0.15010443329811096, 0.1282527893781662, 0.8625218272209167, -0.4894971251487732, -0.09934545308351517, 0.502264142036438, 0.8589885234832764),
            ["LeftUpperArm"] = CFrame.new(4.76837158203125e-07, 0.0000015497207641601562, -8.940696716308594e-08, 0.13658475875854492, 0.523540735244751, -0.8409814834594727, -0.2596195638179779, 0.8381823897361755, 0.4796331524848938, 0.9560033082962036, 0.15282465517520905, 0.2504041790962219),
            ["RightLowerArm"] = CFrame.new(-0.0000020265579223632812, 8.940696716308594e-07, -5.960464477539063e-08, 1, -1.4901162970204496e-08, 1.9371512394172896e-07, 1.6391277313232422e-07, 0.18198616802692413, -0.9833011627197266, 4.470348358154297e-08, 0.9833011627197266, 0.18198612332344055),
            ["LeftHand"] = CFrame.new(-0.0000014901161193847656, -7.152557373046875e-07, -3.688037395477295e-07, 0.9286414980888367, 0.105153888463974, -0.35576358437538147, -0.09220463037490845, 0.9943172335624695, 0.053213149309158325, 0.3593374192714691, -0.016612866893410683, 0.933059811592102),
            ["LeftFoot"] = CFrame.new(-3.1170202419161797e-08, -4.76837158203125e-07, 3.725290298461914e-09, 0.9632800221443176, 0.13293828070163727, 0.23327882587909698, -0.15578462183475494, 0.9843540787696838, 0.08232992887496948, -0.21868431568145752, -0.11564788222312927, 0.9689183831214905),
            ["LowerTorso"] = CFrame.new(-0.04914681985974312, -0.004786133766174316, 0.09611647576093674, 0.9926900267601013, 0.11769913882017136, -0.026711924001574516, -0.11259953677654266, 0.9828392267227173, 0.14611108601093292, 0.04345066845417023, -0.14203523099422455, 0.988907516002655),
            ["RightLowerLeg"] = CFrame.new(8.393544703722e-08, -0.000004112720489501953, -0.000013211909390520304, 1, -2.665910585619713e-07, -2.337037301458622e-07, 3.8929277934585116e-07, 0.811031699180603, 0.5850019454956055, 6.197659985218706e-08, -0.5850021839141846, 0.8110319375991821),
            ["LeftUpperLeg"] = CFrame.new(8.940696716308594e-08, -3.4365803003311157e-07, -2.7008354663848877e-08, 0.9788310527801514, 0.0023918042425066233, 0.20465578138828278, 0.13540992140769958, 0.7422359585762024, -0.656315267086029, -0.1534726321697235, 0.670134425163269, 0.7261999249458313),
            ["LeftLowerLeg"] = CFrame.new(-1.0244548320770264e-08, 0.000003993511199951172, 0.000013314187526702881, 1, -2.103042504586483e-07, -2.0954757928848267e-07, 2.1071170408504258e-07, -0.045681994408369064, 0.9989560842514038, -2.3978643071131955e-07, -0.9989560842514038, -0.04568200558423996),
        }},
        {Time = 0.233, Data = {
            ["RightFoot"] = CFrame.new(-1.6973353922367096e-07, 3.5762786865234375e-07, 6.316258804872632e-08, 0.9250296950340271, 0.15370801091194153, -0.34741055965423584, -0.09263180941343307, 0.9781495928764343, 0.1861259788274765, 0.3684285283088684, -0.13999037444591522, 0.9190555214881897),
            ["LeftLowerArm"] = CFrame.new(0.0000010728836059570312, 0.0000014901161193847656, 7.450580596923828e-07, 1, -4.246829803378205e-07, 1.0430800045924116e-07, 3.520399616263603e-07, 0.5198315382003784, -0.8542687892913818, 1.8626454334480513e-07, 0.8542687892913818, 0.5198315382003784),
            ["RightUpperArm"] = CFrame.new(5.960464477539062e-07, 0, 5.573965609073639e-07, 0.5757752060890198, -0.3650059103965759, 0.7316105365753174, 0.7909461855888367, 0.47530999779701233, -0.38533639907836914, -0.20709168910980225, 0.8005317449569702, 0.5623717904090881),
            ["Head"] = CFrame.new(-4.041939973831177e-07, -4.76837158203125e-07, 6.952905096113682e-08, 0.9626665115356445, 0.20727773010730743, 0.17409580945968628, -0.2651795744895935, 0.5930225253105164, 0.7602658867835999, 0.054343391209840775, -0.778049111366272, 0.625848650932312),
            ["RightHand"] = CFrame.new(0.0000017285346984863281, 0.000001430511474609375, 3.203749656677246e-07, 0.9704723358154297, -0.16201606392860413, -0.1787015199661255, 0.17424903810024261, 0.9831688404083252, 0.05492238327860832, 0.16679547727108002, -0.084439218044281, 0.9823692440986633),
            ["UpperTorso"] = CFrame.new(8.66129994392395e-08, 2.384185791015625e-07, -5.587207851931453e-08, 0.9966621398925781, -0.07147476077079773, -0.03944588825106621, 0.07756755501031876, 0.9797500967979431, 0.18458907306194305, 0.025453640148043633, -0.18703274428844452, 0.9820239543914795),
            ["HumanoidRootPart"] = CFrame.new(0, 0, 0, 1, 0, 0, 0, 1, 0, 0, 0, 1),
            ["RightUpperLeg"] = CFrame.new(-5.960464477539063e-08, -7.916241884231567e-08, -3.987952368333936e-08, 0.9875232577323914, -0.11318007856607437, 0.10949016362428665, 0.15135802328586578, 0.8740747570991516, -0.4616105556488037, -0.043457478284835815, 0.47242316603660583, 0.8802997469902039),
            ["LeftUpperArm"] = CFrame.new(4.172325134277344e-07, 0.0000022649765014648438, 5.2619725465774536e-08, 0.3357754945755005, 0.5155636668205261, -0.7883203625679016, -0.4268837869167328, 0.8293205499649048, 0.360552042722702, 0.839657723903656, 0.21545659005641937, 0.49855107069015503),
            ["RightLowerArm"] = CFrame.new(-0.0000016987323760986328, 0.0000014901161193847656, -5.066394805908203e-07, 1, -1.0430806440808738e-07, 1.5832485189548606e-07, 1.3411046495548362e-07, 0.6333438754081726, -0.7738705277442932, -1.4901162970204496e-08, 0.7738704681396484, 0.6333438158035278),
            ["LeftHand"] = CFrame.new(-0.0000012218952178955078, -3.5762786865234375e-07, -3.129243850708008e-07, 0.9777882695198059, 0.09679573029279709, -0.1859053373336792, -0.09824357181787491, 0.9951613545417786, 0.0014310874976217747, 0.18514439463615417, 0.016864703968167305, 0.9825666546821594),
            ["LeftFoot"] = CFrame.new(4.0978193283081055e-08, -1.7881393432617188e-07, 3.725290298461914e-08, 0.9583210945129395, 0.2224729359149933, 0.17923887073993683, -0.24928368628025055, 0.9576348066329956, 0.14419883489608765, -0.13956496119499207, -0.18287013471126556, 0.9731804132461548),
            ["LowerTorso"] = CFrame.new(-0.048989709466695786, -0.030074715614318848, 0.10098302364349365, 0.9883078932762146, 0.1522613912820816, 0.007994920946657658, -0.15215125679969788, 0.9814832210540771, 0.11636500805616379, 0.009871015325188637, -0.11622089147567749, 0.9931743144989014),
            ["RightLowerLeg"] = CFrame.new(2.9802322387695312e-08, -0.000003874301910400391, -0.000013187695003580302, 1, -4.5774493173666997e-07, -3.1990927595870744e-07, 5.410983021647553e-07, 0.7674331665039062, 0.6411284804344177, -5.797481605895882e-08, -0.6411288976669312, 0.7674335837364197),
            ["LeftUpperLeg"] = CFrame.new(0, 1.6763806343078613e-08, -2.60770320892334e-08, 0.9741771817207336, 0.05549652874469757, 0.21885834634304047, 0.1530962586402893, 0.5500960350036621, -0.8209482431411743, -0.1659528762102127, 0.8332554697990417, 0.5273945927619934),
            ["LeftLowerLeg"] = CFrame.new(-5.774199962615967e-08, 0.000004470348358154297, 0.00001315772533416748, 1, 1.5972180733569985e-07, 1.8719579486514704e-07, -1.5646214990283625e-07, -0.43150484561920166, 0.9021105766296387, 2.225860384896805e-07, -0.9021106958389282, -0.43150484561920166),
        }},
        {Time = 0.267, Data = {
            ["RightFoot"] = CFrame.new(-2.1886080503463745e-07, 5.364418029785156e-07, 1.0227813618257642e-07, 0.9399187564849854, 0.11175353825092316, -0.32258954644203186, -0.12560012936592102, 0.991828978061676, -0.022361448034644127, 0.31745457649230957, 0.06153544411063194, 0.9462747573852539),
            ["LeftLowerArm"] = CFrame.new(9.238719940185547e-07, 0.0000022649765014648438, -1.1920928955078125e-07, 1, -3.7252917195473856e-07, 2.3841835172788706e-07, 3.2782557468635787e-07, 0.2967907190322876, -0.9549426436424255, 2.533197687171196e-07, 0.9549425840377808, 0.2967906892299652),
            ["RightUpperArm"] = CFrame.new(3.5762786865234375e-07, -9.5367431640625e-07, 3.5390257835388184e-07, 0.2159990668296814, -0.4398682117462158, 0.8716999292373657, 0.8987118601799011, 0.4385373294353485, -0.0014019154477864504, -0.3816562592983246, 0.7837098240852356, 0.4900381863117218),
            ["Head"] = CFrame.new(-3.3248215913772583e-07, -0.0000015497207641601562, -2.491287887096405e-07, 0.9739708304405212, 0.14201445877552032, 0.17667166888713837, -0.22568336129188538, 0.5347617864608765, 0.8143076300621033, 0.021166160702705383, -0.8329837322235107, 0.5528926253318787),
            ["RightHand"] = CFrame.new(0.0000015795230865478516, 0.0000010728836059570312, 3.501772880554199e-07, 0.9897856712341309, -0.03505159914493561, -0.1381872594356537, 0.035238172858953476, 0.9993784427642822, -0.0010978352511301637, 0.13813993334770203, -0.0037828143686056137, 0.9904054999351501),
            ["UpperTorso"] = CFrame.new(8.847564458847046e-08, 5.960464477539063e-08, -4.738103598356247e-08, 0.9959085583686829, -0.0885704904794693, -0.017930198460817337, 0.09035981446504593, 0.9734945893287659, 0.21010355651378632, -0.0011540277628228068, -0.2108640968799591, 0.9775146842002869),
            ["HumanoidRootPart"] = CFrame.new(0, 0, 0, 1, 0, 0, 0, 1, 0, 0, 0, 1),
            ["RightUpperLeg"] = CFrame.new(0, -7.82310962677002e-08, -3.5222910810261965e-08, 0.9868327379226685, -0.16046960651874542, -0.020268674939870834, 0.13446341454982758, 0.8835645318031311, -0.44859036803245544, 0.08989381790161133, 0.4399581849575043, 0.893507719039917),
            ["LeftUpperArm"] = CFrame.new(4.172325134277344e-07, 8.344650268554688e-07, -1.825392246246338e-07, 0.5717199444770813, 0.473762184381485, -0.6698403358459473, -0.4915814995765686, 0.8514623045921326, 0.18264605104923248, 0.6568743586540222, 0.22485870122909546, 0.7196905016899109),
            ["RightLowerArm"] = CFrame.new(-0.00000286102294921875, 1.1920928955078125e-07, -5.066394805908203e-07, 1, -1.1548395661975519e-07, 1.4528633585086936e-07, 1.1175872316471214e-07, 0.8674693703651428, -0.49749061465263367, -3.3527616238870905e-08, 0.4974905848503113, 0.8674694299697876),
            ["LeftHand"] = CFrame.new(-0.000001430511474609375, -5.960464477539062e-07, -4.76837158203125e-07, 0.9921456575393677, 0.07188814133405685, 0.1023671105504036, -0.06553279608488083, 0.9957861304283142, -0.06415180116891861, -0.10654748976230621, 0.05693954974412918, 0.9926760196685791),
