return {
    ["R U Mine"] = {
        {Time = 0.000, Data = {
            ["RightFoot"] = CFrame.new(1.043081283569336e-07, 4.172325134277344e-07, 7.709968485869467e-08, 0.9423984885215759, 0.24264764785766602, -0.2302335649728775, -0.33222299814224243, 0.7590402960777283, -0.5598975419998169, 0.03889911249279976, 0.6041358113288879, 0.7959316968917847),
            ["LeftLowerArm"] = CFrame.new(5.960464477539063e-08, -1.7881393432617188e-07, 4.470348358154297e-08, 1, -9.685756197086448e-08, 2.0675356893207208e-07, -3.7252888773764425e-08, 0.8662182092666626, -0.49966561794281006, 2.9802311729554276e-08, 0.4996660351753235, 0.8662185072898865),
            ["RightUpperArm"] = CFrame.new(0.006607770919799805, -0.2900731563568115, -0.008066654205322266, 0.7182649970054626, 0.044452935457229614, 0.6943482160568237, 0.2324693650007248, -0.9559382200241089, -0.17927642166614532, 0.655784547328949, 0.29018276929855347, -0.6969509124755859),
            ["Head"] = CFrame.new(-4.470348358154297e-08, 3.5762786865234375e-07, 2.3283064365386963e-08, 0.9767611622810364, -0.1461363583803177, -0.1567857563495636, 0.05563925579190254, 0.8793210983276367, -0.4729677438735962, 0.20698273181915283, 0.4532531797885895, 0.8670178055763245),
            ["RightHand"] = CFrame.new(1.6391277313232422e-07, -2.384185791015625e-07, 2.2351741790771484e-07, 0.9864323735237122, -0.14499442279338837, -0.07699266076087952, 0.12115224450826645, 0.9594253301620483, -0.25460806488990784, 0.11078542470932007, 0.2418258935213089, 0.9639745950698853),
            ["UpperTorso"] = CFrame.new(-4.6566128730773926e-09, -1.7881393432617188e-07, 1.4202669262886047e-08, 0.8747917413711548, -0.09708353877067566, 0.47467291355133057, 0.02027738466858864, 0.9861963391304016, 0.1643339842557907, -0.48407477140426636, -0.13413281738758087, 0.8646849393844604),
            ["HumanoidRootPart"] = CFrame.new(0, 0, 0, 1, 0, 0, 0, 1, 0, 0, 0, 1),
            ["RightUpperLeg"] = CFrame.new(0, -2.130400389432907e-08, 9.185896487906575e-09, 0.8588577508926392, -0.5093473196029663, 0.0541190430521965, 0.40379172563552856, 0.608264148235321, -0.6833496689796448, 0.3151438236236572, 0.6087528467178345, 0.7280826568603516),
            ["LeftUpperArm"] = CFrame.new(-0.024084925651550293, -0.28546786308288574, -0.007800042629241943, 0.8952992558479309, -0.07208186388015747, -0.43959471583366394, -0.2539498507976532, -0.8933509588241577, -0.3707202672958374, -0.36599013209342957, 0.44354069232940674, -0.8181215524673462),
            ["RightLowerArm"] = CFrame.new(-1.4901161193847656e-07, 5.960464477539063e-08, -1.7136335372924805e-07, 1, -2.2351753159455257e-07, 1.7136345320523105e-07, 4.4703497792397684e-08, 0.6911360025405884, -0.7227246761322021, -3.7252917195473856e-08, 0.7227247953414917, 0.6911361813545227),
            ["LeftHand"] = CFrame.new(2.9802322387695312e-08, 2.384185791015625e-07, 1.043081283569336e-07, 0.9169340133666992, 0.37814828753471375, 0.12742091715335846, -0.30796360969543457, 0.8736667037010193, -0.3766500949859619, -0.2537528872489929, 0.3061215877532959, 0.9175503849983215),
            ["LeftFoot"] = CFrame.new(-7.450580596923828e-09, 0, -8.190158951038029e-08, 0.9610103368759155, -0.19934768974781036, -0.19162467122077942, 0.13150395452976227, 0.9391101598739624, -0.31745645403862, 0.243240624666214, 0.27987948060035706, 0.9287096261978149),
            ["LowerTorso"] = CFrame.new(-0.05092079937458038, -0.5213623046875, -0.20882314443588257, 0.9347305297851562, 0.10250861942768097, -0.34025120735168457, -0.11055850982666016, 0.9938603639602661, -0.004300240892916918, 0.3377213478088379, 0.04163723066449165, 0.9403247833251953),
            ["RightLowerLeg"] = CFrame.new(-5.960464477539063e-08, 0, -1.3488897820934653e-07, 1, 1.043080928297968e-07, -7.003546329542587e-07, 5.960467888144194e-07, -0.12478816509246826, 0.9921833872795105, -4.1723276922311925e-07, -0.9921833872795105, -0.12478825449943542),
            ["LeftUpperLeg"] = CFrame.new(2.9802322387695312e-08, -1.5832483768463135e-07, 1.257285475730896e-08, 0.958212673664093, 0.2760467529296875, 0.0750110074877739, -0.0933372750878334, 0.5495863556861877, -0.8302064538002014, -0.2704008221626282, 0.7885133028030396, 0.5523862838745117),
            ["LeftLowerLeg"] = CFrame.new(-2.2351741790771484e-08, -1.1920928955078125e-07, 2.3536640014754084e-07, 1, 7.078050145992165e-08, -4.2980536818504333e-07, 6.332995781122008e-07, 0.2579137682914734, 0.9661680459976196, -7.450583439094771e-08, -0.9661679863929749, 0.2579135298728943),
        }},
        {Time = 0.033, Data = {
            ["RightFoot"] = CFrame.new(9.685754776000977e-08, 3.5762786865234375e-07, 7.250491762533784e-09, 0.919581949710846, 0.28116080164909363, -0.27444058656692505, -0.39213642477989197, 0.6132984161376953, -0.6856340765953064, -0.024459097534418106, 0.7381149530410767, 0.6742316484451294),
            ["LeftLowerArm"] = CFrame.new(8.940696716308594e-08, 2.980232238769531e-07, 1.7881393432617188e-07, 1, -2.9802343703977385e-08, 1.490115053570662e-08, 1.7136326846411976e-07, 0.8320103883743286, -0.5547598600387573, 2.9802308176840597e-08, 0.554760217666626, 0.8320105671882629),
            ["RightUpperArm"] = CFrame.new(0.008071184158325195, -0.2911834716796875, -0.0021710097789764404, 0.7729463577270508, -0.046960216015577316, 0.6327310800552368, 0.21039319038391113, -0.9218600392341614, -0.325435996055603, 0.5985721349716187, 0.38466712832450867, -0.7026683688163757),
            ["Head"] = CFrame.new(-7.450580596923828e-09, 1.1920928955078125e-07, 2.60770320892334e-08, 0.983029305934906, -0.15289387106895447, -0.10137473791837692, 0.0533110573887825, 0.7668492794036865, -0.6396092772483826, 0.1755315065383911, 0.6233503818511963, 0.7619863748550415),
            ["RightHand"] = CFrame.new(-1.341104507446289e-07, 1.7881393432617188e-07, 1.4901161193847656e-07, 0.9999489784240723, -0.01004977896809578, 0.0010524136014282703, 0.009889454580843449, 0.9519315958023071, -0.30615127086639404, 0.0020746442023664713, 0.3061459958553314, 0.9519823789596558),
            ["UpperTorso"] = CFrame.new(-2.7008354663848877e-08, 2.384185791015625e-07, -3.259629011154175e-08, 0.8589023947715759, -0.1975029855966568, 0.4725244343280792, -0.030017023906111717, 0.9016482830047607, 0.4314272403717041, -0.5112589597702026, -0.3847375214099884, 0.7684993147850037),
            ["HumanoidRootPart"] = CFrame.new(0, 0, 0, 1, 0, 0, 0, 1, 0, 0, 0, 1),
            ["RightUpperLeg"] = CFrame.new(0, 2.766028046607971e-07, -5.69380063097924e-08, 0.8426713943481445, -0.466521680355072, 0.268817275762558, 0.490267276763916, 0.4584328830242157, -0.7412675023078918, 0.22258244454860687, 0.7564369440078735, 0.6150283217430115),
            ["LeftUpperArm"] = CFrame.new(-0.02266669273376465, -0.2873326539993286, -0.0020320266485214233, 0.938909649848938, -0.16243617236614227, -0.3034190833568573, -0.2809249460697174, -0.8710169196128845, -0.40300214290618896, -0.19882117211818695, 0.4636205732822418, -0.8634385466575623),
            ["RightLowerArm"] = CFrame.new(1.1920928955078125e-07, 3.5762786865234375e-07, 1.1920928955078125e-07, 1, -1.6391282997574308e-07, 2.533198824039573e-07, 1.1175874448099421e-08, 0.38258934020996094, -0.9239184260368347, 5.96046660916727e-08, 0.9239185452461243, 0.38258951902389526),
            ["LeftHand"] = CFrame.new(3.2782554626464844e-07, -5.960464477539063e-08, -5.960464477539063e-08, 0.9032099843025208, 0.4156946539878845, 0.10681649297475815, -0.3561001718044281, 0.864730715751648, -0.35416656732559204, -0.23959223926067352, 0.28184881806373596, 0.9290620684623718),
            ["LeftFoot"] = CFrame.new(-7.264316082000732e-08, 5.960464477539063e-08, 1.3558974387706257e-08, 0.9461338520050049, -0.24069823324680328, -0.2165534496307373, 0.1547345221042633, 0.9236558079719543, -0.35059571266174316, 0.2844081521034241, 0.2982020080089569, 0.9111461639404297),
            ["LowerTorso"] = CFrame.new(-0.05306710675358772, -0.8056780099868774, -0.12964509427547455, 0.9275099039077759, 0.10477383434772491, -0.35881471633911133, -0.1429307758808136, 0.9863760471343994, -0.08144399523735046, 0.3453930616378784, 0.12682576477527618, 0.9298489093780518),
            ["RightLowerLeg"] = CFrame.new(-2.9802322387695312e-08, 0, 9.607902029529214e-08, 1, 1.937150670983101e-07, -6.705524242534011e-07, 7.003546329542587e-07, -0.5107972025871277, 0.8597010970115662, -2.4586918812019576e-07, -0.8597012162208557, -0.5107974410057068),
            ["LeftUpperLeg"] = CFrame.new(-5.960464477539063e-08, 2.4959444999694824e-07, -4.470348358154297e-08, 0.946990430355072, 0.3207339644432068, -0.018410274758934975, -0.12922686338424683, 0.3278335928916931, -0.9358555674552917, -0.29412510991096497, 0.8886253237724304, 0.3519026041030884),
            ["LeftLowerLeg"] = CFrame.new(1.4901161193847656e-08, -2.384185791015625e-07, 1.9066291656599788e-07, 1, 1.3131648302078247e-07, -3.4272667903678666e-07, 6.500634412986983e-07, -0.09883447736501694, 0.9951039552688599, 5.308541162207803e-08, -0.9951039552688599, -0.09883452951908112),
        }},
        {Time = 0.067, Data = {
            ["RightFoot"] = CFrame.new(-4.470348358154297e-08, 2.980232238769531e-07, -2.720844349823892e-08, 0.9046507477760315, 0.29633110761642456, -0.3062598407268524, -0.42371878027915955, 0.5487497448921204, -0.7206494808197021, -0.04549121856689453, 0.7817043662071228, 0.6219882369041443),
            ["LeftLowerArm"] = CFrame.new(-2.9802322387695312e-08, 0, 8.940696716308594e-08, 1, -7.078052988163108e-08, 1.0430807861894209e-07, 2.5331965503028187e-07, 0.7265604734420776, -0.6871023178100586, 1.192092469182171e-07, 0.6871026158332825, 0.7265607118606567),
            ["RightUpperArm"] = CFrame.new(0.012584090232849121, -0.29577088356018066, 0.015463590621948242, 0.7855072617530823, -0.09559622406959534, 0.611424446105957, 0.33375856280326843, -0.7665531039237976, -0.5486359000205994, 0.5211368799209595, 0.6350257992744446, -0.5702270865440369),
            ["Head"] = CFrame.new(-1.862645149230957e-08, 1.1920928955078125e-07, 4.6566128730773926e-08, 0.9850379228591919, -0.16105340421199799, -0.0613366961479187, 0.06406442821025848, 0.6726016402244568, -0.7372263073921204, 0.15998774766921997, 0.7222664952278137, 0.6728559732437134),
            ["RightHand"] = CFrame.new(-8.940696716308594e-08, -2.384185791015625e-07, 2.7194619178771973e-07, 0.9782344102859497, -0.18108773231506348, 0.10131558030843735, 0.1919098049402237, 0.9752472639083862, -0.10983346402645111, -0.07891862839460373, 0.12688596546649933, 0.9887729287147522),
            ["UpperTorso"] = CFrame.new(2.1886080503463745e-08, 1.4901161193847656e-07, -1.3969838619232178e-08, 0.8585761189460754, -0.22032859921455383, 0.4629283547401428, -0.09673119336366653, 0.8171125054359436, 0.5683045983314514, -0.5034781694412231, -0.5327123403549194, 0.6802405714988708),
            ["HumanoidRootPart"] = CFrame.new(0, 0, 0, 1, 0, 0, 0, 1, 0, 0, 0, 1),
            ["RightUpperLeg"] = CFrame.new(-2.9802322387695312e-08, 1.7695128917694092e-07, -4.7839421313256025e-09, 0.8651003241539001, -0.38109129667282104, 0.3261452913284302, 0.4617866575717926, 0.3512286841869354, -0.8144884705543518, 0.19584320485591888, 0.8552238941192627, 0.47983109951019287),
            ["LeftUpperArm"] = CFrame.new(-0.01824319362640381, -0.2942732572555542, 0.015419572591781616, 0.9376232028007507, -0.1668422818183899, -0.30500268936157227, -0.31378373503685, -0.7838473916053772, -0.5358386635780334, -0.1496751606464386, 0.5981196165084839, -0.7873057723045349),
            ["RightLowerArm"] = CFrame.new(3.5762786865234375e-07, 2.980232238769531e-07, -2.9802322387695312e-08, 1, 2.2724279347130505e-07, 4.991890705241531e-07, -1.6111880540847778e-07, -0.029073452576994896, -0.9995772838592529, 3.427267074584961e-07, 0.9995772838592529, -0.02907293662428856),
            ["LeftHand"] = CFrame.new(-1.4901161193847656e-07, 2.384185791015625e-07, 1.4901161193847656e-07, 0.9023263454437256, 0.372972309589386, 0.21609963476657867, -0.31364360451698303, 0.9119868874549866, -0.26440131664276123, -0.2956940531730652, 0.17079749703407288, 0.9398898482322693),
            ["LeftFoot"] = CFrame.new(-7.450580596923828e-08, 1.7881393432617188e-07, -5.163360583537724e-08, 0.9320313930511475, -0.27476850152015686, -0.2362627387046814, 0.19509358704090118, 0.9298946261405945, -0.31182464957237244, 0.3053785562515259, 0.24453718960285187, 0.920296311378479),
            ["LowerTorso"] = CFrame.new(-0.05547525733709335, -0.9780852794647217, -0.06265254318714142, 0.9292955994606018, 0.06756553053855896, -0.3631042242050171, -0.10042642802000046, 0.9923086166381836, -0.07237585633993149, 0.3554213047027588, 0.10372380912303925, 0.928933322429657),
            ["RightLowerLeg"] = CFrame.new(-2.086162567138672e-07, -1.1920928955078125e-07, -8.229108061641455e-09, 1, 5.066393669039826e-07, -5.885959240004013e-07, 6.631018436564773e-07, -0.6610749959945679, 0.7503198385238647, -4.02331437499015e-07, -0.7503198385238647, -0.6610749959945679),
            ["LeftUpperLeg"] = CFrame.new(5.960464477539063e-08, 8.009374141693115e-08, -2.2351741790771484e-08, 0.9260019063949585, 0.3354930579662323, -0.17310422658920288, -0.20594869554042816, 0.06463849544525146, -0.9764256477355957, -0.31639477610588074, 0.9398224949836731, 0.1289498209953308),
            ["LeftLowerLeg"] = CFrame.new(-1.30385160446167e-08, 5.960464477539063e-08, 8.123691941364086e-09, 1, 1.536682674441181e-07, -4.135071662858536e-07, 5.951151820227096e-07, -0.2905924618244171, 0.9568469524383545, 1.9208530943615187e-07, -0.9568469524383545, -0.2905922532081604),
        }},
        {Time = 0.100, Data = {
            ["RightFoot"] = CFrame.new(5.21540641784668e-08, 3.5762786865234375e-07, -1.4169927453622222e-08, 0.8926857709884644, 0.31809741258621216, -0.3192588686943054, -0.4465937912464142, 0.5291879773139954, -0.7214664816856384, -0.06054851785302162, 0.7866220474243164, 0.6144589781761169),
            ["LeftLowerArm"] = CFrame.new(-1.1920928955078125e-07, -5.960464477539063e-08, 2.738088369369507e-07, 1, -1.3411046495548362e-07, 5.587933316064664e-08, 1.0058281674218961e-07, 0.7369836568832397, -0.6759104132652283, -4.854517854369078e-08, 0.6759105920791626, 0.7369838953018188),
            ["RightUpperArm"] = CFrame.new(0.017833828926086426, -0.30647552013397217, 0.03512147068977356, 0.8432210683822632, 0.003065355122089386, 0.5375582575798035, 0.48353978991508484, -0.44124484062194824, -0.7559707760810852, 0.23487764596939087, 0.897381603717804, -0.3735496401786804),
            ["Head"] = CFrame.new(9.313225746154785e-10, 0, 1.4016404747962952e-07, 0.99028480052948, -0.1336379051208496, -0.038430508226156235, 0.052698224782943726, 0.6164333820343018, -0.7856415510177612, 0.12868128716945648, 0.7759838104248047, 0.6174873113632202),
            ["RightHand"] = CFrame.new(3.2782554626464844e-07, -5.960464477539063e-08, -1.9371509552001953e-07, 0.9547042846679688, -0.10924842208623886, 0.2767753005027771, 0.15406084060668945, 0.9772641658782959, -0.14567069709300995, -0.2545684576034546, 0.18171276152133942, 0.9498292803764343),
            ["UpperTorso"] = CFrame.new(7.450580596923828e-09, -5.960464477539063e-08, 1.862645149230957e-09, 0.8730416893959045, -0.21496087312698364, 0.4377101957798004, -0.14447776973247528, 0.7432769536972046, 0.6531959772109985, -0.4657515287399292, -0.6335070729255676, 0.6178550720214844),
            ["HumanoidRootPart"] = CFrame.new(0, 0, 0, 1, 0, 0, 0, 1, 0, 0, 0, 1),
            ["RightUpperLeg"] = CFrame.new(0, 2.1420419216156006e-08, -1.5959813026711345e-08, 0.8980947136878967, -0.3319183886051178, 0.28854119777679443, 0.37897947430610657, 0.2511594295501709, -0.8906702995300293, 0.2231600135564804, 0.9092575311660767, 0.35135528445243835),
            ["LeftUpperArm"] = CFrame.new(-0.012997269630432129, -0.30776333808898926, 0.035256803035736084, 0.9244595170021057, -0.20800763368606567, -0.31954285502433777, -0.3766016960144043, -0.6290386915206909, -0.6800596714019775, -0.05954745039343834, 0.7490282654762268, -0.6598569750785828),
            ["RightLowerArm"] = CFrame.new(5.960464477539063e-08, 3.5762786865234375e-07, 5.960464477539063e-08, 1, -8.84756872210346e-08, 2.719463623179763e-07, 7.450584860180243e-08, -0.1471017748117447, -0.9891213774681091, 2.775342977656692e-07, 0.9891213774681091, -0.14710205793380737),
            ["LeftHand"] = CFrame.new(7.450580596923828e-09, 2.384185791015625e-07, 8.940696716308594e-08, 0.93507319688797, 0.31054699420928955, 0.17087705433368683, -0.24562019109725952, 0.915269136428833, -0.31930088996887207, -0.2555561363697052, 0.25659871101379395, 0.9321202039718628),
            ["LeftFoot"] = CFrame.new(2.0838342607021332e-08, 1.1920928955078125e-07, -8.888650881999638e-08, 0.9226551651954651, -0.2978135645389557, -0.24497824907302856, 0.24576260149478912, 0.9436648488044739, -0.22157980501651764, 0.2971670627593994, 0.14423556625843048, 0.9438686370849609),
            ["LowerTorso"] = CFrame.new(-0.05824979767203331, -1.0749369859695435, 0.011834111995995045, 0.9362530708312988, 0.022482242435216904, -0.3506062924861908, -0.03575151786208153, 0.9988667368888855, -0.03141901642084122, 0.3495025634765625, 0.041950855404138565, 0.9359957575798035),
            ["RightLowerLeg"] = CFrame.new(-4.470348358154297e-08, 5.960464477539063e-08, 4.392495611682534e-08, 1, 3.4272667903678666e-07, -6.556511493727157e-07, 6.631017299696396e-07, -0.7084187865257263, 0.7057921886444092, -1.9371512394172896e-07, -0.7057923674583435, -0.7084189057350159),
            ["LeftUpperLeg"] = CFrame.new(8.940696716308594e-08, -4.0978193283081055e-08, -7.450580596923828e-09, 0.9033267498016357, 0.28387531638145447, -0.3215833008289337, -0.2821250259876251, -0.17154213786125183, -0.9439166188240051, -0.3231196403503418, 0.9433917999267578, -0.07487042993307114),
            ["LeftLowerLeg"] = CFrame.new(-7.12461769580841e-08, 0, -1.6696495208634587e-07, 1, 1.9374419935047626e-07, -5.428448162092536e-07, 4.512257305577805e-07, -0.36059319972991943, 0.9327234029769897, 3.1403030220644723e-07, -0.9327232241630554, -0.36059290170669556),
        }},
        {Time = 0.133, Data = {
            ["RightFoot"] = CFrame.new(-1.341104507446289e-07, 4.172325134277344e-07, 7.483322406187654e-09, 0.884838342666626, 0.3100907504558563, -0.3477141559123993, -0.46501338481903076, 0.5418268442153931, -0.7001330256462097, -0.02870383858680725, 0.781196117401123, 0.6236254572868347),
            ["LeftLowerArm"] = CFrame.new(-1.7881393432617188e-07, 1.1920928955078125e-07, -1.7881393432617188e-07, 1, 1.7881399116959074e-07, -3.1292427138396306e-07, 6.444749942602357e-07, 0.616138756275177, -0.7876374125480652, 2.2351734685344127e-08, 0.7876376509666443, 0.6161390542984009),
            ["RightUpperArm"] = CFrame.new(0.022238850593566895, -0.31794118881225586, 0.04671202600002289, 0.8947834968566895, 0.16727133095264435, 0.41398441791534424, 0.4377126395702362, -0.1455662101507187, -0.8872531056404114, -0.08814980089664459, 0.9751056432723999, -0.20346716046333313),
            ["Head"] = CFrame.new(2.2351741790771484e-08, -1.1920928955078125e-07, -2.48197466135025e-07, 0.9953128099441528, -0.09147555381059647, -0.03138069435954094, 0.033359918743371964, 0.6293286681175232, -0.776422917842865, 0.09077238291501999, 0.7717368602752686, 0.6294304728507996),
            ["RightHand"] = CFrame.new(2.9802322387695312e-08, 0, 2.1420419216156006e-08, 0.9137393832206726, 0.15119785070419312, 0.37712016701698303, -0.06124551594257355, 0.9688299894332886, -0.24003615975379944, -0.4016583561897278, 0.196233868598938, 0.8945183157920837),
            ["UpperTorso"] = CFrame.new(-5.587935447692871e-09, -5.960464477539063e-08, -1.862645149230957e-09, 0.8922767043113708, -0.19129110872745514, 0.408962219953537, -0.1681911051273346, 0.6997769474983215, 0.6942794919013977, -0.4189917743206024, -0.6882732510566711, 0.5922211408615112),
            ["HumanoidRootPart"] = CFrame.new(0, 0, 0, 1, 0, 0, 0, 1, 0, 0, 0, 1),
            ["RightUpperLeg"] = CFrame.new(0, 4.0512531995773315e-08, 1.197986421175301e-08, 0.9269630908966064, -0.30572107434272766, 0.21742631494998932, 0.2808379530906677, 0.1812250018119812, -0.9424900412559509, 0.2487359493970871, 0.9347150921821594, 0.2538470923900604),
            ["LeftUpperArm"] = CFrame.new(-0.008507013320922852, -0.32160425186157227, 0.047269195318222046, 0.9194743037223816, -0.17976915836334229, -0.3496432304382324, -0.39314937591552734, -0.41871750354766846, -0.8186017870903015, 0.0007571281748823822, 0.8901453614234924, -0.4556760787963867),
            ["RightLowerArm"] = CFrame.new(1.1920928955078125e-07, 3.5762786865234375e-07, 8.940696716308594e-08, 1, -1.639128583974525e-07, 3.1664981747780985e-07, -4.8428795196286956e-08, -0.07143524289131165, -0.997445285320282, 1.1175876579727628e-07, 0.997445285320282, -0.07143577933311462),
            ["LeftHand"] = CFrame.new(-2.682209014892578e-07, -1.1920928955078125e-07, -1.4901161193847656e-07, 0.9798057675361633, 0.19216415286064148, 0.055259399116039276, -0.1741625815629959, 0.9559565782546997, -0.23625168204307556, -0.09822423756122589, 0.2218562215566635, 0.9701194167137146),
            ["LeftFoot"] = CFrame.new(8.055940270423889e-08, 0, 1.4517809177050367e-09, 0.918985903263092, -0.3166152536869049, -0.234989196062088, 0.2939815819263458, 0.9473688006401062, -0.1267569214105606, 0.2627543807029724, 0.04740537703037262, 0.9636974930763245),
            ["LowerTorso"] = CFrame.new(-0.061704907566308975, -1.1084414720535278, 0.07854029536247253, 0.9460126757621765, -0.012569507583975792, -0.32388585805892944, 0.02017776481807232, 0.9995934367179871, 0.020142965018749237, 0.32350099086761475, -0.025590794160962105, 0.945881724357605),
            ["RightLowerLeg"] = CFrame.new(-2.9802322387695312e-08, -1.1920928955078125e-07, -1.5679688658565283e-08, 1, 3.129243850708008e-07, -5.513429641723633e-07, 6.966296268728911e-07, -0.709046483039856, 0.7051615715026855, -4.3213387357354804e-07, -0.7051617503166199, -0.7090467214584351),
            ["LeftUpperLeg"] = CFrame.new(2.9802322387695312e-08, 7.660128176212311e-08, 2.60770320892334e-08, 0.8900279998779297, 0.1984632909297943, -0.41044217348098755, -0.3394794464111328, -0.31241875886917114, -0.8872137069702148, -0.3043091893196106, 0.9289816617965698, -0.21068735420703888),
            ["LeftLowerLeg"] = CFrame.new(-2.2351741790771484e-08, -1.1920928955078125e-07, 5.655246582136897e-08, 1, 2.721499470226263e-07, -3.9744190871715546e-07, 5.327165126800537e-07, -0.34448376297950745, 0.93879234790802, 4.6566128730773926e-08, -0.9387922883033752, -0.34448373317718506),
        }},
        {Time = 0.167, Data = {
            ["RightFoot"] = CFrame.new(7.450580596923828e-09, 2.980232238769531e-07, -2.5345798349007964e-08, 0.8783993124961853, 0.2921558618545532, -0.37823227047920227, -0.4776681065559387, 0.562740683555603, -0.6746523380279541, 0.015743106603622437, 0.7732838988304138, 0.63386470079422),
            ["LeftLowerArm"] = CFrame.new(-2.9802322387695312e-08, 2.384185791015625e-07, 1.1920928955078125e-07, 1, 1.0430816388407038e-07, -7.450577044210149e-08, 3.6321563356978004e-07, 0.43521058559417725, -0.9003286361694336, 1.6391268786719593e-07, 0.9003286957740784, 0.4352106750011444),
            ["RightUpperArm"] = CFrame.new(0.024615049362182617, -0.3241814374923706, 0.047436222434043884, 0.8969743847846985, 0.25129634141921997, 0.36371275782585144, 0.3395857512950897, 0.13510695099830627, -0.9308210015296936, -0.2830522358417511, 0.9584343433380127, 0.03585056588053703),
            ["Head"] = CFrame.new(-7.450580596923828e-09, 3.5762786865234375e-07, -7.636845111846924e-08, 0.9962753653526306, -0.06327679753303528, -0.05857833847403526, 0.0034684822894632816, 0.7081957459449768, -0.706007719039917, 0.08615874499082565, 0.7031748294830322, 0.7057774662971497),
            ["RightHand"] = CFrame.new(-8.940696716308594e-08, -5.960464477539063e-08, 1.7881393432617188e-07, 0.8057888150215149, 0.0859808474779129, 0.5859281420707703, 0.14030224084854126, 0.9335190057754517, -0.3299356698989868, -0.575343132019043, 0.34806549549102783, 0.7401558756828308),
            ["UpperTorso"] = CFrame.new(-4.6566128730773926e-09, 0, 1.30385160446167e-08, 0.9125600457191467, -0.1691606342792511, 0.37231579422950745, -0.16713538765907288, 0.6766466498374939, 0.7170879244804382, -0.3732292354106903, -0.7166129350662231, 0.5892078280448914),
            ["HumanoidRootPart"] = CFrame.new(0, 0, 0, 1, 0, 0, 0, 1, 0, 0, 0, 1),
            ["RightUpperLeg"] = CFrame.new(0, 4.377216100692749e-08, -1.0586518328636885e-09, 0.9352254867553711, -0.29911893606185913, 0.1894230991601944, 0.23420962691307068, 0.12144625186920166, -0.9645707607269287, 0.26551663875579834, 0.9464558959007263, 0.18363617360591888),
            ["LeftUpperArm"] = CFrame.new(-0.006050586700439453, -0.3291337490081787, 0.04820656776428223, 0.9129631519317627, -0.15431463718414307, -0.3777369558811188, -0.4049116373062134, -0.22816504538059235, -0.8854306936264038, 0.05044826120138168, 0.9613156914710999, -0.2707902491092682),
            ["RightLowerArm"] = CFrame.new(0, 2.384185791015625e-07, -5.960464477539063e-08, 1, -3.65078676622943e-07, 2.2351753159455257e-07, 8.195642919872625e-08, -0.09643667936325073, -0.9953391551971436, -1.1175876579727628e-07, 0.9953391551971436, -0.09643702208995819),
            ["LeftHand"] = CFrame.new(0, -1.1920928955078125e-07, -2.9802322387695312e-08, 0.993760347366333, 0.09409818053245544, -0.059883251786231995, -0.10090579092502594, 0.9872351884841919, -0.12322663515806198, 0.04752360284328461, 0.12849992513656616, 0.9905701279640198),
            ["LeftFoot"] = CFrame.new(-4.284083843231201e-08, 1.1920928955078125e-07, 9.83093286777148e-08, 0.9168492555618286, -0.3349981904029846, -0.21717283129692078, 0.33247295022010803, 0.9418289065361023, -0.0491919182240963, 0.22101880609989166, -0.027102451771497726, 0.9748929142951965),
            ["LowerTorso"] = CFrame.new(-0.06594529002904892, -1.125125765800476, 0.12802638113498688, 0.9577357172966003, -0.022539958357810974, -0.2867651879787445, 0.03993994742631912, 0.9976888298988342, 0.05497198924422264, 0.28486335277557373, -0.06410201638936996, 0.9564224481582642),
            ["RightLowerLeg"] = CFrame.new(-7.450580596923828e-08, 1.1920928955078125e-07, -1.3488897820934653e-07, 1, 4.76837158203125e-07, -6.258489406718581e-07, 5.066397648079146e-07, -0.7180003523826599, 0.6960425972938538, -3.2782574521661445e-07, -0.6960428357124329, -0.718000590801239),
            ["LeftUpperLeg"] = CFrame.new(-5.960464477539063e-08, -2.764863893389702e-08, 2.60770320892334e-08, 0.8913625478744507, 0.1196022480726242, -0.4372279942035675, -0.3684418499469757, -0.3707137703895569, -0.8525384664535522, -0.2640518546104431, 0.9210139513015747, -0.2863738238811493),
            ["LeftLowerLeg"] = CFrame.new(9.499490261077881e-08, -1.1920928955078125e-07, -1.7953340147869312e-08, 1, 3.5320411484462966e-07, -3.632158041000366e-07, 4.526228281065414e-07, -0.29849714040756226, 0.9544105529785156, 1.1827798118702049e-07, -0.9544106125831604, -0.2984970808029175),
        }},
        {Time = 0.200, Data = {
            ["RightFoot"] = CFrame.new(-7.450580596923828e-09, 3.5762786865234375e-07, -2.3483153199777007e-08, 0.8741253614425659, 0.29076308012008667, -0.3890525996685028, -0.48487743735313416, 0.5690200328826904, -0.6641610264778137, 0.028265519067645073, 0.7692028284072876, 0.6383794546127319),
            ["LeftLowerArm"] = CFrame.new(-8.940696716308594e-08, -5.364418029785156e-07, -7.644625506630354e-20, 1, -2.7567156735130993e-07, 2.2351723316660355e-07, 9.033830394855613e-08, 0.3949962556362152, -0.9186825752258301, 1.4901162614933128e-07, 0.9186828136444092, 0.394996702671051),
            ["RightUpperArm"] = CFrame.new(0.025508880615234375, -0.32660794258117676, 0.04361794888973236, 0.8752005100250244, 0.18596619367599487, 0.44658803939819336, 0.3892166018486023, 0.2775421440601349, -0.8783398270606995, -0.2872883379459381, 0.9425427913665771, 0.17052365839481354),
            ["Head"] = CFrame.new(-7.450580596923828e-09, 1.1920928955078125e-07, 2.5564804673194885e-07, 0.9951228499412537, -0.04638976231217384, -0.08705577999353409, -0.011626056395471096, 0.8212145566940308, -0.5705008506774902, 0.09795679152011871, 0.5687308311462402, 0.8166701197624207),
            ["RightHand"] = CFrame.new(-7.450580596923828e-08, 5.960464477539063e-08, -1.4901161193847656e-07, 0.7458574175834656, -0.05231993645429611, 0.66404789686203, 0.2754209339618683, 0.9319238662719727, -0.23592624068260193, -0.6064983010292053, 0.3588601052761078, 0.7094922065734863),
            ["UpperTorso"] = CFrame.new(1.1641532182693481e-08, -2.9802322387695312e-08, -2.2351741790771484e-08, 0.9294071793556213, -0.15022926032543182, 0.33709582686424255, -0.1581362783908844, 0.6631909012794495, 0.7315534949302673, -0.3334595561027527, -0.733218252658844, 0.5926178097724915),
            ["HumanoidRootPart"] = CFrame.new(0, 0, 0, 1, 0, 0, 0, 1, 0, 0, 0, 1),
            ["RightUpperLeg"] = CFrame.new(0, -9.313225746154785e-10, -2.7135683922097087e-08, 0.9276794791221619, -0.31992125511169434, 0.19251367449760437, 0.2280312180519104, 0.0771685242652893, -0.9705910086631775, 0.2956565022468567, 0.9442963600158691, 0.1445397436618805),
            ["LeftUpperArm"] = CFrame.new(-0.005121111869812012, -0.33204197883605957, 0.04437890648841858, 0.8878493309020996, -0.1474849283695221, -0.4358579218387604, -0.4537962079048157, -0.12397824972867966, -0.8824388384819031, 0.07610936462879181, 0.981263279914856, -0.17700204253196716),
            ["RightLowerArm"] = CFrame.new(1.7881393432617188e-07, 4.76837158203125e-07, 5.960464477539063e-08, 1, -2.458692449636146e-07, 4.4703500634568627e-07, -1.4901170075631853e-08, -0.11359856277704239, -0.9935266971588135, 4.0978218152076806e-08, 0.993526816368103, -0.11359890550374985),
            ["LeftHand"] = CFrame.new(0, -5.960464477539063e-08, -8.940696716308594e-08, 0.9912562370300293, 0.07572781294584274, -0.10805804282426834, -0.08998710662126541, 0.9869066476821899, -0.13385668396949768, 0.09650629758834839, 0.14241012930870056, 0.9850918054580688),
            ["LeftFoot"] = CFrame.new(-3.3527612686157227e-08, 5.960464477539063e-08, 8.806478035694454e-08, 0.9152595400810242, -0.34820103645324707, -0.2026236653327942, 0.3573409914970398, 0.9339286088943481, 0.009204275906085968, 0.18603113293647766, -0.08082998543977737, 0.9792134165763855),
            ["LowerTorso"] = CFrame.new(-0.07070914655923843, -1.1423534154891968, 0.1607501208782196, 0.9686161279678345, -0.019405703991651535, -0.24780291318893433, 0.03825591877102852, 0.9967080354690552, 0.07148213684558868, 0.24559994041919708, -0.07871868461370468, 0.9661697745323181),
            ["RightLowerLeg"] = CFrame.new(1.043081283569336e-07, 1.1920928955078125e-07, 5.137553671374917e-08, 1, 3.2782554626464844e-07, -5.96046561440744e-07, 7.189811412899871e-07, -0.7336490750312805, 0.6795282959938049, -2.6822092991096724e-07, -0.6795285940170288, -0.7336493730545044),
            ["LeftUpperLeg"] = CFrame.new(0, 1.6298145055770874e-09, -3.725290298461914e-09, 0.8985806107521057, 0.05781856179237366, -0.4349828064441681, -0.37987029552459717, -0.39372751116752625, -0.837064802646637, -0.21966241300106049, 0.9174070954322815, -0.33183231949806213),
            ["LeftLowerLeg"] = CFrame.new(-6.146728992462158e-08, -1.1920928955078125e-07, 1.6086059417830256e-07, 1, 3.711320459842682e-07, -4.768372150465439e-07, 4.880130290985107e-07, -0.25624340772628784, 0.9666123986244202, 4.563480615615845e-08, -0.9666122794151306, -0.25624334812164307),
        }},
        {Time = 0.233, Data = {
            ["RightFoot"] = CFrame.new(5.21540641784668e-08, 2.980232238769531e-07, -8.681308827362955e-08, 0.872207522392273, 0.2965243458747864, -0.38900840282440186, -0.48839181661605835, 0.5718044638633728, -0.6591761708259583, 0.026975078508257866, 0.7649268507957458, 0.6435521245002747),
            ["LeftLowerArm"] = CFrame.new(-5.960464477539063e-08, -3.5762786865234375e-07, 1.1920928955078125e-07, 1, 1.4901162614933128e-07, 1.1920920428565296e-07, 2.3096791323951038e-07, 0.31876125931739807, -0.9478350877761841, 1.192092469182171e-07, 0.9478350877761841, 0.3187611699104309),
            ["RightUpperArm"] = CFrame.new(0.025938868522644043, -0.32831907272338867, 0.042130813002586365, 0.8323456645011902, 0.1342335343360901, 0.5377568602561951, 0.48156848549842834, 0.3051837980747223, -0.8215562105178833, -0.27439481019973755, 0.942785382270813, 0.18937544524669647),
            ["Head"] = CFrame.new(-2.60770320892334e-08, -1.1920928955078125e-07, 2.3283064365386963e-08, 0.9940647482872009, 0.015279019251465797, -0.10771246999502182, -0.04672613367438316, 0.9540774822235107, -0.2958933711051941, 0.09824507683515549, 0.2991703748703003, 0.9491286873817444),
            ["RightHand"] = CFrame.new(9.685754776000977e-08, -2.384185791015625e-07, 2.9802322387695312e-08, 0.7028545141220093, -0.20718277990818024, 0.6804930567741394, 0.30745360255241394, 0.951151967048645, -0.027969038113951683, -0.6414575576782227, 0.22887834906578064, 0.7322205305099487),
            ["UpperTorso"] = CFrame.new(1.0943040251731873e-08, 0, -1.6763806343078613e-08, 0.9384026527404785, -0.13461093604564667, 0.3182457983493805, -0.155051589012146, 0.6590369939804077, 0.7359545230865479, -0.30880334973335266, -0.7399663329124451, 0.5975706577301025),
            ["HumanoidRootPart"] = CFrame.new(0, 0, 0, 1, 0, 0, 0, 1, 0, 0, 0, 1),
            ["RightUpperLeg"] = CFrame.new(-2.9802322387695312e-08, -7.776543498039246e-08, -2.7135683922097087e-08, 0.9187964200973511, -0.3401651084423065, 0.20025238394737244, 0.2279670387506485, 0.04311711713671684, -0.9727137684822083, 0.32224902510643005, 0.9393767714500427, 0.11716217547655106),
            ["LeftUpperArm"] = CFrame.new(-0.004672884941101074, -0.3339850902557373, 0.042890533804893494, 0.8410369753837585, -0.115859255194664, -0.5284257531166077, -0.5346601605415344, -0.029173919931054115, -0.844563364982605, 0.08243418484926224, 0.9928371906280518, -0.08648212999105453),
            ["RightLowerArm"] = CFrame.new(-1.1920928955078125e-07, 2.384185791015625e-07, 2.9802322387695312e-08, 1, -1.9185253563591687e-07, 2.8684740982498624e-07, -1.862645326866641e-08, -0.15280720591545105, -0.9882559776306152, -2.980232594040899e-08, 0.9882560968399048, -0.1528075784444809),
            ["LeftHand"] = CFrame.new(2.980232238769531e-07, -1.1920928955078125e-07, -1.6391277313232422e-07, 0.9803606867790222, 0.14523014426231384, -0.13342106342315674, -0.1656615138053894, 0.9735113382339478, -0.15758191049098969, 0.10700135678052902, 0.1765897125005722, 0.9784511923789978),
            ["LeftFoot"] = CFrame.new(-8.568167686462402e-08, 0, -3.673244464152958e-08, 0.9146599173545837, -0.3520571291446686, -0.19862718880176544, 0.36780765652656555, 0.9286787509918213, 0.04768091067671776, 0.1676747351884842, -0.11666836589574814, 0.9789146184921265),
            ["LowerTorso"] = CFrame.new(-0.07578714191913605, -1.1584950685501099, 0.17911434173583984, 0.9748984575271606, -0.018798744305968285, -0.22185511887073517, 0.03848790377378464, 0.995657742023468, 0.08476108312606812, 0.2192983627319336, -0.09117220342159271, 0.9713886380195618),
            ["RightLowerLeg"] = CFrame.new(-1.4901161193847656e-08, 1.1920928955078125e-07, 1.412263372913003e-08, 1, 2.9802325229866256e-07, -6.407501018657058e-07, 8.083881652964919e-07, -0.746285617351532, 0.6656258702278137, -2.756715389296005e-07, -0.665625810623169, -0.7462857365608215),
            ["LeftUpperLeg"] = CFrame.new(2.9802322387695312e-08, -9.033828973770142e-08, -1.4901161193847656e-08, 0.9023230075836182, 0.020343629643321037, -0.43058010935783386, -0.38362619280815125, -0.4176334738731384, -0.823658287525177, -0.19658096134662628, 0.9083878993988037, -0.3690362870693207),
            ["LeftLowerLeg"] = CFrame.new(2.7939677238464355e-08, -1.1920928955078125e-07, 8.635478820906428e-08, 1, 2.314337450570747e-07, -5.364419735087722e-07, 4.39584198375087e-07, -0.23422667384147644, 0.9721821546554565, 2.2351738948600541e-07, -0.972182035446167, -0.23422643542289734),
        }},
        {Time = 0.267, Data = {
            ["RightFoot"] = CFrame.new(-2.9802322387695312e-08, 2.980232238769531e-07, 2.308297553099692e-08, 0.8717815279960632, 0.3040834069252014, -0.3840968608856201, -0.489393413066864, 0.5760363340377808, -0.6547335982322693, 0.022160174325108528, 0.7587592005729675, 0.6509943604469299),
            ["LeftLowerArm"] = CFrame.new(5.960464477539063e-08, 5.960464477539063e-08, 1.1920928955078125e-07, 1, 3.725293851175593e-08, 2.0861612881617475e-07, 2.1979194286814163e-07, 0.26613351702690125, -0.9639360904693604, 2.2351723316660355e-07, 0.9639362692832947, 0.2661340534687042),
            ["RightUpperArm"] = CFrame.new(0.026278257369995117, -0.32964789867401123, 0.04362852871417999, 0.8070980906486511, 0.11973179876804352, 0.5781494975090027, 0.5105657577514648, 0.35022473335266113, -0.7852805852890015, -0.2965051233768463, 0.9289817214012146, 0.22153450548648834),
            ["Head"] = CFrame.new(0, 2.384185791015625e-07, -9.778887033462524e-08, 0.9954378008842468, 0.061919912695884705, -0.07259152084589005, -0.06207061558961868, 0.9980717301368713, 0.00017960531113203615, 0.07246258109807968, 0.004326986148953438, 0.9973617196083069),
            ["RightHand"] = CFrame.new(7.450580596923828e-08, 0, 2.9802322387695312e-08, 0.6801294088363647, -0.2060123234987259, 0.7035501599311829, 0.3288666605949402, 0.943457305431366, -0.0416572131216526, -0.6551876068115234, 0.25970637798309326, 0.7094236016273499),
            ["UpperTorso"] = CFrame.new(-1.862645149230957e-09, 1.4901161193847656e-07, -4.842877388000488e-08, 0.9428519010543823, -0.1273343414068222, 0.3079225420951843, -0.15233482420444489, 0.6571584343910217, 0.7381985187530518, -0.2963517904281616, -0.7429191470146179, 0.6002054810523987),
            ["HumanoidRootPart"] = CFrame.new(0, 0, 0, 1, 0, 0, 0, 1, 0, 0, 0, 1),
            ["RightUpperLeg"] = CFrame.new(0, 2.1420419216156006e-08, -3.4586264519020915e-08, 0.9119897484779358, -0.3511849641799927, 0.21199928224086761, 0.23204341530799866, 0.015474257990717888, -0.9725823998451233, 0.33827587962150574, 0.9361782670021057, 0.09560250490903854),
            ["LeftUpperArm"] = CFrame.new(-0.004317760467529297, -0.3355008363723755, 0.044449105858802795, 0.7835842967033386, -0.09562167525291443, -0.6138827800750732, -0.615597665309906, 0.013900382444262505, -0.7879382371902466, 0.08387712389230728, 0.995320737361908, -0.04797239601612091),
            ["RightLowerArm"] = CFrame.new(-1.1920928955078125e-07, 4.76837158203125e-07, -2.9802322387695312e-08, 1, -2.868475803552428e-07, 4.0978201809593884e-07, -1.862645326866641e-08, -0.16210725903511047, -0.9867731928825378, -1.8440189819557418e-07, 0.9867732524871826, -0.16210702061653137),
            ["LeftHand"] = CFrame.new(1.1920928955078125e-07, 1.1920928955078125e-07, -1.7881393432617188e-07, 0.9409220218658447, 0.27425798773765564, -0.1986154466867447, -0.30372855067253113, 0.9428685307502747, -0.13692478835582733, 0.14971579611301422, 0.18916000425815582, 0.9704656600952148),
            ["LeftFoot"] = CFrame.new(1.1175870895385742e-08, -5.960464477539063e-08, 4.894923222309444e-08, 0.9161753058433533, -0.3453277051448822, -0.20340101420879364, 0.36543720960617065, 0.9281856417655945, 0.07019057869911194, 0.16455523669719696, -0.13863715529441833, 0.9765763878822327),
            ["LowerTorso"] = CFrame.new(-0.08091744780540466, -1.171517252922058, 0.18861113488674164, 0.9773792624473572, -0.01820293813943863, -0.21070946753025055, 0.038510747253894806, 0.9949509501457214, 0.09268011897802353, 0.20795847475528717, -0.0986982136964798, 0.9731454849243164),
