return {
    ["Rabbit Dance"] = {
        {Time = 0.000, Data = {
            ["RightFoot"] = CFrame.new(-1.4901161193847656e-08, 2.980232238769531e-07, -1.3205863069742918e-08, 0.07067270576953888, -0.297024130821228, -0.9522504806518555, 0.618302583694458, 0.7621660232543945, -0.19184589385986328, 0.7827563285827637, -0.5752214193344116, 0.23751652240753174),
            ["LeftLowerArm"] = CFrame.new(-0.000001341104507446289, 2.980232238769531e-07, 2.2351741790771484e-07, 1, 7.450582373280668e-09, -4.4703494239684005e-08, -7.450581485102248e-09, 0.9892134666442871, -0.14648184180259705, 7.450581485102248e-09, 0.14648184180259705, 0.9892134666442871),
            ["RightUpperArm"] = CFrame.new(2.384185791015625e-07, -2.384185791015625e-07, 1.5832483768463135e-07, 0.6756505966186523, -0.2815948724746704, 0.6813226938247681, 0.5173408389091492, 0.8395137190818787, -0.16605786979198456, -0.5252187252044678, 0.4646731913089752, 0.7128984332084656),
            ["Head"] = CFrame.new(-5.029141902923584e-08, -4.76837158203125e-07, 2.0349398255348206e-07, 0.9992180466651917, 0.030031373724341393, -0.025718510150909424, -0.02765597216784954, 0.9957184791564941, 0.08820316940546036, 0.028257252648472786, -0.08742301166057587, 0.9957705140113831),
            ["RightHand"] = CFrame.new(-5.960464477539063e-08, 3.5762786865234375e-07, -8.940696716308594e-08, 0.9228931069374084, -0.2258579432964325, -0.3118595778942108, 0.18781276047229767, 0.9710697531700134, -0.14747878909111023, 0.33614659309387207, 0.07753598690032959, 0.9386126399040222),
            ["UpperTorso"] = CFrame.new(7.174094207584858e-09, 0.000001430511474609375, 3.620516508817673e-08, 0.9993296265602112, 0.020524384453892708, 0.03031657263636589, -0.025285543873906136, 0.9857823848724365, 0.16611430048942566, -0.026476137340068817, -0.16676944494247437, 0.9856404066085815),
            ["HumanoidRootPart"] = CFrame.new(0, 0, 0, 1, 0, 0, 0, 1, 0, 0, 0, 1),
            ["RightUpperLeg"] = CFrame.new(7.748603820800781e-07, 8.07223841547966e-07, -4.1118619265034795e-07, 0.2586922347545624, 0.9528818130493164, -0.15841268002986908, -0.7445130944252014, 0.0921994000673294, -0.6612115502357483, -0.6154499053955078, 0.2889903485774994, 0.7332836389541626),
            ["LeftUpperArm"] = CFrame.new(-4.76837158203125e-07, -0.0000011920928955078125, -1.3224780559539795e-07, 0.8046692609786987, 0.14899538457393646, -0.574724018573761, -0.3871859312057495, 0.8655326962471008, -0.31771114468574524, 0.4501049816608429, 0.47817733883857727, 0.7541565299034119),
            ["RightLowerArm"] = CFrame.new(-3.5762786865234375e-07, -9.5367431640625e-07, -1.6763806343078613e-07, 1, 0, 2.2351731132630448e-08, 7.4505820180093e-08, 0.9678577780723572, -0.25149857997894287, 1.862645593320167e-09, 0.2514985501766205, 0.9678577184677124),
            ["LeftHand"] = CFrame.new(-0.0000014901161193847656, 7.152557373046875e-07, 1.7881393432617188e-07, 0.952616274356842, 0.18671922385692596, 0.24012120068073273, -0.18089015781879425, 0.982413113117218, -0.046295709908008575, -0.24454256892204285, 0.000666484294924885, 0.9696383476257324),
            ["LeftFoot"] = CFrame.new(-7.078051567077637e-08, 0, -8.195638656616211e-08, 0.5431293249130249, -0.8373749256134033, -0.061755239963531494, 0.8012571334838867, 0.5388774275779724, -0.25999659299850464, 0.2509932816028595, 0.09173092246055603, 0.9636327624320984),
            ["LowerTorso"] = CFrame.new(-0.15347521007061005, -0.1216273307800293, -0.035877253860235214, 0.9987838268280029, -0.04923110455274582, 0.0026759374886751175, 0.04919539391994476, 0.9987161755561829, 0.012082017958164215, -0.0032673124223947525, -0.01193568017333746, 0.9999235272407532),
            ["RightLowerLeg"] = CFrame.new(1.043081283569336e-07, -0.0000035762786865234375, -0.00001322308526141569, 1, -1.7881380642847944e-07, -1.1920936060505483e-07, 1.937150670983101e-07, 0.456062376499176, 0.8899474143981934, -2.1606680888908159e-07, -0.8899478316307068, 0.45606330037117004),
            ["LeftUpperLeg"] = CFrame.new(4.470348358154297e-07, -2.619053702801466e-07, -1.771841198205948e-07, 0.4756840169429779, 0.8789755702018738, -0.033563777804374695, -0.859437108039856, 0.4563068747520447, -0.2305484265089035, -0.18733017146587372, 0.13851380348205566, 0.972481906414032),
            ["LeftLowerLeg"] = CFrame.new(-3.166496753692627e-08, 0.000004112720489501953, 0.00001329183578491211, 1, 4.470347647611561e-08, 1.4901166522918174e-08, -1.005828522693264e-07, 0.8029206395149231, 0.5960847735404968, 1.0244549208948683e-08, -0.5960859656333923, 0.8029215335845947),
        }},
        {Time = 0.033, Data = {
            ["RightFoot"] = CFrame.new(7.450580596923828e-09, 2.384185791015625e-07, -6.768823368474841e-08, 0.9435737133026123, 0.3299253582954407, 0.02859901636838913, -0.3270341157913208, 0.9147353172302246, 0.23729224503040314, 0.05212831124663353, -0.23325662314891815, 0.9710172414779663),
            ["LeftLowerArm"] = CFrame.new(-2.980232238769531e-07, 0.0000011324882507324219, 4.023313522338867e-07, 1, 1.1175872671742582e-08, 0, 5.96046660916727e-08, 0.9472395181655884, -0.32052692770957947, 2.2351748896198842e-08, 0.3205268085002899, 0.9472395181655884),
            ["RightUpperArm"] = CFrame.new(1.1920928955078125e-07, -2.384185791015625e-07, 6.891787052154541e-08, 0.4573602080345154, -0.4418196678161621, 0.7717623114585876, 0.7535322308540344, 0.6534014344215393, -0.07249647378921509, -0.4722403287887573, 0.6147047281265259, 0.6317651867866516),
            ["Head"] = CFrame.new(-5.21977199241519e-08, -2.384185791015625e-07, 5.005858838558197e-08, 0.9988319277763367, 0.046594779938459396, 0.012798675335943699, -0.04816612973809242, 0.9812406897544861, 0.1866731196641922, -0.0038605842273682356, -0.18707159161567688, 0.9823387265205383),
            ["RightHand"] = CFrame.new(-4.76837158203125e-07, 4.172325134277344e-07, -1.5273690223693848e-07, 0.9441112875938416, -0.26853105425834656, -0.19116738438606262, 0.24181324243545532, 0.9583510756492615, -0.15195311605930328, 0.22400957345962524, 0.09723382443189621, 0.9697244167327881),
            ["UpperTorso"] = CFrame.new(-3.387685865163803e-08, 9.238719940185547e-07, 3.4458935260772705e-08, 0.9993352293968201, -0.0014795421157032251, 0.03642702102661133, -0.007594732102006674, 0.9688064455986023, 0.24770216643810272, -0.03565724939107895, -0.24781419336795807, 0.9681511521339417),
            ["HumanoidRootPart"] = CFrame.new(0, 0, 0, 1, 0, 0, 0, 1, 0, 0, 0, 1),
            ["RightUpperLeg"] = CFrame.new(5.960464477539062e-07, 3.410095814615488e-07, -4.189278115518391e-07, 0.9173192977905273, 0.04757179692387581, 0.3953002989292145, 0.3302519917488098, 0.46365195512771606, -0.8221685290336609, -0.22239352762699127, 0.884739339351654, 0.4096054136753082),
            ["LeftUpperArm"] = CFrame.new(-3.5762786865234375e-07, -7.152557373046875e-07, -2.2258609533309937e-07, 0.6876484155654907, 0.3267904818058014, -0.6483424305915833, -0.6456078290939331, 0.6837512254714966, -0.3401101529598236, 0.33216017484664917, 0.6524510383605957, 0.6811588406562805),
            ["RightLowerArm"] = CFrame.new(8.344650268554688e-07, -3.5762786865234375e-07, -4.470348358154297e-07, 1, -1.4901170075631853e-08, 1.4901157641133977e-08, 2.980232949312267e-08, 0.8943434357643127, -0.44738131761550903, -7.450582373280668e-09, 0.44738128781318665, 0.8943433165550232),
            ["LeftHand"] = CFrame.new(-9.5367431640625e-07, 3.5762786865234375e-07, 2.980232238769531e-07, 0.9539985060691833, 0.22568054497241974, 0.19737069308757782, -0.22198942303657532, 0.9741896986961365, -0.04092901945114136, -0.20151330530643463, -0.0047680288553237915, 0.9794741868972778),
            ["LeftFoot"] = CFrame.new(-6.05359673500061e-09, -5.960464477539063e-08, -7.450580596923828e-09, 0.9763565063476562, -0.11370772868394852, 0.18384310603141785, 0.18514011800289154, 0.8788787722587585, -0.43965232372283936, -0.1115846186876297, 0.46329548954963684, 0.8791515827178955),
            ["LowerTorso"] = CFrame.new(-0.16560684144496918, -0.18207001686096191, 0.010936491191387177, 0.9979287981987, -0.05415935441851616, -0.03471086546778679, 0.053788889199495316, 0.9984859228134155, -0.01152004487812519, 0.03528222441673279, 0.009629126638174057, 0.9993310570716858),
            ["RightLowerLeg"] = CFrame.new(-4.470348358154297e-08, -0.000003516674041748047, -0.000013424250937532634, 1, -1.639127589214695e-07, -1.923181827123699e-07, 1.788139627478813e-07, 0.03231096267700195, 0.9994779229164124, -8.940698137394065e-08, -0.9994779229164124, 0.03231106698513031),
            ["LeftUpperLeg"] = CFrame.new(5.364418029785156e-07, -6.836053216829896e-07, -1.6903504729270935e-07, 0.9819806218147278, 0.18789520859718323, 0.020241117104887962, -0.1506228744983673, 0.8428442478179932, -0.5166494846343994, -0.11413587629795074, 0.5042905807495117, 0.8559578061103821),
            ["LeftLowerLeg"] = CFrame.new(1.0058283805847168e-07, 0.000004112720489501953, 0.000013324432075023651, 1, 8.195630130103382e-08, 6.332997770641668e-08, -7.450579886381092e-08, 0.45677614212036133, 0.889581024646759, 4.656612162534657e-08, -0.8895816802978516, 0.45677757263183594),
        }},
        {Time = 0.067, Data = {
            ["RightFoot"] = CFrame.new(7.450580596923828e-09, 2.980232238769531e-07, -8.398637874051929e-08, 0.9484666585922241, 0.3034786581993103, 0.09116943925619125, -0.316830575466156, 0.9032843708992004, 0.2893023192882538, 0.005445194896310568, -0.30327898263931274, 0.9528862833976746),
            ["LeftLowerArm"] = CFrame.new(-4.470348358154297e-07, 1.7881393432617188e-07, 7.748603820800781e-07, 1, -3.073364140959711e-08, -7.450582373280668e-09, 2.980232594040899e-08, 0.8400806784629822, -0.5424614548683167, 2.980232594040899e-08, 0.5424614548683167, 0.8400806784629822),
            ["RightUpperArm"] = CFrame.new(0, -7.152557373046875e-07, 1.3969838619232178e-07, 0.23674997687339783, -0.6313763856887817, 0.7384533882141113, 0.915883481502533, 0.3986576497554779, 0.0472169890999794, -0.3242019712924957, 0.6651585102081299, 0.6726493835449219),
            ["Head"] = CFrame.new(-5.8673322200775146e-08, -7.152557373046875e-07, 9.778887033462524e-08, 0.9977735877037048, 0.05542105436325073, 0.03709934651851654, -0.06361490488052368, 0.9579155445098877, 0.27991247177124023, -0.020024988800287247, -0.28164947032928467, 0.9593085050582886),
            ["RightHand"] = CFrame.new(2.9802322387695312e-08, 1.1920928955078125e-07, 4.470348358154297e-08, 0.908580482006073, -0.3914134204387665, -0.14586636424064636, 0.3754784166812897, 0.9183125495910645, -0.12537159025669098, 0.18302306532859802, 0.05914050340652466, 0.9813281893730164),
            ["UpperTorso"] = CFrame.new(-2.9569491744041443e-08, 0.0000012218952178955078, 2.2351741790771484e-08, 0.999559760093689, -0.016192026436328888, 0.02486494742333889, 0.007749364245682955, 0.9513550400733948, 0.30799946188926697, -0.02864256501197815, -0.3076711893081665, 0.9510615468025208),
            ["HumanoidRootPart"] = CFrame.new(0, 0, 0, 1, 0, 0, 0, 1, 0, 0, 0, 1),
            ["RightUpperLeg"] = CFrame.new(7.748603820800781e-07, 0.0000015081604942679405, -4.291723598726094e-07, 0.9272257685661316, 0.0886082798242569, 0.36386972665786743, 0.34587526321411133, 0.16995690762996674, -0.9227594137191772, -0.14360617101192474, 0.9814597368240356, 0.12694057822227478),
            ["LeftUpperArm"] = CFrame.new(-1.1920928955078125e-07, -9.5367431640625e-07, -1.341104507446289e-07, 0.4825909733772278, 0.5344391465187073, -0.6938881278038025, -0.8636152148246765, 0.42230066657066345, -0.27537408471107483, 0.1458589732646942, 0.7321454286575317, 0.6653482913970947),
            ["RightLowerArm"] = CFrame.new(2.980232238769531e-07, -1.7881393432617188e-07, -1.1920928955078125e-07, 1, -8.47503613954359e-08, 7.450578820566989e-09, 2.980232949312267e-08, 0.7545359134674072, -0.6562588214874268, -2.980232949312267e-08, 0.6562588810920715, 0.7545359134674072),
            ["LeftHand"] = CFrame.new(-8.940696716308594e-07, 6.556510925292969e-07, 1.4901161193847656e-07, 0.9269002676010132, 0.3158562481403351, 0.2027088850736618, -0.31657513976097107, 0.9481009244918823, -0.02974708564579487, -0.20158429443836212, -0.036599986255168915, 0.9787871837615967),
            ["LeftFoot"] = CFrame.new(1.6065314412117004e-08, 5.960464477539063e-08, -4.0978193283081055e-08, 0.9756343364715576, -0.12097392976284027, 0.18303771317005157, 0.19348405301570892, 0.8677453398704529, -0.45780014991760254, -0.1034490168094635, 0.4820614755153656, 0.8700094223022461),
            ["LowerTorso"] = CFrame.new(-0.16978870332241058, -0.2500147819519043, 0.04680009186267853, 0.9973955750465393, -0.058276571333408356, -0.04249636456370354, 0.057191573083400726, 0.9980164170265198, -0.026316149160265923, 0.04394567757844925, 0.02381717972457409, 0.9987499713897705),
            ["RightLowerLeg"] = CFrame.new(-3.725290298461914e-08, -0.000003635883331298828, -0.00001341680035693571, 1, -8.568167686462402e-08, -1.564622067462551e-07, 1.6391277313232422e-07, -0.2721773087978363, 0.9622471928596497, -1.4062970876693726e-07, -0.9622471928596497, -0.2721773087978363),
            ["LeftUpperLeg"] = CFrame.new(5.662441253662109e-07, 2.200249582529068e-07, -1.6763806343078613e-07, 0.9794970154762268, 0.20133548974990845, 0.007058985531330109, -0.15747790038585663, 0.7870432734489441, -0.5964596271514893, -0.12564398348331451, 0.5831182599067688, 0.8026120066642761),
            ["LeftLowerLeg"] = CFrame.new(1.0058283805847168e-07, 0.000003993511199951172, 0.000013316050171852112, 1, 8.195630840646118e-08, 4.470351910867976e-08, -7.450581307466564e-08, 0.31298354268074036, 0.9497581124305725, 4.6100474548893544e-08, -0.9497586488723755, 0.31298479437828064),
        }},
        {Time = 0.100, Data = {
            ["RightFoot"] = CFrame.new(3.632158041000366e-08, 5.364418029785156e-07, -2.8107024263590574e-08, 0.965169370174408, 0.22703759372234344, 0.1300073117017746, -0.2583908438682556, 0.9051157832145691, 0.3376387655735016, -0.04101512208580971, -0.3594708740711212, 0.932254433631897),
            ["LeftLowerArm"] = CFrame.new(-0.0000013113021850585938, 8.344650268554688e-07, 4.172325134277344e-07, 1, -7.078050145992165e-08, 3.073364496231079e-08, 8.940696716308594e-08, 0.6916955709457397, -0.7221893072128296, 3.958120942115784e-08, 0.7221892476081848, 0.6916955709457397),
            ["RightUpperArm"] = CFrame.new(2.384185791015625e-07, -1.1920928955078125e-07, 1.2293457984924316e-07, 0.020963532850146294, -0.8048733472824097, 0.5930764079093933, 0.9853729009628296, 0.11697734147310257, 0.12392177432775497, -0.16911782324314117, 0.5818033814430237, 0.7955525517463684),
            ["Head"] = CFrame.new(-1.0710209608078003e-07, -4.76837158203125e-07, -9.313225746154785e-09, 0.9971907138824463, 0.062021296471357346, 0.04200080409646034, -0.07321835309267044, 0.9253978729248047, 0.3718574345111847, -0.015804370865225792, -0.37388795614242554, 0.9273392558097839),
            ["RightHand"] = CFrame.new(-4.842877388000488e-08, 4.76837158203125e-07, 5.587935447692871e-08, 0.8321572542190552, -0.5347676873207092, -0.14675748348236084, 0.5247130393981934, 0.8449487686157227, -0.10362372547388077, 0.17941711843013763, 0.009225663729012012, 0.983729898929596),
            ["UpperTorso"] = CFrame.new(-8.847564458847046e-09, 0.0000011026859283447266, 2.7939677238464355e-08, 0.9992930293083191, -0.026949288323521614, 0.02621447667479515, 0.016720222309231758, 0.9430808424949646, 0.3321431577205658, -0.03367341309785843, -0.3314700126647949, 0.9428646564483643),
            ["HumanoidRootPart"] = CFrame.new(0, 0, 0, 1, 0, 0, 0, 1, 0, 0, 0, 1),
            ["RightUpperLeg"] = CFrame.new(7.152557373046875e-07, 9.359791874885559e-07, -4.2079045670107007e-07, 0.9407880902290344, 0.11747311055660248, 0.31799057126045227, 0.33379626274108887, -0.15735876560211182, -0.9294182062149048, -0.05914296954870224, 0.9805296063423157, -0.18725332617759705),
            ["LeftUpperArm"] = CFrame.new(-4.76837158203125e-07, -9.5367431640625e-07, -1.5273690223693848e-07, 0.211788609623909, 0.7073246836662292, -0.6744164228439331, -0.9755268096923828, 0.1112680733203888, -0.18964964151382446, -0.059102825820446014, 0.6980767846107483, 0.7135793566703796),
            ["RightLowerArm"] = CFrame.new(-4.76837158203125e-07, -2.384185791015625e-07, -1.1920928955078125e-07, 1, -9.895303776374931e-08, 2.8405327867631058e-08, 6.705523958316917e-08, 0.5821729302406311, -0.8130649924278259, 5.774201383701438e-08, 0.8130650520324707, 0.5821729898452759),
            ["LeftHand"] = CFrame.new(-0.0000014901161193847656, 6.556510925292969e-07, 4.172325134277344e-07, 0.881062388420105, 0.4229790270328522, 0.2117026001214981, -0.4242456555366516, 0.9045853614807129, -0.04172695428133011, -0.20915266871452332, -0.05304982513189316, 0.9764429926872253),
            ["LeftFoot"] = CFrame.new(-4.656612873077393e-10, 0, -1.1175870895385742e-08, 0.979153573513031, -0.11668787896633148, 0.16625875234603882, 0.1853259950876236, 0.8482562303543091, -0.496099591255188, -0.08314184099435806, 0.5165707468986511, 0.8521990180015564),
            ["LowerTorso"] = CFrame.new(-0.16889970004558563, -0.3031601905822754, 0.0655890554189682, 0.9972355961799622, -0.05930061265826225, -0.044773638248443604, 0.058326151221990585, 0.9980379939079285, -0.022766724228858948, 0.04603586718440056, 0.02009231597185135, 0.9987377524375916),
            ["RightLowerLeg"] = CFrame.new(-3.818422555923462e-08, -0.0000035762786865234375, -0.000013021919585298747, 1, -1.2386593084556807e-07, -2.2165471591506503e-07, 1.1827796697616577e-07, -0.5079451203346252, 0.8613896369934082, -2.5762710720300674e-07, -0.8613894581794739, -0.5079448819160461),
            ["LeftUpperLeg"] = CFrame.new(6.556510925292969e-07, -3.3847754821181297e-07, -1.7695128917694092e-07, 0.9749113917350769, 0.22194045782089233, 0.01704210788011551, -0.15811385214328766, 0.7443609237670898, -0.6487895250320435, -0.15667788684368134, 0.6298167705535889, 0.7607771158218384),
            ["LeftLowerLeg"] = CFrame.new(7.82310962677002e-08, 0.0000036954879760742188, 0.000013224780559539795, 1, 6.332987823043368e-08, 6.332998481184404e-08, -5.215404996761208e-08, 0.2218610942363739, 0.9750781059265137, 6.89178563106907e-08, -0.975078284740448, 0.22186218202114105),
        }},
        {Time = 0.133, Data = {
            ["RightFoot"] = CFrame.new(3.725290298461914e-08, 3.5762786865234375e-07, 6.129994289949536e-08, 0.9634042978286743, 0.1758968085050583, 0.20226804912090302, -0.24424391984939575, 0.8869341611862183, 0.3920370042324066, -0.11044059693813324, -0.42709270119667053, 0.8974378108978271),
            ["LeftLowerArm"] = CFrame.new(2.9802322387695312e-08, 3.5762786865234375e-07, 7.972121238708496e-07, 1, -7.450579886381092e-08, 2.980232594040899e-08, 8.940698847936801e-08, 0.5081925988197327, -0.861243486404419, 3.3527619791584584e-08, 0.861243486404419, 0.5081925392150879),
            ["RightUpperArm"] = CFrame.new(2.384185791015625e-07, -4.76837158203125e-07, -3.5390257835388184e-08, -0.13534720242023468, -0.9161894917488098, 0.37719759345054626, 0.9896188974380493, -0.10643626749515533, 0.09657101333141327, -0.04832998290657997, 0.3863524794578552, 0.9210841655731201),
            ["Head"] = CFrame.new(-7.869675755500793e-08, -2.384185791015625e-07, 5.029141902923584e-08, 0.996636688709259, 0.06592297554016113, 0.04867769405245781, -0.08109375834465027, 0.8789106607437134, 0.47004252672195435, -0.011796747334301472, -0.4724090099334717, 0.8813005089759827),
            ["RightHand"] = CFrame.new(2.682209014892578e-07, 3.5762786865234375e-07, 3.725290298461914e-08, 0.7952395677566528, -0.5992608666419983, -0.09208913147449493, 0.59233158826828, 0.8003204464912415, -0.0929010882973671, 0.12937282025814056, 0.019331341609358788, 0.991407573223114),
            ["UpperTorso"] = CFrame.new(1.4202669262886047e-08, 9.238719940185547e-07, 2.9336661100387573e-08, 0.9992505311965942, -0.03197864815592766, 0.02181374840438366, 0.02296382747590542, 0.9433499574661255, 0.3310040533542633, -0.03116307407617569, -0.33025500178337097, 0.9433772563934326),
            ["HumanoidRootPart"] = CFrame.new(0, 0, 0, 1, 0, 0, 0, 1, 0, 0, 0, 1),
            ["RightUpperLeg"] = CFrame.new(7.748603820800781e-07, 4.3795444071292877e-07, -4.152025212533772e-07, 0.9517620205879211, 0.12369970977306366, 0.2807981073856354, 0.30636340379714966, -0.43395012617111206, -0.8472480177879333, 0.01704804226756096, 0.8924044370651245, -0.4509138762950897),
            ["LeftUpperArm"] = CFrame.new(-2.384185791015625e-07, -5.960464477539062e-07, -2.2724270820617676e-07, 0.012216717004776001, 0.8143301010131836, -0.5802735090255737, -0.9691529870033264, -0.13321693241596222, -0.20735463500022888, -0.2461571991443634, 0.5649069547653198, 0.7875828146934509),
            ["RightLowerArm"] = CFrame.new(7.748603820800781e-07, -4.76837158203125e-07, -5.364418029785156e-07, 1, -9.732318773103543e-08, 4.097817196679898e-08, 5.960464477539063e-08, 0.3694086968898773, -0.9292671084403992, 2.9802322387695312e-08, 0.9292671084403992, 0.3694087564945221),
            ["LeftHand"] = CFrame.new(-0.0000011473894119262695, 5.960464477539062e-07, 7.301568984985352e-07, 0.8726014494895935, 0.46619537472724915, 0.1457006335258484, -0.4647081196308136, 0.8842576146125793, -0.04620383679866791, -0.15037694573402405, -0.02739071100950241, 0.9882493019104004),
            ["LeftFoot"] = CFrame.new(8.381903171539307e-09, 5.960464477539063e-08, 2.60770320892334e-08, 0.9821858406066895, -0.10634616017341614, 0.15492354333400726, 0.17196857929229736, 0.8410308361053467, -0.5129258036613464, -0.07574823498725891, 0.5304315686225891, 0.8443374633789062),
            ["LowerTorso"] = CFrame.new(-0.16508887708187103, -0.3188040256500244, 0.07308638095855713, 0.9973886013031006, -0.06064049154520035, -0.03922806307673454, 0.060970425605773926, 0.9981131553649902, 0.0072686029598116875, 0.03871326893568039, -0.009641371667385101, 0.9992039203643799),
            ["RightLowerLeg"] = CFrame.new(-1.4901161193847656e-08, -0.0000035762786865234375, -0.000013662669516634196, 1, -1.359731243155693e-07, -2.682207878024201e-07, 1.2293459406009788e-07, -0.6370672583580017, 0.7708085179328918, -3.390014455817436e-07, -0.770808219909668, -0.6370670199394226),
            ["LeftUpperLeg"] = CFrame.new(5.960464477539062e-07, -5.285837687551975e-07, -1.7508864402770996e-07, 0.9725273251533508, 0.23166464269161224, 0.022849278524518013, -0.1532193273305893, 0.7109130024909973, -0.686387300491333, -0.17525523900985718, 0.6640288233757019, 0.7268772125244141),
            ["LeftLowerLeg"] = CFrame.new(-4.470348358154297e-08, 0.000003814697265625, 0.00001321546733379364, 1, 9.592609728770185e-08, 8.568174081347024e-08, -1.0430811414607888e-07, 0.1968066245317459, 0.9804421067237854, 5.215405707303944e-08, -0.9804423451423645, 0.19680795073509216),
        }},
        {Time = 0.167, Data = {
            ["RightFoot"] = CFrame.new(6.332993507385254e-08, 5.960464477539063e-08, 3.149762051180005e-08, 0.9641985893249512, 0.15763074159622192, 0.2132454216480255, -0.233794167637825, 0.8848049640655518, 0.4030637741088867, -0.12514548003673553, -0.4384891986846924, 0.8899809122085571),
            ["LeftLowerArm"] = CFrame.new(-9.5367431640625e-07, 6.556510925292969e-07, 4.6938657760620117e-07, 1, -8.358617265002977e-08, 5.401671643312511e-08, 8.195637946073475e-08, 0.3899746537208557, -0.9208256602287292, 5.122273449842396e-08, 0.9208255410194397, 0.3899747431278229),
            ["RightUpperArm"] = CFrame.new(1.1920928955078125e-07, -1.1920928955078125e-07, 3.166496753692627e-08, -0.19317112863063812, -0.9470140933990479, 0.25661101937294006, 0.9811587929725647, -0.18739047646522522, 0.04703650251030922, 0.0035421059001237154, 0.2608622610569, 0.9653695225715637),
            ["Head"] = CFrame.new(-1.150183379650116e-07, -3.5762786865234375e-07, -5.8673322200775146e-08, 0.9962830543518066, 0.06872814148664474, 0.051929645240306854, -0.08609183132648468, 0.8147763609886169, 0.5733478665351868, -0.0029059071093797684, -0.5756874680519104, 0.8176647424697876),
            ["RightHand"] = CFrame.new(2.682209014892578e-07, 5.364418029785156e-07, -2.384185791015625e-07, 0.7946949005126953, -0.602445662021637, -0.07429099828004837, 0.5947855710983276, 0.797275722026825, -0.10286760330200195, 0.1212025135755539, 0.037561167031526566, 0.9919169545173645),
            ["UpperTorso"] = CFrame.new(3.4924596548080444e-08, 8.344650268554688e-07, 3.632158041000366e-08, 0.9992871284484863, -0.031046973541378975, 0.02148253656923771, 0.022082440555095673, 0.9421601891517639, 0.33443477749824524, -0.030623208731412888, -0.33372193574905396, 0.9421740770339966),
            ["HumanoidRootPart"] = CFrame.new(0, 0, 0, 1, 0, 0, 0, 1, 0, 0, 0, 1),
            ["RightUpperLeg"] = CFrame.new(7.748603820800781e-07, 7.734633982181549e-07, -3.9191945688799024e-07, 0.9595652222633362, 0.11534781008958817, 0.2567678987979889, 0.2781790494918823, -0.5280153155326843, -0.8023815751075745, 0.043024297803640366, 0.8413647413253784, -0.5387524366378784),
            ["LeftUpperArm"] = CFrame.new(-1.1920928955078125e-07, -3.5762786865234375e-07, -1.8998980522155762e-07, -0.06664396077394485, 0.8522683382034302, -0.5188421607017517, -0.9415826201438904, -0.22576463222503662, -0.24990500509738922, -0.33012235164642334, 0.47187820076942444, 0.8175270557403564),
            ["RightLowerArm"] = CFrame.new(4.76837158203125e-07, 2.980232238769531e-07, -5.960464477539063e-08, 1, -7.869677887129001e-08, 1.0244544768056585e-07, 2.980232949312267e-08, 0.24868234992027283, -0.9685851335525513, 7.078052988163108e-08, 0.968585193157196, 0.24868232011795044),
            ["LeftHand"] = CFrame.new(-0.0000018589198589324951, 1.7881393432617188e-07, 4.6193599700927734e-07, 0.8868276476860046, 0.44740030169487, 0.11562778055667877, -0.44222530722618103, 0.8942818641662598, -0.06853296607732773, -0.13406547904014587, 0.009643406607210636, 0.9909256100654602),
            ["LeftFoot"] = CFrame.new(-6.984919309616089e-09, -5.960464477539063e-08, -4.0978193283081055e-08, 0.9832779169082642, -0.10550189763307571, 0.14843718707561493, 0.16704213619232178, 0.8471595048904419, -0.5043978095054626, -0.07253582775592804, 0.5207593441009521, 0.8506170511245728),
            ["LowerTorso"] = CFrame.new(-0.16229349374771118, -0.30815672874450684, 0.07638485729694366, 0.9975261092185974, -0.0628756433725357, -0.031437378376722336, 0.06374329328536987, 0.9975901246070862, 0.027403390035033226, 0.029638608917593956, -0.029339522123336792, 0.9991300702095032),
            ["RightLowerLeg"] = CFrame.new(-1.4156103134155273e-07, -0.0000037550926208496094, -0.000013215634680818766, 1, -1.5366821060069924e-07, -2.3469328880310059e-07, 1.0430814256778831e-07, -0.6731091737747192, 0.7395429611206055, -2.9057267170173873e-07, -0.7395432591438293, -0.6731093525886536),
            ["LeftUpperLeg"] = CFrame.new(6.854534149169922e-07, -7.835915312170982e-07, -1.341104507446289e-07, 0.9722537994384766, 0.23295828700065613, 0.021289490163326263, -0.1522766649723053, 0.6993511319160461, -0.6983696222305298, -0.1775793582201004, 0.6757503747940063, 0.7154205441474915),
            ["LeftLowerLeg"] = CFrame.new(2.2351741790771484e-08, 0.000003874301910400391, 0.000013247132301330566, 1, 7.962799486449512e-08, 7.823116021654641e-08, -1.043081283569336e-07, 0.21371297538280487, 0.9768964052200317, 4.842877388000488e-08, -0.9768964648246765, 0.2137138694524765),
        }},
        {Time = 0.200, Data = {
            ["RightFoot"] = CFrame.new(-1.3597309589385986e-07, 2.980232238769531e-07, 1.6952981241047382e-09, 0.9702044725418091, 0.14838610589504242, 0.191532701253891, -0.21359150111675262, 0.8969942331314087, 0.38701409101486206, -0.11437643319368362, -0.4163929224014282, 0.9019619226455688),
            ["LeftLowerArm"] = CFrame.new(-0.0000011920928955078125, 7.748603820800781e-07, 3.5762786865234375e-07, 1, -8.475034718458119e-08, 6.845223055051974e-08, 8.521604399902571e-08, 0.25337523221969604, -0.9673681855201721, 6.612392411398105e-08, 0.9673680663108826, 0.25337523221969604),
            ["RightUpperArm"] = CFrame.new(0, 1.1920928955078125e-07, 6.705522537231445e-08, -0.23573999106884003, -0.9617552161216736, 0.139476478099823, 0.9711151123046875, -0.23858168721199036, -0.0037748245522379875, 0.03690690919756889, 0.13455788791179657, 0.9902182221412659),
            ["Head"] = CFrame.new(-1.0337680578231812e-07, -3.5762786865234375e-07, 1.2526288628578186e-07, 0.9960470199584961, 0.06760820001363754, 0.05761542543768883, -0.08877548575401306, 0.7353594899177551, 0.6718373894691467, 0.003053669584915042, -0.6742964386940002, 0.7384545207023621),
            ["RightHand"] = CFrame.new(-5.960464477539063e-08, 2.980232238769531e-07, 7.450580596923828e-08, 0.8049935102462769, -0.5896619558334351, -0.06545312702655792, 0.5803967118263245, 0.8055703043937683, -0.11914850026369095, 0.12298441678285599, 0.0579250305891037, 0.9907166361808777),
            ["UpperTorso"] = CFrame.new(7.450580596923828e-09, 0.000001043081283569336, 4.0512531995773315e-08, 0.9994859099388123, -0.024426575750112534, 0.020768331363797188, 0.016201874241232872, 0.9437502026557922, 0.3302624523639679, -0.027667317539453506, -0.3297562301158905, 0.9436606168746948),
            ["HumanoidRootPart"] = CFrame.new(0, 0, 0, 1, 0, 0, 0, 1, 0, 0, 0, 1),
            ["RightUpperLeg"] = CFrame.new(5.960464477539062e-07, 0.000001017935574054718, -4.0775194065645337e-07, 0.9687919616699219, 0.10060383379459381, 0.2265414148569107, 0.24238447844982147, -0.5757848024368286, -0.7808466553688049, 0.051882918924093246, 0.8113881945610046, -0.5822006464004517),
            ["LeftUpperArm"] = CFrame.new(-3.5762786865234375e-07, -8.344650268554688e-07, -1.564621925354004e-07, -0.1294403076171875, 0.8880096673965454, -0.4412303566932678, -0.9128955006599426, -0.2804429233074188, -0.2966036796569824, -0.387126624584198, 0.3644046485424042, 0.8469604253768921),
            ["RightLowerArm"] = CFrame.new(-3.5762786865234375e-07, 4.76837158203125e-07, -2.980232238769531e-07, 1, -6.309711153562603e-08, 8.940693874137651e-08, 2.9802311729554276e-08, 0.12055622786283493, -0.9927065968513489, 7.450577754752885e-08, 0.9927065372467041, 0.12055621296167374),
            ["LeftHand"] = CFrame.new(-0.0000014472752809524536, 3.5762786865234375e-07, 1.341104507446289e-07, 0.9077616930007935, 0.40581125020980835, 0.10623536258935928, -0.3963724970817566, 0.9126861691474915, -0.09946286678314209, -0.13732264935970306, 0.04817982017993927, 0.9893540143966675),
            ["LeftFoot"] = CFrame.new(8.66129994392395e-08, -5.960464477539063e-08, -2.60770320892334e-08, 0.9843266606330872, -0.1046944186091423, 0.14191588759422302, 0.16103683412075043, 0.8616366982460022, -0.4812985360622406, -0.07189136743545532, 0.49660995602607727, 0.8649923205375671),
            ["LowerTorso"] = CFrame.new(-0.15980109572410583, -0.28072214126586914, 0.07974831759929657, 0.9976130127906799, -0.06491602957248688, -0.023540973663330078, 0.06602896749973297, 0.9965609908103943, 0.050065454095602036, 0.020209962502121925, -0.051500335335731506, 0.9984685778617859),
            ["RightLowerLeg"] = CFrame.new(-1.1175870895385742e-07, -0.000003635883331298828, -0.000013193282939027995, 1, -7.543710012214433e-08, -2.3469328880310059e-07, 1.0803340444454079e-07, -0.6858603358268738, 0.7277331352233887, -2.2724267978446733e-07, -0.727733314037323, -0.6858605146408081),
            ["LeftUpperLeg"] = CFrame.new(8.344650268554688e-07, -3.096647560596466e-08, -1.6763806343078613e-07, 0.9725629091262817, 0.23149658739566803, 0.023044133558869362, -0.1497124582529068, 0.6986185312271118, -0.699656069278717, -0.17806676030158997, 0.6770091652870178, 0.7141081094741821),
            ["LeftLowerLeg"] = CFrame.new(-3.725290298461914e-08, 0.0000040531158447265625, 0.000013310462236404419, 1, 8.940686058167557e-08, 7.078060093590466e-08, -7.450579886381092e-08, 0.26255881786346436, 0.9649155735969543, 6.332992796842518e-08, -0.9649159908294678, 0.26256033778190613),
        }},
        {Time = 0.233, Data = {
            ["RightFoot"] = CFrame.new(4.470348358154297e-08, 5.364418029785156e-07, 6.502523319795728e-08, 0.9891948699951172, 0.13149404525756836, 0.0648287907242775, -0.14454203844070435, 0.9486811757087708, 0.28126856684684753, -0.024516722187399864, -0.2875995635986328, 0.9574368000030518),
            ["LeftLowerArm"] = CFrame.new(2.086162567138672e-07, 0.0000010132789611816406, 3.91155481338501e-07, 1, -8.754427938129083e-08, 9.126959810146218e-08, 7.729976658765736e-08, -0.046198539435863495, -0.9989323616027832, 8.754431490842762e-08, 0.9989323019981384, -0.0461985282599926),
            ["RightUpperArm"] = CFrame.new(2.384185791015625e-07, 0, 2.8870999813079834e-08, -0.28334981203079224, -0.9570224285125732, -0.061814092099666595, 0.9577348828315735, -0.27905136346817017, -0.06981576979160309, 0.049565814435482025, -0.07898377627134323, 0.995642900466919),
            ["Head"] = CFrame.new(-7.217749953269958e-08, -3.5762786865234375e-07, 9.499490261077881e-08, 0.9956112504005432, 0.06318766623735428, 0.0690343976020813, -0.09355606138706207, 0.653184711933136, 0.7513967752456665, 0.0023868014104664326, -0.7545575499534607, 0.6562296152114868),
            ["RightHand"] = CFrame.new(9.238719940185547e-07, -5.960464477539063e-08, 1.4901161193847656e-08, 0.8283026218414307, -0.5565210580825806, -0.06480134278535843, 0.5441914796829224, 0.8266354203224182, -0.14328192174434662, 0.13330650329589844, 0.08341643959283829, 0.9875582456588745),
            ["UpperTorso"] = CFrame.new(1.5599653124809265e-08, 0.0000014901161193847656, 6.076879799365997e-08, 0.9997554421424866, -0.017192265018820763, 0.013916987925767899, 0.012302972376346588, 0.9550912380218506, 0.29605644941329956, -0.018381889909505844, -0.29581281542778015, 0.9550690054893494),
            ["HumanoidRootPart"] = CFrame.new(0, 0, 0, 1, 0, 0, 0, 1, 0, 0, 0, 1),
            ["RightUpperLeg"] = CFrame.new(5.960464477539062e-07, 0.0000013243407011032104, -3.5652919905260205e-07, 0.9866703152656555, 0.07254485040903091, 0.14566728472709656, 0.16060249507427216, -0.5784329771995544, -0.7997642755508423, 0.026239968836307526, 0.8124977946281433, -0.5823729038238525),
            ["LeftUpperArm"] = CFrame.new(-3.5762786865234375e-07, -2.384185791015625e-07, -1.9371509552001953e-07, -0.2606431245803833, 0.9327272176742554, -0.24916885793209076, -0.8750312328338623, -0.33727777004241943, -0.34722357988357544, -0.4079039692878723, 0.12752912938594818, 0.904074490070343),
            ["RightLowerArm"] = CFrame.new(2.980232238769531e-07, -9.5367431640625e-07, -1.7881393432617188e-07, 1, -8.38190601371025e-08, 1.7136333951839333e-07, 6.239864092094649e-08, -0.1420799046754837, -0.989855170249939, 1.3597316694813344e-07, 0.9898552298545837, -0.1420798897743225),
            ["LeftHand"] = CFrame.new(-0.0000012330710887908936, 5.364418029785156e-07, 2.682209014892578e-07, 0.9347933530807495, 0.31591734290122986, 0.16235056519508362, -0.29381150007247925, 0.9445931315422058, -0.14635193347930908, -0.19959032535552979, 0.08910833299160004, 0.9758193492889404),
            ["LeftFoot"] = CFrame.new(1.210719347000122e-08, 0, 3.725290298461914e-09, 0.9869678020477295, -0.09631717205047607, 0.12890870869159698, 0.1415245234966278, 0.900814950466156, -0.41049084067344666, -0.07658632099628448, 0.42338570952415466, 0.9027069807052612),
            ["LowerTorso"] = CFrame.new(-0.15780773758888245, -0.19564366340637207, 0.08763562142848969, 0.9977537989616394, -0.06474074721336365, -0.01720392517745495, 0.06609011441469193, 0.9932676553726196, 0.0951404869556427, 0.010928633622825146, -0.09606380015611649, 0.9953152537345886),
            ["RightLowerLeg"] = CFrame.new(6.51925802230835e-09, -0.000003635883331298828, -0.000013502482033800334, 1, -9.359795427599238e-08, -2.700834045299416e-07, 8.381903882082042e-08, -0.669518768787384, 0.7427954077720642, -2.868473814032768e-07, -0.7427951097488403, -0.6695185899734497),
            ["LeftUpperLeg"] = CFrame.new(4.470348358154297e-07, 2.6635825634002686e-07, -1.0803341865539551e-07, 0.9731352925300598, 0.22531072795391083, 0.04735950008034706, -0.13562944531440735, 0.7272281646728516, -0.6728628873825073, -0.18604402244091034, 0.6483628153800964, 0.7382497191429138),
            ["LeftLowerLeg"] = CFrame.new(1.4901161193847656e-08, 0.000004172325134277344, 0.000013187527656555176, 1, 1.0553040397098812e-07, 7.450583439094771e-08, -8.940696716308594e-08, 0.42187708616256714, 0.9066525101661682, 2.60770320892334e-08, -0.9066530466079712, 0.42187821865081787),
        }},
        {Time = 0.267, Data = {
            ["RightFoot"] = CFrame.new(8.381903171539307e-09, 2.384185791015625e-07, 1.229636836796999e-09, 0.9859578609466553, 0.14102861285209656, -0.08943205326795578, -0.12611617147922516, 0.9798639416694641, 0.1547955870628357, 0.10946182161569595, -0.1413426250219345, 0.9838903546333313),
            ["LeftLowerArm"] = CFrame.new(-9.5367431640625e-07, 0.0000013113021850585938, 3.948807716369629e-07, 1, -8.195636524988004e-08, 8.568170528633345e-08, 8.032657916601238e-08, -0.3259783387184143, -0.9453772902488708, 1.136213683139431e-07, 0.9453772306442261, -0.3259783983230591),
            ["RightUpperArm"] = CFrame.new(2.384185791015625e-07, -9.5367431640625e-07, 3.91155481338501e-08, -0.23532110452651978, -0.944994330406189, -0.22717785835266113, 0.9711101055145264, -0.21908527612686157, -0.09458814561367035, 0.039613768458366394, -0.24287328124046326, 0.9692489504814148),
            ["Head"] = CFrame.new(-1.3504177331924438e-07, -9.5367431640625e-07, -2.9802322387695312e-08, 0.994644045829773, 0.06251470744609833, 0.08231181651353836, -0.10329388082027435, 0.5726790428161621, 0.8132461905479431, 0.0037015972193330526, -0.8173925876617432, 0.576069176197052),
            ["RightHand"] = CFrame.new(4.172325134277344e-07, 0.0000010132789611816406, -1.4901161193847656e-07, 0.8812096118927002, -0.47044888138771057, -0.046342846006155014, 0.4593592882156372, 0.8753156065940857, -0.15103551745414734, 0.11161912232637405, 0.11180592328310013, 0.9874414205551147),
            ["UpperTorso"] = CFrame.new(1.1888914741575718e-08, 0.0000012814998626708984, -5.4249539971351624e-08, 0.999946653842926, -0.0002155753900296986, 0.010328417643904686, -0.0024621477350592613, 0.9659984707832336, 0.2585364580154419, -0.010032971389591694, -0.2585480213165283, 0.9659463167190552),
            ["HumanoidRootPart"] = CFrame.new(0, 0, 0, 1, 0, 0, 0, 1, 0, 0, 0, 1),
            ["RightUpperLeg"] = CFrame.new(7.152557373046875e-07, 0.0000010402873158454895, -4.659596015699208e-07, 0.9962405562400818, 0.05478482320904732, 0.06710804253816605, 0.0846935287117958, -0.45302635431289673, -0.8874651789665222, -0.01821793057024479, 0.8898122310638428, -0.45596280694007874),
            ["LeftUpperArm"] = CFrame.new(-1.1920928955078125e-07, -0.0000011920928955078125, -8.381903171539307e-08, -0.3180595934391022, 0.9475318193435669, -0.03196258842945099, -0.8932687640190125, -0.3108002543449402, -0.3247677981853485, -0.31766167283058167, -0.07474428415298462, 0.9452535510063171),
            ["RightLowerArm"] = CFrame.new(7.152557373046875e-07, -2.980232238769531e-07, -5.662441253662109e-07, 1, -1.0058282384761696e-07, 8.940691031966708e-08, 9.685756907629184e-08, -0.42292773723602295, -0.9061635136604309, 1.0430815677864302e-07, 0.9061633944511414, -0.42292773723602295),
            ["LeftHand"] = CFrame.new(-9.5367431640625e-07, 1.7881393432617188e-07, 3.8743019104003906e-07, 0.9402291774749756, 0.21143180131912231, 0.2669564187526703, -0.17087067663669586, 0.9709986448287964, -0.16722725331783295, -0.2945714294910431, 0.11161693185567856, 0.9490886926651001),
