return {
    ["Radical"] = {
        {Time = 0.000, Data = {
            ["RightFoot"] = CFrame.new(-3.91155481338501e-08, 0, -9.825453162193298e-08, 0.9428454041481018, 0.3237239718437195, -0.07629120349884033, -0.32831424474716187, 0.8642095923423767, -0.3823533058166504, -0.057028960436582565, 0.38515549898147583, 0.9208613634109497),
            ["LeftLowerArm"] = CFrame.new(3.129243850708008e-07, 2.384185791015625e-07, 2.9802322387695312e-08, 1, -1.1920930376163597e-07, 1.3038520307873114e-07, 8.847564458847046e-08, 0.012430807575583458, -0.9999227523803711, 1.6391277313232422e-07, 0.9999227523803711, 0.012430676259100437),
            ["LeftFoot"] = CFrame.new(-3.562308847904205e-08, -1.1920928955078125e-07, 2.491287887096405e-08, 0.9708585143089294, -0.19750212132930756, -0.13627177476882935, 0.12010914832353592, 0.8907182216644287, -0.43910926580429077, 0.20738248527050018, 0.4094070494174957, 0.8880388736724854),
            ["Head"] = CFrame.new(-7.105427357601002e-15, 0, 7.450580596923828e-09, 0.9978419542312622, -0.06566309183835983, -4.090676686274719e-09, 0.06341030448675156, 0.9636076092720032, -0.2596912086009979, 0.01705213449895382, 0.2591308057308197, 0.9656916856765747),
            ["LowerTorso"] = CFrame.new(2.141315391668286e-08, -0.2476487159729004, 0.11378499865531921, 1, -2.3892329892305497e-08, -9.42733002773366e-10, 2.383020714091799e-08, 0.9926134347915649, 0.12132062017917633, -1.9628578762365123e-09, -0.1213206946849823, 0.9926133751869202),
            ["UpperTorso"] = CFrame.new(-2.9819896552041314e-15, -0.000011771917343139648, 0.0007418030872941017, 1, -8.605121948335182e-09, -5.091707611093454e-10, 8.597079492744797e-09, 0.9912548661231995, 0.13196176290512085, -6.308598088367035e-10, -0.1319616436958313, 0.9912548661231995),
            ["HumanoidRootPart"] = CFrame.new(0, 0, 0, 1, 0, 0, 0, 1, 0, 0, 0, 1),
            ["RightUpperLeg"] = CFrame.new(-2.9802322387695312e-08, 0.000041540712118148804, 0.001127641648054123, 0.6665321588516235, 0.02764546312391758, 0.7449699640274048, 0.4222618341445923, 0.8095383644104004, -0.4077536165714264, -0.6143532395362854, 0.5864158272743225, 0.5279743671417236),
            ["LeftUpperArm"] = CFrame.new(-0.02132594585418701, -0.15756022930145264, 0.1099841520190239, 0.35549572110176086, 0.7649314403533936, -0.5318191051483154, 0.6897206902503967, 0.16564048826694489, 0.7012086510658264, 0.6307997703552246, -0.6224492192268372, -0.47484201192855835),
            ["RightLowerArm"] = CFrame.new(-5.21540641784668e-08, 5.960464477539062e-07, -8.940696716308594e-08, 0.9999712705612183, 0.006207719445228577, -0.0043561733327806, -0.004340485204011202, -0.0025508366525173187, -0.9999874234199524, -0.006218642927706242, 0.9999774694442749, -0.002523929812014103),
            ["LeftHand"] = CFrame.new(1.7881393432617188e-07, 4.172325134277344e-07, 2.2514723241329193e-07, 1, 0.000001311302526119107, 0.00008456571958959103, -0.0000011473895256131073, 1, -0.0004076232435181737, -0.000084584993601311, 0.00040769774932414293, 1),
            ["RightHand"] = CFrame.new(-3.2782554626464844e-07, 4.76837158203125e-07, 1.341104507446289e-07, 1, -0.0000012964011375515838, -0.00008464232814731076, 0.0000012814998626708984, 0.9999999403953552, -0.00040771072963252664, 0.00008458644151687622, 0.0004076958284713328, 1),
            ["RightUpperArm"] = CFrame.new(0.11502909660339355, -0.13422942161560059, 0.003906209021806717, 0.3627091944217682, -0.6542096138000488, 0.659580647945404, -0.7075874209403992, 0.2625315487384796, 0.6525272727012634, -0.6064338088035583, -0.7092863321304321, -0.3730434775352478),
            ["RightLowerLeg"] = CFrame.new(-1.043081283569336e-07, -1.1920928955078125e-07, 4.470348358154297e-08, 1, -2.980150171083551e-08, 5.9603138424790814e-08, -1.5459956159702415e-07, 0.4442416727542877, 0.895910382270813, -3.725290653733282e-08, -0.8959069848060608, 0.4442349374294281),
            ["LeftUpperLeg"] = CFrame.new(0, 0.00004168413579463959, 0.0011276565492153168, 0.7760237455368042, 0.008116531185805798, -0.6306542158126831, -0.39579421281814575, 0.7847824692726135, -0.4768203794956207, 0.4910541772842407, 0.6197183132171631, 0.6123050451278687),
            ["LeftLowerLeg"] = CFrame.new(0, -5.960464477539063e-08, -2.9802322387695312e-08, 1, -1.4900770395342988e-08, 1.1920526787889685e-07, -1.1548399925231934e-07, 0.48146766424179077, 0.876435399055481, -4.470348358154297e-08, -0.8764638304710388, 0.48151955008506775),
        }},
        {Time = 0.033, Data = {
            ["RightFoot"] = CFrame.new(-9.313225746154785e-09, -5.960464477539063e-08, 1.792795956134796e-08, 0.9000622034072876, 0.37548691034317017, -0.21937234699726105, -0.4354395568370819, 0.7956157922744751, -0.4224695563316345, 0.016749804839491844, 0.47539979219436646, 0.8794289231300354),
            ["LeftLowerArm"] = CFrame.new(-1.564621925354004e-07, 2.384185791015625e-07, 7.450580596923828e-08, 0.9999993443489075, -0.0009226951515302062, -0.0007049146806821227, -0.0009240508079528809, -0.2647380530834198, -0.9643199443817139, 0.0007032901048660278, 0.9643199443817139, -0.26473891735076904),
            ["LeftFoot"] = CFrame.new(-6.030313670635223e-08, -1.1920928955078125e-07, -6.915070116519928e-08, 0.9717883467674255, -0.23553688824176788, 0.0057568177580833435, 0.21072286367416382, 0.8553967475891113, -0.4740142822265625, 0.10594024509191513, 0.4613230228424072, 0.8804983496665955),
            ["Head"] = CFrame.new(6.984919309616089e-09, 4.76837158203125e-07, 1.043081283569336e-07, 0.9932180047035217, 0.11542049050331116, -0.014001580886542797, -0.11490408331155777, 0.9560513496398926, -0.2697460651397705, -0.017747990787029266, 0.269525408744812, 0.9628297686576843),
            ["LowerTorso"] = CFrame.new(2.259814735339205e-08, -0.29679036140441895, 0.12088437378406525, 0.9996798038482666, 0.025299204513430595, -0.0005043725250288844, -0.02493131533265114, 0.9881607294082642, 0.151382714509964, 0.004328263457864523, -0.15132169425487518, 0.9884752035140991),
            ["UpperTorso"] = CFrame.new(5.966285243630409e-10, -0.00001150369644165039, 0.0007417825981974602, 0.9972102046012878, -0.07464363425970078, 0.0004927276750095189, 0.07392583042383194, 0.988491952419281, 0.13197997212409973, -0.010338518768548965, -0.13157522678375244, 0.9912522435188293),
            ["HumanoidRootPart"] = CFrame.new(0, 0, 0, 1, 0, 0, 0, 1, 0, 0, 0, 1),
            ["RightUpperLeg"] = CFrame.new(0, 0.00004194118082523346, 0.0011276155710220337, 0.5849390625953674, 0.030996009707450867, 0.8104899525642395, 0.475766658782959, 0.7961806654930115, -0.3737526535987854, -0.6568807363510132, 0.6042644381523132, 0.4510153830051422),
            ["LeftUpperArm"] = CFrame.new(-0.011862993240356445, -0.1042243242263794, 0.061012208461761475, 0.35630002617836, 0.8578876256942749, -0.3636658489704132, 0.6893437504768372, 0.018709544092416763, 0.7199320793151855, 0.6307578086853027, -0.5134965181350708, -0.5911386013031006),
            ["RightLowerArm"] = CFrame.new(-3.5390257835388184e-08, 2.980232238769531e-07, -3.3527612686157227e-08, 0.9999693036079407, 0.005802856292575598, -0.005278954282402992, -0.003621951211243868, -0.25540095567703247, -0.9668284058570862, -0.006958619691431522, 0.9668179154396057, -0.25537219643592834),
            ["LeftHand"] = CFrame.new(-5.960464477539063e-08, 2.980232238769531e-07, 1.4901161193847656e-08, 1, 0.0000012069943977621733, 0.00008458272350253537, -0.0000012516975402832031, 1, -0.0004076604382134974, -0.00008460506796836853, 0.00040761762647889555, 0.9999999403953552),
            ["RightHand"] = CFrame.new(5.960464477539063e-08, 2.384185791015625e-07, 2.086162567138672e-07, 1, -0.000001251697995030554, -0.00008459389209747314, 0.0000012367963790893555, 1, -0.0004075467586517334, 0.00008461624383926392, 0.0004077033663634211, 0.9999999403953552),
            ["RightUpperArm"] = CFrame.new(0.07620382308959961, -0.10311925411224365, -0.0630994662642479, 0.3635116219520569, -0.7763184905052185, 0.5093342065811157, -0.70721036195755, 0.12242943793535233, 0.6925632953643799, -0.6063931584358215, -0.6183370351791382, -0.5108177065849304),
            ["RightLowerLeg"] = CFrame.new(-2.9802322387695312e-08, -2.980232238769531e-07, 0, 1, -4.4702403556584613e-08, 1.6391052781727922e-07, -1.0430815677864302e-07, 0.3852200508117676, 0.9228665232658386, -5.960465898624534e-08, -0.9228248000144958, 0.38512012362480164),
            ["LeftUpperLeg"] = CFrame.new(1.1920928955078125e-07, 0.000041949562728405, 0.0011275969445705414, 0.7153655886650085, -0.03708665445446968, -0.6977737545967102, -0.4134827256202698, 0.782518744468689, -0.46540406346321106, 0.5632799863815308, 0.621521532535553, 0.5445280075073242),
            ["LeftLowerLeg"] = CFrame.new(8.940696716308594e-08, -1.1920928955078125e-07, -2.9802322387695312e-08, 1, -1.4900754408131434e-08, 1.1920573683710245e-07, -9.033831105398349e-08, 0.46357032656669617, 0.8860478401184082, -7.450582373280668e-09, -0.8860600590705872, 0.46359387040138245),
        }},
        {Time = 0.067, Data = {
            ["RightFoot"] = CFrame.new(-1.0244548320770264e-08, -1.1920928955078125e-07, 2.421438694000244e-08, 0.8438029885292053, 0.41516152024269104, -0.33851978182792664, -0.5332651734352112, 0.7205796241760254, -0.44457241892814636, 0.060207027941942215, 0.5553432106971741, 0.8293128609657288),
            ["LeftLowerArm"] = CFrame.new(-1.4808028936386108e-07, 5.960464477539062e-07, -2.2351741790771484e-08, 0.9999974370002747, -0.002000809647142887, -0.001133591285906732, -0.002010300988331437, -0.5212323665618896, -0.853412389755249, 0.0011165962787345052, 0.8534125685691833, -0.5212351679801941),
            ["LeftFoot"] = CFrame.new(1.1874362826347351e-08, -5.960464477539063e-08, 9.313225746154785e-09, 0.9537175893783569, -0.2664850056171417, 0.13783395290374756, 0.3001650273799896, 0.8170744776725769, -0.4932072162628174, 0.017993848770856857, 0.5112486481666565, 0.8589228987693787),
            ["Head"] = CFrame.new(1.862645149230957e-08, 3.5762786865234375e-07, 1.862645149230957e-08, 0.9559730291366577, 0.29277315735816956, -0.01998676173388958, -0.287704735994339, 0.9216487407684326, -0.2603643834590912, -0.05780695751309395, 0.25465160608291626, 0.9653035402297974),
            ["LowerTorso"] = CFrame.new(2.3783137237387564e-08, -0.34593212604522705, 0.12798373401165009, 0.9987160563468933, 0.05064639449119568, -0.0011070345062762499, -0.04960634186863899, 0.9821704030036926, 0.18132999539375305, 0.010271004401147366, -0.18104232847690582, 0.9834216833114624),
            ["UpperTorso"] = CFrame.new(4.769390216097236e-09, -0.00001189112663269043, 0.0007417984306812286, 0.9888562560081482, -0.14887076616287231, 0.000982707948423922, 0.14743919670581818, 0.9802187085151672, 0.13203458487987518, -0.0206193458288908, -0.13041822612285614, 0.9912446737289429),
            ["HumanoidRootPart"] = CFrame.new(0, 0, 0, 1, 0, 0, 0, 1, 0, 0, 0, 1),
            ["RightUpperLeg"] = CFrame.new(0, 0.00004158727824687958, 0.001127634197473526, 0.5121322274208069, 0.022122593596577644, 0.858625054359436, 0.527066171169281, 0.7812218070030212, -0.33446210622787476, -0.6781755089759827, 0.6238613724708557, 0.38845592737197876),
            ["LeftUpperArm"] = CFrame.new(0.005359351634979248, -0.05088937282562256, 0.01204003393650055, 0.357043981552124, 0.9147581458091736, -0.18061323463916779, 0.6888672709465027, -0.1293933391571045, 0.7082716822624207, 0.6308576464653015, -0.38272038102149963, -0.6824442148208618),
            ["RightLowerArm"] = CFrame.new(-1.043081283569336e-07, 5.960464477539062e-07, -4.470348358154297e-08, 0.9999681711196899, 0.0051795546896755695, -0.006068323273211718, -0.0027378499507904053, -0.49164140224456787, -0.8707932829856873, -0.007493659853935242, 0.8707823753356934, -0.4916118085384369),
            ["LeftHand"] = CFrame.new(-5.960464477539063e-08, 4.76837158203125e-07, -5.960464477539063e-08, 1, 0.0000012516976539700408, 0.00008458644879283383, -0.0000011771918480008026, 1, -0.0004075691686011851, -0.00008466095459880307, 0.00040773680666461587, 1),
            ["RightHand"] = CFrame.new(2.980232238769531e-07, 3.5762786865234375e-07, 2.421438694000244e-08, 1, -0.000001266599042537564, -0.0000846386028570123, 0.0000012069943977621733, 1, -0.00040766416350379586, 0.0000846311668283306, 0.0004076753684785217, 1),
            ["RightUpperArm"] = CFrame.new(0.016291022300720215, -0.07200956344604492, -0.13010531663894653, 0.3642547130584717, -0.865289568901062, 0.3375317454338074, -0.706737220287323, -0.023330779746174812, 0.7026411294937134, -0.6064988970756531, -0.5007291436195374, -0.626392662525177),
            ["RightLowerLeg"] = CFrame.new(-2.9802322387695312e-08, -2.384185791015625e-07, -2.3283064365386963e-08, 1, 0, 4.4703259760581204e-08, -1.1175868053214799e-07, 0.33270764350891113, 0.9430937767028809, 2.2351736461700966e-08, -0.9430299997329712, 0.3325270712375641),
            ["LeftUpperLeg"] = CFrame.new(0, 0.00004138238728046417, 0.0011276043951511383, 0.662792980670929, -0.06900283694267273, -0.7456278204917908, -0.4320679306983948, 0.7780166864395142, -0.4559834599494934, 0.6115740537643433, 0.6244426965713501, 0.48591986298561096),
            ["LeftLowerLeg"] = CFrame.new(-2.9802322387695312e-08, -5.960464477539063e-08, -5.960464477539063e-08, 1, -2.9801487499980794e-08, 1.6390841039992665e-07, -9.872017869838601e-08, 0.44829317927360535, 0.8938868045806885, -1.1175869474300271e-07, -0.8938866853713989, 0.4482928514480591),
        }},
        {Time = 0.100, Data = {
            ["RightFoot"] = CFrame.new(2.3748725652694702e-08, -1.7881393432617188e-07, 7.101334631443024e-08, 0.8558537364006042, 0.4105081260204315, -0.31300392746925354, -0.512712836265564, 0.7544096112251282, -0.411337673664093, 0.0681174173951149, 0.5122002959251404, 0.8560548424720764),
            ["LeftLowerArm"] = CFrame.new(-1.4901161193847656e-07, 4.172325134277344e-07, -3.725290298461914e-08, 0.9999977350234985, -0.0018417842220515013, -0.0011259097373113036, -0.0018886402249336243, -0.4938865602016449, -0.8695242404937744, 0.0010454431176185608, 0.8695244193077087, -0.4938891530036926),
            ["LeftFoot"] = CFrame.new(-8.544884622097015e-08, 0, -7.264316082000732e-08, 0.9510062336921692, -0.28394731879234314, 0.12063387781381607, 0.3071383237838745, 0.823756992816925, -0.4775487780570984, 0.035400908440351486, 0.49071210622787476, 0.8702842593193054),
            ["Head"] = CFrame.new(6.51925802230835e-09, 2.384185791015625e-07, 8.940696716308594e-08, 0.9597123861312866, 0.2809763550758362, 0.0021311724558472633, -0.27522701025009155, 0.9415478110313416, -0.1942625343799591, -0.05658978968858719, 0.1858496069908142, 0.9809473156929016),
            ["LowerTorso"] = CFrame.new(0.0012228793930262327, -0.32876455783843994, 0.1233614981174469, 0.9991316795349121, 0.04152292385697365, -0.0034280503168702126, -0.04051845520734787, 0.9875243902206421, 0.15216389298439026, 0.009703569114208221, -0.15189291536808014, 0.9883493781089783),
            ["UpperTorso"] = CFrame.new(-1.229636836796999e-09, -0.000011801719665527344, 0.0007417863234877586, 0.9921150207519531, -0.12533093988895416, 0.0003348550235386938, 0.1240466833114624, 0.9823232889175415, 0.14019086956977844, -0.017899172380566597, -0.13904373347759247, 0.9901244640350342),
            ["HumanoidRootPart"] = CFrame.new(0, 0, 0, 1, 0, 0, 0, 1, 0, 0, 0, 1),
            ["RightUpperLeg"] = CFrame.new(-2.9802322387695312e-08, 0.00004143640398979187, 0.0011275708675384521, 0.5228289365768433, 0.03086765669286251, 0.8518823385238647, 0.5000786781311035, 0.7982044219970703, -0.3358002305030823, -0.6903414726257324, 0.6015953421592712, 0.4019136428833008),
            ["LeftUpperArm"] = CFrame.new(0.02178245782852173, -0.07809436321258545, 0.030514150857925415, 0.37407681345939636, 0.8847407698631287, -0.2705692648887634, 0.7061693072319031, -0.08495603501796722, 0.698230504989624, 0.6011584401130676, -0.45827534794807434, -0.6627718210220337),
            ["RightLowerArm"] = CFrame.new(-1.434236764907837e-07, 1.1920928955078125e-07, 1.8998980522155762e-07, 0.9999686479568481, 0.0052281036041677, -0.005947132129222155, -0.0028146207332611084, -0.4673251211643219, -0.8840810060501099, -0.007401362061500549, 0.8840701580047607, -0.4672960340976715),
            ["LeftHand"] = CFrame.new(8.940696716308594e-08, 2.980232238769531e-07, -7.450580596923828e-08, 1, 0.0000012815002037314116, 0.00008459389937343076, -0.0000011920930091946502, 1, -0.0004076138720847666, -0.0000846386028570123, 0.00040766605525277555, 1),
            ["RightHand"] = CFrame.new(1.7881393432617188e-07, 2.384185791015625e-07, -7.450580596923828e-09, 1, -0.0000011920930091946502, -0.00008461065590381622, 0.0000011473895256131073, 1, -0.0004076492041349411, 0.00008457899821223691, 0.0004076846526004374, 0.9999999403953552),
            ["RightUpperArm"] = CFrame.new(-0.01884317398071289, -0.10054266452789307, -0.10626038908958435, 0.37228113412857056, -0.8432579636573792, 0.3810648024082184, -0.7179747819900513, -0.004180876072496176, 0.6917687654495239, -0.5881486535072327, -0.5374929308891296, -0.6133884787559509),
            ["RightLowerLeg"] = CFrame.new(-7.450580596923828e-08, -5.960464477539063e-08, 1.1175870895385742e-08, 1, -5.960372106983414e-08, 1.1920874953830207e-07, -8.195639367158947e-08, 0.3309398293495178, 0.9437161684036255, -4.4703490686970326e-08, -0.9436519145965576, 0.33075642585754395),
            ["LeftUpperLeg"] = CFrame.new(8.940696716308594e-08, 0.000041427090764045715, 0.0011276081204414368, 0.6694060564041138, -0.06314204633235931, -0.7402181625366211, -0.4229574203491211, 0.7867358326911926, -0.4495318531990051, 0.6107394099235535, 0.6140519976615906, 0.4999982714653015),
            ["LeftLowerLeg"] = CFrame.new(5.960464477539063e-08, -2.384185791015625e-07, -5.960464477539063e-08, 1, 0, 8.940511975197296e-08, -1.1362135410308838e-07, 0.4215911030769348, 0.9068059325218201, -3.725290298461914e-08, -0.9067860245704651, 0.421548455953598),
        }},
        {Time = 0.133, Data = {
            ["RightFoot"] = CFrame.new(7.310882210731506e-08, -1.7881393432617188e-07, 3.67872416973114e-08, 0.8932706713676453, 0.3714578449726105, -0.25130850076675415, -0.4406682848930359, 0.8359052538871765, -0.32880112528800964, 0.08876389265060425, 0.4040810763835907, 0.9103482365608215),
            ["LeftLowerArm"] = CFrame.new(-3.129243850708008e-07, 2.980232238769531e-07, -5.960464477539063e-08, 0.9999985694885254, -0.0012229533167555928, -0.0011777880135923624, -0.001557774841785431, -0.38493838906288147, -0.9229409098625183, 0.0006752461194992065, 0.9229415059089661, -0.38493993878364563),
            ["LeftFoot"] = CFrame.new(7.031485438346863e-08, -5.960464477539063e-08, 1.7695128917694092e-08, 0.9515801668167114, -0.30270513892173767, 0.05043364688754082, 0.2940494120121002, 0.8489137291908264, -0.44020453095436096, 0.08961135894060135, 0.4332610070705414, 0.8964800834655762),
            ["Head"] = CFrame.new(1.3737007975578308e-08, 1.1920928955078125e-07, 6.705522537231445e-08, 0.9675186276435852, 0.25121062994003296, 0.028300892561674118, -0.24749727547168732, 0.9640791416168213, -0.09641876071691513, -0.05150572210550308, 0.08628250658512115, 0.9949384927749634),
            ["LowerTorso"] = CFrame.new(0.004222509916871786, -0.27810633182525635, 0.11167068779468536, 0.9997482299804688, 0.021728070452809334, -0.0056012095883488655, -0.02114212140440941, 0.9957874417304993, 0.08922059834003448, 0.007516205310821533, -0.08907977491617203, 0.9959961771965027),
            ["UpperTorso"] = CFrame.new(-4.016328603029251e-09, -0.000011682510375976562, 0.0007418273016810417, 0.9972074031829834, -0.07468052208423615, -0.0003926649806089699, 0.0738084465265274, 0.9847339987754822, 0.1576431840658188, -0.011386197991669178, -0.15723183751106262, 0.9874960780143738),
            ["HumanoidRootPart"] = CFrame.new(0, 0, 0, 1, 0, 0, 0, 1, 0, 0, 0, 1),
            ["RightUpperLeg"] = CFrame.new(0, 0.00004176050424575806, 0.001127634197473526, 0.5625320672988892, 0.05798766762018204, 0.8247446417808533, 0.4327903091907501, 0.8292915225028992, -0.3534623980522156, -0.7044504284858704, 0.5557995438575745, 0.44143030047416687),
            ["LeftUpperArm"] = CFrame.new(0.038536906242370605, -0.13631033897399902, 0.07004619389772415, 0.39193350076675415, 0.7821717262268066, -0.47820863127708435, 0.7309586405754089, 0.047595009207725525, 0.676961362361908, 0.5586481094360352, -0.6212424635887146, -0.5594995617866516),
            ["RightLowerArm"] = CFrame.new(-4.470348358154297e-08, 3.5762786865234375e-07, -2.9802322387695312e-08, 0.9999704360961914, 0.005409375298768282, -0.0054710968397557735, -0.0030879159457981586, -0.3691433370113373, -0.9293673634529114, -0.00704690907150507, 0.9293568134307861, -0.369115948677063),
            ["LeftHand"] = CFrame.new(-2.980232238769531e-07, 1.1920928955078125e-07, -2.9802322387695312e-08, 1, 0.0000012367964927761932, 0.00008457154035568237, -0.0000011920928955078125, 1, -0.00040756165981292725, -0.0000845789909362793, 0.00040762132266536355, 1),
            ["RightHand"] = CFrame.new(-1.1920928955078125e-07, 2.980232238769531e-07, 1.341104507446289e-07, 1, -0.0000012367967201498686, -0.0000846088005346246, 0.0000012815002037314116, 1, -0.0004076064215041697, 0.00008456411160295829, 0.0004076809564139694, 0.9999999403953552),
            ["RightUpperArm"] = CFrame.new(-0.04404979944229126, -0.16160047054290771, -0.05523543804883957, 0.37811383605003357, -0.7814372181892395, 0.4904050827026367, -0.7317436337471008, 0.06891599297523499, 0.6742547750473022, -0.5670813322067261, -0.6201665997505188, -0.5521625876426697),
            ["RightLowerLeg"] = CFrame.new(4.470348358154297e-08, -5.960464477539063e-08, 1.1175870895385742e-07, 1, 4.470279435508928e-08, 1.0430768071501006e-07, -7.450579886381092e-08, 0.33082181215286255, 0.9437575936317444, -2.2351738238057806e-08, -0.9436933398246765, 0.3306383490562439),
            ["LeftUpperLeg"] = CFrame.new(-5.960464477539063e-08, 0.000041775405406951904, 0.001127641648054123, 0.691859781742096, -0.045600250363349915, -0.7205972671508789, -0.39963865280151367, 0.8070050477981567, -0.4347103238105774, 0.6013476252555847, 0.5887814164161682, 0.5401540994644165),
            ["LeftLowerLeg"] = CFrame.new(1.1920928955078125e-07, -2.384185791015625e-07, 0, 1, 2.9801611844959552e-08, 1.78811632167708e-07, -5.4016709327697754e-08, 0.38225629925727844, 0.9240995645523071, 1.4901161193847656e-08, -0.9240564107894897, 0.38215193152427673),
        }},
        {Time = 0.167, Data = {
            ["RightFoot"] = CFrame.new(4.0046870708465576e-08, -1.1920928955078125e-07, 5.820766091346741e-08, 0.9369929432868958, 0.28411388397216797, -0.20152099430561066, -0.33250290155410767, 0.9048239588737488, -0.2674010396003723, 0.1071731373667717, 0.3171324133872986, 0.9422769546508789),
            ["LeftLowerArm"] = CFrame.new(-5.960464477539063e-08, 2.980232238769531e-07, 1.341104507446289e-07, 0.9999992251396179, -0.00012043119932059199, -0.0013152513420209289, -0.001314096269197762, -0.19119791686534882, -0.9815506935119629, -0.0001332909014308825, 0.9815515875816345, -0.19119803607463837),
            ["LeftFoot"] = CFrame.new(-3.725290298461914e-08, 5.960464477539063e-08, 7.916241884231567e-09, 0.9584113955497742, -0.28498536348342896, 0.0016671206103637815, 0.2640957832336426, 0.8836427330970764, -0.3875330686569214, 0.10817160457372665, 0.37142810225486755, 0.9218541979789734),
            ["Head"] = CFrame.new(-6.05359673500061e-09, 0, -5.960464477539063e-08, 0.9710181951522827, 0.23561477661132812, 0.040116168558597565, -0.23334096372127533, 0.9708814024925232, -0.054235026240348816, -0.05172661691904068, 0.043302398175001144, 0.9977220892906189),
            ["LowerTorso"] = CFrame.new(0.006625576410442591, -0.2180243730545044, 0.10150042176246643, 0.9999017119407654, 0.012443152256309986, -0.00647661043331027, -0.012034784071147442, 0.9981454014778137, 0.059673089534044266, 0.007207120768725872, -0.05958934128284454, 0.9981969594955444),
            ["UpperTorso"] = CFrame.new(2.051820047199726e-09, -0.000011861324310302734, 0.0007418105378746986, 0.9987025856971741, -0.05092212185263634, -0.00042300819768570364, 0.050287868827581406, 0.984886646270752, 0.16573959589004517, -0.008023190312087536, -0.16554568707942963, 0.9861695170402527),
            ["HumanoidRootPart"] = CFrame.new(0, 0, 0, 1, 0, 0, 0, 1, 0, 0, 0, 1),
            ["RightUpperLeg"] = CFrame.new(5.960464477539063e-08, 0.000041767023503780365, 0.0011276490986347198, 0.6242809891700745, 0.08880478888750076, 0.7761438488960266, 0.37818896770477295, 0.834975004196167, -0.3996843099594116, -0.6835542321205139, 0.5430750846862793, 0.48770207166671753),
            ["LeftUpperArm"] = CFrame.new(0.04483085870742798, -0.16351521015167236, 0.08852017670869827, 0.38484421372413635, 0.6737108826637268, -0.6263909935951233, 0.7005696892738342, 0.2240128219127655, 0.6741806864738464, 0.6009135842323303, -0.7042244076728821, -0.39129889011383057),
            ["RightLowerArm"] = CFrame.new(3.129243850708008e-07, 2.384185791015625e-07, 1.9371509552001953e-07, 0.9999734163284302, 0.005641341209411621, -0.004630565643310547, -0.0034507629461586475, -0.19361841678619385, -0.9810708165168762, -0.006431148387491703, 0.9810607433319092, -0.1935938596725464),
            ["LeftHand"] = CFrame.new(0, 1.1920928955078125e-07, -8.940696716308594e-08, 1, 0.0000012964013649252593, 0.0000845343092805706, -0.0000011920930091946502, 1, -0.00040759900002740324, -0.0000846088005346246, 0.0004076809564139694, 1),
            ["RightHand"] = CFrame.new(1.7881393432617188e-07, 1.1920928955078125e-07, 0, 1, -0.000001221895558956021, -0.00008460879325866699, 0.0000012218953315823455, 1, -0.0004076436161994934, 0.00008459389937343076, 0.0004076809564139694, 0.9999999403953552),
            ["RightUpperArm"] = CFrame.new(-0.05165594816207886, -0.19013381004333496, -0.0313907153904438, 0.36309003829956055, -0.7182769179344177, 0.5886152386665344, -0.7073318958282471, 0.19462484121322632, 0.676006555557251, -0.606503963470459, -0.6679815649986267, -0.4433363080024719),
            ["RightLowerLeg"] = CFrame.new(0, 0, 2.9802322387695312e-08, 1, -2.98017717170751e-08, 1.0430739649791576e-07, -5.960465188081798e-08, 0.3467160165309906, 0.9380289316177368, -8.940698137394065e-08, -0.9379701018333435, 0.34655681252479553),
            ["LeftUpperLeg"] = CFrame.new(-5.960464477539063e-08, 0.00004178611561655998, 0.0011276528239250183, 0.7283191680908203, -0.026018952950835228, -0.684749960899353, -0.3736504912376404, 0.8225637674331665, -0.42860710620880127, 0.5744011402130127, 0.5680773258209229, 0.5894179344177246),
            ["LeftLowerLeg"] = CFrame.new(7.450580596923828e-08, -1.1920928955078125e-07, 1.4901161193847656e-08, 1, -2.9801540790685976e-08, 1.1920715792257397e-07, -1.3224783401710738e-07, 0.4085845351219177, 0.9127485752105713, 0, -0.9127204418182373, 0.40852171182632446),
        }},
        {Time = 0.200, Data = {
            ["RightFoot"] = CFrame.new(1.862645149230957e-09, -1.1920928955078125e-07, -2.9802322387695312e-08, 0.9791169166564941, 0.14244551956653595, -0.14377379417419434, -0.17222002148628235, 0.9610862135887146, -0.2169540971517563, 0.10802962630987167, 0.23669089376926422, 0.9655361175537109),
            ["LeftLowerArm"] = CFrame.new(2.086162567138672e-07, 2.384185791015625e-07, -2.5331974029541016e-07, 0.999997079372406, 0.001894533634185791, -0.0015550259267911315, -0.0017935484647750854, 0.1331424117088318, -0.9910953640937805, -0.0016706883907318115, 0.9910951852798462, 0.13314533233642578),
            ["LeftFoot"] = CFrame.new(5.587935447692871e-09, -5.960464477539063e-08, -2.60770320892334e-08, 0.9768739342689514, -0.20689313113689423, 0.05183761566877365, 0.21228881180286407, 0.9108065366744995, -0.3548676073551178, 0.02550874464213848, 0.3572486639022827, 0.9334784150123596),
            ["Head"] = CFrame.new(-3.958120942115784e-09, 4.76837158203125e-07, -1.4901161193847656e-08, 0.9789713025093079, 0.2001342922449112, 0.0395151823759079, -0.19867689907550812, 0.9793309569358826, -0.03792746737599373, -0.04628901928663254, 0.029279017820954323, 0.9984989762306213),
            ["LowerTorso"] = CFrame.new(0.007818575017154217, -0.15466833114624023, 0.09659767150878906, 0.9994176030158997, 0.03338969498872757, -0.007054369896650314, -0.03280804678797722, 0.9969545602798462, 0.0707474946975708, 0.009395123459398746, -0.07047490030527115, 0.9974693655967712),
            ["UpperTorso"] = CFrame.new(-1.2223608791828156e-09, -0.000011682510375976562, 0.0007418366149067879, 0.997707188129425, -0.06766679137945175, 0.001324978074990213, 0.06682924926280975, 0.9880741238594055, 0.13872092962265015, -0.010695971548557281, -0.1383141428232193, 0.9903306365013123),
            ["HumanoidRootPart"] = CFrame.new(0, 0, 0, 1, 0, 0, 0, 1, 0, 0, 0, 1),
            ["RightUpperLeg"] = CFrame.new(-2.9802322387695312e-08, 0.00004163989797234535, 0.0011276528239250183, 0.7121164798736572, 0.1042906865477562, 0.6942824125289917, 0.3635605275630951, 0.7911993265151978, -0.4917031228542328, -0.6005947589874268, 0.6026003956794739, 0.5255473256111145),
            ["LeftUpperArm"] = CFrame.new(0.04483085870742798, -0.16351497173309326, 0.08852023631334305, 0.3807569444179535, 0.6008159518241882, -0.6999503970146179, 0.5448928475379944, 0.46088144183158875, 0.6972957849502563, 0.7470715641975403, -0.6531527042388916, -0.154428169131279),
            ["RightLowerArm"] = CFrame.new(2.5331974029541016e-07, 2.980232238769531e-07, -7.450580596923828e-08, 0.9999808073043823, 0.005434318911284208, -0.0029985313303768635, -0.0034434497356414795, 0.08379783481359482, -0.9964768886566162, -0.005164027214050293, 0.9964679479598999, 0.08381481468677521),
            ["LeftHand"] = CFrame.new(3.2782554626464844e-07, 3.5762786865234375e-07, -1.1920928955078125e-07, 1, 0.0000012814999763577362, 0.00008457899821223691, -0.0000012069941703884979, 0.9999999403953552, -0.00040759152034297585, -0.00008462370169581845, 0.0004076958284713328, 0.9999999403953552),
            ["RightHand"] = CFrame.new(2.980232238769531e-07, 1.1920928955078125e-07, 1.4901161193847656e-08, 1, -0.0000013113021850585938, -0.00008458644151687622, 0.0000011920930091946502, 1, -0.00040765106678009033, 0.0000846386028570123, 0.00040771812200546265, 1),
            ["RightUpperArm"] = CFrame.new(-0.05165594816207886, -0.19013381004333496, -0.03139069676399231, 0.325350821018219, -0.6914160847663879, 0.6415432095527649, -0.5823748707771301, 0.38379061222076416, 0.7133183479309082, -0.7449740171432495, -0.6120854020118713, -0.2821335196495056),
            ["RightLowerLeg"] = CFrame.new(-4.470348358154297e-08, -1.1920928955078125e-07, -1.4901161193847656e-08, 1, -1.4900841449616564e-08, 1.341091433459951e-07, -8.195640788244418e-08, 0.36395758390426636, 0.9314672946929932, -5.960465898624534e-08, -0.9314155578613281, 0.3638249933719635),
            ["LeftUpperLeg"] = CFrame.new(2.9802322387695312e-08, 0.00004168180748820305, 0.001127641648054123, 0.7941653728485107, -0.026208186522126198, -0.6071436405181885, -0.304816335439682, 0.8471195101737976, -0.4351632297039032, 0.5257264971733093, 0.5307559967041016, 0.6648379564285278),
            ["LeftLowerLeg"] = CFrame.new(-8.940696716308594e-08, -2.384185791015625e-07, -8.940696716308594e-08, 1, 1.4900779277127185e-08, 4.470190617666958e-08, -9.743963857999915e-08, 0.48875007033348083, 0.8723881840705872, 7.450581485102248e-09, -0.8724238276481628, 0.4888136684894562),
        }},
        {Time = 0.233, Data = {
            ["RightFoot"] = CFrame.new(1.4901161193847656e-08, -5.960464477539063e-08, 2.9802322387695312e-08, 0.9902927279472351, -0.04643501713871956, -0.1304459422826767, 0.03046097606420517, 0.9923189282417297, -0.12025588750839233, 0.13561874628067017, 0.11465968191623688, 0.9841353297233582),
            ["LeftLowerArm"] = CFrame.new(2.086162567138672e-07, 3.5762786865234375e-07, -2.514570951461792e-07, 0.9999881982803345, 0.0047722021117806435, -0.0009700435912236571, -0.0034576361067593098, 0.5554996728897095, -0.831509530544281, -0.0034292791970074177, 0.8315030336380005, 0.5555096864700317),
            ["LeftFoot"] = CFrame.new(-2.2351741790771484e-08, 0, 1.4901161193847656e-08, 0.9752330780029297, -0.06407669931650162, 0.2110902965068817, 0.14119820296764374, 0.9175547361373901, -0.3722163140773773, -0.1702451854944229, 0.3924124240875244, 0.9038229584693909),
            ["Head"] = CFrame.new(2.713932190090418e-09, 1.1920928955078125e-07, -3.725290298461914e-08, 0.9928538799285889, 0.11495273560285568, 0.032046910375356674, -0.11494356393814087, 0.9933697581291199, -0.0021363270934671164, -0.03208000957965851, -0.0015626230742782354, 0.9994841814041138),
            ["LowerTorso"] = CFrame.new(0.00847898330539465, -0.08048367500305176, 0.09314525127410889, 0.9969199895858765, 0.0781543105840683, -0.006514132954180241, -0.07719250023365021, 0.9925277829170227, 0.09449891000986099, 0.013850953429937363, -0.09370508044958115, 0.9955036640167236),
            ["UpperTorso"] = CFrame.new(-1.2427335605025291e-08, -0.000011712312698364258, 0.0007417947053909302, 0.9946292638778687, -0.10329094529151917, 0.006603042129427195, 0.1024259626865387, 0.9914602637290955, 0.08071956783533096, -0.01488424465060234, -0.07960958778858185, 0.9967150688171387),
            ["HumanoidRootPart"] = CFrame.new(0, 0, 0, 1, 0, 0, 0, 1, 0, 0, 0, 1),
            ["RightUpperLeg"] = CFrame.new(0, 0.000041672028601169586, 0.0011276081204414368, 0.8086124658584595, 0.10743308067321777, 0.5784628987312317, 0.3414314389228821, 0.7150000333786011, -0.6100171208381653, -0.47913506627082825, 0.6908206939697266, 0.5415347218513489),
            ["LeftUpperArm"] = CFrame.new(0.04483085870742798, -0.16351521015167236, 0.08852026611566544, 0.3930594325065613, 0.537857174873352, -0.743655264377594, 0.260162353515625, 0.7088260650634766, 0.6535404920578003, 0.881941020488739, -0.45637187361717224, 0.14093105494976044),
            ["RightLowerArm"] = CFrame.new(4.470348358154297e-08, 4.172325134277344e-07, 7.82310962677002e-08, 0.9999910593032837, 0.0041739498265087605, -0.0007753077079541981, -0.0025574713945388794, 0.44651901721954346, -0.8947704434394836, -0.003388509154319763, 0.8947644829750061, 0.44652578234672546),
            ["LeftHand"] = CFrame.new(2.384185791015625e-07, 5.364418029785156e-07, 7.450580596923828e-09, 1, 0.0000013113022987454315, 0.00008461624383926392, -0.0000011622905731201172, 1, -0.0004075765609741211, -0.00008457154035568237, 0.00040765112498775125, 1),
            ["RightHand"] = CFrame.new(1.1920928955078125e-07, 5.364418029785156e-07, 2.7939677238464355e-08, 1, -0.0000012367964927761932, -0.00008459016680717468, 0.0000011771917343139648, 1, -0.00040759891271591187, 0.00008458644151687622, 0.00040768092731013894, 0.9999999403953552),
            ["RightUpperArm"] = CFrame.new(-0.05165594816207886, -0.1901339292526245, -0.0313907116651535, 0.274759441614151, -0.6781043410301208, 0.6798695921897888, -0.32352572679519653, 0.5984383821487427, 0.7311980128288269, -0.9054492712020874, -0.4266683757305145, -0.05591902509331703),
            ["RightLowerLeg"] = CFrame.new(1.4901161193847656e-08, 0, 7.450580596923828e-08, 1, -4.470231829145632e-08, 1.3410817700787447e-07, -1.192092469182171e-07, 0.40073147416114807, 0.9162285327911377, -1.4901155864777138e-08, -0.9161955714225769, 0.40065616369247437),
            ["LeftUpperLeg"] = CFrame.new(0, 0.00004179123789072037, 0.001127634197473526, 0.8858558535575867, -0.05354071781039238, -0.4608750343322754, -0.1599942147731781, 0.8971332311630249, -0.411576509475708, 0.4355012774467468, 0.43850377202033997, 0.7862563729286194),
            ["LeftLowerLeg"] = CFrame.new(4.470348358154297e-08, -2.384185791015625e-07, -1.4901161193847656e-08, 1, -2.980227264970381e-08, 9.685111734825114e-08, -7.357446918376809e-08, 0.5985613465309143, 0.8009108304977417, -3.352760558072987e-08, -0.8010770082473755, 0.5987836718559265),
        }},
        {Time = 0.267, Data = {
            ["RightFoot"] = CFrame.new(-3.725290298461914e-08, -5.960464477539063e-08, 2.9802322387695312e-08, 0.9561435580253601, -0.1863061934709549, -0.22569023072719574, 0.18500100076198578, 0.9823625087738037, -0.027239518240094185, 0.22707732021808624, -0.01593262143433094, 0.9738181233406067),
            ["LeftLowerArm"] = CFrame.new(1.4901161193847656e-08, 5.364418029785156e-07, -2.0116567611694336e-07, 0.9999792575836182, 0.006403638515621424, 0.000763642427045852, -0.004839286673814058, 0.8233673572540283, -0.5674879550933838, -0.004262775648385286, 0.5674726366996765, 0.8233813047409058),
            ["LeftFoot"] = CFrame.new(7.450580596923828e-09, -1.1920928955078125e-07, -2.9802322387695312e-08, 0.9314654469490051, 0.0576145276427269, 0.359136700630188, 0.0954488068819046, 0.9142740964889526, -0.39399659633636475, -0.3510863780975342, 0.4009779095649719, 0.846042275428772),
            ["Head"] = CFrame.new(3.259629011154175e-09, 1.1920928955078125e-07, -4.0978193283081055e-08, 0.9984188675880432, 0.04847611114382744, 0.02845999039709568, -0.04890348017215729, 0.9986980557441711, 0.014516284689307213, -0.027719255536794662, -0.015885213389992714, 0.9994895458221436),
            ["LowerTorso"] = CFrame.new(0.009262941777706146, -0.009117484092712402, 0.08443985879421234, 0.995069682598114, 0.09900950640439987, -0.005801403895020485, -0.09784482419490814, 0.9895626902580261, 0.10579226166009903, 0.016215292736887932, -0.10470307618379593, 0.9943713545799255),
            ["UpperTorso"] = CFrame.new(1.2369127944111824e-08, -0.000011920928955078125, 0.0007417919114232063, 0.992758572101593, -0.11972810328006744, 0.00977917667478323, 0.11904187500476837, 0.9914435744285583, 0.05356211215257645, -0.016108375042676926, -0.052009955048561096, 0.9985166192054749),
            ["HumanoidRootPart"] = CFrame.new(0, 0, 0, 1, 0, 0, 0, 1, 0, 0, 0, 1),
            ["RightUpperLeg"] = CFrame.new(-1.1920928955078125e-07, 0.00004167575389146805, 0.0011276192963123322, 0.8853002786636353, 0.10722503066062927, 0.45250847935676575, 0.26062265038490295, 0.6914587020874023, -0.6736636161804199, -0.3851223886013031, 0.7144142985343933, 0.5843060612678528),
            ["LeftUpperArm"] = CFrame.new(0.044830918312072754, -0.16351532936096191, 0.08852020651102066, 0.40154093503952026, 0.4682177007198334, -0.7848865389823914, 0.07044455409049988, 0.8396450281143188, 0.5372281074523926, 0.9131278395652771, -0.27526065707206726, 0.30877017974853516),
            ["RightLowerArm"] = CFrame.new(-6.705522537231445e-08, 4.76837158203125e-07, 2.398155629634857e-07, 0.9999961853027344, 0.0027285886462777853, 0.0005625180201604962, -0.001564815640449524, 0.7171686291694641, -0.6968977451324463, -0.0023049665614962578, 0.6968944668769836, 0.7171703577041626),
            ["LeftHand"] = CFrame.new(1.1920928955078125e-07, 4.172325134277344e-07, 1.3783574104309082e-07, 1, 0.000001221895558956021, 0.00008455081842839718, -0.0000012256206218808074, 0.9999999403953552, -0.00040761474519968033, -0.0000845599060994573, 0.00040765953599475324, 1),
            ["RightHand"] = CFrame.new(-1.1920928955078125e-07, 8.344650268554688e-07, 7.450580596923828e-09, 1, -0.0000012516976539700408, -0.00008455151692032814, 0.0000012386590242385864, 1, -0.0004076194018125534, 0.00008461903780698776, 0.0004076716140843928, 0.9999999403953552),
            ["RightUpperArm"] = CFrame.new(-0.05165588855743408, -0.1901336908340454, -0.0313907116651535, 0.27052637934684753, -0.612705647945404, 0.7414013743400574, -0.12071911990642548, 0.742079496383667, 0.6585761308670044, -0.9551138281822205, -0.2718636393547058, 0.12884600460529327),
