return {
    ["Rain Check"] = {
        {Time = 0.000, Data = {
            ["LeftFoot"] = CFrame.new(-4.284083843231201e-08, -5.960464477539063e-08, 4.470348358154297e-08, 0.9827873110771179, -0.1704646348953247, -0.07120977342128754, 0.1139344871044159, 0.8626986145973206, -0.492716908454895, 0.1454235166311264, 0.47612282633781433, 0.8672711849212646),
            ["LeftLowerArm"] = CFrame.new(8.940696716308594e-08, -6.556510925292969e-07, 1.564621925354004e-07, 1, -1.378357126213814e-07, 5.5879340266073996e-08, 5.960465188081798e-08, 0.1636068969964981, -0.9865256547927856, 5.02914261346632e-08, 0.9865255951881409, 0.16360703110694885),
            ["LowerTorso"] = CFrame.new(-0.0028753355145454407, -0.2224193811416626, -0.013526692986488342, 0.9979575872421265, -0.046984151005744934, -0.043280165642499924, 0.05099808797240257, 0.9939906597137451, 0.0968601256608963, 0.038469187915325165, -0.09886950999498367, 0.9943565726280212),
            ["Head"] = CFrame.new(2.3283064365386963e-09, 2.384185791015625e-07, 7.465132512152195e-09, 0.9979631304740906, 0.01225237362086773, 0.06260595470666885, -0.0038703475147485733, 0.9912035465240479, -0.1322897970676422, -0.06367609649896622, 0.13177809119224548, 0.989232063293457),
            ["RightUpperArm"] = CFrame.new(0, 8.344650268554688e-07, 2.0489096641540527e-08, 0.9494927525520325, -0.13168147206306458, -0.2848219871520996, 0.14456211030483246, 0.9891902208328247, 0.024585815146565437, 0.27850568294525146, -0.06451854109764099, 0.9582651257514954),
            ["UpperTorso"] = CFrame.new(3.725290298461914e-09, 2.9802322387695312e-08, -1.1350493878126144e-08, 0.9983958601951599, 0.05211080610752106, 0.02214221842586994, -0.05398822948336601, 0.9940159320831299, 0.09496139734983444, -0.017061205580830574, -0.09600447118282318, 0.9952347278594971),
            ["HumanoidRootPart"] = CFrame.new(0, 0, 0, 1, 0, 0, 0, 1, 0, 0, 0, 1),
            ["RightHand"] = CFrame.new(5.960464477539063e-08, 5.960464477539063e-08, -2.8312206268310547e-07, 0.5086920857429504, -0.15678159892559052, -0.8465535044670105, -0.15036065876483917, 0.9519897699356079, -0.2666594386100769, 0.8477170467376709, 0.26293569803237915, 0.46069517731666565),
            ["LeftUpperArm"] = CFrame.new(0, 3.5762786865234375e-07, -3.725290298461914e-09, 0.7929823994636536, 0.15372107923030853, 0.5895326733589172, -0.12410329282283783, 0.9881135821342468, -0.09071970731019974, -0.596470832824707, -0.0012238363269716501, 0.8026339411735535),
            ["RightLowerArm"] = CFrame.new(-8.940696716308594e-08, -1.1920928955078125e-07, 3.725290298461914e-09, 1, -1.2665984172599565e-07, 7.078050856534901e-08, 8.195639367158947e-08, -0.052262723445892334, -0.9986333847045898, 5.2154071283894154e-08, 0.9986333847045898, -0.052262723445892334),
            ["LeftHand"] = CFrame.new(-2.9802322387695312e-08, 0, -1.9371509552001953e-07, 0.3623303771018982, -0.11928592622280121, 0.9243852496147156, 0.6207099556922913, 0.7707329988479614, -0.1438407599925995, -0.6952955722808838, 0.625892698764801, 0.35330116748809814),
            ["RightUpperLeg"] = CFrame.new(-2.9802322387695312e-08, -3.0384398996829987e-08, -1.0542862582951784e-08, 0.9902915954589844, -0.05339852720499039, -0.12834012508392334, -0.022680029273033142, 0.8488318920135498, -0.5281763076782227, 0.13714301586151123, 0.525959312915802, 0.8393799066543579),
            ["LeftUpperLeg"] = CFrame.new(8.940696716308594e-08, -4.656612873077393e-10, -3.725290298461914e-09, 0.9757379293441772, 0.1974659264087677, 0.09456612169742584, -0.1217864602804184, 0.8484506607055664, -0.5150722861289978, -0.18194392323493958, 0.49105873703956604, 0.8519142866134644),
            ["RightLowerLeg"] = CFrame.new(-4.0978193283081055e-08, 3.5762786865234375e-07, 3.894820110872388e-08, 1, -1.1175872316471214e-07, -4.8428795196286956e-08, 1.2293456563838845e-07, 0.5789591073989868, 0.8153565526008606, -6.70552182668871e-08, -0.8153566718101501, 0.5789592862129211),
            ["RightFoot"] = CFrame.new(-3.4458935260772705e-08, 1.7881393432617188e-07, -5.790934665128589e-08, 0.9987850785255432, 0.023939121514558792, -0.043072957545518875, -0.04108079522848129, 0.8872367739677429, -0.4594811499118805, 0.02721628174185753, 0.4606929123401642, 0.887142539024353),
            ["LeftLowerLeg"] = CFrame.new(-7.450580596923828e-08, 1.1920928955078125e-07, 2.60770320892334e-08, 1, 6.263145024831829e-08, 2.6077039194660756e-08, -7.823108916227284e-08, 0.5043177604675293, 0.8635182976722717, 4.8428766774577525e-08, -0.8635181784629822, 0.504317581653595),
        }},
        {Time = 0.033, Data = {
            ["LeftFoot"] = CFrame.new(-5.4016709327697754e-08, 1.1920928955078125e-07, 0, 0.9861772656440735, -0.14479108154773712, -0.0805608332157135, 0.11503536999225616, 0.9482236504554749, -0.2960387170314789, 0.11925345659255981, 0.2826792001724243, 0.9517725706100464),
            ["LeftLowerArm"] = CFrame.new(-2.9802322387695312e-08, 4.172325134277344e-07, 5.21540641784668e-08, 1, 2.9802322387695312e-08, 4.470347292340193e-08, 6.70552182668871e-08, 0.7176038026809692, -0.6964513659477234, -1.3737006199221469e-08, 0.6964515447616577, 0.7176040410995483),
            ["LowerTorso"] = CFrame.new(-0.005133986473083496, -0.0976783037185669, -0.07122024893760681, 0.9981398582458496, -0.05214889347553253, -0.03158373013138771, 0.05357891693711281, 0.9974914193153381, 0.04626338183879852, 0.029091915115714073, -0.047869548201560974, 0.9984299540519714),
            ["Head"] = CFrame.new(4.190951585769653e-09, 4.76837158203125e-07, 3.291643224656582e-08, 0.9968075156211853, 0.027706177905201912, 0.07488108426332474, -0.012044696137309074, 0.9793094992637634, -0.20200930535793304, -0.07892865687608719, 0.20046252012252808, 0.9765169024467468),
            ["RightUpperArm"] = CFrame.new(2.384185791015625e-07, 5.960464477539062e-07, 1.4901161193847656e-08, 0.8757257461547852, -0.10319915413856506, -0.47165074944496155, 0.17041362822055817, 0.9800828695297241, 0.10196484625339508, 0.45173412561416626, -0.16966897249221802, 0.8758702874183655),
            ["UpperTorso"] = CFrame.new(-7.450580596923828e-09, -8.940696716308594e-08, 1.1641532182693481e-09, 0.9978455901145935, 0.062269993126392365, 0.020659876987338066, -0.06335130333900452, 0.9963831305503845, 0.056634046137332916, -0.01705855503678322, -0.05782085657119751, 0.9981812238693237),
            ["HumanoidRootPart"] = CFrame.new(0, 0, 0, 1, 0, 0, 0, 1, 0, 0, 0, 1),
            ["RightHand"] = CFrame.new(-8.940696716308594e-08, 0, 1.4901161193847656e-08, 0.4128595292568207, 0.01750272698700428, -0.9106267094612122, -0.3077845275402069, 0.9436789155006409, -0.12140503525733948, 0.8572140336036682, 0.33039963245391846, 0.39499351382255554),
            ["LeftUpperArm"] = CFrame.new(-1.1920928955078125e-07, 5.960464477539062e-07, -1.3969838619232178e-08, 0.659724771976471, 0.16136479377746582, 0.7339786887168884, -0.16318558156490326, 0.9841314554214478, -0.06968417018651962, -0.7335759401321411, -0.07380233705043793, 0.6755883097648621),
            ["RightLowerArm"] = CFrame.new(5.960464477539063e-08, 1.7881393432617188e-07, -2.9802322387695312e-08, 1, -7.450581307466564e-08, 2.9802315282267955e-08, 8.195637946073475e-08, 0.49995943903923035, -0.8660486340522766, 5.5879347371501353e-08, 0.8660489320755005, 0.4999598264694214),
            ["LeftHand"] = CFrame.new(-2.477318048477173e-07, 0, -8.754432201385498e-08, 0.24404245615005493, -0.20410864055156708, 0.9480417370796204, 0.734779417514801, 0.6769160032272339, -0.04340841621160507, -0.6328842639923096, 0.7071947455406189, 0.3151708245277405),
            ["RightUpperLeg"] = CFrame.new(-2.9802322387695312e-08, -4.4563785195350647e-07, -1.1008523870259523e-08, 0.978924572467804, -0.04034851863980293, -0.20019671320915222, -0.011249723844230175, 0.968146026134491, -0.2501334846019745, 0.203912153840065, 0.2471139132976532, 0.9472880959510803),
            ["LeftUpperLeg"] = CFrame.new(0, -4.2142346501350403e-07, -1.862645149230957e-09, 0.9789643883705139, 0.1742779016494751, 0.10609409213066101, -0.1311216503381729, 0.935783863067627, -0.32728517055511475, -0.15631970763206482, 0.30648934841156006, 0.938950777053833),
            ["RightLowerLeg"] = CFrame.new(-6.705522537231445e-08, 3.5762786865234375e-07, 3.149762051180005e-08, 1, -8.009376983864058e-08, -2.7939684343891713e-08, 7.450581307466564e-08, 0.853121280670166, 0.5217122435569763, -1.862645326866641e-08, -0.5217126607894897, 0.8531215786933899),
            ["RightFoot"] = CFrame.new(4.936009645462036e-08, 3.5762786865234375e-07, 3.149762051180005e-08, 0.9995333552360535, 0.026058722287416458, 0.015937263146042824, -0.020144714042544365, 0.9545527696609497, -0.2973603308200836, -0.02296176552772522, 0.29690080881118774, 0.9546323418617249),
            ["LeftLowerLeg"] = CFrame.new(-1.862645149230957e-08, 5.960464477539063e-08, 1.4901161193847656e-08, 1, 6.332994928470725e-08, 2.2351745343485163e-08, -7.078051567077637e-08, 0.713099479675293, 0.7010628581047058, 2.7939677238464355e-08, -0.7010629773139954, 0.713099479675293),
        }},
        {Time = 0.067, Data = {
            ["LeftFoot"] = CFrame.new(-1.0151416063308716e-07, 0, 2.2351741790771484e-08, 0.9879602789878845, -0.1402546614408493, -0.06529314070940018, 0.1474376767873764, 0.9814291000366211, 0.12271619588136673, 0.04686907306313515, -0.13086535036563873, 0.9902916550636292),
            ["LeftLowerArm"] = CFrame.new(1.4901161193847656e-07, -4.76837158203125e-07, -1.4901161193847656e-08, 1, -3.5390257835388184e-08, 7.450577044210149e-09, 2.2351741790771484e-08, 0.9872023463249207, -0.15947286784648895, 3.3527612686157227e-08, 0.15947286784648895, 0.9872022867202759),
            ["LowerTorso"] = CFrame.new(-0.011144332587718964, 0.04456067085266113, -0.12724047899246216, 0.9998230338096619, -0.00727242324501276, -0.017354965209960938, 0.007505783811211586, 0.9998818039894104, 0.01341921091079712, 0.017255326732993126, -0.013547100126743317, 0.9997593760490417),
            ["Head"] = CFrame.new(1.5371597328339703e-09, 3.5762786865234375e-07, -8.462848199997097e-10, 0.9965482354164124, 0.008855408057570457, 0.08254195749759674, 0.01947762444615364, 0.9415977001190186, -0.3361760079860687, -0.08069828897714615, 0.3366233706474304, 0.9381752014160156),
            ["RightUpperArm"] = CFrame.new(-5.960464477539063e-08, 2.384185791015625e-07, -1.979060471057892e-09, 0.7356457710266113, -0.13037928938865662, -0.6647005677223206, 0.2271956354379654, 0.9719494581222534, 0.0607992559671402, 0.6381281614303589, -0.19574372470378876, 0.7446320056915283),
            ["UpperTorso"] = CFrame.new(0, 1.1920928955078125e-07, 7.30506144464016e-09, 0.999402642250061, 0.029734371230006218, 0.017618564888834953, -0.029718730598688126, 0.9995576739311218, -0.0011490838369354606, -0.017644938081502914, 0.0006247892742976546, 0.9998441338539124),
            ["HumanoidRootPart"] = CFrame.new(0, 0, 0, 1, 0, 0, 0, 1, 0, 0, 0, 1),
            ["RightHand"] = CFrame.new(2.9802322387695312e-08, -1.1920928955078125e-07, -1.341104507446289e-07, 0.4523666799068451, 0.004488945007324219, -0.8918209671974182, -0.2865522801876068, 0.9476945400238037, -0.14058023691177368, 0.8445426225662231, 0.31914713978767395, 0.42999139428138733),
            ["LeftUpperArm"] = CFrame.new(0, 1.1920928955078125e-07, 9.138602763414383e-09, 0.41086167097091675, 0.2467523068189621, 0.8776708245277405, -0.18717540800571442, 0.965000569820404, -0.18368284404277802, -0.8922770023345947, -0.08881014585494995, 0.44266757369041443),
            ["RightLowerArm"] = CFrame.new(-1.1920928955078125e-07, -1.1920928955078125e-07, 8.940696716308594e-08, 1, -1.1175870895385742e-07, -2.2351736461700966e-08, 2.9802318834981634e-08, 0.8746901750564575, -0.4846823811531067, 1.1362133989223366e-07, 0.48468244075775146, 0.8746902346611023),
            ["LeftHand"] = CFrame.new(-2.9802322387695312e-08, 2.384185791015625e-07, 3.2782554626464844e-07, 0.595478892326355, -0.07760538160800934, 0.7996143698692322, 0.42665570974349976, 0.8739074468612671, -0.23291784524917603, -0.6807127594947815, 0.47985750436782837, 0.5535035729408264),
            ["RightUpperLeg"] = CFrame.new(0, 1.2828968465328217e-07, 3.276363713666797e-08, 0.9738818407058716, -0.08334442228078842, -0.21120592951774597, 0.03695553168654442, 0.9759746193885803, -0.21472761034965515, 0.22402799129486084, 0.20131398737430573, 0.953563928604126),
            ["LeftUpperLeg"] = CFrame.new(8.940696716308594e-08, -6.635673344135284e-08, 1.3969838619232178e-08, 0.9895413517951965, 0.0993281751871109, 0.10460332036018372, -0.08703156560659409, 0.9894057512283325, -0.11619683355093002, -0.1150367483496666, 0.10587777942419052, 0.9877026677131653),
            ["RightLowerLeg"] = CFrame.new(-1.1175870895385742e-08, 3.5762786865234375e-07, -2.8107024263590574e-08, 1, -6.705524668859653e-08, -1.3969842171945857e-08, 6.705522537231445e-08, 0.8784971237182617, 0.4777472913265228, -2.8870999813079834e-08, -0.47774767875671387, 0.8784973621368408),
            ["RightFoot"] = CFrame.new(8.731149137020111e-10, 3.5762786865234375e-07, 2.4512701202183962e-08, 0.9990357756614685, -0.04235643148422241, -0.011556639336049557, 0.043433573096990585, 0.9919201135635376, 0.11919821053743362, 0.0064144255593419075, -0.1195850595831871, 0.9928032755851746),
            ["LeftLowerLeg"] = CFrame.new(7.450580596923828e-09, 3.5762786865234375e-07, -1.4901161193847656e-08, 1, 2.6077040971017595e-08, 9.313225746154785e-09, -3.259629011154175e-08, 0.9133523106575012, 0.4071701169013977, 8.381903171539307e-09, -0.40717020630836487, 0.913352370262146),
        }},
        {Time = 0.100, Data = {
            ["LeftFoot"] = CFrame.new(8.032657206058502e-09, -1.1920928955078125e-07, 1.5832483768463135e-08, 0.987911581993103, -0.15353839099407196, -0.02137136273086071, 0.14251650869846344, 0.8453236222267151, 0.514894962310791, -0.060990460216999054, -0.5117166638374329, 0.8569868803024292),
            ["LeftLowerArm"] = CFrame.new(1.1920928955078125e-07, 0, 5.587935447692871e-08, 1, 1.8626447051417472e-09, -1.1175873559921001e-08, -1.4901161193847656e-08, 0.9999867677688599, -0.005158108193427324, 7.450580596923828e-09, 0.005158094223588705, 0.9999867677688599),
            ["LowerTorso"] = CFrame.new(-0.016433633863925934, 0.1726055145263672, -0.15418066084384918, 0.9988544583320618, 0.04785116761922836, 0.0001419305190211162, -0.04783016815781593, 0.9983190298080444, 0.032733816653490067, 0.0014246596256271005, -0.032703109085559845, 0.9994640946388245),
            ["Head"] = CFrame.new(1.3969838619232178e-09, 4.76837158203125e-07, 3.079185262322426e-08, 0.9982150793075562, -0.005740247666835785, 0.05944613367319107, 0.03679822385311127, 0.8430966138839722, -0.5365017056465149, -0.047039177268743515, 0.5377315878868103, 0.8418028950691223),
            ["RightUpperArm"] = CFrame.new(1.1920928955078125e-07, 3.5762786865234375e-07, 6.426125764846802e-08, 0.5335347056388855, -0.1969386637210846, -0.822530210018158, 0.2551800608634949, 0.9646758437156677, -0.06544986367225647, 0.8063645958900452, -0.17497341334819794, 0.5649429559707642),
            ["UpperTorso"] = CFrame.new(1.021544449031353e-08, 0, -3.247748736612266e-09, 0.9997779726982117, -0.016089139506220818, 0.013613816350698471, 0.016985047608613968, 0.9975082278251648, -0.06847617775201797, -0.012478171847760677, 0.06869222968816757, 0.9975598454475403),
            ["HumanoidRootPart"] = CFrame.new(0, 0, 0, 1, 0, 0, 0, 1, 0, 0, 0, 1),
            ["RightHand"] = CFrame.new(5.960464477539063e-08, 2.384185791015625e-07, -2.9802322387695312e-08, 0.596880316734314, -0.07519706338644028, -0.798798680305481, -0.21737684309482574, 0.9432051777839661, -0.25121986865997314, 0.7723219990730286, 0.323588490486145, 0.5466344356536865),
            ["LeftUpperArm"] = CFrame.new(5.960464477539063e-08, 5.960464477539062e-07, 5.122274160385132e-08, 0.09440550208091736, 0.23069609701633453, 0.9684353470802307, -0.1725015491247177, 0.9618558287620544, -0.21231278777122498, -0.9804748892784119, -0.14701306819915771, 0.13059985637664795),
            ["RightLowerArm"] = CFrame.new(-1.1920928955078125e-07, 2.980232238769531e-07, 1.4901161193847656e-07, 1, -1.4901161193847656e-08, -7.450581307466564e-08, -7.450582373280668e-09, 0.9956361651420593, -0.09332042932510376, 7.171185245624656e-08, 0.09332048892974854, 0.9956362247467041),
            ["LeftHand"] = CFrame.new(-2.9802322387695312e-08, 5.960464477539063e-08, -2.1606683731079102e-07, 0.8625088930130005, 0.05352608114480972, 0.5032031536102295, 0.03709957376122475, 0.9850258231163025, -0.1683679223060608, -0.5046800971031189, 0.1638874113559723, 0.8476077914237976),
            ["RightUpperLeg"] = CFrame.new(5.960464477539063e-08, -3.8230791687965393e-07, 2.6797351893037558e-08, 0.9692255258560181, -0.1550876945257187, -0.19117990136146545, 0.09261957556009293, 0.9492716789245605, -0.3005079925060272, 0.22808673977851868, 0.27355292439460754, 0.9344224333763123),
            ["LeftUpperLeg"] = CFrame.new(5.960464477539063e-08, -7.264316082000732e-08, 2.2868334781378508e-08, 0.9967606067657471, 0.0257741566747427, 0.07618430256843567, -0.02266799286007881, 0.9988871812820435, -0.04135908931493759, -0.07716552168130875, 0.03949812054634094, 0.9962356686592102),
            ["RightLowerLeg"] = CFrame.new(-2.9802322387695312e-08, 5.960464477539062e-07, -5.75528247281909e-09, 1, -9.313227167240257e-08, -7.450584149637507e-09, 8.568168397005138e-08, 0.8380303978919983, 0.5456236600875854, -3.073364851502447e-08, -0.5456237196922302, 0.8380303382873535),
            ["RightFoot"] = CFrame.new(-5.8673322200775146e-08, 3.5762786865234375e-07, -5.75528247281909e-09, 0.9990372061729431, -0.006052028387784958, -0.04345357418060303, 0.016587868332862854, 0.9690240025520325, 0.24640871584415436, 0.04061627760529518, -0.246892511844635, 0.968191385269165),
            ["LeftLowerLeg"] = CFrame.new(-1.0151416063308716e-07, -1.1920928955078125e-07, 1.6763806343078613e-08, 1, 1.1175869119028903e-08, 1.210719791089332e-08, -2.2584568881711675e-08, 0.9874701499938965, 0.15780600905418396, 2.444721536321026e-09, -0.1578059196472168, 0.9874701499938965),
        }},
        {Time = 0.133, Data = {
            ["LeftFoot"] = CFrame.new(-4.3888576328754425e-08, -5.960464477539063e-08, 2.7939677238464355e-09, 0.9691119194030762, -0.23527021706104279, 0.07395997643470764, 0.14108549058437347, 0.7748579978942871, 0.6161898374557495, -0.20227962732315063, -0.5867223143577576, 0.7841173410415649),
            ["LeftLowerArm"] = CFrame.new(-1.7881393432617188e-07, 2.980232238769531e-07, -1.0244548320770264e-08, 1, 5.122274604474342e-09, 8.381902283360887e-09, 1.3504177331924438e-08, 0.9999867081642151, -0.005158049985766411, 6.51925802230835e-09, 0.005158049985766411, 0.9999867081642151),
            ["LowerTorso"] = CFrame.new(-0.01707734912633896, 0.2925739288330078, -0.16110652685165405, 0.9991483092308044, 0.03201967850327492, 0.026030687615275383, -0.03365407884120941, 0.9973186254501343, 0.06498444080352783, -0.023880112916231155, -0.06580512225627899, 0.9975467324256897),
            ["Head"] = CFrame.new(-9.313225746154785e-10, 1.1920928955078125e-07, -3.1315721571445465e-08, 0.999678373336792, -0.02012460120022297, 0.015433854423463345, 0.025019602850079536, 0.6829826235771179, -0.7300059795379639, 0.004150026012212038, 0.7301573157310486, 0.6832664608955383),
            ["RightUpperArm"] = CFrame.new(0, 4.76837158203125e-07, -4.470348358154297e-08, 0.34188491106033325, -0.18924011290073395, -0.9204906225204468, 0.2462143748998642, 0.9633352756500244, -0.10660042613744736, 0.9069141149520874, -0.19019292294979095, 0.3759433925151825),
            ["UpperTorso"] = CFrame.new(3.725290298461914e-09, 2.9802322387695312e-08, 1.5978002920746803e-08, 0.9999643564224243, -0.0023152923677116632, 0.00812877994030714, 0.0032171111088246107, 0.9936187267303467, -0.11274543404579163, -0.00781586579978466, 0.11276755481958389, 0.9935907125473022),
            ["HumanoidRootPart"] = CFrame.new(0, 0, 0, 1, 0, 0, 0, 1, 0, 0, 0, 1),
            ["RightHand"] = CFrame.new(-8.940696716308594e-08, 1.1920928955078125e-07, 8.940696716308594e-08, 0.7583670616149902, -0.1669520139694214, -0.630084753036499, -0.02437714673578739, 0.9587022662162781, -0.2833651900291443, 0.6513718366622925, 0.23025444149971008, 0.7229782342910767),
            ["LeftUpperArm"] = CFrame.new(-2.384185791015625e-07, 7.152557373046875e-07, -5.587935447692871e-08, 0.008025674149394035, 0.20757903158664703, 0.9781853556632996, -0.21144649386405945, 0.9564498662948608, -0.2012316733598709, -0.9773566722869873, -0.20521880686283112, 0.05156799033284187),
            ["RightLowerArm"] = CFrame.new(1.1920928955078125e-07, -4.172325134277344e-07, 1.1920928955078125e-07, 1, -1.4901161193847656e-08, -1.862645149230957e-08, -7.4505797087454084e-09, 0.9999867677688599, -0.005157381296157837, 2.4214383387288763e-08, 0.005157411098480225, 0.9999867081642151),
            ["LeftHand"] = CFrame.new(-1.862645149230957e-08, -1.7881393432617188e-07, -3.3993273973464966e-08, 0.8961268067359924, 0.09721876680850983, 0.43301910161972046, -0.02736731618642807, 0.9859597682952881, -0.164725199341774, -0.44295361638069153, 0.13576410710811615, 0.8862054347991943),
            ["RightUpperLeg"] = CFrame.new(0, 3.902241587638855e-07, 2.0656443666666746e-08, 0.9637536406517029, -0.14108799397945404, -0.2264358252286911, 0.05782276764512062, 0.9390155076980591, -0.3389786183834076, 0.26045259833335876, 0.3135986328125, 0.913137674331665),
            ["LeftUpperLeg"] = CFrame.new(0, 1.2386590242385864e-07, 3.259629011154175e-08, 0.9991011023521423, 0.03819288685917854, 0.018396832048892975, -0.03725369647145271, 0.9981066584587097, -0.048942681401968, -0.020231248810887337, 0.048213377594947815, 0.9986322522163391),
            ["RightLowerLeg"] = CFrame.new(-5.21540641784668e-08, 1.7881393432617188e-07, -7.281050784513354e-08, 1, -9.872022843637751e-08, -7.450582373280668e-09, 7.450580596923828e-08, 0.8352067470550537, 0.5499357581138611, -4.377216100692749e-08, -0.5499362349510193, 0.8352070450782776),
            ["RightFoot"] = CFrame.new(5.587935447692871e-09, 4.76837158203125e-07, 1.6952981241047382e-09, 0.9930126667022705, -0.0659102275967598, -0.09788699448108673, 0.09507926553487778, 0.9381841421127319, 0.332822322845459, 0.0698995515704155, -0.339803546667099, 0.9378952383995056),
            ["LeftLowerLeg"] = CFrame.new(4.7497451305389404e-08, 1.1920928955078125e-07, 5.587935447692871e-09, 1, 4.656613428188905e-10, -4.656613983300417e-10, -1.257285475730896e-08, 0.9962370991706848, 0.08666983991861343, 1.0477378964424133e-09, -0.08666982501745224, 0.9962371587753296),
        }},
        {Time = 0.167, Data = {
            ["LeftFoot"] = CFrame.new(1.1350493878126144e-08, 3.5762786865234375e-07, -1.1175870895385742e-08, 0.9521200656890869, -0.2805989384651184, 0.12137472629547119, 0.13963232934474945, 0.7522993087768555, 0.6438543200492859, -0.27197498083114624, -0.5960788130760193, 0.7554599642753601),
            ["LeftLowerArm"] = CFrame.new(-1.4901161193847656e-07, 1.1920928955078125e-07, 7.543712854385376e-08, 1, -3.259629011154175e-09, 1.8626449271863521e-09, 1.5832481992106295e-08, 0.9999867677688599, -0.00515810726210475, -3.7252898543727042e-09, 0.005158092360943556, 0.9999867677688599),
            ["LowerTorso"] = CFrame.new(-0.017230048775672913, 0.3918135166168213, -0.15667681396007538, 0.9992196559906006, 0.019616959616541862, 0.034284934401512146, -0.021623188629746437, 0.9980143904685974, 0.059160344302654266, -0.033056311309337616, -0.05985552817583084, 0.9976595640182495),
            ["Head"] = CFrame.new(-2.514570951461792e-08, 5.960464477539062e-07, -1.9907020032405853e-08, 0.9987541437149048, -0.04911316558718681, -0.008844362571835518, 0.019634990021586418, 0.5496858954429626, -0.8351407051086426, 0.04587801545858383, 0.8339264988899231, 0.5499653816223145),
            ["RightUpperArm"] = CFrame.new(-2.384185791015625e-07, 8.344650268554688e-07, -4.470348358154297e-08, 0.2631549537181854, -0.16736607253551483, -0.9501252770423889, 0.23569457232952118, 0.9661481976509094, -0.10490847378969193, 0.9355199337005615, -0.196332186460495, 0.293693870306015),
            ["UpperTorso"] = CFrame.new(-1.862645149230957e-09, 1.7881393432617188e-07, -1.743319444358349e-08, 0.9999396204948425, 0.008507178165018559, 0.006952797528356314, -0.007726944051682949, 0.9943967461585999, -0.10542977601289749, -0.007810750976204872, 0.1053696945309639, 0.9944024682044983),
            ["HumanoidRootPart"] = CFrame.new(0, 0, 0, 1, 0, 0, 0, 1, 0, 0, 0, 1),
            ["RightHand"] = CFrame.new(8.940696716308594e-08, 4.172325134277344e-07, 8.940696716308594e-08, 0.7759149670600891, -0.22349731624126434, -0.5899195075035095, 0.0593833364546299, 0.956861674785614, -0.2844109833240509, 0.6280364394187927, 0.18564729392528534, 0.7557151913642883),
            ["LeftUpperArm"] = CFrame.new(5.960464477539063e-08, 9.5367431640625e-07, -2.60770320892334e-08, 0.015927990898489952, 0.1996632069349289, 0.9797351956367493, -0.23696929216384888, 0.9526969790458679, -0.19030041992664337, -0.9713866710662842, -0.22913601994514465, 0.062488555908203125),
            ["RightLowerArm"] = CFrame.new(-1.1920928955078125e-07, 0, -1.4901161193847656e-08, 1, 3.725290298461914e-09, -3.7252898543727042e-09, -3.7252898543727042e-09, 0.9999867677688599, -0.005158055108040571, 3.5390254282674505e-08, 0.0051580630242824554, 0.9999867677688599),
            ["LeftHand"] = CFrame.new(1.1175870895385742e-07, 1.1920928955078125e-07, -4.377216100692749e-08, 0.8700600862503052, 0.0712113231420517, 0.4877750873565674, 0.029675694182515144, 0.9801493287086487, -0.1960274875164032, -0.4920516610145569, 0.1850307583808899, 0.8506754636764526),
            ["RightUpperLeg"] = CFrame.new(-2.9802322387695312e-08, 5.21540641784668e-08, -3.80168785341084e-08, 0.9607281684875488, -0.12073340266942978, -0.24984991550445557, 0.03422720357775688, 0.9450706243515015, -0.32506945729255676, 0.2753726541996002, 0.30375155806541443, 0.9120882153511047),
            ["LeftUpperLeg"] = CFrame.new(0, 7.82310962677002e-08, -2.8870999813079834e-08, 0.9987884163856506, 0.04791303724050522, -0.011231270618736744, -0.04835349693894386, 0.9979074597358704, -0.04292670264840126, 0.009151032194495201, 0.04341775178909302, 0.9990150928497314),
            ["RightLowerLeg"] = CFrame.new(6.705522537231445e-08, 2.384185791015625e-07, -1.3205863069742918e-08, 1, -9.313225746154785e-08, -2.887101047122087e-08, 7.636844401304188e-08, 0.8381955623626709, 0.5453696846961975, -2.2351738238057806e-08, -0.5453699231147766, 0.8381956219673157),
            ["RightFoot"] = CFrame.new(-7.450580596923828e-09, 3.5762786865234375e-07, 3.1293893698602915e-08, 0.9772509932518005, -0.05983821302652359, -0.2034698724746704, 0.14002981781959534, 0.9025790095329285, 0.40711477398872375, 0.15928658843040466, -0.42634549736976624, 0.8904255628585815),
            ["LeftLowerLeg"] = CFrame.new(6.775371730327606e-08, -1.1920928955078125e-07, 1.955777406692505e-08, 1, -1.1175872671742582e-08, 0, 1.5425030142068863e-09, 0.9951291084289551, 0.09858130663633347, -2.2118911147117615e-09, -0.09858126938343048, 0.9951291084289551),
        }},
        {Time = 0.200, Data = {
            ["LeftFoot"] = CFrame.new(-1.2762029655277729e-08, 1.1920928955078125e-07, 2.7939677238464355e-09, 0.9629684090614319, -0.250888466835022, 0.09872609376907349, 0.1347232460975647, 0.7649469375610352, 0.6298459768295288, -0.23354141414165497, -0.5932210683822632, 0.7704201936721802),
            ["LeftLowerArm"] = CFrame.new(-1.7881393432617188e-07, 5.960464477539063e-08, 3.3527612686157227e-08, 1, 2.2031594326676895e-08, 1.641456037759781e-08, -2.2992026060819626e-08, 0.9999867081642151, -0.0051581403240561485, -2.7939677238464355e-09, 0.005158135201781988, 0.9999867677688599),
            ["LowerTorso"] = CFrame.new(-0.017144933342933655, 0.4623844623565674, -0.1483970582485199, 0.999325692653656, 0.021583234891295433, 0.02970316633582115, -0.022326365113258362, 0.9994401931762695, 0.024918530136346817, -0.029148714616894722, -0.0255648922175169, 0.9992481470108032),
            ["Head"] = CFrame.new(1.280568540096283e-08, -2.384185791015625e-07, 1.0710209608078003e-08, 0.9975529909133911, -0.06593305617570877, -0.023261375725269318, 0.014367027208209038, 0.5189128518104553, -0.8547064065933228, 0.0684240311384201, 0.8522807359695435, 0.5185903310775757),
            ["RightUpperArm"] = CFrame.new(1.1920928955078125e-07, -4.76837158203125e-07, 3.725290298461914e-09, 0.28409335017204285, -0.1601492464542389, -0.9453271627426147, 0.23375272750854492, 0.9677703976631165, -0.09370303899049759, 0.9298660159111023, -0.194352388381958, 0.3123723566532135),
            ["UpperTorso"] = CFrame.new(3.259629011154175e-09, 2.9802322387695312e-08, 5.4424162954092026e-09, 0.99991375207901, 0.009302273392677307, 0.0092799486592412, -0.008617598563432693, 0.9974195957183838, -0.07127328217029572, -0.009919006377458572, 0.07118715345859528, 0.9974137544631958),
            ["HumanoidRootPart"] = CFrame.new(0, 0, 0, 1, 0, 0, 0, 1, 0, 0, 0, 1),
            ["RightHand"] = CFrame.new(5.960464477539063e-08, -5.960464477539063e-08, 1.6391277313232422e-07, 0.7385458946228027, -0.22415423393249512, -0.6358494758605957, 0.04435638710856438, 0.9572242498397827, -0.2859272062778473, 0.672742486000061, 0.182966411113739, 0.7168968915939331),
            ["LeftUpperArm"] = CFrame.new(0, -1.1920928955078125e-07, 0, 0.042964257299900055, 0.20320643484592438, 0.9781928658485413, -0.2463434785604477, 0.9510217905044556, -0.18674197793006897, -0.9682298302650452, -0.23294827342033386, 0.09091853350400925),
            ["RightLowerArm"] = CFrame.new(0, -2.980232238769531e-07, -1.1920928955078125e-07, 1, -7.450578820566989e-09, 1.3969840395589017e-08, 0, 0.9999867677688599, -0.0051580858416855335, -2.0489096641540527e-08, 0.005158076528459787, 0.9999867677688599),
            ["LeftHand"] = CFrame.new(1.682201400399208e-07, -5.960464477539063e-08, 2.9802322387695312e-08, 0.8708141446113586, 0.11327507346868515, 0.47838401794433594, -0.015235820785164833, 0.9788433909416199, -0.2040432244539261, -0.4913763105869293, 0.170395165681839, 0.8541164994239807),
            ["RightUpperLeg"] = CFrame.new(5.960464477539063e-08, 2.630986273288727e-07, -2.1253072191029787e-08, 0.9633793234825134, -0.1132868304848671, -0.24303583800792694, 0.03644222021102905, 0.953275203704834, -0.29989761114120483, 0.26565441489219666, 0.28005823493003845, 0.9224939346313477),
            ["LeftUpperLeg"] = CFrame.new(2.9802322387695312e-08, 1.2316741049289703e-07, -1.5832483768463135e-08, 0.9989110231399536, 0.04487970843911171, -0.012753427028656006, -0.04531510919332504, 0.9983168840408325, -0.03619377315044403, 0.011107591912150383, 0.03673229739069939, 0.9992634057998657),
            ["RightLowerLeg"] = CFrame.new(-6.332993507385254e-08, 1.7881393432617188e-07, -5.045876605436206e-08, 1, -7.636847243475131e-08, -2.8871003365793513e-08, 8.381903882082042e-08, 0.8276688456535339, 0.561216413974762, -5.355105514581737e-08, -0.5612168312072754, 0.827669084072113),
            ["RightFoot"] = CFrame.new(-9.313225746154785e-09, 4.172325134277344e-07, 3.5222910810261965e-08, 0.9616076350212097, -0.050410665571689606, -0.2697583734989166, 0.17272886633872986, 0.8750278353691101, 0.45220714807510376, 0.2132500410079956, -0.4814407527446747, 0.8501406908035278),
            ["LeftLowerLeg"] = CFrame.new(1.0617077350616455e-07, 1.7881393432617188e-07, 1.30385160446167e-08, 1, 6.984920974950626e-10, -9.31322685637781e-10, -1.7826097931106233e-08, 0.9861581921577454, 0.1658075749874115, 3.5506677598107217e-09, -0.1658075600862503, 0.9861581921577454),
        }},
        {Time = 0.233, Data = {
            ["LeftFoot"] = CFrame.new(3.8198777474462986e-08, 5.960464477539063e-08, -9.313225746154785e-09, 0.9714916348457336, -0.22078640758991241, 0.08635707944631577, 0.12312401831150055, 0.7811629772186279, 0.6120662689208984, -0.2025948166847229, -0.5839844346046448, 0.7860772609710693),
            ["LeftLowerArm"] = CFrame.new(5.960464477539063e-08, 1.7881393432617188e-07, -8.940696716308594e-08, 1, 2.0489094865183688e-08, -7.450577932388569e-09, -4.470347647611561e-08, 0.9999867677688599, -0.005158107727766037, -1.1175869119028903e-08, 0.00515811936929822, 0.9999867677688599),
            ["LowerTorso"] = CFrame.new(-0.016843140125274658, 0.508141279220581, -0.14298443496227264, 0.9991406798362732, 0.025186460465192795, 0.03292049467563629, -0.024963239207863808, 0.9996626377105713, -0.007174302823841572, -0.03309008479118347, 0.006346334703266621, 0.9994323253631592),
            ["Head"] = CFrame.new(-6.984919309616089e-09, 0, -9.546056389808655e-09, 0.9968111515045166, -0.07389189302921295, -0.030126752331852913, 0.01680598221719265, 0.5634720325469971, -0.8259642720222473, 0.07800762355327606, 0.8228239417076111, 0.5629170536994934),
            ["RightUpperArm"] = CFrame.new(0, -1.1920928955078125e-07, -7.450580596923828e-09, 0.3084224760532379, -0.16048254072666168, -0.9376145601272583, 0.22122246026992798, 0.9707421064376831, -0.09338288009166718, 0.9251682758331299, -0.17862007021903992, 0.33490100502967834),
            ["UpperTorso"] = CFrame.new(-1.3969838619232178e-09, -1.1920928955078125e-07, 1.155422069132328e-08, 0.9999217987060547, 0.007273772265762091, 0.010175016708672047, -0.006799497175961733, 0.9989232420921326, -0.04589362442493439, -0.010497883893549442, 0.04582086205482483, 0.9988945126533508),
            ["HumanoidRootPart"] = CFrame.new(0, 0, 0, 1, 0, 0, 0, 1, 0, 0, 0, 1),
            ["RightHand"] = CFrame.new(-1.4901161193847656e-07, -2.384185791015625e-07, 7.450580596923828e-08, 0.7084239721298218, -0.22466471791267395, -0.6690750122070312, 0.036217402666807175, 0.9583067893981934, -0.28343677520751953, 0.704857349395752, 0.17656123638153076, 0.6870241761207581),
            ["LeftUpperArm"] = CFrame.new(0, 2.384185791015625e-07, -7.450580596923828e-09, 0.08590991050004959, 0.21470710635185242, 0.9728928804397583, -0.25053951144218445, 0.9497790336608887, -0.1874825805425644, -0.9642870426177979, -0.2276415228843689, 0.1353880614042282),
            ["RightLowerArm"] = CFrame.new(-1.7881393432617188e-07, 1.1920928955078125e-07, -7.450580596923828e-08, 1, 1.1175868230850483e-08, -5.122273449842396e-08, 2.2351741790771484e-08, 0.9999867677688599, -0.005158092360943556, -2.0489096641540527e-08, 0.0051581100560724735, 0.9999867677688599),
            ["LeftHand"] = CFrame.new(-7.450580596923828e-09, 1.7881393432617188e-07, 1.862645149230957e-08, 0.873070240020752, 0.11339517682790756, 0.47422584891319275, -0.01007037702947855, 0.9765680432319641, -0.21497343480587006, -0.4874904751777649, 0.1829112023115158, 0.8537541627883911),
            ["RightUpperLeg"] = CFrame.new(5.960464477539063e-08, -6.961636245250702e-08, 1.879379851743579e-08, 0.9597265720367432, -0.11238938570022583, -0.2574756443500519, 0.03814360871911049, 0.9601341485977173, -0.27692511677742004, 0.2783345878124237, 0.25595125555992126, 0.925753116607666),
            ["LeftUpperLeg"] = CFrame.new(-1.1920928955078125e-07, -9.12696123123169e-08, 2.0489096641540527e-08, 0.998958170413971, 0.04074861854314804, -0.020551299676299095, -0.041279587894678116, 0.9988064765930176, -0.0261094868183136, 0.019462838768959045, 0.026930715888738632, 0.9994478821754456),
            ["RightLowerLeg"] = CFrame.new(-6.332993507385254e-08, 4.172325134277344e-07, -4.300818545743823e-08, 1, -8.940699558479537e-08, -1.862645149230957e-08, 8.661300654466686e-08, 0.8165372610092163, 0.5772921442985535, -2.5844204998293208e-08, -0.5772926807403564, 0.8165377378463745),
            ["RightFoot"] = CFrame.new(-9.313225746154785e-10, 4.172325134277344e-07, 3.894820110872388e-08, 0.954079806804657, -0.0658445954322815, -0.29222652316093445, 0.20272240042686462, 0.8601321578025818, 0.4680560827255249, 0.22053436934947968, -0.5058035850524902, 0.8339827060699463),
            ["LeftLowerLeg"] = CFrame.new(3.4691765904426575e-08, 1.7881393432617188e-07, -1.5832483768463135e-08, 1, 1.3969846612837955e-08, 9.31322685637781e-10, -1.2252714398641729e-08, 0.9767067432403564, 0.21457871794700623, 2.7939681679356454e-09, -0.21457882225513458, 0.9767068028450012),
        }},
        {Time = 0.267, Data = {
            ["LeftFoot"] = CFrame.new(-6.693881005048752e-09, 1.7881393432617188e-07, 1.210719347000122e-08, 0.9768102765083313, -0.19645574688911438, 0.08512796461582184, 0.10984374582767487, 0.8011066317558289, 0.5883554816246033, -0.18378251791000366, -0.5653612613677979, 0.8041089177131653),
            ["LeftLowerArm"] = CFrame.new(-8.940696716308594e-08, 1.1920928955078125e-07, 7.450580596923828e-08, 1, 1.210719347000122e-08, 3.7252885221050747e-09, 2.7008351111135198e-08, 0.9999867677688599, -0.005158138927072287, 3.7252898543727042e-09, 0.00515812449157238, 0.9999867677688599),
            ["LowerTorso"] = CFrame.new(-0.017965205013751984, 0.5318660736083984, -0.13985008001327515, 0.9988282322883606, 0.0292567890137434, 0.03855389729142189, -0.02818870358169079, 0.9992114901542664, -0.027962226420640945, -0.03934158384799957, 0.026842672377824783, 0.9988652467727661),
            ["Head"] = CFrame.new(1.6298145055770874e-09, -2.384185791015625e-07, 1.0477378964424133e-08, 0.9966180920600891, -0.07976683974266052, -0.01974254660308361, 0.035065457224845886, 0.6301052570343018, -0.7757176160812378, 0.07431641221046448, 0.7724018692970276, 0.6307713389396667),
            ["RightUpperArm"] = CFrame.new(-1.1920928955078125e-07, -3.5762786865234375e-07, 1.1175870895385742e-08, 0.32161107659339905, -0.1693648397922516, -0.931601881980896, 0.20504948496818542, 0.9729837775230408, -0.1061001718044281, 0.9244030714035034, -0.1569015234708786, 0.34765058755874634),
            ["UpperTorso"] = CFrame.new(3.725290298461914e-09, -4.470348358154297e-07, -7.203198038041592e-09, 0.9999276995658875, 0.006433833856135607, 0.010165548883378506, -0.00606010016053915, 0.999319851398468, -0.03637702763080597, -0.010392671450972557, 0.03631279245018959, 0.999286413192749),
            ["HumanoidRootPart"] = CFrame.new(0, 0, 0, 1, 0, 0, 0, 1, 0, 0, 0, 1),
            ["RightHand"] = CFrame.new(8.940696716308594e-08, -1.1920928955078125e-07, 0, 0.7024757266044617, -0.21401812136173248, -0.6787666082382202, 0.02201150916516781, 0.9597923755645752, -0.27984657883644104, 0.7113671898841858, 0.18164482712745667, 0.6789417266845703),
            ["LeftUpperArm"] = CFrame.new(-1.1920928955078125e-07, -2.384185791015625e-07, -3.5390257835388184e-08, 0.10736982524394989, 0.2272731065750122, 0.9678939580917358, -0.24475915729999542, 0.949602484703064, -0.1958266943693161, -0.963620662689209, -0.215875044465065, 0.15758584439754486),
            ["RightLowerArm"] = CFrame.new(0, 4.172325134277344e-07, -1.341104507446289e-07, 1, -3.725290742551124e-09, -1.0244542991699745e-08, 7.450578820566989e-09, 0.9999867081642151, -0.005158112850040197, 5.5879341154252415e-09, 0.005158089566975832, 0.9999867081642151),
            ["LeftHand"] = CFrame.new(4.470348358154297e-08, 2.384185791015625e-07, 2.2351741790771484e-08, 0.8666445016860962, 0.09919861704111099, 0.48896554112434387, 0.012062675319612026, 0.9755827784538269, -0.21930092573165894, -0.49878042936325073, 0.1959541141986847, 0.8442866802215576),
            ["RightUpperLeg"] = CFrame.new(0, -5.015172064304352e-07, 2.2519088815897703e-08, 0.9551049470901489, -0.11668552458286285, -0.2723217308521271, 0.04240286350250244, 0.9635498523712158, -0.2641475796699524, 0.2932177782058716, 0.2407413125038147, 0.925238847732544),
