return {
    ["Rakuten Point"] = {
        {Time = 0.000, Data = {
            ["LeftFoot"] = CFrame.new(-2.8305787935778426e-08, -5.960464477539063e-08, -3.0496714487071586e-08, 1, 8.850128807580404e-08, -1.9405995033139334e-07, -1.9185637256668997e-07, 0.7711142301559448, -0.6366971135139465, 9.33765207378201e-08, 0.6366969347000122, 0.7711140513420105),
            ["LeftLowerArm"] = CFrame.new(-2.980232238769531e-07, -3.5762786865234375e-07, 0, 1, -1.0430814256778831e-07, 5.960464477539063e-08, 9.580983117984943e-08, 0.2338930368423462, -0.9722623229026794, 2.6077039194660756e-08, 0.972262442111969, 0.23389305174350739),
            ["LowerTorso"] = CFrame.new(0, -0.8411791324615479, 0, -1, 0, 0, 0, 0.9690061211585999, 0.24703659117221832, 0, 0.2470366507768631, -0.9690061807632446),
            ["Head"] = CFrame.new(0, 0, 5.960464477539063e-08, 1, 0, 0, 0, 0.8396186828613281, -0.5431764125823975, 0, 0.5431763529777527, 0.8396186828613281),
            ["RightUpperArm"] = CFrame.new(0, -1.1920928955078125e-07, 5.960464477539063e-08, 0.7658095955848694, 0.13051040470600128, 0.6296846866607666, 0.05041024088859558, 0.9639924764633179, -0.26110807061195374, -0.6410885453224182, 0.23170167207717896, 0.7316555976867676),
            ["UpperTorso"] = CFrame.new(0, 0, 5.21540641784668e-08, 1, 0, 0, 0, 0.9477801322937012, 0.3189246654510498, 0, -0.3189246654510498, 0.9477800726890564),
            ["HumanoidRootPart"] = CFrame.new(0, 0, 0, 1, 0, 0, 0, 1, 0, 0, 0, 1),
            ["RightHand"] = CFrame.new(-1.1920928955078125e-07, 2.384185791015625e-07, 1.4901161193847656e-08, 0.9967002868652344, -0.0801481083035469, -0.01284506730735302, 0.07669944316148758, 0.8781304955482483, 0.4722328782081604, -0.026568863540887833, -0.47165989875793457, 0.8813802003860474),
            ["LeftUpperArm"] = CFrame.new(0, -1.1920928955078125e-07, 5.960464477539063e-08, 0.5184260010719299, 0.003083538729697466, -0.8551170229911804, -0.16950513422489166, 0.9805210828781128, -0.09922894835472107, 0.8381543159484863, 0.1963895559310913, 0.5088503360748291),
            ["RightLowerArm"] = CFrame.new(5.960464477539063e-08, 5.960464477539063e-08, 1.1920928955078125e-07, 1, -7.450581307466564e-08, 7.450581307466564e-08, 8.940696716308594e-08, 0.5817267298698425, -0.8133843541145325, 6.332993507385254e-08, 0.8133843541145325, 0.5817267298698425),
            ["LeftHand"] = CFrame.new(2.9802322387695312e-08, 2.384185791015625e-07, -8.940696716308594e-08, 0.9043040871620178, -0.323060005903244, -0.2790454924106598, 0.3796798288822174, 0.9074736833572388, 0.17981888353824615, 0.19513413310050964, -0.2685588300228119, 0.9432915449142456),
            ["RightUpperLeg"] = CFrame.new(0, -2.99842213280499e-08, 7.99846020527184e-08, 1, 6.611634972841784e-08, -2.8954869435438013e-07, -2.897310125149488e-08, 0.9919734001159668, 0.12644696235656738, 2.955848401597905e-07, -0.12644702196121216, 0.9919734001159668),
            ["LeftUpperLeg"] = CFrame.new(0, -2.456935703776253e-07, 2.8536316420968433e-08, 1, -4.030880518257618e-08, 1.8975246973695903e-07, 1.8921517153103196e-07, -0.012871119193732738, -0.999917209148407, 4.268086684078298e-08, 0.999917209148407, -0.01287114154547453),
            ["RightLowerLeg"] = CFrame.new(-1.2802285453972218e-08, -0.000003635883331298828, -0.000013300807040650398, 1, -2.2505687979901268e-07, -1.5934543284856773e-07, 2.2503819252506219e-07, 0.332071453332901, 0.943254292011261, -1.5937169450808142e-07, -0.9432542324066162, 0.3320715129375458),
            ["RightFoot"] = CFrame.new(-1.779832814463589e-08, 2.980232238769531e-07, -2.4090695660561323e-08, 1, -1.3934428011452837e-07, 4.05001031822394e-07, 2.275577770660675e-07, 0.9739474058151245, -0.22677405178546906, -3.6285013038650504e-07, 0.22677406668663025, 0.9739474654197693),
            ["LeftLowerLeg"] = CFrame.new(1.2765035251049994e-08, 0.000003993511199951172, 0.000013152258361515123, 1, 5.7253988217098595e-08, 9.622006302834052e-08, -6.144554731690732e-08, -0.43807655572891235, 0.8989377617835999, 9.36030630782625e-08, -0.8989377021789551, -0.4380764067173004),
        }},
        {Time = 0.033, Data = {
            ["LeftFoot"] = CFrame.new(3.956149896566785e-08, 1.1920928955078125e-07, -1.4678974480375473e-08, 1, -1.8270306156864535e-07, -2.750874728008057e-07, -3.3909429930645274e-08, 0.7708860635757446, -0.6369729042053223, 3.279485554230632e-07, 0.6369730830192566, 0.7708861827850342),
            ["LeftLowerArm"] = CFrame.new(-8.940696716308594e-08, -5.960464477539063e-08, 0, 1, -8.940698137394065e-08, 5.960464477539063e-08, 1.4656689018011093e-07, 0.23389318585395813, -0.9722623229026794, 7.82310962677002e-08, 0.9722623825073242, 0.23389317095279694),
            ["LowerTorso"] = CFrame.new(0, -0.8411791324615479, 0, -0.9999998211860657, -0.00016210414469242096, 0.0005939218099229038, -0.000010359520274505485, 0.9690061807632446, 0.24703659117221832, -0.0006155595183372498, 0.24703650176525116, -0.9690060615539551),
            ["Head"] = CFrame.new(5.638867150992155e-11, -1.1920928955078125e-07, 1.630932047191891e-07, 0.9999998211860657, -0.000010359509360569064, 0.0006155595183372498, 0.00034305540611967444, 0.8396187424659729, -0.5431761741638184, -0.0005112081998959184, 0.5431763529777527, 0.8396185636520386),
            ["RightUpperArm"] = CFrame.new(0, 0, 1.0634539648890495e-07, 0.7658095955848694, 0.13051040470600128, 0.6296846270561218, 0.05041024833917618, 0.9639924168586731, -0.26110804080963135, -0.6410885453224182, 0.23170162737369537, 0.7316555976867676),
            ["UpperTorso"] = CFrame.new(2.000888343900442e-11, 0, -1.2579839392401482e-09, 1, 9.094947017729282e-12, 3.637978807091713e-12, -3.637978807091713e-12, 0.9477800726890564, 0.3189246356487274, -2.2282620193436742e-11, -0.3189246356487274, 0.9477800726890564),
            ["HumanoidRootPart"] = CFrame.new(0, 0, 0, 1, 0, 0, 0, 1, 0, 0, 0, 1),
            ["RightHand"] = CFrame.new(-2.9802322387695312e-08, 0, 1.043081283569336e-07, 0.9967002868652344, -0.08014810085296631, -0.012845063582062721, 0.07669942080974579, 0.8781306147575378, 0.47223296761512756, -0.026568925008177757, -0.47165989875793457, 0.8813802599906921),
            ["LeftUpperArm"] = CFrame.new(0, 0, 6.449408829212189e-08, 0.5184259414672852, 0.003083539195358753, -0.8551169633865356, -0.16950513422489166, 0.9805211424827576, -0.09922894090414047, 0.8381543159484863, 0.1963895559310913, 0.5088503360748291),
            ["RightLowerArm"] = CFrame.new(0, 3.5762786865234375e-07, 2.9802322387695312e-08, 1, -7.450579886381092e-08, 1.4901161193847656e-08, 8.195637946073475e-08, 0.5817267298698425, -0.8133843541145325, 3.352760913344355e-08, 0.8133843541145325, 0.5817267298698425),
            ["LeftHand"] = CFrame.new(-5.960464477539063e-08, -5.960464477539063e-08, 2.9802322387695312e-08, 0.9043041467666626, -0.3230600655078888, -0.2790454626083374, 0.3796798288822174, 0.9074736833572388, 0.17981892824172974, 0.19513410329818726, -0.26855894923210144, 0.9432914853096008),
            ["RightUpperLeg"] = CFrame.new(0, 1.1012889444828033e-07, 1.4981196727603674e-08, 0.9999998211860657, -0.00023570562188979238, 0.0005685080541297793, 0.00016216275980696082, 0.9920233488082886, 0.12605389952659607, -0.0005936849629506469, -0.1260538548231125, 0.9920232892036438),
            ["LeftUpperLeg"] = CFrame.new(0, -2.522065187804401e-07, -5.235779099166393e-08, 0.9999998211860657, 0.0005960199632681906, 0.00015455149696208537, 0.00016204893472604454, -0.012600002810359001, -0.999920666217804, -0.0005940247792750597, 0.9999204277992249, -0.01260012574493885),
            ["RightLowerLeg"] = CFrame.new(-8.722217614831607e-09, -0.0000035762786865234375, -0.000013262295396998525, 1, -2.851831482075795e-07, -1.9615333712863503e-07, 2.7960336979049316e-07, 0.33157023787498474, 0.9434304237365723, -2.038587751940213e-07, -0.9434306025505066, 0.33157065510749817),
            ["RightFoot"] = CFrame.new(-2.5365721967318677e-08, 4.172325134277344e-07, 2.8892827685922384e-08, 1, 1.799869586704972e-08, 4.814395424546092e-07, 9.176970650059957e-08, 0.97391676902771, -0.2269051969051361, -4.729285763005464e-07, 0.22690553963184357, 0.9739168882369995),
            ["LeftLowerLeg"] = CFrame.new(-6.862130419449386e-09, 0.000003814697265625, 0.000013260480045573786, 1, 5.624182719543569e-08, 9.48910852116569e-08, -6.060882640213094e-08, -0.4381547272205353, 0.8988996148109436, 9.216896046382317e-08, -0.8988996148109436, -0.43815478682518005),
        }},
        {Time = 0.067, Data = {
            ["LeftFoot"] = CFrame.new(4.98669834314569e-08, -5.960464477539063e-08, 4.434053835211671e-08, 1, -0.000001245329258381389, -4.637961978914973e-07, 6.644188488280633e-07, 0.7703002095222473, -0.637681782245636, 0.0000011504571375553496, 0.6376814842224121, 0.7702998518943787),
            ["LeftLowerArm"] = CFrame.new(-2.384185791015625e-07, -5.960464477539063e-08, 0, 1, -1.1920930376163597e-07, 5.21540641784668e-08, 9.103676745780831e-08, 0.23389314115047455, -0.9722623825073242, 5.5879347371501353e-08, 0.9722623825073242, 0.23389317095279694),
            ["LowerTorso"] = CFrame.new(0, -0.8411791324615479, 0, -0.999997615814209, -0.0005725446972064674, 0.002120013115927577, -0.00003107866723439656, 0.9690062999725342, 0.24703644216060638, -0.0021957452408969402, 0.24703587591648102, -0.9690038561820984),
            ["Head"] = CFrame.new(-9.822542779147625e-11, 0, -4.658249963540584e-08, 0.999997615814209, -0.000031078801839612424, 0.0021957452408969402, 0.0012187706306576729, 0.8396187424659729, -0.5431748628616333, -0.0018267077393829823, 0.5431762337684631, 0.8396167755126953),
            ["RightUpperArm"] = CFrame.new(0, -1.1920928955078125e-07, -5.51808625459671e-08, 0.7658095955848694, 0.13051041960716248, 0.629684567451477, 0.05041021853685379, 0.9639925360679626, -0.26110804080963135, -0.641088604927063, 0.23170162737369537, 0.7316556572914124),
            ["UpperTorso"] = CFrame.new(-7.275957614183426e-11, -2.9802322387695312e-08, 1.3668056908500148e-08, 1, 8.185452315956354e-11, 1.509761343720939e-10, -5.4569682106375694e-12, 0.9477801322937012, 0.3189246952533722, 2.546585164964199e-11, -0.3189246654510498, 0.9477801322937012),
            ["HumanoidRootPart"] = CFrame.new(0, 0, 0, 1, 0, 0, 0, 1, 0, 0, 0, 1),
            ["RightHand"] = CFrame.new(-2.9802322387695312e-08, 0, 7.450580596923828e-08, 0.9967002272605896, -0.0801481306552887, -0.012845123186707497, 0.07669947296380997, 0.8781305551528931, 0.47223299741744995, -0.026568863540887833, -0.47165998816490173, 0.8813802599906921),
            ["LeftUpperArm"] = CFrame.new(-1.1920928955078125e-07, 0, 4.0745362639427185e-09, 0.5184259414672852, 0.0030835389625281096, -0.8551170229911804, -0.16950514912605286, 0.9805211424827576, -0.09922894835472107, 0.8381542563438416, 0.1963895708322525, 0.5088503956794739),
            ["RightLowerArm"] = CFrame.new(0, -5.960464477539063e-08, -5.960464477539063e-08, 1, -5.960463766996327e-08, 1.4901159417490817e-08, 1.1175869474300271e-07, 0.581726610660553, -0.8133843541145325, 8.568166975919667e-08, 0.8133844137191772, 0.581726610660553),
            ["LeftHand"] = CFrame.new(8.940696716308594e-08, -1.1920928955078125e-07, -5.960464477539063e-08, 0.9043041467666626, -0.3230600655078888, -0.2790454924106598, 0.379679799079895, 0.9074737429618835, 0.17981892824172974, 0.19513410329818726, -0.2685588598251343, 0.9432915449142456),
            ["RightUpperLeg"] = CFrame.new(0, 1.0972144082188606e-08, 3.0144292395561934e-08, 0.999997615814209, -0.0008336430182680488, 0.002032010816037655, 0.0005730075063183904, 0.9921507835388184, 0.12504549324512482, -0.0021203034557402134, -0.1250441074371338, 0.9921489953994751),
            ["LeftUpperLeg"] = CFrame.new(0, -2.8664362616837025e-07, 1.862645149230957e-08, 0.999997615814209, 0.002127172192558646, 0.0005462998524308205, 0.0005715895676985383, -0.01190668623894453, -0.9999290108680725, -0.0021205150987952948, 0.9999268651008606, -0.011907811276614666),
            ["RightLowerLeg"] = CFrame.new(2.858297420971212e-08, -0.000003874301910400391, -0.000013324068277142942, 1, -1.6732117558149184e-07, -1.2427612716692238e-07, 1.725262990248666e-07, 0.33028751611709595, 0.9438803195953369, -1.1674188726829016e-07, -0.9438803791999817, 0.3302876353263855),
            ["RightFoot"] = CFrame.new(5.0936819206981454e-08, 3.5762786865234375e-07, -1.420994522050023e-08, 1, 5.368534061744867e-07, 5.782512744190171e-07, -3.9050163991305453e-07, 0.9738391041755676, -0.22723861038684845, -6.857389962533489e-07, 0.22723889350891113, 0.9738391637802124),
            ["LeftLowerLeg"] = CFrame.new(2.283604771946557e-08, 0.000003874301910400391, 0.000013325254258234054, 1, 1.119688306516764e-07, 1.7187690559694602e-07, -1.0551042350925854e-07, -0.43835869431495667, 0.8988001942634583, 1.7614129887988383e-07, -0.8988001942634583, -0.4383586049079895),
        }},
        {Time = 0.100, Data = {
            ["LeftFoot"] = CFrame.new(3.844755269710731e-08, -5.960464477539063e-08, 2.9770944820484146e-08, 1, -0.000005071654413768556, -0.0000013111044836477959, 0.0000030655553473479813, 0.7695022821426392, -0.638643741607666, 0.000004248124241712503, 0.6386440396308899, 0.769502580165863),
            ["LeftLowerArm"] = CFrame.new(-1.4901161193847656e-07, 1.7881393432617188e-07, -2.9802322387695312e-08, 1, -1.6391277313232422e-07, 8.195636524988004e-08, 7.287599856908855e-08, 0.23389305174350739, -0.9722623229026794, 7.450581307466564e-08, 0.9722623825073242, 0.2338930368423462),
            ["LowerTorso"] = CFrame.new(0, -0.8411791324615479, 0, -0.9999906420707703, -0.001117511186748743, 0.004194754641503096, -0.000046618315536761656, 0.9690061807632446, 0.24703647196292877, -0.004340809304267168, 0.247033953666687, -0.9689971208572388),
            ["Head"] = CFrame.new(2.4010660126805305e-10, -1.1920928955078125e-07, 1.7762613424565643e-07, 0.9999905824661255, -0.00004661828279495239, 0.004340809304267168, 0.0023969656322151423, 0.8396188020706177, -0.5431709885597229, -0.0036193032283335924, 0.5431762933731079, 0.8396109938621521),
            ["RightUpperArm"] = CFrame.new(1.1920928955078125e-07, -1.1920928955078125e-07, 2.5122426450252533e-07, 0.7658096551895142, 0.13051041960716248, 0.6296846270561218, 0.05041021481156349, 0.9639924764633179, -0.26110807061195374, -0.641088604927063, 0.23170168697834015, 0.7316555976867676),
            ["UpperTorso"] = CFrame.new(-2.546585164964199e-10, -2.9802322387695312e-08, -2.7330315788276494e-08, 1, -5.0931710238177885e-11, -4.0017770347455794e-11, -9.822544166926406e-11, 0.9477801322937012, 0.3189246654510498, -1.546141131791856e-10, -0.3189246356487274, 0.9477801322937012),
            ["HumanoidRootPart"] = CFrame.new(0, 0, 0, 1, 0, 0, 0, 1, 0, 0, 0, 1),
            ["RightHand"] = CFrame.new(0, 0, -2.086162567138672e-07, 0.9967002868652344, -0.08014815300703049, -0.012845180928707123, 0.0766993835568428, 0.8781304955482483, 0.4722329378128052, -0.026568878442049026, -0.47165995836257935, 0.8813802003860474),
            ["LeftUpperArm"] = CFrame.new(0, -1.1920928955078125e-07, 1.0337680578231812e-07, 0.5184260010719299, 0.003083538729697466, -0.8551169633865356, -0.16950508952140808, 0.9805210828781128, -0.09922892600297928, 0.8381542563438416, 0.19638963043689728, 0.5088503360748291),
            ["RightLowerArm"] = CFrame.new(-1.4901161193847656e-07, 0, 2.9802322387695312e-08, 1, -1.0430811414607888e-07, 5.960464477539063e-08, 1.1175869474300271e-07, 0.581726610660553, -0.8133843541145325, 8.940695295223122e-08, 0.8133843541145325, 0.5817267298698425),
            ["LeftHand"] = CFrame.new(5.960464477539063e-08, -5.960464477539063e-08, -5.960464477539063e-08, 0.9043041467666626, -0.32305994629859924, -0.2790455222129822, 0.379679799079895, 0.907473623752594, 0.17981889843940735, 0.19513414800167084, -0.26855891942977905, 0.9432914853096008),
            ["RightUpperLeg"] = CFrame.new(-5.960464477539063e-08, -8.416827768087387e-08, -3.80168785341084e-08, 0.9999905824661255, -0.0016301351133733988, 0.004025986418128014, 0.0011197022395208478, 0.9923217296600342, 0.123678058385849, -0.0041966852732002735, -0.12367255240678787, 0.9923142790794373),
            ["LeftUpperLeg"] = CFrame.new(5.960464477539063e-08, 6.83940015733242e-08, -2.7241185307502747e-08, 0.9999905824661255, 0.004208925645798445, 0.0010670511983335018, 0.0011131669161841273, -0.010969680733978748, -0.9999392032623291, -0.004196964669972658, 0.9999310374259949, -0.010974212549626827),
            ["RightLowerLeg"] = CFrame.new(-2.1016489881731104e-08, -0.000003874301910400391, -0.000013272328942548484, 1, -1.4339633480631164e-07, -1.111862104608008e-07, 1.511035492285373e-07, 0.3285538852214813, 0.9444851279258728, -1.0053567933709928e-07, -0.9444851875305176, 0.3285543620586395),
            ["RightFoot"] = CFrame.new(-3.6179642393108224e-08, 2.980232238769531e-07, 5.158653948456049e-09, 1, 0.000002731165068325936, 0.0000014350625860970467, -0.0000023333323042606935, 0.9737353324890137, -0.22768272459506989, -0.000002017841097767814, 0.22768305242061615, 0.9737354516983032),
            ["LeftLowerLeg"] = CFrame.new(2.369858975725947e-08, 0.000003933906555175781, 0.000013255666999612004, 1, 1.846736665811477e-07, 2.725591059515864e-07, -1.6418074721968878e-07, -0.43864133954048157, 0.898662269115448, 2.8576238264577114e-07, -0.8986622095108032, -0.43864139914512634),
        }},
        {Time = 0.133, Data = {
            ["LeftFoot"] = CFrame.new(-2.686090283532394e-08, 5.960464477539063e-08, -2.9723196348641068e-08, 1, -0.000011782921319536399, -0.000002809198122122325, 0.000007258934601850342, 0.7686401009559631, -0.6396816968917847, 0.00000969845314102713, 0.6396814584732056, 0.7686399221420288),
            ["LeftLowerArm"] = CFrame.new(-8.940696716308594e-08, 1.7881393432617188e-07, 8.940696716308594e-08, 1, -2.9802318834981634e-08, 1.1920927533992653e-07, 1.1990776727088814e-07, 0.23389320075511932, -0.9722623825073242, 6.332992796842518e-08, 0.9722622632980347, 0.23389317095279694),
            ["LowerTorso"] = CFrame.new(0, -0.8411791324615479, 0, -0.9999778866767883, -0.0016831910470500588, 0.006434613838791847, -0.00004143861951888539, 0.9690061807632446, 0.24703653156757355, -0.006650990340858698, 0.2470308095216751, -0.968984842300415),
            ["Head"] = CFrame.new(6.548361852765083e-10, 0, 9.64464561548084e-08, 0.9999779462814331, -0.0000414387286582496, 0.006650989875197411, 0.0036474522203207016, 0.8396187424659729, -0.5431640148162842, -0.005561788100749254, 0.5431761741638184, 0.8396003246307373),
            ["RightUpperArm"] = CFrame.new(-5.960464477539063e-08, -2.384185791015625e-07, -5.774199962615967e-08, 0.7658095955848694, 0.13051040470600128, 0.629684567451477, 0.05041017755866051, 0.9639924764633179, -0.26110801100730896, -0.6410884857177734, 0.2317015379667282, 0.7316555976867676),
            ["UpperTorso"] = CFrame.new(2.1100277081131935e-10, -2.9802322387695312e-08, -1.0938038030872121e-08, 1, 3.1650418397255464e-10, -3.310560992009215e-10, -6.912160427363645e-11, 0.9477801322937012, 0.3189246952533722, -2.1918825088285132e-10, -0.3189246356487274, 0.9477801322937012),
            ["HumanoidRootPart"] = CFrame.new(0, 0, 0, 1, 0, 0, 0, 1, 0, 0, 0, 1),
            ["RightHand"] = CFrame.new(2.9802322387695312e-08, -5.960464477539063e-08, 4.470348358154297e-08, 0.9967002868652344, -0.08014804869890213, -0.012845076620578766, 0.07669947296380997, 0.8781305551528931, 0.47223296761512756, -0.02656889334321022, -0.47165995836257935, 0.8813802003860474),
            ["LeftUpperArm"] = CFrame.new(1.1920928955078125e-07, -1.1920928955078125e-07, -2.8405338525772095e-08, 0.5184259414672852, 0.003083539195358753, -0.8551169633865356, -0.16950508952140808, 0.9805211424827576, -0.09922893345355988, 0.8381542563438416, 0.1963895559310913, 0.5088503360748291),
            ["RightLowerArm"] = CFrame.new(1.1920928955078125e-07, -1.1920928955078125e-07, -2.9802322387695312e-08, 1, -8.940696716308594e-08, 0, 8.940696716308594e-08, 0.5817266702651978, -0.8133843541145325, 1.862645149230957e-08, 0.8133844137191772, 0.5817267298698425),
            ["LeftHand"] = CFrame.new(8.940696716308594e-08, 5.960464477539063e-08, -2.9802322387695312e-08, 0.9043040871620178, -0.3230600357055664, -0.2790454924106598, 0.379679799079895, 0.907473623752594, 0.17981888353824615, 0.19513414800167084, -0.26855891942977905, 0.9432915449142456),
            ["RightUpperLeg"] = CFrame.new(5.960464477539063e-08, 3.207242116332054e-08, -3.4757249522954226e-08, 0.9999778866767883, -0.0024626797530800104, 0.006184931844472885, 0.0016884130891412497, 0.9925032258033752, 0.12220685929059982, -0.006439522374421358, -0.12219379097223282, 0.9924854636192322),
            ["LeftUpperLeg"] = CFrame.new(-5.960464477539063e-08, -4.761386662721634e-08, -1.6298145055770874e-09, 0.9999779462814331, 0.006456253584474325, 0.0016084761591628194, 0.0016727953916415572, -0.009969169273972511, -0.9999489188194275, -0.0064398921094834805, 0.9999294877052307, -0.009979776106774807),
            ["RightLowerLeg"] = CFrame.new(1.5621253623976372e-08, -0.000003874301910400391, -0.000013349119399208575, 1, -2.3652874858726136e-07, -1.6797859814232652e-07, 2.368324203416705e-07, 0.3266991972923279, 0.9451282620429993, -1.7010415831464343e-07, -0.9451284408569336, 0.32669955492019653),
            ["RightFoot"] = CFrame.new(2.2615040506934747e-08, 2.980232238769531e-07, 1.8342689145356417e-08, 1, 0.000006818908786954125, 0.000002942665787486476, -0.000005970547135802917, 0.9736264944076538, -0.22814781963825226, -0.0000044202834033058025, 0.22814805805683136, 0.9736265540122986),
            ["LeftLowerLeg"] = CFrame.new(-1.0382109394413419e-07, 0.0000037550926208496094, 0.000013270391718833707, 1, 2.386422579547798e-07, 3.4790846825671906e-07, -2.0736229089379776e-07, -0.4389576017856598, 0.898507833480835, 3.6759081467607757e-07, -0.8985078930854797, -0.43895745277404785),
        }},
        {Time = 0.167, Data = {
            ["LeftFoot"] = CFrame.new(-8.162146514223423e-09, 0, -1.4922079571988434e-08, 1, -0.00002012740333157126, -0.0000046803725126665086, 0.000012457777302188333, 0.7678608298301697, -0.6406170725822449, 0.000016487356333527714, 0.6406168341636658, 0.767860472202301),
            ["LeftLowerArm"] = CFrame.new(2.9802322387695312e-08, -2.384185791015625e-07, -5.960464477539063e-08, 1, -8.940696716308594e-08, 5.21540641784668e-08, 9.35979329597103e-08, 0.23389308154582977, -0.9722623229026794, 1.005828522693264e-07, 0.9722623825073242, 0.23389305174350739),
            ["LowerTorso"] = CFrame.new(0, -0.8411791324615479, 0, -0.9999619722366333, -0.002155774040147662, 0.008456066250801086, -6.84196362760181e-12, 0.9690061211585999, 0.24703660607337952, -0.008726535364985466, 0.2470272332429886, -0.9689692854881287),
            ["Head"] = CFrame.new(-1.3456737946171415e-09, 3.5762786865234375e-07, -1.6720150597393513e-08, 0.9999619126319885, -4.6566112077428556e-10, 0.008726535364985466, 0.004740047734230757, 0.8396186232566833, -0.5431557297706604, -0.007326961494982243, 0.5431763529777527, 0.8395867347717285),
            ["RightUpperArm"] = CFrame.new(0, 3.5762786865234375e-07, -3.166496753692627e-08, 0.7658094763755798, 0.1305103898048401, 0.6296846270561218, 0.05041026696562767, 0.9639924764633179, -0.2611081004142761, -0.641088604927063, 0.23170164227485657, 0.7316556572914124),
            ["UpperTorso"] = CFrame.new(1.6381415668398347e-10, 0, 1.727221388136968e-08, 1, -1.9548890284326603e-10, -1.2646807212579603e-10, 2.262007386955034e-10, 0.9477801322937012, 0.3189246654510498, -1.6902156757536702e-12, -0.3189246654510498, 0.9477801322937012),
            ["HumanoidRootPart"] = CFrame.new(0, 0, 0, 1, 0, 0, 0, 1, 0, 0, 0, 1),
            ["RightHand"] = CFrame.new(1.1920928955078125e-07, -5.960464477539063e-08, 5.960464477539063e-08, 0.9967002272605896, -0.0801481083035469, -0.012845151126384735, 0.07669945061206818, 0.8781304955482483, 0.4722329378128052, -0.02656891942024231, -0.4716598689556122, 0.8813802003860474),
            ["LeftUpperArm"] = CFrame.new(-1.1920928955078125e-07, 3.5762786865234375e-07, 9.313225746154785e-09, 0.5184259414672852, 0.003083538031205535, -0.8551170229911804, -0.16950511932373047, 0.9805210828781128, -0.09922895580530167, 0.8381542563438416, 0.19638949632644653, 0.5088503956794739),
            ["RightLowerArm"] = CFrame.new(1.7881393432617188e-07, 2.980232238769531e-07, 2.9802322387695312e-08, 1, -7.450581307466564e-08, -4.4703490686970326e-08, 9.685756197086448e-08, 0.5817266702651978, -0.8133844137191772, 4.0978196835794733e-08, 0.8133843541145325, 0.581726610660553),
            ["LeftHand"] = CFrame.new(0, -1.7881393432617188e-07, 5.960464477539063e-08, 0.9043041467666626, -0.323060005903244, -0.2790454924106598, 0.3796798288822174, 0.9074736833572388, 0.17981894314289093, 0.19513417780399323, -0.26855888962745667, 0.9432915449142456),
            ["RightUpperLeg"] = CFrame.new(-5.960464477539063e-08, -2.270098775625229e-08, 2.2053427528589964e-08, 0.9999618530273438, -0.0031721361447125673, 0.008141112513840199, 0.002164809964597225, 0.9926642179489136, 0.1208849847316742, -0.008464854210615158, -0.12086284905672073, 0.9926332235336304),
            ["LeftUpperLeg"] = CFrame.new(0, 7.101334631443024e-09, -2.7939677238464355e-08, 0.9999619126319885, 0.008484318852424622, 0.002060648985207081, 0.0021377410739660263, -0.00908730924129486, -0.9999564290046692, -0.008465223014354706, 0.9999227523803711, -0.009105200879275799),
            ["RightLowerLeg"] = CFrame.new(5.5581949709448963e-08, -0.0000033974647521972656, -0.000013244331057649106, 1, -2.582580407306523e-07, -1.8053994210731616e-07, 2.5309827833552845e-07, 0.32505178451538086, 0.9456962943077087, -1.834143859014148e-07, -0.9456962943077087, 0.325051873922348),
            ["RightFoot"] = CFrame.new(-8.973302101367153e-09, 3.5762786865234375e-07, -4.016328603029251e-09, 1, 0.000011979896953562275, 0.000004743401404994074, -0.000010576150089036673, 0.9735333919525146, -0.22854477167129517, -0.00000735577077648486, 0.22854478657245636, 0.9735334515571594),
            ["LeftLowerLeg"] = CFrame.new(-2.196384230046533e-08, 0.000003933906555175781, 0.000013170236343285069, 1, 2.2981143388278724e-07, 3.355447972808179e-07, -2.0056856442352e-07, -0.43926212191581726, 0.8983588814735413, 3.543422906204796e-07, -0.898358941078186, -0.4392622411251068),
        }},
        {Time = 0.200, Data = {
            ["LeftFoot"] = CFrame.new(-5.821789272886235e-09, -5.960464477539063e-08, -4.4180524128023535e-08, 1, -0.000027697424229700118, -0.0000063957827478589024, 0.000017147171092801727, 0.7672820091247559, -0.6413100957870483, 0.00002267260424559936, 0.6413098573684692, 0.7672818303108215),
            ["LeftLowerArm"] = CFrame.new(2.9802322387695312e-08, -2.980232238769531e-07, -2.9802322387695312e-08, 1, -1.3411046495548362e-07, 7.450581485102248e-09, 1.2083911826721305e-07, 0.2338930368423462, -0.972262442111969, 1.0430814256778831e-07, 0.9722623825073242, 0.23389305174350739),
            ["LowerTorso"] = CFrame.new(0, -0.8411791324615479, 0, -0.9999475479125977, -0.0024548331275582314, 0.009954496286809444, 0.00008587874617660418, 0.9688735604286194, 0.2475561797618866, -0.010252358391880989, 0.24754402041435242, -0.9688224196434021),
            ["Head"] = CFrame.new(-1.2005330063402653e-09, 1.1920928955078125e-07, -1.146690919995308e-08, 0.9999474287033081, 0.00008587818592786789, 0.010252357460558414, 0.005501376464962959, 0.8393272161483765, -0.5435986518859863, -0.008651766926050186, 0.5436264872550964, 0.8392826318740845),
            ["RightUpperArm"] = CFrame.new(1.1920928955078125e-07, 1.1920928955078125e-07, 1.257285475730896e-07, 0.7658095359802246, 0.1305103749036789, 0.6296846270561218, 0.050410255789756775, 0.9639924168586731, -0.26110807061195374, -0.6410885453224182, 0.23170168697834015, 0.7316556572914124),
            ["UpperTorso"] = CFrame.new(-3.41970007866621e-10, -8.940696716308594e-08, -1.439275365555659e-08, 1, -3.41970007866621e-10, 1.5061232261359692e-09, 1.1641532182693481e-10, 0.9477801322937012, 0.3189246654510498, -4.18367562815547e-10, -0.3189246654510498, 0.9477801322937012),
            ["HumanoidRootPart"] = CFrame.new(0, 0, 0, 1, 0, 0, 0, 1, 0, 0, 0, 1),
            ["RightHand"] = CFrame.new(-8.940696716308594e-08, 1.1920928955078125e-07, -1.4901161193847656e-08, 0.9967002272605896, -0.0801481083035469, -0.012845106422901154, 0.0766993910074234, 0.8781304955482483, 0.4722329378128052, -0.026568904519081116, -0.47165992856025696, 0.8813802599906921),
            ["LeftUpperArm"] = CFrame.new(-1.1920928955078125e-07, 1.1920928955078125e-07, 1.2014061212539673e-07, 0.5184260010719299, 0.0030835375655442476, -0.8551169633865356, -0.16950513422489166, 0.9805210828781128, -0.09922893345355988, 0.8381542563438416, 0.19638949632644653, 0.5088503360748291),
            ["RightLowerArm"] = CFrame.new(-5.960464477539063e-08, -2.980232238769531e-07, -2.9802322387695312e-08, 1, -1.192092469182171e-07, -2.9802315282267955e-08, 8.940693874137651e-08, 0.5817267298698425, -0.8133844137191772, 7.078048724906694e-08, 0.8133842945098877, 0.5817267298698425),
            ["LeftHand"] = CFrame.new(-2.9802322387695312e-08, 0, -1.341104507446289e-07, 0.9043041467666626, -0.323060005903244, -0.2790454626083374, 0.37967976927757263, 0.907473623752594, 0.17981892824172974, 0.19513416290283203, -0.26855888962745667, 0.9432914853096008),
            ["RightUpperLeg"] = CFrame.new(5.960464477539063e-08, -3.3061951398849487e-07, -6.781920092180371e-08, 0.9999473094940186, -0.0036395012866705656, 0.009601040743291378, 0.0024674173910170794, 0.9928455352783203, 0.11938013136386871, -0.009966833516955376, -0.11935024708509445, 0.9928022623062134),
            ["LeftUpperLeg"] = CFrame.new(-5.960464477539063e-08, -1.1827796697616577e-07, -1.816079020500183e-08, 0.9999474287033081, 0.00998877827078104, 0.0023397968616336584, 0.002429753774777055, -0.00900295004248619, -0.9999565482139587, -0.00996728241443634, 0.9999095797538757, -0.009026840329170227),
            ["RightLowerLeg"] = CFrame.new(-6.946379471628461e-08, -0.0000035762786865234375, -0.000013281198334880173, 1, -1.6336453256826644e-07, -1.2082048783668142e-07, 1.660368980083149e-07, 0.32386794686317444, 0.9461021423339844, -1.1060387805628125e-07, -0.9461023211479187, 0.32386839389801025),
            ["RightFoot"] = CFrame.new(2.1891537471674383e-08, 3.5762786865234375e-07, 1.0346411727368832e-08, 1, 0.000016600963135715574, 0.000006395539458026178, -0.00001469170911150286, 0.9734718799591064, -0.22880662977695465, -0.000010024101356975734, 0.22880688309669495, 0.9734719395637512),
            ["LeftLowerLeg"] = CFrame.new(4.334560799179599e-08, 0.000003814697265625, 0.00001325215635006316, 1, 1.341786770581166e-07, 2.0305063230807718e-07, -1.2307828001212329e-07, -0.4395180940628052, 0.8982337713241577, 2.0943321032973472e-07, -0.8982337713241577, -0.4395182132720947),
        }},
        {Time = 0.233, Data = {
            ["LeftFoot"] = CFrame.new(-3.3074343264161143e-08, 1.1920928955078125e-07, -4.416324372868985e-08, 1, -0.00003316314905532636, -0.000007716206710028928, 0.000020480845705606043, 0.7668982744216919, -0.6417690515518188, 0.000027198040697840042, 0.641768753528595, 0.7668980360031128),
            ["LeftLowerArm"] = CFrame.new(-3.2782554626464844e-07, 5.960464477539062e-07, -2.9802322387695312e-08, 1, -1.1920928955078125e-07, 6.70552182668871e-08, 9.755603969097137e-08, 0.23389315605163574, -0.9722623229026794, 7.450580596923828e-08, 0.9722623825073242, 0.23389314115047455),
            ["LowerTorso"] = CFrame.new(0, -0.8411791324615479, 0, -0.9999366998672485, -0.0026224125176668167, 0.010945171117782593, 0.00018319283844903111, 0.9685554504394531, 0.2487976849079132, -0.01125345565378666, 0.2487839311361313, -0.968493640422821),
            ["Head"] = CFrame.new(-1.949956640601158e-09, 0, 1.8939317669719458e-07, 0.9999366998672485, 0.00018319254741072655, 0.01125345565378666, 0.005976155400276184, 0.8386299014091492, -0.544668972492218, -0.009537262842059135, 0.5447017550468445, 0.8385756611824036),
            ["RightUpperArm"] = CFrame.new(-1.7881393432617188e-07, 0, 1.341104507446289e-07, 0.7658096551895142, 0.13051041960716248, 0.6296846270561218, 0.05041027441620827, 0.9639924168586731, -0.26110807061195374, -0.6410885453224182, 0.23170165717601776, 0.7316555380821228),
            ["UpperTorso"] = CFrame.new(1.1641532182693481e-10, 0, -2.956221578642726e-08, 1, -3.055902197957039e-10, 8.512870408594608e-10, -1.3096723705530167e-10, 0.9477800726890564, 0.3189246356487274, -4.001776687800884e-11, -0.3189246952533722, 0.9477800726890564),
            ["HumanoidRootPart"] = CFrame.new(0, 0, 0, 1, 0, 0, 0, 1, 0, 0, 0, 1),
            ["RightHand"] = CFrame.new(8.940696716308594e-08, 1.1920928955078125e-07, -1.4901161193847656e-08, 0.9967002272605896, -0.08014808595180511, -0.012845078483223915, 0.07669944316148758, 0.8781305551528931, 0.4722329080104828, -0.026568878442049026, -0.47165989875793457, 0.8813802599906921),
            ["LeftUpperArm"] = CFrame.new(5.960464477539063e-08, 0, 8.195638656616211e-08, 0.5184259414672852, 0.0030835382640361786, -0.8551169633865356, -0.16950511932373047, 0.9805210828781128, -0.09922897070646286, 0.8381542563438416, 0.19638951122760773, 0.5088502764701843),
            ["RightLowerArm"] = CFrame.new(1.1920928955078125e-07, -1.7881393432617188e-07, 1.4901161193847656e-07, 1, -1.0430811414607888e-07, 5.960464477539063e-08, 9.685756197086448e-08, 0.5817266702651978, -0.8133843541145325, 9.685756197086448e-08, 0.8133842945098877, 0.5817266702651978),
            ["LeftHand"] = CFrame.new(-8.940696716308594e-08, 1.1920928955078125e-07, 5.960464477539063e-08, 0.9043041467666626, -0.323060005903244, -0.2790454626083374, 0.37967973947525024, 0.9074736833572388, 0.17981894314289093, 0.19513408839702606, -0.26855888962745667, 0.9432914853096008),
            ["RightUpperLeg"] = CFrame.new(0, -2.468004822731018e-07, -8.458300726488233e-08, 0.9999364614486694, -0.003906709607690573, 0.010574432089924812, 0.0026376538444310427, 0.9930731058120728, 0.11746826022863388, -0.010960095562040806, -0.11743306368589401, 0.9930203557014465),
            ["LeftUpperLeg"] = CFrame.new(0, 2.8405338525772095e-08, -5.448237061500549e-08, 0.9999366402626038, 0.010985933244228363, 0.0024833253119140863, 0.0025921016931533813, -0.009898221120238304, -0.999947726726532, -0.010960777290165424, 0.9998906850814819, -0.009926012717187405),
            ["RightLowerLeg"] = CFrame.new(7.513517630286515e-08, -0.0000036954879760742188, -0.00001330114173470065, 1, -1.8862854744838842e-07, -1.3659874298355135e-07, 1.883236109279096e-07, 0.32311129570007324, 0.9463609457015991, -1.302973942074459e-07, -0.9463610053062439, 0.3231115937232971),
            ["RightFoot"] = CFrame.new(1.03273123386316e-08, 2.980232238769531e-07, 3.710738383233547e-10, 1, 0.000020115290681133047, 0.000007676279892621096, -0.00001781616265361663, 0.9734365940093994, -0.22895705699920654, -0.000012078037798346486, 0.22895722091197968, 0.9734365940093994),
            ["LeftLowerLeg"] = CFrame.new(3.263630787841976e-08, 0.000003874301910400391, 0.000013458394278131891, 1, -5.417497916937464e-08, -5.815306991507896e-08, 2.8038812160957605e-08, -0.4397100508213043, 0.898140013217926, -7.440485205734149e-08, -0.8981398344039917, -0.4397096633911133),
        }},
        {Time = 0.267, Data = {
            ["LeftFoot"] = CFrame.new(3.8671487345709465e-08, 5.960464477539063e-08, 4.492812877288088e-08, 1, -0.000036918056139256805, -0.00000844764963403577, 0.000022885076759848744, 0.7666725516319275, -0.6420387029647827, 0.000030174684070516378, 0.6420382857322693, 0.7666722536087036),
            ["LeftLowerArm"] = CFrame.new(-1.7881393432617188e-07, 1.1920928955078125e-07, -5.960464477539063e-08, 1, -4.4703490686970326e-08, 5.960465188081798e-08, 9.802170097827911e-08, 0.23389308154582977, -0.9722623825073242, 1.043081283569336e-07, 0.9722623229026794, 0.23389308154582977),
            ["LowerTorso"] = CFrame.new(0, -0.8411791324615479, 0, -0.9999299049377441, -0.0027270247228443623, 0.011524824425578117, 0.0002442908298689872, 0.9681718945503235, 0.2502860128879547, -0.011840547434985638, 0.2502712905406952, -0.9681034088134766),
            ["Head"] = CFrame.new(2.2992026060819626e-09, -1.1920928955078125e-07, 1.5565456124022603e-07, 0.9999299049377441, 0.00024429100449196994, 0.011840547434985638, 0.0062601701356470585, 0.8377916216850281, -0.545954167842865, -0.010053284466266632, 0.5459900498390198, 0.8377314209938049),
            ["RightUpperArm"] = CFrame.new(-1.1920928955078125e-07, 0, 9.406358003616333e-08, 0.7658096551895142, 0.13051040470600128, 0.629684567451477, 0.050410278141498566, 0.9639924168586731, -0.26110807061195374, -0.641088604927063, 0.23170167207717896, 0.7316556572914124),
            ["UpperTorso"] = CFrame.new(2.6193447411060333e-10, -1.7881393432617188e-07, -9.167069947579876e-08, 1, -3.4924596548080444e-10, 2.9103833926180656e-11, 3.2014216277964636e-10, 0.9477800726890564, 0.3189246952533722, -6.184564527167424e-10, -0.3189246952533722, 0.9477801322937012),
            ["HumanoidRootPart"] = CFrame.new(0, 0, 0, 1, 0, 0, 0, 1, 0, 0, 0, 1),
            ["RightHand"] = CFrame.new(0, 1.1920928955078125e-07, -1.4901161193847656e-08, 0.9967002272605896, -0.08014806360006332, -0.01284511387348175, 0.07669945061206818, 0.8781304955482483, 0.47223299741744995, -0.026568889617919922, -0.47165989875793457, 0.8813802599906921),
            ["LeftUpperArm"] = CFrame.new(5.960464477539063e-08, -1.1920928955078125e-07, 1.8719583749771118e-07, 0.5184260010719299, 0.003083539195358753, -0.8551169633865356, -0.16950510442256927, 0.9805211424827576, -0.09922898560762405, 0.8381542563438416, 0.19638963043689728, 0.5088503360748291),
            ["RightLowerArm"] = CFrame.new(2.384185791015625e-07, 0, 5.960464477539063e-08, 1, -2.9802318834981634e-08, 7.450579886381092e-08, 7.450579886381092e-08, 0.581726610660553, -0.8133842945098877, 6.332992796842518e-08, 0.8133843541145325, 0.5817267298698425),
            ["LeftHand"] = CFrame.new(-1.1920928955078125e-07, 2.384185791015625e-07, -5.960464477539063e-08, 0.9043041467666626, -0.323060005903244, -0.279045432806015, 0.379679799079895, 0.9074736833572388, 0.17981894314289093, 0.19513413310050964, -0.26855891942977905, 0.9432915449142456),
            ["RightUpperLeg"] = CFrame.new(-2.9802322387695312e-08, -8.975621312856674e-08, -4.407047526910901e-08, 0.9999297261238098, -0.0040592169389128685, 0.01114692073315382, 0.0027439843397587538, 0.9932959675788879, 0.11556655913591385, -0.011541301384568214, -0.11552799493074417, 0.9932371973991394),
            ["LeftUpperLeg"] = CFrame.new(2.9802322387695312e-08, -2.4226028472185135e-07, -7.264316082000732e-08, 0.9999298453330994, 0.011571436189115047, 0.002563907066360116, 0.0026936458889395, -0.01121008675545454, -0.9999335408210754, -0.011541919782757759, 0.999870240688324, -0.011240825057029724),
            ["RightLowerLeg"] = CFrame.new(-8.404549589613453e-08, -0.000003814697265625, -0.000013224176655057818, 1, -2.5203237896676e-07, -1.7674742025519663e-07, 2.503957148292102e-07, 0.32266920804977417, 0.9465116262435913, -1.8170749171986245e-07, -0.9465119242668152, 0.32266977429389954),
            ["RightFoot"] = CFrame.new(-1.5143086784519255e-10, 4.172325134277344e-07, 3.523018676787615e-08, 1, 0.000022334439563564956, 0.000008556229659006931, -0.000019782153685810044, 0.9734163284301758, -0.22904281318187714, -0.00001344627708022017, 0.22904326021671295, 0.9734163880348206),
            ["LeftLowerLeg"] = CFrame.new(-2.634806151036173e-08, 0.000003874301910400391, 0.000013073155059828423, 1, 1.8774792920339678e-07, 2.780424779302848e-07, -1.668040141566962e-07, -0.4398247003555298, 0.8980837464332581, 2.919097710218921e-07, -0.8980836868286133, -0.43982458114624023),
