return {
    ["Ralsei (Duo)"] = {
        [1] = {Time = 0.000, Data = {
            ["LeftFoot"] = CFrame.new(-2.4738255888223648e-08, -5.960464477539063e-08, -1.5716977941337973e-08, 0.9873907566070557, -0.15033534169197083, -0.04958733543753624, 0.14332503080368042, 0.9819793701171875, -0.12318505346775055, 0.06721284240484238, 0.11452467739582062, 0.9911441206932068),
            ["LeftLowerArm"] = CFrame.new(-2.9802322387695312e-08, -1.1920928955078125e-07, -5.960464477539063e-08, 1, -1.1175870895385742e-08, 2.444721758365631e-08, 1.4901161193847656e-08, 0.9684100151062012, -0.24936330318450928, -5.2619725465774536e-08, 0.24936333298683167, 0.9684100151062012),
            ["RightUpperArm"] = CFrame.new(0, 0, 0, 0.9622501730918884, -0.08418595045804977, 0.2588191032409668, 0.04105917364358902, 0.9849773645401001, 0.16773128509521484, -0.26905158162117004, -0.15077254176139832, 0.9512512683868408),
            ["Head"] = CFrame.new(0, 0, 0, 1, 0, 0, -1.4210854715202004e-14, 1, -1.1920927533992653e-07, 2.842170943040401e-14, 0, 1),
            ["LowerTorso"] = CFrame.new(-0.10000000894069672, 0, 0, 1, 5.746937229130156e-17, -7.565986970909192e-18, -5.746937229130156e-17, 0.9659258127212524, -0.2588190734386444, -7.565986143728579e-18, 0.2588190734386444, 0.9659258127212524),
            ["UpperTorso"] = CFrame.new(-1.3877787807814457e-16, -5.960464477539063e-08, 1.4901161193847656e-08, 1, -5.746937229130156e-17, -7.565987798089804e-18, 5.746937229130156e-17, 0.9659258127212524, 0.2588190734386444, -7.565988625270417e-18, -0.2588190734386444, 0.9659258127212524),
            ["HumanoidRootPart"] = CFrame.new(0, 0, 0, 1, 0, 0, 0, 1, 0, 0, 0, 1),
            ["LeftUpperLeg"] = CFrame.new(-2.9802322387695312e-08, 0, 0, 0.8526949882507324, -0.037224020808935165, -0.521081268787384, -0.023978888988494873, 0.9936180710792542, -0.11021916568279266, 0.5218585133552551, 0.10647828876972198, 0.8463605046272278),
            ["LeftUpperArm"] = CFrame.new(0, 0, 0, 0.9622501730918884, 0.08418595790863037, -0.2588191032409668, -0.04105918109416962, 0.9849773645401001, 0.16773129999637604, 0.26905155181884766, -0.1507725715637207, 0.9512513279914856),
            ["RightLowerArm"] = CFrame.new(-1.1920928955078125e-07, 1.7881393432617188e-07, 1.4901161193847656e-08, 1, -0.000019874425561283715, 0.000002515036840122775, 0.000019866973161697388, 0.9684100151062012, -0.2493632733821869, 0.0000025425106287002563, 0.2493632584810257, 0.9684100151062012),
            ["LeftHand"] = CFrame.new(-3.3993273973464966e-08, 0, -2.8870999813079834e-08, 0.9547613263130188, 0.126657634973526, 0.26905158162117004, -0.15617094933986664, 0.9835109114646912, 0.09119751304388046, -0.25306424498558044, -0.1290898621082306, 0.958798348903656),
            ["RightFoot"] = CFrame.new(-6.736445357091725e-08, -5.960464477539063e-08, 1.82189978659153e-08, 0.9873961210250854, 0.15031597018241882, 0.04953823238611221, -0.1433163434267044, 0.9819900393486023, -0.12311017513275146, -0.06715156137943268, 0.11445879191160202, 0.9911558628082275),
            ["RightHand"] = CFrame.new(-7.450580596923828e-09, 0, -3.259629011154175e-08, 0.9547638297080994, -0.12663774192333221, -0.2690521776676178, 0.15615198016166687, 0.9835134148597717, 0.09120282530784607, 0.2530667781829834, -0.12909014523029327, 0.9587977528572083),
            ["RightLowerLeg"] = CFrame.new(-8.940696716308594e-08, 1.7881393432617188e-07, 6.129994289949536e-08, 1, -1.4901162970204496e-08, 7.4505797087454084e-09, 3.3527616238870905e-08, 0.6928503513336182, 0.7210813164710999, 9.685756197086448e-08, -0.7210813164710999, 0.6928504705429077),
            ["RightUpperLeg"] = CFrame.new(-2.9802322387695312e-08, 2.8838076104875654e-07, 2.3166649043560028e-08, 0.8526800274848938, 0.037331994622945786, 0.5210980176925659, 0.023935556411743164, 0.9936046600341797, -0.11034902930259705, -0.5218849182128906, 0.10656511038541794, 0.8463333249092102),
            ["LeftLowerLeg"] = CFrame.new(4.470348358154297e-08, -1.1920928955078125e-07, 4.470348358154297e-08, 1, 2.9802322387695312e-08, -5.960464477539063e-08, 3.725289943190546e-08, 0.6928911209106445, 0.7210423946380615, 8.195637946073475e-08, -0.721042275428772, 0.6928910613059998)
        }},
        [2] = {Time = 0.233, Data = {
            ["LeftFoot"] = CFrame.new(4.107988615942304e-08, -5.960464477539063e-08, -9.443965609534644e-10, 0.9982215762138367, -0.05890967324376106, -0.009135500527918339, 0.05342957377433777, 0.9520680904388428, -0.30118367075920105, 0.026440240442752838, 0.3001599609851837, 0.9535224437713623),
            ["LeftLowerArm"] = CFrame.new(-2.9802322387695312e-08, 2.980232238769531e-07, -3.241002559661865e-07, 1, -6.705523247774181e-08, 6.519258732851085e-08, 6.705523247774181e-08, 0.5056679248809814, -0.8627282381057739, 3.725290653733282e-08, 0.8627282381057739, 0.5056679248809814),
            ["RightUpperArm"] = CFrame.new(0, 2.384185791015625e-07, 4.3792311998913647e-08, 0.9622501730918884, -0.18568015098571777, 0.19899147748947144, 0.15091851353645325, 0.9724581837654114, 0.17762009799480438, -0.22649142146110535, -0.14088355004787445, 0.9637704491615295),
            ["Head"] = CFrame.new(0, 1.1920928955078125e-07, 2.980236857297314e-08, 1, 3.201984677403402e-09, 6.469086883953423e-07, 1.9632253156487423e-07, 0.965925931930542, -0.25881922245025635, -6.21483820850699e-07, 0.258819043636322, 0.9659258127212524),
            ["LowerTorso"] = CFrame.new(-1.421085492696024e-15, -0.10000002384185791, -1.3039249542229933e-15, 2.0281589740989148e-07, -1.1562595858549685e-07, -1, 1.3538226539822062e-07, 1, -1.1562590174207799e-07, 1, -1.353822369765112e-07, 2.028159116207462e-07),
            ["UpperTorso"] = CFrame.new(1.1992251809644916e-14, 1.1920928955078125e-07, -1.8022596151470553e-14, 1, 1.2169434171482862e-07, -4.6258679731181473e-07, -2.9804592571736066e-08, 0.9659258127212524, 0.258819043636322, 4.825319592782762e-07, -0.2588190734386444, 0.9659258127212524),
            ["HumanoidRootPart"] = CFrame.new(0, 0, 0, 1, 0, 0, 0, 1, 0, 0, 0, 1),
            ["LeftUpperLeg"] = CFrame.new(0, -5.4577800057131753e-08, 7.105427357601002e-15, 0.9936268925666809, 0.08864610642194748, 0.0696251392364502, -0.05890967324376106, 0.9349981546401978, -0.3497258722782135, -0.09610121697187424, 0.3433953821659088, 0.9342613220214844),
            ["LeftUpperArm"] = CFrame.new(0, 1.1920928955078125e-07, 4.561471200759115e-08, 0.9622502326965332, 0.25238037109375, -0.10187532007694244, -0.1509183794260025, 0.8062807321548462, 0.5719571113586426, 0.22649087011814117, -0.5349912047386169, 0.8139327168464661),
            ["RightLowerArm"] = CFrame.new(-8.940696716308594e-08, -1.7881393432617188e-07, 5.960464477539063e-08, 1, -0.000019575936676119454, 0.0000043498898776306305, 0.000019565226466511376, 0.9063077569007874, -0.4226183593273163, 0.0000043548648136493284, 0.4226183593273163, 0.9063078165054321),
            ["LeftHand"] = CFrame.new(-1.993030309677124e-07, 0, 1.4901161193847656e-08, 0.8330197334289551, -0.5482792854309082, 0.07394703477621078, 0.45418837666511536, 0.7540552020072937, 0.47446131706237793, -0.31589749455451965, -0.3616497218608856, 0.877164900302887),
            ["RightFoot"] = CFrame.new(1.418175088474527e-08, 1.7881393432617188e-07, 1.6443664208054543e-08, 0.9982215762138367, 0.058915313333272934, 0.009096525609493256, -0.05344704911112785, 0.9520716071128845, -0.30116966366767883, -0.026404041796922684, 0.3001479208469391, 0.9535272717475891),
            ["RightHand"] = CFrame.new(2.9802322387695312e-08, 2.384185791015625e-07, 7.790163181198295e-08, 0.8352504968643188, 0.36819562315940857, -0.40839770436286926, -0.4973248243331909, 0.8226850628852844, -0.275422066450119, 0.23457343876361847, 0.43315279483795166, 0.8702608346939087),
            ["RightLowerLeg"] = CFrame.new(-9.313225746154785e-09, 5.960464477539062e-07, -4.6733475755900145e-08, 1, 7.450583261459087e-09, -6.33299421792799e-08, 4.0978193283081055e-08, 0.7878652215003967, 0.615847647190094, 6.705522537231445e-08, -0.6158478856086731, 0.7878652811050415),
            ["RightUpperLeg"] = CFrame.new(0, 5.456623597410726e-08, 0, 0.9936302304267883, -0.0886477380990982, -0.06957489997148514, 0.05891530215740204, 0.9349494576454163, -0.3498551547527313, 0.09606286883354187, 0.34352752566337585, 0.9342166185379028),
            ["LeftLowerLeg"] = CFrame.new(-2.421438694000244e-08, -5.960464477539063e-08, -1.862645149230957e-08, 1, 2.607702853651972e-08, -4.8428766774577525e-08, 2.2351738238057806e-08, 0.78794264793396, 0.6157487034797668, 5.4016702222270396e-08, -0.6157487034797668, 0.78794264793396)
        }},
        [3] = {Time = 0.433, Data = {
            ["LeftFoot"] = CFrame.new(-4.6100467443466187e-08, -5.960464477539063e-08, 3.3527612686157227e-08, 0.999815821647644, -0.01555457804352045, -0.011247675865888596, 0.015970006585121155, 0.9991564154624939, 0.037836186587810516, 0.010649661533534527, -0.038008615374565125, 0.9992206692695618),
            ["LeftLowerArm"] = CFrame.new(2.9802322387695312e-08, -4.76837158203125e-07, 3.6135315895080566e-07, 1, -6.33299421792799e-08, 4.936010356004772e-08, 5.587936158235607e-08, 0.5056679248809814, -0.8627282977104187, 2.2351745343485163e-08, 0.8627282977104187, 0.5056679248809814),
            ["RightUpperArm"] = CFrame.new(0, 0, -1.789052817002812e-08, 0.9622502326965332, -0.1856800615787506, 0.19899111986160278, 0.11792811006307602, 0.9433870315551758, 0.3100225329399109, -0.24529047310352325, -0.27485260367393494, 0.9296712875366211),
            ["Head"] = CFrame.new(2.842170943040401e-14, 0, -2.421442424349607e-08, 1, 1.4610450627117189e-08, 1.9880368995472963e-07, -3.8945340286034025e-09, 0.9993908405303955, -0.03489963337779045, -1.9895675507086708e-07, 0.034899502992630005, 0.9993908405303955),
            ["LowerTorso"] = CFrame.new(0.20000000298023224, -0.019999980926513672, -1.1706982124437982e-15, -9.33178245787758e-09, 0.17364808917045593, -0.9848078489303589, 9.552111635002802e-08, 0.9848077893257141, 0.17364807426929474, 1, -1.2490784229157725e-07, -2.8616803149361658e-08),
            ["UpperTorso"] = CFrame.new(-1.8096635301390052e-14, 8.940696716308594e-08, 2.9802322387695312e-08, 1, -2.0779445719654177e-08, 1.5331663405504514e-07, 5.7759571348015015e-08, 0.9986295104026794, -0.052335985004901886, -1.4957508653878904e-07, 0.05233593285083771, 0.9986295700073242),
            ["HumanoidRootPart"] = CFrame.new(0, 0, 0, 1, 0, 0, 0, 1, 0, 0, 0, 1),
            ["LeftUpperLeg"] = CFrame.new(0, 5.5311264901547474e-08, 2.7207134323248283e-08, 0.9946264028549194, 0.06405827403068542, 0.08133255690336227, 0.007274250034242868, 0.7404125928878784, -0.6721134185791016, -0.10327409207820892, 0.6690932512283325, 0.7359676957130432),
            ["LeftUpperArm"] = CFrame.new(0, 0, -7.359801657003118e-10, 0.9622501730918884, 0.25238075852394104, -0.1018754318356514, -0.11792828887701035, 0.72397780418396, 0.6796684861183167, 0.24529065191745758, -0.6419969201087952, 0.7264105677604675),
            ["RightLowerArm"] = CFrame.new(2.9802322387695312e-08, -2.384185791015625e-07, 4.470348358154297e-08, 1, -0.000019560102373361588, 0.0000043375857785576954, 0.000019565224647521973, 0.9063077569007874, -0.4226183593273163, 0.000004347413778305054, 0.4226183593273163, 0.9063077569007874),
            ["LeftHand"] = CFrame.new(5.21540641784668e-08, 1.1920928955078125e-07, 0, 0.8330195546150208, -0.5482794046401978, 0.07394689321517944, 0.4541884958744049, 0.7540551424026489, 0.47446146607398987, -0.3158974349498749, -0.3616498112678528, 0.8771648406982422),
            ["RightFoot"] = CFrame.new(-4.284083843231201e-08, -5.960464477539063e-08, -7.281050784513354e-08, 0.9954291582107544, 0.09547080844640732, -0.002474674256518483, -0.09415079653263092, 0.9766610264778137, -0.19305145740509033, -0.016013868153095245, 0.19240210950374603, 0.9811854958534241),
            ["RightHand"] = CFrame.new(-8.940696716308594e-08, 1.1920928955078125e-07, 3.273152060501161e-08, 0.8352504372596741, 0.36819565296173096, -0.4083976745605469, -0.4973248839378357, 0.8226850628852844, -0.275422066450119, 0.2345733791589737, 0.4331527650356293, 0.8702608346939087),
            ["RightLowerLeg"] = CFrame.new(2.8870999813079834e-08, 3.5762786865234375e-07, 7.620110409334302e-08, 1, 0, -5.5879368687783426e-08, 3.166496398421259e-08, 0.984525740146637, 0.17524051666259766, 6.70552182668871e-08, -0.17524054646492004, 0.984525740146637),
            ["RightUpperLeg"] = CFrame.new(0, -9.628945463191485e-08, -5.870242603123188e-08, 0.9946897625923157, -0.06398472189903259, -0.08061113208532333, 0.078502357006073, 0.9782067537307739, 0.19222132861614227, 0.06655512005090714, -0.19752883911132812, 0.9780352711677551),
            ["LeftLowerLeg"] = CFrame.new(6.05359673500061e-08, 1.1920928955078125e-07, -7.450580596923828e-09, 1, 5.587934559514451e-09, -6.053596024457875e-08, -2.7939677238464355e-09, 0.9844824075698853, 0.1754831075668335, 5.820766091346741e-08, -0.17548315227031708, 0.98448246717453)
        }},
        [4] = {Time = 0.633, Data = {
            ["LeftFoot"] = CFrame.new(-2.7939677238464355e-09, -2.384185791015625e-07, 0, 0.9982215762138367, -0.058909714221954346, -0.009135574102401733, 0.05342957377433777, 0.9520682096481323, -0.30118346214294434, 0.02644030563533306, 0.3001597821712494, 0.9535225033760071),
            ["LeftLowerArm"] = CFrame.new(2.9802322387695312e-08, -3.5762786865234375e-07, -7.450580596923828e-08, 1, -3.725290298461914e-08, 6.332992796842518e-08, 7.450580596923828e-08, 0.5056678652763367, -0.8627281188964844, 2.9802322387695312e-08, 0.8627282977104187, 0.5056679844856262),
            ["RightUpperArm"] = CFrame.new(0, 1.1920928955078125e-07, 8.157515196671739e-08, 0.9622501730918884, -0.1856801062822342, 0.19899140298366547, 0.170084148645401, 0.9810364246368408, 0.09294608980417252, -0.21247605979442596, -0.05559222772717476, 0.9755836129188538),
            ["Head"] = CFrame.new(6.423988452297635e-09, 0.02588200569152832, -0.09659251570701599, 1, -8.596374279079555e-09, 3.1112935516830476e-07, 1.2116872483147745e-07, 0.965925931930542, -0.25881922245025635, -2.9404546353362093e-07, 0.258819043636322, 0.9659258127212524),
            ["LowerTorso"] = CFrame.new(0.30000001192092896, -0.10000002384185791, -1.3039249542229933e-15, 3.7140330277907196e-07, -1.1828139179215214e-07, -1, 1.345995315205073e-07, 1, -1.1828135626501535e-07, 1, -1.3459948888794315e-07, 3.714033312007814e-07),
            ["UpperTorso"] = CFrame.new(-3.197442310920451e-14, 8.940696716308594e-08, 2.2001822586048547e-08, 1, 1.321202489634743e-07, -4.6123781771711947e-07, -4.058033553633322e-08, 0.9659258127212524, 0.258819043636322, 4.839743041884503e-07, -0.2588190734386444, 0.9659258127212524),
            ["HumanoidRootPart"] = CFrame.new(0, 0, 0, 1, 0, 0, 0, 1, 0, 0, 0, 1),
            ["LeftUpperLeg"] = CFrame.new(0, -9.043590409874014e-08, 1.0931884730780439e-08, 0.9936268329620361, 0.08864600956439972, 0.06962484866380692, -0.058909688144922256, 0.9349982738494873, -0.3497256338596344, -0.09610088169574738, 0.3433952331542969, 0.9342613816261292),
            ["LeftUpperArm"] = CFrame.new(0, 0, 3.7634194427482726e-08, 0.9622502326965332, 0.25238075852394104, -0.10187538713216782, -0.17008420825004578, 0.8498401045799255, 0.49884194135665894, 0.21247589588165283, -0.46268323063850403, 0.8606846928596497),
            ["RightLowerArm"] = CFrame.new(0, 1.1920928955078125e-07, 5.960464477539063e-08, 1, -0.00001955777406692505, 0.000004322268068790436, 0.00001958012580871582, 0.9063078165054321, -0.42261838912963867, 0.00000433996319770813, 0.4226182997226715, 0.9063077569007874),
            ["LeftHand"] = CFrame.new(9.685754776000977e-08, -1.1920928955078125e-07, 5.960464477539063e-08, 0.8235977292060852, -0.5641015768051147, 0.05895908176898956, 0.4456523358821869, 0.7079289555549622, 0.547933042049408, -0.35082879662513733, -0.42500120401382446, 0.8344419598579407),
            ["RightFoot"] = CFrame.new(6.222126103239134e-08, -5.960464477539063e-08, -1.4428223948925734e-08, 0.9970466494560242, 0.07678645849227905, 0.001398999709635973, -0.06807392090559006, 0.8920568227767944, -0.44676661491394043, -0.035553619265556335, 0.4453520178794861, 0.8946494460105896),
            ["RightHand"] = CFrame.new(1.4901161193847656e-07, 1.1920928955078125e-07, 0, 0.8258935213088989, 0.3899856507778168, -0.4071991443634033, -0.4948916733264923, 0.8474480509757996, -0.19213038682937622, 0.2701520025730133, 0.36019864678382874, 0.8929025530815125),
            ["RightLowerLeg"] = CFrame.new(-8.940696716308594e-08, 4.76837158203125e-07, 5.420588422566652e-09, 1, 1.862645371275562e-09, -5.215408194203519e-08, 4.6566128730773926e-08, 0.6991196870803833, 0.7150043249130249, 2.9802322387695312e-08, -0.7150046229362488, 0.6991201043128967),
            ["RightUpperLeg"] = CFrame.new(0, 1.945522853930015e-08, 2.1122104953974485e-08, 0.9937143325805664, -0.0939994677901268, -0.06079484894871712, 0.07661617547273636, 0.9670276045799255, -0.2428738921880722, 0.08162030577659607, 0.2366892695426941, 0.9681510329246521),
            ["LeftLowerLeg"] = CFrame.new(-2.60770320892334e-08, -5.960464477539063e-08, 3.725290298461914e-09, 1, 2.048909131247001e-08, -5.960463766996327e-08, 2.2351741790771484e-08, 0.7879429459571838, 0.6157482862472534, 5.587935447692871e-08, -0.615748405456543, 0.7879429459571838)
        }},
        [5] = {Time = 0.800, Data = {
            ["LeftFoot"] = CFrame.new(2.7669329938362353e-08, 0, 7.3785031418083236e-09, 0.9873908162117004, -0.15033531188964844, -0.049587398767471313, 0.14332500100135803, 0.9819793701171875, -0.12318488955497742, 0.06721295416355133, 0.11452443152666092, 0.9911441206932068),
            ["LeftLowerArm"] = CFrame.new(5.960464477539063e-08, -5.960464477539063e-08, -1.341104507446289e-07, 1, -7.450580596923828e-09, 1.955777406692505e-08, 1.1175872671742582e-08, 0.9684100151062012, -0.24936333298683167, -2.5611374354639338e-08, 0.24936333298683167, 0.9684100151062012),
            ["RightUpperArm"] = CFrame.new(0, 2.384185791015625e-07, 7.450580596923828e-09, 0.9622501730918884, -0.08418595045804977, 0.2588191032409668, 0.04105916619300842, 0.9849773645401001, 0.16773132979869843, -0.26905158162117004, -0.1507726013660431, 0.9512513279914856),
            ["Head"] = CFrame.new(0, 4.76837158203125e-07, 7.450580596923828e-09, 1, 0, 0, -1.4210856409267898e-14, 1, -1.1920928955078125e-07, 1.4210856409267898e-14, 0, 1),
            ["LowerTorso"] = CFrame.new(0.10000000894069672, 0, 0, 1, 2.289083811390924e-09, 1.7387316475492298e-08, 2.289083589346319e-09, 0.965925931930542, -0.2588190734386444, -1.738731469913546e-08, 0.2588190734386444, 0.965925931930542),
            ["UpperTorso"] = CFrame.new(-3.7001455233109937e-09, 5.960464477539063e-08, 9.189312422108742e-09, 1, 2.289083589346319e-09, -1.738731469913546e-08, 2.289083589346319e-09, 0.965925931930542, 0.2588190734386444, 1.738731469913546e-08, -0.2588190734386444, 0.965925931930542),
            ["HumanoidRootPart"] = CFrame.new(0, 0, 0, 1, 0, 0, 0, 1, 0, 0, 0, 1),
            ["LeftUpperLeg"] = CFrame.new(0, 1.7344976566135983e-09, 3.135379067487065e-09, 0.8526950478553772, -0.03722386434674263, -0.5210812091827393, -0.023978961631655693, 0.9936180710792542, -0.11021900177001953, 0.5218583941459656, 0.10647819936275482, 0.8463605642318726),
            ["LeftUpperArm"] = CFrame.new(0, 2.384185791015625e-07, 7.450580596923828e-09, 0.9622501730918884, 0.08418598771095276, -0.2588191032409668, -0.04105917736887932, 0.9849773645401001, 0.1677314043045044, 0.26905158162117004, -0.15077267587184906, 0.9512512683868408),
            ["RightLowerArm"] = CFrame.new(-5.960464477539063e-08, -1.7881393432617188e-07, -8.940696716308594e-08, 1, -0.000019870700270985253, 0.0000025765041300473968, 0.000019863247871398926, 0.9684100151062012, -0.24936330318450928, 0.0000025294721126556396, 0.24936330318450928, 0.968410074710846),
            ["LeftHand"] = CFrame.new(-1.3760291039943695e-07, -1.7881393432617188e-07, 1.955777406692505e-08, 0.9547613263130188, 0.1266576498746872, 0.26905152201652527, -0.15617094933986664, 0.9835109710693359, 0.09119744598865509, -0.25306421518325806, -0.12908980250358582, 0.9587984085083008),
            ["RightFoot"] = CFrame.new(-1.51449057739228e-08, 5.960464477539063e-08, 4.2251485865563154e-08, 0.9873961806297302, 0.15031594038009644, 0.04953828454017639, -0.14331640303134918, 0.9819900393486023, -0.12311026453971863, -0.06715159863233566, 0.11445895582437515, 0.9911558628082275),
            ["RightHand"] = CFrame.new(-3.934837877750397e-08, -5.960464477539063e-08, 2.514570951461792e-08, 0.9547637701034546, -0.1266377717256546, -0.2690521478652954, 0.15615202486515045, 0.9835134148597717, 0.09120281040668488, 0.2530667185783386, -0.12909013032913208, 0.9587977528572083),
            ["RightLowerLeg"] = CFrame.new(0, 0, 4.639878170564771e-08, 1, -1.4901168299275014e-08, -1.4901162970204496e-08, 3.3527612686157227e-08, 0.6928504109382629, 0.7210813164710999, 9.685754776000977e-08, -0.7210814952850342, 0.6928504109382629),
            ["RightUpperLeg"] = CFrame.new(0, 2.8800172913179267e-07, 2.6855559553951025e-08, 0.8526800274848938, 0.0373319573700428, 0.5210980176925659, 0.0239355880767107, 0.9936047196388245, -0.11034899950027466, -0.5218849182128906, 0.10656508058309555, 0.8463333249092102),
            ["LeftLowerLeg"] = CFrame.new(7.450580596923828e-08, -2.980232238769531e-07, 7.450580596923828e-08, 1, 0, 2.2351745343485163e-08, 2.2351745343485163e-08, 0.6928913593292236, 0.7210419774055481, 7.078052277620372e-08, -0.7210420966148376, 0.6928912997245789)
        }},
        [6] = {Time = 1.033, Data = {
            ["LeftFoot"] = CFrame.new(3.949755011944944e-08, -5.960464477539063e-08, -2.0773313735844567e-08, 0.9982215762138367, -0.05890943109989166, -0.009135507978498936, 0.05342932045459747, 0.9520680904388428, -0.3011837899684906, 0.02644018642604351, 0.30016010999679565, 0.9535223841667175),
            ["LeftLowerArm"] = CFrame.new(1.1920928955078125e-07, 5.960464477539063e-08, -2.9802322387695312e-08, 1, -1.7695128917694092e-08, 1.3651311192575122e-08, 5.2154071283894154e-08, 0.9063078165054321, -0.42261821031570435, 1.4901162970204496e-08, 0.42261818051338196, 0.9063078165054321),
            ["RightUpperArm"] = CFrame.new(5.960464477539063e-08, 1.1920928955078125e-07, -2.183307401537604e-08, 0.9622503519058228, -0.2523803412914276, 0.10187537223100662, 0.1509181559085846, 0.8062808513641357, 0.5719571709632874, -0.22649092972278595, -0.5349909663200378, 0.8139327168464661),
            ["Head"] = CFrame.new(3.552713678800501e-15, 1.1920928955078125e-07, 2.1760371282653068e-14, 1, 2.943074051131589e-08, -4.826113126910059e-07, -1.636899042978257e-07, 0.965925931930542, -0.25881919264793396, 4.571865304114908e-07, 0.258819043636322, 0.9659258127212524),
            ["LowerTorso"] = CFrame.new(1.421085492696024e-15, -0.10000002384185791, -1.3039249542229933e-15, 3.7140330277907196e-07, 1.1027520940842805e-07, 1, -1.194948140437191e-07, 1, -1.1027517388129127e-07, -1, -1.1949478562200966e-07, 3.714033312007814e-07),
            ["UpperTorso"] = CFrame.new(-3.7006371410167396e-14, 1.1920928955078125e-07, -1.7645788462686794e-14, 1, -1.3897934536544199e-07, 4.6239659923230647e-07, 2.4919655672306362e-08, 0.9659258723258972, 0.258819043636322, -4.839743041884503e-07, -0.258819043636322, 0.9659258723258972),
            ["HumanoidRootPart"] = CFrame.new(0, 0, 0, 1, 0, 0, 0, 1, 0, 0, 0, 1),
            ["LeftUpperLeg"] = CFrame.new(0, -5.70468188243467e-08, 0, 0.9936268329620361, 0.0886460542678833, 0.06962575763463974, -0.05890940874814987, 0.9349981546401978, -0.3497256636619568, -0.09610176831483841, 0.34339526295661926, 0.9342613220214844),
            ["LeftUpperArm"] = CFrame.new(5.960464477539063e-08, 2.384185791015625e-07, -7.96919152890041e-09, 0.9622501730918884, 0.18568015098571777, -0.19899147748947144, -0.15091845393180847, 0.9724581241607666, 0.1776200830936432, 0.22649139165878296, -0.14088349044322968, 0.9637704491615295),
            ["RightLowerArm"] = CFrame.new(1.1920928955078125e-07, 4.172325134277344e-07, 1.8998980522155762e-07, 1, -0.000017430633306503296, 0.000010009854122472461, 0.00001744180917739868, 0.5056676268577576, -0.8627283573150635, 0.000010006129741668701, 0.8627284169197083, 0.5056675672531128),
            ["LeftHand"] = CFrame.new(7.82310962677002e-08, 0, 1.0439350717206253e-08, 0.8337510228157043, -0.3699258267879486, 0.40989524126052856, 0.5006738901138306, 0.8195091485977173, -0.2788020074367523, -0.2327767312526703, 0.43767526745796204, 0.8684788346290588),
            ["RightFoot"] = CFrame.new(-1.0030089470092207e-07, 0, 3.353488864377141e-08, 0.9982215762138367, 0.05891555920243263, 0.00909649021923542, -0.05344730243086815, 0.9520716071128845, -0.3011695146560669, -0.026404090225696564, 0.30014774203300476, 0.9535272717475891),
            ["RightHand"] = CFrame.new(-1.6205012798309326e-07, -2.384185791015625e-07, 2.2351741790771484e-08, 0.8352504968643188, 0.5445669889450073, -0.07618163526058197, -0.4511061906814575, 0.7578418254852295, 0.47135862708091736, 0.3144199252128601, -0.3593364655971527, 0.8786451816558838),
            ["RightLowerLeg"] = CFrame.new(1.2665987014770508e-07, 4.76837158203125e-07, -5.418405635282397e-08, 1, -1.862645815364772e-09, -5.401671643312511e-08, 4.8428766774577525e-08, 0.7878652215003967, 0.6158474683761597, 5.215405707303944e-08, -0.6158478856086731, 0.787865400314331),
            ["RightUpperLeg"] = CFrame.new(0, 5.7035791201087704e-08, 0, 0.9936302304267883, -0.08864779025316238, -0.069574274122715, 0.05891554430127144, 0.9349493384361267, -0.3498552143573761, 0.0960623100399971, 0.3435276746749878, 0.9342166781425476),
            ["LeftLowerLeg"] = CFrame.new(4.284083843231201e-08, 5.960464477539063e-08, -1.1175870895385742e-08, 1, 2.4214383387288763e-08, -6.705522537231445e-08, 1.4901161193847656e-08, 0.78794264793396, 0.6157486438751221, 5.21540641784668e-08, -0.6157487034797668, 0.7879427075386047)
        }},
        [7] = {Time = 1.233, Data = {
            ["LeftFoot"] = CFrame.new(5.21540641784668e-08, -1.1920928955078125e-07, -7.450580596923828e-09, 0.9954292178153992, -0.09547170996665955, 0.002433934947475791, 0.09414160251617432, 0.976635217666626, -0.19318635761737823, 0.016066774725914, 0.19253255426883698, 0.9811590313911438),
            ["LeftLowerArm"] = CFrame.new(-1.4901161193847656e-07, -3.5762786865234375e-07, -8.940696716308594e-08, 1, -4.1443854570388794e-08, 5.056245910850521e-08, 4.470348358154297e-08, 0.9063078761100769, -0.42261824011802673, -7.450580596923828e-09, 0.4226182699203491, 0.9063078761100769),
            ["RightUpperArm"] = CFrame.new(0, 1.1920928955078125e-07, 1.0333330635603488e-08, 0.962250292301178, -0.2523804306983948, 0.10187556594610214, 0.11792805045843124, 0.72397780418396, 0.6796683669090271, -0.2452906370162964, -0.6419970393180847, 0.7264106273651123),
            ["Head"] = CFrame.new(0, 2.384185791015625e-07, -2.2351732908987287e-08, 1, -2.554173228475065e-08, -3.664992789254029e-07, -1.130231908064161e-09, 0.9993909001350403, -0.034899622201919556, 3.66314452548977e-07, 0.03489947319030762, 0.9993908405303955),
            ["LowerTorso"] = CFrame.new(-0.20000000298023224, -0.019999980926513672, -1.1706982124437982e-15, -9.33178245787758e-09, -0.17364808917045593, 0.9848078489303589, -9.552111635002802e-08, 0.9848077893257141, 0.17364807426929474, -1, -1.2490784229157725e-07, -2.8616803149361658e-08),
            ["UpperTorso"] = CFrame.new(1.8096635301390052e-14, 8.940696716308594e-08, 2.9802322387695312e-08, 1, 5.116382428838051e-09, 1.3026530965021266e-08, -2.336153315241063e-08, 0.9986295104026794, -0.05233600735664368, -1.4575272544448126e-08, 0.0523359477519989, 0.9986295104026794),
            ["HumanoidRootPart"] = CFrame.new(0, 0, 0, 1, 0, 0, 0, 1, 0, 0, 0, 1),
            ["LeftUpperLeg"] = CFrame.new(0, -3.295952311077599e-08, 2.5951880644470293e-09, 0.9946865439414978, 0.06399352103471756, 0.08064485341310501, -0.07851029187440872, 0.9782275557518005, 0.19211247563362122, -0.06659506261348724, -0.19742310047149658, 0.9780538082122803),
            ["LeftUpperArm"] = CFrame.new(0, 2.384185791015625e-07, 4.567844769098883e-09, 0.9622501730918884, 0.1856801062822342, -0.19899137318134308, -0.11792819947004318, 0.943386971950531, 0.3100224733352661, 0.2452908456325531, -0.2748524844646454, 0.9296711683273315),
            ["RightLowerArm"] = CFrame.new(-5.960464477539063e-08, -5.960464477539063e-08, -5.587935447692871e-09, 1, -0.000017415733964298852, 0.000009986571967601776, 0.000017456712157581933, 0.5056677460670471, -0.8627283573150635, 0.000009983778909372631, 0.8627284169197083, 0.5056677460670471),
            ["LeftHand"] = CFrame.new(-4.470348358154297e-08, -1.1920928955078125e-07, -2.2095093754614936e-08, 0.8337509036064148, -0.36992597579956055, 0.4098951816558838, 0.5006738901138306, 0.8195090293884277, -0.27880212664604187, -0.2327766865491867, 0.437675416469574, 0.8684787154197693),
            ["RightFoot"] = CFrame.new(-1.3969838619232178e-09, -5.960464477539063e-08, -9.888753993436694e-08, 0.9998160600662231, 0.015564597211778164, 0.011212781071662903, -0.015974611043930054, 0.9991706609725952, 0.03745358809828758, -0.01062053069472313, -0.03762555494904518, 0.9992354512214661),
            ["RightHand"] = CFrame.new(4.0978193283081055e-08, 4.172325134277344e-07, 0, 0.8352503180503845, 0.5445668697357178, -0.07618192583322525, -0.4511062502861023, 0.7578418850898743, 0.47135862708091736, 0.3144201338291168, -0.3593364357948303, 0.8786452412605286),
            ["RightLowerLeg"] = CFrame.new(-1.955777406692505e-08, 4.76837158203125e-07, -9.143695933744311e-08, 1, -1.8626462594539817e-09, -7.776546340210189e-08, 9.313226634333205e-09, 0.984327495098114, 0.17635054886341095, 5.9138990593510243e-08, -0.17635051906108856, 0.9843274354934692),
            ["RightUpperLeg"] = CFrame.new(0, -8.018670172305065e-09, -1.9193976186215878e-08, 0.9946291446685791, -0.0641012117266655, -0.08126479387283325, -0.00724823260679841, 0.7400776147842407, -0.6724826097488403, 0.10324922204017639, 0.6694595813751221, 0.7356379628181458),
            ["LeftLowerLeg"] = CFrame.new(-4.190951585769653e-09, 0, 7.450580596923828e-09, 1, 1.1175873559921001e-08, -5.960464477539063e-08, 1.4901161193847656e-08, 0.9844826459884644, 0.17548222839832306, 5.960464477539063e-08, -0.1754823625087738, 0.9844825863838196)
        }},
        [8] = {Time = 1.433, Data = {
            ["LeftFoot"] = CFrame.new(2.1420419216156006e-08, -5.960464477539063e-08, -1.4901161193847656e-08, 0.9982215762138367, -0.05890940874814987, -0.009135572239756584, 0.0534292608499527, 0.9520681500434875, -0.301183819770813, 0.026440242305397987, 0.30016013979911804, 0.9535223841667175),
            ["LeftLowerArm"] = CFrame.new(8.940696716308594e-08, 2.384185791015625e-07, 2.682209014892578e-07, 1, -1.6763806343078613e-08, 4.377216100692749e-08, 4.4703490686970326e-08, 0.9063078165054321, -0.42261818051338196, -1.862645326866641e-08, 0.4226182699203491, 0.9063078165054321),
            ["RightUpperArm"] = CFrame.new(0, 1.1920928955078125e-07, -1.9207035961699148e-08, 0.9622501730918884, -0.2523805797100067, 0.10187560319900513, 0.17008398473262787, 0.8498401641845703, 0.498841792345047, -0.2124759554862976, -0.4626832902431488, 0.8606847524642944),
            ["Head"] = CFrame.new(-6.42397424144292e-09, 0.02588200569152832, -0.09659251570701599, 1, 9.133416689621754e-09, -3.112732542831509e-07, -9.973863512868775e-08, 0.965925931930542, -0.25881919264793396, 2.9694001568714157e-07, 0.258819043636322, 0.9659258127212524),
            ["LowerTorso"] = CFrame.new(-0.30000001192092896, -0.10000002384185791, -1.3039249542229933e-15, 3.7140330277907196e-07, 1.1301295899102115e-07, 1, -1.3986780800223642e-07, 1, -1.13012916358457e-07, -1, -1.3986776536967227e-07, 3.714033312007814e-07),
            ["UpperTorso"] = CFrame.new(-7.105427357601002e-15, 8.940696716308594e-08, 4.493906580194107e-09, 1, -1.3776497098660911e-07, 4.5987428620719584e-07, 2.439950996802054e-08, 0.9659258723258972, 0.258819043636322, -4.812236511497758e-07, -0.258819043636322, 0.9659258723258972),
            ["HumanoidRootPart"] = CFrame.new(0, 0, 0, 1, 0, 0, 0, 1, 0, 0, 0, 1),
            ["LeftUpperLeg"] = CFrame.new(0, 1.8532514189928406e-08, -1.1682772083076998e-08, 0.9936268329620361, 0.08864610642194748, 0.06962592899799347, -0.05890939384698868, 0.9349981546401978, -0.34972575306892395, -0.09610195457935333, 0.34339526295661926, 0.9342613816261292),
            ["LeftUpperArm"] = CFrame.new(0, 1.1920928955078125e-07, 1.920709280511801e-08, 0.9622502326965332, 0.18568021059036255, -0.19899104535579681, -0.17008419334888458, 0.9810364246368408, 0.0929461121559143, 0.2124757617712021, -0.05559222772717476, 0.9755836725234985),
            ["RightLowerArm"] = CFrame.new(-1.7881393432617188e-07, 5.960464477539063e-08, -1.4901161193847656e-07, 1, -0.00001741200867400039, 0.000009993091225624084, 0.000017426908016204834, 0.5056677460670471, -0.8627283573150635, 0.000010006129741668701, 0.8627283573150635, 0.5056676864624023),
            ["LeftHand"] = CFrame.new(-2.9802322387695312e-08, 4.172325134277344e-07, -1.4901161193847656e-08, 0.8243048787117004, -0.3916817009449005, 0.4087872803211212, 0.4983440637588501, 0.8446235656738281, -0.19561275839805603, -0.2686535120010376, 0.3649611175060272, 0.8914194703102112),
            ["RightFoot"] = CFrame.new(-2.0818788470933214e-08, 1.1920928955078125e-07, -6.103800842538476e-08, 0.997114896774292, 0.07588889449834824, 0.001652408973313868, -0.06817279756069183, 0.9048808217048645, -0.4201703369617462, -0.033381491899490356, 0.4188455045223236, 0.9074437022209167),
            ["RightHand"] = CFrame.new(7.450580596923828e-09, -2.384185791015625e-07, 5.960464477539063e-08, 0.8258933424949646, 0.5604888200759888, -0.061257537454366684, -0.44275909662246704, 0.7119824886322021, 0.5450186729431152, 0.34909120202064514, -0.4230051040649414, 0.8361831307411194),
            ["RightLowerLeg"] = CFrame.new(-2.9802322387695312e-08, 2.980232238769531e-07, 5.012407200410962e-08, 1, -5.587936779960501e-09, -6.332994928470725e-08, 4.284083843231201e-08, 0.7399981021881104, 0.6726087331771851, 2.9802322387695312e-08, -0.6726089715957642, 0.7399983406066895),
            ["RightUpperLeg"] = CFrame.new(0, -8.635159787218072e-08, 4.532921593636274e-09, 0.9937536120414734, -0.09139422327280045, -0.0640380010008812, 0.07574411481618881, 0.9738062620162964, -0.21439261734485626, 0.08195485919713974, 0.20820289850234985, 0.9746460318565369),
            ["LeftLowerLeg"] = CFrame.new(2.9802322387695312e-08, 0, 3.725290298461914e-08, 1, 2.9802318834981634e-08, -5.960463766996327e-08, 2.60770320892334e-08, 0.7879425287246704, 0.6157486438751221, 5.4016709327697754e-08, -0.6157487630844116, 0.78794264793396)
        }},
        [9] = {Time = 1.600, Data = {
            ["LeftFoot"] = CFrame.new(-2.514570951461792e-08, -1.7881393432617188e-07, -2.9802322387695312e-08, 0.9982215762138367, -0.05890939384698868, -0.009135529398918152, 0.053429290652275085, 0.952068030834198, -0.301183819770813, 0.02644018456339836, 0.30016013979911804, 0.9535223841667175),
            ["LeftLowerArm"] = CFrame.new(2.9802322387695312e-08, 1.1920928955078125e-07, 8.940696716308594e-08, 1, -1.4901161193847656e-08, 1.3969838619232178e-08, 5.21540641784668e-08, 0.9063078165054321, -0.42261821031570435, -2.60770320892334e-08, 0.42261821031570435, 0.9063078165054321),
            ["RightUpperArm"] = CFrame.new(5.960464477539063e-08, 1.1920928955078125e-07, 7.795046030878439e-08, 0.962250292301178, -0.2523804306983948, 0.10187526792287827, 0.17008399963378906, 0.8498401045799255, 0.4988417327404022, -0.21247567236423492, -0.4626832902431488, 0.8606848120689392),
            ["Head"] = CFrame.new(-6.423874765459914e-09, 0.02588200569152832, -0.09659257531166077, 1, -5.561581417623529e-08, -4.699723490375618e-07, -1.215303484514152e-07, 0.9659258723258972, -0.25881922245025635, 4.6129463271427085e-07, 0.25881901383399963, 0.9659258127212524),
            ["LowerTorso"] = CFrame.new(-0.30000001192092896, -0.10000002384185791, -1.3039249542229933e-15, 3.7140330277907196e-07, 1.343588280633412e-07, 1, -1.343588138524865e-07, 1, -1.3435878543077706e-07, -1, -1.3435877121992235e-07, 3.714033312007814e-07),
            ["UpperTorso"] = CFrame.new(-7.105427357601002e-15, 8.940696716308594e-08, 1.4285868488173037e-08, 1, -1.1155058388112593e-07, 6.311958600235812e-07, -2.0026440505915843e-09, 0.9659258127212524, 0.258819043636322, -6.456181154135265e-07, -0.2588190734386444, 0.9659258723258972),
            ["HumanoidRootPart"] = CFrame.new(0, 0, 0, 1, 0, 0, 0, 1, 0, 0, 0, 1),
            ["LeftUpperLeg"] = CFrame.new(0, 1.4758750666032938e-08, 6.59629506571946e-09, 0.9936268329620361, 0.0886460393667221, 0.06962577998638153, -0.058909397572278976, 0.9349982142448425, -0.3497256338596344, -0.09610176831483841, 0.34339526295661926, 0.9342613220214844),
            ["LeftUpperArm"] = CFrame.new(5.960464477539063e-08, 1.1920928955078125e-07, -1.834567342484661e-08, 0.9622501730918884, 0.18568019568920135, -0.19899122416973114, -0.17008423805236816, 0.9810364842414856, 0.09294606000185013, 0.21247592568397522, -0.055592235177755356, 0.9755837321281433),
            ["RightLowerArm"] = CFrame.new(-1.1920928955078125e-07, -1.7881393432617188e-07, -5.960464477539063e-08, 1, -0.000017415732145309448, 0.000009976327419281006, 0.000017426909835194238, 0.5056676864624023, -0.8627283573150635, 0.000009991229489969555, 0.8627284169197083, 0.5056676864624023),
            ["LeftHand"] = CFrame.new(-1.4901161193847656e-08, -5.960464477539063e-08, 2.9802322387695312e-08, 0.8243048787117004, -0.3916817605495453, 0.4087873101234436, 0.4983440339565277, 0.8446235060691833, -0.19561277329921722, -0.2686534821987152, 0.36496102809906006, 0.8914194703102112),
            ["RightFoot"] = CFrame.new(1.083026290871203e-08, 1.1920928955078125e-07, -5.3594703786075115e-08, 0.9971149563789368, 0.07588887214660645, 0.0016523548401892185, -0.06817279011011124, 0.904880940914154, -0.4201703667640686, -0.03338142856955528, 0.4188455045223236, 0.9074437618255615),
            ["RightHand"] = CFrame.new(-4.470348358154297e-08, -1.1920928955078125e-07, -5.960464477539063e-08, 0.8258933424949646, 0.5604888796806335, -0.06125734746456146, -0.4427591562271118, 0.7119824290275574, 0.5450186729431152, 0.3490910828113556, -0.4230051040649414, 0.8361831307411194),
            ["RightLowerLeg"] = CFrame.new(5.21540641784668e-08, 2.384185791015625e-07, 5.3849362302571535e-08, 1, -9.313229298868464e-09, -6.705523958316917e-08, 3.3527612686157227e-08, 0.7399981617927551, 0.6726086735725403, 3.3527612686157227e-08, -0.6726089119911194, 0.7399984002113342),
            ["RightUpperLeg"] = CFrame.new(0, -9.538749168314098e-08, 2.2817403078079224e-08, 0.9937536120414734, -0.09139414876699448, -0.06403785198926926, 0.07574408501386642, 0.9738063216209412, -0.21439258754253387, 0.08195468783378601, 0.20820283889770508, 0.9746460914611816),
            ["LeftLowerLeg"] = CFrame.new(5.587935447692871e-08, 5.960464477539063e-08, 4.0978193283081055e-08, 1, 2.4214383387288763e-08, -5.774199962615967e-08, 1.4901161193847656e-08, 0.7879425883293152, 0.6157486438751221, 5.960464477539063e-08, -0.6157487630844116, 0.7879427075386047)
        }}
    }
}