return {
    ["Rap Monster"] = {
        {Time = 0.000, Data = {
            ["RightFoot"] = CFrame.new(2.1792948246002197e-07, 0, 5.420588422566652e-09, 0.9804251194000244, 0.17481282353401184, -0.09059372544288635, -0.18361453711986542, 0.9778822064399719, -0.10016032308340073, 0.07108066231012344, 0.1148340031504631, 0.9908384680747986),
            ["LeftLowerArm"] = CFrame.new(0.000001341104507446289, 0, 0.0000046510249376297, 1, -2.9802322387695312e-08, -9.732323036359958e-08, -1.0803341865539551e-07, -0.12039743363857269, -0.9927258491516113, -3.725290298461914e-08, 0.9927258491516113, -0.12039752304553986),
            ["RightUpperArm"] = CFrame.new(-0.09725463390350342, 0.055314064025878906, -0.015654467046260834, 0.5335831642150879, -0.6842136979103088, 0.49713218212127686, 0.8324271440505981, 0.5287854075431824, -0.1656845360994339, -0.1495123952627182, 0.5022327303886414, 0.8517090082168579),
            ["Head"] = CFrame.new(3.725290298461914e-08, -8.344650268554688e-07, 5.960464477539063e-08, 0.9949339628219604, 0.06811701506376266, -0.07393629103899002, -0.0799027681350708, 0.9821313619613647, -0.1703929603099823, 0.06100840121507645, 0.17543722689151764, 0.9825984835624695),
            ["RightHand"] = CFrame.new(1.4901161193847656e-07, 0.0000011324882507324219, -9.387731552124023e-07, 0.8956645131111145, 0.15973523259162903, 0.4150533676147461, -0.05431202054023743, 0.9655721783638, -0.2544025480747223, -0.44140148162841797, 0.20531710982322693, 0.8735045194625854),
            ["UpperTorso"] = CFrame.new(-7.450580596923828e-09, -3.2782554626464844e-07, 5.960464477539063e-08, 0.9762845635414124, -0.07939926534891129, -0.20140554010868073, 0.11568143218755722, 0.9776918292045593, 0.17531828582286835, 0.18299245834350586, -0.1944594830274582, 0.9636905193328857),
            ["HumanoidRootPart"] = CFrame.new(0, 0, 0, 1, 0, 0, 0, 1, 0, 0, 0, 1),
            ["RightUpperLeg"] = CFrame.new(0, -2.98256054520607e-07, 1.3205863069742918e-08, 0.8704132437705994, -0.39517152309417725, -0.2936328947544098, 0.18999850749969482, 0.8198469877243042, -0.5401403307914734, 0.4541822075843811, 0.41435542702674866, 0.7886876463890076),
            ["LeftUpperArm"] = CFrame.new(-0.03253883123397827, -0.027603864669799805, -0.018298372626304626, 0.8161942958831787, -0.0438527949154377, -0.5761108994483948, -0.4568403363227844, 0.5614752769470215, -0.6899586319923401, 0.3537285029888153, 0.8263307213783264, 0.43823882937431335),
            ["RightLowerArm"] = CFrame.new(5.066394805908203e-07, 2.384185791015625e-07, -0.0000037848949432373047, 1, -0.000014558436305378564, 0.000012975188838026952, 0.000018984079360961914, 0.5821166634559631, -0.8131054043769836, 0.0000043138861656188965, 0.8131052851676941, 0.5821165442466736),
            ["LeftHand"] = CFrame.new(-9.98377799987793e-07, -0.0000010132789611816406, 2.598389983177185e-07, 0.7196446061134338, 0.31486302614212036, -0.6188474297523499, -0.3955545425415039, 0.9184136986732483, 0.0072973123751580715, 0.5706560015678406, 0.2395365983247757, 0.785477340221405),
            ["LeftFoot"] = CFrame.new(5.21540641784668e-08, -1.1920928955078125e-07, 7.450580596923828e-08, 0.9411426782608032, -0.18300236761569977, 0.28418436646461487, 0.31302958726882935, 0.789095401763916, -0.5285272002220154, -0.12752680480480194, 0.5863776206970215, 0.7999365329742432),
            ["LowerTorso"] = CFrame.new(-0.04773860424757004, -0.2718982696533203, 0.38545846939086914, 0.9137020707130432, 0.0078658452257514, 0.4063085913658142, 0.054785385727882385, 0.9883015155792236, -0.14233355224132538, -0.40267494320869446, 0.15231023728847504, 0.9025821089744568),
            ["RightLowerLeg"] = CFrame.new(-1.0803341865539551e-07, -0.000726163387298584, 0.00004615431680576876, 1, 1.443550274871086e-07, -3.166497108963995e-08, -7.078051567077637e-08, 0.6560045480728149, 0.7547569274902344, 4.0978193283081055e-08, -0.7547569870948792, 0.6560046672821045),
            ["LeftUpperLeg"] = CFrame.new(-2.9802322387695312e-08, -2.8219074010849e-07, 4.470348358154297e-08, 0.9604824185371399, 0.27692049741744995, 0.028082983568310738, -0.25541019439697266, 0.916959285736084, -0.30651482939720154, -0.11063125729560852, 0.2872295379638672, 0.9514515399932861),
            ["LeftLowerLeg"] = CFrame.new(-1.043081283569336e-07, -0.0007266998291015625, 0.00008097290992736816, 1, 1.1920928955078125e-07, 8.940698137394065e-08, -5.960464477539063e-08, 0.4518343508243561, 0.8921018242835999, -7.450580596923828e-09, -0.8921018838882446, 0.45183444023132324),
        }},
        {Time = 0.033, Data = {
            ["RightFoot"] = CFrame.new(1.73225998878479e-07, 5.960464477539063e-08, -2.029992174357176e-09, 0.979779064655304, 0.17743226885795593, -0.09246959537267685, -0.18818610906600952, 0.9741886854171753, -0.12467006593942642, 0.06796253472566605, 0.13955065608024597, 0.9878799319267273),
            ["LeftLowerArm"] = CFrame.new(0.000001519918441772461, 0, 0.000004483852535486221, 1, 7.450580596923828e-09, -9.685756907629184e-08, -1.2293459406009788e-07, -0.11797696352005005, -0.9930164217948914, -4.4703490686970326e-08, 0.9930163621902466, -0.11797694116830826),
            ["RightUpperArm"] = CFrame.new(-0.09854739904403687, 0.05864822864532471, -0.016775868833065033, 0.5085371732711792, -0.7141793370246887, 0.4809757173061371, 0.8475590348243713, 0.5136557817459106, -0.1334223747253418, -0.15176835656166077, 0.475505530834198, 0.8665223121643066),
            ["Head"] = CFrame.new(-7.450580596923828e-09, -0.0000010728836059570312, 0, 0.9924185872077942, 0.0659451112151146, -0.10371464490890503, -0.08487928658723831, 0.9780468940734863, -0.19031529128551483, 0.08888737112283707, 0.19767557084560394, 0.9762291312217712),
            ["RightHand"] = CFrame.new(1.4901161193847656e-07, 0.0000010132789611816406, -8.046627044677734e-07, 0.8931509852409363, 0.237248957157135, 0.38209131360054016, -0.13334952294826508, 0.9510418176651001, -0.2788146138191223, -0.4295337498188019, 0.19807197153568268, 0.8810610771179199),
            ["UpperTorso"] = CFrame.new(-7.450580596923828e-09, -5.960464477539063e-08, -1.6763806343078613e-08, 0.982398509979248, -0.08287295699119568, -0.16740772128105164, 0.11510155349969864, 0.9744077324867249, 0.193083256483078, 0.1471220850944519, -0.2089536339044571, 0.9667955040931702),
            ["HumanoidRootPart"] = CFrame.new(0, 0, 0, 1, 0, 0, 0, 1, 0, 0, 0, 1),
            ["RightUpperLeg"] = CFrame.new(-2.9802322387695312e-08, 1.3969838619232178e-09, 5.75528247281909e-09, 0.8690252304077148, -0.4068211615085602, -0.2815881073474884, 0.19757427275180817, 0.8071251511573792, -0.55633944272995, 0.4536074101924896, 0.42783817648887634, 0.7817893624305725),
            ["LeftUpperArm"] = CFrame.new(-0.03334915637969971, -0.029445648193359375, -0.01967693120241165, 0.8076304197311401, -0.0671628937125206, -0.5858517289161682, -0.45680519938468933, 0.5570129752159119, -0.6935890316963196, 0.37291043996810913, 0.8277835845947266, 0.41918009519577026),
            ["RightLowerArm"] = CFrame.new(-8.940696716308594e-08, 7.152557373046875e-07, -0.0000037848949432373047, 1, -0.000012040138244628906, 0.00001531094494566787, 0.000019028781025554053, 0.42811477184295654, -0.9037244915962219, 0.0000043176110011700075, 0.9037244319915771, 0.42811471223831177),
            ["LeftHand"] = CFrame.new(-0.0000014975666999816895, -9.5367431640625e-07, 4.302710294723511e-07, 0.7248130440711975, 0.31358933448791504, -0.6134387850761414, -0.39323729276657104, 0.9194214344024658, 0.005375135689973831, 0.5656946301460266, 0.2373311072587967, 0.7897239327430725),
            ["LeftFoot"] = CFrame.new(4.470348358154297e-08, 0, 7.450580596923828e-08, 0.9399563074111938, -0.186843603849411, 0.2856074571609497, 0.3197247087955475, 0.7748438119888306, -0.5453380942344666, -0.11940813809633255, 0.6039094924926758, 0.7880575656890869),
            ["LowerTorso"] = CFrame.new(-0.04591068997979164, -0.29498767852783203, 0.38442373275756836, 0.9117453098297119, 0.012560595758259296, 0.4105638861656189, 0.05608241260051727, 0.9863654375076294, -0.15471944212913513, -0.40690937638282776, 0.1640901267528534, 0.8986096382141113),
            ["RightLowerLeg"] = CFrame.new(-4.470348358154297e-08, -0.0007264614105224609, 0.00004607422306435183, 1, 1.1269005995018233e-07, 0, -4.470347647611561e-08, 0.6109102368354797, 0.7916997671127319, 6.70552182668871e-08, -0.7916998863220215, 0.6109104752540588),
            ["LeftUpperLeg"] = CFrame.new(2.9802322387695312e-08, -6.798654794692993e-08, 5.21540641784668e-08, 0.9601557850837708, 0.27916407585144043, 0.012973001226782799, -0.2608230412006378, 0.9118112921714783, -0.3171301782131195, -0.10036031901836395, 0.30111080408096313, 0.9482933282852173),
            ["LeftLowerLeg"] = CFrame.new(-5.960464477539063e-08, -0.0007264018058776855, 0.00008103251457214355, 1, 4.4703494239684005e-08, 7.450579175838357e-08, -5.960464477539063e-08, 0.40805384516716003, 0.9129579067230225, 9.685754776000977e-08, -0.9129579067230225, 0.4080536961555481),
        }},
        {Time = 0.067, Data = {
            ["RightFoot"] = CFrame.new(2.477318048477173e-07, -5.960464477539063e-08, 9.145878721028566e-09, 0.9792413711547852, 0.17971478402614594, -0.09374985098838806, -0.19201628863811493, 0.9706174731254578, -0.14502298831939697, 0.06493258476257324, 0.16001386940479279, 0.9849768280982971),
            ["LeftLowerArm"] = CFrame.new(0.0000016689300537109375, -5.364418029785156e-07, 0.000004762783646583557, 1, 2.2351745343485163e-08, -5.960465898624534e-08, -9.313227167240257e-08, -0.1214611753821373, -0.9925962686538696, -2.2351745343485163e-08, 0.9925962686538696, -0.12146115303039551),
            ["RightUpperArm"] = CFrame.new(-0.09883970022201538, 0.0629340410232544, -0.023573696613311768, 0.4549471437931061, -0.7540918588638306, 0.4736754298210144, 0.8743485808372498, 0.47915756702423096, -0.07695895433425903, -0.1689310371875763, 0.44916972517967224, 0.8773306012153625),
            ["Head"] = CFrame.new(-4.470348358154297e-08, -5.960464477539062e-07, -4.470348358154297e-08, 0.9893105030059814, 0.06070033460855484, -0.132590651512146, -0.08899196982383728, 0.9716137647628784, -0.21919693052768707, 0.11552169173955917, 0.2286532074213028, 0.9666293859481812),
            ["RightHand"] = CFrame.new(4.172325134277344e-07, 0.0000010728836059570312, -7.450580596923828e-07, 0.876789927482605, 0.3677965998649597, 0.30978119373321533, -0.2717442810535431, 0.9104501605033875, -0.3118263781070709, -0.3967294991016388, 0.1892252117395401, 0.8982204794883728),
            ["UpperTorso"] = CFrame.new(-3.725290298461914e-09, -2.9802322387695312e-08, -5.494803190231323e-08, 0.9875677824020386, -0.08273112028837204, -0.13366244733333588, 0.1118164137005806, 0.9673590660095215, 0.2274061143398285, 0.11048591136932373, -0.2395244985818863, 0.9645832777023315),
            ["HumanoidRootPart"] = CFrame.new(0, 0, 0, 1, 0, 0, 0, 1, 0, 0, 0, 1),
            ["RightUpperLeg"] = CFrame.new(-5.960464477539063e-08, -5.2619725465774536e-08, -6.502523319795728e-08, 0.8672953844070435, -0.417209267616272, -0.2715424597263336, 0.20662645995616913, 0.7980014085769653, -0.5661265850067139, 0.4528844952583313, 0.4348909854888916, 0.7783093452453613),
            ["LeftUpperArm"] = CFrame.new(-0.03325045108795166, -0.02914905548095703, -0.026316866278648376, 0.7973483204841614, -0.09021282196044922, -0.596738874912262, -0.46048247814178467, 0.5482035279273987, -0.6981610655784607, 0.3901176154613495, 0.8314653635025024, 0.39556771516799927),
            ["RightLowerArm"] = CFrame.new(2.682209014892578e-07, 4.76837158203125e-07, -0.0000037401914596557617, 1, -0.000006355346158670727, 0.00001843274549173657, 0.000019013883502339013, 0.1070934534072876, -0.9942490458488464, 0.000004384667136037024, 0.9942490458488464, 0.10709354281425476),
            ["LeftHand"] = CFrame.new(-0.0000012926757335662842, -0.0000010728836059570312, 2.2724270820617676e-07, 0.7274353504180908, 0.31258296966552734, -0.6108428239822388, -0.39392292499542236, 0.9191429018974304, 0.0012361565604805946, 0.5618386268615723, 0.2397257685661316, 0.7917510271072388),
            ["LeftFoot"] = CFrame.new(-2.2351741790771484e-08, -1.1920928955078125e-07, 2.9802322387695312e-08, 0.9389175176620483, -0.1902901977300644, 0.2867461144924164, 0.32526683807373047, 0.7628457546234131, -0.5588093996047974, -0.11240727454423904, 0.6179450750350952, 0.7781444191932678),
            ["LowerTorso"] = CFrame.new(-0.044240184128284454, -0.31496918201446533, 0.38346779346466064, 0.9098053574562073, 0.018980836495757103, 0.41460099816322327, 0.056741707026958466, 0.9838854074478149, -0.16955792903900146, -0.4111382067203522, 0.1777898520231247, 0.8940672278404236),
            ["RightLowerLeg"] = CFrame.new(-5.960464477539063e-08, -0.0007262229919433594, 0.00004609843745129183, 1, 1.9464646072719916e-07, -4.0978196835794733e-08, -9.313225746154785e-08, 0.5717432498931885, 0.8204326629638672, 2.60770320892334e-08, -0.8204326629638672, 0.5717432498931885),
            ["LeftUpperLeg"] = CFrame.new(5.960464477539063e-08, 1.6205012798309326e-07, -3.725290298461914e-09, 0.9599729776382446, 0.28009259700775146, -0.0002765376993920654, -0.26530611515045166, 0.9089774489402771, -0.32151636481285095, -0.08980289846658707, 0.30872035026550293, 0.9469040036201477),
            ["LeftLowerLeg"] = CFrame.new(-4.470348358154297e-08, -0.0007264614105224609, 0.00008095800876617432, 1, 7.450579175838357e-08, -1.4901162970204496e-08, -5.960464477539063e-08, 0.37109044194221497, 0.9285967350006104, 4.470348358154297e-08, -0.9285966753959656, 0.37109044194221497),
        }},
        {Time = 0.100, Data = {
            ["RightFoot"] = CFrame.new(3.259629011154175e-07, 0, -1.3205863069742918e-08, 0.9788710474967957, 0.18129846453666687, -0.09456438571214676, -0.19468167424201965, 0.9677543044090271, -0.1598459631204605, 0.06253539770841599, 0.17487868666648865, 0.9826021790504456),
            ["LeftLowerArm"] = CFrame.new(0.000001519918441772461, -5.364418029785156e-07, 0.000004719942808151245, 1, 4.4703490686970326e-08, -6.146729703004894e-08, -8.940698847936801e-08, -0.12347272783517838, -0.9923480153083801, -2.2351747119842003e-08, 0.9923480749130249, -0.12347274273633957),
            ["RightUpperArm"] = CFrame.new(-0.09911465644836426, 0.06685149669647217, -0.030377566814422607, 0.4293346703052521, -0.7792922854423523, 0.4564812183380127, 0.8872935175895691, 0.45823773741722107, -0.05223590135574341, -0.16846990585327148, 0.42745962738990784, 0.8881983757019043),
            ["Head"] = CFrame.new(-4.470348358154297e-08, -8.344650268554688e-07, -2.2351741790771484e-08, 0.9866814613342285, 0.05964575707912445, -0.15133444964885712, -0.09282807260751724, 0.9704476594924927, -0.22274300456047058, 0.1335766464471817, 0.23382441699504852, 0.9630594253540039),
            ["RightHand"] = CFrame.new(5.438923835754395e-07, 0.0000011324882507324219, -7.450580596923828e-07, 0.8632491827011108, 0.4287540912628174, 0.2664022147655487, -0.3428470194339752, 0.8853683471679688, -0.3139735162258148, -0.370481938123703, 0.17970214784145355, 0.9112906455993652),
            ["UpperTorso"] = CFrame.new(-2.7939677238464355e-08, -2.9802322387695312e-08, 5.494803190231323e-08, 0.9907200932502747, -0.0823817029595375, -0.10810678452253342, 0.10819126665592194, 0.9594271779060364, 0.2603730261325836, 0.0822705551981926, -0.26965296268463135, 0.9594367146492004),
            ["HumanoidRootPart"] = CFrame.new(0, 0, 0, 1, 0, 0, 0, 1, 0, 0, 0, 1),
            ["RightUpperLeg"] = CFrame.new(2.9802322387695312e-08, 2.9802322387695312e-08, -1.6952981241047382e-09, 0.86548912525177, -0.4247705042362213, -0.2655157446861267, 0.2144864946603775, 0.7932446002960205, -0.5698763132095337, 0.45268547534942627, 0.4362718462944031, 0.777651846408844),
            ["LeftUpperArm"] = CFrame.new(-0.0331994891166687, -0.028432369232177734, -0.03289256989955902, 0.7908605337142944, -0.1079808697104454, -0.6023949980735779, -0.46290123462677, 0.5383262634277344, -0.7042211294174194, 0.4003276228904724, 0.8357900381088257, 0.37575656175613403),
            ["RightLowerArm"] = CFrame.new(9.5367431640625e-07, 3.5762786865234375e-07, -0.000003814697265625, 1, -0.000002942979335784912, 0.000019237404558225535, 0.00001896917456178926, -0.07404784113168716, -0.9972547888755798, 0.000004380940481496509, 0.9972547888755798, -0.07404771447181702),
            ["LeftHand"] = CFrame.new(-0.0000015944242477416992, -7.152557373046875e-07, 1.4528632164001465e-07, 0.7297781109809875, 0.310162216424942, -0.6092805862426758, -0.3941529393196106, 0.9190351963043213, -0.0042575024999678135, 0.5586299896240234, 0.24325671792030334, 0.7929432988166809),
            ["LeftFoot"] = CFrame.new(-4.470348358154297e-08, -1.1920928955078125e-07, 2.9802322387695312e-08, 0.9380722045898438, -0.19322103261947632, 0.28755202889442444, 0.3294869065284729, 0.7540605068206787, -0.5681824088096619, -0.10704715549945831, 0.6277408003807068, 0.7710270881652832),
            ["LowerTorso"] = CFrame.new(-0.04258836805820465, -0.3298044204711914, 0.38252192735671997, 0.9078890085220337, 0.02491847798228264, 0.4184694290161133, 0.057660363614559174, 0.981321394443512, -0.18353131413459778, -0.4152262806892395, 0.1907551884651184, 0.889494001865387),
            ["RightLowerLeg"] = CFrame.new(-1.1548399925231934e-07, -0.0007264614105224609, 0.00004626980080502108, 1, 1.0244551873483942e-07, 1.4901164746561335e-08, -1.043081283569336e-07, 0.5430059432983398, 0.8397284746170044, 5.21540641784668e-08, -0.8397288918495178, 0.5430064797401428),
            ["LeftUpperLeg"] = CFrame.new(-2.9802322387695312e-08, 4.6566128730773926e-08, -5.960464477539063e-08, 0.9597352743148804, 0.2806718051433563, -0.011479987762868404, -0.26929745078086853, 0.9076765179634094, -0.32187357544898987, -0.07992040365934372, 0.3120046555995941, 0.9467131495475769),
            ["LeftLowerLeg"] = CFrame.new(2.9802322387695312e-08, -0.0007266402244567871, 0.00008095800876617432, 1, 1.043081283569336e-07, 1.1920928955078125e-07, -7.450580596923828e-08, 0.34364527463912964, 0.9390995502471924, 8.195638656616211e-08, -0.9390995502471924, 0.34364527463912964),
        }},
        {Time = 0.133, Data = {
            ["RightFoot"] = CFrame.new(1.3969838619232178e-07, 1.1920928955078125e-07, 1.6596459317952394e-08, 0.9786962270736694, 0.18202261626720428, -0.0949825718998909, -0.19611074030399323, 0.9657317996025085, -0.17000812292099, 0.06078227236866951, 0.185013085603714, 0.9808545112609863),
            ["LeftLowerArm"] = CFrame.new(9.834766387939453e-07, -5.960464477539062e-07, 0.000005550682544708252, 1, 1.1175872671742582e-08, -5.587938289863814e-08, -8.940696716308594e-08, -0.12388717383146286, -0.9922963380813599, -2.9802322387695312e-08, 0.9922963380813599, -0.12388718128204346),
            ["RightUpperArm"] = CFrame.new(-0.10092711448669434, 0.06995415687561035, -0.03274107724428177, 0.4541063606739044, -0.7743943929672241, 0.440569132566452, 0.8809781670570374, 0.46405094861984253, -0.09237866848707199, -0.1329091489315033, 0.4300813376903534, 0.892953097820282),
            ["Head"] = CFrame.new(0, -9.5367431640625e-07, -4.470348358154297e-08, 0.9862357378005981, 0.06607112288475037, -0.1515709012746811, -0.09712456911802292, 0.9733659625053406, -0.20766739547252655, 0.13381299376487732, 0.2195301651954651, 0.9663853645324707),
            ["RightHand"] = CFrame.new(3.725290298461914e-07, 0.0000010728836059570312, -7.152557373046875e-07, 0.8964276909828186, 0.3485722541809082, 0.27370500564575195, -0.28089332580566406, 0.924555242061615, -0.2574819028377533, -0.3428068459033966, 0.15393200516700745, 0.9267085790634155),
            ["UpperTorso"] = CFrame.new(-2.0489096641540527e-08, -4.470348358154297e-07, -1.5832483768463135e-08, 0.991344153881073, -0.08417217433452606, -0.10075724869966507, 0.10954124480485916, 0.9533293843269348, 0.2813607156276703, 0.07237207889556885, -0.28996220231056213, 0.9542977809906006),
            ["HumanoidRootPart"] = CFrame.new(0, 0, 0, 1, 0, 0, 0, 1, 0, 0, 0, 1),
            ["RightUpperLeg"] = CFrame.new(2.9802322387695312e-08, -3.1851232051849365e-07, -3.80168785341084e-08, 0.8638345003128052, -0.4292113482952118, -0.26375648379325867, 0.22015517950057983, 0.7925487756729126, -0.5686811208724976, 0.45312434434890747, 0.43317899107933044, 0.7791240811347961),
            ["LeftUpperArm"] = CFrame.new(-0.03467470407485962, -0.028525471687316895, -0.03534245491027832, 0.7929518222808838, -0.11102133989334106, -0.5990843176841736, -0.4615724980831146, 0.5323724150657654, -0.7095985412597656, 0.3977164328098297, 0.8391983509063721, 0.3709014058113098),
            ["RightLowerArm"] = CFrame.new(8.940696716308594e-07, 7.152557373046875e-07, -0.000003948807716369629, 1, -0.000004772096872329712, 0.000018864871890400536, 0.00001902877920656465, 0.02139488235116005, -0.9997711777687073, 0.000004377215191198047, 0.9997711181640625, 0.02139492891728878),
            ["LeftHand"] = CFrame.new(-0.0000015869736671447754, -0.0000010728836059570312, 1.9371509552001953e-07, 0.7325607538223267, 0.30585798621177673, -0.6081157326698303, -0.39119666814804077, 0.9202690124511719, -0.00839223712682724, 0.5570636987686157, 0.24404072761535645, 0.7938040494918823),
            ["LeftFoot"] = CFrame.new(7.450580596923828e-09, -5.960464477539063e-08, -7.450580596923828e-08, 0.9373330473899841, -0.19582834839820862, 0.2881981134414673, 0.33286052942276, 0.7477783560752869, -0.5744836330413818, -0.10300802439451218, 0.6344121694564819, 0.7661008238792419),
            ["LowerTorso"] = CFrame.new(-0.04068708419799805, -0.3402717113494873, 0.38178908824920654, 0.9060055613517761, 0.029475921764969826, 0.42223846912384033, 0.059735868126153946, 0.9786830544471741, -0.19649703800678253, -0.4190295934677124, 0.20325015485286713, 0.8849314451217651),
            ["RightLowerLeg"] = CFrame.new(-3.725290298461914e-09, -0.0007263422012329102, 0.00004621019616024569, 1, 1.2852255792950018e-07, -2.2351745343485163e-08, -9.685753354915505e-08, 0.523705780506134, 0.851899266242981, 7.078050856534901e-08, -0.851899266242981, 0.5237058401107788),
            ["LeftUpperLeg"] = CFrame.new(0, -5.252659320831299e-07, 2.3283064365386963e-08, 0.959183394908905, 0.2819526493549347, -0.021677296608686447, -0.27385491132736206, 0.9070487022399902, -0.31979066133499146, -0.07050357013940811, 0.312674343585968, 0.9472402334213257),
            ["LeftLowerLeg"] = CFrame.new(7.450580596923828e-08, -0.0007266402244567871, 0.00008095800876617432, 1, 7.450581307466564e-08, 4.470348358154297e-08, -1.043081283569336e-07, 0.32328149676322937, 0.9463030099868774, 1.043081283569336e-07, -0.9463029503822327, 0.3232812285423279),
        }},
        {Time = 0.167, Data = {
            ["RightFoot"] = CFrame.new(1.6577541828155518e-07, -1.1920928955078125e-07, 2.032174961641431e-08, 0.9787298440933228, 0.18175028264522552, -0.09515716135501862, -0.19624607264995575, 0.9646234512329102, -0.1760372668504715, 0.05979585275053978, 0.19096706807613373, 0.9797734618186951),
            ["LeftLowerArm"] = CFrame.new(0.0000012814998626708984, -1.7881393432617188e-07, 0.000005230307579040527, 1, 5.5879347371501353e-08, -8.195640788244418e-08, -7.450580596923828e-08, -0.12181568145751953, -0.9925528168678284, -3.725290298461914e-08, 0.9925527572631836, -0.1218157559633255),
            ["RightUpperArm"] = CFrame.new(-0.10392993688583374, 0.07303011417388916, -0.0312836691737175, 0.5030953288078308, -0.7580540776252747, 0.4150286316871643, 0.8588088154792786, 0.49222755432128906, -0.1419847458600998, -0.09665633738040924, 0.4278621971607208, 0.8986610174179077),
            ["Head"] = CFrame.new(2.9802322387695312e-08, -8.344650268554688e-07, 2.2351741790771484e-08, 0.9851189851760864, 0.0708875060081482, -0.1565741002559662, -0.1023830696940422, 0.9737471342086792, -0.20330888032913208, 0.13805174827575684, 0.216313898563385, 0.9665144681930542),
            ["RightHand"] = CFrame.new(4.470348358154297e-08, 0.0000010132789611816406, -8.344650268554688e-07, 0.9443821310997009, 0.20403024554252625, 0.25790271162986755, -0.1614226996898651, 0.9708853960037231, -0.17698682844638824, -0.2865050733089447, 0.125512033700943, 0.9498220086097717),
            ["UpperTorso"] = CFrame.new(-2.9802322387695312e-08, -1.1920928955078125e-07, -1.862645149230957e-09, 0.9920161962509155, -0.08785899728536606, -0.09047019481658936, 0.1107674390077591, 0.94997638463974, 0.2920197546482086, 0.06028776615858078, -0.2997094392776489, 0.952123761177063),
            ["HumanoidRootPart"] = CFrame.new(0, 0, 0, 1, 0, 0, 0, 1, 0, 0, 0, 1),
            ["RightUpperLeg"] = CFrame.new(0, -1.555308699607849e-07, -3.149762051180005e-08, 0.8626236915588379, -0.42980921268463135, -0.26672878861427307, 0.22262081503868103, 0.7960541844367981, -0.5627945065498352, 0.45422497391700745, 0.426100492477417, 0.7823797464370728),
            ["LeftUpperArm"] = CFrame.new(-0.03710240125656128, -0.030647873878479004, -0.03432527184486389, 0.7946218252182007, -0.11502770334482193, -0.5961077809333801, -0.4561818242073059, 0.5347598791122437, -0.711287796497345, 0.400592565536499, 0.837138295173645, 0.3724583685398102),
            ["RightLowerArm"] = CFrame.new(3.8743019104003906e-07, 2.980232238769531e-07, -0.000003962777554988861, 1, -0.000008068976967479102, 0.000017747286619851366, 0.000018984075722983107, 0.20052114129066467, -0.9796894788742065, 0.0000043767495299107395, 0.9796894192695618, 0.2005210965871811),
            ["LeftHand"] = CFrame.new(-0.0000013578683137893677, -0.0000012516975402832031, 2.682209014892578e-07, 0.7354480624198914, 0.2997451424598694, -0.6076744198799133, -0.3870140612125397, 0.921973466873169, -0.01361169759184122, 0.5561800003051758, 0.24518930912017822, 0.7940695881843567),
            ["LeftFoot"] = CFrame.new(4.0978193283081055e-08, -1.1920928955078125e-07, 2.9802322387695312e-08, 0.9366362690925598, -0.1984279751777649, 0.28868478536605835, 0.3357824683189392, 0.7433739900588989, -0.5784851312637329, -0.09981322288513184, 0.6387655138969421, 0.7628998756408691),
            ["LowerTorso"] = CFrame.new(-0.038301561027765274, -0.3467963933944702, 0.38106822967529297, 0.9041918516159058, 0.031738150864839554, 0.42594581842422485, 0.06385777145624161, 0.975982666015625, -0.20827898383140564, -0.42232605814933777, 0.2155241221189499, 0.8804487586021423),
            ["RightLowerLeg"] = CFrame.new(-4.842877388000488e-08, -0.0007266998291015625, 0.00004595687641995028, 1, 1.583248945280502e-07, -2.2351745343485163e-08, -1.0430811414607888e-07, 0.5135188698768616, 0.8580782413482666, 1.0430811414607888e-07, -0.8580783605575562, 0.5135191082954407),
            ["LeftUpperLeg"] = CFrame.new(-5.960464477539063e-08, -1.9371509552001953e-07, -4.470348358154297e-08, 0.9579738974571228, 0.2851122319698334, -0.03157540783286095, -0.28018155694007874, 0.9063946008682251, -0.3161443769931793, -0.061516836285591125, 0.31170469522476196, 0.9481855630874634),
            ["LeftLowerLeg"] = CFrame.new(1.341104507446289e-07, -0.0007266402244567871, 0.00008101761341094971, 1, 5.960463766996327e-08, 5.960463766996327e-08, -5.960465188081798e-08, 0.3083600401878357, 0.9512696862220764, 8.195639367158947e-08, -0.9512697458267212, 0.30836015939712524),
        }},
        {Time = 0.200, Data = {
            ["RightFoot"] = CFrame.new(2.253800630569458e-07, 5.960464477539063e-08, 2.7772330213338137e-08, 0.9790031313896179, 0.18033598363399506, -0.09503640234470367, -0.19498662650585175, 0.9644034504890442, -0.1786235272884369, 0.05944123864173889, 0.1934036761522293, 0.9793170094490051),
            ["LeftLowerArm"] = CFrame.new(0.0000011920928955078125, -4.172325134277344e-07, 0.000004872679710388184, 1, 5.2154071283894154e-08, -5.2154071283894154e-08, -8.940696716308594e-08, -0.11804632842540741, -0.9930081367492676, -4.0978193283081055e-08, 0.9930081367492676, -0.11804626137018204),
            ["RightUpperArm"] = CFrame.new(-0.10652852058410645, 0.0757443904876709, -0.02931227535009384, 0.5350221395492554, -0.7535791397094727, 0.38192877173423767, 0.8414593935012817, 0.5157114863395691, -0.16120809316635132, -0.07548204064369202, 0.4076274037361145, 0.9100233316421509),
            ["Head"] = CFrame.new(-1.4901161193847656e-08, -7.152557373046875e-07, -7.450580596923828e-09, 0.9819887280464172, 0.06871666014194489, -0.1760006844997406, -0.10684938728809357, 0.9702276587486267, -0.21735133230686188, 0.1558251827955246, 0.2322419285774231, 0.9600949287414551),
            ["RightHand"] = CFrame.new(3.427267074584961e-07, 0.0000010728836059570312, -8.940696716308594e-07, 0.9636145830154419, 0.13035111129283905, 0.23335658013820648, -0.09890462458133698, 0.9849461913108826, -0.14177049696445465, -0.24832388758659363, 0.11353210359811783, 0.9620009660720825),
            ["UpperTorso"] = CFrame.new(1.6763806343078613e-08, 1.1920928955078125e-07, 8.381903171539307e-09, 0.9936215877532959, -0.08986251056194305, -0.06812366843223572, 0.10621534287929535, 0.9487172365188599, 0.2977480888366699, 0.037873558700084686, -0.3030845820903778, 0.9522107243537903),
            ["HumanoidRootPart"] = CFrame.new(0, 0, 0, 1, 0, 0, 0, 1, 0, 0, 0, 1),
            ["RightUpperLeg"] = CFrame.new(2.9802322387695312e-08, -2.9802322387695312e-08, 3.55576048605144e-08, 0.8618144989013672, -0.42646360397338867, -0.2745990753173828, 0.2206859588623047, 0.8027113676071167, -0.5540328025817871, 0.45669856667518616, 0.4168732166290283, 0.7859026789665222),
            ["LeftUpperArm"] = CFrame.new(-0.03903400897979736, -0.03366243839263916, -0.03284108638763428, 0.7922490835189819, -0.1303107738494873, -0.596121072769165, -0.44733449816703796, 0.5404022336006165, -0.7126412987709045, 0.4150100648403168, 0.8312548398971558, 0.36984071135520935),
            ["RightLowerArm"] = CFrame.new(2.384185791015625e-07, 4.172325134277344e-07, -0.0000039637088775634766, 1, -0.000009760260581970215, 0.000016830861568450928, 0.000018969176380778663, 0.2964717447757721, -0.9550416469573975, 0.0000043194736463192385, 0.9550416469573975, 0.2964717149734497),
            ["LeftHand"] = CFrame.new(-0.0000014137476682662964, -0.0000010132789611816406, 1.7136335372924805e-07, 0.7382281422615051, 0.2920287251472473, -0.6080607771873474, -0.3814469575881958, 0.9241904616355896, -0.019249049946665764, 0.5563428997993469, 0.2461530864238739, 0.7936571836471558),
            ["LeftFoot"] = CFrame.new(2.9802322387695312e-08, -1.1920928955078125e-07, -1.4901161193847656e-07, 0.935875654220581, -0.20132361352443695, 0.28914594650268555, 0.33861517906188965, 0.7406943440437317, -0.5802685618400574, -0.09734705090522766, 0.6409685015678406, 0.7613692283630371),
            ["LowerTorso"] = CFrame.new(-0.035175055265426636, -0.34949731826782227, 0.3799068331718445, 0.9024205207824707, 0.03066602349281311, 0.4297637939453125, 0.07012807577848434, 0.97370845079422, -0.2167348712682724, -0.42511093616485596, 0.2257244735956192, 0.8765439391136169),
            ["RightLowerLeg"] = CFrame.new(-7.450580596923828e-09, -0.0007264018058776855, 0.00004609471216099337, 1, 1.5273695908035734e-07, -7.450581485102248e-09, -9.313225746154785e-08, 0.5119119882583618, 0.8590378165245056, 1.043081283569336e-07, -0.8590378761291504, 0.5119121074676514),
            ["LeftUpperLeg"] = CFrame.new(5.960464477539063e-08, -1.341104507446289e-07, -2.2351741790771484e-08, 0.9559841752052307, 0.29047226905822754, -0.04147566109895706, -0.2885386645793915, 0.9049733281135559, -0.3126802146434784, -0.053290557116270065, 0.31088462471961975, 0.9489525556564331),
            ["LeftLowerLeg"] = CFrame.new(4.470348358154297e-08, -0.000726163387298584, 0.00008083879947662354, 1, 1.1920930376163597e-07, 5.960465188081798e-08, -4.470348358154297e-08, 0.2990016043186188, 0.9542527198791504, 9.685754776000977e-08, -0.9542526006698608, 0.2990013659000397),
        }},
        {Time = 0.233, Data = {
            ["RightFoot"] = CFrame.new(2.1979212760925293e-07, -1.1920928955078125e-07, 2.032174961641431e-08, 0.9795498251914978, 0.1776365041732788, -0.09448590129613876, -0.19198903441429138, 0.9656979441642761, -0.17483648657798767, 0.06018742918968201, 0.1894012689590454, 0.9800533652305603),
            ["LeftLowerArm"] = CFrame.new(0.0000011026859283447266, -8.344650268554688e-07, 0.000005505979061126709, 1, 5.587935447692871e-08, -5.21540641784668e-08, -5.21540641784668e-08, -0.11534545570611954, -0.9933254718780518, -5.960464477539063e-08, 0.9933255314826965, -0.11534537374973297),
            ["RightUpperArm"] = CFrame.new(-0.10891389846801758, 0.07806527614593506, -0.028357885777950287, 0.5428481101989746, -0.7572275996208191, 0.3632107973098755, 0.8374247550964355, 0.5207674503326416, -0.1658952385187149, -0.06352787464857101, 0.3942177891731262, 0.9168187975883484),
            ["Head"] = CFrame.new(-2.9802322387695312e-08, -9.5367431640625e-07, -7.450580596923828e-09, 0.9779254794120789, 0.06659658998250961, -0.1980573832988739, -0.11119786649942398, 0.968353807926178, -0.2234409749507904, 0.1769091635942459, 0.24053215980529785, 0.9543832540512085),
            ["RightHand"] = CFrame.new(5.811452865600586e-07, 0.0000012516975402832031, -6.854534149169922e-07, 0.9544047713279724, 0.1611504852771759, 0.25128012895584106, -0.11659211665391922, 0.9761410355567932, -0.1831805408000946, -0.27480483055114746, 0.14553116261959076, 0.9504227042198181),
            ["UpperTorso"] = CFrame.new(2.60770320892334e-08, 2.086162567138672e-07, -4.284083843231201e-08, 0.9949909448623657, -0.08983699232339859, -0.043845679610967636, 0.09888513386249542, 0.9488270878791809, 0.29991498589515686, 0.01465853862464428, -0.3027484118938446, 0.952957808971405),
            ["HumanoidRootPart"] = CFrame.new(0, 0, 0, 1, 0, 0, 0, 1, 0, 0, 0, 1),
            ["RightUpperLeg"] = CFrame.new(1.1920928955078125e-07, 8.381903171539307e-08, -1.6596459317952394e-08, 0.8610960245132446, -0.41808170080184937, -0.2893460988998413, 0.21414396166801453, 0.8143657445907593, -0.539398729801178, 0.46114638447761536, 0.40251225233078003, 0.7907766699790955),
            ["LeftUpperArm"] = CFrame.new(-0.04072928428649902, -0.036966562271118164, -0.032220929861068726, 0.7882518172264099, -0.14514976739883423, -0.5979888439178467, -0.437709778547287, 0.5507827401161194, -0.7106677889823914, 0.4325151741504669, 0.8219307065010071, 0.3706219494342804),
            ["RightLowerArm"] = CFrame.new(7.152557373046875e-07, 4.172325134277344e-07, -0.0000037997961044311523, 1, -0.000009275972843170166, 0.00001714379141048994, 0.00001901388168334961, 0.26846224069595337, -0.963290274143219, 0.000004366040229797363, 0.963290274143219, 0.2684624195098877),
            ["LeftHand"] = CFrame.new(-0.0000012218952178955078, -9.5367431640625e-07, 4.3213367462158203e-07, 0.7398497462272644, 0.28358516097068787, -0.6100828647613525, -0.3784594237804413, 0.9251663684844971, -0.028913350775837898, 0.5562290549278259, 0.2522830367088318, 0.7918099164962769),
            ["LeftFoot"] = CFrame.new(4.470348358154297e-08, -1.7881393432617188e-07, -2.9802322387695312e-08, 0.935287356376648, -0.20371177792549133, 0.2893770933151245, 0.34026405215263367, 0.7423713803291321, -0.5771525502204895, -0.09725271165370941, 0.6382682919502258, 0.7636464238166809),
            ["LowerTorso"] = CFrame.new(-0.031745992600917816, -0.34416377544403076, 0.37807080149650574, 0.9006183743476868, 0.02620740607380867, 0.4338199496269226, 0.0778278186917305, 0.972320020198822, -0.22031062841415405, -0.42758554220199585, 0.23217909038066864, 0.873649537563324),
            ["RightLowerLeg"] = CFrame.new(-4.842877388000488e-08, -0.0007262229919433594, 0.000046031382225919515, 1, 1.0244551873483942e-07, -1.1175872671742582e-08, -7.82310962677002e-08, 0.5260738134384155, 0.8504388928413391, 1.043081283569336e-07, -0.8504389524459839, 0.5260739922523499),
            ["LeftUpperLeg"] = CFrame.new(0, 2.7474015951156616e-07, -1.1920928955078125e-07, 0.9535786509513855, 0.29708415269851685, -0.04928392916917801, -0.29749584197998047, 0.9039273858070374, -0.30726465582847595, -0.0467342883348465, 0.3076625466346741, 0.9503471851348877),
            ["LeftLowerLeg"] = CFrame.new(1.1920928955078125e-07, -0.0007266402244567871, 0.00008095800876617432, 1, 8.940694584680386e-08, 1.043081283569336e-07, -7.450581307466564e-08, 0.30298659205436707, 0.9529948234558105, 9.685756197086448e-08, -0.9529948234558105, 0.30298662185668945),
        }},
        {Time = 0.267, Data = {
            ["RightFoot"] = CFrame.new(2.2910535335540771e-07, -5.960464477539063e-08, 1.287116901949048e-08, 0.9802555441856384, 0.17421317100524902, -0.09353558719158173, -0.18780995905399323, 0.9682823419570923, -0.16479268670082092, 0.06186005845665932, 0.17910602688789368, 0.9818831086158752),
            ["LeftLowerArm"] = CFrame.new(0.0000015497207641601562, -5.364418029785156e-07, 0.0000049620866775512695, 1, 1.862645326866641e-08, -7.078052277620372e-08, -5.960465898624534e-08, -0.1148543581366539, -0.9933823943138123, -5.215407838932151e-08, 0.9933823347091675, -0.11485445499420166),
            ["RightUpperArm"] = CFrame.new(-0.11065173149108887, 0.0796424150466919, -0.029486998915672302, 0.5469885468482971, -0.7514889240264893, 0.3688739538192749, 0.8347932696342468, 0.5226184725761414, -0.17317649722099304, -0.06264009326696396, 0.4026590883731842, 0.9132042527198792),
            ["Head"] = CFrame.new(0, -5.960464477539062e-07, -4.470348358154297e-08, 0.9737322926521301, 0.06788881868124008, -0.2173399180173874, -0.11522313952445984, 0.9701963067054749, -0.21317334473133087, 0.19639016687870026, 0.2326163500547409, 0.9525337219238281),
            ["RightHand"] = CFrame.new(4.172325134277344e-07, 0.0000012516975402832031, -7.450580596923828e-07, 0.9335585832595825, 0.2258397936820984, 0.27832451462745667, -0.15164150297641754, 0.9524667263031006, -0.2642195522785187, -0.324766606092453, 0.20445901155471802, 0.9234303832054138),
            ["UpperTorso"] = CFrame.new(-3.3527612686157227e-08, -2.9802322387695312e-08, 3.3527612686157227e-08, 0.9959790706634521, -0.0868852436542511, -0.02183392643928528, 0.0894329696893692, 0.9500226378440857, 0.29909661412239075, -0.0052442667074501514, -0.29984667897224426, 0.9539730548858643),
            ["HumanoidRootPart"] = CFrame.new(0, 0, 0, 1, 0, 0, 0, 1, 0, 0, 0, 1),
            ["RightUpperLeg"] = CFrame.new(0, -1.0663643479347229e-07, -2.7772330213338137e-08, 0.8602336049079895, -0.4048650860786438, -0.3099718391895294, 0.20307131111621857, 0.8296396732330322, -0.5200581550598145, 0.46771809458732605, 0.38442474603652954, 0.7959002256393433),
            ["LeftUpperArm"] = CFrame.new(-0.04190343618392944, -0.039789676666259766, -0.0333387553691864, 0.784252405166626, -0.1550300568342209, -0.6007612347602844, -0.4281917214393616, 0.5654798746109009, -0.7049002647399902, 0.4489990770816803, 0.8100606203079224, 0.3770962953567505),
            ["RightLowerArm"] = CFrame.new(1.7881393432617188e-07, 4.76837158203125e-07, -0.000003822147846221924, 1, -0.000008031724064494483, 0.000017732385458657518, 0.000019028781025554053, 0.19904868304729462, -0.9799896478652954, 0.000004393979452288477, 0.9799895882606506, 0.19904884696006775),
            ["LeftHand"] = CFrame.new(-0.0000014146789908409119, -8.940696716308594e-07, 2.682209014892578e-07, 0.7404728531837463, 0.27452167868614197, -0.6134633421897888, -0.37948930263519287, 0.9241246581077576, -0.044516246765851974, 0.554696261882782, 0.265765905380249, 0.7884675860404968),
            ["LeftFoot"] = CFrame.new(-3.725290298461914e-08, -1.1920928955078125e-07, 2.9802322387695312e-08, 0.9349402189254761, -0.2053629755973816, 0.28933194279670715, 0.34057673811912537, 0.7480645775794983, -0.5695673823356628, -0.09947094321250916, 0.6310511231422424, 0.7693374156951904),
