return {
    ["Ratatata"] = {
        {Time = 0.000, Data = {
            ["RightFoot"] = CFrame.new(1.3085082173347473e-07, -5.960464477539063e-08, 6.129994289949536e-08, 0.9559370279312134, 0.10515064001083374, -0.2740946114063263, -0.12980717420578003, 0.9888204336166382, -0.07337772846221924, 0.26331472396850586, 0.1057237908244133, 0.9588993787765503),
            ["LeftLowerArm"] = CFrame.new(0.0000012516975402832031, -3.5762786865234375e-07, 0.0000050067901611328125, 1, 8.021014963333073e-08, -6.519258732851085e-08, -7.869677887129001e-08, 0.5584061741828918, -0.8295677304267883, -6.565825572124595e-08, 0.8295676708221436, 0.5584061145782471),
            ["RightUpperArm"] = CFrame.new(-0.03688406944274902, -0.0002785921096801758, -0.004406675696372986, 0.8930473923683167, -0.12026096135377884, 0.43359410762786865, 0.18950636684894562, 0.974515974521637, -0.1200249046087265, -0.4081099331378937, 0.18935677409172058, 0.8930791020393372),
            ["Head"] = CFrame.new(3.725290298461914e-09, -8.344650268554688e-07, -7.450580596923828e-09, 0.8657461404800415, -0.002675943309441209, 0.5004763603210449, 0.13381357491016388, 0.9648181796073914, -0.22631825506687164, -0.4822629392147064, 0.26290464401245117, 0.8356455564498901),
            ["RightHand"] = CFrame.new(2.9802322387695312e-08, 0.0000010728836059570312, -0.0000011026859283447266, 0.5970969200134277, -0.3443930149078369, 0.7244777083396912, 0.7215508222579956, 0.6251922845840454, -0.29748883843421936, -0.3504848778247833, 0.7003771662712097, 0.6217978596687317),
            ["UpperTorso"] = CFrame.new(1.1175870895385742e-08, 3.5762786865234375e-07, -2.9802322387695312e-08, 0.9310033917427063, -0.16539627313613892, -0.32538720965385437, 0.18901307880878448, 0.9810706973075867, 0.042123112827539444, 0.3122606575489044, -0.10071910917758942, 0.944642186164856),
            ["HumanoidRootPart"] = CFrame.new(0, 0, 0, 1, 0, 0, 0, 1, 0, 0, 0, 1),
            ["RightUpperLeg"] = CFrame.new(8.940696716308594e-08, -8.754432201385498e-08, 1.3205863069742918e-08, 0.9935319423675537, -0.021951142698526382, 0.11141131073236465, 0.05660858005285263, 0.9462728500366211, -0.3183760941028595, -0.09843681752681732, 0.3226235806941986, 0.9413948059082031),
            ["LeftUpperArm"] = CFrame.new(0.02660691738128662, 0.06775915622711182, -0.0042825788259506226, 0.6876035928726196, 0.7151551246643066, -0.1255173683166504, 0.33516785502433777, -0.46597397327423096, -0.8188592791557312, -0.644099235534668, 0.5209811925888062, -0.5601025819778442),
            ["RightLowerArm"] = CFrame.new(5.662441253662109e-07, 2.980232238769531e-07, -0.000003897584974765778, 1, 6.705522537231445e-08, 0.000019468368918751366, 0.000019012946722796187, -0.22962281107902527, -0.9732797741889954, 0.000004433094545674976, 0.9732797145843506, -0.22962287068367004),
            ["LeftHand"] = CFrame.new(-0.0000012405216693878174, -5.960464477539062e-07, 3.0174851417541504e-07, 0.3296588361263275, 0.09280186891555786, -0.9395279288291931, -0.734318733215332, 0.6506751179695129, -0.19338522851467133, 0.5933811068534851, 0.7536642551422119, 0.28264713287353516),
            ["LeftFoot"] = CFrame.new(7.450580596923828e-08, 0, 0, 0.9680981636047363, 0.13980774581432343, -0.2079414278268814, -0.09130900353193283, 0.96964430809021, 0.22683177888393402, 0.23334215581417084, -0.20060831308364868, 0.9514766931533813),
            ["LowerTorso"] = CFrame.new(0.17881786823272705, -0.03814530372619629, 0.07259522378444672, 0.9102432131767273, 0.02761271595954895, -0.413152277469635, -0.0805702954530716, 0.9905143976211548, -0.11130953580141068, 0.4061596393585205, 0.13460654020309448, 0.90383380651474),
            ["RightLowerLeg"] = CFrame.new(-2.421438694000244e-07, -0.0007265210151672363, 0.000046090986870694906, 1, 9.126964783945368e-08, 5.820767512432212e-08, -2.8870999813079834e-08, 0.614290714263916, 0.7890797853469849, 7.776543498039246e-08, -0.7890799045562744, 0.6142907738685608),
            ["LeftUpperLeg"] = CFrame.new(-5.960464477539063e-08, 8.335337042808533e-08, -5.21540641784668e-08, 0.9946776032447815, 0.09916950762271881, -0.027962200343608856, -0.10071556270122528, 0.8785128593444824, -0.46698135137557983, -0.021745212376117706, 0.4673120975494385, 0.8838250041007996),
            ["LeftLowerLeg"] = CFrame.new(-1.4901161193847656e-08, -0.0007264614105224609, 0.00008083134889602661, 1, 8.940698137394065e-08, 1.192093321833454e-07, -8.940698137394065e-08, 0.06321671605110168, 0.9979998469352722, 1.4156104555240745e-07, -0.997999906539917, 0.06321696192026138),
        }},
        {Time = 0.033, Data = {
            ["RightFoot"] = CFrame.new(1.7415732145309448e-07, -5.960464477539063e-08, 1.6596459317952394e-08, 0.9653081297874451, 0.06336784362792969, -0.25330761075019836, -0.11320272833108902, 0.9757587313652039, -0.1872970163822174, 0.2352984994649887, 0.20947441458702087, 0.9490811824798584),
            ["LeftLowerArm"] = CFrame.new(0.000001519918441772461, -2.384185791015625e-07, 0.000005036592483520508, 1, 6.484334136303005e-08, -3.445894236620006e-08, -7.823110337312755e-08, 0.3269748389720917, -0.9450331926345825, -8.70786678319746e-08, 0.9450331330299377, 0.32697466015815735),
            ["RightUpperArm"] = CFrame.new(-0.04379987716674805, 0.007537126541137695, -0.0029205232858657837, 0.895530104637146, -0.14375926554203033, 0.42114022374153137, 0.19854800403118134, 0.9760398864746094, -0.08902190625667572, -0.39825206995010376, 0.16333824396133423, 0.9026162624359131),
            ["Head"] = CFrame.new(4.0978193283081055e-08, -7.152557373046875e-07, -7.450580596923828e-09, 0.8793753981590271, 0.022271575406193733, 0.4756079614162445, 0.09881886094808578, 0.9686173796653748, -0.22806903719902039, -0.465761661529541, 0.247557133436203, 0.8495773673057556),
            ["RightHand"] = CFrame.new(2.60770320892334e-07, 0.0000010132789611816406, -8.102506399154663e-07, 0.5913583040237427, -0.3338516056537628, 0.7340556979179382, 0.7320179343223572, 0.6041082739830017, -0.31496575474739075, -0.3382975459098816, 0.7235996723175049, 0.6016302108764648),
            ["UpperTorso"] = CFrame.new(3.725290298461914e-09, -8.940696716308594e-08, 5.960464477539063e-08, 0.9380344152450562, -0.18982242047786713, -0.28992927074432373, 0.2075282782316208, 0.9777282476425171, 0.031297195702791214, 0.2775309681892395, -0.08952632546424866, 0.9565362930297852),
            ["HumanoidRootPart"] = CFrame.new(0, 0, 0, 1, 0, 0, 0, 1, 0, 0, 0, 1),
            ["RightUpperLeg"] = CFrame.new(8.940696716308594e-08, -3.5390257835388184e-08, 1.3205863069742918e-08, 0.9957982897758484, -0.020513683557510376, 0.08924766629934311, 0.04989935830235481, 0.9387414455413818, -0.34099093079566956, -0.07678543776273727, 0.34401142597198486, 0.9358206391334534),
            ["LeftUpperArm"] = CFrame.new(0.018865466117858887, 0.06328296661376953, -0.0025398284196853638, 0.7116454243659973, 0.6948143243789673, -0.10389251261949539, 0.34611210227012634, -0.4754336476325989, -0.8088074922561646, -0.6113650798797607, 0.5396258234977722, -0.5788237452507019),
            ["RightLowerArm"] = CFrame.new(1.1920928955078125e-07, 2.980232238769531e-07, -0.000003844499588012695, 1, 1.1175869474300271e-07, 0.0000194944459508406, 0.000018988968804478645, -0.23078401386737823, -0.9730049967765808, 0.000004393979907035828, 0.9730050563812256, -0.23078405857086182),
            ["LeftHand"] = CFrame.new(-0.0000014510005712509155, -0.0000010728836059570312, 2.8312206268310547e-07, 0.3743813633918762, 0.07376614958047867, -0.9243360161781311, -0.7213236689567566, 0.6495689153671265, -0.24031740427017212, 0.5826926827430725, 0.7567157745361328, 0.29639607667922974),
            ["LeftFoot"] = CFrame.new(0, -5.960464477539063e-08, 7.450580596923828e-09, 0.9557629823684692, 0.13633020222187042, -0.2606361508369446, -0.06991564482450485, 0.9660022258758545, 0.24890121817588806, 0.2857080101966858, -0.21966782212257385, 0.9328006505966187),
            ["LowerTorso"] = CFrame.new(0.20270824432373047, -0.07384014129638672, 0.08068311214447021, 0.903079628944397, 0.03703087195754051, -0.4278737008571625, -0.08752208203077316, 0.991237223148346, -0.09893815964460373, 0.4204605519771576, 0.12679743766784668, 0.8984071016311646),
            ["RightLowerLeg"] = CFrame.new(-1.1362135410308838e-07, -0.0007262825965881348, 0.00004606490983860567, 1, 1.2852254371864547e-07, 9.313225746154785e-10, -9.313225746154785e-08, 0.5831788778305054, 0.8123436570167542, 5.960464477539063e-08, -0.8123437166213989, 0.5831789970397949),
            ["LeftUpperLeg"] = CFrame.new(-5.960464477539063e-08, 5.3085386753082275e-08, 7.450580596923828e-09, 0.9923632144927979, 0.09776412695646286, -0.07521573454141617, -0.1215624064207077, 0.8785591125488281, -0.4619051516056061, 0.020923634991049767, 0.4675212502479553, 0.8837342858314514),
            ["LeftLowerLeg"] = CFrame.new(-1.4901161193847656e-08, -0.0007264614105224609, 0.00008099526166915894, 1, 8.940698137394065e-08, 9.685753354915505e-08, -9.685754776000977e-08, -0.024115096777677536, 0.9997092485427856, 8.195638656616211e-08, -0.9997091889381409, -0.024115197360515594),
        }},
        {Time = 0.067, Data = {
            ["RightFoot"] = CFrame.new(1.601874828338623e-07, -1.1920928955078125e-07, 1.6952981241047382e-09, 0.9703599810600281, 0.01995791308581829, -0.24083907902240753, -0.10476157069206238, 0.9328142404556274, -0.34479326009750366, 0.2177763730287552, 0.3598044216632843, 0.9072564244270325),
            ["LeftLowerArm"] = CFrame.new(0.0000012516975402832031, 0, 0.000004798173904418945, 1, 1.0244547432591844e-08, -5.4948053218595305e-08, -7.543712854385376e-08, 0.1102398931980133, -0.9939051270484924, -1.0337680578231812e-07, 0.9939050674438477, 0.11023984104394913),
            ["RightUpperArm"] = CFrame.new(-0.04786670207977295, 0.009563326835632324, -0.0015781521797180176, 0.9025830626487732, -0.167911559343338, 0.3964211642742157, 0.20900093019008636, 0.9759166836738586, -0.06249208748340607, -0.3763807713985443, 0.13925671577453613, 0.915939450263977),
            ["Head"] = CFrame.new(1.4901161193847656e-08, -5.960464477539062e-07, -2.2351741790771484e-08, 0.8945404291152954, 0.03832709416747093, 0.4453411400318146, 0.0668259784579277, 0.9736523628234863, -0.21802623569965363, -0.44196370244026184, 0.22479340434074402, 0.8684099316596985),
            ["RightHand"] = CFrame.new(3.6135315895080566e-07, 0.0000010132789611816406, -0.000001341104507446289, 0.587827205657959, -0.32800644636154175, 0.7395067811012268, 0.7380961179733276, 0.5916574001312256, -0.3242776691913605, -0.33116966485977173, 0.7364464998245239, 0.5898929834365845),
            ["UpperTorso"] = CFrame.new(3.3527612686157227e-08, -3.5762786865234375e-07, 7.450580596923828e-09, 0.9420045018196106, -0.2042909413576126, -0.26625674962997437, 0.2169458121061325, 0.9760048985481262, 0.018684428185224533, 0.2560511529445648, -0.0753641277551651, 0.9637210965156555),
            ["HumanoidRootPart"] = CFrame.new(0, 0, 0, 1, 0, 0, 0, 1, 0, 0, 0, 1),
            ["RightUpperLeg"] = CFrame.new(0, -2.4028122425079346e-07, 2.8107024263590574e-08, 0.9981447458267212, -0.018180107697844505, 0.0581078939139843, 0.03737086057662964, 0.9363887906074524, -0.34896939992904663, -0.048067037016153336, 0.3504934012889862, 0.935330867767334),
            ["LeftUpperArm"] = CFrame.new(0.014491438865661621, 0.059983015060424805, -0.0009477585554122925, 0.7502217888832092, 0.6459482312202454, -0.14113304018974304, 0.26981306076049805, -0.4939633905887604, -0.8265599608421326, -0.6036292314529419, 0.5820232629776001, -0.5448671579360962),
            ["RightLowerArm"] = CFrame.new(-5.960464477539063e-08, 4.76837158203125e-07, -0.000003919005393981934, 1, 9.685756197086448e-08, 0.000019494449588819407, 0.00001901201903820038, -0.23126015067100525, -0.9728920459747314, 0.000004429370164871216, 0.9728919863700867, -0.23126018047332764),
            ["LeftHand"] = CFrame.new(-0.0000015674158930778503, -0.0000010728836059570312, 1.043081283569336e-07, 0.41459888219833374, 0.07071464508771896, -0.9072524309158325, -0.7084107398986816, 0.6508646011352539, -0.2730009853839874, 0.5711934566497803, 0.755893349647522, 0.31994307041168213),
            ["LeftFoot"] = CFrame.new(3.725290298461914e-08, -1.7881393432617188e-07, -1.955777406692505e-08, 0.943790853023529, 0.12256178259849548, -0.30698162317276, -0.045557111501693726, 0.9680856466293335, 0.2464440017938614, 0.32738882303237915, -0.21860651671886444, 0.9192538857460022),
            ["LowerTorso"] = CFrame.new(0.22589793801307678, -0.12429821491241455, 0.08966509997844696, 0.9045757055282593, 0.04619466885924339, -0.42380285263061523, -0.09008011221885681, 0.9923774003982544, -0.08409982174634933, 0.41668736934661865, 0.11425086110830307, 0.9018417596817017),
            ["RightLowerLeg"] = CFrame.new(1.862645149230957e-09, -0.0007263422012329102, 0.000046090986870694906, 1, 1.3783576946480025e-07, 9.313226634333205e-09, -5.5879368687783426e-08, 0.5630773305892944, 0.8264039158821106, 1.974404284510456e-07, -0.8264042139053345, 0.5630778074264526),
            ["LeftUpperLeg"] = CFrame.new(8.940696716308594e-08, -3.4458935260772705e-07, -5.960464477539063e-08, 0.98637855052948, 0.09388413280248642, -0.13506782054901123, -0.1469547152519226, 0.8718789219856262, -0.4671526253223419, 0.07390470057725906, 0.48063793778419495, 0.8737992644309998),
            ["LeftLowerLeg"] = CFrame.new(8.195638656616211e-08, -0.0007266402244567871, 0.00008106976747512817, 1, 6.705523247774181e-08, 8.3819010399111e-08, -6.70552182668871e-08, -0.10899671912193298, 0.994042158126831, 1.341104365337742e-07, -0.994042158126831, -0.10899678617715836),
        }},
        {Time = 0.100, Data = {
            ["RightFoot"] = CFrame.new(1.341104507446289e-07, -5.960464477539063e-08, -1.3205863069742918e-08, 0.9711890816688538, -0.013196395710110664, -0.2379448562860489, -0.10362428426742554, 0.875746488571167, -0.4715186059474945, 0.21460184454917908, 0.48259082436561584, 0.8491480350494385),
            ["LeftLowerArm"] = CFrame.new(0.000001430511474609375, 1.7881393432617188e-07, 0.000004336237907409668, 1, 4.3539319705132584e-08, -3.8649897504683395e-08, -8.335337042808533e-08, 0.05775604397058487, -0.9983307719230652, -5.005858838558197e-08, 0.9983307123184204, 0.057755857706069946),
            ["RightUpperArm"] = CFrame.new(-0.05001997947692871, 0.0064334869384765625, 0.000009372830390930176, 0.9111313223838806, -0.18255148828029633, 0.36947908997535706, 0.2166748344898224, 0.9748214483261108, -0.05267997086048126, -0.350559264421463, 0.12805519998073578, 0.9277446866035461),
            ["Head"] = CFrame.new(-3.725290298461914e-09, -7.152557373046875e-07, -1.4901161193847656e-08, 0.9083821773529053, 0.05089358985424042, 0.41503220796585083, 0.036597441881895065, 0.9790793061256409, -0.20016127824783325, -0.4165363311767578, 0.19701197743415833, 0.8875154852867126),
            ["RightHand"] = CFrame.new(2.868473529815674e-07, 0.0000011324882507324219, -0.0000012367963790893555, 0.585748553276062, -0.3255656957626343, 0.7422298192977905, 0.7413719296455383, 0.5852826833724976, -0.3283478617668152, -0.32751569151878357, 0.7425975799560547, 0.5841941237449646),
            ["UpperTorso"] = CFrame.new(4.470348358154297e-08, -2.9802322387695312e-08, 0, 0.9452570676803589, -0.21153026819229126, -0.2484835684299469, 0.21967890858650208, 0.9755584597587585, 0.005203118082135916, 0.24130970239639282, -0.05950487405061722, 0.9686222076416016),
            ["HumanoidRootPart"] = CFrame.new(0, 0, 0, 1, 0, 0, 0, 1, 0, 0, 0, 1),
            ["RightUpperLeg"] = CFrame.new(0, 1.3969838619232178e-07, 1.3205863069742918e-08, 0.9993324875831604, -0.008085398003458977, 0.035626351833343506, 0.020504234358668327, 0.9312496781349182, -0.3638046085834503, -0.03023539111018181, 0.36429187655448914, 0.930793821811676),
            ["LeftUpperArm"] = CFrame.new(0.012371361255645752, 0.05744636058807373, 0.0009429454803466797, 0.7837932705879211, 0.5758395195007324, -0.23254474997520447, 0.10208848863840103, -0.4888328015804291, -0.8663836121559143, -0.6125733256340027, 0.6553254723548889, -0.44193047285079956),
            ["RightLowerArm"] = CFrame.new(2.682209014892578e-07, 5.960464477539062e-07, -0.000003844499588012695, 1, 1.1175870895385742e-07, 0.000019501896531437524, 0.000018976630599354394, -0.23175597190856934, -0.9727740287780762, 0.000004409812845551642, 0.9727739691734314, -0.23175591230392456),
            ["LeftHand"] = CFrame.new(-0.0000013713724911212921, -0.0000011920928955078125, 2.7567148208618164e-07, 0.4271104633808136, 0.0719650387763977, -0.9013308882713318, -0.7042317986488342, 0.6517016887664795, -0.28167805075645447, 0.56712806224823, 0.7550536394119263, 0.32902905344963074),
            ["LeftFoot"] = CFrame.new(1.4901161193847656e-08, -1.7881393432617188e-07, -8.940696716308594e-08, 0.9349047541618347, 0.08803576231002808, -0.343806654214859, -0.02856104075908661, 0.9842662811279297, 0.17436808347702026, 0.35374778509140015, -0.1531982570886612, 0.9227094650268555),
            ["LowerTorso"] = CFrame.new(0.2464326024055481, -0.1767868995666504, 0.09651824831962585, 0.9093249440193176, 0.05223747715353966, -0.41279467940330505, -0.08835660666227341, 0.993704080581665, -0.06888723373413086, 0.40659716725349426, 0.09911401569843292, 0.9082154631614685),
            ["RightLowerLeg"] = CFrame.new(8.381903171539307e-08, -0.0007262229919433594, 0.000045990404032636434, 1, 1.3411049337719305e-07, 6.332997060098933e-08, -5.960465898624534e-08, 0.5357986688613892, 0.8443454504013062, 9.126963362859897e-08, -0.84434574842453, 0.5357992053031921),
            ["LeftUpperLeg"] = CFrame.new(0, 1.0710209608078003e-07, 1.4901161193847656e-08, 0.9757676720619202, 0.0911257266998291, -0.19893157482147217, -0.17725269496440887, 0.8622481226921082, -0.47445738315582275, 0.12829306721687317, 0.49822118878364563, 0.8575060367584229),
            ["LeftLowerLeg"] = CFrame.new(3.725290298461914e-08, -0.0007262825965881348, 0.0000810474157333374, 1, 5.960465188081798e-08, 8.195638656616211e-08, -8.195640788244418e-08, -0.19671037793159485, 0.9804616570472717, 1.7881397695873602e-07, -0.9804617166519165, -0.1967104822397232),
        }},
        {Time = 0.133, Data = {
            ["RightFoot"] = CFrame.new(1.2665987014770508e-07, -1.7881393432617188e-07, -1.3205863069742918e-08, 0.9718020558357239, -0.03438587486743927, -0.23327739536762238, -0.10217849165201187, 0.830191433429718, -0.5480343103408813, 0.21250970661640167, 0.556416928768158, 0.8032683730125427),
            ["LeftLowerArm"] = CFrame.new(0.0000012516975402832031, -5.364418029785156e-07, 0.00000502169132232666, 1, 5.6286800997895625e-08, -6.263144314289093e-08, -6.984919309616089e-08, 0.11866989731788635, -0.9929338097572327, -4.912726581096649e-08, 0.9929338097572327, 0.11866981536149979),
            ["RightUpperArm"] = CFrame.new(-0.049579620361328125, -0.003054499626159668, 0.0012286454439163208, 0.9189941883087158, -0.19029086828231812, 0.345310240983963, 0.22382181882858276, 0.9728071093559265, -0.05958283320069313, -0.32458212971687317, 0.13204418122768402, 0.9365953207015991),
            ["Head"] = CFrame.new(2.60770320892334e-08, -5.960464477539062e-07, -1.1175870895385742e-08, 0.9193293452262878, 0.05891162157058716, 0.38905400037765503, 0.012429202906787395, 0.9838880896568298, -0.17835316061973572, -0.3932926058769226, 0.1688007414340973, 0.9037849307060242),
            ["RightHand"] = CFrame.new(1.4528632164001465e-07, 0.0000010728836059570312, -6.388872861862183e-07, 0.5846458077430725, -0.32553139328956604, 0.7431136965751648, 0.7427230477333069, 0.5833046436309814, -0.3288135528564453, -0.32642287015914917, 0.7441673874855042, 0.5828067064285278),
            ["UpperTorso"] = CFrame.new(-6.705522537231445e-08, -2.9802322387695312e-08, 2.9802322387695312e-08, 0.9481856226921082, -0.21037988364696503, -0.23808492720127106, 0.21495075523853302, 0.9766005277633667, -0.0069044847041368484, 0.23396633565425873, -0.044629789888858795, 0.9712198972702026),
            ["HumanoidRootPart"] = CFrame.new(0, 0, 0, 1, 0, 0, 0, 1, 0, 0, 0, 1),
            ["RightUpperLeg"] = CFrame.new(-8.940696716308594e-08, -1.1734664440155029e-07, 5.75528247281909e-09, 0.9999405741691589, -0.00043996417662128806, 0.010901962406933308, 0.004567147232592106, 0.9243173599243164, -0.381597638130188, -0.009909055195748806, 0.3816244602203369, 0.9242643117904663),
            ["LeftUpperArm"] = CFrame.new(0.013234257698059082, 0.05508136749267578, 0.0025572478771209717, 0.7875048518180847, 0.5105821490287781, -0.34516963362693787, -0.10586715489625931, -0.4396665692329407, -0.8918999433517456, -0.607147753238678, 0.7389175295829773, -0.29218557476997375),
            ["RightLowerArm"] = CFrame.new(4.172325134277344e-07, 2.384185791015625e-07, -0.000003844499588012695, 1, 1.5646217832454568e-07, 0.000019501903807395138, 0.00001898966911539901, -0.23226994276046753, -0.9726514220237732, 0.000004447997071110876, 0.9726513624191284, -0.2322699874639511),
            ["LeftHand"] = CFrame.new(-0.0000012891832739114761, -0.0000013709068298339844, 3.5855919122695923e-07, 0.42201974987983704, 0.0724274069070816, -0.9036887288093567, -0.7053876519203186, 0.6524028182029724, -0.2771262228488922, 0.5694977045059204, 0.7544035911560059, 0.32641658186912537),
            ["LeftFoot"] = CFrame.new(3.725290298461914e-08, -5.960464477539063e-08, -1.862645149230957e-08, 0.923958957195282, 0.06124255806207657, -0.3775571584701538, -0.02548178844153881, 0.9947612881660461, 0.09899894148111343, 0.38164207339286804, -0.08185014873743057, 0.9206790924072266),
            ["LowerTorso"] = CFrame.new(0.26345109939575195, -0.21740388870239258, 0.09865972399711609, 0.9159168601036072, 0.05498906970024109, -0.39758333563804626, -0.083790622651577, 0.9949411153793335, -0.05542075261473656, 0.3925244212150574, 0.08407456427812576, 0.9158908724784851),
            ["RightLowerLeg"] = CFrame.new(-1.3783574104309082e-07, -0.0007260441780090332, 0.000046131965063977987, 1, 1.6391282997574308e-07, -2.235175244891252e-08, -7.4505820180093e-08, 0.5052798390388489, 0.8629555106163025, 1.0058285937475375e-07, -0.862955629825592, 0.505280077457428),
            ["LeftUpperLeg"] = CFrame.new(-8.940696716308594e-08, 2.2351741790771484e-08, 7.450580596923828e-09, 0.9639222025871277, 0.09906893968582153, -0.24706144630908966, -0.20957109332084656, 0.854710042476654, -0.474921852350235, 0.1641158163547516, 0.5095645785331726, 0.8446360230445862),
            ["LeftLowerLeg"] = CFrame.new(-6.705522537231445e-08, -0.0007263422012329102, 0.00008101016283035278, 1, 9.685756907629184e-08, 5.960462345910855e-08, -9.313224325069314e-08, -0.2561120092868805, 0.9666470885276794, 2.9802318834981634e-08, -0.9666471481323242, -0.2561119794845581),
        }},
        {Time = 0.167, Data = {
            ["RightFoot"] = CFrame.new(1.2665987014770508e-07, -5.960464477539063e-08, -1.3205863069742918e-08, 0.9720881581306458, -0.04178989306092262, -0.23086442053318024, -0.1007094457745552, 0.8144171237945557, -0.5714734196662903, 0.21190181374549866, 0.5787732601165771, 0.7874768972396851),
            ["LeftLowerArm"] = CFrame.new(0.0000012516975402832031, -2.384185791015625e-07, 0.00000502169132232666, 1, 9.3365073894347e-08, -6.367918103933334e-08, -7.264315371457997e-08, 0.23812364041805267, -0.9712348580360413, -8.055939559881153e-08, 0.971234917640686, 0.2381235510110855),
            ["RightUpperArm"] = CFrame.new(-0.04927694797515869, -0.012640714645385742, 0.0018403977155685425, 0.9219437837600708, -0.19085976481437683, 0.33703407645225525, 0.22762395441532135, 0.9710262417793274, -0.07277105748653412, -0.3133801221847534, 0.14380782842636108, 0.9386759400367737),
            ["Head"] = CFrame.new(-1.862645149230957e-08, -7.152557373046875e-07, -1.862645149230957e-08, 0.9240776300430298, 0.06840498745441437, 0.3760332763195038, -0.008260490372776985, 0.9871984124183655, -0.15928350389003754, -0.3821156620979309, 0.14408397674560547, 0.912813127040863),
            ["RightHand"] = CFrame.new(1.1175870895385742e-08, 0.0000011920928955078125, -7.348135113716125e-07, 0.5842997431755066, -0.32729533314704895, 0.7426109910011292, 0.7426618933677673, 0.58456951379776, -0.32669904828071594, -0.3271808326244354, 0.7423990368843079, 0.5846338272094727),
            ["UpperTorso"] = CFrame.new(-2.9802322387695312e-08, -2.682209014892578e-07, -1.4901161193847656e-08, 0.9464362263679504, -0.21310870349407196, -0.2425762116909027, 0.2151714563369751, 0.9764052629470825, -0.01827997714281082, 0.24074827134609222, -0.03489464521408081, 0.9699602127075195),
            ["HumanoidRootPart"] = CFrame.new(0, 0, 0, 1, 0, 0, 0, 1, 0, 0, 0, 1),
            ["RightUpperLeg"] = CFrame.new(5.960464477539063e-08, -5.234032869338989e-07, -3.149762051180005e-08, 0.9999400973320007, -0.002521417336538434, -0.010651499964296818, -0.0019771845545619726, 0.9154934287071228, -0.4023285508155823, 0.010765733197331429, 0.4023251235485077, 0.915433406829834),
            ["LeftUpperArm"] = CFrame.new(0.013912796974182129, 0.051160573959350586, 0.003389120101928711, 0.7476863265037537, 0.4824977219104767, -0.45624613761901855, -0.2994052767753601, -0.36831822991371155, -0.8801695108413696, -0.5927239060401917, 0.7946935296058655, -0.13092415034770966),
            ["RightLowerArm"] = CFrame.new(3.2782554626464844e-07, 7.152557373046875e-07, -0.0000037178397178649902, 1, 9.685754776000977e-08, 0.000019486995370243676, 0.000019013883502339013, -0.23280422389507294, -0.9725236296653748, 0.000004429370619618567, 0.9725236296653748, -0.23280422389507294),
            ["LeftHand"] = CFrame.new(-0.0000014398247003555298, -9.5367431640625e-07, 2.0273728296160698e-07, 0.40824204683303833, 0.07484719902276993, -0.9097999930381775, -0.7094842195510864, 0.6531512141227722, -0.2646239995956421, 0.5744307041168213, 0.7535193562507629, 0.31974712014198303),
            ["LeftFoot"] = CFrame.new(-8.195638656616211e-08, -1.7881393432617188e-07, -7.450580596923828e-09, 0.9153942465782166, 0.04601524770259857, -0.3999198377132416, -0.028353217989206314, 0.9983481168746948, 0.04997247830033302, 0.4015587568283081, -0.03440570831298828, 0.9151868224143982),
            ["LowerTorso"] = CFrame.new(0.2774370312690735, -0.24046874046325684, 0.09467281401157379, 0.9226422905921936, 0.06080532446503639, -0.38083329796791077, -0.08450407534837723, 0.9953699111938477, -0.045802854001522064, 0.3762848675251007, 0.07444160431623459, 0.9235087037086487),
            ["RightLowerLeg"] = CFrame.new(-7.078051567077637e-08, -0.0007264018058776855, 0.00004610588803188875, 1, 1.1920926112907182e-07, 3.3527619791584584e-08, -7.450580596923828e-08, 0.46608129143714905, 0.8847416639328003, 2.086162567138672e-07, -0.8847419023513794, 0.46608197689056396),
            ["LeftUpperLeg"] = CFrame.new(-5.960464477539063e-08, -2.4354085326194763e-07, -3.725290298461914e-09, 0.9564486742019653, 0.10478219389915466, -0.2724457085132599, -0.2274240255355835, 0.8525955677032471, -0.47048842906951904, 0.18298721313476562, 0.5119585990905762, 0.8392937183380127),
            ["LeftLowerLeg"] = CFrame.new(5.21540641784668e-08, -0.0007266402244567871, 0.00008099526166915894, 1, 5.215405707303944e-08, 9.685756197086448e-08, -1.1548401346317405e-07, -0.27344828844070435, 0.9618867039680481, 8.940698137394065e-08, -0.9618867039680481, -0.2734483778476715),
        }},
        {Time = 0.200, Data = {
            ["RightFoot"] = CFrame.new(1.5459954738616943e-07, 1.1920928955078125e-07, 1.6596459317952394e-08, 0.9729065299034119, -0.045618023723363876, -0.22665385901927948, -0.09934714436531067, 0.8027303218841553, -0.5880088210105896, 0.20876577496528625, 0.5945949554443359, 0.77644944190979),
            ["LeftLowerArm"] = CFrame.new(0.0000013709068298339844, -4.76837158203125e-07, 0.000004947185516357422, 1, 1.094303740956093e-07, -3.725290298461914e-08, -7.823110337312755e-08, 0.36157849431037903, -0.9323416948318481, -8.381903882082042e-08, 0.9323416352272034, 0.36157843470573425),
            ["RightUpperArm"] = CFrame.new(-0.05050396919250488, -0.016837120056152344, 0.0019037425518035889, 0.9255303144454956, -0.18432441353797913, 0.3307841122150421, 0.2252558171749115, 0.9701661467552185, -0.08965273946523666, -0.3043903410434723, 0.1574873924255371, 0.9394383430480957),
            ["Head"] = CFrame.new(4.284083843231201e-08, -4.76837158203125e-07, 3.3527612686157227e-08, 0.9283041954040527, 0.07802189886569977, 0.36354345083236694, -0.025835806503891945, 0.9889083504676819, -0.14626318216323853, -0.3709230422973633, 0.12638424336910248, 0.9200234413146973),
            ["RightHand"] = CFrame.new(1.0896474123001099e-07, 0.0000012516975402832031, -9.932555258274078e-07, 0.5846256613731384, -0.3305445909500122, 0.7409132719039917, 0.7413601875305176, 0.588603675365448, -0.3223838210105896, -0.3295421898365021, 0.7377575039863586, 0.5891658067703247),
            ["UpperTorso"] = CFrame.new(-1.1175870895385742e-08, 1.4901161193847656e-07, 4.470348358154297e-08, 0.9430456757545471, -0.22357769310474396, -0.2463286966085434, 0.22429095208644867, 0.9741876125335693, -0.02553526684641838, 0.24567940831184387, -0.03116842359304428, 0.9688498973846436),
            ["HumanoidRootPart"] = CFrame.new(0, 0, 0, 1, 0, 0, 0, 1, 0, 0, 0, 1),
            ["RightUpperLeg"] = CFrame.new(2.9802322387695312e-08, -3.91155481338501e-08, 5.790934665128589e-08, 0.9994838833808899, -0.013864528387784958, -0.02898007445037365, 0.0008961799321696162, 0.913762092590332, -0.40624886751174927, 0.032113492488861084, 0.40601304173469543, 0.9133028984069824),
            ["LeftUpperArm"] = CFrame.new(0.01259469985961914, 0.045641303062438965, 0.003362804651260376, 0.6866313219070435, 0.4974256157875061, -0.5301933288574219, -0.42819851636886597, -0.31265610456466675, -0.8478752374649048, -0.5875231027603149, 0.8092057108879089, -0.0016826061764732003),
            ["RightLowerArm"] = CFrame.new(1.1920928955078125e-07, 6.556510925292969e-07, -0.000003866851329803467, 1, 1.564621925354004e-07, 0.000019524251911207102, 0.000019027385860681534, -0.23335692286491394, -0.9723911881446838, 0.0000044424086809158325, 0.9723911881446838, -0.23335698246955872),
            ["LeftHand"] = CFrame.new(-0.0000011920928955078125, -0.0000013113021850585938, 1.862645149230957e-07, 0.3948672413825989, 0.0808723047375679, -0.91517174243927, -0.7138755917549133, 0.6540433764457703, -0.25021761655807495, 0.5783264636993408, 0.75212162733078, 0.3159933388233185),
            ["LeftFoot"] = CFrame.new(-7.450580596923828e-09, -1.1920928955078125e-07, -5.587935447692871e-08, 0.9245561361312866, 0.021762484684586525, -0.380423903465271, -0.025886747986078262, 0.9996485114097595, -0.005727276671677828, 0.38016554713249207, 0.015142878517508507, 0.9247945547103882),
            ["LowerTorso"] = CFrame.new(0.28885161876678467, -0.2520102262496948, 0.08606304228305817, 0.9283201694488525, 0.06961371749639511, -0.3652063012123108, -0.09118454158306122, 0.9949423670768738, -0.04213179647922516, 0.36042624711990356, 0.07241296768188477, 0.929972767829895),
            ["RightLowerLeg"] = CFrame.new(6.332993507385254e-08, -0.000726163387298584, 0.000046031382225919515, 1, 1.5646224937881925e-07, 3.352762334429826e-08, -4.470347292340193e-08, 0.4441189765930176, 0.8959679007530212, 2.0489092378284113e-07, -0.8959679007530212, 0.4441189467906952),
            ["LeftUpperLeg"] = CFrame.new(-5.960464477539063e-08, -1.0989606380462646e-07, -3.725290298461914e-09, 0.9646928906440735, 0.07270541787147522, -0.253143310546875, -0.19019734859466553, 0.8571712970733643, -0.4786257743835449, 0.18218842148780823, 0.5098738670349121, 0.8407352566719055),
            ["LeftLowerLeg"] = CFrame.new(-2.2351741790771484e-08, -0.0007266998291015625, 0.0000810772180557251, 1, 4.4703494239684005e-08, 8.568166975919667e-08, -9.685753354915505e-08, -0.22102613747119904, 0.9752678871154785, 2.9802318834981634e-08, -0.9752680063247681, -0.22102615237236023),
        }},
        {Time = 0.233, Data = {
            ["RightFoot"] = CFrame.new(2.4586915969848633e-07, 0, 3.149762051180005e-08, 0.9740721583366394, -0.0466240756213665, -0.22138121724128723, -0.09789367020130157, 0.795322597026825, -0.5982295274734497, 0.2039613574743271, 0.6043907403945923, 0.7701376080513),
            ["LeftLowerArm"] = CFrame.new(0.0000011324882507324219, -4.76837158203125e-07, 0.000004947185516357422, 1, 8.754432911928234e-08, -3.72529100900465e-08, -7.82310962677002e-08, 0.48119476437568665, -0.8766138553619385, -8.381903171539307e-08, 0.8766137957572937, 0.48119473457336426),
            ["RightUpperArm"] = CFrame.new(-0.05071765184402466, -0.018305063247680664, 0.0012201666831970215, 0.9376412630081177, -0.17994144558906555, 0.2974053621292114, 0.21940012276172638, 0.9699864983558655, -0.10483259707689285, -0.2696155607700348, 0.16354623436927795, 0.9489785432815552),
            ["Head"] = CFrame.new(-5.21540641784668e-08, -7.152557373046875e-07, 3.725290298461914e-09, 0.9424983859062195, 0.07848142832517624, 0.3248651623725891, -0.03632618114352226, 0.990334689617157, -0.13385723531246185, -0.33223068714141846, 0.11435909569263458, 0.9362398386001587),
            ["RightHand"] = CFrame.new(2.949964255094528e-07, 0.0000010132789611816406, -6.23287633061409e-07, 0.5855275392532349, -0.33477166295051575, 0.7382986545562744, 0.7391015291213989, 0.5945731401443481, -0.31656312942504883, -0.3329963684082031, 0.731033980846405, 0.5955694913864136),
            ["UpperTorso"] = CFrame.new(-1.862645149230957e-08, 2.9802322387695312e-08, 7.450580596923828e-09, 0.9472757577896118, -0.23468171060085297, -0.21815861761569977, 0.23589268326759338, 0.971555233001709, -0.02086048759520054, 0.21684888005256653, -0.0317014716565609, 0.9756903648376465),
            ["HumanoidRootPart"] = CFrame.new(0, 0, 0, 1, 0, 0, 0, 1, 0, 0, 0, 1),
            ["RightUpperLeg"] = CFrame.new(-5.960464477539063e-08, 1.6391277313232422e-07, 1.3205863069742918e-08, 0.9986735582351685, -0.02814757265150547, -0.04311566427350044, 0.008823862299323082, 0.9185250997543335, -0.3952644467353821, 0.05072877183556557, 0.39435961842536926, 0.9175549149513245),
            ["LeftUpperArm"] = CFrame.new(0.012241125106811523, 0.04207909107208252, 0.002555370330810547, 0.6583957076072693, 0.5129774808883667, -0.550789475440979, -0.47302064299583435, -0.2872079908847809, -0.8329243659973145, -0.5854626297950745, 0.8089287877082825, 0.05355236679315567),
            ["RightLowerArm"] = CFrame.new(1.1920928955078125e-07, 5.364418029785156e-07, -0.000003777444362640381, 1, 1.9371509552001953e-07, 0.00001953542414412368, 0.000018983495465363376, -0.23391146957874298, -0.9722579717636108, 0.0000044070179683330934, 0.9722579717636108, -0.23391151428222656),
            ["LeftHand"] = CFrame.new(-0.000001385807991027832, -0.0000011920928955078125, 3.129243850708008e-07, 0.3830389678478241, 0.09064224362373352, -0.9192741513252258, -0.7183555364608765, 0.6548725366592407, -0.23474960029125214, 0.5807291865348816, 0.7502838969230652, 0.3159554600715637),
            ["LeftFoot"] = CFrame.new(4.470348358154297e-08, -1.1920928955078125e-07, -4.6566128730773926e-08, 0.9519256949424744, -0.025075068697333336, -0.3053015172481537, -0.003419366665184498, 0.995712161064148, -0.0924423560500145, 0.30631008744239807, 0.08904226869344711, 0.9477580785751343),
            ["LowerTorso"] = CFrame.new(0.29783034324645996, -0.2557337284088135, 0.07492440938949585, 0.9322537183761597, 0.076823391020298, -0.3535550534725189, -0.0998455286026001, 0.9938773512840271, -0.0473146066069603, 0.347755491733551, 0.07941010594367981, 0.934216320514679),
            ["RightLowerLeg"] = CFrame.new(-7.450580596923828e-08, -0.0007265806198120117, 0.000046068635128904134, 1, 1.564621925354004e-07, 2.980233659855003e-08, -8.940696716308594e-08, 0.43529853224754333, 0.9002860188484192, 7.078051567077637e-08, -0.9002861976623535, 0.43529894948005676),
            ["LeftUpperLeg"] = CFrame.new(-8.940696716308594e-08, 1.126900315284729e-07, -2.9802322387695312e-08, 0.9813039302825928, 0.010722633451223373, -0.19216571748256683, -0.10595494508743286, 0.8636250495910645, -0.4928745925426483, 0.1606742888689041, 0.5040208101272583, 0.8486148118972778),
            ["LeftLowerLeg"] = CFrame.new(4.0978193283081055e-08, -0.0007267594337463379, 0.00008098036050796509, 1, 5.2154071283894154e-08, 8.195637946073475e-08, -6.705523247774181e-08, -0.09567847102880478, 0.9954123497009277, 1.4901162614933128e-07, -0.9954123497009277, -0.09567857533693314),
        }},
        {Time = 0.267, Data = {
            ["RightFoot"] = CFrame.new(4.470348358154297e-08, -1.1920928955078125e-07, 6.129994289949536e-08, 0.975745677947998, -0.04499203339219093, -0.21423377096652985, -0.09424058347940445, 0.7969833016395569, -0.5966039299964905, 0.1975831538438797, 0.6023232936859131, 0.7734130620956421),
            ["LeftLowerArm"] = CFrame.new(0.0000013709068298339844, -2.980232238769531e-07, 0.000004902482032775879, 1, 9.685756197086448e-08, -2.980232594040899e-08, -5.960465188081798e-08, 0.5901883244514465, -0.8072656989097595, -5.960465188081798e-08, 0.8072656989097595, 0.590188205242157),
            ["RightUpperArm"] = CFrame.new(-0.04968464374542236, -0.020162582397460938, 0.00016723573207855225, 0.9504761099815369, -0.17612585425376892, 0.25607603788375854, 0.21104837954044342, 0.970594048500061, -0.11578377336263657, -0.22815321385860443, 0.1640940010547638, 0.9596975445747375),
            ["Head"] = CFrame.new(-2.2351741790771484e-08, -5.960464477539062e-07, 2.9802322387695312e-08, 0.9573855400085449, 0.07477293908596039, 0.27896609902381897, -0.042283765971660614, 0.9917856454849243, -0.12072005867958069, -0.28570112586021423, 0.10377975553274155, 0.9526827931404114),
            ["RightHand"] = CFrame.new(-7.82310962677002e-08, 0.0000010132789611816406, -8.87550413608551e-07, 0.5868244171142578, -0.339478462934494, 0.7351127862930298, 0.7362310886383057, 0.6016070246696472, -0.30989205837249756, -0.33704766631126404, 0.7230652570724487, 0.6029726266860962),
            ["UpperTorso"] = CFrame.new(8.195638656616211e-08, -5.960464477539063e-08, -1.4901161193847656e-08, 0.9539880156517029, -0.24299480020999908, -0.1756720095872879, 0.24559196829795837, 0.9693470001220703, -0.007140626199543476, 0.1720220446586609, -0.03633155673742294, 0.9844229221343994),
            ["HumanoidRootPart"] = CFrame.new(0, 0, 0, 1, 0, 0, 0, 1, 0, 0, 0, 1),
            ["RightUpperLeg"] = CFrame.new(-2.9802322387695312e-08, -2.2910535335540771e-07, 2.0656443666666746e-08, 0.9977684617042542, -0.041258879005908966, -0.052495840936899185, 0.01896585151553154, 0.9289777278900146, -0.36964938044548035, 0.06401875615119934, 0.3678288161754608, 0.9276872277259827),
            ["LeftUpperArm"] = CFrame.new(0.013350129127502441, 0.041374802589416504, 0.0013781189918518066, 0.6534251570701599, 0.5174047946929932, -0.5525644421577454, -0.4740322530269623, -0.2894357144832611, -0.8315773010253906, -0.5901939868927002, 0.8053069114685059, 0.05614185333251953),
            ["RightLowerArm"] = CFrame.new(1.7881393432617188e-07, 8.344650268554688e-07, -0.0000039637088775634766, 1, 1.639127589214695e-07, 0.000019490720660542138, 0.000019017141312360764, -0.23448505997657776, -0.9721197485923767, 0.000004380941390991211, 0.9721196889877319, -0.23448500037193298),
            ["LeftHand"] = CFrame.new(-0.0000013709068298339844, -8.344650268554688e-07, 2.123415470123291e-07, 0.37408748269081116, 0.10376425087451935, -0.9215700030326843, -0.7225562930107117, 0.655542254447937, -0.21949225664138794, 0.5813526511192322, 0.7479954957962036, 0.3202059864997864),
