return {
    ["Ready For Love"] = {
        {Time = 0.000, Data = {
            ["RightFoot"] = CFrame.new(-8.940696716308594e-08, 2.384185791015625e-07, 1.6596459317952394e-08, 0.9394655227661133, 0.2520999014377594, -0.23205657303333282, -0.32064002752304077, 0.8856070041656494, -0.3359908163547516, 0.12080758064985275, 0.3900587558746338, 0.9128308296203613),
            ["LeftLowerArm"] = CFrame.new(-1.7881393432617188e-07, 3.5762786865234375e-07, 5.960464477539063e-08, 1, -7.450579886381092e-08, 1.4901159417490817e-08, 6.705522537231445e-08, 0.5456501841545105, -0.8380130529403687, 5.960464477539063e-08, 0.8380130529403687, 0.5456502437591553),
            ["RightUpperArm"] = CFrame.new(0, 1.1920928955078125e-07, 1.1920928955078125e-07, 0.886401355266571, -0.3104141354560852, 0.3434177339076996, 0.2100406438112259, 0.9307871460914612, 0.29919615387916565, -0.41252368688583374, -0.19307610392570496, 0.8902505040168762),
            ["Head"] = CFrame.new(1.4901161193847656e-08, -1.1920928955078125e-07, 1.2665987014770508e-07, 0.8166995644569397, 0.04412654787302017, 0.5753734111785889, 0.08065777271986008, 0.97855544090271, -0.1895349621772766, -0.5713983774185181, 0.20120149850845337, 0.7956268191337585),
            ["RightHand"] = CFrame.new(4.3213367462158203e-07, -4.172325134277344e-07, 6.612390279769897e-08, 0.9164935350418091, 0.2502462565898895, -0.31211626529693604, -0.30002981424331665, 0.9460314512252808, -0.1225011795759201, 0.26461634039878845, 0.2059159278869629, 0.9421130418777466),
            ["UpperTorso"] = CFrame.new(0, -5.960464477539063e-08, 5.960464477539063e-08, 0.9957150816917419, -0.030365318059921265, 0.08734681457281113, 0.009589121676981449, 0.9733630418777466, 0.2290688008069992, -0.09197581559419632, -0.22724974155426025, 0.9694834351539612),
            ["HumanoidRootPart"] = CFrame.new(0, 0, 0, 1, 0, 0, 0, 1, 0, 0, 0, 1),
            ["RightUpperLeg"] = CFrame.new(5.960464477539063e-08, 1.3550743460655212e-07, 1.4731631381437182e-07, 0.9837087392807007, -0.14769122004508972, 0.1024908721446991, 0.1778164505958557, 0.8832059502601624, -0.4339684844017029, -0.02642718143761158, 0.4451231360435486, 0.8950793743133545),
            ["LeftUpperArm"] = CFrame.new(0, -3.5762786865234375e-07, -8.940696716308594e-08, 0.9533032178878784, 0.2931833863258362, -0.0725015178322792, -0.28799140453338623, 0.9547579288482666, 0.07415124028921127, 0.09096124023199081, -0.04980891942977905, 0.9946081042289734),
            ["RightLowerArm"] = CFrame.new(-2.682209014892578e-07, 0, 5.960464477539063e-08, 1, -8.323693378997632e-08, 4.27244195577714e-08, 8.218921720981598e-08, 0.78850919008255, -0.6150230169296265, 5.960464477539063e-08, 0.6150230765342712, 0.78850919008255),
            ["LeftHand"] = CFrame.new(1.4901161193847656e-07, -4.172325134277344e-07, 0, 0.975520133972168, -0.043596405535936356, 0.21554559469223022, -0.014090104028582573, 0.9657469987869263, 0.25910285115242004, -0.21945838630199432, -0.2557971179485321, 0.9414913058280945),
            ["LeftFoot"] = CFrame.new(1.1548399925231934e-07, 5.960464477539063e-08, 1.862645149230957e-09, 0.9752573370933533, -0.2209067940711975, 0.008571882732212543, 0.21828623116016388, 0.956101655960083, -0.19550131261348724, 0.034991975873708725, 0.19253523647785187, 0.9806661009788513),
            ["LowerTorso"] = CFrame.new(-0.11051847040653229, -0.2144768238067627, 0.238034188747406, 0.7507940530776978, 0.020860889926552773, -0.6602069139480591, 0.06906075775623322, 0.9915441870689392, 0.10986693948507309, 0.6569162607192993, -0.12808182835578918, 0.7430047988891602),
            ["RightLowerLeg"] = CFrame.new(5.960464477539063e-08, -0.000060439109802246094, -0.0000721348260412924, 1, -1.0430811414607888e-07, -7.450580596923828e-08, 1.1175868053214799e-07, 0.711765468120575, 0.7024169564247131, -8.940694584680386e-08, -0.7024173140525818, 0.711765706539154),
            ["LeftUpperLeg"] = CFrame.new(8.940696716308594e-08, 8.288770914077759e-08, 9.685754776000977e-08, 0.7592488527297974, 0.5730876922607422, 0.3084019720554352, -0.20287498831748962, 0.6586869359016418, -0.7245504260063171, -0.6183712482452393, 0.48754703998565674, 0.6163724660873413),
            ["LeftLowerLeg"] = CFrame.new(-3.725290298461914e-09, 0.000060617923736572266, 0.00007203221321105957, 1, 4.842877388000488e-08, 2.980232594040899e-08, -6.705522537231445e-08, 0.6221684217453003, 0.7828835248947144, 2.9802322387695312e-08, -0.7828834652900696, 0.6221684217453003),
        }},
        {Time = 0.017, Data = {
            ["RightFoot"] = CFrame.new(-3.3527612686157227e-08, 4.172325134277344e-07, 1.6952981241047382e-09, 0.9392328858375549, 0.25795063376426697, -0.2265021800994873, -0.32229670882225037, 0.8897755742073059, -0.323147177696228, 0.11817990988492966, 0.3765116035938263, 0.9188432097434998),
            ["LeftLowerArm"] = CFrame.new(2.980232238769531e-07, 1.1920928955078125e-07, 1.1920928955078125e-07, 1, -7.450579886381092e-08, -4.8428766774577525e-08, 4.470348358154297e-08, 0.7612795829772949, -0.6484238505363464, -3.725290298461914e-08, 0.6484237909317017, 0.7612795233726501),
            ["RightUpperArm"] = CFrame.new(-5.960464477539063e-08, 3.5762786865234375e-07, 1.1920928955078125e-07, 0.8828126192092896, -0.31552159786224365, 0.34797704219818115, 0.21542316675186157, 0.9302675127983093, 0.2969771921634674, -0.4174145460128784, -0.18721279501914978, 0.8892225027084351),
            ["Head"] = CFrame.new(-3.725290298461914e-08, 0, 5.960464477539063e-08, 0.8197044730186462, 0.037200409919023514, 0.5715774297714233, 0.08016540855169296, 0.9806162714958191, -0.178787961602211, -0.5671491622924805, 0.1923741102218628, 0.8008334040641785),
            ["RightHand"] = CFrame.new(4.470348358154297e-07, -1.1920928955078125e-07, 6.332993507385254e-08, 0.9146958589553833, 0.2637484669685364, -0.30621635913848877, -0.3165966868400574, 0.9385711550712585, -0.13729819655418396, 0.251193642616272, 0.2225334495306015, 0.942008912563324),
            ["UpperTorso"] = CFrame.new(1.4901161193847656e-08, 1.1920928955078125e-07, 5.960464477539063e-08, 0.9958669543266296, -0.03260605409741402, 0.08476980775594711, 0.012240089476108551, 0.9730042219161987, 0.23046286404132843, -0.089995838701725, -0.22847282886505127, 0.9693818092346191),
            ["HumanoidRootPart"] = CFrame.new(0, 0, 0, 1, 0, 0, 0, 1, 0, 0, 0, 1),
            ["RightUpperLeg"] = CFrame.new(1.1920928955078125e-07, -1.0570511221885681e-07, 1.0261283023282886e-07, 0.9835065603256226, -0.1495608389377594, 0.10171771049499512, 0.17890779674053192, 0.8870798945426941, -0.42553648352622986, -0.026588160544633865, 0.4367159307003021, 0.8992063999176025),
            ["LeftUpperArm"] = CFrame.new(0, 0, 0, 0.9505072832107544, 0.2984095513820648, -0.08653174340724945, -0.2914729714393616, 0.9528573751449585, 0.08429986983537674, 0.10760834813117981, -0.054905958473682404, 0.9926761388778687),
            ["RightLowerArm"] = CFrame.new(-8.940696716308594e-08, 8.344650268554688e-07, 8.940696716308594e-08, 1, -8.847562327218839e-08, 6.868503987789154e-09, 7.636845111846924e-08, 0.8064311742782593, -0.5913280248641968, 5.21540641784668e-08, 0.5913280248641968, 0.806431233882904),
            ["LeftHand"] = CFrame.new(1.7881393432617188e-07, -1.1920928955078125e-07, 0, 0.9750626087188721, -0.057409562170505524, 0.21437612175941467, 0.06254588067531586, 0.9978930950164795, -0.017247993499040604, -0.21293441951274872, 0.03022632747888565, 0.9765989780426025),
            ["LeftFoot"] = CFrame.new(1.30385160446167e-07, -1.1920928955078125e-07, -2.9802322387695312e-08, 0.9744716286659241, -0.22394144535064697, 0.0159815214574337, 0.2223730832338333, 0.9529435634613037, -0.20603129267692566, 0.030909474939107895, 0.2043255716562271, 0.9784149527549744),
            ["LowerTorso"] = CFrame.new(-0.1047692522406578, -0.21239912509918213, 0.21882672607898712, 0.7532480359077454, 0.01679091528058052, -0.6575222611427307, 0.06419883668422699, 0.9930240511894226, 0.09890378266572952, 0.6545960307121277, -0.11671125888824463, 0.7469154000282288),
            ["RightLowerLeg"] = CFrame.new(-2.9802322387695312e-08, -0.00006026029586791992, -0.00007204541907412931, 1, -1.341104507446289e-07, 1.4901162970204496e-08, 1.2665985593685036e-07, 0.7029602527618408, 0.7112289071083069, -1.4901159417490817e-08, -0.711229145526886, 0.7029604315757751),
            ["LeftUpperLeg"] = CFrame.new(2.9802322387695312e-08, -2.7008354663848877e-08, 5.960464477539063e-08, 0.7662475109100342, 0.5622508525848389, 0.31102871894836426, -0.21031750738620758, 0.6768578290939331, -0.7054288983345032, -0.6071502566337585, 0.47511836886405945, 0.6368918418884277),
            ["LeftLowerLeg"] = CFrame.new(5.960464477539063e-08, 0.00006079673767089844, 0.00007199496030807495, 1, 8.102506399154663e-08, 3.3527612686157227e-08, -5.587935447692871e-08, 0.624345064163208, 0.7811486124992371, 4.0978193283081055e-08, -0.7811486721038818, 0.6243451833724976),
        }},
        {Time = 0.033, Data = {
            ["RightFoot"] = CFrame.new(-1.3783574104309082e-07, 3.5762786865234375e-07, 9.145878721028566e-09, 0.9388389587402344, 0.2665248513221741, -0.21805065870285034, -0.3248445689678192, 0.8955897688865662, -0.3039652407169342, 0.11426951736211777, 0.3562071919441223, 0.9273937344551086),
            ["LeftLowerArm"] = CFrame.new(1.1920928955078125e-07, 2.980232238769531e-07, -5.960464477539063e-08, 1, -5.960463766996327e-08, -8.568166975919667e-08, 6.705522537231445e-08, 0.7688890099525452, -0.6393823027610779, 0, 0.6393823027610779, 0.7688889503479004),
            ["RightUpperArm"] = CFrame.new(0, 3.5762786865234375e-07, 1.4901161193847656e-07, 0.8783575892448425, -0.32089656591415405, 0.35427841544151306, 0.2203553020954132, 0.9295406341552734, 0.2956312298774719, -0.42418336868286133, -0.1816028356552124, 0.8871803879737854),
            ["Head"] = CFrame.new(3.725290298461914e-08, 0, 8.195638656616211e-08, 0.8224509358406067, 0.030420932918787003, 0.5680220127105713, 0.07997004687786102, 0.9824682474136353, -0.16840706765651703, -0.5631868243217468, 0.18393132090568542, 0.8055992126464844),
            ["RightHand"] = CFrame.new(2.2351741790771484e-07, -1.7881393432617188e-07, 2.2351741790771484e-08, 0.9126765131950378, 0.2754877507686615, -0.3018744885921478, -0.3274439871311188, 0.9349170327186584, -0.1367863565683365, 0.2445446103811264, 0.22368893027305603, 0.9434836506843567),
            ["UpperTorso"] = CFrame.new(-1.4901161193847656e-08, -2.9802322387695312e-08, -1.4901161193847656e-08, 0.9960083365440369, -0.03426286205649376, 0.08242353796958923, 0.014267968013882637, 0.9726345539093018, 0.23190195858478546, -0.0881136804819107, -0.22980019450187683, 0.9692409634590149),
            ["HumanoidRootPart"] = CFrame.new(0, 0, 0, 1, 0, 0, 0, 1, 0, 0, 0, 1),
            ["RightUpperLeg"] = CFrame.new(0, 5.005858838558197e-08, 1.3205863069742918e-08, 0.9845370650291443, -0.14486753940582275, 0.09848941117525101, 0.17336267232894897, 0.886459231376648, -0.4291101098060608, -0.025142773985862732, 0.43954911828041077, 0.8978666067123413),
            ["LeftUpperArm"] = CFrame.new(0, 0, -2.9802322387695312e-08, 0.9474087357521057, 0.30357813835144043, -0.1012769341468811, -0.29449936747550964, 0.9508835077285767, 0.09534477442502975, 0.1252472698688507, -0.06050457805395126, 0.990278959274292),
            ["RightLowerArm"] = CFrame.new(-1.7881393432617188e-07, 8.344650268554688e-07, -2.980232238769531e-07, 1, -7.61355991585333e-08, 1.61817279575871e-08, 7.264316082000732e-08, 0.8138739466667175, -0.5810414552688599, 7.450580596923828e-09, 0.5810415148735046, 0.8138740062713623),
            ["LeftHand"] = CFrame.new(-5.960464477539063e-08, -5.960464477539063e-08, 5.960464477539063e-08, 0.9740384221076965, -0.07067927718162537, 0.2150667905807495, 0.0782044306397438, 0.9965805411338806, -0.026673298329114914, -0.2124461531639099, 0.04280010983347893, 0.976235032081604),
            ["LeftFoot"] = CFrame.new(5.960464477539063e-08, -2.980232238769531e-07, -4.842877388000488e-08, 0.9736118912696838, -0.22694042325019836, 0.024039682000875473, 0.22669920325279236, 0.9496836066246033, -0.21612153947353363, 0.026216590777039528, 0.2158682942390442, 0.9760704636573792),
            ["LowerTorso"] = CFrame.new(-0.09911424666643143, -0.21021664142608643, 0.1998199075460434, 0.755478024482727, 0.01257275976240635, -0.6550533771514893, 0.05966610461473465, 0.9943410158157349, 0.08789824694395065, 0.6524514555931091, -0.10548968613147736, 0.7504526376724243),
            ["RightLowerLeg"] = CFrame.new(-8.940696716308594e-08, -0.0000603795051574707, -0.00007201561675174162, 1, -1.2665985593685036e-07, -1.4901162970204496e-08, 1.341104365337742e-07, 0.686343252658844, 0.7272775173187256, -3.725289943190546e-08, -0.7272778153419495, 0.6863434910774231),
            ["LeftUpperLeg"] = CFrame.new(5.960464477539063e-08, 2.2351741790771484e-08, -1.4901161193847656e-08, 0.7732947468757629, 0.5513910055160522, 0.31302279233932495, -0.21774795651435852, 0.6946131587028503, -0.6856372356414795, -0.5954840183258057, 0.462039589881897, 0.6572049260139465),
            ["LeftLowerLeg"] = CFrame.new(5.960464477539063e-08, 0.000060617923736572266, 0.00007198750972747803, 1, 5.774199962615967e-08, 2.0489096641540527e-08, -4.842877388000488e-08, 0.6269426345825195, 0.7790654897689819, 1.4901161193847656e-08, -0.7790654897689819, 0.6269426345825195),
        }},
        {Time = 0.050, Data = {
            ["RightFoot"] = CFrame.new(-1.862645149230957e-07, 2.980232238769531e-07, -5.790934665128589e-08, 0.9391192197799683, 0.2719002962112427, -0.21006114780902863, -0.32483240962028503, 0.9018414616584778, -0.2848958671092987, 0.11197822540998459, 0.3357861042022705, 0.9352586269378662),
            ["LeftLowerArm"] = CFrame.new(-1.1920928955078125e-07, 2.384185791015625e-07, -5.960464477539063e-08, 1, -4.8428766774577525e-08, -3.352760558072987e-08, 5.960463766996327e-08, 0.7761133909225464, -0.6305932998657227, 0, 0.6305934190750122, 0.7761134505271912),
            ["RightUpperArm"] = CFrame.new(0, 2.384185791015625e-07, 1.1920928955078125e-07, 0.8731534481048584, -0.32617703080177307, 0.36223113536834717, 0.22451724112033844, 0.9287182092666626, 0.2950839400291443, -0.43266043066978455, -0.17632633447647095, 0.8841460347175598),
            ["Head"] = CFrame.new(0, 1.1920928955078125e-07, 3.725290298461914e-08, 0.8249906897544861, 0.023705877363681793, 0.5646487474441528, 0.07993882149457932, 0.9841795563697815, -0.1581151783466339, -0.5594640970230103, 0.17558099329471588, 0.8100441098213196),
            ["RightHand"] = CFrame.new(2.384185791015625e-07, -1.7881393432617188e-07, 2.2351741790771484e-08, 0.9104867577552795, 0.2855151891708374, -0.2991575300693512, -0.3370061218738556, 0.9315369725227356, -0.13662251830101013, 0.23966848850250244, 0.22521108388900757, 0.9443724155426025),
            ["UpperTorso"] = CFrame.new(-1.4901161193847656e-08, -5.960464477539063e-08, -2.2351741790771484e-08, 0.9961609244346619, -0.03496696427464485, 0.08025454729795456, 0.015307607129216194, 0.9722149968147278, 0.23358885943889618, -0.08619243651628494, -0.23146352171897888, 0.9690178632736206),
            ["HumanoidRootPart"] = CFrame.new(0, 0, 0, 1, 0, 0, 0, 1, 0, 0, 0, 1),
            ["RightUpperLeg"] = CFrame.new(0, -1.019798219203949e-07, -1.6596459317952394e-08, 0.9865092039108276, -0.1350686401128769, 0.09249918162822723, 0.1621289700269699, 0.8843353390693665, -0.43779608607292175, -0.02266777865588665, 0.44688647985458374, 0.8943033814430237),
            ["LeftUpperArm"] = CFrame.new(0, -1.1920928955078125e-07, -2.9802322387695312e-08, 0.9437451958656311, 0.3092522919178009, -0.11708249151706696, -0.29751327633857727, 0.9486402869224548, 0.10755225270986557, 0.14432966709136963, -0.06666842103004456, 0.987281322479248),
            ["RightLowerArm"] = CFrame.new(-1.7881393432617188e-07, 7.152557373046875e-07, 7.450580596923828e-08, 1, -7.590276140945207e-08, 9.313224857976365e-09, 6.705522537231445e-08, 0.8210620880126953, -0.5708389282226562, 4.470348358154297e-08, 0.5708388686180115, 0.8210620880126953),
            ["LeftHand"] = CFrame.new(2.9802322387695312e-08, -3.5762786865234375e-07, 2.9802322387695312e-08, 0.9726212024688721, -0.08068744838237762, 0.21793968975543976, 0.09028520435094833, 0.995320737361908, -0.03442846238613129, -0.21414156258106232, 0.05316261574625969, 0.975354790687561),
            ["LeftFoot"] = CFrame.new(1.9371509552001953e-07, -1.7881393432617188e-07, 9.313225746154785e-09, 0.9726957678794861, -0.22981159389019012, 0.03239801526069641, 0.2311093956232071, 0.9463470578193665, -0.22586658596992493, 0.021246979013085365, 0.227186918258667, 0.9736194610595703),
            ["LowerTorso"] = CFrame.new(-0.09315791726112366, -0.20799529552459717, 0.18112602829933167, 0.757668137550354, 0.007519078906625509, -0.6525968313217163, 0.056058600544929504, 0.9954882860183716, 0.07655409723520279, 0.6502281427383423, -0.09458625316619873, 0.7538281679153442),
            ["RightLowerLeg"] = CFrame.new(-1.1920928955078125e-07, -0.000060558319091796875, -0.00007198581442935392, 1, -1.1920927533992653e-07, 1.4901162970204496e-08, 1.1920928955078125e-07, 0.667414665222168, 0.74468594789505, -2.2351741790771484e-08, -0.7446863055229187, 0.6674149632453918),
            ["LeftUpperLeg"] = CFrame.new(2.9802322387695312e-08, -1.0547228157520294e-07, 7.450580596923828e-09, 0.7802186608314514, 0.5410349369049072, 0.3139110505580902, -0.2256985306739807, 0.7115467190742493, -0.6654032468795776, -0.5833687782287598, 0.4483107328414917, 0.6772727370262146),
            ["LeftLowerLeg"] = CFrame.new(8.568167686462402e-08, 0.000060677528381347656, 0.00007209926843643188, 1, 9.685754776000977e-08, 1.862645149230957e-08, -4.842877388000488e-08, 0.629680335521698, 0.7768543362617493, 2.2351741790771484e-08, -0.7768543362617493, 0.629680335521698),
        }},
        {Time = 0.067, Data = {
            ["RightFoot"] = CFrame.new(-1.0803341865539551e-07, 3.5762786865234375e-07, 6.129994289949536e-08, 0.9409158229827881, 0.2690190374851227, -0.20568536221981049, -0.3187934458255768, 0.9085436463356018, -0.2700349986553192, 0.11422938108444214, 0.31965160369873047, 0.9406245946884155),
            ["LeftLowerArm"] = CFrame.new(0, 1.7881393432617188e-07, -1.7881393432617188e-07, 1, -8.195636524988004e-08, -2.9802311729554276e-08, 3.725289943190546e-08, 0.783358633518219, -0.6215700507164001, 5.960463766996327e-08, 0.6215701103210449, 0.7833585143089294),
            ["RightUpperArm"] = CFrame.new(0, 2.384185791015625e-07, 1.1920928955078125e-07, 0.8669829964637756, -0.3319065570831299, 0.3717237710952759, 0.22833621501922607, 0.9275964498519897, 0.2956813871860504, -0.4429483413696289, -0.17147263884544373, 0.8799965977668762),
            ["Head"] = CFrame.new(-3.725290298461914e-08, 0, 8.195638656616211e-08, 0.827286958694458, 0.01698753423988819, 0.5615226626396179, 0.08011621981859207, 0.9857585430145264, -0.14785636961460114, -0.5560374855995178, 0.16730675101280212, 0.8141443133354187),
            ["RightHand"] = CFrame.new(2.384185791015625e-07, 0, -5.587935447692871e-08, 0.907964289188385, 0.2941790819168091, -0.2984287440776825, -0.34582385420799255, 0.9282201528549194, -0.13716134428977966, 0.23665747046470642, 0.2277415543794632, 0.9445248246192932),
            ["UpperTorso"] = CFrame.new(7.450580596923828e-09, 2.9802322387695312e-08, 1.1175870895385742e-08, 0.9963461756706238, -0.03430268540978432, 0.07821624726057053, 0.014943664893507957, 0.9716895222663879, 0.23578865826129913, -0.08409004658460617, -0.23375825583934784, 0.9686517119407654),
            ["HumanoidRootPart"] = CFrame.new(0, 0, 0, 1, 0, 0, 0, 1, 0, 0, 0, 1),
            ["RightUpperLeg"] = CFrame.new(5.960464477539063e-08, 1.2203236110508442e-07, 7.281050784513354e-08, 0.9892968535423279, -0.11999726295471191, 0.08302035182714462, 0.14458857476711273, 0.8827537298202515, -0.44703471660614014, -0.019643634557724, 0.45425379276275635, 0.8906556367874146),
            ["LeftUpperArm"] = CFrame.new(0, 0, 8.940696716308594e-08, 0.9397096633911133, 0.3147255480289459, -0.13376694917678833, -0.2997887432575226, 0.9463562369346619, 0.12056882679462433, 0.1645372360944748, -0.07319796085357666, 0.9836511611938477),
            ["RightLowerArm"] = CFrame.new(-1.4901161193847656e-07, 5.960464477539063e-08, -1.043081283569336e-07, 1, -9.965149416757413e-08, -6.984918199393064e-10, 7.078051567077637e-08, 0.8279615044593811, -0.5607849955558777, 1.4901161193847656e-08, 0.5607849955558777, 0.8279614448547363),
            ["LeftHand"] = CFrame.new(2.682209014892578e-07, -1.1920928955078125e-07, -1.1920928955078125e-07, 0.9710578918457031, -0.08552991598844528, 0.2230050265789032, 0.09693606942892075, 0.9944584965705872, -0.040692199021577835, -0.2182888239622116, 0.06113182008266449, 0.9739676713943481),
            ["LeftFoot"] = CFrame.new(9.685754776000977e-08, 1.1920928955078125e-07, 3.725290298461914e-08, 0.9716538190841675, -0.2328622192144394, 0.040793903172016144, 0.23584911227226257, 0.9429513216018677, -0.2349853515625, 0.016252562403678894, 0.23794566094875336, 0.971142590045929),
            ["LowerTorso"] = CFrame.new(-0.0866624265909195, -0.20556116104125977, 0.1627141237258911, 0.7599369287490845, 0.0013727457262575626, -0.6499953866004944, 0.05340355262160301, 0.9964851140975952, 0.06454085558652878, 0.6477993130683899, -0.08375903964042664, 0.7571924924850464),
            ["RightLowerLeg"] = CFrame.new(4.470348358154297e-08, -0.0000603795051574707, -0.00007204541907412931, 1, -1.341104507446289e-07, -4.4703494239684005e-08, 1.2665987014770508e-07, 0.6509695053100586, 0.7591037154197693, -6.705522537231445e-08, -0.7591039538383484, 0.6509698033332825),
            ["LeftUpperLeg"] = CFrame.new(5.960464477539063e-08, -6.111804395914078e-09, 0, 0.7868755459785461, 0.5315507650375366, 0.31349754333496094, -0.23467299342155457, 0.7275853157043457, -0.6446303129196167, -0.5707499384880066, 0.4336743950843811, 0.6972596645355225),
            ["LeftLowerLeg"] = CFrame.new(6.705522537231445e-08, 0.000060498714447021484, 0.00007206201553344727, 1, 4.470347647611561e-08, 3.725289943190546e-08, -2.9802322387695312e-08, 0.6326258182525635, 0.7744575142860413, 2.9802322387695312e-08, -0.774457573890686, 0.6326258778572083),
        }},
        {Time = 0.083, Data = {
            ["RightFoot"] = CFrame.new(-7.450580596923828e-09, 2.384185791015625e-07, -4.300818545743823e-08, 0.944189190864563, 0.25839853286743164, -0.20429690182209015, -0.3068893849849701, 0.9153915047645569, -0.2605322003364563, 0.11969035863876343, 0.3086884319782257, 0.9436025619506836),
            ["LeftLowerArm"] = CFrame.new(2.980232238769531e-07, 4.76837158203125e-07, -1.7881393432617188e-07, 1, -7.078050145992165e-08, -4.8428763221863846e-08, 2.2351738238057806e-08, 0.7908610105514526, -0.6119959354400635, 7.450579886381092e-08, 0.6119959354400635, 0.7908609509468079),
            ["RightUpperArm"] = CFrame.new(0, 3.5762786865234375e-07, 1.6391277313232422e-07, 0.8598747253417969, -0.33764299750328064, 0.3829004466533661, 0.23153726756572723, 0.9263994097709656, 0.29694217443466187, -0.4549793004989624, -0.1666773110628128, 0.8747643232345581),
            ["Head"] = CFrame.new(-7.450580596923828e-08, -1.1920928955078125e-07, 3.725290298461914e-08, 0.8294765949249268, 0.010178315453231335, 0.5584486722946167, 0.08027640730142593, 0.9872808456420898, -0.13723057508468628, -0.5527424812316895, 0.15865984559059143, 0.818109393119812),
            ["RightHand"] = CFrame.new(2.384185791015625e-07, -3.5762786865234375e-07, -1.0058283805847168e-07, 0.9050410985946655, 0.30161038041114807, -0.29988670349121094, -0.3539789319038391, 0.9250239729881287, -0.13794787228107452, 0.2357957810163498, 0.23100222647190094, 0.9439483284950256),
            ["UpperTorso"] = CFrame.new(7.450580596923828e-09, 2.086162567138672e-07, -2.9802322387695312e-08, 0.9965574145317078, -0.03216814994812012, 0.07641012221574783, 0.013072427362203598, 0.9710959792137146, 0.2383311539888382, -0.08186815679073334, -0.23651179671287537, 0.9681734442710876),
            ["HumanoidRootPart"] = CFrame.new(0, 0, 0, 1, 0, 0, 0, 1, 0, 0, 0, 1),
            ["RightUpperLeg"] = CFrame.new(5.960464477539063e-08, 1.6076955944299698e-07, 2.0656443666666746e-08, 0.9924641251564026, -0.1007196456193924, 0.06979013234376907, 0.12154433131217957, 0.8814772963523865, -0.45631662011146545, -0.015558353625237942, 0.4613603949546814, 0.8870763182640076),
            ["LeftUpperArm"] = CFrame.new(-1.1920928955078125e-07, 0, 2.9802322387695312e-08, 0.9351174235343933, 0.3203718066215515, -0.15138457715511322, -0.30169567465782166, 0.9439365267753601, 0.1340283304452896, 0.18583627045154572, -0.07966021448373795, 0.9793463349342346),
            ["RightLowerArm"] = CFrame.new(-2.682209014892578e-07, 5.364418029785156e-07, -1.4901161193847656e-08, 1, -6.96163482416523e-08, 9.546055501630235e-09, 4.842877388000488e-08, 0.8347711563110352, -0.550597071647644, 4.470348358154297e-08, 0.5505971908569336, 0.8347711563110352),
            ["LeftHand"] = CFrame.new(2.980232238769531e-07, -5.960464477539063e-08, 8.940696716308594e-08, 0.9701452851295471, -0.08170567452907562, 0.22834712266921997, 0.09422402828931808, 0.9945583343505859, -0.04444923251867294, -0.2234729379415512, 0.06463800370693207, 0.9725645780563354),
            ["LeftFoot"] = CFrame.new(1.4528632164001465e-07, -5.960464477539063e-08, -3.725290298461914e-08, 0.9704098701477051, -0.23637911677360535, 0.04929163679480553, 0.24118965864181519, 0.939173698425293, -0.24450023472309113, 0.01150132343173027, 0.24915409088134766, 0.9683955907821655),
            ["LowerTorso"] = CFrame.new(-0.07954717427492142, -0.20360374450683594, 0.14481468498706818, 0.7624167799949646, -0.005687969736754894, -0.647061288356781, 0.05186580866575241, 0.9972812533378601, 0.052345678210258484, 0.6450043320655823, -0.07346957921981812, 0.760638952255249),
            ["RightLowerLeg"] = CFrame.new(-1.1920928955078125e-07, -0.00006031990051269531, -0.00007204541907412931, 1, -7.450579886381092e-08, 7.450581485102248e-09, 1.341104365337742e-07, 0.6368038058280945, 0.7710257768630981, -7.450579886381092e-08, -0.7710259556770325, 0.6368040442466736),
            ["LeftUpperLeg"] = CFrame.new(5.960464477539063e-08, 1.955777406692505e-07, -7.450580596923828e-09, 0.7932882905006409, 0.5234069228172302, 0.3110290467739105, -0.24481742084026337, 0.7419507503509521, -0.6241583228111267, -0.557456910610199, 0.41899216175079346, 0.716719925403595),
            ["LeftLowerLeg"] = CFrame.new(8.195638656616211e-08, 0.000060677528381347656, 0.00007207691669464111, 1, 6.705522537231445e-08, 1.862645326866641e-08, -5.21540641784668e-08, 0.6344116926193237, 0.7729954123497009, 2.9802322387695312e-08, -0.7729954123497009, 0.634411633014679),
        }},
        {Time = 0.100, Data = {
            ["RightFoot"] = CFrame.new(-7.450580596923828e-08, 2.384185791015625e-07, 5.3849362302571535e-08, 0.9491750597953796, 0.23828959465026855, -0.20563329756259918, -0.2876412868499756, 0.9219566583633423, -0.2593420445919037, 0.12778624892234802, 0.3053097724914551, 0.9436401128768921),
            ["LeftLowerArm"] = CFrame.new(1.1920928955078125e-07, 4.172325134277344e-07, -5.960464477539063e-08, 1, -6.70552182668871e-08, 1.862644971595273e-08, 4.470347647611561e-08, 0.7985631227493286, -0.6019110679626465, 9.685753354915505e-08, 0.6019110679626465, 0.7985631823539734),
            ["RightUpperArm"] = CFrame.new(0, 4.76837158203125e-07, 1.4901161193847656e-07, 0.8516440391540527, -0.3433839976787567, 0.3959667980670929, 0.23340348899364471, 0.9249163269996643, 0.30008792877197266, -0.4692816436290741, -0.16314800083637238, 0.8678465485572815),
            ["Head"] = CFrame.new(-4.470348358154297e-08, 1.1920928955078125e-07, 1.043081283569336e-07, 0.8315680623054504, 0.003175507765263319, 0.5554137229919434, 0.08031080663204193, 0.9887874722480774, -0.12589478492736816, -0.5495860576629639, 0.1492958813905716, 0.8219891786575317),
            ["RightHand"] = CFrame.new(1.4156103134155273e-07, 5.960464477539063e-08, -1.1175870895385742e-08, 0.901685893535614, 0.3075106739997864, -0.3039734661579132, -0.3614314794540405, 0.9219051599502563, -0.13949257135391235, 0.23733918368816376, 0.23564420640468597, 0.9424129724502563),
            ["UpperTorso"] = CFrame.new(-1.4901161193847656e-08, -8.940696716308594e-08, 0, 0.9967924952507019, -0.02828449383378029, 0.07486530393362045, 0.00941678136587143, 0.9704176783561707, 0.24124868214130402, -0.07947424054145813, -0.23976987600326538, 0.9675713181495667),
            ["HumanoidRootPart"] = CFrame.new(0, 0, 0, 1, 0, 0, 0, 1, 0, 0, 0, 1),
            ["RightUpperLeg"] = CFrame.new(5.960464477539063e-08, -5.448237061500549e-08, 1.0261283023282886e-07, 0.995603084564209, -0.07793881744146347, 0.05196264013648033, 0.09316705912351608, 0.881461501121521, -0.4629748463630676, -0.009719422087073326, 0.46578022837638855, 0.8848470449447632),
            ["LeftUpperArm"] = CFrame.new(0, -1.1920928955078125e-07, 1.4901161193847656e-07, 0.9300445318222046, 0.3262436091899872, -0.16906306147575378, -0.30322182178497314, 0.941299319267273, 0.1483653038740158, 0.2075420767068863, -0.08672278374433517, 0.9743744134902954),
            ["RightLowerArm"] = CFrame.new(-4.470348358154297e-07, 5.364418029785156e-07, 8.940696716308594e-08, 1, -8.475033297372647e-08, 1.6763802790364934e-08, 6.332993507385254e-08, 0.8411243557929993, -0.5408418774604797, 2.2351741790771484e-08, 0.5408419370651245, 0.8411243557929993),
            ["LeftHand"] = CFrame.new(3.2782554626464844e-07, 1.7881393432617188e-07, -1.4901161193847656e-08, 0.9703783988952637, -0.06540512293577194, 0.23256799578666687, 0.07805737853050232, 0.9959049820899963, -0.045611973851919174, -0.22863265872001648, 0.062414638698101044, 0.9715100526809692),
            ["LeftFoot"] = CFrame.new(1.825392246246338e-07, 0, -7.450580596923828e-09, 0.9689567685127258, -0.24040032923221588, 0.05771162733435631, 0.247125044465065, 0.9349668622016907, -0.254491925239563, 0.00722148921340704, 0.26085373759269714, 0.965351402759552),
            ["LowerTorso"] = CFrame.new(-0.07137846201658249, -0.20268619060516357, 0.12740883231163025, 0.7651820778846741, -0.014591938816010952, -0.6436485052108765, 0.05189330875873566, 0.9978881478309631, 0.03906900808215141, 0.6417191624641418, -0.06329595297574997, 0.764323353767395),
            ["RightLowerLeg"] = CFrame.new(-1.1920928955078125e-07, -0.00006031990051269531, -0.00007203051791293547, 1, -1.0430811414607888e-07, -6.33299421792799e-08, 1.341104365337742e-07, 0.6275563836097717, 0.7785709500312805, -1.4901159417490817e-08, -0.7785711288452148, 0.6275566220283508),
            ["LeftUpperLeg"] = CFrame.new(2.9802322387695312e-08, 1.5832483768463135e-08, 3.725290298461914e-08, 0.7993473410606384, 0.517287015914917, 0.30570879578590393, -0.25670695304870605, 0.7540072202682495, -0.6046278476715088, -0.5432727336883545, 0.40483006834983826, 0.7355048656463623),
            ["LeftLowerLeg"] = CFrame.new(1.2665987014770508e-07, 0.000060498714447021484, 0.00007200241088867188, 1, 9.499490261077881e-08, 4.0978196835794733e-08, -5.2154071283894154e-08, 0.6338819861412048, 0.7734298706054688, 2.980232594040899e-08, -0.7734297513961792, 0.6338819861412048),
        }},
        {Time = 0.117, Data = {
            ["RightFoot"] = CFrame.new(-1.0244548320770264e-07, 2.384185791015625e-07, -5.045876605436206e-08, 0.9549391269683838, 0.20954832434654236, -0.21019265055656433, -0.2620052099227905, 0.9278870820999146, -0.26528987288475037, 0.1394437551498413, 0.3084075450897217, 0.940978467464447),
            ["LeftLowerArm"] = CFrame.new(0, -5.960464477539063e-08, -1.7881393432617188e-07, 1, -7.078051567077637e-08, -3.725289943190546e-08, 7.450579886381092e-08, 0.8077019453048706, -0.5895910263061523, 3.725289943190546e-08, 0.5895911455154419, 0.8077018857002258),
            ["RightUpperArm"] = CFrame.new(0, -1.1920928955078125e-07, 1.6391277313232422e-07, 0.8421201705932617, -0.35000863671302795, 0.4102773368358612, 0.23535190522670746, 0.9230246543884277, 0.304360032081604, -0.48522478342056274, -0.15974824130535126, 0.8596729040145874),
            ["Head"] = CFrame.new(-2.2351741790771484e-08, -2.384185791015625e-07, 4.470348358154297e-08, 0.8339123725891113, -0.0040200199000537395, 0.5518822073936462, 0.07995185256004333, 0.9903048276901245, -0.11359623819589615, -0.5460749864578247, 0.13885335624217987, 0.8261489868164062),
            ["RightHand"] = CFrame.new(2.682209014892578e-07, -2.980232238769531e-07, 1.4901161193847656e-08, 0.8974345326423645, 0.3130117356777191, -0.3108617663383484, -0.36982160806655884, 0.9179829359054565, -0.14331524074077606, 0.24050644040107727, 0.24357962608337402, 0.9395881295204163),
            ["UpperTorso"] = CFrame.new(1.4901161193847656e-08, 8.940696716308594e-08, 1.1175870895385742e-08, 0.9970160126686096, -0.022765565663576126, 0.07376158982515335, 0.0040757968090474606, 0.9697166085243225, 0.24419911205768585, -0.07708714157342911, -0.24316978454589844, 0.9669157266616821),
            ["HumanoidRootPart"] = CFrame.new(0, 0, 0, 1, 0, 0, 0, 1, 0, 0, 0, 1),
            ["RightUpperLeg"] = CFrame.new(1.1920928955078125e-07, -2.8870999813079834e-08, 9.888753993436694e-08, 0.9981451034545898, -0.05273193493485451, 0.03042442351579666, 0.06084255129098892, 0.8814342617988586, -0.4683716297149658, -0.0021189257968217134, 0.46935373544692993, 0.8830075860023499),
            ["LeftUpperArm"] = CFrame.new(0, -2.384185791015625e-07, -2.9802322387695312e-08, 0.924822211265564, 0.3312087655067444, -0.18709522485733032, -0.3036598861217499, 0.9390246272087097, 0.16131819784641266, 0.2291170060634613, -0.0923774465918541, 0.9690056443214417),
            ["RightLowerArm"] = CFrame.new(-1.1920928955078125e-07, 2.980232238769531e-07, -3.2782554626464844e-07, 1, -6.309709732477131e-08, 0, 6.332993507385254e-08, 0.848635733127594, -0.528977632522583, 3.725290298461914e-08, 0.5289776921272278, 0.848635733127594),
            ["LeftHand"] = CFrame.new(2.9802322387695312e-08, -1.1920928955078125e-07, 0, 0.9720540046691895, -0.03534674271941185, 0.2320811152458191, 0.04689353331923485, 0.9979116320610046, -0.044424254447221756, -0.23002642393112183, 0.05406598374247551, 0.971681535243988),
            ["LeftFoot"] = CFrame.new(5.960464477539063e-08, 5.960464477539063e-08, -4.470348358154297e-08, 0.9673129320144653, -0.24488724768161774, 0.06584852933883667, 0.2535577416419983, 0.9301603436470032, -0.2655377686023712, 0.0037771123461425304, 0.2735545039176941, 0.9618490934371948),
            ["LowerTorso"] = CFrame.new(-0.06255371868610382, -0.20330309867858887, 0.11065581440925598, 0.768444836139679, -0.023901542648673058, -0.639469563961029, 0.052578382194042206, 0.9982816576957703, 0.02587006613612175, 0.6377524137496948, -0.05350198969244957, 0.7683811187744141),
            ["RightLowerLeg"] = CFrame.new(-6.705522537231445e-08, -0.000060439109802246094, -0.00007200071559054777, 1, -1.4901159772762185e-07, -1.4901162970204496e-08, 1.7136333951839333e-07, 0.6196064352989197, 0.7849124670028687, -1.1548398504146462e-07, -0.784912645816803, 0.6196067929267883),
            ["LeftUpperLeg"] = CFrame.new(0, -3.632158041000366e-08, 1.862645149230957e-08, 0.805100679397583, 0.5131673812866211, 0.2974427342414856, -0.2698129415512085, 0.7634400725364685, -0.5868222117424011, -0.5282176733016968, 0.39219701290130615, 0.7531053423881531),
            ["LeftLowerLeg"] = CFrame.new(3.725290298461914e-08, 0.000060617923736572266, 0.0000721663236618042, 1, 5.029141192380848e-08, 2.2351738238057806e-08, -5.960464477539063e-08, 0.6301844716072083, 0.7764454483985901, 3.725290298461914e-08, -0.7764454483985901, 0.6301844716072083),
        }},
        {Time = 0.133, Data = {
            ["RightFoot"] = CFrame.new(-1.2479722499847412e-07, 2.980232238769531e-07, 9.145878721028566e-09, 0.9606015682220459, 0.17132671177387238, -0.21884235739707947, -0.22988289594650269, 0.9323174953460693, -0.2791735827922821, 0.15620057284832, 0.3184829354286194, 0.9349707365036011),
            ["LeftLowerArm"] = CFrame.new(-1.1920928955078125e-07, 5.364418029785156e-07, 5.960464477539063e-08, 1, -2.2351738238057806e-08, -3.725289943190546e-08, 3.725289943190546e-08, 0.8171141147613525, -0.576475977897644, 1.1175869474300271e-07, 0.5764760375022888, 0.8171141147613525),
            ["RightUpperArm"] = CFrame.new(0, 2.384185791015625e-07, 1.7881393432617188e-07, 0.8315655589103699, -0.35590124130249023, 0.4264187514781952, 0.23509852588176727, 0.9211055636405945, 0.31031182408332825, -0.5032170414924622, -0.15779417753219604, 0.8496314883232117),
            ["Head"] = CFrame.new(1.4901161193847656e-08, 1.1920928955078125e-07, 6.705522537231445e-08, 0.8366967439651489, -0.011434313841164112, 0.5475470423698425, 0.07892805337905884, 0.9918624758720398, -0.09989552944898605, -0.5419491529464722, 0.12679915130138397, 0.8307907581329346),
            ["RightHand"] = CFrame.new(1.955777406692505e-07, -1.1920928955078125e-07, 3.725290298461914e-09, 0.8933262228965759, 0.3159645199775696, -0.3195854723453522, -0.3757506012916565, 0.9152340292930603, -0.14545856416225433, 0.24653570353984833, 0.25002649426460266, 0.9363263249397278),
            ["UpperTorso"] = CFrame.new(7.450580596923828e-09, -2.9802322387695312e-08, 5.587935447692871e-09, 0.9971957206726074, -0.015843942761421204, 0.07314164936542511, -0.0027115438133478165, 0.9690417051315308, 0.24688208103179932, -0.07478896528482437, -0.2463880479335785, 0.9662812948226929),
            ["HumanoidRootPart"] = CFrame.new(0, 0, 0, 1, 0, 0, 0, 1, 0, 0, 0, 1),
            ["RightUpperLeg"] = CFrame.new(1.1920928955078125e-07, 1.5739351511001587e-07, 4.85961209051311e-08, 0.9996377825737, -0.026418620720505714, 0.005146810319274664, 0.02570771798491478, 0.8805318474769592, -0.4732896089553833, 0.007971696555614471, 0.4732503294944763, 0.8808919191360474),
            ["LeftUpperArm"] = CFrame.new(0, 1.1920928955078125e-07, 2.9802322387695312e-08, 0.9189761281013489, 0.33720123767852783, -0.20439746975898743, -0.3049180209636688, 0.9363762736320496, 0.1738518625497818, 0.2500160038471222, -0.09744127839803696, 0.9633261561393738),
            ["RightLowerArm"] = CFrame.new(-2.384185791015625e-07, 5.960464477539063e-08, -8.940696716308594e-08, 1, -6.216576764472848e-08, -1.8626449271863521e-09, 6.984920020158825e-08, 0.8547741770744324, -0.5190001726150513, 3.3527616238870905e-08, 0.5190001726150513, 0.8547741174697876),
            ["LeftHand"] = CFrame.new(-1.7881393432617188e-07, -5.960464477539063e-08, -2.3096799850463867e-07, 0.9743728041648865, 0.011033013463020325, 0.22466839849948883, -0.002396386582404375, 0.9992489218711853, -0.03867825120687485, -0.2249266356229782, 0.037148699164390564, 0.9736673831939697),
            ["LeftFoot"] = CFrame.new(1.4528632164001465e-07, 5.960464477539063e-08, 0, 0.9654639363288879, -0.24996839463710785, 0.07345281541347504, 0.2605316936969757, 0.9244873523712158, -0.2782919108867645, 0.001658018329180777, 0.2878175973892212, 0.9576838612556458),
            ["LowerTorso"] = CFrame.new(-0.05279194936156273, -0.20620369911193848, 0.09471374750137329, 0.7723165154457092, -0.03433608636260033, -0.6343092918395996, 0.05461021512746811, 0.9984301924705505, 0.012445325963199139, 0.6328862309455872, -0.044251494109630585, 0.772979199886322),
            ["RightLowerLeg"] = CFrame.new(-6.705522537231445e-08, -0.000060439109802246094, -0.00007206032023532316, 1, -1.0430811414607888e-07, -3.725290653733282e-08, 9.685753354915505e-08, 0.6095023155212402, 0.7927840948104858, -1.0058282384761696e-07, -0.7927843332290649, 0.6095026135444641),
