return {
    ["Real Slim Shady"] = {
        {Time = 0.000, Data = {
            ["RightFoot"] = CFrame.new(-3.725290298461914e-08, 2.980232238769531e-07, -2.029992174357176e-09, 0.9838195443153381, 0.17675934731960297, 0.02923913113772869, -0.1791621893644333, 0.97102290391922, 0.15816444158554077, -0.00043457967694848776, -0.16084353625774384, 0.9869797825813293),
            ["LeftLowerArm"] = CFrame.new(-8.940696716308594e-08, 1.1920928955078125e-07, -1.3783574104309082e-07, 1, -8.940699558479537e-08, 1.7881387748275301e-07, 1.4901162970204496e-08, -0.19464688003063202, -0.9808732271194458, 8.940698137394065e-08, 0.9808734059333801, -0.1946476250886917),
            ["RightUpperArm"] = CFrame.new(-1.1920928955078125e-07, -0.06523752212524414, 2.4028122425079346e-07, 0.8267785310745239, -0.46889975666999817, 0.3107575476169586, 0.562252402305603, 0.7061128616333008, -0.43043816089630127, -0.01759752631187439, 0.5306013226509094, 0.8474389314651489),
            ["Head"] = CFrame.new(-1.7695128917694092e-08, 0, 2.798624336719513e-07, 0.9978920221328735, -0.06329010426998138, -0.014349505305290222, 0.05259821191430092, 0.9182844161987305, -0.3924121856689453, 0.03801274299621582, 0.3908303380012512, 0.9196776151657104),
            ["RightHand"] = CFrame.new(5.960464477539063e-08, -1.1920928955078125e-07, 2.980232238769531e-07, 0.12793073058128357, 0.9901159405708313, -0.05748364329338074, -0.97894686460495, 0.11676869541406631, -0.1674165278673172, -0.15904974937438965, 0.07768876105546951, 0.9842090606689453),
            ["UpperTorso"] = CFrame.new(-5.587935447692871e-09, 8.940696716308594e-08, 1.6763806343078613e-08, 0.9960789084434509, -0.05775237828493118, 0.06701766699552536, 0.02217240445315838, 0.8963144421577454, 0.44286462664604187, -0.08564535528421402, -0.43964219093322754, 0.8940803408622742),
            ["HumanoidRootPart"] = CFrame.new(0, 0, 0, 1, 0, 0, 0, 1, 0, 0, 0, 1),
            ["RightUpperLeg"] = CFrame.new(-0.000025451183319091797, -0.00012579932808876038, -0.004997486248612404, 0.9765859246253967, -0.21006637811660767, 0.046383295208215714, 0.14234516024589539, 0.46931737661361694, -0.8714812397956848, 0.16130031645298004, 0.8576791286468506, 0.4882306456565857),
            ["LeftUpperArm"] = CFrame.new(-1.1920928955078125e-07, -0.06523787975311279, 1.7508864402770996e-07, 0.6101042628288269, 0.5158225893974304, -0.6014149785041809, -0.7895002961158752, 0.3317863345146179, -0.5163402557373047, -0.06679865717887878, 0.7898386716842651, 0.6096661686897278),
            ["RightLowerArm"] = CFrame.new(-1.7881393432617188e-07, -1.7881393432617188e-07, 2.9802322387695312e-08, 1, -0.000001233067223438411, 0.0000010877836302825017, -5.774214173470682e-07, -0.2309049367904663, -0.972976565361023, -0.00000109896336653037, 0.9729763865470886, -0.2309039980173111),
            ["LeftHand"] = CFrame.new(1.1920928955078125e-07, -1.7881393432617188e-07, 2.9802322387695312e-08, 0.19469153881072998, -0.9672595262527466, 0.1628008335828781, 0.9618836641311646, 0.15578199923038483, -0.22474786639213562, 0.19202864170074463, 0.20035198330879211, 0.9607207179069519),
            ["LeftFoot"] = CFrame.new(3.725290298461914e-08, -5.960464477539063e-08, -1.4901161193847656e-08, 0.9497953057289124, -0.2694127559661865, 0.15908126533031464, 0.2935446798801422, 0.591399073600769, -0.7510513663291931, 0.10826116055250168, 0.7600420713424683, 0.6407925486564636),
            ["LowerTorso"] = CFrame.new(-0.22222773730754852, -0.40442585945129395, 0.2978643476963043, 0.9945892691612244, -0.00340316747315228, -0.10383004695177078, 0.014630461111664772, 0.9940897226333618, 0.10757162421941757, 0.10285039246082306, -0.10850869864225388, 0.9887607097625732),
            ["RightLowerLeg"] = CFrame.new(7.450580596923828e-09, 1.1920928955078125e-07, -1.8194987205788493e-07, 1, -1.4528632164001465e-07, -2.9802315282267955e-08, 1.266598985694145e-07, 0.6889616847038269, 0.7247980237007141, -1.6298149496662973e-09, -0.724797785282135, 0.688961386680603),
            ["LeftUpperLeg"] = CFrame.new(0.000025540590286254883, 0.000125472666695714, 0.004997476935386658, 0.9223028421401978, 0.301493376493454, 0.241785928606987, -0.25261008739471436, 0.9437780976295471, -0.21323636174201965, -0.2924818694591522, 0.13559065759181976, 0.9466096758842468),
            ["LeftLowerLeg"] = CFrame.new(5.960464477539063e-08, -1.1920928955078125e-07, 5.587935447692871e-09, 1, 9.872014317124922e-08, 5.960465898624534e-08, -9.872017869838601e-08, 0.5260810256004333, 0.8504342436790466, 6.70552182668871e-08, -0.850434422492981, 0.5260813236236572),
        }},
        {Time = 0.033, Data = {
            ["RightFoot"] = CFrame.new(1.1175870895385742e-08, 3.5762786865234375e-07, -5.75528247281909e-09, 0.9845613837242126, 0.17311307787895203, 0.025889577344059944, -0.17503370344638824, 0.9749569296836853, 0.1371968537569046, -0.0014901893446221948, -0.13960979878902435, 0.9902054071426392),
            ["LeftLowerArm"] = CFrame.new(-3.2782554626464844e-07, -2.980232238769531e-07, 1.564621925354004e-07, 1, 8.940691031966708e-08, -1.1920920428565296e-07, 2.682208730675484e-07, -0.1800791621208191, -0.9836522936820984, 3.576278118089249e-07, 0.9836521148681641, -0.18007855117321014),
            ["RightUpperArm"] = CFrame.new(-1.7881393432617188e-07, -0.06523823738098145, -9.313225746154785e-10, 0.8105062246322632, -0.5046465396881104, 0.2973406910896301, 0.5848466753959656, 0.6693823933601379, -0.4581288695335388, 0.032158806920051575, 0.5452147722244263, 0.8376792669296265),
            ["Head"] = CFrame.new(-7.799826562404633e-09, 2.384185791015625e-07, 5.960464477539063e-08, 0.9973669052124023, -0.06360172480344772, -0.034846238791942596, 0.04315391555428505, 0.9066479206085205, -0.4196755588054657, 0.05828535184264183, 0.4170665442943573, 0.9070051312446594),
            ["RightHand"] = CFrame.new(-5.960464477539063e-08, 0, 1.4901161193847656e-07, 0.0342826172709465, 0.9956599473953247, -0.08652372658252716, -0.9980065226554871, 0.02951747365295887, -0.05578482896089554, -0.052989281713962555, 0.08826123178005219, 0.9946867227554321),
            ["UpperTorso"] = CFrame.new(1.30385160446167e-08, 8.940696716308594e-08, -5.587935447692871e-08, 0.9961170554161072, -0.038569897413253784, 0.07914014160633087, -0.0015657494077458978, 0.8910170793533325, 0.45396724343299866, -0.08802469074726105, -0.45232847332954407, 0.8874967694282532),
            ["HumanoidRootPart"] = CFrame.new(0, 0, 0, 1, 0, 0, 0, 1, 0, 0, 0, 1),
            ["RightUpperLeg"] = CFrame.new(-0.000025540590286254883, -0.00012571364641189575, -0.004997514188289642, 0.9791172742843628, -0.20284780859947205, 0.013476013205945492, 0.11506842821836472, 0.4983174800872803, -0.8593246936798096, 0.16759651899337769, 0.8429309129714966, 0.5112529397010803),
            ["LeftUpperArm"] = CFrame.new(0, -0.06523799896240234, 3.91155481338501e-08, 0.5296815037727356, 0.5567067861557007, -0.6399335861206055, -0.8340092897415161, 0.20442341268062592, -0.5124838352203369, -0.1544860452413559, 0.8051637411117554, 0.5725778937339783),
            ["RightLowerArm"] = CFrame.new(3.5762786865234375e-07, -5.960464477539063e-08, 7.450580596923828e-08, 1, -0.0000013560007801061147, 0.0000011101349173259223, -5.587950226981775e-07, -0.2507757842540741, -0.9680452346801758, -0.0000012926791441714158, 0.9680452346801758, -0.25077587366104126),
            ["LeftHand"] = CFrame.new(-1.1920928955078125e-07, 1.7881393432617188e-07, 1.1920928955078125e-07, 0.2000223994255066, -0.9557950496673584, 0.21551600098609924, 0.9762998819351196, 0.17587502300739288, -0.12612183392047882, 0.08264225721359253, 0.23563498258590698, 0.9683213233947754),
            ["LeftFoot"] = CFrame.new(0, 5.960464477539063e-08, 1.4901161193847656e-08, 0.9476864337921143, -0.279700368642807, 0.153814896941185, 0.2962893843650818, 0.591517448425293, -0.7498793601989746, 0.11875632405281067, 0.7562240958213806, 0.6434454321861267),
            ["LowerTorso"] = CFrame.new(-0.2105761617422104, -0.39398813247680664, 0.2739031910896301, 0.995225727558136, -0.0279320627450943, -0.09351791441440582, 0.03802584484219551, 0.9934270977973938, 0.10796602815389633, 0.08988763391971588, -0.11100675910711288, 0.9897463321685791),
            ["RightLowerLeg"] = CFrame.new(6.705522537231445e-08, 1.1920928955078125e-07, -1.879379851743579e-08, 1, -1.1734665861240501e-07, -6.332994928470725e-08, 1.266598843585598e-07, 0.6930615305900574, 0.7208784222602844, -1.0244549208948683e-08, -0.7208784818649292, 0.6930615901947021),
            ["LeftUpperLeg"] = CFrame.new(0.000025510787963867188, 0.00012544915080070496, 0.004997484385967255, 0.9138402342796326, 0.3303121030330658, 0.23620116710662842, -0.28631600737571716, 0.9365932941436768, -0.2020268589258194, -0.2879566550254822, 0.11699189990758896, 0.9504705667495728),
            ["LeftLowerLeg"] = CFrame.new(-1.0803341865539551e-07, 5.960464477539063e-08, 1.862645149230957e-09, 1, 8.754427227586348e-08, 2.9802343703977385e-08, -5.494803190231323e-08, 0.5432325005531311, 0.8395819067955017, 6.146728992462158e-08, -0.8395823240280151, 0.5432332158088684),
        }},
        {Time = 0.067, Data = {
            ["RightFoot"] = CFrame.new(-1.043081283569336e-07, 2.980232238769531e-07, -1.5068508218973875e-08, 0.985537588596344, 0.16805726289749146, 0.021725568920373917, -0.16942058503627777, 0.9798601269721985, 0.10569577664136887, -0.0035247858613729477, -0.10784758627414703, 0.9941612482070923),
            ["LeftLowerArm"] = CFrame.new(-2.9802322387695312e-08, 2.384185791015625e-07, -1.4901161193847656e-08, 1, 2.9802322387695312e-08, 2.2351726158831298e-07, -1.4901159417490817e-08, -0.12324531376361847, -0.9923760890960693, 2.533197118737007e-07, 0.9923763275146484, -0.12324631214141846),
            ["RightUpperArm"] = CFrame.new(0, -0.06523799896240234, 8.451752364635468e-08, 0.7741831541061401, -0.5621064901351929, 0.29099342226982117, 0.6154956817626953, 0.5612932443618774, -0.553276538848877, 0.14766724407672882, 0.607442319393158, 0.7805177569389343),
            ["Head"] = CFrame.new(-2.1420419216156006e-08, -1.1920928955078125e-07, 7.660128176212311e-08, 0.9957056045532227, -0.06050163879990578, -0.0700714960694313, 0.02451586350798607, 0.9022014141082764, -0.4306180775165558, 0.08927163481712341, 0.4270506501197815, 0.8998100161552429),
            ["RightHand"] = CFrame.new(2.086162567138672e-07, 0, 1.7881393432617188e-07, -0.013610824942588806, 0.984183669090271, -0.17663060128688812, -0.985183596611023, 0.017004478722810745, 0.17065611481666565, 0.17096275091171265, 0.17633281648159027, 0.9693699479103088),
            ["UpperTorso"] = CFrame.new(2.0489096641540527e-08, -2.9802322387695312e-08, 1.1175870895385742e-08, 0.9944413304328918, -0.024372529238462448, 0.10243315249681473, -0.025050340220332146, 0.8901396989822388, 0.45499902963638306, -0.10226930677890778, -0.45503559708595276, 0.8845809102058411),
            ["HumanoidRootPart"] = CFrame.new(0, 0, 0, 1, 0, 0, 0, 1, 0, 0, 0, 1),
            ["RightUpperLeg"] = CFrame.new(-0.000025510787963867188, -0.0001256857067346573, -0.004997542127966881, 0.9810501933097839, -0.19302985072135925, -0.016723163425922394, 0.08566346764564514, 0.50953608751297, -0.8561744689941406, 0.17378805577754974, 0.838517963886261, 0.5164162516593933),
            ["LeftUpperArm"] = CFrame.new(1.1920928955078125e-07, -0.06523799896240234, 1.5366822481155396e-07, 0.45396554470062256, 0.5880858898162842, -0.6693809628486633, -0.850021481513977, 0.06057741865515709, -0.5232530832290649, -0.2671680450439453, 0.8065268397331238, 0.5273854732513428),
            ["RightLowerArm"] = CFrame.new(-3.2782554626464844e-07, -5.960464477539063e-08, -5.960464477539063e-08, 1, -9.015175805870967e-07, 0.0000012591467566380743, -6.966310479583626e-07, -0.22116270661354065, -0.9752373099327087, -8.242225248977775e-07, 0.9752369523048401, -0.22116079926490784),
            ["LeftHand"] = CFrame.new(-4.172325134277344e-07, 5.960464477539063e-08, 7.450580596923828e-08, 0.20521655678749084, -0.9283232092857361, 0.3100036680698395, 0.9762041568756104, 0.21683233976364136, 0.0030880575068295, -0.07008443772792816, 0.3019930124282837, 0.9507304430007935),
            ["LeftFoot"] = CFrame.new(2.2351741790771484e-08, 5.960464477539063e-08, -1.1920928955078125e-07, 0.9444783329963684, -0.29251325130462646, 0.14965881407260895, 0.29956352710723877, 0.5794540643692017, -0.7579538822174072, 0.13499023020267487, 0.760702908039093, 0.6349080204963684),
            ["LowerTorso"] = CFrame.new(-0.19455191493034363, -0.39690637588500977, 0.25134584307670593, 0.9951371550559998, -0.05370450019836426, -0.08257099241018295, 0.06251049041748047, 0.9921765327453613, 0.10806555300951004, 0.07612152397632599, -0.11270167678594589, 0.9907087683677673),
            ["RightLowerLeg"] = CFrame.new(-1.4901161193847656e-08, -2.384185791015625e-07, -1.4405668480321765e-07, 1, -1.0710211029163474e-07, -2.6077035641947077e-08, 1.0430811414607888e-07, 0.6739335656166077, 0.7387921810150146, -2.1420417439799166e-08, -0.7387919425964355, 0.6739333271980286),
            ["LeftUpperLeg"] = CFrame.new(0.000025570392608642578, 0.0001253727823495865, 0.004997439682483673, 0.9024873375892639, 0.3678600788116455, 0.22404661774635315, -0.32584887742996216, 0.9232883453369141, -0.20337088406085968, -0.28167209029197693, 0.11053410172462463, 0.9531230330467224),
            ["LeftLowerLeg"] = CFrame.new(-8.195638656616211e-08, -2.980232238769531e-07, 1.862645149230957e-09, 1, 1.0430809993522416e-07, 5.215407838932151e-08, -4.79631196981245e-08, 0.5354114174842834, 0.8445911407470703, 5.7742006731587026e-08, -0.8445913791656494, 0.5354117751121521),
        }},
        {Time = 0.100, Data = {
            ["RightFoot"] = CFrame.new(-7.82310962677002e-08, 3.5762786865234375e-07, 3.708555595949292e-08, 0.9866992235183716, 0.1616887003183365, 0.016763051971793175, -0.1624431014060974, 0.9846096038818359, 0.06447318941354752, -0.006080268882215023, -0.06633825600147247, 0.9977786540985107),
            ["LeftLowerArm"] = CFrame.new(-1.1920928955078125e-07, 1.1920928955078125e-07, 2.682209014892578e-07, 1, 1.1175870895385742e-07, 2.1606686573250045e-07, -3.7252917195473856e-08, -0.01743754744529724, -0.9998480081558228, 1.5646224937881925e-07, 0.9998480081558228, -0.017437497153878212),
            ["RightUpperArm"] = CFrame.new(-1.1920928955078125e-07, -0.06523776054382324, 1.1734664440155029e-07, 0.7390045523643494, -0.6152176260948181, 0.2745528817176819, 0.604533314704895, 0.42570239305496216, -0.6732884645462036, 0.2973412275314331, 0.6635396480560303, 0.6865153908729553),
            ["Head"] = CFrame.new(1.1175870895385742e-08, 0, 3.5390257835388184e-08, 0.9920268058776855, -0.05623174458742142, -0.11278632283210754, 0.0014202333986759186, 0.8998703956604004, -0.4361554980278015, 0.12601879239082336, 0.43251749873161316, 0.8927752375602722),
            ["RightHand"] = CFrame.new(2.2351741790771484e-07, 1.7881393432617188e-07, -1.7881393432617188e-07, 0.028988346457481384, 0.9536494016647339, -0.299523264169693, -0.960992693901062, 0.1090417131781578, 0.2541677951812744, 0.27505072951316833, 0.2804689407348633, 0.9196110963821411),
            ["UpperTorso"] = CFrame.new(1.3969838619232178e-08, -2.086162567138672e-07, -4.6566128730773926e-09, 0.9914059042930603, -0.017070375382900238, 0.12970349192619324, -0.04384404793381691, 0.8907531499862671, 0.452367901802063, -0.12325587868690491, -0.4541667401790619, 0.8823493719100952),
            ["HumanoidRootPart"] = CFrame.new(0, 0, 0, 1, 0, 0, 0, 1, 0, 0, 0, 1),
            ["RightUpperLeg"] = CFrame.new(-0.000025510787963867188, -0.00012610852718353271, -0.004997480660676956, 0.9819581508636475, -0.18453073501586914, -0.041309989988803864, 0.058472514152526855, 0.5040444135665894, -0.8616961240768433, 0.17983131110668182, 0.8437344431877136, 0.505740225315094),
            ["LeftUpperArm"] = CFrame.new(5.960464477539063e-08, -0.06523823738098145, -1.341104507446289e-07, 0.44264528155326843, 0.584017276763916, -0.6804331541061401, -0.8137605786323547, -0.05710022523999214, -0.5783886313438416, -0.3766414523124695, 0.8097305297851562, 0.4499748945236206),
            ["RightLowerArm"] = CFrame.new(-3.2782554626464844e-07, -3.5762786865234375e-07, 5.960464477539063e-08, 1, -7.972093953867443e-07, 9.87201246971381e-07, -7.413340199491358e-07, -0.1419079452753067, -0.9898802638053894, -7.301580922103312e-07, 0.9898799061775208, -0.14190541207790375),
            ["LeftHand"] = CFrame.new(2.384185791015625e-07, 1.1920928955078125e-07, -2.980232238769531e-07, 0.21777935326099396, -0.9004353880882263, 0.37654826045036316, 0.9672979116439819, 0.25052645802497864, 0.03963792324066162, -0.13002678751945496, 0.35560184717178345, 0.9255486726760864),
            ["LeftFoot"] = CFrame.new(-2.2351741790771484e-08, 0, -7.450580596923828e-08, 0.9401407837867737, -0.3073963224887848, 0.14711876213550568, 0.30366384983062744, 0.5597084164619446, -0.7710472941398621, 0.15467259287834167, 0.7695674300193787, 0.6195498704910278),
            ["LowerTorso"] = CFrame.new(-0.1742907017469406, -0.4106731414794922, 0.23004698753356934, 0.9945783615112305, -0.07609502971172333, -0.07087799161672592, 0.08348847925662994, 0.9906403422355652, 0.10798762738704681, 0.061997413635253906, -0.11331968009471893, 0.9916224479675293),
            ["RightLowerLeg"] = CFrame.new(-3.725290298461914e-08, 5.960464477539063e-08, -1.589578459970653e-07, 1, -1.0756775736808777e-07, -3.166496753692627e-08, 1.1175873737556685e-07, 0.6325663328170776, 0.7745060920715332, -4.4703494239684005e-08, -0.7745062708854675, 0.6325663924217224),
            ["LeftUpperLeg"] = CFrame.new(0.000025570392608642578, 0.00012540258467197418, 0.004997484385967255, 0.8897450566291809, 0.4070565402507782, 0.20654287934303284, -0.36586859822273254, 0.9065418243408203, -0.21052460372447968, -0.2729357182979584, 0.11174529790878296, 0.9555205702781677),
            ["LeftLowerLeg"] = CFrame.new(2.7939677238464355e-08, -5.960464477539063e-08, -4.0978193283081055e-08, 1, 8.195637946073475e-08, 7.450586281265714e-08, 1.1175872671742582e-08, 0.512357771396637, 0.8587719202041626, 5.587936158235607e-08, -0.8587720990180969, 0.5123581886291504),
        }},
        {Time = 0.133, Data = {
            ["RightFoot"] = CFrame.new(-1.4901161193847656e-08, 2.384185791015625e-07, 5.87388058193028e-08, 0.9881877899169922, 0.1530521661043167, 0.007706095930188894, -0.15312887728214264, 0.9881525635719299, 0.010323365218937397, -0.006034769583493471, -0.011381103657186031, 0.9999170899391174),
            ["LeftLowerArm"] = CFrame.new(-4.76837158203125e-07, 4.172325134277344e-07, -1.4901161193847656e-07, 1, -2.2677704691886902e-07, 1.7648561367877846e-07, 4.5169151974278066e-08, 0.1895124465227127, -0.9818782806396484, -1.0151417484394187e-07, 0.9818783402442932, 0.18951252102851868),
            ["RightUpperArm"] = CFrame.new(-1.7881393432617188e-07, -0.06523823738098145, 1.862645149230957e-07, 0.6906352043151855, -0.665223240852356, 0.28372707962989807, 0.5795470476150513, 0.2743993401527405, -0.7673527598381042, 0.4326062798500061, 0.694394052028656, 0.5750380754470825),
            ["Head"] = CFrame.new(3.725290298461914e-08, -1.1920928955078125e-07, 8.381903171539307e-08, 0.9879481196403503, -0.041164811700582504, -0.14921104907989502, -0.029310667887330055, 0.8967922925949097, -0.44147995114326477, 0.15198476612567902, 0.440532922744751, 0.8847777843475342),
            ["RightHand"] = CFrame.new(2.1979212760925293e-07, -1.1920928955078125e-07, 0, 0.2583182156085968, 0.9079332947731018, -0.3300461173057556, -0.9533834457397461, 0.29475149512290955, 0.06465375423431396, 0.15598618984222412, 0.29795733094215393, 0.9417481422424316),
            ["UpperTorso"] = CFrame.new(2.7939677238464355e-08, 2.682209014892578e-07, 5.3085386753082275e-08, 0.9888489842414856, -0.025101013481616974, 0.14679180085659027, -0.0445433184504509, 0.8907132148742676, 0.45237794518470764, -0.14210456609725952, -0.45387208461761475, 0.8796626329421997),
            ["HumanoidRootPart"] = CFrame.new(0, 0, 0, 1, 0, 0, 0, 1, 0, 0, 0, 1),
            ["RightUpperLeg"] = CFrame.new(-0.000025480985641479492, -0.00012538209557533264, -0.004997437819838524, 0.9824338555335999, -0.17751066386699677, -0.05756435543298721, 0.034769151359796524, 0.4771769046783447, -0.8781190514564514, 0.18334394693374634, 0.8606928586959839, 0.4749666452407837),
            ["LeftUpperArm"] = CFrame.new(2.384185791015625e-07, -0.06523799896240234, 2.60770320892334e-07, 0.4236767590045929, 0.578640878200531, -0.6969023942947388, -0.7778878808021545, -0.16176477074623108, -0.6072254180908203, -0.4640995264053345, 0.7993791103363037, 0.3815813660621643),
            ["RightLowerArm"] = CFrame.new(2.384185791015625e-07, -5.960464477539063e-08, 1.1920928955078125e-07, 1, -2.4214332938754524e-07, 4.898755037174851e-07, -4.0419433844363084e-07, 0.02376345358788967, -0.9997175335884094, -1.7695143128548807e-07, 0.9997175931930542, 0.023766687139868736),
            ["LeftHand"] = CFrame.new(-6.146728992462158e-08, 5.960464477539063e-08, -5.960464477539063e-08, 0.28321221470832825, -0.8516440987586975, 0.44101426005363464, 0.9472854137420654, 0.3202325105667114, 0.010070979595184326, -0.14980436861515045, 0.4149138629436493, 0.8974435925483704),
            ["LeftFoot"] = CFrame.new(-2.9802322387695312e-08, 5.960464477539063e-08, -5.960464477539063e-08, 0.9329182505607605, -0.32726380228996277, 0.15021102130413055, 0.31478366255760193, 0.5386312007904053, -0.7815287709236145, 0.1748569905757904, 0.7763858437538147, 0.6055158972740173),
            ["LowerTorso"] = CFrame.new(-0.1457185298204422, -0.43805766105651855, 0.20981302857398987, 0.9939991235733032, -0.09308262169361115, -0.057459793984889984, 0.09886784851551056, 0.9892444610595703, 0.10779756307601929, 0.04680783674120903, -0.11283165216445923, 0.992510974407196),
            ["RightLowerLeg"] = CFrame.new(2.2351741790771484e-08, -2.384185791015625e-07, 7.561902748420835e-08, 1, -1.0756777157894248e-07, -6.63567405467802e-08, 5.2154071283894154e-08, 0.559537947177887, 0.8288049697875977, -7.613562758024273e-08, -0.8288047909736633, 0.5595377683639526),
            ["LeftUpperLeg"] = CFrame.new(0.000025510787963867188, 0.00012571737170219421, 0.00499749556183815, 0.8783100843429565, 0.44627681374549866, 0.17149218916893005, -0.4061594307422638, 0.8857285976409912, -0.22476190328598022, -0.2522023320198059, 0.12775743007659912, 0.9592041373252869),
            ["LeftLowerLeg"] = CFrame.new(1.210719347000122e-07, -1.1920928955078125e-07, 2.9802322387695312e-08, 1, 8.568166975919667e-08, 4.47035120032524e-08, -5.401671643312511e-08, 0.4646502733230591, 0.8854942321777344, 4.4703490686970326e-08, -0.8854943513870239, 0.46465054154396057),
        }},
        {Time = 0.167, Data = {
            ["RightFoot"] = CFrame.new(2.60770320892334e-08, 4.172325134277344e-07, -4.85961209051311e-08, 0.9895322322845459, 0.14429424703121185, -0.002170973690226674, -0.14419929683208466, 0.9880508184432983, -0.054431743919849396, -0.005709150340408087, 0.05417532101273537, 0.9985151886940002),
            ["LeftLowerArm"] = CFrame.new(-2.682209014892578e-07, -5.960464477539063e-08, -5.960464477539063e-08, 1, -2.9336672469071345e-07, 1.8789425837439921e-07, -3.096645428968259e-08, 0.47129032015800476, -0.8819786906242371, -1.22701663940461e-07, 0.8819782137870789, 0.4712894558906555),
            ["RightUpperArm"] = CFrame.new(-5.960464477539063e-08, -0.06523787975311279, 3.688037395477295e-07, 0.6510956883430481, -0.6935557126998901, 0.30831077694892883, 0.5392141342163086, 0.13680057227611542, -0.8309837579727173, 0.5341559648513794, 0.7072949409484863, 0.46304500102996826),
            ["Head"] = CFrame.new(-1.1175870895385742e-08, -2.384185791015625e-07, 1.8998980522155762e-07, 0.989412784576416, -0.024143245071172714, -0.14310653507709503, -0.04548070952296257, 0.8848135471343994, -0.4637206196784973, 0.13781818747520447, 0.46531933546066284, 0.8743476271629333),
            ["RightHand"] = CFrame.new(-2.9802322387695312e-08, 0, 2.9802322387695312e-08, 0.4649268686771393, 0.8545731902122498, -0.2314077615737915, -0.8846283555030823, 0.458941787481308, -0.08248474448919296, 0.03571711853146553, 0.2430577576160431, 0.9693537354469299),
            ["UpperTorso"] = CFrame.new(-5.122274160385132e-09, -1.1920928955078125e-07, 2.2351741790771484e-08, 0.9876301884651184, -0.0423918291926384, 0.1509624570608139, -0.03341532126069069, 0.8837417960166931, 0.4667808413505554, -0.1531994342803955, -0.4660509526729584, 0.871393084526062),
            ["HumanoidRootPart"] = CFrame.new(0, 0, 0, 1, 0, 0, 0, 1, 0, 0, 0, 1),
            ["RightUpperLeg"] = CFrame.new(-0.0000254213809967041, -0.000125957652926445, -0.004997478798031807, 0.9822967648506165, -0.1749977022409439, -0.0668504536151886, 0.014367913827300072, 0.42617201805114746, -0.9045280814170837, 0.1867799609899521, 0.8875547051429749, 0.4211413562297821),
            ["LeftUpperArm"] = CFrame.new(1.1920928955078125e-07, -0.0652381181716919, 4.6193599700927734e-07, 0.399978369474411, 0.545731246471405, -0.7363388538360596, -0.7788447141647339, -0.2211187332868576, -0.5869476199150085, -0.4831337034702301, 0.8082597851753235, 0.33659717440605164),
            ["RightLowerArm"] = CFrame.new(2.384185791015625e-07, -1.7881393432617188e-07, 1.7881393432617188e-07, 1, 1.0430797914295908e-07, 1.4342370491249312e-07, 1.2665991278026922e-07, 0.31577610969543457, -0.9488325715065002, 2.2724279347130505e-07, 0.9488337635993958, 0.3157797157764435),
            ["LeftHand"] = CFrame.new(-4.470348358154297e-08, 1.1920928955078125e-07, 5.960464477539063e-08, 0.7025572657585144, -0.5330561399459839, 0.4714488983154297, 0.4953308403491974, 0.841971218585968, 0.21385183930397034, -0.5109410881996155, 0.08328064531087875, 0.8555718660354614),
            ["LeftFoot"] = CFrame.new(-1.043081283569336e-07, 0, -4.470348358154297e-08, 0.9221721291542053, -0.3520607352256775, 0.16016580164432526, 0.3333778977394104, 0.5135375261306763, -0.7906562089920044, 0.1961069256067276, 0.7825168371200562, 0.5909397006034851),
            ["LowerTorso"] = CFrame.new(-0.11424041539430618, -0.48556947708129883, 0.1904989331960678, 0.9933536052703857, -0.10665030777454376, -0.0432964563369751, 0.11076387763023376, 0.9880086779594421, 0.1075640544295311, 0.03130565583705902, -0.11164484173059464, 0.9932550191879272),
            ["RightLowerLeg"] = CFrame.new(3.725290298461914e-08, 5.960464477539063e-08, -2.4463952286168933e-07, 1, -1.452863784834335e-07, -6.426122212133123e-08, 1.5646217832454568e-07, 0.45007988810539246, 0.8929885029792786, -7.357447628919545e-08, -0.892988383769989, 0.45007961988449097),
            ["LeftUpperLeg"] = CFrame.new(0.000025391578674316406, 0.00012521632015705109, 0.004997503012418747, 0.8685493469238281, 0.48291411995887756, 0.11143296211957932, -0.44652295112609863, 0.8600546717643738, -0.2468237578868866, -0.21503353118896484, 0.16462065279483795, 0.9626322984695435),
            ["LeftLowerLeg"] = CFrame.new(-9.592622518539429e-08, -5.960464477539063e-08, 7.450580596923828e-09, 1, 8.19563368281706e-08, 9.313234272667614e-08, -5.401671643312511e-08, 0.376335084438324, 0.9264834523200989, 8.568168397005138e-08, -0.9264836311340332, 0.37633565068244934),
        }},
        {Time = 0.200, Data = {
            ["RightFoot"] = CFrame.new(1.564621925354004e-07, 3.5762786865234375e-07, 2.032174961641431e-08, 0.9905456900596619, 0.1369607150554657, -0.007787000387907028, -0.13693402707576752, 0.9837281107902527, -0.11631117016077042, -0.008269920945167542, 0.11627838760614395, 0.9931823015213013),
            ["LeftLowerArm"] = CFrame.new(-7.748603820800781e-07, 5.960464477539063e-08, 2.384185791015625e-07, 1, -2.0861622829215776e-07, 4.2316944615095053e-08, -5.494799992789012e-08, 0.7753239274024963, -0.631564736366272, -6.984915046359674e-08, 0.6315638422966003, 0.7753231525421143),
            ["RightUpperArm"] = CFrame.new(-1.1920928955078125e-07, -0.06523799896240234, -2.3469328880310059e-07, 0.6207121014595032, -0.6491095423698425, 0.4397420883178711, 0.6069716215133667, 0.04281005635857582, -0.7935699224472046, 0.4962881803512573, 0.7594893574714661, 0.42056360840797424),
            ["Head"] = CFrame.new(-4.190951585769653e-09, 0, -9.313225746154785e-08, 0.9918176531791687, -0.007321137003600597, -0.12745295464992523, -0.05843596160411835, 0.8615898489952087, -0.5042305588722229, 0.11350364983081818, 0.5075523853302002, 0.8541120886802673),
            ["RightHand"] = CFrame.new(-1.043081283569336e-07, 0, -1.341104507446289e-07, 0.7228861451148987, 0.6820903420448303, -0.11041013896465302, -0.6900941133499146, 0.7046638131141663, -0.1649782359600067, -0.03472582623362541, 0.19545279443264008, 0.9800978899002075),
            ["UpperTorso"] = CFrame.new(2.537854015827179e-08, -1.1920928955078125e-07, 6.984919309616089e-09, 0.986896276473999, -0.06370678544044495, 0.14824719727039337, -0.019235026091337204, 0.8657545447349548, 0.5000991225242615, -0.16020533442497253, -0.4963977038860321, 0.8531844019889832),
            ["HumanoidRootPart"] = CFrame.new(0, 0, 0, 1, 0, 0, 0, 1, 0, 0, 0, 1),
            ["RightUpperLeg"] = CFrame.new(-0.000025480985641479492, -0.0001255180686712265, -0.0049974555149674416, 0.9813019633293152, -0.1780557632446289, -0.07309355586767197, -0.0030975150875747204, 0.365085244178772, -0.9309688210487366, 0.1924496740102768, 0.9137881994247437, 0.35770735144615173),
            ["LeftUpperArm"] = CFrame.new(-2.384185791015625e-07, -0.06523787975311279, -3.725290298461914e-08, 0.3680493235588074, 0.5028136372566223, -0.7821243405342102, -0.7853019833564758, -0.28227895498275757, -0.5510168075561523, -0.4978357255458832, 0.817004919052124, 0.29096755385398865),
            ["RightLowerArm"] = CFrame.new(-2.384185791015625e-07, -2.384185791015625e-07, -2.384185791015625e-07, 1, -1.4901144140821998e-07, -2.151354863144661e-07, 1.7508865823856468e-07, 0.7410885095596313, -0.6714056730270386, -2.272427366278862e-07, 0.6714074611663818, 0.7410900592803955),
            ["LeftHand"] = CFrame.new(-2.942979335784912e-07, 0, 2.3096799850463867e-07, 0.9282544255256653, -0.2938707172870636, 0.22800011932849884, 0.20758013427257538, 0.9179546236991882, 0.33803921937942505, -0.30863308906555176, -0.2664569616317749, 0.9130967259407043),
            ["LeftFoot"] = CFrame.new(-1.043081283569336e-07, -1.1920928955078125e-07, -1.4901161193847656e-08, 0.9091141223907471, -0.37971678376197815, 0.17125393450260162, 0.3540767431259155, 0.4878862202167511, -0.7978695034980774, 0.21941104531288147, 0.7859912514686584, 0.5779934525489807),
            ["LowerTorso"] = CFrame.new(-0.08743368089199066, -0.5443785190582275, 0.17191091179847717, 0.9925011396408081, -0.11817339062690735, -0.03125462308526039, 0.12088126689195633, 0.9868353605270386, 0.10744043439626694, 0.018146688118577003, -0.11041282117366791, 0.9937201738357544),
            ["RightLowerLeg"] = CFrame.new(-1.4901161193847656e-08, -5.960464477539063e-08, -1.7711863620206714e-07, 1, -1.4901162614933128e-07, -1.4342366227992898e-07, 1.6763807764164085e-07, 0.3279823660850525, 0.9446839094161987, -9.126962652317161e-08, -0.9446839094161987, 0.3279823362827301),
            ["LeftUpperLeg"] = CFrame.new(0.000025510787963867188, 0.00012564286589622498, 0.004997493699193001, 0.8580260872840881, 0.5118303298950195, 0.042687613517045975, -0.4842170774936676, 0.8338412046432495, -0.26503098011016846, -0.1712460219860077, 0.20673289895057678, 0.9632945656776428),
            ["LeftLowerLeg"] = CFrame.new(1.9790604710578918e-07, 5.960464477539063e-08, -5.587935447692871e-08, 1, 9.685750512744562e-08, 1.0430821362206188e-07, -3.9115558791991134e-08, 0.26977962255477905, 0.9629220366477966, 7.078052988163108e-08, -0.9629220962524414, 0.26977992057800293),
        }},
        {Time = 0.233, Data = {
            ["RightFoot"] = CFrame.new(1.1175870895385742e-08, 2.384185791015625e-07, -9.480572771281004e-09, 0.9913549423217773, 0.130801260471344, -0.010298613458871841, -0.13070407509803772, 0.9776332974433899, -0.1647728532552719, -0.011484353803098202, 0.1646946519613266, 0.9862778782844543),
            ["LeftLowerArm"] = CFrame.new(-5.960464477539063e-08, 1.1920928955078125e-07, -2.384185791015625e-07, 1, -1.601874828338623e-07, 2.1886077661292802e-07, -1.9371512394172896e-07, 0.8871440291404724, -0.46149274706840515, 1.8626454334480513e-07, 0.4614928066730499, 0.8871439695358276),
            ["RightUpperArm"] = CFrame.new(0, -0.0652381181716919, 1.30385160446167e-07, 0.579216480255127, -0.6317560076713562, 0.5151628851890564, 0.6621915698051453, -0.003912881948053837, -0.7493247389793396, 0.47540587186813354, 0.7751575112342834, 0.4160764813423157),
            ["Head"] = CFrame.new(5.21540641784668e-08, 2.384185791015625e-07, -9.872019290924072e-08, 0.9913241267204285, 0.014394348487257957, -0.1306493878364563, -0.08379605412483215, 0.8350086808204651, -0.543819010257721, 0.10126534104347229, 0.5500485897064209, 0.8289702534675598),
            ["RightHand"] = CFrame.new(8.940696716308594e-08, 5.960464477539063e-08, -1.1920928955078125e-07, 0.9765719175338745, 0.19653576612472534, -0.08764292299747467, -0.19289474189281464, 0.9800291061401367, 0.04831411689519882, 0.09538833051919937, -0.03027718886733055, 0.9949796199798584),
            ["UpperTorso"] = CFrame.new(1.1641532182693481e-08, -1.1920928955078125e-07, 8.381903171539307e-09, 0.9873294830322266, -0.08648409694433212, 0.13304546475410461, 0.0010216793743893504, 0.8418744206428528, 0.5396725535392761, -0.15868060290813446, -0.5326988697052002, 0.8312956690788269),
            ["HumanoidRootPart"] = CFrame.new(0, 0, 0, 1, 0, 0, 0, 1, 0, 0, 0, 1),
            ["RightUpperLeg"] = CFrame.new(-0.000025540590286254883, -0.00012601539492607117, -0.004997430369257927, 0.9802274107933044, -0.1821313053369522, -0.07734698057174683, -0.01684362255036831, 0.3126567304134369, -0.9497166872024536, 0.19715605676174164, 0.9322413802146912, 0.30340680480003357),
            ["LeftUpperArm"] = CFrame.new(-2.384185791015625e-07, -0.06523776054382324, -7.078051567077637e-08, 0.3616698980331421, 0.48054075241088867, -0.7989217042922974, -0.7791903018951416, -0.31472739577293396, -0.5420417189598083, -0.511915385723114, 0.8185520172119141, 0.2606050372123718),
            ["RightLowerArm"] = CFrame.new(-2.086162567138672e-07, 1.1920928955078125e-07, -2.980232238769531e-07, 1, -2.5331954134344414e-07, -8.940698847936801e-08, -2.011657187495075e-07, 0.9461901783943176, -0.32361042499542236, -1.9371513815258368e-07, 0.32361140847206116, 0.9461904764175415),
            ["LeftHand"] = CFrame.new(-7.450580596923828e-08, -5.960464477539063e-08, 1.4901161193847656e-07, 0.8970730900764465, -0.32511377334594727, 0.2992677688598633, 0.23945999145507812, 0.9268614649772644, 0.2891145348548889, -0.3713744282722473, -0.18769410252571106, 0.9093137979507446),
            ["LeftFoot"] = CFrame.new(-7.450580596923828e-08, -5.960464477539063e-08, 5.960464477539063e-08, 0.8963350057601929, -0.410110741853714, 0.16850589215755463, 0.36783379316329956, 0.4756246507167816, -0.7990484833717346, 0.24755170941352844, 0.7781969904899597, 0.5771718621253967),
            ["LowerTorso"] = CFrame.new(-0.06657496094703674, -0.5965662002563477, 0.15482346713542938, 0.9916799068450928, -0.12657764554023743, -0.023440025746822357, 0.12837734818458557, 0.9858850240707397, 0.10746998339891434, 0.009505996480584145, -0.10958492755889893, 0.9939320087432861),
            ["RightLowerLeg"] = CFrame.new(0, -2.384185791015625e-07, 9.669020073488355e-08, 1, -1.4156105976326216e-07, -9.499481024022316e-08, 1.67638020798222e-07, 0.22492697834968567, 0.9743756651878357, -1.3038513202445756e-07, -0.9743756651878357, 0.22492673993110657),
            ["LeftUpperLeg"] = CFrame.new(0.000025540590286254883, 0.00012520141899585724, 0.004997509531676769, 0.8437206149101257, 0.5366871953010559, -0.010171758010983467, -0.518190324306488, 0.8094063401222229, -0.27629566192626953, -0.14005166292190552, 0.23838657140731812, 0.9610188603401184),
            ["LeftLowerLeg"] = CFrame.new(2.3515895009040833e-08, -1.1920928955078125e-07, 3.166496753692627e-08, 1, 7.450574912581942e-08, 7.450583439094771e-08, -1.5832485544819974e-08, 0.17887301743030548, 0.9838721752166748, 5.8906159949856374e-08, -0.9838721752166748, 0.1788731962442398),
        }},
        {Time = 0.267, Data = {
            ["RightFoot"] = CFrame.new(-1.0617077350616455e-07, 2.980232238769531e-07, -3.183231456205249e-08, 0.9921119809150696, 0.12465675175189972, -0.013196251355111599, -0.12475369870662689, 0.9715684056282043, -0.20122526586055756, -0.012263360433280468, 0.2012847661972046, 0.9794561266899109),
            ["LeftLowerArm"] = CFrame.new(1.7881393432617188e-07, -5.960464477539063e-08, -2.086162567138672e-07, 1, -2.533197118737007e-07, -3.958120586844416e-08, -1.14552619834285e-07, 0.8871718645095825, -0.461439847946167, -1.0058278832048018e-07, 0.4614391624927521, 0.8871715068817139),
            ["RightUpperArm"] = CFrame.new(-1.1920928955078125e-07, -0.06523799896240234, 5.21540641784668e-08, 0.595930814743042, -0.6375853419303894, 0.4882115125656128, 0.6174495816230774, -0.024911081418395042, -0.7862164378166199, 0.5134419202804565, 0.7699768543243408, 0.37883153557777405),
            ["Head"] = CFrame.new(4.470348358154297e-08, 0, 9.033828973770142e-08, 0.9911323189735413, 0.03586285933852196, -0.1279478222131729, -0.10369645059108734, 0.8108485341072083, -0.575996458530426, 0.08308940380811691, 0.584156334400177, 0.8073769807815552),
            ["RightHand"] = CFrame.new(1.043081283569336e-07, 1.7881393432617188e-07, -5.960464477539063e-08, 0.9805117845535278, 0.1868916004896164, -0.06056375801563263, -0.18428891897201538, 0.9817910194396973, 0.04608786478638649, 0.06807530671358109, -0.034029651433229446, 0.997099757194519),
            ["UpperTorso"] = CFrame.new(1.4959368854761124e-08, 1.4901161193847656e-07, 1.280568540096283e-08, 0.9878401756286621, -0.10620870441198349, 0.11354107409715652, 0.022383317351341248, 0.8198369145393372, 0.5721597075462341, -0.15385346114635468, -0.5626608729362488, 0.8122448325157166),
            ["HumanoidRootPart"] = CFrame.new(0, 0, 0, 1, 0, 0, 0, 1, 0, 0, 0, 1),
            ["RightUpperLeg"] = CFrame.new(-0.000025480985641479492, -0.00012546591460704803, -0.004997439682483673, 0.9801387786865234, -0.1819939762353897, -0.07878116518259048, -0.027285456657409668, 0.2697068154811859, -0.9625557661056519, 0.1964271515607834, 0.9455879330635071, 0.2593841254711151),
            ["LeftUpperArm"] = CFrame.new(-1.1920928955078125e-07, -0.0652381181716919, -2.9802322387695312e-08, 0.3466359078884125, 0.5156212449073792, -0.7835671305656433, -0.7509411573410034, -0.3480253517627716, -0.5612189173698425, -0.5620774030685425, 0.7829515337944031, 0.2665632963180542),
            ["RightLowerArm"] = CFrame.new(-1.1920928955078125e-07, 2.980232238769531e-07, -5.960464477539063e-08, 1, 1.4156096028727916e-07, -1.8253929567890737e-07, 2.756714536644722e-07, 0.9466594457626343, -0.3222349286079407, -8.940695295223122e-08, 0.32223576307296753, 0.9466598033905029),
            ["LeftHand"] = CFrame.new(-5.178153514862061e-07, 0, -2.8312206268310547e-07, 0.8958914875984192, -0.33437591791152954, 0.29252490401268005, 0.25925540924072266, 0.928177535533905, 0.2669708728790283, -0.3607838451862335, -0.16333800554275513, 0.918235182762146),
            ["LeftFoot"] = CFrame.new(-1.1175870895385742e-08, -5.960464477539063e-08, -2.2351741790771484e-08, 0.8842616081237793, -0.43989259004592896, 0.15677104890346527, 0.37684008479118347, 0.47387439012527466, -0.795885443687439, 0.27581343054771423, 0.7628483772277832, 0.5847984552383423),
