return {
    ["Reaper's Showtime"] = {
        {Time = 0.000, Data = {
            ["LeftLowerArm"] = CFrame.new(-2.9802322387695312e-08, -1.1920928955078125e-07, -6.705522537231445e-08, 1, -8.381903171539307e-08, 4.0978189730367376e-08, 1.0430811414607888e-07, 0.6643147468566895, -0.7474530339241028, 5.960463766996327e-08, 0.747452974319458, 0.6643148064613342),
            ["LeftFoot"] = CFrame.new(7.82310962677002e-08, -1.1920928955078125e-07, -1.862645149230957e-08, 0.9954068064689636, -0.022006196901202202, 0.09317270666360855, 0.05575158819556236, 0.9244177937507629, -0.37728434801101685, -0.07782788574695587, 0.38074588775634766, 0.9213986992835999),
            ["RightHand"] = CFrame.new(-7.078051567077637e-08, 0, 3.3527612686157227e-08, 0.30968815088272095, -0.940384030342102, -0.1406097710132599, 0.9219740629196167, 0.3331456780433655, -0.19742825627326965, 0.23250186443328857, -0.06849730759859085, 0.9701809287071228),
            ["HumanoidRootPart"] = CFrame.new(0, 0, 0, 1, 0, 0, 0, 1, 0, 0, 0, 1),
            ["RightLowerLeg"] = CFrame.new(2.60770320892334e-08, 3.5762786865234375e-07, -6.349728209897876e-08, 1, -6.705523247774181e-08, -2.0489101970611046e-08, 8.521602268274364e-08, 0.8564355373382568, 0.5162538886070251, -2.2351745343485163e-08, -0.5162540674209595, 0.8564356565475464),
            ["LeftUpperLeg"] = CFrame.new(0, -1.862645149230957e-09, -9.313225746154785e-10, 0.9971951842308044, 0.003900141455233097, -0.07474395632743835, -0.006297802086919546, 0.9994722604751587, -0.031869497150182724, 0.07458022981882095, 0.032250817865133286, 0.9966934323310852),
            ["LeftLowerLeg"] = CFrame.new(7.543712854385376e-08, -5.960464477539063e-08, 3.725290298461914e-09, 1, 4.4703494239684005e-08, 1.3969842171945857e-08, -4.0512531995773315e-08, 0.8833497762680054, 0.4687143862247467, 6.752088665962219e-09, -0.4687144160270691, 0.8833498954772949),
            ["RightUpperArm"] = CFrame.new(1.1920928955078125e-07, 1.1920928955078125e-07, -1.4901161193847656e-08, 0.4250848591327667, 0.48466700315475464, 0.7644611597061157, 0.2286556363105774, 0.7596747875213623, -0.6087782979011536, -0.8757964372634888, 0.4335806369781494, 0.2121042162179947),
            ["Head"] = CFrame.new(-8.265487849712372e-09, -1.1920928955078125e-07, -2.0954757928848267e-08, 0.9978141188621521, 0.06608286499977112, -0.0004957521450705826, -0.06541620939970016, 0.986627995967865, -0.1492847055196762, -0.009376037865877151, 0.14899088442325592, 0.9887941479682922),
            ["UpperTorso"] = CFrame.new(-3.2014213502407074e-09, 2.9802322387695312e-08, -6.883055903017521e-09, 0.9981903433799744, -0.05955105274915695, -0.008355580270290375, 0.06009303405880928, 0.9826759696006775, 0.1753193587064743, -0.002229624427855015, -0.1755041927099228, 0.9844762086868286),
            ["Scythe"] = CFrame.new(0.25492310523986816, -1.2196247577667236, -0.11742299795150757, 0.5319560766220093, 0.053004685789346695, 0.8451113104820251, -0.011018258519470692, 0.9983878135681152, -0.05568259209394455, -0.8467003107070923, 0.02030906453728676, 0.5316826105117798),
            ["LeftUpperArm"] = CFrame.new(-1.1920928955078125e-07, 2.384185791015625e-07, -2.0489096641540527e-08, 0.2965327501296997, -0.5034002065658569, -0.8115766048431396, -0.4317255914211273, 0.6873515844345093, -0.5840898752212524, 0.8518693447113037, 0.523580014705658, -0.013508567586541176),
            ["RightLowerArm"] = CFrame.new(3.5762786865234375e-07, 4.76837158203125e-07, 2.384185791015625e-07, 1, -8.195638656616211e-08, -7.450578820566989e-09, 5.960463766996327e-08, 0.7145601511001587, -0.6995739340782166, 2.9802318834981634e-08, 0.6995741128921509, 0.714560329914093),
            ["LeftHand"] = CFrame.new(-7.82310962677002e-08, 0, 2.4493783712387085e-07, 0.16132648289203644, 0.9524135589599609, 0.2586161494255066, -0.9806177616119385, 0.18422093987464905, -0.06671971827745438, -0.11118735373020172, -0.24283985793590546, 0.9636732935905457),
            ["RightFoot"] = CFrame.new(-6.51925802230835e-09, 3.5762786865234375e-07, 5.420588422566652e-09, 0.9977573156356812, 0.057131387293338776, -0.03487664461135864, -0.06622517853975296, 0.9182846546173096, -0.39034268260002136, 0.009725818410515785, 0.39177724719047546, 0.9200088381767273),
            ["RightUpperLeg"] = CFrame.new(0, 1.9371509552001953e-07, -6.5847416408360004e-09, 0.9964414238929749, -0.07413244247436523, -0.04011303558945656, 0.07106264680624008, 0.9947828650474548, -0.0731923058629036, 0.045329708606004715, 0.07008117437362671, 0.9965108633041382),
            ["LowerTorso"] = CFrame.new(-0.031796667724847794, -0.08439934253692627, -0.06073446571826935, 0.99992835521698, 0.01044345274567604, -0.005866087973117828, -0.01080896332859993, 0.997748851776123, -0.06618452072143555, 0.005161688197404146, 0.06624318659305573, 0.9977901577949524),
        }},
        {Time = 0.033, Data = {
            ["LeftLowerArm"] = CFrame.new(0, 1.1920928955078125e-07, -2.7567148208618164e-07, 1, -5.727633833885193e-08, 5.2154071283894154e-08, 5.960465898624534e-08, 0.6815782785415649, -0.7317453622817993, 4.4703494239684005e-08, 0.7317452430725098, 0.6815780401229858),
            ["LeftFoot"] = CFrame.new(-2.0954757928848267e-09, 1.7881393432617188e-07, -2.60770320892334e-08, 0.9950844049453735, -0.0136724803596735, 0.09808286279439926, 0.047309089452028275, 0.9357305765151978, -0.34952864050865173, -0.08700021356344223, 0.3524506986141205, 0.9317775964736938),
            ["RightHand"] = CFrame.new(3.725290298461914e-08, -1.1920928955078125e-07, 1.0617077350616455e-07, 0.4007780849933624, -0.9094668626785278, -0.11066652089357376, 0.8977930545806885, 0.41393640637397766, -0.15041348338127136, 0.18260504305362701, -0.03907317295670509, 0.9824097156524658),
            ["HumanoidRootPart"] = CFrame.new(0, 0, 0, 1, 0, 0, 0, 1, 0, 0, 0, 1),
            ["RightLowerLeg"] = CFrame.new(-4.190951585769653e-08, 1.7881393432617188e-07, -7.617927622050047e-09, 1, -8.754432911928234e-08, -3.7252917195473856e-08, 9.033830394855613e-08, 0.7851945757865906, 0.6192489266395569, -4.0978196835794733e-08, -0.619249165058136, 0.7851948142051697),
            ["LeftUpperLeg"] = CFrame.new(2.9802322387695312e-08, -1.9418075680732727e-07, -2.7939677238464355e-09, 0.9979392290115356, 0.0026740198954939842, -0.06411170214414597, -0.003996019717305899, 0.9997819066047668, -0.020500890910625458, 0.06404289603233337, 0.020714841783046722, 0.9977321624755859),
            ["LeftLowerLeg"] = CFrame.new(2.7939677238464355e-09, -1.1920928955078125e-07, 1.4901161193847656e-08, 1, 4.284084909045305e-08, 8.847566235203885e-09, -3.725290298461914e-08, 0.901701807975769, 0.43235862255096436, 6.868503987789154e-09, -0.43235862255096436, 0.901701807975769),
            ["RightUpperArm"] = CFrame.new(0, -8.344650268554688e-07, 4.470348358154297e-08, 0.4629339575767517, 0.5100795030593872, 0.7249215841293335, 0.2429194301366806, 0.713514506816864, -0.6571811437606812, -0.8524566292762756, 0.4803289771080017, 0.20640183985233307),
            ["Head"] = CFrame.new(-1.1175870895385742e-08, -3.5762786865234375e-07, -1.816079020500183e-08, 0.9983944296836853, 0.054513126611709595, 0.015397807583212852, -0.05274860933423042, 0.9937801957130432, -0.0980747789144516, -0.020648395642638206, 0.09710519015789032, 0.9950600266456604),
            ["UpperTorso"] = CFrame.new(4.787580110132694e-09, 2.9802322387695312e-08, 7.392372936010361e-09, 0.9991087317466736, -0.04213358834385872, -0.0025914334692060947, 0.041524626314640045, 0.9699146151542664, 0.2398778796195984, -0.00759344594553113, -0.23977161943912506, 0.9707996845245361),
            ["Scythe"] = CFrame.new(0.25276878476142883, -1.2167026996612549, -0.0924595296382904, 0.5708081722259521, 0.05193239450454712, 0.8194396495819092, -0.00913148932158947, 0.9983375668525696, -0.056909363716840744, -0.8210327625274658, 0.02500160038471222, 0.5703332424163818),
            ["LeftUpperArm"] = CFrame.new(1.7881393432617188e-07, -9.5367431640625e-07, 8.754432201385498e-08, 0.33058008551597595, -0.5415751338005066, -0.7729252576828003, -0.438895583152771, 0.6368065476417542, -0.6339148283004761, 0.8355163931846619, 0.5487930178642273, -0.027179326862096786),
            ["RightLowerArm"] = CFrame.new(5.960464477539063e-08, 3.5762786865234375e-07, 2.9802322387695312e-08, 1, -1.3224780559539795e-07, 6.146731124090365e-08, 0, 0.7195566892623901, -0.6944339275360107, -7.450580596923828e-09, 0.6944337487220764, 0.7195565700531006),
            ["LeftHand"] = CFrame.new(-2.9802322387695312e-08, -5.960464477539063e-08, 5.681067705154419e-08, 0.1401740163564682, 0.9633870124816895, 0.2285536527633667, -0.9867566227912903, 0.15495389699935913, -0.047966696321964264, -0.08162585645914078, -0.21880313754081726, 0.9723489284515381),
            ["RightFoot"] = CFrame.new(-6.146728992462158e-08, 2.384185791015625e-07, 5.420588422566652e-09, 0.9973411560058594, 0.07059258967638016, -0.018094556406140327, -0.07281240075826645, 0.9550187587738037, -0.287467360496521, -0.0030124157201498747, 0.28802087903022766, 0.9576196074485779),
            ["RightUpperLeg"] = CFrame.new(0, -2.0489096641540527e-07, -7.639755494892597e-10, 0.9964460134506226, -0.08046766370534897, -0.0249067023396492, 0.07501015812158585, 0.9821885824203491, -0.17227661609649658, 0.03832577168941498, 0.16979597508907318, 0.9847337007522583),
            ["LowerTorso"] = CFrame.new(-0.04577216878533363, -0.07031488418579102, -0.03619477152824402, 0.9997761845588684, 0.004046950023621321, -0.020764343440532684, -0.005425455514341593, 0.9977537989616394, -0.06676739454269409, 0.020447498187422752, 0.06686510890722275, 0.9975524544715881),
        }},
        {Time = 0.067, Data = {
            ["LeftLowerArm"] = CFrame.new(-5.960464477539063e-08, 0, 1.4156103134155273e-07, 1, -1.862645504502325e-08, -7.450580596923828e-09, 0, 0.8036263585090637, -0.5951341986656189, 3.725290742551124e-09, 0.5951342582702637, 0.803626298904419),
            ["LeftFoot"] = CFrame.new(8.544884622097015e-08, 5.960464477539063e-08, -3.725290298461914e-09, 0.9948093295097351, -0.007850060239434242, 0.10145331174135208, 0.038574885576963425, 0.951695442199707, -0.3046107590198517, -0.0941615030169487, 0.30694326758384705, 0.9470584392547607),
            ["RightHand"] = CFrame.new(-5.21540641784668e-08, -1.7881393432617188e-07, 3.2223761081695557e-07, 0.4091419279575348, -0.8893954157829285, -0.20390884578227997, 0.8333926200866699, 0.4552319347858429, -0.31340187788009644, 0.37156400084495544, -0.04171021655201912, 0.9274700284004211),
            ["HumanoidRootPart"] = CFrame.new(0, 0, 0, 1, 0, 0, 0, 1, 0, 0, 0, 1),
            ["RightLowerLeg"] = CFrame.new(2.0489096641540527e-08, 3.5762786865234375e-07, -1.007501850835979e-07, 1, -1.0058283805847168e-07, -4.842879164357328e-08, 1.0058283805847168e-07, 0.7320659160614014, 0.6812337040901184, -3.91155481338501e-08, -0.6812338829040527, 0.7320660352706909),
            ["LeftUpperLeg"] = CFrame.new(0, -4.102475941181183e-07, -9.313225746154785e-09, 0.998709499835968, 0.013225117698311806, -0.04903501644730568, -0.011975007131695747, 0.99959796667099, 0.025700850412249565, 0.04935519024729729, -0.025080544874072075, 0.9984663724899292),
            ["LeftLowerLeg"] = CFrame.new(-1.955777406692505e-08, -5.960464477539063e-08, 1.4901161193847656e-08, 1, 3.81842291119483e-08, -8.614736479728435e-09, -2.9569488191327764e-08, 0.937889039516449, 0.34693554043769836, 8.556525266101289e-09, -0.3469354212284088, 0.9378890991210938),
            ["RightUpperArm"] = CFrame.new(0, 3.5762786865234375e-07, -1.210719347000122e-07, 0.4580961763858795, 0.5964731574058533, 0.6590657234191895, 0.32904529571533203, 0.5749813318252563, -0.7490834593772888, -0.8257585167884827, 0.5600146055221558, 0.06713002175092697),
            ["Head"] = CFrame.new(-2.7939677238464355e-09, 2.384185791015625e-07, -6.658956408500671e-08, 0.9987300038337708, 0.03979361429810524, 0.030901247635483742, -0.04048491269350052, 0.9989362359046936, 0.022077467292547226, -0.029989834874868393, -0.023300349712371826, 0.9992786049842834),
            ["UpperTorso"] = CFrame.new(6.51925802230835e-09, -2.9802322387695312e-08, -2.1886080503463745e-08, 0.9997462630271912, -0.020717179402709007, 0.008841389790177345, 0.017895018681883812, 0.9688946604728699, 0.24682581424713135, -0.013679912313818932, -0.2466050088405609, 0.9690195322036743),
            ["Scythe"] = CFrame.new(0.2533538341522217, -1.2144345045089722, -0.07101503014564514, 0.5856972932815552, 0.05010725185275078, 0.8089796304702759, -0.0062142242677509785, 0.9983356595039368, -0.05733666196465492, -0.8105061054229736, 0.028554802760481834, 0.5850337743759155),
            ["LeftUpperArm"] = CFrame.new(-3.5762786865234375e-07, 0, -7.450580596923828e-08, 0.38047370314598083, -0.5849804282188416, -0.7162665128707886, -0.44626688957214355, 0.5622330904006958, -0.696232795715332, 0.8099910616874695, 0.5845442414283752, -0.047142431139945984),
            ["RightLowerArm"] = CFrame.new(-5.960464477539063e-08, 2.384185791015625e-07, 2.8312206268310547e-07, 1, -1.4901164746561335e-08, 0, 4.4703494239684005e-08, 0.9184569120407104, -0.39552128314971924, 4.4703494239684005e-08, 0.39552125334739685, 0.9184569120407104),
            ["LeftHand"] = CFrame.new(-8.195638656616211e-08, 1.1920928955078125e-07, -2.682209014892578e-07, 0.1796097308397293, 0.9496765732765198, 0.2566221058368683, -0.9651379585266113, 0.2205999791622162, -0.14087030291557312, -0.1903919130563736, -0.22237396240234375, 0.9561907649040222),
            ["RightFoot"] = CFrame.new(4.377216100692749e-08, 1.7881393432617188e-07, -1.3205863069742918e-08, 0.9962713718414307, 0.08626116812229156, 0.001601806259714067, -0.08503425121307373, 0.9849017858505249, -0.15078964829444885, -0.014584915712475777, 0.15009154379367828, 0.9885646104812622),
            ["RightUpperLeg"] = CFrame.new(0, -2.594024408608675e-07, -1.263833837583661e-08, 0.9970865249633789, -0.07539981603622437, -0.011548355221748352, 0.07015169411897659, 0.9658737778663635, -0.2493322640657425, 0.029953867197036743, 0.24779562652111053, 0.9683491587638855),
            ["LowerTorso"] = CFrame.new(-0.055358339101076126, -0.04661428928375244, -0.02195829153060913, 0.9992069005966187, -0.010079190135002136, -0.03852325305342674, 0.007455367594957352, 0.9976808428764343, -0.06765678524971008, 0.03911583870649338, 0.06731592118740082, 0.996964693069458),
        }},
        {Time = 0.100, Data = {
            ["LeftLowerArm"] = CFrame.new(8.940696716308594e-08, 0, -3.166496753692627e-07, 1, -7.450579886381092e-08, 1.4901159417490817e-08, 5.960464477539063e-08, 0.9492151737213135, -0.31462764739990234, 1.862645149230957e-08, 0.3146275281906128, 0.9492152333259583),
            ["LeftFoot"] = CFrame.new(1.0244548320770264e-08, -1.7881393432617188e-07, 3.725290298461914e-09, 0.9946485161781311, -0.004607136826962233, 0.10321410745382309, 0.029440898448228836, 0.9702256321907043, -0.2404070943593979, -0.09903332591056824, 0.24215923249721527, 0.9651690721511841),
            ["RightHand"] = CFrame.new(1.4901161193847656e-07, 2.980232238769531e-07, 1.4528632164001465e-07, 0.4254237413406372, -0.8740858435630798, -0.2344965636730194, 0.8189504742622375, 0.4820999503135681, -0.311287522315979, 0.3851427137851715, -0.05961192771792412, 0.9209296703338623),
            ["HumanoidRootPart"] = CFrame.new(0, 0, 0, 1, 0, 0, 0, 1, 0, 0, 0, 1),
            ["RightLowerLeg"] = CFrame.new(-1.1175870895385742e-07, 5.960464477539063e-08, 3.894820110872388e-08, 1, -1.0803343286625022e-07, -5.215408194203519e-08, 1.1548399925231934e-07, 0.632236659526825, 0.7747750878334045, -4.842877388000488e-08, -0.7747754454612732, 0.6322370171546936),
            ["LeftUpperLeg"] = CFrame.new(5.960464477539063e-08, -1.9790604710578918e-07, 0, 0.9992182850837708, 0.020222270861268044, -0.03396947309374809, -0.016750680282711983, 0.994892418384552, 0.09954236447811127, 0.03580890968441963, -0.09889549016952515, 0.9944533705711365),
            ["LeftLowerLeg"] = CFrame.new(-2.3399479687213898e-08, -1.1920928955078125e-07, -1.862645149230957e-09, 1, 1.769513069405093e-08, 1.0593796950786327e-08, -1.862645149230957e-08, 0.9772513508796692, 0.21208475530147552, -3.3905962482094765e-09, -0.21208475530147552, 0.9772513508796692),
            ["RightUpperArm"] = CFrame.new(0, 1.1920928955078125e-07, 6.705522537231445e-08, 0.4634517729282379, 0.5965747833251953, 0.6552184224128723, 0.3378600478172302, 0.5646010041236877, -0.7530444860458374, -0.819184422492981, 0.5703719854354858, 0.060106515884399414),
            ["Head"] = CFrame.new(-9.313225746154785e-10, 0, 5.774199962615967e-08, 0.9986613988876343, 0.02880099043250084, 0.04296468198299408, -0.03477605804800987, 0.9887420535087585, 0.14553281664848328, -0.03828949108719826, -0.14683200418949127, 0.9884201288223267),
            ["UpperTorso"] = CFrame.new(2.444721758365631e-09, -1.7881393432617188e-07, -4.190951585769653e-09, 0.9998103976249695, -0.009963084943592548, 0.016736021265387535, 0.005804270971566439, 0.9726342558860779, 0.23226945102214813, -0.01859215646982193, -0.23212824761867523, 0.9725075364112854),
            ["Scythe"] = CFrame.new(0.25445252656936646, -1.2129957675933838, -0.056285202503204346, 0.5977599620819092, 0.04859068989753723, 0.8002013564109802, -0.00461816368624568, 0.9983536005020142, -0.05717332288622856, -0.8016617894172668, 0.03048049844801426, 0.597000002861023),
            ["LeftUpperArm"] = CFrame.new(0, 0, 3.725290298461914e-08, 0.39688074588775635, -0.6460606455802917, -0.6519904136657715, -0.48559609055519104, 0.4549901485443115, -0.7464450597763062, 0.7788979411125183, 0.6128537058830261, -0.1331477016210556),
            ["RightLowerArm"] = CFrame.new(1.1920928955078125e-07, 0, 0, 1, -3.725290298461914e-08, -6.891786341611805e-08, 2.9802318834981634e-08, 0.9305151700973511, -0.3662533760070801, 1.4901159417490817e-08, 0.3662533164024353, 0.9305152297019958),
            ["LeftHand"] = CFrame.new(1.341104507446289e-07, -2.384185791015625e-07, 1.30385160446167e-07, 0.189711794257164, 0.9247924089431763, 0.3298009932041168, -0.9035322070121765, 0.2958906292915344, -0.3099650740623474, -0.3842383921146393, -0.23918160796165466, 0.8917135000228882),
            ["RightFoot"] = CFrame.new(3.3527612686157227e-08, 4.172325134277344e-07, -2.0656443666666746e-08, 0.9944490790367126, 0.10456566512584686, 0.011713546700775623, -0.10177071392536163, 0.984143078327179, -0.1452765166759491, -0.026718728244304657, 0.14327828586101532, 0.9893218278884888),
            ["RightUpperLeg"] = CFrame.new(-2.9802322387695312e-08, -2.7561327442526817e-07, 1.786247594282031e-08, 0.9971958994865417, -0.07483235746622086, 0.0007256152457557619, 0.07061343640089035, 0.9376762509346008, -0.34026050567626953, 0.024782080203294754, 0.33935749530792236, 0.940330982208252),
            ["LowerTorso"] = CFrame.new(-0.06072324514389038, -0.025603294372558594, -0.01470869779586792, 0.9983992576599121, -0.018240589648485184, -0.05353870242834091, 0.01456364057958126, 0.9975597262382507, -0.06828242540359497, 0.05465357378125191, 0.06739339977502823, 0.9962285161018372),
        }},
        {Time = 0.133, Data = {
            ["LeftLowerArm"] = CFrame.new(-1.7881393432617188e-07, 3.5762786865234375e-07, -2.9383227229118347e-07, 1, 1.4901159417490817e-08, -1.4901159417490817e-08, 5.960464477539063e-08, 0.940554141998291, -0.33964380621910095, 8.149072527885437e-09, 0.3396437466144562, 0.9405542016029358),
            ["LeftFoot"] = CFrame.new(-4.98257577419281e-08, 0, -1.862645149230957e-08, 0.9947450757026672, -0.004101772326976061, 0.10230050981044769, 0.021671868860721588, 0.9849912524223328, -0.17123842239379883, -0.10006275773048401, 0.1725558042526245, 0.9799041152000427),
            ["RightHand"] = CFrame.new(7.450580596923828e-08, 1.1920928955078125e-07, 8.475035429000854e-08, 0.44898051023483276, -0.8585251569747925, -0.24769219756126404, 0.8115777373313904, 0.5077915787696838, -0.28894490003585815, 0.37384238839149475, -0.07129088044166565, 0.9247483611106873),
            ["HumanoidRootPart"] = CFrame.new(0, 0, 0, 1, 0, 0, 0, 1, 0, 0, 0, 1),
            ["RightLowerLeg"] = CFrame.new(-8.195638656616211e-08, 2.384185791015625e-07, 3.149762051180005e-08, 1, -1.1734661597984086e-07, -5.215408194203519e-08, 1.378357268322361e-07, 0.4733937978744507, 0.8808507919311523, -7.450579886381092e-08, -0.8808508515357971, 0.473393976688385),
            ["LeftUpperLeg"] = CFrame.new(5.960464477539063e-08, 2.4656765162944794e-07, -1.862645149230957e-08, 0.9993020296096802, 0.02645162306725979, -0.026378510519862175, -0.021273745223879814, 0.9833986759185791, 0.18020668625831604, 0.030707331374287605, -0.17951983213424683, 0.9832750558853149),
            ["LeftLowerLeg"] = CFrame.new(4.936009645462036e-08, 1.7881393432617188e-07, 1.862645149230957e-08, 1, 5.122274604474342e-09, -6.752091774586688e-09, -4.6566128730773926e-09, 0.9980838894844055, 0.06187640130519867, 3.14321368932724e-09, -0.06187639385461807, 0.9980838894844055),
            ["RightUpperArm"] = CFrame.new(-5.960464477539063e-08, -3.5762786865234375e-07, 5.21540641784668e-08, 0.4829583168029785, 0.5846888422966003, 0.6518359184265137, 0.31662264466285706, 0.5774335265159607, -0.7525429129600525, -0.8163953423500061, 0.569832980632782, 0.09375062584877014),
            ["Head"] = CFrame.new(5.587935447692871e-09, -3.5762786865234375e-07, 4.423782229423523e-08, 0.9985510110855103, 0.025162236765027046, 0.04756912961602211, -0.03557619825005531, 0.9718965291976929, 0.23270489275455475, -0.040376897901296616, -0.2340599149465561, 0.9713833928108215),
            ["UpperTorso"] = CFrame.new(8.032657206058502e-09, 1.1920928955078125e-07, -3.725290298461914e-09, 0.9998072981834412, -0.0050243656150996685, 0.01897875964641571, 0.0010769724613055587, 0.979278564453125, 0.20251503586769104, -0.019602995365858078, -0.20245559513568878, 0.9790952801704407),
            ["Scythe"] = CFrame.new(0.298291951417923, -1.2334177494049072, -0.08945488929748535, 0.6007360816001892, 0.04854152724146843, 0.7979723811149597, -0.002857527695596218, 0.9982789158821106, -0.058575164526700974, -0.7994422316551208, 0.03290802612900734, 0.5998408198356628),
            ["LeftUpperArm"] = CFrame.new(0, -5.960464477539062e-07, -1.1175870895385742e-08, 0.4338633418083191, -0.6249743103981018, -0.6489758491516113, -0.44736871123313904, 0.47579801082611084, -0.7572831511497498, 0.782063901424408, 0.6188889145851135, -0.07316267490386963),
            ["RightLowerArm"] = CFrame.new(-1.4901161193847656e-07, -2.384185791015625e-07, 7.450580596923828e-08, 1, -2.2351738238057806e-08, 1.7695128917694092e-08, -2.9802322387695312e-08, 0.9255509376525879, -0.3786230981349945, -2.9802322387695312e-08, 0.3786231279373169, 0.9255509972572327),
            ["LeftHand"] = CFrame.new(1.564621925354004e-07, 0, 2.8312206268310547e-07, 0.22597679495811462, 0.9172865152359009, 0.32790279388427734, -0.9014196991920471, 0.3245145082473755, -0.28658825159072876, -0.36929264664649963, -0.23081567883491516, 0.9001927971839905),
            ["RightFoot"] = CFrame.new(2.2351741790771484e-08, 4.172325134277344e-07, 1.6952981241047382e-09, 0.9926618337631226, 0.11931467801332474, 0.019663358107209206, -0.1145683154463768, 0.9799942970275879, -0.16274257004261017, -0.03868761286139488, 0.1592959463596344, 0.9864726066589355),
            ["RightUpperLeg"] = CFrame.new(-5.960464477539063e-08, 2.0174775272607803e-07, -1.845910446718335e-08, 0.9967291355133057, -0.08074679225683212, 0.0033296660985797644, 0.07354175299406052, 0.8891675472259521, -0.4516332447528839, 0.03350730240345001, 0.45040082931518555, 0.8921975493431091),
            ["LowerTorso"] = CFrame.new(-0.061803653836250305, -0.014227628707885742, -0.014203578233718872, 0.9980612993240356, -0.02326161414384842, -0.057727962732315063, 0.019252324476838112, 0.9974266886711121, -0.06906107068061829, 0.05918588116765022, 0.06781578063964844, 0.9959408044815063),
        }},
        {Time = 0.167, Data = {
            ["LeftLowerArm"] = CFrame.new(-2.980232238769531e-07, -5.960464477539063e-08, 3.501772880554199e-07, 1, -2.2351741790771484e-08, 7.450580596923828e-08, 1.4901159417490817e-08, 0.9385413527488708, -0.3451670706272125, -4.656612162534657e-08, 0.34516704082489014, 0.9385413527488708),
            ["LeftFoot"] = CFrame.new(1.257285475730896e-08, -1.1920928955078125e-07, 2.9802322387695312e-08, 0.9950621128082275, -0.004693502094596624, 0.09914311021566391, 0.02685282938182354, 0.974360466003418, -0.22338485717773438, -0.09555263072252274, 0.2249438762664795, 0.9696751832962036),
            ["RightHand"] = CFrame.new(2.9802322387695312e-08, 0, 1.8952414393424988e-07, 0.461390882730484, -0.8488439917564392, -0.2580357789993286, 0.8075947761535645, 0.5222467184066772, -0.2739510238170624, 0.36729979515075684, -0.0819898247718811, 0.9264817833900452),
            ["HumanoidRootPart"] = CFrame.new(0, 0, 0, 1, 0, 0, 0, 1, 0, 0, 0, 1),
            ["RightLowerLeg"] = CFrame.new(-5.21540641784668e-08, 4.76837158203125e-07, 6.875052349641919e-08, 1, -1.4805119974425907e-07, -7.450583439094771e-08, 1.3411046495548362e-07, 0.3989361524581909, 0.9169785380363464, -1.005828522693264e-07, -0.9169787764549255, 0.39893659949302673),
            ["LeftUpperLeg"] = CFrame.new(-5.960464477539063e-08, -3.3923424780368805e-07, 2.421438694000244e-08, 0.9989312291145325, 0.024714333936572075, -0.03905950486660004, -0.020020700991153717, 0.9930131435394287, 0.11629340052604675, 0.04166072979569435, -0.11538702994585037, 0.9924466609954834),
            ["LeftLowerLeg"] = CFrame.new(8.022470865398645e-08, -1.1920928955078125e-07, -1.234002411365509e-08, 1, 1.2107198799071739e-08, 5.587935447692871e-09, -1.5366822481155396e-08, 0.983620822429657, 0.18025057017803192, -7.566995918750763e-10, -0.1802506297826767, 0.9836207628250122),
            ["RightUpperArm"] = CFrame.new(1.1920928955078125e-07, 0, 6.51925802230835e-08, 0.5039085149765015, 0.5683262944221497, 0.6504473090171814, 0.2945081293582916, 0.594871461391449, -0.7479256391525269, -0.8119983077049255, 0.568448007106781, 0.1323840618133545),
            ["Head"] = CFrame.new(-6.984919309616089e-09, -1.1920928955078125e-07, 3.306195139884949e-08, 0.9988095164299011, 0.028884166851639748, 0.03931128606200218, -0.0392344631254673, 0.9545339941978455, 0.2955091893672943, -0.028988422825932503, -0.2966996431350708, 0.9545307755470276),
            ["UpperTorso"] = CFrame.new(-6.461050361394882e-09, -2.384185791015625e-07, 1.6530975699424744e-08, 0.999866247177124, -0.006284561939537525, 0.015101423487067223, 0.003625835059210658, 0.9854325652122498, 0.170027956366539, -0.015949981287121773, -0.1699504852294922, 0.9853235483169556),
            ["Scythe"] = CFrame.new(0.33561766147613525, -1.2494369745254517, -0.11640617251396179, 0.601784348487854, 0.049650534987449646, 0.7971137166023254, 0.0006689066649414599, 0.9980340600013733, -0.0626705065369606, -0.7986584305763245, 0.03824731335043907, 0.6005681753158569),
            ["LeftUpperArm"] = CFrame.new(-1.1920928955078125e-07, -1.1920928955078125e-07, 7.450580596923828e-08, 0.4437953531742096, -0.6210243105888367, -0.646045446395874, -0.4245571792125702, 0.4891769587993622, -0.7618772983551025, 0.7891747355461121, 0.6124007701873779, -0.04656588286161423),
            ["RightLowerArm"] = CFrame.new(1.1920928955078125e-07, -5.960464477539062e-07, 1.043081283569336e-07, 1, -7.450579886381092e-08, 7.1944654678191e-08, 2.9802315282267955e-08, 0.9193631410598755, -0.3934098780155182, -1.4901157641133977e-08, 0.39340993762016296, 0.9193631410598755),
            ["LeftHand"] = CFrame.new(2.9802322387695312e-08, 0, 1.7136335372924805e-07, 0.24731206893920898, 0.9090782403945923, 0.33528104424476624, -0.8986070156097412, 0.3446180820465088, -0.2715584635734558, -0.3624117970466614, -0.2341262698173523, 0.9021323323249817),
            ["RightFoot"] = CFrame.new(-1.862645149230957e-08, 3.5762786865234375e-07, 8.365168469026685e-08, 0.9927121996879578, 0.114827960729599, 0.03656596317887306, -0.10267098248004913, 0.9647614359855652, -0.242268368601799, -0.06309661269187927, 0.23674869537353516, 0.9695199728012085),
            ["RightUpperLeg"] = CFrame.new(5.960464477539063e-08, -1.52242137119174e-07, 2.5778717827051878e-08, 0.9925565719604492, -0.11492042988538742, -0.04030877351760864, 0.0800197422504425, 0.8649185299873352, -0.49549251794815063, 0.09180603176355362, 0.48857876658439636, 0.8676764369010925),
            ["LowerTorso"] = CFrame.new(-0.06170584261417389, -0.020435333251953125, -0.01582019031047821, 0.9988192319869995, -0.021319827064871788, -0.04365568235516548, 0.018221503123641014, 0.9973679780960083, -0.07017941027879715, 0.04503699392080307, 0.0693010613322258, 0.9965787529945374),
        }},
        {Time = 0.200, Data = {
            ["LeftLowerArm"] = CFrame.new(5.960464477539063e-08, 1.7881393432617188e-07, -3.67872416973114e-07, 1, -2.980232594040899e-08, 2.9802318834981634e-08, 8.940698847936801e-08, 0.9409207105636597, -0.33862724900245667, -4.656613761255812e-09, 0.3386272192001343, 0.9409205913543701),
            ["LeftFoot"] = CFrame.new(-7.799826562404633e-09, 5.960464477539063e-08, 5.587935447692871e-08, 0.9954236149787903, -0.006238850299268961, 0.095357246696949, 0.03173576295375824, 0.9628145694732666, -0.26829275488853455, -0.0901375338435173, 0.2700912356376648, 0.9586063623428345),
            ["RightHand"] = CFrame.new(3.725290298461914e-08, -5.960464477539063e-08, -1.157168298959732e-07, 0.466722309589386, -0.8458971977233887, -0.2581252157688141, 0.8066335320472717, 0.5268240571022034, -0.2679528295993805, 0.36264702677726746, -0.08315284550189972, 0.9282094836235046),
            ["HumanoidRootPart"] = CFrame.new(0, 0, 0, 1, 0, 0, 0, 1, 0, 0, 0, 1),
            ["RightLowerLeg"] = CFrame.new(0, 4.172325134277344e-07, -7.281050784513354e-08, 1, -1.3038514623531228e-07, -8.568170528633345e-08, 1.4901162614933128e-07, 0.45671963691711426, 0.8896105885505676, -8.195639367158947e-08, -0.8896106481552124, 0.45671993494033813),
            ["LeftUpperLeg"] = CFrame.new(0, -2.605374902486801e-07, 5.587935447692871e-09, 0.9979745745658875, 0.019987942650914192, -0.06039290875196457, -0.01663351245224476, 0.9983177185058594, 0.05554443597793579, 0.061401546001434326, -0.05442743003368378, 0.9966280460357666),
            ["LeftLowerLeg"] = CFrame.new(-4.21423465013504e-08, 5.960464477539063e-08, 0, 1, 2.5611374354639338e-08, 5.122275492652761e-09, -2.491287531825037e-08, 0.9582714438438416, 0.2858599126338959, 8.483765689959455e-09, -0.2858598828315735, 0.9582714438438416),
            ["RightUpperArm"] = CFrame.new(-1.1920928955078125e-07, 0, -4.470348358154297e-08, 0.5242229700088501, 0.5539288520812988, 0.6468021869659424, 0.2693764567375183, 0.612665593624115, -0.7430191040039062, -0.8078530430793762, 0.5637407898902893, 0.17195788025856018),
            ["Head"] = CFrame.new(0, 0, 2.1886080503463745e-08, 0.9989421367645264, 0.038231343030929565, 0.025555210188031197, -0.044643525034189224, 0.9395397901535034, 0.3395177125930786, -0.011029918678104877, -0.34029915928840637, 0.9402524828910828),
            ["UpperTorso"] = CFrame.new(-2.342858351767063e-09, -1.1920928955078125e-07, -5.9371814131736755e-09, 0.9998934864997864, -0.012148713693022728, 0.008097369223833084, 0.010879164561629295, 0.9898499846458435, 0.14169982075691223, -0.009736651554703712, -0.14159664511680603, 0.9898765683174133),
            ["Scythe"] = CFrame.new(0.3586122989654541, -1.2588590383529663, -0.14353540539741516, 0.602810263633728, 0.04994479939341545, 0.7963200211524963, 0.0008590887882746756, 0.9979977607727051, -0.0632442981004715, -0.7978841662406921, 0.0388084352016449, 0.601560115814209),
            ["LeftUpperArm"] = CFrame.new(0, 1.1920928955078125e-07, 1.6763806343078613e-08, 0.43927624821662903, -0.6297694444656372, -0.6406456828117371, -0.406919002532959, 0.49629366397857666, -0.7668831944465637, 0.8009079098701477, 0.5975642204284668, -0.03825516253709793),
            ["RightLowerArm"] = CFrame.new(-2.9802322387695312e-08, 7.152557373046875e-07, -2.086162567138672e-07, 1, -8.940696716308594e-08, 7.57863674039072e-08, -1.4901164746561335e-08, 0.9135836958885193, -0.40665069222450256, -7.4505820180093e-08, 0.4066508114337921, 0.9135837554931641),
            ["LeftHand"] = CFrame.new(5.21540641784668e-08, -1.1920928955078125e-07, 1.564621925354004e-07, 0.2596863806247711, 0.9048619866371155, 0.33732491731643677, -0.896642804145813, 0.3556416928768158, -0.2637242376804352, -0.3586008846759796, -0.2339741587638855, 0.9036933183670044),
            ["RightFoot"] = CFrame.new(1.257285475730896e-08, 3.5762786865234375e-07, -7.617927622050047e-09, 0.9929668307304382, 0.09619609266519547, 0.06901702284812927, -0.07826627790927887, 0.9707470536231995, -0.22698986530303955, -0.08883363008499146, 0.219991996884346, 0.9714486002922058),
            ["RightUpperLeg"] = CFrame.new(0, -2.2689346224069595e-07, 3.892637323588133e-09, 0.9793855547904968, -0.1609901785850525, -0.12200907617807388, 0.08426140993833542, 0.8745420575141907, -0.47757336497306824, 0.18358676135540009, 0.45744773745536804, 0.870078980922699),
            ["LowerTorso"] = CFrame.new(-0.060341957956552505, -0.03206431865692139, -0.018454253673553467, 0.9996645450592041, -0.016214780509471893, -0.02019733563065529, 0.014739986509084702, 0.9973572492599487, -0.07114246487617493, 0.02129751816391945, 0.0708208903670311, 0.997261643409729),
        }},
        {Time = 0.233, Data = {
            ["LeftLowerArm"] = CFrame.new(-5.960464477539063e-08, -0.0000010132789611816406, -1.210719347000122e-08, 1, 2.2351745343485163e-08, 5.960463056453591e-08, 7.450579175838357e-08, 0.9438772201538086, -0.3302966058254242, -8.591448619199582e-08, 0.33029669523239136, 0.9438771605491638),
            ["LeftFoot"] = CFrame.new(-5.3551048040390015e-08, 1.7881393432617188e-07, 1.862645149230957e-08, 0.9958339929580688, -0.009461003355681896, 0.09069345146417618, 0.035972923040390015, 0.9546968936920166, -0.29539811611175537, -0.08378996700048447, 0.2974298298358917, 0.9510597586631775),
            ["RightHand"] = CFrame.new(2.8312206268310547e-07, 5.960464477539063e-08, -2.7241185307502747e-08, 0.47061166167259216, -0.845435619354248, -0.2525137960910797, 0.8055403828620911, 0.5284575819969177, -0.26802554726600647, 0.36004096269607544, -0.07727398723363876, 0.9297307729721069),
            ["HumanoidRootPart"] = CFrame.new(0, 0, 0, 1, 0, 0, 0, 1, 0, 0, 0, 1),
            ["RightLowerLeg"] = CFrame.new(-8.940696716308594e-08, 2.980232238769531e-07, 1.6952981241047382e-09, 1, -1.0430816388407038e-07, -2.980232949312267e-08, 9.685756197086448e-08, 0.6365629434585571, 0.771224319934845, -6.705523247774181e-08, -0.7712247967720032, 0.6365634799003601),
            ["LeftUpperLeg"] = CFrame.new(5.960464477539063e-08, -3.4226104617118835e-08, -1.7636921256780624e-08, 0.9970330595970154, 0.013387506827712059, -0.07580201327800751, -0.012160229496657848, 0.9997878074645996, 0.016629159450531006, 0.07600855082273483, -0.01565798930823803, 0.9969842433929443),
            ["LeftLowerLeg"] = CFrame.new(-1.4901161193847656e-08, -1.7881393432617188e-07, -3.725290298461914e-09, 1, 3.44589530243411e-08, 2.7939683899802503e-09, -2.9336664653101252e-08, 0.9366464018821716, 0.35027623176574707, 1.25728565336658e-08, -0.35027632117271423, 0.9366465210914612),
            ["RightUpperArm"] = CFrame.new(1.1920928955078125e-07, -4.76837158203125e-07, 8.149072527885437e-09, 0.5408467054367065, 0.5462170243263245, 0.639634370803833, 0.24385814368724823, 0.6259672045707703, -0.7407416105270386, -0.8049957156181335, 0.556607723236084, 0.2053527534008026),
            ["Head"] = CFrame.new(-1.1517840903252363e-08, -3.5762786865234375e-07, 1.673470251262188e-09, 0.9986302852630615, 0.04973871260881424, 0.01623615249991417, -0.05223398655653, 0.9297912120819092, 0.3643626272678375, 0.00302669289521873, -0.36471155285835266, 0.9311156272888184),
            ["UpperTorso"] = CFrame.new(3.246896085329354e-10, -2.086162567138672e-07, -6.5410858951509e-09, 0.9996872544288635, -0.02495952695608139, 0.001548941363580525, 0.02459654211997986, 0.9925529360771179, 0.11930504441261292, -0.004515203647315502, -0.11922964453697205, 0.9928564429283142),
            ["Scythe"] = CFrame.new(0.36843132972717285, -1.2629849910736084, -0.16680452227592468, 0.6042333245277405, 0.04892674833536148, 0.7953038215637207, -0.0009587553795427084, 0.9981569647789001, -0.06067783758044243, -0.7968069911003113, 0.03590106964111328, 0.6031666994094849),
            ["LeftUpperArm"] = CFrame.new(-1.1920928955078125e-07, -5.960464477539062e-07, 3.7834979593753815e-09, 0.4324069619178772, -0.6399903297424316, -0.6351668834686279, -0.39266151189804077, 0.5004711151123047, -0.7715863585472107, 0.8116903901100159, 0.5830447673797607, -0.03489242121577263),
            ["RightLowerArm"] = CFrame.new(0, 5.960464477539063e-08, 3.725290298461914e-07, 1, -2.980232949312267e-08, 4.036699863263493e-08, -4.470347647611561e-08, 0.9095792174339294, -0.41553065180778503, -7.450579886381092e-08, 0.41553083062171936, 0.9095792174339294),
            ["LeftHand"] = CFrame.new(-2.1606683731079102e-07, 1.1920928955078125e-07, 6.705522537231445e-08, 0.2673055827617645, 0.9037662744522095, 0.3342965543270111, -0.8968280553817749, 0.36023223400115967, -0.2567732334136963, -0.35248738527297974, -0.23116952180862427, 0.9068150520324707),
            ["RightFoot"] = CFrame.new(-2.514570951461792e-08, 4.172325134277344e-07, -1.3205863069742918e-08, 0.9927875995635986, 0.07322504371404648, 0.09492651373147964, -0.04737362638115883, 0.9669694900512695, -0.2504512369632721, -0.11013027280569077, 0.24414804577827454, 0.9634642004966736),
            ["RightUpperLeg"] = CFrame.new(0, -2.6426278054714203e-08, -8.913048077374697e-09, 0.9559348821640015, -0.18002766370773315, -0.23190243542194366, 0.08536525070667267, 0.926234245300293, -0.3671553432941437, 0.28089413046836853, 0.3311800956726074, 0.9007875919342041),
            ["LowerTorso"] = CFrame.new(-0.0564047209918499, -0.04398059844970703, -0.020952388644218445, 0.9999653100967407, -0.008262122049927711, -0.0011405230034142733, 0.008158623240888119, 0.9973734617233276, -0.07196974754333496, 0.001732150325551629, 0.07195793092250824, 0.9974062442779541),
        }},
        {Time = 0.267, Data = {
            ["LeftLowerArm"] = CFrame.new(-5.960464477539063e-08, 2.384185791015625e-07, -3.1082890927791595e-07, 1, 5.960465188081798e-08, 0, -1.4901159417490817e-08, 0.9461378455162048, -0.3237641155719757, 1.1641531072470457e-09, 0.32376423478126526, 0.9461378455162048),
            ["LeftFoot"] = CFrame.new(4.190951585769653e-09, 1.1920928955078125e-07, 5.21540641784668e-08, 0.9962676763534546, -0.013382462784647942, 0.08527373522520065, 0.03934705629944801, 0.9497079253196716, -0.3106556534767151, -0.07682778686285019, 0.31285127997398376, 0.9466897249221802),
            ["RightHand"] = CFrame.new(1.6391277313232422e-07, 5.960464477539063e-08, -7.35744833946228e-08, 0.4745538532733917, -0.8454570770263672, -0.24495136737823486, 0.804500162601471, 0.5295172333717346, -0.2690560519695282, 0.35718101263046265, -0.06938179582357407, 0.9314547181129456),
            ["HumanoidRootPart"] = CFrame.new(0, 0, 0, 1, 0, 0, 0, 1, 0, 0, 0, 1),
            ["RightLowerLeg"] = CFrame.new(2.9802322387695312e-08, 2.384185791015625e-07, -1.3205863069742918e-08, 1, -5.960467319710006e-08, -5.02914261346632e-08, 6.332992796842518e-08, 0.8096815347671509, 0.5868690013885498, -6.332992796842518e-08, -0.5868695974349976, 0.8096818923950195),
            ["LeftUpperLeg"] = CFrame.new(2.9802322387695312e-08, 4.5105116441845894e-07, -3.073364496231079e-08, 0.9967564940452576, 0.007062728516757488, -0.08016715943813324, -0.00754200154915452, 0.9999554753303528, -0.005677059292793274, 0.08012347668409348, 0.006263344548642635, 0.9967653155326843),
