return {
    ["Rebellious"] = {
        {Time = 0.000, Data = {
            ["LeftFoot"] = CFrame.new(1.3707904145121574e-08, 0, 7.171183824539185e-08, 0.9482950568199158, -0.08289976418018341, -0.3063725233078003, -0.0674465224146843, 0.8906058073043823, -0.4497472643852234, 0.31014102697372437, 0.4471566081047058, 0.838965654373169),
            ["LeftLowerArm"] = CFrame.new(2.9802322387695312e-08, 1.1920928955078125e-07, 1.4901161193847656e-08, 1, -1.0430811414607888e-07, 7.450579886381092e-08, 5.960465898624534e-08, -0.0922793373465538, -0.9957332015037537, 5.960465898624534e-08, 0.9957331418991089, -0.09227923303842545),
            ["LowerTorso"] = CFrame.new(0.02094520628452301, -0.0682523250579834, -0.022120237350463867, 0.8558481335639954, -0.11010531336069107, 0.5053719878196716, 0.03163626417517662, 0.9863934516906738, 0.16132932901382446, -0.5162588357925415, -0.12208531051874161, 0.8476862907409668),
            ["Head"] = CFrame.new(1.862645149230957e-09, 0, -3.725290298461914e-09, 0.8809789419174194, 0.09752636402845383, -0.4629954695701599, -0.13610677421092987, 0.9894026517868042, -0.050571367144584656, 0.4531569480895996, 0.10756921768188477, 0.8849167823791504),
            ["RightUpperArm"] = CFrame.new(-1.1920928955078125e-07, 0, -6.51925802230835e-09, 0.5376299023628235, -0.7756821513175964, 0.33056220412254333, 0.12117479741573334, 0.4590507745742798, 0.8801074624061584, -0.8344284296035767, -0.4331163465976715, 0.34079262614250183),
            ["UpperTorso"] = CFrame.new(1.30385160446167e-08, 1.4901161193847656e-07, 1.955777406692505e-08, 0.9987722635269165, 0.018347391858696938, -0.04601671174168587, -0.025615202262997627, 0.9863430261611938, -0.1627001166343689, 0.042403146624565125, 0.16367904841899872, 0.9856020212173462),
            ["HumanoidRootPart"] = CFrame.new(0, 0, 0, 1, 0, 0, 0, 1, 0, 0, 0, 1),
            ["RightHand"] = CFrame.new(2.9802322387695312e-08, -4.76837158203125e-07, 9.685754776000977e-08, 0.4681973457336426, -0.3850853741168976, 0.795299232006073, 0.0397668220102787, 0.9083132743835449, 0.4163958728313446, -0.8827286958694458, -0.1633288860321045, 0.44058337807655334),
            ["LeftUpperArm"] = CFrame.new(5.960464477539063e-08, -3.5762786865234375e-07, -9.313225746154785e-09, 0.28058841824531555, 0.7487671971321106, -0.6005146503448486, -0.22891463339328766, 0.6597980260848999, 0.7157266736030579, 0.9321310520172119, -0.06335803866386414, 0.35653549432754517),
            ["RightLowerArm"] = CFrame.new(-8.940696716308594e-08, 2.980232238769531e-07, 1.043081283569336e-07, 1, -7.82310962677002e-08, 1.1175869474300271e-07, 8.801000461744479e-08, -0.2438194304704666, -0.9698207378387451, 8.195640788244418e-08, 0.9698206782341003, -0.24381932616233826),
            ["LeftHand"] = CFrame.new(5.21540641784668e-08, 0, 2.0489096641540527e-07, 0.08642001450061798, -0.5110424757003784, -0.8552001714706421, 0.6201653480529785, 0.6994091272354126, -0.3552772104740143, 0.779696524143219, -0.4996623396873474, 0.37737369537353516),
            ["RightUpperLeg"] = CFrame.new(5.960464477539063e-08, 3.725290298461914e-07, 4.300818545743823e-08, 0.9996674060821533, -0.02170768938958645, -0.013928002677857876, 0.01944093592464924, 0.9890679121017456, -0.14617349207401276, 0.016948724165558815, 0.14585398137569427, 0.98916095495224),
            ["LeftUpperLeg"] = CFrame.new(5.960464477539063e-08, 3.4458935260772705e-07, 4.470348358154297e-08, 0.5568321347236633, 0.43004506826400757, 0.7106330394744873, 0.11820365488529205, 0.8058069348335266, -0.5802613496780396, -0.8221715092658997, 0.40710750222206116, 0.39786624908447266),
            ["RightLowerLeg"] = CFrame.new(-7.450580596923828e-09, 3.5762786865234375e-07, -5.418405635282397e-08, 1, -9.685756907629184e-08, 5.02914261346632e-08, 8.940695295223122e-08, 0.821721613407135, 0.5698888301849365, 1.0477377854201109e-09, -0.5698891878128052, 0.8217217922210693),
            ["RightFoot"] = CFrame.new(-7.450580596923828e-09, 3.5762786865234375e-07, 3.894820110872388e-08, 0.9878605008125305, -0.15409524738788605, 0.01965859718620777, 0.15218541026115417, 0.9346026182174683, -0.3214927017688751, 0.03116743639111519, 0.32058185338974, 0.9467079639434814),
            ["LeftLowerLeg"] = CFrame.new(-8.265487849712372e-09, -5.960464477539063e-08, -5.494803190231323e-08, 1, 4.924369889636182e-08, 1.7258571460843086e-08, -5.227047950029373e-08, 0.8168506026268005, 0.5768491625785828, 1.4726538211107254e-08, -0.5768492817878723, 0.8168506622314453),
        }},
        {Time = 0.033, Data = {
            ["LeftFoot"] = CFrame.new(-2.7474015951156616e-08, -5.960464477539063e-08, 5.029141902923584e-08, 0.968339741230011, -0.06520693749189377, -0.24096928536891937, -0.04415780305862427, 0.9053189754486084, -0.4224308431148529, 0.24569948017597198, 0.4196971654891968, 0.8737768530845642),
            ["LeftLowerArm"] = CFrame.new(-1.1920928955078125e-07, 1.1920928955078125e-07, -3.427267074584961e-07, 1, -1.1920926112907182e-07, 1.4901159772762185e-07, 4.470347647611561e-08, -0.019947374239563942, -0.9998010396957397, 4.470347647611561e-08, 0.9998010396957397, -0.01994737796485424),
            ["LowerTorso"] = CFrame.new(0.01981709897518158, -0.06637370586395264, -0.020903289318084717, 0.8574451208114624, -0.1138404980301857, 0.5018250942230225, 0.04535851255059242, 0.9881462454795837, 0.1466619074344635, -0.5125726461410522, -0.1029924675822258, 0.8524446487426758),
            ["Head"] = CFrame.new(-1.862645149230957e-09, 1.1920928955078125e-07, -4.6566128730773926e-09, 0.8909740447998047, 0.09110328555107117, -0.44482073187828064, -0.11202793568372726, 0.9934849739074707, -0.020916789770126343, 0.44001704454421997, 0.06846877187490463, 0.8953754305839539),
            ["RightUpperArm"] = CFrame.new(0, -1.1920928955078125e-07, 4.7031790018081665e-08, 0.5339775085449219, -0.7579183578491211, 0.3747375011444092, 0.09734395891427994, 0.49537694454193115, 0.8632067441940308, -0.8398763537406921, -0.42445430159568787, 0.3382987678050995),
            ["UpperTorso"] = CFrame.new(3.725290298461914e-09, -8.940696716308594e-08, 9.313225746154785e-10, 0.9982882142066956, 0.03397100046277046, -0.04761132225394249, -0.040620964020490646, 0.9883754849433899, -0.14650604128837585, 0.04208092391490936, 0.1481892466545105, 0.9880633354187012),
            ["HumanoidRootPart"] = CFrame.new(0, 0, 0, 1, 0, 0, 0, 1, 0, 0, 0, 1),
            ["RightHand"] = CFrame.new(0, 0, -9.220093488693237e-08, 0.47020968794822693, -0.4054592549800873, 0.7839042544364929, 0.0776853933930397, 0.9037888646125793, 0.4208691716194153, -0.8791290521621704, -0.13699890673160553, 0.4564684331417084),
            ["LeftUpperArm"] = CFrame.new(-1.1920928955078125e-07, 3.5762786865234375e-07, -1.7229467630386353e-08, 0.2880036532878876, 0.7285087704658508, -0.6215540170669556, -0.21952252089977264, 0.6819956302642822, 0.697632908821106, 0.9321286082267761, -0.06447562575340271, 0.3563411235809326),
            ["RightLowerArm"] = CFrame.new(0, -5.960464477539062e-07, 1.1920928955078125e-07, 1, -1.1920927533992653e-07, 1.1455266246684914e-07, 8.475033297372647e-08, -0.18205095827579498, -0.9832891225814819, 9.313223614526578e-08, 0.9832891225814819, -0.1820509433746338),
            ["LeftHand"] = CFrame.new(-1.4156103134155273e-07, 5.960464477539063e-08, 1.6391277313232422e-07, 0.08045037090778351, -0.5125225186347961, -0.8548966646194458, 0.5808866620063782, 0.7210839986801147, -0.3776356875896454, 0.8099990487098694, -0.4662172496318817, 0.3557288944721222),
            ["RightUpperLeg"] = CFrame.new(1.1920928955078125e-07, -7.264316082000732e-08, 1.3205863069742918e-08, 0.9999157786369324, -0.008906814269721508, -0.009444594383239746, 0.007717223837971687, 0.9928327202796936, -0.11926300078630447, 0.010439169593155384, 0.1191798523068428, 0.9928178191184998),
            ["LeftUpperLeg"] = CFrame.new(0, 3.3527612686157227e-08, 0, 0.6145750284194946, 0.4448070526123047, 0.6514939069747925, 0.07421381026506424, 0.7896052002906799, -0.6091107130050659, -0.7853596806526184, 0.4226940870285034, 0.4522608518600464),
            ["RightLowerLeg"] = CFrame.new(-4.470348358154297e-08, 5.960464477539063e-08, 2.7772330213338137e-08, 1, -5.960465188081798e-08, -1.3038519597330378e-08, 8.288770203535023e-08, 0.8381429314613342, 0.5454505085945129, 1.003499932039631e-07, -0.5454508066177368, 0.838142991065979),
            ["RightFoot"] = CFrame.new(5.21540641784668e-08, 2.384185791015625e-07, 5.3849362302571535e-08, 0.9879848957061768, -0.15311318635940552, 0.02103320136666298, 0.1521797627210617, 0.940026044845581, -0.3052738904953003, 0.02696966752409935, 0.30480721592903137, 0.9520323276519775),
            ["LeftLowerLeg"] = CFrame.new(-2.9802322387695312e-08, -1.7881393432617188e-07, -1.6763806343078613e-08, 1, 5.4948053218595305e-08, 1.3387763786454343e-08, -5.494803190231323e-08, 0.7963141202926636, 0.6048833727836609, 1.30385160446167e-08, -0.6048834919929504, 0.7963141202926636),
        }},
        {Time = 0.067, Data = {
            ["LeftFoot"] = CFrame.new(1.4901161193847656e-08, 0, 4.0978193283081055e-08, 0.9905767440795898, -0.06685307621955872, -0.11953475326299667, 0.019488785415887833, 0.932697057723999, -0.3601337969303131, 0.1355658620595932, 0.35441064834594727, 0.9252108335494995),
            ["LeftLowerArm"] = CFrame.new(1.1920928955078125e-07, 2.980232238769531e-07, 1.043081283569336e-07, 1, -1.0430814256778831e-07, 8.940696716308594e-08, 7.450579175838357e-08, 0.07659251242876053, -0.9970625042915344, 7.450579175838357e-08, 0.9970625638961792, 0.07659256458282471),
            ["LowerTorso"] = CFrame.new(0.016410663723945618, -0.05429661273956299, -0.01591765135526657, 0.8693873882293701, -0.09800375252962112, 0.48431479930877686, 0.05832817032933235, 0.9936356544494629, 0.09636349976062775, -0.49067649245262146, -0.05552799999713898, 0.8695707321166992),
            ["Head"] = CFrame.new(5.587935447692871e-09, 2.384185791015625e-07, -1.862645149230957e-09, 0.921558678150177, 0.08397544175386429, -0.3790487051010132, -0.0727444514632225, 0.9963847994804382, 0.04388252645730972, 0.3813633918762207, -0.012866538017988205, 0.924335777759552),
            ["RightUpperArm"] = CFrame.new(1.1920928955078125e-07, 3.5762786865234375e-07, 4.0978193283081055e-08, 0.5198268890380859, -0.7355543971061707, 0.4344418942928314, 0.08562197536230087, 0.5508524179458618, 0.8301991820335388, -0.8499699831008911, -0.39436203241348267, 0.3493273854255676),
            ["UpperTorso"] = CFrame.new(0, -8.940696716308594e-08, -1.6763806343078613e-08, 0.9980267882347107, 0.04540646821260452, -0.04337022081017494, -0.049077246338129044, 0.9949367046356201, -0.0877063050866127, 0.03916821628808975, 0.08966170996427536, 0.995201826095581),
            ["HumanoidRootPart"] = CFrame.new(0, 0, 0, 1, 0, 0, 0, 1, 0, 0, 0, 1),
            ["RightHand"] = CFrame.new(1.4901161193847656e-08, 1.7881393432617188e-07, 5.029141902923584e-08, 0.49948346614837646, -0.4214087724685669, 0.7569219470024109, 0.11249750852584839, 0.8978702425956726, 0.42564457654953003, -0.8589881062507629, -0.12745057046413422, 0.49587878584861755),
            ["LeftUpperArm"] = CFrame.new(-1.1920928955078125e-07, 1.1920928955078125e-07, -2.9802322387695312e-08, 0.31163761019706726, 0.7031047344207764, -0.6391600966453552, -0.2200903594493866, 0.7077771425247192, 0.671276330947876, 0.924360454082489, -0.06852184236049652, 0.37531644105911255),
            ["RightLowerArm"] = CFrame.new(1.1920928955078125e-07, 1.1920928955078125e-07, 2.4586915969848633e-07, 1, -4.8428766774577525e-08, 1.033767915714634e-07, 8.940694584680386e-08, -0.07625670731067657, -0.9970883131027222, 1.0430809993522416e-07, 0.9970882534980774, -0.07625667005777359),
            ["LeftHand"] = CFrame.new(-2.2351741790771484e-08, 2.980232238769531e-07, 7.078051567077637e-08, 0.0890946015715599, -0.5174890756607056, -0.8510388135910034, 0.5140354037284851, 0.7557452917098999, -0.40573030710220337, 0.8531294465065002, -0.4013156294822693, 0.33334049582481384),
            ["RightUpperLeg"] = CFrame.new(5.960464477539063e-08, -2.0489096641540527e-07, -3.149762051180005e-08, 0.9999777674674988, -0.00390448747202754, -0.005408358760178089, 0.003471097908914089, 0.9969514608383179, -0.07794781029224396, 0.005696156527847052, 0.07792709022760391, 0.9969427585601807),
            ["LeftUpperLeg"] = CFrame.new(-5.960464477539063e-08, 1.0244548320770264e-08, 0, 0.7127347588539124, 0.44263485074043274, 0.5441357493400574, -0.033459000289440155, 0.7963190078735352, -0.6039507985115051, -0.7006352543830872, 0.4122503697872162, 0.5823743939399719),
            ["RightLowerLeg"] = CFrame.new(1.043081283569336e-07, 5.960464477539063e-08, 1.4733814168721437e-08, 1, -6.705523247774181e-08, 2.6077035641947077e-08, 7.636845111846924e-08, 0.8451679944992065, 0.5345005989074707, 9.778887033462524e-09, -0.5345008969306946, 0.8451681137084961),
            ["RightFoot"] = CFrame.new(-5.21540641784668e-08, 3.5762786865234375e-07, -5.75528247281909e-09, 0.9881172180175781, -0.15045635402202606, 0.031421273946762085, 0.1534748077392578, 0.9546984434127808, -0.2549436390399933, 0.008359977044165134, 0.2567369043827057, 0.9664453268051147),
            ["LeftLowerLeg"] = CFrame.new(4.470348358154297e-08, 5.960464477539063e-08, -3.3527612686157227e-08, 1, 2.2351745343485163e-08, 1.210719791089332e-08, -8.940695295223122e-08, 0.7699915766716003, 0.6380542516708374, -1.6763804566721774e-08, -0.6380541920661926, 0.7699914574623108),
        }},
        {Time = 0.100, Data = {
            ["LeftFoot"] = CFrame.new(1.4901161193847656e-08, 0, -7.450580596923828e-09, 0.9907973408699036, -0.12435372918844223, 0.05344845727086067, 0.1343989074230194, 0.9506763219833374, -0.27955570816993713, -0.016048306599259377, 0.2841666638851166, 0.9586406350135803),
            ["LeftLowerArm"] = CFrame.new(5.960464477539063e-08, -5.960464477539063e-08, 7.450580596923828e-08, 1, -5.960465188081798e-08, 7.450579175838357e-08, 1.1920926112907182e-07, 0.1892445832490921, -0.9819300174713135, -1.4901157641133977e-08, 0.9819300174713135, 0.18924464285373688),
            ["LowerTorso"] = CFrame.new(0.010165899991989136, -0.02016139030456543, -0.003240354359149933, 0.8993802070617676, -0.06206550449132919, 0.43273916840553284, 0.07216254621744156, 0.9973688721656799, -0.006931097712367773, -0.43117037415504456, 0.037461258471012115, 0.9014925956726074),
            ["Head"] = CFrame.new(-1.210719347000122e-08, -2.384185791015625e-07, -1.3969838619232178e-08, 0.9690540432929993, 0.016869353130459785, -0.2462717443704605, 0.013573977164924145, 0.9925111532211304, 0.12139831483364105, 0.24647530913352966, -0.12098433077335358, 0.9615678787231445),
            ["RightUpperArm"] = CFrame.new(1.1920928955078125e-07, 0, -6.705522537231445e-08, 0.48218488693237305, -0.7080458402633667, 0.5159152746200562, 0.09644006192684174, 0.6282186508178711, 0.7720368504524231, -0.870745062828064, -0.3225095868110657, 0.3712015151977539),
            ["UpperTorso"] = CFrame.new(1.0710209608078003e-08, -8.940696716308594e-08, 5.122274160385132e-09, 0.9982410669326782, 0.05192761495709419, -0.028608256950974464, -0.05092012509703636, 0.99809330701828, 0.03488638624548912, 0.030365321785211563, -0.03336828574538231, 0.998981773853302),
            ["HumanoidRootPart"] = CFrame.new(0, 0, 0, 1, 0, 0, 0, 1, 0, 0, 0, 1),
            ["RightHand"] = CFrame.new(-7.450580596923828e-09, 1.1920928955078125e-07, -1.6391277313232422e-07, 0.5598991513252258, -0.41494786739349365, 0.7171691060066223, 0.19279688596725464, 0.90704745054245, 0.37429213523864746, -0.8058177828788757, -0.07129769772291183, 0.5878553986549377),
            ["LeftUpperArm"] = CFrame.new(0, 0, 2.9802322387695312e-08, 0.36526450514793396, 0.6675643920898438, -0.6487984657287598, -0.2221067100763321, 0.7393234968185425, 0.6356647610664368, 0.9040190577507019, -0.08808332681655884, 0.41831910610198975),
            ["RightLowerArm"] = CFrame.new(-3.5762786865234375e-07, 5.960464477539063e-08, -1.4901161193847656e-07, 1, -1.0058283805847168e-07, 8.009372010064908e-08, 8.00937343115038e-08, 0.10392087697982788, -0.9945856332778931, 3.352760913344355e-08, 0.9945856332778931, 0.10392096638679504),
            ["LeftHand"] = CFrame.new(-3.5762786865234375e-07, 1.1920928955078125e-07, -5.21540641784668e-08, 0.06139000505208969, -0.5268779397010803, -0.8477210402488708, 0.4158400595188141, 0.7856022715568542, -0.4581556022167206, 0.9073634743690491, -0.32438966631889343, 0.2673247754573822),
            ["RightUpperLeg"] = CFrame.new(-5.960464477539063e-08, -1.0244548320770264e-08, 1.9725121092051268e-08, 0.9999938607215881, -0.0033206078223884106, 0.0011484069982543588, 0.003328609047457576, 0.999969482421875, -0.007066731341183186, -0.0011247575748711824, 0.0070703355595469475, 0.9999743700027466),
            ["LeftUpperLeg"] = CFrame.new(5.960464477539063e-08, -4.6193599700927734e-07, -3.725290298461914e-08, 0.8403297066688538, 0.4080369174480438, 0.35686394572257996, -0.18900759518146515, 0.837565541267395, -0.512601375579834, -0.5080572366714478, 0.3633042871952057, 0.7809532284736633),
            ["RightLowerLeg"] = CFrame.new(7.450580596923828e-08, 2.384185791015625e-07, 1.6952981241047382e-09, 1, -5.21540641784668e-08, -5.960465188081798e-08, 8.381902460996571e-08, 0.8437228202819824, 0.5367787480354309, 3.14321324523803e-09, -0.5367790460586548, 0.8437230587005615),
            ["RightFoot"] = CFrame.new(1.1175870895385742e-07, 3.5762786865234375e-07, 9.110226528719068e-08, 0.9915058612823486, -0.12570329010486603, -0.03338930010795593, 0.1198730617761612, 0.9828115701675415, -0.14039909839630127, 0.05046405643224716, 0.13520444929599762, 0.9895318150520325),
            ["LeftLowerLeg"] = CFrame.new(7.82310962677002e-08, -5.960464477539063e-08, -8.195638656616211e-08, 1, 2.980232594040899e-08, 8.195642919872625e-08, -7.450579886381092e-08, 0.6909235715866089, 0.7229280471801758, -2.607702853651972e-08, -0.7229278087615967, 0.6909234523773193),
        }},
        {Time = 0.133, Data = {
            ["LeftFoot"] = CFrame.new(-7.450580596923828e-09, 5.960464477539063e-08, -2.9802322387695312e-08, 0.9755884408950806, -0.16746364533901215, 0.14206790924072266, 0.19846799969673157, 0.9492658376693726, -0.2439361959695816, -0.09400972723960876, 0.2661771774291992, 0.9593289494514465),
            ["LeftLowerArm"] = CFrame.new(-1.7881393432617188e-07, 0, -1.1920928955078125e-07, 1, -1.0430809993522416e-07, 1.4901159417490817e-08, 4.4703490686970326e-08, 0.348939448595047, -0.9371453523635864, 7.450581307466564e-08, 0.9371452331542969, 0.34893935918807983),
            ["LowerTorso"] = CFrame.new(-0.0003726780414581299, 0.018375873565673828, 0.015068650245666504, 0.9285493493080139, -0.032244618982076645, 0.3698059320449829, 0.08275540173053741, 0.9891300201416016, -0.12154579162597656, -0.36186692118644714, 0.14346469938755035, 0.9211245179176331),
            ["Head"] = CFrame.new(1.1641532182693481e-08, 0, 2.0489096641540527e-08, 0.9900732636451721, -0.10418245941400528, -0.09434540569782257, 0.12302180379629135, 0.9669768214225769, 0.22320754826068878, 0.06797556579113007, -0.23259833455085754, 0.9701945185661316),
            ["RightUpperArm"] = CFrame.new(-1.1920928955078125e-07, -1.1920928955078125e-07, -4.470348358154297e-08, 0.4322064220905304, -0.6596298813819885, 0.614886999130249, 0.11534680426120758, 0.7167012691497803, 0.6877749562263489, -0.8943672180175781, -0.2263355702161789, 0.3858491778373718),
            ["UpperTorso"] = CFrame.new(-2.7939677238464355e-09, -8.940696716308594e-08, 5.587935447692871e-09, 0.9985137581825256, 0.05335798114538193, -0.011101992800831795, -0.05068117380142212, 0.9839820861816406, 0.17091134190559387, 0.02004358544945717, -0.17009466886520386, 0.9852239489555359),
            ["HumanoidRootPart"] = CFrame.new(0, 0, 0, 1, 0, 0, 0, 1, 0, 0, 0, 1),
            ["RightHand"] = CFrame.new(1.2665987014770508e-07, 2.384185791015625e-07, -5.960464477539063e-08, 0.6256787776947021, -0.40406084060668945, 0.6672789454460144, 0.2858925759792328, 0.9146538972854614, 0.2857857644557953, -0.7258039712905884, 0.011960096657276154, 0.687797486782074),
            ["LeftUpperArm"] = CFrame.new(5.960464477539063e-08, 0, 1.4901161193847656e-08, 0.4226221740245819, 0.6160927414894104, -0.6646955013275146, -0.2200426310300827, 0.7812191843986511, 0.5841900706291199, 0.8791881203651428, -0.10063029825687408, 0.4657272398471832),
            ["RightLowerArm"] = CFrame.new(-1.4901161193847656e-07, 2.384185791015625e-07, 6.705522537231445e-08, 1, -1.2293456563838845e-07, 2.9802322387695312e-08, 7.217750663812694e-08, 0.3438083231449127, -0.939039945602417, 3.3527616238870905e-08, 0.9390398263931274, 0.3438081443309784),
            ["LeftHand"] = CFrame.new(-2.682209014892578e-07, 1.1920928955078125e-07, 0, 0.07503478229045868, -0.5084020495414734, -0.8578446507453918, 0.29929909110069275, 0.8320879340171814, -0.4669577479362488, 0.9512044787406921, -0.22171396017074585, 0.21459978818893433),
            ["RightUpperLeg"] = CFrame.new(0, 1.4528632164001465e-07, -1.6596459317952394e-08, 0.9999449849128723, 0.008023573085665703, -0.00676346942782402, -0.007718333043158054, 0.9990013241767883, 0.044009532779455185, 0.007109660655260086, -0.04395494982600212, 0.999008297920227),
            ["LeftUpperLeg"] = CFrame.new(0, -2.0489096641540527e-08, 1.4901161193847656e-08, 0.921828031539917, 0.3250472843647003, 0.21113359928131104, -0.24002768099308014, 0.9064359664916992, -0.34750646352767944, -0.30433523654937744, 0.2696632742881775, 0.913598358631134),
            ["RightLowerLeg"] = CFrame.new(-5.21540641784668e-08, 5.960464477539063e-08, 2.4047039914876223e-08, 1, -1.043081283569336e-07, -3.72529100900465e-08, 8.568166975919667e-08, 0.8259879946708679, 0.5636874437332153, -6.053595846822191e-09, -0.5636876821517944, 0.8259881734848022),
            ["RightFoot"] = CFrame.new(2.9802322387695312e-08, 4.172325134277344e-07, 1.6596459317952394e-08, 0.9887158274650574, -0.08523944020271301, -0.12318794429302216, 0.0812595784664154, 0.9960064888000488, -0.03698650002479553, 0.1258488893508911, 0.026558980345726013, 0.9916938543319702),
            ["LeftLowerLeg"] = CFrame.new(-4.0978193283081055e-08, -1.7881393432617188e-07, -1.862645149230957e-09, 1, 5.960465898624534e-08, 1.3411046495548362e-07, -1.1175869474300271e-07, 0.6186655163764954, 0.7856543064117432, 4.0978189730367376e-08, -0.7856544852256775, 0.618665874004364),
        }},
        {Time = 0.167, Data = {
            ["LeftFoot"] = CFrame.new(-1.862645149230957e-08, 0, -4.470348358154297e-08, 0.9801235198974609, -0.15458206832408905, 0.12434753775596619, 0.1805829554796219, 0.9546876549720764, -0.23656171560287476, -0.08214493095874786, 0.25431475043296814, 0.9636266231536865),
            ["LeftLowerArm"] = CFrame.new(5.960464477539063e-08, 6.556510925292969e-07, 5.960464477539063e-08, 1, -1.1175870895385742e-07, -1.862645149230957e-08, 7.4505820180093e-08, 0.49861952662467957, -0.8668210506439209, 5.215407838932151e-08, 0.8668210506439209, 0.4986194968223572),
            ["LowerTorso"] = CFrame.new(-0.01777958869934082, 0.03498244285583496, 0.03580304980278015, 0.9465013146400452, -0.014177858829498291, 0.32238835096359253, 0.08690310269594193, 0.973325252532959, -0.21233467757701874, -0.31077829003334045, 0.22899162769317627, 0.9224856495857239),
            ["Head"] = CFrame.new(-2.7939677238464355e-09, 5.960464477539062e-07, 1.4901161193847656e-08, 0.9532895684242249, -0.2922057509422302, 0.07651712000370026, 0.2595987617969513, 0.9220748543739319, 0.28703078627586365, -0.1544264853000641, -0.25375956296920776, 0.954860508441925),
            ["RightUpperArm"] = CFrame.new(0, 0, 5.960464477539063e-08, 0.3874337077140808, -0.5923420190811157, 0.7064177989959717, 0.12724457681179047, 0.7932900786399841, 0.5953987836837769, -0.9130738973617554, -0.14078958332538605, 0.3827195465564728),
            ["UpperTorso"] = CFrame.new(9.313225746154785e-09, -2.9802322387695312e-08, 2.3748725652694702e-08, 0.998730480670929, 0.050366319715976715, 0.0008608788484707475, -0.04865127056837082, 0.9600096940994263, 0.27570733428001404, 0.013059968128800392, -0.27539917826652527, 0.9612413644790649),
            ["HumanoidRootPart"] = CFrame.new(0, 0, 0, 1, 0, 0, 0, 1, 0, 0, 0, 1),
            ["RightHand"] = CFrame.new(-4.470348358154297e-08, -1.1920928955078125e-07, 7.450580596923828e-09, 0.6726044416427612, -0.4056301712989807, 0.6189245581626892, 0.3587985932826996, 0.9102538824081421, 0.20664355158805847, -0.6471992135047913, 0.08307994902133942, 0.7577801942825317),
            ["LeftUpperArm"] = CFrame.new(-2.384185791015625e-07, 4.76837158203125e-07, 1.4901161193847656e-08, 0.4644935727119446, 0.5592250227928162, -0.686668336391449, -0.20332194864749908, 0.8220219016075134, 0.5319212079048157, 0.8619199395179749, -0.10745914280414581, 0.4955264627933502),
            ["RightLowerArm"] = CFrame.new(0, -1.1920928955078125e-07, 2.1606683731079102e-07, 1, -9.49948883999241e-08, 1.862645149230957e-08, 6.053598156086082e-08, 0.5627546906471252, -0.8266239762306213, 3.725291186640334e-09, 0.8266239166259766, 0.5627548098564148),
            ["LeftHand"] = CFrame.new(5.587935447692871e-08, 1.1920928955078125e-07, 1.7508864402770996e-07, 0.1570729911327362, -0.4444895088672638, -0.8819055557250977, 0.22311334311962128, 0.885874330997467, -0.4067518413066864, 0.962054431438446, -0.1328752189874649, 0.23831817507743835),
            ["RightUpperLeg"] = CFrame.new(5.960464477539063e-08, 1.1594966053962708e-07, 6.535992724820971e-08, 0.9929769039154053, 0.032086607068777084, -0.11387423425912857, -0.025764457881450653, 0.9980666041374207, 0.05656314268708229, 0.11546914279460907, -0.053232043981552124, 0.9918837547302246),
            ["LeftUpperLeg"] = CFrame.new(0, -6.146728992462158e-08, 1.4901161193847656e-08, 0.9638159871101379, 0.24297624826431274, 0.10964247584342957, -0.21555201709270477, 0.9523693323135376, -0.21570803225040436, -0.15683186054229736, 0.1842692643404007, 0.9702827334403992),
            ["RightLowerLeg"] = CFrame.new(1.4901161193847656e-08, 5.960464477539063e-08, -2.0656443666666746e-08, 1, -9.313227877782992e-08, -5.587936158235607e-08, 8.60891304910183e-08, 0.8125776648521423, 0.5828525424003601, -5.075708031654358e-08, -0.5828530192375183, 0.8125779628753662),
            ["RightFoot"] = CFrame.new(1.4901161193847656e-08, 1.1920928955078125e-07, 6.129994289949536e-08, 0.9825799465179443, -0.1068657636642456, -0.15204107761383057, 0.09582838416099548, 0.9923230409622192, -0.07817874848842621, 0.15922850370407104, 0.06224720925092697, 0.9852774143218994),
            ["LeftLowerLeg"] = CFrame.new(3.3527612686157227e-08, 0, 1.4901161193847656e-08, 1, 1.1175872316471214e-07, 4.842878098543224e-08, -7.450579886381092e-08, 0.5874912142753601, 0.8092305660247803, 4.8428766774577525e-08, -0.809230625629425, 0.5874912142753601),
        }},
        {Time = 0.200, Data = {
            ["LeftFoot"] = CFrame.new(1.4901161193847656e-08, -5.960464477539063e-08, -1.4901161193847656e-08, 0.9910711050033569, -0.10448973625898361, 0.08282491564750671, 0.1201915368437767, 0.9690386056900024, -0.2156808078289032, -0.057724084705114365, 0.2237098515033722, 0.9729449152946472),
            ["LeftLowerArm"] = CFrame.new(0, -1.1920928955078125e-07, -3.8743019104003906e-07, 1, -7.450580596923828e-08, -4.470347647611561e-08, 4.470347647611561e-08, 0.6420651078224182, -0.7666499614715576, 7.078050856534901e-08, 0.7666501402854919, 0.6420652270317078),
            ["LowerTorso"] = CFrame.new(-0.03688864782452583, 0.025569438934326172, 0.05938065052032471, 0.9589604735374451, -0.005807227920740843, 0.2834806442260742, 0.08847342431545258, 0.9560009837150574, -0.27970442175865173, -0.2693834900856018, 0.2933059632778168, 0.9172808527946472),
            ["Head"] = CFrame.new(-5.587935447692871e-09, -1.1920928955078125e-07, 7.450580596923828e-09, 0.887332558631897, -0.4088055193424225, 0.2133522480726242, 0.34558406472206116, 0.8958637714385986, 0.2792847752571106, -0.3053075969219208, -0.17408715188503265, 0.9362056255340576),
            ["RightUpperArm"] = CFrame.new(0, 0, 7.450580596923828e-08, 0.34674525260925293, -0.515177845954895, 0.783811092376709, 0.13685005903244019, 0.854500412940979, 0.5010998845100403, -0.9279223680496216, -0.06648942083120346, 0.3667960464954376),
            ["UpperTorso"] = CFrame.new(1.4901161193847656e-08, 1.7881393432617188e-07, -1.210719347000122e-08, 0.9989214539527893, 0.04564087092876434, 0.008541589602828026, -0.045705486088991165, 0.934043824672699, 0.35422202944755554, 0.008188767358660698, -0.3542303442955017, 0.9351223707199097),
            ["HumanoidRootPart"] = CFrame.new(0, 0, 0, 1, 0, 0, 0, 1, 0, 0, 0, 1),
            ["RightHand"] = CFrame.new(8.940696716308594e-08, 1.1920928955078125e-07, -7.82310962677002e-08, 0.7087640166282654, -0.41190871596336365, 0.5726999044418335, 0.3992561101913452, 0.9035165309906006, 0.15573225915431976, -0.581591010093689, 0.11827638000249863, 0.8048368096351624),
            ["LeftUpperArm"] = CFrame.new(5.960464477539063e-08, 1.1920928955078125e-07, 2.9802322387695312e-08, 0.49822595715522766, 0.49383243918418884, -0.7126713991165161, -0.17571061849594116, 0.8624036312103271, 0.47474801540374756, 0.8490563631057739, -0.1113077774643898, 0.5164435505867004),
            ["RightLowerArm"] = CFrame.new(-8.940696716308594e-08, 2.384185791015625e-07, 9.685754776000977e-08, 1, -8.47503613954359e-08, 2.2351741790771484e-08, 7.63684582238966e-08, 0.7239332795143127, -0.6898698210716248, 5.2154071283894154e-08, 0.6898699998855591, 0.7239335179328918),
            ["LeftHand"] = CFrame.new(8.288770914077759e-08, 5.960464477539063e-08, 1.792795956134796e-08, 0.2361239343881607, -0.3516730070114136, -0.9058541655540466, 0.1349187046289444, 0.9350500106811523, -0.3278389275074005, 0.9623110294342041, -0.044806111603975296, 0.2682349979877472),
            ["RightUpperLeg"] = CFrame.new(5.960464477539063e-08, -5.8673322200775146e-08, 5.045876605436206e-08, 0.9725784063339233, 0.09176807105541229, -0.2137053906917572, -0.08715870976448059, 0.9957147240638733, 0.03091227263212204, 0.21562634408473969, -0.011438464745879173, 0.9764089584350586),
            ["LeftUpperLeg"] = CFrame.new(0, 2.491287887096405e-07, -1.4901161193847656e-08, 0.9852970242500305, 0.1644119769334793, 0.04646150395274162, -0.15908239781856537, 0.982035756111145, -0.10148268938064575, -0.0623118132352829, 0.09259936213493347, 0.9937518239021301),
            ["RightLowerLeg"] = CFrame.new(3.725290298461914e-08, 3.5762786865234375e-07, -3.55576048605144e-08, 1, -9.685758328714655e-08, -2.6077040971017595e-08, 9.685754776000977e-08, 0.7793629765510559, 0.6265724301338196, -2.8870999813079834e-08, -0.626572847366333, 0.7793632745742798),
            ["RightFoot"] = CFrame.new(-4.237517714500427e-08, 4.76837158203125e-07, 1.6952981241047382e-09, 0.967777669429779, -0.19843512773513794, -0.15501588582992554, 0.1795167475938797, 0.9754083156585693, -0.1278761327266693, 0.17657892405986786, 0.09592792391777039, 0.9796009063720703),
            ["LeftLowerLeg"] = CFrame.new(7.82310962677002e-08, -2.384185791015625e-07, 2.9802322387695312e-08, 1, 6.705523247774181e-08, -1.862645593320167e-09, -5.960464477539063e-08, 0.6146791577339172, 0.7887772917747498, 5.21540641784668e-08, -0.7887772917747498, 0.6146791577339172),
        }},
        {Time = 0.233, Data = {
            ["LeftFoot"] = CFrame.new(-4.0046870708465576e-08, 0, -1.4901161193847656e-08, 0.9988324642181396, -0.044876277446746826, 0.01788301393389702, 0.04808745160698891, 0.9589818120002747, -0.2793593108654022, -0.004612931981682777, 0.2798931300640106, 0.9600200653076172),
            ["LeftLowerArm"] = CFrame.new(-8.940696716308594e-08, -3.5762786865234375e-07, -1.043081283569336e-07, 1, -1.0430814256778831e-07, -1.1036168245937006e-07, 2.607702498380604e-08, 0.7828945517539978, -0.6221542954444885, -2.2351736461700966e-08, 0.6221545338630676, 0.7828946113586426),
            ["LowerTorso"] = CFrame.new(-0.05354543775320053, -0.0173264741897583, 0.089108407497406, 0.9682747721672058, -0.010190642438828945, 0.24967999756336212, 0.08977003395557404, 0.9466537833213806, -0.30949634313583374, -0.23320655524730682, 0.322091281414032, 0.9175357818603516),
            ["Head"] = CFrame.new(3.3993273973464966e-08, 1.1920928955078125e-07, 5.587935447692871e-08, 0.87199467420578, -0.40931615233421326, 0.268487811088562, 0.34116560220718384, 0.9014912843704224, 0.26630762219429016, -0.3510434329509735, -0.1406198889017105, 0.925740122795105),
            ["RightUpperArm"] = CFrame.new(-5.960464477539063e-08, 7.152557373046875e-07, 2.9802322387695312e-08, 0.31025826930999756, -0.43081361055374146, 0.8474310636520386, 0.15352486073970795, 0.9024259448051453, 0.40256378054618835, -0.9381738305091858, 0.0052029783837497234, 0.34612563252449036),
            ["UpperTorso"] = CFrame.new(-2.2351741790771484e-08, -1.4901161193847656e-07, -1.862645149230957e-08, 0.9990851879119873, 0.040919285267591476, 0.012431768700480461, -0.04248765856027603, 0.9166007041931152, 0.397539883852005, 0.004872096702456474, -0.3977043926715851, 0.9175006747245789),
            ["HumanoidRootPart"] = CFrame.new(0, 0, 0, 1, 0, 0, 0, 1, 0, 0, 0, 1),
            ["RightHand"] = CFrame.new(-4.470348358154297e-08, 1.1920928955078125e-07, -1.1175870895385742e-07, 0.7366572618484497, -0.4149523675441742, 0.5339949727058411, 0.4177117347717285, 0.9001796841621399, 0.1232621893286705, -0.5318391919136047, 0.13225387036800385, 0.836454451084137),
            ["LeftUpperArm"] = CFrame.new(0, 3.5762786865234375e-07, 5.960464477539063e-08, 0.527640700340271, 0.40405580401420593, -0.7472177147865295, -0.12901650369167328, 0.9075440764427185, 0.3996480405330658, 0.8396130800247192, -0.11446712911128998, 0.5309869647026062),
            ["RightLowerArm"] = CFrame.new(0, -5.960464477539063e-08, 2.1606683731079102e-07, 1, -7.217750663812694e-08, -2.2817394196295027e-08, 5.215404996761208e-08, 0.8468247056007385, -0.531872034072876, -1.1175868230850483e-08, 0.5318722724914551, 0.8468247652053833),
            ["LeftHand"] = CFrame.new(4.0978193283081055e-08, 1.7881393432617188e-07, 7.078051567077637e-08, 0.38503316044807434, -0.2026619017124176, -0.9003764986991882, 0.04739687591791153, 0.9786466360092163, -0.20001092553138733, 0.9216848611831665, 0.03433578833937645, 0.38641679286956787),
            ["RightUpperLeg"] = CFrame.new(0, -1.5506520867347717e-07, 2.6244379114359617e-08, 0.9443137049674988, 0.14451009035110474, -0.29561564326286316, -0.1396378129720688, 0.9894867539405823, 0.037646371871232986, 0.29794803261756897, 0.0057289027608931065, 0.9545649290084839),
            ["LeftUpperLeg"] = CFrame.new(-1.1920928955078125e-07, -1.280568540096283e-07, -4.470348358154297e-08, 0.9883430600166321, 0.14036056399345398, 0.05896604061126709, -0.13842859864234924, 0.9897295236587524, -0.03568170964717865, -0.0633687674999237, 0.027103161439299583, 0.9976220726966858),
            ["RightLowerLeg"] = CFrame.new(-2.3748725652694702e-08, 2.980232238769531e-07, 3.149762051180005e-08, 1, -1.1269004573932762e-07, -3.026799078043041e-08, 1.064035899389637e-07, 0.7923141121864319, 0.6101131439208984, -4.284083487959833e-08, -0.6101134419441223, 0.7923142910003662),
            ["RightFoot"] = CFrame.new(-1.0244548320770264e-08, 4.172325134277344e-07, 5.420588422566652e-09, 0.9827340245246887, -0.16099530458450317, -0.09118335694074631, 0.16224268078804016, 0.9867302775382996, 0.006388193462044001, 0.08894500136375427, -0.02107154205441475, 0.9958136677742004),
            ["LeftLowerLeg"] = CFrame.new(1.4901161193847656e-08, -5.960464477539063e-08, -7.450580596923828e-09, 1, 4.4703490686970326e-08, 2.2351747119842003e-08, -4.842878098543224e-08, 0.6513171792030334, 0.7588058114051819, 5.2619732571201894e-08, -0.7588056921958923, 0.6513170599937439),
        }},
        {Time = 0.267, Data = {
            ["LeftFoot"] = CFrame.new(9.73232090473175e-08, 0, -5.960464477539063e-08, 0.9996824264526367, -0.007269748952239752, -0.024130944162607193, -0.0018836534582078457, 0.933262288570404, -0.35919061303138733, 0.025131789967417717, 0.3591219484806061, 0.9329522848129272),
            ["LeftLowerArm"] = CFrame.new(-2.086162567138672e-07, -1.7881393432617188e-07, -2.980232238769531e-07, 1, -5.21540641784668e-08, 7.2177499532699585e-09, 3.539026138810186e-08, 0.8829261660575867, -0.46951186656951904, 4.749745841081676e-08, 0.46951189637184143, 0.8829261660575867),
            ["LowerTorso"] = CFrame.new(-0.06689527630805969, -0.061316609382629395, 0.11315512657165527, 0.9719553589820862, -0.01394037064164877, 0.23475199937820435, 0.08970540761947632, 0.9447394609451294, -0.31530994176864624, -0.21738392114639282, 0.32752567529678345, 0.9194950461387634),
            ["Head"] = CFrame.new(-1.862645149230957e-09, -1.1920928955078125e-07, -2.60770320892334e-08, 0.8712190389633179, -0.3839265704154968, 0.3059048354625702, 0.3209538161754608, 0.9170097708702087, 0.23681631684303284, -0.37143778800964355, -0.10813745856285095, 0.9221389889717102),
            ["RightUpperArm"] = CFrame.new(0, -2.384185791015625e-07, -3.725290298461914e-08, 0.285026878118515, -0.34049031138420105, 0.8960056900978088, 0.16291391849517822, 0.9383885860443115, 0.30477187037467957, -0.9445734024047852, 0.05910365656018257, 0.32293638586997986),
            ["UpperTorso"] = CFrame.new(1.1175870895385742e-08, -5.960464477539063e-08, -7.450580596923828e-09, 0.9992794394493103, 0.03625142574310303, 0.011245294474065304, -0.03766409307718277, 0.91044020652771, 0.4119223654270172, 0.004694592207670212, -0.4120491147041321, 0.9111495018005371),
            ["HumanoidRootPart"] = CFrame.new(0, 0, 0, 1, 0, 0, 0, 1, 0, 0, 0, 1),
            ["RightHand"] = CFrame.new(2.9802322387695312e-08, 1.7881393432617188e-07, 1.30385160446167e-07, 0.7594002485275269, -0.41799360513687134, 0.49859103560447693, 0.44851505756378174, 0.8914644122123718, 0.06422894448041916, -0.4713233411312103, 0.17485007643699646, 0.8644545674324036),
            ["LeftUpperArm"] = CFrame.new(2.384185791015625e-07, -3.5762786865234375e-07, 0, 0.5372170805931091, 0.33370527625083923, -0.7746217250823975, -0.09171376377344131, 0.9360693097114563, 0.3396509289741516, 0.838442862033844, -0.11142280697822571, 0.5334776043891907),
            ["RightLowerArm"] = CFrame.new(5.960464477539063e-08, 4.172325134277344e-07, -2.980232238769531e-07, 1, -3.026798722771673e-08, 6.51925624595151e-09, 2.980232594040899e-08, 0.9443145990371704, -0.32904407382011414, -5.587936335871291e-09, 0.32904425263404846, 0.9443145394325256),
            ["LeftHand"] = CFrame.new(8.568167686462402e-08, -1.1920928955078125e-07, -1.4901161193847656e-08, 0.5402332544326782, -0.04706398397684097, -0.8401983380317688, -0.051288072019815445, 0.9947372674942017, -0.0886978879570961, 0.8399509191513062, 0.0910097062587738, 0.534976065158844),
            ["RightUpperLeg"] = CFrame.new(0, -2.5297049432992935e-07, 1.0877556633204222e-08, 0.9342321157455444, 0.13825754821300507, -0.32877853512763977, -0.14984986186027527, 0.9886577129364014, -0.010053129866719246, 0.3236595392227173, 0.05865930765867233, 0.9443535804748535),
            ["LeftUpperLeg"] = CFrame.new(0, -2.9336661100387573e-07, 5.960464477539063e-08, 0.9880586266517639, 0.12834930419921875, 0.0852447971701622, -0.12929204106330872, 0.9915907382965088, 0.005609638057649136, -0.083808034658432, -0.016564151272177696, 0.9963443279266357),
            ["RightLowerLeg"] = CFrame.new(-1.3969838619232178e-08, 4.76837158203125e-07, -4.487083060666919e-08, 1, -1.1734665861240501e-07, -3.911556234470481e-08, 1.1548401346317405e-07, 0.7263185977935791, 0.6873579621315002, -3.725290653733282e-08, -0.6873582005500793, 0.726318895816803),
