return {
    ["Red Hot Shooter"] = {
        {Time = 0.000, Data = {
            ["RightFoot"] = CFrame.new(4.807952791452408e-08, 1.1920928955078125e-07, -0.00009998602763516828, 0.9998409748077393, -0.017352674156427383, -0.004111484624445438, 0.015457861125469208, 0.9582871794700623, -0.28538867831230164, 0.008892221376299858, 0.28528013825416565, 0.9584031105041504),
            ["LeftLowerArm"] = CFrame.new(-0.0006766915321350098, -0.000006258487701416016, -0.00772954523563385, 0.9998345375061035, -0.00936638843268156, -0.01559627614915371, -0.0023484262637794018, 0.7836620211601257, -0.6211831569671631, 0.01804039627313614, 0.6211168169975281, 0.7835103273391724),
            ["LeftFoot"] = CFrame.new(-5.727633833885193e-08, -3.5762786865234375e-07, -3.725290298461914e-09, 0.9991508722305298, -0.04010150954127312, -0.009457826614379883, 0.03630087152123451, 0.9653787612915039, -0.258314311504364, 0.019489124417304993, 0.2577512860298157, 0.9660146832466125),
            ["Head"] = CFrame.new(2.3283064365386963e-10, 3.5762786865234375e-07, 2.444721758365631e-08, 0.9998923540115356, 0.01041076797991991, -0.010339492931962013, -0.008004257455468178, 0.977607250213623, 0.21028566360473633, 0.012297204695641994, -0.21018028259277344, 0.9775853753089905),
            ["LowerTorso"] = CFrame.new(0.01749241352081299, 0.04819822311401367, 0.005470027681440115, 0.987012505531311, 0.0742311179637909, 0.14246490597724915, -0.065951868891716, 0.995895504951477, -0.06198810786008835, -0.14648160338401794, 0.051787201315164566, 0.9878569841384888),
            ["UpperTorso"] = CFrame.new(-1.1874362826347351e-08, -8.940696716308594e-08, -1.3969838619232178e-09, 0.9840958118438721, -0.03962446004152298, -0.17316268384456635, 0.07099097222089767, 0.981303334236145, 0.17889711260795593, 0.16283640265464783, -0.18834491074085236, 0.9685094356536865),
            ["HumanoidRootPart"] = CFrame.new(0, 0, 0, 1, 0, 0, 0, 1, 0, 0, 0, 1),
            ["RightUpperLeg"] = CFrame.new(0.01079261302947998, -0.1063874214887619, 0.01296183280646801, 0.9363417625427246, -0.1657317578792572, -0.30951136350631714, 0.07938265055418015, 0.9586799740791321, -0.2731871008872986, 0.3419981300830841, 0.23122654855251312, 0.910808265209198),
            ["LeftUpperArm"] = CFrame.new(0, 0, 0, 0.9807888865470886, 0.06995555758476257, -0.18209689855575562, -0.011922786012291908, 0.9532380700111389, 0.3019851744174957, 0.1947072446346283, -0.2940126359462738, 0.935759425163269),
            ["RightLowerArm"] = CFrame.new(0.0001767277717590332, 0.00009322166442871094, -0.007729575037956238, 0.9999240636825562, 0.004309965297579765, 0.011544656939804554, -0.0006430949433706701, 0.9538164734840393, -0.3003894090652466, -0.01230617891997099, 0.30035924911499023, 0.9537467956542969),
            ["LeftHand"] = CFrame.new(2.7939677238464355e-08, 0.00009953975677490234, 4.0978193283081055e-08, 0.9998742938041687, 0.015838734805583954, -0.0007721860893070698, -0.01585637591779232, 0.9980177879333496, -0.060902293771505356, -0.00019394815899431705, 0.060906827449798584, 0.9981434345245361),
            ["RightHand"] = CFrame.new(-1.4901161193847656e-08, -1.1920928955078125e-07, -4.470348358154297e-08, 0.9924945831298828, 0.12009026110172272, 0.023083960637450218, -0.11209362000226974, 0.9688506722450256, -0.2208252251148224, -0.04888393357396126, 0.21657975018024445, 0.9750402569770813),
            ["RightUpperArm"] = CFrame.new(0, 0, 0, 0.9638416767120361, 0.08640991151332855, 0.25207653641700745, -0.08025124669075012, 0.9961728453636169, -0.03463120013475418, -0.25410428643226624, 0.013149537146091461, 0.9670873880386353),
            ["RightLowerLeg"] = CFrame.new(-3.166496753692627e-08, -0.000060498714447021484, -0.00010003725037677214, 1, 2.9848877147742314e-07, -1.3154929590086795e-08, -2.0139840728461422e-07, 0.7957460880279541, 0.605630099773407, 1.5867401259583858e-07, -0.6056303381919861, 0.7957463264465332),
            ["LeftUpperLeg"] = CFrame.new(-0.023456692695617676, -0.21767272055149078, -0.11331337690353394, 0.9995933175086975, -0.028236089274287224, 0.0040100193582475185, 0.027988729998469353, 0.944248378276825, -0.3280421793460846, 0.005476210732012987, 0.32802116870880127, 0.944654643535614),
            ["LeftLowerLeg"] = CFrame.new(-7.450580596923828e-08, -0.00006079673767089844, 7.450580596923828e-08, 1, 4.665927804126113e-07, 2.4400651454925537e-07, -4.76837158203125e-07, 0.7372722625732422, 0.6755961775779724, 1.4062970876693726e-07, -0.6755958199501038, 0.7372719049453735),
        }},
        {Time = 0.033, Data = {
            ["RightFoot"] = CFrame.new(-2.0489096641540527e-08, 5.960464477539063e-08, -0.00009998789028031752, 0.9997578859329224, -0.021415119990706444, -0.005074034910649061, 0.019771520048379898, 0.9752259254455566, -0.22032636404037476, 0.00966653972864151, 0.2201726883649826, 0.9754130244255066),
            ["LeftLowerArm"] = CFrame.new(-0.0006766915321350098, -0.000006318092346191406, -0.007729731500148773, 0.9998348951339722, -0.009495562873780727, -0.015497228130698204, -0.002375256270170212, 0.7770876884460449, -0.6293880343437195, 0.01801907829940319, 0.6293208003044128, 0.7769366502761841),
            ["LeftFoot"] = CFrame.new(-5.494803190231323e-08, 5.960464477539063e-08, 1.862645149230957e-08, 0.9992803931236267, -0.036918092519044876, -0.008707345463335514, 0.034797586500644684, 0.9836101531982422, -0.17691940069198608, 0.015096127055585384, 0.17648856341838837, 0.9841868281364441),
            ["Head"] = CFrame.new(2.3283064365386963e-10, 1.1920928955078125e-07, -1.9383151084184647e-08, 0.9996781349182129, 0.01908756047487259, -0.016713645309209824, -0.01451291423290968, 0.9705709218978882, 0.24037793278694153, 0.020810004323720932, -0.24005793035030365, 0.9705355763435364),
            ["LowerTorso"] = CFrame.new(0.022784873843193054, 0.11172986030578613, 0.008660922758281231, 0.9828387498855591, 0.06561446934938431, 0.17240335047245026, -0.05771199241280556, 0.9970571398735046, -0.05046197026968002, -0.1752070188522339, 0.03964622691273689, 0.9837331175804138),
            ["UpperTorso"] = CFrame.new(-2.9336661100387573e-08, 2.086162567138672e-07, -1.210719347000122e-08, 0.9801768064498901, -0.035660479217767715, -0.19488929212093353, 0.06972497701644897, 0.9828288555145264, 0.17083877325057983, 0.18545062839984894, -0.18104083836078644, 0.9658324718475342),
            ["HumanoidRootPart"] = CFrame.new(0, 0, 0, 1, 0, 0, 0, 1, 0, 0, 0, 1),
            ["RightUpperLeg"] = CFrame.new(0.017310142517089844, -0.13551685214042664, 0.015270529314875603, 0.9268411993980408, -0.1313524842262268, -0.35172706842422485, 0.06434371322393417, 0.9785159230232239, -0.19587352871894836, 0.3698991537094116, 0.1589122861623764, 0.9153806567192078),
            ["LeftUpperArm"] = CFrame.new(0, 0, 0, 0.9857802391052246, 0.08419828861951828, -0.1454235166311264, -0.03866342827677727, 0.9558404684066772, 0.2913317382335663, 0.1635313183069229, -0.2815665006637573, 0.9455039501190186),
            ["RightLowerArm"] = CFrame.new(0.00017654895782470703, 0.00009381771087646484, -0.007729575037956238, 0.9999239444732666, 0.004509692080318928, 0.011484315618872643, -0.0006827973411418498, 0.9496058225631714, -0.313446044921875, -0.01231914572417736, 0.3134143054485321, 0.9495366811752319),
            ["LeftHand"] = CFrame.new(-7.450580596923828e-08, 0.00009948015213012695, 7.450580596923828e-09, 0.9999216198921204, 0.012527142651379108, 0.00013188763114158064, -0.012470504269003868, 0.996295154094696, -0.08509179204702377, -0.0011973102809861302, 0.08508355915546417, 0.996373176574707),
            ["RightHand"] = CFrame.new(-7.450580596923828e-08, -1.7881393432617188e-07, 2.9802322387695312e-08, 0.995096743106842, 0.09126098453998566, -0.038132037967443466, -0.09779815375804901, 0.9654486179351807, -0.24154675006866455, 0.014770792797207832, 0.24409136176109314, 0.9696396589279175),
            ["RightUpperArm"] = CFrame.new(0, 0, 0, 0.9416472315788269, 0.07930592447519302, 0.3271254599094391, -0.0666310042142868, 0.996534526348114, -0.0497918576002121, -0.3299406170845032, 0.02508966624736786, 0.9436682462692261),
            ["RightLowerLeg"] = CFrame.new(3.632158041000366e-08, -0.0000603795051574707, -0.00009999254689319059, 1, 2.1141025285942305e-07, -3.143214044598608e-08, -1.6670674085617065e-07, 0.8808681964874268, 0.47336167097091675, 8.917413651943207e-08, -0.47336167097091675, 0.8808681964874268),
            ["LeftUpperLeg"] = CFrame.new(-0.02660512924194336, -0.23106099665164948, -0.11785461753606796, 0.9991086721420288, -0.03147226944565773, -0.028133077546954155, 0.022733578458428383, 0.962700366973877, -0.2696126699447632, 0.03556908667087555, 0.2687331438064575, 0.9625577926635742),
            ["LeftLowerLeg"] = CFrame.new(-4.0978193283081055e-08, -0.00006091594696044922, -2.2351741790771484e-08, 1, 2.0506563203070982e-07, 1.4062970876693726e-07, -2.2351741790771484e-07, 0.8344017267227173, 0.5511573553085327, -2.0489096641540527e-08, -0.5511568784713745, 0.8344013690948486),
        }},
        {Time = 0.067, Data = {
            ["RightFoot"] = CFrame.new(-7.683411240577698e-09, 5.960464477539063e-08, -0.00009998509631259367, 0.9995058178901672, -0.030587825924158096, -0.007247105240821838, 0.028432268649339676, 0.9780153036117554, -0.20658625662326813, 0.013406862504780293, 0.20627811551094055, 0.9784016013145447),
            ["LeftLowerArm"] = CFrame.new(-0.0006766319274902344, -0.000006318092346191406, -0.007729686796665192, 0.9998360276222229, -0.009916509501636028, -0.01515835989266634, -0.0024648765102028847, 0.7545685172080994, -0.656217098236084, 0.017945336177945137, 0.6561464667320251, 0.7544198632240295),
            ["LeftFoot"] = CFrame.new(-1.7695128917694092e-08, -1.1920928955078125e-07, -1.4901161193847656e-08, 0.999335527420044, -0.03547772020101547, -0.008367815986275673, 0.03388884291052818, 0.988823413848877, -0.14518924057483673, 0.013425173237919807, 0.1448088437318802, 0.9893685579299927),
            ["Head"] = CFrame.new(3.14321368932724e-09, -2.384185791015625e-07, -7.61647243052721e-08, 0.998932421207428, 0.03629002720117569, -0.028585359454154968, -0.02716859243810177, 0.9619640707969666, 0.2718215882778168, 0.03736250102519989, -0.27075478434562683, 0.9619231224060059),
            ["LowerTorso"] = CFrame.new(0.033136434853076935, 0.13840579986572266, 0.015520991757512093, 0.9789748191833496, 0.04539079964160919, 0.19886702299118042, -0.04141116887331009, 0.9988508224487305, -0.024127433076500893, -0.1997336596250534, 0.015384833328425884, 0.9797294735908508),
            ["UpperTorso"] = CFrame.new(-3.259629011154175e-09, -2.682209014892578e-07, 3.725290298461914e-09, 0.9774504899978638, -0.031378719955682755, -0.20882046222686768, 0.06507527828216553, 0.9855297207832336, 0.15651340782642365, 0.20088760554790497, -0.166573166847229, 0.9653484225273132),
            ["HumanoidRootPart"] = CFrame.new(0, 0, 0, 1, 0, 0, 0, 1, 0, 0, 0, 1),
            ["RightUpperLeg"] = CFrame.new(0.023827672004699707, -0.163153737783432, 0.01608462817966938, 0.918883204460144, -0.10279570519924164, -0.3809025287628174, 0.03030725009739399, 0.9809985756874084, -0.19163334369659424, 0.3933638632297516, 0.16454455256462097, 0.9045385122299194),
            ["LeftUpperArm"] = CFrame.new(0, 0, 0, 0.990638017654419, 0.10075391829013824, -0.09211361408233643, -0.07081317901611328, 0.95613032579422, 0.2842538356781006, 0.1167123094201088, -0.27506980299949646, 0.9543138146400452),
            ["RightLowerArm"] = CFrame.new(0.0001766681671142578, 0.0000934600830078125, -0.0077295005321502686, 0.9999227523803711, 0.005533890333026648, 0.01113029383122921, -0.0008996274555101991, 0.9253015518188477, -0.3792312741279602, -0.012397481128573418, 0.37919190526008606, 0.9252350926399231),
            ["LeftHand"] = CFrame.new(-9.592622518539429e-08, 0.00009965896606445312, -5.21540641784668e-08, 0.9999843239784241, 0.004363055806607008, 0.0035346918739378452, -0.003953225910663605, 0.9940728545188904, -0.10864536464214325, -0.003987761214375496, 0.10862947255373001, 0.9940743446350098),
            ["RightHand"] = CFrame.new(-7.450580596923828e-08, -2.384185791015625e-07, 1.1920928955078125e-07, 0.9951297044754028, 0.08955729007720947, -0.04118580371141434, -0.09692123532295227, 0.9651364684104919, -0.2431420385837555, 0.017974767833948135, 0.24594935774803162, 0.9691159725189209),
            ["RightUpperArm"] = CFrame.new(0, 0, 0, 0.9358261227607727, 0.06654538959264755, 0.3461230993270874, -0.059435389935970306, 0.9977467060089111, -0.031128384172916412, -0.34741464257240295, 0.008558794856071472, 0.9376725554466248),
            ["RightLowerLeg"] = CFrame.new(-1.862645149230957e-08, -0.000060617923736572266, -0.00010001489863498136, 1, -7.078052277620372e-08, -1.4668330550193787e-07, 1.0244548320770264e-07, 0.8983836770057678, 0.4392118453979492, 3.748573362827301e-08, -0.43921172618865967, 0.8983835577964783),
            ["LeftUpperLeg"] = CFrame.new(-0.03117603063583374, -0.23607103526592255, -0.1244533583521843, 0.9981387853622437, -0.0202009454369545, -0.05754021555185318, 0.0030029895715415478, 0.9586783051490784, -0.28447654843330383, 0.06090939790010452, 0.2837744653224945, 0.9569546580314636),
            ["LeftLowerLeg"] = CFrame.new(-4.470348358154297e-08, -0.00006103515625, 7.450580596923828e-09, 1, -9.825455293821506e-08, 6.519259798665189e-09, 8.195637946073475e-08, 0.8575690388679504, 0.514369547367096, -8.661299233381214e-08, -0.5143688917160034, 0.857568621635437),
        }},
        {Time = 0.100, Data = {
            ["RightFoot"] = CFrame.new(5.075708031654358e-08, 1.1920928955078125e-07, -0.00009998789028031752, 0.9993225336074829, -0.035813990980386734, -0.008485183119773865, 0.031764883548021317, 0.9556832909584045, -0.2926780879497528, 0.01859128475189209, 0.29221054911613464, 0.9561734199523926),
            ["LeftLowerArm"] = CFrame.new(-0.0006767511367797852, -0.000007092952728271484, -0.007729869335889816, 0.9998376369476318, -0.010534937493503094, -0.014618863351643085, -0.0025842406321316957, 0.719066858291626, -0.6949360370635986, 0.017833108082413673, 0.6948610544204712, 0.7189229130744934),
            ["LeftFoot"] = CFrame.new(7.450580596923828e-09, -1.1920928955078125e-07, 2.2351741790771484e-08, 0.999473512172699, -0.0315772108733654, -0.007447504438459873, 0.02922097221016884, 0.9758994579315186, -0.21625550091266632, 0.014096866361796856, 0.2159239798784256, 0.9763084650039673),
            ["Head"] = CFrame.new(-1.5832483768463135e-08, -2.384185791015625e-07, -3.881723387166858e-08, 0.9970880746841431, 0.06088472902774811, -0.04591871425509453, -0.04443962126970291, 0.9532346725463867, 0.2989461123943329, 0.06197256222367287, -0.29603496193885803, 0.9531645774841309),
            ["LowerTorso"] = CFrame.new(0.04190668836236, 0.09170222282409668, 0.022539891302585602, 0.9754142165184021, 0.023220481351017952, 0.21915295720100403, -0.024587053805589676, 0.9996915459632874, 0.003510068403556943, -0.2190038561820984, -0.008812095038592815, 0.9756842255592346),
            ["UpperTorso"] = CFrame.new(9.313225746154785e-10, 2.980232238769531e-07, 9.313225746154785e-10, 0.9760792851448059, -0.031740013509988785, -0.21508580446243286, 0.06422079354524612, 0.9872342348098755, 0.1457546353340149, 0.20771384239196777, -0.15608108043670654, 0.965657114982605),
            ["HumanoidRootPart"] = CFrame.new(0, 0, 0, 1, 0, 0, 0, 1, 0, 0, 0, 1),
            ["RightUpperLeg"] = CFrame.new(0.02136129140853882, -0.16967147588729858, 0.01492798887193203, 0.9116474986076355, -0.12367768585681915, -0.3919219970703125, -0.0015802077250555158, 0.9525817036628723, -0.3042791783809662, 0.41097018122673035, 0.27801457047462463, 0.8682231307029724),
            ["LeftUpperArm"] = CFrame.new(0, 0, 0, 0.9922901391983032, 0.12099992483854294, -0.026819774881005287, -0.10916756838560104, 0.9557812213897705, 0.27306535840034485, 0.05867472663521767, -0.2680322229862213, 0.9616215825080872),
            ["RightLowerArm"] = CFrame.new(0.0001766681671142578, 0.00009357929229736328, -0.007729619741439819, 0.999920666217804, 0.006977444514632225, 0.010487216524779797, -0.0012049138313159347, 0.8817278742790222, -0.4717569351196289, -0.012538498267531395, 0.4717068076133728, 0.8816663026809692),
            ["LeftHand"] = CFrame.new(8.195638656616211e-08, 0.00010007619857788086, -2.2351741790771484e-08, 0.999936044216156, -0.0064811864867806435, 0.009270578622817993, 0.007613038644194603, 0.9917718768119812, -0.1277911514043808, -0.008366076275706291, 0.12785378098487854, 0.991757869720459),
            ["RightHand"] = CFrame.new(5.960464477539063e-08, 1.1920928955078125e-07, 5.960464477539063e-08, 0.9948266744613647, 0.09048304706811905, -0.046180885285139084, -0.09884095937013626, 0.9671186804771423, -0.23433342576026917, 0.023459255695343018, 0.23768559098243713, 0.9710587859153748),
            ["RightUpperArm"] = CFrame.new(0, 0, 0, 0.9287322759628296, 0.04332101717591286, 0.3682112991809845, -0.0477648489177227, 0.9988542199134827, 0.002958564553409815, -0.3676612079143524, -0.02033527009189129, 0.9297374486923218),
            ["RightLowerLeg"] = CFrame.new(1.0244548320770264e-07, -0.00006085634231567383, -0.00009999999747378752, 1, 2.2351741790771484e-08, -1.401640332687748e-07, 6.70552182668871e-08, 0.801688551902771, 0.5977416038513184, 3.4458931708059026e-08, -0.597741961479187, 0.8016888499259949),
            ["LeftUpperLeg"] = CFrame.new(-0.03844338655471802, -0.22474026679992676, -0.1347508281469345, 0.99671870470047, -0.015351040288805962, -0.07947476953268051, -0.01830887608230114, 0.9136477708816528, -0.4060942530632019, 0.07884586602449417, 0.40621688961982727, 0.9103687405586243),
            ["LeftLowerLeg"] = CFrame.new(3.725290298461914e-09, -0.00006091594696044922, -1.4901161193847656e-08, 1, 5.7974837375240895e-08, 4.470347292340193e-08, -8.568166975919667e-08, 0.7544091939926147, 0.656404435634613, -6.332992796842518e-08, -0.656404435634613, 0.7544091939926147),
        }},
        {Time = 0.133, Data = {
            ["RightFoot"] = CFrame.new(3.259629011154175e-08, 5.960464477539063e-08, -0.00009997764573199674, 0.9991950392723083, -0.03903667628765106, -0.009248808957636356, 0.031495530158281326, 0.9061172008514404, -0.42185255885124207, 0.02484815940260887, 0.4212218225002289, 0.906617283821106),
            ["LeftLowerArm"] = CFrame.new(-0.0006766319274902344, -0.000006794929504394531, -0.007729686796665192, 0.9998399615287781, -0.01123259961605072, -0.013930157758295536, -0.0027300731744617224, 0.6735901832580566, -0.7391002774238586, 0.017685210332274437, 0.7390196919441223, 0.6734513640403748),
            ["LeftFoot"] = CFrame.new(-4.7497451305389404e-08, -1.7881393432617188e-07, -5.587935447692871e-09, 0.9996514916419983, -0.025696035474538803, -0.006059946957975626, 0.022425534203648567, 0.9475841522216797, -0.31871849298477173, 0.01393214426934719, 0.3184712529182434, 0.947830080986023),
            ["Head"] = CFrame.new(-9.778887033462524e-09, 0, -9.604264050722122e-08, 0.9933735132217407, 0.09145049005746841, -0.06961320340633392, -0.06497117877006531, 0.9464573860168457, 0.31622350215911865, 0.09480473399162292, -0.3096052408218384, 0.94612717628479),
            ["LowerTorso"] = CFrame.new(0.049048539251089096, -0.011046171188354492, 0.028441622853279114, 0.9724724888801575, 0.0025075608864426613, 0.23300452530384064, -0.00917116366326809, 0.9995791912078857, 0.027519628405570984, -0.2328374683856964, -0.028899000957608223, 0.9720862507820129),
            ["UpperTorso"] = CFrame.new(-7.916241884231567e-09, 2.9802322387695312e-08, 5.587935447692871e-09, 0.9761349558830261, -0.03634561225771904, -0.21410195529460907, 0.06763796508312225, 0.9877394437789917, 0.14069829881191254, 0.20636317133903503, -0.15182191133499146, 0.9666252732276917),
            ["HumanoidRootPart"] = CFrame.new(0, 0, 0, 1, 0, 0, 0, 1, 0, 0, 0, 1),
            ["RightUpperLeg"] = CFrame.new(0.01522153615951538, -0.1729925125837326, 0.012187058106064796, 0.9058502316474915, -0.1712663471698761, -0.3874315619468689, -0.029143134132027626, 0.8872560858726501, -0.4603559970855713, 0.4225945770740509, 0.42830440402030945, 0.7987297177314758),
            ["LeftUpperArm"] = CFrame.new(0, 0, 0, 0.98800128698349, 0.1476224660873413, 0.045398760586977005, -0.15430909395217896, 0.9558742046356201, 0.24998630583286285, -0.006491903215646744, -0.2539922297000885, 0.9671844840049744),
            ["RightLowerArm"] = CFrame.new(0.00017660856246948242, 0.00009334087371826172, -0.007729455828666687, 0.9999176859855652, 0.008553107269108295, 0.009567697532474995, -0.0015431795036420226, 0.8202553987503052, -0.571995735168457, -0.01274031400680542, 0.5719335079193115, 0.8202008605003357),
            ["LeftHand"] = CFrame.new(-7.427297532558441e-08, 0.00009965896606445312, -5.960464477539063e-08, 0.9997186660766602, -0.017299378290772438, 0.01622903160750866, 0.019390134140849113, 0.9900960326194763, -0.13904651999473572, -0.013662885874509811, 0.13932187855243683, 0.9901529550552368),
            ["RightHand"] = CFrame.new(-7.450580596923828e-08, -2.384185791015625e-07, 8.940696716308594e-08, 0.9942388534545898, 0.09326408803462982, -0.052829448133707047, -0.10269327461719513, 0.9700407385826111, -0.22017116844654083, 0.030712667852640152, 0.22432765364646912, 0.9740297198295593),
            ["RightUpperArm"] = CFrame.new(0, 0, 0, 0.9199961423873901, 0.01344338059425354, 0.391696959733963, -0.032768674194812775, 0.9985506534576416, 0.04269411787390709, -0.39055532217025757, -0.052113812416791916, 0.91910320520401),
            ["RightLowerLeg"] = CFrame.new(-1.6763806343078613e-08, -0.000060617923736572266, -0.00009997764573199674, 1, 2.9802318834981634e-08, -1.1175869474300271e-07, 8.568166975919667e-08, 0.5954098105430603, 0.8034220933914185, 6.51925713412993e-09, -0.8034221529960632, 0.5954099893569946),
            ["LeftUpperLeg"] = CFrame.new(-0.0466884970664978, -0.19806595146656036, -0.14627012610435486, 0.9953510761260986, -0.01665537618100643, -0.09486299753189087, -0.038156237453222275, 0.8361572027206421, -0.5471608638763428, 0.08843357115983963, 0.5482369661331177, 0.8316345810890198),
            ["LeftLowerLeg"] = CFrame.new(-5.21540641784668e-08, -0.00006079673767089844, -1.0058283805847168e-07, 1, 1.6018753967728117e-07, 1.0803340444454079e-07, -1.601874686230076e-07, 0.5714370012283325, 0.8206461071968079, 2.9802318834981634e-08, -0.8206459283828735, 0.5714367628097534),
        }},
        {Time = 0.167, Data = {
            ["RightFoot"] = CFrame.new(-2.514570951461792e-08, 0, -0.00009996646986110136, 0.9990997910499573, -0.041280634701251984, -0.00978042371571064, 0.030359353870153427, 0.8567522168159485, -0.5148336887359619, 0.029632020741701126, 0.5140734314918518, 0.8572343587875366),
            ["LeftLowerArm"] = CFrame.new(-0.0006766319274902344, -0.000006616115570068359, -0.007729679346084595, 0.9998424649238586, -0.011937480419874191, -0.013135245069861412, -0.0028777008410543203, 0.621229350566864, -0.7836236953735352, 0.017514562234282494, 0.7835379242897034, 0.6210970878601074),
            ["LeftFoot"] = CFrame.new(4.0046870708465576e-08, -2.980232238769531e-07, 4.6100467443466187e-08, 0.9998027682304382, -0.01933285780251026, -0.004559073131531477, 0.015998950228095055, 0.9198251366615295, -0.392002671957016, 0.011772053316235542, 0.3918520510196686, 0.9199527502059937),
            ["Head"] = CFrame.new(-9.313225746154785e-09, 2.384185791015625e-07, 4.190951585769653e-08, 0.9868016242980957, 0.12599223852157593, -0.10172736644744873, -0.08772756904363632, 0.9439752101898193, 0.3181428015232086, 0.13611163198947906, -0.3050194978713989, 0.9425692558288574),
            ["LowerTorso"] = CFrame.new(0.056163240224123, -0.11379456520080566, 0.032508768141269684, 0.9704508185386658, -0.015017555095255375, 0.24083147943019867, 0.0042420015670359135, 0.9989689588546753, 0.04519932344555855, -0.24126195907592773, -0.04284210875630379, 0.9695139527320862),
            ["UpperTorso"] = CFrame.new(-2.561137080192566e-09, 1.1920928955078125e-07, -6.51925802230835e-09, 0.9775034189224243, -0.04359470307826996, -0.20636522769927979, 0.0739179402589798, 0.9871612787246704, 0.1415938138961792, 0.19754303991794586, -0.15366250276565552, 0.9681759476661682),
            ["HumanoidRootPart"] = CFrame.new(0, 0, 0, 1, 0, 0, 0, 1, 0, 0, 0, 1),
            ["RightUpperLeg"] = CFrame.new(0.0072972774505615234, -0.17418541014194489, 0.008645860478281975, 0.9019510746002197, -0.20657941699028015, -0.37922167778015137, -0.05133623629808426, 0.8206376433372498, -0.5691384077072144, 0.42877596616744995, 0.5328027606010437, 0.7295699715614319),
            ["LeftUpperArm"] = CFrame.new(0, 0, 0, 0.9754362106323242, 0.1853691041469574, 0.1190059557557106, -0.20701244473457336, 0.9560638666152954, 0.20757566392421722, -0.07529917359352112, -0.2271125316619873, 0.970953106880188),
            ["RightLowerArm"] = CFrame.new(0.0001767277717590332, 0.00009351968765258789, -0.00772973895072937, 0.9999139308929443, 0.010088968090713024, 0.008398079313337803, -0.001865865895524621, 0.7425040006637573, -0.6698395013809204, -0.01299365982413292, 0.6697656512260437, 0.7424585223197937),
            ["LeftHand"] = CFrame.new(4.377216100692749e-08, 0.00009948015213012695, 2.0442530512809753e-07, 0.9994510412216187, -0.024807995185256004, 0.021959615871310234, 0.027624979615211487, 0.989908754825592, -0.1389874517917633, -0.018290044739842415, 0.13951793313026428, 0.990050733089447),
            ["RightHand"] = CFrame.new(6.705522537231445e-08, 1.1920928955078125e-07, -1.1920928955078125e-07, 0.993415117263794, 0.0971759632229805, -0.06069064140319824, -0.1075412705540657, 0.9735853672027588, -0.20141202211380005, 0.03951520472764969, 0.20661212503910065, 0.9776246547698975),
            ["RightUpperArm"] = CFrame.new(0, 0, 0, 0.9092264175415039, -0.020302889868617058, 0.4158065617084503, -0.015562123619019985, 0.9964542984962463, 0.08268363028764725, -0.4160109758377075, -0.08164897561073303, 0.905686616897583),
            ["RightLowerLeg"] = CFrame.new(1.4156103134155273e-07, -0.00006073713302612305, -0.00009997764573199674, 1, 8.009372010064908e-08, -7.916241173688832e-08, 5.960465188081798e-08, 0.4031106233596802, 0.9151511192321777, 3.725290653733282e-08, -0.9151512384414673, 0.40311098098754883),
            ["LeftUpperLeg"] = CFrame.new(-0.053444623947143555, -0.16670994460582733, -0.15559521317481995, 0.9944502711296082, -0.01489389967173338, -0.10414852201938629, -0.0559188649058342, 0.7636973261833191, -0.643147885799408, 0.08911693096160889, 0.645402729511261, 0.7586263418197632),
            ["LeftLowerLeg"] = CFrame.new(-7.450580596923828e-09, -0.000060677528381347656, -2.60770320892334e-08, 1, 1.583248945280502e-07, 1.9744031476420787e-07, -2.42143840978315e-07, 0.4102714955806732, 0.9119636416435242, 1.5273688802608376e-07, -0.9119635224342346, 0.4102711081504822),
        }},
        {Time = 0.200, Data = {
            ["RightFoot"] = CFrame.new(6.984919309616089e-09, 5.960464477539063e-08, -0.00009998975292546675, 0.9990035891532898, -0.043429333716630936, -0.010289574041962624, 0.03064914233982563, 0.835137665271759, -0.5491863489151001, 0.0324440523982048, 0.5483238101005554, 0.8356366753578186),
            ["LeftLowerArm"] = CFrame.new(-0.0006766915321350098, -0.0000064373016357421875, -0.007729485630989075, 0.9998452663421631, -0.01260889321565628, -0.012269380502402782, -0.003007975872606039, 0.5646087527275085, -0.8253533840179443, 0.01733408123254776, 0.8252623677253723, 0.5644831657409668),
            ["LeftFoot"] = CFrame.new(-1.3969838619232178e-09, -1.7881393432617188e-07, -1.7229467630386353e-08, 0.999890148639679, -0.01442808285355568, -0.003402549773454666, 0.011761955916881561, 0.9118751287460327, -0.41029950976371765, 0.009022459387779236, 0.4102141857147217, 0.9119445085525513),
            ["Head"] = CFrame.new(0, 1.1920928955078125e-07, 2.7939677238464355e-09, 0.9765292406082153, 0.16012850403785706, -0.14404749870300293, -0.10962872207164764, 0.9452033042907715, 0.3075260519981384, 0.18539784848690033, -0.28451642394065857, 0.9405733346939087),
            ["LowerTorso"] = CFrame.new(0.06485200673341751, -0.1604982614517212, 0.03402390703558922, 0.9695989489555359, -0.02770276926457882, 0.24312645196914673, 0.015013259835541248, 0.9984338879585266, 0.05389188975095749, -0.24423864483833313, -0.048603396862745285, 0.9684963822364807),
            ["UpperTorso"] = CFrame.new(3.026798367500305e-09, -2.9802322387695312e-08, -7.450580596923828e-09, 0.9799572825431824, -0.05193605273962021, -0.19231849908828735, 0.08142157644033432, 0.9855183959007263, 0.1487414687871933, 0.18180838227272034, -0.16141915321350098, 0.9699946641921997),
            ["HumanoidRootPart"] = CFrame.new(0, 0, 0, 1, 0, 0, 0, 1, 0, 0, 0, 1),
            ["RightUpperLeg"] = CFrame.new(-0.0005224049091339111, -0.17431890964508057, 0.005088521167635918, 0.9003045558929443, -0.21395447850227356, -0.3790452182292938, -0.06704747676849365, 0.7922825813293457, -0.6064592599868774, 0.4300655126571655, 0.571412205696106, 0.6989505887031555),
            ["LeftUpperArm"] = CFrame.new(0, 0, 0, 0.9521980285644531, 0.24123165011405945, 0.18741971254348755, -0.26887673139572144, 0.953037679195404, 0.1393720507621765, -0.14499709010124207, -0.1831025928258896, 0.9723421931266785),
            ["RightLowerArm"] = CFrame.new(0.00017660856246948242, 0.00009369850158691406, -0.007729575037956238, 0.9999094605445862, 0.011482357047498226, 0.007018588483333588, -0.00214532483369112, 0.6508722901344299, -0.7591844201087952, -0.013285481370985508, 0.7591004967689514, 0.650837779045105),
            ["LeftHand"] = CFrame.new(-1.30385160446167e-07, 0.00009971857070922852, -4.842877388000488e-08, 0.9994121789932251, -0.02542109601199627, 0.023002976551651955, 0.02807718887925148, 0.9919257164001465, -0.12367302179336548, -0.019673367962241173, 0.1242462769150734, 0.9920563697814941),
            ["RightHand"] = CFrame.new(1.2014061212539673e-07, -5.364418029785156e-07, -8.940696716308594e-08, 0.9924221038818359, 0.10160849243402481, -0.06909571588039398, -0.11242827028036118, 0.9777805805206299, -0.17693248391151428, 0.04958273097872734, 0.18336006999015808, 0.9817945957183838),
            ["RightUpperArm"] = CFrame.new(0, 0, 0, 0.8960420489311218, -0.05529385432600975, 0.44051244854927063, 0.0026913979090750217, 0.9928722977638245, 0.11915244162082672, -0.4439610242843628, -0.10558000206947327, 0.8898042440414429),
            ["RightLowerLeg"] = CFrame.new(1.7695128917694092e-07, -0.000060439109802246094, -0.00010009685502154753, 1, -2.3469331722481002e-07, -2.086162567138672e-07, 3.185122920967842e-07, 0.32458996772766113, 0.945854663848877, -1.1175869474300271e-07, -0.945854902267456, 0.32459044456481934),
            ["LeftUpperLeg"] = CFrame.new(-0.05624490976333618, -0.14133533835411072, -0.15930993854999542, 0.9941944479942322, -0.0017525778384879231, -0.10758449137210846, -0.07161068171262741, 0.7354908585548401, -0.6737394332885742, 0.08030815422534943, 0.6775324940681458, 0.731095552444458),
            ["LeftLowerLeg"] = CFrame.new(5.587935447692871e-08, -0.00006109476089477539, -7.078051567077637e-08, 1, -3.3527619791584584e-08, 1.154839708306099e-07, -7.823108916227284e-08, 0.35626450181007385, 0.934385359287262, 8.568166975919667e-08, -0.9343852400779724, 0.35626399517059326),
        }},
        {Time = 0.233, Data = {
            ["RightFoot"] = CFrame.new(1.3737007975578308e-08, 5.960464477539063e-08, -0.0000999329422484152, 0.9988878965377808, -0.045879073441028595, -0.010869768448174, 0.033372409641742706, 0.850830078125, -0.5243803262710571, 0.03330647572875023, 0.5234341621398926, 0.8514148592948914),
            ["LeftLowerArm"] = CFrame.new(-0.0006767511367797852, -0.000006258487701416016, -0.007729575037956238, 0.9998484253883362, -0.013152286410331726, -0.011415696702897549, -0.003167747985571623, 0.507206916809082, -0.8618187308311462, 0.017124777659773827, 0.8617240190505981, 0.5070881247520447),
            ["LeftFoot"] = CFrame.new(-3.073364496231079e-08, -2.384185791015625e-07, 1.6763806343078613e-08, 0.9999358654022217, -0.011026304215192795, -0.0025999911595135927, 0.009291889145970345, 0.9295595288276672, -0.3685549795627594, 0.006480747368186712, 0.3685070276260376, 0.9296023845672607),
            ["Head"] = CFrame.new(-1.862645149230957e-08, 1.1920928955078125e-07, -4.842877388000488e-08, 0.9626267552375793, 0.18865112960338593, -0.19432108104228973, -0.1264071762561798, 0.9475120306015015, 0.29367029666900635, 0.2395227551460266, -0.258131206035614, 0.9359472393989563),
            ["LowerTorso"] = CFrame.new(0.07624177634716034, -0.13306748867034912, 0.029891278594732285, 0.9695459604263306, -0.03510386124253273, 0.24238066375255585, 0.02206682413816452, 0.9981703162193298, 0.05629504844546318, -0.24391335248947144, -0.049232061952352524, 0.9685466289520264),
            ["UpperTorso"] = CFrame.new(2.3283064365386963e-09, 1.1920928955078125e-07, -9.313225746154785e-09, 0.9828293323516846, -0.05959034711122513, -0.17462962865829468, 0.08759988844394684, 0.9836483001708984, 0.15736053884029388, 0.16239693760871887, -0.16995608806610107, 0.9719785451889038),
            ["HumanoidRootPart"] = CFrame.new(0, 0, 0, 1, 0, 0, 0, 1, 0, 0, 0, 1),
            ["RightUpperLeg"] = CFrame.new(-0.006708055734634399, -0.17026905715465546, 0.0022051690611988306, 0.9001797437667847, -0.18962614238262177, -0.3920697271823883, -0.0768621563911438, 0.8169339299201965, -0.5715864896774292, 0.4286826252937317, 0.5446659326553345, 0.7208122611045837),
            ["LeftUpperArm"] = CFrame.new(0, 0, 0, 0.9145469665527344, 0.3254302442073822, 0.24020643532276154, -0.3448355197906494, 0.9376998543739319, 0.04251502826809883, -0.21140585839748383, -0.12171369791030884, 0.9697903990745544),
            ["RightLowerArm"] = CFrame.new(0.0001767873764038086, 0.00009292364120483398, -0.007729634642601013, 0.9999043345451355, 0.012716257944703102, 0.005452965386211872, -0.0024097503628581762, 0.548143208026886, -0.836381196975708, -0.01362495869398117, 0.8362878561019897, 0.5481212735176086),
            ["LeftHand"] = CFrame.new(-3.427267074584961e-07, 0.00009953975677490234, 1.564621925354004e-07, 0.9997791647911072, -0.014349570497870445, 0.015356844291090965, 0.015737712383270264, 0.9954047799110413, -0.09445533156394958, -0.013930834829807281, 0.0946759358048439, 0.9954107403755188),
            ["RightHand"] = CFrame.new(9.313225746154785e-08, -2.384185791015625e-07, -1.4901161193847656e-07, 0.991360068321228, 0.10610724985599518, -0.07711423188447952, -0.11640435457229614, 0.9826560616493225, -0.14435118436813354, 0.060460127890110016, 0.15208040177822113, 0.9865171909332275),
            ["RightUpperArm"] = CFrame.new(0, 0, 0, 0.8800908923149109, -0.08877520263195038, 0.46643221378326416, 0.02073233388364315, 0.988613486289978, 0.14904208481311798, -0.4743524193763733, -0.12150035798549652, 0.8719102740287781),
            ["RightLowerLeg"] = CFrame.new(-3.725290298461914e-08, -0.0000603795051574707, -0.00009994039282901213, 1, 5.587936335871291e-09, -7.636842980218717e-08, 1.0430814256778831e-07, 0.3912770748138428, 0.9202730059623718, 5.587936335871291e-09, -0.9202730059623718, 0.3912769854068756),
            ["LeftUpperLeg"] = CFrame.new(-0.05582159757614136, -0.12434203922748566, -0.15770921111106873, 0.9944378733634949, 0.02317442186176777, -0.10274367034435272, -0.08388632535934448, 0.7641481757164001, -0.6395626068115234, 0.06368981301784515, 0.6446243524551392, 0.7618421912193298),
            ["LeftLowerLeg"] = CFrame.new(5.960464477539063e-08, -0.00006091594696044922, -2.2351741790771484e-08, 1, 3.520399332046509e-07, 2.495943931535294e-07, -3.6880379639114835e-07, 0.43485116958618164, 0.9005025029182434, 1.6763807764164085e-07, -0.9005023241043091, 0.4348510205745697),
        }},
        {Time = 0.267, Data = {
            ["RightFoot"] = CFrame.new(-1.5832483768463135e-08, 0, -0.00009999720350606367, 0.9987378716468811, -0.04887363314628601, -0.011579254642128944, 0.03802947327494621, 0.8864279985427856, -0.4613017439842224, 0.032809726893901825, 0.4602791666984558, 0.887167751789093),
            ["LeftLowerArm"] = CFrame.new(-0.000676572322845459, -0.000006377696990966797, -0.007729634642601013, 0.9998509883880615, -0.01365363597869873, -0.010564800351858139, -0.0032496366184204817, 0.4521790146827698, -0.8919214010238647, 0.016955146566033363, 0.8918226957321167, 0.452067106962204),
            ["LeftFoot"] = CFrame.new(-6.146728992462158e-08, -1.7881393432617188e-07, -3.725290298461914e-08, 0.9999988675117493, -0.001514522940851748, -0.0003564208745956421, 0.001358216512016952, 0.9614467024803162, -0.27498865127563477, 0.0007590873865410686, 0.27498766779899597, 0.9614474773406982),
            ["Head"] = CFrame.new(4.470348358154297e-08, -3.5762786865234375e-07, -5.21540641784668e-08, 0.9459602236747742, 0.20788545906543732, -0.24888348579406738, -0.13521672785282135, 0.950445294380188, 0.2799467444419861, 0.2947470247745514, -0.2311653047800064, 0.9271930456161499),
            ["LowerTorso"] = CFrame.new(0.08956217020750046, -0.07056140899658203, 0.020466558635234833, 0.9703181385993958, -0.03857812285423279, 0.23873525857925415, 0.025596145540475845, 0.9980321526527405, 0.0572424940764904, -0.24047377705574036, -0.049432724714279175, 0.9693961143493652),
            ["UpperTorso"] = CFrame.new(-8.60018189996481e-09, -5.960464477539063e-08, -2.3981556296348572e-08, 0.9860580563545227, -0.06370742619037628, -0.15372328460216522, 0.08858636021614075, 0.9829943776130676, 0.16085553169250488, 0.14086143672466278, -0.17223067581653595, 0.9749331474304199),
            ["HumanoidRootPart"] = CFrame.new(0, 0, 0, 1, 0, 0, 0, 1, 0, 0, 0, 1),
            ["RightUpperLeg"] = CFrame.new(-0.011168152093887329, -0.15970757603645325, 0.00009671429143054411, 0.9015779495239258, -0.14429324865341187, -0.4078439176082611, -0.08329331874847412, 0.8672024607658386, -0.49093982577323914, 0.4245224595069885, 0.47659140825271606, 0.7698321342468262),
            ["LeftUpperArm"] = CFrame.new(0, 0, 0, 0.8588284254074097, 0.4340609312057495, 0.27203819155693054, -0.43039169907569885, 0.8994088172912598, -0.0763334110379219, -0.2778068780899048, -0.05152566730976105, 0.9592540860176086),
            ["RightLowerArm"] = CFrame.new(0.00017690658569335938, 0.00009310245513916016, -0.007729649543762207, 0.9998989701271057, 0.013690020889043808, 0.0038318061269819736, -0.0026142906863242388, 0.4420223832130432, -0.8970006108283997, -0.013973753899335861, 0.8968996405601501, 0.4420129358768463),
            ["LeftHand"] = CFrame.new(-8.195638656616211e-08, 0.00009936094284057617, 1.341104507446289e-07, 0.9999719262123108, 0.007493006996810436, 0.00016329441859852523, -0.007471934892237186, 0.9983733296394348, -0.05652475357055664, -0.0005865619168616831, 0.05652191862463951, 0.9984012842178345),
            ["RightHand"] = CFrame.new(-6.332993507385254e-08, -3.5762786865234375e-07, -1.4901161193847656e-07, 0.9923580288887024, 0.09868042916059494, -0.07407929003238678, -0.10592884570360184, 0.9892000555992126, -0.1013043001294136, 0.06328271329402924, 0.10837728530168533, 0.9920936822891235),
            ["RightUpperArm"] = CFrame.new(0, 0, 0, 0.8423603177070618, -0.12830814719200134, 0.5234177708625793, 0.04631800204515457, 0.9848871827125549, 0.16688887774944305, -0.5369206666946411, -0.11633691191673279, 0.8355727791786194),
            ["RightLowerLeg"] = CFrame.new(1.862645149230957e-08, -0.00006079673767089844, -0.00009983608470065519, 1, -1.3969837198146706e-07, -1.4342361964736483e-07, 2.0116564769523393e-07, 0.5392281413078308, 0.8421597480773926, 1.8626449271863521e-09, -0.8421598076820374, 0.5392282009124756),
