return {
    ["Remember The Time"] = {
        {Time = 0.000, Data = {
            ["RightHand"] = CFrame.new(1.3271346688270569e-08, -2.384185791015625e-07, 5.168840289115906e-08, -0.045055460184812546, -0.10562829673290253, -0.9933844804763794, 0.8535107970237732, 0.5126680135726929, -0.09322424232959747, 0.5191236138343811, -0.8520646095275879, 0.06705636531114578),
            ["LeftLowerArm"] = CFrame.new(2.9802322387695312e-08, -1.7881393432617188e-07, 7.450580596923828e-09, 1, 1.6391268786719593e-07, -6.705521116145974e-08, -1.1920928955078125e-07, 0.11592709273099899, -0.9932577610015869, -1.341104507446289e-07, 0.9932577013969421, 0.11592680215835571),
            ["RightUpperArm"] = CFrame.new(0, 1.1920928955078125e-07, 2.0230261910114677e-11, -0.003230772214010358, -0.9970306754112244, -0.07693733274936676, -0.006434108596295118, 0.07695689797401428, -0.9970137476921082, 0.9999740719795227, -0.0027261385694146156, -0.006663599982857704),
            ["Head"] = CFrame.new(2.980747737524325e-08, 2.384185791015625e-07, 3.978040119534398e-12, 0.9891913533210754, -0.1463671773672104, 0.008789767511188984, 0.1465206891298294, 0.9889940023422241, -0.020558509975671768, -0.005683938506990671, 0.021624280139803886, 0.999750018119812),
            ["RightFoot"] = CFrame.new(-1.4959368854761124e-08, 4.172325134277344e-07, 3.306195139884949e-08, 0.9992466568946838, 0.024041797965765, 0.03046543337404728, -0.014973551966249943, 0.96305912733078, -0.2688736915588379, -0.03580427169799805, 0.26821497082710266, 0.9626935720443726),
            ["UpperTorso"] = CFrame.new(-1.4886889942999915e-08, 0, 2.503774965134653e-12, 0.9798243045806885, 0.19986097514629364, 2.3141124572134686e-08, -0.19986097514629364, 0.9798243045806885, -1.822081707736345e-09, -2.303839963246901e-08, -2.8396889284465487e-09, 1),
            ["HumanoidRootPart"] = CFrame.new(0, 0, 0, 1, 0, 0, 0, 1, 0, 0, 0, 1),
            ["RightUpperLeg"] = CFrame.new(0, -2.2351741790771484e-08, -7.275957614183426e-12, 0.8638732433319092, -0.09889745712280273, -0.49390512704849243, -0.20482458174228668, 0.826840341091156, -0.5238149762153625, 0.46018466353416443, 0.5536735653877258, 0.6940285563468933),
            ["LeftUpperArm"] = CFrame.new(-5.960464477539063e-08, 1.1920928955078125e-07, 1.4103607171023214e-11, 0.6460801959037781, 0.46322721242904663, 0.606630802154541, 0.10376431047916412, 0.7340949773788452, -0.6710718274116516, -0.7561834454536438, 0.49651291966438293, 0.42621785402297974),
            ["RightLowerArm"] = CFrame.new(-2.9802322387695312e-08, 1.1920928955078125e-07, 5.75091689825058e-08, 1, -8.676579454913735e-08, 9.023644054195756e-08, 8.74642793746716e-08, -0.03284154087305069, -0.9994605779647827, 8.969435327799147e-08, 0.9994605779647827, -0.03284154087305069),
            ["LeftHand"] = CFrame.new(-1.7881393432617188e-07, 2.384185791015625e-07, 5.960464477539063e-08, 0.18311701714992523, 0.6391159892082214, 0.7469937205314636, -0.6253719329833984, 0.6620094180107117, -0.4131017029285431, -0.7585368752479553, -0.3915027976036072, 0.5209101438522339),
            ["LeftFoot"] = CFrame.new(-2.8408976504579186e-08, -5.960464477539063e-08, 3.6088749766349792e-09, 0.9998815059661865, 0.015391354449093342, 0.00028678771923296154, -0.014591854065656662, 0.9535509943962097, -0.3008781671524048, -0.0049043744802474976, 0.30083832144737244, 0.9536625146865845),
            ["LowerTorso"] = CFrame.new(-0.038207799196243286, 0, 0, 0.9640978574752808, -0.2655472755432129, -3.5678620946555384e-08, 0.2655472755432129, 0.9640978574752808, -4.823771604378635e-09, 3.5678620946555384e-08, -4.823771604378635e-09, 1),
            ["RightLowerLeg"] = CFrame.new(4.0978193283081055e-08, -0.000014841556549072266, -0.000035001139622181654, 1, -1.1920930376163597e-07, -5.401672353855247e-08, 1.6205012798309326e-07, 0.30616751313209534, 0.951977550983429, -9.313225746154785e-08, -0.9519777297973633, 0.3061678409576416),
            ["LeftUpperLeg"] = CFrame.new(0, -1.4901161193847656e-08, -3.696598582791921e-12, 0.960914671421051, 0.195375457406044, -0.1961415410041809, -0.24870596826076508, 0.9204244017601013, -0.3016027510166168, 0.12160766869783401, 0.33859604597091675, 0.9330403804779053),
            ["LeftLowerLeg"] = CFrame.new(1.862645149230957e-08, 0.00001519918441772461, 0.00003501400351524353, 1, 4.0046870708465576e-08, 8.847563570668626e-09, -6.612389569227162e-08, 0.7926754355430603, 0.6096439361572266, 2.9802318834981634e-08, -0.6096439957618713, 0.7926753759384155),
        }},
        {Time = 0.034, Data = {
            ["RightHand"] = CFrame.new(2.421438694000244e-08, 4.172325134277344e-07, -1.3969838619232178e-08, -0.09779098629951477, -0.0855744257569313, -0.9915210008621216, 0.8666794300079346, 0.4823995530605316, -0.12711238861083984, 0.4891868233680725, -0.8717613220214844, 0.026991330087184906),
            ["LeftLowerArm"] = CFrame.new(-2.9802322387695312e-08, 5.960464477539063e-08, 7.264316082000732e-08, 1, 1.043080928297968e-07, -1.6391277313232422e-07, -1.1920930376163597e-07, -0.09741141647100449, -0.9952442049980164, -1.1175872316471214e-07, 0.9952442049980164, -0.09741157293319702),
            ["RightUpperArm"] = CFrame.new(0, 1.1920928955078125e-07, 3.841705620288849e-09, -0.02766500785946846, -0.9688826203346252, -0.2459699809551239, -0.05867280811071396, 0.24721382558345795, -0.967182993888855, 0.9978939294815063, -0.012325407937169075, -0.06368619948625565),
            ["Head"] = CFrame.new(-2.7030182536691427e-08, 2.384185791015625e-07, 2.9976945370435715e-09, 0.9913772344589233, -0.1306588500738144, 0.009974425658583641, 0.13068222999572754, 0.9914228916168213, -0.001726329093798995, -0.009663311764597893, 0.003015020163729787, 0.9999488592147827),
            ["RightFoot"] = CFrame.new(-2.5902409106492996e-08, 1.7881393432617188e-07, -4.17931005358696e-08, 0.9993787407875061, 0.024147676303982735, 0.025672921910881996, -0.016318466514348984, 0.96265709400177, -0.27023136615753174, -0.031239721924066544, 0.2696446180343628, 0.9624531269073486),
            ["UpperTorso"] = CFrame.new(-2.506203600205481e-08, -8.940696716308594e-08, -1.1641532182693481e-09, 0.9869951009750366, 0.16068604588508606, -0.004543615505099297, -0.1607258915901184, 0.9869434833526611, -0.010473349131643772, 0.0028013703413307667, 0.011067419312894344, 0.9999348521232605),
            ["HumanoidRootPart"] = CFrame.new(0, 0, 0, 1, 0, 0, 0, 1, 0, 0, 0, 1),
            ["RightUpperLeg"] = CFrame.new(0, -3.638706402853131e-08, -2.3283064365386963e-10, 0.8902445435523987, -0.07561961561441422, -0.4491618275642395, -0.18347017467021942, 0.8430504202842712, -0.5055738687515259, 0.4168972969055176, 0.5324921011924744, 0.7366469502449036),
            ["LeftUpperArm"] = CFrame.new(-5.960464477539063e-08, 2.384185791015625e-07, 3.4924596548080444e-09, 0.6180391311645508, 0.37008577585220337, 0.6935879588127136, 0.17028449475765228, 0.7982951998710632, -0.5776920318603516, -0.7674835920333862, 0.4751434624195099, 0.43035778403282166),
            ["RightLowerArm"] = CFrame.new(0, -2.980232238769531e-07, 7.264316082000732e-08, 1, -7.054767081626778e-08, 1.0663642058261757e-07, 8.568168397005138e-08, -0.2337627410888672, -0.9722936749458313, 9.546057810894126e-08, 0.9722936749458313, -0.233762726187706),
            ["LeftHand"] = CFrame.new(2.2351741790771484e-08, 5.960464477539062e-07, 2.682209014892578e-07, 0.06008431315422058, 0.656391978263855, 0.7520237565040588, -0.71996009349823, 0.5503374934196472, -0.422830730676651, -0.6914096474647522, -0.5160216093063354, 0.5056427121162415),
            ["LeftFoot"] = CFrame.new(-3.0784576665610075e-08, -1.1920928955078125e-07, -5.762558430433273e-09, 0.999912440776825, 0.013238317333161831, -0.0000012069940567016602, -0.01270664855837822, 0.959729790687561, -0.28063756227493286, -0.0037140101194381714, 0.28061285614967346, 0.9598138928413391),
            ["LowerTorso"] = CFrame.new(-0.032365862280130386, -0.0039937496185302734, 0.009007308632135391, 0.9738981127738953, -0.22698307037353516, -0.0010834010317921638, 0.2269824892282486, 0.9738986492156982, -0.0006418862612918019, 0.0012008200865238905, 0.00037921880721114576, 0.9999992251396179),
            ["RightLowerLeg"] = CFrame.new(7.82310962677002e-08, -0.000014901161193847656, -0.00003515015123412013, 1, -1.3224779138454323e-07, -3.3527616238870905e-08, 1.1362135410308838e-07, 0.3988090753555298, 0.917033851146698, -1.30385160446167e-07, -0.9170340299606323, 0.3988095819950104),
            ["LeftUpperLeg"] = CFrame.new(0, 1.0593794286251068e-08, 4.94765117764473e-10, 0.969768226146698, 0.16354414820671082, -0.18111546337604523, -0.21234740316867828, 0.9312575459480286, -0.29608792066574097, 0.1202416867017746, 0.3255961239337921, 0.937832236289978),
            ["LeftLowerLeg"] = CFrame.new(-9.313225746154785e-09, 0.000014960765838623047, 0.00003504753112792969, 1, 3.4458938813486384e-08, 8.149071639707017e-09, -6.239861249923706e-08, 0.8133736252784729, 0.5817416906356812, 2.7008354663848877e-08, -0.5817417502403259, 0.8133736848831177),
        }},
        {Time = 0.069, Data = {
            ["RightHand"] = CFrame.new(5.587935447692871e-08, 0, 6.332993507385254e-08, -0.10844820737838745, -0.08734700083732605, -0.9902573227882385, 0.8674007058143616, 0.478326678276062, -0.13718509674072266, 0.48564907908439636, -0.8738272786140442, 0.02389124594628811),
            ["LeftLowerArm"] = CFrame.new(1.1920928955078125e-07, 2.980232238769531e-07, 2.39349901676178e-07, 1, 4.470348358154297e-08, -1.49011640360186e-07, -1.937150670983101e-07, -0.2698999345302582, -0.9628883600234985, -2.1606680888908159e-07, 0.9628883600234985, -0.2699001431465149),
            ["RightUpperArm"] = CFrame.new(5.960464477539063e-08, 0, -1.3969838619232178e-09, -0.04411982372403145, -0.9085277318954468, -0.41548874974250793, -0.062267959117889404, 0.41758596897125244, -0.9065014719963074, 0.997083842754364, -0.014123054221272469, -0.0749959722161293),
            ["Head"] = CFrame.new(2.1478626877069473e-08, 0, 7.275957614183426e-10, 0.995227038860321, -0.0962127223610878, 0.016321098431944847, 0.09616274386644363, 0.9953582882881165, 0.003821759484708309, -0.01661304198205471, -0.00223393808118999, 0.9998595118522644),
            ["RightFoot"] = CFrame.new(-1.3897079043090343e-08, 3.5762786865234375e-07, -1.2514647096395493e-08, 0.9995770454406738, 0.024928675964474678, 0.014982753433287144, -0.020232396200299263, 0.9660561084747314, -0.2575388252735138, -0.020894331857562065, 0.2571267783641815, 0.9661518931388855),
            ["UpperTorso"] = CFrame.new(-1.8681021174415946e-09, -5.960464477539063e-08, -7.566995918750763e-10, 0.9947662949562073, 0.10155171155929565, -0.011286919005215168, -0.10168443620204926, 0.9947457909584045, -0.011880352161824703, 0.010021143592894077, 0.01296587660908699, 0.9998657703399658),
            ["HumanoidRootPart"] = CFrame.new(0, 0, 0, 1, 0, 0, 0, 1, 0, 0, 0, 1),
            ["RightUpperLeg"] = CFrame.new(0, -3.4568074624985456e-08, -2.35741026699543e-09, 0.9374687671661377, -0.015441414900124073, -0.34772685170173645, -0.14184892177581787, 0.8953438401222229, -0.4221828281879425, 0.3178543150424957, 0.4451078772544861, 0.8371664881706238),
            ["LeftUpperArm"] = CFrame.new(1.1920928955078125e-07, 1.1920928955078125e-07, -5.587935447692871e-09, 0.5981813073158264, 0.29855647683143616, 0.743668794631958, 0.18275518715381622, 0.8527281284332275, -0.4893418252468109, -0.7802433371543884, 0.4286245107650757, 0.455523282289505),
            ["RightLowerArm"] = CFrame.new(0, 0, 1.4901161193847656e-08, 1, -8.067579670978375e-08, 1.187436140526188e-07, 8.009374852235851e-08, -0.38257962465286255, -0.9239224791526794, 1.2293459406009788e-07, 0.9239225387573242, -0.38257965445518494),
            ["LeftHand"] = CFrame.new(-8.568167686462402e-08, -1.7881393432617188e-07, -2.2351741790771484e-07, -0.033502865582704544, 0.6568086743354797, 0.7533130645751953, -0.8033089637756348, 0.4307410418987274, -0.4112866222858429, -0.594619631767273, -0.6189221739768982, 0.5131890177726746),
            ["LeftFoot"] = CFrame.new(-2.2464519133791327e-08, 5.960464477539063e-08, -1.4668330550193787e-08, 0.9999539256095886, 0.009596593677997589, -0.00026833266019821167, -0.009341346099972725, 0.9661529064178467, -0.2578014135360718, -0.002214781939983368, 0.2577917277812958, 0.9661979675292969),
            ["LowerTorso"] = CFrame.new(-0.022822435945272446, -0.015442252159118652, 0.01658339984714985, 0.9865944385528564, -0.16318131983280182, -0.0018150003161281347, 0.16318190097808838, 0.9865959882736206, 0.000171949781361036, 0.0017626130720600486, -0.00046581990318372846, 0.9999983310699463),
            ["RightLowerLeg"] = CFrame.new(5.587935447692871e-09, -0.0000152587890625, -0.0000350160407833755, 1, -8.661299233381214e-08, -5.308539385850963e-08, 1.2014064054710616e-07, 0.6244389414787292, 0.7810735106468201, -7.776545629667453e-08, -0.7810735702514648, 0.6244392395019531),
            ["LeftUpperLeg"] = CFrame.new(8.940696716308594e-08, 1.8553691916167736e-09, -7.275957614183426e-10, 0.9810712337493896, 0.10928817838430405, -0.15986070036888123, -0.15256190299987793, 0.944641649723053, -0.2904772162437439, 0.11926540732383728, 0.3093675673007965, 0.943433940410614),
            ["LeftLowerLeg"] = CFrame.new(-1.862645149230957e-09, 0.000015437602996826172, 0.00003512576222419739, 1, 3.91155481338501e-08, 1.5366822481155396e-08, -6.426127185932273e-08, 0.8372315764427185, 0.546848714351654, 2.8172514987545583e-08, -0.5468485355377197, 0.837231457233429),
        }},
        {Time = 0.103, Data = {
            ["RightHand"] = CFrame.new(7.450580596923828e-08, 1.1920928955078125e-07, 3.3527612686157227e-08, -0.09384896606206894, -0.09980373084545135, -0.9905713796615601, 0.8577592372894287, 0.4969900846481323, -0.13133972883224487, 0.505412220954895, -0.8619977235794067, 0.03896566107869148),
            ["LeftLowerArm"] = CFrame.new(1.4901161193847656e-07, -3.5762786865234375e-07, -9.546056389808655e-08, 1, 7.450577044210149e-08, -1.341104507446289e-07, -1.043081283569336e-07, -0.3859789967536926, -0.9225075244903564, -1.7136335372924805e-07, 0.9225075840950012, -0.38597920536994934),
            ["RightUpperArm"] = CFrame.new(5.960464477539063e-08, 2.384185791015625e-07, -4.190951585769653e-09, -0.045365359634160995, -0.834164559841156, -0.5496466159820557, -0.03833886235952377, 0.5512617230415344, -0.8334511518478394, 0.9982345104217529, -0.016737014055252075, -0.056989070028066635),
            ["Head"] = CFrame.new(1.0419171303510666e-08, 0, -5.558831617236137e-09, 0.9982861876487732, -0.05292770266532898, 0.024967320263385773, 0.05286584049463272, 0.998596727848053, 0.0031312385108321905, -0.025098012760281563, -0.001805855892598629, 0.9996833801269531),
            ["RightFoot"] = CFrame.new(2.244632923975587e-08, 3.5762786865234375e-07, 7.130438461899757e-09, 0.9998866319656372, 0.014520453289151192, 0.003985668532550335, -0.013391803950071335, 0.9785688519477844, -0.20548392832279205, -0.006883990950882435, 0.20540748536586761, 0.9786524772644043),
            ["UpperTorso"] = CFrame.new(-1.1470547178760171e-08, -2.9802322387695312e-08, 1.5352270565927029e-09, 0.9992583394050598, 0.0327586866915226, -0.02024068869650364, -0.03301265835762024, 0.9993787407875061, -0.012343545444309711, 0.01982375793159008, 0.013002590276300907, 0.999718964099884),
            ["HumanoidRootPart"] = CFrame.new(0, 0, 0, 1, 0, 0, 0, 1, 0, 0, 0, 1),
            ["RightUpperLeg"] = CFrame.new(-2.9802322387695312e-08, -1.4411489246413112e-07, -3.3178366720676422e-09, 0.9732104539871216, 0.012440242804586887, -0.22957924008369446, -0.07980354875326157, 0.954732358455658, -0.28656160831451416, 0.21562185883522034, 0.29720592498779297, 0.9301483035087585),
            ["LeftUpperArm"] = CFrame.new(0, 0, -1.3969838619232178e-09, 0.5903958082199097, 0.26408785581588745, 0.7626863718032837, 0.15480266511440277, 0.8903604745864868, -0.42812904715538025, -0.792129397392273, 0.3708314299583435, 0.4847835302352905),
            ["RightLowerArm"] = CFrame.new(0, -1.1920928955078125e-07, -2.123415470123291e-07, 1, -6.542541086673737e-08, 1.334119588136673e-07, 8.754432201385498e-08, -0.47013136744499207, -0.882596492767334, 1.30385160446167e-07, 0.882596492767334, -0.47013142704963684),
            ["LeftHand"] = CFrame.new(-1.4901161193847656e-07, 2.980232238769531e-07, 3.0547380447387695e-07, -0.10071875154972076, 0.6451864242553711, 0.7573577165603638, -0.8644710183143616, 0.32006168365478516, -0.38762110471725464, -0.49248939752578735, -0.6937543153762817, 0.525508463382721),
            ["LeftFoot"] = CFrame.new(2.4374458007514477e-09, 1.1920928955078125e-07, -1.123407855629921e-08, 0.9999903440475464, 0.004363883752375841, -0.0005295872688293457, -0.004369661211967468, 0.9736317992210388, -0.2280837893486023, -0.00047973543405532837, 0.22808396816253662, 0.9736413955688477),
            ["LowerTorso"] = CFrame.new(-0.011419735848903656, -0.02872157096862793, 0.022827327251434326, 0.9963353276252747, -0.08551698923110962, -0.0016628552693873644, 0.08552175015211105, 0.9963317513465881, 0.003046866739168763, 0.0013961965451017022, -0.0031779117416590452, 0.9999939799308777),
            ["RightLowerLeg"] = CFrame.new(-5.122274160385132e-09, -0.000014603137969970703, -0.00003511289833113551, 1, -7.357447628919545e-08, -8.498319381544661e-09, 9.220095620321445e-08, 0.8524481654167175, 0.5228114724159241, -1.1059458238094066e-08, -0.5228117108345032, 0.8524484634399414),
            ["LeftUpperLeg"] = CFrame.new(0, -9.74978320300579e-10, -5.820766091346741e-11, 0.9895700812339783, 0.04384779557585716, -0.13721677660942078, -0.08092579990625381, 0.9572457075119019, -0.27772587537765503, 0.11917249858379364, 0.28593358397483826, 0.9508101940155029),
            ["LeftLowerLeg"] = CFrame.new(1.3969838619232178e-09, 0.00001519918441772461, 0.00003512948751449585, 1, 4.377216100692749e-08, 1.8975699234147214e-08, -4.7963112592697144e-08, 0.8679734468460083, 0.4966106414794922, 1.932494342327118e-08, -0.4966106116771698, 0.8679734468460083),
        }},
        {Time = 0.138, Data = {
            ["RightHand"] = CFrame.new(-2.2351741790771484e-08, 1.1920928955078125e-07, 3.5390257835388184e-08, -0.06863798946142197, -0.11040165275335312, -0.9915142059326172, 0.8362696766853333, 0.5355749726295471, -0.11752542853355408, 0.5440053343772888, -0.8372400999069214, 0.05556470528244972),
            ["LeftLowerArm"] = CFrame.new(2.9802322387695312e-08, 2.980232238769531e-07, 1.6763806343078613e-07, 1, 9.685752644372769e-08, -1.7881397695873602e-07, -4.4703490686970326e-08, -0.43294695019721985, -0.9014194011688232, -1.9371512394172896e-07, 0.9014193415641785, -0.43294718861579895),
            ["RightUpperArm"] = CFrame.new(0, 2.384185791015625e-07, -1.5133991837501526e-09, -0.03257381170988083, -0.7808358669281006, -0.6238864064216614, -0.006714412942528725, 0.6243746876716614, -0.781096339225769, 0.9994468092918396, -0.021254369989037514, -0.025581058114767075),
            ["Head"] = CFrame.new(-6.984919309616089e-09, 1.1920928955078125e-07, 2.0081643015146255e-09, 0.9993965029716492, -0.011037930846214294, 0.032937150448560715, 0.01093857642263174, 0.9999351501464844, 0.00319550815038383, -0.03297029063105583, -0.0028331938665360212, 0.9994523525238037),
            ["RightFoot"] = CFrame.new(-3.42843122780323e-08, 2.980232238769531e-07, -1.437729224562645e-08, 0.9999968409538269, 0.0025176736526191235, -0.00010716643737396225, -0.0024937386624515057, 0.9825775027275085, -0.18583674728870392, -0.00036254903534427285, 0.18583668768405914, 0.9825807213783264),
            ["UpperTorso"] = CFrame.new(1.2352074918453582e-09, 1.7881393432617188e-07, 7.86961606991099e-10, 0.9989472031593323, -0.03493490442633629, -0.029733533039689064, 0.03436688333749771, 0.9992209672927856, -0.019405163824558258, 0.03038828633725643, 0.01836288347840309, 0.9993695020675659),
            ["HumanoidRootPart"] = CFrame.new(0, 0, 0, 1, 0, 0, 0, 1, 0, 0, 0, 1),
            ["RightUpperLeg"] = CFrame.new(0, 2.491287887096405e-08, 5.195033736526966e-09, 0.9853312373161316, -0.030378028750419617, -0.16792744398117065, -0.010354534722864628, 0.971572995185852, -0.23651376366615295, 0.17033852636814117, 0.23478305339813232, 0.9570066928863525),
            ["LeftUpperArm"] = CFrame.new(-5.960464477539063e-08, 2.384185791015625e-07, 4.0745362639427185e-09, 0.5914222002029419, 0.28321218490600586, 0.7549905180931091, 0.09684386104345322, 0.9045680165290833, -0.4151844084262848, -0.8005255460739136, 0.3186655342578888, 0.5075542330741882),
            ["RightLowerArm"] = CFrame.new(2.9802322387695312e-08, 1.7881393432617188e-07, 1.341104507446289e-07, 1, -6.845220212881031e-08, 1.2572851915138017e-07, 8.195639367158947e-08, -0.4863414764404297, -0.8737688064575195, 1.2293459406009788e-07, 0.8737688660621643, -0.48634153604507446),
            ["LeftHand"] = CFrame.new(0, 2.980232238769531e-07, -4.470348358154297e-08, -0.14448341727256775, 0.6256389021873474, 0.7666164636611938, -0.8995145559310913, 0.2397763878107071, -0.365213006734848, -0.4123082458972931, -0.7423498630523682, 0.5281274914741516),
            ["LeftFoot"] = CFrame.new(-2.0107108866795897e-08, -1.1920928955078125e-07, -3.6670826375484467e-09, 0.9999977350234985, -0.0019706101156771183, -0.0007881298661231995, 0.0017909742891788483, 0.9827683568000793, -0.18483315408229828, 0.0011387914419174194, 0.1848314106464386, 0.9827696084976196),
            ["LowerTorso"] = CFrame.new(0, -0.0382077693939209, 0.02783813886344433, 0.9999805688858032, -0.006248392164707184, 0.00001906163197418209, 0.00624800706282258, 0.9999445080757141, 0.00848053302615881, -0.00007205027213785797, -0.008480248041450977, 0.9999640583992004),
            ["RightLowerLeg"] = CFrame.new(6.100162863731384e-08, -0.000014722347259521484, -0.00003514270065352321, 1, -6.076880509908733e-08, 7.858035333541125e-10, 5.727633833885193e-08, 0.9185702204704285, 0.39525750279426575, -1.82189978659153e-08, -0.3952578902244568, 0.918570339679718),
            ["LeftUpperLeg"] = CFrame.new(5.960464477539063e-08, 6.076879799365997e-08, 2.4087967176456004e-09, 0.9926643371582031, -0.021228956058621407, -0.1190246045589447, -0.009195595979690552, 0.9683557152748108, -0.24940496683120728, 0.12055269628763199, 0.24866992235183716, 0.9610569477081299),
            ["LeftLowerLeg"] = CFrame.new(5.8673322200775146e-08, 0.00001537799835205078, 0.000035062432289123535, 1, 4.2957257306852625e-08, 2.185698200207753e-08, -3.7834976041040136e-08, 0.9088358283042908, 0.41715413331985474, 1.0040820619394708e-08, -0.4171541929244995, 0.9088358283042908),
        }},
        {Time = 0.172, Data = {
            ["RightHand"] = CFrame.new(2.7939677238464355e-09, 0, 3.5390257835388184e-08, -0.04908795654773712, -0.10653205215930939, -0.9930968284606934, 0.8009811639785767, 0.5897872447967529, -0.1028597503900528, 0.5966737866401672, -0.8005009889602661, 0.05637865141034126),
            ["LeftLowerArm"] = CFrame.new(0, 1.1920928955078125e-07, -3.3527612686157227e-08, 1, 8.195634393359796e-08, -1.732259846676243e-07, -1.2665985593685036e-07, -0.38957253098487854, -0.9209957718849182, -2.8312203426139604e-07, 0.9209957718849182, -0.3895726501941681),
            ["RightUpperArm"] = CFrame.new(0, -2.384185791015625e-07, 1.862645149230957e-09, -0.013557338155806065, -0.7854405641555786, -0.6187886595726013, 0.017099428921937943, 0.6185728907585144, -0.785541296005249, 0.9997618794441223, -0.021230749785900116, 0.005044358782470226),
            ["Head"] = CFrame.new(-6.170012056827545e-09, 0, -5.791662260890007e-09, 0.9991101026535034, 0.019053315743803978, 0.03762924298644066, -0.019419344142079353, 0.9997674226760864, 0.009386027231812477, -0.03744164854288101, -0.010108309797942638, 0.9992477893829346),
            ["RightFoot"] = CFrame.new(-4.379398887977004e-08, 2.980232238769531e-07, -3.725290298461914e-09, 0.9999949336051941, -0.0032000949140638113, -0.000056472199503332376, 0.0030902039725333452, 0.9699501991271973, -0.24328400194644928, 0.00083323655417189, 0.24328269064426422, 0.9699551463127136),
            ["UpperTorso"] = CFrame.new(1.3009412214159966e-08, 2.086162567138672e-07, -5.806214176118374e-09, 0.9950217604637146, -0.0926930159330368, -0.03660174459218979, 0.09132026135921478, 0.9951133131980896, -0.03755069896578789, 0.03990356624126434, 0.034021273255348206, 0.9986242055892944),
            ["HumanoidRootPart"] = CFrame.new(0, 0, 0, 1, 0, 0, 0, 1, 0, 0, 0, 1),
            ["RightUpperLeg"] = CFrame.new(1.1920928955078125e-07, 1.841108314692974e-07, -4.71482053399086e-09, 0.9834415912628174, -0.10418940335512161, -0.14828114211559296, 0.05168604478240013, 0.9454825520515442, -0.3215453326702118, 0.17369888722896576, 0.30855679512023926, 0.9352120161056519),
            ["LeftUpperArm"] = CFrame.new(-5.960464477539063e-08, 0, -1.862645149230957e-09, 0.5914708971977234, 0.3721313774585724, 0.7153184413909912, 0.016285812482237816, 0.8814383149147034, -0.47201836109161377, -0.8061619400978088, 0.2908347249031067, 0.5152845978736877),
            ["RightLowerArm"] = CFrame.new(-2.9802322387695312e-08, -2.980232238769531e-07, 3.5297125577926636e-07, 1, -8.149072527885437e-08, 1.2246891856193542e-07, 7.462222129106522e-08, -0.40637415647506714, -0.9137067794799805, 1.2083910405635834e-07, 0.9137067794799805, -0.40637412667274475),
            ["LeftHand"] = CFrame.new(2.9802322387695312e-08, 4.172325134277344e-07, 3.725290298461914e-08, -0.1687180995941162, 0.6003245115280151, 0.781757652759552, -0.9086354374885559, 0.21264433860778809, -0.35939374566078186, -0.38198935985565186, -0.7709687948226929, 0.5095990300178528),
            ["LeftFoot"] = CFrame.new(2.4556356947869062e-08, 0, 1.3562384992837906e-08, 0.9999247193336487, -0.011608447879552841, -0.003974602557718754, 0.010602026246488094, 0.9804710149765015, -0.1963779479265213, 0.006176649127155542, 0.1963208168745041, 0.9805203080177307),
            ["LowerTorso"] = CFrame.new(0.00989481434226036, -0.03966343402862549, 0.03171489015221596, 0.9979502558708191, 0.06389400362968445, 0.003588112536817789, -0.06394444406032562, 0.9978193640708923, 0.016358058899641037, -0.0025351059157401323, -0.0165539663285017, 0.9998598694801331),
            ["RightLowerLeg"] = CFrame.new(-6.798654794692993e-08, -0.000014781951904296875, -0.00003505329368636012, 1, -8.381902460996571e-08, 8.847563570668626e-09, 6.984920020158825e-08, 0.8606466054916382, 0.5092025399208069, -1.4901162970204496e-08, -0.509202778339386, 0.860646665096283),
            ["LeftUpperLeg"] = CFrame.new(0, 2.569868229329586e-07, -6.984919309616089e-10, 0.9940803050994873, -0.08112184703350067, -0.07227405160665512, 0.054116010665893555, 0.9465224742889404, -0.3180670440196991, 0.09421119838953018, 0.3122730255126953, 0.9453093409538269),
            ["LeftLowerLeg"] = CFrame.new(-5.122274160385132e-08, 0.00001531839370727539, 0.000035176053643226624, 1, 4.656612162534657e-08, -7.450580596923828e-09, -4.796310193455611e-08, 0.860931396484375, 0.5087213516235352, 3.259628122975755e-09, -0.5087211728096008, 0.8609312772750854),
        }},
        {Time = 0.207, Data = {
            ["RightHand"] = CFrame.new(-7.450580596923828e-09, 1.7881393432617188e-07, -7.916241884231567e-08, -0.04977627471089363, -0.08208367973566055, -0.9953815937042236, 0.7526493668556213, 0.6520455479621887, -0.09140859544277191, 0.6565373539924622, -0.7537233233451843, 0.02932385914027691),
            ["LeftLowerArm"] = CFrame.new(-2.086162567138672e-07, 5.960464477539063e-08, -1.0803341865539551e-07, 1, 1.601873833578793e-07, -1.6391271628890536e-07, -1.4156101713069802e-07, -0.2209862768650055, -0.9752768874168396, -1.639127589214695e-07, 0.9752769470214844, -0.22098635137081146),
            ["RightUpperArm"] = CFrame.new(0, -1.1920928955078125e-07, 1.1175870895385742e-08, 0.005175743252038956, -0.8612342476844788, -0.5081818103790283, 0.024034544825553894, 0.5081489682197571, -0.860933780670166, 0.999697744846344, -0.00775795616209507, 0.02332942746579647),
            ["Head"] = CFrame.new(-7.683411240577698e-09, -1.1920928955078125e-07, 1.6094418242573738e-08, 0.9988905787467957, 0.027193104848265648, 0.03844892233610153, -0.028005992993712425, 0.9993921518325806, 0.020763928070664406, -0.03786091133952141, -0.021817589178681374, 0.9990448355674744),
            ["RightFoot"] = CFrame.new(-1.102307578548789e-08, 5.364418029785156e-07, -2.5262124836444855e-08, 0.9999748468399048, -0.007093495223671198, -0.00003200575156370178, 0.006820452865213156, 0.9627085328102112, -0.2704548239707947, 0.0019492222927510738, 0.2704479992389679, 0.9627326726913452),
            ["UpperTorso"] = CFrame.new(-8.993083611130714e-09, 2.384185791015625e-07, -1.1641532182693481e-09, 0.9895057678222656, -0.13916358351707458, -0.03888433799147606, 0.136586993932724, 0.9886534810066223, -0.0625174418091774, 0.04714328795671463, 0.056550268083810806, 0.9972861409187317),
            ["HumanoidRootPart"] = CFrame.new(0, 0, 0, 1, 0, 0, 0, 1, 0, 0, 0, 1),
            ["RightUpperLeg"] = CFrame.new(-2.9802322387695312e-08, 3.888271749019623e-08, -7.508788257837296e-09, 0.9785987138748169, -0.16083931922912598, -0.12835605442523956, 0.10343311727046967, 0.9237030744552612, -0.36888256669044495, 0.17789368331432343, 0.34771159291267395, 0.9205706715583801),
            ["LeftUpperArm"] = CFrame.new(0, 1.1920928955078125e-07, 9.313225746154785e-09, 0.5751867294311523, 0.5329904556274414, 0.6205493807792664, -0.07899710536003113, 0.7912434339523315, -0.6063773036003113, -0.8141988515853882, 0.29975858330726624, 0.49721741676330566),
            ["RightLowerArm"] = CFrame.new(2.9802322387695312e-08, -5.960464477539063e-08, 5.690380930900574e-07, 1, -8.568168397005138e-08, 1.0151414642223244e-07, 8.475035429000854e-08, -0.1877581626176834, -0.9822152853012085, 1.0477378964424133e-07, 0.9822153449058533, -0.18775811791419983),
            ["LeftHand"] = CFrame.new(-2.9802322387695312e-08, 5.960464477539063e-08, 1.2665987014770508e-07, -0.1791309118270874, 0.5696810483932495, 0.8021071553230286, -0.8895804286003113, 0.2544209659099579, -0.37936338782310486, -0.42018917202949524, -0.7814943790435791, 0.46120232343673706),
            ["LeftFoot"] = CFrame.new(-3.1400759326061234e-08, 0, -3.731111064553261e-08, 0.9997031688690186, -0.02071475237607956, -0.012828662060201168, 0.016981037333607674, 0.9699140191078186, -0.24285484850406647, 0.017473354935646057, 0.2425648421049118, 0.969977855682373),
            ["LowerTorso"] = CFrame.new(0.017923736944794655, -0.03439652919769287, 0.03455663099884987, 0.992523193359375, 0.12178879231214523, 0.008074263110756874, -0.12195226550102234, 0.9922349452972412, 0.024442818015813828, -0.005034704227000475, -0.025244735181331635, 0.9996687173843384),
            ["RightLowerLeg"] = CFrame.new(-6.05359673500061e-08, -0.000015020370483398438, -0.00003512779949232936, 1, -8.847564458847046e-08, 9.080395102500916e-09, 8.288771624620495e-08, 0.8276659846305847, 0.5612207651138306, -1.862645326866641e-08, -0.5612211227416992, 0.8276662230491638),
            ["LeftUpperLeg"] = CFrame.new(2.9802322387695312e-08, 9.062932804226875e-08, -6.984919309616089e-09, 0.993851900100708, -0.10641662776470184, 0.03056158497929573, 0.10828766226768494, 0.8767504692077637, -0.4685961902141571, 0.023071546107530594, 0.4690245985984802, 0.8828837275505066),
            ["LeftLowerLeg"] = CFrame.new(-1.3969838619232178e-08, 0.000015079975128173828, 0.000035150907933712006, 1, 6.658956408500671e-08, 2.3283060812673284e-08, -6.519258732851085e-08, 0.6751934885978699, 0.737640917301178, 2.7474019503870295e-08, -0.7376407384872437, 0.6751933693885803),
        }},
        {Time = 0.241, Data = {
            ["RightHand"] = CFrame.new(-1.862645149230957e-09, -2.384185791015625e-07, -2.3632310330867767e-08, -0.06743454188108444, -0.05025852471590042, -0.9964570999145508, 0.698630154132843, 0.7106382846832275, -0.08312200009822845, 0.7122980356216431, -0.7017602324485779, -0.012809419073164463),
            ["LeftLowerArm"] = CFrame.new(0, -4.172325134277344e-07, -2.1792948246002197e-07, 1, 1.4901154088420299e-07, -8.195638656616211e-08, -1.564621925354004e-07, 0.07125893980264664, -0.9974579215049744, -1.4156103134155273e-07, 0.9974578619003296, 0.07125890254974365),
            ["RightUpperArm"] = CFrame.new(1.1920928955078125e-07, 1.1920928955078125e-07, -1.30385160446167e-08, 0.028525538742542267, -0.9569915533065796, -0.2887101471424103, 0.020037129521369934, 0.2893171012401581, -0.957023561000824, 0.9993922710418701, 0.02151467278599739, 0.02742829918861389),
            ["Head"] = CFrame.new(2.7939677238464355e-09, 1.1920928955078125e-07, -2.34867911785841e-08, 0.9993263483047485, 0.007577550131827593, 0.03591020032763481, -0.00882625486701727, 0.9993573427200317, 0.034743115305900574, -0.03562385216355324, -0.035036563873291016, 0.9987509846687317),
            ["RightFoot"] = CFrame.new(-1.6581907402724028e-08, 2.980232238769531e-07, 2.852175384759903e-09, 0.9999544620513916, -0.009546282701194286, -0.000017836617189459503, 0.009156991727650166, 0.9596979022026062, -0.28088435530662537, 0.002698575844988227, 0.28087154030799866, 0.9597416520118713),
            ["UpperTorso"] = CFrame.new(1.3940734788775444e-08, 8.940696716308594e-08, -8.149072527885437e-09, 0.9839431047439575, -0.17475368082523346, -0.0362912081182003, 0.1710352599620819, 0.9813135266304016, -0.08815284818410873, 0.05101809278130531, 0.0805303230881691, 0.995445728302002),
            ["HumanoidRootPart"] = CFrame.new(0, 0, 0, 1, 0, 0, 0, 1, 0, 0, 0, 1),
            ["RightUpperLeg"] = CFrame.new(5.960464477539063e-08, 6.752088665962219e-09, -1.8917489796876907e-08, 0.9728012084960938, -0.20263944566249847, -0.11222757399082184, 0.14397956430912018, 0.90848308801651, -0.39233729243278503, 0.18145988881587982, 0.3655076026916504, 0.9129493236541748),
            ["LeftUpperArm"] = CFrame.new(-5.960464477539063e-08, -1.1920928955078125e-07, -9.313225746154785e-09, 0.5315912365913391, 0.7172704339027405, 0.4504817724227905, -0.17376132309436798, 0.6128949522972107, -0.7708222270011902, -0.8289860486984253, 0.3314859867095947, 0.45044347643852234),
            ["RightLowerArm"] = CFrame.new(2.9802322387695312e-08, 0, -1.1082738637924194e-07, 1, -8.521601557731628e-08, 7.334165985639629e-08, 8.591450040285054e-08, 0.1570580154657364, -0.987589418888092, 7.404013757650318e-08, 0.987589418888092, 0.15705803036689758),
            ["LeftHand"] = CFrame.new(-2.086162567138672e-07, 1.1920928955078125e-07, -1.862645149230957e-07, -0.18222114443778992, 0.5369760394096375, 0.8236822485923767, -0.8399912118911743, 0.35041695833206177, -0.41427338123321533, -0.5110872983932495, -0.7673753499984741, 0.3872017562389374),
            ["LeftFoot"] = CFrame.new(7.541530067101121e-09, -5.960464477539063e-08, 9.167706593871117e-09, 0.9995378255844116, -0.01899160072207451, -0.023738104850053787, 0.0121907414868474, 0.965718686580658, -0.25930455327033997, 0.0278488676995039, 0.2588951885700226, 0.9655038118362427),
            ["LowerTorso"] = CFrame.new(0.024046054109930992, -0.02510213851928711, 0.036462415009737015, 0.9859816431999207, 0.16642941534519196, 0.011895263567566872, -0.16671913862228394, 0.9855436086654663, 0.030142217874526978, -0.0067067500203847885, -0.03170284256339073, 0.999474823474884),
            ["RightLowerLeg"] = CFrame.new(0, -0.000014901161193847656, -0.00003515015123412013, 1, -1.2293456563838845e-07, -5.21540641784668e-08, 3.818422555923462e-08, 0.8138416409492493, 0.5810865759849548, -1.210719347000122e-08, -0.5810867547988892, 0.8138417601585388),
            ["LeftUpperLeg"] = CFrame.new(2.9802322387695312e-08, 1.83936208486557e-07, -1.885928213596344e-08, 0.985831618309021, -0.07672512531280518, 0.14916200935840607, 0.15140528976917267, 0.7897752523422241, -0.5944167971611023, -0.07219778746366501, 0.6085789203643799, 0.7902021408081055),
            ["LeftLowerLeg"] = CFrame.new(4.470348358154297e-08, 0.000015795230865478516, 0.000035006552934646606, 1, 7.729979500936679e-08, 6.332992796842518e-08, -5.215407838932151e-08, 0.43214794993400574, 0.9018028974533081, 5.308540096393699e-08, -0.9018027186393738, 0.4321475625038147),
        }},
        {Time = 0.276, Data = {
            ["RightHand"] = CFrame.new(-3.3527612686157227e-08, 5.960464477539063e-08, 4.6566128730773926e-08, -0.09147948771715164, -0.026875201612710953, -0.9954442977905273, 0.6488702893257141, 0.7566757202148438, -0.08005890995264053, 0.7553799748420715, -0.6532378792762756, -0.05178176239132881),
            ["LeftLowerArm"] = CFrame.new(-2.980232238769531e-07, -1.1920928955078125e-07, -1.30385160446167e-07, 1, 1.1920926112907182e-07, -5.960465188081798e-08, -1.9371509552001953e-07, 0.4203283488750458, -0.9073721170425415, -5.960464477539063e-08, 0.9073721170425415, 0.42032837867736816),
            ["RightUpperArm"] = CFrame.new(0, 0, -1.6763806343078613e-08, 0.06311311572790146, -0.9979846477508545, 0.006593101657927036, 0.017150726169347763, -0.005520842038094997, -0.9998377561569214, 0.997859001159668, 0.06321606785058975, 0.016767608001828194),
            ["Head"] = CFrame.new(-1.2645614333450794e-08, 0, -1.8364517018198967e-08, 0.9990606904029846, -0.028916984796524048, 0.032275814563035965, 0.027324195951223373, 0.9984375238418579, 0.04874485358595848, -0.03363494202494621, -0.047817058861255646, 0.9982896447181702),
            ["RightFoot"] = CFrame.new(1.340231392532587e-08, 2.980232238769531e-07, 1.8684659153223038e-08, 0.9999400973320007, -0.010948835872113705, -0.000004452814209798817, 0.010507765226066113, 0.9597739577293396, -0.2805770933628082, 0.003076261607930064, 0.2805606722831726, 0.9598314762115479),
            ["UpperTorso"] = CFrame.new(-1.3984390534460545e-08, 2.384185791015625e-07, 2.9103830456733704e-09, 0.9793926477432251, -0.19979292154312134, -0.02954585663974285, 0.19554859399795532, 0.9746556878089905, -0.10866083949804306, 0.05050671100616455, 0.10064396262168884, 0.9936397671699524),
            ["HumanoidRootPart"] = CFrame.new(0, 0, 0, 1, 0, 0, 0, 1, 0, 0, 0, 1),
            ["RightUpperLeg"] = CFrame.new(-2.9802322387695312e-08, 3.2549723982810974e-07, -1.2223608791828156e-09, 0.9678986072540283, -0.22996537387371063, -0.10143143683671951, 0.17255115509033203, 0.901403546333313, -0.3971121609210968, 0.18275268375873566, 0.36686190962791443, 0.9121478796005249),
            ["LeftUpperArm"] = CFrame.new(0, 0, -1.30385160446167e-08, 0.4651713967323303, 0.8574748635292053, 0.21989230811595917, -0.24666905403137207, 0.36412355303764343, -0.8980916142463684, -0.8501587510108948, 0.363525927066803, 0.3808923661708832),
            ["RightLowerArm"] = CFrame.new(-8.940696716308594e-08, 0, -1.648440957069397e-07, 1, -7.357449050005016e-08, 3.9115551686563776e-08, 7.398192991558972e-08, 0.5222307443618774, -0.8528043031692505, 4.326284042122097e-08, 0.8528043031692505, 0.5222307443618774),
            ["LeftHand"] = CFrame.new(2.9802322387695312e-08, 0, -1.7136335372924805e-07, -0.18251197040081024, 0.5069048404693604, 0.8424589037895203, -0.7580718398094177, 0.47309884428977966, -0.44889238476753235, -0.6261122226715088, -0.7205726504325867, 0.2979242503643036),
            ["LeftFoot"] = CFrame.new(3.9850419852882624e-08, 0, 1.9528670236468315e-08, 0.9995461702346802, -0.004486003890633583, -0.02978842705488205, -0.0031534400768578053, 0.9678348898887634, -0.25156649947166443, 0.029958825558423996, 0.2515464127063751, 0.9673815369606018),
            ["LowerTorso"] = CFrame.new(0.02822105586528778, -0.014474749565124512, 0.0375312902033329, 0.9803202748298645, 0.19696658849716187, 0.0132795050740242, -0.19729286432266235, 0.9798544645309448, 0.03099915198981762, -0.006906184367835522, -0.03300905227661133, 0.9994311928749084),
