return {
    ["Revel"] = {
        {Time = 0.000, Data = {
            ["LeftFoot"] = CFrame.new(-1.2703821994364262e-08, -1.1920928955078125e-07, 1.5599653124809265e-08, 0.9999954700469971, 0.0029786673840135336, -0.0005909426254220307, -0.002742330776527524, 0.8022015690803528, -0.5970471501350403, -0.0013042399659752846, 0.5970458984375, 0.8022059202194214),
            ["LeftLowerArm"] = CFrame.new(0, -7.152557373046875e-07, -4.470348358154297e-07, 1, -8.568167686462402e-08, 1.243315779220211e-07, 4.563482391972684e-08, -0.0530790239572525, -0.998590350151062, 7.729980211479415e-08, 0.9985904097557068, -0.05307906121015549),
            ["LowerTorso"] = CFrame.new(-0.16632480919361115, -0.27332603931427, -0.07900557667016983, 0.9109880328178406, 0.16939987242221832, -0.37603798508644104, -0.11332199722528458, 0.9794730544090271, 0.16670559346675873, 0.3965590000152588, -0.10925343632698059, 0.9114848971366882),
            ["Head"] = CFrame.new(1.862645149230957e-08, 3.5762786865234375e-07, -9.778887033462524e-08, 0.9907445907592773, 0.00023262947797775269, -0.1357395201921463, -0.011449145153164864, 0.9965783357620239, -0.08185786753892899, 0.13525603711605072, 0.08265434205532074, 0.9873571991920471),
            ["RightUpperArm"] = CFrame.new(0, -5.960464477539062e-07, -1.862645149230957e-08, 0.6709306836128235, -0.7219076752662659, -0.16941505670547485, 0.14192074537277222, 0.349260538816452, -0.9262157678604126, 0.7278122305870056, 0.5973830223083496, 0.336783230304718),
            ["UpperTorso"] = CFrame.new(-2.9802322387695312e-08, 1.7881393432617188e-07, -1.1175870895385742e-08, 0.9906693696975708, -0.11137877404689789, 0.07854364067316055, 0.11507733911275864, 0.9923710823059082, -0.04423652961850166, -0.07301733642816544, 0.05286235362291336, 0.9959288239479065),
            ["HumanoidRootPart"] = CFrame.new(0, 0, 0, 1, 0, 0, 0, 1, 0, 0, 0, 1),
            ["RightHand"] = CFrame.new(-3.2782554626464844e-07, 7.152557373046875e-07, -1.6205012798309326e-07, 0.2004694640636444, -0.21060678362846375, -0.9567950963973999, -0.39469408988952637, 0.8764961361885071, -0.2756287157535553, 0.8966764807701111, 0.4328964948654175, 0.09258539229631424),
            ["LeftUpperArm"] = CFrame.new(2.384185791015625e-07, 0, -2.9802322387695312e-08, 0.4531002640724182, 0.8278225064277649, 0.33077189326286316, 0.1187945082783699, 0.3116668462753296, -0.9427362680435181, -0.8835089802742004, 0.4664480686187744, 0.0428754948079586),
            ["RightLowerArm"] = CFrame.new(7.748603820800781e-07, -4.76837158203125e-07, 7.525086402893066e-07, 1, -1.0058283805847168e-07, 8.568170528633345e-08, 9.685756907629184e-08, -0.19940564036369324, -0.979917049407959, 1.1920931797249068e-07, 0.979917049407959, -0.19940559566020966),
            ["LeftHand"] = CFrame.new(-2.0116567611694336e-07, 0, 1.1920928955078125e-07, 0.6645720601081848, 0.3133242130279541, 0.6783598065376282, -0.1908189058303833, 0.948901891708374, -0.2513430416584015, -0.7224487662315369, 0.03759179264307022, 0.6904019117355347),
            ["RightUpperLeg"] = CFrame.new(0, -4.5634806156158447e-07, -6.875052349641919e-08, 0.9864431619644165, -0.14174781739711761, -0.0826890841126442, -0.005710772704333067, 0.47392743825912476, -0.8805456161499023, 0.16400408744812012, 0.8690801858901978, 0.4666927456855774),
            ["LeftUpperLeg"] = CFrame.new(-1.1920928955078125e-07, -4.172325134277344e-07, -1.4901161193847656e-08, 0.909063994884491, 0.016644973307847977, 0.41632381081581116, 0.16734261810779572, 0.9004842638969421, -0.4014032185077667, -0.3815746307373047, 0.4345700740814209, 0.8158125281333923),
            ["RightLowerLeg"] = CFrame.new(-2.9802322387695312e-08, -0.000003516674041748047, -0.000013230535842012614, 1, -3.054738328955864e-07, -2.7567151050789107e-07, 2.0861628513557662e-07, 0.1728537529706955, 0.9849475622177124, -2.011657045386528e-07, -0.9849475622177124, 0.17285388708114624),
            ["RightFoot"] = CFrame.new(-7.450580596923828e-09, 3.5762786865234375e-07, -2.0656443666666746e-08, 0.9965769052505493, -0.06735534220933914, -0.047935739159584045, 0.06589950621128082, 0.9973343014717102, -0.03133340924978256, 0.04991846904158592, 0.02806711755692959, 0.9983588457107544),
            ["LeftLowerLeg"] = CFrame.new(1.3085082173347473e-07, 0.000004112720489501953, 0.000013373559340834618, 1, -2.8987418687620448e-08, 1.5017577936760063e-07, -1.6298145055770874e-08, 0.5906673669815063, 0.806915283203125, 8.486676961183548e-08, -0.806915283203125, 0.5906673073768616),
        }},
        {Time = 0.033, Data = {
            ["LeftFoot"] = CFrame.new(-4.275352694094181e-08, -1.7881393432617188e-07, -9.778887033462524e-09, 0.9999675154685974, 0.007907373830676079, -0.001553789246827364, -0.007387200370430946, 0.8223745226860046, -0.5688982009887695, -0.003220462938770652, 0.5688915252685547, 0.822406530380249),
            ["LeftLowerArm"] = CFrame.new(-2.086162567138672e-07, -5.364418029785156e-07, -1.341104507446289e-07, 1, -9.872017159295865e-08, 1.1548399925231934e-07, 7.264318924171675e-08, -0.0821588933467865, -0.9966192245483398, 6.891789183782748e-08, 0.9966192245483398, -0.0821588784456253),
            ["LowerTorso"] = CFrame.new(-0.17986460030078888, -0.26976263523101807, -0.07204244285821915, 0.9006967544555664, 0.21483640372753143, -0.37761181592941284, -0.15733331441879272, 0.9714760184288025, 0.1774277538061142, 0.4049587547779083, -0.10039769858121872, 0.9088062047958374),
            ["Head"] = CFrame.new(4.0046870708465576e-08, 0, -7.310882210731506e-08, 0.9970998764038086, 0.0455438569188118, -0.060973215848207474, -0.05330851301550865, 0.9897533655166626, -0.1324637085199356, 0.05431544780731201, 0.13532990217208862, 0.9893107414245605),
            ["RightUpperArm"] = CFrame.new(-5.960464477539063e-08, -4.76837158203125e-07, -5.774199962615967e-08, 0.6521007418632507, -0.7393214106559753, -0.16783477365970612, 0.09752175956964493, 0.30134108662605286, -0.948516309261322, 0.7518338561058044, 0.6021607518196106, 0.2686046361923218),
            ["UpperTorso"] = CFrame.new(2.60770320892334e-08, -4.76837158203125e-07, -2.60770320892334e-08, 0.9809678792953491, -0.16861645877361298, 0.09628370404243469, 0.17186526954174042, 0.9847652912139893, -0.02644944004714489, -0.09035705029964447, 0.04249386116862297, 0.9950025081634521),
            ["HumanoidRootPart"] = CFrame.new(0, 0, 0, 1, 0, 0, 0, 1, 0, 0, 0, 1),
            ["RightHand"] = CFrame.new(-4.824250936508179e-07, 2.980232238769531e-07, -7.450580596923828e-09, 0.3410716950893402, -0.25247108936309814, -0.9054989814758301, -0.39424222707748413, 0.8360345959663391, -0.38160115480422974, 0.8533717393875122, 0.48713919520378113, 0.18561293184757233),
            ["LeftUpperArm"] = CFrame.new(1.7881393432617188e-07, -8.344650268554688e-07, 2.9802322387695312e-08, 0.3650513291358948, 0.8805097341537476, 0.3023908734321594, 0.10076102614402771, 0.2855311632156372, -0.9530577659606934, -0.9255186915397644, 0.3783840835094452, 0.015512419864535332),
            ["RightLowerArm"] = CFrame.new(4.76837158203125e-07, -5.960464477539063e-08, -8.270144462585449e-07, 1, -8.195639367158947e-08, 1.6018763915326417e-07, 1.0430819941120717e-07, -0.18709219992160797, -0.9823424816131592, 9.685761881428334e-08, 0.9823423624038696, -0.18709222972393036),
            ["LeftHand"] = CFrame.new(-8.940696716308594e-08, 6.556510925292969e-07, -1.7881393432617188e-07, 0.5499317049980164, 0.34347957372665405, 0.7613127827644348, -0.16796815395355225, 0.9383821487426758, -0.30203619599342346, -0.8181453347206116, 0.03822292760014534, 0.5737395286560059),
            ["RightUpperLeg"] = CFrame.new(5.960464477539063e-08, 1.341104507446289e-07, -7.620110409334302e-08, 0.9905528426170349, -0.13601605594158173, 0.017454029992222786, 0.08006229251623154, 0.4702826738357544, -0.8788769841194153, 0.11133329570293427, 0.8719712495803833, 0.47672921419143677),
            ["LeftUpperLeg"] = CFrame.new(-1.1920928955078125e-07, 3.8370490074157715e-07, -2.9802322387695312e-08, 0.8969653844833374, -0.039435047656297684, 0.44033849239349365, 0.21781648695468903, 0.9061579704284668, -0.36253827810287476, -0.3847197890281677, 0.4210970401763916, 0.8213818073272705),
            ["RightLowerLeg"] = CFrame.new(-7.450580596923828e-09, -0.000003814697265625, -0.000013454053259920329, 1, -1.899898762758312e-07, -2.0675354051036265e-07, 1.4156104555240745e-07, 0.18320956826210022, 0.983073890209198, -1.9744041424019088e-07, -0.9830739498138428, 0.18320947885513306),
            ["RightFoot"] = CFrame.new(6.891787052154541e-08, 2.980232238769531e-07, -2.996966941282153e-08, 0.997389018535614, -0.06339167058467865, -0.034596607089042664, 0.057770874351263046, 0.987816572189331, -0.14450326561927795, 0.04333510622382164, 0.1421269327402115, 0.9888994097709656),
            ["LeftLowerLeg"] = CFrame.new(3.771856427192688e-08, 0.0000037550926208496094, 0.000013324897736310959, 1, -2.6891935789308263e-08, 5.972106009721756e-08, 1.331500065759883e-08, 0.6414393782615662, 0.7671732902526855, 4.674074460808697e-08, -0.7671737670898438, 0.6414399147033691),
        }},
        {Time = 0.067, Data = {
            ["LeftFoot"] = CFrame.new(2.8157955966889858e-08, 5.960464477539063e-08, -6.984919309616089e-09, 0.9999426007270813, 0.01052346546202898, -0.002035125158727169, -0.010006151162087917, 0.8484216928482056, -0.5292261242866516, -0.003842524718493223, 0.5292163491249084, 0.8484784364700317),
            ["LeftLowerArm"] = CFrame.new(-5.364418029785156e-07, -7.152557373046875e-07, -5.811452865600586e-07, 1, -8.568168397005138e-08, 1.2107194891086692e-07, 5.401671643312511e-08, -0.10042212903499603, -0.9949449300765991, 7.450581307466564e-08, 0.9949449896812439, -0.10042212903499603),
            ["LowerTorso"] = CFrame.new(-0.1870841681957245, -0.2470453977584839, -0.07319378107786179, 0.8971633911132812, 0.22895807027816772, -0.37772491574287415, -0.17908048629760742, 0.9702739715576172, 0.16278409957885742, 0.4037673771381378, -0.07840078324079514, 0.9114961624145508),
            ["Head"] = CFrame.new(4.6566128730773926e-08, 0, -9.592622518539429e-08, 0.9898389577865601, 0.09190605580806732, 0.1084994375705719, -0.07201484590768814, 0.9819669723510742, -0.1747991442680359, -0.12260797619819641, 0.16520944237709045, 0.9786078333854675),
            ["RightUpperArm"] = CFrame.new(-5.960464477539063e-08, -3.5762786865234375e-07, -6.51925802230835e-08, 0.6026511192321777, -0.7928651571273804, -0.09042376279830933, 0.15849284827709198, 0.2299773395061493, -0.9602033495903015, 0.7821072340011597, 0.5643361210823059, 0.26425954699516296),
            ["UpperTorso"] = CFrame.new(-3.3527612686157227e-08, 5.960464477539063e-08, 0, 0.9725194573402405, -0.19200614094734192, 0.13168004155158997, 0.19315119087696075, 0.9811603426933289, 0.004142762161791325, -0.1299947053194046, 0.021405261009931564, 0.991283655166626),
            ["HumanoidRootPart"] = CFrame.new(0, 0, 0, 1, 0, 0, 0, 1, 0, 0, 0, 1),
            ["RightHand"] = CFrame.new(-1.862645149230957e-08, 1.7881393432617188e-07, -2.039596438407898e-07, 0.6251128911972046, -0.1255679577589035, -0.7703678011894226, -0.3566494584083557, 0.831965982913971, -0.4250105619430542, 0.6942874193191528, 0.5404307842254639, 0.47528892755508423),
            ["LeftUpperArm"] = CFrame.new(1.7881393432617188e-07, -7.152557373046875e-07, 2.9802322387695312e-08, 0.31039586663246155, 0.9163240790367126, 0.2529914081096649, 0.033544380217790604, 0.255412757396698, -0.9662500023841858, -0.9500153660774231, 0.3084064722061157, 0.04854154586791992),
            ["RightLowerArm"] = CFrame.new(2.384185791015625e-07, 0, 5.364418029785156e-07, 1, -8.009374141693115e-08, 1.043081780949251e-07, 1.0430815677864302e-07, -0.1519293636083603, -0.9883914589881897, 1.266598985694145e-07, 0.9883913993835449, -0.1519293636083603),
            ["LeftHand"] = CFrame.new(-8.940696716308594e-08, 6.556510925292969e-07, 2.086162567138672e-07, 0.4862998127937317, 0.3617861568927765, 0.7953761219978333, -0.16000884771347046, 0.931736946105957, -0.32598069310188293, -0.8590167164802551, 0.03125719353556633, 0.5109926462173462),
            ["RightUpperLeg"] = CFrame.new(-2.086162567138672e-07, -2.7939677238464355e-08, -5.3849362302571535e-08, 0.9833118915557861, -0.11212097853422165, 0.14327140152454376, 0.18155808746814728, 0.5545934438705444, -0.8120731115341187, 0.01159281749278307, 0.824533224105835, 0.5656947493553162),
            ["LeftUpperLeg"] = CFrame.new(-2.980232238769531e-07, 2.2910535335540771e-07, -5.960464477539063e-08, 0.8911947011947632, -0.08305547386407852, 0.4459526240825653, 0.23459984362125397, 0.9258018136024475, -0.2964017689228058, -0.38824591040611267, 0.36877214908599854, 0.8445544838905334),
            ["RightLowerLeg"] = CFrame.new(1.6530975699424744e-08, -0.0000034570693969726562, -0.00001326033816440031, 1, -2.6158517130170367e-07, -2.2427417434300878e-07, 2.6344784487264405e-07, 0.2759379744529724, 0.9611753225326538, -2.2922174025552522e-07, -0.9611754417419434, 0.27593833208084106),
            ["RightFoot"] = CFrame.new(2.9103830456733704e-10, 2.384185791015625e-07, 8.738425094634295e-09, 0.9990890026092529, -0.04074084386229515, -0.012700472958385944, 0.03520505502820015, 0.9550710320472717, -0.29427850246429443, 0.024119259789586067, 0.29356345534324646, 0.9556354284286499),
            ["LeftLowerLeg"] = CFrame.new(-2.3748725652694702e-08, 0.000004112720489501953, 0.000013305805623531342, 1, -3.4458938813486384e-08, -3.1897808838721176e-08, 3.213062882423401e-08, 0.7111638784408569, 0.7030259370803833, -7.217749953269958e-08, -0.7030262351036072, 0.7111642956733704),
        }},
        {Time = 0.100, Data = {
            ["LeftFoot"] = CFrame.new(-3.629247657954693e-08, 0, -1.3969838619232178e-08, 0.9999382495880127, 0.010936864651739597, -0.002007114002481103, -0.010723210871219635, 0.9007068276405334, -0.43429499864578247, -0.002941980492323637, 0.43428972363471985, 0.9007684588432312),
            ["LeftLowerArm"] = CFrame.new(-1.4901161193847656e-07, -7.152557373046875e-07, -8.419156074523926e-07, 1, -1.0686923701541673e-07, 1.2293457984924316e-07, 8.195639367158947e-08, -0.1316901445388794, -0.9912909269332886, 9.313227167240257e-08, 0.9912909269332886, -0.13169018924236298),
            ["LowerTorso"] = CFrame.new(-0.18527385592460632, -0.18357133865356445, -0.07637376338243484, 0.9046042561531067, 0.21102234721183777, -0.37035223841667175, -0.17765742540359497, 0.9764469265937805, 0.12243067473173141, 0.3874649405479431, -0.04495546594262123, 0.9207877516746521),
            ["Head"] = CFrame.new(2.2351741790771484e-08, 2.384185791015625e-07, 3.771856427192688e-08, 0.9513213634490967, 0.13851243257522583, 0.2753216028213501, -0.08623981475830078, 0.9772685766220093, -0.1936720609664917, -0.29588913917541504, 0.16050070524215698, 0.9416417479515076),
            ["RightUpperArm"] = CFrame.new(-1.7881393432617188e-07, -4.76837158203125e-07, 1.1920928955078125e-07, 0.524631142616272, -0.8513235449790955, -0.003218388184905052, 0.26262831687927246, 0.16543921828269958, -0.9506084322929382, 0.8098077774047852, 0.49787354469299316, 0.3103761374950409),
            ["UpperTorso"] = CFrame.new(1.2293457984924316e-07, -1.7881393432617188e-07, -2.60770320892334e-08, 0.964034378528595, -0.191471129655838, 0.18432754278182983, 0.18339894711971283, 0.9812027215957642, 0.06005135551095009, -0.1923608034849167, -0.024086087942123413, 0.9810287356376648),
            ["HumanoidRootPart"] = CFrame.new(0, 0, 0, 1, 0, 0, 0, 1, 0, 0, 0, 1),
            ["RightHand"] = CFrame.new(-3.129243850708008e-07, 7.152557373046875e-07, 2.2351741790771484e-07, 0.8292666673660278, 0.066749706864357, -0.5548525452613831, -0.3470274806022644, 0.839733362197876, -0.41763603687286377, 0.43805113434791565, 0.5388807058334351, 0.7195267677307129),
            ["LeftUpperArm"] = CFrame.new(2.384185791015625e-07, -4.76837158203125e-07, 1.4901161193847656e-08, 0.29695630073547363, 0.9384769797325134, 0.17628954350948334, -0.05127139016985893, 0.2000216543674469, -0.9784491062164307, -0.9535136818885803, 0.28151804208755493, 0.10751466453075409),
            ["RightLowerArm"] = CFrame.new(5.364418029785156e-07, -2.384185791015625e-07, -4.991888999938965e-07, 1, -8.284405339509249e-08, 1.2293465090351674e-07, 1.3411049337719305e-07, -0.10873857140541077, -0.9940704107284546, 9.313229298868464e-08, 0.9940704107284546, -0.10873854160308838),
            ["LeftHand"] = CFrame.new(3.2782554626464844e-07, 6.556510925292969e-07, 1.043081283569336e-07, 0.7454246878623962, 0.29329150915145874, 0.5986003279685974, -0.07724972814321518, 0.9299619197845459, -0.35944870114326477, -0.6620986461639404, 0.2217002660036087, 0.7158731818199158),
            ["RightUpperLeg"] = CFrame.new(1.1920928955078125e-07, 4.76837158203125e-07, 5.75528247281909e-09, 0.9697127342224121, -0.10899699479341507, 0.21857944130897522, 0.23278579115867615, 0.6833643317222595, -0.6919711828231812, -0.07394670695066452, 0.7218953967094421, 0.688040018081665),
            ["LeftUpperLeg"] = CFrame.new(-1.7881393432617188e-07, 7.394701242446899e-07, 1.4901161193847656e-08, 0.8973824381828308, -0.12928128242492676, 0.42189010977745056, 0.21681924164295197, 0.9619218111038208, -0.16642065346240997, -0.38431021571159363, 0.24081701040267944, 0.8912423253059387),
            ["RightLowerLeg"] = CFrame.new(-1.862645149230957e-08, -0.000003814697265625, -0.000013290140486788005, 1, -2.1606683731079102e-07, -2.0675365419720038e-07, 1.3783575525394554e-07, 0.4367564916610718, 0.8995795845985413, -2.868473814032768e-07, -0.8995797634124756, 0.4367568790912628),
            ["RightFoot"] = CFrame.new(-4.190951585769653e-08, 4.172325134277344e-07, -3.892637323588133e-09, 0.9998870491981506, -0.014791673980653286, -0.0026787291280925274, 0.013026575557887554, 0.9415427446365356, -0.3366413414478302, 0.00750182569026947, 0.3365686237812042, 0.9416292309761047),
            ["LeftLowerLeg"] = CFrame.new(9.685754776000977e-08, 0.000004291534423828125, 0.000013126060366630554, 1, 5.075707321111622e-08, 1.4202671039242887e-08, -8.684583718832073e-08, 0.8430803418159485, 0.5377874970436096, -1.6705600458521985e-08, -0.5377875566482544, 0.8430805206298828),
        }},
        {Time = 0.133, Data = {
            ["LeftFoot"] = CFrame.new(-3.521563485264778e-09, -5.960464477539063e-08, -9.313225746154785e-09, 0.9999597072601318, 0.008848341181874275, -0.0014994549565017223, -0.008852419443428516, 0.9450281262397766, -0.3268697261810303, -0.0014751717681065202, 0.3268694281578064, 0.9450682997703552),
            ["LeftLowerArm"] = CFrame.new(-7.152557373046875e-07, -3.5762786865234375e-07, -2.3096799850463867e-07, 1, -1.043080928297968e-07, 1.2107194891086692e-07, 9.685758328714655e-08, -0.15852564573287964, -0.9873548746109009, 1.1362139673565252e-07, 0.9873548150062561, -0.15852569043636322),
            ["LowerTorso"] = CFrame.new(-0.17127768695354462, -0.12232363224029541, -0.08136309683322906, 0.925956130027771, 0.15530675649642944, -0.34421682357788086, -0.14839716255664825, 0.9878337383270264, 0.04650559648871422, 0.34725165367126465, 0.008018662221729755, 0.937737762928009),
            ["Head"] = CFrame.new(1.1175870895385742e-08, 1.1920928955078125e-07, -1.4901161193847656e-08, 0.9158689975738525, 0.16386936604976654, 0.36651158332824707, -0.10134467482566833, 0.9777083396911621, -0.18389040231704712, -0.3884753882884979, 0.1312755048274994, 0.9120601415634155),
            ["RightUpperArm"] = CFrame.new(1.1920928955078125e-07, -8.344650268554688e-07, -4.470348358154297e-08, 0.41649433970451355, -0.9083673357963562, 0.037433598190546036, 0.3704635798931122, 0.13197147846221924, -0.9194239377975464, 0.8302344679832458, 0.396802693605423, 0.3914823532104492),
            ["UpperTorso"] = CFrame.new(-9.313225746154785e-08, -3.8743019104003906e-07, 0, 0.957638680934906, -0.16049137711524963, 0.23910395801067352, 0.12871353328227997, 0.9812951683998108, 0.14315266907215118, -0.25760626792907715, -0.10631263256072998, 0.9603836536407471),
            ["HumanoidRootPart"] = CFrame.new(0, 0, 0, 1, 0, 0, 0, 1, 0, 0, 0, 1),
            ["RightHand"] = CFrame.new(-5.960464477539063e-08, -2.980232238769531e-07, 3.650784492492676e-07, 0.9041104912757874, 0.2445145845413208, -0.35042405128479004, -0.3776341378688812, 0.8409668803215027, -0.38751402497291565, 0.19994227588176727, 0.4826876223087311, 0.852664053440094),
            ["LeftUpperArm"] = CFrame.new(2.980232238769531e-07, -5.960464477539062e-07, 4.470348358154297e-08, 0.3164466619491577, 0.9422307014465332, 0.10983102023601532, -0.19054938852787018, 0.176558718085289, -0.9656696915626526, -0.9292753338813782, 0.2846549451351166, 0.23541277647018433),
            ["RightLowerArm"] = CFrame.new(-2.682209014892578e-07, 2.384185791015625e-07, 8.754432201385498e-08, 1, -1.359731243155693e-07, 9.68576259197107e-08, 1.043081780949251e-07, -0.09011968970298767, -0.9959310293197632, 1.043081780949251e-07, 0.9959310293197632, -0.09011966735124588),
            ["LeftHand"] = CFrame.new(8.940696716308594e-08, 4.172325134277344e-07, -3.2782554626464844e-07, 0.9783858060836792, 0.07810541987419128, 0.19146984815597534, -0.01818830892443657, 0.9548398852348328, -0.29656368494033813, -0.20598646998405457, 0.28667116165161133, 0.9356224536895752),
            ["RightUpperLeg"] = CFrame.new(0, 3.685709089040756e-07, -1.6596459317952394e-08, 0.972822904586792, -0.11240474134683609, 0.20243732631206512, 0.20704063773155212, 0.8137339353561401, -0.5431127548217773, -0.10368174314498901, 0.5702652335166931, 0.8148912787437439),
            ["LeftUpperLeg"] = CFrame.new(-3.5762786865234375e-07, 3.2782554626464844e-07, -8.940696716308594e-08, 0.9195773005485535, -0.14210721850395203, 0.36631038784980774, 0.15827612578868866, 0.9872910976409912, -0.01432095281779766, -0.3596199154853821, 0.07114753872156143, 0.930382490158081),
            ["RightLowerLeg"] = CFrame.new(-2.60770320892334e-08, -0.000003814697265625, -0.000013267788744997233, 1, -2.9429779146994406e-07, -5.774198541530495e-08, 2.3841852225814364e-07, 0.5834513306617737, 0.8121477961540222, -9.126959099603482e-08, -0.8121480941772461, 0.5834518074989319),
            ["RightFoot"] = CFrame.new(9.313225746154785e-10, 2.980232238769531e-07, -2.2519088815897703e-08, 0.9998792409896851, -0.015480163507163525, -0.001378689776174724, 0.014035621657967567, 0.9375346899032593, -0.3476080894470215, 0.006673538126051426, 0.3475472629070282, 0.9376389384269714),
            ["LeftLowerLeg"] = CFrame.new(5.611218512058258e-08, 0.0000037550926208496094, 0.000013360753655433655, 1, 1.9557775843281888e-08, 4.5751214372558024e-08, -4.540197551250458e-08, 0.9400280117988586, 0.3410973846912384, -6.920890882611275e-08, -0.34109726548194885, 0.9400280117988586),
        }},
        {Time = 0.167, Data = {
            ["LeftFoot"] = CFrame.new(3.329478204250336e-08, -5.960464477539063e-08, 8.381903171539307e-09, 0.9999993443489075, 0.0011315052397549152, -0.0001634046930121258, -0.0011251011164858937, 0.9485709071159363, -0.3165631592273712, -0.00020293219131417572, 0.3165630102157593, 0.948571503162384),
            ["LeftLowerArm"] = CFrame.new(8.940696716308594e-08, -4.172325134277344e-07, -9.937211871147156e-07, 1, -1.0058281674218961e-07, 8.00937343115038e-08, 8.195640788244418e-08, -0.16959108412265778, -0.9855145812034607, 8.475037560629062e-08, 0.9855145812034607, -0.16959106922149658),
            ["LowerTorso"] = CFrame.new(-0.14464683830738068, -0.09559714794158936, -0.08909386396408081, 0.9530868530273438, 0.08224473148584366, -0.2913099229335785, -0.10030056536197662, 0.9938191771507263, -0.04757390543818474, 0.28559672832489014, 0.07456059753894806, 0.9554451107978821),
            ["Head"] = CFrame.new(4.1443854570388794e-08, 0, -1.0011717677116394e-08, 0.9003297090530396, 0.18270394206047058, 0.3950009346008301, -0.12545481324195862, 0.978039562702179, -0.1664324551820755, -0.41673436760902405, 0.10028931498527527, 0.9034791588783264),
            ["RightUpperArm"] = CFrame.new(0, -5.960464477539062e-07, -3.073364496231079e-08, 0.3126239776611328, -0.9497995376586914, 0.012125647626817226, 0.4626990556716919, 0.1411227583885193, -0.8752107620239258, 0.8295636177062988, 0.27922236919403076, 0.4835897982120514),
            ["UpperTorso"] = CFrame.new(-1.6763806343078613e-08, -5.960464477539063e-08, 3.725290298461914e-09, 0.9539320468902588, -0.11294800043106079, 0.2779504656791687, 0.05074400454759598, 0.9738236665725708, 0.22156867384910583, -0.29570043087005615, -0.1972571462392807, 0.9346930384635925),
            ["HumanoidRootPart"] = CFrame.new(0, 0, 0, 1, 0, 0, 0, 1, 0, 0, 0, 1),
            ["RightHand"] = CFrame.new(2.086162567138672e-07, 4.172325134277344e-07, 7.450580596923828e-08, 0.9069061875343323, 0.3811172842979431, -0.17964079976081848, -0.4213309586048126, 0.8215465545654297, -0.3841114938259125, 0.001191832241602242, 0.4240412712097168, 0.9056421518325806),
            ["LeftUpperArm"] = CFrame.new(2.384185791015625e-07, -9.5367431640625e-07, 7.264316082000732e-08, 0.3315482437610626, 0.9418089985847473, 0.05542099475860596, -0.3411795496940613, 0.17445991933345795, -0.923666775226593, -0.8795865178108215, 0.2873316705226898, 0.3791677951812744),
            ["RightLowerArm"] = CFrame.new(1.1920928955078125e-07, -2.384185791015625e-07, 6.388872861862183e-07, 1, -6.519257311765614e-08, 8.195641498787154e-08, 8.940700979565008e-08, -0.09359651058912277, -0.995610237121582, 1.2177048347439268e-07, 0.995610237121582, -0.09359653294086456),
            ["LeftHand"] = CFrame.new(1.4901161193847656e-07, 7.152557373046875e-07, -1.043081283569336e-07, 0.9934735894203186, -0.10596852749586105, -0.042201198637485504, 0.08744291216135025, 0.9451392292976379, -0.314747154712677, 0.07323932647705078, 0.3090027868747711, 0.9482369422912598),
            ["RightUpperLeg"] = CFrame.new(0, -1.4435499906539917e-08, -3.5222910810261965e-08, 0.9859705567359924, -0.09716225415468216, 0.13572661578655243, 0.1426500380039215, 0.9127179384231567, -0.38288000226020813, -0.08667849749326706, 0.3968697786331177, 0.9137731194496155),
            ["LeftUpperLeg"] = CFrame.new(-1.1920928955078125e-07, -1.1175870895385742e-08, -2.9802322387695312e-08, 0.9480904340744019, -0.0831727385520935, 0.30693113803863525, 0.07631862908601761, 0.9964938163757324, 0.034288134425878525, -0.30870699882507324, -0.00908369105309248, 0.9511138796806335),
            ["RightLowerLeg"] = CFrame.new(0, -0.0000036954879760742188, -0.000013275239325594157, 1, -1.154839708306099e-07, -9.685754776000977e-08, 1.6391277313232422e-07, 0.6835696697235107, 0.7298851013183594, -9.499490261077881e-08, -0.7298852205276489, 0.6835699081420898),
            ["RightFoot"] = CFrame.new(3.073364496231079e-08, 2.384185791015625e-07, -2.029992174357176e-09, 0.9995970129966736, -0.02837684378027916, -0.0007607107399962842, 0.02632523700594902, 0.9366899728775024, -0.3491685390472412, 0.010620743967592716, 0.34900832176208496, 0.9370596408843994),
            ["LeftLowerLeg"] = CFrame.new(-4.284083843231201e-08, 0.000004172325134277344, 0.000013281591236591339, 1, 6.472691893577576e-08, -1.862645149230957e-09, -7.956987246870995e-08, 0.9380208253860474, 0.34657934308052063, -4.803587216883898e-08, -0.3465791642665863, 0.9380207657814026),
        }},
        {Time = 0.200, Data = {
            ["LeftFoot"] = CFrame.new(3.742752596735954e-08, -5.960464477539063e-08, -1.30385160446167e-08, 0.9999683499336243, -0.007893459871411324, 0.001028091530315578, 0.007771867327392101, 0.9402078986167908, -0.3405127227306366, 0.0017210757359862328, 0.34050989151000977, 0.940239429473877),
            ["LeftLowerArm"] = CFrame.new(0, -1.7881393432617188e-07, -9.760260581970215e-07, 1, -7.636845111846924e-08, 7.450579886381092e-08, 6.705523958316917e-08, -0.1753566861152649, -0.9845050573348999, 9.033831105398349e-08, 0.9845050573348999, -0.1753566712141037),
            ["LowerTorso"] = CFrame.new(-0.1126009076833725, -0.08067452907562256, -0.09863394498825073, 0.9848253726959229, 0.020448612049221992, -0.17233963310718536, -0.042616140097379684, 0.9911236763000488, -0.12592780590057373, 0.16823482513427734, 0.13136133551597595, 0.9769551157951355),
            ["Head"] = CFrame.new(-5.587935447692871e-09, 0, -1.043081283569336e-07, 0.8849753737449646, 0.20782090723514557, 0.41668811440467834, -0.16195040941238403, 0.9763813614845276, -0.1430092751979828, -0.4365667998790741, 0.05907686799764633, 0.8977301716804504),
            ["RightUpperArm"] = CFrame.new(0, -2.384185791015625e-07, -4.470348358154297e-08, 0.24808508157730103, -0.9675154089927673, -0.04865843802690506, 0.5144650340080261, 0.1741437166929245, -0.8396426439285278, 0.8208407759666443, 0.18326982855796814, 0.5409553050994873),
            ["UpperTorso"] = CFrame.new(3.585591912269592e-08, -5.662441253662109e-07, -1.862645149230957e-08, 0.9660657048225403, -0.05953072011470795, 0.2513427138328552, -0.010152766481041908, 0.9635746479034424, 0.267246812582016, -0.258096843957901, -0.2607297897338867, 0.930272102355957),
            ["HumanoidRootPart"] = CFrame.new(0, 0, 0, 1, 0, 0, 0, 1, 0, 0, 0, 1),
            ["RightHand"] = CFrame.new(-5.960464477539062e-07, -4.76837158203125e-07, 2.2351741790771484e-07, 0.8750314116477966, 0.4806657135486603, -0.05727626383304596, -0.4623551070690155, 0.7948746681213379, -0.3929404020309448, -0.14334554970264435, 0.3703170716762543, 0.9177785515785217),
            ["LeftUpperArm"] = CFrame.new(-2.384185791015625e-07, -4.76837158203125e-07, 5.21540641784668e-08, 0.33619803190231323, 0.9416245222091675, 0.01772366091609001, -0.46051225066185, 0.1807790845632553, -0.8690498471260071, -0.8215225338935852, 0.2840109169483185, 0.4944070875644684),
            ["RightLowerArm"] = CFrame.new(4.76837158203125e-07, -4.172325134277344e-07, 4.153698682785034e-07, 1, -2.1420419216156006e-07, 9.685760460342863e-08, 7.450586281265714e-08, -0.09934849292039871, -0.995052695274353, 3.771859269363631e-08, 0.995052695274353, -0.09934844076633453),
            ["LeftHand"] = CFrame.new(8.940696716308594e-08, 2.384185791015625e-07, -1.1920928955078125e-07, 0.9774426817893982, -0.14847393333911896, -0.15020442008972168, 0.08930666744709015, 0.9350398182868958, -0.34311068058013916, 0.19139014184474945, 0.32195666432380676, 0.9272074699401855),
            ["RightUpperLeg"] = CFrame.new(-1.4901161193847656e-07, 2.4097971618175507e-07, -7.340713636949658e-08, 0.9969273805618286, -0.07825889438390732, -0.0033915070816874504, 0.07590288668870926, 0.9758023023605347, -0.2050575464963913, 0.01935703679919243, 0.20417001843452454, 0.9787440896034241),
            ["LeftUpperLeg"] = CFrame.new(-1.1920928955078125e-07, -2.3283064365386963e-08, -8.940696716308594e-08, 0.9788078665733337, -0.0026918891817331314, 0.20476339757442474, 0.002347755478695035, 0.9999954104423523, 0.0019237410742789507, -0.2047675997018814, -0.0014021366368979216, 0.978809654712677),
            ["RightLowerLeg"] = CFrame.new(-7.450580596923828e-09, -0.0000036954879760742188, -0.000013327393389772624, 1, -1.5459956159702415e-07, -6.798656215778465e-08, 1.6205011377223855e-07, 0.7758867740631104, 0.6308720707893372, -6.798654084150257e-08, -0.6308723092079163, 0.7758868932723999),
            ["RightFoot"] = CFrame.new(3.259629011154175e-08, 3.5762786865234375e-07, -2.029992174357176e-09, 0.9989047050476074, -0.04676907882094383, 0.00147337862290442, 0.04441297799348831, 0.9377257823944092, -0.34452560544013977, 0.014731548726558685, 0.3442138433456421, 0.9387758374214172),
            ["LeftLowerLeg"] = CFrame.new(-1.0337680578231812e-07, 0.0000037550926208496094, 0.000013297423720359802, 1, 8.766073023025456e-08, 3.3061954951563166e-08, -9.639187226184731e-08, 0.8925498127937317, 0.4509489834308624, 8.894129877035084e-08, -0.45094889402389526, 0.8925497531890869),
        }},
        {Time = 0.233, Data = {
            ["LeftFoot"] = CFrame.new(8.998904377222061e-08, -5.960464477539063e-08, 2.421438694000244e-08, 0.9999083280563354, -0.013496938161551952, 0.0011368051636964083, 0.012983775697648525, 0.9312024116516113, -0.3642711341381073, 0.0038579883985221386, 0.3642525374889374, 0.9312922954559326),
            ["LeftLowerArm"] = CFrame.new(-1.1920928955078125e-07, -8.344650268554688e-07, -0.000001341104507446289, 1, -1.1548395661975519e-07, 1.1548395661975519e-07, 9.685756197086448e-08, -0.17645084857940674, -0.9843094348907471, 8.009374852235851e-08, 0.9843094348907471, -0.17645081877708435),
            ["LowerTorso"] = CFrame.new(-0.08371511846780777, -0.07621991634368896, -0.10658402740955353, 0.9997491240501404, -0.022364169359207153, -0.0012860202696174383, 0.021898813545703888, 0.987808883190155, -0.15412361919879913, 0.00471718842163682, 0.15405678749084473, 0.9880507588386536),
            ["Head"] = CFrame.new(6.146728992462158e-08, -3.5762786865234375e-07, -3.3527612686157227e-08, 0.868731677532196, 0.23310910165309906, 0.4369959533214569, -0.20389814674854279, 0.9724053144454956, -0.11337346583604813, -0.45136547088623047, 0.009388472884893417, 0.8922898173332214),
            ["RightUpperArm"] = CFrame.new(0, -8.344650268554688e-07, -2.9802322387695312e-08, 0.21281109750270844, -0.9704720377922058, -0.11355804651975632, 0.5392473340034485, 0.21357032656669617, -0.8146165013313293, 0.8148152232170105, 0.11212360113859177, 0.5687745809555054),
            ["UpperTorso"] = CFrame.new(8.294591680169106e-09, -2.384185791015625e-07, -4.751200322061777e-09, 0.9868163466453552, -0.002903027692809701, 0.161818265914917, -0.04130393639206886, 0.9622133374214172, 0.2691459655761719, -0.15648500621318817, -0.27228137850761414, 0.9494078755378723),
            ["HumanoidRootPart"] = CFrame.new(0, 0, 0, 1, 0, 0, 0, 1, 0, 0, 0, 1),
            ["RightHand"] = CFrame.new(-4.172325134277344e-07, 4.76837158203125e-07, 1.9371509552001953e-07, 0.8403092622756958, 0.5420992374420166, 0.002982206642627716, -0.4901297986507416, 0.7620788812637329, -0.4230940639972687, -0.2316315770149231, 0.35406821966171265, 0.9060809016227722),
            ["LeftUpperArm"] = CFrame.new(1.1920928955078125e-07, -0.0000010728836059570312, -1.862645149230957e-08, 0.3400290310382843, 0.9401019811630249, -0.02426232397556305, -0.5327057838439941, 0.1712869256734848, -0.8287854790687561, -0.774986982345581, 0.2947358191013336, 0.5590402483940125),
            ["RightLowerArm"] = CFrame.new(-5.960464477539063e-08, -5.960464477539063e-08, 3.427267074584961e-07, 1, -3.91155481338501e-08, 1.0430819941120717e-07, 8.940700979565008e-08, -0.10481788218021393, -0.9944915175437927, 7.823113179483698e-08, 0.9944915175437927, -0.10481792688369751),
            ["LeftHand"] = CFrame.new(-3.5762786865234375e-07, 3.5762786865234375e-07, -4.023313522338867e-07, 0.9619560241699219, -0.18897542357444763, -0.19730429351329803, 0.10448803752660751, 0.9217594861984253, -0.37341925501823425, 0.2524341344833374, 0.3385968804359436, 0.9064375758171082),
            ["RightUpperLeg"] = CFrame.new(-2.9802322387695312e-08, 1.6763806343078613e-08, -6.787740858271718e-08, 0.9812154173851013, -0.034050729125738144, -0.18988646566867828, 0.027993015944957733, 0.9990128874778748, -0.03449399396777153, 0.1908734142780304, 0.028530506417155266, 0.9811999201774597),
            ["LeftUpperLeg"] = CFrame.new(-1.1920928955078125e-07, -1.30385160446167e-08, -3.387685865163803e-08, 0.9952040314674377, 0.06202564761042595, 0.0756431519985199, -0.05413522198796272, 0.9932857751846313, -0.10223906487226486, -0.08147671818733215, 0.09765369445085526, 0.9918797016143799),
            ["RightLowerLeg"] = CFrame.new(-2.60770320892334e-08, -0.0000034570693969726562, -0.0000133199428091757, 1, -1.4528633585086936e-07, -2.3283067918100642e-08, 1.2665984172599565e-07, 0.8673988580703735, 0.4976133108139038, -2.537853482920127e-08, -0.4976135492324829, 0.8673990964889526),
            ["RightFoot"] = CFrame.new(-1.6298145055770874e-08, 5.364418029785156e-07, -9.480572771281004e-09, 0.9983312487602234, -0.05751796066761017, 0.005147123709321022, 0.05602848157286644, 0.9431639313697815, -0.32757070660591125, 0.013986708596348763, 0.32731273770332336, 0.9448126554489136),
            ["LeftLowerLeg"] = CFrame.new(-2.9802322387695312e-08, 0.000003993511199951172, 0.000013209879398345947, 1, -4.097818262494002e-08, -1.6298139726700356e-08, 1.1175872671742582e-08, 0.8151959180831909, 0.5791853666305542, 5.122274604474342e-09, -0.5791853070259094, 0.8151958584785461),
        }},
        {Time = 0.267, Data = {
            ["LeftFoot"] = CFrame.new(6.560003384947777e-08, -1.1920928955078125e-07, -1.6065314412117004e-08, 0.9999526739120483, -0.009732107631862164, 0.000342459708917886, 0.009172509424388409, 0.9294976592063904, -0.36871397495269775, 0.0032705366611480713, 0.36869972944259644, 0.9295429587364197),
            ["LeftLowerArm"] = CFrame.new(-1.7881393432617188e-07, -5.960464477539062e-07, -0.0000012665987014770508, 1, -9.499491682163352e-08, 1.0430814256778831e-07, 8.195640788244418e-08, -0.17539586126804352, -0.9844980239868164, 1.3783576946480025e-07, 0.9844980239868164, -0.17539586126804352),
            ["LowerTorso"] = CFrame.new(-0.06205179542303085, -0.08579671382904053, -0.10976409912109375, 0.9890051484107971, -0.04144555330276489, 0.14195512235164642, 0.0617370568215847, 0.9879871010780334, -0.1416686326265335, -0.13437829911708832, 0.148874893784523, 0.9796830415725708),
            ["Head"] = CFrame.new(1.210719347000122e-08, -1.1920928955078125e-07, -4.0978193283081055e-08, 0.8553410768508911, 0.2535158097743988, 0.4517980217933655, -0.2405291199684143, 0.9667271971702576, -0.08708799630403519, -0.4588435888290405, -0.03418063744902611, 0.8878594040870667),
            ["RightUpperArm"] = CFrame.new(0, -7.152557373046875e-07, -4.470348358154297e-08, 0.20318494737148285, -0.9631377458572388, -0.1763000339269638, 0.5440947413444519, 0.26075881719589233, -0.7974746227264404, 0.8140497207641602, 0.06611095368862152, 0.5770204067230225),
            ["UpperTorso"] = CFrame.new(-2.2817403078079224e-08, 2.9802322387695312e-08, 4.0978193283081055e-08, 0.9968639016151428, 0.021756595000624657, 0.0760863870382309, -0.04026581719517708, 0.9671493172645569, 0.25099968910217285, -0.06812600046396255, -0.2532762289047241, 0.9649922251701355),
            ["HumanoidRootPart"] = CFrame.new(0, 0, 0, 1, 0, 0, 0, 1, 0, 0, 0, 1),
            ["RightHand"] = CFrame.new(-4.76837158203125e-07, 1.1920928955078125e-07, 1.9371509552001953e-07, 0.8271516561508179, 0.5616300106048584, 0.01980218105018139, -0.4980795085430145, 0.7489643096923828, -0.4370003938674927, -0.2602636218070984, 0.35160255432128906, 0.8992432951927185),
            ["LeftUpperArm"] = CFrame.new(0, -0.0000010728836059570312, 3.166496753692627e-08, 0.35789060592651367, 0.9313923716545105, -0.06650315970182419, -0.5623985528945923, 0.15815378725528717, -0.8116004467010498, -0.7454006671905518, 0.32786548137664795, 0.5804155468940735),
            ["RightLowerArm"] = CFrame.new(0, -1.7881393432617188e-07, 6.239861249923706e-07, 1, -1.341104365337742e-07, 1.0430814256778831e-07, 1.0430815677864302e-07, -0.10710997134447098, -0.9942471981048584, 2.6077039194660756e-08, 0.9942471981048584, -0.1071099117398262),
            ["LeftHand"] = CFrame.new(-2.2351741790771484e-07, -3.5762786865234375e-07, -2.3096799850463867e-07, 0.9618498086929321, -0.20751561224460602, -0.17827573418617249, 0.13731899857521057, 0.9298167824745178, -0.34144464135169983, 0.236618772149086, 0.3039378225803375, 0.9228398203849792),
            ["RightUpperLeg"] = CFrame.new(-5.960464477539063e-08, 6.891787052154541e-07, 4.300818545743823e-08, 0.9430213570594788, 0.010456498712301254, -0.33256790041923523, 0.008036619983613491, 0.9984987378120422, 0.05418290197849274, 0.3326352536678314, -0.0537685826420784, 0.9415215253829956),
