return {
["reverse cowgirl"] = {
        {Time = 0.000, Data = {
            ["Head"] = CFrame.new(2.8898483606099035e-09, -2.384185791015625e-07, -1.7507333893718169e-07, 0.65159147977828979, -0.21484212577342987, 0.72751039266586304, 0.040860995650291443, 0.96760320663452148, 0.24914729595184326, -0.75746876001358032, -0.13261544704437256, 0.63926064968109131),
            ["LeftFoot"] = CFrame.new(8.6147338151931763e-08, 0.029638111591339111, -2.0842999219894409e-06, 0.93039751052856445, -0.28040400147438049, -0.23608066141605377, 0.1235831156373024, 0.84630930423736572, -0.51815807819366455, 0.3450908362865448, 0.4529174268245697, 0.82205724716186523),
            ["LeftHand"] = CFrame.new(0.0004999600350856781, 9.9956989288330078e-05, 7.4505805969238281e-08, 1, 0, 0, 0, 1, 0, 0, 0, 1),
            ["LeftLowerArm"] = CFrame.new(-0.00050002336502075195, 0.033178031444549561, 0.005664139986038208, 1, 0, 0, 0, 0.94304043054580688, -0.33267813920974731, 0, 0.33267813920974731, 0.94304043054580688),
            ["LeftLowerLeg"] = CFrame.new(8.9406967163085938e-08, 0.11964762210845947, -0.066085055470466614, 1, -0, 0, 0, 0.31644868850708008, 0.94860965013504028, -0, -0.94860965013504028, 0.31644868850708008),
            ["LeftUpperArm"] = CFrame.new(0.31537210941314697, -0.36463308334350586, -0.67803126573562622, 0.53346312046051025, -0.014400869607925415, -0.84570074081420898, -0.8104698657989502, 0.27734720706939697, -0.51596242189407349, 0.24198305606842041, 0.96066182851791382, 0.13628304004669189),
            ["LeftUpperLeg"] = CFrame.new(-1.1920928955078125e-07, -3.5762786865234375e-07, -0.0001000482589006424, 0.93040776252746582, 0.36643770337104797, -0.0080499053001403809, -0.28036847710609436, 0.69738298654556274, -0.65958356857299805, -0.23608241975307465, 0.61593866348266602, 0.75158810615539551),
            ["LowerTorso"] = CFrame.new(0, -0.54321026802062988, 0, -0.99883615970611572, 0, -0.048239972442388535, 0, 1, 0, 0.048239972442388535, 0, -0.99883615970611572),
            ["RightFoot"] = CFrame.new(-1.0943040251731873e-08, 0.030270755290985107, -0.00010194646165473387, 0.95092058181762695, 0.23671621084213257, 0.19928745925426483, -0.089342616498470306, 0.82664275169372559, -0.55558943748474121, -0.29625657200813293, 0.51051652431488037, 0.807220458984375),
            ["RightHand"] = CFrame.new(-0.00050016259774565697, 5.9604644775390625e-08, 8.9406967163085938e-08, 1, 0, 0, 0, 1, 0, 0, 0, 1),
            ["RightLowerArm"] = CFrame.new(-2.0861625671386719e-07, 0.032305300235748291, 0.0053276475518941879, 1, 0, 0, 0, 0.94639825820922852, -0.32300204038619995, 0, 0.32300204038619995, 0.94639825820922852),
            ["RightLowerLeg"] = CFrame.new(7.4505805969238281e-09, 0.1206434965133667, -0.069092929363250732, 1, -0, 0, 0, 0.2861437201499939, 0.95818674564361572, -0, -0.95818674564361572, 0.2861437201499939),
            ["RightUpperArm"] = CFrame.new(-0.39877629280090332, -0.42611002922058105, -0.62787097692489624, 0.38322544097900391, -0.087519079446792603, 0.91949915885925293, 0.90095627307891846, 0.25475859642028809, -0.35124894976615906, -0.20350933074951172, 0.96303606033325195, 0.17648077011108398),
            ["RightUpperLeg"] = CFrame.new(5.9604644775390625e-08, -3.5762786865234375e-07, -1.1345400707796216e-07, 0.95092254877090454, -0.30942806601524353, 0.00079039484262466431, 0.23668274283409119, 0.72571420669555664, -0.6460033655166626, 0.19931793212890625, 0.6144862174987793, 0.76333421468734741),
            ["UpperTorso"] = CFrame.new(0, -1.1920928955078125e-07, 0, 0.99834740161895752, 0.046190951019525528, 0.034187987446784973, -0.046190951019525528, 0.29107707738876343, 0.95558393001556396, 0.034187987446784973, -0.95558393001556396, 0.29272967576980591)
        }},
        {Time = 0.017, Data = {
            ["Head"] = CFrame.new(-4.5607322363139247e-09, -1.1920928955078125e-07, 1.8255452971516206e-07, 0.65020644664764404, -0.21257445216178894, 0.72941327095031738, 0.042640239000320435, 0.96875745058059692, 0.24431708455085754, -0.75856006145477295, -0.12775418162345886, 0.63895654678344727),
            ["LeftFoot"] = CFrame.new(-8.8941305875778198e-08, 0.029742717742919922, -1.9483268260955811e-06, 0.93035268783569336, -0.28047314286231995, -0.23617509007453918, 0.12368744611740112, 0.8464234471321106, -0.51794666051864624, 0.34517428278923035, 0.45266115665435791, 0.82216334342956543),
            ["LeftHand"] = CFrame.new(0.00049996539019048214, 9.9956989288330078e-05, 1.1920928955078125e-07, 1, 0, 0, 0, 1, 0, 0, 0, 1),
            ["LeftLowerArm"] = CFrame.new(-0.00050002336502075195, 0.033177971839904785, 0.0056641027331352234, 1, 0, 0, 0, 0.94304043054580688, -0.33267813920974731, 0, 0.33267813920974731, 0.94304043054580688),
            ["LeftLowerLeg"] = CFrame.new(-3.7252902984619141e-08, 0.11994695663452148, -0.066788859665393829, 1, -0, 0, 0, 0.30906087160110474, 0.95104223489761353, -0, -0.95104223489761353, 0.30906087160110474),
            ["LeftUpperArm"] = CFrame.new(0.31511467695236206, -0.36301040649414062, -0.67270475625991821, 0.53346312046051025, -0.014400869607925415, -0.84570074081420898, -0.8104698657989502, 0.27734720706939697, -0.51596242189407349, 0.24198305606842041, 0.96066182851791382, 0.13628304004669189),
            ["LeftUpperLeg"] = CFrame.new(0, -1.5304249245673418e-07, -0.00010005012154579163, 0.93033945560455322, 0.36655041575431824, -0.010454759001731873, -0.27762457728385925, 0.68543839454650879, -0.67312616109848022, -0.23956854641437531, 0.6291382908821106, 0.73945379257202148),
            ["LowerTorso"] = CFrame.new(-6.9479705416597426e-05, -0.54816234111785889, -0.0044939774088561535, -0.99884819984436035, 0.00017471489263698459, -0.047980975359678268, -0.00034730666084215045, 0.99994087219238281, 0.01087120920419693, 0.047980036586523056, 0.01087535172700882, -0.99878907203674316),
            ["RightFoot"] = CFrame.new(5.7974830269813538e-08, 0.030384361743927002, -0.00010186077997786924, 0.95078551769256592, 0.23703421652317047, 0.19955368340015411, -0.089511439204216003, 0.82669532299041748, -0.55548405647277832, -0.2966388463973999, 0.51028382778167725, 0.80722719430923462),
            ["RightHand"] = CFrame.new(-0.00050011184066534042, 5.9604644775390625e-08, 1.0058283805847168e-07, 1, 0, 0, 0, 1, 0, 0, 0, 1),
            ["RightLowerArm"] = CFrame.new(-1.1920928955078125e-07, 0.032305240631103516, 0.0053277034312486649, 1, 0, 0, 0, 0.94639825820922852, -0.32300204038619995, 0, 0.32300204038619995, 0.94639825820922852),
            ["RightLowerLeg"] = CFrame.new(9.6857547760009766e-08, 0.12094193696975708, -0.069860175251960754, 1, -0, 0, 0, 0.27807575464248657, 0.96055912971496582, -0, -0.96055912971496582, 0.27807575464248657),
            ["RightUpperArm"] = CFrame.new(-0.39903253316879272, -0.42449468374252319, -0.62256854772567749, 0.38322544097900391, -0.087519079446792603, 0.91949915885925293, 0.90095627307891846, 0.25475859642028809, -0.35124894976615906, -0.20350933074951172, 0.96303606033325195, 0.17648077011108398),
            ["RightUpperLeg"] = CFrame.new(5.9604644775390625e-08, -1.6669218894094229e-07, -1.0786607163026929e-07, 0.95076066255569458, -0.30990153551101685, 0.0038967505097389221, 0.23517411947250366, 0.71319794654846191, -0.66033464670181274, 0.20185956358909607, 0.62873667478561401, 0.75096136331558228),
            ["UpperTorso"] = CFrame.new(6.3411425799131393e-06, -0.00047099590301513672, -0.00013380497694015503, 0.99837702512741089, 0.045756105333566666, 0.033907715231180191, -0.046163734048604965, 0.30153989791870117, 0.95233535766601562, 0.033350627869367599, -0.9523550271987915, 0.30316275358200073)
        }},
        {Time = 0.033, Data = {
            ["Head"] = CFrame.new(2.8898483606099035e-09, -1.1920928955078125e-07, -5.5864052939114117e-08, 0.64609229564666748, -0.20599180459976196, 0.73493689298629761, 0.047895990312099457, 0.97193706035614014, 0.23031347990036011, -0.76175504922866821, -0.11360323429107666, 0.63782721757888794),
            ["LeftFoot"] = CFrame.new(5.9604644775390625e-08, 0.030033469200134277, -1.9297003746032715e-06, 0.93018126487731934, -0.28082090616226196, -0.23643708229064941, 0.12419392913579941, 0.8468167781829834, -0.5171821117401123, 0.34545439481735229, 0.45170906186103821, 0.82256931066513062),
            ["LeftHand"] = CFrame.new(0.00050000101327896118, 9.9897384643554688e-05, 7.4505805969238281e-08, 1, 0, 0, 0, 1, 0, 0, 0, 1),
            ["LeftLowerArm"] = CFrame.new(-0.00049996376037597656, 0.033177971839904785, 0.0056641437113285065, 1, 0, 0, 0, 0.94304043054580688, -0.33267813920974731, 0, 0.33267813920974731, 0.94304043054580688),
            ["LeftLowerLeg"] = CFrame.new(0, 0.12074559926986694, -0.068744242191314697, 1, -0, 0, 0, 0.28871995210647583, 0.95741361379623413, -0, -0.95741361379623413, 0.28871995210647583),
            ["LeftUpperArm"] = CFrame.new(0.31437784433364868, -0.35836613178253174, -0.65745967626571655, 0.53346312046051025, -0.014400869607925415, -0.84570074081420898, -0.8104698657989502, 0.27734720706939697, -0.51596242189407349, 0.24198305606842041, 0.96066182851791382, 0.13628304004669189),
            ["LeftUpperLeg"] = CFrame.new(0, 1.0023359209299088e-07, -0.00010005198419094086, 0.93025201559066772, 0.36651062965393066, -0.017353951930999756, -0.26934230327606201, 0.64997881650924683, -0.71062105894088745, -0.2491704523563385, 0.66573077440261841, 0.703360915184021),
            ["LowerTorso"] = CFrame.new(-0.00025279182591475546, -0.5620722770690918, -0.017352132126688957, -0.9988936185836792, 0.00064578349702060223, -0.047029320150613785, -0.0013360152952373028, 0.99911266565322876, 0.042096026241779327, 0.047014776617288589, 0.042112268507480621, -0.99800646305084229),
            ["RightFoot"] = CFrame.new(3.6088749766349792e-08, 0.030545353889465332, -0.00010182725236518309, 0.9504019021987915, 0.23793724179267883, 0.20030492544174194, -0.090084291994571686, 0.82699805498123169, -0.55494064092636108, -0.29769280552864075, 0.5093722939491272, 0.80741488933563232),
            ["RightHand"] = CFrame.new(-0.00050010671839118004, 5.9604644775390625e-08, 1.2665987014770508e-07, 1, 0, 0, 0, 1, 0, 0, 0, 1),
            ["RightLowerArm"] = CFrame.new(-1.4901161193847656e-07, 0.032305300235748291, 0.0053276438266038895, 1, 0, 0, 0, 0.94639825820922852, -0.32300204038619995, 0, 0.32300204038619995, 0.94639825820922852),
            ["RightLowerLeg"] = CFrame.new(-2.9802322387695312e-08, 0.12163364887237549, -0.072035588324069977, 1, -0, 0, 0, 0.25549745559692383, 0.96680974960327148, -0, -0.96680974960327148, 0.25549745559692383),
            ["RightUpperArm"] = CFrame.new(-0.39976584911346436, -0.41987168788909912, -0.60739320516586304, 0.38322544097900391, -0.087519079446792603, 0.91949915885925293, 0.90095627307891846, 0.25475859642028809, -0.35124894976615906, -0.20350933074951172, 0.96303606033325195, 0.17648077011108398),
            ["RightUpperLeg"] = CFrame.new(-2.9802322387695312e-08, 3.6234268918633461e-08, -1.162479748018086e-07, 0.95032453536987305, -0.31099730730056763, 0.012803539633750916, 0.23060160875320435, 0.67583626508712769, -0.70004868507385254, 0.2090601772069931, 0.66822600364685059, 0.71398025751113892),
            ["UpperTorso"] = CFrame.new(2.5850255042314529e-05, -0.0018014907836914062, -0.0005732998251914978, 0.99845385551452637, 0.044555298984050751, 0.033237680792808533, -0.046150870621204376, 0.33115649223327637, 0.94244658946990967, 0.030984111130237579, -0.94252336025238037, 0.33270072937011719)
        }},
        {Time = 0.050, Data = {
            ["Head"] = CFrame.new(-1.2011312833237753e-08, -1.1920928955078125e-07, 1.8255452971516206e-07, 0.63969099521636963, -0.19539244472980499, 0.74338233470916748, 0.056471332907676697, 0.9764830470085144, 0.20806685090065002, -0.76655495166778564, -0.091118693351745605, 0.63568150997161865),
            ["LeftFoot"] = CFrame.new(-6.2398612499237061e-08, 0.030327975749969482, -1.821666955947876e-06, 0.93000710010528564, -0.28115460276603699, -0.23672525584697723, 0.12530452013015747, 0.84803211688995361, -0.51491779088973999, 0.34552210569381714, 0.44921445846557617, 0.8239058256149292),
            ["LeftHand"] = CFrame.new(0.00049988878890872002, 9.9897384643554688e-05, 2.9802322387695312e-08, 1, 0, 0, 0, 1, 0, 0, 0, 1),
            ["LeftLowerArm"] = CFrame.new(-0.00050008296966552734, 0.033178031444549561, 0.0056641735136508942, 1, 0, 0, 0, 0.94304043054580688, -0.33267813920974731, 0, 0.33267813920974731, 0.94304043054580688),
            ["LeftLowerLeg"] = CFrame.new(3.7252902984619141e-08, 0.12175977230072021, -0.071692474186420441, 1, -0, 0, 0, 0.25802332162857056, 0.96613872051239014, -0, -0.96613872051239014, 0.25802332162857056),
            ["LeftUpperArm"] = CFrame.new(0.31321495771408081, -0.35103631019592285, -0.63339823484420776, 0.53346312046051025, -0.014400869607925415, -0.84570074081420898, -0.8104698657989502, 0.27734720706939697, -0.51596242189407349, 0.24198305606842041, 0.96066182851791382, 0.13628304004669189),
            ["LeftUpperLeg"] = CFrame.new(-5.9604644775390625e-08, -3.0669616535305977e-07, -0.00010005384683609009, 0.93018883466720581, 0.3660244345664978, -0.027835659682750702, -0.25538092851638794, 0.5908048152923584, -0.76533013582229614, -0.26368409395217896, 0.71901029348373413, 0.64303570985794067),
            ["LowerTorso"] = CFrame.new(-0.0004964967374689877, -0.58323311805725098, -0.037610206753015518, -0.99895715713500977, 0.0012251107254996896, -0.045644152909517288, -0.0029492960311472416, 0.99582129716873169, 0.091275908052921295, 0.045565243810415268, 0.091315321624279022, -0.99477910995483398),
            ["RightFoot"] = CFrame.new(6.1932951211929321e-08, 0.030775904655456543, -0.00010171549365622923, 0.94982028007507324, 0.23927901685237885, 0.20146214962005615, -0.091451153159141541, 0.82835501432418823, -0.55268853902816772, -0.2991289496421814, 0.50653082132339478, 0.8086707592010498),
            ["RightHand"] = CFrame.new(-0.00050016585737466812, 5.9604644775390625e-08, 1.1548399925231934e-07, 1, 0, 0, 0, 1, 0, 0, 0, 1),
            ["RightLowerArm"] = CFrame.new(-8.9406967163085938e-08, 0.03230518102645874, 0.0053276717662811279, 1, 0, 0, 0, 0.94639825820922852, -0.32300204038619995, 0, 0.32300204038619995, 0.94639825820922852),
            ["RightLowerLeg"] = CFrame.new(5.2154064178466797e-08, 0.12255561351776123, -0.07527594268321991, 1, -0, 0, 0, 0.22194749116897583, 0.97505861520767212, -0, -0.97505861520767212, 0.22194749116897583),
            ["RightUpperArm"] = CFrame.new(-0.40092360973358154, -0.41257518529891968, -0.58344119787216187, 0.38322544097900391, -0.087519079446792603, 0.91949915885925293, 0.90095627307891846, 0.25475859642028809, -0.35124894976615906, -0.20350933074951172, 0.96303606033325195, 0.17648077011108398),
            ["RightUpperLeg"] = CFrame.new(1.1920928955078125e-07, -6.0285674408078194e-07, -1.3580574886873364e-07, 0.94968777894973755, -0.31205153465270996, 0.026776820421218872, 0.22283546626567841, 0.6131359338760376, -0.75789767503738403, 0.2200852632522583, 0.72573298215866089, 0.65182381868362427),
            ["UpperTorso"] = CFrame.new(6.0745514929294586e-05, -0.003842473030090332, -0.0014349520206451416, 0.99856811761856079, 0.042704448103904724, 0.032218225300312042, -0.045976221561431885, 0.37722486257553101, 0.9249798059463501, 0.02734723687171936, -0.92513668537139893, 0.37864810228347778)
        }},
        {Time = 0.067, Data = {
            ["Head"] = CFrame.new(-1.2011312833237753e-08, -1.1920928955078125e-07, -5.5864052939114117e-08, 0.63124078512191772, -0.1809200644493103, 0.75419032573699951, 0.0680246502161026, 0.98157972097396851, 0.17853257060050964, -0.7725980281829834, -0.061393510550260544, 0.6319202184677124),
            ["LeftFoot"] = CFrame.new(7.1246176958084106e-08, 0.030583679676055908, -1.6689300537109375e-06, 0.92996203899383545, -0.28122290968894958, -0.23682107031345367, 0.12735438346862793, 0.8506629467010498, -0.51005232334136963, 0.34489330649375916, 0.44416913390159607, 0.82689929008483887),
            ["LeftHand"] = CFrame.new(0.00049990694969892502, 9.9956989288330078e-05, 1.3038516044616699e-07, 1, 0, 0, 0, 1, 0, 0, 0, 1),
            ["LeftLowerArm"] = CFrame.new(-0.00050008296966552734, 0.033178031444549561, 0.0056641772389411926, 1, 0, 0, 0, 0.94304043054580688, -0.33267813920974731, 0, 0.33267813920974731, 0.94304043054580688),
            ["LeftLowerLeg"] = CFrame.new(-9.6857547760009766e-08, 0.12278437614440918, -0.07528233528137207, 1, -0, 0, 0, 0.22076243162155151, 0.97532767057418823, -0, -0.97532767057418823, 0.22076243162155151),
            ["LeftUpperArm"] = CFrame.new(0.3116791844367981, -0.34135615825653076, -0.60162228345870972, 0.53346312046051025, -0.014400869607925415, -0.84570074081420898, -0.8104698657989502, 0.27734720706939697, -0.51596242189407349, 0.24198305606842041, 0.96066182851791382, 0.13628304004669189),
            ["LeftUpperLeg"] = CFrame.new(5.9604644775390625e-08, 1.8277205526828766e-08, -0.00010011158883571625, 0.93025875091552734, 0.36458349227905273, -0.04120151698589325, -0.23556971549987793, 0.50739920139312744, -0.82888668775558472, -0.28129273653030396, 0.78078490495681763, 0.55789732933044434),
            ["LowerTorso"] = CFrame.new(-0.00073682755464687943, -0.6096949577331543, -0.064222991466522217, -0.99903774261474609, 0.0018808718305081129, -0.043828211724758148, -0.0049781966954469681, 0.98776590824127197, 0.15586461126804352, 0.043585173785686493, 0.15593273937702179, -0.98680603504180908),
            ["RightFoot"] = CFrame.new(-8.6612999439239502e-08, 0.031200408935546875, -0.00010156089410884306, 0.94917434453964233, 0.24076983332633972, 0.20272636413574219, -0.093987010419368744, 0.83151078224182129, -0.54750007390975952, -0.30039066076278687, 0.50061935186386108, 0.81187796592712402),
            ["RightHand"] = CFrame.new(-0.00050015700981020927, 5.9604644775390625e-08, 1.2665987014770508e-07, 1, 0, 0, 0, 1, 0, 0, 0, 1),
            ["RightLowerArm"] = CFrame.new(-5.9604644775390625e-08, 0.03230518102645874, 0.0053277220577001572, 1, 0, 0, 0, 0.94639825820922852, -0.32300204038619995, 0, 0.32300204038619995, 0.94639825820922852),
            ["RightLowerLeg"] = CFrame.new(1.4901161193847656e-08, 0.12357932329177856, -0.079155087471008301, 1, -0, 0, 0, 0.18159526586532593, 0.98337334394454956, -0, -0.98337334394454956, 0.18159526586532593),
            ["RightUpperArm"] = CFrame.new(-0.40245234966278076, -0.40293926000595093, -0.55181032419204712, 0.38322544097900391, -0.087519079446792603, 0.91949915885925293, 0.90095627307891846, 0.25475859642028809, -0.35124894976615906, -0.20350933074951172, 0.96303606033325195, 0.17648077011108398),
            ["RightUpperLeg"] = CFrame.new(0, 1.7578713595867157e-08, -1.8423452274873853e-07, 0.94887030124664307, -0.31247729063034058, 0.044755518436431885, 0.21168321371078491, 0.524699866771698, -0.82454866170883179, 0.23416945338249207, 0.79186373949050903, 0.5640183687210083),
            ["UpperTorso"] = CFrame.new(0.00011452008038759232, -0.0064040422439575195, -0.0028793811798095703, 0.9987180233001709, 0.040210213512182236, 0.030747560784220695, -0.045243773609399796, 0.4367097020149231, 0.8984641432762146, 0.022699667140841484, -0.89870351552963257, 0.4379691481590271)
        }},
        {Time = 0.083, Data = {
            ["Head"] = CFrame.new(-4.5607322363139247e-09, -1.1920928955078125e-07, 6.3345233058953454e-08, 0.62117332220077515, -0.16273956000804901, 0.76658964157104492, 0.082519188523292542, 0.98634529113769531, 0.14252565801143646, -0.77931666374206543, -0.025274801999330521, 0.62612050771713257),
            ["LeftFoot"] = CFrame.new(6.3795596361160278e-08, 0.031003832817077637, -1.5702098608016968e-06, 0.9301573634147644, -0.28085276484489441, -0.23649311065673828, 0.13076350092887878, 0.85527908802032471, -0.50139659643173218, 0.34308624267578125, 0.43545308709144592, 0.83226943016052246),
            ["LeftHand"] = CFrame.new(0.00049986690282821655, 9.9956989288330078e-05, 5.9604644775390625e-08, 1, 0, 0, 0, 1, 0, 0, 0, 1),
            ["LeftLowerArm"] = CFrame.new(-0.00049996376037597656, 0.033177971839904785, 0.0056641343981027603, 1, 0, 0, 0, 0.94304043054580688, -0.33267813920974731, 0, 0.33267813920974731, 0.94304043054580688),
            ["LeftLowerLeg"] = CFrame.new(7.4505805969238281e-09, 0.12378716468811035, -0.079086996614933014, 1, -0, 0, 0, 0.18126386404037476, 0.98343455791473389, -0, -0.98343455791473389, 0.18126386404037476),
            ["LeftUpperArm"] = CFrame.new(0.30982387065887451, -0.32966184616088867, -0.56323379278182983, 0.53346312046051025, -0.014400869607925415, -0.84570074081420898, -0.8104698657989502, 0.27734720706939697, -0.51596242189407349, 0.24198305606842041, 0.96066182851791382, 0.13628304004669189),
            ["LeftUpperLeg"] = CFrame.new(0, 7.7532604336738586e-08, -0.00010002590715885162, 0.9305451512336731, 0.36184045672416687, -0.056188628077507019, -0.20973405241966248, 0.40089011192321777, -0.89179521799087524, -0.30016213655471802, 0.8416404128074646, 0.44893664121627808),
            ["LowerTorso"] = CFrame.new(-0.00091250450350344181, -0.63943004608154297, -0.096015810966491699, -0.99912035465240479, 0.0022562977392226458, -0.041881654411554337, -0.0075700962916016579, 0.97245210409164429, 0.23297977447509766, 0.041253577917814255, 0.233091801404953, -0.97157967090606689),
            ["RightFoot"] = CFrame.new(-4.8894435167312622e-09, 0.031718075275421143, -0.00010150874004466459, 0.94847613573074341, 0.24237543344497681, 0.20407631993293762, -0.098127506673336029, 0.83711481094360352, -0.5381540060043335, -0.30127063393592834, 0.4904007613658905, 0.81776714324951172),
            ["RightHand"] = CFrame.new(-0.00050010764971375465, 1.1920928955078125e-07, 7.8231096267700195e-08, 1, 0, 0, 0, 1, 0, 0, 0, 1),
            ["RightLowerArm"] = CFrame.new(0, 0.032305300235748291, 0.0053276624530553818, 1, 0, 0, 0, 0.94639825820922852, -0.32300204038619995, 0, 0.32300204038619995, 0.94639825820922852),
            ["RightLowerLeg"] = CFrame.new(2.2351741790771484e-08, 0.12451839447021484, -0.083293437957763672, 1, -0, 0, 0, 0.13841074705123901, 0.9903751015663147, -0, -0.9903751015663147, 0.13841074705123901),
            ["RightUpperArm"] = CFrame.new(-0.40429925918579102, -0.39129823446273804, -0.51359707117080688, 0.38322544097900391, -0.087519079446792603, 0.91949915885925293, 0.90095627307891846, 0.25475859642028809, -0.35124894976615906, -0.20350933074951172, 0.96303606033325195, 0.17648077011108398),
            ["RightUpperLeg"] = CFrame.new(5.9604644775390625e-08, -1.7986167222261429e-07, -1.3208045857027173e-07, 0.94802510738372803, -0.31132078170776367, 0.065785855054855347, 0.19669038057327271, 0.41083753108978271, -0.89023911952972412, 0.25012257695198059, 0.85690844058990479, 0.45071804523468018),
            ["UpperTorso"] = CFrame.new(0.00019116699695587158, -0.0092512369155883789, -0.0050686299800872803, 0.99888283014297485, 0.037257909774780273, 0.029067426919937134, -0.043942481279373169, 0.50608992576599121, 0.86136066913604736, 0.017381761223077774, -0.86167573928833008, 0.50716173648834229)
        }},
        {Time = 0.100, Data = {
            ["Head"] = CFrame.new(2.8898483606099035e-09, -1.1920928955078125e-07, 1.8255452971516206e-07, 0.6097865104675293, -0.14115120470523834, 0.77989530563354492, 0.099772080779075623, 0.9898565411567688, 0.10114148259162903, -0.78626072406768799, 0.016137067228555679, 0.61768412590026855),
            ["LeftFoot"] = CFrame.new(-8.754432201385498e-08, 0.031468451023101807, -1.473352313041687e-06, 0.93063896894454956, -0.27995198965072632, -0.23566491901874542, 0.13565441966056824, 0.86204320192337036, -0.48834347724914551, 0.33986607193946838, 0.42250251770019531, 0.84022772312164307),
            ["LeftHand"] = CFrame.new(0.00049994140863418579, 9.9956989288330078e-05, 8.1956386566162109e-08, 1, 0, 0, 0, 1, 0, 0, 0, 1),
            ["LeftLowerArm"] = CFrame.new(-0.00050002336502075195, 0.033178031444549561, 0.0056640766561031342, 1, 0, 0, 0, 0.94304043054580688, -0.33267813920974731, 0, 0.33267813920974731, 0.94304043054580688),
            ["LeftLowerLeg"] = CFrame.new(-9.6857547760009766e-08, 0.12463688850402832, -0.082795515656471252, 1, -0, 0, 0, 0.14259850978851318, 0.98978060483932495, -0, -0.98978060483932495, 0.14259850978851318),
            ["LeftUpperArm"] = CFrame.new(0.30770218372344971, -0.31628882884979248, -0.51933521032333374, 0.53346312046051025, -0.014400869607925415, -0.84570074081420898, -0.8104698657989502, 0.27734720706939697, -0.51596242189407349, 0.24198305606842041, 0.96066182851791382, 0.13628304004669189),
            ["LeftUpperLeg"] = CFrame.new(-1.1920928955078125e-07, 2.3283064365386963e-10, -0.00010007061064243317, 0.93115711212158203, 0.35752308368682861, -0.071580030024051666, -0.17786616086959839, 0.27402061223983765, -0.9451330304145813, -0.31829243898391724, 0.89279896020889282, 0.31874746084213257),
            ["LowerTorso"] = CFrame.new(-0.00097599276341497898, -0.67048418521881104, -0.1316596120595932, -0.99920380115509033, 0.0024258317425847054, -0.03983311727643013, -0.010431419126689434, 0.94757050275802612, 0.31937643885612488, 0.038519438356161118, 0.31953755021095276, -0.94679081439971924),
            ["RightFoot"] = CFrame.new(-3.1897798180580139e-08, 0.032070457935333252, -0.00010136531636817381, 0.94782781600952148, 0.24385407567024231, 0.20532310009002686, -0.10399603098630905, 0.84537792205810547, -0.52394753694534302, -0.30134236812591553, 0.47525927424430847, 0.82663261890411377),
            ["RightHand"] = CFrame.new(-0.00050010578706860542, 0, 1.5646219253540039e-07, 1, 0, 0, 0, 1, 0, 0, 0, 1),
            ["RightLowerArm"] = CFrame.new(-1.1920928955078125e-07, 0.03230518102645874, 0.0053277034312486649, 1, 0, 0, 0, 0.94639825820922852, -0.32300204038619995, 0, 0.32300204038619995, 0.94639825820922852),
            ["RightLowerLeg"] = CFrame.new(2.2351741790771484e-08, 0.12516504526138306, -0.087383382022380829, 1, -0, 0, 0, 0.095858275890350342, 0.99539506435394287, -0, -0.99539506435394287, 0.095858275890350342),
            ["RightUpperArm"] = CFrame.new(-0.40641117095947266, -0.37798631191253662, -0.46989899873733521, 0.38322544097900391, -0.087519079446792603, 0.91949915885925293, 0.90095627307891846, 0.25475859642028809, -0.35124894976615906, -0.20350933074951172, 0.96303606033325195, 0.17648077011108398),
            ["RightUpperLeg"] = CFrame.new(1.1920928955078125e-07, 8.8126398622989655e-08, -9.2964910436421633e-08, 0.94718444347381592, -0.30816853046417236, 0.088734552264213562, 0.17778760194778442, 0.27432453632354736, -0.94505959749221802, 0.26689553260803223, 0.91092163324356079, 0.31462448835372925),
            ["UpperTorso"] = CFrame.new(0.00029447302222251892, -0.012107014656066895, -0.0081275701522827148, 0.99906086921691895, 0.033822875469923019, 0.027081051841378212, -0.041711021214723587, 0.58157849311828613, 0.81242024898529053, 0.01172863133251667, -0.81278681755065918, 0.58244311809539795)
        }},
        {Time = 0.117, Data = {
            ["Head"] = CFrame.new(-4.5607322363139247e-09, -1.1920928955078125e-07, 1.8255452971516206e-07, 0.59750521183013916, -0.11623511463403702, 0.79339581727981567, 0.11937607079744339, 0.99130630493164062, 0.055327713489532471, -0.79292935132980347, 0.061653882265090942, 0.6061863899230957),
            ["LeftFoot"] = CFrame.new(-7.4040144681930542e-08, 0.031802177429199219, -1.4044344425201416e-06, 0.93145215511322021, -0.27833566069602966, -0.23436318337917328, 0.14169752597808838, 0.87071865797042847, -0.47092550992965698, 0.33513975143432617, 0.40543591976165771, 0.85047227144241333),
            ["LeftHand"] = CFrame.new(0.00049993488937616348, 0.00010001659393310547, 1.6391277313232422e-07, 1, 0, 0, 0, 1, 0, 0, 0, 1),
            ["LeftLowerArm"] = CFrame.new(-0.00050002336502075195, 0.033178031444549561, 0.0056641679257154465, 1, 0, 0, 0, 0.94304043054580688, -0.33267813920974731, 0, 0.33267813920974731, 0.94304043054580688),
            ["LeftLowerLeg"] = CFrame.new(0, 0.12522423267364502, -0.086173847317695618, 1, -0, 0, 0, 0.1074289083480835, 0.994212806224823, -0, -0.994212806224823, 0.1074289083480835),
            ["LeftUpperArm"] = CFrame.new(0.30536752939224243, -0.30157291889190674, -0.47102850675582886, 0.53346312046051025, -0.014400869607925415, -0.84570074081420898, -0.8104698657989502, 0.27734720706939697, -0.51596242189407349, 0.24198305606842041, 0.96066182851791382, 0.13628304004669189),
            ["LeftUpperLeg"] = CFrame.new(2.9802322387695312e-08, 3.016320988535881e-07, -9.9973753094673157e-05, 0.93208307027816772, 0.35175323486328125, -0.086549386382102966, -0.14083421230316162, 0.13175296783447266, -0.98122727870941162, -0.33374673128128052, 0.92677450180053711, 0.17234355211257935),
            ["LowerTorso"] = CFrame.new(-0.00090196746168658137, -0.70111298561096191, -0.16968229413032532, -0.99927544593811035, 0.0022710799239575863, -0.038003493100404739, -0.013576813042163849, 0.91132956743240356, 0.41145366430282593, 0.035568151623010635, 0.41167134046554565, -0.91063845157623291),
            ["RightFoot"] = CFrame.new(4.1909515857696533e-09, 0.032299399375915527, -0.00010117532656295225, 0.94728446006774902, 0.24509692192077637, 0.20634850859642029, -0.11153752356767654, 0.85603290796279907, -0.50474452972412109, -0.30035242438316345, 0.45512104034423828, 0.83824419975280762),
            ["RightHand"] = CFrame.new(-0.00050009926781058311, 5.9604644775390625e-08, 7.0780515670776367e-08, 1, 0, 0, 0, 1, 0, 0, 0, 1),
            ["RightLowerArm"] = CFrame.new(-1.1920928955078125e-07, 0.032305240631103516, 0.0053277146071195602, 1, 0, 0, 0, 0.94639825820922852, -0.32300204038619995, 0, 0.32300204038619995, 0.94639825820922852),
            ["RightLowerLeg"] = CFrame.new(-3.7252902984619141e-08, 0.12554174661636353, -0.091110944747924805, 1, -0, 0, 0, 0.057146370410919189, 0.99836581945419312, -0, -0.99836581945419312, 0.057146370410919189),
            ["RightUpperArm"] = CFrame.new(-0.40873521566390991, -0.36333757638931274, -0.42181283235549927, 0.38322544097900391, -0.087519079446792603, 0.91949915885925293, 0.90095627307891846, 0.25475859642028809, -0.35124894976615906, -0.20350933074951172, 0.96303606033325195, 0.17648077011108398),
            ["RightUpperLeg"] = CFrame.new(-2.9802322387695312e-08, 4.8324000090360641e-07, 1.673470251262188e-10, 0.9464259147644043, -0.30271109938621521, 0.11244558542966843, 0.15516564249992371, 0.12092190980911255, -0.98045986890792847, 0.28319895267486572, 0.94538027048110962, 0.16141396760940552),
            ["UpperTorso"] = CFrame.new(0.00042745471000671387, -0.014665722846984863, -0.012110590934753418, 0.99923896789550781, 0.030042607337236404, 0.024877330288290977, -0.038515288382768631, 0.65913861989974976, 0.75103455781936646, 0.0061654280871152878, -0.75142115354537964, 0.65979409217834473)
        }},
        {Time = 0.133, Data = {
            ["Head"] = CFrame.new(2.8898483606099035e-09, -2.384185791015625e-07, -5.5864052939114117e-08, 0.5846564769744873, -0.088603511452674866, 0.80642807483673096, 0.14101874828338623, 0.98998534679412842, 0.0065333209931850433, -0.79893088340759277, 0.10990172624588013, 0.59129607677459717),
            ["LeftFoot"] = CFrame.new(9.3132257461547852e-10, 0.031978726387023926, -1.4062970876693726e-06, 0.93255680799484253, -0.27617478370666504, -0.2325194776058197, 0.14864781498908997, 0.88065904378890991, -0.44982600212097168, 0.32900097966194153, 0.38492476940155029, 0.86231738328933716),
            ["LeftHand"] = CFrame.new(0.00050003081560134888, 9.9897384643554688e-05, 8.1956386566162109e-08, 1, 0, 0, 0, 1, 0, 0, 0, 1),
            ["LeftLowerArm"] = CFrame.new(-0.00050008296966552734, 0.033178031444549561, 0.0056641376577317715, 1, 0, 0, 0, 0.94304043054580688, -0.33267813920974731, 0, 0.33267813920974731, 0.94304043054580688),
            ["LeftLowerLeg"] = CFrame.new(-2.2351741790771484e-08, 0.12556147575378418, -0.089039288461208344, 1, -0, 0, 0, 0.077542006969451904, 0.99698907136917114, -0, -0.99698907136917114, 0.077542006969451904),
            ["LeftUpperArm"] = CFrame.new(0.30287301540374756, -0.28584980964660645, -0.41941565275192261, 0.53346312046051025, -0.014400869607925415, -0.84570074081420898, -0.8104698657989502, 0.27734720706939697, -0.51596242189407349, 0.24198305606842041, 0.96066182851791382, 0.13628304004669189),
            ["LeftUpperLeg"] = CFrame.new(5.9604644775390625e-08, -1.6938429325819016e-08, -0.00010005012154579163, 0.93332111835479736, 0.34483391046524048, -0.10000638663768768, -0.099596023559570312, -0.018954277038574219, -0.99484753608703613, -0.34495264291763306, 0.93847250938415527, 0.016653656959533691),
            ["LowerTorso"] = CFrame.new(-0.00069177756085991859, -0.72989094257354736, -0.20852020382881165, -0.99932992458343506, 0.0016982303932309151, -0.036563534289598465, -0.017024129629135132, 0.8627389669418335, 0.50536280870437622, 0.032403010874986649, 0.50564664602279663, -0.86213207244873047),
            ["RightFoot"] = CFrame.new(-7.9395249485969543e-08, 0.032492160797119141, -0.0001012442444334738, 0.94688612222671509, 0.24596178531646729, 0.20714594423770905, -0.12035726755857468, 0.86842584609985352, -0.48098921775817871, -0.29819586873054504, 0.43051052093505859, 0.85190367698669434),
            ["RightHand"] = CFrame.new(-0.00050007039681077003, 0, 8.5681676864624023e-08, 1, 0, 0, 0, 1, 0, 0, 0, 1),
            ["RightLowerArm"] = CFrame.new(-8.9406967163085938e-08, 0.032305419445037842, 0.0053276680409908295, 1, 0, 0, 0, 0.94639825820922852, -0.32300204038619995, 0, 0.32300204038619995, 0.94639825820922852),
            ["RightLowerLeg"] = CFrame.new(-4.4703483581542969e-08, 0.12574362754821777, -0.094250373542308807, 1, -0, 0, 0, 0.024507820606231689, 0.99969965219497681, -0, -0.99969965219497681, 0.024507820606231689),
            ["RightUpperArm"] = CFrame.new(-0.41121834516525269, -0.34768617153167725, -0.37043529748916626, 0.38322544097900391, -0.087519079446792603, 0.91949915885925293, 0.90095627307891846, 0.25475859642028809, -0.35124894976615906, -0.20350933074951172, 0.96303606033325195, 0.17648077011108398),
            ["RightUpperLeg"] = CFrame.new(5.9604644775390625e-08, 1.4004763215780258e-07, -3.1497620511800051e-08, 0.94575989246368408, -0.29522252082824707, 0.13557988405227661, 0.1290675550699234, -0.04153144359588623, -0.99076581001281738, 0.29812717437744141, 0.95452547073364258, -0.0011750459671020508),
            ["UpperTorso"] = CFrame.new(0.00059187225997447968, -0.016620457172393799, -0.016980230808258057, 0.99940639734268188, 0.026021720841526985, 0.02257828414440155, -0.034436076879501343, 0.73489189147949219, 0.67730951309204102, 0.0010321550071239471, -0.67768490314483643, 0.73535174131393433)
        }},
        {Time = 0.150, Data = {
            ["Head"] = CFrame.new(-4.5607322363139247e-09, -1.1920928955078125e-07, 1.8255452971516206e-07, 0.57185208797454834, -0.058670099824666977, 0.8182561993598938, 0.1643151193857193, 0.98541808128356934, -0.044178590178489685, -0.80373245477676392, 0.15971545875072479, 0.57315385341644287),
            ["LeftFoot"] = CFrame.new(-1.7229467630386353e-08, 0.03211599588394165, -1.3709068298339844e-06, 0.93391877412796021, -0.27346032857894897, -0.23025013506412506, 0.15593260526657104, 0.89119923114776611, -0.4259682297706604, 0.32168418169021606, 0.36191624402999878, 0.87494909763336182),
            ["LeftHand"] = CFrame.new(0.00049990415573120117, 9.9956989288330078e-05, 5.5879354476928711e-08, 1, 0, 0, 0, 1, 0, 0, 0, 1),
            ["LeftLowerArm"] = CFrame.new(-0.00049996376037597656, 0.033177971839904785, 0.0056641544215381145, 1, 0, 0, 0, 0.94304043054580688, -0.33267813920974731, 0, 0.33267813920974731, 0.94304043054580688),
            ["LeftLowerLeg"] = CFrame.new(3.7252902984619141e-08, 0.12576329708099365, -0.091272450983524323, 1, -0, 0, 0, 0.054418027400970459, 0.99851828813552856, -0, -0.99851828813552856, 0.054418027400970459),
            ["LeftUpperArm"] = CFrame.new(0.30027198791503906, -0.26945531368255615, -0.36559861898422241, 0.53346312046051025, -0.014400869607925415, -0.84570074081420898, -0.8104698657989502, 0.27734720706939697, -0.51596242189407349, 0.24198305606842041, 0.96066182851791382, 0.13628304004669189),
            ["LeftUpperLeg"] = CFrame.new(-5.9604644775390625e-08, 1.3856333680450916e-07, -0.00010016188025474548, 0.9347192645072937, 0.3375285267829895, -0.11124001443386078, -0.05571410059928894, -0.16996800899505615, -0.98387336730957031, -0.35099256038665771, 0.9258430004119873, -0.14006721973419189),
            ["LowerTorso"] = CFrame.new(-0.00037304611760191619, -0.75578463077545166, -0.24660442769527435, -0.99936592578887939, 0.00098445452749729156, -0.035591684281826019, -0.02048131451010704, 0.80178284645080566, 0.59726440906524658, 0.029124781489372253, 0.59761464595794678, -0.80125439167022705),
            ["RightFoot"] = CFrame.new(5.634501576423645e-08, 0.032643139362335205, -0.00010122003004653379, 0.94665795564651489, 0.24647858738899231, 0.20757409930229187, -0.13000780344009399, 0.88154143095016479, -0.45385318994522095, -0.29485026001930237, 0.40265750885009766, 0.8665623664855957),
            ["RightHand"] = CFrame.new(-0.00050010532140731812, 0, 1.2293457984924316e-07, 1, 0, 0, 0, 1, 0, 0, 0, 1),
            ["RightLowerArm"] = CFrame.new(-1.1920928955078125e-07, 0.032305121421813965, 0.005327664315700531, 1, 0, 0, 0, 0.94639825820922852, -0.32300204038619995, 0, 0.32300204038619995, 0.94639825820922852),
            ["RightLowerLeg"] = CFrame.new(-7.4505805969238281e-09, 0.12582921981811523, -0.096707180142402649, 1, 0, 0, 0, -0.0010983943939208984, 0.99999940395355225, 0, -0.99999940395355225, -0.0010983943939208984),
            ["RightUpperArm"] = CFrame.new(-0.41380751132965088, -0.33136653900146484, -0.31686383485794067, 0.38322544097900391, -0.087519079446792603, 0.91949915885925293, 0.90095627307891846, 0.25475859642028809, -0.35124894976615906, -0.20350933074951172, 0.96303606033325195, 0.17648077011108398),
            ["RightUpperLeg"] = CFrame.new(0, 8.1286998465657234e-08, -2.4570181267336011e-07, 0.94522088766098022, -0.28616181015968323, 0.15706327557563782, 0.10013571381568909, -0.20376956462860107, -0.97388440370559692, 0.31069323420524597, 0.93626350164413452, -0.16395223140716553),
            ["UpperTorso"] = CFrame.new(0.00078786909580230713, -0.017695963382720947, -0.022599577903747559, 0.99955880641937256, 0.021819023415446281, 0.020152578130364418, -0.029517719522118568, 0.80514872074127197, 0.592337965965271, -0.0033015888184309006, -0.59267151355743408, 0.80543756484985352)
        }},
        {Time = 0.167, Data = {
            ["Head"] = CFrame.new(2.8898483606099035e-09, -1.1920928955078125e-07, 6.3345233058953454e-08, 0.55925178527832031, -0.027184054255485535, 0.82855206727981567, 0.18868638575077057, 0.97740322351455688, -0.095290809869766235, -0.8072391152381897, 0.20962804555892944, 0.55174374580383301),
            ["LeftFoot"] = CFrame.new(1.0710209608078003e-08, 0.03221428394317627, -1.2908130884170532e-06, 0.93537843227386475, -0.27052971720695496, -0.22777384519577026, 0.16309276223182678, 0.9014732837677002, -0.40093222260475159, 0.31379610300064087, 0.33787509799003601, 0.88734006881713867),
            ["LeftHand"] = CFrame.new(0.00049996934831142426, 9.9897384643554688e-05, 2.2351741790771484e-08, 1, 0, 0, 0, 1, 0, 0, 0, 1),
            ["LeftLowerArm"] = CFrame.new(-0.00050002336502075195, 0.033178091049194336, 0.0056641320697963238, 1, 0, 0, 0, 0.94304043054580688, -0.33267813920974731, 0, 0.33267813920974731, 0.94304043054580688),
