return {
    ["Rhythmical"] = {
        {Time = 0.000, Data = {
            ["RightFoot"] = CFrame.new(-1.7462298274040222e-08, 1.7881393432617188e-07, -5.045876605436206e-08, 0.9176990985870361, 0.026358168572187424, -0.39639994502067566, -0.2923591732978821, 0.720395565032959, -0.6289328932762146, 0.268987774848938, 0.6930623650550842, 0.6688127517700195),
            ["LeftLowerArm"] = CFrame.new(-0.0000013709068298339844, 0.0000017881393432617188, 7.599592208862305e-07, 1, -8.940692453052179e-08, 1.0244551873483942e-07, 5.2154007335047936e-08, -0.19914764165878296, -0.9799695014953613, 1.0430801467009587e-07, 0.9799695014953613, -0.19914767146110535),
            ["RightUpperArm"] = CFrame.new(1.1920928955078125e-07, -3.5762786865234375e-07, -1.1548399925231934e-07, 0.7320157885551453, -0.24332429468631744, 0.6363538503646851, 0.07788174599409103, 0.957809567451477, 0.27665048837661743, -0.6768214702606201, -0.15295222401618958, 0.7200821042060852),
            ["Head"] = CFrame.new(-3.259629011154175e-09, 9.5367431640625e-07, -8.323695510625839e-08, 0.9921305775642395, 0.11039192974567413, 0.0590815469622612, -0.11485093086957932, 0.9902908802032471, 0.07831502705812454, -0.0498625747859478, -0.08448430150747299, 0.9951764941215515),
            ["RightHand"] = CFrame.new(0.000001385807991027832, -3.5762786865234375e-07, -7.897615432739258e-07, 0.982525110244751, -0.14445346593856812, -0.11737791448831558, 0.14496757090091705, 0.9894275665283203, -0.00419122027233243, 0.11674237251281738, -0.012898027896881104, 0.9930784702301025),
            ["UpperTorso"] = CFrame.new(8.754432201385498e-08, -1.1920928955078125e-07, -6.426125764846802e-08, 0.9749229550361633, -0.2218870371580124, 0.01707366481423378, 0.22180980443954468, 0.9750695824623108, 0.006315136328339577, -0.018049251288175583, -0.0023696688003838062, 0.9998343586921692),
            ["HumanoidRootPart"] = CFrame.new(0, 0, 0, 1, 0, 0, 0, 1, 0, 0, 0, 1),
            ["RightUpperLeg"] = CFrame.new(-1.1920928955078125e-07, -0.0000014631077647209167, -5.757465260103345e-08, 0.9144964814186096, -0.1827639788389206, -0.3609625995159149, 0.20840805768966675, 0.9774824380874634, 0.033078260719776154, 0.346788614988327, -0.1054769977927208, 0.9319934844970703),
            ["LeftUpperArm"] = CFrame.new(3.5762786865234375e-07, -2.384185791015625e-07, -2.2724270820617676e-07, 0.395975261926651, 0.7971870303153992, -0.45573732256889343, -0.25978904962539673, 0.5732843279838562, 0.7770809531211853, 0.8807458877563477, -0.1893092542886734, 0.43410685658454895),
            ["RightLowerArm"] = CFrame.new(-4.76837158203125e-07, 0.0000013113021850585938, 8.940696716308594e-07, 1, -2.9802293965985882e-08, 4.0978196835794733e-08, 4.470351555596608e-08, 0.8831986784934998, -0.46899914741516113, 4.0978221704790485e-08, 0.46899914741516113, 0.883198618888855),
            ["LeftHand"] = CFrame.new(-2.086162567138672e-07, 2.384185791015625e-07, -3.4831464290618896e-07, 0.19331444799900055, -0.9035528898239136, 0.3823894262313843, 0.9283208847045898, 0.042295314371585846, -0.36936646699905396, 0.3175688087940216, 0.42638397216796875, 0.8469633460044861),
            ["LeftFoot"] = CFrame.new(-2.3690517991781235e-08, 5.960464477539063e-08, -2.9802322387695312e-08, 0.9566510915756226, 0.14734622836112976, 0.2512125074863434, -0.07145725935697556, 0.9549600481987, -0.2880021333694458, -0.2823340892791748, 0.25756654143333435, 0.9240925908088684),
            ["LowerTorso"] = CFrame.new(2.2133627908260678e-07, -0.16378653049468994, -0.08023058623075485, 0.9825295209884644, 0.1682082712650299, -0.07963541150093079, -0.17566107213497162, 0.9795325398445129, -0.0982818529009819, 0.061473652720451355, 0.11055366694927216, 0.9919672012329102),
            ["RightLowerLeg"] = CFrame.new(-4.936009645462036e-08, -0.0000035762786865234375, -0.000013258475519251078, 1, -1.2107190805465962e-08, -7.776547050752924e-08, 9.103676745780831e-08, 0.7099452614784241, 0.7042564749717712, 4.030516365105541e-08, -0.7042568922042847, 0.7099457383155823),
            ["LeftUpperLeg"] = CFrame.new(1.1920928955078125e-07, -4.852190613746643e-07, -4.172325134277344e-07, 0.945069432258606, -0.2922542989253998, 0.14639462530612946, 0.31112200021743774, 0.9416155219078064, -0.12869811058044434, -0.10023470222949982, 0.16717571020126343, 0.9808187484741211),
            ["LeftLowerLeg"] = CFrame.new(1.210719347000122e-07, 0.0000036954879760742188, 0.000013258308172225952, 1, 5.250328527495185e-08, 8.381899618825628e-09, 2.316664371448951e-08, 0.8608564138412476, 0.5088468790054321, 9.778884368927265e-09, -0.5088478922843933, 0.8608570098876953),
        }},
        {Time = 0.033, Data = {
            ["RightFoot"] = CFrame.new(8.847564458847046e-09, 2.384185791015625e-07, 9.145878721028566e-09, 0.921726405620575, 0.035220105201005936, -0.3862374722957611, -0.2884523868560791, 0.7279606461524963, -0.6219877004623413, 0.2592601776123047, 0.6847137212753296, 0.6811402440071106),
            ["LeftLowerArm"] = CFrame.new(-9.834766387939453e-07, 0.0000015497207641601562, 5.513429641723633e-07, 1, -5.960462345910855e-08, 8.568174081347024e-08, 5.2154039309471045e-08, -0.21644197404384613, -0.976295530796051, 1.1920923270736239e-07, 0.9762954711914062, -0.2164420485496521),
            ["RightUpperArm"] = CFrame.new(2.384185791015625e-07, -2.384185791015625e-07, -1.341104507446289e-07, 0.7347014546394348, -0.2502058446407318, 0.6305638551712036, 0.08763854950666428, 0.9567170739173889, 0.2775104343891144, -0.672705888748169, -0.14862564206123352, 0.7248290777206421),
            ["Head"] = CFrame.new(2.2351741790771484e-08, 9.5367431640625e-07, -3.4691765904426575e-08, 0.991511344909668, 0.12015901505947113, 0.04967017471790314, -0.12379740178585052, 0.9892244935035706, 0.07816096395254135, -0.03974320739507675, -0.08364652097225189, 0.9957026243209839),
            ["RightHand"] = CFrame.new(0.0000012814998626708984, -4.172325134277344e-07, -9.834766387939453e-07, 0.9831593632698059, -0.13950560986995697, -0.1180507093667984, 0.14008738100528717, 0.9901334047317505, -0.0033956144470721483, 0.11735962331295013, -0.01319895125925541, 0.9930018186569214),
            ["UpperTorso"] = CFrame.new(2.4097971618175507e-07, 2.086162567138672e-07, -5.587935447692871e-09, 0.974822998046875, -0.22222916781902313, 0.01828765869140625, 0.22219423949718475, 0.9749944806098938, 0.003946838900446892, -0.01870747096836567, 0.0002159355499316007, 0.9998250007629395),
            ["HumanoidRootPart"] = CFrame.new(0, 0, 0, 1, 0, 0, 0, 1, 0, 0, 0, 1),
            ["RightUpperLeg"] = CFrame.new(0, -3.925524652004242e-07, -7.992639439180493e-08, 0.9153721928596497, -0.1949092596769333, -0.3522849977016449, 0.21239563822746277, 0.977118730545044, 0.01127443928271532, 0.3420262932777405, -0.08514390140771866, 0.9358249306678772),
            ["LeftUpperArm"] = CFrame.new(2.980232238769531e-07, -1.1920928955078125e-07, -2.1327286958694458e-07, 0.3778754472732544, 0.8069286942481995, -0.45395627617836, -0.25559207797050476, 0.5621728897094727, 0.7865331768989563, 0.88987797498703, -0.18118400871753693, 0.41867586970329285),
            ["RightLowerArm"] = CFrame.new(1.7881393432617188e-07, -3.5762786865234375e-07, 7.599592208862305e-07, 1, -3.4575339924458603e-08, 2.2351747119842003e-08, 1.1175883329883618e-08, 0.8903229236602783, -0.4553297460079193, -1.8626471032234804e-08, 0.4553297758102417, 0.8903229832649231),
            ["LeftHand"] = CFrame.new(-1.1920928955078125e-07, 5.960464477539063e-08, -1.7881393432617188e-07, 0.1987660974264145, -0.9084084630012512, 0.3678125739097595, 0.9312183856964111, 0.058072563260793686, -0.3598054349422455, 0.3054904043674469, 0.4140309989452362, 0.8574695587158203),
            ["LeftFoot"] = CFrame.new(-1.382431946694851e-09, 5.960464477539063e-08, -1.862645149230957e-08, 0.9553789496421814, 0.14748437702655792, 0.2559286653995514, -0.06876158714294434, 0.9536719918251038, -0.2928846776485443, -0.28726840019226074, 0.2622177302837372, 0.9212595820426941),
            ["LowerTorso"] = CFrame.new(-0.00017060409300029278, -0.16378700733184814, -0.08386284857988358, 0.9821996688842773, 0.16780033707618713, -0.08442050963640213, -0.17556509375572205, 0.9798778295516968, -0.09495533257722855, 0.06678824126720428, 0.10808641463518143, 0.9918954968452454),
            ["RightLowerLeg"] = CFrame.new(9.313225746154785e-09, -0.0000037550926208496094, -0.00001326033816440031, 1, -1.126900315284729e-07, -4.0978221704790485e-08, 1.0780057380088692e-07, 0.690126359462738, 0.723688542842865, -2.97295592588398e-08, -0.7236889004707336, 0.6901268362998962),
            ["LeftUpperLeg"] = CFrame.new(2.384185791015625e-07, -3.632158041000366e-08, -3.8370490074157715e-07, 0.9451798796653748, -0.29243606328964233, 0.1453150063753128, 0.3110783100128174, 0.9416853785514832, -0.12829118967056274, -0.09932385385036469, 0.16646304726600647, 0.9810326099395752),
            ["LeftLowerLeg"] = CFrame.new(7.636845111846924e-08, 0.000004112720489501953, 0.00001336168497800827, 1, 7.759077647051527e-08, 2.0139845346989205e-08, -3.6961861127338125e-08, 0.8608665466308594, 0.5088300704956055, 1.2340022337298251e-08, -0.5088308453559875, 0.8608669638633728),
        }},
        {Time = 0.067, Data = {
            ["RightFoot"] = CFrame.new(-3.67872416973114e-08, 2.384185791015625e-07, 6.875052349641919e-08, 0.9258649945259094, 0.04297971352934837, -0.3754009008407593, -0.2846059501171112, 0.7328282594680786, -0.6180310249328613, 0.2485426813364029, 0.6790549159049988, 0.6907328367233276),
            ["LeftLowerArm"] = CFrame.new(-0.0000011622905731201172, 0.0000020265579223632812, 3.129243850708008e-07, 1, -1.0430806440808738e-07, 4.4703490686970326e-08, 7.07804588273575e-08, -0.23375733196735382, -0.9722949862480164, 8.940689610881236e-08, 0.9722950458526611, -0.23375725746154785),
            ["RightUpperArm"] = CFrame.new(1.1920928955078125e-07, 5.960464477539062e-07, -1.043081283569336e-07, 0.737454891204834, -0.25673842430114746, 0.6246964335441589, 0.09750226140022278, 0.9557133913040161, 0.27767857909202576, -0.6683215498924255, -0.1438661366701126, 0.7298281192779541),
            ["Head"] = CFrame.new(0, 8.344650268554688e-07, -5.820766091346741e-08, 0.9906790256500244, 0.13019107282161713, 0.04006623476743698, -0.13299301266670227, 0.9880592823028564, 0.07779386639595032, -0.029459739103913307, -0.08239728212356567, 0.996164083480835),
            ["RightHand"] = CFrame.new(0.0000013560056686401367, -5.960464477539063e-08, -0.000001043081283569336, 0.9848510026931763, -0.1252075582742691, -0.11996547877788544, 0.12598861753940582, 0.9920310974121094, -0.00108162104152143, 0.1191449761390686, -0.014049039222300053, 0.9927775859832764),
            ["UpperTorso"] = CFrame.new(1.4365650713443756e-07, -1.1920928955078125e-07, -1.0710209608078003e-08, 0.974707841873169, -0.22262883186340332, 0.01952347904443741, 0.22263383865356445, 0.9749001860618591, 0.001944175222888589, -0.01946626976132393, 0.0024515932891517878, 0.9998075366020203),
            ["HumanoidRootPart"] = CFrame.new(0, 0, 0, 1, 0, 0, 0, 1, 0, 0, 0, 1),
            ["RightUpperLeg"] = CFrame.new(-8.940696716308594e-08, -0.0000013420358300209045, -2.7772330213338137e-08, 0.9159848690032959, -0.20471987128257751, -0.3450539708137512, 0.2163456529378891, 0.9763044118881226, -0.004924645647406578, 0.3378850519657135, -0.07013954967260361, 0.9385699033737183),
            ["LeftUpperArm"] = CFrame.new(2.384185791015625e-07, 0, -2.4354085326194763e-07, 0.35947200655937195, 0.8162990212440491, -0.45214593410491943, -0.25150066614151, 0.5513554811477661, 0.7954587936401367, 0.8986251950263977, -0.1722300946712494, 0.4034965932369232),
            ["RightLowerArm"] = CFrame.new(-5.960464477539063e-08, 5.960464477539063e-08, 9.685754776000977e-07, 1, -5.774193923002713e-08, -1.8626444386882213e-08, 2.9802340151263707e-08, 0.8975492715835571, -0.44091418385505676, -2.6077048076444953e-08, 0.44091421365737915, 0.8975492715835571),
            ["LeftHand"] = CFrame.new(-4.172325134277344e-07, 1.1920928955078125e-07, -4.284083843231201e-07, 0.21409417688846588, -0.9198369979858398, 0.3287302255630493, 0.9377411603927612, 0.0993138998746872, -0.3328337073326111, 0.2735053300857544, 0.37952178716659546, 0.8838315010070801),
            ["LeftFoot"] = CFrame.new(2.514570951461792e-08, 1.1920928955078125e-07, 9.313225746154785e-09, 0.9541264772415161, 0.1476503163576126, 0.26046454906463623, -0.06613820046186447, 0.9523941874504089, -0.2976086735725403, -0.29200756549835205, 0.2667296826839447, 0.9184701442718506),
            ["LowerTorso"] = CFrame.new(-0.0002481628907844424, -0.16378748416900635, -0.08740058541297913, 0.9818758368492126, 0.16726550459861755, -0.08911870419979095, -0.1753319799900055, 0.9801995754241943, -0.09201975911855698, 0.071962371468544, 0.10597734153270721, 0.9917612075805664),
            ["RightLowerLeg"] = CFrame.new(1.4901161193847656e-08, -0.000003814697265625, -0.00001334043190581724, 1, -1.5646214990283625e-07, -1.490117540470237e-08, 9.406359424701805e-08, 0.6753526926040649, 0.737494170665741, -3.05008178713706e-08, -0.7374948859214783, 0.6753536462783813),
            ["LeftUpperLeg"] = CFrame.new(3.5762786865234375e-07, -7.292255759239197e-07, -3.241002559661865e-07, 0.9452977180480957, -0.29257142543792725, 0.14427243173122406, 0.31098729372024536, 0.9417833089828491, -0.1277923434972763, -0.09848462790250778, 0.1656690537929535, 0.9812516570091248),
            ["LeftLowerLeg"] = CFrame.new(4.71482053399086e-08, 0.0000037550926208496094, 0.000013294629752635956, 1, 6.507614358497449e-08, 2.817249722397719e-08, -1.8742866814136505e-08, 0.860801637172699, 0.5089394450187683, 1.6530975699424744e-08, -0.508940577507019, 0.860802412033081),
        }},
        {Time = 0.100, Data = {
            ["RightFoot"] = CFrame.new(-1.6298145055770874e-08, 2.384185791015625e-07, 5.3849362302571535e-08, 0.9298050403594971, 0.04947057366371155, -0.3647117018699646, -0.2809835374355316, 0.7354364991188049, -0.6165883541107178, 0.2377203404903412, 0.6757853031158447, 0.6977136731147766),
            ["LeftLowerArm"] = CFrame.new(-0.0000012218952178955078, 0.0000013709068298339844, 8.046627044677734e-07, 1, -1.1920920428565296e-07, 7.07805440924858e-08, 5.9604587931971764e-08, -0.2508958578109741, -0.968014121055603, 1.0430802888095059e-07, 0.9680140614509583, -0.25089582800865173),
            ["RightUpperArm"] = CFrame.new(4.76837158203125e-07, 9.5367431640625e-07, -1.341104507446289e-07, 0.7406945824623108, -0.26291194558143616, 0.6182627081871033, 0.10842840373516083, 0.9549663066864014, 0.27619287371635437, -0.6630345582962036, -0.13753743469715118, 0.7358456254005432),
            ["Head"] = CFrame.new(2.1886080503463745e-08, 0.0000017881393432617188, -3.597233444452286e-08, 0.9896154999732971, 0.14065611362457275, 0.029617805033922195, -0.1425350159406662, 0.9868885278701782, 0.07572980225086212, -0.018577611073851585, -0.07916493713855743, 0.9966884255409241),
            ["RightHand"] = CFrame.new(0.0000012218952178955078, 1.1920928955078125e-07, -9.5367431640625e-07, 0.9871214628219604, -0.1023573949933052, -0.12293994426727295, 0.10346755385398865, 0.9946293830871582, 0.0026627362240105867, 0.12200714647769928, -0.015348751097917557, 0.9924106001853943),
            ["UpperTorso"] = CFrame.new(1.4039687812328339e-07, 1.7881393432617188e-07, -3.3527612686157227e-08, 0.9745502471923828, -0.22316604852676392, 0.021183623000979424, 0.22317512333393097, 0.9747763872146606, 0.0019668869208544493, -0.02108822390437126, 0.002810815582051873, 0.9997736811637878),
            ["HumanoidRootPart"] = CFrame.new(0, 0, 0, 1, 0, 0, 0, 1, 0, 0, 0, 1),
            ["RightUpperLeg"] = CFrame.new(-5.960464477539063e-08, -8.945353329181671e-07, -3.5222910810261965e-08, 0.9164103865623474, -0.21207594871520996, -0.3394354581832886, 0.22012080252170563, 0.9753555655479431, -0.015108240768313408, 0.33427363634109497, -0.06087106838822365, 0.9405080676078796),
            ["LeftUpperArm"] = CFrame.new(3.5762786865234375e-07, 1.1920928955078125e-07, -2.3189932107925415e-07, 0.34011444449424744, 0.8255809545516968, -0.450264573097229, -0.2488885521888733, 0.5407626032829285, 0.8035113215446472, 0.9068499207496643, -0.16122008860111237, 0.3893987834453583),
            ["RightLowerArm"] = CFrame.new(6.556510925292969e-07, 5.960464477539062e-07, 8.344650268554688e-07, 1, -1.8626435505098016e-08, 4.842878098543224e-08, 1.8626471032234804e-08, 0.9047120809555054, -0.42602360248565674, -1.490117718105921e-08, 0.42602360248565674, 0.9047120809555054),
            ["LeftHand"] = CFrame.new(-4.470348358154297e-07, 4.172325134277344e-07, -9.313225746154785e-08, 0.23809197545051575, -0.9322999715805054, 0.27226677536964417, 0.9440407752990723, 0.1562642604112625, -0.2904629409313202, 0.22825293242931366, 0.32618778944015503, 0.917334258556366),
            ["LeftFoot"] = CFrame.new(-1.234002411365509e-08, -5.960464477539063e-08, -3.3527612686157227e-08, 0.9528259038925171, 0.14800214767456055, 0.2649867832660675, -0.06397982686758041, 0.9513767957687378, -0.30131208896636963, -0.2966976761817932, 0.2701438367366791, 0.9159656763076782),
            ["LowerTorso"] = CFrame.new(0.00018564263882581145, -0.16378724575042725, -0.09041821211576462, 0.9816386103630066, 0.16661614179611206, -0.09286924451589584, -0.17499840259552002, 0.9803648591041565, -0.09088697284460068, 0.07590250670909882, 0.10547012835741043, 0.9915215373039246),
            ["RightLowerLeg"] = CFrame.new(-5.029141902923584e-08, -0.0000036954879760742188, -0.000013334843970369548, 1, -1.4342366227992898e-07, -4.656617136333807e-08, 1.0710209608078003e-07, 0.6646474003791809, 0.7471563816070557, -3.1082890927791595e-08, -0.7471572756767273, 0.6646482944488525),
            ["LeftUpperLeg"] = CFrame.new(2.086162567138672e-07, -6.472691893577576e-07, -3.166496753692627e-07, 0.9455617666244507, -0.29265329241752625, 0.14236289262771606, 0.3106622099876404, 0.9420090317726135, -0.12691664695739746, -0.0969642698764801, 0.16423502564430237, 0.9816440343856812),
            ["LeftLowerLeg"] = CFrame.new(6.28642737865448e-09, 0.0000036954879760742188, 0.00001327507197856903, 1, 5.797479474267675e-08, 1.1175865566315224e-08, -4.749744419996205e-08, 0.8604749441146851, 0.5094916224479675, 8.381902283360887e-09, -0.5094926357269287, 0.8604755997657776),
        }},
        {Time = 0.133, Data = {
            ["RightFoot"] = CFrame.new(6.05359673500061e-08, 1.7881393432617188e-07, 9.145878721028566e-09, 0.9336679577827454, 0.05666333809494972, -0.3536282479763031, -0.2774021625518799, 0.7389485239982605, -0.6140058040618896, 0.2265220433473587, 0.6713749170303345, 0.7056514620780945),
            ["LeftLowerArm"] = CFrame.new(-0.0000012814998626708984, 0.0000022649765014648438, 4.917383193969727e-07, 1, -8.940692453052179e-08, 1.043081780949251e-07, 7.078043751107543e-08, -0.26804715394973755, -0.9634059071540833, 1.3411030863608175e-07, 0.9634058475494385, -0.26804715394973755),
            ["RightUpperArm"] = CFrame.new(3.5762786865234375e-07, 3.5762786865234375e-07, -1.1920928955078125e-07, 0.7441447973251343, -0.26889944076538086, 0.6115076541900635, 0.12040897458791733, 0.9544042944908142, 0.27315616607666016, -0.6570770740509033, -0.129636749625206, 0.7425928711891174),
            ["Head"] = CFrame.new(8.847564458847046e-09, 0.000001430511474609375, -7.450580596923828e-08, 0.9883089065551758, 0.1513269692659378, 0.018591826781630516, -0.15228413045406342, 0.9857053756713867, 0.07207297533750534, -0.0074194855988025665, -0.07406160980463028, 0.9972260594367981),
            ["RightHand"] = CFrame.new(0.0000011920928955078125, -2.384185791015625e-07, -0.0000011473894119262695, 0.9893346428871155, -0.07174821197986603, -0.1267641931772232, 0.0733194574713707, 0.9972783327102661, 0.007766992785036564, 0.12586192786693573, -0.016978440806269646, 0.9919025301933289),
            ["UpperTorso"] = CFrame.new(1.8440186977386475e-07, 8.940696716308594e-08, -3.818422555923462e-08, 0.9743278622627258, -0.2239568531513214, 0.022991465404629707, 0.22392961382865906, 0.9745979905128479, 0.0037855408154428005, -0.023255251348018646, 0.0014601120492443442, 0.9997285008430481),
            ["HumanoidRootPart"] = CFrame.new(0, 0, 0, 1, 0, 0, 0, 1, 0, 0, 0, 1),
            ["RightUpperLeg"] = CFrame.new(-2.9802322387695312e-08, -0.0000010281801223754883, -5.757465260103345e-08, 0.9166738986968994, -0.21939410269260406, -0.3340294659137726, 0.22437356412410736, 0.9742047190666199, -0.02412145771086216, 0.33070456981658936, -0.052835505455732346, 0.9422540068626404),
            ["LeftUpperArm"] = CFrame.new(2.384185791015625e-07, 5.960464477539062e-07, -2.3189932107925415e-07, 0.3201605975627899, 0.8347930312156677, -0.4479037821292877, -0.24764946103096008, 0.5300981998443604, 0.810965895652771, 0.9144216179847717, -0.14871624112129211, 0.37645256519317627),
            ["RightLowerArm"] = CFrame.new(1.7881393432617188e-07, 4.76837158203125e-07, 7.897615432739258e-07, 1, -7.45057615603173e-09, -1.862645149230957e-08, 7.450585925994346e-09, 0.911638081073761, -0.41099390387535095, 6.332997770641668e-08, 0.41099387407302856, 0.911638081073761),
            ["LeftHand"] = CFrame.new(-2.682209014892578e-07, -1.7881393432617188e-07, 1.1175870895385742e-07, 0.2689139246940613, -0.9408479928970337, 0.2061319649219513, 0.9468097686767578, 0.2189514935016632, -0.23582075536251068, 0.1767386645078659, 0.2585832178592682, 0.9496831893920898),
            ["LeftFoot"] = CFrame.new(-6.810296326875687e-09, -5.960464477539063e-08, 1.1175870895385742e-08, 0.9520924687385559, 0.14827241003513336, 0.2674601674079895, -0.061985887587070465, 0.9500104188919067, -0.3060031533241272, -0.2994624376296997, 0.27476462721824646, 0.9136887192726135),
            ["LowerTorso"] = CFrame.new(0.0009425927419215441, -0.163824200630188, -0.09406693279743195, 0.981440544128418, 0.1655234545469284, -0.09683253616094589, -0.17433753609657288, 0.9804731607437134, -0.09098801761865616, 0.07988105714321136, 0.10618086904287338, 0.9911330342292786),
            ["RightLowerLeg"] = CFrame.new(1.4901161193847656e-08, -0.0000036954879760742188, -0.000013297591067384928, 1, -1.154839708306099e-07, -7.078055830334051e-08, 1.1455266246684914e-07, 0.6538636088371277, 0.7566120624542236, -9.546054968723183e-08, -0.7566124200820923, 0.6538642644882202),
            ["LeftUpperLeg"] = CFrame.new(1.1920928955078125e-07, -8.568167686462402e-07, -3.8743019104003906e-07, 0.9457939267158508, -0.2918250262737274, 0.14252068102359772, 0.3096091151237488, 0.942696213722229, -0.12436149269342422, -0.09806174039840698, 0.1617465317249298, 0.9819481372833252),
            ["LeftLowerLeg"] = CFrame.new(1.3015232980251312e-07, 0.000003814697265625, 0.000013287179172039032, 1, 3.934836456664925e-08, 1.1175869119028903e-08, -4.0745359086713506e-08, 0.8596252799034119, 0.5109242796897888, 2.7008351111135198e-08, -0.5109251141548157, 0.8596256971359253),
        }},
        {Time = 0.167, Data = {
            ["RightFoot"] = CFrame.new(-1.862645149230957e-09, 2.980232238769531e-07, -2.8107024263590574e-08, 0.9373372197151184, 0.06484861671924591, -0.3423348367214203, -0.27399957180023193, 0.7441198229789734, -0.6092700958251953, 0.21522857248783112, 0.6648913025856018, 0.7152601480484009),
            ["LeftLowerArm"] = CFrame.new(-9.5367431640625e-07, 0.0000016093254089355469, -5.811452865600586e-07, 1, -8.940691031966708e-08, 1.2665992699112394e-07, 9.126951283633389e-08, -0.28491437435150146, -0.9585530757904053, 1.0430801467009587e-07, 0.9585529565811157, -0.28491443395614624),
            ["RightUpperArm"] = CFrame.new(2.384185791015625e-07, -2.384185791015625e-07, -8.195638656616211e-08, 0.7478811740875244, -0.2742610573768616, 0.6045284867286682, 0.1332789659500122, 0.954156756401062, 0.2679959535598755, -0.6503157019615173, -0.11985822021961212, 0.7501489520072937),
            ["Head"] = CFrame.new(-1.257285475730896e-08, 0.0000011920928955078125, -9.220093488693237e-08, 0.9866440892219543, 0.16273343563079834, 0.007168164011090994, -0.1628488153219223, 0.9844268560409546, 0.06621337682008743, 0.003718618769198656, -0.0664963647723198, 0.9977797269821167),
            ["RightHand"] = CFrame.new(0.000001430511474609375, 0, -0.0000010132789611816406, 0.9907647371292114, -0.03419659286737442, -0.1312095820903778, 0.03636496141552925, 0.9992382526397705, 0.0141655458137393, 0.13062524795532227, -0.018806137144565582, 0.9912534952163696),
            ["UpperTorso"] = CFrame.new(1.0896474123001099e-07, 5.960464477539063e-08, -5.448237061500549e-08, 0.9739332795143127, -0.22549356520175934, 0.024632325395941734, 0.22536598145961761, 0.9742424488067627, 0.007874800823628902, -0.025773560628294945, -0.002118248725309968, 0.9996655583381653),
            ["HumanoidRootPart"] = CFrame.new(0, 0, 0, 1, 0, 0, 0, 1, 0, 0, 0, 1),
            ["RightUpperLeg"] = CFrame.new(-1.4901161193847656e-07, -7.408671081066132e-07, -7.24758137948811e-08, 0.9167715311050415, -0.2281426191329956, -0.32784396409988403, 0.22955048084259033, 0.9726686477661133, -0.03496094420552254, 0.3268589377403259, -0.0432051345705986, 0.9440848231315613),
            ["LeftUpperArm"] = CFrame.new(1.1920928955078125e-07, -5.960464477539062e-07, -2.4400651454925537e-07, 0.29962337017059326, 0.844308614730835, -0.44426223635673523, -0.24832157790660858, 0.5186207890510559, 0.8181496858596802, 0.9211744070053101, -0.13481688499450684, 0.36505094170570374),
            ["RightLowerArm"] = CFrame.new(4.76837158203125e-07, -8.940696716308594e-07, 7.82310962677002e-07, 1, -5.21540464148984e-08, 2.60770320892334e-08, 1.8626469255877964e-08, 0.9182759523391724, -0.3959409296512604, 4.842882006528271e-08, 0.39594098925590515, 0.9182760119438171),
            ["LeftHand"] = CFrame.new(-2.086162567138672e-07, -2.384185791015625e-07, -3.725290298461914e-08, 0.30336734652519226, -0.9427723288536072, 0.1383785605430603, 0.9445250630378723, 0.2783398926258087, -0.17435404658317566, 0.12585978209972382, 0.18359531462192535, 0.9749113917350769),
            ["LeftFoot"] = CFrame.new(-1.57160684466362e-08, 0, -1.955777406692505e-08, 0.9517602920532227, 0.14853455126285553, 0.2684953212738037, -0.06025591120123863, 0.9484636783599854, -0.3111044764518738, -0.3008682131767273, 0.2799183428287506, 0.9116602540016174),
            ["LowerTorso"] = CFrame.new(0.0015913544921204448, -0.1641789674758911, -0.09800238907337189, 0.9811832308769226, 0.16454465687274933, -0.10101816058158875, -0.1739083081483841, 0.980440080165863, -0.09215905517339706, 0.08387797325849533, 0.10799282044172287, 0.990606963634491),
            ["RightLowerLeg"] = CFrame.new(-2.60770320892334e-08, -0.000003874301910400391, -0.000013297591067384928, 1, -8.754430069757291e-08, -1.5087438498539996e-07, 1.1548399925231934e-07, 0.6399253606796265, 0.7684364914894104, -3.3993273973464966e-08, -0.7684370279312134, 0.6399261355400085),
            ["LeftUpperLeg"] = CFrame.new(2.384185791015625e-07, -4.3492764234542847e-07, -3.762543201446533e-07, 0.9457980394363403, -0.2909772992134094, 0.1442164033651352, 0.30863866209983826, 0.9435274004936218, -0.12040790915489197, -0.10103590786457062, 0.15839263796806335, 0.9821932911872864),
            ["LeftLowerLeg"] = CFrame.new(6.239861249923706e-08, 0.0000036954879760742188, 0.000013413839042186737, 1, 2.7706839489383128e-08, -3.7252885221050747e-09, -1.769513069405093e-08, 0.8584945797920227, 0.5128215551376343, 7.450581485102248e-09, -0.512822687625885, 0.8584952354431152),
        }},
        {Time = 0.200, Data = {
            ["RightFoot"] = CFrame.new(-3.073364496231079e-08, 2.980232238769531e-07, -5.75528247281909e-09, 0.9407909512519836, 0.07338413596153259, -0.33094748854637146, -0.27123942971229553, 0.7485408782958984, -0.605074942111969, 0.2033260464668274, 0.6590155363082886, 0.724125862121582),
            ["LeftLowerArm"] = CFrame.new(-8.046627044677734e-07, 0.0000019669532775878906, 4.76837158203125e-07, 1, -8.940689610881236e-08, 8.195636524988004e-08, 8.288761677022194e-08, -0.3016856908798218, -0.9534074664115906, 1.3411030863608175e-07, 0.9534074664115906, -0.3016856908798218),
            ["RightUpperArm"] = CFrame.new(2.384185791015625e-07, 1.1920928955078125e-07, -1.4901161193847656e-07, 0.7515319585800171, -0.27904123067855835, 0.5977758765220642, 0.14743578433990479, 0.9542619585990906, 0.26009029150009155, -0.6430106163024902, -0.10733260214328766, 0.7582988142967224),
            ["Head"] = CFrame.new(6.51925802230835e-09, 8.344650268554688e-07, -4.7497451305389404e-08, 0.9845640063285828, 0.17497563362121582, -0.004162479192018509, -0.17445261776447296, 0.9829877614974976, 0.05745749920606613, 0.0141453193500638, -0.055844422429800034, 0.9983393549919128),
            ["RightHand"] = CFrame.new(0.0000012069940567016602, 1.7881393432617188e-07, -0.0000010132789611816406, 0.9906587600708008, 0.00943252258002758, -0.13603752851486206, -0.0065272776409983635, 0.9997413158416748, 0.021786648780107498, 0.13620780408382416, -0.020695170387625694, 0.9904640913009644),
            ["UpperTorso"] = CFrame.new(1.41095370054245e-07, 2.682209014892578e-07, -4.563480615615845e-08, 0.9733338952064514, -0.22796304523944855, 0.02557629905641079, 0.22763924300670624, 0.9736305475234985, 0.014967713505029678, -0.02831396274268627, -0.00874639954417944, 0.9995608329772949),
            ["HumanoidRootPart"] = CFrame.new(0, 0, 0, 1, 0, 0, 0, 1, 0, 0, 0, 1),
            ["RightUpperLeg"] = CFrame.new(-2.9802322387695312e-08, -0.0000010775402188301086, -2.032174961641431e-08, 0.9167444705963135, -0.23755763471126556, -0.3211645781993866, 0.23562724888324738, 0.9707788228988647, -0.04547683522105217, 0.3225824236869812, -0.0339842326939106, 0.9459308385848999),
            ["LeftUpperArm"] = CFrame.new(1.7881393432617188e-07, -1.1920928955078125e-07, -2.123415470123291e-07, 0.2789131700992584, 0.8542407155036926, -0.4387257993221283, -0.2516806423664093, 0.5059099197387695, 0.8250527381896973, 0.9267494082450867, -0.11969926208257675, 0.35610082745552063),
            ["RightLowerArm"] = CFrame.new(5.960464477539063e-08, 9.5367431640625e-07, 8.344650268554688e-07, 1, 0, 1.4901162970204496e-08, 2.980235080940474e-08, 0.9244412183761597, -0.38132479786872864, -1.8626469255877964e-08, 0.38132476806640625, 0.9244412183761597),
            ["LeftHand"] = CFrame.new(-2.980232238769531e-07, -2.384185791015625e-07, -5.438923835754395e-07, 0.3369918465614319, -0.9383922219276428, 0.07652870565652847, 0.937965452671051, 0.327568918466568, -0.11366458237171173, 0.08159338682889938, 0.11008527129888535, 0.9905673861503601),
            ["LeftFoot"] = CFrame.new(-2.9278453439474106e-08, -1.7881393432617188e-07, -7.450580596923828e-09, 0.9514774680137634, 0.14886045455932617, 0.26931560039520264, -0.05873081460595131, 0.94696444272995, -0.31592580676078796, -0.30206188559532166, 0.28477904200553894, 0.9097582101821899),
            ["LowerTorso"] = CFrame.new(0.001683464739471674, -0.16496026515960693, -0.1015956699848175, 0.9808622598648071, 0.16389182209968567, -0.10511255264282227, -0.17388170957565308, 0.9802536368370056, -0.09417056292295456, 0.08760316669940948, 0.11064551025629044, 0.9899915456771851),
            ["RightLowerLeg"] = CFrame.new(1.1175870895385742e-08, -0.0000037550926208496094, -0.000013297591067384928, 1, -1.2107190627830278e-07, -8.568176212975231e-08, 1.3038514623531228e-07, 0.6251665949821472, 0.7804908156394958, -5.960463766996327e-08, -0.7804913520812988, 0.6251673698425293),
            ["LeftUpperLeg"] = CFrame.new(1.1920928955078125e-07, -4.209578037261963e-07, -3.166496753692627e-07, 0.9455270171165466, -0.29075586795806885, 0.14642433822155, 0.30830127000808716, 0.9441967606544495, -0.11594144999980927, -0.10454240441322327, 0.1547688990831375, 0.9824039936065674),
            ["LeftLowerLeg"] = CFrame.new(1.19674950838089e-07, 0.000003635883331298828, 0.000013444572687149048, 1, 1.396983329016166e-08, -3.7252889661942845e-09, -9.080395102500916e-09, 0.8572825789451599, 0.5148454308509827, 1.3969838619232178e-08, -0.5148463249206543, 0.8572831153869629),
        }},
        {Time = 0.233, Data = {
            ["RightFoot"] = CFrame.new(-3.818422555923462e-08, 2.384185791015625e-07, 7.620110409334302e-08, 0.9440722465515137, 0.08232609927654266, -0.31929510831832886, -0.2685343027114868, 0.7539026141166687, -0.5996002554893494, 0.19135543704032898, 0.6518077254295349, 0.7338462471961975),
            ["LeftLowerArm"] = CFrame.new(-0.000001043081283569336, 0.0000012516975402832031, 6.407499313354492e-07, 1, -5.960462345910855e-08, 9.685758328714655e-08, 1.0430806440808738e-07, -0.31815823912620544, -0.9480377435684204, 1.117586450050112e-07, 0.9480376839637756, -0.3181580901145935),
            ["RightUpperArm"] = CFrame.new(1.1920928955078125e-07, 4.76837158203125e-07, -1.1920928955078125e-07, 0.7547367215156555, -0.28416708111763, 0.5912880301475525, 0.16407287120819092, 0.9544355273246765, 0.24926480650901794, -0.635179340839386, -0.09111496061086655, 0.7669715881347656),
            ["Head"] = CFrame.new(1.30385160446167e-08, 0.0000017881393432617188, -6.076879799365997e-08, 0.982246458530426, 0.1869867444038391, -0.015096211805939674, -0.1861562728881836, 0.981499195098877, 0.04478038474917412, 0.023190254345536232, -0.04117512330412865, 0.9988828897476196),
            ["RightHand"] = CFrame.new(0.0000010281801223754883, -5.960464477539062e-07, -0.0000010132789611816406, 0.9882863759994507, 0.058225300163030624, -0.14106710255146027, -0.05443893000483513, 0.9980494976043701, 0.030556008219718933, 0.14257116615772247, -0.022518543526530266, 0.9895283579826355),
            ["UpperTorso"] = CFrame.new(1.0663643479347229e-07, 4.172325134277344e-07, -5.2619725465774536e-08, 0.9727131724357605, -0.23064962029457092, 0.025099439546465874, 0.2300126701593399, 0.9728435277938843, 0.025880586355924606, -0.030387159436941147, -0.019401194527745247, 0.9993499517440796),
            ["HumanoidRootPart"] = CFrame.new(0, 0, 0, 1, 0, 0, 0, 1, 0, 0, 0, 1),
            ["RightUpperLeg"] = CFrame.new(-1.1920928955078125e-07, -0.0000012093223631381989, -9.110226528719068e-08, 0.9167260527610779, -0.24732351303100586, -0.3137591779232025, 0.24184519052505493, 0.9686433672904968, -0.056929703801870346, 0.3180003762245178, -0.023692000657320023, 0.9477944374084473),
            ["LeftUpperArm"] = CFrame.new(2.384185791015625e-07, 0, -2.086162567138672e-07, 0.25874993205070496, 0.8641842007637024, -0.4315486550331116, -0.25828635692596436, 0.4923948347568512, 0.8311651945114136, 0.9307721257209778, -0.10360077768564224, 0.350614070892334),
            ["RightLowerArm"] = CFrame.new(-9.5367431640625e-07, 8.344650268554688e-07, 8.344650268554688e-07, 1, -3.7252863904768674e-08, -5.960464477539063e-08, 2.7939700331103268e-08, 0.9300915002822876, -0.3673279881477356, -2.235175955433988e-08, 0.367328017950058, 0.9300915598869324),
            ["LeftHand"] = CFrame.new(-7.450580596923828e-08, 5.960464477539062e-07, 2.1606683731079102e-07, 0.3663550913333893, -0.929945170879364, 0.03140103444457054, 0.929210901260376, 0.3638903498649597, -0.0644279196858406, 0.048487886786460876, 0.05278169363737106, 0.997428297996521),
            ["LeftFoot"] = CFrame.new(-3.1257513910532e-08, 0, 2.0489096641540527e-08, 0.9508097767829895, 0.14950653910636902, 0.27130866050720215, -0.05728176236152649, 0.945576548576355, -0.3203180730342865, -0.3044332265853882, 0.28902068734169006, 0.9076276421546936),
            ["LowerTorso"] = CFrame.new(0.001136898878030479, -0.16587793827056885, -0.10419519990682602, 0.9805948734283447, 0.16281743347644806, -0.10919827222824097, -0.17353825271129608, 0.9800267815589905, -0.09711956977844238, 0.09120447188615799, 0.11418503522872925, 0.9892641305923462),
            ["RightLowerLeg"] = CFrame.new(-3.3527612686157227e-08, -0.000003814697265625, -0.000013327393389772624, 1, -1.0803343286625022e-07, -5.587938289863814e-08, 1.0803340444454079e-07, 0.6089901328086853, 0.7931776642799377, -1.0384245285877114e-07, -0.7931778430938721, 0.6089903712272644),
            ["LeftUpperLeg"] = CFrame.new(2.682209014892578e-07, -7.562339305877686e-07, -4.3585896492004395e-07, 0.9453603625297546, -0.29076290130615234, 0.14748266339302063, 0.30806106328964233, 0.9447377920150757, -0.11210982501506805, -0.10673486441373825, 0.15141817927360535, 0.9826903343200684),
            ["LeftLowerLeg"] = CFrame.new(1.0756775736808777e-07, 0.000003635883331298828, 0.000013364478945732117, 1, 5.075704834212047e-08, 2.4214381610931923e-08, -7.450578820566989e-09, 0.8556716442108154, 0.5175182819366455, 2.1420413887085488e-08, -0.5175190567970276, 0.8556721806526184),
        }},
        {Time = 0.267, Data = {
            ["RightFoot"] = CFrame.new(-6.332993507385254e-08, 3.5762786865234375e-07, -1.3205863069742918e-08, 0.9473041892051697, 0.09225115180015564, -0.3067636489868164, -0.26300445199012756, 0.7706848978996277, -0.5804083347320557, 0.18287546932697296, 0.6305034756660461, 0.7543357014656067),
            ["LeftLowerArm"] = CFrame.new(-0.0000011920928955078125, 0.0000017881393432617188, 4.470348358154297e-08, 1, -1.3411033705779118e-07, 8.940695295223122e-08, 8.381893934483742e-08, -0.33220988512039185, -0.9432055354118347, 1.1920916165308881e-07, 0.9432055354118347, -0.3322097361087799),
            ["RightUpperArm"] = CFrame.new(1.1920928955078125e-07, 3.5762786865234375e-07, -1.341104507446289e-07, 0.7567718625068665, -0.2918578088283539, 0.584906280040741, 0.18488594889640808, 0.9538223147392273, 0.23672838509082794, -0.6269875764846802, -0.07100849598646164, 0.775786280632019),
            ["Head"] = CFrame.new(4.0279701352119446e-08, 0.000001430511474609375, -7.566995918750763e-08, 0.9801599383354187, 0.19660575687885284, -0.025155799463391304, -0.19589971005916595, 0.9802238941192627, 0.028010215610265732, 0.03016526624560356, -0.02252648025751114, 0.9992911219596863),
            ["RightHand"] = CFrame.new(0.0000014603137969970703, -1.1920928955078125e-07, -0.0000011622905731201172, 0.9830102324485779, 0.1111869290471077, -0.146042138338089, -0.10637716203927994, 0.9935061931610107, 0.04036523774266243, 0.14958199858665466, -0.024143926799297333, 0.9884545803070068),
            ["UpperTorso"] = CFrame.new(2.0209699869155884e-07, -2.384185791015625e-07, -5.541369318962097e-08, 0.9726548194885254, -0.23114453256130219, 0.022689836099743843, 0.23011600971221924, 0.9723148941993713, 0.0406263992190361, -0.03145222365856171, -0.03429418429732323, 0.998916745185852),
            ["HumanoidRootPart"] = CFrame.new(0, 0, 0, 1, 0, 0, 0, 1, 0, 0, 0, 1),
            ["RightUpperLeg"] = CFrame.new(0, -0.0000015189871191978455, -3.5222910810261965e-08, 0.9169315695762634, -0.2593840956687927, -0.303244024515152, 0.24691228568553925, 0.9657722115516663, -0.07948756963014603, 0.31348198652267456, -0.001989717362448573, 0.9495919942855835),
            ["LeftUpperArm"] = CFrame.new(1.1920928955078125e-07, -2.384185791015625e-07, -2.4586915969848633e-07, 0.24269221723079681, 0.8801687359809875, -0.40792593359947205, -0.264492928981781, 0.46460115909576416, 0.8450971841812134, 0.9333510398864746, -0.0972050204873085, 0.3455534279346466),
            ["RightLowerArm"] = CFrame.new(-5.960464477539062e-07, -0.0000012516975402832031, 8.493661880493164e-07, 1, -1.4901154088420299e-08, -2.2351734685344127e-08, -1.6763824106647007e-08, 0.9351509213447571, -0.35424962639808655, 5.215412102188566e-08, 0.35424962639808655, 0.9351509213447571),
            ["LeftHand"] = CFrame.new(-1.043081283569336e-07, 1.7881393432617188e-07, -5.21540641784668e-08, 0.39377060532569885, -0.9191232919692993, 0.012537400238215923, 0.91871178150177, 0.3930725157260895, -0.03824647143483162, 0.030225034803152084, 0.02657860517501831, 0.9991897344589233),
