return {
    ["Rhythm Dancing"] = {
        {Time = 0.000, Data = {
            ["LeftFoot"] = CFrame.new(-2.8870999813079834e-08, -1.7881393432617188e-07, 2.3283064365386963e-08, 0.9521772861480713, 0.2908661365509033, 0.09357090294361115, -0.3016473948955536, 0.943629264831543, 0.13628201186656952, -0.04865645617246628, -0.15799014270305634, 0.9862412810325623),
            ["LeftLowerArm"] = CFrame.new(-1.1920928955078125e-07, 2.384185791015625e-07, 9.313225746154785e-10, 1, -4.00468671557519e-08, 1.6763808119435453e-08, 2.6077039194660756e-08, 0.9402481317520142, -0.3404901623725891, 2.7939683899802503e-09, 0.3404901921749115, 0.9402481317520142),
            ["LowerTorso"] = CFrame.new(0.025087321177124977, -0.18492341041564941, -0.18072283267974854, 0.994498610496521, -0.01113797351717949, 0.10415580123662949, 0.017900142818689346, 0.9977754950523376, -0.06421602517366409, -0.10320886224508286, 0.06572715193033218, 0.9924857020378113),
            ["Head"] = CFrame.new(1.4901161193847656e-08, 1.1920928955078125e-07, 0, 0.9854027628898621, -0.10754568874835968, -0.1319674849510193, 0.11934523284435272, 0.9892070889472961, 0.08500709384679794, 0.12140102684497833, -0.09951592236757278, 0.9876024127006531),
            ["RightUpperArm"] = CFrame.new(0, 2.384185791015625e-07, -1.4901161193847656e-08, 0.8729353547096252, -0.14320848882198334, -0.4663424789905548, 0.3166683614253998, 0.89350825548172, 0.3183777332305908, 0.3710864186286926, -0.42559903860092163, 0.8253244161605835),
            ["UpperTorso"] = CFrame.new(3.725290298461914e-09, -2.9802322387695312e-08, 0, 0.9857684969902039, 0.11191900074481964, 0.1254376769065857, -0.12374309450387955, 0.9881518483161926, 0.09079475700855255, -0.11378978192806244, -0.10502465069293976, 0.9879381060600281),
            ["HumanoidRootPart"] = CFrame.new(0, 0, 0, 1, 0, 0, 0, 1, 0, 0, 0, 1),
            ["RightHand"] = CFrame.new(2.1606683731079102e-07, -1.7881393432617188e-07, -9.685754776000977e-08, 0.27520087361335754, -0.0258556567132473, -0.9610390067100525, 0.3950275182723999, 0.914394736289978, 0.08851830661296844, 0.8764802813529968, -0.40399715304374695, 0.26185595989227295),
            ["LeftUpperArm"] = CFrame.new(0, 1.1920928955078125e-07, 1.548323780298233e-08, 0.9574957489967346, 0.1527605652809143, -0.24467548727989197, -0.025163261219859123, 0.8892526626586914, 0.45672371983528137, 0.287347674369812, -0.43115413188934326, 0.8552996516227722),
            ["RightLowerArm"] = CFrame.new(-2.9802322387695312e-08, 5.960464477539063e-08, -7.078051567077637e-08, 1, -5.21540641784668e-08, 4.0978196835794733e-08, 5.215407838932151e-08, 0.6491984724998474, -0.7606191039085388, 7.450582373280668e-09, 0.760619044303894, 0.6491984724998474),
            ["LeftHand"] = CFrame.new(-5.774199962615967e-08, 1.1920928955078125e-07, 1.4901161193847656e-08, 0.7314932346343994, -0.2126799076795578, 0.6478309631347656, -0.11021983623504639, 0.90073162317276, 0.4201599061489105, -0.6728813052177429, -0.3787479102611542, 0.6354374885559082),
            ["RightUpperLeg"] = CFrame.new(5.960464477539063e-08, -6.752088665962219e-08, 1.3205863069742918e-08, 0.993365466594696, -0.039287321269512177, -0.1080818772315979, 0.036275714635849, 0.9989007115364075, -0.029691409319639206, 0.10912953317165375, 0.025573622435331345, 0.9936985969543457),
            ["LeftUpperLeg"] = CFrame.new(-5.960464477539063e-08, -6.51925802230835e-08, 7.450580596923828e-09, 0.9920533299446106, -0.10481438040733337, 0.06960047036409378, 0.125249981880188, 0.8752337098121643, -0.4672028422355652, -0.011947086080908775, 0.4722074568271637, 0.8814064860343933),
            ["RightLowerLeg"] = CFrame.new(-3.259629011154175e-08, -0.00012224912643432617, -0.00007737956912023947, 1, -1.0197980770954018e-07, -3.864988329382868e-08, 1.0768418690076942e-07, 0.727059543132782, 0.6865740418434143, -4.447065649060278e-08, -0.6865745186805725, 0.7270599007606506),
            ["RightFoot"] = CFrame.new(-6.28642737865448e-09, 3.5762786865234375e-07, 3.5222910810261965e-08, 0.9814255237579346, 0.10905379056930542, 0.15783360600471497, -0.003915586043149233, 0.8339329957962036, -0.5518516898155212, -0.19180405139923096, 0.5409834980964661, 0.8188701868057251),
            ["LeftLowerLeg"] = CFrame.new(8.568167686462402e-08, 0.00012248754501342773, 0.00007747113704681396, 1, 7.450579886381092e-08, 6.705521116145974e-08, -6.70552182668871e-08, 0.1828867644071579, 0.9831340312957764, 8.195637946073475e-08, -0.9831340312957764, 0.1828867346048355),
        }},
        {Time = 0.042, Data = {
            ["LeftFoot"] = CFrame.new(3.166496753692627e-08, 5.960464477539063e-08, -1.862645149230957e-08, 0.9588377475738525, 0.2440876066684723, 0.14509166777133942, -0.26065579056739807, 0.9592894315719604, 0.10873126238584518, -0.11264494061470032, -0.14207452535629272, 0.9834256768226624),
            ["LeftLowerArm"] = CFrame.new(-5.960464477539063e-08, -2.384185791015625e-07, -1.5087425708770752e-07, 1, -2.8871003365793513e-08, 5.587936779960501e-09, 3.725290653733282e-08, 0.9401730298995972, -0.3406977355480194, -3.725290742551124e-09, 0.34069764614105225, 0.9401729106903076),
            ["LowerTorso"] = CFrame.new(0.028280165046453476, -0.2022310495376587, -0.1921728253364563, 0.9954429864883423, -0.02197250910103321, 0.09279283136129379, 0.028104931116104126, 0.997469425201416, -0.06530624628067017, -0.091123066842556, 0.06761658191680908, 0.993541419506073),
            ["Head"] = CFrame.new(2.2351741790771484e-08, 0, 7.450580596923828e-09, 0.9859153032302856, -0.11015938222408295, -0.1258409023284912, 0.1207331046462059, 0.9894787073135376, 0.07972194999456406, 0.1157347559928894, -0.09379224479198456, 0.9888420701026917),
            ["RightUpperArm"] = CFrame.new(1.1920928955078125e-07, -1.1920928955078125e-07, -4.470348358154297e-08, 0.8833264112472534, -0.14791350066661835, -0.44481027126312256, 0.3124063313007355, 0.8932158946990967, 0.32336947321891785, 0.34948086738586426, -0.42460232973098755, 0.8352102041244507),
            ["UpperTorso"] = CFrame.new(-3.725290298461914e-09, 1.4901161193847656e-07, -3.6088749766349792e-09, 0.9838239550590515, 0.12107095867395401, 0.1320311427116394, -0.13364186882972717, 0.9868526458740234, 0.0908944383263588, -0.11929057538509369, -0.10706903040409088, 0.9870694279670715),
            ["HumanoidRootPart"] = CFrame.new(0, 0, 0, 1, 0, 0, 0, 1, 0, 0, 0, 1),
            ["RightHand"] = CFrame.new(-2.2351741790771484e-08, 5.960464477539063e-08, -1.3783574104309082e-07, 0.29537761211395264, -0.0268019437789917, -0.9550045728683472, 0.3905813694000244, 0.915642261505127, 0.09510739892721176, 0.8718935251235962, -0.40109962224960327, 0.28092852234840393),
            ["LeftUpperArm"] = CFrame.new(-1.1920928955078125e-07, 0, 1.6763806343078613e-08, 0.9574486017227173, 0.15080519020557404, -0.2460692822933197, -0.024045798927545547, 0.8913382291793823, 0.4527009427547455, 0.287600576877594, -0.4275209605693817, 0.8570367097854614),
            ["RightLowerArm"] = CFrame.new(1.1920928955078125e-07, 1.1920928955078125e-07, 1.1920928955078125e-07, 1, -6.705522537231445e-08, 3.166496753692627e-08, 4.842878098543224e-08, 0.6631329655647278, -0.7485016584396362, 1.4901162970204496e-08, 0.7485016584396362, 0.6631329655647278),
            ["LeftHand"] = CFrame.new(7.078051567077637e-08, 1.1920928955078125e-07, -3.725290298461914e-08, 0.7360394597053528, -0.2033395767211914, 0.6456772685050964, -0.11468750983476639, 0.9025731086730957, 0.41498038172721863, -0.6671527624130249, -0.37949296832084656, 0.6410087943077087),
            ["RightUpperLeg"] = CFrame.new(1.1920928955078125e-07, 2.7474015951156616e-07, -1.6596459317952394e-08, 0.9928230047225952, -0.034910351037979126, -0.1143849566578865, 0.03060331754386425, 0.9987627863883972, -0.03919646516442299, 0.11561180651187897, 0.035414498299360275, 0.9926629662513733),
            ["LeftUpperLeg"] = CFrame.new(-1.1920928955078125e-07, -4.563480615615845e-08, 1.4901161193847656e-08, 0.9903503060340881, -0.13645626604557037, 0.024208638817071915, 0.1314510703086853, 0.869583010673523, -0.4759685695171356, 0.04389750212430954, 0.47455790638923645, 0.8791291117668152),
            ["RightLowerLeg"] = CFrame.new(7.35744833946228e-08, -0.00012224912643432617, -0.00007738934800727293, 1, -1.0244546899684792e-07, -5.587936158235607e-08, 1.0221267388033084e-07, 0.7055310606956482, 0.7086786031723022, -4.796312325083818e-08, -0.7086791396141052, 0.7055314183235168),
            ["RightFoot"] = CFrame.new(-4.190951585769653e-09, 3.5762786865234375e-07, 1.1008523870259523e-08, 0.9780587553977966, 0.11139661073684692, 0.17604531347751617, 0.008372186683118343, 0.8233331441879272, -0.5674962997436523, -0.20816096663475037, 0.5565189719200134, 0.8043358325958252),
            ["LeftLowerLeg"] = CFrame.new(-2.0489096641540527e-08, 0.00012254714965820312, 0.0000773407518863678, 1, 9.313223614526578e-08, 7.450580596923828e-08, -9.313225746154785e-08, 0.1494053453207016, 0.9887760877609253, 8.195638656616211e-08, -0.9887760281562805, 0.14940540492534637),
        }},
        {Time = 0.083, Data = {
            ["LeftFoot"] = CFrame.new(-1.4435499906539917e-08, 5.960464477539063e-08, 2.2351741790771484e-08, 0.9603438377380371, 0.20843322575092316, 0.18518972396850586, -0.22077777981758118, 0.9741169214248657, 0.048513107001781464, -0.17028480768203735, -0.08747496455907822, 0.9815046191215515),
            ["LeftLowerArm"] = CFrame.new(-3.5762786865234375e-07, -7.152557373046875e-07, -1.8998980522155762e-07, 1, -2.421439049271612e-08, 9.313225746154785e-09, 4.842877388000488e-08, 0.9396459460258484, -0.3421485126018524, 0, 0.3421485424041748, 0.9396459460258484),
            ["LowerTorso"] = CFrame.new(0.03703472763299942, -0.2343735694885254, -0.21978360414505005, 0.9966921806335449, -0.0466240830719471, 0.0665653869509697, 0.05114166438579559, 0.9963834285736084, -0.0678587257862091, -0.06316079199314117, 0.07103852927684784, 0.9954718947410583),
            ["Head"] = CFrame.new(6.332993507385254e-08, 0, -3.725290298461914e-09, 0.9871286153793335, -0.11692524701356888, -0.1091131940484047, 0.12449624389410019, 0.9900659918785095, 0.06534578651189804, 0.10038869082927704, -0.07808886468410492, 0.9918791651725769),
            ["RightUpperArm"] = CFrame.new(0, 0, -2.9802322387695312e-08, 0.9093572497367859, -0.16100890934467316, -0.383595734834671, 0.2999584376811981, 0.8926703929901123, 0.3363995850086212, 0.28826120495796204, -0.4209701418876648, 0.860052227973938),
            ["UpperTorso"] = CFrame.new(-2.421438694000244e-08, 2.9802322387695312e-08, 2.3050233721733093e-08, 0.9792891144752502, 0.14141732454299927, 0.14489345252513885, -0.15551871061325073, 0.9836256504058838, 0.09107426553964615, -0.12964144349098206, -0.11172167211771011, 0.9852468967437744),
            ["HumanoidRootPart"] = CFrame.new(0, 0, 0, 1, 0, 0, 0, 1, 0, 0, 0, 1),
            ["RightHand"] = CFrame.new(-2.60770320892334e-08, -3.5762786865234375e-07, 1.1222437024116516e-07, 0.35170334577560425, -0.02893797680735588, -0.935664176940918, 0.3773886263370514, 0.9190818667411804, 0.11343016475439072, 0.8566694259643555, -0.3930027484893799, 0.3341650664806366),
            ["LeftUpperArm"] = CFrame.new(5.960464477539063e-08, 1.1920928955078125e-07, 1.4901161193847656e-08, 0.9566295742988586, 0.14599156379699707, -0.25208398699760437, -0.020461278036236763, 0.8968918323516846, 0.44177648425102234, 0.2905876934528351, -0.4174584746360779, 0.8609803915023804),
            ["RightLowerArm"] = CFrame.new(-2.682209014892578e-07, 3.5762786865234375e-07, -1.7136335372924805e-07, 1, -6.519258732851085e-08, 1.83936208486557e-08, 5.2154071283894154e-08, 0.6999930143356323, -0.7141497731208801, 1.4901162970204496e-08, 0.7141497135162354, 0.6999929547309875),
            ["LeftHand"] = CFrame.new(0, 1.1920928955078125e-07, -5.960464477539063e-08, 0.7492175698280334, -0.17764325439929962, 0.6380563378334045, -0.12663628160953522, 0.9071657061576843, 0.4012654721736908, -0.650104820728302, -0.3814360797405243, 0.6571682691574097),
            ["RightUpperLeg"] = CFrame.new(-2.9802322387695312e-08, 2.998858690261841e-07, 5.790934665128589e-08, 0.995178759098053, -0.008870606310665607, -0.09767581522464752, 0.004259973298758268, 0.9988712072372437, -0.047311313450336456, 0.09798522293567657, 0.046666987240314484, 0.994093120098114),
            ["LeftUpperLeg"] = CFrame.new(-5.960464477539063e-08, 1.2200325727462769e-07, 1.1175870895385742e-08, 0.9903514981269836, -0.13853706419467926, -0.00339956465177238, 0.12025253474712372, 0.8713164329528809, -0.47575944662094116, 0.06887241452932358, 0.4707602858543396, 0.879568874835968),
            ["RightLowerLeg"] = CFrame.new(2.421438694000244e-08, -0.00012260675430297852, -0.00007739307329757139, 1, -1.0896472701915627e-07, -5.401672709126615e-08, 1.1269001731761819e-07, 0.672482430934906, 0.740112841129303, -5.867331509534779e-08, -0.7401131391525269, 0.6724827289581299),
            ["RightFoot"] = CFrame.new(-2.9802322387695312e-08, 2.980232238769531e-07, -3.55576048605144e-08, 0.9769018888473511, 0.1083790585398674, 0.18416473269462585, 0.02287217415869236, 0.8038544654846191, -0.5943857431411743, -0.2124606966972351, 0.584869384765625, 0.7828083634376526),
            ["LeftLowerLeg"] = CFrame.new(6.891787052154541e-08, 0.00012260675430297852, 0.00007750652730464935, 1, 9.778885612377053e-08, 8.288770203535023e-08, -1.1175869474300271e-07, 0.08930817991495132, 0.9960041046142578, 7.729976658765736e-08, -0.9960041046142578, 0.08930803835391998),
        }},
        {Time = 0.125, Data = {
            ["LeftFoot"] = CFrame.new(9.778887033462524e-09, -1.7881393432617188e-07, -3.725290298461914e-08, 0.9597803354263306, 0.17616455256938934, 0.21860399842262268, -0.17996522784233093, 0.983669638633728, -0.0025645464193075895, -0.21548597514629364, -0.03687964752316475, 0.9758103489875793),
            ["LeftLowerArm"] = CFrame.new(-2.086162567138672e-07, 5.960464477539063e-08, 3.0547380447387695e-07, 1, -2.2351741790771484e-08, 1.0244548320770264e-08, 2.2351745343485163e-08, 0.9382039308547974, -0.3460830748081207, 3.725290742551124e-09, 0.3460831046104431, 0.9382038712501526),
            ["LowerTorso"] = CFrame.new(0.05011507868766785, -0.2516810894012451, -0.25344640016555786, 0.996621310710907, -0.0731726884841919, 0.037305835634469986, 0.07566388696432114, 0.9946427345275879, -0.07043275982141495, -0.03195222094655037, 0.07301748543977737, 0.9968187808990479),
            ["Head"] = CFrame.new(4.842877388000488e-08, 0, -1.862645149230957e-08, 0.988447368144989, -0.12600652873516083, -0.0842270702123642, 0.13002866506576538, 0.9905295968055725, 0.044086698442697525, 0.07787417620420456, -0.05452931672334671, 0.9954708814620972),
            ["RightUpperArm"] = CFrame.new(-5.960464477539063e-08, 1.1920928955078125e-07, -2.9802322387695312e-08, 0.9407656788825989, -0.18073886632919312, -0.28686827421188354, 0.27942201495170593, 0.8925200700759888, 0.3540215790271759, 0.1920502632856369, -0.41320863366127014, 0.8901547789573669),
            ["UpperTorso"] = CFrame.new(-9.313225746154785e-10, -2.086162567138672e-07, -2.922024577856064e-08, 0.974692702293396, 0.16238854825496674, 0.15363629162311554, -0.17765988409519196, 0.9798336625099182, 0.09145001322031021, -0.13568757474422455, -0.11643067002296448, 0.9838866591453552),
            ["HumanoidRootPart"] = CFrame.new(0, 0, 0, 1, 0, 0, 0, 1, 0, 0, 0, 1),
            ["RightHand"] = CFrame.new(2.3632310330867767e-07, -2.980232238769531e-07, -2.2351741790771484e-08, 0.436993271112442, -0.0308863315731287, -0.8989343643188477, 0.35490578413009644, 0.9242430329322815, 0.14077217876911163, 0.8264858722686768, -0.38055354356765747, 0.4148496985435486),
            ["LeftUpperArm"] = CFrame.new(5.960464477539063e-08, 2.384185791015625e-07, 4.470348358154297e-08, 0.9539305567741394, 0.13978444039821625, -0.26547470688819885, -0.014150239527225494, 0.9048112630844116, 0.42557790875434875, 0.29969364404678345, -0.40221521258354187, 0.8651049733161926),
            ["RightLowerArm"] = CFrame.new(-3.2782554626464844e-07, -1.7881393432617188e-07, 4.470348358154297e-08, 1, -4.423781874152155e-08, 1.816079020500183e-08, 7.473863661289215e-08, 0.7514490485191345, -0.659791111946106, 2.468004822731018e-08, 0.6597910523414612, 0.7514491081237793),
            ["LeftHand"] = CFrame.new(-1.6391277313232422e-07, 1.1920928955078125e-07, -1.4901161193847656e-08, 0.7698971629142761, -0.13903085887432098, 0.6228393912315369, -0.14405907690525055, 0.9129252433776855, 0.38185685873031616, -0.6216955780982971, -0.3837161660194397, 0.682829737663269),
            ["RightUpperLeg"] = CFrame.new(-1.4901161193847656e-07, -2.514570951461792e-07, -6.502523319795728e-08, 0.9969088435173035, 0.026201197877526283, -0.07406967133283615, -0.02857130765914917, 0.9991071224212646, -0.031122282147407532, 0.07318811863660812, 0.03314226120710373, 0.9967673420906067),
            ["LeftUpperLeg"] = CFrame.new(5.960464477539063e-08, -1.30385160446167e-08, -4.284083843231201e-08, 0.9910325407981873, -0.13058708608150482, -0.028314489871263504, 0.10349497199058533, 0.8841944336891174, -0.45550960302352905, 0.08451922237873077, 0.44849446415901184, 0.8897805213928223),
            ["RightLowerLeg"] = CFrame.new(-4.6566128730773926e-08, -0.00012242794036865234, -0.00007737072155578062, 1, -1.033767915714634e-07, -4.656613938891496e-08, 1.1548398504146462e-07, 0.6739275455474854, 0.7387972474098206, -6.007029895727101e-08, -0.7387974858283997, 0.673927903175354),
            ["RightFoot"] = CFrame.new(-5.774199962615967e-08, 2.980232238769531e-07, -5.045876605436206e-08, 0.9769778847694397, 0.10150793939828873, 0.1876445710659027, 0.032875992357730865, 0.7974129915237427, -0.6025375127792358, -0.21079258620738983, 0.594835102558136, 0.7757177352905273),
            ["LeftLowerLeg"] = CFrame.new(1.1175870895385742e-08, 0.0001227259635925293, 0.0000774133950471878, 1, 8.940695295223122e-08, 1.0803343286625022e-07, -8.754432201385498e-08, 0.05852339789271355, 0.9982861280441284, 6.332993507385254e-08, -0.9982860684394836, 0.058523375540971756),
        }},
        {Time = 0.167, Data = {
            ["LeftFoot"] = CFrame.new(-1.4901161193847656e-08, 0, 2.60770320892334e-08, 0.9601094722747803, 0.1494087427854538, 0.2363618165254593, -0.15173177421092987, 0.988385796546936, -0.00843774899840355, -0.2348773032426834, -0.02776244468986988, 0.9716285467147827),
            ["LeftLowerArm"] = CFrame.new(-2.384185791015625e-07, 5.960464477539062e-07, -2.60770320892334e-07, 1, -3.725289943190546e-08, 1.769513247040777e-08, 2.2351745343485163e-08, 0.9353476166725159, -0.35373005270957947, -3.725290742551124e-09, 0.3537299931049347, 0.9353476762771606),
            ["LowerTorso"] = CFrame.new(0.06628526002168655, -0.22634565830230713, -0.2848423421382904, 0.9956480264663696, -0.09202128648757935, 0.014734998345375061, 0.09284815937280655, 0.9930803179740906, -0.07190907001495361, -0.008015870116651058, 0.07296425104141235, 0.9973023533821106),
            ["Head"] = CFrame.new(2.2351741790771484e-08, -1.1920928955078125e-07, 2.0489096641540527e-08, 0.9893102049827576, -0.135578453540802, -0.053702495992183685, 0.13672025501728058, 0.9904430508613586, 0.01817495748400688, 0.05072511360049248, -0.025322875007987022, 0.9983916282653809),
            ["RightUpperArm"] = CFrame.new(0, 0, -1.4901161193847656e-08, 0.9656158685684204, -0.20477502048015594, -0.16016647219657898, 0.2512226998806, 0.8934908509254456, 0.3722380995750427, 0.0668821781873703, -0.39967647194862366, 0.9142131209373474),
            ["UpperTorso"] = CFrame.new(2.0721927285194397e-08, -2.9802322387695312e-08, -4.409230314195156e-08, 0.9728653430938721, 0.17597150802612305, 0.15022364258766174, -0.19112004339694977, 0.9771421551704407, 0.09309393912553787, -0.13040797412395477, -0.11927863955497742, 0.984259307384491),
            ["HumanoidRootPart"] = CFrame.new(0, 0, 0, 1, 0, 0, 0, 1, 0, 0, 0, 1),
            ["RightHand"] = CFrame.new(3.166496753692627e-07, 1.7881393432617188e-07, 1.4901161193847656e-07, 0.5424973368644714, -0.03107680380344391, -0.8394824862480164, 0.32220450043678284, 0.9305852055549622, 0.1737682819366455, 0.7758098244667053, -0.3647538721561432, 0.5148530602455139),
            ["LeftUpperArm"] = CFrame.new(0, -1.1920928955078125e-07, 1.4901161193847656e-08, 0.9479717016220093, 0.13348138332366943, -0.2890198826789856, -0.005026079714298248, 0.9140167236328125, 0.40564557909965515, 0.3183150887489319, -0.38308781385421753, 0.8671327829360962),
            ["RightLowerArm"] = CFrame.new(2.384185791015625e-07, 1.7881393432617188e-07, -9.685754776000977e-08, 1, -5.960465188081798e-08, 1.3038519597330378e-08, 2.9802322387695312e-08, 0.808664083480835, -0.5882708430290222, 2.2351741790771484e-08, 0.5882707238197327, 0.8086640238761902),
            ["LeftHand"] = CFrame.new(-7.078051567077637e-08, -5.960464477539063e-08, 2.9802322387695312e-08, 0.7965770959854126, -0.09094686061143875, 0.597656786441803, -0.16503244638442993, 0.9183538556098938, 0.3597089946269989, -0.5815747976303101, -0.38516876101493835, 0.7165303826332092),
            ["RightUpperLeg"] = CFrame.new(-8.940696716308594e-08, -1.2665987014770508e-07, -5.664333002641797e-08, 0.9959326386451721, 0.04929184168577194, -0.0754222571849823, -0.046673182398080826, 0.9982577562332153, 0.036098282784223557, 0.0770701915025711, -0.03243134915828705, 0.9964980483055115),
            ["LeftUpperLeg"] = CFrame.new(2.9802322387695312e-08, 1.1920928955078125e-07, -3.119930624961853e-08, 0.9920192956924438, -0.11466246098279953, -0.052442844957113266, 0.08341933786869049, 0.9087452292442322, -0.4089295566082001, 0.09454606473445892, 0.40129122138023376, 0.9110578298568726),
            ["RightLowerLeg"] = CFrame.new(8.568167686462402e-08, -0.00012242794036865234, -0.00007745826587779447, 1, -9.49948883999241e-08, -2.6077035641947077e-08, 1.073349267244339e-07, 0.75385981798172, 0.6570349335670471, -4.307366907596588e-08, -0.6570353507995605, 0.7538601756095886),
            ["RightFoot"] = CFrame.new(3.259629011154175e-08, 3.5762786865234375e-07, -4.6733475755900145e-08, 0.9720165133476257, 0.09738916158676147, 0.2137739658355713, 0.038603924214839935, 0.8314204812049866, -0.5543007254600525, -0.23171892762184143, 0.5470422506332397, 0.8043950796127319),
            ["LeftLowerLeg"] = CFrame.new(1.862645149230957e-08, 0.00012290477752685547, 0.00007745850598439574, 1, 8.195638656616211e-08, 7.450579886381092e-08, -8.195638656616211e-08, 0.10193458944559097, 0.9947910904884338, 8.055940270423889e-08, -0.9947911500930786, 0.10193455964326859),
        }},
        {Time = 0.208, Data = {
            ["LeftFoot"] = CFrame.new(-2.7939677238464355e-09, -5.960464477539063e-08, 2.2351741790771484e-08, 0.9632080793380737, 0.1357693076133728, 0.231941819190979, -0.14446477591991425, 0.9892904162406921, 0.02084328979253769, -0.22662800550460815, -0.05358368903398514, 0.9725064039230347),
            ["LeftLowerArm"] = CFrame.new(-5.960464477539063e-08, 0, -8.940696716308594e-08, 1, -3.3527616238870905e-08, 3.259629011154175e-09, 4.0978193283081055e-08, 0.9305000305175781, -0.36629197001457214, -7.450580596923828e-09, 0.36629199981689453, 0.9304999709129333),
            ["LowerTorso"] = CFrame.new(0.08430935442447662, -0.1704469919204712, -0.3128123879432678, 0.9946147203445435, -0.103641577064991, -0.0000175011718965834, 0.10336568206548691, 0.9919793009757996, -0.07275016605854034, 0.007557302247732878, 0.07235657423734665, 0.9973502159118652),
            ["Head"] = CFrame.new(2.9802322387695312e-08, -3.5762786865234375e-07, 1.6763806343078613e-08, 0.9893507361412048, -0.14414134621620178, -0.020212436094880104, 0.143961101770401, 0.9895316958427429, -0.010112985037267208, 0.021458545699715614, 0.007095478009432554, 0.9997446537017822),
            ["RightUpperArm"] = CFrame.new(1.1920928955078125e-07, -2.384185791015625e-07, 4.470348358154297e-08, 0.9730755686759949, -0.23014068603515625, -0.012617962434887886, 0.2169753909111023, 0.8961930274963379, 0.38698810338974, -0.07775355130434036, -0.37930649518966675, 0.9219984412193298),
            ["UpperTorso"] = CFrame.new(-1.3737007975578308e-08, -2.9802322387695312e-08, 9.996085736929672e-09, 0.9736288189888, 0.18314121663570404, 0.13603805005550385, -0.19700288772583008, 0.9756423830986023, 0.09649767726659775, -0.11505179852247238, -0.12075281143188477, 0.9859928488731384),
            ["HumanoidRootPart"] = CFrame.new(0, 0, 0, 1, 0, 0, 0, 1, 0, 0, 0, 1),
            ["RightHand"] = CFrame.new(1.043081283569336e-07, -5.960464477539063e-08, -5.960464477539063e-08, 0.6576666235923767, -0.02805178239941597, -0.7527866363525391, 0.2787027657032013, 0.9374595880508423, 0.20855315029621124, 0.6998567581176758, -0.3469620943069458, 0.6243540048599243),
            ["LeftUpperArm"] = CFrame.new(0, -1.1920928955078125e-07, 2.9802322387695312e-08, 0.9368244409561157, 0.12822382152080536, -0.3254513740539551, 0.006804490461945534, 0.9235369563102722, 0.38344910740852356, 0.3497336804866791, -0.361439049243927, 0.8643195033073425),
            ["RightLowerArm"] = CFrame.new(-5.960464477539063e-08, 4.76837158203125e-07, 1.341104507446289e-07, 1, -4.284083843231201e-08, 1.303851426825986e-08, 3.725290298461914e-08, 0.8634412288665771, -0.5044495463371277, 0, 0.5044495463371277, 0.8634412288665771),
            ["LeftHand"] = CFrame.new(9.080395102500916e-09, 5.960464477539063e-08, 2.60770320892334e-08, 0.8275614976882935, -0.036895111203193665, 0.5601614117622375, -0.187540203332901, 0.9223392605781555, 0.33781498670578003, -0.529122531414032, -0.38461539149284363, 0.7563731074333191),
            ["RightUpperLeg"] = CFrame.new(-5.960464477539063e-08, -5.774199962615967e-08, -3.0486262403428555e-09, 0.9925647377967834, 0.05653539299964905, -0.10779203474521637, -0.047755226492881775, 0.9954572916030884, 0.0823662206530571, 0.11195897310972214, -0.07660635560750961, 0.9907556772232056),
            ["LeftUpperLeg"] = CFrame.new(0, -6.51925802230835e-08, 3.0595401767641306e-08, 0.9942774176597595, -0.08466242998838425, -0.06515312939882278, 0.05729268491268158, 0.9373353123664856, -0.3436862528324127, 0.09016764909029007, 0.33798670768737793, 0.936821699142456),
            ["RightLowerLeg"] = CFrame.new(-8.568167686462402e-08, -0.00012224912643432617, -0.00007737619307590649, 1, -9.49948883999241e-08, -4.842879164357328e-08, 7.633935439343986e-08, 0.8024100661277771, 0.5967729091644287, -3.030436701578765e-08, -0.596773087978363, 0.8024103045463562),
            ["RightFoot"] = CFrame.new(-5.681067705154419e-08, 2.980232238769531e-07, 1.6596459317952394e-08, 0.9597547650337219, 0.0943121612071991, 0.2645297646522522, 0.04873822629451752, 0.8716976046562195, -0.4876139163970947, -0.2765779495239258, 0.4808831512928009, 0.8320196866989136),
            ["LeftLowerLeg"] = CFrame.new(5.21540641784668e-08, 0.00012248754501342773, 0.00007736543193459511, 1, 8.242204074804249e-08, 8.195639367158947e-08, -6.705522537231445e-08, 0.20023317635059357, 0.9797483086585999, 6.705522537231445e-08, -0.9797482490539551, 0.20023325085639954),
        }},
        {Time = 0.250, Data = {
            ["LeftFoot"] = CFrame.new(9.313225746154785e-09, 0, 5.587935447692871e-08, 0.9685535430908203, 0.1401599496603012, 0.2055705487728119, -0.15468673408031464, 0.9863578677177429, 0.05630452185869217, -0.19487442076206207, -0.08633290231227875, 0.977021336555481),
            ["LeftLowerArm"] = CFrame.new(1.7881393432617188e-07, 2.384185791015625e-07, -4.470348358154297e-08, 1, -2.60770320892334e-08, 4.330650327233343e-08, 2.980232594040899e-08, 0.9229497909545898, -0.3849203586578369, 3.725290653733282e-08, 0.3849203586578369, 0.9229498505592346),
            ["LowerTorso"] = CFrame.new(0.10295139998197556, -0.11414706707000732, -0.3379872739315033, 0.9937810301780701, -0.11106584966182709, -0.007990370504558086, 0.11018838733434677, 0.9912037253379822, -0.07330702245235443, 0.016061991453170776, 0.07197068631649017, 0.9972774386405945),
            ["Head"] = CFrame.new(4.0978193283081055e-08, -3.5762786865234375e-07, -9.313225746154785e-09, 0.9884827733039856, -0.150736466050148, 0.013434902764856815, 0.15114933252334595, 0.9877626299858093, -0.03845832869410515, -0.007473417557775974, 0.04004606604576111, 0.9991699457168579),
            ["RightUpperArm"] = CFrame.new(1.1920928955078125e-07, -4.76837158203125e-07, 3.725290298461914e-08, 0.9566853046417236, -0.25360119342803955, 0.14296728372573853, 0.1797899752855301, 0.9009183645248413, 0.3949959874153137, -0.22897329926490784, -0.3521827757358551, 0.9074903130531311),
            ["UpperTorso"] = CFrame.new(7.916241884231567e-09, 1.1920928955078125e-07, 6.2282197177410126e-09, 0.9756326675415039, 0.18699423968791962, 0.11477911472320557, -0.1987297534942627, 0.974829912185669, 0.10106047242879868, -0.0929923877120018, -0.1214078888297081, 0.988237202167511),
            ["HumanoidRootPart"] = CFrame.new(0, 0, 0, 1, 0, 0, 0, 1, 0, 0, 0, 1),
            ["RightHand"] = CFrame.new(8.195638656616211e-08, 0, 3.166496753692627e-08, 0.7706657648086548, -0.020782850682735443, -0.6369006037712097, 0.2247229367494583, 0.9441209435462952, 0.2411125898361206, 0.5963001847267151, -0.3289433717727661, 0.7322720885276794),
            ["LeftUpperArm"] = CFrame.new(5.960464477539063e-08, -1.1920928955078125e-07, 7.450580596923828e-09, 0.9176385402679443, 0.12504351139068604, -0.377231627702713, 0.021073343232274055, 0.9325652122497559, 0.3603858947753906, 0.3968570828437805, -0.33865347504615784, 0.8531227111816406),
            ["RightLowerArm"] = CFrame.new(-1.1920928955078125e-07, -3.5762786865234375e-07, 5.960464477539063e-08, 1, -5.5879368687783426e-08, -5.471520125865936e-09, 2.980232594040899e-08, 0.9095616936683655, -0.41556915640830994, 1.862645326866641e-08, 0.4155691862106323, 0.9095616340637207),
            ["LeftHand"] = CFrame.new(-1.4156103134155273e-07, 1.1920928955078125e-07, -7.450580596923828e-09, 0.8610277771949768, 0.01956477202475071, 0.5081816911697388, -0.20932333171367645, 0.9243234395980835, 0.31907692551612854, -0.46348142623901367, -0.3811084032058716, 0.7999633550643921),
            ["RightUpperLeg"] = CFrame.new(1.7881393432617188e-07, -1.4901161193847656e-08, 9.516224963590503e-08, 0.9878686666488647, 0.05478275567293167, -0.14530819654464722, -0.04754974693059921, 0.9974727034568787, 0.05279415100812912, 0.14783312380313873, -0.045244358479976654, 0.9879769086837769),
            ["LeftUpperLeg"] = CFrame.new(-5.960464477539063e-08, -8.009374141693115e-08, 4.284083843231201e-08, 0.9975085258483887, -0.042162198573350906, -0.0565623864531517, 0.024871718138456345, 0.9604588150978088, -0.2773092985153198, 0.06601780652999878, 0.27521154284477234, 0.9591143131256104),
            ["RightLowerLeg"] = CFrame.new(-2.1606683731079102e-07, -0.00012224912643432617, -0.0000774657164583914, 1, -1.0430811414607888e-07, -2.2351747119842003e-08, 9.03382755268467e-08, 0.7646658420562744, 0.6444267630577087, -3.23634559151742e-08, -0.6444270014762878, 0.7646661400794983),
            ["RightFoot"] = CFrame.new(-2.7939677238464355e-08, 5.364418029785156e-07, -5.045876605436206e-08, 0.9478028416633606, 0.07622005045413971, 0.3096131682395935, 0.06423095613718033, 0.9054648280143738, -0.41953256726264954, -0.3123207092285156, 0.4175213575363159, 0.8533066511154175),
            ["LeftLowerLeg"] = CFrame.new(1.862645149230957e-08, 0.00012254714965820312, 0.00007739290595054626, 1, 6.798654084150257e-08, 4.470347647611561e-08, -1.0244546899684792e-07, 0.3041397035121918, 0.952627420425415, 6.332992796842518e-08, -0.952627420425415, 0.30413976311683655),
        }},
        {Time = 0.292, Data = {
            ["LeftFoot"] = CFrame.new(1.6065314412117004e-08, 1.7881393432617188e-07, 1.1175870895385742e-08, 0.9737116694450378, 0.16533263027668, 0.15668733417987823, -0.17713679373264313, 0.982067883014679, 0.06453906744718552, -0.1432071179151535, -0.09059757739305496, 0.9855374097824097),
            ["LeftLowerArm"] = CFrame.new(-5.960464477539063e-08, -2.384185791015625e-07, -2.682209014892578e-07, 1, -3.2829127860622975e-08, 4.5980424800973196e-08, 2.980232594040899e-08, 0.9117817878723145, -0.4106753170490265, 2.374872920540838e-08, 0.4106752574443817, 0.9117816686630249),
            ["LowerTorso"] = CFrame.new(0.12097550183534622, -0.08760762214660645, -0.36099791526794434, 0.9930416345596313, -0.11732105165719986, -0.010211566463112831, 0.11625320464372635, 0.9904521703720093, -0.07409413903951645, 0.01880686916410923, 0.07239143550395966, 0.9971990585327148),
            ["Head"] = CFrame.new(3.725290298461914e-08, 2.384185791015625e-07, 5.587935447692871e-09, 0.9869111180305481, -0.1550390124320984, 0.04437945410609245, 0.15769952535629272, 0.9853768944740295, -0.06452330946922302, -0.033726852387189865, 0.07067736983299255, 0.9969289898872375),
            ["RightUpperArm"] = CFrame.new(2.384185791015625e-07, 1.1920928955078125e-07, 7.450580596923828e-09, 0.9166725277900696, -0.272413045167923, 0.292408287525177, 0.1438216120004654, 0.9075267314910889, 0.39460185170173645, -0.3728629946708679, -0.3196660280227661, 0.8710837364196777),
            ["UpperTorso"] = CFrame.new(-1.30385160446167e-08, -8.940696716308594e-08, 7.8580342233181e-09, 0.977520227432251, 0.1905726045370102, 0.09020157158374786, -0.1997094303369522, 0.9740719795227051, 0.10630206763744354, -0.06760454922914505, -0.12192656099796295, 0.9902340769767761),
            ["HumanoidRootPart"] = CFrame.new(0, 0, 0, 1, 0, 0, 0, 1, 0, 0, 0, 1),
            ["RightHand"] = CFrame.new(2.9802322387695312e-08, -1.7881393432617188e-07, 1.4901161193847656e-08, 0.8697074055671692, -0.008929864503443241, -0.4934868812561035, 0.1617220789194107, 0.9497970938682556, 0.2678275406360626, 0.4663207232952118, -0.3127392530441284, 0.8274897336959839),
            ["LeftUpperArm"] = CFrame.new(0, 3.5762786865234375e-07, 5.587935447692871e-08, 0.8862279653549194, 0.12493941187858582, -0.4460831582546234, 0.0374283567070961, 0.9404841065406799, 0.3377702534198761, 0.4617350101470947, -0.3160375952720642, 0.8288070559501648),
            ["RightLowerArm"] = CFrame.new(-5.960464477539063e-08, 1.1920928955078125e-07, -2.9802322387695312e-08, 1, -3.725290298461914e-08, 4.0978196835794733e-08, 4.470348358154297e-08, 0.943769633769989, -0.3306039273738861, 1.1175870895385742e-08, 0.3306038975715637, 0.9437696933746338),
            ["LeftHand"] = CFrame.new(2.0116567611694336e-07, -2.384185791015625e-07, -1.862645149230957e-09, 0.8949823975563049, 0.07486765831708908, 0.43977439403533936, -0.22774775326251984, 0.9243472218513489, 0.306126207113266, -0.38358527421951294, -0.3741350769996643, 0.8443253636360168),
            ["RightUpperLeg"] = CFrame.new(0, -2.682209014892578e-07, -1.1474185157567263e-08, 0.9832569360733032, 0.04140760749578476, -0.1774575561285019, -0.060717806220054626, 0.992637574672699, -0.1048053652048111, 0.1718113124370575, 0.11382526904344559, 0.9785319566726685),
            ["LeftUpperLeg"] = CFrame.new(0, -2.9243528842926025e-07, -4.21423465013504e-08, 0.9997169971466064, 0.010663648135960102, -0.021270139142870903, -0.015364928171038628, 0.9718952178955078, -0.23491224646568298, 0.01816733181476593, 0.2351725846529007, 0.9717838764190674),
            ["RightLowerLeg"] = CFrame.new(3.725290298461914e-08, -0.00012248754501342773, -0.0000774172876845114, 1, -1.2293453721667902e-07, -4.097820394122209e-08, 1.1548402767402877e-07, 0.6558194756507874, 0.7549174427986145, -4.3772171665068527e-08, -0.7549176812171936, 0.6558198928833008),
            ["RightFoot"] = CFrame.new(-1.0244548320770264e-08, 3.5762786865234375e-07, -8.398637874051929e-08, 0.9637203812599182, 0.06448771059513092, 0.2590067386627197, 0.02209140919148922, 0.9477741122245789, -0.3181758522987366, -0.2659981846809387, 0.3123549818992615, 0.9119647741317749),
            ["LeftLowerLeg"] = CFrame.new(8.009374141693115e-08, 0.0001227259635925293, 0.00007739453576505184, 1, 7.078050145992165e-08, 4.8428766774577525e-08, -8.847564458847046e-08, 0.3573508858680725, 0.9339702725410461, 5.4249539971351624e-08, -0.9339702129364014, 0.35735073685646057),
        }},
        {Time = 0.333, Data = {
            ["LeftFoot"] = CFrame.new(5.587935447692871e-09, 1.1920928955078125e-07, 8.288770914077759e-08, 0.9759616255760193, 0.19836486876010895, 0.09027980268001556, -0.20185701549053192, 0.9789160490036011, 0.03126099705696106, -0.082175113260746, -0.048733148723840714, 0.9954257011413574),
            ["LeftLowerArm"] = CFrame.new(0, 1.1920928955078125e-07, 1.1920928955078125e-07, 1, -4.0046874261179255e-08, 1.635635449304118e-08, 2.980232594040899e-08, 0.8957989811897278, -0.44445958733558655, -8.847565347025466e-09, 0.4444596469402313, 0.8957989811897278),
            ["LowerTorso"] = CFrame.new(0.13714569807052612, -0.11100339889526367, -0.38247519731521606, 0.9921523332595825, -0.12467855960130692, -0.009444857947528362, 0.12361715734004974, 0.9894395470619202, -0.0756862461566925, 0.018781565129756927, 0.0739247277379036, 0.9970870614051819),
            ["Head"] = CFrame.new(5.21540641784668e-08, -2.384185791015625e-07, -3.725290298461914e-09, 0.9850794076919556, -0.1573083996772766, 0.06980544328689575, 0.16304746270179749, 0.9828648567199707, -0.08597903698682785, -0.05508408695459366, 0.09607778489589691, 0.9938485026359558),
            ["RightUpperArm"] = CFrame.new(1.1920928955078125e-07, -3.5762786865234375e-07, -2.2351741790771484e-08, 0.8598616123199463, -0.2850129008293152, 0.423563152551651, 0.11329898238182068, 0.9155018925666809, 0.3860306739807129, -0.49779650568962097, -0.28394371271133423, 0.8194966316223145),
            ["UpperTorso"] = CFrame.new(1.1175870895385742e-08, -3.5762786865234375e-07, 9.877840057015419e-08, 0.9782658219337463, 0.19596363604068756, 0.06778184324502945, -0.20262746512889862, 0.9728487730026245, 0.11183609068393707, -0.04402568191289902, -0.12313985079526901, 0.9914122819900513),
            ["HumanoidRootPart"] = CFrame.new(0, 0, 0, 1, 0, 0, 0, 1, 0, 0, 0, 1),
            ["RightHand"] = CFrame.new(1.0803341865539551e-07, 1.1920928955078125e-07, 0, 0.9447442293167114, 0.007051250897347927, -0.32773250341415405, 0.09210366755723953, 0.9537853598594666, 0.2860252559185028, 0.3146032989025116, -0.3004061281681061, 0.9004338383674622),
            ["LeftUpperArm"] = CFrame.new(0, -4.76837158203125e-07, 1.4901161193847656e-08, 0.8367732763290405, 0.12896133959293365, -0.5321462750434875, 0.0555468425154686, 0.9468616247177124, 0.3168087303638458, 0.5447248816490173, -0.2946561276912689, 0.7851449251174927),
            ["RightLowerArm"] = CFrame.new(5.960464477539063e-08, 1.7881393432617188e-07, -2.9802322387695312e-08, 1, -3.166497464235363e-08, 2.537854371098547e-08, 1.3038517820973539e-08, 0.9658555388450623, -0.25908157229423523, -7.450581485102248e-09, 0.2590816020965576, 0.9658555388450623),
            ["LeftHand"] = CFrame.new(-6.332993507385254e-08, 5.960464477539063e-08, 1.4901161193847656e-08, 0.9270870685577393, 0.125513955950737, 0.3532082140445709, -0.23967118561267853, 0.9229846596717834, 0.3010932207107544, -0.2882142961025238, -0.3637933135032654, 0.8857691884040833),
            ["RightUpperLeg"] = CFrame.new(1.1920928955078125e-07, -6.966292858123779e-07, 1.3241515262052417e-07, 0.9833228588104248, 0.05759930983185768, -0.1725061982870102, -0.0825839415192604, 0.9865084290504456, -0.1413542926311493, 0.16203685104846954, 0.15324310958385468, 0.9748131632804871),
            ["LeftUpperLeg"] = CFrame.new(-5.960464477539063e-08, -4.898756742477417e-07, 1.5203841030597687e-07, 0.9968366026878357, 0.07594139128923416, 0.02344774827361107, -0.06703726202249527, 0.9618510603904724, -0.26523324847221375, -0.04269540309906006, 0.2628222405910492, 0.9638992547988892),
