return {
    ["Rhythm Rider"] = {
        {Time = 0.000, Data = {
            ["RightFoot"] = CFrame.new(4.6566128730773926e-09, 4.172325134277344e-07, 1.6952981241047382e-09, 0.975247859954834, 0.11825302243232727, 0.1868363469839096, -0.07465064525604248, 0.9714504480361938, -0.2251920849084854, -0.2081318199634552, 0.20567074418067932, 0.9562326073646545),
            ["LeftLowerArm"] = CFrame.new(-2.086162567138672e-07, 4.172325134277344e-07, -5.587935447692871e-09, 1, -4.936010356004772e-08, 2.048908953611317e-08, 5.21540641784668e-08, 0.876703679561615, -0.4810308814048767, 1.3969838619232178e-08, 0.48103106021881104, 0.876703679561615),
            ["RightUpperArm"] = CFrame.new(0, -1.1920928955078125e-07, -2.2351741790771484e-08, 0.9731772541999817, -0.2211342602968216, 0.06344994902610779, 0.203266441822052, 0.9556686282157898, 0.21302609145641327, -0.10774426907300949, -0.1944149136543274, 0.9749841690063477),
            ["Head"] = CFrame.new(5.634501576423645e-08, 0.0000011920928955078125, 6.05359673500061e-08, 0.9988719820976257, 0.04746955260634422, 0.0012810175539925694, -0.04748667776584625, 0.9984352588653564, 0.029530314728617668, 0.00012285275442991406, -0.029557818546891212, 0.9995630979537964),
            ["RightHand"] = CFrame.new(-1.347825673292391e-08, 0, -2.5618646759539843e-08, 0.9994539618492126, 0.030025921761989594, 0.013794045895338058, -0.032276298850774765, 0.976525604724884, 0.2129697948694229, -0.0070756711065769196, -0.21329866349697113, 0.9769614338874817),
            ["UpperTorso"] = CFrame.new(-7.683411240577698e-09, 5.960464477539063e-08, 1.0244548320770264e-08, 0.991780161857605, 0.0411626398563385, 0.12115178257226944, -0.043925024569034576, 0.998830258846283, 0.020218178629875183, -0.12017776072025299, -0.025373583659529686, 0.9924281239509583),
            ["HumanoidRootPart"] = CFrame.new(0, 0, 0, 1, 0, 0, 0, 1, 0, 0, 0, 1),
            ["RightUpperLeg"] = CFrame.new(5.960464477539063e-08, 0.0000016461126506328583, -4.639878170564771e-08, 0.9958646893501282, -0.07052844762802124, 0.0572655126452446, 0.08902308344841003, 0.8833229541778564, -0.46023446321487427, -0.018124300986528397, 0.46342894434928894, 0.885948657989502),
            ["LeftUpperArm"] = CFrame.new(-2.384185791015625e-07, -1.1920928955078125e-07, 0, 0.9929952025413513, 0.11446826905012131, 0.029285894706845284, -0.11778050661087036, 0.9786785244941711, 0.1682741791009903, -0.009399370290338993, -0.17054471373558044, 0.98530513048172),
            ["RightLowerArm"] = CFrame.new(2.384185791015625e-07, -2.384185791015625e-07, 1.4156103134155273e-07, 1, -5.774198541530495e-08, 1.4901159417490817e-08, 1.4901159417490817e-08, 0.9077326059341431, -0.41954919695854187, 1.862644971595273e-08, 0.4195491373538971, 0.9077326655387878),
            ["LeftHand"] = CFrame.new(1.8207356333732605e-07, 1.1920928955078125e-07, -6.705522537231445e-08, 0.9979709982872009, -0.028285840526223183, 0.05704308673739433, 0.011254348792135715, 0.9601618647575378, 0.2792178988456726, -0.06266840547323227, -0.27800923585891724, 0.95853191614151),
            ["LeftFoot"] = CFrame.new(5.122274160385132e-09, -5.960464477539063e-08, 3.725290298461914e-08, 0.99665367603302, -0.08078521490097046, -0.012458555400371552, 0.06130531430244446, 0.8395733833312988, -0.5397769212722778, 0.054065920412540436, 0.5372059941291809, 0.8417159914970398),
            ["LowerTorso"] = CFrame.new(-0.053966011852025986, -0.1504908800125122, -0.0011107232421636581, 0.9864674806594849, -0.03926495090126991, -0.15918593108654022, 0.031146684661507607, 0.9980992078781128, -0.0531776025891304, 0.16097135841846466, 0.04749985784292221, 0.9858154654502869),
            ["RightLowerLeg"] = CFrame.new(-2.60770320892334e-08, -0.00012224912643432617, -0.00007730180368525907, 1, -7.078051567077637e-08, -2.7939673685750677e-08, 8.940695295223122e-08, 0.7105625867843628, 0.7036335468292236, -3.725289943190546e-08, -0.7036340832710266, 0.7105631828308105),
            ["LeftUpperLeg"] = CFrame.new(1.4901161193847656e-07, -2.4400651454925537e-07, 3.725290298461914e-08, 0.9637674689292908, 0.20983721315860748, 0.16468317806720734, -0.14947526156902313, 0.9361932277679443, -0.3181186020374298, -0.22092847526073456, 0.2819763123989105, 0.9336380958557129),
            ["LeftLowerLeg"] = CFrame.new(2.2351741790771484e-08, 0.00012236833572387695, 0.00007730163633823395, 1, 6.332993507385254e-08, 2.980230462412692e-08, -6.146728281919422e-08, 0.6196910738945007, 0.784845769405365, 3.352760913344355e-08, -0.7848458290100098, 0.6196911334991455),
        }},
        {Time = 0.033, Data = {
            ["RightFoot"] = CFrame.new(-9.639188647270203e-08, 2.980232238769531e-07, 2.867454895749688e-08, 0.9890871644020081, 0.11372945457696915, 0.09366049617528915, -0.11441757529973984, 0.9934307932853699, 0.001992259407415986, -0.09281833469867706, -0.012686535716056824, 0.9956021904945374),
            ["LeftLowerArm"] = CFrame.new(-5.960464477539063e-08, 2.384185791015625e-07, 2.9802322387695312e-08, 1, -4.0978196835794733e-08, 0, 3.5390254282674505e-08, 0.8243680000305176, -0.566054105758667, 3.725289943190546e-08, 0.5660543441772461, 0.8243681192398071),
            ["RightUpperArm"] = CFrame.new(0, 5.960464477539062e-07, 6.51925802230835e-09, 0.9697338342666626, -0.2378973364830017, 0.05496712774038315, 0.21514487266540527, 0.9389914870262146, 0.2683422863483429, -0.1154513955116272, -0.2483946532011032, 0.9617541432380676),
            ["Head"] = CFrame.new(7.35744833946228e-08, 0.0000020265579223632812, 5.8673322200775146e-08, 0.9998565912246704, 0.01673358865082264, -0.0026190923526883125, -0.016850566491484642, 0.9984013438224792, -0.053953442722558975, 0.0017121322453022003, 0.05398986116051674, 0.9985401034355164),
            ["RightHand"] = CFrame.new(3.3993273973464966e-08, 2.980232238769531e-07, -6.705522537231445e-08, 0.9997556805610657, 0.012544956058263779, 0.018199628219008446, -0.012750402092933655, 0.9998559951782227, 0.01120701152831316, -0.018056252971291542, -0.011436526663601398, 0.9997715950012207),
            ["UpperTorso"] = CFrame.new(-1.5832483768463135e-08, -3.2782554626464844e-07, 2.7939677238464355e-08, 0.9778453707695007, 0.07514487951993942, 0.19537633657455444, -0.08949414640665054, 0.9938198328018188, 0.06567277759313583, -0.18923382461071014, -0.0817028284072876, 0.9785270690917969),
            ["HumanoidRootPart"] = CFrame.new(0, 0, 0, 1, 0, 0, 0, 1, 0, 0, 0, 1),
            ["RightUpperLeg"] = CFrame.new(0, 0.000001142965629696846, -9.145878721028566e-09, 0.9554162621498108, 0.08873845636844635, 0.281611829996109, 0.08483262360095978, 0.8310552835464478, -0.5496820211410522, -0.28281307220458984, 0.5490650534629822, 0.7864760160446167),
            ["LeftUpperArm"] = CFrame.new(0, 5.960464477539062e-07, 3.725290298461914e-09, 0.9854260087013245, 0.15137147903442383, -0.07760518789291382, -0.14031706750392914, 0.9812411069869995, 0.13219986855983734, 0.09616050869226456, -0.11938393861055374, 0.9881804585456848),
            ["RightLowerArm"] = CFrame.new(2.384185791015625e-07, -4.76837158203125e-07, 1.862645149230957e-07, 1, -4.4703494239684005e-08, 4.470345515983354e-08, 8.195637946073475e-08, 0.8447110056877136, -0.5352222323417664, 1.862644971595273e-08, 0.5352227091789246, 0.8447113037109375),
            ["LeftHand"] = CFrame.new(-2.1606683731079102e-07, 2.384185791015625e-07, 8.940696716308594e-08, 0.9999488592147827, -0.009817217476665974, -0.0024545788764953613, 0.01011358667165041, 0.9777479767799377, 0.2095394879579544, 0.00034282359411008656, -0.2095532864332199, 0.9777971506118774),
            ["LeftFoot"] = CFrame.new(-1.1059455573558807e-09, -1.1920928955078125e-07, 1.1175870895385742e-08, 0.9974316954612732, -0.04945826902985573, 0.05180632695555687, 0.07065523415803909, 0.7980058193206787, -0.5984942317008972, -0.011740922927856445, 0.6006168723106384, 0.7994502782821655),
            ["LowerTorso"] = CFrame.new(-0.09477302432060242, -0.165075421333313, -0.03203961253166199, 0.9731498956680298, -0.06630472093820572, -0.2204156517982483, 0.0552968755364418, 0.99691241979599, -0.0557485893368721, 0.22343149781227112, 0.042063429951667786, 0.973811686038971),
            ["RightLowerLeg"] = CFrame.new(-9.499490261077881e-08, -0.00012224912643432617, -0.00007748434290988371, 1, -1.0430811414607888e-07, -7.316707240079268e-08, 1.3783574104309082e-07, 0.5446317791938782, 0.8386749029159546, -6.332993507385254e-08, -0.8386752605438232, 0.5446322560310364),
            ["LeftUpperLeg"] = CFrame.new(2.086162567138672e-07, -2.975575625896454e-07, 5.21540641784668e-08, 0.9645232558250427, 0.20318591594696045, 0.16855385899543762, -0.14601701498031616, 0.9425064325332642, -0.3006005585193634, -0.21994103491306305, 0.26532453298568726, 0.9387379884719849),
            ["LeftLowerLeg"] = CFrame.new(3.259629011154175e-08, 0.00012183189392089844, 0.00007747579365968704, 1, 6.845219502338296e-08, 4.470345160711986e-08, -7.462218576392843e-08, 0.5791183114051819, 0.8152434229850769, 4.190949454141446e-08, -0.8152435421943665, 0.5791184902191162),
        }},
        {Time = 0.067, Data = {
            ["RightFoot"] = CFrame.new(6.146728992462158e-08, 2.384185791015625e-07, -9.143695933744311e-08, 0.9737396836280823, 0.21232342720031738, 0.08215837925672531, -0.22019951045513153, 0.9700007438659668, 0.10300952196121216, -0.05782211571931839, -0.11839510500431061, 0.9912815690040588),
            ["LeftLowerArm"] = CFrame.new(5.960464477539063e-08, 5.960464477539063e-08, -2.9802322387695312e-08, 1, -2.9802322387695312e-08, -2.2351741790771484e-08, 7.63684582238966e-08, 0.7648897767066956, -0.6441611647605896, 0, 0.6441611647605896, 0.7648898363113403),
            ["RightUpperArm"] = CFrame.new(-5.960464477539063e-08, 0, -2.7939677238464355e-08, 0.964677095413208, -0.2600112557411194, 0.042336832731962204, 0.2378549575805664, 0.928764283657074, 0.28429195284843445, -0.11323989927768707, -0.26417994499206543, 0.9578025341033936),
            ["Head"] = CFrame.new(5.8673322200775146e-08, 0.0000016689300537109375, 6.123445928096771e-08, 0.9998948574066162, -0.014431930147111416, 0.0014264995697885752, 0.014497995376586914, 0.9923698306083679, -0.12244182080030441, 0.0003515095741022378, 0.1224496066570282, 0.9924746751785278),
            ["RightHand"] = CFrame.new(2.2258609533309937e-07, -5.960464477539063e-08, 5.960464477539063e-08, 0.9998971223831177, -0.0019397549331188202, 0.014217592775821686, 0.004047080874443054, 0.9887148141860962, -0.14975544810295105, -0.013766411691904068, 0.1497974693775177, 0.9886208772659302),
            ["UpperTorso"] = CFrame.new(4.936009645462036e-08, -1.7881393432617188e-07, 7.450580596923828e-09, 0.9642118215560913, 0.10225311666727066, 0.24462220072746277, -0.12982743978500366, 0.986546516418457, 0.099351666867733, -0.23117215931415558, -0.12755466997623444, 0.9645150899887085),
            ["HumanoidRootPart"] = CFrame.new(0, 0, 0, 1, 0, 0, 0, 1, 0, 0, 0, 1),
            ["RightUpperLeg"] = CFrame.new(-1.1920928955078125e-07, 0.0000014475081115961075, -3.894820110872388e-08, 0.8835016489028931, 0.19993196427822113, 0.42361778020858765, 0.13672471046447754, 0.7548938989639282, -0.6414369344711304, -0.4480304718017578, 0.6246297359466553, 0.6396146416664124),
            ["LeftUpperArm"] = CFrame.new(5.960464477539063e-08, -1.1920928955078125e-07, -1.4901161193847656e-08, 0.9713712334632874, 0.18390847742557526, -0.15038621425628662, -0.16909579932689667, 0.9798749089241028, 0.10607434064149857, 0.1668674349784851, -0.0776078850030899, 0.9829202890396118),
            ["RightLowerArm"] = CFrame.new(-5.960464477539063e-08, -2.384185791015625e-07, 9.685754776000977e-08, 1, -2.9802311729554276e-08, 1.862644793959589e-08, 8.195639367158947e-08, 0.7761402726173401, -0.6305601596832275, 2.421439049271612e-08, 0.6305602192878723, 0.7761403322219849),
            ["LeftHand"] = CFrame.new(-3.725290298461914e-08, 1.1920928955078125e-07, -1.4901161193847656e-07, 0.9979578256607056, 0.006066361907869577, -0.06358872354030609, 0.0028691182378679514, 0.990218460559845, 0.139496847987175, 0.06381285190582275, -0.13939446210861206, 0.9881786704063416),
            ["LeftFoot"] = CFrame.new(-1.862645149230957e-08, -5.960464477539063e-08, -2.9336661100387573e-08, 0.9949737787246704, -0.012030969373881817, 0.09941081702709198, 0.07364226877689362, 0.7606155276298523, -0.6450135111808777, -0.06785308569669724, 0.6490913033485413, 0.7576774954795837),
            ["LowerTorso"] = CFrame.new(-0.13724668323993683, -0.17776000499725342, -0.061169885098934174, 0.9600104093551636, -0.08350235223770142, -0.267221599817276, 0.0717727318406105, 0.9959914088249207, -0.05338286980986595, 0.2706080377101898, 0.032068882137537, 0.9621554017066956),
            ["RightLowerLeg"] = CFrame.new(7.450580596923828e-09, -0.00012224912643432617, -0.0000772012208472006, 1, -2.0116563348437921e-07, -5.215408904746255e-08, 1.4528632164001465e-07, 0.2880072593688965, 0.9576281309127808, -1.341104507446289e-07, -0.9576282501220703, 0.28800785541534424),
            ["LeftUpperLeg"] = CFrame.new(1.7881393432617188e-07, -2.100132405757904e-07, 2.9802322387695312e-08, 0.9664811491966248, 0.18506556749343872, 0.17794638872146606, -0.12952548265457153, 0.9499096274375916, -0.2844201326370239, -0.2216695100069046, 0.2518382966518402, 0.9420405030250549),
            ["LeftLowerLeg"] = CFrame.new(-7.450580596923828e-08, 0.0001221299171447754, 0.00007735192775726318, 1, 8.568168397005138e-08, 3.818419358481151e-08, -6.891784920526334e-08, 0.5559223890304565, 0.831234335899353, 3.445892460263167e-08, -0.8312342762947083, 0.555922269821167),
        }},
        {Time = 0.100, Data = {
            ["RightFoot"] = CFrame.new(7.729977369308472e-08, 2.980232238769531e-07, -2.438173396512866e-08, 0.9663076400756836, 0.23004984855651855, 0.11544182896614075, -0.23403212428092957, 0.9719792008399963, 0.02203330397605896, -0.10713820159435272, -0.04830775409936905, 0.9930698871612549),
            ["LeftLowerArm"] = CFrame.new(-2.682209014892578e-07, 5.364418029785156e-07, -7.450580596923828e-08, 1, -6.705523958316917e-08, 0, 1.2665987014770508e-07, 0.6954848170280457, -0.718540608882904, 2.9802322387695312e-08, 0.7185409069061279, 0.6954850554466248),
            ["RightUpperArm"] = CFrame.new(1.1920928955078125e-07, 3.5762786865234375e-07, 6.332993507385254e-08, 0.9572051763534546, -0.27070847153663635, -0.10234913229942322, 0.2893752157688141, 0.9007404446601868, 0.32392698526382446, 0.004500244278460741, -0.3396817147731781, 0.9405296444892883),
            ["Head"] = CFrame.new(7.636845111846924e-08, 0.0000017881393432617188, 5.774199962615967e-08, 0.9986051321029663, -0.020959002897143364, 0.04846259951591492, 0.02804284729063511, 0.9882183074951172, -0.15046001970767975, -0.04473802074790001, 0.15160919725894928, 0.9874275326728821),
            ["RightHand"] = CFrame.new(-8.940696716308594e-08, -1.7881393432617188e-07, -1.4901161193847656e-08, 0.9971993565559387, 0.006468714214861393, -0.07450900226831436, -0.01897687464952469, 0.985533595085144, -0.16841457784175873, 0.0723416730761528, 0.16935701668262482, 0.9828962683677673),
            ["UpperTorso"] = CFrame.new(-5.587935447692871e-08, 1.4901161193847656e-07, 7.450580596923828e-09, 0.9728459119796753, 0.11638761311769485, 0.2000623494386673, -0.1396961212158203, 0.98444002866745, 0.10659714043140411, -0.184542715549469, -0.13165050745010376, 0.9739671945571899),
            ["HumanoidRootPart"] = CFrame.new(0, 0, 0, 1, 0, 0, 0, 1, 0, 0, 0, 1),
            ["RightUpperLeg"] = CFrame.new(1.1920928955078125e-07, 7.601920515298843e-07, -5.757465260103345e-08, 0.8917691707611084, 0.14696432650089264, 0.42795950174331665, 0.19253841042518616, 0.7326502203941345, -0.6528035998344421, -0.4094834327697754, 0.6645488739013672, 0.6250585317611694),
            ["LeftUpperArm"] = CFrame.new(-1.1920928955078125e-07, 7.152557373046875e-07, 4.470348358154297e-08, 0.9657709002494812, 0.2303493618965149, -0.11927349120378494, -0.21554571390151978, 0.9684543609619141, 0.12504327297210693, 0.14431419968605042, -0.09505416452884674, 0.9849558472633362),
            ["RightLowerArm"] = CFrame.new(-1.4901161193847656e-07, 5.960464477539063e-08, -5.960464477539063e-08, 1, -5.215405707303944e-08, 1.862644971595273e-08, 7.078050145992165e-08, 0.6184196472167969, -0.7858482003211975, 3.7252894102834944e-09, 0.785848081111908, 0.6184194684028625),
            ["LeftHand"] = CFrame.new(5.960464477539063e-08, -1.7881393432617188e-07, 2.384185791015625e-07, 0.9918634295463562, 0.01477016694843769, -0.12644675374031067, -0.005882233381271362, 0.9975031018257141, 0.07037803530693054, 0.12717045843601227, -0.06906156986951828, 0.9894737005233765),
            ["LeftFoot"] = CFrame.new(1.1525116860866547e-08, 5.960464477539063e-08, -3.087916411459446e-08, 0.9973016381263733, 0.012823575176298618, 0.07228513807058334, 0.038350511342287064, 0.7485962510108948, -0.6619167327880859, -0.06260041147470474, 0.6629021763801575, 0.7460838556289673),
            ["LowerTorso"] = CFrame.new(-0.17786230146884918, -0.1831127405166626, -0.08758639544248581, 0.9663234353065491, -0.0757107138633728, -0.2459408938884735, 0.06827593594789505, 0.9969183206558228, -0.038630276918411255, 0.2481076866388321, 0.020537499338388443, 0.9685148000717163),
            ["RightLowerLeg"] = CFrame.new(-1.4156103134155273e-07, -0.00012248754501342773, -0.00007733533129794523, 1, -1.0430809993522416e-07, -1.5273697329121205e-07, 1.6391278734317893e-07, 0.07844959199428558, 0.9969181418418884, -1.6391278734317893e-07, -0.9969180822372437, 0.07844965904951096),
            ["LeftUpperLeg"] = CFrame.new(2.9802322387695312e-08, -3.972090780735016e-07, 2.2351741790771484e-08, 0.9687807559967041, 0.15903162956237793, 0.19019180536270142, -0.09902353584766388, 0.9515154361724854, -0.2912265658378601, -0.22728468477725983, 0.263301283121109, 0.9375575184822083),
            ["LeftLowerLeg"] = CFrame.new(-4.0978193283081055e-08, 0.00012218952178955078, 0.0000774972140789032, 1, 7.63684582238966e-08, 4.199680248007098e-08, -7.636841559133245e-08, 0.5548112392425537, 0.831976056098938, 3.8649869082973964e-08, -0.8319763541221619, 0.5548115372657776),
        }},
        {Time = 0.133, Data = {
            ["RightFoot"] = CFrame.new(1.862645149230957e-09, 4.172325134277344e-07, 6.129994289949536e-08, 0.9685086011886597, 0.20643197000026703, 0.13920167088508606, -0.19106806814670563, 0.9746907353401184, -0.11606567353010178, -0.15963803231716156, 0.08581406623125076, 0.9834386706352234),
            ["LeftLowerArm"] = CFrame.new(-2.980232238769531e-07, 2.980232238769531e-07, 1.4901161193847656e-07, 1, -9.685756197086448e-08, 1.4901159417490817e-08, 1.601874686230076e-07, 0.6114699244499207, -0.791267454624176, 7.450579886381092e-08, 0.7912678122520447, 0.6114701628684998),
            ["RightUpperArm"] = CFrame.new(0, -5.960464477539062e-07, 1.4901161193847656e-08, 0.9306804537773132, -0.2776726484298706, -0.23818492889404297, 0.35272854566574097, 0.8537955284118652, 0.38290414214134216, 0.09703903645277023, -0.44037607312202454, 0.892553985118866),
            ["Head"] = CFrame.new(8.195638656616211e-08, 0.0000011920928955078125, 7.310882210731506e-08, 0.99461829662323, -0.017116643488407135, 0.10218432545661926, 0.03523653745651245, 0.9833526015281677, -0.17825862765312195, -0.09743191301822662, 0.18089993298053741, 0.9786635637283325),
            ["RightHand"] = CFrame.new(-1.862645149230957e-09, -1.7881393432617188e-07, 1.9371509552001953e-07, 0.9970474243164062, 0.056682199239730835, -0.05180346965789795, -0.06530866771936417, 0.9807884097099304, -0.18381798267364502, 0.040389299392700195, 0.18665821850299835, 0.9815943241119385),
            ["UpperTorso"] = CFrame.new(-1.862645149230957e-09, 2.384185791015625e-07, 3.725290298461914e-09, 0.9838258028030396, 0.12428212910890579, 0.12899985909461975, -0.1397240310907364, 0.9830753803253174, 0.11849068105220795, -0.11209025979042053, -0.134598508477211, 0.9845400452613831),
            ["HumanoidRootPart"] = CFrame.new(0, 0, 0, 1, 0, 0, 0, 1, 0, 0, 0, 1),
            ["RightUpperLeg"] = CFrame.new(1.1920928955078125e-07, 0.0000013336975825950503, -7.992639439180493e-08, 0.9207534193992615, 0.019496969878673553, 0.38965725898742676, 0.24905188381671906, 0.7394051551818848, -0.625502347946167, -0.3003104329109192, 0.6729784607887268, 0.6759541034698486),
            ["LeftUpperArm"] = CFrame.new(-1.1920928955078125e-07, 1.1920928955078125e-07, 4.470348358154297e-08, 0.9561023712158203, 0.285980761051178, -0.06390539556741714, -0.2744784951210022, 0.9503757357597351, 0.1464475691318512, 0.10261527448892593, -0.12247826159000397, 0.987152099609375),
            ["RightLowerArm"] = CFrame.new(2.980232238769531e-07, -1.1920928955078125e-07, -8.940696716308594e-08, 1, -1.1920928955078125e-07, 0, 8.195637946073475e-08, 0.3519658148288727, -0.936012864112854, 4.470347647611561e-08, 0.9360129237174988, 0.35196593403816223),
            ["LeftHand"] = CFrame.new(-2.9802322387695312e-08, -2.384185791015625e-07, 1.7881393432617188e-07, 0.9814918041229248, 0.011682413518428802, -0.19114746153354645, -0.011261560022830963, 0.9999312162399292, 0.0032901386730372906, 0.19117265939712524, -0.0010765865445137024, 0.9815558195114136),
            ["LeftFoot"] = CFrame.new(-2.3050233721733093e-08, 5.960464477539063e-08, 2.2351741790771484e-08, 0.9998465180397034, 0.017436454072594643, -0.0017307429807260633, -0.014155566692352295, 0.745577871799469, -0.6662685871124268, -0.01032674964517355, 0.6661903262138367, 0.7457098364830017),
            ["LowerTorso"] = CFrame.new(-0.20686113834381104, -0.19550573825836182, -0.10809486359357834, 0.9823445081710815, -0.06365922093391418, -0.1759168952703476, 0.06102713942527771, 0.9979289174079895, -0.020337458699941635, 0.17684721946716309, 0.009242688305675983, 0.9841949939727783),
            ["RightLowerLeg"] = CFrame.new(3.725290298461914e-08, -0.00012254714965820312, -0.00007725337491137907, 1, -1.1175866632129328e-07, -8.940698847936801e-08, 1.4901159772762185e-07, -0.08270291239023209, 0.9965742826461792, -1.4156101713069802e-07, -0.9965742826461792, -0.08270276337862015),
            ["LeftUpperLeg"] = CFrame.new(8.940696716308594e-08, -4.423782229423523e-08, 7.450580596923828e-09, 0.9700822830200195, 0.14839598536491394, 0.1921434849500656, -0.07809964567422867, 0.940122127532959, -0.3317696452140808, -0.2298716902732849, 0.3068373501300812, 0.9235852956771851),
            ["LeftLowerLeg"] = CFrame.new(1.2665987014770508e-07, 0.00012201070785522461, 0.00007745996117591858, 1, 7.450579175838357e-08, 3.539023296639243e-08, -7.543709301671697e-08, 0.5290759801864624, 0.848574161529541, 4.190949454141446e-08, -0.8485745191574097, 0.5290764570236206),
        }},
        {Time = 0.167, Data = {
            ["RightFoot"] = CFrame.new(-2.0489096641540527e-08, 2.980232238769531e-07, -4.300818545743823e-08, 0.9725332856178284, 0.18838509917259216, 0.1367117166519165, -0.1587858498096466, 0.9664037227630615, -0.20211632549762726, -0.17019429802894592, 0.17485736310482025, 0.9697726964950562),
            ["LeftLowerArm"] = CFrame.new(2.682209014892578e-07, 2.384185791015625e-07, -6.705522537231445e-08, 1, -5.960463766996327e-08, 2.9802311729554276e-08, 7.078050856534901e-08, 0.5063082575798035, -0.8623525500297546, 7.636844401304188e-08, 0.8623526096343994, 0.506308376789093),
            ["RightUpperArm"] = CFrame.new(-1.7881393432617188e-07, 0, -1.4901161193847656e-08, 0.8811713457107544, -0.2926608622074127, -0.37133240699768066, 0.4410831332206726, 0.791658341884613, 0.4227556884288788, 0.17024368047714233, -0.5363085269927979, 0.8266740441322327),
            ["Head"] = CFrame.new(-1.6763806343078613e-08, 0.0000013113021850585938, 4.0279701352119446e-08, 0.9853771924972534, -0.013149536214768887, 0.16987980902194977, 0.04890806972980499, 0.9768900275230408, -0.20807228982448578, -0.16321773827075958, 0.21333815157413483, 0.9632481336593628),
            ["RightHand"] = CFrame.new(3.501772880554199e-07, 2.980232238769531e-07, 1.6391277313232422e-07, 0.9724043011665344, 0.21027684211730957, 0.1010633334517479, -0.18399907648563385, 0.9575469493865967, -0.22191914916038513, -0.14343705773353577, 0.19719955325126648, 0.9698134660720825),
            ["UpperTorso"] = CFrame.new(-2.7939677238464355e-09, -5.960464477539063e-08, 2.7939677238464355e-09, 0.9888558387756348, 0.1400081217288971, 0.050615161657333374, -0.14581283926963806, 0.9794316291809082, 0.1394713968038559, -0.030046911910176277, -0.14529742300510406, 0.9889317154884338),
            ["HumanoidRootPart"] = CFrame.new(0, 0, 0, 1, 0, 0, 0, 1, 0, 0, 0, 1),
            ["RightUpperLeg"] = CFrame.new(-2.9802322387695312e-08, 9.765572031028569e-07, -5.4780684877187014e-08, 0.919001579284668, -0.07163706421852112, 0.38769087195396423, 0.3108614683151245, 0.7364851832389832, -0.6007950305938721, -0.24248968064785004, 0.6726496815681458, 0.6991003155708313),
            ["LeftUpperArm"] = CFrame.new(-1.1920928955078125e-07, -4.76837158203125e-07, -5.4016709327697754e-08, 0.9392397403717041, 0.3430924713611603, -0.010831455700099468, -0.3369869887828827, 0.9276159405708313, 0.1611444652080536, 0.06533466279506683, -0.14770318567752838, 0.9868714213371277),
            ["RightLowerArm"] = CFrame.new(4.76837158203125e-07, -3.5762786865234375e-07, -1.4901161193847656e-08, 1, -7.450579886381092e-08, 1.0430814256778831e-07, 8.940696716308594e-08, 0.0215339045971632, -0.9997681975364685, 8.940696716308594e-08, 0.9997681379318237, 0.021533915773034096),
            ["LeftHand"] = CFrame.new(-9.685754776000977e-08, 1.1920928955078125e-07, -1.1920928955078125e-07, 0.9665813446044922, -0.0071692559868097305, -0.25626060366630554, -0.00878639705479145, 0.9980953335762024, -0.06106323003768921, 0.2562099099159241, 0.061274152249097824, 0.964677095413208),
            ["LeftFoot"] = CFrame.new(-5.122274160385132e-09, -1.7881393432617188e-07, 2.9802322387695312e-08, 0.9943183064460754, 0.005216291174292564, -0.10631959140300751, -0.07371682673692703, 0.7542771697044373, -0.6524052023887634, 0.07679131627082825, 0.6565353870391846, 0.7503756880760193),
            ["LowerTorso"] = CFrame.new(-0.22042442858219147, -0.2094637155532837, -0.12497120350599289, 0.9954745173454285, -0.06583044677972794, -0.06853336095809937, 0.06574395298957825, 0.997830331325531, -0.0035192130599170923, 0.0686163380742073, -0.0010023674694821239, 0.9976426959037781),
            ["RightLowerLeg"] = CFrame.new(4.470348358154297e-08, -0.00012218952178955078, -0.00007732043013675138, 1, -1.3411040811206476e-07, -1.5646226358967397e-07, 1.7136336794010276e-07, -0.22707907855510712, 0.973876416683197, -1.788139627478813e-07, -0.9738762974739075, -0.2270791381597519),
            ["LeftUpperLeg"] = CFrame.new(2.980232238769531e-07, -3.001769073307514e-07, 4.98257577419281e-08, 0.9703312516212463, 0.16527996957302094, 0.1764650046825409, -0.08258708566427231, 0.9125356078147888, -0.40057241916656494, -0.22723707556724548, 0.3741142153739929, 0.8991117477416992),
            ["LeftLowerLeg"] = CFrame.new(5.029141902923584e-08, 0.00012230873107910156, 0.0000774487853050232, 1, 3.352760558072987e-08, 9.033824710513727e-08, -7.078047303821222e-08, 0.47420287132263184, 0.8804154396057129, 7.078047303821222e-08, -0.8804155588150024, 0.4742032587528229),
        }},
        {Time = 0.200, Data = {
            ["RightFoot"] = CFrame.new(9.12696123123169e-08, 3.5762786865234375e-07, 1.4698161976411939e-07, 0.9766038656234741, 0.18795689940452576, 0.1044851690530777, -0.16404026746749878, 0.9652965068817139, -0.2032080888748169, -0.13905322551727295, 0.18131455779075623, 0.973544716835022),
            ["LeftLowerArm"] = CFrame.new(0, 1.1920928955078125e-07, 8.195638656616211e-08, 1, -4.4703469370688254e-08, 1.192092469182171e-07, 2.9802318834981634e-08, 0.25671645998954773, -0.9664867520332336, 5.5879347371501353e-08, 0.9664868116378784, 0.2567165195941925),
            ["RightUpperArm"] = CFrame.new(-5.960464477539063e-08, 0, 1.862645149230957e-09, 0.8039088249206543, -0.32425591349601746, -0.49858778715133667, 0.5517860651016235, 0.7194668650627136, 0.42178064584732056, 0.22195205092430115, -0.6141870021820068, 0.7573053240776062),
            ["Head"] = CFrame.new(1.0547228157520294e-07, 0.0000010728836059570312, 2.805609256029129e-08, 0.9767441749572754, -0.007853356190025806, 0.21426406502723694, 0.057639818638563156, 0.9721584916114807, -0.22712475061416626, -0.20651496946811676, 0.23419302701950073, 0.9500028491020203),
            ["RightHand"] = CFrame.new(4.470348358154297e-08, 0, -1.9371509552001953e-07, 0.9020113348960876, 0.38844868540763855, 0.18837261199951172, -0.33219268918037415, 0.9031956791877747, -0.2718179225921631, -0.2757239043712616, 0.18260681629180908, 0.9437324404716492),
            ["UpperTorso"] = CFrame.new(5.657784640789032e-08, -5.066394805908203e-07, 7.450580596923828e-09, 0.9878541827201843, 0.15528342127799988, 0.005594067275524139, -0.15436211228370667, 0.9765966534614563, 0.14977103471755981, 0.017793843522667885, -0.14881551265716553, 0.9887049198150635),
            ["HumanoidRootPart"] = CFrame.new(0, 0, 0, 1, 0, 0, 0, 1, 0, 0, 0, 1),
            ["RightUpperLeg"] = CFrame.new(-2.9802322387695312e-08, 5.719484761357307e-07, -7.24758137948811e-08, 0.8794602155685425, -0.09039010852575302, 0.4673107862472534, 0.38547244668006897, 0.7112024426460266, -0.5878791213035583, -0.27921465039253235, 0.6971519589424133, 0.6603172421455383),
            ["LeftUpperArm"] = CFrame.new(5.960464477539063e-08, -3.5762786865234375e-07, 5.21540641784668e-08, 0.8474483489990234, 0.5259952545166016, -0.07184568047523499, -0.5063788294792175, 0.8415402770042419, 0.18811975419521332, 0.15941090881824493, -0.12304037064313889, 0.9795147776603699),
            ["RightLowerArm"] = CFrame.new(-2.682209014892578e-07, -2.384185791015625e-07, 3.427267074584961e-07, 1, -6.705520405603238e-08, 1.1920926112907182e-07, 5.960463766996327e-08, -0.31351348757743835, -0.9495838284492493, 1.0430811414607888e-07, 0.9495837688446045, -0.31351321935653687),
            ["LeftHand"] = CFrame.new(-1.4901161193847656e-08, 5.960464477539063e-08, 2.086162567138672e-07, 0.932302713394165, -0.12790971994400024, -0.33830729126930237, 0.09750280529260635, 0.9896310567855835, -0.10546860098838806, 0.34828871488571167, 0.06534285843372345, 0.9351066946983337),
            ["LeftFoot"] = CFrame.new(-6.146728992462158e-08, 1.1920928955078125e-07, -4.470348358154297e-08, 0.9825491905212402, -0.00869695283472538, -0.18579961359500885, -0.11039668321609497, 0.7766727209091187, -0.6201557517051697, 0.14969901740550995, 0.6298443675041199, 0.7621582746505737),
            ["LowerTorso"] = CFrame.new(-0.22149011492729187, -0.216638445854187, -0.1398744434118271, 0.996717095375061, -0.07932402193546295, 0.01620757207274437, 0.07915902137756348, 0.9968058466911316, 0.010581555776298046, -0.016995172947645187, -0.0092638423666358, 0.9998127222061157),
            ["RightLowerLeg"] = CFrame.new(4.470348358154297e-08, -0.00012248754501342773, -0.00007739493594272062, 1, -8.19563368281706e-08, -1.713634105726669e-07, 1.6391273049976007e-07, -0.4076763093471527, 0.913126528263092, -2.6822084464583895e-07, -0.913126528263092, -0.4076763689517975),
            ["LeftUpperLeg"] = CFrame.new(2.384185791015625e-07, -0.0000010112999007105827, 1.6763806343078613e-08, 0.9700042009353638, 0.19274330139160156, 0.1481284499168396, -0.10511074215173721, 0.882010817527771, -0.4593566656112671, -0.2191888988018036, 0.4300081431865692, 0.8758136630058289),
            ["LeftLowerLeg"] = CFrame.new(-1.2852251529693604e-07, 0.0001220703125, 0.00007735192775726318, 1, 6.705522537231445e-08, 6.519255180137407e-08, -7.078048724906694e-08, 0.4209173917770386, 0.9070989489555359, 6.519255890680142e-08, -0.9070990085601807, 0.4209175407886505),
        }},
        {Time = 0.233, Data = {
            ["RightFoot"] = CFrame.new(9.313225746154785e-09, 2.980232238769531e-07, 5.10553945787251e-08, 0.976598858833313, 0.1987534612417221, 0.08216861635446548, -0.18400847911834717, 0.9699510931968689, -0.1591728925704956, -0.11133567243814468, 0.14032875001430511, 0.9838253855705261),
            ["LeftLowerArm"] = CFrame.new(-1.1920928955078125e-07, -2.384185791015625e-07, 2.4586915969848633e-07, 1, -6.332992086299782e-08, 1.0803343286625022e-07, 2.309680269263481e-07, -0.03502416983246803, -0.9993864893913269, 9.499491682163352e-08, 0.9993865489959717, -0.03502415865659714),
            ["RightUpperArm"] = CFrame.new(0, 5.960464477539062e-07, 8.568167686462402e-08, 0.698349118232727, -0.3957691192626953, -0.5963864326477051, 0.6764463782310486, 0.6372698545455933, 0.3691970407962799, 0.23394200205802917, -0.6612518429756165, 0.7127529382705688),
            ["Head"] = CFrame.new(3.632158041000366e-08, 0.0000019073486328125, 7.59027898311615e-08, 0.9750134944915771, 0.007489953190088272, 0.2220194935798645, 0.04551646485924721, 0.9714919328689575, -0.2326623946428299, -0.21743282675743103, 0.23695452511310577, 0.9468768239021301),
            ["RightHand"] = CFrame.new(7.450580596923828e-08, -5.960464477539063e-08, -2.384185791015625e-07, 0.8326860070228577, 0.5289402604103088, 0.16388200223445892, -0.457206666469574, 0.823683500289917, -0.33542025089263916, -0.31240397691726685, 0.20437167584896088, 0.9277047514915466),
            ["UpperTorso"] = CFrame.new(-5.21540641784668e-08, -2.980232238769531e-07, 7.450580596923828e-09, 0.9880040287971497, 0.15428198873996735, -0.006712297908961773, -0.15187156200408936, 0.9786059260368347, 0.13880042731761932, 0.027983112260699272, -0.13611595332622528, 0.9902976751327515),
            ["HumanoidRootPart"] = CFrame.new(0, 0, 0, 1, 0, 0, 0, 1, 0, 0, 0, 1),
            ["RightUpperLeg"] = CFrame.new(-2.9802322387695312e-08, 0.0000011369120329618454, -3.336026566103101e-08, 0.807968258857727, -0.07625485956668854, 0.5842706561088562, 0.472026526927948, 0.6772676110267639, -0.5643577575683594, -0.3526729941368103, 0.7317744493484497, 0.5832050442695618),
            ["LeftUpperArm"] = CFrame.new(-1.1920928955078125e-07, 4.76837158203125e-07, 7.450580596923828e-08, 0.7156310081481934, 0.6914855241775513, -0.09859597682952881, -0.6620298027992249, 0.716498076915741, 0.21987730264663696, 0.22268572449684143, -0.09207746386528015, 0.970532238483429),
            ["RightLowerArm"] = CFrame.new(-2.980232238769531e-07, 1.1920928955078125e-07, 2.905726432800293e-07, 1, -7.450579886381092e-08, 1.0244546899684792e-07, 8.195638656616211e-08, -0.559013843536377, -0.8291583061218262, 1.1920928955078125e-07, 0.829158365726471, -0.5590137839317322),
            ["LeftHand"] = CFrame.new(0, 5.960464477539063e-08, -4.470348358154297e-08, 0.8713615536689758, -0.3340919613838196, -0.3593226373195648, 0.29972225427627563, 0.942274808883667, -0.14927928149700165, 0.3884529769420624, 0.022379189729690552, 0.921196460723877),
            ["LeftFoot"] = CFrame.new(4.842877388000488e-08, 1.7881393432617188e-07, -3.725290298461914e-08, 0.973067581653595, -0.020312165841460228, -0.22962337732315063, -0.12653301656246185, 0.7855716943740845, -0.6056955456733704, 0.19268867373466492, 0.6184373497962952, 0.7618438005447388),
            ["LowerTorso"] = CFrame.new(-0.21839742362499237, -0.2086578607559204, -0.1499936580657959, 0.994534432888031, -0.08562937378883362, 0.05973981320858002, 0.0846160501241684, 0.9962267875671387, 0.01929544284939766, -0.06116665154695511, -0.014135036617517471, 0.9980275630950928),
            ["RightLowerLeg"] = CFrame.new(-2.086162567138672e-07, -0.00012260675430297852, -0.00007735023245913908, 1, -1.764855426245049e-07, -2.3841863594498136e-07, 8.195638656616211e-08, -0.588355302810669, 0.808602511882782, -3.2782554626464844e-07, -0.808602511882782, -0.5883553624153137),
            ["LeftUpperLeg"] = CFrame.new(0, -7.421476766467094e-07, 4.470348358154297e-08, 0.9697084426879883, 0.20698140561580658, 0.12970829010009766, -0.12392593175172806, 0.8744786381721497, -0.4689665734767914, -0.21049447357654572, 0.43868646025657654, 0.8736395239830017),
            ["LeftLowerLeg"] = CFrame.new(-1.601874828338623e-07, 0.00012254714965820312, 0.00007732212543487549, 1, 1.4901157641133977e-08, 1.0617074508445512e-07, -3.7252888773764425e-08, 0.4291076064109802, 0.9032529592514038, 9.313222193441106e-08, -0.9032533168792725, 0.42910847067832947),
        }},
        {Time = 0.267, Data = {
            ["RightFoot"] = CFrame.new(-7.078051567077637e-08, 2.980232238769531e-07, -1.879379851743579e-08, 0.9734571576118469, 0.20376995205879211, 0.10420725494623184, -0.19690200686454773, 0.9777369499206543, -0.07252722233533859, -0.11666586995124817, 0.05008367821574211, 0.9919076561927795),
            ["LeftLowerArm"] = CFrame.new(8.940696716308594e-08, 1.1920928955078125e-07, -4.470348358154297e-08, 1, -1.043081283569336e-07, 8.754432201385498e-08, 1.1920930376163597e-07, -0.24364085495471954, -0.9698655605316162, 1.6018749704471702e-07, 0.9698655605316162, -0.2436407208442688),
            ["RightUpperArm"] = CFrame.new(1.1920928955078125e-07, 2.384185791015625e-07, -2.9802322387695312e-08, 0.5920999050140381, -0.5138898491859436, -0.620754599571228, 0.7841855883598328, 0.5448847413063049, 0.29690587520599365, 0.1856626719236374, -0.6625843048095703, 0.7256104946136475),
            ["Head"] = CFrame.new(8.754432201385498e-08, 0.000001430511474609375, 3.259629011154175e-08, 0.971433162689209, 0.020430995151400566, 0.23643246293067932, 0.0372663177549839, 0.9707931280136108, -0.23700635135173798, -0.23436926305294037, 0.23904678225517273, 0.9422992467880249),
            ["RightHand"] = CFrame.new(2.9802322387695312e-08, -5.960464477539063e-08, -1.51805579662323e-07, 0.7701445817947388, 0.6268653273582458, 0.11797312647104263, -0.5494118928909302, 0.7458638548851013, -0.3766074478626251, -0.3240739703178406, 0.2252262532711029, 0.918830394744873),
            ["UpperTorso"] = CFrame.new(-9.313225746154785e-09, 1.4901161193847656e-07, 3.725290298461914e-09, 0.9872491359710693, 0.15752658247947693, -0.022901784628629684, -0.1532946527004242, 0.979608416557312, 0.12987743318080902, 0.0428939089179039, -0.12471070140600204, 0.991265594959259),
            ["HumanoidRootPart"] = CFrame.new(0, 0, 0, 1, 0, 0, 0, 1, 0, 0, 0, 1),
            ["RightUpperLeg"] = CFrame.new(-1.4901161193847656e-07, 0.000001383945345878601, -5.198671715334058e-08, 0.7177590131759644, -0.022937558591365814, 0.6959136128425598, 0.5514398217201233, 0.6289582848548889, -0.5480193495750427, -0.4251307547092438, 0.7771005630493164, 0.46408942341804504),
            ["LeftUpperArm"] = CFrame.new(-1.1920928955078125e-07, 0, 8.195638656616211e-08, 0.5677663087844849, 0.8108006119728088, -0.14228251576423645, -0.7659901976585388, 0.5836675763130188, 0.26942703127861023, 0.3014969825744629, -0.04398446902632713, 0.9524520039558411),
            ["RightLowerArm"] = CFrame.new(3.5762786865234375e-07, 5.960464477539063e-08, -1.1920928955078125e-07, 1, -5.0291401265667446e-08, 1.32844434119761e-07, 1.4901158351676713e-07, -0.7114865183830261, -0.7026997208595276, 1.7695124654437677e-07, 0.7026998400688171, -0.7114866375923157),
            ["LeftHand"] = CFrame.new(-5.960464477539063e-08, -5.960464477539063e-08, 2.2351741790771484e-07, 0.8319165706634521, -0.4549314081668854, -0.3177313208580017, 0.41324281692504883, 0.8900618553161621, -0.1924055516719818, 0.3703312873840332, 0.028765331953763962, 0.9284541010856628),
            ["LeftFoot"] = CFrame.new(-4.470348358154297e-08, 0, 1.1175870895385742e-08, 0.9653913378715515, -0.032424185425043106, -0.2587822377681732, -0.1261604279279709, 0.8103674650192261, -0.5721790790557861, 0.22826111316680908, 0.5850242376327515, 0.778230607509613),
