return {
    ["Ric Flair"] = {
        {Time = 0.000, Data = {
            ["RightFoot"] = CFrame.new(1.0803341865539551e-07, 3.5762786865234375e-07, 5.3849362302571535e-08, 0.928615927696228, 0.37103456258773804, -0.002441788325086236, -0.31554943323135376, 0.7862532734870911, -0.5312570333480835, -0.1951950192451477, 0.4941045045852661, 0.8472071290016174),
            ["LeftLowerArm"] = CFrame.new(-8.940696716308594e-08, 2.980232238769531e-07, -2.2351741790771484e-08, 1, -5.2154071283894154e-08, -7.450580596923828e-09, 4.4703490686970326e-08, 0.5952283143997192, -0.8035566806793213, 8.195639367158947e-08, 0.8035567402839661, 0.5952282547950745),
            ["RightUpperArm"] = CFrame.new(0.1299130916595459, 0.019389748573303223, 0.019166387617588043, 0.7741921544075012, -0.08370307832956314, 0.6273917555809021, 0.06022872030735016, 0.9964618682861328, 0.05862097069621086, -0.6300786137580872, -0.007596886716783047, 0.7764942049980164),
            ["Head"] = CFrame.new(3.4924596548080444e-10, -1.1920928955078125e-07, -4.445610102266073e-09, 0.9998351335525513, 0.017978278920054436, 0.002569922711700201, -0.01803363487124443, 0.9995625019073486, 0.02344455197453499, -0.002147307153791189, -0.02348703145980835, 0.999721884727478),
            ["RightHand"] = CFrame.new(-2.2351741790771484e-08, -2.384185791015625e-07, -1.4901161193847656e-08, 0.9403544664382935, 0.3401913344860077, 0.00184924085624516, -0.3362554609775543, 0.9302724599838257, -0.14671581983566284, -0.05163171887397766, 0.13734303414821625, 0.9891770482063293),
            ["UpperTorso"] = CFrame.new(5.820766091346741e-11, 1.7881393432617188e-07, 5.578023376529018e-09, 0.9993646740913391, 0.0011710517574101686, 0.03562310338020325, 0.00029288846417330205, 0.9991565942764282, -0.04106229543685913, -0.035641148686409, 0.041046641767024994, 0.9985213279724121),
            ["HumanoidRootPart"] = CFrame.new(0, 0, 0, 1, 0, 0, 0, 1, 0, 0, 0, 1),
            ["RightUpperLeg"] = CFrame.new(-2.9802322387695312e-08, 2.600718289613724e-07, -4.140019882470369e-09, 0.9215283393859863, -0.3877774178981781, -0.020356273278594017, 0.3635416626930237, 0.879982590675354, -0.30572569370269775, 0.13646672666072845, 0.27433452010154724, 0.9519020318984985),
            ["LeftUpperArm"] = CFrame.new(0, -2.384185791015625e-07, -2.7939677238464355e-09, 0.9351821541786194, 0.2331661731004715, 0.2665857970714569, -0.17915523052215576, 0.9607455134391785, -0.2118287980556488, -0.305512398481369, 0.150338277220726, 0.9402449131011963),
            ["RightLowerArm"] = CFrame.new(1.1920928955078125e-07, 5.960464477539063e-08, 2.9802322387695312e-08, 1, -1.8626449271863521e-09, -2.7939672797572257e-09, 1.210719347000122e-08, 0.9872092604637146, -0.15942999720573425, -3.5390257835388184e-08, 0.15943001210689545, 0.9872092008590698),
            ["LeftHand"] = CFrame.new(1.341104507446289e-07, 0, 2.775341272354126e-07, 0.49417445063591003, 0.1286010444164276, -0.8597984910011292, 0.06298009306192398, 0.9811041951179504, 0.1829429715871811, 0.8670786023139954, -0.1445559710264206, 0.47673723101615906),
            ["LeftFoot"] = CFrame.new(4.470348358154297e-08, -5.960464477539063e-08, 2.9802322387695312e-08, 0.9945052862167358, -0.00036053734947927296, 0.1046859547495842, -0.015382476150989532, 0.9886367917060852, 0.14953553676605225, -0.10355008393526077, -0.15032413601875305, 0.983198881149292),
            ["LowerTorso"] = CFrame.new(0.000022735621314495802, -0.28511810302734375, 0.0032132924534380436, 0.9999994039535522, -0.0001659196277614683, -0.0010670141782611609, 0.00022628760780207813, 0.9983839988708496, 0.05682772770524025, 0.0010558608919382095, -0.05682792887091637, 0.9983835220336914),
            ["RightLowerLeg"] = CFrame.new(-7.264316082000732e-08, -0.00000947713851928711, -0.00002665461943252012, 1, 1.043081283569336e-07, 5.215408194203519e-08, -1.3038517820973539e-08, 0.6712425947189331, 0.7412375807762146, 4.4703490686970326e-08, -0.7412377595901489, 0.6712427735328674),
            ["LeftUpperLeg"] = CFrame.new(-0.007540404796600342, -0.02687077969312668, -0.008468533866107464, 0.9737672209739685, 0.21693630516529083, 0.06867413222789764, -0.031612664461135864, 0.4278511106967926, -0.903296172618866, -0.2253400981426239, 0.8774293065071106, 0.4234853684902191),
            ["LeftLowerLeg"] = CFrame.new(-7.450580596923828e-09, 0.000010311603546142578, 0.00002660229802131653, 1, -9.313229298868464e-08, -4.284084198502569e-08, 1.303851426825986e-08, -0.23657767474651337, 0.9716126322746277, -7.450579886381092e-08, -0.9716126918792725, -0.23657752573490143),
        }},
        {Time = 0.033, Data = {
            ["RightFoot"] = CFrame.new(7.078051567077637e-08, 4.172325134277344e-07, 6.875052349641919e-08, 0.9217833876609802, 0.3872305452823639, 0.01919112168252468, -0.3146492540836334, 0.7760927081108093, -0.5465120077133179, -0.22652007639408112, 0.49772754311561584, 0.8372313976287842),
            ["LeftLowerArm"] = CFrame.new(-5.960464477539063e-08, 1.7881393432617188e-07, -2.2351741790771484e-08, 1, -1.0430814256778831e-07, -2.7939680791178034e-08, 4.842878098543224e-08, 0.4433630704879761, -0.8963420987129211, 6.705523247774181e-08, 0.8963421583175659, 0.44336310029029846),
            ["RightUpperArm"] = CFrame.new(0.10655927658081055, -0.018945693969726562, 0.015573441982269287, 0.8108276128768921, -0.08203287422657013, 0.5795077681541443, 0.09663276374340057, 0.9953039288520813, 0.00568607309833169, -0.5772527456283569, 0.05138901621103287, 0.8149468898773193),
            ["Head"] = CFrame.new(9.74978320300579e-09, -1.1920928955078125e-07, 1.862645149230957e-09, 0.9990664124488831, 0.04186750575900078, 0.010649288073182106, -0.04231417924165726, 0.998049259185791, 0.04590442776679993, -0.008706612512469292, -0.04631219804286957, 0.9988890886306763),
            ["RightHand"] = CFrame.new(1.6391277313232422e-07, -5.960464477539063e-08, 2.9802322387695312e-08, 0.9555845856666565, 0.2946445345878601, 0.006545386277139187, -0.2908831834793091, 0.9464913010597229, -0.1397903561592102, -0.04738356173038483, 0.13167762756347656, 0.9901594519615173),
            ["UpperTorso"] = CFrame.new(3.754394128918648e-09, 1.4901161193847656e-07, 3.4924596548080444e-09, 0.9993575811386108, -0.003927771467715502, 0.035623107105493546, 0.005390633828938007, 0.999142050743103, -0.04106229916214943, -0.035431262105703354, 0.04122794792056084, 0.9985213875770569),
            ["HumanoidRootPart"] = CFrame.new(0, 0, 0, 1, 0, 0, 0, 1, 0, 0, 0, 1),
            ["RightUpperLeg"] = CFrame.new(0, -3.125484226984554e-08, -5.609763320535421e-09, 0.9213241934776306, -0.38815736770629883, -0.022261843085289, 0.36347535252571106, 0.880236029624939, -0.3050743341445923, 0.13801252841949463, 0.27298054099082947, 0.9520683288574219),
            ["LeftUpperArm"] = CFrame.new(-0.0012868642807006836, -0.0002510547637939453, -0.0029967636801302433, 0.9435643553733826, 0.3303587734699249, 0.02343987673521042, -0.3212292790412903, 0.9301194548606873, -0.1780153512954712, -0.08061085641384125, 0.1604393869638443, 0.9837485551834106),
            ["RightLowerArm"] = CFrame.new(1.1920928955078125e-07, 0, -1.1175870895385742e-08, 1, -6.05359673500061e-09, 5.587935447692871e-09, 7.4505797087454084e-09, 0.9868543148040771, -0.16161246597766876, -9.313224857976365e-09, 0.16161246597766876, 0.9868543148040771),
            ["LeftHand"] = CFrame.new(0, 0, 1.043081283569336e-07, 0.5512261986732483, 0.1139727383852005, -0.8265349864959717, 0.06206130608916283, 0.9822813868522644, 0.17683839797973633, 0.8320446014404297, -0.14877378940582275, 0.5343858599662781),
            ["LeftFoot"] = CFrame.new(0, 1.1920928955078125e-07, -4.470348358154297e-08, 0.9978189468383789, -0.025074556469917297, 0.06106359511613846, 0.017190828919410706, 0.9918344616889954, 0.12636849284172058, -0.06373356282711029, -0.1250430941581726, 0.990102231502533),
            ["LowerTorso"] = CFrame.new(-0.014783069491386414, -0.3153195381164551, -0.006548937410116196, 0.9996978044509888, -0.02016373537480831, -0.01406307052820921, 0.020654063671827316, 0.999151349067688, 0.03563961759209633, 0.013332505710422993, -0.03591930493712425, 0.9992658495903015),
            ["RightLowerLeg"] = CFrame.new(-1.2293457984924316e-07, -0.000010073184967041016, -0.00002668814704520628, 1, 4.4703462265260896e-08, 2.2351736461700966e-08, 3.352760913344355e-08, 0.6456092596054077, 0.7636677026748657, -2.2351738238057806e-08, -0.7636680006980896, 0.6456094980239868),
            ["LeftUpperLeg"] = CFrame.new(-0.007540464401245117, -0.02687082067131996, -0.008468534797430038, 0.9556456804275513, 0.293984979391098, 0.01772371679544449, -0.10264302790164948, 0.38885506987571716, -0.9155634045600891, -0.27605384588241577, 0.8731348514556885, 0.4017831087112427),
            ["LeftLowerLeg"] = CFrame.new(1.4901161193847656e-07, 0.000010013580322265625, 0.000026637688279151917, 1, -1.4901162970204496e-08, 2.9802318834981634e-08, -1.862645149230957e-08, -0.10470666736364365, 0.9945031404495239, -1.862645149230957e-08, -0.9945031404495239, -0.10470648109912872),
        }},
        {Time = 0.067, Data = {
            ["RightFoot"] = CFrame.new(6.332993507385254e-08, 4.172325134277344e-07, 3.0915543902665377e-08, 0.9077167510986328, 0.4166066348552704, 0.049897126853466034, -0.3158784508705139, 0.7567879557609558, -0.5722693204879761, -0.2761726677417755, 0.5036972165107727, 0.8185463547706604),
            ["LeftLowerArm"] = CFrame.new(1.1920928955078125e-07, -2.384185791015625e-07, -1.4901161193847656e-08, 1, -1.1920927533992653e-07, -1.862645149230957e-09, 8.195637946073475e-08, 0.27726659178733826, -0.9607930779457092, 9.313224325069314e-08, 0.9607930183410645, 0.2772666811943054),
            ["RightUpperArm"] = CFrame.new(0.08411049842834473, -0.15432167053222656, -0.017428003251552582, 0.8470302224159241, -0.084197036921978, 0.5248339772224426, 0.1560862958431244, 0.9832442402839661, -0.09416993707418442, -0.5081111192703247, 0.16168417036533356, 0.845979630947113),
            ["Head"] = CFrame.new(-2.10711732506752e-08, 2.384185791015625e-07, -3.259629011154175e-09, 0.9958831667900085, 0.08553417026996613, 0.030010389164090157, -0.08784794062376022, 0.9923372864723206, 0.08688802272081375, -0.02234853059053421, -0.08916667848825455, 0.9957659244537354),
            ["RightHand"] = CFrame.new(2.9802322387695312e-08, -2.980232238769531e-07, -4.470348358154297e-08, 0.984937846660614, 0.1720641553401947, 0.01707514561712742, -0.1688043624162674, 0.9782447814941406, -0.12059111893177032, -0.03745310381054878, 0.1158924326300621, 0.9925554990768433),
            ["UpperTorso"] = CFrame.new(-1.0710209608078003e-08, -8.940696716308594e-08, -9.313225746154785e-10, 0.999255359172821, -0.01482447050511837, 0.03562311828136444, 0.016284894198179245, 0.9990238547325134, -0.04106229543685913, -0.03497961163520813, 0.04161182790994644, 0.9985213875770569),
            ["HumanoidRootPart"] = CFrame.new(0, 0, 0, 1, 0, 0, 0, 1, 0, 0, 0, 1),
            ["RightUpperLeg"] = CFrame.new(5.960464477539063e-08, -2.2519816411659122e-07, -8.214556146413088e-09, 0.9228518605232239, -0.3849947452545166, -0.01111846324056387, 0.3654177188873291, 0.8843176364898682, -0.2906069755554199, 0.12171437591314316, 0.26412415504455566, 0.9567779898643494),
            ["LeftUpperArm"] = CFrame.new(-0.0049751996994018555, -0.0007166862487792969, -0.008562188595533371, 0.7543302178382874, 0.4855209290981293, -0.4418771266937256, -0.5388842225074768, 0.8423610329627991, 0.005628813058137894, 0.37495294213294983, 0.2338746190071106, 0.8970579504966736),
            ["RightLowerArm"] = CFrame.new(0, -5.960464477539063e-08, -1.4901161193847656e-08, 1, 0, 0, 2.2351741790771484e-08, 0.9842299818992615, -0.17689365148544312, -2.60770320892334e-08, 0.1768936812877655, 0.9842299818992615),
            ["LeftHand"] = CFrame.new(-2.9802322387695312e-08, -5.960464477539063e-08, 1.825392246246338e-07, 0.6907879114151001, 0.07207222282886505, -0.7194566130638123, 0.06264738738536835, 0.985312283039093, 0.158855602145195, 0.7203384637832642, -0.15480756759643555, 0.6761265993118286),
            ["LeftFoot"] = CFrame.new(-2.9802322387695312e-08, 0, 7.450580596923828e-09, 0.99471515417099, -0.0972568541765213, 0.032906241714954376, 0.0946001186966896, 0.9927286505699158, 0.0744362324476242, -0.03990669175982475, -0.07093014568090439, 0.9966827034950256),
            ["LowerTorso"] = CFrame.new(-0.04227956011891365, -0.37140822410583496, -0.029424719512462616, 0.9973672032356262, -0.05817277356982231, -0.04329896345734596, 0.05768240988254547, 0.9982568621635437, -0.012490873225033283, 0.043950118124485016, 0.009960398077964783, 0.9989840984344482),
            ["RightLowerLeg"] = CFrame.new(4.0978193283081055e-08, -0.000009655952453613281, -0.000026617366529535502, 1, 7.450579175838357e-08, 0, -3.725290742551124e-09, 0.6004877686500549, 0.799633800983429, 2.6077035641947077e-08, -0.7996339797973633, 0.600488007068634),
            ["LeftUpperLeg"] = CFrame.new(-0.007540404796600342, -0.026871267706155777, -0.008468545973300934, 0.9113503098487854, 0.41110479831695557, -0.02082240581512451, -0.20728319883346558, 0.4146330654621124, -0.8860661387443542, -0.3556322455406189, 0.8118327260017395, 0.46309107542037964),
            ["LeftLowerLeg"] = CFrame.new(1.4901161193847656e-07, 0.000010132789611816406, 0.00002665165811777115, 1, 0, -2.9802311729554276e-08, -2.2351741790771484e-08, 0.25101831555366516, 0.9679823517799377, -3.5390257835388184e-08, -0.9679823517799377, 0.251018226146698),
        }},
        {Time = 0.100, Data = {
            ["RightFoot"] = CFrame.new(-8.568167686462402e-08, 1.7881393432617188e-07, -2.2519088815897703e-08, 0.9007270336151123, 0.4314544200897217, 0.05037911981344223, -0.32294920086860657, 0.7427006959915161, -0.5865997672080994, -0.2905077040195465, 0.5120965838432312, 0.8083086013793945),
            ["LeftLowerArm"] = CFrame.new(-1.4901161193847656e-07, -2.384185791015625e-07, 4.470348358154297e-08, 1, -8.940696716308594e-08, 2.9802322387695312e-08, 8.940696716308594e-08, 0.41113775968551636, -0.9115732312202454, 6.332993507385254e-08, 0.9115732312202454, 0.41113775968551636),
            ["RightUpperArm"] = CFrame.new(0.06399083137512207, -0.24257659912109375, -0.04511646181344986, 0.897101879119873, -0.09687389433383942, 0.4310726225376129, 0.17990624904632568, 0.9712121486663818, -0.15614336729049683, -0.4035367965698242, 0.21762914955615997, 0.8887044787406921),
            ["Head"] = CFrame.new(-1.955777406692505e-08, -1.1920928955078125e-07, 0, 0.9928880929946899, 0.10811077058315277, 0.04985335096716881, -0.1129700317978859, 0.9877108931541443, 0.10800442099571228, -0.037564247846603394, -0.11286824196577072, 0.9928996562957764),
            ["RightHand"] = CFrame.new(1.9371509552001953e-07, 1.1920928955078125e-07, 0, 0.9996237754821777, -0.003352031111717224, 0.02722323313355446, 0.005840562283992767, 0.9957551956176758, -0.09185590595006943, -0.026799723505973816, 0.09198030829429626, 0.9954001903533936),
            ["UpperTorso"] = CFrame.new(-8.847564458847046e-09, 2.9802322387695312e-08, -8.847564458847046e-09, 0.9990546107292175, -0.024918753653764725, 0.03562311828136444, 0.026376770809292793, 0.9988083243370056, -0.04106229171156883, -0.034557439386844635, 0.041963085532188416, 0.9985213279724121),
            ["HumanoidRootPart"] = CFrame.new(0, 0, 0, 1, 0, 0, 0, 1, 0, 0, 0, 1),
            ["RightUpperLeg"] = CFrame.new(1.1920928955078125e-07, 8.94651748239994e-08, -7.283233571797609e-09, 0.9274685382843018, -0.3729059100151062, 0.02726496011018753, 0.367348849773407, 0.8951975703239441, -0.2523415982723236, 0.06969212740659714, 0.24405449628829956, 0.967254102230072),
            ["LeftUpperArm"] = CFrame.new(-0.010808110237121582, -0.0009682178497314453, -0.011558931320905685, 0.5175881385803223, 0.539393424987793, -0.6641966700553894, -0.5717474222183228, 0.7955483198165894, 0.20051871240139008, 0.6365591287612915, 0.2759666442871094, 0.7201632261276245),
            ["RightLowerArm"] = CFrame.new(1.1920928955078125e-07, -4.172325134277344e-07, 2.9802322387695312e-08, 1, 7.450581485102248e-09, 1.4901162970204496e-08, -4.470348358154297e-08, 0.9758669137954712, -0.21836663782596588, -3.725290298461914e-09, 0.2183666080236435, 0.9758669137954712),
            ["LeftHand"] = CFrame.new(-3.5762786865234375e-07, 0, -1.5273690223693848e-07, 0.8502621054649353, 0.00814074371010065, -0.5262966156005859, 0.07159847021102905, 0.9887980222702026, 0.13096609711647034, 0.5214671492576599, -0.14903755486011505, 0.8401546478271484),
            ["LeftFoot"] = CFrame.new(-8.568167686462402e-08, -5.960464477539063e-08, 1.0046642273664474e-07, 0.9907535910606384, -0.13361747562885284, 0.023531612008810043, 0.13243485987186432, 0.9901158809661865, 0.04616948217153549, -0.029467903077602386, -0.042626041918992996, 0.9986565113067627),
            ["LowerTorso"] = CFrame.new(-0.05708536505699158, -0.40160977840423584, -0.055797699838876724, 0.9938317537307739, -0.08035460859537125, -0.07643160969018936, 0.07563319057226181, 0.9951571822166443, -0.06278549134731293, 0.08110656589269638, 0.05661745369434357, 0.9950960874557495),
            ["RightLowerLeg"] = CFrame.new(-1.043081283569336e-07, -0.000009953975677490234, -0.000026622954464983195, 1, -5.215405707303944e-08, -7.450581307466564e-08, -6.705522537231445e-08, 0.5782857537269592, 0.8158340454101562, 6.705522537231445e-08, -0.8158342838287354, 0.5782861709594727),
            ["LeftUpperLeg"] = CFrame.new(-0.007540524005889893, -0.02687119133770466, -0.008468538522720337, 0.8704095482826233, 0.49181199073791504, 0.022544454783201218, -0.25798019766807556, 0.4946178197860718, -0.8299394249916077, -0.419325053691864, 0.7165711522102356, 0.5573977828025818),
            ["LeftLowerLeg"] = CFrame.new(2.9802322387695312e-08, 0.000010013580322265625, 0.00002668425440788269, 1, 4.470348358154297e-08, 3.364403511341152e-08, -9.685754776000977e-08, 0.4857288897037506, 0.8741094470024109, -2.9802322387695312e-08, -0.8741095662117004, 0.4857291281223297),
        }},
        {Time = 0.133, Data = {
            ["RightFoot"] = CFrame.new(-1.4156103134155273e-07, 2.980232238769531e-07, -2.9038346838206053e-08, 0.9031908512115479, 0.42747944593429565, 0.038827743381261826, -0.3244606852531433, 0.7391417622566223, -0.5902494192123413, -0.281019002199173, 0.5205101370811462, 0.8062865138053894),
            ["LeftLowerArm"] = CFrame.new(-1.1920928955078125e-07, -5.960464477539063e-08, 0, 1, -8.940696716308594e-08, 1.0430811414607888e-07, 4.470348358154297e-08, 0.712950587272644, -0.7012143731117249, 1.1175870895385742e-08, 0.7012143731117249, 0.712950587272644),
            ["RightUpperArm"] = CFrame.new(0.03345787525177002, -0.23762428760528564, -0.04522408917546272, 0.9688236713409424, -0.11341274529695511, 0.22026881575584412, 0.15430867671966553, 0.9717928767204285, -0.17834633588790894, -0.19382894039154053, 0.20677554607391357, 0.9589965343475342),
            ["Head"] = CFrame.new(-1.210719347000122e-08, 0, 1.862645149230957e-08, 0.9923917651176453, 0.10643880814313889, 0.06188242509961128, -0.11262276768684387, 0.9878644943237305, 0.10695784538984299, -0.049746982753276825, -0.11311344802379608, 0.9923360347747803),
            ["RightHand"] = CFrame.new(-7.450580596923828e-08, 1.1920928955078125e-07, 0, 0.9800801277160645, -0.19603563845157623, 0.0318262055516243, 0.197630375623703, 0.9785143136978149, -0.05875463783740997, -0.019624363631010056, 0.06387409567832947, 0.997765064239502),
            ["UpperTorso"] = CFrame.new(-1.4435499906539917e-08, 1.1920928955078125e-07, -1.5832483768463135e-08, 0.998953640460968, -0.028681743890047073, 0.03562311828136444, 0.030138805508613586, 0.9987019300460815, -0.04106228053569794, -0.03439914062619209, 0.04209296777844429, 0.9985213875770569),
            ["HumanoidRootPart"] = CFrame.new(0, 0, 0, 1, 0, 0, 0, 1, 0, 0, 0, 1),
            ["RightUpperLeg"] = CFrame.new(5.960464477539063e-08, -2.0721927285194397e-08, -7.283233571797609e-09, 0.9304031729698181, -0.3620603680610657, 0.05711681395769119, 0.36564502120018005, 0.9059290885925293, -0.21353276073932648, 0.025567948818206787, 0.21955592930316925, 0.9752647876739502),
            ["LeftUpperArm"] = CFrame.new(-0.018108487129211426, 0.0009402036666870117, 0.022327378392219543, 0.4948979914188385, 0.5162271857261658, -0.6989889144897461, -0.47981587052345276, 0.8329992890357971, 0.2754793167114258, 0.7244671583175659, 0.19905181229114532, 0.6599437594413757),
            ["RightLowerArm"] = CFrame.new(-5.960464477539063e-08, -5.960464477539063e-08, -5.960464477539063e-08, 1, -1.862645149230957e-08, 2.2351741790771484e-08, 1.1175870895385742e-08, 0.9543347358703613, -0.29873937368392944, -1.4901161193847656e-08, 0.29873934388160706, 0.9543347954750061),
            ["LeftHand"] = CFrame.new(-1.1920928955078125e-07, 1.1920928955078125e-07, 5.960464477539063e-08, 0.96067875623703, -0.06462083756923676, -0.270037978887558, 0.09451910108327866, 0.9905670285224915, 0.09921303391456604, 0.26107943058013916, -0.1208355724811554, 0.9577245712280273),
            ["LeftFoot"] = CFrame.new(-1.0803341865539551e-07, -5.960464477539063e-08, 6.007030606269836e-08, 0.991000771522522, -0.1338559240102768, -0.0004937723278999329, 0.13383805751800537, 0.9907935261726379, 0.02038651704788208, -0.0022395492997020483, -0.020269203931093216, 0.9997920989990234),
            ["LowerTorso"] = CFrame.new(-0.05097690969705582, -0.39771759510040283, -0.07764379680156708, 0.9918527007102966, -0.08061093837022781, -0.09864139556884766, 0.07155399769544601, 0.9931713342666626, -0.09214626252651215, 0.10539579391479492, 0.08433734625577927, 0.9908475875854492),
            ["RightLowerLeg"] = CFrame.new(7.450580596923828e-09, -0.000010132789611816406, -0.000026675108529161662, 1, -3.725290653733282e-08, -2.980233304583635e-08, 6.70552182668871e-08, 0.5822622179985046, 0.8130009770393372, -2.4214383387288763e-08, -0.8130011558532715, 0.582262396812439),
            ["LeftUpperLeg"] = CFrame.new(-0.007540464401245117, -0.026870962232351303, -0.00846853107213974, 0.8488610982894897, 0.5257888436317444, 0.054599955677986145, -0.27040553092956543, 0.5206515192985535, -0.8098165988922119, -0.4542199671268463, 0.6726574897766113, 0.5841369032859802),
            ["LeftLowerLeg"] = CFrame.new(-4.470348358154297e-08, 0.000010371208190917969, 0.00002672523260116577, 1, 0, 1.862645504502325e-08, -2.980232594040899e-08, 0.4752374589443207, 0.87985759973526, 7.450581485102248e-09, -0.87985759973526, 0.47523754835128784),
        }},
        {Time = 0.167, Data = {
            ["RightFoot"] = CFrame.new(-4.470348358154297e-08, 2.384185791015625e-07, -1.305525074712932e-07, 0.9083282947540283, 0.41802096366882324, 0.014075561426579952, -0.33446216583251953, 0.7461451292037964, -0.5756756067276001, -0.25114706158638, 0.5181949138641357, 0.817557156085968),
            ["LeftLowerArm"] = CFrame.new(1.1920928955078125e-07, -1.1920928955078125e-07, -7.450580596923828e-08, 1, -1.1175870895385742e-08, -2.9802322387695312e-08, 5.960464477539063e-08, 0.9381994009017944, -0.3460952639579773, 4.0978193283081055e-08, 0.3460952639579773, 0.9381994605064392),
            ["RightUpperArm"] = CFrame.new(0.003098011016845703, -0.21812808513641357, -0.045263759791851044, 0.9884846806526184, -0.1268147975206375, -0.08255945891141891, 0.10839691758155823, 0.9741032719612122, -0.1984264850616455, 0.10558483004570007, 0.18719235062599182, 0.9766324758529663),
            ["Head"] = CFrame.new(-3.259629011154175e-08, -2.384185791015625e-07, 8.381903171539307e-09, 0.9927429556846619, 0.09930135309696198, 0.06782922893762589, -0.10614632815122604, 0.9886687397956848, 0.10614718496799469, -0.056520089507102966, -0.1125766932964325, 0.9920342564582825),
            ["RightHand"] = CFrame.new(-4.470348358154297e-08, 0, 3.166496753692627e-08, 0.9304476976394653, -0.365231990814209, 0.029542703181505203, 0.36602678894996643, 0.9301683306694031, -0.028485896065831184, -0.0170756708830595, 0.03731817007064819, 0.9991576075553894),
            ["UpperTorso"] = CFrame.new(1.4435499906539917e-08, 8.940696716308594e-08, -1.210719347000122e-08, 0.9991816282272339, -0.01942290924489498, 0.035480331629514694, 0.020880570635199547, 0.9989333152770996, -0.041186023503541946, -0.034642543643713, 0.041893187910318375, 0.9985213875770569),
            ["HumanoidRootPart"] = CFrame.new(0, 0, 0, 1, 0, 0, 0, 1, 0, 0, 0, 1),
            ["RightUpperLeg"] = CFrame.new(0, 1.5296973288059235e-07, -1.6596459317952394e-08, 0.9334191083908081, -0.35222065448760986, 0.06833314150571823, 0.3587723672389984, 0.9180719256401062, -0.16860103607177734, -0.003350027371197939, 0.1818912923336029, 0.9833129048347473),
            ["LeftUpperArm"] = CFrame.new(-0.02452254295349121, 0.004483222961425781, 0.10034998506307602, 0.5344960689544678, 0.4411015510559082, -0.7209323644638062, -0.3392361104488373, 0.8932421803474426, 0.2950209081172943, 0.7741014361381531, 0.08687877655029297, 0.6270719170570374),
            ["RightLowerArm"] = CFrame.new(-1.1920928955078125e-07, -3.5762786865234375e-07, -8.771894499659538e-08, 1, -4.4703490686970326e-08, -3.725290742551124e-09, 5.2154071283894154e-08, 0.9037396311759949, -0.42808279395103455, -2.2351745343485163e-08, 0.42808276414871216, 0.9037396311759949),
            ["LeftHand"] = CFrame.new(0, -1.1920928955078125e-07, -2.9802322387695312e-08, 0.9913431406021118, -0.13007381558418274, -0.01787908747792244, 0.13102474808692932, 0.9888355731964111, 0.07097087055444717, 0.008448012173175812, -0.07269906252622604, 0.9973182082176208),
            ["LeftFoot"] = CFrame.new(4.0978193283081055e-08, 0, 1.1594966053962708e-07, 0.9901081919670105, -0.1402067095041275, 0.005276436451822519, 0.14005450904369354, 0.9898853898048401, 0.022621048614382744, -0.008394718170166016, -0.021658292040228844, 0.9997302293777466),
            ["LowerTorso"] = CFrame.new(-0.04839450120925903, -0.37410545349121094, -0.09278495609760284, 0.9919151067733765, -0.07559908926486969, -0.10192738473415375, 0.06566769629716873, 0.9930664896965027, -0.097502201795578, 0.10859175026416779, 0.0900205746293068, 0.9900020956993103),
            ["RightLowerLeg"] = CFrame.new(-5.029141902923584e-08, -0.000010013580322265625, -0.000026682559109758586, 1, -1.4901157641133977e-08, -2.2351738238057806e-08, 5.4016684458702e-08, 0.6247963905334473, 0.7807873487472534, -4.656610741449185e-08, -0.7807878255844116, 0.6247968673706055),
            ["LeftUpperLeg"] = CFrame.new(-0.007540345191955566, -0.02687118574976921, -0.00846855714917183, 0.8503046035766602, 0.5209564566612244, 0.07474210858345032, -0.27357178926467896, 0.5588400959968567, -0.7828514575958252, -0.4496004283428192, 0.645214855670929, 0.6177031993865967),
            ["LeftLowerLeg"] = CFrame.new(0, 0.000010013580322265625, 0.000026814639568328857, 1, 9.685756197086448e-08, 1.1362138252479781e-07, -1.0430815677864302e-07, 0.5113828182220459, 0.8593530058860779, 7.450582373280668e-09, -0.8593531250953674, 0.5113829374313354),
        }},
        {Time = 0.200, Data = {
            ["RightFoot"] = CFrame.new(-7.450580596923828e-09, 3.5762786865234375e-07, -4.300818545743823e-08, 0.9149132370948792, 0.3979424834251404, -0.06764373183250427, -0.36174675822257996, 0.7339882254600525, -0.574804425239563, -0.17908938229084015, 0.5503663420677185, 0.8154902458190918),
            ["LeftLowerArm"] = CFrame.new(-8.940696716308594e-08, -5.960464477539063e-08, -1.4901161193847656e-08, 1, -6.705522537231445e-08, 8.381903171539307e-09, 4.470348358154297e-08, 0.9950158596038818, -0.09971725195646286, 3.725290298461914e-09, 0.09971725195646286, 0.9950157999992371),
            ["RightUpperArm"] = CFrame.new(-0.010670304298400879, -0.17712867259979248, -0.045269399881362915, 0.9140028953552246, -0.14217309653759003, -0.379981130361557, 0.06611877679824829, 0.9762657880783081, -0.2062365710735321, 0.4002838432788849, 0.16337692737579346, 0.9017099738121033),
            ["Head"] = CFrame.new(3.725290298461914e-09, 1.1920928955078125e-07, 2.7939677238464355e-08, 0.9943615794181824, 0.08078944683074951, 0.06868872791528702, -0.08781822770833969, 0.9904419779777527, 0.10636110603809357, -0.059439338743686676, -0.11179351061582565, 0.9919521808624268),
            ["RightHand"] = CFrame.new(2.9802322387695312e-08, 1.1920928955078125e-07, -2.682209014892578e-07, 0.8770654201507568, -0.4798085689544678, 0.023241903632879257, 0.48007941246032715, 0.877191960811615, -0.0076112449169158936, -0.016735779121518135, 0.017833471298217773, 0.9997009038925171),
            ["UpperTorso"] = CFrame.new(-2.7939677238464355e-09, 1.1920928955078125e-07, 9.313225746154785e-09, 0.9993137121200562, -0.010160769335925579, 0.03562310338020325, 0.01162225566804409, 0.9990890026092529, -0.04106229543685913, -0.03517342358827591, 0.041448138654232025, 0.9985213279724121),
            ["HumanoidRootPart"] = CFrame.new(0, 0, 0, 1, 0, 0, 0, 1, 0, 0, 0, 1),
            ["RightUpperLeg"] = CFrame.new(1.1920928955078125e-07, 6.984919309616089e-09, -1.6952981241047382e-09, 0.9311567544937134, -0.33701011538505554, 0.13918116688728333, 0.3540922701358795, 0.9268617033958435, -0.1246839314699173, -0.08698195964097977, 0.16538308560848236, 0.9823862314224243),
            ["LeftUpperArm"] = CFrame.new(-0.027276992797851562, 0.00639188289642334, 0.18705415725708008, 0.5754500031471252, 0.3207492530345917, -0.7523146271705627, -0.18773572146892548, 0.9471259713172913, 0.260206937789917, 0.7959979772567749, -0.00849983375519514, 0.6052396893501282),
            ["RightLowerArm"] = CFrame.new(0, 2.384185791015625e-07, -1.043081283569336e-07, 1, -1.1362133989223366e-07, 3.7252898543727042e-09, 1.601874828338623e-07, 0.7952895760536194, -0.6062297224998474, 5.960464477539063e-08, 0.6062297224998474, 0.7952895760536194),
            ["LeftHand"] = CFrame.new(1.1920928955078125e-07, -4.172325134277344e-07, 6.705522537231445e-08, 0.9699729084968567, -0.18154394626617432, 0.16184718906879425, 0.1759348213672638, 0.9832082390785217, 0.04846244677901268, -0.16792751848697662, -0.018532708287239075, 0.9856250882148743),
            ["LeftFoot"] = CFrame.new(4.842877388000488e-08, 1.7881393432617188e-07, -1.0477378964424133e-09, 0.9913579225540161, -0.13040712475776672, -0.01426516193896532, 0.13089336454868317, 0.9905357360839844, 0.04130178317427635, 0.008744249120354652, -0.04281233623623848, 0.9990448951721191),
            ["LowerTorso"] = CFrame.new(-0.04253453388810158, -0.35633182525634766, -0.09854331612586975, 0.9933538436889648, -0.05048384517431259, -0.10343877226114273, 0.03955525532364845, 0.9936739802360535, -0.10510683059692383, 0.1080906093120575, 0.10031672567129135, 0.9890667200088501),
            ["RightLowerLeg"] = CFrame.new(-1.955777406692505e-08, -0.000009953975677490234, -0.0000266713832388632, 1, 5.587934559514451e-09, -3.3527616238870905e-08, -2.9802318834981634e-08, 0.6314377188682556, 0.7754265069961548, 1.4901159417490817e-08, -0.7754265666007996, 0.6314378976821899),
            ["LeftUpperLeg"] = CFrame.new(-0.007540583610534668, -0.026871077716350555, -0.008468519896268845, 0.8481667041778564, 0.5121133923530579, 0.1354740858078003, -0.24753227829933167, 0.6092556118965149, -0.7533494830131531, -0.46833863854408264, 0.6054316759109497, 0.6435148119926453),
            ["LeftLowerLeg"] = CFrame.new(-2.9802322387695312e-08, 0.000010132789611816406, 0.00002679973840713501, 1, 2.0489098417897367e-08, 6.228221050008642e-09, -7.450580596923828e-08, 0.5657486915588379, 0.8245779275894165, 2.2351741790771484e-08, -0.8245777487754822, 0.565748393535614),
        }},
        {Time = 0.233, Data = {
            ["RightFoot"] = CFrame.new(1.0244548320770264e-08, 5.364418029785156e-07, -1.3205863069742918e-08, 0.9169935584068298, 0.36640995740890503, -0.15769247710704803, -0.3786084055900574, 0.6749648451805115, -0.6333070397377014, -0.12561313807964325, 0.6404422521591187, 0.7576644420623779),
            ["LeftLowerArm"] = CFrame.new(5.960464477539063e-08, -5.960464477539063e-08, -1.30385160446167e-08, 1, -2.980232594040899e-08, 1.2107194891086692e-07, 7.450581485102248e-09, 0.9996017813682556, -0.028220802545547485, -6.798655505235729e-08, 0.02822081372141838, 0.9996017813682556),
            ["RightUpperArm"] = CFrame.new(0.007919549942016602, -0.11399221420288086, -0.02106679603457451, 0.7816832661628723, -0.21220864355564117, -0.5864629149436951, 0.055303510278463364, 0.9602137207984924, -0.2737356424331665, 0.6212188601493835, 0.18154114484786987, 0.7623188495635986),
            ["Head"] = CFrame.new(5.238689482212067e-10, -2.384185791015625e-07, -2.9103830456733704e-09, 0.997822642326355, 0.04529082775115967, -0.04794526845216751, -0.038204751908779144, 0.9894727468490601, 0.13958565890789032, 0.05376248434185982, -0.13745000958442688, 0.9890486001968384),
            ["RightHand"] = CFrame.new(-1.564621925354004e-07, 0, 1.1175870895385742e-08, 0.8530341386795044, -0.5215643644332886, 0.01741570234298706, 0.5216532349586487, 0.8531574606895447, -0.0006560757756233215, -0.014516167342662811, 0.009644616395235062, 0.9998481273651123),
            ["UpperTorso"] = CFrame.new(-3.841705620288849e-09, -8.940696716308594e-08, -1.8335413187742233e-08, 0.9990058541297913, -0.012435168027877808, 0.042811326682567596, 0.013035372830927372, 0.9998202919960022, -0.013769307173788548, -0.04263239726424217, 0.014313670806586742, 0.9989883899688721),
            ["HumanoidRootPart"] = CFrame.new(0, 0, 0, 1, 0, 0, 0, 1, 0, 0, 0, 1),
            ["RightUpperLeg"] = CFrame.new(5.960464477539063e-08, -1.9138678908348083e-07, -3.5222910810261965e-08, 0.9218530654907227, -0.35142526030540466, 0.16336259245872498, 0.36488059163093567, 0.9290966391563416, -0.06034643575549126, -0.13057231903076172, 0.115238256752491, 0.9847187995910645),
            ["LeftUpperArm"] = CFrame.new(-0.017467260360717773, -0.029149413108825684, 0.2538275420665741, 0.5786306858062744, 0.18037357926368713, -0.795394241809845, -0.0646309182047844, 0.982312023639679, 0.1757439374923706, 0.8130248785018921, -0.05028378963470459, 0.5800535678863525),
            ["RightLowerArm"] = CFrame.new(0, -3.5762786865234375e-07, 8.940696716308594e-08, 1, -1.5459954738616943e-07, 8.940696716308594e-08, 1.5646217832454568e-07, 0.5562194585800171, -0.8310354948043823, 4.284083487959833e-08, 0.8310354351997375, 0.5562194585800171),
            ["LeftHand"] = CFrame.new(1.7881393432617188e-07, -5.960464477539063e-08, -1.2665987014770508e-07, 0.9470750689506531, -0.2245435118675232, 0.22941051423549652, 0.224563330411911, 0.9741026163101196, 0.026372475549578667, -0.2293912172317505, 0.026540514081716537, 0.9729723930358887),
            ["LeftFoot"] = CFrame.new(-3.3527612686157227e-08, 5.960464477539063e-08, 6.51925802230835e-09, 0.9920735955238342, -0.11622165143489838, -0.04777766019105911, 0.12062176316976547, 0.987357497215271, 0.10283783823251724, 0.035221684724092484, -0.10778544843196869, 0.9935501217842102),
            ["LowerTorso"] = CFrame.new(-0.010971901006996632, -0.371262788772583, -0.09620256721973419, 0.9992422461509705, 0.00991174578666687, -0.03764156252145767, -0.015677081421017647, 0.9876153469085693, -0.15610957145690918, 0.0356280691921711, 0.15658137202262878, 0.9870222210884094),
            ["RightLowerLeg"] = CFrame.new(1.30385160446167e-08, -0.000010013580322265625, -0.000026619229174684733, 1, 5.587935447692871e-09, 0, -5.587935447692871e-08, 0.5459385514259338, 0.8378250598907471, 2.9802322387695312e-08, -0.8378252387046814, 0.5459388494491577),
            ["LeftUpperLeg"] = CFrame.new(-0.007540464401245117, -0.02687121368944645, -0.008468585088849068, 0.8774686455726624, 0.4459744989871979, 0.1765095591545105, -0.2070038914680481, 0.6840978264808655, -0.6993995904922485, -0.43266400694847107, 0.5771628618240356, 0.6925926804542542),
            ["LeftLowerLeg"] = CFrame.new(-7.450580596923828e-08, 0.000010013580322265625, 0.000026628375053405762, 1, 7.078050856534901e-08, 7.35744833946228e-08, -9.685756197086448e-08, 0.6343691945075989, 0.7730298638343811, 0, -0.773030161857605, 0.6343696117401123),
        }},
        {Time = 0.267, Data = {
            ["RightFoot"] = CFrame.new(-2.9802322387695312e-08, 2.980232238769531e-07, 3.149762051180005e-08, 0.9198096394538879, 0.3368721306324005, -0.20116542279720306, -0.37528273463249207, 0.6057040691375732, -0.7016304731369019, -0.11451313644647598, 0.7208604216575623, 0.6835548281669617),
            ["LeftLowerArm"] = CFrame.new(5.960464477539063e-08, -2.384185791015625e-07, 7.078051567077637e-08, 1, -1.4901162970204496e-08, 1.0069925338029861e-07, 2.2351741790771484e-08, 0.9999983906745911, -0.0018276567570865154, -1.1990778148174286e-07, 0.001827658386901021, 0.9999983310699463),
            ["RightUpperArm"] = CFrame.new(0.04244387149810791, -0.053383827209472656, 0.023881152272224426, 0.6375321745872498, -0.36208173632621765, -0.6800364255905151, 0.0780416876077652, 0.9084893465042114, -0.410556435585022, 0.7664608955383301, 0.20867183804512024, 0.6074487566947937),
            ["Head"] = CFrame.new(-1.4668330550193787e-08, -2.384185791015625e-07, 5.587935447692871e-09, 0.9622926712036133, 0.017535928636789322, -0.27145034074783325, 0.038139838725328445, 0.9793639183044434, 0.19847366213798523, 0.2693290412425995, -0.20134283602237701, 0.9417658448219299),
            ["RightHand"] = CFrame.new(-5.960464477539063e-08, -1.1920928955078125e-07, 1.6391277313232422e-07, 0.8538846373558044, -0.5204440355300903, 0.004383683670312166, 0.5204609036445618, 0.8538725972175598, -0.004697710741311312, -0.0012982041807845235, 0.006292842328548431, 0.9999794363975525),
            ["UpperTorso"] = CFrame.new(-2.2118911147117615e-09, -1.1920928955078125e-07, 4.470348358154297e-08, 0.9981482625007629, -0.01872129924595356, 0.05787642300128937, 0.015750354155898094, 0.9985555410385132, 0.051369499415159225, -0.058754488825798035, -0.05036278814077377, 0.9970013499259949),
            ["HumanoidRootPart"] = CFrame.new(0, 0, 0, 1, 0, 0, 0, 1, 0, 0, 0, 1),
            ["RightUpperLeg"] = CFrame.new(-2.9802322387695312e-08, -1.4901161193847656e-07, 9.480572771281004e-09, 0.9175460338592529, -0.3918738067150116, 0.0674125924706459, 0.3891570568084717, 0.9198068976402283, 0.05011986568570137, -0.08164719492197037, -0.019753167405724525, 0.9964655637741089),
            ["LeftUpperArm"] = CFrame.new(0.0007504820823669434, -0.09576046466827393, 0.2994277775287628, 0.5588625073432922, 0.05415249615907669, -0.8274903297424316, 0.021923251450061798, 0.9965519905090332, 0.08002252131700516, 0.8289705514907837, -0.06286287307739258, 0.5557484030723572),
            ["RightLowerArm"] = CFrame.new(-1.1920928955078125e-07, -3.5762786865234375e-07, -9.685754776000977e-08, 1, -1.1920927533992653e-07, 1.4901159772762185e-07, 1.5646217832454568e-07, 0.23245765268802643, -0.9726064801216125, 1.3038514623531228e-07, 0.9726064801216125, 0.23245769739151),
            ["LeftHand"] = CFrame.new(-4.470348358154297e-08, 0, -1.6763806343078613e-08, 0.9362341165542603, -0.26416680216789246, 0.23169293999671936, 0.2708231806755066, 0.9626238942146301, 0.0031909612007439137, -0.22387614846229553, 0.05976036563515663, 0.9727838039398193),
            ["LeftFoot"] = CFrame.new(9.685754776000977e-08, -5.960464477539063e-08, -3.3527612686157227e-08, 0.9914611577987671, -0.09906385093927383, -0.08480075746774673, 0.11468666046857834, 0.9719164371490479, 0.20548811554908752, 0.06206277012825012, -0.21345914900302887, 0.9749786853790283),
            ["LowerTorso"] = CFrame.new(0.03437782824039459, -0.39899182319641113, -0.0909293070435524, 0.9923304915428162, 0.08880095183849335, 0.08599285781383514, -0.06500327587127686, 0.9665720462799072, -0.24801823496818542, -0.10514256358146667, 0.2405262142419815, 0.9649311900138855),
