return {
    ["Riches"] = {
        {Time = 0.000, Data = {
            ["RightFoot"] = CFrame.new(6.332993507385254e-08, 0, -2.8107024263590574e-08, 0.9824975728988647, 0.11128256469964981, -0.1493813544511795, -0.174760103225708, 0.828253984451294, -0.5324044227600098, 0.06447825580835342, 0.5491915941238403, 0.8332050442695618),
            ["LeftLowerArm"] = CFrame.new(0.0000013113021850585938, 1.1920928955078125e-07, 0.000004895031452178955, 1, 1.564622067462551e-07, 7.450583261459087e-09, -1.1920930376163597e-07, 0.7322729229927063, -0.681011438369751, -1.1920930376163597e-07, 0.6810112595558167, 0.7322728633880615),
            ["RightUpperArm"] = CFrame.new(-0.03917384147644043, 0.016840100288391113, -0.022249793633818626, 0.4992857277393341, -0.8542551398277283, -0.14478369057178497, 0.8642296195030212, 0.5029325485229492, 0.012879537418484688, 0.06181386485695839, -0.1315564215183258, 0.9893795251846313),
            ["Head"] = CFrame.new(-1.1175870895385742e-08, -9.5367431640625e-07, 1.30385160446167e-08, 0.9548661112785339, -0.011853011325001717, 0.29679974913597107, -0.009958972223103046, 0.9973642826080322, 0.07187048345804214, -0.2968696355819702, -0.07158251851797104, 0.9522314667701721),
            ["RightHand"] = CFrame.new(-3.608874976634979e-07, 0.0000011324882507324219, -0.0000010007643140852451, 0.7067041397094727, 0.3254460096359253, 0.6282145380973816, -0.17391622066497803, 0.9405889511108398, -0.2916259765625, -0.6858005523681641, 0.09683651477098465, 0.7213188409805298),
            ["UpperTorso"] = CFrame.new(6.938353180885315e-08, -4.172325134277344e-07, 1.2310920283198357e-07, 0.9007048010826111, -0.10316237807273865, -0.4220047891139984, 0.1916295737028122, 0.9661312699317932, 0.17282533645629883, 0.3898833394050598, -0.2365332394838333, 0.8899682760238647),
            ["HumanoidRootPart"] = CFrame.new(0, 0, 0, 1, 0, 0, 0, 1, 0, 0, 0, 1),
            ["RightUpperLeg"] = CFrame.new(1.1920928955078125e-07, -2.123415470123291e-07, 5.045876605436206e-08, 0.9284100532531738, -0.3018406629562378, -0.21667233109474182, 0.2286100685596466, 0.9237483739852905, -0.30728861689567566, 0.29290300607681274, 0.23575639724731445, 0.9266211986541748),
            ["LeftUpperArm"] = CFrame.new(0.021825730800628662, 0.022849321365356445, -0.022289859130978584, 0.8596469163894653, 0.44376853108406067, 0.25313419103622437, -0.5107911229133606, 0.7562463879585266, 0.40888094902038574, -0.009983789175748825, -0.4807920753955841, 0.8767778873443604),
            ["RightLowerArm"] = CFrame.new(3.5762786865234375e-07, 4.76837158203125e-07, -0.0000037848949432373047, 1, 0.0000012479721362979035, 0.000019479783077258617, 0.0000190250593732344, -0.28743043541908264, -0.9578015804290771, 0.000004434027232491644, 0.9578015208244324, -0.28743040561676025),
            ["LeftHand"] = CFrame.new(-0.0000019744038581848145, -7.152557373046875e-07, 1.043081283569336e-07, 0.7396180033683777, 0.09064050018787384, -0.666894793510437, -0.11056344956159592, 0.9937911629676819, 0.012450391426682472, 0.6638831496238708, 0.06452587991952896, 0.745047926902771),
            ["LeftFoot"] = CFrame.new(-1.4901161193847656e-08, 0, -1.043081283569336e-07, 0.8381344676017761, -0.12394341081380844, 0.5311959385871887, 0.2825024127960205, 0.9316914677619934, -0.22834917902946472, -0.46660810708999634, 0.3414514362812042, 0.8158968091011047),
            ["LowerTorso"] = CFrame.new(-0.05341251939535141, -0.23654401302337646, 0.27590975165367126, 0.9687299132347107, 0.12337400764226913, 0.21527059376239777, -0.07446983456611633, 0.9721866250038147, -0.22205276787281036, -0.23667877912521362, 0.19907794892787933, 0.9509738087654114),
            ["RightLowerLeg"] = CFrame.new(-7.264316082000732e-08, -0.0007263422012329102, 0.00004614127828972414, 1, 1.2386597347813222e-07, 3.3527616238870905e-08, -8.568168397005138e-08, 0.4374353885650635, 0.8992499709129333, 1.2293459406009788e-07, -0.8992499113082886, 0.4374353289604187),
            ["LeftUpperLeg"] = CFrame.new(5.960464477539063e-08, -3.650784492492676e-07, 4.470348358154297e-08, 0.9927372336387634, 0.08618897944688797, 0.08393020927906036, -0.052783749997615814, 0.9389747977256775, -0.33991187810897827, -0.10810503363609314, 0.3330131471157074, 0.9367046356201172),
            ["LeftLowerLeg"] = CFrame.new(-1.3969838619232178e-09, -0.0007265210151672363, 0.00008086953312158585, 1, 1.713633963618122e-07, 7.078052277620372e-08, -8.195639367158947e-08, 0.32896432280540466, 0.9443424940109253, 2.980232594040899e-08, -0.9443424344062805, 0.3289641737937927),
        }},
        {Time = 0.033, Data = {
            ["RightFoot"] = CFrame.new(2.6170164346694946e-07, -5.960464477539063e-08, -5.75528247281909e-09, 0.9845409989356995, 0.08547031134366989, -0.15288543701171875, -0.14751076698303223, 0.8752540946006775, -0.46062028408050537, 0.09444423019886017, 0.4760516285896301, 0.8743311762809753),
            ["LeftLowerArm"] = CFrame.new(0.0000011920928955078125, -7.152557373046875e-07, 0.000004552304744720459, 1, 1.5646217832454568e-07, 1.1175872671742582e-08, -1.4901161193847656e-08, 0.7107308506965637, -0.7034642100334167, -1.5087425708770752e-07, 0.703464150428772, 0.7107307314872742),
            ["RightUpperArm"] = CFrame.new(-0.03936612606048584, 0.008606553077697754, -0.02104557678103447, 0.3267136216163635, -0.91559898853302, -0.2343861311674118, 0.8752436637878418, 0.38669151067733765, -0.2905479371547699, 0.3566606044769287, -0.1102190837264061, 0.9277096390724182),
            ["Head"] = CFrame.new(2.60770320892334e-08, -4.76837158203125e-07, 2.1420419216156006e-08, 0.9536397457122803, 0.0073515065014362335, 0.30086085200309753, -0.023482467979192734, 0.9984713792800903, 0.05003457888960838, -0.30003300309181213, -0.05478011444211006, 0.9523546099662781),
            ["RightHand"] = CFrame.new(5.21540641784668e-07, 8.940696716308594e-07, -6.798654794692993e-07, 0.8446211218833923, 0.33655062317848206, 0.4163513779640198, -0.24061577022075653, 0.9333612322807312, -0.26634758710861206, -0.4782460033893585, 0.12478192895650864, 0.8693161010742188),
            ["UpperTorso"] = CFrame.new(2.60770320892334e-08, 1.7881393432617188e-07, -5.122274160385132e-08, 0.9038244485855103, -0.0838165357708931, -0.4196144938468933, 0.1576603502035141, 0.9768691062927246, 0.14446453750133514, 0.39779990911483765, -0.19672702252864838, 0.8961325883865356),
            ["HumanoidRootPart"] = CFrame.new(0, 0, 0, 1, 0, 0, 0, 1, 0, 0, 0, 1),
            ["RightUpperLeg"] = CFrame.new(2.9802322387695312e-08, -3.725290298461914e-09, -3.894820110872388e-08, 0.9389404654502869, -0.23396287858486176, -0.2522936463356018, 0.15822210907936096, 0.9447053074836731, -0.2872242033481598, 0.3055430054664612, 0.22976802289485931, 0.9240401387214661),
            ["LeftUpperArm"] = CFrame.new(0.021812021732330322, 0.02772819995880127, -0.0211352352052927, 0.87844318151474, 0.44814029335975647, 0.16585557162761688, -0.4638488292694092, 0.7163030505180359, 0.5213003158569336, 0.114812932908535, -0.5348647236824036, 0.8371009230613708),
            ["RightLowerArm"] = CFrame.new(1.7881393432617188e-07, 3.5762786865234375e-07, -0.000003993511199951172, 1, 0.000004194677330815466, 0.000018980361346621066, 0.000019006434740731493, -0.4325077533721924, -0.9016302824020386, 0.000004403294042276684, 0.9016302824020386, -0.4325077533721924),
            ["LeftHand"] = CFrame.new(-0.0000014659017324447632, -0.0000011324882507324219, 1.564621925354004e-07, 0.7322234511375427, 0.15729646384716034, -0.6626508235931396, -0.148448646068573, 0.9864311218261719, 0.07011935114860535, 0.6646893620491028, 0.04702680557966232, 0.7456388473510742),
            ["LeftFoot"] = CFrame.new(1.862645149230957e-08, -2.384185791015625e-07, 7.450580596923828e-08, 0.8726693391799927, -0.18169085681438446, 0.4532511830329895, 0.2893369793891907, 0.9401084780693054, -0.1802230328321457, -0.3933603763580322, 0.28841719031333923, 0.8729736804962158),
            ["LowerTorso"] = CFrame.new(-0.01112033799290657, -0.18410885334014893, 0.2780935764312744, 0.972266674041748, 0.0860866978764534, 0.21745486557483673, -0.04643815755844116, 0.9823380708694458, -0.18126054108142853, -0.2292182892560959, 0.16613537073135376, 0.959092378616333),
            ["RightLowerLeg"] = CFrame.new(-6.705522537231445e-08, -0.0007264018058776855, 0.00004612451448338106, 1, 1.4342374754505727e-07, 5.58793811222813e-09, -7.078051567077637e-08, 0.5412365198135376, 0.8408703804016113, 9.685754776000977e-08, -0.8408704400062561, 0.5412365198135376),
            ["LeftUpperLeg"] = CFrame.new(2.9802322387695312e-08, -1.4901161193847656e-07, 0, 0.9948303699493408, 0.09843701124191284, 0.02495562843978405, -0.08356361091136932, 0.9331536293029785, -0.34963032603263855, -0.05770397186279297, 0.34573760628700256, 0.9365553855895996),
            ["LeftLowerLeg"] = CFrame.new(3.812601789832115e-08, -0.0007264018058776855, 0.00008100667037069798, 1, 9.685758328714655e-08, 2.980232594040899e-08, -7.450579886381092e-08, 0.4148026406764984, 0.909911572933197, 4.0978189730367376e-08, -0.9099114537239075, 0.41480255126953125),
        }},
        {Time = 0.067, Data = {
            ["RightFoot"] = CFrame.new(1.8440186977386475e-07, -2.384185791015625e-07, 3.894820110872388e-08, 0.9882488250732422, 0.05568724125623703, -0.14234912395477295, -0.10549959540367126, 0.9223853349685669, -0.37158429622650146, 0.11060837656259537, 0.3822357654571533, 0.9174213409423828),
            ["LeftLowerArm"] = CFrame.new(0.0000011920928955078125, -5.960464477539062e-07, 0.000004470348358154297, 1, 1.639127589214695e-07, -2.0489098417897367e-08, -5.960464477539063e-08, 0.7025730609893799, -0.7116116881370544, -1.2665987014770508e-07, 0.7116116881370544, 0.7025729417800903),
            ["RightUpperArm"] = CFrame.new(-0.039291203022003174, -0.0023337602615356445, -0.021597277373075485, 0.15352603793144226, -0.9316145777702332, -0.32942983508110046, 0.693260669708252, 0.339114248752594, -0.635917603969574, 0.7041444182395935, -0.13075076043605804, 0.6979145407676697),
            ["Head"] = CFrame.new(7.450580596923828e-09, -7.152557373046875e-07, -5.168840289115906e-08, 0.9538841247558594, 0.024732181802392006, 0.2991545498371124, -0.03743365406990051, 0.9986213445663452, 0.036801233887672424, -0.2978318929672241, -0.04630259796977043, 0.9534947872161865),
            ["RightHand"] = CFrame.new(2.7939677238464355e-07, 0.0000011324882507324219, -6.891787052154541e-07, 0.8971549272537231, 0.41399577260017395, 0.1540142297744751, -0.36770522594451904, 0.89316725730896, -0.2589315176010132, -0.24475720524787903, 0.17566977441310883, 0.9535377621650696),
            ["UpperTorso"] = CFrame.new(-7.450580596923828e-09, -1.1920928955078125e-07, 2.1420419216156006e-08, 0.9078536033630371, -0.06227705627679825, -0.41463661193847656, 0.10716831684112549, 0.990525484085083, 0.08587299287319183, 0.4053601324558258, -0.12239605188369751, 0.9059262871742249),
            ["HumanoidRootPart"] = CFrame.new(0, 0, 0, 1, 0, 0, 0, 1, 0, 0, 0, 1),
            ["RightUpperLeg"] = CFrame.new(0, 2.0675361156463623e-07, -3.149762051180005e-08, 0.944533109664917, -0.16591188311576843, -0.2834267020225525, 0.08600138872861862, 0.9578481316566467, -0.27410006523132324, 0.3169560730457306, 0.2345212697982788, 0.9189878106117249),
            ["LeftUpperArm"] = CFrame.new(0.022091805934906006, 0.024934887886047363, -0.02183619886636734, 0.8895125985145569, 0.4522528350353241, 0.06507517397403717, -0.3919012248516083, 0.6819517612457275, 0.6175398230552673, 0.23490595817565918, -0.5748124718666077, 0.7838430404663086),
            ["RightLowerArm"] = CFrame.new(3.2782554626464844e-07, 7.152557373046875e-07, -0.000003874301910400391, 1, 0.000005880370736122131, 0.00001857989263953641, 0.000018993394405697472, -0.5086845755577087, -0.8609530329704285, 0.000004434027232491644, 0.8609530329704285, -0.5086845755577087),
            ["LeftHand"] = CFrame.new(-0.0000014640390872955322, -0.0000014901161193847656, 1.9371509552001953e-07, 0.6608477234840393, 0.2557802200317383, -0.7055891752243042, -0.2115294635295868, 0.9654983878135681, 0.15188270807266235, 0.7200942635536194, 0.048881709575653076, 0.6921529173851013),
            ["LeftFoot"] = CFrame.new(7.82310962677002e-08, -1.1920928955078125e-07, 5.960464477539063e-08, 0.9327282309532166, -0.19682151079177856, 0.3021250367164612, 0.25342607498168945, 0.953866183757782, -0.16098041832447052, -0.2565024495124817, 0.22671742737293243, 0.9395774602890015),
            ["LowerTorso"] = CFrame.new(0.025479327887296677, -0.12721610069274902, 0.27704501152038574, 0.97480708360672, 0.04195452108979225, 0.2190684825181961, -0.016266049817204475, 0.9929072260856628, -0.11777453124523163, -0.22245579957962036, 0.1112440824508667, 0.9685753583908081),
            ["RightLowerLeg"] = CFrame.new(-6.05359673500061e-08, -0.0007263422012329102, 0.00004608353629009798, 1, 1.1175876579727628e-07, 9.313231297269908e-10, -7.264317503086204e-08, 0.6534894108772278, 0.7569354176521301, 8.381905303167514e-08, -0.7569357752799988, 0.6534898281097412),
            ["LeftUpperLeg"] = CFrame.new(-5.960464477539063e-08, -1.4901161193847656e-08, -3.725290298461914e-08, 0.9943631291389465, 0.10595531761646271, -0.003935711458325386, -0.09999014437198639, 0.924741268157959, -0.3672269880771637, -0.035270143300294876, 0.3655504286289215, 0.9301230907440186),
            ["LeftLowerLeg"] = CFrame.new(1.0570511221885681e-07, -0.0007266402244567871, 0.00008093006908893585, 1, 5.587935447692871e-08, 5.960463766996327e-08, -8.195639367158947e-08, 0.5219553709030151, 0.8529728055000305, 9.685756197086448e-08, -0.8529728055000305, 0.5219554901123047),
        }},
        {Time = 0.100, Data = {
            ["RightFoot"] = CFrame.new(2.0675361156463623e-07, -1.1920928955078125e-07, -9.480572771281004e-09, 0.9903935790061951, 0.03185689449310303, -0.13455773890018463, -0.07238451391458511, 0.9485633969306946, -0.30820131301879883, 0.11781821399927139, 0.31498053669929504, 0.9417569637298584),
            ["LeftLowerArm"] = CFrame.new(0.0000011920928955078125, -7.748603820800781e-07, 0.000005140900611877441, 1, 8.195638656616211e-08, -3.539026138810186e-08, -5.960463766996327e-08, 0.6458219289779663, -0.7634881734848022, -1.4901159772762185e-07, 0.7634880542755127, 0.6458219289779663),
            ["RightUpperArm"] = CFrame.new(-0.039093852043151855, -0.0127335786819458, -0.02279217541217804, 0.07107152044773102, -0.9752419590950012, -0.20940901339054108, 0.3058614134788513, 0.221133753657341, -0.9260392189025879, 0.9494196772575378, 0.0017648449866101146, 0.3140052258968353),
            ["Head"] = CFrame.new(2.0489096641540527e-08, -7.152557373046875e-07, 2.7474015951156616e-08, 0.954757809638977, 0.03705113008618355, 0.2950676679611206, -0.048749517649412155, 0.9982858300209045, 0.032386865466833115, -0.2933618426322937, -0.04530614614486694, 0.9549273252487183),
            ["RightHand"] = CFrame.new(2.682209014892578e-07, 3.5762786865234375e-07, -7.674098014831543e-07, 0.8300156593322754, 0.5530802607536316, -0.0719432458281517, -0.5548945069313049, 0.8058688044548035, -0.20656275749206543, -0.05626898631453514, 0.21137121319770813, 0.9757848381996155),
            ["UpperTorso"] = CFrame.new(-9.313225746154785e-09, 2.086162567138672e-07, 1.862645149230957e-09, 0.9122863411903381, -0.040770627558231354, -0.40751877427101135, 0.05497271567583084, 0.9982184171676636, 0.02319609746336937, 0.4058469235897064, -0.043563876301050186, 0.912902295589447),
            ["HumanoidRootPart"] = CFrame.new(0, 0, 0, 1, 0, 0, 0, 1, 0, 0, 0, 1),
            ["RightUpperLeg"] = CFrame.new(8.940696716308594e-08, 9.604264050722122e-09, 1.3205863069742918e-08, 0.9479878544807434, -0.11184673011302948, -0.29800882935523987, 0.02282908745110035, 0.9577120542526245, -0.28682148456573486, 0.3174867630004883, 0.26509982347488403, 0.9104527235031128),
            ["LeftUpperArm"] = CFrame.new(0.022401750087738037, 0.018109917640686035, -0.023229241371154785, 0.8844771981239319, 0.4664953649044037, -0.009067374281585217, -0.32552671432495117, 0.6308895349502563, 0.7042801976203918, 0.3342638909816742, -0.6199682354927063, 0.7098641991615295),
            ["RightLowerArm"] = CFrame.new(2.384185791015625e-07, 4.76837158203125e-07, -0.000003904104232788086, 1, 0.000004444270871317713, 0.00001896546018542722, 0.000018958000509883277, -0.4434167742729187, -0.8963155746459961, 0.00000443868293587002, 0.8963155150413513, -0.4434167742729187),
            ["LeftHand"] = CFrame.new(-0.0000013969838619232178, -0.0000015497207641601562, 1.30385160446167e-07, 0.6434007287025452, 0.30170968174934387, -0.7035666108131409, -0.1929774284362793, 0.9533013105392456, 0.23232842981815338, 0.7408072352409363, -0.013707626610994339, 0.6715784668922424),
            ["LeftFoot"] = CFrame.new(1.4901161193847656e-08, 0, 0, 0.9754552841186523, -0.15379978716373444, 0.1575840711593628, 0.17910094559192657, 0.970491349697113, -0.16146038472652435, -0.12810128927230835, 0.1857207864522934, 0.9742165207862854),
            ["LowerTorso"] = CFrame.new(0.05311373621225357, -0.09817445278167725, 0.27403226494789124, 0.9766832590103149, 0.0009968604426831007, 0.2146836221218109, 0.010745977982878685, 0.9985088109970093, -0.05352429300546646, -0.21441684663295746, 0.05458326265215874, 0.9752159714698792),
            ["RightLowerLeg"] = CFrame.new(-9.592622518539429e-08, -0.0007264614105224609, 0.00004606490983860567, 1, 1.2479726763103827e-07, -5.308541162207803e-08, -6.519258732851085e-08, 0.7145060896873474, 0.6996291279792786, 6.053597445543346e-08, -0.6996291875839233, 0.7145063281059265),
            ["LeftUpperLeg"] = CFrame.new(-1.1920928955078125e-07, -1.5512341633439064e-08, -1.4901161193847656e-08, 0.9938299655914307, 0.10824908316135406, -0.024168381467461586, -0.10828492790460587, 0.8997904658317566, -0.42267197370529175, -0.024007359519600868, 0.42268112301826477, 0.9059603810310364),
            ["LeftLowerLeg"] = CFrame.new(-1.932494342327118e-08, -0.0007264614105224609, 0.00008098501712083817, 1, 7.078052988163108e-08, 4.842877388000488e-08, -6.705523247774181e-08, 0.5501188039779663, 0.835086464881897, -1.4901162970204496e-08, -0.8350863456726074, 0.5501186847686768),
        }},
        {Time = 0.133, Data = {
            ["RightFoot"] = CFrame.new(1.8975697457790375e-07, 0, 1.6952981241047382e-09, 0.9933100938796997, 0.022188669070601463, -0.11332549899816513, -0.0548124685883522, 0.9543629884719849, -0.29357588291168213, 0.10163980722427368, 0.2978236973285675, 0.9491947293281555),
            ["LeftLowerArm"] = CFrame.new(0.0000013113021850585938, -1.1920928955078125e-07, 0.000004738569259643555, 1, 1.4901161193847656e-07, -5.587935447692871e-09, -5.960464477539063e-08, 0.6042535901069641, -0.796792209148407, -1.043081283569336e-07, 0.7967921495437622, 0.6042534708976746),
            ["RightUpperArm"] = CFrame.new(-0.03814595937728882, -0.012825727462768555, -0.02559235692024231, 0.12775644659996033, -0.9862320423126221, 0.10499890148639679, 0.03586472198367119, -0.10120329260826111, -0.994219183921814, 0.9911568760871887, 0.13078375160694122, 0.02244153805077076),
            ["Head"] = CFrame.new(-1.862645149230957e-09, -7.152557373046875e-07, -2.6542693376541138e-08, 0.9582001566886902, 0.04110720008611679, 0.28313004970550537, -0.055525779724121094, 0.9975271224975586, 0.04308706149458885, -0.2806587517261505, -0.05700714513659477, 0.9581132531166077),
            ["RightHand"] = CFrame.new(3.5762786865234375e-07, 0.0000013709068298339844, -9.015202522277832e-07, 0.8128278255462646, 0.5795208215713501, -0.058875806629657745, -0.5816232562065125, 0.8018865585327148, -0.13672111928462982, -0.03202103078365326, 0.1453743875026703, 0.9888584017753601),
            ["UpperTorso"] = CFrame.new(-1.1175870895385742e-08, 2.384185791015625e-07, -1.6763806343078613e-08, 0.9187657237052917, -0.007955593056976795, -0.39472299814224243, -0.013109550811350346, 0.9986308813095093, -0.05064139887690544, 0.394585520029068, 0.05170218273997307, 0.917403519153595),
            ["HumanoidRootPart"] = CFrame.new(0, 0, 0, 1, 0, 0, 0, 1, 0, 0, 0, 1),
            ["RightUpperLeg"] = CFrame.new(-2.9802322387695312e-08, 1.1315569281578064e-07, -5.3849362302571535e-08, 0.9431085586547852, -0.07087812572717667, -0.3248424530029297, -0.03734968602657318, 0.9482446908950806, -0.31533658504486084, 0.33038046956062317, 0.3095291256904602, 0.8916503190994263),
            ["LeftUpperArm"] = CFrame.new(0.023167550563812256, 0.011972784996032715, -0.026162467896938324, 0.8695961236953735, 0.48631829023361206, -0.08542457967996597, -0.25819990038871765, 0.5953413844108582, 0.7608557939529419, 0.42087480425834656, -0.6395805478096008, 0.6432738304138184),
            ["RightLowerArm"] = CFrame.new(2.682209014892578e-07, 8.940696716308594e-07, -0.0000034544500522315502, 1, 6.705523105665634e-07, 0.000019480947230476886, 0.00001898408299894072, -0.2590048909187317, -0.9658761024475098, 0.000004399015779199544, 0.9658761024475098, -0.2590048909187317),
            ["LeftHand"] = CFrame.new(-0.0000015459954738616943, -0.0000012516975402832031, 2.384185791015625e-07, 0.6757386326789856, 0.05886118859052658, -0.7347870469093323, -0.025438105687499046, 0.9980752468109131, 0.056558456271886826, 0.7367023229598999, -0.019526975229382515, 0.6759357452392578),
            ["LeftFoot"] = CFrame.new(2.7939677238464355e-08, -2.980232238769531e-07, 0, 0.9957636594772339, -0.09192056953907013, 0.0023520924150943756, 0.09058650583028793, 0.9762821197509766, -0.1966404914855957, 0.015779143199324608, 0.19602049887180328, 0.9804728627204895),
            ["LowerTorso"] = CFrame.new(0.06887639313936234, -0.09882056713104248, 0.2666674852371216, 0.9777255654335022, -0.045310258865356445, 0.20493833720684052, 0.0424942709505558, 0.9989323616027832, 0.018123237416148186, -0.2055407166481018, -0.00901084579527378, 0.9786071181297302),
            ["RightLowerLeg"] = CFrame.new(-6.984919309616089e-08, -0.0007262825965881348, 0.00004606118454830721, 1, 1.1548401346317405e-07, -3.771856782464056e-08, -5.587936158235607e-08, 0.7464166283607483, 0.6654786467552185, 6.449409539754924e-08, -0.6654790043830872, 0.7464168667793274),
            ["LeftUpperLeg"] = CFrame.new(-2.9802322387695312e-08, -1.909211277961731e-08, -4.0978193283081055e-08, 0.9924399256706238, 0.11632171273231506, -0.03914562240242958, -0.12019896507263184, 0.8567281365394592, -0.5015667080879211, -0.024806024506688118, 0.5024799704551697, 0.8642328381538391),
            ["LeftLowerLeg"] = CFrame.new(7.310882210731506e-08, -0.0007263422012329102, 0.00008101947605609894, 1, 1.1920930376163597e-07, 5.215407838932151e-08, -7.450581307466564e-08, 0.5318686366081238, 0.84682697057724, -3.3527616238870905e-08, -0.84682697057724, 0.531868577003479),
        }},
        {Time = 0.167, Data = {
            ["RightFoot"] = CFrame.new(2.400483936071396e-07, -2.384185791015625e-07, 1.6596459317952394e-08, 0.9960862994194031, 0.018746450543403625, -0.08637573570013046, -0.04412238672375679, 0.9522376656532288, -0.30215322971343994, 0.07658591866493225, 0.3047819137573242, 0.9493380784988403),
            ["LeftLowerArm"] = CFrame.new(0.000001043081283569336, -2.384185791015625e-07, 0.000004842877388000488, 1, 1.0430814256778831e-07, 1.4901164746561335e-08, -1.4901162970204496e-08, 0.5810982584953308, -0.8138334155082703, -1.0430814256778831e-07, 0.813833475112915, 0.5810982584953308),
            ["RightUpperArm"] = CFrame.new(-0.037919819355010986, -0.008706450462341309, -0.028827965259552002, 0.2103516012430191, -0.9257795214653015, 0.3141409456729889, -0.0781605988740921, -0.33622753620147705, -0.9385318756103516, 0.9744963645935059, 0.17286831140518188, -0.14308540523052216),
            ["Head"] = CFrame.new(-1.3969838619232178e-08, -3.5762786865234375e-07, 2.9336661100387573e-08, 0.9619370698928833, 0.037849586457014084, 0.27063700556755066, -0.0554799884557724, 0.9967859387397766, 0.0577906109392643, -0.2675798535346985, -0.07060599327087402, 0.9609453082084656),
            ["RightHand"] = CFrame.new(3.3155083656311035e-07, 9.5367431640625e-07, -9.611248970031738e-07, 0.851290225982666, 0.5235154628753662, 0.035159725695848465, -0.5108731985092163, 0.8422814607620239, -0.17196236550807953, -0.11963948607444763, 0.1284278929233551, 0.98447585105896),
            ["UpperTorso"] = CFrame.new(3.725290298461914e-09, 2.9802322387695312e-08, -3.91155481338501e-08, 0.9271746873855591, 0.01722577214241028, -0.37423327565193176, -0.05885312706232071, 0.9932360649108887, -0.10009224712848663, 0.3699778914451599, 0.11482780426740646, 0.9219170808792114),
            ["HumanoidRootPart"] = CFrame.new(0, 0, 0, 1, 0, 0, 0, 1, 0, 0, 0, 1),
            ["RightUpperLeg"] = CFrame.new(2.9802322387695312e-08, 1.3504177331924438e-07, -1.6952981241047382e-09, 0.9380708336830139, -0.05092305317521095, -0.34268051385879517, -0.07128825783729553, 0.9395979642868042, -0.3347744047641754, 0.3390296697616577, 0.3384709358215332, 0.8777790665626526),
            ["LeftUpperArm"] = CFrame.new(0.023190438747406006, 0.006794929504394531, -0.029301859438419342, 0.8514665961265564, 0.5027782917022705, -0.14905968308448792, -0.20241419970989227, 0.5773130655288696, 0.7910363078117371, 0.48376986384391785, -0.6433690190315247, 0.593332052230835),
            ["RightLowerArm"] = CFrame.new(2.086162567138672e-07, 2.384185791015625e-07, -0.000004038214683532715, 1, -0.000002658925950527191, 0.000019304461602587253, 0.00001898966911539901, -0.09116283804178238, -0.9958360195159912, 0.000004386529781186255, 0.995836079120636, -0.09116289019584656),
            ["LeftHand"] = CFrame.new(-0.0000013746321201324463, -7.748603820800781e-07, 1.1734664440155029e-07, 0.6838918924331665, -0.1187681257724762, -0.719851016998291, 0.15403570234775543, 0.9879249930381775, -0.01665661856532097, 0.7131373286247253, -0.09949134290218353, 0.6939288377761841),
            ["LeftFoot"] = CFrame.new(2.2351741790771484e-08, -1.1920928955078125e-07, 5.960464477539063e-08, 0.9963421821594238, -0.03829004243016243, -0.07639550417661667, 0.013321157544851303, 0.9526596665382385, -0.3037465810775757, 0.0844094306230545, 0.3016180098056793, 0.9496850967407227),
            ["LowerTorso"] = CFrame.new(0.07399693876504898, -0.10755395889282227, 0.2565861642360687, 0.9796779751777649, -0.07281167805194855, 0.18689490854740143, 0.062381528317928314, 0.9961802959442139, 0.06110253930091858, -0.1906300038099289, -0.0482020303606987, 0.9804778695106506),
            ["RightLowerLeg"] = CFrame.new(2.7008354663848877e-08, -0.0007262825965881348, 0.00004598667874233797, 1, 7.823113179483698e-08, -1.6996642315803e-08, -5.774199252073231e-08, 0.7572917938232422, 0.6530764102935791, 9.941867062934762e-08, -0.6530766487121582, 0.7572921514511108),
            ["LeftUpperLeg"] = CFrame.new(-5.960464477539063e-08, -1.6763806343078613e-08, -2.2351741790771484e-08, 0.9908191561698914, 0.12997037172317505, -0.03721792995929718, -0.13135650753974915, 0.860369086265564, -0.49245384335517883, -0.0319833941757679, 0.4928213059902191, 0.8695424795150757),
            ["LeftLowerLeg"] = CFrame.new(-4.685716703534126e-08, -0.0007266998291015625, 0.00008095265366137028, 1, 6.332993507385254e-08, 2.2351741790771484e-08, -8.195638656616211e-08, 0.5786021947860718, 0.815609872341156, 3.166496753692627e-08, -0.8156099319458008, 0.5786022543907166),
        }},
        {Time = 0.200, Data = {
            ["RightFoot"] = CFrame.new(2.1955929696559906e-07, -5.960464477539063e-08, -2.0656443666666746e-08, 0.9966953992843628, 0.016371017321944237, -0.07956370711326599, -0.04327014461159706, 0.9359495043754578, -0.3494662940502167, 0.06874629110097885, 0.351753830909729, 0.9335646629333496),
            ["LeftLowerArm"] = CFrame.new(0.0000010132789611816406, -7.152557373046875e-07, 0.0000048354268074035645, 1, 8.940698847936801e-08, -1.043081283569336e-07, -4.470348358154297e-08, 0.5598161816596985, -0.8286169171333313, -8.940696716308594e-08, 0.8286169171333313, 0.5598161220550537),
            ["RightUpperArm"] = CFrame.new(-0.041503310203552246, -0.002272486686706543, -0.031563982367515564, 0.26203709840774536, -0.8875299692153931, 0.3789815306663513, -0.1294376105070114, -0.42147746682167053, -0.8975538611412048, 0.956338107585907, 0.1861380785703659, -0.22532233595848083),
            ["Head"] = CFrame.new(-7.450580596923828e-09, -0.0000010728836059570312, 1.123407855629921e-08, 0.963123083114624, 0.03053545393049717, 0.26732292771339417, -0.05057820677757263, 0.996374249458313, 0.06841249763965607, -0.2642647922039032, -0.07941047102212906, 0.9611753821372986),
            ["RightHand"] = CFrame.new(4.0978193283081055e-07, 8.940696716308594e-07, -6.044283509254456e-07, 0.9259280562400818, 0.3623693883419037, 0.10651512444019318, -0.322792112827301, 0.905635416507721, -0.2750089168548584, -0.19611892104148865, 0.22025632858276367, 0.9555231928825378),
            ["UpperTorso"] = CFrame.new(-3.3527612686157227e-08, -3.5762786865234375e-07, 2.561137080192566e-08, 0.93952876329422, 0.017694124951958656, -0.34201234579086304, -0.052295926958322525, 0.9943647980690002, -0.09221625328063965, 0.3384535312652588, 0.10452573001384735, 0.9351596832275391),
            ["HumanoidRootPart"] = CFrame.new(0, 0, 0, 1, 0, 0, 0, 1, 0, 0, 0, 1),
            ["RightUpperLeg"] = CFrame.new(-5.960464477539063e-08, -3.0081719160079956e-07, 4.300818545743823e-08, 0.9459603428840637, -0.05002688616514206, -0.32040008902549744, -0.06301597505807877, 0.9408360123634338, -0.33295130729675293, 0.31810057163238525, 0.33514922857284546, 0.8868412375450134),
            ["LeftUpperArm"] = CFrame.new(0.01950550079345703, 0.0049964189529418945, -0.031804636120796204, 0.8446277976036072, 0.5056074261665344, -0.17596913874149323, -0.1748965084552765, 0.5712631940841675, 0.8019164800643921, 0.5059794187545776, -0.6465442776679993, 0.5709333419799805),
            ["RightLowerArm"] = CFrame.new(2.682209014892578e-07, 4.172325134277344e-07, -0.000004038214683532715, 1, -0.000003915279648936121, 0.000019089324268861674, 0.00001899059679999482, -0.024476267397403717, -0.9997004866600037, 0.0000043623144847515505, 0.9997004270553589, -0.024476325139403343),
            ["LeftHand"] = CFrame.new(-0.0000014435499906539917, -0.0000016093254089355469, 1.2945383787155151e-07, 0.6739615797996521, -0.20548458397388458, -0.7096135020256042, 0.2214379459619522, 0.9725634455680847, -0.0713152289390564, 0.7047985196113586, -0.10907153785228729, 0.7009727954864502),
            ["LeftFoot"] = CFrame.new(8.940696716308594e-08, -1.1920928955078125e-07, -7.450580596923828e-09, 0.9972999095916748, -0.06025665998458862, -0.041976794600486755, 0.03757345676422119, 0.9098092317581177, -0.413322776556015, 0.06309646368026733, 0.41062915325164795, 0.9096165299415588),
            ["LowerTorso"] = CFrame.new(0.07481260597705841, -0.12366139888763428, 0.2477778196334839, 0.9854326248168945, -0.06362441182136536, 0.15771707892417908, 0.05664548650383949, 0.9972224235534668, 0.04836120456457138, -0.16035595536231995, -0.03872273862361908, 0.9862995147705078),
            ["RightLowerLeg"] = CFrame.new(1.955777406692505e-08, -0.0007263422012329102, 0.000046090986870694906, 1, 8.987266397753046e-08, -1.6763806343078613e-08, -6.007030606269836e-08, 0.7470957040786743, 0.6647167205810547, 7.695052772760391e-08, -0.6647164225578308, 0.7470954656600952),
            ["LeftUpperLeg"] = CFrame.new(-2.9802322387695312e-08, -2.8312206268310547e-07, 7.450580596923828e-08, 0.9914260506629944, 0.12914320826530457, -0.019912518560886383, -0.12565767765045166, 0.9004666209220886, -0.41637685894966125, -0.0358419343829155, 0.41530928015708923, 0.9089740514755249),
            ["LeftLowerLeg"] = CFrame.new(-4.516914486885071e-08, -0.0007268190383911133, 0.00008101388812065125, 1, 7.63684582238966e-08, 3.725289943190546e-08, -5.960463766996327e-08, 0.6401489973068237, 0.7682511210441589, 2.4214383387288763e-08, -0.7682508826255798, 0.6401486396789551),
        }},
        {Time = 0.233, Data = {
            ["RightFoot"] = CFrame.new(1.771841198205948e-07, 2.384185791015625e-07, -1.3205863069742918e-08, 0.9970005750656128, 0.014880864880979061, -0.07595102488994598, -0.04463515803217888, 0.9122542142868042, -0.4071856439113617, 0.06322731077671051, 0.4093543291091919, 0.9101821184158325),
            ["LeftLowerArm"] = CFrame.new(0.000001430511474609375, 0, 0.000004999339580535889, 1, 1.0803344707710494e-07, -2.6077035641947077e-08, -7.450581485102248e-09, 0.5490864515304565, -0.8357656002044678, -7.450581307466564e-08, 0.8357656598091125, 0.5490864515304565),
            ["RightUpperArm"] = CFrame.new(-0.047683000564575195, 0.007783293724060059, -0.03430977463722229, 0.3028017282485962, -0.8504185676574707, 0.43023207783699036, -0.14759452641010284, -0.48782187700271606, -0.8603752255439758, 0.9415556192398071, 0.19702322781085968, -0.2732304334640503),
            ["Head"] = CFrame.new(-5.587935447692871e-09, -7.152557373046875e-07, -4.656612873077393e-10, 0.9638485908508301, 0.019951583817601204, 0.26570284366607666, -0.04391668736934662, 0.9954500794410706, 0.08456142991781235, -0.26280677318573, -0.09317329525947571, 0.9603392481803894),
            ["RightHand"] = CFrame.new(2.8312206268310547e-07, 0.0000010728836059570312, -0.0000011157244443893433, 0.9679284691810608, 0.09912548214197159, 0.23084306716918945, -0.030260838568210602, 0.958179235458374, -0.28456413745880127, -0.24939702451229095, 0.2684522569179535, 0.9304487109184265),
            ["UpperTorso"] = CFrame.new(3.725290298461914e-09, 1.1920928955078125e-07, 4.6566128730773926e-08, 0.9518164992332458, 0.013655941933393478, -0.3063640594482422, -0.0358356274664402, 0.99711674451828, -0.06688894331455231, 0.30456751585006714, 0.07464474439620972, 0.9495614767074585),
            ["HumanoidRootPart"] = CFrame.new(0, 0, 0, 1, 0, 0, 0, 1, 0, 0, 0, 1),
            ["RightUpperLeg"] = CFrame.new(2.9802322387695312e-08, -9.546056389808655e-09, 4.300818545743823e-08, 0.9557796716690063, -0.05098102241754532, -0.28963109850883484, -0.04624859243631363, 0.9465474486351013, -0.3192317485809326, 0.2904244363307953, 0.3185102045536041, 0.9023330211639404),
            ["LeftUpperArm"] = CFrame.new(0.013317227363586426, 0.0016052722930908203, -0.034096233546733856, 0.8446158766746521, 0.5011333227157593, -0.18838705122470856, -0.159989133477211, 0.5720603466033936, 0.8044567108154297, 0.5109085440635681, -0.6493168473243713, 0.5633470416069031),
            ["RightLowerArm"] = CFrame.new(3.8743019104003906e-07, 7.152557373046875e-07, -0.000004202127456665039, 1, -0.000004857779003941687, 0.000018908649508375674, 0.00001899805101857055, 0.02447301708161831, -0.9997004866600037, 0.000004373491265141638, 0.9997005462646484, 0.024472979828715324),
            ["LeftHand"] = CFrame.new(-0.0000014137476682662964, -0.0000013113021850585938, 2.4959444999694824e-07, 0.6444487571716309, -0.31161993741989136, -0.6982680559158325, 0.3157116770744324, 0.940156102180481, -0.12819086015224457, 0.6964280605316162, -0.13783890008926392, 0.7042648792266846),
            ["LeftFoot"] = CFrame.new(1.4901161193847656e-08, -1.7881393432617188e-07, -1.4901161193847656e-08, 0.9977461695671082, -0.06708620488643646, -0.001435398356989026, 0.0584036149084568, 0.8787489533424377, -0.4736977219581604, 0.03304000571370125, 0.47254613041877747, 0.880686342716217),
            ["LowerTorso"] = CFrame.new(0.0748581811785698, -0.14182531833648682, 0.23829998075962067, 0.9910112023353577, -0.04836009442806244, 0.12473294883966446, 0.045981086790561676, 0.9987026453018188, 0.021883422508835793, -0.12562939524650574, -0.015951359644532204, 0.9919490814208984),
            ["RightLowerLeg"] = CFrame.new(-9.313225746154785e-09, -0.0007265806198120117, 0.00004618039383785799, 1, 8.055943112594832e-08, -1.4901164746561335e-08, -5.5879347371501353e-08, 0.7377806901931763, 0.6750403642654419, 1.1129303345569497e-07, -0.6750404834747314, 0.7377808094024658),
            ["LeftUpperLeg"] = CFrame.new(0, -4.0978193283081055e-08, 3.725290298461914e-08, 0.9925792813301086, 0.12156867980957031, -0.002752237021923065, -0.11462738364934921, 0.9278717637062073, -0.35484448075294495, -0.040584322065114975, 0.35252681374549866, 0.934921383857727),
            ["LeftLowerLeg"] = CFrame.new(-1.1641532182693481e-07, -0.0007266998291015625, 0.00008097663521766663, 1, 7.450583439094771e-08, 3.72529100900465e-08, -6.705520405603238e-08, 0.6621840000152588, 0.7493413090705872, -9.313222193441106e-09, -0.7493413686752319, 0.6621841192245483),
        }},
        {Time = 0.267, Data = {
            ["RightFoot"] = CFrame.new(1.1798692867159843e-07, 0, 1.6596459317952394e-08, 0.9969890117645264, 0.013660425320267677, -0.07633087038993835, -0.046378038823604584, 0.8939405679702759, -0.44577986001968384, 0.06214569881558418, 0.4479774534702301, 0.8918823003768921),
            ["LeftLowerArm"] = CFrame.new(0.000001043081283569336, -5.960464477539062e-07, 0.000004783272743225098, 1, 1.043081283569336e-07, 1.862645149230957e-09, -5.2154071283894154e-08, 0.5443930625915527, -0.838830292224884, -5.960465188081798e-08, 0.8388302326202393, 0.5443929433822632),
            ["RightUpperArm"] = CFrame.new(-0.05328929424285889, 0.018025755882263184, -0.03738085925579071, 0.3592965006828308, -0.8141452670097351, 0.4561507999897003, -0.1687098741531372, -0.5374030470848083, -0.8262779116630554, 0.9178469181060791, 0.21992145478725433, -0.33044108748435974),
            ["Head"] = CFrame.new(7.450580596923828e-09, -5.960464477539062e-07, 1.1175870895385742e-08, 0.9642995595932007, 0.00615230668336153, 0.26474273204803467, -0.03376786783337593, 0.9944257140159607, 0.09988674521446228, -0.2626522481441498, -0.10526061803102493, 0.9591318964958191),
            ["RightHand"] = CFrame.new(4.917383193969727e-07, 0.0000011920928955078125, -8.046627044677734e-07, 0.9552127122879028, -0.09184443205595016, 0.28130587935447693, 0.1549883484840393, 0.9650785326957703, -0.21119210124015808, -0.25208577513694763, 0.24533265829086304, 0.9360902905464172),
            ["UpperTorso"] = CFrame.new(5.587935447692871e-09, -1.4901161193847656e-07, 3.841705620288849e-09, 0.9576348662376404, 0.012982800602912903, -0.2876923382282257, -0.026465080678462982, 0.9987235069274902, -0.04302394390106201, 0.28676655888557434, 0.048815082758665085, 0.9567559957504272),
            ["HumanoidRootPart"] = CFrame.new(0, 0, 0, 1, 0, 0, 0, 1, 0, 0, 0, 1),
            ["RightUpperLeg"] = CFrame.new(2.9802322387695312e-08, -2.7066562324762344e-08, -1.1124939192086458e-08, 0.9612352252006531, -0.05233664810657501, -0.2707172930240631, -0.03498929366469383, 0.9507306814193726, -0.30803731083869934, 0.27350085973739624, 0.3055684566497803, 0.9120445847511292),
            ["LeftUpperArm"] = CFrame.new(0.007991313934326172, -0.005515336990356445, -0.03649134188890457, 0.8460046052932739, 0.49672380089759827, -0.19375738501548767, -0.14950501918792725, 0.5698287487030029, 0.8080494403839111, 0.5117855668067932, -0.654645562171936, 0.5563399791717529),
            ["RightLowerArm"] = CFrame.new(2.980232238769531e-07, 2.384185791015625e-07, -0.0000033527612686157227, 1, -0.000005364416210795753, 0.000018715862097451463, 0.000018984075722983107, 0.053680308163166046, -0.9985582232475281, 0.000004373489900899585, 0.9985581636428833, 0.05368034169077873),
            ["LeftHand"] = CFrame.new(-0.0000014873221516609192, -0.0000010728836059570312, 2.253800630569458e-07, 0.6119380593299866, -0.378681480884552, -0.6943568587303162, 0.41254928708076477, 0.901859700679779, -0.12826687097549438, 0.6747850179672241, -0.20796498656272888, 0.708107590675354),
