return {
    ["Ride The Vibe"] = {
        {Time = 0.000, Data = {
            ["RightFoot"] = CFrame.new(-2.735760062932968e-08, 4.172325134277344e-07, -6.116897566244006e-08, 0.9215359687805176, 0.005648875143378973, -0.3882523477077484, -0.22012609243392944, 0.8312948346138, -0.5103853940963745, 0.31986889243125916, 0.5558031797409058, 0.7673115730285645),
            ["LeftLowerArm"] = CFrame.new(-3.2782554626464844e-07, 1.7881393432617188e-07, 2.6193447411060333e-08, 1, -5.21540641784668e-08, 2.9802322387695312e-08, 2.9802322387695312e-08, 0.9102194905281067, -0.4141261875629425, 4.016328603029251e-08, 0.4141261577606201, 0.9102195501327515),
            ["RightUpperArm"] = CFrame.new(-2.980232238769531e-07, 0, 8.940696716308594e-08, 0.6581961512565613, -0.7439873218536377, -0.11515508592128754, 0.6863046288490295, 0.5300852060317993, 0.4979919493198395, -0.30945754051208496, -0.40680766105651855, 0.859501838684082),
            ["Head"] = CFrame.new(7.450580596923828e-09, -2.384185791015625e-07, -7.450580596923828e-09, 0.990861177444458, -0.04056369885802269, 0.12864235043525696, 0.040734924376010895, 0.9991691708564758, 0.00130102236289531, -0.12858819961547852, 0.0039510964415967464, 0.9916902780532837),
            ["RightHand"] = CFrame.new(8.940696716308594e-08, -1.7881393432617188e-07, -1.993030309677124e-07, 0.23858726024627686, 0.08406320959329605, -0.9674758911132812, -0.627647876739502, 0.7735565900802612, -0.0875692367553711, 0.7410358786582947, 0.6281270980834961, 0.2373228222131729),
            ["UpperTorso"] = CFrame.new(1.6298145055770874e-08, -1.1920928955078125e-07, -5.21540641784668e-08, 0.9967676401138306, -0.030796470120549202, -0.07420256733894348, 0.030838415026664734, 0.9995242357254028, -0.0005805952241644263, 0.07418511807918549, -0.001709546777419746, 0.9972429871559143),
            ["HumanoidRootPart"] = CFrame.new(0, 0, 0, 1, 0, 0, 0, 1, 0, 0, 0, 1),
            ["RightUpperLeg"] = CFrame.new(-2.9802322387695312e-08, 5.21540641784668e-08, -1.6952981241047382e-09, 0.9962659478187561, 0.04757463186979294, 0.07204753905534744, 0.04527880251407623, 0.42261913418769836, -0.9051757454872131, -0.07351206988096237, 0.9050578474998474, 0.41888678073883057),
            ["LeftUpperArm"] = CFrame.new(2.384185791015625e-07, 0, -1.4901161193847656e-08, 0.619377613067627, 0.7685018181800842, 0.16054993867874146, -0.7835366725921631, 0.5922150015830994, 0.18802104890346527, 0.04941438511013985, -0.24225269258022308, 0.9689539670944214),
            ["RightLowerArm"] = CFrame.new(-1.7881393432617188e-07, 1.1920928955078125e-07, 2.665910869836807e-07, 1, -2.9802322387695312e-08, -2.782326191663742e-08, 0, 0.9342831969261169, -0.35653188824653625, 2.9802322387695312e-08, 0.3565317988395691, 0.9342831969261169),
            ["LeftHand"] = CFrame.new(1.7881393432617188e-07, 2.384185791015625e-07, 5.960464477539063e-08, 0.37538230419158936, -0.3659020662307739, 0.851589024066925, 0.5988911390304565, 0.7969791889190674, 0.07844537496566772, -0.7074019908905029, 0.48056212067604065, 0.5183072686195374),
            ["LeftFoot"] = CFrame.new(-8.381903171539307e-08, 0, -1.862645149230957e-08, 0.9747227430343628, -0.11457766592502594, 0.19180133938789368, 0.20061567425727844, 0.8266966342926025, -0.5256673097610474, -0.09833173453807831, 0.5508580803871155, 0.8287860155105591),
            ["LowerTorso"] = CFrame.new(-0.1872110217809677, -0.3711322546005249, 0.08118902146816254, 0.9960417747497559, 0.014600333757698536, -0.08767891675233841, 0.011302380822598934, 0.9576066136360168, 0.287857323884964, 0.08816472440958023, -0.28770890831947327, 0.9536511898040771),
            ["RightLowerLeg"] = CFrame.new(3.702007234096527e-08, -0.00012230873107910156, -0.00007766501948935911, 1, -1.4412215421089059e-07, -1.1269007416103705e-07, 1.4668331971279258e-07, 0.24339793622493744, 0.9699264764785767, -1.1478552153221244e-07, -0.9699265956878662, 0.24339836835861206),
            ["LeftUpperLeg"] = CFrame.new(8.940696716308594e-08, -1.1175870895385742e-07, -3.725290298461914e-08, 0.9642311334609985, 0.2344333529472351, 0.12369081377983093, -0.0047838096506893635, 0.48196205496788025, -0.876179039478302, -0.26501989364624023, 0.8442473411560059, 0.4658443331718445),
            ["LeftLowerLeg"] = CFrame.new(7.450580596923828e-08, 0.0001226663589477539, 0.0000774674117565155, 1, 8.195638656616211e-08, 5.587935447692871e-08, -8.940696716308594e-08, 0.2654348313808441, 0.964128851890564, 7.078051567077637e-08, -0.9641287922859192, 0.2654348611831665),
        }},
        {Time = 0.042, Data = {
            ["RightFoot"] = CFrame.new(1.4435499906539917e-08, 3.5762786865234375e-07, 9.145878721028566e-09, 0.9850759506225586, 0.017037585377693176, -0.1712750792503357, -0.11342727392911911, 0.8127074241638184, -0.5715247392654419, 0.12945906817913055, 0.5824228525161743, 0.8025112748146057),
            ["LeftLowerArm"] = CFrame.new(-4.76837158203125e-07, 1.1920928955078125e-07, -5.960464477539063e-08, 1, -6.519258910486769e-09, 0, 2.9802322387695312e-08, 0.9050456881523132, -0.42531442642211914, -7.450580596923828e-09, 0.42531445622444153, 0.905045747756958),
            ["RightUpperArm"] = CFrame.new(0, 1.1920928955078125e-07, -1.341104507446289e-07, 0.6338365077972412, -0.6828453540802002, -0.3632816970348358, 0.7696405649185181, 0.510144829750061, 0.38393479585647583, -0.07684173434972763, -0.5229480266571045, 0.8488938212394714),
            ["Head"] = CFrame.new(-1.862645149230957e-08, -1.1920928955078125e-07, -2.998858690261841e-07, 0.9951792359352112, -0.031379781663417816, 0.09291718155145645, 0.04527521878480911, 0.987428605556488, -0.15144316852092743, -0.08699677884578705, 0.15491975843906403, 0.9840891361236572),
            ["RightHand"] = CFrame.new(-1.2665987014770508e-07, -3.5762786865234375e-07, -8.940696716308594e-08, 0.2541749179363251, 0.11195534467697144, -0.9606565833091736, -0.667192816734314, 0.7393840551376343, -0.09036076813936234, 0.700177788734436, 0.6639105677604675, 0.2626286745071411),
            ["UpperTorso"] = CFrame.new(-1.2689270079135895e-08, -2.9802322387695312e-08, -6.05359673500061e-09, 0.9899307489395142, -0.09572143107652664, -0.10428116470575333, 0.10733946412801743, 0.9878738522529602, 0.11217685788869858, 0.09227889031171799, -0.12224070727825165, 0.9882012605667114),
            ["HumanoidRootPart"] = CFrame.new(0, 0, 0, 1, 0, 0, 0, 1, 0, 0, 0, 1),
            ["RightUpperLeg"] = CFrame.new(-2.9802322387695312e-08, -5.587935447692871e-08, 1.786247594282031e-08, 0.9822865724563599, -0.18298988044261932, -0.040346864610910416, 0.02156750112771988, 0.32429108023643494, -0.9457114934921265, 0.18613971769809723, 0.9280894994735718, 0.32249316573143005),
            ["LeftUpperArm"] = CFrame.new(-1.1920928955078125e-07, 0, -8.940696716308594e-08, 0.5526561737060547, 0.7913100123405457, 0.26153331995010376, -0.8302624821662903, 0.5500026941299438, 0.09034077078104019, -0.07235641777515411, -0.2670685350894928, 0.9609572887420654),
            ["RightLowerArm"] = CFrame.new(2.980232238769531e-07, -5.960464477539063e-08, 2.3562461137771606e-07, 1, -2.9802322387695312e-08, 2.9802322387695312e-08, 2.9802322387695312e-08, 0.925549328327179, -0.378627210855484, 4.470348358154297e-08, 0.3786272406578064, 0.925549328327179),
            ["LeftHand"] = CFrame.new(1.6391277313232422e-07, 0, -5.960464477539063e-08, 0.2440728396177292, -0.19565531611442566, 0.9498144388198853, 0.6389544010162354, 0.7692232728004456, -0.005736596882343292, -0.729496955871582, 0.6082882881164551, 0.3127612769603729),
            ["LeftFoot"] = CFrame.new(2.3283064365386963e-08, 0, -2.2351741790771484e-08, 0.9921409487724304, -0.11395204067230225, -0.05168500170111656, 0.07043696194887161, 0.8500326871871948, -0.5219991207122803, 0.1034167930483818, 0.5142562985420227, 0.8513786792755127),
            ["LowerTorso"] = CFrame.new(-0.19267268478870392, -0.4775676727294922, 0.07598801702260971, 0.9976692795753479, 0.06084917485713959, -0.030879782512784004, -0.05129137262701988, 0.9672049880027771, 0.24876467883586884, 0.04500419646501541, -0.24660101532936096, 0.9680716395378113),
            ["RightLowerLeg"] = CFrame.new(5.587935447692871e-09, -0.00012242794036865234, -0.00007741356239421293, 1, -1.6205008535052912e-07, -1.5087431393112638e-07, 1.5273690223693848e-07, 0.016717642545700073, 0.9998603463172913, -1.4808028936386108e-07, -0.9998602867126465, 0.016717953607439995),
            ["LeftUpperLeg"] = CFrame.new(5.960464477539063e-08, 9.313225746154785e-09, 1.6763806343078613e-08, 0.8916226625442505, 0.3426811397075653, 0.2959371507167816, 0.11156746000051498, 0.4671703577041626, -0.8771002292633057, -0.43881863355636597, 0.8150593042373657, 0.3783074915409088),
            ["LeftLowerLeg"] = CFrame.new(7.078051567077637e-08, 0.0001226663589477539, 0.00007727742195129395, 1, 1.1548399925231934e-07, 7.63684582238966e-08, -9.499491682163352e-08, 0.153682678937912, 0.9881203174591064, 7.450581307466564e-08, -0.9881203174591064, 0.15368272364139557),
        }},
        {Time = 0.083, Data = {
            ["RightFoot"] = CFrame.new(-2.7939677238464355e-08, 1.7881393432617188e-07, 8.318602340295911e-08, 0.9919200539588928, 0.03989287093281746, -0.12042944133281708, -0.10461846739053726, 0.7941727638244629, -0.598618745803833, 0.07176114618778229, 0.6063812971115112, 0.7919294834136963),
            ["LeftLowerArm"] = CFrame.new(2.384185791015625e-07, 1.1920928955078125e-07, 5.966285243630409e-08, 1, 1.5832483768463135e-08, -2.561137080192566e-09, 7.4505797087454084e-09, 0.8909980058670044, -0.4540073871612549, -3.725289943190546e-08, 0.4540073871612549, 0.8909980058670044),
            ["RightUpperArm"] = CFrame.new(1.1920928955078125e-07, 0, -3.725290298461914e-08, 0.5847052335739136, -0.6719972491264343, -0.45446640253067017, 0.8111931681632996, 0.4906892776489258, 0.3181029260158539, 0.009237467311322689, -0.5546563863754272, 0.8320282697677612),
            ["Head"] = CFrame.new(-7.275957614183426e-09, -3.5762786865234375e-07, -9.685754776000977e-08, 0.9903783798217773, -0.057411253452301025, 0.1259155571460724, 0.04978816956281662, 0.9967787265777588, 0.06287657469511032, -0.12911972403526306, -0.05600256472826004, 0.9900464415550232),
            ["RightHand"] = CFrame.new(-2.9802322387695312e-08, 0, 5.960464477539063e-08, 0.30744850635528564, 0.11755229532718658, -0.9442757964134216, -0.5790078043937683, 0.8106014132499695, -0.0876089408993721, 0.7551327347755432, 0.573678195476532, 0.31728193163871765),
            ["UpperTorso"] = CFrame.new(2.561137080192566e-09, 1.1920928955078125e-07, 2.60770320892334e-08, 0.985265851020813, -0.15336443483829498, -0.07570194453001022, 0.16259922087192535, 0.9772006273269653, 0.13653002679347992, 0.053037118166685104, -0.1468273401260376, 0.9877393245697021),
            ["HumanoidRootPart"] = CFrame.new(0, 0, 0, 1, 0, 0, 0, 1, 0, 0, 0, 1),
            ["RightUpperLeg"] = CFrame.new(0, 1.6298145055770874e-07, 5.045876605436206e-08, 0.9782797694206238, -0.20720739662647247, 0.005816134158521891, 0.08145752549171448, 0.3584785759449005, -0.9299773573875427, 0.19061315059661865, 0.910251796245575, 0.3675707280635834),
            ["LeftUpperArm"] = CFrame.new(-1.1920928955078125e-07, 0, 4.470348358154297e-08, 0.5044544339179993, 0.7861148118972778, 0.3571406900882721, -0.8313064575195312, 0.5539757013320923, -0.0451710969209671, -0.23335686326026917, -0.27410656213760376, 0.9329577088356018),
            ["RightLowerArm"] = CFrame.new(5.960464477539063e-08, 1.1920928955078125e-07, 2.4586915969848633e-07, 1, -2.2351738238057806e-08, 4.470348358154297e-08, 5.960464477539063e-08, 0.9263249635696411, -0.37672531604766846, 2.2351741790771484e-08, 0.37672534584999084, 0.9263250827789307),
            ["LeftHand"] = CFrame.new(2.644956111907959e-07, 2.980232238769531e-07, 2.2351741790771484e-08, 0.3067486882209778, -0.28399625420570374, 0.9084335565567017, 0.6023644208908081, 0.7969101667404175, 0.04573256894946098, -0.7369276881217957, 0.533179521560669, 0.4155203104019165),
            ["LeftFoot"] = CFrame.new(-2.7939677238464355e-08, 1.1920928955078125e-07, 1.1175870895385742e-08, 0.9877021312713623, -0.09724453091621399, 0.12242591381072998, 0.15042556822299957, 0.8045279383659363, -0.5745493769645691, -0.042623285204172134, 0.5858995914459229, 0.8092620372772217),
            ["LowerTorso"] = CFrame.new(-0.19529828429222107, -0.5288795232772827, 0.018357308581471443, 0.993600070476532, 0.09488235414028168, -0.061288982629776, -0.0840597078204155, 0.9835488200187683, 0.1598929911851883, 0.07545173168182373, -0.1537177413702011, 0.9852299690246582),
            ["RightLowerLeg"] = CFrame.new(1.4901161193847656e-08, -0.00012242794036865234, -0.00007748061761958525, 1, -1.4156101713069802e-07, -1.4342370491249312e-07, 1.4994294872394676e-07, -0.08629989624023438, 0.9962692260742188, -1.564622067462551e-07, -0.9962692856788635, -0.08629968017339706),
            ["LeftUpperLeg"] = CFrame.new(0, -2.3283064365386963e-09, 2.9802322387695312e-08, 0.9478525519371033, 0.23709982633590698, 0.21297739446163177, 0.05554705485701561, 0.5351243019104004, -0.8429451584815979, -0.31383150815963745, 0.8108178973197937, 0.4940486550331116),
            ["LeftLowerLeg"] = CFrame.new(2.9802322387695312e-08, 0.00012260675430297852, 0.00007762014865875244, 1, 7.823110337312755e-08, 9.313225746154785e-08, -8.940696716308594e-08, 0.054900266230106354, 0.9984918832778931, 7.078051567077637e-08, -0.9984919428825378, 0.054900266230106354),
        }},
        {Time = 0.125, Data = {
            ["RightFoot"] = CFrame.new(-1.0244548320770264e-08, 2.980232238769531e-07, 3.5579432733356953e-09, 0.9505273699760437, 0.03358926624059677, -0.30881965160369873, -0.22504925727844238, 0.7597275972366333, -0.6100545525550842, 0.21412749588489532, 0.649373471736908, 0.7297012805938721),
            ["LeftLowerArm"] = CFrame.new(2.086162567138672e-07, 1.7881393432617188e-07, 7.450580596923828e-09, 1, -2.468004822731018e-08, -1.4901161193847656e-08, -1.955777406692505e-08, 0.8890749216079712, -0.4577617347240448, -7.450580596923828e-09, 0.4577617049217224, 0.8890749216079712),
            ["RightUpperArm"] = CFrame.new(-1.1920928955078125e-07, 3.5762786865234375e-07, 5.960464477539063e-08, 0.5711283087730408, -0.7185032367706299, -0.396945983171463, 0.8184972405433655, 0.4618009030818939, 0.3417636752128601, -0.062248215079307556, -0.5200895071029663, 0.8518401384353638),
            ["Head"] = CFrame.new(2.9802322387695312e-08, 2.384185791015625e-07, 3.725290298461914e-09, 0.9824521541595459, -0.12576548755168915, 0.13773486018180847, 0.09295498579740524, 0.9703750014305115, 0.22300682961940765, -0.1617007553577423, -0.20629020035266876, 0.9650373458862305),
            ["RightHand"] = CFrame.new(3.650784492492676e-07, 2.384185791015625e-07, 2.9802322387695312e-08, 0.28778699040412903, 0.09841175377368927, -0.9526246786117554, -0.5134323239326477, 0.8555319905281067, -0.0667259469628334, 0.808434247970581, 0.5083112120628357, 0.29673874378204346),
            ["UpperTorso"] = CFrame.new(2.7939677238464355e-09, -1.1920928955078125e-07, 9.313225746154785e-10, 0.9898613691329956, -0.13178488612174988, -0.052982307970523834, 0.13988040387630463, 0.9692237377166748, 0.20258072018623352, 0.02465461939573288, -0.20793801546096802, 0.977831244468689),
            ["HumanoidRootPart"] = CFrame.new(0, 0, 0, 1, 0, 0, 0, 1, 0, 0, 0, 1),
            ["RightUpperLeg"] = CFrame.new(0, -8.096685633063316e-08, 1.879379851743579e-08, 0.9896368384361267, -0.04473759979009628, 0.1364460438489914, 0.13668103516101837, 0.5847527384757996, -0.7996141910552979, -0.04401436820626259, 0.8099770545959473, 0.5848074555397034),
            ["LeftUpperArm"] = CFrame.new(1.1920928955078125e-07, 2.384185791015625e-07, 5.960464477539063e-08, 0.5287302732467651, 0.7704152464866638, 0.35623741149902344, -0.8253808617591858, 0.5645616054534912, 0.004090040922164917, -0.19796662032604218, -0.2961936891078949, 0.9343865513801575),
            ["RightLowerArm"] = CFrame.new(-5.960464477539063e-08, -1.1920928955078125e-07, 1.4901161193847656e-07, 1, -8.568168397005138e-08, 1.4901162970204496e-08, 2.2351741790771484e-08, 0.9230747222900391, -0.3846209943294525, 3.725290298461914e-08, 0.3846209943294525, 0.9230747222900391),
            ["LeftHand"] = CFrame.new(1.2479722499847412e-07, 1.1920928955078125e-07, -5.960464477539063e-08, 0.29349854588508606, -0.3172301650047302, 0.9017891883850098, 0.5572304129600525, 0.8232714533805847, 0.10825173556804657, -0.7767580151557922, 0.4707326292991638, 0.41839921474456787),
            ["LeftFoot"] = CFrame.new(5.8906152844429016e-08, -5.960464477539063e-08, 2.9802322387695312e-08, 0.9468836784362793, -0.06539150327444077, 0.31485772132873535, 0.2542252242565155, 0.75180983543396, -0.608400821685791, -0.1969289481639862, 0.6561294794082642, 0.7285006046295166),
            ["LowerTorso"] = CFrame.new(-0.20106537640094757, -0.5122239589691162, -0.08269858360290527, 0.9930130243301392, 0.07769735902547836, -0.08881647884845734, -0.07920721918344498, 0.9967654943466187, -0.013598421588540077, 0.08747263997793198, 0.020538315176963806, 0.9959551692008972),
            ["RightLowerLeg"] = CFrame.new(7.078051567077637e-08, -0.00012236833572387695, -0.00007738282874925062, 1, -1.499428918805279e-07, -1.67638120274205e-07, 1.4528632164001465e-07, -0.0947808250784874, 0.9954981803894043, -1.5832483768463135e-07, -0.9954981803894043, -0.0947805643081665),
            ["LeftUpperLeg"] = CFrame.new(2.9802322387695312e-08, -1.695007085800171e-07, -2.421438694000244e-08, 0.9920333623886108, 0.08944788575172424, 0.08870653063058853, -0.002853316953405738, 0.7199317812919617, -0.6940390467643738, -0.1259429156780243, 0.6882567405700684, 0.7144515514373779),
            ["LeftLowerLeg"] = CFrame.new(6.705522537231445e-08, 0.0001227855682373047, 0.00007740035653114319, 1, 8.754432911928234e-08, 8.940698137394065e-08, -8.195639367158947e-08, 0.04546142742037773, 0.9989660978317261, 8.568168397005138e-08, -0.9989661574363708, 0.045461419969797134),
        }},
        {Time = 0.167, Data = {
            ["RightFoot"] = CFrame.new(1.2223608791828156e-08, 4.172325134277344e-07, -2.029992174357176e-09, 0.9371424317359924, 0.045780327171087265, -0.3459310829639435, -0.271158903837204, 0.719505250453949, -0.6393626928329468, 0.2196289747953415, 0.6929765343666077, 0.6866928339004517),
            ["LeftLowerArm"] = CFrame.new(-1.7881393432617188e-07, 2.384185791015625e-07, 5.960464477539063e-08, 1, 2.7939677238464355e-09, -1.1175872671742582e-08, -4.6566128730773926e-09, 0.877705991268158, -0.47919952869415283, 3.725290298461914e-09, 0.47919952869415283, 0.8777060508728027),
            ["RightUpperArm"] = CFrame.new(-1.1920928955078125e-07, 1.1920928955078125e-07, 5.21540641784668e-08, 0.5811302065849304, -0.7688629627227783, -0.26671603322029114, 0.7827230095863342, 0.4383411705493927, 0.44181641936302185, -0.22278374433517456, -0.46551769971847534, 0.8565400838851929),
            ["Head"] = CFrame.new(-1.862645149230957e-08, -1.1920928955078125e-07, -9.313225746154785e-09, 0.9795025587081909, -0.15950895845890045, 0.12301068753004074, 0.10252833366394043, 0.9204567074775696, 0.37715694308280945, -0.17338597774505615, -0.3568141460418701, 0.9179439544677734),
            ["RightHand"] = CFrame.new(-2.1606683731079102e-07, -3.5762786865234375e-07, 2.9802322387695312e-08, 0.16362877190113068, 0.04713287577033043, -0.9853954315185547, -0.463692843914032, 0.8853181600570679, -0.034651968628168106, 0.8707552552223206, 0.46259093284606934, 0.16671866178512573),
            ["UpperTorso"] = CFrame.new(-5.122274160385132e-09, -5.960464477539063e-08, 1.955777406692505e-08, 0.9942458868026733, -0.09449972957372665, -0.050448790192604065, 0.10504250228404999, 0.9524143934249878, 0.2861344814300537, 0.021008526906371117, -0.28978732228279114, 0.9568604826927185),
            ["HumanoidRootPart"] = CFrame.new(0, 0, 0, 1, 0, 0, 0, 1, 0, 0, 0, 1),
            ["RightUpperLeg"] = CFrame.new(0, -1.3131648302078247e-07, 2.8107024263590574e-08, 0.9892516136169434, -0.05528010427951813, 0.13537122309207916, 0.11984223872423172, 0.836952269077301, -0.5339934229850769, -0.08378004282712936, 0.5444769263267517, 0.834581196308136),
            ["LeftUpperArm"] = CFrame.new(1.1920928955078125e-07, 0, 2.2351741790771484e-08, 0.5903110504150391, 0.753319501876831, 0.28990083932876587, -0.8043034076690674, 0.5792365670204163, 0.13259358704090118, -0.06803584843873978, -0.3114398419857025, 0.9478272199630737),
            ["RightLowerArm"] = CFrame.new(-2.086162567138672e-07, -2.384185791015625e-07, 2.9802322387695312e-08, 1, -3.352760913344355e-08, 0, 5.960464477539063e-08, 0.9246513247489929, -0.38081467151641846, 5.960464477539063e-08, 0.38081470131874084, 0.9246513843536377),
            ["LeftHand"] = CFrame.new(-3.5390257835388184e-08, 3.5762786865234375e-07, -4.470348358154297e-08, 0.16443772614002228, -0.23352745175361633, 0.9583451151847839, 0.47550833225250244, 0.8699918985366821, 0.13040761649608612, -0.864206075668335, 0.43425706028938293, 0.2541036605834961),
            ["LeftFoot"] = CFrame.new(-2.7939677238464355e-08, 5.960464477539063e-08, 5.587935447692871e-08, 0.914176881313324, 0.00025318132247775793, 0.4053153395652771, 0.2793470621109009, 0.7241688370704651, -0.6305115818977356, -0.29367631673812866, 0.689622700214386, 0.6619476675987244),
            ["LowerTorso"] = CFrame.new(-0.21069654822349548, -0.4572021961212158, -0.1949521154165268, 0.9952333569526672, 0.05332748964428902, -0.08165103197097778, -0.07031209021806717, 0.9725444316864014, -0.22184135019779205, 0.06757902354001999, 0.2265249490737915, 0.9716581702232361),
            ["RightLowerLeg"] = CFrame.new(-8.381903171539307e-09, -0.00012230873107910156, -0.00007750669465167448, 1, -1.508742428768528e-07, -1.4901166878189542e-07, 1.434236764907837e-07, 0.0024055622052401304, 0.9999971389770508, -1.4528632164001465e-07, -0.9999971389770508, 0.0024058474227786064),
            ["LeftUpperLeg"] = CFrame.new(0, -1.0058283805847168e-07, 1.1175870895385742e-08, 0.9997351169586182, -0.023015398532152176, -0.0003549270040821284, 0.020531130954623222, 0.8985841870307922, -0.43832072615623474, 0.01040706317871809, 0.4381972551345825, 0.8988185524940491),
            ["LeftLowerLeg"] = CFrame.new(7.078051567077637e-08, 0.0001227259635925293, 0.00007751584053039551, 1, 8.568167686462402e-08, 8.195637946073475e-08, -8.66129994392395e-08, 0.1110859140753746, 0.993810772895813, 7.82310962677002e-08, -0.9938108325004578, 0.1110859140753746),
        }},
        {Time = 0.208, Data = {
            ["RightFoot"] = CFrame.new(1.862645149230957e-09, 2.384185791015625e-07, 4.722096491605043e-09, 0.9804431796073914, 0.15732672810554504, -0.11823568493127823, -0.19612044095993042, 0.7310774326324463, -0.6535000801086426, -0.0163736529648304, 0.6639083623886108, 0.747635006904602),
            ["LeftLowerArm"] = CFrame.new(-5.364418029785156e-07, 2.980232238769531e-07, 8.475035429000854e-08, 1, -8.183996413890782e-08, 1.909211455597415e-08, -3.383319935323925e-08, 0.8558825254440308, -0.5171703100204468, -1.1990776371817446e-08, 0.5171701908111572, 0.8558826446533203),
            ["RightUpperArm"] = CFrame.new(-1.1920928955078125e-07, 2.384185791015625e-07, 5.960464477539063e-08, 0.5744917392730713, -0.794722318649292, -0.19589799642562866, 0.7666746377944946, 0.4386526346206665, 0.46882185339927673, -0.2866518795490265, -0.4195241630077362, 0.8612956404685974),
            ["Head"] = CFrame.new(-8.149072527885437e-09, 0, -9.313225746154785e-09, 0.9852954745292664, -0.14560049772262573, 0.08940573036670685, 0.08065532147884369, 0.8576551079750061, 0.5078607797622681, -0.15062402188777924, -0.4931817352771759, 0.8567871451377869),
            ["RightHand"] = CFrame.new(1.341104507446289e-07, 1.1920928955078125e-07, 1.4901161193847656e-08, 0.15399843454360962, 0.09678451716899872, -0.9833195209503174, -0.39641207456588745, 0.9176384210586548, 0.028237365186214447, 0.9050646424293518, 0.38545122742652893, 0.1796814650297165),
            ["UpperTorso"] = CFrame.new(-2.7939677238464355e-09, 1.4901161193847656e-07, -6.332993507385254e-08, 0.9979733228683472, -0.04174819588661194, -0.04802580550312996, 0.05679919943213463, 0.9246886372566223, 0.3764635920524597, 0.02869226224720478, -0.3784284293651581, 0.9251857399940491),
            ["HumanoidRootPart"] = CFrame.new(0, 0, 0, 1, 0, 0, 0, 1, 0, 0, 0, 1),
            ["RightUpperLeg"] = CFrame.new(-2.9802322387695312e-08, 1.4156103134155273e-07, -1.4733814168721437e-08, 0.9620969295501709, -0.24484285712242126, -0.12008943408727646, 0.23045656085014343, 0.9654045701026917, -0.12199963629245758, 0.14580565690994263, 0.08970000594854355, 0.9852383732795715),
            ["LeftUpperArm"] = CFrame.new(0, 0, 5.21540641784668e-08, 0.6202850937843323, 0.7410265803337097, 0.25715020298957825, -0.7843433022499084, 0.5889980792999268, 0.194645494222641, -0.0072235045954585075, -0.3224296271800995, 0.9465658664703369),
            ["RightLowerArm"] = CFrame.new(-1.4901161193847656e-07, -5.960464477539063e-08, 1.1920928955078125e-07, 1, -8.940695295223122e-08, -2.0489096641540527e-08, 1.4901159417490817e-08, 0.9212790131568909, -0.3889021873474121, 2.9802318834981634e-08, 0.3889021873474121, 0.9212790727615356),
            ["LeftHand"] = CFrame.new(-4.2869942262768745e-08, 5.960464477539063e-08, 1.4901161193847656e-08, 0.1877642273902893, -0.26198166608810425, 0.9466310143470764, 0.38503971695899963, 0.9062649011611938, 0.1744377315044403, -0.9035979509353638, 0.3317374289035797, 0.27103739976882935),
            ["LeftFoot"] = CFrame.new(3.818422555923462e-08, 0, 1.1175870895385742e-08, 0.9677138924598694, -0.0646711140871048, 0.24361374974250793, 0.21144160628318787, 0.7343814969062805, -0.6449623107910156, -0.13719496130943298, 0.6756489872932434, 0.7243452668190002),
            ["LowerTorso"] = CFrame.new(-0.212554469704628, -0.3631465435028076, -0.31239351630210876, 0.9981462359428406, 0.015721619129180908, -0.05879531055688858, -0.03997708857059479, 0.8977870345115662, -0.4386119246482849, 0.045889969915151596, 0.44014933705329895, 0.8967512845993042),
            ["RightLowerLeg"] = CFrame.new(-2.2351741790771484e-08, -0.00012236833572387695, -0.0000774172876845114, 1, -1.7136333951839333e-07, -5.960465898624534e-08, 1.7881393432617188e-07, 0.26951682567596436, 0.9629955887794495, -8.568167686462402e-08, -0.962995707988739, 0.2695171535015106),
            ["LeftUpperLeg"] = CFrame.new(0, 6.332993507385254e-08, -3.725290298461914e-08, 0.9875458478927612, 0.10703542828559875, 0.11531105637550354, -0.10228541493415833, 0.9936738014221191, -0.04636833071708679, -0.11954466998577118, 0.03399623930454254, 0.9922466278076172),
            ["LeftLowerLeg"] = CFrame.new(4.470348358154297e-08, 0.0001226663589477539, 0.00007730722427368164, 1, 7.82310962677002e-08, 7.078051567077637e-08, -8.195638656616211e-08, 0.30813348293304443, 0.9513431787490845, 5.960464477539063e-08, -0.9513431787490845, 0.3081335723400116),
        }},
        {Time = 0.250, Data = {
            ["RightFoot"] = CFrame.new(-2.7939677238464355e-08, 4.172325134277344e-07, -1.9725121092051268e-08, 0.9663761258125305, 0.2570931315422058, 0.004511185456067324, -0.19655701518058777, 0.74991375207901, -0.6316601634025574, -0.1657784879207611, 0.609534740447998, 0.7752323746681213),
            ["LeftLowerArm"] = CFrame.new(-2.384185791015625e-07, -5.960464477539063e-08, 5.21540641784668e-08, 1, -6.239861249923706e-08, 2.9802322387695312e-08, 1.6530975699424744e-08, 0.8409605026245117, -0.541096568107605, 3.725290298461914e-09, 0.541096568107605, 0.8409605026245117),
            ["RightUpperArm"] = CFrame.new(-1.7881393432617188e-07, 4.76837158203125e-07, -8.195638656616211e-08, 0.5464855432510376, -0.8201460242271423, -0.16945259273052216, 0.7832220792770386, 0.4288770258426666, 0.45014190673828125, -0.29650768637657166, -0.3787148892879486, 0.8767315149307251),
            ["Head"] = CFrame.new(1.6763806343078613e-08, 1.1920928955078125e-07, -1.043081283569336e-07, 0.989112138748169, -0.13362815976142883, 0.06165149807929993, 0.0641031414270401, 0.7683135867118835, 0.6368557214736938, -0.13246950507164001, -0.6259694695472717, 0.7685142159461975),
            ["RightHand"] = CFrame.new(-2.849847078323364e-07, -2.980232238769531e-07, 5.21540641784668e-08, 0.26906877756118774, 0.15009775757789612, -0.9513530731201172, -0.33961251378059387, 0.9391205310821533, 0.052116140723228455, 0.9012576937675476, 0.30906859040260315, 0.30366307497024536),
            ["UpperTorso"] = CFrame.new(-1.1175870895385742e-08, -1.1920928955078125e-07, -2.8870999813079834e-08, 0.9993372559547424, -0.014065518975257874, -0.03357519209384918, 0.025967122986912727, 0.9218369722366333, 0.3867071866989136, 0.025511614978313446, -0.38732272386550903, 0.9215912222862244),
            ["HumanoidRootPart"] = CFrame.new(0, 0, 0, 1, 0, 0, 0, 1, 0, 0, 0, 1),
            ["RightUpperLeg"] = CFrame.new(-5.960464477539063e-08, -8.149072527885437e-08, 1.6931153368204832e-08, 0.8667234778404236, -0.32666411995887756, -0.3769364356994629, 0.4224354028701782, 0.8825584650039673, 0.20649223029613495, 0.265214741230011, -0.3382030129432678, 0.9029285311698914),
            ["LeftUpperArm"] = CFrame.new(5.960464477539063e-08, 2.384185791015625e-07, 2.3283064365386963e-08, 0.6075704097747803, 0.761747419834137, 0.224943146109581, -0.788624107837677, 0.5448606610298157, 0.2849540114402771, 0.09450026601552963, -0.3505250811576843, 0.9317735433578491),
            ["RightLowerArm"] = CFrame.new(-8.940696716308594e-08, -1.7881393432617188e-07, -5.960464477539063e-08, 1, -4.679896647985515e-08, 1.1175870895385742e-08, -3.91155481338501e-08, 0.9179731607437134, -0.39664268493652344, -2.60770320892334e-08, 0.3966427743434906, 0.9179731011390686),
            ["LeftHand"] = CFrame.new(6.030313670635223e-08, -5.960464477539063e-08, -5.960464477539063e-08, 0.15479916334152222, -0.24725943803787231, 0.9565040469169617, 0.2754268944263458, 0.9405900835990906, 0.19857093691825867, -0.9487767815589905, 0.23270834982395172, 0.21370430290699005),
            ["LeftFoot"] = CFrame.new(1.3969838619232178e-08, 5.960464477539063e-08, -5.587935447692871e-09, 0.9562939405441284, -0.28513145446777344, -0.06482236832380295, 0.19310776889324188, 0.7822949886322021, -0.5922195911407471, 0.21957065165042877, 0.5538182854652405, 0.8031649589538574),
            ["LowerTorso"] = CFrame.new(-0.20794586837291718, -0.26895833015441895, -0.4182286262512207, 0.9977508187294006, -0.014266337268054485, -0.06549756973981857, -0.02635223977267742, 0.8149436116218567, -0.5789409875869751, 0.06163618713617325, 0.5793647766113281, 0.8127346038818359),
            ["RightLowerLeg"] = CFrame.new(0, -0.00012224912643432617, -0.00007746944174868986, 1, -1.341104365337742e-07, -7.450581307466564e-08, 1.2665985593685036e-07, 0.5371907949447632, 0.8434606194496155, -4.470347647611561e-08, -0.8434607982635498, 0.5371911525726318),
            ["LeftUpperLeg"] = CFrame.new(2.9802322387695312e-08, -1.648440957069397e-07, -7.078051567077637e-08, 0.793843686580658, 0.2911701798439026, 0.5338840484619141, -0.48246440291404724, 0.835983395576477, 0.2614574134349823, -0.37018951773643494, -0.4651362895965576, 0.8041194081306458),
            ["LeftLowerLeg"] = CFrame.new(1.4901161193847656e-08, 0.0001226663589477539, 0.00007733702659606934, 1, 7.450580596923828e-08, -7.4505797087454084e-09, -5.21540641784668e-08, 0.6327792406082153, 0.7743322253227234, 6.705522537231445e-08, -0.7743322849273682, 0.6327791810035706),
        }},
        {Time = 0.292, Data = {
            ["RightFoot"] = CFrame.new(-1.862645149230957e-08, 2.384185791015625e-07, -1.673470251262188e-10, 0.9711028933525085, 0.23855061829090118, 0.007275697309523821, -0.1851264387369156, 0.7721608281135559, -0.6078615784645081, -0.15062381327152252, 0.5889493227005005, 0.794009804725647),
            ["LeftLowerArm"] = CFrame.new(-1.7881393432617188e-07, 2.980232238769531e-07, 7.2177499532699585e-09, 1, -2.60770320892334e-08, 7.450580596923828e-09, -1.5832483768463135e-08, 0.8394273519515991, -0.5434719324111938, 5.3551048040390015e-09, 0.5434719324111938, 0.8394273519515991),
            ["RightUpperArm"] = CFrame.new(-1.1920928955078125e-07, 2.384185791015625e-07, -4.470348358154297e-08, 0.5228624939918518, -0.8365975618362427, -0.16346073150634766, 0.800498366355896, 0.41600197553634644, 0.43144491314888, -0.29294583201408386, -0.35643649101257324, 0.8872067928314209),
            ["Head"] = CFrame.new(9.313225746154785e-09, 0, -1.0989606380462646e-07, 0.9893134832382202, -0.14144456386566162, 0.03538984805345535, 0.060664787888526917, 0.6200276613235474, 0.7822310328483582, -0.1325850635766983, -0.7717248201370239, 0.6219825148582458),
            ["RightHand"] = CFrame.new(-3.166496753692627e-08, -5.960464477539063e-08, 2.9802322387695312e-08, 0.11647889018058777, 0.06700174510478973, -0.9909306168556213, -0.36183077096939087, 0.9320187568664551, 0.020486973226070404, 0.9249385595321655, 0.3561629056930542, 0.1328037679195404),
            ["UpperTorso"] = CFrame.new(-7.450580596923828e-09, -8.940696716308594e-08, -8.568167686462402e-08, 0.9991543889045715, 0.0004247475881129503, -0.04111415892839432, 0.007887005805969238, 0.9793976545333862, 0.20178724825382233, 0.04035284370183945, -0.20194092392921448, 0.9785661101341248),
            ["HumanoidRootPart"] = CFrame.new(0, 0, 0, 1, 0, 0, 0, 1, 0, 0, 0, 1),
            ["RightUpperLeg"] = CFrame.new(0, -7.869675755500793e-08, -8.55143298394978e-08, 0.8690102696418762, -0.3162936866283417, -0.3804989457130432, 0.4111139178276062, 0.8894757628440857, 0.19954489171504974, 0.2753297686576843, -0.32983505725860596, 0.9029963612556458),
            ["LeftUpperArm"] = CFrame.new(0, 1.1920928955078125e-07, 2.2351741790771484e-08, 0.5883840322494507, 0.7627801895141602, 0.26827356219291687, -0.8002164959907532, 0.5017119646072388, 0.3285401463508606, 0.11600784957408905, -0.40798479318618774, 0.9055885672569275),
            ["RightLowerArm"] = CFrame.new(2.384185791015625e-07, 3.5762786865234375e-07, 5.960464477539063e-08, 1, -1.6763808119435453e-08, 0, 6.612390990312633e-08, 0.9200103878974915, -0.39189404249191284, -7.450581485102248e-09, 0.39189404249191284, 0.9200103878974915),
            ["LeftHand"] = CFrame.new(8.288770914077759e-08, 1.7881393432617188e-07, 1.2665987014770508e-07, -0.016124041751027107, -0.1508905440568924, 0.9884189963340759, 0.2545355260372162, 0.9553600549697876, 0.1499961018562317, -0.9669290781021118, 0.2540062963962555, 0.023002587258815765),
            ["LeftFoot"] = CFrame.new(1.7811544239521027e-08, -1.1920928955078125e-07, -6.565824151039124e-08, 0.9616967439651489, -0.27352374792099, 0.018008751794695854, 0.2370593547821045, 0.7969058752059937, -0.5556472539901733, 0.1376313716173172, 0.5386331677436829, 0.8312231302261353),
            ["LowerTorso"] = CFrame.new(-0.21261471509933472, -0.2274034023284912, -0.47381657361984253, 0.9966515898704529, -0.014818399213254452, -0.08041296154260635, -0.02885952591896057, 0.8563998341560364, -0.5155060887336731, 0.07650461792945862, 0.5161005854606628, 0.8531045317649841),
            ["RightLowerLeg"] = CFrame.new(-4.470348358154297e-08, -0.00012254714965820312, -0.00007729062781436369, 1, -1.1920928955078125e-07, -3.725290653733282e-08, 1.2665987014770508e-07, 0.6101654767990112, 0.792273759841919, -6.705522537231445e-08, -0.792273998260498, 0.6101657748222351),
            ["LeftUpperLeg"] = CFrame.new(0, -1.471489667892456e-07, -5.21540641784668e-08, 0.7828089594841003, 0.23806647956371307, 0.5749213695526123, -0.4729674756526947, 0.8280288577079773, 0.3011147081851959, -0.40436607599258423, -0.5076343417167664, 0.7607861161231995),
            ["LeftLowerLeg"] = CFrame.new(1.1920928955078125e-07, 0.00012284517288208008, 0.00007744133472442627, 1, 6.705522537231445e-08, 1.4901161193847656e-08, -3.213062882423401e-08, 0.7358996868133545, 0.6770906448364258, -7.450580596923828e-09, -0.6770906448364258, 0.7358996868133545),
        }},
        {Time = 0.333, Data = {
            ["RightFoot"] = CFrame.new(6.332993507385254e-08, 2.980232238769531e-07, -3.892637323588133e-09, 0.9659674167633057, 0.07920140773057938, -0.24624019861221313, -0.21037933230400085, 0.794418454170227, -0.5697715282440186, 0.15049082040786743, 0.6021848917007446, 0.7840447425842285),
            ["LeftLowerArm"] = CFrame.new(-5.960464477539063e-08, 3.5762786865234375e-07, 0, 1, -1.4901162970204496e-08, -2.980232594040899e-08, -1.1175872671742582e-08, 0.8391199111938477, -0.5439466834068298, 0, 0.5439466834068298, 0.8391198515892029),
            ["RightUpperArm"] = CFrame.new(2.384185791015625e-07, 1.1920928955078125e-07, 6.705522537231445e-08, 0.5042973756790161, -0.8229613304138184, -0.2615702748298645, 0.8419941067695618, 0.4013921320438385, 0.3604585826396942, -0.19165107607841492, -0.402018666267395, 0.8953495025634766),
            ["Head"] = CFrame.new(1.862645149230957e-08, -1.1920928955078125e-07, 5.587935447692871e-08, 0.991646409034729, -0.12266495823860168, 0.03988360986113548, 0.06270705908536911, 0.7286770343780518, 0.6819809079170227, -0.11271734535694122, -0.6737827658653259, 0.7302817106246948),
            ["RightHand"] = CFrame.new(1.4901161193847656e-08, 0, -5.21540641784668e-08, 0.09902642667293549, 0.09969770908355713, -0.9900779128074646, -0.4018259644508362, 0.9142457246780396, 0.051871560513973236, 0.9103458523750305, 0.3927023410797119, 0.13059554994106293),
            ["UpperTorso"] = CFrame.new(4.0046870708465576e-08, 2.9802322387695312e-08, 1.7508864402770996e-07, 0.9976766705513, 0.04690960422158241, -0.049404434859752655, -0.04566372185945511, 0.9986171722412109, 0.026052478700876236, 0.05055823549628258, -0.023736117407679558, 0.9984390735626221),
            ["HumanoidRootPart"] = CFrame.new(0, 0, 0, 1, 0, 0, 0, 1, 0, 0, 0, 1),
            ["RightUpperLeg"] = CFrame.new(5.960464477539063e-08, 8.381903171539307e-09, 2.218221197836101e-07, 0.980953574180603, -0.14548829197883606, -0.12869848310947418, 0.16374772787094116, 0.9757850766181946, 0.14501774311065674, 0.10448366403579712, -0.1633298397064209, 0.9810231924057007),
            ["LeftUpperArm"] = CFrame.new(-1.1920928955078125e-07, 1.1920928955078125e-07, 1.0058283805847168e-07, 0.5272948741912842, 0.7388235926628113, 0.41964292526245117, -0.8458414077758789, 0.5033332705497742, 0.17665793001651764, -0.08070117980241776, -0.44810181856155396, 0.8903324007987976),
            ["RightLowerArm"] = CFrame.new(-2.086162567138672e-07, -1.1920928955078125e-07, 6.332993507385254e-08, 1, -8.754432201385498e-08, -3.7252898543727042e-09, 2.2351741790771484e-08, 0.9290646910667419, -0.36991727352142334, -5.587935447692871e-09, 0.3699173629283905, 0.9290646910667419),
            ["LeftHand"] = CFrame.new(-1.993030309677124e-07, 0, 1.4901161193847656e-08, 0.05740838497877121, -0.24069824814796448, 0.9689007997512817, 0.2740119397640228, 0.9370303153991699, 0.21654540300369263, -0.9600114226341248, 0.25305885076522827, 0.11974756419658661),
            ["LeftFoot"] = CFrame.new(-6.28642737865448e-08, -5.960464477539063e-08, 5.3085386753082275e-08, 0.9458602666854858, -0.09558676183223724, 0.310179740190506, 0.2646716237068176, 0.7803128957748413, -0.5666223764419556, -0.18787573277950287, 0.6180413961410522, 0.7633660435676575),
            ["LowerTorso"] = CFrame.new(-0.21880967915058136, -0.2015550136566162, -0.4983270764350891, 0.997201681137085, -0.029387319460511208, -0.0687410831451416, 0.0006114811985753477, 0.9226744771003723, -0.3855796158313751, 0.07475677877664566, 0.38445863127708435, 0.9201104044914246),
