return {
    ["Right Round"] = {
        {Time = 0.000, Data = {
            ["LeftFoot"] = CFrame.new(2.11216502066236e-08, -1.1920928955078125e-07, -2.2009771782904863e-10, 0.9975796341896057, -0.06952528655529022, 0.0011324735824018717, 0.06267207860946655, 0.8919543027877808, -0.44776099920272827, 0.0301206037402153, 0.4467480778694153, 0.8941527009010315),
            ["LeftLowerArm"] = CFrame.new(5.960464477539063e-08, -4.172325134277344e-07, -7.450580596923828e-08, 1, -3.539026494081554e-08, -3.259629366425543e-08, 2.980232594040899e-08, 0.9577117562294006, -0.28772956132888794, -4.0978196835794733e-08, 0.2877295911312103, 0.9577116966247559),
            ["LowerTorso"] = CFrame.new(-1.4475660473158951e-25, -0.20000004768371582, 0, 0.9961947202682495, -0.015134437941014767, -0.0858316496014595, 1.1710144853793736e-08, 0.9848077893257141, -0.17364808917045593, 0.08715573698282242, 0.17298731207847595, 0.9810603260993958),
            ["Head"] = CFrame.new(-5.587935447692871e-09, -5.960464477539062e-07, -3.259629011154175e-08, 0.9960201382637024, -0.025676297023892403, -0.085349902510643, 0.018294833600521088, 0.996112585067749, -0.08616821467876434, 0.0872306153178215, 0.08426375687122345, 0.9926180243492126),
            ["RightUpperArm"] = CFrame.new(-1.1920928955078125e-07, -5.960464477539062e-07, 1.4901161193847656e-08, 0.6818984150886536, -0.5542974472045898, 0.47725149989128113, 0.593173086643219, 0.8008280992507935, 0.08258350938558578, -0.4279721975326538, 0.22677914798259735, 0.8748776912689209),
            ["UpperTorso"] = CFrame.new(5.896723109799495e-10, 1.1920928955078125e-07, 1.7113052308559418e-08, 0.984994649887085, 0.003779575927183032, 0.17254383862018585, -0.06137813255190849, 0.9420706629753113, 0.32975104451179504, -0.16130217909812927, -0.3353933095932007, 0.9281664490699768),
            ["HumanoidRootPart"] = CFrame.new(0, 0, 0, 1, 0, 0, 0, 1, 0, 0, 0, 1),
            ["RightHand"] = CFrame.new(1.7881393432617188e-07, 0, 5.960464477539063e-08, -0.6892353296279907, -0.5771341919898987, -0.4380309283733368, -0.4780002236366272, -0.09213054180145264, 0.8735145926475525, -0.5444910526275635, 0.8114359378814697, -0.2123703509569168),
            ["LeftUpperArm"] = CFrame.new(0, -4.76837158203125e-07, 1.4901161193847656e-08, 0.9171742796897888, 0.1509106606245041, -0.3688053488731384, -0.1300574690103531, 0.9881986975669861, 0.08092177659273148, 0.376664936542511, -0.026253538206219673, 0.9259775876998901),
            ["RightLowerArm"] = CFrame.new(-5.960464477539063e-08, -2.384185791015625e-07, 0, 1, -5.960463766996327e-08, 1.0430811414607888e-07, 8.940696716308594e-08, 0.4278459846973419, -0.9038516879081726, 8.195638656616211e-08, 0.9038516283035278, 0.42784595489501953),
            ["LeftHand"] = CFrame.new(4.470348358154297e-08, 1.1920928955078125e-07, 8.195638656616211e-08, 0.9316384792327881, -0.08785407990217209, -0.35260671377182007, 0.1003931537270546, 0.9947958588600159, 0.017394093796610832, 0.3492434322834015, -0.05160428583621979, 0.9356099367141724),
            ["RightUpperLeg"] = CFrame.new(0, 1.7741695046424866e-07, -3.894820110872388e-08, 0.9942090511322021, -0.09746935963630676, -0.04525568708777428, 0.07434619963169098, 0.9279358386993408, -0.36525052785873413, 0.07759515941143036, 0.3597707450389862, 0.9298085570335388),
            ["LeftUpperLeg"] = CFrame.new(0, 6.05359673500061e-09, 3.725290298461914e-09, 0.9638810753822327, 0.1812734603881836, 0.19512403011322021, -0.11311361193656921, 0.9418991804122925, -0.31627729535102844, -0.2411198914051056, 0.2827824354171753, 0.9283832311630249),
            ["RightLowerLeg"] = CFrame.new(-2.0116567611694336e-07, -0.000003814697265625, -0.000013252887583803385, 1, -2.7380880851524125e-07, -1.30385160446167e-07, 2.197921844526718e-07, 0.575112521648407, 0.8180742263793945, -1.4528635006172408e-07, -0.8180742859840393, 0.5751127600669861),
            ["RightFoot"] = CFrame.new(-4.91236278321594e-08, 2.980232238769531e-07, -3.5070115700364113e-09, 0.998211145401001, 0.059742774814367294, 0.0023355649318546057, -0.053890835493803024, 0.9159790277481079, -0.39759042859077454, -0.025892475619912148, 0.39675337076187134, 0.9175601005554199),
            ["LeftLowerLeg"] = CFrame.new(1.1175870895385742e-07, 0.0000036954879760742188, 0.000013306736946105957, 1, 1.1734665861240501e-07, 7.450581307466564e-08, -1.0430816388407038e-07, 0.5751779079437256, 0.8180283904075623, 7.07805440924858e-08, -0.818028450012207, 0.5751778483390808),
        }},
        {Time = 0.033, Data = {
            ["LeftFoot"] = CFrame.new(-2.554395450715674e-08, -5.960464477539063e-08, -1.9605522538768128e-08, 0.9975385665893555, -0.07008343935012817, 0.002278075087815523, 0.0648341029882431, 0.9094732403755188, -0.41067638993263245, 0.02670980431139469, 0.40981319546699524, 0.9117783904075623),
            ["LeftLowerArm"] = CFrame.new(1.1920928955078125e-07, 1.1920928955078125e-07, 1.1175870895385742e-07, 1, -2.980232594040899e-08, -1.0244550985305523e-08, 2.980232594040899e-08, 0.9471703767776489, -0.3207310438156128, -1.4901162970204496e-08, 0.3207310140132904, 0.9471703171730042),
            ["LowerTorso"] = CFrame.new(-1.4475660473158951e-25, -0.16736149787902832, -0.03551127016544342, 0.9972037076950073, 0.010498380288481712, -0.07399169355630875, -0.026278147473931313, 0.9761149287223816, -0.21565984189510345, 0.06996031850576401, 0.21700111031532288, 0.9736612439155579),
            ["Head"] = CFrame.new(-2.3283064365386963e-09, -2.384185791015625e-07, 1.2980308383703232e-08, 0.9963703751564026, -0.008387027308344841, -0.08470983803272247, 0.0002926677407231182, 0.9954661130905151, -0.09511741995811462, 0.0851234570145607, 0.09474743157625198, 0.9918553233146667),
            ["RightUpperArm"] = CFrame.new(0, -3.5762786865234375e-07, 5.21540641784668e-08, 0.6286482214927673, -0.5812432765960693, 0.5166795253753662, 0.6264849901199341, 0.7721402645111084, 0.10637687146663666, -0.46077990531921387, 0.2568184435367584, 0.8495448231697083),
            ["UpperTorso"] = CFrame.new(-1.6298145055770874e-09, -5.960464477539063e-08, -1.6792910173535347e-08, 0.9880596995353699, -0.03643699735403061, 0.14970126748085022, -0.02102830447256565, 0.9306485652923584, 0.3653094470500946, -0.152630016207695, -0.364095538854599, 0.9187701344490051),
            ["HumanoidRootPart"] = CFrame.new(0, 0, 0, 1, 0, 0, 0, 1, 0, 0, 0, 1),
            ["RightHand"] = CFrame.new(-1.1920928955078125e-07, -1.7881393432617188e-07, 1.7881393432617188e-07, -0.6505389213562012, -0.703917384147644, -0.2851310670375824, -0.33241236209869385, -0.0736565887928009, 0.9402536153793335, -0.6828625798225403, 0.7064524292945862, -0.1860741525888443),
            ["LeftUpperArm"] = CFrame.new(0, -1.1920928955078125e-07, 6.705522537231445e-08, 0.9167087078094482, 0.16158917546272278, -0.3654233515262604, -0.13423189520835876, 0.985966682434082, 0.09925476461648941, 0.37633368372917175, -0.04193622246384621, 0.9255346059799194),
            ["RightLowerArm"] = CFrame.new(-3.5762786865234375e-07, 2.384185791015625e-07, 1.1920928955078125e-07, 1, -5.960463766996327e-08, 3.725289587919178e-08, 8.940695295223122e-08, 0.4264468848705292, -0.9045125842094421, 9.685753354915505e-08, 0.9045126438140869, 0.4264468848705292),
            ["LeftHand"] = CFrame.new(1.7136335372924805e-07, -1.1920928955078125e-07, 1.4901161193847656e-08, 0.9248210191726685, -0.1290685534477234, -0.3578372895717621, 0.1293550729751587, 0.991325855255127, -0.02324713207781315, 0.3577337861061096, -0.024788618087768555, 0.9334946274757385),
            ["RightUpperLeg"] = CFrame.new(5.960464477539063e-08, -2.598389983177185e-07, -2.7430360205471516e-09, 0.9904435873031616, -0.12860681116580963, -0.049818653613328934, 0.11017820239067078, 0.9550830125808716, -0.2750953137874603, 0.08296007663011551, 0.26697731018066406, 0.9601253867149353),
            ["LeftUpperLeg"] = CFrame.new(-5.960464477539063e-08, -1.7741695046424866e-07, -1.1175870895385742e-08, 0.9699111580848694, 0.13416163623332977, 0.20315800607204437, -0.09519416838884354, 0.9770160913467407, -0.19072946906089783, -0.2240772545337677, 0.1656510978937149, 0.9603901505470276),
            ["RightLowerLeg"] = CFrame.new(-1.4901161193847656e-08, -0.000003814697265625, -0.00001326033816440031, 1, -4.842878098543224e-08, -4.4703497792397684e-08, 8.568166975919667e-08, 0.6136872172355652, 0.7895490527153015, -4.0978189730367376e-08, -0.7895493507385254, 0.6136876344680786),
            ["RightFoot"] = CFrame.new(-4.3686668504960835e-08, 4.76837158203125e-07, -3.6707206163555384e-08, 0.9979734420776367, 0.06362845748662949, 0.000689940236043185, -0.05795297026634216, 0.9133269786834717, -0.40308213233947754, -0.026277625933289528, 0.4022255539894104, 0.915163516998291),
            ["LeftLowerLeg"] = CFrame.new(-7.450580596923828e-09, 0.0000040531158447265625, 0.000013180077075958252, 1, 4.6566133171666024e-09, -9.313226634333205e-09, 0, 0.67158442735672, 0.7409279942512512, -1.6763809895792292e-08, -0.7409279942512512, 0.6715845465660095),
        }},
        {Time = 0.067, Data = {
            ["LeftFoot"] = CFrame.new(3.33739080815576e-08, -5.960464477539063e-08, -1.640273694647476e-08, 0.997484028339386, -0.07080462574958801, 0.0035381170455366373, 0.06764761358499527, 0.935707688331604, -0.34623000025749207, 0.02120400406420231, 0.345598042011261, 0.9381430149078369),
            ["LeftLowerArm"] = CFrame.new(3.5762786865234375e-07, 2.980232238769531e-07, -1.1175870895385742e-07, 1, -3.72529100900465e-08, 5.494804611316795e-08, 2.980232594040899e-08, 0.9358552694320679, -0.3523849546909332, 1.3038517820973539e-08, 0.35238492488861084, 0.9358552694320679),
            ["LowerTorso"] = CFrame.new(-1.4475660473158951e-25, -0.12857770919799805, -0.0821513682603836, 0.9972124695777893, 0.05005696788430214, -0.05533355474472046, -0.06358793377876282, 0.9581202864646912, -0.2792169749736786, 0.03903944790363312, 0.2819571793079376, 0.9586324095726013),
            ["Head"] = CFrame.new(3.725290298461914e-09, 0, -5.9371814131736755e-09, 0.9963986277580261, 0.014965372160077095, -0.08346119523048401, -0.02349063754081726, 0.9944947957992554, -0.10211977362632751, 0.08147349208593369, 0.10371246933937073, 0.991264820098877),
            ["RightUpperArm"] = CFrame.new(-5.960464477539063e-08, -2.384185791015625e-07, 0, 0.5790818929672241, -0.5950490236282349, 0.5572978854179382, 0.6516607403755188, 0.7486052513122559, 0.12218212336301804, -0.48990049958229065, 0.2924155294895172, 0.8212738633155823),
            ["UpperTorso"] = CFrame.new(2.3865140974521637e-08, 1.4901161193847656e-07, 9.848736226558685e-08, 0.9896231889724731, -0.09165365993976593, 0.11065983772277832, 0.037069447338581085, 0.906928300857544, 0.4196511209011078, -0.13882315158843994, -0.41119420528411865, 0.9009147882461548),
            ["HumanoidRootPart"] = CFrame.new(0, 0, 0, 1, 0, 0, 0, 1, 0, 0, 0, 1),
            ["RightHand"] = CFrame.new(-2.384185791015625e-07, -1.1920928955078125e-07, -7.450580596923828e-08, -0.45059525966644287, -0.8920691013336182, 0.034303903579711914, 0.18449261784553528, -0.05545547232031822, 0.9812681674957275, -0.873456597328186, 0.44848358631134033, 0.18956828117370605),
            ["LeftUpperArm"] = CFrame.new(-1.1920928955078125e-07, -2.384185791015625e-07, -2.2351741790771484e-08, 0.9162079095840454, 0.17731626331806183, -0.35933545231819153, -0.14198347926139832, 0.9822384715080261, 0.12267216295003891, 0.37470489740371704, -0.06137361377477646, 0.9251106381416321),
            ["RightLowerArm"] = CFrame.new(1.1920928955078125e-07, -5.960464477539063e-08, -2.980232238769531e-07, 1, -4.4703497792397684e-08, -1.4901166522918174e-08, 8.940698847936801e-08, 0.4209887683391571, -0.9070658683776855, -1.4901164746561335e-08, 0.9070659279823303, 0.4209887683391571),
            ["LeftHand"] = CFrame.new(1.5273690223693848e-07, 1.7881393432617188e-07, 5.960464477539063e-08, 0.9181336164474487, -0.16553881764411926, -0.3600384294986725, 0.15274983644485474, 0.9861964583396912, -0.06390709429979324, 0.36564767360687256, 0.0036794664338231087, 0.9307461380958557),
            ["RightUpperLeg"] = CFrame.new(5.960464477539063e-08, 4.0978193283081055e-08, 1.2496457202360034e-07, 0.9822867512702942, -0.17524315416812897, -0.06635311245918274, 0.16411185264587402, 0.975462794303894, -0.14676405489444733, 0.0904444083571434, 0.13327530026435852, 0.9869436025619507),
            ["LeftUpperLeg"] = CFrame.new(2.9802322387695312e-08, -2.9802322387695312e-08, 8.381903171539307e-08, 0.9780805110931396, 0.06570222228765488, 0.1975899487733841, -0.06649179756641388, 0.9977835416793823, -0.002643023617565632, -0.19732560217380524, -0.010552780702710152, 0.9802812933921814),
            ["RightLowerLeg"] = CFrame.new(-2.2351741790771484e-08, -0.0000035762786865234375, -0.0000133199428091757, 1, -3.110617114998604e-07, -1.2665991278026922e-07, 2.6077029247062455e-07, 0.6579576134681702, 0.7530550956726074, -1.4156101713069802e-07, -0.7530549168586731, 0.6579575538635254),
            ["RightFoot"] = CFrame.new(3.1732270144857466e-08, 4.76837158203125e-07, -9.458744898438454e-10, 0.9975784420967102, 0.06952404230833054, -0.0019335433607921004, -0.06408465653657913, 0.908017635345459, -0.41400146484375, -0.02702733315527439, 0.41312289237976074, 0.9102741479873657),
            ["LeftLowerLeg"] = CFrame.new(-2.60770320892334e-08, 0.000003814697265625, 0.000013396143913269043, 1, 5.5879347371501353e-08, -7.450581485102248e-09, -4.0978193283081055e-08, 0.797568142414093, 0.6032291054725647, 2.2351741790771484e-08, -0.6032289266586304, 0.7975680232048035),
        }},
        {Time = 0.100, Data = {
            ["LeftFoot"] = CFrame.new(-2.4300362611029414e-08, -5.960464477539063e-08, -1.929834070324432e-09, 0.9974605441093445, -0.07109613716602325, 0.00423654867336154, 0.06959522515535355, 0.9603067636489868, -0.2701249420642853, 0.015136386267840862, 0.2697337865829468, 0.9628159403800964),
            ["LeftLowerArm"] = CFrame.new(-2.384185791015625e-07, 5.960464477539063e-08, -1.341104507446289e-07, 1, -4.0978196835794733e-08, -3.259629366425543e-08, 5.21540641784668e-08, 0.9242464900016785, -0.3817964196205139, -5.587935447692871e-09, 0.38179636001586914, 0.9242465496063232),
            ["LowerTorso"] = CFrame.new(-3.5532039520582836e-18, -0.09600222110748291, -0.12057425081729889, 0.9961947202682495, 0.08189960569143295, -0.029808996245265007, -0.08715572953224182, 0.9361168146133423, -0.34071865677833557, -1.9167824660826227e-08, 0.34202009439468384, 0.9396927356719971),
            ["Head"] = CFrame.new(2.2351741790771484e-08, 3.5762786865234375e-07, -4.6566128730773926e-09, 0.9960119128227234, 0.03633975237607956, -0.0814848318696022, -0.04530023783445358, 0.9927915930747986, -0.11096332967281342, 0.07686500996351242, 0.11421201378107071, 0.9904783964157104),
            ["RightUpperArm"] = CFrame.new(0, 5.960464477539062e-07, -1.4901161193847656e-08, 0.5335237383842468, -0.6011030077934265, 0.5950022339820862, 0.6749436855316162, 0.726543128490448, 0.1287873089313507, -0.5097091794013977, 0.332881897687912, 0.7933385968208313),
            ["UpperTorso"] = CFrame.new(7.087724629428749e-09, 0, 1.0343501344323158e-07, 0.9892919063568115, -0.13078661262989044, 0.06477905809879303, 0.08514240384101868, 0.8776530623435974, 0.47167348861694336, -0.11854203045368195, -0.4611072242259979, 0.8793905973434448),
            ["HumanoidRootPart"] = CFrame.new(0, 0, 0, 1, 0, 0, 0, 1, 0, 0, 0, 1),
            ["RightHand"] = CFrame.new(1.7881393432617188e-07, -2.384185791015625e-07, 2.9802322387695312e-08, -0.0002414732880424708, -0.9856164455413818, 0.16899724304676056, 0.7280158400535583, 0.11568456143140793, 0.6757292151451111, -0.6855602860450745, 0.12319599837064743, 0.7175165414810181),
            ["LeftUpperArm"] = CFrame.new(5.960464477539063e-08, 5.960464477539062e-07, 7.450580596923828e-09, 0.9165360331535339, 0.18986186385154724, -0.35201454162597656, -0.14804892241954803, 0.9786768555641174, 0.142383873462677, 0.37154173851013184, -0.078384630382061, 0.9251014590263367),
            ["RightLowerArm"] = CFrame.new(3.5762786865234375e-07, 4.172325134277344e-07, -1.7881393432617188e-07, 1, -1.0430815677864302e-07, 9.685756907629184e-08, 2.980232594040899e-08, 0.41172829270362854, -0.9113067388534546, 7.450581307466564e-08, 0.9113067388534546, 0.4117283225059509),
            ["LeftHand"] = CFrame.new(-1.1175870895385742e-07, 5.960464477539063e-08, -3.725290298461914e-08, 0.9119932055473328, -0.19737717509269714, -0.3595981299877167, 0.17103445529937744, 0.9797603487968445, -0.10400505363941193, 0.37284818291664124, 0.03334825858473778, 0.9272928833961487),
            ["RightUpperLeg"] = CFrame.new(5.960464477539063e-08, -1.1175870895385742e-08, 2.029992174357176e-09, 0.9725797176361084, -0.20880244672298431, -0.10242173820734024, 0.20825088024139404, 0.9779418706893921, -0.01616913452744484, 0.1035386472940445, -0.005603894591331482, 0.9946096539497375),
            ["LeftUpperLeg"] = CFrame.new(-5.960464477539063e-08, 2.7567148208618164e-07, 4.936009645462036e-08, 0.9854981899261475, 0.01373622752726078, 0.16912925243377686, -0.04385678097605705, 0.9834709763526917, 0.1756739616394043, -0.163920596241951, -0.1805438995361328, 0.9698113203048706),
            ["RightLowerLeg"] = CFrame.new(8.195638656616211e-08, -0.0000035762786865234375, -0.000013215634680818766, 1, -3.2712708275539626e-07, -1.434236764907837e-07, 2.682208730675484e-07, 0.7086981534957886, 0.7055115699768066, -1.2665985593685036e-07, -0.7055118083953857, 0.7086983919143677),
            ["RightFoot"] = CFrame.new(1.7193087842315435e-08, 3.5762786865234375e-07, -1.1139491107314825e-08, 0.9971796870231628, 0.07490403950214386, -0.004709332715719938, -0.07005923986434937, 0.9065067172050476, -0.416337788105011, -0.026916304603219032, 0.4154937267303467, 0.9091978669166565),
            ["LeftLowerLeg"] = CFrame.new(3.725290298461914e-08, 0.000003933906555175781, 0.000013329088687896729, 1, 3.725289943190546e-08, 2.0489094865183688e-08, -4.8428766774577525e-08, 0.8978149890899658, 0.44037294387817383, 3.259628655882807e-08, -0.4403727948665619, 0.8978149890899658),
        }},
        {Time = 0.133, Data = {
            ["LeftFoot"] = CFrame.new(7.931411971640046e-09, 0, -2.0414290702319704e-08, 0.9975316524505615, -0.07010993361473083, 0.003924757707864046, 0.06902483105659485, 0.9687584042549133, -0.23820744454860687, 0.012898576445877552, 0.23789049685001373, 0.9712064266204834),
            ["LeftLowerArm"] = CFrame.new(2.9802322387695312e-08, 7.152557373046875e-07, -1.1175870895385742e-07, 1, -2.3748725652694702e-08, 1.3969840395589017e-08, 5.587935447692871e-08, 0.9128914475440979, -0.40820246934890747, -3.725290298461914e-08, 0.40820246934890747, 0.9128915071487427),
            ["LowerTorso"] = CFrame.new(-3.5532039520582836e-18, -0.07980072498321533, -0.1353939026594162, 0.9960712194442749, 0.08820972591638565, 0.007821973413228989, -0.0786580815911293, 0.9218612313270569, -0.37945327162742615, -0.040682245045900345, 0.3773472309112549, 0.9251778721809387),
            ["Head"] = CFrame.new(-7.450580596923828e-09, 0, 5.448237061500549e-08, 0.9957632422447205, 0.048221804201602936, -0.07829546928405762, -0.05781375616788864, 0.9904366731643677, -0.1252710372209549, 0.07150592654943466, 0.12926679849624634, 0.9890283942222595),
            ["RightUpperArm"] = CFrame.new(0, 1.1920928955078125e-07, 7.450580596923828e-08, 0.4923723638057709, -0.6048234701156616, 0.6259059309959412, 0.7013455629348755, 0.7015591263771057, 0.12621110677719116, -0.5154454112052917, 0.37683331966400146, 0.7696185111999512),
            ["UpperTorso"] = CFrame.new(6.2282197177410126e-09, -1.1920928955078125e-07, 1.0686926543712616e-07, 0.9914995431900024, -0.1285121589899063, 0.020331108942627907, 0.1005757674574852, 0.8561489582061768, 0.5068468451499939, -0.08254241198301315, -0.5004933476448059, 0.8617963194847107),
            ["HumanoidRootPart"] = CFrame.new(0, 0, 0, 1, 0, 0, 0, 1, 0, 0, 0, 1),
            ["RightHand"] = CFrame.new(1.1920928955078125e-07, -3.5762786865234375e-07, 9.499490261077881e-08, 0.35248637199401855, -0.9354121088981628, 0.027519192546606064, 0.8941087126731873, 0.3453125059604645, 0.28518304228782654, -0.2762663960456848, -0.07591799646615982, 0.9580779671669006),
            ["LeftUpperArm"] = CFrame.new(5.960464477539063e-08, 0, 8.195638656616211e-08, 0.918601930141449, 0.19168983399868011, -0.34558001160621643, -0.14754661917686462, 0.9776042699813843, 0.15006698668003082, 0.36660680174827576, -0.086862713098526, 0.926312267780304),
            ["RightLowerArm"] = CFrame.new(2.980232238769531e-07, 0, 3.5762786865234375e-07, 1, -1.0430811414607888e-07, 4.5634813261585805e-08, 0, 0.39889615774154663, -0.9169961214065552, 1.043081283569336e-07, 0.9169960618019104, 0.39889630675315857),
            ["LeftHand"] = CFrame.new(-3.725290298461914e-08, 5.960464477539063e-08, -1.862645149230957e-09, 0.9067085981369019, -0.22470256686210632, -0.35691511631011963, 0.1846729964017868, 0.9723394513130188, -0.14301036298274994, 0.37917742133140564, 0.06375622004270554, 0.9231249094009399),
            ["RightUpperLeg"] = CFrame.new(0, 7.450580596923828e-09, 9.329960448667407e-08, 0.9662075638771057, -0.20722535252571106, -0.1532987803220749, 0.22105780243873596, 0.9720304012298584, 0.07931121438741684, 0.13257578015327454, -0.11051912605762482, 0.9849919676780701),
            ["LeftUpperLeg"] = CFrame.new(0, 1.1175870895385742e-08, 1.2246891856193542e-07, 0.9916005730628967, 0.010539434850215912, 0.12890806794166565, -0.04182160645723343, 0.9692598581314087, 0.24245880544185638, -0.1223900318145752, -0.2458135038614273, 0.9615594744682312),
            ["RightLowerLeg"] = CFrame.new(-1.341104507446289e-07, -0.0000034570693969726562, -0.000013372096873354167, 1, -2.4540346998946916e-07, -1.0617077350616455e-07, 1.9744041424019088e-07, 0.7585963606834412, 0.6515606045722961, -9.685756197086448e-08, -0.6515609622001648, 0.7585965991020203),
            ["RightFoot"] = CFrame.new(1.1201336747035384e-08, 2.384185791015625e-07, -2.024171408265829e-08, 0.9969731569290161, 0.07747852802276611, -0.006456300616264343, -0.07348636537790298, 0.9119706153869629, -0.4036200940608978, -0.02538391388952732, 0.4028731882572174, 0.914903998374939),
            ["LeftLowerLeg"] = CFrame.new(5.587935447692871e-08, 0.0000040531158447265625, 0.000013299286365509033, 1, 9.126959099603482e-08, 7.4505797087454084e-09, -1.0244548320770264e-07, 0.9236669540405273, 0.38319629430770874, 2.421438694000244e-08, -0.3831963539123535, 0.9236669540405273),
        }},
        {Time = 0.167, Data = {
            ["LeftFoot"] = CFrame.new(-1.079371259038453e-07, 1.7881393432617188e-07, -3.5010998544748873e-09, 0.9976544380187988, -0.06839173287153244, 0.0028895740397274494, 0.06660465151071548, 0.9601114988327026, -0.2715696096420288, 0.01579875871539116, 0.271124929189682, 0.962414562702179),
            ["LeftLowerArm"] = CFrame.new(8.940696716308594e-08, 2.384185791015625e-07, 7.450580596923828e-08, 1, -4.656611807263289e-08, -2.9336653994960216e-08, 3.725289943190546e-08, 0.9023655652999878, -0.4309713840484619, 1.5832481992106295e-08, 0.4309713840484619, 0.9023655652999878),
            ["LowerTorso"] = CFrame.new(-3.5532039520582836e-18, -0.08139002323150635, -0.12706443667411804, 0.9962908625602722, 0.06971342116594315, 0.05044372379779816, -0.04514485225081444, 0.9225223660469055, -0.3832942247390747, -0.07325620949268341, 0.37959522008895874, 0.9222478866577148),
            ["Head"] = CFrame.new(1.210719347000122e-08, 2.384185791015625e-07, -9.313225746154785e-10, 0.99599289894104, 0.05106525495648384, -0.07342066615819931, -0.06093795970082283, 0.9883846640586853, -0.13922065496444702, 0.06545852869749069, 0.14313669502735138, 0.9875358939170837),
            ["RightUpperArm"] = CFrame.new(0, 0, -5.21540641784668e-08, 0.46087247133255005, -0.606197714805603, 0.6481674313545227, 0.7265240550041199, 0.6771551370620728, 0.1167212426662445, -0.5096660256385803, 0.41711553931236267, 0.7524993419647217),
            ["UpperTorso"] = CFrame.new(-1.4784745872020721e-08, 8.940696716308594e-08, 3.2247044146060944e-08, 0.9956645369529724, -0.09205683320760727, -0.0133348498493433, 0.08573845773935318, 0.8526748418807983, 0.5153589248657227, -0.03607195243239403, -0.5142677426338196, 0.8568707704544067),
            ["HumanoidRootPart"] = CFrame.new(0, 0, 0, 1, 0, 0, 0, 1, 0, 0, 0, 1),
            ["RightHand"] = CFrame.new(1.4901161193847656e-07, 1.7881393432617188e-07, 2.9802322387695312e-08, 0.5405710339546204, -0.8262175917625427, -0.15857967734336853, 0.8411245346069336, 0.5346044898033142, 0.08190172910690308, 0.017108706757426262, -0.17765888571739197, 0.9839434027671814),
            ["LeftUpperArm"] = CFrame.new(0, 0, -2.2351741790771484e-08, 0.9222474098205566, 0.1830618679523468, -0.34051164984703064, -0.1395144909620285, 0.9790263772010803, 0.1484692543745041, 0.3605489730834961, -0.08941923826932907, 0.9284442663192749),
            ["RightLowerArm"] = CFrame.new(6.556510925292969e-07, 1.1920928955078125e-07, 1.7881393432617188e-07, 1, -5.960464477539063e-08, 5.587935447692871e-08, 4.470347647611561e-08, 0.3827105760574341, -0.9238683581352234, 5.960463766996327e-08, 0.9238682985305786, 0.3827105164527893),
            ["LeftHand"] = CFrame.new(1.4901161193847656e-07, -5.960464477539063e-08, 8.940696716308594e-08, 0.9024955034255981, -0.24763856828212738, -0.35238781571388245, 0.19412772357463837, 0.9642392992973328, -0.1804356873035431, 0.38446876406669617, 0.0944342091679573, 0.91829514503479),
            ["RightUpperLeg"] = CFrame.new(5.960464477539063e-08, 2.421438694000244e-07, -6.688787834718823e-08, 0.9636618494987488, -0.17760178446769714, -0.19953329861164093, 0.2031920850276947, 0.9722496271133423, 0.11594659090042114, 0.17340385913848877, -0.1522769033908844, 0.9730072021484375),
            ["LeftUpperLeg"] = CFrame.new(-5.960464477539063e-08, 3.725290298461914e-09, 3.725290298461914e-09, 0.9949235320091248, 0.043855033814907074, 0.09057595580816269, -0.05924578756093979, 0.982796847820282, 0.1749296337366104, -0.08134618401527405, -0.17940784990787506, 0.980405867099762),
            ["RightLowerLeg"] = CFrame.new(-2.60770320892334e-08, -0.0000040531158447265625, -0.000013327393389772624, 1, -2.5797646685532527e-07, -3.3527619791584584e-08, 2.197920991875435e-07, 0.7928333878517151, 0.6094381213188171, -4.0978189730367376e-08, -0.6094384789466858, 0.7928335666656494),
            ["RightFoot"] = CFrame.new(4.747562343254685e-10, 3.5762786865234375e-07, 2.684828359633684e-09, 0.9969709515571594, 0.07748040556907654, -0.006767034064978361, -0.07413240522146225, 0.9203532934188843, -0.38399767875671387, -0.023524293676018715, 0.38333630561828613, 0.923309326171875),
            ["LeftLowerLeg"] = CFrame.new(8.568167686462402e-08, 0.000003874301910400391, 0.000013329088687896729, 1, 4.284083843231201e-08, 4.656614649434232e-08, -5.5879347371501353e-08, 0.8794831037521362, 0.4759306311607361, 1.0244547432591844e-08, -0.47593024373054504, 0.8794828653335571),
        }},
        {Time = 0.200, Data = {
            ["LeftFoot"] = CFrame.new(-2.2560755041922675e-08, -1.7881393432617188e-07, 4.2548435885692015e-09, 0.997775137424469, -0.06665188819169998, 0.001531303278170526, 0.06343689560890198, 0.9420804381370544, -0.3293333649635315, 0.020508117973804474, 0.32869771122932434, 0.9442125558853149),
            ["LeftLowerArm"] = CFrame.new(-5.960464477539063e-08, 5.960464477539063e-08, -5.21540641784668e-08, 1, -3.5390257835388184e-08, -3.864989039925604e-08, 3.725289943190546e-08, 0.8932378888130188, -0.4495844841003418, 4.6566123179658803e-10, 0.4495844542980194, 0.8932378888130188),
            ["LowerTorso"] = CFrame.new(-1.8611563289405057e-25, -0.10000002384185791, -0.09999998658895493, 0.9961947202682495, 0.02980903349816799, 0.08189960569143295, -1.1710146630150575e-08, 0.9396927356719971, -0.34202009439468384, -0.08715575188398361, 0.34071865677833557, 0.9361168146133423),
            ["Head"] = CFrame.new(-4.6566128730773926e-09, 2.384185791015625e-07, -2.514570951461792e-08, 0.9966036677360535, 0.048703812062740326, -0.0664004236459732, -0.05788838490843773, 0.9878425002098083, -0.14427773654460907, 0.05856632441282272, 0.14763160049915314, 0.9873068928718567),
            ["RightUpperArm"] = CFrame.new(0, 1.1920928955078125e-07, -4.842877388000488e-08, 0.44553324580192566, -0.6043021082878113, 0.6605445146560669, 0.7436017394065857, 0.6606641411781311, 0.10285663604736328, -0.4985544681549072, 0.44535601139068604, 0.7437078952789307),
            ["UpperTorso"] = CFrame.new(1.5252474838689523e-09, 0, 9.243376553058624e-08, 0.9989312887191772, -0.03795697167515755, -0.026375988498330116, 0.045988988131284714, 0.8733519315719604, 0.4849138557910919, 0.004629653412848711, -0.4856087267398834, 0.8741641640663147),
            ["HumanoidRootPart"] = CFrame.new(0, 0, 0, 1, 0, 0, 0, 1, 0, 0, 0, 1),
            ["RightHand"] = CFrame.new(1.1920928955078125e-07, 1.7881393432617188e-07, -4.470348358154297e-08, 0.7097289562225342, -0.6423168778419495, -0.2893333435058594, 0.6761342883110046, 0.7363954782485962, 0.0237540565431118, 0.19780607521533966, -0.21248720586299896, 0.9569336771965027),
            ["LeftUpperArm"] = CFrame.new(0, 3.5762786865234375e-07, -7.450580596923828e-09, 0.926925778388977, 0.1659972220659256, -0.3365316390991211, -0.12345823645591736, 0.9818111062049866, 0.14423982799053192, 0.3543539047241211, -0.0921519324183464, 0.9305597543716431),
            ["RightLowerArm"] = CFrame.new(8.940696716308594e-07, -2.384185791015625e-07, 0, 1, -1.0430814256778831e-07, 1.4901162970204496e-08, 4.470348358154297e-08, 0.363388329744339, -0.9316377639770508, 8.940696716308594e-08, 0.9316378235816956, 0.363388329744339),
            ["LeftHand"] = CFrame.new(1.564621925354004e-07, 2.384185791015625e-07, 6.705522537231445e-08, 0.8994888663291931, -0.26631373167037964, -0.3464054763317108, 0.19985376298427582, 0.9557589292526245, -0.21583200991153717, 0.3885592818260193, 0.12490811944007874, 0.9129183292388916),
            ["RightUpperLeg"] = CFrame.new(0, -2.1420419216156006e-08, -5.3849362302571535e-08, 0.9646270275115967, -0.13759921491146088, -0.22485825419425964, 0.1572398841381073, 0.9849451780319214, 0.07182379812002182, 0.21159014105796814, -0.10463982820510864, 0.9717408418655396),
            ["LeftUpperLeg"] = CFrame.new(0, 6.239861249923706e-08, 3.725290298461914e-09, 0.9941117763519287, 0.09062886983156204, 0.05939909443259239, -0.09185327589511871, 0.9956060647964478, 0.018212085589766502, -0.05748758837580681, -0.023560700938105583, 0.9980682134628296),
            ["RightLowerLeg"] = CFrame.new(-6.332993507385254e-08, -0.000003933906555175781, -0.000013245437003206462, 1, -3.91155481338501e-08, 3.725290298461914e-09, 4.8428766774577525e-08, 0.7974367737770081, 0.6034021973609924, -5.587934559514451e-09, -0.6034024953842163, 0.7974370121955872),
            ["RightFoot"] = CFrame.new(1.8759237718768418e-08, 1.1920928955078125e-07, -3.472086973488331e-08, 0.9971381425857544, 0.0753890722990036, -0.005662203300744295, -0.07214083522558212, 0.9264224171638489, -0.3695092797279358, -0.022611400112509727, 0.36886048316955566, 0.9292098879814148),
            ["LeftLowerLeg"] = CFrame.new(-1.043081283569336e-07, 0.000003814697265625, 0.000013306736946105957, 1, -2.374872920540838e-08, -1.30385160446167e-08, 2.9802318834981634e-08, 0.7858800888061523, 0.6183789968490601, -2.607702853651972e-08, -0.6183790564537048, 0.7858800888061523),
        }},
        {Time = 0.233, Data = {
            ["LeftFoot"] = CFrame.new(-3.961872607760597e-09, 0, -4.761204763781279e-09, 0.9978639483451843, -0.06532656401395798, 0.0001923294476000592, 0.06033438444137573, 0.9204710721969604, -0.38612544536590576, 0.025047147646546364, 0.38531234860420227, 0.9224463105201721),
            ["LeftLowerArm"] = CFrame.new(-8.940696716308594e-08, -4.172325134277344e-07, 8.940696716308594e-08, 1, -3.445894236620006e-08, 5.820765203168321e-09, 3.632158041000366e-08, 0.8860422372817993, -0.4636046290397644, -2.7939677238464355e-09, 0.4636046886444092, 0.8860421776771545),
            ["LowerTorso"] = CFrame.new(-1.8611563289405057e-25, -0.13293635845184326, -0.060309018939733505, 0.9962009787559509, -0.023248545825481415, 0.0839233547449112, 0.044006239622831345, 0.966000497341156, -0.25476768612861633, -0.07514701038599014, 0.25749289989471436, 0.9633537530899048),
            ["Head"] = CFrame.new(5.587935447692871e-09, -1.1920928955078125e-07, 2.8638169169425964e-08, 0.9973008632659912, 0.045667607337236404, -0.05749472975730896, -0.05311419442296028, 0.9893556833267212, -0.13547851145267487, 0.050695791840553284, 0.1381663829088211, 0.9891107678413391),
            ["RightUpperArm"] = CFrame.new(0, -1.1920928955078125e-07, 3.725290298461914e-09, 0.4541783630847931, -0.5968479514122009, 0.6614336967468262, 0.7453781962394714, 0.6612216830253601, 0.08483690768480301, -0.487989217042923, 0.4544872045516968, 0.7451900243759155),
            ["UpperTorso"] = CFrame.new(6.984919309616089e-09, 5.960464477539063e-08, 5.145557224750519e-08, 0.9997833371162415, 0.015672657638788223, -0.013696625828742981, -0.008741192519664764, 0.9133569002151489, 0.4070665240287781, 0.01888974942266941, -0.4068583846092224, 0.9132958650588989),
            ["HumanoidRootPart"] = CFrame.new(0, 0, 0, 1, 0, 0, 0, 1, 0, 0, 0, 1),
            ["RightHand"] = CFrame.new(-5.960464477539063e-08, -5.960464477539063e-08, 8.940696716308594e-08, 0.8691985011100769, -0.34731656312942505, -0.3519454002380371, 0.3817773759365082, 0.9237241744995117, 0.031299199908971786, 0.31422924995422363, -0.16157007217407227, 0.9354971051216125),
            ["LeftUpperArm"] = CFrame.new(5.960464477539063e-08, -2.384185791015625e-07, 1.1175870895385742e-08, 0.9318628907203674, 0.14420463144779205, -0.3329213559627533, -0.10084721446037292, 0.9844081997871399, 0.1441194862127304, 0.34851327538490295, -0.10072571784257889, 0.9318761229515076),
            ["RightLowerArm"] = CFrame.new(-4.172325134277344e-07, -5.960464477539063e-08, 1.1920928955078125e-07, 1, -8.940698137394065e-08, 5.2154071283894154e-08, 5.960465188081798e-08, 0.3411594033241272, -0.9400054812431335, 4.4703490686970326e-08, 0.9400055408477783, 0.3411594033241272),
            ["LeftHand"] = CFrame.new(1.7136335372924805e-07, 1.7881393432617188e-07, 0, 0.8977554440498352, -0.28086188435554504, -0.33934035897254944, 0.20229315757751465, 0.9471982717514038, -0.24878297746181488, 0.39129626750946045, 0.15470010042190552, 0.9071687459945679),
            ["RightUpperLeg"] = CFrame.new(5.960464477539063e-08, 6.705522537231445e-08, 2.438173396512866e-08, 0.9695324897766113, -0.10111234337091446, -0.2231212705373764, 0.08979552239179611, 0.9941318035125732, -0.060322824865579605, 0.22791126370429993, 0.03844962269067764, 0.9729225039482117),
            ["LeftUpperLeg"] = CFrame.new(-5.960464477539063e-08, -9.918585419654846e-08, 4.0978193283081055e-08, 0.9891363978385925, 0.14073050022125244, 0.0424761101603508, -0.13052161037921906, 0.9737177491188049, -0.18664926290512085, -0.06762697547674179, 0.17907753586769104, 0.9815080165863037),
            ["RightLowerLeg"] = CFrame.new(4.842877388000488e-08, -0.000003814697265625, -0.000013349745131563395, 1, -1.7695128917694092e-08, -2.421439049271612e-08, 3.725290298461914e-09, 0.7664970755577087, 0.6422474980354309, -1.1175870895385742e-08, -0.6422477960586548, 0.7664973735809326),
            ["RightFoot"] = CFrame.new(2.4700057110749185e-08, 3.5762786865234375e-07, 4.850153345614672e-08, 0.9974460005760193, 0.07134360074996948, -0.003433197271078825, -0.06764358282089233, 0.9280970096588135, -0.3661423623561859, -0.022935520857572556, 0.3654397130012512, 0.9305525422096252),
            ["LeftLowerLeg"] = CFrame.new(-2.9802322387695312e-08, 0.000003635883331298828, 0.000013299286365509033, 1, 6.053594514554561e-09, 1.4901159417490817e-08, -3.7252898543727042e-09, 0.6672564148902893, 0.7448280453681946, 5.587934559514451e-09, -0.7448281645774841, 0.6672565340995789),
        }},
        {Time = 0.267, Data = {
            ["LeftFoot"] = CFrame.new(-1.3627015960082645e-08, 5.960464477539063e-08, -3.7768813854199834e-08, 0.997887909412384, -0.06495578587055206, -0.0007735937833786011, 0.05827021971344948, 0.9003161787986755, -0.43131834268569946, 0.028713176026940346, 0.43036219477653503, 0.9021995663642883),
            ["LeftLowerArm"] = CFrame.new(2.9802322387695312e-08, 4.76837158203125e-07, 6.705522537231445e-08, 1, -3.562308847904205e-08, 1.1641530794914701e-10, 4.7963105487269786e-08, 0.8812576532363892, -0.4726361334323883, 1.4784744095663882e-08, 0.4726361930370331, 0.8812576532363892),
            ["LowerTorso"] = CFrame.new(-1.8611563289405057e-25, -0.16980361938476562, -0.020877370610833168, 0.9961483478546143, -0.06835852563381195, 0.05491453409194946, 0.07638689130544662, 0.9840422868728638, -0.16070421040058136, -0.04305271804332733, 0.164279967546463, 0.9854738116264343),
            ["Head"] = CFrame.new(-3.725290298461914e-09, 1.1920928955078125e-07, -2.0721927285194397e-08, 0.9977165460586548, 0.047926608473062515, -0.04759103059768677, -0.05318807438015938, 0.9917925596237183, -0.11626935005187988, 0.04162805527448654, 0.1185351312160492, 0.9920768737792969),
            ["RightUpperArm"] = CFrame.new(-5.960464477539063e-08, 0, -3.725290298461914e-09, 0.4940131902694702, -0.5783697366714478, 0.6491836905479431, 0.7271474003791809, 0.6841768026351929, 0.05620420724153519, -0.47666317224502563, 0.4442865550518036, 0.7585523724555969),
            ["UpperTorso"] = CFrame.new(-2.246815711259842e-08, -8.940696716308594e-08, 2.7474015951156616e-08, 0.9985160231590271, 0.05202982947230339, 0.016087211668491364, -0.05444733425974846, 0.9473351240158081, 0.3155817687511444, 0.0011796855833381414, -0.31598925590515137, 0.9487621188163757),
            ["HumanoidRootPart"] = CFrame.new(0, 0, 0, 1, 0, 0, 0, 1, 0, 0, 0, 1),
            ["RightHand"] = CFrame.new(2.980232238769531e-07, 2.980232238769531e-07, -1.341104507446289e-07, 0.9339134693145752, 0.021911652758717537, -0.35682711005210876, 0.003269017208367586, 0.9975547790527344, 0.0698130652308464, 0.3574844300746918, -0.06636584550142288, 0.9315581917762756),
            ["LeftUpperArm"] = CFrame.new(0, -2.384185791015625e-07, -1.4901161193847656e-08, 0.9362852573394775, 0.12488637119531631, -0.32828840613365173, -0.07940488308668137, 0.9857165217399597, 0.14851854741573334, 0.3421472907066345, -0.11298801004886627, 0.9328284859657288),
            ["RightLowerArm"] = CFrame.new(-5.364418029785156e-07, 0, 5.960464477539063e-08, 1, -1.341104507446289e-07, 8.195639367158947e-08, 4.470348358154297e-08, 0.3162747919559479, -0.9486677646636963, 7.450580596923828e-09, 0.9486677050590515, 0.3162747025489807),
            ["LeftHand"] = CFrame.new(4.6566128730773926e-09, -1.1920928955078125e-07, -2.9802322387695312e-08, 0.8973042368888855, -0.2914227247238159, -0.3315388858318329, 0.2018708735704422, 0.9388625025749207, -0.2789003252983093, 0.3925473988056183, 0.18333038687705994, 0.9012750387191772),
            ["RightUpperLeg"] = CFrame.new(5.960464477539063e-08, 2.9336661100387573e-07, 2.2519088815897703e-08, 0.976676881313324, -0.0719091072678566, -0.20231512188911438, 0.026560725644230843, 0.9754769802093506, -0.2184930145740509, 0.21306541562080383, 0.20802339911460876, 0.9546357989311218),
            ["LeftUpperLeg"] = CFrame.new(-5.960464477539063e-08, 1.7710408428683877e-07, 2.176966518163681e-08, 0.9813400506973267, 0.18770267069339752, 0.041707780212163925, -0.15967980027198792, 0.9163917303085327, -0.3670539855957031, -0.1071176677942276, 0.3535449802875519, 0.9292641282081604),
