return {
    ["Rim Shot"] = {
        {Time = 0.000, Data = {
            ["RightFoot"] = CFrame.new(-5.587935447692871e-08, 2.980232238769531e-07, -5.790934665128589e-08, 0.9710376262664795, 0.21635720133781433, 0.10136838257312775, -0.16194650530815125, 0.9079409241676331, -0.3865440785884857, -0.1756683737039566, 0.35893306136131287, 0.9166833162307739),
            ["LeftLowerArm"] = CFrame.new(1.7881393432617188e-07, -1.7881393432617188e-07, -3.5762786865234375e-07, 1, -7.078052277620372e-08, -1.4901162970204496e-08, 5.5879368687783426e-08, 0.8951454162597656, -0.4457743763923645, 4.4703494239684005e-08, 0.4457743465900421, 0.8951454758644104),
            ["RightUpperArm"] = CFrame.new(-5.960464477539063e-08, 0, -1.4901161193847656e-08, 0.9505798816680908, -0.2959486246109009, -0.09387420862913132, 0.30311769247055054, 0.9500564932823181, 0.0742458701133728, 0.06721276789903641, -0.09903153032064438, 0.9928117990493774),
            ["Head"] = CFrame.new(-6.51925802230835e-09, -4.76837158203125e-07, -1.434236764907837e-07, 0.9393113851547241, -0.02630152553319931, 0.34205636382102966, 0.039094094187021255, 0.9987682700157166, -0.030557414516806602, -0.34083127975463867, 0.04207541421055794, 0.9391825795173645),
            ["RightHand"] = CFrame.new(1.1920928955078125e-07, 0, 8.940696716308594e-08, 0.9911713004112244, 0.11662501841783524, -0.06307251006364822, -0.12531931698322296, 0.9793869256973267, -0.15841813385486603, 0.043296929448843, 0.164923757314682, 0.9853555560112),
            ["UpperTorso"] = CFrame.new(1.862645149230957e-09, -2.980232238769531e-07, -1.862645149230957e-09, 0.9965370893478394, 0.015316708013415337, -0.08172772079706192, 0.0017770787235349417, 0.9787402749061584, 0.2050958275794983, 0.0831315889954567, -0.20453080534934998, 0.9753237366676331),
            ["HumanoidRootPart"] = CFrame.new(0, 0, 0, 1, 0, 0, 0, 1, 0, 0, 0, 1),
            ["RightUpperLeg"] = CFrame.new(0, -3.702007234096527e-07, 4.6733475755900145e-08, 0.8693442344665527, -0.27191096544265747, -0.41268017888069153, 0.23626723885536194, 0.9620953798294067, -0.136199489235878, 0.4340718984603882, 0.020901361480355263, 0.9006357789039612),
            ["LeftUpperArm"] = CFrame.new(-1.1920928955078125e-07, 0, -5.960464477539063e-08, 0.8235003352165222, 0.41530585289001465, -0.3864819407463074, -0.4166606664657593, 0.905098557472229, 0.08479703962802887, 0.3850208520889282, 0.09120141714811325, 0.9183905124664307),
            ["RightLowerArm"] = CFrame.new(1.1920928955078125e-07, 4.76837158203125e-07, -5.960464477539063e-08, 1, -2.421439049271612e-08, -1.4901162970204496e-08, 5.960465188081798e-08, 0.9089456796646118, -0.41691479086875916, 4.4703490686970326e-08, 0.41691482067108154, 0.908945620059967),
            ["LeftHand"] = CFrame.new(-1.7881393432617188e-07, -5.960464477539063e-08, 8.568167686462402e-08, 0.9851032495498657, -0.13800661265850067, 0.10259571671485901, 0.14411604404449463, 0.9880477786064148, -0.0547003373503685, -0.09382045269012451, 0.06867118924856186, 0.9932180643081665),
            ["LeftFoot"] = CFrame.new(1.862645149230957e-08, -1.1920928955078125e-07, 1.30385160446167e-08, 0.9812570810317993, -0.17553596198558807, -0.0795094445347786, 0.18401482701301575, 0.9760335087776184, 0.11617697030305862, 0.05721067264676094, -0.12863080203533173, 0.9900410771369934),
            ["LowerTorso"] = CFrame.new(-0.0548669658601284, -0.12038302421569824, 0.041039664298295975, 0.9646751880645752, -0.015988238155841827, -0.26295703649520874, 0.004537241067737341, 0.9990170001983643, -0.044096775352954865, 0.26340359449386597, 0.04134596139192581, 0.9637992978096008),
            ["RightLowerLeg"] = CFrame.new(-1.4901161193847656e-08, -0.00012242794036865234, -0.00007746944174868986, 1, -8.195636524988004e-08, 1.4901164746561335e-08, 1.1315567860492592e-07, 0.8531961441040039, 0.5215902924537659, -1.862644971595273e-08, -0.5215904116630554, 0.8531961441040039),
            ["LeftUpperLeg"] = CFrame.new(-1.7881393432617188e-07, -2.8940849006175995e-07, 2.60770320892334e-08, 0.9701170325279236, 0.23612599074840546, 0.055835336446762085, -0.1912926584482193, 0.8858664035797119, -0.4226672947406769, -0.14926539361476898, 0.39935609698295593, 0.9045633673667908),
            ["LeftLowerLeg"] = CFrame.new(0, 0.00012284517288208008, 0.00007745623588562012, 1, 3.725287101019603e-08, 1.4901173628345532e-08, -5.215407838932151e-08, 0.9332530498504639, 0.35922038555145264, -1.4901164746561335e-08, -0.35921984910964966, 0.9332528710365295),
        }},
        {Time = 0.033, Data = {
            ["RightFoot"] = CFrame.new(-7.450580596923828e-08, 4.172325134277344e-07, 6.502523319795728e-08, 0.97407466173172, 0.20306527614593506, 0.09971562772989273, -0.15231308341026306, 0.9145820736885071, -0.3746204674243927, -0.16727015376091003, 0.3497203290462494, 0.9218005537986755),
            ["LeftLowerArm"] = CFrame.new(-2.980232238769531e-07, -5.960464477539063e-08, -1.7881393432617188e-07, 1, -4.4703494239684005e-08, 2.9802318834981634e-08, 5.587936158235607e-08, 0.8934730291366577, -0.44911694526672363, 1.4901162970204496e-08, 0.44911694526672363, 0.8934730291366577),
            ["RightUpperArm"] = CFrame.new(0, 0, -1.4901161193847656e-08, 0.950583815574646, -0.29523035883903503, -0.09607066959142685, 0.302357941865921, 0.9505813121795654, 0.07053323090076447, 0.07049944996833801, -0.0960954949259758, 0.9928723573684692),
            ["Head"] = CFrame.new(2.1420419216156006e-08, -3.5762786865234375e-07, 1.0244548320770264e-08, 0.9429435729980469, -0.02732618898153305, 0.3318294584751129, 0.04011891782283783, 0.9986900687217712, -0.031761668622493744, -0.33052679896354675, 0.04326215386390686, 0.9428045749664307),
            ["RightHand"] = CFrame.new(3.725290298461914e-07, 5.960464477539063e-08, -5.960464477539063e-08, 0.9911545515060425, 0.11678241193294525, -0.0630444884300232, -0.12555034458637238, 0.979059100151062, -0.1602509617805481, 0.043009787797927856, 0.16674873232841492, 0.9850609302520752),
            ["UpperTorso"] = CFrame.new(2.9103830456733704e-11, -1.7881393432617188e-07, 8.381903171539307e-09, 0.9964324831962585, 0.024665499106049538, -0.08070860803127289, -0.006981493905186653, 0.9771503806114197, 0.21243475377559662, 0.08410433679819107, -0.21111343801021576, 0.9738366007804871),
            ["HumanoidRootPart"] = CFrame.new(0, 0, 0, 1, 0, 0, 0, 1, 0, 0, 0, 1),
            ["RightUpperLeg"] = CFrame.new(1.1920928955078125e-07, 9.220093488693237e-08, -1.939042704179883e-08, 0.86940598487854, -0.24758237600326538, -0.4275936782360077, 0.2160102277994156, 0.9687732458114624, -0.12172916531562805, 0.44437921047210693, 0.01346751768141985, 0.8957375884056091),
            ["LeftUpperArm"] = CFrame.new(0, -1.1920928955078125e-07, -5.960464477539063e-08, 0.8189038634300232, 0.41599899530410767, -0.39540034532546997, -0.4202711880207062, 0.9038213491439819, 0.0804932713508606, 0.3908563256263733, 0.10025907307863235, 0.914975106716156),
            ["RightLowerArm"] = CFrame.new(-4.172325134277344e-07, 0, -1.7881393432617188e-07, 1, 7.450581485102248e-09, -1.1175872671742582e-08, 5.960464477539063e-08, 0.9053433537483215, -0.42468053102493286, 2.2351741790771484e-08, 0.42468053102493286, 0.9053432941436768),
            ["LeftHand"] = CFrame.new(2.384185791015625e-07, -1.1920928955078125e-07, -2.7194619178771973e-07, 0.9851299524307251, -0.1378352791070938, 0.10256972163915634, 0.14376457035541534, 0.9882013201713562, -0.05282032489776611, -0.09407903999090195, 0.06678082793951035, 0.993322491645813),
            ["LeftFoot"] = CFrame.new(-5.960464477539063e-08, 0, -1.4901161193847656e-08, 0.978681743144989, -0.1851091831922531, -0.0889759436249733, 0.19805505871772766, 0.9652913808822632, 0.17025570571422577, 0.05437171086668968, -0.18424810469150543, 0.9813747406005859),
            ["LowerTorso"] = CFrame.new(-0.041407451033592224, -0.11442327499389648, 0.060892459005117416, 0.9675421118736267, -0.0235928762704134, -0.2516063153743744, 0.012963088229298592, 0.998955249786377, -0.043822016566991806, 0.25237733125686646, 0.03913804888725281, 0.9668370485305786),
            ["RightLowerLeg"] = CFrame.new(-5.960464477539063e-08, -0.00012218952178955078, -0.00007738003478152677, 1, -8.195640788244418e-08, -7.450577044210149e-08, 8.89413058757782e-08, 0.865186333656311, 0.5014495849609375, 2.9802322387695312e-08, -0.5014505386352539, 0.865186870098114),
            ["LeftUpperLeg"] = CFrame.new(-1.7881393432617188e-07, 2.2118911147117615e-08, 4.6566128730773926e-09, 0.9680556058883667, 0.2484474629163742, 0.03379787877202034, -0.2085062861442566, 0.8725326061248779, -0.44182804226875305, -0.13926072418689728, 0.42066696286201477, 0.8964629173278809),
            ["LeftLowerLeg"] = CFrame.new(6.705522537231445e-08, 0.00012260675430297852, 0.00007744133472442627, 1, 7.450582373280668e-09, 1.490115231206346e-08, -3.3527619791584584e-08, 0.9314945340156555, 0.3637550473213196, 1.4901164746561335e-08, -0.36375531554222107, 0.9314946532249451),
        }},
        {Time = 0.067, Data = {
            ["RightFoot"] = CFrame.new(2.60770320892334e-08, 3.5762786865234375e-07, -9.480572771281004e-09, 0.9778110384941101, 0.18545286357402802, 0.09743140637874603, -0.13765563070774078, 0.9193866848945618, -0.3684817850589752, -0.15791307389736176, 0.34689396619796753, 0.9245152473449707),
            ["LeftLowerArm"] = CFrame.new(-5.960464477539063e-08, 1.1920928955078125e-07, -1.7881393432617188e-07, 1, -4.470347647611561e-08, -5.21540641784668e-08, 7.823110337312755e-08, 0.8895772099494934, -0.4567848742008209, 2.980232594040899e-08, 0.45678481459617615, 0.8895772099494934),
            ["RightUpperArm"] = CFrame.new(0, 2.384185791015625e-07, -8.940696716308594e-08, 0.9512021541595459, -0.2959330976009369, -0.08739617466926575, 0.3020228445529938, 0.9509288668632507, 0.067205049097538, 0.06321930140256882, -0.09032121300697327, 0.993904173374176),
            ["Head"] = CFrame.new(2.3283064365386963e-08, -2.384185791015625e-07, -1.1175870895385742e-07, 0.9479267597198486, -0.026384005323052406, 0.31739380955696106, 0.04129849746823311, 0.998331606388092, -0.040353432297706604, -0.3157995939254761, 0.05136006698012352, 0.9474349021911621),
            ["RightHand"] = CFrame.new(-4.76837158203125e-07, -6.556510925292969e-07, 0, 0.9910982847213745, 0.11726772785186768, -0.0630289763212204, -0.1262514293193817, 0.9781062006950378, -0.16543525457382202, 0.04224883019924164, 0.17192013561725616, 0.9842045307159424),
            ["UpperTorso"] = CFrame.new(7.450580596923828e-09, 2.086162567138672e-07, -7.916241884231567e-09, 0.9963889122009277, 0.030014492571353912, -0.07942428439855576, -0.011528527364134789, 0.9745960235595703, 0.22367341816425323, 0.08412002772092819, -0.22195009887218475, 0.9714226722717285),
            ["HumanoidRootPart"] = CFrame.new(0, 0, 0, 1, 0, 0, 0, 1, 0, 0, 0, 1),
            ["RightUpperLeg"] = CFrame.new(1.1920928955078125e-07, -2.7567148208618164e-07, 3.78859112970531e-08, 0.8675050735473633, -0.22582463920116425, -0.4432138204574585, 0.1949356347322464, 0.9740791320800781, -0.11476075649261475, 0.45764100551605225, 0.01315732579678297, 0.8890396356582642),
            ["LeftUpperArm"] = CFrame.new(-1.1920928955078125e-07, 0, -5.960464477539063e-08, 0.8121678829193115, 0.4179893136024475, -0.4070238471031189, -0.4263375401496887, 0.9014472961425781, 0.07502692937850952, 0.39827102422714233, 0.11259504407644272, 0.9103310108184814),
            ["RightLowerArm"] = CFrame.new(-2.086162567138672e-07, 2.384185791015625e-07, -5.960464477539063e-08, 1, -7.450580596923828e-09, 1.1175872671742582e-08, 4.470348358154297e-08, 0.8947011828422546, -0.44666531682014465, 3.725290298461914e-08, 0.4466652274131775, 0.8947012424468994),
            ["LeftHand"] = CFrame.new(-5.960464477539063e-08, 1.1920928955078125e-07, 2.421438694000244e-07, 0.9852052927017212, -0.13734938204288483, 0.10249824076890945, 0.14276708662509918, 0.9886156916618347, -0.04750455915927887, -0.09480670839548111, 0.06143518164753914, 0.993598222732544),
            ["LeftFoot"] = CFrame.new(-5.587935447692871e-08, 1.7881393432617188e-07, 3.725290298461914e-08, 0.9754537343978882, -0.19683407247066498, -0.09872440248727798, 0.2151484191417694, 0.9474285840988159, 0.23683367669582367, 0.04691743850708008, -0.25226104259490967, 0.9665213227272034),
            ["LowerTorso"] = CFrame.new(-0.021921243518590927, -0.10850214958190918, 0.08721891045570374, 0.971184253692627, -0.02731439098715782, -0.2367597073316574, 0.017499571666121483, 0.9989020228385925, -0.04345794767141342, 0.23768678307533264, 0.038062483072280884, 0.9705958366394043),
            ["RightLowerLeg"] = CFrame.new(-1.4901161193847656e-08, -0.00012248754501342773, -0.00007736513362033293, 1, -5.21540641784668e-08, -7.450581485102248e-09, 6.356276571750641e-08, 0.8704316020011902, 0.49228912591934204, 2.7939677238464355e-08, -0.4922894835472107, 0.8704317808151245),
            ["LeftUpperLeg"] = CFrame.new(0, -4.8044603317976e-07, -1.816079020500183e-08, 0.96608966588974, 0.25771331787109375, 0.01596292294561863, -0.22465462982654572, 0.8694194555282593, -0.4400453269481659, -0.12728402018547058, 0.42153725028038025, 0.8978336453437805),
            ["LeftLowerLeg"] = CFrame.new(1.1175870895385742e-07, 0.0001226663589477539, 0.00007750838994979858, 1, 4.842872769472706e-08, 1.4901166522918174e-08, -2.2351738238057806e-08, 0.9464937448501587, 0.3227224349975586, 1.4901159417490817e-08, -0.3227221369743347, 0.9464936852455139),
        }},
        {Time = 0.100, Data = {
            ["RightFoot"] = CFrame.new(7.078051567077637e-08, 1.7881393432617188e-07, 5.3849362302571535e-08, 0.9818472266197205, 0.1643839031457901, 0.0946270078420639, -0.11813604086637497, 0.9203011989593506, -0.37294599413871765, -0.14839154481887817, 0.3549981713294983, 0.9230151772499084),
            ["LeftLowerArm"] = CFrame.new(2.384185791015625e-07, 2.384185791015625e-07, 1.7881393432617188e-07, 1, -1.862645326866641e-08, 7.450582373280668e-09, 6.33299421792799e-08, 0.8851751089096069, -0.4652581214904785, 2.980232594040899e-08, 0.4652581214904785, 0.8851751685142517),
            ["RightUpperArm"] = CFrame.new(1.1920928955078125e-07, 1.1920928955078125e-07, 0, 0.952336847782135, -0.297035813331604, -0.06945842504501343, 0.3013991713523865, 0.9513427019119263, 0.06407617032527924, 0.04704586789011955, -0.08195675909519196, 0.9955248832702637),
            ["Head"] = CFrame.new(-1.862645149230957e-09, 3.5762786865234375e-07, 4.470348358154297e-08, 0.9538276791572571, -0.021335871890187263, 0.2995959520339966, 0.04103206843137741, 0.997378408908844, -0.05960540100932121, -0.2975388169288635, 0.06914639472961426, 0.9522024989128113),
            ["RightHand"] = CFrame.new(-1.7881393432617188e-07, -3.5762786865234375e-07, -8.940696716308594e-08, 0.9910154342651367, 0.11800234019756317, -0.06296034157276154, -0.12730541825294495, 0.9765695929527283, -0.17350837588310242, 0.0410107858479023, 0.17996467649936676, 0.9828178286552429),
            ["UpperTorso"] = CFrame.new(0, -5.066394805908203e-07, -1.6065314412117004e-08, 0.9966031908988953, 0.02407497726380825, -0.07875660806894302, -0.004828773904591799, 0.9717534184455872, 0.23594924807548523, 0.08221254497766495, -0.23476746678352356, 0.9685688018798828),
            ["HumanoidRootPart"] = CFrame.new(0, 0, 0, 1, 0, 0, 0, 1, 0, 0, 0, 1),
            ["RightUpperLeg"] = CFrame.new(-2.086162567138672e-07, -3.557652235031128e-07, 2.438173396512866e-08, 0.86297208070755, -0.21806208789348602, -0.4557720124721527, 0.17945817112922668, 0.9755399823188782, -0.1269514113664627, 0.4723071753978729, 0.02776326797902584, 0.8809967041015625),
            ["LeftUpperArm"] = CFrame.new(0, 1.1920928955078125e-07, 2.9802322387695312e-08, 0.8031071424484253, 0.4215303957462311, -0.42110687494277954, -0.43473052978515625, 0.8978612422943115, 0.06967499852180481, 0.4074656367301941, 0.12711146473884583, 0.9043309688568115),
            ["RightLowerArm"] = CFrame.new(0, 1.1920928955078125e-07, 5.960464477539063e-08, 1, -4.470348358154297e-08, 2.2351738238057806e-08, 5.2154071283894154e-08, 0.8768923878669739, -0.48068681359291077, 7.450581307466564e-08, 0.48068690299987793, 0.8768923282623291),
            ["LeftHand"] = CFrame.new(5.960464477539063e-08, -1.1920928955078125e-07, 4.842877388000488e-08, 0.9853211641311646, -0.1365947127342224, 0.10239199548959732, 0.14121077954769135, 0.989201545715332, -0.03924361616373062, -0.09592586755752563, 0.053126487880945206, 0.993969738483429),
            ["LeftFoot"] = CFrame.new(7.078051567077637e-08, -5.960464477539063e-08, -3.725290298461914e-09, 0.9728177785873413, -0.19962351024150848, -0.11737239360809326, 0.2246263325214386, 0.9366557002067566, 0.2687358856201172, 0.05629142001271248, -0.287796288728714, 0.9560359716415405),
            ["LowerTorso"] = CFrame.new(0.0011809474090114236, -0.10267114639282227, 0.12054140865802765, 0.9752716422080994, -0.0208827406167984, -0.22002075612545013, 0.011669676750898361, 0.9990030527114868, -0.04309055581688881, 0.22070124745368958, 0.039457425475120544, 0.974543035030365),
            ["RightLowerLeg"] = CFrame.new(0, -0.00012236833572387695, -0.00007746944174868986, 1, -5.215402154590265e-08, -2.235175777798304e-08, 6.798655505235729e-08, 0.8623859286308289, 0.5062518119812012, -3.166497108963995e-08, -0.5062514543533325, 0.8623857498168945),
            ["LeftUpperLeg"] = CFrame.new(5.960464477539063e-08, -3.769237082451582e-07, -3.818422555923462e-08, 0.9658162593841553, 0.2585222125053406, 0.01911282353103161, -0.22592133283615112, 0.8755892515182495, -0.42696961760520935, -0.12711596488952637, 0.4080563485622406, 0.9040639400482178),
            ["LeftLowerLeg"] = CFrame.new(9.685754776000977e-08, 0.00012254714965820312, 0.00007731467485427856, 1, 5.029139416024009e-08, -7.450583261459087e-09, -4.470347647611561e-08, 0.958921492099762, 0.28367170691490173, -7.4505797087454084e-09, -0.28367146849632263, 0.958921492099762),
        }},
        {Time = 0.133, Data = {
            ["RightFoot"] = CFrame.new(0, 3.5762786865234375e-07, 3.894820110872388e-08, 0.9857276678085327, 0.14108754694461823, 0.0918445885181427, -0.09582828730344772, 0.9187945127487183, -0.3829270601272583, -0.1384124457836151, 0.36866113543510437, 0.9192015528678894),
            ["LeftLowerArm"] = CFrame.new(4.172325134277344e-07, 6.556510925292969e-07, 1.7881393432617188e-07, 1, -4.842877388000488e-08, 2.2351745343485163e-08, 5.960465898624534e-08, 0.8805469274520874, -0.4739590585231781, 2.2351747119842003e-08, 0.47395896911621094, 0.8805469274520874),
            ["RightUpperArm"] = CFrame.new(1.1920928955078125e-07, 0, 1.4901161193847656e-08, 0.9540666341781616, -0.2961934804916382, -0.045015834271907806, 0.29851385951042175, 0.9525840282440186, 0.058933183550834656, 0.025425776839256287, -0.06966397911310196, 0.9972464442253113),
            ["Head"] = CFrame.new(3.725290298461914e-09, -2.384185791015625e-07, 6.51925802230835e-08, 0.9605922698974609, -0.011291994713246822, 0.27773216366767883, 0.03721945360302925, 0.9954018592834473, -0.08825990557670593, -0.2754584550857544, 0.09511891007423401, 0.9565956592559814),
            ["RightHand"] = CFrame.new(8.940696716308594e-08, 1.7881393432617188e-07, 2.9802322387695312e-08, 0.9909001588821411, 0.11900816112756729, -0.06288192421197891, -0.12871220707893372, 0.9744547605514526, -0.1840413212776184, 0.039373211562633514, 0.19046024978160858, 0.9809050559997559),
            ["UpperTorso"] = CFrame.new(-6.51925802230835e-09, -2.086162567138672e-07, 1.7695128917694092e-08, 0.9968042373657227, 0.00827158521860838, -0.07945463061332703, 0.011822935193777084, 0.9683954119682312, 0.24913984537124634, 0.07900430262088776, -0.2492830753326416, 0.9652027487754822),
            ["HumanoidRootPart"] = CFrame.new(0, 0, 0, 1, 0, 0, 0, 1, 0, 0, 0, 1),
            ["RightUpperLeg"] = CFrame.new(-8.940696716308594e-08, -4.370231181383133e-07, -9.145878721028566e-09, 0.8553365468978882, -0.22128818929195404, -0.468434602022171, 0.16837041079998016, 0.9738392233848572, -0.15260589122772217, 0.4899498522281647, 0.05165877938270569, 0.8702186942100525),
            ["LeftUpperArm"] = CFrame.new(0, 2.384185791015625e-07, 0, 0.7908687591552734, 0.42728790640830994, -0.43812286853790283, -0.44617798924446106, 0.8925740718841553, 0.06509076803922653, 0.4188695549964905, 0.14400255680084229, 0.8965553641319275),
            ["RightLowerArm"] = CFrame.new(4.172325134277344e-07, 2.980232238769531e-07, -2.9802322387695312e-08, 1, -2.9802318834981634e-08, 1.4901162970204496e-08, 5.960463766996327e-08, 0.8515140414237976, -0.5243318676948547, -7.4505797087454084e-09, 0.5243318676948547, 0.8515140414237976),
            ["LeftHand"] = CFrame.new(1.1920928955078125e-07, -1.1920928955078125e-07, -1.2665987014770508e-07, 0.9854699969291687, -0.1356133371591568, 0.10226453095674515, 0.1391768455505371, 0.9898567795753479, -0.02852310612797737, -0.09735912084579468, 0.04234152287244797, 0.9943482875823975),
            ["LeftFoot"] = CFrame.new(-1.1175870895385742e-08, 0, -4.0978193283081055e-08, 0.9725605845451355, -0.18043291568756104, -0.14686760306358337, 0.21066169440746307, 0.9508834481239319, 0.22680838406085968, 0.0987304151058197, -0.25152480602264404, 0.9628021717071533),
            ["LowerTorso"] = CFrame.new(0.025488469749689102, -0.0968780517578125, 0.1603376418352127, 0.9797994494438171, -0.0068030389957129955, -0.19986705482006073, -0.0017810426652431488, 0.9990847706794739, -0.04273778945207596, 0.1999748945236206, 0.042230430990457535, 0.9788905382156372),
            ["RightLowerLeg"] = CFrame.new(4.470348358154297e-08, -0.00012242794036865234, -0.00007748434290988371, 1, -5.21540464148984e-08, -5.215407838932151e-08, 8.009374852235851e-08, 0.84571373462677, 0.5336369276046753, -1.005828522693264e-07, -0.5336369276046753, 0.8457136154174805),
            ["LeftUpperLeg"] = CFrame.new(2.9802322387695312e-08, -5.522742867469788e-07, 7.450580596923828e-09, 0.9686545729637146, 0.2456713765859604, 0.03679618984460831, -0.2037125825881958, 0.8703615069389343, -0.44829893112182617, -0.1421603262424469, 0.426751047372818, 0.8931261301040649),
            ["LeftLowerLeg"] = CFrame.new(1.2293457984924316e-07, 0.00012242794036865234, 0.00007751584053039551, 1, 9.313216864370588e-09, 0, -2.7939677238464355e-08, 0.9361308217048645, 0.3516523838043213, -2.2351741790771484e-08, -0.3516518771648407, 0.936130702495575),
        }},
        {Time = 0.167, Data = {
            ["RightFoot"] = CFrame.new(7.264316082000732e-08, 4.172325134277344e-07, 6.875052349641919e-08, 0.9887315034866333, 0.11964140087366104, 0.08997796475887299, -0.07451330125331879, 0.9146307706832886, -0.3973637521266937, -0.12983770668506622, 0.38618212938308716, 0.9132393002510071),
            ["LeftLowerArm"] = CFrame.new(3.5762786865234375e-07, -4.172325134277344e-07, -1.1920928955078125e-07, 1, -2.2351745343485163e-08, 6.705522537231445e-08, 6.332993507385254e-08, 0.8753735423088074, -0.48344725370407104, 5.960464477539063e-08, 0.4834473133087158, 0.8753734827041626),
            ["RightUpperArm"] = CFrame.new(-5.960464477539063e-08, 3.5762786865234375e-07, 7.450580596923828e-08, 0.9556294083595276, -0.2941029965877533, -0.01661023125052452, 0.29456889629364014, 0.9543427228927612, 0.049590568989515305, 0.0012671202421188354, -0.05228307098150253, 0.9986315369606018),
            ["Head"] = CFrame.new(-7.450580596923828e-09, 8.344650268554688e-07, -3.725290298461914e-09, 0.9678708910942078, 0.00034048131783492863, 0.25144755840301514, 0.03083210252225399, 0.9922922849655151, -0.12002237886190414, -0.24955031275749207, 0.12391886860132217, 0.960400402545929),
            ["RightHand"] = CFrame.new(-1.862645149230957e-08, -5.960464477539063e-08, -2.9802322387695312e-08, 0.9907611012458801, 0.12032148241996765, -0.0625724121928215, -0.13042932748794556, 0.9717813730239868, -0.19654333591461182, 0.03715832903981209, 0.20288880169391632, 0.9784964919090271),
            ["UpperTorso"] = CFrame.new(3.725290298461914e-09, -4.470348358154297e-07, -8.381903171539307e-09, 0.9966245889663696, -0.00944844726473093, -0.08154859393835068, 0.03066934272646904, 0.9642829298973083, 0.2630927562713623, 0.07615011930465698, -0.2647057771682739, 0.9613178968429565),
            ["HumanoidRootPart"] = CFrame.new(0, 0, 0, 1, 0, 0, 0, 1, 0, 0, 0, 1),
            ["RightUpperLeg"] = CFrame.new(-5.960464477539063e-08, -7.59027898311615e-08, -9.145878721028566e-09, 0.8438952565193176, -0.23083987832069397, -0.4843074679374695, 0.16038277745246887, 0.9699685573577881, -0.182861790060997, 0.5119748115539551, 0.07664147019386292, 0.8555746078491211),
            ["LeftUpperArm"] = CFrame.new(-1.1920928955078125e-07, 1.1920928955078125e-07, 4.470348358154297e-08, 0.776246964931488, 0.4329317510128021, -0.4582694172859192, -0.45855283737182617, 0.8865824341773987, 0.06083636358380318, 0.43263155221939087, 0.16291673481464386, 0.8867288827896118),
            ["RightLowerArm"] = CFrame.new(1.1920928955078125e-07, -4.172325134277344e-07, -2.086162567138672e-07, 1, -2.980232594040899e-08, -7.450580596923828e-09, 2.980232594040899e-08, 0.8181442022323608, -0.5750132203102112, -1.4901162970204496e-08, 0.5750131011009216, 0.8181442022323608),
            ["LeftHand"] = CFrame.new(2.384185791015625e-07, -5.960464477539063e-08, 9.685754776000977e-08, 0.9856434464454651, -0.13445121049880981, 0.10212678462266922, 0.13675156235694885, 0.9904788732528687, -0.015835043042898178, -0.09902536869049072, 0.02957376092672348, 0.994645357131958),
            ["LeftFoot"] = CFrame.new(-2.2992026060819626e-08, 0, -3.259629011154175e-09, 0.9742207527160645, -0.13975729048252106, -0.17709262669086456, 0.16533511877059937, 0.9763940572738647, 0.1389932930469513, 0.15348677337169647, -0.16468973457813263, 0.9743301272392273),
            ["LowerTorso"] = CFrame.new(0.048590660095214844, -0.0942525863647461, 0.19950765371322632, 0.9845356941223145, 0.009126696735620499, -0.17494624853134155, -0.016792096197605133, 0.9989602565765381, -0.042385660111904144, 0.17437750101089478, 0.044667910784482956, 0.9836652278900146),
            ["RightLowerLeg"] = CFrame.new(-1.4901161193847656e-08, -0.00012224912643432617, -0.00007738003478152677, 1, -8.195634393359796e-08, -1.862645504502325e-08, 6.705522537231445e-08, 0.8236820697784424, 0.567051887512207, 0, -0.5670518279075623, 0.8236820697784424),
            ["LeftUpperLeg"] = CFrame.new(8.940696716308594e-08, 1.2433156371116638e-07, 0, 0.9726443886756897, 0.22202597558498383, 0.06831930577754974, -0.16212652623653412, 0.8594340085983276, -0.4848586618900299, -0.1663670837879181, 0.46051889657974243, 0.871920108795166),
            ["LeftLowerLeg"] = CFrame.new(1.2855161912739277e-07, 0.00012284517288208008, 0.0000772327184677124, 1, 4.847970558330417e-08, 5.005857062201358e-09, -2.5727780794682076e-08, 0.8784966468811035, 0.4777483344078064, 1.6530972146711065e-08, -0.4777485430240631, 0.8784967660903931),
        }},
        {Time = 0.200, Data = {
            ["RightFoot"] = CFrame.new(9.12696123123169e-08, 4.172325134277344e-07, -1.3205863069742918e-08, 0.9907792210578918, 0.10155326873064041, 0.08968668431043625, -0.05525124818086624, 0.907257080078125, -0.4169314205646515, -0.12370937317609787, 0.4081318974494934, 0.9045023322105408),
            ["LeftLowerArm"] = CFrame.new(4.470348358154297e-07, -8.940696716308594e-07, -8.940696716308594e-08, 1, -6.519257311765614e-08, -2.2351741790771484e-08, 6.332993507385254e-08, 0.870612382888794, -0.49196964502334595, 2.9802322387695312e-08, 0.4919695556163788, 0.870612382888794),
            ["RightUpperArm"] = CFrame.new(1.1920928955078125e-07, 7.152557373046875e-07, 1.6391277313232422e-07, 0.9570220112800598, -0.2897586226463318, 0.01220039650797844, 0.28928640484809875, 0.956752359867096, 0.03063473291695118, -0.02054942212998867, -0.02578868344426155, 0.9994561672210693),
            ["Head"] = CFrame.new(3.5390257835388184e-08, -1.1920928955078125e-07, -3.5390257835388184e-08, 0.9751322269439697, 0.021821100264787674, 0.22054696083068848, 0.013105906546115875, 0.9877218008041382, -0.15567272901535034, -0.2212359607219696, 0.15469203889369965, 0.9628733992576599),
            ["RightHand"] = CFrame.new(-1.5832483768463135e-07, 1.7881393432617188e-07, -7.35744833946228e-08, 0.9905981421470642, 0.12203177064657211, -0.061836112290620804, -0.13246136903762817, 0.9685645699501038, -0.21056315302848816, 0.0341968759894371, 0.21677428483963013, 0.9756226539611816),
            ["UpperTorso"] = CFrame.new(1.1175870895385742e-08, 1.7881393432617188e-07, 2.60770320892334e-08, 0.9958457946777344, -0.030386492609977722, -0.08583678305149078, 0.053392793983221054, 0.9584730863571167, 0.2801404297351837, 0.0737597644329071, -0.28355973958969116, 0.9561137557029724),
            ["HumanoidRootPart"] = CFrame.new(0, 0, 0, 1, 0, 0, 0, 1, 0, 0, 0, 1),
            ["RightUpperLeg"] = CFrame.new(-8.940696716308594e-08, -2.9802322387695312e-08, -2.4047039914876223e-08, 0.826985776424408, -0.2517586946487427, -0.502704918384552, 0.15848752856254578, 0.9622669816017151, -0.22118797898292542, 0.5394222140312195, 0.10324674844741821, 0.8356814980506897),
            ["LeftUpperArm"] = CFrame.new(0, 2.384185791015625e-07, -8.940696716308594e-08, 0.7585358619689941, 0.43764635920524597, -0.48279306292533875, -0.4732251763343811, 0.8793105483055115, 0.05358169600367546, 0.4479748606681824, 0.18782614171504974, 0.874093770980835),
            ["RightLowerArm"] = CFrame.new(-2.682209014892578e-07, -1.7881393432617188e-07, 1.7881393432617188e-07, 1, -5.960465898624534e-08, 1.1175869119028903e-08, 4.0978196835794733e-08, 0.7765566110610962, -0.6300474405288696, 2.2351745343485163e-08, 0.630047619342804, 0.7765566110610962),
            ["LeftHand"] = CFrame.new(-2.384185791015625e-07, 1.7881393432617188e-07, -2.980232238769531e-07, 0.9858340620994568, -0.13315095007419586, 0.10199100524187088, 0.13401833176612854, 0.9909774661064148, -0.0016691836062818766, -0.10084845125675201, 0.015314240008592606, 0.9947839975357056),
            ["LeftFoot"] = CFrame.new(-5.21540641784668e-08, -5.960464477539063e-08, 2.7939677238464355e-09, 0.9821553826332092, -0.0898168608546257, -0.16523870825767517, 0.09634619951248169, 0.9948360323905945, 0.031917497515678406, 0.1615188717842102, -0.04726819321513176, 0.9857370853424072),
            ["LowerTorso"] = CFrame.new(0.06807690113782883, -0.09491944313049316, 0.2379465401172638, 0.9891111254692078, 0.029034307226538658, -0.14427848160266876, -0.035439178347587585, 0.9984880089759827, -0.04202208295464516, 0.14284023642539978, 0.046677619218826294, 0.9886444807052612),
            ["RightLowerLeg"] = CFrame.new(1.1920928955078125e-07, -0.00012230873107910156, -0.00007739493594272062, 1, -6.70552182668871e-08, -7.82310962677002e-08, 1.1175870895385742e-07, 0.7936944365501404, 0.6083164215087891, 5.587935447692871e-09, -0.6083166599273682, 0.7936946749687195),
            ["LeftUpperLeg"] = CFrame.new(0, 1.3224780559539795e-07, -1.4901161193847656e-08, 0.9756060838699341, 0.18733355402946472, 0.11445081233978271, -0.10814081877470016, 0.8638116121292114, -0.4920720160007477, -0.1910455822944641, 0.46769189834594727, 0.8629983067512512),
            ["LeftLowerLeg"] = CFrame.new(-4.0046870708465576e-08, 0.00012260675430297852, 0.00007748045027256012, 1, 5.494799992789012e-08, 3.259631231600224e-09, -2.0489098417897367e-08, 0.8186463117599487, 0.574298620223999, -3.725290742551124e-09, -0.5742980241775513, 0.8186459541320801),
        }},
        {Time = 0.233, Data = {
            ["RightFoot"] = CFrame.new(1.862645149230957e-09, 2.980232238769531e-07, 8.365168469026685e-08, 0.9919607043266296, 0.08757773786783218, 0.09134653955698013, -0.03937191143631935, 0.8996017575263977, -0.43493250012397766, -0.12026579678058624, 0.4278397262096405, 0.8958178758621216),
            ["LeftLowerArm"] = CFrame.new(-8.940696716308594e-07, 6.556510925292969e-07, -8.940696716308594e-08, 1, -8.754431490842762e-08, -1.4901157641133977e-08, 2.9802318834981634e-08, 0.8683454394340515, -0.49595990777015686, -2.9802318834981634e-08, 0.49595993757247925, 0.8683454394340515),
            ["RightUpperArm"] = CFrame.new(0, 1.1920928955078125e-07, 7.450580596923828e-08, 0.9575574994087219, -0.2855108380317688, 0.03959016874432564, 0.28566044569015503, 0.9583289623260498, 0.0019449261017143726, -0.03849567845463753, 0.009447000920772552, 0.9992141723632812),
            ["Head"] = CFrame.new(3.725290298461914e-09, 1.1920928955078125e-07, 6.705522537231445e-08, 0.9812398552894592, 0.05063231661915779, 0.18602369725704193, -0.01393675897270441, 0.9810018539428711, -0.19349735975265503, -0.19228684902191162, 0.18727479875087738, 0.9633036851882935),
            ["RightHand"] = CFrame.new(-5.115289241075516e-07, -5.960464477539063e-08, -1.993030309677124e-07, 0.9900182485580444, 0.129588782787323, -0.05541304871439934, -0.13882963359355927, 0.9644337892532349, -0.22493073344230652, 0.024293728172779083, 0.2303784042596817, 0.9727978110313416),
            ["UpperTorso"] = CFrame.new(2.7939677238464355e-09, 0, -6.51925802230835e-09, 0.9945927858352661, -0.049466315656900406, -0.09131496399641037, 0.07470669597387314, 0.9515684843063354, 0.2982221841812134, 0.07214047759771347, -0.3034314811229706, 0.9501184821128845),
            ["HumanoidRootPart"] = CFrame.new(0, 0, 0, 1, 0, 0, 0, 1, 0, 0, 0, 1),
            ["RightUpperLeg"] = CFrame.new(1.7881393432617188e-07, 2.2351741790771484e-08, 2.0656443666666746e-08, 0.805034339427948, -0.28043311834335327, -0.5227588415145874, 0.16120609641075134, 0.9514649510383606, -0.2621586322784424, 0.5709048509597778, 0.12677457928657532, 0.8111695647239685),
            ["LeftUpperArm"] = CFrame.new(-1.1920928955078125e-07, 4.76837158203125e-07, 1.6391277313232422e-07, 0.7401900291442871, 0.43681785464286804, -0.5111838579177856, -0.4854145050048828, 0.8732112050056458, 0.04330190643668175, 0.4652864933013916, 0.21608448028564453, 0.8583799600601196),
            ["RightLowerArm"] = CFrame.new(-6.854534149169922e-07, 8.344650268554688e-07, -1.1920928955078125e-07, 1, -5.2154071283894154e-08, 3.3527612686157227e-08, 2.9802318834981634e-08, 0.7269577383995056, -0.6866822838783264, 3.7252898543727042e-09, 0.6866822242736816, 0.7269576787948608),
            ["LeftHand"] = CFrame.new(2.384185791015625e-07, 5.960464477539063e-08, -4.6193599700927734e-07, 0.9860341548919678, -0.13175641000270844, 0.10186710208654404, 0.1310650259256363, 0.9912822246551514, 0.013479886576533318, -0.10275499522686005, 0.000059589758166112006, 0.9947066903114319),
            ["LeftFoot"] = CFrame.new(-7.217749953269958e-08, 1.1920928955078125e-07, 7.450580596923828e-09, 0.9921229481697083, -0.0362720862030983, -0.11990243196487427, 0.026453478261828423, 0.9962407946586609, -0.08249008655548096, 0.12244374305009842, 0.07866836339235306, 0.9893527030944824),
            ["LowerTorso"] = CFrame.new(0.0815364196896553, -0.09650158882141113, 0.27575916051864624, 0.992701530456543, 0.05079493671655655, -0.1093781515955925, -0.055632490664720535, 0.997582733631134, -0.04163815453648567, 0.1069987416267395, 0.047419238835573196, 0.9931277632713318),
            ["RightLowerLeg"] = CFrame.new(-1.1920928955078125e-07, -0.00012248754501342773, -0.00007736513362033293, 1, -3.725290298461914e-08, -8.195638656616211e-08, 9.685754776000977e-08, 0.7623257040977478, 0.6471933126449585, -5.4016709327697754e-08, -0.6471936702728271, 0.7623260021209717),
            ["LeftUpperLeg"] = CFrame.new(-1.1920928955078125e-07, 1.0337680578231812e-07, -7.450580596923828e-09, 0.9730279445648193, 0.1473194807767868, 0.1775209903717041, -0.04914669692516327, 0.8842463493347168, -0.4644278585910797, -0.2253914475440979, 0.44317659735679626, 0.8676365613937378),
            ["LeftLowerLeg"] = CFrame.new(-1.1175870895385742e-08, 0.0001226663589477539, 0.00007725320756435394, 1, 4.470347647611561e-08, 2.8870999813079834e-08, -7.078052277620372e-08, 0.7789177298545837, 0.6271264553070068, 3.725290653733282e-08, -0.6271262168884277, 0.7789174914360046),
        }},
        {Time = 0.267, Data = {
            ["RightFoot"] = CFrame.new(-2.0489096641540527e-08, 2.384185791015625e-07, -2.8107024263590574e-08, 0.9921544194221497, 0.08064798265695572, 0.0955280289053917, -0.030187517404556274, 0.8960422873497009, -0.44294071197509766, -0.12131955474615097, 0.43658244609832764, 0.891447126865387),
            ["LeftLowerArm"] = CFrame.new(0, 1.1920928955078125e-07, 2.086162567138672e-07, 1, -4.4703490686970326e-08, -7.450580596923828e-09, 4.4703490686970326e-08, 0.8665798306465149, -0.49903860688209534, 1.4901162970204496e-08, 0.4990385174751282, 0.8665798306465149),
            ["RightUpperArm"] = CFrame.new(0, 0, 1.043081283569336e-07, 0.9555647969245911, -0.2874434292316437, 0.06536184996366501, 0.2898199260234833, 0.9566056728363037, -0.03016592003405094, -0.05385451018810272, 0.04776869714260101, 0.9974056482315063),
            ["Head"] = CFrame.new(4.6566128730773926e-08, -2.384185791015625e-07, 1.3969838619232178e-07, 0.9863634705543518, 0.06698010116815567, 0.1503358632326126, -0.031873669475317, 0.9738887548446655, -0.22477750480175018, -0.16146598756313324, 0.2169206589460373, 0.9627431035041809),
            ["RightHand"] = CFrame.new(-1.0675285011529922e-07, 3.5762786865234375e-07, 3.725290298461914e-08, 0.9890320897102356, 0.14176404476165771, -0.041455015540122986, -0.14758682250976562, 0.9595752954483032, -0.23965291678905487, 0.005805067718029022, 0.24314254522323608, 0.9699732661247253),
            ["UpperTorso"] = CFrame.new(3.725290298461914e-08, -8.940696716308594e-08, -1.5832483768463135e-08, 0.9944127202033997, -0.04919425770640373, -0.09339846670627594, 0.07608872652053833, 0.9473080039024353, 0.3111560046672821, 0.07317002862691879, -0.31652405858039856, 0.9457583427429199),
            ["HumanoidRootPart"] = CFrame.new(0, 0, 0, 1, 0, 0, 0, 1, 0, 0, 0, 1),
            ["RightUpperLeg"] = CFrame.new(2.384185791015625e-07, -7.35744833946228e-08, 2.029992174357176e-09, 0.7801192402839661, -0.300131231546402, -0.5489400625228882, 0.16152459383010864, 0.9442932605743408, -0.2867407500743866, 0.6044202446937561, 0.13502460718154907, 0.7851399183273315),
            ["LeftUpperArm"] = CFrame.new(-1.1920928955078125e-07, 0, 1.9371509552001953e-07, 0.7256069779396057, 0.42383894324302673, -0.5420840978622437, -0.4863361716270447, 0.8731951713562012, 0.03173891082406044, 0.4867973327636719, 0.24060511589050293, 0.8397247195243835),
            ["RightLowerArm"] = CFrame.new(-1.4901161193847656e-07, 0, -1.4901161193847656e-08, 1, -7.543713564928112e-08, 4.377216455964117e-08, 8.009374852235851e-08, 0.6700836420059204, -0.7422856092453003, 3.539026138810186e-08, 0.7422856092453003, 0.6700837016105652),
            ["LeftHand"] = CFrame.new(-1.1920928955078125e-07, -1.1920928955078125e-07, 5.21540641784668e-08, 0.9862368702888489, -0.13030649721622467, 0.10176961123943329, 0.12797759473323822, 0.9913496375083923, 0.029115300625562668, -0.10468316078186035, -0.015690308064222336, 0.9943819046020508),
            ["LeftFoot"] = CFrame.new(-1.862645149230957e-09, 0, -1.4901161193847656e-08, 0.9971995949745178, 0.006697837263345718, -0.0744863972067833, -0.02026781067252159, 0.9829124212265015, -0.18295486271381378, 0.07198815047740936, 0.18395209312438965, 0.9802955389022827),
            ["LowerTorso"] = CFrame.new(0.08655864745378494, -0.09836935997009277, 0.3061616122722626, 0.995427668094635, 0.06197522580623627, -0.07268321514129639, -0.0650874674320221, 0.9970262050628662, -0.041260480880737305, 0.0699099451303482, 0.04580258950591087, 0.9965012669563293),
