return {
    ["Rock, Paper, Scissors!"] = {
        {Time = 0.000, Data = {
            ["LeftFoot"] = CFrame.new(6.705522537231445e-08, -1.1920928955078125e-07, 3.3527612686157227e-08, 0.9820944666862488, -0.18739895522594452, -0.01929337903857231, 0.18534821271896362, 0.979487419128418, -0.07906083762645721, 0.033713553100824356, 0.074069082736969, 0.9966830611228943),
            ["LeftLowerArm"] = CFrame.new(0.0000012516975402832031, -7.748603820800781e-07, 0.000004738569259643555, 1, 1.6391278734317893e-07, -4.4703490686970326e-08, -1.1175869474300271e-07, 0.8123245239257812, -0.5832058787345886, -7.450579886381092e-08, 0.5832058191299438, 0.8123245239257812),
            ["LowerTorso"] = CFrame.new(-0.055573634803295135, -0.17422890663146973, 0.12055714428424835, 0.9634861946105957, -0.01183643564581871, -0.2674965560436249, 0.0000023430236524291104, 0.999022901058197, -0.04419725015759468, 0.2677583396434784, 0.042582809925079346, 0.9625446796417236),
            ["Head"] = CFrame.new(-1.4901161193847656e-08, -9.5367431640625e-07, 3.5390257835388184e-08, 0.9181947708129883, 0.014571670442819595, 0.39586105942726135, 0.003960742615163326, 0.9989356398582458, -0.04595794156193733, -0.396109402179718, 0.04376610741019249, 0.9171596765518188),
            ["RightUpperArm"] = CFrame.new(0.0007268786430358887, -0.049297213554382324, 0.032903850078582764, 0.9518864154815674, -0.2803277373313904, -0.12380979210138321, 0.3056744933128357, 0.8972828388214111, 0.3185065984725952, 0.02180611900985241, -0.34102779626846313, 0.9398003816604614),
            ["UpperTorso"] = CFrame.new(1.2425516615621746e-08, 2.980232238769531e-07, 0, 0.9901846051216125, -0.027374764904379845, -0.13705900311470032, 0.054912030696868896, 0.9779723286628723, 0.2013823688030243, 0.12852713465690613, -0.20693181455135345, 0.9698763489723206),
            ["HumanoidRootPart"] = CFrame.new(0, 0, 0, 1, 0, 0, 0, 1, 0, 0, 0, 1),
            ["RightHand"] = CFrame.new(4.172325134277344e-07, 8.940696716308594e-07, -7.37607479095459e-07, 0.9987325668334961, -0.007228260859847069, -0.049811504781246185, -0.0020605772733688354, 0.9829330444335938, -0.18395228683948517, 0.05029112100601196, 0.1838219314813614, 0.9816722869873047),
            ["LeftUpperArm"] = CFrame.new(0.05867969989776611, -0.0031309127807617188, 0.03294616937637329, 0.8286713361740112, 0.5232739448547363, -0.19871671497821808, -0.447155624628067, 0.8324224352836609, 0.3272987902164459, 0.3366832733154297, -0.18236598372459412, 0.9237896203994751),
            ["RightLowerArm"] = CFrame.new(5.364418029785156e-07, 5.960464477539063e-08, -0.0000036954879760742188, 1, -0.000017433429093216546, 0.000008687377885507885, 0.000018939377696369775, 0.7753280997276306, -0.6315586566925049, 0.0000042617325561877806, 0.6315586566925049, 0.7753281593322754),
            ["LeftHand"] = CFrame.new(-0.0000016689300537109375, -0.0000014901161193847656, 4.172325134277344e-07, 0.9971140623092651, 0.019294297322630882, 0.07342495769262314, -0.009675411507487297, 0.991575300693512, -0.12916937470436096, -0.07529884576797485, 0.12808628380298615, 0.9889004230499268),
            ["RightUpperLeg"] = CFrame.new(2.9802322387695312e-08, 2.1979212760925293e-07, -1.287116901949048e-08, 0.8803942799568176, -0.3054814040660858, -0.3627490997314453, 0.30794697999954224, 0.9499489665031433, -0.05259024351835251, 0.3606587052345276, -0.06540749222040176, 0.9304018020629883),
            ["LeftUpperLeg"] = CFrame.new(5.960464477539063e-08, 1.94646418094635e-07, 2.468004822731018e-08, 0.9618047475814819, 0.2680686414241791, 0.05541597679257393, -0.20194929838180542, 0.8315431475639343, -0.5174481868743896, -0.1847923994064331, 0.4864928126335144, 0.8539184331893921),
            ["RightLowerLeg"] = CFrame.new(-1.043081283569336e-07, -0.0007262229919433594, 0.00004604628338711336, 1, 3.352762689701194e-08, -7.450583439094771e-08, -9.313227167240257e-08, 0.8444200754165649, 0.5356816053390503, -7.450581485102248e-09, -0.5356817245483398, 0.8444200754165649),
            ["RightFoot"] = CFrame.new(9.685754776000977e-08, -2.384185791015625e-07, 4.639878170564771e-08, 0.9555530548095703, 0.2904679775238037, -0.050466232001781464, -0.28194743394851685, 0.850318968296051, -0.44436806440353394, -0.08616244792938232, 0.4388462007045746, 0.8944216370582581),
            ["LeftLowerLeg"] = CFrame.new(-1.0803341865539551e-07, -0.0007265210151672363, 0.00008109211921691895, 1, 5.8673329306202504e-08, -8.381904947896146e-09, -4.842878098543224e-08, 0.7854428887367249, 0.6189343333244324, 7.450581485102248e-09, -0.6189342141151428, 0.7854427695274353),
        }},
        {Time = 0.033, Data = {
            ["LeftFoot"] = CFrame.new(4.470348358154297e-08, -3.5762786865234375e-07, -3.91155481338501e-08, 0.9806384444236755, -0.19516749680042267, -0.016065523028373718, 0.19303181767463684, 0.9771928191184998, -0.08850487321615219, 0.03297245129942894, 0.08369006961584091, 0.9959462285041809),
            ["LeftLowerArm"] = CFrame.new(0.0000013113021850585938, -5.364418029785156e-07, 0.000004708766937255859, 1, 1.4156104555240745e-07, 2.980232594040899e-08, -1.0430815677864302e-07, 0.7977870106697083, -0.6029395461082458, -1.3411047916633834e-07, 0.6029394865036011, 0.7977868914604187),
            ["LowerTorso"] = CFrame.new(-0.04594048112630844, -0.17646944522857666, 0.11892390996217728, 0.9560325741767883, -0.004218741785734892, -0.2932302951812744, -0.006347775459289551, 0.9993646144866943, -0.03507393226027489, 0.29319193959236145, 0.035393182188272476, 0.9553982615470886),
            ["Head"] = CFrame.new(-2.1420419216156006e-08, -8.344650268554688e-07, -4.0046870708465576e-08, 0.9179893136024475, 0.0069990213960409164, 0.39654332399368286, 0.005623499397188425, 0.9995140433311462, -0.03065985068678856, -0.39656519889831543, 0.03037528321146965, 0.9175038933753967),
            ["RightUpperArm"] = CFrame.new(0.0008436441421508789, -0.04917764663696289, 0.03219833970069885, 0.9505122900009155, -0.2883327603340149, -0.11571763455867767, 0.3102247714996338, 0.9011187553405762, 0.3028956353664398, 0.016940603032708168, -0.32380449771881104, 0.9459723234176636),
            ["UpperTorso"] = CFrame.new(-1.0244548320770264e-08, -2.9802322387695312e-08, -2.3283064365386963e-08, 0.9927828311920166, -0.03681856021285057, -0.11413482576608658, 0.05875912681221962, 0.978982150554657, 0.19529838860034943, 0.10454533249139786, -0.20059537887573242, 0.974079966545105),
            ["HumanoidRootPart"] = CFrame.new(0, 0, 0, 1, 0, 0, 0, 1, 0, 0, 0, 1),
            ["RightHand"] = CFrame.new(5.364418029785156e-07, 0.0000013113021850585938, -8.046627044677734e-07, 0.9995255470275879, 0.021436087787151337, -0.02211715467274189, -0.02534296177327633, 0.9804702401161194, -0.19502784311771393, 0.01750461757183075, 0.19549599289894104, 0.9805483818054199),
            ["LeftUpperArm"] = CFrame.new(0.05872142314910889, -0.004548788070678711, 0.032048702239990234, 0.8351027965545654, 0.5210018754005432, -0.17652326822280884, -0.4545150101184845, 0.8342744708061218, 0.31209370493888855, 0.30987024307250977, -0.18039776384830475, 0.9335079193115234),
            ["RightLowerArm"] = CFrame.new(3.5762786865234375e-07, 0.0000011920928955078125, -0.000003635883331298828, 1, -0.000017240645320271142, 0.000008992851689981762, 0.000018976630599354394, 0.761864185333252, -0.6477367877960205, 0.0000043064360397693235, 0.6477369666099548, 0.7618642449378967),
            ["LeftHand"] = CFrame.new(-0.000001430511474609375, -0.0000015497207641601562, 1.1920928955078125e-07, 0.9974549412727356, -0.003915297798812389, 0.07119251042604446, 0.012362872250378132, 0.9928642511367798, -0.1186080202460289, -0.07022016495466232, 0.11918655037879944, 0.9903857707977295),
            ["RightUpperLeg"] = CFrame.new(0, -1.4516990631818771e-07, 5.75528247281909e-09, 0.8872374892234802, -0.31555718183517456, -0.3365015387535095, 0.30545568466186523, 0.9484875798225403, -0.08407223224639893, 0.345697283744812, -0.028194354847073555, 0.937922477722168),
            ["LeftUpperLeg"] = CFrame.new(-2.9802322387695312e-08, 3.9639417082071304e-08, 1.862645149230957e-09, 0.9567946791648865, 0.28061816096305847, 0.07613969594240189, -0.2027786523103714, 0.8316550850868225, -0.5169437527656555, -0.20838582515716553, 0.4791695475578308, 0.852626621723175),
            ["RightLowerLeg"] = CFrame.new(-2.9802322387695312e-08, -0.000726163387298584, 0.00004607608570950106, 1, 8.195642919872625e-08, -1.49011640360186e-07, -3.725290298461914e-08, 0.8250002861022949, 0.5651324987411499, 8.195638656616211e-08, -0.5651324391365051, 0.8250001668930054),
            ["RightFoot"] = CFrame.new(1.564621925354004e-07, -5.960464477539063e-08, 1.6952981241047382e-09, 0.9570873379707336, 0.2863130569458008, -0.044819362461566925, -0.27439290285110474, 0.8455460667610168, -0.45799630880355835, -0.09323348104953766, 0.45064032077789307, 0.8878235220909119),
            ["LeftLowerLeg"] = CFrame.new(-5.21540641784668e-08, -0.0007268190383911133, 0.0000810474157333374, 1, 4.470347647611561e-08, 4.6566135836201283e-08, -3.725290298461914e-08, 0.7840984463691711, 0.620636522769928, 7.450580596923828e-09, -0.620636522769928, 0.7840985059738159),
        }},
        {Time = 0.067, Data = {
            ["LeftFoot"] = CFrame.new(-2.2351741790771484e-08, 5.960464477539063e-08, -3.3527612686157227e-08, 0.9787163138389587, -0.20427022874355316, -0.019698861986398697, 0.2023993283510208, 0.9766711592674255, -0.0717506855726242, 0.03389596566557884, 0.06623662263154984, 0.9972280859947205),
            ["LeftLowerArm"] = CFrame.new(0.0000017583370208740234, -4.76837158203125e-07, 0.000005125999450683594, 1, 1.1175870895385742e-07, 4.4703490686970326e-08, -4.842878453814592e-08, 0.7585373520851135, -0.651629626750946, -2.0861631355728605e-07, 0.6516295671463013, 0.7585373520851135),
            ["LowerTorso"] = CFrame.new(-0.02213447540998459, -0.18256700038909912, 0.11517897993326187, 0.9430458545684814, 0.012889722362160683, -0.332412987947464, -0.021382374688982964, 0.9995315074920654, -0.021903105080127716, 0.3319748640060425, 0.02776341140270233, 0.9428795576095581),
            ["Head"] = CFrame.new(-1.6763806343078613e-08, -7.152557373046875e-07, -8.381903171539307e-08, 0.917365550994873, -0.007798508740961552, 0.3979693651199341, 0.010558049194514751, 0.9999330639839172, -0.004743016790598631, -0.39790594577789307, 0.008552836254239082, 0.9173864722251892),
            ["RightUpperArm"] = CFrame.new(0.0010617971420288086, -0.04916095733642578, 0.031100571155548096, 0.9475422501564026, -0.3062167763710022, -0.09162349998950958, 0.31959518790245056, 0.9119409322738647, 0.2573378384113312, 0.004753907211124897, -0.2731207311153412, 0.9619680643081665),
            ["UpperTorso"] = CFrame.new(0, -5.960464477539063e-08, -1.6298145055770874e-08, 0.9949715733528137, -0.056423936039209366, -0.08275148272514343, 0.0716724544763565, 0.9782291650772095, 0.19475828111171722, 0.06996110081672668, -0.19971005618572235, 0.9773542881011963),
            ["HumanoidRootPart"] = CFrame.new(0, 0, 0, 1, 0, 0, 0, 1, 0, 0, 0, 1),
            ["RightHand"] = CFrame.new(8.940696716308594e-08, 0.0000010728836059570312, -7.450580596923828e-07, 0.9946619272232056, 0.09304118901491165, 0.04462149366736412, -0.08026082813739777, 0.9693646430969238, -0.2321428507566452, -0.0648534819483757, 0.2273225486278534, 0.9716577529907227),
            ["LeftUpperArm"] = CFrame.new(0.058803439140319824, -0.007461905479431152, 0.030635148286819458, 0.8473852276802063, 0.5167182087898254, -0.1222313717007637, -0.4733177125453949, 0.8394058346748352, 0.2671487629413605, 0.24064227938652039, -0.1685236394405365, 0.9558719396591187),
            ["RightLowerArm"] = CFrame.new(2.384185791015625e-07, 5.364418029785156e-07, -0.000003814697265625, 1, -0.000016801061065052636, 0.000009946527825377416, 0.000018924476535175927, 0.7257851958274841, -0.687921404838562, 0.000004336238362157019, 0.687921404838562, 0.7257851958274841),
            ["LeftHand"] = CFrame.new(-0.0000010728836059570312, -0.0000011920928955078125, 2.384185791015625e-07, 0.9959821105003357, -0.061974313110113144, 0.06464451551437378, 0.06785399466753006, 0.9933401942253113, -0.09311972558498383, -0.05844300985336304, 0.09713206440210342, 0.9935542345046997),
            ["RightUpperLeg"] = CFrame.new(0, -3.0919909477233887e-07, 1.3205863069742918e-08, 0.8952566385269165, -0.333111435174942, -0.2958921790122986, 0.30552127957344055, 0.942351222038269, -0.13649553060531616, 0.3243025839328766, 0.03179711475968361, 0.9454188346862793),
            ["LeftUpperLeg"] = CFrame.new(5.960464477539063e-08, -1.0617077350616455e-07, 1.4901161193847656e-08, 0.9483731985092163, 0.3024056553840637, 0.0955987349152565, -0.20621231198310852, 0.8169580698013306, -0.5385685563087463, -0.24096643924713135, 0.4910503625869751, 0.8371407985687256),
            ["RightLowerLeg"] = CFrame.new(0, -0.0007264614105224609, 0.00004610588803188875, 1, 1.0430815677864302e-07, -5.960465898624534e-08, -6.705522537231445e-08, 0.7846013307571411, 0.6200006604194641, 7.82310962677002e-08, -0.6200006604194641, 0.7846013903617859),
            ["RightFoot"] = CFrame.new(1.7881393432617188e-07, -1.1920928955078125e-07, 7.620110409334302e-08, 0.9599810242652893, 0.27803686261177063, -0.03364620357751846, -0.25851768255233765, 0.8334935903549194, -0.48832064867019653, -0.1077273041009903, 0.47747668623924255, 0.8720154166221619),
            ["LeftLowerLeg"] = CFrame.new(2.9802322387695312e-08, -0.0007265210151672363, 0.0000812634825706482, 1, 2.9336661100387573e-08, 4.6566128730773926e-08, -7.078050145992165e-08, 0.7522081732749939, 0.6589257717132568, 2.9802315282267955e-08, -0.6589255928993225, 0.7522080540657043),
        }},
        {Time = 0.100, Data = {
            ["LeftFoot"] = CFrame.new(0, 0, 7.450580596923828e-09, 0.9832583665847778, -0.179214745759964, -0.03294180706143379, 0.17775657773017883, 0.9831399917602539, -0.042878467589616776, 0.04007076099514961, 0.036304865032434464, 0.9985371232032776),
            ["LeftLowerArm"] = CFrame.new(0.0000013113021850585938, -2.980232238769531e-07, 0.000004827976226806641, 1, 1.341104507446289e-07, 1.4901164746561335e-08, -4.0978193283081055e-08, 0.7012128829956055, -0.7129521369934082, -1.043081283569336e-07, 0.7129519581794739, 0.7012128233909607),
            ["LowerTorso"] = CFrame.new(0.008533941581845284, -0.19141674041748047, 0.1104431301355362, 0.9345966577529907, 0.03333701565861702, -0.35414376854896545, -0.042232170701026917, 0.998956024646759, -0.017416173592209816, 0.35319340229034424, 0.031233353540301323, 0.9350289106369019),
            ["Head"] = CFrame.new(-7.450580596923828e-09, -7.152557373046875e-07, -3.725290298461914e-08, 0.9162245392799377, -0.0184788815677166, 0.400238960981369, 0.017764810472726822, 0.9998270869255066, 0.005494407843798399, -0.4002711772918701, 0.002075980883091688, 0.9163944125175476),
            ["RightUpperArm"] = CFrame.new(0.001118779182434082, -0.04966151714324951, 0.030584335327148438, 0.9446725249290466, -0.32381168007850647, -0.052343543618917465, 0.3277863562107086, 0.9259605407714844, 0.1874915510416031, -0.01224394142627716, -0.19427549839019775, 0.9808705449104309),
            ["UpperTorso"] = CFrame.new(-2.60770320892334e-08, 5.364418029785156e-07, -7.450580596923828e-09, 0.9939984083175659, -0.07966957241296768, -0.07496754825115204, 0.09398985654115677, 0.9726073741912842, 0.21260511875152588, 0.055975958704948425, -0.2183752954006195, 0.9742581844329834),
            ["HumanoidRootPart"] = CFrame.new(0, 0, 0, 1, 0, 0, 0, 1, 0, 0, 0, 1),
            ["RightHand"] = CFrame.new(2.086162567138672e-07, 0.0000011920928955078125, -6.854534149169922e-07, 0.9749471545219421, 0.18475250899791718, 0.12387324124574661, -0.14060136675834656, 0.9433864951133728, -0.3004215955734253, -0.17236419022083282, 0.2754786014556885, 0.9457285404205322),
            ["LeftUpperArm"] = CFrame.new(0.0587620735168457, -0.010210037231445312, 0.02990981936454773, 0.8561021089553833, 0.5138453245162964, -0.05524725839495659, -0.4952019453048706, 0.8461983799934387, 0.19678261876106262, 0.1478659063577652, -0.14110741019248962, 0.9788893461227417),
            ["RightLowerArm"] = CFrame.new(-1.1920928955078125e-07, 5.960464477539062e-07, -0.000003993511199951172, 1, -0.000015974042980815284, 0.000011086464837717358, 0.000019013883502339013, 0.6744388341903687, -0.7383307218551636, 0.0000043064360397693235, 0.7383307814598083, 0.6744388341903687),
            ["LeftHand"] = CFrame.new(-0.0000016689300537109375, -0.0000013709068298339844, 5.960464477539063e-08, 0.9890527725219727, -0.13719622790813446, 0.054329562932252884, 0.1404903680086136, 0.9881184697151184, -0.062325697392225266, -0.04513326659798622, 0.06927639991044998, 0.9965760707855225),
            ["RightUpperLeg"] = CFrame.new(5.960464477539063e-08, 1.30385160446167e-07, 4.6733475755900145e-08, 0.8961975574493408, -0.3519059419631958, -0.2701703608036041, 0.31396353244781494, 0.9333156943321228, -0.1742091327905655, 0.3134596347808838, 0.07130204886198044, 0.9469208717346191),
            ["LeftUpperLeg"] = CFrame.new(0, 1.8742866814136505e-07, -5.587935447692871e-08, 0.944486141204834, 0.31716784834861755, 0.08573490381240845, -0.21115142107009888, 0.7858889102935791, -0.5812001824378967, -0.2517160177230835, 0.5308326482772827, 0.809231698513031),
            ["RightLowerLeg"] = CFrame.new(1.4901161193847656e-07, -0.000726163387298584, 0.00004601648106472567, 1, 1.266598985694145e-07, -2.980232594040899e-08, -4.8428763221863846e-08, 0.7391064763069153, 0.6735885143280029, 7.450578820566989e-09, -0.6735886335372925, 0.7391066551208496),
            ["RightFoot"] = CFrame.new(2.8312206268310547e-07, 0, 3.149762051180005e-08, 0.9627212882041931, 0.2693033814430237, -0.025368154048919678, -0.2419482320547104, 0.8153884410858154, -0.5259304046630859, -0.12095009535551071, 0.5124620795249939, 0.8501491546630859),
            ["LeftLowerLeg"] = CFrame.new(-2.60770320892334e-08, -0.0007265806198120117, 0.00008101016283035278, 1, 6.705521116145974e-08, 1.4901155864777138e-08, -6.705522537231445e-08, 0.6879239082336426, 0.725783109664917, 1.4901161193847656e-08, -0.7257828712463379, 0.6879236698150635),
        }},
        {Time = 0.133, Data = {
            ["LeftFoot"] = CFrame.new(2.9802322387695312e-08, -5.960464477539063e-08, 5.21540641784668e-08, 0.9876775145530701, -0.14581407606601715, -0.05684608221054077, 0.1469087451696396, 0.989027738571167, 0.015557637438178062, 0.053953882306814194, -0.023716948926448822, 0.9982617497444153),
            ["LeftLowerArm"] = CFrame.new(0.000001519918441772461, -4.172325134277344e-07, 0.00000476837158203125, 1, 8.940696716308594e-08, -1.4901161193847656e-08, -5.5879347371501353e-08, 0.6351504325866699, -0.7723884582519531, -1.0430811414607888e-07, 0.7723884582519531, 0.6351504325866699),
            ["LowerTorso"] = CFrame.new(0.03896169364452362, -0.20191586017608643, 0.1042071282863617, 0.9258852005004883, 0.05514166131615639, -0.37375929951667786, -0.06481269001960754, 0.9978082180023193, -0.01334633119404316, 0.37220412492752075, 0.03658151254057884, 0.9274297952651978),
            ["Head"] = CFrame.new(-7.450580596923828e-09, -5.960464477539062e-07, 1.4901161193847656e-08, 0.9145238399505615, -0.022513266652822495, 0.40390512347221375, 0.02402174286544323, 0.9997105598449707, 0.0013324968749657273, -0.4038182199001312, 0.00848373118788004, 0.9147999286651611),
            ["RightUpperArm"] = CFrame.new(0.0007801651954650879, -0.050710082054138184, 0.030492112040519714, 0.942688524723053, -0.3336743712425232, -0.0003395062230993062, 0.3317412734031677, 0.9371172189712524, 0.10843922942876816, -0.035865187644958496, -0.10233714431524277, 0.9941031336784363),
            ["UpperTorso"] = CFrame.new(7.450580596923828e-09, -2.9802322387695312e-08, -1.862645149230957e-09, 0.9916217923164368, -0.10573717951774597, -0.07420256733894348, 0.12032240629196167, 0.9650627970695496, 0.2327582687139511, 0.046998895704746246, -0.23973628878593445, 0.9696997404098511),
            ["HumanoidRootPart"] = CFrame.new(0, 0, 0, 1, 0, 0, 0, 1, 0, 0, 0, 1),
            ["RightHand"] = CFrame.new(1.564621925354004e-07, 0.0000010728836059570312, -6.258487701416016e-07, 0.9423494338989258, 0.2739104926586151, 0.19222494959831238, -0.18227356672286987, 0.9019016623497009, -0.39159899950027466, -0.28063151240348816, 0.3339858651161194, 0.8998332023620605),
            ["LeftUpperArm"] = CFrame.new(0.05838596820831299, -0.012141942977905273, 0.029715657234191895, 0.857574999332428, 0.5143488049507141, 0.0032550771720707417, -0.5112317800521851, 0.8516471982002258, 0.11549505591392517, 0.05663264915347099, -0.10070981085300446, 0.9933027625083923),
            ["RightLowerArm"] = CFrame.new(5.960464477539062e-07, 9.5367431640625e-07, -0.0000033974647521972656, 1, -0.000015079973309184425, 0.000012330712706898339, 0.000018998980522155762, 0.6158239245414734, -0.7878838777542114, 0.000004306435585021973, 0.7878838777542114, 0.6158238649368286),
            ["LeftHand"] = CFrame.new(-0.0000014901161193847656, -0.000001430511474609375, 2.980232238769531e-07, 0.9762995839118958, -0.2119743376970291, 0.04365686699748039, 0.21354736387729645, 0.9762995839118958, -0.035170767456293106, -0.03516679257154465, 0.04366016015410423, 0.9984273314476013),
            ["RightUpperLeg"] = CFrame.new(5.960464477539063e-08, -2.654269337654114e-07, 2.996966941282153e-08, 0.8959024548530579, -0.3709624707698822, -0.24442939460277557, 0.32533711194992065, 0.9225215911865234, -0.20762917399406433, 0.30251389741897583, 0.10649333149194717, 0.9471771121025085),
            ["LeftUpperLeg"] = CFrame.new(-2.9802322387695312e-08, -2.270098775625229e-07, 5.587935447692871e-09, 0.9390088319778442, 0.3350125253200531, 0.07764629274606705, -0.2146107703447342, 0.7472918033599854, -0.6288859248161316, -0.26870912313461304, 0.5738655924797058, 0.7736107707023621),
            ["RightLowerLeg"] = CFrame.new(-7.450580596923828e-08, -0.0007264614105224609, 0.000046165492676664144, 1, 1.7881397695873602e-07, -1.0430811414607888e-07, -4.773028905447063e-08, 0.691985547542572, 0.7219113111495972, 1.0803343286625022e-07, -0.7219114899635315, 0.6919856667518616),
            ["RightFoot"] = CFrame.new(1.862645149230957e-07, 0, 7.620110409334302e-08, 0.965008556842804, 0.2615531384944916, -0.018669310957193375, -0.22639019787311554, 0.7951144576072693, -0.5626195073127747, -0.1323103904724121, 0.5471590757369995, 0.826505184173584),
            ["LeftLowerLeg"] = CFrame.new(-1.1920928955078125e-07, -0.0007266998291015625, 0.00008095800876617432, 1, 5.029141192380848e-08, 5.960463766996327e-08, -4.470348358154297e-08, 0.6369755268096924, 0.7708839774131775, 7.450580596923828e-09, -0.770884096622467, 0.6369755864143372),
        }},
        {Time = 0.167, Data = {
            ["LeftFoot"] = CFrame.new(1.1175870895385742e-08, -1.1920928955078125e-07, -3.725290298461914e-09, 0.9840989112854004, -0.1528765857219696, -0.09043264389038086, 0.16274458169937134, 0.9800297021865845, 0.1142636388540268, 0.07115846872329712, -0.12716422975063324, 0.989326000213623),
            ["LeftLowerArm"] = CFrame.new(0.0000016689300537109375, -2.980232238769531e-07, 0.000004827976226806641, 1, 1.695007085800171e-07, -1.0430815677864302e-07, -8.009374852235851e-08, 0.5728313326835632, -0.8196734189987183, -8.940698137394065e-08, 0.8196732997894287, 0.5728312134742737),
            ["LowerTorso"] = CFrame.new(0.0627405196428299, -0.21263039112091064, 0.09597504884004593, 0.9168137311935425, 0.0743466168642044, -0.3923329710960388, -0.08374040573835373, 0.9964640736579895, -0.006858020089566708, 0.3904357850551605, 0.03914164379239082, 0.9197977781295776),
            ["Head"] = CFrame.new(-1.4901161193847656e-08, -8.344650268554688e-07, -1.4901161193847656e-08, 0.9122170805931091, -0.02355130761861801, 0.40902993083000183, 0.02781600132584572, 0.9996030330657959, -0.0044797258451581, -0.4087618589401245, 0.01546410284936428, 0.9125100374221802),
            ["RightUpperArm"] = CFrame.new(0.0002982020378112793, -0.052022576332092285, 0.03259320557117462, 0.9411649107933044, -0.33263352513313293, 0.0596957691013813, 0.33122631907463074, 0.9429953694343567, 0.032384537160396576, -0.06706498563289642, -0.010706228204071522, 0.9976912140846252),
            ["UpperTorso"] = CFrame.new(1.4901161193847656e-08, 1.7881393432617188e-07, -1.1175870895385742e-08, 0.9885193109512329, -0.12987594306468964, -0.07721289247274399, 0.14524587988853455, 0.9576127529144287, 0.24875971674919128, 0.04163215681910515, -0.257118821144104, 0.9654826521873474),
            ["HumanoidRootPart"] = CFrame.new(0, 0, 0, 1, 0, 0, 0, 1, 0, 0, 0, 1),
            ["RightHand"] = CFrame.new(2.0116567611694336e-07, 9.5367431640625e-07, -6.314367055892944e-07, 0.9100473523139954, 0.3405076265335083, 0.23636406660079956, -0.19485199451446533, 0.8547300100326538, -0.48111283779144287, -0.3658505976200104, 0.3917796015739441, 0.8441934585571289),
            ["LeftUpperArm"] = CFrame.new(0.057956695556640625, -0.012203335762023926, 0.03191301226615906, 0.8539730906486511, 0.519345760345459, 0.0317828431725502, -0.5202523469924927, 0.8532371520996094, 0.03638460487127304, -0.00822226982563734, -0.0476064532995224, 0.9988323450088501),
            ["RightLowerArm"] = CFrame.new(2.980232238769531e-07, 2.384185791015625e-07, -0.000003993511199951172, 1, -0.000014141201972961426, 0.000013393118933890946, 0.000018976626961375587, 0.5552531480789185, -0.8316813707351685, 0.000004336237452662317, 0.8316814303398132, 0.5552532076835632),
            ["LeftHand"] = CFrame.new(-0.0000013113021850585938, -0.0000013113021850585938, 4.172325134277344e-07, 0.9620158672332764, -0.27007418870925903, 0.03981514647603035, 0.27095094323158264, 0.9624162316322327, -0.018463265150785446, -0.03333226218819618, 0.02855001762509346, 0.9990365505218506),
            ["RightUpperLeg"] = CFrame.new(0, 3.818422555923462e-08, -1.4733814168721437e-08, 0.8955283164978027, -0.3871215879917145, -0.2194671928882599, 0.33621227741241455, 0.911679744720459, -0.2362235188484192, 0.2915310859680176, 0.13775722682476044, 0.9465899467468262),
            ["LeftUpperLeg"] = CFrame.new(-2.9802322387695312e-08, -3.702007234096527e-08, 1.210719347000122e-08, 0.9315682053565979, 0.35509032011032104, 0.07804828137159348, -0.21789127588272095, 0.7171363830566406, -0.661996066570282, -0.29103973507881165, 0.5996885895729065, 0.7454325556755066),
            ["RightLowerLeg"] = CFrame.new(-7.450580596923828e-08, -0.0007265210151672363, 0.000045971777581144124, 1, 8.940700979565008e-08, 4.4703497792397684e-08, -1.4668331971279258e-07, 0.6513872146606445, 0.7587453126907349, 1.266598843585598e-07, -0.758745551109314, 0.6513874530792236),
            ["RightFoot"] = CFrame.new(2.7567148208618164e-07, -5.960464477539063e-08, -1.3205863069742918e-08, 0.966293215751648, 0.2571130394935608, -0.013051978312432766, -0.2146902084350586, 0.7768051624298096, -0.5920150279998779, -0.14207607507705688, 0.5748622417449951, 0.8058211803436279),
            ["LeftLowerLeg"] = CFrame.new(-1.1548399925231934e-07, -0.0007263422012329102, 0.00008125603199005127, 1, 6.332993507385254e-08, 1.3038517820973539e-08, -8.940696716308594e-08, 0.6437803506851196, 0.7652103304862976, 7.450580596923828e-08, -0.7652103304862976, 0.6437803506851196),
        }},
        {Time = 0.200, Data = {
            ["LeftFoot"] = CFrame.new(5.587935447692871e-08, -1.7881393432617188e-07, 3.073364496231079e-08, 0.9743509888648987, -0.18478533625602722, -0.12843121588230133, 0.2071891874074936, 0.9593707919120789, 0.19152168929576874, 0.08782263845205307, -0.21321885287761688, 0.9730493426322937),
            ["LeftLowerArm"] = CFrame.new(0.0000012516975402832031, -5.960464477539063e-08, 0.000004649162292480469, 1, 1.1175872316471214e-07, 2.980232949312267e-08, -1.0337681999317283e-07, 0.5250732898712158, -0.8510571718215942, -3.725290653733282e-08, 0.8510571122169495, 0.5250731110572815),
            ["LowerTorso"] = CFrame.new(0.08310302346944809, -0.2223726511001587, 0.08405345678329468, 0.904579758644104, 0.09049957245588303, -0.4165876507759094, -0.09900245070457458, 0.9950864911079407, 0.0011985438177362084, 0.41464921832084656, 0.040159016847610474, 0.9090947508811951),
            ["Head"] = CFrame.new(-2.9802322387695312e-08, -5.960464477539062e-07, 1.4156103134155273e-07, 0.9083989262580872, -0.023142244666814804, 0.41746366024017334, 0.03052351251244545, 0.9994733929634094, -0.011013055220246315, -0.41698896884918213, 0.022746624425053596, 0.9086269736289978),
            ["RightUpperArm"] = CFrame.new(-0.0000591278076171875, -0.05290019512176514, 0.03827966749668121, 0.9373896718025208, -0.3254152834415436, 0.1241190955042839, 0.33142349123954773, 0.942982017993927, -0.030714187771081924, -0.10704714059829712, 0.0699271485209465, 0.9917919635772705),
            ["UpperTorso"] = CFrame.new(-3.725290298461914e-09, -4.172325134277344e-07, 1.1175870895385742e-08, 0.9853233098983765, -0.15185493230819702, -0.07796239852905273, 0.1671484112739563, 0.9509863257408142, 0.260166198015213, 0.03463362157344818, -0.26937901973724365, 0.9624113440513611),
            ["HumanoidRootPart"] = CFrame.new(0, 0, 0, 1, 0, 0, 0, 1, 0, 0, 0, 1),
            ["RightHand"] = CFrame.new(-1.862645149230957e-08, 8.940696716308594e-07, -8.568167686462402e-07, 0.8943984508514404, 0.3684495985507965, 0.2535659670829773, -0.18597562611103058, 0.8219420313835144, -0.5383535623550415, -0.4067733883857727, 0.4343457520008087, 0.8036664724349976),
            ["LeftUpperArm"] = CFrame.new(0.05769163370132446, -0.010993480682373047, 0.03798341751098633, 0.8503051400184631, 0.5261452198028564, 0.012344226241111755, -0.5255544185638428, 0.8501226305961609, -0.03292614966630936, -0.027818044647574425, 0.021509762853384018, 0.9993816614151001),
            ["RightLowerArm"] = CFrame.new(3.8743019104003906e-07, 4.76837158203125e-07, -0.0000036954879760742188, 1, -0.000013098123417876195, 0.000014375900718732737, 0.000018976626961375587, 0.4928496778011322, -0.8701145052909851, 0.000004343688033259241, 0.8701145648956299, 0.4928497076034546),
            ["LeftHand"] = CFrame.new(-0.0000014901161193847656, -8.940696716308594e-07, 2.980232238769531e-07, 0.9503083825111389, -0.3033961057662964, 0.06974657624959946, 0.3048495948314667, 0.9523374438285828, -0.010973673313856125, -0.06309294700622559, 0.03169085830450058, 0.997504472732544),
            ["RightUpperLeg"] = CFrame.new(5.960464477539063e-08, -2.4400651454925537e-07, 1.5534169506281614e-08, 0.8979749083518982, -0.3979111313819885, -0.18790368735790253, 0.3453926146030426, 0.9019163846969604, -0.25932806730270386, 0.2726629674434662, 0.16796939074993134, 0.9473337531089783),
            ["LeftUpperLeg"] = CFrame.new(-8.940696716308594e-08, -1.7974525690078735e-07, 1.955777406692505e-08, 0.9206168055534363, 0.3793090879917145, 0.09267927706241608, -0.22195591032505035, 0.7036353945732117, -0.6750057339668274, -0.3212481737136841, 0.6008508801460266, 0.7319685816764832),
            ["RightLowerLeg"] = CFrame.new(-1.4901161193847656e-07, -0.0007264614105224609, 0.00004606118454830721, 1, 1.9371512394172896e-07, -7.450580596923828e-08, -9.685754776000977e-08, 0.6178969740867615, 0.7862589359283447, 1.043081283569336e-07, -0.7862591743469238, 0.6178972721099854),
            ["RightFoot"] = CFrame.new(2.4586915969848633e-07, 0, -2.8107024263590574e-08, 0.967096209526062, 0.25423169136047363, -0.009555348195135593, -0.20616859197616577, 0.761152446269989, -0.6149320602416992, -0.1490621268749237, 0.596668541431427, 0.7885223031044006),
            ["LeftLowerLeg"] = CFrame.new(-3.725290298461914e-08, -0.0007265806198120117, 0.00008109211921691895, 1, 6.72734969953126e-08, 1.1175869119028903e-08, -7.078050856534901e-08, 0.6776010990142822, 0.7354298830032349, -1.1175869119028903e-08, -0.7354297041893005, 0.6776009798049927),
        }},
        {Time = 0.233, Data = {
            ["LeftFoot"] = CFrame.new(-5.587935447692871e-08, -1.1920928955078125e-07, -5.4016709327697754e-08, 0.9668393135070801, -0.20541948080062866, -0.15173877775669098, 0.23767895996570587, 0.9411412477493286, 0.2403373122215271, 0.0934375524520874, -0.26843249797821045, 0.958756148815155),
            ["LeftLowerArm"] = CFrame.new(0.0000013709068298339844, -2.384185791015625e-07, 0.000004678964614868164, 1, 1.341104507446289e-07, 5.960465898624534e-08, -5.587935447692871e-08, 0.4843589961528778, -0.8748693466186523, -4.470348358154297e-08, 0.8748693466186523, 0.4843589961528778),
            ["LowerTorso"] = CFrame.new(0.10027436912059784, -0.23564696311950684, 0.06916332989931107, 0.8917028307914734, 0.10238830745220184, -0.44088852405548096, -0.10845982283353806, 0.994034469127655, 0.011484961025416851, 0.43943431973457336, 0.03757750988006592, 0.8974884152412415),
            ["Head"] = CFrame.new(0, -5.960464477539062e-07, -2.2351741790771484e-08, 0.9015184044837952, -0.021911906078457832, 0.4321860373020172, 0.034639161080121994, 0.9991664886474609, -0.021597597748041153, -0.4313524663448334, 0.03444099426269531, 0.9015258550643921),
            ["RightUpperArm"] = CFrame.new(0.00002771615982055664, -0.053813815116882324, 0.04400637745857239, 0.9273802042007446, -0.31874880194664, 0.19587041437625885, 0.33900612592697144, 0.9374118447303772, -0.07958611100912094, -0.15824320912361145, 0.14020775258541107, 0.9773949980735779),
            ["UpperTorso"] = CFrame.new(2.9802322387695312e-08, -2.384185791015625e-07, -5.587935447692871e-09, 0.9823393821716309, -0.16687005758285522, -0.08463922888040543, 0.18373718857765198, 0.9457820057868958, 0.2678380012512207, 0.03535617142915726, -0.2786591053009033, 0.959739089012146),
            ["HumanoidRootPart"] = CFrame.new(0, 0, 0, 1, 0, 0, 0, 1, 0, 0, 0, 1),
            ["RightHand"] = CFrame.new(4.2747706174850464e-07, 8.940696716308594e-07, -6.854534149169922e-07, 0.9066798686981201, 0.34630540013313293, 0.24084003269672394, -0.16910110414028168, 0.8214742541313171, -0.5445959568023682, -0.3864407539367676, 0.4530482888221741, 0.8033749461174011),
            ["LeftUpperArm"] = CFrame.new(0.057877957820892334, -0.009755611419677734, 0.04415929317474365, 0.8481532335281372, 0.5270086526870728, -0.053834106773138046, -0.5296273231506348, 0.8413678407669067, -0.10768084973096848, -0.011454411782324314, 0.11984176188707352, 0.9927269220352173),
            ["RightLowerArm"] = CFrame.new(7.450580596923828e-07, 5.960464477539063e-08, -0.0000040531158447265625, 1, -0.000011920927136088721, 0.000015452507795998827, 0.00001901388168334961, 0.417589008808136, -0.9086361527442932, 0.000004336237907409668, 0.9086360335350037, 0.4175889790058136),
            ["LeftHand"] = CFrame.new(-0.0000011920928955078125, -9.5367431640625e-07, 0, 0.9204010367393494, -0.333609014749527, 0.20387901365756989, 0.3374817371368408, 0.9411871433258057, 0.016530506312847137, -0.19740323722362518, 0.05359090492129326, 0.97885662317276),
            ["RightUpperLeg"] = CFrame.new(1.1920928955078125e-07, -2.3562461137771606e-07, -1.845910446718335e-08, 0.9019879698753357, -0.4031832218170166, -0.1544698029756546, 0.3513531982898712, 0.8933559656143188, -0.2801183760166168, 0.25093570351600647, 0.19838976860046387, 0.9474559426307678),
            ["LeftUpperLeg"] = CFrame.new(5.960464477539063e-08, -1.7695128917694092e-08, -1.30385160446167e-08, 0.9080435633659363, 0.40477678179740906, 0.10776292532682419, -0.22752320766448975, 0.6926313042640686, -0.6844670176506042, -0.3516961932182312, 0.5970072150230408, 0.7210354208946228),
            ["RightLowerLeg"] = CFrame.new(-1.9371509552001953e-07, -0.0007262229919433594, 0.00004601648106472567, 1, 1.1920930376163597e-07, -4.4703497792397684e-08, -3.166496398421259e-08, 0.5856926441192627, 0.8105331659317017, 8.195637946073475e-08, -0.810533344745636, 0.5856929421424866),
            ["RightFoot"] = CFrame.new(2.8312206268310547e-07, -1.1920928955078125e-07, 7.620110409334302e-08, 0.9673142433166504, 0.25342705845832825, -0.008824324235320091, -0.20096303522586823, 0.7449108362197876, -0.6361772418022156, -0.15465129911899567, 0.6171569228172302, 0.7714925408363342),
            ["LeftLowerLeg"] = CFrame.new(-7.450580596923828e-09, -0.0007265806198120117, 0.0000810474157333374, 1, 9.057112038135529e-08, 4.097818262494002e-08, -8.195638656616211e-08, 0.7051501870155334, 0.7090578675270081, 5.960464477539063e-08, -0.7090579867362976, 0.7051502466201782),
        }},
        {Time = 0.267, Data = {
            ["LeftFoot"] = CFrame.new(9.685754776000977e-08, -1.7881393432617188e-07, 3.725290298461914e-09, 0.9669021368026733, -0.21298040449619293, -0.14049820601940155, 0.2421664446592331, 0.9394469261169434, 0.2424764633178711, 0.08034791797399521, -0.268475204706192, 0.959929883480072),
            ["LeftLowerArm"] = CFrame.new(0.0000013113021850585938, -5.960464477539062e-07, 0.000004872679710388184, 1, 5.960465188081798e-08, -7.450581485102248e-09, -1.0430814256778831e-07, 0.448672890663147, -0.8936961889266968, -7.450581307466564e-08, 0.8936960697174072, 0.4486728012561798),
            ["LowerTorso"] = CFrame.new(0.10835634171962738, -0.26353955268859863, 0.052391767501831055, 0.8802899718284607, 0.11004634201526642, -0.46149691939353943, -0.11068615317344666, 0.9935210943222046, 0.02578011341392994, 0.4613438546657562, 0.028387339785695076, 0.8867672681808472),
            ["Head"] = CFrame.new(5.960464477539063e-08, -7.152557373046875e-07, 2.9802322387695312e-08, 0.8930351734161377, -0.020886804908514023, 0.4495016038417816, 0.03987758606672287, 0.9986653923988342, -0.032821040600538254, -0.4482165575027466, 0.047235265374183655, 0.8926764130592346),
            ["RightUpperArm"] = CFrame.new(0.00023305416107177734, -0.05427050590515137, 0.04923628270626068, 0.9073994159698486, -0.3125413656234741, 0.28096967935562134, 0.35683363676071167, 0.9261419177055359, -0.12219350785017014, -0.22202743589878082, 0.21113774180412292, 0.9519059658050537),
            ["UpperTorso"] = CFrame.new(-3.5390257835388184e-08, 3.2782554626464844e-07, 3.725290298461914e-09, 0.9804494380950928, -0.17207521200180054, -0.0954410657286644, 0.19183658063411713, 0.9438380599021912, 0.26901379227638245, 0.04379039257764816, -0.2820635437965393, 0.9583958983421326),
            ["HumanoidRootPart"] = CFrame.new(0, 0, 0, 1, 0, 0, 0, 1, 0, 0, 0, 1),
            ["RightHand"] = CFrame.new(4.414469003677368e-07, 8.940696716308594e-07, -7.450580596923828e-07, 0.9389320015907288, 0.2838297486305237, 0.19454325735569, -0.14647893607616425, 0.8412616848945618, -0.5204063653945923, -0.31136900186538696, 0.4601297676563263, 0.8314626812934875),
            ["LeftUpperArm"] = CFrame.new(0.05811870098114014, -0.009493231773376465, 0.04981487989425659, 0.8465399742126465, 0.5101625323295593, -0.15199975669384003, -0.5311570763587952, 0.8284217119216919, -0.17773589491844177, 0.03524572774767876, 0.2311963140964508, 0.9722685217857361),
            ["RightLowerArm"] = CFrame.new(4.172325134277344e-07, 6.556510925292969e-07, -0.000003844499588012695, 1, -0.000009998680070566479, 0.000016734007658669725, 0.000018980354070663452, 0.30894482135772705, -0.9510799646377563, 0.000004336237907409668, 0.9510799646377563, 0.3089448809623718),
            ["LeftHand"] = CFrame.new(-0.0000014901161193847656, -0.000001430511474609375, -5.960464477539063e-08, 0.8469796180725098, -0.3574877977371216, 0.3934813439846039, 0.36163362860679626, 0.9299489855766296, 0.06645653396844864, -0.38967517018318176, 0.08600883185863495, 0.9169275760650635),
            ["RightUpperLeg"] = CFrame.new(-2.9802322387695312e-08, -6.845220923423767e-08, -1.287116901949048e-08, 0.9054712653160095, -0.40787288546562195, -0.11730927228927612, 0.35638710856437683, 0.8808181285858154, -0.31168556213378906, 0.2304561883211136, 0.2404145449399948, 0.9429160356521606),
