return {
    ["Rocket Spinner"] = {
        {Time = 0.000, Data = {
            ["LeftLowerArm"] = CFrame.new(1.1920928955078125e-07, 0.0000017881393432617188, -2.980232238769531e-07, 1, 2.2351617445792726e-08, 1.3597392012343334e-07, 7.450581485102248e-09, 0.8744854927062988, -0.4850514233112335, -3.725290653733282e-08, 0.4850517511367798, 0.8744856715202332),
            ["LeftFoot"] = CFrame.new(-6.705522537231445e-08, 0, 2.2351741790771484e-08, 0.9880069494247437, -0.14620964229106903, -0.04966258257627487, 0.1543649286031723, 0.9429805874824524, 0.2948831617832184, 0.003718428546562791, -0.29901570081710815, 0.954241931438446),
            ["RightHand"] = CFrame.new(-3.8743019104003906e-07, -4.76837158203125e-07, 2.9802322387695312e-08, 0.9963799715042114, 0.05264228954911232, -0.06675213575363159, -0.06355120241641998, 0.9827694892883301, -0.17356692254543304, 0.05646505206823349, 0.17718073725700378, 0.9825572371482849),
            ["HumanoidRootPart"] = CFrame.new(0, 0, 0, 1, 0, 0, 0, 1, 0, 0, 0, 1),
            ["RightLowerLeg"] = CFrame.new(0, -1.1920928955078125e-07, 1.4901161193847656e-08, 1, -0.0000011995447266599513, -3.6507788081507897e-07, 0.0000012516974265963654, 0.8550166487693787, 0.5186022520065308, -3.27825517842939e-07, -0.5186005234718323, 0.8550156950950623),
            ["LeftUpperLeg"] = CFrame.new(8.940696716308594e-08, -0.0000010845251381397247, 2.1606683731079102e-07, 0.9782069325447083, 0.19813629984855652, 0.062078144401311874, -0.16256019473075867, 0.9168354272842407, -0.36467137932777405, -0.12917207181453705, 0.3466336131095886, 0.9290646910667419),
            ["LeftLowerLeg"] = CFrame.new(5.960464477539063e-08, 5.960464477539063e-08, 0, 1, 7.078050145992165e-08, 1.750886866602741e-07, -6.70552182668871e-08, 0.9945423603057861, 0.10433319211006165, -6.332992796842518e-08, -0.10433325916528702, 0.9945424795150757),
            ["1"] = CFrame.new(-0.030736446380615234, 0.027653587982058525, -0.04115462303161621, 0.9997532367706299, -0.009405779652297497, 0.02012920193374157, 0.00916807260364294, 0.9998876452445984, 0.011866803281009197, -0.020238494500517845, -0.011679356917738914, 0.9997269511222839),
            ["LowerTorso"] = CFrame.new(-0.07191681861877441, -0.13413691520690918, -0.027440575882792473, 0.963456928730011, -0.017777439206838608, -0.2672729790210724, 0.006157995667308569, 0.9990015625953674, -0.04424959421157837, 0.2677927613258362, 0.04098676145076752, 0.9626043438911438),
            ["Head"] = CFrame.new(-1.043081283569336e-07, 0.0000011920928955078125, -8.195638656616211e-08, 0.8694330453872681, -0.02844632789492607, 0.49323123693466187, 0.0498819500207901, 0.9982938170433044, -0.030353235080838203, -0.4915262758731842, 0.05099358409643173, 0.8693684935569763),
            ["5"] = CFrame.new(0.025256723165512085, 0.022018061950802803, -0.013139009475708008, 0.9999121427536011, -0.01078022737056017, -0.007709775120019913, 0.010643303394317627, 0.9997889399528503, -0.017574980854988098, 0.007897602394223213, 0.017482662573456764, 0.999815821647644),
            ["UpperTorso"] = CFrame.new(2.468004822731018e-08, 6.556510925292969e-07, -5.4016709327697754e-08, 0.9701957106590271, 0.027201537042856216, -0.24079124629497528, 0.02339973859488964, 0.9785193204879761, 0.2048228234052658, 0.24119043350219727, -0.20435281097888947, 0.948718786239624),
            ["4"] = CFrame.new(0.013635993003845215, 0.00574783980846405, 0.04543779790401459, 0.9993255734443665, 0.004574137274175882, 0.03643348067998886, -0.005003731232136488, 0.9999188780784607, 0.011713932268321514, -0.03637700527906418, -0.011888211593031883, 0.9992673993110657),
            ["3"] = CFrame.new(-0.02904641628265381, 0.027653587982058525, 0.02185952663421631, 0.9995196461677551, -0.030519923195242882, -0.005393950268626213, 0.030630555003881454, 0.9992937445640564, 0.0217677503824234, 0.004725724924355745, -0.02192254737019539, 0.9997485876083374),
            ["LeftUpperArm"] = CFrame.new(1.1920928955078125e-07, -3.5762786865234375e-07, 2.9802322387695312e-08, 0.9318494200706482, 0.33003202080726624, -0.1507953405380249, -0.294392853975296, 0.9306035041809082, 0.2175174206495285, 0.21210774779319763, -0.1582910716533661, 0.9643375873565674),
            ["RightLowerArm"] = CFrame.new(7.152557373046875e-07, -2.384185791015625e-07, -3.725290298461914e-07, 1, 0, 7.171188087795599e-08, 2.980232594040899e-08, 0.9922322034835815, -0.12439991533756256, -1.5087427129856223e-07, 0.1244000792503357, 0.9922322630882263),
            ["LeftHand"] = CFrame.new(-5.960464477539062e-07, 0, -5.960464477539063e-08, 0.9983118176460266, -0.039191924035549164, 0.0428655780851841, 0.04228592291474342, 0.996374249458313, -0.07382696121931076, -0.039816755801439285, 0.0755150318145752, 0.9963493943214417),
            ["2"] = CFrame.new(0.008866429328918457, 0.0171246025711298, -0.058408498764038086, 0.9998705983161926, 0.0002964774612337351, 0.016083890572190285, -0.0004742058226838708, 0.9999387860298157, 0.011054234579205513, -0.016079634428024292, -0.01106049120426178, 0.9998095631599426),
            ["MainHandle"] = CFrame.new(-0.05180000141263008, -0.41521334648132324, 0.07190000265836716, 1, 0, 0, 0, 1, 0, 0, 0, 1),
            ["RightFoot"] = CFrame.new(-3.3527612686157227e-08, 5.960464477539063e-08, -2.2351741790771484e-08, 0.9422371983528137, 0.23588450253009796, 0.23780761659145355, -0.11081037670373917, 0.8895121216773987, -0.44327041506767273, -0.31608545780181885, 0.39131414890289307, 0.8642678260803223),
            ["RightUpperLeg"] = CFrame.new(-8.940696716308594e-08, -0.000001846812665462494, 2.1606683731079102e-07, 0.7965163588523865, -0.26935771107673645, -0.541304349899292, 0.2588063180446625, 0.9610081315040588, -0.09738186001777649, 0.5464258193969727, -0.06252872943878174, 0.8351685404777527),
            ["RightUpperArm"] = CFrame.new(0, 0.0000013113021850585938, -4.023313522338867e-07, 0.9562841653823853, -0.23806233704090118, 0.16985179483890533, 0.2564959228038788, 0.9617544412612915, -0.09612001478672028, -0.1404658406972885, 0.13547970354557037, 0.9807707667350769),
        }},
        {Time = 0.033, Data = {
            ["LeftLowerArm"] = CFrame.new(-3.5762786865234375e-07, 0.0000010132789611816406, -1.1920928955078125e-07, 1, 7.450542405251781e-09, 1.19209900617534e-07, 7.450578820566989e-09, 0.8909439444541931, -0.4541130065917969, -8.195636524988004e-08, 0.4541132152080536, 0.8909441828727722),
            ["LeftFoot"] = CFrame.new(7.683411240577698e-08, 2.384185791015625e-07, -6.891787052154541e-08, 0.9881578087806702, 0.012269366532564163, -0.15294617414474487, 0.02718910202383995, 0.9670185446739197, 0.25324827432632446, 0.1510126292705536, -0.2544102966785431, 0.9552345275878906),
            ["RightHand"] = CFrame.new(-2.0116567611694336e-07, -8.940696716308594e-07, -2.9802322387695312e-08, 0.996390700340271, 0.053642090409994125, -0.06578750908374786, -0.05197646841406822, 0.9982892870903015, 0.026775984093546867, 0.06711126863956451, -0.023259932175278664, 0.9974744319915771),
            ["HumanoidRootPart"] = CFrame.new(0, 0, 0, 1, 0, 0, 0, 1, 0, 0, 0, 1),
            ["RightLowerLeg"] = CFrame.new(-4.470348358154297e-08, 2.384185791015625e-07, -5.21540641784668e-08, 1, -0.0000014454142274189508, -4.0978167703542567e-07, 0.0000014407560229301453, 0.7693110704421997, 0.6388763189315796, -5.550682544708252e-07, -0.638874351978302, 0.7693094611167908),
            ["LeftUpperLeg"] = CFrame.new(2.9802322387695312e-08, -0.0000011953525245189667, 3.129243850708008e-07, 0.9711997509002686, 0.1497635692358017, 0.18530945479869843, -0.020797893404960632, 0.8280770778656006, -0.5602262616157532, -0.23735763132572174, 0.5402400493621826, 0.8073456883430481),
            ["LeftLowerLeg"] = CFrame.new(-1.434236764907837e-07, 1.7881393432617188e-07, -9.12696123123169e-08, 1, 4.251483574080339e-07, 2.823660167905473e-07, -5.047768922850082e-07, 0.8388037085533142, 0.5444306135177612, 2.1653252701980819e-07, -0.544434130191803, 0.8388059139251709),
            ["1"] = CFrame.new(-0.030736446380615234, 0.027653604745864868, -0.04115462303161621, 0.9997532367706299, -0.009405779652297497, 0.02012920193374157, 0.00916807260364294, 0.9998876452445984, 0.011866803281009197, -0.020238494500517845, -0.011679356917738914, 0.9997269511222839),
            ["LowerTorso"] = CFrame.new(-0.10384802520275116, 0.12513995170593262, -0.04915768653154373, 0.963456928730011, -0.017777439206838608, -0.2672729790210724, 0.006157995667308569, 0.9990015625953674, -0.04424959421157837, 0.2677927613258362, 0.04098676145076752, 0.9626043438911438),
            ["Head"] = CFrame.new(-1.3969838619232178e-08, 7.152557373046875e-07, -1.1082738637924194e-07, 0.8952357769012451, -0.007331216707825661, 0.4455326795578003, 0.03225715830922127, 0.9983075857162476, -0.04838903248310089, -0.4444238245487213, 0.0576912984251976, 0.8939570784568787),
            ["5"] = CFrame.new(0.025256723165512085, 0.022018074989318848, -0.013139009475708008, 0.9999121427536011, -0.01078022737056017, -0.007709775120019913, 0.010643303394317627, 0.9997889399528503, -0.017574980854988098, 0.007897602394223213, 0.017482662573456764, 0.999815821647644),
            ["UpperTorso"] = CFrame.new(3.5390257835388184e-08, 5.960464477539063e-08, -2.2351741790771484e-08, 0.9706408977508545, 0.026673119515180588, -0.2390499860048294, 0.02355917915701866, 0.9785115122795105, 0.20484189689159393, 0.239376962184906, -0.20445984601974487, 0.9491549134254456),
            ["4"] = CFrame.new(0.013635993003845215, 0.005747854709625244, 0.04543779790401459, 0.9993256330490112, 0.004574136342853308, 0.03643333539366722, -0.005003724712878466, 0.9999188780784607, 0.0117138447239995, -0.03637688606977463, -0.011888121254742146, 0.9992674589157104),
            ["3"] = CFrame.new(-0.02904641628265381, 0.027653604745864868, 0.02185952663421631, 0.9995196461677551, -0.03051992692053318, -0.005393950268626213, 0.03063056245446205, 0.9992937445640564, 0.021767757833003998, 0.004725724924355745, -0.021922554820775986, 0.9997485876083374),
            ["LeftUpperArm"] = CFrame.new(2.384185791015625e-07, -3.5762786865234375e-07, 0, 0.9001368880271912, 0.24522896111011505, -0.3600391447544098, -0.20258839428424835, 0.9673356413841248, 0.15238559246063232, 0.3856315612792969, -0.06422317028045654, 0.9204078316688538),
            ["RightLowerArm"] = CFrame.new(5.960464477539062e-07, 7.152557373046875e-07, -2.384185791015625e-07, 1, -3.7252716467151004e-09, 6.705558064368233e-08, 4.470347647611561e-08, 0.8883159756660461, -0.4592324495315552, -1.5646217832454568e-07, 0.4592326581478119, 0.8883161544799805),
            ["LeftHand"] = CFrame.new(-5.662441253662109e-07, -7.152557373046875e-07, 4.563480615615845e-08, 0.9795913696289062, 0.11026490479707718, 0.16805477440357208, -0.10928182303905487, 0.9938958883285522, -0.015113988891243935, -0.16869547963142395, -0.0035598776303231716, 0.9856618046760559),
            ["2"] = CFrame.new(0.008866429328918457, 0.01712462306022644, -0.058408498764038086, 0.9998706579208374, 0.00029648770578205585, 0.01608395017683506, -0.00047421653289347887, 0.9999387860298157, 0.011054230853915215, -0.016079634428024292, -0.011060487478971481, 0.9998095631599426),
            ["MainHandle"] = CFrame.new(-0.05180000141263008, -0.08602213859558105, 0.07190000265836716, 1, 0, 0, 0, 1, 0, 0, 0, 1),
            ["RightFoot"] = CFrame.new(7.450580596923828e-09, 2.384185791015625e-07, -2.9802322387695312e-08, 0.9647064805030823, 0.11521528661251068, 0.23679442703723907, -0.019340094178915024, 0.9277770519256592, -0.37263500690460205, -0.26261651515960693, 0.3549017906188965, 0.8972578048706055),
            ["RightUpperLeg"] = CFrame.new(-2.9802322387695312e-08, -0.0000020815059542655945, 2.4586915969848633e-07, 0.8302717804908752, -0.18933819234371185, -0.5242175459861755, 0.16504190862178802, 0.9818696975708008, -0.09323412925004959, 0.5323627591133118, -0.009107976220548153, 0.8464652299880981),
            ["RightUpperArm"] = CFrame.new(0, 0.000001430511474609375, -2.8312206268310547e-07, 0.9518942832946777, -0.2457362860441208, 0.18306900560855865, 0.24802838265895844, 0.9686943888664246, 0.01063499040901661, -0.17994217574596405, 0.03528307378292084, 0.9830425977706909),
        }},
        {Time = 0.067, Data = {
            ["LeftLowerArm"] = CFrame.new(2.9802322387695312e-08, 4.172325134277344e-07, -4.76837158203125e-07, 1, 1.8626387543463352e-08, 1.527374848819818e-07, 4.097817907222634e-08, 0.9198166728019714, -0.3923482298851013, -1.2526284365321771e-07, 0.39234840869903564, 0.919816792011261),
            ["LeftFoot"] = CFrame.new(-1.3969838619232178e-08, 1.7881393432617188e-07, 2.491287887096405e-08, 0.9766602516174316, 0.15660406649112701, -0.14699581265449524, -0.11008886247873306, 0.9526450037956238, 0.2834564447402954, 0.18443240225315094, -0.26065829396247864, 0.947652280330658),
            ["RightHand"] = CFrame.new(-2.1420419216156006e-07, -7.152557373046875e-07, -2.0954757928848267e-07, 0.9934670925140381, 0.07360056042671204, -0.08721355348825455, -0.05975889414548874, 0.986592173576355, 0.1518704891204834, 0.09722194820642471, -0.14566665887832642, 0.9845452308654785),
            ["HumanoidRootPart"] = CFrame.new(0, 0, 0, 1, 0, 0, 0, 1, 0, 0, 0, 1),
            ["RightLowerLeg"] = CFrame.new(2.421438694000244e-08, 2.384185791015625e-07, -1.3969838619232178e-07, 1, -6.575137376785278e-07, -3.8184344930414227e-07, 7.17118552984175e-07, 0.6082195043563843, 0.7937685251235962, -3.343448895520851e-07, -0.7937688827514648, 0.6082200407981873),
            ["LeftUpperLeg"] = CFrame.new(2.9802322387695312e-08, -0.000002346932888031006, 3.3527612686157227e-07, 0.9519003033638, 0.1231425479054451, 0.2805646061897278, 0.09876629710197449, 0.7434836626052856, -0.6614173054695129, -0.29005369544029236, 0.6573188900947571, 0.6955650448799133),
            ["LeftLowerLeg"] = CFrame.new(5.587935447692871e-09, -1.7881393432617188e-07, 0, 1, 6.267777621360437e-07, 4.321367157444911e-07, -7.348137955887069e-07, 0.615355372428894, 0.7882453203201294, 3.3155095024994807e-07, -0.7882498502731323, 0.6153612732887268),
            ["1"] = CFrame.new(-0.030736446380615234, 0.027653604745864868, -0.04115462303161621, 0.9997532367706299, -0.0094057722017169, 0.020129291340708733, 0.00916806235909462, 0.9998876452445984, 0.011866815388202667, -0.020238550379872322, -0.01167936809360981, 0.9997269511222839),
            ["LowerTorso"] = CFrame.new(-0.12219828367233276, 0.3710017204284668, -0.07755668461322784, 0.963456928730011, -0.017777439206838608, -0.2672729790210724, 0.006157995667308569, 0.9990015625953674, -0.04424959421157837, 0.2677927613258362, 0.04098676145076752, 0.9626043438911438),
            ["Head"] = CFrame.new(-4.470348358154297e-08, 1.1920928955078125e-07, -1.3783574104309082e-07, 0.9304543137550354, 0.017357707023620605, 0.365996778011322, 0.007755027152597904, 0.9977206587791443, -0.0670328438282013, -0.3663260340690613, 0.06520943343639374, 0.9281988739967346),
            ["5"] = CFrame.new(0.025256723165512085, 0.022018074989318848, -0.013139009475708008, 0.9999121427536011, -0.01078022737056017, -0.007709775120019913, 0.010643303394317627, 0.9997889399528503, -0.017574980854988098, 0.007897602394223213, 0.017482662573456764, 0.999815821647644),
            ["UpperTorso"] = CFrame.new(3.91155481338501e-08, 3.2782554626464844e-07, -2.2351741790771484e-08, 0.9749382138252258, 0.024415144696831703, -0.22113226354122162, 0.021960243582725525, 0.9785448908805847, 0.2048601508140564, 0.22138962149620056, -0.20458225905895233, 0.9534845948219299),
            ["4"] = CFrame.new(0.013635993003845215, 0.005747854709625244, 0.04543779790401459, 0.9993256330490112, 0.004574138205498457, 0.03643333539366722, -0.005003728903830051, 0.9999188780784607, 0.01171390525996685, -0.03637688606977463, -0.011888181790709496, 0.9992674589157104),
            ["3"] = CFrame.new(-0.02904641628265381, 0.027653604745864868, 0.02185952663421631, 0.9995196461677551, -0.030519932508468628, -0.005393950268626213, 0.0306305680423975, 0.9992937445640564, 0.021767765283584595, 0.004725724924355745, -0.021922560408711433, 0.9997485876083374),
            ["LeftUpperArm"] = CFrame.new(2.980232238769531e-07, -0.0000013113021850585938, -1.7881393432617188e-07, 0.8395914435386658, 0.13924649357795715, -0.5250868797302246, -0.14367739856243134, 0.9890888333320618, 0.03256405517458916, 0.5238730907440186, 0.0481022410094738, 0.8504254221916199),
            ["RightLowerArm"] = CFrame.new(3.5762786865234375e-07, 0.0000011920928955078125, -2.682209014892578e-07, 1, -1.8626256093057236e-08, 1.0524056648364422e-07, 7.078051567077637e-08, 0.7509227991104126, -0.66038978099823, -7.078051567077637e-08, 0.6603900194168091, 0.7509230971336365),
            ["LeftHand"] = CFrame.new(-2.5331974029541016e-07, 0, 1.6391277313232422e-07, 0.94464111328125, 0.22637836635112762, 0.23750008642673492, -0.23724223673343658, 0.9712871313095093, 0.017813706770539284, -0.22664816677570343, -0.07317277044057846, 0.9712241888046265),
            ["2"] = CFrame.new(0.008866429328918457, 0.01712462306022644, -0.058408498764038086, 0.9998705983161926, 0.0002964679151773453, 0.016083890572190285, -0.00047419604379683733, 0.9999387860298157, 0.011054238304495811, -0.016079634428024292, -0.011060493998229504, 0.9998095631599426),
            ["MainHandle"] = CFrame.new(-0.05180000141263008, -0.08602213859558105, 0.07190000265836716, 1, 0, 0, 0, 1, 0, 0, 0, 1),
            ["RightFoot"] = CFrame.new(-1.862645149230957e-08, 0, -2.2351741790771484e-08, 0.9832488894462585, -0.014789793640375137, 0.18167421221733093, 0.06383462995290756, 0.9615189433097839, -0.2672197222709656, -0.17072433233261108, 0.2743401825428009, 0.9463551640510559),
            ["RightUpperLeg"] = CFrame.new(-2.9802322387695312e-08, -0.000002277083694934845, 2.7194619178771973e-07, 0.8579699993133545, -0.11506804078817368, -0.5006498098373413, 0.049023739993572235, 0.9884823560714722, -0.14317046105861664, 0.5113552212715149, 0.09829574078321457, 0.8537283539772034),
            ["RightUpperArm"] = CFrame.new(1.1920928955078125e-07, 0.0000016689300537109375, -5.066394805908203e-07, 0.9125103950500488, -0.2697778344154358, 0.30749544501304626, 0.2581889033317566, 0.9628921151161194, 0.07859954237937927, -0.317274808883667, 0.007670501247048378, 0.9482978582382202),
        }},
        {Time = 0.100, Data = {
            ["LeftLowerArm"] = CFrame.new(-3.5762786865234375e-07, 0.0000010728836059570312, -1.7881393432617188e-07, 1, 2.9802144752011372e-08, 1.5832588928788027e-07, 3.725289587919178e-08, 0.861943781375885, -0.5070037841796875, -7.264314660915261e-08, 0.507003903388977, 0.8619439601898193),
            ["LeftFoot"] = CFrame.new(1.7695128917694092e-08, 1.1920928955078125e-07, -7.543712854385376e-08, 0.9834285378456116, 0.11621019244194031, -0.13914617896080017, -0.09118761122226715, 0.9804521203041077, 0.17435166239738464, 0.15669451653957367, -0.15877291560173035, 0.9748024940490723),
            ["RightHand"] = CFrame.new(-3.220920916646719e-07, -0.0000012516975402832031, -3.91155481338501e-08, 0.9895370602607727, 0.14413948357105255, 0.006352037191390991, -0.14266839623451233, 0.9709809422492981, 0.1919417828321457, 0.02149859629571438, -0.1908399611711502, 0.9813857674598694),
            ["HumanoidRootPart"] = CFrame.new(0, 0, 0, 1, 0, 0, 0, 1, 0, 0, 0, 1),
            ["RightLowerLeg"] = CFrame.new(-1.2665987014770508e-07, 0, 3.725290298461914e-08, 1, -0.000002506184500816744, -0.0000013951280379842501, 0.000002391637053733575, 0.5121695399284363, 0.8588829636573792, -0.0000014607797993448912, -0.8588843941688538, 0.5121718645095825),
            ["LeftUpperLeg"] = CFrame.new(8.940696716308594e-08, -0.0000016596168279647827, 3.5762786865234375e-07, 0.9560118317604065, 0.15425221621990204, 0.24948644638061523, 0.0640503466129303, 0.7202446460723877, -0.6907535195350647, -0.28625011444091797, 0.6763533353805542, 0.6786869764328003),
            ["LeftLowerLeg"] = CFrame.new(-4.377216100692749e-08, -7.152557373046875e-07, 1.2665987014770508e-07, 1, 0.0000018284085854247678, 0.0000011725448985089315, -0.0000019045546650886536, 0.5073091983795166, 0.8617600798606873, 0.0000010719522833824158, -0.8617640733718872, 0.5073161125183105),
            ["1"] = CFrame.new(-0.030736446380615234, 0.027653604745864868, -0.04115462303161621, 0.9997532367706299, -0.009405779652297497, 0.02012920193374157, 0.00916807260364294, 0.9998876452445984, 0.011866803281009197, -0.020238494500517845, -0.011679356917738914, 0.9997269511222839),
            ["LowerTorso"] = CFrame.new(-0.09099709987640381, 0.4394872188568115, -0.0896696075797081, 0.9625282883644104, -0.020164184272289276, -0.2704305052757263, 0.007693280465900898, 0.998860776424408, -0.04709595814347267, 0.27107205986976624, 0.04325080290436745, 0.9615869522094727),
            ["Head"] = CFrame.new(-1.0058283805847168e-07, 3.5762786865234375e-07, -9.466020856052637e-08, 0.9516938328742981, 0.01305235456675291, 0.30677109956741333, 0.0017403422389179468, 0.9988508224487305, -0.04789760336279869, -0.3070436716079712, 0.0461178682744503, 0.950577437877655),
            ["5"] = CFrame.new(0.025256723165512085, 0.022018074989318848, -0.013139009475708008, 0.9999121427536011, -0.01078022737056017, -0.007709775120019913, 0.010643303394317627, 0.9997889399528503, -0.017574980854988098, 0.007897602394223213, 0.017482662573456764, 0.999815821647644),
            ["UpperTorso"] = CFrame.new(4.470348358154297e-08, 2.086162567138672e-07, -2.9802322387695312e-08, 0.9834599494934082, 0.02596341073513031, -0.179255411028862, 0.012468758970499039, 0.9776204824447632, 0.21000683307647705, 0.1806962788105011, -0.2087685763835907, 0.9611267447471619),
            ["4"] = CFrame.new(0.013635993003845215, 0.005747854709625244, 0.04543779790401459, 0.9993255734443665, 0.004574137274175882, 0.03643348067998886, -0.005003731232136488, 0.9999188780784607, 0.011713932268321514, -0.03637700527906418, -0.011888211593031883, 0.9992673993110657),
            ["3"] = CFrame.new(-0.02904641628265381, 0.027653604745864868, 0.02185952663421631, 0.9995196461677551, -0.030519884079694748, -0.005393950268626213, 0.03063051961362362, 0.9992937445640564, 0.021767692640423775, 0.004725724924355745, -0.021922489628195763, 0.9997485876083374),
            ["LeftUpperArm"] = CFrame.new(2.980232238769531e-07, -0.0000011920928955078125, 2.9802322387695312e-08, 0.8362447023391724, 0.17928941547870636, -0.5182370543479919, -0.15852180123329163, 0.9837296605110168, 0.08454160392284393, 0.5249435901641846, 0.01145581528544426, 0.8510482311248779),
            ["RightLowerArm"] = CFrame.new(6.556510925292969e-07, 7.748603820800781e-07, -9.685754776000977e-08, 1, 1.8626177933356303e-08, 8.754563651791614e-08, 5.35510338295353e-08, 0.62114018201828, -0.7836992740631104, -8.288768782449552e-08, 0.7836995124816895, 0.6211404800415039),
            ["LeftHand"] = CFrame.new(-6.109476089477539e-07, 0, 5.960464477539063e-08, 0.9592929482460022, 0.2508760988712311, 0.12968547642230988, -0.25828301906585693, 0.9650856256484985, 0.0435849092900753, -0.11422320455312729, -0.07530627399682999, 0.9905968904495239),
            ["2"] = CFrame.new(0.008866429328918457, 0.01712462306022644, -0.058408498764038086, 0.9998705983161926, 0.0002964874729514122, 0.016083890572190285, -0.00047421560157090425, 0.9999387860298157, 0.01105423178523779, -0.016079634428024292, -0.011060487478971481, 0.9998095631599426),
            ["MainHandle"] = CFrame.new(-0.05180000141263008, -0.08602213859558105, 0.07190000265836716, 1, 0, 0, 0, 1, 0, 0, 0, 1),
            ["RightFoot"] = CFrame.new(1.862645149230957e-09, 2.384185791015625e-07, -3.725290298461914e-09, 0.9841126799583435, -0.03695265203714371, 0.17366361618041992, 0.07194187492132187, 0.9771993160247803, -0.19976183772087097, -0.16231635212898254, 0.2090839147567749, 0.9643319249153137),
            ["RightUpperLeg"] = CFrame.new(-8.940696716308594e-08, -0.000001705484464764595, 2.7567148208618164e-07, 0.867037296295166, -0.1375838667154312, -0.4788742959499359, 0.0340946689248085, 0.9752492308616638, -0.21845752000808716, 0.4970753788948059, 0.1730881929397583, 0.8502680063247681),
            ["RightUpperArm"] = CFrame.new(0, 9.5367431640625e-07, -3.5762786865234375e-07, 0.8832600116729736, -0.309047669172287, 0.3526366949081421, 0.27694836258888245, 0.9507029056549072, 0.1395169049501419, -0.37835371494293213, -0.02556445077061653, 0.9253013134002686),
        }},
        {Time = 0.133, Data = {
            ["LeftLowerArm"] = CFrame.new(2.086162567138672e-07, 0.0000010728836059570312, -5.960464477539063e-08, 1, 7.4504846736545e-08, 1.4156297822864872e-07, 5.960464477539063e-08, 0.6755783557891846, -0.7372881174087524, -7.078051567077637e-08, 0.7372882962226868, 0.6755785942077637),
            ["LeftFoot"] = CFrame.new(-1.4435499906539917e-08, -1.7881393432617188e-07, -5.791662260890007e-08, 0.9923763871192932, 0.04274027794599533, -0.11559086292982101, -0.03821872919797897, 0.9984260201454163, 0.04104740917682648, 0.11716900765895844, -0.03631458058953285, 0.9924485087394714),
            ["RightHand"] = CFrame.new(-1.4901161193847656e-07, -4.76837158203125e-07, 1.341104507446289e-07, 0.9461057782173157, 0.280936598777771, 0.1611173450946808, -0.30709099769592285, 0.936225414276123, 0.17081217467784882, -0.10285476595163345, -0.21108436584472656, 0.9720414280891418),
            ["HumanoidRootPart"] = CFrame.new(0, 0, 0, 1, 0, 0, 0, 1, 0, 0, 0, 1),
            ["RightLowerLeg"] = CFrame.new(-1.434236764907837e-07, 3.5762786865234375e-07, -6.705522537231445e-08, 1, -6.658930260527995e-07, -5.718357556361298e-07, 7.236378110064834e-07, 0.41795614361763, 0.9084654450416565, -5.420298521130462e-07, -0.9084672331809998, 0.417959988117218),
            ["LeftUpperLeg"] = CFrame.new(0, -9.620562195777893e-07, 2.2351741790771484e-07, 0.9579640030860901, 0.20351791381835938, 0.2021937370300293, 0.0006761164986528456, 0.703184962272644, -0.7110043168067932, -0.2868877649307251, 0.6812571883201599, 0.6734912991523743),
            ["LeftLowerLeg"] = CFrame.new(2.0954757928848267e-08, 1.1920928955078125e-07, -2.337619662284851e-07, 1, -4.915016802442551e-07, -1.466846413222811e-07, 3.241003412313148e-07, 0.4003729820251465, 0.9163491725921631, -3.180467444963142e-07, -0.9163523316383362, 0.40038004517555237),
            ["1"] = CFrame.new(-0.030736446380615234, 0.027653604745864868, -0.04115462303161621, 0.9997532367706299, -0.009405779652297497, 0.02012920193374157, 0.00916807260364294, 0.9998876452445984, 0.011866803281009197, -0.020238494500517845, -0.011679356917738914, 0.9997269511222839),
            ["LowerTorso"] = CFrame.new(-0.05400983989238739, 0.5057964324951172, -0.09895655512809753, 0.9601752758026123, -0.026402708142995834, -0.27814826369285583, 0.01129753328859806, 0.9983797669410706, -0.055769916623830795, 0.27917009592056274, 0.050406575202941895, 0.9589177966117859),
            ["Head"] = CFrame.new(-1.0244548320770264e-07, 9.5367431640625e-07, -1.8998980522155762e-07, 0.9691733717918396, -0.006428161170333624, 0.24629627168178558, 0.006549082230776548, 0.9999786019325256, 0.00032828477560542524, -0.2462931126356125, 0.0012949948431923985, 0.9691946506500244),
            ["5"] = CFrame.new(0.025256723165512085, 0.022018074989318848, -0.013139009475708008, 0.9999121427536011, -0.01078022737056017, -0.007709775120019913, 0.010643303394317627, 0.9997889399528503, -0.017574980854988098, 0.007897602394223213, 0.017482662573456764, 0.999815821647644),
            ["UpperTorso"] = CFrame.new(4.470348358154297e-08, 2.384185791015625e-07, -3.725290298461914e-09, 0.9918969869613647, 0.035475533455610275, -0.12199176102876663, -0.007214086130261421, 0.9744009971618652, 0.22470173239707947, 0.12684029340744019, -0.22200101613998413, 0.9667611718177795),
            ["4"] = CFrame.new(0.013635993003845215, 0.005747854709625244, 0.04543779790401459, 0.9993256330490112, 0.004574136342853308, 0.03643333539366722, -0.005003724712878466, 0.9999188780784607, 0.0117138447239995, -0.03637688606977463, -0.011888121254742146, 0.9992674589157104),
            ["3"] = CFrame.new(-0.02904641628265381, 0.027653604745864868, 0.02185952663421631, 0.9995195865631104, -0.030519917607307434, -0.0053937118500471115, 0.030630547553300858, 0.9992937445640564, 0.021767739206552505, 0.0047255163080990314, -0.021922526881098747, 0.9997485280036926),
            ["LeftUpperArm"] = CFrame.new(2.384185791015625e-07, -4.76837158203125e-07, 0, 0.8587780594825745, 0.253135085105896, -0.4454648196697235, -0.1832302063703537, 0.9636633992195129, 0.1943759322166443, 0.4784630835056305, -0.08529708534479141, 0.8739446401596069),
            ["RightLowerArm"] = CFrame.new(0.0000011324882507324219, -4.76837158203125e-07, -6.332993507385254e-08, 1, 1.862612286629428e-08, 9.685928858971238e-08, 8.195639367158947e-08, 0.5119657516479492, -0.8590057492256165, -5.02914261346632e-08, 0.8590058088302612, 0.5119659900665283),
            ["LeftHand"] = CFrame.new(-6.258487701416016e-07, -5.960464477539063e-08, 1.1920928955078125e-07, 0.9683829545974731, 0.2415582537651062, -0.062322214245796204, -0.23169903457164764, 0.9634848237037659, 0.13421116769313812, 0.09246636927127838, -0.11552802473306656, 0.9889911413192749),
            ["2"] = CFrame.new(0.008866429328918457, 0.01712462306022644, -0.058408498764038086, 0.9998705983161926, 0.0002964774612337351, 0.016083890572190285, -0.0004742058226838708, 0.9999387860298157, 0.011054234579205513, -0.016079634428024292, -0.01106049120426178, 0.9998095631599426),
            ["MainHandle"] = CFrame.new(-0.05180000141263008, -0.08602213859558105, 0.07190000265836716, 1, 0, 0, 0, 1, 0, 0, 0, 1),
            ["RightFoot"] = CFrame.new(8.381903171539307e-09, 2.384185791015625e-07, 3.725290298461914e-08, 0.9802234172821045, -0.06160306558012962, 0.18806931376457214, 0.08988670259714127, 0.9852221608161926, -0.14579403400421143, -0.17630229890346527, 0.159820094704628, 0.9712744355201721),
            ["RightUpperLeg"] = CFrame.new(0, -0.0000017937272787094116, 2.086162567138672e-07, 0.8770641088485718, -0.1642826795578003, -0.4514131546020508, 0.02937227673828602, 0.9562869071960449, -0.2909447252750397, 0.47947466373443604, 0.24192267656326294, 0.843550443649292),
            ["RightUpperArm"] = CFrame.new(-1.1920928955078125e-07, 8.344650268554688e-07, -3.948807716369629e-07, 0.8668622970581055, -0.34952664375305176, 0.35551688075065613, 0.3054750859737396, 0.9359220266342163, 0.17532026767730713, -0.393998384475708, -0.043373048305511475, 0.9180798530578613),
        }},
        {Time = 0.167, Data = {
            ["LeftLowerArm"] = CFrame.new(-1.1920928955078125e-07, 0.000001430511474609375, -2.384185791015625e-07, 1, 0, 5.215505893829686e-08, 8.940693874137651e-08, 0.48089882731437683, -0.8767760992050171, -1.3411040811206476e-07, 0.8767761588096619, 0.480898916721344),
            ["LeftFoot"] = CFrame.new(-3.934837877750397e-08, 1.7881393432617188e-07, -1.955777406692505e-08, 0.9958527088165283, -0.04349188506603241, -0.07990720868110657, 0.03617115318775177, 0.9952041506767273, -0.09088359028100967, 0.08348040282726288, 0.08761990815401077, 0.9926505088806152),
            ["RightHand"] = CFrame.new(-3.818422555923462e-07, -8.940696716308594e-07, 0, 0.8600084781646729, 0.4252648949623108, 0.2820202708244324, -0.4670017957687378, 0.8786839246749878, 0.09911404550075531, -0.20565690100193024, -0.21694329380989075, 0.9542751908302307),
            ["HumanoidRootPart"] = CFrame.new(0, 0, 0, 1, 0, 0, 0, 1, 0, 0, 0, 1),
            ["RightLowerLeg"] = CFrame.new(-7.450580596923828e-09, -2.384185791015625e-07, 0, 1, -0.0000019492483716021525, -0.0000014137575590211782, 0.0000019855797290802, 0.34120598435401917, 0.9399871230125427, -0.0000014067627489566803, -0.9399885535240173, 0.3412099778652191),
            ["LeftUpperLeg"] = CFrame.new(2.086162567138672e-07, -0.0000014863908290863037, 2.980232238769531e-07, 0.9538160562515259, 0.26120084524154663, 0.1483483910560608, -0.07762008160352707, 0.6913897395133972, -0.7182992696762085, -0.290189653635025, 0.6736130118370056, 0.6797344088554382),
            ["LeftLowerLeg"] = CFrame.new(1.955777406692505e-08, -1.1920928955078125e-07, -1.4435499906539917e-07, 1, -0.000001906633542603231, -0.000001209799734169792, 0.0000016209671684919158, 0.30645498633384705, 0.95188307762146, -0.0000013359823469727417, -0.9518851637840271, 0.30646151304244995),
            ["1"] = CFrame.new(-0.030736446380615234, 0.027653604745864868, -0.04115462303161621, 0.9997532367706299, -0.009405779652297497, 0.02012920193374157, 0.00916807260364294, 0.9998876452445984, 0.011866803281009197, -0.020238494500517845, -0.011679356917738914, 0.9997269511222839),
            ["LowerTorso"] = CFrame.new(-0.017128270119428635, 0.5559937953948975, -0.10491210967302322, 0.9570384621620178, -0.0351693369448185, -0.28782039880752563, 0.015460645779967308, 0.9973945021629333, -0.07046491652727127, 0.28954869508743286, 0.06298782676458359, 0.9550885558128357),
            ["Head"] = CFrame.new(-8.195638656616211e-08, 7.152557373046875e-07, -2.8312206268310547e-07, 0.982611894607544, -0.025404082611203194, 0.18392550945281982, 0.015174530446529388, 0.9982694983482361, 0.05681366100907326, -0.18505050241947174, -0.053034670650959015, 0.9812968969345093),
            ["5"] = CFrame.new(0.025256723165512085, 0.022018074989318848, -0.013139009475708008, 0.9999121427536011, -0.01078022737056017, -0.007709775120019913, 0.010643303394317627, 0.9997889399528503, -0.017574980854988098, 0.007897602394223213, 0.017482662573456764, 0.999815821647644),
            ["UpperTorso"] = CFrame.new(3.585591912269592e-08, 8.940696716308594e-08, 2.514570951461792e-08, 0.9970853328704834, 0.048062968999147415, -0.059251606464385986, -0.031840283423662186, 0.967897891998291, 0.24931907653808594, 0.06933252513408661, -0.24670593440532684, 0.9666070938110352),
            ["4"] = CFrame.new(0.013635993003845215, 0.005747854709625244, 0.04543779790401459, 0.9993255734443665, 0.004574137274175882, 0.03643348067998886, -0.005003731232136488, 0.9999188780784607, 0.011713932268321514, -0.03637700527906418, -0.011888211593031883, 0.9992673993110657),
            ["3"] = CFrame.new(-0.02904641628265381, 0.027653604745864868, 0.02185952663421631, 0.9995196461677551, -0.030519573017954826, -0.0053937118500471115, 0.03063020668923855, 0.9992937445640564, 0.021768081933259964, 0.0047255163080990314, -0.021922867745161057, 0.9997485280036926),
            ["LeftUpperArm"] = CFrame.new(3.5762786865234375e-07, -7.152557373046875e-07, -1.4901161193847656e-07, 0.897962749004364, 0.29574689269065857, -0.32589492201805115, -0.21363355219364166, 0.9403603672981262, 0.2647412419319153, 0.38473859429359436, -0.16809600591659546, 0.9075818061828613),
            ["RightLowerArm"] = CFrame.new(2.980232238769531e-07, -5.960464477539062e-07, -2.0116567611694336e-07, 1, 2.9801753953506704e-08, 8.195802081445436e-08, 7.823111758398227e-08, 0.44641461968421936, -0.8948262333869934, -6.007032027355308e-08, 0.8948262929916382, 0.4464147388935089),
            ["LeftHand"] = CFrame.new(-5.364418029785156e-07, 1.1920928955078125e-07, 1.7881393432617188e-07, 0.9475603103637695, 0.1626271903514862, -0.2751035988330841, -0.1259501874446869, 0.9812021255493164, 0.14621511101722717, 0.2937107980251312, -0.10389842838048935, 0.9502311944961548),
            ["2"] = CFrame.new(0.008866429328918457, 0.01712462306022644, -0.058408498764038086, 0.9998705983161926, 0.0002964774612337351, 0.016083890572190285, -0.0004742058226838708, 0.9999387860298157, 0.011054234579205513, -0.016079634428024292, -0.01106049120426178, 0.9998095631599426),
            ["MainHandle"] = CFrame.new(-0.05180000141263008, -0.08602213859558105, 0.07190000265836716, 1, 0, 0, 0, 1, 0, 0, 0, 1),
            ["RightFoot"] = CFrame.new(4.842877388000488e-08, 2.384185791015625e-07, -1.4901161193847656e-07, 0.9725338220596313, -0.08600369840860367, 0.21629805862903595, 0.1093311533331871, 0.9891319274902344, -0.09830020368099213, -0.20548635721206665, 0.11925358325242996, 0.9713661074638367),
            ["RightUpperLeg"] = CFrame.new(-1.1920928955078125e-07, -0.0000018710270524024963, 3.2782554626464844e-07, 0.8861553072929382, -0.1920032948255539, -0.42174339294433594, 0.03612958639860153, 0.9359788298606873, -0.35019126534461975, 0.4619778096675873, 0.2950904965400696, 0.8363602757453918),
            ["RightUpperArm"] = CFrame.new(0, 0.0000011920928955078125, -3.6135315895080566e-07, 0.8614680171012878, -0.3849477171897888, 0.33120763301849365, 0.3397580087184906, 0.9216379523277283, 0.18748435378074646, -0.3774087727069855, -0.04897715151309967, 0.9247437715530396),
        }},
        {Time = 0.200, Data = {
            ["LeftLowerArm"] = CFrame.new(-1.1920928955078125e-07, 0.0000010132789611816406, -5.960464477539063e-08, 1, 1.490085566047128e-08, 8.940884299590834e-08, 7.450579886381092e-08, 0.3979092240333557, -0.9174247980117798, -1.0430811414607888e-07, 0.9174247980117798, 0.3979092836380005),
            ["LeftFoot"] = CFrame.new(-2.1653249859809875e-08, 0, 2.60770320892334e-08, 0.9916098117828369, -0.12377946823835373, -0.03726692870259285, 0.1138695552945137, 0.9728665351867676, -0.20140163600444794, 0.061187416315078735, 0.19547197222709656, 0.97879958152771),
            ["RightHand"] = CFrame.new(-1.825392246246338e-07, -4.76837158203125e-07, 1.1920928955078125e-07, 0.8125789165496826, 0.495753675699234, 0.3065025508403778, -0.5274081826210022, 0.8492558002471924, 0.02459728717803955, -0.24810492992401123, -0.18163946270942688, 0.9515519738197327),
            ["HumanoidRootPart"] = CFrame.new(0, 0, 0, 1, 0, 0, 0, 1, 0, 0, 0, 1),
            ["RightLowerLeg"] = CFrame.new(1.862645149230957e-08, -1.7881393432617188e-07, 2.9802322387695312e-08, 1, -0.000002529459379729815, -0.000001920399654409266, 0.000002574175823610858, 0.2967278063297272, 0.9549610614776611, -0.000002019107569140033, -0.9549621343612671, 0.29673147201538086),
            ["LeftUpperLeg"] = CFrame.new(2.682209014892578e-07, -0.0000016801059246063232, 2.384185791015625e-07, 0.9439738392829895, 0.31607091426849365, 0.09492966532707214, -0.15580885112285614, 0.6804026365280151, -0.7160838842391968, -0.29092472791671753, 0.6611743569374084, 0.6915289163589478),
            ["LeftLowerLeg"] = CFrame.new(0, -1.1920928955078125e-07, -8.940696716308594e-08, 1, -8.46798059228604e-07, -5.741653694713023e-07, 7.119961082935333e-07, 0.22725622355937958, 0.9738338589668274, -6.877817213535309e-07, -0.9738350510597229, 0.22726128995418549),
            ["1"] = CFrame.new(-0.030736446380615234, 0.027653604745864868, -0.04115462303161621, 0.9997531771659851, -0.009405740536749363, 0.02012905292212963, 0.009168034419417381, 0.9998876452445984, 0.011866849847137928, -0.02023831196129322, -0.011679405346512794, 0.9997269511222839),
            ["LowerTorso"] = CFrame.new(0.01375606656074524, 0.5761432647705078, -0.10703055560588837, 0.9538838863372803, -0.04510951042175293, -0.29676732420921326, 0.018660370260477066, 0.9956429600715637, -0.0913616344332695, 0.29959556460380554, 0.08161059767007828, 0.9505693912506104),
            ["Head"] = CFrame.new(-1.4901161193847656e-07, 0.0000011920928955078125, -4.842877388000488e-08, 0.9920184016227722, -0.032565657049417496, 0.12181559950113297, 0.020322317257523537, 0.9947364330291748, 0.10043184459209442, -0.12444496154785156, -0.09715447574853897, 0.9874586462974548),
            ["5"] = CFrame.new(0.025256723165512085, 0.022018074989318848, -0.013139009475708008, 0.9999121427536011, -0.01078022737056017, -0.007709775120019913, 0.010643303394317627, 0.9997889399528503, -0.017574980854988098, 0.007897602394223213, 0.017482662573456764, 0.999815821647644),
