return {
    ["Rock"] = {
        {Time = 0.000, Data = {
            ["RightFoot"] = CFrame.new(-4.244793672114611e-08, 4.76837158203125e-07, -9.511131793260574e-08, 0.9876576066017151, 0.08247940987348557, -0.1331532895565033, -0.12258876115083694, 0.9362050294876099, -0.32938113808631897, 0.097491554915905, 0.34163910150527954, 0.934761106967926),
            ["LeftLowerArm"] = CFrame.new(-2.9802322387695312e-08, 1.1920928955078125e-07, -1.1175870895385742e-08, 1, 2.7939670577126208e-09, 1.1408699762682772e-08, -2.3283064365386963e-09, 0.9988502860069275, -0.04793916642665863, -1.30385160446167e-08, 0.047939058393239975, 0.9988502860069275),
            ["RightUpperArm"] = CFrame.new(-5.960464477539063e-08, 0, 3.725290298461914e-09, 0.9959383606910706, -0.06887819617986679, 0.05798858031630516, 0.06896656006574631, 0.9976188540458679, 0.0004785358614753932, -0.05788346007466316, 0.003522680141031742, 0.9983171820640564),
            ["Head"] = CFrame.new(5.820766091346741e-11, 0, 1.5925252228043973e-09, 0.9996199011802673, -0.0008823362295515835, 0.027555815875530243, 0.0007917606853879988, 0.9999942779541016, 0.0032978232484310865, -0.027558568865060806, -0.0032746526412665844, 0.9996148347854614),
            ["RightHand"] = CFrame.new(7.450580596923828e-09, 1.1920928955078125e-07, 1.1175870895385742e-08, 0.995887815952301, -0.018640553578734398, -0.08865654468536377, 0.004804065451025963, 0.988092303276062, -0.1537875086069107, 0.09046751260757446, 0.15272916853427887, 0.984118640422821),
            ["UpperTorso"] = CFrame.new(-1.787157088983804e-10, 3.8743019104003906e-07, 7.562448445241898e-10, 0.999722421169281, -0.0007245193119160831, -0.02355083078145981, 0.0005676418077200651, 0.9999776482582092, -0.006667234003543854, 0.023555131629109383, 0.006652014330029488, 0.9997004866600037),
            ["HumanoidRootPart"] = CFrame.new(0, 0, 0, 1, 0, 0, 0, 1, 0, 0, 0, 1),
            ["RightUpperLeg"] = CFrame.new(2.9802322387695312e-08, 6.039481377229095e-07, 7.566995918750763e-10, 0.9893905520439148, -0.10428790003061295, -0.10114569962024689, 0.0021111909300088882, 0.706457257270813, -0.7077526450157166, 0.14526517689228058, 0.7000302076339722, 0.6991821527481079),
            ["LeftUpperArm"] = CFrame.new(-5.960464477539063e-08, 0, 2.7939677238464355e-09, 0.9891066551208496, 0.06885884702205658, -0.13010172545909882, -0.06397625803947449, 0.9970945119857788, 0.04134787246584892, 0.13257087767124176, -0.032574042677879333, 0.9906381964683533),
            ["RightLowerArm"] = CFrame.new(-8.940696716308594e-08, -1.1920928955078125e-07, 1.862645149230957e-09, 1, 6.984919309616089e-10, -4.656613428188905e-10, 4.903995431959629e-09, 0.9986894130706787, -0.05118118226528168, 2.168235369026661e-09, 0.05118116736412048, 0.9986894726753235),
            ["LeftHand"] = CFrame.new(1.5832483768463135e-07, 1.1920928955078125e-07, 2.0489096641540527e-08, 0.9758556485176086, -0.003325824625790119, 0.21839140355587006, 0.0024618019815534353, 0.9999880194664001, 0.004228347446769476, -0.21840280294418335, -0.003588485298678279, 0.9758521318435669),
            ["LeftFoot"] = CFrame.new(-3.675792470403394e-08, -1.1920928955078125e-07, -1.3096723705530167e-10, 0.9999995827674866, 0.0009299195371568203, 0.000447435537353158, -0.0009284999105148017, 0.9999945759773254, -0.003161132801324129, -0.0004503738891799003, 0.0031606554985046387, 0.9999949336051941),
            ["LowerTorso"] = CFrame.new(-0.0016283274162560701, -0.0005085468292236328, 0, 0.9999908208847046, 0.0015429083723574877, -0.003998868633061647, -0.001529485685750842, 0.9999932050704956, 0.0033575210254639387, 0.0040040211752057076, -0.0033513735979795456, 0.999986469745636),
            ["RightLowerLeg"] = CFrame.new(1.6763806343078613e-08, -0.000014901161193847656, -0.000035176228266209364, 1, -1.488951681949402e-07, -1.391163948483154e-07, 1.658918336033821e-07, 0.11407604068517685, 0.9934720396995544, -1.0902294889092445e-07, -0.9934720396995544, 0.11407659947872162),
            ["LeftUpperLeg"] = CFrame.new(-5.960464477539063e-08, 3.733221092261374e-07, -2.3283064365386963e-10, 0.999990701675415, -0.002452636370435357, 0.0035610173363238573, 0.002471320331096649, 0.9999832510948181, -0.005252025090157986, -0.0035480752121657133, 0.005260779056698084, 0.9999798536300659),
            ["LeftLowerLeg"] = CFrame.new(-6.288814802246634e-09, 0.000015735626220703125, 0.000035069300793111324, 1, 1.8906121113104746e-10, 1.0322763477343955e-10, -6.068034963391256e-10, 0.9999872446060181, 0.005060684867203236, 2.070237314910628e-10, -0.005060628056526184, 0.9999871850013733),
        }},
        {Time = 0.017, Data = {
            ["RightFoot"] = CFrame.new(-3.880268195644021e-08, 1.7881393432617188e-07, 4.857429303228855e-08, 0.9915322661399841, 0.07197479158639908, -0.10808965563774109, -0.10180071741342545, 0.9475799798965454, -0.30286774039268494, 0.08062475919723511, 0.3113068640232086, 0.9468832015991211),
            ["LeftLowerArm"] = CFrame.new(-8.940696716308594e-08, 2.980232238769531e-07, 2.9802322387695312e-08, 1, 9.080393326144076e-09, 2.316664549084635e-08, -9.313224857976365e-09, 0.9988152980804443, -0.04866211116313934, -8.381902283360887e-09, 0.04866200312972069, 0.9988153576850891),
            ["RightUpperArm"] = CFrame.new(0, 3.5762786865234375e-07, 2.7939677238464355e-09, 0.9961650371551514, -0.07460403442382812, 0.04571235179901123, 0.07325456291437149, 0.9968462586402893, 0.030519569292664528, -0.047845061868429184, -0.02705388143658638, 0.9984884262084961),
            ["Head"] = CFrame.new(-2.9103830456733704e-10, 3.5762786865234375e-07, 2.472006599418819e-09, 0.9992170333862305, -0.00022904509387444705, 0.039565812796354294, 0.0004844325303565711, 0.9999790787696838, -0.006445187143981457, -0.039563506841659546, 0.006459406577050686, 0.9991962313652039),
            ["RightHand"] = CFrame.new(-1.4726538211107254e-07, -5.960464477539063e-08, -1.3969838619232178e-09, 0.9949437379837036, -0.037943147122859955, -0.09299082309007645, 0.028944160789251328, 0.9949334859848022, -0.09627937525510788, 0.09617281705141068, 0.09310098737478256, 0.9910010099411011),
            ["UpperTorso"] = CFrame.new(6.257323548197746e-10, -5.960464477539063e-08, -2.8994691092520952e-09, 0.9995761513710022, -0.0023005646653473377, -0.029021916911005974, 0.002247502561658621, 0.999995768070221, -0.001860841060988605, 0.02902606502175331, 0.0017948239110410213, 0.9995771050453186),
            ["HumanoidRootPart"] = CFrame.new(0, 0, 0, 1, 0, 0, 0, 1, 0, 0, 0, 1),
            ["RightUpperLeg"] = CFrame.new(0, 2.1042069420218468e-07, -2.153683453798294e-09, 0.9906051754951477, -0.09112226217985153, -0.10197106003761292, 0.004119586665183306, 0.7652048468589783, -0.6437739729881287, 0.1366908848285675, 0.637305498123169, 0.7583910226821899),
            ["LeftUpperArm"] = CFrame.new(0, 3.5762786865234375e-07, 9.313225746154785e-10, 0.9895560145378113, 0.05531107634305954, -0.13311544060707092, -0.05082029104232788, 0.9980257749557495, 0.036903101950883865, 0.1348937749862671, -0.029752708971500397, 0.9904133677482605),
            ["RightLowerArm"] = CFrame.new(2.9802322387695312e-08, 1.1920928955078125e-07, 9.313225746154785e-10, 1, -3.055902197957039e-10, -9.313225746154785e-10, -1.1292286217212677e-08, 0.9986892938613892, -0.051182858645915985, -2.3283064365386963e-10, 0.051182862371206284, 0.9986892938613892),
            ["LeftHand"] = CFrame.new(-6.891787052154541e-08, 1.1920928955078125e-07, -1.862645149230957e-09, 0.9760223627090454, -0.0034832865931093693, 0.21764269471168518, 0.002559803891927004, 0.9999865293502808, 0.004524927120655775, -0.2176554799079895, -0.0038591697812080383, 0.9760180711746216),
            ["LeftFoot"] = CFrame.new(1.2908571989100892e-09, 5.960464477539063e-08, -6.693881005048752e-10, 0.9999969005584717, 0.0019682920537889004, -0.0015542428009212017, -0.0020788589026778936, 0.9972061514854431, -0.07467102259397507, 0.001402930123731494, 0.07467397302389145, 0.9972071051597595),
            ["LowerTorso"] = CFrame.new(-0.0034579187631607056, -0.0063343048095703125, 0, 0.99993896484375, 0.0032847444526851177, -0.010548790916800499, -0.003197865793481469, 0.9999610185623169, 0.008242171257734299, 0.010575452819466591, -0.008207935839891434, 0.9999104142189026),
            ["RightLowerLeg"] = CFrame.new(6.658956408500671e-08, -0.000014781951904296875, -0.0000352023052982986, 1, -1.5960536359216349e-07, -8.847566590475253e-08, 1.31665743197118e-07, 0.2808578610420227, 0.9597494006156921, -1.1466910621038551e-07, -0.9597493410110474, 0.28085818886756897),
            ["LeftUpperLeg"] = CFrame.new(0, 4.3339241528883576e-07, -2.3283064365386963e-10, 0.9999131560325623, -0.00418307539075613, 0.012502430006861687, 0.005265719722956419, 0.9961192607879639, -0.08785641193389893, -0.012086405418813229, 0.08791458606719971, 0.9960547685623169),
            ["LeftLowerLeg"] = CFrame.new(-6.853952072560787e-09, 0.00001531839370727539, 0.0000350618502125144, 1, 1.4129911463101053e-08, 1.135049498834917e-09, -1.284934114664793e-08, 0.9880868196487427, 0.15389768779277802, 8.149072527885437e-10, -0.15389764308929443, 0.9880868792533875),
        }},
        {Time = 0.033, Data = {
            ["RightFoot"] = CFrame.new(-2.584420144557953e-08, 4.172325134277344e-07, 3.637978807091713e-09, 0.997530996799469, 0.04931732267141342, -0.04999769479036331, -0.061970531940460205, 0.9530841112136841, -0.2962941825389862, 0.03303954377770424, 0.29866114258766174, 0.9537872672080994),
            ["LeftLowerArm"] = CFrame.new(-1.1920928955078125e-07, 2.980232238769531e-07, 1.4901161193847656e-08, 1, 1.0244544768056585e-08, 2.037267854415603e-10, -5.587934559514451e-09, 0.9987132549285889, -0.05071285739541054, -1.1874361049990512e-08, 0.05071274936199188, 0.9987133145332336),
            ["RightUpperArm"] = CFrame.new(5.960464477539063e-08, 0, -4.6566128730773926e-09, 0.9961344599723816, -0.08558379858732224, 0.019785074517130852, 0.08440613001585007, 0.9949565529823303, 0.05419619753956795, -0.024323612451553345, -0.05231672152876854, 0.9983342885971069),
            ["Head"] = CFrame.new(0, -2.384185791015625e-07, 1.2369127944111824e-09, 0.998629093170166, 0.00142560841049999, 0.052324600517749786, -0.0005509643233381212, 0.9998599886894226, -0.016726255416870117, -0.052341118454933167, 0.016674593091011047, 0.9984901547431946),
            ["RightHand"] = CFrame.new(-4.6566128730773926e-09, 1.7881393432617188e-07, 3.725290298461914e-09, 0.9927584528923035, -0.05469920113682747, -0.10695156455039978, 0.05022620037198067, 0.9977647066116333, -0.04408024623990059, 0.10912363976240158, 0.038389258086681366, 0.993286669254303),
            ["UpperTorso"] = CFrame.new(2.6921043172478676e-10, 1.4901161193847656e-07, -8.003553375601768e-10, 0.9993786811828613, -0.0039167096838355064, -0.03502965345978737, 0.004030446521937847, 0.9999869465827942, 0.0031768502667546272, 0.03501676023006439, -0.0033160625025629997, 0.9993812441825867),
            ["HumanoidRootPart"] = CFrame.new(0, 0, 0, 1, 0, 0, 0, 1, 0, 0, 0, 1),
            ["RightUpperLeg"] = CFrame.new(-2.9802322387695312e-08, -5.154288373887539e-08, -2.153683453798294e-09, 0.9924001693725586, -0.07492036372423172, -0.09761568158864975, 0.006257753819227219, 0.8229866623878479, -0.5680263042449951, 0.12289314717054367, 0.5630984902381897, 0.8172009587287903),
            ["LeftUpperArm"] = CFrame.new(5.960464477539063e-08, -1.1920928955078125e-07, -3.725290298461914e-09, 0.9890599250793457, 0.04454416781663895, -0.1406288743019104, -0.04123031720519066, 0.998801052570343, 0.02639222890138626, 0.14163585007190704, -0.020305320620536804, 0.9897105693817139),
            ["RightLowerArm"] = CFrame.new(-1.1920928955078125e-07, 0, 1.862645149230957e-08, 1, -9.371433407068253e-09, -3.4924596548080444e-10, 5.471520125865936e-09, 0.9986887574195862, -0.05119461938738823, 0, 0.05119461938738823, 0.9986886978149414),
            ["LeftHand"] = CFrame.new(-1.2665987014770508e-07, 2.384185791015625e-07, 2.7939677238464355e-08, 0.9764452576637268, -0.0038753515109419823, 0.21573083102703094, 0.002908270340412855, 0.9999842643737793, 0.00480005145072937, -0.21574600040912628, -0.004059441387653351, 0.9764410853385925),
            ["LeftFoot"] = CFrame.new(2.0765583030879498e-08, -5.960464477539063e-08, -2.3283064365386963e-10, 0.999970018863678, 0.0030311725568026304, -0.007139942608773708, -0.0037534325383603573, 0.9946305751800537, -0.10342174023389816, 0.006788111291825771, 0.10344546288251877, 0.9946120381355286),
            ["LowerTorso"] = CFrame.new(-0.0053702774457633495, -0.011615633964538574, 0, 0.999836266040802, 0.005136423744261265, -0.01735236868262291, -0.004904164467006922, 0.9998981952667236, 0.01340100821107626, 0.01741943508386612, -0.01331371534615755, 0.9997596144676208),
            ["RightLowerLeg"] = CFrame.new(-9.825453162193298e-08, -0.0000152587890625, -0.00003526563523337245, 1, -1.3131645459907304e-07, -6.6705986512261e-08, 1.3993121683597565e-07, 0.4552500545978546, 0.8903635740280151, -8.09086486697197e-08, -0.8903635740280151, 0.45525026321411133),
            ["LeftUpperLeg"] = CFrame.new(-2.9802322387695312e-08, -1.3339013094082475e-07, -1.862645149230957e-09, 0.9996669292449951, -0.00520646246150136, 0.02527688629925251, 0.008262205868959427, 0.9924544095993042, -0.12233627587556839, -0.02444920875132084, 0.12250438332557678, 0.9921668767929077),
            ["LeftLowerLeg"] = CFrame.new(5.454057827591896e-08, 0.00001519918441772461, 0.00003508082590997219, 1, 1.7869751900434494e-08, 3.259629011154175e-09, -1.8801074475049973e-08, 0.9774008989334106, 0.21139445900917053, 2.735760062932968e-09, -0.2113945037126541, 0.9774008989334106),
        }},
        {Time = 0.050, Data = {
            ["RightFoot"] = CFrame.new(-5.8964360505342484e-08, 4.172325134277344e-07, -1.4348188415169716e-08, 0.9994999170303345, 0.028359882533550262, 0.013990050181746483, -0.023128647357225418, 0.9572954773902893, -0.2881847620010376, -0.021565508097410202, 0.28771722316741943, 0.9574726223945618),
            ["LeftLowerArm"] = CFrame.new(-5.960464477539063e-08, 3.5762786865234375e-07, -7.450580596923828e-09, 1, 6.984918421437669e-09, -2.3166652596273707e-08, -8.381904059717726e-09, 0.9985456466674805, -0.05391418933868408, 3.026798811589515e-09, 0.05391407012939453, 0.9985456466674805),
            ["RightUpperArm"] = CFrame.new(-5.960464477539063e-08, -2.384185791015625e-07, -4.656612873077393e-10, 0.9953600764274597, -0.09600527584552765, -0.006430846638977528, 0.09621824324131012, 0.9926619529724121, 0.07324209064245224, -0.0006479551084339619, -0.07352101057767868, 0.9972934722900391),
            ["Head"] = CFrame.new(-1.7462298274040222e-10, -2.384185791015625e-07, -3.41970007866621e-10, 0.9978707432746887, 0.003935046028345823, 0.06510482728481293, -0.002173034707084298, 0.9996300339698792, -0.027112837880849838, -0.06518743187189102, 0.026913728564977646, 0.9975100755691528),
            ["RightHand"] = CFrame.new(1.257285475730896e-07, 0, 0, 0.9892931580543518, -0.06839846819639206, -0.12892182171344757, 0.06929808109998703, 0.9975929260253906, 0.0024999307934194803, 0.1284404695034027, -0.011407185345888138, 0.991651713848114),
            ["UpperTorso"] = CFrame.new(-8.294591680169106e-10, -2.086162567138672e-07, -2.291926648467779e-09, 0.9991315603256226, -0.005558422300964594, -0.04129519686102867, 0.005903226789087057, 0.9999487996101379, 0.008232532069087029, 0.04124731570482254, -0.008469153195619583, 0.999113142490387),
            ["HumanoidRootPart"] = CFrame.new(0, 0, 0, 1, 0, 0, 0, 1, 0, 0, 0, 1),
            ["RightUpperLeg"] = CFrame.new(-2.9802322387695312e-08, -3.56289092451334e-07, -7.566995918750763e-10, 0.9943790435791016, -0.058847300708293915, -0.08801982551813126, 0.008653535507619381, 0.8737083077430725, -0.48637330532073975, 0.1055254116654396, 0.48287758231163025, 0.8693063259124756),
            ["LeftUpperArm"] = CFrame.new(-5.960464477539063e-08, -2.384185791015625e-07, 3.725290298461914e-09, 0.9878097176551819, 0.036030687391757965, -0.1514396369457245, -0.034739572554826736, 0.9993340969085693, 0.011163635179400444, 0.15174101293087006, -0.005766595713794231, 0.9884034991264343),
            ["RightLowerArm"] = CFrame.new(-5.960464477539063e-08, -5.960464477539063e-08, -7.450580596923828e-09, 1, 6.984919309616089e-10, 5.587935447692871e-09, 7.916241884231567e-09, 0.9986870884895325, -0.05122660845518112, 6.51925802230835e-09, 0.05122661963105202, 0.9986870884895325),
            ["LeftHand"] = CFrame.new(3.725290298461914e-09, 1.1920928955078125e-07, -7.450580596923828e-09, 0.9770916104316711, -0.004478208255022764, 0.21277208626270294, 0.003482406260445714, 0.999981164932251, 0.0050546880811452866, -0.21279063820838928, -0.0041977944783866405, 0.9770888090133667),
            ["LeftFoot"] = CFrame.new(6.729624146828428e-08, -1.7881393432617188e-07, -6.577465683221817e-09, 0.9998728036880493, 0.0040987166576087475, -0.015417411923408508, -0.005972709506750107, 0.9923214316368103, -0.12354230135679245, 0.01479268353432417, 0.1236187145113945, 0.9922196269035339),
            ["LowerTorso"] = CFrame.new(-0.007348555605858564, -0.01631474494934082, 0, 0.9996877908706665, 0.0070817358791828156, -0.023961683735251427, -0.006636326666921377, 0.999804675579071, 0.01861712336540222, 0.024088844656944275, -0.018452294170856476, 0.9995394945144653),
            ["RightLowerLeg"] = CFrame.new(3.864988684654236e-08, -0.000014841556549072266, -0.00003510544775053859, 1, -1.1897648732883681e-07, -4.982576840006914e-08, 1.1199153959751129e-07, 0.6158789992332458, 0.7878404259681702, -7.601920515298843e-08, -0.7878408432006836, 0.6158794164657593),
            ["LeftUpperLeg"] = CFrame.new(0, -3.17930243909359e-07, -1.862645149230957e-09, 0.9991620182991028, -0.005548506509512663, 0.04055260494351387, 0.011463253758847713, 0.9890530705451965, -0.14711469411849976, -0.03929241746664047, 0.14745627343654633, 0.9882878661155701),
            ["LeftLowerLeg"] = CFrame.new(2.6775524020195007e-09, 0.000015139579772949219, 0.000035089440643787384, 1, 2.1420424545226524e-08, 1.862645593320167e-09, -2.2351738238057806e-08, 0.9681022763252258, 0.25055545568466187, -4.074535708831206e-10, -0.25055545568466187, 0.9681023359298706),
        }},
        {Time = 0.067, Data = {
            ["RightFoot"] = CFrame.new(-3.1483068596571684e-08, 6.556510925292969e-07, -1.2223608791828156e-09, 0.9984170198440552, 0.01708763837814331, 0.05358802154660225, -0.0021740305237472057, 0.9637479782104492, -0.26680561900138855, -0.056204427033662796, 0.26626676321029663, 0.9622594714164734),
            ["LeftLowerArm"] = CFrame.new(0, -5.960464477539063e-08, 1.4901161193847656e-08, 1, 7.450577932388569e-09, 1.5250403606614782e-08, -9.313225746154785e-09, 0.998311460018158, -0.05808872729539871, -1.2747477740049362e-08, 0.05808861553668976, 0.9983114004135132),
            ["RightUpperArm"] = CFrame.new(0, 2.384185791015625e-07, -2.7474015951156616e-08, 0.9947587847709656, -0.10049024224281311, -0.0188863817602396, 0.10178929567337036, 0.9907479882240295, 0.08976380527019501, 0.009691239334642887, -0.09121577441692352, 0.9957841038703918),
            ["Head"] = CFrame.new(4.656612873077393e-10, 2.384185791015625e-07, -1.6720150597393513e-08, 0.9969840049743652, 0.007130455691367388, 0.07727909088134766, -0.004261876456439495, 0.9992980360984802, -0.03722119703888893, -0.07749024033546448, 0.036779675632715225, 0.996314525604248),
            ["RightHand"] = CFrame.new(8.475035429000854e-08, 0, 2.9802322387695312e-08, 0.9844045639038086, -0.07882060110569, -0.1572740226984024, 0.08662641793489456, 0.9952951073646545, 0.043399740010499954, 0.15311329066753387, -0.05634698271751404, 0.9866009950637817),
            ["UpperTorso"] = CFrame.new(5.820766091346741e-11, -1.1920928955078125e-07, 9.74978320300579e-10, 0.9988420605659485, -0.007214321754872799, -0.0475664846599102, 0.00784666370600462, 0.999883234500885, 0.01312057301402092, 0.04746624827384949, -0.013478612527251244, 0.9987819790840149),
            ["HumanoidRootPart"] = CFrame.new(0, 0, 0, 1, 0, 0, 0, 1, 0, 0, 0, 1),
            ["RightUpperLeg"] = CFrame.new(5.960464477539063e-08, 2.3827305994927883e-07, 3.899913281202316e-09, 0.9962080121040344, -0.045954953879117966, -0.07387641072273254, 0.01138906367123127, 0.9106957912445068, -0.412920743227005, 0.08625467121601105, 0.41051357984542847, 0.9077658653259277),
            ["LeftUpperArm"] = CFrame.new(-5.960464477539063e-08, 0, -1.1175870895385742e-08, 0.9859621524810791, 0.02924385480582714, -0.16438820958137512, -0.03087651915848255, 0.9994959831237793, -0.007384789176285267, 0.16408933699131012, 0.01235685870051384, 0.9863680601119995),
            ["RightLowerArm"] = CFrame.new(2.9802322387695312e-08, 5.960464477539063e-08, -2.2351741790771484e-08, 1, 4.190951585769653e-09, 9.778887921640944e-09, 5.587935447692871e-09, 0.9986838698387146, -0.05128900706768036, -9.313225746154785e-10, 0.05128899961709976, 0.9986839294433594),
            ["LeftHand"] = CFrame.new(-6.705522537231445e-08, 1.1920928955078125e-07, 5.029141902923584e-08, 0.9779267907142639, -0.005268415901809931, 0.20888152718544006, 0.004257437773048878, 0.9999769926071167, 0.005289292894303799, -0.20890456438064575, -0.004283098038285971, 0.9779266715049744),
            ["LeftFoot"] = CFrame.new(-2.5610461307223886e-08, 5.960464477539063e-08, 7.275957614183426e-10, 0.9996618032455444, 0.0051604690961539745, -0.02549143321812153, -0.008644812740385532, 0.9903202652931213, -0.13853174448013306, 0.02452980726957321, 0.13870517909526825, 0.9900298714637756),
            ["LowerTorso"] = CFrame.new(-0.009376585483551025, -0.020393967628479004, 0, 0.9995085000991821, 0.009098763577640057, -0.02999882958829403, -0.00838916003704071, 0.9996840357780457, 0.02369597554206848, 0.030204953625798225, -0.023432664573192596, 0.9992690086364746),
            ["RightLowerLeg"] = CFrame.new(5.21540641784668e-08, -0.000014901161193847656, -0.00003520603058859706, 1, -1.0011717677116394e-07, -4.4703490686970326e-08, 1.0803341865539551e-07, 0.7371625900268555, 0.6757151484489441, -4.21423465013504e-08, -0.6757153868675232, 0.7371628284454346),
            ["LeftUpperLeg"] = CFrame.new(-2.9802322387695312e-08, 1.5863042790442705e-07, 3.725290298461914e-09, 0.9983572363853455, -0.005428830161690712, 0.057039517909288406, 0.014851872809231281, 0.985995888710022, -0.16610710322856903, -0.05533897131681442, 0.1666814237833023, 0.9844567179679871),
            ["LeftLowerLeg"] = CFrame.new(-1.0477378964424133e-08, 0.00001531839370727539, 0.00003505870699882507, 1, 2.2118912923474454e-08, 8.323696398804259e-09, -2.5727786123752594e-08, 0.9602620005607605, 0.2791004776954651, 4.773028194904327e-09, -0.2791004478931427, 0.9602619409561157),
        }},
        {Time = 0.083, Data = {
            ["RightFoot"] = CFrame.new(-1.1761585483327508e-08, 3.5762786865234375e-07, -5.820766091346741e-11, 0.997769832611084, 0.013216610997915268, 0.06542757898569107, 0.0027830314356833696, 0.9711116552352905, -0.2386092096567154, -0.06669110059738159, 0.23825936019420624, 0.9689092040061951),
            ["LeftLowerArm"] = CFrame.new(-2.9802322387695312e-08, -2.384185791015625e-07, -3.725290298461914e-09, 1, 6.053595402732981e-09, -6.344635039567947e-09, -9.313225746154785e-09, 0.9980098605155945, -0.06305906921625137, -3.5011908039450645e-08, 0.06305895745754242, 0.9980098009109497),
            ["RightUpperArm"] = CFrame.new(5.960464477539063e-08, -1.1920928955078125e-07, -5.587935447692871e-09, 0.9954543113708496, -0.09414965659379959, -0.014371400699019432, 0.09514252841472626, 0.9898783564567566, 0.10530293732881546, 0.004311713855713606, -0.10619161278009415, 0.9943363666534424),
            ["Head"] = CFrame.new(1.6298145055770874e-09, 1.1920928955078125e-07, -6.257323548197746e-10, 0.9960333108901978, 0.010826204903423786, 0.08832137286663055, -0.00671462481841445, 0.9988855719566345, -0.04671739786863327, -0.08872871100902557, 0.045939136296510696, 0.9949959516525269),
            ["RightHand"] = CFrame.new(-1.8440186977386475e-07, 2.384185791015625e-07, 4.470348358154297e-08, 0.9779314398765564, -0.08598185330629349, -0.1904136836528778, 0.10251600295305252, 0.9916101098060608, 0.07873981446027756, 0.18204592168331146, -0.09652256965637207, 0.9785411357879639),
            ["UpperTorso"] = CFrame.new(-3.725290298461914e-09, 2.9802322387695312e-08, -1.6007106751203537e-09, 0.9985220432281494, -0.008876613341271877, -0.05361894890666008, 0.009837482124567032, 0.9997952580451965, 0.017683058977127075, 0.05345100164413452, -0.018184399232268333, 0.9984049201011658),
            ["HumanoidRootPart"] = CFrame.new(0, 0, 0, 1, 0, 0, 0, 1, 0, 0, 0, 1),
            ["RightUpperLeg"] = CFrame.new(0, 5.455513019114733e-07, -7.566995918750763e-10, 0.9976719617843628, -0.03728335350751877, -0.05710301548242569, 0.014469539746642113, 0.9339883923530579, -0.35701048374176025, 0.06664411723613739, 0.35535284876823425, 0.9323533177375793),
            ["LeftUpperArm"] = CFrame.new(0, -2.384185791015625e-07, -3.725290298461914e-09, 0.9836836457252502, 0.02370337024331093, -0.1783386766910553, -0.029121894389390945, 0.9991884827613831, -0.0278268214315176, 0.17753435671329498, 0.03256634622812271, 0.983575701713562),
            ["RightLowerArm"] = CFrame.new(-1.1920928955078125e-07, 1.7881393432617188e-07, -2.2351741790771484e-08, 1, -1.210719524635806e-08, 9.31322685637781e-10, 1.5832483768463135e-08, 0.9986786246299744, -0.05139212682843208, 9.313225746154785e-09, 0.05139211565256119, 0.9986785650253296),
            ["LeftHand"] = CFrame.new(1.1175870895385742e-07, -5.960464477539063e-08, -2.9802322387695312e-08, 0.9789149761199951, -0.006222741212695837, 0.20417357981204987, 0.0052086059004068375, 0.9999712705612183, 0.005504042841494083, -0.20420193672180176, -0.004324403591454029, 0.978919267654419),
            ["LeftFoot"] = CFrame.new(-5.403762770583853e-08, 5.960464477539063e-08, -5.209585651755333e-09, 0.9993156790733337, 0.006215380504727364, -0.036464449018239975, -0.011610472574830055, 0.9886682033538818, -0.14966852962970734, 0.03512099012732506, 0.1499893069267273, 0.9880636930465698),
            ["LowerTorso"] = CFrame.new(-0.011438784189522266, -0.02381587028503418, 0, 0.9993194937705994, 0.011161633767187595, -0.03515608236193657, -0.010162708349525928, 0.9995431303977966, 0.02846565470099449, 0.03545774519443512, -0.028089001774787903, 0.9989763498306274),
            ["RightLowerLeg"] = CFrame.new(2.3748725652694702e-08, -0.000014781951904296875, -0.00003508682129904628, 1, -8.66129994392395e-08, -3.7951405573721786e-08, 9.173527359962463e-08, 0.8152477741241455, 0.5791120529174805, -3.818422555923462e-08, -0.5791124105453491, 0.8152479529380798),
            ["LeftUpperLeg"] = CFrame.new(2.9802322387695312e-08, 3.9252336136996746e-07, -2.7939677238464355e-09, 0.9972795844078064, -0.0051362719386816025, 0.07353386282920837, 0.018390806391835213, 0.9833603501319885, -0.18073265254497528, -0.07138197869062424, 0.18159326910972595, 0.9807795882225037),
            ["LeftLowerLeg"] = CFrame.new(1.909211277961731e-08, 0.000015139579772949219, 0.000035070814192295074, 1, 2.607702853651972e-08, 6.402842700481415e-09, -2.5436747819185257e-08, 0.9539516568183899, 0.2999606430530548, 5.820766091346741e-09, -0.29996052384376526, 0.9539516568183899),
        }},
        {Time = 0.100, Data = {
            ["RightFoot"] = CFrame.new(-2.7041096473112702e-08, 4.172325134277344e-07, -6.402842700481415e-09, 0.9975861310958862, 0.011135299690067768, 0.06854133307933807, 0.0037634107284247875, 0.9769382476806641, -0.2134888470172882, -0.069337859749794, 0.2132318764925003, 0.9745382070541382),
            ["LeftLowerArm"] = CFrame.new(-1.7881393432617188e-07, -2.980232238769531e-07, -1.3969838619232178e-08, 1, 1.2107190805465962e-08, 2.654268627111378e-08, -9.633367881178856e-09, 0.9976410269737244, -0.0686475932598114, 8.614733815193176e-09, 0.06864750385284424, 0.9976409673690796),
            ["RightUpperArm"] = CFrame.new(0, 1.1920928955078125e-07, 5.587935447692871e-09, 0.9969049692153931, -0.07858996093273163, 0.00203334866091609, 0.07778555899858475, 0.9897914528846741, 0.11942575871944427, -0.011398245580494404, -0.11889800429344177, 0.9928411245346069),
            ["Head"] = CFrame.new(2.3283064365386963e-10, 1.1920928955078125e-07, 3.7834979593753815e-09, 0.995094895362854, 0.014826923608779907, 0.09780730307102203, -0.00943935289978981, 0.998424232006073, -0.05531793087720871, -0.09847337007522583, 0.05412345752120018, 0.9936668276786804),
            ["RightHand"] = CFrame.new(-2.812594175338745e-07, -1.1920928955078125e-07, 6.705522537231445e-08, 0.969764232635498, -0.09008454531431198, -0.2268086075782776, 0.1171385794878006, 0.9871408343315125, 0.10877314954996109, 0.21409320831298828, -0.13205233216285706, 0.9678462743759155),
            ["UpperTorso"] = CFrame.new(4.307366907596588e-09, -2.9802322387695312e-08, 4.016328603029251e-09, 0.998187243938446, -0.01054104883223772, -0.0592561773955822, 0.011850450187921524, 0.9996923804283142, 0.021789446473121643, 0.05900828540325165, -0.02245214767754078, 0.9980050325393677),
            ["HumanoidRootPart"] = CFrame.new(0, 0, 0, 1, 0, 0, 0, 1, 0, 0, 0, 1),
            ["RightUpperLeg"] = CFrame.new(2.9802322387695312e-08, 9.38598532229662e-08, 6.693881005048752e-09, 0.9986831545829773, -0.03198217228055, -0.04011335223913193, 0.017816495150327682, 0.9494473934173584, -0.3134205937385559, 0.048109423369169235, 0.3122931122779846, 0.9487667679786682),
            ["LeftUpperArm"] = CFrame.new(0, -3.5762786865234375e-07, -1.4901161193847656e-08, 0.9811777472496033, 0.01900365576148033, -0.1921696811914444, -0.028881384059786797, 0.9983943104743958, -0.0487309955060482, 0.19093509018421173, 0.05336388573050499, 0.9801510572433472),
            ["RightLowerArm"] = CFrame.new(0, -5.960464477539063e-08, -2.2351741790771484e-08, 1, 7.450580596923828e-09, 1.0244548320770264e-08, 4.6566128730773926e-09, 0.9986705780029297, -0.051546599715948105, -5.587935447692871e-09, 0.051546610891819, 0.9986706376075745),
            ["LeftHand"] = CFrame.new(1.4901161193847656e-08, 5.960464477539063e-08, 0, 0.9800204634666443, -0.0073180715553462505, 0.19876262545585632, 0.0063111321069300175, 0.9999639391899109, 0.005699116736650467, -0.1987970918416977, -0.004330694675445557, 0.9800311326980591),
            ["LeftFoot"] = CFrame.new(3.97303665522486e-08, 5.960464477539063e-08, 1.0099029168486595e-08, 0.9988477230072021, 0.007270091213285923, -0.04743915796279907, -0.014668620191514492, 0.9874048233032227, -0.15753263235092163, 0.04569629952311516, 0.15804702043533325, 0.9863736629486084),
            ["LowerTorso"] = CFrame.new(-0.013520285487174988, -0.0265427827835083, 0, 0.9991438984870911, 0.013242622837424278, -0.03919577598571777, -0.011960068717598915, 0.9993911385536194, 0.03277735039591789, 0.03960597142577171, -0.03228050097823143, 0.9986938238143921),
            ["RightLowerLeg"] = CFrame.new(1.4901161193847656e-08, -0.000014722347259521484, -0.00003514270065352321, 1, -7.86967291332985e-08, -1.4086252164702273e-08, 7.683411951120434e-08, 0.867135226726532, 0.49807247519493103, -4.6566133171666024e-09, -0.49807286262512207, 0.8671354055404663),
            ["LeftUpperLeg"] = CFrame.new(-2.9802322387695312e-08, -9.051291272044182e-08, 9.313225746154785e-09, 0.9960266947746277, -0.004992098081856966, 0.08891561627388, 0.022024400532245636, 0.9812209606170654, -0.19162596762180328, -0.08628923445940018, 0.1928229033946991, 0.9774320721626282),
            ["LeftLowerLeg"] = CFrame.new(2.3748725652694702e-08, 0.000015437602996826172, 0.00003503821790218353, 1, 2.8405334973058416e-08, 1.4319084584712982e-08, -2.5582270524182604e-08, 0.9492499828338623, 0.3145226836204529, 1.5133993613858365e-08, -0.31452274322509766, 0.9492499828338623),
        }},
        {Time = 0.117, Data = {
            ["RightFoot"] = CFrame.new(2.546585164964199e-10, 4.172325134277344e-07, 2.066371962428093e-09, 0.9977749586105347, 0.010331743396818638, 0.06586788594722748, 0.0027226030360907316, 0.9807828068733215, -0.1950836479663849, -0.06661767512559891, 0.19482910633087158, 0.9785723686218262),
            ["LeftLowerArm"] = CFrame.new(0, -5.960464477539063e-08, -1.6763806343078613e-08, 1, 1.4901157641133977e-08, 1.862644793959589e-08, -1.0477378964424133e-08, 0.9972078204154968, -0.07467673718929291, 7.4214767664670944e-09, 0.07467664778232574, 0.997207760810852),
            ["RightUpperArm"] = CFrame.new(0, 1.1920928955078125e-07, -2.2351741790771484e-08, 0.9977789521217346, -0.05840557813644409, 0.032031767070293427, 0.05373040586709976, 0.989892303943634, 0.1312495768070221, -0.03937369957566261, -0.12923698127269745, 0.9908317923545837),
            ["Head"] = CFrame.new(4.656612873077393e-10, 2.384185791015625e-07, 5.966285243630409e-09, 0.9942483305931091, 0.018934890627861023, 0.10541266947984695, -0.012348337098956108, 0.9979504346847534, -0.06278907507658005, -0.10638552159070969, 0.061126355081796646, 0.9924443960189819),
            ["RightHand"] = CFrame.new(1.6391277313232422e-07, 1.1920928955078125e-07, 5.21540641784668e-08, 0.9598966836929321, -0.09147164970636368, -0.2650121748447418, 0.1305660754442215, 0.9823630452156067, 0.1338488906621933, 0.24809473752975464, -0.16308261454105377, 0.9549100399017334),
            ["UpperTorso"] = CFrame.new(9.313225746154785e-10, -1.4901161193847656e-07, 2.4156179279088974e-09, 0.9978554248809814, -0.012206727638840675, -0.06430967897176743, 0.01386069506406784, 0.9995828866958618, 0.025335688143968582, 0.06397358328104019, -0.026172732934355736, 0.9976083636283875),
            ["HumanoidRootPart"] = CFrame.new(0, 0, 0, 1, 0, 0, 0, 1, 0, 0, 0, 1),
            ["RightUpperLeg"] = CFrame.new(-2.9802322387695312e-08, -2.1210871636867523e-07, 1.1059455573558807e-09, 0.9992594122886658, -0.02954571694135666, -0.024652846157550812, 0.021324342116713524, 0.9584789872169495, -0.28436487913131714, 0.03203100338578224, 0.2836284339427948, 0.9583991169929504),
            ["LeftUpperArm"] = CFrame.new(0, 1.1920928955078125e-07, 7.450580596923828e-09, 0.9786973595619202, 0.014825328253209591, -0.2047722488641739, -0.029476139694452286, 0.9972030520439148, -0.06868293136358261, 0.2031812220811844, 0.07325571030378342, 0.976396918296814),
            ["RightLowerArm"] = CFrame.new(-1.1920928955078125e-07, 0, -5.21540641784668e-08, 1, -6.519258910486769e-09, 4.6566133171666024e-09, 1.1175870895385742e-08, 0.9986594319343567, -0.051763441413640976, -1.5832483768463135e-08, 0.05176345258951187, 0.9986594319343567),
            ["LeftHand"] = CFrame.new(-1.1175870895385742e-08, 2.384185791015625e-07, 5.960464477539063e-08, 0.981208324432373, -0.008531327359378338, 0.19276277720928192, 0.007540187798440456, 0.999954342842102, 0.00587480841204524, -0.1928040236234665, -0.004310795105993748, 0.9812278151512146),
            ["LeftFoot"] = CFrame.new(-3.319109964650124e-08, -5.960464477539063e-08, 2.473825588822365e-09, 0.9983095526695251, 0.008336230181157589, -0.0575215145945549, -0.017595836892724037, 0.9865671396255493, -0.16240587830543518, 0.055395014584064484, 0.16314353048801422, 0.9850459694862366),
            ["LowerTorso"] = CFrame.new(-0.015606827102601528, -0.02853715419769287, 0, 0.9990023374557495, 0.015314528718590736, -0.041949886828660965, -0.013785217888653278, 0.9992383718490601, 0.03650548309087753, 0.04247700050473213, -0.03589077293872833, 0.9984526038169861),
            ["RightLowerLeg"] = CFrame.new(0, -0.000014543533325195312, -0.00003511289833113551, 1, -6.705523958316917e-08, -1.1059458238094066e-08, 6.239861960466442e-08, 0.8976503610610962, 0.4407080113887787, -2.8638172722139643e-08, -0.44070833921432495, 0.8976505994796753),
            ["LeftUpperLeg"] = CFrame.new(2.9802322387695312e-08, -2.2293534129858017e-07, 5.587935447692871e-09, 0.9947553277015686, -0.005321006290614605, 0.10214538872241974, 0.02568303793668747, 0.9796456098556519, -0.19908519089221954, -0.09900692850351334, 0.2006644457578659, 0.9746442437171936),
            ["LeftLowerLeg"] = CFrame.new(-1.0058283805847168e-07, 0.000015676021575927734, 0.00003503262996673584, 1, 2.51457130673316e-08, 2.910383711807185e-09, -3.026798722771673e-08, 0.9462352991104126, 0.32347920536994934, 1.0943041139910292e-08, -0.32347923517227173, 0.9462353587150574),
        }},
        {Time = 0.133, Data = {
            ["RightFoot"] = CFrame.new(-8.483766578137875e-09, 1.1920928955078125e-07, -5.093170329928398e-09, 0.9981226325035095, 0.010488218627870083, 0.06034363806247711, 0.0008680102764628828, 0.9827079176902771, -0.185160294175148, -0.06124212220311165, 0.18486545979976654, 0.9808539152145386),
            ["LeftLowerArm"] = CFrame.new(-5.960464477539063e-08, -2.980232238769531e-07, 6.332993507385254e-08, 1, 1.396983329016166e-08, 1.4901159417490817e-08, -1.210719347000122e-08, 0.9967166781425476, -0.08096896857023239, -1.3300450518727303e-08, 0.08096885681152344, 0.9967166781425476),
            ["RightUpperArm"] = CFrame.new(0, 0, 3.5390257835388184e-08, 0.9962967038154602, -0.0381203293800354, 0.07707001268863678, 0.02705995738506317, 0.9898138642311096, 0.13977274298667908, -0.08161314576864243, -0.13716959953308105, 0.9871798157691956),
            ["Head"] = CFrame.new(1.3969838619232178e-09, 0, 4.6333298087120056e-08, 0.9935650825500488, 0.02295682020485401, 0.11091171205043793, -0.015351357869803905, 0.997502326965332, -0.06894586980342865, -0.11221744865179062, 0.06679966300725937, 0.9914359450340271),
            ["RightHand"] = CFrame.new(-7.776543498039246e-08, 2.980232238769531e-07, -6.705522537231445e-08, 0.9484575390815735, -0.09058506041765213, -0.3036819398403168, 0.142803356051445, 0.9776363968849182, 0.1543840765953064, 0.28290560841560364, -0.18979352712631226, 0.9401823282241821),
            ["UpperTorso"] = CFrame.new(-5.529727786779404e-09, -8.940696716308594e-08, 3.434251993894577e-09, 0.9975451827049255, -0.01387530006468296, -0.06863895058631897, 0.01584550179541111, 0.9994754791259766, 0.0282431747764349, 0.06821108609437943, -0.02926146239042282, 0.9972416758537292),
            ["HumanoidRootPart"] = CFrame.new(0, 0, 0, 1, 0, 0, 0, 1, 0, 0, 0, 1),
            ["RightUpperLeg"] = CFrame.new(-5.960464477539063e-08, -9.371433407068253e-09, 6.693881005048752e-09, 0.9994966983795166, -0.029253311455249786, -0.012271380983293056, 0.024860020726919174, 0.9625848531723022, -0.26983803510665894, 0.019705889746546745, 0.2693970799446106, 0.9628275632858276),
            ["LeftUpperArm"] = CFrame.new(-5.960464477539063e-08, 1.1920928955078125e-07, 1.4901161193847656e-08, 0.9765417575836182, 0.010929708369076252, -0.21505096554756165, -0.03015035018324852, 0.9958127737045288, -0.0863010361790657, 0.21320731937885284, 0.09076042473316193, 0.9727821946144104),
            ["RightLowerArm"] = CFrame.new(-2.9802322387695312e-08, 5.960464477539063e-08, -1.4901161193847656e-08, 1, -4.6566133171666024e-09, 3.2596294552433847e-09, 5.122274160385132e-09, 0.9986443519592285, -0.05205434560775757, -1.862645149230957e-09, 0.05205436423420906, 0.9986443519592285),
            ["LeftHand"] = CFrame.new(1.4901161193847656e-07, 4.76837158203125e-07, 0, 0.9824457168579102, -0.00983938667923212, 0.18628902733325958, 0.00887089129537344, 0.9999425411224365, 0.006031747907400131, -0.18633760511875153, -0.004273185506463051, 0.9824764728546143),
            ["LeftFoot"] = CFrame.new(1.4950273907743394e-08, 0, -1.539592631161213e-08, 0.9977867603302002, 0.009426942095160484, -0.06582359969615936, -0.020162761211395264, 0.986187756061554, -0.1643998622894287, 0.06336460262537003, 0.16536323726177216, 0.9841951727867126),
