return {
    ["Rock Out!"] = {
        {Time = 0.000, Data = {
            ["LeftLowerArm"] = CFrame.new(-1.1920928955078125e-07, -2.384185791015625e-07, 2.384185791015625e-07, 1, -1.490106171786465e-08, 9.988510640823733e-08, 5.960463056453591e-08, 0.6324747204780579, -0.7745808362960815, -2.9802315282267955e-08, 0.7745809555053711, 0.6324748992919922),
            ["LeftFoot"] = CFrame.new(7.450580596923828e-09, 1.1920928955078125e-07, 1.043081283569336e-07, 0.9073523879051208, -0.4202212691307068, 0.011170856654644012, 0.41684067249298096, 0.8959790468215942, -0.15318812429904938, 0.05436493456363678, 0.14365154504776, 0.9881339073181152),
            ["RightHand"] = CFrame.new(1.3783574104309082e-07, -2.980232238769531e-07, 4.842877388000488e-08, 0.2854293882846832, -0.41345247626304626, -0.8646299839019775, -0.5282755494117737, 0.6848639249801636, -0.5018853545188904, 0.7996593117713928, 0.6000155210494995, -0.022939078509807587),
            ["HumanoidRootPart"] = CFrame.new(0, 0, 0, 1, 0, 0, 0, 1, 0, 0, 0, 1),
            ["Handle"] = CFrame.new(0.07527157664299011, -2.109640121459961, -1.0803341865539551e-07, 0.2561184763908386, 0.16596665978431702, 0.9522907733917236, -0.13639023900032043, 0.9815013408660889, -0.13439181447029114, -0.9569750428199768, -0.09544725716114044, 0.2740092873573303),
            ["RightLowerLeg"] = CFrame.new(-4.470348358154297e-08, 3.5762786865234375e-07, -1.1175870895385742e-07, 1, -0.000002309678620804334, -0.0000025629999527154723, 0.0000022053714019421022, -0.08373675495386124, 0.9964879751205444, -0.0000026971094939653995, -0.9964879751205444, -0.08373690396547318),
            ["LeftUpperLeg"] = CFrame.new(2.9802322387695312e-08, -3.7206336855888367e-07, 3.259629011154175e-08, 0.9106180667877197, 0.41033661365509033, 0.048974063247442245, -0.2670423984527588, 0.674740195274353, -0.6880505084991455, -0.315377801656723, 0.6134733557701111, 0.724008321762085),
            ["LeftLowerLeg"] = CFrame.new(-5.21540641784668e-08, 1.1920928955078125e-07, 5.960464477539063e-08, 1, 0.0000010803344139276305, 6.854535854472488e-07, -0.000001147389639299945, 0.5249935388565063, 0.8511063456535339, 5.587936584561248e-07, -0.8511062264442444, 0.5249934792518616),
            ["RightUpperArm"] = CFrame.new(-5.960464477539063e-08, 2.384185791015625e-07, 2.7939677238464355e-08, -0.06525173783302307, -0.29630419611930847, 0.9528631567955017, 0.5882334113121033, 0.7599345445632935, 0.27658796310424805, -0.806054413318634, 0.5785354971885681, 0.12470345944166183),
            ["Head"] = CFrame.new(-5.587935447692871e-08, 4.76837158203125e-07, -1.6763806343078613e-08, 0.9965658783912659, -0.0818486288189888, 0.012542178854346275, 0.0813058465719223, 0.9385620951652527, -0.3353961706161499, 0.01568010449409485, 0.3352641761302948, 0.9419936537742615),
            ["UpperTorso"] = CFrame.new(-4.423782229423523e-08, -2.384185791015625e-07, 0, 0.9803533554077148, -0.1785106360912323, 0.08391305059194565, 0.10123765468597412, 0.8204704523086548, 0.5626537799835205, -0.16928787529468536, -0.5431044101715088, 0.8224229216575623),
            ["LeftUpperArm"] = CFrame.new(-1.1920928955078125e-07, 2.384185791015625e-07, -3.818422555923462e-08, 0.8404605388641357, 0.2713649272918701, 0.4690444767475128, 0.10964269936084747, 0.7625185251235962, -0.6376212239265442, -0.530664324760437, 0.5873044729232788, 0.6110945343971252),
            ["RightLowerArm"] = CFrame.new(5.960464477539063e-08, 1.7881393432617188e-07, -2.1047890186309814e-07, 1, 4.423772903550116e-09, 1.005830867484292e-07, 2.1886078727106906e-08, 0.9504566192626953, -0.3108570873737335, -1.0244546899684792e-07, 0.3108573853969574, 0.9504566788673401),
            ["LeftHand"] = CFrame.new(5.960464477539063e-08, -4.172325134277344e-07, 1.4621764421463013e-07, -0.06944788992404938, -0.6525923013687134, 0.7545199990272522, 0.5132992267608643, 0.6251645684242249, 0.5879568457603455, -0.8553951382637024, 0.42812684178352356, 0.29155874252319336),
            ["RightFoot"] = CFrame.new(5.960464477539063e-08, 1.1920928955078125e-07, -7.450580596923828e-09, 0.9702824950218201, 0.24175728857517242, -0.010279067791998386, -0.14539790153503418, 0.5485295653343201, -0.8233925700187683, -0.19342046976089478, 0.8004179000854492, 0.5673791170120239),
            ["RightUpperLeg"] = CFrame.new(-5.960464477539063e-08, -2.9010698199272156e-07, 2.0489096641540527e-08, 0.8961830735206604, -0.41822710633277893, 0.1481328010559082, 0.41825225949287415, 0.6849205493927002, -0.5966124534606934, 0.14805735647678375, 0.596632182598114, 0.7887396812438965),
            ["LowerTorso"] = CFrame.new(0.15470129251480103, -0.5305784940719604, -0.053821444511413574, 0.9637734293937683, 0.17640121281147003, -0.20005853474140167, -0.18181125819683075, 0.9832936525344849, -0.008850722573697567, 0.19515502452850342, 0.04490305855870247, 0.979744017124176),
        }},
        {Time = 0.033, Data = {
            ["LeftLowerArm"] = CFrame.new(1.4901161193847656e-07, 5.960464477539062e-07, -1.1920928955078125e-07, 1, -2.2351501982598165e-08, 7.450670125308534e-08, 5.0291376396671694e-08, 0.4941142499446869, -0.869396984577179, -8.568160581035045e-08, 0.869396984577179, 0.4941144287586212),
            ["LeftFoot"] = CFrame.new(-1.4901161193847656e-08, 2.384185791015625e-07, 0, 0.9047333598136902, -0.42583051323890686, 0.011172004044055939, 0.4214673936367035, 0.891038715839386, -0.16857276856899261, 0.06182948499917984, 0.1572214663028717, 0.9856258630752563),
            ["RightHand"] = CFrame.new(2.705492079257965e-07, -1.7881393432617188e-07, 8.387723937630653e-08, 0.4880675673484802, -0.4212046265602112, -0.7644447088241577, -0.2964147627353668, 0.7438034415245056, -0.5990808606147766, 0.8209314346313477, 0.5189828872680664, 0.23817311227321625),
            ["HumanoidRootPart"] = CFrame.new(0, 0, 0, 1, 0, 0, 0, 1, 0, 0, 0, 1),
            ["Handle"] = CFrame.new(0.09216658771038055, -1.9954864978790283, -0.000013478100299835205, 0.2525615990161896, 0.08914903551340103, 0.9634657502174377, -0.1589481085538864, 0.9860439896583557, -0.04957478493452072, -0.9544361233711243, -0.1406051367521286, 0.2632036805152893),
            ["RightLowerLeg"] = CFrame.new(0, 0, 5.960464477539063e-08, 1, -5.066394805908203e-07, -6.109477794780105e-07, 5.513428504855256e-07, -0.09761995077133179, 0.995223879814148, -6.70552083192888e-07, -0.9952237606048584, -0.09761955589056015),
            ["LeftUpperLeg"] = CFrame.new(8.940696716308594e-08, 1.1827796697616577e-07, 0, 0.8903729319572449, 0.45093679428100586, 0.06238497793674469, -0.29690858721733093, 0.6791167855262756, -0.6713016033172607, -0.34508171677589417, 0.5791860818862915, 0.7385542988777161),
            ["LeftLowerLeg"] = CFrame.new(7.450580596923828e-09, -2.384185791015625e-07, 4.470348358154297e-08, 1, 8.38190601371025e-07, 5.587932037087739e-07, -9.536745437799254e-07, 0.506971001625061, 0.8619632720947266, 4.5448553009919124e-07, -0.8619630932807922, 0.5069707036018372),
            ["RightUpperArm"] = CFrame.new(1.1920928955078125e-07, 2.384185791015625e-07, 1.4901161193847656e-07, -0.07616516202688217, -0.2502138614654541, 0.9651908874511719, 0.5536547899246216, 0.7944592237472534, 0.24963945150375366, -0.8292558193206787, 0.5533782839775085, 0.07801865041255951),
            ["Head"] = CFrame.new(-2.2351741790771484e-08, -2.384185791015625e-07, 4.284083843231201e-08, 0.9952094554901123, -0.06277179718017578, 0.07495316863059998, 0.0914180725812912, 0.8692505359649658, -0.4858458340167999, -0.03465566411614418, 0.4903705418109894, 0.8708248734474182),
            ["UpperTorso"] = CFrame.new(1.862645149230957e-09, -5.960464477539063e-08, -7.450580596923828e-09, 0.9807330965995789, -0.17445440590381622, 0.08791030198335648, 0.09822515398263931, 0.8293564319610596, 0.5500178337097168, -0.1688620150089264, -0.5307859182357788, 0.8305132389068604),
            ["LeftUpperArm"] = CFrame.new(1.1920928955078125e-07, 0, 9.685754776000977e-08, 0.8652145862579346, 0.15688271820545197, 0.47624269127845764, 0.11969880014657974, 0.857711911201477, -0.5000167489051819, -0.486904501914978, 0.4896101951599121, 0.7233092784881592),
            ["RightLowerArm"] = CFrame.new(-2.086162567138672e-07, 2.384185791015625e-07, 1.7508864402770996e-07, 1, 1.2002935534383141e-08, 1.066001686922391e-07, 1.5541445463895798e-08, 0.9805943369865417, -0.19604739546775818, -1.0547228157520294e-07, 0.1960476189851761, 0.9805945158004761),
            ["LeftHand"] = CFrame.new(-1.4901161193847656e-07, -1.7881393432617188e-07, -7.264316082000732e-08, -0.061981748789548874, -0.5595653057098389, 0.8264654278755188, 0.4889686405658722, 0.7048537135124207, 0.5138977766036987, -0.8700965642929077, 0.43596792221069336, 0.22992178797721863),
            ["RightFoot"] = CFrame.new(7.450580596923828e-08, 2.384185791015625e-07, 5.21540641784668e-08, 0.9709106683731079, 0.2392214834690094, -0.010271849110722542, -0.1521078199148178, 0.5830713510513306, -0.7980549931526184, -0.1849205642938614, 0.7764025926589966, 0.6024971604347229),
            ["RightUpperLeg"] = CFrame.new(-1.1920928955078125e-07, 2.0815059542655945e-07, -3.3527612686157227e-08, 0.9107510447502136, -0.3684613108634949, 0.1864662915468216, 0.40225762128829956, 0.689447283744812, -0.6023693680763245, 0.09338800609111786, 0.62361741065979, 0.7761324048042297),
            ["LowerTorso"] = CFrame.new(0.155092254281044, -0.5317549705505371, -0.04477326571941376, 0.9569931030273438, 0.1543998122215271, -0.24561169743537903, -0.1662951111793518, 0.9856692552566528, -0.028321459889411926, 0.2377190738916397, 0.06794753670692444, 0.9689545631408691),
        }},
        {Time = 0.067, Data = {
            ["LeftLowerArm"] = CFrame.new(3.2782554626464844e-07, 7.748603820800781e-07, 1.4901161193847656e-07, 1, 1.4900939149242731e-08, 1.0062092314910842e-07, 8.195627998475175e-08, 0.3315301835536957, -0.9434446692466736, -5.960456661568969e-08, 0.9434446096420288, 0.33153030276298523),
            ["LeftFoot"] = CFrame.new(3.725290298461914e-08, 1.7881393432617188e-07, 6.705522537231445e-08, 0.9012796878814697, -0.4330916404724121, 0.01117257121950388, 0.42765405774116516, 0.8852414488792419, -0.1829257309436798, 0.06933337450027466, 0.16964425146579742, 0.983063280582428),
            ["RightHand"] = CFrame.new(-5.21540641784668e-08, -5.960464477539063e-08, 4.842877388000488e-08, 0.6678757667541504, -0.4226991534233093, -0.6125906109809875, -0.0644276887178421, 0.7871493101119995, -0.6133902072906494, 0.7414789795875549, 0.44913405179977417, 0.4984830915927887),
            ["HumanoidRootPart"] = CFrame.new(0, 0, 0, 1, 0, 0, 0, 1, 0, 0, 0, 1),
            ["Handle"] = CFrame.new(0.13877685368061066, -1.797534465789795, -0.00005615130066871643, 0.26985377073287964, -0.0017667654901742935, 0.9628957509994507, -0.20603391528129578, 0.9767343997955322, 0.05954864248633385, -0.9406003952026367, -0.21444550156593323, 0.2632220387458801),
            ["RightLowerLeg"] = CFrame.new(-1.043081283569336e-07, 2.384185791015625e-07, -1.043081283569336e-07, 1, -7.227062042147736e-07, -6.7055248109682e-07, 6.258488269850204e-07, -0.12526969611644745, 0.9921228289604187, -7.376075927822967e-07, -0.9921227097511292, -0.12526968121528625),
            ["LeftUpperLeg"] = CFrame.new(2.9802322387695312e-08, 2.076849341392517e-07, -2.9802322387695312e-08, 0.868087112903595, 0.49127259850502014, 0.07124598324298859, -0.33023497462272644, 0.6786681413650513, -0.6560143828392029, -0.3706342577934265, 0.5459494590759277, 0.7513781785964966),
            ["LeftLowerLeg"] = CFrame.new(5.960464477539063e-08, -5.960464477539063e-08, 4.470348358154297e-08, 1, 8.940702969084668e-07, 5.587930331785174e-07, -9.462236221224885e-07, 0.4872395396232605, 0.8732690811157227, 3.799795535996964e-07, -0.8732684254646301, 0.4872383177280426),
            ["RightUpperArm"] = CFrame.new(1.1920928955078125e-07, 2.384185791015625e-07, -1.4901161193847656e-08, -0.08335239440202713, -0.188534215092659, 0.9785234928131104, 0.5292925834655762, 0.8236172199249268, 0.20377036929130554, -0.84433513879776, 0.5348921418190002, 0.031138097867369652),
            ["Head"] = CFrame.new(-2.2351741790771484e-08, -5.960464477539062e-07, -1.4901161193847656e-08, 0.9911985993385315, -0.01851065643131733, 0.13108313083648682, 0.09887053072452545, 0.7619709968566895, -0.6400192379951477, -0.08803438395261765, 0.647346556186676, 0.7570948600769043),
            ["UpperTorso"] = CFrame.new(6.199115887284279e-09, -2.9802322387695312e-08, 2.9802322387695312e-08, 0.9817496538162231, -0.16973495483398438, 0.08577724546194077, 0.0963471531867981, 0.8327761292457581, 0.5451616644859314, -0.16396622359752655, -0.5269478559494019, 0.8339310884475708),
            ["LeftUpperArm"] = CFrame.new(5.960464477539063e-08, 1.1920928955078125e-07, 1.30385160446167e-07, 0.9462557435035706, 0.007544701918959618, 0.32334473729133606, 0.09264564514160156, 0.9515130519866943, -0.2933366894721985, -0.3098658323287964, 0.3075159192085266, 0.8996675610542297),
            ["RightLowerArm"] = CFrame.new(2.384185791015625e-07, 4.172325134277344e-07, -4.0978193283081055e-08, 1, 1.8626460374093767e-09, 1.0710211029163474e-07, -4.6566123179658803e-10, 0.9988807439804077, -0.04730084165930748, -1.0896472701915627e-07, 0.04730101302266121, 0.9988807439804077),
            ["LeftHand"] = CFrame.new(-4.470348358154297e-08, -4.76837158203125e-07, -1.496955519542098e-07, -0.044369831681251526, -0.30614152550697327, 0.9509514570236206, 0.5168057680130005, 0.8075878024101257, 0.28410157561302185, -0.8549521565437317, 0.5040627121925354, 0.12238321453332901),
            ["RightFoot"] = CFrame.new(-1.1175870895385742e-07, 1.1920928955078125e-07, 5.21540641784668e-08, 0.9686993956565857, 0.24802279472351074, -0.010293920524418354, -0.17026062309741974, 0.6336537003517151, -0.7546485662460327, -0.18064576387405396, 0.7327808141708374, 0.6560484170913696),
            ["RightUpperLeg"] = CFrame.new(1.1920928955078125e-07, 1.387670636177063e-07, -3.725290298461914e-08, 0.9201020002365112, -0.3141669034957886, 0.23390528559684753, 0.39027222990989685, 0.6847926378250122, -0.6154227256774902, 0.033165860921144485, 0.6575395464897156, 0.7526906728744507),
            ["LowerTorso"] = CFrame.new(0.1566283106803894, -0.535226583480835, -0.03469989448785782, 0.9487622976303101, 0.12977445125579834, -0.288112610578537, -0.14979693293571472, 0.9875278472900391, -0.04847317934036255, 0.2782287001609802, 0.08914797008037567, 0.9563689231872559),
        }},
        {Time = 0.100, Data = {
            ["LeftLowerArm"] = CFrame.new(-5.960464477539063e-08, 0.000001430511474609375, 2.1606683731079102e-07, 1, 1.3969620127340932e-08, 9.313397697496839e-08, 8.335322831953818e-08, 0.27680501341819763, -0.9609261751174927, -4.796303088028253e-08, 0.9609261751174927, 0.2768051028251648),
            ["LeftFoot"] = CFrame.new(-8.195638656616211e-08, 1.7881393432617188e-07, 1.30385160446167e-07, 0.8984437584877014, -0.4389441907405853, 0.011172357946634293, 0.4331977665424347, 0.8819503784179688, -0.18575716018676758, 0.07168356329202652, 0.1717313975095749, 0.9825322031974792),
            ["RightHand"] = CFrame.new(-6.705522537231445e-08, -2.980232238769531e-07, -6.705522537231445e-08, 0.7697758078575134, -0.37398043274879456, -0.5172852277755737, 0.00348229450173676, 0.8128414154052734, -0.5824761986732483, 0.6383050084114075, 0.4465731978416443, 0.6270067691802979),
            ["HumanoidRootPart"] = CFrame.new(0, 0, 0, 1, 0, 0, 0, 1, 0, 0, 0, 1),
            ["Handle"] = CFrame.new(0.1476260870695114, -1.579793930053711, -0.00014388561248779297, 0.31503814458847046, -0.04722586274147034, 0.947894275188446, -0.25441375374794006, 0.9580103754997253, 0.1323038786649704, -0.9143438935279846, -0.28281790018081665, 0.2898142337799072),
            ["RightLowerLeg"] = CFrame.new(-4.470348358154297e-08, -1.1920928955078125e-07, 6.705522537231445e-08, 1, -0.0000010877846534640412, -0.0000012665994972849148, 0.0000011771916206271271, -0.14635755121707916, 0.9892317652702332, -0.0000014416871181310853, -0.9892318248748779, -0.1463574767112732),
            ["LeftUpperLeg"] = CFrame.new(1.7881393432617188e-07, -1.601874828338623e-07, 2.2351741790771484e-08, 0.8574745059013367, 0.5115107893943787, 0.05562540516257286, -0.3567768633365631, 0.668992817401886, -0.6520424485206604, -0.3707394599914551, 0.5392638444900513, 0.7561392188072205),
            ["LeftLowerLeg"] = CFrame.new(-8.940696716308594e-08, 1.1920928955078125e-07, -1.1920928955078125e-07, 1, 0.0000011436652584961848, 7.674088919884525e-07, -0.0000011920930091946502, 0.4712108075618744, 0.8820213079452515, 6.258488269850204e-07, -0.8820205926895142, 0.47120967507362366),
            ["RightUpperArm"] = CFrame.new(-1.1920928955078125e-07, 2.384185791015625e-07, -2.9802322387695312e-08, -0.06560102105140686, -0.13324785232543945, 0.9889094829559326, 0.5231274962425232, 0.8393523097038269, 0.14779596030712128, -0.8497259020805359, 0.5270035266876221, 0.014642784371972084),
            ["Head"] = CFrame.new(-1.4901161193847656e-08, 0, -7.82310962677002e-08, 0.9886841177940369, 0.017926305532455444, 0.14893752336502075, 0.09397128969430923, 0.6998878121376038, -0.7080441117286682, -0.11693216115236282, 0.7140278220176697, 0.6902833580970764),
            ["UpperTorso"] = CFrame.new(-4.6566128730773926e-09, 1.1920928955078125e-07, -1.955777406692505e-08, 0.9834643602371216, -0.16462461650371552, 0.07547683268785477, 0.09669961780309677, 0.8297231197357178, 0.5497350692749023, -0.15312476456165314, -0.5333463549613953, 0.8319223523139954),
            ["LeftUpperArm"] = CFrame.new(5.960464477539063e-08, -2.384185791015625e-07, 9.685754776000977e-08, 0.9969794154167175, -0.06694691628217697, 0.039375465363264084, 0.07254578173160553, 0.9837443828582764, -0.16427452862262726, -0.02773621305823326, 0.16662883758544922, 0.9856284856796265),
            ["RightLowerArm"] = CFrame.new(5.960464477539063e-08, 4.76837158203125e-07, 1.4901161193847656e-08, 1, -9.31322907682386e-10, 8.940699558479537e-08, 1.8626447051417472e-09, 1, 1.1199158223007544e-07, -1.0244546189142056e-07, 8.381905836074566e-09, 1),
            ["LeftHand"] = CFrame.new(-1.1175870895385742e-07, 0, -1.4901161193847656e-07, 0.01631873846054077, 0.008494245819747448, 0.9998307824134827, 0.5657135844230652, 0.8244419097900391, -0.01623751036822796, -0.8244402408599854, 0.5658828616142273, 0.008648545481264591),
            ["RightFoot"] = CFrame.new(-4.470348358154297e-08, 0, -2.60770320892334e-08, 0.9618649482727051, 0.2733277678489685, -0.010352560319006443, -0.19979898631572723, 0.6762436032295227, -0.7090662717819214, -0.1868056058883667, 0.6840953230857849, 0.705065906047821),
            ["RightUpperLeg"] = CFrame.new(-8.940696716308594e-08, 8.288770914077759e-08, -1.4901161193847656e-08, 0.9193786382675171, -0.2900961935520172, 0.26568248867988586, 0.3933718204498291, 0.675792396068573, -0.6233473420143127, 0.001281597069464624, 0.6776052713394165, 0.7354257106781006),
            ["LowerTorso"] = CFrame.new(0.16082966327667236, -0.540929913520813, -0.025049909949302673, 0.9480024576187134, 0.10932091623544693, -0.29889851808547974, -0.13450926542282104, 0.9887799024581909, -0.06497453153133392, 0.2884417474269867, 0.10180075466632843, 0.952070415019989),
        }},
        {Time = 0.133, Data = {
            ["LeftLowerArm"] = CFrame.new(3.5762786865234375e-07, 2.980232238769531e-07, 8.940696716308594e-08, 1, 5.21532754760301e-08, 6.705638355697374e-08, 6.891775683470769e-08, 0.3128008246421814, -0.9498187303543091, -2.980227264970381e-08, 0.9498187303543091, 0.3128008246421814),
            ["LeftFoot"] = CFrame.new(-8.195638656616211e-08, 1.7881393432617188e-07, 1.862645149230957e-08, 0.8945552706718445, -0.4468153715133667, 0.011171470396220684, 0.4415739178657532, 0.8796381950378418, -0.176780566573143, 0.06916189193725586, 0.16307273507118225, 0.9841869473457336),
            ["RightHand"] = CFrame.new(-2.2351741790771484e-08, -4.76837158203125e-07, -1.043081283569336e-07, 0.748002827167511, -0.21805942058563232, -0.6268509030342102, -0.14720234274864197, 0.8664552569389343, -0.47706249356269836, 0.6471656560897827, 0.4491162896156311, 0.6160109043121338),
            ["HumanoidRootPart"] = CFrame.new(0, 0, 0, 1, 0, 0, 0, 1, 0, 0, 0, 1),
            ["Handle"] = CFrame.new(0.13234546780586243, -1.3934921026229858, -0.00029600784182548523, 0.3573708236217499, -0.047429949045181274, 0.9327492713928223, -0.29571130871772766, 0.9415910840034485, 0.16119210422039032, -0.8859125375747681, -0.3334016799926758, 0.32248425483703613),
            ["RightLowerLeg"] = CFrame.new(8.940696716308594e-08, 0, 1.1175870895385742e-08, 1, -0.0000020414593109308043, -0.0000021755699890491087, 0.0000017881393432617188, -0.14617028832435608, 0.9892595410346985, -0.0000021457672119140625, -0.9892595410346985, -0.14617013931274414),
            ["LeftUpperLeg"] = CFrame.new(2.9802322387695312e-08, -4.880130290985107e-07, 7.450580596923828e-08, 0.8575828075408936, 0.5142362117767334, 0.010600815527141094, -0.3811653256416321, 0.6492305397987366, -0.6581894755363464, -0.34534716606140137, 0.5604113936424255, 0.7527776956558228),
            ["LeftLowerLeg"] = CFrame.new(-7.450580596923828e-09, 2.384185791015625e-07, 1.4901161193847656e-08, 1, 8.605424568486342e-07, 6.482002277152787e-07, -9.536742027194123e-07, 0.4583996832370758, 0.888746440410614, 5.215405849412491e-07, -0.8887462019920349, 0.45839929580688477),
            ["RightUpperArm"] = CFrame.new(1.1920928955078125e-07, 7.152557373046875e-07, 1.7881393432617188e-07, 0.008358160965144634, -0.16077476739883423, 0.9869561791419983, 0.5487504005432129, 0.8258468508720398, 0.1298813819885254, -0.8359444737434387, 0.5404890179634094, 0.09512335807085037),
            ["Head"] = CFrame.new(-1.30385160446167e-08, 4.76837158203125e-07, 2.60770320892334e-08, 0.9896700978279114, 0.023551343008875847, 0.141416534781456, 0.07823670655488968, 0.7378606200218201, -0.6704034209251404, -0.12013456225395203, 0.6745420694351196, 0.7283959984779358),
            ["UpperTorso"] = CFrame.new(3.4458935260772705e-08, -8.940696716308594e-08, 0, 0.985481321811676, -0.16067007184028625, 0.05488022789359093, 0.0994892418384552, 0.8083943128585815, 0.5801727175712585, -0.1375812590122223, -0.566289484500885, 0.812642514705658),
            ["LeftUpperArm"] = CFrame.new(5.960464477539063e-08, 3.5762786865234375e-07, 1.043081283569336e-07, 0.9678151607513428, -0.0888441950082779, -0.2354695051908493, 0.052484408020973206, 0.9862952828407288, -0.1564246118068695, 0.24612855911254883, 0.13902698457241058, 0.9592109322547913),
            ["RightLowerArm"] = CFrame.new(1.7881393432617188e-07, 3.5762786865234375e-07, -1.6391277313232422e-07, 1, 1.862645593320167e-09, 9.918587551283053e-08, 1.8626444830971423e-09, 0.999988853931427, -0.004721270874142647, -9.872015738210393e-08, 0.004721380304545164, 0.999988853931427),
            ["LeftHand"] = CFrame.new(-2.9802322387695312e-08, -5.960464477539063e-08, -1.1175870895385742e-07, 0.07797370851039886, 0.2675842046737671, 0.9603743553161621, 0.6059023141860962, 0.752268373966217, -0.2587946355342865, -0.7917085886001587, 0.6020722389221191, -0.1034727469086647),
            ["RightFoot"] = CFrame.new(-5.960464477539063e-08, 1.1920928955078125e-07, 5.4016709327697754e-08, 0.9370953440666199, 0.34891456365585327, -0.010487613268196583, -0.2733646333217621, 0.7148338556289673, -0.643649697303772, -0.21708089113235474, 0.6060291528701782, 0.7652484178543091),
            ["RightUpperLeg"] = CFrame.new(5.960464477539063e-08, -1.3969838619232178e-07, 7.450580596923828e-09, 0.89718097448349, -0.3099771738052368, 0.3146107494831085, 0.44138026237487793, 0.6547656655311584, -0.6135674715042114, -0.015807179734110832, 0.6893447637557983, 0.7242617607116699),
            ["LowerTorso"] = CFrame.new(0.17298457026481628, -0.5505636930465698, -0.01614014059305191, 0.9561044573783875, 0.0922892838716507, -0.2781132757663727, -0.11807908862829208, 0.9899816513061523, -0.07741890847682953, 0.26818209886550903, 0.10686001926660538, 0.9574232697486877),
        }},
        {Time = 0.167, Data = {
            ["LeftLowerArm"] = CFrame.new(1.7881393432617188e-07, 1.7881393432617188e-07, 5.960464477539063e-08, 1, 2.235142559925407e-08, 7.450701389188907e-08, 6.146719755406593e-08, 0.34774845838546753, -0.9375879168510437, -5.2153982466052184e-08, 0.9375879168510437, 0.3477484881877899),
            ["LeftFoot"] = CFrame.new(3.725290298461914e-08, 2.384185791015625e-07, -3.725290298461914e-09, 0.8879042863845825, -0.4598906934261322, 0.011168096214532852, 0.4555129110813141, 0.8755383491516113, -0.16106681525707245, 0.06429587304592133, 0.14809855818748474, 0.986880362033844),
            ["RightHand"] = CFrame.new(-4.246830940246582e-07, -2.384185791015625e-07, -1.9371509552001953e-07, 0.536156415939331, -0.007195103447884321, -0.8440881967544556, -0.34535473585128784, 0.9105738401412964, -0.22712869942188263, 0.7702378630638123, 0.4132838547229767, 0.48572394251823425),
            ["HumanoidRootPart"] = CFrame.new(0, 0, 0, 1, 0, 0, 0, 1, 0, 0, 0, 1),
            ["Handle"] = CFrame.new(0.10296270251274109, -1.3635103702545166, -0.000523105263710022, 0.34496331214904785, -0.029449401423335075, 0.9381479024887085, -0.3127777576446533, 0.9387826919555664, 0.14449726045131683, -0.8849691152572632, -0.34324902296066284, 0.31464144587516785),
            ["RightLowerLeg"] = CFrame.new(-2.9802322387695312e-08, 0, -5.960464477539063e-08, 1, -0.0000010356308166592498, -0.0000010132787338079652, 9.6857536391326e-07, -0.0937957614660263, 0.9955914616584778, -0.0000010207294280917267, -0.9955915212631226, -0.09379582852125168),
            ["LeftUpperLeg"] = CFrame.new(2.9802322387695312e-08, -2.980232238769531e-07, 2.9802322387695312e-08, 0.8576480150222778, 0.5121506452560425, -0.046273715794086456, -0.4096422493457794, 0.6260356903076172, -0.6635305285453796, -0.3108588755130768, 0.5880314707756042, 0.7467167973518372),
            ["LeftLowerLeg"] = CFrame.new(-2.9802322387695312e-08, -1.1920928955078125e-07, 5.960464477539063e-08, 1, 6.556513199029723e-07, 4.097817907222634e-07, -6.854533580735733e-07, 0.4514014422893524, 0.8923212289810181, 2.458691312767769e-07, -0.8923210501670837, 0.451401025056839),
            ["RightUpperArm"] = CFrame.new(-2.384185791015625e-07, 0, -8.940696716308594e-08, 0.11159464716911316, -0.240008145570755, 0.9643372893333435, 0.5896360874176025, 0.7971249222755432, 0.13015787303447723, -0.7999224066734314, 0.5540650486946106, 0.23046168684959412),
            ["Head"] = CFrame.new(0, 5.960464477539062e-07, 1.1920928955078125e-07, 0.9911385178565979, 0.01660645380616188, 0.1317904144525528, 0.059290140867233276, 0.8325290083885193, -0.5507994890213013, -0.11886614561080933, 0.5537324547767639, 0.824167013168335),
            ["UpperTorso"] = CFrame.new(5.587935447692871e-09, 8.940696716308594e-08, -7.450580596923828e-09, 0.9874581098556519, -0.15542612969875336, 0.02773601934313774, 0.10398538410663605, 0.7724448442459106, 0.6265110373497009, -0.11880075931549072, -0.6157693266868591, 0.7789188623428345),
            ["LeftUpperArm"] = CFrame.new(0, 1.1920928955078125e-07, 1.862645149230957e-07, 0.922614574432373, -0.02461685612797737, -0.3849528431892395, -0.04578172042965889, 0.9839196801185608, -0.17265069484710693, 0.3829965889453888, 0.1769072264432907, 0.9066439270973206),
            ["RightLowerArm"] = CFrame.new(2.980232238769531e-07, 2.384185791015625e-07, -1.7881393432617188e-07, 1, 3.725287189837445e-09, 8.777728055520129e-08, 1.3969835066518499e-08, 0.9779230356216431, -0.20896539092063904, -9.778884901834317e-08, 0.20896556973457336, 0.9779230356216431),
            ["LeftHand"] = CFrame.new(-8.940696716308594e-08, -3.5762786865234375e-07, -5.960464477539063e-08, 0.07702111452817917, 0.3996562063694, 0.9134236574172974, 0.6630614995956421, 0.6636544466018677, -0.34628331661224365, -0.7445920705795288, 0.6323273181915283, -0.21388113498687744),
            ["RightFoot"] = CFrame.new(-7.450580596923828e-09, 1.7881393432617188e-07, 0, 0.8889416456222534, 0.457896888256073, -0.010565266944468021, -0.3824942409992218, 0.7294692993164062, -0.5670750737190247, -0.25195446610450745, 0.5081388354301453, 0.8235984444618225),
            ["RightUpperLeg"] = CFrame.new(0, -3.902241587638855e-07, 5.21540641784668e-08, 0.8527753949165344, -0.3594896197319031, 0.3788674771785736, 0.5210021734237671, 0.636211633682251, -0.5690272450447083, -0.03648296743631363, 0.6826434135437012, 0.7298406958580017),
            ["LowerTorso"] = CFrame.new(0.19414474070072174, -0.5629198551177979, -0.007422678172588348, 0.9660094380378723, 0.07603423297405243, -0.24707235395908356, -0.1003558561205864, 0.9911081790924072, -0.0873691663146019, 0.23823241889476776, 0.10919471085071564, 0.9650502800941467),
        }},
        {Time = 0.200, Data = {
            ["LeftLowerArm"] = CFrame.new(2.086162567138672e-07, 3.5762786865234375e-07, 0, 1, -3.7252373630281e-08, 5.960563953522069e-08, 5.9604552404834976e-08, 0.3465574085712433, -0.9380287528038025, 3.725284525302186e-09, 0.9380287528038025, 0.3465575575828552),
            ["LeftFoot"] = CFrame.new(-2.9802322387695312e-08, 1.1920928955078125e-07, 3.725290298461914e-09, 0.8804457187652588, -0.4740147292613983, 0.011161470785737038, 0.4709075093269348, 0.8714417815208435, -0.13724592328071594, 0.05533076077699661, 0.12609301507472992, 0.9904741048812866),
            ["RightHand"] = CFrame.new(-1.4901161193847656e-08, -3.5762786865234375e-07, -1.1920928955078125e-07, 0.21404072642326355, 0.1385566145181656, -0.9669484496116638, -0.36984750628471375, 0.9276894330978394, 0.05106088146567345, 0.9041013717651367, 0.3466906249523163, 0.24980683624744415),
            ["HumanoidRootPart"] = CFrame.new(0, 0, 0, 1, 0, 0, 0, 1, 0, 0, 0, 1),
            ["Handle"] = CFrame.new(0.10556921362876892, -1.4441572427749634, -0.0008139200508594513, 0.2707476019859314, -0.01690753921866417, 0.9624963998794556, -0.2837129235267639, 0.9540405869483948, 0.09658841043710709, -0.9198927879333496, -0.299200177192688, 0.2535179853439331),
            ["RightLowerLeg"] = CFrame.new(2.9802322387695312e-08, 0, 4.470348358154297e-08, 1, -0.0000027269147722108755, -0.0000026971085844706977, 0.0000025182969238812802, 0.010115505196154118, 0.9999488592147827, -0.0000026375062134320615, -0.9999488592147827, 0.010115573182702065),
            ["LeftUpperLeg"] = CFrame.new(2.9802322387695312e-08, -4.5262277126312256e-07, 3.3527612686157227e-08, 0.859233558177948, 0.5016269683837891, -0.10043732076883316, -0.43303182721138, 0.6086112260818481, -0.6648877263069153, -0.2723989188671112, 0.6147869229316711, 0.740159809589386),
            ["LeftLowerLeg"] = CFrame.new(2.9802322387695312e-08, -5.960464477539063e-08, 1.043081283569336e-07, 1, 1.6018744020129816e-07, 1.4156101713069802e-07, -1.1920926112907182e-07, 0.45855143666267395, 0.8886678814888, -8.940694584680386e-08, -0.8886678814888, 0.4585513472557068),
            ["RightUpperArm"] = CFrame.new(-1.1920928955078125e-07, 0, -1.6391277313232422e-07, 0.21322950720787048, -0.3250250816345215, 0.9213579893112183, 0.644702136516571, 0.7553972005844116, 0.11727742105722427, -0.7340928912162781, 0.568976104259491, 0.3706015646457672),
            ["Head"] = CFrame.new(1.4901161193847656e-08, 0, -5.960464477539063e-08, 0.992361843585968, 0.006344866007566452, 0.12319798767566681, 0.041936252266168594, 0.9218490123748779, -0.38527369499206543, -0.11601441353559494, 0.38749751448631287, 0.9145417213439941),
            ["UpperTorso"] = CFrame.new(-2.8870999813079834e-08, -8.940696716308594e-08, -3.725290298461914e-09, 0.9892017841339111, -0.14649811387062073, -0.0042661577463150024, 0.11001132428646088, 0.7229688763618469, 0.6820655465126038, -0.09683702141046524, -0.675169825553894, 0.7312785983085632),
            ["LeftUpperArm"] = CFrame.new(5.960464477539063e-08, 0, -2.2351741790771484e-07, 0.9039173126220703, 0.0868312194943428, -0.41881659626960754, -0.17361226677894592, 0.9693706631660461, -0.1737310141324997, 0.3908865451812744, 0.22974127531051636, 0.891296923160553),
            ["RightLowerArm"] = CFrame.new(4.172325134277344e-07, 0, 2.086162567138672e-07, 1, -3.725275199428779e-09, 9.732367090009575e-08, 2.9802311729554276e-08, 0.9064261317253113, -0.42236414551734924, -9.12695767851801e-08, 0.4223644733428955, 0.9064262509346008),
            ["LeftHand"] = CFrame.new(1.9371509552001953e-07, -3.5762786865234375e-07, 8.940696716308594e-08, 0.0809280127286911, 0.4265347421169281, 0.9008435010910034, 0.7360632419586182, 0.5838347673416138, -0.34256109595298767, -0.6720578670501709, 0.6908003091812134, -0.2667079269886017),
            ["RightFoot"] = CFrame.new(1.2665987014770508e-07, 1.7881393432617188e-07, -8.940696716308594e-08, 0.8466213345527649, 0.5320903658866882, -0.010528801009058952, -0.4540446996688843, 0.7118347883224487, -0.5358511805534363, -0.2776252329349518, 0.4584442675113678, 0.8442468047142029),
            ["RightUpperLeg"] = CFrame.new(1.7881393432617188e-07, -2.3748725652694702e-07, 1.4901161193847656e-08, 0.8091619610786438, -0.44366294145584106, 0.3852517604827881, 0.5873314142227173, 0.6299893260002136, -0.508090615272522, -0.01728598214685917, 0.6373983025550842, 0.7703409194946289),
            ["LowerTorso"] = CFrame.new(0.21947473287582397, -0.5735747814178467, 0.000940367579460144, 0.975494384765625, 0.06614656746387482, -0.20984651148319244, -0.08747641742229462, 0.9917178153991699, -0.09404020011425018, 0.2018880993127823, 0.11009228229522705, 0.9732013940811157),
        }},
        {Time = 0.233, Data = {
            ["LeftLowerArm"] = CFrame.new(0, 3.5762786865234375e-07, 5.960464477539063e-08, 1, -4.6681883247856604e-08, 1.4255289215725497e-07, 8.17234280248158e-08, 0.3467788100242615, -0.9379469752311707, -1.3969816414771685e-09, 0.9379469752311707, 0.34677883982658386),
            ["LeftFoot"] = CFrame.new(2.9802322387695312e-08, 2.384185791015625e-07, 2.0489096641540527e-08, 0.8745934963226318, -0.4847274720668793, 0.011154577136039734, 0.48311442136764526, 0.869271457195282, -0.10473190993070602, 0.04107120633125305, 0.09698612242937088, 0.9944379925727844),
            ["RightHand"] = CFrame.new(-1.1920928955078125e-07, -2.980232238769531e-07, -2.9802322387695312e-08, 0.05175050348043442, 0.19203364849090576, -0.9800235629081726, -0.2944226562976837, 0.9406558871269226, 0.16877014935016632, 0.9542732238769531, 0.27980273962020874, 0.1052173599600792),
            ["HumanoidRootPart"] = CFrame.new(0, 0, 0, 1, 0, 0, 0, 1, 0, 0, 0, 1),
            ["Handle"] = CFrame.new(0.11253023147583008, -1.6137962341308594, -0.0011206306517124176, 0.15998908877372742, 0.011626319959759712, 0.9870466589927673, -0.22399501502513885, 0.9742770791053772, 0.024851210415363312, -0.9613686800003052, -0.22505336999893188, 0.1584969162940979),
            ["RightLowerLeg"] = CFrame.new(-1.4901161193847656e-07, -2.384185791015625e-07, 1.6391277313232422e-07, 1, -0.0000016242290712398244, -0.000001564619878990925, 0.0000016838309875311097, 0.08772234618663788, 0.9961450695991516, -0.0000015944240203680238, -0.9961450099945068, 0.08772211521863937),
            ["LeftUpperLeg"] = CFrame.new(5.960464477539063e-08, -2.8405338525772095e-07, 5.21540641784668e-08, 0.8654119372367859, 0.481853187084198, -0.13740183413028717, -0.4423045814037323, 0.6057983636856079, -0.6613427400588989, -0.23543329536914825, 0.6331080794334412, 0.7373917102813721),
            ["LeftLowerLeg"] = CFrame.new(1.4901161193847656e-08, 1.7881393432617188e-07, -7.450580596923828e-08, 1, 2.0861622829215776e-07, 1.2293466511437146e-07, -1.713633110966839e-07, 0.4867898225784302, 0.8735191226005554, -2.2351736461700966e-08, -0.8735191822052002, 0.4867898225784302),
            ["RightUpperArm"] = CFrame.new(1.1920928955078125e-07, 0, -2.5331974029541016e-07, 0.2869792878627777, -0.37325477600097656, 0.8822335600852966, 0.6783804893493652, 0.7294411063194275, 0.08794460445642471, -0.67634516954422, 0.5732334852218628, 0.4625254273414612),
            ["Head"] = CFrame.new(1.4901161193847656e-08, 5.960464477539062e-07, -1.0803341865539551e-07, 0.9931848049163818, -0.003772048745304346, 0.11648937314748764, 0.02680414542555809, 0.9800781607627869, -0.19679512083530426, -0.11342635005712509, 0.1985764354467392, 0.9734998941421509),
            ["UpperTorso"] = CFrame.new(3.073364496231079e-08, -2.384185791015625e-07, 3.725290298461914e-09, 0.9904637932777405, -0.1334860473871231, -0.03410452976822853, 0.11752863973379135, 0.6894518733024597, 0.714732825756073, -0.07189342379570007, -0.711925208568573, 0.6985655426979065),
            ["LeftUpperArm"] = CFrame.new(0, 2.384185791015625e-07, -2.4586915969848633e-07, 0.9168387055397034, 0.21555688977241516, -0.33608123660087585, -0.2844643294811249, 0.9433135390281677, -0.17100675404071808, 0.28015509247779846, 0.2523787021636963, 0.9261783361434937),
            ["RightLowerArm"] = CFrame.new(-2.384185791015625e-07, -2.980232238769531e-07, 0, 1, 2.607685445354946e-08, 1.1362229201949958e-07, 4.4703469370688254e-08, 0.8324806094169617, -0.5540539622306824, -7.450577754752885e-08, 0.5540542006492615, 0.8324808478355408),
            ["LeftHand"] = CFrame.new(-8.242204785346985e-08, -2.980232238769531e-07, -2.9802322387695312e-08, 0.056405361741781235, 0.3571195900440216, 0.9323540329933167, 0.822005033493042, 0.5134218335151672, -0.2463855892419815, -0.5666800141334534, 0.7802972197532654, -0.2645944058895111),
            ["RightFoot"] = CFrame.new(1.043081283569336e-07, 1.1920928955078125e-07, -4.470348358154297e-08, 0.8336667418479919, 0.5521659851074219, -0.010504869744181633, -0.4658048748970032, 0.6928009390830994, -0.5505050420761108, -0.2966914176940918, 0.46383142471313477, 0.8347657322883606),
            ["RightUpperLeg"] = CFrame.new(1.1920928955078125e-07, -3.5855919122695923e-07, 3.725290298461914e-08, 0.7846651673316956, -0.5203813910484314, 0.33690163493156433, 0.6188157796859741, 0.6250802278518677, -0.47575515508651733, 0.03698107227683067, 0.5817885398864746, 0.8124988675117493),
            ["LowerTorso"] = CFrame.new(0.24414008855819702, -0.5781147480010986, 0.00879175215959549, 0.9829156398773193, 0.06794503331184387, -0.17105664312839508, -0.08544564992189407, 0.9915989637374878, -0.09711185097694397, 0.16302132606506348, 0.1100689247250557, 0.9804636240005493),
        }},
        {Time = 0.267, Data = {
            ["LeftLowerArm"] = CFrame.new(2.384185791015625e-07, 4.76837158203125e-07, 5.960464477539063e-08, 1, 7.450489114546599e-09, 1.043095849695419e-07, 6.705514010718616e-08, 0.4302530288696289, -0.9027082920074463, -8.940685347624822e-08, 0.9027084112167358, 0.4302530586719513),
            ["LeftFoot"] = CFrame.new(1.341104507446289e-07, 1.7881393432617188e-07, 2.7939677238464355e-08, 0.8713957071304321, -0.4904535114765167, 0.011150185018777847, 0.49026060104370117, 0.869780957698822, -0.055914536118507385, 0.017726492136716843, 0.05418941378593445, 0.9983733296394348),
            ["RightHand"] = CFrame.new(-1.341104507446289e-07, -2.980232238769531e-07, 5.960464477539063e-08, 0.07340574264526367, 0.1810864508152008, -0.9807243347167969, -0.28459426760673523, 0.9462920427322388, 0.15342490375041962, 0.9558336138725281, 0.26784175634384155, 0.1209983080625534),
            ["HumanoidRootPart"] = CFrame.new(0, 0, 0, 1, 0, 0, 0, 1, 0, 0, 0, 1),
            ["Handle"] = CFrame.new(0.009564906358718872, -1.7701005935668945, -0.0012834444642066956, 0.03933946415781975, 0.08818909525871277, 0.9953263998031616, -0.13820971548557281, 0.9870041608810425, -0.08197905868291855, -0.9896214604377747, -0.13433372974395752, 0.05103829503059387),
