return {
    ["Rogue-quette"] = {
        {Time = 0.000, Data = {
            ["LeftFoot"] = CFrame.new(3.725290298461914e-09, -1.1920928955078125e-07, -1.862645149230957e-09, 0.8456668853759766, 0.13908997178077698, 0.5152684450149536, 0.08932538330554962, 0.9149409532546997, -0.39357855916023254, -0.526183009147644, 0.3788629174232483, 0.7613109946250916),
            ["LeftLowerArm"] = CFrame.new(-4.172325134277344e-07, 1.1920928955078125e-07, 6.740447133779526e-08, 1, -2.9103826904020025e-08, 2.7939672797572257e-09, 4.00468671557519e-08, 0.9471235871315002, -0.32086923718452454, 3.463355380262101e-09, 0.32086917757987976, 0.9471235871315002),
            ["LowerTorso"] = CFrame.new(-0.16008636355400085, -0.1625347137451172, 0.11679580062627792, 0.9426710605621338, 0.14689795672893524, 0.2996538281440735, -0.07659939676523209, 0.9691794514656067, -0.23414501547813416, -0.32481375336647034, 0.197768434882164, 0.9248696565628052),
            ["Head"] = CFrame.new(3.725290298461914e-09, 1.1920928955078125e-07, 1.4901161193847656e-08, 0.9625608921051025, -0.014010563492774963, -0.27070340514183044, 0.035286933183670044, 0.9966419339179993, 0.07389017939567566, 0.2687591314315796, -0.08067600429058075, 0.9598228931427002),
            ["RightFoot"] = CFrame.new(1.1175870895385742e-08, 2.980232238769531e-07, 4.639878170564771e-08, 0.9268198609352112, 0.0982179194688797, -0.3624337315559387, 0.15640300512313843, 0.776509165763855, 0.610386312007904, 0.3413839638233185, -0.6224039793014526, 0.7043226361274719),
            ["UpperTorso"] = CFrame.new(-2.2351741790771484e-08, -8.940696716308594e-08, -7.450580596923828e-09, 0.990822434425354, -0.09924569725990295, -0.09176701307296753, 0.12010593712329865, 0.95787513256073, 0.2608635723590851, 0.06201174855232239, -0.2694912552833557, 0.9610042572021484),
            ["HumanoidRootPart"] = CFrame.new(0, 0, 0, 1, 0, 0, 0, 1, 0, 0, 0, 1),
            ["LeftUpperLeg"] = CFrame.new(-1.7881393432617188e-07, -2.2351741790771484e-08, -5.960464477539063e-08, 0.9567238092422485, -0.2718530297279358, -0.10380572825670242, 0.26312708854675293, 0.9605199694633484, -0.09036412835121155, 0.12427322566509247, 0.059139370918273926, 0.9904841184616089),
            ["LeftUpperArm"] = CFrame.new(0, 1.1920928955078125e-07, 7.450580596923828e-09, 0.05798095092177391, 0.9965411424636841, -0.05953234061598778, -0.997879683971405, 0.05608600378036499, -0.03302324190735817, -0.0295700840651989, 0.06132083013653755, 0.9976800084114075),
            ["RightLowerArm"] = CFrame.new(1.7881393432617188e-07, -1.7881393432617188e-07, 5.960464477539063e-08, 1, -1.4901159417490817e-08, -5.5879347371501353e-08, 4.470347292340193e-08, 0.94974684715271, -0.3130188584327698, -2.2351736461700966e-08, 0.31301891803741455, 0.9497469663619995),
            ["LeftHand"] = CFrame.new(5.029141902923584e-08, -2.980232238769531e-07, -1.4901161193847656e-08, 0.9387151598930359, -0.3011196553707123, -0.1677526831626892, 0.33604374527931213, 0.9078127145767212, 0.2509000301361084, 0.07673712074756622, -0.2918957769870758, 0.953366756439209),
            ["RightHand"] = CFrame.new(-4.6566128730773926e-08, 5.960464477539063e-08, -1.778826117515564e-07, 0.8636429905891418, -0.020253760740160942, 0.5036969780921936, -0.061409831047058105, 0.9875238537788391, 0.14500249922275543, -0.5003496408462524, -0.15616224706172943, 0.8516241908073425),
            ["RightUpperArm"] = CFrame.new(0, 2.384185791015625e-07, 0, 0.14696136116981506, -0.9061588048934937, -0.39658358693122864, 0.9078065752983093, 0.2827771008014679, -0.30971652269363403, 0.3927971422672272, -0.31450480222702026, 0.8641743063926697),
            ["RightLowerLeg"] = CFrame.new(2.9802322387695312e-08, -0.0000603795051574707, -0.00007214972720248625, 1, -1.4156101713069802e-07, -1.6577550354668347e-07, 1.4901162614933128e-07, 0.12375275045633316, 0.9923131465911865, -1.266598843585598e-07, -0.9923131465911865, 0.1237531378865242),
            ["RightUpperLeg"] = CFrame.new(5.960464477539063e-08, 1.8812716007232666e-07, -1.0227813618257642e-07, 0.9848632216453552, -0.17327815294265747, 0.004380806814879179, 0.1407429724931717, 0.784679651260376, -0.6037130355834961, 0.10117270797491074, 0.5951911211013794, 0.7971897125244141),
            ["LeftLowerLeg"] = CFrame.new(-4.7672074288129807e-08, 0.000060677528381347656, 0.00007214164361357689, 1, 5.960464477539063e-08, 1.4901161193847656e-08, -7.82310962677002e-08, 0.6960445046424866, 0.7179986834526062, 2.2351741790771484e-08, -0.7179986238479614, 0.6960445046424866),
        }},
        {Time = 0.033, Data = {
            ["LeftFoot"] = CFrame.new(1.1175870895385742e-08, 0, 1.4901161193847656e-08, 0.8943571448326111, 0.14134632050991058, 0.4244367480278015, 0.057168059051036835, 0.9048817157745361, -0.4218069314956665, -0.4436858892440796, 0.40151023864746094, 0.8012068867683411),
            ["LeftLowerArm"] = CFrame.new(-6.556510925292969e-07, 2.384185791015625e-07, 3.3527612686157227e-08, 1, -2.607702853651972e-08, 1.1175869119028903e-08, 2.9802315282267955e-08, 0.958260715007782, -0.28589579463005066, 3.7252894102834944e-09, 0.28589576482772827, 0.9582607746124268),
            ["LowerTorso"] = CFrame.new(-0.16558384895324707, -0.16420364379882812, 0.10689541697502136, 0.9443126320838928, 0.1432536393404007, 0.2962299883365631, -0.06859172880649567, 0.9661798477172852, -0.24857962131500244, -0.321821391582489, 0.2144179493188858, 0.9222018122673035),
            ["Head"] = CFrame.new(-4.0978193283081055e-08, -3.5762786865234375e-07, -3.725290298461914e-09, 0.9641844034194946, -0.015142709016799927, -0.2648003399372101, 0.03604694455862045, 0.9965870976448059, 0.07426314800977707, 0.2627720534801483, -0.08114852756261826, 0.9614394307136536),
            ["RightFoot"] = CFrame.new(-4.284083843231201e-08, 1.7881393432617188e-07, 9.145878721028566e-09, 0.9348148107528687, 0.12847734987735748, -0.33108144998550415, 0.09783397614955902, 0.8030291199684143, 0.5878543853759766, 0.34139400720596313, -0.5819260478019714, 0.738114058971405),
            ["UpperTorso"] = CFrame.new(0, 2.9802322387695312e-08, 2.9802322387695312e-08, 0.9921199679374695, -0.09005478024482727, -0.08710983395576477, 0.11092916131019592, 0.9545723795890808, 0.2765614986419678, 0.05824698135256767, -0.28404518961906433, 0.9570400714874268),
            ["HumanoidRootPart"] = CFrame.new(0, 0, 0, 1, 0, 0, 0, 1, 0, 0, 0, 1),
            ["LeftUpperLeg"] = CFrame.new(-1.1920928955078125e-07, -3.3527612686157227e-08, 2.9802322387695312e-08, 0.9743030667304993, -0.2248639464378357, -0.013032527640461922, 0.22407978773117065, 0.9735233187675476, -0.04517299681901932, 0.022845253348350525, 0.04109185189008713, 0.998894214630127),
            ["LeftUpperArm"] = CFrame.new(5.960464477539063e-08, -1.1920928955078125e-07, 4.470348358154297e-08, 0.08011864870786667, 0.9913855195045471, -0.10361415892839432, -0.9939168095588684, 0.07157490402460098, -0.0837041512131691, -0.07556694000959396, 0.10969020426273346, 0.9910891652107239),
            ["RightLowerArm"] = CFrame.new(5.960464477539063e-08, -1.1920928955078125e-07, -1.043081283569336e-07, 1, -2.60770320892334e-08, -1.4901159417490817e-08, 9.313223969797946e-09, 0.9568679332733154, -0.2905232608318329, -3.725289587919178e-08, 0.29052335023880005, 0.9568679332733154),
            ["LeftHand"] = CFrame.new(3.1478703022003174e-07, -5.960464477539063e-08, 0, 0.9589714407920837, -0.24039587378501892, -0.1502784937620163, 0.26854628324508667, 0.9401569366455078, 0.20973312854766846, 0.09086637943983078, -0.2414848357439041, 0.9661410450935364),
            ["RightHand"] = CFrame.new(-1.0989606380462646e-07, 1.1920928955078125e-07, 1.210719347000122e-07, 0.8656099438667297, -0.03318428620696068, 0.4996180832386017, -0.03200005739927292, 0.9920956492424011, 0.12133561074733734, -0.49969542026519775, -0.12101712822914124, 0.8577059507369995),
            ["RightUpperArm"] = CFrame.new(0, -1.1920928955078125e-07, 2.2351741790771484e-08, 0.17336373031139374, -0.9032329320907593, -0.3925751745700836, 0.9021627306938171, 0.3055286705493927, -0.3045564293861389, 0.3950284421443939, -0.3013676106929779, 0.8678306937217712),
            ["RightLowerLeg"] = CFrame.new(-2.2351741790771484e-08, -0.000060439109802246094, -0.00007214600191218778, 1, -1.639127589214695e-07, -1.6577546091411932e-07, 1.6391278734317893e-07, 0.1338726431131363, 0.9909985065460205, -1.527369164477932e-07, -0.9909985661506653, 0.13387301564216614),
            ["RightUpperLeg"] = CFrame.new(5.960464477539063e-08, 3.296881914138794e-07, -5.420588422566652e-09, 0.9874379634857178, -0.1564493626356125, 0.02213706634938717, 0.1412031203508377, 0.8108441233634949, -0.5679733157157898, 0.07090935111045837, 0.5639640092849731, 0.8227491974830627),
            ["LeftLowerLeg"] = CFrame.new(1.4819670468568802e-07, 0.000060677528381347656, 0.00007207691669464111, 1, 5.960465898624534e-08, 1.4901161193847656e-08, -7.823110337312755e-08, 0.6939956545829773, 0.7199792265892029, 1.862645326866641e-08, -0.7199793457984924, 0.6939955949783325),
        }},
        {Time = 0.067, Data = {
            ["LeftFoot"] = CFrame.new(1.4901161193847656e-08, 0, -1.4901161193847656e-08, 0.9380661249160767, 0.14265061914920807, 0.3157259523868561, 0.01881526969373226, 0.8889799118041992, -0.4575597047805786, -0.34594523906707764, 0.4351617395877838, 0.83123779296875),
            ["LeftLowerArm"] = CFrame.new(-2.9802322387695312e-08, 1.1920928955078125e-07, 9.685754776000977e-08, 1, -2.7939680791178034e-08, 0, 1.4435498130183078e-08, 0.976803719997406, -0.21413704752922058, -4.656612428988183e-09, 0.21413712203502655, 0.9768036603927612),
            ["LowerTorso"] = CFrame.new(-0.17036986351013184, -0.17275691032409668, 0.0972382053732872, 0.9503095746040344, 0.1392470747232437, 0.2784276008605957, -0.06111794337630272, 0.9604317545890808, -0.271727055311203, -0.3052479028701782, 0.24120795726776123, 0.9212179183959961),
            ["Head"] = CFrame.new(3.725290298461914e-09, -4.76837158203125e-07, 7.450580596923828e-09, 0.9671230316162109, -0.017194896936416626, -0.25372713804244995, 0.03718050196766853, 0.9965512156486511, 0.07418415695428848, 0.2515765428543091, -0.08117881417274475, 0.9644269943237305),
            ["RightFoot"] = CFrame.new(-2.9802322387695312e-08, 2.384185791015625e-07, -5.75528247281909e-09, 0.9381814002990723, 0.16310107707977295, -0.30530938506126404, 0.03407932445406914, 0.8342211246490479, 0.5503758788108826, 0.3444623649120331, -0.5267572402954102, 0.777092456817627),
            ["UpperTorso"] = CFrame.new(0, -2.9802322387695312e-08, 1.862645149230957e-08, 0.9937702417373657, -0.08426252752542496, -0.07294302433729172, 0.10239583253860474, 0.9487133622169495, 0.2990955710411072, 0.04399947077035904, -0.3047013282775879, 0.9514312148094177),
            ["HumanoidRootPart"] = CFrame.new(0, 0, 0, 1, 0, 0, 0, 1, 0, 0, 0, 1),
            ["LeftUpperLeg"] = CFrame.new(-5.960464477539063e-08, -1.8998980522155762e-07, 2.9802322387695312e-08, 0.9800096750259399, -0.1685958355665207, 0.10562507808208466, 0.1685129553079605, 0.9856510758399963, 0.009773999452590942, -0.10575734078884125, 0.008220544084906578, 0.9943580031394958),
            ["LeftUpperArm"] = CFrame.new(1.1920928955078125e-07, -2.384185791015625e-07, 1.4901161193847656e-08, 0.11173488944768906, 0.9789079427719116, -0.17103995382785797, -0.9847456216812134, 0.08596865087747574, -0.15127988159656525, -0.13338498771190643, 0.18533404171466827, 0.9735809564590454),
            ["RightLowerArm"] = CFrame.new(-1.4901161193847656e-07, 0, -7.450580596923828e-09, 1, -1.1175870895385742e-08, -2.0489094865183688e-08, -1.8626447051417472e-09, 0.9677565693855286, -0.25188735127449036, 2.607702498380604e-08, 0.2518874406814575, 0.9677565693855286),
            ["LeftHand"] = CFrame.new(-1.3783574104309082e-07, 5.960464477539063e-08, 5.960464477539063e-08, 0.9824379086494446, -0.0852397084236145, -0.16598188877105713, 0.1127098947763443, 0.9800281524658203, 0.16383352875709534, 0.14870184659957886, -0.17966414988040924, 0.9724241495132446),
            ["RightHand"] = CFrame.new(1.564621925354004e-07, 5.960464477539063e-08, -1.7415732145309448e-07, 0.8677436113357544, -0.07098916918039322, 0.49191614985466003, 0.033881720155477524, 0.9958937168121338, 0.08395131677389145, -0.49585598707199097, -0.05618121474981308, 0.8665856122970581),
            ["RightUpperArm"] = CFrame.new(0, -4.76837158203125e-07, -7.450580596923828e-09, 0.2072298377752304, -0.9014027714729309, -0.3801696002483368, 0.8824586868286133, 0.33998027443885803, -0.3250848948955536, 0.4222826063632965, -0.26811668276786804, 0.8659047484397888),
            ["RightLowerLeg"] = CFrame.new(-7.450580596923828e-09, -0.000060439109802246094, -0.00007207522139651701, 1, -1.4901158351676713e-07, -1.750886866602741e-07, 1.4156104555240745e-07, 0.13189612329006195, 0.9912635684013367, -1.4901162614933128e-07, -0.9912635684013367, 0.13189640641212463),
            ["RightUpperLeg"] = CFrame.new(1.1920928955078125e-07, 6.984919309616089e-08, -6.502523319795728e-08, 0.9906167984008789, -0.12514980137348175, 0.05491667613387108, 0.13509784638881683, 0.835951566696167, -0.5319151282310486, 0.020661450922489166, 0.5343431234359741, 0.8450150489807129),
            ["LeftLowerLeg"] = CFrame.new(7.566995918750763e-08, 0.000060498714447021484, 0.00007207505404949188, 1, 8.195638656616211e-08, -7.450581485102248e-09, -5.960464477539063e-08, 0.6876928806304932, 0.7260016798973083, 1.0058283805847168e-07, -0.7260017395019531, 0.6876929998397827),
        }},
        {Time = 0.100, Data = {
            ["LeftFoot"] = CFrame.new(1.4901161193847656e-08, 0, 1.4901161193847656e-08, 0.9642406105995178, 0.14123962819576263, 0.2242574542760849, -0.011774994432926178, 0.8681591153144836, -0.49614647030830383, -0.264766663312912, 0.4757639765739441, 0.8387772440910339),
            ["LeftLowerArm"] = CFrame.new(-7.748603820800781e-07, 5.960464477539063e-08, -1.1175870895385742e-08, 1, 0, -1.8626449271863521e-09, 5.122273716295922e-09, 0.9953581094741821, -0.09624149650335312, 2.002343357787595e-08, 0.09624149650335312, 0.9953580498695374),
            ["LowerTorso"] = CFrame.new(-0.1748325079679489, -0.19278454780578613, 0.0887620747089386, 0.9594845771789551, 0.1398731768131256, 0.24459145963191986, -0.06189916655421257, 0.9515125751495361, -0.30131787061691284, -0.2748781442642212, 0.2739698588848114, 0.9216195344924927),
            ["Head"] = CFrame.new(-7.450580596923828e-09, 2.384185791015625e-07, 3.725290298461914e-09, 0.9711582660675049, -0.018702935427427292, -0.23770123720169067, 0.03279535099864006, 0.9979216456413269, 0.055470630526542664, 0.2361697107553482, -0.06166616082191467, 0.9697532057762146),
            ["RightFoot"] = CFrame.new(-5.960464477539063e-08, 2.980232238769531e-07, 7.620110409334302e-08, 0.9338536858558655, 0.1946476399898529, -0.300049751996994, -0.022231703624129295, 0.868904173374176, 0.49448084831237793, 0.3569639325141907, -0.45510217547416687, 0.815756618976593),
            ["UpperTorso"] = CFrame.new(0, 5.960464477539063e-08, 7.82310962677002e-08, 0.9946860671043396, -0.08984382450580597, -0.050277046859264374, 0.10144060850143433, 0.9386953115463257, 0.3294859230518341, 0.017592530697584152, -0.3328351378440857, 0.9428209066390991),
            ["HumanoidRootPart"] = CFrame.new(0, 0, 0, 1, 0, 0, 0, 1, 0, 0, 0, 1),
            ["LeftUpperLeg"] = CFrame.new(-1.1920928955078125e-07, -1.4901161193847656e-07, 8.940696716308594e-08, 0.967624843120575, -0.12509582936763763, 0.21921075880527496, 0.11416519433259964, 0.991532027721405, 0.061892129480838776, -0.2250969409942627, -0.03486209735274315, 0.9737124443054199),
            ["LeftUpperArm"] = CFrame.new(0, 2.384185791015625e-07, 7.450580596923828e-09, 0.13209185004234314, 0.9576340913772583, -0.2559075951576233, -0.9800522327423096, 0.08749901503324509, -0.17844223976135254, -0.14849068224430084, 0.2743735611438751, 0.9500893354415894),
            ["RightLowerArm"] = CFrame.new(-1.4901161193847656e-07, -2.980232238769531e-07, 5.21540641784668e-08, 1, -3.3527612686157227e-08, 4.284083843231201e-08, 1.3504175555567599e-08, 0.9785613417625427, -0.2059556096792221, 0, 0.2059556245803833, 0.9785614013671875),
            ["LeftHand"] = CFrame.new(-2.868473529815674e-07, 0, 9.313225746154785e-10, 0.9737263321876526, 0.12579160928726196, -0.18982474505901337, -0.10781159996986389, 0.9888957738876343, 0.10228370875120163, 0.200583353638649, -0.07913108170032501, 0.9764756560325623),
            ["RightHand"] = CFrame.new(5.2677933126688004e-08, -5.960464477539063e-08, -1.882435753941536e-07, 0.8677019476890564, -0.11349713802337646, 0.4839542806148529, 0.10415367037057877, 0.9934852123260498, 0.04625129699707031, -0.48605093359947205, 0.010273229330778122, 0.8738701939582825),
            ["RightUpperArm"] = CFrame.new(-5.960464477539063e-08, 2.384185791015625e-07, 0, 0.249619722366333, -0.8984449505805969, -0.3612295985221863, 0.859460175037384, 0.3774174153804779, -0.3447961211204529, 0.446114718914032, -0.22439457476139069, 0.8663884401321411),
            ["RightLowerLeg"] = CFrame.new(-1.4901161193847656e-08, -0.00006020069122314453, -0.00007225776062114164, 1, -1.3038511781360285e-07, -1.8626458597736928e-07, 1.4528633585086936e-07, 0.09624569863080978, 0.9953576326370239, -1.7508865823856468e-07, -0.9953575730323792, 0.09624602645635605),
            ["RightUpperLeg"] = CFrame.new(1.1920928955078125e-07, 2.5331974029541016e-07, 5.790934665128589e-08, 0.9908936619758606, -0.08515966683626175, 0.10429637134075165, 0.12691175937652588, 0.8494650721549988, -0.5121548771858215, -0.04498118907213211, 0.5207273364067078, 0.8525371551513672),
            ["LeftLowerLeg"] = CFrame.new(-1.1385418474674225e-07, 0.00006073713302612305, 0.00007202813867479563, 1, 5.21540641784668e-08, 4.4703490686970326e-08, -6.05359673500061e-08, 0.6738453507423401, 0.7388724684715271, 4.0978193283081055e-08, -0.7388724088668823, 0.6738453507423401),
        }},
        {Time = 0.133, Data = {
            ["LeftFoot"] = CFrame.new(-7.450580596923828e-08, 0, 2.9802322387695312e-08, 0.9813563227653503, 0.13290433585643768, 0.13883934915065765, -0.038721516728401184, 0.8442827463150024, -0.5344972610473633, -0.18825669586658478, 0.5191560983657837, 0.833688497543335),
            ["LeftLowerArm"] = CFrame.new(-2.682209014892578e-07, 1.7881393432617188e-07, 1.4901161193847656e-08, 1, -2.7939677238464355e-09, -7.4505797087454084e-09, 1.0244547432591844e-08, 0.9962120652198792, -0.08695784956216812, -6.51925713412993e-09, 0.08695786446332932, 0.9962120652198792),
            ["LowerTorso"] = CFrame.new(-0.17716079950332642, -0.2221999168395996, 0.08233548700809479, 0.9681259393692017, 0.14816369116306305, 0.20194026827812195, -0.07612643390893936, 0.9421875476837158, -0.3263242244720459, -0.238615021109581, 0.3005499839782715, 0.9234352111816406),
            ["Head"] = CFrame.new(-1.862645149230957e-08, 0, 4.0978193283081055e-08, 0.9748908877372742, -0.01429869793355465, -0.2222236543893814, 0.014481911435723305, 0.9998948574066162, -0.0008049564785324037, 0.2222117930650711, -0.0024333884939551353, 0.9749953746795654),
            ["RightFoot"] = CFrame.new(-6.332993507385254e-08, 2.384185791015625e-07, 1.6952981241047382e-09, 0.9610351324081421, 0.18088625371456146, -0.20902590453624725, -0.06218387931585312, 0.8782595992088318, 0.47412365674972534, 0.26934143900871277, -0.4426514506340027, 0.8552864193916321),
            ["UpperTorso"] = CFrame.new(-7.450580596923828e-09, -5.960464477539063e-08, -4.842877388000488e-08, 0.99283766746521, -0.1152874305844307, -0.031342871487140656, 0.1188088208436966, 0.9251392483711243, 0.3605578541755676, -0.012571229599416256, -0.3616992235183716, 0.9322101473808289),
            ["HumanoidRootPart"] = CFrame.new(0, 0, 0, 1, 0, 0, 0, 1, 0, 0, 0, 1),
            ["LeftUpperLeg"] = CFrame.new(-1.7881393432617188e-07, -7.450580596923828e-09, -1.4901161193847656e-08, 0.9389451742172241, -0.09181040525436401, 0.33159157633781433, 0.06255952268838882, 0.9932321310043335, 0.09785863757133484, -0.33833181858062744, -0.07113967835903168, 0.9383339881896973),
            ["LeftUpperArm"] = CFrame.new(-1.1920928955078125e-07, -2.384185791015625e-07, 4.470348358154297e-08, 0.12105844914913177, 0.9482285380363464, -0.2936113178730011, -0.98878413438797, 0.08912798017263412, -0.11984199285507202, -0.08746860921382904, 0.30482614040374756, 0.9483830332756042),
            ["RightLowerArm"] = CFrame.new(-2.682209014892578e-07, -5.960464477539063e-08, -6.705522537231445e-08, 1, -3.725290298461914e-09, -2.7008351111135198e-08, -4.423781785334313e-09, 0.9871830344200134, -0.15959207713603973, -4.470347647611561e-08, 0.1595921367406845, 0.9871830344200134),
            ["LeftHand"] = CFrame.new(-5.4016709327697754e-08, 0, 0, 0.9496811032295227, 0.23975498974323273, -0.2015523910522461, -0.2224503755569458, 0.9692885875701904, 0.10486064851284027, 0.22050325572490692, -0.05474875867366791, 0.9738485217094421),
            ["RightHand"] = CFrame.new(1.8114224076271057e-07, -1.1920928955078125e-07, -2.0489096641540527e-08, 0.8615485429763794, -0.15452082455158234, 0.48358818888664246, 0.17317546904087067, 0.9848716855049133, 0.006170917302370071, -0.4772258996963501, 0.07842908799648285, 0.8752739429473877),
            ["RightUpperArm"] = CFrame.new(0, -2.384185791015625e-07, 5.960464477539063e-08, 0.30424100160598755, -0.890603244304657, -0.3380286693572998, 0.8324299454689026, 0.4210846424102783, -0.36020591855049133, 0.46313926577568054, -0.17179571092128754, 0.8694759011268616),
            ["RightLowerLeg"] = CFrame.new(-5.21540641784668e-08, -0.0000603795051574707, -0.00007216835365397856, 1, -1.415610029198433e-07, -1.713633963618122e-07, 1.3783575525394554e-07, 0.020060693845152855, 0.9997987747192383, -1.4901162614933128e-07, -0.9997988343238831, 0.020060980692505836),
            ["RightUpperLeg"] = CFrame.new(5.960464477539063e-08, 2.561137080192566e-07, -9.85528458841145e-08, 0.9840275049209595, -0.050406038761138916, 0.17073138058185577, 0.1363304853439331, 0.830110490322113, -0.5406762361526489, -0.11447255313396454, 0.5553160309791565, 0.8237232565879822),
            ["LeftLowerLeg"] = CFrame.new(3.725290298461914e-08, 0.00006079673767089844, 0.00007204059511423111, 1, 1.4901162970204496e-08, 7.450581307466564e-08, -7.078051567077637e-08, 0.6483211517333984, 0.7613670825958252, -1.30385160446167e-08, -0.7613670825958252, 0.6483211517333984),
        }},
        {Time = 0.167, Data = {
            ["LeftFoot"] = CFrame.new(-2.60770320892334e-08, -1.1920928955078125e-07, 1.4901161193847656e-08, 0.9895955324172974, 0.12411389499902725, 0.07277712225914001, -0.0631188377737999, 0.8290523886680603, -0.5555972456932068, -0.12929348647594452, 0.5452228784561157, 0.8282604217529297),
            ["LeftLowerArm"] = CFrame.new(-8.940696716308594e-08, 2.384185791015625e-07, -4.284083843231201e-08, 1, -1.955777406692505e-08, 1.3969838619232178e-09, 5.529727342690194e-09, 0.9947726726531982, -0.10211525112390518, 1.8626449271863521e-09, 0.10211523622274399, 0.9947726130485535),
            ["LowerTorso"] = CFrame.new(-0.17554393410682678, -0.253493070602417, 0.0885884016752243, 0.9713389873504639, 0.16750328242778778, 0.168651282787323, -0.10034748166799545, 0.932158350944519, -0.3478667140007019, -0.21547850966453552, 0.320972740650177, 0.9222503304481506),
            ["Head"] = CFrame.new(-9.313225746154785e-09, 1.1920928955078125e-07, 1.1175870895385742e-08, 0.976711094379425, -0.006354255601763725, -0.21446457505226135, -0.014980857260525227, 0.9951023459434509, -0.09770889580249786, 0.2140350192785263, 0.09864631295204163, 0.971832275390625),
            ["RightFoot"] = CFrame.new(3.725290298461914e-09, 4.172325134277344e-07, -5.75528247281909e-09, 0.9937210083007812, 0.11155837029218674, 0.008568083867430687, -0.09960369765758514, 0.8471462726593018, 0.5219407677650452, 0.050968438386917114, -0.5195170640945435, 0.8529387712478638),
            ["UpperTorso"] = CFrame.new(-1.862645149230957e-08, 8.940696716308594e-08, -7.078051567077637e-08, 0.9869141578674316, -0.15858447551727295, -0.02918224036693573, 0.1570100486278534, 0.9038970470428467, 0.39789196848869324, -0.03672178089618683, -0.39726710319519043, 0.9169681072235107),
            ["HumanoidRootPart"] = CFrame.new(0, 0, 0, 1, 0, 0, 0, 1, 0, 0, 0, 1),
            ["LeftUpperLeg"] = CFrame.new(-5.960464477539063e-08, 3.725290298461914e-08, -3.725290298461914e-08, 0.9070746302604675, -0.07856235653162003, 0.41357430815696716, 0.0296999029815197, 0.9919266700744629, 0.12328633666038513, -0.4199211001396179, -0.09954679757356644, 0.9020847678184509),
            ["LeftUpperArm"] = CFrame.new(0, -1.1920928955078125e-07, 1.4901161193847656e-08, 0.06715302914381027, 0.9508993029594421, -0.3021277189254761, -0.9974985122680664, 0.05728521570563316, -0.04141433909535408, -0.022073369473218918, 0.3041530251502991, 0.9523674845695496),
            ["RightLowerArm"] = CFrame.new(-8.940696716308594e-08, -1.1920928955078125e-07, -1.043081283569336e-07, 1, 3.7252898543727042e-09, -3.259628300611439e-08, 4.656612428988183e-09, 0.9907154440879822, -0.13595210015773773, 4.470347647611561e-08, 0.13595210015773773, 0.9907154440879822),
            ["LeftHand"] = CFrame.new(6.2515027821064e-08, -5.960464477539063e-08, 5.960464477539063e-08, 0.96941739320755, 0.14764373004436493, -0.19603919982910156, -0.12975236773490906, 0.9863647818565369, 0.10123749077320099, 0.2083132416009903, -0.07270492613315582, 0.9753562211990356),
            ["RightHand"] = CFrame.new(1.6996636986732483e-08, -1.1920928955078125e-07, -9.918585419654846e-08, 0.8669241666793823, -0.13589228689670563, 0.4795580506324768, 0.1622937023639679, 0.9866460561752319, -0.013801546767354012, -0.47127848863601685, 0.08979426324367523, 0.8774016499519348),
            ["RightUpperArm"] = CFrame.new(0, 0, -7.450580596923828e-09, 0.3450731635093689, -0.8825430274009705, -0.3194408118724823, 0.808643639087677, 0.45232999324798584, -0.3761558532714844, 0.4764662981033325, -0.12851251661777496, 0.8697496056556702),
            ["RightLowerLeg"] = CFrame.new(2.9802322387695312e-08, -0.000060439109802246094, -0.00007238069520099089, 1, -1.4901158351676713e-07, -1.7881399116959074e-07, 1.7508865823856468e-07, -0.07732419669628143, 0.9970060586929321, -1.788139627478813e-07, -0.9970060586929321, -0.07732400298118591),
            ["RightUpperLeg"] = CFrame.new(5.960464477539063e-08, 1.932494342327118e-07, -9.85528458841145e-08, 0.9712486863136292, -0.024215256795287132, 0.23683258891105652, 0.16778941452503204, 0.7753567099571228, -0.6088257431983948, -0.1688869595527649, 0.6310591697692871, 0.7571271061897278),
            ["LeftLowerLeg"] = CFrame.new(2.8638169169425964e-08, 0.00006073713302612305, 0.00007214606739580631, 1, 7.450580596923828e-08, 2.60770320892334e-08, -6.705522537231445e-08, 0.6280338764190674, 0.778186023235321, -1.862645149230957e-09, -0.778186023235321, 0.6280339360237122),
        }},
        {Time = 0.200, Data = {
            ["LeftFoot"] = CFrame.new(-3.725290298461914e-09, -1.1920928955078125e-07, -1.4901161193847656e-08, 0.9910227060317993, 0.12368335574865341, 0.050759363919496536, -0.0733083039522171, 0.8202199339866638, -0.5673316717147827, -0.11180320382118225, 0.5585173964500427, 0.821923553943634),
            ["LeftLowerArm"] = CFrame.new(-5.960464477539062e-07, 2.384185791015625e-07, -2.2351741790771484e-08, 1, -9.313225746154785e-09, -2.7939672797572257e-09, 2.0954756152491427e-08, 0.9939800500869751, -0.10956156998872757, -9.313224635931761e-10, 0.10956156253814697, 0.9939799904823303),
            ["LowerTorso"] = CFrame.new(-0.1672007143497467, -0.26934814453125, 0.100260429084301, 0.9686022400856018, 0.16957983374595642, 0.1818031519651413, -0.09182395786046982, 0.9235737919807434, -0.3722631335258484, -0.2310369610786438, 0.3438810110092163, 0.9101471304893494),
            ["Head"] = CFrame.new(-2.421438694000244e-08, 1.1920928955078125e-07, -1.1175870895385742e-08, 0.9774019718170166, 0.0026823559310287237, -0.21137215197086334, -0.04707428067922592, 0.9775727391242981, -0.20526963472366333, 0.20608103275299072, 0.2105811983346939, 0.9556078314781189),
            ["RightFoot"] = CFrame.new(4.470348358154297e-08, 4.76837158203125e-07, 8.365168469026685e-08, 0.97608882188797, 0.03530529513955116, 0.2144860476255417, -0.15617716312408447, 0.8002180457115173, 0.5790159702301025, -0.15119317173957825, -0.5986691117286682, 0.7865979075431824),
            ["UpperTorso"] = CFrame.new(7.450580596923828e-09, 8.940696716308594e-08, -1.4901161193847656e-08, 0.9838327169418335, -0.168146550655365, -0.06164471432566643, 0.17811734974384308, 0.88286292552948, 0.4345426857471466, -0.01864301599562168, -0.43849727511405945, 0.898539125919342),
            ["HumanoidRootPart"] = CFrame.new(0, 0, 0, 1, 0, 0, 0, 1, 0, 0, 0, 1),
            ["LeftUpperLeg"] = CFrame.new(-5.960464477539063e-08, 1.1920928955078125e-07, 7.450580596923828e-09, 0.9064518809318542, -0.051308441907167435, 0.4191807210445404, 0.007772289216518402, 0.9944507479667664, 0.10491544753313065, -0.4222376048564911, -0.09184283018112183, 0.9018206596374512),
            ["LeftUpperArm"] = CFrame.new(0, 1.1920928955078125e-07, 2.9802322387695312e-08, 0.006867337040603161, 0.9532734155654907, -0.302031010389328, -0.9998346567153931, 0.00145902915392071, -0.01812809519469738, -0.016840340569615364, 0.302105575799942, 0.9531257748603821),
            ["RightLowerArm"] = CFrame.new(-2.9802322387695312e-08, -5.960464477539063e-08, -1.4901161193847656e-08, 1, -3.725289943190546e-08, 5.960463766996327e-08, -1.4901159417490817e-08, 0.9836368560791016, -0.18016250431537628, 5.5879347371501353e-08, 0.18016253411769867, 0.9836368560791016),
            ["LeftHand"] = CFrame.new(-4.540197551250458e-07, -3.5762786865234375e-07, 3.725290298461914e-09, 0.9888734221458435, 0.027183957397937775, -0.14625458419322968, -0.00979428831487894, 0.9929258823394775, 0.1183311715722084, 0.14843669533729553, -0.11558213829994202, 0.982144296169281),
            ["RightHand"] = CFrame.new(1.600128598511219e-07, 0, 7.427297532558441e-08, 0.88279128074646, -0.11332795768976212, 0.4558907151222229, 0.11116340011358261, 0.9932976961135864, 0.0316619798541069, -0.45642343163490295, 0.02272743172943592, 0.889472484588623),
            ["RightUpperArm"] = CFrame.new(1.1920928955078125e-07, 1.1920928955078125e-07, -3.725290298461914e-09, 0.3457195460796356, -0.8847779035568237, -0.31248369812965393, 0.8051439523696899, 0.45073843002319336, -0.385458379983902, 0.48189350962638855, -0.1183338388800621, 0.8682027459144592),
            ["RightLowerLeg"] = CFrame.new(5.21540641784668e-08, -0.000060498714447021484, -0.0000723695193300955, 1, -1.415610029198433e-07, -2.0861632776814076e-07, 1.4901159772762185e-07, -0.14731238782405853, 0.9890901446342468, -1.7136333951839333e-07, -0.989090085029602, -0.1473122239112854),
            ["RightUpperLeg"] = CFrame.new(1.1920928955078125e-07, 2.2444874048233032e-07, 2.029992174357176e-09, 0.970227062702179, -0.0021459492854774, 0.24218764901161194, 0.1663513481616974, 0.7326822280883789, -0.6599275469779968, -0.17603038251399994, 0.6805676221847534, 0.7112249732017517),
            ["LeftLowerLeg"] = CFrame.new(-9.313225746154785e-08, 0.000060677528381347656, 0.00007199961692094803, 1, 3.725290298461914e-08, 6.705523247774181e-08, -6.705523247774181e-08, 0.585185706615448, 0.8108993768692017, 1.4901162970204496e-08, -0.8108993172645569, 0.585185706615448),
        }},
        {Time = 0.233, Data = {
            ["LeftFoot"] = CFrame.new(2.2351741790771484e-08, -5.960464477539063e-08, -4.470348358154297e-08, 0.9912508726119995, 0.12473251670598984, 0.04317055270075798, -0.07951673120260239, 0.8253771662712097, -0.558954119682312, -0.10535166412591934, 0.5506309270858765, 0.8280741572380066),
            ["LeftLowerArm"] = CFrame.new(-5.960464477539062e-07, 1.1920928955078125e-07, -1.4901161193847656e-08, 1, -6.984919309616089e-09, 2.3283061589829401e-10, 7.683410352399278e-09, 0.992686927318573, -0.1207180842757225, 0, 0.1207180917263031, 0.9926868677139282),
            ["LowerTorso"] = CFrame.new(-0.1531660556793213, -0.250363826751709, 0.10633960366249084, 0.9599619507789612, 0.1463577151298523, 0.23885688185691833, -0.04205216467380524, 0.9182901978492737, -0.3936683237552643, -0.27695637941360474, 0.36786213517189026, 0.8876782655715942),
            ["Head"] = CFrame.new(7.636845111846924e-08, 1.1920928955078125e-07, 3.725290298461914e-09, 0.9755046963691711, 0.01425323635339737, -0.2195166051387787, -0.07784798741340637, 0.955690324306488, -0.2838937044143677, 0.20574352145195007, 0.2940286695957184, 0.9333900213241577),
            ["RightFoot"] = CFrame.new(-2.2351741790771484e-08, 4.172325134277344e-07, 4.639878170564771e-08, 0.9558501243591309, 0.006891170982271433, 0.29377415776252747, -0.1860903799533844, 0.7879106998443604, 0.5869982242584229, -0.2274225652217865, -0.6157510280609131, 0.7544071078300476),
            ["UpperTorso"] = CFrame.new(2.2351741790771484e-08, 1.4901161193847656e-07, -6.705522537231445e-08, 0.9848831295967102, -0.13002347946166992, -0.11445179581642151, 0.1686399132013321, 0.870668888092041, 0.4620566666126251, 0.03957144170999527, -0.4743729531764984, 0.8794342279434204),
            ["HumanoidRootPart"] = CFrame.new(0, 0, 0, 1, 0, 0, 0, 1, 0, 0, 0, 1),
            ["LeftUpperLeg"] = CFrame.new(0, 2.2351741790771484e-07, -2.9802322387695312e-08, 0.9278770685195923, -0.0035223369486629963, 0.3728698492050171, -0.028169777244329453, 0.9964357614517212, 0.07951266318559647, -0.3718208372592926, -0.08428160101175308, 0.9244706630706787),
            ["LeftUpperArm"] = CFrame.new(1.1920928955078125e-07, 3.5762786865234375e-07, 0, -0.0509781651198864, 0.9491053223609924, -0.31080594658851624, -0.996972382068634, -0.0666593387722969, -0.04003435745835304, -0.05871494859457016, 0.307824045419693, 0.9496299624443054),
            ["RightLowerArm"] = CFrame.new(0, -1.1920928955078125e-07, 1.4901161193847656e-08, 1, 0, 3.725289943190546e-08, -1.484295131248814e-09, 0.9694572687149048, -0.24526017904281616, 0, 0.24526023864746094, 0.9694572687149048),
            ["LeftHand"] = CFrame.new(2.275337465107441e-07, 1.1920928955078125e-07, -1.862645149230957e-08, 0.9896227717399597, -0.09278895705938339, -0.10971371829509735, 0.10734111070632935, 0.9849895238876343, 0.1351805180311203, 0.09552361816167831, -0.14555443823337555, 0.9847279787063599),
            ["RightHand"] = CFrame.new(5.844049155712128e-08, 5.960464477539063e-08, -9.73232090473175e-08, 0.88425213098526, -0.09750912338495255, 0.4567168056964874, 0.06435613334178925, 0.9940717816352844, 0.0876341387629509, -0.46255436539649963, -0.04809800535440445, 0.8852853775024414),
            ["RightUpperArm"] = CFrame.new(1.1920928955078125e-07, 0, -2.7939677238464355e-09, 0.32360509037971497, -0.893592894077301, -0.3110811710357666, 0.8177255392074585, 0.4295268952846527, -0.38318610191345215, 0.47603026032447815, -0.13037803769111633, 0.8697108030319214),
            ["RightLowerLeg"] = CFrame.new(-6.705522537231445e-08, -0.000060439109802246094, -0.0000721106116543524, 1, -1.3411042232291948e-07, -1.7881399116959074e-07, 1.2293457984924316e-07, -0.19026832282543182, 0.9817322492599487, -1.9371509552001953e-07, -0.981732189655304, -0.1902681440114975),
            ["RightUpperLeg"] = CFrame.new(5.960464477539063e-08, 3.241002559661865e-07, -1.20904587674886e-07, 0.9827610850334167, -0.00037584634264931083, 0.18488027155399323, 0.12749679386615753, 0.7255509495735168, -0.6762548685073853, -0.13388578593730927, 0.688168466091156, 0.7130908966064453),
            ["LeftLowerLeg"] = CFrame.new(8.824281394481659e-08, 0.00006073713302612305, 0.00007210741750895977, 1, 1.4901161193847656e-08, 6.705522537231445e-08, -8.940696716308594e-08, 0.5688039064407349, 0.8224731683731079, -2.9802322387695312e-08, -0.8224731683731079, 0.5688039660453796),
        }},
        {Time = 0.267, Data = {
            ["LeftFoot"] = CFrame.new(6.146728992462158e-08, -5.960464477539063e-08, -2.9802322387695312e-08, 0.9927824139595032, 0.11723940074443817, 0.02526228316128254, -0.0862482562661171, 0.8443083763122559, -0.5288709998130798, -0.08333364129066467, 0.5228749513626099, 0.8483261466026306),
            ["LeftLowerArm"] = CFrame.new(-2.980232238769531e-07, 2.384185791015625e-07, 9.313225746154785e-08, 1, -9.778887033462524e-09, 1.862645149230957e-09, 8.614733815193176e-09, 0.9916779398918152, -0.12874336540699005, -4.656612873077393e-10, 0.12874336540699005, 0.9916779398918152),
            ["LowerTorso"] = CFrame.new(-0.13667365908622742, -0.19445347785949707, 0.10891025513410568, 0.9518586993217468, 0.10210472345352173, 0.28903257846832275, 0.021537333726882935, 0.9182884097099304, -0.3953259289264679, -0.30577993392944336, 0.38251936435699463, 0.8718816637992859),
            ["Head"] = CFrame.new(-2.0489096641540527e-08, 1.1920928955078125e-07, -1.1175870895385742e-08, 0.9744610786437988, 0.02449672669172287, -0.22321635484695435, -0.09855445474386215, 0.9398356676101685, -0.3271022140979767, 0.2017737478017807, 0.34074750542640686, 0.9182475805282593),
            ["RightFoot"] = CFrame.new(-2.2351741790771484e-08, 5.364418029785156e-07, -6.535992724820971e-08, 0.9874414801597595, 0.03306301310658455, 0.1544875204563141, -0.10209139436483383, 0.8798021674156189, 0.4642474353313446, -0.12056902050971985, -0.47418901324272156, 0.872128427028656),
            ["UpperTorso"] = CFrame.new(7.450580596923828e-09, 2.9802322387695312e-08, -2.60770320892334e-08, 0.9859673380851746, -0.07226735353469849, -0.15048547089099884, 0.13550980389118195, 0.8729332089424133, 0.4686414897441864, 0.09749622642993927, -0.4824574589729309, 0.8704765439033508),
            ["HumanoidRootPart"] = CFrame.new(0, 0, 0, 1, 0, 0, 0, 1, 0, 0, 0, 1),
            ["LeftUpperLeg"] = CFrame.new(0, 1.4901161193847656e-07, -5.960464477539063e-08, 0.9386057257652283, 0.060379039496183395, 0.3396669626235962, -0.0865710899233818, 0.9942846298217773, 0.062479518353939056, -0.3339531123638153, -0.08804897218942642, 0.9384682774543762),
            ["LeftUpperArm"] = CFrame.new(-1.1920928955078125e-07, 0, 0, -0.0940115675330162, 0.9462442398071289, -0.3094894587993622, -0.9934554696083069, -0.10941949486732483, -0.032767921686172485, -0.06487064808607101, 0.30438336730003357, 0.9503381252288818),
            ["RightLowerArm"] = CFrame.new(-4.470348358154297e-07, 0, 4.470348358154297e-08, 1, -5.21540641784668e-08, 3.725290298461914e-09, 6.053596024457875e-08, 0.9506956338882446, -0.31012558937072754, -3.7252898543727042e-09, 0.31012558937072754, 0.9506956338882446),
            ["LeftHand"] = CFrame.new(5.966285243630409e-08, -1.1920928955078125e-07, 3.259629011154175e-08, 0.9654185175895691, -0.22104701399803162, -0.1382220834493637, 0.23624688386917114, 0.9659732580184937, 0.10527650266885757, 0.11024769395589828, -0.1342904418706894, 0.9847900867462158),
            ["RightHand"] = CFrame.new(1.2293457984924316e-07, 0, -5.960464477539063e-08, 0.8882704377174377, -0.0312536247074604, 0.45825621485710144, -0.03663065657019615, 0.9896845817565918, 0.13850156962871552, -0.4578579068183899, -0.13981306552886963, 0.8779627084732056),
            ["RightUpperArm"] = CFrame.new(0, 0, -4.563480615615845e-08, 0.30435431003570557, -0.9068271517753601, -0.2916044592857361, 0.8612238168716431, 0.39276501536369324, -0.32253560423851013, 0.4070160686969757, -0.15297158062458038, 0.9005208611488342),
            ["RightLowerLeg"] = CFrame.new(3.725290298461914e-08, -0.000060558319091796875, -0.00007215531513793394, 1, -1.713633110966839e-07, -2.011657187495075e-07, 1.3783574104309082e-07, -0.3935776948928833, 0.9192913770675659, -2.2351741790771484e-07, -0.9192913770675659, -0.3935776948928833),
