return {
    ["Roll 'N Rock"] = {
        {Time = 0.000, Data = {
            ["LeftFoot"] = CFrame.new(-9.313225746154785e-09, 1.1920928955078125e-07, -8.381903171539307e-08, 0.749252200126648, -0.5670481324195862, -0.34216564893722534, 0.4741212725639343, 0.8199781775474548, -0.3206944465637207, 0.46241775155067444, 0.07805301249027252, 0.8832201957702637),
            ["LeftLowerArm"] = CFrame.new(5.960464477539062e-07, -4.76837158203125e-07, 0.000004678964614868164, 1, 4.768369876728684e-07, 3.874301341966202e-07, -1.3783569841052667e-07, 0.868139922618866, -0.4963195323944092, -5.736944785894593e-07, 0.4963197112083435, 0.868139922618866),
            ["LowerTorso"] = CFrame.new(0.1563725471496582, -0.4833031892776489, 0.10709133744239807, 0.9169537425041199, -0.2658279240131378, 0.2975425124168396, 0.3125971853733063, 0.9420568943023682, -0.12170401960611343, -0.24794965982437134, 0.20460788905620575, 0.9469195604324341),
            ["Head"] = CFrame.new(5.21540641784668e-08, -9.5367431640625e-07, -1.1548399925231934e-07, 0.969567596912384, 0.03671581670641899, -0.24205540120601654, -0.08876552432775497, 0.9741364121437073, -0.2077953964471817, 0.22816556692123413, 0.22295767068862915, 0.9477500915527344),
            ["RightUpperArm"] = CFrame.new(-0.029202401638031006, -0.023886442184448242, 0.06496603786945343, 0.992083728313446, -0.10525123029947281, 0.06849915534257889, 0.12462513148784637, 0.758087694644928, -0.6401342749595642, 0.015446072444319725, 0.6436033248901367, 0.7652031779289246),
            ["UpperTorso"] = CFrame.new(-7.450580596923828e-09, -8.940696716308594e-08, -5.587935447692871e-08, 0.9628589153289795, 0.22815127670764923, 0.14439436793327332, -0.2700016498565674, 0.8109530806541443, 0.5190898180007935, 0.0013340880395844579, -0.5387969017028809, 0.8424346446990967),
            ["HumanoidRootPart"] = CFrame.new(0, 0, 0, 1, 0, 0, 0, 1, 0, 0, 0, 1),
            ["RightHand"] = CFrame.new(0.0000010132789611816406, 0.0000011920928955078125, -6.854534149169922e-07, 0.5136193633079529, -0.025037694722414017, 0.8576529622077942, 0.6529223322868347, 0.6599213480949402, -0.3717474043369293, -0.5566754341125488, 0.7509174942970276, 0.35529589653015137),
            ["LeftUpperArm"] = CFrame.new(0.02920287847518921, -0.023888230323791504, 0.06496510654687881, 0.8079738616943359, 0.5303370952606201, 0.2567521929740906, -0.5853590369224548, 0.6726751923561096, 0.45261716842651367, 0.06732890009880066, -0.5159949064254761, 0.8539414405822754),
            ["RightLowerArm"] = CFrame.new(5.662441253662109e-07, 9.5367431640625e-07, -0.000003874301910400391, 1, -0.000018574293790152296, 0.000004947185061610071, 0.000018812714188243262, 0.8872404098510742, -0.46130698919296265, 0.000004068016551173059, 0.46130719780921936, 0.8872406482696533),
            ["LeftHand"] = CFrame.new(-0.0000012926757335662842, -3.5762786865234375e-07, 1.4901161193847656e-07, 0.7115659713745117, 0.42789968848228455, 0.5572904944419861, -0.3232668340206146, 0.9036085605621338, -0.28105416893959045, -0.623836874961853, 0.019835222512483597, 0.7813040614128113),
            ["RightUpperLeg"] = CFrame.new(0, -2.791639417409897e-07, 1.4137185644358397e-08, 0.9551037549972534, -0.24479363858699799, -0.16689208149909973, 0.2762351632118225, 0.939419150352478, 0.20294252038002014, 0.1071026623249054, -0.23993274569511414, 0.9648634791374207),
            ["LeftUpperLeg"] = CFrame.new(0, -2.3096799850463867e-07, -7.450580596923828e-08, 0.5974982380867004, 0.5128093361854553, -0.616459846496582, -0.801538348197937, 0.4040684998035431, -0.44075489044189453, 0.02306879125535488, 0.7574664354324341, 0.6524664163589478),
            ["RightLowerLeg"] = CFrame.new(5.75091689825058e-08, -0.0007264018058776855, 0.00004606490983860567, 1, 1.4156111660668103e-07, -2.0116578980378108e-07, 2.2817399525365545e-08, 0.9500302672386169, 0.3121582269668579, 2.533197118737007e-07, -0.3121582269668579, 0.9500302672386169),
            ["RightFoot"] = CFrame.new(4.470348358154297e-08, 3.5762786865234375e-07, 6.875052349641919e-08, 0.8333949446678162, 0.5517624020576477, -0.031798578798770905, -0.5335902571678162, 0.7882888913154602, -0.3064021170139313, -0.14399486780166626, 0.2723214328289032, 0.9513709545135498),
            ["LeftLowerLeg"] = CFrame.new(-5.960464477539063e-08, -0.0007262229919433594, 0.00008103251457214355, 1, 8.195639367158947e-08, -2.6077039194660756e-08, 1.4901159417490817e-08, 0.4594929814338684, 0.8881815075874329, 5.960463766996327e-08, -0.8881813883781433, 0.45949292182922363),
        }},
        {Time = 0.017, Data = {
            ["LeftFoot"] = CFrame.new(-1.1734664440155029e-07, 5.960464477539063e-08, -1.0244548320770264e-08, 0.7365362644195557, -0.5569136142730713, -0.3838771879673004, 0.4679690897464752, 0.829338788986206, -0.3052900731563568, 0.48838433623313904, 0.0452146977186203, 0.8714564442634583),
            ["LeftLowerArm"] = CFrame.new(6.556510925292969e-07, -5.364418029785156e-07, 0.0000050961971282958984, 1, 4.246832077114959e-07, 4.619358833224396e-07, -1.6391277313232422e-07, 0.8610070943832397, -0.5085930228233337, -6.07222318649292e-07, 0.5085930824279785, 0.861007034778595),
            ["LowerTorso"] = CFrame.new(0.16002529859542847, -0.49754202365875244, 0.1142672449350357, 0.9173389673233032, -0.2528131604194641, 0.3075302541255951, 0.30300092697143555, 0.944431722164154, -0.1274339109659195, -0.25822433829307556, 0.2100820690393448, 0.9429664611816406),
            ["Head"] = CFrame.new(5.960464477539063e-08, -5.960464477539062e-07, 5.960464477539063e-08, 0.9610418677330017, 0.02931470051407814, -0.27484405040740967, -0.09305793792009354, 0.9706260561943054, -0.2218676507472992, 0.26026687026023865, 0.23880039155483246, 0.9355402588844299),
            ["RightUpperArm"] = CFrame.new(-0.02920234203338623, -0.023886442184448242, 0.06496602296829224, 0.9852139353752136, -0.17100238800048828, 0.010568446479737759, 0.13741177320480347, 0.7518306374549866, -0.6448788046836853, 0.10233078896999359, 0.6367958784103394, 0.7642117142677307),
            ["UpperTorso"] = CFrame.new(8.568167686462402e-08, -5.960464477539063e-08, -1.1175870895385742e-08, 0.9636757373809814, 0.22247713804244995, 0.14776016771793365, -0.26707521080970764, 0.8023208379745483, 0.5338090658187866, 0.00020902047981508076, -0.5538820028305054, 0.8325952291488647),
            ["HumanoidRootPart"] = CFrame.new(0, 0, 0, 1, 0, 0, 0, 1, 0, 0, 0, 1),
            ["RightHand"] = CFrame.new(0.0000010728836059570312, 0.0000011920928955078125, -8.344650268554688e-07, 0.5236231088638306, -0.07647281885147095, 0.8485110998153687, 0.6645328998565674, 0.6598976254463196, -0.35061517357826233, -0.5331181287765503, 0.7474536895751953, 0.3963557779788971),
            ["LeftUpperArm"] = CFrame.new(0.02920287847518921, -0.023888111114501953, 0.064965158700943, 0.7718762159347534, 0.5597241520881653, 0.3015249967575073, -0.6352316737174988, 0.6594013571739197, 0.40208205580711365, 0.02622952312231064, -0.5018951892852783, 0.8645303249359131),
            ["RightLowerArm"] = CFrame.new(1.7881393432617188e-07, 7.152557373046875e-07, -0.000003516674041748047, 1, -0.000018721442756941542, 0.000004395842097437708, 0.000018797807570081204, 0.9011774063110352, -0.43345046043395996, 0.000004213301963318372, 0.4334503710269928, 0.9011774063110352),
            ["LeftHand"] = CFrame.new(-0.0000012814998626708984, -2.384185791015625e-07, 4.172325134277344e-07, 0.7349527478218079, 0.4328359067440033, 0.5220108032226562, -0.32998350262641907, 0.9007840752601624, -0.2823125720024109, -0.5924149751663208, 0.03523077815771103, 0.804862916469574),
            ["RightUpperLeg"] = CFrame.new(-2.9802322387695312e-08, -9.208451956510544e-08, -3.894820110872388e-08, 0.9370636940002441, -0.2776176333427429, -0.21175508201122284, 0.30822867155075073, 0.9426416158676147, 0.12814770638942719, 0.1640329360961914, -0.18535156548023224, 0.9688849449157715),
            ["LeftUpperLeg"] = CFrame.new(1.1920928955078125e-07, -8.195638656616211e-08, 0, 0.6108992695808411, 0.5167391896247864, -0.5998187065124512, -0.7916415333747864, 0.388844758272171, -0.4712785482406616, -0.010291867889463902, 0.7627453207969666, 0.6466172933578491),
            ["RightLowerLeg"] = CFrame.new(-1.364387571811676e-07, -0.0007267594337463379, 0.00004608353629009798, 1, 1.7788265438412054e-07, -2.2165477275848389e-07, -8.777715976293621e-08, 0.9005473256111145, 0.43475791811943054, 2.738088653586601e-07, -0.4347580671310425, 0.9005473852157593),
            ["RightFoot"] = CFrame.new(3.7206336855888367e-07, 2.980232238769531e-07, 7.061316864565015e-08, 0.8284792304039001, 0.5596150755882263, 0.021295245736837387, -0.5148545503616333, 0.7760724425315857, -0.3641926944255829, -0.2203342467546463, 0.2907620370388031, 0.9310802221298218),
            ["LeftLowerLeg"] = CFrame.new(-7.450580596923828e-09, -0.0007262229919433594, 0.00008101761341094971, 1, 2.980232594040899e-08, 2.60770320892334e-08, -1.4901159417490817e-08, 0.4629595875740051, 0.8863793611526489, 0, -0.8863794803619385, 0.4629596471786499),
        }},
        {Time = 0.033, Data = {
            ["LeftFoot"] = CFrame.new(-1.30385160446167e-08, 1.7881393432617188e-07, -4.190951585769653e-08, 0.7450516223907471, -0.5426591634750366, -0.38783881068229675, 0.45270460844039917, 0.8384324908256531, -0.3034627139568329, 0.4898538291454315, 0.05051888898015022, 0.8703398108482361),
            ["LeftLowerArm"] = CFrame.new(8.046627044677734e-07, -3.5762786865234375e-07, 0.000004708766937255859, 1, 4.870815928370575e-07, 3.2596287269370805e-07, -1.6205011377223855e-07, 0.847119927406311, -0.5314019322395325, -6.007030037835648e-07, 0.5314018130302429, 0.8471198678016663),
            ["LowerTorso"] = CFrame.new(0.146635502576828, -0.500971794128418, 0.11878513544797897, 0.934388279914856, -0.21205991506576538, 0.28626760840415955, 0.2572753131389618, 0.9574897289276123, -0.13047173619270325, -0.24643048644065857, 0.19556087255477905, 0.9492250084877014),
            ["Head"] = CFrame.new(-3.725290298461914e-09, -0.0000010728836059570312, -5.587935447692871e-08, 0.9566579461097717, 0.016813402995467186, -0.2907283306121826, -0.08505113422870636, 0.9709368944168091, -0.22371433675289154, 0.27851739525794983, 0.23874466121196747, 0.930284321308136),
            ["RightUpperArm"] = CFrame.new(-0.029201984405517578, -0.023886680603027344, 0.06496618688106537, 0.972623348236084, -0.2323857545852661, -0.0009384677978232503, 0.18115279078483582, 0.7607120871543884, -0.6232984066009521, 0.14555983245372772, 0.6060643196105957, 0.7819836139678955),
            ["UpperTorso"] = CFrame.new(-1.4901161193847656e-08, -4.172325134277344e-07, 2.9802322387695312e-08, 0.9720292091369629, 0.18276557326316833, 0.14749976992607117, -0.23398840427398682, 0.8076826930046082, 0.5412007570266724, -0.020220158621668816, -0.5605760812759399, 0.8278560638427734),
            ["HumanoidRootPart"] = CFrame.new(0, 0, 0, 1, 0, 0, 0, 1, 0, 0, 0, 1),
            ["RightHand"] = CFrame.new(0.0000010728836059570312, 0.0000011324882507324219, -8.046627044677734e-07, 0.575287401676178, -0.1733139306306839, 0.799379289150238, 0.6656080484390259, 0.6672108173370361, -0.33435818552970886, -0.4754055142402649, 0.7244253754615784, 0.49919676780700684),
            ["LeftUpperArm"] = CFrame.new(0.029202580451965332, -0.023888230323791504, 0.06496523320674896, 0.7495843768119812, 0.5643672347068787, 0.34585365653038025, -0.6612010598182678, 0.6625945568084717, 0.3518241345882416, -0.03060217946767807, -0.4924003481864929, 0.8698305487632751),
            ["RightLowerArm"] = CFrame.new(2.980232238769531e-07, 7.748603820800781e-07, -0.0000034570693969726562, 1, -0.000018794089555740356, 0.000004202127456665039, 0.00001873076325864531, 0.9061505198478699, -0.42295563220977783, 0.000004112721398996655, 0.4229554533958435, 0.9061504006385803),
            ["LeftHand"] = CFrame.new(-0.0000016223639249801636, 0, 1.1920928955078125e-07, 0.7468070983886719, 0.4418853521347046, 0.49700501561164856, -0.3473268449306488, 0.8964695334434509, -0.27515172958374023, -0.5671361684799194, 0.032861921936273575, 0.8229687809944153),
            ["RightUpperLeg"] = CFrame.new(-8.940696716308594e-08, -4.543253453448415e-07, 2.1122104953974485e-08, 0.9086772203445435, -0.3550751805305481, -0.21960744261741638, 0.3736990988254547, 0.9262756705284119, 0.04860628396272659, 0.18615803122520447, -0.12623457610607147, 0.9743767976760864),
            ["LeftUpperLeg"] = CFrame.new(1.1920928955078125e-07, -5.438923835754395e-07, 4.842877388000488e-08, 0.6584335565567017, 0.5137134790420532, -0.5500579476356506, -0.7521035671234131, 0.42153167724609375, -0.5066077709197998, -0.028384599834680557, 0.74726802110672, 0.663916289806366),
            ["RightLowerLeg"] = CFrame.new(-1.51805579662323e-07, -0.0007265210151672363, 0.00004608353629009798, 1, 7.357451892175959e-08, -2.3841863594498136e-07, -6.63567405467802e-08, 0.8548232913017273, 0.518919050693512, 2.8498473625404586e-07, -0.5189192891120911, 0.8548233509063721),
            ["RightFoot"] = CFrame.new(1.0477378964424133e-07, 2.384185791015625e-07, -5.790934665128589e-08, 0.8173209428787231, 0.5723002552986145, 0.0667760893702507, -0.5033125877380371, 0.7655566334724426, -0.4007485508918762, -0.2804693281650543, 0.29393088817596436, 0.913751482963562),
            ["LeftLowerLeg"] = CFrame.new(7.450580596923828e-09, -0.0007264018058776855, 0.00008091330528259277, 1, 6.705523247774181e-08, -8.009376983864058e-08, -5.960463766996327e-08, 0.4663655757904053, 0.8845921158790588, 2.9802318834981634e-08, -0.8845921754837036, 0.46636566519737244),
        }},
        {Time = 0.050, Data = {
            ["LeftFoot"] = CFrame.new(-1.3783574104309082e-07, 0, 1.6763806343078613e-08, 0.7650293707847595, -0.5293901562690735, -0.3667103946208954, 0.439270555973053, 0.8453630208969116, -0.30397850275039673, 0.4709264636039734, 0.07146742194890976, 0.8792727589607239),
            ["LeftLowerArm"] = CFrame.new(2.980232238769531e-07, -2.384185791015625e-07, 0.000005245208740234375, 1, 5.643815370603988e-07, 3.5949045695815585e-07, -1.8067657947540283e-07, 0.8342011570930481, -0.5514604449272156, -6.435438990592957e-07, 0.5514604449272156, 0.8342010974884033),
            ["LowerTorso"] = CFrame.new(0.11990794539451599, -0.4940072298049927, 0.12250497937202454, 0.9531875252723694, -0.15973109006881714, 0.2567481994628906, 0.1971215307712555, 0.9721132516860962, -0.12703916430473328, -0.22929620742797852, 0.17170275747776031, 0.9580925703048706),
            ["Head"] = CFrame.new(-4.6566128730773926e-08, -0.0000010728836059570312, -8.940696716308594e-08, 0.9546970129013062, 0.0030909297056496143, -0.2975633144378662, -0.071119025349617, 0.973339319229126, -0.2180660367012024, 0.2889561951160431, 0.22934946417808533, 0.9294639825820923),
            ["RightUpperArm"] = CFrame.new(-0.029202580451965332, -0.023886561393737793, 0.0649661123752594, 0.9558372497558594, -0.29336023330688477, 0.01774747110903263, 0.24791914224624634, 0.7724049687385559, -0.584744930267334, 0.15783345699310303, 0.5633209347724915, 0.8110230565071106),
            ["UpperTorso"] = CFrame.new(5.21540641784668e-08, 5.960464477539063e-08, -2.3283064365386963e-08, 0.9810156226158142, 0.13278257846832275, 0.1413409262895584, -0.1888728141784668, 0.8195263743400574, 0.5410207509994507, -0.04399468004703522, -0.5574454069137573, 0.8290472626686096),
            ["HumanoidRootPart"] = CFrame.new(0, 0, 0, 1, 0, 0, 0, 1, 0, 0, 0, 1),
            ["RightHand"] = CFrame.new(0.0000011324882507324219, 0.0000013709068298339844, -8.344650268554688e-07, 0.633285641670227, -0.2986893653869629, 0.7139571905136108, 0.6783719658851624, 0.6582707762718201, -0.32632923126220703, -0.3725060224533081, 0.6909880042076111, 0.6194953322410583),
            ["LeftUpperArm"] = CFrame.new(0.02920287847518921, -0.023888468742370605, 0.06496530771255493, 0.733443558216095, 0.5556091666221619, 0.3916122615337372, -0.6720570921897888, 0.6791423559188843, 0.29513463377952576, -0.10198013484477997, -0.47965008020401, 0.871513307094574),
            ["RightLowerArm"] = CFrame.new(2.384185791015625e-07, 5.960464477539062e-07, -0.000003546476364135742, 1, -0.000018879769413615577, 0.0000039339056456810795, 0.000018790360627463087, 0.9121876358985901, -0.4097727835178375, 0.000004176049515081104, 0.40977269411087036, 0.9121876955032349),
            ["LeftHand"] = CFrame.new(-0.0000015106052160263062, -5.960464477539062e-07, 1.1920928955078125e-07, 0.7652310729026794, 0.43234333395957947, 0.47696739435195923, -0.3540048897266388, 0.9014452695846558, -0.2491559535264969, -0.5376821160316467, 0.021812308579683304, 0.8428661823272705),
            ["RightUpperLeg"] = CFrame.new(2.9802322387695312e-08, 1.587904989719391e-07, -1.3802491594105959e-08, 0.878921627998352, -0.4349905252456665, -0.19565284252166748, 0.44183313846588135, 0.8970463275909424, -0.00955690536648035, 0.17966687679290771, -0.07804618030786514, 0.98062664270401),
            ["LeftUpperLeg"] = CFrame.new(1.7881393432617188e-07, -3.3527612686157227e-08, -2.2351741790771484e-08, 0.7156999111175537, 0.4969029426574707, -0.490776002407074, -0.6978271007537842, 0.48012977838516235, -0.5315191745758057, -0.028477318584918976, 0.722885251045227, 0.6903812885284424),
            ["RightLowerLeg"] = CFrame.new(-4.423782229423523e-08, -0.0007263422012329102, 0.000046068635128904134, 1, 2.142043200592525e-07, -2.0116567611694336e-07, -8.754432201385498e-08, 0.8287423849105835, 0.5596303343772888, 2.905726432800293e-07, -0.5596303343772888, 0.8287423849105835),
            ["RightFoot"] = CFrame.new(2.7008354663848877e-07, 3.5762786865234375e-07, -5.75528247281909e-09, 0.8067704439163208, 0.5846970081329346, 0.0851505771279335, -0.5045897364616394, 0.7567590475082397, -0.41557854413986206, -0.3074258863925934, 0.29231011867523193, 0.9055627584457397),
            ["LeftLowerLeg"] = CFrame.new(8.940696716308594e-08, -0.0007264614105224609, 0.00008082389831542969, 1, 8.195640788244418e-08, 3.725289587919178e-08, -8.940698847936801e-08, 0.4822227358818054, 0.8760488033294678, 0, -0.8760488033294678, 0.48222246766090393),
        }},
        {Time = 0.067, Data = {
            ["LeftFoot"] = CFrame.new(-2.0489096641540527e-08, 1.7881393432617188e-07, 4.470348358154297e-08, 0.7885852456092834, -0.514281153678894, -0.33711743354797363, 0.42799893021583557, 0.8526754379272461, -0.29960256814956665, 0.4415316879749298, 0.09197637438774109, 0.8925189971923828),
            ["LeftLowerArm"] = CFrame.new(5.364418029785156e-07, -1.7881393432617188e-07, 0.0000050961971282958984, 1, 6.444753921641677e-07, 4.097819896742294e-07, -2.086162567138672e-07, 0.8236432075500488, -0.567108690738678, -4.842877388000488e-07, 0.5671084523200989, 0.8236429691314697),
            ["LowerTorso"] = CFrame.new(0.0865064188838005, -0.48365581035614014, 0.12755170464515686, 0.9692506194114685, -0.09668153524398804, 0.22628754377365112, 0.12599073350429535, 0.9848851561546326, -0.11885938048362732, -0.21137572824954987, 0.14371462166309357, 0.9667815566062927),
            ["Head"] = CFrame.new(-1.2834789231419563e-08, -9.5367431640625e-07, -7.82310962677002e-08, 0.9529858231544495, -0.011641918681561947, -0.30279141664505005, -0.05392348766326904, 0.9767962098121643, -0.20727162063121796, 0.29817864298820496, 0.21385420858860016, 0.930245041847229),
            ["RightUpperArm"] = CFrame.new(-0.02920234203338623, -0.023886799812316895, 0.06496594846248627, 0.9336860179901123, -0.35449641942977905, 0.050622954964637756, 0.3246389329433441, 0.7782953381538391, -0.5374629497528076, 0.1511290967464447, 0.5182555317878723, 0.8417665362358093),
            ["UpperTorso"] = CFrame.new(-2.60770320892334e-08, -4.172325134277344e-07, -2.3283064365386963e-08, 0.9883033633232117, 0.07449288666248322, 0.13306890428066254, -0.1351071000099182, 0.8323948979377747, 0.5374615788459778, -0.07072877883911133, -0.5491534471511841, 0.8327232003211975),
            ["HumanoidRootPart"] = CFrame.new(0, 0, 0, 1, 0, 0, 0, 1, 0, 0, 0, 1),
            ["RightHand"] = CFrame.new(6.556510925292969e-07, 0.0000011920928955078125, -9.5367431640625e-07, 0.6714867949485779, -0.4213580787181854, 0.6095600724220276, 0.6971554160118103, 0.638029932975769, -0.32694363594055176, -0.25115710496902466, 0.6444961428642273, 0.7221803069114685),
            ["LeftUpperArm"] = CFrame.new(0.029202759265899658, -0.023888230323791504, 0.06496521085500717, 0.7228332161903381, 0.5456924438476562, 0.42394906282424927, -0.6703227162361145, 0.7027509212493896, 0.23834359645843506, -0.1678674817085266, -0.45646584033966064, 0.8737617135047913),
            ["RightLowerArm"] = CFrame.new(2.682209014892578e-07, -3.5762786865234375e-07, -0.0000034868717193603516, 1, -0.000018924474716186523, 0.0000035166744964953978, 0.00001882016658782959, 0.9221537113189697, -0.38682377338409424, 0.000004172325134277344, 0.38682374358177185, 0.9221537113189697),
            ["LeftHand"] = CFrame.new(-0.0000014677643775939941, -4.76837158203125e-07, 0, 0.7806013822555542, 0.4110647439956665, 0.47083401679992676, -0.35455024242401123, 0.9115949869155884, -0.208063542842865, -0.5147383809089661, -0.004519892856478691, 0.8573359251022339),
            ["RightUpperLeg"] = CFrame.new(-5.960464477539063e-08, -2.8312206268310547e-07, -4.0810846257954836e-08, 0.8505941033363342, -0.5094466805458069, -0.130207359790802, 0.5081449747085571, 0.8600656390190125, -0.04556118696928024, 0.13519789278507233, -0.027410216629505157, 0.9904394745826721),
            ["LeftUpperLeg"] = CFrame.new(0, -5.289912223815918e-07, 1.1175870895385742e-08, 0.7774488925933838, 0.4644002318382263, -0.42415302991867065, -0.6285445094108582, 0.5495892763137817, -0.550348162651062, -0.02247186377644539, 0.694466769695282, 0.7191739082336426),
            ["RightLowerLeg"] = CFrame.new(2.2584572434425354e-07, -0.0007261037826538086, 0.0000461207891930826, 1, 1.8067666474053112e-07, -2.3469334564651945e-07, -3.725290742551124e-09, 0.8074632883071899, 0.5899176597595215, 2.998858974478935e-07, -0.589917778968811, 0.8074633479118347),
            ["RightFoot"] = CFrame.new(2.9616057872772217e-07, 2.384185791015625e-07, 4.639878170564771e-08, 0.8003918528556824, 0.5965087413787842, 0.05958445370197296, -0.5204492807388306, 0.7407624125480652, -0.42473942041397095, -0.2974986732006073, 0.30894720554351807, 0.9033527970314026),
            ["LeftLowerLeg"] = CFrame.new(3.725290298461914e-08, -0.0007263422012329102, 0.00008098781108856201, 1, 1.1175873737556685e-07, 7.450581485102248e-09, -8.940696716308594e-08, 0.5108453035354614, 0.8596727252006531, 4.470348358154297e-08, -0.8596727252006531, 0.5108452439308167),
        }},
        {Time = 0.083, Data = {
            ["LeftFoot"] = CFrame.new(5.587935447692871e-08, 5.960464477539063e-08, 1.862645149230957e-09, 0.811228334903717, -0.49296095967292786, -0.31448090076446533, 0.4135773777961731, 0.8639249801635742, -0.2873800992965698, 0.4133552312850952, 0.1030687615275383, 0.9047178626060486),
            ["LeftLowerArm"] = CFrame.new(7.450580596923828e-07, -2.384185791015625e-07, 0.000004976987838745117, 1, 4.5448535956893465e-07, 3.2037482355917746e-07, -1.8626454334480513e-07, 0.8133525252342224, -0.5817710757255554, -5.513430210157821e-07, 0.581771194934845, 0.8133525252342224),
            ["LowerTorso"] = CFrame.new(0.04814515635371208, -0.4735952615737915, 0.13378705084323883, 0.980149507522583, -0.022520408034324646, 0.19697657227516174, 0.04380570352077484, 0.9935722351074219, -0.10438036173582077, -0.19335977733135223, 0.11093705147504807, 0.9748358726501465),
            ["Head"] = CFrame.new(1.862645149230957e-08, -8.344650268554688e-07, -7.450580596923828e-08, 0.9525362849235535, -0.026035785675048828, -0.3033098578453064, -0.034763481467962265, 0.9805157780647278, -0.19334028661251068, 0.30243393778800964, 0.19470752775669098, 0.9330716729164124),
            ["RightUpperArm"] = CFrame.new(-0.029202282428741455, -0.023886561393737793, 0.06496588885784149, 0.9095553159713745, -0.4074510633945465, 0.08181002736091614, 0.39337652921676636, 0.7806189656257629, -0.4856843054294586, 0.13403043150901794, 0.47393864393234253, 0.8702976703643799),
            ["UpperTorso"] = CFrame.new(3.725290298461914e-09, 1.4901161193847656e-07, -1.6763806343078613e-08, 0.9931454658508301, 0.006570341531187296, 0.11670100688934326, -0.06790994852781296, 0.8450561761856079, 0.5303475856781006, -0.09513445198535919, -0.5346372127532959, 0.8397097587585449),
            ["HumanoidRootPart"] = CFrame.new(0, 0, 0, 1, 0, 0, 0, 1, 0, 0, 0, 1),
            ["RightHand"] = CFrame.new(5.364418029785156e-07, 0.0000011920928955078125, -7.152557373046875e-07, 0.6841747164726257, -0.5233134627342224, 0.5079846978187561, 0.7153964042663574, 0.616992712020874, -0.3279149532318115, -0.14182056486606598, 0.5877610445022583, 0.796506941318512),
            ["LeftUpperArm"] = CFrame.new(0.029202818870544434, -0.02388787269592285, 0.06496511399745941, 0.7103241682052612, 0.5331586599349976, 0.4595470130443573, -0.6609218120574951, 0.7297878861427307, 0.17490263283252716, -0.2421196848154068, -0.427962064743042, 0.870761513710022),
            ["RightLowerArm"] = CFrame.new(7.450580596923828e-07, 8.344650268554688e-07, -0.0000035762786865234375, 1, -0.000018969176380778663, 0.0000029206271392467897, 0.000018808990716934204, 0.9322890639305115, -0.36171412467956543, 0.000004207715392112732, 0.36171409487724304, 0.9322890639305115),
            ["LeftHand"] = CFrame.new(-0.0000012740492820739746, -4.76837158203125e-07, 2.384185791015625e-07, 0.7990427613258362, 0.37988588213920593, 0.4660640358924866, -0.345563679933548, 0.9244677424430847, -0.16107891499996185, -0.49205321073532104, -0.03234697878360748, 0.8699643611907959),
            ["RightUpperLeg"] = CFrame.new(-5.960464477539063e-08, 3.4552067518234253e-07, -2.032174961641431e-08, 0.8054680228233337, -0.5896058678627014, -0.05988474190235138, 0.5850402116775513, 0.8071999549865723, -0.07846252620220184, 0.09460089355707169, 0.028163975104689598, 0.9951168894767761),
            ["LeftUpperLeg"] = CFrame.new(0, -1.210719347000122e-08, 0, 0.8411152958869934, 0.418535977602005, -0.3425680696964264, -0.5401692390441895, 0.6181530952453613, -0.5710551142692566, -0.027247633785009384, 0.665367841720581, 0.7460182905197144),
            ["RightLowerLeg"] = CFrame.new(-2.2776657715439796e-07, -0.0007264614105224609, 0.00004607608570950106, 1, 1.608278239473293e-07, -2.4843035362209775e-07, -7.668859325349331e-08, 0.784475564956665, 0.6201595067977905, 2.9033981263637543e-07, -0.6201598644256592, 0.7844758033752441),
            ["RightFoot"] = CFrame.new(3.7628342397511005e-07, 2.980232238769531e-07, 9.145878721028566e-09, 0.7903762459754944, 0.6118292808532715, 0.031153172254562378, -0.5413209199905396, 0.7212933897972107, -0.43209654092788696, -0.2868398129940033, 0.3246549665927887, 0.9012892246246338),
            ["LeftLowerLeg"] = CFrame.new(7.450580596923828e-08, -0.0007261037826538086, 0.0000810772180557251, 1, 1.266598843585598e-07, -2.9802322387695312e-08, -5.960465188081798e-08, 0.5490880012512207, 0.8357645273208618, 7.450581307466564e-08, -0.8357646465301514, 0.5490880012512207),
        }},
        {Time = 0.100, Data = {
            ["LeftFoot"] = CFrame.new(1.862645149230957e-09, 2.384185791015625e-07, 3.5390257835388184e-08, 0.8340604305267334, -0.4663536846637726, -0.29471659660339355, 0.3958621025085449, 0.8780137300491333, -0.26904457807540894, 0.38423508405685425, 0.10773241519927979, 0.9169281721115112),
            ["LeftLowerArm"] = CFrame.new(0.0000010132789611816406, 1.1920928955078125e-07, 0.000004827976226806641, 1, 4.842877388000488e-07, 4.2468303718123934e-07, -2.3841860752327193e-07, 0.8093118667602539, -0.5873794555664062, -5.215406986280868e-07, 0.5873792767524719, 0.8093116283416748),
            ["LowerTorso"] = CFrame.new(0.005009543150663376, -0.46202540397644043, 0.13839802145957947, 0.9838773608207703, 0.06029603257775307, 0.16837438941001892, -0.045954883098602295, 0.9950765371322632, -0.08781145513057709, -0.17284010350704193, 0.0786580741405487, 0.9818041324615479),
            ["Head"] = CFrame.new(1.4901161193847656e-08, -3.5762786865234375e-07, 5.587935447692871e-08, 0.9526352286338806, -0.04273683577775955, -0.3010973632335663, -0.01301647163927555, 0.9834395051002502, -0.1807689517736435, 0.3038365840911865, 0.17612577974796295, 0.9363028407096863),
            ["RightUpperArm"] = CFrame.new(-0.02920234203338623, -0.02388584613800049, 0.06496642529964447, 0.8892592191696167, -0.4488126337528229, 0.08823395520448685, 0.4395984411239624, 0.7852941155433655, -0.43596675992012024, 0.12637759745121002, 0.42647460103034973, 0.8956270813941956),
            ["UpperTorso"] = CFrame.new(-7.450580596923828e-09, -1.1920928955078125e-07, -2.9569491744041443e-08, 0.9929385781288147, -0.06823419034481049, 0.09704148769378662, 0.007721208035945892, 0.8534599542617798, 0.5211014151573181, -0.11837802827358246, -0.5166721343994141, 0.8479600548744202),
            ["HumanoidRootPart"] = CFrame.new(0, 0, 0, 1, 0, 0, 0, 1, 0, 0, 0, 1),
            ["RightHand"] = CFrame.new(0.0000011920928955078125, 0.0000014901161193847656, -7.152557373046875e-07, 0.6842893958091736, -0.5927575826644897, 0.42472103238105774, 0.7263723611831665, 0.6054150462150574, -0.3253548741340637, -0.06427580118179321, 0.5311414003372192, 0.8448410630226135),
            ["LeftUpperArm"] = CFrame.new(0.029202699661254883, -0.02388787269592285, 0.0649653896689415, 0.6950381398200989, 0.5242511630058289, 0.49202069640159607, -0.6461931467056274, 0.7555195689201355, 0.10781314224004745, -0.31520876288414, -0.3928751051425934, 0.8638819456100464),
            ["RightLowerArm"] = CFrame.new(1.7881393432617188e-07, 5.960464477539062e-07, -0.000003695226041600108, 1, -0.000019058585166931152, 0.0000026375053039373597, 0.000018734488548943773, 0.937883734703064, -0.34694981575012207, 0.000004065049324708525, 0.34694981575012207, 0.9378836750984192),
            ["LeftHand"] = CFrame.new(-0.0000017285346984863281, -3.5762786865234375e-07, 1.7881393432617188e-07, 0.814563512802124, 0.35839319229125977, 0.4561127722263336, -0.33791908621788025, 0.9322841167449951, -0.12906689941883087, -0.4714839458465576, -0.04899653419852257, 0.8805128931999207),
            ["RightUpperLeg"] = CFrame.new(-1.1920928955078125e-07, -9.359791874885559e-08, -4.57002897746861e-08, 0.7371363639831543, -0.6757032871246338, -0.007428118027746677, 0.6708927750587463, 0.7331148386001587, -0.11155980080366135, 0.08082696795463562, 0.07725111395120621, 0.9937300086021423),
            ["LeftUpperLeg"] = CFrame.new(5.960464477539063e-08, -4.973262548446655e-07, 6.984919309616089e-10, 0.899683952331543, 0.3602920174598694, -0.2464924156665802, -0.43466904759407043, 0.6871033906936646, -0.582196056842804, -0.04039477929472923, 0.6309348940849304, 0.7747833728790283),
            ["RightLowerLeg"] = CFrame.new(6.111804395914078e-09, -0.0007266402244567871, 0.00004604628338711336, 1, 2.3702165208305814e-07, -2.0954763613190153e-07, -5.075707321111622e-08, 0.7671645879745483, 0.6414501667022705, 2.589076473213936e-07, -0.6414503455162048, 0.7671648263931274),
            ["RightFoot"] = CFrame.new(1.9837170839309692e-07, 2.384185791015625e-07, -3.55576048605144e-08, 0.7748443484306335, 0.6317253112792969, 0.023234441876411438, -0.5621592998504639, 0.7053968906402588, -0.43173134326934814, -0.2891250550746918, 0.3214631974697113, 0.9017030000686646),
            ["LeftLowerLeg"] = CFrame.new(-4.470348358154297e-08, -0.0007260441780090332, 0.00008097290992736816, 1, 7.82310962677002e-08, -5.215405707303944e-08, -2.9802322387695312e-08, 0.5953525900840759, 0.8034644722938538, 4.470348358154297e-08, -0.8034645915031433, 0.5953527092933655),
        }},
        {Time = 0.117, Data = {
            ["LeftFoot"] = CFrame.new(1.2759119272232056e-07, 1.1920928955078125e-07, -3.725290298461914e-08, 0.8569594025611877, -0.4369112551212311, -0.2733665406703949, 0.37650346755981445, 0.8929229974746704, -0.24684777855873108, 0.3519456684589386, 0.10861501097679138, 0.9296972155570984),
            ["LeftLowerArm"] = CFrame.new(8.344650268554688e-07, -2.980232238769531e-07, 0.000004827976226806641, 1, 6.183981895446777e-07, 3.373716310761665e-07, -7.450581307466564e-08, 0.8134469389915466, -0.581639289855957, -4.768372150465439e-07, 0.581639289855957, 0.8134469389915466),
            ["LowerTorso"] = CFrame.new(-0.041215743869543076, -0.4490494728088379, 0.13945025205612183, 0.9790172576904297, 0.14854001998901367, 0.1395033448934555, -0.13894976675510406, 0.9873641133308411, -0.07619085162878036, -0.14905798435211182, 0.05520819127559662, 0.9872861504554749),
            ["Head"] = CFrame.new(-7.450580596923828e-09, -0.0000010728836059570312, 7.450580596923828e-09, 0.9512873888015747, -0.06479649990797043, -0.30141958594322205, 0.011839384213089943, 0.984621524810791, -0.1742997169494629, 0.3080783188343048, 0.16224029660224915, 0.9374250769615173),
            ["RightUpperArm"] = CFrame.new(-0.029202282428741455, -0.023886680603027344, 0.06496633589267731, 0.8730711340904236, -0.4828793704509735, 0.06763505190610886, 0.4684508740901947, 0.7922020554542542, -0.3911134898662567, 0.13528001308441162, 0.37315359711647034, 0.917853832244873),
            ["UpperTorso"] = CFrame.new(1.1175870895385742e-08, -5.960464477539062e-07, 7.450580596923828e-09, 0.985846221446991, -0.14591151475906372, 0.0825665146112442, 0.08295900374650955, 0.8525285124778748, 0.5160553455352783, -0.14568883180618286, -0.5019013285636902, 0.8525665402412415),
            ["HumanoidRootPart"] = CFrame.new(0, 0, 0, 1, 0, 0, 0, 1, 0, 0, 0, 1),
            ["RightHand"] = CFrame.new(8.642673492431641e-07, 0.0000013709068298339844, -8.344650268554688e-07, 0.6815242171287537, -0.6401335000991821, 0.35461923480033875, 0.7317453622817993, 0.6017974019050598, -0.31998196244239807, -0.008577894419431686, 0.47756579518318176, 0.8785538077354431),
            ["LeftUpperArm"] = CFrame.new(0.029202818870544434, -0.023888230323791504, 0.06496518850326538, 0.6746665239334106, 0.5223133563995361, 0.5215510129928589, -0.628960132598877, 0.776609480381012, 0.035863425582647324, -0.38630831241607666, -0.35223081707954407, 0.8524661064147949),
            ["RightLowerArm"] = CFrame.new(2.086162567138672e-07, 0.0000010728836059570312, -0.0000035315752029418945, 1, -0.000018984079360961914, 0.000002555549144744873, 0.000018786640794132836, 0.9391082525253296, -0.34362155199050903, 0.000004131347395741614, 0.34362152218818665, 0.9391081929206848),
            ["LeftHand"] = CFrame.new(-0.000001564621925354004, -3.5762786865234375e-07, 1.5459954738616943e-07, 0.8317743539810181, 0.348935604095459, 0.4317329525947571, -0.33062756061553955, 0.9361488223075867, -0.1196325495839119, -0.44591137766838074, -0.043236471712589264, 0.894032895565033),
            ["RightUpperLeg"] = CFrame.new(2.9802322387695312e-08, -4.4517219066619873e-07, -1.287116901949048e-08, 0.6530165076255798, -0.7563949227333069, 0.03789975121617317, 0.7535085082054138, 0.643865704536438, -0.1328979879617691, 0.07612108439207077, 0.11534219980239868, 0.9904049038887024),
            ["LeftUpperLeg"] = CFrame.new(0, -6.444752216339111e-07, -1.862645149230957e-08, 0.9466026425361633, 0.28857338428497314, -0.14376699924468994, -0.31753411889076233, 0.7572770118713379, -0.5707046985626221, -0.055818744003772736, 0.5858813524246216, 0.808472216129303),
            ["RightLowerLeg"] = CFrame.new(-2.9616057872772217e-07, -0.0007264614105224609, 0.000046090986870694906, 1, 3.5297142630952294e-07, -1.2107197733257635e-07, -3.3993277526178645e-08, 0.7543480396270752, 0.6564745903015137, 2.7753415565712203e-07, -0.656474769115448, 0.7543482780456543),
            ["RightFoot"] = CFrame.new(2.2398307919502258e-07, 2.384185791015625e-07, 6.129994289949536e-08, 0.7575667500495911, 0.6524797677993774, 0.019045833498239517, -0.5847316384315491, 0.6912981867790222, -0.42449480295181274, -0.29014071822166443, 0.31044647097587585, 0.9052300453186035),
            ["LeftLowerLeg"] = CFrame.new(4.842877388000488e-08, -0.0007265806198120117, 0.00008096545934677124, 1, 1.1920931797249068e-07, -1.862644793959589e-08, -5.960463766996327e-08, 0.6470782160758972, 0.7624238133430481, 5.960463766996327e-08, -0.7624237537384033, 0.6470779180526733),
        }},
        {Time = 0.133, Data = {
            ["LeftFoot"] = CFrame.new(1.3690441846847534e-07, 0, 9.313225746154785e-09, 0.8768596649169922, -0.408961683511734, -0.25272050499916077, 0.35927098989486694, 0.9067440032958984, -0.22077077627182007, 0.31943947076797485, 0.10278964787721634, 0.9420151710510254),
            ["LeftLowerArm"] = CFrame.new(9.5367431640625e-07, -4.76837158203125e-07, 0.000004932284355163574, 1, 4.5448535956893465e-07, 3.4272659377165837e-07, -1.4901159772762185e-07, 0.8241389393806458, -0.5663880705833435, -6.407498744920304e-07, 0.5663877129554749, 0.8241387605667114),
            ["LowerTorso"] = CFrame.new(-0.08706870675086975, -0.4360133409500122, 0.13793690502643585, 0.9655553102493286, 0.23594632744789124, 0.10969271510839462, -0.22919677197933197, 0.9708083271980286, -0.07071176916360855, -0.12317478656768799, 0.0431349016726017, 0.9914472103118896),
            ["Head"] = CFrame.new(0, -0.0000013113021850585938, -9.313225746154785e-09, 0.9490780234336853, -0.09094914048910141, -0.30162787437438965, 0.03844814747571945, 0.9837042093276978, -0.17563565075397491, 0.31268617510795593, 0.1550949364900589, 0.9371087551116943),
            ["RightUpperArm"] = CFrame.new(-0.029202401638031006, -0.023887038230895996, 0.06496627628803253, 0.8571941256523132, -0.5135431885719299, 0.03862329572439194, 0.4930194914340973, 0.7966345548629761, -0.3497209846973419, 0.14882905781269073, 0.3188208341598511, 0.9360573887825012),
            ["UpperTorso"] = CFrame.new(-8.800998330116272e-08, 1.4901161193847656e-07, -1.0826624929904938e-08, 0.9725363254547119, -0.2213863730430603, 0.07184074074029922, 0.1532389372587204, 0.8413582444190979, 0.5182989239692688, -0.175188347697258, -0.4930560886859894, 0.8521766662597656),
            ["HumanoidRootPart"] = CFrame.new(0, 0, 0, 1, 0, 0, 0, 1, 0, 0, 0, 1),
            ["RightHand"] = CFrame.new(0.0000010728836059570312, 0.000001430511474609375, -8.344650268554688e-07, 0.6803727149963379, -0.6729761958122253, 0.29016685485839844, 0.7318917512893677, 0.6035279035568237, -0.3163665235042572, 0.037783123552799225, 0.4276179373264313, 0.9031696915626526),
            ["LeftUpperArm"] = CFrame.new(0.029202818870544434, -0.023888826370239258, 0.06496526300907135, 0.6490793228149414, 0.5290566086769104, 0.546623706817627, -0.6112096309661865, 0.79049152135849, -0.03931665048003197, -0.45290055871009827, -0.3085811138153076, 0.8364549279212952),
            ["RightLowerArm"] = CFrame.new(1.4901161193847656e-07, 0.0000010728836059570312, -0.000003643333911895752, 1, -0.000019043687643716112, 0.0000025406486656720517, 0.000018822031051968224, 0.9397614002227783, -0.3418312072753906, 0.000004108995653950842, 0.3418312072753906, 0.9397614002227783),
            ["LeftHand"] = CFrame.new(-0.0000013709068298339844, -4.172325134277344e-07, 2.384185791015625e-07, 0.8536020517349243, 0.34358203411102295, 0.3915521502494812, -0.320455402135849, 0.938940167427063, -0.1253027468919754, -0.41069668531417847, -0.018517524003982544, 0.9115844964981079),
            ["RightUpperLeg"] = CFrame.new(-2.9802322387695312e-08, 1.0803341865539551e-07, -1.6596459317952394e-08, 0.5610172748565674, -0.8238206505775452, 0.08111221343278885, 0.8247493505477905, 0.5478469729423523, -0.14018680155277252, 0.0710517093539238, 0.14554442465305328, 0.9867971539497375),
