return {
    ["Roll Call"] = {
        {Time = 0.000, Data = {
            ["RightFoot"] = CFrame.new(1.043081283569336e-07, -5.960464477539063e-08, 6.502523319795728e-08, 0.9707633852958679, 0.06603973358869553, 0.2307753562927246, -0.07154335081577301, 0.997316300868988, 0.015552625991404057, -0.22912883758544922, -0.0316084586083889, 0.9728828072547913),
            ["LeftLowerArm"] = CFrame.new(0.0000012516975402832031, -2.980232238769531e-07, 0.000004932284355163574, 1, 9.685756907629184e-08, -5.960465188081798e-08, -1.1920928955078125e-07, 0.5869560241699219, -0.8096190094947815, -8.940696716308594e-08, 0.8096188902854919, 0.586955726146698),
            ["RightUpperArm"] = CFrame.new(0.011565685272216797, -0.09649944305419922, -0.025574058294296265, 0.4714764654636383, -0.8418790698051453, 0.2625822126865387, -0.2957238256931305, 0.1295819878578186, 0.9464439153671265, -0.8308173418045044, -0.5238780379295349, -0.18786896765232086),
            ["Head"] = CFrame.new(-2.2351741790771484e-08, -7.152557373046875e-07, -1.4901161193847656e-08, 0.9235584139823914, 0.22358158230781555, -0.31153038144111633, -0.21744941174983978, 0.9745341539382935, 0.054763663560152054, 0.31584134697914124, 0.01716461405158043, 0.9486568570137024),
            ["RightHand"] = CFrame.new(2.384185791015625e-07, 9.5367431640625e-07, -6.407499313354492e-07, 0.9632688760757446, 0.2629476487636566, 0.054512329399585724, -0.26851412653923035, 0.9403640627861023, 0.20884378254413605, 0.0036534802056849003, -0.21581003069877625, 0.9764286279678345),
            ["UpperTorso"] = CFrame.new(1.6298145055770874e-09, 8.940696716308594e-08, -9.313225746154785e-10, 0.6863827705383301, -0.11025487631559372, -0.7188342213630676, 0.05211951583623886, 0.9933569431304932, -0.10259462893009186, 0.7253705263137817, 0.03295382857322693, 0.6875694394111633),
            ["HumanoidRootPart"] = CFrame.new(0, 0, 0, 1, 0, 0, 0, 1, 0, 0, 0, 1),
            ["RightUpperLeg"] = CFrame.new(1.1920928955078125e-07, 1.8888385966420174e-07, -9.145878721028566e-09, 0.9658644795417786, -0.253271222114563, -0.054401956498622894, 0.1287180632352829, 0.6514719128608704, -0.7476739883422852, 0.22480562329292297, 0.7151489853858948, 0.6618339419364929),
            ["LeftUpperArm"] = CFrame.new(0.08659934997558594, 0.06301355361938477, -0.04284396767616272, 0.8975392580032349, 0.13512904942035675, -0.4197186231613159, -0.42213961482048035, -0.011615901254117489, -0.9064564108848572, -0.12736399471759796, 0.9907599091529846, 0.04661756008863449),
            ["RightLowerArm"] = CFrame.new(2.980232238769531e-07, 2.980232238769531e-07, -0.0000037848949432373047, 1, -0.000015020370483398438, 0.000012397767932270654, 0.000018972905309055932, 0.6112508773803711, -0.7914369702339172, 0.0000043511395233508665, 0.7914369702339172, 0.6112508177757263),
            ["LeftHand"] = CFrame.new(-0.0000014007091522216797, -9.5367431640625e-07, 4.544854164123535e-07, 0.9826918244361877, -0.13568447530269623, -0.12612061202526093, 0.10384081304073334, 0.9672708511352539, -0.23152601718902588, 0.1534074991941452, 0.21442246437072754, 0.9646188020706177),
            ["LeftFoot"] = CFrame.new(1.862645149230957e-08, -1.1920928955078125e-07, 2.421438694000244e-08, 0.9819766283035278, -0.16306215524673462, 0.09556606411933899, 0.17356561124324799, 0.9781482815742493, -0.11445993930101395, -0.07481364160776138, 0.1289840191602707, 0.9888206124305725),
            ["LowerTorso"] = CFrame.new(-0.06547258794307709, -0.3016418218612671, 0.08716341108083725, 0.08088356256484985, 0.08074069023132324, 0.99344801902771, -0.004837656859308481, 0.9967337250709534, -0.08061385899782181, -0.9967119097709656, 0.0017143762670457363, 0.08100996911525726),
            ["RightLowerLeg"] = CFrame.new(-1.1920928955078125e-07, -0.0007265806198120117, 0.000046009030484128743, 1, 1.229346082709526e-07, 2.7939681679356454e-09, -4.470347647611561e-08, 0.5113449096679688, 0.859375536441803, 1.2665985593685036e-07, -0.8593755960464478, 0.5113450288772583),
            ["LeftUpperLeg"] = CFrame.new(-8.940696716308594e-08, 7.264316082000732e-08, -3.725290298461914e-09, 0.9961811900138855, 0.0872630700469017, -0.0028663906268775463, -0.0852876678109169, 0.9796057343482971, 0.18193009495735168, 0.018683724105358124, -0.18099088966846466, 0.9833073019981384),
            ["LeftLowerLeg"] = CFrame.new(-5.145557224750519e-08, -0.0007269382476806641, 0.00008099153637886047, 1, 7.078050856534901e-08, 3.352760913344355e-08, -6.891787052154541e-08, 0.5516694784164429, 0.8340627551078796, 3.725290298461914e-08, -0.8340628743171692, 0.5516694784164429),
        }},
        {Time = 0.033, Data = {
            ["RightFoot"] = CFrame.new(1.30385160446167e-07, -1.1920928955078125e-07, -3.3694959711283445e-08, 0.9430711269378662, 0.03927576541900635, 0.33026382327079773, -0.05243191868066788, 0.998142659664154, 0.031018340960144997, -0.32843250036239624, -0.046568866819143295, 0.9433788657188416),
            ["LeftLowerArm"] = CFrame.new(0.0000014603137969970703, -2.384185791015625e-07, 0.000004567205905914307, 1, 1.1920928955078125e-07, -1.4901161193847656e-08, -1.3411047916633834e-07, 0.8124408721923828, -0.58304363489151, -7.4505820180093e-08, 0.5830436944961548, 0.8124408721923828),
            ["RightUpperArm"] = CFrame.new(0.015094637870788574, -0.08023941516876221, -0.028824493288993835, 0.6985911130905151, -0.7146942019462585, -0.034388069063425064, 0.23001158237457275, 0.1788003146648407, 0.9566217660903931, -0.6775434613227844, -0.6761971116065979, 0.2892962694168091),
            ["Head"] = CFrame.new(-3.725290298461914e-08, -5.960464477539062e-07, -7.450580596923828e-09, 0.9424770474433899, 0.1957281529903412, -0.2709752321243286, -0.19034892320632935, 0.9806257486343384, 0.04626474529504776, 0.2747807502746582, 0.00797632709145546, 0.961473822593689),
            ["RightHand"] = CFrame.new(4.172325134277344e-07, 9.5367431640625e-07, -7.450580596923828e-07, 0.8867170810699463, 0.2888542413711548, 0.3609650135040283, -0.4159800112247467, 0.8391879796981812, 0.3503204584121704, -0.2017260491847992, -0.46078938245773315, 0.8642800450325012),
            ["UpperTorso"] = CFrame.new(-1.1175870895385742e-08, 5.960464477539063e-08, 2.7939677238464355e-08, 0.7018288373947144, -0.11673766374588013, -0.7027153372764587, 0.03469692915678024, 0.9909118413925171, -0.129960834980011, 0.7115001082420349, 0.06682812422513962, 0.6995007991790771),
            ["HumanoidRootPart"] = CFrame.new(0, 0, 0, 1, 0, 0, 0, 1, 0, 0, 0, 1),
            ["RightUpperLeg"] = CFrame.new(-2.9802322387695312e-08, -2.9942020773887634e-07, 1.879379851743579e-08, 0.9722179174423218, -0.22637557983398438, -0.05955196171998978, 0.12178651243448257, 0.7064501047134399, -0.6972061991691589, 0.1999010294675827, 0.6705836057662964, 0.714392900466919),
            ["LeftUpperArm"] = CFrame.new(0.08437269926071167, 0.04235637187957764, -0.043600618839263916, 0.8777820467948914, 0.2087392508983612, -0.43119218945503235, -0.4087871313095093, -0.14293651282787323, -0.9013669490814209, -0.24978363513946533, 0.9674694538116455, -0.04013727232813835),
            ["RightLowerArm"] = CFrame.new(2.980232238769531e-07, 5.960464477539062e-07, -0.00000406801700592041, 1, -0.000015437599358847365, 0.000011831521987915039, 0.000018991529941558838, 0.6405317187309265, -0.7679317593574524, 0.000004306435585021973, 0.7679316401481628, 0.6405317187309265),
            ["LeftHand"] = CFrame.new(-0.0000017546117305755615, -0.0000011324882507324219, -2.7939677238464355e-08, 0.9731268882751465, -0.19057945907115936, -0.12924177944660187, 0.1500522345304489, 0.9505617618560791, -0.27187633514404297, 0.1746663898229599, 0.24517729878425598, 0.9536141753196716),
            ["LeftFoot"] = CFrame.new(-4.470348358154297e-08, -2.384185791015625e-07, -3.67872416973114e-08, 0.9792720675468445, -0.18147267401218414, 0.08996601402759552, 0.1918189525604248, 0.9735433459281921, -0.12417332082986832, -0.06505178660154343, 0.13885653018951416, 0.9881736040115356),
            ["LowerTorso"] = CFrame.new(-0.12737040221691132, -0.24673545360565186, 0.10087995231151581, 0.21517209708690643, 0.09015551209449768, 0.9724057912826538, -0.029957547783851624, 0.9958704113960266, -0.08570204675197601, -0.9761165380477905, -0.010690199211239815, 0.2169843465089798),
            ["RightLowerLeg"] = CFrame.new(-6.705522537231445e-08, -0.0007264614105224609, 0.00004604628338711336, 1, 1.359731243155693e-07, -5.7276359655134e-08, -9.685752644372769e-08, 0.621903657913208, 0.7830935716629028, 1.2665984172599565e-07, -0.7830938100814819, 0.6219039559364319),
            ["LeftUpperLeg"] = CFrame.new(-2.9802322387695312e-08, -2.7334317564964294e-07, 2.9802322387695312e-08, 0.9963220953941345, 0.019479114562273026, 0.0834440141916275, -0.035411398857831955, 0.9803710579872131, 0.19395530223846436, -0.07802796363830566, -0.1961967647075653, 0.9774551391601562),
            ["LeftLowerLeg"] = CFrame.new(1.0617077350616455e-07, -0.0007264018058776855, 0.00008102133870124817, 1, 9.126963362859897e-08, 4.0512531995773315e-08, -6.70552182668871e-08, 0.5285781025886536, 0.8488848805427551, 4.470347647611561e-08, -0.8488847017288208, 0.5285778045654297),
        }},
        {Time = 0.067, Data = {
            ["RightFoot"] = CFrame.new(1.9744038581848145e-07, -3.5762786865234375e-07, 4.593312041833997e-08, 0.9064078330993652, -0.08493392914533615, 0.41377657651901245, -0.027588754892349243, 0.9655810594558716, 0.25863510370254517, -0.42150184512138367, -0.24584433436393738, 0.8728671073913574),
            ["LeftLowerArm"] = CFrame.new(0.0000016689300537109375, 3.5762786865234375e-07, 0.000005304813385009766, 1, 1.4901164746561335e-08, 3.72529100900465e-08, -1.49011640360186e-07, 0.8892000913619995, -0.4575187563896179, -1.3411047916633834e-07, 0.45751863718032837, 0.8892000913619995),
            ["RightUpperArm"] = CFrame.new(0.018944621086120605, -0.0675966739654541, -0.03559601306915283, 0.6665475368499756, -0.7446988224983215, -0.03374031186103821, 0.3867477774620056, 0.3067587912082672, 0.8696694374084473, -0.637291669845581, -0.5927248001098633, 0.4924800992012024),
            ["Head"] = CFrame.new(-7.450580596923828e-09, -7.152557373046875e-07, -2.2351741790771484e-08, 0.9606904983520508, 0.16494973003864288, -0.22330603003501892, -0.16130974888801575, 0.9862980842590332, 0.03457488492131233, 0.2259492129087448, 0.0028057771269232035, 0.9741349816322327),
            ["RightHand"] = CFrame.new(2.980232238769531e-07, 0.0000011920928955078125, -5.662441253662109e-07, 0.9273433685302734, 0.09776447713375092, 0.36121484637260437, -0.25527167320251465, 0.8710779547691345, 0.4195946753025055, -0.27362528443336487, -0.4813162386417389, 0.8327450752258301),
            ["UpperTorso"] = CFrame.new(-2.2351741790771484e-08, -1.7881393432617188e-07, -4.842877388000488e-08, 0.7190824747085571, -0.10492996871471405, -0.686957061290741, 0.018467934802174568, 0.9910709857940674, -0.13205085694789886, 0.6946794390678406, 0.08226863294839859, 0.7145995497703552),
            ["HumanoidRootPart"] = CFrame.new(0, 0, 0, 1, 0, 0, 0, 1, 0, 0, 0, 1),
            ["RightUpperLeg"] = CFrame.new(0, -3.923196345567703e-07, -6.316258804872632e-08, 0.9803340435028076, -0.19323104619979858, -0.04008568823337555, 0.11022606492042542, 0.7046319842338562, -0.7009596824645996, 0.16369271278381348, 0.6827559471130371, 0.712073564529419),
            ["LeftUpperArm"] = CFrame.new(0.08450508117675781, 0.023458003997802734, -0.047567009925842285, 0.7279974818229675, 0.3980509042739868, -0.5581894516944885, -0.5347818732261658, -0.1797492355108261, -0.8256503343582153, -0.42898496985435486, 0.8995808959007263, 0.0820133239030838),
            ["RightLowerArm"] = CFrame.new(3.2782554626464844e-07, 6.556510925292969e-07, -0.000004023313522338867, 1, -0.000016435980796813965, 0.000010490418389963452, 0.000018939377696369775, 0.7027327418327332, -0.7114539742469788, 0.000004321337200963171, 0.7114540338516235, 0.7027326226234436),
            ["LeftHand"] = CFrame.new(-0.0000017024576663970947, -0.0000012516975402832031, 4.423782229423523e-08, 0.9922994375228882, -0.1238487958908081, 0.001801983336918056, 0.12023515999317169, 0.9596453905105591, -0.2542131841182709, 0.02975485846400261, 0.25247249007225037, 0.9671465754508972),
            ["LeftFoot"] = CFrame.new(3.725290298461914e-09, 0, -4.0978193283081055e-08, 0.9900796413421631, -0.12646694481372833, 0.06122472509741783, 0.13708528876304626, 0.965021014213562, -0.22347700595855713, -0.030820567160844803, 0.22965313494205475, 0.9727844595909119),
            ["LowerTorso"] = CFrame.new(-0.18736715614795685, -0.19004368782043457, 0.12253263592720032, 0.34761229157447815, 0.11048126220703125, 0.9311066269874573, -0.05037141591310501, 0.9938002824783325, -0.09911493211984634, -0.9362843632698059, -0.012447590939700603, 0.35102230310440063),
            ["RightLowerLeg"] = CFrame.new(-3.725290298461914e-08, -0.0007262825965881348, 0.00004613569035427645, 1, 9.52277474652874e-08, -2.7648642486610697e-08, -6.89178563106907e-08, 0.6562291979789734, 0.7545613050460815, 6.332992086299782e-08, -0.754561722278595, 0.6562296748161316),
            ["LeftUpperLeg"] = CFrame.new(5.960464477539063e-08, -1.587904989719391e-07, 2.9802322387695312e-08, 0.9899731278419495, -0.01894594356417656, 0.13997945189476013, -0.006382180843502283, 0.9839532375335693, 0.17831236124038696, -0.14111177623271942, -0.1774178445339203, 0.9739664196968079),
            ["LeftLowerLeg"] = CFrame.new(2.9802322387695312e-08, -0.0007266402244567871, 0.00008098036050796509, 1, 8.568168397005138e-08, 2.980233304583635e-08, -6.798654794692993e-08, 0.4879877269268036, 0.8728504180908203, 5.2852556109428406e-08, -0.8728505373001099, 0.4879878759384155),
        }},
        {Time = 0.100, Data = {
            ["RightFoot"] = CFrame.new(1.993030309677124e-07, -1.7881393432617188e-07, 4.267349140718579e-08, 0.788723349571228, -0.37180599570274353, 0.48956677317619324, 0.019103659316897392, 0.8108090162277222, 0.5849992036819458, -0.61445152759552, -0.45204997062683105, 0.6466068029403687),
            ["LeftLowerArm"] = CFrame.new(0.0000013709068298339844, -5.960464477539062e-07, 0.000004500150680541992, 1, 1.2665985593685036e-07, 5.960465188081798e-08, -5.960465898624534e-08, 0.8707242608070374, -0.4917716085910797, -9.685756907629184e-08, 0.4917714595794678, 0.8707243204116821),
            ["RightUpperArm"] = CFrame.new(0.021637916564941406, -0.06181645393371582, -0.04477209597826004, 0.6345748901367188, -0.7676997184753418, 0.08917400985956192, 0.45825308561325073, 0.4666573405265808, 0.7564620971679688, -0.6223493814468384, -0.4391675889492035, 0.6479299664497375),
            ["Head"] = CFrame.new(1.4901161193847656e-08, -8.344650268554688e-07, 1.6763806343078613e-08, 0.9742886424064636, 0.14536133408546448, -0.17213934659957886, -0.1442580670118332, 0.9893582463264465, 0.01896975189447403, 0.17306488752365112, 0.006350360810756683, 0.9848899841308594),
            ["RightHand"] = CFrame.new(2.086162567138672e-07, 8.344650268554688e-07, -8.642673492431641e-07, 0.9234932065010071, 0.007068523205816746, 0.3835493326187134, -0.15441878139972687, 0.9220985770225525, 0.3548088073730469, -0.35116270184516907, -0.3868906795978546, 0.8526433706283569),
            ["UpperTorso"] = CFrame.new(3.725290298461914e-08, 5.960464477539063e-08, 0, 0.744917094707489, -0.08327723294496536, -0.6619392037391663, 0.015512153506278992, 0.9940726161003113, -0.10760566592216492, 0.666976809501648, 0.06988918781280518, 0.7417935729026794),
            ["HumanoidRootPart"] = CFrame.new(0, 0, 0, 1, 0, 0, 0, 1, 0, 0, 0, 1),
            ["RightUpperLeg"] = CFrame.new(2.9802322387695312e-08, -3.899913281202316e-08, 7.385096978396177e-09, 0.9722338914871216, -0.18755407631397247, -0.13994550704956055, 0.03170172497630119, 0.6980777978897095, -0.7153200507164001, 0.23185418546199799, 0.6910216808319092, 0.6846405267715454),
            ["LeftUpperArm"] = CFrame.new(0.08587676286697388, 0.014963269233703613, -0.05525919795036316, 0.49678727984428406, 0.6290359497070312, -0.5979267954826355, -0.6770965456962585, -0.150059312582016, -0.7204321026802063, -0.5429022312164307, 0.7627555727958679, 0.35137054324150085),
            ["RightLowerArm"] = CFrame.new(7.748603820800781e-07, 7.748603820800781e-07, -0.000003844499588012695, 1, -0.000017210842997883447, 0.0000089891263996833, 0.000018984079360961914, 0.762543261051178, -0.646937370300293, 0.000004276633262634277, 0.646937370300293, 0.7625431418418884),
            ["LeftHand"] = CFrame.new(-0.0000015534460544586182, -0.0000011920928955078125, 4.423782229423523e-08, 0.9924775958061218, 0.001354206702671945, 0.12241898477077484, 0.022338146343827248, 0.9811495542526245, -0.19195465743541718, -0.1203714981675148, 0.19324542582035065, 0.9737386703491211),
            ["LeftFoot"] = CFrame.new(-1.6763806343078613e-08, -1.1920928955078125e-07, 0, 0.9926527142524719, -0.06034458801150322, 0.10487730801105499, 0.08970125764608383, 0.9487156867980957, -0.30313748121261597, -0.08120609074831009, 0.31031784415245056, 0.94715815782547),
            ["LowerTorso"] = CFrame.new(-0.2278749644756317, -0.14340412616729736, 0.15005137026309967, 0.48316651582717896, 0.13703970611095428, 0.8647371530532837, -0.06974079459905624, 0.9905601739883423, -0.11801234632730484, -0.872746467590332, -0.0032878301572054625, 0.48816272616386414),
            ["RightLowerLeg"] = CFrame.new(-7.450580596923828e-08, -0.0007264614105224609, 0.00004610588803188875, 1, 8.568170528633345e-08, -1.4435501682896756e-08, 2.980232594040899e-08, 0.7100185751914978, 0.7041827440261841, 1.2293459406009788e-07, -0.7041829824447632, 0.7100186944007874),
            ["LeftUpperLeg"] = CFrame.new(1.1920928955078125e-07, -3.1781382858753204e-08, -2.9802322387695312e-08, 0.9847416281700134, -0.007903103716671467, 0.1738438606262207, 0.00856910552829504, 0.9999585747718811, -0.0030807575676590204, -0.17381218075752258, 0.004523443523794413, 0.9847685098648071),
            ["LeftLowerLeg"] = CFrame.new(-1.0058283805847168e-07, -0.0007264018058776855, 0.00008088350296020508, 1, 6.891787052154541e-08, 6.705522537231445e-08, -6.379559636116028e-08, 0.2936026155948639, 0.9559276700019836, 6.984919309616089e-08, -0.9559276103973389, 0.29360246658325195),
        }},
        {Time = 0.133, Data = {
            ["RightFoot"] = CFrame.new(1.1175870895385742e-07, 0, 1.460502971895039e-07, 0.8094150424003601, -0.34952613711357117, 0.47188884019851685, 0.04767930507659912, 0.8400372862815857, 0.5404298305511475, -0.5852983593940735, -0.41493237018585205, 0.6966036558151245),
            ["LeftLowerArm"] = CFrame.new(0.0000019073486328125, -7.152557373046875e-07, 0.000004708766937255859, 1, 1.564621925354004e-07, -1.4901162970204496e-08, -9.685756197086448e-08, 0.7408650517463684, -0.6716539263725281, -7.078052277620372e-08, 0.6716538667678833, 0.7408650517463684),
            ["RightUpperArm"] = CFrame.new(0.022722721099853516, -0.059983253479003906, -0.05509285256266594, 0.577081024646759, -0.7736743092536926, 0.2615449130535126, 0.4824509024620056, 0.58134925365448, 0.6551902294158936, -0.6589527726173401, -0.25191521644592285, 0.7087454795837402),
            ["Head"] = CFrame.new(1.1175870895385742e-08, -7.152557373046875e-07, 2.514570951461792e-08, 0.9834542274475098, 0.13727937638759613, -0.11820437759160995, -0.1380356252193451, 0.990425705909729, 0.0018050046637654305, 0.11732043325901031, 0.01454116590321064, 0.9929876923561096),
            ["RightHand"] = CFrame.new(3.8743019104003906e-07, 9.5367431640625e-07, -6.109476089477539e-07, 0.9104415774345398, 0.14080870151519775, 0.3889329731464386, -0.24599173665046692, 0.9402453899383545, 0.23542936146259308, -0.33254218101501465, -0.31001874804496765, 0.8906763792037964),
            ["UpperTorso"] = CFrame.new(-5.21540641784668e-08, 4.76837158203125e-07, 2.2351741790771484e-08, 0.7837204933166504, -0.05466938391327858, -0.6187031865119934, 0.02379906363785267, 0.9980305433273315, -0.05804063752293587, 0.6206576228141785, 0.030763063579797745, 0.7834779620170593),
            ["HumanoidRootPart"] = CFrame.new(0, 0, 0, 1, 0, 0, 0, 1, 0, 0, 0, 1),
            ["RightUpperLeg"] = CFrame.new(5.960464477539063e-08, 2.6565976440906525e-07, 7.653579814359546e-08, 0.9657717347145081, -0.20631490647792816, -0.15722332894802094, 0.006317536346614361, 0.6246477365493774, -0.7808812260627747, 0.25931674242019653, 0.7531595230102539, 0.6045703887939453),
            ["LeftUpperArm"] = CFrame.new(0.08700698614120483, 0.017348051071166992, -0.06546901166439056, 0.31810104846954346, 0.8545305728912354, -0.41059616208076477, -0.755768895149231, -0.032910995185375214, -0.6540108323097229, -0.5723854899406433, 0.5183573961257935, 0.6353586912155151),
            ["RightLowerArm"] = CFrame.new(3.5762786865234375e-07, 5.364418029785156e-07, -0.000003591179847717285, 1, -0.00001801550570235122, 0.000007280149475263897, 0.000018931925296783447, 0.8193867206573486, -0.5732412934303284, 0.000004276633262634277, 0.5732412934303284, 0.8193867206573486),
            ["LeftHand"] = CFrame.new(-0.0000018551945686340332, -0.000001430511474609375, 1.2293457984924316e-07, 0.9839006066322327, 0.16292311251163483, 0.07345446199178696, -0.15291017293930054, 0.9801889061927795, -0.12589047849178314, -0.09250982105731964, 0.11263193935155869, 0.9893211126327515),
            ["LeftFoot"] = CFrame.new(9.313225746154785e-09, -1.1920928955078125e-07, 4.284083843231201e-08, 0.9881755709648132, -0.033380426466464996, 0.149649515748024, 0.08625098317861557, 0.9279650449752808, -0.362548828125, -0.1267673820257187, 0.3711692988872528, 0.91987144947052),
            ["LowerTorso"] = CFrame.new(-0.24887213110923767, -0.11730122566223145, 0.18137231469154358, 0.6235729455947876, 0.16321362555027008, 0.7645378708839417, -0.0870419442653656, 0.986378014087677, -0.13957887887954712, -0.7769045233726501, 0.020490756258368492, 0.6292849779129028),
            ["RightLowerLeg"] = CFrame.new(-5.21540641784668e-08, -0.0007262229919433594, 0.000045971777581144124, 1, 1.2479728184189298e-07, 1.459848419926857e-07, -5.2154071283894154e-08, 0.5590556263923645, 0.8291300535202026, 1.266598843585598e-07, -0.8291301727294922, 0.5590558052062988),
            ["LeftUpperLeg"] = CFrame.new(-1.7881393432617188e-07, 3.4086406230926514e-07, 0, 0.9827818274497986, 0.03400313854217529, 0.1816139817237854, -0.0020698788575828075, 0.9848849773406982, -0.1731972098350525, -0.18475806713104248, 0.1698390692472458, 0.9679974913597107),
            ["LeftLowerLeg"] = CFrame.new(7.450580596923828e-09, -0.0007263422012329102, 0.00008097290992736816, 1, 1.5646217832454568e-07, 3.3527616238870905e-08, -1.005828522693264e-07, 0.10999011993408203, 0.9939326643943787, 2.980232594040899e-08, -0.9939327239990234, 0.1099901795387268),
        }},
        {Time = 0.167, Data = {
            ["RightFoot"] = CFrame.new(1.4156103134155273e-07, -1.1920928955078125e-07, 5.3849362302571535e-08, 0.9286029934883118, -0.21244867146015167, 0.30423974990844727, -0.008460662327706814, 0.807553768157959, 0.5897331833839417, -0.37097835540771484, -0.5502021312713623, 0.7480996251106262),
            ["LeftLowerArm"] = CFrame.new(0.0000015795230865478516, -2.384185791015625e-07, 0.000004623085260391235, 1, 1.378357268322361e-07, -3.725290742551124e-09, -8.568167686462402e-08, 0.5268946886062622, -0.8499305844306946, -5.3318217396736145e-08, 0.8499305844306946, 0.5268946886062622),
            ["RightUpperArm"] = CFrame.new(0.024647295475006104, -0.060086965560913086, -0.06680939346551895, 0.5217159390449524, -0.7445741891860962, 0.4164394736289978, 0.5282489061355591, 0.6652458906173706, 0.5276374220848083, -0.6698996424674988, -0.055293139070272446, 0.7403897643089294),
            ["Head"] = CFrame.new(-3.725290298461914e-08, -5.960464477539062e-07, -2.3283064365386963e-08, 0.989592432975769, 0.12881502509117126, -0.06413780152797699, -0.13035942614078522, 0.9912551045417786, -0.020489750429987907, 0.0609375424683094, 0.02863742783665657, 0.9977307319641113),
            ["RightHand"] = CFrame.new(2.682209014892578e-07, 8.940696716308594e-07, -6.109476089477539e-07, 0.8858125805854797, 0.4121667146682739, 0.21320006251335144, -0.44213396310806274, 0.889144778251648, 0.11806577444076538, -0.14090310037136078, -0.19884705543518066, 0.9698486328125),
            ["UpperTorso"] = CFrame.new(-1.4901161193847656e-08, -2.9802322387695312e-08, 9.685754776000977e-08, 0.8617268800735474, -0.000059384874475654215, -0.5073724389076233, 0.018613524734973907, 0.9993305802345276, 0.03149638697504997, 0.5070309638977051, -0.036585330963134766, 0.8611511588096619),
            ["HumanoidRootPart"] = CFrame.new(0, 0, 0, 1, 0, 0, 0, 1, 0, 0, 0, 1),
            ["RightUpperLeg"] = CFrame.new(5.960464477539063e-08, -3.133900463581085e-07, 7.281050784513354e-08, 0.971424400806427, -0.18110322952270508, -0.1534154862165451, -0.053220514208078384, 0.4637083411216736, -0.8843881487846375, 0.23130574822425842, 0.8672809600830078, 0.4408191442489624),
            ["LeftUpperArm"] = CFrame.new(0.09008955955505371, 0.029889702796936035, -0.07784278690814972, 0.2235223799943924, 0.9741220474243164, -0.03352494165301323, -0.8145424127578735, 0.16779406368732452, -0.5553070902824402, -0.5353115797042847, 0.15143106877803802, 0.8309693932533264),
            ["RightLowerArm"] = CFrame.new(1.4901161193847656e-07, 2.384185791015625e-07, -0.000004231929779052734, 1, -0.000018939377696369775, 0.000004546716354525415, 0.000018913297026301734, 0.897303581237793, -0.44141411781311035, 0.000004246830485499231, 0.4414141774177551, 0.8973034620285034),
            ["LeftHand"] = CFrame.new(-0.0000014957040548324585, -0.0000011324882507324219, 2.7194619178771973e-07, 0.9271177649497986, 0.36687904596328735, -0.07649973034858704, -0.3718344569206238, 0.9259873628616333, -0.06547362357378006, 0.04681684076786041, 0.089147187769413, 0.994917631149292),
            ["LeftFoot"] = CFrame.new(7.82310962677002e-08, -2.384185791015625e-07, 2.2351741790771484e-08, 0.9717111587524414, -0.031197968870401382, 0.23410335183143616, 0.11871616542339325, 0.9214277267456055, -0.3699699640274048, -0.20416690409183502, 0.38729557394981384, 0.8990650773048401),
            ["LowerTorso"] = CFrame.new(-0.2682492733001709, -0.11091125011444092, 0.21656611561775208, 0.7918215990066528, 0.17168128490447998, 0.5861263871192932, -0.09371291846036911, 0.9824670553207397, -0.16117224097251892, -0.6035200357437134, 0.07269205152988434, 0.7940274477005005),
            ["RightLowerLeg"] = CFrame.new(-7.450580596923828e-08, -0.0007264018058776855, 0.000046082604967523366, 1, 1.5273688802608376e-07, 1.192093321833454e-07, -6.332992796842518e-08, 0.25818100571632385, 0.9660965800285339, 1.0058282384761696e-07, -0.9660965800285339, 0.25818121433258057),
            ["LeftUpperLeg"] = CFrame.new(-5.960464477539063e-08, -1.4901161193847656e-08, 2.9802322387695312e-08, 0.9983345866203308, -0.025834934785962105, 0.05158090591430664, 0.04078436642885208, 0.9484358429908752, -0.31433436274528503, -0.04080040380358696, 0.31591469049453735, 0.9479100704193115),
            ["LeftLowerLeg"] = CFrame.new(6.705522537231445e-08, -0.0007265210151672363, 0.00008091330528259277, 1, 4.470350489782504e-08, 8.195639367158947e-08, -1.0803343286625022e-07, -0.045105598866939545, 0.9989822506904602, 1.6205014219394798e-07, -0.9989822506904602, -0.045105669647455215),
        }},
        {Time = 0.200, Data = {
            ["RightFoot"] = CFrame.new(1.3224780559539795e-07, -1.7881393432617188e-07, -3.55576048605144e-08, 0.9727469682693481, -0.1362386792898178, 0.1876232922077179, 0.020575033500790596, 0.856701135635376, 0.5154027342796326, -0.23095478117465973, -0.49749597907066345, 0.83615642786026),
            ["LeftLowerArm"] = CFrame.new(9.5367431640625e-07, -2.980232238769531e-07, 0.000004887580871582031, 1, 8.195637946073475e-08, 0, -6.705522537231445e-08, 0.3753383755683899, -0.9268879294395447, -1.341104507446289e-07, 0.9268878102302551, 0.37533822655677795),
            ["RightUpperArm"] = CFrame.new(0.02898573875427246, -0.059389472007751465, -0.07744136452674866, 0.6037116050720215, -0.6853307485580444, 0.4072517156600952, 0.5972031950950623, 0.7271925806999207, 0.3384367525577545, -0.5280914902687073, 0.038893841207027435, 0.8482964038848877),
            ["Head"] = CFrame.new(-4.6566128730773926e-08, -4.76837158203125e-07, 1.1641532182693481e-08, 0.9924919605255127, 0.11106913536787033, -0.051218144595623016, -0.11313611268997192, 0.9927985668182373, -0.03938636556267738, 0.04647454991936684, 0.0448850579559803, 0.9979106187820435),
            ["RightHand"] = CFrame.new(2.384185791015625e-07, 9.5367431640625e-07, -9.5367431640625e-07, 0.8194214105606079, 0.5603241920471191, -0.12076855450868607, -0.5601004958152771, 0.8275052905082703, 0.039024606347084045, 0.12180307507514954, 0.03566506505012512, 0.9919133186340332),
            ["UpperTorso"] = CFrame.new(4.470348358154297e-08, -5.960464477539063e-08, 8.940696716308594e-08, 0.9454137086868286, 0.08223022520542145, -0.31532689929008484, -0.03723830357193947, 0.9885618686676025, 0.14614669978618622, 0.32373788952827454, -0.12642671167850494, 0.9376621246337891),
            ["HumanoidRootPart"] = CFrame.new(0, 0, 0, 1, 0, 0, 0, 1, 0, 0, 0, 1),
            ["RightUpperLeg"] = CFrame.new(8.940696716308594e-08, -3.03611159324646e-07, 7.653579814359546e-08, 0.9069432616233826, -0.2694648206233978, -0.32379406690597534, -0.22957484424114227, 0.32829979062080383, -0.9162503480911255, 0.353198766708374, 0.9053219556808472, 0.2358868420124054),
            ["LeftUpperArm"] = CFrame.new(0.09621238708496094, 0.047211527824401855, -0.08873006701469421, 0.2710646390914917, 0.9049710631370544, 0.32795047760009766, -0.8343244791030884, 0.39080455899238586, -0.38881176710128784, -0.4800276756286621, -0.16822412610054016, 0.8609726428985596),
            ["RightLowerArm"] = CFrame.new(8.940696716308594e-08, 5.364418029785156e-07, -0.000003769993782043457, 1, -0.000019162891476298682, 0.0000028368085622787476, 0.00001892820182547439, 0.9317114949226379, -0.3631991147994995, 0.0000043064360397693235, 0.3631991744041443, 0.9317115545272827),
            ["LeftHand"] = CFrame.new(-0.0000010132789611816406, -0.0000013113021850585938, 3.725290298461914e-07, 0.7402933835983276, 0.5609892010688782, -0.37048113346099854, -0.5796072483062744, 0.8117918372154236, 0.07106179744005203, 0.34061869978904724, 0.1621273159980774, 0.9261177182197571),
            ["LeftFoot"] = CFrame.new(6.705522537231445e-08, -1.1920928955078125e-07, 2.9802322387695312e-08, 0.9978111386299133, 0.005394578445702791, 0.06590939313173294, 0.01764906384050846, 0.9387917518615723, -0.34403297305107117, -0.06373093277215958, 0.34444305300712585, 0.9366415739059448),
            ["LowerTorso"] = CFrame.new(-0.28994476795196533, -0.11601483821868896, 0.24739094078540802, 0.9245360493659973, 0.12894362211227417, 0.3586179316043854, -0.06686832755804062, 0.981309175491333, -0.18044660985469818, -0.375182569026947, 0.14284920692443848, 0.9158778190612793),
            ["RightLowerLeg"] = CFrame.new(-7.450580596923828e-09, -0.0007263422012329102, 0.00004596618964569643, 1, 1.6577547512497404e-07, 1.0058285937475375e-07, -1.0803341865539551e-07, -0.05184851959347725, 0.9986550211906433, 1.4901161193847656e-07, -0.9986549615859985, -0.05184852331876755),
            ["LeftUpperLeg"] = CFrame.new(0, -2.0489096641540527e-07, 7.450580596923828e-08, 0.9889816045761108, 0.1351446509361267, 0.060425423085689545, -0.11142279207706451, 0.9482821822166443, -0.29723045229911804, -0.09746958315372467, 0.28722256422042847, 0.9528918266296387),
            ["LeftLowerLeg"] = CFrame.new(8.940696716308594e-08, -0.0007265806198120117, 0.00008102506399154663, 1, 1.4901161193847656e-07, 7.450579886381092e-08, -8.940698137394065e-08, 0.04235667735338211, 0.9991025328636169, 7.450581485102248e-09, -0.9991025924682617, 0.042356666177511215),
        }},
        {Time = 0.233, Data = {
            ["RightFoot"] = CFrame.new(1.4901161193847656e-07, -1.1920928955078125e-07, -3.6474375519901514e-08, 0.9793246388435364, -0.18140363693237305, 0.08953157067298889, 0.13115715980529785, 0.906326413154602, 0.4017091989517212, -0.1540164202451706, -0.381661057472229, 0.9113802313804626),
            ["LeftLowerArm"] = CFrame.new(0.0000011920928955078125, -4.76837158203125e-07, 0.00000476837158203125, 1, 1.341104365337742e-07, -4.4703490686970326e-08, -2.980232594040899e-08, 0.39292848110198975, -0.9195691347122192, -3.725290653733282e-08, 0.9195690155029297, 0.39292842149734497),
            ["RightUpperArm"] = CFrame.new(0.03392106294631958, -0.0585705041885376, -0.08522085845470428, 0.7311184406280518, -0.6422646641731262, 0.2301345020532608, 0.6310452222824097, 0.7648248076438904, 0.12971188127994537, -0.2593218982219696, 0.05039069801568985, 0.9644754528999329),
            ["Head"] = CFrame.new(3.3527612686157227e-08, -7.152557373046875e-07, -6.984919309616089e-10, 0.9939520955085754, 0.09021125733852386, -0.06262030452489853, -0.09281786531209946, 0.9948777556419373, -0.040040988475084305, 0.0586872324347496, 0.04561106488108635, 0.9972338676452637),
            ["RightHand"] = CFrame.new(2.7567148208618164e-07, 0.0000011324882507324219, -7.431954145431519e-07, 0.8116077184677124, 0.3996047377586365, -0.42615559697151184, -0.4700317680835724, 0.879859209060669, -0.07012780755758286, 0.3469337522983551, 0.25722333788871765, 0.9019277691841125),
            ["UpperTorso"] = CFrame.new(3.725290298461914e-09, 4.172325134277344e-07, -1.1920928955078125e-07, 0.9751704335212708, 0.1660342663526535, -0.14654436707496643, -0.12916304171085358, 0.9639474749565125, 0.23264171183109283, 0.17988772690296173, -0.2079373002052307, 0.9614586234092712),
            ["HumanoidRootPart"] = CFrame.new(0, 0, 0, 1, 0, 0, 0, 1, 0, 0, 0, 1),
            ["RightUpperLeg"] = CFrame.new(2.9802322387695312e-08, 2.668239176273346e-07, -7.433845894411206e-08, 0.7923886179924011, -0.44216737151145935, -0.4202476441860199, -0.36556270718574524, 0.2073138803243637, -0.90740567445755, 0.48834851384162903, 0.8726447820663452, 0.0026331981644034386),
            ["LeftUpperArm"] = CFrame.new(0.10311776399612427, 0.06380236148834229, -0.09637914597988129, 0.46176302433013916, 0.7456657290458679, 0.4803723692893982, -0.8430184125900269, 0.5373595952987671, -0.02376430667936802, -0.27585291862487793, -0.3939891457557678, 0.8767427206039429),
            ["RightLowerArm"] = CFrame.new(2.682209014892578e-07, 4.76837158203125e-07, -0.000003857538104057312, 1, -0.00001893937587738037, 0.000004231930233800085, 0.00001897570473374799, 0.9028549194335938, -0.4299454987049103, 0.000004302711658965563, 0.42994552850723267, 0.902854859828949),
            ["LeftHand"] = CFrame.new(-8.083879947662354e-07, -0.0000011920928955078125, 2.682209014892578e-07, 0.8254606127738953, 0.29741719365119934, -0.4797470271587372, -0.0675753653049469, 0.8958805799484253, 0.4391261637210846, 0.560400128364563, -0.33006221055984497, 0.7596124410629272),
            ["LeftFoot"] = CFrame.new(7.450580596923828e-09, -1.7881393432617188e-07, 8.940696716308594e-08, 0.9954769015312195, -0.05987946689128876, -0.07375757396221161, 0.032991159707307816, 0.9459334015846252, -0.32267892360687256, 0.08909161388874054, 0.31878602504730225, 0.9436303377151489),
            ["LowerTorso"] = CFrame.new(-0.30776962637901306, -0.1434030532836914, 0.26816338300704956, 0.980553925037384, 0.04706127569079399, 0.19052423536777496, -0.008760146796703339, 0.9803501963615417, -0.19707061350345612, -0.19605489075183868, 0.19156934320926666, 0.9616983532905579),
            ["RightLowerLeg"] = CFrame.new(-8.940696716308594e-08, -0.0007262825965881348, 0.00004603510751621798, 1, 1.3038518886787642e-07, 1.2665992699112394e-07, -8.381902460996571e-08, -0.3446948528289795, 0.938714861869812, 1.732259846676243e-07, -0.9387148022651672, -0.34469497203826904),
            ["LeftUpperLeg"] = CFrame.new(-2.384185791015625e-07, 1.2665987014770508e-07, -1.043081283569336e-07, 0.980150043964386, 0.19527146220207214, -0.03427720442414284, -0.19817911088466644, 0.9698619842529297, -0.14174912869930267, 0.00556462025269866, 0.1457284688949585, 0.9893090724945068),
            ["LeftLowerLeg"] = CFrame.new(-8.009374141693115e-08, -0.0007266402244567871, 0.00008097290992736816, 1, 1.0803340444454079e-07, 4.470348358154297e-08, -8.940694584680386e-08, 0.31828704476356506, 0.9479944109916687, 0, -0.9479944705963135, 0.3182869851589203),
        }},
        {Time = 0.267, Data = {
            ["RightFoot"] = CFrame.new(1.0803341865539551e-07, -1.7881393432617188e-07, 3.80168785341084e-08, 0.9876649379730225, -0.1459774672985077, 0.05664458125829697, 0.11778217554092407, 0.9309819340705872, 0.3455432951450348, -0.10317657887935638, -0.33460909128189087, 0.9366916418075562),
            ["LeftLowerArm"] = CFrame.new(5.662441253662109e-07, -2.384185791015625e-07, 0.000005125999450683594, 1, 1.6391277313232422e-07, -6.14673041354763e-08, -7.264315371457997e-08, 0.5290325880050659, -0.8486016392707825, -1.0803340444454079e-07, 0.8486015796661377, 0.5290325284004211),
            ["RightUpperArm"] = CFrame.new(0.03783053159713745, -0.06227290630340576, -0.08988036215305328, 0.8196929097175598, -0.5706426501274109, -0.04970298707485199, 0.5642411112785339, 0.8193419575691223, -0.1015421524643898, 0.09866810590028763, 0.055188972502946854, 0.9935888648033142),
            ["Head"] = CFrame.new(-3.818422555923462e-08, -5.960464477539062e-07, 3.236345946788788e-08, 0.9949312210083008, 0.07109826803207397, -0.07111245393753052, -0.07306494563817978, 0.9970026016235352, -0.025444211438298225, 0.06909029185771942, 0.030511021614074707, 0.9971437454223633),
            ["RightHand"] = CFrame.new(2.7101486921310425e-07, 0.0000011920928955078125, -8.493661880493164e-07, 0.898815929889679, 0.09674935042858124, -0.42751526832580566, -0.21888403594493866, 0.9440932869911194, -0.24653151631355286, 0.3797626197338104, 0.3151628077030182, 0.8697431087493896),
            ["UpperTorso"] = CFrame.new(-3.5390257835388184e-08, -4.172325134277344e-07, 2.9802322387695312e-08, 0.9742153882980347, 0.22258694469928741, -0.03687109798192978, -0.20331597328186035, 0.9369516968727112, 0.2842255234718323, 0.09781128913164139, -0.26940038800239563, 0.9580482840538025),
            ["HumanoidRootPart"] = CFrame.new(0, 0, 0, 1, 0, 0, 0, 1, 0, 0, 0, 1),
            ["RightUpperLeg"] = CFrame.new(0, -2.891756594181061e-07, -1.5665136743336916e-08, 0.7418779730796814, -0.560693085193634, -0.36775046586990356, -0.3900587260723114, 0.08523574471473694, -0.9168365001678467, 0.5454093217849731, 0.8236250281333923, -0.15546859800815582),
            ["LeftUpperArm"] = CFrame.new(0.10985898971557617, 0.0796504020690918, -0.10125473141670227, 0.701995849609375, 0.6150438785552979, 0.3590582013130188, -0.712082028388977, 0.6145703196525574, 0.33947402238845825, -0.011875128373503685, -0.4939883053302765, 0.8693875670433044),
            ["RightLowerArm"] = CFrame.new(2.682209014892578e-07, 2.980232238769531e-07, -0.00000391155481338501, 1, -0.000017998738258029334, 0.0000073015689849853516, 0.000018962284229928628, 0.8206951022148132, -0.5713663697242737, 0.000004301779881643597, 0.5713664293289185, 0.820695161819458),
            ["LeftHand"] = CFrame.new(-0.0000015185214579105377, -0.0000010132789611816406, 2.384185791015625e-07, 0.9131830334663391, -0.1645939201116562, -0.3728340268135071, 0.32256919145584106, 0.8510279655456543, 0.41436782479286194, 0.24909012019634247, -0.49865859746932983, 0.8302374482154846),
            ["LeftFoot"] = CFrame.new(1.1175870895385742e-07, -1.1920928955078125e-07, -7.450580596923828e-08, 0.9886136651039124, -0.14814123511314392, -0.02640499174594879, 0.13662509620189667, 0.957223653793335, -0.2550623416900635, 0.06306079030036926, 0.24855026602745056, 0.9665640592575073),
