return {
    ["Rootin' Tootin'"] = {
        {Time = 0.000, Data = {
            ["LeftFoot"] = CFrame.new(1.1175870895385742e-08, 0, 3.4924596548080444e-09, 0.9791501760482788, -0.2022963911294937, -0.01847122237086296, 0.20201696455478668, 0.9792525172233582, -0.01593395695090294, 0.021311325952410698, 0.011870413087308407, 0.9997024536132812),
            ["LeftLowerArm"] = CFrame.new(4.172325134277344e-07, 5.960464477539063e-08, -2.384185791015625e-07, 1, -1.3038517820973539e-08, -3.725290653733282e-08, 5.2154071283894154e-08, 0.7203521728515625, -0.6936084032058716, -1.4901162970204496e-08, 0.6936084032058716, 0.720352292060852),
            ["RightUpperArm"] = CFrame.new(0, 1.1920928955078125e-07, 2.9802322387695312e-08, 0.9600478410720825, -0.23732109367847443, -0.14827971160411835, 0.2747848927974701, 0.8997153639793396, 0.33912453055381775, 0.0529281347990036, -0.36632081866264343, 0.928982138633728),
            ["Head"] = CFrame.new(1.0710209608078003e-08, -1.1920928955078125e-07, 4.353933036327362e-08, 0.9390529990196228, -0.03443216159939766, 0.3420438766479492, 0.015126916579902172, 0.9981464147567749, 0.058949001133441925, -0.34343963861465454, -0.0501820333302021, 0.9378331303596497),
            ["LowerTorso"] = CFrame.new(-0.05804869905114174, -0.15140056610107422, 0.0683189406991005, 0.9635142087936401, 0.036793168634176254, -0.26511624455451965, 0.0006357954698614776, 0.9901893734931946, 0.13973088562488556, 0.2676564157009125, -0.13480129837989807, 0.9540380835533142),
            ["UpperTorso"] = CFrame.new(2.561137080192566e-09, -2.086162567138672e-07, -1.7695128917694092e-08, 0.9965572357177734, 0.008925219066441059, -0.08242698758840561, -0.013097291812300682, 0.9986525177955627, -0.050216175615787506, 0.08186773955821991, 0.051122844219207764, 0.9953311681747437),
            ["HumanoidRootPart"] = CFrame.new(0, 0, 0, 1, 0, 0, 0, 1, 0, 0, 0, 1),
            ["LeftUpperLeg"] = CFrame.new(8.940696716308594e-08, -6.798654794692993e-08, 2.9802322387695312e-08, 0.959453821182251, 0.2750828266143799, 0.061464790254831314, -0.17617103457450867, 0.7554662227630615, -0.6310584545135498, -0.22002793848514557, 0.5946429371833801, 0.7732964158058167),
            ["LeftUpperArm"] = CFrame.new(-1.1920928955078125e-07, 1.1920928955078125e-07, 5.960464477539063e-08, 0.8090466856956482, 0.5053396224975586, -0.3001258969306946, -0.37896841764450073, 0.838836133480072, 0.39081528782844543, 0.44925084710121155, -0.20244945585727692, 0.8701654672622681),
            ["RightLowerArm"] = CFrame.new(0, 2.384185791015625e-07, 2.384185791015625e-07, 1, -1.0058283805847168e-07, 5.21540641784668e-08, 8.940698847936801e-08, 0.7583779692649841, -0.6518151760101318, 4.4703494239684005e-08, 0.6518150568008423, 0.7583779096603394),
            ["LeftHand"] = CFrame.new(0, -5.960464477539063e-08, 8.940696716308594e-08, 0.983643114566803, -0.17709429562091827, -0.032924581319093704, 0.17776106297969818, 0.9838984608650208, 0.01856209896504879, 0.029107339680194855, -0.024111337959766388, 0.9992854595184326),
            ["RightFoot"] = CFrame.new(1.4901161193847656e-08, 2.384185791015625e-07, -8.026108844205737e-08, 0.893819272518158, 0.35662034153938293, 0.27186259627342224, -0.23003074526786804, 0.8850484490394592, -0.40469107031822205, -0.3849325180053711, 0.299184113740921, 0.8731070756912231),
            ["RightHand"] = CFrame.new(-4.470348358154297e-08, 5.960464477539063e-08, -1.1920928955078125e-07, 0.9744054675102234, 0.10986940562725067, 0.19611932337284088, -0.10356775671243668, 0.9937294721603394, -0.042135074734687805, -0.19951876997947693, 0.020745212212204933, 0.9796743988990784),
            ["RightLowerLeg"] = CFrame.new(5.960464477539063e-08, -0.000060439109802246094, -0.00007200071559054777, 1, -1.1175875158642157e-07, 1.4901161193847656e-08, 8.940696716308594e-08, 0.8840364813804626, 0.467417448759079, -9.685754776000977e-08, -0.46741801500320435, 0.8840367794036865),
            ["RightUpperLeg"] = CFrame.new(-8.940696716308594e-08, 4.470348358154297e-08, 3.55576048605144e-08, 0.6734291315078735, -0.37145137786865234, -0.6391533017158508, 0.2647724747657776, 0.9284313321113586, -0.2605975270271301, 0.6902093291282654, 0.006263677030801773, 0.7235826849937439),
            ["LeftLowerLeg"] = CFrame.new(1.7508864402770996e-07, 0.000060617923736572266, 0.00007186830043792725, 1, 2.8172514987545583e-08, 2.8667283658023734e-08, -2.2351745343485163e-08, 0.8480663895606995, 0.5298898816108704, 2.980232594040899e-08, -0.5298899412155151, 0.848066508769989),
        }},
        {Time = 0.033, Data = {
            ["LeftFoot"] = CFrame.new(2.2351741790771484e-08, -5.960464477539063e-08, 6.85686245560646e-08, 0.9796861410140991, -0.19919948279857635, -0.023123973980545998, 0.19878436625003815, 0.9798577427864075, -0.01907108724117279, 0.02645708993077278, 0.014087199233472347, 0.9995507001876831),
            ["LeftLowerArm"] = CFrame.new(-2.384185791015625e-07, 5.960464477539063e-08, 5.960464477539063e-08, 1, -2.980232594040899e-08, -3.725289587919178e-08, 6.70552182668871e-08, 0.7142142653465271, -0.6999272108078003, -2.9802318834981634e-08, 0.6999270915985107, 0.7142142057418823),
            ["RightUpperArm"] = CFrame.new(0, 2.384185791015625e-07, -2.9802322387695312e-08, 0.9604684710502625, -0.23653481900691986, -0.146805077791214, 0.27366966009140015, 0.8989203572273254, 0.3421216905117035, 0.0510423369705677, -0.3687731623649597, 0.9281169772148132),
            ["Head"] = CFrame.new(1.2223608791828156e-09, 2.384185791015625e-07, 4.103640094399452e-08, 0.9445992708206177, -0.027234045788645744, 0.32709425687789917, 0.012487368658185005, 0.998812198638916, 0.047099363058805466, -0.32798832654953003, -0.040405306965112686, 0.9438173174858093),
            ["LowerTorso"] = CFrame.new(-0.06112665683031082, -0.15229463577270508, 0.06677412241697311, 0.9647899270057678, 0.03369415923953056, -0.2608547806739807, 0.002476483816280961, 0.990553081035614, 0.1371079534292221, 0.26301026344299316, -0.13292641937732697, 0.9555920958518982),
            ["UpperTorso"] = CFrame.new(-6.05359673500061e-09, 1.4901161193847656e-07, 3.91155481338501e-08, 0.9966115355491638, 0.009140013717114925, -0.08174361288547516, -0.01322345994412899, 0.9986838102340698, -0.049555301666259766, 0.08118312060832977, 0.0504683181643486, 0.9954206943511963),
            ["HumanoidRootPart"] = CFrame.new(0, 0, 0, 1, 0, 0, 0, 1, 0, 0, 0, 1),
            ["LeftUpperLeg"] = CFrame.new(0, -1.1827796697616577e-07, 3.725290298461914e-08, 0.9597419500350952, 0.27435556054115295, 0.0602046363055706, -0.17539049685001373, 0.7527757883071899, -0.6344815492630005, -0.21939411759376526, 0.5983791351318359, 0.7705897688865662),
            ["LeftUpperArm"] = CFrame.new(0, 2.384185791015625e-07, 2.9802322387695312e-08, 0.8128659725189209, 0.5058716535568237, -0.2886924147605896, -0.3807634711265564, 0.8365997076034546, 0.3938528299331665, 0.4407588243484497, -0.21022596955299377, 0.872660756111145),
            ["RightLowerArm"] = CFrame.new(-5.960464477539063e-08, -1.1920928955078125e-07, -5.960464477539063e-08, 1, -6.332993507385254e-08, -5.215407838932151e-08, 4.4703494239684005e-08, 0.7543258666992188, -0.6565002202987671, 0, 0.6565002799034119, 0.7543259263038635),
            ["LeftHand"] = CFrame.new(3.5762786865234375e-07, 1.7881393432617188e-07, -1.6391277313232422e-07, 0.9838158488273621, -0.1783616542816162, -0.017138659954071045, 0.17856527864933014, 0.9838640689849854, 0.011214608326554298, 0.014862015843391418, -0.014093611389398575, 0.9997903108596802),
            ["RightFoot"] = CFrame.new(-8.195638656616211e-08, 2.980232238769531e-07, 4.639878170564771e-08, 0.8947895765304565, 0.3526611924171448, 0.27382731437683105, -0.2306862771511078, 0.8902498483657837, -0.3927326500415802, -0.38227662444114685, 0.2882450819015503, 0.8779405951499939),
            ["RightHand"] = CFrame.new(-1.4901161193847656e-07, 0, -5.960464477539063e-08, 0.9713415503501892, 0.1082891896367073, 0.21158739924430847, -0.1013641506433487, 0.9939050078392029, -0.04333935305476189, -0.2149907648563385, 0.02065007947385311, 0.9763977527618408),
            ["RightLowerLeg"] = CFrame.new(8.940696716308594e-08, -0.000060439109802246094, -0.0000721050237189047, 1, -1.192093321833454e-07, 5.21540641784668e-08, 7.450579175838357e-08, 0.8742789030075073, 0.4854234457015991, 5.5879340266073996e-08, -0.4854240119457245, 0.8742792010307312),
            ["RightUpperLeg"] = CFrame.new(-5.960464477539063e-08, -1.2479722499847412e-07, 2.8107024263590574e-08, 0.6744598150253296, -0.3784412741661072, -0.6339448094367981, 0.26788902282714844, 0.9255645871162415, -0.2675177752971649, 0.6879967451095581, 0.010602954775094986, 0.7256364822387695),
            ["LeftLowerLeg"] = CFrame.new(-1.1175870895385742e-08, 0.000060439109802246094, 0.0000719800591468811, 1, 3.766036016372709e-08, 5.494803900774059e-08, -4.0978196835794733e-08, 0.8432874083518982, 0.5374627709388733, 5.587936158235607e-08, -0.5374629497528076, 0.8432875275611877),
        }},
        {Time = 0.067, Data = {
            ["LeftFoot"] = CFrame.new(1.6763806343078613e-08, -1.1920928955078125e-07, 2.9569491744041443e-08, 0.981055736541748, -0.19051946699619293, -0.03510056808590889, 0.18965397775173187, 0.98149174451828, -0.0265636146068573, 0.03951172158122063, 0.019403565675020218, 0.9990307092666626),
            ["LeftLowerArm"] = CFrame.new(-1.4901161193847656e-07, 5.960464477539063e-08, 0, 1, -2.793969144931907e-08, -5.215407838932151e-08, 2.980232949312267e-08, 0.6967273950576782, -0.7173364162445068, -2.980232949312267e-08, 0.7173361778259277, 0.6967270374298096),
            ["RightUpperArm"] = CFrame.new(1.1920928955078125e-07, 0, 1.4901161193847656e-08, 0.961341917514801, -0.23564887046813965, -0.1424480378627777, 0.2715718746185303, 0.8968850374221802, 0.34906426072120667, 0.0455029159784317, -0.37425509095191956, 0.9262087941169739),
            ["Head"] = CFrame.new(1.862645149230957e-09, -1.1920928955078125e-07, 2.7008354663848877e-08, 0.9578094482421875, -0.01106275338679552, 0.28719133138656616, 0.007081065326929092, 0.9998639822006226, 0.014898493885993958, -0.28731703758239746, -0.012236148118972778, 0.9577573537826538),
            ["LowerTorso"] = CFrame.new(-0.07008620351552963, -0.15442728996276855, 0.06284426897764206, 0.9680010676383972, 0.025673341006040573, -0.24962928891181946, 0.007226417772471905, 0.9914886355400085, 0.1299932897090912, 0.2508419454097748, -0.12763762474060059, 0.959576427936554),
            ["UpperTorso"] = CFrame.new(4.423782229423523e-09, -1.4901161193847656e-07, 1.3969838619232178e-08, 0.9967508912086487, 0.010588832199573517, -0.07984768599271774, -0.014366041868925095, 0.9987971186637878, -0.04688223823904991, 0.07925523072481155, 0.047877006232738495, 0.9957040548324585),
            ["HumanoidRootPart"] = CFrame.new(0, 0, 0, 1, 0, 0, 0, 1, 0, 0, 0, 1),
            ["LeftUpperLeg"] = CFrame.new(0, -4.5355409383773804e-07, 2.9802322387695312e-08, 0.9606560468673706, 0.27176177501678467, 0.05731867998838425, -0.17279310524463654, 0.7463676929473877, -0.6427114605903625, -0.21744506061077118, 0.6075202822685242, 0.7639611959457397),
            ["LeftUpperArm"] = CFrame.new(-1.1920928955078125e-07, 0, 2.9802322387695312e-08, 0.8237292170524597, 0.505537211894989, -0.25671520829200745, -0.3851366639137268, 0.8311814665794373, 0.40100717544555664, 0.4161008596420288, -0.23145079612731934, 0.8793694376945496),
            ["RightLowerArm"] = CFrame.new(2.384185791015625e-07, 0, 0, 1, -4.0978189730367376e-08, -7.450581485102248e-09, 9.685756197086448e-08, 0.7427977323532104, -0.6695159077644348, -7.450581485102248e-09, 0.6695159673690796, 0.7427977919578552),
            ["LeftHand"] = CFrame.new(1.1920928955078125e-07, -1.1920928955078125e-07, -1.043081283569336e-07, 0.9832367300987244, -0.18097247183322906, 0.022243289276957512, 0.18123692274093628, 0.9833832383155823, -0.010516407899558544, -0.01997016742825508, 0.014371657744050026, 0.9996973276138306),
            ["RightFoot"] = CFrame.new(-1.043081283569336e-07, 4.172325134277344e-07, 9.85528458841145e-08, 0.8989654183387756, 0.34738489985466003, 0.26680466532707214, -0.23619648814201355, 0.8974198698997498, -0.37262433767318726, -0.36887991428375244, 0.27195850014686584, 0.8888006210327148),
            ["RightHand"] = CFrame.new(1.4901161193847656e-08, 1.7881393432617188e-07, -5.960464477539063e-08, 0.9619803428649902, 0.10341813415288925, 0.2527818977832794, -0.094517283141613, 0.994406521320343, -0.047139327973127365, -0.25624290108680725, 0.021455014124512672, 0.9663742780685425),
            ["RightLowerLeg"] = CFrame.new(5.960464477539063e-08, -0.00006008148193359375, -0.00007211992488009855, 1, -1.415610881849716e-07, 3.72529100900465e-08, 1.4901161193847656e-07, 0.8513521552085876, 0.5245941281318665, -8.940696716308594e-08, -0.5245946645736694, 0.8513524532318115),
            ["RightUpperLeg"] = CFrame.new(5.960464477539063e-08, -2.7008354663848877e-07, 2.0656443666666746e-08, 0.6820432543754578, -0.39229312539100647, -0.6171898245811462, 0.27685800194740295, 0.9196412563323975, -0.278585284948349, 0.6768801212310791, 0.019133195281028748, 0.7358444929122925),
            ["LeftLowerLeg"] = CFrame.new(3.725290298461914e-09, 0.000060439109802246094, 0.00007193535566329956, 1, 5.6021242755832645e-08, 3.748573718098669e-08, -5.960465188081798e-08, 0.8311444520950317, 0.5560566186904907, 3.3527616238870905e-08, -0.5560566186904907, 0.8311445116996765),
        }},
        {Time = 0.100, Data = {
            ["LeftFoot"] = CFrame.new(1.6763806343078613e-08, 0, 1.4435499906539917e-08, 0.9828507900238037, -0.17800818383693695, -0.04813920333981514, 0.17641811072826385, 0.9836745858192444, -0.035512614995241165, 0.05367489159107208, 0.026410968974232674, 0.9982091188430786),
            ["LeftLowerArm"] = CFrame.new(-2.086162567138672e-07, -6.556510925292969e-07, 1.7881393432617188e-07, 1, 4.656613938891496e-08, -1.4901162970204496e-08, 2.980232594040899e-08, 0.669359028339386, -0.742939293384552, -2.980232594040899e-08, 0.7429391145706177, 0.6693589091300964),
            ["RightUpperArm"] = CFrame.new(0, -2.384185791015625e-07, -2.9802322387695312e-08, 0.9622288346290588, -0.23619765043258667, -0.13537579774856567, 0.2697716951370239, 0.8940942287445068, 0.35751742124557495, 0.036593958735466, -0.38053420186042786, 0.9240425825119019),
            ["Head"] = CFrame.new(-9.313225746154785e-09, -2.384185791015625e-07, -1.6763806343078613e-08, 0.9731238484382629, 0.005544920451939106, 0.23021580278873444, 0.00196787528693676, 0.9994732737541199, -0.03239228203892708, -0.23027412593364716, 0.03197485953569412, 0.9726003408432007),
            ["LowerTorso"] = CFrame.new(-0.08451535552740097, -0.15697097778320312, 0.05758525803685188, 0.9721872806549072, 0.014696711674332619, -0.23374319076538086, 0.013727812096476555, 0.9927372932434082, 0.1195162683725357, 0.23380209505558014, -0.1194010078907013, 0.9649248719215393),
            ["UpperTorso"] = CFrame.new(-2.561137080192566e-09, -5.960464477539063e-08, 4.190951585769653e-08, 0.9969111084938049, 0.01383211836218834, -0.07731059193611145, -0.017070230096578598, 0.9989975094795227, -0.0413840189576149, 0.07666066288948059, 0.042575910687446594, 0.996147871017456),
            ["HumanoidRootPart"] = CFrame.new(0, 0, 0, 1, 0, 0, 0, 1, 0, 0, 0, 1),
            ["LeftUpperLeg"] = CFrame.new(1.1920928955078125e-07, -1.1734664440155029e-07, 5.960464477539063e-08, 0.9627202153205872, 0.2656151056289673, 0.05117166414856911, -0.16924120485782623, 0.739035427570343, -0.6520614624023438, -0.21101507544517517, 0.6190922260284424, 0.7564372420310974),
            ["LeftUpperArm"] = CFrame.new(0, -3.5762786865234375e-07, 1.4901161193847656e-08, 0.8401505351066589, 0.5012639760971069, -0.20707948505878448, -0.3908188045024872, 0.824277400970459, 0.40966710448265076, 0.37604212760925293, -0.2632514536380768, 0.8884204626083374),
            ["RightLowerArm"] = CFrame.new(-1.1920928955078125e-07, 1.7881393432617188e-07, 0, 1, -6.33299421792799e-08, 1.4901161193847656e-08, 8.940696716308594e-08, 0.7240874767303467, -0.6897082924842834, 2.2351741790771484e-08, 0.6897081732749939, 0.7240873575210571),
            ["LeftHand"] = CFrame.new(-5.960464477539063e-08, -3.5762786865234375e-07, -5.21540641784668e-08, 0.979978621006012, -0.18498244881629944, 0.0736459419131279, 0.18868747353553772, 0.9809138774871826, -0.046957019716501236, -0.06355386972427368, 0.05991300195455551, 0.996178388595581),
            ["RightFoot"] = CFrame.new(-7.450580596923828e-09, 2.384185791015625e-07, 9.145878721028566e-09, 0.9037855863571167, 0.3424871861934662, 0.25666046142578125, -0.24770285189151764, 0.9076299667358398, -0.33889684081077576, -0.34902024269104004, 0.24271482229232788, 0.905137836933136),
            ["RightHand"] = CFrame.new(3.725290298461914e-07, -3.5762786865234375e-07, 0, 0.9454340934753418, 0.09546244889497757, 0.31151482462882996, -0.08280013501644135, 0.9951207041740417, -0.05365605652332306, -0.315116822719574, 0.024935021996498108, 0.9487252831459045),
            ["RightLowerLeg"] = CFrame.new(-1.1920928955078125e-07, -0.000060617923736572266, -0.0000721050237189047, 1, -1.0058282384761696e-07, -2.9802318834981634e-08, 1.1920928955078125e-07, 0.8224724531173706, 0.5688044428825378, -1.1175870895385742e-07, -0.5688048601150513, 0.8224728107452393),
            ["RightUpperLeg"] = CFrame.new(0, -4.0512531995773315e-08, 5.790934665128589e-08, 0.6925680041313171, -0.4085022807121277, -0.594538152217865, 0.28980985283851624, 0.9123268723487854, -0.2892577052116394, 0.6605753898620605, 0.028027594089508057, 0.7502363324165344),
            ["LeftLowerLeg"] = CFrame.new(-1.1175870895385742e-08, 0.000060617923736572266, 0.00007209926843643188, 1, 8.376084537076167e-08, -4.656613428188905e-10, -2.421438694000244e-08, 0.8150486350059509, 0.5793927311897278, -2.60770320892334e-08, -0.579392671585083, 0.8150486350059509),
        }},
        {Time = 0.133, Data = {
            ["LeftFoot"] = CFrame.new(4.563480615615845e-08, -1.7881393432617188e-07, -2.468004822731018e-08, 0.9848699569702148, -0.1621287316083908, -0.06120016425848007, 0.15965428948402405, 0.9862188100814819, -0.043393924832344055, 0.06739216297864914, 0.03296670317649841, 0.9971818923950195),
            ["LeftLowerArm"] = CFrame.new(-4.172325134277344e-07, 1.7881393432617188e-07, 5.960464477539063e-08, 1, -6.705524668859653e-08, -6.705523958316917e-08, 5.21540641784668e-08, 0.6338231563568115, -0.7734781503677368, 4.470348358154297e-08, 0.7734781503677368, 0.6338229775428772),
            ["RightUpperArm"] = CFrame.new(-5.960464477539063e-08, 0, 4.470348358154297e-08, 0.9626603722572327, -0.2398918867111206, -0.12544678151607513, 0.2696387767791748, 0.8909033536911011, 0.3654942214488983, 0.02408190816640854, -0.38567209243774414, 0.922321617603302),
            ["Head"] = CFrame.new(-7.450580596923828e-09, -1.1920928955078125e-07, 1.6763806343078613e-08, 0.9860550761222839, 0.015118861570954323, 0.16573140025138855, -0.00018538441509008408, 0.9959639310836792, -0.08975527435541153, -0.16641949117183685, 0.08847308158874512, 0.9820780158042908),
            ["LowerTorso"] = CFrame.new(-0.10400222986936569, -0.1591033935546875, 0.05205273628234863, 0.9764859080314636, 0.0027077323757112026, -0.21556459367275238, 0.020822610706090927, 0.9940612316131592, 0.10681144893169403, 0.21457365155220032, -0.10878850519657135, 0.9706303477287292),
            ["UpperTorso"] = CFrame.new(-9.66247171163559e-09, 2.9802322387695312e-08, 4.842877388000488e-08, 0.9970154762268066, 0.019496096298098564, -0.07470082491636276, -0.021976465359330177, 0.9992291927337646, -0.03252939134836197, 0.07400903105735779, 0.034073956310749054, 0.9966753125190735),
            ["HumanoidRootPart"] = CFrame.new(0, 0, 0, 1, 0, 0, 0, 1, 0, 0, 0, 1),
            ["LeftUpperLeg"] = CFrame.new(2.9802322387695312e-08, -2.681044861674309e-07, 1.4901161193847656e-08, 0.9656562805175781, 0.25590062141418457, 0.04497550055384636, -0.16352994740009308, 0.7331142425537109, -0.6601524949073792, -0.20190566778182983, 0.6301256418228149, 0.7497838735580444),
            ["LeftUpperArm"] = CFrame.new(0, 0, 4.470348358154297e-08, 0.8601897358894348, 0.48952725529670715, -0.14295794069766998, -0.3960152864456177, 0.8178126811981201, 0.4175574481487274, 0.3213185667991638, -0.30256497859954834, 0.8973342776298523),
            ["RightLowerArm"] = CFrame.new(-1.1920928955078125e-07, -7.748603820800781e-07, 0, 1, -1.4901161193847656e-08, 3.725290653733282e-08, 5.96046660916727e-08, 0.6980495452880859, -0.7160492539405823, 2.980233304583635e-08, 0.7160495519638062, 0.698049783706665),
            ["LeftHand"] = CFrame.new(5.960464477539063e-08, -1.1920928955078125e-07, 9.685754776000977e-08, 0.9732626676559448, -0.19199612736701965, 0.1260848045349121, 0.20485781133174896, 0.9738312363624573, -0.09841685742139816, -0.10388943552970886, 0.12161505222320557, 0.9871255159378052),
            ["RightFoot"] = CFrame.new(-1.341104507446289e-07, 2.384185791015625e-07, 6.875052349641919e-08, 0.9083054065704346, 0.34578585624694824, 0.23540139198303223, -0.2686658203601837, 0.913569450378418, -0.3053017258644104, -0.32062429189682007, 0.2140631228685379, 0.9227010607719421),
            ["RightHand"] = CFrame.new(-3.725290298461914e-07, -5.364418029785156e-07, 2.9802322387695312e-08, 0.9213383793830872, 0.08528579771518707, 0.3792915344238281, -0.06634609401226044, 0.9958213567733765, -0.0627545416355133, -0.3830585181713104, 0.032653678208589554, 0.923146665096283),
            ["RightLowerLeg"] = CFrame.new(1.4901161193847656e-08, -0.000060558319091796875, -0.00007204541907412931, 1, -1.1920928955078125e-07, 0, 1.5646217832454568e-07, 0.8115543723106384, 0.5842766165733337, -9.685753354915505e-08, -0.5842770338058472, 0.8115546107292175),
            ["RightUpperLeg"] = CFrame.new(-5.960464477539063e-08, -4.1979365050792694e-07, 1.3205863069742918e-08, 0.7056303024291992, -0.4124915599822998, -0.5761393308639526, 0.30433332920074463, 0.910702109336853, -0.2792903482913971, 0.6398962736129761, 0.02173723094165325, 0.7681539058685303),
            ["LeftLowerLeg"] = CFrame.new(8.568167686462402e-08, 0.00006031990051269531, 0.00007194280624389648, 1, 1.0477378964424133e-08, 3.5390257835388184e-08, -4.842877388000488e-08, 0.7984254360198975, 0.6020935773849487, 1.862645149230957e-09, -0.6020937561988831, 0.798425555229187),
        }},
        {Time = 0.167, Data = {
            ["LeftFoot"] = CFrame.new(-3.632158041000366e-08, -1.7881393432617188e-07, 1.862645149230957e-08, 0.9869358539581299, -0.143228679895401, -0.07377864420413971, 0.13992345333099365, 0.9889885187149048, -0.048201628029346466, 0.07987014204263687, 0.03724869713187218, 0.9961091876029968),
            ["LeftLowerArm"] = CFrame.new(-1.1920928955078125e-07, 2.384185791015625e-07, 5.960464477539063e-08, 1, 2.980232949312267e-08, 8.940696716308594e-08, 1.0430814256778831e-07, 0.5920864939689636, -0.8058745861053467, 2.980232594040899e-08, 0.8058744668960571, 0.5920863151550293),
            ["RightUpperArm"] = CFrame.new(0, 0, 1.4901161193847656e-08, 0.9623196721076965, -0.24925142526626587, -0.10869517922401428, 0.2718716263771057, 0.889529824256897, 0.3671819269657135, 0.005167057737708092, -0.3828974962234497, 0.923776388168335),
            ["Head"] = CFrame.new(1.1175870895385742e-08, -2.384185791015625e-07, -1.862645149230957e-09, 0.9943714737892151, 0.012961367145180702, 0.10515493899583817, 0.0032389932312071323, 0.9883060455322266, -0.1524493396282196, -0.10590118914842606, 0.1519319862127304, 0.9827011823654175),
            ["LowerTorso"] = CFrame.new(-0.128135085105896, -0.15999746322631836, 0.04730410873889923, 0.9802438616752625, -0.008470969274640083, -0.1976115107536316, 0.027353670448064804, 0.9952882528305054, 0.09302263706922531, 0.19589243829250336, -0.09659028798341751, 0.9758567810058594),
            ["UpperTorso"] = CFrame.new(-1.7578713595867157e-08, 5.960464477539063e-08, 1.1175870895385742e-08, 0.9969634413719177, 0.028305908665060997, -0.0725456029176712, -0.029842954128980637, 0.9993506669998169, -0.020193910226225853, 0.07192682474851608, 0.022297536954283714, 0.9971607327461243),
            ["HumanoidRootPart"] = CFrame.new(0, 0, 0, 1, 0, 0, 0, 1, 0, 0, 0, 1),
            ["LeftUpperLeg"] = CFrame.new(-5.960464477539063e-08, -4.889443516731262e-08, 7.450580596923828e-09, 0.9690815806388855, 0.24311254918575287, 0.04215787351131439, -0.15432937443256378, 0.7305326461791992, -0.6652101278305054, -0.19251854717731476, 0.6381365656852722, 0.7454651594161987),
            ["LeftUpperArm"] = CFrame.new(0, 0, 4.470348358154297e-08, 0.8817262053489685, 0.46682968735694885, -0.06803828477859497, -0.39819666743278503, 0.8137902021408081, 0.42330196499824524, 0.25297868251800537, -0.34614384174346924, 0.9034303426742554),
            ["RightLowerArm"] = CFrame.new(1.1920928955078125e-07, -1.1920928955078125e-07, 0, 1, -2.2351738238057806e-08, 0, 5.960465188081798e-08, 0.6635811924934387, -0.7481043338775635, 5.960465188081798e-08, 0.7481043934822083, 0.6635812520980835),
            ["LeftHand"] = CFrame.new(8.940696716308594e-08, 0, -5.960464477539063e-08, 0.9643262028694153, -0.20358091592788696, 0.16920392215251923, 0.23122531175613403, 0.9589805006980896, -0.1639854460954666, -0.12887884676456451, 0.1972593069076538, 0.9718430042266846),
            ["RightFoot"] = CFrame.new(-1.1920928955078125e-07, 2.384185791015625e-07, 7.992639439180493e-08, 0.9115839004516602, 0.3502104878425598, 0.21533088386058807, -0.2930159866809845, 0.9208595752716064, -0.2572146952152252, -0.28836870193481445, 0.171378031373024, 0.9420580863952637),
            ["RightHand"] = CFrame.new(3.3527612686157227e-07, 2.384185791015625e-07, -4.470348358154297e-08, 0.8919224739074707, 0.07206260412931442, 0.4464096128940582, -0.04669557884335518, 0.9966202974319458, -0.06758404523134232, -0.44977089762687683, 0.03943435847759247, 0.8922728896141052),
            ["RightLowerLeg"] = CFrame.new(-2.5331974029541016e-07, -0.000060617923736572266, -0.00007214972720248625, 1, -5.587936158235607e-08, -1.4901162614933128e-07, 2.9802315282267955e-08, 0.7941214442253113, 0.6077584624290466, -5.960463056453591e-08, -0.6077591180801392, 0.7941219806671143),
            ["RightUpperLeg"] = CFrame.new(0, 2.444721758365631e-08, 2.0656443666666746e-08, 0.7217050194740295, -0.42238345742225647, -0.5483927130699158, 0.3207322657108307, 0.9061210751533508, -0.27581772208213806, 0.6134107112884521, 0.023171668872237206, 0.789423942565918),
            ["LeftLowerLeg"] = CFrame.new(4.377216100692749e-08, 0.000060558319091796875, 0.00007203221321105957, 1, 6.624032522495327e-08, 1.5832485544819974e-08, -3.3527612686157227e-08, 0.7846382856369019, 0.619953989982605, -2.7008354663848877e-08, -0.619953989982605, 0.7846382856369019),
        }},
        {Time = 0.200, Data = {
            ["LeftFoot"] = CFrame.new(-1.1641532182693481e-09, 0, -6.612390279769897e-08, 0.9885285496711731, -0.1241597831249237, -0.08599893748760223, 0.12145412713289261, 0.991942822933197, -0.03603285551071167, 0.08977978676557541, 0.02517477422952652, 0.9956434369087219),
            ["LeftLowerArm"] = CFrame.new(-1.7881393432617188e-07, 0, 1.1920928955078125e-07, 1, -6.705523247774181e-08, 2.9802318834981634e-08, 7.450579886381092e-08, 0.5410370826721191, -0.8409988880157471, 7.450579886381092e-08, 0.8409988284111023, 0.5410369634628296),
            ["RightUpperArm"] = CFrame.new(0, 0, 1.4901161193847656e-08, 0.9631890058517456, -0.25213003158569336, -0.09325988590717316, 0.26867911219596863, 0.8914490938186646, 0.3648698031902313, -0.008858202025294304, -0.3764957785606384, 0.9263761043548584),
            ["Head"] = CFrame.new(-2.60770320892334e-08, -2.384185791015625e-07, 0, 0.9989354014396667, 0.006494913715869188, 0.04567304998636246, 0.0033262954093515873, 0.9773213267326355, -0.21173563599586487, -0.0460125096142292, 0.21166227757930756, 0.9762592315673828),
            ["LowerTorso"] = CFrame.new(-0.1508588343858719, -0.14986944198608398, 0.0427023209631443, 0.9838184118270874, -0.019839735701680183, -0.17806695401668549, 0.034238867461681366, 0.9963527321815491, 0.07815927267074585, 0.17586688697338104, -0.08299136161804199, 0.9809094071388245),
            ["UpperTorso"] = CFrame.new(9.546056389808655e-09, 1.1920928955078125e-07, -8.381903171539307e-09, 0.9974881410598755, 0.03261001035571098, -0.06288175284862518, -0.033206600695848465, 0.9994126558303833, -0.008468374609947205, 0.06256862729787827, 0.010535195469856262, 0.9979851245880127),
            ["HumanoidRootPart"] = CFrame.new(0, 0, 0, 1, 0, 0, 0, 1, 0, 0, 0, 1),
            ["LeftUpperLeg"] = CFrame.new(0, 4.5332126319408417e-07, -1.1175870895385742e-08, 0.9725655317306519, 0.22849716246128082, 0.04365234076976776, -0.1454630196094513, 0.7437788844108582, -0.6524060368537903, -0.1815405935049057, 0.6281576752662659, 0.7566114068031311),
            ["LeftUpperArm"] = CFrame.new(5.960464477539063e-08, 1.1920928955078125e-07, -2.9802322387695312e-08, 0.8959064483642578, 0.4442096948623657, 0.005460891406983137, -0.4031807482242584, 0.807873010635376, 0.42986777424812317, 0.18653962016105652, -0.3873231112957001, 0.9028753638267517),
            ["RightLowerArm"] = CFrame.new(1.7881393432617188e-07, -4.172325134277344e-07, -1.1920928955078125e-07, 1, -9.685756197086448e-08, 2.2351748896198842e-08, 5.960465898624534e-08, 0.6244826912879944, -0.7810387015342712, -2.2351747119842003e-08, 0.7810387015342712, 0.6244828104972839),
            ["LeftHand"] = CFrame.new(1.1920928955078125e-07, 2.384185791015625e-07, 8.940696716308594e-08, 0.9563198089599609, -0.2194080352783203, 0.19316518306732178, 0.2622643709182739, 0.9358330965042114, -0.23544396460056305, -0.1291118711233139, 0.2758200764656067, 0.9524986147880554),
            ["RightFoot"] = CFrame.new(5.960464477539063e-08, 4.76837158203125e-07, -5.8840669225901365e-08, 0.9139525890350342, 0.3586439788341522, 0.18990899622440338, -0.32084837555885315, 0.9251227378845215, -0.20298799872398376, -0.24848966300487518, 0.12458957731723785, 0.9605886340141296),
            ["RightHand"] = CFrame.new(2.5331974029541016e-07, 1.1920928955078125e-07, 0, 0.8606699705123901, 0.05709090083837509, 0.5059525966644287, -0.024044150486588478, 0.9971425533294678, -0.07161503285169601, -0.50859534740448, 0.049471788108348846, 0.8595831990242004),
            ["RightLowerLeg"] = CFrame.new(0, -0.00006026029586791992, -0.00007214972720248625, 1, -8.56816981809061e-08, 1.4901164746561335e-08, 5.960465188081798e-08, 0.7926416397094727, 0.6096875071525574, -5.960465188081798e-08, -0.6096879243850708, 0.7926419377326965),
            ["RightUpperLeg"] = CFrame.new(0, 2.7101486921310425e-07, -4.639878170564771e-08, 0.7395747303962708, -0.42137017846107483, -0.5248584151268005, 0.33457502722740173, 0.9067788124084473, -0.25653839111328125, 0.5840280652046204, 0.014124753884971142, 0.8116105198860168),
            ["LeftLowerLeg"] = CFrame.new(2.0721927285194397e-08, 0.000060498714447021484, 0.0000720582902431488, 1, 4.7090015442563526e-08, 1.8742865037779666e-08, -3.818422555923462e-08, 0.7950475811958313, 0.6065470576286316, 1.1641532182693481e-08, -0.6065471768379211, 0.7950475811958313),
        }},
        {Time = 0.233, Data = {
            ["LeftFoot"] = CFrame.new(-5.9371814131736755e-08, 0, 4.0046870708465576e-08, 0.9893150925636292, -0.09502722322940826, -0.11056939512491226, 0.10645020753145218, 0.9890256524085999, 0.10245412588119507, 0.0996200442314148, -0.11312943696975708, 0.9885735511779785),
            ["LeftLowerArm"] = CFrame.new(-2.9802322387695312e-08, 1.7881393432617188e-07, -1.4901161193847656e-07, 1, -6.705523247774181e-08, 5.960465188081798e-08, 8.940696716308594e-08, 0.4830017685890198, -0.8756195306777954, 5.960464477539063e-08, 0.8756194114685059, 0.4830016493797302),
            ["RightUpperArm"] = CFrame.new(-5.960464477539063e-08, -5.960464477539062e-07, 0, 0.9641306400299072, -0.24984396994113922, -0.08961164951324463, 0.265139639377594, 0.8907939195632935, 0.369035542011261, -0.012375801801681519, -0.3795580267906189, 0.9250852465629578),
            ["Head"] = CFrame.new(7.450580596923828e-09, -3.5762786865234375e-07, 1.1175870895385742e-08, 0.999989926815033, -0.004010509699583054, -0.0020147094037383795, 0.0033432948403060436, 0.9651464223861694, -0.2616894245147705, 0.002993898233398795, 0.26168012619018555, 0.9651501178741455),
            ["LowerTorso"] = CFrame.new(-0.16812342405319214, -0.1214592456817627, 0.037785228341817856, 0.9873731732368469, -0.03166753798723221, -0.15521392226219177, 0.04167982190847397, 0.9972252249717712, 0.06168269366025925, 0.15282990038394928, -0.06737315654754639, 0.9859532713890076),
            ["UpperTorso"] = CFrame.new(2.561137080192566e-09, 0, -2.2351741790771484e-08, 0.9980872273445129, 0.035590387880802155, -0.050550565123558044, -0.035437989979982376, 0.9993642568588257, 0.003904777579009533, 0.05065740644931793, -0.002105903113260865, 0.9987138509750366),
            ["HumanoidRootPart"] = CFrame.new(0, 0, 0, 1, 0, 0, 0, 1, 0, 0, 0, 1),
            ["LeftUpperLeg"] = CFrame.new(5.960464477539063e-08, -2.4051405489444733e-07, -2.2351741790771484e-08, 0.9759010672569275, 0.21663141250610352, 0.02622794732451439, -0.1417713463306427, 0.7208091020584106, -0.6784800887107849, -0.16588541865348816, 0.6584109663963318, 0.7341505289077759),
            ["LeftUpperArm"] = CFrame.new(5.960464477539063e-08, -5.960464477539062e-07, -4.470348358154297e-08, 0.9044383764266968, 0.4203292429447174, 0.07290364056825638, -0.4080500900745392, 0.8025243878364563, 0.43525800108909607, 0.12444449216127396, -0.4234122335910797, 0.8973492383956909),
            ["RightLowerArm"] = CFrame.new(4.76837158203125e-07, 4.76837158203125e-07, 1.4901161193847656e-07, 1, -2.9802322387695312e-08, 9.313224857976365e-09, 8.195639367158947e-08, 0.5600202083587646, -0.828478991985321, 4.4703490686970326e-08, 0.8284790515899658, 0.5600201487541199),
            ["LeftHand"] = CFrame.new(0, -5.960464477539063e-08, 1.1920928955078125e-07, 0.9540839195251465, -0.2349204421043396, 0.18584023416042328, 0.28427594900131226, 0.9056546688079834, -0.31460604071617126, -0.09439946711063385, 0.3529903292655945, 0.9308526515960693),
            ["RightFoot"] = CFrame.new(7.450580596923828e-08, 4.172325134277344e-07, 3.5222910810261965e-08, 0.9148327112197876, 0.36324307322502136, 0.17645373940467834, -0.3484768271446228, 0.9308871030807495, -0.10960368067026138, -0.20407135784626007, 0.038779355585575104, 0.9781876802444458),
            ["RightHand"] = CFrame.new(-1.4156103134155273e-07, -1.1920928955078125e-07, -4.0978193283081055e-08, 0.8306483030319214, 0.04618325084447861, 0.5548791289329529, -0.009190019220113754, 0.9975556135177612, -0.06927026063203812, -0.5567216873168945, 0.05244001746177673, 0.8290420174598694),
            ["RightLowerLeg"] = CFrame.new(1.4901161193847656e-08, -0.00006026029586791992, -0.00007206032023532316, 1, -9.126963362859897e-08, -1.4901164746561335e-08, 5.96046660916727e-08, 0.7799116373062134, 0.6258894801139832, -1.4901166878189542e-07, -0.625889778137207, 0.7799118161201477),
            ["RightUpperLeg"] = CFrame.new(-5.960464477539063e-08, -2.2584572434425354e-07, -3.894820110872388e-08, 0.7587879300117493, -0.42618849873542786, -0.49254873394966125, 0.3464990258216858, 0.9044528603553772, -0.24880410730838776, 0.5515246391296387, 0.018121760338544846, 0.8339618444442749),
            ["LeftLowerLeg"] = CFrame.new(3.026798367500305e-09, 0.00006085634231567383, 0.00007207319140434265, 1, 6.893243664762849e-08, 1.5599656677522944e-08, -6.426127185932273e-08, 0.7645895481109619, 0.6445176005363464, 7.450582373280668e-09, -0.6445176601409912, 0.7645894885063171),
        }},
        {Time = 0.267, Data = {
            ["LeftFoot"] = CFrame.new(3.259629011154175e-08, -5.960464477539063e-08, -1.1175870895385742e-08, 0.989641010761261, -0.06570009887218475, -0.12764878571033478, 0.10136964917182922, 0.9494036436080933, 0.2972494065761566, 0.10166097432374954, -0.3071097135543823, 0.9462286829948425),
            ["LeftLowerArm"] = CFrame.new(-3.2782554626464844e-07, 2.980232238769531e-07, -1.30385160446167e-07, 1, -1.0430815677864302e-07, 4.470348358154297e-08, -2.980232949312267e-08, 0.4184618890285492, -0.9082344174385071, 5.960465898624534e-08, 0.9082343578338623, 0.4184618890285492),
            ["RightUpperArm"] = CFrame.new(0, -1.1920928955078125e-07, -7.450580596923828e-09, 0.9655269980430603, -0.2465958297252655, -0.08335597068071365, 0.259970098733902, 0.8973217606544495, 0.3566921353340149, -0.013161646202206612, -0.36606597900390625, 0.9304958581924438),
            ["Head"] = CFrame.new(1.5832483768463135e-08, 0, -7.450580596923828e-09, 0.9991242289543152, -0.015345300547778606, -0.03892669081687927, 0.0024947766214609146, 0.9505164623260498, -0.3106641173362732, 0.04176757112145424, 0.3102950155735016, 0.9497223496437073),
            ["LowerTorso"] = CFrame.new(-0.17433485388755798, -0.08063435554504395, 0.033869970589876175, 0.9902527928352356, -0.04401583597064018, -0.13214386999607086, 0.05021069198846817, 0.9977725744247437, 0.04391907900571823, 0.12991638481616974, -0.05012604594230652, 0.9902570843696594),
            ["UpperTorso"] = CFrame.new(-3.3760443329811096e-09, -2.980232238769531e-07, -1.862645149230957e-09, 0.9986636638641357, 0.03747895732522011, -0.035584986209869385, -0.03684679791331291, 0.9991542100906372, 0.01825280860066414, 0.036239005625247955, -0.01691722683608532, 0.9991999864578247),
            ["HumanoidRootPart"] = CFrame.new(0, 0, 0, 1, 0, 0, 0, 1, 0, 0, 0, 1),
            ["LeftUpperLeg"] = CFrame.new(0, -2.846354618668556e-07, 1.1175870895385742e-08, 0.9785397052764893, 0.20604506134986877, 0.002352867042645812, -0.1462581902742386, 0.7025554776191711, -0.6964368224143982, -0.14515045285224915, 0.6811469793319702, 0.7176142930984497),
            ["LeftUpperArm"] = CFrame.new(1.1920928955078125e-07, 0, -7.450580596923828e-08, 0.908196747303009, 0.39732638001441956, 0.1315704882144928, -0.4128701686859131, 0.7988863587379456, 0.43739962577819824, 0.06868039071559906, -0.4515664875507355, 0.8895902037620544),
            ["RightLowerArm"] = CFrame.new(1.1920928955078125e-07, 4.172325134277344e-07, 1.4901161193847656e-07, 1, -4.470347647611561e-08, 1.4901162970204496e-08, 9.313227167240257e-08, 0.5225483179092407, -0.8526096940040588, 2.2351745343485163e-08, 0.8526096343994141, 0.5225483179092407),
            ["LeftHand"] = CFrame.new(-1.1920928955078125e-07, -1.1920928955078125e-07, -1.1920928955078125e-07, 0.9670409560203552, -0.19409824907779694, 0.16479641199111938, 0.2485518753528595, 0.8600742220878601, -0.4455273449420929, -0.05526101589202881, 0.47180336713790894, 0.8799703121185303),
            ["RightFoot"] = CFrame.new(8.940696716308594e-08, 3.5762786865234375e-07, 2.4047039914876223e-08, 0.9149788618087769, 0.2989359200000763, 0.2710188925266266, -0.29432550072669983, 0.9539125561714172, -0.05850815400481224, -0.2760184109210968, -0.0262333732098341, 0.9607943296432495),
            ["RightHand"] = CFrame.new(-8.847564458847046e-08, -2.384185791015625e-07, -3.3527612686157227e-08, 0.780051052570343, 0.04839090257883072, 0.6238419413566589, 0.05415617302060127, 0.9880423545837402, -0.1443585902452469, -0.6233679056167603, 0.14639215171337128, 0.768102765083313),
            ["RightLowerLeg"] = CFrame.new(-1.4156103134155273e-07, -0.00006031990051269531, -0.00007206032023532316, 1, -8.195639367158947e-08, -4.4703490686970326e-08, 9.685754776000977e-08, 0.7473611831665039, 0.6644173860549927, -7.450580596923828e-08, -0.6644179821014404, 0.7473616600036621),
