return {
  ["BIo - Hip fuck new series v1"] = {
    {Time = 0.000, Data = {
      ["Head"] = CFrame.new(-0.003107, 0.068928, 0.157247, 0.984015, 0.022837, -0.176613, -0.151114, 0.631811, -0.760250, 0.094224, 0.774786, 0.625163),
      ["Head.001"] = CFrame.new(0.000000, -0.000000, 0.000000, -0.984015, -0.176613, 0.022837, 0.151114, -0.760250, 0.631811, -0.094224, 0.625163, 0.774786),
      ["Left Arm"] = CFrame.new(-0.438519, -0.400854, -0.284266, 0.582838, 0.583243, -0.565800, -0.635183, 0.761271, 0.130435, 0.506805, 0.283361, 0.814160),
      ["Left Arm.001"] = CFrame.new(0.000000, 0.000100, -0.000500, 1.000000, 0.000000, 0.000000, 0.000000, 1.000000, 0.000000, 0.000000, 0.000000, 1.000000),
      ["Left Leg"] = CFrame.new(-0.366652, 1.353144, 0.144348, 0.595455, 0.044987, 0.802147, -0.121472, 0.991995, 0.034516, -0.794195, -0.117989, 0.596129),
      ["Left Leg.001"] = CFrame.new(0.000000, -0.000200, 0.000000, 1.000000, 0.000000, 0.000000, -0.000000, 1.000000, 0.000000, -0.000000, 0.000000, 1.000000),
      ["LeftFoot"] = CFrame.new(-0.000000, 0.034174, 0.000001, 0.686746, -0.544721, -0.481309, 0.142390, 0.750135, -0.645775, 0.712795, 0.374937, 0.592687),
      ["LeftHand"] = CFrame.new(0.000504, -0.006700, 0.000000, 0.982971, 0.166531, -0.077689, -0.171714, 0.982962, -0.065577, 0.065445, 0.077801, 0.994814),
      ["LeftLowerArm"] = CFrame.new(0.005724, -0.040018, 0.010677, 1.000000, -0.000000, -0.000000, 0.000000, 1.000000, -0.000001, 0.000000, -0.000000, 1.000006),
      ["LeftLowerLeg"] = CFrame.new(0.000000, 0.122374, -0.123951, 1.000000, -0.000000, -0.000000, 0.000000, -0.285946, 0.958281, -0.000000, -0.958245, -0.285961),
      ["LeftUpperArm"] = CFrame.new(0.198775, -0.425657, -0.271588, 0.814160, -0.283361, -0.506803, -0.130435, 0.761271, -0.635179, 0.565800, 0.583243, 0.582835),
      ["LeftUpperLeg"] = CFrame.new(-0.000723, -0.097399, -0.061041, 0.570292, 0.753444, -0.327225, -0.660372, 0.183607, -0.728138, -0.488545, 0.631354, 0.602273),
      ["LowerTorso"] = CFrame.new(-0.185863, 0.307937, 0.402474, 0.999559, -0.003410, -0.029487, -0.029355, 0.033743, -0.998999, 0.004402, 0.999425, 0.033628),
      ["Right Arm"] = CFrame.new(0.215115, 0.776606, 0.577177, 0.241623, -0.439840, -0.864962, -0.958988, -0.244389, -0.143613, -0.148221, 0.864185, -0.480849),
      ["Right Arm.001"] = CFrame.new(-0.000001, 0.000000, 0.000000, 1.000000, -0.000000, 0.000000, 0.000000, 1.000000, 0.000000, 0.000000, -0.000000, 1.000000),
      ["Right Leg"] = CFrame.new(0.185321, 0.280162, 0.065859, -0.583031, -0.799782, 0.142956, 0.790219, -0.599105, -0.129087, 0.188930, 0.037706, 0.981275),
      ["Right Leg.001"] = CFrame.new(-0.000000, -0.000000, 0.000000, 1.000000, -0.000000, -0.000000, -0.000000, 1.000000, 0.000000, 0.000000, 0.000000, 1.000000),
      ["RightFoot"] = CFrame.new(0.000000, 0.000921, -0.000100, 0.997306, -0.066533, -0.030906, 0.056258, 0.964018, -0.259818, 0.047116, 0.257366, 0.965131),
      ["RightHand"] = CFrame.new(-0.000494, 0.008828, 0.000000, -0.577326, -0.759400, 0.300010, 0.814377, -0.508974, 0.278812, -0.059032, 0.405284, 0.912278),
      ["RightLowerArm"] = CFrame.new(-0.011497, 0.016146, 0.009108, 1.000000, 0.000000, 0.000000, -0.000000, 0.869641, -0.493688, -0.000000, 0.493685, 0.869646),
      ["RightLowerLeg"] = CFrame.new(-0.000000, 0.042787, -0.009305, 1.000000, 0.000000, -0.000000, -0.000000, 0.907635, 0.419778, 0.000000, -0.419767, 0.907665),
      ["RightUpperArm"] = CFrame.new(0.647540, 0.130570, -0.226303, -0.480849, 0.678356, 0.555533, -0.143613, -0.685967, 0.713320, 0.864962, 0.263218, 0.427266),
      ["RightUpperLeg"] = CFrame.new(-0.016717, -0.066244, -0.093047, 0.978638, -0.010625, -0.205349, -0.204343, -0.159987, -0.965726, -0.022600, 0.987061, -0.158734),
      ["Torso"] = CFrame.new(0.202701, 1.166937, -0.171127, 0.999931, -0.011718, 0.000296, 0.009293, 0.807871, 0.589286, -0.007144, -0.589243, 0.807925),
      ["UpperTorso"] = CFrame.new(-0.015906, 0.011932, -0.021836, 0.999240, -0.021419, 0.032566, -0.012456, 0.616210, 0.787484, -0.036935, -0.787291, 0.615475)
    }},
    {Time = 0.033, Data = {
      ["Head"] = CFrame.new(-0.003107, 0.068928, 0.157247, 0.984034, 0.022757, -0.176520, -0.151981, 0.623577, -0.766846, 0.092623, 0.781430, 0.617080),
      ["Head.001"] = CFrame.new(0.000000, 0.000000, 0.000001, -0.984034, -0.176520, 0.022757, 0.151981, -0.766846, 0.623578, -0.092623, 0.617080, 0.781430),
      ["Left Arm"] = CFrame.new(-0.313202, -0.464801, -0.195687, 0.480532, 0.663098, -0.573927, -0.758196, 0.643008, 0.108102, 0.440725, 0.383200, 0.811740),
      ["Left Arm.001"] = CFrame.new(0.000000, 0.000100, -0.000500, 1.000000, 0.000000, -0.000000, -0.000000, 1.000000, -0.000000, 0.000000, -0.000000, 1.000000),
      ["Left Leg"] = CFrame.new(-0.210493, 1.378887, 0.070590, 0.590983, 0.125590, 0.796866, -0.191434, 0.981424, -0.012725, -0.783683, -0.145026, 0.604022),
      ["Left Leg.001"] = CFrame.new(-0.000000, -0.000200, 0.000000, 1.000000, 0.000000, 0.000000, 0.000000, 1.000000, -0.000000, 0.000000, 0.000000, 1.000000),
      ["LeftFoot"] = CFrame.new(0.000000, 0.034735, 0.000001, 0.732109, -0.506880, -0.455071, 0.184174, 0.790473, -0.584152, 0.655800, 0.343836, 0.672039),
      ["LeftHand"] = CFrame.new(0.000497, 0.004424, 0.000000, 0.978546, 0.186928, -0.086638, -0.177090, 0.978027, 0.110006, 0.105298, -0.092302, 0.990143),
      ["LeftLowerArm"] = CFrame.new(0.005629, -0.000839, 0.014354, 1.000000, -0.000000, -0.000000, 0.000000, 0.960616, -0.277880, 0.000000, 0.277878, 0.960622),
      ["LeftLowerLeg"] = CFrame.new(-0.000000, 0.118884, -0.133563, 1.000000, -0.000000, -0.000000, 0.000000, -0.386137, 0.922474, -0.000000, -0.922442, -0.386155),
      ["LeftUpperArm"] = CFrame.new(0.197565, -0.414491, -0.267524, 0.811740, -0.245641, -0.529848, -0.108102, 0.828369, -0.549653, 0.573927, 0.503454, 0.645865),
      ["LeftUpperLeg"] = CFrame.new(-0.000723, -0.097399, -0.061041, 0.576161, 0.693468, -0.432584, -0.563528, -0.046303, -0.824792, -0.592009, 0.718997, 0.364118),
      ["LowerTorso"] = CFrame.new(-0.217581, 0.229205, 0.349839, 0.999587, -0.003232, -0.028538, -0.027600, 0.166765, -0.985610, 0.007945, 0.985991, 0.166607),
      ["Right Arm"] = CFrame.new(0.216571, 0.770770, 0.561418, 0.264946, -0.422165, -0.866938, -0.950414, -0.266185, -0.160833, -0.162868, 0.866558, -0.471753),
      ["Right Arm.001"] = CFrame.new(0.000000, -0.000000, -0.000000, 1.000000, -0.000000, -0.000000, 0.000000, 1.000000, -0.000000, 0.000000, -0.000000, 1.000000),
      ["Right Leg"] = CFrame.new(0.120263, 0.241197, 0.067744, -0.580596, -0.804360, 0.126212, 0.792933, -0.593783, -0.136799, 0.185021, 0.020655, 0.982526),
      ["Right Leg.001"] = CFrame.new(0.000000, -0.000000, 0.000000, 1.000000, -0.000000, 0.000000, -0.000000, 1.000000, 0.000000, 0.000000, 0.000000, 1.000000),
      ["RightFoot"] = CFrame.new(0.000000, 0.001431, -0.000100, 0.997581, -0.063040, -0.029283, 0.053586, 0.965824, -0.253601, 0.044305, 0.251408, 0.966832),
      ["RightHand"] = CFrame.new(-0.000494, 0.008355, -0.000000, -0.568688, -0.764893, 0.302545, 0.821319, -0.507881, 0.259794, -0.045057, 0.396225, 0.917042),
      ["RightLowerArm"] = CFrame.new(-0.011505, 0.012912, 0.007595, 1.000000, 0.000000, 0.000000, 0.000000, 0.885022, -0.465553, -0.000000, 0.465551, 0.885026),
      ["RightLowerLeg"] = CFrame.new(-0.000000, 0.046583, -0.010925, 1.000000, 0.000000, 0.000000, -0.000000, 0.891393, 0.453246, -0.000000, -0.453234, 0.891426),
      ["RightUpperArm"] = CFrame.new(0.642992, 0.139181, -0.227291, -0.471753, 0.691099, 0.547567, -0.160833, -0.678043, 0.717210, 0.866938, 0.250280, 0.431020),
      ["RightUpperLeg"] = CFrame.new(-0.016717, -0.066243, -0.093048, 0.979986, -0.033671, -0.196233, -0.197077, -0.302962, -0.932391, -0.028060, 0.952407, -0.303531),
      ["Torso"] = CFrame.new(0.234348, 1.100976, -0.190950, 0.999931, -0.011718, 0.000296, 0.009408, 0.817372, 0.576033, -0.006992, -0.575990, 0.817426),
      ["UpperTorso"] = CFrame.new(-0.015828, 0.014798, -0.020068, 0.999251, -0.018280, 0.034104, -0.011342, 0.704282, 0.709829, -0.036995, -0.709685, 0.703547)
    }},
    {Time = 0.067, Data = {
      ["Head"] = CFrame.new(-0.003107, 0.068928, 0.157247, 0.984062, 0.022638, -0.176380, -0.153245, 0.611140, -0.776546, 0.090213, 0.791198, 0.604869),
      ["Head.001"] = CFrame.new(0.000000, 0.000000, -0.000000, -0.984062, -0.176380, 0.022638, 0.153245, -0.776546, 0.611140, -0.090213, 0.604869, 0.791199),
      ["Left Arm"] = CFrame.new(-0.191008, -0.536590, -0.114911, 0.358896, 0.726976, -0.585406, -0.869429, 0.488542, 0.073668, 0.339552, 0.482527, 0.807386),
      ["Left Arm.001"] = CFrame.new(0.000000, 0.000100, -0.000500, 1.000000, -0.000000, -0.000000, -0.000000, 1.000000, -0.000000, 0.000000, 0.000000, 1.000000),
      ["Left Leg"] = CFrame.new(0.044406, 1.366805, -0.047498, 0.582378, 0.266156, 0.768131, -0.322013, 0.943122, -0.082672, -0.746465, -0.199199, 0.634933),
      ["Left Leg.001"] = CFrame.new(-0.000000, -0.000200, -0.000000, 1.000000, 0.000000, -0.000000, 0.000000, 1.000000, 0.000000, -0.000000, -0.000000, 1.000000),
      ["LeftFoot"] = CFrame.new(0.000000, 0.035293, 0.000001, 0.808173, -0.433958, -0.398168, 0.235015, 0.857542, -0.457592, 0.540009, 0.276225, 0.794999),
      ["LeftHand"] = CFrame.new(0.000494, 0.008651, -0.000000, 0.971017, 0.217116, -0.099933, -0.178054, 0.936032, 0.303548, 0.159446, -0.276955, 0.947557),
      ["LeftLowerArm"] = CFrame.new(0.005595, 0.029661, 0.026289, 1.000000, -0.000000, -0.000000, -0.000000, 0.838763, -0.544499, 0.000000, 0.544497, 0.838767),
      ["LeftLowerLeg"] = CFrame.new(-0.000000, 0.114589, -0.142325, 1.000000, -0.000000, -0.000000, 0.000000, -0.477572, 0.878622, -0.000000, -0.878594, -0.477594),
      ["LeftUpperArm"] = CFrame.new(0.195389, -0.397273, -0.261785, 0.807387, -0.219842, -0.547536, -0.073667, 0.883170, -0.463232, 0.585406, 0.414344, 0.696863),
      ["LeftUpperLeg"] = CFrame.new(-0.000723, -0.097399, -0.061041, 0.605415, 0.584677, -0.540013, -0.396514, -0.366727, -0.841595, -0.690108, 0.723646, 0.009814),
      ["LowerTorso"] = CFrame.new(-0.258676, 0.126418, 0.291924, 0.999601, -0.003348, -0.028058, -0.025317, 0.334888, -0.941918, 0.012550, 0.942252, 0.334670),
      ["Right Arm"] = CFrame.new(0.220647, 0.759540, 0.539014, 0.296422, -0.397594, -0.868363, -0.936630, -0.298787, -0.182919, -0.186728, 0.867552, -0.460963),
      ["Right Arm.001"] = CFrame.new(-0.000000, 0.000000, 0.000000, 1.000000, 0.000000, 0.000000, -0.000000, 1.000000, -0.000000, 0.000000, -0.000000, 1.000000),
      ["Right Leg"] = CFrame.new(0.037683, 0.192027, 0.065030, -0.578007, -0.809968, 0.099401, 0.796917, -0.586455, -0.144996, 0.175779, -0.004590, 0.984427),
      ["Right Leg.001"] = CFrame.new(0.000000, -0.000000, 0.000000, 1.000000, 0.000000, -0.000000, -0.000000, 1.000000, 0.000000, -0.000000, -0.000000, 1.000000),
      ["RightFoot"] = CFrame.new(0.000000, 0.001847, -0.000099, 0.997964, -0.057846, -0.026871, 0.049484, 0.968017, -0.245960, 0.040276, 0.244123, 0.968872),
      ["RightHand"] = CFrame.new(-0.000495, 0.007607, -0.000000, -0.558439, -0.771233, 0.305525, 0.829250, -0.509173, 0.230404, -0.022129, 0.382021, 0.923883),
      ["RightLowerArm"] = CFrame.new(-0.011517, 0.007754, 0.005414, 1.000000, 0.000000, 0.000000, -0.000000, 0.907191, -0.420721, -0.000000, 0.420719, 0.907196),
      ["RightLowerLeg"] = CFrame.new(-0.000000, 0.049706, -0.012378, 1.000000, 0.000000, 0.000000, -0.000000, 0.876810, 0.480848, -0.000000, -0.480837, 0.876847),
      ["RightUpperArm"] = CFrame.new(0.637597, 0.150223, -0.228004, -0.460963, 0.708475, 0.534393, -0.182919, -0.665112, 0.723993, 0.868363, 0.235984, 0.436185),
      ["RightUpperLeg"] = CFrame.new(-0.016717, -0.066244, -0.093048, 0.982145, -0.059981, -0.178344, -0.185596, -0.463735, -0.866305, -0.030740, 0.883942, -0.466584),
      ["Torso"] = CFrame.new(0.275490, 1.015089, -0.219270, 0.999931, -0.011718, 0.000296, 0.009554, 0.829401, 0.558572, -0.006791, -0.558531, 0.829456),
      ["UpperTorso"] = CFrame.new(-0.015725, 0.018126, -0.017215, 0.999240, -0.014285, 0.036263, -0.010076, 0.804092, 0.594420, -0.037650, -0.594333, 0.803337)
    }},
    {Time = 0.100, Data = {
      ["Head"] = CFrame.new(-0.003107, 0.068928, 0.157247, 0.984097, 0.022495, -0.176204, -0.154755, 0.595547, -0.788274, 0.087205, 0.803006, 0.589557),
      ["Head.001"] = CFrame.new(0.000000, -0.000000, 0.000000, -0.984097, -0.176204, 0.022495, 0.154755, -0.788274, 0.595547, -0.087205, 0.589557, 0.803006),
      ["Left Arm"] = CFrame.new(-0.110091, -0.581395, -0.072671, 0.263933, 0.757097, -0.597616, -0.935742, 0.351266, 0.031744, 0.233956, 0.550833, 0.801154),
      ["Left Arm.001"] = CFrame.new(0.000000, 0.000100, -0.000500, 1.000000, 0.000000, 0.000000, 0.000000, 1.000000, 0.000000, -0.000000, 0.000000, 1.000000),
      ["Left Leg"] = CFrame.new(0.345792, 1.276456, -0.148593, 0.551466, 0.442753, 0.707022, -0.481305, 0.861109, -0.163865, -0.681394, -0.249920, 0.687945),
      ["Left Leg.001"] = CFrame.new(0.000000, -0.000200, 0.000000, 1.000000, 0.000000, 0.000000, 0.000000, 1.000000, 0.000000, -0.000000, 0.000000, 1.000000),
      ["LeftFoot"] = CFrame.new(0.000000, 0.035608, 0.000001, 0.895267, -0.324678, -0.305093, 0.241723, 0.929208, -0.279540, 0.374249, 0.176507, 0.910339),
      ["LeftHand"] = CFrame.new(0.000491, 0.014719, 0.000000, 0.960900, 0.251818, -0.115145, -0.174611, 0.873806, 0.453843, 0.214900, -0.415990, 0.883607),
      ["LeftLowerArm"] = CFrame.new(0.005546, 0.050990, 0.038674, 1.000000, -0.000000, -0.000000, 0.000000, 0.710126, -0.704079, 0.000000, 0.704075, 0.710129),
      ["LeftLowerLeg"] = CFrame.new(-0.000000, 0.111811, -0.146930, 1.000000, -0.000000, -0.000000, 0.000000, -0.525621, 0.850747, -0.000000, -0.850719, -0.525645),
      ["LeftUpperArm"] = CFrame.new(0.192272, -0.376312, -0.255680, 0.801154, -0.226439, -0.553965, -0.031744, 0.908272, -0.417174, 0.597616, 0.351806, 0.720477),
      ["LeftUpperLeg"] = CFrame.new(-0.000723, -0.097399, -0.061041, 0.658402, 0.466013, -0.591040, -0.189864, -0.657039, -0.729555, -0.728326, 0.592562, -0.344115),
      ["LowerTorso"] = CFrame.new(-0.299727, 0.023390, 0.245383, 0.999587, -0.003575, -0.028497, -0.023034, 0.492903, -0.869779, 0.017156, 0.870077, 0.492618),
      ["Right Arm"] = CFrame.new(0.228828, 0.742036, 0.513156, 0.329973, -0.370399, -0.868288, -0.918322, -0.339008, -0.204369, -0.218659, 0.864800, -0.452006),
      ["Right Arm.001"] = CFrame.new(-0.000000, 0.000000, 0.000000, 1.000000, 0.000000, 0.000000, 0.000000, 1.000000, 0.000000, -0.000000, 0.000000, 1.000000),
      ["Right Leg"] = CFrame.new(-0.044106, 0.149530, 0.055556, -0.575156, -0.815580, 0.063646, 0.802804, -0.577647, -0.147845, 0.157387, -0.033933, 0.986961),
      ["Right Leg.001"] = CFrame.new(-0.000000, 0.000000, 0.000000, 1.000000, 0.000000, -0.000000, -0.000000, 1.000000, 0.000000, 0.000000, 0.000000, 1.000000),
      ["RightFoot"] = CFrame.new(-0.000000, 0.002030, -0.000099, 0.998277, -0.053220, -0.024722, 0.045726, 0.969546, -0.240609, 0.036811, 0.239061, 0.970271),
      ["RightHand"] = CFrame.new(-0.000496, 0.006618, 0.000000, -0.549947, -0.776327, 0.308018, 0.835153, -0.515044, 0.192998, 0.008813, 0.363379, 0.931595),
      ["RightLowerArm"] = CFrame.new(-0.011532, 0.000904, 0.002923, 1.000000, 0.000000, 0.000000, -0.000000, 0.932458, -0.361280, 0.000000, 0.361278, 0.932463),
      ["RightLowerLeg"] = CFrame.new(0.000000, 0.051070, -0.013047, 1.000000, 0.000000, -0.000000, -0.000000, 0.870087, 0.492905, 0.000000, -0.492896, 0.870126),
      ["RightUpperArm"] = CFrame.new(0.633119, 0.160948, -0.227966, -0.452006, 0.727393, 0.516323, -0.204369, -0.647878, 0.733816, 0.868288, 0.226170, 0.441501),
      ["RightUpperLeg"] = CFrame.new(-0.016717, -0.066244, -0.093048, 0.985251, -0.081229, -0.150647, -0.169126, -0.595978, -0.784977, -0.026011, 0.798882, -0.600922),
      ["Torso"] = CFrame.new(0.316631, 0.929051, -0.252097, 0.999931, -0.011718, 0.000296, 0.009696, 0.841056, 0.540861, -0.006587, -0.540821, 0.841112),
      ["UpperTorso"] = CFrame.new(-0.015622, 0.020912, -0.013816, 0.999201, -0.010391, 0.038599, -0.008764, 0.885178, 0.465169, -0.039001, -0.465136, 0.884380)
    }},
    {Time = 0.133, Data = {
      ["Head"] = CFrame.new(-0.003107, 0.068928, 0.157247, 0.984136, 0.022340, -0.176005, -0.156369, 0.577891, -0.800994, 0.083817, 0.815808, 0.572216),
      ["Head.001"] = CFrame.new(0.000000, 0.000000, 0.000000, -0.984136, -0.176005, 0.022340, 0.156369, -0.800994, 0.577891, -0.083817, 0.572216, 0.815808),
      ["Left Arm"] = CFrame.new(-0.060041, -0.613169, -0.054971, 0.194404, 0.770771, -0.606729, -0.970784, 0.239894, -0.006298, 0.140697, 0.590223, 0.794884),
      ["Left Arm.001"] = CFrame.new(0.000000, 0.000100, -0.000500, 1.000000, 0.000000, -0.000000, 0.000000, 1.000000, -0.000000, -0.000000, 0.000000, 1.000000),
      ["Left Leg"] = CFrame.new(0.591314, 1.138696, -0.174549, 0.498983, 0.596800, 0.628383, -0.606553, 0.758392, -0.238664, -0.619013, -0.262049, 0.740388),
      ["Left Leg.001"] = CFrame.new(-0.000000, -0.000200, -0.000000, 1.000000, -0.000000, 0.000000, 0.000000, 1.000000, 0.000000, -0.000000, 0.000000, 1.000000),
      ["LeftFoot"] = CFrame.new(-0.000000, 0.035653, 0.000001, 0.960081, -0.201652, -0.193856, 0.180259, 0.975965, -0.122478, 0.213892, 0.082642, 0.973321),
      ["LeftHand"] = CFrame.new(0.000488, 0.017834, -0.000000, 0.951572, 0.279997, -0.126936, -0.162657, 0.808916, 0.564976, 0.260871, -0.516965, 0.815282),
      ["LeftLowerArm"] = CFrame.new(0.005521, 0.062772, 0.048828, 1.000000, -0.000000, -0.000000, 0.000000, 0.604545, -0.796575, 0.000000, 0.796572, 0.604548),
      ["LeftLowerLeg"] = CFrame.new(0.000000, 0.111385, -0.147583, 1.000000, -0.000000, -0.000000, 0.000000, -0.532434, 0.846501, -0.000000, -0.846470, -0.532459),
      ["LeftUpperArm"] = CFrame.new(0.189137, -0.357292, -0.251123, 0.794884, -0.244741, -0.555212, 0.006298, 0.918321, -0.395787, 0.606728, 0.311109, 0.731499),
      ["LeftUpperLeg"] = CFrame.new(-0.000723, -0.097399, -0.061041, 0.712518, 0.395193, -0.579767, -0.007863, -0.821748, -0.569801, -0.701610, 0.410551, -0.582400),
      ["LowerTorso"] = CFrame.new(-0.331355, -0.059649, 0.216786, 0.999559, -0.003625, -0.029461, -0.021277, 0.604563, -0.796273, 0.020698, 0.796549, 0.604219),
      ["Right Arm"] = CFrame.new(0.242038, 0.718270, 0.487591, 0.359876, -0.345948, -0.866493, -0.897205, -0.383113, -0.219670, -0.255972, 0.856472, -0.448257),
      ["Right Arm.001"] = CFrame.new(0.000000, 0.000000, 0.000000, 1.000000, -0.000000, 0.000000, -0.000000, 1.000000, -0.000000, -0.000000, 0.000000, 1.000000),
      ["Right Leg"] = CFrame.new(-0.103053, 0.123170, 0.038514, -0.576977, -0.816522, 0.020467, 0.807383, -0.573914, -0.137045, 0.123688, -0.062540, 0.990353),
      ["Right Leg.001"] = CFrame.new(-0.000000, 0.000000, 0.000000, 1.000000, -0.000000, 0.000000, 0.000000, 1.000000, -0.000000, -0.000000, -0.000000, 1.000000),
      ["RightFoot"] = CFrame.new(-0.000000, 0.001875, -0.000099, 0.998280, -0.053173, -0.024700, 0.045919, 0.971048, -0.234437, 0.036488, 0.232899, 0.971781),
      ["RightHand"] = CFrame.new(-0.000496, 0.005439, -0.000000, -0.546440, -0.778335, 0.309190, 0.836275, -0.527050, 0.151206, 0.045269, 0.341191, 0.938898),
      ["RightLowerArm"] = CFrame.new(-0.011550, -0.007172, 0.000546, 1.000000, 0.000000, 0.000000, -0.000000, 0.956540, -0.291602, -0.000000, 0.291601, 0.956546),
      ["RightLowerLeg"] = CFrame.new(0.000000, 0.049897, -0.012468, 1.000000, 0.000000, 0.000000, -0.000000, 0.875898, 0.482501, 0.000000, -0.482494, 0.875939),
      ["RightUpperArm"] = CFrame.new(0.631244, 0.168598, -0.227069, -0.448257, 0.744609, 0.494594, -0.219670, -0.628088, 0.746492, 0.866494, 0.225974, 0.445112),
      ["RightUpperLeg"] = CFrame.new(-0.016717, -0.066244, -0.093048, 0.989707, -0.089998, -0.111316, -0.142752, -0.675666, -0.723245, -0.010109, 0.731694, -0.681555),
      ["Torso"] = CFrame.new(0.348279, 0.862770, -0.285249, 0.999931, -0.011718, 0.000296, 0.009802, 0.849764, 0.527073, -0.006428, -0.527034, 0.849820),
      ["UpperTorso"] = CFrame.new(-0.015542, 0.022627, -0.010892, 0.999151, -0.007468, 0.040515, -0.007547, 0.933610, 0.358211, -0.040500, -0.358212, 0.932761)
    }},
    {Time = 0.167, Data = {
      ["Head"] = CFrame.new(-0.003107, 0.068928, 0.157247, 0.984177, 0.022184, -0.175795, -0.157961, 0.559338, -0.813750, 0.080276, 0.828643, 0.553991),
      ["Head.001"] = CFrame.new(0.000000, -0.000000, 0.000000, -0.984177, -0.175795, 0.022184, 0.157961, -0.813750, 0.559338, -0.080276, 0.553991, 0.828643),
      ["Left Arm"] = CFrame.new(-0.045894, -0.631211, -0.053640, 0.155409, 0.778281, -0.608380, -0.983457, 0.179944, -0.021025, 0.093112, 0.601580, 0.793367),
      ["Left Arm.001"] = CFrame.new(0.000000, 0.000100, -0.000500, 1.000000, 0.000000, 0.000000, 0.000000, 1.000000, -0.000000, -0.000000, -0.000000, 1.000000),
      ["Left Leg"] = CFrame.new(0.709483, 1.036566, -0.146477, 0.455840, 0.681680, 0.572308, -0.662727, 0.689164, -0.293048, -0.594196, -0.245691, 0.765889),
      ["Left Leg.001"] = CFrame.new(0.000000, -0.000200, -0.000000, 1.000000, -0.000000, 0.000000, 0.000000, 1.000000, 0.000000, -0.000000, -0.000000, 1.000000),
      ["LeftFoot"] = CFrame.new(0.000000, 0.035570, 0.000001, 0.988532, -0.107860, -0.105687, 0.103272, 0.993495, -0.047993, 0.110176, 0.036528, 0.993207),
      ["LeftHand"] = CFrame.new(0.000488, 0.018731, 0.000000, 0.950440, 0.283749, -0.127085, -0.144937, 0.765987, 0.626305, 0.275058, -0.576842, 0.769146),
      ["LeftLowerArm"] = CFrame.new(0.005514, 0.066900, 0.053512, 1.000000, -0.000000, -0.000000, -0.000000, 0.555979, -0.831201, 0.000000, 0.831197, 0.555981),
      ["LeftLowerLeg"] = CFrame.new(-0.000000, 0.112138, -0.146421, 1.000000, -0.000000, -0.000000, 0.000000, -0.520301, 0.854013, -0.000000, -0.853980, -0.520327),
      ["LeftUpperArm"] = CFrame.new(0.188379, -0.349928, -0.250297, 0.793367, -0.257072, -0.551799, 0.021025, 0.917487, -0.397209, 0.608380, 0.303532, 0.733308),
      ["LeftUpperLeg"] = CFrame.new(-0.000723, -0.097399, -0.061041, 0.739727, 0.386515, -0.550817, 0.093196, -0.869533, -0.485007, -0.666422, 0.307434, -0.679237),
      ["LowerTorso"] = CFrame.new(-0.344032, -0.107547, 0.206974, 0.999544, -0.003580, -0.029992, -0.020574, 0.646306, -0.762801, 0.022115, 0.763070, 0.645937),
      ["Right Arm"] = CFrame.new(0.259731, 0.689641, 0.467283, 0.381081, -0.331338, -0.863130, -0.876591, -0.426253, -0.223391, -0.293895, 0.841738, -0.452882),
      ["Right Arm.001"] = CFrame.new(-0.000000, 0.000000, 0.000000, 1.000000, 0.000000, 0.000000, -0.000000, 1.000000, -0.000000, 0.000000, 0.000000, 1.000000),
      ["Right Leg"] = CFrame.new(-0.110961, 0.110723, 0.014679, -0.594634, -0.803508, -0.028644, 0.801301, -0.589267, -0.103478, 0.066307, -0.084476, 0.994219),
      ["Right Leg.001"] = CFrame.new(-0.000000, 0.000000, 0.000000, 1.000000, 0.000000, 0.000000, 0.000000, 1.000000, 0.000000, 0.000000, 0.000000, 1.000000),
      ["RightFoot"] = CFrame.new(-0.000000, 0.001177, -0.000099, 0.997704, -0.061419, -0.028529, 0.053884, 0.975162, -0.214846, 0.041055, 0.212818, 0.976193),
      ["RightHand"] = CFrame.new(-0.000497, 0.004173, -0.000000, -0.550942, -0.775531, 0.308245, 0.830453, -0.545999, 0.110598, 0.082529, 0.316914, 0.944852),
      ["RightLowerArm"] = CFrame.new(-0.011569, -0.015523, -0.001323, 1.000000, 0.000000, 0.000000, -0.000000, 0.975434, -0.220293, -0.000000, 0.220291, 0.975439),
      ["RightLowerLeg"] = CFrame.new(0.000000, 0.044673, -0.010086, 1.000000, 0.000000, 0.000000, -0.000000, 0.899791, 0.436322, 0.000000, -0.436319, 0.899833),
      ["RightUpperArm"] = CFrame.new(0.633557, 0.170459, -0.225387, -0.452882, 0.756318, 0.472102, -0.223391, -0.608886, 0.761152, 0.863130, 0.239250, 0.444708),
      ["RightUpperLeg"] = CFrame.new(-0.016717, -0.066243, -0.093048, 0.995188, -0.080142, -0.056436, -0.096187, -0.689051, -0.718293, 0.018694, 0.720268, -0.693442),
      ["Torso"] = CFrame.new(0.360938, 0.836235, -0.314398, 0.999931, -0.011718, 0.000296, 0.009844, 0.853182, 0.521520, -0.006364, -0.521481, 0.853239),
      ["UpperTorso"] = CFrame.new(-0.015510, 0.023202, -0.009661, 0.999126, -0.006317, 0.041309, -0.006978, 0.949411, 0.313960, -0.041203, -0.313974, 0.948537)
    }},
    {Time = 0.200, Data = {
      ["Head"] = CFrame.new(-0.003107, 0.068928, 0.157247, 0.984217, 0.022038, -0.175589, -0.159423, 0.541131, -0.825689, 0.076820, 0.840650, 0.536104),
      ["Head.001"] = CFrame.new(0.000000, -0.000000, 0.000000, -0.984217, -0.175589, 0.022038, 0.159423, -0.825689, 0.541131, -0.076820, 0.536104, 0.840650),
      ["Left Arm"] = CFrame.new(-0.112155, -0.614915, -0.081982, 0.171939, 0.783006, -0.597779, -0.973738, 0.227035, 0.017309, 0.149270, 0.579100, 0.801474),
      ["Left Arm.001"] = CFrame.new(0.000000, 0.000100, -0.000500, 1.000000, 0.000000, 0.000000, -0.000000, 1.000000, -0.000000, 0.000000, -0.000000, 1.000000),
      ["Left Leg"] = CFrame.new(0.634441, 1.025692, -0.037173, 0.485099, 0.685591, 0.542826, -0.631538, 0.704030, -0.324857, -0.604902, -0.185219, 0.774472),
      ["Left Leg.001"] = CFrame.new(-0.000000, -0.000200, 0.000000, 1.000000, -0.000000, 0.000000, -0.000000, 1.000000, 0.000000, -0.000000, -0.000000, 1.000000),
      ["LeftFoot"] = CFrame.new(-0.000000, 0.035294, 0.000000, 0.997429, -0.050856, -0.050487, 0.045799, 0.994255, -0.096748, 0.055120, 0.094186, 0.993994),
      ["LeftHand"] = CFrame.new(0.000489, 0.016445, 0.000000, 0.965357, 0.238941, -0.104852, -0.130520, 0.790123, 0.598891, 0.225945, -0.564455, 0.793933),
      ["LeftLowerArm"] = CFrame.new(0.005531, 0.057719, 0.044143, 1.000000, -0.000000, -0.000000, 0.000000, 0.653309, -0.757096, 0.000000, 0.757092, 0.653312),
      ["LeftLowerLeg"] = CFrame.new(-0.000000, 0.114573, -0.142357, 1.000000, -0.000000, -0.000000, 0.000000, -0.477896, 0.878448, -0.000000, -0.878414, -0.477920),
      ["LeftUpperArm"] = CFrame.new(0.192432, -0.369094, -0.255598, 0.801474, -0.265320, -0.535951, -0.017309, 0.885529, -0.464261, 0.597778, 0.381371, 0.705136),
      ["LeftUpperLeg"] = CFrame.new(-0.000723, -0.097399, -0.061040, 0.749239, 0.453077, -0.483065, 0.108140, -0.803288, -0.585697, -0.653412, 0.386584, -0.650847),
      ["LowerTorso"] = CFrame.new(-0.341745, -0.114073, 0.264611, 0.999551, -0.003527, -0.029753, -0.021307, 0.614470, -0.788653, 0.021064, 0.788933, 0.614119),
      ["Right Arm"] = CFrame.new(0.291532, 0.641050, 0.441003, 0.412351, -0.318909, -0.853385, -0.841026, -0.493350, -0.222011, -0.350217, 0.809261, -0.471641),
      ["Right Arm.001"] = CFrame.new(-0.000000, 0.000000, 0.000000, 1.000000, 0.000000, 0.000000, -0.000000, 1.000000, -0.000000, 0.000000, 0.000000, 1.000000),
      ["Right Leg"] = CFrame.new(-0.053782, 0.112988, -0.001549, -0.598112, -0.798658, -0.066670, 0.801341, -0.594517, -0.066553, 0.013557, -0.093224, 0.995553),
      ["Right Leg.001"] = CFrame.new(0.000000, -0.000000, -0.000000, 1.000000, -0.000000, -0.000000, -0.000000, 1.000000, -0.000000, 0.000000, 0.000000, 1.000000),
      ["RightFoot"] = CFrame.new(-0.000000, 0.000046, -0.000099, 1.000000, -0.000091, -0.000040, 0.000065, 0.922819, -0.385237, 0.000113, 0.385234, 0.922781),
      ["RightHand"] = CFrame.new(-0.000499, 0.001832, 0.000000, -0.568999, -0.764181, 0.303757, 0.810627, -0.583346, 0.050907, 0.138293, 0.275199, 0.951384),
      ["RightLowerArm"] = CFrame.new(-0.011605, -0.029548, -0.003225, 1.000000, 0.000000, 0.000000, 0.000000, 0.994641, -0.103387, -0.000000, 0.103386, 0.994647),
      ["RightLowerLeg"] = CFrame.new(0.000000, 0.036428, -0.006929, 1.000000, 0.000000, -0.000000, -0.000000, 0.931420, 0.363943, 0.000000, -0.363941, 0.931464),
      ["RightUpperArm"] = CFrame.new(0.642936, 0.169769, -0.220514, -0.471641, 0.768717, 0.432005, -0.222011, -0.577656, 0.785508, 0.853385, 0.274569, 0.443110),
      ["RightUpperLeg"] = CFrame.new(-0.016717, -0.066244, -0.093048, 0.997912, -0.063929, -0.009375, -0.046270, -0.606435, -0.793779, 0.045075, 0.792560, -0.608126),
      ["Torso"] = CFrame.new(0.358630, 0.905266, -0.334301, 0.999931, -0.011718, 0.000296, 0.009831, 0.852111, 0.523268, -0.006384, -0.523229, 0.852168),
      ["UpperTorso"] = CFrame.new(-0.015538, 0.022766, -0.010605, 0.999139, -0.007431, 0.040810, -0.007360, 0.936456, 0.350708, -0.040823, -0.350707, 0.935595)
    }},
    {Time = 0.233, Data = {
      ["Head"] = CFrame.new(-0.003107, 0.068928, 0.157247, 0.984253, 0.021911, -0.175401, -0.160670, 0.524583, -0.836061, 0.073694, 0.851077, 0.519843),
      ["Head.001"] = CFrame.new(0.000000, 0.000000, 0.000000, -0.984253, -0.175401, 0.021911, 0.160670, -0.836061, 0.524583, -0.073693, 0.519843, 0.851077),
      ["Left Arm"] = CFrame.new(-0.278992, -0.520689, -0.172530, 0.283281, 0.764930, -0.578476, -0.909975, 0.404849, 0.089724, 0.302830, 0.500978, 0.810750),
      ["Left Arm.001"] = CFrame.new(0.000000, 0.000100, -0.000500, 1.000000, 0.000000, 0.000000, -0.000000, 1.000000, -0.000000, 0.000000, 0.000000, 1.000000),
      ["Left Leg"] = CFrame.new(0.388390, 1.056306, 0.124034, 0.571483, 0.626471, 0.530061, -0.538745, 0.773640, -0.333552, -0.619054, -0.094943, 0.779601),
      ["Left Leg.001"] = CFrame.new(0.000000, -0.000200, 0.000000, 1.000000, 0.000000, 0.000000, 0.000000, 1.000000, 0.000000, -0.000000, 0.000000, 1.000000),
      ["LeftFoot"] = CFrame.new(-0.000000, 0.034707, 0.000000, 0.999279, -0.026869, -0.026805, 0.020241, 0.974720, -0.222514, 0.032110, 0.221806, 0.974527),
      ["LeftHand"] = CFrame.new(0.000495, 0.007369, 0.000000, 0.983608, 0.165964, -0.070513, -0.118322, 0.889100, 0.442156, 0.136075, -0.426561, 0.894159),
      ["LeftLowerArm"] = CFrame.new(0.005605, 0.020508, 0.021694, 1.000000, -0.000000, -0.000000, 0.000000, 0.885699, -0.464262, 0.000000, 0.464260, 0.885704),
      ["LeftLowerLeg"] = CFrame.new(-0.000000, 0.119100, -0.133060, 1.000000, -0.000000, -0.000000, 0.000000, -0.380888, 0.924654, -0.000000, -0.924620, -0.380908),
      ["LeftUpperArm"] = CFrame.new(0.197070, -0.405302, -0.265250, 0.810750, -0.303125, -0.500798, -0.089724, 0.781037, -0.618005, 0.578476, 0.545983, 0.606027),
      ["LeftUpperLeg"] = CFrame.new(-0.000723, -0.097399, -0.061041, 0.754620, 0.555375, -0.349424, 0.055057, -0.584255, -0.809703, -0.653849, 0.591780, -0.471463),
      ["LowerTorso"] = CFrame.new(-0.336111, -0.084192, 0.401547, 0.999566, -0.003390, -0.029260, -0.023152, 0.523748, -0.851558, 0.018212, 0.851866, 0.523443),
      ["Right Arm"] = CFrame.new(0.321461, 0.607946, 0.420571, 0.451150, -0.312702, -0.835873, -0.800099, -0.556644, -0.223596, -0.395366, 0.769652, -0.501320),
      ["Right Arm.001"] = CFrame.new(0.000000, -0.000000, -0.000000, 1.000000, 0.000000, 0.000000, 0.000000, 1.000000, 0.000000, -0.000000, -0.000000, 1.000000),
      ["Right Leg"] = CFrame.new(0.045616, 0.127092, -0.002395, -0.566825, -0.820362, -0.075813, 0.823880, -0.564489, -0.051088, -0.000845, -0.091412, 0.995812),
      ["Right Leg.001"] = CFrame.new(0.000000, 0.000000, -0.000000, 1.000000, 0.000000, 0.000000, -0.000000, 1.000000, 0.000000, -0.000000, 0.000000, 1.000000),
      ["RightFoot"] = CFrame.new(-0.000000, -0.001147, -0.000099, 0.996379, 0.077112, 0.035824, -0.042500, 0.816562, -0.575694, -0.073603, 0.572076, 0.816850),
      ["RightHand"] = CFrame.new(-0.000506, -0.008689, -0.000000, -0.597400, -0.745325, 0.295979, 0.780718, -0.624880, 0.002235, 0.183285, 0.232410, 0.955187),
      ["RightLowerArm"] = CFrame.new(-0.011774, -0.050939, -0.003750, 1.000000, 0.000000, 0.000000, -0.000000, 1.000000, -0.000001, -0.000000, -0.000000, 1.000006),
      ["RightLowerLeg"] = CFrame.new(-0.000000, 0.028152, -0.004435, 1.000000, 0.000000, -0.000000, -0.000000, 0.956372, 0.292150, 0.000000, -0.292147, 0.956413),
      ["RightUpperArm"] = CFrame.new(0.657775, 0.170561, -0.211758, -0.501320, 0.769653, 0.395364, -0.223596, -0.556644, 0.800095, 0.835873, 0.312702, 0.451147),
      ["RightUpperLeg"] = CFrame.new(-0.016717, -0.066244, -0.093048, 0.998501, -0.054645, 0.003130, -0.020158, -0.421002, -0.906830, 0.050881, 0.905413, -0.421474),
      ["Torso"] = CFrame.new(0.352941, 1.070245, -0.342482, 0.999931, -0.011718, 0.000296, 0.009795, 0.849156, 0.528051, -0.006439, -0.528012, 0.849212),
      ["UpperTorso"] = CFrame.new(-0.015612, 0.021406, -0.013048, 0.999170, -0.010340, 0.039402, -0.008361, 0.894604, 0.446782, -0.039869, -0.446741, 0.893775)
    }},
    {Time = 0.267, Data = {
      ["Head"] = CFrame.new(-0.003107, 0.068929, 0.157247, 0.984283, 0.021811, -0.175248, -0.161634, 0.511056, -0.844214, 0.071148, 0.859271, 0.506549),
      ["Head.001"] = CFrame.new(0.000000, -0.000000, 0.000000, -0.984283, -0.175248, 0.021811, 0.161634, -0.844214, 0.511056, -0.071148, 0.506549, 0.859271),
      ["Left Arm"] = CFrame.new(-0.496797, -0.391633, -0.321159, 0.458563, 0.688598, -0.561742, -0.764374, 0.628052, 0.145911, 0.453279, 0.362469, 0.814344),
      ["Left Arm.001"] = CFrame.new(0.000000, 0.000100, -0.000500, 1.000000, -0.000000, 0.000000, 0.000000, 1.000000, -0.000000, -0.000000, 0.000000, 1.000000),
      ["Left Leg"] = CFrame.new(0.076276, 1.062565, 0.255854, 0.651710, 0.521227, 0.551025, -0.412082, 0.853213, -0.319738, -0.636813, -0.018689, 0.770805),
      ["Left Leg.001"] = CFrame.new(-0.000000, -0.000200, 0.000000, 1.000000, 0.000000, 0.000000, -0.000000, 1.000000, -0.000000, -0.000000, 0.000000, 1.000000),
      ["LeftFoot"] = CFrame.new(0.000000, 0.033924, 0.000000, 0.997334, -0.051765, -0.051438, 0.030046, 0.933629, -0.356982, 0.066509, 0.354475, 0.932661),
      ["LeftHand"] = CFrame.new(0.000526, -0.039250, 0.000000, 0.992690, 0.111729, -0.045648, -0.101445, 0.977300, 0.185994, 0.065392, -0.180002, 0.981486),
      ["LeftLowerArm"] = CFrame.new(0.006000, -0.074056, 0.011334, 1.000000, -0.000000, -0.000000, -0.000000, 1.000000, -0.000001, 0.000000, -0.000000, 1.000006),
      ["LeftLowerLeg"] = CFrame.new(-0.000000, 0.123537, -0.119627, 1.000000, -0.000000, -0.000000, 0.000000, -0.240870, 0.970592, -0.000000, -0.970558, -0.240885),
      ["LeftUpperArm"] = CFrame.new(0.198868, -0.433395, -0.273617, 0.814344, -0.362469, -0.453276, -0.145910, 0.628052, -0.764369, 0.561742, 0.688599, 0.458561),
      ["LeftUpperLeg"] = CFrame.new(-0.000723, -0.097399, -0.061041, 0.745070, 0.640644, -0.185566, -0.064798, -0.207384, -0.976110, -0.663831, 0.739300, -0.112997),
      ["LowerTorso"] = CFrame.new(-0.328958, 0.004152, 0.565850, 0.999575, -0.003227, -0.028979, -0.025574, 0.380385, -0.924474, 0.014007, 0.924823, 0.380141),
      ["Right Arm"] = CFrame.new(0.320946, 0.619234, 0.428437, 0.469742, -0.325020, -0.820797, -0.791815, -0.566238, -0.228933, -0.390360, 0.757454, -0.523338),
      ["Right Arm.001"] = CFrame.new(0.000000, 0.000000, -0.000000, 1.000000, -0.000000, 0.000000, -0.000000, 1.000000, -0.000000, -0.000000, -0.000000, 1.000000),
      ["Right Leg"] = CFrame.new(0.070911, 0.250540, -0.030687, -0.465246, -0.874802, -0.135235, 0.880177, -0.473431, 0.034703, -0.094346, -0.102877, 0.990206),
      ["Right Leg.001"] = CFrame.new(-0.000000, 0.000000, 0.000000, 1.000000, 0.000000, 0.000000, -0.000000, 1.000000, -0.000000, -0.000000, -0.000000, 1.000000),
      ["RightFoot"] = CFrame.new(0.000000, -0.000660, -0.000100, 0.999990, 0.004164, 0.001938, -0.002600, 0.860348, -0.509701, -0.003748, 0.509674, 0.860321),
      ["RightHand"] = CFrame.new(-0.000512, -0.017856, -0.000000, -0.618339, -0.730590, 0.289648, 0.765533, -0.643291, 0.011658, 0.177810, 0.228943, 0.957058),
      ["RightLowerArm"] = CFrame.new(-0.011920, -0.060614, -0.003748, 1.000000, 0.000000, 0.000000, 0.000000, 1.000000, -0.000001, -0.000000, 0.000000, 1.000006),
      ["RightLowerLeg"] = CFrame.new(-0.000000, 0.031468, -0.005359, 1.000000, 0.000000, -0.000000, -0.000000, 0.947138, 0.320836, -0.000000, -0.320829, 0.947173),
      ["RightUpperArm"] = CFrame.new(0.668785, 0.173230, -0.204221, -0.523338, 0.757454, 0.390358, -0.228932, -0.566238, 0.791811, 0.820797, 0.325020, 0.469739),
      ["RightUpperLeg"] = CFrame.new(-0.016717, -0.066243, -0.093048, 0.993951, -0.031301, 0.105229, 0.096779, -0.203496, -0.974282, 0.051911, 0.978575, -0.199234),
      ["Torso"] = CFrame.new(0.345722, 1.268001, -0.314163, 0.999931, -0.011718, 0.000296, 0.009740, 0.844690, 0.535168, -0.006521, -0.535128, 0.844746),
      ["UpperTorso"] = CFrame.new(-0.015714, 0.018963, -0.016300, 0.999203, -0.014403, 0.037230, -0.009755, 0.816265, 0.577595, -0.038709, -0.577498, 0.815474)
    }},
    {Time = 0.300, Data = {
      ["Head"] = CFrame.new(-0.003107, 0.068928, 0.157247, 0.984303, 0.021745, -0.175144, -0.162256, 0.501935, -0.849550, 0.069437, 0.864632, 0.497584),
      ["Head.001"] = CFrame.new(0.000000, 0.000000, 0.000000, -0.984303, -0.175144, 0.021746, 0.162256, -0.849550, 0.501935, -0.069437, 0.497584, 0.864632),
      ["Left Arm"] = CFrame.new(-0.555743, -0.473975, -0.337014, 0.482846, 0.677686, -0.554620, -0.732129, 0.659890, 0.168934, 0.480475, 0.324482, 0.814775),
      ["Left Arm.001"] = CFrame.new(-0.000000, 0.000100, -0.000500, 1.000000, -0.000000, -0.000000, -0.000000, 1.000000, -0.000000, 0.000000, -0.000000, 1.000000),
      ["Left Leg"] = CFrame.new(-0.197294, 1.028700, 0.335048, 0.694725, 0.401281, 0.596963, -0.282618, 0.915452, -0.286507, -0.661477, 0.030331, 0.749366),
      ["Left Leg.001"] = CFrame.new(-0.000000, -0.000200, -0.000000, 1.000000, -0.000000, 0.000000, 0.000000, 1.000000, 0.000000, -0.000000, -0.000000, 1.000000),
      ["LeftFoot"] = CFrame.new(0.000000, 0.033038, -0.000000, 0.986982, -0.114681, -0.112759, 0.049284, 0.883052, -0.466682, 0.153096, 0.455039, 0.877173),
      ["LeftHand"] = CFrame.new(0.000582, -0.124665, -0.000000, 0.995053, 0.092392, -0.036516, -0.086669, 0.986976, 0.135526, 0.048562, -0.131689, 0.990096),
      ["LeftLowerArm"] = CFrame.new(0.006726, -0.163368, 0.013055, 1.000000, -0.000000, -0.000000, 0.000000, 1.000000, -0.000001, 0.000000, 0.000000, 1.000005),
      ["LeftLowerLeg"] = CFrame.new(-0.000000, 0.125921, -0.104044, 1.000000, -0.000000, -0.000000, 0.000000, -0.078586, 0.996943, -0.000000, -0.996908, -0.078595),
      ["LeftUpperArm"] = CFrame.new(0.199083, -0.444907, -0.277177, 0.814775, -0.324482, -0.480472, -0.168934, 0.659890, -0.732125, 0.554620, 0.677685, 0.482844),
      ["LeftUpperLeg"] = CFrame.new(-0.000723, -0.097399, -0.061041, 0.722793, 0.690754, -0.020475, -0.236000, 0.218872, -0.946778, -0.649519, 0.689167, 0.321228),
      ["LowerTorso"] = CFrame.new(-0.322062, 0.147732, 0.705668, 0.999567, -0.003225, -0.029242, -0.028041, 0.196225, -0.980158, 0.008899, 0.980554, 0.196049),
      ["Right Arm"] = CFrame.new(0.318250, 0.617463, 0.434102, 0.474751, -0.330495, -0.815712, -0.794803, -0.559080, -0.236060, -0.378033, 0.760396, -0.528100),
      ["Right Arm.001"] = CFrame.new(0.000000, 0.000000, -0.000000, 1.000000, 0.000000, -0.000000, -0.000000, 1.000000, -0.000000, 0.000000, -0.000000, 1.000000),
      ["Right Leg"] = CFrame.new(0.054763, 0.451045, -0.063151, -0.309194, -0.939033, -0.150416, 0.942891, -0.323337, 0.080483, -0.124175, -0.116928, 0.985341),
      ["Right Leg.001"] = CFrame.new(0.000000, 0.000000, 0.000000, 1.000000, 0.000000, 0.000000, -0.000000, 1.000000, 0.000000, -0.000000, -0.000000, 1.000000),
      ["RightFoot"] = CFrame.new(-0.000000, 0.001639, -0.000100, 0.997560, -0.063318, -0.029410, 0.049096, 0.935789, -0.349123, 0.049665, 0.346806, 0.936587),
      ["RightHand"] = CFrame.new(-0.000508, -0.012650, 0.000000, -0.622892, -0.727242, 0.288315, 0.764629, -0.643868, 0.027861, 0.165375, 0.237807, 0.957126),
      ["RightLowerArm"] = CFrame.new(-0.011837, -0.055119, -0.003749, 1.000000, 0.000000, 0.000000, -0.000000, 1.000000, -0.000001, -0.000000, 0.000000, 1.000006),
      ["RightLowerLeg"] = CFrame.new(0.000000, 0.048107, -0.011623, 1.000000, 0.000000, -0.000000, -0.000000, 0.884407, 0.466742, 0.000000, -0.466729, 0.884429),
      ["RightUpperArm"] = CFrame.new(0.671165, 0.176794, -0.201678, -0.528099, 0.760396, 0.378031, -0.236060, -0.559080, 0.794798, 0.815713, 0.330495, 0.474748),
