return {
  ["Rots head fuck v2"] = {
    {Time = 0.000, Data = {
      ["Head"] = CFrame.new(-0.004456, 0.091825, 0.166265, 0.994148, 0.011732, 0.107391, -0.017659, 0.998362, 0.054413, -0.106576, -0.055991, 0.992727),
      ["Head.001"] = CFrame.new(0.000000, 0.000000, -0.000000, -0.994148, 0.107391, 0.011732, 0.017659, 0.054413, 0.998362, 0.106576, 0.992727, -0.055991),
      ["Left Arm"] = CFrame.new(0.250339, 0.306438, 0.929197, 0.932690, 0.136084, 0.334034, 0.317056, -0.750872, -0.579369, 0.171973, 0.646276, -0.743474),
      ["Left Arm.001"] = CFrame.new(-0.000000, 0.000100, -0.000500, 1.000000, 0.000000, 0.000000, 0.000000, 1.000000, -0.000000, 0.000000, 0.000000, 1.000000),
      ["Left Leg"] = CFrame.new(0.096015, 0.133039, -0.007937, 0.987555, 0.011353, 0.157077, -0.037664, 0.985492, 0.165487, -0.152923, -0.169335, 0.973622),
      ["Left Leg.001"] = CFrame.new(-0.000000, -0.000200, -0.000000, 1.000000, 0.000000, -0.000000, -0.000000, 1.000000, 0.000000, 0.000000, 0.000000, 1.000000),
      ["LeftFoot"] = CFrame.new(0.000000, -0.013288, -0.000003, 0.961326, -0.176690, -0.211264, 0.179182, 0.983789, -0.007448, 0.209150, -0.030684, 0.977367),
      ["LeftHand"] = CFrame.new(0.000500, 0.000275, -0.000000, 0.743785, 0.576751, -0.337850, -0.549387, 0.815396, 0.182493, 0.380732, 0.049876, 0.923334),
      ["LeftLowerArm"] = CFrame.new(-0.000500, 0.074939, 0.033634, 1.000000, -0.000000, -0.000000, 0.000000, 0.662863, -0.748745, 0.000000, 0.748741, 0.662866),
      ["LeftLowerLeg"] = CFrame.new(0.000000, -0.012841, -0.000069, 1.000000, -0.000000, -0.000000, 0.000000, 1.000000, -0.000007, 0.000000, -0.000011, 1.000038),
      ["LeftUpperArm"] = CFrame.new(-0.804043, -0.075561, -0.234622, -0.743474, -0.299629, -0.597887, 0.579369, -0.735116, -0.352045, -0.334034, -0.608134, 0.720134),
      ["LeftUpperLeg"] = CFrame.new(0.000000, -0.000000, -0.000100, 0.972132, 0.163549, 0.167959, -0.155609, 0.986025, -0.059477, -0.175341, 0.031690, 0.983995),
      ["LowerTorso"] = CFrame.new(-0.002188, 0.001021, 0.095959, 0.999986, 0.001924, -0.004916, -0.001678, 0.998774, 0.049473, 0.005005, -0.049464, 0.998763),
      ["Right Arm"] = CFrame.new(-0.594787, 0.687042, 1.062262, 0.822995, -0.481639, -0.301177, -0.547495, -0.531185, -0.646602, 0.151449, 0.697041, -0.700855),
      ["Right Arm.001"] = CFrame.new(-0.000000, -0.000000, 0.000000, 1.000000, -0.000000, 0.000000, 0.000000, 1.000000, -0.000000, -0.000000, 0.000000, 1.000000),
      ["Right Leg"] = CFrame.new(-0.131243, 0.133642, -0.018660, 0.980247, -0.010407, -0.197671, 0.048188, 0.981130, 0.187244, 0.191996, -0.193062, 0.962219),
      ["Right Leg.001"] = CFrame.new(0.000000, 0.000000, -0.000000, 1.000000, 0.000000, 0.000000, -0.000000, 1.000000, -0.000000, 0.000000, -0.000000, 1.000000),
      ["RightFoot"] = CFrame.new(-0.000000, -0.017498, -0.000103, 0.950230, 0.206624, 0.233174, -0.210949, 0.977477, -0.006521, -0.229264, -0.042980, 0.972380),
      ["RightHand"] = CFrame.new(-0.000496, 0.005733, 0.000000, 0.701826, -0.614727, 0.359932, 0.417103, 0.764227, 0.491917, -0.577462, -0.195110, 0.792755),
      ["RightLowerArm"] = CFrame.new(-0.000000, 0.102566, 0.082540, 1.000000, 0.000000, 0.000000, -0.000000, 0.168506, -0.985705, -0.000000, 0.985702, 0.168507),
      ["RightLowerLeg"] = CFrame.new(0.000000, -0.017436, -0.000227, 1.000000, -0.000000, -0.000000, -0.000000, 0.999999, -0.000007, 0.000000, -0.000010, 1.000038),
      ["RightUpperArm"] = CFrame.new(0.850145, 0.313090, -0.137021, -0.700855, 0.266738, 0.661553, -0.646602, -0.629172, -0.431333, 0.301178, -0.730064, 0.613431),
      ["RightUpperLeg"] = CFrame.new(0.000000, -0.000000, -0.000000, 0.963935, -0.198793, -0.176951, 0.188755, 0.979378, -0.072026, 0.187621, 0.036035, 0.981577),
      ["Torso"] = CFrame.new(0.003306, 0.045886, -0.060104, 0.999940, -0.010063, 0.004215, 0.010171, 0.999602, -0.026322, -0.003948, 0.026363, 0.999645),
      ["UpperTorso"] = CFrame.new(0.000670, -0.059628, -0.017468, 0.999869, -0.006024, 0.015022, 0.006370, 0.999713, -0.023094, -0.014878, 0.023187, 0.999620)
    }},
    {Time = 0.033, Data = {
      ["Head"] = CFrame.new(-0.004375, 0.110127, 0.166242, 0.992388, 0.011338, 0.122629, -0.018136, 0.998351, 0.054464, -0.121810, -0.056274, 0.990957),
      ["Head.001"] = CFrame.new(0.000000, 0.000000, -0.000000, -0.992388, 0.122630, 0.011338, 0.018136, 0.054464, 0.998351, 0.121810, 0.990957, -0.056273),
      ["Left Arm"] = CFrame.new(0.233775, 0.307979, 0.916026, 0.937496, 0.118920, 0.327059, 0.296861, -0.763731, -0.573228, 0.181617, 0.634486, -0.751294),
      ["Left Arm.001"] = CFrame.new(0.000000, 0.000100, -0.000500, 1.000000, -0.000000, 0.000000, 0.000000, 1.000000, -0.000000, -0.000000, 0.000000, 1.000000),
      ["Left Leg"] = CFrame.new(0.095962, 0.133163, -0.007569, 0.987580, 0.011467, 0.156912, -0.037715, 0.985526, 0.165270, -0.152748, -0.169127, 0.973686),
      ["Left Leg.001"] = CFrame.new(0.000000, -0.000200, 0.000000, 1.000000, -0.000000, 0.000000, -0.000000, 1.000000, 0.000000, -0.000000, -0.000000, 1.000000),
      ["LeftFoot"] = CFrame.new(-0.000000, -0.013452, -0.000003, 0.961401, -0.176472, -0.211104, 0.178981, 0.983827, -0.007323, 0.208977, -0.030732, 0.977402),
      ["LeftHand"] = CFrame.new(0.000500, -0.000036, 0.000000, 0.733298, 0.586664, -0.343656, -0.561038, 0.807630, 0.181574, 0.384068, 0.059657, 0.921371),
      ["LeftLowerArm"] = CFrame.new(-0.000500, 0.071547, 0.030245, 1.000000, -0.000000, -0.000000, 0.000000, 0.696868, -0.717204, 0.000000, 0.717200, 0.696871),
      ["LeftLowerLeg"] = CFrame.new(-0.000000, -0.013005, -0.000071, 1.000000, 0.000000, 0.000000, 0.000000, 0.999999, -0.000007, -0.000000, -0.000011, 1.000038),
      ["LeftUpperArm"] = CFrame.new(-0.807953, -0.078632, -0.231134, -0.751294, -0.311898, -0.581616, 0.573228, -0.745126, -0.340876, -0.327059, -0.589497, 0.738596),
      ["LeftUpperLeg"] = CFrame.new(0.000000, -0.000000, -0.000100, 0.972296, 0.162572, 0.167959, -0.154583, 0.986175, -0.059677, -0.175340, 0.032068, 0.983983),
      ["LowerTorso"] = CFrame.new(-0.002502, 0.001027, 0.096243, 0.999984, 0.002709, -0.005043, -0.002455, 0.998758, 0.049758, 0.005172, -0.049745, 0.998749),
      ["Right Arm"] = CFrame.new(-0.579558, 0.682900, 1.063205, 0.830722, -0.465527, -0.305274, -0.541360, -0.547712, -0.637921, 0.129768, 0.695195, -0.707011),
      ["Right Arm.001"] = CFrame.new(0.000000, 0.000000, 0.000000, 1.000000, 0.000000, -0.000000, -0.000000, 1.000000, -0.000000, 0.000000, 0.000000, 1.000000),
      ["Right Leg"] = CFrame.new(-0.131488, 0.133494, -0.019035, 0.980220, -0.010609, -0.197795, 0.048449, 0.981085, 0.187410, 0.192070, -0.193276, 0.962161),
      ["Right Leg.001"] = CFrame.new(-0.000000, 0.000000, 0.000000, 1.000000, 0.000000, 0.000000, 0.000000, 1.000000, 0.000000, -0.000000, -0.000000, 1.000000),
      ["RightFoot"] = CFrame.new(0.000000, -0.017340, -0.000103, 0.950164, 0.206789, 0.233295, -0.211170, 0.977431, -0.006327, -0.229332, -0.043241, 0.972352),
      ["RightHand"] = CFrame.new(-0.000496, 0.005584, -0.000000, 0.693496, -0.621729, 0.364027, 0.434348, 0.763919, 0.477251, -0.574805, -0.172856, 0.799819),
      ["RightLowerArm"] = CFrame.new(-0.000001, 0.101938, 0.079639, 1.000000, 0.000000, -0.000000, -0.000000, 0.197840, -0.980239, -0.000000, 0.980235, 0.197841),
      ["RightLowerLeg"] = CFrame.new(0.000000, -0.017279, -0.000225, 1.000000, -0.000000, 0.000000, -0.000000, 0.999999, -0.000007, -0.000000, -0.000011, 1.000038),
      ["RightUpperArm"] = CFrame.new(0.853242, 0.308704, -0.139076, -0.707011, 0.264740, 0.655780, -0.637921, -0.639017, -0.429784, 0.305274, -0.722198, 0.620674),
      ["RightUpperLeg"] = CFrame.new(-0.000000, -0.000000, -0.000000, 0.963753, -0.199767, -0.176841, 0.189620, 0.979161, -0.072704, 0.187681, 0.036544, 0.981547),
      ["Torso"] = CFrame.new(0.003306, 0.046059, -0.060104, 0.999940, -0.010063, 0.004215, 0.010171, 0.999602, -0.026322, -0.003948, 0.026363, 0.999645),
      ["UpperTorso"] = CFrame.new(0.000714, -0.059623, -0.017485, 0.999862, -0.006805, 0.015168, 0.007159, 0.999701, -0.023367, -0.015005, 0.023473, 0.999612)
    }},
    {Time = 0.067, Data = {
      ["Head"] = CFrame.new(-0.004249, 0.138412, 0.166182, 0.989031, 0.010684, 0.147319, -0.018906, 0.998333, 0.054526, -0.146491, -0.056713, 0.987585),
      ["Head.001"] = CFrame.new(0.000000, 0.000000, -0.000000, -0.989031, 0.147319, 0.010684, 0.018906, 0.054526, 0.998333, 0.146491, 0.987585, -0.056713),
      ["Left Arm"] = CFrame.new(0.205162, 0.311651, 0.895021, 0.944296, 0.090068, 0.316546, 0.263689, -0.782593, -0.563931, 0.196934, 0.615984, -0.762745),
      ["Left Arm.001"] = CFrame.new(0.000000, 0.000099, -0.000500, 1.000000, 0.000000, 0.000000, -0.000000, 1.000000, 0.000000, -0.000000, 0.000000, 1.000000),
      ["Left Leg"] = CFrame.new(0.095876, 0.133365, -0.006970, 0.987621, 0.011652, 0.156642, -0.037798, 0.985582, 0.164917, -0.152465, -0.168788, 0.973789),
      ["Left Leg.001"] = CFrame.new(0.000000, -0.000200, -0.000000, 1.000000, 0.000000, 0.000000, 0.000000, 1.000000, 0.000000, -0.000000, -0.000000, 1.000000),
      ["LeftFoot"] = CFrame.new(0.000000, -0.013721, -0.000003, 0.961523, -0.176119, -0.210844, 0.178654, 0.983888, -0.007119, 0.208696, -0.030812, 0.977460),
      ["LeftHand"] = CFrame.new(0.000501, -0.000561, 0.000000, 0.717016, 0.601462, -0.352324, -0.579096, 0.795322, 0.179194, 0.387987, 0.075545, 0.918559),
      ["LeftLowerArm"] = CFrame.new(-0.000500, 0.065669, 0.025042, 1.000000, -0.000000, -0.000000, 0.000000, 0.749038, -0.662531, 0.000000, 0.662527, 0.749042),
      ["LeftLowerLeg"] = CFrame.new(-0.000000, -0.013273, -0.000075, 1.000000, -0.000000, 0.000000, 0.000000, 0.999999, -0.000008, 0.000000, -0.000011, 1.000038),
      ["LeftUpperArm"] = CFrame.new(-0.813679, -0.083280, -0.225878, -0.762745, -0.330922, -0.555617, 0.563931, -0.760891, -0.320977, -0.316546, -0.558154, 0.766982),
      ["LeftUpperLeg"] = CFrame.new(-0.000000, -0.000000, -0.000100, 0.972561, 0.160987, 0.167954, -0.152918, 0.986415, -0.059998, -0.175332, 0.032676, 0.983964),
      ["LowerTorso"] = CFrame.new(-0.003012, 0.001038, 0.096704, 0.999978, 0.003986, -0.005246, -0.003717, 0.998732, 0.050214, 0.005439, -0.050194, 0.998725),
      ["Right Arm"] = CFrame.new(-0.555476, 0.677044, 1.063253, 0.842320, -0.440042, -0.311233, -0.530246, -0.572973, -0.624935, 0.096670, 0.691422, -0.715954),
      ["Right Arm.001"] = CFrame.new(-0.000000, 0.000000, 0.000000, 1.000000, 0.000000, 0.000000, -0.000000, 1.000000, -0.000000, -0.000000, -0.000000, 1.000000),
      ["Right Leg"] = CFrame.new(-0.131881, 0.133252, -0.019644, 0.980175, -0.010935, -0.197998, 0.048870, 0.981013, 0.187679, 0.192191, -0.193625, 0.962067),
      ["Right Leg.001"] = CFrame.new(0.000000, 0.000000, -0.000000, 1.000000, 0.000000, 0.000000, 0.000000, 1.000000, 0.000000, -0.000000, 0.000000, 1.000000),
      ["RightFoot"] = CFrame.new(-0.000000, -0.017085, -0.000103, 0.950057, 0.207058, 0.233491, -0.211530, 0.977355, -0.006014, -0.229443, -0.043665, 0.972307),
      ["RightHand"] = CFrame.new(-0.000496, 0.005345, 0.000000, 0.680986, -0.631946, 0.370002, 0.460866, 0.762499, 0.454091, -0.569084, -0.138707, 0.810490),
      ["RightLowerArm"] = CFrame.new(-0.000000, 0.100754, 0.075041, 1.000000, 0.000000, 0.000000, -0.000000, 0.244315, -0.969700, -0.000000, 0.969697, 0.244317),
      ["RightLowerLeg"] = CFrame.new(-0.000000, -0.017025, -0.000222, 1.000000, 0.000000, -0.000000, -0.000000, 0.999999, -0.000008, 0.000000, -0.000011, 1.000038),
      ["RightUpperArm"] = CFrame.new(0.857742, 0.302088, -0.142076, -0.715954, 0.262665, 0.646851, -0.624935, -0.654161, -0.426063, 0.311233, -0.709282, 0.632497),
      ["RightUpperLeg"] = CFrame.new(0.000000, -0.000000, -0.000000, 0.963456, -0.201350, -0.176665, 0.191025, 0.978806, -0.073798, 0.187782, 0.037360, 0.981497),
      ["Torso"] = CFrame.new(0.003306, 0.046340, -0.060104, 0.999940, -0.010063, 0.004215, 0.010171, 0.999602, -0.026322, -0.003948, 0.026363, 0.999645),
      ["UpperTorso"] = CFrame.new(0.000787, -0.059614, -0.017512, 0.999849, -0.008074, 0.015402, 0.008439, 0.999681, -0.023804, -0.015205, 0.023930, 0.999598)
    }},
    {Time = 0.100, Data = {
      ["Head"] = CFrame.new(-0.004088, 0.174865, 0.166065, 0.983448, 0.009766, 0.180925, -0.019954, 0.998310, 0.054573, -0.180086, -0.057280, 0.981982),
      ["Head.001"] = CFrame.new(0.000000, 0.000000, -0.000000, -0.983448, 0.180925, 0.009766, 0.019954, 0.054573, 0.998310, 0.180086, 0.981982, -0.057280),
      ["Left Arm"] = CFrame.new(0.161998, 0.318824, 0.866514, 0.951618, 0.048021, 0.303520, 0.216783, -0.804962, -0.552307, 0.217800, 0.591381, -0.776423),
      ["Left Arm.001"] = CFrame.new(0.000000, 0.000100, -0.000500, 1.000000, -0.000000, 0.000000, 0.000000, 1.000000, 0.000000, -0.000000, 0.000000, 1.000000),
      ["Left Leg"] = CFrame.new(0.095758, 0.133641, -0.006156, 0.987676, 0.011905, 0.156276, -0.037912, 0.985658, 0.164438, -0.152080, -0.168328, 0.973929),
      ["Left Leg.001"] = CFrame.new(0.000000, -0.000200, -0.000000, 1.000000, -0.000000, -0.000000, -0.000000, 1.000000, 0.000000, -0.000000, -0.000000, 1.000000),
      ["LeftFoot"] = CFrame.new(0.000000, -0.014088, -0.000003, 0.961689, -0.175637, -0.210491, 0.178210, 0.983970, -0.006841, 0.208314, -0.030921, 0.977538),
      ["LeftHand"] = CFrame.new(0.000501, -0.001344, -0.000000, 0.695942, 0.619617, -0.362960, -0.602821, 0.778763, 0.173590, 0.390216, 0.097992, 0.915488),
      ["LeftLowerArm"] = CFrame.new(-0.000500, 0.056737, 0.018468, 1.000000, -0.000000, -0.000000, 0.000000, 0.814904, -0.579600, 0.000000, 0.579596, 0.814908),
      ["LeftLowerLeg"] = CFrame.new(-0.000000, -0.013638, -0.000080, 1.000000, 0.000000, 0.000000, 0.000000, 0.999999, -0.000007, -0.000000, -0.000011, 1.000038),
      ["LeftUpperArm"] = CFrame.new(-0.820517, -0.089092, -0.219365, -0.776423, -0.355683, -0.520247, 0.552307, -0.781612, -0.289896, -0.303520, -0.512419, 0.803306),
      ["LeftUpperLeg"] = CFrame.new(0.000000, -0.000000, -0.000100, 0.972918, 0.158825, 0.167942, -0.150650, 0.986737, -0.060428, -0.175313, 0.033499, 0.983940),
      ["LowerTorso"] = CFrame.new(-0.003708, 0.001053, 0.097330, 0.999968, 0.005725, -0.005514, -0.005438, 0.998693, 0.050827, 0.005798, -0.050795, 0.998692),
      ["Right Arm"] = CFrame.new(-0.523582, 0.670565, 1.060966, 0.856547, -0.406220, -0.318305, -0.513155, -0.604858, -0.608951, 0.054840, 0.684932, -0.726541),
      ["Right Arm.001"] = CFrame.new(-0.000000, -0.000000, -0.000000, 1.000000, -0.000000, 0.000000, 0.000000, 1.000000, 0.000000, -0.000000, -0.000000, 1.000000),
      ["Right Leg"] = CFrame.new(-0.132412, 0.132924, -0.020477, 0.980114, -0.011377, -0.198276, 0.049442, 0.980914, 0.188047, 0.192356, -0.194101, 0.961938),
      ["Right Leg.001"] = CFrame.new(0.000000, 0.000000, -0.000000, 1.000000, 0.000000, 0.000000, 0.000000, 1.000000, 0.000000, 0.000000, -0.000000, 1.000000),
      ["RightFoot"] = CFrame.new(0.000000, -0.016739, -0.000103, 0.949911, 0.207426, 0.233760, -0.212021, 0.977251, -0.005590, -0.229596, -0.044240, 0.972245),
      ["RightHand"] = CFrame.new(-0.000497, 0.004858, 0.000000, 0.665506, -0.644114, 0.377121, 0.494650, 0.758978, 0.423408, -0.558946, -0.095237, 0.823711),
      ["RightLowerArm"] = CFrame.new(-0.000000, 0.098707, 0.068974, 1.000000, 0.000000, 0.000000, -0.000000, 0.305732, -0.952122, -0.000000, 0.952118, 0.305734),
      ["RightLowerLeg"] = CFrame.new(-0.000000, -0.016680, -0.000217, 1.000000, -0.000000, -0.000000, 0.000000, 0.999999, -0.000007, 0.000000, -0.000011, 1.000038),
      ["RightUpperArm"] = CFrame.new(0.863073, 0.293857, -0.145651, -0.726541, 0.261619, 0.635369, -0.608951, -0.673506, -0.419008, 0.318305, -0.691335, 0.648642),
      ["RightUpperLeg"] = CFrame.new(0.000000, -0.000000, -0.000000, 0.963046, -0.203507, -0.176431, 0.192943, 0.978317, -0.075277, 0.187926, 0.038461, 0.981427),
      ["Torso"] = CFrame.new(0.003306, 0.046725, -0.060104, 0.999940, -0.010063, 0.004215, 0.010171, 0.999602, -0.026322, -0.003948, 0.026363, 0.999645),
      ["UpperTorso"] = CFrame.new(0.000886, -0.059602, -0.017549, 0.999828, -0.009803, 0.015715, 0.010185, 0.999651, -0.024389, -0.015471, 0.024544, 0.999579)
    }},
    {Time = 0.133, Data = {
      ["Head"] = CFrame.new(-0.003899, 0.217672, 0.165871, 0.974806, 0.008578, 0.222890, -0.021262, 0.998283, 0.054572, -0.222039, -0.057936, 0.973315),
      ["Head.001"] = CFrame.new(0.000000, -0.000000, -0.000000, -0.974806, 0.222890, 0.008577, 0.021262, 0.054572, 0.998283, 0.222039, 0.973315, -0.057936),
      ["Left Arm"] = CFrame.new(0.099770, 0.331200, 0.830106, 0.957263, -0.010323, 0.289047, 0.153880, -0.828013, -0.539180, 0.244901, 0.560614, -0.791035),
      ["Left Arm.001"] = CFrame.new(0.000000, 0.000100, -0.000500, 1.000000, -0.000000, -0.000000, -0.000000, 1.000000, 0.000000, -0.000000, 0.000000, 1.000000),
      ["Left Leg"] = CFrame.new(0.095608, 0.133970, -0.005138, 0.987744, 0.012222, 0.155819, -0.038056, 0.985752, 0.163839, -0.151599, -0.167753, 0.974103),
      ["Left Leg.001"] = CFrame.new(0.000000, -0.000200, 0.000000, 1.000000, -0.000000, -0.000000, 0.000000, 1.000000, -0.000000, -0.000000, 0.000000, 1.000000),
      ["LeftFoot"] = CFrame.new(-0.000000, -0.014565, -0.000003, 0.961894, -0.175037, -0.210050, 0.177655, 0.984073, -0.006492, 0.207836, -0.031060, 0.977635),
      ["LeftHand"] = CFrame.new(0.000502, -0.002508, 0.000000, 0.671078, 0.639711, -0.374733, -0.632271, 0.757767, 0.161312, 0.387151, 0.128681, 0.912988),
      ["LeftLowerArm"] = CFrame.new(-0.000500, 0.043696, 0.011134, 1.000000, -0.000000, -0.000000, 0.000000, 0.888307, -0.459253, 0.000000, 0.459250, 0.888311),
      ["LeftLowerLeg"] = CFrame.new(-0.000000, -0.014114, -0.000086, 1.000000, -0.000000, 0.000000, 0.000000, 0.999999, -0.000007, 0.000000, -0.000011, 1.000038),
      ["LeftUpperArm"] = CFrame.new(-0.827823, -0.095655, -0.212129, -0.791035, -0.385526, -0.475009, 0.539181, -0.806198, -0.243573, -0.289048, -0.448791, 0.845598),
      ["LeftUpperLeg"] = CFrame.new(-0.000000, -0.000000, -0.000100, 0.973359, 0.156122, 0.167921, -0.147815, 0.987134, -0.060956, -0.175278, 0.034518, 0.983911),
      ["LowerTorso"] = CFrame.new(-0.004579, 0.001074, 0.098110, 0.999952, 0.007902, -0.005839, -0.007590, 0.998640, 0.051582, 0.006239, -0.051535, 0.998652),
      ["Right Arm"] = CFrame.new(-0.484603, 0.664588, 1.055011, 0.872166, -0.364926, -0.325825, -0.489172, -0.641234, -0.591212, 0.006819, 0.675017, -0.737771),
      ["Right Arm.001"] = CFrame.new(0.000000, 0.000000, 0.000000, 1.000000, 0.000000, 0.000000, 0.000000, 1.000000, 0.000000, -0.000000, -0.000000, 1.000000),
      ["Right Leg"] = CFrame.new(-0.133067, 0.132529, -0.021524, 0.980037, -0.011927, -0.198624, 0.050155, 0.980789, 0.188509, 0.192564, -0.194698, 0.961776),
      ["Right Leg.001"] = CFrame.new(-0.000000, 0.000000, -0.000000, 1.000000, 0.000000, 0.000000, 0.000000, 1.000000, 0.000000, -0.000000, 0.000000, 1.000000),
      ["RightFoot"] = CFrame.new(-0.000000, -0.016291, -0.000103, 0.949727, 0.207888, 0.234097, -0.212637, 0.977120, -0.005062, -0.229788, -0.044958, 0.972166),
      ["RightHand"] = CFrame.new(-0.000497, 0.004061, 0.000000, 0.648214, -0.657116, 0.384730, 0.533682, 0.752452, 0.386006, -0.543138, -0.044890, 0.838437),
      ["RightLowerArm"] = CFrame.new(0.000000, 0.095503, 0.061658, 1.000000, 0.000000, 0.000000, -0.000000, 0.379820, -0.925065, -0.000000, 0.925061, 0.379822),
      ["RightLowerLeg"] = CFrame.new(0.000000, -0.016234, -0.000211, 1.000000, 0.000000, -0.000000, -0.000000, 0.999999, -0.000007, -0.000000, -0.000011, 1.000038),
      ["RightUpperArm"] = CFrame.new(0.868732, 0.284595, -0.149476, -0.737771, 0.262692, 0.621841, -0.591212, -0.696065, -0.407384, 0.325825, -0.668196, 0.668842),
      ["RightUpperLeg"] = CFrame.new(0.000000, -0.000000, -0.000000, 0.962524, -0.206205, -0.176142, 0.195344, 0.977697, -0.077113, 0.188116, 0.039822, 0.981336),
      ["Torso"] = CFrame.new(0.003306, 0.047210, -0.060104, 0.999940, -0.010063, 0.004215, 0.010171, 0.999602, -0.026322, -0.003948, 0.026363, 0.999645),
      ["UpperTorso"] = CFrame.new(0.001009, -0.059586, -0.017594, 0.999799, -0.011966, 0.016099, 0.012368, 0.999608, -0.025107, -0.015792, 0.025301, 0.999555)
    }},
    {Time = 0.167, Data = {
      ["Head"] = CFrame.new(-0.003689, 0.265015, 0.165582, 0.962110, 0.007109, 0.272567, -0.022812, 0.998254, 0.054485, -0.271704, -0.058639, 0.960593),
      ["Head.001"] = CFrame.new(0.000000, 0.000000, -0.000000, -0.962110, 0.272567, 0.007109, 0.022812, 0.054485, 0.998254, 0.271704, 0.960593, -0.058639),
      ["Left Arm"] = CFrame.new(0.012162, 0.350967, 0.784607, 0.957518, -0.089402, 0.274181, 0.071259, -0.847910, -0.525330, 0.279447, 0.522548, -0.805514),
      ["Left Arm.001"] = CFrame.new(-0.000000, 0.000100, -0.000500, 1.000000, 0.000000, 0.000000, 0.000000, 1.000000, 0.000000, 0.000000, 0.000000, 1.000000),
      ["Left Leg"] = CFrame.new(0.095430, 0.134382, -0.003936, 0.987825, 0.012599, 0.155277, -0.038229, 0.985862, 0.163131, -0.151030, -0.167072, 0.974309),
      ["Left Leg.001"] = CFrame.new(-0.000000, -0.000200, 0.000000, 1.000000, 0.000000, -0.000000, 0.000000, 1.000000, -0.000000, -0.000000, -0.000000, 1.000000),
      ["LeftFoot"] = CFrame.new(0.000000, -0.015114, -0.000003, 0.962138, -0.174326, -0.209528, 0.176999, 0.984194, -0.006078, 0.207271, -0.031227, 0.977750),
      ["LeftHand"] = CFrame.new(0.000503, -0.004915, -0.000000, 0.643383, 0.660553, -0.386948, -0.668224, 0.731206, 0.137167, 0.373542, 0.170317, 0.911839),
      ["LeftLowerArm"] = CFrame.new(-0.000500, 0.024433, 0.004210, 1.000000, -0.000000, -0.000000, -0.000000, 0.957482, -0.288497, 0.000000, 0.288495, 0.957486),
      ["LeftLowerLeg"] = CFrame.new(-0.000000, -0.014661, -0.000093, 1.000000, 0.000000, -0.000000, 0.000000, 0.999999, -0.000007, 0.000000, -0.000011, 1.000038),
      ["LeftUpperArm"] = CFrame.new(-0.835063, -0.102580, -0.204695, -0.805514, -0.419712, -0.418317, 0.525330, -0.832415, -0.176389, -0.274181, -0.361839, 0.891008),
      ["LeftUpperLeg"] = CFrame.new(0.000000, 0.000000, -0.000100, 0.973875, 0.152912, 0.167887, -0.144451, 0.987593, -0.061571, -0.175221, 0.035719, 0.983878),
      ["LowerTorso"] = CFrame.new(-0.005613, 0.001102, 0.099034, 0.999926, 0.010487, -0.006211, -0.010147, 0.998571, 0.052464, 0.006753, -0.052397, 0.998603),
      ["Right Arm"] = CFrame.new(-0.438675, 0.660151, 1.044201, 0.888057, -0.316688, -0.333272, -0.457510, -0.680129, -0.572811, -0.045265, 0.661161, -0.748878),
      ["Right Arm.001"] = CFrame.new(0.000000, 0.000000, 0.000000, 1.000000, -0.000000, -0.000000, 0.000000, 1.000000, 0.000000, 0.000000, 0.000000, 1.000000),
      ["Right Leg"] = CFrame.new(-0.133835, 0.132044, -0.022768, 0.979945, -0.012576, -0.199039, 0.051000, 0.980639, 0.189060, 0.192812, -0.195410, 0.961582),
      ["Right Leg.001"] = CFrame.new(0.000000, 0.000000, 0.000000, 1.000000, 0.000000, 0.000000, 0.000000, 1.000000, 0.000000, -0.000000, -0.000000, 1.000000),
      ["RightFoot"] = CFrame.new(0.000000, -0.015781, -0.000103, 0.949507, 0.208439, 0.234499, -0.213370, 0.976963, -0.004439, -0.230016, -0.045808, 0.972073),
      ["RightHand"] = CFrame.new(-0.000498, 0.003172, 0.000000, 0.630138, -0.670082, 0.392321, 0.576119, 0.742215, 0.342350, -0.520586, 0.010296, 0.853742),
      ["RightLowerArm"] = CFrame.new(-0.000000, 0.090945, 0.053288, 1.000000, 0.000000, -0.000000, 0.000000, 0.464465, -0.885596, -0.000000, 0.885592, 0.464467),
      ["RightLowerLeg"] = CFrame.new(0.000000, -0.015725, -0.000205, 1.000000, -0.000000, -0.000000, 0.000000, 0.999999, -0.000007, 0.000000, -0.000011, 1.000038),
      ["RightUpperArm"] = CFrame.new(0.874336, 0.274808, -0.153297, -0.748878, 0.266999, 0.606542, -0.572811, -0.721061, -0.389820, 0.333272, -0.639361, 0.692925),
      ["RightUpperLeg"] = CFrame.new(0.000000, 0.000000, -0.000000, 0.961894, -0.209410, -0.175806, 0.198198, 0.976950, -0.079276, 0.188356, 0.041418, 0.981224),
      ["Torso"] = CFrame.new(0.003306, 0.047789, -0.060104, 0.999940, -0.010063, 0.004215, 0.010171, 0.999602, -0.026322, -0.003948, 0.026363, 0.999645),
      ["UpperTorso"] = CFrame.new(0.001156, -0.059568, -0.017647, 0.999757, -0.014536, 0.016545, 0.014962, 0.999552, -0.025945, -0.016161, 0.026186, 0.999527)
    }},
    {Time = 0.200, Data = {
      ["Head"] = CFrame.new(-0.003467, 0.315082, 0.165178, 0.944262, 0.005355, 0.329152, -0.024579, 0.998224, 0.054273, -0.328276, -0.059338, 0.942716),
      ["Head.001"] = CFrame.new(0.000000, 0.000000, -0.000000, -0.944262, 0.329152, 0.005354, 0.024579, 0.054273, 0.998224, 0.328277, 0.942716, -0.059338),
      ["Left Arm"] = CFrame.new(-0.121724, 0.383364, 0.722354, 0.943603, -0.205097, 0.259917, -0.045631, -0.858099, -0.511452, 0.327933, 0.470745, -0.819060),
      ["Left Arm.001"] = CFrame.new(0.000000, 0.000100, -0.000500, 1.000000, -0.000000, -0.000000, 0.000000, 1.000000, -0.000000, -0.000000, -0.000000, 1.000000),
      ["Left Leg"] = CFrame.new(0.095223, 0.134841, -0.002558, 0.987916, 0.013032, 0.154658, -0.038431, 0.985988, 0.162320, -0.150379, -0.166294, 0.974542),
      ["Left Leg.001"] = CFrame.new(-0.000000, -0.000200, 0.000000, 1.000000, 0.000000, -0.000000, 0.000000, 1.000000, -0.000000, -0.000000, -0.000000, 1.000000),
      ["LeftFoot"] = CFrame.new(0.000000, -0.015764, -0.000003, 0.962414, -0.173512, -0.208931, 0.176248, 0.984331, -0.005602, 0.206624, -0.031421, 0.977881),
      ["LeftHand"] = CFrame.new(0.000506, -0.010018, 0.000000, 0.613731, 0.681229, -0.399075, -0.715403, 0.693658, 0.083881, 0.333962, 0.234018, 0.913069),
      ["LeftLowerArm"] = CFrame.new(-0.000500, -0.006490, 0.000001, 1.000000, -0.000000, -0.000000, -0.000000, 0.999556, -0.029786, 0.000000, 0.029785, 0.999562),
      ["LeftLowerLeg"] = CFrame.new(0.000000, -0.015308, -0.000102, 1.000000, 0.000000, 0.000000, 0.000000, 0.999999, -0.000007, 0.000000, -0.000011, 1.000038),
      ["LeftUpperArm"] = CFrame.new(-0.841836, -0.109520, -0.197563, -0.819060, -0.460769, -0.341808, 0.511452, -0.856359, -0.071170, -0.259917, -0.233111, 0.937070),
      ["LeftUpperLeg"] = CFrame.new(0.000000, -0.000000, -0.000100, 0.974454, 0.149229, 0.167840, -0.140595, 0.988106, -0.062264, -0.175136, 0.037083, 0.983843),
      ["LowerTorso"] = CFrame.new(-0.006800, 0.001137, 0.100092, 0.999888, 0.013455, -0.006622, -0.013082, 0.998484, 0.053458, 0.007331, -0.053366, 0.998548),
      ["Right Arm"] = CFrame.new(-0.386533, 0.658063, 1.028085, 0.902961, -0.262456, -0.340272, -0.418120, -0.719414, -0.554636, -0.099229, 0.643086, -0.759338),
      ["Right Arm.001"] = CFrame.new(-0.000000, 0.000000, -0.000000, 1.000000, -0.000000, 0.000000, -0.000000, 1.000000, 0.000000, -0.000000, 0.000000, 1.000000),
      ["Right Leg"] = CFrame.new(-0.134704, 0.131487, -0.024202, 0.979838, -0.013317, -0.199517, 0.051966, 0.980466, 0.189695, 0.193098, -0.196229, 0.961358),
      ["Right Leg.001"] = CFrame.new(-0.000000, 0.000000, 0.000000, 1.000000, 0.000000, -0.000000, -0.000000, 1.000000, -0.000000, -0.000000, -0.000000, 1.000000),
      ["RightFoot"] = CFrame.new(0.000000, -0.015198, -0.000103, 0.949253, 0.209074, 0.234962, -0.214214, 0.976781, -0.003729, -0.230281, -0.046780, 0.971964),
      ["RightHand"] = CFrame.new(-0.000499, 0.001927, 0.000000, 0.612126, -0.682402, 0.399536, 0.619914, 0.727794, 0.293296, -0.490923, 0.068145, 0.868529),
      ["RightLowerArm"] = CFrame.new(-0.000000, 0.084630, 0.044257, 1.000000, 0.000000, 0.000000, -0.000000, 0.555736, -0.831363, -0.000000, 0.831360, 0.555738),
      ["RightLowerLeg"] = CFrame.new(-0.000000, -0.015145, -0.000197, 1.000000, -0.000000, 0.000000, 0.000000, 0.999999, -0.000008, 0.000000, -0.000011, 1.000038),
      ["RightUpperArm"] = CFrame.new(0.879620, 0.264902, -0.156934, -0.759337, 0.274891, 0.589780, -0.554636, -0.747410, -0.365729, 0.340272, -0.604825, 0.720000),
      ["RightUpperLeg"] = CFrame.new(0.000000, -0.000000, -0.000000, 0.961155, -0.213088, -0.175425, 0.201477, 0.976075, -0.081736, 0.188647, 0.043224, 0.981090),
      ["Torso"] = CFrame.new(0.003306, 0.048459, -0.060104, 0.999940, -0.010063, 0.004215, 0.010171, 0.999602, -0.026322, -0.003948, 0.026363, 0.999645),
      ["UpperTorso"] = CFrame.new(0.001325, -0.059547, -0.017707, 0.999702, -0.017485, 0.017045, 0.017939, 0.999478, -0.026886, -0.016566, 0.027183, 0.999493)
    }},
    {Time = 0.233, Data = {
      ["Head"] = CFrame.new(-0.003242, 0.366055, 0.164641, 0.920121, 0.003314, 0.391621, -0.026532, 0.998194, 0.053891, -0.390735, -0.059977, 0.918547),
      ["Head.001"] = CFrame.new(0.000000, 0.000000, -0.000000, -0.920121, 0.391621, 0.003314, 0.026532, 0.053891, 0.998194, 0.390735, 0.918547, -0.059977),
      ["Left Arm"] = CFrame.new(-0.127792, 0.404069, 0.712538, 0.945353, -0.212738, 0.247101, -0.064382, -0.864703, -0.498141, 0.319644, 0.455008, -0.831142),
      ["Left Arm.001"] = CFrame.new(0.000000, 0.000100, -0.000500, 1.000000, -0.000000, 0.000000, -0.000000, 1.000000, -0.000000, -0.000000, 0.000000, 1.000000),
      ["Left Leg"] = CFrame.new(0.094991, 0.135375, -0.001026, 0.988017, 0.013518, 0.153967, -0.038659, 0.986128, 0.161416, -0.149653, -0.165426, 0.974802),
      ["Left Leg.001"] = CFrame.new(-0.000000, -0.000200, 0.000000, 1.000000, 0.000000, -0.000000, 0.000000, 1.000000, 0.000000, 0.000000, 0.000000, 1.000000),
      ["LeftFoot"] = CFrame.new(0.000000, -0.016476, -0.000003, 0.962722, -0.172605, -0.208265, 0.175411, 0.984484, -0.005068, 0.205903, -0.031641, 0.978026),
      ["LeftHand"] = CFrame.new(0.000523, -0.035274, 0.000000, 0.582900, 0.701112, -0.410694, -0.720278, 0.679782, 0.138188, 0.376065, 0.215263, 0.901237),
      ["LeftLowerArm"] = CFrame.new(-0.000499, -0.034600, 0.000078, 1.000000, -0.000000, -0.000000, -0.000000, 1.000000, -0.000001, 0.000000, 0.000000, 1.000006),
      ["LeftLowerLeg"] = CFrame.new(-0.000000, -0.016018, -0.000111, 1.000000, -0.000000, 0.000000, 0.000000, 0.999999, -0.000008, 0.000000, -0.000011, 1.000038),
      ["LeftUpperArm"] = CFrame.new(-0.847877, -0.116175, -0.191155, -0.831142, -0.455008, -0.319643, 0.498141, -0.864702, -0.064382, -0.247101, -0.212738, 0.945347),
      ["LeftUpperLeg"] = CFrame.new(0.000000, -0.000001, -0.000100, 0.975087, 0.145107, 0.167775, -0.136282, 0.988662, -0.063023, -0.175019, 0.038596, 0.983805),
      ["LowerTorso"] = CFrame.new(-0.008129, 0.001179, 0.101271, 0.999834, 0.016778, -0.007060, -0.016368, 0.998377, 0.054551, 0.007964, -0.054427, 0.998486),
      ["Right Arm"] = CFrame.new(-0.326740, 0.658782, 1.005698, 0.916085, -0.201676, -0.346587, -0.370137, -0.757783, -0.537370, -0.154263, 0.620558, -0.768837),
      ["Right Arm.001"] = CFrame.new(0.000000, 0.000000, -0.000000, 1.000000, -0.000000, -0.000000, 0.000000, 1.000000, -0.000000, 0.000000, 0.000000, 1.000000),
      ["Right Leg"] = CFrame.new(-0.135663, 0.130882, -0.025816, 0.979716, -0.014142, -0.200056, 0.053045, 0.980270, 0.190409, 0.193420, -0.197149, 0.961105),
      ["Right Leg.001"] = CFrame.new(0.000000, 0.000000, 0.000000, 1.000000, -0.000000, 0.000000, -0.000000, 1.000000, -0.000000, 0.000000, -0.000000, 1.000000),
      ["RightFoot"] = CFrame.new(0.000000, -0.014534, -0.000103, 0.948966, 0.209788, 0.235483, -0.215163, 0.976575, -0.002940, -0.230578, -0.047866, 0.971840),
      ["RightHand"] = CFrame.new(-0.000500, 0.001092, 0.000000, 0.594837, -0.693691, 0.406154, 0.663943, 0.708817, 0.238239, -0.453150, 0.127950, 0.882199),
      ["RightLowerArm"] = CFrame.new(0.000000, 0.076709, 0.034700, 1.000000, 0.000000, 0.000000, -0.000000, 0.651873, -0.758333, -0.000000, 0.758329, 0.651875),
      ["RightLowerLeg"] = CFrame.new(0.000000, -0.014483, -0.000188, 1.000000, 0.000000, 0.000000, 0.000000, 0.999999, -0.000007, 0.000000, -0.000011, 1.000038),
      ["RightUpperArm"] = CFrame.new(0.884427, 0.255180, -0.160274, -0.768837, 0.287543, 0.571146, -0.537370, -0.774661, -0.333368, 0.346587, -0.563223, 0.750104),
      ["RightUpperLeg"] = CFrame.new(0.000000, -0.000001, -0.000000, 0.960310, -0.217205, -0.175007, 0.205152, 0.975077, -0.084465, 0.188993, 0.045217, 0.980934),
      ["Torso"] = CFrame.new(0.003306, 0.049213, -0.060104, 0.999940, -0.010063, 0.004215, 0.010171, 0.999602, -0.026322, -0.003948, 0.026363, 0.999645),
      ["UpperTorso"] = CFrame.new(0.001515, -0.059523, -0.017772, 0.999629, -0.020786, 0.017591, 0.021273, 0.999384, -0.027916, -0.017000, 0.028279, 0.999456)
    }},
    {Time = 0.267, Data = {
      ["Head"] = CFrame.new(-0.003020, 0.416121, 0.163952, 0.888598, 0.000996, 0.458685, -0.028631, 0.998168, 0.053300, -0.457791, -0.060495, 0.886999),
      ["Head.001"] = CFrame.new(0.000000, -0.000000, -0.000000, -0.888598, 0.458685, 0.000996, 0.028631, 0.053300, 0.998168, 0.457791, 0.886999, -0.060495),
      ["Left Arm"] = CFrame.new(-0.118621, 0.422873, 0.708975, 0.949309, -0.207045, 0.236545, -0.068965, -0.871306, -0.485870, 0.306701, 0.444926, -0.841413),
      ["Left Arm.001"] = CFrame.new(0.000000, 0.000100, -0.000500, 1.000000, 0.000000, 0.000000, -0.000000, 1.000000, 0.000000, 0.000000, 0.000000, 1.000000),
      ["Left Leg"] = CFrame.new(0.094733, 0.135949, 0.000651, 0.988127, 0.014052, 0.153212, -0.038914, 0.986279, 0.160428, -0.148859, -0.164477, 0.975084),
      ["Left Leg.001"] = CFrame.new(-0.000000, -0.000200, 0.000000, 1.000000, -0.000000, 0.000000, -0.000000, 1.000000, -0.000000, -0.000000, -0.000000, 1.000000),
      ["LeftFoot"] = CFrame.new(0.000000, -0.017280, -0.000003, 0.963056, -0.171613, -0.207536, 0.174496, 0.984649, -0.004481, 0.205114, -0.031887, 0.978183),
      ["LeftHand"] = CFrame.new(0.000540, -0.061778, 0.000000, 0.551496, 0.719794, -0.421602, -0.714774, 0.668321, 0.206021, 0.430056, 0.187730, 0.883063),
      ["LeftLowerArm"] = CFrame.new(-0.000499, -0.060979, 0.000210, 1.000000, -0.000000, -0.000000, 0.000000, 1.000000, -0.000001, 0.000000, 0.000000, 1.000005),
      ["LeftLowerLeg"] = CFrame.new(-0.000000, -0.016819, -0.000122, 1.000000, 0.000000, 0.000000, 0.000000, 0.999999, -0.000008, 0.000000, -0.000011, 1.000038),
      ["LeftUpperArm"] = CFrame.new(-0.853013, -0.122310, -0.185877, -0.841413, -0.444926, -0.306700, 0.485870, -0.871306, -0.068965, -0.236545, -0.207045, 0.949304),
      ["LeftUpperLeg"] = CFrame.new(0.000000, -0.000000, -0.000100, 0.975765, 0.140580, 0.167692, -0.131551, 0.989250, -0.063839, -0.174865, 0.040239, 0.983767),
      ["LowerTorso"] = CFrame.new(-0.009590, 0.001232, 0.102561, 0.999763, 0.020429, -0.007517, -0.019979, 0.998246, 0.055727, 0.008643, -0.055564, 0.998418),
      ["Right Arm"] = CFrame.new(-0.260320, 0.662612, 0.977381, 0.926108, -0.135551, -0.352076, -0.314366, -0.793225, -0.521508, -0.208585, 0.593650, -0.777221),
      ["Right Arm.001"] = CFrame.new(-0.000000, 0.000000, 0.000000, 1.000000, 0.000000, -0.000000, -0.000000, 1.000000, -0.000000, 0.000000, 0.000000, 1.000000),
      ["Right Leg"] = CFrame.new(-0.136701, 0.130218, -0.027597, 0.979581, -0.015041, -0.200650, 0.054226, 0.980052, 0.191198, 0.193776, -0.198164, 0.960824),
      ["Right Leg.001"] = CFrame.new(-0.000000, 0.000000, -0.000000, 1.000000, 0.000000, 0.000000, -0.000000, 1.000000, 0.000000, -0.000000, -0.000000, 1.000000),
      ["RightFoot"] = CFrame.new(-0.000000, -0.013811, -0.000103, 0.948648, 0.210577, 0.236058, -0.216208, 0.976347, -0.002078, -0.230907, -0.049054, 0.971703),
      ["RightHand"] = CFrame.new(-0.000500, 0.000134, 0.000000, 0.578759, -0.703742, 0.412051, 0.706234, 0.685173, 0.178245, -0.407762, 0.187843, 0.893553),
      ["RightLowerArm"] = CFrame.new(0.000000, 0.066649, 0.025262, 1.000000, 0.000000, 0.000000, -0.000000, 0.746686, -0.665181, -0.000000, 0.665178, 0.746689),
      ["RightLowerLeg"] = CFrame.new(-0.000000, -0.013762, -0.000179, 1.000000, 0.000000, -0.000000, 0.000000, 0.999999, -0.000008, 0.000000, -0.000011, 1.000038),
      ["RightUpperArm"] = CFrame.new(0.888677, 0.245852, -0.163252, -0.777220, 0.304525, 0.550629, -0.521508, -0.801397, -0.292904, 0.352076, -0.514809, 0.781673),
      ["RightUpperLeg"] = CFrame.new(0.000000, -0.000000, -0.000000, 0.959358, -0.221728, -0.174555, 0.209192, 0.973956, -0.087434, 0.189397, 0.047372, 0.980754),
      ["Torso"] = CFrame.new(0.003306, 0.050049, -0.060104, 0.999940, -0.010063, 0.004215, 0.010171, 0.999602, -0.026322, -0.003948, 0.026363, 0.999645),
      ["UpperTorso"] = CFrame.new(0.001723, -0.059496, -0.017842, 0.999537, -0.024413, 0.018173, 0.024934, 0.999268, -0.029019, -0.017452, 0.029459, 0.999414)
    }},
    {Time = 0.300, Data = {
      ["Head"] = CFrame.new(-0.002811, 0.463465, 0.163091, 0.848765, -0.001580, 0.528768, -0.030825, 0.998147, 0.052461, -0.527871, -0.060826, 0.847144),
      ["Head.001"] = CFrame.new(0.000000, 0.000000, -0.000000, -0.848765, 0.528768, -0.001580, 0.030825, 0.052461, 0.998147, 0.527871, 0.847144, -0.060826),
      ["Left Arm"] = CFrame.new(-0.111277, 0.441288, 0.705135, 0.952290, -0.201890, 0.228897, -0.071761, -0.877047, -0.475015, 0.296655, 0.435924, -0.849687),
      ["Left Arm.001"] = CFrame.new(-0.000000, 0.000100, -0.000500, 1.000000, 0.000000, 0.000000, 0.000000, 1.000000, -0.000000, 0.000000, -0.000000, 1.000000),
      ["Left Leg"] = CFrame.new(0.094452, 0.136591, 0.002454, 0.988245, 0.014632, 0.152399, -0.039194, 0.986441, 0.159364, -0.148004, -0.163456, 0.975386),
      ["Left Leg.001"] = CFrame.new(-0.000000, -0.000200, -0.000000, 1.000000, 0.000000, -0.000000, 0.000000, 1.000000, -0.000000, 0.000000, 0.000000, 1.000000),
      ["LeftFoot"] = CFrame.new(-0.000000, -0.018137, -0.000003, 0.963415, -0.170545, -0.206751, 0.173511, 0.984826, -0.003845, 0.204265, -0.032158, 0.978352),
      ["LeftHand"] = CFrame.new(0.000557, -0.086913, -0.000000, 0.520019, 0.737048, -0.431673, -0.704214, 0.655959, 0.271662, 0.483384, 0.162720, 0.860147),
      ["LeftLowerArm"] = CFrame.new(-0.000498, -0.086055, 0.000342, 1.000000, 0.000000, -0.000000, 0.000000, 1.000000, -0.000001, 0.000000, 0.000000, 1.000006),
      ["LeftLowerLeg"] = CFrame.new(-0.000000, -0.017674, -0.000133, 1.000000, -0.000000, -0.000000, 0.000000, 0.999999, -0.000007, 0.000000, -0.000011, 1.000038),
      ["LeftUpperArm"] = CFrame.new(-0.857149, -0.127738, -0.182053, -0.849686, -0.435924, -0.296654, 0.475015, -0.877047, -0.071761, -0.228897, -0.201890, 0.952284),
      ["LeftUpperLeg"] = CFrame.new(0.000000, -0.000000, -0.000100, 0.976476, 0.135683, 0.167587, -0.126439, 0.989861, -0.064700, -0.174668, 0.041996, 0.983728),
      ["LowerTorso"] = CFrame.new(-0.011170, 0.001294, 0.103952, 0.999671, 0.024381, -0.007985, -0.023887, 0.998090, 0.056972, 0.009358, -0.056763, 0.998344),
      ["Right Arm"] = CFrame.new(-0.187392, 0.669517, 0.943335, 0.931992, -0.064704, -0.356668, -0.251403, -0.824225, -0.507396, -0.261144, 0.562553, -0.784435),
      ["Right Arm.001"] = CFrame.new(0.000000, -0.000000, -0.000000, 1.000000, 0.000000, -0.000000, -0.000000, 1.000000, -0.000000, -0.000000, -0.000000, 1.000000),
      ["Right Leg"] = CFrame.new(-0.137803, 0.129485, -0.029530, 0.979433, -0.016007, -0.201296, 0.055500, 0.979813, 0.192056, 0.194163, -0.199268, 0.960518),
      ["Right Leg.001"] = CFrame.new(0.000000, 0.000000, -0.000000, 1.000000, 0.000000, 0.000000, 0.000000, 1.000000, 0.000000, -0.000000, 0.000000, 1.000000),
      ["RightFoot"] = CFrame.new(-0.000000, -0.013052, -0.000103, 0.948302, 0.211435, 0.236684, -0.217344, 0.976096, -0.001154, -0.231265, -0.050336, 0.971552),
      ["RightHand"] = CFrame.new(-0.000501, -0.000993, -0.000000, 0.564238, -0.712462, 0.417172, 0.745331, 0.656908, 0.113809, -0.355126, 0.246716, 0.901669),
      ["RightLowerArm"] = CFrame.new(0.000000, 0.054285, 0.016494, 1.000000, 0.000000, 0.000000, -0.000000, 0.834631, -0.550813, -0.000000, 0.550809, 0.834635),
      ["RightLowerLeg"] = CFrame.new(0.000000, -0.013006, -0.000169, 1.000000, 0.000000, 0.000000, -0.000000, 0.999999, -0.000008, 0.000000, -0.000011, 1.000038),
      ["RightUpperArm"] = CFrame.new(0.892341, 0.237051, -0.165841, -0.784435, 0.325684, 0.527818, -0.507396, -0.826398, -0.244163, 0.356668, -0.459343, 0.813505),
