return {
  ["Rots exotic leg spread flip"] = {
    {Time = 0.000, Data = {
      ["Head"] = CFrame.new(0.002212, 0.085765, -0.183898, 0.995418, 0.023853, -0.092592, 0.045576, 0.732926, 0.678779, 0.084054, -0.679890, 0.728481),
      ["Head.001"] = CFrame.new(0.000000, -0.000000, -0.000000, -0.995418, -0.092592, 0.023853, -0.045576, 0.678779, 0.732927, -0.084054, 0.728481, -0.679890),
      ["Left Arm"] = CFrame.new(0.755114, 0.364561, -0.054955, 0.940381, 0.340123, -0.002944, -0.327687, 0.908241, 0.260233, 0.091185, -0.243752, 0.965541),
      ["Left Arm.001"] = CFrame.new(0.000000, 0.000100, -0.000500, 1.000000, 0.000000, 0.000000, -0.000000, 1.000000, -0.000000, 0.000000, 0.000000, 1.000000),
      ["Left Leg"] = CFrame.new(-0.402944, 1.463339, 0.064898, 0.958677, 0.152107, 0.240549, -0.169507, 0.984094, 0.053191, -0.228638, -0.091762, 0.969178),
      ["Left Leg.001"] = CFrame.new(0.000000, -0.000200, -0.000000, 1.000000, 0.000000, 0.000000, -0.000000, 1.000000, 0.000000, 0.000000, -0.000000, 1.000000),
      ["LeftFoot"] = CFrame.new(0.000000, 0.032163, -0.000001, 0.954657, -0.195171, -0.224806, 0.081511, 0.897627, -0.433156, 0.286323, 0.395185, 0.872800),
      ["LeftHand"] = CFrame.new(0.000497, 0.004794, 0.000000, 0.999511, 0.026745, -0.016218, -0.028653, 0.990852, -0.131877, 0.012543, 0.132278, 0.991129),
      ["LeftLowerArm"] = CFrame.new(-0.000499, 0.102436, 0.088861, 1.000000, -0.000000, 0.000000, 0.000000, 0.106082, -0.994362, 0.000000, 0.994359, 0.106082),
      ["LeftLowerLeg"] = CFrame.new(-0.000000, 0.125820, -0.092056, 1.000000, -0.000000, -0.000000, 0.000000, 0.046241, 0.998967, -0.000000, -0.998932, 0.046230),
      ["LeftUpperArm"] = CFrame.new(-0.006249, -0.134116, -0.004865, 0.965541, 0.116528, 0.232704, -0.260233, 0.422184, 0.868354, 0.002944, -0.898990, 0.437960),
      ["LeftUpperLeg"] = CFrame.new(0.000000, 0.000000, -0.000100, 0.966301, 0.246435, -0.074364, -0.174013, 0.412469, -0.894186, -0.189688, 0.877002, 0.441472),
      ["LowerTorso"] = CFrame.new(0.117553, -0.688162, 0.257128, 0.999987, 0.001655, -0.004871, -0.001418, 0.998826, 0.048416, 0.004945, -0.048408, 0.998815),
      ["Right Arm"] = CFrame.new(-0.769695, 0.470794, 0.048184, 0.942882, -0.329746, 0.047422, 0.332321, 0.940957, -0.064524, -0.023345, 0.076597, 0.996789),
      ["Right Arm.001"] = CFrame.new(-0.000000, 0.000000, -0.000000, 1.000000, -0.000000, 0.000000, -0.000000, 1.000000, 0.000000, 0.000000, -0.000000, 1.000000),
      ["Right Leg"] = CFrame.new(0.457390, 1.448898, 0.055169, 0.979680, -0.140794, -0.143066, 0.144882, 0.989278, 0.018414, 0.138943, -0.038765, 0.989542),
      ["Right Leg.001"] = CFrame.new(0.000000, 0.000000, 0.000000, 1.000000, -0.000000, 0.000000, 0.000000, 1.000000, 0.000000, 0.000000, 0.000000, 1.000000),
      ["RightFoot"] = CFrame.new(0.000000, 0.032544, -0.000101, 0.983448, 0.107684, 0.145717, -0.032706, 0.896524, -0.441790, -0.178207, 0.429704, 0.885171),
      ["RightHand"] = CFrame.new(-0.000496, 0.005586, 0.000000, 0.998893, -0.040464, 0.023973, 0.045656, 0.956633, -0.287695, -0.011292, 0.288470, 0.957417),
      ["RightLowerArm"] = CFrame.new(-0.000000, 0.101946, 0.079674, 1.000000, 0.000000, 0.000000, -0.000000, 0.197483, -0.980311, -0.000000, 0.980307, 0.197484),
      ["RightLowerLeg"] = CFrame.new(-0.000000, 0.125780, -0.095109, 1.000000, 0.000000, 0.000000, -0.000000, 0.015530, 0.999916, 0.000000, -0.999880, 0.015518),
      ["RightUpperArm"] = CFrame.new(0.001317, 0.022057, 0.037279, 0.996789, -0.007759, 0.079699, -0.064524, 0.511598, 0.856798, -0.047422, -0.859190, 0.509454),
      ["RightUpperLeg"] = CFrame.new(0.000000, 0.000000, -0.000000, 0.991171, -0.125397, 0.043082, 0.092050, 0.416886, -0.904275, 0.095434, 0.900265, 0.424767),
      ["Torso"] = CFrame.new(-0.116327, -0.078212, -1.247401, 0.999940, -0.010063, 0.004215, 0.010653, 0.817235, -0.576207, 0.002354, 0.576217, 0.817293),
      ["UpperTorso"] = CFrame.new(0.001425, -0.450058, 0.007963, 0.999878, -0.008223, 0.013287, -0.000180, 0.844220, 0.535997, -0.015625, -0.535934, 0.844115)
    }},
    {Time = 0.333, Data = {
      ["Head"] = CFrame.new(0.002212, 0.085765, -0.183897, 0.995408, 0.023795, -0.092717, 0.044639, 0.741441, 0.669532, 0.084676, -0.670596, 0.736974),
      ["Head.001"] = CFrame.new(0.000000, 0.000000, -0.000000, -0.995408, -0.092717, 0.023795, -0.044639, 0.669532, 0.741441, -0.084675, 0.736974, -0.670596),
      ["Left Arm"] = CFrame.new(0.750368, 0.341250, -0.046649, 0.936069, 0.351821, -0.002296, -0.340186, 0.906729, 0.249236, 0.089769, -0.232519, 0.968440),
      ["Left Arm.001"] = CFrame.new(-0.000000, 0.000100, -0.000500, 1.000000, -0.000000, 0.000000, 0.000000, 1.000000, 0.000000, -0.000000, 0.000000, 1.000000),
      ["Left Leg"] = CFrame.new(-0.404442, 1.431442, 0.065153, 0.958673, 0.164074, 0.232565, -0.180374, 0.982306, 0.050435, -0.220181, -0.090294, 0.971272),
      ["Left Leg.001"] = CFrame.new(-0.000000, -0.000200, 0.000000, 1.000000, -0.000000, -0.000000, -0.000000, 1.000000, -0.000000, -0.000000, 0.000000, 1.000000),
      ["LeftFoot"] = CFrame.new(0.000000, 0.031886, -0.000001, 0.957154, -0.188439, -0.219879, 0.080768, 0.902896, -0.422205, 0.278079, 0.386350, 0.879396),
      ["LeftHand"] = CFrame.new(0.000497, 0.004655, -0.000000, 0.999090, 0.036526, -0.022034, -0.038901, 0.992098, -0.119283, 0.017503, 0.120032, 0.992611),
      ["LeftLowerArm"] = CFrame.new(-0.000500, 0.102002, 0.085890, 1.000000, -0.000000, 0.000000, 0.000000, 0.136071, -0.990704, 0.000000, 0.990700, 0.136072),
      ["LeftLowerLeg"] = CFrame.new(-0.000000, 0.125396, -0.087549, 1.000000, -0.000000, -0.000000, 0.000000, 0.093092, 0.995693, -0.000000, -0.995660, 0.093082),
      ["LeftUpperArm"] = CFrame.new(-0.004799, -0.128618, -0.005189, 0.968440, 0.120573, 0.218142, -0.249236, 0.460400, 0.852005, 0.002296, -0.879485, 0.475920),
      ["LeftUpperLeg"] = CFrame.new(-0.000000, 0.000000, -0.000100, 0.968478, 0.241204, -0.062202, -0.167410, 0.445332, -0.879564, -0.184455, 0.862261, 0.471694),
      ["LowerTorso"] = CFrame.new(0.114336, -0.655426, 0.257294, 0.999987, 0.001655, -0.004870, -0.001423, 0.998882, 0.047253, 0.004943, -0.047246, 0.998871),
      ["Right Arm"] = CFrame.new(-0.761387, 0.433724, 0.045303, 0.937216, -0.345531, 0.047357, 0.348064, 0.935267, -0.064264, -0.022087, 0.076712, 0.996809),
      ["Right Arm.001"] = CFrame.new(0.000000, 0.000000, -0.000000, 1.000000, 0.000000, -0.000000, 0.000000, 1.000000, -0.000000, 0.000000, 0.000000, 1.000000),
      ["Right Leg"] = CFrame.new(0.453603, 1.418106, 0.055268, 0.977751, -0.153471, -0.143225, 0.157692, 0.987317, 0.018434, 0.138584, -0.040607, 0.989518),
      ["Right Leg.001"] = CFrame.new(0.000000, 0.000000, 0.000000, 1.000000, 0.000000, -0.000000, -0.000000, 1.000000, 0.000000, -0.000000, 0.000000, 1.000000),
      ["RightFoot"] = CFrame.new(0.000000, 0.032257, -0.000101, 0.983416, 0.107845, 0.145819, -0.035113, 0.902004, -0.430300, -0.177929, 0.418036, 0.890797),
      ["RightHand"] = CFrame.new(-0.000497, 0.005399, -0.000000, 0.998906, -0.040218, 0.023870, 0.045195, 0.961349, -0.271596, -0.012024, 0.272378, 0.962111),
      ["RightLowerArm"] = CFrame.new(-0.000001, 0.101042, 0.076079, 1.000000, 0.000000, 0.000000, -0.000000, 0.233828, -0.972283, -0.000000, 0.972279, 0.233829),
      ["RightLowerLeg"] = CFrame.new(-0.000000, 0.125482, -0.090418, 1.000000, 0.000000, 0.000000, -0.000000, 0.064312, 0.997966, 0.000000, -0.997932, 0.064301),
      ["RightUpperArm"] = CFrame.new(0.001307, 0.021927, 0.037247, 0.996809, -0.003537, 0.079750, -0.064264, 0.557104, 0.827952, -0.047357, -0.830435, 0.555098),
      ["RightUpperLeg"] = CFrame.new(-0.000000, 0.000000, -0.000000, 0.991149, -0.127019, 0.038591, 0.092153, 0.449041, -0.888735, 0.095558, 0.884434, 0.456791),
      ["Torso"] = CFrame.new(-0.113110, -0.077647, -1.214192, 0.999941, -0.010063, 0.004215, 0.010656, 0.817897, -0.575266, 0.002342, 0.575277, 0.817956),
      ["UpperTorso"] = CFrame.new(0.001424, -0.449964, 0.007859, 0.999878, -0.008222, 0.013287, -0.000181, 0.844213, 0.536008, -0.015624, -0.535945, 0.844108)
    }},
    {Time = 0.667, Data = {
      ["Head"] = CFrame.new(0.002212, 0.085765, -0.183898, 0.995395, 0.023716, -0.092881, 0.043383, 0.752559, 0.657094, 0.085482, -0.658098, 0.748064),
      ["Head.001"] = CFrame.new(0.000000, 0.000000, 0.000000, -0.995395, -0.092881, 0.023716, -0.043383, 0.657094, 0.752559, -0.085482, 0.748064, -0.658098),
      ["Left Arm"] = CFrame.new(0.741521, 0.312542, -0.037386, 0.931508, 0.363729, -0.001532, -0.353098, 0.905267, 0.236251, 0.087319, -0.219527, 0.971691),
      ["Left Arm.001"] = CFrame.new(-0.000000, 0.000100, -0.000500, 1.000000, -0.000000, -0.000000, 0.000000, 1.000000, -0.000000, -0.000000, -0.000000, 1.000000),
      ["Left Leg"] = CFrame.new(-0.403882, 1.391356, 0.064847, 0.958041, 0.179982, 0.223215, -0.195062, 0.979656, 0.047208, -0.210183, -0.088763, 0.973625),
      ["Left Leg.001"] = CFrame.new(-0.000000, -0.000200, -0.000000, 1.000000, -0.000000, -0.000000, -0.000000, 1.000000, -0.000000, 0.000000, 0.000000, 1.000000),
      ["LeftFoot"] = CFrame.new(0.000000, 0.031356, -0.000001, 0.959980, -0.180555, -0.214100, 0.080205, 0.909669, -0.407520, 0.268332, 0.374032, 0.887711),
      ["LeftHand"] = CFrame.new(0.000497, 0.004469, -0.000000, 0.998428, 0.048031, -0.028876, -0.050846, 0.993035, -0.106283, 0.023570, 0.107584, 0.993912),
      ["LeftLowerArm"] = CFrame.new(-0.000500, 0.101286, 0.081969, 1.000000, -0.000000, -0.000000, 0.000000, 0.175641, -0.984459, 0.000000, 0.984455, 0.175641),
      ["LeftLowerLeg"] = CFrame.new(0.000000, 0.124444, -0.081897, 1.000000, -0.000000, -0.000000, 0.000000, 0.151942, 0.988425, -0.000000, -0.988393, 0.151932),
      ["LeftUpperArm"] = CFrame.new(-0.003174, -0.122125, -0.005571, 0.971691, 0.124519, 0.200778, -0.236251, 0.506609, 0.829175, 0.001532, -0.853137, 0.521684),
      ["LeftUpperLeg"] = CFrame.new(-0.000000, -0.000000, -0.000100, 0.970929, 0.234500, -0.048017, -0.159679, 0.485063, -0.859764, -0.178325, 0.842448, 0.508426),
      ["LowerTorso"] = CFrame.new(0.110358, -0.614965, 0.257520, 0.999987, 0.001654, -0.004869, -0.001430, 0.998956, 0.045667, 0.004939, -0.045660, 0.998945),
      ["Right Arm"] = CFrame.new(-0.746587, 0.389210, 0.041644, 0.931267, -0.361269, 0.047281, 0.363756, 0.929296, -0.063969, -0.020828, 0.076771, 0.996831),
      ["Right Arm.001"] = CFrame.new(0.000000, 0.000000, -0.000000, 1.000000, 0.000000, 0.000000, 0.000000, 1.000000, -0.000000, -0.000000, -0.000000, 1.000000),
      ["Right Leg"] = CFrame.new(0.446626, 1.379117, 0.055082, 0.974920, -0.170354, -0.143435, 0.174753, 0.984441, 0.018458, 0.138063, -0.043058, 0.989488),
      ["Right Leg.001"] = CFrame.new(-0.000000, -0.000000, 0.000000, 1.000000, 0.000000, -0.000000, 0.000000, 1.000000, 0.000000, -0.000000, -0.000000, 1.000000),
      ["RightFoot"] = CFrame.new(0.000000, 0.031870, -0.000101, 0.983372, 0.108058, 0.145954, -0.038322, 0.909084, -0.414850, -0.177506, 0.402351, 0.898074),
      ["RightHand"] = CFrame.new(-0.000497, 0.005114, 0.000000, 0.998920, -0.039937, 0.023755, 0.044686, 0.965809, -0.255373, -0.012744, 0.256158, 0.966546),
      ["RightLowerArm"] = CFrame.new(-0.000001, 0.099588, 0.071295, 1.000000, 0.000000, 0.000000, -0.000000, 0.282196, -0.959361, -0.000000, 0.959358, 0.282198),
      ["RightLowerLeg"] = CFrame.new(0.000000, 0.124757, -0.084503, 1.000000, 0.000000, 0.000000, -0.000000, 0.125797, 0.992092, 0.000000, -0.992059, 0.125786),
      ["RightUpperArm"] = CFrame.new(0.001296, 0.021780, 0.037209, 0.996831, 0.001683, 0.079528, -0.063969, 0.611214, 0.788876, -0.047281, -0.791464, 0.609384),
      ["RightUpperLeg"] = CFrame.new(0.000000, -0.000000, -0.000000, 0.991121, -0.128819, 0.032939, 0.092287, 0.488106, -0.867879, 0.095722, 0.863223, 0.495680),
      ["Torso"] = CFrame.new(-0.109132, -0.076877, -1.173087, 0.999940, -0.010063, 0.004215, 0.010660, 0.818799, -0.573982, 0.002325, 0.573992, 0.818857),
      ["UpperTorso"] = CFrame.new(0.001423, -0.449839, 0.007718, 0.999878, -0.008221, 0.013286, -0.000182, 0.844203, 0.536023, -0.015623, -0.535961, 0.844099)
    }},
    {Time = 1.000, Data = {
      ["Head"] = CFrame.new(0.002212, 0.085765, -0.183898, 0.995379, 0.023617, -0.093078, 0.041840, 0.765784, 0.641735, 0.086433, -0.642664, 0.761257),
      ["Head.001"] = CFrame.new(0.000000, -0.000000, -0.000000, -0.995379, -0.093078, 0.023617, -0.041840, 0.641735, 0.765784, -0.086433, 0.761257, -0.642664),
      ["Left Arm"] = CFrame.new(0.728092, 0.281046, -0.028322, 0.927491, 0.373855, -0.000726, -0.364335, 0.904298, 0.222502, 0.083841, -0.206103, 0.974932),
      ["Left Arm.001"] = CFrame.new(-0.000000, 0.000100, -0.000500, 1.000000, 0.000000, 0.000000, 0.000000, 1.000000, 0.000000, 0.000000, 0.000000, 1.000000),
      ["Left Leg"] = CFrame.new(-0.400118, 1.345582, 0.063799, 0.956476, 0.199156, 0.213424, -0.213036, 0.976063, 0.043830, -0.199592, -0.087384, 0.975976),
      ["Left Leg.001"] = CFrame.new(0.000000, -0.000200, -0.000000, 1.000000, -0.000000, 0.000000, 0.000000, 1.000000, 0.000000, 0.000000, 0.000000, 1.000000),
      ["LeftFoot"] = CFrame.new(0.000000, 0.030598, -0.000002, 0.962826, -0.172298, -0.208039, 0.080000, 0.917495, -0.389621, 0.257998, 0.358488, 0.897137),
      ["LeftHand"] = CFrame.new(0.000498, 0.004039, -0.000000, 0.997536, 0.060162, -0.036090, -0.063354, 0.993457, -0.095021, 0.030137, 0.097074, 0.994816),
      ["LeftLowerArm"] = CFrame.new(-0.000500, 0.100094, 0.077343, 1.000000, -0.000000, -0.000000, 0.000000, 0.222461, -0.974946, 0.000000, 0.974943, 0.222462),
      ["LeftLowerLeg"] = CFrame.new(-0.000000, 0.122837, -0.075482, 1.000000, -0.000000, -0.000000, 0.000000, 0.218746, 0.975816, -0.000000, -0.975787, 0.218738),
      ["LeftUpperArm"] = CFrame.new(-0.001553, -0.115251, -0.005974, 0.974932, 0.127589, 0.182287, -0.222502, 0.556374, 0.800587, 0.000726, -0.821078, 0.570815),
      ["LeftUpperLeg"] = CFrame.new(0.000000, -0.000000, -0.000100, 0.973381, 0.226772, -0.033196, -0.151584, 0.528338, -0.835378, -0.171903, 0.818186, 0.548670),
      ["LowerTorso"] = CFrame.new(0.105925, -0.569879, 0.257803, 0.999987, 0.001653, -0.004867, -0.001439, 0.999044, 0.043682, 0.004935, -0.043674, 0.999034),
      ["Right Arm"] = CFrame.new(-0.724631, 0.341691, 0.037480, 0.926163, -0.374168, 0.047202, 0.376616, 0.924180, -0.063671, -0.019799, 0.076746, 0.996854),
      ["Right Arm.001"] = CFrame.new(0.000000, -0.000000, -0.000000, 1.000000, -0.000000, 0.000000, 0.000000, 1.000000, 0.000000, 0.000000, -0.000000, 1.000000),
      ["Right Leg"] = CFrame.new(0.436267, 1.334736, 0.054527, 0.971157, -0.190443, -0.143690, 0.195054, 0.980620, 0.018486, 0.137388, -0.045978, 0.989450),
      ["Right Leg.001"] = CFrame.new(0.000000, -0.000000, -0.000000, 1.000000, 0.000000, 0.000000, 0.000000, 1.000000, -0.000000, 0.000000, -0.000000, 1.000000),
      ["RightFoot"] = CFrame.new(0.000000, 0.031038, -0.000102, 0.983320, 0.108315, 0.146117, -0.042150, 0.917180, -0.396242, -0.176929, 0.383466, 0.906411),
      ["RightHand"] = CFrame.new(-0.000497, 0.004488, 0.000000, 0.998934, -0.039653, 0.023641, 0.044201, 0.969283, -0.241944, -0.013321, 0.242730, 0.969998),
      ["RightLowerArm"] = CFrame.new(-0.000001, 0.097314, 0.065613, 1.000000, 0.000000, 0.000000, -0.000000, 0.339790, -0.940506, -0.000000, 0.940502, 0.339791),
      ["RightLowerLeg"] = CFrame.new(0.000000, 0.123245, -0.077860, 1.000000, 0.000000, 0.000000, -0.000000, 0.195052, 0.980828, 0.000000, -0.980798, 0.195043),
      ["RightUpperArm"] = CFrame.new(0.001285, 0.021630, 0.037169, 0.996854, 0.007457, 0.078907, -0.063671, 0.668233, 0.741222, -0.047202, -0.743915, 0.666604),
      ["RightUpperLeg"] = CFrame.new(-0.000000, 0.000000, -0.000000, 0.991086, -0.130547, 0.026548, 0.092449, 0.530464, -0.842637, 0.095921, 0.837591, 0.537825),
      ["Torso"] = CFrame.new(-0.104699, -0.075911, -1.127198, 0.999940, -0.010063, 0.004215, 0.010664, 0.819925, -0.572372, 0.002304, 0.572383, 0.819983),
      ["UpperTorso"] = CFrame.new(0.001421, -0.449684, 0.007539, 0.999878, -0.008219, 0.013286, -0.000183, 0.844191, 0.536043, -0.015622, -0.535980, 0.844086)
    }},
    {Time = 1.333, Data = {
      ["Head"] = CFrame.new(0.002212, 0.085765, -0.183898, 0.995360, 0.023497, -0.093303, 0.040040, 0.780613, 0.623731, 0.087489, -0.624573, 0.776050),
      ["Head.001"] = CFrame.new(0.000000, -0.000000, 0.000000, -0.995360, -0.093303, 0.023497, -0.040040, 0.623731, 0.780613, -0.087489, 0.776050, -0.624573),
      ["Left Arm"] = CFrame.new(0.709873, 0.249145, -0.020212, 0.924750, 0.380586, 0.000064, -0.372197, 0.904321, 0.208985, 0.079479, -0.193282, 0.977919),
      ["Left Arm.001"] = CFrame.new(0.000000, 0.000100, -0.000500, 1.000000, -0.000000, 0.000000, 0.000000, 1.000000, -0.000000, 0.000000, -0.000000, 1.000000),
      ["Left Leg"] = CFrame.new(-0.392369, 1.296264, 0.061977, 0.953781, 0.220830, 0.203950, -0.233622, 0.971483, 0.040560, -0.189182, -0.086329, 0.978141),
      ["Left Leg.001"] = CFrame.new(0.000000, -0.000200, 0.000000, 1.000000, -0.000000, 0.000000, 0.000000, 1.000000, 0.000000, -0.000000, 0.000000, 1.000000),
      ["LeftFoot"] = CFrame.new(0.000000, 0.030018, -0.000002, 0.965471, -0.164305, -0.202164, 0.080278, 0.925905, -0.369131, 0.247827, 0.340148, 0.907090),
      ["LeftHand"] = CFrame.new(0.000498, 0.003632, 0.000000, 0.996468, 0.072037, -0.043152, -0.075589, 0.993311, -0.087292, 0.036575, 0.090246, 0.995243),
      ["LeftLowerArm"] = CFrame.new(-0.000500, 0.098528, 0.072202, 1.000000, -0.000000, -0.000000, 0.000000, 0.274402, -0.961620, 0.000000, 0.961616, 0.274403),
      ["LeftLowerLeg"] = CFrame.new(0.000000, 0.120704, -0.068638, 1.000000, -0.000000, -0.000000, 0.000000, 0.289829, 0.957112, -0.000000, -0.957086, 0.289821),
      ["LeftUpperArm"] = CFrame.new(-0.000060, -0.108493, -0.006369, 0.977919, 0.129465, 0.164054, -0.208986, 0.606055, 0.767477, -0.000064, -0.784816, 0.619728),
      ["LeftUpperLeg"] = CFrame.new(0.000000, 0.000000, -0.000100, 0.975645, 0.218552, -0.018730, -0.143751, 0.572525, -0.807171, -0.165686, 0.790218, 0.590018),
      ["LowerTorso"] = CFrame.new(0.101340, -0.523264, 0.258139, 0.999987, 0.001652, -0.004866, -0.001449, 0.999145, 0.041322, 0.004930, -0.041314, 0.999134),
      ["Right Arm"] = CFrame.new(-0.695228, 0.294972, 0.033049, 0.922984, -0.381952, 0.047123, 0.384372, 0.921000, -0.063393, -0.019187, 0.076623, 0.996876),
      ["Right Arm.001"] = CFrame.new(0.000000, 0.000000, 0.000000, 1.000000, -0.000000, 0.000000, 0.000000, 1.000000, 0.000000, 0.000000, 0.000000, 1.000000),
      ["Right Leg"] = CFrame.new(0.421993, 1.286658, 0.053490, 0.966400, -0.213075, -0.143983, 0.217925, 0.975792, 0.018517, 0.136556, -0.049269, 0.989407),
      ["Right Leg.001"] = CFrame.new(-0.000000, -0.000000, -0.000000, 1.000000, 0.000000, -0.000000, 0.000000, 1.000000, -0.000000, 0.000000, 0.000000, 1.000000),
      ["RightFoot"] = CFrame.new(-0.000000, 0.030454, -0.000102, 0.983259, 0.108612, 0.146305, -0.046476, 0.925866, -0.374986, -0.176181, 0.361901, 0.915380),
      ["RightHand"] = CFrame.new(-0.000497, 0.003907, -0.000000, 0.998947, -0.039386, 0.023536, 0.043804, 0.971301, -0.233787, -0.013653, 0.234571, 0.971998),
      ["RightLowerArm"] = CFrame.new(-0.000000, 0.094370, 0.059253, 1.000000, 0.000000, 0.000000, -0.000000, 0.404097, -0.914720, -0.000000, 0.914717, 0.404099),
      ["RightLowerLeg"] = CFrame.new(0.000000, 0.121239, -0.070766, 1.000000, 0.000000, 0.000000, -0.000000, 0.268731, 0.963249, 0.000000, -0.963222, 0.268723),
      ["RightUpperArm"] = CFrame.new(0.001274, 0.021491, 0.037130, 0.996876, 0.013412, 0.077842, -0.063393, 0.723763, 0.687130, -0.047123, -0.689918, 0.722351),
      ["RightUpperLeg"] = CFrame.new(0.000000, -0.000000, -0.000000, 0.991047, -0.132054, 0.019689, 0.092633, 0.573857, -0.813684, 0.096152, 0.808235, 0.580971),
      ["Torso"] = CFrame.new(-0.100113, -0.074761, -1.079633, 0.999940, -0.010063, 0.004215, 0.010670, 0.821260, -0.570455, 0.002279, 0.570466, 0.821318),
      ["UpperTorso"] = CFrame.new(0.001419, -0.449503, 0.007327, 0.999878, -0.008218, 0.013285, -0.000185, 0.844177, 0.536065, -0.015620, -0.536002, 0.844072)
    }},
    {Time = 1.667, Data = {
      ["Head"] = CFrame.new(0.002212, 0.085764, -0.183898, 0.995341, 0.023359, -0.093549, 0.038017, 0.796545, 0.603383, 0.088610, -0.604128, 0.791946),
      ["Head.001"] = CFrame.new(0.000000, -0.000000, 0.000000, -0.995341, -0.093549, 0.023358, -0.038017, 0.603382, 0.796545, -0.088610, 0.791946, -0.604128),
      ["Left Arm"] = CFrame.new(0.687921, 0.219170, -0.013501, 0.923620, 0.383319, 0.000794, -0.375995, 0.905554, 0.196471, 0.074593, -0.181762, 0.980509),
      ["Left Arm.001"] = CFrame.new(-0.000000, 0.000100, -0.000500, 1.000000, -0.000000, -0.000000, 0.000000, 1.000000, 0.000000, 0.000000, -0.000000, 1.000000),
      ["Left Leg"] = CFrame.new(-0.381877, 1.247229, 0.059716, 0.950184, 0.242972, 0.195383, -0.254835, 0.966256, 0.037602, -0.179659, -0.085516, 0.980006),
      ["Left Leg.001"] = CFrame.new(-0.000000, -0.000200, 0.000000, 1.000000, -0.000000, -0.000000, -0.000000, 1.000000, 0.000000, 0.000000, -0.000000, 1.000000),
      ["LeftFoot"] = CFrame.new(-0.000000, 0.029027, -0.000002, 0.967771, -0.157077, -0.196842, 0.080839, 0.934039, -0.347906, 0.238499, 0.320773, 0.916600),
      ["LeftHand"] = CFrame.new(0.000498, 0.003332, -0.000000, 0.995312, 0.082987, -0.049664, -0.086950, 0.992680, -0.083822, 0.042344, 0.087748, 0.995237),
      ["LeftLowerArm"] = CFrame.new(-0.000500, 0.096651, 0.066876, 1.000000, -0.000000, -0.000000, 0.000000, 0.328104, -0.944646, 0.000000, 0.944642, 0.328106),
      ["LeftLowerLeg"] = CFrame.new(-0.000000, 0.117787, -0.061999, 1.000000, -0.000000, -0.000000, 0.000000, 0.358932, 0.933397, -0.000000, -0.933373, 0.358926),
      ["LeftUpperArm"] = CFrame.new(0.001235, -0.102236, -0.006734, 0.980509, 0.130100, 0.147226, -0.196471, 0.652295, 0.732059, -0.000794, -0.746717, 0.665141),
      ["LeftUpperLeg"] = CFrame.new(0.000000, -0.000000, -0.000100, 0.977600, 0.210396, -0.005654, -0.136668, 0.614115, -0.777276, -0.160065, 0.760651, 0.629132),
      ["LowerTorso"] = CFrame.new(0.096907, -0.478220, 0.258525, 0.999987, 0.001651, -0.004864, -0.001462, 0.999253, 0.038610, 0.004924, -0.038603, 0.999243),
      ["Right Arm"] = CFrame.new(-0.660843, 0.252445, 0.028682, 0.921959, -0.384429, 0.047051, 0.386833, 0.919986, -0.063149, -0.019010, 0.076422, 0.996894),
      ["Right Arm.001"] = CFrame.new(-0.000000, 0.000000, -0.000000, 1.000000, -0.000000, 0.000000, -0.000000, 1.000000, 0.000000, 0.000000, -0.000000, 1.000000),
      ["Right Leg"] = CFrame.new(0.405509, 1.238629, 0.052141, 0.960978, -0.236129, -0.144309, 0.241224, 0.970294, 0.018548, 0.135646, -0.052633, 0.989359),
      ["Right Leg.001"] = CFrame.new(0.000000, 0.000000, 0.000000, 1.000000, -0.000000, 0.000000, -0.000000, 1.000000, -0.000000, 0.000000, 0.000000, 1.000000),
      ["RightFoot"] = CFrame.new(-0.000000, 0.029494, -0.000102, 0.983191, 0.108942, 0.146514, -0.050912, 0.934234, -0.353010, -0.175330, 0.339609, 0.924044),
      ["RightHand"] = CFrame.new(-0.000498, 0.003101, 0.000000, 0.998958, -0.039151, 0.023446, 0.043518, 0.971935, -0.231191, -0.013736, 0.231970, 0.972621),
      ["RightLowerArm"] = CFrame.new(-0.000000, 0.090621, 0.052776, 1.000000, 0.000000, 0.000000, -0.000000, 0.469651, -0.882856, -0.000000, 0.882853, 0.469654),
      ["RightLowerLeg"] = CFrame.new(0.000000, 0.118426, -0.063884, 1.000000, 0.000000, 0.000000, -0.000000, 0.340371, 0.940325, 0.000000, -0.940300, 0.340364),
      ["RightUpperArm"] = CFrame.new(0.001264, 0.021369, 0.037094, 0.996894, 0.019108, 0.076397, -0.063149, 0.773587, 0.630535, -0.047051, -0.633402, 0.772390),
      ["RightUpperLeg"] = CFrame.new(-0.000000, -0.000000, -0.000000, 0.991003, -0.133218, 0.012887, 0.092836, 0.614816, -0.783171, 0.096410, 0.777334, 0.621671),
      ["Torso"] = CFrame.new(-0.095680, -0.073437, -1.033503, 0.999940, -0.010063, 0.004215, 0.010676, 0.822788, -0.568249, 0.002251, 0.568260, 0.822846),
      ["UpperTorso"] = CFrame.new(0.001417, -0.449299, 0.007082, 0.999878, -0.008216, 0.013284, -0.000186, 0.844161, 0.536090, -0.015618, -0.536027, 0.844056)
    }},
    {Time = 2.000, Data = {
      ["Head"] = CFrame.new(0.002212, 0.085765, -0.183898, 0.995320, 0.023202, -0.093809, 0.035807, 0.813099, 0.581024, 0.089757, -0.581663, 0.808462),
      ["Head.001"] = CFrame.new(0.000000, -0.000000, -0.000000, -0.995320, -0.093809, 0.023202, -0.035807, 0.581023, 0.813099, -0.089757, 0.808463, -0.581663),
      ["Left Arm"] = CFrame.new(0.665049, 0.193321, -0.008391, 0.923839, 0.382789, 0.001429, -0.376391, 0.907693, 0.185541, 0.069727, -0.171947, 0.982635),
      ["Left Arm.001"] = CFrame.new(-0.000000, 0.000100, -0.000500, 1.000000, -0.000000, -0.000000, -0.000000, 1.000000, 0.000000, -0.000000, -0.000000, 1.000000),
      ["Left Leg"] = CFrame.new(-0.369630, 1.201415, 0.057287, 0.946045, 0.263902, 0.188186, -0.275023, 0.960799, 0.035113, -0.171548, -0.084971, 0.981505),
      ["Left Leg.001"] = CFrame.new(-0.000000, -0.000200, 0.000000, 1.000000, -0.000000, 0.000000, -0.000000, 1.000000, -0.000000, -0.000000, 0.000000, 1.000000),
      ["LeftFoot"] = CFrame.new(-0.000000, 0.028055, -0.000002, 0.969637, -0.150999, -0.192363, 0.081600, 0.941297, -0.327571, 0.230526, 0.301920, 0.925005),
      ["LeftHand"] = CFrame.new(0.000498, 0.002794, 0.000000, 0.994173, 0.092514, -0.055330, -0.096956, 0.991747, -0.083882, 0.047113, 0.088758, 0.994934),
      ["LeftLowerArm"] = CFrame.new(-0.000500, 0.094399, 0.061903, 1.000000, -0.000000, -0.000000, 0.000000, 0.378373, -0.925658, 0.000000, 0.925654, 0.378374),
      ["LeftLowerLeg"] = CFrame.new(-0.000000, 0.114573, -0.055969, 1.000000, -0.000000, -0.000000, 0.000000, 0.421623, 0.906804, -0.000000, -0.906782, 0.421618),
      ["LeftUpperArm"] = CFrame.new(0.002298, -0.096771, -0.007052, 0.982635, 0.129603, 0.132781, -0.185542, 0.691851, 0.697794, -0.001429, -0.710314, 0.703883),
      ["LeftUpperLeg"] = CFrame.new(0.000000, -0.000000, -0.000100, 0.979174, 0.202945, 0.005505, -0.130715, 0.650940, -0.747772, -0.155341, 0.731495, 0.663930),
      ["LowerTorso"] = CFrame.new(0.092930, -0.437842, 0.258958, 0.999987, 0.001649, -0.004862, -0.001475, 0.999366, 0.035572, 0.004918, -0.035565, 0.999355),
      ["Right Arm"] = CFrame.new(-0.624689, 0.216595, 0.024681, 0.922892, -0.382191, 0.046989, 0.384592, 0.920939, -0.062949, -0.019216, 0.076167, 0.996910),
      ["Right Arm.001"] = CFrame.new(0.000000, 0.000000, 0.000000, 1.000000, 0.000000, 0.000000, -0.000000, 1.000000, -0.000000, -0.000000, 0.000000, 1.000000),
      ["Right Leg"] = CFrame.new(0.388132, 1.193591, 0.050612, 0.955323, -0.257857, -0.144662, 0.263187, 0.964569, 0.018580, 0.134749, -0.055821, 0.989307),
      ["Right Leg.001"] = CFrame.new(0.000000, -0.000000, 0.000000, 1.000000, 0.000000, 0.000000, 0.000000, 1.000000, -0.000000, 0.000000, -0.000000, 1.000000),
      ["RightFoot"] = CFrame.new(0.000000, 0.028554, -0.000102, 0.983118, 0.109299, 0.146740, -0.055138, 0.941668, -0.331997, -0.174462, 0.318293, 0.931765),
      ["RightHand"] = CFrame.new(-0.000499, 0.002253, 0.000000, 0.998967, -0.038958, 0.023374, 0.043347, 0.971376, -0.233560, -0.013605, 0.234331, 0.972057),
      ["RightLowerArm"] = CFrame.new(-0.000000, 0.086459, 0.046693, 1.000000, 0.000000, 0.000000, -0.000000, 0.531144, -0.847286, -0.000000, 0.847282, 0.531147),
      ["RightLowerLeg"] = CFrame.new(0.000000, 0.115300, -0.057637, 1.000000, 0.000000, 0.000000, -0.000000, 0.405304, 0.914215, 0.000000, -0.914193, 0.405298),
      ["RightUpperArm"] = CFrame.new(0.001257, 0.021270, 0.037063, 0.996910, 0.024175, 0.074740, -0.062949, 0.815007, 0.576021, -0.046989, -0.578947, 0.814009),
      ["RightUpperLeg"] = CFrame.new(-0.000000, -0.000000, -0.000000, 0.990955, -0.134034, 0.006549, 0.093055, 0.651154, -0.753201, 0.096691, 0.747012, 0.657756),
      ["Torso"] = CFrame.new(-0.091702, -0.071950, -0.991916, 0.999941, -0.010063, 0.004215, 0.010682, 0.824493, -0.565771, 0.002218, 0.565783, 0.824551),
      ["UpperTorso"] = CFrame.new(0.001415, -0.449077, 0.006806, 0.999878, -0.008214, 0.013283, -0.000188, 0.844143, 0.536118, -0.015616, -0.536055, 0.844039)
    }},
    {Time = 2.333, Data = {
      ["Head"] = CFrame.new(0.002212, 0.085765, -0.183898, 0.995298, 0.023030, -0.094078, 0.033451, 0.829818, 0.557030, 0.090896, -0.557558, 0.825147),
      ["Head.001"] = CFrame.new(0.000000, -0.000000, 0.000000, -0.995298, -0.094078, 0.023030, -0.033451, 0.557030, 0.829818, -0.090896, 0.825147, -0.557558),
      ["Left Arm"] = CFrame.new(0.643959, 0.173254, -0.004866, 0.925046, 0.379860, 0.001943, -0.374207, 0.910366, 0.176651, 0.065334, -0.164137, 0.984272),
      ["Left Arm.001"] = CFrame.new(-0.000000, 0.000100, -0.000500, 1.000000, -0.000000, 0.000000, -0.000000, 1.000000, 0.000000, 0.000000, 0.000000, 1.000000),
      ["Left Leg"] = CFrame.new(-0.357983, 1.162802, 0.055142, 0.942135, 0.281158, 0.182733, -0.291737, 0.955924, 0.033220, -0.165344, -0.084604, 0.982601),
      ["Left Leg.001"] = CFrame.new(0.000000, -0.000200, 0.000000, 1.000000, -0.000000, 0.000000, -0.000000, 1.000000, 0.000000, -0.000000, 0.000000, 1.000000),
      ["LeftFoot"] = CFrame.new(0.000000, 0.027164, -0.000002, 0.971012, -0.146388, -0.188961, 0.082319, 0.946968, -0.310607, 0.224403, 0.286039, 0.931535),
      ["LeftHand"] = CFrame.new(0.000499, 0.002286, -0.000000, 0.993157, 0.100239, -0.059922, -0.105212, 0.990673, -0.086583, 0.050684, 0.092295, 0.994436),
      ["LeftLowerArm"] = CFrame.new(-0.000500, 0.092203, 0.057690, 1.000000, -0.000000, -0.000000, 0.000000, 0.420943, -0.907092, 0.000000, 0.907088, 0.420945),
      ["LeftLowerLeg"] = CFrame.new(-0.000000, 0.111470, -0.051072, 1.000000, -0.000000, -0.000000, 0.000000, 0.472538, 0.881342, -0.000000, -0.881323, 0.472534),
      ["LeftUpperArm"] = CFrame.new(0.003116, -0.092326, -0.007309, 0.984272, 0.128356, 0.121385, -0.176652, 0.722648, 0.668262, -0.001943, -0.679194, 0.733955),
      ["LeftUpperLeg"] = CFrame.new(0.000000, -0.000000, -0.000100, 0.980327, 0.196865, 0.014237, -0.126200, 0.680606, -0.721679, -0.151764, 0.705700, 0.692079),
      ["LowerTorso"] = CFrame.new(0.089714, -0.405230, 0.259433, 0.999987, 0.001648, -0.004860, -0.001490, 0.999479, 0.032231, 0.004911, -0.032224, 0.999469),
      ["Right Arm"] = CFrame.new(-0.591104, 0.189195, 0.021354, 0.925093, -0.376837, 0.046938, 0.379243, 0.923165, -0.062798, -0.019667, 0.075895, 0.996922),
      ["Right Arm.001"] = CFrame.new(-0.000000, 0.000000, -0.000000, 1.000000, -0.000000, 0.000000, -0.000000, 1.000000, 0.000000, 0.000000, 0.000000, 1.000000),
      ["Right Leg"] = CFrame.new(0.372651, 1.155612, 0.049231, 0.950286, -0.275648, -0.145036, 0.281175, 0.959479, 0.018611, 0.134033, -0.058464, 0.989251),
      ["Right Leg.001"] = CFrame.new(0.000000, -0.000000, -0.000000, 1.000000, -0.000000, 0.000000, 0.000000, 1.000000, -0.000000, 0.000000, 0.000000, 1.000000),
      ["RightFoot"] = CFrame.new(0.000000, 0.027623, -0.000102, 0.983040, 0.109678, 0.146980, -0.058670, 0.947419, -0.314575, -0.173748, 0.300607, 0.937753),
      ["RightHand"] = CFrame.new(-0.000499, 0.001699, 0.000000, 0.998974, -0.038812, 0.023320, 0.043270, 0.970007, -0.239193, -0.013337, 0.239957, 0.970687),
      ["RightLowerArm"] = CFrame.new(-0.000000, 0.082570, 0.041540, 1.000000, 0.000000, 0.000000, -0.000000, 0.583080, -0.812420, -0.000000, 0.812415, 0.583083),
      ["RightLowerLeg"] = CFrame.new(0.000000, 0.112205, -0.052588, 1.000000, 0.000000, 0.000000, -0.000000, 0.457828, 0.889073, 0.000000, -0.889053, 0.457823),
      ["RightUpperArm"] = CFrame.new(0.001251, 0.021194, 0.037038, 0.996922, 0.028275, 0.073125, -0.062798, 0.846379, 0.528866, -0.046938, -0.531830, 0.845548),
      ["RightUpperLeg"] = CFrame.new(-0.000000, -0.000000, -0.000000, 0.990904, -0.134563, 0.001201, 0.093283, 0.680415, -0.726846, 0.096990, 0.720362, 0.686797),
      ["Torso"] = CFrame.new(-0.088485, -0.070312, -0.957984, 0.999941, -0.010063, 0.004215, 0.010690, 0.826360, -0.563041, 0.002183, 0.563052, 0.826418),
      ["UpperTorso"] = CFrame.new(0.001412, -0.448838, 0.006502, 0.999878, -0.008211, 0.013282, -0.000190, 0.844124, 0.536147, -0.015614, -0.536085, 0.844020)
    }},
    {Time = 2.667, Data = {
      ["Head"] = CFrame.new(0.002212, 0.085765, -0.183898, 0.995277, 0.022845, -0.094350, 0.030991, 0.846288, 0.531823, 0.091997, -0.532235, 0.841583),
      ["Head.001"] = CFrame.new(0.000000, -0.000000, 0.000000, -0.995277, -0.094350, 0.022845, -0.030991, 0.531823, 0.846288, -0.091996, 0.841583, -0.532235),
      ["Left Arm"] = CFrame.new(0.628164, 0.160491, -0.002861, 0.926599, 0.376053, 0.002314, -0.370935, 0.912931, 0.170194, 0.061890, -0.158560, 0.985408),
      ["Left Arm.001"] = CFrame.new(-0.000000, 0.000100, -0.000500, 1.000000, -0.000000, -0.000000, -0.000000, 1.000000, -0.000000, 0.000000, 0.000000, 1.000000),
      ["Left Leg"] = CFrame.new(-0.349584, 1.135628, 0.053725, 0.939428, 0.292167, 0.179366, -0.302413, 0.952641, 0.032039, -0.161516, -0.084338, 0.983261),
      ["Left Leg.001"] = CFrame.new(0.000000, -0.000200, 0.000000, 1.000000, 0.000000, -0.000000, 0.000000, 1.000000, 0.000000, 0.000000, 0.000000, 1.000000),
      ["LeftFoot"] = CFrame.new(-0.000000, 0.026555, -0.000002, 0.971846, -0.143533, -0.186853, 0.082750, 0.950439, -0.299698, 0.220602, 0.275789, 0.935526),
      ["LeftHand"] = CFrame.new(0.000499, 0.001924, 0.000000, 0.992371, 0.105834, -0.063247, -0.111303, 0.989673, -0.090323, 0.053035, 0.096674, 0.993897),
      ["LeftLowerArm"] = CFrame.new(-0.000500, 0.090503, 0.054715, 1.000000, -0.000000, -0.000000, 0.000000, 0.450966, -0.892546, 0.000000, 0.892542, 0.450967),
      ["LeftLowerLeg"] = CFrame.new(0.000000, 0.109170, -0.047778, 1.000000, -0.000000, -0.000000, 0.000000, 0.506728, 0.862138, -0.000000, -0.862119, 0.506724),
      ["LeftUpperArm"] = CFrame.new(0.003685, -0.089097, -0.007494, 0.985408, 0.126744, 0.113611, -0.170195, 0.742773, 0.647550, -0.002314, -0.657438, 0.753504),
      ["LeftUpperLeg"] = CFrame.new(-0.000000, 0.000000, -0.000100, 0.981022, 0.192853, 0.020109, -0.123405, 0.700970, -0.702414, -0.149559, 0.686618, 0.711482),
      ["LowerTorso"] = CFrame.new(0.087561, -0.383480, 0.259948, 0.999987, 0.001646, -0.004858, -0.001506, 0.999589, 0.028612, 0.004903, -0.028604, 0.999579),
      ["Right Arm"] = CFrame.new(-0.566346, 0.171671, 0.019076, 0.927272, -0.371448, 0.046902, 0.373859, 0.925365, -0.062700, -0.020112, 0.075674, 0.996930),
      ["Right Arm.001"] = CFrame.new(0.000000, 0.000000, 0.000000, 1.000000, -0.000000, -0.000000, 0.000000, 1.000000, -0.000000, 0.000000, 0.000000, 1.000000),
      ["Right Leg"] = CFrame.new(0.361791, 1.128788, 0.048320, 0.946860, -0.286997, -0.145424, 0.292661, 0.956037, 0.018640, 0.133685, -0.060207, 0.989194),
      ["Right Leg.001"] = CFrame.new(-0.000000, -0.000000, -0.000000, 1.000000, -0.000000, -0.000000, -0.000000, 1.000000, 0.000000, 0.000000, -0.000000, 1.000000),
      ["RightFoot"] = CFrame.new(-0.000000, 0.026999, -0.000102, 0.982959, 0.110070, 0.147228, -0.061044, 0.950917, -0.303365, -0.173387, 0.289199, 0.941400),
      ["RightHand"] = CFrame.new(-0.000499, 0.001391, -0.000000, 0.998979, -0.038718, 0.023286, 0.043247, 0.968599, -0.244837, -0.013075, 0.245594, 0.969280),
      ["RightLowerArm"] = CFrame.new(-0.000000, 0.079660, 0.037995, 1.000000, 0.000000, 0.000000, -0.000000, 0.618739, -0.785601, -0.000000, 0.785597, 0.618742),
      ["RightLowerLeg"] = CFrame.new(-0.000000, 0.109909, -0.049192, 1.000000, 0.000000, 0.000000, -0.000000, 0.493088, 0.870012, 0.000000, -0.869993, 0.493084),
      ["RightUpperArm"] = CFrame.new(0.001247, 0.021145, 0.037020, 0.996930, 0.031023, 0.071893, -0.062700, 0.866260, 0.495643, -0.046902, -0.498629, 0.865544),
      ["RightUpperLeg"] = CFrame.new(0.000000, 0.000000, -0.000000, 0.990852, -0.134930, -0.002639, 0.093518, 0.700558, -0.707422, 0.097302, 0.700719, 0.706784),
      ["Torso"] = CFrame.new(-0.086331, -0.068532, -0.934815, 0.999940, -0.010063, 0.004215, 0.010697, 0.828373, -0.560075, 0.002145, 0.560086, 0.828431),
      ["UpperTorso"] = CFrame.new(0.001409, -0.448588, 0.006170, 0.999878, -0.008209, 0.013281, -0.000192, 0.844105, 0.536178, -0.015612, -0.536116, 0.844000)
    }},
    {Time = 3.000, Data = {
      ["Head"] = CFrame.new(0.002212, 0.085765, -0.183898, 0.995256, 0.022649, -0.094619, 0.028473, 0.862142, 0.505866, 0.093032, -0.506161, 0.857407),
      ["Head.001"] = CFrame.new(0.000000, 0.000000, 0.000000, -0.995256, -0.094619, 0.022649, -0.028473, 0.505867, 0.862142, -0.093032, 0.857407, -0.506161),
      ["Left Arm"] = CFrame.new(0.621240, 0.156548, -0.002363, 0.927841, 0.372977, 0.002519, -0.368160, 0.914720, 0.166575, 0.059825, -0.155482, 0.986025),
      ["Left Arm.001"] = CFrame.new(0.000000, 0.000100, -0.000500, 1.000000, 0.000000, 0.000000, 0.000000, 1.000000, 0.000000, 0.000000, 0.000000, 1.000000),
      ["Left Leg"] = CFrame.new(-0.347588, 1.124532, 0.053543, 0.939009, 0.294068, 0.178452, -0.304205, 0.952082, 0.031695, -0.160586, -0.084045, 0.983438),
      ["Left Leg.001"] = CFrame.new(0.000000, -0.000200, 0.000000, 1.000000, 0.000000, 0.000000, 0.000000, 1.000000, -0.000000, 0.000000, -0.000000, 1.000000),
      ["LeftFoot"] = CFrame.new(-0.000000, 0.026267, -0.000002, 0.972075, -0.142741, -0.186269, 0.082582, 0.951040, -0.297832, 0.219655, 0.274123, 0.936238),
      ["LeftHand"] = CFrame.new(0.000499, 0.001822, -0.000000, 0.991912, 0.108962, -0.065103, -0.114772, 0.988989, -0.093418, 0.054207, 0.100135, 0.993491),
      ["LeftLowerArm"] = CFrame.new(-0.000500, 0.089780, 0.053455, 1.000000, -0.000000, -0.000000, 0.000000, 0.463660, -0.886018, 0.000000, 0.886014, 0.463662),
      ["LeftLowerLeg"] = CFrame.new(-0.000000, 0.108247, -0.046604, 1.000000, -0.000000, -0.000000, 0.000000, 0.518937, 0.854844, -0.000000, -0.854826, 0.518934),
      ["LeftUpperArm"] = CFrame.new(0.003994, -0.087288, -0.007597, 0.986026, 0.125096, 0.110021, -0.166576, 0.750311, 0.639754, -0.002519, -0.649141, 0.760663),
      ["LeftUpperLeg"] = CFrame.new(0.000000, -0.000000, -0.000100, 0.981208, 0.191623, 0.022594, -0.122632, 0.709713, -0.693716, -0.148968, 0.677925, 0.719892),
      ["LowerTorso"] = CFrame.new(0.086776, -0.375692, 0.260499, 0.999987, 0.001644, -0.004856, -0.001524, 0.999693, 0.024737, 0.004895, -0.024730, 0.999682),
      ["Right Arm"] = CFrame.new(-0.557039, 0.165424, 0.018239, 0.928071, -0.369449, 0.046882, 0.371863, 0.926172, -0.062661, -0.020271, 0.075587, 0.996933),
      ["Right Arm.001"] = CFrame.new(0.000000, -0.000000, 0.000000, 1.000000, 0.000000, 0.000000, 0.000000, 1.000000, -0.000000, -0.000000, 0.000000, 1.000000),
      ["Right Leg"] = CFrame.new(0.358848, 1.117654, 0.048280, 0.946166, -0.289080, -0.145817, 0.294791, 0.955382, 0.018663, 0.133920, -0.060642, 0.989136),
      ["Right Leg.001"] = CFrame.new(-0.000000, -0.000000, 0.000000, 1.000000, 0.000000, 0.000000, 0.000000, 1.000000, -0.000000, -0.000000, 0.000000, 1.000000),
      ["RightFoot"] = CFrame.new(-0.000000, 0.026771, -0.000102, 0.982877, 0.110466, 0.147479, -0.061729, 0.951521, -0.301327, -0.173610, 0.287054, 0.942016),
      ["RightHand"] = CFrame.new(-0.000499, 0.001277, -0.000000, 0.998981, -0.038681, 0.023272, 0.043237, 0.968071, -0.246918, -0.012978, 0.247673, 0.968752),
      ["RightLowerArm"] = CFrame.new(-0.000000, 0.078547, 0.036719, 1.000000, 0.000000, 0.000000, -0.000000, 0.631579, -0.775316, -0.000000, 0.775312, 0.631582),
      ["RightLowerLeg"] = CFrame.new(0.000000, 0.109032, -0.047963, 1.000000, 0.000000, 0.000000, -0.000000, 0.505839, 0.862660, 0.000000, -0.862641, 0.505835),
      ["RightUpperArm"] = CFrame.new(0.001245, 0.021125, 0.037010, 0.996933, 0.032023, 0.071406, -0.062661, 0.873258, 0.483213, -0.046882, -0.486205, 0.872585),
      ["RightUpperLeg"] = CFrame.new(-0.000000, -0.000000, -0.000000, 0.990798, -0.135275, -0.004395, 0.093750, 0.709334, -0.698591, 0.097620, 0.691767, 0.715505),
