return {
    ["Rowdy Rudolph"] = {
        {Time = 0.000, Data = {
            ["LeftFoot"] = CFrame.new(9.220093488693237e-08, -5.960464477539063e-08, 0, 0.796297550201416, -0.5989804267883301, 0.08445948362350464, 0.5861024856567383, 0.7294458746910095, -0.35269245505332947, 0.14964717626571655, 0.33034998178482056, 0.9319198131561279),
            ["LeftLowerArm"] = CFrame.new(-0.0000012218952178955078, -7.152557373046875e-07, 0.0000031569506973028183, 1, -8.195632972274325e-08, 1.0500660607704049e-07, 8.847567301017989e-08, -0.3088003396987915, -0.9511268734931946, 1.1641536445949896e-07, 0.9511268734931946, -0.3088003993034363),
            ["LowerTorso"] = CFrame.new(0.22731263935565948, -0.3473496437072754, -0.25856438279151917, 0.9792560935020447, -0.08570003509521484, 0.1836109459400177, 0.09729458391666412, 0.9937303066253662, -0.05508160963654518, -0.1777392476797104, 0.07180334627628326, 0.9814544916152954),
            ["Head"] = CFrame.new(7.12461769580841e-08, 0.0000010728836059570312, 2.728775143623352e-07, 0.9913823008537292, 0.04122460260987282, -0.12434534728527069, 0.014584308490157127, 0.9085615277290344, 0.4174965023994446, 0.13018645346164703, -0.4157121181488037, 0.9001305103302002),
            ["RightUpperArm"] = CFrame.new(-5.960464477539063e-08, 1.1920928955078125e-07, -6.556510925292969e-07, 0.3573791980743408, -0.6911885142326355, 0.6281229853630066, 0.8845785856246948, 0.034710321575403214, -0.4650978446006775, 0.29966795444488525, 0.7218404412269592, 0.6238152980804443),
            ["UpperTorso"] = CFrame.new(1.1175870895385742e-08, 6.258487701416016e-07, 5.21540641784668e-08, 0.9830320477485657, 0.016821589320898056, 0.1826612949371338, -0.0018411065684631467, 0.9966410994529724, -0.08187399059534073, -0.1834251582622528, 0.08014852553606033, 0.979761004447937),
            ["HumanoidRootPart"] = CFrame.new(0, 0, 0, 1, 0, 0, 0, 1, 0, 0, 0, 1),
            ["RightHand"] = CFrame.new(-8.642673492431641e-07, 1.7881393432617188e-07, 6.705522537231445e-08, 0.45807749032974243, 0.011191458441317081, -0.8888418674468994, -0.33755069971084595, 0.9272121787071228, -0.16228710114955902, 0.8223287463188171, 0.3743692636489868, 0.4285128116607666),
            ["LeftUpperArm"] = CFrame.new(0, -2.384185791015625e-07, 4.172325134277344e-07, 0.9040716886520386, 0.26573821902275085, -0.3347201943397522, -0.16719691455364227, 0.9406845569610596, 0.2952251732349396, 0.39331862330436707, -0.21094055473804474, 0.8948768973350525),
            ["RightLowerArm"] = CFrame.new(7.748603820800781e-07, 0.0000013113021850585938, -1.7881393432617188e-07, 1, -1.2759119272232056e-07, 9.126969047201783e-08, 1.341106212748855e-07, -0.34188535809516907, -0.9397417306900024, 9.68576756577022e-08, 0.9397416710853577, -0.34188535809516907),
            ["LeftHand"] = CFrame.new(6.984919309616089e-09, -3.5762786865234375e-07, -1.9744038581848145e-07, 0.9099985957145691, 0.269212007522583, 0.3153211176395416, -0.176584854722023, 0.9397517442703247, -0.29271894693374634, -0.37512698769569397, 0.21069292724132538, 0.9027116298675537),
            ["RightUpperLeg"] = CFrame.new(7.748603820800781e-07, -0.0000011324882507324219, 3.261302481405437e-07, 0.9290822148323059, -0.3616682291030884, -0.07747504115104675, 0.3677171766757965, 0.9257599115371704, 0.08804842829704285, 0.039879195392131805, -0.11029317229986191, 0.9930987358093262),
            ["LeftUpperLeg"] = CFrame.new(0, 3.2689422369003296e-07, -1.862645149230957e-08, 0.7746893763542175, 0.543025016784668, -0.3240067958831787, -0.617158830165863, 0.7609012722969055, -0.20036013424396515, 0.13773657381534576, 0.3551804721355438, 0.9245948195457458),
            ["RightLowerLeg"] = CFrame.new(1.4901161193847656e-08, -0.00012248754501342773, -0.00007739121065242216, 1, -1.4901161193847656e-08, 2.2351747119842003e-08, 7.59027898311615e-08, 0.8419958353042603, 0.5394838452339172, -1.862645149230957e-09, -0.5394841432571411, 0.8419960141181946),
            ["RightFoot"] = CFrame.new(3.725290298461914e-08, 1.1920928955078125e-07, 5.4780684877187014e-08, 0.8416500687599182, 0.4538124203681946, -0.2927115559577942, -0.5391866564750671, 0.7363505363464355, -0.408735990524292, 0.03004847839474678, 0.5018389821052551, 0.8644391298294067),
            ["LeftLowerLeg"] = CFrame.new(4.842877388000488e-08, 0.00012218952178955078, 0.00007758289575576782, 1, 1.1362132568137895e-07, 7.450579886381092e-08, -6.519258910486769e-09, 0.5344691872596741, 0.8451880216598511, 2.2351745343485163e-08, -0.8451880216598511, 0.5344690680503845),
        }},
        {Time = 0.033, Data = {
            ["LeftFoot"] = CFrame.new(-1.2293457984924316e-07, -1.7881393432617188e-07, -2.2351741790771484e-08, 0.7936810255050659, -0.5992421507835388, 0.10478585958480835, 0.5915871858596802, 0.7201563119888306, -0.3624895513057709, 0.1417568325996399, 0.349691241979599, 0.9260784387588501),
            ["LeftLowerArm"] = CFrame.new(-0.0000016391277313232422, -5.364418029785156e-07, 0.000003069639205932617, 1, -1.1920921849650767e-07, 1.0430809993522416e-07, 8.940698137394065e-08, -0.32614514231681824, -0.9453197121620178, 1.3411046495548362e-07, 0.9453197717666626, -0.3261451721191406),
            ["LowerTorso"] = CFrame.new(0.22628742456436157, -0.35574567317962646, -0.2551572620868683, 0.9850018620491028, -0.0750841498374939, 0.1553502082824707, 0.08930894732475281, 0.9922230839729309, -0.08670248091220856, -0.14763206243515015, 0.09927624464035034, 0.9840472340583801),
            ["Head"] = CFrame.new(1.3504177331924438e-07, 0.0000013113021850585938, 2.3283064365386963e-07, 0.9975780844688416, -0.04342998191714287, -0.05433119460940361, 0.060442544519901276, 0.9278011918067932, 0.36814630031585693, 0.034419964998960495, -0.37053850293159485, 0.9281790852546692),
            ["RightUpperArm"] = CFrame.new(0, 0, -5.364418029785156e-07, 0.23372164368629456, -0.7282462120056152, 0.6442295908927917, 0.9713177680969238, 0.20470736920833588, -0.12098275125026703, -0.04377336800098419, 0.6540277600288391, 0.7552030086517334),
            ["UpperTorso"] = CFrame.new(6.332993507385254e-08, 4.172325134277344e-07, 1.3969838619232178e-07, 0.998568594455719, -0.004985666833817959, 0.05325431376695633, 0.004889925010502338, 0.9999861717224121, 0.0019283480942249298, -0.05326329544186592, -0.0016651294426992536, 0.9985791444778442),
            ["HumanoidRootPart"] = CFrame.new(0, 0, 0, 1, 0, 0, 0, 1, 0, 0, 0, 1),
            ["RightHand"] = CFrame.new(-8.400529623031616e-07, 3.5762786865234375e-07, 3.8743019104003906e-07, 0.6103711724281311, 0.06231924518942833, -0.7896604537963867, -0.14578695595264435, 0.9887087345123291, -0.03465859964489937, 0.7785841226577759, 0.13627687096595764, 0.6125645637512207),
            ["LeftUpperArm"] = CFrame.new(5.960464477539063e-08, 4.76837158203125e-07, 3.650784492492676e-07, 0.8358903527259827, 0.19892367720603943, -0.5115825533866882, -0.2524036467075348, 0.9669361710548401, -0.03642673045396805, 0.4874214828014374, 0.15957404673099518, 0.8584616184234619),
            ["RightLowerArm"] = CFrame.new(8.344650268554688e-07, 7.152557373046875e-07, -3.5762786865234375e-07, 1, -1.0780058801174164e-07, 9.220103436291538e-08, 7.776552024552075e-08, -0.11538996547460556, -0.9933202862739563, 9.59263246613773e-08, 0.9933202862739563, -0.11538997292518616),
            ["LeftHand"] = CFrame.new(-7.003545761108398e-07, -5.364418029785156e-07, -6.48200511932373e-07, 0.8977801203727722, 0.3066446781158447, 0.3161643445491791, -0.222205251455307, 0.9351221919059753, -0.27599188685417175, -0.38028374314308167, 0.17752669751644135, 0.907672107219696),
            ["RightUpperLeg"] = CFrame.new(5.364418029785156e-07, -0.0000012032687664031982, 3.9318547351285815e-07, 0.917661190032959, -0.3949641287326813, 0.04360225424170494, 0.3962600529193878, 0.9177592992782593, -0.026380671188235283, -0.029596848413348198, 0.041486334055662155, 0.9987006783485413),
            ["LeftUpperLeg"] = CFrame.new(2.9802322387695312e-08, 2.086162567138672e-07, 1.862645149230957e-08, 0.7831836938858032, 0.5418482422828674, -0.30499809980392456, -0.6031903624534607, 0.7811535596847534, -0.16112293303012848, 0.15094606578350067, 0.3101606070995331, 0.938624382019043),
            ["RightLowerLeg"] = CFrame.new(-1.601874828338623e-07, -0.00012218952178955078, -0.00007740238652331755, 1, -1.3411042232291948e-07, -2.980232949312267e-08, 1.6577540407070046e-07, 0.700045645236969, 0.7140978574752808, -2.9802318834981634e-08, -0.7140981554985046, 0.7000458836555481),
            ["RightFoot"] = CFrame.new(1.648440957069397e-07, 2.980232238769531e-07, 5.3849362302571535e-08, 0.8348531723022461, 0.4983050227165222, -0.23390750586986542, -0.5486125946044922, 0.7182764410972595, -0.42790499329566956, -0.045217402279376984, 0.48556286096572876, 0.8730317950248718),
            ["LeftLowerLeg"] = CFrame.new(1.7974525690078735e-07, 0.00012218952178955078, 0.00007763504981994629, 1, 7.450576333667414e-08, 9.872019290924072e-08, -4.377216455964117e-08, 0.5285753607749939, 0.848886251449585, 6.33299421792799e-08, -0.8488864898681641, 0.5285755395889282),
        }},
        {Time = 0.067, Data = {
            ["LeftFoot"] = CFrame.new(-1.2596137821674347e-07, -5.960464477539063e-08, 0, 0.7882707118988037, -0.6043136715888977, 0.11590872704982758, 0.6059412360191345, 0.7295708060264587, -0.31711357831954956, 0.10707245022058487, 0.3202053904533386, 0.9412779808044434),
            ["LeftLowerArm"] = CFrame.new(-9.834766387939453e-07, 9.5367431640625e-07, 0.0000032186508178710938, 1, -5.960460214282648e-08, 1.08033368917404e-07, 7.4505820180093e-08, -0.3471384644508362, -0.9378138780593872, 1.3411047916633834e-07, 0.937813937664032, -0.3471384644508362),
            ["LowerTorso"] = CFrame.new(0.24933721125125885, -0.3462871313095093, -0.19568108022212982, 0.9884823560714722, -0.07020333409309387, 0.13406753540039062, 0.08068139106035233, 0.9939603805541992, -0.07438643276691437, -0.12803560495376587, 0.08434640616178513, 0.9881764054298401),
            ["Head"] = CFrame.new(3.050081431865692e-08, 8.344650268554688e-07, 2.4423934519290924e-07, 0.9956516623497009, -0.07573796063661575, 0.054237063974142075, 0.055162426084280014, 0.9485155344009399, 0.31189024448394775, -0.07506661117076874, -0.30754220485687256, 0.9485688805580139),
            ["RightUpperArm"] = CFrame.new(-5.960464477539063e-08, 3.5762786865234375e-07, -6.109476089477539e-07, 0.09671404212713242, -0.7869746088981628, 0.6093584299087524, 0.9733362793922424, 0.20272308588027954, 0.10733027756214142, -0.2079971879720688, 0.5827301740646362, 0.785597026348114),
            ["UpperTorso"] = CFrame.new(3.166496753692627e-08, -1.1920928955078125e-07, 7.450580596923828e-09, 0.9934197664260864, 0.0032339065801352262, -0.11448496580123901, 0.005425749346613884, 0.997150182723999, 0.07524753361940384, 0.1144019290804863, -0.07537349313497543, 0.990571141242981),
            ["HumanoidRootPart"] = CFrame.new(0, 0, 0, 1, 0, 0, 0, 1, 0, 0, 0, 1),
            ["RightHand"] = CFrame.new(-6.07222318649292e-07, 0, 5.960464477539063e-08, 0.7598602771759033, 0.18741212785243988, -0.6224861741065979, -0.14477688074111938, 0.9822813272476196, 0.11900874972343445, 0.6337602138519287, -0.00030849501490592957, 0.7735294699668884),
            ["LeftUpperArm"] = CFrame.new(-2.384185791015625e-07, 2.384185791015625e-07, 3.6600977182388306e-07, 0.7618762850761414, 0.26681914925575256, -0.5902137756347656, -0.5307341814041138, 0.7795056104660034, -0.3327043950557709, 0.3713029623031616, 0.5667261481285095, 0.7354968190193176),
            ["RightLowerArm"] = CFrame.new(7.152557373046875e-07, 8.344650268554688e-07, -4.76837158203125e-07, 1, -7.729977369308472e-08, 8.847571564274403e-08, 8.661309180979515e-08, -0.031282246112823486, -0.9995105862617493, 8.847573695902611e-08, 0.999510645866394, -0.031282078474760056),
            ["LeftHand"] = CFrame.new(5.960464477539063e-08, -3.5762786865234375e-07, -4.4330954551696777e-07, 0.9649136066436768, 0.1450962871313095, 0.21883518993854523, -0.0835951641201973, 0.959837794303894, -0.2678121030330658, -0.24890480935573578, 0.24012191593647003, 0.9382898807525635),
            ["RightUpperLeg"] = CFrame.new(7.152557373046875e-07, -0.000001428648829460144, 2.5907502276822925e-07, 0.8909798264503479, -0.4341609477996826, 0.13288827240467072, 0.4540168046951294, 0.848768949508667, -0.27103525400161743, 0.004881623666733503, 0.30182069540023804, 0.9533523321151733),
            ["LeftUpperLeg"] = CFrame.new(8.940696716308594e-08, 3.073364496231079e-08, -1.862645149230957e-08, 0.7867616415023804, 0.5364869236946106, -0.30526748299598694, -0.6013899445533752, 0.7776464223861694, -0.18329302966594696, 0.1390557587146759, 0.3277924358844757, 0.9344600439071655),
            ["RightLowerLeg"] = CFrame.new(-6.705522537231445e-08, -0.00012218952178955078, -0.00007746944174868986, 1, -1.266598985694145e-07, -1.0058288779646318e-07, 2.197921844526718e-07, 0.524657666683197, 0.8513128757476807, -8.195640788244418e-08, -0.8513133525848389, 0.5246584415435791),
            ["RightFoot"] = CFrame.new(5.960464477539063e-08, 4.76837158203125e-07, -6.535992724820971e-08, 0.8313691020011902, 0.5539650917053223, -0.04413929954171181, -0.5223476886749268, 0.7518632411956787, -0.40231141448020935, -0.1896800845861435, 0.3575253486633301, 0.9144382476806641),
            ["LeftLowerLeg"] = CFrame.new(2.416782081127167e-07, 0.00012201070785522461, 0.00007765740156173706, 1, 3.1664949773357876e-08, 7.171183113996449e-08, -5.4948024796885875e-08, 0.5527856945991516, 0.8333233594894409, -9.313224635931761e-10, -0.8333234786987305, 0.5527859330177307),
        }},
        {Time = 0.100, Data = {
            ["LeftFoot"] = CFrame.new(2.1420419216156006e-08, 5.960464477539063e-08, 1.4901161193847656e-08, 0.7789462804794312, -0.623177707195282, 0.06994848698377609, 0.6235114336013794, 0.7577656507492065, -0.19241687655448914, 0.06690549850463867, 0.1934964507818222, 0.9788171648979187),
            ["LeftLowerArm"] = CFrame.new(-5.364418029785156e-07, -1.1920928955078125e-07, 0.000002473592758178711, 1, -6.33298924412884e-08, 1.1455263404513971e-07, 8.940698137394065e-08, -0.2813330590724945, -0.9596102237701416, 1.8626454334480513e-07, 0.9596102237701416, -0.2813330888748169),
            ["LowerTorso"] = CFrame.new(0.3187497854232788, -0.318048357963562, -0.08880582451820374, 0.9808616042137146, -0.09396156668663025, 0.17053452134132385, 0.09626013785600662, 0.995342493057251, -0.005241758190095425, -0.16924768686294556, 0.02155710570514202, 0.9853378534317017),
            ["Head"] = CFrame.new(2.468004822731018e-08, 0.0000015497207641601562, 2.0326115190982819e-07, 0.9979601502418518, -0.0626145750284195, 0.012455595657229424, 0.05787937343120575, 0.9697017073631287, 0.23733645677566528, -0.02693893201649189, -0.2361314296722412, 0.9713476896286011),
            ["RightUpperArm"] = CFrame.new(1.1920928955078125e-07, 8.344650268554688e-07, -5.494803190231323e-07, 0.11670667678117752, -0.8649037480354309, 0.488181471824646, 0.9222242832183838, 0.2768138647079468, 0.2699563503265381, -0.36862167716026306, 0.418707013130188, 0.8299413323402405),
            ["UpperTorso"] = CFrame.new(1.3783574104309082e-07, 1.1920928955078125e-07, 8.195638656616211e-08, 0.9822801947593689, 0.061873991042375565, -0.176910400390625, -0.0407378263771534, 0.9918522834777832, 0.12070474773645401, 0.18293733894824982, -0.11135893315076828, 0.9767974019050598),
            ["HumanoidRootPart"] = CFrame.new(0, 0, 0, 1, 0, 0, 0, 1, 0, 0, 0, 1),
            ["RightHand"] = CFrame.new(-5.587935447692871e-07, 5.364418029785156e-07, 4.76837158203125e-07, 0.7353988885879517, 0.2662861943244934, -0.6231213212013245, -0.26839733123779297, 0.9588103294372559, 0.09298167377710342, 0.6222149729728699, 0.09886545687913895, 0.7765785455703735),
            ["LeftUpperArm"] = CFrame.new(-2.384185791015625e-07, 7.152557373046875e-07, 3.417953848838806e-07, 0.729667067527771, 0.22910475730895996, -0.6442801356315613, -0.6758822798728943, 0.38462963700294495, -0.6286839842796326, 0.10377483814954758, 0.8941873908042908, 0.435499370098114),
            ["RightLowerArm"] = CFrame.new(4.172325134277344e-07, 0.0000010132789611816406, -5.364418029785156e-07, 1, -1.341104507446289e-07, 9.68576259197107e-08, 1.192094174484737e-07, -0.03252961486577988, -0.9994707703590393, 8.568176923517967e-08, 0.9994708299636841, -0.03252963349223137),
            ["LeftHand"] = CFrame.new(-3.427267074584961e-07, -2.384185791015625e-07, -8.083879947662354e-07, 0.9939391613006592, -0.002786270109936595, 0.10989654809236526, 0.03523452579975128, 0.9550142288208008, -0.2944597005844116, -0.10413236171007156, 0.29654714465141296, 0.9493241906166077),
            ["RightUpperLeg"] = CFrame.new(5.960464477539062e-07, -0.0000017262063920497894, 3.121604095213115e-07, 0.8903880715370178, -0.43331649899482727, 0.13944871723651886, 0.4407864212989807, 0.7442514300346375, -0.5017937421798706, 0.11365051567554474, 0.5082585215568542, 0.8536727428436279),
            ["LeftUpperLeg"] = CFrame.new(1.4901161193847656e-07, -2.417109499219805e-07, 1.280568540096283e-08, 0.756053626537323, 0.5533765554428101, -0.34951019287109375, -0.6479501128196716, 0.7082370519638062, -0.28028759360313416, 0.09243152290582657, 0.43837741017341614, 0.8940255045890808),
            ["RightLowerLeg"] = CFrame.new(-5.21540641784668e-08, -0.00012236833572387695, -0.00007738003478152677, 1, -1.2852250108608132e-07, -1.043081780949251e-07, 8.940698847936801e-08, 0.4420027732849121, 0.8970134258270264, -5.0291429687376876e-08, -0.8970137238502502, 0.442003458738327),
            ["RightFoot"] = CFrame.new(1.1781230568885803e-07, 4.172325134277344e-07, 6.129994289949536e-08, 0.8308801651000977, 0.5526964068412781, 0.06453645974397659, -0.5097447633743286, 0.802513837814331, -0.3100511431694031, -0.22315558791160583, 0.22471848130226135, 0.9485269784927368),
            ["LeftLowerLeg"] = CFrame.new(1.4156103134155273e-07, 0.0001221299171447754, 0.00007763504981994629, 1, 4.470347647611561e-08, -3.72529100900465e-08, 4.284084909045305e-08, 0.6272429823875427, 0.7788236737251282, 2.6077039194660756e-08, -0.7788236737251282, 0.6272430419921875),
        }},
        {Time = 0.133, Data = {
            ["LeftFoot"] = CFrame.new(-1.30385160446167e-08, -5.960464477539063e-08, -6.705522537231445e-08, 0.78363037109375, -0.6211005449295044, 0.012585969641804695, 0.620830237865448, 0.7822437882423401, -0.05161067098379135, 0.022210299968719482, 0.048257678747177124, 0.9985880255699158),
            ["LeftLowerArm"] = CFrame.new(-8.046627044677734e-07, -7.152557373046875e-07, 0.0000031888484954833984, 1, -1.0104841408065113e-07, 9.965147995671941e-08, 1.0803346839338701e-07, -0.21413856744766235, -0.9768033027648926, 1.592562313135204e-07, 0.9768032431602478, -0.21413856744766235),
            ["LowerTorso"] = CFrame.new(0.3693718910217285, -0.2972637414932251, 0.006988801062107086, 0.9713996648788452, -0.08996600657701492, 0.21974731981754303, 0.07582312822341919, 0.9945195913314819, 0.07198455184698105, -0.22501912713050842, -0.05326381325721741, 0.972897469997406),
            ["Head"] = CFrame.new(1.1688098311424255e-07, 8.344650268554688e-07, 2.2444874048233032e-07, 0.9966720938682556, -0.06973651051521301, -0.042208898812532425, 0.07618466019630432, 0.9810703992843628, 0.17803607881069183, 0.028994297608733177, -0.18065930902957916, 0.9831182956695557),
            ["RightUpperArm"] = CFrame.new(1.1920928955078125e-07, 7.152557373046875e-07, -5.066394805908203e-07, 0.21314895153045654, -0.9026967883110046, 0.37377285957336426, 0.8226467370986938, 0.3722051978111267, 0.4297855794429779, -0.5270861387252808, 0.21587467193603516, 0.821935772895813),
            ["UpperTorso"] = CFrame.new(8.405186235904694e-08, 1.4901161193847656e-07, 7.82310962677002e-08, 0.9688178896903992, 0.1037585437297821, -0.22500285506248474, -0.07634928822517395, 0.988922655582428, 0.12728993594646454, 0.23571765422821045, -0.10614196956157684, 0.9660077691078186),
            ["HumanoidRootPart"] = CFrame.new(0, 0, 0, 1, 0, 0, 0, 1, 0, 0, 0, 1),
            ["RightHand"] = CFrame.new(-4.76837158203125e-07, 0, -2.9802322387695312e-08, 0.7689759731292725, 0.3203958570957184, -0.5531929135322571, -0.32013192772865295, 0.9420179128646851, 0.10058845579624176, 0.5533458590507507, 0.09974457323551178, 0.8269580006599426),
            ["LeftUpperArm"] = CFrame.new(-2.384185791015625e-07, 1.1920928955078125e-07, 3.8370490074157715e-07, 0.7662263512611389, 0.16124887764453888, -0.6220095753669739, -0.6380037665367126, 0.07570601999759674, -0.766302764415741, -0.07647556811571121, 0.984005868434906, 0.1608852744102478),
            ["RightLowerArm"] = CFrame.new(0.0000010728836059570312, 0.0000013113021850585938, -4.172325134277344e-07, 1, -6.705523247774181e-08, 7.450588412893921e-08, 1.0430825625462603e-07, -0.03878017142415047, -0.9992477893829346, 1.4156120187180932e-07, 0.9992478489875793, -0.038780201226472855),
            ["LeftHand"] = CFrame.new(1.0058283805847168e-07, 0, -6.724148988723755e-07, 0.9960870146751404, -0.044051799923181534, 0.07661661505699158, 0.06825128942728043, 0.9341819286346436, -0.3502083718776703, -0.056146569550037384, 0.35406723618507385, 0.9335330724716187),
            ["RightUpperLeg"] = CFrame.new(5.364418029785156e-07, -0.000001261010766029358, 3.037785063497722e-07, 0.8698756694793701, -0.459862619638443, 0.17844481766223907, 0.465631365776062, 0.6461244225502014, -0.6047402620315552, 0.16280004382133484, 0.6091384291648865, 0.7761743664741516),
            ["LeftUpperLeg"] = CFrame.new(0, 5.541369318962097e-08, 1.862645149230957e-09, 0.7628455758094788, 0.5360057353973389, -0.36161425709724426, -0.6457992196083069, 0.6591132283210754, -0.38537392020225525, 0.03178214281797409, 0.5275107622146606, 0.8489536046981812),
            ["RightLowerLeg"] = CFrame.new(4.470348358154297e-08, -0.0001226663589477539, -0.0000772310231695883, 1, -1.8626444386882213e-07, -4.0978196835794733e-08, 1.1175868230850483e-08, 0.45965898036956787, 0.8880951404571533, -5.5879340266073996e-08, -0.888095498085022, 0.45965975522994995),
            ["RightFoot"] = CFrame.new(1.862645149230957e-07, 3.5762786865234375e-07, -4.300818545743823e-08, 0.8387085795402527, 0.5438504815101624, 0.02818738855421543, -0.5269456505775452, 0.8235267400741577, -0.21007588505744934, -0.13746343553066254, 0.16133947670459747, 0.9772786498069763),
            ["LeftLowerLeg"] = CFrame.new(2.8870999813079834e-07, 0.00012230873107910156, 0.00007762759923934937, 1, -3.7252888773764425e-08, -4.470347647611561e-08, -1.1175873559921001e-08, 0.7268562316894531, 0.6867896318435669, 7.450582373280668e-09, -0.6867896914482117, 0.7268562912940979),
        }},
        {Time = 0.167, Data = {
            ["LeftFoot"] = CFrame.new(-5.029141902923584e-08, 0, -2.9802322387695312e-08, 0.8130098581314087, -0.5804006457328796, 0.046376146376132965, 0.5822120904922485, 0.8112823963165283, -0.053379401564598083, -0.006642683409154415, 0.0703987404704094, 0.9974968433380127),
            ["LeftLowerArm"] = CFrame.new(-0.0000011026859283447266, -3.5762786865234375e-07, 0.0000028908252716064453, 1, -8.381898197740156e-08, 1.0523941540441228e-07, 5.96046660916727e-08, -0.29416558146476746, -0.9557545185089111, 1.7881399116959074e-07, 0.9557544589042664, -0.29416555166244507),
            ["LowerTorso"] = CFrame.new(0.3771075904369354, -0.29393112659454346, -0.0048073395155370235, 0.9806031584739685, -0.04466215893626213, 0.19084784388542175, 0.02795363776385784, 0.9956068396568298, 0.08936198055744171, -0.1940004825592041, -0.08229372650384903, 0.9775436520576477),
            ["Head"] = CFrame.new(8.521601557731628e-08, 7.152557373046875e-07, 2.514570951461792e-07, 0.99183589220047, -0.0991818979382515, -0.08015424013137817, 0.11623099446296692, 0.9616939425468445, 0.24826423823833466, 0.05246051773428917, -0.25555384159088135, 0.9653704762458801),
            ["RightUpperArm"] = CFrame.new(2.384185791015625e-07, 2.384185791015625e-07, -5.569308996200562e-07, 0.3310418128967285, -0.8860684037208557, 0.3244907557964325, 0.6619700193405151, 0.4631351828575134, 0.5893229842185974, -0.6724634766578674, 0.019712623208761215, 0.7398677468299866),
            ["UpperTorso"] = CFrame.new(1.0244548320770264e-08, 2.980232238769531e-07, 4.470348358154297e-08, 0.9744078516960144, 0.1026395633816719, -0.19998666644096375, -0.0881577581167221, 0.9928853511810303, 0.08004387468099594, 0.2067793905735016, -0.06036503240466118, 0.9765235781669617),
            ["HumanoidRootPart"] = CFrame.new(0, 0, 0, 1, 0, 0, 0, 1, 0, 0, 0, 1),
            ["RightHand"] = CFrame.new(1.1920928955078125e-07, 4.172325134277344e-07, 3.5762786865234375e-07, 0.8404422998428345, 0.34747055172920227, -0.4158378541469574, -0.3197038471698761, 0.937525749206543, 0.13724084198474884, 0.4375457763671875, 0.017601938918232918, 0.8990238308906555),
            ["LeftUpperArm"] = CFrame.new(-1.1920928955078125e-07, 1.1920928955078125e-07, 3.4691765904426575e-07, 0.7853711247444153, 0.18136627972126007, -0.591860294342041, -0.6188147664070129, 0.20509867370128632, -0.7582894563674927, -0.01613832451403141, 0.9617905020713806, 0.2733106315135956),
            ["RightLowerArm"] = CFrame.new(0.0000010728836059570312, 0.0000013709068298339844, -9.5367431640625e-07, 1, -1.043081283569336e-07, 9.313234272667614e-08, 1.3783585472992854e-07, -0.019468333572149277, -0.999810516834259, 1.0430821362206188e-07, 0.999810516834259, -0.019468318670988083),
            ["LeftHand"] = CFrame.new(0, 1.7881393432617188e-07, -5.075708031654358e-07, 0.9946973323822021, -0.09040430933237076, 0.04903353378176689, 0.1008739322423935, 0.9505131840705872, -0.2938523590564728, -0.02004151977598667, 0.29724031686782837, 0.9545924067497253),
            ["RightUpperLeg"] = CFrame.new(4.76837158203125e-07, -0.0000013513490557670593, 2.665256033651531e-07, 0.8301001787185669, -0.46674659848213196, 0.305091917514801, 0.5560429096221924, 0.6518223881721497, -0.5156979560852051, 0.04183439537882805, 0.597724974155426, 0.8006089329719543),
            ["LeftUpperLeg"] = CFrame.new(5.960464477539063e-08, 2.784654498100281e-07, 2.60770320892334e-08, 0.7801222801208496, 0.49453818798065186, -0.3831985592842102, -0.6249513030052185, 0.6444566249847412, -0.44058114290237427, 0.029070645570755005, 0.5831875801086426, 0.8118171691894531),
            ["RightLowerLeg"] = CFrame.new(7.450580596923828e-08, -0.00012236833572387695, -0.00007740983710391447, 1, -8.568165554834195e-08, 2.235175244891252e-08, 1.4901161193847656e-07, 0.5887876749038696, 0.8082874417304993, 0, -0.8082877993583679, 0.5887880921363831),
            ["RightFoot"] = CFrame.new(9.685754776000977e-08, 2.980232238769531e-07, -2.0656443666666746e-08, 0.833704948425293, 0.5484631657600403, 0.06422653049230576, -0.5486535429954529, 0.835892379283905, -0.01620307005941868, -0.06257341057062149, -0.021729473024606705, 0.997803807258606),
            ["LeftLowerLeg"] = CFrame.new(2.2910535335540771e-07, 0.00012236833572387695, 0.00007746368646621704, 1, 1.1734658755813143e-07, 5.960465188081798e-08, -4.8428766774577525e-08, 0.6424407958984375, 0.7663354277610779, 5.215405707303944e-08, -0.7663353681564331, 0.6424407362937927),
        }},
        {Time = 0.200, Data = {
            ["LeftFoot"] = CFrame.new(8.800998330116272e-08, 5.960464477539063e-08, 1.1175870895385742e-08, 0.860876202583313, -0.5057898163795471, 0.05540163069963455, 0.508641242980957, 0.8583071827888489, -0.06776642054319382, -0.013276020996272564, 0.08651800453662872, 0.9961618185043335),
            ["LeftLowerArm"] = CFrame.new(-0.0000015497207641601562, -7.152557373046875e-07, 0.000003159046173095703, 1, -1.0430806440808738e-07, 1.2665984172599565e-07, 1.4901166522918174e-08, -0.35682639479637146, -0.9341707229614258, 1.937151665742931e-07, 0.9341707825660706, -0.35682639479637146),
            ["LowerTorso"] = CFrame.new(0.38693767786026, -0.29951632022857666, -0.08529871702194214, 0.9862607717514038, 0.010908913798630238, 0.16483542323112488, -0.024469763040542603, 0.9964570999145508, 0.08046388626098633, -0.1633736491203308, -0.08339183032512665, 0.9830334782600403),
            ["Head"] = CFrame.new(-2.3952452465891838e-08, 0.0000013113021850585938, 1.9348226487636566e-07, 0.9919028282165527, -0.10976046323776245, -0.06388726085424423, 0.125042125582695, 0.9320308566093445, 0.3401217460632324, 0.022212982177734375, -0.3453564941883087, 0.938208818435669),
            ["RightUpperArm"] = CFrame.new(-1.7881393432617188e-07, 9.5367431640625e-07, -6.174668669700623e-07, 0.5251529216766357, -0.7780388593673706, 0.3447752594947815, 0.4439931809902191, 0.5961215496063232, 0.6689611673355103, -0.7260058522224426, -0.19822919368743896, 0.6584989428520203),
            ["UpperTorso"] = CFrame.new(1.862645149230957e-08, 3.2782554626464844e-07, 6.705522537231445e-08, 0.9840483069419861, 0.0805233046412468, -0.15863485634326935, -0.08155013620853424, 0.996669352054596, 0.00003674911567941308, 0.1581094115972519, 0.012900512665510178, 0.9873373508453369),
            ["HumanoidRootPart"] = CFrame.new(0, 0, 0, 1, 0, 0, 0, 1, 0, 0, 0, 1),
            ["RightHand"] = CFrame.new(-4.172325134277344e-07, 4.172325134277344e-07, 5.960464477539063e-08, 0.9045318961143494, 0.30895161628723145, -0.2938896715641022, -0.28777197003364563, 0.950898289680481, 0.11392935365438461, 0.3146577775478363, -0.01847958192229271, 0.9490253329277039),
            ["LeftUpperArm"] = CFrame.new(-2.384185791015625e-07, 5.960464477539062e-07, 2.6565976440906525e-07, 0.8044463992118835, 0.24477075040340424, -0.5412515997886658, -0.5580829977989197, 0.6235517859458923, -0.5474728345870972, 0.20349322259426117, 0.7424759268760681, 0.6382164359092712),
            ["RightLowerArm"] = CFrame.new(0.0000010728836059570312, 2.980232238769531e-07, -8.940696716308594e-08, 1, -5.96046660916727e-08, 8.940706663906894e-08, 1.0430825625462603e-07, 0.06236625462770462, -0.9980533719062805, 1.4901178246873314e-07, 0.9980533719062805, 0.06236618012189865),
            ["LeftHand"] = CFrame.new(-9.238719940185547e-07, -1.7881393432617188e-07, -7.636845111846924e-07, 0.9778664112091064, -0.16410063207149506, -0.1298007369041443, 0.12505996227264404, 0.9557744860649109, -0.26618650555610657, 0.1677415668964386, 0.24406199157238007, 0.9551422595977783),
            ["RightUpperLeg"] = CFrame.new(5.960464477539062e-07, -0.0000010514631867408752, 3.4103140933439136e-07, 0.8038597702980042, -0.4721978008747101, 0.3617163896560669, 0.5775429010391235, 0.7651070356369019, -0.2847028970718384, -0.14231573045253754, 0.43776774406433105, 0.8877531290054321),
            ["LeftUpperLeg"] = CFrame.new(0, 2.4581095203757286e-07, 5.587935447692871e-09, 0.7919741868972778, 0.4642549157142639, -0.3965403437614441, -0.609175443649292, 0.6444731950759888, -0.4621252119541168, 0.04101571813225746, 0.6075538992881775, 0.7932187914848328),
            ["RightLowerLeg"] = CFrame.new(2.086162567138672e-07, -0.00012254714965820312, -0.0000774172876845114, 1, -1.1175870895385742e-07, 0, 8.940695295223122e-08, 0.6840829253196716, 0.7294036149978638, -4.470347647611561e-08, -0.7294042110443115, 0.6840836405754089),
            ["RightFoot"] = CFrame.new(-2.682209014892578e-07, 3.5762786865234375e-07, -3.55576048605144e-08, 0.7864588499069214, 0.594475269317627, -0.167575865983963, -0.6163650751113892, 0.7728357911109924, -0.1510598212480545, 0.03970714285969734, 0.22209028899669647, 0.9742172360420227),
            ["LeftLowerLeg"] = CFrame.new(2.1886080503463745e-07, 0.0001221299171447754, 0.00007770955562591553, 1, 7.078050145992165e-08, 3.72529100900465e-08, -5.0291429687376876e-08, 0.5381462574005127, 0.8428515791893005, 2.6077039194660756e-08, -0.8428515791893005, 0.5381461381912231),
        }},
        {Time = 0.233, Data = {
            ["LeftFoot"] = CFrame.new(3.835884854197502e-08, -5.960464477539063e-08, 3.91155481338501e-08, 0.9026740193367004, -0.42919909954071045, -0.031119726598262787, 0.427836149930954, 0.9028695821762085, -0.042215634137392044, 0.04621610417962074, 0.024793047457933426, 0.9986238479614258),
            ["LeftLowerArm"] = CFrame.new(-0.000002115964889526367, 1.1920928955078125e-07, 0.00000311434268951416, 1, -8.940690321423972e-08, 1.043080928297968e-07, 7.4505820180093e-08, -0.263492226600647, -0.9646615982055664, 1.750886866602741e-07, 0.9646615386009216, -0.2634921967983246),
            ["LowerTorso"] = CFrame.new(0.38620683550834656, -0.3359922170639038, -0.1900375932455063, 0.9836068749427795, 0.07900881767272949, 0.16209600865840912, -0.08525141328573227, 0.9958482384681702, 0.03191369026899338, -0.15890152752399445, -0.04520942270755768, 0.9862588047981262),
            ["Head"] = CFrame.new(2.123415470123291e-07, 0.0000010728836059570312, 1.9371509552001953e-07, 0.9918245673179626, -0.12760670483112335, 0.0007545523112639785, 0.11947983503341675, 0.9307027459144592, 0.34571242332458496, -0.0448174774646759, -0.3427959382534027, 0.9383403062820435),
            ["RightUpperArm"] = CFrame.new(1.1920928955078125e-07, 8.344650268554688e-07, -6.444752216339111e-07, 0.7140259742736816, -0.5945567488670349, 0.36968809366226196, 0.24144676327705383, 0.7047567963600159, 0.6670992374420166, -0.6571685075759888, -0.38706621527671814, 0.6467684507369995),
            ["UpperTorso"] = CFrame.new(-1.4901161193847656e-08, 5.066394805908203e-07, 7.450580596923828e-08, 0.9901686906814575, 0.039642199873924255, -0.13414369523525238, -0.04448901489377022, 0.9984537959098816, -0.03332804888486862, 0.13261497020721436, 0.038968272507190704, 0.9904013276100159),
            ["HumanoidRootPart"] = CFrame.new(0, 0, 0, 1, 0, 0, 0, 1, 0, 0, 0, 1),
            ["RightHand"] = CFrame.new(-5.364418029785156e-07, 5.960464477539063e-08, 1.7881393432617188e-07, 0.9461013078689575, 0.15576890110969543, -0.2839512825012207, -0.17247675359249115, 0.9844037294387817, -0.034657303243875504, 0.2741242051124573, 0.08176426589488983, 0.9582122564315796),
            ["LeftUpperArm"] = CFrame.new(-2.384185791015625e-07, 2.384185791015625e-07, 3.334134817123413e-07, 0.8501024842262268, 0.28179866075515747, -0.44487670063972473, -0.37766072154045105, 0.9149776101112366, -0.1420862376689911, 0.36701247096061707, 0.2888003885746002, 0.8842489719390869),
            ["RightLowerArm"] = CFrame.new(9.5367431640625e-07, 3.5762786865234375e-07, -2.2351741790771484e-07, 1, -4.470348358154297e-08, 5.96047158296642e-08, 1.192094174484737e-07, 0.21085067093372345, -0.9775183200836182, 1.490117718105921e-08, 0.9775183200836182, 0.21085067093372345),
            ["LeftHand"] = CFrame.new(-7.152557373046875e-07, -3.5762786865234375e-07, -7.897615432739258e-07, 0.89453125, -0.07094185054302216, -0.4413401484489441, 0.05632594972848892, 0.9973453283309937, -0.046150896698236465, 0.44344234466552734, 0.016424480825662613, 0.8961524367332458),
            ["RightUpperLeg"] = CFrame.new(6.556510925292969e-07, -0.000001218169927597046, 3.224049578420818e-07, 0.7924778461456299, -0.5138816833496094, 0.32848820090293884, 0.5830087661743164, 0.7964410781860352, -0.1605689972639084, -0.17910832166671753, 0.3187592029571533, 0.9307594299316406),
            ["LeftUpperLeg"] = CFrame.new(-5.960464477539063e-08, 1.4528632164001465e-07, 5.587935447692871e-09, 0.8191363215446472, 0.4556596279144287, -0.3484109044075012, -0.5704203248023987, 0.7109628319740295, -0.41128188371658325, 0.06030257046222687, 0.5356363654136658, 0.8422927856445312),
            ["RightLowerLeg"] = CFrame.new(-2.9802322387695312e-08, -0.00012248754501342773, -0.00007730552897555754, 1, -1.3411042232291948e-07, -2.421439049271612e-08, 1.1175869474300271e-07, 0.6198770999908447, 0.7846985459327698, 0, -0.784699022769928, 0.6198775768280029),
            ["RightFoot"] = CFrame.new(-1.825392246246338e-07, 4.172325134277344e-07, 1.1008523870259523e-08, 0.8112473487854004, 0.4751181900501251, -0.34079447388648987, -0.5793085098266602, 0.7321126461029053, -0.35834673047065735, 0.07924284785985947, 0.48813295364379883, 0.8691644668579102),
            ["LeftLowerLeg"] = CFrame.new(2.4400651454925537e-07, 0.00012201070785522461, 0.00007766485214233398, 1, 5.774196409902288e-08, 1.4901157641133977e-08, -1.3783575525394554e-07, 0.5575069189071655, 0.8301722407341003, 5.960465188081798e-08, -0.8301723599433899, 0.5575070381164551),
        }},
        {Time = 0.267, Data = {
            ["LeftFoot"] = CFrame.new(1.19674950838089e-07, -5.960464477539063e-08, -2.60770320892334e-08, 0.9441722631454468, -0.3282221555709839, 0.028449105098843575, 0.3290488123893738, 0.9352211952209473, -0.13072040677070618, 0.016299128532409668, 0.1327836811542511, 0.9910110831260681),
            ["LeftLowerArm"] = CFrame.new(-0.0000019073486328125, 4.172325134277344e-07, 0.0000030547380447387695, 1, -7.450576333667414e-08, 7.450579175838357e-08, 1.3038518886787642e-07, 0.06717169284820557, -0.9977414608001709, 9.313227877782992e-08, 0.9977414608001709, 0.06717170774936676),
            ["LowerTorso"] = CFrame.new(0.3899388909339905, -0.36788833141326904, -0.3319173753261566, 0.9915481209754944, 0.10857376456260681, 0.07102160900831223, -0.10495903342962265, 0.9930739402770996, -0.052799053490161896, -0.07626228779554367, 0.044898420572280884, 0.9960764646530151),
            ["Head"] = CFrame.new(6.426125764846802e-08, 0.0000013113021850585938, 1.8812716007232666e-07, 0.965259313583374, -0.1652984917163849, 0.20236340165138245, 0.08408638834953308, 0.9297765493392944, 0.35839226841926575, -0.24739442765712738, -0.3289255201816559, 0.9113748073577881),
            ["RightUpperArm"] = CFrame.new(-2.980232238769531e-07, 4.76837158203125e-07, -6.388872861862183e-07, 0.8498701453208923, -0.4064321517944336, 0.3354603052139282, 0.13461676239967346, 0.782867431640625, 0.6074512600898743, -0.5095085501670837, -0.4710961580276489, 0.7200482487678528),
            ["UpperTorso"] = CFrame.new(5.587935447692871e-08, 5.066394805908203e-07, 3.166496753692627e-08, 0.9972920417785645, 0.04931234195828438, -0.05456160381436348, -0.049641117453575134, 0.9987561702728271, -0.004685662221163511, 0.05426265671849251, 0.007381501607596874, 0.9984993934631348),
            ["HumanoidRootPart"] = CFrame.new(0, 0, 0, 1, 0, 0, 0, 1, 0, 0, 0, 1),
            ["RightHand"] = CFrame.new(-3.8370490074157715e-07, 4.76837158203125e-07, 1.7881393432617188e-07, 0.9609565138816833, -0.13266851007938385, -0.2428201138973236, 0.08627159148454666, 0.9774701595306396, -0.19263777136802673, 0.26290643215179443, 0.16416801512241364, 0.9507519006729126),
            ["LeftUpperArm"] = CFrame.new(-1.1920928955078125e-07, 7.152557373046875e-07, 3.3993273973464966e-07, 0.9481151700019836, 0.18397100269794464, -0.2592920958995819, -0.14018666744232178, 0.9739190936088562, 0.17840798199176788, 0.285351425409317, -0.13280203938484192, 0.9491777420043945),
            ["RightLowerArm"] = CFrame.new(4.172325134277344e-07, 8.940696716308594e-07, -4.3213367462158203e-07, 1, -8.009374141693115e-08, 3.6321598173572056e-08, 1.0989618459689154e-07, 0.4437571167945862, -0.8961471319198608, 9.12697117882999e-08, 0.8961471915245056, 0.4437570869922638),
            ["LeftHand"] = CFrame.new(-7.450580596923828e-07, -1.1920928955078125e-07, -4.3213367462158203e-07, 0.6351660490036011, 0.08948925137519836, -0.7671739459037781, 0.09893765300512314, 0.9756559729576111, 0.19572173058986664, 0.7660127282142639, -0.20021823048591614, 0.6108496785163879),
            ["RightUpperLeg"] = CFrame.new(6.556510925292969e-07, -0.0000011045485734939575, 2.2554741008207202e-07, 0.7691181898117065, -0.509518563747406, 0.38580772280693054, 0.5688008069992065, 0.8209725022315979, -0.04969896376132965, -0.29141518473625183, 0.2576722204685211, 0.9212396144866943),
