return {
    ["Roy Purdy"] = {
        {Time = 0.000, Data = {
            ["RightFoot"] = CFrame.new(-4.377216100692749e-08, 2.384185791015625e-07, -1.3205863069742918e-08, 0.9830390214920044, -0.03253226727247238, -0.18048833310604095, -0.008662975393235683, 0.9748055934906006, -0.22288696467876434, 0.1831921637058258, 0.22067101299762726, 0.957990288734436),
            ["LeftLowerArm"] = CFrame.new(-2.384185791015625e-07, -0.000011444091796875, 0.00003156473394483328, 1, -0.0002948492474388331, -0.000040959577745525166, 0.00025400149752385914, 0.9167560935020447, -0.3994476795196533, 0.00015533181431237608, 0.39944756031036377, 0.9167560338973999),
            ["RightUpperArm"] = CFrame.new(-0.013231396675109863, -0.07950723171234131, -0.020448828116059303, 0.24139291048049927, 0.5884683132171631, 0.7716442942619324, 0.6225606203079224, 0.516055166721344, -0.5883070826530457, -0.7444109916687012, 0.6224083304405212, -0.24178504943847656),
            ["Head"] = CFrame.new(-5.844049155712128e-08, 1.1920928955078125e-07, -8.614733815193176e-09, 0.9829477071762085, -0.18281151354312897, -0.019847288727760315, 0.18386603891849518, 0.9755222201347351, 0.12062303721904755, -0.002689804881811142, -0.12221536785364151, 0.9924999475479126),
            ["RightHand"] = CFrame.new(0, -0.0018649697303771973, 2.5331974029541016e-07, 0.9616965651512146, 0.23192885518074036, 0.1461123526096344, -0.22288182377815247, 0.9718987345695496, -0.07574094831943512, -0.15957294404506683, 0.040274038910865784, 0.9863643050193787),
            ["UpperTorso"] = CFrame.new(3.882450982928276e-08, 5.960464477539063e-08, 5.122274160385132e-09, 0.9995366334915161, -0.030374884605407715, 0.0020029975567013025, 0.03020540252327919, 0.9978243112564087, 0.05860471725463867, -0.0037787531036883593, -0.058517053723335266, 0.9982792735099792),
            ["HumanoidRootPart"] = CFrame.new(0, 0, 0, 1, 0, 0, 0, 1, 0, 0, 0, 1),
            ["RightUpperLeg"] = CFrame.new(5.960464477539063e-08, -2.532033249735832e-07, 3.4269760362803936e-09, 0.9533153772354126, -0.18533803522586823, 0.2384108603000641, 0.2684999704360962, 0.8815354108810425, -0.38833412528038025, -0.1381944864988327, 0.43421781063079834, 0.8901442885398865),
            ["LeftUpperArm"] = CFrame.new(0.0726044774055481, -0.0465235710144043, -0.032219335436820984, 0.08060809969902039, -0.5473726391792297, -0.8329980969429016, -0.19977131485939026, 0.8098881244659424, -0.5515183210372925, 0.9765212535858154, 0.21086587011814117, -0.04406580328941345),
            ["RightLowerArm"] = CFrame.new(2.682209014892578e-07, 0.000011324882507324219, -0.00003172457218170166, 1, -7.450579886381092e-08, -1.4901162970204496e-08, 1.1920926112907182e-07, 0.9076291918754578, -0.4197729825973511, -2.9802315282267955e-08, 0.4197729229927063, 0.9076291918754578),
            ["LeftHand"] = CFrame.new(-5.960464477539063e-08, 2.384185791015625e-07, -1.4901161193847656e-07, 0.9026938676834106, -0.42521876096725464, 0.06582396477460861, 0.4248642027378082, 0.9050363898277283, 0.01999402977526188, -0.06807486712932587, 0.009917710907757282, 0.9976309537887573),
            ["LeftFoot"] = CFrame.new(-5.9138983488082886e-08, 1.7881393432617188e-07, -3.725290298461914e-09, 0.9954594373703003, 0.01897430792450905, 0.09327719360589981, -0.02804672345519066, 0.9948955178260803, 0.0969349592924118, -0.09096185863018036, -0.09911109507083893, 0.9909101724624634),
            ["LowerTorso"] = CFrame.new(-0.3297557830810547, 0.019439220428466797, -0.03103611245751381, 0.989022433757782, 0.14602164924144745, 0.022635119035840034, -0.14561599493026733, 0.9891655445098877, -0.018646618351340294, -0.025112688541412354, 0.015145890414714813, 0.9995698928833008),
            ["RightLowerLeg"] = CFrame.new(4.470348358154297e-08, -0.000029385089874267578, -0.000052118841267656535, 1, 4.470347647611561e-08, -2.2351747119842003e-08, -3.725290298461914e-08, 0.6374302506446838, 0.7705073952674866, 1.1175870895385742e-08, -0.7705079913139343, 0.6374310255050659),
            ["LeftUpperLeg"] = CFrame.new(-5.960464477539063e-08, -2.128654159605503e-07, -1.6763806343078613e-08, 0.9775133728981018, -0.1747833639383316, 0.11797615885734558, 0.19122540950775146, 0.9705426692962646, -0.14656005799770355, -0.08888460695743561, 0.16582442820072174, 0.9821414351463318),
            ["LeftLowerLeg"] = CFrame.new(-4.0978193283081055e-08, 0.000030100345611572266, 0.00005207955837249756, 1, 1.0244550985305523e-08, 2.8870996260366155e-08, -1.30385160446167e-08, 0.9535443782806396, 0.3012527525424957, -9.313225746154785e-09, -0.3012526333332062, 0.9535443186759949),
        }},
        {Time = 0.033, Data = {
            ["RightFoot"] = CFrame.new(-1.7229467630386353e-08, 4.172325134277344e-07, 9.145878721028566e-09, 0.986583411693573, -0.012881076894700527, -0.16274870932102203, -0.021905574947595596, 0.9774234294891357, -0.21015095710754395, 0.16178147494792938, 0.2108970433473587, 0.9640277624130249),
            ["LeftLowerArm"] = CFrame.new(1.7881393432617188e-07, -0.00001138448715209961, 0.000031733885407447815, 0.9999999403953552, -0.0004322753520682454, -0.00009003654849948362, 0.00039139395812526345, 0.9621403813362122, -0.27255454659461975, 0.0002044625871349126, 0.27255433797836304, 0.9621403217315674),
            ["RightUpperArm"] = CFrame.new(-0.012663066387176514, -0.07609081268310547, -0.01957019418478012, 0.3550451397895813, 0.44929808378219604, 0.819801390171051, 0.43450096249580383, 0.6971502900123596, -0.5702547430992126, -0.8277390599250793, 0.5586705803871155, 0.052299413830041885),
            ["Head"] = CFrame.new(-1.6298145055770874e-09, 0, -4.190951585769653e-09, 0.9927990436553955, -0.11938733607530594, -0.009837818332016468, 0.11968723684549332, 0.9851469397544861, 0.12312815338373184, -0.0050082458183169365, -0.12341897934675217, 0.9923421144485474),
            ["RightHand"] = CFrame.new(-1.1920928955078125e-07, -0.001864790916442871, -1.3224780559539795e-07, 0.9733139276504517, 0.2173050343990326, 0.0737471878528595, -0.2125251591205597, 0.9748198986053467, -0.067522332072258, -0.08656317740678787, 0.050047293305397034, 0.9949885010719299),
            ["UpperTorso"] = CFrame.new(7.974449545145035e-09, 1.1920928955078125e-07, 1.3969838619232178e-09, 0.9996458888053894, -0.026593303307890892, -0.0010148845613002777, 0.026595929637551308, 0.9969387650489807, 0.07352474331855774, -0.000943486113101244, -0.07352569699287415, 0.9972928762435913),
            ["HumanoidRootPart"] = CFrame.new(0, 0, 0, 1, 0, 0, 0, 1, 0, 0, 0, 1),
            ["RightUpperLeg"] = CFrame.new(5.960464477539063e-08, 2.1595042198896408e-08, 8.316419553011656e-09, 0.9624820947647095, -0.1791435182094574, 0.2038036584854126, 0.24621796607971191, 0.8922542333602905, -0.378495991230011, -0.11403957009315491, 0.41447556018829346, 0.9028870463371277),
            ["LeftUpperArm"] = CFrame.new(0.06948494911193848, -0.044524431228637695, -0.030834903940558434, 0.17108537256717682, -0.5015478730201721, -0.8480446338653564, -0.16649360954761505, 0.83363938331604, -0.5266169309616089, 0.971086859703064, 0.23129047453403473, 0.059118978679180145),
            ["RightLowerArm"] = CFrame.new(-1.7881393432617188e-07, 0.000011622905731201172, -0.00003139302134513855, 1, -1.452863784834335e-07, 3.72529100900465e-08, 2.9802318834981634e-08, 0.7977226376533508, -0.6030247211456299, 1.4901159417490817e-08, 0.6030247211456299, 0.797722578048706),
            ["LeftHand"] = CFrame.new(-5.960464477539063e-08, -1.1920928955078125e-07, -1.4901161193847656e-07, 0.8786848783493042, -0.4210861921310425, 0.22494326531887054, 0.42170649766921997, 0.9054754376411438, 0.047728147357702255, -0.22377826273441315, 0.05292204022407532, 0.9732022881507874),
            ["LeftFoot"] = CFrame.new(-7.776543498039246e-08, -1.7881393432617188e-07, 0, 0.9922370314598083, 0.04244755953550339, 0.1168927475810051, -0.05501570925116539, 0.9927913546562195, 0.10648281127214432, -0.11153004318475723, -0.11208738386631012, 0.9874197244644165),
            ["LowerTorso"] = CFrame.new(-0.31088805198669434, 0.010222673416137695, -0.031012391671538353, 0.9917858242988586, 0.12632423639297485, 0.02007664181292057, -0.12599654495716095, 0.9918879270553589, -0.01683039404451847, -0.02203986421227455, 0.014162559062242508, 0.9996567964553833),
            ["RightLowerLeg"] = CFrame.new(8.195638656616211e-08, -0.00002950429916381836, -0.000052062961913179606, 1, -2.980232949312267e-08, 7.450585925994346e-09, -1.4901161193847656e-08, 0.67494797706604, 0.7378650307655334, 0, -0.7378653883934021, 0.6749483346939087),
            ["LeftUpperLeg"] = CFrame.new(-1.7881393432617188e-07, 4.096655175089836e-07, -1.30385160446167e-08, 0.9841067790985107, -0.15625546872615814, 0.08436860144138336, 0.16593529284000397, 0.9783680438995361, -0.12353812158107758, -0.06324001401662827, 0.13557444512844086, 0.9887468814849854),
            ["LeftLowerLeg"] = CFrame.new(2.4493783712387085e-07, 0.00002962350845336914, 0.00005208700895309448, 1, -8.381903171539307e-09, -2.51457130673316e-08, -3.259628655882807e-08, 0.9700031280517578, 0.243092879652977, 1.5832481992106295e-08, -0.2430926114320755, 0.9700030088424683),
        }},
        {Time = 0.067, Data = {
            ["RightFoot"] = CFrame.new(2.0954757928848267e-08, 4.76837158203125e-07, 5.9437297750264406e-08, 0.9934104084968567, -0.005805518478155136, -0.11446420848369598, -0.014673976227641106, 0.9840542674064636, -0.17726202309131622, 0.11366815865039825, 0.17777381837368011, 0.9774845838546753),
            ["LeftLowerArm"] = CFrame.new(-1.4901161193847656e-08, -0.00001150369644165039, 0.000031635165214538574, 1, -0.00034963342477567494, -0.00005797298945253715, 0.00030714276363141835, 0.9366191029548645, -0.3503490090370178, 0.0001769252266967669, 0.35034921765327454, 0.9366192817687988),
            ["RightUpperArm"] = CFrame.new(-0.011164188385009766, -0.06708383560180664, -0.017253685742616653, 0.4656372666358948, 0.1891828030347824, 0.8645182251930237, 0.34261465072631836, 0.8621682524681091, -0.37320399284362793, -0.8159639835357666, 0.4699743688106537, 0.3366409242153168),
            ["Head"] = CFrame.new(-2.4330802261829376e-08, 1.1920928955078125e-07, -1.6298145055770874e-09, 0.9997285008430481, -0.01692189648747444, 0.01602487452328205, 0.014365274459123611, 0.9888772368431091, 0.14803925156593323, -0.018351735547184944, -0.14776884019374847, 0.9888517260551453),
            ["RightHand"] = CFrame.new(0, -0.0018649697303771973, 2.4586915969848633e-07, 0.977398693561554, 0.16730187833309174, -0.12923619151115417, -0.17449139058589935, 0.9835653305053711, -0.04639001563191414, 0.11935108155012131, 0.0678921639919281, 0.9905282258987427),
            ["UpperTorso"] = CFrame.new(1.31258275359869e-08, -5.960464477539063e-08, -4.656612873077393e-10, 0.9996910095214844, -0.024670900776982307, -0.0030413740314543247, 0.02482994832098484, 0.9968498945236206, 0.07532523572444916, 0.0011734499130398035, -0.07537747174501419, 0.9971544742584229),
            ["HumanoidRootPart"] = CFrame.new(0, 0, 0, 1, 0, 0, 0, 1, 0, 0, 0, 1),
            ["RightUpperLeg"] = CFrame.new(5.960464477539063e-08, -2.220040187239647e-07, -3.5579432733356953e-09, 0.9851537346839905, -0.11725209653377533, 0.12539593875408173, 0.15871435403823853, 0.9004687070846558, -0.40492716431617737, -0.06543654948472977, 0.4188174605369568, 0.9057096242904663),
            ["LeftUpperArm"] = CFrame.new(0.061260223388671875, -0.0392535924911499, -0.02718503400683403, 0.4458167552947998, -0.2519993484020233, -0.858920156955719, -0.1199030727148056, 0.9340945482254028, -0.3362897038459778, 0.8870574235916138, 0.2529107630252838, 0.3862195909023285),
            ["RightLowerArm"] = CFrame.new(-2.9802322387695312e-08, 0.000011086463928222656, -0.00003159046173095703, 1, -1.1920927533992653e-07, 3.7252917195473856e-08, 7.450581307466564e-08, 0.6515206098556519, -0.7586310505867004, -2.2351745343485163e-08, 0.7586309313774109, 0.6515205502510071),
            ["LeftHand"] = CFrame.new(0, 1.1920928955078125e-07, -2.682209014892578e-07, 0.815395176410675, -0.3749723434448242, 0.44105154275894165, 0.3819778561592102, 0.9209741353988647, 0.07680931687355042, -0.43499842286109924, 0.10584203153848648, 0.8941890001296997),
            ["LeftFoot"] = CFrame.new(5.145557224750519e-08, 1.1920928955078125e-07, -1.1292286217212677e-08, 0.9851009845733643, 0.02755509316921234, 0.1697554737329483, -0.023534677922725677, 0.9993939399719238, -0.02565085142850876, -0.17035937309265137, 0.021273372694849968, 0.9851524233818054),
            ["LowerTorso"] = CFrame.new(-0.23433852195739746, -0.020557761192321777, -0.031021714210510254, 0.9973502159118652, 0.07221109420061111, 0.0088368970900774, -0.07207949459552765, 0.9972950220108032, -0.01440025307238102, -0.009852849878370762, 0.01372513733804226, 0.9998573660850525),
            ["RightLowerLeg"] = CFrame.new(-7.450580596923828e-09, -0.00002962350845336914, -0.00005205551133258268, 1, 2.2351747119842003e-08, -7.450585037815927e-09, -3.725290298461914e-08, 0.6820189952850342, 0.7313342094421387, 2.2351741790771484e-08, -0.7313345670700073, 0.6820192933082581),
            ["LeftUpperLeg"] = CFrame.new(2.9802322387695312e-08, -3.438617568463087e-07, -1.816079020500183e-08, 0.9970210790634155, -0.06986570358276367, 0.0326782763004303, 0.07617940753698349, 0.9583047032356262, -0.2754066288471222, -0.012074265629053116, 0.2770756483078003, 0.9607723355293274),
            ["LeftLowerLeg"] = CFrame.new(6.658956408500671e-08, 0.000029802322387695312, 0.0000520339235663414, 1, 2.7474023056583974e-08, 1.5774283212977025e-08, -3.2829124307909296e-08, 0.8691461682319641, 0.4945552945137024, 1.0477379852602553e-08, -0.49455526471138, 0.8691462278366089),
        }},
        {Time = 0.100, Data = {
            ["RightFoot"] = CFrame.new(3.895547706633806e-08, 1.7881393432617188e-07, -3.509194357320666e-08, 0.9986052513122559, -0.008055510930716991, -0.052180688828229904, -0.0022268930915743113, 0.9809873700141907, -0.1940585970878601, 0.052751801908016205, 0.19390469789505005, 0.979601263999939),
            ["LeftLowerArm"] = CFrame.new(1.4901161193847656e-08, -0.000011444091796875, 0.000031635165214538574, 1, -0.00022175910999067128, -0.000022996220650384203, 0.00018607363745104522, 0.8867844939231873, -0.46218341588974, 0.0001229266927111894, 0.46218323707580566, 0.8867844343185425),
            ["RightUpperArm"] = CFrame.new(-0.009045004844665527, -0.05435073375701904, -0.013978676870465279, 0.7030076384544373, 0.04410526156425476, 0.7098134160041809, 0.17943061888217926, 0.9547868967056274, -0.23703722655773163, -0.6881751418113708, 0.2940012216567993, 0.6633085608482361),
            ["Head"] = CFrame.new(-1.7462298274040222e-09, -1.1920928955078125e-07, 8.149072527885437e-09, 0.9901561737060547, 0.12442672252655029, 0.06410053372383118, -0.1346549391746521, 0.9717848300933838, 0.1936555951833725, -0.03819600120186806, -0.20038068294525146, 0.9789733290672302),
            ["RightHand"] = CFrame.new(1.1920928955078125e-07, -0.001864790916442871, 2.682209014892578e-07, 0.9061226844787598, 0.08967240899801254, -0.4134013056755066, -0.11110547184944153, 0.9934128522872925, -0.028044112026691437, 0.4081633687019348, 0.07134250551462173, 0.910116970539093),
            ["UpperTorso"] = CFrame.new(8.265487849712372e-09, 1.1920928955078125e-07, 3.958120942115784e-09, 0.9996985793113708, -0.02417236939072609, -0.0042948792688548565, 0.02440734952688217, 0.9974190592765808, 0.06752417236566544, 0.002651576418429613, -0.06760863959789276, 0.9977084398269653),
            ["HumanoidRootPart"] = CFrame.new(0, 0, 0, 1, 0, 0, 0, 1, 0, 0, 0, 1),
            ["RightUpperLeg"] = CFrame.new(5.960464477539063e-08, 2.3687607608735561e-07, 3.4269760362803936e-09, 0.999857485294342, -0.0015040278667584062, 0.01682024635374546, 0.009408412501215935, 0.8767387270927429, -0.48087507486343384, -0.01402370911091566, 0.48096463084220886, 0.8766278624534607),
            ["LeftUpperArm"] = CFrame.new(0.04963219165802002, -0.03180360794067383, -0.022024909034371376, 0.7854963541030884, 0.030786847695708275, -0.618100106716156, -0.13881966471672058, 0.9820758700370789, -0.12749925255775452, 0.6030959486961365, 0.18595466017723083, 0.7756907939910889),
            ["RightLowerArm"] = CFrame.new(-2.9802322387695312e-08, 0.000011801719665527344, -0.00003160536289215088, 1, -8.195639367158947e-08, 2.9802322387695312e-08, 1.0640360414981842e-07, 0.6802970767021179, -0.7329366207122803, -1.1175870895385742e-08, 0.7329365611076355, 0.6802968978881836),
            ["LeftHand"] = CFrame.new(5.960464477539063e-08, 0, -5.960464477539063e-08, 0.6869828701019287, -0.28315770626068115, 0.6692356467247009, 0.30412548780441284, 0.9484554529190063, 0.0891067311167717, -0.6599714756011963, 0.14231695234775543, 0.7376880645751953),
            ["LeftFoot"] = CFrame.new(-2.1653249859809875e-08, -2.384185791015625e-07, 1.5832483768463135e-08, 0.9715821146965027, -0.030815184116363525, 0.23468859493732452, 0.08040802925825119, 0.9754967093467712, -0.20479407906532288, -0.22262728214263916, 0.21784532070159912, 0.9502529501914978),
            ["LowerTorso"] = CFrame.new(-0.11165706813335419, -0.10623931884765625, -0.031046796590089798, 0.9996968507766724, -0.02113961987197399, -0.012623999267816544, 0.020988356322050095, 0.9997077584266663, -0.01199681032449007, 0.012873917818069458, 0.011728215962648392, 0.9998483657836914),
            ["RightLowerLeg"] = CFrame.new(1.1874362826347351e-08, -0.00002950429916381836, -0.00005212210089666769, 1, 2.2468162441668937e-08, 1.030276131075425e-08, -2.3865137421807958e-08, 0.5997164845466614, 0.8002120852470398, 1.0826624041726518e-08, -0.8002126216888428, 0.5997170805931091),
            ["LeftUpperLeg"] = CFrame.new(0, -1.5550176613032818e-07, -1.0710209608078003e-08, 0.9957867860794067, 0.054260414093732834, -0.07392338663339615, -0.08378168195486069, 0.866042971611023, -0.4929000437259674, 0.03727587312459946, 0.497016578912735, 0.8669399619102478),
            ["LeftLowerLeg"] = CFrame.new(-8.754432201385498e-08, 0.00002962350845336914, 0.000052094459533691406, 1, 3.166496398421259e-08, 1.862645504502325e-08, -3.166496398421259e-08, 0.5629048347473145, 0.826521635055542, 1.1175869119028903e-08, -0.8265217542648315, 0.562904953956604),
        }},
        {Time = 0.133, Data = {
            ["RightFoot"] = CFrame.new(6.007030606269836e-08, 4.76837158203125e-07, 2.7772330213338137e-08, 0.9984102249145508, 0.03399037569761276, 0.04496335610747337, -0.018735067918896675, 0.9524805545806885, -0.304022878408432, -0.05316052585840225, 0.3026973307132721, 0.9516030550003052),
            ["LeftLowerArm"] = CFrame.new(-1.3783574104309082e-07, -0.000011324882507324219, 0.000031694769859313965, 1, -0.00021108803048264235, -0.000020790846974705346, 0.00017646704509388655, 0.882108211517334, -0.47104713320732117, 0.0001178128004539758, 0.47104692459106445, 0.8821080923080444),
            ["RightUpperArm"] = CFrame.new(-0.006615877151489258, -0.03975403308868408, -0.01022440567612648, 0.9828125834465027, 0.1506267786026001, -0.10672850161790848, -0.1523863524198532, 0.988284707069397, -0.008480428718030453, 0.10420075803995132, 0.024598661810159683, 0.99425208568573),
            ["Head"] = CFrame.new(6.845220923423767e-08, -1.1920928955078125e-07, -5.587935447692871e-09, 0.9573838114738464, 0.2640534043312073, 0.11701353639364243, -0.2859666645526886, 0.9234439730644226, 0.25587981939315796, -0.04048950597643852, -0.27843716740608215, 0.9596007466316223),
            ["RightHand"] = CFrame.new(0, -0.0018648505210876465, -1.4901161193847656e-08, 0.7269988656044006, 0.007717239670455456, -0.6865953803062439, -0.035622887313365936, 0.9990142583847046, -0.02649037167429924, 0.6857141256332397, 0.04371696338057518, 0.7265569567680359),
            ["UpperTorso"] = CFrame.new(8.265487849712372e-09, 0, 3.725290298461914e-09, 0.9996845126152039, -0.02462921105325222, -0.004944952204823494, 0.024859169498085976, 0.998251736164093, 0.05362439155578613, 0.0036155828274786472, -0.05373039469122887, 0.9985490441322327),
            ["HumanoidRootPart"] = CFrame.new(0, 0, 0, 1, 0, 0, 0, 1, 0, 0, 0, 1),
            ["RightUpperLeg"] = CFrame.new(-5.960464477539063e-08, 2.7597707230597734e-08, -7.639755494892597e-10, 0.9934437274932861, 0.052135806530714035, -0.10174226015806198, -0.10268685966730118, 0.7981168627738953, -0.5936875939369202, 0.050249844789505005, 0.6002427935600281, 0.7982378005981445),
            ["LeftUpperArm"] = CFrame.new(0.036302387714385986, -0.02326226234436035, -0.016109652817249298, 0.9625920653343201, 0.21779657900333405, -0.16118697822093964, -0.23224781453609467, 0.9696194529533386, -0.07680577784776688, 0.1395619958639145, 0.11136799305677414, 0.9839308261871338),
            ["RightLowerArm"] = CFrame.new(-1.6298145055770874e-08, 0.000011742115020751953, -0.000031560659408569336, 1, -5.541370029504833e-08, 5.168842065472745e-08, 1.0780060222259635e-07, 0.7830482721328735, -0.6219612956047058, 5.523907731230793e-08, 0.6219609975814819, 0.7830480337142944),
            ["LeftHand"] = CFrame.new(-1.7881393432617188e-07, -2.384185791015625e-07, -8.940696716308594e-08, 0.4963037669658661, -0.15865254402160645, 0.8535292148590088, 0.19757403433322906, 0.97800213098526, 0.06690546125173569, -0.8453680276870728, 0.1354299932718277, 0.5167316198348999),
            ["LeftFoot"] = CFrame.new(2.7008354663848877e-08, -1.1920928955078125e-07, -1.862645149230957e-08, 0.9464884400367737, -0.03812376782298088, 0.3204781413078308, 0.15544705092906952, 0.9240782260894775, -0.349164217710495, -0.2828353941440582, 0.3802974224090576, 0.8805555701255798),
            ["LowerTorso"] = CFrame.new(-0.04238177463412285, -0.24472320079803467, -0.031083310022950172, 0.9921609163284302, -0.11941853165626526, -0.0368235744535923, 0.11906351894140244, 0.9928178787231445, -0.011695199646055698, 0.037955719977617264, 0.007219176273792982, 0.9992534518241882),
            ["RightLowerLeg"] = CFrame.new(-6.332993507385254e-08, -0.00002956390380859375, -0.000051982868171762675, 1, 3.166496753692627e-08, 7.916244548766826e-09, -2.1420420992512845e-08, 0.4013660252094269, 0.9159175753593445, -6.519258910486769e-09, -0.9159177541732788, 0.4013664424419403),
            ["LeftUpperLeg"] = CFrame.new(0, -3.9752922020852566e-07, -1.30385160446167e-08, 0.9724219441413879, 0.09149544686079025, -0.2145327925682068, -0.21403652429580688, 0.7154947519302368, -0.6650230884552002, 0.09265047311782837, 0.6926007866859436, 0.7153460383415222),
            ["LeftLowerLeg"] = CFrame.new(7.450580596923828e-08, 0.00002956390380859375, 0.000052191317081451416, 1, 0, 4.842878098543224e-08, -7.078052277620372e-08, 0.12368212640285492, 0.9923219680786133, 2.980232594040899e-08, -0.9923219084739685, 0.12368222326040268),
        }},
        {Time = 0.167, Data = {
            ["RightFoot"] = CFrame.new(-6.472691893577576e-08, 2.980232238769531e-07, 1.6596459317952394e-08, 0.9876996278762817, 0.0913255512714386, 0.12692202627658844, -0.036994125694036484, 0.9251495003700256, -0.37779542803764343, -0.15192440152168274, 0.36845389008522034, 0.9171485900878906),
            ["LeftLowerArm"] = CFrame.new(4.842877388000488e-08, -0.000011861324310302734, 0.0000317692756652832, 0.9999998807907104, -0.00043301295954734087, -0.00009045005572261289, 0.00039217621088027954, 0.962372899055481, -0.27173203229904175, 0.00020463299006223679, 0.27173203229904175, 0.9623729586601257),
            ["RightUpperArm"] = CFrame.new(-0.004186451435089111, -0.025156497955322266, -0.006470121443271637, 0.643478512763977, -0.040698565542697906, -0.764381468296051, 0.007497766986489296, 0.9988728761672974, -0.046871814876794815, 0.7654275298118591, 0.024429844692349434, 0.6430584788322449),
            ["Head"] = CFrame.new(-3.725290298461914e-09, 0, -9.313225746154785e-09, 0.921833872795105, 0.3555784821510315, 0.15422816574573517, -0.3870163559913635, 0.8660203814506531, 0.3165867030620575, -0.020993320271372795, -0.35152918100357056, 0.9359415173530579),
            ["RightHand"] = CFrame.new(-5.960464477539063e-08, -0.0018652081489562988, 1.1920928955078125e-07, 0.4929236173629761, -0.050356268882751465, -0.8686142563819885, 0.03200921788811684, 0.9986975193023682, -0.03973296657204628, 0.8694835901260376, -0.008218283765017986, 0.49389350414276123),
            ["UpperTorso"] = CFrame.new(-3.259629011154175e-09, 2.9802322387695312e-08, -1.3969838619232178e-09, 0.999660074710846, -0.025558147579431534, -0.0051520029082894325, 0.02573213540017605, 0.998978853225708, 0.037138376384973526, 0.004197548609226942, -0.037258319556713104, 0.9992969632148743),
            ["HumanoidRootPart"] = CFrame.new(0, 0, 0, 1, 0, 0, 0, 1, 0, 0, 0, 1),
            ["RightUpperLeg"] = CFrame.new(0, 3.478999133221805e-08, 6.330083124339581e-10, 0.9815636277198792, 0.05707089230418205, -0.18241633474826813, -0.1599033921957016, 0.7680214643478394, -0.6201403141021729, 0.10470761358737946, 0.6378761529922485, 0.7629877924919128),
            ["LeftUpperArm"] = CFrame.new(0.022972524166107178, -0.014720320701599121, -0.010194409638643265, 0.914410412311554, 0.33500632643699646, 0.22721002995967865, -0.2913995683193207, 0.9343881011009216, -0.20495209097862244, -0.28096261620521545, 0.12120146304368973, 0.9520347714424133),
            ["RightLowerArm"] = CFrame.new(1.4528632164001465e-07, 0.000011444091796875, -0.0000316128134727478, 1, -1.4901164746561335e-08, 2.2351747119842003e-08, -1.862645371275562e-09, 0.9731151461601257, -0.23031902313232422, 7.450581485102248e-09, 0.230319082736969, 0.9731152653694153),
            ["LeftHand"] = CFrame.new(-1.1920928955078125e-07, -1.1920928955078125e-07, 8.940696716308594e-08, 0.28028595447540283, -0.027535054832696915, 0.9595215916633606, 0.07947838306427002, 0.9968220591545105, 0.00538904732093215, -0.9566206336021423, 0.07475072145462036, 0.28158360719680786),
            ["LeftFoot"] = CFrame.new(2.1420419216156006e-08, 5.960464477539063e-08, -1.1175870895385742e-08, 0.9123647212982178, 0.04327428713440895, 0.407084584236145, 0.13408876955509186, 0.9079536199569702, -0.39703989028930664, -0.3867954611778259, 0.4168305993080139, 0.8225823640823364),
            ["LowerTorso"] = CFrame.new(-0.0060395486652851105, -0.31915032863616943, -0.031126920133829117, 0.9814853072166443, -0.18363769352436066, -0.05444073677062988, 0.18320980668067932, 0.9829906225204468, -0.012791763059794903, 0.05586378276348114, 0.0025808510836213827, 0.9984350800514221),
            ["RightLowerLeg"] = CFrame.new(-1.1920928955078125e-07, -0.000029206275939941406, -0.00005221197352511808, 1, -6.146726860833951e-08, -1.2107198799071739e-08, 1.30385160446167e-08, 0.3209536075592041, 0.947094738483429, -3.725290298461914e-08, -0.9470949769020081, 0.3209543526172638),
            ["LeftUpperLeg"] = CFrame.new(-1.7881393432617188e-07, -1.2475356925278902e-07, -2.0489096641540527e-08, 0.954135000705719, 0.04991442337632179, -0.29518651962280273, -0.2633321285247803, 0.6089818477630615, -0.7481960654258728, 0.14241744577884674, 0.7916120886802673, 0.5941948294639587),
            ["LeftLowerLeg"] = CFrame.new(-1.1175870895385742e-07, 0.00002968311309814453, 0.000052131712436676025, 1, 3.725289943190546e-08, 8.568166975919667e-08, -3.725289943190546e-08, -0.1719953566789627, 0.9850977659225464, 8.195637946073475e-08, -0.9850977659225464, -0.17199552059173584),
        }},
        {Time = 0.200, Data = {
            ["RightFoot"] = CFrame.new(2.3283064365386963e-08, 2.980232238769531e-07, -1.3205863069742918e-08, 0.9846429228782654, 0.11360879987478256, 0.13255712389945984, -0.04852904751896858, 0.9074795842170715, -0.4172833561897278, -0.1676999032497406, 0.40444275736808777, 0.8990568518638611),
            ["LeftLowerArm"] = CFrame.new(-4.544854164123535e-07, -0.000011622905731201172, 0.0000317692756652832, 0.9999998807907104, -0.0005935950903221965, -0.00017730896070133895, 0.0005715563311241567, 0.9943457841873169, -0.1061902716755867, 0.0002393852628301829, 0.10618991404771805, 0.9943459033966064),
            ["RightUpperArm"] = CFrame.new(-0.0020674467086791992, -0.012422680854797363, -0.0031951158307492733, 0.5161673426628113, -0.09083520621061325, -0.8516573905944824, 0.09329580515623093, 0.9944064617156982, -0.049516335129737854, 0.8513913750648499, -0.053897351026535034, 0.5217546820640564),
            ["Head"] = CFrame.new(3.259629011154175e-09, 2.384185791015625e-07, 9.313225746154785e-09, 0.9070308804512024, 0.38603395223617554, 0.16814549267292023, -0.42103323340415955, 0.8363542556762695, 0.3510591685771942, -0.005108466371893883, -0.38921624422073364, 0.9211323261260986),
            ["RightHand"] = CFrame.new(0, -0.0018648505210876465, 8.940696716308594e-08, 0.2948229908943176, -0.0729198083281517, -0.9527655839920044, 0.08119045197963715, 0.9953899383544922, -0.0510585643351078, 0.9520964622497559, -0.06230229139328003, 0.29938414692878723),
            ["UpperTorso"] = CFrame.new(-4.656612873077393e-10, 0, -1.862645149230957e-09, 0.9996365904808044, -0.02647380717098713, -0.005090691149234772, 0.02657787874341011, 0.9994134902954102, 0.021594861522316933, 0.004516000393778086, -0.02172231115400791, 0.9997538328170776),
            ["HumanoidRootPart"] = CFrame.new(0, 0, 0, 1, 0, 0, 0, 1, 0, 0, 0, 1),
            ["RightUpperLeg"] = CFrame.new(0, -1.3138557619640778e-07, 2.9322109185159206e-09, 0.9756463766098022, 0.05728762969374657, -0.2117367684841156, -0.1814814954996109, 0.7529960870742798, -0.6325041055679321, 0.12320231646299362, 0.6555265188217163, 0.7450544834136963),
            ["LeftUpperArm"] = CFrame.new(0.011344552040100098, -0.0072689056396484375, -0.005034267902374268, 0.8349227905273438, 0.4147440791130066, 0.3617890179157257, -0.3403722941875458, 0.9056841731071472, -0.25275084376335144, -0.43249353766441345, 0.08788452297449112, 0.8973437547683716),
            ["RightLowerArm"] = CFrame.new(8.940696716308594e-08, 0.000011146068572998047, -0.00003176368772983551, 1, -3.7252885221050747e-08, -1.4901161193847656e-08, 1.043081283569336e-07, 0.9960349798202515, -0.08896235376596451, 2.9802322387695312e-08, 0.08896242082118988, 0.9960349798202515),
            ["LeftHand"] = CFrame.new(-1.1920928955078125e-07, -5.960464477539063e-08, -2.9802322387695312e-08, 0.08933540433645248, 0.04901782423257828, 0.9947947263717651, -0.0763588398694992, 0.996185839176178, -0.042229052633047104, -0.9930703043937683, -0.0721888393163681, 0.092737577855587),
            ["LeftFoot"] = CFrame.new(4.0046870708465576e-08, -1.1920928955078125e-07, 1.1175870895385742e-08, 0.8810657262802124, 0.11742053180932999, 0.45818763971328735, 0.08370388299226761, 0.9147003889083862, -0.395369291305542, -0.4655287563800812, 0.3866983950138092, 0.7960824966430664),
            ["LowerTorso"] = CFrame.new(0.017309177666902542, -0.35246551036834717, -0.03117329441010952, 0.9770609140396118, -0.20384390652179718, -0.061641108244657516, 0.20342430472373962, 0.979003369808197, -0.013074814341962337, 0.06301207095384598, 0.00023559111286886036, 0.9980128407478333),
            ["RightLowerLeg"] = CFrame.new(7.450580596923828e-08, -0.00002962350845336914, -0.00005210766539676115, 1, 6.332992086299782e-08, 1.210719791089332e-08, -7.450579886381092e-08, 0.27774354815483093, 0.960655152797699, 2.4214383387288763e-08, -0.9606552720069885, 0.2777440845966339),
            ["LeftUpperLeg"] = CFrame.new(-5.960464477539063e-08, -2.603565008030273e-07, -2.0489096641540527e-08, 0.9516681432723999, 0.011644984595477581, -0.30690765380859375, -0.2612937092781067, 0.5558690428733826, -0.789135754108429, 0.16141103208065033, 0.8311883211135864, 0.5320456624031067),
            ["LeftLowerLeg"] = CFrame.new(1.4901161193847656e-08, 0.000029802322387695312, 0.00005187466740608215, 1, 1.4901164746561335e-08, -3.725290653733282e-08, -5.2154071283894154e-08, -0.3022795617580414, 0.9532193541526794, -1.862645326866641e-08, -0.9532194137573242, -0.30227962136268616),
        }},
        {Time = 0.233, Data = {
            ["RightFoot"] = CFrame.new(-3.166496753692627e-08, 2.384185791015625e-07, -9.480572771281004e-09, 0.9846354722976685, 0.11182713508605957, 0.13411882519721985, -0.04386725649237633, 0.9018206596374512, -0.4298776090145111, -0.16902309656143188, 0.4173898994922638, 0.8928703665733337),
            ["LeftLowerArm"] = CFrame.new(-2.644956111907959e-07, -0.000011205673217773438, 0.0000317692756652832, 0.9999999403953552, -0.0005103274597786367, -0.00012790413165930659, 0.00047562282998114824, 0.9808792471885681, -0.1946164071559906, 0.0002247468219138682, 0.19461649656295776, 0.9808794856071472),
            ["RightUpperArm"] = CFrame.new(-0.0005682706832885742, -0.0034165382385253906, -0.0008786688558757305, 0.5223768353462219, -0.13423395156860352, -0.8420829176902771, 0.1042652279138565, 0.9901766777038574, -0.09316134452819824, 0.8463162183761597, -0.03913462907075882, 0.5312412977218628),
            ["Head"] = CFrame.new(8.149072527885437e-08, 0, -2.7939677238464355e-09, 0.9186084270477295, 0.3567377030849457, 0.16999106109142303, -0.3948577642440796, 0.8456934094429016, 0.3590126633644104, -0.015686973929405212, -0.39691439270973206, 0.9177216291427612),
            ["RightHand"] = CFrame.new(1.1920928955078125e-07, -0.0018651485443115234, -1.6391277313232422e-07, 0.19665884971618652, -0.06319745630025864, -0.9784331917762756, 0.1123383492231369, 0.9928011298179626, -0.04154619202017784, 0.9740150570869446, -0.10174520313739777, 0.20234259963035583),
            ["UpperTorso"] = CFrame.new(-3.771856427192688e-08, 1.1920928955078125e-07, -9.313225746154785e-10, 0.9996260404586792, -0.026896411553025246, -0.004955942742526531, 0.02694740705192089, 0.9995813965797424, 0.010529041290283203, 0.004670676775276661, -0.010658650659024715, 0.9999322891235352),
            ["HumanoidRootPart"] = CFrame.new(0, 0, 0, 1, 0, 0, 0, 1, 0, 0, 0, 1),
            ["RightUpperLeg"] = CFrame.new(-2.9802322387695312e-08, 5.130800673214253e-09, 1.673470251262188e-10, 0.982643723487854, 0.030840996652841568, -0.18292120099067688, -0.14532801508903503, 0.7408235669136047, -0.6557900905609131, 0.11528706550598145, 0.6709913611412048, 0.7324474453926086),
            ["LeftUpperArm"] = CFrame.new(0.0031200051307678223, -0.0019991397857666016, -0.0013844403438270092, 0.8134672045707703, 0.5165811777114868, 0.26723605394363403, -0.4607635736465454, 0.8527780771255493, -0.24589940905570984, -0.35492002964019775, 0.07689845561981201, 0.9317287802696228),
            ["RightLowerArm"] = CFrame.new(9.313225746154785e-08, 0.000011861324310302734, -0.00003158673644065857, 1, -1.862644971595273e-08, -2.2351745343485163e-08, -2.6077035641947077e-08, 0.9733715653419495, -0.22923289239406586, -3.3527616238870905e-08, 0.22923314571380615, 0.9733716249465942),
            ["LeftHand"] = CFrame.new(-3.5762786865234375e-07, -5.960464477539063e-08, -2.9802322387695312e-08, -0.008580095134675503, 0.0073758745566010475, 0.9999359846115112, -0.2573260962963104, 0.9662796258926392, -0.009335605427622795, -0.9662865400314331, -0.25738975405693054, -0.006392760667949915),
            ["LeftFoot"] = CFrame.new(3.632158041000366e-08, 0, 4.842877388000488e-08, 0.8634797930717468, 0.15759170055389404, 0.4791323244571686, 0.0472397580742836, 0.9204922318458557, -0.38789403438568115, -0.5021665692329407, 0.357573539018631, 0.7873820662498474),
            ["LowerTorso"] = CFrame.new(-0.007638055831193924, -0.35968780517578125, -0.03120390884578228, 0.9821001887321472, -0.17939478158950806, -0.05741879716515541, 0.1790480613708496, 0.9837769269943237, -0.011169569566845894, 0.058491051197052, 0.0006889121141284704, 0.9982877969741821),
            ["RightLowerLeg"] = CFrame.new(-1.601874828338623e-07, -0.00002950429916381836, -0.00005204806075198576, 1, -3.352760558072987e-08, -2.2351748896198842e-08, -7.450578820566989e-09, 0.24476377665996552, 0.9695826172828674, -1.1175868230850483e-08, -0.969582736492157, 0.24476459622383118),
            ["LeftUpperLeg"] = CFrame.new(-1.7881393432617188e-07, 1.0867734090425074e-07, -1.30385160446167e-08, 0.9668300151824951, -0.025684531778097153, -0.25412607192993164, -0.20009250938892365, 0.5422258377075195, -0.8160602450370789, 0.15875385701656342, 0.8398401141166687, 0.5191007256507874),
            ["LeftLowerLeg"] = CFrame.new(-7.450580596923828e-09, 0.00002962350845336914, 0.00005213543772697449, 1, 1.862644793959589e-08, -3.7252920748187535e-09, -5.401672353855247e-08, -0.3169666826725006, 0.948436975479126, 5.774201383701438e-08, -0.9484366178512573, -0.31696611642837524),
        }},
        {Time = 0.267, Data = {
            ["RightFoot"] = CFrame.new(-9.313225746154785e-10, 2.384185791015625e-07, -1.3205863069742918e-08, 0.9887964129447937, 0.11488409340381622, 0.09530709683895111, -0.06708013266324997, 0.9123702049255371, -0.40383243560791016, -0.1333494782447815, 0.3929150402545929, 0.9098548889160156),
            ["LeftLowerArm"] = CFrame.new(1.7136335372924805e-07, -0.000011205673217773438, 0.00003170967102050781, 1, -0.00034867972135543823, -0.00005766937101725489, 0.000306155503494665, 0.9362790584564209, -0.3512568771839142, 0.00017650423978921026, 0.35125696659088135, 0.9362792372703552),
            ["RightUpperArm"] = CFrame.new(1.1920928955078125e-07, 3.5762786865234375e-07, 7.450580596923828e-09, 0.5912656188011169, -0.1978767216205597, -0.7818247675895691, 0.1473325788974762, 0.979620635509491, -0.1365160495042801, 0.7929049134254456, -0.03447098284959793, 0.6083695888519287),
            ["Head"] = CFrame.new(4.237517714500427e-08, 2.384185791015625e-07, 3.259629011154175e-09, 0.9438275694847107, 0.2793337106704712, 0.17652878165245056, -0.32577934861183167, 0.8760032653808594, 0.3556491434574127, -0.055294983088970184, -0.39318087697029114, 0.9177970290184021),
            ["RightHand"] = CFrame.new(5.960464477539063e-08, -0.0018652677536010742, 1.7881393432617188e-07, 0.18315623700618744, -0.029445786029100418, -0.9826427102088928, 0.13143779337406158, 0.9913108348846436, -0.005206644535064697, 0.9742576479911804, -0.12820272147655487, 0.1854349970817566),
            ["UpperTorso"] = CFrame.new(1.0128132998943329e-08, -2.9802322387695312e-08, 1.862645149230957e-09, 0.9996154308319092, -0.027305344119668007, -0.004849284887313843, 0.027333157137036324, 0.9996097683906555, 0.005763709079474211, 0.004690009169280529, -0.00589404022321105, 0.9999716281890869),
            ["HumanoidRootPart"] = CFrame.new(0, 0, 0, 1, 0, 0, 0, 1, 0, 0, 0, 1),
            ["RightUpperLeg"] = CFrame.new(5.960464477539063e-08, 3.7266545405145735e-08, -7.639755494892597e-10, 0.9954344034194946, -0.020701324567198753, -0.09317661821842194, -0.04722972214221954, 0.7414836883544922, -0.6693068146705627, 0.08294442296028137, 0.6706515550613403, 0.7371204495429993),
            ["LeftUpperArm"] = CFrame.new(1.7881393432617188e-07, 8.344650268554688e-07, 3.259629011154175e-09, 0.7875013947486877, 0.5923011302947998, 0.1703559160232544, -0.5566933751106262, 0.8022121787071228, -0.21575069427490234, -0.26445090770721436, 0.07506784051656723, 0.9614731073379517),
            ["RightLowerArm"] = CFrame.new(1.4156103134155273e-07, 0.000011265277862548828, -0.00003158487379550934, 1, -1.6391277313232422e-07, 0, 9.313224325069314e-08, 0.8322435617446899, -0.5544100403785706, 1.862644971595273e-08, 0.5544102191925049, 0.8322436213493347),
            ["LeftHand"] = CFrame.new(-2.980232238769531e-07, 1.1920928955078125e-07, -7.450580596923828e-09, -0.025874808430671692, 0.03261779248714447, 0.9991329908370972, -0.08266226202249527, 0.9959748983383179, -0.03465525060892105, -0.9962416291236877, -0.08348725736141205, -0.023074446246027946),
