return {
    ["Royals"] = {
        {Time = 0.000, Data = {
            ["RightFoot"] = CFrame.new(7.543712854385376e-08, -5.960464477539063e-08, -1.6931153368204832e-08, 0.9399770498275757, 0.34122562408447266, -0.0028702765703201294, -0.32930874824523926, 0.9048805832862854, -0.26971620321273804, -0.08943679928779602, 0.2544722855091095, 0.9629355669021606),
            ["LeftLowerArm"] = CFrame.new(0.0000014603137969970703, -3.5762786865234375e-07, 0.000004500150680541992, 1, -2.9802322387695312e-08, -7.450581307466564e-08, -1.043081283569336e-07, -0.19502244889736176, -0.9807987809181213, 2.9802322387695312e-08, 0.9807988405227661, -0.19502250850200653),
            ["RightUpperArm"] = CFrame.new(-0.2044777274131775, 0.12653672695159912, 0.02211129665374756, 0.7053843140602112, -0.35220301151275635, 0.6151307821273804, 0.46727675199508667, -0.4214954972267151, -0.7771706581115723, 0.5329967141151428, 0.8356402516365051, -0.13273990154266357),
            ["Head"] = CFrame.new(-5.960464477539063e-08, -8.344650268554688e-07, 7.450580596923828e-09, 0.8230456709861755, 0.12610386312007904, 0.5537992715835571, -0.17251256108283997, 0.9844805598258972, 0.03221190348267555, -0.5411425232887268, -0.12204932421445847, 0.8320268988609314),
            ["RightHand"] = CFrame.new(3.2782554626464844e-07, 0.000001430511474609375, -8.344650268554688e-07, 0.617538332939148, 0.11111551523208618, -0.7786521315574646, 0.13545143604278564, 0.960157036781311, 0.24444130063056946, 0.7747899889945984, -0.25642144680023193, 0.5778835415840149),
            ["UpperTorso"] = CFrame.new(8.381903171539307e-09, 0, 3.009336069226265e-08, 0.9010190367698669, -0.20861060917377472, -0.38032421469688416, 0.13812203705310822, 0.9691066741943359, -0.20433948934078217, 0.4112021028995514, 0.1315826177597046, 0.9019972085952759),
            ["HumanoidRootPart"] = CFrame.new(0, 0, 0, 1, 0, 0, 0, 1, 0, 0, 0, 1),
            ["RightUpperLeg"] = CFrame.new(0, -9.778887033462524e-09, 2.029992174357176e-09, 0.9199630618095398, -0.3304596245288849, 0.21086585521697998, 0.3916100263595581, 0.7988917827606201, -0.45652350783348083, -0.01759646087884903, 0.5025617480278015, 0.8643621206283569),
            ["LeftUpperArm"] = CFrame.new(-0.08907091617584229, -0.1856977939605713, 0.025489240884780884, 0.7537803649902344, 0.6510774493217468, 0.08895577490329742, -0.4306197762489319, 0.3871571719646454, 0.8152768015861511, 0.49636849761009216, -0.6528456807136536, 0.572198212146759),
            ["RightLowerArm"] = CFrame.new(7.152557373046875e-07, 8.344650268554688e-07, -0.0000038817524909973145, 1, -0.0000031441454666492064, 0.000019222507035010494, 0.000019028786482522264, -0.06476971507072449, -0.9979003071784973, 0.0000043883928810828365, 0.9979003071784973, -0.06476978957653046),
            ["LeftHand"] = CFrame.new(-0.0000017881393432617188, -0.0000011920928955078125, 3.5762786865234375e-07, 0.7898893356323242, -0.5986348986625671, -0.13308116793632507, 0.4456028342247009, 0.7093695998191833, -0.5461073517799377, 0.4213229715824127, 0.3720632493495941, 0.8270768523216248),
            ["LeftFoot"] = CFrame.new(4.563480615615845e-08, -1.7881393432617188e-07, 1.1175870895385742e-08, 0.9758700728416443, -0.17987984418869019, -0.1237778440117836, 0.11369188129901886, 0.9025575518608093, -0.4152877628803253, 0.1864185631275177, 0.391194611787796, 0.9012297987937927),
            ["LowerTorso"] = CFrame.new(-0.014126550406217575, -0.19687771797180176, 0.13335150480270386, 0.9922116994857788, 0.05741884186863899, -0.11053992062807083, -0.05264325439929962, 0.9975695610046387, 0.04564893990755081, 0.11289234459400177, -0.03947422280907631, 0.9928228855133057),
            ["RightLowerLeg"] = CFrame.new(-8.940696716308594e-08, -0.0007264018058776855, 0.00004607608570950106, 1, 3.9115558791991134e-08, -1.4901159417490817e-08, -7.823108916227284e-08, 0.6931354999542236, 0.7208071351051331, 5.960463766996327e-08, -0.7208073735237122, 0.693135678768158),
            ["LeftUpperLeg"] = CFrame.new(5.960464477539063e-08, -6.915070116519928e-08, 3.725290298461914e-09, 0.9900379180908203, 0.1406077742576599, -0.0073808226734399796, -0.13008305430412292, 0.8933541178703308, -0.4301127791404724, -0.053883492946624756, 0.4267879128456116, 0.9027450680732727),
            ["LeftLowerLeg"] = CFrame.new(-2.421438694000244e-08, -0.0007264614105224609, 0.00008096545934677124, 1, 6.51925802230835e-08, 2.421438694000244e-08, -5.960464477539063e-08, 0.6763342022895813, 0.7365947365760803, 2.60770320892334e-08, -0.7365949749946594, 0.6763343811035156),
        }},
        {Time = 0.033, Data = {
            ["RightFoot"] = CFrame.new(2.169981598854065e-07, -1.7881393432617188e-07, -9.480572771281004e-09, 0.940393328666687, 0.3398636281490326, -0.012378483079373837, -0.32963794469833374, 0.9019370675086975, -0.27901318669319153, -0.08366189897060394, 0.2664625942707062, 0.9602075219154358),
            ["LeftLowerArm"] = CFrame.new(0.0000011622905731201172, -1.7881393432617188e-07, 0.000004649162292480469, 1, -1.4901157641133977e-08, -9.685753354915505e-08, -1.0430811414607888e-07, -0.17223751544952393, -0.9850555062294006, -1.4901159417490817e-08, 0.9850554466247559, -0.1722376048564911),
            ["RightUpperArm"] = CFrame.new(-0.1995638608932495, 0.12835955619812012, 0.02542021870613098, 0.709801971912384, -0.33927983045578003, 0.6173087954521179, 0.4732864797115326, -0.41936007142066956, -0.7746853232383728, 0.5217097401618958, 0.8420370817184448, -0.1370859295129776),
            ["Head"] = CFrame.new(-2.9802322387695312e-08, -5.960464477539062e-07, 2.9802322387695312e-08, 0.8248629570007324, 0.13890253007411957, 0.5480029582977295, -0.1671101450920105, 0.9859369397163391, 0.0016312205698341131, -0.5400698184967041, -0.09292249381542206, 0.8364747762680054),
            ["RightHand"] = CFrame.new(4.6938657760620117e-07, 8.344650268554688e-07, -8.642673492431641e-07, 0.620668888092041, 0.1093648225069046, -0.7764075994491577, 0.1346341371536255, 0.9606514573097229, 0.242945596575737, 0.7724272608757019, -0.25531983375549316, 0.5815229415893555),
            ["UpperTorso"] = CFrame.new(3.725290298461914e-09, 5.960464477539063e-08, 7.334165275096893e-09, 0.8977454304695129, -0.20411260426044464, -0.3903736472129822, 0.1329168975353241, 0.9703847169876099, -0.20170950889587402, 0.4199838936328888, 0.12919645011425018, 0.8982882499694824),
            ["HumanoidRootPart"] = CFrame.new(0, 0, 0, 1, 0, 0, 0, 1, 0, 0, 0, 1),
            ["RightUpperLeg"] = CFrame.new(2.9802322387695312e-08, -2.514570951461792e-07, 5.75528247281909e-09, 0.9220275282859802, -0.32454752922058105, 0.21103134751319885, 0.3864000141620636, 0.8048716187477112, -0.4504185616970062, -0.023670878261327744, 0.4968406558036804, 0.8675187826156616),
            ["LeftUpperArm"] = CFrame.new(-0.08732688426971436, -0.17492783069610596, 0.02701631188392639, 0.7644982933998108, 0.6394001841545105, 0.08191253989934921, -0.4165610671043396, 0.3930439054965973, 0.8197520971298218, 0.4919545352458954, -0.6608206033706665, 0.566830575466156),
            ["RightLowerArm"] = CFrame.new(1.4901161193847656e-07, 3.5762786865234375e-07, -0.000003859400749206543, 1, -0.0000034347165183135075, 0.00001920760223583784, 0.000019028781025554053, -0.049251239746809006, -0.998786449432373, 0.0000043585891944530886, 0.9987863898277283, -0.04925120249390602),
            ["LeftHand"] = CFrame.new(-0.000001430511474609375, -0.0000010132789611816406, 3.3527612686157227e-07, 0.7916122078895569, -0.5920488834381104, -0.1510891169309616, 0.4283824563026428, 0.7140796780586243, -0.553695797920227, 0.4357048571109772, 0.3735884726047516, 0.8188974261283875),
            ["LeftFoot"] = CFrame.new(-1.0710209608078003e-08, -2.384185791015625e-07, -3.5390257835388184e-08, 0.9754148125648499, -0.18312272429466248, -0.12260470539331436, 0.11614935845136642, 0.8999849557876587, -0.420162558555603, 0.1872837245464325, 0.39559218287467957, 0.899128258228302),
            ["LowerTorso"] = CFrame.new(-0.01040007546544075, -0.19842469692230225, 0.13391727209091187, 0.992354154586792, 0.05416570231318474, -0.11090230941772461, -0.04952521249651909, 0.9977952837944031, 0.04418058693408966, 0.11305086314678192, -0.03835032880306244, 0.9928488731384277),
            ["RightLowerLeg"] = CFrame.new(-4.377216100692749e-08, -0.0007264614105224609, 0.00004613569035427645, 1, 1.2107196312172164e-07, 1.4901161193847656e-08, -5.02914261346632e-08, 0.6984087228775024, 0.7156990766525269, 9.685756197086448e-08, -0.7156992554664612, 0.698408842086792),
            ["LeftUpperLeg"] = CFrame.new(0, -1.1106021702289581e-07, 3.725290298461914e-09, 0.9892977476119995, 0.14556097984313965, -0.01010439358651638, -0.13574741780757904, 0.8927825093269348, -0.42954879999160767, -0.05350448563694954, 0.4263233542442322, 0.9029871821403503),
            ["LeftLowerLeg"] = CFrame.new(-7.450580596923828e-08, -0.0007266402244567871, 0.00008112192153930664, 1, 6.519259443393821e-08, 1.862645149230957e-09, -3.352760913344355e-08, 0.6744580864906311, 0.7383133769035339, 7.4505797087454084e-09, -0.7383132576942444, 0.6744577884674072),
        }},
        {Time = 0.067, Data = {
            ["RightFoot"] = CFrame.new(2.39349901676178e-07, -1.1920928955078125e-07, 2.4047039914876223e-08, 0.9409050345420837, 0.33836379647254944, -0.014412426389753819, -0.32786357402801514, 0.8993911147117615, -0.2891388535499573, -0.08487176895141602, 0.2767772674560547, 0.9571786522865295),
            ["LeftLowerArm"] = CFrame.new(0.0000012516975402832031, -5.364418029785156e-07, 0.000004798173904418945, 1, 4.470347292340193e-08, -1.0430814256778831e-07, -8.940698137394065e-08, -0.1563153713941574, -0.987707257270813, 2.980232594040899e-08, 0.9877071976661682, -0.156315416097641),
            ["RightUpperArm"] = CFrame.new(-0.1962447166442871, 0.13054156303405762, 0.027016252279281616, 0.7106094360351562, -0.3322378993034363, 0.6202030777931213, 0.476142555475235, -0.4218926727771759, -0.7715538144111633, 0.517998456954956, 0.8435783982276917, -0.14160826802253723),
            ["Head"] = CFrame.new(2.2351741790771484e-08, -5.960464477539062e-07, -1.4901161193847656e-08, 0.831541121006012, 0.1388324350118637, 0.5378334522247314, -0.16473114490509033, 0.9863385558128357, 0.00008320249617099762, -0.5304744243621826, -0.08866721391677856, 0.8430510759353638),
            ["RightHand"] = CFrame.new(4.76837158203125e-07, 0.000001430511474609375, -8.940696716308594e-07, 0.6309823393821716, 0.09658336639404297, -0.7697612643241882, 0.15155792236328125, 0.9577558636665344, 0.24440523982048035, 0.7608491778373718, -0.2708788812160492, 0.5896896123886108),
            ["UpperTorso"] = CFrame.new(-1.7695128917694092e-08, -2.9802322387695312e-08, 1.3969838619232178e-08, 0.8957168459892273, -0.20529626309871674, -0.3943914771080017, 0.13806957006454468, 0.9715985059738159, -0.192180335521698, 0.42264413833618164, 0.11768576502799988, 0.8986223936080933),
            ["HumanoidRootPart"] = CFrame.new(0, 0, 0, 1, 0, 0, 0, 1, 0, 0, 0, 1),
            ["RightUpperLeg"] = CFrame.new(-2.9802322387695312e-08, -7.404014468193054e-08, -1.287116901949048e-08, 0.9219923615455627, -0.3246158957481384, 0.21107971668243408, 0.3863084614276886, 0.8082966804504395, -0.4443223178386688, -0.026380812749266624, 0.49120381474494934, 0.8706452250480652),
            ["LeftUpperArm"] = CFrame.new(-0.08639335632324219, -0.16580474376678467, 0.02734316885471344, 0.7685577869415283, 0.6347775459289551, 0.07985152304172516, -0.41292405128479004, 0.3968256711959839, 0.8197703957557678, 0.4886845350265503, -0.6630136370658875, 0.567098081111908),
            ["RightLowerArm"] = CFrame.new(2.384185791015625e-07, 7.152557373046875e-07, -0.000003956258296966553, 1, -0.0000038072462302807253, 0.000019088394765276462, 0.00001908838930830825, -0.032553549855947495, -0.9994699954986572, 0.000004380941845738562, 0.9994699954986572, -0.032553624361753464),
            ["LeftHand"] = CFrame.new(-0.0000016689300537109375, -0.0000010728836059570312, 2.682209014892578e-07, 0.7928152084350586, -0.588707685470581, -0.1576927751302719, 0.41735535860061646, 0.7129808068275452, -0.5634474158287048, 0.44413813948631287, 0.38089609146118164, 0.8109623789787292),
            ["LeftFoot"] = CFrame.new(-4.237517714500427e-08, -1.1920928955078125e-07, -1.4901161193847656e-08, 0.974967360496521, -0.18626165390014648, -0.12143070995807648, 0.1191009059548378, 0.898654580116272, -0.4221789836883545, 0.18776002526283264, 0.3971480131149292, 0.8983427286148071),
            ["LowerTorso"] = CFrame.new(-0.006406502798199654, -0.20067811012268066, 0.13515329360961914, 0.9922393560409546, 0.05550218001008034, -0.11126821488142014, -0.051913630217313766, 0.9980418086051941, 0.034895338118076324, 0.11298708617687225, -0.02884819731116295, 0.993177592754364),
            ["RightLowerLeg"] = CFrame.new(-1.8440186977386475e-07, -0.0007264614105224609, 0.00004607608570950106, 1, 1.0989612775347268e-07, -1.1175873559921001e-08, -5.960465188081798e-08, 0.6949748396873474, 0.7190342545509338, 1.0430814256778831e-07, -0.7190341353416443, 0.6949746608734131),
            ["LeftUpperLeg"] = CFrame.new(-2.9802322387695312e-08, -1.0617077350616455e-07, -3.725290298461914e-09, 0.9893109202384949, 0.14544154703617096, -0.010515723377466202, -0.13635675609111786, 0.8971346616744995, -0.42018598318099976, -0.05167847126722336, 0.4171285927295685, 0.9073771238327026),
            ["LeftLowerLeg"] = CFrame.new(3.5390257835388184e-08, -0.0007265210151672363, 0.00008101761341094971, 1, 8.940699558479537e-08, 3.725290298461914e-08, -4.842878098543224e-08, 0.6761174201965332, 0.7367941737174988, 3.725290742551124e-09, -0.7367939352989197, 0.6761171817779541),
        }},
        {Time = 0.100, Data = {
            ["RightFoot"] = CFrame.new(2.039596438407898e-07, 0, -3.55576048605144e-08, 0.9413059949874878, 0.33717089891433716, -0.016091419383883476, -0.32631537318229675, 0.8967304229736328, -0.29898661375045776, -0.08637986332178116, 0.28668859601020813, 0.9541215896606445),
            ["LeftLowerArm"] = CFrame.new(0.0000011920928955078125, -5.960464477539062e-07, 0.0000041425228118896484, 1, 5.960463766996327e-08, -2.980232594040899e-08, -5.960463766996327e-08, -0.1500648856163025, -0.9886761903762817, 8.940695295223122e-08, 0.988676130771637, -0.15006494522094727),
            ["RightUpperArm"] = CFrame.new(-0.19341886043548584, 0.13064241409301758, 0.028699055314064026, 0.7107186317443848, -0.32624250650405884, 0.6232531070709229, 0.4777818024158478, -0.42642131447792053, -0.7680429220199585, 0.5163366794586182, 0.843641459941864, -0.14719276130199432),
            ["Head"] = CFrame.new(1.4901161193847656e-08, -7.152557373046875e-07, 7.450580596923828e-09, 0.838397204875946, 0.1383979171514511, 0.5271964073181152, -0.1626015603542328, 0.9866918325424194, -0.00043949164682999253, -0.5202412009239197, -0.08535448461771011, 0.8497434854507446),
            ["RightHand"] = CFrame.new(5.960464477539063e-08, 0.0000013113021850585938, -8.642673492431641e-07, 0.6463321447372437, 0.07161829620599747, -0.7596874237060547, 0.18840107321739197, 0.9497845768928528, 0.24982866644859314, 0.7394320368766785, -0.3045981824398041, 0.6003839373588562),
            ["UpperTorso"] = CFrame.new(6.51925802230835e-09, 4.76837158203125e-07, 9.313225746154785e-10, 0.8938659429550171, -0.20778760313987732, -0.3972759544849396, 0.1453198492527008, 0.97255539894104, -0.1817091554403305, 0.4241296350955963, 0.10469156503677368, 0.8995296955108643),
            ["HumanoidRootPart"] = CFrame.new(0, 0, 0, 1, 0, 0, 0, 1, 0, 0, 0, 1),
            ["RightUpperLeg"] = CFrame.new(0, 4.1653402149677277e-07, -1.6952981241047382e-09, 0.9213396310806274, -0.32545703649520874, 0.2126285433769226, 0.387594074010849, 0.8113106489181519, -0.4376595914363861, -0.03006846085190773, 0.4856467843055725, 0.8736379146575928),
            ["LeftUpperArm"] = CFrame.new(-0.08559191226959229, -0.15966200828552246, 0.02784857153892517, 0.770859956741333, 0.6315453052520752, 0.08321769535541534, -0.4134652614593506, 0.396679550409317, 0.819568395614624, 0.48458385467529297, -0.6661800742149353, 0.5669061541557312),
            ["RightLowerArm"] = CFrame.new(1.7881393432617188e-07, 5.960464477539062e-07, -0.0000035241246223449707, 1, -0.000004097819783055456, 0.00001902879012050107, 0.000018998980522155762, -0.015518324449658394, -0.9998795986175537, 0.000004410743713378906, 0.9998795986175537, -0.015518298372626305),
            ["LeftHand"] = CFrame.new(-0.0000013709068298339844, -0.0000010728836059570312, -5.21540641784668e-08, 0.7939530611038208, -0.5867204070091248, -0.15936462581157684, 0.4116586148738861, 0.7116790413856506, -0.5692543983459473, 0.44741010665893555, 0.38635769486427307, 0.8065683245658875),
            ["LeftFoot"] = CFrame.new(-1.3969838619232178e-09, -1.1920928955078125e-07, 1.3969838619232178e-08, 0.9745597839355469, -0.1891215592622757, -0.12027661502361298, 0.12191871553659439, 0.8976283669471741, -0.4235551953315735, 0.1880672574043274, 0.39811602234840393, 0.8978500366210938),
            ["LowerTorso"] = CFrame.new(-0.0027577951550483704, -0.2029515504837036, 0.13646914064884186, 0.9920225739479065, 0.0577736422419548, -0.11204219609498978, -0.05544093996286392, 0.9981775879859924, 0.023827632889151573, 0.11321461945772171, -0.01742582395672798, 0.9934177398681641),
            ["RightLowerLeg"] = CFrame.new(3.725290298461914e-09, -0.0007265806198120117, 0.00004611333861248568, 1, 1.4901166878189542e-07, 2.2351745343485163e-08, -1.247972107876194e-07, 0.6896184682846069, 0.7241728901863098, 9.685753354915505e-08, -0.7241729497909546, 0.6896184682846069),
            ["LeftUpperLeg"] = CFrame.new(-2.9802322387695312e-08, 4.413304850459099e-07, 3.725290298461914e-09, 0.9894925355911255, 0.14422336220741272, -0.010204446502029896, -0.13574518263339996, 0.9023874402046204, -0.40898698568344116, -0.04977714642882347, 0.4060747027397156, 0.912483274936676),
            ["LeftLowerLeg"] = CFrame.new(-5.587935447692871e-08, -0.0007264018058776855, 0.00008095055818557739, 1, 7.264316792543468e-08, 1.3038520485508798e-08, -2.2351747119842003e-08, 0.6779893040657043, 0.7350717186927795, 1.862645504502325e-08, -0.7350718379020691, 0.6779894232749939),
        }},
        {Time = 0.133, Data = {
            ["RightFoot"] = CFrame.new(2.7101486921310425e-07, -5.960464477539063e-08, -5.75528247281909e-09, 0.9414957165718079, 0.3365679979324341, -0.017545100301504135, -0.3253670632839203, 0.8941221237182617, -0.307704895734787, -0.08787613362073898, 0.29541125893592834, 0.9513200521469116),
            ["LeftLowerArm"] = CFrame.new(0.0000016093254089355469, -4.172325134277344e-07, 0.000004887580871582031, 1, 7.450580596923828e-08, -5.215407838932151e-08, -1.1920928955078125e-07, -0.14828340709209442, -0.9889448881149292, 4.470348358154297e-08, 0.9889450073242188, -0.14828351140022278),
            ["RightUpperArm"] = CFrame.new(-0.19150245189666748, 0.1305912733078003, 0.030132174491882324, 0.7110095620155334, -0.3210463523864746, 0.6256155371665955, 0.47853562235832214, -0.43098267912864685, -0.7650210857391357, 0.5152369737625122, 0.8433168530464172, -0.1528007984161377),
            ["Head"] = CFrame.new(-4.470348358154297e-08, -7.152557373046875e-07, 0, 0.8434486985206604, 0.13859723508358002, 0.519023060798645, -0.16147282719612122, 0.9868766069412231, -0.0011260641040280461, -0.5123679041862488, -0.0828583836555481, 0.8547594547271729),
            ["RightHand"] = CFrame.new(-3.725290298461914e-08, 0.0000010728836059570312, -8.642673492431641e-07, 0.660282552242279, 0.046966303139925, -0.7495468854904175, 0.22491031885147095, 0.9398710131645203, 0.2570176124572754, 0.7165488600730896, -0.33828505873680115, 0.6100176572799683),
            ["UpperTorso"] = CFrame.new(1.862645149230957e-09, -2.384185791015625e-07, -2.0954757928848267e-09, 0.8921224474906921, -0.2118021845817566, -0.3990706205368042, 0.15386337041854858, 0.972933828830719, -0.17241248488426208, 0.42478659749031067, 0.092410609126091, 0.9005646705627441),
            ["HumanoidRootPart"] = CFrame.new(0, 0, 0, 1, 0, 0, 0, 1, 0, 0, 0, 1),
            ["RightUpperLeg"] = CFrame.new(2.9802322387695312e-08, -8.032657206058502e-08, 3.892637323588133e-09, 0.920067548751831, -0.32713040709495544, 0.21554936468601227, 0.3902805745601654, 0.8131520748138428, -0.4318159520626068, -0.03401433676481247, 0.48142439126968384, 0.8758273720741272),
            ["LeftUpperArm"] = CFrame.new(-0.08523941040039062, -0.1549466848373413, 0.02831609547138214, 0.7725105285644531, 0.6290215253829956, 0.08694517612457275, -0.41429007053375244, 0.3954905867576599, 0.8197258710861206, 0.481239378452301, -0.6692675948143005, 0.5661183595657349),
            ["RightLowerArm"] = CFrame.new(1.7881393432617188e-07, 6.556510925292969e-07, -0.000003978610038757324, 1, -0.000004380940481496509, 0.000018954278857563622, 0.000019013879864360206, 0.0010516715701669455, -0.9999995231628418, 0.000004351138613856165, 0.9999995231628418, 0.001051664468832314),
            ["LeftHand"] = CFrame.new(-0.0000015497207641601562, -8.344650268554688e-07, 2.5331974029541016e-07, 0.7951278686523438, -0.5847203135490417, -0.16085223853588104, 0.4075736701488495, 0.7116501927375793, -0.5722219347953796, 0.44906070828437805, 0.3894306421279907, 0.8041695952415466),
            ["LeftFoot"] = CFrame.new(7.729977369308472e-08, -1.1920928955078125e-07, -2.0489096641540527e-08, 0.9742530584335327, -0.191165030002594, -0.11952792853116989, 0.12405947595834732, 0.8972293138504028, -0.4237794876098633, 0.1882556825876236, 0.3980398178100586, 0.897844135761261),
            ["LowerTorso"] = CFrame.new(-0.00006551854312419891, -0.2051788568496704, 0.13762375712394714, 0.991713285446167, 0.060914259403944016, -0.11311185359954834, -0.059759095311164856, 0.9981204867362976, 0.013578362762928009, 0.11372637748718262, -0.006706382147967815, 0.9934895038604736),
            ["RightLowerLeg"] = CFrame.new(-2.514570951461792e-08, -0.0007263422012329102, 0.000045971777581144124, 1, 1.3038521728958585e-07, 4.4703490686970326e-08, -7.078052277620372e-08, 0.6836476922035217, 0.7298121452331543, 8.568168397005138e-08, -0.7298122048377991, 0.6836477518081665),
            ["LeftUpperLeg"] = CFrame.new(0, -3.0605588108301163e-07, 0, 0.989843487739563, 0.14188721776008606, -0.00882815569639206, -0.13363876938819885, 0.9075260162353516, -0.39816755056381226, -0.048483096063137054, 0.3953031599521637, 0.9172702431678772),
            ["LeftLowerLeg"] = CFrame.new(-6.146728992462158e-08, -0.0007264614105224609, 0.00008093565702438354, 1, 8.009374852235851e-08, 1.862645149230957e-08, -6.705522537231445e-08, 0.6803464889526367, 0.7328907251358032, 3.3527612686157227e-08, -0.7328906059265137, 0.6803464293479919),
        }},
        {Time = 0.167, Data = {
            ["RightFoot"] = CFrame.new(1.9371509552001953e-07, 5.960464477539063e-08, 5.420588422566652e-09, 0.9414403438568115, 0.3366612493991852, -0.01869076117873192, -0.32506126165390015, 0.8914817571640015, -0.31558769941329956, -0.08958365023136139, 0.3031824827194214, 0.9487124085426331),
            ["LeftLowerArm"] = CFrame.new(7.748603820800781e-07, -2.384185791015625e-07, 0.0000049173831939697266, 1, 5.960463056453591e-08, -5.960465188081798e-08, -1.1920928955078125e-07, -0.1491733342409134, -0.9888111352920532, 2.9802322387695312e-08, 0.9888111352920532, -0.14917334914207458),
            ["RightUpperArm"] = CFrame.new(-0.19048082828521729, 0.13048803806304932, 0.031116709113121033, 0.7119188904762268, -0.31584450602531433, 0.6272269487380981, 0.47936180233955383, -0.4341523051261902, -0.7627086043357849, 0.5132094025611877, 0.8436551690101624, -0.15767733752727509),
            ["Head"] = CFrame.new(-7.450580596923828e-09, -9.5367431640625e-07, -2.2351741790771484e-08, 0.8447071313858032, 0.1393747478723526, 0.5167635679244995, -0.16125336289405823, 0.9869096875190735, -0.0025902180932462215, -0.5103598833084106, -0.08114191144704819, 0.8561242818832397),
            ["RightHand"] = CFrame.new(-7.450580596923828e-09, 0.000001430511474609375, -0.0000013113021850585938, 0.6694505214691162, 0.034402016550302505, -0.7420591711997986, 0.24183985590934753, 0.9344159364700317, 0.26149633526802063, 0.7023884057998657, -0.35451844334602356, 0.6172260046005249),
            ["UpperTorso"] = CFrame.new(3.166496753692627e-08, -2.384185791015625e-07, 9.313225746154785e-09, 0.890407145023346, -0.21742743253707886, -0.39987578988075256, 0.16278871893882751, 0.9725411534309387, -0.16632404923439026, 0.42505887150764465, 0.0830007940530777, 0.9013521671295166),
            ["HumanoidRootPart"] = CFrame.new(0, 0, 0, 1, 0, 0, 0, 1, 0, 0, 0, 1),
            ["RightUpperLeg"] = CFrame.new(0, -1.9013532437384129e-07, 4.823959898203611e-09, 0.9179370999336243, -0.3300783038139343, 0.22009047865867615, 0.3949602246284485, 0.8126137256622314, -0.428562194108963, -0.03738948702812195, 0.48031994700431824, 0.8762959837913513),
            ["LeftUpperArm"] = CFrame.new(-0.08520209789276123, -0.15200185775756836, 0.028641238808631897, 0.7738977074623108, 0.6268811821937561, 0.09001260250806808, -0.41458043456077576, 0.39402514696121216, 0.8202849626541138, 0.47875404357910156, -0.6721339821815491, 0.5648277401924133),
            ["RightLowerArm"] = CFrame.new(3.2782554626464844e-07, 6.556510925292969e-07, -0.000003889203071594238, 1, -0.0000046640629989269655, 0.0000188499761861749, 0.000019043684005737305, 0.016387363895773888, -0.9998657703399658, 0.000004366040229797363, 0.9998657703399658, 0.016387371346354485),
            ["LeftHand"] = CFrame.new(-0.0000013709068298339844, -0.0000013709068298339844, 2.384185791015625e-07, 0.7963188886642456, -0.5826110243797302, -0.16260461509227753, 0.4042781591415405, 0.7125991582870483, -0.5733774304389954, 0.4499283730983734, 0.39085397124290466, 0.8029932379722595),
            ["LeftFoot"] = CFrame.new(-4.7031790018081665e-08, -5.960464477539063e-08, 1.3969838619232178e-08, 0.9740971326828003, -0.19228456914424896, -0.1190020814538002, 0.12547928094863892, 0.8974238038063049, -0.42294877767562866, 0.18812191486358643, 0.3970608413219452, 0.8983056545257568),
            ["LowerTorso"] = CFrame.new(0.0015777237713336945, -0.2071002721786499, 0.13838934898376465, 0.991276741027832, 0.06558258086442947, -0.11432123184204102, -0.06532513350248337, 0.9978460073471069, 0.006000941619277, 0.1144685372710228, 0.0015194579027593136, 0.993425726890564),
            ["RightLowerLeg"] = CFrame.new(-6.891787052154541e-08, -0.0007264614105224609, 0.00004600157990353182, 1, 5.401672709126615e-08, 3.72529100900465e-08, -6.33299421792799e-08, 0.6764325499534607, 0.7365045547485352, 1.1548401346317405e-07, -0.7365045547485352, 0.6764326691627502),
            ["LeftUpperLeg"] = CFrame.new(5.960464477539063e-08, -3.0410592444241047e-07, 7.450580596923828e-09, 0.9904285073280334, 0.13787782192230225, -0.0064141517505049706, -0.12946753203868866, 0.9118956327438354, -0.3894672095775604, -0.0478498600423336, 0.38656970858573914, 0.9210180044174194),
            ["LeftLowerLeg"] = CFrame.new(0, -0.0007268190383911133, 0.00008101016283035278, 1, 7.264315371457997e-08, 2.7939673685750677e-08, -5.0291408371094803e-08, 0.6829397082328796, 0.7304749488830566, 2.2351736461700966e-08, -0.7304748296737671, 0.6829395890235901),
        }},
        {Time = 0.200, Data = {
            ["RightFoot"] = CFrame.new(2.076849341392517e-07, -5.960464477539063e-08, -5.75528247281909e-09, 0.941203773021698, 0.3372705280780792, -0.019597193226218224, -0.32525864243507385, 0.8889459371566772, -0.32246285676956177, -0.09133641421794891, 0.3098771870136261, 0.9463792443275452),
            ["LeftLowerArm"] = CFrame.new(0.0000011324882507324219, -5.960464477539062e-07, 0.0000045299530029296875, 1, 2.980232594040899e-08, -1.0430815677864302e-07, -4.4703490686970326e-08, -0.15024298429489136, -0.9886491298675537, 0, 0.9886491298675537, -0.1502428501844406),
            ["RightUpperArm"] = CFrame.new(-0.18982374668121338, 0.13044774532318115, 0.03176233172416687, 0.7130858898162842, -0.3112237751483917, 0.6282104849815369, 0.48064231872558594, -0.43531253933906555, -0.7612398266792297, 0.5103837847709656, 0.8447738289833069, -0.16082794964313507),
            ["Head"] = CFrame.new(-6.705522537231445e-08, -7.152557373046875e-07, -1.4901161193847656e-08, 0.8437932729721069, 0.13990795612335205, 0.5181108117103577, -0.16122440993785858, 0.9869099259376526, -0.003930618055164814, -0.5118786692619324, -0.08021555840969086, 0.8553045392036438),
            ["RightHand"] = CFrame.new(2.2351741790771484e-07, 6.556510925292969e-07, -0.0000011920928955078125, 0.6738852262496948, 0.03191595897078514, -0.7381458878517151, 0.24290414154529572, 0.9339593648910522, 0.2621403634548187, 0.6977652311325073, -0.3559513986110687, 0.6216293573379517),
            ["UpperTorso"] = CFrame.new(3.91155481338501e-08, -4.172325134277344e-07, -6.984919309616089e-09, 0.8890100121498108, -0.2236141711473465, -0.39957231283187866, 0.17105220258235931, 0.9716525673866272, -0.16319485008716583, 0.4247380793094635, 0.07673408091068268, 0.902058482170105),
            ["HumanoidRootPart"] = CFrame.new(0, 0, 0, 1, 0, 0, 0, 1, 0, 0, 0, 1),
            ["RightUpperLeg"] = CFrame.new(-5.960464477539063e-08, -4.7229696065187454e-07, -1.4151737559586763e-08, 0.9152355790138245, -0.33389928936958313, 0.22551070153713226, 0.4009001553058624, 0.810616672039032, -0.4268254339694977, -0.04028593376278877, 0.48105302453041077, 0.8757654428482056),
            ["LeftUpperArm"] = CFrame.new(-0.0851590633392334, -0.15012133121490479, 0.02887605130672455, 0.7751142382621765, 0.6251000761985779, 0.09191244840621948, -0.4143040180206299, 0.3930279612541199, 0.8209026455879211, 0.47702205181121826, -0.6743730306625366, 0.5636231303215027),
            ["RightLowerArm"] = CFrame.new(2.384185791015625e-07, 5.960464477539063e-08, -0.000003732740879058838, 1, -0.000004887579507339979, 0.00001879037154139951, 0.000018998980522155762, 0.029669545590877533, -0.9995598196983337, 0.000004410743713378906, 0.999559760093689, 0.029669489711523056),
            ["LeftHand"] = CFrame.new(-0.0000011920928955078125, -0.0000012516975402832031, 3.2782554626464844e-07, 0.7974207401275635, -0.5806692838668823, -0.16414287686347961, 0.40143078565597534, 0.713578999042511, -0.5741590857505798, 0.45052582025527954, 0.3919543921947479, 0.8021212220191956),
            ["LeftFoot"] = CFrame.new(-1.862645149230957e-09, 0, -2.8870999813079834e-08, 0.9740397930145264, -0.19267109036445618, -0.11884593218564987, 0.12628485262393951, 0.8981778025627136, -0.421104371547699, 0.1878795623779297, 0.3951641023159027, 0.8991923928260803),
            ["LowerTorso"] = CFrame.new(0.0022780224680900574, -0.20860493183135986, 0.1388195902109146, 0.990723729133606, 0.07121217995882034, -0.11573829501867294, -0.07159032672643661, 0.9974338412284851, 0.0008917673258110881, 0.11550478637218475, 0.007402248680591583, 0.9932793974876404),
            ["RightLowerLeg"] = CFrame.new(1.51805579662323e-07, -0.0007260441780090332, 0.00004604628338711336, 1, 8.754437175184648e-08, -1.4901162970204496e-08, -1.1920927533992653e-07, 0.6695326566696167, 0.7427826523780823, 1.0058282384761696e-07, -0.7427826523780823, 0.6695325374603271),
            ["LeftUpperLeg"] = CFrame.new(8.940696716308594e-08, -4.523899406194687e-07, -2.0954757928848267e-09, 0.991130530834198, 0.1328599750995636, -0.0029470412991940975, -0.12388145178556442, 0.9156697392463684, -0.3823642432689667, -0.04810241609811783, 0.37933799624443054, 0.9240069389343262),
            ["LeftLowerLeg"] = CFrame.new(-1.5832483768463135e-07, -0.0007263422012329102, 0.00008095055818557739, 1, 4.284083843231201e-08, 2.2351741790771484e-08, -7.26431323982979e-08, 0.6863131523132324, 0.7273062467575073, 2.60770232074492e-08, -0.7273062467575073, 0.6863130927085876),
        }},
        {Time = 0.233, Data = {
            ["RightFoot"] = CFrame.new(2.3655593395233154e-07, -2.384185791015625e-07, -2.438173396512866e-08, 0.9409829378128052, 0.3378371000289917, -0.020425375550985336, -0.32556384801864624, 0.886998176574707, -0.32747936248779297, -0.09251749515533447, 0.31480205059051514, 0.9446375966072083),
            ["LeftLowerArm"] = CFrame.new(9.834766387939453e-07, -2.384185791015625e-07, 0.0000049173831939697266, 1, 4.470347647611561e-08, -8.940698847936801e-08, -4.470348358154297e-08, -0.15140172839164734, -0.9884724020957947, -2.9802322387695312e-08, 0.9884723424911499, -0.15140171349048615),
            ["RightUpperArm"] = CFrame.new(-0.18935120105743408, 0.13033735752105713, 0.032280921936035156, 0.7146944403648376, -0.3077574670314789, 0.6280901432037354, 0.4812665283679962, -0.43523791432380676, -0.7608880400657654, 0.5075375437736511, 0.8460810780525208, -0.16294880211353302),
            ["Head"] = CFrame.new(-6.705522537231445e-08, -9.5367431640625e-07, 5.21540641784668e-08, 0.8430822491645813, 0.14000201225280762, 0.5192415714263916, -0.1612354964017868, 0.9869065880775452, -0.004302516113966703, -0.5130454301834106, -0.08009299635887146, 0.854616641998291),
            ["RightHand"] = CFrame.new(3.725290298461914e-08, 0.0000017285346984863281, -0.0000011026859283447266, 0.6759358048439026, 0.029990479350090027, -0.7363497018814087, 0.243964284658432, 0.9337287545204163, 0.26197749376296997, 0.695408046245575, -0.35672295093536377, 0.6238244771957397),
            ["UpperTorso"] = CFrame.new(2.2351741790771484e-08, -1.1920928955078125e-07, 1.7695128917694092e-08, 0.888314962387085, -0.22859393060207367, -0.3982982039451599, 0.17775902152061462, 0.970856249332428, -0.16074803471565247, 0.4234362840652466, 0.07199378311634064, 0.9030606746673584),
            ["HumanoidRootPart"] = CFrame.new(0, 0, 0, 1, 0, 0, 0, 1, 0, 0, 0, 1),
            ["RightUpperLeg"] = CFrame.new(5.960464477539063e-08, -1.5599653124809265e-08, 2.9038346838206053e-08, 0.9129453301429749, -0.33660364151000977, 0.23071391880512238, 0.4057539701461792, 0.8090424537658691, -0.42522236704826355, -0.04352588951587677, 0.48181775212287903, 0.8751897811889648),
            ["LeftUpperArm"] = CFrame.new(-0.08514904975891113, -0.1487741470336914, 0.02907063066959381, 0.7762923836708069, 0.6234959363937378, 0.09286024421453476, -0.4136190116405487, 0.3926423490047455, 0.8214325904846191, 0.4756990671157837, -0.6760804653167725, 0.5626949667930603),
            ["RightLowerArm"] = CFrame.new(5.960464477539063e-08, 5.960464477539062e-07, -0.0000037848949432373047, 1, -0.000005155801773071289, 0.00001884997072920669, 0.000019013883502339013, 0.04018884152173996, -0.9991921186447144, 0.000004373491265141638, 0.9991921186447144, 0.040188807994127274),
            ["LeftHand"] = CFrame.new(-0.000001430511474609375, -0.0000010132789611816406, 1.6391277313232422e-07, 0.7984397411346436, -0.578830361366272, -0.1656770408153534, 0.3988909423351288, 0.7146840691566467, -0.5745545029640198, 0.45097672939300537, 0.39266014099121094, 0.8015225529670715),
            ["LeftFoot"] = CFrame.new(5.587935447692871e-08, -2.384185791015625e-07, -3.91155481338501e-08, 0.9740210771560669, -0.1929049789905548, -0.11862005293369293, 0.12686459720134735, 0.8987075090408325, -0.4197982847690582, 0.18758586049079895, 0.39384329319000244, 0.899832546710968),
            ["LowerTorso"] = CFrame.new(0.0026861652731895447, -0.20978105068206787, 0.1391720324754715, 0.990124523639679, 0.07578252255916595, -0.11794259399175644, -0.0766814723610878, 0.9970508813858032, -0.0030961877200752497, 0.11736011505126953, 0.012109622359275818, 0.993015706539154),
            ["RightLowerLeg"] = CFrame.new(-6.612390279769897e-08, -0.0007264614105224609, 0.00004606118454830721, 1, 1.3224783401710738e-07, 2.2351738238057806e-08, -8.754430069757291e-08, 0.6647306084632874, 0.7470832467079163, 7.078050145992165e-08, -0.7470831274986267, 0.6647305488586426),
            ["LeftUpperLeg"] = CFrame.new(-2.9802322387695312e-08, -2.635642886161804e-07, 1.6763806343078613e-08, 0.9916396141052246, 0.1290358006954193, 0.0007852722774259746, -0.11925909668207169, 0.9187955260276794, -0.3762871325016022, -0.049275953322649, 0.37304770946502686, 0.9265027642250061),
            ["LeftLowerLeg"] = CFrame.new(6.705522537231445e-08, -0.0007266998291015625, 0.00008106976747512817, 1, 6.891787762697277e-08, 1.8626444386882213e-08, -6.89178563106907e-08, 0.6891497373580933, 0.7246193885803223, 1.1175868230850483e-08, -0.7246190309524536, 0.6891493201255798),
        }},
        {Time = 0.267, Data = {
            ["RightFoot"] = CFrame.new(2.7194619178771973e-07, 0, -2.029992174357176e-09, 0.9407699108123779, 0.3383796513080597, -0.021245496347546577, -0.3260021209716797, 0.8855845332145691, -0.33085137605667114, -0.09313873201608658, 0.31818118691444397, 0.9434436559677124),
            ["LeftLowerArm"] = CFrame.new(0.0000013113021850585938, -5.960464477539062e-07, 0.000004857778549194336, 1, 4.4703490686970326e-08, -6.705523247774181e-08, -8.940696716308594e-08, -0.152561217546463, -0.9882940649986267, 4.470348358154297e-08, 0.9882941246032715, -0.15256117284297943),
            ["RightUpperArm"] = CFrame.new(-0.18901705741882324, 0.1304762363433838, 0.03271140158176422, 0.7171341180801392, -0.30413421988487244, 0.6270734667778015, 0.481846421957016, -0.4337019920349121, -0.7613977193832397, 0.5035302042961121, 0.8481774926185608, -0.16447655856609344),
            ["Head"] = CFrame.new(1.4901161193847656e-08, -4.76837158203125e-07, 3.725290298461914e-08, 0.8424104452133179, 0.139130637049675, 0.5205645561218262, -0.16107012331485748, 0.9869380593299866, -0.003123755333945155, -0.5141996145248413, -0.08121588826179504, 0.8538166880607605),
            ["RightHand"] = CFrame.new(8.940696716308594e-08, 7.152557373046875e-07, -4.172325134277344e-07, 0.6769973039627075, 0.02875860035419464, -0.7354229688644409, 0.24459996819496155, 0.9336463809013367, 0.26167792081832886, 0.6941509246826172, -0.35703974962234497, 0.6250422596931458),
            ["UpperTorso"] = CFrame.new(-2.0489096641540527e-08, 8.940696716308594e-08, -1.862645149230957e-08, 0.888277530670166, -0.23181679844856262, -0.3965151011943817, 0.18258465826511383, 0.9703657031059265, -0.15828225016593933, 0.4214569926261902, 0.06820082664489746, 0.9042800664901733),
            ["HumanoidRootPart"] = CFrame.new(0, 0, 0, 1, 0, 0, 0, 1, 0, 0, 0, 1),
            ["RightUpperLeg"] = CFrame.new(-2.9802322387695312e-08, -3.1548552215099335e-07, -2.4047039914876223e-08, 0.9112042188644409, -0.3378657400608063, 0.2356981635093689, 0.4092181324958801, 0.8082016706466675, -0.42349833250045776, -0.04740605130791664, 0.4823451042175293, 0.8746974468231201),
            ["LeftUpperArm"] = CFrame.new(-0.0850977897644043, -0.14774000644683838, 0.02923087775707245, 0.7776356339454651, 0.6217824220657349, 0.09311032295227051, -0.41252389550209045, 0.39285069704055786, 0.8218832015991211, 0.47445419430732727, -0.6775360703468323, 0.5619950890541077),
            ["RightLowerArm"] = CFrame.new(-2.9802322387695312e-08, 0, -0.0000037178397178649902, 1, -0.000005215405963099329, 0.00001873076325864531, 0.000019028781025554053, 0.04703056812286377, -0.9988934993743896, 0.000004395842097437708, 0.9988934397697449, 0.04703068360686302),
            ["LeftHand"] = CFrame.new(-0.0000018477439880371094, -0.0000013709068298339844, 2.5331974029541016e-07, 0.7993868589401245, -0.5770973563194275, -0.1671493649482727, 0.39646971225738525, 0.7157117128372192, -0.5749513506889343, 0.451433926820755, 0.3933389186859131, 0.8009320497512817),
            ["LeftFoot"] = CFrame.new(-1.210719347000122e-08, -1.1920928955078125e-07, 2.7939677238464355e-09, 0.9740127325057983, -0.19298839569091797, -0.11855292320251465, 0.12708036601543427, 0.8989273905754089, -0.41926130652427673, 0.1874830424785614, 0.39330026507377625, 0.9000917673110962),
