return {
    ["Rude Shuffle"] = {
        {Time = 0.000, Data = {
            ["LeftFoot"] = CFrame.new(-0.0001331828534603119, 0.000006735324859619141, 0.0012347549200057983, 0.9997328519821167, 0.007207229267805815, 0.021973377093672752, -0.018416399136185646, 0.8220154643058777, 0.5691663026809692, -0.013966484926640987, -0.569419801235199, 0.8219287395477295),
            ["LeftLowerArm"] = CFrame.new(-2.9802322387695312e-08, 1.1920928955078125e-07, 3.2782554626464844e-07, 1, -2.1047893028480757e-07, 2.0861631355728605e-07, 2.60770320892334e-07, 0.998672366142273, -0.051513779908418655, -1.7136335372924805e-07, 0.05151381343603134, 0.998672366142273),
            ["LowerTorso"] = CFrame.new(0.010072346776723862, 0.010524511337280273, -0.08168785274028778, 0.9899620413780212, 0.12473280727863312, -0.06645990908145905, -0.12666502594947815, 0.9916130304336548, -0.02568300999701023, 0.06269899755716324, 0.033843353390693665, 0.9974585175514221),
            ["Head"] = CFrame.new(2.2351741790771484e-08, -7.152557373046875e-07, 3.725290298461914e-09, 0.9820230603218079, -0.08570810407400131, -0.16818128526210785, 0.0901653990149498, 0.9957450032234192, 0.01903357170522213, 0.16583432257175446, -0.03385554254055023, 0.985572338104248),
            ["RightUpperArm"] = CFrame.new(1.1920928955078125e-07, -5.960464477539062e-07, 2.2351741790771484e-08, 0.7905715107917786, 0.09981614351272583, 0.6041799187660217, 0.34492650628089905, 0.7426416873931885, -0.5740289092063904, -0.5059865117073059, 0.6622084379196167, 0.5526820421218872),
            ["UpperTorso"] = CFrame.new(-3.864988684654236e-08, -1.1920928955078125e-07, -3.259629011154175e-09, 0.9781063795089722, -0.040644124150276184, 0.20409777760505676, 0.029541565105319023, 0.997928261756897, 0.05715459585189819, -0.20599789917469025, -0.049873918294906616, 0.9772806167602539),
            ["HumanoidRootPart"] = CFrame.new(0, 0, 0, 1, 0, 0, 0, 1, 0, 0, 0, 1),
            ["RightHand"] = CFrame.new(-2.384185791015625e-07, 1.1920928955078125e-07, -4.973262548446655e-07, 0.8728605508804321, -0.48713356256484985, -0.02855537086725235, 0.4743189811706543, 0.8607332110404968, -0.1848239302635193, 0.11461247503757477, 0.14778117835521698, 0.9823567271232605),
            ["LeftUpperArm"] = CFrame.new(2.384185791015625e-07, -1.1920928955078125e-07, -1.6763806343078613e-08, 0.9253294467926025, 0.33656448125839233, 0.17461371421813965, -0.343447208404541, 0.5488694906234741, 0.7620935440063477, 0.1606535017490387, -0.7651580572128296, 0.623477041721344),
            ["RightLowerArm"] = CFrame.new(-3.5762786865234375e-07, -8.344650268554688e-07, 5.960464477539063e-08, 1, -1.2665985593685036e-07, -1.5133993258586997e-07, 1.4901161193847656e-08, 0.7943542003631592, -0.6074548959732056, 1.1920928955078125e-07, 0.6074548363685608, 0.794354259967804),
            ["LeftHand"] = CFrame.new(-2.942979335784912e-07, 0, -2.384185791015625e-07, 0.8551096320152283, 0.5132640600204468, 0.07312730699777603, -0.5184462666511536, 0.8468506932258606, 0.1185644194483757, -0.0010730178328230977, -0.13929808139801025, 0.9902499318122864),
            ["RightUpperLeg"] = CFrame.new(5.960464477539063e-08, 1.866137608885765e-07, -2.4047039914876223e-08, 0.9950289726257324, -0.011952663771808147, -0.0988570898771286, -0.027699481695890427, 0.9203447699546814, -0.3901258111000061, 0.0956563651561737, 0.39092543721199036, 0.9154393076896667),
            ["LeftUpperLeg"] = CFrame.new(0, 3.771856427192688e-07, -1.4901161193847656e-08, 0.9755048751831055, 0.11433542519807816, 0.18794500827789307, 0.08413927257061005, 0.5954774618148804, -0.7989537119865417, -0.20325088500976562, 0.7951942682266235, 0.5712703466415405),
            ["RightLowerLeg"] = CFrame.new(-7.078051567077637e-08, -0.000003635883331298828, -0.000013252887583803385, 1, -0.0000060871207097079605, -0.000003166497208439978, 0.0000061020241446385626, 0.5833779573440552, 0.8122007250785828, -0.0000031366937491839053, -0.8122007846832275, 0.583378255367279),
            ["RightFoot"] = CFrame.new(7.450580596923828e-09, 0.0000034570693969726562, -1.2310192687436938e-07, 0.9838608503341675, 0.1690835952758789, 0.05852119252085686, -0.16164831817150116, 0.9801832437515259, -0.11451591551303864, -0.07673132419586182, 0.10320638120174408, 0.991696298122406),
            ["LeftLowerLeg"] = CFrame.new(0.00007478520274162292, 0.000003874301910400391, -0.0012266412377357483, 0.9999068379402161, 0.011229258030653, 0.007766079157590866, -0.011179882101714611, 0.34709614515304565, 0.9377628564834595, 0.007833710871636868, -0.9377623200416565, 0.34718963503837585),
        }},
        {Time = 0.033, Data = {
            ["LeftFoot"] = CFrame.new(-0.00013319996651262045, 0.000006794929504394531, 0.0012347735464572906, 0.9991187453269958, -0.022972147911787033, -0.035121165215969086, 0.03983750194311142, 0.7827574014663696, 0.6210508346557617, 0.013214324600994587, -0.6219027638435364, 0.7829830646514893),
            ["LeftLowerArm"] = CFrame.new(6.258487701416016e-07, 2.384185791015625e-07, -5.960464477539063e-08, 1, -2.905726432800293e-07, 1.7881393432617188e-07, 2.6822092991096724e-07, 0.9797514081001282, -0.2002180814743042, -1.1175872316471214e-07, 0.20021820068359375, 0.9797513484954834),
            ["LowerTorso"] = CFrame.new(0.007195139303803444, 0.04924201965332031, -0.1353052258491516, 0.9849892854690552, 0.11873748153448105, -0.12529005110263824, -0.12533612549304962, 0.9910407662391663, -0.04614127427339554, 0.11868886649608612, 0.061152029782533646, 0.9910466074943542),
            ["Head"] = CFrame.new(-4.0978193283081055e-08, 1.1920928955078125e-07, 5.587935447692871e-09, 0.9882557988166809, -0.10915957391262054, -0.1069330945611, 0.11538922041654587, 0.99185711145401, 0.05389709025621414, 0.10017896443605423, -0.06560304015874863, 0.9928042888641357),
            ["RightUpperArm"] = CFrame.new(0, 2.384185791015625e-07, -2.2351741790771484e-08, 0.7183270454406738, 0.15399056673049927, 0.6784489750862122, 0.456187903881073, 0.6320189833641052, -0.6264541745185852, -0.5252606868743896, 0.7594991326332092, 0.38374772667884827),
            ["UpperTorso"] = CFrame.new(-3.91155481338501e-08, 8.940696716308594e-08, 1.862645149230957e-08, 0.9719414114952087, -0.0274624302983284, 0.23361478745937347, 0.013434531167149544, 0.9980210661888123, 0.061428092420101166, -0.23483943939208984, -0.056565992534160614, 0.9703869223594666),
            ["HumanoidRootPart"] = CFrame.new(0, 0, 0, 1, 0, 0, 0, 1, 0, 0, 0, 1),
            ["RightHand"] = CFrame.new(4.172325134277344e-07, -1.1920928955078125e-07, -5.960464477539063e-08, 0.8702961802482605, -0.4911695718765259, -0.03656649962067604, 0.47545745968818665, 0.8571896553039551, -0.19790497422218323, 0.12854929268360138, 0.15485015511512756, 0.9795389175415039),
            ["LeftUpperArm"] = CFrame.new(5.960464477539063e-08, 3.5762786865234375e-07, 2.3283064365386963e-08, 0.7512894868850708, 0.29515019059181213, 0.5902969241142273, -0.6576286554336548, 0.41011399030685425, 0.6319265961647034, -0.055575691163539886, -0.8629559278488159, 0.5022134780883789),
            ["RightLowerArm"] = CFrame.new(6.556510925292969e-07, 4.76837158203125e-07, -1.1920928955078125e-07, 1, -1.3783574104309082e-07, -5.960465188081798e-08, 4.4703494239684005e-08, 0.7202253937721252, -0.6937400698661804, 1.0430815677864302e-07, 0.6937401294708252, 0.7202253937721252),
            ["LeftHand"] = CFrame.new(-2.5331974029541016e-07, 4.172325134277344e-07, -4.76837158203125e-07, 0.80157870054245, 0.5768076181411743, 0.15736760199069977, -0.5943224430084229, 0.7974087595939636, 0.10449938476085663, -0.0652102380990982, -0.17729148268699646, 0.9819955825805664),
            ["RightUpperLeg"] = CFrame.new(0, 1.5692785382270813e-07, -1.6952981241047382e-09, 0.9701389074325562, -0.10007620602846146, -0.22093088924884796, 0.01064575556665659, 0.9275902509689331, -0.37344852089881897, 0.24231652915477753, 0.3599458634853363, 0.9009582996368408),
            ["LeftUpperLeg"] = CFrame.new(2.9802322387695312e-08, 7.040798664093018e-07, 1.862645149230957e-08, 0.9564222097396851, 0.0822971910238266, 0.28016212582588196, 0.113490529358387, 0.7792646884918213, -0.6163325309753418, -0.26902878284454346, 0.6212678551673889, 0.7359642386436462),
            ["RightLowerLeg"] = CFrame.new(4.470348358154297e-08, -0.000003635883331298828, -0.000013290140486788005, 1, -3.5762778338721546e-07, -1.8626447229053156e-07, 3.669411796636268e-07, 0.5622866749763489, 0.8269420266151428, -1.5646223516796454e-07, -0.826942503452301, 0.5622873306274414),
            ["RightFoot"] = CFrame.new(-2.3283064365386963e-08, 0.0000036954879760742188, -6.908521754667163e-08, 0.9999788999557495, 0.006246763281524181, 0.0018545362399891019, -0.005848743952810764, 0.9862503409385681, -0.16515396535396576, -0.00286010536365211, 0.16514043509960175, 0.9862661361694336),
            ["LeftLowerLeg"] = CFrame.new(0.00007493048906326294, 0.0000035762786865234375, -0.0012265779078006744, 0.999965250492096, 0.007821380160748959, 0.002898226259276271, -0.007802332751452923, 0.7544695138931274, 0.6562886238098145, 0.0029460215009748936, -0.6562884449958801, 0.7545045018196106),
        }},
        {Time = 0.067, Data = {
            ["LeftFoot"] = CFrame.new(-0.00013318099081516266, 0.000006973743438720703, 0.0012347884476184845, 0.9883651733398438, -0.09700703620910645, -0.11716245114803314, 0.14609704911708832, 0.8197393417358398, 0.5537893176078796, 0.042309392243623734, -0.5644617676734924, 0.8243727087974548),
            ["LeftLowerArm"] = CFrame.new(-1.7881393432617188e-07, 1.7881393432617188e-07, -2.9802322387695312e-08, 1, -2.1606686573250045e-07, 2.1234160385574796e-07, 2.682209014892578e-07, 0.9524918794631958, -0.3045641779899597, -1.1920928955078125e-07, 0.30456414818763733, 0.9524918794631958),
            ["LowerTorso"] = CFrame.new(0.020109031349420547, 0.033548593521118164, -0.20287826657295227, 0.9815776348114014, 0.052790317684412, -0.1836259663105011, -0.06806044280529022, 0.9946374893188477, -0.07787233591079712, 0.17853035032749176, 0.08893540501594543, 0.9799068570137024),
            ["Head"] = CFrame.new(1.0244548320770264e-08, 1.1920928955078125e-07, 2.60770320892334e-08, 0.9947985410690308, -0.08953973650932312, -0.04856392368674278, 0.09519991278648376, 0.9868552088737488, 0.13059063255786896, 0.036232516169548035, -0.13453464210033417, 0.9902462959289551),
            ["RightUpperArm"] = CFrame.new(3.5762786865234375e-07, 0, 5.960464477539063e-08, 0.6930744051933289, 0.23701593279838562, 0.6807873249053955, 0.5381098389625549, 0.458310067653656, -0.707382321357727, -0.4796726107597351, 0.8566068410873413, 0.19010227918624878),
            ["UpperTorso"] = CFrame.new(2.7939677238464355e-08, -2.9802322387695312e-08, -2.9802322387695312e-08, 0.9629330635070801, 0.03241106867790222, 0.26778626441955566, -0.04477895796298981, 0.9981875419616699, 0.04020676761865616, -0.2659977674484253, -0.0507076159119606, 0.9626391530036926),
            ["HumanoidRootPart"] = CFrame.new(0, 0, 0, 1, 0, 0, 0, 1, 0, 0, 0, 1),
            ["RightHand"] = CFrame.new(-6.556510925292969e-07, 2.980232238769531e-07, -2.086162567138672e-07, 0.8460217714309692, -0.5175906419754028, -0.12785567343235016, 0.47840645909309387, 0.8428492546081543, -0.24643929302692413, 0.23531769216060638, 0.14732615649700165, 0.9606876373291016),
            ["LeftUpperArm"] = CFrame.new(0, 5.960464477539062e-07, 1.0337680578231812e-07, 0.3666049838066101, 0.253005713224411, 0.8953149914741516, -0.9047982096672058, 0.32104992866516113, 0.2797631323337555, -0.21665918827056885, -0.9126418232917786, 0.3466176390647888),
            ["RightLowerArm"] = CFrame.new(2.980232238769531e-07, -2.384185791015625e-07, 1.564621925354004e-07, 1, -1.4901162614933128e-07, -7.450580596923828e-08, 5.960464477539063e-08, 0.7156216502189636, -0.6984880566596985, 1.2665987014770508e-07, 0.6984881162643433, 0.7156217098236084),
            ["LeftHand"] = CFrame.new(8.940696716308594e-08, -4.172325134277344e-07, 2.086162567138672e-07, 0.691756546497345, 0.6496692299842834, 0.31528210639953613, -0.6902060508728027, 0.7232106328010559, 0.024127144366502762, -0.21234065294265747, -0.2342996895313263, 0.9486913681030273),
            ["RightUpperLeg"] = CFrame.new(1.1920928955078125e-07, 2.728775143623352e-07, -6.129994289949536e-08, 0.9356650114059448, -0.0966259092092514, -0.3393939733505249, -0.01606125570833683, 0.9491190910339355, -0.314508318901062, 0.3525238335132599, 0.2997269928455353, 0.8865079283714294),
            ["LeftUpperLeg"] = CFrame.new(5.960464477539063e-08, 1.8440186977386475e-07, 7.450580596923828e-09, 0.9249330759048462, 0.14839555323123932, 0.34998127818107605, 0.08895386755466461, 0.8106120824813843, -0.5787865519523621, -0.36957550048828125, 0.5664685964584351, 0.7365590929985046),
            ["RightLowerLeg"] = CFrame.new(8.940696716308594e-08, -0.0000034570693969726562, -0.000013364646292757243, 1, 0.000003121792815363733, 0.0000014565885066986084, -0.0000030696387511852663, 0.6152343153953552, 0.7883437275886536, 0.0000015124676338018617, -0.7883442640304565, 0.6152350306510925),
            ["RightFoot"] = CFrame.new(2.2351741790771484e-08, 0.000003635883331298828, -9.888753993436694e-08, 0.9963147640228271, -0.08285839855670929, -0.022110193967819214, 0.07814846187829971, 0.983329713344574, -0.16418664157390594, 0.03535117581486702, 0.16185596585273743, 0.9861815571784973),
            ["LeftLowerLeg"] = CFrame.new(0.00007478147745132446, 0.0000036954879760742188, -0.001226678490638733, 0.99997478723526, 0.006789627019315958, 0.0020996234379708767, -0.00677556823939085, 0.821914792060852, 0.5695696473121643, 0.002141106640920043, -0.5695699453353882, 0.8219404220581055),
        }},
        {Time = 0.100, Data = {
            ["LeftFoot"] = CFrame.new(-0.0001332014799118042, 0.000006973743438720703, 0.0012348853051662445, 0.9831995964050293, -0.1250954121351242, -0.13294728100299835, 0.1744914948940277, 0.8578934073448181, 0.48329073190689087, 0.05358618497848511, -0.4983675181865692, 0.8653063774108887),
            ["LeftLowerArm"] = CFrame.new(1.4901161193847656e-07, -2.980232238769531e-07, 1.2665987014770508e-07, 1, -1.9371505288745539e-07, 2.3096797008292924e-07, 3.017484857537056e-07, 0.9176018834114075, -0.39750078320503235, -1.4156101713069802e-07, 0.3975008428096771, 0.9176018238067627),
            ["LowerTorso"] = CFrame.new(0.014307836070656776, -0.013108253479003906, -0.2656615376472473, 0.9786224365234375, 0.04494196176528931, -0.20069512724876404, -0.060180846601724625, 0.9956958889961243, -0.0704839676618576, 0.19666361808776855, 0.0810551792383194, 0.9771149754524231),
            ["Head"] = CFrame.new(2.1420419216156006e-08, -3.5762786865234375e-07, -1.30385160446167e-08, 0.9970565438270569, -0.07546360045671463, -0.013554510660469532, 0.07666833698749542, 0.9797765016555786, 0.18482431769371033, -0.0006671185255981982, -0.1853194683790207, 0.9826781749725342),
            ["RightUpperArm"] = CFrame.new(2.384185791015625e-07, 0, 2.9802322387695312e-08, 0.7289526462554932, 0.3090493381023407, 0.6108327507972717, 0.5564022660255432, 0.2523428201675415, -0.7916688919067383, -0.3988040089607239, 0.9169578552246094, 0.011990195140242577),
            ["UpperTorso"] = CFrame.new(-1.4901161193847656e-08, -5.960464477539063e-08, -2.60770320892334e-08, 0.9566011428833008, 0.054815132170915604, 0.2861986756324768, -0.05669253692030907, 0.998390257358551, -0.0017286401707679033, -0.2858327031135559, -0.01457170955836773, 0.9581688046455383),
            ["HumanoidRootPart"] = CFrame.new(0, 0, 0, 1, 0, 0, 0, 1, 0, 0, 0, 1),
            ["RightHand"] = CFrame.new(4.172325134277344e-07, 0, 7.450580596923828e-09, 0.732430636882782, -0.5881070494651794, -0.3430387079715729, 0.5035907030105591, 0.8070380687713623, -0.3083603084087372, 0.45819413661956787, 0.05310150608420372, 0.887264609336853),
            ["LeftUpperArm"] = CFrame.new(5.960464477539063e-08, 1.1920928955078125e-07, -1.1175870895385742e-07, -0.017181919887661934, 0.2571321129798889, 0.9662234783172607, -0.9590755105018616, 0.26892486214637756, -0.08862125873565674, -0.2826289236545563, -0.9282038807868958, 0.24198852479457855),
            ["RightLowerArm"] = CFrame.new(-4.470348358154297e-07, -1.1920928955078125e-07, 5.364418029785156e-07, 1, -1.0430809993522416e-07, -9.685752644372769e-08, 4.470348358154297e-08, 0.771953284740448, -0.6356791853904724, 1.4156103134155273e-07, 0.6356791853904724, 0.771953284740448),
            ["LeftHand"] = CFrame.new(1.1920928955078125e-07, -2.384185791015625e-07, 0, 0.5167331099510193, 0.690803587436676, 0.5057443976402283, -0.7831451892852783, 0.6200747489929199, -0.04680769518017769, -0.34593433141708374, -0.3718840479850769, 0.8614127039909363),
            ["RightUpperLeg"] = CFrame.new(5.960464477539063e-08, -4.936009645462036e-08, 2.8107024263590574e-08, 0.952124834060669, -0.0788688212633133, -0.2953512668609619, -0.02643292397260666, 0.9412833452224731, -0.33658215403556824, 0.3045644462108612, 0.32827648520469666, 0.8941365480422974),
            ["LeftUpperLeg"] = CFrame.new(0, 1.0058283805847168e-07, -7.450580596923828e-09, 0.8562371134757996, 0.18505670130252838, 0.48230981826782227, 0.15131738781929016, 0.8028445243835449, -0.5766651034355164, -0.4939243793487549, 0.5667403936386108, 0.6594198346138),
            ["RightLowerLeg"] = CFrame.new(5.960464477539063e-08, -0.0000033974647521972656, -0.000013364646292757243, 1, -0.0000010728831512096804, -5.811450591863832e-07, 0.0000011324876822982333, 0.6408012509346008, 0.7677061557769775, -4.7311164053098764e-07, -0.7677068114280701, 0.6408020257949829),
            ["RightFoot"] = CFrame.new(-1.0058283805847168e-07, 0.0000032782554626464844, -7.653579814359546e-08, 0.99824458360672, -0.055420100688934326, -0.020857511088252068, 0.05432843044400215, 0.9972600340843201, -0.05022212490439415, 0.023586811497807503, 0.049002330750226974, 0.9985203146934509),
            ["LeftLowerLeg"] = CFrame.new(0.00007478147745132446, 0.0000036954879760742188, -0.0012263506650924683, 0.9999721646308899, 0.007099655922502279, 0.00232773763127625, -0.0070841023698449135, 0.8021635413169861, 0.5970616340637207, 0.0023712890688329935, -0.5970621109008789, 0.8021920919418335),
        }},
        {Time = 0.133, Data = {
            ["LeftFoot"] = CFrame.new(-0.0001331828534603119, 0.0000069141387939453125, 0.0012349211610853672, 0.9888575077056885, -0.1146010085940361, -0.0950288474559784, 0.14108777046203613, 0.9250659942626953, 0.35262778401374817, 0.04748794436454773, -0.36210423707962036, 0.9309259653091431),
            ["LeftLowerArm"] = CFrame.new(5.364418029785156e-07, 0, -2.9802322387695312e-08, 1, -1.8626444386882213e-07, 2.533197118737007e-07, 2.607702640489151e-07, 0.8762365579605103, -0.4818812608718872, -1.3411042232291948e-07, 0.4818812608718872, 0.8762364983558655),
            ["LowerTorso"] = CFrame.new(0.005106314551085234, -0.08306765556335449, -0.32339945435523987, 0.9833352565765381, 0.0360850915312767, -0.17818433046340942, -0.048277951776981354, 0.9967445135116577, -0.06457240879535675, 0.17527414858341217, 0.07209869474172592, 0.9818761348724365),
            ["Head"] = CFrame.new(1.862645149230957e-09, -7.152557373046875e-07, -7.450580596923828e-09, 0.9982674717903137, -0.05880923941731453, 0.0018993811681866646, 0.05732139199972153, 0.9792840480804443, 0.19420894980430603, -0.013281295076012611, -0.19376356899738312, 0.9809584617614746),
            ["RightUpperArm"] = CFrame.new(0, -2.384185791015625e-07, 0, 0.8108333945274353, 0.36452969908714294, 0.45789453387260437, 0.47729671001434326, 0.04094642773270607, -0.877787709236145, -0.3387288451194763, 0.9302911162376404, -0.14078815281391144),
            ["UpperTorso"] = CFrame.new(-1.1175870895385742e-08, -2.9802322387695312e-08, 5.2852556109428406e-08, 0.9539470672607422, 0.07835828512907028, 0.28956010937690735, -0.0693359375, 0.9967379570007324, -0.04130353406071663, -0.2918519973754883, 0.01932445541024208, 0.9562682509422302),
            ["HumanoidRootPart"] = CFrame.new(0, 0, 0, 1, 0, 0, 0, 1, 0, 0, 0, 1),
            ["RightHand"] = CFrame.new(-5.960464477539063e-08, 2.384185791015625e-07, 1.3597309589385986e-07, 0.4927426874637604, -0.6653103232383728, -0.56086266040802, 0.5819871425628662, 0.7311364412307739, -0.3559923470020294, 0.6469123959541321, -0.15100201964378357, 0.7474640607833862),
            ["LeftUpperArm"] = CFrame.new(1.7881393432617188e-07, -7.152557373046875e-07, -1.6763806343078613e-08, -0.2849307954311371, 0.30631476640701294, 0.9082872867584229, -0.9042007923126221, 0.2286394089460373, -0.36075612902641296, -0.3181752860546112, -0.9240646362304688, 0.21182364225387573),
            ["RightLowerArm"] = CFrame.new(-2.9802322387695312e-08, -3.5762786865234375e-07, -2.086162567138672e-07, 1, -1.043081283569336e-07, -9.499490261077881e-08, 5.587935447692871e-08, 0.8400217294692993, -0.5425527691841125, 1.4901161193847656e-07, 0.5425527691841125, 0.8400217890739441),
            ["LeftHand"] = CFrame.new(-2.980232238769531e-07, 2.384185791015625e-07, -1.7881393432617188e-07, 0.3180685341358185, 0.7458899021148682, 0.585218608379364, -0.8822190165519714, 0.45889249444007874, -0.10539156943559647, -0.34716299176216125, -0.48276907205581665, 0.8039974570274353),
            ["RightUpperLeg"] = CFrame.new(0, 2.868473529815674e-07, 2.8107024263590574e-08, 0.9501387476921082, -0.08198189735412598, -0.30084824562072754, -0.014305191114544868, 0.9523382782936096, -0.3047091066837311, 0.3114992380142212, 0.2938211262226105, 0.9036829471588135),
            ["LeftUpperLeg"] = CFrame.new(0, 2.4028122425079346e-07, 5.21540641784668e-08, 0.8690148591995239, 0.1625600904226303, 0.46733033657073975, 0.1552172750234604, 0.8072560429573059, -0.5694243311882019, -0.46980932354927063, 0.5673729181289673, 0.6762827634811401),
            ["RightLowerLeg"] = CFrame.new(3.725290298461914e-08, -0.0000037550926208496094, -0.000013215634680818766, 1, 0.0000011175865211043856, 5.923210437686066e-07, -0.0000010728834922701935, 0.6116664409637451, 0.7911151647567749, 5.438923267320206e-07, -0.7911158204078674, 0.611667275428772),
            ["RightFoot"] = CFrame.new(-1.30385160446167e-08, 0.0000034570693969726562, -5.3252733778208494e-08, 0.9991897344589233, -0.039251476526260376, -0.008862095884978771, 0.03663647919893265, 0.9783612489700317, -0.20363523066043854, 0.01666654273867607, 0.20314717292785645, 0.9790067672729492),
            ["LeftLowerLeg"] = CFrame.new(0.00007487088441848755, 0.000003635883331298828, -0.0012267082929611206, 0.9999666213989258, 0.007688896730542183, 0.002780107781291008, -0.007670546881854534, 0.7647775411605835, 0.6442488431930542, 0.0028269225731492043, -0.6442486047744751, 0.7648109197616577),
        }},
        {Time = 0.167, Data = {
            ["LeftFoot"] = CFrame.new(-0.00013324618339538574, 0.000006735324859619141, 0.001234712079167366, 0.9997343420982361, -0.02018781192600727, -0.01110769435763359, 0.022010700777173042, 0.9794914126396179, 0.2002805471420288, 0.006834758445620537, -0.2004721611738205, 0.9796757102012634),
            ["LeftLowerArm"] = CFrame.new(1.7881393432617188e-07, 0, 5.21540641784668e-07, 1, -2.2910535335540771e-07, 2.831220911048149e-07, 2.682209014892578e-07, 0.89078289270401, -0.45442914962768555, -1.30385160446167e-07, 0.45442914962768555, 0.8907829523086548),
            ["LowerTorso"] = CFrame.new(-0.009966480545699596, -0.15921831130981445, -0.3717500865459442, 0.9901642203330994, 0.07670068740844727, -0.11701188236474991, -0.0854557603597641, 0.9937564730644226, -0.07173146307468414, 0.11077946424484253, 0.08102526515722275, 0.990536630153656),
            ["Head"] = CFrame.new(-2.7939677238464355e-08, 3.5762786865234375e-07, 1.1175870895385742e-07, 0.9993700385093689, -0.03436256945133209, -0.008878878317773342, 0.03538021817803383, 0.984330415725708, 0.172748401761055, 0.0028036993462592363, -0.17295370995998383, 0.9849260449409485),
            ["RightUpperArm"] = CFrame.new(2.384185791015625e-07, -8.344650268554688e-07, 7.450580596923828e-08, 0.883026659488678, 0.3812246322631836, 0.2737365663051605, 0.35303959250450134, -0.15524552762508392, -0.9226385951042175, -0.30923619866371155, 0.9113542437553406, -0.271673321723938),
            ["UpperTorso"] = CFrame.new(2.2351741790771484e-08, 8.940696716308594e-08, -1.4435499906539917e-08, 0.9584912061691284, 0.04828638583421707, 0.2810036540031433, -0.038828469812870026, 0.998479425907135, -0.03913193941116333, -0.2824658155441284, 0.0265966709703207, 0.9589086771011353),
            ["HumanoidRootPart"] = CFrame.new(0, 0, 0, 1, 0, 0, 0, 1, 0, 0, 0, 1),
            ["RightHand"] = CFrame.new(5.960464477539063e-08, 2.384185791015625e-07, -1.6391277313232422e-07, 0.4288913905620575, -0.620826005935669, -0.6562219262123108, 0.5729424357414246, 0.7485716938972473, -0.3337326943874359, 0.6984191536903381, -0.23284238576889038, 0.6767534017562866),
            ["LeftUpperArm"] = CFrame.new(1.7881393432617188e-07, -4.76837158203125e-07, -8.381903171539307e-08, -0.34272411465644836, 0.4101438820362091, 0.8451758623123169, -0.881803572177887, 0.16981399059295654, -0.43998363614082336, -0.32397928833961487, -0.8960720896720886, 0.30346715450286865),
            ["RightLowerArm"] = CFrame.new(2.980232238769531e-07, -1.7881393432617188e-07, -2.384185791015625e-07, 1, -1.4901164746561335e-08, -1.1175870895385742e-07, 5.21540641784668e-08, 0.9040279984474182, -0.4274732172489166, 1.341104507446289e-07, 0.42747336626052856, 0.904028058052063),
            ["LeftHand"] = CFrame.new(3.5762786865234375e-07, -1.7881393432617188e-07, 1.1920928955078125e-07, 0.3171551525592804, 0.7294014692306519, 0.6061239242553711, -0.8936932682991028, 0.4437430202960968, -0.06636831909418106, -0.3173724114894867, -0.5206397771835327, 0.7925963401794434),
            ["RightUpperLeg"] = CFrame.new(-8.940696716308594e-08, 3.166496753692627e-07, -1.6596459317952394e-08, 0.9271857142448425, -0.14955897629261017, -0.34344130754470825, 0.04996000975370407, 0.9580171704292297, -0.28232651948928833, 0.37125569581985474, 0.24461233615875244, 0.8957341909408569),
            ["LeftUpperLeg"] = CFrame.new(2.086162567138672e-07, 6.556510925292969e-07, -2.60770320892334e-08, 0.9065394401550293, 0.032933250069618225, 0.4208436906337738, 0.21291178464889526, 0.8251871466636658, -0.5231966376304626, -0.3644925057888031, 0.5638986229896545, 0.7410506010055542),
            ["RightLowerLeg"] = CFrame.new(-4.0978193283081055e-08, -0.0000032782554626464844, -0.000013305041647981852, 1, 0.000006798652520956239, 0.0000036060819184058346, -0.000006683171704935376, 0.5515084862709045, 0.8341687917709351, 0.0000036265705603000242, -0.834169328212738, 0.5515093207359314),
            ["RightFoot"] = CFrame.new(-7.450580596923828e-09, 0.0000033974647521972656, -8.77116690389812e-08, 0.999302864074707, -0.03732609003782272, -0.0004533839237410575, 0.03343649581074715, 0.9002708196640015, -0.4340430200099945, 0.016613580286502838, 0.4337272346019745, 0.9008920192718506),
            ["LeftLowerLeg"] = CFrame.new(0.00007478892803192139, 0.000003814697265625, -0.001226678490638733, 0.9999668002128601, 0.007668386213481426, 0.0027716851327568293, -0.007650009356439114, 0.7649168968200684, 0.6440839171409607, 0.002818606561049819, -0.6440833806991577, 0.7649498581886292),
        }},
        {Time = 0.200, Data = {
            ["LeftFoot"] = CFrame.new(-0.00013316050171852112, 0.000006973743438720703, 0.0012346701696515083, 0.9980789422988892, 0.05643589794635773, 0.025598233565688133, -0.05881814658641815, 0.992689311504364, 0.10538626462221146, -0.019461849704384804, -0.10669110715389252, 0.994101881980896),
            ["LeftLowerArm"] = CFrame.new(-2.384185791015625e-07, -5.960464477539063e-08, 0.000001043081283569336, 1, -2.197920991875435e-07, 2.384185791015625e-07, 3.129242998056725e-07, 0.9082781672477722, -0.4183668792247772, -1.4901158351676713e-07, 0.41836678981781006, 0.9082781672477722),
            ["LowerTorso"] = CFrame.new(-0.015617478638887405, -0.2049696445465088, -0.4080254137516022, 0.991287887096405, 0.12961538136005402, -0.02341417409479618, -0.13115565478801727, 0.9877092838287354, -0.08502126485109329, 0.012106332927942276, 0.08735144883394241, 0.9961040019989014),
            ["Head"] = CFrame.new(-4.470348358154297e-08, 1.1920928955078125e-07, -2.9802322387695312e-08, 0.9984920024871826, -0.007581149227917194, -0.054371003061532974, 0.016567112877964973, 0.9858543872833252, 0.16678331792354584, 0.052337512373924255, -0.16743257641792297, 0.9844933152198792),
            ["RightUpperArm"] = CFrame.new(2.384185791015625e-07, -3.5762786865234375e-07, -2.9802322387695312e-08, 0.9005458354949951, 0.34478145837783813, 0.2648454010486603, 0.35787200927734375, -0.24195514619350433, -0.901878833770752, -0.24687035381793976, 0.9069639444351196, -0.3412793278694153),
            ["UpperTorso"] = CFrame.new(8.847564458847046e-09, -1.7881393432617188e-07, 1.3620592653751373e-08, 0.9667166471481323, 0.0016986820846796036, 0.2558438777923584, 0.00563821429386735, 0.9995936751365662, -0.027940941974520683, -0.25578737258911133, 0.028453461825847626, 0.9663142561912537),
            ["HumanoidRootPart"] = CFrame.new(0, 0, 0, 1, 0, 0, 0, 1, 0, 0, 0, 1),
            ["RightHand"] = CFrame.new(2.980232238769531e-07, 3.5762786865234375e-07, 4.470348358154297e-08, 0.644504189491272, -0.6550050377845764, -0.39444005489349365, 0.5792139768600464, 0.7550137042999268, -0.30735236406326294, 0.4991249144077301, -0.03037523292005062, 0.8659974932670593),
            ["LeftUpperArm"] = CFrame.new(1.7881393432617188e-07, -2.384185791015625e-07, 1.30385160446167e-08, -0.2681138217449188, 0.5239683389663696, 0.8084380626678467, -0.913240373134613, 0.12898054718971252, -0.3864661455154419, -0.30676889419555664, -0.8419152498245239, 0.4439275562763214),
            ["RightLowerArm"] = CFrame.new(-2.980232238769531e-07, 5.960464477539062e-07, 3.203749656677246e-07, 1, -4.4703494239684005e-08, -1.1175872316471214e-07, 1.4901162970204496e-08, 0.9272996187210083, -0.3743199408054352, 1.527369164477932e-07, 0.37431997060775757, 0.9272996783256531),
            ["LeftHand"] = CFrame.new(3.5762786865234375e-07, -5.960464477539063e-08, -2.384185791015625e-07, 0.39723971486091614, 0.6863952279090881, 0.6091489791870117, -0.8661763072013855, 0.4997355341911316, 0.0017460475210100412, -0.3032149374485016, -0.528323769569397, 0.7930540442466736),
            ["RightUpperLeg"] = CFrame.new(0, -2.2351741790771484e-08, 3.3694959711283445e-08, 0.8650672435760498, -0.22757017612457275, -0.4470602571964264, 0.12158341705799103, 0.9597235321998596, -0.2532787024974823, 0.4866993725299835, 0.1647498607635498, 0.8578969240188599),
            ["LeftUpperLeg"] = CFrame.new(1.4901161193847656e-07, 5.401670932769775e-07, 2.8870999813079834e-08, 0.926131546497345, -0.10134401172399521, 0.3633384704589844, 0.2774454951286316, 0.8356109261512756, -0.4741095304489136, -0.2555471956729889, 0.5398923754692078, 0.802000880241394),
            ["RightLowerLeg"] = CFrame.new(5.587935447692871e-08, -0.0000034570693969726562, -0.000013275239325594157, 1, -0.000007355582965828944, -0.000004190949312032899, 0.000007394698513962794, 0.5128952860832214, 0.8584509491920471, -0.000004172323770035291, -0.8584511876106262, 0.5128956437110901),
            ["RightFoot"] = CFrame.new(1.862645149230957e-09, 0.0000034570693969726562, -1.2868986232206225e-07, 0.997515082359314, -0.06895124167203903, 0.014427698217332363, 0.06242038309574127, 0.7701040506362915, -0.6348562836647034, 0.03267054632306099, 0.6341810822486877, 0.7724955677986145),
            ["LeftLowerLeg"] = CFrame.new(0.0000748559832572937, 0.0000034570693969726562, -0.0012267529964447021, 0.9999700784683228, 0.00733331311494112, 0.002487133489921689, -0.007316747214645147, 0.7898975014686584, 0.6131960153579712, 0.0025318118277937174, -0.6131951212882996, 0.7899269461631775),
        }},
        {Time = 0.233, Data = {
            ["LeftFoot"] = CFrame.new(-0.00013319402933120728, 0.0000069141387939453125, 0.0012347716838121414, 0.9984985589981079, 0.05001204088330269, 0.0223865807056427, -0.05206824094057083, 0.993186354637146, 0.10425019264221191, -0.017019148916006088, -0.10526085644960403, 0.9942991733551025),
            ["LeftLowerArm"] = CFrame.new(2.086162567138672e-07, 2.980232238769531e-07, 2.980232238769531e-07, 1, -2.3655596237404097e-07, 2.086161856595936e-07, 2.8312203426139604e-07, 0.9254973530769348, -0.37875404953956604, -1.4901159772762185e-07, 0.3787540793418884, 0.92549729347229),
            ["LowerTorso"] = CFrame.new(-0.0031275367364287376, -0.21091341972351074, -0.42284464836120605, 0.9899412989616394, 0.12658828496932983, 0.06317944079637527, -0.12203557044267654, 0.9899566769599915, -0.07136610150337219, -0.07157902419567108, 0.06293810904026031, 0.9954472780227661),
            ["Head"] = CFrame.new(-2.0489096641540527e-08, 4.76837158203125e-07, -3.725290298461914e-08, 0.9936733245849609, 0.02145431749522686, -0.11024142056703568, -0.0024713128805160522, 0.9855238199234009, 0.169519305229187, 0.11228243261575699, -0.1681743711233139, 0.9793416261672974),
            ["RightUpperArm"] = CFrame.new(2.384185791015625e-07, 4.76837158203125e-07, -1.4901161193847656e-07, 0.850592315196991, 0.27502310276031494, 0.4481685161590576, 0.5130363702774048, -0.24722979962825775, -0.8219921588897705, -0.11526618152856827, 0.9291068911552429, -0.351388543844223),
            ["UpperTorso"] = CFrame.new(-9.313225746154785e-09, 8.940696716308594e-08, -8.451752364635468e-08, 0.9729738235473633, -0.006473822519183159, 0.23082491755485535, 0.01956353336572647, 0.9983240365982056, -0.05446486175060272, -0.23008547723293304, 0.057508617639541626, 0.9714697599411011),
            ["HumanoidRootPart"] = CFrame.new(0, 0, 0, 1, 0, 0, 0, 1, 0, 0, 0, 1),
            ["RightHand"] = CFrame.new(0, 4.76837158203125e-07, -1.4156103134155273e-07, 0.7449910044670105, -0.6538102030754089, -0.13236592710018158, 0.6144074201583862, 0.7498055100440979, -0.24555090069770813, 0.2597924768924713, 0.10160661488771439, 0.9603042006492615),
            ["LeftUpperArm"] = CFrame.new(2.384185791015625e-07, -3.5762786865234375e-07, -6.705522537231445e-08, -0.11598934233188629, 0.6209810972213745, 0.7751959562301636, -0.9629265069961548, 0.12107481807470322, -0.24106712639331818, -0.24355489015579224, -0.7744180560112, 0.5839159488677979),
            ["RightLowerArm"] = CFrame.new(-3.5762786865234375e-07, 6.556510925292969e-07, 6.854534149169922e-07, 1, -5.96046660916727e-08, -1.359731243155693e-07, 2.980232949312267e-08, 0.9303768873214722, -0.366604745388031, 1.1920931797249068e-07, 0.366604745388031, 0.9303768873214722),
            ["LeftHand"] = CFrame.new(1.7881393432617188e-07, -2.384185791015625e-07, -5.960464477539063e-08, 0.534609854221344, 0.6306504011154175, 0.5625589489936829, -0.8003098964691162, 0.5916394591331482, 0.09729809314012527, -0.27147090435028076, -0.5022379159927368, 0.8210118412971497),
            ["RightUpperLeg"] = CFrame.new(-5.960464477539063e-08, -3.725290298461914e-08, -7.620110409334302e-08, 0.8139472603797913, -0.22392763197422028, -0.5360396504402161, 0.11754979193210602, 0.9671210050582886, -0.22552381455898285, 0.5689217448234558, 0.12055540084838867, 0.8135111927986145),
            ["LeftUpperLeg"] = CFrame.new(5.960464477539063e-08, 2.4400651454925537e-07, -3.725290298461914e-08, 0.9457876682281494, -0.13824090361595154, 0.29390183091163635, 0.2759465277194977, 0.8192749619483948, -0.5026366114616394, -0.1712866723537445, 0.5564872026443481, 0.8130056858062744),
            ["RightLowerLeg"] = CFrame.new(-3.91155481338501e-08, -0.000003635883331298828, -0.00001312622771365568, 1, 0.0000046677878344780765, 0.0000026151535621465882, -0.000004593282483256189, 0.5378223061561584, 0.8430577516555786, 0.000002690590690690442, -0.8430582880973816, 0.5378231406211853),
            ["RightFoot"] = CFrame.new(-6.565824151039124e-08, 0.000003516674041748047, -9.888753993436694e-08, 0.9972042441368103, -0.07267086207866669, 0.01736217737197876, 0.06666763871908188, 0.7603970170021057, -0.6460266709327698, 0.03375289589166641, 0.6453801393508911, 0.7631174325942993),
            ["LeftLowerLeg"] = CFrame.new(0.00007493048906326294, 0.0000036954879760742188, -0.0012268126010894775, 0.9999710917472839, 0.007227372378110886, 0.002412195550277829, -0.007211366668343544, 0.7958018779754639, 0.6055149435997009, 0.0024563081096857786, -0.6055140495300293, 0.7958303093910217),
        }},
        {Time = 0.267, Data = {
            ["LeftFoot"] = CFrame.new(-0.00013316422700881958, 0.0000069141387939453125, 0.001234840601682663, 0.9999992847442627, 0.0006921181338839233, 0.0009714604821056128, -0.0008452038746327162, 0.9839582443237305, 0.17839670181274414, -0.0008345433743670583, -0.17839765548706055, 0.9839581847190857),
            ["LeftLowerArm"] = CFrame.new(-5.960464477539063e-08, 1.1920928955078125e-07, 1.1920928955078125e-07, 1, -2.309680269263481e-07, 2.160669083650646e-07, 3.054738328955864e-07, 0.938093900680542, -0.34638118743896484, -1.3411046495548362e-07, 0.34638115763664246, 0.9380939602851868),
            ["LowerTorso"] = CFrame.new(0.011782480403780937, -0.19059419631958008, -0.4207199811935425, 0.9882522225379944, 0.11404328048229218, 0.10174324363470078, -0.10669326037168503, 0.9914602041244507, -0.07498799264431, -0.10942624509334564, 0.06325173377990723, 0.9919804334640503),
            ["Head"] = CFrame.new(5.960464477539063e-08, -3.5762786865234375e-07, -5.21540641784668e-08, 0.9880560636520386, 0.03040946274995804, -0.15106460452079773, -0.0008795540779829025, 0.9814316034317017, 0.19181038439273834, 0.15409240126609802, -0.18938657641410828, 0.9697362184524536),
            ["RightUpperArm"] = CFrame.new(1.1920928955078125e-07, -5.960464477539062e-07, -5.960464477539063e-08, 0.7563976645469666, 0.21795357763767242, 0.6167325377464294, 0.6531215906143188, -0.19978606700897217, -0.7304230332374573, -0.03598374128341675, 0.9552915096282959, -0.29346784949302673),
            ["UpperTorso"] = CFrame.new(-4.470348358154297e-08, 2.9802322387695312e-08, 5.075708031654358e-08, 0.9747738242149353, -0.001989339478313923, 0.2231861799955368, 0.015344994142651558, 0.9981915950775146, -0.05812257155776024, -0.2226668894290924, 0.06008116155862808, 0.9730415344238281),
            ["HumanoidRootPart"] = CFrame.new(0, 0, 0, 1, 0, 0, 0, 1, 0, 0, 0, 1),
            ["RightHand"] = CFrame.new(2.086162567138672e-07, -5.960464477539063e-08, 1.7881393432617188e-07, 0.7994243502616882, -0.6006942391395569, -0.009343014098703861, 0.5859814286231995, 0.7830842733383179, -0.20833829045295715, 0.1324639767408371, 0.16107580065727234, 0.978012204170227),
            ["LeftUpperArm"] = CFrame.new(1.1920928955078125e-07, -8.344650268554688e-07, -5.21540641784668e-08, 0.09013684839010239, 0.6714520454406738, 0.7355456948280334, -0.9867298007011414, 0.160361185669899, -0.02546948939561844, -0.13505448400974274, -0.7234890460968018, 0.6769962906837463),
            ["RightLowerArm"] = CFrame.new(-2.384185791015625e-07, -8.940696716308594e-07, -3.5762786865234375e-07, 1, -2.9802318834981634e-08, -4.4703490686970326e-08, 2.9802315282267955e-08, 0.9467635750770569, -0.32192978262901306, 1.7881389169360773e-07, 0.3219297230243683, 0.9467636346817017),
            ["LeftHand"] = CFrame.new(-5.289912223815918e-07, -5.960464477539063e-08, -5.960464477539063e-08, 0.6564182043075562, 0.6165440678596497, 0.4347282350063324, -0.7310000658035278, 0.662234365940094, 0.16457411646842957, -0.18642479181289673, -0.42581576108932495, 0.8853963613510132),
            ["RightUpperLeg"] = CFrame.new(0, 4.6566128730773926e-08, 9.480572771281004e-09, 0.8097768425941467, -0.20655086636543274, -0.549172580242157, 0.10547126084566116, 0.9719834327697754, -0.21006175875663757, 0.5771806240081787, 0.11218337714672089, 0.8088779449462891),
