return {
    ["Runaway Twerk"] = {
        {Time = 0.000, Data = {
            ["LeftFoot"] = CFrame.new(-5.0815287977457047e-08, -2.682209014892578e-07, 3.8463622331619263e-07, 0.9785454273223877, -0.011596839874982834, -0.20570293068885803, 0.04410094767808914, 0.9870644211769104, 0.154141366481781, 0.2012559175491333, -0.1599043607711792, 0.9663989543914795),
            ["LeftLowerArm"] = CFrame.new(-6.845220923423767e-08, -0.000017628073692321777, 0.000012472271919250488, 0.9996464848518372, -0.018016647547483444, 0.01954876445233822, 0.007143376860767603, -0.5262215733528137, -0.8502775430679321, 0.02561049535870552, 0.8501566648483276, -0.5259714722633362),
            ["RightUpperArm"] = CFrame.new(5.066394805908203e-07, 9.5367431640625e-07, 0.0000040531158447265625, 0.8026878833770752, -0.575739324092865, 0.15561525523662567, 0.5557501912117004, 0.8167483806610107, 0.1551307886838913, -0.21641166508197784, -0.03803062066435814, 0.9755604863166809),
            ["Head"] = CFrame.new(2.682209014892578e-07, 5.960464477539063e-08, -3.725290298461914e-08, 0.3440409302711487, 0.381786584854126, -0.8578314781188965, 0.03896457701921463, 0.907010555267334, 0.4193013608455658, 0.9381458163261414, -0.1776817888021469, 0.29717275500297546),
            ["LeftUpperLeg"] = CFrame.new(0.06343609094619751, -0.04388674348592758, -0.031105488538742065, -0.03210538253188133, 0.7881832718849182, -0.614601731300354, -0.951212465763092, -0.21288752555847168, -0.2233240306377411, -0.30686184763908386, 0.577447772026062, 0.7565654516220093),
            ["UpperTorso"] = CFrame.new(-0.07809290289878845, -0.002311915159225464, -0.12641796469688416, 0.9048073291778564, 0.38777247071266174, 0.17594417929649353, -0.39947041869163513, 0.9160643815994263, 0.03534794598817825, -0.14746935665607452, -0.10226766765117645, 0.9837653636932373),
            ["HumanoidRootPart"] = CFrame.new(0, 0, 0, 1, 0, 0, 0, 1, 0, 0, 0, 1),
            ["LowerTorso"] = CFrame.new(1.059074878692627, -0.9645142555236816, -0.8182188272476196, 0.894804835319519, -0.42765381932258606, -0.1282051056623459, 0.4306720793247223, 0.902496874332428, -0.004591880366206169, 0.11766842752695084, -0.05110554397106171, 0.9917370676994324),
            ["LeftUpperArm"] = CFrame.new(-3.5762786865234375e-07, -3.5762786865234375e-07, 0.000003993511199951172, 0.9248747825622559, 0.32959625124931335, -0.18966461718082428, -0.33751222491264343, 0.941266655921936, -0.010109195485711098, 0.1751919537782669, 0.07337214797735214, 0.98179692029953),
            ["RightLowerArm"] = CFrame.new(-0.00000449642539024353, -0.000013172626495361328, 0.000013634562492370605, 0.6452364325523376, -0.15404768288135529, 0.7482731342315674, 0.5821211934089661, -0.5351172685623169, -0.6121552586555481, 0.4947776794433594, 0.8306135535240173, -0.2556428611278534),
            ["LeftHand"] = CFrame.new(-0.0000010483490768820047, 0.0000033080577850341797, -0.000010117888450622559, 0.7048897743225098, 0.00022932482534088194, -0.7092706561088562, -0.12127968668937683, 0.9853249788284302, -0.12020132690668106, 0.6988717317581177, 0.17068864405155182, 0.6946127414703369),
            ["RightFoot"] = CFrame.new(-4.691537469625473e-08, -2.1979212760925293e-07, 4.2747706174850464e-07, 0.9300199151039124, 0.03768853098154068, 0.36556756496429443, -0.05492805317044258, 0.997809648513794, 0.0368666909635067, -0.36338114738464355, -0.05436434596776962, 0.9300544261932373),
            ["RightHand"] = CFrame.new(0.0000016987323760986328, 0.000003293156623840332, -0.000008629634976387024, 0.9799262881278992, -0.17424552142620087, -0.09685123711824417, 0.15765579044818878, 0.9746922850608826, -0.15855705738067627, 0.12202134728431702, 0.1400481015443802, 0.9825882315635681),
            ["RightLowerLeg"] = CFrame.new(-2.3469328880310059e-07, 5.587935447692871e-08, -8.344650268554688e-07, 0.9944978952407837, -0.08165597170591354, -0.06562066823244095, 0.04396134242415428, -0.24326886236667633, 0.968961775302887, -0.09508614987134933, -0.9665157794952393, -0.23834271728992462),
            ["RightUpperLeg"] = CFrame.new(-0.0635533407330513, -0.04575592279434204, -0.03185403347015381, 0.9637722969055176, -0.2540832459926605, 0.08114489167928696, 0.17161747813224792, 0.35782819986343384, -0.9178813695907593, 0.20418258011341095, 0.8985548615455627, 0.3884706199169159),
            ["LeftLowerLeg"] = CFrame.new(-3.725290298461914e-09, 2.60770320892334e-08, 0, 0.996918261051178, 0.06025883927941322, 0.05022769048810005, -0.054245464503765106, 0.06700267642736435, 0.9962771534919739, 0.05666952580213547, -0.9959315657615662, 0.07006511092185974),
        }},
        {Time = 0.050, Data = {
            ["LeftFoot"] = CFrame.new(2.3748725652694702e-08, -3.91155481338501e-07, 2.980232238769531e-07, 0.999021589756012, -0.004115242976695299, -0.04403330385684967, 0.012670972384512424, 0.9805569648742676, 0.19582650065422058, 0.04237200319766998, -0.19619156420230865, 0.9796494245529175),
            ["LeftLowerArm"] = CFrame.new(-8.288770914077759e-08, -0.00001919269561767578, 0.000010251998901367188, 0.9993287920951843, -0.0209059976041317, 0.030077742412686348, 0.012114893645048141, -0.5862470865249634, -0.8099948167800903, 0.034572526812553406, 0.809862494468689, -0.5856651663780212),
            ["RightUpperArm"] = CFrame.new(9.5367431640625e-07, -1.4901161193847656e-07, 0.000004284083843231201, 0.8127663135528564, -0.5151482224464417, 0.2720891833305359, 0.5012111067771912, 0.8563678860664368, 0.12418829649686813, -0.29698243737220764, 0.03544595465064049, 0.9542247653007507),
            ["Head"] = CFrame.new(-8.940696716308594e-08, -5.364418029785156e-07, 8.940696716308594e-08, 0.38519832491874695, 0.42068833112716675, -0.8213669061660767, 0.018455490469932556, 0.886358916759491, 0.46263113617897034, 0.9226492643356323, -0.19336329400539398, 0.33365994691848755),
            ["LeftUpperLeg"] = CFrame.new(0.06343591213226318, -0.04388664662837982, -0.031105458736419678, 0.03474487364292145, 0.7620421648025513, -0.6465939879417419, -0.8995180726051331, -0.25808653235435486, -0.3525032699108124, -0.4354996681213379, 0.5938712954521179, 0.6765040755271912),
            ["UpperTorso"] = CFrame.new(-0.09328627586364746, -0.013736933469772339, -0.20565885305404663, 0.859423041343689, 0.4971103072166443, 0.1194724440574646, -0.4331965446472168, 0.8321402072906494, -0.3462420105934143, -0.27153822779655457, 0.2458130121231079, 0.9305067658424377),
            ["HumanoidRootPart"] = CFrame.new(0, 0, 0, 1, 0, 0, 0, 1, 0, 0, 0, 1),
            ["LowerTorso"] = CFrame.new(1.0187413692474365, -0.7349729537963867, -0.6593804359436035, 0.8684595823287964, -0.4115830659866333, -0.27636459469795227, 0.48941725492477417, 0.800662636756897, 0.3455577492713928, 0.07904911041259766, -0.43536046147346497, 0.8967790603637695),
            ["LeftUpperArm"] = CFrame.new(-3.8743019104003906e-07, -3.8743019104003906e-07, 0.000004231929779052734, 0.9138821363449097, 0.3907778561115265, -0.11005435883998871, -0.3895323574542999, 0.9204034805297852, 0.03350405767560005, 0.11438564956188202, 0.012259360402822495, 0.993360698223114),
            ["RightLowerArm"] = CFrame.new(-0.000005424022674560547, -0.000011779367923736572, 0.000013500452041625977, 0.6137741804122925, -0.1783982366323471, 0.7690469026565552, 0.6255319118499756, -0.48434117436408997, -0.6116189956665039, 0.481654554605484, 0.8564974069595337, -0.1857122778892517),
            ["LeftHand"] = CFrame.new(-0.0000010726507753133774, 0.0000028908252716064453, -0.0000102948397397995, 0.7080740332603455, 0.002262864029034972, -0.7060893774032593, -0.10579342395067215, 0.9890586137771606, -0.10291050374507904, 0.6981682777404785, 0.14750562608242035, 0.7006049752235413),
            ["RightFoot"] = CFrame.new(3.0279625207185745e-07, -9.685754776000977e-08, 2.4959444999694824e-07, 0.9257985949516296, 0.026863055303692818, 0.3770575225353241, -0.07025104761123657, 0.9923226237297058, 0.10178928822278976, -0.3714321255683899, -0.12072345614433289, 0.9205794930458069),
            ["RightHand"] = CFrame.new(0.000002078711986541748, 0.0000030547380447387695, -0.000007826834917068481, 0.9779722094535828, -0.18186931312084198, -0.10242486745119095, 0.16327381134033203, 0.9722639918327332, -0.16752780973911285, 0.13004644215106964, 0.14705871045589447, 0.9805323481559753),
            ["RightLowerLeg"] = CFrame.new(-1.993030309677124e-07, -1.564621925354004e-07, 3.8743019104003906e-07, 0.9957048296928406, -0.07459671795368195, -0.054838232696056366, 0.06541731208562851, 0.14770546555519104, 0.9868654012680054, -0.06551777571439743, -0.9862141609191895, 0.15195268392562866),
            ["RightUpperLeg"] = CFrame.new(-0.06355330348014832, -0.04575517773628235, -0.03185358643531799, 0.9491820931434631, -0.24560382962226868, -0.19680553674697876, -0.15179437398910522, 0.1905331313610077, -0.96987384557724, 0.27570250630378723, 0.9504609107971191, 0.1435699164867401),
            ["LeftLowerLeg"] = CFrame.new(-3.259629011154175e-08, 1.4901161193847656e-08, 1.341104507446289e-07, 0.9972946643829346, 0.05479515716433525, 0.04899834841489792, -0.06143633648753166, 0.2553454339504242, 0.9648957848548889, 0.040360383689403534, -0.9652959704399109, 0.2580220103263855),
        }},
        {Time = 0.100, Data = {
            ["LeftFoot"] = CFrame.new(2.61643435806036e-08, -2.682209014892578e-07, 3.7159770727157593e-07, 0.9973115921020508, -0.0021402069833129644, 0.07324589788913727, -0.013730235397815704, 0.9764109253883362, 0.2154851108789444, -0.0719795972108841, -0.2159099131822586, 0.9737562537193298),
            ["LeftLowerArm"] = CFrame.new(-1.1641532182693481e-08, -0.000020295381546020508, 0.000007957220077514648, 0.9983998537063599, -0.02035043016076088, 0.052753351628780365, 0.027684979140758514, -0.6375331878662109, -0.7698728442192078, 0.049307577311992645, 0.7701540589332581, -0.636013388633728),
            ["RightUpperArm"] = CFrame.new(0.0000011026859283447266, -3.8743019104003906e-07, 0.000003978610038757324, 0.8094022870063782, -0.44933465123176575, 0.3781079351902008, 0.4518134593963623, 0.8877777457237244, 0.08783853054046631, -0.37514355778694153, 0.09974527359008789, 0.921584963798523),
            ["Head"] = CFrame.new(-1.341104507446289e-07, -3.8743019104003906e-07, 2.2351741790771484e-08, 0.42466720938682556, 0.4586610198020935, -0.7805691957473755, -0.003532898612320423, 0.8630071878433228, 0.5051791667938232, 0.905342698097229, -0.2117752879858017, 0.36811119318008423),
            ["LeftUpperLeg"] = CFrame.new(0.06343582272529602, -0.04388618841767311, -0.031105101108551025, 0.6527835726737976, 0.6008756756782532, -0.4613255262374878, -0.49510443210601807, -0.1225123330950737, -0.8601527810096741, -0.573363184928894, 0.7898982763290405, 0.2175225168466568),
            ["UpperTorso"] = CFrame.new(-0.020510345697402954, -0.013306945562362671, -0.3022158741950989, 0.9775720834732056, 0.19956660270690918, 0.06727620214223862, -0.10615434497594833, 0.7428284883499146, -0.6610119342803955, -0.18189069628715515, 0.6390453577041626, 0.7473533749580383),
            ["HumanoidRootPart"] = CFrame.new(0, 0, 0, 1, 0, 0, 0, 1, 0, 0, 0, 1),
            ["LowerTorso"] = CFrame.new(0.8228082656860352, -0.4850556254386902, -0.5749754905700684, 0.9864509701728821, -0.025614501908421516, -0.16204452514648438, 0.136749267578125, 0.6740497350692749, 0.7259177565574646, 0.09063205122947693, -0.7382417917251587, 0.6684197783470154),
            ["LeftUpperArm"] = CFrame.new(1.1920928955078125e-07, 5.066394805908203e-07, 0.00000406801700592041, 0.8936166167259216, 0.4482380151748657, -0.023075206205248833, -0.44549858570098877, 0.8920620083808899, 0.07587820291519165, 0.05459442362189293, -0.05751786753535271, 0.9968500733375549),
            ["RightLowerArm"] = CFrame.new(-0.000005953013896942139, -0.000010013580322265625, 0.000013500452041625977, 0.5827798247337341, -0.20632289350032806, 0.7859901785850525, 0.6715182065963745, -0.4223540127277374, -0.6088021993637085, 0.45763638615608215, 0.8826369047164917, -0.10760744661092758),
            ["LeftHand"] = CFrame.new(-8.913921192288399e-07, 0.0000026673078536987305, -0.000010609626770019531, 0.7074652314186096, 0.0020318697206676006, -0.7067005038261414, -0.0978432297706604, 0.9906578660011292, -0.0950905829668045, 0.6999427080154419, 0.13635586202144623, 0.7010935544967651),
            ["RightFoot"] = CFrame.new(-3.227032721042633e-07, -2.086162567138672e-07, 6.658956408500671e-07, 0.9295548796653748, 0.02632959559559822, 0.36773881316185, -0.06846468150615692, 0.9924256801605225, 0.1020020842552185, -0.36227118968963623, -0.11999204009771347, 0.9243180751800537),
            ["RightHand"] = CFrame.new(0.0000016801059246063232, 0.0000036209821701049805, -0.000007772818207740784, 0.9729408621788025, -0.2010875791311264, -0.11378417909145355, 0.17779392004013062, 0.966110348701477, -0.1871967613697052, 0.14756523072719574, 0.16184774041175842, 0.9757102727890015),
            ["RightLowerLeg"] = CFrame.new(-3.725290298461914e-08, -0.0000011324882507324219, -4.470348358154297e-08, 0.9972960948944092, -0.05589385703206062, -0.0477120503783226, 0.07215990871191025, 0.6219081282615662, 0.7797555327415466, -0.013911229558289051, -0.7810930013656616, 0.6242635250091553),
            ["RightUpperLeg"] = CFrame.new(-0.06355305016040802, -0.04575522616505623, -0.03185352683067322, 0.8827685713768005, -0.4633295238018036, 0.07775076478719711, 0.05285462364554405, -0.06650156527757645, -0.9963855743408203, 0.46682536602020264, 0.883687436580658, -0.03421624004840851),
            ["LeftLowerLeg"] = CFrame.new(-4.563480615615845e-08, 2.2351741790771484e-08, 4.023313522338867e-07, 0.9977031946182251, 0.048432860523462296, 0.047355055809020996, -0.06346838176250458, 0.4241779148578644, 0.9033511281013489, 0.02366514503955841, -0.9042827486991882, 0.4262796938419342),
        }},
        {Time = 0.150, Data = {
            ["LeftFoot"] = CFrame.new(3.217428456991911e-08, -7.82310962677002e-08, 2.849847078323364e-07, 0.9724885821342468, -0.0021413236390799284, -0.23293913900852203, 0.06291321665048599, 0.9652143716812134, 0.2537795901298523, 0.22429412603378296, -0.26145124435424805, 0.9387946724891663),
            ["LeftLowerArm"] = CFrame.new(0.0000010218936949968338, -0.000020503997802734375, 0.000005677342414855957, 0.996265709400177, -0.016046317294239998, 0.08482750505208969, 0.05126873031258583, -0.680576503276825, -0.7308249473571777, 0.06947039067745209, 0.7325013279914856, -0.6772733926773071),
            ["RightUpperArm"] = CFrame.new(0.0000018775463104248047, -0.000001430511474609375, 0.0000037103891372680664, 0.7956651449203491, -0.381420373916626, 0.47056806087493896, 0.4084053337574005, 0.9115225076675415, 0.048286836594343185, -0.4473501741886139, 0.1537698656320572, 0.8810415267944336),
            ["Head"] = CFrame.new(7.450580596923828e-08, -2.682209014892578e-07, -1.4901161193847656e-08, 0.46198442578315735, 0.49545568227767944, -0.7355909943580627, -0.027034319937229156, 0.8368884325027466, 0.546705424785614, 0.8864759802818298, -0.23268310725688934, 0.40002375841140747),
            ["LeftUpperLeg"] = CFrame.new(0.06343579292297363, -0.043886493891477585, -0.031105786561965942, 0.7211916446685791, 0.6501544117927551, 0.23912812769412994, 0.28336894512176514, 0.03811608627438545, -0.9582530856132507, -0.6321271657943726, 0.7588455080986023, -0.15674452483654022),
            ["UpperTorso"] = CFrame.new(0.052527789026498795, -0.024015307426452637, -0.25141382217407227, 0.9908918142318726, -0.12247607856988907, -0.05597429350018501, 0.08182337135076523, 0.8777456283569336, -0.47208866477012634, 0.10695074498653412, 0.46320870518684387, 0.8797721862792969),
            ["HumanoidRootPart"] = CFrame.new(0, 0, 0, 1, 0, 0, 0, 1, 0, 0, 0, 1),
            ["LowerTorso"] = CFrame.new(0.738228976726532, -0.694584846496582, -0.6056828498840332, 0.9688622355461121, 0.22258122265338898, 0.10846011340618134, -0.24525859951972961, 0.8026188611984253, 0.5437381267547607, 0.033973775804042816, -0.5534080862998962, 0.8322171568870544),
            ["LeftUpperArm"] = CFrame.new(7.450580596923828e-07, 2.682209014892578e-07, 0.000003896653652191162, 0.8637444972991943, 0.49921679496765137, 0.06876599043607712, -0.5039280652999878, 0.8560489416122437, 0.11505773663520813, -0.0014300645561888814, -0.13402564823627472, 0.9909757971763611),
            ["RightLowerArm"] = CFrame.new(-0.000005770474672317505, -0.000008538365364074707, 0.000012680888175964355, 0.5549658536911011, -0.2357381135225296, 0.7977616190910339, 0.7179538607597351, -0.34859776496887207, -0.6024864912033081, 0.42018476128578186, 0.9071424007415771, -0.024214714765548706),
            ["LeftHand"] = CFrame.new(-8.62200977280736e-07, 0.0000027865171432495117, -0.000010557472705841064, 0.7040518522262573, -0.00031212903559207916, -0.710103452205658, -0.09617465734481812, 0.9907547831535339, -0.09577992558479309, 0.7036060094833374, 0.13566464185714722, 0.6975523829460144),
            ["RightFoot"] = CFrame.new(-2.9872171580791473e-07, -4.842877388000488e-08, 4.71482053399086e-07, 0.9739542007446289, 0.02736329473555088, 0.22508478164672852, -0.029171762987971306, 0.999563455581665, 0.00470803864300251, -0.22486042976379395, -0.011149042285978794, 0.974327802658081),
            ["RightHand"] = CFrame.new(0.0000010170042514801025, 0.000003680586814880371, -0.000006660819053649902, 0.963703453540802, -0.2336035966873169, -0.12923234701156616, 0.20218801498413086, 0.9547512531280518, -0.21816112101078033, 0.1743435114622116, 0.18406377732753754, 0.9673184156417847),
            ["RightLowerLeg"] = CFrame.new(-8.754432201385498e-08, 1.825392246246338e-07, 2.384185791015625e-07, 0.9945933818817139, -0.08162132650613785, -0.06420250982046127, 0.08014345914125443, 0.21014291048049927, 0.9743798971176147, -0.06603898108005524, -0.9742576479911804, 0.2155502885580063),
            ["RightUpperLeg"] = CFrame.new(-0.06355337798595428, -0.045755282044410706, -0.03185361623764038, 0.4145455062389374, -0.5439940690994263, 0.7295351028442383, 0.755946934223175, -0.24047093093395233, -0.6088663935661316, 0.5066521763801575, 0.8038932681083679, 0.311545193195343),
            ["LeftLowerLeg"] = CFrame.new(1.5832483768463135e-07, 1.564621925354004e-07, 4.3213367462158203e-07, 0.9966535568237305, 0.0637325793504715, 0.051185447722673416, -0.0627271756529808, 0.19479972124099731, 0.9788350462913513, 0.05241314321756363, -0.9787702560424805, 0.19814658164978027),
        }},
        {Time = 0.200, Data = {
            ["LeftFoot"] = CFrame.new(3.136301529593766e-08, -2.0116567611694336e-07, 2.2724270820617676e-07, 0.9664480686187744, 0.0004592296900227666, -0.25686052441596985, 0.07188268005847931, 0.9595593214035034, 0.27217572927474976, 0.24659910798072815, -0.28150635957717896, 0.927331268787384),
            ["LeftLowerArm"] = CFrame.new(8.419156074523926e-07, -0.00002072751522064209, 0.0000064373016357421875, 0.9970258474349976, -0.017641419544816017, 0.07501452416181564, 0.043965309858322144, -0.669236421585083, -0.7416924238204956, 0.06329764425754547, 0.7428401708602905, -0.6665322780609131),
            ["RightUpperArm"] = CFrame.new(0.0000013709068298339844, -0.0000011324882507324219, 0.000003933906555175781, 0.8003835678100586, -0.4006235599517822, 0.44596606492996216, 0.42003458738327026, 0.9055463075637817, 0.059639010578393936, -0.42773494124412537, 0.1395946741104126, 0.8930607438087463),
            ["Head"] = CFrame.new(1.341104507446289e-07, -9.5367431640625e-07, -2.9802322387695312e-08, 0.4517030417919159, 0.48521167039871216, -0.7486883997917175, -0.020251618698239326, 0.8445383310317993, 0.5351118445396423, 0.8919384479522705, -0.22654952108860016, 0.3913070559501648),
            ["LeftUpperLeg"] = CFrame.new(0.06343582272529602, -0.043886858969926834, -0.031105726957321167, 0.7868659496307373, 0.6123293042182922, 0.07677724957466125, 0.014974743127822876, 0.10542815178632736, -0.9943141937255859, -0.6169423460960388, 0.7835417985916138, 0.0737885907292366),
            ["UpperTorso"] = CFrame.new(0.057312898337841034, -0.02301579713821411, -0.1706552952528, 0.9654926657676697, -0.1979549527168274, -0.16922739148139954, 0.17305096983909607, 0.9732452630996704, -0.15115231275558472, 0.19462110102176666, 0.11665129661560059, 0.9739173650741577),
            ["HumanoidRootPart"] = CFrame.new(0, 0, 0, 1, 0, 0, 0, 1, 0, 0, 0, 1),
            ["LowerTorso"] = CFrame.new(0.7090862393379211, -0.9349484443664551, -0.7160584330558777, 0.9452291131019592, 0.28938865661621094, 0.15098397433757782, -0.3161291778087616, 0.9268040657043457, 0.20272302627563477, -0.08126681298017502, -0.2393500655889511, 0.9675264358520508),
            ["LeftUpperArm"] = CFrame.new(5.662441253662109e-07, 1.1920928955078125e-07, 0.000004038214683532715, 0.8731193542480469, 0.485647052526474, 0.0425451397895813, -0.48731011152267456, 0.8669615387916565, 0.10444089770317078, 0.013834714889526367, -0.11191406846046448, 0.9936206936836243),
            ["RightLowerArm"] = CFrame.new(-0.000006027519702911377, -0.000008612871170043945, 0.000012740492820739746, 0.5623194575309753, -0.2274252474308014, 0.795020580291748, 0.7049785256385803, -0.37059301137924194, -0.6046748161315918, 0.4322062134742737, 0.9005212783813477, -0.04806974530220032),
            ["LeftHand"] = CFrame.new(-0.0000012390082702040672, 0.0000029653310775756836, -0.000010399147868156433, 0.7052309513092041, 0.0005727456882596016, -0.7089324593544006, -0.0961010530591011, 0.9908571839332581, -0.09478853642940521, 0.7024343609809875, 0.13491350412368774, 0.6988776326179504),
            ["RightFoot"] = CFrame.new(-2.598389983177185e-07, -1.7881393432617188e-07, 7.784110493957996e-07, 0.9244838356971741, 0.05200706422328949, 0.37765318155288696, -0.04182891920208931, 0.9985076189041138, -0.035112377256155014, -0.3789195418357849, 0.016666945070028305, 0.9252812266349792),
            ["RightHand"] = CFrame.new(9.275972843170166e-07, 0.0000033527612686157227, -0.000007290393114089966, 0.9668110013008118, -0.22303105890750885, -0.1246187835931778, 0.19429713487625122, 0.958587646484375, -0.20828378200531006, 0.16590699553489685, 0.17710700631141663, 0.9700969457626343),
            ["RightLowerLeg"] = CFrame.new(-6.891787052154541e-08, 5.131587386131287e-07, -1.1920928955078125e-07, 0.9940510988235474, -0.08347300440073013, -0.06996045261621475, 0.06585083156824112, -0.051015473902225494, 0.9965245723724365, -0.08675310760736465, -0.9952033162117004, -0.04521527886390686),
            ["RightUpperLeg"] = CFrame.new(-0.06355342268943787, -0.0457555428147316, -0.03185376524925232, 0.19238077104091644, -0.6593219041824341, 0.7268308401107788, 0.8689630627632141, -0.22968082129955292, -0.4383489191532135, 0.45595285296440125, 0.7159199118614197, 0.528741180896759),
            ["LeftLowerLeg"] = CFrame.new(1.210719347000122e-07, 3.91155481338501e-08, -5.21540641784668e-07, 0.9962617754936218, 0.06890888512134552, 0.052097171545028687, -0.0440923273563385, -0.11297823488712311, 0.9926186203956604, 0.07428652793169022, -0.991205096244812, -0.10951809585094452),
        }},
        {Time = 0.250, Data = {
            ["LeftFoot"] = CFrame.new(-6.033224053680897e-08, -1.4901161193847656e-07, 3.203749656677246e-07, 0.9088567495346069, -0.006864885333925486, -0.4170498549938202, 0.1025761067867279, 0.9728367328643799, 0.20752699673175812, 0.4042990505695343, -0.2313903570175171, 0.8848741054534912),
            ["LeftLowerArm"] = CFrame.new(2.9616057872772217e-07, -0.00002014636993408203, 0.000008299946784973145, 0.9986676573753357, -0.02076571434736252, 0.04723450914025307, 0.023748354986310005, -0.6277042627334595, -0.7780382037162781, 0.045813485980033875, 0.7781749963760376, -0.6264386773109436),
            ["RightUpperArm"] = CFrame.new(7.748603820800781e-07, -2.980232238769531e-07, 0.00000406801700592041, 0.8110514283180237, -0.463104784488678, 0.3573918342590332, 0.4614708125591278, 0.8819863796234131, 0.09562945365905762, -0.3594999611377716, 0.08737335354089737, 0.9290457963943481),
            ["Head"] = CFrame.new(-8.940696716308594e-08, -2.682209014892578e-07, -1.043081283569336e-07, 0.41673222184181213, 0.4509594738483429, -0.7892846465110779, 0.001099152723327279, 0.8680211305618286, 0.49652591347694397, 0.9090287089347839, -0.20778590440750122, 0.36123672127723694),
            ["LeftUpperLeg"] = CFrame.new(0.06343582272529602, -0.04388657584786415, -0.031105399131774902, 0.1449807584285736, 0.7994997501373291, -0.5829063057899475, -0.9239464998245239, -0.10137267410755157, -0.3688444495201111, -0.35398247838020325, 0.5920506119728088, 0.7239986658096313),
            ["UpperTorso"] = CFrame.new(-0.033356986939907074, 0.027698785066604614, -0.06070926785469055, 0.9713747501373291, 0.23601073026657104, 0.02701815403997898, -0.22271999716758728, 0.8652554750442505, 0.44914206862449646, 0.08262477070093155, -0.4423028528690338, 0.89305180311203),
            ["HumanoidRootPart"] = CFrame.new(0, 0, 0, 1, 0, 0, 0, 1, 0, 0, 0, 1),
            ["LowerTorso"] = CFrame.new(0.9512830972671509, -1.1447315216064453, -1.017562747001648, 0.9830058217048645, -0.1817973405122757, 0.025484781712293625, 0.17911700904369354, 0.9194391369819641, -0.3500697612762451, 0.040210045874118805, 0.3486853837966919, 0.9363768696784973),
            ["LeftUpperArm"] = CFrame.new(1.1920928955078125e-07, 6.556510925292969e-07, 0.000004084547981619835, 0.8985612392425537, 0.4368908405303955, -0.041407011449337006, -0.43375876545906067, 0.8985063433647156, 0.06738322973251343, 0.06664204597473145, -0.04257906973361969, 0.9968675971031189),
            ["RightLowerArm"] = CFrame.new(-0.0000062175095081329346, -0.000010378658771514893, 0.000013455748558044434, 0.5889753699302673, -0.20039910078048706, 0.7828981876373291, 0.6619610786437988, -0.4360198378562927, -0.6096332669258118, 0.4635898172855377, 0.8773408532142639, -0.12416891753673553),
            ["LeftHand"] = CFrame.new(-0.000001051928848028183, 0.00000286102294921875, -0.00001064687967300415, 0.7078543901443481, 0.002248901640996337, -0.7063097357749939, -0.09891365468502045, 0.9904672503471375, -0.09596581757068634, 0.6993985772132874, 0.1377301961183548, 0.7013680338859558),
            ["RightFoot"] = CFrame.new(-5.7159923017024994e-08, -2.644956111907959e-07, 4.2747706174850464e-07, 0.9829719662666321, 0.035829752683639526, 0.18022660911083221, -0.004377156030386686, 0.9850924611091614, -0.17196489870548248, -0.18370378017425537, 0.16825304925441742, 0.968476414680481),
            ["RightHand"] = CFrame.new(0.000001475214958190918, 0.000003382563591003418, -0.000007495284080505371, 0.9742741584777832, -0.1961030513048172, -0.11104216426610947, 0.1740267276763916, 0.9677404165267944, -0.18225106596946716, 0.14319422841072083, 0.15818409621715546, 0.9769617319107056),
            ["RightLowerLeg"] = CFrame.new(1.8998980522155762e-07, -6.48200511932373e-07, -8.493661880493164e-07, 0.9925336837768555, -0.09011522680521011, -0.08219487220048904, 0.03765201196074486, -0.4146047532558441, 0.9092206954956055, -0.11601412296295166, -0.9055286645889282, -0.4081198573112488),
            ["RightUpperLeg"] = CFrame.new(-0.06355258822441101, -0.045755863189697266, -0.031853288412094116, 0.7104973196983337, -0.32915905117988586, 0.6219707131385803, 0.6239805817604065, 0.7033135294914246, -0.34058380126953125, -0.3253336548805237, 0.630082905292511, 0.7050922513008118),
            ["LeftLowerLeg"] = CFrame.new(-2.0489096641540527e-08, 2.7939677238464355e-07, -4.3213367462158203e-07, 0.9965603947639465, 0.06489413976669312, 0.05153750255703926, -0.037099502980709076, -0.20673397183418274, 0.9776933789253235, 0.07410144060850143, -0.9762427806854248, -0.20361651480197906),
        }},
        {Time = 0.300, Data = {
            ["LeftFoot"] = CFrame.new(-5.0815287977457047e-08, -2.682209014892578e-07, 3.8463622331619263e-07, 0.9785454273223877, -0.011596839874982834, -0.20570293068885803, 0.04410094767808914, 0.9870644211769104, 0.154141366481781, 0.2012559175491333, -0.1599043607711792, 0.9663989543914795),
            ["LeftLowerArm"] = CFrame.new(2.421438694000244e-08, -0.0000187605619430542, 0.000010639429092407227, 0.999393105506897, -0.020718712359666824, 0.027999697253108025, 0.010834088549017906, -0.5790481567382812, -0.815175473690033, 0.03310815989971161, 0.815030038356781, -0.5785370469093323),
            ["RightUpperArm"] = CFrame.new(7.748603820800781e-07, -2.086162567138672e-07, 0.000004179775714874268, 0.8122778534889221, -0.52327561378479, 0.25765538215637207, 0.5079453587532043, 0.8517513275146484, 0.12850189208984375, -0.28669893741607666, 0.02650352753698826, 0.9576539397239685),
            ["Head"] = CFrame.new(7.450580596923828e-08, -7.152557373046875e-07, -1.564621925354004e-07, 0.3800058960914612, 0.41574734449386597, -0.8262863755226135, 0.021167155355215073, 0.8891558051109314, 0.4571149945259094, 0.924741804599762, -0.1911965161561966, 0.3290846645832062),
            ["LeftUpperLeg"] = CFrame.new(0.06343609094619751, -0.04388674348592758, -0.031105488538742065, -0.03210538253188133, 0.7881832718849182, -0.614601731300354, -0.951212465763092, -0.21288752555847168, -0.2233240306377411, -0.30686184763908386, 0.577447772026062, 0.7565654516220093),
            ["UpperTorso"] = CFrame.new(-0.07809293270111084, -0.002311915159225464, -0.12641796469688416, 0.889848530292511, 0.42926281690597534, 0.15460650622844696, -0.44037389755249023, 0.8966879844665527, 0.04496166482567787, -0.11933348327875137, -0.10809386521577835, 0.9869526028633118),
            ["HumanoidRootPart"] = CFrame.new(0, 0, 0, 1, 0, 0, 0, 1, 0, 0, 0, 1),
            ["LowerTorso"] = CFrame.new(1.059074878692627, -0.9645142555236816, -0.8182188272476196, 0.894804835319519, -0.42765381932258606, -0.1282051056623459, 0.4306720793247223, 0.902496874332428, -0.004591880366206169, 0.11766842752695084, -0.05110554397106171, 0.9917370676994324),
            ["LeftUpperArm"] = CFrame.new(-5.364418029785156e-07, -5.960464477539062e-07, 0.00000416487455368042, 0.9157916903495789, 0.3830834925174713, -0.12071555852890015, -0.3826189339160919, 0.9234837889671326, 0.027941090986132622, 0.12218134850263596, 0.020608268678188324, 0.9922938346862793),
            ["RightLowerArm"] = CFrame.new(-0.000005979090929031372, -0.000011406838893890381, 0.000013485550880432129, 0.6178327798843384, -0.17503875494003296, 0.7665643095970154, 0.6197896599769592, -0.491459459066391, -0.6117863059043884, 0.48388370871543884, 0.853128969669342, -0.19518408179283142),
            ["LeftHand"] = CFrame.new(-0.0000011308584362268448, 0.0000028312206268310547, -0.000010507181286811829, 0.7078964114189148, 0.002138829557225108, -0.7062671780586243, -0.10733804851770401, 0.9887171983718872, -0.10458038002252579, 0.6981127262115479, 0.14977918565273285, 0.7001782059669495),
            ["RightFoot"] = CFrame.new(-4.691537469625473e-08, -2.1979212760925293e-07, 4.2747706174850464e-07, 0.9300199151039124, 0.03768853098154068, 0.36556756496429443, -0.05492805317044258, 0.997809648513794, 0.0368666909635067, -0.36338114738464355, -0.05436434596776962, 0.9300544261932373),
            ["RightHand"] = CFrame.new(0.0000017546117305755615, 0.000002995133399963379, -0.000008221715688705444, 0.978375256061554, -0.1802871972322464, -0.10136667639017105, 0.16208617389202118, 0.9727588295936584, -0.16579975187778473, 0.12849092483520508, 0.14572831988334656, 0.9809359312057495),
            ["RightLowerLeg"] = CFrame.new(-2.3469328880310059e-07, 5.587935447692871e-08, -8.344650268554688e-07, 0.9944978952407837, -0.08165597170591354, -0.06562066823244095, 0.04396134242415428, -0.24326886236667633, 0.968961775302887, -0.09508614987134933, -0.9665157794952393, -0.23834271728992462),
            ["RightUpperLeg"] = CFrame.new(-0.0635533407330513, -0.04575592279434204, -0.03185403347015381, 0.9637722969055176, -0.2540832459926605, 0.08114489167928696, 0.17161747813224792, 0.35782819986343384, -0.9178813695907593, 0.20418258011341095, 0.8985548615455627, 0.3884706199169159),
            ["LeftLowerLeg"] = CFrame.new(-3.725290298461914e-09, 2.60770320892334e-08, 0, 0.996918261051178, 0.06025883927941322, 0.05022769048810005, -0.054245464503765106, 0.06700267642736435, 0.9962771534919739, 0.05666952580213547, -0.9959315657615662, 0.07006511092185974),
        }},
        {Time = 0.350, Data = {
            ["LeftFoot"] = CFrame.new(2.3748725652694702e-08, -3.91155481338501e-07, 2.980232238769531e-07, 0.999021589756012, -0.004115242976695299, -0.04403330385684967, 0.012670972384512424, 0.9805569648742676, 0.19582650065422058, 0.04237200319766998, -0.19619156420230865, 0.9796494245529175),
            ["LeftLowerArm"] = CFrame.new(-1.341104507446289e-07, -0.000016614794731140137, 0.000012502074241638184, 0.9996539950370789, -0.017786627635359764, 0.019374534487724304, 0.007214744109660387, -0.5229032039642334, -0.8523222208023071, 0.02529521845281124, 0.8522065281867981, -0.5226580500602722),
            ["RightUpperArm"] = CFrame.new(1.1920928955078125e-07, 4.3213367462158203e-07, 0.000004325062036514282, 0.8017697334289551, -0.5786468386650085, 0.14944183826446533, 0.5586553812026978, 0.8144956231117249, 0.1565345972776413, -0.21229621767997742, -0.04201039671897888, 0.9763013124465942),
            ["Head"] = CFrame.new(-1.6391277313232422e-07, -2.980232238769531e-07, 1.341104507446289e-07, 0.3418941795825958, 0.3797716796398163, -0.8595823645591736, 0.03997613862156868, 0.9079982042312622, 0.4170626103878021, 0.9388878345489502, -0.17695392668247223, 0.2952575981616974),
            ["LeftUpperLeg"] = CFrame.new(0.06343591213226318, -0.04388664662837982, -0.031105458736419678, 0.03474487364292145, 0.7620421648025513, -0.6465939879417419, -0.8995180726051331, -0.25808653235435486, -0.3525032699108124, -0.4354996681213379, 0.5938712954521179, 0.6765040755271912),
            ["UpperTorso"] = CFrame.new(-0.09328633546829224, -0.013737022876739502, -0.2056589126586914, 0.8819985389709473, 0.448575884103775, 0.14442484080791473, -0.37619632482528687, 0.8547889590263367, -0.35750845074653625, -0.2838223874568939, 0.26098957657814026, 0.9226750135421753),
            ["HumanoidRootPart"] = CFrame.new(0, 0, 0, 1, 0, 0, 0, 1, 0, 0, 0, 1),
            ["LowerTorso"] = CFrame.new(1.0187413692474365, -0.7349729537963867, -0.6593804359436035, 0.8684595823287964, -0.4115830659866333, -0.27636459469795227, 0.48941725492477417, 0.800662636756897, 0.3455577492713928, 0.07904911041259766, -0.43536046147346497, 0.8967790603637695),
            ["LeftUpperArm"] = CFrame.new(-8.642673492431641e-07, -5.364418029785156e-07, 0.00000426173210144043, 0.9252078533172607, 0.32640841603279114, -0.19351424276828766, -0.33496829867362976, 0.9421483278274536, -0.01234422903507948, 0.1782887578010559, 0.07625055313110352, 0.9810198545455933),
            ["RightLowerArm"] = CFrame.new(-0.000004731118679046631, -0.000012576580047607422, 0.000013366341590881348, 0.6468215584754944, -0.15292716026306152, 0.7471339702606201, 0.5799878239631653, -0.5374363660812378, -0.6121484041213989, 0.4952131509780884, 0.829322338104248, -0.25896960496902466),
            ["LeftHand"] = CFrame.new(-0.0000012288510333746672, 0.00000311434268951416, -0.000010512769222259521, 0.7046094536781311, 0.000053673062211601064, -0.709549605846405, -0.12229079008102417, 0.9850586652755737, -0.12135469913482666, 0.6989781260490417, 0.17221936583518982, 0.6941271424293518),
            ["RightFoot"] = CFrame.new(3.0279625207185745e-07, -9.685754776000977e-08, 2.4959444999694824e-07, 0.9257985949516296, 0.026863055303692818, 0.3770575225353241, -0.07025104761123657, 0.9923226237297058, 0.10178928822278976, -0.3714321255683899, -0.12072345614433289, 0.9205794930458069),
            ["RightHand"] = CFrame.new(0.0000017713755369186401, 0.0000028908252716064453, -0.000008210539817810059, 0.9799590706825256, -0.17412684857845306, -0.0967324748635292, 0.1575782746076584, 0.9747357368469238, -0.15836691856384277, 0.12185831367969513, 0.1398935317993164, 0.9826306104660034),
            ["RightLowerLeg"] = CFrame.new(-1.993030309677124e-07, -1.564621925354004e-07, 3.8743019104003906e-07, 0.9957048296928406, -0.07459671795368195, -0.054838232696056366, 0.06541731208562851, 0.14770546555519104, 0.9868654012680054, -0.06551777571439743, -0.9862141609191895, 0.15195268392562866),
            ["RightUpperLeg"] = CFrame.new(-0.06355330348014832, -0.04575517773628235, -0.03185358643531799, 0.9491820931434631, -0.24560382962226868, -0.19680553674697876, -0.15179437398910522, 0.1905331313610077, -0.96987384557724, 0.27570250630378723, 0.9504609107971191, 0.1435699164867401),
            ["LeftLowerLeg"] = CFrame.new(-3.259629011154175e-08, 1.4901161193847656e-08, 1.341104507446289e-07, 0.9972946643829346, 0.05479515716433525, 0.04899834841489792, -0.06143633648753166, 0.2553454339504242, 0.9648957848548889, 0.040360383689403534, -0.9652959704399109, 0.2580220103263855),
        }},
        {Time = 0.400, Data = {
            ["LeftFoot"] = CFrame.new(2.61643435806036e-08, -2.682209014892578e-07, 3.7159770727157593e-07, 0.9973115921020508, -0.0021402069833129644, 0.07324589788913727, -0.013730235397815704, 0.9764109253883362, 0.2154851108789444, -0.0719795972108841, -0.2159099131822586, 0.9737562537193298),
            ["LeftLowerArm"] = CFrame.new(-1.3504177331924438e-07, -0.000016167759895324707, 0.000013053417205810547, 0.9996834993362427, -0.01638713851571083, 0.019087452441453934, 0.00822147261351347, -0.5042237043380737, -0.8634968996047974, 0.023778555914759636, 0.8634176254272461, -0.5039927959442139),
            ["RightUpperArm"] = CFrame.new(-5.960464477539063e-08, 3.427267074584961e-07, 0.000003978610038757324, 0.7960009574890137, -0.5942220687866211, 0.11525203287601471, 0.5747701525688171, 0.8017336130142212, 0.16390222311019897, -0.18979382514953613, -0.06421513855457306, 0.9797208309173584),
            ["Head"] = CFrame.new(-7.450580596923828e-08, -1.4901161193847656e-07, -6.705522537231445e-08, 0.3300299048423767, 0.3686554729938507, -0.8690074682235718, 0.04547743499279022, 0.91330885887146, 0.404720276594162, 0.9428744912147522, -0.17308993637561798, 0.28465357422828674),
            ["LeftUpperLeg"] = CFrame.new(0.06343582272529602, -0.04388618841767311, -0.031105101108551025, 0.6527835726737976, 0.6008756756782532, -0.4613255262374878, -0.49510443210601807, -0.1225123330950737, -0.8601527810096741, -0.573363184928894, 0.7898982763290405, 0.2175225168466568),
            ["UpperTorso"] = CFrame.new(-0.02051042579114437, -0.013307034969329834, -0.3022158145904541, 0.9885548949241638, 0.0779600515961647, 0.12915654480457306, 0.02791956253349781, 0.7467957139015198, -0.6644670963287354, -0.14825543761253357, 0.660468339920044, 0.7360721230506897),
            ["HumanoidRootPart"] = CFrame.new(0, 0, 0, 1, 0, 0, 0, 1, 0, 0, 0, 1),
            ["LowerTorso"] = CFrame.new(0.8228082656860352, -0.4850556254386902, -0.5749754905700684, 0.9864509701728821, -0.025614501908421516, -0.16204452514648438, 0.136749267578125, 0.6740497350692749, 0.7259177565574646, 0.09063205122947693, -0.7382417917251587, 0.6684197783470154),
            ["LeftUpperArm"] = CFrame.new(-5.662441253662109e-07, -0.0000011324882507324219, 0.000003904104232788086, 0.9266658425331116, 0.3088394105434418, -0.21426276862621307, -0.3212023675441742, 0.9466906189918518, -0.024599378928542137, 0.19524213671684265, 0.0916253924369812, 0.9764662384986877),
            ["RightLowerArm"] = CFrame.new(-0.000004969537258148193, -0.000013247132301330566, 0.000013113021850585938, 0.6554436087608337, -0.14700928330421448, 0.7407798767089844, 0.5684377551078796, -0.549720823764801, -0.6120733618736267, 0.4972648322582245, 0.8223109841346741, -0.2767878472805023),
