return {
    ["Running Deadman"] = {
        {Time = 0.000, Data = {
            ["LeftFoot"] = CFrame.new(3.725290298461914e-09, 0, -2.2351741790771484e-08, 0.9540644288063049, -0.13701985776424408, -0.2664327621459961, 0.036299094557762146, 0.9356057047843933, -0.3511745035648346, 0.29739439487457275, 0.3253730237483978, 0.897602379322052),
            ["LeftLowerArm"] = CFrame.new(4.172325134277344e-07, -0.0000017881393432617188, 0.00000260770320892334, 1, -1.3783559893454367e-07, 1.6391263102377707e-07, 2.9802322387695312e-08, -0.7471762895584106, -0.6646259427070618, 2.5331974029541016e-07, 0.6646259427070618, -0.7471762895584106),
            ["LowerTorso"] = CFrame.new(-0.6106193661689758, -0.27534568309783936, 0.05882680416107178, 0.0279557928442955, 0.042558204382658005, -0.9987028241157532, 0.1112978458404541, 0.9927486777305603, 0.04541993886232376, 0.9933938384056091, -0.11242323368787766, 0.023016439750790596),
            ["Head"] = CFrame.new(-1.4878605725243688e-07, 0.0000020265579223632812, -4.237517714500427e-07, 0.9965067505836487, 0.03200269863009453, -0.077137291431427, -0.006517705973237753, 0.9506468772888184, 0.3102058470249176, 0.08325797319412231, -0.30862006545066833, 0.9475348591804504),
            ["RightUpperArm"] = CFrame.new(-3.5762786865234375e-07, 0.0000016689300537109375, -6.92903995513916e-07, 0.25297215580940247, -0.5239978432655334, -0.8132843971252441, 0.491329550743103, 0.7937372922897339, -0.3585755527019501, 0.8334268927574158, -0.30888092517852783, 0.458249032497406),
            ["UpperTorso"] = CFrame.new(1.862645149230957e-08, 0.0000028908252716064453, -1.8664286471903324e-07, 0.9815355539321899, 0.18146972358226776, -0.06047173589468002, -0.14962521195411682, 0.9253619313240051, 0.3483070135116577, 0.11916522681713104, -0.3328273296356201, 0.9354279041290283),
            ["HumanoidRootPart"] = CFrame.new(0, 0, 0, 1, 0, 0, 0, 1, 0, 0, 0, 1),
            ["RightHand"] = CFrame.new(-2.086162567138672e-07, 5.960464477539062e-07, -8.940696716308594e-07, 0.9278948903083801, -0.05201651155948639, -0.36919552087783813, 0.046820007264614105, 0.9986379146575928, -0.02302744798362255, 0.36989057064056396, 0.004081306513398886, 0.9290664792060852),
            ["LeftUpperArm"] = CFrame.new(1.7881393432617188e-07, -5.960464477539062e-07, 2.7567148208618164e-07, 0.23612675070762634, 0.5325183272361755, 0.8128153085708618, -0.6763306856155396, 0.6906741261482239, -0.25601980090141296, -0.6977256536483765, -0.4892786741256714, 0.5232449769973755),
            ["RightLowerArm"] = CFrame.new(2.384185791015625e-07, -0.0000023245811462402344, 8.046627044677734e-07, 1, -2.9802254886135415e-08, 1.5646207884856267e-07, 4.470354042496183e-08, -0.7145662903785706, -0.6995677947998047, 1.4156121608266403e-07, 0.6995677351951599, -0.7145663499832153),
            ["LeftHand"] = CFrame.new(-5.62518835067749e-07, 1.7881393432617188e-07, -7.047783583402634e-07, 0.8766065835952759, 0.4810338616371155, -0.012937705963850021, -0.47882676124572754, 0.8746249675750732, 0.07586964964866638, 0.04781147092580795, -0.0603129081428051, 0.9970338940620422),
            ["RightUpperLeg"] = CFrame.new(2.980232238769531e-07, -0.0000013560056686401367, -8.272036211565137e-08, 0.9873165488243103, 0.13144172728061676, -0.08904589712619781, -0.1552869826555252, 0.6827590465545654, -0.7139504551887512, -0.033046018332242966, 0.7187232971191406, 0.6945110559463501),
            ["LeftUpperLeg"] = CFrame.new(-1.7881393432617188e-07, 0.0000016205012798309326, -3.939494490623474e-07, 0.9517815113067627, 0.24539215862751007, 0.18410485982894897, -0.2578155994415283, 0.9650740623474121, 0.04650899022817612, -0.16626222431659698, -0.09173170477151871, 0.9818056225776672),
            ["RightLowerLeg"] = CFrame.new(4.039611667394638e-08, -0.00012242794036865234, -0.00007747828931314871, 1, -1.1734660176898615e-07, -3.3061986925986275e-08, 1.154839708306099e-07, 0.6508632898330688, 0.75919508934021, -6.053595313915139e-08, -0.7591949701309204, 0.6508632898330688),
            ["RightFoot"] = CFrame.new(-2.3283064365386963e-08, 4.172325134277344e-07, -9.480572771281004e-09, 0.9976232051849365, -0.06310708075761795, 0.027666667476296425, 0.06399326771497726, 0.9974237680435181, -0.03241634741425514, -0.02554960921406746, 0.03411029279232025, 0.9990915060043335),
            ["LeftLowerLeg"] = CFrame.new(1.7881393432617188e-07, 0.00012218952178955078, 0.00007759779691696167, 1, 8.195634393359796e-08, 2.2351738238057806e-08, -5.587935447692871e-08, 0.6441451907157898, 0.7649030089378357, 9.313225746154785e-09, -0.7649032473564148, 0.6441455483436584),
        }},
        {Time = 0.033, Data = {
            ["LeftFoot"] = CFrame.new(-3.725290298461914e-09, -5.960464477539063e-08, 1.2665987014770508e-07, 0.9729766249656677, -0.13982681930065155, -0.18375201523303986, 0.052433352917432785, 0.9088019728660583, -0.41391846537590027, 0.22487157583236694, 0.3930997848510742, 0.8915755152702332),
            ["LeftLowerArm"] = CFrame.new(-0.0000010132789611816406, -0.0000019073486328125, 0.0000023245811462402344, 1, -1.033766565683436e-07, 1.9744020107737015e-07, 0, -0.7462226748466492, -0.665696382522583, 2.756714252427628e-07, 0.665696382522583, -0.7462226748466492),
            ["LowerTorso"] = CFrame.new(-0.609315037727356, -0.2839999198913574, 0.05433845520019531, 0.03115903027355671, 0.04023817181587219, -0.998704195022583, 0.10501820594072342, 0.9935269951820374, 0.04330608993768692, 0.9939820170402527, -0.10623148828744888, 0.026731597259640694),
            ["Head"] = CFrame.new(-1.7776619642972946e-07, 0.0000015497207641601562, -1.9045546650886536e-07, 0.9966145157814026, 0.0324714258313179, -0.0755334198474884, -0.007257991936057806, 0.949863851070404, 0.3125790059566498, 0.08189656585454941, -0.310973197221756, 0.9468839168548584),
            ["RightUpperArm"] = CFrame.new(-2.980232238769531e-07, 0.0000017881393432617188, -6.631016731262207e-07, 0.25715920329093933, -0.5278272032737732, -0.8094860315322876, 0.4898390769958496, 0.7932684421539307, -0.3616393208503723, 0.8330227732658386, -0.30351901054382324, 0.46254655718803406),
            ["UpperTorso"] = CFrame.new(-1.862645149230957e-08, 0.000002771615982055664, -1.2488453648984432e-07, 0.9837765693664551, 0.17124632000923157, -0.05346469208598137, -0.14212091267108917, 0.9258094429969788, 0.35025525093078613, 0.10947786271572113, -0.33697423338890076, 0.9351271390914917),
            ["HumanoidRootPart"] = CFrame.new(0, 0, 0, 1, 0, 0, 0, 1, 0, 0, 0, 1),
            ["RightHand"] = CFrame.new(-2.086162567138672e-07, 8.940696716308594e-07, -0.0000013522803783416748, 0.928689181804657, -0.04909759387373924, -0.36759480834007263, 0.04453105852007866, 0.9987894296646118, -0.020899785682559013, 0.3681759536266327, 0.0030400122050195932, 0.9297511577606201),
            ["LeftUpperArm"] = CFrame.new(1.1920928955078125e-07, -4.76837158203125e-07, 3.1618401408195496e-07, 0.23454229533672333, 0.55726557970047, 0.7965206503868103, -0.6883122324943542, 0.6738030910491943, -0.2687298059463501, -0.68645179271698, -0.4852263927459717, 0.5416080355644226),
            ["RightLowerArm"] = CFrame.new(7.152557373046875e-07, -0.0000025033950805664062, 2.086162567138672e-07, 1, -8.195620893047817e-08, 1.4528622216403164e-07, 4.470354042496183e-08, -0.7139160633087158, -0.7002313733100891, 1.564623914873664e-07, 0.7002313137054443, -0.713916003704071),
            ["LeftHand"] = CFrame.new(1.993030309677124e-07, 2.980232238769531e-07, -6.244517862796783e-07, 0.8773891925811768, 0.4795030951499939, -0.016276633366942406, -0.47718343138694763, 0.8756641149520874, 0.07422005385160446, 0.04984159395098686, -0.057352934032678604, 0.9971091151237488),
            ["RightUpperLeg"] = CFrame.new(2.384185791015625e-07, -0.0000016540288925170898, -7.061316864565015e-08, 0.9884343147277832, 0.1166883185505867, -0.09685805439949036, -0.1504189819097519, 0.673178493976593, -0.7240192294120789, -0.019281864166259766, 0.7302154302597046, 0.6829456090927124),
            ["LeftUpperLeg"] = CFrame.new(-1.1920928955078125e-07, 0.0000015292316675186157, -2.896413207054138e-07, 0.9726403951644897, 0.19450880587100983, 0.1270318329334259, -0.20737621188163757, 0.9734053015708923, 0.09735063463449478, -0.10471814125776291, -0.12103074789047241, 0.9871098399162292),
            ["RightLowerLeg"] = CFrame.new(-5.844049155712128e-08, -0.00012248754501342773, -0.00007733568054391071, 1, -1.0663643479347229e-07, -5.308543649107378e-08, 1.1362133989223366e-07, 0.6252958178520203, 0.7803875803947449, -6.111803685371342e-08, -0.780387818813324, 0.6252961158752441),
            ["RightFoot"] = CFrame.new(-5.122274160385132e-08, 4.172325134277344e-07, -2.029992174357176e-09, 0.9971787333488464, -0.0646752193570137, 0.038102444261312485, 0.06644909083843231, 0.9966685175895691, -0.047292064875364304, -0.03491673246026039, 0.04969092831015587, 0.9981541633605957),
            ["LeftLowerLeg"] = CFrame.new(3.2782554626464844e-07, 0.0001221299171447754, 0.00007752329111099243, 1, 7.450577044210149e-08, 2.9802308176840597e-08, -8.381903882082042e-08, 0.6756463050842285, 0.7372257113456726, 3.166497108963995e-08, -0.7372260093688965, 0.6756465435028076),
        }},
        {Time = 0.067, Data = {
            ["LeftFoot"] = CFrame.new(2.60770320892334e-08, -5.960464477539063e-08, 1.043081283569336e-07, 0.9908961057662964, -0.11831355094909668, -0.06423976272344589, 0.08291121572256088, 0.9122310280799866, -0.4011974036693573, 0.10606883466243744, 0.3922201991081238, 0.9137362241744995),
            ["LeftLowerArm"] = CFrame.new(6.556510925292969e-07, -0.0000021457672119140625, 0.000002637505531311035, 1, -1.2293438089727715e-07, 1.899896062695916e-07, 5.9604616353681195e-08, -0.7424172163009644, -0.6699379086494446, 2.3841846541472478e-07, 0.669937789440155, -0.7424172759056091),
            ["LowerTorso"] = CFrame.new(-0.6025160551071167, -0.26616501808166504, 0.042508214712142944, 0.046514589339494705, 0.033913347870111465, -0.9983417987823486, 0.08163249492645264, 0.9959517121315002, 0.037635575979948044, 0.9955765604972839, -0.08324775099754333, 0.043557845056056976),
            ["Head"] = CFrame.new(-1.762527972459793e-07, 0.0000016689300537109375, 1.7508864402770996e-07, 0.9967297911643982, 0.03238987550139427, -0.07403203099966049, -0.0076276822946965694, 0.9497736096382141, 0.31284430623054504, 0.08044690638780594, -0.31125718355178833, 0.9469148516654968),
            ["RightUpperArm"] = CFrame.new(-1.7881393432617188e-07, 0.0000019073486328125, -7.301568984985352e-07, 0.2706221044063568, -0.5640407204627991, -0.7801421880722046, 0.4997251629829407, 0.7749529480934143, -0.3869401514530182, 0.8228235244750977, -0.28514209389686584, 0.4915846288204193),
            ["UpperTorso"] = CFrame.new(-2.7939677238464355e-09, 0.0000026226043701171875, -1.5340629033744335e-07, 0.9869834780693054, 0.1415656954050064, -0.0763072595000267, -0.1059885025024414, 0.9294424653053284, 0.3534168303012848, 0.12095466256141663, -0.3407285213470459, 0.9323485493659973),
            ["HumanoidRootPart"] = CFrame.new(0, 0, 0, 1, 0, 0, 0, 1, 0, 0, 0, 1),
            ["RightHand"] = CFrame.new(-4.917383193969727e-07, 5.960464477539062e-07, -6.7148357629776e-07, 0.9359750747680664, -0.03681964799761772, -0.35013556480407715, 0.0356452614068985, 0.9993165135383606, -0.0098002003505826, 0.350257009267807, -0.003307976061478257, 0.9366477727890015),
            ["LeftUpperArm"] = CFrame.new(4.76837158203125e-07, -9.5367431640625e-07, 2.8079375624656677e-07, 0.23055845499038696, 0.6490976214408875, 0.7249243259429932, -0.7311276197433472, 0.6071676015853882, -0.31112679839134216, -0.6421021819114685, -0.45827919244766235, 0.6145607829093933),
            ["RightLowerArm"] = CFrame.new(5.364418029785156e-07, -0.0000021457672119140625, 8.940696716308594e-07, 1, -1.378354426151418e-07, 1.508741434008698e-07, -1.490117540470237e-08, -0.7095854878425598, -0.7046194076538086, 1.7136352425950463e-07, 0.7046194076538086, -0.709585428237915),
            ["LeftHand"] = CFrame.new(-4.6938657760620117e-07, 1.1920928955078125e-07, -4.600733518600464e-07, 0.8781063556671143, 0.4771081209182739, -0.036017049103975296, -0.47406190633773804, 0.8777452707290649, 0.06948878616094589, 0.06476746499538422, -0.043944232165813446, 0.996932327747345),
            ["RightUpperLeg"] = CFrame.new(2.980232238769531e-07, -0.0000019744038581848145, -1.4325632946565747e-07, 0.9915900826454163, 0.07545884698629379, -0.10514331609010696, -0.12801778316497803, 0.6911057829856873, -0.7113247513771057, 0.01898939348757267, 0.7188036441802979, 0.6949546933174133),
            ["LeftUpperLeg"] = CFrame.new(-5.960464477539063e-08, 0.0000013560056686401367, -3.4831464290618896e-07, 0.9908864498138428, 0.1258915513753891, 0.047910176217556, -0.13180971145629883, 0.9795032143592834, 0.15231414139270782, -0.027753174304962158, -0.15724150836467743, 0.9871702194213867),
            ["RightLowerLeg"] = CFrame.new(-5.8265868574380875e-08, -0.00012236833572387695, -0.00007735675171716139, 1, -1.2735830523524783e-07, -5.4016798145539724e-08, 1.1920930376163597e-07, 0.627432644367218, 0.7786710858345032, -5.8673329306202504e-08, -0.7786709070205688, 0.6274324059486389),
            ["RightFoot"] = CFrame.new(-3.003515303134918e-08, 4.172325134277344e-07, 2.6841007638722658e-08, 0.9961366057395935, -0.06527500599622726, 0.05874619632959366, 0.06857673078775406, 0.9960693717002869, -0.056063100695610046, -0.05485573783516884, 0.05987577885389328, 0.9966974854469299),
            ["LeftLowerLeg"] = CFrame.new(3.501772880554199e-07, 0.00012195110321044922, 0.00007757171988487244, 1, 6.332990665214311e-08, 2.9802311729554276e-08, -4.7497451305389404e-08, 0.7260062098503113, 0.6876875758171082, 6.51925802230835e-09, -0.6876881718635559, 0.726006805896759),
        }},
        {Time = 0.100, Data = {
            ["LeftFoot"] = CFrame.new(-1.862645149230957e-09, -5.960464477539063e-08, 5.8673322200775146e-08, 0.9978067874908447, -0.06613822281360626, -0.0027107198256999254, 0.06419303268194199, 0.9768266081809998, -0.20417805016040802, 0.016151733696460724, 0.20355714857578278, 0.9789301156997681),
            ["LeftLowerArm"] = CFrame.new(-6.854534149169922e-07, -0.0000017881393432617188, 0.0000027418136596679688, 1, -1.3038496149420098e-07, 1.937148823571988e-07, 3.725287456290971e-08, -0.7273513078689575, -0.6862652897834778, 2.533195697651536e-07, 0.686265230178833, -0.7273513674736023),
            ["LowerTorso"] = CFrame.new(-0.583057165145874, -0.20665037631988525, 0.023140311241149902, 0.07971572875976562, 0.02394854463636875, -0.9965299367904663, 0.0379604808986187, 0.9989133477210999, 0.027042405679821968, 0.9960945844650269, -0.039984460920095444, 0.07871999591588974),
            ["Head"] = CFrame.new(-1.7241109162569046e-07, 8.344650268554688e-07, 1.1688098311424255e-07, 0.9969272613525391, 0.025949789211153984, -0.07391007989645004, -0.0016214168863371015, 0.9501677751541138, 0.31173449754714966, 0.07831660658121109, -0.3106573820114136, 0.9472903609275818),
            ["RightUpperArm"] = CFrame.new(-1.7881393432617188e-07, 0.0000015497207641601562, -8.940696716308594e-07, 0.2937834560871124, -0.6420394778251648, -0.7081502676010132, 0.531316876411438, 0.7255354523658752, -0.4373794198036194, 0.7946029305458069, -0.24775727093219757, 0.5542765855789185),
            ["UpperTorso"] = CFrame.new(-1.5366822481155396e-08, 0.000002294778823852539, -9.441282600164413e-08, 0.9867880344390869, 0.107634037733078, -0.12109605222940445, -0.057889923453330994, 0.9323281645774841, 0.35694995522499084, 0.15132100880146027, -0.3452235460281372, 0.9262410402297974),
            ["HumanoidRootPart"] = CFrame.new(0, 0, 0, 1, 0, 0, 0, 1, 0, 0, 0, 1),
            ["RightHand"] = CFrame.new(-1.7881393432617188e-07, 3.5762786865234375e-07, -6.905756890773773e-07, 0.9552778601646423, -0.015460381284356117, -0.2953053414821625, 0.02141731232404709, 0.9996270537376404, 0.01694803684949875, 0.2949331998825073, -0.022514738142490387, 0.9552527070045471),
            ["LeftUpperArm"] = CFrame.new(2.384185791015625e-07, -0.0000011920928955078125, 9.778887033462524e-08, 0.23319004476070404, 0.7747766971588135, 0.5876593589782715, -0.7836990356445312, 0.5075074434280396, -0.35812270641326904, -0.5757066607475281, -0.37703737616539, 0.7255374789237976),
            ["RightLowerArm"] = CFrame.new(0, -0.0000022649765014648438, 1.1920928955078125e-07, 1, -2.235169205277998e-08, 1.7881384906104358e-07, 5.960472293509156e-08, -0.6958487033843994, -0.718188464641571, 1.341106212748855e-07, 0.7181884050369263, -0.6958487033843994),
            ["LeftHand"] = CFrame.new(-5.885958671569824e-07, 1.1920928955078125e-07, -4.023313522338867e-07, 0.8751876950263977, 0.4759282171726227, -0.08682726323604584, -0.4719284772872925, 0.879366934299469, 0.06322425603866577, 0.10644321143627167, -0.014356796629726887, 0.994215190410614),
            ["RightUpperLeg"] = CFrame.new(2.980232238769531e-07, -0.000001926906406879425, 8.026108844205737e-08, 0.99342942237854, 0.0027824377175420523, -0.11441271752119064, -0.07843445241451263, 0.7445632219314575, -0.6629273295402527, 0.08334317803382874, 0.6675463318824768, 0.7398898601531982),
            ["LeftUpperLeg"] = CFrame.new(-1.1920928955078125e-07, 0.0000010738149285316467, -2.7194619178771973e-07, 0.9964768886566162, 0.03636658936738968, -0.07557380944490433, -0.033319152891635895, 0.9985951781272888, 0.04120054841041565, 0.07696616649627686, -0.03853742405772209, 0.9962886571884155),
            ["RightLowerLeg"] = CFrame.new(-5.0429662223905325e-08, -0.0001220703125, -0.00007761472807032987, 1, -1.0884824774848312e-07, -4.982583945434271e-08, 1.0966320473926316e-07, 0.6771013140678406, 0.73589026927948, -5.308537254222756e-08, -0.7358897924423218, 0.6771009564399719),
            ["RightFoot"] = CFrame.new(-2.4621840566396713e-08, 4.172325134277344e-07, -1.2478267308324575e-08, 0.9951393604278564, -0.04541834816336632, 0.08737767487764359, 0.04731448367238045, 0.9986847639083862, -0.019753240048885345, -0.08636584132909775, 0.023791871964931488, 0.9959794878959656),
            ["LeftLowerLeg"] = CFrame.new(2.5657936930656433e-07, 0.0001221299171447754, 0.0000775866792537272, 1, 7.031481885633184e-08, 3.5390257835388184e-08, -6.970368104930458e-08, 0.5867183804512024, 0.8097910284996033, 3.632158396271734e-08, -0.8097910284996033, 0.5867185592651367),
        }},
        {Time = 0.133, Data = {
            ["LeftFoot"] = CFrame.new(5.774199962615967e-08, 0, -1.2293457984924316e-07, 0.9954159259796143, -0.03653710335493088, 0.08838625252246857, 0.03585660830140114, 0.9993139505386353, 0.00928092934191227, -0.08866506069898605, -0.006068595219403505, 0.9960430264472961),
            ["LeftLowerArm"] = CFrame.new(0, -0.0000018477439880371094, 0.000002592802047729492, 1, -1.1920911902052467e-07, 1.9371491077890823e-07, 3.352760202801619e-08, -0.6897585391998291, -0.7240394353866577, 2.5331965503028187e-07, 0.7240395545959473, -0.6897585988044739),
            ["LowerTorso"] = CFrame.new(-0.5618387460708618, -0.07611966133117676, -0.004115864634513855, 0.13496340811252594, 0.010480367578566074, -0.9907952547073364, -0.026864876970648766, 0.9996151924133301, 0.006914204452186823, 0.9904863238334656, 0.025684427469968796, 0.13519303500652313),
            ["Head"] = CFrame.new(-1.728767529129982e-07, 0.0000011920928955078125, 1.5168916434049606e-07, 0.9970414042472839, 0.016748523339629173, -0.07502039521932602, 0.007269343826919794, 0.9510540962219238, 0.30893880128860474, 0.0765228420495987, -0.3085705041885376, 0.9481186270713806),
            ["RightUpperArm"] = CFrame.new(-2.384185791015625e-07, 0.0000015497207641601562, -7.413327693939209e-07, 0.3172397315502167, -0.7520313858985901, -0.5777611136436462, 0.5923497080802917, 0.6329021453857422, -0.498554527759552, 0.7405949234962463, -0.1840752214193344, 0.6462472677230835),
            ["UpperTorso"] = CFrame.new(-2.3283064365386963e-09, 0.0000022351741790771484, -1.0943040251731873e-07, 0.9838695526123047, 0.04576236382126808, -0.17293541133403778, 0.018664978444576263, 0.9351879954338074, 0.35365986824035645, 0.17791125178337097, -0.3511827290058136, 0.9192487001419067),
            ["HumanoidRootPart"] = CFrame.new(0, 0, 0, 1, 0, 0, 0, 1, 0, 0, 0, 1),
            ["RightHand"] = CFrame.new(-6.05359673500061e-07, 1.1920928955078125e-07, -7.017515599727631e-07, 0.9838749170303345, 0.009588116779923439, -0.17860083281993866, 0.0026799095794558525, 0.9976598024368286, 0.0683225467801094, 0.17883791029453278, -0.06769946962594986, 0.9815467000007629),
            ["LeftUpperArm"] = CFrame.new(1.7881393432617188e-07, -7.152557373046875e-07, 2.9616057872772217e-07, 0.20996880531311035, 0.9065908193588257, 0.36606889963150024, -0.8428292274475098, 0.3576017916202545, -0.40219372510910034, -0.4955320656299591, -0.22408540546894073, 0.8391863703727722),
            ["RightLowerArm"] = CFrame.new(-6.556510925292969e-07, -0.0000026226043701171875, 8.940696716308594e-07, 1, -4.470336989470525e-08, 1.4901149825163884e-07, 5.96047158296642e-08, -0.6667985916137695, -0.7452379465103149, 1.6391297208429023e-07, 0.7452379465103149, -0.6667985916137695),
            ["LeftHand"] = CFrame.new(-6.332993507385254e-08, 2.384185791015625e-07, -2.8312206268310547e-07, 0.8611108064651489, 0.4752746522426605, -0.18056119978427887, -0.47205671668052673, 0.8792984485626221, 0.06321991235017776, 0.18881402909755707, 0.030795756727457047, 0.981529951095581),
            ["RightUpperLeg"] = CFrame.new(4.172325134277344e-07, -0.0000014621764421463013, -2.590968506410718e-08, 0.9854143261909485, -0.09339885413646698, -0.14225079119205475, 0.0029878877103328705, 0.8452893495559692, -0.5342996120452881, 0.17014636099338531, 0.5260823965072632, 0.8332398533821106),
            ["LeftUpperLeg"] = CFrame.new(-5.960464477539063e-08, 0.000001387670636177063, -2.691522240638733e-07, 0.9800792932510376, -0.08928252756595612, -0.17740678787231445, 0.07311147451400757, 0.992721676826477, -0.09569868445396423, 0.1846601516008377, 0.08082202821969986, 0.9794736504554749),
            ["RightLowerLeg"] = CFrame.new(-7.078051567077637e-08, -0.00012248754501342773, -0.00007740052387816831, 1, -8.358615843917505e-08, -3.1432183078550224e-08, 9.126959099603482e-08, 0.8284761905670166, 0.560024619102478, -2.2351736461700966e-08, -0.5600243210792542, 0.8284760117530823),
            ["RightFoot"] = CFrame.new(-1.0943040251731873e-08, 2.980232238769531e-07, -2.029992174357176e-09, 0.9955316185951233, 0.027180174365639687, 0.09043294191360474, -0.043867748230695724, 0.981185257434845, 0.18801870942115784, -0.0836215391755104, -0.19114603102207184, 0.9779933094978333),
            ["LeftLowerLeg"] = CFrame.new(3.110617399215698e-07, 0.00012177228927612305, 0.0000774189829826355, 1, 7.078048724906694e-08, 5.215405707303944e-08, -8.288770914077759e-08, 0.4453241527080536, 0.8953695893287659, 4.237517714500427e-08, -0.8953695297241211, 0.4453238844871521),
        }},
        {Time = 0.167, Data = {
            ["LeftFoot"] = CFrame.new(-7.450580596923828e-09, -1.1920928955078125e-07, 2.60770320892334e-08, 0.997042715549469, -0.06774213165044785, 0.03628676012158394, 0.06150579825043678, 0.9865100979804993, 0.15170684456825256, -0.0460745207965374, -0.1490265280008316, 0.9877592921257019),
            ["LeftLowerArm"] = CFrame.new(-5.960464477539063e-08, -0.0000013113021850585938, 0.0000025779008865356445, 1, -1.5646199358343438e-07, 1.4901148404078413e-07, 7.078048014363958e-08, -0.6113113164901733, -0.7913902997970581, 2.16066737834808e-07, 0.7913902401924133, -0.6113113164901733),
            ["LowerTorso"] = CFrame.new(-0.5450714230537415, 0.06594657897949219, -0.04386316239833832, 0.16979558765888214, -0.006380052771419287, -0.9854586720466614, -0.11225370317697525, 0.9933453798294067, -0.025772543624043465, 0.9790652394294739, 0.11499745398759842, 0.16794943809509277),
            ["Head"] = CFrame.new(-1.7246202332898974e-07, 0.0000022649765014648438, 1.1881638783961535e-07, 0.997225284576416, 0.009019937366247177, -0.07389499992132187, 0.014042910188436508, 0.9520178437232971, 0.3057194948196411, 0.0731070414185524, -0.30590957403182983, 0.949249804019928),
            ["RightUpperArm"] = CFrame.new(-1.1920928955078125e-07, 0.0000019073486328125, -0.0000011185184121131897, 0.2701427638530731, -0.8992956876754761, -0.3439335227012634, 0.7111392617225647, 0.42717716097831726, -0.5583912134170532, 0.6490792632102966, -0.09373924136161804, 0.7549232840538025),
            ["UpperTorso"] = CFrame.new(-2.60770320892334e-08, 0.0000025331974029541016, -1.378939487040043e-07, 0.9799756407737732, -0.04451250657439232, -0.1940787136554718, 0.10997570306062698, 0.9335355758666992, 0.34119912981987, 0.1659916341304779, -0.355710506439209, 0.9197373390197754),
            ["HumanoidRootPart"] = CFrame.new(0, 0, 0, 1, 0, 0, 0, 1, 0, 0, 0, 1),
            ["RightHand"] = CFrame.new(-8.791685104370117e-07, 5.960464477539062e-07, -0.0000013336539268493652, 0.9960259795188904, 0.08462993055582047, -0.027751417830586433, -0.08103108406066895, 0.9903984665870667, 0.11200437694787979, 0.0369638092815876, -0.10931055247783661, 0.993320107460022),
            ["LeftUpperArm"] = CFrame.new(2.980232238769531e-07, -2.384185791015625e-07, -1.0244548320770264e-07, 0.16754913330078125, 0.9808813333511353, 0.09899105131626129, -0.8820129632949829, 0.19400012493133545, -0.42943811416625977, -0.440432071685791, -0.015359381213784218, 0.8976545929908752),
            ["RightLowerArm"] = CFrame.new(5.960464477539062e-07, -0.0000024437904357910156, 4.76837158203125e-07, 1, -1.1175846736932726e-07, 1.4156093186556973e-07, 1.043082775709081e-07, -0.6132861375808716, -0.7898609638214111, 1.1175886527325929e-07, 0.7898609638214111, -0.6132860779762268),
            ["LeftHand"] = CFrame.new(4.3213367462158203e-07, 3.5762786865234375e-07, -3.2782554626464844e-07, 0.8360772132873535, 0.47047004103660583, -0.28219321370124817, -0.46891289949417114, 0.8798323273658752, 0.07756152004003525, 0.28477296233177185, 0.06747670471668243, 0.9562171697616577),
            ["RightUpperLeg"] = CFrame.new(1.7881393432617188e-07, -0.0000011622905731201172, -1.4325632946565747e-07, 0.9676635265350342, -0.19920916855335236, -0.15473511815071106, 0.11309482902288437, 0.8909574747085571, -0.43977686762809753, 0.22547031939029694, 0.40805700421333313, 0.884676992893219),
            ["LeftUpperLeg"] = CFrame.new(-2.384185791015625e-07, 0.0000018631108105182648, -4.023313522338867e-07, 0.9427160024642944, -0.2591897249221802, -0.21001674234867096, 0.204664945602417, 0.9465160369873047, -0.24943818151950836, 0.26343634724617004, 0.19216684997081757, 0.9453430771827698),
            ["RightLowerLeg"] = CFrame.new(4.190951585769653e-09, -0.00012242794036865234, -0.00007728131458861753, 1, -7.005286306593916e-08, -8.80665051994356e-09, 6.658957119043407e-08, 0.8953737020492554, 0.4453160762786865, -1.1932572263617658e-08, -0.4453156590461731, 0.8953734636306763),
            ["RightFoot"] = CFrame.new(1.6472768038511276e-08, 3.5762786865234375e-07, 6.475602276623249e-10, 0.9809728264808655, 0.1502772867679596, 0.12291999906301498, -0.1901577115058899, 0.8713827729225159, 0.45225125551223755, -0.039147719740867615, -0.4670211970806122, 0.8833796977996826),
            ["LeftLowerLeg"] = CFrame.new(2.2351741790771484e-07, 0.00012195110321044922, 0.00007772073149681091, 1, 1.0430814256778831e-07, 8.568168397005138e-08, -7.450581307466564e-08, 0.253932923078537, 0.9672221541404724, 2.2351745343485163e-08, -0.9672218561172485, 0.2539319097995758),
        }},
        {Time = 0.200, Data = {
            ["LeftFoot"] = CFrame.new(7.450580596923828e-09, 0, -1.564621925354004e-07, 0.9892259240150452, -0.12818223237991333, -0.07071840018033981, 0.14419087767601013, 0.9366470575332642, 0.3192208707332611, 0.0253197830170393, -0.32597827911376953, 0.9450381398200989),
            ["LeftLowerArm"] = CFrame.new(-0.0000011026859283447266, -0.000002384185791015625, 0.000002592802047729492, 1, -1.5646199358343438e-07, 1.490114698299294e-07, 7.078047303821222e-08, -0.46636390686035156, -0.8845929503440857, 1.769511897009579e-07, 0.8845929503440857, -0.46636393666267395),
            ["LowerTorso"] = CFrame.new(-0.5414023995399475, 0.2359921932220459, -0.07865515351295471, 0.17320096492767334, -0.026511400938034058, -0.9845296144485474, -0.1744956225156784, 0.9829970598220825, -0.057167865335941315, 0.9693052768707275, 0.18169765174388885, 0.16562989354133606),
            ["Head"] = CFrame.new(-1.7532147467136383e-07, 0.0000015497207641601562, -1.8149148672819138e-07, 0.9971879720687866, -0.0032129413448274136, -0.07487279176712036, 0.025559943169355392, 0.9537571668624878, 0.2994893789291382, 0.07044819742441177, -0.3005613386631012, 0.9511573314666748),
            ["RightUpperArm"] = CFrame.new(-4.172325134277344e-07, 0.0000021457672119140625, -5.364418029785156e-07, 0.1961839348077774, -0.9750447869300842, -0.10392127931118011, 0.8103908896446228, 0.22089140117168427, -0.5426542162895203, 0.5520675182342529, 0.02224317006766796, 0.8335026502609253),
            ["UpperTorso"] = CFrame.new(-2.6542693376541138e-08, 0.0000025033950805664062, -1.2491364032030106e-07, 0.9762136340141296, -0.12031865119934082, -0.18036186695098877, 0.17575542628765106, 0.9262688755989075, 0.3333713114261627, 0.12695272266864777, -0.3571409285068512, 0.9253827333450317),
            ["HumanoidRootPart"] = CFrame.new(0, 0, 0, 1, 0, 0, 0, 1, 0, 0, 0, 1),
            ["RightHand"] = CFrame.new(-7.748603820800781e-07, 7.748603820800781e-07, -9.08970832824707e-07, 0.9890230298042297, 0.146445170044899, 0.019680757075548172, -0.14773376286029816, 0.9774380922317505, 0.150962233543396, 0.002870941301807761, -0.15221266448497772, 0.9883436560630798),
            ["LeftUpperArm"] = CFrame.new(1.7881393432617188e-07, -7.152557373046875e-07, 2.1979212760925293e-07, 0.06393243372440338, 0.9800128936767578, -0.18838153779506683, -0.8958552479743958, -0.02681579254567623, -0.4435361325740814, -0.4397227168083191, 0.19711890816688538, 0.8762352466583252),
            ["RightLowerArm"] = CFrame.new(-2.682209014892578e-07, -0.0000027418136596679688, 1.6391277313232422e-07, 1, -5.96044813505614e-08, 1.3038501833761984e-07, 4.936016040346658e-08, -0.5243609547615051, -0.851496160030365, 1.6018769599668303e-07, 0.8514961004257202, -0.5243610143661499),
            ["LeftHand"] = CFrame.new(-4.3958425521850586e-07, 3.5762786865234375e-07, -1.9371509552001953e-07, 0.8092784881591797, 0.46041783690452576, -0.36480656266212463, -0.4589056670665741, 0.8832110166549683, 0.09666376560926437, 0.3667067885398865, 0.08918385952711105, 0.9260520339012146),
            ["RightUpperLeg"] = CFrame.new(3.5762786865234375e-07, -0.0000014565885066986084, 8.77116690389812e-08, 0.9488865733146667, -0.2703944742679596, -0.16279205679893494, 0.18660499155521393, 0.8966154456138611, -0.4015704095363617, 0.2545446455478668, 0.35066747665405273, 0.9012436866760254),
            ["LeftUpperLeg"] = CFrame.new(-1.1920928955078125e-07, 0.0000018812716007232666, -4.172325134277344e-07, 0.9082881212234497, -0.3708423674106598, -0.1936199963092804, 0.2961651086807251, 0.8968809247016907, -0.3284666836261749, 0.29546383023262024, 0.24099944531917572, 0.9244571328163147),
            ["RightLowerLeg"] = CFrame.new(-7.264316082000732e-08, -0.00012284517288208008, -0.00007742101297480986, 1, -8.102495741013627e-08, 4.0745415375020855e-10, 9.429642489067191e-08, 0.8486104607582092, 0.5290189385414124, -2.223532824530139e-08, -0.5290181636810303, 0.8486100435256958),
            ["RightFoot"] = CFrame.new(2.0605511963367462e-08, 4.172325134277344e-07, 3.149762051180005e-08, 0.963110625743866, 0.20353733003139496, 0.17604246735572815, -0.2611542344093323, 0.8647683262825012, 0.4289208650588989, -0.06493508815765381, -0.4590733051300049, 0.8860225677490234),
            ["LeftLowerLeg"] = CFrame.new(2.868473529815674e-07, 0.00012254714965820312, 0.00007756426930427551, 1, 8.195639367158947e-08, 7.450577044210149e-08, -5.5879340266073996e-08, 0.21782411634922028, 0.9759883284568787, 2.9802315282267955e-08, -0.9759881496429443, 0.21782279014587402),
        }},
        {Time = 0.233, Data = {
            ["LeftFoot"] = CFrame.new(1.4901161193847656e-08, -5.960464477539063e-08, 0, 0.9862372875213623, -0.10628305375576019, -0.12664757668972015, 0.15491969883441925, 0.8616377115249634, 0.4833022952079773, 0.05775751546025276, -0.49627041816711426, 0.8662443161010742),
            ["LeftLowerArm"] = CFrame.new(-6.556510925292969e-07, -0.0000014901161193847656, 0.000002555549144744873, 1, -1.6018735493616987e-07, 1.1920921849650767e-07, 7.823108916227284e-08, -0.26285889744758606, -0.9648342728614807, 1.9185242194907914e-07, 0.9648342728614807, -0.26285889744758606),
            ["LowerTorso"] = CFrame.new(-0.5415695905685425, 0.3138093948364258, -0.09929993748664856, 0.13902269303798676, -0.04989702254533768, -0.9890313744544983, -0.19393126666545868, 0.9780199527740479, -0.07660134136676788, 0.9711145162582397, 0.20245344936847687, 0.12629036605358124),
            ["Head"] = CFrame.new(-1.8812716007232666e-07, 0.0000016689300537109375, 6.891787052154541e-08, 0.9971566796302795, -0.018532071262598038, -0.07304281741380692, 0.0390559658408165, 0.9560417532920837, 0.29061758518218994, 0.06444618850946426, -0.2926446795463562, 0.9540473818778992),
            ["RightUpperArm"] = CFrame.new(-2.980232238769531e-07, 0.0000019073486328125, -7.7858567237854e-07, 0.05866897478699684, -0.9906745553016663, 0.12297073006629944, 0.8859236836433411, -0.0051055969670414925, -0.4638030529022217, 0.46010565757751465, 0.13615354895591736, 0.8773624897003174),
            ["UpperTorso"] = CFrame.new(5.587935447692871e-09, 0.0000023245811462402344, -1.1594966053962708e-07, 0.978875994682312, -0.1546562761068344, -0.13372842967510223, 0.19159135222434998, 0.9222070574760437, 0.3358975052833557, 0.07137665152549744, -0.3544228672981262, 0.9323570132255554),
            ["HumanoidRootPart"] = CFrame.new(0, 0, 0, 1, 0, 0, 0, 1, 0, 0, 0, 1),
            ["RightHand"] = CFrame.new(-4.3213367462158203e-07, 2.384185791015625e-07, -9.685754776000977e-07, 0.9993205070495605, -0.025691382586956024, -0.026429327204823494, 0.03011137619614601, 0.982576847076416, 0.18340131640434265, 0.02125701494514942, -0.18407244980335236, 0.9826828837394714),
            ["LeftUpperArm"] = CFrame.new(2.384185791015625e-07, -0.0000011920928955078125, 3.725290298461914e-09, -0.06398782879114151, 0.931879460811615, -0.3570800721645355, -0.9105688333511353, -0.20094150304794312, -0.3612297475337982, -0.40837472677230835, 0.3020317256450653, 0.8613982796669006),
            ["RightLowerArm"] = CFrame.new(0.0000010132789611816406, -0.0000019073486328125, 2.0116567611694336e-07, 1, -7.45056354389817e-08, 1.1920923270736239e-07, 7.823121705996527e-08, -0.38462209701538086, -0.9230741858482361, 1.0710225950560925e-07, 0.9230741262435913, -0.38462212681770325),
            ["LeftHand"] = CFrame.new(-2.905726432800293e-07, 1.1920928955078125e-07, -4.172325134277344e-07, 0.7854004502296448, 0.44756951928138733, -0.4275834858417511, -0.4427211284637451, 0.8889538645744324, 0.11729936301708221, 0.43260160088539124, 0.09717321395874023, 0.8963332176208496),
            ["RightUpperLeg"] = CFrame.new(2.980232238769531e-07, -0.0000018272548913955688, 6.908521754667163e-08, 0.9523605704307556, -0.2726414203643799, -0.1366603821516037, 0.2037712037563324, 0.9022637605667114, -0.37999626994132996, 0.2269066870212555, 0.33404627442359924, 0.9148370623588562),
            ["LeftUpperLeg"] = CFrame.new(5.960464477539063e-08, 9.424984455108643e-07, -1.862645149230957e-07, 0.8966858983039856, -0.42191293835639954, -0.13395489752292633, 0.33643072843551636, 0.8462063670158386, -0.41321760416030884, 0.2876957952976227, 0.3254603445529938, 0.9007259607315063),
            ["RightLowerLeg"] = CFrame.new(-9.313225746154785e-09, -0.00012218952178955078, -0.00007731297955615446, 1, -8.195630840646118e-08, -2.6077065840013347e-08, 9.383074939250946e-08, 0.8054323792457581, 0.5926884412765503, -3.771856427192688e-08, -0.592687726020813, 0.8054318428039551),
            ["RightFoot"] = CFrame.new(-4.807952791452408e-08, 4.172325134277344e-07, -3.55576048605144e-08, 0.9573190808296204, 0.2116651087999344, 0.19682158529758453, -0.27780866622924805, 0.8617648482322693, 0.42447906732559204, -0.07976686954498291, -0.4610414505004883, 0.8837866187095642),
            ["LeftLowerLeg"] = CFrame.new(2.3096799850463867e-07, 0.0001220703125, 0.00007762759923934937, 1, 5.215405707303944e-08, 5.960463056453591e-08, -1.3411042232291948e-07, 0.11468121409416199, 0.9934025406837463, 7.450579175838357e-08, -0.993402361869812, 0.11468026041984558),
        }},
        {Time = 0.267, Data = {
            ["LeftFoot"] = CFrame.new(1.1175870895385742e-07, -5.960464477539063e-08, 3.650784492492676e-07, 0.970625102519989, -0.18127772212028503, -0.15819254517555237, 0.23740290105342865, 0.8283939361572266, 0.5073503851890564, 0.03907431662082672, -0.5300018191337585, 0.8470955491065979),
            ["LeftLowerArm"] = CFrame.new(3.8743019104003906e-07, -0.0000013113021850585938, 0.0000023730099201202393, 1, -1.6950055226061522e-07, 9.68574909165909e-08, 8.195636524988004e-08, 0.008338254876434803, -0.999965250492096, 1.7322595624591486e-07, 0.999965250492096, 0.008338273502886295),
            ["LowerTorso"] = CFrame.new(-0.5438946485519409, 0.34015965461730957, -0.10268661379814148, 0.07040400058031082, -0.07640685141086578, -0.9945880770683289, -0.16598466038703918, 0.9822645783424377, -0.08720969408750534, 0.9836119413375854, 0.17122624814510345, 0.056472983211278915),
            ["Head"] = CFrame.new(-1.8952414393424988e-07, 0.0000017881393432617188, 9.330688044428825e-08, 0.9970709085464478, -0.03417476266622543, -0.06842316687107086, 0.0519578754901886, 0.9591526985168457, 0.27807602286338806, 0.05612507089972496, -0.2808171808719635, 0.9581190943717957),
            ["RightUpperArm"] = CFrame.new(-3.5762786865234375e-07, 0.000001430511474609375, -9.98377799987793e-07, -0.11428269743919373, -0.9386264085769653, 0.32545357942581177, 0.8874619007110596, -0.24369056522846222, -0.3911859095096588, 0.4464873671531677, 0.24412193894386292, 0.8608447909355164),
            ["UpperTorso"] = CFrame.new(-6.705522537231445e-08, 0.0000026226043701171875, -1.384178176522255e-07, 0.9891358017921448, -0.12979160249233246, -0.06902667880058289, 0.14571338891983032, 0.9277520775794983, 0.3435753583908081, 0.019446473568677902, -0.34990042448043823, 0.9365848898887634),
            ["HumanoidRootPart"] = CFrame.new(0, 0, 0, 1, 0, 0, 0, 1, 0, 0, 0, 1),
            ["RightHand"] = CFrame.new(-2.1606683731079102e-07, 3.5762786865234375e-07, -0.000001043081283569336, 0.998578667640686, -0.047513049095869064, -0.024148765951395035, 0.0500364825129509, 0.9917866587638855, 0.11770981550216675, 0.018357662484049797, -0.11875077337026596, 0.9927543997764587),
            ["LeftUpperArm"] = CFrame.new(4.172325134277344e-07, -8.344650268554688e-07, 3.129243850708008e-07, -0.20412319898605347, 0.8619846105575562, -0.4640218913555145, -0.9150692224502563, -0.33642321825027466, -0.22241365909576416, -0.34782490134239197, 0.3792123794555664, 0.8574473857879639),
            ["RightLowerArm"] = CFrame.new(2.980232238769531e-07, -0.0000020265579223632812, 1.601874828338623e-07, 1, -8.56815134397948e-08, 9.685753354915505e-08, 7.450590544522129e-08, -0.17777882516384125, -0.9840704798698425, 6.519266548821179e-08, 0.9840704798698425, -0.17777888476848602),
            ["LeftHand"] = CFrame.new(-4.0605664253234863e-07, 1.7881393432617188e-07, -5.364418029785156e-07, 0.7691571712493896, 0.4312199056148529, -0.47164270281791687, -0.4210706055164337, 0.897139847278595, 0.13356532156467438, 0.48072540760040283, 0.09586214274168015, 0.8716155290603638),
