return {
    ["Running Man"] = {
        {Time = 0.000, Data = {
            ["LeftFoot"] = CFrame.new(-4.831235855817795e-08, -1.1920928955078125e-07, -3.14321368932724e-08, 0.9944579601287842, 0.10487916320562363, 0.0073311822488904, -0.10511885583400726, 0.9931045770645142, 0.05189844220876694, -0.0018376444932073355, -0.052381616085767746, 0.9986255168914795),
            ["LeftLowerArm"] = CFrame.new(0.0000012814998626708984, -5.960464477539063e-08, 0.000004798173904418945, 1, -1.8859287465033958e-08, -8.754432911928234e-08, -6.33299421792799e-08, -0.42076876759529114, -0.9071679711341858, -3.3527616238870905e-08, 0.9071680307388306, -0.42076873779296875),
            ["LowerTorso"] = CFrame.new(-0.0705425962805748, -0.06399202346801758, 0.2778262197971344, 0.8242121934890747, -0.10057319700717926, 0.5572784543037415, -0.007814720273017883, 0.9819884300231934, 0.18877941370010376, -0.5662271976470947, -0.15994922816753387, 0.8085808753967285),
            ["Head"] = CFrame.new(1.862645149230957e-08, -9.5367431640625e-07, 1.862645149230957e-08, 0.9324812889099121, 0.019648442044854164, -0.36068376898765564, -0.09991592168807983, 0.9735903739929199, -0.20527739822864532, 0.34712469577789307, 0.22745531797409058, 0.9098177552223206),
            ["RightUpperArm"] = CFrame.new(-0.029202401638031006, -0.023885607719421387, 0.06496615707874298, 0.9492147564888, -0.30242133140563965, -0.08679178357124329, 0.3072932958602905, 0.8318915963172913, 0.4620901048183441, -0.0675446167588234, -0.4652932584285736, 0.8825757503509521),
            ["UpperTorso"] = CFrame.new(1.862645149230957e-08, 3.8743019104003906e-07, 3.3527612686157227e-08, 0.9840707778930664, 0.05771542713046074, -0.16814757883548737, -0.08391115069389343, 0.9846397042274475, -0.15311306715011597, 0.15672801434993744, 0.1647835075855255, 0.9737980961799622),
            ["HumanoidRootPart"] = CFrame.new(0, 0, 0, 1, 0, 0, 0, 1, 0, 0, 0, 1),
            ["RightHand"] = CFrame.new(1.4901161193847656e-07, 9.5367431640625e-07, -0.0000013113021850585938, 0.9250888824462891, -0.09388682246208191, -0.36796125769615173, 0.011283221654593945, 0.9753237962722778, -0.22049081325531006, 0.3795829117298126, 0.19982172548770905, 0.9033207893371582),
            ["LeftUpperArm"] = CFrame.new(0.029202640056610107, -0.02388763427734375, 0.06496526300907135, 0.9917952418327332, 0.09860662370920181, -0.08135715872049332, -0.05674545839428902, 0.9098629355430603, 0.4110102653503418, 0.1145520880818367, -0.4030214250087738, 0.9079931974411011),
            ["RightLowerArm"] = CFrame.new(5.960464477539063e-08, 2.384185791015625e-07, -0.000004038214683532715, 1, 0.000010501593351364136, 0.0000163838285516249, 0.00001896918001875747, -0.7170857787132263, -0.6969850659370422, 0.000004418194748723181, 0.6969850063323975, -0.7170857191085815),
            ["LeftHand"] = CFrame.new(-0.000001385807991027832, -0.0000013113021850585938, 2.421438694000244e-08, 0.921575129032135, 0.2118784338235855, 0.32527899742126465, -0.07664121687412262, 0.920729398727417, -0.38260114192962646, -0.38055935502052307, 0.32766613364219666, 0.8647600412368774),
            ["RightUpperLeg"] = CFrame.new(0, 1.6635749489068985e-07, 2.996966941282153e-08, 0.9637488126754761, -0.1270158886909485, -0.2346383035182953, -0.10169824957847595, 0.6381534934043884, -0.7631627321243286, 0.24666906893253326, 0.75935959815979, 0.6021026372909546),
            ["LeftUpperLeg"] = CFrame.new(0, 9.685754776000977e-08, 2.9802322387695312e-08, 0.9680250883102417, -0.027143876999616623, 0.24938087165355682, 0.12009339779615402, 0.9229484796524048, -0.3657098710536957, -0.2202388495206833, 0.3839654326438904, 0.8966969847679138),
            ["RightLowerLeg"] = CFrame.new(-7.450580596923828e-09, -0.0007264614105224609, 0.000046087261580396444, 1, 1.6391281576488836e-07, 5.96046660916727e-08, -8.568167686462402e-08, 0.5475239157676697, 0.8367899060249329, 2.9802322387695312e-08, -0.8367900848388672, 0.5475241541862488),
            ["RightFoot"] = CFrame.new(1.8998980522155762e-07, 0, -1.4137185644358397e-08, 0.9940347075462341, -0.018413394689559937, -0.10749883204698563, 0.03118344210088253, 0.9924821853637695, 0.11835059523582458, 0.10451151430606842, -0.12099681794643402, 0.9871358871459961),
            ["LeftLowerLeg"] = CFrame.new(3.725290298461914e-08, -0.0007262825965881348, 0.00008098781108856201, 1, 5.215405707303944e-08, 4.842877388000488e-08, -9.685754776000977e-08, 0.5256248116493225, 0.8507166504859924, 6.146728992462158e-08, -0.8507165312767029, 0.5256246328353882),
        }},
        {Time = 0.033, Data = {
            ["LeftFoot"] = CFrame.new(2.2351741790771484e-08, -1.1920928955078125e-07, -1.6763806343078613e-08, 0.993927001953125, 0.10785508900880814, -0.02183135785162449, -0.10882812738418579, 0.992811381816864, -0.049820564687252045, 0.016300756484270096, 0.05189373716711998, 0.9985195398330688),
            ["LeftLowerArm"] = CFrame.new(0.0000011920928955078125, -5.364418029785156e-07, 0.000004708766937255859, 1, 3.725290742551124e-09, -7.078051567077637e-08, -8.754434333013705e-08, -0.26484110951423645, -0.9642921090126038, 0, 0.9642921686172485, -0.26484110951423645),
            ["LowerTorso"] = CFrame.new(-0.06673913449048996, -0.0711292028427124, 0.3044709861278534, 0.8712733387947083, -0.05000852048397064, 0.4882439076900482, -0.027106791734695435, 0.9883740544319153, 0.14960667490959167, -0.49004918336868286, -0.1435830146074295, 0.8597882986068726),
            ["Head"] = CFrame.new(0, -8.344650268554688e-07, -1.862645149230957e-08, 0.932461678981781, 0.024894194677472115, -0.36041051149368286, -0.12331169843673706, 0.9596412777900696, -0.25275087356567383, 0.33957260847091675, 0.28012335300445557, 0.8978983163833618),
            ["RightUpperArm"] = CFrame.new(-0.029202401638031006, -0.023885607719421387, 0.0649661272764206, 0.951509952545166, -0.29750412702560425, -0.0782332718372345, 0.304934024810791, 0.8786706924438477, 0.36735960841178894, -0.04054957628250122, -0.37340226769447327, 0.9267829656600952),
            ["UpperTorso"] = CFrame.new(4.470348358154297e-08, 8.940696716308594e-08, -1.1175870895385742e-08, 0.9962127208709717, 0.03292760252952576, -0.08047322928905487, -0.03844384104013443, 0.9969452619552612, -0.06798777729272842, 0.07798869907855988, 0.07082390040159225, 0.9944354295730591),
            ["HumanoidRootPart"] = CFrame.new(0, 0, 0, 1, 0, 0, 0, 1, 0, 0, 0, 1),
            ["RightHand"] = CFrame.new(5.066394805908203e-07, 0.0000011324882507324219, -6.48200511932373e-07, 0.9228243231773376, -0.08016149699687958, -0.3767879903316498, -0.006619252730160952, 0.974665105342865, -0.2235715687274933, 0.38516438007354736, 0.20881126821041107, 0.8989142179489136),
            ["LeftUpperArm"] = CFrame.new(0.029202699661254883, -0.0238875150680542, 0.06496524810791016, 0.9923850297927856, 0.09693640470504761, -0.07599576562643051, -0.06953728944063187, 0.9501556754112244, 0.3039223253726959, 0.10166895389556885, -0.29632341861724854, 0.9496609568595886),
            ["RightLowerArm"] = CFrame.new(3.2782554626464844e-07, 2.980232238769531e-07, -0.000003814697265625, 1, 0.0000011548399925231934, 0.00001943670395121444, 0.000018998980522155762, -0.2838130593299866, -0.9588796496391296, 0.00000441819429397583, 0.9588796496391296, -0.2838130593299866),
            ["LeftHand"] = CFrame.new(-0.0000012665987014770508, -0.0000012516975402832031, -6.705522537231445e-08, 0.920612096786499, 0.21285422146320343, 0.3273625075817108, -0.06552816182374954, 0.9106898307800293, -0.40786054730415344, -0.3849409222602844, 0.35402998328208923, 0.8523401021957397),
            ["RightUpperLeg"] = CFrame.new(2.9802322387695312e-08, 8.847564458847046e-08, -6.875052349641919e-08, 0.9864197373390198, -0.09207051992416382, -0.13601219654083252, -0.06462439894676208, 0.5437434315681458, -0.8367598056793213, 0.1509966105222702, 0.8341858983039856, 0.5304090976715088),
            ["LeftUpperLeg"] = CFrame.new(-2.9802322387695312e-08, 1.8440186977386475e-07, -2.9802322387695312e-08, 0.9374825358390808, -0.06984471529722214, 0.34095215797424316, 0.13616426289081573, 0.9751734137535095, -0.17463147640228271, -0.32029008865356445, 0.21013948321342468, 0.9237183332443237),
            ["RightLowerLeg"] = CFrame.new(-3.725290298461914e-08, -0.0007262229919433594, 0.000046126377128530294, 1, 1.0803343286625022e-07, 5.5879372240497105e-09, -4.0978196835794733e-08, 0.4318862855434418, 0.9019280076026917, 1.1920930376163597e-07, -0.9019281268119812, 0.4318865239620209),
            ["RightFoot"] = CFrame.new(1.8998980522155762e-07, -5.960464477539063e-08, -4.1145540308207273e-08, 0.9920644760131836, -0.015520850196480751, -0.12476924806833267, 0.03580928221344948, 0.9861316680908203, 0.16205532848834991, 0.12052371352910995, -0.16523733735084534, 0.9788619875907898),
            ["LeftLowerLeg"] = CFrame.new(0, -0.0007269382476806641, 0.00008100643754005432, 1, 6.705522537231445e-08, 7.450581307466564e-08, -6.891788473240013e-08, 0.6790472865104675, 0.7340945601463318, 6.519259798665189e-09, -0.7340946197509766, 0.6790473461151123),
        }},
        {Time = 0.067, Data = {
            ["LeftFoot"] = CFrame.new(-1.30385160446167e-08, -1.1920928955078125e-07, 0, 0.9936636090278625, 0.09579901397228241, -0.05878154933452606, -0.10589174181222916, 0.9732531905174255, -0.20387539267539978, 0.037678368389606476, 0.2088080197572708, 0.9772305488586426),
            ["LeftLowerArm"] = CFrame.new(0.0000014007091522216797, -7.152557373046875e-07, 0.000004798173904418945, 1, 2.421439049271612e-08, -4.842878098543224e-08, -5.401671643312511e-08, -0.2358618974685669, -0.9717865586280823, -3.3527616238870905e-08, 0.971786618232727, -0.23586194217205048),
            ["LowerTorso"] = CFrame.new(-0.06186310946941376, -0.1031339168548584, 0.32782721519470215, 0.9063259959220886, -0.01176417525857687, 0.42241549491882324, -0.044971778988838196, 0.9912505745887756, 0.12409663945436478, -0.42017942667007446, -0.1314687877893448, 0.8978670239448547),
            ["Head"] = CFrame.new(9.313225746154785e-09, -0.0000010728836059570312, -1.1175870895385742e-08, 0.9348204731941223, 0.013556340709328651, -0.354861855506897, -0.1254037618637085, 0.9474941492080688, -0.29415810108184814, 0.332241952419281, 0.31948572397232056, 0.8874368667602539),
            ["RightUpperArm"] = CFrame.new(-0.02920234203338623, -0.02388608455657959, 0.06496615707874298, 0.9532672762870789, -0.2929689586162567, -0.07382865250110626, 0.30141904950141907, 0.9054630994796753, 0.2988030016422272, -0.020690634846687317, -0.3070923686027527, 0.951454758644104),
            ["UpperTorso"] = CFrame.new(-3.725290298461914e-08, 0, 1.862645149230957e-08, 0.9999829530715942, 0.0037219924852252007, -0.004515046253800392, -0.003736368380486965, 0.9999880194664001, -0.0031821830198168755, 0.004502916242927313, 0.0031989833805710077, 0.9999848008155823),
            ["HumanoidRootPart"] = CFrame.new(0, 0, 0, 1, 0, 0, 0, 1, 0, 0, 0, 1),
            ["RightHand"] = CFrame.new(2.682209014892578e-07, 0.0000013113021850585938, -6.556510925292969e-07, 0.9451087117195129, -0.07740987837314606, -0.31745389103889465, 0.02750813029706478, 0.9869334101676941, -0.15876390039920807, 0.32559600472450256, 0.1413165032863617, 0.9348888397216797),
            ["LeftUpperArm"] = CFrame.new(0.029202699661254883, -0.023887991905212402, 0.06496518850326538, 0.9916700720787048, 0.10271798074245453, -0.07771451026201248, -0.07896317541599274, 0.9614942073822021, 0.26323744654655457, 0.10176140815019608, -0.2549079358577728, 0.961595892906189),
            ["RightLowerArm"] = CFrame.new(5.960464477539063e-08, 7.152557373046875e-07, -0.0000037401914596557617, 1, -3.762543769880722e-07, 0.000019509345293045044, 0.000019006431102752686, -0.2084902673959732, -0.9780244827270508, 0.000004425644874572754, 0.9780245423316956, -0.20849019289016724),
            ["LeftHand"] = CFrame.new(-0.0000014677643775939941, -0.0000010728836059570312, 1.4901161193847656e-07, 0.9314216375350952, 0.21682864427566528, 0.29229936003685, -0.11286146193742752, 0.9356401562690735, -0.3344246447086334, -0.3460002541542053, 0.27850109338760376, 0.8959471583366394),
            ["RightUpperLeg"] = CFrame.new(0, -2.2817403078079224e-08, -6.129994289949536e-08, 0.9975948929786682, -0.04054601490497589, -0.05621926859021187, -0.03746844828128815, 0.36692261695861816, -0.9294965863227844, 0.058315277099609375, 0.9293674230575562, 0.3645210266113281),
            ["LeftUpperLeg"] = CFrame.new(-5.960464477539063e-08, 1.3737007975578308e-07, 0, 0.9031912684440613, -0.14650531113147736, 0.40346217155456543, 0.14217358827590942, 0.9889982342720032, 0.04085507243871689, -0.40500885248184204, 0.020461788401007652, 0.9140837788581848),
            ["RightLowerLeg"] = CFrame.new(-4.470348358154297e-08, -0.000726163387298584, 0.0000461207891930826, 1, 1.4714902363266447e-07, 7.264317503086204e-08, -7.450578820566989e-09, 0.23181235790252686, 0.9727605581283569, 5.960463056453591e-08, -0.9727606177330017, 0.23181238770484924),
            ["RightFoot"] = CFrame.new(2.123415470123291e-07, 5.960464477539063e-08, 5.012407200410962e-08, 0.9893869161605835, -0.017940448597073555, -0.14419281482696533, 0.038717593997716904, 0.9890214800834656, 0.1426100730895996, 0.14005140960216522, -0.14667926728725433, 0.9792194962501526),
            ["LeftLowerLeg"] = CFrame.new(-1.862645149230957e-08, -0.0007266402244567871, 0.00008101761341094971, 1, 1.4901159417490817e-08, 7.4505797087454084e-09, -2.607702853651972e-08, 0.8384339213371277, 0.545003354549408, -3.399327042075129e-08, -0.5450032949447632, 0.8384339213371277),
        }},
        {Time = 0.100, Data = {
            ["LeftFoot"] = CFrame.new(1.862645149230957e-08, -1.1920928955078125e-07, 5.21540641784668e-08, 0.9934849143028259, 0.08201450854539871, -0.0791287049651146, -0.10211819410324097, 0.9488902688026428, -0.2986289858818054, 0.05059254914522171, 0.3047637641429901, 0.9510833024978638),
            ["LeftLowerArm"] = CFrame.new(0.0000011324882507324219, -2.384185791015625e-07, 0.000004708766937255859, 1, -1.1175872671742582e-08, -5.960464477539063e-08, -8.195639367158947e-08, -0.28262680768966675, -0.9592299461364746, 3.725290742551124e-09, 0.9592299461364746, -0.28262680768966675),
            ["LowerTorso"] = CFrame.new(-0.052010610699653625, -0.13533198833465576, 0.3459125757217407, 0.9193706512451172, 0.00022212612384464592, 0.3933923840522766, -0.05125792324542999, 0.9915425181388855, 0.11923155188560486, -0.39003878831863403, -0.12978246808052063, 0.9116064310073853),
            ["Head"] = CFrame.new(-7.450580596923828e-09, -7.152557373046875e-07, 1.862645149230957e-08, 0.94062739610672, -0.018552185967564583, -0.3389338254928589, -0.09516230970621109, 0.9440503120422363, -0.3157741129398346, 0.3258286714553833, 0.3292793333530426, 0.8862339854240417),
            ["RightUpperArm"] = CFrame.new(-0.02920246124267578, -0.023885726928710938, 0.0649661123752594, 0.953950822353363, -0.2908419370651245, -0.07340726256370544, 0.2994593381881714, 0.90921950340271, 0.2892129421234131, -0.017372019588947296, -0.2978772521018982, 0.9544460773468018),
            ["UpperTorso"] = CFrame.new(0, -1.7881393432617188e-07, -1.1175870895385742e-08, 0.9995856285095215, -0.009277562610805035, 0.02725212089717388, 0.00880593154579401, 0.9998102784156799, 0.01737503707408905, -0.027408059686422348, -0.01712791435420513, 0.9994776248931885),
            ["HumanoidRootPart"] = CFrame.new(0, 0, 0, 1, 0, 0, 0, 1, 0, 0, 0, 1),
            ["RightHand"] = CFrame.new(5.364418029785156e-07, 0.0000010728836059570312, -6.258487701416016e-07, 0.975162148475647, -0.07552924007177353, -0.2082165628671646, 0.07002574950456619, 0.9969761967658997, -0.033688392490148544, 0.21013163030147552, 0.018271097913384438, 0.9775024056434631),
            ["LeftUpperArm"] = CFrame.new(0.029202699661254883, -0.0238877534866333, 0.06496524810791016, 0.9915250539779663, 0.1056370660662651, -0.07562435418367386, -0.08261395990848541, 0.9619281888008118, 0.2605173587799072, 0.10026529431343079, -0.25206172466278076, 0.9625028371810913),
            ["RightLowerArm"] = CFrame.new(1.4901161193847656e-07, 7.152557373046875e-07, -0.000003546476364135742, 1, 5.550682544708252e-07, 0.000019492586943670176, 0.00001899898416013457, -0.2563701868057251, -0.9665787220001221, 0.000004373491719888989, 0.9665787220001221, -0.2563702464103699),
            ["LeftHand"] = CFrame.new(-0.0000012516975402832031, -0.0000011920928955078125, -2.4586915969848633e-07, 0.9368184804916382, 0.21875804662704468, 0.27297571301460266, -0.16921164095401764, 0.9663562774658203, -0.19370877742767334, -0.30616748332977295, 0.1352793276309967, 0.9423169493675232),
            ["RightUpperLeg"] = CFrame.new(2.9802322387695312e-08, -2.65332346316427e-07, 1.3205863069742918e-08, 0.9991773962974548, -0.008110948838293552, -0.03973338007926941, -0.03639071807265282, 0.2530360817909241, -0.966772198677063, 0.017895646393299103, 0.9674229025840759, 0.25253280997276306),
            ["LeftUpperLeg"] = CFrame.new(-2.9802322387695312e-08, -3.259192453697324e-07, 5.960464477539063e-08, 0.8863581418991089, -0.19556330144405365, 0.41967159509658813, 0.1431361436843872, 0.9777554869651794, 0.15331783890724182, -0.44031962752342224, -0.07582437992095947, 0.8946336507797241),
            ["RightLowerLeg"] = CFrame.new(-6.705522537231445e-08, -0.0007265210151672363, 0.0000461869130958803, 1, 1.0337682709860019e-07, 8.754432911928234e-08, -1.3597311010471458e-07, 0.13362635672092438, 0.9910318851470947, 1.788139627478813e-07, -0.99103182554245, 0.13362646102905273),
            ["RightFoot"] = CFrame.new(1.862645149230957e-07, -1.1920928955078125e-07, 2.032174961641431e-08, 0.9875595569610596, -0.040942758321762085, -0.15182198584079742, 0.05061832442879677, 0.9968888759613037, 0.060419872403144836, 0.14887556433677673, -0.06735309958457947, 0.9865595102310181),
            ["LeftLowerLeg"] = CFrame.new(-7.450580596923828e-09, -0.0007267594337463379, 0.00008091330528259277, 1, 4.0978189730367376e-08, -5.587934559514451e-09, -5.215405707303944e-08, 0.9137055277824402, 0.4063771367073059, 6.426125054304066e-08, -0.4063769578933716, 0.9137054085731506),
        }},
        {Time = 0.133, Data = {
            ["LeftFoot"] = CFrame.new(-5.960464477539063e-08, 0, 2.9802322387695312e-08, 0.9935901165008545, 0.08907345682382584, -0.06960355490446091, -0.10371164232492447, 0.9632467031478882, -0.24779000878334045, 0.04497385025024414, 0.253420352935791, 0.9663103222846985),
            ["LeftLowerArm"] = CFrame.new(0.0000015795230865478516, 5.960464477539063e-08, 0.000004798173904418945, 1, -7.450581485102248e-09, -6.519258732851085e-08, -7.078051567077637e-08, -0.37691283226013184, -0.9262487888336182, -5.587935447692871e-08, 0.9262487888336182, -0.3769128620624542),
            ["LowerTorso"] = CFrame.new(-0.05373073369264603, -0.11550009250640869, 0.33411166071891785, 0.9036411046981812, -0.012787137180566788, 0.428099662065506, -0.04579407349228859, 0.9909394383430481, 0.126261904835701, -0.4258353114128113, -0.13369987905025482, 0.8948679566383362),
            ["Head"] = CFrame.new(-9.313225746154785e-09, -5.960464477539062e-07, -4.6566128730773926e-08, 0.9467862844467163, -0.057482995092868805, -0.3166881799697876, -0.045680105686187744, 0.9499649405479431, -0.3089985251426697, 0.3186047673225403, 0.3070218861103058, 0.8967879414558411),
            ["RightUpperArm"] = CFrame.new(-0.029202282428741455, -0.023885488510131836, 0.06496617197990417, 0.9528560042381287, -0.2935475707054138, -0.0767817273736, 0.30183157324790955, 0.8911241888999939, 0.3388145864009857, -0.031036026775836945, -0.34601661562919617, 0.9377149939537048),
            ["UpperTorso"] = CFrame.new(-2.9802322387695312e-08, -2.9802322387695312e-08, 0, 0.9999331831932068, 0.004159356001764536, -0.010789943858981133, -0.004144628066569567, 0.9999905228614807, 0.0013866042718291283, 0.01079542189836502, -0.0013418359449133277, 0.9999408721923828),
            ["HumanoidRootPart"] = CFrame.new(0, 0, 0, 1, 0, 0, 0, 1, 0, 0, 0, 1),
            ["RightHand"] = CFrame.new(2.682209014892578e-07, 0.0000010728836059570312, -8.046627044677734e-07, 0.9850635528564453, -0.07822401821613312, -0.15339702367782593, 0.08399289101362228, 0.9959688782691956, 0.031483519822359085, 0.15031617879867554, -0.04389756917953491, 0.9876629710197449),
            ["LeftUpperArm"] = CFrame.new(0.02920246124267578, -0.0238875150680542, 0.06496524810791016, 0.9917877316474915, 0.10496452450752258, -0.07307195663452148, -0.07897718995809555, 0.9520361423492432, 0.29561764001846313, 0.1005965918302536, -0.2874189615249634, 0.9525076150894165),
            ["RightLowerArm"] = CFrame.new(2.384185791015625e-07, 4.76837158203125e-07, -0.000003919005393981934, 1, 0.00000532064632352558, 0.00001875684392871335, 0.000019013879864360206, -0.4836713671684265, -0.8752497434616089, 0.000004366039775050012, 0.8752498030662537, -0.4836713969707489),
            ["LeftHand"] = CFrame.new(-0.00000155717134475708, -0.0000011920928955078125, -1.1175870895385742e-08, 0.9192971587181091, 0.21639591455459595, 0.32873275876045227, -0.18340755999088287, 0.974583089351654, -0.1286451667547226, -0.3482160270214081, 0.05797113850712776, 0.9356203079223633),
            ["RightUpperLeg"] = CFrame.new(-5.960464477539063e-08, -6.891787052154541e-08, -1.6596459317952394e-08, 0.9965683221817017, -0.045818522572517395, -0.06893742084503174, -0.051925282925367355, 0.3025423288345337, -0.9517204165458679, 0.0644628182053566, 0.9520339965820312, 0.2991250157356262),
            ["LeftUpperLeg"] = CFrame.new(-5.960464477539063e-08, -4.470348358154297e-08, 5.960464477539063e-08, 0.9048447012901306, -0.1641945093870163, 0.3928055465221405, 0.14043821394443512, 0.9861089587211609, 0.08869252353906631, -0.40191203355789185, -0.025088027119636536, 0.9153345823287964),
            ["RightLowerLeg"] = CFrame.new(-8.940696716308594e-08, -0.0007264018058776855, 0.00004604442074196413, 1, 1.8812723112660024e-07, 8.754437175184648e-08, -1.266598985694145e-07, 0.1650153249502182, 0.9862911105155945, 1.1175873737556685e-07, -0.9862910509109497, 0.16501541435718536),
            ["RightFoot"] = CFrame.new(1.6763806343078613e-07, -5.960464477539063e-08, 1.6952981241047382e-09, 0.9884165525436401, -0.06552885472774506, -0.13688963651657104, 0.052653610706329346, 0.9940215349197388, -0.09564890712499619, 0.14233903586864471, 0.08733326196670532, 0.9859577417373657),
            ["LeftLowerLeg"] = CFrame.new(-6.332993507385254e-08, -0.0007265806198120117, 0.00008094310760498047, 1, 5.21540641784668e-08, 4.470348358154297e-08, -2.2351738238057806e-08, 0.8820888996124268, 0.4710830748081207, -1.862644971595273e-08, -0.47108304500579834, 0.882088840007782),
        }},
        {Time = 0.167, Data = {
            ["LeftFoot"] = CFrame.new(-9.685754776000977e-08, -5.960464477539063e-08, 1.4901161193847656e-08, 0.9941900968551636, 0.09919425845146179, -0.041794292628765106, -0.10389911383390427, 0.985817015171051, -0.13179443776607513, 0.028128130361437798, 0.13537104427814484, 0.9903956651687622),
            ["LeftLowerArm"] = CFrame.new(0.0000013113021850585938, -1.1920928955078125e-07, 0.0000046193599700927734, 1, 8.149073638108462e-10, -7.171183824539185e-08, -6.33299421792799e-08, -0.4480050206184387, -0.8940311074256897, -6.33299421792799e-08, 0.8940311670303345, -0.4480050206184387),
            ["LowerTorso"] = CFrame.new(-0.05789472907781601, -0.08680486679077148, 0.30348706245422363, 0.8601694107055664, -0.044867441058158875, 0.5080311298370361, -0.03556329756975174, 0.9884214401245117, 0.14750748872756958, -0.5087671279907227, -0.14494867622852325, 0.8486140966415405),
            ["Head"] = CFrame.new(-5.587935447692871e-09, -7.152557373046875e-07, 2.2351741790771484e-08, 0.9509587287902832, -0.09447434544563293, -0.29453718662261963, 0.007597184740006924, 0.9590617418289185, -0.28309541940689087, 0.3092246651649475, 0.26697441935539246, 0.9127458333969116),
            ["RightUpperArm"] = CFrame.new(-0.02920246124267578, -0.02388584613800049, 0.06496618688106537, 0.9499433040618896, -0.30139949917793274, -0.08225592225790024, 0.3091961145401001, 0.8692255616188049, 0.38580402731895447, -0.04478214681148529, -0.39192524552345276, 0.9189065098762512),
            ["UpperTorso"] = CFrame.new(-1.4901161193847656e-08, 4.172325134277344e-07, 3.725290298461914e-09, 0.9941924214363098, 0.03286696970462799, -0.10247514396905899, -0.037581853568553925, 0.9983056783676147, -0.04442361742258072, 0.10084137320518494, 0.0480167455971241, 0.9937431812286377),
            ["HumanoidRootPart"] = CFrame.new(0, 0, 0, 1, 0, 0, 0, 1, 0, 0, 0, 1),
            ["RightHand"] = CFrame.new(2.9802322387695312e-08, 8.940696716308594e-07, -8.195638656616211e-07, 0.9827989339828491, -0.08332299441099167, -0.16481347382068634, 0.07209477573633194, 0.9947238564491272, -0.07298452407121658, 0.17002536356449127, 0.05984685570001602, 0.9836207628250122),
            ["LeftUpperArm"] = CFrame.new(0.029202580451965332, -0.02388763427734375, 0.06496527791023254, 0.9925042390823364, 0.09798447787761688, -0.07303662598133087, -0.06777236610651016, 0.9386112093925476, 0.33825424313545227, 0.10169675946235657, -0.3307689428329468, 0.9382162690162659),
            ["RightLowerArm"] = CFrame.new(5.960464477539063e-08, 7.152557373046875e-07, -0.000003978610038757324, 1, 0.00000645779164187843, 0.000018447641195962206, 0.000018998980522155762, -0.53388911485672, -0.845554530620575, 0.000004388391971588135, 0.8455545902252197, -0.5338891744613647),
            ["LeftHand"] = CFrame.new(-0.0000014975666999816895, -0.0000011920928955078125, -2.7101486921310425e-07, 0.8972952961921692, 0.21552330255508423, 0.3852410912513733, -0.12037095427513123, 0.9590989947319031, -0.25620314478874207, -0.4247024655342102, 0.18351806700229645, 0.8865378499031067),
            ["RightUpperLeg"] = CFrame.new(0, -9.033828973770142e-08, -9.482755558565259e-08, 0.9832998514175415, -0.12759916484355927, -0.12976889312267303, -0.07244448363780975, 0.3796879053115845, -0.9222738146781921, 0.1669531613588333, 0.9162726998329163, 0.3641030192375183),
            ["LeftUpperLeg"] = CFrame.new(0, 2.2351741790771484e-07, -5.960464477539063e-08, 0.9436456561088562, -0.101446233689785, 0.31502673029899597, 0.1332225650548935, 0.9877727627754211, -0.08097447454929352, -0.3029600977897644, 0.1183798760175705, 0.9456222653388977),
            ["RightLowerLeg"] = CFrame.new(-7.450580596923828e-08, -0.0007259249687194824, 0.00004625722795026377, 1, 1.9744041424019088e-07, 5.2154099705603585e-08, -1.0803343286625022e-07, 0.21964918076992035, 0.9755789041519165, 9.685756197086448e-08, -0.9755789637565613, 0.21964949369430542),
            ["RightFoot"] = CFrame.new(1.7508864402770996e-07, 0, 2.4047039914876223e-08, 0.9905046820640564, -0.05565812811255455, -0.12570877373218536, 0.04297260567545891, 0.9939109683036804, -0.10146168619394302, 0.13059058785438538, 0.09509643167257309, 0.9868651628494263),
            ["LeftLowerLeg"] = CFrame.new(-7.450580596923828e-08, -0.0007262825965881348, 0.00008108094334602356, 1, 0, 6.332994928470725e-08, -7.916241884231567e-08, 0.7760425806045532, 0.6306806802749634, 8.614733815193176e-09, -0.6306806206703186, 0.7760425209999084),
        }},
        {Time = 0.200, Data = {
            ["LeftFoot"] = CFrame.new(1.4901161193847656e-08, -5.960464477539063e-08, 5.21540641784668e-08, 0.9954032301902771, 0.09523634612560272, -0.010129004716873169, -0.09514443576335907, 0.9954211711883545, 0.009181037545204163, 0.010956761427223682, -0.00817521009594202, 0.999906599521637),
            ["LeftLowerArm"] = CFrame.new(0.0000016987323760986328, 1.1920928955078125e-07, 0.000004678964614868164, 1, -2.0954763257918785e-08, -5.960465188081798e-08, -7.450581307466564e-08, -0.42427733540534973, -0.9055324196815491, -5.2154071283894154e-08, 0.9055323600769043, -0.4242773652076721),
            ["LowerTorso"] = CFrame.new(-0.06300334632396698, -0.07106244564056396, 0.26121795177459717, 0.7977139353752136, -0.0855272188782692, 0.5969402194023132, -0.030232567340135574, 0.9829745888710022, 0.1812376081943512, -0.6022777557373047, -0.16262277960777283, 0.7815468311309814),
            ["Head"] = CFrame.new(-1.862645149230957e-09, -4.76837158203125e-07, 2.7939677238464355e-08, 0.9532480239868164, -0.10654228180646896, -0.28278443217277527, 0.04004250094294548, 0.9720683693885803, -0.23125718533992767, 0.29952436685562134, 0.20912206172943115, 0.9308883547782898),
            ["RightUpperArm"] = CFrame.new(-0.029202401638031006, -0.023885607719421387, 0.06496614217758179, 0.9483708739280701, -0.30515021085739136, -0.08646395802497864, 0.3121209442615509, 0.8495235443115234, 0.42531201243400574, -0.05633094534277916, -0.43034079670906067, 0.9009072184562683),
            ["UpperTorso"] = CFrame.new(0, -5.960464477539063e-08, -3.3527612686157227e-08, 0.9760722517967224, 0.046328675001859665, -0.21245385706424713, -0.07189425826072693, 0.9908491373062134, -0.1142331138253212, 0.2052176296710968, 0.1267738938331604, 0.970471203327179),
            ["HumanoidRootPart"] = CFrame.new(0, 0, 0, 1, 0, 0, 0, 1, 0, 0, 0, 1),
            ["RightHand"] = CFrame.new(2.086162567138672e-07, 0.0000012516975402832031, -0.0000010952353477478027, 0.9491584897041321, -0.08714120090007782, -0.302496999502182, 0.004902281798422337, 0.9648979902267456, -0.2625792324542999, 0.31476062536239624, 0.2477463185787201, 0.9162684679031372),
            ["LeftUpperArm"] = CFrame.new(0.029202580451965332, -0.02388763427734375, 0.06496518850326538, 0.9927172064781189, 0.09436457604169846, -0.0748867392539978, -0.059489160776138306, 0.9245414733886719, 0.3764094114303589, 0.10475554317235947, -0.36921316385269165, 0.9234218597412109),
            ["RightLowerArm"] = CFrame.new(3.8743019104003906e-07, 4.172325134277344e-07, -0.0000040084123611450195, 1, 0.000005901965778321028, 0.0000185556746146176, 0.000019013883502339013, -0.5110037922859192, -0.8595784902572632, 0.0000044405464905139524, 0.8595784902572632, -0.511003851890564),
            ["LeftHand"] = CFrame.new(-0.0000012367963790893555, -0.0000010728836059570312, 2.60770320892334e-08, 0.8839498162269592, 0.20766082406044006, 0.41893842816352844, 0.006564772222191095, 0.8903688788414001, -0.4551927149295807, -0.4675357937812805, 0.4051177501678467, 0.7856782674789429),
            ["RightUpperLeg"] = CFrame.new(-5.960464477539063e-08, -1.0849907994270325e-07, -8.178903954103589e-08, 0.9535319805145264, -0.20777203142642975, -0.21819180250167847, -0.08952388912439346, 0.49609747529029846, -0.8636394143104553, 0.28768447041511536, 0.8430410027503967, 0.45444396138191223),
            ["LeftUpperLeg"] = CFrame.new(-2.9802322387695312e-08, -2.1979212760925293e-07, 0, 0.9771803021430969, -0.06449266523122787, 0.20238471031188965, 0.11926069855690002, 0.9550209045410156, -0.27149972319602966, -0.17577162384986877, 0.2894406318664551, 0.9409189820289612),
            ["RightLowerLeg"] = CFrame.new(-4.470348358154297e-08, -0.0007263422012329102, 0.000046206470869947225, 1, 1.8998983364326705e-07, -3.539026494081554e-08, -7.82310962677002e-08, 0.3315976560115814, 0.9434208273887634, 1.0058283805847168e-07, -0.9434210062026978, 0.33159810304641724),
            ["RightFoot"] = CFrame.new(1.6391277313232422e-07, -5.960464477539063e-08, -2.029992174357176e-09, 0.9932877421379089, -0.02964228391647339, -0.11180759966373444, 0.026189018040895462, 0.9991374015808105, -0.032228026539087296, 0.11266670376062393, 0.0290836114436388, 0.9932072162628174),
            ["LeftLowerLeg"] = CFrame.new(9.685754776000977e-08, -0.0007265210151672363, 0.00008097290992736816, 1, 1.1175869474300271e-07, 3.3527612686157227e-08, -4.470348358154297e-08, 0.6386558413505554, 0.7694926261901855, 3.67872416973114e-08, -0.769492506980896, 0.6386557817459106),
        }},
        {Time = 0.233, Data = {
            ["LeftFoot"] = CFrame.new(9.313225746154785e-10, -5.960464477539063e-08, 3.725290298461914e-08, 0.9974294304847717, 0.07079783827066422, 0.011059846729040146, -0.07126688212156296, 0.996192455291748, 0.05021706223487854, -0.007462459150701761, -0.05087611824274063, 0.998677134513855),
            ["LeftLowerArm"] = CFrame.new(0.0000012516975402832031, -6.556510925292969e-07, 0.000004678964614868164, 1, -9.313225746154785e-09, -5.2154071283894154e-08, -4.0978193283081055e-08, -0.27390366792678833, -0.9617571830749512, -8.568167686462402e-08, 0.9617571234703064, -0.2739037573337555),
            ["LowerTorso"] = CFrame.new(-0.06753702461719513, -0.06453287601470947, 0.21450284123420715, 0.7353560328483582, -0.12400898337364197, 0.6662382483482361, -0.0352734699845314, 0.9747781157493591, 0.2203713208436966, -0.6767624020576477, -0.18555191159248352, 0.712434709072113),
            ["Head"] = CFrame.new(3.3527612686157227e-08, -8.344650268554688e-07, 3.725290298461914e-09, 0.9550026655197144, -0.08951251953840256, -0.28276708722114563, 0.04797644168138504, 0.9874376654624939, -0.1505495011806488, 0.29269132018089294, 0.1302090436220169, 0.9473001956939697),
            ["RightUpperArm"] = CFrame.new(-0.029202282428741455, -0.023885726928710938, 0.0649661272764206, 0.9505885243415833, -0.29857131838798523, -0.08506833016872406, 0.30475103855133057, 0.845133900642395, 0.43917572498321533, -0.059231117367744446, -0.443400502204895, 0.8943645358085632),
            ["UpperTorso"] = CFrame.new(-1.4901161193847656e-08, 0, 2.2351741790771484e-08, 0.9521408677101135, 0.026089657098054886, -0.3045441806316376, -0.09013528376817703, 0.9760104417800903, -0.19819027185440063, 0.2920674979686737, 0.21615518629550934, 0.9316509366035461),
            ["HumanoidRootPart"] = CFrame.new(0, 0, 0, 1, 0, 0, 0, 1, 0, 0, 0, 1),
            ["RightHand"] = CFrame.new(1.4901161193847656e-07, 0.0000010728836059570312, -7.562339305877686e-07, 0.9062843322753906, -0.08433540910482407, -0.4141688942909241, -0.07128129154443741, 0.9353597164154053, -0.34644100069999695, 0.4166145920753479, 0.34349656105041504, 0.8416904211044312),
            ["LeftUpperArm"] = CFrame.new(0.029202580451965332, -0.02388739585876465, 0.06496527045965195, 0.9915293455123901, 0.101699098944664, -0.08078835159540176, -0.062282562255859375, 0.9181263446807861, 0.3913627564907074, 0.1139754056930542, -0.3830162584781647, 0.9166833758354187),
            ["RightLowerArm"] = CFrame.new(2.980232238769531e-07, 1.1920928955078125e-07, -0.000003904104232788086, 1, 0.0000032819807529449463, 0.000019164761397405528, 0.000018998980522155762, -0.3889707028865814, -0.9212502241134644, 0.000004433095455169678, 0.9212501645088196, -0.3889707624912262),
            ["LeftHand"] = CFrame.new(-0.0000014230608940124512, -0.0000011920928955078125, -2.60770320892334e-07, 0.8809053301811218, 0.20013901591300964, 0.42889347672462463, 0.07675335556268692, 0.8337881565093994, -0.5467230677604675, -0.467027485370636, 0.5145304799079895, 0.7191274166107178),
            ["RightUpperLeg"] = CFrame.new(0, -2.9243528842926025e-07, 5.75528247281909e-09, 0.9134805202484131, -0.24474291503429413, -0.3250449597835541, -0.10766405612230301, 0.6249998807907104, -0.7731648683547974, 0.3923797309398651, 0.7412664294242859, 0.5445750951766968),
            ["LeftUpperLeg"] = CFrame.new(-2.9802322387695312e-08, -9.685754776000977e-08, 0, 0.9938682317733765, -0.06266742944717407, 0.09109746664762497, 0.09639421850442886, 0.8946747779846191, -0.43619394302368164, -0.05416741222143173, 0.44230058789253235, 0.8952296376228333),
            ["RightLowerLeg"] = CFrame.new(-6.705522537231445e-08, -0.0007263422012329102, 0.000045915898226667196, 1, 9.685754776000977e-08, -1.862645149230957e-09, -8.568167686462402e-08, 0.5261539816856384, 0.8503891229629517, 6.705522537231445e-08, -0.8503893613815308, 0.5261543393135071),
            ["RightFoot"] = CFrame.new(1.3969838619232178e-07, -5.960464477539063e-08, 2.4047039914876223e-08, 0.9956293106079102, -0.012457013130187988, -0.0925588458776474, 0.021509412676095963, 0.9950072765350342, 0.09745742380619049, 0.09088264405727386, -0.09902230650186539, 0.9909263849258423),
            ["LeftLowerLeg"] = CFrame.new(1.9371509552001953e-07, -0.0007265806198120117, 0.0000810474157333374, 1, 9.685756907629184e-08, 1.8626458597736928e-08, -8.195639367158947e-08, 0.43479087948799133, 0.9005314111709595, 1.3038517820973539e-08, -0.900531530380249, 0.4347909390926361),
        }},
        {Time = 0.267, Data = {
            ["LeftFoot"] = CFrame.new(-2.2351741790771484e-08, -5.960464477539063e-08, -3.725290298461914e-09, 0.9992650151252747, 0.03343920782208443, 0.018745068460702896, -0.03382054716348648, 0.9992194175720215, 0.02041618525981903, -0.01804778352379799, -0.02103501744568348, 0.9996158480644226),
            ["LeftLowerArm"] = CFrame.new(0.0000012218952178955078, -5.960464477539062e-07, 0.000004708766937255859, 1, -3.725290298461914e-09, -4.842878453814592e-08, -5.7742006731587026e-08, -0.18558798730373383, -0.9826277494430542, -6.705523247774181e-08, 0.9826276898384094, -0.1855880469083786),
            ["LowerTorso"] = CFrame.new(-0.0704708993434906, -0.07284355163574219, 0.17085877060890198, 0.6850641369819641, -0.15614917874336243, 0.7115508913993835, -0.046074166893959045, 0.9655144810676575, 0.2562403678894043, -0.7270243763923645, -0.20832517743110657, 0.6542447805404663),
            ["Head"] = CFrame.new(-2.60770320892334e-08, -5.960464477539062e-07, 1.1175870895385742e-08, 0.9559441804885864, -0.0599295049905777, -0.2873663604259491, 0.04575161635875702, 0.9973927736282349, -0.05580790340900421, 0.28996142745018005, 0.040201663970947266, 0.9561935067176819),
            ["RightUpperArm"] = CFrame.new(-0.02920246124267578, -0.023885488510131836, 0.0649661049246788, 0.9548262357711792, -0.2855454683303833, -0.08228465169668198, 0.29119497537612915, 0.8438359498977661, 0.4507177174091339, -0.05926574021577835, -0.4543178081512451, 0.8888660669326782),
            ["UpperTorso"] = CFrame.new(-2.2351741790771484e-08, 4.172325134277344e-07, -1.1175870895385742e-08, 0.9303174614906311, -0.013934845104813576, -0.3664903938770294, -0.09554518759250641, 0.9555643200874329, -0.2788693308830261, 0.35409122705459595, 0.29445329308509827, 0.8876467943191528),
            ["HumanoidRootPart"] = CFrame.new(0, 0, 0, 1, 0, 0, 0, 1, 0, 0, 0, 1),
            ["RightHand"] = CFrame.new(3.8743019104003906e-07, 0.0000011920928955078125, -5.662441253662109e-07, 0.9233453869819641, -0.07998459041118622, -0.3755469024181366, -0.0374138243496418, 0.9546672105789185, -0.295314759016037, 0.3821433484554291, 0.28672829270362854, 0.8784952163696289),
            ["LeftUpperArm"] = CFrame.new(0.029202640056610107, -0.0238875150680542, 0.06496524065732956, 0.9897088408470154, 0.11458750069141388, -0.0857093557715416, -0.07152640074491501, 0.9149193167686462, 0.3972490131855011, 0.12393670529127121, -0.38703030347824097, 0.913699746131897),
            ["RightLowerArm"] = CFrame.new(2.384185791015625e-07, 5.960464477539062e-07, -0.0000037848949432373047, 1, 3.2782557468635787e-07, 0.000019457196685834788, 0.00001899898416013457, -0.24370475113391876, -0.9698495268821716, 0.000004373491719888989, 0.9698495864868164, -0.24370473623275757),
            ["LeftHand"] = CFrame.new(-0.0000013634562492370605, -0.0000012516975402832031, 4.544854164123535e-07, 0.8918403387069702, 0.20721811056137085, 0.4020959734916687, 0.022433817386627197, 0.8675495386123657, -0.49684470891952515, -0.4517938792705536, 0.4521268904209137, 0.7690670490264893),
            ["RightUpperLeg"] = CFrame.new(5.960464477539063e-08, 1.341104507446289e-07, -2.4047039914876223e-08, 0.8757250308990479, -0.26087480783462524, -0.4062633514404297, -0.1334337741136551, 0.677911102771759, -0.7229330539703369, 0.4640056788921356, 0.6872997283935547, 0.5588542222976685),
