return {
    ["Sackin'"] = {
        {Time = 0.000, Data = {
            ["LeftLowerArm"] = CFrame.new(2.980232238769531e-07, 5.364418029785156e-07, -3.725290298461914e-07, 1, 1.7462106427501567e-08, 9.872145056988302e-08, 6.798648399808371e-08, 0.7165104746818542, -0.6975762248039246, -7.636838006419566e-08, 0.6975764632225037, 0.7165106534957886),
            ["LeftFoot"] = CFrame.new(-1.1175870895385742e-08, 5.960464477539063e-08, 3.725290298461914e-08, 0.9999772906303406, 0.00494178244844079, 0.004585728980600834, -0.0045918067917227745, 0.9973341822624207, -0.07282671332359314, -0.004939728882163763, 0.07280237972736359, 0.9973340630531311),
            ["RightHand"] = CFrame.new(-7.82310962677002e-08, -5.960464477539062e-07, -7.497146725654602e-08, 0.902104914188385, -0.3347303569316864, 0.27232810854911804, 0.39413318037986755, 0.8960872888565063, -0.20417307317256927, -0.1756868213415146, 0.29151883721351624, 0.94029301404953),
            ["HumanoidRootPart"] = CFrame.new(0, 0, 0, 1, 0, 0, 0, 1, 0, 0, 0, 1),
            ["Handle"] = CFrame.new(0.041733644902706146, -1.928328514099121, -0.42729073762893677, 1, 0, -1.3770658884125587e-20, 0, 1, 0, -1.3770657268538453e-20, -6.776263578034403e-21, 1),
            ["RightLowerLeg"] = CFrame.new(1.4901161193847656e-08, 1.1920928955078125e-07, -2.0116567611694336e-07, 1, -0.0000010570486210781382, -6.239893082238268e-07, 0.0000010756776873677154, 0.42885449528694153, 0.9033725261688232, -6.556511493727157e-07, -0.903373658657074, 0.42885687947273254),
            ["LeftUpperLeg"] = CFrame.new(1.1920928955078125e-07, -3.1944364309310913e-07, 2.2351741790771484e-08, 0.9811248183250427, -0.07760588824748993, -0.1771126538515091, 0.03946967422962189, 0.9770205616950989, -0.20945778489112854, 0.18930485844612122, 0.19851481914520264, 0.9616436958312988),
            ["LeftLowerLeg"] = CFrame.new(-8.381903171539307e-09, -5.364418029785156e-07, -4.470348358154297e-08, 1, 2.905732969793462e-07, 1.6763786447882012e-07, -3.5390269204071956e-07, 0.8068135976791382, 0.5908108353614807, -6.705524668859653e-08, -0.590806245803833, 0.806810200214386),
            ["LowerTorso"] = CFrame.new(-0.28509393334388733, 0.08018803596496582, 0.08896911889314651, 0.9897419810295105, -0.08160458505153656, 0.11726731061935425, 0.09016097337007523, 0.9934918284416199, -0.06960689276456833, -0.1108238622546196, 0.07946579158306122, 0.9906581044197083),
            ["Head"] = CFrame.new(3.073364496231079e-08, 4.76837158203125e-07, 1.30385160446167e-08, 0.9952872395515442, 0.08597058802843094, -0.04486079886555672, -0.07961919903755188, 0.9885683655738831, 0.12803715467453003, 0.05535539612174034, -0.12386180460453033, 0.990754246711731),
            ["UpperTorso"] = CFrame.new(2.9802322387695312e-08, -2.384185791015625e-07, 7.450580596923828e-09, 0.9826143383979797, 0.14282752573490143, -0.11861449480056763, -0.09201446920633316, 0.9295461177825928, 0.35703957080841064, 0.1612527072429657, -0.33991801738739014, 0.9265276193618774),
            ["LeftUpperArm"] = CFrame.new(-1.1920928955078125e-07, 7.152557373046875e-07, -3.725290298461914e-09, 0.9901473522186279, 0.09736692905426025, 0.10064032673835754, -0.12666863203048706, 0.9291638731956482, 0.34730538725852966, -0.059692610055208206, -0.3566150367259979, 0.9323360323905945),
            ["RightLowerArm"] = CFrame.new(-1.4901161193847656e-07, -3.5762786865234375e-07, 2.882443368434906e-07, 1, 1.4901166522918174e-08, 1.1501836638672103e-07, 3.7252898543727042e-09, 1, 1.7945426122878416e-07, -1.1362133989223366e-07, 1.6239942723927925e-08, 1),
            ["LeftHand"] = CFrame.new(-9.067589417099953e-07, 3.5762786865234375e-07, 4.470348358154297e-08, 0.8418474793434143, 0.33528658747673035, -0.42293810844421387, -0.26799890398979187, 0.9398829936981201, 0.21165023744106293, 0.4684757888317108, -0.0648302435874939, 0.8810945749282837),
            ["RightFoot"] = CFrame.new(-5.21540641784668e-08, 1.7881393432617188e-07, -3.166496753692627e-08, 0.9883458018302917, -0.15217597782611847, -0.003898254595696926, 0.14995460212230682, 0.9776905179023743, -0.1470838338136673, 0.02619704231619835, 0.14478842914104462, 0.989116370677948),
            ["RightUpperLeg"] = CFrame.new(0, 1.043081283569336e-07, -3.3527612686157227e-08, 0.8769957423210144, -0.05879345163702965, -0.476889431476593, -0.37077564001083374, 0.548469603061676, -0.7494669556617737, 0.30562064051628113, 0.8341009616851807, 0.45921212434768677),
            ["RightUpperArm"] = CFrame.new(0, 2.384185791015625e-07, 3.5390257835388184e-08, 0.9824655652046204, -0.18425925076007843, 0.028473837301135063, 0.15966147184371948, 0.9103269577026367, 0.3818712532520294, -0.09627878665924072, -0.37061232328414917, 0.9237768650054932),
        }},
        {Time = 0.033, Data = {
            ["LeftLowerArm"] = CFrame.new(5.960464477539063e-08, 7.748603820800781e-07, 2.2351741790771484e-07, 1, -2.095450923889075e-09, 1.0337821976236228e-07, 6.193288015765575e-08, 0.6928859353065491, -0.721047043800354, -8.102496451556362e-08, 0.7210472226142883, 0.6928861737251282),
            ["LeftFoot"] = CFrame.new(-1.6763806343078613e-08, 2.384185791015625e-07, 7.450580596923828e-09, 0.9996541142463684, 0.02590552717447281, 0.004537961911410093, -0.0255585927516222, 0.9976116418838501, -0.0641700029373169, -0.006195017136633396, 0.06403064727783203, 0.9979287385940552),
            ["RightHand"] = CFrame.new(1.4156103134155273e-07, -3.5762786865234375e-07, -1.043081283569336e-07, 0.9150621891021729, -0.30507367849349976, 0.26380178332328796, 0.34925374388694763, 0.9265085458755493, -0.1400132030248642, -0.20170044898986816, 0.22025428712368011, 0.954361081123352),
            ["HumanoidRootPart"] = CFrame.new(0, 0, 0, 1, 0, 0, 0, 1, 0, 0, 0, 1),
            ["Handle"] = CFrame.new(0.04952570050954819, -2.241163492202759, -0.44449907541275024, 1, 0, -1.3770658884125587e-20, 0, 1, 0, -1.3770657268538453e-20, -6.776263578034403e-21, 1),
            ["RightLowerLeg"] = CFrame.new(-3.725290298461914e-08, -2.384185791015625e-07, -7.450580596923828e-08, 1, -0.0000010146769682251033, -4.3585990283645515e-07, 0.0000010542572681515594, 0.6658984422683716, 0.74604332447052, -4.395843120619247e-07, -0.7460424304008484, 0.6658974885940552),
            ["LeftUpperLeg"] = CFrame.new(-1.1920928955078125e-07, 0.000001162756234407425, -1.043081283569336e-07, 0.9738351106643677, -0.12229574471712112, -0.19153718650341034, 0.0817030668258667, 0.9749088287353516, -0.20706751942634583, 0.2120610475540161, 0.18600107729434967, 0.9593939185142517),
            ["LeftLowerLeg"] = CFrame.new(3.818422555923462e-08, 1.7881393432617188e-07, 2.9802322387695312e-08, 1, 2.1047910081506416e-07, 7.450569938782792e-09, -1.5646214990283625e-07, 0.8426781296730042, 0.5384215712547302, -7.450579175838357e-08, -0.5384177565574646, 0.8426756262779236),
            ["LowerTorso"] = CFrame.new(-0.2675756812095642, 0.09583902359008789, 0.045049190521240234, 0.9881653189659119, -0.055076271295547485, 0.14316406846046448, 0.06393084675073624, 0.9962674379348755, -0.05800019949674606, -0.13943526148796082, 0.06646637618541718, 0.9879980087280273),
            ["Head"] = CFrame.new(3.876630216836929e-08, 0, -6.542541086673737e-08, 0.9907914400100708, 0.11445307731628418, -0.07233767211437225, -0.09632815420627594, 0.9713109135627747, 0.21743063628673553, 0.09514792263507843, -0.2084600031375885, 0.9733916521072388),
            ["UpperTorso"] = CFrame.new(4.0978193283081055e-08, 3.8743019104003906e-07, 1.1175870895385742e-08, 0.9881247282028198, 0.07731220871210098, -0.13278746604919434, -0.04019645228981972, 0.9641644358634949, 0.26224270462989807, 0.14830350875854492, -0.25379106402397156, 0.9558222889900208),
            ["LeftUpperArm"] = CFrame.new(5.960464477539063e-08, 4.76837158203125e-07, 1.862645149230957e-08, 0.9913142919540405, 0.10163583606481552, 0.08346617221832275, -0.12403682619333267, 0.9334885478019714, 0.3364890217781067, -0.04371349513530731, -0.34390297532081604, 0.937981128692627),
            ["RightLowerArm"] = CFrame.new(-2.086162567138672e-07, 4.172325134277344e-07, -3.5762786865234375e-07, 1, 0, 1.1175873737556685e-07, 1.4901161193847656e-08, 1, 2.1094461999382474e-07, -1.0244548320770264e-07, -4.190952918037283e-09, 1),
            ["LeftHand"] = CFrame.new(-2.1715823095291853e-07, 5.960464477539063e-08, -8.475035429000854e-08, 0.8113342523574829, 0.27818137407302856, -0.5141524076461792, -0.1806921660900116, 0.9557873010635376, 0.23199132084846497, 0.5559558868408203, -0.09531905502080917, 0.8257284164428711),
            ["RightFoot"] = CFrame.new(-7.450580596923828e-09, 1.1920928955078125e-07, -4.656612873077393e-10, 0.9929540157318115, -0.1184336245059967, -0.003992740530520678, 0.11788138747215271, 0.9906439185142517, -0.06876612454652786, 0.012101564556360245, 0.06780987232923508, 0.9976248145103455),
            ["RightUpperLeg"] = CFrame.new(1.7881393432617188e-07, 5.365582183003426e-07, -1.2479722499847412e-07, 0.8895485997200012, -0.019905123859643936, -0.4564080238342285, -0.3170453906059265, 0.6923993229866028, -0.6481208801269531, 0.32891562581062317, 0.7212399244308472, 0.6096155047416687),
            ["RightUpperArm"] = CFrame.new(0, 3.5762786865234375e-07, -1.5227124094963074e-07, 0.9896599054336548, -0.14272408187389374, -0.014263445511460304, 0.13350419700145721, 0.8802294731140137, 0.455400288105011, -0.05243859067559242, -0.45257705450057983, 0.8901726007461548),
        }},
        {Time = 0.067, Data = {
            ["LeftLowerArm"] = CFrame.new(2.682209014892578e-07, 4.172325134277344e-07, 8.940696716308594e-08, 1, 1.490097467637952e-08, 1.0617232959475587e-07, 6.565817045611766e-08, 0.6645899415016174, -0.7472081780433655, -6.519250916880992e-08, 0.747208297252655, 0.664590060710907),
            ["LeftFoot"] = CFrame.new(-1.2456439435482025e-08, 5.960464477539063e-08, -5.587935447692871e-09, 0.9962431192398071, 0.08649193495512009, 0.0043880995362997055, -0.08659054338932037, 0.9956367611885071, 0.03477576747536659, -0.0013653639471158385, -0.03502408787608147, 0.9993855357170105),
            ["RightHand"] = CFrame.new(-5.960464477539063e-08, -4.172325134277344e-07, -7.450580596923828e-08, 0.9154418706893921, -0.3054572343826294, 0.2620351016521454, 0.3314366638660431, 0.9415464401245117, -0.06033238768577576, -0.22828911244869232, 0.14207907021045685, 0.9631707072257996),
            ["HumanoidRootPart"] = CFrame.new(0, 0, 0, 1, 0, 0, 0, 1, 0, 0, 0, 1),
            ["Handle"] = CFrame.new(0.08837517350912094, -2.5119552612304688, -0.46437984704971313, 1, 0, -1.3770658884125587e-20, 0, 1, 0, -1.3770657268538453e-20, -6.776263578034403e-21, 1),
            ["RightLowerLeg"] = CFrame.new(-2.2351741790771484e-08, 5.364418029785156e-07, 1.862645149230957e-08, 1, -8.419166874773509e-07, -2.4028130951592175e-07, 8.270145599453826e-07, 0.8373199105262756, 0.5467171669006348, -2.2351744632942427e-07, -0.5467131733894348, 0.8373173475265503),
            ["LeftUpperLeg"] = CFrame.new(1.4901161193847656e-07, 3.157183527946472e-07, -4.470348358154297e-08, 0.9677104949951172, -0.17788851261138916, -0.1785786747932434, 0.15438701212406158, 0.9783350825309753, -0.13793206214904785, 0.19925113022327423, 0.10590685904026031, 0.9742096662521362),
            ["LeftLowerLeg"] = CFrame.new(-5.704350769519806e-08, 1.1920928955078125e-07, 3.725290298461914e-09, 1, 2.305024260351729e-08, -9.313217930184692e-08, -1.1688096890338784e-07, 0.9308774471282959, 0.36533448100090027, -2.7753409881370317e-07, -0.3653317093849182, 0.9308763742446899),
            ["LowerTorso"] = CFrame.new(-0.24586044251918793, 0.07518744468688965, -0.0029391543939709663, 0.9802496433258057, -0.010937484912574291, 0.19746175408363342, 0.02604166977107525, 0.9969139099121094, -0.07405784726142883, -0.19604238867759705, 0.07773742824792862, 0.9775092005729675),
            ["Head"] = CFrame.new(-6.51925802230835e-09, -1.1920928955078125e-07, 2.60770320892334e-08, 0.9811260104179382, 0.15393948554992676, -0.11702330410480499, -0.10834258049726486, 0.9388891458511353, 0.3267248868942261, 0.16016773879528046, -0.3078795075416565, 0.9378467202186584),
            ["UpperTorso"] = CFrame.new(-2.421438694000244e-08, 2.086162567138672e-07, -2.2351741790771484e-08, 0.9891265034675598, -0.019861986860632896, -0.14572009444236755, 0.04618192836642265, 0.9826666712760925, 0.179536372423172, 0.1396283507347107, -0.18431390821933746, 0.9728990197181702),
            ["LeftUpperArm"] = CFrame.new(1.7881393432617188e-07, 7.152557373046875e-07, -5.960464477539063e-08, 0.9914097785949707, 0.08601102977991104, 0.09853656589984894, -0.11318089067935944, 0.9417411088943481, 0.31673935055732727, -0.06554985791444778, -0.3251553773880005, 0.9433805346488953),
            ["RightLowerArm"] = CFrame.new(-1.4901161193847656e-07, 0, -4.76837158203125e-07, 1, 7.450585037815927e-09, 1.1175876579727628e-07, 1.1175869119028903e-08, 0.999921977519989, -0.012496895156800747, -1.0430811414607888e-07, 0.012497037649154663, 0.9999219179153442),
            ["LeftHand"] = CFrame.new(-5.656038410961628e-07, -4.76837158203125e-07, 1.5040859580039978e-07, 0.7710698246955872, 0.2318490743637085, -0.5930415987968445, -0.10425565391778946, 0.964755117893219, 0.24161414802074432, 0.6281577944755554, -0.12447304278612137, 0.7680653929710388),
            ["RightFoot"] = CFrame.new(2.7939677238464355e-09, 1.1920928955078125e-07, -6.938353180885315e-08, 0.9962688684463501, -0.08620783686637878, -0.004078884143382311, 0.08621471375226974, 0.9962755441665649, 0.0014835639158263803, 0.003934663254767656, -0.001831606263294816, 0.9999906420707703),
            ["RightUpperLeg"] = CFrame.new(5.960464477539063e-08, 1.8579885363578796e-07, 0, 0.8943480253219604, -0.03268006071448326, -0.44617560505867004, -0.22477681934833527, 0.8294777870178223, -0.5113116502761841, 0.38680341839790344, 0.5575829148292542, 0.7344983816146851),
            ["RightUpperArm"] = CFrame.new(-1.1920928955078125e-07, 2.384185791015625e-07, -8.195638656616211e-08, 0.9933704733848572, -0.0913914367556572, -0.06973569095134735, 0.1146126538515091, 0.8342963457107544, 0.5392906665802002, 0.008893493562936783, -0.5436887145042419, 0.8392273783683777),
        }},
        {Time = 0.100, Data = {
            ["LeftLowerArm"] = CFrame.new(1.4901161193847656e-07, 6.556510925292969e-07, -2.682209014892578e-07, 1, 7.450482897297661e-09, 8.382035332488158e-08, 7.823100389714455e-08, 0.6393823027610779, -0.7688888311386108, -6.239854144496348e-08, 0.7688890695571899, 0.639382541179657),
            ["LeftFoot"] = CFrame.new(7.962808012962341e-08, 1.1920928955078125e-07, 2.7939677238464355e-09, 0.9843345284461975, 0.17626383900642395, 0.004134282469749451, -0.17608200013637543, 0.9815880060195923, 0.0740295946598053, 0.008987942710518837, -0.07359513640403748, 0.9972475171089172),
            ["RightHand"] = CFrame.new(-4.470348358154297e-08, -2.980232238769531e-07, -5.066394805908203e-07, 0.9027087688446045, -0.34252673387527466, 0.26037055253982544, 0.34788641333580017, 0.9371554255485535, 0.02673187106847763, -0.25316405296325684, 0.06644818931818008, 0.9651386737823486),
            ["HumanoidRootPart"] = CFrame.new(0, 0, 0, 1, 0, 0, 0, 1, 0, 0, 0, 1),
            ["Handle"] = CFrame.new(0.14776787161827087, -2.7209436893463135, -0.48600369691848755, 1, 0, -1.3770658884125587e-20, 0, 1, 0, -1.3770657268538453e-20, -6.776263578034403e-21, 1),
            ["RightLowerLeg"] = CFrame.new(-7.450580596923828e-08, -2.980232238769531e-07, 5.21540641784668e-08, 1, -4.5355457700679835e-07, -1.6484405307437555e-07, 5.066395374342392e-07, 0.8512189388275146, 0.5248143672943115, -8.195639367158947e-08, -0.5248107314109802, 0.851216733455658),
            ["LeftUpperLeg"] = CFrame.new(1.4901161193847656e-07, 4.880130290985107e-07, -1.6391277313232422e-07, 0.9700685739517212, -0.21316978335380554, -0.11630009859800339, 0.21052540838718414, 0.9769721627235413, -0.03470069542527199, 0.12102149426937103, 0.009175660088658333, 0.9926077723503113),
            ["LeftLowerLeg"] = CFrame.new(-8.754432201385498e-08, 3.5762786865234375e-07, -5.960464477539063e-08, 1, 6.041956623903388e-08, 5.44823528514371e-08, -1.4342370491249312e-07, 0.9833112955093384, 0.18193209171295166, -1.4156105976326216e-07, -0.18193122744560242, 0.9833110570907593),
            ["LowerTorso"] = CFrame.new(-0.22302810847759247, 0.015423059463500977, -0.03778271749615669, 0.9722537398338318, 0.017678719013929367, 0.23325975239276886, 0.00784887932240963, 0.994113564491272, -0.10805875808000565, -0.23379701375961304, 0.10689139366149902, 0.966391921043396),
            ["Head"] = CFrame.new(4.330649971961975e-08, 4.76837158203125e-07, -2.9802322387695312e-08, 0.9712752103805542, 0.18367549777030945, -0.15128763020038605, -0.10830409079790115, 0.907322883605957, 0.4062456786632538, 0.2118840515613556, -0.3781910240650177, 0.9011529684066772),
            ["UpperTorso"] = CFrame.new(5.704350769519806e-09, -5.960464477539063e-08, -7.916241884231567e-09, 0.9864581227302551, -0.09064092487096786, -0.13669203221797943, 0.111237071454525, 0.9821828007698059, 0.1514701545238495, 0.12052712589502335, -0.16462427377700806, 0.9789648056030273),
            ["LeftUpperArm"] = CFrame.new(-2.384185791015625e-07, 5.960464477539062e-07, -1.0803341865539551e-07, 0.9821808934211731, 0.08285216242074966, 0.1686958223581314, -0.13105706870555878, 0.9452795386314392, 0.29879721999168396, -0.1347024291753769, -0.31556639075279236, 0.9392879605293274),
            ["RightLowerArm"] = CFrame.new(-4.470348358154297e-07, 2.384185791015625e-07, -2.086162567138672e-07, 1, 5.5879372240497105e-09, 1.0058287358560847e-07, -5.587934559514451e-09, 1, 7.07805440924858e-08, -1.0058282384761696e-07, 5.401672709126615e-08, 1),
            ["LeftHand"] = CFrame.new(-3.986060619354248e-07, 1.1920928955078125e-07, -2.9802322387695312e-08, 0.7308063507080078, 0.17975974082946777, -0.6584901809692383, -0.07394517213106155, 0.9798721671104431, 0.18542343378067017, 0.6785678267478943, -0.08681579679250717, 0.7293893098831177),
            ["RightFoot"] = CFrame.new(-2.2351741790771484e-08, 0, 9.313225746154785e-10, 0.9965923428535461, -0.08238289505243301, -0.004089703783392906, 0.08240759372711182, 0.9965804219245911, 0.006052603479474783, 0.003571419045329094, -0.006369772367179394, 0.9999732971191406),
            ["RightUpperLeg"] = CFrame.new(-8.940696716308594e-08, 6.570480763912201e-07, -1.862645149230957e-07, 0.8922054171562195, -0.09256093204021454, -0.44203808903694153, -0.1430029571056366, 0.8705100417137146, -0.47091445326805115, 0.4283919632434845, 0.4833681881427765, 0.7634407877922058),
            ["RightUpperArm"] = CFrame.new(2.384185791015625e-07, 0, -8.940696716308594e-08, 0.9918869733810425, -0.05072404071688652, -0.11656726896762848, 0.1102905422449112, 0.7993611693382263, 0.5906608700752258, 0.06321574002504349, -0.5987059473991394, 0.7984559535980225),
        }},
        {Time = 0.133, Data = {
            ["LeftLowerArm"] = CFrame.new(2.9802322387695312e-08, 8.344650268554688e-07, 5.960464477539063e-08, 1, 1.8626195696924697e-08, 1.4342597864924755e-07, 5.587927631722778e-08, 0.6223855018615723, -0.7827107310295105, -2.700831558399841e-08, 0.7827109098434448, 0.6223856806755066),
            ["LeftFoot"] = CFrame.new(7.82310962677002e-08, 0, 1.862645149230957e-08, 0.9752185940742493, 0.2212083488702774, 0.00399235263466835, -0.21939760446548462, 0.9692515730857849, -0.11142488569021225, -0.028519362211227417, 0.10778820514678955, 0.9937648773193359),
            ["RightHand"] = CFrame.new(1.825392246246338e-07, -2.384185791015625e-07, 1.341104507446289e-07, 0.8853820562362671, -0.3953912854194641, 0.2444683462381363, 0.3794170320034027, 0.9184940457344055, 0.1114056333899498, -0.2685915529727936, -0.0058809975162148476, 0.9632362127304077),
            ["HumanoidRootPart"] = CFrame.new(0, 0, 0, 1, 0, 0, 0, 1, 0, 0, 0, 1),
            ["Handle"] = CFrame.new(0.21209824085235596, -2.8483664989471436, -0.5084409117698669, 1, 0, -1.3770658884125587e-20, 0, 1, 0, -1.3770657268538453e-20, -6.776263578034403e-21, 1),
            ["RightLowerLeg"] = CFrame.new(-2.9802322387695312e-08, 5.960464477539063e-08, -8.940696716308594e-08, 1, -5.834742751176236e-07, -1.578591621864689e-07, 6.171175641611626e-07, 0.7748007774353027, 0.6322082877159119, -1.8626448650138627e-07, -0.632205605506897, 0.7747985124588013),
            ["LeftUpperLeg"] = CFrame.new(1.1920928955078125e-07, 5.830079317092896e-07, -1.2665987014770508e-07, 0.9677866697311401, -0.24065160751342773, -0.07400161027908325, 0.23153959214687347, 0.966145396232605, -0.11380773782730103, 0.09888631105422974, 0.09300519526004791, 0.9907429218292236),
            ["LeftLowerLeg"] = CFrame.new(6.146728992462158e-08, -1.7881393432617188e-07, 3.725290298461914e-08, 1, -5.681070547325362e-08, -7.45057437967489e-09, -1.1175874448099421e-08, 0.9288896918296814, 0.37035900354385376, -1.67638120274205e-07, -0.3703564703464508, 0.928888738155365),
            ["LowerTorso"] = CFrame.new(-0.20215612649917603, -0.06739282608032227, -0.059214308857917786, 0.9656241536140442, 0.03421422466635704, 0.25768110156059265, 0.0020544149447232485, 0.9902645349502563, -0.13918332755565643, -0.25993451476097107, 0.13492818176746368, 0.9561530351638794),
            ["Head"] = CFrame.new(1.2631062418222427e-08, 2.384185791015625e-07, -1.1641532182693481e-10, 0.9611849188804626, 0.21955467760562897, -0.167090505361557, -0.12189234793186188, 0.8812177777290344, 0.45672497153282166, 0.24751920998096466, -0.41863006353378296, 0.8737751841545105),
            ["UpperTorso"] = CFrame.new(1.57160684466362e-08, 8.940696716308594e-08, -1.3969838619232178e-08, 0.9827742576599121, -0.13686509430408478, -0.12418872863054276, 0.15531675517559052, 0.9758409261703491, 0.15365959703922272, 0.10015779733657837, -0.1703014373779297, 0.9802887439727783),
            ["LeftUpperArm"] = CFrame.new(0, 9.5367431640625e-07, -9.313225746154785e-09, 0.9646040797233582, 0.08152984827756882, 0.2507917284965515, -0.15563535690307617, 0.9437288045883179, 0.29182612895965576, -0.21287719905376434, -0.3205133080482483, 0.9230064749717712),
            ["RightLowerArm"] = CFrame.new(-8.940696716308594e-08, -1.7881393432617188e-07, -3.427267074584961e-07, 1, -1.4901166522918174e-08, 7.078055830334051e-08, 1.30385160446167e-08, 1, 9.872024975265958e-08, -1.0058283805847168e-07, 3.911556234470481e-08, 1),
            ["LeftHand"] = CFrame.new(-5.438923835754395e-07, 0, 2.5331974029541016e-07, 0.7094262838363647, 0.11302804946899414, -0.6956577301025391, -0.09432972967624664, 0.9934031367301941, 0.06520377099514008, 0.6984384655952454, 0.019365033134818077, 0.7154082655906677),
            ["RightFoot"] = CFrame.new(3.725290298461914e-09, 0, -1.0710209608078003e-08, 0.9928125143051147, -0.11961274594068527, -0.003991404082626104, 0.11942028254270554, 0.9923002123832703, -0.032855063676834106, 0.00788204651325941, 0.03214206174015999, 0.9994521737098694),
            ["RightUpperLeg"] = CFrame.new(0, 2.4493783712387085e-07, -4.470348358154297e-08, 0.8844666481018066, -0.16389796137809753, -0.4368636906147003, -0.09891074895858765, 0.8491389751434326, -0.5188223719596863, 0.45599937438964844, 0.5020961165428162, 0.7348289489746094),
            ["RightUpperArm"] = CFrame.new(2.384185791015625e-07, 4.76837158203125e-07, -7.636845111846924e-08, 0.9907745718955994, -0.011731840670108795, -0.13501553237438202, 0.0929715633392334, 0.7836948037147522, 0.6141675710678101, 0.09860100597143173, -0.6210353970527649, 0.7775404453277588),
        }},
        {Time = 0.167, Data = {
            ["LeftLowerArm"] = CFrame.new(5.960464477539062e-07, 2.980232238769531e-07, -1.7881393432617188e-07, 1, -1.583226172385821e-08, 1.2852460429257917e-07, 5.5879286975368814e-08, 0.6157553791999817, -0.7879372835159302, -5.681060954998429e-08, 0.7879374623298645, 0.615755558013916),
            ["LeftFoot"] = CFrame.new(1.862645149230957e-09, 0, -9.313225746154785e-09, 0.9750195741653442, 0.22208459675312042, 0.003989315126091242, -0.21112342178821564, 0.9321863055229187, -0.29403361678123474, -0.06902079284191132, 0.28584474325180054, 0.9557867646217346),
            ["RightHand"] = CFrame.new(-6.332993507385254e-08, -1.1920928955078125e-07, -2.086162567138672e-07, 0.8697403073310852, -0.4485694169998169, 0.20576126873493195, 0.41674837470054626, 0.8908957839012146, 0.18062451481819153, -0.26433438062667847, -0.07134579867124557, 0.9617885947227478),
            ["HumanoidRootPart"] = CFrame.new(0, 0, 0, 1, 0, 0, 0, 1, 0, 0, 0, 1),
            ["Handle"] = CFrame.new(0.2588595449924469, -2.8964760303497314, -0.5293759703636169, 1, 0, -1.3770658884125587e-20, 0, 1, 0, -1.3770657268538453e-20, -6.776263578034403e-21, 1),
            ["RightLowerLeg"] = CFrame.new(-1.043081283569336e-07, -6.556510925292969e-07, -4.470348358154297e-08, 1, -1.0943043093902816e-07, 1.5832505084745208e-08, 1.620501706156574e-07, 0.6619862914085388, 0.7495168447494507, 2.2351747119842003e-08, -0.749515950679779, 0.6619852781295776),
            ["LeftUpperLeg"] = CFrame.new(1.1920928955078125e-07, 6.51925802230835e-09, 2.9802322387695312e-08, 0.9667606949806213, -0.2504761815071106, -0.05133763700723648, 0.2279689908027649, 0.9353384375572205, -0.27050307393074036, 0.11577536165714264, 0.24980716407299042, 0.9613493084907532),
            ["LeftLowerLeg"] = CFrame.new(-5.587935447692871e-08, 0, -2.9802322387695312e-08, 1, 1.899900610169425e-07, 8.568149212351273e-08, -2.533197687171196e-07, 0.7401106953620911, 0.6724871397018433, -6.705523247774181e-08, -0.6724850535392761, 0.7401087880134583),
            ["LowerTorso"] = CFrame.new(-0.18516765534877777, -0.1531609296798706, -0.07390077412128448, 0.9607502818107605, 0.0349595807492733, 0.27520331740379333, 0.011057166382670403, 0.9864137768745422, -0.16390718519687653, -0.27719444036483765, 0.16051682829856873, 0.947310745716095),
            ["Head"] = CFrame.new(1.4435499906539917e-08, -3.5762786865234375e-07, 9.080395102500916e-09, 0.9509262442588806, 0.2605823278427124, -0.16684198379516602, -0.14843204617500305, 0.8572933673858643, 0.49296683073043823, 0.2714908719062805, -0.4440102279186249, 0.8539013862609863),
            ["UpperTorso"] = CFrame.new(1.5133991837501526e-08, 2.682209014892578e-07, -2.9802322387695312e-08, 0.9812009930610657, -0.15696364641189575, -0.1122809574007988, 0.17417921125888824, 0.9707927703857422, 0.16499392688274384, 0.0831034705042839, -0.18144935369491577, 0.9798826575279236),
            ["LeftUpperArm"] = CFrame.new(2.384185791015625e-07, 1.1920928955078125e-07, -6.728805601596832e-08, 0.9451794028282166, 0.0758928582072258, 0.3176216185092926, -0.17400258779525757, 0.9400941729545593, 0.2931813597679138, -0.2763316035270691, -0.33236008882522583, 0.9017545580863953),
            ["RightLowerArm"] = CFrame.new(-2.980232238769531e-07, -5.960464477539063e-08, -3.3527612686157227e-07, 1, -2.9802340151263707e-08, 9.685764013056541e-08, 3.7252898543727042e-09, 1, 1.6950086489941896e-07, -1.2293456563838845e-07, 7.450585037815927e-09, 1),
            ["LeftHand"] = CFrame.new(-2.0675361156463623e-07, -4.76837158203125e-07, -5.960464477539063e-08, 0.7130008935928345, 0.02706757001578808, -0.7006404399871826, -0.1514805108308792, 0.9816019535064697, -0.11623524129390717, 0.6846045851707458, 0.18901033699512482, 0.7039831876754761),
            ["RightFoot"] = CFrame.new(3.725290298461914e-09, 5.960464477539063e-08, 1.601874828338623e-07, 0.9832109808921814, -0.182432159781456, -0.0038109172601252794, 0.18137304484844208, 0.9793593883514404, -0.08921557664871216, 0.019999003037810326, 0.08702729642391205, 0.9960050582885742),
            ["RightUpperLeg"] = CFrame.new(-2.9802322387695312e-08, 2.300366759300232e-07, -1.1175870895385742e-07, 0.875715970993042, -0.21644218266010284, -0.4315873086452484, -0.08972564339637756, 0.805362343788147, -0.5859491229057312, 0.4744163453578949, 0.5518554449081421, 0.6858541369438171),
            ["RightUpperArm"] = CFrame.new(0, -2.384185791015625e-07, -3.934837877750397e-08, 0.9925087690353394, 0.031067322939634323, -0.11816233396530151, 0.050778839737176895, 0.7747601866722107, 0.6302314400672913, 0.11112174391746521, -0.6314915418624878, 0.7673630714416504),
        }},
        {Time = 0.200, Data = {
            ["LeftLowerArm"] = CFrame.new(-5.960464477539063e-08, 2.980232238769531e-07, -2.980232238769531e-07, 1, 1.3969646772693523e-08, 9.732480776847297e-08, 5.681059533912958e-08, 0.6209338903427124, -0.783862829208374, -3.1897751995302315e-08, 0.7838629484176636, 0.6209340691566467),
            ["LeftFoot"] = CFrame.new(-8.381903171539307e-09, 5.960464477539063e-08, -8.381903171539307e-09, 0.9744990468025208, 0.22435779869556427, 0.003981913439929485, -0.2053903341293335, 0.8989888429641724, -0.38682693243026733, -0.09036882221698761, 0.3761417865753174, 0.9221437573432922),
            ["RightHand"] = CFrame.new(3.725290298461914e-08, -3.5762786865234375e-07, -9.313225746154785e-08, 0.8587967157363892, -0.485471248626709, 0.16366489231586456, 0.44685184955596924, 0.8660605549812317, 0.22419269382953644, -0.2505827844142914, -0.11940215528011322, 0.9607036709785461),
            ["HumanoidRootPart"] = CFrame.new(0, 0, 0, 1, 0, 0, 0, 1, 0, 0, 0, 1),
            ["Handle"] = CFrame.new(0.27542465925216675, -2.8781893253326416, -0.5464749932289124, 1, 0, -1.3770658884125587e-20, 0, 1, 0, -1.3770657268538453e-20, -6.776263578034403e-21, 1),
            ["RightLowerLeg"] = CFrame.new(1.30385160446167e-08, 1.1920928955078125e-07, -1.564621925354004e-07, 1, -0.0000011567021829250734, -5.792842330265557e-07, 0.0000011995434761047363, 0.5481313467025757, 0.8363921046257019, -5.736947059631348e-07, -0.836392343044281, 0.5481315851211548),
            ["LeftUpperLeg"] = CFrame.new(0, 4.3958425521850586e-07, -8.195638656616211e-08, 0.9700766205787659, -0.2395288050174713, -0.0397140197455883, 0.2098846584558487, 0.9095130562782288, -0.35879623889923096, 0.12206542491912842, 0.3397235572338104, 0.9325706958770752),
            ["LeftLowerLeg"] = CFrame.new(-7.078051567077637e-08, 5.960464477539063e-08, -7.450580596923828e-08, 1, 0.000001352282765765267, 8.344626394318766e-07, -0.0000014007092659085174, 0.5764527916908264, 0.8171321153640747, 7.003546329542587e-07, -0.8171305656433105, 0.576450526714325),
            ["LowerTorso"] = CFrame.new(-0.17321346700191498, -0.2177581787109375, -0.07935018837451935, 0.9580034017562866, 0.018478695303201675, 0.28616103529930115, 0.03653456270694733, 0.9819238781929016, -0.18571682274341583, -0.2844201624393463, 0.18837204575538635, 0.9400113224983215),
            ["Head"] = CFrame.new(-4.6566128730773926e-09, -2.384185791015625e-07, -1.5832483768463135e-08, 0.9444945454597473, 0.2860746681690216, -0.16152866184711456, -0.16812428832054138, 0.8433021903038025, 0.5104662775993347, 0.282248854637146, -0.45497554540634155, 0.8445901870727539),
            ["UpperTorso"] = CFrame.new(-6.984919309616089e-09, 0, -4.912726581096649e-08, 0.9847592711448669, -0.1405261904001236, -0.10247805714607239, 0.1581820547580719, 0.9685975909233093, 0.19182582199573517, 0.07230343669652939, -0.20511257648468018, 0.976064145565033),
            ["LeftUpperArm"] = CFrame.new(1.7881393432617188e-07, 0, -6.612390279769897e-08, 0.9268316030502319, 0.06637057662010193, 0.36957788467407227, -0.17693942785263062, 0.9453249573707581, 0.2739739716053009, -0.33117303252220154, -0.3193051815032959, 0.8878910541534424),
            ["RightLowerArm"] = CFrame.new(-3.5762786865234375e-07, -3.5762786865234375e-07, -7.078051567077637e-08, 1, 1.4901164746561335e-08, 1.1548408451744763e-07, 7.450578820566989e-09, 1, 1.387671630936893e-07, -1.0430809993522416e-07, 6.239862671009178e-08, 1),
            ["LeftHand"] = CFrame.new(-4.842877388000488e-07, -4.76837158203125e-07, 1.4901161193847656e-07, 0.7285845875740051, -0.039207667112350464, -0.6838324666023254, -0.17585738003253937, 0.9541863799095154, -0.24207843840122223, 0.661996066570282, 0.2966327369213104, 0.688310444355011),
            ["RightFoot"] = CFrame.new(2.421438694000244e-08, 0, -2.421438694000244e-08, 0.9690060019493103, -0.2470112144947052, -0.0036065136082470417, 0.24181373417377472, 0.9513950347900391, -0.1907178908586502, 0.05053200200200081, 0.18393726646900177, 0.9816383719444275),
            ["RightUpperLeg"] = CFrame.new(1.1920928955078125e-07, 5.275942385196686e-07, -1.1175870895385742e-07, 0.872859001159668, -0.23262308537960052, -0.42894893884658813, -0.10464664548635483, 0.769363284111023, -0.6301774978637695, 0.47661957144737244, 0.5949509739875793, 0.6472088098526001),
            ["RightUpperArm"] = CFrame.new(1.1920928955078125e-07, -1.1920928955078125e-07, -3.818422555923462e-08, 0.9953035116195679, 0.06347429752349854, -0.07309413701295853, -0.002081167884171009, 0.7689070105552673, 0.6393758058547974, 0.09678179770708084, -0.6362020969390869, 0.7654122114181519),
        }},
        {Time = 0.233, Data = {
            ["LeftLowerArm"] = CFrame.new(1.7881393432617188e-07, 0.0000010132789611816406, 0, 1, 3.352716149152002e-08, 1.0663811167432868e-07, 6.33298569141516e-08, 0.6362622976303101, -0.771472692489624, -6.98491078310326e-08, 0.7714728713035583, 0.6362624764442444),
            ["LeftFoot"] = CFrame.new(-3.4458935260772705e-08, 0, -4.6566128730773926e-09, 0.9735168218612671, 0.22858205437660217, 0.003968109376728535, -0.20534802973270416, 0.881939172744751, -0.42428329586982727, -0.10048477351665497, 0.4122299253940582, 0.9055207967758179),
            ["RightHand"] = CFrame.new(4.470348358154297e-08, -1.1920928955078125e-07, 4.041939973831177e-07, 0.8569833636283875, -0.4979817569255829, 0.13264189660549164, 0.46153783798217773, 0.8561536073684692, 0.23234380781650543, -0.22926470637321472, -0.13789565861225128, 0.963546872138977),
            ["HumanoidRootPart"] = CFrame.new(0, 0, 0, 1, 0, 0, 0, 1, 0, 0, 0, 1),
            ["Handle"] = CFrame.new(0.262285977602005, -2.7862322330474854, -0.5587803721427917, 1, 0, -1.3770658884125587e-20, 0, 1, 0, -1.3770657268538453e-20, -6.776263578034403e-21, 1),
            ["RightLowerLeg"] = CFrame.new(-1.0058283805847168e-07, 5.960464477539063e-08, -2.9802322387695312e-08, 1, -0.0000012442441175153363, -7.338854288718721e-07, 0.0000012256200534466188, 0.4591689705848694, 0.8883479833602905, -7.22706033684517e-07, -0.8883489966392517, 0.4591710865497589),
            ["LeftUpperLeg"] = CFrame.new(1.4901161193847656e-07, 1.1734664440155029e-07, -1.4901161193847656e-08, 0.9790166616439819, -0.20132315158843994, -0.03154794126749039, 0.1721595674753189, 0.899966299533844, -0.4005267918109894, 0.10903028398752213, 0.38669076561927795, 0.9157417416572571),
            ["LeftLowerLeg"] = CFrame.new(2.2351741790771484e-08, -5.960464477539063e-08, 2.9802322387695312e-08, 1, 0.0000013113040040479973, 8.381888392250403e-07, -0.0000012665988151638885, 0.4938204288482666, 0.8695647120475769, 6.929040523573349e-07, -0.8695639371871948, 0.49381908774375916),
            ["LowerTorso"] = CFrame.new(-0.1686052531003952, -0.2390434741973877, -0.06647311896085739, 0.9609677791595459, -0.021368423476815224, 0.27583417296409607, 0.07759649306535721, 0.9778114557266235, -0.1945858895778656, -0.26555579900741577, 0.20839448273181915, 0.9413033723831177),
            ["Head"] = CFrame.new(-1.0337680578231812e-07, -2.384185791015625e-07, -2.421438694000244e-08, 0.9467921853065491, 0.28201764822006226, -0.15508267283439636, -0.17040707170963287, 0.84803307056427, 0.5017982721328735, 0.2730311155319214, -0.4486713409423828, 0.8509687781333923),
            ["UpperTorso"] = CFrame.new(6.007030606269836e-08, 8.940696716308594e-08, 3.725290298461914e-09, 0.9932727217674255, -0.08074095100164413, -0.08300740271806717, 0.097818523645401, 0.9686679840087891, 0.22828462719917297, 0.061974648386240005, -0.23486869037151337, 0.9700494408607483),
            ["LeftUpperArm"] = CFrame.new(5.960464477539063e-08, 2.384185791015625e-07, -5.21540641784668e-08, 0.9121717810630798, 0.04886586591601372, 0.4068990647792816, -0.15175704658031464, 0.9625616669654846, 0.2246129959821701, -0.38067367672920227, -0.26662173867225647, 0.885427713394165),
            ["RightLowerArm"] = CFrame.new(5.960464477539063e-08, 4.172325134277344e-07, -2.2351741790771484e-08, 1, 0, 1.3783584051907383e-07, 0, 1, 2.0791790689145273e-07, -1.0058280253133489e-07, -7.450581485102248e-09, 1),
            ["LeftHand"] = CFrame.new(-5.420297384262085e-07, -2.384185791015625e-07, -2.086162567138672e-07, 0.7475294470787048, -0.07092724740505219, -0.6604305505752563, -0.16990502178668976, 0.9407850503921509, -0.29335257411003113, 0.6421308517456055, 0.33150094747543335, 0.6912133693695068),
            ["RightFoot"] = CFrame.new(0, 5.960464477539063e-08, 7.078051567077637e-08, 0.9582998156547546, -0.28574469685554504, -0.003474737284705043, 0.2745373547077179, 0.9239469170570374, -0.2663636803627014, 0.07931435108184814, 0.2543070912361145, 0.9638663530349731),
            ["RightUpperLeg"] = CFrame.new(0, 2.360902726650238e-07, 1.4901161193847656e-08, 0.8779862523078918, -0.20977085828781128, -0.4302676320075989, -0.15001094341278076, 0.7330029606819153, -0.6634734869003296, 0.45457324385643005, 0.6470724940299988, 0.6121052503585815),
            ["RightUpperArm"] = CFrame.new(-1.1920928955078125e-07, -1.1920928955078125e-07, -6.705522537231445e-08, 0.9975967407226562, 0.06801514327526093, -0.013225957751274109, -0.04347880557179451, 0.763117790222168, 0.6448136568069458, 0.053947292268276215, -0.6426704525947571, 0.7642254829406738),
        }},
        {Time = 0.267, Data = {
            ["LeftLowerArm"] = CFrame.new(2.9802322387695312e-08, 4.172325134277344e-07, -8.940696716308594e-08, 1, 2.607669991050443e-08, 1.3318111768967356e-07, 7.078043751107543e-08, 0.6613268852233887, -0.7500976920127869, -6.519250916880992e-08, 0.7500978708267212, 0.6613271236419678),
            ["LeftFoot"] = CFrame.new(3.5390257835388184e-08, 2.384185791015625e-07, -1.30385160446167e-08, 0.9729708433151245, 0.23089508712291718, 0.003960486501455307, -0.21091146767139435, 0.8954918384552002, -0.3919332027435303, -0.09404391795396805, 0.3805021345615387, 0.9199851751327515),
            ["RightHand"] = CFrame.new(1.4901161193847656e-07, 0, 7.450580596923828e-08, 0.8624932169914246, -0.49294063448905945, 0.11452187597751617, 0.4694344997406006, 0.863835871219635, 0.18280762434005737, -0.18904131650924683, -0.10390990227460861, 0.9764559268951416),
            ["HumanoidRootPart"] = CFrame.new(0, 0, 0, 1, 0, 0, 0, 1, 0, 0, 0, 1),
            ["Handle"] = CFrame.new(0.21893277764320374, -2.609347105026245, -0.5679119229316711, 1, 0, -1.3770658884125587e-20, 0, 1, 0, -1.3770657268538453e-20, -6.776263578034403e-21, 1),
            ["RightLowerLeg"] = CFrame.new(-3.725290298461914e-08, -5.960464477539063e-08, -1.4901161193847656e-08, 1, -5.029120302424417e-07, -3.762567075682455e-07, 6.183981327012589e-07, 0.3301778733730316, 0.9439176321029663, -3.799795535996964e-07, -0.9439187049865723, 0.33018118143081665),
            ["LeftUpperLeg"] = CFrame.new(0, -6.51925802230835e-08, -2.2351741790771484e-08, 0.9890881776809692, -0.14673778414726257, 0.013133282773196697, 0.1393556445837021, 0.9029479622840881, -0.4065278172492981, 0.04779713228344917, 0.40392205119132996, 0.9135440587997437),
            ["LeftLowerLeg"] = CFrame.new(6.332993507385254e-08, 1.1920928955078125e-07, -8.940696716308594e-08, 1, 6.183989285091229e-07, 5.215399028202228e-07, -6.780028343200684e-07, 0.49729177355766296, 0.8675841093063354, 3.8743019104003906e-07, -0.8675833940505981, 0.49729040265083313),
            ["LowerTorso"] = CFrame.new(-0.17034798860549927, -0.21526169776916504, -0.035848699510097504, 0.9732592105865479, -0.058491650968790054, 0.22213789820671082, 0.10255063325166702, 0.975957989692688, -0.19232624769210815, -0.2055477499961853, 0.20996366441249847, 0.9558585286140442),
