return {
    ["Sahara"] = {
        {Time = 0.000, Data = {
            ["LeftFoot"] = CFrame.new(1.4901161193847656e-08, -5.960464477539063e-08, 1.862645149230957e-08, 0.9714488387107849, -0.01256722491234541, -0.23691649734973907, 0.19023168087005615, 0.6379848718643188, 0.7461817860603333, 0.14177176356315613, -0.7699463963508606, 0.6221602559089661),
            ["LeftLowerArm"] = CFrame.new(-0.0004972517490386963, -0.00009989738464355469, -3.5762786865234375e-07, 1, -4.4703490686970326e-08, 1.4156104555240745e-07, 1.4924445679298515e-07, -0.09109240025281906, -0.995842456817627, 5.960465188081798e-08, 0.995842456817627, -0.09109242260456085),
            ["LowerTorso"] = CFrame.new(0.20518560707569122, -0.13751089572906494, -0.025846632197499275, 0.9489079713821411, -0.270785927772522, 0.1620144546031952, 0.25705766677856445, 0.9611225724220276, 0.1008206233382225, -0.1830165535211563, -0.05402243137359619, 0.98162442445755),
            ["Head"] = CFrame.new(-4.936009645462036e-08, 2.384185791015625e-07, 2.9336661100387573e-08, 0.7408990859985352, 0.18003329634666443, 0.6470369100570679, -0.3855166733264923, 0.9028802514076233, 0.1902216672897339, -0.5499505400657654, -0.39037853479385376, 0.7383489012718201),
            ["RightUpperArm"] = CFrame.new(-0.05460226535797119, -0.09562373161315918, 5.960464477539063e-08, 0.5245928168296814, -0.8331822752952576, 0.1749720424413681, 0.8458186388015747, 0.5334486365318298, 0.004297575447708368, -0.09691891819238663, 0.14573901891708374, 0.9845640063285828),
            ["UpperTorso"] = CFrame.new(-7.264316082000732e-08, 1.1920928955078125e-07, 7.264316082000732e-08, 0.953016996383667, 0.18561242520809174, 0.23938797414302826, -0.12988139688968658, 0.9643315672874451, -0.2306414097547531, -0.2736593186855316, 0.1887131780385971, 0.9431319832801819),
            ["HumanoidRootPart"] = CFrame.new(0, 0, 0, 1, 0, 0, 0, 1, 0, 0, 0, 1),
            ["RightHand"] = CFrame.new(4.76837158203125e-07, -2.384185791015625e-07, 2.9802322387695312e-08, 0.728776752948761, 0.48997315764427185, 0.478341668844223, -0.3084741234779358, 0.8585833311080933, -0.4094856083393097, -0.6113331317901611, 0.1508675515651703, 0.776859700679779),
            ["LeftUpperArm"] = CFrame.new(0.05460226535797119, -0.09562337398529053, 5.960464477539063e-08, 0.8748275637626648, 0.46604371070861816, 0.13222816586494446, -0.4354836940765381, 0.8761290311813354, -0.20675688982009888, -0.21220463514328003, 0.12329313158988953, 0.9694159626960754),
            ["RightLowerArm"] = CFrame.new(-0.000003814697265625, 0, -1.862645149230957e-07, 1, -4.4703469370688254e-08, 1.0430809993522416e-07, 2.9802311729554276e-08, -0.404919296503067, -0.9143524765968323, 8.940693874137651e-08, 0.9143524169921875, -0.4049193263053894),
            ["LeftHand"] = CFrame.new(-2.980232238769531e-07, 0.00009971857070922852, -6.05359673500061e-08, 0.47812527418136597, -0.25068381428718567, -0.8417564034461975, 0.8033239245414734, 0.5122635364532471, 0.3037380278110504, 0.3550589680671692, -0.8214279413223267, 0.44630637764930725),
            ["RightUpperLeg"] = CFrame.new(-1.4901161193847656e-07, 8.195638656616211e-08, -1.6596459317952394e-08, 0.9112375378608704, 0.3461083173751831, -0.22328288853168488, -0.36293163895606995, 0.9310423135757446, -0.037958163768053055, 0.19474822282791138, 0.11562524735927582, 0.9740143418312073),
            ["LeftUpperLeg"] = CFrame.new(-5.960464477539063e-08, 1.986045390367508e-07, 3.725290298461914e-09, 0.8156991004943848, 0.5411019921302795, -0.2045571506023407, -0.36866262555122375, 0.21375742554664612, -0.9046521186828613, -0.4457835555076599, 0.8133366107940674, 0.3738462030887604),
            ["RightLowerLeg"] = CFrame.new(-4.889443516731262e-08, -0.0000037550926208496094, -0.000013292003131937236, 1, 6.053597445543346e-08, -6.519258732851085e-08, -2.195975401519945e-09, 0.9656438231468201, 0.2598690986633301, -3.547757643218574e-08, -0.25986918807029724, 0.9656439423561096),
            ["RightFoot"] = CFrame.new(4.656612873077393e-10, 4.172325134277344e-07, 7.620110409334302e-08, 0.9954373836517334, -0.09482530504465103, 0.010609157383441925, 0.09425364434719086, 0.9598969221115112, -0.2640343904495239, 0.014853542670607567, 0.2638297975063324, 0.9644550085067749),
            ["LeftLowerLeg"] = CFrame.new(0, 0.000003874301910400391, 0.0000133514404296875, 1, 1.3411042232291948e-07, 1.0617078771701927e-07, -4.4703490686970326e-08, 0.32660359144210815, 0.9451614022254944, 9.685756197086448e-08, -0.9451614022254944, 0.3266037106513977),
        }},
        {Time = 0.033, Data = {
            ["LeftFoot"] = CFrame.new(-6.705522537231445e-08, 1.1920928955078125e-07, 0, 0.9762033820152283, -0.01866120845079422, -0.2160528600215912, 0.1712135225534439, 0.6777692437171936, 0.7150623202323914, 0.1330903321504593, -0.7350378036499023, 0.664836049079895),
            ["LeftLowerArm"] = CFrame.new(-0.0004974007606506348, -0.00010061264038085938, -2.384185791015625e-07, 1, -5.774199252073231e-08, 1.0430811414607888e-07, 1.3597309589385986e-07, 0.1459629237651825, -0.9892900586128235, 4.470348358154297e-08, 0.9892900586128235, 0.1459629088640213),
            ["LowerTorso"] = CFrame.new(0.20135870575904846, -0.15363097190856934, -0.02267586626112461, 0.9526053071022034, -0.2573105990886688, 0.16227936744689941, 0.24301129579544067, 0.9645522236824036, 0.10288209468126297, -0.18299956619739532, -0.05857031047344208, 0.981366753578186),
            ["Head"] = CFrame.new(-1.5832483768463135e-08, -1.1920928955078125e-07, 7.450580596923828e-09, 0.738476037979126, 0.1747783124446869, 0.651233971118927, -0.3661213219165802, 0.914980411529541, 0.16960586607456207, -0.5662229061126709, -0.36368054151535034, 0.7396811246871948),
            ["RightUpperArm"] = CFrame.new(-0.05460226535797119, -0.09562397003173828, 4.470348358154297e-08, 0.4396057724952698, -0.8773719668388367, 0.1922759711742401, 0.8131502866744995, 0.47967517375946045, 0.32968857884407043, -0.38148850202560425, 0.011416132561862469, 0.9243026375770569),
            ["UpperTorso"] = CFrame.new(-4.563480615615845e-08, -5.960464477539063e-08, 5.21540641784668e-08, 0.9539560079574585, 0.17677965760231018, 0.24231572449207306, -0.12295254319906235, 0.9673389196395874, -0.221671462059021, -0.2735884189605713, 0.18167151510715485, 0.9445342421531677),
            ["HumanoidRootPart"] = CFrame.new(0, 0, 0, 1, 0, 0, 0, 1, 0, 0, 0, 1),
            ["RightHand"] = CFrame.new(-4.023313522338867e-07, -5.364418029785156e-07, 1.4901161193847656e-07, 0.7894008755683899, 0.07086320966482162, 0.6097743511199951, -0.059941355139017105, 0.9974661469459534, -0.03831896930932999, -0.6109447479248047, -0.006301709450781345, 0.791648268699646),
            ["LeftUpperArm"] = CFrame.new(0.05460238456726074, -0.09562385082244873, 1.4901161193847656e-08, 0.912899374961853, 0.38294440507888794, 0.14132079482078552, -0.349870890378952, 0.9124175310134888, -0.21232551336288452, -0.21025024354457855, 0.1443876326084137, 0.9669262170791626),
            ["RightLowerArm"] = CFrame.new(-0.000002562999725341797, -1.1920928955078125e-07, -1.1920928955078125e-07, 1, -7.450579886381092e-08, 1.2665985593685036e-07, 4.470347647611561e-08, -0.423286110162735, -0.9059960842132568, 2.2351738238057806e-08, 0.9059961438179016, -0.42328619956970215),
            ["LeftHand"] = CFrame.new(-2.9802322387695312e-08, 0.00009965896606445312, 3.501772880554199e-07, 0.5124724507331848, -0.01388794369995594, -0.8585914373397827, 0.6286794543266296, 0.6871479749679565, 0.3641287684440613, 0.5849223732948303, -0.7263848185539246, 0.3608754277229309),
            ["RightUpperLeg"] = CFrame.new(0, -1.4901161193847656e-08, -1.6596459317952394e-08, 0.9161505103111267, 0.3127290904521942, -0.25073638558387756, -0.3502415716648102, 0.9287682175636292, -0.12132744491100311, 0.19493339955806732, 0.19897246360778809, 0.9604222774505615),
            ["LeftUpperLeg"] = CFrame.new(-1.1920928955078125e-07, -1.9185245037078857e-07, 0, 0.8240838050842285, 0.5326038002967834, -0.19292259216308594, -0.3501843810081482, 0.21128614246845245, -0.9125398993492126, -0.44526031613349915, 0.8195677995681763, 0.36062708497047424),
            ["RightLowerLeg"] = CFrame.new(1.0523945093154907e-07, -0.0000035762786865234375, -0.000013316217518877238, 1, -1.769513247040777e-08, 1.210719613453648e-08, 6.239861960466442e-08, 0.9126269817352295, 0.40879324078559875, -7.450581485102248e-09, -0.4087933301925659, 0.912627100944519),
            ["RightFoot"] = CFrame.new(-7.264316082000732e-08, 2.384185791015625e-07, 9.669020073488355e-08, 0.9954079985618591, -0.09512761980295181, 0.010658535175025463, 0.0931922048330307, 0.9376326203346252, -0.3349033296108246, 0.02186468616127968, 0.3343588709831238, 0.9421923160552979),
            ["LeftLowerLeg"] = CFrame.new(-8.940696716308594e-08, 0.000003933906555175781, 0.000013306736946105957, 1, 1.3411040811206476e-07, 1.6763809895792292e-08, -2.0116567611694336e-07, 0.29561740159988403, 0.9553062915802002, 9.685754776000977e-08, -0.9553064107894897, 0.29561781883239746),
        }},
        {Time = 0.067, Data = {
            ["LeftFoot"] = CFrame.new(7.450580596923828e-09, -1.1920928955078125e-07, -5.21540641784668e-08, 0.9778362512588501, -0.07034715265035629, -0.19719944894313812, 0.16265998780727386, 0.8482697010040283, 0.5039645433425903, 0.13182571530342102, -0.524871289730072, 0.8409115672111511),
            ["LeftLowerArm"] = CFrame.new(-0.000496983528137207, -0.0001004934310913086, -5.960464477539063e-08, 1, -5.2154071283894154e-08, 8.195640788244418e-08, 1.2665987014770508e-07, 0.4596075713634491, -0.8881222009658813, 6.705522537231445e-08, 0.8881222009658813, 0.4596075415611267),
            ["LowerTorso"] = CFrame.new(0.18516696989536285, -0.16938328742980957, -0.013219009153544903, 0.9646363854408264, -0.21221201121807098, 0.15634174644947052, 0.19703593850135803, 0.9745321869850159, 0.10706931352615356, -0.17508143186569214, -0.07247801125049591, 0.9818826913833618),
            ["Head"] = CFrame.new(-4.842877388000488e-08, 0, -1.210719347000122e-08, 0.7155745029449463, 0.15184399485588074, 0.6818332076072693, -0.3438790738582611, 0.9261943101882935, 0.15463322401046753, -0.6080299615859985, -0.3451197147369385, 0.7149770259857178),
            ["RightUpperArm"] = CFrame.new(-0.05460226535797119, -0.09562397003173828, 2.2351741790771484e-08, 0.2775935232639313, -0.9146808981895447, 0.2937762439250946, 0.6875919103622437, 0.4027203619480133, 0.6041781902313232, -0.6709389686584473, 0.034281790256500244, 0.7407187819480896),
            ["UpperTorso"] = CFrame.new(-3.725290298461914e-08, -1.4901161193847656e-07, 5.587935447692871e-08, 0.9651439785957336, 0.13593877851963043, 0.22364658117294312, -0.08942989259958267, 0.9743877649307251, -0.20632709562778473, -0.24596628546714783, 0.17913466691970825, 0.9525814652442932),
            ["HumanoidRootPart"] = CFrame.new(0, 0, 0, 1, 0, 0, 0, 1, 0, 0, 0, 1),
            ["RightHand"] = CFrame.new(2.0116567611694336e-07, 1.1920928955078125e-07, -3.5762786865234375e-07, 0.7852500677108765, -0.36200469732284546, 0.5023294687271118, 0.26479166746139526, 0.9296887516975403, 0.25605520606040955, -0.5597032904624939, -0.06805472075939178, 0.8258939981460571),
            ["LeftUpperArm"] = CFrame.new(0.05460232496261597, -0.09562337398529053, 2.2351741790771484e-08, 0.9225897192955017, 0.36216962337493896, 0.13290740549564362, -0.3178377151489258, 0.9088253378868103, -0.2702105939388275, -0.2186494916677475, 0.20705027878284454, 0.9535837173461914),
            ["RightLowerArm"] = CFrame.new(-0.0000028312206268310547, 1.1920928955078125e-07, -2.384185791015625e-07, 1, -6.332992796842518e-08, 4.8428766774577525e-08, 8.940695295223122e-08, -0.3769262135028839, -0.9262433648109436, 1.3224779138454323e-07, 0.9262433648109436, -0.3769262135028839),
            ["LeftHand"] = CFrame.new(3.725290298461914e-09, 0.00009995698928833008, 1.8440186977386475e-07, 0.47985580563545227, 0.27304771542549133, -0.833776593208313, 0.38990917801856995, 0.7849615812301636, 0.4814624488353729, 0.7859448790550232, -0.5561296939849854, 0.2702045440673828),
            ["RightUpperLeg"] = CFrame.new(-5.960464477539063e-08, -1.280568540096283e-07, 1.3205863069742918e-08, 0.933997631072998, 0.23964425921440125, -0.2649889886379242, -0.3036426901817322, 0.9232836365699768, -0.2352626919746399, 0.1882806122303009, 0.30019643902778625, 0.9351109862327576),
            ["LeftUpperLeg"] = CFrame.new(-1.1920928955078125e-07, -2.48197466135025e-07, -1.862645149230957e-08, 0.8662853240966797, 0.46167853474617004, -0.19079534709453583, -0.3512215316295624, 0.29129189252853394, -0.889827311038971, -0.3552369177341461, 0.8378556966781616, 0.4144931733608246),
            ["RightLowerLeg"] = CFrame.new(-1.9371509552001953e-07, -0.0000036954879760742188, -0.000013290140486788005, 1, -2.9616055030601274e-07, -9.918585419654846e-08, 2.4866312742233276e-07, 0.8216117024421692, 0.5700469613075256, -8.009374141693115e-08, -0.5700474977493286, 0.8216121196746826),
            ["RightFoot"] = CFrame.new(1.862645149230957e-08, 2.980232238769531e-07, 1.1590600479394197e-08, 0.9957271218299866, -0.091823510825634, 0.009800097905099392, 0.08772552013397217, 0.9074300527572632, -0.4109434187412262, 0.028841424733400345, 0.41004782915115356, 0.9116082191467285),
            ["LeftLowerLeg"] = CFrame.new(8.940696716308594e-08, 0.000003814697265625, 0.000013358891010284424, 1, 3.725289587919178e-08, 1.1175868230850483e-08, -1.862645149230957e-07, 0.2445237934589386, 0.9696432948112488, 3.3527612686157227e-08, -0.9696432948112488, 0.24452368915081024),
        }},
        {Time = 0.100, Data = {
            ["LeftFoot"] = CFrame.new(-1.862645149230957e-08, -1.1920928955078125e-07, -2.2351741790771484e-08, 0.9686461687088013, -0.18273785710334778, -0.1683204472064972, 0.2026016116142273, 0.973125696182251, 0.10944860428571701, 0.14379632472991943, -0.14011885225772858, 0.9796373248100281),
            ["LeftLowerArm"] = CFrame.new(-0.0004974305629730225, -0.00010061264038085938, -4.172325134277344e-07, 1, -4.4703490686970326e-08, 6.519259443393821e-08, 1.2665985593685036e-07, 0.6905121207237244, -0.7233208417892456, 1.4901159417490817e-08, 0.7233207821846008, 0.6905122399330139),
            ["LowerTorso"] = CFrame.new(0.14885030686855316, -0.1764758825302124, 0.00607417244464159, 0.9819758534431458, -0.1327606588602066, 0.1345297247171402, 0.11821600049734116, 0.9867753386497498, 0.11090269684791565, -0.14747413992881775, -0.09300019592046738, 0.9846838712692261),
            ["Head"] = CFrame.new(-1.30385160446167e-08, 0, -5.774199962615967e-08, 0.6718384623527527, 0.10421635210514069, 0.7333294153213501, -0.32554173469543457, 0.9308494925498962, 0.16595785319805145, -0.6653237342834473, -0.35022619366645813, 0.6593072414398193),
            ["RightUpperArm"] = CFrame.new(-0.054602205753326416, -0.09562397003173828, 1.4901161193847656e-08, 0.08554058521986008, -0.9116553068161011, 0.40195927023887634, 0.5467108488082886, 0.3802204430103302, 0.7460141181945801, -0.8329406380653381, 0.15593938529491425, 0.530934751033783),
            ["UpperTorso"] = CFrame.new(-3.67872416973114e-08, -5.960464477539063e-08, 6.146728992462158e-08, 0.9802303910255432, 0.07853735238313675, 0.18160516023635864, -0.04321666434407234, 0.9806700348854065, -0.1908368617296219, -0.1930825561285019, 0.1792156994342804, 0.9646766185760498),
            ["HumanoidRootPart"] = CFrame.new(0, 0, 0, 1, 0, 0, 0, 1, 0, 0, 0, 1),
            ["RightHand"] = CFrame.new(5.960464477539063e-08, -2.384185791015625e-07, -1.7881393432617188e-07, 0.6805458068847656, -0.6594674587249756, 0.3193121552467346, 0.5295836925506592, 0.7438887357711792, 0.4076403081417084, -0.50635826587677, -0.10831542313098907, 0.8554934859275818),
            ["LeftUpperArm"] = CFrame.new(0.05460232496261597, -0.09562361240386963, 1.4901161193847656e-08, 0.9112876057624817, 0.3809964954853058, 0.15620411932468414, -0.31492820382118225, 0.8892629742622375, -0.3317069411277771, -0.2652830183506012, 0.25308698415756226, 0.9303605556488037),
            ["RightLowerArm"] = CFrame.new(-0.000003129243850708008, 1.7881393432617188e-07, -1.4901161193847656e-07, 1, -1.6391278734317893e-07, 7.450581307466564e-08, 4.470348358154297e-08, -0.29258373379707336, -0.9562399983406067, 6.705522537231445e-08, 0.9562399983406067, -0.29258379340171814),
            ["LeftHand"] = CFrame.new(1.511070877313614e-07, 0.00009989738464355469, -2.7685018721967936e-07, 0.3698650300502777, 0.5689765810966492, -0.7344831824302673, 0.06161782890558243, 0.7737815976142883, 0.6304486393928528, 0.9270400404930115, -0.27843818068504333, 0.2511356472969055),
            ["RightUpperLeg"] = CFrame.new(5.960464477539063e-08, 2.9802322387695312e-08, 1.3205863069742918e-08, 0.9628809094429016, 0.13159488141536713, -0.2356758862733841, -0.21348737180233002, 0.9055585861206055, -0.36658844351768494, 0.16517716646194458, 0.40329471230506897, 0.9000388383865356),
            ["LeftUpperLeg"] = CFrame.new(-5.960464477539063e-08, -3.119930624961853e-08, -1.862645149230957e-08, 0.9175093770027161, 0.2938693165779114, -0.26798781752586365, -0.38890260457992554, 0.5218698382377625, -0.7592145204544067, -0.08325501531362534, 0.800807535648346, 0.5931070446968079),
            ["RightLowerLeg"] = CFrame.new(-3.166496753692627e-08, -0.0000036954879760742188, -0.000013278964615892619, 1, -9.126959099603482e-08, -4.959293420370159e-08, 8.754432911928234e-08, 0.7081127166748047, 0.7060991525650024, -2.421439049271612e-08, -0.7060993909835815, 0.7081130743026733),
            ["RightFoot"] = CFrame.new(-2.3748725652694702e-08, 4.76837158203125e-07, 1.6305421013385057e-08, 0.9968765377998352, -0.07867715507745743, 0.006865896284580231, 0.07265805453062057, 0.8795823454856873, -0.47016534209251404, 0.03095213696360588, 0.46919602155685425, 0.8825516700744629),
            ["LeftLowerLeg"] = CFrame.new(-7.450580596923828e-08, 0.000003814697265625, 0.000013191252946853638, 1, -2.9802318834981634e-08, 3.725289587919178e-08, 1.4901161193847656e-08, 0.3197050094604492, 0.9475171566009521, 7.450580596923828e-09, -0.9475171566009521, 0.31970489025115967),
        }},
        {Time = 0.133, Data = {
            ["LeftFoot"] = CFrame.new(5.8906152844429016e-08, -5.960464477539063e-08, 0, 0.9867192506790161, -0.15367823839187622, -0.052612967789173126, 0.14015208184719086, 0.9692006707191467, -0.20250315964221954, 0.08211289346218109, 0.19243985414505005, 0.9778673052787781),
            ["LeftLowerArm"] = CFrame.new(-0.0004971325397491455, -0.00009995698928833008, -3.5762786865234375e-07, 1, -7.450581307466564e-08, 3.725291186640334e-09, 1.043081283569336e-07, 0.7920517921447754, -0.6104539036750793, -3.725290298461914e-08, 0.6104539036750793, 0.7920517921447754),
            ["LowerTorso"] = CFrame.new(0.10497824847698212, -0.17880666255950928, 0.026463737711310387, 0.9931173324584961, -0.035762906074523926, 0.11153004318475723, 0.022464590147137642, 0.9927250742912292, 0.11828882992267609, -0.11494902521371841, -0.11496921628713608, 0.9866958856582642),
            ["Head"] = CFrame.new(-4.470348358154297e-08, 1.1920928955078125e-07, -5.587935447692871e-09, 0.6131752133369446, 0.058369144797325134, 0.7877875566482544, -0.31720617413520813, 0.9315253496170044, 0.17787867784500122, -0.7234615087509155, -0.3589617908000946, 0.5897033214569092),
            ["RightUpperArm"] = CFrame.new(-0.05460226535797119, -0.09562408924102783, 4.470348358154297e-08, -0.008614462800323963, -0.856931746006012, 0.5153627395629883, 0.45842689275741577, 0.4546431601047516, 0.7636363506317139, -0.8886904120445251, 0.24283231794834137, 0.3889226019382477),
            ["UpperTorso"] = CFrame.new(-3.026798367500305e-09, -2.980232238769531e-07, 4.842877388000488e-08, 0.9917188286781311, 0.001458785030990839, 0.12842047214508057, 0.022427823394536972, 0.9826030731201172, -0.18435929715633392, -0.12645527720451355, 0.18571273982524872, 0.974433183670044),
            ["HumanoidRootPart"] = CFrame.new(0, 0, 0, 1, 0, 0, 0, 1, 0, 0, 0, 1),
            ["RightHand"] = CFrame.new(-2.980232238769531e-07, -2.980232238769531e-07, -1.1920928955078125e-07, 0.5742180943489075, -0.7934890389442444, 0.20161542296409607, 0.6728658080101013, 0.597687840461731, 0.4359138607978821, -0.46639594435691833, -0.1146496906876564, 0.8771147727966309),
            ["LeftUpperArm"] = CFrame.new(0.05460232496261597, -0.09562361240386963, 2.9802322387695312e-08, 0.878275990486145, 0.4236809015274048, 0.22165313363075256, -0.318450003862381, 0.8640769124031067, -0.3898185193538666, -0.35668060183525085, 0.2717822790145874, 0.8938184380531311),
            ["RightLowerArm"] = CFrame.new(-0.0000027120113372802734, 1.1920928955078125e-07, -4.76837158203125e-07, 1, -8.940694584680386e-08, 4.4703469370688254e-08, 7.450579175838357e-08, -0.21373894810676575, -0.9768908619880676, 1.1920926112907182e-07, 0.9768908023834229, -0.21373887360095978),
            ["LeftHand"] = CFrame.new(-3.3155083656311035e-07, 0.00009995698928833008, 2.980232238769531e-07, 0.3567453920841217, 0.6523348093032837, -0.6687242984771729, -0.1402442753314972, 0.7451089024543762, 0.6520310640335083, 0.9236147999763489, -0.13882434368133545, 0.3573002517223358),
            ["RightUpperLeg"] = CFrame.new(0, -2.8777867555618286e-07, -2.2184394765645266e-08, 0.985196590423584, 0.014361318200826645, -0.17082597315311432, -0.09734395146369934, 0.86711186170578, -0.4885091483592987, 0.14110960066318512, 0.4979064166545868, 0.8556736707687378),
            ["LeftUpperLeg"] = CFrame.new(2.9802322387695312e-08, -2.3283064365386963e-08, 1.4901161193847656e-08, 0.9332945942878723, 0.12211542576551437, -0.3377116620540619, -0.316240131855011, 0.725068986415863, -0.611773669719696, 0.17015723884105682, 0.6777631640434265, 0.7153207659721375),
            ["RightLowerLeg"] = CFrame.new(3.5390257835388184e-08, -0.0000036954879760742188, -0.000013275239325594157, 1, -4.526227144197037e-07, -1.8929128486888658e-07, 4.1164463482346036e-07, 0.5902420282363892, 0.8072261214256287, -2.2538009147865523e-07, -0.807226300239563, 0.5902422666549683),
            ["RightFoot"] = CFrame.new(-7.916241884231567e-09, 2.980232238769531e-07, -6.827031029388309e-08, 0.9983113408088684, -0.05798780173063278, 0.0034428206272423267, 0.05146310105919838, 0.8553801774978638, -0.5154379606246948, 0.026944167912006378, 0.5147448182106018, 0.856920063495636),
            ["LeftLowerLeg"] = CFrame.new(2.2351741790771484e-08, 0.000003933906555175781, 0.000013217329978942871, 1, 2.2351741790771484e-08, 3.725290298461914e-09, -2.2351738238057806e-08, 0.4662604331970215, 0.8846476674079895, 2.9802318834981634e-08, -0.8846474885940552, 0.46626025438308716),
        }},
        {Time = 0.167, Data = {
            ["LeftFoot"] = CFrame.new(7.264316082000732e-08, -1.1920928955078125e-07, 1.1175870895385742e-08, 0.9953648447990417, -0.09571003913879395, -0.009403396397829056, 0.08829496800899506, 0.9482226967811584, -0.3050864636898041, 0.03811638802289963, 0.30284228920936584, 0.9522782564163208),
            ["LeftLowerArm"] = CFrame.new(-0.0004971623420715332, -0.00009948015213012695, -2.682209014892578e-07, 1, -4.4703497792397684e-08, 0, 5.960464477539063e-08, 0.8633028864860535, -0.5046862363815308, 0, 0.5046862363815308, 0.8633028268814087),
            ["LowerTorso"] = CFrame.new(0.06218666583299637, -0.17772400379180908, 0.03888871148228645, 0.9927657246589661, 0.061757542192935944, 0.10296802222728729, -0.07499734312295914, 0.9886585474014282, 0.1301148235797882, -0.09376464784145355, -0.13689586520195007, 0.9861378073692322),
            ["Head"] = CFrame.new(-3.166496753692627e-08, 2.384185791015625e-07, 0, 0.5481466054916382, 0.04206901043653488, 0.8353236317634583, -0.3317471742630005, 0.9277459383010864, 0.1709718108177185, -0.7677754759788513, -0.3708339035511017, 0.5224970579147339),
            ["RightUpperArm"] = CFrame.new(-0.054602086544036865, -0.09562361240386963, 4.470348358154297e-08, -0.05501428246498108, -0.7711646556854248, 0.634259045124054, 0.38787075877189636, 0.5688250660896301, 0.7252513766288757, -0.9200705289840698, 0.28590771555900574, 0.26781725883483887),
            ["UpperTorso"] = CFrame.new(-1.862645149230957e-09, -2.086162567138672e-07, 7.35744833946228e-08, 0.9928520917892456, -0.09429971128702164, 0.07315925508737564, 0.10722853988409042, 0.9739459156990051, -0.1998285949230194, -0.052409350872039795, 0.2062450498342514, 0.9770958423614502),
            ["HumanoidRootPart"] = CFrame.new(0, 0, 0, 1, 0, 0, 0, 1, 0, 0, 0, 1),
            ["RightHand"] = CFrame.new(1.4901161193847656e-08, -2.980232238769531e-07, 1.1920928955078125e-07, 0.4839041233062744, -0.8658100962638855, 0.1273173689842224, 0.7676053643226624, 0.4898032546043396, 0.4133700728416443, -0.4202605187892914, -0.10230203717947006, 0.901618242263794),
            ["LeftUpperArm"] = CFrame.new(0.05460226535797119, -0.09562313556671143, 2.9802322387695312e-08, 0.8302724361419678, 0.4968547224998474, 0.2525637447834015, -0.3673941195011139, 0.8286332488059998, -0.4223572611808777, -0.4191293716430664, 0.25788044929504395, 0.8705319166183472),
            ["RightLowerArm"] = CFrame.new(-0.000002562999725341797, 2.980232238769531e-07, -2.8312206268310547e-07, 1, -4.470347647611561e-08, 1.0430809993522416e-07, 5.960463766996327e-08, -0.14089827239513397, -0.9900240898132324, 7.450579886381092e-08, 0.9900240898132324, -0.1408981829881668),
            ["LeftHand"] = CFrame.new(-6.705522537231445e-08, 0.00009989738464355469, 3.725290298461914e-08, 0.35327592492103577, 0.6749190092086792, -0.6478275656700134, -0.23822540044784546, 0.7345518469810486, 0.635360062122345, 0.9046794772148132, -0.07012849301099777, 0.42028236389160156),
            ["RightUpperLeg"] = CFrame.new(5.960464477539063e-08, -4.949979484081268e-07, -1.6596459317952394e-08, 0.990842878818512, -0.097344309091568, -0.09356623142957687, 0.025390401482582092, 0.814948320388794, -0.5789771676063538, 0.13261176645755768, 0.57129967212677, 0.8099572658538818),
            ["LeftUpperLeg"] = CFrame.new(0, -4.936009645462036e-07, 2.2351741790771484e-08, 0.9535614252090454, 0.03843804448843002, -0.29873597621917725, -0.19612067937850952, 0.8319940567016602, -0.5189629793167114, 0.22859865427017212, 0.553451418876648, 0.8008959293365479),
            ["RightLowerLeg"] = CFrame.new(1.4528632164001465e-07, -0.000003993511199951172, -0.00001328268990619108, 1, -1.1175873737556685e-07, -5.960465898624534e-08, 1.2293453721667902e-07, 0.4862882196903229, 0.8737984299659729, -3.911553392299538e-08, -0.8737985491752625, 0.48628830909729004),
            ["RightFoot"] = CFrame.new(-6.100162863731384e-08, 1.7881393432617188e-07, 2.3115717340260744e-08, 0.9994835257530212, -0.032132647931575775, 0.0005684001953341067, 0.027091778814792633, 0.8329095840454102, -0.5527455806732178, 0.01728774607181549, 0.55247563123703, 0.833349883556366),
            ["LeftLowerLeg"] = CFrame.new(-1.862645149230957e-08, 0.000003933906555175781, 0.000013217329978942871, 1, -7.450582373280668e-09, -1.4901162970204496e-08, -2.2351741790771484e-08, 0.6528019309043884, 0.7575286030769348, 1.4901161193847656e-08, -0.7575286626815796, 0.6528019905090332),
        }},
        {Time = 0.200, Data = {
            ["LeftFoot"] = CFrame.new(4.0978193283081055e-08, -1.7881393432617188e-07, 0, 0.995449960231781, -0.0952860489487648, 0.00002339668571949005, 0.0914875864982605, 0.9556992650032043, -0.27976614236831665, 0.026635508984327316, 0.278495192527771, 0.9600682258605957),
            ["LeftLowerArm"] = CFrame.new(-0.0004971921443939209, -0.00010001659393310547, 2.9802322387695312e-08, 1, -1.0430815677864302e-07, 3.725291186640334e-09, 1.043081283569336e-07, 0.9133255481719971, -0.4072304368019104, 0, 0.4072304368019104, 0.9133254885673523),
            ["LowerTorso"] = CFrame.new(0.024516722187399864, -0.17258834838867188, 0.047862231731414795, 0.9831252098083496, 0.15472224354743958, 0.09760142862796783, -0.16783767938613892, 0.9751230478286743, 0.14479508996009827, -0.0727703720331192, -0.15873286128044128, 0.9846362471580505),
            ["Head"] = CFrame.new(-3.3527612686157227e-08, -1.1920928955078125e-07, -1.280568540096283e-08, 0.4807359278202057, 0.043695125728845596, 0.8757761120796204, -0.3558003604412079, 0.9225627779960632, 0.14927850663661957, -0.801435649394989, -0.3833649754524231, 0.4590557813644409),
            ["RightUpperArm"] = CFrame.new(-0.054602205753326416, -0.09562373161315918, 1.862645149230957e-09, -0.08293423056602478, -0.667458176612854, 0.7400187849998474, 0.3301679193973541, 0.6822310090065002, 0.6523378491401672, -0.94027179479599, 0.29843005537986755, 0.16379177570343018),
            ["UpperTorso"] = CFrame.new(6.752088665962219e-09, 1.7881393432617188e-07, 6.146728992462158e-08, 0.9794932007789612, -0.1999514102935791, 0.024749794974923134, 0.2002616971731186, 0.9527358412742615, -0.22845107316970825, 0.022099092602729797, 0.2287227213382721, 0.9732407331466675),
            ["HumanoidRootPart"] = CFrame.new(0, 0, 0, 1, 0, 0, 0, 1, 0, 0, 0, 1),
            ["RightHand"] = CFrame.new(-1.7881393432617188e-07, -5.364418029785156e-07, -5.960464477539063e-08, 0.41705864667892456, -0.904381275177002, 0.09031413495540619, 0.8356468677520752, 0.42063453793525696, 0.35321512818336487, -0.3574303984642029, -0.07184070348739624, 0.9311726093292236),
            ["LeftUpperArm"] = CFrame.new(0.05460232496261597, -0.09562337398529053, -2.2351741790771484e-08, 0.7664899230003357, 0.5853298902511597, 0.26436394453048706, -0.43574976921081543, 0.7763225436210632, -0.4554576873779297, -0.4718211591243744, 0.2339063584804535, 0.8500999212265015),
            ["RightLowerArm"] = CFrame.new(-0.0000029802322387695312, 1.1920928955078125e-07, -1.9371509552001953e-07, 1, -5.960464477539063e-08, 8.940695295223122e-08, 3.725289587919178e-08, -0.07678236812353134, -0.9970479011535645, 3.725289587919178e-08, 0.9970479607582092, -0.0767822414636612),
            ["LeftHand"] = CFrame.new(2.682209014892578e-07, 0.00009989738464355469, 6.705522537231445e-08, 0.36373171210289, 0.6886984705924988, -0.6272111535072327, -0.3037518560886383, 0.7242192029953003, 0.6190650463104248, 0.8805873990058899, -0.03465711325407028, 0.4726147949695587),
            ["RightUpperLeg"] = CFrame.new(1.1920928955078125e-07, 5.924375727772713e-07, 6.442860467359424e-08, 0.981014609336853, -0.19386668503284454, -0.005118068307638168, 0.14522559940814972, 0.7518570423126221, -0.6431335806846619, 0.12853021919727325, 0.6301798820495605, 0.7657368779182434),
            ["LeftUpperLeg"] = CFrame.new(0, 4.5634806156158447e-07, 3.3527612686157227e-08, 0.9724360108375549, -0.022941961884498596, -0.23203882575035095, -0.08402814716100693, 0.8938021063804626, -0.44051915407180786, 0.2175031155347824, 0.4478744566440582, 0.8672375679016113),
            ["RightLowerLeg"] = CFrame.new(-2.0954757928848267e-08, -0.0000037550926208496094, -0.000013292003131937236, 1, -3.748573007555933e-08, -3.3993281078892323e-08, 7.683411240577698e-08, 0.4010905921459198, 0.9160382151603699, -1.5366822481155396e-08, -0.916038453578949, 0.4010910093784332),
            ["RightFoot"] = CFrame.new(-3.119930624961853e-08, 3.5762786865234375e-07, 2.590968506410718e-08, 0.9999879002571106, -0.004609685391187668, -0.0017731288680806756, 0.0027313767932355404, 0.8152732849121094, -0.5790697336196899, 0.004114882089197636, 0.5790581107139587, 0.8152761459350586),
            ["LeftLowerLeg"] = CFrame.new(1.4901161193847656e-08, 0.000003814697265625, 0.000013306736946105957, 1, -6.332992086299782e-08, -5.2154071283894154e-08, -1.4901161193847656e-08, 0.8127282857894897, 0.5826430320739746, -3.725290298461914e-09, -0.5826430320739746, 0.8127282857894897),
        }},
        {Time = 0.233, Data = {
            ["LeftFoot"] = CFrame.new(2.9802322387695312e-08, 0, -7.450580596923828e-09, 0.9896218776702881, -0.1436895877122879, 0.001353067229501903, 0.14122533798217773, 0.9708256721496582, -0.19378608465194702, 0.026531457901000977, 0.1919659972190857, 0.9810428619384766),
            ["LeftLowerArm"] = CFrame.new(-0.0004968345165252686, -0.0001004338264465332, -3.2782554626464844e-07, 1, -2.980232594040899e-08, -7.450581485102248e-09, 1.4901161193847656e-08, 0.9304873943328857, -0.3663240969181061, 1.4901161193847656e-08, 0.36632415652275085, 0.930487334728241),
            ["LowerTorso"] = CFrame.new(0.001307399244979024, -0.16167223453521729, 0.05470157042145729, 0.968353807926178, 0.233955517411232, 0.08692387491464615, -0.2455415278673172, 0.9554438591003418, 0.16381822526454926, -0.04472470283508301, -0.1799774020910263, 0.9826535582542419),
            ["Head"] = CFrame.new(-9.313225746154785e-09, 1.1920928955078125e-07, -7.479684427380562e-09, 0.419976145029068, 0.0639965757727623, 0.9052760004997253, -0.3853592276573181, 0.9156923890113831, 0.11404308676719666, -0.8216559290885925, -0.3967517614364624, 0.4092305600643158),
            ["RightUpperArm"] = CFrame.new(-0.05460214614868164, -0.09562397003173828, 5.21540641784668e-08, -0.06345728784799576, -0.5596597194671631, 0.8262925744056702, 0.2843571901321411, 0.7834981083869934, 0.5525098443031311, -0.9566159844398499, 0.27002206444740295, 0.10942358523607254),
            ["UpperTorso"] = CFrame.new(-4.196772351861e-08, 1.7881393432617188e-07, 7.82310962677002e-08, 0.9512618184089661, -0.30836763978004456, -0.003237628610804677, 0.29651281237602234, 0.917475700378418, -0.2651764452457428, 0.08474227786064148, 0.2512921988964081, 0.9641945362091064),
            ["HumanoidRootPart"] = CFrame.new(0, 0, 0, 1, 0, 0, 0, 1, 0, 0, 0, 1),
            ["RightHand"] = CFrame.new(-5.21540641784668e-08, -2.980232238769531e-07, 0, 0.4191865622997284, -0.8988166451454163, 0.12810692191123962, 0.8707361221313477, 0.4379630386829376, 0.22362257540225983, -0.2571018636226654, 0.017807744443416595, 0.9662203192710876),
            ["LeftUpperArm"] = CFrame.new(0.05460226535797119, -0.09562385082244873, 9.313225746154785e-09, 0.6838928461074829, 0.6763252019882202, 0.273645281791687, -0.5036851763725281, 0.7090147137641907, -0.49355360865592957, -0.5278181433677673, 0.19970571994781494, 0.8255441188812256),
            ["RightLowerArm"] = CFrame.new(-0.000002771615982055664, -4.172325134277344e-07, 3.5762786865234375e-07, 1, -2.2351736461700966e-08, 5.960463766996327e-08, 3.352760913344355e-08, -0.03933623060584068, -0.9992260932922363, 5.960463766996327e-08, 0.9992260932922363, -0.039336174726486206),
            ["LeftHand"] = CFrame.new(1.2665987014770508e-07, 0.00010007619857788086, -2.60770320892334e-07, 0.4006040692329407, 0.7121321558952332, -0.5765277743339539, -0.3470015823841095, 0.7002720832824707, 0.623866081237793, 0.8480013608932495, -0.049867354333400726, 0.5276428461074829),
            ["RightUpperLeg"] = CFrame.new(-8.940696716308594e-08, 2.9010698199272156e-07, 2.029992174357176e-09, 0.9623761177062988, -0.25883156061172485, 0.08269449323415756, 0.24380236864089966, 0.6881659626960754, -0.6833652257919312, 0.1199689656496048, 0.6778154373168945, 0.7253783941268921),
            ["LeftUpperLeg"] = CFrame.new(-5.960464477539063e-08, 2.561137080192566e-07, -1.862645149230957e-08, 0.9789247512817383, -0.07506760954856873, -0.18992432951927185, 0.00003198907506885007, 0.9300485849380493, -0.3674367666244507, 0.2042214572429657, 0.35968682169914246, 0.9104499220848083),
            ["RightLowerLeg"] = CFrame.new(3.818422555923462e-08, -0.0000037550926208496094, -0.000013331118680071086, 1, 1.8626449271863521e-09, -2.2351748896198842e-08, 1.7695128917694092e-08, 0.3455020487308502, 0.9384179711341858, 1.0244548320770264e-08, -0.9384179711341858, 0.3455022871494293),
            ["RightFoot"] = CFrame.new(3.282912075519562e-08, 2.980232238769531e-07, -2.6244379114359617e-08, 0.9998659491539001, 0.016106240451335907, -0.0029532744083553553, -0.014745326712727547, 0.8071767091751099, -0.590125560760498, -0.007120898459106684, 0.5900900959968567, 0.8073061108589172),
            ["LeftLowerLeg"] = CFrame.new(-4.470348358154297e-08, 0.000003874301910400391, 0.000013329088687896729, 1, 5.215405707303944e-08, -1.4901161193847656e-08, -5.21540641784668e-08, 0.9171919822692871, 0.39844566583633423, 2.2351741790771484e-08, -0.39844557642936707, 0.9171919822692871),
        }},
        {Time = 0.267, Data = {
            ["LeftFoot"] = CFrame.new(-3.166496753692627e-08, 0, -5.587935447692871e-09, 0.9810764193534851, -0.19358088076114655, 0.003978146240115166, 0.19362017512321472, 0.9809332489967346, -0.0167640820145607, -0.0006572416750714183, 0.01721706986427307, 0.999851644039154),
            ["LeftLowerArm"] = CFrame.new(-0.0004971921443939209, -0.0000997781753540039, -5.513429641723633e-07, 1, 0, -3.725290742551124e-09, -5.960465188081798e-08, 0.9311503171920776, -0.364635705947876, 1.4901162970204496e-08, 0.364635705947876, 0.9311502575874329),
            ["LowerTorso"] = CFrame.new(-0.014698909595608711, -0.14958643913269043, 0.05993342772126198, 0.951460599899292, 0.2980020344257355, 0.07692661136388779, -0.307272732257843, 0.9339846968650818, 0.18236257135868073, -0.017503870651125908, -0.19714823365211487, 0.9802173972129822),
            ["Head"] = CFrame.new(-8.475035429000854e-08, 2.384185791015625e-07, 1.792795956134796e-08, 0.362775593996048, 0.09445751458406448, 0.9270769953727722, -0.415210485458374, 0.907023549079895, 0.07006221264600754, -0.8342626094818115, -0.4103489816188812, 0.36826568841934204),
            ["RightUpperArm"] = CFrame.new(-0.054602205753326416, -0.09562385082244873, 6.332993507385254e-08, -0.013432404026389122, -0.4493243098258972, 0.8932698369026184, 0.24368174374103546, 0.864942729473114, 0.43873679637908936, -0.9697622656822205, 0.22356639802455902, 0.09787286072969437),
            ["UpperTorso"] = CFrame.new(-2.232263796031475e-08, -1.4901161193847656e-07, 5.494803190231323e-08, 0.9135692119598389, -0.4061250686645508, -0.021305274218320847, 0.3812299072742462, 0.8734571933746338, -0.3028799891471863, 0.14161638915538788, 0.2685796022415161, 0.9527906179428101),
            ["HumanoidRootPart"] = CFrame.new(0, 0, 0, 1, 0, 0, 0, 1, 0, 0, 0, 1),
            ["RightHand"] = CFrame.new(5.1106326282024384e-08, 4.172325134277344e-07, -2.8312206268310547e-07, 0.4782229959964752, -0.8585875630378723, 0.18474364280700684, 0.8663527965545654, 0.49568620324134827, 0.06105794012546539, -0.1439984142780304, 0.13085384666919708, 0.980888307094574),
            ["LeftUpperArm"] = CFrame.new(0.05460226535797119, -0.09562349319458008, 2.9802322387695312e-08, 0.5909267067909241, 0.7576025724411011, 0.2772198021411896, -0.560791015625, 0.6327884793281555, -0.5339363217353821, -0.579930305480957, 0.16005373001098633, 0.7987873554229736),
            ["RightLowerArm"] = CFrame.new(-0.0000028908252716064453, 5.960464477539063e-08, 1.564621925354004e-07, 1, -4.563479549801741e-08, 4.4587064707002355e-08, 2.898741158219309e-08, -0.02831311523914337, -0.9995990991592407, 4.493630711976948e-08, 0.9995990991592407, -0.028313104063272476),
            ["LeftHand"] = CFrame.new(-2.5331974029541016e-07, 0.0000998377799987793, 2.0116567611694336e-07, 0.44228580594062805, 0.731246292591095, -0.5192900896072388, -0.3740692436695099, 0.6766378879547119, 0.634218692779541, 0.8151414394378662, -0.08625546097755432, 0.5728040337562561),
            ["RightUpperLeg"] = CFrame.new(-2.9802322387695312e-08, -2.337619662284851e-07, -9.145878721028566e-09, 0.939709484577179, -0.3025451898574829, 0.15941311419010162, 0.3228183686733246, 0.6309691667556763, -0.7054548263549805, 0.1128472089767456, 0.7143839597702026, 0.6905946731567383),
            ["LeftUpperLeg"] = CFrame.new(5.960464477539063e-08, -3.0640512704849243e-07, -3.3527612686157227e-08, 0.97923743724823, -0.09855710715055466, -0.1771457940340042, 0.06521155685186386, 0.9805601239204407, -0.18506601452827454, 0.1919417381286621, 0.1696716696023941, 0.9666281938552856),
