return {
    ["Samba"] = {
        {Time = 0.000, Data = {
            ["RightFoot"] = CFrame.new(0, 2.980232238769531e-07, 1.6952981241047382e-09, 0.9772851467132568, 0.21130044758319855, -0.01630762405693531, -0.19628888368606567, 0.873467743396759, -0.4455608129501343, -0.07990314811468124, 0.4386415481567383, 0.8951031565666199),
            ["LeftLowerArm"] = CFrame.new(0.0000015795230865478516, -8.344650268554688e-07, 0.000001519918441772461, 1, -6.891789183782748e-08, 5.960462345910855e-08, 1.1920936060505483e-07, 0.17063380777835846, -0.9853345155715942, 4.0978218152076806e-08, 0.9853345155715942, 0.17063386738300323),
            ["RightUpperArm"] = CFrame.new(2.384185791015625e-07, 0, 2.9802322387695312e-08, -0.07951578497886658, -0.9211472868919373, 0.38100534677505493, 0.9758982062339783, 0.005986831150949001, 0.21814416348934174, -0.20322391390800476, 0.3891682028770447, 0.898469865322113),
            ["Head"] = CFrame.new(1.0058283805847168e-07, 2.384185791015625e-07, -7.450580596923828e-08, 0.6626085638999939, 0.09746776521205902, -0.7425968050956726, -0.33210718631744385, 0.9269273281097412, -0.17467288672924042, 0.6713082790374756, 0.36236146092414856, 0.6465595960617065),
            ["RightHand"] = CFrame.new(-1.6391277313232422e-07, -7.152557373046875e-07, 1.8998980522155762e-07, 0.580518901348114, 0.33104708790779114, 0.743912398815155, -0.5541858673095703, 0.8299972414970398, 0.06310847401618958, -0.596553385257721, -0.4489014148712158, 0.6652905941009521),
            ["UpperTorso"] = CFrame.new(1.0943040251731873e-07, 8.940696716308594e-07, -3.841705620288849e-08, 0.9374653697013855, -0.21006421744823456, 0.2775460481643677, 0.16428738832473755, 0.9699915051460266, 0.17923788726329803, -0.3068687617778778, -0.12243196368217468, 0.9438443183898926),
            ["HumanoidRootPart"] = CFrame.new(0, 0, 0, 1, 0, 0, 0, 1, 0, 0, 0, 1),
            ["RightUpperLeg"] = CFrame.new(-2.9802322387695312e-08, 2.635642886161804e-07, -6.129994289949536e-08, 0.7557519674301147, -0.37080898880958557, -0.53975909948349, 0.23861120641231537, 0.9235036969184875, -0.3003428280353546, 0.6098392009735107, 0.09819191694259644, 0.7864186763763428),
            ["LeftUpperArm"] = CFrame.new(-7.152557373046875e-07, 4.76837158203125e-07, 1.4901161193847656e-07, 0.30730101466178894, 0.8018614649772644, -0.5124296545982361, -0.4530187249183655, 0.5968236327171326, 0.6622504591941833, 0.8368632793426514, 0.028629934415221214, 0.5466628074645996),
            ["RightLowerArm"] = CFrame.new(0.0000011920928955078125, 0.0000017881393432617188, -8.940696716308594e-08, 1, -2.5145695303763205e-08, -1.2048987585444593e-08, 2.421439226907296e-08, 0.9631408452987671, -0.2689974308013916, -2.1420424545226524e-08, 0.2689974009990692, 0.9631409049034119),
            ["LeftHand"] = CFrame.new(7.599592208862305e-07, -1.1920928955078125e-07, 1.4901161193847656e-07, 0.8630165457725525, 0.4025070369243622, -0.3052714169025421, -0.45840632915496826, 0.8778993487358093, -0.1384066939353943, 0.21228797733783722, 0.25938570499420166, 0.9421533942222595),
            ["LeftFoot"] = CFrame.new(-4.470348358154297e-08, -1.1920928955078125e-07, 4.470348358154297e-08, 0.9692222476005554, -0.24522235989570618, 0.021774616092443466, 0.23001617193222046, 0.8704809546470642, -0.435150146484375, 0.08775410801172256, 0.4267658293247223, 0.9000945687294006),
            ["LowerTorso"] = CFrame.new(-0.015595790930092335, -0.20457303524017334, -0.08646049350500107, 0.8229394555091858, 0.022385092452168465, 0.5676879286766052, 0.02099563367664814, 0.9973427057266235, -0.06976322084665298, -0.5677409768104553, 0.0693298801779747, 0.8202825784683228),
            ["RightLowerLeg"] = CFrame.new(-4.470348358154297e-08, -0.0000034570693969726562, -0.000013329023204278201, 1, -1.1920928955078125e-07, 2.9802322387695312e-08, 5.774199252073231e-08, 0.6607975959777832, 0.7505637407302856, -3.213062527152033e-08, -0.7505641579627991, 0.6607980728149414),
            ["LeftUpperLeg"] = CFrame.new(-5.960464477539063e-08, 2.0023435354232788e-07, -2.9802322387695312e-08, 0.8854095339775085, 0.06217789649963379, -0.46063432097435, -0.2365264594554901, 0.9133801460266113, -0.33134910464286804, 0.4001315236091614, 0.4023316204547882, 0.8234219551086426),
            ["LeftLowerLeg"] = CFrame.new(-4.6566128730773926e-08, 0.000003933906555175781, 0.000013325363397598267, 1, -3.72529100900465e-08, 1.6391273049976007e-07, -2.2351738238057806e-08, 0.6383843421936035, 0.7697179913520813, 4.470347647611561e-08, -0.7697178721427917, 0.6383841633796692),
        }},
        {Time = 0.033, Data = {
            ["RightFoot"] = CFrame.new(9.313225746154785e-09, 4.172325134277344e-07, 1.6596459317952394e-08, 0.9806766510009766, 0.19465255737304688, -0.01959158666431904, -0.1791408807039261, 0.8532299995422363, -0.48980316519737244, -0.07862518727779388, 0.48384806513786316, 0.8716129660606384),
            ["LeftLowerArm"] = CFrame.new(6.556510925292969e-07, -4.172325134277344e-07, 3.3527612686157227e-07, 1, -1.043081780949251e-07, 8.195635814445268e-08, 1.266598843585598e-07, 0.18776050209999084, -0.9822148680686951, 9.685756197086448e-08, 0.9822149276733398, 0.18776054680347443),
            ["RightUpperArm"] = CFrame.new(2.384185791015625e-07, 1.1920928955078125e-07, 1.043081283569336e-07, 0.028359105810523033, -0.9415267109870911, 0.33574262261390686, 0.9900671243667603, -0.01981394924223423, -0.13919226825237274, 0.13770560920238495, 0.3363550901412964, 0.9316128492355347),
            ["Head"] = CFrame.new(1.4901161193847656e-07, 7.152557373046875e-07, 5.4016709327697754e-08, 0.608293354511261, 0.0633368045091629, -0.791181206703186, -0.35779905319213867, 0.9116643071174622, -0.20210902392864227, 0.7084907293319702, 0.4060254395008087, 0.5772212147712708),
            ["RightHand"] = CFrame.new(-8.381903171539307e-07, -5.364418029785156e-07, 1.4901161193847656e-07, 0.6289375424385071, 0.1090613454580307, 0.7697683572769165, -0.5025131702423096, 0.8125172853469849, 0.2954593598842621, -0.5932268500328064, -0.5726442933082581, 0.5658273100852966),
            ["UpperTorso"] = CFrame.new(1.1548399925231934e-07, 4.76837158203125e-07, 1.862645149230957e-08, 0.9272441267967224, -0.2331545501947403, 0.2930142879486084, 0.1631690263748169, 0.9558838605880737, 0.24425821006298065, -0.3370375633239746, -0.17867617309093475, 0.9243811368942261),
            ["HumanoidRootPart"] = CFrame.new(0, 0, 0, 1, 0, 0, 0, 1, 0, 0, 0, 1),
            ["RightUpperLeg"] = CFrame.new(-2.9802322387695312e-08, 1.2293457984924316e-07, 1.3205863069742918e-08, 0.7433090806007385, -0.36963462829589844, -0.5575500130653381, 0.23889145255088806, 0.925189197063446, -0.2948826849460602, 0.6248379349708557, 0.0859949141740799, 0.7760040760040283),
            ["LeftUpperArm"] = CFrame.new(-5.960464477539062e-07, 0.0000016689300537109375, 4.470348358154297e-07, 0.30319058895111084, 0.8220571875572205, -0.48197245597839355, -0.550625741481781, 0.5639284253120422, 0.6154643297195435, 0.7777447700500488, 0.07878345251083374, 0.6236235499382019),
            ["RightLowerArm"] = CFrame.new(9.5367431640625e-07, 0.0000026226043701171875, 0, 1, -7.450577932388569e-09, -1.8626460374093767e-09, 7.450582373280668e-09, 0.9928737878799438, -0.11917103081941605, -3.725291186640334e-09, 0.11917106062173843, 0.9928737878799438),
            ["LeftHand"] = CFrame.new(6.332993507385254e-07, -3.5762786865234375e-07, 8.940696716308594e-08, 0.8428311944007874, 0.4042317271232605, -0.35529187321662903, -0.46694275736808777, 0.8775048851966858, -0.10931487381458282, 0.26758185029029846, 0.25803494453430176, 0.9283415675163269),
            ["LeftFoot"] = CFrame.new(6.705522537231445e-08, 5.960464477539063e-08, 7.450580596923828e-09, 0.9598370790481567, -0.279775470495224, 0.020944397896528244, 0.2615147829055786, 0.8651555776596069, -0.42792031168937683, 0.10160142183303833, 0.4162110388278961, 0.9035738110542297),
            ["LowerTorso"] = CFrame.new(0.02924548275768757, -0.22126448154449463, -0.10141553729772568, 0.8022587299346924, 0.03970787301659584, 0.5956544280052185, 0.017790619283914566, 0.9957520365715027, -0.090340755879879, -0.5967113375663757, 0.08307373523712158, 0.7981443405151367),
            ["RightLowerLeg"] = CFrame.new(1.5273690223693848e-07, -0.000003874301910400391, -0.000013278848200570792, 1, -2.011657187495075e-07, -8.195640788244418e-08, 1.564621925354004e-07, 0.6163685321807861, 0.7874580025672913, -1.210719347000122e-08, -0.7874578833580017, 0.616368293762207),
            ["LeftUpperLeg"] = CFrame.new(2.9802322387695312e-08, 2.4121254682540894e-07, 0, 0.8668700456619263, 0.0710424929857254, -0.4934465289115906, -0.2577405273914337, 0.9111170172691345, -0.32161444425582886, 0.4267391860485077, 0.4059790074825287, 0.8081304430961609),
            ["LeftLowerLeg"] = CFrame.new(2.421438694000244e-08, 0.000003874301910400391, 0.000013373792171478271, 1, 1.1175875158642157e-07, 0, -5.960465898624534e-08, 0.6367848515510559, 0.7710416316986084, 1.4901164746561335e-08, -0.7710416316986084, 0.6367847919464111),
        }},
        {Time = 0.067, Data = {
            ["RightFoot"] = CFrame.new(-5.774199962615967e-08, 2.384185791015625e-07, -8.026108844205737e-08, 0.9838465452194214, 0.17757974565029144, -0.022616934031248093, -0.16199657320976257, 0.8294201493263245, -0.5346207022666931, -0.07617882639169693, 0.5296486616134644, 0.8447893857955933),
            ["LeftLowerArm"] = CFrame.new(0.0000017285346984863281, -2.980232238769531e-07, 0.0000011026859283447266, 1, -1.0058283805847168e-07, 1.1548394240890048e-07, 5.96046660916727e-08, 0.2273159623146057, -0.9738210439682007, 5.215408194203519e-08, 0.9738210439682007, 0.22731593251228333),
            ["RightUpperArm"] = CFrame.new(2.384185791015625e-07, 3.5762786865234375e-07, -5.960464477539063e-08, 0.07172592729330063, -0.9612999558448792, 0.26600322127342224, 0.9341934323310852, -0.02869836427271366, -0.35561105608940125, 0.3494827151298523, 0.2740049362182617, 0.8959817290306091),
            ["Head"] = CFrame.new(4.470348358154297e-08, 5.960464477539062e-07, 8.568167686462402e-08, 0.5802140235900879, 0.024789514020085335, -0.8140867352485657, -0.3734843134880066, 0.8963474631309509, -0.2388945072889328, 0.7237825393676758, 0.44265854358673096, 0.5293318629264832),
            ["RightHand"] = CFrame.new(4.917383193969727e-07, -4.76837158203125e-07, 1.7881393432617188e-07, 0.7978607416152954, -0.0663299709558487, 0.5991817116737366, -0.2719062268733978, 0.8474887013435364, 0.4558837115764618, -0.538038432598114, -0.5266528725624084, 0.6581422686576843),
            ["UpperTorso"] = CFrame.new(1.1548399925231934e-07, 7.748603820800781e-07, 2.2351741790771484e-08, 0.9290710687637329, -0.23084546625614166, 0.28902825713157654, 0.14546717703342438, 0.9464244246482849, 0.2883056402206421, -0.34009742736816406, -0.22581227123737335, 0.9128760099411011),
            ["HumanoidRootPart"] = CFrame.new(0, 0, 0, 1, 0, 0, 0, 1, 0, 0, 0, 1),
            ["RightUpperLeg"] = CFrame.new(-1.1920928955078125e-07, 1.471489667892456e-07, -4.639878170564771e-08, 0.7286065816879272, -0.35800686478614807, -0.5839208960533142, 0.23125386238098145, 0.9310435056686401, -0.2822760343551636, 0.6447123885154724, 0.07063424587249756, 0.76115483045578),
            ["LeftUpperArm"] = CFrame.new(-7.152557373046875e-07, 9.5367431640625e-07, 3.2782554626464844e-07, 0.332640141248703, 0.8199481964111328, -0.4658709466457367, -0.6151237487792969, 0.5630954504013062, 0.5518571734428406, 0.7148240208625793, 0.10299821197986603, 0.6916776895523071),
            ["RightLowerArm"] = CFrame.new(8.940696716308594e-07, 0.000003039836883544922, -1.4901161193847656e-07, 1, -2.7939670577126208e-09, -3.725292518907963e-09, 9.313227522511625e-09, 0.9993031024932861, -0.03732817992568016, -3.725291186640334e-09, 0.037328191101551056, 0.9993031620979309),
            ["LeftHand"] = CFrame.new(6.295740604400635e-07, 3.5762786865234375e-07, 8.940696716308594e-08, 0.8389958143234253, 0.41450005769729614, -0.35252779722213745, -0.4662979245185852, 0.8815951347351074, -0.0731879472732544, 0.2804502546787262, 0.22578734159469604, 0.9329349994659424),
            ["LeftFoot"] = CFrame.new(7.450580596923828e-08, 5.960464477539063e-08, 3.725290298461914e-08, 0.9489476680755615, -0.3147726356983185, 0.020414452999830246, 0.29181069135665894, 0.8514664769172668, -0.43571987748146057, 0.11977038532495499, 0.41943198442459106, 0.8998508453369141),
            ["LowerTorso"] = CFrame.new(0.07264059036970139, -0.24641120433807373, -0.11946319043636322, 0.7809696793556213, 0.04872588440775871, 0.6226654648780823, 0.025785556063055992, 0.9935867786407471, -0.11009304225444794, -0.6240364909172058, 0.10203509777784348, 0.77470463514328),
            ["RightLowerLeg"] = CFrame.new(-1.341104507446289e-07, -0.000003635883331298828, -0.000013329256034921855, 1, 1.4156103134155273e-07, 2.9802315282267955e-08, -8.3819010399111e-08, 0.5702429413795471, 0.8214759826660156, -4.19095051995555e-08, -0.8214761018753052, 0.570243239402771),
            ["LeftUpperLeg"] = CFrame.new(-5.960464477539063e-08, 3.259629011154175e-07, 2.9802322387695312e-08, 0.8494418263435364, 0.08844491839408875, -0.5202175378799438, -0.29000145196914673, 0.9018710851669312, -0.320199579000473, 0.4408488869667053, 0.42285478115081787, 0.7917361259460449),
            ["LeftLowerLeg"] = CFrame.new(1.1175870895385742e-08, 0.000004231929779052734, 0.000013325363397598267, 1, 2.2351747119842003e-08, 0, 7.450581485102248e-09, 0.6101164221763611, 0.7923121452331543, -8.940698137394065e-08, -0.7923117280006409, 0.6101158857345581),
        }},
        {Time = 0.100, Data = {
            ["RightFoot"] = CFrame.new(-8.568167686462402e-08, 3.5762786865234375e-07, -5.045876605436206e-08, 0.9866030812263489, 0.16125322878360748, -0.024735936895012856, -0.14617086946964264, 0.8064292669296265, -0.5729795694351196, -0.07244697213172913, 0.5689193606376648, 0.8191964030265808),
            ["LeftLowerArm"] = CFrame.new(6.556510925292969e-07, -5.960464477539063e-08, 3.2782554626464844e-07, 1, -7.799827272947368e-08, 1.268925728936665e-07, 8.032657916601238e-08, 0.2533382773399353, -0.9673778414726257, 7.264316792543468e-08, 0.967377781867981, 0.25333818793296814),
            ["RightUpperArm"] = CFrame.new(2.384185791015625e-07, 4.76837158203125e-07, 5.960464477539063e-08, 0.07704812288284302, -0.9706107378005981, 0.22798766195774078, 0.8935561180114746, -0.034216463565826416, -0.44764575362205505, 0.4422905445098877, 0.23820999264717102, 0.8646588921546936),
            ["Head"] = CFrame.new(1.6402918845415115e-07, 4.76837158203125e-07, -9.324867278337479e-08, 0.5849263072013855, 0.0008589848875999451, -0.8110858798027039, -0.3790675103664398, 0.8843573331832886, -0.2724335789680481, 0.7170557975769043, 0.4668098986148834, 0.5176095366477966),
            ["RightHand"] = CFrame.new(-7.450580596923828e-08, -5.960464477539062e-07, 2.384185791015625e-07, 0.9142864942550659, -0.2022687792778015, 0.3509523868560791, 0.030779294669628143, 0.8985892534255981, 0.43771013617515564, -0.4038970470428467, -0.38939040899276733, 0.8277935981750488),
            ["UpperTorso"] = CFrame.new(1.30385160446167e-07, 5.066394805908203e-07, -2.2351741790771484e-08, 0.9440871477127075, -0.20053952932357788, 0.26169347763061523, 0.11248409003019333, 0.9420351386070251, 0.31609681248664856, -0.30991432070732117, -0.26898661255836487, 0.9119207859039307),
            ["HumanoidRootPart"] = CFrame.new(0, 0, 0, 1, 0, 0, 0, 1, 0, 0, 0, 1),
            ["RightUpperLeg"] = CFrame.new(0, -8.009374141693115e-08, -1.6596459317952394e-08, 0.7170212864875793, -0.3307456076145172, -0.6135861277580261, 0.2184707075357437, 0.9425395727157593, -0.25276467204093933, 0.6619299054145813, 0.04718681052327156, 0.7480790615081787),
            ["LeftUpperArm"] = CFrame.new(-4.76837158203125e-07, 8.344650268554688e-07, 2.980232238769531e-07, 0.40176305174827576, 0.7875833511352539, -0.4672248065471649, -0.6317482590675354, 0.6077345013618469, 0.48119962215423584, 0.6629334092140198, 0.10184016078710556, 0.7417196035385132),
            ["RightLowerArm"] = CFrame.new(0.0000010728836059570312, 0.0000026226043701171875, 2.9802322387695312e-08, 1, -3.7252889661942845e-09, -7.450583261459087e-09, 1.862645326866641e-08, 0.9986573457717896, -0.051802221685647964, -7.450581485102248e-09, 0.05180223286151886, 0.9986574649810791),
            ["LeftHand"] = CFrame.new(5.308538675308228e-07, 1.7881393432617188e-07, -1.1920928955078125e-07, 0.8763085603713989, 0.4379267692565918, -0.20075729489326477, -0.4526079595088959, 0.8911452889442444, -0.03171925246715546, 0.16501320898532867, 0.118660107254982, 0.9791273474693298),
            ["LeftFoot"] = CFrame.new(7.450580596923828e-08, 0, 1.4901161193847656e-08, 0.9367605447769165, -0.3493770956993103, 0.020377809181809425, 0.3196496367454529, 0.8304410576820374, -0.4562804698944092, 0.14249148964881897, 0.43393927812576294, 0.889602780342102),
            ["LowerTorso"] = CFrame.new(0.11128710955381393, -0.2766777276992798, -0.13994872570037842, 0.7624500393867493, 0.051032718271017075, 0.6450315117835999, 0.04794394224882126, 0.9896888136863708, -0.13497228920459747, -0.645268440246582, 0.13383498787879944, 0.752141535282135),
            ["RightLowerLeg"] = CFrame.new(-2.9802322387695312e-08, -0.0000036954879760742188, -0.000013238335668575019, 1, -3.241002559661865e-07, -1.9744038581848145e-07, 3.091990095072106e-07, 0.5316548943519592, 0.8469609022140503, -3.3655661013654026e-07, -0.8469610810279846, 0.5316551923751831),
            ["LeftUpperLeg"] = CFrame.new(-1.1920928955078125e-07, 3.5390257835388184e-08, -8.940696716308594e-08, 0.8312825560569763, 0.11786875128746033, -0.543209433555603, -0.3325442373752594, 0.8885359764099121, -0.31609854102134705, 0.4454028904438019, 0.44340822100639343, 0.7778208255767822),
            ["LeftLowerLeg"] = CFrame.new(-2.9802322387695312e-08, 0.000003993511199951172, 0.000013329088687896729, 1, 2.980232594040899e-08, 2.9802322387695312e-08, -8.195636524988004e-08, 0.5611457824707031, 0.8277171850204468, 3.725289587919178e-08, -0.8277170062065125, 0.561145544052124),
        }},
        {Time = 0.133, Data = {
            ["RightFoot"] = CFrame.new(6.426125764846802e-08, 4.172325134277344e-07, 1.6952981241047382e-09, 0.9888851046562195, 0.1465204805135727, -0.025262504816055298, -0.13233861327171326, 0.7899377942085266, -0.5987355709075928, -0.06777112931013107, 0.595424234867096, 0.800548255443573),
            ["LeftLowerArm"] = CFrame.new(0.0000017583370208740234, -4.76837158203125e-07, 6.258487701416016e-07, 1, -6.332995639013461e-08, 5.58793225025056e-08, 2.2351748896198842e-08, 0.22383250296115875, -0.9746276140213013, 5.215408194203519e-08, 0.974627673625946, 0.22383244335651398),
            ["RightUpperArm"] = CFrame.new(3.5762786865234375e-07, 5.960464477539062e-07, -2.9802322387695312e-08, 0.08690866827964783, -0.9672102928161621, 0.23864437639713287, 0.8803399801254272, -0.0375664085149765, -0.4728533625602722, 0.46631360054016113, 0.2511831521987915, 0.848209023475647),
            ["Head"] = CFrame.new(1.601874828338623e-07, 5.960464477539062e-07, 0, 0.6181938052177429, -0.0012985538924112916, -0.7860246896743774, -0.37475085258483887, 0.8785417675971985, -0.29618605971336365, 0.6909401416778564, 0.47766369581222534, 0.542622447013855),
            ["RightHand"] = CFrame.new(-1.043081283569336e-07, -2.384185791015625e-07, 3.2782554626464844e-07, 0.9445464611053467, -0.2792966961860657, 0.17270025610923767, 0.2151578962802887, 0.9236810803413391, 0.3170493543148041, -0.24807076156139374, -0.26231008768081665, 0.9325526356697083),
            ["UpperTorso"] = CFrame.new(1.1175870895385742e-07, 5.364418029785156e-07, -2.2351741790771484e-08, 0.964435338973999, -0.14697960019111633, 0.21968528628349304, 0.0651281550526619, 0.9376533031463623, 0.34141579270362854, -0.2561698257923126, -0.31496569514274597, 0.9138784408569336),
            ["HumanoidRootPart"] = CFrame.new(0, 0, 0, 1, 0, 0, 0, 1, 0, 0, 0, 1),
            ["RightUpperLeg"] = CFrame.new(-5.960464477539063e-08, 2.7008354663848877e-07, -7.620110409334302e-08, 0.716718316078186, -0.2880765497684479, -0.6350801587104797, 0.20490993559360504, 0.9574834108352661, -0.2030704915523529, 0.666578471660614, 0.015410076826810837, 0.745275616645813),
            ["LeftUpperArm"] = CFrame.new(-8.344650268554688e-07, 7.152557373046875e-07, 4.172325134277344e-07, 0.4952736496925354, 0.7184773683547974, -0.48835891485214233, -0.6116263270378113, 0.6875965595245361, 0.39131098985671997, 0.6169419288635254, 0.10488709807395935, 0.7799880504608154),
            ["RightLowerArm"] = CFrame.new(8.344650268554688e-07, 0.0000024437904357910156, 2.384185791015625e-07, 1, -3.352760913344355e-08, 7.450582373280668e-09, 2.23517560016262e-08, 0.9915369749069214, -0.1298247128725052, -1.4901170075631853e-08, 0.1298246532678604, 0.9915369749069214),
            ["LeftHand"] = CFrame.new(3.390014171600342e-07, 2.384185791015625e-07, 1.4901161193847656e-07, 0.8772968053817749, 0.46290895342826843, 0.12675140798091888, -0.46799927949905396, 0.8836468458175659, 0.012041420675814152, -0.10642944276332855, -0.06988341361284256, 0.9918615221977234),
            ["LeftFoot"] = CFrame.new(-1.4901161193847656e-08, -5.960464477539063e-08, 2.9802322387695312e-08, 0.924691915512085, -0.3801072835922241, 0.02153235673904419, 0.34186458587646484, 0.8041079640388489, -0.48635268211364746, 0.16755187511444092, 0.4570874273777008, 0.8734973073005676),
            ["LowerTorso"] = CFrame.new(0.14154866337776184, -0.3075050115585327, -0.15986190736293793, 0.7546168565750122, 0.05027293786406517, 0.6542369723320007, 0.08336392045021057, 0.9816359281539917, -0.17158542573451996, -0.6508485674858093, 0.18402104079723358, 0.7365679740905762),
            ["RightLowerLeg"] = CFrame.new(-1.4528632164001465e-07, -0.0000036954879760742188, -0.00001344450720353052, 1, -1.5646213569198153e-07, -1.6763804921993142e-07, 2.1047890186309814e-07, 0.505906343460083, 0.862588107585907, -2.377200871706009e-07, -0.8625884056091309, 0.5059069991111755),
            ["LeftUpperLeg"] = CFrame.new(-1.7881393432617188e-07, -1.0244548320770264e-08, 7.450580596923828e-09, 0.8141475915908813, 0.16364143788814545, -0.5571221709251404, -0.3795461058616638, 0.8760988116264343, -0.29731422662734985, 0.4394409656524658, 0.45351117849349976, 0.7753832936286926),
            ["LeftLowerLeg"] = CFrame.new(8.568167686462402e-08, 0.0000036954879760742188, 0.000013362616300582886, 1, 4.4703490686970326e-08, -2.980232594040899e-08, 0, 0.49618250131607056, 0.8682183027267456, -1.0430816388407038e-07, -0.8682183027267456, 0.49618256092071533),
        }},
        {Time = 0.167, Data = {
            ["RightFoot"] = CFrame.new(1.1175870895385742e-08, 3.5762786865234375e-07, -5.790934665128589e-08, 0.9909371733665466, 0.13219164311885834, -0.023852992802858353, -0.11905085295438766, 0.782045841217041, -0.6117440462112427, -0.06221330538392067, 0.6090401411056519, 0.7906961441040039),
            ["LeftLowerArm"] = CFrame.new(0.0000010132789611816406, -3.5762786865234375e-07, 6.854534149169922e-07, 1, -8.195640788244418e-08, 1.3038506097018399e-07, 4.097820749393577e-08, 0.11856210976839066, -0.9929467439651489, 5.215408194203519e-08, 0.9929466843605042, 0.11856205016374588),
            ["RightUpperArm"] = CFrame.new(2.384185791015625e-07, 1.1920928955078125e-07, 8.940696716308594e-08, 0.11921915411949158, -0.9488367438316345, 0.29239657521247864, 0.8732113242149353, -0.03995814919471741, -0.4857009947299957, 0.47253453731536865, 0.3132287859916687, 0.8237711191177368),
            ["Head"] = CFrame.new(1.4528632164001465e-07, 3.5762786865234375e-07, -5.21540641784668e-08, 0.6678245067596436, 0.009796864353120327, -0.7442544102668762, -0.3612401783466339, 0.8785215020179749, -0.3125789761543274, 0.6507810950279236, 0.47760242223739624, 0.5902371406555176),
            ["RightHand"] = CFrame.new(-6.705522537231445e-07, -2.384185791015625e-07, 2.5331974029541016e-07, 0.9431931972503662, -0.31446903944015503, 0.10721917450428009, 0.2810291051864624, 0.9272562861442566, 0.2474237084388733, -0.17722675204277039, -0.2032366693019867, 0.9629567861557007),
            ["UpperTorso"] = CFrame.new(1.2293457984924316e-07, 7.450580596923828e-07, 8.940696716308594e-08, 0.9801464676856995, -0.08375459164381027, 0.1797170788049698, 0.010360081680119038, 0.9267975091934204, 0.3754187226295471, -0.1980043202638626, -0.3661034405231476, 0.909264862537384),
            ["HumanoidRootPart"] = CFrame.new(0, 0, 0, 1, 0, 0, 0, 1, 0, 0, 0, 1),
            ["RightUpperLeg"] = CFrame.new(0, -2.0489096641540527e-07, 1.6221747500821948e-07, 0.7331081628799438, -0.23941804468631744, -0.6365781426429749, 0.1911720484495163, 0.9707940220832825, -0.14495627582073212, 0.652691125869751, -0.015427421778440475, 0.7574667930603027),
            ["LeftUpperArm"] = CFrame.new(-7.152557373046875e-07, 0.0000010728836059570312, 3.2782554626464844e-07, 0.5874265432357788, 0.6217387914657593, -0.5180453062057495, -0.5864230394363403, 0.7681657075881958, 0.25696197152137756, 0.5577078461647034, 0.1528475284576416, 0.8158428072929382),
            ["RightLowerArm"] = CFrame.new(0.0000013113021850585938, 0.0000025033950805664062, -2.682209014892578e-07, 1, -2.9802311729554276e-08, -7.450582373280668e-09, 2.980233304583635e-08, 0.9795660376548767, -0.20112286508083344, -2.2351748896198842e-08, 0.20112285017967224, 0.9795660376548767),
            ["LeftHand"] = CFrame.new(6.109476089477539e-07, 2.384185791015625e-07, 1.043081283569336e-07, 0.7369161248207092, 0.46872997283935547, 0.4870801568031311, -0.543960452079773, 0.8389655351638794, 0.015613671392202377, -0.4013248085975647, -0.2764583230018616, 0.873217761516571),
            ["LeftFoot"] = CFrame.new(-2.2351741790771484e-08, 5.960464477539063e-08, -3.725290298461914e-09, 0.9241281151771545, -0.3812990188598633, 0.024459870532155037, 0.336551308631897, 0.7820256948471069, -0.5245658159255981, 0.18088816106319427, 0.4929979741573334, 0.8510185480117798),
            ["LowerTorso"] = CFrame.new(0.16099265217781067, -0.334919810295105, -0.17555169761180878, 0.7649445533752441, 0.04814467206597328, 0.6422942876815796, 0.12356378883123398, 0.9677116274833679, -0.21969619393348694, -0.6321327686309814, 0.24741975963115692, 0.7342967391014099),
            ["RightLowerLeg"] = CFrame.new(-1.4901161193847656e-08, -0.000003874301910400391, -0.000013413540727924556, 1, -4.135071662858536e-07, -2.1979221287438122e-07, 3.725290298461914e-07, 0.4880436658859253, 0.8728190660476685, -2.314336597919464e-07, -0.8728192448616028, 0.48804405331611633),
            ["LeftUpperLeg"] = CFrame.new(-1.1920928955078125e-07, 1.862645149230957e-09, 5.960464477539063e-08, 0.8056740164756775, 0.22445189952850342, -0.5481888055801392, -0.42145270109176636, 0.8675068020820618, -0.26421549916267395, 0.41625380516052246, 0.44390684366226196, 0.793523371219635),
            ["LeftLowerLeg"] = CFrame.new(1.043081283569336e-07, 0.000003814697265625, 0.000013262033462524414, 1, -5.960465898624534e-08, -1.7881393432617188e-07, 5.960465188081798e-08, 0.4201885163784027, 0.9074370265007019, 3.725290653733282e-08, -0.9074369072914124, 0.4201882779598236),
        }},
        {Time = 0.200, Data = {
            ["RightFoot"] = CFrame.new(4.842877388000488e-08, 4.76837158203125e-07, 3.149762051180005e-08, 0.9928123950958252, 0.11784294247627258, -0.020894648507237434, -0.10561708360910416, 0.7805752158164978, -0.6160738468170166, -0.056290045380592346, 0.6138530373573303, 0.7874112725257874),
            ["LeftLowerArm"] = CFrame.new(7.748603820800781e-07, 3.5762786865234375e-07, 9.5367431640625e-07, 1, -8.568168397005138e-08, 1.0244538373171963e-07, 6.332994928470725e-08, -0.036170851439237595, -0.999345600605011, 7.078052988163108e-08, 0.9993457198143005, -0.036170847713947296),
            ["RightUpperArm"] = CFrame.new(3.5762786865234375e-07, 2.384185791015625e-07, -8.940696716308594e-08, 0.16322723031044006, -0.914863646030426, 0.3692985475063324, 0.8645022511482239, -0.0477348156273365, -0.5003571510314941, 0.47538691759109497, 0.40093132853507996, 0.7831100821495056),
            ["Head"] = CFrame.new(5.960464477539063e-08, 0, -1.3783574104309082e-07, 0.7254539728164673, 0.02209428884088993, -0.6879159212112427, -0.3377140760421753, 0.8823229670524597, -0.32780420780181885, 0.5997214913368225, 0.4701257646083832, 0.6475461721420288),
            ["RightHand"] = CFrame.new(6.258487701416016e-07, -8.940696716308594e-07, 3.2782554626464844e-07, 0.9342110753059387, -0.33909162878990173, 0.11075484752655029, 0.3086814880371094, 0.9240633249282837, 0.2254391759634018, -0.17878901958465576, -0.17641979455947876, 0.9679415225982666),
            ["UpperTorso"] = CFrame.new(1.4528632164001465e-07, 3.5762786865234375e-07, -5.21540641784668e-08, 0.9884530901908875, -0.028691306710243225, 0.14878617227077484, -0.035893186926841736, 0.9096308946609497, 0.41386398673057556, -0.14721480011940002, -0.4144255518913269, 0.898097574710846),
            ["HumanoidRootPart"] = CFrame.new(0, 0, 0, 1, 0, 0, 0, 1, 0, 0, 0, 1),
            ["RightUpperLeg"] = CFrame.new(0, -2.123415470123291e-07, -4.639878170564771e-08, 0.763764500617981, -0.2015683501958847, -0.6132162809371948, 0.17611804604530334, 0.979022741317749, -0.10245548188686371, 0.6210041642189026, -0.029746662825345993, 0.783242404460907),
            ["LeftUpperArm"] = CFrame.new(-7.152557373046875e-07, 5.960464477539062e-07, 2.682209014892578e-07, 0.6461844444274902, 0.5309508442878723, -0.5482124090194702, -0.588168203830719, 0.8041964769363403, 0.08559398353099823, 0.48631665110588074, 0.2671315371990204, 0.8319476246833801),
            ["RightLowerArm"] = CFrame.new(8.344650268554688e-07, 0.000003039836883544922, 3.2782554626464844e-07, 1, -1.862645504502325e-08, -1.2107198799071739e-08, 4.470350489782504e-08, 0.9699645638465881, -0.24324670433998108, -7.450584149637507e-09, 0.24324670433998108, 0.9699645042419434),
            ["LeftHand"] = CFrame.new(7.175840437412262e-07, 1.7881393432617188e-07, 3.082677721977234e-07, 0.537338137626648, 0.4578782618045807, 0.7082479596138, -0.6206961274147034, 0.7832493185997009, -0.03545242175459862, -0.5709677338600159, -0.42055678367614746, 0.7050730586051941),
            ["LeftFoot"] = CFrame.new(-2.9802322387695312e-08, 5.960464477539063e-08, -3.5390257835388184e-08, 0.9380263686180115, -0.3454051911830902, 0.028316427022218704, 0.2992522716522217, 0.7660510540008545, -0.5688709020614624, 0.17479920387268066, 0.5420895218849182, 0.8219393491744995),
            ["LowerTorso"] = CFrame.new(0.16918836534023285, -0.3558429479598999, -0.18535467982292175, 0.7935996651649475, 0.04335769638419151, 0.6068935990333557, 0.15377281606197357, 0.9507837891578674, -0.26900577545166016, -0.58868807554245, 0.3068065941333771, 0.7478744387626648),
            ["RightLowerLeg"] = CFrame.new(-5.587935447692871e-08, -0.0000037550926208496094, -0.000013259406841825694, 1, 1.1175867342672063e-08, -7.078052277620372e-08, 8.00937343115038e-08, 0.46812450885772705, 0.8836624026298523, -5.681066994611683e-08, -0.8836625218391418, 0.4681248068809509),
            ["LeftUpperLeg"] = CFrame.new(0, -2.7474015951156616e-07, -1.2665987014770508e-07, 0.8193801045417786, 0.29279375076293945, -0.4928366541862488, -0.4502410292625427, 0.8608425259590149, -0.23713600635528564, 0.35482266545295715, 0.41619962453842163, 0.8371849060058594),
            ["LeftLowerLeg"] = CFrame.new(5.21540641784668e-08, 0.000003933906555175781, 0.00001341104507446289, 1, 1.5646223516796454e-07, 1.4901161193847656e-08, -1.341104507446289e-07, 0.33523252606391907, 0.9421355724334717, 1.1175870895385742e-07, -0.9421354532241821, 0.33523234724998474),
        }},
        {Time = 0.233, Data = {
            ["RightFoot"] = CFrame.new(-7.450580596923828e-09, 3.5762786865234375e-07, 6.875052349641919e-08, 0.9943292140960693, 0.10492104291915894, -0.01735076494514942, -0.09331854432821274, 0.7825872302055359, -0.6155062913894653, -0.05100121349096298, 0.6136356592178345, 0.787941038608551),
            ["LeftLowerArm"] = CFrame.new(0.0000014901161193847656, -3.5762786865234375e-07, 8.493661880493164e-07, 1, -9.126964783945368e-08, 1.4156094607642444e-07, 1.1937484600821335e-07, -0.1715325117111206, -0.985178530216217, 1.0244550452398471e-07, 0.9851784706115723, -0.1715324968099594),
            ["RightUpperArm"] = CFrame.new(2.384185791015625e-07, -2.384185791015625e-07, 1.7881393432617188e-07, 0.20322170853614807, -0.8710467219352722, 0.44718965888023376, 0.8638060688972473, -0.05555073171854019, -0.5007526874542236, 0.46102064847946167, 0.4880490303039551, 0.7411263585090637),
            ["Head"] = CFrame.new(2.8312206268310547e-07, 5.960464477539062e-07, -1.4901161193847656e-08, 0.7895052433013916, 0.030251387506723404, -0.612997829914093, -0.3026599884033203, 0.888084352016449, -0.3459814190864563, 0.5339273810386658, 0.4586840271949768, 0.7103031873703003),
            ["RightHand"] = CFrame.new(-1.1920928955078125e-07, 0, 3.986060619354248e-07, 0.9235756993293762, -0.3585214614868164, 0.13590629398822784, 0.3301910161972046, 0.9238953590393066, 0.1933683305978775, -0.19488990306854248, -0.13371524214744568, 0.9716677665710449),
            ["UpperTorso"] = CFrame.new(5.960464477539063e-08, 4.470348358154297e-07, -8.568167686462402e-08, 0.9930314421653748, 0.004792333114892244, 0.11775283515453339, -0.056762684136629105, 0.8950880765914917, 0.4422617554664612, -0.10327968001365662, -0.4458637237548828, 0.8891225457191467),
            ["HumanoidRootPart"] = CFrame.new(0, 0, 0, 1, 0, 0, 0, 1, 0, 0, 0, 1),
            ["RightUpperLeg"] = CFrame.new(1.1920928955078125e-07, -5.4016709327697754e-08, -7.620110409334302e-08, 0.8025018572807312, -0.18722636997699738, -0.566513180732727, 0.16112704575061798, 0.9822177290916443, -0.096365787088871, 0.5744813680648804, -0.013946962542831898, 0.8183988332748413),
            ["LeftUpperArm"] = CFrame.new(-8.344650268554688e-07, 4.76837158203125e-07, 4.172325134277344e-07, 0.6490536332130432, 0.48178017139434814, -0.5887420773506165, -0.6385372877120972, 0.7656921148300171, -0.07736784964799881, 0.4135209023952484, 0.4261496365070343, 0.8046098351478577),
            ["RightLowerArm"] = CFrame.new(-2.9802322387695312e-08, 0.0000020265579223632812, -8.940696716308594e-08, 1, -1.6763806343078613e-08, -1.210719613453648e-08, 2.980233659855003e-08, 0.9517554044723511, -0.3068578839302063, -2.235175244891252e-08, 0.3068578541278839, 0.9517554044723511),
            ["LeftHand"] = CFrame.new(3.110617399215698e-07, 1.1920928955078125e-07, 4.507601261138916e-07, 0.45534563064575195, 0.4562937021255493, 0.7644975781440735, -0.6413524150848389, 0.763687789440155, -0.07381173968315125, -0.6175172924995422, -0.45670247077941895, 0.6403867602348328),
            ["LeftFoot"] = CFrame.new(-5.960464477539063e-08, -5.960464477539063e-08, 3.003515303134918e-08, 0.953342616558075, -0.30012455582618713, 0.032607629895210266, 0.2580564618110657, 0.7540973424911499, -0.6039401888847351, 0.15666793286800385, 0.5841768383979797, 0.7963624596595764),
            ["LowerTorso"] = CFrame.new(0.16798439621925354, -0.3673502206802368, -0.18987834453582764, 0.8339983224868774, 0.036157265305519104, 0.550581157207489, 0.1609199047088623, 0.9385319352149963, -0.3053894639015198, -0.5277799963951111, 0.3432937562465668, 0.7769154906272888),
            ["RightLowerLeg"] = CFrame.new(8.940696716308594e-08, -0.000003814697265625, -0.00001312436506850645, 1, -1.6018744020129816e-07, -7.078055830334051e-08, 1.7136336794010276e-07, 0.44122928380966187, 0.8973941206932068, -3.539026138810186e-08, -0.8973943591117859, 0.4412298798561096),
            ["LeftUpperLeg"] = CFrame.new(0, -3.725290298461914e-09, -1.1175870895385742e-08, 0.848323404788971, 0.36854782700538635, -0.38015779852867126, -0.4698728322982788, 0.8549653887748718, -0.21966807544231415, 0.24406340718269348, 0.36497506499290466, 0.8984575867652893),
            ["LeftLowerLeg"] = CFrame.new(2.2351741790771484e-08, 0.0000040531158447265625, 0.000013247132301330566, 1, 2.5145706672446977e-07, 2.2351753159455257e-07, -2.3841860752327193e-07, 0.27916741371154785, 0.960242509841919, 1.788139627478813e-07, -0.9602424502372742, 0.27916744351387024),
        }},
        {Time = 0.267, Data = {
            ["RightFoot"] = CFrame.new(-3.725290298461914e-08, 4.76837158203125e-07, 3.894820110872388e-08, 0.9953829646110535, 0.09496525675058365, -0.013946395367383957, -0.08371715247631073, 0.7878883481025696, -0.6101008653640747, -0.046950362622737885, 0.6084519028663635, 0.792201042175293),
            ["LeftLowerArm"] = CFrame.new(5.662441253662109e-07, -2.384185791015625e-07, 7.753260433673859e-07, 1, -8.56816981809061e-08, 1.4016396221450123e-07, 7.357449760547752e-08, -0.23059549927711487, -0.9730497002601624, 1.1548402767402877e-07, 0.9730497598648071, -0.23059554398059845),
            ["RightUpperArm"] = CFrame.new(2.384185791015625e-07, -2.384185791015625e-07, 2.086162567138672e-07, 0.2292378842830658, -0.8264994621276855, 0.514148473739624, 0.8785001635551453, -0.051781974732875824, -0.47492754459381104, 0.4191508889198303, 0.5605508685112, 0.7142095565795898),
            ["Head"] = CFrame.new(1.862645149230957e-07, 8.344650268554688e-07, -2.2351741790771484e-08, 0.8573257923126221, 0.034374501556158066, -0.51362544298172, -0.25644469261169434, 0.8936641216278076, -0.3682400584220886, 0.4463505148887634, 0.44741809368133545, 0.7749763131141663),
            ["RightHand"] = CFrame.new(1.4901161193847656e-07, -6.556510925292969e-07, 3.427267074584961e-07, 0.918061375617981, -0.3607237637042999, 0.1644439697265625, 0.3380936086177826, 0.9290204048156738, 0.1503797471523285, -0.20701733231544495, -0.08246039599180222, 0.9748559594154358),
            ["UpperTorso"] = CFrame.new(6.146728992462158e-08, 6.556510925292969e-07, 1.1920928955078125e-07, 0.997060239315033, 0.016830801963806152, 0.07475049793720245, -0.04880117252469063, 0.8916020393371582, 0.4501824975013733, -0.05907061696052551, -0.4525069296360016, 0.8898023366928101),
            ["HumanoidRootPart"] = CFrame.new(0, 0, 0, 1, 0, 0, 0, 1, 0, 0, 0, 1),
            ["RightUpperLeg"] = CFrame.new(1.1920928955078125e-07, 1.0058283805847168e-07, 4.300818545743823e-08, 0.8440062999725342, -0.1940060704946518, -0.5000151991844177, 0.14841493964195251, 0.9803615808486938, -0.12986212968826294, 0.515389621257782, 0.03539467602968216, 0.8562247157096863),
            ["LeftUpperArm"] = CFrame.new(-7.152557373046875e-07, 9.5367431640625e-07, 2.682209014892578e-07, 0.600348711013794, 0.4858023524284363, -0.6352775692939758, -0.7317520380020142, 0.6541864275932312, -0.19125677645206451, 0.32267704606056213, 0.5796862840652466, 0.7482268214225769),
            ["RightLowerArm"] = CFrame.new(3.5762786865234375e-07, 0.0000022649765014648438, -1.7881393432617188e-07, 1, -1.955776873785453e-08, 3.3527619791584584e-08, 2.23517560016262e-08, 0.8956899642944336, -0.44467902183532715, 7.450585037815927e-09, 0.4446789622306824, 0.8956900238990784),
            ["LeftHand"] = CFrame.new(0.0000010239891707897186, 0, -1.1920928955078125e-07, 0.5693012475967407, 0.4808758497238159, 0.6668243408203125, -0.5996862649917603, 0.7977282404899597, -0.0632941797375679, -0.5623812079429626, -0.36385178565979004, 0.7425222992897034),
            ["LeftFoot"] = CFrame.new(-1.4901161193847656e-08, 1.1920928955078125e-07, -7.450580596923828e-09, 0.9668980836868286, -0.25338560342788696, 0.030064372345805168, 0.21841831505298615, 0.7609818577766418, -0.6109010577201843, 0.1319151669740677, 0.5972456932067871, 0.7911359667778015),
