return {
    ["Sassy Dancin'"] = {
        {Time = 0.000, Data = {
            ["RightFoot"] = CFrame.new(-5.960464477539063e-08, 2.980232238769531e-07, 1.6596459317952394e-08, 0.7947550415992737, 0.6068130731582642, 0.011902186088263988, -0.5994306802749634, 0.787857174873352, -0.14129647612571716, -0.0951179713010788, 0.10516186058521271, 0.9898958206176758),
            ["LeftLowerArm"] = CFrame.new(-7.152557373046875e-07, -0.000011086463928222656, 0.00003153085708618164, 0.9999998211860657, 0.0007133930339477956, -0.00026841837097890675, -0.0003815145173575729, 0.16364003717899323, -0.9865201115608215, -0.0006599279004149139, 0.9865198731422424, 0.16364026069641113),
            ["RightUpperArm"] = CFrame.new(0, -8.344650268554688e-07, -8.940696716308594e-08, 0.3703635036945343, -0.9284224510192871, -0.029372666031122208, 0.8052496314048767, 0.336669385433197, -0.48808497190475464, 0.4630378782749176, 0.15711665153503418, 0.8723017573356628),
            ["Head"] = CFrame.new(1.4901161193847656e-08, -1.1920928955078125e-07, 0, 0.8398341536521912, 0.5421204566955566, 0.028002699837088585, -0.5034897327423096, 0.7971963882446289, -0.3331308960914612, -0.2029207944869995, 0.2656755745410919, 0.9424647092819214),
            ["RightHand"] = CFrame.new(-6.258487701416016e-07, 0, 1.7881393432617188e-07, 0.46598145365715027, 0.6564256548881531, -0.5932677984237671, -0.48533594608306885, 0.7502703666687012, 0.44893574714660645, 0.739804208278656, 0.0787384882569313, 0.6681991219520569),
            ["UpperTorso"] = CFrame.new(-5.681067705154419e-08, 5.960464477539063e-08, 2.421438694000244e-08, 0.952872633934021, 0.05842000991106033, 0.29769277572631836, -0.06302681565284729, 0.9979944825172424, 0.005890842527151108, -0.29675164818763733, -0.02437584102153778, 0.9546435475349426),
            ["HumanoidRootPart"] = CFrame.new(0, 0, 0, 1, 0, 0, 0, 1, 0, 0, 0, 1),
            ["RightUpperLeg"] = CFrame.new(0.052324891090393066, -0.06488656997680664, 0.033630192279815674, 0.730940580368042, -0.6529602408409119, -0.1984160840511322, 0.6791274547576904, 0.7245854139328003, 0.1173105388879776, 0.06717021763324738, -0.22049687802791595, 0.9730721712112427),
            ["LeftUpperArm"] = CFrame.new(-1.1920928955078125e-07, 0, 5.960464477539063e-08, -0.014482295140624046, 0.986217200756073, 0.1648208349943161, -0.9931297302246094, -0.03333044797182083, 0.1121719479560852, 0.11611944437026978, -0.1620640903711319, 0.9799243211746216),
            ["RightLowerArm"] = CFrame.new(-2.980232238769531e-07, 0.000011086463928222656, -0.00003171898424625397, 1, -2.3003661908660433e-07, 2.575106918811798e-07, 1.243315779220211e-07, -0.23945769667625427, -0.9709067344665527, 9.732322325817222e-08, 0.9709067940711975, -0.2394578456878662),
            ["LeftHand"] = CFrame.new(0, 2.384185791015625e-07, 5.960464477539063e-08, 0.8680175542831421, -0.10058606415987015, 0.48623859882354736, 0.09592384099960327, 0.9947890043258667, 0.034547530114650726, -0.48717978596687317, 0.016654038801789284, 0.8731428384780884),
            ["LeftFoot"] = CFrame.new(-3.3527612686157227e-08, -5.960464477539063e-08, -6.705522537231445e-08, 0.9887527823448181, -0.14856646955013275, 0.017203422263264656, 0.1453029215335846, 0.9269893765449524, -0.3458004593849182, 0.03542705997824669, 0.3444107472896576, 0.9381504058837891),
            ["LowerTorso"] = CFrame.new(-1.131959319114685, -0.3765132427215576, 0.0036736726760864258, 0.8997817039489746, -0.05829816311597824, 0.4324283003807068, 0.021843673661351204, 0.9958099722862244, 0.0887993574142456, -0.43579328060150146, -0.07045421004295349, 0.8972850441932678),
            ["RightLowerLeg"] = CFrame.new(-3.632158041000366e-08, -0.000029742717742919922, -0.00005207879439694807, 1, -2.9802322387695312e-08, 4.8428766774577525e-08, -7.078048724906694e-08, 0.9143891334533691, 0.40483593940734863, -2.9802311729554276e-08, -0.40483638644218445, 0.9143893122673035),
            ["LeftUpperLeg"] = CFrame.new(0, 2.1513551473617554e-07, 1.4901161193847656e-08, 0.681932270526886, 0.6390494108200073, 0.35578709840774536, -0.102645643055439, 0.5652381777763367, -0.8185168504714966, -0.7241770029067993, 0.5216529369354248, 0.45104965567588806),
            ["LeftLowerLeg"] = CFrame.new(1.7881393432617188e-07, 0.00002950429916381836, 0.00005227327346801758, 1, -9.685756197086448e-08, -7.4505797087454084e-09, -7.450577932388569e-09, 0.3011991083621979, 0.9535613059997559, 2.2351734685344127e-08, -0.9535613656044006, 0.3011989891529083),
        }},
        {Time = 0.033, Data = {
            ["RightFoot"] = CFrame.new(-2.9802322387695312e-08, 2.980232238769531e-07, -2.0656443666666746e-08, 0.8335720896720886, 0.5477369427680969, 0.07170694321393967, -0.5521541833877563, 0.8221797943115234, 0.13837026059627533, 0.016834408044815063, -0.1549348533153534, 0.9877813458442688),
            ["LeftLowerArm"] = CFrame.new(-3.5762786865234375e-07, -0.00001138448715209961, 0.000031948089599609375, 0.9999996423721313, 0.0008385927649214864, -0.0003980285837315023, -0.00039609530358575284, -0.002386173466220498, -0.9999971389770508, -0.0008394421893171966, 0.9999968409538269, -0.002386264270171523),
            ["RightUpperArm"] = CFrame.new(-1.7881393432617188e-07, 1.1920928955078125e-07, -1.6391277313232422e-07, 0.24261826276779175, -0.952819287776947, 0.1824057400226593, 0.9214257597923279, 0.28515225648880005, 0.2639371156692505, -0.30349791049957275, 0.10403747111558914, 0.947135329246521),
            ["Head"] = CFrame.new(-8.568167686462402e-08, -1.1920928955078125e-07, -8.568167686462402e-08, 0.8436034917831421, 0.522990882396698, -0.1217118352651596, -0.5369400978088379, 0.8193473219871521, -0.20091165602207184, -0.005350799765437841, 0.2348417192697525, 0.9720188975334167),
            ["RightHand"] = CFrame.new(-3.8743019104003906e-07, -1.1920928955078125e-07, -1.7881393432617188e-07, 0.6339724063873291, 0.6753634214401245, -0.37678003311157227, -0.529420793056488, 0.7341511249542236, 0.4251305162906647, 0.5637310147285461, -0.0700458437204361, 0.822982907295227),
            ["UpperTorso"] = CFrame.new(-1.3504177331924438e-07, -8.940696716308594e-08, 5.587935447692871e-09, 0.9773484468460083, 0.05643969401717186, 0.20397210121154785, -0.04145703837275505, 0.9961689710617065, -0.0769982859492302, -0.20753638446331024, 0.06679809093475342, 0.9759440422058105),
            ["HumanoidRootPart"] = CFrame.new(0, 0, 0, 1, 0, 0, 0, 1, 0, 0, 0, 1),
            ["RightUpperLeg"] = CFrame.new(0.05420893430709839, -0.07044994086027145, 0.033629000186920166, 0.7874122262001038, -0.5292341113090515, -0.31605884432792664, 0.6081642508506775, 0.7506404519081116, 0.25821560621261597, 0.10059003531932831, -0.3955378830432892, 0.9129247069358826),
            ["LeftUpperArm"] = CFrame.new(0, 1.1920928955078125e-07, -8.940696716308594e-08, 0.14118140935897827, 0.98493492603302, 0.09985505789518356, -0.9187421798706055, 0.09278243035078049, 0.3838026225566864, 0.3687557578086853, -0.1459270715713501, 0.918000340461731),
            ["RightLowerArm"] = CFrame.new(-3.03334672935307e-08, 0.000011444091796875, -0.000031678006052970886, 1, -1.0104852066206149e-07, 1.6123522073030472e-07, 1.0500664870960463e-07, -0.34195762872695923, -0.9397153258323669, 1.4575201134903182e-07, 0.9397154450416565, -0.34195780754089355),
            ["LeftHand"] = CFrame.new(0, -1.1920928955078125e-07, 1.4901161193847656e-07, 0.858858585357666, -0.20003630220890045, 0.47153741121292114, 0.18880301713943481, 0.9794014692306519, 0.07159744203090668, -0.47614654898643494, 0.027535567060112953, 0.8789348006248474),
            ["LeftFoot"] = CFrame.new(1.9371509552001953e-07, 5.960464477539063e-08, -1.4901161193847656e-08, 0.9951960444450378, -0.07408834993839264, 0.06399855017662048, 0.08166110515594482, 0.9887643456459045, -0.12520602345466614, -0.05400341376662254, 0.12983116507530212, 0.9900645017623901),
            ["LowerTorso"] = CFrame.new(-1.2065446376800537, -0.1422795057296753, 0.055894434452056885, 0.8762708902359009, -0.06387847661972046, 0.47756558656692505, 0.018309572711586952, 0.9948714971542358, 0.09947685897350311, -0.4814707338809967, -0.07842464745044708, 0.872946560382843),
            ["RightLowerLeg"] = CFrame.new(-1.5832483768463135e-07, -0.00002962350845336914, -0.00005212442920310423, 1, 1.862645326866641e-08, 2.235175244891252e-08, 7.82310962677002e-08, 0.9999875426292419, 0.004991421941667795, -5.960464477539063e-08, -0.004991502035409212, 0.9999876022338867),
            ["LeftUpperLeg"] = CFrame.new(0.0005948841571807861, -0.0025460831820964813, -0.000490337610244751, 0.7934885621070862, 0.425453782081604, 0.43516117334365845, -0.050566092133522034, 0.7586551308631897, -0.6495272517204285, -0.6064808964729309, 0.4933878779411316, 0.6234974265098572),
            ["LeftLowerLeg"] = CFrame.new(1.1175870895385742e-07, 0.00002962350845336914, 0.00005229562520980835, 1, 1.2665985593685036e-07, 6.519258732851085e-08, -5.960465898624534e-08, 0.6587875485420227, 0.7523288726806641, 2.6077039194660756e-08, -0.7523289918899536, 0.658787727355957),
        }},
        {Time = 0.067, Data = {
            ["RightFoot"] = CFrame.new(1.1175870895385742e-08, 5.364418029785156e-07, 1.6596459317952394e-08, 0.852977991104126, 0.4908667802810669, 0.1774216741323471, -0.5216940641403198, 0.8123787641525269, 0.2605304419994354, -0.01624816097319126, -0.31478655338287354, 0.949023425579071),
            ["LeftLowerArm"] = CFrame.new(-2.384185791015625e-07, -0.000012218952178955078, 0.00003159046173095703, 0.9999995827674866, 0.0008367447298951447, -0.0003958342131227255, -0.00039611750980839133, 0.00032629063935019076, -0.9999998807907104, -0.0008366702822968364, 0.9999995827674866, 0.00032641718280501664),
            ["RightUpperArm"] = CFrame.new(2.384185791015625e-07, 3.5762786865234375e-07, 5.960464477539063e-08, 0.24244876205921173, -0.8547845482826233, 0.4588702619075775, 0.7547544836997986, 0.46336278319358826, 0.46437105536460876, -0.6095606088638306, 0.23374834656715393, 0.7574944496154785),
            ["Head"] = CFrame.new(1.8998980522155762e-07, -2.384185791015625e-07, 8.195638656616211e-08, 0.8596039414405823, 0.47378140687942505, -0.19134357571601868, -0.49566787481307983, 0.8641327619552612, -0.08711034804582596, 0.12407496571540833, 0.16972318291664124, 0.9776499271392822),
            ["RightHand"] = CFrame.new(-2.980232238769531e-07, 0, -2.086162567138672e-07, 0.7434791922569275, 0.6494296789169312, -0.1596241146326065, -0.5439605116844177, 0.7261073589324951, 0.42056530714035034, 0.38903194665908813, -0.2258523851633072, 0.8931097984313965),
            ["UpperTorso"] = CFrame.new(2.9802322387695312e-08, 0, 4.470348358154297e-08, 0.9849632382392883, 0.04622085392475128, 0.16646690666675568, -0.02471105195581913, 0.9913315773010254, -0.12903903424739838, -0.170988067984581, 0.1229851245880127, 0.9775673151016235),
            ["HumanoidRootPart"] = CFrame.new(0, 0, 0, 1, 0, 0, 0, 1, 0, 0, 0, 1),
            ["RightUpperLeg"] = CFrame.new(0.05441516637802124, -0.07348683476448059, 0.03362590819597244, 0.8358774185180664, -0.49920105934143066, -0.2282704859972, 0.5441925525665283, 0.8080694675445557, 0.2255616933107376, 0.07185787707567215, -0.31276512145996094, 0.9471085071563721),
            ["LeftUpperArm"] = CFrame.new(0, 0, -2.9802322387695312e-08, 0.11920812726020813, 0.9901008009910583, -0.07409437000751495, -0.7464163899421692, 0.13857804238796234, 0.6508907079696655, 0.6547152400016785, -0.022286437451839447, 0.755547046661377),
            ["RightLowerArm"] = CFrame.new(-1.4062970876693726e-07, 0.000010848045349121094, -0.00003152713179588318, 1, -2.0861619987044833e-07, 1.30385160446167e-07, 1.7881390590446244e-07, -0.1656644642353058, -0.9861822128295898, 1.2665985593685036e-07, 0.9861821532249451, -0.16566437482833862),
            ["LeftHand"] = CFrame.new(-5.960464477539063e-08, 4.172325134277344e-07, -1.1920928955078125e-07, 0.8395199179649353, -0.28626346588134766, 0.46180057525634766, 0.26512980461120605, 0.9577219486236572, 0.11169110238552094, -0.47424963116645813, 0.02867009863257408, 0.8799235224723816),
            ["LeftFoot"] = CFrame.new(4.470348358154297e-08, -5.960464477539063e-08, 3.725290298461914e-08, 0.9979425668716431, -0.029819130897521973, 0.05675894767045975, 0.02168366312980652, 0.9900687336921692, 0.13890184462070465, -0.06033744663000107, -0.13738538324832916, 0.9886782765388489),
            ["LowerTorso"] = CFrame.new(-1.2848358154296875, 0.05708909034729004, 0.0995144471526146, 0.8907676935195923, -0.059028368443250656, 0.4506090581417084, 0.016869166865944862, 0.9951401352882385, 0.09701311588287354, -0.4541456997394562, -0.07881475239992142, 0.8874344825744629),
            ["RightLowerLeg"] = CFrame.new(1.8905848264694214e-07, -0.000029385089874267578, -0.00005201825842959806, 1, -2.980233659855003e-08, -1.4901161193847656e-08, -1.4901166522918174e-08, 0.9999876022338867, 0.004994578659534454, -4.4703497792397684e-08, -0.0049948119558393955, 0.9999875426292419),
            ["LeftUpperLeg"] = CFrame.new(0.0020821690559387207, -0.009927202016115189, -0.0019675642251968384, 0.8574241399765015, 0.2749039828777313, 0.43503090739250183, -0.04464960843324661, 0.8819122910499573, -0.46929430961608887, -0.5126697421073914, 0.3829602897167206, 0.7684471607208252),
            ["LeftLowerLeg"] = CFrame.new(-9.685754776000977e-08, 0.000029981136322021484, 0.00005234032869338989, 1, 2.9802322387695312e-08, 5.494803900774059e-08, -4.4703494239684005e-08, 0.8740838170051575, 0.485775351524353, 1.4901164746561335e-08, -0.48577526211738586, 0.8740837574005127),
        }},
        {Time = 0.100, Data = {
            ["RightFoot"] = CFrame.new(-8.568167686462402e-08, 5.960464477539063e-08, 9.145878721028566e-09, 0.8733371496200562, 0.41950294375419617, 0.2475874423980713, -0.48707908391952515, 0.758342444896698, 0.43320950865745544, -0.00602329894900322, -0.498932808637619, 0.866619884967804),
            ["LeftLowerArm"] = CFrame.new(1.1920928955078125e-07, -0.000011205673217773438, 0.0000317692756652832, 0.9999996423721313, 0.0008022637339308858, -0.0003559292235877365, -0.0003947169170714915, 0.0487973615527153, -0.9988086223602295, -0.0007840358885005116, 0.9988084435462952, 0.04879764840006828),
            ["RightUpperArm"] = CFrame.new(-1.7881393432617188e-07, 4.76837158203125e-07, -1.4901161193847656e-08, 0.3010479807853699, -0.7272711396217346, 0.6168037056922913, 0.6229353547096252, 0.6397132873535156, 0.4502430558204651, -0.7220261096954346, 0.24868392944335938, 0.6456272602081299),
            ["Head"] = CFrame.new(-2.3469328880310059e-07, 3.5762786865234375e-07, -8.940696716308594e-08, 0.8956204652786255, 0.3945240378379822, -0.20546244084835052, -0.40339982509613037, 0.9150226712226868, -0.001434367266483605, 0.18743683397769928, 0.08416815102100372, 0.9786640405654907),
            ["RightHand"] = CFrame.new(0, -1.7881393432617188e-07, 5.960464477539063e-08, 0.8108779788017273, 0.5843587517738342, 0.031650759279727936, -0.5379958748817444, 0.7230759859085083, 0.43326860666275024, 0.23029834032058716, -0.3683559000492096, 0.9007089138031006),
            ["UpperTorso"] = CFrame.new(2.9802322387695312e-08, 2.9802322387695312e-08, -4.470348358154297e-08, 0.9866577982902527, 0.039984770119190216, 0.15782169997692108, -0.01416975911706686, 0.986784040927887, -0.16142037510871887, -0.1621902883052826, 0.1570303738117218, 0.9741847515106201),
            ["HumanoidRootPart"] = CFrame.new(0, 0, 0, 1, 0, 0, 0, 1, 0, 0, 0, 1),
            ["RightUpperLeg"] = CFrame.new(0.05485546588897705, -0.07629024237394333, 0.033613551408052444, 0.8817639946937561, -0.46097901463508606, -0.09995407611131668, 0.47164300084114075, 0.8646743893623352, 0.17289045453071594, 0.006728918757289648, -0.19959135353565216, 0.9798561930656433),
            ["LeftUpperArm"] = CFrame.new(-2.384185791015625e-07, 0, -5.960464477539063e-08, 0.09235017001628876, 0.9588671326637268, -0.26841261982917786, -0.545384407043457, 0.2742435336112976, 0.7920520901679993, 0.8330830335617065, 0.0732419565320015, 0.5482775568962097),
            ["RightLowerArm"] = CFrame.new(-6.51925802230835e-08, 0.000011086463928222656, -0.0000313296914100647, 1, -2.2351741790771484e-07, 1.5646224937881925e-07, 1.2293459406009788e-07, 0.01597537100315094, -0.9998723864555359, 5.2154071283894154e-08, 0.9998724460601807, 0.01597549580037594),
            ["LeftHand"] = CFrame.new(0, -3.5762786865234375e-07, -1.1920928955078125e-07, 0.8230397701263428, -0.3548462390899658, 0.4434971809387207, 0.32188358902931213, 0.9347346425056458, 0.15053999423980713, -0.4679706394672394, 0.018854163587093353, 0.8835428953170776),
            ["LeftFoot"] = CFrame.new(-1.7136335372924805e-07, -1.1920928955078125e-07, 2.7939677238464355e-08, 0.9997263550758362, -0.013136046007275581, 0.019360117614269257, 0.004400306846946478, 0.9183031320571899, 0.395853728055954, -0.02297857776284218, -0.3956599831581116, 0.9181094765663147),
            ["LowerTorso"] = CFrame.new(-1.3611440658569336, 0.22365903854370117, 0.13530871272087097, 0.9228649139404297, -0.0479566790163517, 0.3821263313293457, 0.01494263019412756, 0.9959284067153931, 0.08890093863010406, -0.3848338723182678, -0.07633358240127563, 0.919823944568634),
            ["RightLowerLeg"] = CFrame.new(-6.28642737865448e-08, -0.00002956390380859375, -0.00005205364868743345, 1, -2.0489098417897367e-08, -1.4901164746561335e-08, -7.63684582238966e-08, 0.9999830722808838, 0.005831161048263311, 2.2351745343485163e-08, -0.005831167567521334, 0.9999830722808838),
            ["LeftUpperLeg"] = CFrame.new(0.004015862941741943, -0.021755345165729523, -0.004441514611244202, 0.902729332447052, 0.18151643872261047, 0.3900403082370758, -0.056474536657333374, 0.9487842321395874, -0.3108363151550293, -0.42648616433143616, 0.2585737109184265, 0.8667464852333069),
            ["LeftLowerLeg"] = CFrame.new(2.5331974029541016e-07, 0.00002968311309814453, 0.000052034854888916016, 1, -2.2351731132630448e-08, -6.344634329025212e-08, -2.9802315282267955e-08, 0.9687713384628296, 0.24795570969581604, 1.4901157641133977e-08, -0.24795576930046082, 0.9687713980674744),
        }},
        {Time = 0.133, Data = {
            ["RightFoot"] = CFrame.new(2.60770320892334e-08, 3.5762786865234375e-07, 3.894820110872388e-08, 0.912857711315155, 0.3305255174636841, 0.23967480659484863, -0.40814366936683655, 0.7237067818641663, 0.5564773678779602, 0.010475529357790947, -0.6058064103126526, 0.7955431938171387),
            ["LeftLowerArm"] = CFrame.new(-4.172325134277344e-07, -0.000011324882507324219, 0.00003185868263244629, 0.9999998211860657, 0.0006954136188142002, -0.00025300696142949164, -0.0003773571806959808, 0.18503546714782715, -0.982731819152832, -0.0006366151501424611, 0.9827316403388977, 0.1850358545780182),
            ["RightUpperArm"] = CFrame.new(-1.1920928955078125e-07, -4.76837158203125e-07, 4.470348358154297e-08, 0.3884231746196747, -0.5929100513458252, 0.7053971886634827, 0.49418386816978455, 0.7801418900489807, 0.38361579179763794, -0.7777595520019531, 0.19959059357643127, 0.5960317254066467),
            ["Head"] = CFrame.new(-8.195638656616211e-08, 1.1920928955078125e-07, 1.043081283569336e-07, 0.939500093460083, 0.2900080978870392, -0.1823045015335083, -0.28482863306999207, 0.957024097442627, 0.054568663239479065, 0.19029514491558075, 0.0006583072827197611, 0.9817267656326294),
            ["RightHand"] = CFrame.new(5.960464477539063e-08, -5.960464477539063e-08, -1.1920928955078125e-07, 0.8494248390197754, 0.49468308687210083, 0.18375597894191742, -0.5192938446998596, 0.7216238379478455, 0.4578132629394531, 0.09386979043483734, -0.48430126905441284, 0.8698509931564331),
            ["UpperTorso"] = CFrame.new(-1.1920928955078125e-07, -2.682209014892578e-07, -4.470348358154297e-08, 0.986052393913269, 0.04181594029068947, 0.16109676659107208, -0.013127429410815239, 0.9844485521316528, -0.1751822829246521, -0.16591684520244598, 0.17062410712242126, 0.9712668061256409),
            ["HumanoidRootPart"] = CFrame.new(0, 0, 0, 1, 0, 0, 0, 1, 0, 0, 0, 1),
            ["RightUpperLeg"] = CFrame.new(0.05547577142715454, -0.07885067164897919, 0.033582255244255066, 0.9256197214126587, -0.3689882457256317, 0.0841195210814476, 0.37045803666114807, 0.9288468956947327, -0.0020187823101878166, -0.07738916575908661, 0.03303123265504837, 0.9964537024497986),
            ["LeftUpperArm"] = CFrame.new(-2.384185791015625e-07, -1.1920928955078125e-07, 1.7881393432617188e-07, 0.23662370443344116, 0.8561453819274902, -0.45937395095825195, -0.4071183502674103, 0.5166603326797485, 0.753204345703125, 0.8821926712989807, 0.008793633431196213, 0.47080671787261963),
            ["RightLowerArm"] = CFrame.new(1.1734664440155029e-07, 0.000011444091796875, -0.000031635165214538574, 1, -8.754435043556441e-08, 1.0430815677864302e-07, -2.8871003365793513e-08, 0.18535444140434265, -0.9826717972755432, 6.146729703004894e-08, 0.9826717376708984, 0.18535439670085907),
            ["LeftHand"] = CFrame.new(1.1920928955078125e-07, 5.960464477539063e-08, -3.948807716369629e-07, 0.8175432682037354, -0.4020688533782959, 0.41226667165756226, 0.3573343753814697, 0.9156031608581543, 0.18434476852416992, -0.45159196853637695, -0.0033928011544048786, 0.8922181725502014),
            ["LeftFoot"] = CFrame.new(-1.1175870895385742e-07, 5.960464477539063e-08, 9.220093488693237e-08, 0.9990702271461487, -0.02421177178621292, -0.03567295894026756, 0.040139440447092056, 0.8243422508239746, 0.5646668076515198, 0.015735121443867683, -0.5655736923217773, 0.8245476484298706),
            ["LowerTorso"] = CFrame.new(-1.4297809600830078, 0.3594968318939209, 0.16405221819877625, 0.9557950496673584, -0.03663860261440277, 0.29174208641052246, 0.015744315460324287, 0.997160017490387, 0.07364797592163086, -0.2936118543148041, -0.06579908728599548, 0.9536575675010681),
            ["RightLowerLeg"] = CFrame.new(-1.4901161193847656e-08, -0.000029325485229492188, -0.00005203315959079191, 1, 7.078052988163108e-08, -1.4901162970204496e-08, -7.63684582238966e-08, 0.9758499264717102, 0.21844178438186646, -1.4901162970204496e-08, -0.21844206750392914, 0.9758500456809998),
            ["LeftUpperLeg"] = CFrame.new(0.005949079990386963, -0.037647221237421036, -0.007921546697616577, 0.9329694509506226, 0.15005740523338318, 0.3271864652633667, -0.07888459414243698, 0.9721020460128784, -0.2208958864212036, -0.3512054681777954, 0.18027916550636292, 0.9187785983085632),
            ["LeftLowerLeg"] = CFrame.new(-4.470348358154297e-08, 0.00002968311309814453, 0.00005227327346801758, 1, 3.725289943190546e-08, -3.0682716811725186e-08, -5.5879368687783426e-08, 0.9891153573989868, 0.14714211225509644, 0, -0.14714206755161285, 0.9891153573989868),
        }},
        {Time = 0.167, Data = {
            ["RightFoot"] = CFrame.new(0, 1.1920928955078125e-07, 1.287116901949048e-08, 0.9576314687728882, 0.23482108116149902, 0.16673676669597626, -0.2752852141857147, 0.5762471556663513, 0.7695173621177673, 0.08461709320545197, -0.7828143239021301, 0.6164754033088684),
            ["LeftLowerArm"] = CFrame.new(-3.5762786865234375e-07, -0.000011324882507324219, 0.000032007694244384766, 0.9999998807907104, 0.0004613837809301913, -0.00010322036541765556, -0.00029128786991350353, 0.4291760325431824, -0.9032207131385803, -0.0003722756518982351, 0.9032208323478699, 0.4291764795780182),
            ["RightUpperArm"] = CFrame.new(-1.1920928955078125e-07, -4.76837158203125e-07, -4.0978193283081055e-08, 0.494534432888031, -0.4244347810745239, 0.7584792971611023, 0.3459319770336151, 0.8966794013977051, 0.27621957659721375, -0.7973498702049255, 0.1257820874452591, 0.5902643799781799),
            ["Head"] = CFrame.new(4.842877388000488e-08, -2.384185791015625e-07, -2.9802322387695312e-08, 0.9755719900131226, 0.17244300246238708, -0.13609851896762848, -0.1620919108390808, 0.9832050800323486, 0.08386947959661484, 0.1482754349708557, -0.05976025015115738, 0.9871389269828796),
            ["RightHand"] = CFrame.new(0, 0, -1.341104507446289e-07, 0.8699309229850769, 0.39511609077453613, 0.29513323307037354, -0.4927241802215576, 0.7218741774559021, 0.48592236638069153, -0.021053316071629524, -0.5681382417678833, 0.8226638436317444),
            ["UpperTorso"] = CFrame.new(1.0058283805847168e-07, -5.960464477539063e-08, 1.4901161193847656e-08, 0.9865704774856567, 0.04423798620700836, 0.15723185241222382, -0.01568521000444889, 0.9838351607322693, -0.17838828265666962, -0.16258175671100616, 0.17352639138698578, 0.9713165163993835),
            ["HumanoidRootPart"] = CFrame.new(0, 0, 0, 1, 0, 0, 0, 1, 0, 0, 0, 1),
            ["RightUpperLeg"] = CFrame.new(0.056223273277282715, -0.08115463703870773, 0.033522024750709534, 0.9593121409416199, -0.23143461346626282, 0.1617349088191986, 0.2399420291185379, 0.9701582193374634, -0.034940626472234726, -0.14882202446460724, 0.07232585549354553, 0.9862154722213745),
            ["LeftUpperArm"] = CFrame.new(0, -1.1920928955078125e-07, -5.960464477539063e-08, 0.4557347595691681, 0.6722748279571533, -0.5833972096443176, -0.2980289161205292, 0.7328336834907532, 0.6116647720336914, 0.8387399315834045, -0.10488759726285934, 0.5343349575996399),
            ["RightLowerArm"] = CFrame.new(2.644956111907959e-07, 0.000011444091796875, -0.00003165006637573242, 1, -1.0430809993522416e-07, 6.705523247774181e-08, 1.2665985593685036e-07, 0.3946274220943451, -0.9188411235809326, 1.4901159417490817e-08, 0.9188411831855774, 0.3946278989315033),
            ["LeftHand"] = CFrame.new(-5.960464477539063e-08, -1.7881393432617188e-07, 1.043081283569336e-07, 0.8296549916267395, -0.42374762892723083, 0.363470196723938, 0.370149701833725, 0.9049076437950134, 0.21007473766803741, -0.41792547702789307, -0.03975112736225128, 0.9076112508773804),
            ["LeftFoot"] = CFrame.new(-3.725290298461914e-08, 0, 8.568167686462402e-08, 0.9952074289321899, -0.053289927542209625, -0.08199090510606766, 0.09313607215881348, 0.7720621824264526, 0.6286855936050415, 0.02979954518377781, -0.6333089470863342, 0.7733252644538879),
            ["LowerTorso"] = CFrame.new(-1.4924086332321167, 0.46004199981689453, 0.18651437759399414, 0.978164792060852, -0.02703389897942543, 0.20606517791748047, 0.015288196504116058, 0.9981774091720581, 0.05838077515363693, -0.20726783573627472, -0.05395565927028656, 0.9767951965332031),
            ["RightLowerLeg"] = CFrame.new(-5.587935447692871e-09, -0.000029325485229492188, -0.00005207413778407499, 1, 2.2351748896198842e-08, 2.2351736461700966e-08, -5.5879368687783426e-08, 0.9932346940040588, 0.11612431704998016, -6.053598156086082e-08, -0.11612431704998016, 0.9932347536087036),
            ["LeftUpperLeg"] = CFrame.new(0.0074364542961120605, -0.05721553787589073, -0.012417122721672058, 0.9515613913536072, 0.15125107765197754, 0.26768285036087036, -0.09663074463605881, 0.9736342430114746, -0.2066369503736496, -0.29187923669815063, 0.17076130211353302, 0.9410882592201233),
            ["LeftLowerLeg"] = CFrame.new(2.980232238769531e-07, 0.000029861927032470703, 0.00005224347114562988, 1, 2.6077035641947077e-08, -4.16766958721837e-08, -3.725290298461914e-08, 0.982992947101593, 0.18364350497722626, 2.2351741790771484e-08, -0.18364344537258148, 0.9829930067062378),
        }},
        {Time = 0.200, Data = {
            ["RightFoot"] = CFrame.new(1.1175870895385742e-08, 2.980232238769531e-07, 1.6952981241047382e-09, 0.9854570031166077, 0.16026276350021362, 0.056485697627067566, -0.13436029851436615, 0.5313853025436401, 0.8364068865776062, 0.10402888059616089, -0.8318326473236084, 0.5451907515525818),
            ["LeftLowerArm"] = CFrame.new(-5.960464477539063e-08, -0.000011265277862548828, 0.000031888484954833984, 1, 0.00008337199687957764, -0.0000032782554626464844, -0.0000625699685770087, 0.7220941781997681, -0.6917946934700012, -0.00005543976294575259, 0.6917948126792908, 0.7220942378044128),
            ["RightUpperArm"] = CFrame.new(1.1920928955078125e-07, 9.5367431640625e-07, -4.470348358154297e-08, 0.6011123657226562, -0.2666916847229004, 0.753352165222168, 0.20989814400672913, 0.9622660279273987, 0.17316733300685883, -0.7711074352264404, 0.054034262895584106, 0.6344080567359924),
            ["Head"] = CFrame.new(2.9802322387695312e-08, 3.5762786865234375e-07, 2.9802322387695312e-08, 0.9948840141296387, 0.06214780732989311, -0.07964609563350677, -0.054866090416908264, 0.9943782091140747, 0.09056347608566284, 0.08482662588357925, -0.08573028445243835, 0.9927008152008057),
            ["RightHand"] = CFrame.new(0, 0, -2.7939677238464355e-07, 0.8795178532600403, 0.2975688874721527, 0.3713504374027252, -0.4608592987060547, 0.7270666360855103, 0.5089036822319031, -0.11856259405612946, -0.6187300682067871, 0.7766054272651672),
            ["UpperTorso"] = CFrame.new(2.849847078323364e-07, -2.086162567138672e-07, 7.450580596923828e-09, 0.9913846254348755, 0.018008360639214516, 0.1297389715909958, 0.006981630809605122, 0.9818305373191833, -0.18963178992271423, -0.1307966411113739, 0.18890388309955597, 0.9732459187507629),
            ["HumanoidRootPart"] = CFrame.new(0, 0, 0, 1, 0, 0, 0, 1, 0, 0, 0, 1),
            ["RightUpperLeg"] = CFrame.new(0.0570446252822876, -0.08319084346294403, 0.033422909677028656, 0.976093590259552, -0.10116434842348099, 0.19237203896045685, 0.1350366175174713, 0.9757932424545288, -0.17202557623386383, -0.1703125238418579, 0.1938902586698532, 0.9661264419555664),
            ["LeftUpperArm"] = CFrame.new(0, 2.384185791015625e-07, 5.960464477539063e-08, 0.7112622261047363, 0.43498456478118896, -0.5521726012229919, -0.23456797003746033, 0.8873822093009949, 0.39690157771110535, 0.6626341342926025, -0.15277907252311707, 0.7331947684288025),
            ["RightLowerArm"] = CFrame.new(8.195638656616211e-08, 0.000011265277862548828, -0.000031579285860061646, 1, -1.043081283569336e-07, 4.0978189730367376e-08, 1.1175870895385742e-07, 0.5435325503349304, -0.8393879532814026, 6.705522537231445e-08, 0.8393881320953369, 0.5435327291488647),
            ["LeftHand"] = CFrame.new(2.682209014892578e-07, 2.980232238769531e-07, 1.341104507446289e-07, 0.8803583979606628, -0.3753175139427185, 0.29001033306121826, 0.3209984004497528, 0.921589195728302, 0.21825087070465088, -0.34918370842933655, -0.09904608875513077, 0.9318050742149353),
            ["LeftFoot"] = CFrame.new(-1.4156103134155273e-07, 1.1920928955078125e-07, 7.078051567077637e-08, 0.9935924410820007, -0.09304497390985489, -0.06416168808937073, 0.11268214881420135, 0.7714768648147583, 0.6261999607086182, -0.008765511214733124, -0.629417359828949, 0.7770179510116577),
            ["LowerTorso"] = CFrame.new(-1.565940260887146, 0.4980809688568115, 0.2034711092710495, 0.9876883625984192, 0.0007692198851145804, 0.1564323455095291, -0.010827628895640373, 0.9979259371757507, 0.06345681846141815, -0.15605907142162323, -0.06436935812234879, 0.9856480956077576),
            ["RightLowerLeg"] = CFrame.new(5.960464477539063e-08, -0.000029265880584716797, -0.00005213001713855192, 1, 9.126965494488104e-08, -7.450581485102248e-09, -5.5879368687783426e-08, 0.9698734879493713, 0.24360880255699158, 8.381904947896146e-09, -0.2436094731092453, 0.9698736071586609),
            ["LeftUpperLeg"] = CFrame.new(0.008032232522964478, -0.08007331192493439, -0.017937786877155304, 0.9692333936691284, 0.11995401233434677, 0.2149367332458496, -0.0676809549331665, 0.9694342613220215, -0.23583169281482697, -0.23665592074394226, 0.21402883529663086, 0.9477265477180481),
            ["LeftLowerLeg"] = CFrame.new(2.5704503059387207e-07, 0.000029385089874267578, 0.00005218386650085449, 1, 7.4505820180093e-08, 2.0023435354232788e-08, -4.0978193283081055e-08, 0.9661604762077332, 0.25794172286987305, 5.21540641784668e-08, -0.2579419016838074, 0.9661604762077332),
        }},
        {Time = 0.233, Data = {
            ["RightFoot"] = CFrame.new(6.845220923423767e-08, 3.5762786865234375e-07, -7.617927622050047e-09, 0.9905992746353149, 0.12557676434516907, -0.05425400659441948, -0.029412580654025078, 0.5828526616096497, 0.812045156955719, 0.13359615206718445, -0.802815854549408, 0.5810672640800476),
            ["LeftLowerArm"] = CFrame.new(4.470348358154297e-08, -0.000011920928955078125, 0.0000317990779876709, 1, -0.00023842236259952188, -0.000026606032406562008, 0.0002012140757869929, 0.8939343690872192, -0.4481980502605438, 0.00013061704521533102, 0.44819799065589905, 0.8939342498779297),
            ["RightUpperArm"] = CFrame.new(-1.1920928955078125e-07, 3.5762786865234375e-07, -7.450580596923828e-08, 0.7344068288803101, -0.0946398600935936, 0.6720790266990662, 0.07332124561071396, 0.9954982399940491, 0.06006166711449623, -0.6747375130653381, 0.005167954135686159, 0.7380396723747253),
            ["Head"] = CFrame.new(-1.7881393432617188e-07, -2.384185791015625e-07, -5.960464477539063e-08, 0.9994946718215942, -0.017928171902894974, -0.026250820606946945, 0.01992957852780819, 0.9967480301856995, 0.07807894796133041, 0.02476564608514309, -0.0785626694560051, 0.9966015219688416),
            ["RightHand"] = CFrame.new(5.960464477539063e-08, -2.980232238769531e-07, -4.470348358154297e-08, 0.882151186466217, 0.21056558191776276, 0.42127370834350586, -0.4246773421764374, 0.7423544526100159, 0.5182268619537354, -0.203613743185997, -0.6360597014427185, 0.7442911863327026),
            ["UpperTorso"] = CFrame.new(-6.891787052154541e-08, -1.7881393432617188e-07, 1.4901161193847656e-08, 0.9941352605819702, -0.038406867533922195, 0.10109436511993408, 0.05822743475437164, 0.9778382778167725, -0.20110167562961578, -0.09113024175167084, 0.20580872893333435, 0.9743399024009705),
            ["HumanoidRootPart"] = CFrame.new(0, 0, 0, 1, 0, 0, 0, 1, 0, 0, 0, 1),
            ["RightUpperLeg"] = CFrame.new(0.05788511037826538, -0.08494681864976883, 0.033275306224823, 0.9822214245796204, -0.03951822221279144, 0.18351994454860687, 0.08767329901456833, 0.9609946608543396, -0.26230278611183167, -0.16599594056606293, 0.2737291157245636, 0.9473741054534912),
            ["LeftUpperArm"] = CFrame.new(-3.5762786865234375e-07, -1.1920928955078125e-07, -1.1920928955078125e-07, 0.9292448163032532, 0.22125433385372162, -0.2958895266056061, -0.17194071412086487, 0.967824399471283, 0.18371807038784027, 0.32701754570007324, -0.11984360218048096, 0.9373884201049805),
            ["RightLowerArm"] = CFrame.new(-8.568167686462402e-08, 0.000010132789611816406, -0.000031581148505210876, 1, -9.685754776000977e-08, 0, 8.568167686462402e-08, 0.7106228470802307, -0.7035731673240662, -8.381903171539307e-09, 0.7035731077194214, 0.7106228470802307),
            ["LeftHand"] = CFrame.new(2.384185791015625e-07, -5.960464477539063e-08, -1.043081283569336e-07, 0.9489779472351074, -0.2501274347305298, 0.1920342892408371, 0.2078394591808319, 0.9540970325469971, 0.21564261615276337, -0.2371574342250824, -0.16472777724266052, 0.957403302192688),
            ["LeftFoot"] = CFrame.new(1.1548399925231934e-07, 1.1920928955078125e-07, -3.3527612686157227e-08, 0.9936506748199463, -0.11110386252403259, 0.01772977039217949, 0.07128829509019852, 0.7436438202857971, 0.6647647023200989, -0.08704239875078201, -0.6592798233032227, 0.7468424439430237),
            ["LowerTorso"] = CFrame.new(-1.6277709007263184, 0.49171900749206543, 0.21569617092609406, 0.9896712899208069, 0.05457058176398277, 0.13256309926509857, -0.06500695645809174, 0.9950080513954163, 0.07571742683649063, -0.12776942551136017, -0.08355288207530975, 0.9882782697677612),
            ["RightLowerLeg"] = CFrame.new(-4.516914486885071e-07, -0.00002968311309814453, -0.00005212815449340269, 1, 4.74974690689578e-08, -4.423783117601943e-09, -3.911554458113642e-08, 0.9163391590118408, 0.4004025459289551, 5.261971836034718e-08, -0.40040290355682373, 0.9163394570350647),
            ["LeftUpperLeg"] = CFrame.new(0.008002519607543945, -0.10467483103275299, -0.024153172969818115, 0.9813446402549744, 0.036960769444704056, 0.18867109715938568, -0.0037570232525467873, 0.9848460555076599, -0.17339012026786804, -0.1922205686569214, 0.16944663226604462, 0.9666122198104858),
            ["LeftLowerLeg"] = CFrame.new(1.8998980522155762e-07, 0.000029861927032470703, 0.00005213916301727295, 1, -6.053598866628818e-08, 2.3632319212651964e-08, 5.587936158235607e-08, 0.9913084506988525, 0.13155841827392578, -2.980232594040899e-08, -0.13155843317508698, 0.9913085103034973),
        }},
        {Time = 0.267, Data = {
            ["RightFoot"] = CFrame.new(-5.774199962615967e-08, 4.172325134277344e-07, -7.281050784513354e-08, 0.9819849133491516, 0.09643245488405228, -0.1625005155801773, 0.0036401748657226562, 0.8501628041267395, 0.5265073776245117, 0.1889243721961975, -0.5176138877868652, 0.834496021270752),
            ["LeftLowerArm"] = CFrame.new(-1.6391277313232422e-07, -0.000012218952178955078, 0.000031694769859313965, 1, -0.0003619789786171168, -0.00006234646571101621, 0.00031940030748955905, 0.9408312439918518, -0.3388757109642029, 0.00018130939861293882, 0.3388754427433014, 0.9408312439918518),
            ["RightUpperArm"] = CFrame.new(1.1920928955078125e-07, 3.5762786865234375e-07, -1.4901161193847656e-08, 0.8787416219711304, 0.07455658912658691, 0.4714389443397522, -0.06467501819133759, 0.9972144961357117, -0.03715505823493004, -0.4728957712650299, 0.0021593172568827868, 0.8811157941818237),
            ["Head"] = CFrame.new(1.4901161193847656e-08, 2.384185791015625e-07, 5.960464477539063e-08, 0.9988067150115967, -0.047935470938682556, 0.009349212050437927, 0.04743117839097977, 0.9977087378501892, 0.04824576899409294, -0.011640429496765137, -0.0477447584271431, 0.9987917542457581),
            ["RightHand"] = CFrame.new(0, 0, -5.960464477539063e-08, 0.876658022403717, 0.1448400467634201, 0.4587942361831665, -0.3833194971084595, 0.786568284034729, 0.48412445187568665, -0.2907523810863495, -0.6002763509750366, 0.7450714707374573),
            ["UpperTorso"] = CFrame.new(3.3527612686157227e-08, 5.960464477539063e-08, 1.4901161193847656e-08, 0.9898618459701538, -0.10153931379318237, 0.09931501746177673, 0.12061379849910736, 0.9701826572418213, -0.21023321151733398, -0.07500674575567245, 0.22008058428764343, 0.9725937843322754),
            ["HumanoidRootPart"] = CFrame.new(0, 0, 0, 1, 0, 0, 0, 1, 0, 0, 0, 1),
            ["RightUpperLeg"] = CFrame.new(0.05869317054748535, -0.08640991151332855, 0.03306911885738373, 0.9827122688293457, -0.031157976016402245, 0.1824992150068283, 0.09135659784078598, 0.9389789700508118, -0.331620991230011, -0.16103027760982513, 0.34256038069725037, 0.9255925416946411),
            ["LeftUpperArm"] = CFrame.new(0, 9.5367431640625e-07, 0, 0.9959455132484436, 0.08389544486999512, 0.032468535006046295, -0.08646243810653687, 0.9923608303070068, 0.08800159394741058, -0.02483758144080639, -0.09045210480690002, 0.9955910444259644),
            ["RightLowerArm"] = CFrame.new(1.7881393432617188e-07, 0.000010907649993896484, -0.000031575560569763184, 1, -6.332993507385254e-08, 1.5832481992106295e-08, 5.4016684458702e-08, 0.8665289878845215, -0.49912673234939575, 1.5366815375728038e-08, 0.4991267919540405, 0.8665289878845215),
            ["LeftHand"] = CFrame.new(1.7881393432617188e-07, -1.7881393432617188e-07, -2.9802322387695312e-08, 0.9904533624649048, -0.11320765316486359, 0.07865288108587265, 0.09387778490781784, 0.9717573523521423, 0.21650561690330505, -0.10094165056943893, -0.20705492794513702, 0.9731079339981079),
            ["LeftFoot"] = CFrame.new(3.2782554626464844e-07, 1.1920928955078125e-07, -9.313225746154785e-09, 0.9960201382637024, -0.08909859508275986, 0.0023281797766685486, 0.06792652606964111, 0.775734007358551, 0.6273937821388245, -0.057705994695425034, -0.6247385740280151, 0.778698742389679),
            ["LowerTorso"] = CFrame.new(-1.684556245803833, 0.4092082977294922, 0.22396332025527954, 0.9868391156196594, 0.11652229726314545, 0.11212089657783508, -0.12676531076431274, 0.987930178642273, 0.08902084827423096, -0.10039469599723816, -0.10206231474876404, 0.9896990656852722),
