return {
    ["Saturday Night Fever"] = {
        {Time = 0.000, Data = {
            ["RightFoot"] = CFrame.new(4.0978193283081055e-08, 4.172325134277344e-07, 3.894820110872388e-08, 0.9971122145652771, 0.0479385107755661, -0.05890083312988281, -0.06673729419708252, 0.9232522249221802, -0.3783535957336426, 0.036242563277482986, 0.38119181990623474, 0.923785388469696),
            ["LeftLowerArm"] = CFrame.new(-0.000002175569534301758, 0.0000013709068298339844, 6.407499313354492e-07, 1, -1.1920927533992653e-07, 0, 8.195641498787154e-08, 0.45779556035995483, -0.8890575170516968, -1.4901166522918174e-08, 0.8890575170516968, 0.4577956795692444),
            ["RightUpperArm"] = CFrame.new(-5.960464477539063e-08, 3.5762786865234375e-07, -1.0384246706962585e-07, 0.1970234364271164, 0.15692059695720673, 0.9677591323852539, 0.6029699444770813, 0.7589468359947205, -0.2458191066980362, -0.7730516791343689, 0.6319617629051208, 0.05491185560822487),
            ["Head"] = CFrame.new(2.086162567138672e-07, 0.0000013113021850585938, -1.969747245311737e-07, 0.9835759401321411, 0.001374705578200519, -0.18048961460590363, -0.000690850371029228, 0.9999924302101135, 0.0038517918437719345, 0.18049344420433044, -0.0036638204474002123, 0.9835693836212158),
            ["RightHand"] = CFrame.new(9.16188582777977e-08, 1.1920928955078125e-07, 3.0174851417541504e-07, 0.8627209663391113, 0.17487429082393646, -0.47448042035102844, -0.09828455746173859, 0.9783945083618164, 0.18189136683940887, 0.4960370361804962, -0.11028745025396347, 0.8612688183784485),
            ["UpperTorso"] = CFrame.new(3.259629011154175e-08, 0.0000017881393432617188, -4.0745362639427185e-10, 0.9837859272956848, 0.10725276917219162, 0.14374376833438873, -0.11888638138771057, 0.9900767803192139, 0.07492676377296448, -0.13428130745887756, -0.09080107510089874, 0.9867743849754333),
            ["HumanoidRootPart"] = CFrame.new(0, 0, 0, 1, 0, 0, 0, 1, 0, 0, 0, 1),
            ["RightUpperLeg"] = CFrame.new(3.5762786865234375e-07, -7.078051567077637e-08, -3.3510877983644605e-07, 0.8584042191505432, -0.2617349326610565, -0.4411768913269043, 0.012206566520035267, 0.8702163696289062, -0.4925185739994049, 0.5128287672996521, 0.4173946976661682, 0.7501922845840454),
            ["LeftUpperArm"] = CFrame.new(2.384185791015625e-07, -1.1920928955078125e-07, -1.1688098311424255e-07, 0.6213030815124512, 0.3950308859348297, -0.6767075657844543, -0.35223767161369324, 0.912246584892273, 0.20912908017635345, 0.6999365091323853, 0.10842937976121902, 0.7059263586997986),
            ["RightLowerArm"] = CFrame.new(-0.0000012814998626708984, 0.0000010132789611816406, 5.364418029785156e-07, 1, -7.543712854385376e-08, 3.7252917195473856e-08, 1.0966324737182731e-07, 0.7386517524719238, -0.6740872263908386, -5.587936335871291e-09, 0.6740872859954834, 0.7386517524719238),
            ["LeftHand"] = CFrame.new(4.172325134277344e-07, 5.364418029785156e-07, 4.76837158203125e-07, 0.8463829159736633, 0.00663624657317996, 0.532533586025238, -0.16133356094360352, 0.9561333656311035, 0.24450072646141052, -0.5075504779815674, -0.29285669326782227, 0.810325562953949),
            ["LeftFoot"] = CFrame.new(1.2386590242385864e-07, 0, 7.636845111846924e-08, 0.952942430973053, -0.30315089225769043, -0.000024985522031784058, 0.29835620522499084, 0.9378840327262878, -0.17708122730255127, 0.05370604246854782, 0.16874031722545624, 0.9841962456703186),
            ["LowerTorso"] = CFrame.new(0.03227449581027031, -0.22354638576507568, -0.16018956899642944, 0.9873319268226624, -0.06484097987413406, 0.14481517672538757, 0.06790047883987427, 0.9975593090057373, -0.016279980540275574, -0.14340610802173615, 0.025906765833497047, 0.9893248677253723),
            ["RightLowerLeg"] = CFrame.new(-7.450580596923828e-09, -0.00012242794036865234, -0.00007735023245913908, 1, -1.1920928955078125e-07, -6.891787052154541e-08, 1.266598843585598e-07, 0.5836483240127563, 0.8120061755180359, -1.4156104555240745e-07, -0.8120065927505493, 0.5836489796638489),
            ["LeftUpperLeg"] = CFrame.new(-4.172325134277344e-07, 5.667097866535187e-07, -6.51925802230835e-08, 0.8876901268959045, 0.456474632024765, -0.06030412018299103, -0.41921842098236084, 0.7470889687538147, -0.5158629417419434, -0.1904260665178299, 0.48320695757865906, 0.8545460104942322),
            ["LeftLowerLeg"] = CFrame.new(4.470348358154297e-08, 0.0001227855682373047, 0.00007740408182144165, 1, 4.4703490686970326e-08, 1.490115231206346e-08, -5.960463766996327e-08, 0.5684107542037964, 0.8227447867393494, 4.470347647611561e-08, -0.8227449655532837, 0.5684109926223755),
        }},
        {Time = 0.033, Data = {
            ["RightFoot"] = CFrame.new(1.862645149230957e-08, 4.172325134277344e-07, 2.4047039914876223e-08, 0.9970226883888245, 0.05459025874733925, -0.054459940642118454, -0.07174970954656601, 0.9155027866363525, -0.39586174488067627, 0.028248075395822525, 0.39859071373939514, 0.916693925857544),
            ["LeftLowerArm"] = CFrame.new(-0.0000012218952178955078, 0.0000011920928955078125, 1.6391277313232422e-07, 1, -7.450579175838357e-08, 4.4703494239684005e-08, 1.0058287358560847e-07, 0.42937421798706055, -0.9031267166137695, 4.4703497792397684e-08, 0.9031267166137695, 0.42937418818473816),
            ["RightUpperArm"] = CFrame.new(-5.960464477539063e-08, 2.384185791015625e-07, -5.960464477539063e-08, 0.18810108304023743, 0.09623822569847107, 0.9774232506752014, 0.5711262822151184, 0.7989087700843811, -0.18857240676879883, -0.7990198135375977, 0.5937028527259827, 0.0953114703297615),
            ["Head"] = CFrame.new(1.8812716007232666e-07, 0.0000011920928955078125, -1.7229467630386353e-07, 0.9779806733131409, 0.01334675308316946, -0.20826849341392517, -0.01791395992040634, 0.9996383190155029, -0.02005850337445736, 0.20792540907859802, 0.023347796872258186, 0.977865993976593),
            ["RightHand"] = CFrame.new(6.05359673500061e-08, -4.172325134277344e-07, -5.4016709327697754e-08, 0.8918157815933228, -0.047813933342695236, -0.4498649835586548, 0.11753109097480774, 0.9847424626350403, 0.12833109498023987, 0.4368652105331421, -0.16732077300548553, 0.883828341960907),
            ["UpperTorso"] = CFrame.new(5.587935447692871e-08, 0.0000011026859283447266, -1.4901161193847656e-08, 0.9887265563011169, 0.07956796139478683, 0.12684141099452972, -0.09072564542293549, 0.9922627210617065, 0.08475591987371445, -0.11911612004041672, -0.09530821442604065, 0.9882953763008118),
            ["HumanoidRootPart"] = CFrame.new(0, 0, 0, 1, 0, 0, 0, 1, 0, 0, 0, 1),
            ["RightUpperLeg"] = CFrame.new(6.556510925292969e-07, -7.865019142627716e-07, -3.2579555409029126e-07, 0.8418665528297424, -0.293424516916275, -0.45294901728630066, 0.026687808334827423, 0.8608906865119934, -0.5080899596214294, 0.5390256643295288, 0.4156554639339447, 0.7325856685638428),
            ["LeftUpperArm"] = CFrame.new(5.960464477539063e-08, -3.5762786865234375e-07, -1.6298145055770874e-07, 0.6291852593421936, 0.38232141733169556, -0.6767246723175049, -0.34037238359451294, 0.9182662963867188, 0.20232100784778595, 0.6987651586532593, 0.10304103046655655, 0.7078911662101746),
            ["RightLowerArm"] = CFrame.new(-4.172325134277344e-07, 9.5367431640625e-07, 6.407499313354492e-07, 1, -7.823108916227284e-08, 2.2351745343485163e-08, 9.126963362859897e-08, 0.6376981139183044, -0.7702863812446594, 4.842878453814592e-08, 0.7702863812446594, 0.6376981139183044),
            ["LeftHand"] = CFrame.new(2.384185791015625e-07, 0, 5.662441253662109e-07, 0.8226650953292847, 0.0293985977768898, 0.5677657723426819, -0.1797018051147461, 0.9609084129333496, 0.21062397956848145, -0.5393787622451782, -0.2753015458583832, 0.7957887649536133),
            ["LeftFoot"] = CFrame.new(2.2910535335540771e-07, -1.1920928955078125e-07, 7.82310962677002e-08, 0.9389806389808655, -0.3369195759296417, -0.06928393989801407, 0.32269352674484253, 0.9325869083404541, -0.16171260178089142, 0.11909760534763336, 0.12948720157146454, 0.9844028353691101),
            ["LowerTorso"] = CFrame.new(0.034065015614032745, -0.22781765460968018, -0.16179226338863373, 0.9840326309204102, -0.053339652717113495, 0.16980814933776855, 0.05564436689019203, 0.9984115362167358, -0.008839051239192486, -0.16906695067882538, 0.018146779388189316, 0.9854375720024109),
            ["RightLowerLeg"] = CFrame.new(5.960464477539063e-08, -0.0001226663589477539, -0.00007745454058749601, 1, -1.1175868053214799e-07, -1.3783566998881724e-07, 1.192092469182171e-07, 0.5625206232070923, 0.826782763004303, -2.60770232074492e-08, -0.826783299446106, 0.5625213980674744),
            ["LeftUpperLeg"] = CFrame.new(-2.980232238769531e-07, -6.181653589010239e-08, -3.073364496231079e-08, 0.8825997710227966, 0.46554821729660034, -0.0654388889670372, -0.4178096055984497, 0.7129344940185547, -0.5631696581840515, -0.21552926301956177, 0.524394154548645, 0.8237462639808655),
            ["LeftLowerLeg"] = CFrame.new(7.450580596923828e-08, 0.0001227855682373047, 0.00007725507020950317, 1, 8.940700979565008e-08, 8.940692453052179e-08, -5.960465188081798e-08, 0.5488237738609314, 0.8359375, -2.2351745343485163e-08, -0.8359381556510925, 0.5488247275352478),
        }},
        {Time = 0.067, Data = {
            ["RightFoot"] = CFrame.new(-1.6763806343078613e-08, 2.384185791015625e-07, -1.0261283023282886e-07, 0.9968675971031189, 0.06708341091871262, -0.041889969259500504, -0.07857568562030792, 0.900266706943512, -0.428188681602478, 0.008987710811197758, 0.43013903498649597, 0.9027179479598999),
            ["LeftLowerArm"] = CFrame.new(-0.0000025033950805664062, 0.0000014901161193847656, 5.960464477539063e-08, 1, -1.1920926112907182e-07, 4.4703490686970326e-08, 6.33299421792799e-08, 0.3920174539089203, -0.9199578762054443, 9.685756197086448e-08, 0.9199577569961548, 0.3920174241065979),
            ["RightUpperArm"] = CFrame.new(-2.980232238769531e-07, 2.384185791015625e-07, 2.9802322387695312e-08, 0.33824604749679565, -0.04230504855513573, 0.9401063323020935, 0.5129382610321045, 0.8458338975906372, -0.1464901566505432, -0.7889765501022339, 0.5317661762237549, 0.3077998757362366),
            ["Head"] = CFrame.new(1.8905848264694214e-07, 0.0000015497207641601562, -1.9872095435857773e-07, 0.9718626737594604, 0.030232567340135574, -0.23360010981559753, -0.04232737794518471, 0.9980007410049438, -0.046936072409152985, 0.23171402513980865, 0.05550314486026764, 0.9711992740631104),
            ["RightHand"] = CFrame.new(1.648440957069397e-07, 5.960464477539063e-08, -1.4901161193847656e-08, 0.7867215275764465, -0.17326782643795013, -0.5924927592277527, 0.2424771636724472, 0.9693938493728638, 0.03847697749733925, 0.56769198179245, -0.173936665058136, 0.8046563863754272),
            ["UpperTorso"] = CFrame.new(4.284083843231201e-08, 0.0000014901161193847656, 3.3527612686157227e-08, 0.9938333630561829, 0.05931610241532326, 0.09368504583835602, -0.06930845975875854, 0.9918099045753479, 0.107282854616642, -0.08655419945716858, -0.11311446130275726, 0.9898048639297485),
            ["HumanoidRootPart"] = CFrame.new(0, 0, 0, 1, 0, 0, 0, 1, 0, 0, 0, 1),
            ["RightUpperLeg"] = CFrame.new(3.5762786865234375e-07, -2.1187588572502136e-07, -1.8795981304720044e-07, 0.8101781606674194, -0.334749311208725, -0.4812007546424866, 0.046390239149332047, 0.8549449443817139, -0.5166407227516174, 0.5843454003334045, 0.39624762535095215, 0.7081866264343262),
            ["LeftUpperArm"] = CFrame.new(5.960464477539063e-08, -2.384185791015625e-07, -1.9802246242761612e-07, 0.6451849937438965, 0.3758842647075653, -0.6651670932769775, -0.32661572098731995, 0.9227390289306641, 0.20463357865810394, 0.6906942129135132, 0.08522750437259674, 0.7181071639060974),
            ["RightLowerArm"] = CFrame.new(5.960464477539063e-08, 0.0000011324882507324219, 6.631016731262207e-07, 1, -9.685753354915505e-08, 3.539026494081554e-08, 1.0896476965172042e-07, 0.34939953684806824, -0.9369738698005676, 5.774201383701438e-08, 0.9369738101959229, 0.3493995666503906),
            ["LeftHand"] = CFrame.new(1.4901161193847656e-07, -1.7881393432617188e-07, 7.450580596923828e-07, 0.8029946684837341, 0.07369916886091232, 0.5914119482040405, -0.2186165153980255, 0.9595776200294495, 0.1772502064704895, -0.5544426441192627, -0.27162325382232666, 0.7866475582122803),
            ["LeftFoot"] = CFrame.new(5.587935447692871e-09, -5.960464477539063e-08, -1.1175870895385742e-08, 0.9406533241271973, -0.3213476538658142, -0.10911814868450165, 0.3058849275112152, 0.9420849680900574, -0.13751626014709473, 0.1469893902540207, 0.09597718715667725, 0.9844706654548645),
            ["LowerTorso"] = CFrame.new(0.035062551498413086, -0.24494445323944092, -0.16848628222942352, 0.9758753776550293, -0.04719734191894531, 0.21316608786582947, 0.05063343793153763, 0.998660147190094, -0.010685627348721027, -0.21237613260746002, 0.02122117020189762, 0.9769576191902161),
            ["RightLowerLeg"] = CFrame.new(-7.450580596923828e-08, -0.00012230873107910156, -0.00007743963942630216, 1, -1.4156104555240745e-07, -8.195636524988004e-08, 1.1920928955078125e-07, 0.52375328540802, 0.8518694639205933, -9.685754776000977e-08, -0.8518701195716858, 0.5237542390823364),
            ["LeftUpperLeg"] = CFrame.new(-2.980232238769531e-07, 6.324844434857368e-07, -4.0978193283081055e-08, 0.8702918291091919, 0.48551180958747864, -0.08288490772247314, -0.43119069933891296, 0.6696988344192505, -0.6046310663223267, -0.23804795742034912, 0.5619446039199829, 0.7921814322471619),
            ["LeftLowerLeg"] = CFrame.new(-1.1920928955078125e-07, 0.0001227855682373047, 0.00007742643356323242, 1, 1.49011640360186e-07, 1.1175866632129328e-07, -5.960464477539063e-08, 0.5425654649734497, 0.8400132060050964, 9.685754776000977e-08, -0.8400135636329651, 0.5425660610198975),
        }},
        {Time = 0.100, Data = {
            ["RightFoot"] = CFrame.new(5.4016709327697754e-08, 2.980232238769531e-07, -5.75528247281909e-09, 0.9965329766273499, 0.08120746165513992, -0.018094759434461594, -0.08028829097747803, 0.8816304802894592, -0.4650602340698242, -0.02181328274309635, 0.46490105986595154, 0.885094165802002),
            ["LeftLowerArm"] = CFrame.new(-0.000002652406692504883, 0.0000016689300537109375, 3.650784492492676e-07, 1, -1.1920923270736239e-07, 7.450581307466564e-08, 9.685756197086448e-08, 0.3434908092021942, -0.9391561150550842, 5.960465188081798e-08, 0.9391560554504395, 0.34349074959754944),
            ["RightUpperArm"] = CFrame.new(0, 2.384185791015625e-07, 2.2351741790771484e-08, 0.5552292466163635, -0.2568877339363098, 0.7910304665565491, 0.5229685306549072, 0.8473846912384033, -0.09188617765903473, -0.6467026472091675, 0.46470192074775696, 0.6048370003700256),
            ["Head"] = CFrame.new(1.7206184566020966e-07, 0.0000013113021850585938, -1.6763806343078613e-07, 0.967958390712738, 0.04757530242204666, -0.24656270444393158, -0.06694775819778442, 0.9952422380447388, -0.07078816741704941, 0.24202167987823486, 0.0850268229842186, 0.9665381908416748),
            ["RightHand"] = CFrame.new(-3.2782554626464844e-07, -1.1920928955078125e-07, 5.699694156646729e-07, 0.6535221338272095, -0.18549847602844238, -0.733825147151947, 0.2463805079460144, 0.9688380360603333, -0.025486662983894348, 0.7156854271888733, -0.1641441434621811, 0.6788601875305176),
            ["UpperTorso"] = CFrame.new(1.126900315284729e-07, 0.0000015795230865478516, 1.3271346688270569e-08, 0.9969126582145691, 0.05598130077123642, 0.05505839362740517, -0.06271952390670776, 0.9896017909049988, 0.1294398009777069, -0.04723970592021942, -0.13249342143535614, 0.9900575876235962),
            ["HumanoidRootPart"] = CFrame.new(0, 0, 0, 1, 0, 0, 0, 1, 0, 0, 0, 1),
            ["RightUpperLeg"] = CFrame.new(6.556510925292969e-07, -2.598389983177185e-07, -2.848173608072102e-07, 0.7695043087005615, -0.36760321259498596, -0.5222365260124207, 0.05900057032704353, 0.85515296459198, -0.5150076746940613, 0.6359103322029114, 0.3654877543449402, 0.6797325015068054),
            ["LeftUpperArm"] = CFrame.new(5.960464477539063e-08, 1.1920928955078125e-07, -1.3783574104309082e-07, 0.6769958138465881, 0.38341039419174194, -0.6282302737236023, -0.31636735796928406, 0.922304630279541, 0.22195954620838165, 0.6645212173461914, 0.048485904932022095, 0.7456947565078735),
            ["RightLowerArm"] = CFrame.new(-7.748603820800781e-07, 0.0000010728836059570312, 2.2351741790771484e-08, 1, -4.842878098543224e-08, 6.891789183782748e-08, 1.1920931797249068e-07, -0.04444735124707222, -0.9990118145942688, 1.2479725342018355e-07, 0.9990118145942688, -0.04444735497236252),
            ["LeftHand"] = CFrame.new(8.344650268554688e-07, -1.1920928955078125e-07, 5.066394805908203e-07, 0.8141844868659973, 0.11813022941350937, 0.5684618949890137, -0.2442459762096405, 0.9579222798347473, 0.15076085925102234, -0.526732861995697, -0.26159167289733887, 0.8087782859802246),
            ["LeftFoot"] = CFrame.new(-4.0978193283081055e-08, 5.960464477539063e-08, 4.842877388000488e-08, 0.9572277665138245, -0.2825998067855835, -0.06206625699996948, 0.2736351490020752, 0.953914225101471, -0.12317381799221039, 0.09401503205299377, 0.100921131670475, 0.9904423952102661),
            ["LowerTorso"] = CFrame.new(0.03388306125998497, -0.27558910846710205, -0.18224632740020752, 0.9661714434623718, -0.055880676954984665, 0.25177428126335144, 0.06266287714242935, 0.9978539943695068, -0.01899445243179798, -0.25017258524894714, 0.03412879258394241, 0.967599630355835),
            ["RightLowerLeg"] = CFrame.new(3.725290298461914e-08, -0.00012230873107910156, -0.00007742473826510832, 1, -8.940694584680386e-08, -1.043081283569336e-07, 1.1920928955078125e-07, 0.47691506147384644, 0.8789492249488831, -1.0803341865539551e-07, -0.8789493441581726, 0.47691550850868225),
            ["LeftUpperLeg"] = CFrame.new(-4.172325134277344e-07, 3.952300176024437e-07, -3.3527612686157227e-08, 0.8438980579376221, 0.5259873867034912, -0.10570238530635834, -0.46812787652015686, 0.6256654262542725, -0.6240194439888, -0.2620924115180969, 0.576090395450592, 0.7742266058921814),
            ["LeftLowerLeg"] = CFrame.new(0, 0.0001227855682373047, 0.00007738173007965088, 1, 1.0430816388407038e-07, 8.940690321423972e-08, 5.960464477539063e-08, 0.5742284655570984, 0.8186949491500854, 5.21540641784668e-08, -0.8186951875686646, 0.5742287039756775),
        }},
        {Time = 0.133, Data = {
            ["RightFoot"] = CFrame.new(-1.862645149230957e-08, 4.172325134277344e-07, -8.77116690389812e-08, 0.9950008988380432, 0.09915339201688766, 0.01191052608191967, -0.08030775934457779, 0.8653168082237244, -0.4947499930858612, -0.05936253070831299, 0.49132025241851807, 0.8689537048339844),
            ["LeftLowerArm"] = CFrame.new(-0.000002294778823852539, 0.0000013113021850585938, -2.086162567138672e-07, 1, -8.940694584680386e-08, 1.0430816388407038e-07, 8.940698137394065e-08, 0.2706516683101654, -0.9626773595809937, 8.195639367158947e-08, 0.9626773595809937, 0.270651638507843),
            ["RightUpperArm"] = CFrame.new(0, 2.384185791015625e-07, 8.195638656616211e-08, 0.6497294902801514, -0.5411990284919739, 0.5338119268417358, 0.6588244438171387, 0.7512179613113403, -0.04027489200234413, -0.379212349653244, 0.37785613536834717, 0.8446436524391174),
            ["Head"] = CFrame.new(2.0116567611694336e-07, 7.152557373046875e-07, -1.564621925354004e-07, 0.9697186350822449, 0.06946626305580139, -0.23413725197315216, -0.09084274619817734, 0.9925021529197693, -0.08177471905946732, 0.22670112550258636, 0.10056818276643753, 0.9687582850456238),
            ["RightHand"] = CFrame.new(2.9802322387695312e-08, 1.1920928955078125e-07, 2.60770320892334e-07, 0.5605396628379822, -0.13741618394851685, -0.8166468739509583, 0.13879528641700745, 0.9877767562866211, -0.07094403356313705, 0.8164135813713074, -0.07357978075742722, 0.5727607607841492),
            ["UpperTorso"] = CFrame.new(6.146728992462158e-08, 0.000001519918441772461, 2.6309862732887268e-08, 0.9981468915939331, 0.05796792730689049, 0.018509287387132645, -0.059970542788505554, 0.9886521100997925, 0.1377338171005249, -0.010315156541764736, -0.13858862221240997, 0.9902963042259216),
            ["HumanoidRootPart"] = CFrame.new(0, 0, 0, 1, 0, 0, 0, 1, 0, 0, 0, 1),
            ["RightUpperLeg"] = CFrame.new(4.76837158203125e-07, -2.691522240638733e-07, -2.2148742573335767e-07, 0.7290313243865967, -0.3951132595539093, -0.5589264035224915, 0.07012946903705597, 0.8553903698921204, -0.5132151246070862, 0.6808783411979675, 0.33495229482650757, 0.6513152718544006),
            ["LeftUpperArm"] = CFrame.new(1.7881393432617188e-07, -3.5762786865234375e-07, -1.0058283805847168e-07, 0.7160421013832092, 0.4030357003211975, -0.5699527263641357, -0.3031439185142517, 0.9150106310844421, 0.26619431376457214, 0.6287984848022461, -0.01782863773405552, 0.7773638367652893),
            ["RightLowerArm"] = CFrame.new(5.960464477539063e-08, 0.0000013113021850585938, 8.940696716308594e-08, 1, -1.1920921849650767e-07, 1.1175872316471214e-07, 2.980232594040899e-08, -0.37881726026535034, -0.9254714846611023, 8.195639367158947e-08, 0.9254714846611023, -0.3788173794746399),
            ["LeftHand"] = CFrame.new(5.066394805908203e-07, 0, 4.470348358154297e-07, 0.8604103922843933, 0.16672906279563904, 0.4815552532672882, -0.2578679621219635, 0.9574992656707764, 0.12922559678554535, -0.43954312801361084, -0.23536476492881775, 0.8668363690376282),
            ["LeftFoot"] = CFrame.new(7.450580596923828e-09, 5.960464477539063e-08, -1.0617077350616455e-07, 0.966079831123352, -0.2562747001647949, 0.03182397037744522, 0.2578172981739044, 0.9642128348350525, -0.061841901391744614, -0.014836153015494347, 0.06794902682304382, 0.997578501701355),
            ["LowerTorso"] = CFrame.new(0.023131491616368294, -0.30876219272613525, -0.201078861951828, 0.9586464762687683, -0.07136593759059906, 0.2755066156387329, 0.08105777204036713, 0.9964219331741333, -0.02393830567598343, -0.2728124260902405, 0.045280322432518005, 0.9610010981559753),
            ["RightLowerLeg"] = CFrame.new(1.1920928955078125e-07, -0.0001226663589477539, -0.00007749924407107756, 1, -1.0430809993522416e-07, -4.8428763221863846e-08, 1.1920928955078125e-07, 0.4345795512199402, 0.9006329774856567, -1.1920928955078125e-07, -0.9006334543228149, 0.4345804750919342),
            ["LeftUpperLeg"] = CFrame.new(-2.384185791015625e-07, 4.784669727087021e-07, -5.587935447692871e-08, 0.8131678104400635, 0.5662916898727417, -0.13442902266979218, -0.5171253085136414, 0.5969633460044861, -0.6133654713630676, -0.2670946717262268, 0.5682854652404785, 0.7782748937606812),
            ["LeftLowerLeg"] = CFrame.new(3.129243850708008e-07, 0.0001227259635925293, 0.00007729232311248779, 1, 5.960465898624534e-08, -4.470345160711986e-08, -1.043081283569336e-07, 0.6438886523246765, 0.7651185989379883, -1.4901161193847656e-08, -0.765119194984436, 0.6438894271850586),
        }},
        {Time = 0.167, Data = {
            ["RightFoot"] = CFrame.new(5.587935447692871e-08, 2.384185791015625e-07, -4.300818545743823e-08, 0.9919013381004333, 0.12149767577648163, 0.03701561689376831, -0.08579637855291367, 0.8558402061462402, -0.5100753307342529, -0.09365246444940567, 0.5027682185173035, 0.8593329787254333),
            ["LeftLowerArm"] = CFrame.new(-0.0000017285346984863281, 0.0000011324882507324219, 0, 1, -1.3411040811206476e-07, 5.960465898624534e-08, 5.960465188081798e-08, 0.16369208693504333, -0.9865114688873291, 1.1175872316471214e-07, 0.9865115284919739, 0.16369204223155975),
            ["RightUpperArm"] = CFrame.new(-1.1920928955078125e-07, 4.76837158203125e-07, -5.029141902923584e-08, 0.5221602916717529, -0.8095840215682983, 0.2681836187839508, 0.850823163986206, 0.516148030757904, -0.09844347089529037, -0.058724284172058105, 0.27958011627197266, 0.9583247900009155),
            ["Head"] = CFrame.new(1.7881393432617188e-07, 0.0000011920928955078125, -1.8812716007232666e-07, 0.9741366505622864, 0.08983303606510162, -0.20733538269996643, -0.10723801702260971, 0.9914553761482239, -0.07427118718624115, 0.19889171421527863, 0.09458452463150024, 0.9754464626312256),
            ["RightHand"] = CFrame.new(7.450580596923828e-07, -1.7881393432617188e-07, 2.2351741790771484e-07, 0.4845521152019501, -0.05423072353005409, -0.873079776763916, -0.02966298535466194, 0.9964838624000549, -0.07835859060287476, 0.8742592930793762, 0.0638669803738594, 0.48123982548713684),
            ["UpperTorso"] = CFrame.new(8.195638656616211e-08, 0.0000019371509552001953, 2.7008354663848877e-08, 0.9980665445327759, 0.05988144129514694, -0.016653914004564285, -0.05725376680493355, 0.9900407791137695, 0.12861287593841553, 0.02418951503932476, -0.12741072475910187, 0.9915550351142883),
            ["HumanoidRootPart"] = CFrame.new(0, 0, 0, 1, 0, 0, 0, 1, 0, 0, 0, 1),
            ["RightUpperLeg"] = CFrame.new(3.5762786865234375e-07, -4.4517219066619873e-07, -2.550150384195149e-07, 0.6970958709716797, -0.4191252291202545, -0.5817139148712158, 0.08290103822946548, 0.8530178070068359, -0.5152555704116821, 0.7121691107749939, 0.31095752120018005, 0.6293811798095703),
            ["LeftUpperArm"] = CFrame.new(-1.1920928955078125e-07, 0, -1.1734664440155029e-07, 0.7562049031257629, 0.4357030987739563, -0.488177090883255, -0.29985442757606506, 0.8938673138618469, 0.3332997262477875, 0.5815852284431458, -0.10566089302301407, 0.8065943717956543),
            ["RightLowerArm"] = CFrame.new(0.0000019669532775878906, 8.344650268554688e-07, 4.4517219066619873e-07, 1, -1.043081283569336e-07, 1.0430815677864302e-07, 6.705522537231445e-08, -0.5444298386573792, -0.8388063907623291, 1.7695128917694092e-07, 0.8388063907623291, -0.5444297790527344),
            ["LeftHand"] = CFrame.new(8.940696716308594e-08, -2.384185791015625e-07, 4.76837158203125e-07, 0.9020531177520752, 0.17133183777332306, 0.39616355299949646, -0.24293044209480286, 0.9601942300796509, 0.13788333535194397, -0.3567700982093811, -0.220618337392807, 0.9077679514884949),
            ["LeftFoot"] = CFrame.new(1.4901161193847656e-07, 0, 1.501757651567459e-07, 0.9450259804725647, -0.30649223923683167, 0.11396446824073792, 0.3058409094810486, 0.951790452003479, 0.023601679131388664, -0.11570341140031815, 0.012550623156130314, 0.9932044744491577),
            ["LowerTorso"] = CFrame.new(0.0015413463115692139, -0.3330646753311157, -0.21970003843307495, 0.953871488571167, -0.08598371595144272, 0.2876385748386383, 0.09588569402694702, 0.9951815009117126, -0.02048833668231964, -0.2844909131526947, 0.04712366312742233, 0.9575199484825134),
            ["RightLowerLeg"] = CFrame.new(-2.9802322387695312e-08, -0.00012254714965820312, -0.00007761845336062834, 1, -1.1920928955078125e-07, -1.1175868053214799e-07, 1.1175869474300271e-07, 0.40945443511009216, 0.912330150604248, -6.70552182668871e-08, -0.9123306274414062, 0.40945544838905334),
            ["LeftUpperLeg"] = CFrame.new(-1.7881393432617188e-07, 6.33997842669487e-07, 1.1175870895385742e-08, 0.7903710007667542, 0.58562171459198, -0.17988936603069305, -0.5698333978652954, 0.5949319005012512, -0.5668750405311584, -0.22495290637016296, 0.550548255443573, 0.8039232492446899),
            ["LeftLowerLeg"] = CFrame.new(8.940696716308594e-08, 0.00012284517288208008, 0.00007772445678710938, 1, 1.4901168299275014e-08, 1.0663635663377136e-07, -2.980232594040899e-08, 0.7198785543441772, 0.6940996646881104, 3.725290653733282e-08, -0.6941001415252686, 0.7198790311813354),
        }},
        {Time = 0.200, Data = {
            ["RightFoot"] = CFrame.new(-2.60770320892334e-08, 2.980232238769531e-07, 1.6952981241047382e-09, 0.9868677258491516, 0.14933764934539795, 0.061566539108753204, -0.09667698293924332, 0.8514025211334229, -0.5155264139175415, -0.12940534949302673, 0.5028042197227478, 0.8546590209007263),
            ["LeftLowerArm"] = CFrame.new(-0.000002562999725341797, 0.0000016093254089355469, 1.825392246246338e-07, 1, -1.1175869474300271e-07, 7.450580596923828e-08, 1.192093321833454e-07, 0.018831169232726097, -0.9998226761817932, 9.685758328714655e-08, 0.999822735786438, 0.018831178545951843),
            ["RightUpperArm"] = CFrame.new(-1.1920928955078125e-07, 1.1920928955078125e-07, 7.82310962677002e-08, 0.1760414093732834, -0.9817098379135132, 0.07249333709478378, 0.9339301586151123, 0.14329122006893158, -0.3274785280227661, 0.31110113859176636, 0.12535353004932404, 0.9420735836029053),
            ["Head"] = CFrame.new(2.3096799850463867e-07, 0.0000010728836059570312, -7.82310962677002e-08, 0.9789489507675171, 0.1041223555803299, -0.17554976046085358, -0.11340679973363876, 0.9925878047943115, -0.0436849519610405, 0.16969984769821167, 0.06267387419939041, 0.9835009574890137),
            ["RightHand"] = CFrame.new(4.6193599700927734e-07, -1.1920928955078125e-07, 3.129243850708008e-07, 0.3818586468696594, 0.10560155659914017, -0.9181678891181946, -0.2537778615951538, 0.9672457575798035, 0.005701899062842131, 0.8886960744857788, 0.230833500623703, 0.39615049958229065),
            ["UpperTorso"] = CFrame.new(3.725290298461914e-08, 0.0000016093254089355469, 3.725290298461914e-09, 0.9969828128814697, 0.05592004209756851, -0.05383484438061714, -0.05014292150735855, 0.9933902621269226, 0.10325514525175095, 0.05925307422876358, -0.10024416446685791, 0.9931970238685608),
            ["HumanoidRootPart"] = CFrame.new(0, 0, 0, 1, 0, 0, 0, 1, 0, 0, 0, 1),
            ["RightUpperLeg"] = CFrame.new(4.172325134277344e-07, -1.4901161193847656e-08, -2.9599323170259595e-07, 0.6711846590042114, -0.45082417130470276, -0.5884460210800171, 0.10442502796649933, 0.843398928642273, -0.5270428657531738, 0.7338983416557312, 0.2922942042350769, 0.613153338432312),
            ["LeftUpperArm"] = CFrame.new(1.1920928955078125e-07, -1.1920928955078125e-07, -1.4528632164001465e-07, 0.7933195233345032, 0.47826623916625977, -0.3767037093639374, -0.3115334212779999, 0.8505184054374695, 0.4237516522407532, 0.5230594873428345, -0.21881455183029175, 0.823728621006012),
            ["RightLowerArm"] = CFrame.new(1.7881393432617188e-07, 5.960464477539062e-07, 4.172325134277344e-07, 1, -7.450574912581942e-08, 1.2665985593685036e-07, 5.960463766996327e-08, -0.5731802582740784, -0.8194292783737183, 1.341104365337742e-07, 0.8194292783737183, -0.5731803774833679),
            ["LeftHand"] = CFrame.new(3.427267074584961e-07, 1.1920928955078125e-07, 6.258487701416016e-07, 0.9218372702598572, 0.11944789439439774, 0.3687116205692291, -0.19390620291233063, 0.9658417105674744, 0.17190176248550415, -0.33558377623558044, -0.22996096312999725, 0.9135106205940247),
            ["LeftFoot"] = CFrame.new(-1.862645149230957e-08, 5.960464477539063e-08, 2.2817403078079224e-08, 0.874550461769104, -0.4582154452800751, 0.1587437391281128, 0.44698387384414673, 0.8886436223983765, 0.1025603711605072, -0.18806111812591553, -0.01873813197016716, 0.9819785952568054),
            ["LowerTorso"] = CFrame.new(-0.030978303402662277, -0.3474849462509155, -0.2379780113697052, 0.9517730474472046, -0.09125056117773056, 0.29291895031929016, 0.098691925406456, 0.9950606226921082, -0.010693971067667007, -0.29049625992774963, 0.03908696398139, 0.956077516078949),
            ["RightLowerLeg"] = CFrame.new(-4.470348358154297e-08, -0.0001220703125, -0.00007764825568301603, 1, -9.685753354915505e-08, -2.2351736461700966e-08, 1.7881390590446244e-07, 0.39612188935279846, 0.9181976914405823, -6.70552182668871e-08, -0.9181979894638062, 0.396122545003891),
            ["LeftUpperLeg"] = CFrame.new(-2.980232238769531e-07, 6.901100277900696e-07, -1.6763806343078613e-08, 0.7752471566200256, 0.5819082856178284, -0.24571171402931213, -0.617838442325592, 0.6176398992538452, -0.4866182804107666, -0.13140586018562317, 0.5290593504905701, 0.8383486866950989),
            ["LeftLowerLeg"] = CFrame.new(1.7881393432617188e-07, 0.0001227855682373047, 0.00007743388414382935, 1, 8.195641498787154e-08, 5.122269897128717e-08, -7.450580596923828e-08, 0.7777054309844971, 0.6286284327507019, 1.4901161193847656e-08, -0.6286289095878601, 0.777705729007721),
        }},
        {Time = 0.233, Data = {
            ["RightFoot"] = CFrame.new(-4.470348358154297e-08, 2.384185791015625e-07, -8.77116690389812e-08, 0.9831637144088745, 0.16890516877174377, 0.06971558183431625, -0.11035984009504318, 0.8529589176177979, -0.5101782083511353, -0.14563624560832977, 0.4938950836658478, 0.8572385907173157),
            ["LeftLowerArm"] = CFrame.new(-0.000002562999725341797, 0.0000014901161193847656, 6.556510925292969e-07, 1, -8.940694584680386e-08, 8.940699558479537e-08, 1.639128583974525e-07, -0.17877691984176636, -0.983889639377594, 7.450584149637507e-08, 0.9838896989822388, -0.17877691984176636),
            ["RightUpperArm"] = CFrame.new(-1.1920928955078125e-07, 4.76837158203125e-07, 7.450580596923828e-09, -0.10853271186351776, -0.9897399544715881, 0.0929269790649414, 0.8225237727165222, -0.14190557599067688, -0.5507428050041199, 0.5582788586616516, 0.016661038622260094, 0.8294859528541565),
            ["Head"] = CFrame.new(2.2724270820617676e-07, 0.0000010728836059570312, -1.6763806343078613e-07, 0.9801278710365295, 0.10574298352003098, -0.1678328961133957, -0.10965324938297272, 0.9938688278198242, -0.014178169891238213, 0.16530466079711914, 0.03229987248778343, 0.985713541507721),
            ["RightHand"] = CFrame.new(-5.550682544708252e-07, 5.364418029785156e-07, 2.980232238769531e-07, 0.3493967354297638, 0.2709134519100189, -0.8969547748565674, -0.4154945909976959, 0.902817964553833, 0.1108340471982956, 0.839813232421875, 0.33395475149154663, 0.4280046224594116),
            ["UpperTorso"] = CFrame.new(6.705522537231445e-08, 0.0000019073486328125, -9.872019290924072e-08, 0.9970558881759644, 0.04030095040798187, -0.06523437052965164, -0.03538797050714493, 0.9965712428092957, 0.0747905820608139, 0.06802484393119812, -0.07226187735795975, 0.9950632452964783),
            ["HumanoidRootPart"] = CFrame.new(0, 0, 0, 1, 0, 0, 0, 1, 0, 0, 0, 1),
            ["RightUpperLeg"] = CFrame.new(5.960464477539062e-07, -3.8370490074157715e-07, -2.8202339308336377e-07, 0.6641387939453125, -0.4769340455532074, -0.5757200717926025, 0.13144057989120483, 0.8325761556625366, -0.5380899310112, 0.7359640598297119, 0.2816929519176483, 0.6156343221664429),
            ["LeftUpperArm"] = CFrame.new(2.384185791015625e-07, -2.384185791015625e-07, -1.341104507446289e-07, 0.7979797720909119, 0.5476692318916321, -0.25156837701797485, -0.38619598746299744, 0.7851170301437378, 0.4841941297054291, 0.4626888632774353, -0.2892223596572876, 0.8380151987075806),
            ["RightLowerArm"] = CFrame.new(-9.238719940185547e-07, 0.0000013113021850585938, 6.258487701416016e-07, 1, -8.940693874137651e-08, 1.4342373333420255e-07, 8.195640788244418e-08, -0.46715664863586426, -0.884174644947052, 2.0395968647335394e-07, 0.8841745853424072, -0.46715667843818665),
            ["LeftHand"] = CFrame.new(2.8312206268310547e-07, -1.1920928955078125e-07, 1.9371509552001953e-07, 0.8390666246414185, -0.03460625186562538, 0.5429269671440125, -0.08808787167072296, 0.9761636257171631, 0.19835622608661652, -0.5368497967720032, -0.21425935626029968, 0.8160178065299988),
            ["LeftFoot"] = CFrame.new(-7.078051567077637e-08, -1.1920928955078125e-07, 8.381903171539307e-08, 0.8483911752700806, -0.49479159712791443, 0.18818454444408417, 0.4930236339569092, 0.8679807186126709, 0.05947927013039589, -0.19276989996433258, 0.0423177070915699, 0.9803310036659241),
            ["LowerTorso"] = CFrame.new(-0.060532767325639725, -0.34164416790008545, -0.25133615732192993, 0.9544875025749207, -0.07816387712955475, 0.2878265976905823, 0.0835370197892189, 0.9964840412139893, -0.006413495168089867, -0.2863132953643799, 0.030165772885084152, 0.9576610922813416),
            ["RightLowerLeg"] = CFrame.new(-2.9802322387695312e-08, -0.00012230873107910156, -0.00007740983710391447, 1, -1.6391271628890536e-07, 7.450579175838357e-08, 1.937150670983101e-07, 0.4027486741542816, 0.9153103232383728, -6.70552182668871e-08, -0.9153106212615967, 0.4027494490146637),
            ["LeftUpperLeg"] = CFrame.new(-4.172325134277344e-07, 3.611203283071518e-07, -7.916241884231567e-08, 0.7888281345367432, 0.5654762983322144, -0.24080407619476318, -0.6063259243965149, 0.6518501043319702, -0.45547857880592346, -0.1005941778421402, 0.5053000450134277, 0.8570605516433716),
            ["LeftLowerLeg"] = CFrame.new(4.470348358154297e-08, 0.00012254714965820312, 0.00007732957601547241, 1, 8.195643630415361e-08, 1.8626433728741176e-09, -3.725290298461914e-08, 0.7861855030059814, 0.6179900169372559, -2.60770320892334e-08, -0.6179907321929932, 0.7861858606338501),
        }},
        {Time = 0.267, Data = {
            ["RightFoot"] = CFrame.new(1.4901161193847656e-07, 4.76837158203125e-07, -3.55576048605144e-08, 0.9797624349594116, 0.18832407891750336, 0.06782134622335434, -0.13130886852741241, 0.8604440093040466, -0.49233582615852356, -0.15107524394989014, 0.47346624732017517, 0.867759108543396),
            ["LeftLowerArm"] = CFrame.new(-0.0000025033950805664062, 0.0000019073486328125, 2.421438694000244e-07, 1, -7.450577044210149e-08, 1.1920931797249068e-07, 9.685756197086448e-08, -0.322811484336853, -0.9464632868766785, 1.2293459406009788e-07, 0.9464632272720337, -0.3228115737438202),
            ["RightUpperArm"] = CFrame.new(-5.960464477539063e-08, 5.960464477539062e-07, 4.470348358154297e-08, -0.3162475526332855, -0.9268062114715576, 0.2025286704301834, 0.6633724570274353, -0.36865514516830444, -0.6511763334274292, 0.6781774163246155, -0.07158093899488449, 0.7314037680625916),
            ["Head"] = CFrame.new(1.94646418094635e-07, 0.000001430511474609375, -1.1920928955078125e-07, 0.9817302823066711, 0.09107992053031921, -0.16706299781799316, -0.0898396447300911, 0.9958435893058777, 0.014982517808675766, 0.16773317754268646, 0.0003000955912284553, 0.9858323931694031),
            ["RightHand"] = CFrame.new(1.1920928955078125e-07, -2.384185791015625e-07, 2.9802322387695312e-08, 0.28953075408935547, 0.42762619256973267, -0.8563339710235596, -0.5328332185745239, 0.8152214288711548, 0.22694218158721924, 0.7951483130455017, 0.39057645201683044, 0.4638851284980774),
            ["UpperTorso"] = CFrame.new(5.21540641784668e-08, 0.000002115964889526367, -2.2584572434425354e-08, 0.9984164834022522, 0.02414737455546856, -0.05080866813659668, -0.022140052169561386, 0.9989661574363708, 0.03970564901828766, 0.05171491950750351, -0.03851786255836487, 0.9979188442230225),
            ["HumanoidRootPart"] = CFrame.new(0, 0, 0, 1, 0, 0, 0, 1, 0, 0, 0, 1),
            ["RightUpperLeg"] = CFrame.new(4.76837158203125e-07, 4.624016582965851e-07, -3.6351411836221814e-07, 0.665259838104248, -0.5049158930778503, -0.5499900579452515, 0.16450002789497375, 0.8176712393760681, -0.5516829490661621, 0.7282644510269165, 0.2765387296676636, 0.627022385597229),
            ["LeftUpperArm"] = CFrame.new(3.5762786865234375e-07, 0, -1.6391277313232422e-07, 0.7791500687599182, 0.6051284670829773, -0.16353875398635864, -0.4638004004955292, 0.7320383191108704, 0.4990081489086151, 0.42168059945106506, -0.31295278668403625, 0.8510263562202454),
            ["RightLowerArm"] = CFrame.new(0, 1.1920928955078125e-07, 2.8312206268310547e-07, 1, -1.1175869474300271e-07, 1.3411046495548362e-07, 6.705523247774181e-08, -0.2561527490615845, -0.9666364192962646, 5.960465188081798e-08, 0.9666363000869751, -0.25615280866622925),
            ["LeftHand"] = CFrame.new(4.6193599700927734e-07, 5.960464477539063e-08, 5.587935447692871e-07, 0.6809964776039124, -0.04563106596469879, 0.730863630771637, -0.05904151126742363, 0.9913860559463501, 0.11690978705883026, -0.7299026846885681, -0.1227664053440094, 0.6724362969398499),
            ["LeftFoot"] = CFrame.new(2.9802322387695312e-08, -5.960464477539063e-08, -7.636845111846924e-08, 0.8504997491836548, -0.47874560952186584, 0.21783669292926788, 0.4785037934780121, 0.8762050271034241, 0.05743878334760666, -0.21836739778518677, 0.05538385733962059, 0.97429358959198),
