return {
    Saul = {
        [1] = {Time = 0.000, Data = {
            ["LeftLowerArm"] = CFrame.new(0.0000012218952178955078, -0.0000014901161193847656, 0.0000042143419705098495, 1, -3.8373229926946806e-08, 3.1213858164846897e-09, 4.0334441564482404e-08, 0.999998152256012, -0.0019207310397177935, -3.0393323413591133e-09, 0.001920730690471828, 0.9999982118606567),
            ["LeftFoot"] = CFrame.new(8.552685670792926e-09, -0.0000010132789611816406, -1.0743974598881323e-08, 0.9990621209144592, -0.030799616128206253, 0.030434204265475273, 0.03430663421750069, 0.9918934106826782, -0.12235968559980392, -0.026419958099722862, 0.12328367680311203, 0.9920191168785095),
            ["RightHand"] = CFrame.new(6.240734364837408e-07, 1.1920928955078125e-07, -8.493661880493164e-07, 0.9993929862976074, 0.034667350351810455, -0.003458388615399599, -0.0347013883292675, 0.9993444681167603, -0.01032465323805809, 0.003098193323239684, 0.01043839380145073, 0.9999407529830933),
            ["HumanoidRootPart"] = CFrame.new(0, 0, 0, 1, 0, 0, 0, 1, 0, 0, 0, 1),
            ["CamPart"] = CFrame.new(-0.06128344312310219, 2.5426716804504395, -4.59189510345459, -1, 2.4600340617656966e-14, 1.5099580252808664e-07, 1.6940652886634255e-21, 1, -1.6292068494294654e-07, -1.5099580252808664e-07, -1.6292068494294654e-07, -1),
            ["RightLowerLeg"] = CFrame.new(-8.050119504332542e-08, -0.0007264614105224609, 0.00004609168536262587, 1, 1.1816160494504402e-08, -6.979102096238421e-08, 1.5832483768463135e-08, 0.9386253952980042, 0.34493833780288696, 6.973277777433395e-08, -0.3449384272098541, 0.9386254549026489),
            ["RightFoot"] = CFrame.new(2.9188123562562396e-07, 0.0000011920928955078125, 4.18804120272398e-08, 0.9999718070030212, -0.005342640448361635, 0.005279770586639643, 0.0059593538753688335, 0.9921759366989136, -0.1247025579214096, -0.004572125151753426, 0.1247330754995346, 0.9921801090240479),
            ["LeftLowerLeg"] = CFrame.new(2.514570951461792e-08, -0.0007266998291015625, 0.00008098967373371124, 1, 8.428463615928194e-08, -2.405138559424813e-07, 8.847560906133367e-09, 0.9403257966041565, 0.34027597308158875, 2.4726605829528125e-07, -0.3402756452560425, 0.9403256773948669),
            ["RightUpperArm"] = CFrame.new(-0.029202580451965332, -0.02388620376586914, 0.0649661272764206, 0.9994818568229675, -0.03210258483886719, 0.00233707414008677, 0.032111600041389465, 0.9994765520095825, -0.0039278860203921795, -0.002209755824878812, 0.0040008979849517345, 0.9999895691871643),
            ["Head"] = CFrame.new(-6.148532754780161e-17, -7.152557373046875e-07, 0, 1, 0, -3.552713339987322e-14, -1.4210856409267898e-14, 1, -1.1920928955078125e-07, 6.394884621840902e-14, 0, 1),
            ["UpperTorso"] = CFrame.new(-2.835298265937145e-16, -2.384185791015625e-07, 0, 1, 0, 8.470329472543003e-22, 0, 1, 0, -8.470329472543003e-22, 0, 1),
            ["LeftUpperArm"] = CFrame.new(0.02920234203338623, -0.023888349533081055, 0.06496521830558777, 0.9995253682136536, 0.030808348208665848, 8.777873006238224e-08, -0.030808033421635628, 0.9995154142379761, 0.004464814905077219, 0.00013746578770224005, -0.004462697543203831, 0.9999901056289673),
            ["RightLowerArm"] = CFrame.new(5.960464477539062e-07, 1.1920928955078125e-07, -0.000004012603312730789, 1, -0.00001885480924102012, -0.00000420541618950665, 0.000018851478671422228, 0.9999972581863403, -0.0023737542796880007, 0.000004250134225003421, 0.0023737545125186443, 0.9999972581863403),
            ["LeftHand"] = CFrame.new(-0.0000011123029253212735, -0.0000013709068298339844, 4.5899651013314724e-07, 0.9997557401657104, -0.021680433303117752, 0.004299423191696405, 0.02170262672007084, 0.9997510313987732, -0.005183778237551451, -0.004185967147350311, 0.005275834817439318, 0.9999774098396301),
            ["LowerTorso"] = CFrame.new(1.5870124103756211e-09, -0.028243303298950195, 0.07115331292152405, 1, 0, 7.105423969469213e-15, 0, 1, 0, -7.105423969469213e-15, 0, 1),
            ["RightUpperLeg"] = CFrame.new(-5.960464477539063e-08, 0, -1.6952981241047382e-09, 0.9999718070030212, 0.004016499035060406, -0.006347278133034706, -0.005342551972717047, 0.9743067026138306, -0.2251649647951126, 0.005279701668769121, 0.22518983483314514, 0.9743000268936157),
            ["LeftUpperLeg"] = CFrame.new(5.960464477539063e-08, 0, -3.3861802251067274e-15, 0.9990620613098145, 0.023268919438123703, -0.03651575371623039, -0.030800307169556618, 0.9746535420417786, -0.2215845137834549, 0.030435528606176376, 0.2225063294172287, 0.9744572639465332)
        }},
        [2] = {Time = 0.033, Data = {
            ["LeftLowerArm"] = CFrame.new(0.0000012218952178955078, -0.0000014901161193847656, 0.0000042143419705098495, 1, -3.8373229926946806e-08, 3.1213858164846897e-09, 4.0334441564482404e-08, 0.999998152256012, -0.0019207310397177935, -3.0393323413591133e-09, 0.001920730690471828, 0.9999982118606567),
            ["LeftFoot"] = CFrame.new(8.552685670792926e-09, -0.0000010132789611816406, -1.0743974598881323e-08, 0.9990621209144592, -0.030799616128206253, 0.030434204265475273, 0.03430663421750069, 0.9918934106826782, -0.12235968559980392, -0.026419958099722862, 0.12328367680311203, 0.9920191168785095),
            ["RightHand"] = CFrame.new(6.240734364837408e-07, 1.1920928955078125e-07, -8.493661880493164e-07, 0.9993929862976074, 0.034667350351810455, -0.003458388615399599, -0.0347013883292675, 0.9993444681167603, -0.01032465323805809, 0.003098193323239684, 0.01043839380145073, 0.9999407529830933),
            ["HumanoidRootPart"] = CFrame.new(0, 0, 0, 1, 0, 0, 0, 1, 0, 0, 0, 1),
            ["CamPart"] = CFrame.new(-0.06224248185753822, 2.5426716804504395, -4.5904221534729, -1, -2.3369434859477067e-11, -0.0001434405567124486, -1.7347228555913477e-18, 1, -1.6292068494294654e-07, 0.0001434405567124486, -1.6292068494294654e-07, -1),
            ["RightLowerLeg"] = CFrame.new(-8.050119504332542e-08, -0.0007264614105224609, 0.00004609168536262587, 1, 1.1816160494504402e-08, -6.979102096238421e-08, 1.5832483768463135e-08, 0.9386253952980042, 0.34493833780288696, 6.973277777433395e-08, -0.3449384272098541, 0.9386254549026489),
            ["RightFoot"] = CFrame.new(2.9188123562562396e-07, 0.0000011920928955078125, 4.18804120272398e-08, 0.9999718070030212, -0.005342640448361635, 0.005279770586639643, 0.0059593538753688335, 0.9921759366989136, -0.1247025579214096, -0.004572125151753426, 0.1247330754995346, 0.9921801090240479),
            ["LeftLowerLeg"] = CFrame.new(2.514570951461792e-08, -0.0007266998291015625, 0.00008098967373371124, 1, 8.428463615928194e-08, -2.405138559424813e-07, 8.847560906133367e-09, 0.9403257966041565, 0.34027597308158875, 2.4726605829528125e-07, -0.3402756452560425, 0.9403256773948669),
            ["RightUpperArm"] = CFrame.new(-0.029202580451965332, -0.02388620376586914, 0.0649661272764206, 0.9994818568229675, -0.03210258483886719, 0.00233707414008677, 0.032111600041389465, 0.9994765520095825, -0.0039278860203921795, -0.002209755824878812, 0.0040008979849517345, 0.9999895691871643),
            ["Head"] = CFrame.new(-6.148532754780161e-17, -7.152557373046875e-07, 0, 1, 0, -3.552713339987322e-14, -1.4210856409267898e-14, 1, -1.1920928955078125e-07, 6.394884621840902e-14, 0, 1),
            ["UpperTorso"] = CFrame.new(-2.835298265937145e-16, -2.384185791015625e-07, 0, 1, 0, 8.470329472543003e-22, 0, 1, 0, -8.470329472543003e-22, 0, 1),
            ["LeftUpperArm"] = CFrame.new(0.02920234203338623, -0.023888349533081055, 0.06496521830558777, 0.9995253682136536, 0.030808348208665848, 8.777873006238224e-08, -0.030808033421635628, 0.9995154142379761, 0.004464814905077219, 0.00013746578770224005, -0.004462697543203831, 0.9999901056289673),
            ["RightLowerArm"] = CFrame.new(5.960464477539062e-07, 1.1920928955078125e-07, -0.000004012603312730789, 1, -0.00001885480924102012, -0.00000420541618950665, 0.000018851478671422228, 0.9999972581863403, -0.0023737542796880007, 0.000004250134225003421, 0.0023737545125186443, 0.9999972581863403),
            ["LeftHand"] = CFrame.new(-0.0000011123029253212735, -0.0000013709068298339844, 4.5899651013314724e-07, 0.9997557401657104, -0.021680433303117752, 0.004299423191696405, 0.02170262672007084, 0.9997510313987732, -0.005183778237551451, -0.004185967147350311, 0.005275834817439318, 0.9999774098396301),
            ["LowerTorso"] = CFrame.new(1.5870124103756211e-09, -0.028243303298950195, 0.07115331292152405, 1, 0, 7.105423969469213e-15, 0, 1, 0, -7.105423969469213e-15, 0, 1),
            ["RightUpperLeg"] = CFrame.new(-5.960464477539063e-08, 0, -1.6952981241047382e-09, 0.9999718070030212, 0.004016499035060406, -0.006347278133034706, -0.005342551972717047, 0.9743067026138306, -0.2251649647951126, 0.005279701668769121, 0.22518983483314514, 0.9743000268936157),
            ["LeftUpperLeg"] = CFrame.new(5.960464477539063e-08, 0, -3.3861802251067274e-15, 0.9990620613098145, 0.023268919438123703, -0.03651575371623039, -0.030800307169556618, 0.9746535420417786, -0.2215845137834549, 0.030435528606176376, 0.2225063294172287, 0.9744572639465332)
        }},
        [3] = {Time = 0.067, Data = {
            ["LeftLowerArm"] = CFrame.new(0.0000012218952178955078, -0.0000014901161193847656, 0.0000042143419705098495, 1, -3.8373229926946806e-08, 3.1213858164846897e-09, 4.0334441564482404e-08, 0.999998152256012, -0.0019207310397177935, -3.0393323413591133e-09, 0.001920730690471828, 0.9999982118606567),
            ["LeftFoot"] = CFrame.new(8.552685670792926e-09, -0.0000010132789611816406, -1.0743974598881323e-08, 0.9990621209144592, -0.030799616128206253, 0.030434204265475273, 0.03430663421750069, 0.9918934106826782, -0.12235968559980392, -0.026419958099722862, 0.12328367680311203, 0.9920191168785095),
            ["RightHand"] = CFrame.new(6.240734364837408e-07, 1.1920928955078125e-07, -8.493661880493164e-07, 0.9993929862976074, 0.034667350351810455, -0.003458388615399599, -0.0347013883292675, 0.9993444681167603, -0.01032465323805809, 0.003098193323239684, 0.01043839380145073, 0.9999407529830933),
            ["HumanoidRootPart"] = CFrame.new(0, 0, 0, 1, 0, 0, 0, 1, 0, 0, 0, 1),
            ["CamPart"] = CFrame.new(-0.06503868103027344, 2.5426716804504395, -4.586055278778076, -0.9999999403953552, -9.177251319991697e-11, -0.0005632957327179611, 0, 1, -1.6292069915380125e-07, 0.0005632957327179611, -1.629206565212371e-07, -0.9999999403953552),
            ["RightLowerLeg"] = CFrame.new(-8.050119504332542e-08, -0.0007264614105224609, 0.00004609168536262587, 1, 1.1816160494504402e-08, -6.979102096238421e-08, 1.5832483768463135e-08, 0.9386253952980042, 0.34493833780288696, 6.973277777433395e-08, -0.3449384272098541, 0.9386254549026489),
            ["RightFoot"] = CFrame.new(2.9188123562562396e-07, 0.0000011920928955078125, 4.18804120272398e-08, 0.9999718070030212, -0.005342640448361635, 0.005279770586639643, 0.0059593538753688335, 0.9921759366989136, -0.1247025579214096, -0.004572125151753426, 0.1247330754995346, 0.9921801090240479),
            ["LeftLowerLeg"] = CFrame.new(2.514570951461792e-08, -0.0007266998291015625, 0.00008098967373371124, 1, 8.428463615928194e-08, -2.405138559424813e-07, 8.847560906133367e-09, 0.9403257966041565, 0.34027597308158875, 2.4726605829528125e-07, -0.3402756452560425, 0.9403256773948669),
            ["RightUpperArm"] = CFrame.new(-0.029202580451965332, -0.02388620376586914, 0.0649661272764206, 0.9994818568229675, -0.03210258483886719, 0.00233707414008677, 0.032111600041389465, 0.9994765520095825, -0.0039278860203921795, -0.002209755824878812, 0.0040008979849517345, 0.9999895691871643),
            ["Head"] = CFrame.new(-6.148532754780161e-17, -7.152557373046875e-07, 0, 1, 0, -3.552713339987322e-14, -1.4210856409267898e-14, 1, -1.1920928955078125e-07, 6.394884621840902e-14, 0, 1),
            ["UpperTorso"] = CFrame.new(-2.835298265937145e-16, -2.384185791015625e-07, 0, 1, 0, 8.470329472543003e-22, 0, 1, 0, -8.470329472543003e-22, 0, 1),
            ["LeftUpperArm"] = CFrame.new(0.02920234203338623, -0.023888349533081055, 0.06496521830558777, 0.9995253682136536, 0.030808348208665848, 8.777873006238224e-08, -0.030808033421635628, 0.9995154142379761, 0.004464814905077219, 0.00013746578770224005, -0.004462697543203831, 0.9999901056289673),
            ["RightLowerArm"] = CFrame.new(5.960464477539062e-07, 1.1920928955078125e-07, -0.000004012603312730789, 1, -0.00001885480924102012, -0.00000420541618950665, 0.000018851478671422228, 0.9999972581863403, -0.0023737542796880007, 0.000004250134225003421, 0.0023737545125186443, 0.9999972581863403),
            ["LeftHand"] = CFrame.new(-0.0000011123029253212735, -0.0000013709068298339844, 4.5899651013314724e-07, 0.9997557401657104, -0.021680433303117752, 0.004299423191696405, 0.02170262672007084, 0.9997510313987732, -0.005183778237551451, -0.004185967147350311, 0.005275834817439318, 0.9999774098396301),
            ["LowerTorso"] = CFrame.new(1.5870124103756211e-09, -0.028243303298950195, 0.07115331292152405, 1, 0, 7.105423969469213e-15, 0, 1, 0, -7.105423969469213e-15, 0, 1),
            ["RightUpperLeg"] = CFrame.new(-5.960464477539063e-08, 0, -1.6952981241047382e-09, 0.9999718070030212, 0.004016499035060406, -0.006347278133034706, -0.005342551972717047, 0.9743067026138306, -0.2251649647951126, 0.005279701668769121, 0.22518983483314514, 0.9743000268936157),
            ["LeftUpperLeg"] = CFrame.new(5.960464477539063e-08, 0, -3.3861802251067274e-15, 0.9990620613098145, 0.023268919438123703, -0.03651575371623039, -0.030800307169556618, 0.9746535420417786, -0.2215845137834549, 0.030435528606176376, 0.2225063294172287, 0.9744572639465332)
        }},
        [4] = {Time = 0.100, Data = {
            ["LeftLowerArm"] = CFrame.new(0.0000012218952178955078, -0.0000014901161193847656, 0.0000042143419705098495, 1, -3.8373229926946806e-08, 3.1213858164846897e-09, 4.0334441564482404e-08, 0.999998152256012, -0.0019207310397177935, -3.0393323413591133e-09, 0.001920730690471828, 0.9999982118606567),
            ["LeftFoot"] = CFrame.new(8.552685670792926e-09, -0.0000010132789611816406, -1.0743974598881323e-08, 0.9990621209144592, -0.030799616128206253, 0.030434204265475273, 0.03430663421750069, 0.9918934106826782, -0.12235968559980392, -0.026419958099722862, 0.12328367680311203, 0.9920191168785095),
            ["RightHand"] = CFrame.new(6.240734364837408e-07, 1.1920928955078125e-07, -8.493661880493164e-07, 0.9993929862976074, 0.034667350351810455, -0.003458388615399599, -0.0347013883292675, 0.9993444681167603, -0.01032465323805809, 0.003098193323239684, 0.01043839380145073, 0.9999407529830933),
            ["HumanoidRootPart"] = CFrame.new(0, 0, 0, 1, 0, 0, 0, 1, 0, 0, 0, 1),
            ["CamPart"] = CFrame.new(-0.06955063343048096, 2.542672634124756, -4.57887077331543, -0.9999992251396179, -2.027089746059474e-10, -0.0012442187871783972, 0, 1, -1.6292068494294654e-07, 0.0012442187871783972, -1.629205570452541e-07, -0.9999992251396179),
            ["RightLowerLeg"] = CFrame.new(-8.050119504332542e-08, -0.0007264614105224609, 0.00004609168536262587, 1, 1.1816160494504402e-08, -6.979102096238421e-08, 1.5832483768463135e-08, 0.9386253952980042, 0.34493833780288696, 6.973277777433395e-08, -0.3449384272098541, 0.9386254549026489),
            ["RightFoot"] = CFrame.new(2.9188123562562396e-07, 0.0000011920928955078125, 4.18804120272398e-08, 0.9999718070030212, -0.005342640448361635, 0.005279770586639643, 0.0059593538753688335, 0.9921759366989136, -0.1247025579214096, -0.004572125151753426, 0.1247330754995346, 0.9921801090240479),
            ["LeftLowerLeg"] = CFrame.new(2.514570951461792e-08, -0.0007266998291015625, 0.00008098967373371124, 1, 8.428463615928194e-08, -2.405138559424813e-07, 8.847560906133367e-09, 0.9403257966041565, 0.34027597308158875, 2.4726605829528125e-07, -0.3402756452560425, 0.9403256773948669),
            ["RightUpperArm"] = CFrame.new(-0.029202580451965332, -0.02388620376586914, 0.0649661272764206, 0.9994818568229675, -0.03210258483886719, 0.00233707414008677, 0.032111600041389465, 0.9994765520095825, -0.0039278860203921795, -0.002209755824878812, 0.0040008979849517345, 0.9999895691871643),
            ["Head"] = CFrame.new(-6.148532754780161e-17, -7.152557373046875e-07, 0, 1, 0, -3.552713339987322e-14, -1.4210856409267898e-14, 1, -1.1920928955078125e-07, 6.394884621840902e-14, 0, 1),
            ["UpperTorso"] = CFrame.new(-2.835298265937145e-16, -2.384185791015625e-07, 0, 1, 0, 8.470329472543003e-22, 0, 1, 0, -8.470329472543003e-22, 0, 1),
            ["LeftUpperArm"] = CFrame.new(0.02920234203338623, -0.023888349533081055, 0.06496521830558777, 0.9995253682136536, 0.030808348208665848, 8.777873006238224e-08, -0.030808033421635628, 0.9995154142379761, 0.004464814905077219, 0.00013746578770224005, -0.004462697543203831, 0.9999901056289673),
            ["RightLowerArm"] = CFrame.new(5.960464477539062e-07, 1.1920928955078125e-07, -0.000004012603312730789, 1, -0.00001885480924102012, -0.00000420541618950665, 0.000018851478671422228, 0.9999972581863403, -0.0023737542796880007, 0.000004250134225003421, 0.0023737545125186443, 0.9999972581863403),
            ["LeftHand"] = CFrame.new(-0.0000011123029253212735, -0.0000013709068298339844, 4.5899651013314724e-07, 0.9997557401657104, -0.021680433303117752, 0.004299423191696405, 0.02170262672007084, 0.9997510313987732, -0.005183778237551451, -0.004185967147350311, 0.005275834817439318, 0.9999774098396301),
            ["LowerTorso"] = CFrame.new(1.5870124103756211e-09, -0.028243303298950195, 0.07115331292152405, 1, 0, 7.105423969469213e-15, 0, 1, 0, -7.105423969469213e-15, 0, 1),
            ["RightUpperLeg"] = CFrame.new(-5.960464477539063e-08, 0, -1.6952981241047382e-09, 0.9999718070030212, 0.004016499035060406, -0.006347278133034706, -0.005342551972717047, 0.9743067026138306, -0.2251649647951126, 0.005279701668769121, 0.22518983483314514, 0.9743000268936157),
            ["LeftUpperLeg"] = CFrame.new(5.960464477539063e-08, 0, -3.3861802251067274e-15, 0.9990620613098145, 0.023268919438123703, -0.03651575371623039, -0.030800307169556618, 0.9746535420417786, -0.2215845137834549, 0.030435528606176376, 0.2225063294172287, 0.9744572639465332)
        }},
        [5] = {Time = 0.133, Data = {
            ["LeftLowerArm"] = CFrame.new(0.0000012218952178955078, -0.0000014901161193847656, 0.0000042143419705098495, 1, -3.8373229926946806e-08, 3.1213858164846897e-09, 4.0334441564482404e-08, 0.999998152256012, -0.0019207310397177935, -3.0393323413591133e-09, 0.001920730690471828, 0.9999982118606567),
            ["LeftFoot"] = CFrame.new(8.552685670792926e-09, -0.0000010132789611816406, -1.0743974598881323e-08, 0.9990621209144592, -0.030799616128206253, 0.030434204265475273, 0.03430663421750069, 0.9918934106826782, -0.12235968559980392, -0.026419958099722862, 0.12328367680311203, 0.9920191168785095),
            ["RightHand"] = CFrame.new(6.240734364837408e-07, 1.1920928955078125e-07, -8.493661880493164e-07, 0.9993929862976074, 0.034667350351810455, -0.003458388615399599, -0.0347013883292675, 0.9993444681167603, -0.01032465323805809, 0.003098193323239684, 0.01043839380145073, 0.9999407529830933),
            ["HumanoidRootPart"] = CFrame.new(0, 0, 0, 1, 0, 0, 0, 1, 0, 0, 0, 1),
            ["CamPart"] = CFrame.new(-0.0756569504737854, 2.5426735877990723, -4.568946361541748, -0.9999976754188538, -3.5349853599875303e-10, -0.002169758314266801, -2.7755565689461563e-17, 1, -1.6292068494294654e-07, 0.002169758314266801, -1.6292030124986923e-07, -0.9999976754188538),
            ["RightLowerLeg"] = CFrame.new(-8.050119504332542e-08, -0.0007264614105224609, 0.00004609168536262587, 1, 1.1816160494504402e-08, -6.979102096238421e-08, 1.5832483768463135e-08, 0.9386253952980042, 0.34493833780288696, 6.973277777433395e-08, -0.3449384272098541, 0.9386254549026489),
            ["RightFoot"] = CFrame.new(2.9188123562562396e-07, 0.0000011920928955078125, 4.18804120272398e-08, 0.9999718070030212, -0.005342640448361635, 0.005279770586639643, 0.0059593538753688335, 0.9921759366989136, -0.1247025579214096, -0.004572125151753426, 0.1247330754995346, 0.9921801090240479),
            ["LeftLowerLeg"] = CFrame.new(2.514570951461792e-08, -0.0007266998291015625, 0.00008098967373371124, 1, 8.428463615928194e-08, -2.405138559424813e-07, 8.847560906133367e-09, 0.9403257966041565, 0.34027597308158875, 2.4726605829528125e-07, -0.3402756452560425, 0.9403256773948669),
            ["RightUpperArm"] = CFrame.new(-0.029202580451965332, -0.02388620376586914, 0.0649661272764206, 0.9994818568229675, -0.03210258483886719, 0.00233707414008677, 0.032111600041389465, 0.9994765520095825, -0.0039278860203921795, -0.002209755824878812, 0.0040008979849517345, 0.9999895691871643),
            ["Head"] = CFrame.new(-6.148532754780161e-17, -7.152557373046875e-07, 0, 1, 0, -3.552713339987322e-14, -1.4210856409267898e-14, 1, -1.1920928955078125e-07, 6.394884621840902e-14, 0, 1),
            ["UpperTorso"] = CFrame.new(-2.835298265937145e-16, -2.384185791015625e-07, 0, 1, 0, 8.470329472543003e-22, 0, 1, 0, -8.470329472543003e-22, 0, 1),
            ["LeftUpperArm"] = CFrame.new(0.02920234203338623, -0.023888349533081055, 0.06496521830558777, 0.9995253682136536, 0.030808348208665848, 8.777873006238224e-08, -0.030808033421635628, 0.9995154142379761, 0.004464814905077219, 0.00013746578770224005, -0.004462697543203831, 0.9999901056289673),
            ["RightLowerArm"] = CFrame.new(5.960464477539062e-07, 1.1920928955078125e-07, -0.000004012603312730789, 1, -0.00001885480924102012, -0.00000420541618950665, 0.000018851478671422228, 0.9999972581863403, -0.0023737542796880007, 0.000004250134225003421, 0.0023737545125186443, 0.9999972581863403),
            ["LeftHand"] = CFrame.new(-0.0000011123029253212735, -0.0000013709068298339844, 4.5899651013314724e-07, 0.9997557401657104, -0.021680433303117752, 0.004299423191696405, 0.02170262672007084, 0.9997510313987732, -0.005183778237551451, -0.004185967147350311, 0.005275834817439318, 0.9999774098396301),
            ["LowerTorso"] = CFrame.new(1.5870124103756211e-09, -0.028243303298950195, 0.07115331292152405, 1, 0, 7.105423969469213e-15, 0, 1, 0, -7.105423969469213e-15, 0, 1),
            ["RightUpperLeg"] = CFrame.new(-5.960464477539063e-08, 0, -1.6952981241047382e-09, 0.9999718070030212, 0.004016499035060406, -0.006347278133034706, -0.005342551972717047, 0.9743067026138306, -0.2251649647951126, 0.005279701668769121, 0.22518983483314514, 0.9743000268936157),
            ["LeftUpperLeg"] = CFrame.new(5.960464477539063e-08, 0, -3.3861802251067274e-15, 0.9990620613098145, 0.023268919438123703, -0.03651575371623039, -0.030800307169556618, 0.9746535420417786, -0.2215845137834549, 0.030435528606176376, 0.2225063294172287, 0.9744572639465332)
        }},
        [6] = {Time = 0.167, Data = {
            ["LeftLowerArm"] = CFrame.new(0.0000012218952178955078, -0.0000014901161193847656, 0.0000042143419705098495, 1, -3.8373229926946806e-08, 3.1213858164846897e-09, 4.0334441564482404e-08, 0.999998152256012, -0.0019207310397177935, -3.0393323413591133e-09, 0.001920730690471828, 0.9999982118606567),
            ["LeftFoot"] = CFrame.new(8.552685670792926e-09, -0.0000010132789611816406, -1.0743974598881323e-08, 0.9990621209144592, -0.030799616128206253, 0.030434204265475273, 0.03430663421750069, 0.9918934106826782, -0.12235968559980392, -0.026419958099722862, 0.12328367680311203, 0.9920191168785095),
            ["RightHand"] = CFrame.new(6.240734364837408e-07, 1.1920928955078125e-07, -8.493661880493164e-07, 0.9993929862976074, 0.034667350351810455, -0.003458388615399599, -0.0347013883292675, 0.9993444681167603, -0.01032465323805809, 0.003098193323239684, 0.01043839380145073, 0.9999407529830933),
            ["HumanoidRootPart"] = CFrame.new(0, 0, 0, 1, 0, 0, 0, 1, 0, 0, 0, 1),
            ["CamPart"] = CFrame.new(-0.0832362025976181, 2.542675018310547, -4.556358814239502, -0.9999945759773254, -5.416936343927148e-10, -0.003324892371892929, 0, 1, -1.6292069915380125e-07, 0.003324892371892929, -1.6291977544824476e-07, -0.9999945759773254),
            ["RightLowerLeg"] = CFrame.new(-8.050119504332542e-08, -0.0007264614105224609, 0.00004609168536262587, 1, 1.1816160494504402e-08, -6.979102096238421e-08, 1.5832483768463135e-08, 0.9386253952980042, 0.34493833780288696, 6.973277777433395e-08, -0.3449384272098541, 0.9386254549026489),
            ["RightFoot"] = CFrame.new(2.9188123562562396e-07, 0.0000011920928955078125, 4.18804120272398e-08, 0.9999718070030212, -0.005342640448361635, 0.005279770586639643, 0.0059593538753688335, 0.9921759366989136, -0.1247025579214096, -0.004572125151753426, 0.1247330754995346, 0.9921801090240479),
            ["LeftLowerLeg"] = CFrame.new(2.514570951461792e-08, -0.0007266998291015625, 0.00008098967373371124, 1, 8.428463615928194e-08, -2.405138559424813e-07, 8.847560906133367e-09, 0.9403257966041565, 0.34027597308158875, 2.4726605829528125e-07, -0.3402756452560425, 0.9403256773948669),
            ["RightUpperArm"] = CFrame.new(-0.029202580451965332, -0.02388620376586914, 0.0649661272764206, 0.9994818568229675, -0.03210258483886719, 0.00233707414008677, 0.032111600041389465, 0.9994765520095825, -0.0039278860203921795, -0.002209755824878812, 0.0040008979849517345, 0.9999895691871643),
            ["Head"] = CFrame.new(-6.148532754780161e-17, -7.152557373046875e-07, 0, 1, 0, -3.552713339987322e-14, -1.4210856409267898e-14, 1, -1.1920928955078125e-07, 6.394884621840902e-14, 0, 1),
            ["UpperTorso"] = CFrame.new(-2.835298265937145e-16, -2.384185791015625e-07, 0, 1, 0, 8.470329472543003e-22, 0, 1, 0, -8.470329472543003e-22, 0, 1),
            ["LeftUpperArm"] = CFrame.new(0.02920234203338623, -0.023888349533081055, 0.06496521830558777, 0.9995253682136536, 0.030808348208665848, 8.777873006238224e-08, -0.030808033421635628, 0.9995154142379761, 0.004464814905077219, 0.00013746578770224005, -0.004462697543203831, 0.9999901056289673),
            ["RightLowerArm"] = CFrame.new(5.960464477539062e-07, 1.1920928955078125e-07, -0.000004012603312730789, 1, -0.00001885480924102012, -0.00000420541618950665, 0.000018851478671422228, 0.9999972581863403, -0.0023737542796880007, 0.000004250134225003421, 0.0023737545125186443, 0.9999972581863403),
            ["LeftHand"] = CFrame.new(-0.0000011123029253212735, -0.0000013709068298339844, 4.5899651013314724e-07, 0.9997557401657104, -0.021680433303117752, 0.004299423191696405, 0.02170262672007084, 0.9997510313987732, -0.005183778237551451, -0.004185967147350311, 0.005275834817439318, 0.9999774098396301),
            ["LowerTorso"] = CFrame.new(1.5870124103756211e-09, -0.028243303298950195, 0.07115331292152405, 1, 0, 7.105423969469213e-15, 0, 1, 0, -7.105423969469213e-15, 0, 1),
            ["RightUpperLeg"] = CFrame.new(-5.960464477539063e-08, 0, -1.6952981241047382e-09, 0.9999718070030212, 0.004016499035060406, -0.006347278133034706, -0.005342551972717047, 0.9743067026138306, -0.2251649647951126, 0.005279701668769121, 0.22518983483314514, 0.9743000268936157),
            ["LeftUpperLeg"] = CFrame.new(5.960464477539063e-08, 0, -3.3861802251067274e-15, 0.9990620613098145, 0.023268919438123703, -0.03651575371623039, -0.030800307169556618, 0.9746535420417786, -0.2215845137834549, 0.030435528606176376, 0.2225063294172287, 0.9744572639465332)
        }},
        [7] = {Time = 0.200, Data = {
            ["LeftLowerArm"] = CFrame.new(0.0000012218952178955078, -0.0000014901161193847656, 0.0000042143419705098495, 1, -3.8373229926946806e-08, 3.1213858164846897e-09, 4.0334441564482404e-08, 0.999998152256012, -0.0019207310397177935, -3.0393323413591133e-09, 0.001920730690471828, 0.9999982118606567),
            ["LeftFoot"] = CFrame.new(8.552685670792926e-09, -0.0000010132789611816406, -1.0743974598881323e-08, 0.9990621209144592, -0.030799616128206253, 0.030434204265475273, 0.03430663421750069, 0.9918934106826782, -0.12235968559980392, -0.026419958099722862, 0.12328367680311203, 0.9920191168785095),
            ["RightHand"] = CFrame.new(6.240734364837408e-07, 1.1920928955078125e-07, -8.493661880493164e-07, 0.9993929862976074, 0.034667350351810455, -0.003458388615399599, -0.0347013883292675, 0.9993444681167603, -0.01032465323805809, 0.003098193323239684, 0.01043839380145073, 0.9999407529830933),
            ["HumanoidRootPart"] = CFrame.new(0, 0, 0, 1, 0, 0, 0, 1, 0, 0, 0, 1),
            ["CamPart"] = CFrame.new(-0.09216701984405518, 2.542677402496338, -4.5411858558654785, -0.9999889731407166, -7.646913657843868e-10, -0.004693641792982817, -5.5511131378923126e-17, 1, -1.6292068494294654e-07, 0.004693641792982817, -1.629188801643977e-07, -0.9999889731407166),
            ["RightLowerLeg"] = CFrame.new(-8.050119504332542e-08, -0.0007264614105224609, 0.00004609168536262587, 1, 1.1816160494504402e-08, -6.979102096238421e-08, 1.5832483768463135e-08, 0.9386253952980042, 0.34493833780288696, 6.973277777433395e-08, -0.3449384272098541, 0.9386254549026489),
            ["RightFoot"] = CFrame.new(2.9188123562562396e-07, 0.0000011920928955078125, 4.18804120272398e-08, 0.9999718070030212, -0.005342640448361635, 0.005279770586639643, 0.0059593538753688335, 0.9921759366989136, -0.1247025579214096, -0.004572125151753426, 0.1247330754995346, 0.9921801090240479),
            ["LeftLowerLeg"] = CFrame.new(2.514570951461792e-08, -0.0007266998291015625, 0.00008098967373371124, 1, 8.428463615928194e-08, -2.405138559424813e-07, 8.847560906133367e-09, 0.9403257966041565, 0.34027597308158875, 2.4726605829528125e-07, -0.3402756452560425, 0.9403256773948669),
            ["RightUpperArm"] = CFrame.new(-0.029202580451965332, -0.02388620376586914, 0.0649661272764206, 0.9994818568229675, -0.03210258483886719, 0.00233707414008677, 0.032111600041389465, 0.9994765520095825, -0.0039278860203921795, -0.002209755824878812, 0.0040008979849517345, 0.9999895691871643),
            ["Head"] = CFrame.new(-6.148532754780161e-17, -7.152557373046875e-07, 0, 1, 0, -3.552713339987322e-14, -1.4210856409267898e-14, 1, -1.1920928955078125e-07, 6.394884621840902e-14, 0, 1),
            ["UpperTorso"] = CFrame.new(-2.835298265937145e-16, -2.384185791015625e-07, 0, 1, 0, 8.470329472543003e-22, 0, 1, 0, -8.470329472543003e-22, 0, 1),
            ["LeftUpperArm"] = CFrame.new(0.02920234203338623, -0.023888349533081055, 0.06496521830558777, 0.9995253682136536, 0.030808348208665848, 8.777873006238224e-08, -0.030808033421635628, 0.9995154142379761, 0.004464814905077219, 0.00013746578770224005, -0.004462697543203831, 0.9999901056289673),
            ["RightLowerArm"] = CFrame.new(5.960464477539062e-07, 1.1920928955078125e-07, -0.000004012603312730789, 1, -0.00001885480924102012, -0.00000420541618950665, 0.000018851478671422228, 0.9999972581863403, -0.0023737542796880007, 0.000004250134225003421, 0.0023737545125186443, 0.9999972581863403),
            ["LeftHand"] = CFrame.new(-0.0000011123029253212735, -0.0000013709068298339844, 4.5899651013314724e-07, 0.9997557401657104, -0.021680433303117752, 0.004299423191696405, 0.02170262672007084, 0.9997510313987732, -0.005183778237551451, -0.004185967147350311, 0.005275834817439318, 0.9999774098396301),
            ["LowerTorso"] = CFrame.new(1.5870124103756211e-09, -0.028243303298950195, 0.07115331292152405, 1, 0, 7.105423969469213e-15, 0, 1, 0, -7.105423969469213e-15, 0, 1),
            ["RightUpperLeg"] = CFrame.new(-5.960464477539063e-08, 0, -1.6952981241047382e-09, 0.9999718070030212, 0.004016499035060406, -0.006347278133034706, -0.005342551972717047, 0.9743067026138306, -0.2251649647951126, 0.005279701668769121, 0.22518983483314514, 0.9743000268936157),
            ["LeftUpperLeg"] = CFrame.new(5.960464477539063e-08, 0, -3.3861802251067274e-15, 0.9990620613098145, 0.023268919438123703, -0.03651575371623039, -0.030800307169556618, 0.9746535420417786, -0.2215845137834549, 0.030435528606176376, 0.2225063294172287, 0.9744572639465332)
        }},
        [8] = {Time = 0.233, Data = {
            ["LeftLowerArm"] = CFrame.new(0.0000012218952178955078, -0.0000014901161193847656, 0.0000042143419705098495, 1, -3.8373229926946806e-08, 3.1213858164846897e-09, 4.0334441564482404e-08, 0.999998152256012, -0.0019207310397177935, -3.0393323413591133e-09, 0.001920730690471828, 0.9999982118606567),
            ["LeftFoot"] = CFrame.new(8.552685670792926e-09, -0.0000010132789611816406, -1.0743974598881323e-08, 0.9990621209144592, -0.030799616128206253, 0.030434204265475273, 0.03430663421750069, 0.9918934106826782, -0.12235968559980392, -0.026419958099722862, 0.12328367680311203, 0.9920191168785095),
            ["RightHand"] = CFrame.new(6.240734364837408e-07, 1.1920928955078125e-07, -8.493661880493164e-07, 0.9993929862976074, 0.034667350351810455, -0.003458388615399599, -0.0347013883292675, 0.9993444681167603, -0.01032465323805809, 0.003098193323239684, 0.01043839380145073, 0.9999407529830933),
            ["HumanoidRootPart"] = CFrame.new(0, 0, 0, 1, 0, 0, 0, 1, 0, 0, 0, 1),
            ["CamPart"] = CFrame.new(-0.10232797265052795, 2.5426812171936035, -4.52350378036499, -0.9999803900718689, -1.019927031720158e-09, -0.006260266527533531, -1.1102226275784625e-16, 1, -1.6292068494294654e-07, 0.006260266527533531, -1.6291748750063562e-07, -0.9999803900718689),
            ["RightLowerLeg"] = CFrame.new(-8.050119504332542e-08, -0.0007264614105224609, 0.00004609168536262587, 1, 1.1816160494504402e-08, -6.979102096238421e-08, 1.5832483768463135e-08, 0.9386253952980042, 0.34493833780288696, 6.973277777433395e-08, -0.3449384272098541, 0.9386254549026489),
            ["RightFoot"] = CFrame.new(2.9188123562562396e-07, 0.0000011920928955078125, 4.18804120272398e-08, 0.9999718070030212, -0.005342640448361635, 0.005279770586639643, 0.0059593538753688335, 0.9921759366989136, -0.1247025579214096, -0.004572125151753426, 0.1247330754995346, 0.9921801090240479),
            ["LeftLowerLeg"] = CFrame.new(2.514570951461792e-08, -0.0007266998291015625, 0.00008098967373371124, 1, 8.428463615928194e-08, -2.405138559424813e-07, 8.847560906133367e-09, 0.9403257966041565, 0.34027597308158875, 2.4726605829528125e-07, -0.3402756452560425, 0.9403256773948669),
            ["RightUpperArm"] = CFrame.new(-0.029202580451965332, -0.02388620376586914, 0.0649661272764206, 0.9994818568229675, -0.03210258483886719, 0.00233707414008677, 0.032111600041389465, 0.9994765520095825, -0.0039278860203921795, -0.002209755824878812, 0.0040008979849517345, 0.9999895691871643),
            ["Head"] = CFrame.new(-6.148532754780161e-17, -7.152557373046875e-07, 0, 1, 0, -3.552713339987322e-14, -1.4210856409267898e-14, 1, -1.1920928955078125e-07, 6.394884621840902e-14, 0, 1),
            ["UpperTorso"] = CFrame.new(-2.835298265937145e-16, -2.384185791015625e-07, 0, 1, 0, 8.470329472543003e-22, 0, 1, 0, -8.470329472543003e-22, 0, 1),
            ["LeftUpperArm"] = CFrame.new(0.02920234203338623, -0.023888349533081055, 0.06496521830558777, 0.9995253682136536, 0.030808348208665848, 8.777873006238224e-08, -0.030808033421635628, 0.9995154142379761, 0.004464814905077219, 0.00013746578770224005, -0.004462697543203831, 0.9999901056289673),
            ["RightLowerArm"] = CFrame.new(5.960464477539062e-07, 1.1920928955078125e-07, -0.000004012603312730789, 1, -0.00001885480924102012, -0.00000420541618950665, 0.000018851478671422228, 0.9999972581863403, -0.0023737542796880007, 0.000004250134225003421, 0.0023737545125186443, 0.9999972581863403),
            ["LeftHand"] = CFrame.new(-0.0000011123029253212735, -0.0000013709068298339844, 4.5899651013314724e-07, 0.9997557401657104, -0.021680433303117752, 0.004299423191696405, 0.02170262672007084, 0.9997510313987732, -0.005183778237551451, -0.004185967147350311, 0.005275834817439318, 0.9999774098396301),
            ["LowerTorso"] = CFrame.new(1.5870124103756211e-09, -0.028243303298950195, 0.07115331292152405, 1, 0, 7.105423969469213e-15, 0, 1, 0, -7.105423969469213e-15, 0, 1),
            ["RightUpperLeg"] = CFrame.new(-5.960464477539063e-08, 0, -1.6952981241047382e-09, 0.9999718070030212, 0.004016499035060406, -0.006347278133034706, -0.005342551972717047, 0.9743067026138306, -0.2251649647951126, 0.005279701668769121, 0.22518983483314514, 0.9743000268936157),
            ["LeftUpperLeg"] = CFrame.new(5.960464477539063e-08, 0, -3.3861802251067274e-15, 0.9990620613098145, 0.023268919438123703, -0.03651575371623039, -0.030800307169556618, 0.9746535420417786, -0.2215845137834549, 0.030435528606176376, 0.2225063294172287, 0.9744572639465332)
        }},
        [9] = {Time = 0.267, Data = {
            ["LeftLowerArm"] = CFrame.new(0.0000012218952178955078, -0.0000014901161193847656, 0.0000042143419705098495, 1, -3.8373229926946806e-08, 3.1213858164846897e-09, 4.0334441564482404e-08, 0.999998152256012, -0.0019207310397177935, -3.0393323413591133e-09, 0.001920730690471828, 0.9999982118606567),
            ["LeftFoot"] = CFrame.new(8.552685670792926e-09, -0.0000010132789611816406, -1.0743974598881323e-08, 0.9990621209144592, -0.030799616128206253, 0.030434204265475273, 0.03430663421750069, 0.9918934106826782, -0.12235968559980392, -0.026419958099722862, 0.12328367680311203, 0.9920191168785095),
            ["RightHand"] = CFrame.new(6.240734364837408e-07, 1.1920928955078125e-07, -8.493661880493164e-07, 0.9993929862976074, 0.034667350351810455, -0.003458388615399599, -0.0347013883292675, 0.9993444681167603, -0.01032465323805809, 0.003098193323239684, 0.01043839380145073, 0.9999407529830933),
            ["HumanoidRootPart"] = CFrame.new(0, 0, 0, 1, 0, 0, 0, 1, 0, 0, 0, 1),
            ["CamPart"] = CFrame.new(-0.11359767615795135, 2.5426855087280273, -4.503390312194824, -0.9999679327011108, -1.3048353508793298e-09, -0.00800902210175991, 0, 1, -1.6292068494294654e-07, 0.00800902210175991, -1.6291545534841134e-07, -0.9999679327011108),
            ["RightLowerLeg"] = CFrame.new(-8.050119504332542e-08, -0.0007264614105224609, 0.00004609168536262587, 1, 1.1816160494504402e-08, -6.979102096238421e-08, 1.5832483768463135e-08, 0.9386253952980042, 0.34493833780288696, 6.973277777433395e-08, -0.3449384272098541, 0.9386254549026489),
            ["RightFoot"] = CFrame.new(2.9188123562562396e-07, 0.0000011920928955078125, 4.18804120272398e-08, 0.9999718070030212, -0.005342640448361635, 0.005279770586639643, 0.0059593538753688335, 0.9921759366989136, -0.1247025579214096, -0.004572125151753426, 0.1247330754995346, 0.9921801090240479),
            ["LeftLowerLeg"] = CFrame.new(2.514570951461792e-08, -0.0007266998291015625, 0.00008098967373371124, 1, 8.428463615928194e-08, -2.405138559424813e-07, 8.847560906133367e-09, 0.9403257966041565, 0.34027597308158875, 2.4726605829528125e-07, -0.3402756452560425, 0.9403256773948669),
            ["RightUpperArm"] = CFrame.new(-0.029202580451965332, -0.02388620376586914, 0.0649661272764206, 0.9994818568229675, -0.03210258483886719, 0.00233707414008677, 0.032111600041389465, 0.9994765520095825, -0.0039278860203921795, -0.002209755824878812, 0.0040008979849517345, 0.9999895691871643),
            ["Head"] = CFrame.new(-6.148532754780161e-17, -7.152557373046875e-07, 0, 1, 0, -3.552713339987322e-14, -1.4210856409267898e-14, 1, -1.1920928955078125e-07, 6.394884621840902e-14, 0, 1),
            ["UpperTorso"] = CFrame.new(-2.835298265937145e-16, -2.384185791015625e-07, 0, 1, 0, 8.470329472543003e-22, 0, 1, 0, -8.470329472543003e-22, 0, 1),
            ["LeftUpperArm"] = CFrame.new(0.02920234203338623, -0.023888349533081055, 0.06496521830558777, 0.9995253682136536, 0.030808348208665848, 8.777873006238224e-08, -0.030808033421635628, 0.9995154142379761, 0.004464814905077219, 0.00013746578770224005, -0.004462697543203831, 0.9999901056289673),
            ["RightLowerArm"] = CFrame.new(5.960464477539062e-07, 1.1920928955078125e-07, -0.000004012603312730789, 1, -0.00001885480924102012, -0.00000420541618950665, 0.000018851478671422228, 0.9999972581863403, -0.0023737542796880007, 0.000004250134225003421, 0.0023737545125186443, 0.9999972581863403),
