return {
    ["Savage"] = {
        {Time = 0.000, Data = {
            ["LeftFoot"] = CFrame.new(-2.7008354663848877e-08, -5.960464477539063e-08, 2.9802322387695312e-08, 0.9990801811218262, 0.04287796467542648, -0.000643768988084048, -0.04236338660120964, 0.9845377206802368, -0.16997358202934265, -0.0066542308777570724, 0.1698443442583084, 0.9854484796524048),
            ["LeftLowerArm"] = CFrame.new(-0.0004947185516357422, -0.00009882450103759766, 8.940696716308594e-08, 1, -1.0430809993522416e-07, 8.00937343115038e-08, 1.5972187838997343e-07, -0.05835975706577301, -0.9982956647872925, 8.940699558479537e-08, 0.9982956051826477, -0.058359794318675995),
            ["LowerTorso"] = CFrame.new(0.006010973826050758, 0.011502981185913086, 0.07532616704702377, 0.9989285469055176, 0.014843001961708069, -0.04383513703942299, -0.014835105277597904, 0.9998898506164551, 0.0005054672947153449, 0.043837811797857285, 0.0001453731529181823, 0.9990386366844177),
            ["Head"] = CFrame.new(0, 3.5762786865234375e-07, -1.6880221664905548e-08, 0.9981694221496582, 0.040681321173906326, 0.044753070920705795, -0.04328695312142372, 0.9973260164260864, 0.05888262391090393, -0.04223797097802162, -0.0607120543718338, 0.9972612857818604),
            ["RightFoot"] = CFrame.new(-3.632158041000366e-08, 3.5762786865234375e-07, 1.6596459317952394e-08, 0.9989954233169556, 0.044772692024707794, 0.001896820729598403, -0.04399825260043144, 0.9879910349845886, -0.1481141746044159, -0.008505565114319324, 0.14788222312927246, 0.9889684915542603),
            ["UpperTorso"] = CFrame.new(4.656612873077393e-10, 6.556510925292969e-07, 9.720679372549057e-09, 0.9993110299110413, -0.03248579427599907, -0.01795341819524765, 0.031603071838617325, 0.9983741641044617, -0.0474381260573864, 0.019465293735265732, 0.04683806002140045, 0.9987128376960754),
            ["HumanoidRootPart"] = CFrame.new(0, 0, 0, 1, 0, 0, 0, 1, 0, 0, 0, 1),
            ["LeftUpperLeg"] = CFrame.new(5.960464477539063e-08, 5.052552296547219e-07, 1.4901161193847656e-08, 0.9781054854393005, -0.052926987409591675, 0.2012673020362854, 0.06283986568450928, 0.9970890283584595, -0.043181683868169785, -0.1983959674835205, 0.05488385260105133, 0.9785840511322021),
            ["LeftUpperArm"] = CFrame.new(0.33523768186569214, 0.006445884704589844, -0.021138839423656464, 0.4755597710609436, 0.060355961322784424, -0.8776147365570068, -0.49238523840904236, 0.8449855446815491, -0.2086968719959259, 0.7289716005325317, 0.5313723683357239, 0.4315529763698578),
            ["RightLowerArm"] = CFrame.new(-0.000005781650543212891, 9.5367431640625e-07, -8.940696716308594e-08, 1, -4.842877388000488e-08, 1.043081283569336e-07, 1.2479726763103827e-07, 0.3775147795677185, -0.926003634929657, 5.96046660916727e-08, 0.9260035753250122, 0.37751471996307373),
            ["LeftHand"] = CFrame.new(1.4901161193847656e-08, 0.00010013580322265625, -7.869675755500793e-07, 0.6244329214096069, 0.7504224181175232, -0.2166794240474701, -0.7762261629104614, 0.627071738243103, -0.06522347778081894, 0.08692838996648788, 0.20891985297203064, 0.9740615487098694),
            ["RightHand"] = CFrame.new(2.8312206268310547e-07, -5.960464477539063e-08, 1.1920928955078125e-07, 0.6372190117835999, -0.6018446087837219, 0.48138880729675293, 0.6820105910301208, 0.7312527298927307, 0.011446870863437653, -0.3589061200618744, 0.3210179805755615, 0.8764324188232422),
            ["RightUpperArm"] = CFrame.new(-0.3421342372894287, 0.01991403102874756, 0.021570272743701935, 0.495035856962204, 0.009824143722653389, 0.8688216209411621, 0.5973623394966125, 0.7222769260406494, -0.34852635860443115, -0.6309497952461243, 0.6915342807769775, 0.351679265499115),
            ["RightLowerLeg"] = CFrame.new(3.3527612686157227e-08, -0.000003933906555175781, -0.000013286415196489543, 1, -6.810298458503894e-08, -1.1734665861240501e-07, 1.0430814256778831e-07, 0.9179221391677856, 0.3967604339122772, -2.1420420992512845e-08, -0.3967607915401459, 0.91792231798172),
            ["RightUpperLeg"] = CFrame.new(1.1920928955078125e-07, 5.729543772758916e-07, 2.100568963214755e-08, 0.9872105121612549, -0.08355750143527985, -0.13577060401439667, 0.057375017553567886, 0.9807921051979065, -0.186427041888237, 0.14874014258384705, 0.1762528121471405, 0.9730423092842102),
            ["LeftLowerLeg"] = CFrame.new(-2.6775524020195007e-09, 0.0000034570693969726562, 0.000013330020010471344, 1, 2.2351738238057806e-08, 5.587934559514451e-09, -4.284083843231201e-08, 0.9461483359336853, 0.32373371720314026, 4.423782229423523e-09, -0.3237335979938507, 0.9461482763290405),
        }},
        {Time = 0.033, Data = {
            ["LeftFoot"] = CFrame.new(3.725290298461914e-09, 5.960464477539063e-08, -1.1175870895385742e-08, 0.9988262057304382, 0.04835180938243866, -0.002889852738007903, -0.04781068488955498, 0.9745599031448364, -0.21896834671497345, -0.007771187927573919, 0.2188497930765152, 0.9757277369499207),
            ["LeftLowerArm"] = CFrame.new(-0.0004948079586029053, -0.00009918212890625, -5.960464477539063e-08, 1, -1.452862647965958e-07, 1.601874686230076e-07, 1.6391278734317893e-07, -0.01102299615740776, -0.9999392628669739, 1.3783575525394554e-07, 0.9999393224716187, -0.011022980324923992),
            ["LowerTorso"] = CFrame.new(0.004887890070676804, -0.013248324394226074, 0.10135941207408905, 0.9967994689941406, 0.0312655009329319, -0.07357610017061234, -0.027747930958867073, 0.9984447360038757, 0.04835474118590355, 0.07497350871562958, -0.04615839198231697, 0.9961166381835938),
            ["Head"] = CFrame.new(-1.1772499419748783e-08, 2.384185791015625e-07, -2.6479938242118806e-08, 0.9970325231552124, 0.027589112520217896, 0.0718684270977974, -0.03107438050210476, 0.9983717203140259, 0.04783711954951286, -0.07043161988258362, -0.04992842301726341, 0.9962663650512695),
            ["RightFoot"] = CFrame.new(8.381903171539307e-09, 4.172325134277344e-07, 4.639878170564771e-08, 0.9991726279258728, 0.04061729833483696, 0.0021001899149268866, -0.039372701197862625, 0.9789195656776428, -0.20041511952877045, -0.01019660010933876, 0.20016705989837646, 0.9797089099884033),
            ["UpperTorso"] = CFrame.new(4.656612873077393e-10, 7.450580596923828e-07, 2.3283064365386963e-09, 0.9992851614952087, -0.036464400589466095, -0.00998457707464695, 0.035564519464969635, 0.9962435960769653, -0.07895456999540329, 0.012826111167669296, 0.07854301482439041, 0.9968282580375671),
            ["HumanoidRootPart"] = CFrame.new(0, 0, 0, 1, 0, 0, 0, 1, 0, 0, 0, 1),
            ["LeftUpperLeg"] = CFrame.new(0, 2.277083694934845e-07, 1.4901161193847656e-08, 0.9703089594841003, -0.06393585354089737, 0.23326563835144043, 0.08761610090732574, 0.9918410181999207, -0.09260028600692749, -0.22544197738170624, 0.11028854548931122, 0.9679940342903137),
            ["LeftUpperArm"] = CFrame.new(0.2476223111152649, 0.008174300193786621, -0.015658389776945114, 0.45624783635139465, 0.1839432716369629, -0.8706379532814026, -0.36884748935699463, 0.9294843673706055, 0.0030866973102092743, 0.8098082542419434, 0.31972429156303406, 0.49191465973854065),
            ["RightLowerArm"] = CFrame.new(-0.000005066394805908203, 5.960464477539062e-07, -2.4959444999694824e-07, 1, -1.0058282384761696e-07, 1.4901162970204496e-08, 5.960465188081798e-08, 0.3392314016819, -0.9407030344009399, -2.980232594040899e-08, 0.9407029747962952, 0.33923134207725525),
            ["LeftHand"] = CFrame.new(3.8743019104003906e-07, 0.00010013580322265625, -7.040798664093018e-07, 0.6400434374809265, 0.7239454388618469, -0.25738614797592163, -0.7621062994003296, 0.6407521963119507, -0.09290134906768799, 0.09766515344381332, 0.2556164562702179, 0.9618325233459473),
            ["RightHand"] = CFrame.new(7.152557373046875e-07, -1.1920928955078125e-07, 5.364418029785156e-07, 0.6844625473022461, -0.5719437599182129, 0.4520968794822693, 0.6457602381706238, 0.7634485363960266, -0.01183152012526989, -0.3383857309818268, 0.30004432797431946, 0.8918904662132263),
            ["RightUpperArm"] = CFrame.new(-0.2527309060096741, 0.01815032958984375, 0.015978001058101654, 0.5202049016952515, -0.14889158308506012, 0.8409678936004639, 0.519515872001648, 0.8367173075675964, -0.1732202172279358, -0.677856981754303, 0.5270062685012817, 0.5126087069511414),
            ["RightLowerLeg"] = CFrame.new(6.798654794692993e-08, -0.0000035762786865234375, -0.000013305041647981852, 1, -1.862645504502325e-08, -1.862645504502325e-08, 5.960465188081798e-08, 0.8569647073745728, 0.5153746008872986, 1.6763808119435453e-08, -0.5153751373291016, 0.8569650650024414),
            ["RightUpperLeg"] = CFrame.new(1.7881393432617188e-07, -1.4901161193847656e-08, -1.6952981241047382e-09, 0.9906221628189087, -0.0973954126238823, -0.09582192450761795, 0.06155267730355263, 0.9442524313926697, -0.3234170973300934, 0.1219797357916832, 0.31448593735694885, 0.9413923621177673),
            ["LeftLowerLeg"] = CFrame.new(8.079223334789276e-08, 0.000003814697265625, 0.00001332070678472519, 1, 4.470348358154297e-08, 3.5390254282674505e-08, -2.514570596190424e-08, 0.9423502683639526, 0.33462777733802795, 1.4901159417490817e-08, -0.3346281349658966, 0.942350447177887),
        }},
        {Time = 0.067, Data = {
            ["LeftFoot"] = CFrame.new(-1.4901161193847656e-08, 5.960464477539063e-08, -1.4901161193847656e-08, 0.9985493421554565, 0.053594622761011124, -0.005192185286432505, -0.05320802703499794, 0.9673306941986084, -0.24787165224552155, -0.00826191809028387, 0.24778836965560913, 0.9687789678573608),
            ["LeftLowerArm"] = CFrame.new(-0.0004946589469909668, -0.00009870529174804688, -2.2351741790771484e-07, 1, -1.2665984172599565e-07, 5.587935447692871e-08, 1.266598985694145e-07, 0.2240142822265625, -0.9745858907699585, 1.266598985694145e-07, 0.9745858311653137, 0.2240143120288849),
            ["LowerTorso"] = CFrame.new(0.0020851008594036102, -0.039514899253845215, 0.1298360973596573, 0.9926405549049377, 0.06591525673866272, -0.1015876829624176, -0.05560575798153877, 0.9933136105537415, 0.10117366164922714, 0.10757730901241302, -0.09478021413087845, 0.9896685481071472),
            ["Head"] = CFrame.new(-2.3283064365386963e-09, -1.1920928955078125e-07, -9.313225746154785e-09, 0.9921879768371582, 0.020733747631311417, 0.12301725894212723, -0.026330139487981796, 0.9986826777458191, 0.04404272139072418, -0.12194202095270157, -0.0469377301633358, 0.9914268255233765),
            ["RightFoot"] = CFrame.new(-6.798654794692993e-08, 2.980232238769531e-07, 3.149762051180005e-08, 0.9993488192558289, 0.03604596480727196, 0.0016636241925880313, -0.034401535987854004, 0.9656475186347961, -0.25756850838661194, -0.010890948586165905, 0.25734376907348633, 0.966258704662323),
            ["UpperTorso"] = CFrame.new(-7.450580596923828e-09, 7.748603820800781e-07, 2.1653249859809875e-08, 0.9974551200866699, -0.06873412430286407, -0.018945932388305664, 0.06605669111013412, 0.9909082055091858, -0.1172076091170311, 0.02682984434068203, 0.11565783619880676, 0.9929267168045044),
            ["HumanoidRootPart"] = CFrame.new(0, 0, 0, 1, 0, 0, 0, 1, 0, 0, 0, 1),
            ["LeftUpperLeg"] = CFrame.new(0, 2.0209699869155884e-07, 5.21540641784668e-08, 0.9594022631645203, -0.09268589317798615, 0.26637712121009827, 0.13090839982032776, 0.9829017519950867, -0.129488006234169, -0.24982085824012756, 0.15910205245018005, 0.9551315307617188),
            ["LeftUpperArm"] = CFrame.new(0.08490818738937378, 0.011383891105651855, -0.005480452440679073, 0.4885692298412323, 0.22100830078125, -0.8440757989883423, -0.1939682811498642, 0.9706923365592957, 0.14188727736473083, 0.8506917357444763, 0.09440212696790695, 0.5171113014221191),
            ["RightLowerArm"] = CFrame.new(-0.000005334615707397461, 0.0000016689300537109375, -1.043081283569336e-07, 1, -5.21540641784668e-08, 1.0430815677864302e-07, 8.940698847936801e-08, 0.29820412397384644, -0.9545022249221802, 4.842878453814592e-08, 0.9545021653175354, 0.2982041537761688),
            ["LeftHand"] = CFrame.new(-2.9802322387695312e-08, 0.00010013580322265625, -8.046627044677734e-07, 0.653908371925354, 0.6801342368125916, -0.3313930928707123, -0.7496910691261292, 0.6414423584938049, -0.16283467411994934, 0.10182018578052521, 0.3549213409423828, 0.9293350577354431),
            ["RightHand"] = CFrame.new(5.960464477539062e-07, -5.960464477539063e-08, 4.3213367462158203e-07, 0.7625972628593445, -0.5148406624794006, 0.39164331555366516, 0.5757039189338684, 0.8162491917610168, -0.047982357442379, -0.29497525095939636, 0.26206186413764954, 0.9188652038574219),
            ["RightUpperArm"] = CFrame.new(-0.08669590950012207, 0.014874696731567383, 0.005592357367277145, 0.5477610230445862, -0.1645258665084839, 0.8203038573265076, 0.4042254388332367, 0.9104821085929871, -0.0873090997338295, -0.732502281665802, 0.3794122636318207, 0.5652245879173279),
            ["RightLowerLeg"] = CFrame.new(-1.862645149230957e-09, -0.0000035762786865234375, -0.000013401899195741862, 1, -1.5459959001873358e-07, -7.171186666710128e-08, 1.5646212148112681e-07, 0.7927553653717041, 0.609539806842804, -4.749742998910733e-08, -0.6095399856567383, 0.7927555441856384),
            ["RightUpperLeg"] = CFrame.new(0, -1.3783574104309082e-07, 2.438173396512866e-08, 0.9918329119682312, -0.11808403581380844, -0.048204205930233, 0.08391482383012772, 0.8887752294540405, -0.4505962133407593, 0.09605105221271515, 0.4428710639476776, 0.8914255499839783),
            ["LeftLowerLeg"] = CFrame.new(4.889443516731262e-08, 0.000003993511199951172, 0.000013299286365509033, 1, 2.6077039194660756e-08, -2.6077035641947077e-08, -2.51457130673316e-08, 0.9472456574440002, 0.3205083906650543, 1.4435501682896756e-08, -0.3205084800720215, 0.9472456574440002),
        }},
        {Time = 0.100, Data = {
            ["LeftFoot"] = CFrame.new(1.862645149230957e-08, 0, -3.725290298461914e-09, 0.9983407855033875, 0.05715417116880417, -0.007017830386757851, -0.05701442435383797, 0.964013397693634, -0.2596679925918579, -0.008075791411101818, 0.25963741540908813, 0.9656725525856018),
            ["LeftLowerArm"] = CFrame.new(-0.000494837760925293, -0.00009959936141967773, -2.682209014892578e-07, 1, -1.3969832934890292e-07, 7.450579886381092e-08, 1.0430814256778831e-07, 0.5322856903076172, -0.846564769744873, 1.0477380385509605e-07, 0.8465648293495178, 0.532285749912262),
            ["LowerTorso"] = CFrame.new(-0.0013871719129383564, -0.06259381771087646, 0.1531687080860138, 0.9867357015609741, 0.1060713455080986, -0.12288861721754074, -0.08867144584655762, 0.9862706065177917, 0.13931134343147278, 0.13597837090492249, -0.12656676769256592, 0.9825938940048218),
            ["Head"] = CFrame.new(-7.450580596923828e-09, 0, -2.1653249859809875e-08, 0.9837471842765808, 0.007722273003309965, 0.1793932318687439, -0.015377829782664776, 0.9990275502204895, 0.04132336378097534, -0.17889967560768127, -0.04341042414307594, 0.9829091429710388),
            ["RightFoot"] = CFrame.new(-4.842877388000488e-08, 4.76837158203125e-07, 1.6596459317952394e-08, 0.9994487762451172, 0.033175427466630936, 0.0012397720711305737, -0.03119000419974327, 0.9511215686798096, -0.3072376847267151, -0.011372039094567299, 0.3070295751094818, 0.951632022857666),
            ["UpperTorso"] = CFrame.new(2.7939677238464355e-08, 4.172325134277344e-07, 1.7229467630386353e-08, 0.9940860271453857, -0.10144036263227463, -0.03876607120037079, 0.09505544602870941, 0.9854258298873901, -0.14106863737106323, 0.05251116678118706, 0.1365494281053543, 0.9892405271530151),
            ["HumanoidRootPart"] = CFrame.new(0, 0, 0, 1, 0, 0, 0, 1, 0, 0, 0, 1),
            ["LeftUpperLeg"] = CFrame.new(8.940696716308594e-08, -1.5832483768463135e-08, 5.21540641784668e-08, 0.9471691846847534, -0.12869085371494293, 0.29378435015678406, 0.17635084688663483, 0.9740480780601501, -0.1418827921152115, -0.2679009735584259, 0.18619610369205475, 0.945283055305481),
            ["LeftUpperArm"] = CFrame.new(-0.002707362174987793, 0.013112664222717285, -5.587935447692871e-09, 0.5180814266204834, 0.18293163180351257, -0.835545539855957, -0.04836922883987427, 0.9815644025802612, 0.18490836024284363, 0.8539626002311707, -0.0553828589618206, 0.5173709392547607),
            ["RightLowerArm"] = CFrame.new(-0.000005513429641723633, 8.940696716308594e-07, -3.427267074584961e-07, 1, -2.607702853651972e-08, 5.960465188081798e-08, 3.725290653733282e-08, 0.2553294897079468, -0.9668541550636292, 8.195639367158947e-08, 0.9668540954589844, 0.2553294599056244),
            ["LeftHand"] = CFrame.new(1.9371509552001953e-07, 0.00010001659393310547, -9.834766387939453e-07, 0.6383652687072754, 0.6585482954978943, -0.39850232005119324, -0.7661442756652832, 0.5935477018356323, -0.24642255902290344, 0.07424898445606232, 0.4626178443431854, 0.8834432363510132),
            ["RightHand"] = CFrame.new(6.258487701416016e-07, -1.1920928955078125e-07, 4.172325134277344e-07, 0.8294181227684021, -0.4546942114830017, 0.3245287239551544, 0.5015383362770081, 0.8619529008865356, -0.0741380900144577, -0.24601846933364868, 0.22425515949726105, 0.9429659843444824),
            ["RightUpperArm"] = CFrame.new(0.0027074813842773438, 0.013111352920532227, 3.5390257835388184e-08, 0.3669991195201874, -0.035195112228393555, 0.9295580387115479, 0.5158759355545044, 0.8392396569252014, -0.17189373075962067, -0.7740695476531982, 0.5426216721534729, 0.32615095376968384),
            ["RightLowerLeg"] = CFrame.new(4.0978193283081055e-08, -0.0000032782554626464844, -0.000013305041647981852, 1, -1.8067657947540283e-07, -7.357449050005016e-08, 1.7136335372924805e-07, 0.7330785989761353, 0.6801438927650452, -8.381903171539307e-08, -0.6801439523696899, 0.73307865858078),
            ["RightUpperLeg"] = CFrame.new(1.1920928955078125e-07, -2.849847078323364e-07, 4.6733475755900145e-08, 0.9902902841567993, -0.1390146166086197, -0.00034737595706246793, 0.11650995165109634, 0.8313339352607727, -0.543423593044281, 0.07583273202180862, 0.5381067991256714, 0.8394585251808167),
            ["LeftLowerLeg"] = CFrame.new(-9.499490261077881e-08, 0.000003814697265625, 0.000013284385204315186, 1, 2.607702853651972e-08, -1.862645371275562e-09, 4.656612873077393e-10, 0.9559421539306641, 0.2935548722743988, 4.423782229423523e-09, -0.29355499148368835, 0.9559422731399536),
        }},
        {Time = 0.133, Data = {
            ["LeftFoot"] = CFrame.new(-2.514570951461792e-08, 0, 3.725290298461914e-08, 0.9982667565345764, 0.05833295360207558, -0.007804409600794315, -0.05837071314454079, 0.9644069671630859, -0.25789961218833923, -0.007517470978200436, 0.2579079568386078, 0.9661402702331543),
            ["LeftLowerArm"] = CFrame.new(-0.0004946887493133545, -0.00009918212890625, -8.940696716308594e-08, 1, -1.1734660176898615e-07, 2.7939670577126208e-09, 8.195639367158947e-08, 0.7811973094940186, -0.6242841482162476, 1.1245721509567375e-07, 0.6242840886116028, 0.7811973690986633),
            ["LowerTorso"] = CFrame.new(-0.004518706351518631, -0.0777815580368042, 0.16376975178718567, 0.9809844493865967, 0.1371283233165741, -0.13735149800777435, -0.1172390952706337, 0.9826500415802002, 0.14371474087238312, 0.15467581152915955, -0.12487895786762238, 0.9800411462783813),
            ["Head"] = CFrame.new(-4.6566128730773926e-09, -1.1920928955078125e-07, -9.313225746154785e-10, 0.9750352501869202, -0.010907687246799469, 0.22178225219249725, 0.002541130408644676, 0.9992755055427551, 0.03797460347414017, -0.22203578054904938, -0.03646300360560417, 0.9743565320968628),
            ["RightFoot"] = CFrame.new(-8.381903171539307e-09, 1.1920928955078125e-07, 1.6596459317952394e-08, 0.9994325041770935, 0.03366435319185257, 0.0012177815660834312, -0.031252484768629074, 0.9401065707206726, -0.3394448161125183, -0.01257223729044199, 0.3392143249511719, 0.9406252503395081),
            ["UpperTorso"] = CFrame.new(1.30385160446167e-08, 5.066394805908203e-07, -4.563480615615845e-08, 0.9910183548927307, -0.11901687830686569, -0.06097368150949478, 0.11019083857536316, 0.9851155281066895, -0.1319296658039093, 0.07576797157526016, 0.12402593344449997, 0.9893820881843567),
            ["HumanoidRootPart"] = CFrame.new(0, 0, 0, 1, 0, 0, 0, 1, 0, 0, 0, 1),
            ["LeftUpperLeg"] = CFrame.new(0, -3.4458935260772705e-08, -2.2351741790771484e-08, 0.9369645714759827, -0.16083668172359467, 0.3102080225944519, 0.2067674696445465, 0.9708595275878906, -0.12115737050771713, -0.28168168663978577, 0.1776609718799591, 0.9429166913032532),
            ["LeftUpperArm"] = CFrame.new(-0.002707242965698242, 0.013112425804138184, 4.470348358154297e-08, 0.5422057509422302, 0.14263595640659332, -0.8280558586120605, 0.0003723861591424793, 0.985445499420166, 0.1699904352426529, 0.8402456641197205, -0.09247815608978271, 0.5342534184455872),
            ["RightLowerArm"] = CFrame.new(-0.000004857778549194336, 0.0000010728836059570312, -4.6193599700927734e-07, 1, -3.725290298461914e-08, 3.9115558791991134e-08, 1.0803341865539551e-07, 0.2121385931968689, -0.9772396087646484, 5.21540641784668e-08, 0.9772396683692932, 0.2121385931968689),
            ["LeftHand"] = CFrame.new(1.825392246246338e-07, 0.00009995698928833008, -6.705522537231445e-07, 0.5559032559394836, 0.7034870386123657, -0.44280657172203064, -0.8312289118766785, 0.4669363498687744, -0.30171000957489014, -0.0054866597056388855, 0.5357951521873474, 0.8443301916122437),
            ["RightHand"] = CFrame.new(6.92903995513916e-07, -1.1920928955078125e-07, 4.5821070671081543e-07, 0.8606525659561157, -0.42127323150634766, 0.2860175669193268, 0.4604605436325073, 0.8836994171142578, -0.08397267013788223, -0.217378169298172, 0.20397122204303741, 0.9545378684997559),
            ["RightUpperArm"] = CFrame.new(0.0027076005935668945, 0.013110876083374023, 5.21540641784668e-08, 0.15870359539985657, 0.2652088701725006, 0.9510425329208374, 0.6406447887420654, 0.7052758932113647, -0.3035740554332733, -0.7512573003768921, 0.6574572920799255, -0.05797383561730385),
            ["RightLowerLeg"] = CFrame.new(-1.862645149230957e-09, -0.000003635883331298828, -0.000013297591067384928, 1, 1.862645371275562e-09, -1.0617080192787398e-07, 7.078051567077637e-08, 0.6832736730575562, 0.7301621437072754, -5.587935447692871e-08, -0.7301623821258545, 0.6832739114761353),
            ["RightUpperLeg"] = CFrame.new(1.1920928955078125e-07, -4.1909515857696533e-07, -6.129994289949536e-08, 0.9869343042373657, -0.15672533214092255, 0.03738931939005852, 0.14871329069137573, 0.7967457175254822, -0.5857308506965637, 0.06200936809182167, 0.5836381912231445, 0.8096427321434021),
            ["LeftLowerLeg"] = CFrame.new(2.7008354663848877e-08, 0.000003874301910400391, 0.000013262033462524414, 1, 7.450582373280668e-09, -1.862645149230957e-09, -1.909211277961731e-08, 0.9634822010993958, 0.26777249574661255, -8.847564458847046e-09, -0.2677724063396454, 0.9634822607040405),
        }},
        {Time = 0.167, Data = {
            ["LeftFoot"] = CFrame.new(-1.862645149230957e-09, -5.960464477539063e-08, -3.725290298461914e-09, 0.9982545971870422, 0.058493953198194504, -0.008148189634084702, -0.05862618237733841, 0.9647936224937439, -0.25639137625694275, -0.007136003579944372, 0.25642117857933044, 0.9665387868881226),
            ["LeftLowerArm"] = CFrame.new(-0.0004949271678924561, -0.00009942054748535156, -1.9371509552001953e-07, 1, -9.406355871988126e-08, 2.7939672797572257e-09, 8.847567301017989e-08, 0.8633517026901245, -0.5046026706695557, 4.249160667768592e-08, 0.5046026706695557, 0.8633517026901245),
            ["LowerTorso"] = CFrame.new(-0.007117395754903555, -0.08100640773773193, 0.1561366766691208, 0.979533314704895, 0.1417781412601471, -0.14287599921226501, -0.12465301156044006, 0.9846155643463135, 0.12244998663663864, 0.1580386608839035, -0.10213392972946167, 0.9821366667747498),
            ["Head"] = CFrame.new(-7.450580596923828e-09, 1.1920928955078125e-07, -2.60770320892334e-08, 0.9717168807983398, -0.03971203789114952, 0.23278598487377167, 0.031289808452129364, 0.9987190961837769, 0.039763301610946655, -0.2340668886899948, -0.03135484829545021, 0.9717147350311279),
            ["RightFoot"] = CFrame.new(1.4901161193847656e-08, 2.384185791015625e-07, 3.894820110872388e-08, 0.9993292689323425, 0.03660094738006592, 0.0012144893407821655, -0.03384684398770332, 0.9357797503471375, -0.35095691680908203, -0.01398191973567009, 0.3506801724433899, 0.9363908767700195),
            ["UpperTorso"] = CFrame.new(2.2351741790771484e-08, 7.152557373046875e-07, 2.7008354663848877e-08, 0.9926217198371887, -0.09839613735675812, -0.07085523009300232, 0.09073353558778763, 0.9904021620750427, -0.10426448285579681, 0.08043435961008072, 0.097066231071949, 0.9920223951339722),
            ["HumanoidRootPart"] = CFrame.new(0, 0, 0, 1, 0, 0, 0, 1, 0, 0, 0, 1),
            ["LeftUpperLeg"] = CFrame.new(1.4901161193847656e-07, 2.905726432800293e-07, 4.470348358154297e-08, 0.934478759765625, -0.17236469686031342, 0.3115123510360718, 0.20807461440563202, 0.9744102358818054, -0.08502830564975739, -0.2888849079608917, 0.14427505433559418, 0.9464302659034729),
            ["LeftUpperArm"] = CFrame.new(-0.002707242965698242, 0.013112664222717285, 2.2351741790771484e-08, 0.5783214569091797, 0.11268309503793716, -0.807995080947876, -0.02026648260653019, 0.9920937418937683, 0.12385212630033493, 0.8155572414398193, -0.05525112897157669, 0.5760248899459839),
            ["RightLowerArm"] = CFrame.new(-0.000005751848220825195, 6.556510925292969e-07, -3.725290298461914e-09, 1, -2.9802311729554276e-08, 7.450579886381092e-08, 7.4505797087454084e-09, 0.16953665018081665, -0.9855238795280457, 7.823108916227284e-08, 0.9855239391326904, 0.16953660547733307),
            ["LeftHand"] = CFrame.new(2.849847078323364e-07, 0.00009995698928833008, -7.450580596923828e-07, 0.534832775592804, 0.7231457233428955, -0.4370516538619995, -0.8422453999519348, 0.4148470163345337, -0.34427398443222046, -0.06765078008174896, 0.552233874797821, 0.8309399485588074),
            ["RightHand"] = CFrame.new(2.086162567138672e-07, -1.7881393432617188e-07, -1.5273690223693848e-07, 0.8645613193511963, -0.41125035285949707, 0.28880295157432556, 0.4473227858543396, 0.8916780352592468, -0.06937326490879059, -0.22898948192596436, 0.18916559219360352, 0.9548718929290771),
            ["RightUpperArm"] = CFrame.new(0.0027074813842773438, 0.013111233711242676, 5.21540641784668e-08, 0.09732004255056381, 0.3431779742240906, 0.9342179298400879, 0.6593032479286194, 0.6809365749359131, -0.3188122510910034, -0.7455522418022156, 0.6469576954841614, -0.15998686850070953),
            ["RightLowerLeg"] = CFrame.new(-3.166496753692627e-08, -0.0000036954879760742188, -0.000013267788744997233, 1, -2.53319797138829e-07, -8.47503613954359e-08, 2.5331974029541016e-07, 0.668649435043335, 0.7435778379440308, -1.043081283569336e-07, -0.7435778975486755, 0.6686493754386902),
            ["RightUpperLeg"] = CFrame.new(1.1920928955078125e-07, -1.8440186977386475e-07, 1.3205863069742918e-08, 0.9853902459144592, -0.16382504999637604, 0.04655604436993599, 0.16065339744091034, 0.8033598065376282, -0.573413610458374, 0.05653826892375946, 0.5725157856941223, 0.817942202091217),
            ["LeftLowerLeg"] = CFrame.new(8.381903171539307e-09, 0.000003933906555175781, 0.000013231765478849411, 1, 3.725290653733282e-08, 9.313223525708736e-10, -4.470348358154297e-08, 0.967342734336853, 0.2534721791744232, 2.444721758365631e-08, -0.2534720301628113, 0.967342734336853),
        }},
        {Time = 0.200, Data = {
            ["LeftFoot"] = CFrame.new(2.1420419216156006e-08, 2.384185791015625e-07, 4.842877388000488e-08, 0.9984005093574524, 0.05592844635248184, -0.008282417431473732, -0.05642502009868622, 0.9763678908348083, -0.20861902832984924, -0.0035810249391943216, 0.20875278115272522, 0.9779619574546814),
            ["LeftLowerArm"] = CFrame.new(-0.0004949569702148438, -0.00009828805923461914, -1.1920928955078125e-07, 1, -1.4901158351676713e-07, 0, 9.685756907629184e-08, 0.717923104763031, -0.6961224675178528, 5.215407838932151e-08, 0.696122407913208, 0.717923104763031),
            ["LowerTorso"] = CFrame.new(-0.0059319729916751385, -0.07297289371490479, 0.14002329111099243, 0.9792214035987854, 0.14051681756973267, -0.14622099697589874, -0.12565924227237701, 0.9863560795783997, 0.10635552555322647, 0.1591707170009613, -0.0857715830206871, 0.983518123626709),
            ["Head"] = CFrame.new(-1.30385160446167e-08, 0, -1.862645149230957e-09, 0.974324107170105, -0.026206545531749725, 0.22361986339092255, 0.014157288707792759, 0.9983685612678528, 0.05531708896160126, -0.22470469772815704, -0.05073092505335808, 0.9731054902076721),
            ["RightFoot"] = CFrame.new(3.725290298461914e-09, 2.980232238769531e-07, -2.0656443666666746e-08, 0.9992899298667908, 0.03766974061727524, 0.0008797437767498195, -0.0349569246172905, 0.9355347156524658, -0.35150039196014404, -0.014064053073525429, 0.35122036933898926, 0.9361873269081116),
            ["UpperTorso"] = CFrame.new(-3.725290298461914e-09, 9.5367431640625e-07, 2.3283064365386963e-08, 0.9931418299674988, -0.10156761854887009, -0.05790819600224495, 0.09492458403110504, 0.9896331429481506, -0.1077757328748703, 0.06825436651706696, 0.10153967887163162, 0.992487370967865),
            ["HumanoidRootPart"] = CFrame.new(0, 0, 0, 1, 0, 0, 0, 1, 0, 0, 0, 1),
            ["LeftUpperLeg"] = CFrame.new(-5.960464477539063e-08, 6.756745278835297e-07, 2.60770320892334e-08, 0.9343373775482178, -0.19353362917900085, 0.29926326870918274, 0.20184992253780365, 0.9794113636016846, 0.003185327397659421, -0.2937181293964386, 0.057429924607276917, 0.9541653990745544),
            ["LeftUpperArm"] = CFrame.new(-0.002707242965698242, 0.013112306594848633, 2.7939677238464355e-08, 0.6011843085289001, 0.18144121766090393, -0.7782459259033203, -0.20024284720420837, 0.9770154356956482, 0.07309791445732117, 0.7736150622367859, 0.11189281195402145, 0.6236907243728638),
            ["RightLowerArm"] = CFrame.new(-0.000005543231964111328, 8.940696716308594e-07, -1.862645149230957e-08, 1, -8.195637946073475e-08, 1.2293457984924316e-07, 5.21540641784668e-08, 0.12877853214740753, -0.991673469543457, 4.470348358154297e-08, 0.9916734099388123, 0.12877848744392395),
            ["LeftHand"] = CFrame.new(3.8743019104003906e-07, 0.0000997781753540039, -6.854534149169922e-07, 0.5491155982017517, 0.7146486639976501, -0.43330058455467224, -0.8355472087860107, 0.4581170082092285, -0.30329808592796326, -0.01824919320642948, 0.5285887718200684, 0.8486819267272949),
            ["RightHand"] = CFrame.new(1.7881393432617188e-07, -5.960464477539063e-08, 3.129243850708008e-07, 0.8411624431610107, -0.4289637506008148, 0.32929590344429016, 0.46682095527648926, 0.8833670020103455, -0.04172505810856819, -0.2729905843734741, 0.1888197362422943, 0.9433044791221619),
            ["RightUpperArm"] = CFrame.new(0.0027074813842773438, 0.013110876083374023, 2.2351741790771484e-08, 0.16614960134029388, 0.22643138468265533, 0.9597535729408264, 0.5975468158721924, 0.7511141300201416, -0.2806469202041626, -0.7844311594963074, 0.6201261281967163, -0.010505851358175278),
            ["RightLowerLeg"] = CFrame.new(-4.6566128730773926e-08, -0.000003814697265625, -0.000013312492228578776, 1, -1.8812716007232666e-07, -2.1606686573250045e-07, 2.2724276504959562e-07, 0.683329701423645, 0.7301093935966492, -1.620501706156574e-07, -0.7301100492477417, 0.683330237865448),
            ["RightUpperLeg"] = CFrame.new(1.7881393432617188e-07, 2.9616057872772217e-07, 2.8107024263590574e-08, 0.9850940108299255, -0.16590183973312378, 0.045457884669303894, 0.16376835107803345, 0.8236647248268127, -0.5429147481918335, 0.052628740668296814, 0.5422665476799011, 0.8385565876960754),
            ["LeftLowerLeg"] = CFrame.new(7.078051567077637e-08, 0.0000034570693969726562, 0.000013299286365509033, 1, 1.30385116037246e-08, 1.862645149230957e-09, -1.4901161193847656e-08, 0.9911279678344727, 0.1329115927219391, -3.050081431865692e-08, -0.13291139900684357, 0.9911279082298279),
        }},
        {Time = 0.233, Data = {
            ["LeftFoot"] = CFrame.new(-9.313225746154785e-10, 0, -2.60770320892334e-08, 0.9986757040023804, 0.05084742233157158, -0.007844488136470318, -0.05144883692264557, 0.9864760637283325, -0.1556212604045868, -0.00017461161769460887, 0.1558188498020172, 0.9877857565879822),
            ["LeftLowerArm"] = CFrame.new(-0.0004950761795043945, -0.00009942054748535156, -2.682209014892578e-07, 1, -1.1920926112907182e-07, 8.940696716308594e-08, 1.5646223516796454e-07, 0.3819681406021118, -0.9241755604743958, 1.3411047916633834e-07, 0.9241755604743958, 0.3819681406021118),
            ["LowerTorso"] = CFrame.new(0.0002844934642780572, -0.055399537086486816, 0.12645752727985382, 0.9795519709587097, 0.1353478580713272, -0.1488589346408844, -0.12167219072580338, 0.9877734184265137, 0.0974666029214859, 0.16023078560829163, -0.07736162096261978, 0.9840433597564697),
            ["Head"] = CFrame.new(-3.725290298461914e-09, -1.1920928955078125e-07, -5.587935447692871e-09, 0.979170560836792, 0.009082267992198467, 0.20283593237400055, -0.023147737607359886, 0.9974790811538696, 0.06707990169525146, -0.201715350151062, -0.07037786394357681, 0.9769123792648315),
            ["RightFoot"] = CFrame.new(-6.51925802230835e-09, 3.5762786865234375e-07, 9.145878721028566e-09, 0.999392032623291, 0.03486403077840805, 0.0004962845705449581, -0.03267950192093849, 0.9415446519851685, -0.33529937267303467, -0.012157206423580647, 0.3350794315338135, 0.9421115517616272),
            ["UpperTorso"] = CFrame.new(-3.259629011154175e-08, 4.76837158203125e-07, -1.0244548320770264e-08, 0.9924762845039368, -0.11839907616376877, -0.03118511289358139, 0.11369284242391586, 0.9857277870178223, -0.12415566295385361, 0.04543999210000038, 0.11967603862285614, 0.9917725920677185),
            ["HumanoidRootPart"] = CFrame.new(0, 0, 0, 1, 0, 0, 0, 1, 0, 0, 0, 1),
            ["LeftUpperLeg"] = CFrame.new(-5.960464477539063e-08, 2.651941031217575e-07, 1.1175870895385742e-08, 0.9356675148010254, -0.20652444660663605, 0.2861364483833313, 0.19048896431922913, 0.9781650304794312, 0.08310969918966293, -0.29705268144607544, -0.023257171735167503, 0.9545778632164001),
            ["LeftUpperArm"] = CFrame.new(-0.002707242965698242, 0.013112664222717285, 7.450580596923828e-09, 0.6262580752372742, 0.22817936539649963, -0.7454835772514343, -0.48411303758621216, 0.8633328676223755, -0.14243736863136292, 0.6110936999320984, 0.4501006007194519, 0.6511266231536865),
            ["RightLowerArm"] = CFrame.new(-0.000005364418029785156, 9.5367431640625e-07, -2.2351741790771484e-07, 1, -5.5879347371501353e-08, 7.450581307466564e-08, 2.2351748896198842e-08, 0.09115274995565414, -0.9958369731903076, 9.685758328714655e-08, 0.9958369135856628, 0.09115273505449295),
            ["LeftHand"] = CFrame.new(3.5762786865234375e-07, 0.0000998377799987793, -6.556510925292969e-07, 0.5767932534217834, 0.6913288831710815, -0.4351712465286255, -0.8120605945587158, 0.5430930256843567, -0.21355998516082764, 0.08869829028844833, 0.4765651524066925, 0.8746532201766968),
            ["RightHand"] = CFrame.new(4.470348358154297e-07, -5.960464477539063e-08, 8.195638656616211e-08, 0.8011760115623474, -0.45536375045776367, 0.38827943801879883, 0.4934083819389343, 0.8697955012321472, 0.0019737854599952698, -0.338622510433197, 0.18999895453453064, 0.9215396642684937),
            ["RightUpperArm"] = CFrame.new(0.0027074813842773438, 0.013111233711242676, 8.940696716308594e-08, 0.3376081883907318, 0.004418862517923117, 0.9412788152694702, 0.4884807765483856, 0.8539729714393616, -0.17920778691768646, -0.8046163320541382, 0.5202986001968384, 0.28614479303359985),
            ["RightLowerLeg"] = CFrame.new(-1.862645149230957e-09, -0.000003516674041748047, -0.000013193282939027995, 1, -8.56816981809061e-08, -9.406359424701805e-08, 1.3038513202445756e-07, 0.7235111594200134, 0.6903126239776611, -1.1175868230850483e-08, -0.6903127431869507, 0.723511278629303),
            ["RightUpperLeg"] = CFrame.new(1.1920928955078125e-07, -3.725290298461914e-09, -1.6952981241047382e-09, 0.9862685799598694, -0.1608671098947525, 0.03736518695950508, 0.15769098699092865, 0.8500815629959106, -0.5024885535240173, 0.04907045140862465, 0.5014809966087341, 0.8637760877609253),
            ["LeftLowerLeg"] = CFrame.new(1.862645149230957e-09, 0.000003516674041748047, 0.000013403594493865967, 1, 3.352760202801619e-08, 2.2817403078079224e-08, 2.7939677238464355e-08, 0.9999845623970032, 0.0055619943886995316, -2.0954757928848267e-08, -0.005562105216085911, 0.9999845623970032),
        }},
        {Time = 0.267, Data = {
            ["LeftFoot"] = CFrame.new(1.5832483768463135e-08, 0, 1.4901161193847656e-08, 0.9989772439002991, 0.044672589749097824, -0.006990852765738964, -0.04521620273590088, 0.9864178895950317, -0.15790919959545135, -0.00015819452528376132, 0.15806381404399872, 0.9874289035797119),
            ["LeftLowerArm"] = CFrame.new(-0.000494539737701416, -0.00009942054748535156, -1.1920928955078125e-07, 1, -2.9802318834981634e-08, 1.2665987014770508e-07, 1.1920931797249068e-07, 0.14714886248111725, -0.9891144037246704, 8.940698847936801e-08, 0.9891144037246704, 0.14714883267879486),
            ["LowerTorso"] = CFrame.new(0.010337692685425282, -0.036269545555114746, 0.11957912892103195, 0.9807929396629333, 0.1232234463095665, -0.15119948983192444, -0.10950012505054474, 0.9893413782119751, 0.0959865152835846, 0.1614157110452652, -0.07758653163909912, 0.9838319420814514),
            ["Head"] = CFrame.new(-1.862645149230957e-08, -2.384185791015625e-07, -2.4330802261829376e-08, 0.9847840070724487, 0.035349998623132706, 0.17014971375465393, -0.04749300330877304, 0.9965656995773315, 0.06783294677734375, -0.16716748476028442, -0.07488172501325607, 0.9830807447433472),
            ["RightFoot"] = CFrame.new(-9.220093488693237e-08, 4.76837158203125e-07, 6.129994289949536e-08, 0.999589741230011, 0.0286408718675375, 0.0002484062279108912, -0.027200479060411453, 0.9519663453102112, -0.30499231815338135, -0.008971964940428734, 0.30486050248146057, 0.952354907989502),
            ["UpperTorso"] = CFrame.new(2.421438694000244e-08, 6.556510925292969e-07, 6.51925802230835e-09, 0.9911405444145203, -0.13264362514019012, 0.006803533993661404, 0.13225157558918, 0.9808921217918396, -0.14268913865089417, 0.012253282591700554, 0.1423247903585434, 0.9897441864013672),
            ["HumanoidRootPart"] = CFrame.new(0, 0, 0, 1, 0, 0, 0, 1, 0, 0, 0, 1),
            ["LeftUpperLeg"] = CFrame.new(2.9802322387695312e-08, 2.612359821796417e-07, 4.0978193283081055e-08, 0.9384299516677856, -0.18952620029449463, 0.2888409197330475, 0.17250515520572662, 0.9814600944519043, 0.08353568613529205, -0.2993180453777313, -0.028565946966409683, 0.9537256956100464),
            ["LeftUpperArm"] = CFrame.new(-0.002707242965698242, 0.013112425804138184, 1.862645149230957e-09, 0.7254552841186523, 0.11329760402441025, -0.678887665271759, -0.5784090161323547, 0.6349575519561768, -0.512118935585022, 0.37303856015205383, 0.764194130897522, 0.5261613130569458),
            ["RightLowerArm"] = CFrame.new(-0.0000054836273193359375, 0.0000010132789611816406, -7.450580596923828e-09, 1, -9.499490261077881e-08, 8.940698847936801e-08, 5.960465898624534e-08, 0.0612892247736454, -0.9981200695037842, 6.705523958316917e-08, 0.998120129108429, 0.0612892210483551),
            ["LeftHand"] = CFrame.new(5.662441253662109e-07, 0.00010025501251220703, -9.08970832824707e-07, 0.6072726845741272, 0.6464511156082153, -0.4618667960166931, -0.7550848722457886, 0.6504236459732056, -0.0824379250407219, 0.24711692333221436, 0.39881089329719543, 0.883109986782074),
            ["RightHand"] = CFrame.new(6.556510925292969e-07, -2.384185791015625e-07, 2.8312206268310547e-07, 0.7498711347579956, -0.4841933846473694, 0.45083266496658325, 0.5188440084457397, 0.8532030582427979, 0.05334392935037613, -0.4104805290699005, 0.19391080737113953, 0.8910131454467773),
