return {
    ["Saxophoned"] = {
        {Time = 0.000, Data = {
            ["LeftLowerArm"] = CFrame.new(8.642673492431641e-07, -1.7881393432617188e-07, 0.000005088746547698975, 1, 5.289910518513352e-07, 1.341105360097572e-07, -1.6670674085617065e-07, 0.5111865401268005, -0.8594694137573242, -5.261972546577454e-07, 0.8594698309898376, 0.5111873745918274),
            ["LeftFoot"] = CFrame.new(0, 1.1920928955078125e-07, -7.450580596923828e-09, 0.8669431209564209, -0.4624302089214325, -0.18592484295368195, 0.29308560490608215, 0.7747254371643066, -0.5602689981460571, 0.4031260013580322, 0.43122950196266174, 0.8071744441986084),
            ["RightHand"] = CFrame.new(0.0000012218952178955078, 0.0000013113021850585938, -8.400529623031616e-07, 0.8419443964958191, -0.5384851694107056, -0.034121595323085785, 0.5239341855049133, 0.8310287594795227, -0.18677164614200592, 0.12892930209636688, 0.13937382400035858, 0.9818106293678284),
            ["HumanoidRootPart"] = CFrame.new(0, 0, 0, 1, 0, 0, 0, 1, 0, 0, 0, 1),
            ["Handle"] = CFrame.new(0, 0, 0, 1, 0, 0, 0, 1, 0, 0, 0, 1),
            ["RightLowerLeg"] = CFrame.new(-2.9802322387695312e-08, -0.0007262825965881348, 0.00004611333861248568, 1, 5.960467319710006e-08, -2.3469328880310059e-07, 5.5879347371501353e-08, 0.9487476348876953, 0.3160349726676941, 2.197920991875435e-07, -0.31603506207466125, 0.9487475156784058),
            ["LeftUpperLeg"] = CFrame.new(1.7881393432617188e-07, -2.4959444999694824e-07, -3.3527612686157227e-08, 0.3979107141494751, 0.8575434684753418, 0.3260161578655243, -0.856469988822937, 0.4745960533618927, -0.2030213326215744, -0.3288255035877228, -0.19843867421150208, 0.9233070611953735),
            ["LeftLowerLeg"] = CFrame.new(9.685754776000977e-08, -0.0007262229919433594, 0.00008101761341094971, 1, 7.4505820180093e-08, -8.940698847936801e-08, -1.8626455755565985e-07, 0.6391915678977966, 0.7690475583076477, 1.4901164746561335e-08, -0.7690476775169373, 0.6391915678977966),
            ["LowerTorso"] = CFrame.new(0.06336668878793716, -0.24625658988952637, -0.022253714501857758, 0.9186426997184753, -0.36589670181274414, -0.14904825389385223, 0.3114619851112366, 0.9027895331382751, -0.2965846657752991, 0.2430785745382309, 0.22603243589401245, 0.9433038830757141),
            ["Head"] = CFrame.new(3.725290298461914e-09, -5.960464477539062e-07, -2.421438694000244e-08, 0.871343731880188, -0.012265285477042198, -0.4905199408531189, -0.026599910110235214, 0.9970368146896362, -0.07218165695667267, 0.4899516999721527, 0.07594265788793564, 0.8684353232383728),
            ["UpperTorso"] = CFrame.new(1.0058283805847168e-07, -1.1920928955078125e-07, -3.3527612686157227e-08, 0.9352380037307739, 0.20734313130378723, -0.286947637796402, -0.09851110726594925, 0.9309481382369995, 0.3516122102737427, 0.34003746509552, -0.3005734980106354, 0.8910836577415466),
            ["LeftUpperArm"] = CFrame.new(0.029202699661254883, -0.02388787269592285, 0.06496517360210419, 0.5116849541664124, -0.5813726186752319, -0.6326029896736145, -0.18183527886867523, 0.6463354825973511, -0.7410708665847778, 0.8397109508514404, 0.4942229092121124, 0.22500553727149963),
            ["RightLowerArm"] = CFrame.new(-2.9802322387695312e-08, 8.344650268554688e-07, -0.000003606081008911133, 1, -0.000006895513251947705, 0.000018041577277472243, 0.000018804801584337838, 0.14517323672771454, -0.9894063472747803, 0.00000420212791141239, 0.9894063472747803, 0.14517304301261902),
            ["LeftHand"] = CFrame.new(-0.0000015057157725095749, -5.364418029785156e-07, -8.940696716308594e-08, 0.9754992127418518, 0.20971082150936127, 0.06650499254465103, -0.21499907970428467, 0.9728164076805115, 0.08604233711957932, -0.046654194593429565, -0.09823305904865265, 0.9940693974494934),
            ["RightFoot"] = CFrame.new(1.6391277313232422e-07, 3.5762786865234375e-07, 6.316258804872632e-08, 0.9054182171821594, 0.2919996380805969, 0.30814632773399353, -0.24993497133255005, 0.9533901810646057, -0.16905564069747925, -0.3431478440761566, 0.07604950666427612, 0.9361976981163025),
            ["RightUpperLeg"] = CFrame.new(5.960464477539063e-08, -1.73225998878479e-07, -8.365168469026685e-08, 0.9769159555435181, -0.008843238465487957, -0.21344128251075745, 0.0403977669775486, 0.9887624979019165, 0.14393340051174164, 0.2097698599100113, -0.14923356473445892, 0.966295063495636),
            ["RightUpperArm"] = CFrame.new(-0.029202401638031006, -0.02388620376586914, 0.06496618688106537, 0.8725574016571045, -0.2397300750017166, 0.42564499378204346, 0.29403483867645264, 0.9535326957702637, -0.06571699678897858, -0.3901117146015167, 0.1824960559606552, 0.9025007486343384),
        }},
        {Time = 0.017, Data = {
            ["LeftLowerArm"] = CFrame.new(7.152557373046875e-07, 1.1920928955078125e-07, 0.000004954636096954346, 1, 5.792821298200579e-07, 1.5087427129856223e-07, -1.5087425708770752e-07, 0.4895673394203186, -0.8719649910926819, -5.569308996200562e-07, 0.8719654679298401, 0.48956823348999023),
            ["LeftFoot"] = CFrame.new(0, 2.384185791015625e-07, 1.4901161193847656e-08, 0.8644452095031738, -0.4716421961784363, -0.17403551936149597, 0.3121166527271271, 0.7748867869377136, -0.5496670007705688, 0.39410388469696045, 0.4208374619483948, 0.8170543909072876),
            ["RightHand"] = CFrame.new(0.0000010691583156585693, 0.0000013709068298339844, -0.0000010523945093154907, 0.8340732455253601, -0.550589919090271, -0.034248270094394684, 0.5359781980514526, 0.8235039710998535, -0.18592575192451477, 0.13057243824005127, 0.13671907782554626, 0.9819667339324951),
            ["HumanoidRootPart"] = CFrame.new(0, 0, 0, 1, 0, 0, 0, 1, 0, 0, 0, 1),
            ["Handle"] = CFrame.new(0, 0, 0, 1, 0, 0, 0, 1, 0, 0, 0, 1),
            ["RightLowerLeg"] = CFrame.new(-4.842877388000488e-08, -0.0007264018058776855, 0.00004600530519383028, 1, 1.192093463942001e-07, -2.4214389782173384e-07, 5.215405707303944e-08, 0.9614301323890686, 0.27504926919937134, 2.0116564769523393e-07, -0.2750493288040161, 0.9614301323890686),
            ["LeftUpperLeg"] = CFrame.new(8.940696716308594e-08, 6.332993507385254e-08, 1.1175870895385742e-08, 0.400769978761673, 0.8684537410736084, 0.2918420732021332, -0.8653032183647156, 0.46347013115882874, -0.19090773165225983, -0.30105456709861755, -0.1760217547416687, 0.9372206926345825),
            ["LeftLowerLeg"] = CFrame.new(5.960464477539063e-08, -0.0007260441780090332, 0.00008095800876617432, 1, 2.9802322387695312e-08, -1.0430811414607888e-07, -7.078052277620372e-08, 0.6262286901473999, 0.779639482498169, 7.450581307466564e-08, -0.7796394228935242, 0.6262286901473999),
            ["LowerTorso"] = CFrame.new(0.06548824906349182, -0.24745213985443115, -0.02739144302904606, 0.9170219898223877, -0.37759390473365784, -0.12842786312103271, 0.32661494612693787, 0.8957703709602356, -0.30152633786201477, 0.22889640927314758, 0.2345597892999649, 0.9447688460350037),
            ["Head"] = CFrame.new(4.0978193283081055e-08, -7.152557373046875e-07, 7.450580596923828e-09, 0.8724629282951355, -0.00533294165506959, -0.488651305437088, -0.023530423641204834, 0.9983222484588623, -0.05290789529681206, 0.4881135821342468, 0.05765814334154129, 0.8708735704421997),
            ["UpperTorso"] = CFrame.new(8.381903171539307e-08, 2.086162567138672e-07, -3.073364496231079e-08, 0.9321609735488892, 0.22828800976276398, -0.28099942207336426, -0.11682158708572388, 0.924290120601654, 0.36337408423423767, 0.3426787555217743, -0.30589619278907776, 0.8882560133934021),
            ["LeftUpperArm"] = CFrame.new(0.02920287847518921, -0.023887991905212402, 0.06496521085500717, 0.5065580010414124, -0.5637028217315674, -0.6524109244346619, -0.1812969595193863, 0.6701207160949707, -0.719770073890686, 0.8429296612739563, 0.48288458585739136, 0.23725727200508118),
            ["RightLowerArm"] = CFrame.new(2.980232238769531e-07, 5.960464477539062e-07, -0.000003553926944732666, 1, -0.000006705522537231445, 0.000018130052922060713, 0.00001884240009530913, 0.1346319168806076, -0.990895688533783, 0.0000042105089050892275, 0.990895688533783, 0.1346316933631897),
            ["LeftHand"] = CFrame.new(-0.0000015920959413051605, -4.76837158203125e-07, 3.7997961044311523e-07, 0.9730194807052612, 0.21765746176242828, 0.07654169946908951, -0.22439196705818176, 0.9699096083641052, 0.09446296840906143, -0.053678978234529495, -0.10909006744623184, 0.9925815463066101),
            ["RightFoot"] = CFrame.new(3.725290298461914e-08, 2.980232238769531e-07, 2.7772330213338137e-08, 0.9097291231155396, 0.2933509647846222, 0.2938336431980133, -0.2565203905105591, 0.9535704255104065, -0.15780000388622284, -0.32648181915283203, 0.06818100064992905, 0.9427412748336792),
            ["RightUpperLeg"] = CFrame.new(1.4901161193847656e-07, 7.636845111846924e-08, 3.55576048605144e-08, 0.9766872525215149, 0.012210484594106674, -0.2143198698759079, 0.02880724146962166, 0.9818954467773438, 0.1872207522392273, 0.21272572875022888, -0.1890302300453186, 0.958652913570404),
            ["RightUpperArm"] = CFrame.new(-0.02920234203338623, -0.02388608455657959, 0.06496615707874298, 0.8670057058334351, -0.23757055401802063, 0.43801963329315186, 0.28236064314842224, 0.9585144519805908, -0.039024319499731064, -0.41057732701301575, 0.1575133502483368, 0.8981180191040039),
        }},
        {Time = 0.033, Data = {
            ["LeftLowerArm"] = CFrame.new(8.344650268554688e-07, -1.7881393432617188e-07, 0.000005193054676055908, 1, 5.56930558559543e-07, 1.0244553294569414e-07, -1.4528629321830522e-07, 0.464164674282074, -0.8857482075691223, -5.401669795901398e-07, 0.8857489824295044, 0.46416598558425903),
            ["LeftFoot"] = CFrame.new(-2.9802322387695312e-08, 1.1920928955078125e-07, -4.470348358154297e-08, 0.8557186126708984, -0.49928781390190125, -0.13585834205150604, 0.3650738000869751, 0.7686272859573364, -0.5252934694290161, 0.36669719219207764, 0.39990487694740295, 0.8400054574012756),
            ["RightHand"] = CFrame.new(0.0000010337680578231812, 0.0000012516975402832031, -5.755573511123657e-07, 0.8232947587966919, -0.566256046295166, -0.03925005719065666, 0.5495039820671082, 0.8124462962150574, -0.19487391412258148, 0.14223657548427582, 0.13887101411819458, 0.9800427556037903),
            ["HumanoidRootPart"] = CFrame.new(0, 0, 0, 1, 0, 0, 0, 1, 0, 0, 0, 1),
            ["Handle"] = CFrame.new(0, 0, 0, 1, 0, 0, 0, 1, 0, 0, 0, 1),
            ["RightLowerLeg"] = CFrame.new(-9.872019290924072e-08, -0.0007262825965881348, 0.00004604442074196413, 1, 2.2351748896198842e-08, -1.9744038581848145e-07, 2.0489096641540527e-08, 0.9641883373260498, 0.26521843671798706, 2.421438694000244e-07, -0.2652186155319214, 0.9641883969306946),
            ["LeftUpperLeg"] = CFrame.new(2.086162567138672e-07, -2.3469328880310059e-07, 1.862645149230957e-08, 0.41790780425071716, 0.8645254373550415, 0.2791931927204132, -0.8633659482002258, 0.47358080744743347, -0.1741277575492859, -0.2827586233615875, -0.16827651858329773, 0.9443149566650391),
            ["LeftLowerLeg"] = CFrame.new(1.1175870895385742e-07, -0.0007263422012329102, 0.00008095800876617432, 1, 0, -8.940698137394065e-08, -1.1920928955078125e-07, 0.6272134780883789, 0.7788476943969727, 4.470348358154297e-08, -0.7788473963737488, 0.6272132396697998),
            ["LowerTorso"] = CFrame.new(0.059519339352846146, -0.24808132648468018, -0.0308152474462986, 0.9192533493041992, -0.3780209422111511, -0.1098800003528595, 0.3306560814380646, 0.8929027915000916, -0.30559971928596497, 0.21363528072834015, 0.24459104239940643, 0.9457986950874329),
            ["Head"] = CFrame.new(1.862645149230957e-09, -7.152557373046875e-07, 0, 0.8756864070892334, 0.007801385596394539, -0.48281753063201904, -0.027633415535092354, 0.9990406036376953, -0.03397611528635025, 0.48208895325660706, 0.04309431463479996, 0.8750616908073425),
            ["UpperTorso"] = CFrame.new(1.4528632164001465e-07, -1.1920928955078125e-07, -4.0046870708465576e-08, 0.9304730892181396, 0.2373197227716446, -0.27910420298576355, -0.12271872907876968, 0.9197170734405518, 0.37290841341018677, 0.3451955020427704, -0.31273001432418823, 0.8848956227302551),
            ["LeftUpperArm"] = CFrame.new(0.029202580451965332, -0.023888468742370605, 0.06496523320674896, 0.5042572021484375, -0.5392769575119019, -0.6744682192802429, -0.18352678418159485, 0.6962702870368958, -0.6939195990562439, 0.8438262343406677, 0.4736963212490082, 0.252127468585968),
            ["RightLowerArm"] = CFrame.new(0, 6.556510925292969e-07, -0.0000035995617508888245, 1, -0.000006742772256984608, 0.000018076974811265245, 0.000018850292690331116, 0.13545413315296173, -0.9907836318016052, 0.000004192698725091759, 0.9907836318016052, 0.13545428216457367),
            ["LeftHand"] = CFrame.new(-0.0000015450641512870789, -5.960464477539062e-07, 1.7136335372924805e-07, 0.9707662463188171, 0.22512663900852203, 0.08325470238924026, -0.23320400714874268, 0.9667301774024963, 0.10510970652103424, -0.056822601705789566, -0.12145303189754486, 0.9909695982933044),
            ["RightFoot"] = CFrame.new(1.7881393432617188e-07, 2.980232238769531e-07, 8.923962013795972e-08, 0.9108433127403259, 0.2932051420211792, 0.2905087471008301, -0.2564927339553833, 0.9535157680511475, -0.15817447006702423, -0.3233821392059326, 0.06955887377262115, 0.9437084197998047),
            ["RightUpperLeg"] = CFrame.new(8.940696716308594e-08, -1.2665987014770508e-07, -1.6952981241047382e-09, 0.9738587737083435, 0.012995361350476742, -0.22678233683109283, 0.03513506054878235, 0.977729856967926, 0.2069055736064911, 0.22442060708999634, -0.2094649225473404, 0.9517141580581665),
            ["RightUpperArm"] = CFrame.new(-0.02920222282409668, -0.023886442184448242, 0.06496626138687134, 0.8576458692550659, -0.23277975618839264, 0.45853787660598755, 0.2714805603027344, 0.9622505903244019, -0.01928386650979519, -0.43674007058143616, 0.1410233974456787, 0.8884656429290771),
        }},
        {Time = 0.050, Data = {
            ["LeftLowerArm"] = CFrame.new(8.940696716308594e-07, -3.5762786865234375e-07, 0.000004857778549194336, 1, 5.40166922746721e-07, 5.215407838932151e-08, -1.4156105976326216e-07, 0.4405859410762787, -0.8977100253105164, -5.662442390530487e-07, 0.8977105021476746, 0.4405868947505951),
            ["LeftFoot"] = CFrame.new(-5.960464477539063e-08, 1.1920928955078125e-07, -5.21540641784668e-08, 0.8575296998023987, -0.5021131634712219, -0.11191492527723312, 0.3846513628959656, 0.770289421081543, -0.5086233615875244, 0.34159377217292786, 0.39311155676841736, 0.8536846041679382),
            ["RightHand"] = CFrame.new(9.73464921116829e-07, 0.0000012516975402832031, -7.003545761108398e-07, 0.8089856505393982, -0.5858317017555237, -0.04841698706150055, 0.5653083324432373, 0.7979289889335632, -0.2091296911239624, 0.1611480861902237, 0.14181217551231384, 0.9766886234283447),
            ["HumanoidRootPart"] = CFrame.new(0, 0, 0, 1, 0, 0, 0, 1, 0, 0, 0, 1),
            ["Handle"] = CFrame.new(0, 0, 0, 1, 0, 0, 0, 1, 0, 0, 0, 1),
            ["RightLowerLeg"] = CFrame.new(9.310315363109112e-08, -0.0007264614105224609, 0.00004603080014931038, 1, 1.2665992699112394e-07, -2.4959447841865767e-07, 0, 0.943372905254364, 0.33173438906669617, 1.9371509552001953e-07, -0.3317345380783081, 0.9433728456497192),
            ["LeftUpperLeg"] = CFrame.new(2.9802322387695312e-08, -4.246830940246582e-07, 6.332993507385254e-08, 0.43632838129997253, 0.8557547926902771, 0.2780310809612274, -0.852236270904541, 0.49216628074645996, -0.17738579213619232, -0.28863632678985596, -0.1595497578382492, 0.9440514445304871),
            ["LeftLowerLeg"] = CFrame.new(1.1920928955078125e-07, -0.0007264614105224609, 0.0000810474157333374, 1, 1.4901162970204496e-08, -1.0430815677864302e-07, -8.940696716308594e-08, 0.6124055981636047, 0.7905435562133789, 0, -0.7905437350273132, 0.6124058365821838),
            ["LowerTorso"] = CFrame.new(0.0479545071721077, -0.24801838397979736, -0.03352978453040123, 0.9256577491760254, -0.3661089241504669, -0.09551015496253967, 0.3215542435646057, 0.8942350149154663, -0.31136250495910645, 0.1994011104106903, 0.25750336050987244, 0.9454794526100159),
            ["Head"] = CFrame.new(1.955777406692505e-08, -9.5367431640625e-07, 1.4901161193847656e-08, 0.8787210583686829, 0.02450057864189148, -0.476706326007843, -0.037804167717695236, 0.9991170167922974, -0.018335111439228058, 0.4758364260196686, 0.03413284942507744, 0.878871500492096),
            ["UpperTorso"] = CFrame.new(5.774199962615967e-08, -5.960464477539063e-08, 5.029141902923584e-08, 0.932413637638092, 0.23080740869045258, -0.27808815240859985, -0.11355461180210114, 0.917628824710846, 0.380871057510376, 0.34308937191963196, -0.3235511779785156, 0.8818187117576599),
            ["LeftUpperArm"] = CFrame.new(0.029202759265899658, -0.023888111114501953, 0.06496530771255493, 0.5020099878311157, -0.5110183954238892, -0.6977453827857971, -0.1923842430114746, 0.7205745577812195, -0.6661528944969177, 0.8431929349899292, 0.4686497747898102, 0.2634231746196747),
            ["RightLowerArm"] = CFrame.new(1.1920928955078125e-07, 2.384185791015625e-07, -0.0000036035198718309402, 1, -0.000006878281055833213, 0.00001801690086722374, 0.000018825010556611232, 0.14403891563415527, -0.9895720481872559, 0.000004176166385150282, 0.9895721077919006, 0.14403890073299408),
            ["LeftHand"] = CFrame.new(-0.000001605600118637085, -4.172325134277344e-07, 1.4156103134155273e-07, 0.9685929417610168, 0.23166760802268982, 0.09032505750656128, -0.24110133945941925, 0.9638621211051941, 0.1133105531334877, -0.06081145256757736, -0.13152983784675598, 0.9894453883171082),
            ["RightFoot"] = CFrame.new(2.2351741790771484e-07, 2.384185791015625e-07, 2.590968506410718e-08, 0.9123835563659668, 0.29147446155548096, 0.28740012645721436, -0.24377678334712982, 0.950934112071991, -0.19051869213581085, -0.32882988452911377, 0.10376476496458054, 0.938671350479126),
            ["RightUpperLeg"] = CFrame.new(5.960464477539063e-08, -4.470348358154297e-07, 1.0633812053129077e-07, 0.9713813066482544, -0.011944200843572617, -0.23722505569458008, 0.05615828186273575, 0.9819679856300354, 0.18051333725452423, 0.2307913899421692, -0.18866954743862152, 0.9545361399650574),
            ["RightUpperArm"] = CFrame.new(-0.029202282428741455, -0.023886561393737793, 0.0649660974740982, 0.8450978398323059, -0.22736549377441406, 0.48385390639305115, 0.2641516327857971, 0.9644466638565063, -0.00816769152879715, -0.4647941291332245, 0.13471312820911407, 0.8751107454299927),
        }},
        {Time = 0.067, Data = {
            ["LeftLowerArm"] = CFrame.new(7.748603820800781e-07, -1.7881393432617188e-07, 0.000004559755325317383, 1, 5.271282361718477e-07, 6.89179060486822e-08, -1.7136336794010276e-07, 0.4193774461746216, -0.9078114628791809, -5.99771794895787e-07, 0.9078119993209839, 0.4193786084651947),
            ["LeftFoot"] = CFrame.new(-1.6391277313232422e-07, 2.384185791015625e-07, 0, 0.8632183074951172, -0.4919654428958893, -0.11324381828308105, 0.37911897897720337, 0.7798647880554199, -0.4980761706829071, 0.33335113525390625, 0.3870154023170471, 0.8597069978713989),
            ["RightHand"] = CFrame.new(0.0000010672956705093384, 0.000001430511474609375, -6.742775440216064e-07, 0.7927327752113342, -0.6074612736701965, -0.05065703019499779, 0.585473358631134, 0.781896710395813, -0.21414503455162048, 0.16969327628612518, 0.1401016116142273, 0.975487470626831),
            ["HumanoidRootPart"] = CFrame.new(0, 0, 0, 1, 0, 0, 0, 1, 0, 0, 0, 1),
            ["Handle"] = CFrame.new(0, 0, 0, 1, 0, 0, 0, 1, 0, 0, 0, 1),
            ["RightLowerLeg"] = CFrame.new(-1.4156103134155273e-07, -0.0007264614105224609, 0.00004609471216099337, 1, 1.8626467124249757e-07, -2.1606689415420988e-07, 0, 0.9070262312889099, 0.421074241399765, 2.3096799850463867e-07, -0.42107436060905457, 0.9070262908935547),
            ["LeftUpperLeg"] = CFrame.new(0, -1.9744038581848145e-07, 1.1175870895385742e-08, 0.4617677927017212, 0.8408676981925964, 0.28233349323272705, -0.8325200080871582, 0.5206983685493469, -0.18916471302509308, -0.30607327818870544, -0.1476980447769165, 0.9404810667037964),
            ["LeftLowerLeg"] = CFrame.new(0, -0.0007262825965881348, 0.00008097290992736816, 1, 1.639128583974525e-07, 0, -2.980232594040899e-08, 0.5936498641967773, 0.8047236204147339, 5.960465188081798e-08, -0.8047235012054443, 0.593649685382843),
            ["LowerTorso"] = CFrame.new(0.029908550903201103, -0.2489081621170044, -0.03319435566663742, 0.9358842372894287, -0.34130874276161194, -0.08734457194805145, 0.2993749976158142, 0.9011423587799072, -0.3135557472705841, 0.18572917580604553, 0.26730313897132874, 0.9455441236495972),
            ["Head"] = CFrame.new(-1.862645149230957e-09, -9.5367431640625e-07, -2.421438694000244e-08, 0.8796910643577576, 0.03990158438682556, -0.47386863827705383, -0.04577626287937164, 0.9989514350891113, -0.0008635020349174738, 0.4733372628688812, 0.022451696917414665, 0.8805952072143555),
            ["UpperTorso"] = CFrame.new(-7.916241884231567e-08, -1.4901161193847656e-07, 2.60770320892334e-08, 0.9371719360351562, 0.21062523126602173, -0.2781112492084503, -0.09387747943401337, 0.920031726360321, 0.38043203949928284, 0.3359997570514679, -0.3304221034049988, 0.8820008635520935),
            ["LeftUpperArm"] = CFrame.new(0.029202818870544434, -0.023888707160949707, 0.06496518105268478, 0.4955153167247772, -0.4838431179523468, -0.721361517906189, -0.20181146264076233, 0.743629515171051, -0.6374061703681946, 0.8448293805122375, 0.46142280101776123, 0.270833820104599),
            ["RightLowerArm"] = CFrame.new(8.940696716308594e-08, 0, -0.0000035874545574188232, 1, -0.000006728104835929116, 0.000018050903236144222, 0.0000187908281077398, 0.13692685961723328, -0.9905811548233032, 0.000004190019808447687, 0.990581214427948, 0.13692718744277954),
            ["LeftHand"] = CFrame.new(-0.000001332256942987442, -5.364418029785156e-07, -1.564621925354004e-07, 0.9657490849494934, 0.23905545473098755, 0.10090487450361252, -0.25027230381965637, 0.9608317613601685, 0.11901769787073135, -0.06850144267082214, -0.14019539952278137, 0.9877515435218811),
            ["RightFoot"] = CFrame.new(1.862645149230957e-07, 2.980232238769531e-07, 7.992639439180493e-08, 0.9149099588394165, 0.2911870777606964, 0.2795524001121521, -0.2307378053665161, 0.9455116391181946, -0.2297133356332779, -0.33120957016944885, 0.14566373825073242, 0.9322459101676941),
            ["RightUpperLeg"] = CFrame.new(-1.1920928955078125e-07, -5.8673322200775146e-08, -1.287116901949048e-08, 0.9694995284080505, -0.056476891040802, -0.23849770426750183, 0.08919753134250641, 0.9876628518104553, 0.12870903313159943, 0.22828629612922668, -0.14605677127838135, 0.962576150894165),
            ["RightUpperArm"] = CFrame.new(-0.02920234203338623, -0.023886680603027344, 0.06496614217758179, 0.8331868052482605, -0.2211058884859085, 0.5068647265434265, 0.24975080788135529, 0.9682379364967346, 0.011825869791209698, -0.4933803975582123, 0.11673711985349655, 0.8619446158409119),
        }},
        {Time = 0.083, Data = {
            ["LeftLowerArm"] = CFrame.new(7.748603820800781e-07, 2.980232238769531e-07, 0.000005081295967102051, 1, 5.590262617261033e-07, 1.303851746570217e-07, -1.4156101713069802e-07, 0.40027686953544617, -0.9163939952850342, -5.550681976274063e-07, 0.9163942933082581, 0.400277704000473),
            ["LeftFoot"] = CFrame.new(-8.940696716308594e-08, 1.1920928955078125e-07, 6.705522537231445e-08, 0.8683640360832214, -0.4773678481578827, -0.13440215587615967, 0.3637261390686035, 0.7972717881202698, -0.48172709345817566, 0.33711615204811096, 0.36942893266677856, 0.8659533262252808),
            ["RightHand"] = CFrame.new(0.0000010207295417785645, 0.0000013709068298339844, -7.897615432739258e-07, 0.7708762288093567, -0.6348317861557007, -0.052333809435367584, 0.6093905568122864, 0.7589079141616821, -0.2295687049627304, 0.18545354902744293, 0.14507733285427094, 0.9718844294548035),
            ["HumanoidRootPart"] = CFrame.new(0, 0, 0, 1, 0, 0, 0, 1, 0, 0, 0, 1),
            ["Handle"] = CFrame.new(0, 0, 0, 1, 0, 0, 0, 1, 0, 0, 0, 1),
            ["RightLowerLeg"] = CFrame.new(2.2351741790771484e-08, -0.0007262825965881348, 0.00004614314093487337, 1, 2.0861632776814076e-07, -2.0861631355728605e-07, 7.450581485102248e-09, 0.85284823179245, 0.5221585631370544, 2.9802325229866256e-07, -0.5221589803695679, 0.8528484106063843),
            ["LeftUpperLeg"] = CFrame.new(8.940696716308594e-08, -3.855675458908081e-07, -1.862645149230957e-08, 0.4977172911167145, 0.8168079257011414, 0.2917233407497406, -0.8013165593147278, 0.5617538094520569, -0.20572887361049652, -0.33191773295402527, -0.13136795163154602, 0.9341162443161011),
            ["LeftLowerLeg"] = CFrame.new(3.725290298461914e-08, -0.0007265210151672363, 0.00008101761341094971, 1, 1.341104365337742e-07, 5.960465898624534e-08, -8.940696716308594e-08, 0.572952151298523, 0.8195887804031372, 2.9802322387695312e-08, -0.8195887804031372, 0.5729522705078125),
            ["LowerTorso"] = CFrame.new(0.005763974040746689, -0.2519378662109375, -0.028945429250597954, 0.9494598507881165, -0.3015344440937042, -0.08719547837972641, 0.26155951619148254, 0.9136077165603638, -0.3112999200820923, 0.17353007197380066, 0.27275991439819336, 0.9463030695915222),
            ["Head"] = CFrame.new(-4.7497451305389404e-08, -0.0000011920928955078125, 3.725290298461914e-09, 0.8766374588012695, 0.060509681701660156, -0.4773310720920563, -0.058430783450603485, 0.9981065988540649, 0.019216444343328476, 0.4775904417037964, 0.011044670827686787, 0.8785133957862854),
            ["UpperTorso"] = CFrame.new(5.587935447692871e-08, -1.7881393432617188e-07, 9.313225746154785e-10, 0.9453803896903992, 0.171615868806839, -0.2771352231502533, -0.06004374474287033, 0.9273216128349304, 0.36941805481910706, 0.320391446352005, -0.33260011672973633, 0.8869760036468506),
            ["LeftUpperArm"] = CFrame.new(0.029202818870544434, -0.023888587951660156, 0.06496508419513702, 0.4843747913837433, -0.4553107023239136, -0.7470442652702332, -0.2137906700372696, 0.7664088010787964, -0.6057311296463013, 0.8483363389968872, 0.4531112313270569, 0.27388796210289),
            ["RightLowerArm"] = CFrame.new(1.1920928955078125e-07, 8.344650268554688e-07, -0.0000035241246223449707, 1, -0.00000672787609801162, 0.000018002463548327796, 0.00001879595401987899, 0.1356772482395172, -0.990753173828125, 0.00000418350145992008, 0.990753173828125, 0.13567692041397095),
            ["LeftHand"] = CFrame.new(-0.000001368112862110138, -4.76837158203125e-07, 1.825392246246338e-07, 0.9635792970657349, 0.24270164966583252, 0.11229930818080902, -0.2559458017349243, 0.9586719870567322, 0.12425464391708374, -0.07750265300273895, -0.14847217500209808, 0.9858750700950623),
            ["RightFoot"] = CFrame.new(1.9371509552001953e-07, 3.5762786865234375e-07, -5.75528247281909e-09, 0.9168424606323242, 0.2936348021030426, 0.27051523327827454, -0.220914825797081, 0.9374956488609314, -0.2688840925693512, -0.3325606882572174, 0.18676365911960602, 0.9244040846824646),
            ["RightUpperLeg"] = CFrame.new(5.960464477539063e-08, -2.7567148208618164e-07, 4.300818545743823e-08, 0.9655464887619019, -0.12218258529901505, -0.22976374626159668, 0.13785314559936523, 0.9890136122703552, 0.05337362363934517, 0.2207181453704834, -0.08320841938257217, 0.9717819094657898),
            ["RightUpperArm"] = CFrame.new(-0.029202401638031006, -0.023886919021606445, 0.06496618688106537, 0.8212717175483704, -0.21327035129070282, 0.5291767120361328, 0.2304561287164688, 0.9724791049957275, 0.03426700085401535, -0.5219222903251648, 0.09380912035703659, 0.8478193879127502),
        }},
        {Time = 0.100, Data = {
            ["LeftLowerArm"] = CFrame.new(9.5367431640625e-07, -5.364418029785156e-07, 0.000005029141902923584, 1, 5.457549718812515e-07, 3.911554458113642e-08, -1.601874686230076e-07, 0.38882601261138916, -0.9213110208511353, -5.364417461350968e-07, 0.9213111996650696, 0.38882654905319214),
            ["LeftFoot"] = CFrame.new(0, 2.384185791015625e-07, -7.450580596923828e-08, 0.8669895529747009, -0.4638107120990753, -0.18223293125629425, 0.34466543793678284, 0.822230875492096, -0.45292600989341736, 0.35990971326828003, 0.32987290620803833, 0.8727251291275024),
            ["RightHand"] = CFrame.new(0.0000010281801223754883, 0.0000012516975402832031, -7.860362529754639e-07, 0.7455999255180359, -0.6643646955490112, -0.05196860060095787, 0.6349108219146729, 0.7318981885910034, -0.24741321802139282, 0.20240817964076996, 0.15147534012794495, 0.9675154089927673),
            ["HumanoidRootPart"] = CFrame.new(0, 0, 0, 1, 0, 0, 0, 1, 0, 0, 0, 1),
            ["Handle"] = CFrame.new(0, 0, 0, 1, 0, 0, 0, 1, 0, 0, 0, 1),
            ["RightLowerLeg"] = CFrame.new(-1.2293457984924316e-07, -0.0007264018058776855, 0.00004608353629009798, 1, 2.3841863594498136e-07, -1.7881397695873602e-07, 4.4703494239684005e-08, 0.7879067659378052, 0.6157943606376648, 2.6822095833267667e-07, -0.6157944798469543, 0.7879068851470947),
            ["LeftUpperLeg"] = CFrame.new(5.960464477539063e-08, -4.5821070671081543e-07, -1.4901161193847656e-08, 0.5285350680351257, 0.7933570146560669, 0.30205196142196655, -0.7662720680236816, 0.5989925861358643, -0.23245438933372498, -0.3653462529182434, -0.1085938811302185, 0.9245159029960632),
            ["LeftLowerLeg"] = CFrame.new(8.195638656616211e-08, -0.0007264614105224609, 0.00008092820644378662, 1, 1.1175868053214799e-07, 2.980232594040899e-08, -1.1175870895385742e-07, 0.550750732421875, 0.8346696496009827, 1.043081283569336e-07, -0.8346697688102722, 0.5507510304450989),
            ["LowerTorso"] = CFrame.new(-0.020281493663787842, -0.25574731826782227, -0.02238442189991474, 0.9623573422431946, -0.25658145546913147, -0.08963415771722794, 0.21873292326927185, 0.92691969871521, -0.3049193322658539, 0.1613202840089798, 0.2738353908061981, 0.9481508731842041),
            ["Head"] = CFrame.new(-1.862645149230957e-09, -9.5367431640625e-07, 2.0489096641540527e-08, 0.8702036142349243, 0.08184018731117249, -0.48584744334220886, -0.07316921651363373, 0.9966393709182739, 0.036828186362981796, 0.48722875118255615, 0.0035008308477699757, 0.8732674717903137),
            ["UpperTorso"] = CFrame.new(8.66129994392395e-08, -1.7881393432617188e-07, -2.2351741790771484e-08, 0.9532789587974548, 0.1254091113805771, -0.2748306691646576, -0.021251581609249115, 0.9353449940681458, 0.353098064661026, 0.3013431131839752, -0.33076027035713196, 0.8943096995353699),
            ["LeftUpperArm"] = CFrame.new(0.029202818870544434, -0.023888587951660156, 0.06496518850326538, 0.46956342458724976, -0.42777249217033386, -0.7723491191864014, -0.2312997728586197, 0.7846322655677795, -0.575197160243988, 0.8520626425743103, 0.44873496890068054, 0.26949024200439453),
            ["RightLowerArm"] = CFrame.new(1.7881393432617188e-07, 4.76837158203125e-07, -0.0000036656856536865234, 1, -0.0000067278751885169186, 0.000018054619431495667, 0.00001883413460745942, 0.13680438697338104, -0.9905981421470642, 0.000004248693130648462, 0.9905981421470642, 0.13680429756641388),
            ["LeftHand"] = CFrame.new(-0.000001394655555486679, -5.364418029785156e-07, 1.7508864402770996e-07, 0.9615611433982849, 0.24353207647800446, 0.12685690820217133, -0.25890347361564636, 0.9579913020133972, 0.12337382882833481, -0.09148336201906204, -0.15147539973258972, 0.9842185974121094),
            ["RightFoot"] = CFrame.new(1.862645149230957e-07, 1.1920928955078125e-07, -3.55576048605144e-08, 0.9136012196540833, 0.2961326241493225, 0.27863627672195435, -0.2166587859392166, 0.9344178438186646, -0.2827053368091583, -0.3440810739994049, 0.19791102409362793, 0.9178450703620911),
            ["RightUpperLeg"] = CFrame.new(2.9802322387695312e-08, -2.6635825634002686e-07, -1.0227813618257642e-07, 0.9541292190551758, -0.1982921063899994, -0.22431594133377075, 0.19578197598457336, 0.9800713658332825, -0.03360939025878906, 0.22651001811027527, -0.011849513277411461, 0.9739367365837097),
            ["RightUpperArm"] = CFrame.new(-0.029202282428741455, -0.023886442184448242, 0.06496617197990417, 0.8099702596664429, -0.20453594624996185, 0.5496482849121094, 0.21040166914463043, 0.9761664867401123, 0.053201209753751755, -0.5474297404289246, 0.07255494594573975, 0.8337004780769348),
        }},
        {Time = 0.117, Data = {
            ["LeftLowerArm"] = CFrame.new(8.642673492431641e-07, 0, 0.000004857778549194336, 1, 5.625185508506547e-07, 9.126964783945368e-08, -1.6763806343078613e-07, 0.3886077105998993, -0.9214029908180237, -5.327165126800537e-07, 0.9214033484458923, 0.3886086940765381),
            ["LeftFoot"] = CFrame.new(2.9802322387695312e-08, 1.7881393432617188e-07, 0, 0.8584538102149963, -0.4470045566558838, -0.2514835000038147, 0.32520362734794617, 0.853549599647522, -0.4070574641227722, 0.39661040902137756, 0.267656534910202, 0.8781004548072815),
            ["RightHand"] = CFrame.new(0.0000011324882507324219, 0.0000013113021850585938, -8.270144462585449e-07, 0.7001914381980896, -0.7103895545005798, -0.07127086073160172, 0.6682233810424805, 0.6872199773788452, -0.2849659025669098, 0.2514152526855469, 0.15190573036670685, 0.9558843970298767),
            ["HumanoidRootPart"] = CFrame.new(0, 0, 0, 1, 0, 0, 0, 1, 0, 0, 0, 1),
            ["Handle"] = CFrame.new(0, 0, 0, 1, 0, 0, 0, 1, 0, 0, 0, 1),
            ["RightLowerLeg"] = CFrame.new(-9.685754776000977e-08, -0.0007265806198120117, 0.000046090986870694906, 1, 2.831220911048149e-07, -1.4901162614933128e-07, -8.195635814445268e-08, 0.715794026851654, 0.6983112692832947, 2.8312194899626775e-07, -0.6983115077018738, 0.7157943248748779),
            ["LeftUpperLeg"] = CFrame.new(8.940696716308594e-08, -1.4528632164001465e-07, -3.725290298461914e-08, 0.5447520017623901, 0.7773056030273438, 0.31470829248428345, -0.7317233681678772, 0.6239150762557983, -0.27442845702171326, -0.4096660017967224, -0.0807839035987854, 0.90865159034729),
            ["LeftLowerLeg"] = CFrame.new(-7.450580596923828e-08, -0.0007263422012329102, 0.00008110702037811279, 1, 1.7136336794010276e-07, 0, -5.2154071283894154e-08, 0.5241327285766602, 0.8516367077827454, 2.980232594040899e-08, -0.8516367077827454, 0.5241326689720154),
            ["LowerTorso"] = CFrame.new(-0.04731807857751846, -0.2596231698989868, -0.014640768989920616, 0.9725316762924194, -0.21383510529994965, -0.09196010231971741, 0.17845064401626587, 0.9385930895805359, -0.2952936887741089, 0.14945727586746216, 0.27077212929725647, 0.9509705901145935),
            ["Head"] = CFrame.new(-1.862645149230957e-09, -7.152557373046875e-07, -1.0244548320770264e-08, 0.8599322438240051, 0.09892070293426514, -0.5007306933403015, -0.08751966804265976, 0.9950872659683228, 0.046280015259981155, 0.5028488636016846, 0.004025984555482864, 0.8643650412559509),
            ["UpperTorso"] = CFrame.new(5.774199962615967e-08, 2.9802322387695312e-08, -3.166496753692627e-08, 0.959800660610199, 0.08208270370960236, -0.268412321805954, 0.013477370142936707, 0.9417037963867188, 0.33617332577705383, 0.28035876154899597, -0.3262768089771271, 0.9027416110038757),
            ["LeftUpperArm"] = CFrame.new(0.02920287847518921, -0.023888230323791504, 0.06496521085500717, 0.4512926936149597, -0.4080537259578705, -0.7936174869537354, -0.25554385781288147, 0.7929919362068176, -0.553046703338623, 0.8550043106079102, 0.4523892402648926, 0.2535956799983978),
            ["RightLowerArm"] = CFrame.new(5.662441253662109e-07, 7.152557373046875e-07, -0.0000036209821701049805, 1, -0.000007100400125636952, 0.0000178515947482083, 0.00001880154013633728, 0.15718720853328705, -0.9875688552856445, 0.000004205852746963501, 0.9875688552856445, 0.15718747675418854),
            ["LeftHand"] = CFrame.new(-0.0000015331897884607315, -4.172325134277344e-07, 7.264316082000732e-08, 0.9596526026725769, 0.2410622239112854, 0.14476226270198822, -0.25833097100257874, 0.9591482877731323, 0.11532250046730042, -0.11104969680309296, -0.14806653559207916, 0.9827231168746948),
            ["RightFoot"] = CFrame.new(2.0116567611694336e-07, 2.384185791015625e-07, 6.875052349641919e-08, 0.9047945141792297, 0.29244425892829895, 0.30955320596694946, -0.21355780959129333, 0.9404971599578857, -0.2643073797225952, -0.3684292733669281, 0.17303642630577087, 0.9134103059768677),
            ["RightUpperLeg"] = CFrame.new(5.960464477539063e-08, 6.798654794692993e-08, -3.894820110872388e-08, 0.9345794916152954, -0.278181254863739, -0.22175729274749756, 0.25464487075805664, 0.95838463306427, -0.1290546953678131, 0.2484293282032013, 0.06414240598678589, 0.9665240049362183),
            ["RightUpperArm"] = CFrame.new(-0.02920234203338623, -0.02388632297515869, 0.06496607512235641, 0.7830402255058289, -0.21893122792243958, 0.5821652412414551, 0.2186359316110611, 0.9731545448303223, 0.07189188152551651, -0.5822769403457642, 0.07098796963691711, 0.8098859190940857),
        }},
        {Time = 0.133, Data = {
            ["LeftLowerArm"] = CFrame.new(8.046627044677734e-07, 2.384185791015625e-07, 0.000004783272743225098, 1, 5.885957534701447e-07, 4.842878453814592e-08, -1.6763806343078613e-07, 0.39638781547546387, -0.9180830717086792, -5.140900611877441e-07, 0.9180831909179688, 0.39638814330101013),
            ["LeftFoot"] = CFrame.new(-1.043081283569336e-07, 5.960464477539063e-08, 2.9802322387695312e-08, 0.8467608690261841, -0.42032507061958313, -0.32607176899909973, 0.30413538217544556, 0.8853969573974609, -0.351531058549881, 0.4364604949951172, 0.19849272072315216, 0.877555251121521),
            ["RightHand"] = CFrame.new(9.238719940185547e-07, 0.0000014901161193847656, -9.5367431640625e-07, 0.6883604526519775, -0.7227000594139099, -0.06216699257493019, 0.6808412671089172, 0.6732925772666931, -0.2883266806602478, 0.2502300441265106, 0.15614672005176544, 0.9555119276046753),
            ["HumanoidRootPart"] = CFrame.new(0, 0, 0, 1, 0, 0, 0, 1, 0, 0, 0, 1),
            ["Handle"] = CFrame.new(0, 0, 0, 1, 0, 0, 0, 1, 0, 0, 0, 1),
            ["RightLowerLeg"] = CFrame.new(1.043081283569336e-07, -0.0007264018058776855, 0.00004604628338711336, 1, 2.3096808376976696e-07, -2.0116574717121694e-07, -2.9802318834981634e-08, 0.6414318084716797, 0.7671798467636108, 2.3841855067985307e-07, -0.7671801447868347, 0.6414321660995483),
            ["LeftUpperLeg"] = CFrame.new(-8.940696716308594e-08, -4.880130290985107e-07, 1.862645149230957e-08, 0.5503100752830505, 0.7655723690986633, 0.3332533836364746, -0.6960301995277405, 0.6410789489746094, -0.32335707545280457, -0.4611949920654297, -0.05400782823562622, 0.8856537342071533),
            ["LeftLowerLeg"] = CFrame.new(-5.960464477539063e-08, -0.0007263422012329102, 0.00008086860179901123, 1, 3.7252888773764425e-08, -1.4901162970204496e-08, -6.705522537231445e-08, 0.4949750602245331, 0.8689072132110596, 7.450580596923828e-08, -0.8689071536064148, 0.49497517943382263),
            ["LowerTorso"] = CFrame.new(-0.07581888884305954, -0.26315855979919434, -0.006791505962610245, 0.9802157878875732, -0.17354436218738556, -0.09518169611692429, 0.14038345217704773, 0.9485573172569275, -0.2837808132171631, 0.1395338475704193, 0.264804482460022, 0.9541535973548889),
            ["Head"] = CFrame.new(-3.3527612686157227e-08, -7.152557373046875e-07, 1.862645149230957e-09, 0.8477015495300293, 0.10748035460710526, -0.519470751285553, -0.097188800573349, 0.9941510558128357, 0.04709504544734955, 0.5214945077896118, 0.010563895106315613, 0.8531894683837891),
            ["UpperTorso"] = CFrame.new(-5.8673322200775146e-08, -1.4901161193847656e-07, -1.5832483768463135e-08, 0.9652140140533447, 0.04306155443191528, -0.2578909993171692, 0.04321480169892311, 0.9465043544769287, 0.3197847306728363, 0.25786513090133667, -0.31980523467063904, 0.9117181301116943),
