return {
    ["Say Cheese!"] = {
        {Time = 0.000, Data = {
            ["LeftFoot"] = CFrame.new(6.705522537231445e-08, -5.960464477539063e-08, -1.1175870895385742e-08, 0.9774741530418396, -0.19732500612735748, -0.07488050311803818, 0.1666196584701538, 0.939247190952301, -0.30008840560913086, 0.12954623997211456, 0.2808517515659332, 0.9509678483009338),
            ["LeftLowerArm"] = CFrame.new(4.470348358154297e-07, 0, 1.1920928955078125e-07, 1, -6.100161442645913e-08, 3.7252898543727042e-09, 4.470348358154297e-08, 0.8366641998291016, -0.5477163195610046, 2.9802322387695312e-08, 0.5477163791656494, 0.836664080619812),
            ["LowerTorso"] = CFrame.new(-0.06389155238866806, -0.30493593215942383, 0.17792558670043945, 0.7481752038002014, 0.024869075044989586, -0.6630350351333618, 0.07409990578889847, 0.9899141192436218, 0.12074468284845352, 0.659350574016571, -0.1394689977169037, 0.7387863397598267),
            ["Head"] = CFrame.new(-2.9802322387695312e-08, -2.384185791015625e-07, 1.1175870895385742e-07, 0.8016356229782104, 0.036561768501996994, 0.5966938138008118, 0.07565094530582428, 0.9838995933532715, -0.16192147135734558, -0.59300696849823, 0.17494256794452667, 0.7859631180763245),
            ["RightUpperArm"] = CFrame.new(1.1920928955078125e-07, -4.76837158203125e-07, 2.980232238769531e-07, 0.869966447353363, -0.3199062943458557, 0.3752576410770416, 0.19702492654323578, 0.9231219291687012, 0.3301927149295807, -0.45203936100006104, -0.21332144737243652, 0.8661145567893982),
            ["UpperTorso"] = CFrame.new(1.1175870895385742e-08, -2.384185791015625e-07, -1.1175870895385742e-08, 0.997337818145752, -0.0063121928833425045, 0.0726461187005043, -0.007931072264909744, 0.9809463620185852, 0.19411736726760864, -0.07248707115650177, -0.19417674839496613, 0.9782847762107849),
            ["HumanoidRootPart"] = CFrame.new(0, 0, 0, 1, 0, 0, 0, 1, 0, 0, 0, 1),
            ["RightHand"] = CFrame.new(9.685754776000977e-08, 7.748603820800781e-07, -1.4901161193847656e-08, 0.9172970056533813, 0.21703022718429565, -0.3338625431060791, -0.27155157923698425, 0.9541621208190918, -0.1258346289396286, 0.29124900698661804, 0.20608872175216675, 0.9341849684715271),
            ["LeftUpperArm"] = CFrame.new(1.1920928955078125e-07, -3.5762786865234375e-07, 2.086162567138672e-07, 0.9630818963050842, 0.25962796807289124, -0.07118003815412521, -0.2518223226070404, 0.9623017311096191, 0.102766253054142, 0.095177561044693, -0.08104761689901352, 0.9921555519104004),
            ["RightLowerArm"] = CFrame.new(-1.4901161193847656e-07, -1.7881393432617188e-07, 3.5762786865234375e-07, 1, -5.4540560512350567e-08, 3.0908264392337514e-08, 3.5390250729960826e-08, 0.7876443862915039, -0.6161302328109741, 3.352760558072987e-08, 0.6161301732063293, 0.7876443266868591),
            ["LeftHand"] = CFrame.new(-2.086162567138672e-07, 1.1920928955078125e-07, 1.043081283569336e-07, 0.9726237654685974, -0.003521808423101902, 0.23235903680324554, 0.03807009384036064, 0.9887911677360535, -0.14436990022659302, -0.22924619913101196, 0.14926356077194214, 0.9618558287620544),
            ["RightUpperLeg"] = CFrame.new(5.960464477539063e-08, -2.0582228899002075e-07, 7.281050784513354e-08, 0.98203045129776, -0.1885467767715454, 0.008146501146256924, 0.16386379301548004, 0.8304672837257385, -0.5324218273162842, 0.09362112730741501, 0.5241892337799072, 0.8464399576187134),
            ["LeftUpperLeg"] = CFrame.new(-5.960464477539063e-08, -1.3969838619232178e-07, -4.470348358154297e-08, 0.7075496315956116, 0.6411288976669312, 0.29719915986061096, -0.16465258598327637, 0.5585614442825317, -0.812956690788269, -0.6872138977050781, 0.5262725949287415, 0.500773549079895),
            ["RightLowerLeg"] = CFrame.new(-5.960464477539063e-08, -0.000060439109802246094, -0.00007204541907412931, 1, -7.450579886381092e-08, -4.4703490686970326e-08, 1.1175870895385742e-07, 0.5513081550598145, 0.8343015909194946, 3.725290298461914e-08, -0.834301769733429, 0.5513084530830383),
            ["RightFoot"] = CFrame.new(-2.60770320892334e-08, 2.384185791015625e-07, 9.110226528719068e-08, 0.9470872282981873, 0.2979952394962311, -0.11926818639039993, -0.31765952706336975, 0.8169093728065491, -0.48140546679496765, -0.046025749295949936, 0.493819922208786, 0.8683455586433411),
            ["LeftLowerLeg"] = CFrame.new(-1.4901161193847656e-08, 0.000060617923736572266, 0.00007210671901702881, 1, 8.24220549588972e-08, 6.519257311765614e-08, -9.313225746154785e-08, 0.438879132270813, 0.8985460996627808, 6.05359673500061e-08, -0.8985460996627808, 0.43887922167778015),
        }},
        {Time = 0.033, Data = {
            ["LeftFoot"] = CFrame.new(-8.195638656616211e-08, 0, -7.450580596923828e-09, 0.9770663976669312, -0.1714503914117813, -0.1262778639793396, 0.14595644176006317, 0.9710514545440674, -0.18909256160259247, 0.15504226088523865, 0.1663244515657425, 0.9738059639930725),
            ["LeftLowerArm"] = CFrame.new(1.7881393432617188e-07, 3.5762786865234375e-07, 1.1920928955078125e-07, 1, -4.097818262494002e-08, -8.568167686462402e-08, 5.21540641784668e-08, 0.7945727705955505, -0.6071690917015076, 7.450580596923828e-08, 0.6071690917015076, 0.7945727109909058),
            ["LowerTorso"] = CFrame.new(-0.04072064161300659, -0.27574729919433594, 0.17627830803394318, 0.8181363940238953, 0.018799500539898872, -0.5747169256210327, 0.0571744441986084, 0.9918531775474548, 0.113834910094738, 0.5721747875213623, -0.1259915977716446, 0.8103963136672974),
            ["Head"] = CFrame.new(-4.470348358154297e-08, 1.1920928955078125e-07, 0, 0.8561981916427612, 0.04425128549337387, 0.5147490501403809, 0.03958172723650932, 0.9877786636352539, -0.1507534682750702, -0.5151292681694031, 0.14944955706596375, 0.8439828157424927),
            ["RightUpperArm"] = CFrame.new(1.1920928955078125e-07, -1.1920928955078125e-07, 8.940696716308594e-08, 0.8505222797393799, -0.34153303503990173, 0.3999587893486023, 0.20578992366790771, 0.9159436225891113, 0.3445258140563965, -0.48400673270225525, -0.21071940660476685, 0.8493144512176514),
            ["UpperTorso"] = CFrame.new(7.450580596923828e-09, -5.960464477539063e-08, 5.587935447692871e-09, 0.9978082180023193, -0.005585529375821352, 0.06593737751245499, -0.006469530053436756, 0.9834237694740295, 0.18120673298835754, -0.0658564567565918, -0.18123610317707062, 0.9812320470809937),
            ["HumanoidRootPart"] = CFrame.new(0, 0, 0, 1, 0, 0, 0, 1, 0, 0, 0, 1),
            ["RightHand"] = CFrame.new(-3.771856427192688e-08, 2.384185791015625e-07, 2.2817403078079224e-08, 0.9473859071731567, 0.1839669793844223, -0.26194682717323303, -0.23921717703342438, 0.9506628513336182, -0.19752267003059387, 0.21268543601036072, 0.24979248642921448, 0.9446526765823364),
            ["LeftUpperArm"] = CFrame.new(5.960464477539063e-08, 1.1920928955078125e-07, 5.960464477539063e-08, 0.9392982721328735, 0.304129421710968, -0.15882113575935364, -0.2910992205142975, 0.9514226913452148, 0.10028067976236343, 0.18160422146320343, -0.04796088486909866, 0.9822014570236206),
            ["RightLowerArm"] = CFrame.new(1.7881393432617188e-07, -2.384185791015625e-07, 2.1606683731079102e-07, 1, -3.384774416304026e-08, 3.958120498026574e-09, 3.119929914419117e-08, 0.8244359493255615, -0.5659553408622742, 9.778884368927265e-09, 0.5659552216529846, 0.8244359493255615),
            ["LeftHand"] = CFrame.new(5.960464477539063e-08, 0, -5.960464477539063e-08, 0.9886991381645203, 0.018138499930500984, 0.14881274104118347, -0.004014980047941208, 0.9955011606216431, -0.09466435015201569, -0.14986005425453186, 0.09299709647893906, 0.9843238592147827),
            ["RightUpperLeg"] = CFrame.new(-2.9802322387695312e-08, 1.862645149230957e-08, 1.3205863069742918e-08, 0.9754016399383545, -0.21508483588695526, -0.04827143996953964, 0.16564232110977173, 0.8596464395523071, -0.4832916855812073, 0.14544500410556793, 0.4634075164794922, 0.8741276264190674),
            ["LeftUpperLeg"] = CFrame.new(-5.960464477539063e-08, 1.341104507446289e-07, 3.725290298461914e-08, 0.7621446251869202, 0.5839735865592957, 0.2794826626777649, -0.14383108913898468, 0.5736386179924011, -0.8063817024230957, -0.6312276124954224, 0.5743811130523682, 0.5211890935897827),
            ["RightLowerLeg"] = CFrame.new(-7.450580596923828e-08, -0.00006020069122314453, -0.00007198581442935392, 1, -7.450579886381092e-08, -4.4703490686970326e-08, 1.3411046495548362e-07, 0.5607584118843079, 0.8279792666435242, 2.2351745343485163e-08, -0.8279794454574585, 0.5607587695121765),
            ["RightFoot"] = CFrame.new(1.0058283805847168e-07, 3.5762786865234375e-07, -4.300818545743823e-08, 0.9620091915130615, 0.2542716860771179, -0.09942014515399933, -0.26994821429252625, 0.8314387798309326, -0.4856306314468384, -0.04082077741622925, 0.49401983618736267, 0.8684921264648438),
            ["LeftLowerLeg"] = CFrame.new(-2.2351741790771484e-08, 0.00006085634231567383, 0.00007219240069389343, 1, 8.661302075552157e-08, 6.332993507385254e-08, -9.313227167240257e-08, 0.5057960152626038, 0.8626531362533569, 2.2351745343485163e-08, -0.8626531362533569, 0.5057960152626038),
        }},
        {Time = 0.067, Data = {
            ["LeftFoot"] = CFrame.new(-7.450580596923828e-08, 1.1920928955078125e-07, 2.9802322387695312e-08, 0.973057210445404, -0.14303003251552582, -0.1808374524116516, 0.13199558854103088, 0.9886531233787537, -0.07171078026294708, 0.18904228508472443, 0.04590854421257973, 0.9808952212333679),
            ["LeftLowerArm"] = CFrame.new(3.5762786865234375e-07, 4.76837158203125e-07, 2.980232238769531e-07, 1, -5.960463766996327e-08, -7.450581485102248e-09, 5.960464477539063e-08, 0.7821222543716431, -0.6231250166893005, 7.450580596923828e-08, 0.6231250166893005, 0.7821223139762878),
            ["LowerTorso"] = CFrame.new(-0.01784363016486168, -0.24476265907287598, 0.1742784082889557, 0.8788119554519653, 0.014561096206307411, -0.47694602608680725, 0.04002616927027702, 0.9937621355056763, 0.10409091413021088, 0.47548654675483704, -0.11056668311357498, 0.8727471828460693),
            ["Head"] = CFrame.new(-2.2351741790771484e-08, -1.1920928955078125e-07, 8.940696716308594e-08, 0.9035260677337646, 0.054474569857120514, 0.4250568449497223, 0.0039992001838982105, 0.9907724857330322, -0.13547658920288086, -0.428514689207077, 0.12410666793584824, 0.8949708938598633),
            ["RightUpperArm"] = CFrame.new(2.384185791015625e-07, -4.76837158203125e-07, -2.9802322387695312e-08, 0.8283490538597107, -0.36144009232521057, 0.4280175566673279, 0.21125489473342896, 0.9091570377349854, 0.3588942587375641, -0.5188538432121277, -0.20686876773834229, 0.8294551372528076),
            ["UpperTorso"] = CFrame.new(8.381903171539307e-09, -5.066394805908203e-07, 2.2817403078079224e-08, 0.9981935620307922, -0.005570967216044664, 0.059821877628564835, -0.004545910283923149, 0.9858343005180359, 0.1676606684923172, -0.05990852415561676, -0.16762976348400116, 0.9840281009674072),
            ["HumanoidRootPart"] = CFrame.new(0, 0, 0, 1, 0, 0, 0, 1, 0, 0, 0, 1),
            ["RightHand"] = CFrame.new(0, 2.384185791015625e-07, -2.2351741790771484e-08, 0.9722768664360046, 0.1384863406419754, -0.18841296434402466, -0.17703568935394287, 0.9623576402664185, -0.20621898770332336, 0.15276208519935608, 0.23385776579380035, 0.960195004940033),
            ["LeftUpperArm"] = CFrame.new(0, 0, 5.960464477539063e-08, 0.9059625267982483, 0.3421373665332794, -0.2493470460176468, -0.32683420181274414, 0.939589262008667, 0.10174203664064407, 0.26909348368644714, -0.010679274797439575, 0.963054895401001),
            ["RightLowerArm"] = CFrame.new(1.1920928955078125e-07, 0, 4.842877388000488e-07, 1, -3.8184211348379904e-08, -1.280568362460599e-08, 5.215404996761208e-08, 0.8310717344284058, -0.5561652779579163, 3.352760558072987e-08, 0.5561652183532715, 0.8310717344284058),
            ["LeftHand"] = CFrame.new(3.5762786865234375e-07, 1.1920928955078125e-07, 8.940696716308594e-08, 0.9969303607940674, 0.05035795643925667, 0.059949733316898346, -0.04517161846160889, 0.9953623414039612, -0.08493129909038544, -0.06394864618778229, 0.08196258544921875, 0.9945816993713379),
            ["RightUpperLeg"] = CFrame.new(5.960464477539063e-08, -2.1141022443771362e-07, 5.790934665128589e-08, 0.9654099941253662, -0.23489640653133392, -0.1131698340177536, 0.16634418070316315, 0.8891029953956604, -0.42641013860702515, 0.20078173279762268, 0.3928353786468506, 0.8974224328994751),
            ["LeftUpperLeg"] = CFrame.new(-1.1920928955078125e-07, -1.3690441846847534e-07, 1.862645149230957e-08, 0.8117727041244507, 0.5184899568557739, 0.2686883211135864, -0.12131274491548538, 0.599791407585144, -0.7909067869186401, -0.5712341070175171, 0.6094411611557007, 0.5497936606407166),
            ["RightLowerLeg"] = CFrame.new(-1.4901161193847656e-08, -0.000060498714447021484, -0.00007197091326816007, 1, -5.960463056453591e-08, -1.4901161193847656e-08, 1.1920927533992653e-07, 0.5809353590011597, 0.8139495253562927, 2.9802318834981634e-08, -0.8139497637748718, 0.5809357166290283),
            ["RightFoot"] = CFrame.new(-6.705522537231445e-08, 3.5762786865234375e-07, 4.639878170564771e-08, 0.9750977158546448, 0.20750188827514648, -0.07827877998352051, -0.21904462575912476, 0.8458773493766785, -0.4863235354423523, -0.034699227660894394, 0.4913598299026489, 0.8702654242515564),
            ["LeftLowerLeg"] = CFrame.new(-7.450580596923828e-08, 0.00006073713302612305, 0.00007207877933979034, 1, 7.264316792543468e-08, 5.029141902923584e-08, -9.685756197086448e-08, 0.5894346833229065, 0.8078161478042603, 3.725290653733282e-08, -0.8078161478042603, 0.5894346833229065),
        }},
        {Time = 0.100, Data = {
            ["LeftFoot"] = CFrame.new(-1.601874828338623e-07, -5.960464477539063e-08, 2.8870999813079834e-08, 0.9680854678153992, -0.1106310784816742, -0.22488045692443848, 0.12630870938301086, 0.9903794527053833, 0.05652238428592682, 0.2164638787508011, -0.08312318474054337, 0.9727456569671631),
            ["LeftLowerArm"] = CFrame.new(5.364418029785156e-07, 5.960464477539063e-08, 1.1920928955078125e-07, 1, -4.4703462265260896e-08, 2.2351738238057806e-08, 3.725289943190546e-08, 0.7604804039001465, -0.6493609547615051, 2.2351738238057806e-08, 0.6493609547615051, 0.7604804039001465),
            ["LowerTorso"] = CFrame.new(0.005621201824396849, -0.21736955642700195, 0.17298375070095062, 0.9261010885238647, 0.011428379453718662, -0.3771023154258728, 0.026179954409599304, 0.9951850771903992, 0.09445350617170334, 0.3763660192489624, -0.09734603017568588, 0.9213427305221558),
            ["Head"] = CFrame.new(-7.450580596923828e-09, 1.1920928955078125e-07, -3.725290298461914e-09, 0.9394187331199646, 0.06242963671684265, 0.3370385468006134, -0.024477282539010048, 0.992982029914856, -0.1157049760222435, -0.341896653175354, 0.10044573992490768, 0.9343540072441101),
            ["RightUpperArm"] = CFrame.new(2.384185791015625e-07, 1.1920928955078125e-07, 7.450580596923828e-09, 0.8079551458358765, -0.3830550014972687, 0.44774705171585083, 0.22068524360656738, 0.9012743234634399, 0.37283068895339966, -0.5463575720787048, -0.20241931080818176, 0.8127237558364868),
            ["UpperTorso"] = CFrame.new(2.7939677238464355e-09, -1.1920928955078125e-07, 7.916241884231567e-09, 0.9986138939857483, -0.004390091169625521, 0.052451685070991516, -0.003805725369602442, 0.9878851771354675, 0.15514007210731506, -0.05249736085534096, -0.15512464940547943, 0.9864990711212158),
            ["HumanoidRootPart"] = CFrame.new(0, 0, 0, 1, 0, 0, 0, 1, 0, 0, 0, 1),
            ["RightHand"] = CFrame.new(-2.0116567611694336e-07, 1.1920928955078125e-07, -2.87545844912529e-08, 0.9870516657829285, 0.11339449137449265, -0.11344897001981735, -0.13494744896888733, 0.9693745374679565, -0.20518815517425537, 0.08670738339424133, 0.21784110367298126, 0.9721251726150513),
            ["LeftUpperArm"] = CFrame.new(5.960464477539063e-08, 0, -1.1920928955078125e-07, 0.8643969297409058, 0.3782423436641693, -0.3312865197658539, -0.36425045132637024, 0.9252504706382751, 0.10598663985729218, 0.34661170840263367, 0.029056690633296967, 0.937558650970459),
            ["RightLowerArm"] = CFrame.new(1.1920928955078125e-07, 5.960464477539063e-08, 3.8743019104003906e-07, 1, -2.4680039345525984e-08, 3.1286611079650584e-09, 4.470347292340193e-08, 0.8196016550064087, -0.5729338526725769, 7.450578820566989e-09, 0.5729338526725769, 0.8196015954017639),
            ["LeftHand"] = CFrame.new(1.7881393432617188e-07, 0, 2.384185791015625e-07, 0.9977317452430725, 0.06422911584377289, -0.02015400491654873, -0.06557945162057877, 0.9949783086776733, -0.07561543583869934, 0.0151964221149683, 0.07676553726196289, 0.9969333410263062),
            ["RightUpperLeg"] = CFrame.new(0, -1.6205012798309326e-07, 2.8107024263590574e-08, 0.9543011784553528, -0.24294458329677582, -0.17403197288513184, 0.1646760106086731, 0.9134465456008911, -0.3721521198749542, 0.24938127398490906, 0.3264862298965454, 0.911710262298584),
            ["LeftUpperLeg"] = CFrame.new(-5.960464477539063e-08, -1.4703255146741867e-07, 7.450580596923828e-09, 0.8542384505271912, 0.4527854919433594, 0.2554640769958496, -0.10125938057899475, 0.6268881559371948, -0.7725009918212891, -0.5099246501922607, 0.6340318918228149, 0.5813608765602112),
            ["RightLowerLeg"] = CFrame.new(2.9802322387695312e-08, -0.0000603795051574707, -0.00007206032023532316, 1, 1.4901161193847656e-08, -1.4901162970204496e-08, 7.450580596923828e-08, 0.6027378439903259, 0.7979390025138855, -5.960464477539063e-08, -0.7979393601417542, 0.6027382016181946),
            ["RightFoot"] = CFrame.new(4.842877388000488e-08, 1.7881393432617188e-07, 1.6560807125642896e-07, 0.9843506813049316, 0.1648603081703186, -0.06224948167800903, -0.17453204095363617, 0.8632721900939941, -0.47360241413116455, -0.024340368807315826, 0.47705578804016113, 0.8785362243652344),
            ["LeftLowerLeg"] = CFrame.new(-5.21540641784668e-08, 0.00006073713302612305, 0.00007190089672803879, 1, 4.6566135836201283e-08, 5.122273449842396e-08, -7.450581307466564e-08, 0.6700378060340881, 0.7423269152641296, 1.769513069405093e-08, -0.7423269748687744, 0.6700378656387329),
        }},
        {Time = 0.133, Data = {
            ["LeftFoot"] = CFrame.new(-7.078051567077637e-08, 1.1920928955078125e-07, -5.727633833885193e-08, 0.9666746854782104, -0.07877573370933533, -0.2435864806175232, 0.1232222393155098, 0.9771857261657715, 0.17298662662506104, 0.22440209984779358, -0.1972373127937317, 0.9543277025222778),
            ["LeftLowerArm"] = CFrame.new(6.258487701416016e-07, 1.1920928955078125e-07, -5.960464477539063e-08, 1, -1.4901157641133977e-08, -7.4505797087454084e-09, 5.029141902923584e-08, 0.707248330116272, -0.7069651484489441, 1.4901161193847656e-08, 0.7069651484489441, 0.7072483897209167),
            ["LowerTorso"] = CFrame.new(0.030555592849850655, -0.19895577430725098, 0.17345215380191803, 0.9588539004325867, 0.007638865616172552, -0.2837972044944763, 0.01832752488553524, 0.9958872199058533, 0.08872837573289871, 0.2833077907562256, -0.09027884900569916, 0.9547703266143799),
            ["Head"] = CFrame.new(-1.4901161193847656e-08, -1.1920928955078125e-07, -3.166496753692627e-08, 0.9631105065345764, 0.06293966621160507, 0.2616424262523651, -0.03982169181108475, 0.994893491268158, -0.09274306893348694, -0.2661435902118683, 0.07890289276838303, 0.9606987237930298),
            ["RightUpperArm"] = CFrame.new(2.384185791015625e-07, -2.384185791015625e-07, -5.21540641784668e-08, 0.7945201992988586, -0.4098525941371918, 0.44806092977523804, 0.2414354383945465, 0.8902520537376404, 0.38621264696121216, -0.5571774840354919, -0.1986759901046753, 0.8062761425971985),
            ["UpperTorso"] = CFrame.new(1.4901161193847656e-08, -2.682209014892578e-07, -9.313225746154785e-09, 0.9991289377212524, -0.0003346540033817291, 0.04172934591770172, -0.0057262335903942585, 0.9894095063209534, 0.14503821730613708, -0.04133598506450653, -0.1451507806777954, 0.9885457158088684),
            ["HumanoidRootPart"] = CFrame.new(0, 0, 0, 1, 0, 0, 0, 1, 0, 0, 0, 1),
            ["RightHand"] = CFrame.new(-1.5273690223693848e-07, 3.5762786865234375e-07, -7.450580596923828e-08, 0.9890190362930298, 0.14300422370433807, -0.03730041906237602, -0.14758853614330292, 0.9688372611999512, -0.1989271491765976, 0.007690577767789364, 0.20224787294864655, 0.9793042540550232),
            ["LeftUpperArm"] = CFrame.new(0, 0, 0, 0.8183423280715942, 0.41820862889289856, -0.39423033595085144, -0.4088205397129059, 0.9056969881057739, 0.11215563863515854, 0.40395763516426086, 0.06938770413398743, 0.9121423959732056),
            ["RightLowerArm"] = CFrame.new(2.384185791015625e-07, -2.980232238769531e-07, 2.8312206268310547e-07, 1, -4.842875611643649e-08, -3.7252894102834944e-09, 6.705521116145974e-08, 0.7638176679611206, -0.6454319953918457, 7.450578820566989e-09, 0.6454320549964905, 0.7638176679611206),
            ["LeftHand"] = CFrame.new(5.960464477539063e-08, 2.980232238769531e-07, -2.384185791015625e-07, 0.9964565634727478, 0.030396748334169388, -0.0784251019358635, -0.03558273985981941, 0.9972115755081177, -0.06559837609529495, 0.07621274143457413, 0.06815648078918457, 0.9947595000267029),
            ["RightUpperLeg"] = CFrame.new(0, -8.544884622097015e-08, -1.6952981241047382e-09, 0.946472704410553, -0.2383342981338501, -0.2176840603351593, 0.15848544239997864, 0.9306384325027466, -0.3298403024673462, 0.2811973989009857, 0.2776849865913391, 0.9185962677001953),
            ["LeftUpperLeg"] = CFrame.new(-5.960464477539063e-08, 3.91155481338501e-08, -1.1175870895385742e-08, 0.8887001872062683, 0.3959220051765442, 0.23120929300785065, -0.0895538404583931, 0.6444690227508545, -0.7593680620193481, -0.44965773820877075, 0.654144823551178, 0.6081960201263428),
            ["RightLowerLeg"] = CFrame.new(-1.9371509552001953e-07, -0.000060558319091796875, -0.00007200071559054777, 1, -1.0430809993522416e-07, 0, 1.0430811414607888e-07, 0.6186627745628357, 0.7856564521789551, 7.078050856534901e-08, -0.785656750202179, 0.6186631917953491),
            ["RightFoot"] = CFrame.new(-6.705522537231445e-08, 1.1920928955078125e-07, -4.300818545743823e-08, 0.9893211126327515, 0.13381746411323547, -0.057764243334531784, -0.14548973739147186, 0.8828858733177185, -0.44648057222366333, -0.008747965097427368, 0.450117290019989, 0.8929268717765808),
            ["LeftLowerLeg"] = CFrame.new(-4.470348358154297e-08, 0.000060617923736572266, 0.00007212348282337189, 1, 5.628680810332298e-08, 5.261971836034718e-08, -8.940698137394065e-08, 0.7275822162628174, 0.6860204935073853, 2.2351745343485163e-08, -0.6860204935073853, 0.7275822758674622),
        }},
        {Time = 0.167, Data = {
            ["LeftFoot"] = CFrame.new(-6.332993507385254e-08, -5.960464477539063e-08, -5.960464477539063e-08, 0.9708190560340881, -0.05166080594062805, -0.23418298363685608, 0.11786153167486191, 0.9532299637794495, 0.2783184051513672, 0.20885218679904938, -0.29779815673828125, 0.931502640247345),
            ["LeftLowerArm"] = CFrame.new(2.980232238769531e-07, 1.7881393432617188e-07, 2.384185791015625e-07, 1, -1.1175868053214799e-07, 4.470348358154297e-08, 3.81842291119483e-08, 0.5998453497886658, -0.8001160621643066, -5.2154071283894154e-08, 0.8001160621643066, 0.5998453497886658),
            ["LowerTorso"] = CFrame.new(0.056893739849328995, -0.18971753120422363, 0.1759011596441269, 0.9809049963951111, 0.0009619190241210163, -0.19448523223400116, 0.01639038883149624, 0.9960215091705322, 0.08759281039237976, 0.19379574060440063, -0.08910790830850601, 0.9769867062568665),
            ["Head"] = CFrame.new(-2.514570951461792e-08, -2.384185791015625e-07, -5.587935447692871e-08, 0.9780235886573792, 0.0565461665391922, 0.20068024098873138, -0.04368960112333298, 0.9967331886291504, -0.067928746342659, -0.20386579632759094, 0.057668380439281464, 0.9772989749908447),
            ["RightUpperArm"] = CFrame.new(2.384185791015625e-07, -2.384185791015625e-07, 1.7695128917694092e-08, 0.7878561615943909, -0.44775041937828064, 0.42285028100013733, 0.273974746465683, 0.8697369694709778, 0.41048189997673035, -0.5515620112419128, -0.20755043625831604, 0.8078998923301697),
            ["UpperTorso"] = CFrame.new(-9.313225746154785e-09, -2.980232238769531e-07, -1.3969838619232178e-08, 0.999656081199646, 0.007621685974299908, 0.02509700134396553, -0.011028078384697437, 0.9902977347373962, 0.13852427899837494, -0.023797716945409775, -0.13875338435173035, 0.9900410175323486),
            ["HumanoidRootPart"] = CFrame.new(0, 0, 0, 1, 0, 0, 0, 1, 0, 0, 0, 1),
            ["RightHand"] = CFrame.new(-1.564621925354004e-07, -5.960464477539063e-08, -7.450580596923828e-08, 0.9624146819114685, 0.267241895198822, 0.04837179556488991, -0.2526514232158661, 0.9463427662849426, -0.20150087773799896, -0.09962588548660278, 0.18170620501041412, 0.9782931804656982),
            ["LeftUpperArm"] = CFrame.new(0, 0, -5.960464477539063e-08, 0.7671019434928894, 0.4722076952457428, -0.43425169587135315, -0.4656428098678589, 0.8754578828811646, 0.12942346930503845, 0.4412839114665985, 0.10292519629001617, 0.891445517539978),
            ["RightLowerArm"] = CFrame.new(0, -1.1920928955078125e-07, 2.60770320892334e-07, 1, -1.1268997468505404e-07, 2.607702853651972e-08, 5.960463056453591e-08, 0.6402158141136169, -0.7681951522827148, 7.450578820566989e-09, 0.7681952118873596, 0.6402158141136169),
            ["LeftHand"] = CFrame.new(1.1920928955078125e-07, -2.384185791015625e-07, 2.384185791015625e-07, 0.9893953204154968, -0.08756296336650848, -0.11588622629642487, 0.08231277763843536, 0.9953840970993042, -0.04934830218553543, 0.119672492146492, 0.039286091923713684, 0.9920358657836914),
            ["RightUpperLeg"] = CFrame.new(-2.9802322387695312e-08, -1.3044336810708046e-07, 4.300818545743823e-08, 0.9445225596427917, -0.2184796780347824, -0.24524211883544922, 0.14512662589550018, 0.9474433064460754, -0.28511327505111694, 0.29464444518089294, 0.23370462656021118, 0.9265888333320618),
            ["LeftUpperLeg"] = CFrame.new(-5.960464477539063e-08, 3.227614797651768e-08, 0, 0.9179940819740295, 0.34695181250572205, 0.19212323427200317, -0.08770009875297546, 0.650029182434082, -0.7548317313194275, -0.3867759108543396, 0.676081657409668, 0.6271506547927856),
            ["RightLowerLeg"] = CFrame.new(-5.960464477539063e-08, -0.0000603795051574707, -0.00007204541907412931, 1, -1.4901157641133977e-08, -1.341104365337742e-07, 4.8428763221863846e-08, 0.6350603699684143, 0.7724621891975403, 0, -0.7724625468254089, 0.6350606679916382),
            ["RightFoot"] = CFrame.new(1.4156103134155273e-07, 4.172325134277344e-07, -4.300818545743823e-08, 0.9906027317047119, 0.11668706685304642, -0.0713469609618187, -0.13575118780136108, 0.9024143815040588, -0.40892454981803894, 0.016668111085891724, 0.41476789116859436, 0.9097748398780823),
            ["LeftLowerLeg"] = CFrame.new(2.9802322387695312e-08, 0.00006085634231567383, 0.00007206946611404419, 1, 4.4703490686970326e-08, 6.612389569227162e-08, -5.2154071283894154e-08, 0.766864001750946, 0.6418096423149109, 1.4901162970204496e-08, -0.6418097019195557, 0.766864001750946),
        }},
        {Time = 0.200, Data = {
            ["LeftFoot"] = CFrame.new(-7.078051567077637e-08, 5.960464477539063e-08, -7.450580596923828e-09, 0.9783103466033936, -0.026733238250017166, -0.2054126262664795, 0.10730677098035812, 0.9136154055595398, 0.3921634256839752, 0.17718443274497986, -0.405699759721756, 0.896668016910553),
            ["LeftLowerArm"] = CFrame.new(2.980232238769531e-07, 5.960464477539062e-07, 3.2782554626464844e-07, 1, -1.0430811414607888e-07, 5.960465188081798e-08, 4.959293420370159e-08, 0.4441702961921692, -0.8959425091743469, 5.960465188081798e-08, 0.8959424495697021, 0.4441702961921692),
            ["LowerTorso"] = CFrame.new(0.08398314565420151, -0.1856701374053955, 0.17954795062541962, 0.994409441947937, -0.008264544419944286, -0.10527011752128601, 0.01772882044315338, 0.9958480596542358, 0.089289091527462, 0.10409511625766754, -0.09065622836351395, 0.9904270172119141),
            ["Head"] = CFrame.new(-1.1641532182693481e-08, -2.384185791015625e-07, -3.259629011154175e-08, 0.9879016876220703, 0.046793509274721146, 0.1478540003299713, -0.04089925438165665, 0.9982522130012512, -0.04265887662768364, -0.14959177374839783, 0.036095768213272095, 0.9880887866020203),
            ["RightUpperArm"] = CFrame.new(1.1920928955078125e-07, -5.960464477539062e-07, -2.9802322387695312e-08, 0.7831830978393555, -0.4929235279560089, 0.3790127635002136, 0.31382089853286743, 0.839573860168457, 0.4434323012828827, -0.5367874503135681, -0.22834651172161102, 0.8122296929359436),
            ["UpperTorso"] = CFrame.new(-9.313225746154785e-09, -3.2782554626464844e-07, -4.0978193283081055e-08, 0.9998229742050171, 0.018384087830781937, 0.004012731835246086, -0.018757110461592674, 0.9907094240188599, 0.1346963495016098, -0.0014991812640801072, -0.13474777340888977, 0.9908788800239563),
            ["HumanoidRootPart"] = CFrame.new(0, 0, 0, 1, 0, 0, 0, 1, 0, 0, 0, 1),
            ["RightHand"] = CFrame.new(-1.341104507446289e-07, 2.980232238769531e-07, 4.470348358154297e-08, 0.878189206123352, 0.45826536417007446, 0.13702808320522308, -0.4232832193374634, 0.8779900074005127, -0.22352862358093262, -0.22274476289749146, 0.1382988840341568, 0.9650171995162964),
            ["LeftUpperArm"] = CFrame.new(1.1920928955078125e-07, -2.384185791015625e-07, -6.705522537231445e-08, 0.7087825536727905, 0.5364108085632324, -0.45813828706741333, -0.5287976861000061, 0.833867609500885, 0.15823368728160858, 0.46690496802330017, 0.1301092803478241, 0.8746836185455322),
            ["RightLowerArm"] = CFrame.new(5.960464477539063e-08, -4.76837158203125e-07, 4.898756742477417e-07, 1, -8.940693874137651e-08, 4.470347647611561e-08, 7.450579175838357e-08, 0.45571500062942505, -0.8901257514953613, 2.2351736461700966e-08, 0.8901257514953613, 0.4557150602340698),
            ["LeftHand"] = CFrame.new(5.960464477539063e-08, 0, 1.1920928955078125e-07, 0.9524470567703247, -0.26812297105789185, -0.1447582244873047, 0.26697978377342224, 0.9633058905601501, -0.02763344720005989, 0.1468556672334671, -0.012328152544796467, 0.9890812039375305),
            ["RightUpperLeg"] = CFrame.new(5.960464477539063e-08, -3.213062882423401e-07, -1.287116901949048e-08, 0.9469124674797058, -0.18473678827285767, -0.26311424374580383, 0.12347214668989182, 0.9646258354187012, -0.23291997611522675, 0.296835720539093, 0.1880674511194229, 0.9362260699272156),
            ["LeftUpperLeg"] = CFrame.new(-1.1920928955078125e-07, -7.241033017635345e-08, -1.4901161193847656e-08, 0.9430381655693054, 0.3002941310405731, 0.14318719506263733, -0.09214507788419724, 0.6493273973464966, -0.7549061179161072, -0.3196692168712616, 0.6987111568450928, 0.640011191368103),
            ["RightLowerLeg"] = CFrame.new(2.9802322387695312e-08, -0.00006008148193359375, -0.00007207522139651701, 1, -2.9802315282267955e-08, -9.685756197086448e-08, 4.0978189730367376e-08, 0.6567328572273254, 0.7541230320930481, 5.587934559514451e-09, -0.7541232705116272, 0.6567332744598389),
            ["RightFoot"] = CFrame.new(1.1920928955078125e-07, 1.7881393432617188e-07, -1.3205863069742918e-08, 0.9890199899673462, 0.11010080575942993, -0.09857632964849472, -0.13843517005443573, 0.9236950278282166, -0.35724344849586487, 0.05172134190797806, 0.3669678270816803, 0.9287949204444885),
            ["LeftLowerLeg"] = CFrame.new(-5.21540641784668e-08, 0.00006073713302612305, 0.00007200241088867188, 1, 5.02914261346632e-08, 3.259628655882807e-08, -5.960464477539063e-08, 0.8011687397956848, 0.598438560962677, 7.450580596923828e-09, -0.5984385013580322, 0.8011687397956848),
        }},
        {Time = 0.233, Data = {
            ["LeftFoot"] = CFrame.new(-1.0803341865539551e-07, -5.960464477539063e-08, 7.078051567077637e-08, 0.9855567812919617, -0.011877491138875484, -0.16892839968204498, 0.0932726338505745, 0.870665967464447, 0.48295027017593384, 0.1413441151380539, -0.49173131585121155, 0.8591985702514648),
            ["LeftLowerArm"] = CFrame.new(6.258487701416016e-07, -1.7881393432617188e-07, 8.940696716308594e-08, 1, -7.450579886381092e-08, 1.1920930376163597e-07, 7.729978079851207e-08, 0.25730475783348083, -0.966330349445343, 7.450581307466564e-08, 0.966330349445343, 0.2573048174381256),
            ["LowerTorso"] = CFrame.new(0.11182555556297302, -0.18592262268066406, 0.18394996225833893, 0.9995580315589905, -0.018449338153004646, -0.023311417549848557, 0.020566949620842934, 0.9953472018241882, 0.09413254261016846, 0.021466271951794624, -0.09457038342952728, 0.9952867031097412),
            ["Head"] = CFrame.new(-1.6763806343078613e-08, -1.1920928955078125e-07, 4.6100467443466187e-08, 0.9942830204963684, 0.03286506608128548, 0.10159312933683395, -0.031051617115736008, 0.9993298649787903, -0.019380643963813782, -0.10216198861598969, 0.016115369275212288, 0.9946372509002686),
            ["RightUpperArm"] = CFrame.new(2.384185791015625e-07, -4.76837158203125e-07, 2.2351741790771484e-08, 0.778292179107666, -0.5358075499534607, 0.3273707628250122, 0.3608156442642212, 0.808334469795227, 0.46519631147384644, -0.5138806700706482, -0.2439381182193756, 0.8224481344223022),
            ["UpperTorso"] = CFrame.new(-1.4901161193847656e-08, -3.5762786865234375e-07, 1.0011717677116394e-08, 0.9994014501571655, 0.029865697026252747, -0.01746380515396595, -0.02730894647538662, 0.9909026622772217, 0.13178107142448425, 0.021240664646029472, -0.13122525811195374, 0.9911251068115234),
            ["HumanoidRootPart"] = CFrame.new(0, 0, 0, 1, 0, 0, 0, 1, 0, 0, 0, 1),
            ["RightHand"] = CFrame.new(-5.960464477539063e-08, 3.5762786865234375e-07, -8.940696716308594e-08, 0.7356898784637451, 0.6447435617446899, 0.20752404630184174, -0.5958448052406311, 0.7617596387863159, -0.25434452295303345, -0.32207050919532776, 0.0634666308760643, 0.9445859789848328),
            ["LeftUpperArm"] = CFrame.new(0, 0, 1.1175870895385742e-08, 0.648003876209259, 0.5963031649589539, -0.47382882237434387, -0.5890566110610962, 0.7867448329925537, 0.18451277911663055, 0.48280781507492065, 0.15954695641994476, 0.861069917678833),
            ["RightLowerArm"] = CFrame.new(3.5762786865234375e-07, 2.980232238769531e-07, 5.21540641784668e-07, 1, -8.940691031966708e-08, 2.9802315282267955e-08, 1.0430809993522416e-07, 0.22814886271953583, -0.9736262559890747, 4.470347292340193e-08, 0.9736262559890747, 0.22814881801605225),
            ["LeftHand"] = CFrame.new(1.1920928955078125e-07, 1.1920928955078125e-07, 1.043081283569336e-07, 0.8764410614967346, -0.4506310522556305, -0.16965481638908386, 0.45721015334129333, 0.889358639717102, -0.0003227591805625707, 0.15102946758270264, -0.07728508859872818, 0.9855035543441772),
            ["RightUpperLeg"] = CFrame.new(-2.9802322387695312e-08, -2.1141022443771362e-07, 3.55576048605144e-08, 0.9513602256774902, -0.14825758337974548, -0.2700618803501129, 0.09740807861089706, 0.9763785004615784, -0.19286462664604187, 0.2922762632369995, 0.1571774184703827, 0.9433291554450989),
            ["LeftUpperLeg"] = CFrame.new(-5.960464477539063e-08, -1.1641532182693481e-07, -6.51925802230835e-09, 0.9614166617393494, 0.2599973678588867, 0.0898851528763771, -0.10319237411022186, 0.6437279582023621, -0.7582648396492004, -0.2550084888935089, 0.7197330594062805, 0.6457206010818481),
            ["RightLowerLeg"] = CFrame.new(-4.842877388000488e-08, -0.00006008148193359375, -0.00007208267197711393, 1, -5.960463766996327e-08, -5.2154071283894154e-08, 9.313224325069314e-08, 0.6755686402320862, 0.7372967600822449, -9.313224857976365e-09, -0.7372971177101135, 0.6755690574645996),
            ["RightFoot"] = CFrame.new(-1.4901161193847656e-08, 2.980232238769531e-07, -1.3205863069742918e-08, 0.9854836463928223, 0.11208465695381165, -0.12751080095767975, -0.14630168676376343, 0.9417188167572021, -0.30292099714279175, 0.08612637221813202, 0.31717926263809204, 0.9444469213485718),
            ["LeftLowerLeg"] = CFrame.new(2.2351741790771484e-08, 0.000060677528381347656, 0.00007228925824165344, 1, 3.725290653733282e-08, 1.6763804566721774e-08, -8.195639367158947e-08, 0.8233985900878906, 0.5674635171890259, -7.450581485102248e-09, -0.5674635171890259, 0.8233985304832458),
        }},
        {Time = 0.267, Data = {
            ["LeftFoot"] = CFrame.new(-1.4156103134155273e-07, -1.1920928955078125e-07, 1.3783574104309082e-07, 0.9902009963989258, -0.014169924892485142, -0.13892889022827148, 0.08298599720001221, 0.8598398566246033, 0.5037744045257568, 0.112318255007267, -0.5103670954704285, 0.8525902628898621),
            ["LeftLowerArm"] = CFrame.new(8.046627044677734e-07, 5.960464477539063e-08, 5.960464477539063e-08, 1, -5.960463766996327e-08, 1.0244549208948683e-08, 8.66129994392395e-08, 0.06043682247400284, -0.9981720447540283, 8.940696716308594e-08, 0.9981721043586731, 0.06043681874871254),
            ["LowerTorso"] = CFrame.new(0.14042264223098755, -0.18958735466003418, 0.18866445124149323, 0.9986284971237183, -0.02786639891564846, 0.04432433098554611, 0.023221870884299278, 0.9945082068443298, 0.10205080360174179, -0.046924691647291183, -0.10088155418634415, 0.9937912225723267),
            ["Head"] = CFrame.new(-3.003515303134918e-08, -1.1920928955078125e-07, -1.285807229578495e-07, 0.9981026649475098, 0.013654363341629505, 0.0600396990776062, -0.013682897202670574, 0.9999064803123474, 0.00006423858576454222, -0.06003320962190628, -0.000885527057107538, 0.998196005821228),
            ["RightUpperArm"] = CFrame.new(1.1920928955078125e-07, -3.5762786865234375e-07, -1.257285475730896e-07, 0.7723921537399292, -0.569320797920227, 0.28157463669776917, 0.4127955436706543, 0.786894679069519, 0.4586902856826782, -0.482711523771286, -0.238056018948555, 0.8428043127059937),
            ["UpperTorso"] = CFrame.new(-5.587935447692871e-09, -1.4901161193847656e-07, 2.7008354663848877e-08, 0.9985723495483398, 0.04023699834942818, -0.035134319216012955, -0.03544455021619797, 0.991174578666687, 0.12773674726486206, 0.0399639792740345, -0.12630905210971832, 0.9911856651306152),
            ["HumanoidRootPart"] = CFrame.new(0, 0, 0, 1, 0, 0, 0, 1, 0, 0, 0, 1),
            ["RightHand"] = CFrame.new(-2.384185791015625e-07, 5.960464477539063e-08, -5.960464477539063e-08, 0.5863200426101685, 0.7705318331718445, 0.25001952052116394, -0.7195764183998108, 0.6371474266052246, -0.27613961696624756, -0.37207359075546265, -0.018002020195126534, 0.9280286431312561),
            ["LeftUpperArm"] = CFrame.new(0, 0, -7.404014468193054e-08, 0.5916309356689453, 0.6384852528572083, -0.49224942922592163, -0.6404949426651001, 0.7430561184883118, 0.19399453699588776, 0.4896315634250641, 0.20051008462905884, 0.8485615849494934),
            ["RightLowerArm"] = CFrame.new(2.384185791015625e-07, 5.960464477539063e-08, 4.991888999938965e-07, 1, -8.940692453052179e-08, 8.940694584680386e-08, 1.1920926112907182e-07, -0.009122486226260662, -0.9999584555625916, 8.940694584680386e-08, 0.9999583959579468, -0.009122578427195549),
            ["LeftHand"] = CFrame.new(5.960464477539063e-08, 1.1920928955078125e-07, 2.0489096641540527e-08, 0.790567934513092, -0.5811494588851929, -0.19304881989955902, 0.5974791049957275, 0.8011148571968079, 0.03512290492653847, 0.13424256443977356, -0.1431099772453308, 0.9805603623390198),
            ["RightUpperLeg"] = CFrame.new(0, -2.421438694000244e-08, 6.535992724820971e-08, 0.9559705257415771, -0.12403907626867294, -0.2659597396850586, 0.07586580514907837, 0.9799321293830872, -0.18433018028736115, 0.28348663449287415, 0.15603689849376678, 0.9461964964866638),
            ["LeftUpperLeg"] = CFrame.new(-5.960464477539063e-08, 1.1175870895385742e-08, 0, 0.972186803817749, 0.23135113716125488, 0.03646102920174599, -0.12118435651063919, 0.6301193833351135, -0.7669835686683655, -0.20041732490062714, 0.7412328124046326, 0.6406300067901611),
