return {
    ["Scissoring"] = {
        {Time = 0.000, Data = {
            ["LeftLowerArm"] = CFrame.new(0, 0, -4.76837158203125e-07, 0.9999997615814209, 1.0267342531733448e-12, -5.631051180898794e-13, -1.4743761767022079e-12, 0.7071067690849304, -0.7071068286895752, -1.8953727476400672e-12, 0.7071068286895752, 0.7071067690849304),
            ["RightUpperArm"] = CFrame.new(-0.0000019073486328125, -0.08660197257995605, 0.05000019073486328, 0.9999998807907104, -1.6076029396572267e-13, 3.1583624604536453e-12, -1.6626700016786344e-12, 0.8660253286361694, 0.5000001192092896, -3.376854351699876e-12, -0.5000001192092896, 0.8660253286361694),
            ["Head"] = CFrame.new(0, 0, -8.940696716308594e-08, 0.9999997615814209, 7.65609797781508e-13, -1.5987211554602254e-14, 1.3571366253017914e-12, 0.7071067690849304, 0.7071067690849304, -5.532531897889381e-13, -0.7071067690849304, 0.7071067690849304),
            ["UpperTorso"] = CFrame.new(-0.0000019073486328125, -4.76837158203125e-07, 2.384185791015625e-07, 0.9999997615814209, -1.3855583347321954e-13, 2.6130209107577684e-12, -8.029132914089132e-13, 0.819151759147644, 0.573576807975769, -2.372277721485183e-12, -0.573576807975769, 0.819151759147644),
            ["HumanoidRootPart"] = CFrame.new(0, 0, 0, 1, 0, 0, 0, 1, 0, 0, 0, 1),
            ["LeftUpperArm"] = CFrame.new(-0.0000019073486328125, -0.09396886825561523, 0.03420209884643555, 0.9999998807907104, -7.140954494389007e-13, -8.135714324453147e-13, -2.140509991477302e-12, 0.939692497253418, 0.34202051162719727, -1.255884285455977e-12, -0.34202051162719727, 0.939692497253418),
            ["RightLowerArm"] = CFrame.new(-0.0000019073486328125, 2.384185791015625e-07, -7.152557373046875e-07, 0.9999997615814209, 2.8066438062523957e-12, 4.298783551348606e-13, 1.106670310946356e-12, 0.4226182699203491, -0.9063079953193665, -2.467359649926948e-12, 0.9063079953193665, 0.4226182699203491),
            ["LowerTorso"] = CFrame.new(-0.0000019073486328125, -1.5000007152557373, 0, 0.9999999403953552, -5.364597654988756e-13, -5.532931426389942e-13, 5.547703680990057e-13, -4.371213435661048e-08, -1, 5.364597654988756e-13, 1, -4.371213435661048e-08),
            ["LeftUpperLeg"] = CFrame.new(0, 0.00000286102294921875, 5.662441253662109e-07, 0.7481921315193176, 0.5811307430267334, 0.3201489746570587, -0.03374018147587776, 0.5152296423912048, -0.856387734413147, -0.6626238822937012, 0.6299407482147217, 0.4050983190536499),
            ["RightUpperLeg"] = CFrame.new(-0.0000019073486328125, 9.5367431640625e-07, 0, 0.9396923780441284, -0.34202006459236145, -5.532753075132568e-13, 0.34202006459236145, 0.9396926164627075, -1.8189894035458565e-12, -2.7284841053187847e-12, -1.8189894035458565e-12, 1),
        }},
        {Time = 0.500, Data = {
            ["LeftLowerArm"] = CFrame.new(0, 0, -4.76837158203125e-07, 0.9999997615814209, 1.0267342531733448e-12, -5.631051180898794e-13, -1.4743761767022079e-12, 0.7071067690849304, -0.7071068286895752, -1.8953727476400672e-12, 0.7071068286895752, 0.7071067690849304),
            ["RightUpperArm"] = CFrame.new(-0.0000019073486328125, -0.08660173416137695, 0.05000042915344238, 0.9999997615814209, 3.6344260934129125e-12, 6.467715252256312e-12, 1.6981971384666394e-12, 0.8191519379615784, 0.5735766887664795, -4.924061158817494e-12, -0.5735766887664795, 0.8191519379615784),
            ["Head"] = CFrame.new(0, 0, -8.940696716308594e-08, 0.9999997615814209, 7.65609797781508e-13, -1.5987211554602254e-14, 1.3571366253017914e-12, 0.7071067690849304, 0.7071067690849304, -5.532531897889381e-13, -0.7071067690849304, 0.7071067690849304),
            ["UpperTorso"] = CFrame.new(-0.0000057220458984375, -4.76837158203125e-07, 2.980232238769531e-07, 0.9999997615814209, -2.1103119252074976e-12, 3.129052572603541e-12, -1.7124079931818414e-12, 0.9063075184822083, 0.4226190149784088, -4.1912731965632055e-12, -0.4226190149784088, 0.9063075184822083),
            ["HumanoidRootPart"] = CFrame.new(0, 0, 0, 1, 0, 0, 0, 1, 0, 0, 0, 1),
            ["LeftUpperArm"] = CFrame.new(-0.000003814697265625, -0.09396958351135254, 0.03420209884643555, 0.9999997615814209, -4.600764214046649e-12, -8.917311333789257e-13, 1.4601653219870059e-12, 0.9063076972961426, 0.42261865735054016, 1.6937562463681388e-12, -0.42261865735054016, 0.9063076972961426),
            ["RightLowerArm"] = CFrame.new(-0.0000019073486328125, 2.384185791015625e-07, -7.152557373046875e-07, 0.9999997615814209, 2.8066438062523957e-12, 4.298783551348606e-13, 1.106670310946356e-12, 0.4226182699203491, -0.9063079953193665, -2.467359649926948e-12, 0.9063079953193665, 0.4226182699203491),
            ["LowerTorso"] = CFrame.new(-0.000003814697265625, -1.5000007152557373, -0.19999980926513672, 0.9999999403953552, -1.0906830993917538e-12, -5.532931426389942e-13, 5.547613150108655e-13, -4.371213435661048e-08, -1, 1.0906830993917538e-12, 1, -4.371213435661048e-08),
            ["LeftUpperLeg"] = CFrame.new(-0.06402969360351562, 0.1712803840637207, -0.08101910352706909, 0.7481920719146729, 0.5811306834220886, 0.32014912366867065, -0.033740103244781494, 0.5152297019958496, -0.8563876152038574, -0.6626236438751221, 0.6299406886100769, 0.4050982594490051),
            ["RightUpperLeg"] = CFrame.new(-0.0684051513671875, 0.18793964385986328, 0, 0.9396923780441284, -0.3420204222202301, 1.265722986490414e-12, 0.3420204818248749, 0.939692497253418, 0, -1.3642420526593924e-12, 0, 1),
        }},
        {Time = 1.000, Data = {
            ["LeftLowerArm"] = CFrame.new(0, 0, -4.76837158203125e-07, 0.9999997615814209, 1.0267342531733448e-12, -5.631051180898794e-13, -1.4743761767022079e-12, 0.7071067690849304, -0.7071068286895752, -1.8953727476400672e-12, 0.7071068286895752, 0.7071067690849304),
            ["RightUpperArm"] = CFrame.new(-0.0000019073486328125, -0.08660197257995605, 0.05000019073486328, 0.9999998807907104, -1.6076029396572267e-13, 3.1583624604536453e-12, -1.6626700016786344e-12, 0.8660253286361694, 0.5000001192092896, -3.376854351699876e-12, -0.5000001192092896, 0.8660253286361694),
            ["Head"] = CFrame.new(0, 0, -8.940696716308594e-08, 0.9999997615814209, 7.65609797781508e-13, -1.5987211554602254e-14, 1.3571366253017914e-12, 0.7071067690849304, 0.7071067690849304, -5.532531897889381e-13, -0.7071067690849304, 0.7071067690849304),
            ["UpperTorso"] = CFrame.new(-0.0000019073486328125, -4.76837158203125e-07, 2.384185791015625e-07, 0.9999997615814209, -1.3855583347321954e-13, 2.6130209107577684e-12, -8.029132914089132e-13, 0.819151759147644, 0.573576807975769, -2.372277721485183e-12, -0.573576807975769, 0.819151759147644),
            ["HumanoidRootPart"] = CFrame.new(0, 0, 0, 1, 0, 0, 0, 1, 0, 0, 0, 1),
            ["LeftUpperArm"] = CFrame.new(-0.0000019073486328125, -0.09396886825561523, 0.03420209884643555, 0.9999998807907104, -7.140954494389007e-13, -8.135714324453147e-13, -2.140509991477302e-12, 0.939692497253418, 0.34202051162719727, -1.255884285455977e-12, -0.34202051162719727, 0.939692497253418),
            ["RightLowerArm"] = CFrame.new(-0.0000019073486328125, 2.384185791015625e-07, -7.152557373046875e-07, 0.9999997615814209, 2.8066438062523957e-12, 4.298783551348606e-13, 1.106670310946356e-12, 0.4226182699203491, -0.9063079953193665, -2.467359649926948e-12, 0.9063079953193665, 0.4226182699203491),
            ["LowerTorso"] = CFrame.new(-0.0000019073486328125, -1.5000007152557373, 0, 0.9999999403953552, -5.364597654988756e-13, -5.532931426389942e-13, 5.547703680990057e-13, -4.371213435661048e-08, -1, 5.364597654988756e-13, 1, -4.371213435661048e-08),
            ["LeftUpperLeg"] = CFrame.new(0, 0.00000286102294921875, 5.662441253662109e-07, 0.7481921315193176, 0.5811307430267334, 0.3201489746570587, -0.03374018147587776, 0.5152296423912048, -0.856387734413147, -0.6626238822937012, 0.6299407482147217, 0.4050983190536499),
            ["RightUpperLeg"] = CFrame.new(-0.0000019073486328125, 9.5367431640625e-07, 0, 0.9396923780441284, -0.34202006459236145, -5.532753075132568e-13, 0.34202006459236145, 0.9396926164627075, -1.8189894035458565e-12, -2.7284841053187847e-12, -1.8189894035458565e-12, 1),
        }},
    }
}