return {
    ["Scootin'"] = {
        [1] = {Time = 0.000, Data = {
            ["LeftLowerArm"] = CFrame.new(1.4901161193847656e-07, 1.1920928955078125e-07, 0, 1, 1.4900921385674337e-08, 1.043101889308673e-07, 1.508736886535189e-07, 0.48235729336738586, -0.8759744763374329, -1.0430773045300157e-07, 0.8759745359420776, 0.48235756158828735),
            ["LeftFoot"] = CFrame.new(-5.21540641784668e-08, -1.1920928955078125e-07, 4.0978193283081055e-08, 0.7808205485343933, -0.5350477695465088, -0.3225597143173218, 0.4810584485530853, 0.8443197011947632, -0.23602472245693207, 0.3986254334449768, 0.029122933745384216, 0.9166501760482788),
            ["RightHand"] = CFrame.new(8.940696716308594e-08, -8.940696716308594e-07, 1.4901161193847656e-07, 0.46365416049957275, -0.726345956325531, 0.5073931217193604, 0.8353589177131653, 0.5492273569107056, 0.022884709760546684, -0.295296847820282, 0.4132443368434906, 0.8614107966423035),
            ["HumanoidRootPart"] = CFrame.new(0, 0, 0, 1, 0, 0, 0, 1, 0, 0, 0, 1),
            ["handle"] = CFrame.new(0, 0, 0, 1, 3.4395637449335936e-09, 0.00006639982893830165, -8.931224093622347e-10, 1, -0.00003823638326139189, -0.00006639982893830165, 0.00003835558891296387, 1),
            ["RightLowerLeg"] = CFrame.new(4.470348358154297e-08, -1.1920928955078125e-07, 1.648440957069397e-07, 1, 1.1920938902676426e-07, 9.685750512744562e-08, -7.264317503086204e-08, -0.20550532639026642, 0.978655993938446, 1.2572857599479903e-07, -0.9786560535430908, -0.20550531148910522),
            ["LeftUpperLeg"] = CFrame.new(5.960464477539063e-08, -2.231354301329702e-08, 1.2075179256498814e-07, 0.9648832082748413, -0.14173254370689392, -0.2211606651544571, -0.21192502975463867, 0.07743289321660995, -0.9742134809494019, 0.155203714966774, 0.9868718385696411, 0.04467768594622612),
            ["LeftLowerLeg"] = CFrame.new(-1.2293457984924316e-07, -1.7881393432617188e-07, 3.976747393608093e-07, 1, 5.587941664941809e-09, 8.568157738864102e-08, -9.464569217243479e-08, -0.18134705722332, 0.9834191203117371, 4.004688491932029e-08, -0.9834192395210266, -0.1813470423221588),
            ["LowerTorso"] = CFrame.new(0.003833434544503689, -0.16999328136444092, 0.44230860471725464, 0.9999997019767761, 0.00004538672146736644, 0.000850520096719265, 0.00002848233634722419, 0.9962387681007385, -0.08665087819099426, -0.0008512538624927402, 0.08665092289447784, 0.9962384700775146),
            ["Head"] = CFrame.new(3.666809789137915e-08, 1.1920928955078125e-07, 1.7070487956516445e-07, 0.999306321144104, -0.008756606839597225, -0.036197252571582794, -0.0074989451095461845, 0.9047417640686035, -0.4258943796157837, 0.03647854924201965, 0.42587053775787354, 0.9040485620498657),
            ["frontwheel"] = CFrame.new(-0.00008206098573282361, -0.0001888573169708252, 0.02972365915775299, 0.9999998807907104, -0.00015190265548881143, -0.0004832927661482245, -0.0003876822011079639, 0.3846440017223358, -0.9230648875236511, 0.00032611165079288185, 0.9230649471282959, 0.38464388251304626),
            ["UpperTorso"] = CFrame.new(-1.4850229490548372e-08, -2.9802322387695312e-08, 1.0189319255005103e-07, 0.9999955296516418, 0.001630019280128181, -0.0025219081435352564, 0.00023593394143972546, 0.7945975065231323, 0.6071364283561707, 0.002993545960634947, -0.6071343421936035, 0.7945935726165771),
            ["front"] = CFrame.new(0, 0, 0, 1, 2.0731022232212126e-08, 0.00006642025982728228, -1.862538390184909e-08, 1, -0.00003173947334289551, -0.00006642025982728228, 0.00003173947334289551, 1),
            ["LeftUpperArm"] = CFrame.new(0, 3.5762786865234375e-07, 1.641456037759781e-08, 0.7800818681716919, 0.03809688985347748, -0.6245352625846863, -0.03735307231545448, 0.9991998672485352, 0.01429656334221363, 0.6245614290237427, 0.012177244760096073, 0.7808657288551331),
            ["RightLowerArm"] = CFrame.new(5.960464477539063e-08, 1.1920928955078125e-07, 6.705522537231445e-08, 1, 0, 1.3411302290933236e-07, 1.2665955750890134e-07, 0.49579834938049316, -0.8684375882148743, -1.0430786545612136e-07, 0.868437647819519, 0.4957985579967499),
            ["LeftHand"] = CFrame.new(1.341104507446289e-07, -3.5762786865234375e-07, 0, 0.3357180058956146, 0.7755323648452759, -0.5346440076828003, -0.8716719746589661, 0.4709153175354004, 0.1357431560754776, 0.357045441865921, 0.42046207189559937, 0.834104061126709),
            ["base"] = CFrame.new(0, -0.05362081527709961, 0.025404781103134155, 1, 0, 0, 0, 1, 0, 0, 0, 1),
            ["backwheel"] = CFrame.new(-0.00018490981892682612, -0.00019913911819458008, 0.010969400405883789, 1, -7.318678302281612e-11, 0.00006651878356933594, 7.203394131183316e-11, 1, 1.7279162989325414e-08, -0.00006651879084529355, -1.7279161212968575e-08, 1),
            ["RightFoot"] = CFrame.new(1.2852251529693604e-07, -5.960464477539063e-08, 5.587935447692871e-09, 0.8960701823234558, 0.30414262413978577, 0.32335275411605835, -0.20597399771213531, 0.9301167130470276, -0.3040688931941986, -0.39323410391807556, 0.20586486160755157, 0.8960944414138794),
            ["RightUpperLeg"] = CFrame.new(0, 8.344068191945553e-08, -7.392372936010361e-09, 0.9795334935188293, 0.09986584633588791, 0.17475919425487518, 0.16895340383052826, 0.06396765261888504, -0.9835461378097534, -0.1094021424651146, 0.9929425716400146, 0.04578646644949913),
            ["RightUpperArm"] = CFrame.new(1.1920928955078125e-07, 1.1920928955078125e-07, -8.486676961183548e-08, 0.7776939868927002, -0.05739486962556839, 0.6260363459587097, 0.025782357901334763, 0.997897744178772, 0.05946110561490059, -0.6281141042709351, -0.0300983227789402, 0.7775236368179321)
        }},
        [2] = {Time = 0.033, Data = {
            ["LeftLowerArm"] = CFrame.new(-5.960464477539063e-08, 0.0000013113021850585938, 1.7881393432617188e-07, 1, 1.4900921385674337e-08, 1.192116627635187e-07, 1.247967276185591e-07, 0.4823571443557739, -0.875974714756012, -8.940661189171806e-08, 0.875974714756012, 0.4823571443557739),
            ["LeftFoot"] = CFrame.new(5.21540641784668e-08, 1.7881393432617188e-07, 2.421438694000244e-08, 0.7808773517608643, -0.5349022150039673, -0.322663277387619, 0.4808198809623718, 0.8444058299064636, -0.23620262742042542, 0.39880192279815674, 0.029302285984158516, 0.9165679812431335),
            ["RightHand"] = CFrame.new(-1.4901161193847656e-08, -7.748603820800781e-07, 0, 0.4642084836959839, -0.7263911366462708, 0.50682133436203, 0.8347547650337219, 0.5501039624214172, 0.0238557830452919, -0.29613354802131653, 0.4119970202445984, 0.8617210984230042),
            ["HumanoidRootPart"] = CFrame.new(0, 0, 0, 1, 0, 0, 0, 1, 0, 0, 0, 1),
            ["handle"] = CFrame.new(0, 0, 0, 1, 3.4395637449335936e-09, 0.00006639982893830165, -8.931224093622347e-10, 1, -0.00003823638326139189, -0.00006639982893830165, 0.00003835558891296387, 1),
            ["RightLowerLeg"] = CFrame.new(-2.4586915969848633e-07, 2.980232238769531e-07, -2.551823854446411e-07, 1, 1.2293469353608089e-07, 8.940691031966708e-08, -5.937182123716411e-08, -0.20520256459712982, 0.9787195920944214, 1.3178215851894493e-07, -0.9787195920944214, -0.2052025943994522),
            ["LeftUpperLeg"] = CFrame.new(2.9802322387695312e-08, -1.4242687029764056e-07, 1.4301622286438942e-07, 0.9649807810783386, -0.1413666307926178, -0.22096915543079376, -0.21151062846183777, 0.07894684374332428, -0.9741820693016052, 0.15516243875026703, 0.9868044257164001, 0.046282295137643814),
            ["LeftLowerLeg"] = CFrame.new(-1.2665987014770508e-07, 1.7881393432617188e-07, 2.8870999813079834e-08, 1, -1.8626462150450607e-08, 1.005827172662066e-07, -1.0780062353887843e-07, -0.18105101585388184, 0.9834736585617065, 2.7474026609297653e-08, -0.9834737181663513, -0.18105101585388184),
            ["LowerTorso"] = CFrame.new(0.003833434544503689, -0.1694788932800293, 0.4422851502895355, 0.9999997019767761, 0.00004746081685880199, 0.000858163635712117, 0.00002789428071992006, 0.9961559772491455, -0.08759704232215881, -0.0008590223151259124, 0.08759711682796478, 0.9961556792259216),
            ["Head"] = CFrame.new(3.725619990291307e-08, 1.1920928955078125e-07, -8.795632311375812e-08, 0.9993064999580383, -0.008753110654652119, -0.03619333356618881, -0.007408749312162399, 0.9058091640472412, -0.4236210882663727, 0.036492250859737396, 0.4235955774784088, 0.9051162004470825),
            ["frontwheel"] = CFrame.new(-0.000082060978456866, -0.0008868873119354248, 0.029723651707172394, 0.9999998807907104, -0.00015190265548881143, -0.0004832927661482245, -0.0003876822011079639, 0.3846440017223358, -0.9230648875236511, 0.00032611165079288185, 0.9230649471282959, 0.38464388251304626),
            ["UpperTorso"] = CFrame.new(-1.5286786947399378e-08, 2.980232238769531e-07, 1.0224221114185639e-07, 0.9999955296516418, 0.0016266644233837724, -0.0025201423559337854, 0.00023530687030870467, 0.7950482964515686, 0.60654616355896, 0.0029902812093496323, -0.6065440773963928, 0.7950443029403687),
            ["front"] = CFrame.new(0, 0, 0, 1, 2.0731022232212126e-08, 0.00006642025982728228, -1.862538390184909e-08, 1, -0.00003173947334289551, -0.00006642025982728228, 0.00003173947334289551, 1),
            ["LeftUpperArm"] = CFrame.new(0, 9.5367431640625e-07, -1.0814983397722244e-07, 0.7799992561340332, 0.03811477869749069, -0.6246374249458313, -0.03728345036506653, 0.9992008209228516, 0.014414778910577297, 0.6246687173843384, 0.012046554125845432, 0.7807819247245789),
            ["RightLowerArm"] = CFrame.new(-8.940696716308594e-08, -1.1920928955078125e-07, 2.682209014892578e-07, 1, 8.94055816047512e-08, 1.0431011787659372e-07, 1.3783541419343237e-07, 0.49564698338508606, -0.8685240149497986, -1.3411013810582517e-07, 0.8685240745544434, 0.49564725160598755),
            ["LeftHand"] = CFrame.new(2.9802322387695312e-08, 1.7881393432617188e-07, -5.960464477539063e-08, 0.3363931179046631, 0.7756407260894775, -0.5340620875358582, -0.8710474371910095, 0.47182324528694153, 0.13659673929214478, 0.3579332232475281, 0.41924262046813965, 0.8343375325202942),
            ["base"] = CFrame.new(0, -0.05276989936828613, 0.025404781103134155, 1, 0, 0, 0, 1, 0, 0, 0, 1),
            ["backwheel"] = CFrame.new(-0.00018498941790312529, -0.000904381275177002, 0.010964512825012207, 1, -7.318678302281612e-11, 0.00006651878356933594, 7.203394131183316e-11, 1, 1.7279162989325414e-08, -0.00006651879084529355, -1.7279161212968575e-08, 1),
            ["RightFoot"] = CFrame.new(1.4156103134155273e-07, -1.7881393432617188e-07, 3.3527612686157227e-08, 0.8960602283477783, 0.3040061593055725, 0.3235083222389221, -0.20571944117546082, 0.9301164150238037, -0.30424174666404724, -0.39338982105255127, 0.2060670703649521, 0.8959795832633972),
            ["RightUpperLeg"] = CFrame.new(5.960464477539063e-08, -1.6424382920376956e-07, 2.9016518965363503e-08, 0.9795929789543152, 0.09958650171756744, 0.17458541691303253, 0.16862305998802185, 0.06550172716379166, -0.9835018515586853, -0.10937972366809845, 0.9928706288337708, 0.04737311229109764),
            ["RightUpperArm"] = CFrame.new(1.1920928955078125e-07, 4.76837158203125e-07, -1.4505349099636078e-07, 0.77760249376297, -0.057369209825992584, 0.6261522769927979, 0.02565084397792816, 0.997894287109375, 0.05957592651247978, -0.6282328367233276, -0.03026154823601246, 0.7774214744567871)
        }},
        [3] = {Time = 0.067, Data = {
            ["LeftLowerArm"] = CFrame.new(2.9802322387695312e-08, 5.960464477539063e-08, 2.2351741790771484e-08, 1, 2.9801842771348674e-08, 1.043101889308673e-07, 8.56813286986835e-08, 0.48258835077285767, -0.8758472800254822, -1.3410991073214973e-07, 0.875847339630127, 0.4825884699821472),
            ["LeftFoot"] = CFrame.new(-8.568167686462402e-08, 5.960464477539063e-08, -5.774199962615967e-08, 0.7809338569641113, -0.5347565412521362, -0.3227677643299103, 0.48058128356933594, 0.844491720199585, -0.2363806962966919, 0.3989786207675934, 0.02948157675564289, 0.9164852499961853),
            ["RightHand"] = CFrame.new(2.9802322387695312e-08, -6.556510925292969e-07, 0, 0.46501389145851135, -0.7256385684013367, 0.507161021232605, 0.8337013721466064, 0.5516538619995117, 0.02488117665052414, -0.2978326082229614, 0.41125038266181946, 0.8614922165870667),
            ["HumanoidRootPart"] = CFrame.new(0, 0, 0, 1, 0, 0, 0, 1, 0, 0, 0, 1),
            ["handle"] = CFrame.new(0, 0, 0, 1, 3.4395637449335936e-09, 0.00006639982893830165, -8.931224093622347e-10, 1, -0.00003823638326139189, -0.00006639982893830165, 0.00003835558891296387, 1),
            ["RightLowerLeg"] = CFrame.new(7.450580596923828e-08, -1.7881393432617188e-07, -7.636845111846924e-08, 1, 1.2293465090351674e-07, 1.0058278121505282e-07, -7.101334631443024e-08, -0.20490004122257233, 0.9787829518318176, 1.41095370054245e-07, -0.9787829518318176, -0.20490004122257233),
            ["LeftUpperLeg"] = CFrame.new(2.9802322387695312e-08, -1.3951830624137074e-07, 1.21421180665493e-07, 0.9650601744651794, -0.14104889333248138, -0.22082583606243134, -0.21114248037338257, 0.0804654061794281, -0.9741377234458923, 0.15517069399356842, 0.9867271780967712, 0.04787321388721466),
            ["LeftLowerLeg"] = CFrame.new(-3.46451997756958e-07, 5.960464477539063e-08, 1.1082738637924194e-07, 1, 2.0489109076038403e-08, 9.313215798556485e-08, -9.546058521436862e-08, -0.18075521290302277, 0.9835281372070312, 3.119931335504589e-08, -0.983528196811676, -0.18075522780418396),
            ["LowerTorso"] = CFrame.new(0.003833434544503689, -0.16834044456481934, 0.4422608017921448, 0.9999997019767761, 0.00004954221367370337, 0.0008658053120598197, 0.000027313619284541346, 0.9960723519325256, -0.08854320645332336, -0.0008667914080433547, 0.08854328840970993, 0.9960719347000122),
            ["Head"] = CFrame.new(3.672175807878375e-08, 1.1920928955078125e-07, 1.8038008420262486e-07, 0.9993063807487488, -0.008753939531743526, -0.036195557564496994, -0.007277279626578093, 0.9073309898376465, -0.42035409808158875, 0.03652109205722809, 0.4203260540962219, 0.906637966632843),
            ["frontwheel"] = CFrame.new(-0.000082060978456866, -0.0027012228965759277, 0.029723525047302246, 0.9999998807907104, -0.00015190265548881143, -0.0004832927661482245, -0.0003876822011079639, 0.3846440017223358, -0.9230648875236511, 0.00032611165079288185, 0.9230649471282959, 0.38464388251304626),
            ["UpperTorso"] = CFrame.new(-1.4817487681284547e-08, 3.5762786865234375e-07, 1.3240241969469935e-07, 0.9999955296516418, 0.0016206686850637197, -0.0025161521043628454, 0.0002340596984140575, 0.7957782745361328, 0.6055881381034851, 0.00298375659622252, -0.605586051940918, 0.7957742810249329),
            ["front"] = CFrame.new(0, 0, 0, 1, 2.0731022232212126e-08, 0.00006642025982728228, -1.862538390184909e-08, 1, -0.00003173947334289551, -0.00006642025982728228, 0.00003173947334289551, 1),
            ["LeftUpperArm"] = CFrame.new(1.7881393432617188e-07, 5.960464477539062e-07, 4.5925844460725784e-07, 0.7805359363555908, 0.037103161215782166, -0.6240277290344238, -0.03614580258727074, 0.9992455840110779, 0.014202580787241459, 0.6240651607513428, 0.011471758596599102, 0.7812732458114624),
            ["RightLowerArm"] = CFrame.new(-2.9802322387695312e-08, -5.960464477539063e-08, 1.043081283569336e-07, 1, 0, 1.0431011787659372e-07, 8.568147080723065e-08, 0.4957226514816284, -0.8684808015823364, -1.3411013810582517e-07, 0.8684808611869812, 0.4957228899002075),
            ["LeftHand"] = CFrame.new(1.341104507446289e-07, -2.384185791015625e-07, 0, 0.33719760179519653, 0.7749332785606384, -0.5345815420150757, -0.8700474500656128, 0.47341352701187134, 0.13746468722820282, 0.35960450768470764, 0.4187577962875366, 0.8338621854782104),
            ["base"] = CFrame.new(0, -0.05057525634765625, 0.025404781103134155, 1, 0, 0, 0, 1, 0, 0, 0, 1),
            ["backwheel"] = CFrame.new(-0.00018519937293604016, -0.0027176737785339355, 0.010965347290039062, 1, -7.318678302281612e-11, 0.00006651878356933594, 7.203394131183316e-11, 1, 1.7279162989325414e-08, -0.00006651879084529355, -1.7279161212968575e-08, 1),
            ["RightFoot"] = CFrame.new(-3.3527612686157227e-08, 1.1920928955078125e-07, 1.0058283805847168e-07, 0.8960503935813904, 0.3038698732852936, 0.32366371154785156, -0.20546504855155945, 0.9301162362098694, -0.30441465973854065, -0.39354532957077026, 0.206269308924675, 0.8958646655082703),
            ["RightUpperLeg"] = CFrame.new(1.1920928955078125e-07, 1.803582563297823e-07, 1.9819708541035652e-08, 0.9796658754348755, 0.09925995022058487, 0.17436248064041138, 0.1682475209236145, 0.06702391058206558, -0.9834635257720947, -0.10930556058883667, 0.9928017258644104, 0.04896145686507225),
            ["RightUpperArm"] = CFrame.new(-5.960464477539063e-08, 3.5762786865234375e-07, 5.112960934638977e-07, 0.7781249284744263, -0.056519780308008194, 0.6255801916122437, 0.024667376652359962, 0.9979248046875, 0.05948001518845558, -0.6276249885559082, -0.0308479443192482, 0.7778891921043396)
        }},
        [4] = {Time = 0.100, Data = {
            ["LeftLowerArm"] = CFrame.new(-1.1920928955078125e-07, 5.960464477539062e-07, -2.980232238769531e-07, 1, -1.4900924938388016e-08, 1.0431020314172201e-07, 1.247967418294138e-07, 0.4830498993396759, -0.8755927681922913, -8.940662610257277e-08, 0.8755928874015808, 0.48305007815361023),
            ["LeftFoot"] = CFrame.new(-2.60770320892334e-08, 3.5762786865234375e-07, 1.4901161193847656e-08, 0.780990481376648, -0.5346107482910156, -0.3228721022605896, 0.4803423285484314, 0.8445777893066406, -0.23655910789966583, 0.39915552735328674, 0.029661301523447037, 0.9164024591445923),
            ["RightHand"] = CFrame.new(-8.940696716308594e-08, -4.76837158203125e-07, -1.7881393432617188e-07, 0.46578189730644226, -0.7243732213973999, 0.5082637071609497, 0.8325217962265015, 0.5533925890922546, 0.025752946734428406, -0.2999245226383209, 0.411144882440567, 0.8608164191246033),
            ["HumanoidRootPart"] = CFrame.new(0, 0, 0, 1, 0, 0, 0, 1, 0, 0, 0, 1),
            ["handle"] = CFrame.new(0, 0, 0, 1, 3.4395637449335936e-09, 0.00006639982893830165, -8.931224093622347e-10, 1, -0.00003823638326139189, -0.00006639982893830165, 0.00003835558891296387, 1),
            ["RightLowerLeg"] = CFrame.new(-1.341104507446289e-07, 2.980232238769531e-07, -1.1920928955078125e-07, 1, 1.2479732447445713e-07, 8.195631551188853e-08, -7.217749953269958e-08, -0.20469807088375092, 0.9788252115249634, 1.564621925354004e-07, -0.9788252115249634, -0.20469805598258972),
            ["LeftUpperLeg"] = CFrame.new(0, -5.059337127022445e-08, 1.2834789231419563e-07, 0.9651196599006653, -0.14086619019508362, -0.22068217396736145, -0.21081817150115967, 0.08166313171386719, -0.9741082191467285, 0.15524134039878845, 0.9866549372673035, 0.04911821708083153),
            ["LeftLowerLeg"] = CFrame.new(-8.195638656616211e-08, -5.960464477539063e-08, 2.561137080192566e-07, 1, -1.3038528479114575e-08, 1.043080430918053e-07, -9.592624650167636e-08, -0.18055731058120728, 0.9835644364356995, 1.816079375771551e-08, -0.9835644960403442, -0.18055731058120728),
            ["LowerTorso"] = CFrame.new(0.003833434544503689, -0.16686582565307617, 0.4422420561313629, 0.9999997019767761, 0.000051555398385971785, 0.0008734497241675854, 0.000026664825782063417, 0.996003270149231, -0.0893172025680542, -0.0008745635277591646, 0.08931727707386017, 0.9960028529167175),
            ["Head"] = CFrame.new(3.706554707605392e-08, -3.5762786865234375e-07, 3.784552973229438e-07, 0.9993053674697876, -0.008770082145929337, -0.03622058779001236, -0.007195835933089256, 0.9082179069519043, -0.41843563318252563, 0.036565907299518585, 0.4184057414531708, 0.9075239896774292),
            ["frontwheel"] = CFrame.new(-0.00008206099300878122, -0.005186647176742554, 0.029723621904850006, 0.9999998807907104, -0.00015190265548881143, -0.0004832927661482245, -0.0003876822011079639, 0.3846440017223358, -0.9230648875236511, 0.00032611165079288185, 0.9230649471282959, 0.38464388251304626),
            ["UpperTorso"] = CFrame.new(-1.4966644812375307e-08, 6.556510925292969e-07, 5.825290827488061e-08, 0.9999955296516418, 0.0016157319769263268, -0.0025134386960417032, 0.00023312198754865676, 0.7964329123497009, 0.6047268509864807, 0.0029788617976009846, -0.6047248244285583, 0.7964290380477905),
            ["front"] = CFrame.new(0, 0, 0, 1, 2.0731022232212126e-08, 0.00006642025982728228, -1.862538390184909e-08, 1, -0.00003173947334289551, -0.00006642025982728228, 0.00003173947334289551, 1),
            ["LeftUpperArm"] = CFrame.new(1.1920928955078125e-07, 4.76837158203125e-07, 1.3702083379030228e-07, 0.7814421057701111, 0.03546787053346634, -0.6229877471923828, -0.0348033681511879, 0.9993064999580383, 0.01323805470019579, 0.6230064034461975, 0.011338690295815468, 0.782119631767273),
            ["RightLowerArm"] = CFrame.new(1.7881393432617188e-07, 5.960464477539063e-08, 6.780028343200684e-07, 1, 0, 4.470432912739852e-08, 1.1920901954454166e-07, 0.49610039591789246, -0.8682650327682495, -1.341101523166799e-07, 0.8682651519775391, 0.49610063433647156),
            ["LeftHand"] = CFrame.new(1.341104507446289e-07, 0, 5.960464477539063e-08, 0.3379651606082916, 0.773681104183197, -0.5359088182449341, -0.8689107298851013, 0.4752857983112335, 0.1381918340921402, 0.3616265058517456, 0.4189522862434387, 0.8328894376754761),
            ["base"] = CFrame.new(0, -0.047574520111083984, 0.025404781103134155, 1, 0, 0, 0, 1, 0, 0, 0, 1),
            ["backwheel"] = CFrame.new(-0.00018548700609244406, -0.0052016377449035645, 0.010966181755065918, 1, -7.318678302281612e-11, 0.00006651878356933594, 7.203394131183316e-11, 1, 1.7279162989325414e-08, -0.00006651879084529355, -1.7279161212968575e-08, 1),
            ["RightFoot"] = CFrame.new(-4.470348358154297e-08, 0, -3.3527612686157227e-08, 0.8960404396057129, 0.3037337362766266, 0.3238190710544586, -0.20521046221256256, 0.9301156997680664, -0.30458757281303406, -0.3937005400657654, 0.20647184550762177, 0.8957498073577881),
            ["RightUpperLeg"] = CFrame.new(1.1920928955078125e-07, -1.613534550415352e-07, -3.2800016924738884e-08, 0.9797073602676392, 0.09905882179737091, 0.17424310743808746, 0.1680057793855667, 0.06822266429662704, -0.9834225177764893, -0.10930454730987549, 0.9927401542663574, 0.05019646883010864),
            ["RightUpperArm"] = CFrame.new(1.1920928955078125e-07, 4.76837158203125e-07, 2.789311110973358e-07, 0.7789676189422607, -0.05494965240359306, 0.624670684337616, 0.023415597155690193, 0.9980074167251587, 0.0585932694375515, -0.6266267895698547, -0.03101162798702717, 0.778687059879303)
        }},
        [5] = {Time = 0.133, Data = {
            ["LeftLowerArm"] = CFrame.new(5.364418029785156e-07, 7.152557373046875e-07, 2.980232238769531e-07, 1, -1.4900923162031177e-08, 7.450729100355602e-08, 9.313193771731676e-08, 0.48358777165412903, -0.8752957582473755, -5.9604438717997255e-08, 0.8752958178520203, 0.48358795046806335),
            ["LeftFoot"] = CFrame.new(-3.725290298461914e-09, 1.1920928955078125e-07, -3.073364496231079e-08, 0.7809949517250061, -0.5345733761787415, -0.3229232430458069, 0.480273962020874, 0.8445998430252075, -0.2366190254688263, 0.3992290794849396, 0.02970658801496029, 0.9163690209388733),
            ["RightHand"] = CFrame.new(2.9802322387695312e-08, -1.7881393432617188e-07, -5.960464477539063e-08, 0.46638086438179016, -0.7227705717086792, 0.5099930167198181, 0.8313477039337158, 0.5551210641860962, 0.026472194120287895, -0.30224162340164185, 0.41163504123687744, 0.8597711324691772),
            ["HumanoidRootPart"] = CFrame.new(0, 0, 0, 1, 0, 0, 0, 1, 0, 0, 0, 1),
            ["handle"] = CFrame.new(0, 0, 0, 1, 3.4395637449335936e-09, 0.00006639982893830165, -8.931224093622347e-10, 1, -0.00003823638326139189, -0.00006639982893830165, 0.00003835558891296387, 1),
            ["RightLowerLeg"] = CFrame.new(-5.21540641784668e-08, -2.384185791015625e-07, -2.9709190130233765e-07, 1, 1.0430819941120717e-07, 8.940689610881236e-08, -6.635676186306227e-08, -0.20469829440116882, 0.9788250923156738, 1.2642709634747007e-07, -0.9788251519203186, -0.20469827950000763),
            ["LeftUpperLeg"] = CFrame.new(2.9802322387695312e-08, 9.49985405895859e-08, 1.8122955225408077e-07, 0.9651448726654053, -0.14076873660087585, -0.2206338346004486, -0.21070614457130432, 0.08209598064422607, -0.9740961194038391, 0.15523622930049896, 0.9866329431533813, 0.049574341624975204),
            ["LeftLowerLeg"] = CFrame.new(-1.7508864402770996e-07, 0, -6.239861249923706e-08, 1, 5.58793988858497e-09, 1.0803332628483986e-07, -1.048902333877777e-07, -0.18055731058120728, 0.9835644364356995, 4.237518780314531e-08, -0.9835644960403442, -0.18055729568004608),
            ["LowerTorso"] = CFrame.new(0.0038334347773343325, -0.16532278060913086, 0.44223424792289734, 0.9999997019767761, 0.00005130697172717191, 0.0008717812597751617, 0.000026987563614966348, 0.9959803223609924, -0.0895732119679451, -0.0008728727116249502, 0.08957323431968689, 0.9959798455238342),
            ["Head"] = CFrame.new(3.7443896871991456e-08, -4.76837158203125e-07, 1.6804369806777686e-07, 0.9993032217025757, -0.008801832795143127, -0.03627116605639458, -0.007228286936879158, 0.9077591300010681, -0.41942957043647766, 0.0366172194480896, 0.4193994104862213, 0.9070630669593811),
            ["frontwheel"] = CFrame.new(-0.000082060978456866, -0.007875382900238037, 0.029723607003688812, 0.9999998807907104, -0.00015190265548881143, -0.0004832927661482245, -0.0003876822011079639, 0.3846440017223358, -0.9230648875236511, 0.00032611165079288185, 0.9230649471282959, 0.38464388251304626),
            ["UpperTorso"] = CFrame.new(-1.5337718650698662e-08, 2.384185791015625e-07, 1.262428668269422e-07, 0.9999955296516418, 0.0016171963652595878, -0.0025164217222481966, 0.00023374792363028973, 0.7964354157447815, 0.6047235727310181, 0.0029821242205798626, -0.6047216057777405, 0.7964314818382263),
            ["front"] = CFrame.new(0, 0, 0, 1, 2.0731022232212126e-08, 0.00006642025982728228, -1.862538390184909e-08, 1, -0.00003173947334289551, -0.00006642025982728228, 0.00003173947334289551, 1),
            ["LeftUpperArm"] = CFrame.new(1.1920928955078125e-07, 3.5762786865234375e-07, 6.7870132625103e-08, 0.782718300819397, 0.03336570784449577, -0.6215001940727234, -0.03359191492199898, 0.9993712306022644, 0.011347325518727303, 0.6214690208435059, 0.011997107416391373, 0.7833319306373596),
            ["RightLowerArm"] = CFrame.new(-5.960464477539063e-08, 0, 5.21540641784668e-07, 1, 7.450464067915163e-08, 1.9371876192053605e-07, 1.2293426721043943e-07, 0.49647796154022217, -0.8680492639541626, -1.6391236101753748e-07, 0.8680493831634521, 0.49647819995880127),
            ["LeftHand"] = CFrame.new(1.6391277313232422e-07, 0, -5.960464477539063e-08, 0.3385178744792938, 0.7720797061920166, -0.5378658175468445, -0.8677991628646851, 0.47714895009994507, 0.1387549638748169, 0.36377233266830444, 0.4197879731655121, 0.8315331935882568),
            ["base"] = CFrame.new(0, -0.044304847717285156, 0.025404781103134155, 1, 0, 0, 0, 1, 0, 0, 0, 1),
            ["backwheel"] = CFrame.new(-0.0001857957395259291, -0.007903814315795898, 0.010957121849060059, 1, -7.318678302281612e-11, 0.00006651878356933594, 7.203394131183316e-11, 1, 1.7279162989325414e-08, -0.00006651879084529355, -1.7279161212968575e-08, 1),
            ["RightFoot"] = CFrame.new(3.3527612686157227e-08, 0, 1.862645149230957e-09, 0.8960539102554321, 0.3036861717700958, 0.3238265812397003, -0.20513825118541718, 0.9301159381866455, -0.30463555455207825, -0.3937079608440399, 0.20654074847698212, 0.8957306742668152),
            ["RightUpperLeg"] = CFrame.new(0, 2.573870006017387e-07, -2.4097971618175507e-08, 0.9797236323356628, 0.09891554713249207, 0.17423346638679504, 0.16794665157794952, 0.06873840093612671, -0.9833966493606567, -0.10925032943487167, 0.9927188754081726, 0.05073275789618492),
            ["RightUpperArm"] = CFrame.new(0, 3.5762786865234375e-07, 2.1478626877069473e-07, 0.7801845669746399, -0.052943821996450424, 0.6233237981796265, 0.022348590195178986, 0.9981351494789124, 0.056808874011039734, -0.6251500844955444, -0.030387356877326965, 0.7798975706100464)
        }},
        [6] = {Time = 0.167, Data = {
            ["LeftLowerArm"] = CFrame.new(5.960464477539063e-08, -7.152557373046875e-07, -7.450580596923828e-09, 1, 0, 8.940873641449798e-08, 1.0058244015453965e-07, 0.48389506340026855, -0.8751260042190552, -1.1920882059257565e-07, 0.8751260638237, 0.4838952124118805),
            ["LeftFoot"] = CFrame.new(-2.9802322387695312e-08, 5.960464477539063e-08, 2.1420419216156006e-08, 0.7809613943099976, -0.5346517562866211, -0.32287493348121643, 0.4804064631462097, 0.8445541262626648, -0.23651322722434998, 0.39913538098335266, 0.02959655039012432, 0.9164132475852966),
            ["RightHand"] = CFrame.new(-5.960464477539063e-08, -8.344650268554688e-07, 0, 0.4666820466518402, -0.7210207581520081, 0.5121898055076599, 0.8304229378700256, 0.5564902424812317, 0.026743315160274506, -0.3043115735054016, 0.4128532409667969, 0.8584558963775635),
            ["HumanoidRootPart"] = CFrame.new(0, 0, 0, 1, 0, 0, 0, 1, 0, 0, 0, 1),
            ["handle"] = CFrame.new(0, 0, 0, 1, 3.4395637449335936e-09, 0.00006639982893830165, -8.931224093622347e-10, 1, -0.00003823638326139189, -0.00006639982893830165, 0.00003835558891296387, 1),
            ["RightLowerLeg"] = CFrame.new(-2.60770320892334e-08, 1.1920928955078125e-07, -2.9709190130233765e-07, 1, 1.2107203417599521e-07, 8.940690321423972e-08, -6.239863381551913e-08, -0.20469805598258972, 0.9788251519203186, 1.3434332402084692e-07, -0.9788252711296082, -0.20469801127910614),
            ["LeftUpperLeg"] = CFrame.new(0, -2.2544554667547345e-07, 1.887674443423748e-07, 0.9651142954826355, -0.14090360701084137, -0.22068169713020325, -0.21086736023426056, 0.08133493363857269, -0.9741250872612, 0.1552075296640396, 0.9866766929626465, 0.048786211758852005),
            ["LeftLowerLeg"] = CFrame.new(-1.4528632164001465e-07, -1.1920928955078125e-07, -2.3469328880310059e-07, 1, -2.980235080940474e-08, 1.1920923270736239e-07, -1.0977971243164575e-07, -0.18055710196495056, 0.983564555644989, 4.47035120032524e-08, -0.983564555644989, -0.18055710196495056),
            ["LowerTorso"] = CFrame.new(0.0038334347773343325, -0.16401267051696777, 0.4422457814216614, 0.9999997019767761, 0.00005075896478956565, 0.0008701441693119705, 0.000027010040867025964, 0.9960189461708069, -0.08914261311292648, -0.0008712048875167966, 0.08914262056350708, 0.9960185885429382),
            ["Head"] = CFrame.new(3.626882971730083e-08, -2.384185791015625e-07, -1.1720840120688081e-07, 0.9993003606796265, -0.008845812641084194, -0.036340340971946716, -0.007354824338108301, 0.9061816930770874, -0.42282459139823914, 0.036671172827482224, 0.4227961301803589, 0.9054826498031616),
            ["frontwheel"] = CFrame.new(-0.00008206098573282361, -0.010360687971115112, 0.02972359210252762, 0.9999998807907104, -0.00015190265548881143, -0.0004832927661482245, -0.0003876822011079639, 0.3846440017223358, -0.9230648875236511, 0.00032611165079288185, 0.9230649471282959, 0.38464388251304626),
            ["UpperTorso"] = CFrame.new(-1.5199475456029177e-08, 2.384185791015625e-07, 1.4954525795474183e-07, 0.9999955892562866, 0.0016208605375140905, -0.002520933048799634, 0.00023483752738684416, 0.7961763143539429, 0.6050646901130676, 0.002987832762300968, -0.6050625443458557, 0.7961723804473877),
            ["front"] = CFrame.new(0, 0, 0, 1, 2.0731022232212126e-08, 0.00006642025982728228, -1.862538390184909e-08, 1, -0.00003173947334289551, -0.00006642025982728228, 0.00003173947334289551, 1),
            ["LeftUpperArm"] = CFrame.new(1.7881393432617188e-07, 0, -2.6705674827098846e-07, 0.7840771675109863, 0.030937910079956055, -0.619910717010498, -0.03228750452399254, 0.9994378089904785, 0.009041919372975826, 0.6198230981826782, 0.01292708795517683, 0.7846202850341797),
            ["RightLowerArm"] = CFrame.new(-1.1920928955078125e-07, -5.960464477539063e-08, -1.862645149230957e-07, 1, 0, 4.4704325574684844e-08, 6.705504773663051e-08, 0.4967799484729767, -0.8678764700889587, -1.4901121403454454e-07, 0.8678765892982483, 0.49678003787994385),
            ["LeftHand"] = CFrame.new(-4.470348358154297e-08, -3.5762786865234375e-07, 2.9802322387695312e-08, 0.33871397376060486, 0.7702836394309998, -0.5403119325637817, -0.866910457611084, 0.47869446873664856, 0.13898628950119019, 0.3657035827636719, 0.42132487893104553, 0.8299071192741394),
            ["base"] = CFrame.new(0, -0.04130411148071289, 0.025404781103134155, 1, 0, 0, 0, 1, 0, 0, 0, 1),
            ["backwheel"] = CFrame.new(-0.00018608335813041776, -0.010387718677520752, 0.010958194732666016, 1, -7.318678302281612e-11, 0.00006651878356933594, 7.203394131183316e-11, 1, 1.7279162989325414e-08, -0.00006651879084529355, -1.7279161212968575e-08, 1),
            ["RightFoot"] = CFrame.new(3.3527612686157227e-08, 1.7881393432617188e-07, 2.1886080503463745e-08, 0.8960498571395874, 0.3037813901901245, 0.32374823093414307, -0.20527419447898865, 0.9300997257232666, -0.30459362268447876, -0.39364612102508545, 0.20647397637367249, 0.8957733511924744),
            ["RightUpperLeg"] = CFrame.new(0, 1.5639852790627629e-07, -1.437729224562645e-08, 0.9796907901763916, 0.09912922978401184, 0.17429660260677338, 0.16808351874351501, 0.06797198951244354, -0.9834265112876892, -0.10933410376310349, 0.992750346660614, 0.04993021488189697),
            ["RightUpperArm"] = CFrame.new(0, 5.960464477539062e-07, 1.5832483768463135e-08, 0.7815431952476501, -0.05071805790066719, 0.62180495262146, 0.021322784945368767, 0.998279333114624, 0.054626964032649994, -0.6234865784645081, -0.029431331902742386, 0.7812647223472595)
        }},
        [7] = {Time = 0.200, Data = {
            ["LeftLowerArm"] = CFrame.new(-3.5762786865234375e-07, 5.960464477539063e-08, -1.043081283569336e-07, 1, -4.470276948609353e-08, 4.470436465453531e-08, 9.685719248864189e-08, 0.48466265201568604, -0.874701201915741, -8.940664031342749e-08, 0.8747012615203857, 0.4846627414226532),
            ["LeftFoot"] = CFrame.new(-5.587935447692871e-08, 5.960464477539063e-08, 1.1175870895385742e-08, 0.7809205055236816, -0.5348042249679565, -0.32272130250930786, 0.48067572712898254, 0.8444645404815674, -0.2362859547138214, 0.3988911509513855, 0.02939627878367901, 0.9165260195732117),
            ["RightHand"] = CFrame.new(-4.470348358154297e-08, -3.5762786865234375e-07, 0, 0.4666211009025574, -0.7193436026573181, 0.51459801197052, 0.8299532532691956, 0.5572099685668945, 0.026335034519433975, -0.30568361282348633, 0.41480332612991333, 0.8570271730422974),
            ["HumanoidRootPart"] = CFrame.new(0, 0, 0, 1, 0, 0, 0, 1, 0, 0, 0, 1),
            ["handle"] = CFrame.new(0, 0, 0, 1, 3.4395637449335936e-09, 0.00006639982893830165, -8.931224093622347e-10, 1, -0.00003823638326139189, -0.00006639982893830165, 0.00003835558891296387, 1),
            ["RightLowerLeg"] = CFrame.new(1.601874828338623e-07, 2.384185791015625e-07, 7.264316082000732e-08, 1, 1.247973102636024e-07, 8.568158449406837e-08, -7.101334631443024e-08, -0.20510177314281464, 0.9787406325340271, 1.441221684217453e-07, -0.9787407517433167, -0.20510174334049225),
            ["LeftUpperLeg"] = CFrame.new(0, 1.9792059902101755e-07, 1.0515213944017887e-07, 0.9650078415870667, -0.14125648140907288, -0.22092165052890778, -0.21138246357440948, 0.07949033379554749, -0.9741656184196472, 0.15516914427280426, 0.9867765307426453, 0.046850305050611496),
            ["LeftLowerLeg"] = CFrame.new(-1.862645149230957e-07, 0, 1.3969838619232178e-07, 1, 1.3038530255471414e-08, 8.940688189795765e-08, -1.1012892286998976e-07, -0.18095502257347107, 0.9834914207458496, 8.847566235203885e-09, -0.9834914803504944, -0.18095500767230988),
            ["LowerTorso"] = CFrame.new(0.0038334347773343325, -0.1631619930267334, 0.4422760307788849, 0.9999997019767761, 0.00004987574357073754, 0.0008685410139150918, 0.00002669661262189038, 0.9961258769035339, -0.08793947845697403, -0.0008695622091181576, 0.0879395455121994, 0.9961254596710205),
            ["Head"] = CFrame.new(3.7265181163093075e-08, -2.384185791015625e-07, 1.1464271665317938e-07, 0.9992969632148743, -0.00889904610812664, -0.036420270800590515, -0.007532358635216951, 0.9039608240127563, -0.427548885345459, 0.03672727942466736, 0.42752280831336975, 0.9032582640647888),
            ["frontwheel"] = CFrame.new(-0.00008206098573282361, -0.012175023555755615, 0.029723577201366425, 0.9999998807907104, -0.00015190265548881143, -0.0004832927661482245, -0.0003876822011079639, 0.3846440017223358, -0.9230648875236511, 0.00032611165079288185, 0.9230649471282959, 0.38464388251304626),
            ["UpperTorso"] = CFrame.new(-1.4904799172654748e-08, 3.5762786865234375e-07, 9.835616765485611e-08, 0.9999955296516418, 0.0016236384399235249, -0.002524056937545538, 0.00023561854322906584, 0.7959533333778381, 0.6053580045700073, 0.002991913817822933, -0.605355978012085, 0.7959493398666382),
            ["front"] = CFrame.new(0, 0, 0, 1, 2.0731022232212126e-08, 0.00006642025982728228, -1.862538390184909e-08, 1, -0.00003173947334289551, -0.00006642025982728228, 0.00003173947334289551, 1),
            ["LeftUpperArm"] = CFrame.new(0, 7.152557373046875e-07, 4.025641828775406e-07, 0.7853877544403076, 0.028756238520145416, -0.6183546781539917, -0.031191984191536903, 0.9994899034500122, 0.006863913498818874, 0.6182177662849426, 0.01389817800372839, 0.7858691811561584),
            ["RightLowerArm"] = CFrame.new(-2.384185791015625e-07, -1.1920928955078125e-07, 1.7881393432617188e-07, 1, 1.4900928491101695e-08, 7.450721284385509e-08, 7.078035224594714e-08, 0.4976097047328949, -0.8674009442329407, -1.0430789387783079e-07, 0.8674010634422302, 0.49760985374450684),
            ["LeftHand"] = CFrame.new(1.043081283569336e-07, -5.960464477539062e-07, -5.960464477539063e-08, 0.33856844902038574, 0.768484890460968, -0.54295814037323, -0.8664775490760803, 0.47961148619651794, 0.13852329552173615, 0.3668624758720398, 0.42356088757514954, 0.828255832195282),
            ["base"] = CFrame.new(0, -0.03910946846008301, 0.025404781103134155, 1, 0, 0, 0, 1, 0, 0, 0, 1),
            ["backwheel"] = CFrame.new(-0.00018629332771524787, -0.012200981378555298, 0.01095879077911377, 1, -7.318678302281612e-11, 0.00006651878356933594, 7.203394131183316e-11, 1, 1.7279162989325414e-08, -0.00006651879084529355, -1.7279161212968575e-08, 1),
            ["RightFoot"] = CFrame.new(0, 2.384185791015625e-07, 7.031485438346863e-08, 0.8960670828819275, 0.3039335012435913, 0.32355788350105286, -0.20559532940387726, 0.9301164150238037, -0.3043256103992462, -0.39343926310539246, 0.20617425441741943, 0.895933210849762),
            ["RightUpperLeg"] = CFrame.new(5.960464477539063e-08, 5.78147592023015e-08, -1.752050593495369e-08, 0.9796263575553894, 0.09944582730531693, 0.1744786500930786, 0.16846764087677002, 0.06600145250558853, -0.9834950566291809, -0.10932090133428574, 0.9928516745567322, 0.047904014587402344),
            ["RightUpperArm"] = CFrame.new(0, 4.76837158203125e-07, 3.366731107234955e-07, 0.7828012108802795, -0.04868264123797417, 0.6203834414482117, 0.020509349182248116, 0.9984119534492493, 0.05247039347887039, -0.6219338178634644, -0.028346752747893333, 0.7825416326522827)
        }},
        [8] = {Time = 0.233, Data = {
            ["LeftLowerArm"] = CFrame.new(0, 4.172325134277344e-07, -1.1175870895385742e-07, 1, -2.9801849876776032e-08, 5.960583138175934e-08, 1.0244512793633476e-07, 0.48558309674263, -0.8741904497146606, -1.4901110034770682e-07, 0.8741905093193054, 0.4855833053588867),
            ["LeftFoot"] = CFrame.new(-1.4901161193847656e-08, 1.1920928955078125e-07, -8.009374141693115e-08, 0.7808240652084351, -0.535084068775177, -0.32249048352241516, 0.48112809658050537, 0.8442981243133545, -0.2359600067138672, 0.3985343277454376, 0.02908397652208805, 0.916691243648529),
