return {
    ["Scout Regiment Salute"] = {
        {Time = 0.000, Data = {
            ["RightFoot"] = CFrame.new(0, 3.5762786865234375e-07, -3.9282895158976316e-08, 0.9874427318572998, 0.14380265772342682, -0.06540421396493912, -0.15747685730457306, 0.9289302825927734, -0.3350963294506073, 0.012568224221467972, 0.3411882519721985, 0.9399110674858093),
            ["LeftLowerArm"] = CFrame.new(-2.682209014892578e-07, -2.980232238769531e-07, -2.3469328880310059e-07, 1, -8.568167686462402e-08, 6.146728992462158e-08, 7.636847243475131e-08, 0.3630179762840271, -0.9317821264266968, 3.72529100900465e-08, 0.9317821860313416, 0.3630180358886719),
            ["RightUpperArm"] = CFrame.new(-5.960464477539063e-08, 4.76837158203125e-07, -7.171183824539185e-08, 0.2546195983886719, 0.06841735541820526, 0.9646180868148804, 0.5854054689407349, 0.7830543518066406, -0.21006259322166443, -0.7697202563285828, 0.6181788444519043, 0.1593291312456131),
            ["Head"] = CFrame.new(-3.026798367500305e-09, 2.384185791015625e-07, -5.864421837031841e-08, 0.9998602867126465, -0.010429284535348415, -0.013068171218037605, 0.010798229835927486, 0.999535858631134, 0.02848668396472931, 0.012765016406774521, -0.02862372063100338, 0.999508798122406),
            ["LowerTorso"] = CFrame.new(0.009510651230812073, -0.0767359733581543, -0.1922290027141571, 0.9991874694824219, -0.017128977924585342, -0.03648291155695915, 0.018286079168319702, 0.99933260679245, 0.03162234649062157, 0.035916902124881744, -0.032263778150081635, 0.9988338351249695),
            ["UpperTorso"] = CFrame.new(-1.280568540096283e-08, 2.9802322387695312e-08, 1.9143044482916594e-08, 0.9979718327522278, 0.042778853327035904, 0.04714101925492287, -0.039356473833322525, 0.9966796636581421, -0.0712788999080658, -0.05003372207283974, 0.0692790299654007, 0.9963418245315552),
            ["HumanoidRootPart"] = CFrame.new(0, 0, 0, 1, 0, 0, 0, 1, 0, 0, 0, 1),
            ["RightUpperLeg"] = CFrame.new(1.1920928955078125e-07, -3.366731107234955e-07, -1.6596459317952394e-08, 0.9697549939155579, -0.14323961734771729, -0.19763052463531494, 0.11624690890312195, 0.9830089807510376, -0.1420571208000183, 0.21462079882621765, 0.1147865429520607, 0.9699288606643677),
            ["LeftUpperArm"] = CFrame.new(0, -2.384185791015625e-07, -5.494803190231323e-08, 0.022407442331314087, 0.28749585151672363, -0.9575197696685791, 0.6062496900558472, 0.7576634287834167, 0.24167612195014954, 0.7949587106704712, -0.5859114527702332, -0.15731698274612427),
            ["RightLowerArm"] = CFrame.new(-5.364418029785156e-07, -5.960464477539063e-08, -1.9371509552001953e-07, 1, -8.940679663282936e-08, 6.705523958316917e-08, 3.352766597686241e-08, -0.40831857919692993, -0.9128395318984985, 1.11758879484114e-07, 0.9128395318984985, -0.40831854939460754),
            ["LeftHand"] = CFrame.new(-8.940696716308594e-08, -1.7881393432617188e-07, -2.60770320892334e-08, 0.7786341309547424, 0.007528887130320072, -0.6274331212043762, -0.3659836947917938, 0.8176752924919128, -0.44436803460121155, 0.5096909403800964, 0.5756306052207947, 0.6394252777099609),
            ["LeftFoot"] = CFrame.new(-5.3551048040390015e-08, 1.1920928955078125e-07, 1.862645149230957e-09, 0.983688473701477, -0.14797857403755188, 0.1022707149386406, 0.17510482668876648, 0.9178845882415771, -0.3561267852783203, -0.0411735475063324, 0.3682258129119873, 0.9288243055343628),
            ["RightHand"] = CFrame.new(1.4901161193847656e-07, 3.5762786865234375e-07, 2.980232238769531e-07, -0.09746172279119492, -0.0980202853679657, -0.9904006719589233, -0.6940963268280029, 0.7198756337165833, -0.002942160237580538, 0.7132541537284851, 0.6871472001075745, -0.13819533586502075),
            ["RightLowerLeg"] = CFrame.new(2.2351741790771484e-08, -0.000060677528381347656, -0.00007211992488009855, 1, -7.450581307466564e-08, -7.4505797087454084e-09, 6.146728281919422e-08, 0.8947184681892395, 0.44663044810295105, -2.0489094865183688e-08, -0.4466307461261749, 0.8947185277938843),
            ["LeftUpperLeg"] = CFrame.new(0, 2.3283064365386963e-09, 7.82310962677002e-08, 0.9714326858520508, 0.18933258950710297, 0.14307940006256104, -0.1573096513748169, 0.965155839920044, -0.2091125100851059, -0.1776857078075409, 0.18063095211982727, 0.9673677682876587),
            ["LeftLowerLeg"] = CFrame.new(-6.705522537231445e-08, 0.00006091594696044922, 0.00007179379463195801, 1, 4.0978193283081055e-08, 4.470347647611561e-08, -5.4016709327697754e-08, 0.8500280380249023, 0.5267374515533447, 3.725290298461914e-09, -0.5267374515533447, 0.8500279784202576),
        }},
        {Time = 0.033, Data = {
            ["RightFoot"] = CFrame.new(4.470348358154297e-08, 6.556510925292969e-07, -7.617927622050047e-09, 0.9874944686889648, 0.14348331093788147, -0.06532467156648636, -0.15714062750339508, 0.9292171001434326, -0.33445826172828674, 0.012711605057120323, 0.34054094552993774, 0.9401438236236572),
            ["LeftLowerArm"] = CFrame.new(-1.7881393432617188e-07, -2.384185791015625e-07, -3.073364496231079e-07, 1, -3.352760913344355e-08, 2.7939677238464355e-08, 1.3969842171945857e-08, 0.36136770248413086, -0.93242347240448, 2.2351747119842003e-08, 0.93242347240448, 0.36136770248413086),
            ["RightUpperArm"] = CFrame.new(-5.960464477539063e-08, 5.960464477539062e-07, -2.60770320892334e-08, 0.2549431025981903, 0.0663222074508667, 0.9646790027618408, 0.587670624256134, 0.7816285490989685, -0.20904569327831268, -0.7678849697113037, 0.6202081441879272, 0.16029523313045502),
            ["Head"] = CFrame.new(2.2118911147117615e-09, 3.5762786865234375e-07, -2.2439053282141685e-08, 0.999857485294342, -0.010540451854467392, -0.01319658849388361, 0.010919232852756977, 0.9995207786560059, 0.028967607766389847, 0.012884940952062607, -0.029107483103871346, 0.9994932413101196),
            ["LowerTorso"] = CFrame.new(0.009500902146100998, -0.07673883438110352, -0.18987081944942474, 0.9991942644119263, -0.017282946035265923, -0.03622572496533394, 0.0185000728815794, 0.9992662668228149, 0.03353692218661308, 0.03561953082680702, -0.03418007493019104, 0.9987807273864746),
            ["UpperTorso"] = CFrame.new(-2.0954757928848267e-09, 2.9802322387695312e-08, 8.96397978067398e-09, 0.9979711174964905, 0.043064117431640625, 0.0468948669731617, -0.039613377302885056, 0.9966046810150146, -0.07218014448881149, -0.049844011664390564, 0.07017605006694794, 0.9962886571884155),
            ["HumanoidRootPart"] = CFrame.new(0, 0, 0, 1, 0, 0, 0, 1, 0, 0, 0, 1),
            ["RightUpperLeg"] = CFrame.new(5.960464477539063e-08, -3.501772880554199e-07, -1.1008523870259523e-08, 0.9697393774986267, -0.14311714470386505, -0.19779559969902039, 0.11529584228992462, 0.9825880527496338, -0.14569728076457977, 0.2152033895254135, 0.1184832826256752, 0.969355046749115),
            ["LeftUpperArm"] = CFrame.new(5.960464477539063e-08, 1.1920928955078125e-07, 9.313225746154785e-10, 0.023867107927799225, 0.2886545956134796, -0.957135796546936, 0.6067601442337036, 0.7567206621170044, 0.2433432936668396, 0.7945265769958496, -0.5865597724914551, -0.15708337724208832),
            ["RightLowerArm"] = CFrame.new(-7.748603820800781e-07, 1.1920928955078125e-07, -1.1920928955078125e-07, 1, -8.195622314133288e-08, 1.415610881849716e-07, 5.5879439742057e-08, -0.410821795463562, -0.9117157459259033, 8.940710927163309e-08, 0.9117157459259033, -0.41082173585891724),
            ["LeftHand"] = CFrame.new(-3.725290298461914e-09, 3.5762786865234375e-07, -1.4901161193847656e-07, 0.7775425314903259, 0.006185134872794151, -0.6288001537322998, -0.36563459038734436, 0.8179883360862732, -0.44407927989959717, 0.5116043090820312, 0.575201690196991, 0.6382821202278137),
            ["LeftFoot"] = CFrame.new(-9.872019290924072e-08, 0, 6.51925802230835e-09, 0.9837241768836975, -0.14777280390262604, 0.10222573578357697, 0.1748718023300171, 0.918141782283783, -0.3555777966976166, -0.04131298512220383, 0.3676667809486389, 0.929039478302002),
            ["RightHand"] = CFrame.new(1.1175870895385742e-07, 4.76837158203125e-07, -2.682209014892578e-07, -0.09834498912096024, -0.10017586499452591, -0.9900975823402405, -0.6933308243751526, 0.7206075191497803, -0.004041329957544804, 0.7138771414756775, 0.6860682368278503, -0.1403227299451828),
            ["RightLowerLeg"] = CFrame.new(8.940696716308594e-08, -0.000060498714447021484, -0.00007207522139651701, 1, -7.450581307466564e-08, -2.607702853651972e-08, 8.381902460996571e-08, 0.8942070007324219, 0.447653591632843, -2.607702853651972e-08, -0.4476538598537445, 0.8942070603370667),
            ["LeftUpperLeg"] = CFrame.new(0, -2.5192275643348694e-07, 8.009374141693115e-08, 0.9714744687080383, 0.18964426219463348, 0.14238151907920837, -0.15698008239269257, 0.9642922282218933, -0.213302344083786, -0.17774894833564758, 0.1848667412996292, 0.9665555953979492),
            ["LeftLowerLeg"] = CFrame.new(-3.725290298461914e-08, 0.00006091594696044922, 0.00007180124521255493, 1, 2.9802322387695312e-08, 3.3527612686157227e-08, -3.166497108963995e-08, 0.8490960001945496, 0.5282385945320129, 1.862645371275562e-09, -0.5282385349273682, 0.8490960001945496),
        }},
        {Time = 0.067, Data = {
            ["RightFoot"] = CFrame.new(-1.4901161193847656e-08, 4.172325134277344e-07, -5.2321411203593016e-08, 0.9875165820121765, 0.14334098994731903, -0.0653025358915329, -0.1569923758506775, 0.929421067237854, -0.3339606821537018, 0.012823213823139668, 0.3400438725948334, 0.9403222799301147),
            ["LeftLowerArm"] = CFrame.new(-3.8743019104003906e-07, -1.7881393432617188e-07, -2.812594175338745e-07, 1, -3.352760558072987e-08, 1.303851426825986e-08, 7.823110337312755e-08, 0.36249151825904846, -0.9319871068000793, 2.980232594040899e-08, 0.9319870471954346, 0.36249154806137085),
            ["RightUpperArm"] = CFrame.new(-5.960464477539063e-08, 0, 6.51925802230835e-09, 0.25535133481025696, 0.06652935594320297, 0.9645567536354065, 0.588222324848175, 0.7810660004615784, -0.20959597826004028, -0.7673266530036926, 0.6208943724632263, 0.160312220454216),
            ["Head"] = CFrame.new(6.984919309616089e-10, -2.384185791015625e-07, 2.4389009922742844e-08, 0.999852180480957, -0.010570467449724674, -0.013567360118031502, 0.010944899171590805, 0.9995529055595398, 0.027827002108097076, 0.013267156668007374, -0.0279712937772274, 0.9995206594467163),
            ["LowerTorso"] = CFrame.new(0.009366430342197418, -0.07674753665924072, -0.18809658288955688, 0.9992167353630066, -0.017466820776462555, -0.03551167622208595, 0.01870107091963291, 0.9992218613624573, 0.03472629934549332, 0.03487749025225639, -0.035363201051950455, 0.998765766620636),
            ["UpperTorso"] = CFrame.new(-1.257285475730896e-08, 2.384185791015625e-07, 5.2023096941411495e-09, 0.9979838132858276, 0.04322249814867973, 0.04647847265005112, -0.03979795426130295, 0.9965930581092834, -0.07223842293024063, -0.049442458897829056, 0.07024303078651428, 0.9963038563728333),
            ["HumanoidRootPart"] = CFrame.new(0, 0, 0, 1, 0, 0, 0, 1, 0, 0, 0, 1),
            ["RightUpperLeg"] = CFrame.new(1.1920928955078125e-07, -2.086162567138672e-07, -2.4047039914876223e-08, 0.9696188569068909, -0.1430550068616867, -0.19843055307865143, 0.11467869579792023, 0.982341468334198, -0.14783160388469696, 0.2160746455192566, 0.12058442831039429, 0.9689019918441772),
            ["LeftUpperArm"] = CFrame.new(0, -4.76837158203125e-07, 1.955777406692505e-08, 0.0237645972520113, 0.28866082429885864, -0.9571364521980286, 0.6057990789413452, 0.7574470639228821, 0.24347813427448273, 0.7952627539634705, -0.5856184959411621, -0.1568700224161148),
            ["RightLowerArm"] = CFrame.new(-5.960464477539062e-07, 2.384185791015625e-07, -1.6391277313232422e-07, 1, -6.705509747462202e-08, 1.1920936060505483e-07, 1.2852271424890205e-07, -0.4116906523704529, -0.9113237261772156, 1.0430829178176282e-07, 0.9113237261772156, -0.4116906523704529),
            ["LeftHand"] = CFrame.new(3.725290298461914e-08, 5.364418029785156e-07, 1.862645149230957e-08, 0.7775239944458008, 0.0064918044954538345, -0.6288201212882996, -0.36630159616470337, 0.8174691200256348, -0.44448569416999817, 0.5111551880836487, 0.5759359002113342, 0.6379795074462891),
            ["LeftFoot"] = CFrame.new(-4.516914486885071e-08, 5.960464477539063e-08, -1.0244548320770264e-08, 0.9837673306465149, -0.1475214660167694, 0.10217252373695374, 0.17459841072559357, 0.9183599352836609, -0.3551487624645233, -0.041439127177000046, 0.3672228455543518, 0.9292094707489014),
            ["RightHand"] = CFrame.new(9.685754776000977e-08, 2.980232238769531e-07, 2.086162567138672e-07, -0.09797856956720352, -0.10022371262311935, -0.9901290535926819, -0.6923852562904358, 0.7215134501457214, -0.004518034402281046, 0.7148447036743164, 0.6851086020469666, -0.14008593559265137),
            ["RightLowerLeg"] = CFrame.new(7.450580596923828e-09, -0.00006073713302612305, -0.0000721050237189047, 1, -5.960465188081798e-08, 7.4505797087454084e-09, 6.519257311765614e-08, 0.8939786553382874, 0.44810929894447327, -3.725289943190546e-08, -0.44810959696769714, 0.8939787745475769),
            ["LeftUpperLeg"] = CFrame.new(-5.960464477539063e-08, -1.3969838619232178e-09, 8.381903171539307e-08, 0.9716007113456726, 0.1897905021905899, 0.1413215696811676, -0.15673790872097015, 0.9636151790618896, -0.21651588380336761, -0.1772722750902176, 0.18821652233600616, 0.9659964442253113),
            ["LeftLowerLeg"] = CFrame.new(-2.0489096641540527e-07, 0.00006079673767089844, 0.00007183104753494263, 1, 5.21540641784668e-08, 5.587935447692871e-08, -5.587935447692871e-08, 0.8482422828674316, 0.5296084880828857, 2.2351741790771484e-08, -0.529608428478241, 0.8482422232627869),
        }},
        {Time = 0.100, Data = {
            ["RightFoot"] = CFrame.new(9.313225746154785e-08, 3.5762786865234375e-07, -6.16346369497478e-08, 0.9875081181526184, 0.14339317381381989, -0.06531597673892975, -0.1570414900779724, 0.929533064365387, -0.3336257040500641, 0.012873656116425991, 0.3397156000137329, 0.9404402375221252),
            ["LeftLowerArm"] = CFrame.new(-2.086162567138672e-07, -1.1920928955078125e-07, -1.2479722499847412e-07, 1, 7.4505797087454084e-09, 4.842877388000488e-08, 6.798656215778465e-08, 0.36281904578208923, -0.9318596124649048, 3.72529100900465e-08, 0.9318596124649048, 0.36281904578208923),
            ["RightUpperArm"] = CFrame.new(0, 4.76837158203125e-07, 9.313225746154785e-10, 0.2561703622341156, 0.06675286591053009, 0.9643240571022034, 0.5883945226669312, 0.7807336449623108, -0.21034985780715942, -0.7669215798377991, 0.6212882399559021, 0.1607237607240677),
            ["Head"] = CFrame.new(2.0954757928848267e-09, 3.5762786865234375e-07, 3.0617229640483856e-08, 0.9998435378074646, -0.01063383650034666, -0.014136973768472672, 0.011016257107257843, 0.9995679259300232, 0.027253994718194008, 0.013841056264936924, -0.027405379340052605, 0.9995285868644714),
            ["LowerTorso"] = CFrame.new(0.009089253842830658, -0.07676160335540771, -0.18700310587882996, 0.9992464780807495, -0.01765470951795578, -0.03456538915634155, 0.01887691579759121, 0.9991964101791382, 0.03535820171236992, 0.033913373947143555, -0.03598404675722122, 0.9987767934799194),
            ["UpperTorso"] = CFrame.new(-1.210719347000122e-08, 5.960464477539063e-08, -3.67435859516263e-09, 0.9979991912841797, 0.04341248795390129, 0.04596877098083496, -0.040020085871219635, 0.996579110622406, -0.07230914384126663, -0.04895063489675522, 0.07032479345798492, 0.9963223934173584),
            ["HumanoidRootPart"] = CFrame.new(0, 0, 0, 1, 0, 0, 0, 1, 0, 0, 0, 1),
            ["RightUpperLeg"] = CFrame.new(1.1920928955078125e-07, -1.6205012798309326e-07, -1.287116901949048e-08, 0.9694318175315857, -0.1431017518043518, -0.1993085741996765, 0.11439481377601624, 0.9822258949279785, -0.14881592988967896, 0.2170618772506714, 0.12146688997745514, 0.9685710668563843),
            ["LeftUpperArm"] = CFrame.new(0, 0, 2.0489096641540527e-08, 0.023753704503178596, 0.2885422706604004, -0.9571725726127625, 0.6052621006965637, 0.7578743696212769, 0.2434837967157364, 0.7956717610359192, -0.5851238369941711, -0.1566413938999176),
            ["RightLowerArm"] = CFrame.new(-8.940696716308594e-07, 0, -1.9371509552001953e-07, 1, -8.195622314133288e-08, 6.70552680048786e-08, 1.1548417688800328e-07, -0.41108018159866333, -0.9115992784500122, 1.0430829178176282e-07, 0.9115992188453674, -0.41108018159866333),
            ["LeftHand"] = CFrame.new(-2.868473529815674e-07, -5.960464477539063e-08, -1.2293457984924316e-07, 0.7775046825408936, 0.006652851589024067, -0.6288422346115112, -0.3663097023963928, 0.8175889253616333, -0.4442582130432129, 0.511178731918335, 0.5757640600204468, 0.6381160616874695),
            ["LeftFoot"] = CFrame.new(-3.096647560596466e-08, 0, -3.3527612686157227e-08, 0.9838114976882935, -0.1472550481557846, 0.10213164240121841, 0.17432647943496704, 0.9184819459915161, -0.3549666106700897, -0.041535403579473495, 0.3670245409011841, 0.9292835593223572),
            ["RightHand"] = CFrame.new(5.140900611877441e-07, 2.384185791015625e-07, 2.9802322387695312e-08, -0.09810851514339447, -0.10025522112846375, -0.9901130795478821, -0.6922234296798706, 0.7216688394546509, -0.00448177894577384, 0.7149835228919983, 0.6849401593208313, -0.14020060002803802),
            ["RightLowerLeg"] = CFrame.new(5.21540641784668e-08, -0.00006031990051269531, -0.00007214972720248625, 1, -5.587936158235607e-08, -2.9802318834981634e-08, 6.519257311765614e-08, 0.8939407467842102, 0.4481850862503052, -2.7939673685750677e-08, -0.44818538427352905, 0.8939407467842102),
            ["LeftUpperLeg"] = CFrame.new(2.9802322387695312e-08, -2.6542693376541138e-08, 6.51925802230835e-08, 0.971773087978363, 0.18979108333587646, 0.1401306390762329, -0.15656521916389465, 0.9631439447402954, -0.21872636675834656, -0.1764782816171646, 0.19061279296875, 0.965671956539154),
            ["LeftLowerLeg"] = CFrame.new(-7.82310962677002e-08, 0.00006079673767089844, 0.00007176399230957031, 1, 4.842877388000488e-08, 2.60770320892334e-08, -2.9802322387695312e-08, 0.8474960923194885, 0.5308017134666443, 9.313225746154785e-09, -0.5308017730712891, 0.8474960923194885),
        }},
        {Time = 0.133, Data = {
            ["RightFoot"] = CFrame.new(-9.313225746154785e-09, 4.76837158203125e-07, -1.673470251262188e-10, 0.9874699711799622, 0.14363329112529755, -0.06536535173654556, -0.1572803556919098, 0.9295969605445862, -0.33333510160446167, 0.012885363772511482, 0.3394392430782318, 0.9405397772789001),
            ["LeftLowerArm"] = CFrame.new(-2.980232238769531e-07, 5.960464477539063e-08, -1.6205012798309326e-07, 1, -4.470348358154297e-08, 7.264316792543468e-08, 1.0710212450248946e-07, 0.36335015296936035, -0.9316527247428894, 2.2351747119842003e-08, 0.9316527247428894, 0.36335018277168274),
            ["RightUpperArm"] = CFrame.new(-5.960464477539063e-08, 8.344650268554688e-07, -3.4458935260772705e-08, 0.2569636404514313, 0.06659559905529022, 0.9641239047050476, 0.5881356596946716, 0.7808372378349304, -0.21068859100341797, -0.7668547034263611, 0.6211748123168945, 0.16147954761981964),
            ["Head"] = CFrame.new(-3.259629011154175e-09, 3.5762786865234375e-07, -1.4086253941059113e-08, 0.9998321533203125, -0.01073534693568945, -0.014849867671728134, 0.011137563735246658, 0.9995659589767456, 0.02727322094142437, 0.014550643973052502, -0.027433937415480614, 0.9995177388191223),
            ["LowerTorso"] = CFrame.new(0.008650138974189758, -0.07678103446960449, -0.18639342486858368, 0.999287486076355, -0.01783335953950882, -0.033266790211200714, 0.019016722217202187, 0.9991851449012756, 0.03560136631131172, 0.03260479122400284, -0.0362086184322834, 0.9988123178482056),
            ["UpperTorso"] = CFrame.new(-6.402842700481415e-09, 1.7881393432617188e-07, -1.0579242371022701e-08, 0.9980215430259705, 0.04362518712878227, 0.04527531936764717, -0.04026811942458153, 0.9965492486953735, -0.07258235663175583, -0.048285506665706635, 0.07061560451984406, 0.9963343143463135),
            ["HumanoidRootPart"] = CFrame.new(0, 0, 0, 1, 0, 0, 0, 1, 0, 0, 0, 1),
            ["RightUpperLeg"] = CFrame.new(1.1920928955078125e-07, -2.384185791015625e-07, -1.287116901949048e-08, 0.9691513180732727, -0.14325059950351715, -0.200561985373497, 0.11440907418727875, 0.9822394847869873, -0.14871565997600555, 0.21830354630947113, 0.12118174880743027, 0.9683277010917664),
            ["LeftUpperArm"] = CFrame.new(-1.1920928955078125e-07, 2.384185791015625e-07, -2.2351741790771484e-08, 0.023655803874135017, 0.28832900524139404, -0.9572390913963318, 0.6051620841026306, 0.7580203413963318, 0.24327772855758667, 0.7957507967948914, -0.5850397944450378, -0.1565542221069336),
            ["RightLowerArm"] = CFrame.new(-6.854534149169922e-07, -2.384185791015625e-07, -7.450580596923828e-08, 1, -7.450565675526377e-08, 1.639128583974525e-07, 8.754447122782949e-08, -0.4104173183441162, -0.9118977785110474, 8.940711637706045e-08, 0.9118978381156921, -0.4104173481464386),
            ["LeftHand"] = CFrame.new(-4.0046870708465576e-07, 5.960464477539063e-08, -3.725290298461914e-09, 0.7774994373321533, 0.0070217750035226345, -0.6288447380065918, -0.3663903474807739, 0.8177629709243774, -0.44387125968933105, 0.5111290216445923, 0.5755124688148499, 0.6383827924728394),
            ["LeftFoot"] = CFrame.new(-9.19681042432785e-08, 5.960464477539063e-08, 3.166496753692627e-08, 0.983875036239624, -0.146857351064682, 0.10209238529205322, 0.17393764853477478, 0.9185824394226074, -0.35489752888679504, -0.04166099429130554, 0.3669324517250061, 0.9293141961097717),
            ["RightHand"] = CFrame.new(2.0116567611694336e-07, 4.172325134277344e-07, 8.940696716308594e-08, -0.09844726324081421, -0.10025784373283386, -0.9900791645050049, -0.6919813752174377, 0.7219020128250122, -0.0042947763577103615, 0.7151713967323303, 0.6846939325332642, -0.14044536650180817),
            ["RightLowerLeg"] = CFrame.new(-7.078051567077637e-08, -0.00006026029586791992, -0.00007209012255771086, 1, -7.450580596923828e-08, -3.352760558072987e-08, 5.5879347371501353e-08, 0.8941941857337952, 0.4476790726184845, -9.313224857976365e-09, -0.44767943024635315, 0.8941943049430847),
            ["LeftUpperLeg"] = CFrame.new(2.9802322387695312e-08, -4.6566128730773926e-09, 5.587935447692871e-08, 0.9720303416252136, 0.1895267814397812, 0.1386963576078415, -0.1563090831041336, 0.9628399610519409, -0.22024238109588623, -0.1752842217683792, 0.19240278005599976, 0.9655343890190125),
            ["LeftLowerLeg"] = CFrame.new(-8.195638656616211e-08, 0.00006079673767089844, 0.00007177889347076416, 1, 3.725290298461914e-08, 2.2351741790771484e-08, -4.470348358154297e-08, 0.8468629121780396, 0.5318112373352051, 1.30385160446167e-08, -0.5318112373352051, 0.8468629717826843),
        }},
        {Time = 0.167, Data = {
            ["RightFoot"] = CFrame.new(-3.5390257835388184e-08, 4.76837158203125e-07, -4.487083060666919e-08, 0.9874125123023987, 0.14400817453861237, -0.06540855020284653, -0.1576453298330307, 0.9296034574508667, -0.33314448595046997, 0.012828487902879715, 0.33926254510879517, 0.9406044483184814),
            ["LeftLowerArm"] = CFrame.new(-1.4901161193847656e-07, -2.980232238769531e-07, -2.0675361156463623e-07, 1, 0, 7.450581485102248e-09, 1.6763808119435453e-08, 0.36431795358657837, -0.9312747120857239, 2.980232594040899e-08, 0.9312746524810791, 0.364317923784256),
            ["RightUpperArm"] = CFrame.new(-5.960464477539063e-08, 3.5762786865234375e-07, -2.7939677238464355e-08, 0.2574349641799927, 0.0658876970410347, 0.9640467762947083, 0.5877879858016968, 0.7811899185180664, -0.210350900888443, -0.7669632434844971, 0.6208068132400513, 0.16237762570381165),
            ["Head"] = CFrame.new(-2.0954757928848267e-09, 3.5762786865234375e-07, -1.3329554349184036e-08, 0.9998175501823425, -0.01090192049741745, -0.015686746686697006, 0.011329235509037971, 0.9995600581169128, 0.027414590120315552, 0.015380979515612125, -0.02758721448481083, 0.99950110912323),
            ["LowerTorso"] = CFrame.new(0.00803070142865181, -0.07680559158325195, -0.1859607696533203, 0.9993343353271484, -0.017984535545110703, -0.03174027428030968, 0.01911284774541855, 0.9991830587387085, 0.03561048582196236, 0.031073899939656258, -0.036193426698446274, 0.9988616704940796),
            ["UpperTorso"] = CFrame.new(-5.587935447692871e-09, 1.4901161193847656e-07, 6.146365194581449e-09, 0.9980485439300537, 0.043859224766492844, 0.0444461964070797, -0.04055281728506088, 0.9965260028839111, -0.07274334132671356, -0.04748225212097168, 0.07079897075891495, 0.9963598847389221),
            ["HumanoidRootPart"] = CFrame.new(0, 0, 0, 1, 0, 0, 0, 1, 0, 0, 0, 1),
            ["RightUpperLeg"] = CFrame.new(1.1920928955078125e-07, -1.555308699607849e-07, -1.1008523870259523e-08, 0.9687986969947815, -0.14356862008571625, -0.20203302800655365, 0.11464481055736542, 0.9822784066200256, -0.14827589690685272, 0.21974045038223267, 0.12048730999231339, 0.9680892825126648),
            ["LeftUpperArm"] = CFrame.new(0, 1.1920928955078125e-07, -2.0489096641540527e-08, 0.023728102445602417, 0.2879471480846405, -0.9573522806167603, 0.6050894260406494, 0.7581571936607361, 0.24303165078163147, 0.7958038449287415, -0.5850505828857422, -0.1562441885471344),
            ["RightLowerArm"] = CFrame.new(-7.152557373046875e-07, 1.1920928955078125e-07, -1.1175870895385742e-07, 1, -1.1175848158018198e-07, 9.685760460342863e-08, 1.1548417688800328e-07, -0.4099472761154175, -0.9121092557907104, 1.0430829178176282e-07, 0.9121092557907104, -0.40994730591773987),
            ["LeftHand"] = CFrame.new(-7.450580596923828e-09, 1.1920928955078125e-07, -2.4959444999694824e-07, 0.7775418162345886, 0.007306860759854317, -0.628788948059082, -0.3664652705192566, 0.8178457021713257, -0.4436563551425934, 0.5110106468200684, 0.5753911733627319, 0.6385870575904846),
            ["LeftFoot"] = CFrame.new(-1.4551915228366852e-07, -1.7881393432617188e-07, 2.3283064365386963e-08, 0.9839504957199097, -0.14638206362724304, 0.10204809904098511, 0.17347854375839233, 0.9186609387397766, -0.3549189269542694, -0.04179391637444496, 0.36692580580711365, 0.9293109178543091),
            ["RightHand"] = CFrame.new(4.917383193969727e-07, 1.1920928955078125e-07, -1.341104507446289e-07, -0.09858756512403488, -0.10032296180725098, -0.9900586605072021, -0.6917892098426819, 0.7220862507820129, -0.004281886853277683, 0.7153377532958984, 0.6844901442527771, -0.1405903697013855),
            ["RightLowerLeg"] = CFrame.new(2.60770320892334e-08, -0.00006031990051269531, -0.00007207522139651701, 1, -9.313227877782992e-08, -4.842877388000488e-08, 8.568167686462402e-08, 0.8944478034973145, 0.4471723437309265, -4.0978193283081055e-08, -0.4471726715564728, 0.8944478631019592),
            ["LeftUpperLeg"] = CFrame.new(0, 1.2060627341270447e-07, 7.35744833946228e-08, 0.9723421931266785, 0.18909554183483124, 0.13709013164043427, -0.15598265826702118, 0.9626169204711914, -0.2214457392692566, -0.17383965849876404, 0.19393734633922577, 0.9654884934425354),
            ["LeftLowerLeg"] = CFrame.new(-1.1175870895385742e-07, 0.00006073713302612305, 0.00007180124521255493, 1, 5.21540641784668e-08, 4.842877388000488e-08, -5.960464477539063e-08, 0.8462253212928772, 0.532825231552124, 1.30385160446167e-08, -0.532825231552124, 0.846225380897522),
        }},
        {Time = 0.200, Data = {
            ["RightFoot"] = CFrame.new(7.078051567077637e-08, 1.7881393432617188e-07, -6.535992724820971e-08, 0.9873412251472473, 0.14448292553424835, -0.06543762981891632, -0.15809807181358337, 0.9296351671218872, -0.33284124732017517, 0.012743191793560982, 0.33897364139556885, 0.94070965051651),
            ["LeftLowerArm"] = CFrame.new(-3.5762786865234375e-07, -1.7881393432617188e-07, -3.296881914138794e-07, 1, -4.470348358154297e-08, 8.195640788244418e-08, 9.220095620321445e-08, 0.365481972694397, -0.930818498134613, 1.862645504502325e-08, 0.9308184385299683, 0.36548203229904175),
            ["RightUpperArm"] = CFrame.new(0, 0, -3.725290298461914e-09, 0.2575417459011078, 0.0650004893541336, 0.9640784859657288, 0.5872988104820251, 0.7817601561546326, -0.20959791541099548, -0.7673020958900452, 0.6201823949813843, 0.16316115856170654),
            ["Head"] = CFrame.new(-8.614733815193176e-09, 2.384185791015625e-07, -8.032657206058502e-09, 0.9998043775558472, -0.011205892078578472, -0.01630113460123539, 0.011655286885797977, 0.9995473027229309, 0.02773948758840561, 0.015982912853360176, -0.027923956513404846, 0.9994823336601257),
            ["LowerTorso"] = CFrame.new(0.00721580907702446, -0.07683515548706055, -0.18563121557235718, 0.9993693232536316, -0.018056685104966164, -0.030576739460229874, 0.01914236694574356, 0.9991830587387085, 0.035594530403614044, 0.0299090389162302, -0.03615739569067955, 0.998898446559906),
            ["UpperTorso"] = CFrame.new(-1.267835614271462e-08, 2.086162567138672e-07, 1.6784440504125087e-09, 0.9980654120445251, 0.044178325682878494, 0.04374532029032707, -0.04090634360909462, 0.9964884519577026, -0.07305864989757538, -0.04681931436061859, 0.07112786173820496, 0.9963678121566772),
            ["HumanoidRootPart"] = CFrame.new(0, 0, 0, 1, 0, 0, 0, 1, 0, 0, 0, 1),
            ["RightUpperLeg"] = CFrame.new(1.1920928955078125e-07, -1.9418075680732727e-07, -1.1939846444875002e-08, 0.9685000777244568, -0.14405107498168945, -0.20311841368675232, 0.11506159603595734, 0.9822722673416138, -0.14799369871616364, 0.22083629667758942, 0.11996066570281982, 0.9679053425788879),
            ["LeftUpperArm"] = CFrame.new(0, -1.1920928955078125e-07, 1.862645149230957e-08, 0.024094264954328537, 0.2873498499393463, -0.9575226902961731, 0.6051798462867737, 0.7581740021705627, 0.24275411665439606, 0.795724093914032, -0.5853223204612732, -0.1556306928396225),
            ["RightLowerArm"] = CFrame.new(-8.642673492431641e-07, 1.1920928955078125e-07, -1.1175870895385742e-07, 1, -4.470339831641468e-08, 1.0430819941120717e-07, 9.499505893018068e-08, -0.40936627984046936, -0.9123701453208923, 9.685771118483899e-08, 0.9123702049255371, -0.409366250038147),
            ["LeftHand"] = CFrame.new(-2.0116567611694336e-07, 1.1920928955078125e-07, -5.960464477539063e-08, 0.7775935530662537, 0.006609213538467884, -0.6287326812744141, -0.3661806881427765, 0.8176327347755432, -0.444284051656723, 0.5111358761787415, 0.5757022500038147, 0.6382060050964355),
            ["LeftFoot"] = CFrame.new(-1.257285475730896e-07, -1.7881393432617188e-07, 1.955777406692505e-08, 0.9840357303619385, -0.1458239108324051, 0.10202508419752121, 0.1729539930820465, 0.9187166690826416, -0.3550306558609009, -0.0419602207839489, 0.36700841784477234, 0.9292708039283752),
            ["RightHand"] = CFrame.new(-2.3096799850463867e-07, 2.980232238769531e-07, 2.086162567138672e-07, -0.09849939495325089, -0.10040531307458878, -0.9900590777397156, -0.6918491721153259, 0.7220283150672913, -0.0043918658047914505, 0.7152920365333557, 0.684539258480072, -0.14058423042297363),
            ["RightLowerLeg"] = CFrame.new(1.4901161193847656e-08, -0.00006031990051269531, -0.0000721050237189047, 1, -4.842877388000488e-08, -4.0978189730367376e-08, 7.450579886381092e-08, 0.8946791887283325, 0.44670915603637695, -2.607702853651972e-08, -0.44670939445495605, 0.8946793079376221),
            ["LeftUpperLeg"] = CFrame.new(2.9802322387695312e-08, 1.5366822481155396e-08, 6.612390279769897e-08, 0.9726182222366333, 0.18854303658008575, 0.13588778674602509, -0.15550024807453156, 0.9624696969985962, -0.22242294251918793, -0.1727241575717926, 0.1952020525932312, 0.9654339551925659),
            ["LeftLowerLeg"] = CFrame.new(-1.2293457984924316e-07, 0.00006091594696044922, 0.00007183849811553955, 1, 5.21540641784668e-08, 3.725289943190546e-08, -5.4016709327697754e-08, 0.8456478714942932, 0.5337413549423218, 5.587935447692871e-09, -0.5337413549423218, 0.8456477522850037),
        }},
        {Time = 0.233, Data = {
            ["RightFoot"] = CFrame.new(-6.332993507385254e-08, 3.5762786865234375e-07, -3.742025000974536e-08, 0.9872492551803589, 0.14509287476539612, -0.06547493487596512, -0.1586828976869583, 0.9295931458473206, -0.3326804041862488, 0.012595475651323795, 0.33882835507392883, 0.9407640695571899),
            ["LeftLowerArm"] = CFrame.new(-3.2782554626464844e-07, 0, -2.253800630569458e-07, 1, -2.9802315282267955e-08, -3.725290298461914e-09, 8.288771624620495e-08, 0.36663761734962463, -0.9303638935089111, 3.725290653733282e-08, 0.9303638339042664, 0.366637647151947),
            ["RightUpperArm"] = CFrame.new(-5.960464477539063e-08, -3.5762786865234375e-07, -1.4901161193847656e-08, 0.25741031765937805, 0.06425157934427261, 0.9641637206077576, 0.5867844820022583, 0.7823609113693237, -0.20879480242729187, -0.7677394151687622, 0.6195024251937866, 0.16368591785430908),
            ["Head"] = CFrame.new(-8.847564458847046e-09, -2.384185791015625e-07, -2.6659108698368073e-08, 0.9997937083244324, -0.011647102423012257, -0.016638856381177902, 0.012111956253647804, 0.9995313882827759, 0.02811569534242153, 0.016303597018122673, -0.028311338275671005, 0.9994662404060364),
            ["LowerTorso"] = CFrame.new(0.006186012178659439, -0.07686972618103027, -0.18543970584869385, 0.9993921518325806, -0.018042810261249542, -0.02983238361775875, 0.01909553073346615, 0.9991912245750427, 0.035387806594371796, 0.02916976436972618, -0.03593595698475838, 0.9989283084869385),
            ["UpperTorso"] = CFrame.new(-1.1874362826347351e-08, 1.7881393432617188e-07, 4.929461283609271e-09, 0.9980711340904236, 0.044568322598934174, 0.043217774480581284, -0.04132533818483353, 0.9964585304260254, -0.07323058694601059, -0.046328481286764145, 0.0713033378124237, 0.9963782429695129),
            ["HumanoidRootPart"] = CFrame.new(0, 0, 0, 1, 0, 0, 0, 1, 0, 0, 0, 1),
            ["RightUpperLeg"] = CFrame.new(5.960464477539063e-08, -2.39349901676178e-07, -7.283233571797609e-09, 0.9682687520980835, -0.14470092952251434, -0.2037578821182251, 0.11574351042509079, 0.9822598099708557, -0.14754347503185272, 0.22149285674095154, 0.1192779392004013, 0.967839777469635),
            ["LeftUpperArm"] = CFrame.new(0, -3.5762786865234375e-07, -1.7695128917694092e-08, 0.02380690723657608, 0.2865041494369507, -0.9577831625938416, 0.6054114699363708, 0.7582710385322571, 0.24187184870243073, 0.7955565452575684, -0.5856112241744995, -0.15540079772472382),
            ["RightLowerArm"] = CFrame.new(-3.8743019104003906e-07, 2.384185791015625e-07, -1.7136335372924805e-07, 1, -8.195620182505081e-08, 1.4156113081753574e-07, 1.0058301569415562e-07, -0.4087269902229309, -0.9126567244529724, 1.1920950271360198e-07, 0.9126566648483276, -0.4087270200252533),
            ["LeftHand"] = CFrame.new(-2.421438694000244e-07, 1.1920928955078125e-07, -2.0489096641540527e-07, 0.7776581645011902, 0.00576900877058506, -0.6286611557006836, -0.36587846279144287, 0.8173273801803589, -0.44509392976760864, 0.5112541317939758, 0.5761447548866272, 0.6377120018005371),
            ["LeftFoot"] = CFrame.new(-3.329478204250336e-08, 0, 2.0489096641540527e-08, 0.9841298460960388, -0.1451900452375412, 0.10202132910490036, 0.17237018048763275, 0.9187465310096741, -0.3552371561527252, -0.04215480759739876, 0.3671848475933075, 0.929192304611206),
            ["RightHand"] = CFrame.new(2.60770320892334e-07, 1.1920928955078125e-07, -1.6391277313232422e-07, -0.0984562486410141, -0.1005471870303154, -0.9900489449501038, -0.6922979354858398, 0.7215974926948547, -0.004437060095369816, 0.714863657951355, 0.6849725246429443, -0.14065395295619965),
            ["RightLowerLeg"] = CFrame.new(-2.9802322387695312e-08, -0.00006020069122314453, -0.00007211992488009855, 1, -7.450580596923828e-08, -2.9802315282267955e-08, 6.332992796842518e-08, 0.8948416709899902, 0.44638338685035706, -1.862644971595273e-08, -0.44638365507125854, 0.8948417901992798),
            ["LeftUpperLeg"] = CFrame.new(0, 7.729977369308472e-08, 9.220093488693237e-08, 0.9728495478630066, 0.18786701560020447, 0.13516606390476227, -0.15488554537296295, 0.9624514579772949, -0.22293001413345337, -0.17197196185588837, 0.19594210386276245, 0.9654182195663452),
            ["LeftLowerLeg"] = CFrame.new(-8.568167686462402e-08, 0.00006079673767089844, 0.00007184594869613647, 1, 6.705523247774181e-08, 3.3527612686157227e-08, -3.166496753692627e-08, 0.8451743125915527, 0.5344908237457275, 1.1175870895385742e-08, -0.5344908237457275, 0.845174252986908),
        }},
        {Time = 0.267, Data = {
            ["RightFoot"] = CFrame.new(7.450580596923828e-09, 3.5762786865234375e-07, -4.6733475755900145e-08, 0.9871387481689453, 0.1458185464143753, -0.06552916020154953, -0.1593814641237259, 0.9295573234558105, -0.33244645595550537, 0.012436236254870892, 0.3386150896549225, 0.940842866897583),
            ["LeftLowerArm"] = CFrame.new(-2.384185791015625e-07, 5.960464477539063e-08, -6.891787052154541e-08, 1, -7.450579175838357e-08, 8.009374141693115e-08, 1.1455270509941329e-07, 0.3673224151134491, -0.9300937056541443, 5.5879368687783426e-08, 0.9300936460494995, 0.3673224151134491),
            ["RightUpperArm"] = CFrame.new(0, 4.76837158203125e-07, 2.9802322387695312e-08, 0.257211297750473, 0.06368102133274078, 0.9642547369003296, 0.5862359404563904, 0.7829611301422119, -0.20808441936969757, -0.7682251334190369, 0.6188024878501892, 0.1640542894601822),
            ["Head"] = CFrame.new(-9.546056389808655e-09, 2.384185791015625e-07, 7.508788257837296e-09, 0.999782383441925, -0.012174299918115139, -0.016938475891947746, 0.012651918455958366, 0.9995171427726746, 0.028381526470184326, 0.01658477820456028, -0.028589563444256783, 0.9994536638259888),
            ["LowerTorso"] = CFrame.new(0.004968278110027313, -0.07691085338592529, -0.18543320894241333, 0.9994123578071594, -0.017967335879802704, -0.029191171750426292, 0.018981650471687317, 0.9992122650146484, 0.034849993884563446, 0.028542015701532364, -0.03538361191749573, 0.9989661574363708),
            ["UpperTorso"] = CFrame.new(-9.080395102500916e-09, 5.960464477539063e-08, -2.3355823941528797e-09, 0.998073935508728, 0.04497391730546951, 0.04273078963160515, -0.04177749156951904, 0.9964595437049866, -0.07296052575111389, -0.04586082324385643, 0.07103481888771057, 0.9964190125465393),
            ["HumanoidRootPart"] = CFrame.new(0, 0, 0, 1, 0, 0, 0, 1, 0, 0, 0, 1),
            ["RightUpperLeg"] = CFrame.new(5.960464477539063e-08, -1.8719583749771118e-07, -1.3802491594105959e-08, 0.9680423736572266, -0.14552146196365356, -0.2042486071586609, 0.1166842058300972, 0.9822592735290527, -0.14680439233779907, 0.22198830544948578, 0.11828017979860306, 0.9678486585617065),
            ["LeftUpperArm"] = CFrame.new(0, 1.1920928955078125e-07, 1.955777406692505e-08, 0.02266993559896946, 0.28567707538604736, -0.9580578207969666, 0.6056777238845825, 0.758493959903717, 0.24050229787826538, 0.7953871488571167, -0.5857264399528503, -0.15583322942256927),
            ["RightLowerArm"] = CFrame.new(-5.662441253662109e-07, 5.960464477539063e-08, -2.7567148208618164e-07, 1, -9.685732749176168e-08, 1.788140622238643e-07, 1.0803361050193416e-07, -0.40838342905044556, -0.9128105640411377, 9.685771829026635e-08, 0.9128104448318481, -0.40838345885276794),
            ["LeftHand"] = CFrame.new(-3.725290298461914e-07, -1.1920928955078125e-07, -8.568167686462402e-08, 0.777765154838562, 0.005383968353271484, -0.6285319924354553, -0.3656376302242279, 0.8172407746315002, -0.4454509913921356, 0.5112637281417847, 0.5762712955474854, 0.6375899910926819),
            ["LeftFoot"] = CFrame.new(-6.775371730327606e-08, 5.960464477539063e-08, -5.587935447692871e-09, 0.9842389822006226, -0.1444401890039444, 0.1020328551530838, 0.17168761789798737, 0.9187620282173157, -0.3555273413658142, -0.04239145666360855, 0.3674415946006775, 0.929080069065094),
