return {
    ["Screw Loose"] = {
        {Time = 0.000, Data = {
            ["LeftFoot"] = CFrame.new(1.909211277961731e-08, -5.960464477539063e-08, -1.4901161193847656e-08, 0.9848613142967224, -0.11179547756910324, 0.13247640430927277, 0.15904653072357178, 0.8867126703262329, -0.43410226702690125, -0.06893780827522278, 0.44860053062438965, 0.891069769859314),
            ["LeftLowerArm"] = CFrame.new(-3.2782554626464844e-07, -0.0000017285346984863281, -2.682209014892578e-07, 1, -4.4703469370688254e-08, -3.7252888773764425e-08, 2.2351745343485163e-08, 0.9317127466201782, -0.3631960153579712, -1.1175872671742582e-08, 0.36319607496261597, 0.9317127466201782),
            ["LowerTorso"] = CFrame.new(0.02617344819009304, -0.18001902103424072, -0.1110418438911438, 0.997347354888916, 0.04550731182098389, 0.05680972710251808, -0.04704149067401886, 0.9985554218292236, 0.02596624754369259, -0.055546004325151443, -0.0285697840154171, 0.9980472922325134),
            ["Head"] = CFrame.new(-6.705522537231445e-08, 2.384185791015625e-07, 1.30385160446167e-07, 0.990665078163147, -0.04203587397933006, 0.1296752542257309, 0.07259563356637955, 0.9678404331207275, -0.24086277186870575, -0.11538004875183105, 0.24802814424037933, 0.9618573784828186),
            ["RightUpperArm"] = CFrame.new(-5.960464477539063e-08, 7.152557373046875e-07, -8.940696716308594e-08, 0.9565020203590393, -0.24270184338092804, 0.16186349093914032, 0.22745583951473236, 0.9678757190704346, 0.10714755207300186, -0.18266865611076355, -0.06567014008760452, 0.9809789061546326),
            ["UpperTorso"] = CFrame.new(-1.862645149230957e-09, -2.980232238769531e-07, 5.122274160385132e-09, 0.9914832711219788, 0.016807502135634422, -0.12914584577083588, -0.0006114462739787996, 0.9922272562980652, 0.12443780899047852, 0.1302335262298584, -0.12329904735088348, 0.983786940574646),
            ["HumanoidRootPart"] = CFrame.new(0, 0, 0, 1, 0, 0, 0, 1, 0, 0, 0, 1),
            ["RightHand"] = CFrame.new(-5.587935447692871e-07, -5.960464477539063e-08, 5.960464477539063e-08, 0.9872005581855774, 0.11517839133739471, 0.1103135496377945, -0.12267140299081802, 0.9904000759124756, 0.06371498107910156, -0.10191594809293747, -0.07643179595470428, 0.9918524622917175),
            ["LeftUpperArm"] = CFrame.new(2.980232238769531e-07, 7.152557373046875e-07, -5.960464477539063e-08, 0.8960678577423096, 0.22637668251991272, -0.3818586766719818, -0.20954002439975739, 0.9740346670150757, 0.08572979271411896, 0.3913508355617523, 0.003194925608113408, 0.9202361702919006),
            ["RightLowerArm"] = CFrame.new(-2.980232238769531e-07, -9.5367431640625e-07, 1.4901161193847656e-08, 1, -2.7939673685750677e-08, 3.352759847530251e-08, 2.980230462412692e-08, 0.9187706708908081, -0.39479178190231323, 1.1175863789958385e-08, 0.3947918117046356, 0.9187706112861633),
            ["LeftHand"] = CFrame.new(-5.662441253662109e-07, -4.76837158203125e-07, 0, 0.9990781545639038, 0.007078738883137703, 0.04234161600470543, -0.006841287948191166, 0.9999600648880005, -0.005749526899307966, -0.04238055646419525, 0.005454627331346273, 0.9990866184234619),
            ["RightUpperLeg"] = CFrame.new(-2.9802322387695312e-08, -2.444721758365631e-07, 1.673470251262188e-10, 0.9860383868217468, -0.14181022346019745, -0.08728170394897461, 0.09537111222743988, 0.9106181859970093, -0.4020933508872986, 0.1365012377500534, 0.3881552815437317, 0.9114290475845337),
            ["LeftUpperLeg"] = CFrame.new(-1.1920928955078125e-07, -0.0000011271331459283829, 1.862645149230957e-09, 0.9932236075401306, 0.02904701419174671, -0.11253128945827484, -0.06794137507677078, 0.9306959509849548, -0.3594287931919098, 0.0942920669913292, 0.3646388053894043, 0.9263626337051392),
            ["RightLowerLeg"] = CFrame.new(-6.332993507385254e-08, -0.0000033974647521972656, -0.000013290140486788005, 1, -1.1298104141133081e-07, -6.705524668859653e-08, 1.2479723920932884e-07, 0.5625975131988525, 0.8267307281494141, -4.842878098543224e-08, -0.8267309665679932, 0.5625978708267212),
            ["RightFoot"] = CFrame.new(-1.909211277961731e-08, 2.980232238769531e-07, -9.480572771281004e-09, 0.9990226626396179, -0.01011725701391697, -0.04302968829870224, -0.014867895282804966, 0.8398264646530151, -0.5426509976387024, 0.041627589613199234, 0.5427606701850891, 0.8388554453849792),
            ["LeftLowerLeg"] = CFrame.new(6.05359673500061e-08, 0.000004172325134277344, 0.000013329088687896729, 1, 5.4016709327697754e-08, 2.7008363545633074e-08, -6.798654084150257e-08, 0.6919866800308228, 0.721910297870636, 2.9802318834981634e-08, -0.721910297870636, 0.6919866800308228),
        }},
        {Time = 0.033, Data = {
            ["LeftFoot"] = CFrame.new(-4.842877388000488e-08, 0, 7.450580596923828e-09, 0.9839810132980347, -0.11726033687591553, 0.1342812478542328, 0.16504622995853424, 0.8839226365089417, -0.4375391900539398, -0.06738824397325516, 0.45269283652305603, 0.8891165256500244),
            ["LeftLowerArm"] = CFrame.new(-0.0000010728836059570312, -8.940696716308594e-07, -2.086162567138672e-07, 1, -2.2351734685344127e-08, 1.30385116037246e-08, 5.5879347371501353e-08, 0.9305529594421387, -0.36615732312202454, 0, 0.36615729331970215, 0.9305530190467834),
            ["LowerTorso"] = CFrame.new(0.0347294919192791, -0.1839205026626587, -0.11151658743619919, 0.9973432421684265, 0.044237349182367325, 0.057875487953424454, -0.0455072857439518, 0.9987472295761108, 0.02081107348203659, -0.056882355362176895, -0.023389538750052452, 0.9981068968772888),
            ["Head"] = CFrame.new(5.587935447692871e-09, 0, -5.4016709327697754e-08, 0.9910224080085754, -0.03994143381714821, 0.1275901347398758, 0.07193154841661453, 0.9637254476547241, -0.2570198178291321, -0.11269611865282059, 0.2638900578022003, 0.9579465985298157),
            ["RightUpperArm"] = CFrame.new(-5.960464477539063e-08, 4.76837158203125e-07, -4.470348358154297e-08, 0.9445982575416565, -0.2574092149734497, 0.20365318655967712, 0.2415655106306076, 0.9652593731880188, 0.09960214048624039, -0.2222166806459427, -0.04488857090473175, 0.9739634394645691),
            ["UpperTorso"] = CFrame.new(5.587935447692871e-09, -4.76837158203125e-07, -7.2177499532699585e-09, 0.9919854402542114, 0.016217296943068504, -0.1253078728914261, 0.0015063452301546931, 0.9901407361030579, 0.1400683969259262, 0.1263439655303955, -0.13913454115390778, 0.9821807146072388),
            ["HumanoidRootPart"] = CFrame.new(0, 0, 0, 1, 0, 0, 0, 1, 0, 0, 0, 1),
            ["RightHand"] = CFrame.new(-2.2351741790771484e-07, 2.980232238769531e-07, -2.9802322387695312e-08, 0.9556721448898315, 0.09763786941766739, 0.2777729034423828, -0.11558063328266144, 0.9920922517776489, 0.048929862678050995, -0.270798921585083, -0.07886607944965363, 0.9593998789787292),
            ["LeftUpperArm"] = CFrame.new(2.384185791015625e-07, 7.152557373046875e-07, -1.0803341865539551e-07, 0.9137777090072632, 0.2268669456243515, -0.3369596004486084, -0.21882487833499908, 0.9737793207168579, 0.06220627576112747, 0.34223687648773193, 0.016892345622181892, 0.939461886882782),
            ["RightLowerArm"] = CFrame.new(0, -0.0000011920928955078125, -1.1920928955078125e-07, 1, -4.097820749393577e-08, 2.980232949312267e-08, 3.352760913344355e-08, 0.9142029285430908, -0.4052566587924957, -1.1175869119028903e-08, 0.4052566885948181, 0.9142030477523804),
            ["LeftHand"] = CFrame.new(-4.76837158203125e-07, -3.5762786865234375e-07, 7.450580596923828e-08, 0.9995980262756348, -0.022317318245768547, -0.017484644427895546, 0.0224158838391304, 0.9997338056564331, 0.005461965221911669, 0.01735815219581127, -0.005851689260452986, 0.999832272529602),
            ["RightUpperLeg"] = CFrame.new(-2.9802322387695312e-08, 1.9650906324386597e-07, 5.75528247281909e-09, 0.9861859083175659, -0.13749276101589203, -0.09237565845251083, 0.09000524133443832, 0.9129655957221985, -0.39798614382743835, 0.1390559822320938, 0.384174108505249, 0.9127287864685059),
            ["LeftUpperLeg"] = CFrame.new(-5.960464477539063e-08, -6.385380402207375e-07, -1.4901161193847656e-08, 0.9924737811088562, 0.03398949280381203, -0.11764626950025558, -0.07453219592571259, 0.9299356341362, -0.3600897789001465, 0.09716426581144333, 0.3661482036113739, 0.9254701137542725),
            ["RightLowerLeg"] = CFrame.new(-3.725290298461914e-08, -0.0000035762786865234375, -0.00001337954745395109, 1, -1.1129307608825911e-07, -6.332993507385254e-08, 1.2665985593685036e-07, 0.5595484972000122, 0.8287976980209351, -6.70552182668871e-08, -0.8287976384162903, 0.5595484972000122),
            ["RightFoot"] = CFrame.new(2.3283064365386963e-09, 5.960464477539063e-08, 2.7772330213338137e-08, 0.9991153478622437, -0.01000091154128313, -0.040847353637218475, -0.014030488207936287, 0.8363874554634094, -0.5479592084884644, 0.03964434191584587, 0.5480474233627319, 0.8355072140693665),
            ["LeftLowerLeg"] = CFrame.new(-4.6566128730773926e-08, 0.000003993511199951172, 0.0000134296715259552, 1, 3.9115551686563776e-08, 2.2351745343485163e-08, -5.7742006731587026e-08, 0.6839993000030518, 0.7294825911521912, 2.6077035641947077e-08, -0.7294827103614807, 0.6839993596076965),
        }},
        {Time = 0.067, Data = {
            ["LeftFoot"] = CFrame.new(-5.3551048040390015e-09, 5.960464477539063e-08, 4.6566128730773926e-08, 0.9817121624946594, -0.12160985916852951, 0.14646604657173157, 0.17362149059772491, 0.8875067830085754, -0.42683401703834534, -0.0780823603272438, 0.44445767998695374, 0.8923903107643127),
            ["LeftLowerArm"] = CFrame.new(-6.556510925292969e-07, 0, -1.4901161193847656e-07, 1, -2.2351731132630448e-08, 6.70552182668871e-08, 4.470347647611561e-08, 0.9203462600708008, -0.3911045789718628, -4.8428766774577525e-08, 0.391104519367218, 0.9203463196754456),
            ["LowerTorso"] = CFrame.new(0.04413381963968277, -0.17668259143829346, -0.11047293990850449, 0.9976112842559814, 0.04204000532627106, 0.05481170117855072, -0.04286586120724678, 0.9989830851554871, 0.013979068957269192, -0.054168280214071274, -0.01629522815346718, 0.9983988404273987),
            ["Head"] = CFrame.new(-2.421438694000244e-08, 0, 7.82310962677002e-08, 0.990877628326416, -0.03660285845398903, 0.1296994388103485, 0.07063336670398712, 0.9606846570968628, -0.26850685477256775, -0.11477215588092804, 0.27521848678588867, 0.9545062184333801),
            ["RightUpperArm"] = CFrame.new(1.1920928955078125e-07, 3.5762786865234375e-07, -9.685754776000977e-08, 0.9458149671554565, -0.2568306028842926, 0.1986759901046753, 0.24751773476600647, 0.966292679309845, 0.07080654054880142, -0.21016444265842438, -0.017794135957956314, 0.9775041341781616),
            ["UpperTorso"] = CFrame.new(6.51925802230835e-09, -7.748603820800781e-07, 1.210719347000122e-08, 0.9927422404289246, 0.014098206534981728, -0.11943299323320389, 0.004649623297154903, 0.9878629446029663, 0.15525826811790466, 0.12017231434583664, -0.15468677878379822, 0.980627715587616),
            ["HumanoidRootPart"] = CFrame.new(0, 0, 0, 1, 0, 0, 0, 1, 0, 0, 0, 1),
            ["RightHand"] = CFrame.new(-5.438923835754395e-07, -4.172325134277344e-07, 0, 0.8596492409706116, 0.05555626377463341, 0.507855236530304, -0.08560149371623993, 0.9956797361373901, 0.035976871848106384, -0.5036622285842896, -0.0744006410241127, 0.8606908917427063),
            ["LeftUpperArm"] = CFrame.new(5.960464477539063e-08, 0, -4.0978193283081055e-08, 0.9359599351882935, 0.2366909384727478, -0.2606845796108246, -0.2351122796535492, 0.9712369441986084, 0.03769835829734802, 0.2621094584465027, 0.026005912572145462, 0.9646878242492676),
            ["RightLowerArm"] = CFrame.new(5.960464477539063e-08, 5.960464477539063e-08, 5.960464477539063e-08, 1, -3.725289587919178e-08, -3.7252894102834944e-09, 2.6077019654735523e-08, 0.908210039138794, -0.4185146689414978, 2.9802308176840597e-08, 0.418514609336853, 0.9082100987434387),
            ["LeftHand"] = CFrame.new(-3.129243850708008e-07, -1.1920928955078125e-07, 0, 0.9849658608436584, -0.10126098990440369, -0.13995958864688873, 0.10802949219942093, 0.993276059627533, 0.0416204072535038, 0.13480396568775177, -0.05611442029476166, 0.9892821311950684),
            ["RightUpperLeg"] = CFrame.new(-5.960464477539063e-08, -6.610061973333359e-07, 5.2321411203593016e-08, 0.98725825548172, -0.1280411332845688, -0.09448183327913284, 0.08256551623344421, 0.9197570085525513, -0.3837054371833801, 0.13603049516677856, 0.37101566791534424, 0.9186094403266907),
            ["LeftUpperLeg"] = CFrame.new(-5.960464477539063e-08, -0.0000012570526450872421, 2.2351741790771484e-08, 0.9910382032394409, 0.03894934803247452, -0.12777480483055115, -0.08101417869329453, 0.9357990622520447, -0.34309884905815125, 0.10620804131031036, 0.3503756821155548, 0.9305679798126221),
            ["RightLowerLeg"] = CFrame.new(1.4901161193847656e-08, -0.000003516674041748047, -0.00001343542680842802, 1, -1.1641535024864424e-07, -7.078051567077637e-08, 1.1362133989223366e-07, 0.5758176445960999, 0.8175783753395081, -5.960463766996327e-08, -0.817578136920929, 0.575817346572876),
            ["RightFoot"] = CFrame.new(1.862645149230957e-08, 2.384185791015625e-07, -1.3205863069742918e-08, 0.9991485476493835, -0.011880330741405487, -0.03950989246368408, -0.011242902837693691, 0.84299635887146, -0.53780198097229, 0.039695899933576584, 0.5377880334854126, 0.8421448469161987),
            ["LeftLowerLeg"] = CFrame.new(-5.587935447692871e-09, 0.000003933906555175781, 0.000013329088687896729, 1, 5.5879347371501353e-08, 2.3283060812673284e-08, -6.70552182668871e-08, 0.6986878514289856, 0.715427041053772, 3.352760913344355e-08, -0.7154267430305481, 0.6986875534057617),
        }},
        {Time = 0.100, Data = {
            ["LeftFoot"] = CFrame.new(3.864988684654236e-08, 5.960464477539063e-08, 4.190951585769653e-09, 0.9794074296951294, -0.11947505921125412, 0.16274790465831757, 0.17607343196868896, 0.8998984098434448, -0.3989751935005188, -0.09878899902105331, 0.4194146394729614, 0.9024034738540649),
            ["LeftLowerArm"] = CFrame.new(-3.2782554626464844e-07, -4.76837158203125e-07, -2.980232238769531e-07, 1, -4.470345515983354e-08, 3.725289587919178e-08, 4.0978196835794733e-08, 0.8987112641334534, -0.4385409355163574, 0, 0.4385409355163574, 0.8987112045288086),
            ["LowerTorso"] = CFrame.new(0.05412168800830841, -0.15963208675384521, -0.1056787371635437, 0.9974871873855591, 0.04200505465269089, 0.05705174803733826, -0.042551189661026, 0.9990590810775757, 0.008391259238123894, -0.05664559081196785, -0.010797793045639992, 0.9983359575271606),
            ["Head"] = CFrame.new(-6.332993507385254e-08, 9.5367431640625e-07, 8.288770914077759e-08, 0.9909093976020813, -0.027601949870586395, 0.13166940212249756, 0.06281191855669022, 0.9604228734970093, -0.27137190103530884, -0.11896790564060211, 0.27717524766921997, 0.9534257054328918),
            ["RightUpperArm"] = CFrame.new(0, 0.0000011920928955078125, -5.21540641784668e-08, 0.9548935890197754, -0.25495079159736633, 0.15224508941173553, 0.254839688539505, 0.9667644500732422, 0.020576387643814087, -0.15243108570575714, 0.01914972998201847, 0.9881286025047302),
            ["UpperTorso"] = CFrame.new(1.5366822481155396e-08, -5.364418029785156e-07, -1.3969838619232178e-08, 0.9924079775810242, 0.009557612240314484, -0.12261787056922913, 0.011069649830460548, 0.985988438129425, 0.16644629836082458, 0.12249062955379486, -0.1665399670600891, 0.9783968925476074),
            ["HumanoidRootPart"] = CFrame.new(0, 0, 0, 1, 0, 0, 0, 1, 0, 0, 0, 1),
            ["RightHand"] = CFrame.new(-2.868473529815674e-07, 1.1920928955078125e-07, 0, 0.6159405708312988, 0.047117821872234344, 0.786382257938385, -0.04281855747103691, 0.998736560344696, -0.026303451508283615, -0.7866281270980835, -0.017470400780439377, 0.6171799898147583),
            ["LeftUpperArm"] = CFrame.new(1.7881393432617188e-07, 2.384185791015625e-07, -1.043081283569336e-07, 0.9523622393608093, 0.26198041439056396, -0.15611697733402252, -0.26345402002334595, 0.9646027684211731, 0.01155182532966137, 0.1536172330379486, 0.030128026381134987, 0.9876710772514343),
            ["RightLowerArm"] = CFrame.new(-5.066394805908203e-07, 0.0000010728836059570312, 1.341104507446289e-07, 1, -4.8428763221863846e-08, 1.4901155864777138e-08, 1.303851249190302e-08, 0.9015991687774658, -0.4325724244117737, 1.4901157641133977e-08, 0.43257245421409607, 0.9015992283821106),
            ["LeftHand"] = CFrame.new(-6.705522537231445e-07, -3.5762786865234375e-07, -5.960464477539063e-08, 0.9220484495162964, -0.1792779266834259, -0.3430543839931488, 0.21882951259613037, 0.9724823832511902, 0.07994873821735382, 0.31928130984306335, -0.14878696203231812, 0.9359070658683777),
            ["RightUpperLeg"] = CFrame.new(1.1920928955078125e-07, -1.7601996660232544e-07, -5.420588422566652e-09, 0.9888243079185486, -0.11652638763189316, -0.09299574047327042, 0.075689397752285, 0.9297841191291809, -0.3602398633956909, 0.1284434199333191, 0.3491750955581665, 0.9282128810882568),
            ["LeftUpperLeg"] = CFrame.new(-5.960464477539063e-08, -8.324859663844109e-07, -3.073364496231079e-08, 0.9890378713607788, 0.040309838950634, -0.1420537680387497, -0.0841115340590477, 0.9444838166236877, -0.31760913133621216, 0.12136469781398773, 0.3260759115219116, 0.9375208020210266),
            ["RightLowerLeg"] = CFrame.new(2.9802322387695312e-08, -0.000003516674041748047, -0.000013368371583055705, 1, -1.0896476965172042e-07, -4.8428766774577525e-08, 1.210719347000122e-07, 0.6096876859664917, 0.7926416993141174, -5.3085386753082275e-08, -0.792641818523407, 0.6096877455711365),
            ["RightFoot"] = CFrame.new(-6.51925802230835e-08, 5.364418029785156e-07, -5.418405635282397e-08, 0.9987295866012573, -0.016208620741963387, -0.047713715583086014, -0.010864883661270142, 0.8553232550621033, -0.5179810523986816, 0.049206409603357315, 0.5178412199020386, 0.8540603518486023),
            ["LeftLowerLeg"] = CFrame.new(-1.30385160446167e-08, 0.0000037550926208496094, 0.000013239681720733643, 1, 3.91155481338501e-08, 2.0954757928848267e-08, -5.960464477539063e-08, 0.7330805063247681, 0.6801422238349915, 3.725290298461914e-09, -0.6801419854164124, 0.7330802083015442),
        }},
        {Time = 0.133, Data = {
            ["LeftFoot"] = CFrame.new(-4.7264620661735535e-08, 0, -5.587935447692871e-09, 0.9825029373168945, -0.07034412026405334, 0.17245207726955414, 0.12942226231098175, 0.923711895942688, -0.36056411266326904, -0.133932426571846, 0.37657415866851807, 0.9166536331176758),
            ["LeftLowerArm"] = CFrame.new(-5.662441253662109e-07, -0.0000014901161193847656, -2.086162567138672e-07, 1, -5.215404996761208e-08, 2.2351747119842003e-08, 2.9802315282267955e-08, 0.8715125918388367, -0.4903732240200043, 2.2351736461700966e-08, 0.4903731942176819, 0.8715125918388367),
            ["LowerTorso"] = CFrame.new(0.06462116539478302, -0.1337888240814209, -0.09575874358415604, 0.9967472553253174, 0.04208562523126602, 0.06872913986444473, -0.04250055178999901, 0.9990859031677246, 0.004585470072925091, -0.06847333163022995, -0.007491580676287413, 0.9976248145103455),
            ["Head"] = CFrame.new(-1.30385160446167e-08, 2.384185791015625e-07, -3.818422555923462e-08, 0.991763174533844, -0.019456153735518456, 0.12659955024719238, 0.053605079650878906, 0.9607213735580444, -0.2722885310649872, -0.11632917821407318, 0.2768320143222809, 0.9538509845733643),
            ["RightUpperArm"] = CFrame.new(0, 3.5762786865234375e-07, -1.043081283569336e-07, 0.9500402212142944, -0.2822156846523285, 0.1333344429731369, 0.28653034567832947, 0.9579695463180542, -0.013959856703877449, -0.12379064410924911, 0.05146670341491699, 0.9909728169441223),
            ["UpperTorso"] = CFrame.new(1.4435499906539917e-08, -5.662441253662109e-07, 3.725290298461914e-09, 0.9912775158882141, 0.0073572490364313126, -0.1315857619047165, 0.01630721241235733, 0.9839206337928772, 0.1778605729341507, 0.130778506398201, -0.17845501005649567, 0.9752183556556702),
            ["HumanoidRootPart"] = CFrame.new(0, 0, 0, 1, 0, 0, 0, 1, 0, 0, 0, 1),
            ["RightHand"] = CFrame.new(-5.252659320831299e-07, -2.384185791015625e-07, 5.960464477539063e-08, 0.42637473344802856, 0.04910441115498543, 0.90321284532547, -0.007034468464553356, 0.9986752867698669, -0.050973642617464066, -0.9045192003250122, 0.015380298718810081, 0.4261553883552551),
            ["LeftUpperArm"] = CFrame.new(1.7881393432617188e-07, 4.76837158203125e-07, -1.30385160446167e-07, 0.9519258737564087, 0.30131545662879944, -0.05519159883260727, -0.30322176218032837, 0.9524465203285217, -0.030037155374884605, 0.04351641237735748, 0.04532837122678757, 0.9980238676071167),
            ["RightLowerArm"] = CFrame.new(5.960464477539063e-08, -0.0000011324882507324219, 1.341104507446289e-07, 1, -5.21540464148984e-08, 2.9802308176840597e-08, 3.725288166833707e-08, 0.8535755276679993, -0.5209691524505615, 2.6077016102021844e-08, 0.5209692120552063, 0.8535755276679993),
            ["LeftHand"] = CFrame.new(-7.972121238708496e-07, -3.5762786865234375e-07, -8.940696716308594e-08, 0.8166674375534058, -0.2170105278491974, -0.5347530841827393, 0.3190659284591675, 0.9418938159942627, 0.10503890365362167, 0.48088589310646057, -0.2564033269882202, 0.83845454454422),
            ["RightUpperLeg"] = CFrame.new(-1.1920928955078125e-07, 3.339373506605625e-07, 1.6931153368204832e-08, 0.9893993735313416, -0.10585234314203262, -0.09941913932561874, 0.06834309548139572, 0.9434580206871033, -0.32437023520469666, 0.1281331330537796, 0.3141372799873352, 0.9406911730766296),
            ["LeftUpperLeg"] = CFrame.new(2.9802322387695312e-08, -4.2738975025713444e-07, -4.6566128730773926e-09, 0.9877510666847229, 0.035114798694849014, -0.1520356982946396, -0.08076172322034836, 0.9487382173538208, -0.3055706024169922, 0.13351207971572876, 0.3141065239906311, 0.9399531483650208),
            ["RightLowerLeg"] = CFrame.new(-9.685754776000977e-08, -0.000003516674041748047, -0.000013372096873354167, 1, -1.1408705802296026e-07, -5.215407838932151e-08, 1.1362135410308838e-07, 0.6647716164588928, 0.7470463514328003, -4.842877388000488e-08, -0.747046709060669, 0.6647719740867615),
            ["RightFoot"] = CFrame.new(7.497146725654602e-08, 4.172325134277344e-07, -4.6733475755900145e-08, 0.9981428384780884, -0.018391797319054604, -0.05807497724890709, -0.012289128266274929, 0.8729426264762878, -0.4876681864261627, 0.05966520309448242, 0.4874761998653412, 0.8710953593254089),
            ["LeftLowerLeg"] = CFrame.new(4.6566128730773926e-08, 0.0000036954879760742188, 0.0000133514404296875, 1, 6.519258732851085e-08, 1.955777406692505e-08, -6.146728281919422e-08, 0.7616629004478455, 0.6479737758636475, 1.1175869119028903e-08, -0.6479734778404236, 0.7616627216339111),
        }},
        {Time = 0.167, Data = {
            ["LeftFoot"] = CFrame.new(1.6298145055770874e-08, 0, -2.7939677238464355e-09, 0.98200923204422, -0.06813640147447586, 0.17611218988895416, 0.11786302924156189, 0.9498233795166016, -0.28973090648651123, -0.14753428101539612, 0.3052755892276764, 0.9407659769058228),
            ["LeftLowerArm"] = CFrame.new(-1.4901161193847656e-07, -0.0000011920928955078125, -3.026798367500305e-07, 1, -6.705521116145974e-08, 0, 2.7008358216562556e-08, 0.8160682320594788, -0.5779556035995483, 2.0954759705205106e-08, 0.5779556632041931, 0.8160682320594788),
            ["LowerTorso"] = CFrame.new(0.07704246044158936, -0.11710596084594727, -0.08348160237073898, 0.9952062368392944, 0.03844355419278145, 0.08992579579353333, -0.038633134216070175, 0.9992534518241882, 0.00036791941965930164, -0.08984450995922089, -0.0038402711506932974, 0.9959484338760376),
            ["Head"] = CFrame.new(-3.3527612686157227e-08, 3.5762786865234375e-07, 5.21540641784668e-08, 0.9927210211753845, -0.01909162849187851, 0.11891434341669083, 0.05170053988695145, 0.9593075513839722, -0.277590274810791, -0.10877576470375061, 0.2817175090312958, 0.9533116817474365),
            ["RightUpperArm"] = CFrame.new(0, 8.344650268554688e-07, -3.725290298461914e-09, 0.9414886236190796, -0.32245197892189026, 0.0981016606092453, 0.3254278004169464, 0.9454386830329895, -0.015575379133224487, -0.08772682398557663, 0.04658891260623932, 0.9950545430183411),
            ["UpperTorso"] = CFrame.new(2.8870999813079834e-08, -5.960464477539062e-07, -1.1059455573558807e-09, 0.9893297553062439, 0.01185410562902689, -0.1452106237411499, 0.016251271590590477, 0.9814859628677368, 0.19084350764751434, 0.14478445053100586, -0.191166952252388, 0.9708206653594971),
            ["HumanoidRootPart"] = CFrame.new(0, 0, 0, 1, 0, 0, 0, 1, 0, 0, 0, 1),
            ["RightHand"] = CFrame.new(-2.5331974029541016e-07, 5.960464477539063e-08, 8.940696716308594e-08, 0.46287012100219727, 0.02285013720393181, 0.8861317038536072, -0.00862500723451376, 0.999736487865448, -0.021274272352457047, -0.8863842487335205, 0.002204291522502899, 0.46294522285461426),
            ["LeftUpperArm"] = CFrame.new(5.960464477539063e-08, 8.344650268554688e-07, 7.450580596923828e-09, 0.9324818253517151, 0.3585129976272583, 0.04411524534225464, -0.35477182269096375, 0.9319557547569275, -0.07480288296937943, -0.06793119758367538, 0.0541013740003109, 0.9962220788002014),
            ["RightLowerArm"] = CFrame.new(-5.960464477539063e-08, -3.5762786865234375e-07, 9.685754776000977e-08, 1, -7.450579175838357e-08, 2.9802308176840597e-08, 7.171180982368242e-08, 0.7113134860992432, -0.7028748989105225, 3.352760202801619e-08, 0.7028748989105225, 0.7113134264945984),
            ["LeftHand"] = CFrame.new(-6.92903995513916e-07, -2.980232238769531e-07, 5.960464477539063e-08, 0.7412991523742676, -0.2124864161014557, -0.6366517543792725, 0.4021895229816437, 0.9000281095504761, 0.16790807247161865, 0.5373260378837585, -0.38052481412887573, 0.75264972448349),
            ["RightUpperLeg"] = CFrame.new(5.960464477539063e-08, -2.339365892112255e-07, 1.9550498109310865e-08, 0.9887272119522095, -0.09504752606153488, -0.11569114774465561, 0.0572148934006691, 0.9538768529891968, -0.294695645570755, 0.13836511969566345, 0.2847542464733124, 0.9485621452331543),
            ["LeftUpperLeg"] = CFrame.new(-1.7881393432617188e-07, -7.898779585957527e-07, -6.868503987789154e-09, 0.9875904321670532, 0.035315100103616714, -0.1530294269323349, -0.08671683818101883, 0.9350078701972961, -0.3438611924648285, 0.13094019889831543, 0.3528643250465393, 0.9264672994613647),
            ["RightLowerLeg"] = CFrame.new(3.166496753692627e-08, -0.000003635883331298828, -0.000013284552551340312, 1, -1.0058282384761696e-07, -5.6810691262398905e-08, 1.0244550452398471e-07, 0.7047850489616394, 0.709420382976532, -4.796312325083818e-08, -0.709420919418335, 0.7047857046127319),
            ["RightFoot"] = CFrame.new(3.771856427192688e-08, 4.172325134277344e-07, -3.742025000974536e-08, 0.997547447681427, -0.018297655507922173, -0.06756075471639633, -0.015054116025567055, 0.8865517377853394, -0.46238425374031067, 0.06835674494504929, 0.46226760745048523, 0.8841020464897156),
            ["LeftLowerLeg"] = CFrame.new(3.818422555923462e-08, 0.000003635883331298828, 0.00001337006688117981, 1, 5.029141192380848e-08, 1.769513602312145e-08, -4.7497451305389404e-08, 0.7398948669433594, 0.6727220416069031, 1.862645149230957e-08, -0.672722578048706, 0.7398952841758728),
        }},
        {Time = 0.200, Data = {
            ["LeftFoot"] = CFrame.new(6.744403435732238e-08, 5.960464477539063e-08, 9.66247171163559e-09, 0.978742241859436, -0.1146836131811142, 0.17003338038921356, 0.15142880380153656, 0.963220477104187, -0.22198143601417542, -0.1383219063282013, 0.24301066994667053, 0.9601109623908997),
            ["LeftLowerArm"] = CFrame.new(-0.0000010132789611816406, -4.76837158203125e-07, -2.5331974029541016e-07, 1, -6.705520405603238e-08, 3.725290298461914e-08, 6.33299421792799e-08, 0.7110032439231873, -0.7031888365745544, 1.862645326866641e-08, 0.7031888365745544, 0.7110032439231873),
            ["LowerTorso"] = CFrame.new(0.0899709016084671, -0.12009668350219727, -0.07317033410072327, 0.9930871725082397, 0.033730898052453995, 0.1124282255768776, -0.03304360806941986, 0.9994221329689026, -0.007971539162099361, -0.1126321330666542, 0.004201400093734264, 0.9936279058456421),
            ["Head"] = CFrame.new(3.725290298461914e-09, 2.384185791015625e-07, 9.778887033462524e-08, 0.9928374886512756, -0.02384049817919731, 0.11706995218992233, 0.05701427161693573, 0.955657422542572, -0.28890901803970337, -0.10499101132154465, 0.29351428151130676, 0.9501717686653137),
            ["RightUpperArm"] = CFrame.new(1.1920928955078125e-07, 7.152557373046875e-07, -7.450580596923828e-08, 0.9379265308380127, -0.3461292088031769, 0.022104201838374138, 0.34636035561561584, 0.9380713105201721, -0.007537835743278265, -0.01812627725303173, 0.01472585927695036, 0.9997273087501526),
            ["UpperTorso"] = CFrame.new(3.632158041000366e-08, -5.960464477539062e-07, -1.862645149230957e-09, 0.986771821975708, 0.01945781335234642, -0.16094331443309784, 0.014855761080980301, 0.9777407050132751, 0.20929072797298431, 0.161433145403862, -0.20891313254833221, 0.9645179510116577),
            ["HumanoidRootPart"] = CFrame.new(0, 0, 0, 1, 0, 0, 0, 1, 0, 0, 0, 1),
            ["RightHand"] = CFrame.new(-3.8370490074157715e-07, -5.960464477539063e-08, 8.940696716308594e-08, 0.6054551601409912, -0.04265086352825165, 0.794735848903656, 0.05877654254436493, 0.9982324838638306, 0.008794044144451618, -0.7937061190605164, 0.041387349367141724, 0.6068918704986572),
            ["LeftUpperArm"] = CFrame.new(2.384185791015625e-07, 8.344650268554688e-07, -5.21540641784668e-08, 0.8909611701965332, 0.4264427423477173, 0.1559963971376419, -0.4120284914970398, 0.9036325216293335, -0.11696511507034302, -0.19084231555461884, 0.039936311542987823, 0.9808080196380615),
            ["RightLowerArm"] = CFrame.new(-1.4901161193847656e-07, 0.0000015497207641601562, 7.82310962677002e-08, 1, -7.078046593278486e-08, 4.8428738352868095e-08, 1.1175863079415649e-07, 0.4894341826438904, -0.8720402121543884, 4.6566096756350817e-08, 0.8720402717590332, 0.48943421244621277),
            ["LeftHand"] = CFrame.new(-2.8312206268310547e-07, 0, -8.940696716308594e-08, 0.7374332547187805, -0.1654597371816635, -0.6548399329185486, 0.43729493021965027, 0.8558546304702759, 0.27619943022727966, 0.5147478580474854, -0.4900366961956024, 0.7034902572631836),
            ["RightUpperLeg"] = CFrame.new(1.7881393432617188e-07, -3.4051481634378433e-07, 3.3694959711283445e-08, 0.9866865873336792, -0.08832638710737228, -0.13655796647071838, 0.046064503490924835, 0.9570626020431519, -0.2861981987953186, 0.15597325563430786, 0.2760973870754242, 0.9483895301818848),
            ["LeftUpperLeg"] = CFrame.new(-1.1920928955078125e-07, -9.483119356445968e-07, -6.51925802230835e-09, 0.9877283573150635, 0.04155118763446808, -0.1505533754825592, -0.10201872140169144, 0.9015416502952576, -0.4204934537410736, 0.11825805902481079, 0.43069252371788025, 0.894717276096344),
            ["RightLowerLeg"] = CFrame.new(-6.146728992462158e-08, -0.000003635883331298828, -0.00001324357435805723, 1, -1.0803340444454079e-07, -3.911556234470481e-08, 1.0430814256778831e-07, 0.7047604918479919, 0.7094447612762451, -4.726462776716289e-08, -0.7094453573226929, 0.7047610878944397),
            ["RightFoot"] = CFrame.new(5.704350769519806e-08, 2.980232238769531e-07, -2.2519088815897703e-08, 0.9972670078277588, -0.019266415387392044, -0.07132598757743835, -0.015862302854657173, 0.8870543241500854, -0.46139201521873474, 0.07215955853462219, 0.46126288175582886, 0.8843246698379517),
            ["LeftLowerLeg"] = CFrame.new(1.2433156371116638e-07, 0.0000036954879760742188, 0.000013303011655807495, 1, 7.078052277620372e-08, 3.3993277526178645e-08, -5.541370029504833e-08, 0.6610931754112244, 0.7503035664558411, 2.0954759705205106e-08, -0.7503038048744202, 0.661093533039093),
        }},
        {Time = 0.233, Data = {
            ["LeftFoot"] = CFrame.new(2.505839802324772e-08, 5.960464477539063e-08, 1.862645149230957e-08, 0.9793696403503418, -0.1332818865776062, 0.1518920212984085, 0.16650238633155823, 0.9581636190414429, -0.23280732333660126, -0.11450853198766708, 0.25329551100730896, 0.9605881571769714),
            ["LeftLowerArm"] = CFrame.new(-1.1920928955078125e-07, -0.0000012516975402832031, -2.384185791015625e-07, 1, -1.1175865211043856e-07, 2.2351734685344127e-08, 1.303851746570217e-07, 0.5857786536216736, -0.8104709982872009, 2.980232594040899e-08, 0.8104711771011353, 0.5857786536216736),
            ["LowerTorso"] = CFrame.new(0.09899210184812546, -0.13478946685791016, -0.06663432717323303, 0.9922292232513428, 0.03323148936033249, 0.11990328133106232, -0.030985387042164803, 0.9993085861206055, -0.02054910734295845, -0.1205032616853714, 0.01667417585849762, 0.9925729036331177),
            ["Head"] = CFrame.new(-1.1175870895385742e-08, 2.384185791015625e-07, 9.592622518539429e-08, 0.9919712543487549, -0.02729259431362152, 0.1234835833311081, 0.06408337503671646, 0.9502690434455872, -0.30476564168930054, -0.1090247631072998, 0.31023189425468445, 0.9443886280059814),
            ["RightUpperArm"] = CFrame.new(1.1920928955078125e-07, 8.344650268554688e-07, -5.960464477539063e-08, 0.9315761923789978, -0.35968318581581116, -0.05285872146487236, 0.3585185110569, 0.933027446269989, -0.030402563512325287, 0.060253918170928955, 0.009371371008455753, 0.9981390833854675),
            ["UpperTorso"] = CFrame.new(2.9336661100387573e-08, -5.066394805908203e-07, 2.7939677238464355e-09, 0.9854021072387695, 0.025750907137989998, -0.16828472912311554, 0.014636986888945103, 0.9720189571380615, 0.23444609344005585, 0.16961312294006348, -0.2334868162870407, 0.9574525952339172),
            ["HumanoidRootPart"] = CFrame.new(0, 0, 0, 1, 0, 0, 0, 1, 0, 0, 0, 1),
            ["RightHand"] = CFrame.new(-6.48200511932373e-07, -1.7881393432617188e-07, 2.086162567138672e-07, 0.6935297846794128, -0.13014918565750122, 0.7085743546485901, 0.21229460835456848, 0.9767938256263733, -0.028372008353471756, -0.6884385347366333, 0.17010335624217987, 0.7050654888153076),
            ["LeftUpperArm"] = CFrame.new(1.7881393432617188e-07, 0.0000010728836059570312, -2.2351741790771484e-08, 0.8354683518409729, 0.48237669467926025, 0.26325932145118713, -0.45371758937835693, 0.8757739663124084, -0.16480445861816406, -0.31005343794822693, 0.018243458122015, 0.9505440592765808),
            ["RightLowerArm"] = CFrame.new(5.960464477539063e-08, -1.1920928955078125e-07, 1.4901161193847656e-08, 1, -8.568164844291459e-08, 7.450579886381092e-08, 4.610044967989779e-08, 0.2795041799545288, -0.9601445198059082, 6.146726860833951e-08, 0.9601444602012634, 0.27950429916381836),
            ["LeftHand"] = CFrame.new(-4.6193599700927734e-07, -2.384185791015625e-07, -5.960464477539063e-08, 0.7685632705688477, -0.06898223608732224, -0.6360439658164978, 0.3668556809425354, 0.8620071411132812, 0.3498006761074066, 0.5241445899009705, -0.502180278301239, 0.6878135800361633),
            ["RightUpperLeg"] = CFrame.new(1.7881393432617188e-07, -4.3492764234542847e-07, 2.438173396512866e-08, 0.9838991761207581, -0.09183168411254883, -0.15332765877246857, 0.042510226368904114, 0.9535244107246399, -0.29830217361450195, 0.17359520494937897, 0.28698110580444336, 0.9420756101608276),
            ["LeftUpperLeg"] = CFrame.new(-1.7881393432617188e-07, -9.59385943133384e-07, 8.381903171539307e-09, 0.9869523644447327, 0.05043770745396614, -0.15290911495685577, -0.1195811778306961, 0.8655533790588379, -0.48633116483688354, 0.10782153904438019, 0.49827033281326294, 0.8602911829948425),
            ["RightLowerLeg"] = CFrame.new(8.195638656616211e-08, -0.000003635883331298828, -0.000013290140486788005, 1, -1.1269001731761819e-07, -4.2840863301307763e-08, 1.1641532182693481e-07, 0.6728317737579346, 0.7397946119308472, -4.0279701352119446e-08, -0.7397956252098083, 0.6728327870368958),
            ["RightFoot"] = CFrame.new(1.227017492055893e-07, 2.980232238769531e-07, -1.3205863069742918e-08, 0.997940719127655, -0.020921040326356888, -0.06063540652394295, -0.010454765520989895, 0.8796204924583435, -0.4755606949329376, 0.06328541040420532, 0.47521600127220154, 0.8775907158851624),
            ["LeftLowerLeg"] = CFrame.new(5.960464477539063e-08, 0.000003993511199951172, 0.000013340264558792114, 1, 8.009371299522172e-08, 6.5192629961075e-08, -5.448237772043285e-08, 0.5604832768440247, 0.8281651735305786, 3.539026138810186e-08, -0.8281658291816711, 0.5604842901229858),
        }},
        {Time = 0.267, Data = {
            ["LeftFoot"] = CFrame.new(-6.402842700481415e-09, -5.960464477539063e-08, -2.7939677238464355e-08, 0.9810225367546082, -0.13809137046337128, 0.13610875606536865, 0.1696263551712036, 0.9512823820114136, -0.2574658691883087, -0.09392403811216354, 0.2756674587726593, 0.9566534161567688),
            ["LeftLowerArm"] = CFrame.new(-0.0000016987323760986328, -0.0000010132789611816406, -2.905726432800293e-07, 1, -8.940691031966708e-08, 7.450577044210149e-08, 9.313223614526578e-08, 0.4911367893218994, -0.8710824251174927, 2.1420413887085488e-08, 0.8710824251174927, 0.4911368191242218),
            ["LowerTorso"] = CFrame.new(0.10278946906328201, -0.15390372276306152, -0.06313198059797287, 0.9940088391304016, 0.03507879748940468, 0.10351782292127609, -0.031998272985219955, 0.9989986419677734, -0.03127099573612213, -0.10451110452413559, 0.027771253138780594, 0.9941359162330627),
            ["Head"] = CFrame.new(-2.2351741790771484e-08, 0, -5.122274160385132e-08, 0.9905229210853577, -0.025953907519578934, 0.134873628616333, 0.06883294135332108, 0.943569540977478, -0.3239424526691437, -0.1188550591468811, 0.33015599846839905, 0.9364137053489685),
            ["RightUpperArm"] = CFrame.new(1.1920928955078125e-07, -1.1920928955078125e-07, -1.862645149230957e-07, 0.9144536852836609, -0.3812912106513977, -0.13561506569385529, 0.3716818690299988, 0.9238643050193787, -0.09125450998544693, 0.16008445620536804, 0.03304227441549301, 0.9865501523017883),
            ["UpperTorso"] = CFrame.new(4.190951585769653e-08, -4.172325134277344e-07, -5.587935447692871e-09, 0.986611545085907, 0.029255704954266548, -0.1604425609111786, 0.013447891920804977, 0.9658348560333252, 0.2588092088699341, 0.16253267228603363, -0.2575017511844635, 0.952510416507721),
            ["HumanoidRootPart"] = CFrame.new(0, 0, 0, 1, 0, 0, 0, 1, 0, 0, 0, 1),
            ["RightHand"] = CFrame.new(-5.811452865600586e-07, 1.7881393432617188e-07, -1.7881393432617188e-07, 0.7046637535095215, -0.19994902610778809, 0.6807858943939209, 0.329230934381485, 0.9420720338821411, -0.06408875435590744, -0.6285348534584045, 0.2692968249320984, 0.7296733856201172),
            ["LeftUpperArm"] = CFrame.new(1.1920928955078125e-07, 2.384185791015625e-07, -8.940696716308594e-08, 0.7726959586143494, 0.5249976515769958, 0.35681721568107605, -0.47296062111854553, 0.8510714769363403, -0.22800412774085999, -0.42337852716445923, 0.007417245768010616, 0.905922532081604),
            ["RightLowerArm"] = CFrame.new(-6.556510925292969e-07, 2.384185791015625e-07, 4.6100467443466187e-08, 1, -6.705521116145974e-08, 1.2665985593685036e-07, 8.00937343115038e-08, 0.08420372754335403, -0.9964485764503479, 8.568166975919667e-08, 0.9964485764503479, 0.08420374244451523),
            ["LeftHand"] = CFrame.new(-5.662441253662109e-07, -4.172325134277344e-07, -3.8743019104003906e-07, 0.7939828634262085, 0.04932659491896629, -0.6059358716011047, 0.18118882179260254, 0.9322069883346558, 0.3133062422275543, 0.5803117752075195, -0.35854852199554443, 0.7312188148498535),
            ["RightUpperLeg"] = CFrame.new(0, 7.078051567077637e-08, 2.0656443666666746e-08, 0.9822980165481567, -0.10161919891834259, -0.15736666321754456, 0.04579396918416023, 0.9448504447937012, -0.32428494095802307, 0.18164142966270447, 0.311337947845459, 0.9327781200408936),
