return {
    ["Segway Tour"] = {
        [1] = {Time = 0.000, Data = {
            ["LeftLowerArm"] = CFrame.new(0.0000011026859283447266, -1.7881393432617188e-07, 0.00000527501106262207, 1, 7.450581485102248e-09, -5.96046660916727e-08, -5.960463056453591e-08, -0.004110992420464754, -0.9999915361404419, -4.470347292340193e-08, 0.9999915361404419, -0.004111082758754492),
            ["LeftFoot"] = CFrame.new(3.632158041000366e-08, -1.1920928955078125e-07, 2.9802322387695312e-08, 0.9841488599777222, 0.007184019312262535, 0.17719897627830505, -0.024339450523257256, 0.995195746421814, 0.09483199566602707, -0.17566654086112976, -0.09764175862073898, 0.9795955419540405),
            ["RightHand"] = CFrame.new(2.728775143623352e-07, 0.0000011920928955078125, -8.195638656616211e-07, 0.2456550896167755, -0.9603431224822998, 0.131887748837471, 0.5575052499771118, 0.2512730658054352, 0.791233241558075, -0.7929953932762146, -0.12084263563156128, 0.597122848033905),
            ["HumanoidRootPart"] = CFrame.new(0, 0, 0, 1, 0, 0, 0, 1, 0, 0, 0, 1),
            ["Meshes/Segway_Cylinder.004"] = CFrame.new(-0.000004649162292480469, 0.0021483898162841797, 0.0019463226199150085, 0.9999895095825195, -0.004585363436490297, 0.00031885874341242015, 0.0045852093026041985, 0.99998939037323, 0.0004819258756469935, -0.00032106510479934514, -0.00048045068979263306, 0.9999998807907104),
            ["RightLowerLeg"] = CFrame.new(-1.0151416063308716e-07, -0.0007261037826538086, 0.000046031382225919515, 1, 1.2014065475796087e-07, -2.0023440683303306e-08, -6.612391700855369e-08, 0.6607331037521362, 0.7506207227706909, 8.940698847936801e-08, -0.75062096118927, 0.6607333421707153),
            ["RightFoot"] = CFrame.new(2.2351741790771484e-07, -1.1920928955078125e-07, 7.806374924257398e-08, 0.9898008704185486, -0.06417590379714966, -0.12718363106250763, 0.07020819187164307, 0.9965823888778687, 0.04352414980530739, 0.12395581603050232, -0.05200955644249916, 0.9909238219261169),
            ["LeftLowerLeg"] = CFrame.new(-4.0978193283081055e-08, -0.0007265806198120117, 0.00008099246770143509, 1, 5.890614573900166e-08, 2.8172511434831904e-08, -6.984917888530617e-08, 0.6628308296203613, 0.7487692832946777, 2.700834755842152e-08, -0.7487692832946777, 0.6628307700157166),
            ["RightUpperArm"] = CFrame.new(-0.00004112720489501953, 0.0898885726928711, -0.14390458166599274, -0.019737442955374718, -0.5454012155532837, 0.8379426002502441, 0.6686450242996216, 0.6159015893936157, 0.41662856936454773, -0.7433198094367981, 0.5685092806816101, 0.352523535490036),
            ["Head"] = CFrame.new(1.7462298274040222e-10, -7.152557373046875e-07, -1.680795378433686e-07, 0.9999423027038574, 0.002999560907483101, 0.010318447835743427, 0.00009915542614180595, 0.9576327800750732, -0.2879921793937683, -0.010745136998593807, 0.2879765033721924, 0.9575771689414978),
            ["Meshes/Segway_Cylinder"] = CFrame.new(0.000004649162292480469, -0.0021485090255737305, -0.0019462928175926208, 0.9999895095825195, -0.004585298243910074, 0.0003197983605787158, 0.004585143644362688, 0.99998939037323, 0.0004819258756469935, -0.0003220046928618103, -0.00048045068979263306, 0.9999998807907104),
            ["UpperTorso"] = CFrame.new(5.820766091346741e-10, 3.2782554626464844e-07, -7.492599252145737e-08, 0.9999992251396179, 0.0010508858831599355, 0.0005975942476652563, -0.0011752379359677434, 0.9609254002571106, 0.2768051028251648, -0.0002833529724739492, -0.27680569887161255, 0.9609259963035583),
            ["LeftUpperLeg"] = CFrame.new(-5.960464477539063e-08, 1.280568540096283e-08, -1.0462827049195766e-07, 0.9991344213485718, -0.035154469311237335, -0.02224070206284523, 0.008414200507104397, 0.6943777203559875, -0.7195615768432617, 0.0407392680644989, 0.7187515497207642, 0.694072425365448),
            ["Meshes/Segway_Cylinder.001"] = CFrame.new(1.5133991837501526e-09, 0, 0, 1, 2.220446049250313e-15, 0, -3.247402347028583e-15, 1, -9.71445146547012e-17, -2.220446049250313e-16, -9.71445146547012e-17, 1),
            ["LeftUpperArm"] = CFrame.new(0.004030823707580566, 0.09807240962982178, -0.14278709888458252, -0.0706341341137886, 0.5394872426986694, -0.8390257954597473, -0.6323490738868713, 0.626300573348999, 0.45594146847724915, 0.7714567184448242, 0.5627622008323669, 0.29690614342689514),
            ["RightLowerArm"] = CFrame.new(2.980232238769531e-07, 7.748603820800781e-07, -0.000003993511199951172, 1, -0.000002564862370491028, 0.000019341714505571872, 0.000019013878045370802, -0.09521484375, -0.9954568147659302, 0.000004392116352391895, 0.9954567551612854, -0.09521479159593582),
            ["LeftHand"] = CFrame.new(-0.0000014826655387878418, -0.0000010728836059570312, 4.470348358154297e-08, 0.25015732645988464, 0.9431528449058533, -0.21882320940494537, -0.5821398496627808, 0.3271115720272064, 0.744386613368988, 0.7736501097679138, -0.058828216046094894, 0.6308763027191162),
            ["Meshes/Segway_Cylinder.003"] = CFrame.new(2.0954757928848267e-09, 0, 3.725290298461914e-08, 1, -0.00010982393723679706, 0.000006890419626870425, 0.00008319764310726896, 0.7955672740936279, 0.6058654189109802, -0.00007202030246844515, -0.6058654189109802, 0.7955672740936279),
            ["Main"] = CFrame.new(-0.0000012898817658424377, -0.08315229415893555, 1.3207780122756958, 1, -5.441200556788317e-08, 1.9026078490469445e-09, 5.441201267331053e-08, 0.9975571632385254, -0.06985512375831604, 1.903071478182028e-09, 0.06985512375831604, 0.9975571632385254),
            ["LowerTorso"] = CFrame.new(-0.0014431814197450876, 0.2305612564086914, 0.7847535610198975, 0.99998939037323, -0.004551637452095747, 0.0007422296330332756, 0.004507565870881081, 0.9986730217933655, 0.05130316689610481, -0.0009747581207193434, -0.05129927769303322, 0.9986828565597534),
            ["RightUpperLeg"] = CFrame.new(5.960464477539063e-08, 2.2095628082752228e-07, -1.2929376680403948e-08, 0.9971035122871399, 0.012626731768250465, -0.0750013068318367, -0.06342758983373642, 0.6822304129600525, -0.7283810377120972, 0.04197103902697563, 0.7310283184051514, 0.6810550093650818),
            ["Meshes/Segway_Cylinder.002"] = CFrame.new(1.862645149230957e-09, 1.1920928955078125e-07, -5.960464477539063e-08, 1, 2.220446049250313e-15, 0, -3.247402347028583e-15, 1, -9.71445146547012e-17, -2.220446049250313e-16, -9.71445146547012e-17, 1)
        }},
        [2] = {Time = 0.033, Data = {
            ["LeftLowerArm"] = CFrame.new(0.0000012516975402832031, -2.980232238769531e-07, 0.000005036592483520508, 1, 3.725290742551124e-09, 2.2351748896198842e-08, -7.823106784599076e-08, -0.004977174568921328, -0.9999876618385315, -6.332991375757047e-08, 0.9999876022338867, -0.004977298900485039),
            ["LeftFoot"] = CFrame.new(-1.0244548320770264e-08, -2.384185791015625e-07, -1.1175870895385742e-08, 0.9842014312744141, 0.0075190444476902485, 0.17689265310764313, -0.0247032530605793, 0.9951568841934204, 0.09514442831277847, -0.17532052099704742, -0.09801112115383148, 0.9796206951141357),
            ["RightHand"] = CFrame.new(4.991888999938965e-07, 0.0000012516975402832031, -0.0000011324882507324219, 0.24642644822597504, -0.9601603150367737, 0.13178011775016785, 0.5575342774391174, 0.2516675293445587, 0.79108726978302, -0.7927355766296387, -0.12147314846515656, 0.5973398089408875),
            ["HumanoidRootPart"] = CFrame.new(0, 0, 0, 1, 0, 0, 0, 1, 0, 0, 0, 1),
            ["Meshes/Segway_Cylinder.004"] = CFrame.new(-0.000019669532775878906, 0.0021485090255737305, 0.0018860399723052979, 0.9999895095825195, -0.004584719426929951, 0.00031873807893134654, 0.0045845648273825645, 0.9999894499778748, 0.0004818513698410243, -0.0003209438582416624, -0.00048038369277492166, 0.9999998211860657),
            ["RightLowerLeg"] = CFrame.new(-3.4458935260772705e-08, -0.0007266998291015625, 0.00004612451448338106, 1, 1.1618251960499038e-07, -1.3038519597330378e-08, -6.239861249923706e-08, 0.6585900187492371, 0.7525017261505127, 8.568167686462402e-08, -0.7525019645690918, 0.6585904359817505),
            ["RightFoot"] = CFrame.new(1.434236764907837e-07, 0, 5.420588422566652e-09, 0.989806056022644, -0.0640987828373909, -0.12718290090560913, 0.07012622803449631, 0.9965896606445312, 0.04348986968398094, 0.12396165728569031, -0.05196531489491463, 0.9909254312515259),
            ["LeftLowerLeg"] = CFrame.new(-8.381903171539307e-09, -0.0007263422012329102, 0.00008087791502475739, 1, 6.845220923423767e-08, 2.5960620320120142e-08, -5.960464477539063e-08, 0.6615009903907776, 0.7499444484710693, 3.166496753692627e-08, -0.749944269657135, 0.661500871181488),
            ["RightUpperArm"] = CFrame.new(0.00016611814498901367, 0.09068167209625244, -0.1433449238538742, -0.019591886550188065, -0.5449139475822449, 0.8382630348205566, 0.6700188517570496, 0.6151458024978638, 0.415536105632782, -0.7420855164527893, 0.5697933435440063, 0.35305097699165344),
            ["Head"] = CFrame.new(7.275957614183426e-10, -0.0000011920928955078125, -2.3463417164748535e-07, 0.999821126461029, 0.00311510288156569, 0.018655505031347275, 0.0024176680017262697, 0.9572033286094666, -0.28940632939338684, -0.018758658319711685, 0.2893996238708496, 0.9570245742797852),
            ["Meshes/Segway_Cylinder"] = CFrame.new(0.00003790855407714844, -0.0021480321884155273, -0.0018402785062789917, 0.9999895095825195, -0.00458465376868844, 0.0003196776960976422, 0.004584499169141054, 0.9999894499778748, 0.0004818513698410243, -0.0003218834463041276, -0.00048038369277492166, 0.9999998211860657),
            ["UpperTorso"] = CFrame.new(-5.820766091346741e-10, 2.682209014892578e-07, 3.216314325982239e-08, 0.9999998807907104, 0.00032496126368641853, 0.0003796376986429095, -0.0004180561227258295, 0.9602097868919373, 0.27927958965301514, -0.00027377589140087366, -0.2792796790599823, 0.9602097868919373),
            ["LeftUpperLeg"] = CFrame.new(0, 2.691522240638733e-07, 1.1175870895385742e-08, 0.9991475343704224, -0.03528052940964699, -0.021439632400870323, 0.009051128290593624, 0.6938837766647339, -0.7200300097465515, 0.04027968645095825, 0.7192223072052002, 0.693611741065979),
            ["Meshes/Segway_Cylinder.001"] = CFrame.new(-3.4924596548080444e-10, 1.1920928955078125e-07, 0, 1, 6.661338147750939e-16, 0, 1.7763568394002505e-15, 1, -9.71445146547012e-17, 0, -9.71445146547012e-17, 1),
            ["LeftUpperArm"] = CFrame.new(0.004239559173583984, 0.09902620315551758, -0.1421969085931778, -0.07084915041923523, 0.5400791168212891, -0.8386268019676208, -0.6336669325828552, 0.6249303221702576, 0.4559914767742157, 0.7703549861907959, 0.5637167692184448, 0.29795461893081665),
            ["RightLowerArm"] = CFrame.new(2.384185791015625e-07, 3.5762786865234375e-07, -0.0000037178397178649902, 1, -0.000002574175823610858, 0.00001935010004672222, 0.000019003635316039436, -0.09492316842079163, -0.9954847097396851, 0.000004401430032885401, 0.9954846501350403, -0.09492307901382446),
            ["LeftHand"] = CFrame.new(-0.0000015683472156524658, -0.0000010728836059570312, -3.2782554626464844e-07, 0.2507791817188263, 0.9430192708969116, -0.21868708729743958, -0.5816559791564941, 0.3273674249649048, 0.7446523904800415, 0.7738127708435059, -0.05954291298985481, 0.6306098103523254),
            ["Meshes/Segway_Cylinder.003"] = CFrame.new(2.3283064365386963e-10, 1.1920928955078125e-07, 4.470348358154297e-08, 1, -0.00010982404637616128, 0.00000688859063302516, 0.00008319764310726896, 0.7955571413040161, 0.6058786511421204, -0.00007202030246844515, -0.6058787107467651, 0.7955571413040161),
            ["Main"] = CFrame.new(-0.0000020908191800117493, -0.08212161064147949, 1.3207610845565796, 1, -5.4399222904066846e-08, 1.9014549934581737e-09, 5.4399194482357416e-08, 0.9975582957267761, -0.06983864307403564, 1.9023715935873042e-09, 0.06983864307403564, 0.9975582957267761),
            ["LowerTorso"] = CFrame.new(-0.0026250299997627735, 0.23021292686462402, 0.7863851189613342, 0.9999887943267822, -0.004680109675973654, 0.0007335960399359465, 0.004637707024812698, 0.9987451434135437, 0.04986637085676193, -0.0009660554933361709, -0.04986240342259407, 0.9987556338310242),
            ["RightUpperLeg"] = CFrame.new(-5.960464477539063e-08, 3.932509571313858e-07, -1.9867002265527844e-07, 0.9971253871917725, 0.012175698764622211, -0.07478547841310501, -0.06301946938037872, 0.6812480688095093, -0.7293351292610168, 0.04206724837422371, 0.7319514155387878, 0.6800569295883179),
            ["Meshes/Segway_Cylinder.002"] = CFrame.new(0, 1.1920928955078125e-07, 5.960464477539063e-08, 1, 6.661338147750939e-16, 0, 1.7763568394002505e-15, 1, -9.71445146547012e-17, 0, -9.71445146547012e-17, 1)
        }},
        [3] = {Time = 0.067, Data = {
            ["LeftLowerArm"] = CFrame.new(0.0000012814998626708984, 0, 0.000005058944225311279, 1, 4.4703497792397684e-08, -1.4901166522918174e-08, -4.470347647611561e-08, -0.005720319226384163, -0.9999837279319763, -3.725289943190546e-08, 0.9999837279319763, -0.005720408633351326),
            ["LeftFoot"] = CFrame.new(2.8870999813079834e-08, -1.1920928955078125e-07, 1.862645149230957e-09, 0.984268307685852, 0.007850379683077335, 0.17650605738162994, -0.024952147156000137, 0.9951759576797485, 0.09488122165203094, -0.1749097853899002, -0.09779269993305206, 0.979715883731842),
            ["RightHand"] = CFrame.new(4.2282044887542725e-07, 0.0000011920928955078125, -8.195638656616211e-07, 0.24717791378498077, -0.9599664807319641, 0.13178490102291107, 0.5576518177986145, 0.25215625762939453, 0.7908487319946289, -0.7924188375473022, -0.12199054658412933, 0.5976547002792358),
            ["HumanoidRootPart"] = CFrame.new(0, 0, 0, 1, 0, 0, 0, 1, 0, 0, 0, 1),
            ["Meshes/Segway_Cylinder.004"] = CFrame.new(-0.00006377696990966797, 0.002148151397705078, 0.0017078667879104614, 0.9999895095825195, -0.004584074951708317, 0.0003186175599694252, 0.004583921283483505, 0.9999894499778748, 0.00048181411693803966, -0.00032082281541079283, -0.00048034643987193704, 0.9999998211860657),
            ["RightLowerLeg"] = CFrame.new(-9.778887033462524e-08, -0.0007266998291015625, 0.00004622137203114107, 1, 1.1734667282325972e-07, -1.1175874448099421e-08, -6.519257311765614e-08, 0.6558877825737, 0.7548583745956421, 8.940695295223122e-08, -0.7548585534095764, 0.6558879017829895),
            ["RightFoot"] = CFrame.new(1.341104507446289e-07, 0, 1.6596459317952394e-08, 0.9898183345794678, -0.0641138106584549, -0.12707947194576263, 0.07009133696556091, 0.9966076612472534, 0.0431332029402256, 0.12388309091329575, -0.05160117894411087, 0.9909542798995972),
            ["LeftLowerLeg"] = CFrame.new(-1.0244548320770264e-08, -0.0007262229919433594, 0.0000809691846370697, 1, 5.727633123342457e-08, 4.423781874152155e-08, -6.519259443393821e-08, 0.6597387194633484, 0.7514950037002563, 3.8184236217375656e-08, -0.7514950037002563, 0.6597388386726379),
            ["RightUpperArm"] = CFrame.new(0.0002530813217163086, 0.09141886234283447, -0.14317452907562256, -0.01950351893901825, -0.5444568395614624, 0.83856201171875, 0.6706706881523132, 0.614905059337616, 0.41484081745147705, -0.7414988279342651, 0.5704898238182068, 0.35315847396850586),
            ["Head"] = CFrame.new(-2.0372681319713593e-10, -4.76837158203125e-07, -8.975939636002295e-08, 0.999571681022644, 0.0030065765604376793, 0.029110711067914963, 0.005561587866395712, 0.9570668339729309, -0.28981438279151917, -0.02873225323855877, 0.28985199332237244, 0.9566400647163391),
            ["Meshes/Segway_Cylinder"] = CFrame.new(0.0001367330551147461, -0.0021469593048095703, -0.0015278980135917664, 0.9999895095825195, -0.004584009759128094, 0.00031955717713572085, 0.004583855625241995, 0.9999894499778748, 0.00048181411693803966, -0.000321762403473258, -0.0004803389892913401, 0.9999998211860657),
            ["UpperTorso"] = CFrame.new(-6.984919309616089e-10, -8.344650268554688e-07, 8.507640814059414e-09, 1, -0.0002312267606612295, 0.00019849765521939844, 0.00016609799058642238, 0.9596688151359558, 0.28113314509391785, -0.00025549696874804795, -0.2811330258846283, 0.9596688151359558),
            ["LeftUpperLeg"] = CFrame.new(0, -4.7264620661735535e-07, 5.7159923017024994e-08, 0.9991588592529297, -0.03540317341685295, -0.020693542435765266, 0.009664008393883705, 0.6937034130096436, -0.7201961278915405, 0.03985234722495079, 0.7193900942802429, 0.6934619545936584),
            ["Meshes/Segway_Cylinder.001"] = CFrame.new(-2.3283064365386963e-10, 0, -5.960464477539063e-08, 1, 3.941291737419306e-15, -2.220446049250313e-16, -8.604228440844963e-16, 1, -7.450580596923828e-09, 0, 7.450580596923828e-09, 1),
            ["LeftUpperArm"] = CFrame.new(0.004326164722442627, 0.09976077079772949, -0.14202076196670532, -0.07097873836755753, 0.5405521988868713, -0.838310956954956, -0.6342277526855469, 0.6242109537124634, 0.45619750022888184, 0.7698813676834106, 0.5640603303909302, 0.29852747917175293),
            ["RightLowerArm"] = CFrame.new(5.364418029785156e-07, -5.960464477539063e-08, -0.0000038817524909973145, 1, -0.0000025890767574310303, 0.000019297012840979733, 0.000019015737052541226, -0.09449242055416107, -0.9955256581306458, 0.000004367901510704542, 0.995525598526001, -0.09449238330125809),
            ["LeftHand"] = CFrame.new(-0.0000015422701835632324, -0.0000013709068298339844, 7.450580596923828e-08, 0.2514159381389618, 0.9428813457489014, -0.21855056285858154, -0.5812888741493225, 0.3276408016681671, 0.7448188662528992, 0.7738819122314453, -0.06021841987967491, 0.6304606199264526),
            ["Meshes/Segway_Cylinder.003"] = CFrame.new(4.656612873077393e-10, -1.1920928955078125e-07, 7.450580596923828e-09, 1, -0.00010982415551552549, 0.000006886773917358369, 0.00008319765038322657, 0.7955471873283386, 0.605891764163971, -0.00007202029519248754, -0.6058918237686157, 0.7955471873283386),
            ["Main"] = CFrame.new(-0.0000025210902094841003, -0.08020055294036865, 1.320744276046753, 1, -5.4386404713113734e-08, 1.9005901297219907e-09, 5.438638339683166e-08, 0.9975595474243164, -0.06982219964265823, 1.901510060520195e-09, 0.06982219964265823, 0.9975595474243164),
            ["LowerTorso"] = CFrame.new(-0.003306806553155184, 0.2303915023803711, 0.787418007850647, 0.9999890327453613, -0.004630907904356718, 0.0007190838805399835, 0.004591042175889015, 0.9988361597061157, 0.04801449924707413, -0.0009405976161360741, -0.048010680824518204, 0.9988464117050171),
            ["RightUpperLeg"] = CFrame.new(5.960464477539063e-08, -5.539041012525558e-07, 4.318280844017863e-08, 0.997132420539856, 0.01170646958053112, -0.07476551085710526, -0.0627278983592987, 0.6805238723754883, -0.7300359606742859, 0.04233352839946747, 0.7326324582099915, 0.6793068051338196),
            ["Meshes/Segway_Cylinder.002"] = CFrame.new(4.656612873077393e-10, 0, -5.960464477539063e-08, 1, 3.941291737419306e-15, -2.220446049250313e-16, -8.604228440844963e-16, 1, -7.450580596923828e-09, 0, 7.450580596923828e-09, 1)
        }},
        [4] = {Time = 0.100, Data = {
            ["LeftLowerArm"] = CFrame.new(0.000001341104507446289, 2.980232238769531e-07, 0.000005088746547698975, 1, 4.4703494239684005e-08, -5.215408904746255e-08, -6.705521116145974e-08, -0.006298722233623266, -0.9999802112579346, -2.607702498380604e-08, 0.9999802112579346, -0.006298775784671307),
            ["LeftFoot"] = CFrame.new(-1.862645149230957e-09, -1.1920928955078125e-07, -5.029141902923584e-08, 0.9842988848686218, 0.007923297584056854, 0.17633217573165894, -0.024751583114266396, 0.9953171610832214, 0.09344159066677094, -0.17476610839366913, -0.09633872658014297, 0.9798855185508728),
            ["RightHand"] = CFrame.new(4.973262548446655e-07, 0.0000010132789611816406, -7.748603820800781e-07, 0.24804848432540894, -0.9597307443618774, 0.13186654448509216, 0.5579190254211426, 0.2528059780597687, 0.7904528379440308, -0.7919586300849915, -0.12250003963708878, 0.5981602072715759),
            ["HumanoidRootPart"] = CFrame.new(0, 0, 0, 1, 0, 0, 0, 1, 0, 0, 0, 1),
            ["Meshes/Segway_Cylinder.004"] = CFrame.new(-0.00013625621795654297, 0.0021475553512573242, 0.001416124403476715, 0.9999894499778748, -0.004583433736115694, 0.0003184972156304866, 0.004583278670907021, 0.99998939037323, 0.00048177692224271595, -0.000320701947202906, -0.0004803091869689524, 0.9999998211860657),
            ["RightLowerLeg"] = CFrame.new(-4.190951585769653e-08, -0.0007268190383911133, 0.000046128239773679525, 1, 1.1408701539039612e-07, -2.7939681679356454e-09, -7.450579175838357e-08, 0.6522862911224365, 0.7579725384712219, 9.313223614526578e-08, -0.7579727172851562, 0.6522865891456604),
            ["RightFoot"] = CFrame.new(1.30385160446167e-07, 1.1920928955078125e-07, -2.438173396512866e-08, 0.9898439645767212, -0.06423298269510269, -0.12681908905506134, 0.07011839747428894, 0.996632993221283, 0.042497918009757996, 0.12366238981485367, -0.050958652049303055, 0.9910151362419128),
            ["LeftLowerLeg"] = CFrame.new(3.073364496231079e-08, -0.0007271170616149902, 0.00008110376074910164, 1, 5.51808625459671e-08, 3.5157420086306956e-08, -6.705522537231445e-08, 0.6565032005310059, 0.7543231248855591, 2.421438694000244e-08, -0.7543232440948486, 0.6565033793449402),
            ["RightUpperArm"] = CFrame.new(0.00011926889419555664, 0.09207284450531006, -0.14340059459209442, -0.019544068723917007, -0.5442112684249878, 0.8387206196784973, 0.6705681681632996, 0.6150900721549988, 0.41473233699798584, -0.7415904402732849, 0.5705246329307556, 0.35290929675102234),
            ["Head"] = CFrame.new(-1.949956640601158e-09, -0.0000011920928955078125, -1.2143982530687936e-07, 0.99924635887146, 0.0025916756130754948, 0.03873194381594658, 0.008722317405045033, 0.9572649598121643, -0.2890811562538147, -0.03782591223716736, 0.2892010509967804, 0.9565207362174988),
            ["Meshes/Segway_Cylinder"] = CFrame.new(0.00029778480529785156, -0.0021451711654663086, -0.0010172277688980103, 0.9999894499778748, -0.004583368543535471, 0.0003194368619006127, 0.00458321301266551, 0.99998939037323, 0.00048177692224271595, -0.0003216415352653712, -0.0004803017363883555, 0.9999998211860657),
            ["UpperTorso"] = CFrame.new(1.3387762010097504e-09, -5.960464477539062e-07, -1.405373950547073e-08, 0.9999998807907104, -0.0004468825936783105, 0.0000838104824651964, 0.00040508894016966224, 0.9593814015388489, 0.2821117639541626, -0.00020647834753617644, -0.28211185336112976, 0.9593815803527832),
            ["LeftUpperLeg"] = CFrame.new(2.9802322387695312e-08, -5.6438148021698e-07, 7.494236342608929e-08, 0.9991639852523804, -0.03551028296351433, -0.02026030421257019, 0.010017511434853077, 0.6931004524230957, -0.7207716107368469, 0.03963722661137581, 0.719965934753418, 0.6928765773773193),
            ["Meshes/Segway_Cylinder.001"] = CFrame.new(-1.1641532182693481e-10, 0, -2.9802322387695312e-08, 1, -7.632783294297951e-16, 0, 1.3183898417423734e-15, 1, -9.71445146547012e-17, 0, -9.71445146547012e-17, 1),
            ["LeftUpperArm"] = CFrame.new(0.004189848899841309, 0.10011184215545654, -0.14228637516498566, -0.07094930112361908, 0.5407352447509766, -0.8381955623626709, -0.6340142488479614, 0.6242794394493103, 0.45640039443969727, 0.7700598239898682, 0.5638090372085571, 0.2985416054725647),
            ["RightLowerArm"] = CFrame.new(1.7881393432617188e-07, 5.960464477539062e-07, -0.0000037103891372680664, 1, -0.000002570450533312396, 0.00001936965600179974, 0.000018974764316226356, -0.09376505017280579, -0.9955943822860718, 0.000004369765065348474, 0.9955943822860718, -0.093765027821064),
            ["LeftHand"] = CFrame.new(-0.0000015012919902801514, -0.0000013709068298339844, 3.725290298461914e-07, 0.2521085739135742, 0.9427320957183838, -0.21839666366577148, -0.5809730291366577, 0.32794034481048584, 0.7449333667755127, 0.7738937735557556, -0.06092168018221855, 0.6303786635398865),
            ["Meshes/Segway_Cylinder.003"] = CFrame.new(6.984919309616089e-10, 0, 7.450580596923828e-09, 1, -0.00010982427920680493, 0.000006884945378260454, 0.00008319765038322657, 0.7955371141433716, 0.6059049367904663, -0.00007202028791652992, -0.6059049367904663, 0.7955371141433716),
            ["Main"] = CFrame.new(-0.0000020908191800117493, -0.0791696310043335, 1.3207274675369263, 1, -5.437356520587855e-08, 1.899840285091159e-09, 5.437355810045119e-08, 0.9975606799125671, -0.06980575621128082, 1.900360757645103e-09, 0.06980575621128082, 0.9975606799125671),
            ["LowerTorso"] = CFrame.new(-0.0028078865725547075, 0.2296772003173828, 0.7877678871154785, 0.9999909996986389, -0.004189441911876202, 0.0007126243435777724, 0.004152211826294661, 0.9989320635795593, 0.04601779952645302, -0.0009046520572155714, -0.046014416962862015, 0.9989403486251831),
            ["RightUpperLeg"] = CFrame.new(0, -4.207249730825424e-07, 3.410241333767772e-08, 0.9971221089363098, 0.01123579777777195, -0.07497574388980865, -0.06261657923460007, 0.6795942187309265, -0.730911135673523, 0.04274067282676697, 0.733502209186554, 0.6783417463302612),
            ["Meshes/Segway_Cylinder.002"] = CFrame.new(9.313225746154785e-10, 1.1920928955078125e-07, 0, 1, -7.632783294297951e-16, 0, 1.3183898417423734e-15, 1, -9.71445146547012e-17, 0, -9.71445146547012e-17, 1)
        }},
        [5] = {Time = 0.133, Data = {
            ["LeftLowerArm"] = CFrame.new(0.0000014901161193847656, -1.1920928955078125e-07, 0.000005163252353668213, 1, 2.6077039194660756e-08, -2.235175244891252e-08, -1.0058281674218961e-07, -0.006752946879714727, -0.9999772906303406, -1.862644793959589e-08, 0.9999772906303406, -0.006752937566488981),
            ["LeftFoot"] = CFrame.new(1.4901161193847656e-08, -1.1920928955078125e-07, -1.4901161193847656e-08, 0.984312891960144, 0.00798746757209301, 0.1762511432170868, -0.024431578814983368, 0.9955211877822876, 0.09132766723632812, -0.17473231256008148, -0.09420128166675568, 0.9800994396209717),
            ["RightHand"] = CFrame.new(2.784654498100281e-07, 9.5367431640625e-07, -0.0000010728836059570312, 0.24891391396522522, -0.959482729434967, 0.132039874792099, 0.5582817196846008, 0.2535436749458313, 0.7899604439735413, -0.7914313673973083, -0.12291692197322845, 0.5987721681594849),
            ["HumanoidRootPart"] = CFrame.new(0, 0, 0, 1, 0, 0, 0, 1, 0, 0, 0, 1),
            ["Meshes/Segway_Cylinder.004"] = CFrame.new(-0.0002359151840209961, 0.002146601676940918, 0.00101500004529953, 0.9999894499778748, -0.004582143388688564, 0.0003182549844495952, 0.0045819892548024654, 0.9999894499778748, 0.0004818588204216212, -0.0003204594540875405, -0.0004803985939361155, 0.9999998807907104),
            ["RightLowerLeg"] = CFrame.new(7.82310962677002e-08, -0.0007265210151672363, 0.00004625489964382723, 1, 1.080334541825323e-07, -1.164153484722874e-08, -7.54371214384264e-08, 0.6479781270027161, 0.7616588473320007, 1.0058282384761696e-07, -0.7616590261459351, 0.6479783654212952),
            ["RightFoot"] = CFrame.new(1.7508864402770996e-07, -1.1920928955078125e-07, -1.673470251262188e-10, 0.9898742437362671, -0.06443014740943909, -0.12648266553878784, 0.07016150653362274, 0.9966766834259033, 0.04138895869255066, 0.1233956515789032, -0.04984408617019653, 0.9911050796508789),
            ["LeftLowerLeg"] = CFrame.new(-1.0523945093154907e-07, -0.0007264614105224609, 0.00008096592500805855, 1, 6.28642737865448e-08, 3.189780173329382e-08, -6.519257311765614e-08, 0.6530394554138184, 0.7573240399360657, 2.4214383387288763e-08, -0.7573239207267761, 0.6530393362045288),
            ["RightUpperArm"] = CFrame.new(-0.0001436471939086914, 0.09253561496734619, -0.14408740401268005, -0.019635191187262535, -0.5440694093704224, 0.8388103246688843, 0.6696282625198364, 0.6158478856086731, 0.4151264429092407, -0.742436945438385, 0.5698420405387878, 0.3522319495677948),
            ["Head"] = CFrame.new(1.9208528101444244e-09, -7.152557373046875e-07, -8.408869689446874e-08, 0.9990030527114868, 0.0022088047116994858, 0.044587817043066025, 0.01070309802889824, 0.9577947854995728, -0.2872536778450012, -0.04334046319127083, 0.2874443829059601, 0.9568162560462952),
            ["Meshes/Segway_Cylinder"] = CFrame.new(0.0005192756652832031, -0.0021425485610961914, -0.0003166124224662781, 0.9999894499778748, -0.004582078196108341, 0.00031919460161589086, 0.004581923130899668, 0.9999894499778748, 0.0004818588204216212, -0.0003213990421500057, -0.0004803911433555186, 0.9999998807907104),
            ["UpperTorso"] = CFrame.new(-4.656612873077393e-10, -5.364418029785156e-07, -1.4050033314561006e-07, 1, -0.00041619979310780764, 0.000025552431907271966, 0.0003920904127880931, 0.9593977332115173, 0.28205665946006775, -0.0001419070322299376, -0.2820567786693573, 0.9593977332115173),
            ["LeftUpperLeg"] = CFrame.new(-5.960464477539063e-08, -1.1199153959751129e-07, -3.2567186281085014e-08, 0.9991683959960938, -0.035567961633205414, -0.01993631385266781, 0.010275961831212044, 0.6928206086158752, -0.7210368514060974, 0.039458099752664566, 0.7202322483062744, 0.692609965801239),
            ["Meshes/Segway_Cylinder.001"] = CFrame.new(6.984919309616089e-10, 1.1920928955078125e-07, 5.960464477539063e-08, 1, -1.0269562977782698e-15, 2.220446049250313e-16, -4.718447854656915e-16, 1, -9.71445146547012e-17, -4.440892098500626e-16, -9.71445146547012e-17, 1),
            ["LeftUpperArm"] = CFrame.new(0.003922939300537109, 0.10008001327514648, -0.14304354786872864, -0.07079683989286423, 0.5407610535621643, -0.838191568851471, -0.6329256892204285, 0.6251220703125, 0.45675814151763916, 0.7709688544273376, 0.5628498196601868, 0.2980048656463623),
            ["RightLowerArm"] = CFrame.new(2.682209014892578e-07, 7.152557373046875e-07, -0.0000034496188163757324, 1, -0.000002609566536193597, 0.000019319364582770504, 0.00001894402885227464, -0.0928981825709343, -0.9956756830215454, 0.000004373489900899585, 0.9956756830215454, -0.0928981676697731),
            ["LeftHand"] = CFrame.new(-0.000001564621925354004, -0.0000010132789611816406, -1.341104507446289e-07, 0.2528214454650879, 0.9425774216651917, -0.2182399332523346, -0.5807332396507263, 0.32825642824172974, 0.7449811697006226, 0.7738412618637085, -0.06160822510719299, 0.6303764581680298),
            ["Meshes/Segway_Cylinder.003"] = CFrame.new(1.3969838619232178e-09, 1.1920928955078125e-07, 4.470348358154297e-08, 1, -0.0001098245193134062, 0.000006881301942485152, 0.00008319765765918419, 0.7955171465873718, 0.6059311628341675, -0.00007202026608865708, -0.6059311628341675, 0.7955171465873718),
            ["Main"] = CFrame.new(-0.0000012898817658424377, -0.08021092414855957, 1.3206937313079834, 1, -5.4347985667391185e-08, 1.897292767338854e-09, 5.434791461311761e-08, 0.9975628852844238, -0.06977277249097824, 1.899298496255142e-09, 0.06977277249097824, 0.9975628852844238),
            ["LowerTorso"] = CFrame.new(-0.001809860346838832, 0.2270188331604004, 0.7872985005378723, 0.9999932646751404, -0.0036322937812656164, 0.0006957205478101969, 0.0035982183180749416, 0.9990277886390686, 0.04393845796585083, -0.0008546416065655649, -0.04393565282225609, 0.9990339875221252),
            ["RightUpperLeg"] = CFrame.new(5.960464477539063e-08, 2.0372681319713593e-08, -1.1074735084548593e-07, 0.9970952868461609, 0.010797742754220963, -0.075395867228508, -0.0626801997423172, 0.6787031888961792, -0.7317332029342651, 0.04327036067843437, 0.7343333959579468, 0.6774083375930786),
            ["Meshes/Segway_Cylinder.002"] = CFrame.new(9.313225746154785e-10, 0, 0, 1, -1.0269562977782698e-15, 2.220446049250313e-16, -4.718447854656915e-16, 1, -9.71445146547012e-17, -4.440892098500626e-16, -9.71445146547012e-17, 1)
        }},
        [6] = {Time = 0.167, Data = {
            ["LeftLowerArm"] = CFrame.new(0.0000013113021850585938, -5.960464477539063e-08, 0.000005088746547698975, 1, 3.3527619791584584e-08, -1.8626458597736928e-08, -3.7252888773764425e-08, -0.007167031988501549, -0.9999743700027466, -4.842875611643649e-08, 0.9999743103981018, -0.007167107425630093),
            ["LeftFoot"] = CFrame.new(2.7939677238464355e-09, -5.960464477539063e-08, 5.587935447692871e-09, 0.9843418598175049, 0.008098684251308441, 0.17608389258384705, -0.02403496578335762, 0.9957807660102844, 0.08856053650379181, -0.17462380230426788, -0.09140616655349731, 0.9803833365440369),
            ["RightHand"] = CFrame.new(3.1851232051849365e-07, 0.0000010132789611816406, -5.960464477539062e-07, 0.2498081624507904, -0.9592185616493225, 0.1322697401046753, 0.5587262511253357, 0.25435951352119446, 0.7893835306167603, -0.7908354997634888, -0.12329208850860596, 0.5994817018508911),
            ["HumanoidRootPart"] = CFrame.new(0, 0, 0, 1, 0, 0, 0, 1, 0, 0, 0, 1),
            ["Meshes/Segway_Cylinder.004"] = CFrame.new(-0.0003616809844970703, 0.0021445751190185547, 0.0005086138844490051, 0.9999894499778748, -0.004581500310450792, 0.0003181345236953348, 0.0045813461765646935, 0.9999894499778748, 0.0004818290763068944, -0.0003203385858796537, -0.0004803613410331309, 0.9999998211860657),
            ["RightLowerLeg"] = CFrame.new(-8.381903171539307e-08, -0.0007267594337463379, 0.00004606118454830721, 1, 1.2526288628578186e-07, -1.816079198135867e-08, -6.891786341611805e-08, 0.6436693668365479, 0.7653035521507263, 9.313224325069314e-08, -0.7653036713600159, 0.643669605255127),
            ["RightFoot"] = CFrame.new(1.7136335372924805e-07, -5.960464477539063e-08, 2.4047039914876223e-08, 0.9899002313613892, -0.06444666534662247, -0.1262703686952591, 0.07001159340143204, 0.9967384338378906, 0.040136296302080154, 0.12327193468809128, -0.048571255058050156, 0.9911835789680481),
            ["LeftLowerLeg"] = CFrame.new(1.3131648302078247e-07, -0.0007261037826538086, 0.00008105766028165817, 1, 7.357449760547752e-08, 1.8626458597736928e-08, -6.332993507385254e-08, 0.6491535305976868, 0.7606576681137085, 1.5832483768463135e-08, -0.760657548904419, 0.6491533517837524),
            ["RightUpperArm"] = CFrame.new(-0.00033485889434814453, 0.0927056074142456, -0.14519134163856506, -0.019679127261042595, -0.5437592267990112, 0.8390103578567505, 0.6679421663284302, 0.6172758340835571, 0.4157208204269409, -0.7439530491828918, 0.5685916543006897, 0.35105252265930176),
            ["Head"] = CFrame.new(-1.4115357771515846e-09, -9.5367431640625e-07, -2.819888322846964e-08, 0.9988773465156555, 0.002035459503531456, 0.04732813686132431, 0.011524946428835392, 0.9586170315742493, -0.28446564078330994, -0.04594862461090088, 0.2846916615962982, 0.9575173258781433),
            ["Meshes/Segway_Cylinder"] = CFrame.new(0.0007978677749633789, -0.002139568328857422, 0.0005655810236930847, 0.9999894499778748, -0.004581435117870569, 0.0003190741699654609, 0.004581280052661896, 0.9999894499778748, 0.0004818290763068944, -0.0003212781739421189, -0.00048035389045253396, 0.9999998211860657),
            ["UpperTorso"] = CFrame.new(-1.6298145055770874e-09, 8.940696716308594e-08, -8.552149211027427e-08, 1, -0.0003737728693522513, -0.000008876029824023135, 0.00036120109143666923, 0.9596819281578064, 0.28108835220336914, -0.00009654521272750571, -0.2810882329940796, 0.9596819281578064),
            ["LeftUpperLeg"] = CFrame.new(-5.960464477539063e-08, 3.259629011154175e-07, -2.0168954506516457e-08, 0.9991756677627563, -0.03555392846465111, -0.019595524296164513, 0.010504520498216152, 0.6926806569099426, -0.7211679220199585, 0.03921383619308472, 0.7203675508499146, 0.6924832463264465),
            ["Meshes/Segway_Cylinder.001"] = CFrame.new(-3.4924596548080444e-10, -1.1920928955078125e-07, -5.960464477539063e-08, 1, -2.5951463200613034e-15, 0, 7.91033905045424e-16, 1, -9.71445146547012e-17, 0, -9.71445146547012e-17, 1),
            ["LeftUpperArm"] = CFrame.new(0.003728628158569336, 0.09981834888458252, -0.14421266317367554, -0.07067412883043289, 0.5408951640129089, -0.838115394115448, -0.6310473680496216, 0.6264652609825134, 0.45751553773880005, 0.7725182175636292, 0.5612252354621887, 0.29705578088760376),
            ["RightLowerArm"] = CFrame.new(2.980232238769531e-07, 5.960464477539062e-07, -0.0000040978193283081055, 1, -0.0000026319178232370177, 0.000019344506654306315, 0.000018972896214108914, -0.09173489362001419, -0.9957835078239441, 0.000004351137704361463, 0.9957835078239441, -0.09173490852117538),
            ["LeftHand"] = CFrame.new(-0.0000012926757335662842, -0.0000010728836059570312, 2.086162567138672e-07, 0.2534768283367157, 0.9424304962158203, -0.21811413764953613, -0.5805849432945251, 0.3285672962665558, 0.744959831237793, 0.7737380266189575, -0.062196433544158936, 0.6304450631141663),
            ["Meshes/Segway_Cylinder.003"] = CFrame.new(2.3283064365386963e-10, 1.1920928955078125e-07, -7.450580596923828e-09, 1, -0.00010982461390085518, 0.000006879484317323659, 0.00008319765765918419, 0.7955071926116943, 0.6059442758560181, -0.00007202025881269947, -0.6059442758560181, 0.7955071926116943),
            ["Main"] = CFrame.new(-8.596107363700867e-07, -0.0821387767791748, 1.3206769227981567, 1, -5.433505378960035e-08, 1.8974120052916987e-09, 5.433505378960035e-08, 0.9975640773773193, -0.06975632905960083, 1.8974724014242383e-09, 0.06975632905960083, 0.9975640773773193),
            ["LowerTorso"] = CFrame.new(-0.001315074972808361, 0.22355437278747559, 0.7860620021820068, 0.999994158744812, -0.0033577606081962585, 0.0006592155550606549, 0.0033272469881922007, 0.9991192817687988, 0.04183026775717735, -0.0007990908925421536, -0.04182783141732216, 0.9991245269775391),
            ["RightUpperLeg"] = CFrame.new(5.960464477539063e-08, -1.3969838619232178e-08, -2.4134351406246424e-08, 0.9970752000808716, 0.01043136790394783, -0.07571162283420563, -0.0626993477344513, 0.6781072020530701, -0.732283890247345, 0.043701864778995514, 0.7348889708518982, 0.6767778396606445),
            ["Meshes/Segway_Cylinder.002"] = CFrame.new(0, 1.1920928955078125e-07, 0, 1, -2.5951463200613034e-15, 0, 7.91033905045424e-16, 1, -9.71445146547012e-17, 0, -9.71445146547012e-17, 1)
        }},
        [7] = {Time = 0.200, Data = {
            ["LeftLowerArm"] = CFrame.new(0.0000011920928955078125, -4.76837158203125e-07, 0.000005148351192474365, 1, 4.4703490686970326e-08, -1.4901166522918174e-08, -3.352759847530251e-08, -0.00741360429674387, -0.9999725818634033, -4.4703462265260896e-08, 0.9999725818634033, -0.007413643412292004),
            ["LeftFoot"] = CFrame.new(1.210719347000122e-08, 5.960464477539063e-08, -9.313225746154785e-09, 0.9843894839286804, 0.008415992371737957, 0.17580322921276093, -0.023735828697681427, 0.9960793256759644, 0.08522196859121323, -0.17439666390419006, -0.0880642905831337, 0.9807295799255371),
            ["RightHand"] = CFrame.new(1.471489667892456e-07, 0.0000011920928955078125, -4.76837158203125e-07, 0.2507703900337219, -0.9589307904243469, 0.1325361281633377, 0.55925053358078, 0.2552613317966461, 0.7887209057807922, -0.7901601791381836, -0.12366718053817749, 0.6002945899963379),
            ["HumanoidRootPart"] = CFrame.new(0, 0, 0, 1, 0, 0, 0, 1, 0, 0, 0, 1),
            ["Meshes/Segway_Cylinder.004"] = CFrame.new(-0.0005125999450683594, 0.0021414756774902344, -0.00009872019290924072, 0.9999894499778748, -0.004579571541398764, 0.00031777346157468855, 0.004579417407512665, 0.9999894499778748, 0.0004817545705009252, -0.0003199762722942978, -0.00048028683522716165, 0.9999998807907104),
            ["RightLowerLeg"] = CFrame.new(2.421438694000244e-08, -0.0007264614105224609, 0.000046068635128904134, 1, 1.2759124956573942e-07, -1.2572859198201058e-08, -6.798654084150257e-08, 0.6385142803192139, 0.7696098685264587, 7.823108916227284e-08, -0.7696100473403931, 0.6385145783424377),
            ["RightFoot"] = CFrame.new(1.862645149230957e-07, 0, 1.4733814168721437e-08, 0.9899305701255798, -0.06423183530569077, -0.12614166736602783, 0.06952505558729172, 0.9968557357788086, 0.03801342844963074, 0.12330346554517746, -0.04640064761042595, 0.991283655166626),
