return {
    ["Self Head"] = {
        {Time = 0.000, Data = {
            ["LeftLowerArm"] = CFrame.new(0, 0, 0, 1, 0, 0, 0, 1, 0, 0, 0, 1),
            ["RightUpperArm"] = CFrame.new(0, 0, 0, 1, 0, 0, 0, 1, 0, 0, 0, 1),
            ["Head"] = CFrame.new(0, 0, 0, 1, 0, 0, 0, 1, 0, 0, 0, 1),
            ["UpperTorso"] = CFrame.new(0, 0, 0, 1, 0, 0, 0, 1, 0, 0, 0, 1),
            ["HumanoidRootPart"] = CFrame.new(0, 0, 0, 1, 0, 0, 0, 1, 0, 0, 0, 1),
            ["LeftUpperArm"] = CFrame.new(0, 0, 0, 1, 0, 0, 0, 1, 0, 0, 0, 1),
            ["RightLowerArm"] = CFrame.new(0, 0, 0, 1, 0, 0, 0, 1, 0, 0, 0, 1),
            ["LeftHand"] = CFrame.new(0, 0, 0, 1, 0, 0, 0, 1, 0, 0, 0, 1),
            ["RightHand"] = CFrame.new(0, 0, 0, 1, 0, 0, 0, 1, 0, 0, 0, 1),
            ["LowerTorso"] = CFrame.new(0, 0, 0, 1, 0, 0, 0, 1, 0, 0, 0, 1),
        }},
        {Time = 1.000, Data = {
            ["LeftUpperArm"] = CFrame.new(0.00000286102294921875, -9.5367431640625e-07, 1.1920928955078125e-07, 0.8761405348777771, -0.4400419294834137, 0.19683977961540222, -0.41488730907440186, -0.8962436318397522, -0.15690699219703674, 0.24546131491661072, 0.05580573529005051, -0.9677987694740295),
            ["LeftLowerArm"] = CFrame.new(-9.5367431640625e-07, -0.0000016689300537109375, -4.76837158203125e-07, 0.9506809115409851, -0.3101797103881836, 4.6193599700927734e-07, 0.3101792335510254, 0.9506800174713135, 3.5762786865234375e-07, 4.76837158203125e-07, 3.2782554626464844e-07, 1.0000001192092896),
            ["LowerTorso"] = CFrame.new(0, 0, 0, 1, 0, 0, 0, 1, 0, 0, 0, 1),
            ["Head"] = CFrame.new(0, 0, 7.450580596923828e-08, 1.0000019073486328, -2.980237923111417e-08, 1.1920938902676426e-07, -2.9802375678400495e-08, 0.9790118336677551, 0.20381282269954681, 1.1920938902676426e-07, -0.20381282269954681, 0.9790099263191223),
            ["RightLowerArm"] = CFrame.new(-0.0000019073486328125, -9.5367431640625e-07, -5.960464477539063e-08, 0.8949368596076965, 0.44619670510292053, -1.7136335372924805e-07, -0.44619664549827576, 0.8949373364448547, 1.4901161193847656e-07, -2.086162567138672e-07, 1.4901161193847656e-08, 1.0000001192092896),
            ["UpperTorso"] = CFrame.new(0, 0, 0, 1, 0, 0, 0, 1, 0, 0, 0, 1),
            ["HumanoidRootPart"] = CFrame.new(0, 0, 0, 1, 0, 0, 0, 1, 0, 0, 0, 1),
            ["RightUpperArm"] = CFrame.new(9.5367431640625e-07, 4.76837158203125e-07, -1.341104507446289e-07, 0.9514889717102051, 0.307689368724823, -1.1071244188087803e-07, 0.30567485094070435, -0.9452593326568604, -0.11424420028924942, -0.03515154495835304, 0.10870171338319778, -0.9934527277946472),
        }},
        {Time = 2.000, Data = {
            ["LeftLowerArm"] = CFrame.new(0.0015459060668945312, -0.0018796920776367188, -0.011092662811279297, 0.9495532512664795, -0.31351757049560547, -0.007729917764663696, 0.3133752644062042, 0.9495049715042114, -0.015459001064300537, 0.012186110019683838, 0.012256085872650146, 0.9998513460159302),
            ["RightUpperArm"] = CFrame.new(0.0000019073486328125, 0.3333592414855957, 0.21652734279632568, 0.9514893889427185, 0.3076877295970917, -1.6717832806989463e-07, -0.15639470517635345, 0.48363274335861206, -0.861186683177948, -0.2649759352207184, 0.8194084763526917, 0.5082904100418091),
            ["Head"] = CFrame.new(0.0000019073486328125, -0.9894323348999023, -0.9779759645462036, -0.9996602535247803, -0.002622410887852311, -0.02600683458149433, 0.007825730368494987, 0.9192896485328674, -0.39350706338882446, 0.02493945136666298, -0.39357665181159973, -0.9189540147781372),
            ["UpperTorso"] = CFrame.new(0, 0, 0, 1, 0, 0, 0, 1, 0, 0, 0, 1),
            ["HumanoidRootPart"] = CFrame.new(0, 0, 0, 1, 0, 0, 0, 1, 0, 0, 0, 1),
            ["LeftUpperArm"] = CFrame.new(0.00000286102294921875, 0.3333601951599121, 0.21652835607528687, 0.8761410713195801, -0.4400407075881958, 0.19683875143527985, 0.3929407000541687, 0.41538068652153015, -0.820401668548584, 0.27924686670303345, 0.7961317300796509, 0.5368399620056152),
            ["RightLowerArm"] = CFrame.new(0.0001163482666015625, -0.0003654956817626953, -0.010785818099975586, 0.8949052095413208, 0.44622769951820374, 0.005424082279205322, -0.44608938694000244, 0.8948328495025635, -0.016773611307144165, -0.012338072061538696, 0.012590676546096802, 0.9998454451560974),
            ["LeftHand"] = CFrame.new(0.003734588623046875, -0.0022859573364257812, -0.021205902099609375, 0.9999154806137085, -0.003694295883178711, -0.012622833251953125, 0.0035319626331329346, 0.9999134540557861, -0.012785494327545166, 0.012668848037719727, 0.012739092111587524, 0.9998393058776855),
            ["RightHand"] = CFrame.new(0.00020885467529296875, -0.00021600723266601562, -0.021152734756469727, 0.9999192953109741, 0.00008854269981384277, 0.012826025485992432, 0.00007998943328857422, 0.9999160766601562, -0.013088583946228027, -0.012825578451156616, 0.013088017702102661, 0.9998329877853394),
            ["LowerTorso"] = CFrame.new(0, 0, 0, 1, 0, 0, 0, 1, 0, 0, 0, 1),
        }},
        {Time = 3.000, Data = {
            ["LeftLowerArm"] = CFrame.new(-0.0010204315185546875, -0.0062999725341796875, -0.008531570434570312, 0.9501344561576843, -0.3118162155151367, -0.004146367311477661, 0.3117804229259491, 0.9501250982284546, -0.0075019001960754395, 0.00627821683883667, 0.005834043025970459, 0.9999638795852661),
            ["RightUpperArm"] = CFrame.new(-0.11896419525146484, -0.30669069290161133, 0.2181563675403595, 0.952049970626831, 0.30589815974235535, 0.005414700135588646, -0.20539528131484985, 0.6521704792976379, -0.7297180891036987, -0.22675013542175293, 0.6936144828796387, 0.683727502822876),
            ["Head"] = CFrame.new(-0.009531021118164062, -2.34236741065979, -0.9320874810218811, -0.9996594786643982, 0.01103893294930458, -0.023685770109295845, 0.008000440895557404, 0.9921578168869019, 0.1247447282075882, 0.024876898154616356, 0.12451247870922089, -0.9919061064720154),
            ["UpperTorso"] = CFrame.new(0, 0, 0, 1, 0, 0, 0, 1, 0, 0, 0, 1),
            ["HumanoidRootPart"] = CFrame.new(0, 0, 0, 1, 0, 0, 0, 1, 0, 0, 0, 1),
            ["LeftUpperArm"] = CFrame.new(0.2741403579711914, -0.30231571197509766, 0.3363863229751587, 0.9003126621246338, -0.382631778717041, 0.2074413001537323, 0.41097909212112427, 0.5904321670532227, -0.6946136951446533, 0.1433010995388031, 0.7106220722198486, 0.6888258457183838),
            ["RightLowerArm"] = CFrame.new(0.0018377304077148438, -0.006147146224975586, -0.0078046321868896484, 0.8949552774429321, 0.44614869356155396, 0.002903774380683899, -0.4461134076118469, 0.8949390649795532, -0.008241891860961914, -0.006274998188018799, 0.0060800909996032715, 0.9999623894691467),
            ["LeftHand"] = CFrame.new(0.00789022445678711, 0.005454540252685547, -0.010306835174560547, 0.9998708963394165, -0.004585787653923035, -0.015454426407814026, 0.00433938205242157, 0.9998644590377808, -0.01591736078262329, 0.015524789690971375, 0.01584726572036743, 0.9997545480728149),
            ["RightHand"] = CFrame.new(-0.005916595458984375, 0.0064411163330078125, -0.010408639907836914, 0.9998767375946045, 0.00016424059867858887, 0.015748202800750732, 0.0000921487808227539, 0.9998689889907837, -0.01623573899269104, -0.01574796438217163, 0.016234487295150757, 0.9997448921203613),
            ["LowerTorso"] = CFrame.new(0, 0, 0, 1, 0, 0, 0, 1, 0, 0, 0, 1),
        }},
        {Time = 3.500, Data = {
            ["LeftLowerArm"] = CFrame.new(-0.0010204315185546875, -0.0062999725341796875, -0.008531570434570312, 0.9501352310180664, -0.31181368231773376, -0.00414634495973587, 0.31177783012390137, 0.9501259326934814, -0.007502555847167969, 0.0062784552574157715, 0.005834847688674927, 0.9999638795852661),
            ["RightUpperArm"] = CFrame.new(-0.13080978393554688, -0.24431896209716797, -0.2777966856956482, 0.9520500302314758, 0.30589792132377625, 0.005414722487330437, -0.20539532601833344, 0.6521711945533752, -0.7297173738479614, -0.22674976289272308, 0.6936138868331909, 0.6837282776832581),
            ["Head"] = CFrame.new(-0.021376609802246094, -2.2799973487854004, -1.4280405044555664, -0.9996592998504639, 0.011045590043067932, -0.023690609261393547, 0.008006462827324867, 0.9921578168869019, 0.12474396824836731, 0.024882523342967033, 0.12451152503490448, -0.9919061064720154),
            ["UpperTorso"] = CFrame.new(0, 0, 0, 1, 0, 0, 0, 1, 0, 0, 0, 1),
            ["HumanoidRootPart"] = CFrame.new(0, 0, 0, 1, 0, 0, 0, 1, 0, 0, 0, 1),
            ["LeftUpperArm"] = CFrame.new(0.2622947692871094, -0.2399439811706543, -0.159566730260849, 0.9003127813339233, -0.3826316297054291, 0.207441046833992, 0.41097894310951233, 0.59043288230896, -0.6946131587028503, 0.14330075681209564, 0.7106215357780457, 0.6888264417648315),
            ["RightLowerArm"] = CFrame.new(0.0018367767333984375, -0.006147027015686035, -0.007806062698364258, 0.8949560523033142, 0.446147084236145, 0.0029039233922958374, -0.446111798286438, 0.8949398994445801, -0.008242875337600708, -0.006275594234466553, 0.006080895662307739, 0.9999624490737915),
            ["LeftHand"] = CFrame.new(0.010947227478027344, 0.011062145233154297, -0.0026106834411621094, 0.9998714923858643, -0.0045802295207977295, -0.015425294637680054, 0.004334732890129089, 0.999864935874939, -0.015887200832366943, 0.01549549400806427, 0.015817344188690186, 0.9997553825378418),
            ["RightHand"] = CFrame.new(-0.010284900665283203, 0.011195182800292969, -0.0027709007263183594, 0.9998773336410522, 0.00016570091247558594, 0.015711456537246704, 0.00008931756019592285, 0.9998695850372314, -0.016197770833969116, -0.01571139693260193, 0.01619657874107361, 0.9997459650039673),
            ["LowerTorso"] = CFrame.new(0, 0, 0, 1, 0, 0, 0, 1, 0, 0, 0, 1),
        }},
        {Time = 3.967, Data = {
            ["LeftLowerArm"] = CFrame.new(0.001819610595703125, 0.009465694427490234, 0.011100292205810547, 0.9501370191574097, -0.31180816888809204, -0.004146255552768707, 0.31177234649658203, 0.9501277208328247, -0.0075040459632873535, 0.0062788426876068115, 0.0058362483978271484, 0.9999637007713318),
            ["RightUpperArm"] = CFrame.new(-0.11771965026855469, -0.3132302761077881, 0.2701481282711029, 0.9520502090454102, 0.30589741468429565, 0.005414789542555809, -0.2053954154253006, 0.6521727442741394, -0.7297159433364868, -0.2267490029335022, 0.6936126947402954, 0.6837297677993774),
            ["Head"] = CFrame.new(-0.008288383483886719, -2.3489110469818115, -0.8800956606864929, -0.9996591210365295, 0.011057654395699501, -0.023691771551966667, 0.008018329739570618, 0.9921576380729675, 0.12474248558282852, 0.02488516829907894, 0.12450972944498062, -0.9919062852859497),
            ["UpperTorso"] = CFrame.new(0, 0, 0, 1, 0, 0, 0, 1, 0, 0, 0, 1),
            ["HumanoidRootPart"] = CFrame.new(0, 0, 0, 1, 0, 0, 0, 1, 0, 0, 0, 1),
            ["LeftUpperArm"] = CFrame.new(0.27538490295410156, -0.3088548183441162, 0.38837796449661255, 0.9003129601478577, -0.3826313018798828, 0.207440584897995, 0.41097861528396606, 0.5904343128204346, -0.6946120262145996, 0.1433001160621643, 0.7106205224990845, 0.688827633857727),
            ["RightLowerArm"] = CFrame.new(-0.0026445388793945312, 0.00940847396850586, 0.011687040328979492, 0.8949578404426575, 0.4461434781551361, 0.0029042810201644897, -0.4461081922054291, 0.8949416875839233, -0.008244961500167847, -0.006276875734329224, 0.006082683801651001, 0.9999623894691467),
            ["LeftHand"] = CFrame.new(0.015183448791503906, 0.018829345703125, 0.008054256439208984, 0.9998723864555359, -0.004567354917526245, -0.01536320149898529, 0.004323884844779968, 0.9998660087585449, -0.015822917222976685, 0.015432953834533691, 0.015753567218780518, 0.9997572898864746),
            ["RightHand"] = CFrame.new(-0.016339778900146484, 0.017780780792236328, 0.007811307907104492, 0.9998782873153687, 0.00016900897026062012, 0.01564157009124756, 0.00008386373519897461, 0.9998708367347717, -0.016125500202178955, -0.015641510486602783, 0.01612427830696106, 0.999748170375824),
            ["LowerTorso"] = CFrame.new(0, 0, 0, 1, 0, 0, 0, 1, 0, 0, 0, 1),
        }},
        {Time = 4.400, Data = {
            ["LeftLowerArm"] = CFrame.new(-0.0010204315185546875, -0.0062999725341796875, -0.008531570434570312, 0.9501344561576843, -0.3118162155151367, -0.004146367311477661, 0.3117804229259491, 0.9501250982284546, -0.0075019001960754395, 0.00627821683883667, 0.005834043025970459, 0.9999638795852661),
            ["RightUpperArm"] = CFrame.new(-0.11896419525146484, -0.30669069290161133, 0.2181563675403595, 0.952049970626831, 0.30589815974235535, 0.005414700135588646, -0.20539528131484985, 0.6521704792976379, -0.7297180891036987, -0.22675013542175293, 0.6936144828796387, 0.683727502822876),
            ["Head"] = CFrame.new(-0.009531021118164062, -2.34236741065979, -0.9320874810218811, -0.9996594786643982, 0.01103893294930458, -0.023685770109295845, 0.008000440895557404, 0.9921578168869019, 0.1247447282075882, 0.024876898154616356, 0.12451247870922089, -0.9919061064720154),
            ["UpperTorso"] = CFrame.new(0, 0, 0, 1, 0, 0, 0, 1, 0, 0, 0, 1),
            ["HumanoidRootPart"] = CFrame.new(0, 0, 0, 1, 0, 0, 0, 1, 0, 0, 0, 1),
            ["LeftUpperArm"] = CFrame.new(0.2741403579711914, -0.30231571197509766, 0.3363863229751587, 0.9003126621246338, -0.382631778717041, 0.2074413001537323, 0.41097909212112427, 0.5904321670532227, -0.6946136951446533, 0.1433010995388031, 0.7106220722198486, 0.6888258457183838),
            ["RightLowerArm"] = CFrame.new(0.0018377304077148438, -0.006147146224975586, -0.0078046321868896484, 0.8949552774429321, 0.44614869356155396, 0.002903774380683899, -0.4461134076118469, 0.8949390649795532, -0.008241891860961914, -0.006274998188018799, 0.0060800909996032715, 0.9999623894691467),
            ["LeftHand"] = CFrame.new(0.00789022445678711, 0.005454540252685547, -0.010306835174560547, 0.9998708963394165, -0.004585787653923035, -0.015454426407814026, 0.00433938205242157, 0.9998644590377808, -0.01591736078262329, 0.015524789690971375, 0.01584726572036743, 0.9997545480728149),
            ["RightHand"] = CFrame.new(-0.005916595458984375, 0.0064411163330078125, -0.010408639907836914, 0.9998767375946045, 0.00016424059867858887, 0.015748202800750732, 0.0000921487808227539, 0.9998689889907837, -0.01623573899269104, -0.01574796438217163, 0.016234487295150757, 0.9997448921203613),
            ["LowerTorso"] = CFrame.new(0, 0, 0, 1, 0, 0, 0, 1, 0, 0, 0, 1),
        }},
        {Time = 4.900, Data = {
            ["LeftLowerArm"] = CFrame.new(-0.0010204315185546875, -0.0062999725341796875, -0.008531570434570312, 0.9501352310180664, -0.31181368231773376, -0.00414634495973587, 0.31177783012390137, 0.9501259326934814, -0.007502555847167969, 0.0062784552574157715, 0.005834847688674927, 0.9999638795852661),
            ["RightUpperArm"] = CFrame.new(-0.13080978393554688, -0.24431896209716797, -0.2777966856956482, 0.9520500302314758, 0.30589792132377625, 0.005414722487330437, -0.20539532601833344, 0.6521711945533752, -0.7297173738479614, -0.22674976289272308, 0.6936138868331909, 0.6837282776832581),
            ["Head"] = CFrame.new(-0.021376609802246094, -2.2799973487854004, -1.4280405044555664, -0.9996592998504639, 0.011045590043067932, -0.023690609261393547, 0.008006462827324867, 0.9921578168869019, 0.12474396824836731, 0.024882523342967033, 0.12451152503490448, -0.9919061064720154),
            ["UpperTorso"] = CFrame.new(0, 0, 0, 1, 0, 0, 0, 1, 0, 0, 0, 1),
            ["HumanoidRootPart"] = CFrame.new(0, 0, 0, 1, 0, 0, 0, 1, 0, 0, 0, 1),
            ["LeftUpperArm"] = CFrame.new(0.2622947692871094, -0.2399439811706543, -0.159566730260849, 0.9003127813339233, -0.3826316297054291, 0.207441046833992, 0.41097894310951233, 0.59043288230896, -0.6946131587028503, 0.14330075681209564, 0.7106215357780457, 0.6888264417648315),
            ["RightLowerArm"] = CFrame.new(0.0018367767333984375, -0.006147027015686035, -0.007806062698364258, 0.8949560523033142, 0.446147084236145, 0.0029039233922958374, -0.446111798286438, 0.8949398994445801, -0.008242875337600708, -0.006275594234466553, 0.006080895662307739, 0.9999624490737915),
            ["LeftHand"] = CFrame.new(0.010947227478027344, 0.011062145233154297, -0.0026106834411621094, 0.9998714923858643, -0.0045802295207977295, -0.015425294637680054, 0.004334732890129089, 0.999864935874939, -0.015887200832366943, 0.01549549400806427, 0.015817344188690186, 0.9997553825378418),
            ["RightHand"] = CFrame.new(-0.010284900665283203, 0.011195182800292969, -0.0027709007263183594, 0.9998773336410522, 0.00016570091247558594, 0.015711456537246704, 0.00008931756019592285, 0.9998695850372314, -0.016197770833969116, -0.01571139693260193, 0.01619657874107361, 0.9997459650039673),
            ["LowerTorso"] = CFrame.new(0, 0, 0, 1, 0, 0, 0, 1, 0, 0, 0, 1),
        }},
        {Time = 5.367, Data = {
            ["LeftLowerArm"] = CFrame.new(0.001819610595703125, 0.009465694427490234, 0.011100292205810547, 0.9501370191574097, -0.31180816888809204, -0.004146255552768707, 0.31177234649658203, 0.9501277208328247, -0.0075040459632873535, 0.0062788426876068115, 0.0058362483978271484, 0.9999637007713318),
            ["RightUpperArm"] = CFrame.new(-0.11771965026855469, -0.3132302761077881, 0.2701481282711029, 0.9520502090454102, 0.30589741468429565, 0.005414789542555809, -0.2053954154253006, 0.6521727442741394, -0.7297159433364868, -0.2267490029335022, 0.6936126947402954, 0.6837297677993774),
            ["Head"] = CFrame.new(-0.008288383483886719, -2.3489110469818115, -0.8800956606864929, -0.9996591210365295, 0.011057654395699501, -0.023691771551966667, 0.008018329739570618, 0.9921576380729675, 0.12474248558282852, 0.02488516829907894, 0.12450972944498062, -0.9919062852859497),
            ["UpperTorso"] = CFrame.new(0, 0, 0, 1, 0, 0, 0, 1, 0, 0, 0, 1),
            ["HumanoidRootPart"] = CFrame.new(0, 0, 0, 1, 0, 0, 0, 1, 0, 0, 0, 1),
            ["LeftUpperArm"] = CFrame.new(0.27538490295410156, -0.3088548183441162, 0.38837796449661255, 0.9003129601478577, -0.3826313018798828, 0.207440584897995, 0.41097861528396606, 0.5904343128204346, -0.6946120262145996, 0.1433001160621643, 0.7106205224990845, 0.688827633857727),
            ["RightLowerArm"] = CFrame.new(-0.0026445388793945312, 0.00940847396850586, 0.011687040328979492, 0.8949578404426575, 0.4461434781551361, 0.0029042810201644897, -0.4461081922054291, 0.8949416875839233, -0.008244961500167847, -0.006276875734329224, 0.006082683801651001, 0.9999623894691467),
            ["LeftHand"] = CFrame.new(0.015183448791503906, 0.018829345703125, 0.008054256439208984, 0.9998723864555359, -0.004567354917526245, -0.01536320149898529, 0.004323884844779968, 0.9998660087585449, -0.015822917222976685, 0.015432953834533691, 0.015753567218780518, 0.9997572898864746),
            ["RightHand"] = CFrame.new(-0.016339778900146484, 0.017780780792236328, 0.007811307907104492, 0.9998782873153687, 0.00016900897026062012, 0.01564157009124756, 0.00008386373519897461, 0.9998708367347717, -0.016125500202178955, -0.015641510486602783, 0.01612427830696106, 0.999748170375824),
            ["LowerTorso"] = CFrame.new(0, 0, 0, 1, 0, 0, 0, 1, 0, 0, 0, 1),
        }},
        {Time = 5.800, Data = {
            ["LeftLowerArm"] = CFrame.new(-0.0010204315185546875, -0.0062999725341796875, -0.008531570434570312, 0.9501344561576843, -0.3118162155151367, -0.004146367311477661, 0.3117804229259491, 0.9501250982284546, -0.0075019001960754395, 0.00627821683883667, 0.005834043025970459, 0.9999638795852661),
            ["RightUpperArm"] = CFrame.new(-0.11896419525146484, -0.30669069290161133, 0.2181563675403595, 0.952049970626831, 0.30589815974235535, 0.005414700135588646, -0.20539528131484985, 0.6521704792976379, -0.7297180891036987, -0.22675013542175293, 0.6936144828796387, 0.683727502822876),
            ["Head"] = CFrame.new(-0.009531021118164062, -2.34236741065979, -0.9320874810218811, -0.9996594786643982, 0.01103893294930458, -0.023685770109295845, 0.008000440895557404, 0.9921578168869019, 0.1247447282075882, 0.024876898154616356, 0.12451247870922089, -0.9919061064720154),
            ["UpperTorso"] = CFrame.new(0, 0, 0, 1, 0, 0, 0, 1, 0, 0, 0, 1),
            ["HumanoidRootPart"] = CFrame.new(0, 0, 0, 1, 0, 0, 0, 1, 0, 0, 0, 1),
            ["LeftUpperArm"] = CFrame.new(0.2741403579711914, -0.30231571197509766, 0.3363863229751587, 0.9003126621246338, -0.382631778717041, 0.2074413001537323, 0.41097909212112427, 0.5904321670532227, -0.6946136951446533, 0.1433010995388031, 0.7106220722198486, 0.6888258457183838),
            ["RightLowerArm"] = CFrame.new(0.0018377304077148438, -0.006147146224975586, -0.0078046321868896484, 0.8949552774429321, 0.44614869356155396, 0.002903774380683899, -0.4461134076118469, 0.8949390649795532, -0.008241891860961914, -0.006274998188018799, 0.0060800909996032715, 0.9999623894691467),
            ["LeftHand"] = CFrame.new(0.00789022445678711, 0.005454540252685547, -0.010306835174560547, 0.9998708963394165, -0.004585787653923035, -0.015454426407814026, 0.00433938205242157, 0.9998644590377808, -0.01591736078262329, 0.015524789690971375, 0.01584726572036743, 0.9997545480728149),
            ["RightHand"] = CFrame.new(-0.005916595458984375, 0.0064411163330078125, -0.010408639907836914, 0.9998767375946045, 0.00016424059867858887, 0.015748202800750732, 0.0000921487808227539, 0.9998689889907837, -0.01623573899269104, -0.01574796438217163, 0.016234487295150757, 0.9997448921203613),
            ["LowerTorso"] = CFrame.new(0, 0, 0, 1, 0, 0, 0, 1, 0, 0, 0, 1),
        }},
        {Time = 6.300, Data = {
            ["LeftLowerArm"] = CFrame.new(-0.0010204315185546875, -0.0062999725341796875, -0.008531570434570312, 0.9501352310180664, -0.31181368231773376, -0.00414634495973587, 0.31177783012390137, 0.9501259326934814, -0.007502555847167969, 0.0062784552574157715, 0.005834847688674927, 0.9999638795852661),
            ["RightUpperArm"] = CFrame.new(-0.13080978393554688, -0.24431896209716797, -0.2777966856956482, 0.9520500302314758, 0.30589792132377625, 0.005414722487330437, -0.20539532601833344, 0.6521711945533752, -0.7297173738479614, -0.22674976289272308, 0.6936138868331909, 0.6837282776832581),
            ["Head"] = CFrame.new(-0.021376609802246094, -2.2799973487854004, -1.4280405044555664, -0.9996592998504639, 0.011045590043067932, -0.023690609261393547, 0.008006462827324867, 0.9921578168869019, 0.12474396824836731, 0.024882523342967033, 0.12451152503490448, -0.9919061064720154),
            ["UpperTorso"] = CFrame.new(0, 0, 0, 1, 0, 0, 0, 1, 0, 0, 0, 1),
            ["HumanoidRootPart"] = CFrame.new(0, 0, 0, 1, 0, 0, 0, 1, 0, 0, 0, 1),
            ["LeftUpperArm"] = CFrame.new(0.2622947692871094, -0.2399439811706543, -0.159566730260849, 0.9003127813339233, -0.3826316297054291, 0.207441046833992, 0.41097894310951233, 0.59043288230896, -0.6946131587028503, 0.14330075681209564, 0.7106215357780457, 0.6888264417648315),
            ["RightLowerArm"] = CFrame.new(0.0018367767333984375, -0.006147027015686035, -0.007806062698364258, 0.8949560523033142, 0.446147084236145, 0.0029039233922958374, -0.446111798286438, 0.8949398994445801, -0.008242875337600708, -0.006275594234466553, 0.006080895662307739, 0.9999624490737915),
            ["LeftHand"] = CFrame.new(0.010947227478027344, 0.011062145233154297, -0.0026106834411621094, 0.9998714923858643, -0.0045802295207977295, -0.015425294637680054, 0.004334732890129089, 0.999864935874939, -0.015887200832366943, 0.01549549400806427, 0.015817344188690186, 0.9997553825378418),
            ["RightHand"] = CFrame.new(-0.010284900665283203, 0.011195182800292969, -0.0027709007263183594, 0.9998773336410522, 0.00016570091247558594, 0.015711456537246704, 0.00008931756019592285, 0.9998695850372314, -0.016197770833969116, -0.01571139693260193, 0.01619657874107361, 0.9997459650039673),
            ["LowerTorso"] = CFrame.new(0, 0, 0, 1, 0, 0, 0, 1, 0, 0, 0, 1),
        }},
        {Time = 6.767, Data = {
            ["LeftLowerArm"] = CFrame.new(0.001819610595703125, 0.009465694427490234, 0.011100292205810547, 0.9501370191574097, -0.31180816888809204, -0.004146255552768707, 0.31177234649658203, 0.9501277208328247, -0.0075040459632873535, 0.0062788426876068115, 0.0058362483978271484, 0.9999637007713318),
            ["RightUpperArm"] = CFrame.new(-0.11771965026855469, -0.3132302761077881, 0.2701481282711029, 0.9520502090454102, 0.30589741468429565, 0.005414789542555809, -0.2053954154253006, 0.6521727442741394, -0.7297159433364868, -0.2267490029335022, 0.6936126947402954, 0.6837297677993774),
            ["Head"] = CFrame.new(-0.008288383483886719, -2.3489110469818115, -0.8800956606864929, -0.9996591210365295, 0.011057654395699501, -0.023691771551966667, 0.008018329739570618, 0.9921576380729675, 0.12474248558282852, 0.02488516829907894, 0.12450972944498062, -0.9919062852859497),
            ["UpperTorso"] = CFrame.new(0, 0, 0, 1, 0, 0, 0, 1, 0, 0, 0, 1),
            ["HumanoidRootPart"] = CFrame.new(0, 0, 0, 1, 0, 0, 0, 1, 0, 0, 0, 1),
            ["LeftUpperArm"] = CFrame.new(0.27538490295410156, -0.3088548183441162, 0.38837796449661255, 0.9003129601478577, -0.3826313018798828, 0.207440584897995, 0.41097861528396606, 0.5904343128204346, -0.6946120262145996, 0.1433001160621643, 0.7106205224990845, 0.688827633857727),
            ["RightLowerArm"] = CFrame.new(-0.0026445388793945312, 0.00940847396850586, 0.011687040328979492, 0.8949578404426575, 0.4461434781551361, 0.0029042810201644897, -0.4461081922054291, 0.8949416875839233, -0.008244961500167847, -0.006276875734329224, 0.006082683801651001, 0.9999623894691467),
            ["LeftHand"] = CFrame.new(0.015183448791503906, 0.018829345703125, 0.008054256439208984, 0.9998723864555359, -0.004567354917526245, -0.01536320149898529, 0.004323884844779968, 0.9998660087585449, -0.015822917222976685, 0.015432953834533691, 0.015753567218780518, 0.9997572898864746),
            ["RightHand"] = CFrame.new(-0.016339778900146484, 0.017780780792236328, 0.007811307907104492, 0.9998782873153687, 0.00016900897026062012, 0.01564157009124756, 0.00008386373519897461, 0.9998708367347717, -0.016125500202178955, -0.015641510486602783, 0.01612427830696106, 0.999748170375824),
            ["LowerTorso"] = CFrame.new(0, 0, 0, 1, 0, 0, 0, 1, 0, 0, 0, 1),
        }},
        {Time = 7.233, Data = {
            ["LeftLowerArm"] = CFrame.new(-0.0010204315185546875, -0.0062999725341796875, -0.008531570434570312, 0.9501344561576843, -0.3118162155151367, -0.004146367311477661, 0.3117804229259491, 0.9501250982284546, -0.0075019001960754395, 0.00627821683883667, 0.005834043025970459, 0.9999638795852661),
            ["RightUpperArm"] = CFrame.new(-0.11896419525146484, -0.30669069290161133, 0.2181563675403595, 0.952049970626831, 0.30589815974235535, 0.005414700135588646, -0.20539528131484985, 0.6521704792976379, -0.7297180891036987, -0.22675013542175293, 0.6936144828796387, 0.683727502822876),
            ["Head"] = CFrame.new(-0.009531021118164062, -2.34236741065979, -0.9320874810218811, -0.9996594786643982, 0.01103893294930458, -0.023685770109295845, 0.008000440895557404, 0.9921578168869019, 0.1247447282075882, 0.024876898154616356, 0.12451247870922089, -0.9919061064720154),
            ["UpperTorso"] = CFrame.new(0, 0, 0, 1, 0, 0, 0, 1, 0, 0, 0, 1),
            ["HumanoidRootPart"] = CFrame.new(0, 0, 0, 1, 0, 0, 0, 1, 0, 0, 0, 1),
            ["LeftUpperArm"] = CFrame.new(0.2741403579711914, -0.30231571197509766, 0.3363863229751587, 0.9003126621246338, -0.382631778717041, 0.2074413001537323, 0.41097909212112427, 0.5904321670532227, -0.6946136951446533, 0.1433010995388031, 0.7106220722198486, 0.6888258457183838),
            ["RightLowerArm"] = CFrame.new(0.0018377304077148438, -0.006147146224975586, -0.0078046321868896484, 0.8949552774429321, 0.44614869356155396, 0.002903774380683899, -0.4461134076118469, 0.8949390649795532, -0.008241891860961914, -0.006274998188018799, 0.0060800909996032715, 0.9999623894691467),
            ["LeftHand"] = CFrame.new(0.00789022445678711, 0.005454540252685547, -0.010306835174560547, 0.9998708963394165, -0.004585787653923035, -0.015454426407814026, 0.00433938205242157, 0.9998644590377808, -0.01591736078262329, 0.015524789690971375, 0.01584726572036743, 0.9997545480728149),
            ["RightHand"] = CFrame.new(-0.005916595458984375, 0.0064411163330078125, -0.010408639907836914, 0.9998767375946045, 0.00016424059867858887, 0.015748202800750732, 0.0000921487808227539, 0.9998689889907837, -0.01623573899269104, -0.01574796438217163, 0.016234487295150757, 0.9997448921203613),
            ["LowerTorso"] = CFrame.new(0, 0, 0, 1, 0, 0, 0, 1, 0, 0, 0, 1),
        }},
        {Time = 7.733, Data = {
            ["LeftLowerArm"] = CFrame.new(-0.0010204315185546875, -0.0062999725341796875, -0.008531570434570312, 0.9501352310180664, -0.31181368231773376, -0.00414634495973587, 0.31177783012390137, 0.9501259326934814, -0.007502555847167969, 0.0062784552574157715, 0.005834847688674927, 0.9999638795852661),
            ["RightUpperArm"] = CFrame.new(-0.13080978393554688, -0.24431896209716797, -0.2777966856956482, 0.9520500302314758, 0.30589792132377625, 0.005414722487330437, -0.20539532601833344, 0.6521711945533752, -0.7297173738479614, -0.22674976289272308, 0.6936138868331909, 0.6837282776832581),
            ["Head"] = CFrame.new(-0.021376609802246094, -2.2799973487854004, -1.4280405044555664, -0.9996592998504639, 0.011045590043067932, -0.023690609261393547, 0.008006462827324867, 0.9921578168869019, 0.12474396824836731, 0.024882523342967033, 0.12451152503490448, -0.9919061064720154),
            ["UpperTorso"] = CFrame.new(0, 0, 0, 1, 0, 0, 0, 1, 0, 0, 0, 1),
            ["HumanoidRootPart"] = CFrame.new(0, 0, 0, 1, 0, 0, 0, 1, 0, 0, 0, 1),
            ["LeftUpperArm"] = CFrame.new(0.2622947692871094, -0.2399439811706543, -0.159566730260849, 0.9003127813339233, -0.3826316297054291, 0.207441046833992, 0.41097894310951233, 0.59043288230896, -0.6946131587028503, 0.14330075681209564, 0.7106215357780457, 0.6888264417648315),
            ["RightLowerArm"] = CFrame.new(0.0018367767333984375, -0.006147027015686035, -0.007806062698364258, 0.8949560523033142, 0.446147084236145, 0.0029039233922958374, -0.446111798286438, 0.8949398994445801, -0.008242875337600708, -0.006275594234466553, 0.006080895662307739, 0.9999624490737915),
            ["LeftHand"] = CFrame.new(0.010947227478027344, 0.011062145233154297, -0.0026106834411621094, 0.9998714923858643, -0.0045802295207977295, -0.015425294637680054, 0.004334732890129089, 0.999864935874939, -0.015887200832366943, 0.01549549400806427, 0.015817344188690186, 0.9997553825378418),
            ["RightHand"] = CFrame.new(-0.010284900665283203, 0.011195182800292969, -0.0027709007263183594, 0.9998773336410522, 0.00016570091247558594, 0.015711456537246704, 0.00008931756019592285, 0.9998695850372314, -0.016197770833969116, -0.01571139693260193, 0.01619657874107361, 0.9997459650039673),
            ["LowerTorso"] = CFrame.new(0, 0, 0, 1, 0, 0, 0, 1, 0, 0, 0, 1),
        }},
        {Time = 8.200, Data = {
            ["LeftLowerArm"] = CFrame.new(0.001819610595703125, 0.009465694427490234, 0.011100292205810547, 0.9501370191574097, -0.31180816888809204, -0.004146255552768707, 0.31177234649658203, 0.9501277208328247, -0.0075040459632873535, 0.0062788426876068115, 0.0058362483978271484, 0.9999637007713318),
            ["RightUpperArm"] = CFrame.new(-0.11771965026855469, -0.3132302761077881, 0.2701481282711029, 0.9520502090454102, 0.30589741468429565, 0.005414789542555809, -0.2053954154253006, 0.6521727442741394, -0.7297159433364868, -0.2267490029335022, 0.6936126947402954, 0.6837297677993774),
            ["Head"] = CFrame.new(-0.008288383483886719, -2.3489110469818115, -0.8800956606864929, -0.9996591210365295, 0.011057654395699501, -0.023691771551966667, 0.008018329739570618, 0.9921576380729675, 0.12474248558282852, 0.02488516829907894, 0.12450972944498062, -0.9919062852859497),
            ["UpperTorso"] = CFrame.new(0, 0, 0, 1, 0, 0, 0, 1, 0, 0, 0, 1),
            ["HumanoidRootPart"] = CFrame.new(0, 0, 0, 1, 0, 0, 0, 1, 0, 0, 0, 1),
            ["LeftUpperArm"] = CFrame.new(0.27538490295410156, -0.3088548183441162, 0.38837796449661255, 0.9003129601478577, -0.3826313018798828, 0.207440584897995, 0.41097861528396606, 0.5904343128204346, -0.6946120262145996, 0.1433001160621643, 0.7106205224990845, 0.688827633857727),
            ["RightLowerArm"] = CFrame.new(-0.0026445388793945312, 0.00940847396850586, 0.011687040328979492, 0.8949578404426575, 0.4461434781551361, 0.0029042810201644897, -0.4461081922054291, 0.8949416875839233, -0.008244961500167847, -0.006276875734329224, 0.006082683801651001, 0.9999623894691467),
            ["LeftHand"] = CFrame.new(0.015183448791503906, 0.018829345703125, 0.008054256439208984, 0.9998723864555359, -0.004567354917526245, -0.01536320149898529, 0.004323884844779968, 0.9998660087585449, -0.015822917222976685, 0.015432953834533691, 0.015753567218780518, 0.9997572898864746),
            ["RightHand"] = CFrame.new(-0.016339778900146484, 0.017780780792236328, 0.007811307907104492, 0.9998782873153687, 0.00016900897026062012, 0.01564157009124756, 0.00008386373519897461, 0.9998708367347717, -0.016125500202178955, -0.015641510486602783, 0.01612427830696106, 0.999748170375824),
            ["LowerTorso"] = CFrame.new(0, 0, 0, 1, 0, 0, 0, 1, 0, 0, 0, 1),
        }},
        {Time = 8.600, Data = {
            ["LeftLowerArm"] = CFrame.new(-0.0010204315185546875, -0.0062999725341796875, -0.008531570434570312, 0.9501344561576843, -0.3118162155151367, -0.004146367311477661, 0.3117804229259491, 0.9501250982284546, -0.0075019001960754395, 0.00627821683883667, 0.005834043025970459, 0.9999638795852661),
            ["RightUpperArm"] = CFrame.new(-0.11896419525146484, -0.30669069290161133, 0.2181563675403595, 0.952049970626831, 0.30589815974235535, 0.005414700135588646, -0.20539528131484985, 0.6521704792976379, -0.7297180891036987, -0.22675013542175293, 0.6936144828796387, 0.683727502822876),
            ["Head"] = CFrame.new(-0.009531021118164062, -2.34236741065979, -0.9320874810218811, -0.9996594786643982, 0.01103893294930458, -0.023685770109295845, 0.008000440895557404, 0.9921578168869019, 0.1247447282075882, 0.024876898154616356, 0.12451247870922089, -0.9919061064720154),
            ["UpperTorso"] = CFrame.new(0, 0, 0, 1, 0, 0, 0, 1, 0, 0, 0, 1),
            ["HumanoidRootPart"] = CFrame.new(0, 0, 0, 1, 0, 0, 0, 1, 0, 0, 0, 1),
            ["LeftUpperArm"] = CFrame.new(0.2741403579711914, -0.30231571197509766, 0.3363863229751587, 0.9003126621246338, -0.382631778717041, 0.2074413001537323, 0.41097909212112427, 0.5904321670532227, -0.6946136951446533, 0.1433010995388031, 0.7106220722198486, 0.6888258457183838),
            ["RightLowerArm"] = CFrame.new(0.0018377304077148438, -0.006147146224975586, -0.0078046321868896484, 0.8949552774429321, 0.44614869356155396, 0.002903774380683899, -0.4461134076118469, 0.8949390649795532, -0.008241891860961914, -0.006274998188018799, 0.0060800909996032715, 0.9999623894691467),
            ["LeftHand"] = CFrame.new(0.00789022445678711, 0.005454540252685547, -0.010306835174560547, 0.9998708963394165, -0.004585787653923035, -0.015454426407814026, 0.00433938205242157, 0.9998644590377808, -0.01591736078262329, 0.015524789690971375, 0.01584726572036743, 0.9997545480728149),
            ["RightHand"] = CFrame.new(-0.005916595458984375, 0.0064411163330078125, -0.010408639907836914, 0.9998767375946045, 0.00016424059867858887, 0.015748202800750732, 0.0000921487808227539, 0.9998689889907837, -0.01623573899269104, -0.01574796438217163, 0.016234487295150757, 0.9997448921203613),
            ["LowerTorso"] = CFrame.new(0, 0, 0, 1, 0, 0, 0, 1, 0, 0, 0, 1),
        }},
        {Time = 9.100, Data = {
            ["LeftLowerArm"] = CFrame.new(-0.0010204315185546875, -0.0062999725341796875, -0.008531570434570312, 0.9501352310180664, -0.31181368231773376, -0.00414634495973587, 0.31177783012390137, 0.9501259326934814, -0.007502555847167969, 0.0062784552574157715, 0.005834847688674927, 0.9999638795852661),
            ["RightUpperArm"] = CFrame.new(-0.13080978393554688, -0.24431896209716797, -0.2777966856956482, 0.9520500302314758, 0.30589792132377625, 0.005414722487330437, -0.20539532601833344, 0.6521711945533752, -0.7297173738479614, -0.22674976289272308, 0.6936138868331909, 0.6837282776832581),
            ["Head"] = CFrame.new(-0.021376609802246094, -2.2799973487854004, -1.4280405044555664, -0.9996592998504639, 0.011045590043067932, -0.023690609261393547, 0.008006462827324867, 0.9921578168869019, 0.12474396824836731, 0.024882523342967033, 0.12451152503490448, -0.9919061064720154),
            ["UpperTorso"] = CFrame.new(0, 0, 0, 1, 0, 0, 0, 1, 0, 0, 0, 1),
            ["HumanoidRootPart"] = CFrame.new(0, 0, 0, 1, 0, 0, 0, 1, 0, 0, 0, 1),
            ["LeftUpperArm"] = CFrame.new(0.2622947692871094, -0.2399439811706543, -0.159566730260849, 0.9003127813339233, -0.3826316297054291, 0.207441046833992, 0.41097894310951233, 0.59043288230896, -0.6946131587028503, 0.14330075681209564, 0.7106215357780457, 0.6888264417648315),
            ["RightLowerArm"] = CFrame.new(0.0018367767333984375, -0.006147027015686035, -0.007806062698364258, 0.8949560523033142, 0.446147084236145, 0.0029039233922958374, -0.446111798286438, 0.8949398994445801, -0.008242875337600708, -0.006275594234466553, 0.006080895662307739, 0.9999624490737915),
            ["LeftHand"] = CFrame.new(0.010947227478027344, 0.011062145233154297, -0.0026106834411621094, 0.9998714923858643, -0.0045802295207977295, -0.015425294637680054, 0.004334732890129089, 0.999864935874939, -0.015887200832366943, 0.01549549400806427, 0.015817344188690186, 0.9997553825378418),
            ["RightHand"] = CFrame.new(-0.010284900665283203, 0.011195182800292969, -0.0027709007263183594, 0.9998773336410522, 0.00016570091247558594, 0.015711456537246704, 0.00008931756019592285, 0.9998695850372314, -0.016197770833969116, -0.01571139693260193, 0.01619657874107361, 0.9997459650039673),
            ["LowerTorso"] = CFrame.new(0, 0, 0, 1, 0, 0, 0, 1, 0, 0, 0, 1),
        }},
        {Time = 9.567, Data = {
            ["LeftLowerArm"] = CFrame.new(0.001819610595703125, 0.009465694427490234, 0.011100292205810547, 0.9501370191574097, -0.31180816888809204, -0.004146255552768707, 0.31177234649658203, 0.9501277208328247, -0.0075040459632873535, 0.0062788426876068115, 0.0058362483978271484, 0.9999637007713318),
            ["RightUpperArm"] = CFrame.new(-0.11771965026855469, -0.3132302761077881, 0.2701481282711029, 0.9520502090454102, 0.30589741468429565, 0.005414789542555809, -0.2053954154253006, 0.6521727442741394, -0.7297159433364868, -0.2267490029335022, 0.6936126947402954, 0.6837297677993774),
            ["Head"] = CFrame.new(-0.008288383483886719, -2.3489110469818115, -0.8800956606864929, -0.9996591210365295, 0.011057654395699501, -0.023691771551966667, 0.008018329739570618, 0.9921576380729675, 0.12474248558282852, 0.02488516829907894, 0.12450972944498062, -0.9919062852859497),
            ["UpperTorso"] = CFrame.new(0, 0, 0, 1, 0, 0, 0, 1, 0, 0, 0, 1),
            ["HumanoidRootPart"] = CFrame.new(0, 0, 0, 1, 0, 0, 0, 1, 0, 0, 0, 1),
            ["LeftUpperArm"] = CFrame.new(0.27538490295410156, -0.3088548183441162, 0.38837796449661255, 0.9003129601478577, -0.3826313018798828, 0.207440584897995, 0.41097861528396606, 0.5904343128204346, -0.6946120262145996, 0.1433001160621643, 0.7106205224990845, 0.688827633857727),
            ["RightLowerArm"] = CFrame.new(-0.0026445388793945312, 0.00940847396850586, 0.011687040328979492, 0.8949578404426575, 0.4461434781551361, 0.0029042810201644897, -0.4461081922054291, 0.8949416875839233, -0.008244961500167847, -0.006276875734329224, 0.006082683801651001, 0.9999623894691467),
