return {
    ["Servomechanical"] = {
        {Time = 0.000, Data = {
            ["RightFoot"] = CFrame.new(-5.960464477539063e-08, 1.7881393432617188e-07, -2.8107024263590574e-08, 0.9288087487220764, 0.2398149073123932, -0.28249526023864746, -0.3392472267150879, 0.8570100665092468, -0.38787201046943665, 0.1490834653377533, 0.45609503984451294, 0.8773550391197205),
            ["LeftLowerArm"] = CFrame.new(-5.364418029785156e-07, 2.980232238769531e-07, 2.086162567138672e-07, 1, -1.2852250108608132e-07, 1.6391282997574308e-07, 1.0058283805847168e-07, -0.3108956813812256, -0.9504441022872925, 1.6391277313232422e-07, 0.9504440426826477, -0.3108956813812256),
            ["RightUpperArm"] = CFrame.new(1.1920928955078125e-07, 2.384185791015625e-07, 2.2351741790771484e-08, 0.5516923666000366, -0.34342530369758606, 0.7600623965263367, 0.22990883886814117, 0.938605785369873, 0.2572183907032013, -0.8017340302467346, 0.03283966705203056, 0.5967780947685242),
            ["Head"] = CFrame.new(-1.0244548320770264e-08, 2.384185791015625e-07, 1.6763806343078613e-08, 0.910840630531311, -0.04680172726511955, 0.41009628772735596, 0.008564243093132973, 0.9954798817634583, 0.09458647668361664, -0.4126693904399872, -0.08264093101024628, 0.9071243405342102),
            ["RightHand"] = CFrame.new(-2.5331974029541016e-07, -5.960464477539063e-08, -4.752073436975479e-07, 0.9488546848297119, 0.29624858498573303, -0.10914023965597153, -0.27862122654914856, 0.9483261108398438, 0.15181490778923035, 0.1484755128622055, -0.11364172399044037, 0.98236483335495),
            ["UpperTorso"] = CFrame.new(1.1175870895385742e-08, 2.086162567138672e-07, -1.1175870895385742e-08, 0.9920941591262817, 0.05784466117620468, -0.11136956512928009, -0.0573582798242569, 0.9983250498771667, 0.007568889297544956, 0.11162081360816956, -0.0011210843222215772, 0.993750274181366),
            ["HumanoidRootPart"] = CFrame.new(0, 0, 0, 1, 0, 0, 0, 1, 0, 0, 0, 1),
            ["RightUpperLeg"] = CFrame.new(1.1920928955078125e-07, 2.039596438407898e-07, 2.029992174357176e-09, 0.9296432733535767, -0.25578898191452026, -0.26520851254463196, 0.21006494760513306, 0.9592738151550293, -0.18885588645935059, 0.30271482467651367, 0.11985746771097183, 0.9455146789550781),
            ["LeftUpperArm"] = CFrame.new(0, 0, 3.725290298461914e-08, 0.8649860620498657, 0.3140440285205841, -0.3913763463497162, -0.16443727910518646, 0.9142813086509705, 0.37020277976989746, 0.47408807277679443, -0.25586336851119995, 0.8424811959266663),
            ["RightLowerArm"] = CFrame.new(1.1920928955078125e-07, 5.364418029785156e-07, 1.1920928955078125e-07, 1, -1.6111870593249478e-07, 1.4761461386569863e-07, 1.2665984172599565e-07, -0.20290938019752502, -0.9791975617408752, 1.8998976258899347e-07, 0.9791975021362305, -0.20290936529636383),
            ["LeftHand"] = CFrame.new(-2.086162567138672e-07, 1.1920928955078125e-07, 2.980232238769531e-07, 0.9255175590515137, -0.35941651463508606, -0.11931970715522766, 0.36213019490242004, 0.9321268796920776, 0.0011403558310121298, 0.11081144958734512, -0.04426461458206177, 0.9928552508354187),
            ["LeftFoot"] = CFrame.new(2.4586915969848633e-07, 5.960464477539063e-08, 5.960464477539063e-08, 0.9538036584854126, -0.2849735915660858, 0.09512431174516678, 0.29985740780830383, 0.9225539565086365, -0.24285762012004852, -0.018549488857388496, 0.2601621150970459, 0.9653867483139038),
            ["LowerTorso"] = CFrame.new(-0.12124490737915039, -0.19471478462219238, 0.0737573429942131, 0.898105263710022, -0.03269993141293526, -0.43856313824653625, 0.04779092222452164, 0.9985829591751099, 0.023412102833390236, 0.4371761083602905, -0.04198586940765381, 0.8983953595161438),
            ["RightLowerLeg"] = CFrame.new(-8.940696716308594e-08, -0.000060617923736572266, -0.00007203051791293547, 1, -8.195635814445268e-08, 1.4901161193847656e-08, 1.4156096028727916e-07, 0.7642515897750854, 0.6449178457260132, -8.940692453052179e-08, -0.6449182629585266, 0.7642518877983093),
            ["LeftUpperLeg"] = CFrame.new(-2.384185791015625e-07, 2.919696271419525e-07, -1.4901161193847656e-08, 0.942397952079773, 0.2784564793109894, -0.1853325217962265, -0.3344854712486267, 0.7806029915809631, -0.527994692325592, -0.002352476119995117, 0.559572160243988, 0.8287783861160278),
            ["LeftLowerLeg"] = CFrame.new(-8.940696716308594e-08, 0.000060498714447021484, 0.00007197260856628418, 1, 8.568166975919667e-08, 8.940696716308594e-08, -8.195638656616211e-08, 0.6618728041648865, 0.749616265296936, 0, -0.749616265296936, 0.6618727445602417),
        }},
        {Time = 0.033, Data = {
            ["RightFoot"] = CFrame.new(8.195638656616211e-08, 4.172325134277344e-07, -2.8107024263590574e-08, 0.923610508441925, 0.2398262470960617, -0.2990439236164093, -0.345891535282135, 0.857673168182373, -0.3804672956466675, 0.16523583233356476, 0.454840749502182, 0.8751099109649658),
            ["LeftLowerArm"] = CFrame.new(-4.172325134277344e-07, 3.5762786865234375e-07, -1.1920928955078125e-07, 1, -7.264315371457997e-08, 1.6391282997574308e-07, 8.940696716308594e-08, -0.3171041011810303, -0.948390781879425, 2.086162567138672e-07, 0.948390781879425, -0.3171040415763855),
            ["RightUpperArm"] = CFrame.new(1.1920928955078125e-07, 2.384185791015625e-07, 9.685754776000977e-08, 0.5638001561164856, -0.3464096486568451, 0.7497530579566956, 0.2104346603155136, 0.9380796551704407, 0.2751796245574951, -0.7986530065536499, 0.0026277750730514526, 0.6017860770225525),
            ["Head"] = CFrame.new(-2.2351741790771484e-08, 3.5762786865234375e-07, 2.9802322387695312e-08, 0.9177273511886597, -0.0405549556016922, 0.39513516426086426, 0.002751871244981885, 0.9953994750976562, 0.09577217698097229, -0.39720144867897034, -0.08680528402328491, 0.913616955280304),
            ["RightHand"] = CFrame.new(-2.384185791015625e-07, 5.960464477539063e-08, -2.4796463549137115e-07, 0.9489257335662842, 0.2875536382198334, -0.1298191100358963, -0.26594990491867065, 0.9504120349884033, 0.16120639443397522, 0.16973724961280823, -0.11844775825738907, 0.9783453345298767),
            ["UpperTorso"] = CFrame.new(1.1175870895385742e-08, 2.9802322387695312e-08, 7.450580596923828e-09, 0.9926824569702148, 0.05605065077543259, -0.10695775598287582, -0.05586768686771393, 0.9984270930290222, 0.004708543885499239, 0.10705342143774033, 0.0013013938441872597, 0.9942524433135986),
            ["HumanoidRootPart"] = CFrame.new(0, 0, 0, 1, 0, 0, 0, 1, 0, 0, 0, 1),
            ["RightUpperLeg"] = CFrame.new(1.1920928955078125e-07, 3.818422555923462e-08, 2.029992174357176e-09, 0.9374338984489441, -0.2561021149158478, -0.23585891723632812, 0.21115842461585999, 0.9568349719047546, -0.19969746470451355, 0.2768210470676422, 0.13739950954914093, 0.9510475397109985),
            ["LeftUpperArm"] = CFrame.new(1.1920928955078125e-07, 0, -3.725290298461914e-08, 0.8578885197639465, 0.31496208906173706, -0.40598776936531067, -0.15130586922168732, 0.9099253416061401, 0.38618984818458557, 0.4910537302494049, -0.2698795795440674, 0.8282701969146729),
            ["RightLowerArm"] = CFrame.new(0, 5.960464477539062e-07, 1.4901161193847656e-07, 1, -1.6950058068232465e-07, 1.2759116430061113e-07, 1.1175869474300271e-07, -0.19761614501476288, -0.9802794456481934, 2.3841855067985307e-07, 0.9802795052528381, -0.1976161152124405),
            ["LeftHand"] = CFrame.new(2.086162567138672e-07, -5.960464477539063e-08, 3.5762786865234375e-07, 0.928751528263092, -0.3486083745956421, -0.1260666400194168, 0.3523675203323364, 0.9358264207839966, 0.008129823952913284, 0.1151425689458847, -0.05197245627641678, 0.9919884204864502),
            ["LeftFoot"] = CFrame.new(1.564621925354004e-07, 5.960464477539063e-08, 3.725290298461914e-08, 0.9536057114601135, -0.2816498875617981, 0.10634621232748032, 0.2996828854084015, 0.9217811822891235, -0.24598722159862518, -0.02874586544930935, 0.26644501090049744, 0.9634214043617249),
            ["LowerTorso"] = CFrame.new(-0.13203339278697968, -0.1950368881225586, 0.07330263406038284, 0.8938287496566772, -0.029645659029483795, -0.4474274516105652, 0.04659710451960564, 0.9985508322715759, 0.0269253421574831, 0.44598081707954407, -0.04491546377539635, 0.8939148187637329),
            ["RightLowerLeg"] = CFrame.new(2.9802322387695312e-08, -0.00006073713302612305, -0.00007203051791293547, 1, -8.195636524988004e-08, -5.2154071283894154e-08, 1.0058278832048018e-07, 0.7598547339439392, 0.650092601776123, -2.2351731132630448e-08, -0.6500929594039917, 0.7598550319671631),
            ["LeftUpperLeg"] = CFrame.new(-1.7881393432617188e-07, 2.6868656277656555e-07, 1.4901161193847656e-08, 0.9442695379257202, 0.2725558876991272, -0.184576153755188, -0.3291715085506439, 0.7799915671348572, -0.5322211980819702, -0.0010921278735622764, 0.5633174180984497, 0.8262398838996887),
            ["LeftLowerLeg"] = CFrame.new(8.940696716308594e-08, 0.00006031990051269531, 0.00007203221321105957, 1, 4.8428766774577525e-08, 1.043081283569336e-07, -4.284084198502569e-08, 0.6563364863395691, 0.7544683218002319, 2.980232594040899e-08, -0.7544683814048767, 0.6563364267349243),
        }},
        {Time = 0.067, Data = {
            ["RightFoot"] = CFrame.new(1.7136335372924805e-07, 4.172325134277344e-07, -1.0261283023282886e-07, 0.9104925394058228, 0.23378875851631165, -0.341095894575119, -0.358072429895401, 0.8583247065544128, -0.36750853061676025, 0.2068515568971634, 0.4567512273788452, 0.8652116656303406),
            ["LeftLowerArm"] = CFrame.new(-3.2782554626464844e-07, 1.7881393432617188e-07, 2.980232238769531e-07, 1, -6.891784920526334e-08, 1.3783576946480025e-07, 1.2665987014770508e-07, -0.3253428339958191, -0.9455962181091309, 1.6763806343078613e-07, 0.9455961585044861, -0.3253428339958191),
            ["RightUpperArm"] = CFrame.new(0, -1.1920928955078125e-07, 5.21540641784668e-08, 0.6125016212463379, -0.33066031336784363, 0.7179871201515198, 0.15150417387485504, 0.9405726194381714, 0.30392390489578247, -0.7758145928382874, -0.07737580686807632, 0.6261987090110779),
            ["Head"] = CFrame.new(-3.3993273973464966e-08, 1.1920928955078125e-07, 2.3283064365386963e-08, 0.9337579011917114, -0.024459296837449074, 0.35706856846809387, -0.01222384162247181, 0.9949005842208862, 0.10011725127696991, -0.35769665241241455, -0.09784992039203644, 0.9286973476409912),
            ["RightHand"] = CFrame.new(-2.8312206268310547e-07, 0, -4.0978193283081055e-07, 0.9517120122909546, 0.27434396743774414, -0.13776667416095734, -0.242839515209198, 0.94731205701828, 0.2088749259710312, 0.1878116875886917, -0.16533389687538147, 0.9681898951530457),
            ["UpperTorso"] = CFrame.new(-6.51925802230835e-09, -1.7881393432617188e-07, 3.725290298461914e-09, 0.9940847754478455, 0.05152882635593414, -0.09560487419366837, -0.051965340971946716, 0.9986467957496643, -0.0020800060592591763, 0.09536831080913544, 0.007035832852125168, 0.9954172968864441),
            ["HumanoidRootPart"] = CFrame.new(0, 0, 0, 1, 0, 0, 0, 1, 0, 0, 0, 1),
            ["RightUpperLeg"] = CFrame.new(1.1920928955078125e-07, 8.009374141693115e-08, 5.418405635282397e-08, 0.9562541842460632, -0.2434665411710739, -0.1621789038181305, 0.20595775544643402, 0.9540148377418518, -0.21780095994472504, 0.2077481746673584, 0.17487096786499023, 0.9624244570732117),
            ["LeftUpperArm"] = CFrame.new(1.7881393432617188e-07, -2.384185791015625e-07, -7.450580596923828e-08, 0.8473661541938782, 0.32708659768104553, -0.4183121621608734, -0.14161862432956696, 0.8984391689300537, 0.4156336486339569, 0.5117762088775635, -0.29295316338539124, 0.8076284527778625),
            ["RightLowerArm"] = CFrame.new(-2.9802322387695312e-08, 4.76837158203125e-07, -5.960464477539063e-08, 1, -1.5646209305941738e-07, 1.769512749660862e-07, 1.1920926112907182e-07, -0.19815006852149963, -0.9801717400550842, 1.974403431859173e-07, 0.9801717400550842, -0.19815009832382202),
            ["LeftHand"] = CFrame.new(-2.086162567138672e-07, 0, 2.3096799850463867e-07, 0.9311119318008423, -0.34259238839149475, -0.12514497339725494, 0.34869372844696045, 0.9367584586143494, 0.02993902564048767, 0.10697384178638458, -0.07151403278112411, 0.9916866421699524),
            ["LeftFoot"] = CFrame.new(1.564621925354004e-07, 0, -1.1175870895385742e-08, 0.9560487270355225, -0.28462690114974976, 0.07041754573583603, 0.29305174946784973, 0.9197308421134949, -0.2611815631389618, 0.009574116207659245, 0.2703383266925812, 0.9627178311347961),
            ["LowerTorso"] = CFrame.new(-0.1436062604188919, -0.19615960121154785, 0.07158362865447998, 0.8812572956085205, -0.02559930831193924, -0.47194311022758484, 0.04705328866839409, 0.998323380947113, 0.033710990101099014, 0.47028887271881104, -0.051914528012275696, 0.8809843063354492),
            ["RightLowerLeg"] = CFrame.new(-8.940696716308594e-08, -0.000060677528381347656, -0.00007203051791293547, 1, -6.705521116145974e-08, -7.450581307466564e-08, 1.2665982751514093e-07, 0.7499521374702454, 0.6614917516708374, 0, -0.661492109298706, 0.7499523758888245),
            ["LeftUpperLeg"] = CFrame.new(-1.7881393432617188e-07, 1.5925616025924683e-07, 2.2351741790771484e-08, 0.9420860409736633, 0.27858006954193115, -0.18672728538513184, -0.33535435795783997, 0.776932954788208, -0.532834529876709, -0.003362515475600958, 0.5645956993103027, 0.8253607749938965),
            ["LeftLowerLeg"] = CFrame.new(8.940696716308594e-08, 0.00006031990051269531, 0.00007203221321105957, 1, 4.470347292340193e-08, 2.9802322387695312e-08, -5.587936158235607e-08, 0.6541774272918701, 0.7563409805297852, 1.4901162970204496e-08, -0.7563410997390747, 0.6541776061058044),
        }},
        {Time = 0.100, Data = {
            ["RightFoot"] = CFrame.new(3.725290298461914e-08, 3.5762786865234375e-07, -4.300818545743823e-08, 0.89230877161026, 0.22667637467384338, -0.3903885781764984, -0.3716753125190735, 0.8597172498703003, -0.3503473401069641, 0.25620806217193604, 0.4577162265777588, 0.8513833284378052),
            ["LeftLowerArm"] = CFrame.new(-2.384185791015625e-07, 5.960464477539063e-08, 2.384185791015625e-07, 1, -1.6763797816565784e-07, 1.6391278734317893e-07, 1.1920928955078125e-07, -0.3253140449523926, -0.9456061124801636, 1.5273690223693848e-07, 0.9456060528755188, -0.32531407475471497),
            ["RightUpperArm"] = CFrame.new(0, 2.384185791015625e-07, 5.21540641784668e-08, 0.6886816620826721, -0.2928735613822937, 0.6632817387580872, 0.07657980918884277, 0.9390548467636108, 0.3351294994354248, -0.7210084199905396, -0.18000347912311554, 0.6691380739212036),
            ["Head"] = CFrame.new(-2.6775524020195007e-08, 3.5762786865234375e-07, 2.7474015951156616e-08, 0.9520663022994995, -0.005756550934165716, 0.305837482213974, -0.02944783680140972, 0.9934543371200562, 0.1103697121143341, -0.3044711649417877, -0.11408542841672897, 0.9456648826599121),
            ["RightHand"] = CFrame.new(-2.3980101104825735e-07, -1.7881393432617188e-07, -2.2188760340213776e-07, 0.9552842974662781, 0.26352089643478394, -0.1341218650341034, -0.21965907514095306, 0.9360999464988708, 0.27471181750297546, 0.19794395565986633, -0.23296722769737244, 0.9521265029907227),
            ["UpperTorso"] = CFrame.new(3.725290298461914e-09, -1.7881393432617188e-07, 3.725290298461914e-09, 0.9956976175308228, 0.045759979635477066, -0.08057496696710587, -0.04671279340982437, 0.9988585710525513, -0.009979195892810822, 0.08002649992704391, 0.013700146228075027, 0.9966986179351807),
            ["HumanoidRootPart"] = CFrame.new(0, 0, 0, 1, 0, 0, 0, 1, 0, 0, 0, 1),
            ["RightUpperLeg"] = CFrame.new(1.1920928955078125e-07, 7.729977369308472e-08, 4.300818545743823e-08, 0.972987174987793, -0.22183431684970856, -0.06391813606023788, 0.2006329894065857, 0.9495025873184204, -0.24122896790504456, 0.11420340090990067, 0.2218884527683258, 0.9683610796928406),
            ["LeftUpperArm"] = CFrame.new(1.7881393432617188e-07, 2.384185791015625e-07, 7.450580596923828e-09, 0.8420968651771545, 0.3445599377155304, -0.4149114191532135, -0.13456156849861145, 0.8792127966880798, 0.45703181624412537, 0.5222702622413635, -0.32903391122817993, 0.7867467999458313),
            ["RightLowerArm"] = CFrame.new(-5.960464477539063e-08, 2.980232238769531e-07, 1.1920928955078125e-07, 1, -1.406296519235184e-07, 1.564622067462551e-07, 1.0803339023368608e-07, -0.19421498477458954, -0.9809590578079224, 1.7508860139514582e-07, 0.9809590578079224, -0.19421499967575073),
            ["LeftHand"] = CFrame.new(-5.960464477539063e-08, -1.1920928955078125e-07, 3.0919909477233887e-07, 0.9303234815597534, -0.34561654925346375, -0.12266799807548523, 0.3534388244152069, 0.9342053532600403, 0.04838833212852478, 0.097873255610466, -0.0883726179599762, 0.9912674427032471),
            ["LeftFoot"] = CFrame.new(8.195638656616211e-08, 5.960464477539063e-08, 3.91155481338501e-08, 0.9569880962371826, -0.2878671884536743, 0.036143265664577484, 0.2861284017562866, 0.9158337116241455, -0.2817428708076477, 0.04800325259566307, 0.27996626496315, 0.958808958530426),
            ["LowerTorso"] = CFrame.new(-0.15534751117229462, -0.19831442832946777, 0.06804025918245316, 0.8605555891990662, -0.021363258361816406, -0.5089083313941956, 0.04904389753937721, 0.9979531168937683, 0.04103974997997284, 0.5069898962974548, -0.060275834053754807, 0.8598418831825256),
            ["RightLowerLeg"] = CFrame.new(-1.1920928955078125e-07, -0.00006073713302612305, -0.00007207522139651701, 1, -6.705519695060502e-08, -1.4901159417490817e-08, 1.4062963771266368e-07, 0.7369276285171509, 0.6759713292121887, 2.2351731132630448e-08, -0.6759716868400574, 0.7369279861450195),
            ["LeftUpperLeg"] = CFrame.new(-1.7881393432617188e-07, 1.5925616025924683e-07, -4.470348358154297e-08, 0.9381592273712158, 0.2883721590042114, -0.19156968593597412, -0.34617117047309875, 0.7737175822257996, -0.530590832233429, -0.004786731209605932, 0.564094603061676, 0.8256964087486267),
            ["LeftLowerLeg"] = CFrame.new(0, 0.000060439109802246094, 0.00007212162017822266, 1, 6.332992086299782e-08, 4.470347647611561e-08, -2.6077035641947077e-08, 0.6442804932594299, 0.7647891044616699, 1.4901162970204496e-08, -0.7647892236709595, 0.6442806124687195),
        }},
        {Time = 0.133, Data = {
            ["RightFoot"] = CFrame.new(8.195638656616211e-08, 2.980232238769531e-07, -4.300818545743823e-08, 0.8767825961112976, 0.22350075840950012, -0.4257933795452118, -0.3816065192222595, 0.8621639609336853, -0.33324068784713745, 0.2926240563392639, 0.45466554164886475, 0.8412197232246399),
            ["LeftLowerArm"] = CFrame.new(-2.682209014892578e-07, 5.960464477539063e-08, -2.086162567138672e-07, 1, -1.7881387748275301e-07, 1.5040863843296393e-07, 1.1920928955078125e-07, -0.3061758279800415, -0.9519749879837036, 1.7136335372924805e-07, 0.9519749283790588, -0.3061758279800415),
            ["RightUpperArm"] = CFrame.new(0, 3.5762786865234375e-07, 6.705522537231445e-08, 0.763954222202301, -0.23771873116493225, 0.5998865365982056, -0.0016766259213909507, 0.9289323687553406, 0.3702458441257477, -0.645268440246582, -0.2838565707206726, 0.7092631459236145),
            ["Head"] = CFrame.new(-1.7695128917694092e-08, 3.5762786865234375e-07, 1.6763806343078613e-08, 0.9677569270133972, 0.009431067854166031, 0.25170931220054626, -0.04221891611814499, 0.9912352561950684, 0.12518110871315002, -0.2483227550983429, -0.13177166879177094, 0.9596729278564453),
            ["RightHand"] = CFrame.new(-4.0046870708465576e-08, 1.1920928955078125e-07, -4.4528860598802567e-07, 0.964653491973877, 0.2372656911611557, -0.11466805636882782, -0.18918772041797638, 0.9264522194862366, 0.3254137635231018, 0.18344411253929138, -0.2922182083129883, 0.9385932087898254),
            ["UpperTorso"] = CFrame.new(1.30385160446167e-08, 8.940696716308594e-08, -7.450580596923828e-09, 0.9971087574958801, 0.04019785299897194, -0.06448473781347275, -0.04131461679935455, 0.9990168809890747, -0.01607881672680378, 0.06377500295639038, 0.018696486949920654, 0.997789204120636),
            ["HumanoidRootPart"] = CFrame.new(0, 0, 0, 1, 0, 0, 0, 1, 0, 0, 0, 1),
            ["RightUpperLeg"] = CFrame.new(1.1920928955078125e-07, 2.1094456315040588e-07, -1.6596459317952394e-08, 0.9790707230567932, -0.20056411623954773, 0.03456342592835426, 0.2023564726114273, 0.9411924481391907, -0.2705710530281067, 0.021735990419983864, 0.27190229296684265, 0.9620793461799622),
            ["LeftUpperArm"] = CFrame.new(1.1920928955078125e-07, 2.384185791015625e-07, 5.21540641784668e-08, 0.8455685377120972, 0.359866738319397, -0.3943471908569336, -0.12697593867778778, 0.8530299067497253, 0.5061788558959961, 0.5185469388961792, -0.3779364824295044, 0.7669897079467773),
            ["RightLowerArm"] = CFrame.new(5.960464477539063e-08, 6.556510925292969e-07, 5.587935447692871e-08, 1, -1.457518976621941e-07, 1.458683698274399e-07, 1.1920926112907182e-07, -0.172970250248909, -0.9849271178245544, 1.736916175332226e-07, 0.9849271178245544, -0.172970250248909),
            ["LeftHand"] = CFrame.new(-5.960464477539063e-08, 0, 4.2188912630081177e-07, 0.9270673394203186, -0.3521231412887573, -0.12866772711277008, 0.3604675531387329, 0.9315423965454102, 0.04787592589855194, 0.10300120711326599, -0.09076478332281113, 0.9905315041542053),
            ["LeftFoot"] = CFrame.new(1.7136335372924805e-07, 1.1920928955078125e-07, 6.891787052154541e-08, 0.9555600881576538, -0.2946856617927551, 0.008090846240520477, 0.2831553816795349, 0.9098434448242188, -0.3033282160758972, 0.08202487230300903, 0.29213932156562805, 0.9528518915176392),
            ["LowerTorso"] = CFrame.new(-0.16699734330177307, -0.20173048973083496, 0.06212360039353371, 0.8317586183547974, -0.015848174691200256, -0.554911196231842, 0.0505000464618206, 0.997607946395874, 0.04720320180058479, 0.5528357625007629, -0.0672847107052803, 0.830569326877594),
            ["RightLowerLeg"] = CFrame.new(-8.940696716308594e-08, -0.000060617923736572266, -0.00007197091326816007, 1, -6.705521116145974e-08, -8.195640788244418e-08, 1.1734658755813143e-07, 0.7212338447570801, 0.6926915049552917, -4.842875256372281e-08, -0.6926916837692261, 0.721234142780304),
            ["LeftUpperLeg"] = CFrame.new(-2.384185791015625e-07, 3.781169652938843e-07, 3.725290298461914e-08, 0.9337363243103027, 0.29844820499420166, -0.1976492553949356, -0.3579491376876831, 0.7738559246063232, -0.522512674331665, -0.002990931738168001, 0.5586374402046204, 0.8294066786766052),
            ["LeftLowerLeg"] = CFrame.new(0, 0.000060498714447021484, 0.00007209181785583496, 1, 5.960463766996327e-08, 3.725290298461914e-08, -7.823110337312755e-08, 0.6307170987129211, 0.7760128378868103, 4.4703490686970326e-08, -0.7760128378868103, 0.6307170987129211),
        }},
        {Time = 0.167, Data = {
            ["RightFoot"] = CFrame.new(4.470348358154297e-08, 2.980232238769531e-07, -8.77116690389812e-08, 0.8744279742240906, 0.22918745875358582, -0.427608847618103, -0.3829702138900757, 0.8671655654907227, -0.3183666169643402, 0.2978418171405792, 0.4421504735946655, 0.846045732498169),
            ["LeftLowerArm"] = CFrame.new(-1.4901161193847656e-07, -1.7881393432617188e-07, -8.940696716308594e-08, 1, -9.499486708364202e-08, 1.5273694486950262e-07, 1.266598843585598e-07, -0.271573930978775, -0.9624176621437073, 1.6391278734317893e-07, 0.9624176025390625, -0.27157387137413025),
            ["RightUpperArm"] = CFrame.new(1.1920928955078125e-07, 1.1920928955078125e-07, 0, 0.8225703835487366, -0.18747849762439728, 0.5368704199790955, -0.05430172011256218, 0.9138820171356201, 0.4023321568965912, -0.5660648345947266, -0.3600994944572449, 0.7415518164634705),
            ["Head"] = CFrame.new(-2.421438694000244e-08, 2.384185791015625e-07, 9.313225746154785e-09, 0.9776598811149597, 0.016130341216921806, 0.2095736563205719, -0.04712854325771332, 0.988487958908081, 0.14377310872077942, -0.2048419713973999, -0.15043799579143524, 0.9671650528907776),
            ["RightHand"] = CFrame.new(-2.644956111907959e-07, 0, -9.685754776000977e-08, 0.9748849868774414, 0.20259051024913788, -0.09250083565711975, -0.15830864012241364, 0.9225158095359802, 0.3519981801509857, 0.15664514899253845, -0.32851454615592957, 0.931418776512146),
            ["UpperTorso"] = CFrame.new(-9.313225746154785e-10, 1.4901161193847656e-07, 1.6763806343078613e-08, 0.9980701208114624, 0.03590584546327591, -0.05066496133804321, -0.036833230406045914, 0.999168336391449, -0.017490413039922714, 0.04999490827322006, 0.01932280696928501, 0.9985626339912415),
            ["HumanoidRootPart"] = CFrame.new(0, 0, 0, 1, 0, 0, 0, 1, 0, 0, 0, 1),
            ["RightUpperLeg"] = CFrame.new(1.1920928955078125e-07, 3.187451511621475e-07, 2.0656443666666746e-08, 0.9761579632759094, -0.18943306803703308, 0.10597622394561768, 0.21318060159683228, 0.9285891652107239, -0.30377018451690674, -0.0408642515540123, 0.31911972165107727, 0.9468330144882202),
            ["LeftUpperArm"] = CFrame.new(5.960464477539063e-08, -1.1920928955078125e-07, -5.21540641784668e-08, 0.8605363368988037, 0.3639311194419861, -0.3564145267009735, -0.1257447600364685, 0.8298044204711914, 0.543703019618988, 0.49362480640411377, -0.42305898666381836, 0.7598392963409424),
            ["RightLowerArm"] = CFrame.new(1.1920928955078125e-07, 5.364418029785156e-07, 2.2351741790771484e-08, 1, -1.508741434008698e-07, 1.4714893836753618e-07, 1.1920926112907182e-07, -0.13742026686668396, -0.9905128479003906, 1.6391273049976007e-07, 0.9905129075050354, -0.13742037117481232),
            ["LeftHand"] = CFrame.new(-1.4901161193847656e-07, 0, 1.6577541828155518e-07, 0.9194576144218445, -0.3641873896121979, -0.1482066959142685, 0.3735688030719757, 0.9267247915267944, 0.040343426167964935, 0.1226542592048645, -0.09245967119932175, 0.9881331920623779),
            ["LeftFoot"] = CFrame.new(-1.4901161193847656e-08, 5.960464477539063e-08, -3.725290298461914e-08, 0.951846718788147, -0.30643510818481445, -0.009244694374501705, 0.28676795959472656, 0.9006097912788391, -0.3265976011753082, 0.10840673744678497, 0.30821987986564636, 0.9451183080673218),
            ["LowerTorso"] = CFrame.new(-0.17885412275791168, -0.20663928985595703, 0.053284622728824615, 0.7950408458709717, -0.011499964632093906, -0.6064469814300537, 0.051702652126550674, 0.9974662661552429, 0.048866428434848785, 0.6043484210968018, -0.07020571827888489, 0.7936209440231323),
            ["RightLowerLeg"] = CFrame.new(-8.940696716308594e-08, -0.00006091594696044922, -0.00007195601210696623, 1, -1.3411040811206476e-07, -2.9802322387695312e-08, 1.1920923270736239e-07, 0.70514315366745, 0.7090647220611572, 4.4703462265260896e-08, -0.7090650796890259, 0.7051434516906738),
            ["LeftUpperLeg"] = CFrame.new(-1.1920928955078125e-07, 3.8603320717811584e-07, -7.450580596923828e-09, 0.9296413660049438, 0.3072713315486908, -0.20335064828395844, -0.36845019459724426, 0.7803131341934204, -0.5053275227546692, 0.0034046065993607044, 0.5446979403495789, 0.838625431060791),
            ["LeftLowerLeg"] = CFrame.new(1.1920928955078125e-07, 0.000060498714447021484, 0.00007203221321105957, 1, 6.705521116145974e-08, -7.450581485102248e-09, -5.960465188081798e-08, 0.6152575612068176, 0.7883262038230896, 1.4901162970204496e-08, -0.7883261442184448, 0.6152576208114624),
        }},
        {Time = 0.200, Data = {
            ["RightFoot"] = CFrame.new(-1.043081283569336e-07, 2.980232238769531e-07, 1.6952981241047382e-09, 0.8865546584129333, 0.24053780734539032, -0.39517438411712646, -0.3738069236278534, 0.8757233023643494, -0.305575966835022, 0.27256062626838684, 0.41862908005714417, 0.866291344165802),
            ["LeftLowerArm"] = CFrame.new(-1.4901161193847656e-07, 1.7881393432617188e-07, 1.7881393432617188e-07, 1, -1.3038511781360285e-07, 1.6391281576488836e-07, 1.1920928955078125e-07, -0.2299095243215561, -0.9732120037078857, 1.043081283569336e-07, 0.9732120037078857, -0.22990961372852325),
            ["RightUpperArm"] = CFrame.new(0, 2.384185791015625e-07, 8.195638656616211e-08, 0.8666148781776428, -0.1521146446466446, 0.47522610425949097, -0.07938209921121597, 0.8982401490211487, 0.4322768449783325, -0.49262285232543945, -0.4123419523239136, 0.7663530707359314),
            ["Head"] = CFrame.new(-3.3527612686157227e-08, 1.1920928955078125e-07, 1.862645149230957e-08, 0.9839507341384888, 0.013060817494988441, 0.17796194553375244, -0.04327692091464996, 0.985008955001831, 0.16698689758777618, -0.1731133759021759, -0.1720084547996521, 0.9697654247283936),
            ["RightHand"] = CFrame.new(-3.8743019104003906e-07, -1.1920928955078125e-07, 0, 0.984799861907959, 0.15781760215759277, -0.07254631817340851, -0.12175098806619644, 0.9250897765159607, 0.3597015142440796, 0.12387935072183609, -0.3454020917415619, 0.9302428960800171),
            ["UpperTorso"] = CFrame.new(-6.51925802230835e-09, 8.940696716308594e-08, 3.725290298461914e-09, 0.9987733364105225, 0.03275824338197708, -0.037131622433662415, -0.03328211233019829, 0.99935382604599, -0.013579053804278374, 0.036662787199020386, 0.014798210933804512, 0.9992181658744812),
            ["HumanoidRootPart"] = CFrame.new(0, 0, 0, 1, 0, 0, 0, 1, 0, 0, 0, 1),
            ["RightUpperLeg"] = CFrame.new(1.1920928955078125e-07, 1.441221684217453e-07, 3.55576048605144e-08, 0.9700369238853455, -0.18834897875785828, 0.15347015857696533, 0.231082946062088, 0.9103167057037354, -0.3434010148048401, -0.07502716779708862, 0.36857593059539795, 0.9265649914741516),
            ["LeftUpperArm"] = CFrame.new(1.1920928955078125e-07, 1.1920928955078125e-07, 5.960464477539063e-08, 0.8826645612716675, 0.3589680790901184, -0.30338943004608154, -0.12964823842048645, 0.806418776512146, 0.5769575238227844, 0.45176824927330017, -0.46992629766464233, 0.7583368420600891),
            ["RightLowerArm"] = CFrame.new(1.7881393432617188e-07, 4.76837158203125e-07, -2.9802322387695312e-08, 1, -1.3783565577796253e-07, 1.341104365337742e-07, 1.2665982751514093e-07, -0.09459617733955383, -0.995515763759613, 1.6018742599044344e-07, 0.995515763759613, -0.09459617733955383),
            ["LeftHand"] = CFrame.new(-8.940696716308594e-08, 1.1920928955078125e-07, 3.91155481338501e-07, 0.9075426459312439, -0.37865468859672546, -0.18162302672863007, 0.3907947838306427, 0.9198088645935059, 0.03508880361914635, 0.15377193689346313, -0.1028219610452652, 0.9827420711517334),
            ["LeftFoot"] = CFrame.new(2.905726432800293e-07, -5.960464477539063e-08, -6.705522537231445e-08, 0.9466976523399353, -0.3221210539340973, -0.0012974367709830403, 0.3007223308086395, 0.885237455368042, -0.3548530042171478, 0.1154540404677391, 0.335548460483551, 0.9349212646484375),
            ["LowerTorso"] = CFrame.new(-0.19108626246452332, -0.21335983276367188, 0.04088011011481285, 0.7471325397491455, -0.008376548998057842, -0.6646223664283752, 0.05217645317316055, 0.9975741505622864, 0.0460810661315918, 0.6626240611076355, -0.06910629570484161, 0.7457571625709534),
            ["RightLowerLeg"] = CFrame.new(-1.4901161193847656e-07, -0.00006079673767089844, -0.0000721050237189047, 1, -1.0430809993522416e-07, -2.980232594040899e-08, 1.229345230058243e-07, 0.6874018311500549, 0.7262770533561707, 3.7252885221050747e-08, -0.7262774109840393, 0.687402069568634),
            ["LeftUpperLeg"] = CFrame.new(-1.7881393432617188e-07, 3.380700945854187e-07, 7.450580596923828e-09, 0.9271891117095947, 0.31092530488967896, -0.20891599357128143, -0.37411680817604065, 0.796751081943512, -0.4745781719684601, 0.018895648419857025, 0.5181826949119568, 0.8550612926483154),
            ["LeftLowerLeg"] = CFrame.new(0, 0.000060498714447021484, 0.00007206201553344727, 1, 8.940695295223122e-08, 2.980232594040899e-08, 0, 0.5993698835372925, 0.8004722595214844, 4.4703490686970326e-08, -0.8004722595214844, 0.5993699431419373),
        }},
        {Time = 0.233, Data = {
            ["RightFoot"] = CFrame.new(5.960464477539063e-08, 2.980232238769531e-07, -2.8107024263590574e-08, 0.9008792042732239, 0.25582924485206604, -0.35066843032836914, -0.36418256163597107, 0.8850564956665039, -0.289906769990921, 0.23619447648525238, 0.38887864351272583, 0.8904975652694702),
            ["LeftLowerArm"] = CFrame.new(-4.76837158203125e-07, 5.960464477539063e-08, -1.1920928955078125e-07, 1, -1.6391271628890536e-07, 1.4528633585086936e-07, 1.2665987014770508e-07, -0.19014762341976166, -0.9817554950714111, 1.341104507446289e-07, 0.9817554950714111, -0.19014768302440643),
            ["RightUpperArm"] = CFrame.new(1.1920928955078125e-07, 0, 3.725290298461914e-08, 0.9085914492607117, -0.11930206418037415, 0.40028566122055054, -0.08401170372962952, 0.8865575194358826, 0.4549263119697571, -0.40914997458457947, -0.44697079062461853, 0.7954957485198975),
            ["Head"] = CFrame.new(-2.2351741790771484e-08, 2.384185791015625e-07, 1.862645149230957e-08, 0.9886489510536194, 0.005348622798919678, 0.1501484364271164, -0.034996397793293, 0.9800750613212585, 0.19552041590213776, -0.14611124992370605, -0.1985556036233902, 0.96913743019104),
            ["RightHand"] = CFrame.new(-3.129243850708008e-07, -3.5762786865234375e-07, -3.129243850708008e-07, 0.992598295211792, 0.1092882752418518, -0.052959226071834564, -0.0834890678524971, 0.9307676553726196, 0.3559504449367523, 0.08819414675235748, -0.3488951325416565, 0.9330030083656311),
            ["UpperTorso"] = CFrame.new(2.2409949451684952e-08, 2.9802322387695312e-08, -6.984919309616089e-09, 0.9993289113044739, 0.029599592089653015, -0.0215804111212492, -0.02974470891058445, 0.9995368719100952, -0.006434193346649408, 0.02138000726699829, 0.007071769330650568, 0.9997464418411255),
            ["HumanoidRootPart"] = CFrame.new(0, 0, 0, 1, 0, 0, 0, 1, 0, 0, 0, 1),
            ["RightUpperLeg"] = CFrame.new(1.1920928955078125e-07, 1.0663643479347229e-07, 5.75528247281909e-09, 0.962056577205658, -0.18593697249889374, 0.19968679547309875, 0.2514418065547943, 0.8883354067802429, -0.3842359483242035, -0.10594518482685089, 0.4198662042617798, 0.9013811945915222),
            ["LeftUpperArm"] = CFrame.new(5.960464477539063e-08, -1.1920928955078125e-07, 0, 0.9044165015220642, 0.34937039017677307, -0.24488991498947144, -0.13307136297225952, 0.7763401865959167, 0.6161070466041565, 0.4053674340248108, -0.5246297121047974, 0.748626172542572),
            ["RightLowerArm"] = CFrame.new(2.384185791015625e-07, 2.384185791015625e-07, -1.7881393432617188e-07, 1, -1.6763796395480313e-07, 1.4156101713069802e-07, 1.4901158351676713e-07, -0.03592512011528015, -0.9993545413017273, 1.5646214990283625e-07, 0.9993545413017273, -0.035925138741731644),
            ["LeftHand"] = CFrame.new(-2.9802322387695312e-08, 0, 1.043081283569336e-07, 0.8969579935073853, -0.3850257992744446, -0.21730485558509827, 0.4030376970767975, 0.9141287803649902, 0.04392317309975624, 0.1817331314086914, -0.12697969377040863, 0.9751150608062744),
            ["LeftFoot"] = CFrame.new(2.0116567611694336e-07, -5.960464477539063e-08, -5.960464477539063e-08, 0.9406875371932983, -0.33662235736846924, 0.04233852028846741, 0.3258666694164276, 0.8617146015167236, -0.388919860124588, 0.09443531185388565, 0.3796488642692566, 0.9202982783317566),
            ["LowerTorso"] = CFrame.new(-0.2031787484884262, -0.2216331958770752, 0.025464599952101707, 0.6853178143501282, -0.005617643240839243, -0.7282224893569946, 0.05209469795227051, 0.9977867007255554, 0.04132833331823349, 0.7263784408569336, -0.06625957787036896, 0.6840935945510864),
            ["RightLowerLeg"] = CFrame.new(-1.1920928955078125e-07, -0.00006103515625, -0.00007200071559054777, 1, -8.940692453052179e-08, -2.9802318834981634e-08, 1.3411036547950062e-07, 0.6732134819030762, 0.7394479513168335, -1.490115231206346e-08, -0.7394482493400574, 0.6732137799263),
            ["LeftUpperLeg"] = CFrame.new(-1.7881393432617188e-07, 2.668239176273346e-07, -2.9802322387695312e-08, 0.9273902773857117, 0.30688372254371643, -0.21393896639347076, -0.37148517370224, 0.8229021430015564, -0.42991966009140015, 0.04411556199193001, 0.478178471326828, 0.8771541118621826),
            ["LeftLowerLeg"] = CFrame.new(0, 0.000060439109802246094, 0.00007209181785583496, 1, 3.725289587919178e-08, 1.4901161193847656e-08, -7.450580596923828e-08, 0.5843454599380493, 0.8115050196647644, 4.470348358154297e-08, -0.8115050792694092, 0.5843455791473389),
        }},
        {Time = 0.267, Data = {
            ["RightFoot"] = CFrame.new(0, 4.172325134277344e-07, -6.535992724820971e-08, 0.9143326282501221, 0.2699001431465149, -0.3019106686115265, -0.35334163904190063, 0.8959418535232544, -0.2691424489021301, 0.19785262644290924, 0.35276371240615845, 0.9145557880401611),
            ["LeftLowerArm"] = CFrame.new(-1.7881393432617188e-07, 1.1920928955078125e-07, 1.4901161193847656e-07, 1, -1.5646217832454568e-07, 1.266598985694145e-07, 1.4156103134155273e-07, -0.15001347661018372, -0.9886839985847473, 1.1920928955078125e-07, 0.9886839985847473, -0.15001337230205536),
            ["RightUpperArm"] = CFrame.new(0, 5.960464477539062e-07, -1.4901161193847656e-08, 0.9411003589630127, -0.09690766781568527, 0.32394298911094666, -0.06826573610305786, 0.8838666081428528, 0.4627308249473572, -0.33116453886032104, -0.457590252161026, 0.8251916170120239),
            ["Head"] = CFrame.new(-2.2351741790771484e-08, 3.5762786865234375e-07, 1.1175870895385742e-08, 0.9923598170280457, -0.004326760768890381, 0.12330217659473419, -0.023684589192271233, 0.9741169810295105, 0.22480043768882751, -0.12108342349529266, -0.22600311040878296, 0.9665719866752625),
            ["RightHand"] = CFrame.new(-1.043081283569336e-07, 0, -2.086162567138672e-07, 0.9974546432495117, 0.05740261450409889, -0.042298123240470886, -0.04021059349179268, 0.9427251815795898, 0.3311375081539154, 0.05888376384973526, -0.32859447598457336, 0.9426340460777283),
            ["UpperTorso"] = CFrame.new(9.313225746154785e-10, -2.9802322387695312e-08, -2.514570951461792e-08, 0.9996305108070374, 0.02651173248887062, -0.006004810333251953, -0.02649582363665104, 0.9996452927589417, 0.0027123393956571817, 0.006074621807783842, -0.0025522448122501373, 0.9999783039093018),
            ["HumanoidRootPart"] = CFrame.new(0, 0, 0, 1, 0, 0, 0, 1, 0, 0, 0, 1),
            ["RightUpperLeg"] = CFrame.new(1.1920928955078125e-07, 7.447670213878155e-08, 2.8107024263590574e-08, 0.9524704813957214, -0.17811807990074158, 0.24713170528411865, 0.2718241810798645, 0.8631576895713806, -0.4255239963531494, -0.13752014935016632, 0.47247520089149475, 0.8705488443374634),
            ["LeftUpperArm"] = CFrame.new(1.7881393432617188e-07, 1.1920928955078125e-07, -2.9802322387695312e-08, 0.9234501123428345, 0.3333423435688019, -0.19006021320819855, -0.13351193070411682, 0.7434869408607483, 0.6552876234054565, 0.3597424328327179, -0.5797500014305115, 0.7310780882835388),
            ["RightLowerArm"] = CFrame.new(0, 7.152557373046875e-07, 8.940696716308594e-08, 1, -1.4901152667334827e-07, 1.378357268322361e-07, 8.195636524988004e-08, 0.04238789156079292, -0.9991012811660767, 1.8998976258899347e-07, 0.9991012811660767, 0.042387913912534714),
            ["LeftHand"] = CFrame.new(-1.1920928955078125e-07, -1.1920928955078125e-07, 3.427267074584961e-07, 0.8916575312614441, -0.3802300691604614, -0.2457069456577301, 0.4059363901615143, 0.911786675453186, 0.062136705964803696, 0.2004062384366989, -0.155146062374115, 0.9673505425453186),
            ["LeftFoot"] = CFrame.new(5.21540641784668e-08, 0, -1.4901161193847656e-08, 0.9326226115226746, -0.3409794569015503, 0.11810241639614105, 0.3578910827636719, 0.8321732878684998, -0.42355799674987793, 0.04614269733428955, 0.43728768825531006, 0.8981371521949768),
            ["LowerTorso"] = CFrame.new(-0.21460247039794922, -0.2308368682861328, 0.008274614810943604, 0.612126350402832, -0.003120690118521452, -0.7907539010047913, 0.051166750490665436, 0.9980529546737671, 0.03566964715719223, 0.7891029119491577, -0.06229463219642639, 0.6110941767692566),
