return {
["sexy thrust"] = {

          {Time = 0.000, Data = {

              ["Head"] = CFrame.new(0.000000, -0.000000, 0.000000, 1.000000, -0.000000, 0.000000, 0.000000, 0.916456, -0.400136, 0.000000, 0.400136, 0.916456),

              ["LeftFoot"] = CFrame.new(-0.000000, 0.002608, -0.000003, 0.997000, -0.059210, -0.049855, 0.076355, 0.857947, 0.508066, 0.012690, -0.510316, 0.859874),

              ["LeftHand"] = CFrame.new(0.000494, 0.009482, 0.000000, 0.998363, 0.049071, -0.029392, -0.056214, 0.936690, -0.345620, 0.010571, 0.346704, 0.937914),

              ["LeftLowerArm"] = CFrame.new(-0.000500, 0.057695, 0.012722, 1.000000, -0.000000, -0.000000, 0.000000, 0.870469, -0.492224, 0.000000, 0.492224, 0.870469),

              ["LeftLowerLeg"] = CFrame.new(0.000000, 0.011157, -0.000215, 1.000000, -0.000000, 0.000000, 0.000000, 0.996629, 0.082029, -0.000000, -0.082046, 0.996630),

              ["LeftUpperArm"] = CFrame.new(0.586050, 0.136232, -0.442055, 0.987928, -0.153043, -0.024018, -0.150880, -0.915396, -0.373211, 0.035131, 0.372329, -0.927436),

              ["LeftUpperLeg"] = CFrame.new(0.000000, -0.000000, -0.000100, 0.997000, 0.077139, 0.006384, -0.020185, 0.338731, -0.940665, -0.074724, 0.937716, 0.339276),

              ["LowerTorso"] = CFrame.new(-0.000000, -0.296791, 0.937005, 1.000000, 0.000000, -0.000000, 0.000000, 0.821286, 0.570516, 0.000000, -0.570516, 0.821286),

              ["RightFoot"] = CFrame.new(-0.000000, 0.003029, -0.000103, 0.997849, 0.050143, 0.042221, -0.064624, 0.860412, 0.505518, -0.010979, -0.507127, 0.861782),

              ["RightHand"] = CFrame.new(-0.000493, 0.011054, -0.000000, 0.999824, 0.016490, -0.008929, -0.018350, 0.958445, -0.284688, 0.003864, 0.284800, 0.958579),

              ["RightLowerArm"] = CFrame.new(-0.000000, 0.067281, 0.017719, 1.000000, 0.000000, 0.000000, -0.000000, 0.819381, -0.573249, -0.000000, 0.573249, 0.819381),

              ["RightLowerLeg"] = CFrame.new(0.000000, 0.011909, -0.000377, 1.000000, 0.000000, 0.000000, -0.000000, 0.995993, 0.089414, 0.000000, -0.089431, 0.995995),

              ["RightUpperArm"] = CFrame.new(-0.654097, 0.167566, -0.491152, 0.980293, 0.197251, 0.010888, 0.187524, -0.911785, -0.365354, -0.062139, 0.360196, -0.930805),

              ["RightUpperLeg"] = CFrame.new(0.000000, -0.000000, -0.000000, 0.997849, -0.065347, -0.005156, 0.017094, 0.335350, -0.941937, 0.063282, 0.939825, 0.335750),

              ["UpperTorso"] = CFrame.new(-0.000000, 0.084919, -0.034712, 1.000000, 0.000000, 0.000000, 0.000000, 0.973624, -0.228157, -0.000000, 0.228157, 0.973624)

          }},

          {Time = 0.020, Data = {

              ["Head"] = CFrame.new(-0.000000, -0.000000, -0.000000, 1.000000, -0.000000, 0.000000, 0.000000, 0.918100, -0.396350, 0.000000, 0.396350, 0.918100),

              ["LeftFoot"] = CFrame.new(0.000000, 0.004920, -0.000003, 0.996892, -0.060265, -0.050744, 0.076258, 0.899892, 0.429424, 0.019784, -0.431929, 0.901676),

              ["LeftHand"] = CFrame.new(0.000491, 0.013811, 0.000000, 0.997951, 0.054951, -0.032774, -0.061988, 0.957262, -0.282502, 0.015849, 0.283953, 0.958707),

              ["LeftLowerArm"] = CFrame.new(-0.000500, 0.076458, 0.022960, 1.000000, -0.000000, -0.000000, 0.000000, 0.765290, -0.643685, 0.000000, 0.643685, 0.765291),

              ["LeftLowerLeg"] = CFrame.new(-0.000000, 0.021752, -0.001248, 1.000000, -0.000000, 0.000000, 0.000000, 0.986134, 0.165936, -0.000000, -0.165952, 0.986137),

              ["LeftUpperArm"] = CFrame.new(0.586441, 0.123517, -0.441697, 0.986871, -0.155136, -0.044927, -0.155979, -0.843288, -0.514331, 0.041904, 0.514586, -0.856414),

              ["LeftUpperLeg"] = CFrame.new(0.000000, 0.000000, -0.000100, 0.996892, 0.078484, 0.006856, -0.024190, 0.387743, -0.921447, -0.074977, 0.918420, 0.388443),

              ["LowerTorso"] = CFrame.new(-0.000000, -0.267309, 0.855094, 1.000000, 0.000000, -0.000000, 0.000000, 0.847850, 0.530236, 0.000000, -0.530236, 0.847850),

              ["RightFoot"] = CFrame.new(-0.000000, 0.005287, -0.000103, 0.997772, 0.051039, 0.042975, -0.064528, 0.901960, 0.427001, -0.016968, -0.428793, 0.903229),

              ["RightHand"] = CFrame.new(-0.000490, 0.015893, 0.000000, 0.999946, 0.009272, -0.004758, -0.010110, 0.973848, -0.226975, 0.002529, 0.227009, 0.973889),

              ["RightLowerArm"] = CFrame.new(0.000000, 0.083829, 0.027772, 1.000000, 0.000000, 0.000000, -0.000000, 0.715432, -0.698683, -0.000000, 0.698683, 0.715432),

              ["RightLowerLeg"] = CFrame.new(0.000000, 0.022368, -0.001459, 1.000000, 0.000000, 0.000000, -0.000000, 0.985000, 0.172536, 0.000000, -0.172552, 0.985003),

              ["RightUpperArm"] = CFrame.new(-0.653921, 0.148831, -0.493969, 0.978695, 0.202326, 0.034935, 0.192952, -0.848166, -0.493340, -0.070184, 0.489570, -0.869135),

              ["RightUpperLeg"] = CFrame.new(0.000000, 0.000000, -0.000000, 0.997772, -0.066487, -0.005580, 0.020487, 0.384873, -0.922740, 0.063498, 0.920572, 0.385384),

              ["UpperTorso"] = CFrame.new(0.000000, 0.082429, -0.032346, 1.000000, 0.000000, 0.000000, 0.000000, 0.975106, -0.221738, -0.000000, 0.221738, 0.975106)

          }},

          {Time = 0.040, Data = {

              ["Head"] = CFrame.new(0.000000, 0.000000, 0.000000, 1.000000, -0.000000, 0.000000, 0.000000, 0.919733, -0.392545, 0.000000, 0.392545, 0.919733),

              ["LeftFoot"] = CFrame.new(-0.000000, 0.006250, -0.000003, 0.996779, -0.061349, -0.051657, 0.075853, 0.930331, 0.358817, 0.026044, -0.361552, 0.931978),

              ["LeftHand"] = CFrame.new(0.000488, 0.017876, -0.000000, 0.997463, 0.061195, -0.036372, -0.068083, 0.969287, -0.236324, 0.020793, 0.238200, 0.970993),

              ["LeftLowerArm"] = CFrame.new(-0.000500, 0.090488, 0.033167, 1.000000, -0.000000, -0.000000, 0.000000, 0.659501, -0.751703, 0.000000, 0.751703, 0.659501),

              ["LeftLowerLeg"] = CFrame.new(-0.000000, 0.028446, -0.002310, 1.000000, -0.000000, 0.000000, 0.000000, 0.975383, 0.220504, -0.000000, -0.220520, 0.975386),

              ["LeftUpperArm"] = CFrame.new(0.586774, 0.110758, -0.441050, 0.985698, -0.155656, -0.064580, -0.161162, -0.758687, -0.631206, 0.049255, 0.632586, -0.772922),

              ["LeftUpperLeg"] = CFrame.new(0.000000, -0.000000, -0.000100, 0.996779, 0.079728, 0.008677, -0.028278, 0.450634, -0.892257, -0.075048, 0.889142, 0.451444),

              ["LowerTorso"] = CFrame.new(-0.000000, -0.237037, 0.772689, 1.000000, 0.000000, -0.000000, 0.000000, 0.872440, 0.488722, 0.000000, -0.488722, 0.872440),

              ["RightFoot"] = CFrame.new(-0.000000, 0.006592, -0.000103, 0.997691, 0.051958, 0.043749, -0.064173, 0.932112, 0.356467, -0.022257, -0.358425, 0.933283),

              ["RightHand"] = CFrame.new(-0.000487, 0.019258, 0.000000, 0.999999, 0.001574, -0.000307, -0.001603, 0.983761, -0.179479, 0.000019, 0.179478, 0.983762),

              ["RightLowerArm"] = CFrame.new(0.000000, 0.095922, 0.038141, 1.000000, 0.000000, 0.000000, -0.000000, 0.607843, -0.794057, -0.000000, 0.794057, 0.607844),

              ["RightLowerLeg"] = CFrame.new(0.000000, 0.028982, -0.002547, 1.000000, 0.000000, 0.000000, -0.000000, 0.973992, 0.226567, 0.000000, -0.226582, 0.973996),

              ["RightUpperArm"] = CFrame.new(-0.653654, 0.130019, -0.496462, 0.976916, 0.205383, 0.058761, 0.198529, -0.771301, -0.604716, -0.078876, 0.602422, -0.794271),

              ["RightUpperLeg"] = CFrame.new(0.000000, -0.000000, -0.000000, 0.997691, -0.067547, -0.007139, 0.023949, 0.448180, -0.893619, 0.063560, 0.891388, 0.448770),

              ["UpperTorso"] = CFrame.new(0.000000, 0.080367, -0.029836, 1.000000, 0.000000, 0.000000, 0.000000, 0.976494, -0.215544, -0.000000, 0.215544, 0.976494)

          }},

          {Time = 0.060, Data = {

              ["Head"] = CFrame.new(-0.000000, -0.000000, 0.000000, 1.000000, -0.000000, 0.000000, 0.000000, 0.921356, -0.388719, 0.000000, 0.388719, 0.921356),

              ["LeftFoot"] = CFrame.new(0.000000, 0.006956, -0.000003, 0.996661, -0.062459, -0.052592, 0.075290, 0.952246, 0.295925, 0.031595, -0.298874, 0.953762),

              ["LeftHand"] = CFrame.new(0.000487, 0.020329, 0.000000, 0.996887, 0.067826, -0.040197, -0.074535, 0.976957, -0.200000, 0.025705, 0.202372, 0.978971),

              ["LeftLowerArm"] = CFrame.new(-0.000500, 0.100416, 0.043471, 1.000000, -0.000000, -0.000000, 0.000000, 0.552644, -0.833418, 0.000000, 0.833418, 0.552644),

              ["LeftLowerLeg"] = CFrame.new(-0.000000, 0.032142, -0.003041, 1.000000, -0.000000, 0.000000, 0.000000, 0.967981, 0.251011, -0.000000, -0.251025, 0.967984),

              ["LeftUpperArm"] = CFrame.new(0.587041, 0.097968, -0.440097, 0.984395, -0.154568, -0.084116, -0.166412, -0.662251, -0.730569, 0.057217, 0.733166, -0.677638),

              ["LeftUpperLeg"] = CFrame.new(0.000000, -0.000000, -0.000100, 0.996661, 0.080810, 0.011686, -0.032442, 0.523251, -0.851556, -0.074929, 0.848339, 0.524134),

              ["LowerTorso"] = CFrame.new(-0.000000, -0.205953, 0.689829, 1.000000, 0.000000, -0.000000, 0.000000, 0.894998, 0.446069, 0.000000, -0.446069, 0.894998),

              ["RightFoot"] = CFrame.new(0.000000, 0.007286, -0.000103, 0.997606, 0.052900, 0.044543, -0.063685, 0.953819, 0.293576, -0.026954, -0.295687, 0.954898),

              ["RightHand"] = CFrame.new(-0.000486, 0.021254, -0.000000, 0.999968, -0.006646, 0.004449, 0.007204, 0.990092, -0.140236, -0.003473, 0.140262, 0.990108),

              ["RightLowerArm"] = CFrame.new(-0.000000, 0.104459, 0.048540, 1.000000, 0.000000, 0.000000, -0.000000, 0.499979, -0.866038, -0.000000, 0.866038, 0.499979),

              ["RightLowerLeg"] = CFrame.new(-0.000000, 0.032639, -0.003291, 1.000000, 0.000000, 0.000000, -0.000000, 0.966463, 0.256792, 0.000000, -0.256807, 0.966467),

              ["RightUpperArm"] = CFrame.new(-0.653284, 0.111136, -0.498607, 0.974931, 0.206570, 0.082695, 0.204253, -0.683415, -0.700875, -0.088265, 0.700195, -0.708475),

              ["RightUpperLeg"] = CFrame.new(0.000000, -0.000000, -0.000000, 0.997606, -0.068471, -0.009697, 0.027477, 0.521127, -0.853032, 0.063462, 0.850728, 0.521769),

              ["UpperTorso"] = CFrame.new(0.000000, 0.078739, -0.027217, 1.000000, 0.000000, 0.000000, 0.000000, 0.977799, -0.209544, -0.000000, 0.209544, 0.977799)

          }},

          {Time = 0.080, Data = {

              ["Head"] = CFrame.new(0.000000, -0.000000, 0.000000, 1.000000, -0.000000, 0.000000, 0.000000, 0.922969, -0.384874, 0.000000, 0.384874, 0.922969),

              ["LeftFoot"] = CFrame.new(0.000000, 0.007175, -0.000003, 0.996538, -0.063596, -0.053549, 0.074690, 0.967725, 0.240707, 0.036511, -0.243854, 0.969119),

              ["LeftHand"] = CFrame.new(0.000486, 0.022049, 0.000000, 0.996211, 0.074870, -0.044261, -0.081465, 0.981488, -0.173334, 0.030464, 0.176282, 0.983868),

              ["LeftLowerArm"] = CFrame.new(-0.000500, 0.107491, 0.053371, 1.000000, -0.000000, -0.000000, 0.000000, 0.449867, -0.893095, 0.000000, 0.893096, 0.449867),

              ["LeftLowerLeg"] = CFrame.new(0.000000, 0.033312, -0.003295, 1.000000, -0.000000, -0.000000, 0.000000, 0.965410, 0.260722, -0.000000, -0.260736, 0.965414),

              ["LeftUpperArm"] = CFrame.new(0.587236, 0.085154, -0.438819, 0.982946, -0.152015, -0.103484, -0.171709, -0.557249, -0.812398, 0.065830, 0.816312, -0.573848),

              ["LeftUpperLeg"] = CFrame.new(0.000000, 0.000000, -0.000100, 0.996538, 0.081626, 0.015775, -0.036674, 0.601896, -0.797726, -0.074611, 0.794392, 0.602814),

              ["LowerTorso"] = CFrame.new(-0.000000, -0.174035, 0.606553, 1.000000, 0.000000, -0.000000, 0.000000, 0.915474, 0.402378, 0.000000, -0.402378, 0.915474),

              ["RightFoot"] = CFrame.new(-0.000000, 0.007503, -0.000103, 0.997518, 0.053865, 0.045355, -0.063167, 0.969139, 0.238303, -0.031118, -0.240557, 0.970131),

              ["RightHand"] = CFrame.new(-0.000485, 0.022596, -0.000000, 0.999835, -0.015433, 0.009536, 0.016381, 0.993900, -0.109065, -0.007795, 0.109202, 0.993989),

              ["RightLowerArm"] = CFrame.new(-0.000000, 0.110495, 0.058567, 1.000000, 0.000000, 0.000000, -0.000000, 0.395926, -0.918282, -0.000000, 0.918282, 0.395926),

              ["RightLowerLeg"] = CFrame.new(-0.000000, 0.033797, -0.003548, 1.000000, 0.000000, 0.000000, -0.000000, 0.963855, 0.266412, 0.000000, -0.266426, 0.963859),

              ["RightUpperArm"] = CFrame.new(-0.652797, 0.092180, -0.500376, 0.972711, 0.206036, 0.106691, 0.210120, -0.587213, -0.781685, -0.098405, 0.782771, -0.614480),

              ["RightUpperLeg"] = CFrame.new(-0.000000, -0.000000, -0.000000, 0.997518, -0.069174, -0.013165, 0.031062, 0.600056, -0.799348, 0.063194, 0.796961, 0.600724),

              ["UpperTorso"] = CFrame.new(0.000000, 0.077552, -0.024526, 1.000000, -0.000000, 0.000000, 0.000000, 0.979033, -0.203703, -0.000000, 0.203703, 0.979033)

          }},

          {Time = 0.100, Data = {

              ["Head"] = CFrame.new(0.000000, 0.000000, 0.000000, 1.000000, -0.000000, 0.000000, 0.000000, 0.924571, -0.381010, 0.000000, 0.381010, 0.924571),

              ["LeftFoot"] = CFrame.new(0.000000, 0.006922, -0.000003, 0.996410, -0.064757, -0.054527, 0.074201, 0.978140, 0.194276, 0.040752, -0.197607, 0.979430),

              ["LeftHand"] = CFrame.new(0.000485, 0.023084, -0.000000, 0.995418, 0.082353, -0.048581, -0.088967, 0.983891, -0.155062, 0.035028, 0.158673, 0.986710),

              ["LeftLowerArm"] = CFrame.new(-0.000499, 0.112342, 0.062736, 1.000000, -0.000000, -0.000000, 0.000000, 0.352705, -0.935735, 0.000000, 0.935735, 0.352705),

              ["LeftLowerLeg"] = CFrame.new(-0.000000, 0.031958, -0.003002, 1.000000, -0.000000, -0.000000, 0.000000, 0.968374, 0.249490, -0.000000, -0.249504, 0.968377),

              ["LeftUpperArm"] = CFrame.new(0.587349, 0.072327, -0.437195, 0.981333, -0.147991, -0.122815, -0.177030, -0.445645, -0.877531, 0.075135, 0.882892, -0.463525),

              ["LeftUpperLeg"] = CFrame.new(0.000000, -0.000000, -0.000100, 0.996410, 0.082022, 0.020952, -0.040965, 0.683748, -0.728560, -0.074084, 0.725094, 0.684662),

              ["LowerTorso"] = CFrame.new(-0.000000, -0.141265, 0.522903, 1.000000, 0.000000, -0.000000, 0.000000, 0.933817, 0.357750, 0.000000, -0.357750, 0.933817),

              ["RightFoot"] = CFrame.new(0.000000, 0.007253, -0.000103, 0.997426, 0.054850, 0.046185, -0.062740, 0.979439, 0.191753, -0.034716, -0.194140, 0.980356),

              ["RightHand"] = CFrame.new(-0.000484, 0.023595, 0.000000, 0.999579, -0.024841, 0.014985, 0.026029, 0.996025, -0.085191, -0.012809, 0.085545, 0.996252),

              ["RightLowerArm"] = CFrame.new(-0.000000, 0.114672, 0.068045, 1.000000, 0.000000, 0.000000, -0.000000, 0.297530, -0.954712, -0.000000, 0.954712, 0.297530),

              ["RightLowerLeg"] = CFrame.new(0.000000, 0.032457, -0.003251, 1.000000, 0.000000, -0.000000, -0.000000, 0.966862, 0.255286, 0.000000, -0.255300, 0.966866),

              ["RightUpperArm"] = CFrame.new(-0.652175, 0.073154, -0.501739, 0.970222, 0.203851, 0.130823, 0.216127, -0.484738, -0.847536, -0.109356, 0.850573, -0.514361),

              ["RightUpperLeg"] = CFrame.new(-0.000000, -0.000000, -0.000000, 0.997426, -0.069524, -0.017550, 0.034698, 0.682159, -0.730372, 0.062750, 0.727891, 0.682824),

              ["UpperTorso"] = CFrame.new(0.000000, 0.076807, -0.021798, 1.000000, -0.000000, 0.000000, 0.000000, 0.980205, -0.197986, -0.000000, 0.197986, 0.980205)

          }},

          {Time = 0.120, Data = {

              ["Head"] = CFrame.new(0.000000, -0.000000, -0.000000, 1.000000, -0.000000, 0.000000, 0.000000, 0.926162, -0.377125, 0.000000, 0.377125, 0.926162),

              ["LeftFoot"] = CFrame.new(0.000000, 0.006149, -0.000003, 0.996277, -0.065943, -0.055525, 0.073974, 0.984688, 0.157870, 0.044262, -0.161374, 0.985898),

              ["LeftHand"] = CFrame.new(0.000484, 0.024038, -0.000000, 0.994494, 0.090304, -0.053173, -0.097157, 0.984672, -0.144850, 0.039276, 0.149218, 0.988024),

              ["LeftLowerArm"] = CFrame.new(-0.000500, 0.115754, 0.071329, 1.000000, -0.000000, -0.000000, 0.000000, 0.263385, -0.964691, 0.000000, 0.964691, 0.263385),

              ["LeftLowerLeg"] = CFrame.new(-0.000000, 0.027921, -0.002214, 1.000000, -0.000000, 0.000000, 0.000000, 0.976347, 0.216193, -0.000000, -0.216209, 0.976351),

              ["LeftUpperArm"] = CFrame.new(0.587371, 0.059500, -0.435205, 0.979537, -0.142580, -0.142047, -0.182352, -0.330053, -0.926182, 0.085172, 0.933132, -0.349299),

              ["LeftUpperLeg"] = CFrame.new(0.000000, -0.000000, -0.000100, 0.996277, 0.081794, 0.027224, -0.045306, 0.765468, -0.641870, -0.073340, 0.638255, 0.766330),

              ["LowerTorso"] = CFrame.new(-0.000000, -0.107625, 0.438919, 1.000000, 0.000000, -0.000000, -0.000000, 0.949987, 0.312290, 0.000000, -0.312290, 0.949987),

              ["RightFoot"] = CFrame.new(-0.000000, 0.006493, -0.000103, 0.997330, 0.055857, 0.047033, -0.062534, 0.985911, 0.155160, -0.037701, -0.157672, 0.986769),

              ["RightHand"] = CFrame.new(-0.000484, 0.024242, -0.000000, 0.999173, -0.034929, 0.020830, 0.036267, 0.997045, -0.067722, -0.018402, 0.068422, 0.997487),

              ["RightLowerArm"] = CFrame.new(-0.000000, 0.117386, 0.076938, 1.000000, 0.000000, 0.000000, -0.000000, 0.205253, -0.978709, -0.000000, 0.978709, 0.205253),

              ["RightLowerLeg"] = CFrame.new(0.000000, 0.028463, -0.002450, 1.000000, 0.000000, -0.000000, -0.000000, 0.974975, 0.222298, 0.000000, -0.222313, 0.974979),

              ["RightUpperArm"] = CFrame.new(-0.651399, 0.054059, -0.502664, 0.967424, 0.199993, 0.155222, 0.222274, -0.377500, -0.898937, -0.121185, 0.904155, -0.409656),

              ["RightUpperLeg"] = CFrame.new(0.000000, -0.000000, -0.000000, 0.997330, -0.069350, -0.022857, 0.038376, 0.764115, -0.643929, 0.062123, 0.641341, 0.764744),

              ["UpperTorso"] = CFrame.new(0.000000, 0.076504, -0.019071, 1.000000, -0.000000, 0.000000, 0.000000, 0.981325, -0.192357, -0.000000, 0.192357, 0.981325)

          }},

          {Time = 0.140, Data = {

              ["Head"] = CFrame.new(0.000000, -0.000000, 0.000000, 1.000000, -0.000000, 0.000000, 0.000000, 0.952022, -0.306028, 0.000000, 0.306028, 0.952022),

              ["LeftFoot"] = CFrame.new(-0.000000, 0.004663, -0.000003, 0.996140, -0.067151, -0.056543, 0.074235, 0.988160, 0.134287, 0.046853, -0.137950, 0.989328),

              ["LeftHand"] = CFrame.new(0.000484, 0.024468, 0.000000, 0.993417, 0.098752, -0.058053, -0.106099, 0.984265, -0.141299, 0.043185, 0.146527, 0.988263),

              ["LeftLowerArm"] = CFrame.new(-0.000499, 0.117819, 0.079277, 1.000000, -0.000000, 0.000000, 0.000000, 0.181005, -0.983482, 0.000000, 0.983482, 0.181005),

              ["LeftLowerLeg"] = CFrame.new(-0.000000, 0.020496, -0.001085, 1.000000, -0.000000, -0.000000, 0.000000, 0.987784, 0.155814, -0.000000, -0.155831, 0.987786),

              ["LeftUpperArm"] = CFrame.new(0.587289, 0.046686, -0.432827, 0.977535, -0.135662, -0.161308, -0.187647, -0.211637, -0.959166, 0.095984, 0.967887, -0.232339),

              ["LeftUpperLeg"] = CFrame.new(0.000000, -0.000000, -0.000100, 0.996140, 0.080629, 0.034715, -0.049684, 0.843853, -0.534261, -0.072371, 0.530481, 0.844607),

              ["LowerTorso"] = CFrame.new(-0.000000, -0.073101, 0.354645, 1.000000, 0.000000, -0.000000, -0.000000, 0.963945, 0.266102, 0.000000, -0.266102, 0.963945),

              ["RightFoot"] = CFrame.new(-0.000000, 0.005034, -0.000103, 0.997231, 0.056882, 0.047896, -0.062738, 0.989360, 0.131280, -0.039917, -0.133906, 0.990188),

              ["RightHand"] = CFrame.new(-0.000484, 0.024822, -0.000000, 0.998584, -0.045766, 0.027110, 0.047232, 0.997304, -0.056158, -0.024467, 0.057359, 0.998054),

              ["RightLowerArm"] = CFrame.new(-0.000001, 0.119061, 0.085161, 1.000000, 0.000000, -0.000000, -0.000000, 0.119864, -0.992790, -0.000000, 0.992790, 0.119864),

              ["RightLowerLeg"] = CFrame.new(0.000000, 0.021128, -0.001291, 1.000000, 0.000000, 0.000000, -0.000000, 0.986703, 0.162517, 0.000000, -0.162533, 0.986706),

              ["RightUpperArm"] = CFrame.new(-0.650444, 0.034896, -0.503113, 0.964270, 0.194482, 0.179892, 0.228557, -0.267338, -0.936105, -0.133963, 0.943773, -0.302236),

              ["RightUpperLeg"] = CFrame.new(0.000000, -0.000000, -0.000000, 0.997231, -0.068391, -0.029191, 0.042087, 0.842735, -0.536674, 0.061304, 0.533967, 0.843285),

              ["UpperTorso"] = CFrame.new(0.000000, 0.076642, -0.016380, 1.000000, -0.000000, 0.000000, 0.000000, 0.982402, -0.186777, -0.000000, 0.186777, 0.982402)

          }},

          {Time = 0.160, Data = {

              ["Head"] = CFrame.new(-0.000000, 0.000000, 0.000000, 1.000000, -0.000000, 0.000000, 0.000000, 0.972574, -0.232596, 0.000000, 0.232596, 0.972574),

              ["LeftFoot"] = CFrame.new(-0.000000, 0.001927, -0.000003, 0.995997, -0.068380, -0.057577, 0.075274, 0.988965, 0.127618, 0.048213, -0.131423, 0.990151),

              ["LeftHand"] = CFrame.new(0.000483, 0.025039, 0.000000, 0.992166, 0.107732, -0.063243, -0.115900, 0.982738, -0.144202, 0.046615, 0.150401, 0.987525),

              ["LeftLowerArm"] = CFrame.new(-0.000499, 0.119163, 0.086398, 1.000000, -0.000000, 0.000000, 0.000000, 0.106980, -0.994261, 0.000000, 0.994261, 0.106979),

              ["LeftLowerLeg"] = CFrame.new(-0.000000, 0.008305, -0.000063, 1.000000, 0.000000, -0.000000, 0.000000, 0.998190, 0.060128, 0.000000, -0.060146, 0.998191),

              ["LeftUpperArm"] = CFrame.new(0.587091, 0.033899, -0.430039, 0.975301, -0.127355, -0.180467, -0.192890, -0.093009, -0.976802, 0.107616, 0.987487, -0.115277),

              ["LeftUpperLeg"] = CFrame.new(-0.000000, -0.000000, -0.000100, 0.995997, 0.078037, 0.043600, -0.054089, 0.914441, -0.401082, -0.071169, 0.397125, 0.915004),

              ["LowerTorso"] = CFrame.new(-0.000000, -0.037679, 0.270123, 1.000000, 0.000000, -0.000000, -0.000000, 0.975659, 0.219295, 0.000000, -0.219295, 0.975659),

              ["RightFoot"] = CFrame.new(0.000000, 0.002366, -0.000103, 0.997129, 0.057925, 0.048775, -0.063600, 0.990215, 0.124234, -0.041099, -0.126962, 0.991053),

              ["RightHand"] = CFrame.new(-0.000483, 0.025270, 0.000000, 0.997775, -0.057431, 0.033872, 0.059077, 0.997012, -0.049762, -0.030913, 0.051652, 0.998187),

              ["RightLowerArm"] = CFrame.new(-0.000001, 0.119887, 0.092747, 1.000000, 0.000000, -0.000000, -0.000000, 0.041080, -0.999156, -0.000000, 0.999156, 0.041080),

              ["RightLowerLeg"] = CFrame.new(-0.000000, 0.009088, -0.000209, 1.000000, 0.000000, -0.000000, -0.000000, 0.997709, 0.067636, 0.000000, -0.067654, 0.997710),

              ["RightUpperArm"] = CFrame.new(-0.649283, 0.015664, -0.503047, 0.960702, 0.187250, 0.204911, 0.234977, -0.155610, -0.959464, -0.147774, 0.969909, -0.193494),

              ["RightUpperLeg"] = CFrame.new(0.000000, -0.000000, 0.000000, 0.997129, -0.066235, -0.036704, 0.045820, 0.913635, -0.403938, 0.060289, 0.401104, 0.914050),

              ["UpperTorso"] = CFrame.new(0.000000, 0.077214, -0.013762, 1.000000, -0.000000, 0.000000, 0.000000, 0.983444, -0.181211, -0.000000, 0.181211, 0.983444)

          }},

          {Time = 0.180, Data = {

              ["Head"] = CFrame.new(-0.000000, -0.000000, -0.000000, 1.000000, -0.000000, 0.000000, 0.000000, 0.987530, -0.157431, 0.000000, 0.157431, 0.987530),

              ["LeftFoot"] = CFrame.new(-0.000000, 0.007240, -0.000003, 0.995432, -0.073037, -0.061499, 0.071294, 0.997002, -0.030085, 0.063508, 0.025564, 0.997654),

              ["LeftHand"] = CFrame.new(0.000484, 0.024863, 0.000000, 0.992685, 0.104106, -0.061140, -0.111936, 0.983375, -0.142980, 0.045238, 0.148777, 0.987835),

              ["LeftLowerArm"] = CFrame.new(-0.000499, 0.118853, 0.084544, 1.000000, -0.000000, 0.000000, 0.000000, 0.126275, -0.991995, 0.000000, 0.991995, 0.126274),

              ["LeftLowerLeg"] = CFrame.new(-0.000000, 0.033652, -0.003370, 1.000000, -0.000000, -0.000000, 0.000000, 0.964645, 0.263539, -0.000000, -0.263553, 0.964649),

              ["LeftUpperArm"] = CFrame.new(0.588468, 0.027994, -0.429848, 0.976218, -0.129106, -0.174158, -0.184367, -0.071777, -0.980233, 0.114054, 0.989030, -0.093873),

              ["LeftUpperLeg"] = CFrame.new(-0.000000, -0.000000, -0.000100, 0.995431, 0.085511, 0.042476, -0.064904, 0.932292, -0.355823, -0.070027, 0.351453, 0.933588),

              ["LowerTorso"] = CFrame.new(-0.000000, -0.069613, 0.160065, 1.000000, 0.000000, -0.000000, -0.000000, 0.992381, 0.123205, 0.000000, -0.123205, 0.992381),

              ["RightFoot"] = CFrame.new(0.000000, 0.007567, -0.000103, 0.996723, 0.061881, 0.052105, -0.060223, 0.997645, -0.032814, -0.054010, 0.029569, 0.998102),

              ["RightHand"] = CFrame.new(-0.000483, 0.025184, 0.000000, 0.998064, -0.053550, 0.031623, 0.054935, 0.997488, -0.044715, -0.029148, 0.046366, 0.998499),

              ["RightLowerArm"] = CFrame.new(-0.000001, 0.119754, 0.090876, 1.000000, 0.000000, 0.000000, -0.000000, 0.060497, -0.998168, -0.000000, 0.998168, 0.060497),

              ["RightLowerLeg"] = CFrame.new(-0.000000, 0.034132, -0.003625, 1.000000, 0.000000, -0.000000, -0.000000, 0.963080, 0.269202, 0.000000, -0.269215, 0.963084),

              ["RightUpperArm"] = CFrame.new(-0.650509, 0.004911, -0.505737, 0.961909, 0.190017, 0.196531, 0.224438, -0.138488, -0.964598, -0.156073, 0.971964, -0.175860),

              ["RightUpperLeg"] = CFrame.new(0.000000, -0.000000, -0.000000, 0.996723, -0.072540, -0.035805, 0.054990, 0.932180, -0.357782, 0.059330, 0.354652, 0.933119),

              ["UpperTorso"] = CFrame.new(0.000000, 0.072381, -0.009870, 1.000000, -0.000000, 0.000000, 0.000000, 0.991919, -0.126875, -0.000000, 0.126875, 0.991919)

          }},

          {Time = 0.200, Data = {

              ["Head"] = CFrame.new(-0.000000, 0.000000, 0.000000, 1.000000, -0.000000, 0.000000, 0.000000, 0.996699, -0.081182, 0.000000, 0.081182, 0.996699),

              ["LeftFoot"] = CFrame.new(0.000000, 0.009817, -0.000003, 0.994759, -0.078216, -0.065860, 0.067399, 0.985939, -0.152922, 0.076890, 0.147671, 0.986041),

              ["LeftHand"] = CFrame.new(0.000484, 0.024656, 0.000000, 0.993227, 0.100178, -0.058862, -0.107660, 0.984002, -0.141947, 0.043700, 0.147322, 0.988123),

              ["LeftLowerArm"] = CFrame.new(-0.000499, 0.118441, 0.082362, 1.000000, -0.000000, 0.000000, 0.000000, 0.148987, -0.988839, 0.000000, 0.988839, 0.148987),

              ["LeftLowerLeg"] = CFrame.new(-0.000000, 0.047811, -0.007376, 1.000000, -0.000000, -0.000000, 0.000000, 0.924035, 0.382299, -0.000000, -0.382309, 0.924039),

              ["LeftUpperArm"] = CFrame.new(0.589874, 0.022337, -0.430003, 0.977190, -0.131033, -0.167124, -0.175350, -0.053905, -0.983029, 0.119801, 0.989911, -0.075652),

              ["LeftUpperLeg"] = CFrame.new(0.000000, -0.000000, -0.000100, 0.994759, 0.091676, 0.045285, -0.076482, 0.961059, -0.265535, -0.067865, 0.260695, 0.963037),

              ["LowerTorso"] = CFrame.new(-0.000000, -0.097771, 0.049539, 1.000000, 0.000000, -0.000000, -0.000000, 0.999664, 0.025943, 0.000000, -0.025943, 0.999664),

              ["RightFoot"] = CFrame.new(0.000000, 0.010116, -0.000103, 0.996239, 0.066282, 0.055811, -0.056913, 0.986222, -0.155338, -0.065334, 0.151567, 0.986284),

              ["RightHand"] = CFrame.new(-0.000484, 0.025084, 0.000000, 0.998352, -0.049397, 0.029216, 0.050541, 0.997928, -0.039818, -0.027188, 0.041229, 0.998780),

              ["RightLowerArm"] = CFrame.new(-0.000001, 0.119554, 0.088711, 1.000000, 0.000000, -0.000000, -0.000000, 0.082967, -0.996552, -0.000000, 0.996552, 0.082967),

              ["RightLowerLeg"] = CFrame.new(0.000000, 0.048164, -0.007668, 1.000000, 0.000000, 0.000000, -0.000000, 0.922088, 0.386972, 0.000000, -0.386981, 0.922092),

              ["RightUpperArm"] = CFrame.new(-0.651767, -0.005569, -0.508808, 0.963178, 0.192872, 0.187318, 0.213354, -0.124337, -0.969031, -0.163608, 0.973314, -0.160909),

              ["RightUpperLeg"] = CFrame.new(0.000000, -0.000000, -0.000000, 0.996239, -0.077763, -0.038222, 0.064812, 0.961526, -0.266944, 0.057510, 0.263479, 0.962954),

              ["UpperTorso"] = CFrame.new(0.000000, 0.069071, -0.005276, 1.000000, -0.000000, 0.000000, 0.000000, 0.997398, -0.072097, -0.000000, 0.072097, 0.997398)

          }},

          {Time = 0.220, Data = {

              ["Head"] = CFrame.new(0.000000, 0.000000, -0.000000, 1.000000, -0.000000, 0.000000, 0.000000, 0.999990, -0.004520, 0.000000, 0.004520, 0.999990),

              ["LeftFoot"] = CFrame.new(-0.000000, 0.011279, -0.000003, 0.993955, -0.083985, -0.070717, 0.063538, 0.965288, -0.253361, 0.089535, 0.247318, 0.964784),

              ["LeftHand"] = CFrame.new(0.000484, 0.024499, 0.000000, 0.993779, 0.096009, -0.056446, -0.103140, 0.984596, -0.141185, 0.042021, 0.146128, 0.988373),

              ["LeftLowerArm"] = CFrame.new(-0.000499, 0.117937, 0.079830, 1.000000, -0.000000, 0.000000, 0.000000, 0.175262, -0.984522, 0.000000, 0.984522, 0.175261),

              ["LeftLowerLeg"] = CFrame.new(-0.000000, 0.055968, -0.010495, 1.000000, -0.000000, -0.000000, 0.000000, 0.892346, 0.451345, -0.000000, -0.451352, 0.892350),

              ["LeftUpperArm"] = CFrame.new(0.591298, 0.016869, -0.430511, 0.978199, -0.133099, -0.159409, -0.165955, -0.039557, -0.985340, 0.124842, 0.990313, -0.060783),

              ["LeftUpperLeg"] = CFrame.new(0.000000, 0.000000, -0.000100, 0.993955, 0.097111, 0.051222, -0.088831, 0.985489, -0.144621, -0.064524, 0.139215, 0.988160),

              ["LowerTorso"] = CFrame.new(-0.000000, -0.122126, -0.061086, 1.000000, 0.000000, -0.000000, -0.000000, 0.997436, -0.071567, 0.000000, 0.071567, 0.997436),

              ["RightFoot"] = CFrame.new(-0.000000, 0.011567, -0.000103, 0.995661, 0.071186, 0.059941, -0.053625, 0.965286, -0.255648, -0.076054, 0.251307, 0.964910),

              ["RightHand"] = CFrame.new(-0.000484, 0.024926, 0.000000, 0.998629, -0.045036, 0.026690, 0.045961, 0.998327, -0.035092, -0.025065, 0.036271, 0.999028),

              ["RightLowerArm"] = CFrame.new(-0.000001, 0.119241, 0.086261, 1.000000, 0.000000, -0.000000, -0.000000, 0.108407, -0.994107, -0.000000, 0.994107, 0.108407),

              ["RightLowerLeg"] = CFrame.new(0.000000, 0.056259, -0.010803, 1.000000, 0.000000, 0.000000, -0.000000, 0.890229, 0.455506, 0.000000, -0.455514, 0.890232),

              ["RightUpperArm"] = CFrame.new(-0.653043, -0.015838, -0.512269, 0.964486, 0.195741, 0.177346, 0.201847, -0.113141, -0.972860, -0.170364, 0.974107, -0.148632),

              ["RightUpperLeg"] = CFrame.new(0.000000, 0.000000, -0.000000, 0.995660, -0.082383, -0.043281, 0.075294, 0.986472, -0.145596, 0.054691, 0.141723, 0.988397),

              ["UpperTorso"] = CFrame.new(0.000000, 0.067364, -0.000241, 1.000000, -0.000000, 0.000000, 0.000000, 0.999855, -0.017005, -0.000000, 0.017005, 0.999855)

          }},

          {Time = 0.240, Data = {

              ["Head"] = CFrame.new(-0.000000, 0.000000, 0.000000, 1.000000, -0.000000, -0.000000, 0.000000, 0.997413, 0.071880, -0.000000, -0.071880, 0.997413),

              ["LeftFoot"] = CFrame.new(-0.000000, 0.011981, -0.000003, 0.992990, -0.090420, -0.076135, 0.059906, 0.940211, -0.335306, 0.101895, 0.328372, 0.939028),

              ["LeftHand"] = CFrame.new(0.000484, 0.024345, -0.000000, 0.994329, 0.091658, -0.053925, -0.098442, 0.985143, -0.140722, 0.040225, 0.145232, 0.988580),

              ["LeftLowerArm"] = CFrame.new(-0.000500, 0.117293, 0.076964, 1.000000, -0.000000, 0.000000, 0.000000, 0.204978, -0.978767, 0.000000, 0.978767, 0.204977),

              ["LeftLowerLeg"] = CFrame.new(-0.000000, 0.059850, -0.012206, 1.000000, -0.000000, -0.000000, 0.000000, 0.874928, 0.484248, -0.000000, -0.484254, 0.874931),

              ["LeftUpperArm"] = CFrame.new(0.592731, 0.011533, -0.431371, 0.979227, -0.135231, -0.151087, -0.156295, -0.028696, -0.987294, 0.129177, 0.990398, -0.049235),

              ["LeftUpperLeg"] = CFrame.new(0.000000, -0.000000, -0.000100, 0.992989, 0.101758, 0.060145, -0.101949, 0.994790, 0.000117, -0.059820, -0.006229, 0.998190),

              ["LowerTorso"] = CFrame.new(-0.000000, -0.142685, -0.171439, 1.000000, 0.000000, -0.000000, -0.000000, 0.985720, -0.168395, 0.000000, 0.168395, 0.985720),

              ["RightFoot"] = CFrame.new(-0.000000, 0.012265, -0.000103, 0.994966, 0.076662, 0.064551, -0.050523, 0.939953, -0.337565, -0.086547, 0.332582, 0.939086),

              ["RightHand"] = CFrame.new(-0.000484, 0.024667, 0.000000, 0.998888, -0.040531, 0.024081, 0.041260, 0.998680, -0.030577, -0.022810, 0.031537, 0.999242),

              ["RightLowerArm"] = CFrame.new(-0.000001, 0.118770, 0.083540, 1.000000, 0.000000, -0.000000, -0.000000, 0.136727, -0.990609, -0.000000, 0.990609, 0.136727),

              ["RightLowerLeg"] = CFrame.new(0.000000, 0.060114, -0.012521, 1.000000, 0.000000, 0.000000, -0.000000, 0.872737, 0.488186, 0.000000, -0.488191, 0.872740),

              ["RightUpperArm"] = CFrame.new(-0.654328, -0.025955, -0.516123, 0.965812, 0.198547, 0.166695, 0.190037, -0.104857, -0.976161, -0.176335, 0.974466, -0.139004),

              ["RightUpperLeg"] = CFrame.new(0.000000, -0.000000, -0.000000, 0.994966, -0.086347, -0.050871, 0.086436, 0.996257, -0.000426, 0.050718, -0.003955, 0.998705),

              ["UpperTorso"] = CFrame.new(0.000000, 0.067302, 0.004965, 1.000000, -0.000000, 0.000000, 0.000000, 0.999267, 0.038272, -0.000000, -0.038272, 0.999267)

          }},

          {Time = 0.260, Data = {

              ["Head"] = CFrame.new(-0.000000, -0.000000, 0.000000, 1.000000, -0.000000, -0.000000, 0.000000, 0.989084, 0.147354, -0.000000, -0.147354, 0.989084),

              ["LeftFoot"] = CFrame.new(-0.000000, 0.012048, -0.000003, 0.991826, -0.097608, -0.082188, 0.056826, 0.914579, -0.400418, 0.114244, 0.392451, 0.912639),

              ["LeftHand"] = CFrame.new(0.000484, 0.024172, -0.000000, 0.994869, 0.087183, -0.051334, -0.093629, 0.985625, -0.140633, 0.038335, 0.144717, 0.988730),

              ["LeftLowerArm"] = CFrame.new(-0.000499, 0.116467, 0.073773, 1.000000, -0.000000, -0.000000, 0.000000, 0.238059, -0.971251, 0.000000, 0.971251, 0.238059),

              ["LeftLowerLeg"] = CFrame.new(0.000000, 0.060218, -0.012376, 1.000000, -0.000000, -0.000000, 0.000000, 0.873194, 0.487368, -0.000000, -0.487374, 0.873197),

              ["LeftUpperArm"] = CFrame.new(0.594166, 0.006276, -0.432579, 0.980257, -0.137362, -0.142224, -0.146476, -0.021302, -0.988985, 0.132819, 0.990292, -0.041002),

              ["LeftUpperLeg"] = CFrame.new(0.000000, -0.000000, -0.000100, 0.991826, 0.105302, 0.072066, -0.115821, 0.979950, 0.162143, -0.053547, -0.169146, 0.984132),

              ["LowerTorso"] = CFrame.new(-0.000000, -0.159493, -0.281151, 1.000000, 0.000000, -0.000000, -0.000000, 0.964626, -0.263621, 0.000000, 0.263621, 0.964626),

              ["RightFoot"] = CFrame.new(-0.000000, 0.012332, -0.000103, 0.994127, 0.082783, 0.069705, -0.047882, 0.914085, -0.402710, -0.097048, 0.396984, 0.912669),

              ["RightHand"] = CFrame.new(-0.000484, 0.024434, 0.000000, 0.999124, -0.035940, 0.021423, 0.036503, 0.998983, -0.026468, -0.020449, 0.027227, 0.999420),

              ["RightLowerArm"] = CFrame.new(-0.000000, 0.118176, 0.080511, 1.000000, 0.000000, -0.000000, -0.000000, 0.168195, -0.985754, -0.000000, 0.985754, 0.168195),

              ["RightLowerLeg"] = CFrame.new(0.000000, 0.060480, -0.012692, 1.000000, 0.000000, 0.000000, -0.000000, 0.870996, 0.491285, 0.000000, -0.491291, 0.870999),

              ["RightUpperArm"] = CFrame.new(-0.655613, -0.035975, -0.520363, 0.967135, 0.201253, 0.155396, 0.178035, -0.099659, -0.978965, -0.181532, 0.974456, -0.132214),

              ["RightUpperLeg"] = CFrame.new(0.000000, -0.000000, -0.000000, 0.994127, -0.089385, -0.061007, 0.098230, 0.981878, 0.162086, 0.045414, -0.167109, 0.984889),

              ["UpperTorso"] = CFrame.new(0.000000, 0.068894, 0.010069, 1.000000, -0.000000, 0.000000, 0.000000, 0.995610, 0.093602, -0.000000, -0.093602, 0.995610)

          }},

          {Time = 0.280, Data = {

              ["Head"] = CFrame.new(0.000000, -0.000000, 0.000000, 1.000000, -0.000000, -0.000000, 0.000000, 0.975212, 0.221275, -0.000000, -0.221275, 0.975212),

              ["LeftFoot"] = CFrame.new(0.000000, 0.011511, -0.000003, 0.990417, -0.105649, -0.088958, 0.054795, 0.891818, -0.449089, 0.126772, 0.439886, 0.889048),

              ["LeftHand"] = CFrame.new(0.000484, 0.023950, -0.000000, 0.995389, 0.082638, -0.048704, -0.088760, 0.986022, -0.141007, 0.036370, 0.144679, 0.988810),

              ["LeftLowerArm"] = CFrame.new(-0.000500, 0.115402, 0.070268, 1.000000, -0.000000, -0.000000, 0.000000, 0.274410, -0.961613, 0.000000, 0.961613, 0.274410),

              ["LeftLowerLeg"] = CFrame.new(-0.000000, 0.057259, -0.011046, 1.000000, -0.000000, -0.000000, 0.000000, 0.886733, 0.462276, -0.000000, -0.462283, 0.886736),

              ["LeftUpperArm"] = CFrame.new(0.595594, 0.001050, -0.434120, 0.981276, -0.139426, -0.132886, -0.136596, -0.017345, -0.990475, 0.135793, 0.990081, -0.036065),

              ["LeftUpperLeg"] = CFrame.new(0.000000, -0.000000, -0.000100, 0.990417, 0.107196, 0.087086, -0.130412, 0.933453, 0.334170, -0.045470, -0.342308, 0.938481),

              ["LowerTorso"] = CFrame.new(-0.000000, -0.172630, -0.389859, 1.000000, 0.000000, -0.000000, -0.000000, 0.934357, -0.356339, 0.000000, 0.356339, 0.934357),

              ["RightFoot"] = CFrame.new(-0.000000, 0.011798, -0.000103, 0.993111, 0.089639, 0.075477, -0.046121, 0.891108, -0.451465, -0.107720, 0.444849, 0.889091),

              ["RightHand"] = CFrame.new(-0.000484, 0.024255, -0.000000, 0.999334, -0.031317, 0.018747, 0.031744, 0.999233, -0.022923, -0.018014, 0.023503, 0.999562),

              ["RightLowerArm"] = CFrame.new(-0.000000, 0.117441, 0.077166, 1.000000, 0.000000, -0.000000, -0.000000, 0.202892, -0.979201, -0.000000, 0.979201, 0.202892),

              ["RightLowerLeg"] = CFrame.new(-0.000000, 0.057540, -0.011357, 1.000000, 0.000000, 0.000000, -0.000000, 0.884590, 0.466362, 0.000000, -0.466369, 0.884594),

              ["RightUpperArm"] = CFrame.new(-0.656887, -0.045952, -0.524979, 0.968439, 0.203796, 0.143503, 0.165945, -0.097591, -0.981294, -0.185979, 0.974137, -0.128330),

              ["RightUpperLeg"] = CFrame.new(0.000000, -0.000000, -0.000000, 0.993111, -0.091037, -0.073782, 0.110649, 0.935819, 0.334680, 0.038579, -0.340521, 0.939439),

              ["UpperTorso"] = CFrame.new(0.000000, 0.072106, 0.014798, 1.000000, -0.000000, 0.000000, 0.000000, 0.988860, 0.148849, -0.000000, -0.148849, 0.988860)

          }},

          {Time = 0.300, Data = {

              ["Head"] = CFrame.new(-0.000000, 0.000000, 0.000000, 1.000000, -0.000000, -0.000000, 0.000000, 0.956093, 0.293064, -0.000000, -0.293064, 0.956093),

              ["LeftFoot"] = CFrame.new(0.000000, 0.010331, -0.000003, 0.988704, -0.114656, -0.096542, 0.054549, 0.875177, -0.480742, 0.139602, 0.470021, 0.871531),

              ["LeftHand"] = CFrame.new(0.000485, 0.023518, 0.000000, 0.995883, 0.078073, -0.046062, -0.083883, 0.986334, -0.141810, 0.034361, 0.145089, 0.988822),

              ["LeftLowerArm"] = CFrame.new(-0.000499, 0.113961, 0.066501, 1.000000, -0.000000, -0.000000, 0.000000, 0.313590, -0.949559, 0.000000, 0.949559, 0.313590),

              ["LeftLowerLeg"] = CFrame.new(0.000000, 0.050685, -0.008403, 1.000000, -0.000000, -0.000000, 0.000000, 0.913608, 0.406587, -0.000000, -0.406597, 0.913612),

              ["LeftUpperArm"] = CFrame.new(0.597011, -0.004190, -0.435980, 0.982271, -0.141334, -0.123163, -0.126745, -0.016596, -0.991797, 0.138130, 0.989823, -0.034216),

