return {
    ["Shadowbox"] = {
        {Time = 0.000, Data = {
            ["RightFoot"] = CFrame.new(-3.5390257835388184e-08, 4.172325134277344e-07, 3.149762051180005e-08, 0.9990913271903992, -0.01991780661046505, -0.037681058049201965, 0.009591316804289818, 0.9664797186851501, -0.25656360387802124, 0.041528064757585526, 0.2559695243835449, 0.9657926559448242),
            ["LeftLowerArm"] = CFrame.new(-2.086162567138672e-07, 2.384185791015625e-07, 8.940696716308594e-08, 1, -4.190951941041021e-08, 3.725290742551124e-09, 3.725290653733282e-08, 0.9374075531959534, -0.3482343256473541, 5.587936335871291e-09, 0.3482343256473541, 0.9374076128005981),
            ["RightUpperArm"] = CFrame.new(-5.960464477539063e-08, 9.5367431640625e-07, -2.9802322387695312e-08, 0.8257237672805786, -0.21501213312149048, 0.5214883685112, 0.14266730844974518, 0.9740500450134277, 0.17570631206035614, -0.5457347631454468, -0.0706855058670044, 0.8349714875221252),
            ["Head"] = CFrame.new(2.7939677238464355e-08, 5.960464477539062e-07, -2.60770320892334e-08, 0.9885653257369995, 0.05461730808019638, 0.14055505394935608, -0.06330445408821106, 0.99630206823349, 0.05809282511472702, -0.1368623673915863, -0.06632629036903381, 0.9883671998977661),
            ["RightHand"] = CFrame.new(-1.4901161193847656e-08, 1.7881393432617188e-07, -3.725290298461914e-08, 0.9877408742904663, 0.11412045359611511, -0.10651066899299622, -0.10987473279237747, 0.9929293394088745, 0.04493242874741554, 0.11088529974222183, -0.0326787605881691, 0.9932958483695984),
            ["UpperTorso"] = CFrame.new(-6.51925802230835e-09, 1.4901161193847656e-07, -2.3283064365386963e-09, 0.9980049133300781, 0.061299897730350494, -0.01512178871780634, -0.06119167059659958, 0.9980977773666382, 0.007519255392253399, 0.015554018318653107, -0.0065789115615189075, 0.9998574256896973),
            ["HumanoidRootPart"] = CFrame.new(0, 0, 0, 1, 0, 0, 0, 1, 0, 0, 0, 1),
            ["RightUpperLeg"] = CFrame.new(-2.9802322387695312e-08, 9.463838068768382e-08, 3.601599019020796e-09, 0.9801374077796936, 0.0953710749745369, -0.17388248443603516, -0.10492740571498871, 0.9933875799179077, -0.0465993694961071, 0.16828854382038116, 0.06391855329275131, 0.9836633205413818),
            ["LeftUpperArm"] = CFrame.new(5.960464477539063e-08, 3.5762786865234375e-07, -1.4901161193847656e-08, 0.9584863781929016, 0.15592719614505768, -0.23872718214988708, -0.10137587040662766, 0.9688816666603088, 0.22581259906291962, 0.2665087580680847, -0.19223710894584656, 0.9444671273231506),
            ["RightLowerArm"] = CFrame.new(0, 4.76837158203125e-07, 1.648440957069397e-07, 1, -3.352760913344355e-08, -3.7252898543727042e-09, 3.725290298461914e-08, 0.9825319647789001, -0.18609391152858734, -2.0489096641540527e-08, 0.18609392642974854, 0.9825319647789001),
            ["LeftHand"] = CFrame.new(-3.725290298461914e-07, 2.384185791015625e-07, -7.450580596923828e-08, 0.9956121444702148, -0.06976894289255142, 0.06236109510064125, 0.07935367524623871, 0.9826735854148865, -0.16749855875968933, -0.04959435760974884, 0.17171216011047363, 0.9838981032371521),
            ["LeftFoot"] = CFrame.new(-3.4502591006457806e-08, 1.1920928955078125e-07, -2.3283064365386963e-09, 0.9867920279502869, 0.026792891323566437, 0.15976139903068542, 0.01622225157916546, 0.9649252891540527, -0.26202288269996643, -0.1611781269311905, 0.26115408539772034, 0.9517459869384766),
            ["LowerTorso"] = CFrame.new(-0.018459688872098923, -0.07885956764221191, -0.07285589724779129, 0.9861668944358826, -0.08853860199451447, -0.14012794196605682, 0.08131860941648483, 0.9950883984565735, -0.05644852668046951, 0.14443755149841309, 0.044272661209106445, 0.988523006439209),
            ["RightLowerLeg"] = CFrame.new(5.587935447692871e-09, -0.00012236833572387695, -0.0000774172876845114, 1, -3.725289943190546e-08, -6.519259798665189e-09, 6.030314381177959e-08, 0.9378721714019775, 0.3469809889793396, -3.492460010079412e-08, -0.34698107838630676, 0.9378722906112671),
            ["LeftUpperLeg"] = CFrame.new(-5.960464477539063e-08, -4.270114004611969e-07, 7.450580596923828e-09, 0.9869998693466187, 0.1244271919131279, 0.10173124819993973, -0.08058010786771774, 0.9307656288146973, -0.3566259741783142, -0.1390620470046997, 0.34379249811172485, 0.9286919236183167),
            ["LeftLowerLeg"] = CFrame.new(-2.9103830456733704e-09, 0.00012260675430297852, 0.00007745111361145973, 1, 5.110631562388335e-08, 4.272443732133979e-08, -5.8847930972660834e-08, 0.7243344783782959, 0.6894489526748657, 1.5832480215749456e-08, -0.6894487142562866, 0.7243342399597168),
        }},
        {Time = 0.033, Data = {
            ["RightFoot"] = CFrame.new(3.073364496231079e-08, 2.384185791015625e-07, 3.149762051180005e-08, 0.9985089898109436, -0.020413687452673912, -0.05062779784202576, 0.006096933037042618, 0.9633482694625854, -0.2681847810745239, 0.05424674600362778, 0.26747646927833557, 0.9620363116264343),
            ["LeftLowerArm"] = CFrame.new(-2.086162567138672e-07, 2.980232238769531e-07, 0, 1, -3.9581212973871516e-08, 3.91155481338501e-08, 4.0978196835794733e-08, 0.8992834091186523, -0.43736639618873596, 3.9115551686563776e-08, 0.43736639618873596, 0.8992834091186523),
            ["RightUpperArm"] = CFrame.new(-5.960464477539063e-08, 2.384185791015625e-07, -1.4901161193847656e-08, 0.8069923520088196, -0.2132112681865692, 0.5507308840751648, 0.14370723068714142, 0.9754192233085632, 0.16705019772052765, -0.5728103518486023, -0.055664245039224625, 0.8177956938743591),
            ["Head"] = CFrame.new(-1.0302755981683731e-08, -2.384185791015625e-07, -2.0023435354232788e-08, 0.9893112778663635, 0.055352792143821716, 0.1349051147699356, -0.06293636560440063, 0.9966298937797546, 0.052610378712415695, -0.13153833150863647, -0.06053847074508667, 0.9894608855247498),
            ["RightHand"] = CFrame.new(2.8312206268310547e-07, 2.384185791015625e-07, 1.4901161193847656e-08, 0.983238935470581, 0.1589537411928177, -0.08930372446775436, -0.1555619239807129, 0.9868554472923279, 0.043781910091638565, 0.09508909285068512, -0.029155820608139038, 0.9950417876243591),
            ["UpperTorso"] = CFrame.new(-1.1175870895385742e-08, -2.9802322387695312e-08, 7.916241884231567e-09, 0.9984720945358276, 0.05336049944162369, -0.014357483945786953, -0.053294312208890915, 0.9985666871070862, 0.004954326897859573, 0.014601251110434532, -0.004181590396910906, 0.9998846650123596),
            ["HumanoidRootPart"] = CFrame.new(0, 0, 0, 1, 0, 0, 0, 1, 0, 0, 0, 1),
            ["RightUpperLeg"] = CFrame.new(-5.960464477539063e-08, -1.961016096174717e-07, 4.1145540308207273e-08, 0.980587363243103, 0.08979059010744095, -0.17431652545928955, -0.10048577189445496, 0.9934983849525452, -0.053513817489147186, 0.16837799549102783, 0.06999122351408005, 0.9832345247268677),
            ["LeftUpperArm"] = CFrame.new(1.1920928955078125e-07, -3.5762786865234375e-07, 0, 0.9489107728004456, 0.1867518275976181, -0.2543465495109558, -0.12065556645393372, 0.9595437049865723, 0.25439751148223877, 0.29156574606895447, -0.2107122540473938, 0.9330540299415588),
            ["RightLowerArm"] = CFrame.new(-3.5762786865234375e-07, -5.960464477539063e-08, -3.725290298461914e-08, 1, -7.450583261459087e-09, 5.587936779960501e-09, 2.6077039194660756e-08, 0.9710770845413208, -0.23876658082008362, -3.725291186640334e-09, 0.238766610622406, 0.971077024936676),
            ["LeftHand"] = CFrame.new(-1.043081283569336e-07, 5.960464477539063e-08, -4.470348358154297e-08, 0.9932115077972412, -0.07551678270101547, 0.08847702294588089, 0.08902210742235184, 0.9830491542816162, -0.16027934849262238, -0.0748734325170517, 0.1670677214860916, 0.9830983877182007),
            ["LeftFoot"] = CFrame.new(-2.153683453798294e-08, -5.960464477539063e-08, 3.841705620288849e-08, 0.9883676767349243, 0.029581725597381592, 0.1491786241531372, 0.010500892996788025, 0.9652854800224304, -0.2609861195087433, -0.1517205834388733, 0.25951671600341797, 0.9537463188171387),
            ["LowerTorso"] = CFrame.new(-0.019243165850639343, -0.07938790321350098, -0.08151790499687195, 0.9886366724967957, -0.08154936879873276, -0.12628242373466492, 0.07630494236946106, 0.9960306286811829, -0.04583218693733215, 0.12951874732971191, 0.03567540645599365, 0.9909349679946899),
            ["RightLowerLeg"] = CFrame.new(2.9802322387695312e-08, -0.00012230873107910156, -0.00007743963942630216, 1, -6.70552182668871e-08, 8.381900329368364e-08, 5.343462561313572e-08, 0.9350104331970215, 0.354620099067688, -6.984918199393064e-10, -0.35462039709091187, 0.9350104928016663),
            ["LeftUpperLeg"] = CFrame.new(5.960464477539063e-08, 8.847564458847046e-09, 2.2351741790771484e-08, 0.9881206154823303, 0.11639565229415894, 0.10034836828708649, -0.0727265402674675, 0.9293848872184753, -0.3618764877319336, -0.1353830248117447, 0.35027971863746643, 0.9268093705177307),
            ["LeftLowerLeg"] = CFrame.new(-2.8870999813079834e-08, 0.00012248754501342773, 0.00007747067138552666, 1, 7.520429079477253e-08, 1.6065316188473844e-08, -6.752088665962219e-08, 0.7285277247428894, 0.6850166320800781, 1.210719347000122e-08, -0.685016393661499, 0.7285274267196655),
        }},
        {Time = 0.067, Data = {
            ["RightFoot"] = CFrame.new(-6.51925802230835e-09, 4.172325134277344e-07, -2.029992174357176e-09, 0.9973577260971069, -0.023453716188669205, -0.06875665485858917, 0.0033650845289230347, 0.9603511095046997, -0.27877309918403625, 0.07256875187158585, 0.2778053283691406, 0.9578925967216492),
            ["LeftLowerArm"] = CFrame.new(-5.960464477539063e-08, 1.1920928955078125e-07, -1.7881393432617188e-07, 1, -6.33299421792799e-08, 1.1175873559921001e-08, 5.960465898624534e-08, 0.868399441242218, -0.49586552381515503, 2.7939684343891713e-08, 0.4958655536174774, 0.8683993816375732),
            ["RightUpperArm"] = CFrame.new(1.1920928955078125e-07, -1.1920928955078125e-07, 2.2351741790771484e-08, 0.7871715426445007, -0.2081575095653534, 0.5805442333221436, 0.14800679683685303, 0.9775712490081787, 0.1498284637928009, -0.5987111926078796, -0.03201620280742645, 0.8003249168395996),
            ["Head"] = CFrame.new(-1.862645149230957e-09, -2.384185791015625e-07, 9.313225746154785e-09, 0.9899571537971497, 0.056938812136650085, 0.12939448654651642, -0.06295078992843628, 0.9970962405204773, 0.042854391038417816, -0.1265786737203598, -0.050569500774145126, 0.9906668066978455),
            ["RightHand"] = CFrame.new(5.960464477539063e-08, -1.1920928955078125e-07, -2.9802322387695312e-08, 0.9801415801048279, 0.18363776803016663, -0.07483135163784027, -0.18035568296909332, 0.9824030995368958, 0.04853866994380951, 0.0824279859662056, -0.03407851606607437, 0.9960141777992249),
            ["UpperTorso"] = CFrame.new(-1.955777406692505e-08, 1.7881393432617188e-07, 1.3969838619232178e-09, 0.9989075064659119, 0.0451192632317543, -0.012170856818556786, -0.04506796970963478, 0.9989739656448364, 0.004456032533198595, 0.012359422631561756, -0.0039026523008942604, 0.9999160170555115),
            ["HumanoidRootPart"] = CFrame.new(0, 0, 0, 1, 0, 0, 0, 1, 0, 0, 0, 1),
            ["RightUpperLeg"] = CFrame.new(-5.960464477539063e-08, 2.2759195417165756e-08, -3.5579432733356953e-09, 0.9817458987236023, 0.08589811623096466, -0.16969609260559082, -0.09821794182062149, 0.9930020570755005, -0.06557679921388626, 0.16287553310394287, 0.08104681968688965, 0.9833122491836548),
            ["LeftUpperArm"] = CFrame.new(0, 1.1920928955078125e-07, -7.450580596923828e-09, 0.9363139271736145, 0.21042132377624512, -0.2811390161514282, -0.13027095794677734, 0.951597273349762, 0.2783741354942322, 0.32610687613487244, -0.22402134537696838, 0.9184055924415588),
            ["RightLowerArm"] = CFrame.new(-2.384185791015625e-07, 3.5762786865234375e-07, -1.4156103134155273e-07, 1, -2.9802315282267955e-08, -4.284083487959833e-08, 3.539026494081554e-08, 0.9602108597755432, -0.2792761027812958, 5.587936779960501e-09, 0.2792761027812958, 0.960210919380188),
            ["LeftHand"] = CFrame.new(2.2351741790771484e-07, 5.364418029785156e-07, -1.1920928955078125e-07, 0.9919897317886353, -0.0805114135146141, 0.09733624011278152, 0.0936170443892479, 0.9859153628349304, -0.1385890394449234, -0.08480733633041382, 0.1465911865234375, 0.985555112361908),
            ["LeftFoot"] = CFrame.new(-2.8405338525772095e-08, 0, 1.7229467630386353e-08, 0.9889112114906311, 0.03277656435966492, 0.1448463499546051, 0.005962657742202282, 0.9657909274101257, -0.25925320386886597, -0.14838868379592896, 0.2572421133518219, 0.9548860192298889),
            ["LowerTorso"] = CFrame.new(-0.018496233969926834, -0.08008360862731934, -0.08900046348571777, 0.9905110597610474, -0.07492455095052719, -0.11521374434232712, 0.07139959931373596, 0.9968534111976624, -0.03442905470728874, 0.11743079125881195, 0.02587614208459854, 0.9927439093589783),
            ["RightLowerLeg"] = CFrame.new(-4.0978193283081055e-08, -0.00012236833572387695, -0.00007740983710391447, 1, -4.8428766774577525e-08, 6.798652663064786e-08, 6.86850469833189e-08, 0.9302912354469299, 0.3668215274810791, 1.3271348464627408e-08, -0.3668217658996582, 0.9302912950515747),
            ["LeftUpperLeg"] = CFrame.new(-1.7881393432617188e-07, -4.540197551250458e-08, 1.862645149230957e-08, 0.9895575046539307, 0.10815167427062988, 0.09528514742851257, -0.06586761772632599, 0.9273037314414978, -0.36846891045570374, -0.12820878624916077, 0.3583449423313141, 0.9247440099716187),
            ["LeftLowerLeg"] = CFrame.new(1.3969838619232178e-08, 0.0001227259635925293, 0.0000773891806602478, 1, 6.845216660167353e-08, 3.4924587666296247e-09, -6.752088665962219e-08, 0.7316077351570129, 0.6817260384559631, 1.6763806343078613e-08, -0.681725800037384, 0.7316075563430786),
        }},
        {Time = 0.100, Data = {
            ["RightFoot"] = CFrame.new(3.91155481338501e-08, 2.384185791015625e-07, 9.145878721028566e-09, 0.9946244359016418, -0.029409602284431458, -0.09928448498249054, -0.0004863860667683184, 0.9574817419052124, -0.28849369287490845, 0.10354781150817871, 0.2869912385940552, 0.9523203372955322),
            ["LeftLowerArm"] = CFrame.new(2.086162567138672e-07, 2.384185791015625e-07, 2.5331974029541016e-07, 1, -7.450579886381092e-08, 5.587934559514451e-09, 5.21540641784668e-08, 0.8545343279838562, -0.5193949341773987, 3.725290298461914e-08, 0.5193948745727539, 0.854534387588501),
            ["RightUpperArm"] = CFrame.new(-1.7881393432617188e-07, -1.1920928955078125e-07, 3.725290298461914e-09, 0.7685826420783997, -0.19927704334259033, 0.6079221963882446, 0.1585593968629837, 0.9799366593360901, 0.12076026201248169, -0.6197900176048279, 0.003577535506337881, 0.784759521484375),
            ["Head"] = CFrame.new(0, 1.1920928955078125e-07, 4.6566128730773926e-09, 0.9909170269966125, 0.05786998197436333, 0.12138637155294418, -0.061320897191762924, 0.9978078007698059, 0.02488568425178528, -0.11968012899160385, -0.03210316225886345, 0.9922933578491211),
            ["RightHand"] = CFrame.new(2.9802322387695312e-08, -5.960464477539063e-08, -8.940696716308594e-08, 0.9805866479873657, 0.18724752962589264, -0.05820876359939575, -0.18446756899356842, 0.9815667271614075, 0.0499846525490284, 0.06649521738290787, -0.03827667236328125, 0.9970523715019226),
            ["UpperTorso"] = CFrame.new(-2.2351741790771484e-08, 2.682209014892578e-07, 2.0023435354232788e-08, 0.9992544651031494, 0.03707920387387276, -0.010751297697424889, -0.036979593336582184, 0.9992725849151611, 0.0093214251101017, 0.01108909398317337, -0.00891689583659172, 0.9998987913131714),
            ["HumanoidRootPart"] = CFrame.new(0, 0, 0, 1, 0, 0, 0, 1, 0, 0, 0, 1),
            ["RightUpperLeg"] = CFrame.new(1.7881393432617188e-07, -4.837056621909142e-07, 5.75528247281909e-09, 0.9840232133865356, 0.08490317314863205, -0.1564921885728836, -0.0996251255273819, 0.991058886051178, -0.08875411748886108, 0.1475573480129242, 0.10292661190032959, 0.9836833477020264),
            ["LeftUpperArm"] = CFrame.new(1.1920928955078125e-07, -5.960464477539062e-07, 3.725290298461914e-09, 0.9226922392845154, 0.22580255568027496, -0.3124937117099762, -0.13247908651828766, 0.9468801021575928, 0.2930315434932709, 0.36206135153770447, -0.22897905111312866, 0.9035929441452026),
            ["RightLowerArm"] = CFrame.new(0, -2.384185791015625e-07, 1.7881393432617188e-07, 1, -1.862645149230957e-08, 3.725290298461914e-08, 2.3283064365386963e-08, 0.9552257657051086, -0.2958780527114868, 1.1175870895385742e-08, 0.2958780527114868, 0.9552257061004639),
            ["LeftHand"] = CFrame.new(1.4901161193847656e-08, -2.980232238769531e-07, 5.960464477539063e-08, 0.9905644655227661, -0.09100911021232605, 0.10246717929840088, 0.1019236370921135, 0.9890350103378296, -0.10687080025672913, -0.0916173905134201, 0.11630626767873764, 0.9889788627624512),
            ["LeftFoot"] = CFrame.new(5.9371814131736755e-09, -1.1920928955078125e-07, -1.4551915228366852e-08, 0.9877908825874329, 0.0386161208152771, 0.1509236842393875, 0.0005553383380174637, 0.9679121971130371, -0.2512887418270111, -0.15578484535217285, 0.24830427765846252, 0.9560732841491699),
            ["LowerTorso"] = CFrame.new(-0.015578916296362877, -0.08105778694152832, -0.0931621566414833, 0.9922276139259338, -0.0683455616235733, -0.10398650914430618, 0.0663185864686966, 0.9975372552871704, -0.02283097244799137, 0.10529081523418427, 0.015757283195853233, 0.9943166375160217),
            ["RightLowerLeg"] = CFrame.new(-3.3527612686157227e-08, -0.00012230873107910156, -0.00007740983710391447, 1, -5.215407838932151e-08, -3.166496398421259e-08, 5.8673329306202504e-08, 0.9196869134902954, 0.3926520347595215, -6.05359762317903e-09, -0.3926525413990021, 0.9196871519088745),
            ["LeftUpperLeg"] = CFrame.new(0, -3.306195139884949e-08, -7.450580596923828e-09, 0.9920474290847778, 0.09716814756393433, 0.08000212907791138, -0.05981207266449928, 0.9232083559036255, -0.379616916179657, -0.11074512451887131, 0.3718126714229584, 0.9216783046722412),
            ["LeftLowerLeg"] = CFrame.new(2.9569491744041443e-08, 0.0001227259635925293, 0.0000775214284658432, 1, 6.053597445543346e-08, 2.095475082342091e-08, -5.797483026981354e-08, 0.7311588525772095, 0.6822071671485901, 6.51925802230835e-09, -0.6822073459625244, 0.7311589121818542),
        }},
        {Time = 0.133, Data = {
            ["RightFoot"] = CFrame.new(6.332993507385254e-08, 2.384185791015625e-07, -5.75528247281909e-09, 0.9887558221817017, -0.04492276534438133, -0.14263273775577545, -0.0006463313475251198, 0.9525184631347656, -0.30448004603385925, 0.1495383232831955, 0.3011488914489746, 0.9417791962623596),
            ["LeftLowerArm"] = CFrame.new(-2.980232238769531e-07, -4.76837158203125e-07, 0, 1, -5.960464477539063e-08, -1.4901161193847656e-08, 3.725290298461914e-08, 0.8540789484977722, -0.5201433897018433, -1.6763806343078613e-08, 0.5201433897018433, 0.8540789484977722),
            ["RightUpperArm"] = CFrame.new(0, 7.152557373046875e-07, 9.313225746154785e-10, 0.7558757662773132, -0.19048893451690674, 0.6263911128044128, 0.17731349170207977, 0.9805440902709961, 0.08422183990478516, -0.6302474141120911, 0.04740635305643082, 0.774945855140686),
            ["Head"] = CFrame.new(2.2351741790771484e-08, 5.960464477539062e-07, 1.862645149230957e-09, 0.9921603202819824, 0.05843644589185715, 0.11046763509511948, -0.05698981508612633, 0.9982432126998901, -0.01621061936020851, -0.1112208142876625, 0.009788003750145435, 0.9937475919723511),
            ["RightHand"] = CFrame.new(-1.7881393432617188e-07, 1.1920928955078125e-07, -7.450580596923828e-09, 0.9807221293449402, 0.19162052869796753, -0.038284167647361755, -0.18934234976768494, 0.9802991151809692, 0.056241460144519806, 0.04830699414014816, -0.04790843278169632, 0.9976829886436462),
            ["UpperTorso"] = CFrame.new(-1.257285475730896e-08, -2.086162567138672e-07, -3.259629011154175e-09, 0.9994665384292603, 0.03038017638027668, -0.011985858902335167, -0.03008854202926159, 0.9992638230323792, 0.02380436658859253, 0.012700207531452179, -0.02343102917075157, 0.9996448755264282),
            ["HumanoidRootPart"] = CFrame.new(0, 0, 0, 1, 0, 0, 0, 1, 0, 0, 0, 1),
            ["RightUpperLeg"] = CFrame.new(1.7881393432617188e-07, -2.1114828996360302e-08, 3.892637323588133e-09, 0.9863123893737793, 0.08709026128053665, -0.1400117725133896, -0.10626425594091415, 0.9850096702575684, -0.1358819305896759, 0.12607891857624054, 0.14890006184577942, 0.9807817935943604),
            ["LeftUpperArm"] = CFrame.new(5.960464477539063e-08, 4.76837158203125e-07, 3.725290298461914e-09, 0.9042147994041443, 0.23876430094242096, -0.35410070419311523, -0.1348821073770523, 0.9463416337966919, 0.2936740815639496, 0.40521910786628723, -0.21778258681297302, 0.8879010081291199),
            ["RightLowerArm"] = CFrame.new(4.172325134277344e-07, -6.556510925292969e-07, 4.470348358154297e-08, 1, 3.725290742551124e-09, 4.0978193283081055e-08, 1.909211277961731e-08, 0.9514287710189819, -0.3078692853450775, 1.30385160446167e-08, 0.3078693151473999, 0.9514287114143372),
            ["LeftHand"] = CFrame.new(-3.129243850708008e-07, 0, 1.043081283569336e-07, 0.9879304766654968, -0.10586761683225632, 0.11307302117347717, 0.11516926437616348, 0.9901870489120483, -0.07915685325860977, -0.10358328372240067, 0.09122402220964432, 0.990428626537323),
            ["LeftFoot"] = CFrame.new(-1.979060471057892e-09, 0, -2.7939677238464355e-09, 0.9883145689964294, 0.04813866317272186, 0.14462707936763763, -0.01253985334187746, 0.9712828993797302, -0.2375968098640442, -0.15191136300563812, 0.23300683498382568, 0.9605367183685303),
            ["LowerTorso"] = CFrame.new(-0.010510607622563839, -0.08591723442077637, -0.08745694160461426, 0.9944258332252502, -0.06227877363562584, -0.08508003503084183, 0.06179117038846016, 0.9980541467666626, -0.008355063386261463, 0.08543482422828674, 0.0030512965749949217, 0.9963390827178955),
            ["RightLowerLeg"] = CFrame.new(-2.9802322387695312e-08, -0.00012224912643432617, -0.00007733533129794523, 1, -5.5879347371501353e-08, -2.7008351111135198e-08, 6.23986053938097e-08, 0.8943185210227966, 0.44743067026138306, 4.6566123179658803e-10, -0.44743087887763977, 0.8943186402320862),
            ["LeftUpperLeg"] = CFrame.new(-1.7881393432617188e-07, 2.7153873816132545e-08, -2.421438694000244e-08, 0.9936254024505615, 0.09043914079666138, 0.06730105727910995, -0.05508171766996384, 0.9103637337684631, -0.41012656688690186, -0.09835994988679886, 0.4038051664829254, 0.9095420241355896),
            ["LeftLowerLeg"] = CFrame.new(8.707866072654724e-08, 0.0001227855682373047, 0.00007745297625660896, 1, 7.404013047107583e-08, 1.6298145055770874e-09, -5.83240833407217e-08, 0.7193973064422607, 0.6945988535881042, 1.0943041139910292e-08, -0.6945987343788147, 0.7193973660469055),
        }},
        {Time = 0.167, Data = {
            ["RightFoot"] = CFrame.new(-8.381903171539307e-09, 3.5762786865234375e-07, 5.3849362302571535e-08, 0.9786450862884521, -0.07247931510210037, -0.19235578179359436, 0.0017536079976707697, 0.9386842250823975, -0.34477320313453674, 0.2055501937866211, 0.3370738625526428, 0.9187659025192261),
            ["LeftLowerArm"] = CFrame.new(-1.1920928955078125e-07, 1.1920928955078125e-07, 0, 1, -6.332992796842518e-08, 7.450581307466564e-08, 4.4703494239684005e-08, 0.8470358848571777, -0.531535804271698, 2.2351747119842003e-08, 0.5315357446670532, 0.8470359444618225),
            ["RightUpperArm"] = CFrame.new(1.1920928955078125e-07, 3.5762786865234375e-07, 3.3527612686157227e-08, 0.7443451285362244, -0.19004501402378082, 0.6401821374893188, 0.19961293041706085, 0.9781401753425598, 0.05827982723712921, -0.6372637152671814, 0.08440834283828735, 0.7660093307495117),
            ["Head"] = CFrame.new(2.1420419216156006e-08, 1.1920928955078125e-07, 9.313225746154785e-09, 0.994024395942688, 0.05515264719724655, 0.09420064836740494, -0.04822086542844772, 0.9960663914680481, -0.07434114813804626, -0.09793022274971008, 0.06935448199510574, 0.992773711681366),
            ["RightHand"] = CFrame.new(-1.4901161193847656e-07, -3.5762786865234375e-07, -1.862645149230957e-08, 0.9804988503456116, 0.1947908103466034, -0.026052821427583694, -0.1928764432668686, 0.9792277812957764, 0.06254471093416214, 0.037694718688726425, -0.056300051510334015, 0.9977021217346191),
            ["UpperTorso"] = CFrame.new(-7.916241884231567e-09, -1.7881393432617188e-07, -9.89530235528946e-09, 0.9995446801185608, 0.02516341395676136, -0.016650795936584473, -0.02425103262066841, 0.9983054995536804, 0.052896544337272644, 0.017953654751181602, -0.0524686723947525, 0.9984611868858337),
            ["HumanoidRootPart"] = CFrame.new(0, 0, 0, 1, 0, 0, 0, 1, 0, 0, 0, 1),
            ["RightUpperLeg"] = CFrame.new(-5.960464477539063e-08, 3.2539537642151117e-07, -9.968061931431293e-10, 0.9875940680503845, 0.08919588476419449, -0.12923689186573029, -0.11460188776254654, 0.9720573425292969, -0.20486830174922943, 0.10735240578651428, 0.21713733673095703, 0.9702199697494507),
            ["LeftUpperArm"] = CFrame.new(0, 1.1920928955078125e-07, 3.725290298461914e-09, 0.8738828301429749, 0.2625187933444977, -0.40916091203689575, -0.1442936360836029, 0.9437982439994812, 0.29736238718032837, 0.46422848105430603, -0.20082056522369385, 0.8626489043235779),
            ["RightLowerArm"] = CFrame.new(1.7881393432617188e-07, 1.1920928955078125e-07, -5.960464477539063e-08, 1, -4.0046874261179255e-08, -8.940698137394065e-08, 3.5390254282674505e-08, 0.939943253993988, -0.34133076667785645, 6.146728281919422e-08, 0.34133076667785645, 0.9399433135986328),
            ["LeftHand"] = CFrame.new(-1.4901161193847656e-07, -1.7881393432617188e-07, -1.9744038581848145e-07, 0.9850242733955383, -0.12317290902137756, 0.12064740061759949, 0.12958809733390808, 0.9904616475105286, -0.04682544991374016, -0.11372900009155273, 0.06175865978002548, 0.9915904998779297),
            ["LeftFoot"] = CFrame.new(9.080395102500916e-09, -1.1920928955078125e-07, 3.725290298461914e-09, 0.9930281639099121, 0.06221115589141846, 0.10012508183717728, -0.0380677729845047, 0.97312992811203, -0.2270878702402115, -0.11156171560287476, 0.22169315814971924, 0.9687137007713318),
            ["LowerTorso"] = CFrame.new(-0.002044111490249634, -0.10522937774658203, -0.0750860944390297, 0.9967349171638489, -0.05613112449645996, -0.058042146265506744, 0.05626341700553894, 0.9984157681465149, 0.0006462372257374227, 0.057913921773433685, -0.0039097764529287815, 0.9983139038085938),
            ["RightLowerLeg"] = CFrame.new(-8.568167686462402e-08, -0.0001221299171447754, -0.00007738003478152677, 1, -9.313222193441106e-08, -4.6566135836201283e-08, 7.82310962677002e-08, 0.8390576839447021, 0.5440425276756287, -3.818422555923462e-08, -0.5440425872802734, 0.8390576839447021),
            ["LeftUpperLeg"] = CFrame.new(2.384185791015625e-07, 2.404267434030771e-07, -1.8510036170482635e-08, 0.9910062551498413, 0.10087139904499054, 0.08792939782142639, -0.04853864386677742, 0.8833109736442566, -0.46626800298690796, -0.1247023493051529, 0.4578065574169159, 0.8802628517150879),
            ["LeftLowerLeg"] = CFrame.new(8.66129994392395e-08, 0.00012248754501342773, 0.00007743015885353088, 1, 8.847561616676103e-08, 1.5133991837501526e-08, -6.007029895727101e-08, 0.6746999621391296, 0.7380926012992859, 3.981403651209803e-08, -0.7380921840667725, 0.6746995449066162),
        }},
        {Time = 0.200, Data = {
            ["RightFoot"] = CFrame.new(2.7939677238464355e-09, 3.5762786865234375e-07, 2.4047039914876223e-08, 0.9675891995429993, -0.10000874102115631, -0.23188313841819763, -0.007781080901622772, 0.9059955477714539, -0.42321550846099854, 0.25240984559059143, 0.4113032817840576, 0.8758532404899597),
            ["LeftLowerArm"] = CFrame.new(1.7881393432617188e-07, 0.0000010132789611816406, 5.960464477539063e-08, 1, -2.980232949312267e-08, 2.6077039194660756e-08, 5.2154071283894154e-08, 0.8314633369445801, -0.5555797815322876, -5.2154071283894154e-08, 0.5555797219276428, 0.8314632773399353),
            ["RightUpperArm"] = CFrame.new(1.1920928955078125e-07, 1.1920928955078125e-07, -3.725290298461914e-09, 0.7169428467750549, -0.1970047652721405, 0.6687168478965759, 0.224175363779068, 0.973442018032074, 0.04643475264310837, -0.6601048111915588, 0.11661877483129501, 0.7420658469200134),
            ["Head"] = CFrame.new(-6.51925802230835e-09, 2.384185791015625e-07, 2.444721758365631e-08, 0.995229959487915, 0.05808723345398903, 0.07837952673435211, -0.04787225276231766, 0.990818977355957, -0.12643642723560333, -0.08500427007675171, 0.12208113819360733, 0.9888733625411987),
            ["RightHand"] = CFrame.new(2.9802322387695312e-08, 5.960464477539063e-08, 0, 0.9803587794303894, 0.19470326602458954, -0.031423501670360565, -0.1925804615020752, 0.9794198870658875, 0.06041082739830017, 0.042539048939943314, -0.05317274481058121, 0.9976788759231567),
            ["UpperTorso"] = CFrame.new(-1.6298145055770874e-09, -1.4901161193847656e-07, -1.0128132998943329e-08, 0.9996719360351562, 0.01825784705579281, -0.01796211674809456, -0.016756659373641014, 0.996618390083313, 0.08044322580099106, 0.019370097666978836, -0.08011585474014282, 0.9965973496437073),
            ["HumanoidRootPart"] = CFrame.new(0, 0, 0, 1, 0, 0, 0, 1, 0, 0, 0, 1),
            ["RightUpperLeg"] = CFrame.new(-1.4901161193847656e-07, 4.4069020077586174e-07, -5.420588422566652e-09, 0.9866577982902527, 0.09017497301101685, -0.1355542689561844, -0.12628565728664398, 0.9493765830993652, -0.2876388430595398, 0.10275431722402573, 0.3009195029735565, 0.9480975866317749),
            ["LeftUpperArm"] = CFrame.new(-1.1920928955078125e-07, 2.384185791015625e-07, -1.862645149230957e-08, 0.8270456790924072, 0.29893237352371216, -0.47606194019317627, -0.1650369018316269, 0.9386842250823975, 0.302712619304657, 0.5373623967170715, -0.17178939282894135, 0.8256694674491882),
            ["RightLowerArm"] = CFrame.new(-1.7881393432617188e-07, 5.960464477539063e-08, -1.1920928955078125e-07, 1, 1.862645149230957e-09, 1.862645149230957e-08, 6.146728281919422e-08, 0.9180303812026978, -0.39651018381118774, -2.0489094865183688e-08, 0.39651015400886536, 0.918030321598053),
            ["LeftHand"] = CFrame.new(-2.9802322387695312e-08, 2.384185791015625e-07, 2.9802322387695312e-08, 0.9814621210098267, -0.14476026594638824, 0.12560512125492096, 0.1479000598192215, 0.9888730645179749, -0.015992721542716026, -0.12189237773418427, 0.03427322581410408, 0.9919514060020447),
            ["LeftFoot"] = CFrame.new(2.0023435354232788e-08, 0, 2.60770320892334e-08, 0.9920191764831543, 0.10760317742824554, 0.0657249242067337, -0.0883827731013298, 0.9651877284049988, -0.24617336690425873, -0.08992577344179153, 0.23839952051639557, 0.9669948220252991),
            ["LowerTorso"] = CFrame.new(0.009732059203088284, -0.15082287788391113, -0.061265092343091965, 0.998119056224823, -0.05089858919382095, -0.03417254239320755, 0.05125737935304642, 0.9986383318901062, 0.009706039912998676, 0.03363198786973953, -0.011439378373324871, 0.9993688464164734),
            ["RightLowerLeg"] = CFrame.new(-7.450580596923828e-09, -0.00012236833572387695, -0.00007727572665316984, 1, -1.005828522693264e-07, -3.725289943190546e-08, 1.0244549741855735e-07, 0.7515723705291748, 0.6596502661705017, 2.6077035641947077e-08, -0.6596508026123047, 0.7515727281570435),
            ["LeftUpperLeg"] = CFrame.new(0, 4.761386662721634e-07, -9.313225746154785e-09, 0.984761655330658, 0.12117832154035568, 0.12474082410335541, -0.033201467245817184, 0.8350809812545776, -0.5491243004798889, -0.17071068286895752, 0.5366150140762329, 0.8263790607452393),
            ["LeftLowerLeg"] = CFrame.new(-2.0489096641540527e-08, 0.0001227855682373047, 0.00007735192775726318, 1, 5.960463056453591e-08, 3.7252888773764425e-08, -5.122274160385132e-08, 0.5806897282600403, 0.8141250014305115, 4.470348358154297e-08, -0.8141249418258667, 0.5806896090507507),
        }},
        {Time = 0.233, Data = {
            ["RightFoot"] = CFrame.new(-6.612390279769897e-08, 3.5762786865234375e-07, 1.4733814168721437e-08, 0.9570800065994263, -0.11983517557382584, -0.26388922333717346, -0.029498912394046783, 0.8655083775520325, -0.5000248551368713, 0.2883186936378479, 0.486348420381546, 0.8248258233070374),
            ["LeftLowerArm"] = CFrame.new(-1.7881393432617188e-07, 5.960464477539063e-08, 2.682209014892578e-07, 1, -5.21540641784668e-08, -2.2351736461700966e-08, 5.960464477539063e-08, 0.8280699849128723, -0.560624897480011, 4.470348358154297e-08, 0.5606248378753662, 0.8280699849128723),
            ["RightUpperArm"] = CFrame.new(0, 2.384185791015625e-07, 3.725290298461914e-08, 0.6789805889129639, -0.1951974779367447, 0.7077311873435974, 0.2572076916694641, 0.9661550521850586, 0.01971369981765747, -0.6876261234283447, 0.1686486452817917, 0.7062067985534668),
            ["Head"] = CFrame.new(-6.51925802230835e-09, -2.384185791015625e-07, 3.1315721571445465e-08, 0.9958183765411377, 0.06043197959661484, 0.06851083040237427, -0.05037558451294899, 0.9888639450073242, -0.1400374323129654, -0.076210618019104, 0.13600057363510132, 0.9877732396125793),
            ["RightHand"] = CFrame.new(-1.4901161193847656e-07, 0, 5.21540641784668e-08, 0.9797824025154114, 0.1970265507698059, -0.034743256866931915, -0.1960383653640747, 0.9801403880119324, 0.02989749237895012, 0.03994392231106758, -0.02248206175863743, 0.9989489912986755),
            ["UpperTorso"] = CFrame.new(7.2177499532699585e-09, 1.4901161193847656e-07, -1.928128767758608e-09, 0.9998663663864136, 0.004136077594012022, -0.01582149788737297, -0.002557990374043584, 0.9951345920562744, 0.09849252551794052, 0.01615188457071781, -0.09843886643648148, 0.995012104511261),
            ["HumanoidRootPart"] = CFrame.new(0, 0, 0, 1, 0, 0, 0, 1, 0, 0, 0, 1),
            ["RightUpperLeg"] = CFrame.new(1.1920928955078125e-07, 1.8690479919314384e-07, -1.6952981241047382e-09, 0.9876991510391235, 0.085138238966465, -0.1311561018228531, -0.12892603874206543, 0.918022632598877, -0.37498360872268677, 0.08847884833812714, 0.387280136346817, 0.9177065491676331),
            ["LeftUpperArm"] = CFrame.new(1.1920928955078125e-07, -3.5762786865234375e-07, 7.450580596923828e-09, 0.7628108859062195, 0.3339872360229492, -0.5536895394325256, -0.19788460433483124, 0.9357735514640808, 0.2918383777141571, 0.6155983805656433, -0.11305088549852371, 0.7799091935157776),
            ["RightLowerArm"] = CFrame.new(0, 1.7881393432617188e-07, -2.9802322387695312e-08, 1, -2.2351741790771484e-08, 2.60770320892334e-08, 4.0978196835794733e-08, 0.9167031645774841, -0.3995690643787384, 3.9115551686563776e-08, 0.399569034576416, 0.9167031049728394),
            ["LeftHand"] = CFrame.new(-5.960464477539063e-08, -5.960464477539063e-08, 1.043081283569336e-07, 0.987135648727417, -0.10754247009754181, 0.11831307411193848, 0.10969805717468262, 0.9938944578170776, -0.011841308325529099, -0.11631718277931213, 0.02466772310435772, 0.9929057359695435),
            ["LeftFoot"] = CFrame.new(1.3969838619232178e-09, 0, -2.9802322387695312e-08, 0.9899604916572571, 0.13403689861297607, 0.04485875740647316, -0.11643575876951218, 0.9532676339149475, -0.27878937125205994, -0.08013039827346802, 0.2707673907279968, 0.9593040347099304),
            ["LowerTorso"] = CFrame.new(0.01996072381734848, -0.2061452865600586, -0.052340418100357056, 0.9990497827529907, -0.03855260834097862, -0.020328911021351814, 0.03891951963305473, 0.9990807175636292, 0.017972847446799278, 0.019617320969700813, -0.018746960908174515, 0.9996318221092224),
            ["RightLowerLeg"] = CFrame.new(-6.705522537231445e-08, -0.00012242794036865234, -0.00007737258420092985, 1, -1.266598843585598e-07, -4.470347647611561e-08, 1.005828522693264e-07, 0.6386115550994873, 0.7695286273956299, -8.940698137394065e-08, -0.7695292830467224, 0.6386122703552246),
            ["LeftUpperLeg"] = CFrame.new(-1.1920928955078125e-07, 3.57162207365036e-07, -4.6566128730773926e-09, 0.9809970855712891, 0.1313469111919403, 0.14280356466770172, -0.015428300015628338, 0.786491334438324, -0.6174085140228271, -0.19340847432613373, 0.6034728288650513, 0.7735721468925476),
            ["LeftLowerLeg"] = CFrame.new(-7.450580596923828e-08, 0.00012284517288208008, 0.0000774487853050232, 1, 9.126959810146218e-08, 4.190951585769653e-08, -7.63684582238966e-08, 0.48104313015937805, 0.8766968846321106, 1.769513069405093e-08, -0.8766969442367554, 0.48104327917099),
        }},
        {Time = 0.267, Data = {
            ["RightFoot"] = CFrame.new(-1.6298145055770874e-08, 4.172325134277344e-07, -2.6011548470705748e-08, 0.9422554969787598, -0.14302308857440948, -0.30281853675842285, -0.05135340616106987, 0.8318193554878235, -0.5526653528213501, 0.3309343457221985, 0.5363030433654785, 0.7764418125152588),
            ["LeftLowerArm"] = CFrame.new(2.980232238769531e-07, 2.384185791015625e-07, 1.1920928955078125e-07, 1, -1.4901159417490817e-08, 5.774199962615967e-08, 2.980232594040899e-08, 0.8633620738983154, -0.5045850276947021, 1.4901162970204496e-08, 0.5045850276947021, 0.8633620738983154),
            ["RightUpperArm"] = CFrame.new(1.1920928955078125e-07, 2.384185791015625e-07, -2.60770320892334e-08, 0.6762638688087463, -0.17509222030639648, 0.7155486941337585, 0.2879522144794464, 0.9568907022476196, -0.03799540176987648, -0.6780492663383484, 0.23173868656158447, 0.6975288987159729),
            ["Head"] = CFrame.new(-1.7229467630386353e-08, -1.1920928955078125e-07, -1.234002411365509e-08, 0.9954380393028259, 0.06410422176122665, 0.07066762447357178, -0.053815487772226334, 0.9888372421264648, -0.13894163072109222, -0.07878553122282028, 0.1345047503709793, 0.9877760410308838),
            ["RightHand"] = CFrame.new(0, 1.7881393432617188e-07, 1.1920928955078125e-07, 0.9793804883956909, 0.2019956409931183, 0.0034214998595416546, -0.20201735198497772, 0.9790613055229187, 0.025062434375286102, 0.0017126994207501411, -0.02523687854409218, 0.9996801018714905),
            ["UpperTorso"] = CFrame.new(1.0477378964424133e-09, 2.384185791015625e-07, 5.73345459997654e-09, 0.9998793601989746, -0.008084738627076149, -0.013269852846860886, 0.009595432318747044, 0.9929620027542114, 0.11804474890232086, 0.012222099117934704, -0.11815785616636276, 0.9929196238517761),
            ["HumanoidRootPart"] = CFrame.new(0, 0, 0, 1, 0, 0, 0, 1, 0, 0, 0, 1),
            ["RightUpperLeg"] = CFrame.new(-2.9802322387695312e-08, -4.478206392377615e-07, 2.029992174357176e-09, 0.9898298978805542, 0.09198624640703201, -0.10851427912712097, -0.13051532208919525, 0.8906768560409546, -0.43550044298171997, 0.05659104138612747, 0.44523411989212036, 0.8936241269111633),
            ["LeftUpperArm"] = CFrame.new(1.7881393432617188e-07, -1.1920928955078125e-07, -5.960464477539063e-08, 0.7366076111793518, 0.3005402088165283, -0.6058752536773682, -0.21235118806362152, 0.9533128142356873, 0.21471303701400757, 0.6421185731887817, -0.02950090728700161, 0.7660375833511353),
            ["RightLowerArm"] = CFrame.new(-1.7881393432617188e-07, -5.364418029785156e-07, -8.940696716308594e-08, 1, -1.4901162970204496e-08, 1.1175872671742582e-08, -2.2351745343485163e-08, 0.9425520896911621, -0.3340595066547394, 1.862645371275562e-09, 0.33405953645706177, 0.9425519704818726),
            ["LeftHand"] = CFrame.new(-1.341104507446289e-07, 5.960464477539063e-08, 2.2351741790771484e-08, 0.9898523092269897, -0.09487147629261017, 0.10579187422990799, 0.09286747872829437, 0.995395839214325, 0.023721890524029732, -0.10755527019500732, -0.013656524010002613, 0.9941053986549377),
            ["LeftFoot"] = CFrame.new(4.516914486885071e-08, 5.960464477539063e-08, -7.450580596923828e-09, 0.9876179695129395, 0.14968985319137573, 0.046943165361881256, -0.12622429430484772, 0.935917854309082, -0.32882440090179443, -0.09315677732229233, 0.31882724165916443, 0.9432237148284912),
