return {
    ["Shake & Slash"] = {
        [1] = {Time = 0.000, Data = {
            ["RightFoot"] = CFrame.new(-9.778887033462524e-09, 2.980232238769531e-07, -5.790934665128589e-08, 0.9859928488731384, -0.016859425231814384, -0.16593341529369354, -0.0483388751745224, 0.9232923984527588, -0.3810436725616455, 0.15962938964366913, 0.3837278187274933, 0.9095448851585388),
            ["LeftLowerArm"] = CFrame.new(2.9802322387695312e-08, -0.000001430511474609375, 4.172325134277344e-07, 1, -7.450579175838357e-08, 1.2293456563838845e-07, 5.21540641784668e-08, -0.10524975508451462, -0.99444580078125, 1.4901161193847656e-07, 0.9944459199905396, -0.105249784886837),
            ["RightUpperArm"] = CFrame.new(1.1920928955078125e-07, 1.1920928955078125e-07, -9.685754776000977e-08, 0.8504124879837036, -0.26505425572395325, 0.45447200536727905, 0.22763006389141083, 0.9641523957252502, 0.13636307418346405, -0.47432389855384827, -0.01251339353621006, 0.8802615404129028),
            ["Head"] = CFrame.new(-2.2351741790771484e-08, 9.5367431640625e-07, 3.725290298461914e-09, 0.9647598266601562, -0.03136957064270973, 0.2612557113170624, 0.04537069797515869, 0.9978291988372803, -0.04773251712322235, -0.2591911852359772, 0.057903774082660675, 0.9640887975692749),
            ["RightHand"] = CFrame.new(1.1594966053962708e-07, 0, -2.0116567611694336e-07, 0.9113144874572754, 0.014414025470614433, -0.41145849227905273, -0.07774750143289566, 0.9874308109283447, -0.13760696351528168, 0.40430334210395813, 0.15739306807518005, 0.9009807109832764),
            ["UpperTorso"] = CFrame.new(-1.210719347000122e-08, 1.1920928955078125e-07, -1.1408701539039612e-07, 0.9849515557289124, 0.09784562885761261, -0.14246703684329987, -0.08539586514234543, 0.9921795129776001, 0.09103600680828094, 0.1502603441476822, -0.07749993354082108, 0.9856041669845581),
            ["HumanoidRootPart"] = CFrame.new(0, 0, 0, 1, 0, 0, 0, 1, 0, 0, 0, 1),
            ["RightUpperLeg"] = CFrame.new(2.384185791015625e-07, 5.199108272790909e-07, -1.6188278095796704e-07, 0.9999465942382812, 0.004777340684086084, 0.009164121933281422, -0.004513367544859648, 0.9995803833007812, -0.028611725196242332, -0.00929700955748558, 0.02856871858239174, 0.9995486736297607),
            ["LeftUpperArm"] = CFrame.new(0, 7.152557373046875e-07, -6.705522537231445e-08, 0.37914329767227173, 0.9204954504966736, 0.09454384446144104, -0.3791373670101166, 0.24773505330085754, -0.89156174659729, -0.844100296497345, 0.30218473076820374, 0.44292116165161133),
            ["RightLowerArm"] = CFrame.new(-6.258487701416016e-07, 0.0000010728836059570312, 3.5762786865234375e-07, 1, -2.6077019654735523e-08, 5.5879341154252415e-09, 4.284083487959833e-08, 0.9459424614906311, -0.32433444261550903, 1.1175869119028903e-08, 0.32433435320854187, 0.9459425210952759),
            ["LeftHand"] = CFrame.new(1.1920928955078125e-07, 0, -2.086162567138672e-07, 0.8685088157653809, 0.3141467869281769, -0.38341137766838074, -0.36474090814590454, 0.9288244247436523, -0.06518685817718506, 0.3356436789035797, 0.19646121561527252, 0.9212743043899536),
            ["LeftFoot"] = CFrame.new(4.563480615615845e-08, 1.1920928955078125e-07, 2.9802322387695312e-08, 0.9970886707305908, -0.039439111948013306, -0.06526034325361252, 0.015898384153842926, 0.9445682168006897, -0.3279300928115845, 0.07457605004310608, 0.32593780755996704, 0.9424452781677246),
            ["LowerTorso"] = CFrame.new(-0.045880191028118134, -0.06374359130859375, -0.11743040382862091, 0.9886114597320557, -0.0035576163791120052, -0.1504485160112381, -0.003761333180591464, 0.9988241195678711, -0.048335012048482895, 0.15044356882572174, 0.04835043475031853, 0.9874355792999268),
            ["RightLowerLeg"] = CFrame.new(-2.7008354663848877e-08, -0.0000034570693969726562, -0.000013305041647981852, 1, -5.401672709126615e-08, -1.164153484722874e-08, 6.961636955793438e-08, 0.9011645317077637, 0.43347668647766113, -3.5332053727188395e-08, -0.4334773123264313, 0.9011648297309875),
            ["LeftUpperLeg"] = CFrame.new(0, 4.256144165992737e-07, -2.2351741790771484e-07, 0.9125339388847351, 0.10709325969219208, 0.3947315514087677, -0.06019950658082962, 0.989768385887146, -0.12936240434646606, -0.4045465290546417, 0.09428499639034271, 0.9096441268920898),
            ["LeftLowerLeg"] = CFrame.new(1.2293457984924316e-07, 0.0000035762786865234375, 0.000013276934623718262, 1, 5.215405707303944e-08, -1.7695128917694092e-08, -4.470347647611561e-08, 0.8784680366516113, 0.477801114320755, -1.0710208719899583e-08, -0.4778011441230774, 0.8784680366516113)
        }},
        [2] = {Time = 0.033, Data = {
            ["RightFoot"] = CFrame.new(5.634501576423645e-08, 2.980232238769531e-07, 2.032174961641431e-08, 0.986021876335144, -0.01689077727496624, -0.1657576858997345, -0.04819751903414726, 0.923399806022644, -0.38080140948295593, 0.159492626786232, 0.38346782326698303, 0.9096783995628357),
            ["LeftLowerArm"] = CFrame.new(4.76837158203125e-07, -8.344650268554688e-07, 7.301568984985352e-07, 1, -9.685752644372769e-08, 6.705518273975031e-08, 1.1175868053214799e-07, -0.10513443499803543, -0.9944580793380737, 1.415610029198433e-07, 0.9944580793380737, -0.10513443499803543),
            ["RightUpperArm"] = CFrame.new(2.384185791015625e-07, -2.384185791015625e-07, 2.0489096641540527e-08, 0.8506721258163452, -0.2655218541622162, 0.4537126123905182, 0.22741344571113586, 0.9640029072761536, 0.1377735137939453, -0.4739621877670288, -0.014019746333360672, 0.8804336786270142),
            ["Head"] = CFrame.new(-2.60770320892334e-08, 3.5762786865234375e-07, -1.6763806343078613e-08, 0.9649198651313782, -0.030460184440016747, 0.2607719600200653, 0.044399671256542206, 0.997873067855835, -0.047730304300785065, -0.25876346230506897, 0.05763411521911621, 0.964219868183136),
            ["RightHand"] = CFrame.new(1.7136335372924805e-07, -5.960464477539063e-08, -1.6577541828155518e-07, 0.9113534688949585, 0.014523155987262726, -0.41136837005615234, -0.0774669423699379, 0.987571120262146, -0.13675612211227417, 0.40426939725875854, 0.15650059282779694, 0.9011514186859131),
            ["UpperTorso"] = CFrame.new(-1.210719347000122e-08, 2.682209014892578e-07, -1.3131648302078247e-07, 0.9848507046699524, 0.09786050021648407, -0.14315201342105865, -0.08536361157894135, 0.992186427116394, 0.09099030494689941, 0.15093779563903809, -0.07739187777042389, 0.9855092167854309),
            ["HumanoidRootPart"] = CFrame.new(0, 0, 0, 1, 0, 0, 0, 1, 0, 0, 0, 1),
            ["RightUpperLeg"] = CFrame.new(1.1920928955078125e-07, 2.4621840566396713e-07, -1.4325632946565747e-07, 0.9999607801437378, 0.004381715785712004, 0.007699718698859215, -0.004164176527410746, 0.99959796667099, -0.028045371174812317, -0.00781953427940607, 0.028012074530124664, 0.999576985836029),
            ["LeftUpperArm"] = CFrame.new(1.1920928955078125e-07, -1.1920928955078125e-07, 5.587935447692871e-09, 0.37822166085243225, 0.9208207130432129, 0.09506664425134659, -0.3769843280315399, 0.24700504541397095, -0.8926765322685242, -0.8454769253730774, 0.3017910420894623, 0.4405575692653656),
            ["RightLowerArm"] = CFrame.new(-5.066394805908203e-07, 0.0000012516975402832031, 4.3213367462158203e-07, 1, -1.4901161193847656e-08, 3.7252898543727042e-09, 2.980232594040899e-08, 0.9456316232681274, -0.325239896774292, 7.450581485102248e-09, 0.325239896774292, 0.9456315636634827),
            ["LeftHand"] = CFrame.new(-5.960464477539063e-08, 1.1920928955078125e-07, -2.9802322387695312e-08, 0.8693476319313049, 0.31498950719833374, -0.38081029057502747, -0.3647976815700531, 0.9288510084152222, -0.06448786705732346, 0.33340299129486084, 0.19498112797737122, 0.9224016666412354),
            ["LeftFoot"] = CFrame.new(-7.916241884231567e-09, 1.1920928955078125e-07, 1.6763806343078613e-08, 0.9971011281013489, -0.03920731693506241, -0.065208300948143, 0.015799153596162796, 0.9450231790542603, -0.3266218900680542, 0.07442919909954071, 0.32464471459388733, 0.9429029822349548),
            ["LowerTorso"] = CFrame.new(-0.04584516957402229, -0.06345987319946289, -0.11693909764289856, 0.988807201385498, -0.003192698583006859, -0.1491646021604538, -0.004074476193636656, 0.9988203048706055, -0.04838818684220314, 0.14914311468601227, 0.04845435544848442, 0.9876277446746826),
            ["RightLowerLeg"] = CFrame.new(5.681067705154419e-08, -0.0000033974647521972656, -0.000013305041647981852, 1, -4.79631196981245e-08, -4.936009645462036e-08, 6.472692604120311e-08, 0.9015105962753296, 0.4327569901943207, -1.2863894838233136e-08, -0.432757169008255, 0.9015107154846191),
            ["LeftUpperLeg"] = CFrame.new(1.1920928955078125e-07, 3.216555342078209e-07, -2.682209014892578e-07, 0.9131117463111877, 0.10632139444351196, 0.3936023712158203, -0.059642087668180466, 0.9898470044136047, -0.12901856005191803, -0.40332353115081787, 0.094333216547966, 0.9101821184158325),
            ["LeftLowerLeg"] = CFrame.new(2.9802322387695312e-08, 0.0000040531158447265625, 0.000013247132301330566, 1, 5.215407838932151e-08, -3.166497464235363e-08, -2.2351745343485163e-08, 0.8791964054107666, 0.47645998001098633, 5.587936335871291e-09, -0.4764597415924072, 0.879196286201477)
        }},
        [3] = {Time = 0.067, Data = {
            ["RightFoot"] = CFrame.new(-4.6566128730773926e-09, 4.172325134277344e-07, 1.287116901949048e-08, 0.9860345125198364, -0.016945036128163338, -0.16567710041999817, -0.04808678478002548, 0.9234717488288879, -0.3806407153606415, 0.15944814682006836, 0.38329216837882996, 0.9097602963447571),
            ["LeftLowerArm"] = CFrame.new(-8.642673492431641e-07, -0.0000011324882507324219, 8.642673492431641e-07, 1, -7.4505820180093e-08, 1.1920930376163597e-07, 7.450577754752885e-08, -0.10466983169317245, -0.9945070743560791, 1.192092469182171e-07, 0.9945071339607239, -0.10466985404491425),
            ["RightUpperArm"] = CFrame.new(0, 1.1920928955078125e-07, 5.029141902923584e-08, 0.8508700132369995, -0.26585471630096436, 0.4531462788581848, 0.22710925340652466, 0.9638899564743042, 0.13905945420265198, -0.47375285625457764, -0.015407832339406013, 0.8805230855941772),
            ["Head"] = CFrame.new(-1.0803341865539551e-07, 2.384185791015625e-07, -3.166496753692627e-08, 0.9650773406028748, -0.029613275080919266, 0.26028603315353394, 0.04343310371041298, 0.9979263544082642, -0.04750332236289978, -0.2583395838737488, 0.05714941397309303, 0.9643623232841492),
            ["RightHand"] = CFrame.new(2.0512379705905914e-07, -1.7881393432617188e-07, -2.0116567611694336e-07, 0.9113858342170715, 0.015057332813739777, -0.4112774729728699, -0.07786033302545547, 0.9875920414924622, -0.1363806575536728, 0.40412086248397827, 0.15631763637065887, 0.9012498259544373),
            ["UpperTorso"] = CFrame.new(-2.7008354663848877e-08, -5.364418029785156e-07, -1.1781230568885803e-07, 0.9847592115402222, 0.0978744849562645, -0.14377042651176453, -0.08533456176519394, 0.9921923279762268, 0.09095273166894913, 0.151549831032753, -0.07729792594909668, 0.985422670841217),
            ["HumanoidRootPart"] = CFrame.new(0, 0, 0, 1, 0, 0, 0, 1, 0, 0, 0, 1),
            ["RightUpperLeg"] = CFrame.new(1.7881393432617188e-07, -3.4726690500974655e-07, -1.8423452274873853e-07, 0.9999717473983765, 0.004032537341117859, 0.006345659494400024, -0.0038555895444005728, 0.9996101260185242, -0.027653979137539864, -0.006454741582274437, 0.02762862667441368, 0.9995974898338318),
            ["LeftUpperArm"] = CFrame.new(0, 8.344650268554688e-07, -9.872019290924072e-08, 0.3777537941932678, 0.9209893345832825, 0.09529359638690948, -0.37546485662460327, 0.24644725024700165, -0.8934707641601562, -0.8463618159294128, 0.3017326593399048, 0.4388955533504486),
            ["RightLowerArm"] = CFrame.new(-7.450580596923828e-07, -4.76837158203125e-07, 5.21540641784668e-07, 1, -2.9802315282267955e-08, -3.7252898543727042e-09, 2.421439049271612e-08, 0.9454088807106018, -0.3258865475654602, 1.862645371275562e-09, 0.3258865177631378, 0.9454089403152466),
            ["LeftHand"] = CFrame.new(0, 1.1920928955078125e-07, -2.9802322387695312e-08, 0.8701253533363342, 0.3166293501853943, -0.3776610195636749, -0.3654465675354004, 0.9286715388298035, -0.0633893683552742, 0.3306519687175751, 0.19317162036895752, 0.9237716794013977),
            ["LeftFoot"] = CFrame.new(5.587935447692871e-08, -5.960464477539063e-08, 2.9802322387695312e-08, 0.9971152544021606, -0.038970377296209335, -0.06513584405183792, 0.015693290159106255, 0.9454412460327148, -0.3254147469997406, 0.0742635428905487, 0.3234536945819855, 0.9433253407478333),
            ["LowerTorso"] = CFrame.new(-0.04580862447619438, -0.06322574615478516, -0.1163959950208664, 0.9889987111091614, -0.002842353656888008, -0.14789699018001556, -0.004373040981590748, 0.9988166093826294, -0.04843859374523163, 0.14785964787006378, 0.048552464693784714, 0.9878158569335938),
            ["RightLowerLeg"] = CFrame.new(5.029141902923584e-08, -0.0000036954879760742188, -0.000013305041647981852, 1, -5.029141192380848e-08, -3.888271393748255e-08, 6.053596024457875e-08, 0.9017418622970581, 0.4322744905948639, -5.2270472394866374e-08, -0.4322749376296997, 0.9017420411109924),
            ["LeftUpperLeg"] = CFrame.new(-1.1920928955078125e-07, -3.187451511621475e-07, -2.086162567138672e-07, 0.9136884808540344, 0.10562498867511749, 0.3924499452114105, -0.059091221541166306, 0.9899019002914429, -0.12885048985481262, -0.4020967483520508, 0.09453891217708588, 0.9107033610343933),
            ["LeftLowerLeg"] = CFrame.new(-3.3527612686157227e-08, 0.000003874301910400391, 0.000013306736946105957, 1, 3.3527612686157227e-08, 3.4458935260772705e-08, -3.725289943190546e-08, 0.8797908425331116, 0.47536128759384155, 2.3283062144940914e-09, -0.4753611385822296, 0.879790723323822)
        }},
        [4] = {Time = 0.100, Data = {
            ["RightFoot"] = CFrame.new(-5.3551048040390015e-09, 5.960464477539062e-07, 2.7772330213338137e-08, 0.9860513806343079, -0.01700098067522049, -0.16557081043720245, -0.04797597602009773, 0.9235161542892456, -0.3805468678474426, 0.15937699377536774, 0.38318249583244324, 0.9098188877105713),
            ["LeftLowerArm"] = CFrame.new(3.2782554626464844e-07, -7.152557373046875e-07, 7.450580596923828e-07, 1, -9.685756197086448e-08, 5.960464477539063e-08, 8.195636524988004e-08, -0.10397280752658844, -0.9945802092552185, 1.2665984172599565e-07, 0.9945801496505737, -0.10397282987833023),
            ["RightUpperArm"] = CFrame.new(3.5762786865234375e-07, 2.384185791015625e-07, -3.5390257835388184e-08, 0.8509923219680786, -0.2659568190574646, 0.45285671949386597, 0.2267618030309677, 0.9638456702232361, 0.1399310678243637, -0.47369956970214844, -0.016389653086662292, 0.8805339932441711),
            ["Head"] = CFrame.new(-2.2351741790771484e-08, 2.384185791015625e-07, 1.6763806343078613e-08, 0.965250551700592, -0.028847701847553253, 0.25972920656204224, 0.04256007447838783, 0.9979724287986755, -0.04732602462172508, -0.2578372657299042, 0.0567355714738369, 0.9645212292671204),
            ["RightHand"] = CFrame.new(1.0686926543712616e-07, -4.76837158203125e-07, -2.0116567611694336e-07, 0.9116069674491882, 0.016142889857292175, -0.4107460379600525, -0.07897348701953888, 0.9874922633171082, -0.13646343350410461, 0.40340563654899597, 0.1568390280008316, 0.9014796614646912),
            ["UpperTorso"] = CFrame.new(-1.7695128917694092e-08, -6.258487701416016e-07, -1.2433156371116638e-07, 0.9846867918968201, 0.09788766503334045, -0.1442563533782959, -0.08531368523836136, 0.9921966195106506, 0.09092537313699722, 0.15203119814395905, -0.0772259533405304, 0.9853541851043701),
            ["HumanoidRootPart"] = CFrame.new(0, 0, 0, 1, 0, 0, 0, 1, 0, 0, 0, 1),
            ["RightUpperLeg"] = CFrame.new(1.7881393432617188e-07, 2.0139850676059723e-08, -1.8050923245027661e-07, 0.9999800324440002, 0.0037377558182924986, 0.005099571775645018, -0.0035965631250292063, 0.9996175169944763, -0.02742118015885353, -0.0052001285366714, 0.027402183040976524, 0.9996110200881958),
            ["LeftUpperArm"] = CFrame.new(-1.1920928955078125e-07, 3.5762786865234375e-07, -5.029141902923584e-08, 0.3775906562805176, 0.9210451245307922, 0.09540033340454102, -0.3744971454143524, 0.24612383544445038, -0.8939658999443054, -0.8468632102012634, 0.30182603001594543, 0.4378627836704254),
            ["RightLowerArm"] = CFrame.new(-5.960464477539062e-07, 8.940696716308594e-07, 4.3213367462158203e-07, 1, -2.235172757991677e-08, 1.862644793959589e-08, 5.029139416024009e-08, 0.9454089999198914, -0.3258863091468811, 3.7252885221050747e-09, 0.32588624954223633, 0.9454089403152466),
            ["LeftHand"] = CFrame.new(-1.7881393432617188e-07, 2.384185791015625e-07, -2.980232238769531e-07, 0.8706629276275635, 0.318114697933197, -0.3751654624938965, -0.3662048280239105, 0.9284245371818542, -0.06262710690498352, 0.32839012145996094, 0.19191448390483856, 0.9248399138450623),
            ["LeftFoot"] = CFrame.new(5.122274160385132e-09, -5.960464477539063e-08, 3.725290298461914e-09, 0.997130274772644, -0.038756851106882095, -0.06503356248140335, 0.015604895539581776, 0.9457961320877075, -0.3243860900402069, 0.07408050447702408, 0.32244014739990234, 0.9436866044998169),
            ["LowerTorso"] = CFrame.new(-0.045759912580251694, -0.06304621696472168, -0.11585289239883423, 0.9891682863235474, -0.002539896871894598, -0.14676396548748016, -0.004629602190107107, 0.9988130331039429, -0.0484883189201355, 0.14671291410923004, 0.04864256829023361, 0.9879823923110962),
            ["RightLowerLeg"] = CFrame.new(-7.82310962677002e-08, -0.0000034570693969726562, -0.000013290140486788005, 1, -7.031486148889599e-08, 2.2584575987139033e-08, 6.82193785905838e-08, 0.9018741846084595, 0.43199843168258667, -1.83936208486557e-08, -0.4319988489151001, 0.9018744230270386),
            ["LeftUpperLeg"] = CFrame.new(1.7881393432617188e-07, 1.1338852345943451e-07, -2.384185791015625e-07, 0.9142166376113892, 0.10505648702383041, 0.3913707137107849, -0.05860668420791626, 0.9899335503578186, -0.1288284808397293, -0.40096530318260193, 0.09484030306339264, 0.9111708402633667),
            ["LeftLowerLeg"] = CFrame.new(-1.1175870895385742e-07, 0.0000037550926208496094, 0.000013396143913269043, 1, 3.3527612686157227e-08, 2.7008351111135198e-08, -3.3527616238870905e-08, 0.8802335262298584, 0.474541038274765, 8.009374852235851e-08, -0.4745407998561859, 0.8802334070205688)
        }},
        [5] = {Time = 0.133, Data = {
            ["RightFoot"] = CFrame.new(1.30385160446167e-08, 3.5762786865234375e-07, 3.5222910810261965e-08, 0.9860678911209106, -0.01706080697476864, -0.1654663234949112, -0.047859854996204376, 0.9235666394233704, -0.38043925166130066, 0.15930968523025513, 0.3830582797527313, 0.9098829627037048),
            ["LeftLowerArm"] = CFrame.new(7.748603820800781e-07, -0.0000015497207641601562, 0.0000013113021850585938, 1, -1.1920930376163597e-07, 1.7508864402770996e-07, 6.70552182668871e-08, -0.10304206609725952, -0.9946770668029785, 1.1920927533992653e-07, 0.9946770668029785, -0.10304208844900131),
            ["RightUpperArm"] = CFrame.new(1.1920928955078125e-07, 4.76837158203125e-07, -1.862645149230957e-09, 0.8509747982025146, -0.2659294605255127, 0.45290571451187134, 0.22623786330223083, 0.9638357162475586, 0.1408451348543167, -0.47398149967193604, -0.017391225323081017, 0.8803631067276001),
            ["Head"] = CFrame.new(-2.9802322387695312e-08, 9.5367431640625e-07, -2.0489096641540527e-08, 0.9654185771942139, -0.0281982421875, 0.2591753304004669, 0.04181083291769028, 0.9980120062828064, -0.04716036468744278, -0.2573302090167999, 0.056365836411714554, 0.9646782279014587),
            ["RightHand"] = CFrame.new(-2.5867484509944916e-07, 0, -1.94646418094635e-07, 0.9117977023124695, 0.017110202461481094, -0.4102831482887268, -0.08013540506362915, 0.9873361587524414, -0.1369146853685379, 0.40274471044540405, 0.15771667659282684, 0.9016219973564148),
            ["UpperTorso"] = CFrame.new(-1.30385160446167e-08, -5.662441253662109e-07, -1.1222437024116516e-07, 0.9846324920654297, 0.0979011058807373, -0.14461767673492432, -0.08530045300722122, 0.9921988844871521, 0.09091386198997498, 0.1523900032043457, -0.07718078047037125, 0.9853022694587708),
            ["HumanoidRootPart"] = CFrame.new(0, 0, 0, 1, 0, 0, 0, 1, 0, 0, 0, 1),
            ["RightUpperLeg"] = CFrame.new(2.384185791015625e-07, -5.726469680666924e-07, -1.5443220036104321e-07, 0.9999861717224121, 0.003482537344098091, 0.0039602359756827354, -0.0033732319716364145, 0.9996222257614136, -0.02727918140590191, -0.004053747281432152, 0.02726534940302372, 0.9996200203895569),
            ["LeftUpperArm"] = CFrame.new(0, 9.5367431640625e-07, -3.166496753692627e-08, 0.3776704967021942, 0.9210295677185059, 0.09523431211709976, -0.3738892376422882, 0.24578598141670227, -0.8943132758140564, -0.8470962047576904, 0.302148699760437, 0.43718910217285156),
            ["RightLowerArm"] = CFrame.new(0, -1.1920928955078125e-07, 5.811452865600586e-07, 1, -2.6077019654735523e-08, 2.4214383387288763e-08, 2.4214376281861405e-08, 0.9453643560409546, -0.3260158896446228, -7.450577044210149e-09, 0.3260158598423004, 0.9453642964363098),
            ["LeftHand"] = CFrame.new(1.7881393432617188e-07, -2.384185791015625e-07, 5.960464477539063e-08, 0.8710368871688843, 0.3193489611148834, -0.37324416637420654, -0.36693835258483887, 0.9281648993492126, -0.06218025088310242, 0.3265748918056488, 0.19111891090869904, 0.9256470203399658),
            ["LeftFoot"] = CFrame.new(4.6566128730773926e-09, 0, -1.30385160446167e-08, 0.9971413016319275, -0.03855963796377182, -0.06498010456562042, 0.0155109204351902, 0.9461291432380676, -0.3234180212020874, 0.07395048439502716, 0.3214854598045349, 0.9440224766731262),
            ["LowerTorso"] = CFrame.new(-0.04570814222097397, -0.0628805160522461, -0.11528393626213074, 0.9893209338188171, -0.0022673450876027346, -0.14573608338832855, -0.004859427455812693, 0.9988100528717041, -0.0485273078083992, 0.14567269384860992, 0.04871727526187897, 0.988132655620575),
            ["RightLowerLeg"] = CFrame.new(2.7939677238464355e-09, -0.0000035762786865234375, -0.00001326033816440031, 1, -5.1688409996586415e-08, -4.679895226900044e-08, 6.77537101978487e-08, 0.9019788503646851, 0.4317801296710968, -1.2805684290739805e-09, -0.4317804276943207, 0.9019789695739746),
            ["LeftUpperLeg"] = CFrame.new(8.940696716308594e-08, -0.000001134001649916172, -2.2351741790771484e-07, 0.9146785736083984, 0.10456708818674088, 0.39042139053344727, -0.05816487595438957, 0.9899539947509766, -0.12887193262577057, -0.39997509121894836, 0.0951676219701767, 0.9115718603134155),
            ["LeftLowerLeg"] = CFrame.new(2.2351741790771484e-08, 0.0000040531158447265625, 0.000013276934623718262, 1, 3.3527616238870905e-08, 2.0489101970611046e-08, -4.842878098543224e-08, 0.8806254863739014, 0.47381311655044556, 5.541370029504833e-08, -0.4738130569458008, 0.8806255459785461)
        }},
        [6] = {Time = 0.167, Data = {
            ["RightFoot"] = CFrame.new(-7.916241884231567e-09, 4.172325134277344e-07, 3.149762051180005e-08, 0.9860970377922058, -0.01709851808845997, -0.16528889536857605, -0.04773553088307381, 0.9236180782318115, -0.3803301453590393, 0.15916699171066284, 0.3829326927661896, 0.9099608063697815),
            ["LeftLowerArm"] = CFrame.new(2.384185791015625e-07, -0.0000015497207641601562, 7.599592208862305e-07, 1, -8.195638656616211e-08, 1.2665985593685036e-07, 1.4156103134155273e-07, -0.10188259184360504, -0.9947964549064636, 1.4901161193847656e-07, 0.9947965145111084, -0.10188256949186325),
            ["RightUpperArm"] = CFrame.new(2.384185791015625e-07, 4.76837158203125e-07, -3.725290298461914e-09, 0.8509799242019653, -0.2658800184726715, 0.4529251456260681, 0.22565892338752747, 0.9638291597366333, 0.1418152153491974, -0.47424817085266113, -0.018475309014320374, 0.8801973462104797),
            ["Head"] = CFrame.new(-5.960464477539063e-08, 8.344650268554688e-07, -7.450580596923828e-09, 0.965595543384552, -0.02763795107603073, 0.2585757374763489, 0.041148632764816284, 0.9980477690696716, -0.0469842329621315, -0.25677233934402466, 0.05600780248641968, 0.9648478031158447),
            ["RightHand"] = CFrame.new(1.1851079761981964e-07, -1.1920928955078125e-07, -2.0209699869155884e-07, 0.9118946194648743, 0.017826950177550316, -0.4100373089313507, -0.08120103925466537, 0.9871443510055542, -0.13766805827617645, 0.402311772108078, 0.15883412957191467, 0.9016191363334656),
            ["UpperTorso"] = CFrame.new(-8.381903171539307e-09, -4.470348358154297e-07, -1.2293457984924316e-07, 0.9845899939537048, 0.09791306406259537, -0.14489910006523132, -0.08529135584831238, 0.9922003149986267, 0.09090694040060043, 0.15266986191272736, -0.07714741677045822, 0.9852614998817444),
            ["HumanoidRootPart"] = CFrame.new(0, 0, 0, 1, 0, 0, 0, 1, 0, 0, 0, 1),
            ["RightUpperLeg"] = CFrame.new(1.7881393432617188e-07, -2.1851155906915665e-07, -1.7305865185335279e-07, 0.9999907612800598, 0.0032520086970180273, 0.0028165190014988184, -0.003174444427713752, 0.9996272921562195, -0.02711784839630127, -0.0029037727508693933, 0.027108533307909966, 0.9996283650398254),
            ["LeftUpperArm"] = CFrame.new(-1.1920928955078125e-07, 9.5367431640625e-07, -3.3527612686157227e-08, 0.37796396017074585, 0.9209476709365845, 0.0948619395494461, -0.3737373948097229, 0.24551726877689362, -0.8944504857063293, -0.8470322489738464, 0.3026166260242462, 0.4369891881942749),
            ["RightLowerArm"] = CFrame.new(-9.238719940185547e-07, -1.7881393432617188e-07, 3.8743019104003906e-07, 1, -2.607702498380604e-08, 1.6763802790364934e-08, 1.862645149230957e-08, 0.9451634883880615, -0.3265977203845978, -1.1175870895385742e-08, 0.32659775018692017, 0.9451634287834167),
            ["LeftHand"] = CFrame.new(2.980232238769531e-07, -2.980232238769531e-07, -1.1920928955078125e-07, 0.871205747127533, 0.3205755054950714, -0.37179550528526306, -0.36784645915031433, 0.92782062292099, -0.06195162981748581, 0.3250994086265564, 0.19073624908924103, 0.9262451529502869),
            ["LeftFoot"] = CFrame.new(-4.377216100692749e-08, 5.960464477539063e-08, 0, 0.9971566200256348, -0.03837044909596443, -0.06485801935195923, 0.015437169931828976, 0.9464195966720581, -0.3225706219673157, 0.07375988364219666, 0.320652037858963, 0.944320797920227),
            ["LowerTorso"] = CFrame.new(-0.045662470161914825, -0.06273555755615234, -0.11476677656173706, 0.9894621968269348, -0.0020426467526704073, -0.14477701485157013, -0.005044040735810995, 0.9988073110580444, -0.048565007746219635, 0.14470353722572327, 0.04878350347280502, 0.9882717728614807),
            ["RightLowerLeg"] = CFrame.new(9.313225746154785e-10, -0.000003933906555175781, -0.000013297591067384928, 1, -6.51925802230835e-08, -1.3271346688270569e-08, 6.6589549874152e-08, 0.9020935893058777, 0.4315403997898102, -1.5133988506832452e-09, -0.43154045939445496, 0.9020937085151672),
            ["LeftUpperLeg"] = CFrame.new(-1.1920928955078125e-07, -6.209593266248703e-07, -2.384185791015625e-07, 0.91513592004776, 0.10414142161607742, 0.3894624710083008, -0.057772450149059296, 0.98996502161026, -0.12896382808685303, -0.39898452162742615, 0.09551934897899628, 0.9119688868522644),
            ["LeftLowerLeg"] = CFrame.new(-2.2351741790771484e-08, 0.0000040531158447265625, 0.000013217329978942871, 1, 2.980232594040899e-08, 1.6763809895792292e-08, -4.470347647611561e-08, 0.8809418678283691, 0.47322481870651245, -2.9336657547673894e-08, -0.4732245206832886, 0.8809418082237244)
        }},
        [7] = {Time = 0.200, Data = {
            ["RightFoot"] = CFrame.new(1.862645149230957e-08, 2.980232238769531e-07, 5.3849362302571535e-08, 0.9860982894897461, -0.017164062708616257, -0.16527436673641205, -0.04765677824616432, 0.9236493110656738, -0.3802639842033386, 0.15918228030204773, 0.38285425305366516, 0.9099910855293274),
            ["LeftLowerArm"] = CFrame.new(1.4901161193847656e-07, -0.0000013709068298339844, -1.341104507446289e-07, 1, -5.960463056453591e-08, 4.4703469370688254e-08, 9.685751223287298e-08, -0.10072068125009537, -0.9949147701263428, 1.192092469182171e-07, 0.9949147701263428, -0.10072067379951477),
            ["RightUpperArm"] = CFrame.new(2.384185791015625e-07, -7.152557373046875e-07, 2.60770320892334e-08, 0.8509994149208069, -0.26580169796943665, 0.45293450355529785, 0.22508423030376434, 0.9638304710388184, 0.1427163928747177, -0.47448623180389404, -0.019503163173794746, 0.8800469040870667),
            ["Head"] = CFrame.new(3.3527612686157227e-08, 1.1920928955078125e-07, -1.1175870895385742e-08, 0.9657735824584961, -0.027108067646622658, 0.2579660713672638, 0.040536876767873764, 0.9980776906013489, -0.04688015952706337, -0.2561994194984436, 0.055732760578393936, 0.9650159478187561),
            ["RightHand"] = CFrame.new(1.310836523771286e-07, -1.7881393432617188e-07, -1.0617077350616455e-07, 0.9119207262992859, 0.018389837816357613, -0.40995433926582336, -0.08218260854482651, 0.986941397190094, -0.13853822648525238, 0.4020532965660095, 0.16002695262432098, 0.9015234708786011),
            ["UpperTorso"] = CFrame.new(-1.862645149230957e-08, -4.470348358154297e-07, -1.1734664440155029e-07, 0.9845573902130127, 0.09792498499155045, -0.14511243999004364, -0.08528628945350647, 0.992200493812561, 0.09090868383646011, 0.152882918715477, -0.07712867856025696, 0.9852299690246582),
            ["HumanoidRootPart"] = CFrame.new(0, 0, 0, 1, 0, 0, 0, 1, 0, 0, 0, 1),
            ["RightUpperLeg"] = CFrame.new(5.960464477539063e-08, 2.1874438971281052e-07, -1.3953103916719556e-07, 0.9999935030937195, 0.0030859161633998156, 0.0018874050583690405, -0.0030337157659232616, 0.9996293187141418, -0.027058735489845276, -0.0019701954443007708, 0.027052752673625946, 0.9996321201324463),
            ["LeftUpperArm"] = CFrame.new(0, 0, -3.725290298461914e-09, 0.3784543573856354, 0.9207902550697327, 0.09443355351686478, -0.37384894490242004, 0.24538689851760864, -0.8944396376609802, -0.846764087677002, 0.3032006621360779, 0.437104195356369),
            ["RightLowerArm"] = CFrame.new(1.1920928955078125e-07, 2.384185791015625e-07, 4.3213367462158203e-07, 1, -2.607702498380604e-08, 5.5879341154252415e-09, 3.539024362453347e-08, 0.9448501467704773, -0.3275030553340912, 1.1175867342672063e-08, 0.3275030255317688, 0.9448502063751221),
            ["LeftHand"] = CFrame.new(-4.172325134277344e-07, -2.384185791015625e-07, 5.960464477539063e-08, 0.871403694152832, 0.3216746151447296, -0.3703796863555908, -0.3687393367290497, 0.9274598360061646, -0.062045976519584656, 0.3235536813735962, 0.1906406432390213, 0.9268059730529785),
            ["LeftFoot"] = CFrame.new(-6.05359673500061e-08, -5.960464477539063e-08, 2.421438694000244e-08, 0.9971680641174316, -0.03819168731570244, -0.0647875964641571, 0.015348076820373535, 0.9466739296913147, -0.32182785868644714, 0.0736236572265625, 0.3199217915534973, 0.944579005241394),
            ["LowerTorso"] = CFrame.new(-0.0456213541328907, -0.06262469291687012, -0.11424952745437622, 0.9895949363708496, -0.0018420818960294127, -0.1438695192337036, -0.005205169785767794, 0.9988051652908325, -0.04859188571572304, 0.14378713071346283, 0.0488351508975029, 0.9884029626846313),
            ["RightLowerLeg"] = CFrame.new(-3.725290298461914e-08, -0.0000034570693969726562, -0.000013297591067384928, 1, -7.823111758398227e-08, -1.4435501682896756e-08, 6.821938569601116e-08, 0.9021458029747009, 0.43143120408058167, -2.508750540641813e-08, -0.4314313232898712, 0.9021458625793457),
            ["LeftUpperLeg"] = CFrame.new(2.384185791015625e-07, 6.461050361394882e-08, -2.5331974029541016e-07, 0.91554856300354, 0.10379789769649506, 0.38858336210250854, -0.057411737740039825, 0.9899594187736511, -0.1291675865650177, -0.39808908104896545, 0.09595011174678802, 0.9123151302337646),
            ["LeftLowerLeg"] = CFrame.new(-1.4901161193847656e-08, 0.000004112720489501953, 0.0000133514404296875, 1, 2.2351745343485163e-08, 2.980232594040899e-08, -2.9802322387695312e-08, 0.8811627626419067, 0.4728134274482727, 5.681067705154419e-08, -0.47281312942504883, 0.8811626434326172)
        }},
        [8] = {Time = 0.233, Data = {
            ["RightFoot"] = CFrame.new(-9.546056389808655e-09, 4.76837158203125e-07, 1.6952981241047382e-09, 0.986110508441925, -0.01720794476568699, -0.1651967316865921, -0.047579701989889145, 0.9236663579940796, -0.380232036113739, 0.15913008153438568, 0.3828113377094269, 0.9100185036659241),
            ["LeftLowerArm"] = CFrame.new(7.152557373046875e-07, -0.0000013113021850585938, 8.195638656616211e-07, 1, -8.940695295223122e-08, 3.3527616238870905e-08, 1.043081283569336e-07, -0.09956289827823639, -0.9950313568115234, 1.2665987014770508e-07, 0.9950312972068787, -0.09956293553113937),
            ["RightUpperArm"] = CFrame.new(0, 2.384185791015625e-07, 5.587935447692871e-09, 0.8509634733200073, -0.26573848724365234, 0.4530388414859772, 0.22450187802314758, 0.9638262987136841, 0.14365848898887634, -0.4748263359069824, -0.020540062338113785, 0.8798398971557617),
            ["Head"] = CFrame.new(-1.0058283805847168e-07, 3.5762786865234375e-07, -9.313225746154785e-09, 0.9659637212753296, -0.026681387796998024, 0.25729790329933167, 0.04003828763961792, 0.9981009364128113, -0.04681294038891792, -0.2555601894855499, 0.05552138015627861, 0.9651975631713867),
            ["RightHand"] = CFrame.new(1.7439015209674835e-07, 2.384185791015625e-07, -1.7601996660232544e-07, 0.9119504690170288, 0.018784739077091217, -0.40987008810043335, -0.08295704424381256, 0.9867618680000305, -0.13935308158397675, 0.4018264412879944, 0.16108474135398865, 0.9014362096786499),
            ["UpperTorso"] = CFrame.new(-2.9802322387695312e-08, -1.1920928955078125e-07, -1.327134668827057e-07, 0.9845333695411682, 0.09793587774038315, -0.14526775479316711, -0.08528400957584381, 0.9922001957893372, 0.09091512113809586, 0.15303854644298553, -0.07711993157863617, 0.9852064847946167),
            ["HumanoidRootPart"] = CFrame.new(0, 0, 0, 1, 0, 0, 0, 1, 0, 0, 0, 1),
            ["RightUpperLeg"] = CFrame.new(1.7881393432617188e-07, -2.9744114726781845e-08, -1.2835516827180982e-07, 0.9999952912330627, 0.0029295962303876877, 0.0009584795334376395, -0.002902619307860732, 0.9996305108070374, -0.027026483789086342, -0.0010374075500294566, 0.027023429051041603, 0.999634325504303),
            ["LeftUpperArm"] = CFrame.new(-1.1920928955078125e-07, 5.960464477539062e-07, -3.91155481338501e-08, 0.37912070751190186, 0.9205668568611145, 0.093937449157238, -0.37423667311668396, 0.24537834525108337, -0.894279956817627, -0.846294641494751, 0.30388522148132324, 0.4375378489494324),
            ["RightLowerArm"] = CFrame.new(-5.662441253662109e-07, 0, 5.960464477539062e-07, 1, -3.725290298461914e-08, 5.587934559514451e-09, 2.9802318834981634e-08, 0.9444236755371094, -0.3287307620048523, -3.166496398421259e-08, 0.3287307620048523, 0.9444237351417542),
            ["LeftHand"] = CFrame.new(-4.76837158203125e-07, 0, 2.086162567138672e-07, 0.8714200854301453, 0.32266828417778015, -0.36947542428970337, -0.36965641379356384, 0.9270836114883423, -0.06221120059490204, 0.32246115803718567, 0.1907910704612732, 0.9271556735038757),
            ["LeftFoot"] = CFrame.new(-6.984919309616089e-09, -5.960464477539063e-08, 0, 0.9971764087677002, -0.038028374314308167, -0.06475455313920975, 0.01525204535573721, 0.9468863606452942, -0.3212067484855652, 0.07352980226278305, 0.3193122446537018, 0.9447926878929138),
            ["LowerTorso"] = CFrame.new(-0.045589379966259, -0.06254243850708008, -0.11378398537635803, 0.9897176623344421, -0.0016729056369513273, -0.14302508533000946, -0.005336357280611992, 0.9988036155700684, -0.04860960692167282, 0.14293527603149414, 0.048873014748096466, 0.9885246753692627),
            ["RightLowerLeg"] = CFrame.new(-3.4458935260772705e-08, -0.000003635883331298828, -0.0000133199428091757, 1, -5.7742006731587026e-08, -3.678724525002508e-08, 6.28642737865448e-08, 0.9021743535995483, 0.43137115240097046, -5.948822945356369e-08, -0.4313717782497406, 0.9021745920181274),
            ["LeftUpperLeg"] = CFrame.new(1.4901161193847656e-07, -7.497146725654602e-08, -2.5331974029541016e-07, 0.9159173965454102, 0.1035272628068924, 0.3877856433391571, -0.057094402611255646, 0.9899430871009827, -0.12943315505981445, -0.3972853124141693, 0.09640966355800629, 0.9126168489456177),
            ["LeftLowerLeg"] = CFrame.new(-1.0803341865539551e-07, 0.000003933906555175781, 0.000013262033462524414, 1, 3.725290653733282e-08, 4.749745841081676e-08, -3.352762334429826e-08, 0.8813039064407349, 0.47254982590675354, 7.916244548766826e-09, -0.4725499451160431, 0.8813039660453796)
        }},
        [9] = {Time = 0.267, Data = {
            ["RightFoot"] = CFrame.new(3.725290298461914e-09, 3.5762786865234375e-07, 4.267349140718579e-08, 0.9861156344413757, -0.017251629382371902, -0.1651618927717209, -0.04753062501549721, 0.9236555695533752, -0.3802642524242401, 0.1591130942106247, 0.3828352093696594, 0.910011351108551),
            ["LeftLowerArm"] = CFrame.new(5.960464477539062e-07, -7.152557373046875e-07, 2.980232238769531e-07, 1, -1.1920928955078125e-07, 8.568167686462402e-08, 4.4703490686970326e-08, -0.09828805923461914, -0.9951580166816711, 1.3411046495548362e-07, 0.9951580762863159, -0.09828805178403854),
            ["RightUpperArm"] = CFrame.new(0, -1.1920928955078125e-07, -1.30385160446167e-08, 0.8508570194244385, -0.2657257318496704, 0.4532463550567627, 0.2238897830247879, 0.9638046622276306, 0.14475464820861816, -0.4753060042858124, -0.02168826386332512, 0.8795532584190369),
            ["Head"] = CFrame.new(-5.587935447692871e-08, 4.76837158203125e-07, -1.862645149230957e-09, 0.9661394357681274, -0.026264270767569542, 0.25668051838874817, 0.039542630314826965, 0.9981257319450378, -0.04670644924044609, -0.25497275590896606, 0.05527477338910103, 0.9653671979904175),
            ["RightHand"] = CFrame.new(3.4761615097522736e-07, 5.960464477539063e-08, -1.7229467630386353e-07, 0.911919891834259, 0.018833130598068237, -0.40993598103523254, -0.08331073075532913, 0.9866403937339783, -0.1400003284215927, 0.4018227756023407, 0.1618211567401886, 0.9013059735298157),
            ["UpperTorso"] = CFrame.new(-1.3969838619232178e-08, 3.8743019104003906e-07, -1.0663643479347229e-07, 0.9845169186592102, 0.09794910997152328, -0.14537042379379272, -0.08528654277324677, 0.9921984076499939, 0.09093262255191803, 0.15314307808876038, -0.07712654024362564, 0.98518967628479),
            ["HumanoidRootPart"] = CFrame.new(0, 0, 0, 1, 0, 0, 0, 1, 0, 0, 0, 1),
            ["RightUpperLeg"] = CFrame.new(2.384185791015625e-07, 2.757296897470951e-07, -1.8423452274873853e-07, 0.9999961256980896, 0.0028058807365596294, 0.00013591638708021492, -0.002801173599436879, 0.9996299743652344, -0.027059368789196014, -0.00021190106053836644, 0.027058739215135574, 0.9996338486671448),
            ["LeftUpperArm"] = CFrame.new(1.7881393432617188e-07, -5.960464477539062e-07, -1.30385160446167e-08, 0.3798680603504181, 0.9203251004219055, 0.09328452497720718, -0.3749508857727051, 0.24537664651870728, -0.8939811587333679, -0.8456430435180664, 0.30461785197257996, 0.4382874667644501),
            ["RightLowerArm"] = CFrame.new(-7.152557373046875e-07, 4.76837158203125e-07, 5.513429641723633e-07, 1, -2.9802311729554276e-08, 1.1175870895385742e-08, 4.470347647611561e-08, 0.9439051747322083, -0.33021655678749084, 5.587934559514451e-09, 0.33021649718284607, 0.943905234336853),
            ["LeftHand"] = CFrame.new(-2.384185791015625e-07, 4.76837158203125e-07, -2.086162567138672e-07, 0.8714277744293213, 0.32369235157966614, -0.3685605823993683, -0.3706817328929901, 0.9266475439071655, -0.06260497123003006, 0.3212609887123108, 0.19117440283298492, 0.9274932742118835),
