return {
    ["Shake & Split"] = {
        [1] = {Time = 0.000, Data = {
            ["RightFoot"] = CFrame.new(3.67872416973114e-08, 3.5762786865234375e-07, -2.029992174357176e-09, 0.9856993556022644, 0.015410290099680424, -0.16780781745910645, -0.06734167784452438, 0.9488614201545715, -0.3084265887737274, 0.1544734239578247, 0.31531670689582825, 0.9363298416137695),
            ["LeftLowerArm"] = CFrame.new(-1.4901161193847656e-07, 3.5762786865234375e-07, -8.940696716308594e-08, 1, -1.6763804566721774e-08, -3.7252889661942845e-09, 1.4901162970204496e-08, 0.9676578640937805, -0.25226616859436035, 1.1175872671742582e-08, 0.25226613879203796, 0.9676579236984253),
            ["RightUpperArm"] = CFrame.new(1.1920928955078125e-07, 4.76837158203125e-07, -2.9336661100387573e-08, 0.40975457429885864, -0.911858856678009, 0.02479182742536068, 0.2763918936252594, 0.0982075184583664, -0.9560141563415527, 0.8693150877952576, 0.39858338236808777, 0.29227131605148315),
            ["Head"] = CFrame.new(-1.1175870895385742e-08, 0, 2.7939677238464355e-09, 0.9686374068260193, -0.006517441943287849, 0.24839329719543457, 0.03407551720738411, 0.9936955571174622, -0.10680830478668213, -0.24613124132156372, 0.11192265152931213, 0.9627527594566345),
            ["RightHand"] = CFrame.new(-7.450580596923828e-09, 1.7881393432617188e-07, -5.587935447692871e-08, 0.7607877850532532, -0.18790248036384583, 0.6212043166160583, 0.37820467352867126, 0.9062072038650513, -0.1890760213136673, -0.527411937713623, 0.3787890672683716, 0.7604969143867493),
            ["UpperTorso"] = CFrame.new(5.587935447692871e-09, -2.384185791015625e-07, -3.4458935260772705e-08, 0.9863935112953186, -0.043673720210790634, -0.15849468111991882, 0.055518101900815964, 0.9959238767623901, 0.0710875615477562, 0.154743954539299, -0.07891963422298431, 0.9847975373268127),
            ["HumanoidRootPart"] = CFrame.new(0, 0, 0, 1, 0, 0, 0, 1, 0, 0, 0, 1),
            ["RightUpperLeg"] = CFrame.new(1.7881393432617188e-07, -2.2642780095338821e-07, 1.832813723012805e-08, 0.9993670582771301, -0.035567473620176315, -0.0007019966724328697, 0.035099998116493225, 0.9890596866607666, -0.14327940344810486, 0.0057904780842363834, 0.14316388964653015, 0.9896820783615112),
            ["LeftUpperArm"] = CFrame.new(0, 1.1920928955078125e-07, -8.475035429000854e-08, 0.9622519612312317, 0.20945560932159424, 0.1737804114818573, -0.2264547348022461, 0.9703623652458191, 0.08435149490833282, -0.15096206963062286, -0.12052073329687119, 0.9811652302742004),
            ["RightLowerArm"] = CFrame.new(0, 6.556510925292969e-07, -0.0000010654330253601074, 1, -1.2340019850398676e-07, 7.543718538727262e-08, 8.195639367158947e-08, -0.07959763705730438, -0.9968270659446716, 6.239861960466442e-08, 0.9968271255493164, -0.07959762960672379),
            ["LeftHand"] = CFrame.new(1.7881393432617188e-07, 5.364418029785156e-07, -1.341104507446289e-07, 0.9729157090187073, -0.052692532539367676, -0.22507458925247192, 0.045663170516490936, 0.9982961416244507, -0.03632707521319389, 0.2266053408384323, 0.02506559155881405, 0.9736641049385071),
            ["LeftFoot"] = CFrame.new(1.1175870895385742e-08, -5.960464477539063e-08, 3.725290298461914e-09, 0.9977192878723145, -0.03825928643345833, 0.05561019107699394, 0.0473531037569046, 0.9838343858718872, -0.17270679771900177, -0.04810388758778572, 0.17494630813598633, 0.9834021925926208),
            ["LowerTorso"] = CFrame.new(-0.015864010900259018, -0.04643535614013672, -0.17559829354286194, 0.9909155964851379, 0.01400266494601965, -0.13375478982925415, -0.014577534981071949, 0.9998882412910461, -0.0033195444848388433, 0.13369335234165192, 0.005239203106611967, 0.9910089373588562),
            ["RightLowerLeg"] = CFrame.new(-1.862645149230957e-09, -0.000003814697265625, -0.000013290140486788005, 1, -7.450581307466564e-08, 0, 7.636844401304188e-08, 0.8967891335487366, 0.4424578845500946, 1.1408699762682772e-08, -0.4424583613872528, 0.8967892527580261),
            ["LeftUpperLeg"] = CFrame.new(-1.7881393432617188e-07, -8.346978574991226e-08, 1.4435499906539917e-08, 0.9160893559455872, 0.12207308411598206, 0.38194069266319275, -0.03132983297109604, 0.9714105129241943, -0.23533019423484802, -0.3997485041618347, 0.20361727476119995, 0.89372318983078),
            ["LeftLowerLeg"] = CFrame.new(-4.0978193283081055e-08, 0.000003993511199951172, 0.000013336539268493652, 1, 3.9581220079298873e-08, 6.891787762697277e-08, -3.3527612686157227e-08, 0.9154560565948486, 0.4024181365966797, 2.1420419216156006e-08, -0.40241819620132446, 0.9154560565948486)
        }},
        [2] = {Time = 0.033, Data = {
            ["RightFoot"] = CFrame.new(4.656612873077393e-10, 4.172325134277344e-07, 5.420588422566652e-09, 0.9857107400894165, 0.01551943551748991, -0.16773073375225067, -0.06728523969650269, 0.9491340517997742, -0.30759894847869873, 0.15442514419555664, 0.31448984146118164, 0.9366159439086914),
            ["LeftLowerArm"] = CFrame.new(-3.2782554626464844e-07, -2.384185791015625e-07, 1.043081283569336e-07, 1, -2.421439582178664e-08, 9.313227522511625e-09, 2.23517560016262e-08, 0.9667350649833679, -0.2557802200317383, 2.23517560016262e-08, 0.25578027963638306, 0.9667350053787231),
            ["RightUpperArm"] = CFrame.new(2.384185791015625e-07, 7.152557373046875e-07, -5.122274160385132e-09, 0.4088325500488281, -0.9123055934906006, 0.023546934127807617, 0.2770780324935913, 0.09950078278779984, -0.9556817412376404, 0.8695307374000549, 0.397238165140152, 0.2934589982032776),
            ["Head"] = CFrame.new(7.450580596923828e-09, 2.384185791015625e-07, 1.1641532182693481e-08, 0.9688604474067688, -0.0057467008009552956, 0.2475409060716629, 0.03319769352674484, 0.9937192797660828, -0.10686438530683517, -0.24537216126918793, 0.11175446212291718, 0.9629660844802856),
            ["RightHand"] = CFrame.new(7.450580596923828e-09, -1.7881393432617188e-07, 9.499490261077881e-08, 0.7608382105827332, -0.18835632503032684, 0.6210049986839294, 0.3784078359603882, 0.9061883091926575, -0.1887599527835846, -0.5271933674812317, 0.3786088526248932, 0.7607382535934448),
            ["UpperTorso"] = CFrame.new(-9.313225746154785e-10, 3.5762786865234375e-07, -1.5599653124809265e-08, 0.9864033460617065, -0.04366278648376465, -0.1584361344575882, 0.05550578609108925, 0.9959230422973633, 0.0711096003651619, 0.15468531847000122, -0.078936867415905, 0.9848052859306335),
            ["HumanoidRootPart"] = CFrame.new(0, 0, 0, 1, 0, 0, 0, 1, 0, 0, 0, 1),
            ["RightUpperLeg"] = CFrame.new(5.960464477539063e-08, 4.4674379751086235e-07, 3.892637323588133e-09, 0.9993723630905151, -0.035391323268413544, -0.001559445634484291, 0.03480326011776924, 0.9890779256820679, -0.14322581887245178, 0.0066113038919866085, 0.14308148622512817, 0.9896888732910156),
            ["LeftUpperArm"] = CFrame.new(1.1920928955078125e-07, 7.152557373046875e-07, -1.1408701539039612e-07, 0.9625361561775208, 0.20914749801158905, 0.17257292568683624, -0.22611463069915771, 0.9703730344772339, 0.08513747900724411, -0.1496538370847702, -0.12096912413835526, 0.9813104867935181),
            ["RightLowerArm"] = CFrame.new(-2.9802322387695312e-08, 7.748603820800781e-07, 7.674098014831543e-07, 1, -8.10250355698372e-08, 7.916245436945246e-08, 7.4505820180093e-08, -0.07971978932619095, -0.9968173503875732, 9.732323036359958e-08, 0.9968173503875732, -0.07971979677677155),
            ["LeftHand"] = CFrame.new(9.685754776000977e-08, -5.960464477539063e-08, -1.6391277313232422e-07, 0.9729357957839966, -0.052475105971097946, -0.2250388264656067, 0.046021752059459686, 0.998367428779602, -0.03383059799671173, 0.2264467030763626, 0.022558361291885376, 0.9737623333930969),
            ["LeftFoot"] = CFrame.new(4.190951585769653e-08, -5.960464477539063e-08, -2.60770320892334e-08, 0.9977285861968994, -0.0378645658493042, 0.0557137168943882, 0.04696836322546005, 0.9839016795158386, -0.17242830991744995, -0.04828793555498123, 0.17465327680110931, 0.9834452271461487),
            ["LowerTorso"] = CFrame.new(-0.016167951747775078, -0.046364545822143555, -0.1747104674577713, 0.9910193085670471, 0.013629441149532795, -0.13302288949489594, -0.014170925132930279, 0.9998947381973267, -0.003124677110463381, 0.1329662948846817, 0.004981672391295433, 0.9911080598831177),
            ["RightLowerLeg"] = CFrame.new(3.91155481338501e-08, -0.000003516674041748047, -0.000013394448615144938, 1, -5.587935447692871e-08, -1.816079198135867e-08, 6.146729703004894e-08, 0.8972889184951782, 0.44144320487976074, -2.398155984906225e-08, -0.4414438009262085, 0.8972892761230469),
            ["LeftUpperLeg"] = CFrame.new(-2.384185791015625e-07, 1.8137507140636444e-07, -7.916241884231567e-09, 0.9164227247238159, 0.12233785539865494, 0.38105493783950806, -0.031223366037011147, 0.9710866808891296, -0.23667669296264648, -0.3989918529987335, 0.2049981951713562, 0.8937457203865051),
            ["LeftLowerLeg"] = CFrame.new(-5.960464477539063e-08, 0.000004112720489501953, 0.000013262033462524414, 1, 4.237517714500427e-08, 1.816079375771551e-08, -5.2154071283894154e-08, 0.9151601791381836, 0.4030905067920685, 2.0489098417897367e-08, -0.40309035778045654, 0.9151601791381836)
        }},
        [3] = {Time = 0.067, Data = {
            ["RightFoot"] = CFrame.new(9.778887033462524e-09, 4.76837158203125e-07, -3.9282895158976316e-08, 0.9857175350189209, 0.01564398966729641, -0.16767965257167816, -0.0672595202922821, 0.9493895769119263, -0.30681508779525757, 0.15439337491989136, 0.3137114346027374, 0.9368821382522583),
            ["LeftLowerArm"] = CFrame.new(0, -4.76837158203125e-07, -1.6391277313232422e-07, 1, -1.4901162970204496e-08, 5.587935447692871e-09, 1.862645815364772e-09, 0.964896559715271, -0.2626304030418396, 0, 0.262630432844162, 0.9648965001106262),
            ["RightUpperArm"] = CFrame.new(2.384185791015625e-07, 1.1920928955078125e-07, 6.100162863731384e-08, 0.4079895317554474, -0.912718653678894, 0.02211814373731613, 0.27859288454055786, 0.10138844698667526, -0.9550427198410034, 0.8694426417350769, 0.39580944180488586, 0.29564231634140015),
            ["Head"] = CFrame.new(2.9802322387695312e-08, 0, 3.259629011154175e-09, 0.9690884351730347, -0.0047305552288889885, 0.24666829407215118, 0.0320432186126709, 0.993760883808136, -0.10683036595582962, -0.24462401866912842, 0.11143214255571365, 0.9631936550140381),
            ["RightHand"] = CFrame.new(-1.564621925354004e-07, 3.5762786865234375e-07, 5.774199962615967e-08, 0.7608630657196045, -0.18918035924434662, 0.6207239031791687, 0.37893086671829224, 0.9060573577880859, -0.18833844363689423, -0.5267815589904785, 0.3785112202167511, 0.7610719203948975),
            ["UpperTorso"] = CFrame.new(6.51925802230835e-09, 5.960464477539063e-08, -5.366746336221695e-08, 0.986417293548584, -0.04364291578531265, -0.15835483372211456, 0.05548608675599098, 0.9959209561347961, 0.07115378230810165, 0.1546034961938858, -0.07897380739450455, 0.984815239906311),
            ["HumanoidRootPart"] = CFrame.new(0, 0, 0, 1, 0, 0, 0, 1, 0, 0, 0, 1),
            ["RightUpperLeg"] = CFrame.new(1.1920928955078125e-07, 4.0046870708465576e-07, 6.686605047434568e-09, 0.9993776679039001, -0.03519994020462036, -0.0022913662251085043, 0.03450932726264, 0.9890913963317871, -0.1432039737701416, 0.007307142484933138, 0.1430356651544571, 0.9896905422210693),
            ["LeftUpperArm"] = CFrame.new(1.1920928955078125e-07, 3.5762786865234375e-07, 7.497146725654602e-08, 0.9625028371810913, 0.20956437289714813, 0.17225301265716553, -0.226748988032341, 0.9700769186019897, 0.08680833876132965, -0.14890672266483307, -0.12261145561933517, 0.9812203049659729),
            ["RightLowerArm"] = CFrame.new(-1.1920928955078125e-07, 5.960464477539062e-07, 8.940696716308594e-08, 1, -7.031481175090448e-08, 9.126964783945368e-08, 7.4505820180093e-08, -0.0797322615981102, -0.9968163371086121, 1.5040863843296393e-07, 0.9968163371086121, -0.07973227649927139),
            ["LeftHand"] = CFrame.new(8.195638656616211e-08, -5.960464477539063e-08, -1.4901161193847656e-08, 0.9729306101799011, -0.05196984112262726, -0.2251780927181244, 0.04650648310780525, 0.9984822869300842, -0.029502682387828827, 0.22636966407299042, 0.018231850117444992, 0.9738709330558777),
            ["LeftFoot"] = CFrame.new(-5.494803190231323e-08, -5.960464477539063e-08, -2.9802322387695312e-08, 0.99773770570755, -0.03748197481036186, 0.055809665471315384, 0.04660167545080185, 0.9839411377906799, -0.17230257391929626, -0.04845540598034859, 0.17451368272304535, 0.983461856842041),
            ["LowerTorso"] = CFrame.new(-0.016492897644639015, -0.04631948471069336, -0.17389357089996338, 0.9911094307899475, 0.013243523426353931, -0.132389098405838, -0.013752087019383907, 0.9999011754989624, -0.0029277808498591185, 0.13233724236488342, 0.00472237728536129, 0.9911935329437256),
            ["RightLowerLeg"] = CFrame.new(-5.029141902923584e-08, -0.000003516674041748047, -0.000013327393389772624, 1, -6.891786341611805e-08, 2.0489094865183688e-08, 7.078050856534901e-08, 0.8977506160736084, 0.4405035972595215, -2.0721925508837558e-08, -0.4405041038990021, 0.8977509140968323),
            ["LeftUpperLeg"] = CFrame.new(-1.1920928955078125e-07, 3.98256815969944e-07, -7.310882210731506e-08, 0.9167126417160034, 0.1226569190621376, 0.3802543580532074, -0.031140821054577827, 0.9707518815994263, -0.23805712163448334, -0.39833182096481323, 0.20638854801654816, 0.8937200307846069),
            ["LeftLowerLeg"] = CFrame.new(5.587935447692871e-08, 0.000003933906555175781, 0.000013306736946105957, 1, 3.3527612686157227e-08, 6.752087955419483e-08, -4.4703490686970326e-08, 0.9147886037826538, 0.40393272042274475, -2.1420420992512845e-08, -0.40393292903900146, 0.9147887229919434)
        }},
        [4] = {Time = 0.100, Data = {
            ["RightFoot"] = CFrame.new(-5.168840289115906e-08, 2.980232238769531e-07, 2.032174961641431e-08, 0.9857178926467896, 0.01578107848763466, -0.16766399145126343, -0.06726574897766113, 0.9496257305145264, -0.30608195066452026, 0.15438765287399292, 0.31298884749412537, 0.9371247291564941),
            ["LeftLowerArm"] = CFrame.new(-8.940696716308594e-07, 0, 1.043081283569336e-07, 1, -7.450581485102248e-09, -1.862645371275562e-09, 1.6763809895792292e-08, 0.9629124999046326, -0.2698139250278473, 3.725291186640334e-09, 0.26981398463249207, 0.9629124999046326),
            ["RightUpperArm"] = CFrame.new(0, -2.384185791015625e-07, -1.280568540096283e-08, 0.4072631597518921, -0.9130785465240479, 0.020597686991095543, 0.279940128326416, 0.10333174467086792, -0.954440176486969, 0.8693505525588989, 0.39447444677352905, 0.2976905107498169),
            ["Head"] = CFrame.new(-3.725290298461914e-09, -1.1920928955078125e-07, 3.771856427192688e-08, 0.969311535358429, -0.003810175694525242, 0.24580632150173187, 0.031006235629320145, 0.9937899112701416, -0.10686540603637695, -0.2438727468252182, 0.11120738834142685, 0.9634101986885071),
            ["RightHand"] = CFrame.new(-3.203749656677246e-07, 0, -3.1851232051849365e-07, 0.7609777450561523, -0.18976975977420807, 0.6204034090042114, 0.37926530838012695, 0.9059708118438721, -0.18808192014694214, -0.5263750553131104, 0.3784236013889313, 0.7613967657089233),
            ["UpperTorso"] = CFrame.new(6.51925802230835e-09, -1.4901161193847656e-07, 6.28642737865448e-09, 0.9864381551742554, -0.04362386837601662, -0.15823008120059967, 0.055464502424001694, 0.9959186315536499, 0.07120311260223389, 0.15447817742824554, -0.07901362329721451, 0.984831690788269),
            ["HumanoidRootPart"] = CFrame.new(0, 0, 0, 1, 0, 0, 0, 1, 0, 0, 0, 1),
            ["RightUpperLeg"] = CFrame.new(1.1920928955078125e-07, -2.024171408265829e-07, 6.303162081167102e-08, 0.9993832111358643, -0.034998368471860886, -0.002891267416998744, 0.03422390669584274, 0.9890987277030945, -0.14322184026241302, 0.007872252725064754, 0.1430344134569168, 0.9896864295005798),
            ["LeftUpperArm"] = CFrame.new(-1.1920928955078125e-07, 4.76837158203125e-07, 4.1443854570388794e-08, 0.962420642375946, 0.21013343334197998, 0.17201904952526093, -0.22757206857204437, 0.9697173237800598, 0.08865302056074142, -0.14818096160888672, -0.12446820735931396, 0.9810964465141296),
            ["RightLowerArm"] = CFrame.new(-2.384185791015625e-07, 5.364418029785156e-07, -1.4156103134155273e-07, 1, -9.359787611629145e-08, 9.82545458327877e-08, 8.568168397005138e-08, -0.07979773730039597, -0.9968111515045166, 1.2479723920932884e-07, 0.996811032295227, -0.07979775965213776),
            ["LeftHand"] = CFrame.new(4.917383193969727e-07, 0, -1.7881393432617188e-07, 0.9729090929031372, -0.05136704817414284, -0.22540941834449768, 0.04690771549940109, 0.9985839128494263, -0.0250981654971838, 0.22637934982776642, 0.013844816014170647, 0.973940908908844),
            ["LeftFoot"] = CFrame.new(-1.6763806343078613e-08, 5.960464477539063e-08, -4.0978193283081055e-08, 0.9977467060089111, -0.03711152821779251, 0.05589486286044121, 0.04625161364674568, 0.9839562177658081, -0.17231085896492004, -0.04860340803861618, 0.17450791597366333, 0.9834555983543396),
            ["LowerTorso"] = CFrame.new(-0.016836008056998253, -0.04629826545715332, -0.17314471304416656, 0.9911865592002869, 0.012853370979428291, -0.13184919953346252, -0.013329539448022842, 0.9999074339866638, -0.0027294522151350975, 0.13180191814899445, 0.004462884739041328, 0.9912660121917725),
            ["RightLowerLeg"] = CFrame.new(1.4528632164001465e-07, -0.000003635883331298828, -0.000013386998034548014, 1, -5.587936158235607e-08, -2.9336664653101252e-08, 6.891787762697277e-08, 0.8981671929359436, 0.43965375423431396, -4.447065649060278e-08, -0.43965408205986023, 0.8981673717498779),
            ["LeftUpperLeg"] = CFrame.new(-2.384185791015625e-07, -2.8137583285570145e-07, -2.7939677238464355e-09, 0.9169595837593079, 0.12301621586084366, 0.37954217195510864, -0.031074466183781624, 0.9704108238220215, -0.23945222795009613, -0.39776843786239624, 0.20777392387390137, 0.8936499953269958),
            ["LeftLowerLeg"] = CFrame.new(-3.725290298461914e-08, 0.000003933906555175781, 0.000013232231140136719, 1, 3.073364496231079e-08, 3.3527619791584584e-08, -4.470347647611561e-08, 0.9143553376197815, 0.4049127995967865, 0, -0.4049128592014313, 0.9143553972244263)
        }},
        [5] = {Time = 0.133, Data = {
            ["RightFoot"] = CFrame.new(3.073364496231079e-08, 3.5762786865234375e-07, -2.0656443666666746e-08, 0.9857231378555298, 0.01593579724431038, -0.16761860251426697, -0.06728733330965042, 0.9498447179794312, -0.3053969740867615, 0.15434470772743225, 0.31231561303138733, 0.9373562335968018),
            ["LeftLowerArm"] = CFrame.new(-1.1920928955078125e-07, -3.5762786865234375e-07, -1.341104507446289e-07, 1, -3.3527612686157227e-08, 2.60770320892334e-08, 1.862645504502325e-08, 0.9609224796295166, -0.27681779861450195, 3.725291186640334e-09, 0.27681779861450195, 0.9609224200248718),
            ["RightUpperArm"] = CFrame.new(1.1920928955078125e-07, 3.5762786865234375e-07, -2.3515895009040833e-08, 0.40665698051452637, -0.913381814956665, 0.019074713811278343, 0.2812919020652771, 0.10531770437955856, -0.9538255333900452, 0.8691979050636292, 0.39324548840522766, 0.2997550070285797),
            ["Head"] = CFrame.new(0, 0, 2.561137080192566e-08, 0.9695252776145935, -0.002980124671012163, 0.24497327208518982, 0.030086735263466835, 0.9938055276870728, -0.10698384046554565, -0.24313706159591675, 0.11109402775764465, 0.9636092185974121),
            ["RightHand"] = CFrame.new(1.341104507446289e-07, -2.384185791015625e-07, -4.172325134277344e-07, 0.761092483997345, -0.19019567966461182, 0.6201321482658386, 0.3795858323574066, 0.9058444499969482, -0.1880442351102829, -0.5259779095649719, 0.3785124123096466, 0.7616269588470459),
            ["UpperTorso"] = CFrame.new(1.0244548320770264e-08, -2.384185791015625e-07, -8.032657206058502e-09, 0.9864645004272461, -0.043605703860521317, -0.1580711007118225, 0.055441781878471375, 0.995915949344635, 0.07125735282897949, 0.15431828796863556, -0.07905659079551697, 0.9848533272743225),
            ["HumanoidRootPart"] = CFrame.new(0, 0, 0, 1, 0, 0, 0, 1, 0, 0, 0, 1),
            ["RightUpperLeg"] = CFrame.new(2.384185791015625e-07, -1.5227124094963074e-07, 1.1343217920511961e-08, 0.9993883967399597, -0.03480387106537819, -0.00342069030739367, 0.03395514935255051, 0.9890996217727661, -0.1432800441980362, 0.00837001297622919, 0.14307616651058197, 0.989676296710968),
            ["LeftUpperArm"] = CFrame.new(5.960464477539063e-08, -3.5762786865234375e-07, -1.3550743460655212e-07, 0.9623280763626099, 0.21072699129581451, 0.1718103289604187, -0.22843146324157715, 0.9693383574485779, 0.09056642651557922, -0.14745758473873138, -0.12640146911144257, 0.9809581637382507),
            ["RightLowerArm"] = CFrame.new(0, 2.384185791015625e-07, -0.0000010579824447631836, 1, -8.568164844291459e-08, 9.08039936575733e-08, 7.450581307466564e-08, -0.07966072857379913, -0.9968221187591553, 1.3597311010471458e-07, 0.9968221187591553, -0.07966073602437973),
            ["LeftHand"] = CFrame.new(-1.4156103134155273e-07, 3.5762786865234375e-07, -4.470348358154297e-08, 0.9728851318359375, -0.05072428286075592, -0.22565817832946777, 0.04726153239607811, 0.9986675977706909, -0.020724520087242126, 0.2264087200164795, 0.00949761550873518, 0.9739860892295837),
            ["LeftFoot"] = CFrame.new(-6.891787052154541e-08, 1.7881393432617188e-07, -3.3527612686157227e-08, 0.9977556467056274, -0.036754731088876724, 0.055971745401620865, 0.045919567346572876, 0.9839490056037903, -0.17244070768356323, -0.048735111951828, 0.17462372779846191, 0.983428418636322),
            ["LowerTorso"] = CFrame.new(-0.017194440588355064, -0.04629850387573242, -0.17246098816394806, 0.9912503361701965, 0.012462456710636616, -0.13140618801116943, -0.012906773947179317, 0.9999135136604309, -0.0025300472043454647, 0.13136328756809235, 0.004203939810395241, 0.9913253784179688),
            ["RightLowerLeg"] = CFrame.new(3.5390257835388184e-08, -0.000003874301910400391, -0.000013297591067384928, 1, -6.51925802230835e-08, 4.656612873077393e-10, 7.264316082000732e-08, 0.898542046546936, 0.43888744711875916, 2.2584572434425354e-08, -0.43888744711875916, 0.8985421061515808),
            ["LeftUpperLeg"] = CFrame.new(-1.7881393432617188e-07, -6.777700036764145e-07, -3.585591912269592e-08, 0.917163610458374, 0.12340978533029556, 0.37892070412635803, -0.0310226958245039, 0.9700666666030884, -0.24084919691085815, -0.3973017930984497, 0.20914313197135925, 0.8935383558273315),
            ["LeftLowerLeg"] = CFrame.new(9.313225746154785e-08, 0.000003993511199951172, 0.0000133514404296875, 1, 5.1222752261992355e-08, 3.213063237694769e-08, -2.980232949312267e-08, 0.9138694405555725, 0.4060083031654358, 2.7939684343891713e-08, -0.4060082733631134, 0.9138694405555725)
        }},
        [6] = {Time = 0.167, Data = {
            ["RightFoot"] = CFrame.new(-1.4901161193847656e-08, 2.384185791015625e-07, -2.0656443666666746e-08, 0.9857216477394104, 0.0160988699644804, -0.16761213541030884, -0.06733768433332443, 0.950045645236969, -0.3047603964805603, 0.15433283150196075, 0.3116958737373352, 0.9375645518302917),
            ["LeftLowerArm"] = CFrame.new(-7.152557373046875e-07, 6.556510925292969e-07, -7.450580596923828e-08, 1, -1.862644971595273e-08, -5.587934559514451e-09, 7.450581485102248e-09, 0.9590058922767639, -0.2833862006664276, 1.1175872671742582e-08, 0.2833862006664276, 0.9590058922767639),
            ["RightUpperArm"] = CFrame.new(2.384185791015625e-07, 3.5762786865234375e-07, 4.656612873077393e-10, 0.4060508906841278, -0.9136809706687927, 0.017599033191800117, 0.2828182876110077, 0.10732854157686234, -0.9531497359275818, 0.8689858913421631, 0.3920046389102936, 0.30198654532432556),
            ["Head"] = CFrame.new(-2.2351741790771484e-08, -1.1920928955078125e-07, 2.60770320892334e-08, 0.9697294235229492, -0.0022372140083462, 0.24417179822921753, 0.029284542426466942, 0.9938063621520996, -0.10719798505306244, -0.2424197793006897, 0.11110353469848633, 0.9637888073921204),
            ["RightHand"] = CFrame.new(1.4901161193847656e-07, -8.940696716308594e-07, -2.6170164346694946e-07, 0.7611982226371765, -0.19065409898757935, 0.6198614835739136, 0.38004744052886963, 0.9056278467178345, -0.18815462291240692, -0.52549147605896, 0.3787996768951416, 0.7618199586868286),
            ["UpperTorso"] = CFrame.new(1.862645149230957e-08, -1.7881393432617188e-07, 1.257285475730896e-08, 0.9864943623542786, -0.04358784854412079, -0.15788927674293518, 0.05541832000017166, 0.995913028717041, 0.07131679356098175, 0.15413545072078705, -0.07910357415676117, 0.9848781228065491),
            ["HumanoidRootPart"] = CFrame.new(0, 0, 0, 1, 0, 0, 0, 1, 0, 0, 0, 1),
            ["RightUpperLeg"] = CFrame.new(1.1920928955078125e-07, 3.0591036193072796e-07, 6.489426596090198e-08, 0.9993937611579895, -0.03460461273789406, -0.0038272347301244736, 0.03369897976517677, 0.9890949726104736, -0.14337220788002014, 0.008746931329369545, 0.14315615594387054, 0.9896615147590637),
            ["LeftUpperArm"] = CFrame.new(0, 1.1920928955078125e-07, -2.7008354663848877e-08, 0.9622549414634705, 0.21122360229492188, 0.17161054909229279, -0.2291945368051529, 0.9689761400222778, 0.09249426424503326, -0.14674963057041168, -0.12833528220653534, 0.9808133244514465),
            ["RightLowerArm"] = CFrame.new(-2.086162567138672e-07, 6.556510925292969e-07, -4.172325134277344e-07, 1, -1.4342361964736483e-07, 8.009377694406794e-08, 9.313227877782992e-08, -0.0793340653181076, -0.9968481063842773, 1.243315921328758e-07, 0.9968481063842773, -0.0793340727686882),
            ["LeftHand"] = CFrame.new(-1.2665987014770508e-07, 5.960464477539062e-07, -2.9802322387695312e-08, 0.9728519320487976, -0.05005037784576416, -0.22595196962356567, 0.047525547444820404, 0.9987320303916931, -0.01660350151360035, 0.22649648785591125, 0.005414293613284826, 0.9739969968795776),
            ["LeftFoot"] = CFrame.new(-8.102506399154663e-08, 1.1920928955078125e-07, -1.1175870895385742e-08, 0.9977633953094482, -0.036410946398973465, 0.056058842688798904, 0.04560716077685356, 0.9839237332344055, -0.1726679652929306, -0.0488707572221756, 0.17483843863010406, 0.9833835959434509),
            ["LowerTorso"] = CFrame.new(-0.017565345391631126, -0.04631757736206055, -0.1718393713235855, 0.9913030862808228, 0.012075317092239857, -0.13104386627674103, -0.012488306500017643, 0.9999193549156189, -0.0023301634937524796, 0.1310051530599594, 0.00394641375169158, 0.9913738369941711),
            ["RightLowerLeg"] = CFrame.new(2.60770320892334e-08, -0.000003814697265625, -0.000013267788744997233, 1, -6.51925802230835e-08, -3.073364140959711e-08, 7.82310962677002e-08, 0.8988757133483887, 0.43820327520370483, -1.932494342327118e-08, -0.4382038116455078, 0.898875892162323),
            ["LeftUpperLeg"] = CFrame.new(-2.384185791015625e-07, -6.693881005048752e-08, 2.561137080192566e-08, 0.9173392057418823, 0.12382031977176666, 0.3783615529537201, -0.030980810523033142, 0.9697234630584717, -0.24223269522190094, -0.3968992531299591, 0.21048760414123535, 0.8934013247489929),
            ["LeftLowerLeg"] = CFrame.new(-5.21540641784668e-08, 0.000003874301910400391, 0.000013336539268493652, 1, 4.5169155526991744e-08, 2.7939683899802503e-09, -2.980232594040899e-08, 0.9133458733558655, 0.4071846604347229, 3.259629366425543e-08, -0.40718477964401245, 0.9133459329605103)
        }},
        [7] = {Time = 0.200, Data = {
            ["RightFoot"] = CFrame.new(1.0244548320770264e-08, 2.384185791015625e-07, -3.55576048605144e-08, 0.985724151134491, 0.016275139525532722, -0.16758020222187042, -0.06739959865808487, 0.9502314329147339, -0.3041665852069855, 0.15428948402404785, 0.3111196458339691, 0.9377630949020386),
            ["LeftLowerArm"] = CFrame.new(-5.066394805908203e-07, 3.5762786865234375e-07, 1.4901161193847656e-08, 1, -2.9802322387695312e-08, 1.8626444386882213e-08, 4.4703497792397684e-08, 0.9571461081504822, -0.28960540890693665, -7.450583261459087e-09, 0.28960537910461426, 0.957146167755127),
            ["RightUpperArm"] = CFrame.new(1.1920928955078125e-07, 2.384185791015625e-07, -6.030313670635223e-08, 0.4054531157016754, -0.9139735102653503, 0.016132770106196404, 0.2844035029411316, 0.1093539148569107, -0.9524475932121277, 0.8687477111816406, 0.3907610774040222, 0.3042750954627991),
            ["Head"] = CFrame.new(7.450580596923828e-09, 4.76837158203125e-07, -1.210719347000122e-08, 0.9699235558509827, -0.0015772355254739523, 0.24340450763702393, 0.028599845245480537, 0.9937909245491028, -0.10752565413713455, -0.2417237013578415, 0.11125302314758301, 0.9639464020729065),
            ["RightHand"] = CFrame.new(-1.043081283569336e-07, 1.1920928955078125e-07, -5.960464477539063e-08, 0.7613766193389893, -0.19110117852687836, 0.6195046901702881, 0.3804316818714142, 0.9054473638534546, -0.18824675679206848, -0.5249547362327576, 0.37900587916374207, 0.762087345123291),
            ["UpperTorso"] = CFrame.new(1.1175870895385742e-08, -2.682209014892578e-07, -1.2223608791828156e-08, 0.9865313172340393, -0.04357152059674263, -0.15766291320323944, 0.05539320781826973, 0.9959099888801575, 0.07137897610664368, 0.15390795469284058, -0.07915104180574417, 0.9849098920822144),
            ["HumanoidRootPart"] = CFrame.new(0, 0, 0, 1, 0, 0, 0, 1, 0, 0, 0, 1),
            ["RightUpperLeg"] = CFrame.new(2.980232238769531e-07, 2.7983332984149456e-07, 5.09244273416698e-08, 0.9993990659713745, -0.03441402688622475, -0.004158672410994768, 0.03346170857548714, 0.9890839457511902, -0.14350414276123047, 0.009051782079041004, 0.14327850937843323, 0.9896410703659058),
            ["LeftUpperArm"] = CFrame.new(-1.1920928955078125e-07, 2.384185791015625e-07, -1.2200325727462769e-07, 0.962192952632904, 0.2116386741399765, 0.17144662141799927, -0.22987347841262817, 0.9686325788497925, 0.09438826143741608, -0.14609259366989136, -0.13023078441619873, 0.9806615114212036),
            ["RightLowerArm"] = CFrame.new(1.1920928955078125e-07, 1.7881393432617188e-07, 5.960464477539063e-08, 1, -9.685751223287298e-08, 9.49949381379156e-08, 8.195637946073475e-08, -0.07876351475715637, -0.9968933463096619, 9.220092067607766e-08, 0.9968933463096619, -0.07876352220773697),
            ["LeftHand"] = CFrame.new(3.0547380447387695e-07, 6.556510925292969e-07, -2.682209014892578e-07, 0.972797691822052, -0.049322426319122314, -0.2263447642326355, 0.04769138619303703, 0.9987817406654358, -0.012672009877860546, 0.2266940325498581, 0.001532616326585412, 0.9739649295806885),
            ["LeftFoot"] = CFrame.new(9.033828973770142e-08, -5.960464477539063e-08, -1.4901161193847656e-08, 0.9977718591690063, -0.03608236089348793, 0.05612028390169144, 0.045309968292713165, 0.9838809370994568, -0.1729893684387207, -0.04897385090589523, 0.17514672875404358, 0.9833235740661621),
            ["LowerTorso"] = CFrame.new(-0.01794588379561901, -0.04635214805603027, -0.17127683758735657, 0.9913426637649536, 0.011693907901644707, -0.1307787448167801, -0.012076093815267086, 0.9999248385429382, -0.0021296795457601547, 0.13074399530887604, 0.003690538229420781, 0.9914093017578125),
            ["RightLowerLeg"] = CFrame.new(3.725290298461914e-08, -0.000003635883331298828, -0.000013297591067384928, 1, -7.823110337312755e-08, -1.257285475730896e-08, 7.450579886381092e-08, 0.8991709351539612, 0.4375971555709839, -8.381902283360887e-09, -0.43759769201278687, 0.8991711735725403),
            ["LeftUpperLeg"] = CFrame.new(-3.5762786865234375e-07, 1.1699739843606949e-08, 6.51925802230835e-09, 0.9174652099609375, 0.12425602972507477, 0.37791264057159424, -0.030949119478464127, 0.9693834781646729, -0.2435934841632843, -0.396610289812088, 0.2117924988269806, 0.893221378326416),
            ["LeftLowerLeg"] = CFrame.new(7.450580596923828e-09, 0.000003635883331298828, 0.0000133514404296875, 1, 3.3061954951563166e-08, 8.195639367158947e-08, -3.352760913344355e-08, 0.9127898216247559, 0.4084298312664032, 5.5879347371501353e-08, -0.40842974185943604, 0.9127898216247559)
        }},
        [8] = {Time = 0.233, Data = {
            ["RightFoot"] = CFrame.new(-2.7939677238464355e-09, 2.980232238769531e-07, -2.029992174357176e-09, 0.9857192635536194, 0.016455644741654396, -0.16759149730205536, -0.06748619675636292, 0.9504022598266602, -0.30361321568489075, 0.15428310632705688, 0.3105880320072174, 0.9379404783248901),
            ["LeftLowerArm"] = CFrame.new(1.1920928955078125e-07, 1.1920928955078125e-07, 2.086162567138672e-07, 1, -2.421439226907296e-08, 1.4901162970204496e-08, 2.2351748896198842e-08, 0.9552710652351379, -0.29573163390159607, 1.8626458597736928e-08, 0.29573166370391846, 0.9552711248397827),
            ["RightUpperArm"] = CFrame.new(2.384185791015625e-07, 2.384185791015625e-07, -1.83936208486557e-08, 0.4051053822040558, -0.9141523838043213, 0.014667507261037827, 0.28600332140922546, 0.11147163808345795, -0.9517227411270142, 0.868384599685669, 0.38974303007125854, 0.3066083788871765),
            ["Head"] = CFrame.new(-1.4901161193847656e-08, 0, 4.190951585769653e-08, 0.9701048731803894, -0.000993244000710547, 0.24268397688865662, 0.028032083064317703, 0.9937569499015808, -0.10798825323581696, -0.24106161296367645, 0.11156287789344788, 0.9640763401985168),
            ["RightHand"] = CFrame.new(-7.450580596923828e-08, 5.364418029785156e-07, -2.430751919746399e-07, 0.7619324922561646, -0.1914059966802597, 0.6187268495559692, 0.37986189126968384, 0.9058291912078857, -0.1875593364238739, -0.5245607495307922, 0.3779382109642029, 0.7628884315490723),
            ["UpperTorso"] = CFrame.new(1.30385160446167e-08, -1.4901161193847656e-07, -8.96397978067398e-09, 0.9865714907646179, -0.0435585081577301, -0.15741465985774994, 0.055369216948747635, 0.9959071278572083, 0.07143846899271011, 0.15365858376026154, -0.07919507473707199, 0.9849452376365662),
            ["HumanoidRootPart"] = CFrame.new(0, 0, 0, 1, 0, 0, 0, 1, 0, 0, 0, 1),
            ["RightUpperLeg"] = CFrame.new(5.960464477539063e-08, 5.110050551593304e-07, -2.590968506410718e-08, 0.9994048476219177, -0.03421947732567787, -0.0043648043647408485, 0.033238135278224945, 0.9890680909156799, -0.14366480708122253, 0.009233200922608376, 0.14343397319316864, 0.9896167516708374),
            ["LeftUpperArm"] = CFrame.new(-1.1920928955078125e-07, 3.5762786865234375e-07, -6.984919309616089e-08, 0.9621102809906006, 0.21208679676055908, 0.17135676741600037, -0.23058849573135376, 0.9682798981666565, 0.09624490886926651, -0.1455090343952179, -0.13211111724376678, 0.9804967045783997),
            ["RightLowerArm"] = CFrame.new(-1.1920928955078125e-07, 8.940696716308594e-07, 6.780028343200684e-07, 1, -1.0686921569913466e-07, 8.195642919872625e-08, 8.568167686462402e-08, -0.07793233543634415, -0.9969587326049805, 9.080395102500916e-08, 0.9969586730003357, -0.07793235033750534),
            ["LeftHand"] = CFrame.new(1.341104507446289e-07, -4.172325134277344e-07, -2.9802322387695312e-08, 0.9727312326431274, -0.04853827506303787, -0.22679954767227173, 0.047793418169021606, 0.9988186955451965, -0.008777633309364319, 0.22695769369602203, -0.0023012179881334305, 0.9739019274711609),
            ["LeftFoot"] = CFrame.new(-2.7008354663848877e-08, 5.960464477539063e-08, -1.1175870895385742e-08, 0.9977800846099854, -0.03576825186610222, 0.05617375671863556, 0.04502931237220764, 0.9838243722915649, -0.173384428024292, -0.04906346648931503, 0.17552904784679413, 0.9832509756088257),
            ["LowerTorso"] = CFrame.new(-0.018333202227950096, -0.046399831771850586, -0.1707705557346344, 0.9913715720176697, 0.011321373283863068, -0.13059259951114655, -0.011673259548842907, 0.9999300241470337, -0.001929313177242875, 0.13056161999702454, 0.0034371069632470608, 0.9914342761039734),
            ["RightLowerLeg"] = CFrame.new(-1.1175870895385742e-08, -0.0000035762786865234375, -0.000013275239325594157, 1, -7.078051567077637e-08, -1.0244548320770264e-08, 5.587936158235607e-08, 0.899431586265564, 0.4370611906051636, -1.6996638763089322e-08, -0.43706169724464417, 0.8994317650794983),
            ["LeftUpperLeg"] = CFrame.new(-2.980232238769531e-07, 4.132743924856186e-08, -2.561137080192566e-09, 0.9175564646720886, 0.12470261007547379, 0.37754398584365845, -0.030924024060368538, 0.9690497517585754, -0.24492132663726807, -0.39640116691589355, 0.213053897023201, 0.8930140733718872),
            ["LeftLowerLeg"] = CFrame.new(-1.1175870895385742e-08, 0.0000040531158447265625, 0.000013321638107299805, 1, 3.585591912269592e-08, 2.7008351111135198e-08, -2.9802318834981634e-08, 0.9122128486633301, 0.4097166657447815, 5.960463766996327e-08, -0.4097166359424591, 0.9122129082679749)
        }},
        [9] = {Time = 0.267, Data = {
            ["RightFoot"] = CFrame.new(2.0954757928848267e-08, 2.980232238769531e-07, 2.032174961641431e-08, 0.985713005065918, 0.016641896218061447, -0.16761022806167603, -0.06758420914411545, 0.9505652785301208, -0.30308103561401367, 0.15428030490875244, 0.3100789785385132, 0.9381091594696045),
            ["LeftLowerArm"] = CFrame.new(-1.7881393432617188e-07, 4.76837158203125e-07, 2.086162567138672e-07, 1, -2.4214381610931923e-08, 2.4214383387288763e-08, 2.9802322387695312e-08, 0.9533554911613464, -0.3018500506877899, -1.4901161193847656e-08, 0.30185002088546753, 0.9533554911613464),
            ["RightUpperArm"] = CFrame.new(2.384185791015625e-07, 4.76837158203125e-07, -4.7497451305389404e-08, 0.4049654006958008, -0.9142380356788635, 0.013112070970237255, 0.2874349355697632, 0.11368062347173691, -0.9510300159454346, 0.8679771423339844, 0.38890311121940613, 0.3088206946849823),
            ["Head"] = CFrame.new(2.2351741790771484e-08, 0, 4.6566128730773926e-08, 0.9702751040458679, -0.00046365620801225305, 0.24200433492660522, 0.027561409398913383, 0.9937034845352173, -0.10859887301921844, -0.24043035507202148, 0.11204080283641815, 0.9641785025596619),
            ["RightHand"] = CFrame.new(1.6391277313232422e-07, -2.384185791015625e-07, -1.4062970876693726e-07, 0.7625154852867126, -0.19150802493095398, 0.6179766058921814, 0.37880975008010864, 0.9064897894859314, -0.1864929050207138, -0.5244744420051575, 0.3762991726398468, 0.7637574076652527),
            ["UpperTorso"] = CFrame.new(9.313225746154785e-09, -3.5762786865234375e-07, -7.2177499532699585e-09, 0.9866135716438293, -0.043548207730054855, -0.1571539342403412, 0.05534671992063522, 0.9959042072296143, 0.07149668782949448, 0.15339669585227966, -0.07923755049705505, 0.9849826693534851),
            ["HumanoidRootPart"] = CFrame.new(0, 0, 0, 1, 0, 0, 0, 1, 0, 0, 0, 1),
            ["RightUpperLeg"] = CFrame.new(5.960464477539063e-08, -4.1021849028766155e-07, -5.187757778912783e-09, 0.9994111657142639, -0.034014321863651276, -0.004507660400122404, 0.033013131469488144, 0.989052951335907, -0.14382119476795197, 0.009350389242172241, 0.14358755946159363, 0.9895933866500854),
            ["LeftUpperArm"] = CFrame.new(1.1920928955078125e-07, 4.76837158203125e-07, -1.0803341865539551e-07, 0.9620070457458496, 0.21259713172912598, 0.17130427062511444, -0.23137260973453522, 0.9679046273231506, 0.0981198251247406, -0.14494624733924866, -0.13402706384658813, 0.9803200960159302),
            ["RightLowerArm"] = CFrame.new(-2.980232238769531e-07, 7.152557373046875e-07, 3.0547380447387695e-07, 1, -7.846387717336256e-08, 8.102509951868342e-08, 8.568167686462402e-08, -0.07690664380788803, -0.9970383048057556, 1.234002411365509e-07, 0.9970383048057556, -0.07690664380788803),
            ["LeftHand"] = CFrame.new(1.1920928955078125e-07, 3.5762786865234375e-07, -2.086162567138672e-07, 0.9726800918579102, -0.0477348268032074, -0.2271893322467804, 0.04786831885576248, 0.9988415837287903, -0.004925161600112915, 0.2271612584590912, -0.006084531079977751, 0.9738381505012512),
