return {
    ["Shake It Up"] = {
        {Time = 0.000, Data = {
            ["RightFoot"] = CFrame.new(-3.3527612686157227e-08, 3.5762786865234375e-07, -5.790934665128589e-08, 0.9847288131713867, 0.17408442497253418, -0.0019854390993714333, -0.14885929226875305, 0.8360164761543274, -0.528125524520874, -0.09027861803770065, 0.5203566551208496, 0.8491640686988831),
            ["LeftLowerArm"] = CFrame.new(-2.9802322387695312e-08, 5.960464477539062e-07, -4.76837158203125e-07, 1, -7.450579886381092e-08, -1.4901155864777138e-08, 6.19329725282114e-08, 0.6579884886741638, -0.7530280351638794, 8.940699558479537e-08, 0.7530279755592346, 0.657988429069519),
            ["RightUpperArm"] = CFrame.new(2.384185791015625e-07, 1.1920928955078125e-07, -2.086162567138672e-07, 0.6599080562591553, -0.24342714250087738, 0.7108197212219238, 0.44300931692123413, 0.8901772499084473, -0.10642935335636139, -0.6068478226661682, 0.3851332664489746, 0.6952756643295288),
            ["Head"] = CFrame.new(-3.725290298461914e-09, -8.344650268554688e-07, 4.842877388000488e-08, 0.9040737152099609, 0.03145796060562134, 0.4262171983718872, -0.020046817138791084, 0.999311089515686, -0.031234009191393852, -0.42690616846084595, 0.01969355158507824, 0.9040815830230713),
            ["RightHand"] = CFrame.new(8.940696716308594e-08, -3.5762786865234375e-07, 2.682209014892578e-07, 0.9508008360862732, 0.14216266572475433, -0.27525919675827026, -0.20469895005226135, 0.955203652381897, -0.21373917162418365, 0.23254282772541046, 0.25956863164901733, 0.9373089671134949),
            ["UpperTorso"] = CFrame.new(-2.1263986127451062e-09, -5.066394805908203e-07, -5.21540641784668e-08, 0.985755980014801, 0.013073953799903393, -0.1676734834909439, 0.02141786552965641, 0.979097843170166, 0.20225900411605835, 0.16681309044361115, -0.20296919345855713, 0.9648714661598206),
            ["HumanoidRootPart"] = CFrame.new(0, 0, 0, 1, 0, 0, 0, 1, 0, 0, 0, 1),
            ["RightUpperLeg"] = CFrame.new(1.1920928955078125e-07, 9.718351066112518e-07, -3.149762051180005e-08, 0.9200379252433777, -0.26010316610336304, -0.2930474281311035, 0.19486452639102936, 0.9525806903839111, -0.23370473086833954, 0.3399384915828705, 0.15791264176368713, 0.9270951747894287),
            ["LeftUpperArm"] = CFrame.new(1.1920928955078125e-07, -2.384185791015625e-07, 2.9802322387695312e-08, 0.880847692489624, 0.47252413630485535, 0.028780721127986908, -0.47306346893310547, 0.8763020038604736, 0.09113597869873047, 0.017843354493379593, -0.09389199316501617, 0.9954224824905396),
            ["RightLowerArm"] = CFrame.new(-4.76837158203125e-07, 5.960464477539063e-08, 2.0116567611694336e-07, 1, -8.940693874137651e-08, 1.1548399925231934e-07, 8.940695295223122e-08, 0.3064120411872864, -0.9518990516662598, 4.8894428061885264e-08, 0.9518989324569702, 0.30641207098960876),
            ["LeftHand"] = CFrame.new(2.384185791015625e-07, 3.5762786865234375e-07, 1.1920928955078125e-07, 0.868216872215271, -0.19121716916561127, -0.45785966515541077, 0.2204318791627884, 0.9753442406654358, 0.010658484883606434, 0.4445326626300812, -0.11018065363168716, 0.888960599899292),
            ["LeftFoot"] = CFrame.new(-6.705522537231445e-08, 2.384185791015625e-07, 7.095513865351677e-08, 0.9689978957176208, -0.24705958366394043, 0.0021615903824567795, 0.24706868827342987, 0.9689792990684509, -0.0060396501794457436, -0.0006023974274285138, 0.006386506371200085, 0.9999794960021973),
            ["LowerTorso"] = CFrame.new(0.015048195607960224, -0.19319891929626465, -0.023169487714767456, 0.963487446308136, -0.011838104575872421, -0.2674916386604309, 0.000007804841516190208, 0.9990233778953552, -0.044184647500514984, 0.2677534818649292, 0.04256926476955414, 0.9625465869903564),
            ["RightLowerLeg"] = CFrame.new(-2.2817403078079224e-08, -0.0001220703125, -0.00007739726424915716, 1, -1.7881389169360773e-07, -2.980233659855003e-08, 7.450579886381092e-08, 0.6755709648132324, 0.7372948527336121, -3.725289943190546e-08, -0.7372949719429016, 0.6755711436271667),
            ["LeftUpperLeg"] = CFrame.new(2.086162567138672e-07, 6.705522537231445e-08, -6.705522537231445e-08, 0.9639390110969543, 0.25696006417274475, -0.06923267245292664, -0.2560730576515198, 0.8247782588005066, -0.5041502118110657, -0.07244494557380676, 0.5036987066268921, 0.8608365058898926),
            ["LeftLowerLeg"] = CFrame.new(8.195638656616211e-08, 0.00012218952178955078, 0.00007727742195129395, 1, 4.284084909045305e-08, 3.952297333853494e-08, -3.725289943190546e-08, 0.8307374119758606, 0.5566637516021729, 1.0430811414607888e-07, -0.5566644668579102, 0.8307378888130188),
        }},
        {Time = 0.017, Data = {
            ["RightFoot"] = CFrame.new(-2.2351741790771484e-08, 3.5762786865234375e-07, 5.3849362302571535e-08, 0.9851539134979248, 0.17166182398796082, -0.001984060276299715, -0.14734964072704315, 0.8395844101905823, -0.5228633284568787, -0.08808980882167816, 0.5153933763504028, 0.8524143099784851),
            ["LeftLowerArm"] = CFrame.new(-1.1920928955078125e-07, 4.172325134277344e-07, -2.384185791015625e-07, 1, -5.2154071283894154e-08, 7.450579175838357e-08, 3.7252917195473856e-08, 0.6272795796394348, -0.7787942290306091, 0, 0.7787941694259644, 0.6272795796394348),
            ["RightUpperArm"] = CFrame.new(2.384185791015625e-07, 2.384185791015625e-07, -1.1920928955078125e-07, 0.6467868685722351, -0.24810028076171875, 0.7211887240409851, 0.48744383454322815, 0.8617430925369263, -0.1407032608985901, -0.5865708589553833, 0.44254395365715027, 0.6782990097999573),
            ["Head"] = CFrame.new(-2.2351741790771484e-08, -3.5762786865234375e-07, 1.8998980522155762e-07, 0.9050694108009338, 0.03974626958370209, 0.42340248823165894, -0.029310356825590134, 0.9990854263305664, -0.031133374199271202, -0.42425283789634705, 0.015767809003591537, 0.9054065942764282),
            ["RightHand"] = CFrame.new(-2.086162567138672e-07, -4.76837158203125e-07, 1.043081283569336e-07, 0.9526079893112183, 0.1308874785900116, -0.2746026813983917, -0.1793806105852127, 0.9707512259483337, -0.1595766544342041, 0.24568428099155426, 0.2012723833322525, 0.9482240080833435),
            ["UpperTorso"] = CFrame.new(5.238689482212067e-09, 0, -5.564652383327484e-08, 0.9865346550941467, 0.012084169313311577, -0.1631055325269699, 0.021175678819417953, 0.9794352650642395, 0.20064446330070496, 0.1621759980916977, -0.20139653980731964, 0.9659909605979919),
            ["HumanoidRootPart"] = CFrame.new(0, 0, 0, 1, 0, 0, 0, 1, 0, 0, 0, 1),
            ["RightUpperLeg"] = CFrame.new(1.1920928955078125e-07, 8.773058652877808e-07, -3.149762051180005e-08, 0.9210984110832214, -0.2526933252811432, -0.2961823046207428, 0.1897917091846466, 0.9556690454483032, -0.22511328756809235, 0.3399368226528168, 0.15113845467567444, 0.9282242655754089),
            ["LeftUpperArm"] = CFrame.new(-1.1920928955078125e-07, -2.384185791015625e-07, 2.682209014892578e-07, 0.8322665691375732, 0.5258760452270508, -0.17546173930168152, -0.49793529510498047, 0.8482412695884705, 0.18040843307971954, 0.2437063455581665, -0.06277929991483688, 0.9678150415420532),
            ["RightLowerArm"] = CFrame.new(-3.8743019104003906e-07, 5.960464477539063e-08, 1.1548399925231934e-07, 1, -7.450579886381092e-08, 7.450579886381092e-08, 1.0803341865539551e-07, 0.2923634350299835, -0.9563072323799133, 3.632158041000366e-08, 0.9563072919845581, 0.2923634350299835),
            ["LeftHand"] = CFrame.new(5.960464477539063e-08, 4.76837158203125e-07, 0, 0.9623419046401978, -0.05171606317162514, -0.26687756180763245, 0.05753112956881523, 0.9982454776763916, 0.01401117630302906, 0.26568469405174255, -0.028837304562330246, 0.9636285901069641),
            ["LeftFoot"] = CFrame.new(3.725290298461914e-08, 5.960464477539063e-08, 3.771856427192688e-08, 0.9703750014305115, -0.24159418046474457, 0.0021590704564005136, 0.2415969967842102, 0.9703760743141174, -0.0011589742498472333, -0.0018152962438762188, 0.001646170043386519, 0.999997079372406),
            ["LowerTorso"] = CFrame.new(0.018853789195418358, -0.1888446807861328, -0.023567073047161102, 0.963337779045105, -0.01411009207367897, -0.26792028546333313, 0.0025731935165822506, 0.9990561008453369, -0.04336334392428398, 0.2682792544364929, 0.04108413681387901, 0.9624647498130798),
            ["RightLowerLeg"] = CFrame.new(-1.1548399925231934e-07, -0.00012236833572387695, -0.00007741915032966062, 1, -7.450579886381092e-08, -7.450579886381092e-08, 5.960464477539063e-08, 0.6867883205413818, 0.7268570065498352, -1.2293457984924316e-07, -0.7268575429916382, 0.6867889761924744),
            ["LeftUpperLeg"] = CFrame.new(1.1920928955078125e-07, -1.4435499906539917e-07, -8.940696716308594e-08, 0.9629789590835571, 0.26062023639678955, -0.06891125440597534, -0.25955647230148315, 0.8273323774337769, -0.49814796447753906, -0.07281474024057388, 0.497592568397522, 0.8643494248390198),
            ["LeftLowerLeg"] = CFrame.new(-2.9802322387695312e-08, 0.0001227259635925293, 0.00007729232311248779, 1, 6.053600998257025e-08, 2.7939654145825443e-08, 2.2351741790771484e-08, 0.8373396992683411, 0.5466819405555725, -4.470348358154297e-08, -0.5466829538345337, 0.8373402953147888),
        }},
        {Time = 0.033, Data = {
            ["RightFoot"] = CFrame.new(-7.450580596923828e-08, 2.980232238769531e-07, -2.8107024263590574e-08, 0.9855627417564392, 0.1692989617586136, -0.001982356421649456, -0.1460474580526352, 0.8441659808158875, -0.5158045887947083, -0.08565155416727066, 0.5086469650268555, 0.8567039966583252),
            ["LeftLowerArm"] = CFrame.new(4.76837158203125e-07, 4.76837158203125e-07, -0.0000010728836059570312, 1, -5.215404996761208e-08, 4.4703469370688254e-08, 5.960465188081798e-08, 0.6169936656951904, -0.7869681119918823, 4.4703490686970326e-08, 0.7869681715965271, 0.6169936656951904),
            ["RightUpperArm"] = CFrame.new(3.5762786865234375e-07, 1.1920928955078125e-07, -1.6391277313232422e-07, 0.5934227705001831, -0.2984740734100342, 0.7475043535232544, 0.5753684639930725, 0.8067355155944824, -0.13464418053627014, -0.5628505349159241, 0.5099912881851196, 0.6504676938056946),
            ["Head"] = CFrame.new(0, -1.1920928955078125e-07, 1.5273690223693848e-07, 0.9057853817939758, 0.053553562611341476, 0.4203389883041382, -0.045155104249715805, 0.9985319972038269, -0.02991422452032566, -0.4213239848613739, 0.00811541173607111, 0.906873881816864),
            ["RightHand"] = CFrame.new(-2.086162567138672e-07, -4.76837158203125e-07, -5.960464477539063e-08, 0.9464142918586731, 0.09269808232784271, -0.30936571955680847, -0.14401501417160034, 0.9785417914390564, -0.147362619638443, 0.2890670895576477, 0.18401940166950226, 0.9394558072090149),
            ["UpperTorso"] = CFrame.new(6.984919309616089e-10, 8.940696716308594e-08, -5.727633833885193e-08, 0.9875772595405579, 0.009490273892879486, -0.15684756636619568, 0.02153879590332508, 0.9805769920349121, 0.19494836032390594, 0.1556512415409088, -0.19590482115745544, 0.9681911468505859),
            ["HumanoidRootPart"] = CFrame.new(0, 0, 0, 1, 0, 0, 0, 1, 0, 0, 0, 1),
            ["RightUpperLeg"] = CFrame.new(2.384185791015625e-07, 7.245689630508423e-07, 5.75528247281909e-09, 0.9231692552566528, -0.2404627501964569, -0.2998940050601959, 0.18049933016300201, 0.9599882364273071, -0.21410895884037018, 0.33937978744506836, 0.14352810382843018, 0.9296348690986633),
            ["LeftUpperArm"] = CFrame.new(-2.384185791015625e-07, 2.384185791015625e-07, 1.1920928955078125e-07, 0.7259812355041504, 0.5757855176925659, -0.3760615289211273, -0.5171604752540588, 0.8175326585769653, 0.2533487379550934, 0.4533170461654663, 0.010557769797742367, 0.8912867903709412),
            ["RightLowerArm"] = CFrame.new(-2.980232238769531e-07, -1.1920928955078125e-07, 2.644956111907959e-07, 1, -7.450579886381092e-08, 3.725290298461914e-08, 8.195639367158947e-08, 0.28825342655181885, -0.9575541615486145, 8.940698137394065e-08, 0.9575541615486145, 0.28825345635414124),
            ["LeftHand"] = CFrame.new(4.172325134277344e-07, 2.384185791015625e-07, -5.960464477539063e-08, 0.9926446676254272, 0.07415969669818878, -0.09569208323955536, -0.07244665175676346, 0.9971457719802856, 0.021257923915982246, 0.09699542820453644, -0.014168906956911087, 0.9951840043067932),
            ["LeftFoot"] = CFrame.new(-7.450580596923828e-09, 0, 8.800998330116272e-08, 0.9717565178871155, -0.2359757423400879, 0.0021562837064266205, 0.23598042130470276, 0.9717556238174438, -0.0021210010163486004, -0.0015951188979670405, 0.0025699883699417114, 0.9999955296516418),
            ["LowerTorso"] = CFrame.new(0.02256961539387703, -0.1853179931640625, -0.024611130356788635, 0.9628934860229492, -0.020221851766109467, -0.2691231966018677, 0.009368251077830791, 0.9990924000740051, -0.04155297949910164, 0.2697192132472992, 0.0374898798763752, 0.9622089266777039),
            ["RightLowerLeg"] = CFrame.new(9.313225746154785e-08, -0.00012230873107910156, -0.00007757188723189756, 1, -1.4901166522918174e-08, -7.450578820566989e-09, 1.266598843585598e-07, 0.7008296847343445, 0.7133275866508484, -5.960465188081798e-08, -0.7133285999298096, 0.7008307576179504),
            ["LeftUpperLeg"] = CFrame.new(-5.960464477539063e-08, 1.3457611203193665e-07, -1.341104507446289e-07, 0.9607282280921936, 0.2680254876613617, -0.07185893505811691, -0.2673933804035187, 0.8249657154083252, -0.4979282319545746, -0.07417598366737366, 0.49758821725845337, 0.8642359375953674),
            ["LeftLowerLeg"] = CFrame.new(-2.2351741790771484e-08, 0.0001227855682373047, 0.00007759034633636475, 1, 4.284088106487616e-08, -7.566987925144986e-09, -7.450580596923828e-09, 0.837172269821167, 0.5469382405281067, 0, -0.5469393730163574, 0.8371729850769043),
        }},
        {Time = 0.050, Data = {
            ["RightFoot"] = CFrame.new(-4.470348358154297e-08, 2.980232238769531e-07, -2.8107024263590574e-08, 0.9859496355056763, 0.16703160107135773, -0.001981158275157213, -0.1448470950126648, 0.8489720821380615, -0.5081983208656311, -0.08320321887731552, 0.5013452172279358, 0.8612378239631653),
            ["LeftLowerArm"] = CFrame.new(3.2782554626464844e-07, 0, -1.1920928955078125e-07, 1, -5.960463766996327e-08, 3.7252885221050747e-08, 1.1920931797249068e-07, 0.6310420036315918, -0.7757486701011658, 2.980232949312267e-08, 0.7757487297058105, 0.6310420632362366),
            ["RightUpperArm"] = CFrame.new(1.1920928955078125e-07, -7.152557373046875e-07, -1.1920928955078125e-07, 0.571307361125946, -0.34959542751312256, 0.7425571084022522, 0.6525253653526306, 0.7422444820404053, -0.15259064733982086, -0.4978139400482178, 0.5717134475708008, 0.6521695852279663),
            ["Head"] = CFrame.new(7.450580596923828e-09, -8.344650268554688e-07, 2.0675361156463623e-07, 0.906167209148407, 0.07203181833028793, 0.4167402386665344, -0.06571421027183533, 0.9974021315574646, -0.029506610706448555, -0.41778311133384705, -0.0006478431168943644, 0.9085466265678406),
            ["RightHand"] = CFrame.new(8.940696716308594e-08, -5.364418029785156e-07, 1.7229467630386353e-07, 0.9456133842468262, 0.1249084323644638, -0.30035510659217834, -0.16300560534000397, 0.9809978008270264, -0.10522688180208206, 0.28150391578674316, 0.14846354722976685, 0.9480053782463074),
            ["UpperTorso"] = CFrame.new(-1.862645149230957e-09, -6.258487701416016e-07, -5.9138983488082886e-08, 0.9888370037078857, 0.005558024626225233, -0.1488979607820511, 0.02262783981859684, 0.9821121692657471, 0.18693239986896515, 0.14727355539798737, -0.18821491301059723, 0.9710230827331543),
            ["HumanoidRootPart"] = CFrame.new(0, 0, 0, 1, 0, 0, 0, 1, 0, 0, 0, 1),
            ["RightUpperLeg"] = CFrame.new(1.7881393432617188e-07, 3.734603524208069e-07, -6.129994289949536e-08, 0.9258566498756409, -0.22519470751285553, -0.30344176292419434, 0.16859468817710876, 0.9648424983024597, -0.20163032412528992, 0.3381795287132263, 0.13552209734916687, 0.9312725067138672),
            ["LeftUpperArm"] = CFrame.new(-1.1920928955078125e-07, -7.152557373046875e-07, 1.7881393432617188e-07, 0.593879222869873, 0.5847545266151428, -0.5526025891304016, -0.5254988670349121, 0.8020187020301819, 0.28393131494522095, 0.6092277765274048, 0.12177117168903351, 0.7835900187492371),
            ["RightLowerArm"] = CFrame.new(5.960464477539063e-08, -2.384185791015625e-07, 2.682209014892578e-07, 1, -8.940693874137651e-08, 1.029111231787283e-07, 8.940696716308594e-08, 0.28316304087638855, -0.9590718746185303, 9.313225746154785e-08, 0.9590718150138855, 0.28316301107406616),
            ["LeftHand"] = CFrame.new(-2.9802322387695312e-08, 7.152557373046875e-07, 0, 0.995334804058075, 0.09353826940059662, -0.023647254332900047, -0.09261979162693024, 0.9950011372566223, 0.037343233823776245, 0.02702215313911438, -0.034978874027729034, 0.9990227222442627),
            ["LeftFoot"] = CFrame.new(-7.450580596923828e-09, -5.960464477539063e-08, -2.4396285880357027e-08, 0.9730917811393738, -0.2304075062274933, 0.0021535952109843493, 0.23041784763336182, 0.9730581045150757, -0.008114290423691273, -0.00022633178741671145, 0.008392121642827988, 0.9999647736549377),
            ["LowerTorso"] = CFrame.new(0.02628534659743309, -0.18302536010742188, -0.026078633964061737, 0.9621462821960449, -0.029107023030519485, -0.27097487449645996, 0.019033391028642654, 0.9990291595458984, -0.03973010182380676, 0.2718682289123535, 0.03306860104203224, 0.9617661833763123),
            ["RightLowerLeg"] = CFrame.new(-1.3969838619232178e-08, -0.0001226663589477539, -0.00007747316703898832, 1, -1.1920927533992653e-07, -8.195641498787154e-08, 7.450581307466564e-08, 0.7154137492179871, 0.6987010836601257, -7.078052277620372e-08, -0.6987010836601257, 0.7154136896133423),
            ["LeftUpperLeg"] = CFrame.new(-1.1920928955078125e-07, -2.314336597919464e-07, -1.2665987014770508e-07, 0.9574517607688904, 0.278003454208374, -0.07746178656816483, -0.27836155891418457, 0.8187786936759949, -0.5021116733551025, -0.07616449147462845, 0.5023101568222046, 0.8613266348838806),
            ["LeftLowerLeg"] = CFrame.new(2.2351741790771484e-08, 0.0001226663589477539, 0.00007751584053039551, 1, 1.0244553294569414e-07, 3.1766813179956443e-08, -3.725289943190546e-08, 0.8310621976852417, 0.5561791062355042, 1.0430811414607888e-07, -0.5561795234680176, 0.8310624957084656),
        }},
        {Time = 0.067, Data = {
            ["RightFoot"] = CFrame.new(-3.725290298461914e-09, 2.384185791015625e-07, 1.6952981241047382e-09, 0.9863358736038208, 0.16473540663719177, -0.0019793265964835882, -0.14367996156215668, 0.8542667627334595, -0.49958428740501404, -0.08060825616121292, 0.49304214119911194, 0.8662630319595337),
            ["LeftLowerArm"] = CFrame.new(-1.7881393432617188e-07, 8.344650268554688e-07, 0, 1, -7.450579175838357e-08, 5.587933316064664e-08, 2.6077039194660756e-08, 0.679153323173523, -0.733996570110321, 2.980232949312267e-08, 0.7339964509010315, 0.679153323173523),
            ["RightUpperArm"] = CFrame.new(2.384185791015625e-07, -7.152557373046875e-07, -3.129243850708008e-07, 0.5595258474349976, -0.4127761423587799, 0.7187118530273438, 0.7258389592170715, 0.6626626253128052, -0.18448880314826965, -0.40011098980903625, 0.6248952746391296, 0.6703858971595764),
            ["Head"] = CFrame.new(-3.166496753692627e-08, -7.152557373046875e-07, 1.1455267667770386e-07, 0.9061256647109985, 0.09411841630935669, 0.4124051034450531, -0.08898316323757172, 0.995529055595398, -0.03168642893433571, -0.41354355216026306, -0.007985196076333523, 0.9104493856430054),
            ["RightHand"] = CFrame.new(-3.2782554626464844e-07, -6.556510925292969e-07, -3.2223761081695557e-07, 0.9460015296936035, 0.19147826731204987, -0.2615669369697571, -0.22118213772773743, 0.9711620807647705, -0.08901042491197586, 0.2369803786277771, 0.14205792546272278, 0.9610723257064819),
            ["UpperTorso"] = CFrame.new(1.5832483768463135e-08, 5.960464477539063e-08, -5.4249539971351624e-08, 0.9902047514915466, 0.0005418892833404243, -0.13962236046791077, 0.02462817169725895, 0.9836351275444031, 0.17848104238510132, 0.1374341994524002, -0.1801714152097702, 0.9739867448806763),
            ["HumanoidRootPart"] = CFrame.new(0, 0, 0, 1, 0, 0, 0, 1, 0, 0, 0, 1),
            ["RightUpperLeg"] = CFrame.new(2.980232238769531e-07, 9.029172360897064e-07, 2.0656443666666746e-08, 0.9288164973258972, -0.20794634521007538, -0.3066892623901367, 0.15552668273448944, 0.9700285792350769, -0.18669739365577698, 0.33632028102874756, 0.12570929527282715, 0.9333197474479675),
            ["LeftUpperArm"] = CFrame.new(-1.1920928955078125e-07, -1.1920928955078125e-07, 2.086162567138672e-07, 0.4465145766735077, 0.5536597371101379, -0.7029122710227966, -0.5355615019798279, 0.7946866154670715, 0.2857396900653839, 0.7167975306510925, 0.2488657534122467, 0.651357889175415),
            ["RightLowerArm"] = CFrame.new(-7.450580596923828e-07, -1.1920928955078125e-07, 1.7881393432617188e-07, 1, -7.450577044210149e-08, 1.0197980770954018e-07, 4.470347647611561e-08, 0.29347601532936096, -0.9559664726257324, 5.5879347371501353e-08, 0.9559664130210876, 0.29347601532936096),
            ["LeftHand"] = CFrame.new(-1.4156103134155273e-07, 0.0000010728836059570312, -9.73232090473175e-08, 0.9972573518753052, 0.07400252670049667, 0.0012167207896709442, -0.0740094855427742, 0.996934175491333, 0.02539672702550888, 0.0006664245738647878, -0.025417085736989975, 0.9996767044067383),
            ["LeftFoot"] = CFrame.new(-2.2351741790771484e-08, -5.960464477539063e-08, -2.0023435354232788e-08, 0.9744254946708679, -0.2247002124786377, 0.0021508389618247747, 0.2247057557106018, 0.9742964506149292, -0.015937289223074913, 0.0014853733591735363, 0.016013041138648987, 0.999870777130127),
            ["LowerTorso"] = CFrame.new(0.030090756714344025, -0.1809537410736084, -0.02774655818939209, 0.9611074924468994, -0.039708252996206284, -0.273305207490921, 0.030210450291633606, 0.9987873435020447, -0.03887452557682991, 0.2745174169540405, 0.02910592406988144, 0.9611415863037109),
            ["RightLowerLeg"] = CFrame.new(-3.725290298461914e-09, -0.00012248754501342773, -0.00007741915032966062, 1, -1.788139627478813e-07, -4.470347292340193e-08, 5.215404996761208e-08, 0.731171727180481, 0.6821926832199097, 4.470347292340193e-08, -0.682193398475647, 0.7311724424362183),
            ["LeftUpperLeg"] = CFrame.new(-1.1920928955078125e-07, 5.075708031654358e-08, -1.4901161193847656e-07, 0.9535056948661804, 0.289396196603775, -0.08412425220012665, -0.2910051643848419, 0.8115077614784241, -0.5067259669303894, -0.07837697863578796, 0.5076466202735901, 0.8579930067062378),
            ["LeftLowerLeg"] = CFrame.new(-2.2351741790771484e-08, 0.0001226663589477539, 0.00007727742195129395, 1, 1.676381877757649e-08, 8.149066843543551e-08, -1.4901162970204496e-08, 0.8227505683898926, 0.5684019327163696, 0, -0.5684027075767517, 0.8227511048316956),
        }},
        {Time = 0.083, Data = {
            ["RightFoot"] = CFrame.new(2.2351741790771484e-08, 4.172325134277344e-07, 9.145878721028566e-09, 0.9867197871208191, 0.16241998970508575, -0.0019779622089117765, -0.14242339134216309, 0.8592552542686462, -0.49132031202316284, -0.07810065895318985, 0.4850776493549347, 0.8709766864776611),
            ["LeftLowerArm"] = CFrame.new(-4.172325134277344e-07, 7.152557373046875e-07, -3.948807716369629e-07, 1, -7.636845111846924e-08, 4.8428766774577525e-08, 5.308540096393699e-08, 0.7495670318603516, -0.6619284749031067, 2.2351747119842003e-08, 0.6619284749031067, 0.7495670318603516),
            ["RightUpperArm"] = CFrame.new(1.1920928955078125e-07, -2.384185791015625e-07, -2.980232238769531e-07, 0.5374875068664551, -0.4852038621902466, 0.6896988749504089, 0.7936874032020569, 0.5673984885215759, -0.21936114132404327, -0.2848992943763733, 0.6653091311454773, 0.6900697350502014),
            ["Head"] = CFrame.new(-2.5727786123752594e-08, -5.960464477539062e-07, 1.2043165042996407e-07, 0.9056419730186462, 0.11906853318214417, 0.40698325634002686, -0.11347609013319016, 0.9928157925605774, -0.037948496639728546, -0.40857788920402527, -0.011815132573246956, 0.9126470685005188),
            ["RightHand"] = CFrame.new(-2.5331974029541016e-07, -5.364418029785156e-07, -2.0954757928848267e-07, 0.9453520774841309, 0.23812982439994812, -0.2227189689874649, -0.2664188742637634, 0.9579429030418396, -0.10661397129297256, 0.1879640370607376, 0.16012422740459442, 0.9690355062484741),
            ["UpperTorso"] = CFrame.new(6.05359673500061e-09, 0, -6.146728992462158e-08, 0.991581380367279, -0.0052560619078576565, -0.12937869131565094, 0.027579141780734062, 0.9848220348358154, 0.17136260867118835, 0.12651436030864716, -0.17348811030387878, 0.9766760468482971),
            ["HumanoidRootPart"] = CFrame.new(0, 0, 0, 1, 0, 0, 0, 1, 0, 0, 0, 1),
            ["RightUpperLeg"] = CFrame.new(2.384185791015625e-07, 0.0000010093208402395248, 3.55576048605144e-08, 0.9317384958267212, -0.19056403636932373, -0.30910956859588623, 0.14288543164730072, 0.974966287612915, -0.17036589980125427, 0.33383703231811523, 0.11456910520792007, 0.9356424808502197),
            ["LeftUpperArm"] = CFrame.new(-1.1920928955078125e-07, -4.76837158203125e-07, 1.1920928955078125e-07, 0.2867894172668457, 0.4977107346057892, -0.8185571432113647, -0.5506502985954285, 0.7848364114761353, 0.28428179025650024, 0.7839235663414001, 0.3692096769809723, 0.49914735555648804),
            ["RightLowerArm"] = CFrame.new(-3.2782554626464844e-07, -3.5762786865234375e-07, 2.0116567611694336e-07, 1, -9.313224325069314e-08, 7.299239968006077e-08, 1.0803343286625022e-07, 0.3379642069339752, -0.9411590099334717, 5.960465188081798e-08, 0.9411589503288269, 0.3379642367362976),
            ["LeftHand"] = CFrame.new(-2.2351741790771484e-08, 5.960464477539062e-07, -1.6391277313232422e-07, 0.9976943135261536, 0.06772911548614502, 0.004351027309894562, -0.06772150844335556, 0.9977025985717773, -0.001840159296989441, -0.004465697333216667, 0.0015412723878398538, 0.999988853931427),
            ["LeftFoot"] = CFrame.new(-1.4901161193847656e-08, 0, 2.3283064365386963e-09, 0.9757248759269714, -0.21898895502090454, 0.002147851511836052, 0.21897506713867188, 0.9754204750061035, -0.024597663432359695, 0.0032911773305386305, 0.02447080798447132, 0.9996951222419739),
            ["LowerTorso"] = CFrame.new(0.03407550975680351, -0.17945384979248047, -0.029391862452030182, 0.9598376154899597, -0.0509759895503521, -0.2758863568305969, 0.04153547063469887, 0.9983377456665039, -0.03995829075574875, 0.2774646580219269, 0.026894403621554375, 0.9603593945503235),
            ["RightLowerLeg"] = CFrame.new(-9.313225746154785e-09, -0.00012254714965820312, -0.00007739121065242216, 1, -8.940694584680386e-08, -5.960465188081798e-08, 7.823107495141812e-08, 0.7458925843238831, 0.6660659909248352, -1.3038513202445756e-07, -0.6660662889480591, 0.7458928227424622),
            ["LeftUpperLeg"] = CFrame.new(-5.960464477539063e-08, -6.845220923423767e-08, -1.4156103134155273e-07, 0.9492275714874268, 0.3011011481285095, -0.09113389253616333, -0.3041614592075348, 0.8044341802597046, -0.5102658867835999, -0.08033023774623871, 0.5120779871940613, 0.8551744818687439),
            ["LeftLowerLeg"] = CFrame.new(7.450580596923828e-09, 0.0001226663589477539, 0.00007736682891845703, 1, -3.9581241395580946e-08, 1.0803335470654929e-07, -6.705523958316917e-08, 0.8132094740867615, 0.58197021484375, 8.940698847936801e-08, -0.5819711685180664, 0.813210129737854),
        }},
        {Time = 0.100, Data = {
            ["RightFoot"] = CFrame.new(-3.725290298461914e-09, 4.172325134277344e-07, -5.790934665128589e-08, 0.9871044158935547, 0.16006557643413544, -0.001976591534912586, -0.14093507826328278, 0.8631422519683838, -0.48489463329315186, -0.0759088322520256, 0.47892022132873535, 0.8745703101158142),
            ["LeftLowerArm"] = CFrame.new(2.086162567138672e-07, 3.5762786865234375e-07, -5.513429641723633e-07, 1, -5.960463766996327e-08, 0, 4.842877388000488e-08, 0.8285765647888184, -0.5598759055137634, 2.2351741790771484e-08, 0.5598759055137634, 0.8285765647888184),
            ["RightUpperArm"] = CFrame.new(1.1920928955078125e-07, -1.1920928955078125e-07, -2.384185791015625e-07, 0.503145158290863, -0.5601504445075989, 0.6580854654312134, 0.8518533110618591, 0.44973480701446533, -0.26848605275154114, -0.1455715149641037, 0.6956796050071716, 0.7034478187561035),
            ["Head"] = CFrame.new(-5.587935447692871e-09, -4.76837158203125e-07, 1.3690441846847534e-07, 0.9049456119537354, 0.14540663361549377, 0.3999129831790924, -0.13695767521858215, 0.9893243908882141, -0.04979860037565231, -0.4028848111629486, -0.00970614142715931, 0.9151993989944458),
            ["RightHand"] = CFrame.new(4.6193599700927734e-07, -2.980232238769531e-07, 1.4901161193847656e-07, 0.9454706311225891, 0.266205757856369, -0.18766914308071136, -0.29207807779312134, 0.94794762134552, -0.12683019042015076, 0.1441376656293869, 0.17472827434539795, 0.9740094542503357),
            ["UpperTorso"] = CFrame.new(-4.0512531995773315e-08, -5.066394805908203e-07, -6.565824151039124e-08, 0.9929073452949524, -0.011799642816185951, -0.11830341070890427, 0.03165040537714958, 0.9853885769844055, 0.1673549860715866, 0.11460021138191223, -0.16991235315799713, 0.9787729978561401),
            ["HumanoidRootPart"] = CFrame.new(0, 0, 0, 1, 0, 0, 0, 1, 0, 0, 0, 1),
            ["RightUpperLeg"] = CFrame.new(5.960464477539063e-08, 6.835907697677612e-07, -3.149762051180005e-08, 0.934378445148468, -0.17496606707572937, -0.31036075949668884, 0.1322428435087204, 0.9791983366012573, -0.15389107167720795, 0.3308303654193878, 0.10274938493967056, 0.9380798935890198),
            ["LeftUpperArm"] = CFrame.new(-2.384185791015625e-07, -1.1920928955078125e-07, 2.086162567138672e-07, 0.12581855058670044, 0.4164002239704132, -0.9004335999488831, -0.5672528147697449, 0.7748258113861084, 0.2790507674217224, 0.8138759732246399, 0.4756636619567871, 0.33369162678718567),
            ["RightLowerArm"] = CFrame.new(-1.4901161193847656e-07, 2.980232238769531e-07, 3.129243850708008e-07, 1, -5.448237061500549e-08, 5.541370029504833e-08, 1.5087427129856223e-07, 0.3983776271343231, -0.9172216057777405, 5.2154071283894154e-08, 0.9172215461730957, 0.3983776271343231),
            ["LeftHand"] = CFrame.new(1.1920928955078125e-07, 4.172325134277344e-07, 5.960464477539063e-08, 0.9973108172416687, 0.07305008172988892, 0.0059003671631217, -0.07280370593070984, 0.9967442750930786, -0.034650567919015884, -0.008412391878664494, 0.03412776440382004, 0.9993820786476135),
            ["LeftFoot"] = CFrame.new(-8.940696716308594e-08, 1.7881393432617188e-07, -3.67872416973114e-08, 0.9769884347915649, -0.21328125894069672, 0.002145012142136693, 0.21323400735855103, 0.9764369130134583, -0.03320174291729927, 0.004986643325537443, 0.03289500251412392, 0.9994463920593262),
            ["LowerTorso"] = CFrame.new(0.038329288363456726, -0.17887616157531738, -0.0307915136218071, 0.9584602117538452, -0.06188180670142174, -0.2784326374530792, 0.05164742097258568, 0.9976977705955505, -0.04395084083080292, 0.28051137924194336, 0.027744803577661514, 0.9594496488571167),
            ["RightLowerLeg"] = CFrame.new(-5.21540641784668e-08, -0.00012254714965820312, -0.00007732788071734831, 1, -1.3411046495548362e-07, -2.2351738238057806e-08, 9.313227167240257e-08, 0.7573301792144775, 0.6530318260192871, -7.450581485102248e-09, -0.6530321836471558, 0.7573304176330566),
            ["LeftUpperLeg"] = CFrame.new(0, -6.086193025112152e-07, -1.7881393432617188e-07, 0.9450622200965881, 0.3119470775127411, -0.09770702570676804, -0.3165725767612457, 0.798887312412262, -0.511430025100708, -0.0814821794629097, 0.5142646431922913, 0.853752076625824),
            ["LeftLowerLeg"] = CFrame.new(-2.9802322387695312e-08, 0.00012302398681640625, 0.00007738173007965088, 1, 2.095477791286271e-09, 6.845214528539145e-08, -5.2154071283894154e-08, 0.8033497929573059, 0.5955062508583069, 1.6391278734317893e-07, -0.5955074429512024, 0.8033506274223328),
        }},
        {Time = 0.117, Data = {
            ["RightFoot"] = CFrame.new(4.0978193283081055e-08, 3.5762786865234375e-07, -2.0656443666666746e-08, 0.9874513745307922, 0.15791137516498566, -0.001975075574591756, -0.13915576040744781, 0.8641199469566345, -0.48366546630859375, -0.07466955482959747, 0.4778711497783661, 0.8752506971359253),
            ["LeftLowerArm"] = CFrame.new(2.980232238769531e-07, 4.76837158203125e-07, -7.152557373046875e-07, 1, -4.470348358154297e-08, -2.9802311729554276e-08, 8.661302075552157e-08, 0.8944644927978516, -0.4471389949321747, 2.2351747119842003e-08, 0.44713902473449707, 0.8944644927978516),
            ["RightUpperArm"] = CFrame.new(2.384185791015625e-07, 3.5762786865234375e-07, -2.2351741790771484e-07, 0.4536687433719635, -0.6241172552108765, 0.6361308693885803, 0.8900437951087952, 0.2814345359802246, -0.3586321175098419, 0.044799190014600754, 0.7288842797279358, 0.6831696033477783),
            ["Head"] = CFrame.new(-1.4901161193847656e-08, -2.384185791015625e-07, 1.471489667892456e-07, 0.903089702129364, 0.17480097711086273, 0.3922673165798187, -0.1617956906557083, 0.9845970869064331, -0.06626224517822266, -0.3978080153465271, -0.0036263996735215187, 0.917461633682251),
            ["RightHand"] = CFrame.new(6.780028343200684e-07, -3.5762786865234375e-07, -3.725290298461914e-08, 0.9455815553665161, 0.289227694272995, -0.14907361567020416, -0.3096648156642914, 0.9405816197395325, -0.13933417201042175, 0.09991663694381714, 0.17791470885276794, 0.9789602160453796),
            ["UpperTorso"] = CFrame.new(-4.6566128730773926e-09, -3.2782554626464844e-07, -6.193295121192932e-08, 0.9941232204437256, -0.01834108494222164, -0.10668941587209702, 0.03619614988565445, 0.9851364493370056, 0.16791680455207825, 0.10202398151159286, -0.17079173028469086, 0.9800109267234802),
            ["HumanoidRootPart"] = CFrame.new(0, 0, 0, 1, 0, 0, 0, 1, 0, 0, 0, 1),
            ["RightUpperLeg"] = CFrame.new(2.980232238769531e-07, 8.763745427131653e-07, 5.75528247281909e-09, 0.9373950362205505, -0.1608278751373291, -0.30890917778015137, 0.12363964319229126, 0.9828893542289734, -0.13653472065925598, 0.32558223605155945, 0.08979353308677673, 0.9412404298782349),
            ["LeftUpperArm"] = CFrame.new(-1.1920928955078125e-07, 1.1920928955078125e-07, 1.9371509552001953e-07, -0.03308403491973877, 0.3232801556587219, -0.9457247853279114, -0.5919824838638306, 0.7560613751411438, 0.279155969619751, 0.8052714467048645, 0.5690881013870239, 0.16636258363723755),
            ["RightLowerArm"] = CFrame.new(0, -2.980232238769531e-07, 2.7567148208618164e-07, 1, -8.568164844291459e-08, 1.0337677025518133e-07, 1.043081283569336e-07, 0.5040414333343506, -0.8636795282363892, 3.725290298461914e-08, 0.8636794686317444, 0.5040414333343506),
            ["LeftHand"] = CFrame.new(-3.427267074584961e-07, 5.960464477539062e-07, 2.9802322387695312e-08, 0.9883356094360352, 0.1507759541273117, 0.021434666588902473, -0.14965571463108063, 0.9876337647438049, -0.04672043398022652, -0.028213877230882645, 0.04296775534749031, 0.9986780881881714),
            ["LeftFoot"] = CFrame.new(8.940696716308594e-08, -5.960464477539063e-08, -7.171183824539185e-08, 0.9780545234680176, -0.20833787322044373, 0.0021423797588795424, 0.20819596946239471, 0.9768902659416199, -0.048375122249126434, 0.007985037751495838, 0.04775922745466232, 0.9988269209861755),
            ["LowerTorso"] = CFrame.new(0.042668964713811874, -0.18257379531860352, -0.03202010691165924, 0.9565203189849854, -0.0757567510008812, -0.28165557980537415, 0.06243640556931496, 0.9964775443077087, -0.05598404258489609, 0.2849046289920807, 0.03596431389451027, 0.957880973815918),
            ["RightLowerLeg"] = CFrame.new(7.82310962677002e-08, -0.00012218952178955078, -0.00007745454058749601, 1, -1.6391278734317893e-07, -6.705523247774181e-08, 1.005828522693264e-07, 0.7601624727249146, 0.6497324109077454, -5.2154071283894154e-08, -0.6497330069541931, 0.7601630687713623),
            ["LeftUpperLeg"] = CFrame.new(0, -2.7799978852272034e-07, -1.564621925354004e-07, 0.9400647878646851, 0.32383209466934204, -0.10682318359613419, -0.33119750022888184, 0.7925354838371277, -0.5120502710342407, -0.08115682005882263, 0.5167400240898132, 0.852287232875824),
            ["LeftLowerLeg"] = CFrame.new(-2.9802322387695312e-08, 0.0001226663589477539, 0.00007735192775726318, 1, -8.614738256085275e-09, 6.984918599073353e-08, 0, 0.7840603590011597, 0.6206844449043274, 5.960465898624534e-08, -0.6206846237182617, 0.784060537815094),
        }},
        {Time = 0.133, Data = {
            ["RightFoot"] = CFrame.new(3.3527612686157227e-08, 2.980232238769531e-07, -2.0656443666666746e-08, 0.9878520965576172, 0.15538477897644043, -0.0019733605440706015, -0.1361076682806015, 0.8590319156646729, -0.49349647760391235, -0.07498662173748016, 0.48777028918266296, 0.8697456121444702),
            ["LeftLowerArm"] = CFrame.new(2.682209014892578e-07, 6.556510925292969e-07, -4.172325134277344e-07, 1, -7.450579175838357e-08, 1.4901157641133977e-08, 3.72529100900465e-08, 0.9363613724708557, -0.3510375916957855, 2.2351747119842003e-08, 0.3510376513004303, 0.9363614320755005),
            ["RightUpperArm"] = CFrame.new(3.5762786865234375e-07, 0, -2.8312206268310547e-07, 0.37531301379203796, -0.6444799900054932, 0.666172444820404, 0.9016916155815125, 0.08739081770181656, -0.4234562814235687, 0.21469171345233917, 0.7596107125282288, 0.613921046257019),
            ["Head"] = CFrame.new(0, -2.384185791015625e-07, 1.043081283569336e-07, 0.8987910747528076, 0.21050599217414856, 0.38452818989753723, -0.19185613095760345, 0.977583646774292, -0.08672621846199036, -0.3941648602485657, 0.004174628295004368, 0.9190303683280945),
            ["RightHand"] = CFrame.new(-1.7881393432617188e-07, -3.5762786865234375e-07, -3.8743019104003906e-07, 0.951682984828949, 0.29970183968544006, -0.06692001223564148, -0.3062686026096344, 0.9422022104263306, -0.13584765791893005, 0.022338347509503365, 0.14977940917015076, 0.9884670972824097),
            ["UpperTorso"] = CFrame.new(2.9802322387695312e-08, -3.8743019104003906e-07, -5.168840289115906e-08, 0.9948015213012695, -0.035945165902376175, -0.0952780470252037, 0.05199846625328064, 0.9837625026702881, 0.17177747189998627, 0.08755648136138916, -0.17583882808685303, 0.980517566204071),
            ["HumanoidRootPart"] = CFrame.new(0, 0, 0, 1, 0, 0, 0, 1, 0, 0, 0, 1),
            ["RightUpperLeg"] = CFrame.new(2.384185791015625e-07, 3.413297235965729e-07, 7.281050784513354e-08, 0.940663754940033, -0.15601272881031036, -0.3013498783111572, 0.12282644212245941, 0.984369158744812, -0.12621799111366272, 0.3163311183452606, 0.08171496540307999, 0.9451228976249695),
            ["LeftUpperArm"] = CFrame.new(-2.384185791015625e-07, -1.1920928955078125e-07, 4.470348358154297e-08, -0.14798827469348907, 0.2260599434375763, -0.9628065228462219, -0.6188949942588806, 0.7381773591041565, 0.2684459388256073, 0.771406888961792, 0.6356029510498047, 0.030665725469589233),
            ["RightLowerArm"] = CFrame.new(8.344650268554688e-07, -1.7881393432617188e-07, 1.1175870895385742e-07, 1, -1.0058282384761696e-07, 1.862645149230957e-08, 6.70552182668871e-08, 0.677254855632782, -0.7357485294342041, 4.470347647611561e-08, 0.7357485294342041, 0.6772549152374268),
            ["LeftHand"] = CFrame.new(-5.662441253662109e-07, 5.960464477539062e-07, 1.7881393432617188e-07, 0.9646266102790833, 0.26354384422302246, 0.0063484543934464455, -0.2635432481765747, 0.9646471738815308, -0.0009480268927291036, -0.0063738226890563965, -0.0007585363346152008, 0.9999794363975525),
            ["LeftFoot"] = CFrame.new(2.9802322387695312e-08, -1.1920928955078125e-07, 4.7497451305389404e-08, 0.9788613319396973, -0.20451369881629944, 0.0021400614641606808, 0.2042045146226883, 0.9766870737075806, -0.06620495766401291, 0.011449145153164864, 0.06524235755205154, 0.997803807258606),
