return {
    ["Shamone"] = {
        {Time = 0.000, Data = {
            ["RightFoot"] = CFrame.new(1.955777406692505e-07, -5.960464477539063e-08, 1.287116901949048e-08, 0.9501351118087769, 0.2752957344055176, 0.1464775651693344, -0.1774207353591919, 0.8635181784629822, -0.47207877039909363, -0.2564474046230316, 0.42255014181137085, 0.869301974773407),
            ["LeftLowerArm"] = CFrame.new(0.000001519918441772461, -6.556510925292969e-07, 0.000005386769771575928, 1, 9.685753354915505e-08, -1.1175869119028903e-08, -9.685756197086448e-08, 0.576017439365387, -0.8174373507499695, -9.313227167240257e-08, 0.8174373507499695, 0.576017439365387),
            ["RightUpperArm"] = CFrame.new(-0.02920210361480713, -0.023885607719421387, 0.06496613472700119, 0.29083922505378723, -0.784587025642395, 0.5475730895996094, 0.4098232090473175, -0.41499367356300354, -0.8122960329055786, 0.8645562529563904, 0.46065548062324524, 0.20084534585475922),
            ["Head"] = CFrame.new(3.073364496231079e-08, -4.76837158203125e-07, 7.450580596923828e-09, 0.697908341884613, -0.2912255823612213, -0.6543030738830566, 0.28383222222328186, 0.9512534141540527, -0.12064781039953232, 0.6575434803962708, -0.10151121020317078, 0.7465464472770691),
            ["RightHand"] = CFrame.new(5.364418029785156e-07, 0.0000010132789611816406, -9.462237358093262e-07, 0.9569717645645142, 0.2016843557357788, -0.20863431692123413, -0.15560950338840485, 0.9635351896286011, 0.2176826298236847, 0.24492990970611572, -0.17585068941116333, 0.9534600377082825),
            ["UpperTorso"] = CFrame.new(1.3504177331924438e-07, 8.940696716308594e-08, 2.60770320892334e-08, 0.9695467352867126, 0.24411603808403015, 0.01967467926442623, -0.24341443181037903, 0.9693790674209595, -0.03245433792471886, -0.026994777843356133, 0.026676971465349197, 0.9992795586585999),
            ["HumanoidRootPart"] = CFrame.new(0, 0, 0, 1, 0, 0, 0, 1, 0, 0, 0, 1),
            ["RightUpperLeg"] = CFrame.new(2.9802322387695312e-08, 3.725290298461914e-08, 4.6733475755900145e-08, 0.8066279292106628, -0.5859158635139465, 0.07780828326940536, 0.47985073924064636, 0.5722989439964294, -0.6649944186210632, 0.3451012670993805, 0.5737390518188477, 0.7427842020988464),
            ["LeftUpperArm"] = CFrame.new(0.029202640056610107, -0.0238875150680542, 0.06496521830558777, 0.6817243099212646, 0.4800873398780823, -0.5520586967468262, -0.008772578090429306, 0.7598905563354492, 0.6499918103218079, 0.7315565347671509, -0.4382722079753876, 0.5222468376159668),
            ["RightLowerArm"] = CFrame.new(3.5762786865234375e-07, 5.960464477539062e-07, -0.0000036619603633880615, 1, -0.000019194098058505915, -0.000002957881179099786, 0.000018900263967225328, 0.9977229237556458, -0.06744622439146042, 0.000004287810043024365, 0.06744621694087982, 0.9977229833602905),
            ["LeftHand"] = CFrame.new(-0.00000155717134475708, -8.344650268554688e-07, 2.3096799850463867e-07, 0.8966954350471497, -0.010694424621760845, 0.44251859188079834, 0.1860821545124054, 0.9161888957023621, -0.35492458939552307, -0.4016351103782654, 0.4006040096282959, 0.8235325813293457),
            ["LeftFoot"] = CFrame.new(4.237517714500427e-08, -1.7881393432617188e-07, -2.3283064365386963e-09, 0.9749584794044495, 0.1888038069009781, -0.11751239001750946, -0.19205337762832642, 0.9812394380569458, -0.016870951279997826, 0.11212252825498581, 0.03901730105280876, 0.9929280877113342),
            ["LowerTorso"] = CFrame.new(-0.34611862897872925, -0.15818381309509277, 0.12652607262134552, 0.9513067603111267, 0.2802521586418152, 0.1283518373966217, -0.2927108705043793, 0.9518455862998962, 0.09116246551275253, -0.09662263840436935, -0.12429343163967133, 0.9875298738479614),
            ["RightLowerLeg"] = CFrame.new(-5.21540641784668e-08, -0.0007263422012329102, 0.000046138484322000295, 1, 1.1175876579727628e-07, -7.450580596923828e-09, -8.940695295223122e-08, 0.43805602192878723, 0.8989477753639221, 1.3597308168300515e-07, -0.8989476561546326, 0.43805599212646484),
            ["LeftUpperLeg"] = CFrame.new(1.7881393432617188e-07, -3.948807716369629e-07, -7.450580596923828e-09, 0.8976000547409058, -0.43456971645355225, 0.0739157497882843, 0.42792007327079773, 0.8187591433525085, -0.38277655839920044, 0.10582361370325089, 0.37521013617515564, 0.9208793044090271),
            ["LeftLowerLeg"] = CFrame.new(-8.451752364635468e-08, -0.0007265806198120117, 0.00008095800876617432, 1, 4.982576484735546e-08, 1.4901161193847656e-08, -2.4214383387288763e-08, 0.8895837664604187, 0.4567722976207733, 1.1175869119028903e-08, -0.4567721486091614, 0.8895836472511292),
        }},
        {Time = 0.033, Data = {
            ["RightFoot"] = CFrame.new(2.1792948246002197e-07, 5.960464477539063e-08, 4.267349140718579e-08, 0.9548413157463074, 0.2581031918525696, 0.14717642962932587, -0.15882988274097443, 0.8620392084121704, -0.48131227493286133, -0.25109991431236267, 0.4362010061740875, 0.8641051054000854),
            ["LeftLowerArm"] = CFrame.new(0.000001430511474609375, -2.980232238769531e-07, 0.000004462897777557373, 1, 1.3783574104309082e-07, -5.21540641784668e-08, -8.940696716308594e-08, 0.5685397982597351, -0.8226558566093445, -8.195638656616211e-08, 0.8226557374000549, 0.5685397982597351),
            ["RightUpperArm"] = CFrame.new(-0.02920246124267578, -0.023885607719421387, 0.06496614962816238, 0.28224965929985046, -0.8057600259780884, 0.5206591486930847, 0.47397300601005554, -0.354736328125, -0.8059228658676147, 0.8340772390365601, 0.47424983978271484, 0.2817843556404114),
            ["Head"] = CFrame.new(-1.7695128917694092e-08, -5.960464477539062e-07, 3.725290298461914e-08, 0.708324134349823, -0.2894017994403839, -0.6438350081443787, 0.30434858798980713, 0.9481689929962158, -0.09136565774679184, 0.6369057893753052, -0.13123393058776855, 0.7596899271011353),
            ["RightHand"] = CFrame.new(5.364418029785156e-07, 0.0000014901161193847656, -5.811452865600586e-07, 0.9612025618553162, 0.1577768623828888, -0.2262652963399887, -0.10600030422210693, 0.9685567617416382, 0.22508187592029572, 0.25466373562812805, -0.19236516952514648, 0.9477036595344543),
            ["UpperTorso"] = CFrame.new(4.98257577419281e-08, -5.960464477539062e-07, -2.2351741790771484e-08, 0.9703603386878967, 0.24088849127292633, 0.019325824454426765, -0.24013787508010864, 0.970119059085846, -0.034684713929891586, -0.027103586122393608, 0.029015768319368362, 0.9992114305496216),
            ["HumanoidRootPart"] = CFrame.new(0, 0, 0, 1, 0, 0, 0, 1, 0, 0, 0, 1),
            ["RightUpperLeg"] = CFrame.new(-2.9802322387695312e-08, -4.032626748085022e-07, -7.639755494892597e-10, 0.8152570724487305, -0.573455274105072, 0.08065349608659744, 0.4770304560661316, 0.5860562920570374, -0.6549655199050903, 0.32832589745521545, 0.5724396705627441, 0.751342236995697),
            ["LeftUpperArm"] = CFrame.new(0.029202699661254883, -0.0238875150680542, 0.06496524810791016, 0.7006886005401611, 0.4748919606208801, -0.532459557056427, -0.005579349584877491, 0.7499228715896606, 0.6615016460418701, 0.7134453654289246, -0.4605359435081482, 0.5281120538711548),
            ["RightLowerArm"] = CFrame.new(2.9802322387695312e-08, 2.384185791015625e-07, -0.0000036954879760742188, 1, -0.00001929513928189408, -0.0000022426247596740723, 0.00001884997072920669, 0.9941747188568115, -0.10778031498193741, 0.000004321337200963171, 0.10778035968542099, 0.9941747784614563),
            ["LeftHand"] = CFrame.new(-0.000001475214958190918, -0.000001430511474609375, 1.6391277313232422e-07, 0.9055286645889282, -0.028393205255270004, 0.42333370447158813, 0.18793199956417084, 0.9213838577270508, -0.34019628167152405, -0.3803938031196594, 0.38761547207832336, 0.8396755456924438),
            ["LeftFoot"] = CFrame.new(-2.7474015951156616e-08, -5.960464477539063e-08, 1.0244548320770264e-08, 0.9725541472434998, 0.20624575018882751, -0.10770884156227112, -0.21402642130851746, 0.9745686650276184, -0.06639799475669861, 0.09127535670995712, 0.08762801438570023, 0.991962730884552),
            ["LowerTorso"] = CFrame.new(-0.3383728265762329, -0.16025400161743164, 0.11168456077575684, 0.9534993171691895, 0.27936580777168274, 0.11310995370149612, -0.28931790590286255, 0.9535635113716125, 0.08373608440160751, -0.08446449786424637, -0.11256702244281769, 0.9900477528572083),
            ["RightLowerLeg"] = CFrame.new(-7.450580596923828e-09, -0.0007263422012329102, 0.00004606397851603106, 1, 1.3411046495548362e-07, -2.235175244891252e-08, -1.4156105976326216e-07, 0.43433475494384766, 0.9007513523101807, 1.229346082709526e-07, -0.9007516503334045, 0.43433523178100586),
            ["LeftUpperLeg"] = CFrame.new(-2.9802322387695312e-08, -4.33996319770813e-07, -2.2351741790771484e-08, 0.8996099233627319, -0.4279656708240509, 0.08687517046928406, 0.4302690327167511, 0.8346560597419739, -0.34382814168930054, 0.07463588565587997, 0.3466910123825073, 0.9350053668022156),
            ["LeftLowerLeg"] = CFrame.new(-2.468004822731018e-08, -0.0007266998291015625, 0.00008098781108856201, 1, 8.381903171539307e-09, 1.6763808119435453e-08, -9.033828973770142e-08, 0.897131621837616, 0.441763311624527, 1.1175870895385742e-08, -0.44176334142684937, 0.8971317410469055),
        }},
        {Time = 0.067, Data = {
            ["RightFoot"] = CFrame.new(1.909211277961731e-07, 0, -6.535992724820971e-08, 0.9643169045448303, 0.22610734403133392, 0.1377258002758026, -0.12832625210285187, 0.85420161485672, -0.503856897354126, -0.23157133162021637, 0.46820399165153503, 0.85273677110672),
            ["LeftLowerArm"] = CFrame.new(0.0000013113021850585938, 2.384185791015625e-07, 0.0000050067901611328125, 1, 1.378357126213814e-07, -5.215405707303944e-08, -1.6391278734317893e-07, 0.5828919410705566, -0.8125497102737427, -8.940698137394065e-08, 0.8125497102737427, 0.5828918218612671),
            ["RightUpperArm"] = CFrame.new(-0.029202163219451904, -0.02388584613800049, 0.0649661272764206, 0.3154214918613434, -0.8071702122688293, 0.49898457527160645, 0.44255149364471436, -0.3400229215621948, -0.8297786712646484, 0.839438796043396, 0.4825562834739685, 0.24996395409107208),
            ["Head"] = CFrame.new(-1.257285475730896e-08, -5.960464477539062e-07, 0, 0.7228084206581116, -0.2815278470516205, -0.6311022639274597, 0.3219059109687805, 0.9452871084213257, -0.053000111132860184, 0.6114937663078308, -0.16484679281711578, 0.7738869190216064),
            ["RightHand"] = CFrame.new(2.384185791015625e-07, 7.152557373046875e-07, -8.419156074523926e-07, 0.9842886924743652, 0.11110202968120575, -0.1372302770614624, -0.07709646970033646, 0.969643771648407, 0.23205000162124634, 0.15884588658809662, -0.21782413125038147, 0.9629749655723572),
            ["UpperTorso"] = CFrame.new(-1.3783574104309082e-07, 2.980232238769531e-07, -2.2351741790771484e-08, 0.9719790816307068, 0.234182208776474, 0.02037629671394825, -0.23331771790981293, 0.9716696739196777, -0.03769787773489952, -0.028627127408981323, 0.03188741207122803, 0.9990814328193665),
            ["HumanoidRootPart"] = CFrame.new(0, 0, 0, 1, 0, 0, 0, 1, 0, 0, 0, 1),
            ["RightUpperLeg"] = CFrame.new(-8.940696716308594e-08, 2.1047890186309814e-07, 1.0986695997416973e-09, 0.8281713128089905, -0.5546472668647766, 0.08061439543962479, 0.4687584936618805, 0.606600284576416, -0.642107367515564, 0.30724239349365234, 0.5695633888244629, 0.762364387512207),
            ["LeftUpperArm"] = CFrame.new(0.029202640056610107, -0.0238875150680542, 0.06496521830558777, 0.6931114196777344, 0.46475592255592346, -0.5509980320930481, 0.007989048026502132, 0.7593933939933777, 0.6505825519561768, 0.7207862734794617, -0.45532819628715515, 0.5226313471794128),
            ["RightLowerArm"] = CFrame.new(6.258487701416016e-07, 7.748603820800781e-07, -0.000004218891263008118, 1, -0.000019316563339089043, -0.0000021308658233465394, 0.000018913298845291138, 0.9935833215713501, -0.1131027564406395, 0.0000042729079723358154, 0.1131027489900589, 0.9935832619667053),
            ["LeftHand"] = CFrame.new(-0.0000014640390872955322, -0.000001430511474609375, 2.384185791015625e-07, 0.9130629897117615, -0.02106511779129505, 0.40727391839027405, 0.16588376462459564, 0.9314999580383301, -0.3237133324146271, -0.3725567162036896, 0.36313101649284363, 0.8540127277374268),
            ["LeftFoot"] = CFrame.new(-2.7939677238464355e-09, 0, 3.725290298461914e-09, 0.9708682298660278, 0.2168159931898117, -0.10200938582420349, -0.2281379997730255, 0.9665917754173279, -0.11684771627187729, 0.07326685637235641, 0.136715829372406, 0.9878971576690674),
            ["LowerTorso"] = CFrame.new(-0.32395946979522705, -0.16302490234375, 0.09700748324394226, 0.9558045268058777, 0.27666759490966797, 0.09946337342262268, -0.28450316190719604, 0.9556878805160522, 0.07562150806188583, -0.07413395494222641, -0.10057701915502548, 0.9921635389328003),
            ["RightLowerLeg"] = CFrame.new(5.960464477539063e-08, -0.0007262825965881348, 0.000045982022129464895, 1, 1.266598843585598e-07, 8.940700979565008e-08, -1.266598985694145e-07, 0.42875146865844727, 0.9034222364425659, 1.3411047916633834e-07, -0.9034225344657898, 0.42875203490257263),
            ["LeftUpperLeg"] = CFrame.new(-2.682209014892578e-07, 2.691522240638733e-07, 7.450580596923828e-09, 0.9036144614219666, -0.41641005873680115, 0.10041738301515579, 0.42604896426200867, 0.8494718074798584, -0.31125548481941223, 0.04430835694074631, 0.3240376114845276, 0.9450060725212097),
            ["LeftLowerLeg"] = CFrame.new(2.6542693376541138e-08, -0.0007267594337463379, 0.00008098781108856201, 1, 2.0489094865183688e-08, 9.313224857976365e-09, -5.02914261346632e-08, 0.9000644087791443, 0.4357568025588989, 3.725290742551124e-09, -0.4357568621635437, 0.9000644087791443),
        }},
        {Time = 0.100, Data = {
            ["RightFoot"] = CFrame.new(1.7695128917694092e-07, -2.980232238769531e-07, -2.8107024263590574e-08, 0.9745626449584961, 0.18568851053714752, 0.12548860907554626, -0.09236837923526764, 0.8429549932479858, -0.5299955010414124, -0.20419538021087646, 0.5049223899841309, 0.8386640548706055),
            ["LeftLowerArm"] = CFrame.new(0.000001430511474609375, -7.748603820800781e-07, 0.000004947185516357422, 1, 8.940695295223122e-08, -1.862644971595273e-08, -1.043081283569336e-07, 0.5938591957092285, -0.8045690059661865, -1.1175870895385742e-07, 0.8045690059661865, 0.5938591361045837),
            ["RightUpperArm"] = CFrame.new(-0.029202520847320557, -0.023885607719421387, 0.0649661272764206, 0.2974962890148163, -0.8484895825386047, 0.4376769959926605, 0.46208813786506653, -0.27319347858428955, -0.8437064290046692, 0.8354463577270508, 0.45324474573135376, 0.3108028173446655),
            ["Head"] = CFrame.new(-1.564621925354004e-07, -8.344650268554688e-07, -2.60770320892334e-08, 0.7480714917182922, -0.26927801966667175, -0.606529712677002, 0.33344200253486633, 0.942742645740509, -0.007290693931281567, 0.573764443397522, -0.196788489818573, 0.7950273752212524),
            ["RightHand"] = CFrame.new(4.470348358154297e-07, 0.0000010728836059570312, -2.5331974029541016e-07, 0.9901243448257446, 0.05468893051147461, -0.12908469140529633, -0.019177820533514023, 0.9649535417556763, 0.2617190480232239, 0.13887396454811096, -0.2566588819026947, 0.9564729332923889),
            ["UpperTorso"] = CFrame.new(3.026798367500305e-08, 2.086162567138672e-07, 3.725290298461914e-09, 0.9744852781295776, 0.2234012931585312, 0.021680176258087158, -0.22240686416625977, 0.9741013646125793, -0.04076980799436569, -0.030226707458496094, 0.03490772843360901, 0.9989333152770996),
            ["HumanoidRootPart"] = CFrame.new(0, 0, 0, 1, 0, 0, 0, 1, 0, 0, 0, 1),
            ["RightUpperLeg"] = CFrame.new(5.960464477539063e-08, 1.5832483768463135e-07, -7.639755494892597e-10, 0.8455161452293396, -0.5282277464866638, 0.07796169072389603, 0.4539449214935303, 0.6342472434043884, -0.6258313655853271, 0.2811344265937805, 0.5645405650138855, 0.7760522961616516),
            ["LeftUpperArm"] = CFrame.new(0.029202520847320557, -0.0238877534866333, 0.06496518850326538, 0.6932037472724915, 0.4621110260486603, -0.5531020164489746, 0.0064980401657521725, 0.7633687853813171, 0.6459304690361023, 0.7207124829292297, -0.45135512948036194, 0.5261673331260681),
            ["RightLowerArm"] = CFrame.new(8.940696716308594e-08, 4.76837158203125e-07, -0.000003666616976261139, 1, -0.000019317027181386948, -9.015203659146209e-07, 0.00001893192711577285, 0.9843751192092896, -0.17608404159545898, 0.000004305970378482016, 0.17608405649662018, 0.9843751788139343),
            ["LeftHand"] = CFrame.new(-0.0000013671815395355225, -0.0000013113021850585938, 1.564621925354004e-07, 0.9250332117080688, -0.03284185752272606, 0.3784635365009308, 0.15540531277656555, 0.941795289516449, -0.2981121838092804, -0.34664487838745117, 0.3345789611339569, 0.8762959837913513),
            ["LeftFoot"] = CFrame.new(-5.727633833885193e-08, -5.960464477539063e-08, 3.725290298461914e-09, 0.9704060554504395, 0.2221270650625229, -0.09471871703863144, -0.2356727570295334, 0.9566733837127686, -0.17098119854927063, 0.052635230123996735, 0.1882438361644745, 0.9807109236717224),
            ["LowerTorso"] = CFrame.new(-0.3025819957256317, -0.16675496101379395, 0.08317751437425613, 0.9587045311927795, 0.27108386158943176, 0.08601967245340347, -0.27709004282951355, 0.9584537148475647, 0.0677325651049614, -0.06408467888832092, -0.08877072483301163, 0.9939883947372437),
            ["RightLowerLeg"] = CFrame.new(-3.725290298461914e-08, -0.0007262229919433594, 0.000046033244871068746, 1, 1.415611023958263e-07, 1.4901161193847656e-08, -5.215405707303944e-08, 0.42712464928627014, 0.9041928052902222, 9.872017869838601e-08, -0.9041928052902222, 0.4271245300769806),
            ["LeftUpperLeg"] = CFrame.new(1.1920928955078125e-07, 1.126900315284729e-07, -7.450580596923828e-09, 0.9098317623138428, -0.398490846157074, 0.11580660194158554, 0.4147126078605652, 0.8631604909896851, -0.28804105520248413, 0.014822004362940788, 0.31009531021118164, 0.9505898952484131),
            ["LeftLowerLeg"] = CFrame.new(-6.05359673500061e-08, -0.0007264614105224609, 0.00008093565702438354, 1, 1.862644971595273e-08, 1.862645149230957e-08, -3.5390254282674505e-08, 0.8963916301727295, 0.44326311349868774, 7.4505797087454084e-09, -0.44326287508010864, 0.8963915705680847),
        }},
        {Time = 0.133, Data = {
            ["RightFoot"] = CFrame.new(2.0489096641540527e-07, 5.960464477539063e-08, 9.145878721028566e-09, 0.9800723195075989, 0.1620609164237976, 0.11486732959747314, -0.07393568009138107, 0.8343313336372375, -0.5462827682495117, -0.18436861038208008, 0.5269036889076233, 0.8296871185302734),
            ["LeftLowerArm"] = CFrame.new(0.000001043081283569336, -7.152557373046875e-07, 0.000005111098289489746, 1, 6.70552182668871e-08, 2.60770320892334e-08, -8.940696716308594e-08, 0.6082180738449097, -0.7937700748443604, -8.940696716308594e-08, 0.7937700152397156, 0.6082180738449097),
            ["RightUpperArm"] = CFrame.new(-0.02920234203338623, -0.023885488510131836, 0.06496613472700119, 0.2551196813583374, -0.8831599354743958, 0.3936276435852051, 0.5216043591499329, -0.21707773208618164, -0.8251097202301025, 0.8141517043113708, 0.4158194661140442, 0.40527915954589844),
            ["Head"] = CFrame.new(2.8405338525772095e-08, -4.76837158203125e-07, -1.1175870895385742e-08, 0.7840142250061035, -0.25953322649002075, -0.5638832449913025, 0.3356654644012451, 0.9413882493972778, 0.03342028334736824, 0.5221593379974365, -0.21547822654247284, 0.8251780867576599),
            ["RightHand"] = CFrame.new(3.8743019104003906e-07, 0.0000011920928955078125, -9.238719940185547e-07, 0.9939661622047424, 0.002723447745665908, -0.10965330898761749, 0.02857973985373974, 0.9587306976318359, 0.28287601470947266, 0.10589848458766937, -0.2843029797077179, 0.9528679847717285),
            ["UpperTorso"] = CFrame.new(-1.5902332961559296e-07, -2.9802322387695312e-08, 1.862645149230957e-08, 0.9771377444267273, 0.2115665227174759, 0.021016867831349373, -0.21059507131576538, 0.9767167568206787, -0.04091682285070419, -0.029184309765696526, 0.035555239766836166, 0.9989414811134338),
            ["HumanoidRootPart"] = CFrame.new(0, 0, 0, 1, 0, 0, 0, 1, 0, 0, 0, 1),
            ["RightUpperLeg"] = CFrame.new(-5.960464477539063e-08, -3.296881914138794e-07, 1.6931153368204832e-08, 0.864258348941803, -0.49743255972862244, 0.07495615631341934, 0.43263375759124756, 0.6589562892913818, -0.6153086423873901, 0.25668177008628845, 0.5642141103744507, 0.7847144603729248),
            ["LeftUpperArm"] = CFrame.new(0.029202520847320557, -0.023887157440185547, 0.06496520340442657, 0.698622465133667, 0.459026575088501, -0.5488364696502686, 0.0016269152984023094, 0.7660559415817261, 0.64277184009552, 0.715488612651825, -0.4499478042125702, 0.5344370007514954),
            ["RightLowerArm"] = CFrame.new(1.7881393432617188e-07, 7.152557373046875e-07, -0.0000037236022762954235, 1, -0.0000194944459508406, -5.960463909104874e-07, 0.000018894670574809425, 0.9814397096633911, -0.19177132844924927, 0.000004281667770555941, 0.19177138805389404, 0.9814396500587463),
            ["LeftHand"] = CFrame.new(-0.0000013671815395355225, -0.0000012516975402832031, 2.7939677238464355e-07, 0.9397032260894775, -0.0485193207859993, 0.33853134512901306, 0.14823922514915466, 0.9498458504676819, -0.2753506600856781, -0.3081930875778198, 0.3089316785335541, 0.8997658491134644),
            ["LeftFoot"] = CFrame.new(1.7695128917694092e-08, -5.960464477539063e-08, -1.862645149230957e-09, 0.9710360765457153, 0.22178661823272705, -0.0888812392950058, -0.23651766777038574, 0.9449993371963501, -0.22591038048267365, 0.03388887271285057, 0.24038930237293243, 0.9700848460197449),
            ["LowerTorso"] = CFrame.new(-0.27444934844970703, -0.17148900032043457, 0.07167836278676987, 0.9622490406036377, 0.2621106207370758, 0.07331366837024689, -0.26661416888237, 0.9619150757789612, 0.06030227616429329, -0.0547156035900116, -0.07757224887609482, 0.9954842329025269),
            ["RightLowerLeg"] = CFrame.new(-1.4901161193847656e-08, -0.0007262825965881348, 0.00004615152283804491, 1, 1.3411050758804777e-07, 7.4505820180093e-08, -4.4703494239684005e-08, 0.4198887050151825, 0.9075755476951599, 1.2479725342018355e-07, -0.9075756669044495, 0.4198888838291168),
            ["LeftUpperLeg"] = CFrame.new(-2.9802322387695312e-08, -2.6496127247810364e-07, -3.725290298461914e-09, 0.9182740449905396, -0.3729957938194275, 0.13284313678741455, 0.3957439064979553, 0.8753145337104797, -0.2778685986995697, -0.012635765597224236, 0.3077313005924225, 0.9513894319534302),
            ["LeftLowerLeg"] = CFrame.new(-1.0151416063308716e-07, -0.0007266402244567871, 0.00008099526166915894, 1, 3.9115558791991134e-08, 3.725290742551124e-09, -8.754432201385498e-08, 0.8842296600341797, 0.4670521020889282, 3.725290298461914e-09, -0.4670524597167969, 0.884229838848114),
        }},
        {Time = 0.167, Data = {
            ["RightFoot"] = CFrame.new(1.434236764907837e-07, 0, 1.6596459317952394e-08, 0.9835367202758789, 0.14398625493049622, 0.10919519513845444, -0.06071440130472183, 0.8324304819107056, -0.5507937073707581, -0.17020408809185028, 0.535095751285553, 0.827467679977417),
            ["LeftLowerArm"] = CFrame.new(8.642673492431641e-07, -1.7881393432617188e-07, 0.000004939734935760498, 1, 6.70552182668871e-08, 0, -7.450580596923828e-08, 0.6277205944061279, -0.7784386873245239, -9.685754776000977e-08, 0.7784386873245239, 0.6277205944061279),
            ["RightUpperArm"] = CFrame.new(-0.02920234203338623, -0.023885607719421387, 0.06496615707874298, 0.15435737371444702, -0.9187413454055786, 0.36343908309936523, 0.6637043952941895, -0.1760718673467636, -0.7269765734672546, 0.7318949699401855, 0.3534303903579712, 0.5825951099395752),
            ["Head"] = CFrame.new(-6.775371730327606e-08, -4.76837158203125e-07, 2.60770320892334e-08, 0.8257458209991455, -0.2515544593334198, -0.5048403739929199, 0.33212319016456604, 0.9402722716331482, 0.07471512258052826, 0.4558925926685333, -0.2293652445077896, 0.859973132610321),
            ["RightHand"] = CFrame.new(2.9802322387695312e-08, 9.5367431640625e-07, -7.301568984985352e-07, 0.9993895888328552, -0.03466492518782616, -0.004331577103585005, 0.03403690084815025, 0.9382684230804443, 0.3442295491695404, -0.007868515327572823, -0.34416690468788147, 0.9388755559921265),
            ["UpperTorso"] = CFrame.new(-4.6566128730773926e-08, 5.960464477539063e-08, -2.8870999813079834e-08, 0.9803237318992615, 0.19661493599414825, 0.017539290711283684, -0.19585908949375153, 0.9799093008041382, -0.0376468151807785, -0.02458890713751316, 0.03347092866897583, 0.999137282371521),
            ["HumanoidRootPart"] = CFrame.new(0, 0, 0, 1, 0, 0, 0, 1, 0, 0, 0, 1),
            ["RightUpperLeg"] = CFrame.new(-8.940696716308594e-08, 3.562308847904205e-08, -9.145878721028566e-09, 0.8825740814208984, -0.4646632671356201, 0.07177004218101501, 0.4046685993671417, 0.6729916334152222, -0.6191331744194031, 0.23938782513141632, 0.5754740238189697, 0.7819995880126953),
            ["LeftUpperArm"] = CFrame.new(0.029202699661254883, -0.02388763427734375, 0.06496523320674896, 0.7160714268684387, 0.4465304911136627, -0.5365185737609863, -0.00470281857997179, 0.7716904878616333, 0.6359808444976807, 0.6980111598968506, -0.4528844952583313, 0.5546858310699463),
            ["RightLowerArm"] = CFrame.new(2.384185791015625e-07, 1.7881393432617188e-07, -0.000004199333488941193, 1, -0.000019434839487075806, -2.8312211952652433e-07, 0.000018924476535175927, 0.9783610701560974, -0.20690490305423737, 0.000004332513071858557, 0.2069048285484314, 0.9783611297607422),
            ["LeftHand"] = CFrame.new(-0.0000014528632164001465, -0.0000011920928955078125, 3.0919909477233887e-07, 0.9565203189849854, -0.0629863515496254, 0.284783273935318, 0.14043287932872772, 0.9552306532859802, -0.2604094445705414, -0.25563159584999084, 0.289079874753952, 0.922542929649353),
            ["LeftFoot"] = CFrame.new(2.8870999813079834e-08, 0, -7.450580596923828e-09, 0.9727172255516052, 0.21666204929351807, -0.08293800055980682, -0.2312178909778595, 0.9346169233322144, -0.27024051547050476, 0.018964167684316635, 0.2820441722869873, 0.9592140316963196),
            ["LowerTorso"] = CFrame.new(-0.24174772202968597, -0.17605924606323242, 0.0685233548283577, 0.9658961296081543, 0.2514767050743103, 0.061678994446992874, -0.255113810300827, 0.9650124311447144, 0.060563430190086365, -0.04429071396589279, -0.07423318177461624, 0.996256947517395),
            ["RightLowerLeg"] = CFrame.new(0, -0.0007263422012329102, 0.00004608539893524721, 1, 1.3411049337719305e-07, 2.2351745343485163e-08, -8.940696716308594e-08, 0.40998825430870056, 0.9120907783508301, 1.30385160446167e-07, -0.9120908379554749, 0.4099883735179901),
            ["LeftUpperLeg"] = CFrame.new(-1.1920928955078125e-07, 7.450580596923828e-08, -2.60770320892334e-08, 0.9275235533714294, -0.3422236740589142, 0.15027591586112976, 0.37220436334609985, 0.8824080228805542, -0.2877848148345947, -0.03411773964762688, 0.3228607475757599, 0.9458313584327698),
            ["LeftLowerLeg"] = CFrame.new(-4.470348358154297e-08, -0.0007265806198120117, 0.00008101016283035278, 1, 6.146728281919422e-08, 2.9802322387695312e-08, -1.1175868230850483e-08, 0.8662315011024475, 0.4996429979801178, -5.5879341154252415e-09, -0.4996427893638611, 0.8662315011024475),
        }},
        {Time = 0.200, Data = {
            ["RightFoot"] = CFrame.new(1.257285475730896e-07, -5.960464477539063e-08, 1.6952981241047382e-09, 0.986514687538147, 0.12742960453033447, 0.10271559655666351, -0.0512726753950119, 0.836584746837616, -0.5454334020614624, -0.155434712767601, 0.532811164855957, 0.8318365216255188),
            ["LeftLowerArm"] = CFrame.new(0.000001430511474609375, -2.980232238769531e-07, 0.000005163252353668213, 1, 1.7881393432617188e-07, 3.725290653733282e-08, -1.1920930376163597e-07, 0.6237672567367554, -0.7816102504730225, -7.450581307466564e-08, 0.7816101312637329, 0.6237672567367554),
            ["RightUpperArm"] = CFrame.new(-0.02920246124267578, -0.023885726928710938, 0.06496614962816238, -0.07590092718601227, -0.9755211472511292, 0.20639155805110931, 0.911838948726654, -0.15166230499744415, -0.3815081715583801, 0.40347087383270264, 0.15923911333084106, 0.9010294675827026),
            ["Head"] = CFrame.new(-9.802170097827911e-08, -5.960464477539062e-07, 1.30385160446167e-08, 0.8794004321098328, -0.22396788001060486, -0.42011091113090515, 0.2940013110637665, 0.9495465159416199, 0.1092011034488678, 0.37445729970932007, -0.21954470872879028, 0.900878369808197),
            ["RightHand"] = CFrame.new(3.427267074584961e-07, 0.0000011920928955078125, -8.642673492431641e-07, 0.967762291431427, -0.12326565384864807, 0.21963976323604584, -0.009993264451622963, 0.8525740504264832, 0.5225110054016113, -0.2516670823097229, -0.5078613758087158, 0.8238571882247925),
            ["UpperTorso"] = CFrame.new(1.0128132998943329e-08, -2.9802322387695312e-08, 3.166496753692627e-08, 0.9839845299720764, 0.1779904067516327, 0.00968219805508852, -0.17765957117080688, 0.983687698841095, -0.02821078896522522, -0.014545449987053871, 0.026038890704512596, 0.9995551109313965),
            ["HumanoidRootPart"] = CFrame.new(0, 0, 0, 1, 0, 0, 0, 1, 0, 0, 0, 1),
            ["RightUpperLeg"] = CFrame.new(-2.9802322387695312e-08, -1.0151416063308716e-07, 2.2519088815897703e-08, 0.9021188020706177, -0.42522132396698, 0.07327002286911011, 0.370993047952652, 0.6776673793792725, -0.6349261999130249, 0.22033154964447021, 0.5999615788459778, 0.769090473651886),
            ["LeftUpperArm"] = CFrame.new(0.029202580451965332, -0.02388787269592285, 0.06496521830558777, 0.7334898710250854, 0.4450147747993469, -0.5137649178504944, -0.02478511445224285, 0.7728787660598755, 0.6340697407722473, 0.6792483329772949, -0.4523497521877289, 0.5779284834861755),
            ["RightLowerArm"] = CFrame.new(5.066394805908203e-07, 2.384185791015625e-07, -0.000004023313522338867, 1, -0.00001928210440382827, 0.0000024437904357910156, 0.00001890957537398208, 0.9406723380088806, -0.33931654691696167, 0.0000043492768782016356, 0.33931657671928406, 0.9406722784042358),
            ["LeftHand"] = CFrame.new(-0.000001391395926475525, -0.000001430511474609375, 1.993030309677124e-07, 0.9788817167282104, -0.07738510519266129, 0.18921470642089844, 0.11844994127750397, 0.9690810441970825, -0.21645201742649078, -0.16661427915096283, 0.23429347574710846, 0.9577820897102356),
            ["LeftFoot"] = CFrame.new(8.381903171539307e-09, -1.1920928955078125e-07, -1.4901161193847656e-08, 0.9752814173698425, 0.21364562213420868, -0.05640612542629242, -0.22066138684749603, 0.9282578825950623, -0.29940974712371826, -0.011608103290200233, 0.3044551908969879, 0.9524558782577515),
            ["LowerTorso"] = CFrame.new(-0.2053445279598236, -0.1812671422958374, 0.07808702439069748, 0.9697042107582092, 0.23934543132781982, 0.04886271059513092, -0.24226419627666473, 0.9679157733917236, 0.06668640673160553, -0.031333934515714645, -0.07650379836559296, 0.9965767860412598),
            ["RightLowerLeg"] = CFrame.new(-2.2351741790771484e-08, -0.0007262825965881348, 0.00004588237061398104, 1, 1.601875823098453e-07, 6.705522537231445e-08, -7.450580596923828e-08, 0.3975835144519806, 0.917566180229187, 1.1548399925231934e-07, -0.9175660610198975, 0.39758312702178955),
            ["LeftUpperLeg"] = CFrame.new(-2.9802322387695312e-08, -3.0174851417541504e-07, 3.3527612686157227e-08, 0.938165545463562, -0.31085407733917236, 0.15236489474773407, 0.3447933793067932, 0.8784739375114441, -0.33075863122940063, -0.0310309287160635, 0.36284080147743225, 0.9313343167304993),
            ["LeftLowerLeg"] = CFrame.new(9.96515154838562e-08, -0.0007268190383911133, 0.00008101016283035278, 1, 4.6566135836201283e-08, 1.1175869119028903e-08, -1.0058281674218961e-07, 0.834688663482666, 0.5507225394248962, 1.4901157641133977e-08, -0.5507222414016724, 0.8346884250640869),
        }},
        {Time = 0.233, Data = {
            ["RightFoot"] = CFrame.new(1.7043203115463257e-07, -1.7881393432617188e-07, -5.75528247281909e-09, 0.9896490573883057, 0.1085781529545784, 0.09383784234523773, -0.04287559539079666, 0.8477231860160828, -0.5287033319473267, -0.13695411384105682, 0.519207239151001, 0.8436036705970764),
            ["LeftLowerArm"] = CFrame.new(0.0000014603137969970703, -8.344650268554688e-07, 0.000004723668098449707, 1, 1.3411047916633834e-07, 2.9802322387695312e-08, -8.940698137394065e-08, 0.6112558245658875, -0.7914330959320068, -5.960465188081798e-08, 0.7914330959320068, 0.6112558245658875),
            ["RightUpperArm"] = CFrame.new(-0.02920210361480713, -0.02388596534729004, 0.06496615707874298, -0.197123721241951, -0.9501980543136597, -0.2413833737373352, 0.935362696647644, -0.25603407621383667, 0.24401435256004333, -0.29366451501846313, -0.177680104970932, 0.9392503499984741),
            ["Head"] = CFrame.new(2.354790922254324e-07, -0.0000011920928955078125, 2.514570951461792e-08, 0.9473111629486084, -0.13386456668376923, -0.2910015285015106, 0.1839650422334671, 0.9710842370986938, 0.15215882658958435, 0.2622184455394745, -0.1976761370897293, 0.944545328617096),
            ["RightHand"] = CFrame.new(3.129243850708008e-07, 9.5367431640625e-07, -6.258487701416016e-07, 0.6435493230819702, -0.36500585079193115, 0.6727661490440369, -0.28040820360183716, 0.7054269313812256, 0.6509566307067871, -0.7121907472610474, -0.6075719594955444, 0.3516266345977783),
            ["UpperTorso"] = CFrame.new(3.9814040064811707e-08, -4.172325134277344e-07, -5.587935447692871e-09, 0.9876344203948975, 0.15662042796611786, -0.006968828849494457, -0.15666280686855316, 0.9876337647438049, -0.0060350303538143635, 0.005937353242188692, 0.007052126340568066, 0.9999575018882751),
            ["HumanoidRootPart"] = CFrame.new(0, 0, 0, 1, 0, 0, 0, 1, 0, 0, 0, 1),
            ["RightUpperLeg"] = CFrame.new(-2.9802322387695312e-08, -3.380700945854187e-07, -1.5665136743336916e-08, 0.9237160086631775, -0.3734414279460907, 0.08538316190242767, 0.33236852288246155, 0.6704563498497009, -0.6633394360542297, 0.19047273695468903, 0.6411160826683044, 0.7434315085411072),
            ["LeftUpperArm"] = CFrame.new(0.02920287847518921, -0.023888111114501953, 0.06496521085500717, 0.7548116445541382, 0.44972750544548035, -0.47749829292297363, -0.060809426009655, 0.772800087928772, 0.6317294239997864, 0.6531168818473816, -0.44780054688453674, 0.6106662750244141),
            ["RightLowerArm"] = CFrame.new(5.960464477539063e-08, 1.7881393432617188e-07, -0.0000037178397178649902, 1, -0.000014893710613250732, 0.000012494625480030663, 0.000018984079360961914, 0.6031081676483154, -0.7976594567298889, 0.000004380941390991211, 0.7976593971252441, 0.6031082272529602),
            ["LeftHand"] = CFrame.new(-0.0000013979151844978333, -0.0000012516975402832031, 3.2782554626464844e-07, 0.99515300989151, -0.0869625136256218, 0.04591308906674385, 0.09307529777288437, 0.9836270809173584, -0.1543208658695221, -0.03174137324094772, 0.15784616768360138, 0.9869534969329834),
            ["LeftFoot"] = CFrame.new(-8.614733815193176e-09, 5.960464477539063e-08, -4.470348358154297e-08, 0.975257158279419, 0.21963047981262207, 0.025220483541488647, -0.20412279665470123, 0.9384103417396545, -0.2787829339504242, -0.08489634841680527, 0.2667369842529297, 0.9600229859352112),
            ["LowerTorso"] = CFrame.new(-0.16589835286140442, -0.1908038854598999, 0.10530677437782288, 0.9736865758895874, 0.22566060721874237, 0.0318077988922596, -0.22747699916362762, 0.9708154797554016, 0.07597103714942932, -0.013735802844166756, -0.0812075063586235, 0.9966025948524475),
            ["RightLowerLeg"] = CFrame.new(-2.9802322387695312e-08, -0.0007263422012329102, 0.000046130102418828756, 1, 1.3783576946480025e-07, 5.96046660916727e-08, -6.705523247774181e-08, 0.3778427541255951, 0.9258697628974915, 1.3411046495548362e-07, -0.925869882106781, 0.37784311175346375),
            ["LeftUpperLeg"] = CFrame.new(1.1920928955078125e-07, -2.300366759300232e-07, 1.862645149230957e-09, 0.9498395323753357, -0.2862825393676758, 0.12588608264923096, 0.31212443113327026, 0.8425849676132202, -0.43889516592025757, 0.019578291103243828, 0.45617204904556274, 0.8896761536598206),
            ["LeftLowerLeg"] = CFrame.new(7.404014468193054e-08, -0.0007264018058776855, 0.00008106045424938202, 1, 6.239861960466442e-08, 1.0244550985305523e-08, -3.3527619791584584e-08, 0.7537385821342468, 0.6571744084358215, 5.401672353855247e-08, -0.6571744680404663, 0.7537386417388916),
        }},
        {Time = 0.267, Data = {
            ["RightFoot"] = CFrame.new(1.564621925354004e-07, -1.7881393432617188e-07, -1.3205863069742918e-08, 0.9907400608062744, 0.0875103771686554, 0.10380858927965164, -0.01578494720160961, 0.8336304426193237, -0.552097499370575, -0.1348523050546646, 0.5453461408615112, 0.8272920250892639),
            ["LeftLowerArm"] = CFrame.new(0.0000011324882507324219, -3.5762786865234375e-07, 0.000004906207323074341, 1, 1.043081283569336e-07, 4.470347647611561e-08, -8.940698137394065e-08, 0.5902225971221924, -0.8072405457496643, -1.1920930376163597e-07, 0.8072406053543091, 0.5902226567268372),
            ["RightUpperArm"] = CFrame.new(-0.029202282428741455, -0.023885369300842285, 0.06496615707874298, 0.028843391686677933, -0.9544439315795898, -0.2969931662082672, 0.8978396058082581, -0.10586285591125488, 0.427407830953598, -0.4393770694732666, -0.278980016708374, 0.8538838624954224),
            ["Head"] = CFrame.new(-4.772664397023618e-08, -3.5762786865234375e-07, -1.1175870895385742e-08, 0.9621606469154358, -0.06577306240797043, -0.26442578434944153, 0.11444266140460968, 0.9782334566116333, 0.17309562861919403, 0.24728503823280334, -0.19680729508399963, 0.9487449526786804),
            ["RightHand"] = CFrame.new(8.940696716308594e-08, 0.0000011920928955078125, -0.0000012516975402832031, 0.5823059678077698, -0.33834731578826904, 0.7392157912254333, -0.24460364878177643, 0.7942288517951965, 0.556210458278656, -0.7752992510795593, -0.50469970703125, 0.37972351908683777),
            ["UpperTorso"] = CFrame.new(9.546056389808655e-09, 4.172325134277344e-07, -6.984919309616089e-09, 0.9903684854507446, 0.13808900117874146, -0.010085728019475937, -0.13798794150352478, 0.9903824925422668, 0.01009199395775795, 0.01138236839324236, -0.008603014051914215, 0.9998982548713684),
            ["HumanoidRootPart"] = CFrame.new(0, 0, 0, 1, 0, 0, 0, 1, 0, 0, 0, 1),
            ["RightUpperLeg"] = CFrame.new(8.940696716308594e-08, 1.0384246706962585e-07, -1.0077201295644045e-08, 0.934384286403656, -0.3520354628562927, 0.054746102541685104, 0.2949773967266083, 0.6782787442207336, -0.6729981899261475, 0.19978615641593933, 0.6449876427650452, 0.7376153469085693),
            ["LeftUpperArm"] = CFrame.new(0.029202580451965332, -0.023887276649475098, 0.06496521830558777, 0.735004186630249, 0.4874579608440399, -0.4713318943977356, -0.0980198010802269, 0.7641979455947876, 0.6374905109405518, 0.6709405183792114, -0.42235812544822693, 0.6094686985015869),
            ["RightLowerArm"] = CFrame.new(7.152557373046875e-07, 5.364418029785156e-07, -0.000003846362233161926, 1, -0.000009298326403950341, 0.000017128888430306688, 0.00001901388168334961, 0.2717639207839966, -0.9623640179634094, 0.000004336237907409668, 0.9623640179634094, 0.2717639207839966),
            ["LeftHand"] = CFrame.new(-0.0000013522803783416748, -0.0000013113021850585938, 3.0919909477233887e-07, 0.9912621974945068, -0.09668168425559998, -0.08973290026187897, 0.09007842093706131, 0.9931113719940186, -0.07493869960308075, 0.09636005014181137, 0.06620088964700699, 0.9931426644325256),
            ["LeftFoot"] = CFrame.new(-2.922024577856064e-08, -2.384185791015625e-07, 4.6566128730773926e-09, 0.9585630297660828, 0.25358590483665466, 0.12981201708316803, -0.2021363079547882, 0.926522970199585, -0.3173265755176544, -0.2007431834936142, 0.27793774008750916, 0.9393895864486694),
