return {
    ["Shaolin Sit-Up"] = {
        {Time = 0.000, Data = {
            ["LeftFoot"] = CFrame.new(-1.1175870895385742e-08, -5.960464477539063e-08, -3.725290298461914e-08, 0.9564810991287231, -0.011943918652832508, 0.2915498912334442, -0.24080756306648254, 0.5319627523422241, 0.8118047714233398, -0.164789617061615, -0.8466835618019104, 0.5059364438056946),
            ["LeftLowerArm"] = CFrame.new(8.940696716308594e-08, 5.960464477539062e-07, 3.129243850708008e-07, 1, -1.0430809993522416e-07, 7.450579886381092e-08, 8.195638656616211e-08, 0.38087978959083557, -0.9246245622634888, 8.940696716308594e-08, 0.9246245622634888, 0.38087981939315796),
            ["LowerTorso"] = CFrame.new(-0.04711923375725746, -0.900079607963562, 0.8801950812339783, 0.9993687868118286, 0.021086014807224274, -0.0285904873162508, -0.020475829020142555, 0.9995598196983337, 0.021469656378030777, 0.029030611738562584, -0.020870691165328026, 0.9993606209754944),
            ["Head"] = CFrame.new(-4.656612873077393e-10, 3.5762786865234375e-07, 1.2385862646624446e-07, 0.9935941100120544, -0.11184032261371613, 0.016202392056584358, 0.11217046529054642, 0.9586209654808044, -0.2616557478904724, 0.013731705024838448, 0.2617970407009125, 0.9650253057479858),
            ["RightUpperArm"] = CFrame.new(-2.384185791015625e-07, 0, 1.4528632164001465e-07, 0.3469175100326538, -0.08237797766923904, 0.934270977973938, 0.7656974196434021, 0.6001321077346802, -0.2314063459634781, -0.5416233539581299, 0.7956477403640747, 0.2712729275226593),
            ["UpperTorso"] = CFrame.new(-1.862645149230957e-09, -1.1920928955078125e-07, 1.6298145055770874e-08, 0.9997231960296631, 0.015078739263117313, 0.01806233823299408, -0.019813382998108864, 0.9535419344902039, 0.300608366727829, -0.012690398842096329, -0.300883024930954, 0.9535766839981079),
            ["HumanoidRootPart"] = CFrame.new(0, 0, 0, 1, 0, 0, 0, 1, 0, 0, 0, 1),
            ["RightHand"] = CFrame.new(5.960464477539063e-08, -1.1920928955078125e-07, 1.7881393432617188e-07, 0.33960244059562683, -0.8129811882972717, 0.47300291061401367, 0.8178388476371765, 0.006852615624666214, -0.5754067301750183, 0.46455344557762146, 0.5822497010231018, 0.6672146320343018),
            ["LeftUpperArm"] = CFrame.new(1.1920928955078125e-07, 3.5762786865234375e-07, 6.868503987789154e-08, 0.3428369164466858, 0.10148010402917862, -0.9338975548744202, -0.7616965174674988, 0.6118764281272888, -0.2131330966949463, 0.5498011112213135, 0.7844164371490479, 0.2870708107948303),
            ["RightLowerArm"] = CFrame.new(7.152557373046875e-07, -9.5367431640625e-07, 4.6938657760620117e-07, 1, 0, 2.9802315282267955e-08, 8.3819010399111e-08, 0.42986682057380676, -0.9028922915458679, 8.195636524988004e-08, 0.9028923511505127, 0.42986688017845154),
            ["LeftHand"] = CFrame.new(4.470348358154297e-08, 0, 8.940696716308594e-08, 0.29863274097442627, 0.813031017780304, -0.49979913234710693, -0.8618282675743103, 0.004776151850819588, -0.5071777701377869, -0.40996408462524414, 0.582200825214386, 0.7021192908287048),
            ["RightUpperLeg"] = CFrame.new(-5.960464477539063e-08, 2.9336661100387573e-07, -1.1345400707796216e-07, 0.9073908925056458, -0.1541159600019455, -0.3910108208656311, -0.35038915276527405, 0.23637069761753082, -0.9062873125076294, 0.23209717869758606, 0.9593629240989685, 0.16047988831996918),
            ["LeftUpperLeg"] = CFrame.new(-1.1920928955078125e-07, 4.190951585769653e-08, 1.601874828338623e-07, 0.19669732451438904, 0.12288909405469894, 0.9727324843406677, 0.944268524646759, -0.29082557559013367, -0.15420055389404297, 0.2639457583427429, 0.9488513469696045, -0.17324478924274445),
            ["RightLowerLeg"] = CFrame.new(9.685754776000977e-08, -0.0000035762786865234375, -0.000013208184100221843, 1, -4.768367034557741e-07, -6.146735813672422e-07, 4.097818759873917e-07, -0.4611915051937103, 0.8873002529144287, -6.519257453874161e-07, -0.8873006105422974, -0.46119219064712524),
            ["RightFoot"] = CFrame.new(-2.9802322387695312e-08, 2.384185791015625e-07, -8.817733032628894e-08, 0.928371787071228, -0.36738675832748413, -0.05615118891000748, 0.2202753871679306, 0.6656081080436707, -0.7130523324012756, 0.2993405759334564, 0.6496098637580872, 0.6988587379455566),
            ["LeftLowerLeg"] = CFrame.new(-3.073364496231079e-07, 0.000004172325134277344, 0.000013379380106925964, 1, -3.7997961044311523e-07, -2.6822101517609553e-07, 2.7194619178771973e-07, 0.2560175657272339, 0.9666721224784851, -2.5331974029541016e-07, -0.9666721820831299, 0.256017804145813),
        }},
        {Time = 0.033, Data = {
            ["LeftFoot"] = CFrame.new(1.30385160446167e-07, 0, -2.2351741790771484e-08, 0.9564812183380127, -0.011943669989705086, 0.2915493845939636, -0.24080729484558105, 0.5319628715515137, 0.8118051290512085, -0.16478948295116425, -0.8466835021972656, 0.5059362649917603),
            ["LeftLowerArm"] = CFrame.new(-5.960464477539063e-08, 7.152557373046875e-07, 3.0547380447387695e-07, 1, -4.470347647611561e-08, 7.450579886381092e-08, 8.568167686462402e-08, 0.38169652223587036, -0.9242876768112183, 4.470348358154297e-08, 0.9242876768112183, 0.3816964626312256),
            ["LowerTorso"] = CFrame.new(-0.04711923375725746, -0.900079607963562, 0.8801950812339783, 0.9993687868118286, 0.021087225526571274, -0.028590457513928413, -0.020477039739489555, 0.9995598793029785, 0.02146965265274048, 0.029030606150627136, -0.02087065577507019, 0.9993606209754944),
            ["Head"] = CFrame.new(8.847564458847046e-09, 1.1920928955078125e-07, 1.0200892575085163e-08, 0.9935941696166992, -0.11184036731719971, 0.01620238646864891, 0.11217053979635239, 0.9586209654808044, -0.2616557478904724, 0.013731727376580238, 0.2617970108985901, 0.9650252461433411),
            ["RightUpperArm"] = CFrame.new(-1.7881393432617188e-07, -1.1920928955078125e-07, -5.75091689825058e-08, 0.3460794985294342, -0.08285097777843475, 0.9345398545265198, 0.7655062079429626, 0.600833535194397, -0.23021633923053741, -0.5424292087554932, 0.7950690984725952, 0.27135908603668213),
            ["UpperTorso"] = CFrame.new(-5.587935447692871e-09, -2.9802322387695312e-08, -5.820766091346741e-08, 0.9997231960296631, 0.015078761614859104, 0.01806234009563923, -0.019813403487205505, 0.9535419344902039, 0.3006083369255066, -0.01269039511680603, -0.3008829653263092, 0.9535767436027527),
            ["HumanoidRootPart"] = CFrame.new(0, 0, 0, 1, 0, 0, 0, 1, 0, 0, 0, 1),
            ["RightHand"] = CFrame.new(5.960464477539063e-08, -1.1920928955078125e-07, 2.682209014892578e-07, 0.33960267901420593, -0.8129813075065613, 0.4730026125907898, 0.8178388476371765, 0.006853070110082626, -0.5754066109657288, 0.4645533263683319, 0.5822495222091675, 0.6672149896621704),
            ["LeftUpperArm"] = CFrame.new(5.960464477539063e-08, 1.1920928955078125e-07, -2.1886080503463745e-08, 0.3419487774372101, 0.10201867669820786, -0.9341644644737244, -0.7614638209342957, 0.6126185655593872, -0.21182893216609955, 0.5506759881973267, 0.78376704454422, 0.28716763854026794),
            ["RightLowerArm"] = CFrame.new(1.7881393432617188e-07, -8.344650268554688e-07, 4.023313522338867e-07, 1, -1.1175870895385742e-07, 7.450580596923828e-08, 5.4016702222270396e-08, 0.43074560165405273, -0.9024733901023865, 9.685753354915505e-08, 0.9024733901023865, 0.4307456910610199),
            ["LeftHand"] = CFrame.new(-1.1920928955078125e-07, 2.384185791015625e-07, -2.9802322387695312e-08, 0.29863259196281433, 0.8130308985710144, -0.4997991621494293, -0.8618283271789551, 0.004775987938046455, -0.5071777105331421, -0.409963995218277, 0.5822008848190308, 0.7021193504333496),
            ["RightUpperLeg"] = CFrame.new(-2.9802322387695312e-08, -8.102506399154663e-08, -1.8050923245027661e-07, 0.9073919057846069, -0.1541159451007843, -0.3910093307495117, -0.3503873944282532, 0.236369788646698, -0.9062880873680115, 0.23209616541862488, 0.9593631625175476, 0.16047947108745575),
            ["LeftUpperLeg"] = CFrame.new(2.9802322387695312e-08, 9.313225746154785e-09, -2.421438694000244e-08, 0.19669610261917114, 0.12288909405469894, 0.9727327823638916, 0.9442688226699829, -0.2908247113227844, -0.15419946610927582, 0.2639453709125519, 0.9488516449928284, -0.17324432730674744),
            ["RightLowerLeg"] = CFrame.new(2.60770320892334e-08, -0.000003516674041748047, -0.00001328082726104185, 1, -5.960460924825384e-08, 4.4703526214107114e-08, 1.266598985694145e-07, -0.46119236946105957, 0.8873000144958496, 4.4703494239684005e-08, -0.8873001337051392, -0.46119266748428345),
            ["RightFoot"] = CFrame.new(1.4901161193847656e-08, 2.384185791015625e-07, -1.0540679795667529e-07, 0.928371787071228, -0.3673872947692871, -0.05615093186497688, 0.22027531266212463, 0.6656080484390259, -0.7130523324012756, 0.2993406653404236, 0.6496095061302185, 0.6988587379455566),
            ["LeftLowerLeg"] = CFrame.new(-3.2782554626464844e-07, 0.000003993511199951172, 0.000013358891010284424, 1, -3.501773733205482e-07, -2.1606683731079102e-07, 3.2410028438789595e-07, 0.25601834058761597, 0.9666720628738403, -2.4959447841865767e-07, -0.9666719436645508, 0.25601813197135925),
        }},
        {Time = 0.067, Data = {
            ["LeftFoot"] = CFrame.new(1.6763806343078613e-07, 0, 2.2351741790771484e-08, 0.957405686378479, -0.012362825684249401, 0.2884814143180847, -0.2382666915655136, 0.5305323600769043, 0.8134891986846924, -0.1631052941083908, -0.8475745916366577, 0.504988968372345),
            ["LeftLowerArm"] = CFrame.new(-1.7881393432617188e-07, 5.364418029785156e-07, 4.0978193283081055e-07, 1, -1.3411046495548362e-07, 1.1920928955078125e-07, 1.3411046495548362e-07, 0.38251277804374695, -0.9239502549171448, 7.823110337312755e-08, 0.9239502549171448, 0.3825126886367798),
            ["LowerTorso"] = CFrame.new(-0.04718106985092163, -0.9001946449279785, 0.8811379671096802, 0.9993687868118286, 0.021085673943161964, -0.028590483590960503, -0.020475488156080246, 0.9995598196983337, 0.02146965265274048, 0.02903060056269169, -0.020870696753263474, 0.9993606209754944),
            ["Head"] = CFrame.new(0, -1.1920928955078125e-07, 1.6573176253587008e-07, 0.9938352704048157, -0.10903614014387131, 0.0200641006231308, 0.11049725860357285, 0.9594024419784546, -0.259494423866272, 0.009044728241860867, 0.2601117491722107, 0.9655361771583557),
            ["RightUpperArm"] = CFrame.new(-1.7881393432617188e-07, -1.1920928955078125e-07, -1.5366822481155396e-07, 0.345241516828537, -0.08332478255033493, 0.9348075985908508, 0.7653132677078247, 0.6015336513519287, -0.2290259748697281, -0.5432347059249878, 0.7944899201393127, 0.2714439332485199),
            ["UpperTorso"] = CFrame.new(1.862645149230957e-09, 2.384185791015625e-07, 3.317836672067642e-08, 0.9997244477272034, 0.015102789737284184, 0.017972851172089577, -0.01980482041835785, 0.9536510109901428, 0.30026254057884216, -0.012605022639036179, -0.30053573846817017, 0.9536872506141663),
            ["HumanoidRootPart"] = CFrame.new(0, 0, 0, 1, 0, 0, 0, 1, 0, 0, 0, 1),
            ["RightHand"] = CFrame.new(1.6391277313232422e-07, 0, 4.172325134277344e-07, 0.33829182386398315, -0.812419593334198, 0.474903404712677, 0.817251980304718, 0.00344284251332283, -0.5762702822685242, 0.4665382206439972, 0.5830631852149963, 0.6651161313056946),
            ["LeftUpperArm"] = CFrame.new(1.1920928955078125e-07, 4.76837158203125e-07, -1.4435499906539917e-08, 0.3410604000091553, 0.10255823284387589, -0.9344301223754883, -0.7612292170524597, 0.613359272480011, -0.21052424609661102, 0.5515503883361816, 0.7831170558929443, 0.287262886762619),
            ["RightLowerArm"] = CFrame.new(-5.960464477539063e-08, -3.5762786865234375e-07, 3.948807716369629e-07, 1, -9.685754776000977e-08, -4.470347647611561e-08, 6.70552182668871e-08, 0.4316237270832062, -0.9020537734031677, 8.195637946073475e-08, 0.9020537734031677, 0.4316236972808838),
            ["LeftHand"] = CFrame.new(1.341104507446289e-07, -1.1920928955078125e-07, -1.4901161193847656e-07, 0.2969878613948822, 0.8124049305915833, -0.5017932057380676, -0.861550509929657, 0.0013843566412106156, -0.507669985294342, -0.411738783121109, 0.5830920934677124, 0.7003390192985535),
            ["RightUpperLeg"] = CFrame.new(0, 6.100162863731384e-07, -9.669020073488355e-08, 0.9074472784996033, -0.15394659340381622, -0.3909476697444916, -0.350597083568573, 0.23536375164985657, -0.9064686894416809, 0.2315627485513687, 0.9596376419067383, 0.1596069037914276),
            ["LeftUpperLeg"] = CFrame.new(-5.960464477539063e-08, 1.0244548320770264e-07, 1.6577541828155518e-07, 0.19584941864013672, 0.12480930984020233, 0.9726590514183044, 0.9447032809257507, -0.29004523158073425, -0.1530027836561203, 0.26301857829093933, 0.9488396048545837, -0.17471271753311157),
            ["RightLowerLeg"] = CFrame.new(-9.313225746154785e-09, -0.000003516674041748047, -0.000013159755326341838, 1, -4.3213341882619716e-07, -4.7124950697252643e-07, 3.725290298461914e-07, -0.46101975440979004, 0.8873898983001709, -6.370246410369873e-07, -0.8873898386955261, -0.461019903421402),
            ["RightFoot"] = CFrame.new(-3.725290298461914e-08, 2.980232238769531e-07, 5.571200745180249e-08, 0.9280725717544556, -0.36806148290634155, -0.05667936056852341, 0.22074976563453674, 0.6663066148757935, -0.7122527956962585, 0.2999182939529419, 0.6485106945037842, 0.699630856513977),
            ["LeftLowerLeg"] = CFrame.new(-1.1920928955078125e-07, 0.000003814697265625, 0.000013348646461963654, 1, 3.8743027630516735e-07, 3.054738328955864e-07, -4.1164472008858866e-07, 0.2555203139781952, 0.9668037295341492, 3.613533010593528e-07, -0.9668036699295044, 0.2555203139781952),
        }},
        {Time = 0.100, Data = {
            ["LeftFoot"] = CFrame.new(0, -5.960464477539063e-08, 0, 0.9575846791267395, -0.012406004592776299, 0.2878846824169159, -0.237779438495636, 0.5303147435188293, 0.8137736320495605, -0.16276520490646362, -0.8477100133895874, 0.5048713684082031),
            ["LeftLowerArm"] = CFrame.new(1.1920928955078125e-07, 5.960464477539062e-07, 3.5762786865234375e-07, 1, -7.4505820180093e-08, 1.4901161193847656e-08, 6.70552182668871e-08, 0.3833286464214325, -0.9236120581626892, 8.940695295223122e-08, 0.923612117767334, 0.3833286166191101),
            ["LowerTorso"] = CFrame.new(-0.04724915698170662, -0.9003099203109741, 0.8815791606903076, 0.9993690252304077, 0.02107536606490612, -0.028590703383088112, -0.020465174689888954, 0.9995599985122681, 0.021469663828611374, 0.029030604287981987, -0.020871002227067947, 0.9993606209754944),
            ["Head"] = CFrame.new(9.778887033462524e-09, -1.1920928955078125e-07, 9.518407750874758e-08, 0.9939468502998352, -0.10772839933633804, 0.02154647931456566, 0.10962218791246414, 0.9595657587051392, -0.2592617869377136, 0.007254594471305609, 0.26005446910858154, 0.9655667543411255),
            ["RightUpperArm"] = CFrame.new(0, -3.5762786865234375e-07, 5.820766091346741e-09, 0.34474319219589233, -0.08369789272546768, 0.934958279132843, 0.7650535702705383, 0.6021823287010193, -0.2281874269247055, -0.5439165830612183, 0.7939591407775879, 0.2716315984725952),
            ["UpperTorso"] = CFrame.new(1.862645149230957e-09, -2.384185791015625e-07, -1.1781230568885803e-07, 0.9997254014015198, 0.01512689609080553, 0.017899062484502792, -0.019802628085017204, 0.9537231922149658, 0.30003347992897034, -0.01253217551857233, -0.30030545592308044, 0.9537607431411743),
            ["HumanoidRootPart"] = CFrame.new(0, 0, 0, 1, 0, 0, 0, 1, 0, 0, 0, 1),
            ["RightHand"] = CFrame.new(1.9371509552001953e-07, 2.384185791015625e-07, 2.9802322387695312e-08, 0.33791500329971313, -0.8121118545532227, 0.4756971597671509, 0.8169968724250793, 0.0021800659596920013, -0.5766379833221436, 0.4672575294971466, 0.5834977030754089, 0.6642295122146606),
            ["LeftUpperArm"] = CFrame.new(0, -1.1920928955078125e-07, 7.078051567077637e-08, 0.3406018018722534, 0.10282036662101746, -0.9345685839653015, -0.7608862519264221, 0.614051103591919, -0.20974621176719666, 0.552306592464447, 0.7825402617454529, 0.28738147020339966),
            ["RightLowerArm"] = CFrame.new(-7.748603820800781e-07, -1.1920928955078125e-07, 4.917383193969727e-07, 1, -5.960465898624534e-08, 7.450581307466564e-08, 1.5459956159702415e-07, 0.4325014054775238, -0.9016333222389221, 7.450581307466564e-08, 0.9016333818435669, 0.4325014054775238),
            ["LeftHand"] = CFrame.new(2.5331974029541016e-07, 1.7881393432617188e-07, -1.4901161193847656e-07, 0.296591579914093, 0.8120008707046509, -0.502680778503418, -0.8614449501037598, 0.0002590790099930018, -0.5078511238098145, -0.41224515438079834, 0.5836562514305115, 0.699570894241333),
            ["RightUpperLeg"] = CFrame.new(-2.9802322387695312e-08, -1.862645149230957e-07, -2.587403287179768e-07, 0.9074718356132507, -0.15390487015247345, -0.39090660214424133, -0.35069188475608826, 0.23483076691627502, -0.9065704941749573, 0.23132272064685822, 0.9597748517990112, 0.15912888944149017),
            ["LeftUpperLeg"] = CFrame.new(-5.960464477539063e-08, 4.33996319770813e-07, 8.754432201385498e-08, 0.19541233777999878, 0.1254546195268631, 0.9726639986038208, 0.9448973536491394, -0.28969359397888184, -0.1524691879749298, 0.26264649629592896, 0.9488619565963745, -0.17515136301517487),
            ["RightLowerLeg"] = CFrame.new(7.078051567077637e-08, -0.0000036954879760742188, -0.000013334843970369548, 1, 2.2351730422087712e-07, 2.495946205272048e-07, -8.940698137394065e-08, -0.46101340651512146, 0.887393057346344, 2.2351744632942427e-07, -0.8873932361602783, -0.46101370453834534),
            ["RightFoot"] = CFrame.new(-2.2351741790771484e-08, 4.172325134277344e-07, -4.813045961782336e-08, 0.9279748797416687, -0.3682708740234375, -0.05691535770893097, 0.22089846432209015, 0.6666440367698669, -0.711891233921051, 0.3001108169555664, 0.6480449438095093, 0.6999797821044922),
            ["LeftLowerLeg"] = CFrame.new(3.725290298461914e-09, 0.000003814697265625, 0.000013197772204875946, 1, 5.885957534701447e-07, 4.991888999938965e-07, -5.494803190231323e-07, 0.25552451610565186, 0.9668025970458984, 4.76837158203125e-07, -0.9668026566505432, 0.2555246353149414),
        }},
        {Time = 0.133, Data = {
            ["LeftFoot"] = CFrame.new(-2.086162567138672e-07, 0, -6.705522537231445e-08, 0.9576889276504517, -0.012388032861053944, 0.2875385284423828, -0.23751366138458252, 0.5302150845527649, 0.8139158487319946, -0.162540003657341, -0.8477727770805359, 0.5048392415046692),
            ["LeftLowerArm"] = CFrame.new(-1.1920928955078125e-07, 5.960464477539063e-08, 7.301568984985352e-07, 1, -8.940694584680386e-08, 7.450579886381092e-08, 1.1175870895385742e-07, 0.38385167717933655, -0.9233947992324829, 5.960464477539063e-08, 0.9233947396278381, 0.38385164737701416),
            ["LowerTorso"] = CFrame.new(-0.04733167588710785, -0.9005321264266968, 0.8820008039474487, 0.9993692636489868, 0.02106488309800625, -0.028590930625796318, -0.020454686135053635, 0.9995602369308472, 0.021469660103321075, 0.029030613601207733, -0.020871298387646675, 0.9993606209754944),
            ["Head"] = CFrame.new(6.05359673500061e-09, -1.1920928955078125e-07, 2.2379390429705381e-07, 0.9940482974052429, -0.10647756606340408, 0.02303585782647133, 0.10880234837532043, 0.9596737623214722, -0.25920727849006653, 0.005492844618856907, 0.2601708471775055, 0.9655470252037048),
            ["RightUpperArm"] = CFrame.new(-5.960464477539063e-08, 1.1920928955078125e-07, 4.330649971961975e-08, 0.34453412890434265, -0.08387631177902222, 0.9350192546844482, 0.7647565007209778, 0.6027334332466125, -0.22772765159606934, -0.5444663763046265, 0.79352205991745, 0.2718071937561035),
            ["UpperTorso"] = CFrame.new(-3.725290298461914e-09, -8.940696716308594e-08, 1.614680513739586e-07, 0.9997264742851257, 0.01514405757188797, 0.0178225077688694, -0.019793756306171417, 0.9537774324417114, 0.29986149072647095, -0.012457584962248802, -0.30013227462768555, 0.953816294670105),
            ["HumanoidRootPart"] = CFrame.new(0, 0, 0, 1, 0, 0, 0, 1, 0, 0, 0, 1),
            ["RightHand"] = CFrame.new(1.7881393432617188e-07, -1.1920928955078125e-07, 1.7881393432617188e-07, 0.33777686953544617, -0.8118301033973694, 0.4762760102748871, 0.8167046308517456, 0.0012647248804569244, -0.5770546197891235, 0.4678678810596466, 0.5838924050331116, 0.6634525060653687),
            ["LeftUpperArm"] = CFrame.new(5.960464477539063e-08, 4.76837158203125e-07, 1.2479722499847412e-07, 0.34032756090164185, 0.1030438020825386, -0.9346438646316528, -0.7605112791061401, 0.6147189140319824, -0.20914916694164276, 0.5529917478561401, 0.7819864749908447, 0.28757166862487793),
            ["RightLowerArm"] = CFrame.new(6.556510925292969e-07, -3.5762786865234375e-07, 3.650784492492676e-07, 1, -9.685758328714655e-08, 4.4703494239684005e-08, 1.2107196312172164e-07, 0.4330764710903168, -0.9013572335243225, 7.4505820180093e-08, 0.9013572335243225, 0.433076411485672),
            ["LeftHand"] = CFrame.new(1.4901161193847656e-08, -1.7881393432617188e-07, -2.980232238769531e-07, 0.29632094502449036, 0.8116835951805115, -0.5033522844314575, -0.8613488078117371, -0.0005842819227837026, -0.5080137848854065, -0.41264060139656067, 0.5840970277786255, 0.6989696621894836),
            ["RightUpperLeg"] = CFrame.new(-8.940696716308594e-08, 2.421438694000244e-07, -2.717788447625935e-07, 0.9074870944023132, -0.15389753878116608, -0.39087387919425964, -0.3508093059062958, 0.2342132329940796, -0.906684935092926, 0.23108474910259247, 0.9599269032478333, 0.15855659544467926),
            ["LeftUpperLeg"] = CFrame.new(-2.980232238769531e-07, 1.341104507446289e-07, 1.2852251529693604e-07, 0.19481253623962402, 0.1258482187986374, 0.9727335572242737, 0.9451147317886353, -0.28930845856666565, -0.15185189247131348, 0.2623097002506256, 0.9489272832870483, -0.17530177533626556),
            ["RightLowerLeg"] = CFrame.new(-7.450580596923828e-09, -0.000003516674041748047, -0.000013353470421861857, 1, 2.3841852225814364e-07, 4.544857858945761e-07, -2.0861631355728605e-07, -0.4611356556415558, 0.8873296976089478, 3.8370498600670544e-07, -0.887329638004303, -0.4611356556415558),
            ["RightFoot"] = CFrame.new(1.4901161193847656e-08, 1.7881393432617188e-07, 8.272036211565137e-08, 0.9278913140296936, -0.3684456944465637, -0.05714508891105652, 0.22100909054279327, 0.666949450969696, -0.7115709185600281, 0.3002879023551941, 0.6476313471794128, 0.7002866864204407),
            ["LeftLowerLeg"] = CFrame.new(2.868473529815674e-07, 0.000003933906555175781, 0.000013360753655433655, 1, 5.960463340670685e-07, 3.2037510777627176e-07, -5.066394805908203e-07, 0.25576382875442505, 0.9667391777038574, 3.8370490074157715e-07, -0.966739296913147, 0.25576433539390564),
        }},
        {Time = 0.167, Data = {
            ["LeftFoot"] = CFrame.new(1.6763806343078613e-07, 0, 7.450580596923828e-08, 0.9577136039733887, -0.012325418181717396, 0.28745901584625244, -0.2374793291091919, 0.5302065014839172, 0.813931405544281, -0.16244454681873322, -0.8477790355682373, 0.504859447479248),
            ["LeftLowerArm"] = CFrame.new(1.1920928955078125e-07, 9.5367431640625e-07, 4.246830940246582e-07, 1, -8.94070240065048e-08, 2.980232949312267e-08, 1.1175872316471214e-07, 0.3842014670372009, -0.923249363899231, 9.313227167240257e-08, 0.923249363899231, 0.3842013478279114),
            ["LowerTorso"] = CFrame.new(-0.04744238406419754, -0.9009073972702026, 0.8824028968811035, 0.9993699193000793, 0.021030152216553688, -0.028591683134436607, -0.020419931039214134, 0.9995609521865845, 0.021469678729772568, 0.02903064154088497, -0.020872311666607857, 0.9993605613708496),
            ["Head"] = CFrame.new(-1.5832483768463135e-08, 0, -1.6990816220641136e-07, 0.9941371083259583, -0.10538174211978912, 0.024207714945077896, 0.10804914683103561, 0.9597463607788086, -0.2592536509037018, 0.004087336827069521, 0.260349303483963, 0.965505838394165),
            ["RightUpperArm"] = CFrame.new(0, -1.1920928955078125e-07, -1.0174699127674103e-07, 0.3444647789001465, -0.08403805643320084, 0.9350303411483765, 0.7645419239997864, 0.6031100153923035, -0.2274511158466339, -0.5448116660118103, 0.793218731880188, 0.2720007598400116),
            ["UpperTorso"] = CFrame.new(0, -2.9802322387695312e-08, -3.166496753692627e-08, 0.9997274875640869, 0.015167420729994774, 0.017748882994055748, -0.0197917353361845, 0.953831136226654, 0.29969072341918945, -0.0123838996514678, -0.29996031522750854, 0.9538713097572327),
            ["HumanoidRootPart"] = CFrame.new(0, 0, 0, 1, 0, 0, 0, 1, 0, 0, 0, 1),
            ["RightHand"] = CFrame.new(2.2351741790771484e-07, 0, 3.8743019104003906e-07, 0.3378177881240845, -0.8115777373313904, 0.47667694091796875, 0.8165480494499207, 0.0008254016865976155, -0.577276885509491, 0.4681115448474884, 0.5842440128326416, 0.662971019744873),
            ["LeftUpperArm"] = CFrame.new(1.1920928955078125e-07, 3.5762786865234375e-07, -7.334165275096893e-08, 0.340366393327713, 0.10299171507358551, -0.9346355199813843, -0.7601305246353149, 0.6152327656745911, -0.20902174711227417, 0.5534909963607788, 0.7815890908241272, 0.2876916229724884),
            ["RightLowerArm"] = CFrame.new(0, -1.7881393432617188e-07, 6.034970283508301e-07, 1, -1.1175875158642157e-07, 1.3411047916633834e-07, 1.527369164477932e-07, 0.43340572714805603, -0.9011990427970886, 8.195639367158947e-08, 0.9011989235877991, 0.43340563774108887),
            ["LeftHand"] = CFrame.new(1.1920928955078125e-07, -5.960464477539063e-08, -1.1920928955078125e-07, 0.2963050305843353, 0.8113390207290649, -0.5039169788360596, -0.8613346815109253, -0.0009745938004925847, -0.5080370903015137, -0.41268134117126465, 0.5845752358436584, 0.6985456943511963),
            ["RightUpperLeg"] = CFrame.new(-8.940696716308594e-08, -2.9802322387695312e-08, -2.373199095018208e-07, 0.9074962139129639, -0.15393461287021637, -0.3908381164073944, -0.35094550251960754, 0.23347310721874237, -0.9068230390548706, 0.23084184527397156, 0.9601013660430908, 0.15785318613052368),
            ["LeftUpperLeg"] = CFrame.new(5.960464477539063e-08, -9.685754776000977e-08, -1.6763806343078613e-07, 0.19407500326633453, 0.12604612112045288, 0.972855269908905, 0.9453399181365967, -0.2889396548271179, -0.15115027129650116, 0.26204442977905273, 0.9490132927894592, -0.17523238062858582),
            ["RightLowerLeg"] = CFrame.new(1.3597309589385986e-07, -0.0000035762786865234375, -0.000013454053259920329, 1, -2.3841840857130592e-07, -8.381908855881193e-08, 1.5646217832454568e-07, -0.46144092082977295, 0.8871709704399109, -2.2351738948600541e-07, -0.8871709704399109, -0.46144092082977295),
            ["RightFoot"] = CFrame.new(-7.450580596923828e-08, 4.76837158203125e-07, -3.9748556446284056e-08, 0.927808940410614, -0.36861684918403625, -0.0573793426156044, 0.2210933268070221, 0.667212188243866, -0.7112980484962463, 0.3004803955554962, 0.6472632884979248, 0.700544536113739),
            ["LeftLowerLeg"] = CFrame.new(6.705522537231445e-08, 0.000003993511199951172, 0.00001338217407464981, 1, 5.289911655381729e-07, 3.129246124444762e-07, -4.917383193969727e-07, 0.25619184970855713, 0.9666259288787842, 4.246830940246582e-07, -0.9666259288787842, 0.25619232654571533),
        }},
        {Time = 0.200, Data = {
            ["LeftFoot"] = CFrame.new(-1.7136335372924805e-07, 5.960464477539063e-08, 3.725290298461914e-08, 0.9576614499092102, -0.012249778024852276, 0.2876363694667816, -0.23765860497951508, 0.5302561521530151, 0.8138465285301208, -0.1624903380870819, -0.8477490544319153, 0.5048951506614685),
            ["LeftLowerArm"] = CFrame.new(-1.1920928955078125e-07, 2.384185791015625e-07, 1.2665987014770508e-07, 1, -7.450580596923828e-08, 7.4505820180093e-08, 1.0803343286625022e-07, 0.384463369846344, -0.923140287399292, 6.705523247774181e-08, 0.923140287399292, 0.3844633996486664),
            ["LowerTorso"] = CFrame.new(-0.04759015887975693, -0.901466965675354, 0.8827868700027466, 0.999371349811554, 0.020958496257662773, -0.02859322354197502, -0.020348213613033295, 0.9995623826980591, 0.021470189094543457, 0.029030691832304, -0.0208748709410429, 0.9993605017662048),
            ["Head"] = CFrame.new(-2.3283064365386963e-09, -1.1920928955078125e-07, 1.7294951248914003e-08, 0.9941970109939575, -0.10468418151140213, 0.024771301075816154, 0.10752218961715698, 0.9597862958908081, -0.2593247592449188, 0.003372042439877987, 0.26048335433006287, 0.9654724597930908),
            ["RightUpperArm"] = CFrame.new(-5.960464477539063e-08, -2.384185791015625e-07, -4.0279701352119446e-08, 0.3448534905910492, -0.08393127471208572, 0.9348966479301453, 0.7641407251358032, 0.6035299897193909, -0.22768481075763702, -0.545128345489502, 0.7929105758666992, 0.2722647190093994),
            ["UpperTorso"] = CFrame.new(0, -4.470348358154297e-07, 2.561137080192566e-08, 0.9997279047966003, 0.015168081037700176, 0.017725465819239616, -0.01978307031095028, 0.9538860321044922, 0.2995164096355438, -0.012364987283945084, -0.2997855842113495, 0.9539265036582947),
            ["HumanoidRootPart"] = CFrame.new(0, 0, 0, 1, 0, 0, 0, 1, 0, 0, 0, 1),
            ["RightHand"] = CFrame.new(2.682209014892578e-07, 0, 2.682209014892578e-07, 0.33814239501953125, -0.8113173246383667, 0.476889967918396, 0.8163512945175171, 0.0007552392780780792, -0.5775551199913025, 0.4682202935218811, 0.5846055746078491, 0.6625753045082092),
            ["LeftUpperArm"] = CFrame.new(-1.1920928955078125e-07, 3.5762786865234375e-07, -5.122274160385132e-08, 0.3406089246273041, 0.10269416868686676, -0.9345798492431641, -0.7596858739852905, 0.6157174706459045, -0.20921187102794647, 0.5539522767066956, 0.7812464833259583, 0.28773412108421326),
            ["RightLowerArm"] = CFrame.new(8.344650268554688e-07, 1.1920928955078125e-07, 6.109476089477539e-07, 1, -7.450581307466564e-08, 2.9802322387695312e-08, 1.0430814256778831e-07, 0.4334874153137207, -0.9011597037315369, 6.705523247774181e-08, 0.9011597037315369, 0.4334873855113983),
            ["LeftHand"] = CFrame.new(-1.7881393432617188e-07, 3.5762786865234375e-07, -3.2782554626464844e-07, 0.29665663838386536, 0.8109648823738098, -0.5043121576309204, -0.8613353371620178, -0.0008484086720272899, -0.5080363750457764, -0.4124273359775543, 0.585094153881073, 0.6982609033584595),
            ["RightUpperLeg"] = CFrame.new(-2.086162567138672e-07, -5.494803190231323e-08, -1.4325632946565747e-07, 0.9074869751930237, -0.15401248633861542, -0.3908291757106781, -0.3511365056037903, 0.23258700966835022, -0.9069766402244568, 0.2305876910686493, 0.9603039026260376, 0.15698999166488647),
            ["LeftUpperLeg"] = CFrame.new(-1.1920928955078125e-07, 1.2293457984924316e-07, 1.0058283805847168e-07, 0.1932401806116104, 0.12621024250984192, 0.973000168800354, 0.9455586671829224, -0.2886413633823395, -0.15035001933574677, 0.2618721127510071, 0.9490822553634644, -0.17511634528636932),
            ["RightLowerLeg"] = CFrame.new(1.0989606380462646e-07, -0.0000036954879760742188, -0.000013522971130441874, 1, 7.450576333667414e-08, 1.769514597071975e-07, -1.1920928955078125e-07, -0.461946040391922, 0.8869079947471619, 1.5273690223693848e-07, -0.8869080543518066, -0.4619462490081787),
            ["RightFoot"] = CFrame.new(-3.725290298461914e-08, 2.384185791015625e-07, -3.4160620998591185e-08, 0.9277294278144836, -0.3687795102596283, -0.05761950463056564, 0.22114679217338562, 0.6674339771270752, -0.7110732197761536, 0.300686240196228, 0.6469417810440063, 0.7007530927658081),
            ["LeftLowerLeg"] = CFrame.new(4.6566128730773926e-08, 0.000003874301910400391, 0.00001343991607427597, 1, 3.948805726849969e-07, 3.948810558540572e-07, -3.613532157942245e-07, 0.25666648149490356, 0.966499924659729, 3.5017731647712935e-07, -0.9665000438690186, 0.2566671669483185),
        }},
        {Time = 0.233, Data = {
            ["LeftFoot"] = CFrame.new(-1.6763806343078613e-07, 0, -5.960464477539063e-08, 0.9575169682502747, -0.012124480679631233, 0.28812187910079956, -0.23806855082511902, 0.5306001901626587, 0.8135030269622803, -0.16274091601371765, -0.8475356101989746, 0.5051718950271606),
            ["LeftLowerArm"] = CFrame.new(-5.960464477539063e-08, 5.960464477539062e-07, 1.7136335372924805e-07, 1, -1.4901164746561335e-08, 1.4901162970204496e-08, 7.450581307466564e-08, 0.3843764662742615, -0.9231765270233154, 7.450581307466564e-08, 0.9231764674186707, 0.3843764662742615),
            ["LowerTorso"] = CFrame.new(-0.04778378829360008, -0.9022077322006226, 0.8829315304756165, 0.9993741512298584, 0.020820625126361847, -0.02859617955982685, -0.020210251212120056, 0.9995651841163635, 0.021470241248607635, 0.02903076820075512, -0.0208788700401783, 0.9993604421615601),
            ["Head"] = CFrame.new(1.257285475730896e-08, -1.1920928955078125e-07, -9.18371370062232e-08, 0.9942541122436523, -0.10408686846494675, 0.02499501034617424, 0.10700302571058273, 0.9597734808921814, -0.2595866918563843, 0.003030012594535947, 0.26076963543891907, 0.9653963446617126),
            ["RightUpperArm"] = CFrame.new(0, -5.960464477539062e-07, -4.1443854570388794e-08, 0.34555381536483765, -0.0839885026216507, 0.9346328377723694, 0.763683021068573, 0.6039614081382751, -0.2280764877796173, -0.5453263521194458, 0.7925758957862854, 0.27284175157546997),
            ["UpperTorso"] = CFrame.new(0, 1.1920928955078125e-07, -1.257285475730896e-08, 0.9997274279594421, 0.01515957061201334, 0.017759723588824272, -0.019782938063144684, 0.9539411067962646, 0.29934102296829224, -0.012403850443661213, -0.2996107339859009, 0.9539809226989746),
            ["HumanoidRootPart"] = CFrame.new(0, 0, 0, 1, 0, 0, 0, 1, 0, 0, 0, 1),
            ["RightHand"] = CFrame.new(1.1920928955078125e-07, -5.960464477539063e-08, 2.086162567138672e-07, 0.3386591672897339, -0.8110361695289612, 0.47700151801109314, 0.8163248300552368, 0.0011636016424745321, -0.5775918960571289, 0.4678928852081299, 0.5849948525428772, 0.6624630093574524),
            ["LeftUpperArm"] = CFrame.new(-1.1920928955078125e-07, 2.384185791015625e-07, -1.6298145055770874e-09, 0.34108948707580566, 0.10221872478723526, -0.9344567060470581, -0.7590385675430298, 0.6163709759712219, -0.20963571965694427, 0.5545434951782227, 0.7807933688163757, 0.28782549500465393),
            ["RightLowerArm"] = CFrame.new(3.5762786865234375e-07, -1.1920928955078125e-07, 5.587935447692871e-07, 1, -7.450580596923828e-08, 7.450581307466564e-08, 1.359731243155693e-07, 0.4329942464828491, -0.9013967514038086, 8.940698847936801e-08, 0.9013966917991638, 0.4329942464828491),
            ["LeftHand"] = CFrame.new(2.9802322387695312e-08, 5.960464477539063e-08, -2.086162567138672e-07, 0.29717400670051575, 0.8105185031890869, -0.5047249794006348, -0.8615413904190063, -0.0002650525129865855, -0.5076874494552612, -0.4116238057613373, 0.5857129693031311, 0.6982163786888123),
            ["RightUpperLeg"] = CFrame.new(-2.9802322387695312e-08, 3.166496753692627e-07, -3.894820110872388e-08, 0.9074454307556152, -0.1541491150856018, -0.39087164402008057, -0.3513529598712921, 0.2317693531513214, -0.9071021676063538, 0.2304213047027588, 0.9604796171188354, 0.1561570167541504),
            ["LeftUpperLeg"] = CFrame.new(-5.960464477539063e-08, -5.774199962615967e-08, -1.4528632164001465e-07, 0.192288339138031, 0.1264236867427826, 0.9731610417366028, 0.9457672238349915, -0.2884494662284851, -0.14940281212329865, 0.2618199288845062, 0.9491122364997864, -0.17503248155117035),
            ["RightLowerLeg"] = CFrame.new(5.587935447692871e-09, -0.0000034570693969726562, -0.000013278964615892619, 1, -7.450574912581942e-08, -1.5273704434548563e-07, 5.2154071283894154e-08, -0.462704062461853, 0.8865126967430115, -1.7508865823856468e-07, -0.886512815952301, -0.4627043306827545),
            ["RightFoot"] = CFrame.new(-1.4901161193847656e-08, 2.980232238769531e-07, 8.970528142526746e-08, 0.927670419216156, -0.368903785943985, -0.057773977518081665, 0.22113533318042755, 0.6674419641494751, -0.7110691666603088, 0.3008766770362854, 0.6468625664710999, 0.7007445693016052),
            ["LeftLowerLeg"] = CFrame.new(9.499490261077881e-08, 0.000003874301910400391, 0.000013418495655059814, 1, 3.2782565995148616e-07, 2.0861619987044833e-07, -2.4028122425079346e-07, 0.25686872005462646, 0.9664463996887207, 2.123415470123291e-07, -0.9664463996887207, 0.2568683624267578),
        }},
        {Time = 0.267, Data = {
            ["LeftFoot"] = CFrame.new(1.1548399925231934e-07, 0, 5.960464477539063e-08, 0.9573235511779785, -0.012022169306874275, 0.28876829147338867, -0.23862513899803162, 0.5308305621147156, 0.8131894469261169, -0.1630636304616928, -0.847392737865448, 0.5053076148033142),
            ["LeftLowerArm"] = CFrame.new(-1.4901161193847656e-07, 5.960464477539062e-07, 5.140900611877441e-07, 1, -1.3411047916633834e-07, 8.940696716308594e-08, 6.705523247774181e-08, 0.38429009914398193, -0.923212468624115, 7.823110337312755e-08, 0.9232125282287598, 0.38429003953933716),
            ["LowerTorso"] = CFrame.new(-0.04803613945841789, -0.9031000137329102, 0.8830997347831726, 0.9993776082992554, 0.020650122314691544, -0.028599847108125687, -0.020039638504385948, 0.9995686411857605, 0.021470317617058754, 0.029030874371528625, -0.020883822813630104, 0.9993603229522705),
            ["Head"] = CFrame.new(1.4435499906539917e-08, -2.384185791015625e-07, -6.845948519185185e-08, 0.9942982196807861, -0.10362385958433151, 0.025164078921079636, 0.10659924894571304, 0.9597314596176147, -0.2599080502986908, 0.002781905932351947, 0.2611085772514343, 0.9653054475784302),
            ["RightUpperArm"] = CFrame.new(1.1920928955078125e-07, -4.76837158203125e-07, -4.7730281949043274e-08, 0.34661737084388733, -0.08401864022016525, 0.9342362880706787, 0.7630956768989563, 0.6044442653656006, -0.22876204550266266, -0.545473575592041, 0.7922045588493347, 0.27362513542175293),
            ["UpperTorso"] = CFrame.new(-1.862645149230957e-09, 2.9802322387695312e-08, -6.542541086673737e-08, 0.999729573726654, 0.01519516110420227, 0.017609037458896637, -0.01976960524916649, 0.9539937376976013, 0.2991742193698883, -0.012252910062670708, -0.2994414269924164, 0.9540359973907471),
            ["HumanoidRootPart"] = CFrame.new(0, 0, 0, 1, 0, 0, 0, 1, 0, 0, 0, 1),
            ["RightHand"] = CFrame.new(1.043081283569336e-07, 0, 2.086162567138672e-07, 0.33939433097839355, -0.810731053352356, 0.4769977629184723, 0.8162345290184021, 0.0017948667518794537, -0.5777180194854736, 0.46751779317855835, 0.5854161977767944, 0.6623557209968567),
            ["LeftUpperArm"] = CFrame.new(0, -2.384185791015625e-07, -5.704350769519806e-08, 0.34169551730155945, 0.1014217883348465, -0.9343220591545105, -0.7583472728729248, 0.6169730424880981, -0.21036571264266968, 0.5551159381866455, 0.7804216146469116, 0.2877298891544342),
            ["RightLowerArm"] = CFrame.new(4.76837158203125e-07, -7.152557373046875e-07, 1.9371509552001953e-07, 1, -9.685754776000977e-08, 4.470348358154297e-08, 1.8626454334480513e-07, 0.4324192404747009, -0.9016727209091187, 7.450581307466564e-08, 0.9016726613044739, 0.4324192702770233),
            ["LeftHand"] = CFrame.new(1.1920928955078125e-07, 1.1920928955078125e-07, 2.980232238769531e-07, 0.2979123890399933, 0.8100414872169495, -0.5050554275512695, -0.8617768287658691, 0.0006491019739769399, -0.5072873830795288, -0.4105958938598633, 0.5863721966743469, 0.6982683539390564),
            ["RightUpperLeg"] = CFrame.new(0, 2.5425106287002563e-07, -2.0938023226335645e-07, 0.9074002504348755, -0.15432530641555786, -0.3909071981906891, -0.35159602761268616, 0.2307840883731842, -0.9072591066360474, 0.23022833466529846, 0.960688591003418, 0.1551533043384552),
            ["LeftUpperLeg"] = CFrame.new(-2.384185791015625e-07, 2.2724270820617676e-07, -2.60770320892334e-08, 0.19127583503723145, 0.126486673951149, 0.9733523726463318, 0.9459612965583801, -0.2883168160915375, -0.14842639863491058, 0.26186031103134155, 0.949144184589386, -0.17479901015758514),
