return {
    ["Shape Of You"] = {
        {Time = 0.000, Data = {
            ["RightFoot"] = CFrame.new(3.6903657019138336e-08, 2.980232238769531e-07, -1.3205863069742918e-08, 0.9139990210533142, -0.08599278330802917, 0.396497905254364, -0.26378318667411804, 0.6165757775306702, 0.7417907118797302, -0.30825984477996826, -0.7825853228569031, 0.5408658981323242),
            ["LeftLowerArm"] = CFrame.new(3.5762786865234375e-07, -2.384185791015625e-07, -5.960464477539063e-08, 1, 8.940692453052179e-08, -1.043080928297968e-07, 2.831220058396866e-07, -0.01856396161019802, -0.9998277425765991, 1.713633110966839e-07, 0.9998276829719543, -0.018563926219940186),
            ["RightUpperArm"] = CFrame.new(0, -0.06523787975311279, 8.940696716308594e-08, 0.9111176133155823, -0.3842448592185974, -0.1490647941827774, 0.3967714309692383, 0.9156153798103333, 0.06497008353471756, 0.1115216612815857, -0.11834032088518143, 0.9866907000541687),
            ["Head"] = CFrame.new(4.0978193283081055e-08, 0, 7.450580596923828e-09, 0.811306357383728, -0.04445280134677887, 0.5829285383224487, 0.2878607213497162, 0.8982309103012085, -0.3321406841278076, -0.5088399648666382, 0.4372701346874237, 0.7415367960929871),
            ["LowerTorso"] = CFrame.new(-0.19532358646392822, -0.17638421058654785, 0.22360120713710785, 0.596592128276825, -0.37285178899765015, -0.7106752395629883, 0.1571425348520279, 0.9226573705673218, -0.3521503508090973, 0.7870095372200012, 0.0984128788113594, 0.6090409159660339),
            ["UpperTorso"] = CFrame.new(1.1920928955078125e-07, -1.4901161193847656e-07, 8.940696716308594e-08, 0.9933657646179199, 0.11419636011123657, 0.013556128367781639, -0.09282922744750977, 0.7266973853111267, 0.6806569695472717, 0.06787748634815216, -0.6773995161056519, 0.7324768900871277),
            ["HumanoidRootPart"] = CFrame.new(0, 0, 0, 1, 0, 0, 0, 1, 0, 0, 0, 1),
            ["RightUpperLeg"] = CFrame.new(-0.0000254213809967041, -0.0001254752278327942, -0.0049974191933870316, 0.9346811771392822, -0.02949441224336624, -0.354261189699173, -0.023014161735773087, 0.9894411563873291, -0.14309607446193695, 0.3547416031360626, 0.14190272986888885, 0.9241334199905396),
            ["LeftUpperArm"] = CFrame.new(0, -0.06523799896240234, -8.940696716308594e-08, 0.9358914494514465, 0.2498513162136078, 0.2483571469783783, -0.2598823010921478, 0.9656080007553101, 0.007903513498604298, -0.23784109950065613, -0.0719403550028801, 0.9686363339424133),
            ["RightLowerArm"] = CFrame.new(5.960464477539063e-08, 3.5762786865234375e-07, 0, 1, -4.470347292340193e-08, 4.0978184756568226e-07, -2.7567148208618164e-07, -0.0058461339212954044, -0.9999828934669495, 1.1920928955078125e-07, 0.9999828934669495, -0.005845925305038691),
            ["LeftHand"] = CFrame.new(1.7881393432617188e-07, -1.1920928955078125e-07, 1.1920928955078125e-07, 0.6583418250083923, -0.038164861500263214, -0.7517511248588562, -0.4217955768108368, 0.8084776401519775, -0.4104295074939728, 0.6234377026557922, 0.5872881412506104, 0.5161568522453308),
            ["LeftFoot"] = CFrame.new(1.7881393432617188e-07, -5.960464477539063e-08, 0, 0.9480388164520264, -0.2997191250324249, -0.10672765225172043, 0.31803423166275024, 0.8835314512252808, 0.34384095668792725, -0.00875798612833023, -0.35991743206977844, 0.9329429268836975),
            ["RightHand"] = CFrame.new(5.960464477539063e-08, -2.980232238769531e-07, -1.7881393432617188e-07, 0.49346035718917847, -0.21266888082027435, 0.8433676958084106, 0.5502970218658447, 0.8272347450256348, -0.11338270455598831, -0.6735502481460571, 0.5200526118278503, 0.5252383947372437),
            ["RightLowerLeg"] = CFrame.new(5.5762939155101776e-08, 1.7881393432617188e-07, -8.77116690389812e-08, 1, 2.5070033871088526e-07, 2.756132033709946e-08, 3.0826754482404795e-07, 0.9912285208702087, 0.1321587860584259, -1.827719309233089e-08, -0.1321595013141632, 0.9912285804748535),
            ["LeftUpperLeg"] = CFrame.new(0.00002562999725341797, 0.00012564286589622498, 0.004997633397579193, 0.8619863986968994, 0.4297161400318146, -0.2689290940761566, -0.49960869550704956, 0.8099802732467651, -0.30712106823921204, 0.0858522281050682, 0.39909395575523376, 0.9128821492195129),
            ["LeftLowerLeg"] = CFrame.new(1.1920928955078125e-07, 5.960464477539063e-08, 2.9802322387695312e-08, 1, 1.9371509552001953e-07, 1.0430815677864302e-07, -1.1920928955078125e-07, 0.11616311967372894, 0.9932302236557007, 1.043081283569336e-07, -0.9932301640510559, 0.11616311967372894),
        }},
        {Time = 0.033, Data = {
            ["RightFoot"] = CFrame.new(7.171183824539185e-08, 2.980232238769531e-07, -5.045876605436206e-08, 0.9193230271339417, -0.07989569753408432, 0.385307252407074, -0.22452330589294434, 0.6976382732391357, 0.6803604364395142, -0.32316306233406067, -0.7119813561439514, 0.623416543006897),
            ["LeftLowerArm"] = CFrame.new(1.1920928955078125e-07, -2.980232238769531e-07, -5.960464477539063e-08, 1, -1.788139627478813e-07, -1.0430811414607888e-07, 3.2037482355917746e-07, -0.06103666126728058, -0.9981355667114258, 3.352759563313157e-07, 0.9981355667114258, -0.06103670597076416),
            ["RightUpperArm"] = CFrame.new(-1.1920928955078125e-07, -0.06523776054382324, -2.9802322387695312e-08, 0.9069950580596924, -0.39995139837265015, -0.1319059580564499, 0.4113622009754181, 0.9084618091583252, 0.0740153044462204, 0.09022913873195648, -0.12139272689819336, 0.9884951710700989),
            ["Head"] = CFrame.new(-2.9802322387695312e-08, 3.5762786865234375e-07, -6.705522537231445e-08, 0.8076536059379578, -0.03701229766011238, 0.5884943604469299, 0.2863418459892273, 0.8970716595649719, -0.3365575671195984, -0.5154648423194885, 0.4403325021266937, 0.7351213693618774),
            ["LowerTorso"] = CFrame.new(-0.19637876749038696, -0.1909012794494629, 0.22862176597118378, 0.6009218096733093, -0.3643789291381836, -0.7114216685295105, 0.15191374719142914, 0.9258888959884644, -0.34590771794319153, 0.7847389578819275, 0.09978875517845154, 0.6117410063743591),
            ["UpperTorso"] = CFrame.new(4.470348358154297e-08, 3.2782554626464844e-07, 2.9802322387695312e-08, 0.994587779045105, 0.10383161902427673, 0.0037825447507202625, -0.0787334218621254, 0.7294191122055054, 0.6795212030410767, 0.06779655814170837, -0.6761411428451538, 0.7336461544036865),
            ["HumanoidRootPart"] = CFrame.new(0, 0, 0, 1, 0, 0, 0, 1, 0, 0, 0, 1),
            ["RightUpperLeg"] = CFrame.new(-0.00002562999725341797, -0.00012535229325294495, -0.004997441545128822, 0.9388574957847595, -0.06155417859554291, -0.33875909447669983, -0.02055954374372959, 0.9721114635467529, -0.23361608386039734, 0.3436915874481201, 0.22629746794700623, 0.9114086627960205),
            ["LeftUpperArm"] = CFrame.new(2.384185791015625e-07, -0.06523787975311279, -2.9802322387695312e-08, 0.939149022102356, 0.2542148232460022, 0.23102805018424988, -0.2650389075279236, 0.9640958309173584, 0.016548793762922287, -0.2185259461402893, -0.07677343487739563, 0.9728063941001892),
            ["RightLowerArm"] = CFrame.new(-2.086162567138672e-07, 1.7881393432617188e-07, -2.980232238769531e-07, 1, -3.4272659377165837e-07, 2.6822092991096724e-07, -1.043081780949251e-07, -0.020476408302783966, -0.999790370464325, -4.470350489782504e-08, 0.999790370464325, -0.02047649957239628),
            ["LeftHand"] = CFrame.new(-1.1920928955078125e-07, 1.1920928955078125e-07, 1.4901161193847656e-08, 0.6371260285377502, -0.019841667264699936, -0.7705041766166687, -0.41668441891670227, 0.8321242332458496, -0.3659830093383789, 0.6484169363975525, 0.5542343258857727, 0.5219002366065979),
            ["LeftFoot"] = CFrame.new(1.4901161193847656e-07, 5.960464477539063e-08, -2.9802322387695312e-08, 0.9551112651824951, -0.288207471370697, -0.06855026632547379, 0.2959018647670746, 0.9169331192970276, 0.26772311329841614, -0.014303596690297127, -0.2759895324707031, 0.9610542058944702),
            ["RightHand"] = CFrame.new(-2.980232238769531e-07, 2.384185791015625e-07, 2.5331974029541016e-07, 0.5110527276992798, -0.23588934540748596, 0.8265479207038879, 0.5480322241783142, 0.8302260637283325, -0.10190778225660324, -0.6621826887130737, 0.5050553679466248, 0.5535641312599182),
            ["RightLowerLeg"] = CFrame.new(-2.3748725652694702e-08, 5.960464477539063e-08, -5.045876605436206e-08, 1, 1.1082735795753251e-07, 2.4354079641852877e-07, 2.1420419216156006e-07, 0.9573151469230652, 0.28904592990875244, 1.3201497495174408e-07, -0.28904643654823303, 0.9573152661323547),
            ["LeftUpperLeg"] = CFrame.new(0.000025570392608642578, 0.00012588687241077423, 0.004997439682483673, 0.8677219152450562, 0.42575180530548096, -0.2565031945705414, -0.49144572019577026, 0.8121489882469177, -0.3144758939743042, 0.07442951947450638, 0.3989355266094208, 0.9139535427093506),
            ["LeftLowerLeg"] = CFrame.new(-1.7881393432617188e-07, 0, -2.9802322387695312e-08, 1, 0, 1.7881399116959074e-07, -1.1920930376163597e-07, 0.09987049549818039, 0.9950005412101746, 1.3411046495548362e-07, -0.9950005412101746, 0.09987051039934158),
        }},
        {Time = 0.067, Data = {
            ["RightFoot"] = CFrame.new(-1.7695128917694092e-08, 5.960464477539062e-07, -2.0656443666666746e-08, 0.9271984696388245, -0.04415418952703476, 0.3719586431980133, -0.18072742223739624, 0.8170580267906189, 0.5474978685379028, -0.3280862867832184, -0.5748621821403503, 0.7495951652526855),
            ["LeftLowerArm"] = CFrame.new(3.5762786865234375e-07, 2.980232238769531e-07, -2.980232238769531e-07, 1, 2.1606686573250045e-07, -1.4342370491249312e-07, 2.2351730422087712e-07, -0.194341242313385, -0.9809340238571167, 3.5762769812208717e-07, 0.9809340834617615, -0.19434133172035217),
            ["RightUpperArm"] = CFrame.new(-1.7881393432617188e-07, -0.06523787975311279, 1.1920928955078125e-07, 0.8946247696876526, -0.43268251419067383, -0.11150325834751129, 0.44133490324020386, 0.8946648240089417, 0.0692678838968277, 0.06978686898946762, -0.11117932945489883, 0.991347074508667),
            ["Head"] = CFrame.new(-7.450580596923828e-09, -5.960464477539062e-07, -5.21540641784668e-08, 0.8036096096038818, -0.02481543831527233, 0.5946393013000488, 0.28560906648635864, 0.892646074295044, -0.3487270772457123, -0.5221486687660217, 0.45007485151290894, 0.7244264483451843),
            ["LowerTorso"] = CFrame.new(-0.20197881758213043, -0.2423076629638672, 0.23642683029174805, 0.6108882427215576, -0.34021124243736267, -0.7148927450180054, 0.1419375240802765, 0.9353976845741272, -0.32385972142219543, 0.7788898944854736, 0.09637198597192764, 0.6197123527526855),
            ["UpperTorso"] = CFrame.new(0, -2.9802322387695312e-08, 1.043081283569336e-07, 0.996009111404419, 0.08768326789140701, -0.016662489622831345, -0.05374719202518463, 0.7382879257202148, 0.6723409295082092, 0.07125448435544968, -0.6687621474266052, 0.740054190158844),
            ["HumanoidRootPart"] = CFrame.new(0, 0, 0, 1, 0, 0, 0, 1, 0, 0, 0, 1),
            ["RightUpperLeg"] = CFrame.new(-0.000025540590286254883, -0.00012520328164100647, -0.004997545853257179, 0.947063148021698, -0.1075136661529541, -0.3025103211402893, -0.01226791087538004, 0.9294525384902954, -0.3687371611595154, 0.32081297039985657, 0.35292893648147583, 0.8789315223693848),
            ["LeftUpperArm"] = CFrame.new(5.960464477539063e-08, -0.06523799896240234, 2.384185791015625e-07, 0.9401387572288513, 0.2546822428703308, 0.22644227743148804, -0.2753865122795105, 0.9591630101203918, 0.06456350535154343, -0.20075199007987976, -0.12305808067321777, 0.9718825221061707),
            ["RightLowerArm"] = CFrame.new(-5.960464477539063e-08, -2.384185791015625e-07, -2.384185791015625e-07, 1, 1.4901164746561335e-08, 1.098960922263359e-07, 1.862645149230957e-08, -0.04273698851466179, -0.9990864396095276, -1.1920928955078125e-07, 0.9990863800048828, -0.042737171053886414),
            ["LeftHand"] = CFrame.new(-1.4901161193847656e-07, 1.1920928955078125e-07, 2.7939677238464355e-08, 0.6034032702445984, -0.07398804277181625, -0.7939963936805725, -0.29749876260757446, 0.9029150009155273, -0.3102242350578308, 0.7398641109466553, 0.42340338230133057, 0.5228105187416077),
            ["LeftFoot"] = CFrame.new(-5.960464477539063e-08, 0, 2.9802322387695312e-08, 0.9654235243797302, -0.26066580414772034, -0.0033225268125534058, 0.2601938545703888, 0.9627373814582825, 0.07372777163982391, -0.01601874642074108, -0.07204287499189377, 0.9972728490829468),
            ["RightHand"] = CFrame.new(0, 1.7881393432617188e-07, -4.470348358154297e-08, 0.5090207457542419, -0.2436801642179489, 0.825541079044342, 0.528204619884491, 0.8457041382789612, -0.0760544016957283, -0.6796305775642395, 0.4747680723667145, 0.5591938495635986),
            ["RightLowerLeg"] = CFrame.new(-2.0489096641540527e-08, 1.1920928955078125e-07, -1.6221747500821948e-07, 1, 2.421437841348961e-07, 2.2631135720985185e-07, 3.278254325778107e-07, 0.8690380454063416, 0.49474436044692993, -2.700834578206468e-08, -0.4947453439235687, 0.8690385222434998),
            ["LeftUpperLeg"] = CFrame.new(0.000025570392608642578, 0.00012597627937793732, 0.004997551441192627, 0.8784546256065369, 0.4198596477508545, -0.22811231017112732, -0.4755564332008362, 0.8146958351135254, -0.3318389654159546, 0.04651515185832977, 0.39998602867126465, 0.91534024477005),
            ["LeftLowerLeg"] = CFrame.new(5.960464477539063e-08, 1.1920928955078125e-07, 0, 1, 1.7881401959130017e-07, 8.940694584680386e-08, -2.980232594040899e-08, 0.06977474689483643, 0.9975627660751343, 5.960465188081798e-08, -0.9975627660751343, 0.06977474689483643),
        }},
        {Time = 0.100, Data = {
            ["RightFoot"] = CFrame.new(-2.8405338525772095e-08, 4.76837158203125e-07, 1.0600342648103833e-07, 0.9307622909545898, -0.03300103545188904, 0.3641325533390045, -0.13822026550769806, 0.8902523517608643, 0.4339886009693146, -0.33849194645881653, -0.4542706608772278, 0.8240519165992737),
            ["LeftLowerArm"] = CFrame.new(2.086162567138672e-07, 5.960464477539063e-08, 1.7881393432617188e-07, 1, -2.2351733264258655e-07, 1.4901159417490817e-08, 2.542509207614785e-07, -0.40225571393966675, -0.9155274033546448, -5.960460924825384e-08, 0.9155274629592896, -0.4022555351257324),
            ["RightUpperArm"] = CFrame.new(0, -0.06523728370666504, 5.960464477539063e-08, 0.8969558477401733, -0.42657470703125, -0.11620792001485825, 0.41869163513183594, 0.9039852619171143, -0.08664876222610474, 0.14201271533966064, 0.029064849019050598, 0.9894381165504456),
            ["Head"] = CFrame.new(-2.2351741790771484e-08, 3.5762786865234375e-07, 2.9802322387695312e-08, 0.8000212907791138, -0.0061089275404810905, 0.5999407768249512, 0.2908233106136322, 0.8785679936408997, -0.37886667251586914, -0.5247741341590881, 0.47757816314697266, 0.7046496868133545),
            ["LowerTorso"] = CFrame.new(-0.2211330384016037, -0.2979252338409424, 0.2503071427345276, 0.6248189210891724, -0.28759264945983887, -0.7258731126785278, 0.12620359659194946, 0.9546648263931274, -0.2696067690849304, 0.7705024480819702, 0.07684768736362457, 0.632787823677063),
            ["UpperTorso"] = CFrame.new(-4.470348358154297e-08, 2.9802322387695312e-08, -1.4901161193847656e-08, 0.9968282580375671, 0.0638112872838974, -0.04755701497197151, -0.017053015530109406, 0.7549567818641663, 0.6555528044700623, 0.0777353048324585, -0.6526625156402588, 0.7536503076553345),
            ["HumanoidRootPart"] = CFrame.new(0, 0, 0, 1, 0, 0, 0, 1, 0, 0, 0, 1),
            ["RightUpperLeg"] = CFrame.new(-0.000025570392608642578, -0.00012583844363689423, -0.004997463896870613, 0.9464467763900757, -0.15485632419586182, -0.28329795598983765, -0.011930324137210846, 0.860092282295227, -0.5099992752075195, 0.3226393461227417, 0.48606669902801514, 0.81218421459198),
            ["LeftUpperArm"] = CFrame.new(1.7881393432617188e-07, -0.06523764133453369, -2.9802322387695312e-08, 0.9116612672805786, 0.4052777886390686, 0.06800010800361633, -0.41069507598876953, 0.9042956829071045, 0.11652906239032745, -0.014265375211834908, -0.13416187465190887, 0.9908567667007446),
            ["RightLowerArm"] = CFrame.new(-2.9802322387695312e-08, 4.76837158203125e-07, 5.960464477539063e-08, 1, -1.9371501025489124e-07, 2.1606683731079102e-07, -4.49363035670558e-08, -0.034414686262607574, -0.9994076490402222, -8.940694584680386e-08, 0.9994076490402222, -0.03441445529460907),
            ["LeftHand"] = CFrame.new(1.9371509552001953e-07, 0, -5.960464477539063e-08, 0.6908974051475525, -0.0008275136351585388, -0.7229521870613098, -0.1638588011264801, 0.9737957715988159, -0.1577087789773941, 0.7041385769844055, 0.2274228036403656, 0.6726574301719666),
            ["LeftFoot"] = CFrame.new(-4.470348358154297e-08, -5.960464477539063e-08, -1.4901161193847656e-08, 0.9641430974006653, -0.2636757791042328, 0.030049115419387817, 0.26535817980766296, 0.9563075304031372, -0.1227245181798935, 0.003623283002525568, 0.1262979507446289, 0.9919857978820801),
            ["RightHand"] = CFrame.new(3.5762786865234375e-07, -5.960464477539063e-08, 8.940696716308594e-08, 0.5462828278541565, -0.2437637746334076, 0.8013453483581543, 0.5171390771865845, 0.850752055644989, -0.09374474734067917, -0.6588948369026184, 0.46561792492866516, 0.5908108949661255),
            ["RightLowerLeg"] = CFrame.new(-5.587935447692871e-08, 1.7881393432617188e-07, 9.110226528719068e-08, 1, 2.7194602125746314e-07, 5.494799992789012e-08, 4.945321165905625e-07, 0.7744851112365723, 0.6325917840003967, -1.322477629628338e-07, -0.6325920820236206, 0.7744853496551514),
            ["LeftUpperLeg"] = CFrame.new(0.0000254213809967041, 0.00012574810534715652, 0.004997409880161285, 0.888666033744812, 0.403013676404953, -0.2187519073486328, -0.45792368054389954, 0.8049790859222412, -0.377246618270874, 0.024055656045675278, 0.43541792035102844, 0.899907112121582),
            ["LeftLowerLeg"] = CFrame.new(4.470348358154297e-08, 1.7881393432617188e-07, -1.1920928955078125e-07, 1, 4.470347292340193e-08, 1.3411049337719305e-07, -7.450579886381092e-08, 0.05471599102020264, 0.9985020160675049, 1.1920927533992653e-07, -0.9985020160675049, 0.0547160841524601),
        }},
        {Time = 0.133, Data = {
            ["RightFoot"] = CFrame.new(-1.6763806343078613e-08, 2.384185791015625e-07, -4.300818545743823e-08, 0.9401136040687561, -0.0022336964029818773, 0.34085336327552795, -0.12170498818159103, 0.931864857673645, 0.3417830169200897, -0.3183932602405548, -0.36279889941215515, 0.8757873773574829),
            ["LeftLowerArm"] = CFrame.new(0, 5.960464477539063e-08, 1.4901161193847656e-07, 1, 4.470345515983354e-08, -2.9802315282267955e-08, 1.8998966311301047e-07, -0.31789132952690125, -0.948127269744873, 2.011655340083962e-07, 0.9481272101402283, -0.31789106130599976),
            ["RightUpperArm"] = CFrame.new(-1.1920928955078125e-07, -0.065238356590271, -2.682209014892578e-07, 0.9053250551223755, -0.4119510352611542, -0.1033591479063034, 0.3352077007293701, 0.8424834609031677, -0.42173120379447937, 0.2608109414577484, 0.3471568822860718, 0.9008105993270874),
            ["Head"] = CFrame.new(-5.21540641784668e-08, -2.384185791015625e-07, -2.682209014892578e-07, 0.8030362129211426, -0.005993788596242666, 0.5959001183509827, 0.31914639472961426, 0.84879070520401, -0.4215447008609772, -0.5032678246498108, 0.5286950469017029, 0.6835225820541382),
            ["LowerTorso"] = CFrame.new(-0.2722650468349457, -0.3398423194885254, 0.27165499329566956, 0.6421729922294617, -0.19489018619060516, -0.7413714528083801, 0.10546042770147324, 0.9804063439369202, -0.1663779318332672, 0.7592707276344299, 0.02865808829665184, 0.6501436233520508),
            ["UpperTorso"] = CFrame.new(-1.4901161193847656e-08, -2.384185791015625e-07, 5.21540641784668e-08, 0.9960229992866516, 0.05136176571249962, -0.07280243188142776, 0.00501851923763752, 0.7834768295288086, 0.621400773525238, 0.08895523101091385, -0.6192947626113892, 0.7801031470298767),
            ["HumanoidRootPart"] = CFrame.new(0, 0, 0, 1, 0, 0, 0, 1, 0, 0, 0, 1),
            ["RightUpperLeg"] = CFrame.new(-0.000025540590286254883, -0.00012556742876768112, -0.0049974676221609116, 0.951644241809845, -0.1917402297258377, -0.24001851677894592, -0.012969767674803734, 0.7555314302444458, -0.6549839377403259, 0.3069286644458771, 0.6264247298240662, 0.7165104746818542),
            ["LeftUpperArm"] = CFrame.new(5.960464477539063e-08, -0.06523799896240234, 0, 0.8856372833251953, 0.3145254850387573, -0.3416442275047302, -0.4032556712627411, 0.8857297301292419, -0.22992947697639465, 0.23028582334518433, 0.34140390157699585, 0.9112693667411804),
            ["RightLowerArm"] = CFrame.new(1.1920928955078125e-07, 5.364418029785156e-07, 7.450580596923828e-08, 1, -8.195636524988004e-08, 1.0058285937475375e-07, 5.960463766996327e-08, 0.17575781047344208, -0.9844335317611694, 1.9185242194907914e-07, 0.9844334125518799, 0.17575782537460327),
            ["LeftHand"] = CFrame.new(5.296897143125534e-09, -1.1920928955078125e-07, 1.8722494132816792e-07, 0.6925606727600098, 0.04611504450440407, -0.7198838591575623, -0.25075072050094604, 0.9511119723320007, -0.1803065985441208, 0.6763755679130554, 0.30538421869277954, 0.6702661514282227),
            ["LeftFoot"] = CFrame.new(-4.470348358154297e-08, 5.960464477539063e-08, 0, 0.9574084877967834, -0.2849774658679962, 0.046444013714790344, 0.28643733263015747, 0.917153537273407, -0.2770976424217224, 0.0363706611096859, 0.27859893441200256, 0.959718644618988),
            ["RightHand"] = CFrame.new(2.980232238769531e-07, 5.960464477539063e-08, -1.4901161193847656e-07, 0.4204395115375519, -0.14312373101711273, 0.8959611058235168, 0.4199024736881256, 0.9060606360435486, -0.05230698734521866, -0.8043087124824524, 0.39820826053619385, 0.44104158878326416),
            ["RightLowerLeg"] = CFrame.new(-3.725290298461914e-08, -1.1920928955078125e-07, 9.85528458841145e-08, 1, 1.0244541215342906e-07, 2.3143357452681812e-07, 4.898756742477417e-07, 0.7186412811279297, 0.6953808665275574, 1.1548399925231934e-07, -0.6953809857368469, 0.7186414003372192),
            ["LeftUpperLeg"] = CFrame.new(0.000025600194931030273, 0.00012569758109748363, 0.004997409880161285, 0.9022625088691711, 0.3847540318965912, -0.19464437663555145, -0.4295661151409149, 0.7629668712615967, -0.48306798934936523, -0.037355560809373856, 0.5194669365882874, 0.8536737561225891),
            ["LeftLowerLeg"] = CFrame.new(1.1920928955078125e-07, 0, 5.960464477539063e-08, 1, 1.4901159772762185e-07, 4.4703497792397684e-08, -2.980232949312267e-08, 0.06605888158082962, 0.997815728187561, 7.4505820180093e-08, -0.9978157877922058, 0.06605886667966843),
        }},
        {Time = 0.167, Data = {
            ["RightFoot"] = CFrame.new(5.4016709327697754e-08, 2.980232238769531e-07, -3.9282895158976316e-08, 0.9511856436729431, 0.04921827092766762, 0.304669052362442, -0.13256707787513733, 0.9566459059715271, 0.2593347132205963, -0.2786969244480133, -0.287064790725708, 0.9164727926254272),
            ["LeftLowerArm"] = CFrame.new(5.960464477539063e-08, -5.960464477539062e-07, 1.4901161193847656e-07, 1, -1.7508862981685525e-07, -2.1979215603096236e-07, 3.6600977182388306e-07, -0.27252259850502014, -0.962149441242218, 9.592622518539429e-08, 0.962149441242218, -0.27252253890037537),
            ["RightUpperArm"] = CFrame.new(-5.960464477539063e-08, -0.06523728370666504, 1.1920928955078125e-07, 0.9177137613296509, -0.39456695318222046, -0.0460226945579052, 0.22783897817134857, 0.6177169680595398, -0.7526719570159912, 0.32540884613990784, 0.680251955986023, 0.6567853093147278),
            ["Head"] = CFrame.new(4.470348358154297e-08, 3.5762786865234375e-07, 1.1920928955078125e-07, 0.809349775314331, -0.038699474185705185, 0.5860507488250732, 0.37696191668510437, 0.799411416053772, -0.46780455112457275, -0.45039182901382446, 0.5995363593101501, 0.6615915894508362),
            ["LowerTorso"] = CFrame.new(-0.3502616882324219, -0.37025880813598633, 0.29561856389045715, 0.661087691783905, -0.08379393070936203, -0.7456150650978088, 0.08332011103630066, 0.9957967400550842, -0.03803572803735733, 0.7456680536270142, -0.03697975352406502, 0.6652904748916626),
            ["UpperTorso"] = CFrame.new(-1.4901161193847656e-08, -5.960464477539063e-08, 5.21540641784668e-08, 0.9945892095565796, 0.06535932421684265, -0.08074928820133209, -0.0053911576978862286, 0.8087126612663269, 0.5881789326667786, 0.1037459746003151, -0.584561288356781, 0.8046894073486328),
            ["HumanoidRootPart"] = CFrame.new(0, 0, 0, 1, 0, 0, 0, 1, 0, 0, 0, 1),
            ["RightUpperLeg"] = CFrame.new(-0.000025480985641479492, -0.00012571120169013739, -0.004997417330741882, 0.9587875604629517, -0.21742431819438934, -0.18290071189403534, -0.0008749625412747264, 0.6414760947227478, -0.7671425342559814, 0.2841227650642395, 0.7356867790222168, 0.6148493885993958),
            ["LeftUpperArm"] = CFrame.new(1.7881393432617188e-07, -0.06523728370666504, 5.960464477539063e-08, 0.7059996128082275, 0.13589873909950256, -0.695051372051239, -0.5404497385025024, 0.7376323342323303, -0.40473806858062744, 0.45768845081329346, 0.6613850593566895, 0.5942143201828003),
            ["RightLowerArm"] = CFrame.new(-4.172325134277344e-07, -1.7881393432617188e-07, -5.960464477539063e-08, 1, -1.341104507446289e-07, 2.8498473625404586e-07, -8.940696716308594e-08, 0.45348337292671204, -0.891264796257019, 1.1175870895385742e-07, 0.8912647366523743, 0.4534832835197449),
            ["LeftHand"] = CFrame.new(-4.470348358154297e-08, 5.960464477539063e-08, 5.066394805908203e-07, 0.7276769280433655, 0.14113803207874298, -0.671242356300354, -0.3609938621520996, 0.9109105467796326, -0.1998133510351181, 0.5832406878471375, 0.3877139985561371, 0.7137985229492188),
            ["LeftFoot"] = CFrame.new(-1.4901161193847656e-08, -5.960464477539063e-08, 7.450580596923828e-08, 0.9607194066047668, -0.27070707082748413, 0.06112229451537132, 0.26738885045051575, 0.8439415097236633, -0.4650436043739319, 0.07430686056613922, 0.46312034130096436, 0.883175253868103),
            ["RightHand"] = CFrame.new(1.7881393432617188e-07, 0, 1.4901161193847656e-08, 0.29908499121665955, -0.04276168718934059, 0.9532678127288818, 0.28422150015830994, 0.9576440453529358, -0.04621600732207298, -0.9109151363372803, 0.28476187586784363, 0.298570841550827),
            ["RightLowerLeg"] = CFrame.new(-5.21540641784668e-08, -1.1920928955078125e-07, 1.507069100625813e-07, 1, 3.6787227486456686e-07, 2.104787739654057e-07, 3.9860611877884367e-07, 0.7215642333030701, 0.6923474073410034, -1.1548401346317405e-07, -0.692347526550293, 0.7215643525123596),
            ["LeftUpperLeg"] = CFrame.new(0.000025510787963867188, 0.0001257401891052723, 0.004997551441192627, 0.9185976982116699, 0.3793480098247528, -0.11078491806983948, -0.36601319909095764, 0.7109346985816956, -0.6005045175552368, -0.14903901517391205, 0.592171311378479, 0.7919098734855652),
            ["LeftLowerLeg"] = CFrame.new(8.940696716308594e-08, 1.1920928955078125e-07, 1.1920928955078125e-07, 1, 5.960462345910855e-08, 0, -2.980232949312267e-08, 0.13953886926174164, 0.9902166128158569, 2.980232949312267e-08, -0.9902165532112122, 0.1395389437675476),
        }},
        {Time = 0.200, Data = {
            ["RightFoot"] = CFrame.new(-2.421438694000244e-08, 2.980232238769531e-07, -1.3205863069742918e-08, 0.9618398547172546, 0.10561301559209824, 0.2524076998233795, -0.15287217497825623, 0.9725161194801331, 0.1756204068660736, -0.22692357003688812, -0.20750515162944794, 0.951550304889679),
            ["LeftLowerArm"] = CFrame.new(8.940696716308594e-08, 5.960464477539063e-08, 1.4901161193847656e-08, 1, -1.490115231206346e-08, 2.9802315282267955e-08, 1.937150670983101e-07, -0.0904616191983223, -0.9958999752998352, 3.1292435664909135e-07, 0.9958999752998352, -0.09046157449483871),
            ["RightUpperArm"] = CFrame.new(-1.1920928955078125e-07, -0.06523787975311279, 8.940696716308594e-08, 0.9384270310401917, -0.34462541341781616, 0.024250302463769913, 0.1700962334871292, 0.3997979760169983, -0.9006826281547546, 0.3007024824619293, 0.8493497371673584, 0.43380048871040344),
            ["Head"] = CFrame.new(-4.470348358154297e-08, 2.384185791015625e-07, 7.450580596923828e-08, 0.8116830587387085, -0.07986950129270554, 0.5786114931106567, 0.4350702166557312, 0.74362713098526, -0.5076737999916077, -0.3897237181663513, 0.6638069152832031, 0.638338565826416),
            ["LowerTorso"] = CFrame.new(-0.4273655116558075, -0.39791059494018555, 0.3188649117946625, 0.6805649399757385, 0.02426772750914097, -0.7322860360145569, 0.060235485434532166, 0.9942149519920349, 0.08892887085676193, 0.730207622051239, -0.10463143140077591, 0.6751657724380493),
            ["UpperTorso"] = CFrame.new(-1.1175870895385742e-08, 5.960464477539063e-08, 2.9802322387695312e-08, 0.9925052523612976, 0.08807964622974396, -0.08470653742551804, -0.02645171619951725, 0.8315852284431458, 0.5547672510147095, 0.11930487304925919, -0.5483685731887817, 0.8276824355125427),
            ["HumanoidRootPart"] = CFrame.new(0, 0, 0, 1, 0, 0, 0, 1, 0, 0, 0, 1),
            ["RightUpperLeg"] = CFrame.new(-0.000025451183319091797, -0.00012545217759907246, -0.004997575655579567, 0.9640268683433533, -0.238703191280365, -0.11692831665277481, 0.02764146961271763, 0.5275522470474243, -0.8490731120109558, 0.2643635869026184, 0.8152971267700195, 0.51517254114151),
            ["LeftUpperArm"] = CFrame.new(0, -0.06523776054382324, 2.2351741790771484e-07, 0.48915958404541016, -0.08258702605962753, -0.8682756423950195, -0.75640469789505, 0.45547857880592346, -0.4694581627845764, 0.43425214290618896, 0.8864077925682068, 0.16033223271369934),
            ["RightLowerArm"] = CFrame.new(5.960464477539063e-08, -3.5762786865234375e-07, 5.960464477539063e-08, 1, 1.0430807861894209e-07, 2.7194622020942916e-07, -6.332992796842518e-08, 0.6599711179733276, -0.7512909173965454, 2.3841855067985307e-07, 0.7512910962104797, 0.6599712371826172),
            ["LeftHand"] = CFrame.new(-2.682209014892578e-07, 0, -8.940696716308594e-08, 0.764377772808075, 0.18755827844142914, -0.6168860793113708, -0.40660959482192993, 0.8827449083328247, -0.23543624579906464, 0.5003951191902161, 0.4307938516139984, 0.7510135769844055),
            ["LeftFoot"] = CFrame.new(-7.078051567077637e-08, 1.1920928955078125e-07, 2.9802322387695312e-08, 0.9705749750137329, -0.24076299369335175, 0.004162139259278774, 0.19830285012722015, 0.7893620133399963, -0.5810189843177795, 0.13660195469856262, 0.5647484064102173, 0.8138793706893921),
            ["RightHand"] = CFrame.new(-1.1920928955078125e-07, 5.960464477539063e-08, -2.980232238769531e-07, 0.20581817626953125, 0.014865923672914505, 0.978477418422699, 0.202009916305542, 0.9777030944824219, -0.057346031069755554, -0.9575128555297852, 0.2094651609659195, 0.19822585582733154),
            ["RightLowerLeg"] = CFrame.new(-4.470348358154297e-08, 0, 1.20904587674886e-07, 1, 2.863815780074219e-07, 4.656608609820978e-08, 4.0233149434243387e-07, 0.74161297082901, 0.6708278656005859, -1.7881399116959074e-07, -0.6708280444145203, 0.7416130900382996),
            ["LeftUpperLeg"] = CFrame.new(0.000025570392608642578, 0.000125860795378685, 0.004997510462999344, 0.9196957349777222, 0.39262834191322327, 0.001721933949738741, -0.2691608965396881, 0.633664071559906, -0.7252740263938904, -0.28585347533226013, 0.6665680408477783, 0.6884581446647644),
            ["LeftLowerLeg"] = CFrame.new(2.384185791015625e-07, 0, 0, 1, 7.450574202039206e-08, 5.96046660916727e-08, -8.940695295223122e-08, 0.20767474174499512, 0.9781979322433472, 1.341104365337742e-07, -0.9781979322433472, 0.2076747566461563),
        }},
        {Time = 0.233, Data = {
            ["RightFoot"] = CFrame.new(1.4901161193847656e-08, 3.5762786865234375e-07, 6.875052349641919e-08, 0.9703699350357056, 0.1590205579996109, 0.18191984295845032, -0.19386419653892517, 0.9617834687232971, 0.1933637261390686, -0.1442188024520874, -0.2229018211364746, 0.9641140103340149),
            ["LeftLowerArm"] = CFrame.new(-1.7881393432617188e-07, 1.7881393432617188e-07, 0, 1, -1.7881393432617188e-07, 2.9802318834981634e-08, 2.8312206268310547e-07, 0.07857479155063629, -0.9969083070755005, -1.1920928955078125e-07, 0.9969083070755005, 0.07857485115528107),
            ["RightUpperArm"] = CFrame.new(1.1920928955078125e-07, -0.0652381181716919, 2.8312206268310547e-07, 0.9421186447143555, -0.29663315415382385, 0.1562715470790863, 0.24155527353286743, 0.27728673815727234, -0.9299265742301941, 0.23251572251319885, 0.913849413394928, 0.33289024233818054),
            ["Head"] = CFrame.new(4.6566128730773926e-08, -2.384185791015625e-07, 1.7881393432617188e-07, 0.8144108057022095, -0.10541738569736481, 0.5706332921981812, 0.4651182293891907, 0.7065916657447815, -0.5332850813865662, -0.34698718786239624, 0.6997252702713013, 0.6244874596595764),
            ["LowerTorso"] = CFrame.new(-0.48036423325538635, -0.4178948402404785, 0.3459083139896393, 0.70378178358078, 0.13562604784965515, -0.6973499059677124, 0.030665287747979164, 0.9748929142951965, 0.22055280208587646, 0.7097541689872742, -0.17660538852214813, 0.6819527745246887),
            ["UpperTorso"] = CFrame.new(4.0978193283081055e-08, -1.1920928955078125e-07, 0, 0.9897803664207458, 0.09452787041664124, -0.10676780343055725, -0.030872313305735588, 0.8730079531669617, 0.48672786355018616, 0.13921841979026794, -0.478457510471344, 0.86700439453125),
            ["HumanoidRootPart"] = CFrame.new(0, 0, 0, 1, 0, 0, 0, 1, 0, 0, 0, 1),
            ["RightUpperLeg"] = CFrame.new(-0.000025480985641479492, -0.0001255366951227188, -0.004997463896870613, 0.9666188359260559, -0.2555848956108093, -0.018018759787082672, 0.08116932958364487, 0.3721674978733063, -0.9246095418930054, 0.2430219203233719, 0.8922823667526245, 0.3804899752140045),
            ["LeftUpperArm"] = CFrame.new(0, -0.06523787975311279, 2.384185791015625e-07, 0.42365559935569763, -0.19897106289863586, -0.8837005496025085, -0.8647563457489014, 0.20157742500305176, -0.45995986461639404, 0.26965221762657166, 0.9590501189231873, -0.08666206151247025),
            ["RightLowerArm"] = CFrame.new(1.1920928955078125e-07, 1.1920928955078125e-07, 1.1920928955078125e-07, 1, -4.0978173387884453e-07, 2.402812810942123e-07, -3.185123489402031e-07, 0.736647367477417, -0.6762769222259521, -7.450581307466564e-08, 0.6762771010398865, 0.7366474866867065),
            ["LeftHand"] = CFrame.new(2.086162567138672e-07, -1.1920928955078125e-07, 2.9802322387695312e-08, 0.8293710947036743, 0.17631928622722626, -0.5301466584205627, -0.3577716052532196, 0.896428108215332, -0.26156535744667053, 0.42911893129348755, 0.40660589933395386, 0.8065532445907593),
            ["LeftFoot"] = CFrame.new(1.6763806343078613e-07, -5.960464477539063e-08, 2.9802322387695312e-08, 0.9760364890098572, -0.21717117726802826, 0.01376502774655819, 0.18910309672355652, 0.8151891231536865, -0.5474545955657959, 0.10767050087451935, 0.5369389653205872, 0.8367222547531128),
            ["RightHand"] = CFrame.new(-1.4901161193847656e-07, 0, 1.1175870895385742e-07, 0.190388485789299, 0.0071578375063836575, 0.9816826581954956, 0.20553438365459442, 0.9775213003158569, -0.04698871448636055, -0.9599520564079285, 0.21071520447731018, 0.1846381425857544),
            ["RightLowerLeg"] = CFrame.new(-4.470348358154297e-08, -1.1920928955078125e-07, -1.3205863069742918e-08, 1, 5.308536898951388e-08, 1.5273685960437433e-07, 4.4703489265884855e-07, 0.7311058044433594, 0.6822638511657715, -8.940698137394065e-08, -0.6822641491889954, 0.7311061024665833),
            ["LeftUpperLeg"] = CFrame.new(0.00002562999725341797, 0.00012567429803311825, 0.00499742291867733, 0.9438929557800293, 0.33001652359962463, -0.012454647570848465, -0.187809020280838, 0.5053742527961731, -0.8422142863273621, -0.2716503143310547, 0.7972992658615112, 0.5389991998672485),
            ["LeftLowerLeg"] = CFrame.new(-4.470348358154297e-08, 1.1920928955078125e-07, -8.940696716308594e-08, 1, 1.0430811414607888e-07, 5.215407838932151e-08, -5.960464477539063e-08, 0.1905902624130249, 0.9816697239875793, 1.1920928955078125e-07, -0.9816697239875793, 0.19059039652347565),
        }},
        {Time = 0.267, Data = {
            ["RightFoot"] = CFrame.new(8.940696716308594e-08, 4.172325134277344e-07, 1.287116901949048e-08, 0.9716494083404541, 0.217023104429245, 0.09379986673593521, -0.2313542515039444, 0.9545103311538696, 0.18810956180095673, -0.04870978742837906, -0.20447778701782227, 0.9776586294174194),
            ["LeftLowerArm"] = CFrame.new(3.2782554626464844e-07, -1.1920928955078125e-07, 1.043081283569336e-07, 1, -2.6822092991096724e-07, 1.490115550950577e-07, -2.9802308176840597e-08, 0.2425379455089569, -0.9701418876647949, -2.3841846541472478e-07, 0.9701419472694397, 0.24253806471824646),
            ["RightUpperArm"] = CFrame.new(1.1920928955078125e-07, -0.06523776054382324, 1.1920928955078125e-07, 0.93515944480896, -0.214243546128273, 0.2820934057235718, 0.32448309659957886, 0.19868215918540955, -0.9247898459434509, 0.14208351075649261, 0.9563603401184082, 0.2553176283836365),
            ["Head"] = CFrame.new(3.91155481338501e-08, 0, 8.940696716308594e-08, 0.8230113983154297, -0.12023091316223145, 0.5551546812057495, 0.47326719760894775, 0.6856135725975037, -0.5531295537948608, -0.31411847472190857, 0.7179684042930603, 0.6211691498756409),
            ["LowerTorso"] = CFrame.new(-0.5074964761734009, -0.4310469627380371, 0.37385454773902893, 0.7287821769714355, 0.2377239167690277, -0.6421558856964111, -0.005833248607814312, 0.9399232268333435, 0.34133607149124146, 0.6847208142280579, -0.2450137436389923, 0.6863858103752136),
            ["UpperTorso"] = CFrame.new(-4.377216100692749e-08, 1.1920928955078125e-07, 1.1920928955078125e-07, 0.9865115880966187, 0.08439477533102036, -0.1402580291032791, -0.02135847695171833, 0.9158853888511658, 0.4008713364601135, 0.16229192912578583, -0.3924686014652252, 0.9053341150283813),
            ["HumanoidRootPart"] = CFrame.new(0, 0, 0, 1, 0, 0, 0, 1, 0, 0, 0, 1),
            ["RightUpperLeg"] = CFrame.new(-0.000025540590286254883, -0.00012572482228279114, -0.004997501149773598, 0.9600765109062195, -0.2620791792869568, 0.0978134274482727, 0.1558694690465927, 0.21083544194698334, -0.965014636516571, 0.23228862881660461, 0.9417340159416199, 0.243268221616745),
            ["LeftUpperArm"] = CFrame.new(0, -0.06523787975311279, 1.4901161193847656e-08, 0.4375215768814087, -0.239244282245636, -0.8667969703674316, -0.8940684199333191, -0.01282533723860979, -0.44774723052978516, 0.09600377082824707, 0.9708746671676636, -0.21951214969158173),
            ["RightLowerArm"] = CFrame.new(1.1920928955078125e-07, 5.960464477539063e-08, 1.7881393432617188e-07, 1, -3.501771743685822e-07, -6.007030606269836e-08, -7.450581307466564e-08, 0.7885957360267639, -0.6149120926856995, -2.6822092991096724e-07, 0.6149119138717651, 0.7885957360267639),
            ["LeftHand"] = CFrame.new(1.341104507446289e-07, -1.1920928955078125e-07, 5.960464477539063e-08, 0.8950714468955994, 0.1350434124469757, -0.42498326301574707, -0.2620532810688019, 0.930404543876648, -0.2562727928161621, 0.36079806089401245, 0.34075048565864563, 0.8681667447090149),
            ["LeftFoot"] = CFrame.new(-8.195638656616211e-08, -1.1920928955078125e-07, 0, 0.9786534309387207, -0.20478996634483337, -0.017275484278798103, 0.16781459748744965, 0.8448129296302795, -0.5080640316009521, 0.1186409667134285, 0.4943198561668396, 0.861146092414856),
            ["RightHand"] = CFrame.new(-8.940696716308594e-08, 5.960464477539063e-08, 1.4901161193847656e-07, 0.190499946475029, -0.012852062471210957, 0.9816030263900757, 0.21152746677398682, 0.976963460445404, -0.02825932577252388, -0.9586271047592163, 0.2130192369222641, 0.1888304352760315),
