return {
    ["Shaq Shimmy"] = {
        {Time = 0.000, Data = {
            ["RightFoot"] = CFrame.new(1.2293457984924316e-07, 0, 4.639878170564771e-08, 0.9821997284889221, 0.18511883914470673, -0.03185619041323662, -0.186094269156456, 0.9359076619148254, -0.29907524585723877, -0.025549795478582382, 0.299679696559906, 0.9536977410316467),
            ["LeftLowerArm"] = CFrame.new(0.0000013709068298339844, -2.384185791015625e-07, 0.000004589557647705078, 1, 1.1920928955078125e-07, 5.587935447692871e-08, -1.4994293451309204e-07, 0.9347944855690002, -0.3551892042160034, -1.043081283569336e-07, 0.3551892042160034, 0.9347944855690002),
            ["RightUpperArm"] = CFrame.new(-0.022014319896697998, 0.006237149238586426, -0.057287029922008514, 0.9309893250465393, -0.3638036847114563, -0.0300977174192667, 0.3530848026275635, 0.8764836192131042, 0.32727286219596863, -0.09268292039632797, -0.3153145909309387, 0.9444504380226135),
            ["Head"] = CFrame.new(1.4901161193847656e-08, -7.152557373046875e-07, -1.0244548320770264e-08, 0.9632253050804138, -0.19770868122577667, 0.18195697665214539, 0.21692128479480743, 0.9718082547187805, -0.09237969666719437, -0.1585630476474762, 0.12845268845558167, 0.9789574146270752),
            ["RightHand"] = CFrame.new(0, 0.0000012516975402832031, -8.423812687397003e-07, 0.9145750999450684, 0.12578649818897247, 0.3843563199043274, -0.09687570482492447, 0.9908702969551086, -0.09376194328069687, -0.3926415741443634, 0.04851771146059036, 0.9184111952781677),
            ["UpperTorso"] = CFrame.new(-1.1175870895385742e-08, -3.2782554626464844e-07, -4.470348358154297e-08, 0.9854390621185303, 0.10640821605920792, 0.13261674344539642, -0.08898212760686874, 0.9873753190040588, -0.1310425102710724, -0.14488652348518372, 0.11733388900756836, 0.9824666380882263),
            ["HumanoidRootPart"] = CFrame.new(0, 0, 0, 1, 0, 0, 0, 1, 0, 0, 0, 1),
            ["RightUpperLeg"] = CFrame.new(2.9802322387695312e-08, -2.430751919746399e-07, -6.129994289949536e-08, 0.9347580075263977, -0.2556940019130707, -0.24667435884475708, 0.13092926144599915, 0.893349289894104, -0.4298660159111023, 0.3302803933620453, 0.3695236146450043, 0.8685430288314819),
            ["LeftUpperArm"] = CFrame.new(0.03941786289215088, -0.022517800331115723, -0.054512154310941696, 0.9770651459693909, 0.2110520601272583, 0.028297927230596542, -0.21110545098781586, 0.9426440000534058, 0.25856679677963257, 0.027896208688616753, -0.25861045718193054, 0.9655789136886597),
            ["RightLowerArm"] = CFrame.new(5.364418029785156e-07, 1.7881393432617188e-07, -0.0000037550926208496094, 1, -0.00001925229844346177, 0.0000021337766611395637, 0.000018931925296783447, 0.9446706175804138, -0.32802045345306396, 0.00000426173210144043, 0.3280203938484192, 0.9446706771850586),
            ["LeftHand"] = CFrame.new(-0.000001430511474609375, -0.0000013113021850585938, 2.0116567611694336e-07, 0.9420318007469177, 0.052943382412195206, -0.3313201069831848, -0.09833338111639023, 0.9876763820648193, -0.12176203727722168, 0.32079073786735535, 0.14728358387947083, 0.9356287717819214),
            ["LeftFoot"] = CFrame.new(7.35744833946228e-08, -2.384185791015625e-07, 1.0244548320770264e-08, 0.9926823377609253, -0.11907622218132019, 0.02006707526743412, 0.11904548853635788, 0.9371531009674072, -0.3279821574687958, 0.02024903893470764, 0.32797080278396606, 0.9444708228111267),
            ["LowerTorso"] = CFrame.new(-0.1493774652481079, -0.1275709867477417, 0.17840909957885742, 0.7197514772415161, 0.06922058016061783, -0.6907723546028137, 0.014292609877884388, 0.9933283925056458, 0.11443118005990982, 0.6940847635269165, -0.09223493188619614, 0.7139601707458496),
            ["RightLowerLeg"] = CFrame.new(2.9802322387695312e-08, -0.0007263422012329102, 0.00004604628338711336, 1, 8.940699558479537e-08, 3.725290653733282e-08, -3.213062527152033e-08, 0.7930893301963806, 0.6091054677963257, -7.4505797087454084e-09, -0.6091053485870361, 0.7930892705917358),
            ["LeftUpperLeg"] = CFrame.new(-2.9802322387695312e-08, -1.5739351511001587e-07, -5.21540641784668e-08, 0.7465499639511108, 0.3622158467769623, 0.5580887198448181, -0.05590744689106941, 0.8700013160705566, -0.4898693561553955, -0.6629763245582581, 0.3345106840133667, 0.6697500944137573),
            ["LeftLowerLeg"] = CFrame.new(-1.1175870895385742e-08, -0.0007262825965881348, 0.0000810474157333374, 1, 9.499490261077881e-08, -2.7939673685750677e-08, -7.264316082000732e-08, 0.7278878092765808, 0.6856964230537415, 5.587935447692871e-08, -0.6856962442398071, 0.7278876900672913),
        }},
        {Time = 0.033, Data = {
            ["RightFoot"] = CFrame.new(2.0489096641540527e-07, 0, 4.639878170564771e-08, 0.9823666214942932, 0.18431305885314941, -0.03137877210974693, -0.18522077798843384, 0.9365241527557373, -0.2976844310760498, -0.02547985501587391, 0.2982470989227295, 0.9541484713554382),
            ["LeftLowerArm"] = CFrame.new(0.0000011920928955078125, -3.5762786865234375e-07, 0.0000045299530029296875, 1, 1.6391278734317893e-07, 1.210719347000122e-07, -1.2572853336223488e-07, 0.940848171710968, -0.3388286828994751, -1.1175869474300271e-07, 0.3388287127017975, 0.940848171710968),
            ["RightUpperArm"] = CFrame.new(-0.017829835414886475, 0.002086043357849121, -0.057539526373147964, 0.9348760843276978, -0.3514198958873749, -0.05010828748345375, 0.3470788598060608, 0.8753221035003662, 0.33667126297950745, -0.07445196062326431, -0.3321373760700226, 0.9402880072593689),
            ["Head"] = CFrame.new(2.0489096641540527e-08, -4.76837158203125e-07, 2.2351741790771484e-08, 0.962358295917511, -0.2065502107143402, 0.17664526402950287, 0.22520232200622559, 0.9698805809020996, -0.09282032400369644, -0.1521526277065277, 0.12910714745521545, 0.9798882007598877),
            ["RightHand"] = CFrame.new(1.7881393432617188e-07, 9.5367431640625e-07, -6.854534149169922e-07, 0.9170469045639038, 0.1083235889673233, 0.38378483057022095, -0.08908025175333023, 0.9937261939048767, -0.0676245167851448, -0.38870278000831604, 0.027827320620417595, 0.9209430813789368),
            ["UpperTorso"] = CFrame.new(-1.862645149230957e-08, 1.4901161193847656e-07, -3.725290298461914e-08, 0.9859557151794434, 0.11622495949268341, 0.11992974579334259, -0.1001698300242424, 0.9861513376235962, -0.1321800947189331, -0.13363167643547058, 0.11831033229827881, 0.98394376039505),
            ["HumanoidRootPart"] = CFrame.new(0, 0, 0, 1, 0, 0, 0, 1, 0, 0, 0, 1),
            ["RightUpperLeg"] = CFrame.new(-5.960464477539063e-08, 1.3131648302078247e-07, -7.620110409334302e-08, 0.9301532506942749, -0.24739591777324677, -0.2713122069835663, 0.11919283121824265, 0.9023572206497192, -0.4141794443130493, 0.3472866117954254, 0.3529118001461029, 0.8688182830810547),
            ["LeftUpperArm"] = CFrame.new(0.043371737003326416, -0.018065452575683594, -0.05558345466852188, 0.976815938949585, 0.2127072513103485, 0.024212220683693886, -0.21180611848831177, 0.9437917470932007, 0.2537626028060913, 0.03112602047622204, -0.25300756096839905, 0.966963529586792),
            ["RightLowerArm"] = CFrame.new(3.5762786865234375e-07, 7.152557373046875e-07, -0.000003993511199951172, 1, -0.000019196426364942454, 0.0000027874486931978026, 0.000018948692741105333, 0.9339559078216553, -0.35738852620124817, 0.000004276634172128979, 0.35738852620124817, 0.9339558482170105),
            ["LeftHand"] = CFrame.new(-0.0000014603137969970703, -0.0000011324882507324219, 2.1606683731079102e-07, 0.9392193555831909, 0.05205777660012245, -0.33934739232063293, -0.1006450429558754, 0.9867599606513977, -0.1271827220916748, 0.3282340168952942, 0.15360619127750397, 0.9320235848426819),
            ["LeftFoot"] = CFrame.new(-2.514570951461792e-08, -2.980232238769531e-07, -1.210719347000122e-08, 0.9928587675094604, -0.11763931810855865, 0.019810065627098083, 0.11758401989936829, 0.9369969367980957, -0.3289545476436615, 0.020136145874857903, 0.3289344608783722, 0.9441379308700562),
            ["LowerTorso"] = CFrame.new(-0.14664122462272644, -0.1276710033416748, 0.18110701441764832, 0.7327127456665039, 0.060545649379491806, -0.6778393983840942, 0.023916320875287056, 0.9931283593177795, 0.11456017941236496, 0.680117666721344, -0.10015112906694412, 0.7262297868728638),
            ["RightLowerLeg"] = CFrame.new(4.470348358154297e-08, -0.0007260441780090332, 0.000046150591515470296, 1, 1.1175876579727628e-07, -8.940699558479537e-08, -4.260800778865814e-08, 0.8024146556854248, 0.596767008304596, 1.1175870895385742e-07, -0.596767008304596, 0.80241459608078),
            ["LeftUpperLeg"] = CFrame.new(2.9802322387695312e-08, -1.6205012798309326e-07, -2.2351741790771484e-08, 0.7575383186340332, 0.372787207365036, 0.5358783006668091, -0.06341663002967834, 0.8590468764305115, -0.5079532861709595, -0.6497032046318054, 0.35081058740615845, 0.6744018793106079),
            ["LeftLowerLeg"] = CFrame.new(1.0989606380462646e-07, -0.0007265806198120117, 0.00008101388812065125, 1, 4.284084909045305e-08, 5.7276352549706644e-08, -6.146729703004894e-08, 0.717803955078125, 0.6962454915046692, -7.823110337312755e-08, -0.6962453126907349, 0.7178038358688354),
        }},
        {Time = 0.067, Data = {
            ["RightFoot"] = CFrame.new(2.3096799850463867e-07, 0, -1.3205863069742918e-08, 0.9824559092521667, 0.18388795852661133, -0.031075138598680496, -0.1847531497478485, 0.9369494318962097, -0.2966344356536865, -0.02543160691857338, 0.29717162251472473, 0.9544854164123535),
            ["LeftLowerArm"] = CFrame.new(0.0000011324882507324219, -4.76837158203125e-07, 0.000004827976226806641, 1, 1.4901161193847656e-07, -7.450580596923828e-09, -1.1641533603778953e-07, 0.9433848857879639, -0.33170008659362793, -1.1920930376163597e-07, 0.3317001163959503, 0.9433848857879639),
            ["RightUpperArm"] = CFrame.new(-0.016146540641784668, 0.0006216764450073242, -0.05777573212981224, 0.9372868537902832, -0.3395446538925171, -0.07875905930995941, 0.34508785605430603, 0.8721433877944946, 0.34681418538093567, -0.04906940832734108, -0.3522433340549469, 0.934621274471283),
            ["Head"] = CFrame.new(-1.1175870895385742e-08, -7.152557373046875e-07, 1.0244548320770264e-08, 0.9607712626457214, -0.21600279211997986, 0.17395856976509094, 0.23440517485141754, 0.9676740169525146, -0.09306567907333374, -0.1482323408126831, 0.1301913857460022, 0.9803454875946045),
            ["RightHand"] = CFrame.new(5.364418029785156e-07, 0.0000013113021850585938, -5.513429641723633e-07, 0.918098509311676, 0.09970864653587341, 0.383605420589447, -0.0889689177274704, 0.9949859380722046, -0.04568905755877495, -0.3862380087375641, 0.007818273268640041, 0.9223662614822388),
            ["UpperTorso"] = CFrame.new(-1.4901161193847656e-08, 2.980232238769531e-07, 2.2351741790771484e-08, 0.9862123727798462, 0.12178340554237366, 0.11204421520233154, -0.10660737007856369, 0.9854059219360352, -0.13270306587219238, -0.1265704333782196, 0.11892873793840408, 0.9848026037216187),
            ["HumanoidRootPart"] = CFrame.new(0, 0, 0, 1, 0, 0, 0, 1, 0, 0, 0, 1),
            ["RightUpperLeg"] = CFrame.new(0, 2.300366759300232e-07, -1.6952981241047382e-09, 0.9270952343940735, -0.24195492267608643, -0.28627341985702515, 0.11212637275457382, 0.9077986478805542, -0.40414032340049744, 0.3576621115207672, 0.3425775468349457, 0.8687451481819153),
            ["LeftUpperArm"] = CFrame.new(0.04499340057373047, -0.01650393009185791, -0.05610828846693039, 0.9766254425048828, 0.21356341242790222, 0.024360651150345802, -0.21278466284275055, 0.9445280432701111, 0.25017866492271423, 0.030420057475566864, -0.2495144158601761, 0.9678932428359985),
            ["RightLowerArm"] = CFrame.new(0, -5.960464477539063e-08, -0.000004112720489501953, 1, -0.00001912564766826108, 0.0000034049162422888912, 0.00001893006447062362, 0.9213035702705383, -0.3888443410396576, 0.000004269183136784704, 0.3888443112373352, 0.9213035106658936),
            ["LeftHand"] = CFrame.new(-0.0000014603137969970703, -0.0000011324882507324219, 5.21540641784668e-08, 0.9365301728248596, 0.050860341638326645, -0.3468778729438782, -0.10244792699813843, 0.9859365820884705, -0.13203606009483337, 0.33528444170951843, 0.15919283032417297, 0.928570032119751),
            ["LeftFoot"] = CFrame.new(4.842877388000488e-08, -3.5762786865234375e-07, -4.190951585769653e-09, 0.9929592609405518, -0.11680708080530167, 0.019700990989804268, 0.11675246059894562, 0.9369296431541443, -0.32944127917289734, 0.020022548735141754, 0.32942214608192444, 0.9439705014228821),
            ["LowerTorso"] = CFrame.new(-0.14496579766273499, -0.12777280807495117, 0.18275436758995056, 0.7404839396476746, 0.055096257477998734, -0.6698119044303894, 0.02981514297425747, 0.9929598569869995, 0.11463813483715057, 0.6714124083518982, -0.10485826432704926, 0.7336280941963196),
            ["RightLowerLeg"] = CFrame.new(-1.4901161193847656e-08, -0.0007262825965881348, 0.00004598667874233797, 1, 6.70552680048786e-08, 4.842879164357328e-08, -7.217749242727223e-08, 0.8082460165023804, 0.5888447761535645, 1.1175869119028903e-08, -0.5888450741767883, 0.8082462549209595),
            ["LeftUpperLeg"] = CFrame.new(0, 1.1455267667770386e-07, -3.725290298461914e-08, 0.7641380429267883, 0.378921240568161, 0.5220264792442322, -0.06819121539592743, 0.8521950840950012, -0.5187618136405945, -0.6414382457733154, 0.3608078956604004, 0.6770336627960205),
            ["LeftLowerLeg"] = CFrame.new(-3.91155481338501e-08, -0.0007268190383911133, 0.00008114427328109741, 1, 5.029141902923584e-08, 2.4214383387288763e-08, -7.264316082000732e-08, 0.7116380929946899, 0.7025461792945862, 6.332993507385254e-08, -0.7025462985038757, 0.7116381525993347),
        }},
        {Time = 0.100, Data = {
            ["RightFoot"] = CFrame.new(1.7136335372924805e-07, 0, -1.3205863069742918e-08, 0.9824435114860535, 0.18394485116004944, -0.031128304079174995, -0.1848181039094925, 0.9368764758110046, -0.2968248724937439, -0.02543581835925579, 0.2973666191101074, 0.9544245004653931),
            ["LeftLowerArm"] = CFrame.new(0.0000015497207641601562, -6.556510925292969e-07, 0.000004827976226806641, 1, 1.4901162614933128e-07, 1.4901162970204496e-08, -1.550652228843319e-07, 0.940972089767456, -0.3384842276573181, -1.1175872316471214e-07, 0.3384842574596405, 0.940972089767456),
            ["RightUpperArm"] = CFrame.new(-0.01755470037460327, 0.0023546218872070312, -0.057904426008462906, 0.9411608576774597, -0.3215620219707489, -0.10398942977190018, 0.3374335467815399, 0.8769603967666626, 0.3421686887741089, -0.018833760172128677, -0.3571251928806305, 0.9338666796684265),
            ["Head"] = CFrame.new(-3.725290298461914e-09, -9.5367431640625e-07, 3.4458935260772705e-08, 0.9591937065124512, -0.22166864573955536, 0.17552872002124786, 0.24031603336334229, 0.9662278890609741, -0.093016617000103, -0.14898192882537842, 0.13140317797660828, 0.980070173740387),
            ["RightHand"] = CFrame.new(4.172325134277344e-07, 7.152557373046875e-07, -8.642673492431641e-07, 0.9135520458221436, 0.10127006471157074, 0.39391207695007324, -0.08896523714065552, 0.9948076009750366, -0.04942692071199417, -0.3968726694583893, 0.010109756141901016, 0.9178183078765869),
            ["UpperTorso"] = CFrame.new(-7.450580596923828e-09, -5.960464477539063e-08, 2.2351741790771484e-08, 0.9863576889038086, 0.11964195221662521, 0.11306775361299515, -0.1043417677283287, 0.9856462478637695, -0.13271932303905487, -0.12732359766960144, 0.11911101639270782, 0.9846833944320679),
            ["HumanoidRootPart"] = CFrame.new(0, 0, 0, 1, 0, 0, 0, 1, 0, 0, 0, 1),
            ["RightUpperLeg"] = CFrame.new(0, -1.4808028936386108e-07, -1.6952981241047382e-09, 0.9276005625724792, -0.24281542003154755, -0.28389784693717957, 0.11319299042224884, 0.9069119095802307, -0.4058302640914917, 0.3560120761394501, 0.3443131148815155, 0.868736982345581),
            ["LeftUpperArm"] = CFrame.new(0.04366081953048706, -0.01838815212249756, -0.05588473752140999, 0.9755756855010986, 0.21576054394245148, 0.041223328560590744, -0.2193545699119568, 0.9469420909881592, 0.23491379618644714, 0.011649125255644321, -0.2382185459136963, 0.9711417555809021),
            ["RightLowerArm"] = CFrame.new(5.960464477539063e-08, 8.344650268554688e-07, -0.000003635883331298828, 1, -0.000019039958715438843, 0.0000036116703086008783, 0.00001889979830593802, 0.9152970314025879, -0.4027796685695648, 0.00000433623881690437, 0.40277954936027527, 0.9152970314025879),
            ["LeftHand"] = CFrame.new(-0.0000017583370208740234, -0.0000013113021850585938, 3.8743019104003906e-07, 0.9355577230453491, 0.051239870488643646, -0.34943687915802, -0.10390473157167435, 0.9855641722679138, -0.1336684226989746, 0.3375435471534729, 0.16136275231838226, 0.9273762106895447),
            ["LeftFoot"] = CFrame.new(8.381903171539307e-09, -2.384185791015625e-07, 3.166496753692627e-08, 0.9929406046867371, -0.11696083843708038, 0.01972675882279873, 0.11690713465213776, 0.9369298219680786, -0.32938629388809204, 0.020042965188622475, 0.32936710119247437, 0.9439891576766968),
            ["LowerTorso"] = CFrame.new(-0.14519661664962769, -0.12776410579681396, 0.1824871152639389, 0.7392498850822449, 0.05603858456015587, -0.6710956692695618, 0.028883812949061394, 0.9929763674736023, 0.11473376303911209, 0.6728115677833557, -0.10420073568820953, 0.7324389219284058),
            ["RightLowerLeg"] = CFrame.new(1.043081283569336e-07, -0.0007262229919433594, 0.00004607608570950106, 1, 7.450583439094771e-08, -7.450581485102248e-09, -2.9802318834981634e-08, 0.807318389415741, 0.5901160836219788, 3.725289943190546e-08, -0.5901161432266235, 0.8073185086250305),
            ["LeftUpperLeg"] = CFrame.new(-2.9802322387695312e-08, -1.7695128917694092e-07, 7.450580596923828e-09, 0.7630918622016907, 0.37798890471458435, 0.5242279171943665, -0.06738246232271194, 0.8532453775405884, -0.5171381831169128, -0.6427677273750305, 0.35930025577545166, 0.6765746474266052),
            ["LeftLowerLeg"] = CFrame.new(-5.4016709327697754e-08, -0.0007268786430358887, 0.00008109584450721741, 1, 7.636847954017867e-08, 1.0710212272613262e-08, -6.891788473240013e-08, 0.7125999927520752, 0.7015705704689026, 3.72529100900465e-08, -0.7015705108642578, 0.7126001119613647),
        }},
        {Time = 0.133, Data = {
            ["RightFoot"] = CFrame.new(9.313225746154785e-08, 5.960464477539063e-08, 3.894820110872388e-08, 0.9822388291358948, 0.1849171370267868, -0.03182143718004227, -0.18589095771312714, 0.9359435439109802, -0.299089252948761, -0.02552369423210621, 0.29969197511672974, 0.9536944627761841),
            ["LeftLowerArm"] = CFrame.new(0.0000012218952178955078, -5.364418029785156e-07, 0.0000050067901611328125, 1, 1.9371513815258368e-07, 1.192093321833454e-07, -1.2665987014770508e-07, 0.9357015490531921, -0.3527927100658417, -8.940696716308594e-08, 0.35279273986816406, 0.9357016086578369),
            ["RightUpperArm"] = CFrame.new(-0.021046757698059082, 0.0059814453125, -0.057634539902210236, 0.9437763094902039, -0.3142901659011841, -0.10250818729400635, 0.3299957811832428, 0.8771576881408691, 0.34885135293006897, -0.019724592566490173, -0.36306482553482056, 0.9315550327301025),
            ["Head"] = CFrame.new(2.0489096641540527e-08, -8.344650268554688e-07, 1.1175870895385742e-08, 0.9578161239624023, -0.22026844322681427, 0.1845809519290924, 0.24003522098064423, 0.9663589596748352, -0.09237800538539886, -0.1580233871936798, 0.13278688490390778, 0.9784662127494812),
            ["RightHand"] = CFrame.new(1.7881393432617188e-07, 0.0000011324882507324219, -7.078051567077637e-07, 0.9108638167381287, 0.10563565045595169, 0.39895856380462646, -0.08941589295864105, 0.9942389726638794, -0.05910751223564148, -0.40290459990501404, 0.018165865913033485, 0.9150619506835938),
            ["UpperTorso"] = CFrame.new(-3.725290298461914e-09, 5.960464477539063e-08, 2.2351741790771484e-08, 0.9859817028045654, 0.10454666614532471, 0.13003915548324585, -0.08734771609306335, 0.9874491095542908, -0.13158537447452545, -0.14216405153274536, 0.11838214099407196, 0.9827385544776917),
            ["HumanoidRootPart"] = CFrame.new(0, 0, 0, 1, 0, 0, 0, 1, 0, 0, 0, 1),
            ["RightUpperLeg"] = CFrame.new(-5.960464477539063e-08, 7.82310962677002e-08, 8.77116690389812e-08, 0.934158444404602, -0.2544153034687042, -0.2502415180206299, 0.12896211445331573, 0.8945205211639404, -0.4280208647251129, 0.33274129033088684, 0.36756765842437744, 0.8684338331222534),
            ["LeftUpperArm"] = CFrame.new(0.040376484394073486, -0.022490739822387695, -0.05487782880663872, 0.9731122255325317, 0.2210233062505722, 0.0648178979754448, -0.230007141828537, 0.9474042057991028, 0.22253577411174774, -0.012223022989928722, -0.23146073520183563, 0.9727674722671509),
            ["RightLowerArm"] = CFrame.new(3.5762786865234375e-07, 5.960464477539062e-07, -0.0000037550926208496094, 1, -0.000019140543372486718, 0.0000033350661396980286, 0.000018933786122943275, 0.9227311015129089, -0.3854444921016693, 0.000004217028163111536, 0.3854444921016693, 0.9227310419082642),
            ["LeftHand"] = CFrame.new(-0.0000011622905731201172, -0.0000010728836059570312, 2.4586915969848633e-07, 0.9356994032859802, 0.05420779436826706, -0.34860849380493164, -0.1056300699710846, 0.985841691493988, -0.13022519648075104, 0.3366139829158783, 0.15867532789707184, 0.9281776547431946),
            ["LeftFoot"] = CFrame.new(-2.7939677238464355e-08, -1.1920928955078125e-07, 4.656612873077393e-10, 0.9926892518997192, -0.11901164799928665, 0.020106365904211998, 0.11899285763502121, 0.9370875954627991, -0.3281884491443634, 0.020216818898916245, 0.32818156480789185, 0.9443982243537903),
            ["LowerTorso"] = CFrame.new(-0.14875081181526184, -0.12763714790344238, 0.17883199453353882, 0.7216306328773499, 0.0682598352432251, -0.6889048218727112, 0.01572454534471035, 0.9932540059089661, 0.11488767713308334, 0.6920996904373169, -0.09373917430639267, 0.7156891822814941),
            ["RightLowerLeg"] = CFrame.new(-4.470348358154297e-08, -0.0007260441780090332, 0.0000461207891930826, 1, 7.450583439094771e-08, -2.2351738238057806e-08, -6.28642737865448e-08, 0.7943034768104553, 0.6075214743614197, 5.960464477539063e-08, -0.6075212955474854, 0.7943032383918762),
            ["LeftUpperLeg"] = CFrame.new(0, 1.3969838619232178e-08, 8.940696716308594e-08, 0.7481734752655029, 0.36395323276519775, 0.5547743439674377, -0.056865300983190536, 0.8682256937026978, -0.49290022253990173, -0.6610619425773621, 0.3372274339199066, 0.6702797412872314),
            ["LeftLowerLeg"] = CFrame.new(4.842877388000488e-08, -0.0007268786430358887, 0.00008104369044303894, 1, 6.33299421792799e-08, 3.492460010079412e-08, -7.63684582238966e-08, 0.7263299822807312, 0.6873463988304138, 4.0978196835794733e-08, -0.6873462200164795, 0.7263298034667969),
        }},
        {Time = 0.167, Data = {
            ["RightFoot"] = CFrame.new(2.1606683731079102e-07, -1.1920928955078125e-07, -5.75528247281909e-09, 0.9819347858428955, 0.1863918900489807, -0.0325920544564724, -0.18747758865356445, 0.935033917427063, -0.30093809962272644, -0.025617927312850952, 0.30161166191101074, 0.9530866146087646),
            ["LeftLowerArm"] = CFrame.new(0.0000014603137969970703, -4.76837158203125e-07, 0.000004589557647705078, 1, 1.6391278734317893e-07, 2.9802322387695312e-08, -8.47503613954359e-08, 0.9262425899505615, -0.3769282102584839, -1.4156104555240745e-07, 0.3769282102584839, 0.9262425303459167),
            ["RightUpperArm"] = CFrame.new(-0.02558720111846924, 0.010439634323120117, -0.05735108256340027, 0.9445456862449646, -0.3181303143501282, -0.08140364289283752, 0.3254684507846832, 0.8740126490592957, 0.36079397797584534, -0.0436316579580307, -0.36728063225746155, 0.9290862083435059),
            ["Head"] = CFrame.new(2.2351741790771484e-08, -9.5367431640625e-07, 2.421438694000244e-08, 0.9568888545036316, -0.21483929455280304, 0.1954682320356369, 0.23601020872592926, 0.9673749208450317, -0.09211448580026627, -0.16930128633975983, 0.13427558541297913, 0.9763744473457336),
            ["RightHand"] = CFrame.new(0, 0.0000012516975402832031, -7.562339305877686e-07, 0.9114101529121399, 0.1119343638420105, 0.3959822654724121, -0.09073927253484726, 0.9932740330696106, -0.07192465662956238, -0.4013701379299164, 0.02962183766067028, 0.9154369831085205),
            ["UpperTorso"] = CFrame.new(1.4086253941059113e-08, -5.960464477539063e-08, 7.450580596923828e-09, 0.9849504828453064, 0.08775734901428223, 0.1489005982875824, -0.06860462576150894, 0.9892399311065674, -0.1292199045419693, -0.15863829851150513, 0.11706000566482544, 0.9803728461265564),
            ["HumanoidRootPart"] = CFrame.new(0, 0, 0, 1, 0, 0, 0, 1, 0, 0, 0, 1),
            ["RightUpperLeg"] = CFrame.new(0, -3.175809979438782e-07, -6.129994289949536e-08, 0.940650463104248, -0.2662288248538971, -0.21047282218933105, 0.14785750210285187, 0.8797085285186768, -0.4519416093826294, 0.3054748475551605, 0.39399904012680054, 0.8668621778488159),
            ["LeftUpperArm"] = CFrame.new(0.036177754402160645, -0.027447819709777832, -0.053712695837020874, 0.9701880216598511, 0.22811384499073029, 0.08184868097305298, -0.2406671643257141, 0.9466003179550171, 0.21453970670700073, -0.028538551181554794, -0.22784213721752167, 0.9732798337936401),
            ["RightLowerArm"] = CFrame.new(0, 7.152557373046875e-07, -0.0000035762786865234375, 1, -0.000019252307538408786, 0.0000026789496132550994, 0.000018930066289613023, 0.9348800182342529, -0.3549639880657196, 0.000004313887075113598, 0.35496407747268677, 0.9348800182342529),
            ["LeftHand"] = CFrame.new(-0.0000013709068298339844, -0.0000014901161193847656, 3.129243850708008e-07, 0.9375304579734802, 0.05755672603845596, -0.3431088328361511, -0.10553702712059021, 0.9867991805076599, -0.1228390634059906, 0.33150961995124817, 0.15137618780136108, 0.9312286972999573),
            ["LeftFoot"] = CFrame.new(3.166496753692627e-08, 5.960464477539063e-08, -3.213062882423401e-08, 0.9923597574234009, -0.12164092808961868, 0.020633036270737648, 0.1216903105378151, 0.9374277591705322, -0.3262220323085785, 0.020339932292699814, 0.32624033093452454, 0.9450680613517761),
            ["LowerTorso"] = CFrame.new(-0.1528356671333313, -0.12761008739471436, 0.17448487877845764, 0.7003335952758789, 0.08187711238861084, -0.7091043591499329, 0.0004611686454154551, 0.993347704410553, 0.11515288054943085, 0.7138155698776245, -0.08097244799137115, 0.6956369876861572),
            ["RightLowerLeg"] = CFrame.new(-4.470348358154297e-08, -0.000726163387298584, 0.00004592707409756258, 1, 1.0430815677864302e-07, -8.568168397005138e-08, -4.7497451305389404e-08, 0.779608428478241, 0.6262673735618591, 5.21540641784668e-08, -0.6262673735618591, 0.7796083688735962),
            ["LeftUpperLeg"] = CFrame.new(0, -1.7881393432617188e-07, -4.470348358154297e-08, 0.7301132082939148, 0.3460008203983307, 0.5892523527145386, -0.045418497174978256, 0.8849945664405823, -0.4633807837963104, -0.6818152070045471, 0.31155744194984436, 0.6618609428405762),
            ["LeftLowerLeg"] = CFrame.new(-1.5459954738616943e-07, -0.0007268190383911133, 0.00008099526166915894, 1, 9.49948883999241e-08, -3.352760913344355e-08, -7.264315371457997e-08, 0.7424860596656799, 0.6698616743087769, -2.2351738238057806e-08, -0.6698615550994873, 0.7424860000610352),
        }},
        {Time = 0.200, Data = {
            ["RightFoot"] = CFrame.new(2.644956111907959e-07, -1.1920928955078125e-07, 3.149762051180005e-08, 0.9816681742668152, 0.18769074976444244, -0.033165205270051956, -0.18886205554008484, 0.9344521164894104, -0.3018784821033478, -0.025668645277619362, 0.30260810256004333, 0.9527693390846252),
            ["LeftLowerArm"] = CFrame.new(0.000001341104507446289, -2.980232238769531e-07, 0.000004708766937255859, 1, 1.564621925354004e-07, 8.940695295223122e-08, -1.4249238233787764e-07, 0.9170385003089905, -0.3987986445426941, -1.0058285937475375e-07, 0.3987986445426941, 0.9170385003089905),
            ["RightUpperArm"] = CFrame.new(-0.02955394983291626, 0.014074325561523438, -0.057192202657461166, 0.9415302872657776, -0.333940327167511, -0.044772740453481674, 0.32566624879837036, 0.8679177761077881, 0.3750469386577606, -0.08638443797826767, -0.3676990568637848, 0.9259240031242371),
            ["Head"] = CFrame.new(1.4901161193847656e-08, -8.344650268554688e-07, -9.313225746154785e-09, 0.9569421410560608, -0.2058257758617401, 0.2046889215707779, 0.22823172807693481, 0.9692111611366272, -0.0924132913351059, -0.17936591804027557, 0.13515056669712067, 0.9744548797607422),
            ["RightHand"] = CFrame.new(2.980232238769531e-07, 0.0000011324882507324219, -7.599592208862305e-07, 0.9143577814102173, 0.12155315279960632, 0.38623112440109253, -0.09623603522777557, 0.9917821288108826, -0.08430250734090805, -0.3933047950267792, 0.03991343453526497, 0.918541669845581),
            ["UpperTorso"] = CFrame.new(-2.0023435354232788e-08, 1.4901161193847656e-07, -2.2351741790771484e-08, 0.9839121699333191, 0.07516127824783325, 0.1620735377073288, -0.054787151515483856, 0.9904259443283081, -0.1267077624797821, -0.17004522681236267, 0.11578978598117828, 0.9786098599433899),
            ["HumanoidRootPart"] = CFrame.new(0, 0, 0, 1, 0, 0, 0, 1, 0, 0, 0, 1),
            ["RightUpperLeg"] = CFrame.new(-1.1920928955078125e-07, 9.12696123123169e-08, -5.3849362302571535e-08, 0.9448245167732239, -0.27401256561279297, -0.1795099526643753, 0.16265688836574554, 0.8680983185768127, -0.46898648142814636, 0.2843405604362488, 0.41391122341156006, 0.8647704124450684),
            ["LeftUpperArm"] = CFrame.new(0.032562315464019775, -0.031502723693847656, -0.05284496396780014, 0.9679871201515198, 0.23578882217407227, 0.08605038374662399, -0.24900192022323608, 0.9452577829360962, 0.21091634035110474, -0.031608305871486664, -0.22559107840061188, 0.973709225654602),
            ["RightLowerArm"] = CFrame.new(3.5762786865234375e-07, -2.384185791015625e-07, -0.000003933906555175781, 1, -0.000019282108041807078, 0.000002291985083502368, 0.00001891422834887635, 0.9412550330162048, -0.3376965820789337, 0.000004328786872065393, 0.3376965820789337, 0.9412550926208496),
            ["LeftHand"] = CFrame.new(-0.000001430511474609375, -0.0000010728836059570312, 3.5762786865234375e-07, 0.9406294822692871, 0.059410691261291504, -0.3341952860355377, -0.10352309048175812, 0.9878676533699036, -0.11576110869646072, 0.3232635259628296, 0.14348530769348145, 0.93536776304245),
            ["LeftFoot"] = CFrame.new(4.7497451305389404e-08, -1.1920928955078125e-07, 4.656612873077393e-10, 0.9920615553855896, -0.12395898252725601, 0.02116684429347515, 0.12410132586956024, 0.9378684759140015, -0.32403939962387085, 0.020315906032919884, 0.32409411668777466, 0.9458068013191223),
            ["LowerTorso"] = CFrame.new(-0.1557345986366272, -0.12758946418762207, 0.17111706733703613, 0.683350145816803, 0.09198612719774246, -0.7242728471755981, -0.011245948262512684, 0.99323970079422, 0.115535669028759, 0.7300041913986206, -0.07080619037151337, 0.6797649264335632),
            ["RightLowerLeg"] = CFrame.new(-2.9802322387695312e-08, -0.0007263422012329102, 0.00004594197525875643, 1, 3.72529100900465e-08, 1.341104365337742e-07, -7.078050145992165e-08, 0.7686836123466492, 0.6396291255950928, -1.4901157641133977e-08, -0.6396293044090271, 0.7686836123466492),
            ["LeftUpperLeg"] = CFrame.new(5.960464477539063e-08, 7.35744833946228e-08, -7.450580596923828e-08, 0.7157377004623413, 0.3309135138988495, 0.6149923205375671, -0.037240006029605865, 0.8974438905715942, -0.43955397605895996, -0.6973755359649658, 0.2917029857635498, 0.6546577215194702),
            ["LeftLowerLeg"] = CFrame.new(5.029141902923584e-08, -0.0007265806198120117, 0.00008085742592811584, 1, -3.7252898543727042e-09, 7.12461769580841e-08, -5.029141902923584e-08, 0.7553644180297852, 0.6553049683570862, 2.9802322387695312e-08, -0.655305027961731, 0.7553644180297852),
        }},
        {Time = 0.233, Data = {
            ["RightFoot"] = CFrame.new(2.0116567611694336e-07, -5.960464477539063e-08, -5.75528247281909e-09, 0.981584906578064, 0.18808242678642273, -0.03340759128332138, -0.18929116427898407, 0.9341577291488647, -0.30252039432525635, -0.025690726935863495, 0.30327290296554565, 0.9525572657585144),
            ["LeftLowerArm"] = CFrame.new(0.0000015497207641601562, -8.344650268554688e-07, 0.000004649162292480469, 1, 1.7881390590446244e-07, 5.215407838932151e-08, -1.1548399925231934e-07, 0.911621630191803, -0.4110304117202759, -1.1920928955078125e-07, 0.4110303521156311, 0.9116217494010925),
            ["RightUpperArm"] = CFrame.new(-0.03161346912384033, 0.015596747398376465, -0.05741451680660248, 0.9343674778938293, -0.3562909662723541, -0.0037792562507092953, 0.32997286319732666, 0.861249566078186, 0.38648074865341187, -0.13444486260414124, -0.36236175894737244, 0.9222898483276367),
            ["Head"] = CFrame.new(1.4901161193847656e-08, -5.960464477539062e-07, 2.7008354663848877e-08, 0.9577798843383789, -0.19571055471897125, 0.2106068730354309, 0.21899063885211945, 0.9712509512901306, -0.09335317462682724, -0.18628208339214325, 0.13553248345851898, 0.9731032848358154),
            ["RightHand"] = CFrame.new(2.384185791015625e-07, 7.748603820800781e-07, -8.344650268554688e-07, 0.917839527130127, 0.13280141353607178, 0.3740776479244232, -0.10568747669458389, 0.990117073059082, -0.09218655526638031, -0.38262370228767395, 0.04507727921009064, 0.9228041768074036),
            ["UpperTorso"] = CFrame.new(-1.1175870895385742e-08, -5.066394805908203e-07, 1.4901161193847656e-08, 0.9840564727783203, 0.07067713141441345, 0.16321131587028503, -0.05035460740327835, 0.9908199310302734, -0.1254604011774063, -0.17057980597019196, 0.11524172127246857, 0.9785814881324768),
            ["HumanoidRootPart"] = CFrame.new(0, 0, 0, 1, 0, 0, 0, 1, 0, 0, 0, 1),
            ["RightUpperLeg"] = CFrame.new(-2.9802322387695312e-08, -3.557652235031128e-07, 2.8107024263590574e-08, 0.946165919303894, -0.2762210965156555, -0.16873612999916077, 0.16754162311553955, 0.8639705777168274, -0.47485196590423584, 0.2769472599029541, 0.42101866006851196, 0.8637382388114929),
            ["LeftUpperArm"] = CFrame.new(0.03067094087600708, -0.033237457275390625, -0.0527612678706646, 0.9670620560646057, 0.2433103770017624, 0.07477345317602158, -0.25389039516448975, 0.9430184364318848, 0.21507175266742706, -0.018183842301368713, -0.22697190940380096, 0.9737316370010376),
            ["RightLowerArm"] = CFrame.new(2.384185791015625e-07, -1.7881393432617188e-07, -0.000003933906555175781, 1, -0.000019282108041807078, 0.0000022957106011745054, 0.000018950087905977853, 0.9417321085929871, -0.3363639712333679, 0.0000042989854591724, 0.3363640010356903, 0.9417321085929871),
            ["LeftHand"] = CFrame.new(-0.0000011324882507324219, -0.0000015497207641601562, 2.682209014892578e-07, 0.9434646368026733, 0.05875898897647858, -0.3262231647968292, -0.10053907334804535, 0.9885278940200806, -0.1127142682671547, 0.31585824489593506, 0.139140322804451, 0.9385488629341125),
            ["LeftFoot"] = CFrame.new(-4.842877388000488e-08, -1.7881393432617188e-07, 1.1641532182693481e-08, 0.9918999671936035, -0.12518712878227234, 0.021507157012820244, 0.12538816034793854, 0.9379475116729736, -0.32331520318984985, 0.020302223041653633, 0.323392778635025, 0.9460469484329224),
            ["LowerTorso"] = CFrame.new(-0.15609295666217804, -0.12764346599578857, 0.169809952378273, 0.6772947311401367, 0.09573598206043243, -0.7294563055038452, -0.015215273015201092, 0.9931079745292664, 0.11621113866567612, 0.7355544567108154, -0.06761030107736588, 0.674083411693573),
            ["RightLowerLeg"] = CFrame.new(0, -0.0007265210151672363, 0.0000461207891930826, 1, 1.043081780949251e-07, -7.450583261459087e-09, -3.725290653733282e-08, 0.7648487091064453, 0.6442102789878845, -1.4901162970204496e-08, -0.6442100405693054, 0.7648485898971558),
            ["LeftUpperLeg"] = CFrame.new(5.960464477539063e-08, -6.910413503646851e-07, 2.2351741790771484e-08, 0.7106696367263794, 0.3257053792476654, 0.6235902905464172, -0.03460315242409706, 0.9014882445335388, -0.431417852640152, -0.7026744484901428, 0.28501754999160767, 0.6519309282302856),
            ["LeftLowerLeg"] = CFrame.new(4.284083843231201e-08, -0.0007267594337463379, 0.00008092820644378662, 1, 4.470348358154297e-08, 1.1175868230850483e-08, -5.029141902923584e-08, 0.7598035335540771, 0.6501530408859253, 2.2351741790771484e-08, -0.6501528024673462, 0.759803295135498),
        }},
        {Time = 0.267, Data = {
            ["RightFoot"] = CFrame.new(2.1979212760925293e-07, 0, 6.129994289949536e-08, 0.9817258715629578, 0.1873755156993866, -0.03323933482170105, -0.1885451227426529, 0.9340416789054871, -0.30334293842315674, -0.02579214796423912, 0.3040666878223419, 0.9523016214370728),
            ["LeftLowerArm"] = CFrame.new(0.000001341104507446289, -6.556510925292969e-07, 0.000004887580871582031, 1, 1.564621925354004e-07, 8.940698137394065e-08, -1.0989606380462646e-07, 0.9101346135139465, -0.41431280970573425, -1.1175870895385742e-07, 0.41431277990341187, 0.9101346731185913),
            ["RightUpperArm"] = CFrame.new(-0.031160175800323486, 0.01453709602355957, -0.0579800009727478, 0.9263359308242798, -0.3758058249950409, 0.02591904252767563, 0.33638089895248413, 0.8562009334564209, 0.3921329379081726, -0.16955767571926117, -0.35452792048454285, 0.9195433855056763),
            ["Head"] = CFrame.new(-2.60770320892334e-08, -9.5367431640625e-07, -2.0489096641540527e-08, 0.9588819146156311, -0.18728716671466827, 0.21323463320732117, 0.2110699713230133, 0.9728772044181824, -0.09465494751930237, -0.18972337245941162, 0.13577018678188324, 0.972404956817627),
            ["RightHand"] = CFrame.new(1.7881393432617188e-07, 9.5367431640625e-07, -9.238719940185547e-07, 0.9211907982826233, 0.13773061335086823, 0.36391979455947876, -0.11140082776546478, 0.9894625544548035, -0.09248719364404678, -0.37282371520996094, 0.04465753957629204, 0.9268271923065186),
            ["UpperTorso"] = CFrame.new(1.30385160446167e-08, -8.940696716308594e-08, 2.2351741790771484e-08, 0.9854950904846191, 0.07409343868494034, 0.1526745855808258, -0.05495266616344452, 0.9905091524124146, -0.1259843409061432, -0.16056011617183685, 0.11576700955629349, 0.980213463306427),
            ["HumanoidRootPart"] = CFrame.new(0, 0, 0, 1, 0, 0, 0, 1, 0, 0, 0, 1),
            ["RightUpperLeg"] = CFrame.new(8.940696716308594e-08, 1.825392246246338e-07, 8.77116690389812e-08, 0.9451661109924316, -0.2735578417778015, -0.1784016340970993, 0.16220974922180176, 0.8673282265663147, -0.47056344151496887, 0.2834590673446655, 0.4158220887184143, 0.864142894744873),
            ["LeftUpperArm"] = CFrame.new(0.031011223793029785, -0.03212869167327881, -0.053508684039115906, 0.9670118689537048, 0.2493959665298462, 0.05186164006590843, -0.2546386420726776, 0.9409233331680298, 0.2232096642255783, 0.0068698059767484665, -0.22905217111110687, 0.9733898639678955),
            ["RightLowerArm"] = CFrame.new(1.1920928955078125e-07, 5.364418029785156e-07, -0.000003933906555175781, 1, -0.00001926720142364502, 0.000002346932888031006, 0.000018935652406071313, 0.9419516921043396, -0.335748553276062, 0.000004254281975590857, 0.335748553276062, 0.9419516324996948),
            ["LeftHand"] = CFrame.new(-0.0000017285346984863281, -9.5367431640625e-07, 1.6391277313232422e-07, 0.944672703742981, 0.056496161967515945, -0.3231121599674225, -0.09816113859415054, 0.9886041879653931, -0.11413262039422989, 0.3129822313785553, 0.13953512907028198, 0.9394531846046448),
            ["LeftFoot"] = CFrame.new(1.4156103134155273e-07, -3.5762786865234375e-07, 0, 0.9918877482414246, -0.12526419758796692, 0.021625088527798653, 0.12547659873962402, 0.9375696182250977, -0.3243746757507324, 0.020357342436909676, 0.32445666193962097, 0.9456814527511597),
