return {
["super sassy grind thrust"] = {
        {Time = 0.000, Data = {
            ["Head"] = CFrame.new(-3.7252902984619141e-09, 0, 1.1920928955078125e-07, 0.99972587823867798, 0.0020228081848472357, -0.023325605317950249, -0.0024654266890138388, 0.9998171329498291, -0.018962530419230461, 0.023282984271645546, 0.019014840945601463, 0.99954807758331299),
            ["LeftFoot"] = CFrame.new(-8.9406967163085938e-08, 0.026752948760986328, -2.9951333999633789e-06, 0.95548409223556519, -0.22570964694023132, -0.19001391530036926, 0.088902153074741364, 0.83434009552001953, -0.54403394460678101, 0.2813299298286438, 0.50292319059371948, 0.81726479530334473),
            ["LeftHand"] = CFrame.new(0.00048451125621795654, 0.023845970630645752, -2.6822090148925781e-07, 0.99974673986434937, 0.019086051732301712, -0.011923030950129032, -0.0033340035006403923, 0.64958524703979492, 0.76028144359588623, 0.022255796939134598, -0.76004910469055176, 0.64948439598083496),
            ["LeftLowerArm"] = CFrame.new(-0.00049978494644165039, 0.11507070064544678, 0.069359779357910156, 1, 0, 0, 0, 0.28387272357940674, -0.95886200666427612, 0, 0.95886200666427612, 0.28387272357940674),
            ["LeftLowerLeg"] = CFrame.new(7.1711838245391846e-08, 0.10992467403411865, -0.048829201608896255, 1, -0, 0, 0, 0.49580711126327515, 0.86843276023864746, -0, -0.86843276023864746, 0.49580711126327515),
            ["LeftUpperArm"] = CFrame.new(0.23218214511871338, -0.32812976837158203, 0.13225448131561279, 0.86159563064575195, 0.16235382854938507, -0.4809306263923645, -0.42213243246078491, 0.75533664226531982, -0.50126928091049194, 0.28188157081604004, 0.63490778207778931, 0.7193295955657959),
            ["LeftUpperLeg"] = CFrame.new(0, 1.862645149230957e-07, -9.9978409707546234e-05, 0.94348716735839844, 0.32506585121154785, 0.064530596137046814, -0.32980728149414062, 0.90183442831039429, 0.2791447639465332, 0.032544508576393127, -0.28465217351913452, 0.95807826519012451),
            ["LowerTorso"] = CFrame.new(0.042340651154518127, -1.5594239234924316, 4.4879746437072754, 0.99925333261489868, -0.037635885179042816, 0.008734486997127533, 0.021911391988396645, 0.73822629451751709, 0.67419719696044922, -0.031822033226490021, -0.67350244522094727, 0.73849976062774658),
            ["RightFoot"] = CFrame.new(-2.2351741790771484e-07, 0.028896510601043701, -0.00010268220648868009, 0.98040539026260376, 0.15069273114204407, 0.12687397003173828, -0.047921821475028992, 0.80716103315353394, -0.5883830189704895, -0.19107276201248169, 0.5707738995552063, 0.79856646060943604),
            ["RightHand"] = CFrame.new(-0.0004859529435634613, 0.021088480949401855, -4.4703483581542969e-08, 0.99604427814483643, -0.076391078531742096, 0.045389875769615173, 0.021716827526688576, 0.70459628105163574, 0.70927596092224121, -0.086163893342018127, -0.70548450946807861, 0.70346808433532715),
            ["RightLowerArm"] = CFrame.new(-5.0663948059082031e-07, 0.10366851091384888, 0.047405585646629333, 1, 0, 0, 0, 0.51171612739562988, -0.85915458202362061, 0, 0.85915458202362061, 0.51171612739562988),
            ["RightLowerLeg"] = CFrame.new(-1.4850229490548372e-07, 0.11648768186569214, -0.05988520011305809, 1, -0, 0, 0, 0.38191980123519897, 0.92419546842575073, -0, -0.92419546842575073, 0.38191980123519897),
            ["RightUpperArm"] = CFrame.new(-0.19681030511856079, -0.28322994709014893, 0.18719577789306641, 0.95219594240188599, 0.015327110886573792, 0.30510324239730835, 0.22697775065898895, 0.63295161724090576, -0.74017119407653809, -0.20446027815341949, 0.774039626121521, 0.59921503067016602),
            ["RightUpperLeg"] = CFrame.new(5.9604644775390625e-08, -2.5890767574310303e-07, -9.8552845884114504e-08, 0.94811314344406128, -0.31770157814025879, 0.012133555486798286, 0.31090843677520752, 0.93446725606918335, 0.17351348698139191, -0.06646391749382019, -0.16073797643184662, 0.98475676774978638),
            ["UpperTorso"] = CFrame.new(0.035629577934741974, 0.027130722999572754, -0.054066203534603119, 0.99925482273101807, 0.038080211728811264, 0.0062990160658955574, -0.037611391395330429, 0.92401027679443359, 0.38051331043243408, 0.0086696706712245941, -0.38046669960021973, 0.92475396394729614)
        }},
        {Time = 0.033, Data = {
            ["Head"] = CFrame.new(-2.3592239273284576e-16, 0, 1.1920928955078125e-07, 0.99972587823867798, 0.0020228081848472357, -0.023325605317950249, -0.0024654266890138388, 0.9998171329498291, -0.018962530419230461, 0.023282984271645546, 0.019014840945601463, 0.99954807758331299),
            ["LeftFoot"] = CFrame.new(8.9406967163085938e-08, 0.023118078708648682, -3.1590461730957031e-06, 0.95451349020004272, -0.22810088098049164, -0.19202615320682526, 0.092228785157203674, 0.83830428123474121, -0.53734517097473145, 0.28354525566101074, 0.49519288539886475, 0.82121014595031738),
            ["LeftHand"] = CFrame.new(0.00048507563769817352, 0.023149728775024414, 0, 0.99996370077133179, -0.0076772407628595829, 0.0036977592390030622, 0.0022100531496107578, 0.65274685621261597, 0.75757282972335815, -0.008229769766330719, -0.75753718614578247, 0.65274012088775635),
            ["LeftLowerArm"] = CFrame.new(-0.0004997551441192627, 0.11259841918945312, 0.063305675983428955, 1, 0, 0, 0, 0.3467872142791748, -0.93794381618499756, 0, 0.93794381618499756, 0.3467872142791748),
            ["LeftLowerLeg"] = CFrame.new(-6.3329935073852539e-08, 0.09839475154876709, -0.036193575710058212, 1, -0, 0, 0, 0.62720191478729248, 0.77885669469833374, -0, -0.77885669469833374, 0.62720191478729248),
            ["LeftUpperArm"] = CFrame.new(0.22866815328598022, -0.33182215690612793, 0.13728427886962891, 0.85455572605133057, 0.15827938914299011, -0.4946536123752594, -0.42952385544776917, 0.75080674886703491, -0.50179535150527954, 0.29196545481681824, 0.64127761125564575, 0.70959091186523438),
            ["LeftUpperLeg"] = CFrame.new(-5.9604644775390625e-08, -3.3527612686157227e-07, -9.9444994702935219e-05, 0.94207710027694702, 0.3148345947265625, 0.11562815308570862, -0.33305960893630981, 0.83753687143325806, 0.43313202261924744, 0.039522092789411545, -0.44655480980873108, 0.89388298988342285),
            ["LowerTorso"] = CFrame.new(0.042724542319774628, -1.6542553901672363, 4.4120187759399414, 0.99922305345535278, -0.038576968014240265, 0.0080677485093474388, 0.023837115615606308, 0.75457602739334106, 0.65577960014343262, -0.031385712325572968, -0.65507781505584717, 0.75490933656692505),
            ["RightFoot"] = CFrame.new(-2.9802322387695312e-08, 0.026764571666717529, -0.00010289082274539396, 0.98102682828903198, 0.14831620454788208, 0.1248544380068779, -0.045857153832912445, 0.80324983596801758, -0.59387445449829102, -0.18837049603462219, 0.5768812894821167, 0.79481101036071777),
            ["RightHand"] = CFrame.new(-0.00048700720071792603, 0.019851863384246826, 3.1292438507080078e-07, 0.99757599830627441, -0.059748545289039612, 0.035668075084686279, 0.017311297357082367, 0.70955896377563477, 0.7044333815574646, -0.067397475242614746, -0.70210832357406616, 0.70887339115142822),
            ["RightLowerArm"] = CFrame.new(-2.9802322387695312e-08, 0.098785519599914551, 0.041383042931556702, 1, 0, 0, 0, 0.57431602478027344, -0.81863367557525635, 0, 0.81863367557525635, 0.57431602478027344),
            ["RightLowerLeg"] = CFrame.new(-5.1222741603851318e-08, 0.10899817943572998, -0.047914210706949234, 1, -0, 0, 0, 0.50632709264755249, 0.86234164237976074, -0, -0.86234164237976074, 0.50632709264755249),
            ["RightUpperArm"] = CFrame.new(-0.19604009389877319, -0.28483188152313232, 0.18897342681884766, 0.95065796375274658, 0.018733687698841095, 0.30967482924461365, 0.23017317056655884, 0.62667810916900635, -0.74450981616973877, -0.2080138623714447, 0.7790529727935791, 0.59144455194473267),
            ["RightUpperLeg"] = CFrame.new(-5.9604644775390625e-08, 4.3399631977081299e-07, -1.4698161976411939e-07, 0.94934356212615967, -0.31265902519226074, -0.031483277678489685, 0.30503922700881958, 0.89284348487854004, 0.33133307099342346, -0.075484618544578552, -0.32415255904197693, 0.94298845529556274),
            ["UpperTorso"] = CFrame.new(0.034320022910833359, 0.011679589748382568, 0.033478554338216782, 0.99922126531600952, 0.039026070386171341, 0.0058184890076518059, -0.03863220289349556, 0.93762654066085815, 0.34549102187156677, 0.0080275870859622955, -0.34544673562049866, 0.93840402364730835)
        }},
        {Time = 0.067, Data = {
            ["Head"] = CFrame.new(-3.7252907425511239e-09, -1.1920928955078125e-07, 1.1920928955078125e-07, 0.99972587823867798, 0.0020228081848472357, -0.023325605317950249, -0.0024654266890138388, 0.9998171329498291, -0.018962530419230461, 0.023282984271645546, 0.019014840945601463, 0.99954807758331299),
            ["LeftFoot"] = CFrame.new(9.6857547760009766e-08, 0.017299532890319824, -2.7418136596679688e-06, 0.95677977800369263, -0.22243238985538483, -0.18734005093574524, 0.10494373738765717, 0.86486804485321045, -0.49090743064880371, 0.27121815085411072, 0.45003014802932739, 0.85083115100860596),
            ["LeftHand"] = CFrame.new(0.00048543233424425125, 0.022134721279144287, -1.9371509552001953e-07, 0.99957627058029175, -0.025481458753347397, 0.014068989083170891, 0.0071437982842326164, 0.68332839012145996, 0.73007625341415405, -0.028217146173119545, -0.72966641187667847, 0.68322086334228516),
            ["LeftLowerArm"] = CFrame.new(-0.00049951672554016113, 0.10785835981369019, 0.053977236151695251, 1, 0, 0, 0, 0.44354945421218872, -0.89624989032745361, 0, 0.89624989032745361, 0.44354945421218872),
            ["LeftLowerLeg"] = CFrame.new(1.862645149230957e-08, 0.081530332565307617, -0.023972496390342712, 1, -0, 0, 0, 0.75416368246078491, 0.65668648481369019, -0, -0.65668648481369019, 0.75416368246078491),
            ["LeftUpperArm"] = CFrame.new(0.22609227895736694, -0.33305728435516357, 0.14287185668945312, 0.84943556785583496, 0.14330659806728363, -0.50786072015762329, -0.43195593357086182, 0.74164366722106934, -0.51320433616638184, 0.30310612916946411, 0.65530741214752197, 0.69188064336776733),
            ["LeftUpperLeg"] = CFrame.new(0, -1.9744038581848145e-07, -0.00010059843771159649, 0.94433766603469849, 0.29219841957092285, 0.1511504054069519, -0.32633501291275024, 0.77390372753143311, 0.5427510142326355, 0.041615065187215805, -0.56186586618423462, 0.82618099451065063),
            ["LowerTorso"] = CFrame.new(0.043097533285617828, -1.7005925178527832, 4.3315882682800293, 0.99919164180755615, -0.039533380419015884, 0.0072943810373544693, 0.025454802438616753, 0.76261943578720093, 0.64634644985198975, -0.031115094199776649, -0.64563822746276855, 0.76300925016403198),
            ["RightFoot"] = CFrame.new(1.6391277313232422e-07, 0.023020446300506592, -0.00010271200881106779, 0.98385930061340332, 0.13686349987983704, 0.11527903378009796, -0.049525324255228043, 0.82731890678405762, -0.55954515933990479, -0.17195381224155426, 0.54480445384979248, 0.8207436203956604),
            ["RightHand"] = CFrame.new(-0.00048814248293638229, 0.017633259296417236, -7.4505805969238281e-08, 0.99848484992980957, -0.047167420387268066, 0.028341818600893021, 0.015960745513439178, 0.7411503791809082, 0.67114931344985962, -0.052661929279565811, -0.66968005895614624, 0.74078023433685303),
            ["RightLowerArm"] = CFrame.new(1.1920928955078125e-07, 0.090066790580749512, 0.032715469598770142, 1, 0, 0, 0, 0.66417604684829712, -0.74757629632949829, 0, 0.74757629632949829, 0.66417604684829712),
            ["RightLowerLeg"] = CFrame.new(5.8673322200775146e-08, 0.097320497035980225, -0.035529561340808868, 1, -0, 0, 0, 0.63513469696044922, 0.77240133285522461, -0, -0.77240133285522461, 0.63513469696044922),
            ["RightUpperArm"] = CFrame.new(-0.19534170627593994, -0.28586423397064209, 0.19099676609039307, 0.94926232099533081, 0.027340508997440338, 0.31329461932182312, 0.23224896192550659, 0.61074924468994141, -0.75699782371520996, -0.21204115450382233, 0.79135191440582275, 0.57341146469116211),
            ["RightUpperLeg"] = CFrame.new(5.9604644775390625e-08, -3.9674341678619385e-07, -1.3440876500681043e-07, 0.9541240930557251, -0.29335314035415649, -0.059925846755504608, 0.28861624002456665, 0.84785544872283936, 0.44479414820671082, -0.079673312604427338, -0.44168439507484436, 0.89362579584121704),
            ["UpperTorso"] = CFrame.new(0.033083438873291016, -0.0058851540088653564, 0.11308851093053818, 0.99919396638870239, 0.039782021194696426, 0.005370378028601408, -0.039483580738306046, 0.94980263710021973, 0.31034815311431885, 0.0072454786859452724, -0.31031006574630737, 0.9506077766418457)
        }},
        {Time = 0.100, Data = {
            ["Head"] = CFrame.new(-3.4000580129145419e-16, -2.384185791015625e-07, 0, 0.99972587823867798, 0.0020228081848472357, -0.023325605317950249, -0.0024654266890138388, 0.9998171329498291, -0.018962530419230461, 0.023282984271645546, 0.019014840945601463, 0.99954807758331299),
            ["LeftFoot"] = CFrame.new(-3.7252902984619141e-08, 0.012876570224761963, -2.8312206268310547e-06, 0.96093875169754028, -0.21170911192893982, -0.17825818061828613, 0.12087616324424744, 0.90045344829559326, -0.41781875491142273, 0.24896922707557678, 0.37995108962059021, 0.89087116718292236),
            ["LeftHand"] = CFrame.new(0.00048677064478397369, 0.020243525505065918, 4.4703483581542969e-08, 0.99933844804763794, -0.031723793596029282, 0.017784463241696358, 0.011185030452907085, 0.73339200019836426, 0.67971396446228027, -0.034606091678142548, -0.67906534671783447, 0.73326170444488525),
            ["LeftLowerArm"] = CFrame.new(-0.00050020217895507812, 0.10003155469894409, 0.042998090386390686, 1, 0, 0, 0, 0.55750668048858643, -0.83017247915267944, 0, 0.83017247915267944, 0.55750668048858643),
            ["LeftLowerLeg"] = CFrame.new(1.0244548320770264e-07, 0.064730644226074219, -0.014579989016056061, 1, -0, 0, 0, 0.85071349143981934, 0.52562963962554932, -0, -0.52562963962554932, 0.85071349143981934),
            ["LeftUpperArm"] = CFrame.new(0.22514867782592773, -0.33139562606811523, 0.14779293537139893, 0.84752774238586426, 0.11811280250549316, -0.51744192838668823, -0.42865663766860962, 0.72721463441848755, -0.53610849380493164, 0.31297004222869873, 0.67617177963256836, 0.66696441173553467),
            ["LeftUpperLeg"] = CFrame.new(-5.9604644775390625e-08, -5.550682544708252e-07, -0.00010048714466392994, 0.94882482290267944, 0.26744425296783447, 0.16794368624687195, -0.31329399347305298, 0.73024654388427734, 0.60711359977722168, 0.039728738367557526, -0.62866020202636719, 0.77666467428207397),
            ["LowerTorso"] = CFrame.new(0.04344615712761879, -1.6949658393859863, 4.2627029418945312, 0.99916261434555054, -0.040401212871074677, 0.006466488353908062, 0.02672036737203598, 0.76400351524353027, 0.64465862512588501, -0.030985407531261444, -0.64394599199295044, 0.76444327831268311),
            ["RightFoot"] = CFrame.new(-1.3411045074462891e-07, 0.018535792827606201, -0.0001029653285513632, 0.9873996376991272, 0.12107440829277039, 0.1018965095281601, -0.054180894047021866, 0.86364978551864624, -0.50117212533950806, -0.14868201315402985, 0.48933634161949158, 0.85932743549346924),
            ["RightHand"] = CFrame.new(-0.0004909709095954895, 0.013837873935699463, -1.0430812835693359e-07, 0.99885803461074829, -0.040892086923122406, 0.024708403274416924, 0.017259534448385239, 0.79107081890106201, 0.61148107051849365, -0.044550828635692596, -0.61035633087158203, 0.79087322950363159),
            ["RightLowerArm"] = CFrame.new(5.9604644775390625e-08, 0.076900959014892578, 0.023152479901909828, 1, 0, 0, 0, 0.76327794790267944, -0.64607024192810059, 0, 0.64607024192810059, 0.76327794790267944),
            ["RightLowerLeg"] = CFrame.new(-1.2293457984924316e-07, 0.084425687789916992, -0.026016352698206902, 1, -0, 0, 0, 0.7340354323387146, 0.67911124229431152, -0, -0.67911124229431152, 0.7340354323387146),
            ["RightUpperArm"] = CFrame.new(-0.19495654106140137, -0.285758376121521, 0.19282007217407227, 0.94849675893783569, 0.04123976081609726, 0.31409099698066711, 0.23205503821372986, 0.58449447154998779, -0.77750676870346069, -0.21564862132072449, 0.81034904718399048, 0.54482120275497437),
            ["RightUpperLeg"] = CFrame.new(0, -1.0523945093154907e-06, 2.3462780518457294e-07, 0.96024215221405029, -0.27047324180603027, -0.069131910800933838, 0.26745951175689697, 0.82034778594970703, 0.50546503067016602, -0.080002561211585999, -0.50385880470275879, 0.86007320880889893),
            ["UpperTorso"] = CFrame.new(0.032079130411148071, -0.023670583963394165, 0.17060407996177673, 0.99916273355484009, 0.040573455393314362, 0.0052563911303877831, -0.040400542318820953, 0.95821988582611084, 0.28316515684127808, 0.0064522093161940575, -0.28314042091369629, 0.95905673503875732)
        }},
        {Time = 0.133, Data = {
            ["Head"] = CFrame.new(-3.7252907425511239e-09, 2.384185791015625e-07, -2.384185791015625e-07, 0.99972587823867798, 0.0020228081848472357, -0.023325605317950249, -0.0024654266890138388, 0.9998171329498291, -0.018962530419230461, 0.023282984271645546, 0.019014840945601463, 0.99954807758331299),
            ["LeftFoot"] = CFrame.new(-1.5646219253540039e-07, 0.011066079139709473, -2.816319465637207e-06, 0.96552866697311401, -0.1991303414106369, -0.16763496398925781, 0.13259683549404144, 0.93046057224273682, -0.34155696630477905, 0.22399207949638367, 0.30755519866943359, 0.92479044198989868),
            ["LeftHand"] = CFrame.new(0.00048861978575587273, 0.017456352710723877, -2.9802322387695312e-08, 0.99954622983932495, -0.02636120468378067, 0.014573624357581139, 0.012055999599397182, 0.79350543022155762, 0.60844379663467407, -0.02760356105864048, -0.60799199342727661, 0.79346317052841187),
            ["LeftLowerArm"] = CFrame.new(-0.00050008296966552734, 0.088952362537384033, 0.031849801540374756, 1, 0, 0, 0, 0.67317038774490356, -0.7394874095916748, 0, 0.7394874095916748, 0.67317038774490356),
            ["LeftLowerLeg"] = CFrame.new(5.5879354476928711e-08, 0.054784715175628662, -0.010001353919506073, 1, -0, 0, 0, 0.89734828472137451, 0.44132319092750549, -0, -0.44132319092750549, 0.89734828472137451),
            ["LeftUpperArm"] = CFrame.new(0.22596824169158936, -0.32787597179412842, 0.15033209323883057, 0.84915453195571899, 0.085153564810752869, -0.52123457193374634, -0.42163026332855225, 0.70364820957183838, -0.57193273305892944, 0.3180636465549469, 0.70542758703231812, 0.63340938091278076),
            ["LeftUpperLeg"] = CFrame.new(-5.9604644775390625e-08, 4.1723251342773438e-07, -9.9699245765805244e-05, 0.95386511087417603, 0.25172099471092224, 0.16363954544067383, -0.2981363832950592, 0.7298017144203186, 0.61522692441940308, 0.035441108047962189, -0.63563042879104614, 0.77117955684661865),
            ["LowerTorso"] = CFrame.new(0.043760161846876144, -1.6353049278259277, 4.2222805023193359, 0.99913507699966431, -0.041191928088665009, 0.0056894617155194283, 0.027634650468826294, 0.75998437404632568, 0.64935356378555298, -0.031072031706571579, -0.64863473176956177, 0.76046532392501831),
            ["RightFoot"] = CFrame.new(1.4901161193847656e-08, 0.015838801860809326, -0.0001029951308737509, 0.99046432971954346, 0.10539000481367111, 0.088732004165649414, -0.056680001318454742, 0.89874786138534546, -0.43478697538375854, -0.1255698949098587, 0.42561167478561401, 0.89615118503570557),
            ["RightHand"] = CFrame.new(-0.00049362145364284515, 0.0096851587295532227, -2.0116567611694336e-07, 0.99882429838180542, -0.041514426469802856, 0.025030650198459625, 0.022261112928390503, 0.8514818549156189, 0.52391135692596436, -0.043063022196292877, -0.52273821830749512, 0.85140490531921387),
            ["RightLowerArm"] = CFrame.new(1.7881393432617188e-07, 0.059824585914611816, 0.013731777667999268, 1, 0, 0, 0, 0.86018073558807373, -0.50998938083648682, 0, 0.50998938083648682, 0.86018073558807373),
            ["RightLowerLeg"] = CFrame.new(1.0058283805847168e-07, 0.076308906078338623, -0.021159416064620018, 1, -0, 0, 0, 0.78434765338897705, 0.62032145261764526, -0, -0.62032145261764526, 0.78434765338897705),
            ["RightUpperArm"] = CFrame.new(-0.194999098777771, -0.28484821319580078, 0.19360458850860596, 0.94856357574462891, 0.060848772525787354, 0.3106839656829834, 0.23022919893264771, 0.54101836681365967, -0.8088841438293457, -0.21730536222457886, 0.8388066291809082, 0.49918121099472046),
            ["RightUpperLeg"] = CFrame.new(5.9604644775390625e-08, 5.7928264141082764e-07, 2.5348708732053638e-07, 0.96581774950027466, -0.25221902132034302, -0.059846922755241394, 0.24726128578186035, 0.82704514265060425, 0.50483483076095581, -0.077832832932472229, -0.5023762583732605, 0.86113888025283813),
            ["UpperTorso"] = CFrame.new(0.031503092497587204, -0.037448465824127197, 0.19227544963359833, 0.99913442134857178, 0.041203606873750687, 0.005716059822589159, -0.041203606873750687, 0.96138709783554077, 0.27209767699241638, 0.005716059822589159, -0.27209767699241638, 0.96225267648696899)
        }},
        {Time = 0.167, Data = {
            ["Head"] = CFrame.new(-4.2327252813834093e-16, -2.384185791015625e-07, 0, 0.99972587823867798, 0.0020228081848472357, -0.023325605317950249, -0.0024654266890138388, 0.9998171329498291, -0.018962530419230461, 0.023282984271645546, 0.019014840945601463, 0.99954807758331299),
            ["LeftFoot"] = CFrame.new(-1.4156103134155273e-07, 0.011718988418579102, -2.816319465637207e-06, 0.96959000825881958, -0.18724282085895538, -0.15759223699569702, 0.13569159805774689, 0.9471886157989502, -0.29055389761924744, 0.20367369055747986, 0.26033422350883484, 0.94379186630249023),
            ["LeftHand"] = CFrame.new(0.00049095042049884796, 0.013385117053985596, 1.2665987014770508e-07, 0.99992388486862183, -0.010997668839991093, 0.0055954647250473499, 0.0064476775005459785, 0.85231876373291016, 0.52298301458358765, -0.010520713403820992, -0.5229070782661438, 0.8523247241973877),
            ["LeftLowerArm"] = CFrame.new(-0.000499725341796875, 0.07528918981552124, 0.022312968969345093, 1, 0, 0, 0, 0.77204519510269165, -0.63556760549545288, 0, 0.63556760549545288, 0.77204519510269165),
            ["LeftLowerLeg"] = CFrame.new(7.4505805969238281e-09, 0.058404624462127686, -0.011550039052963257, 1, -0, 0, 0, 0.88161158561706543, 0.47197568416595459, -0, -0.47197568416595459, 0.88161158561706543),
            ["LeftUpperArm"] = CFrame.new(0.22820234298706055, -0.32452356815338135, 0.14875233173370361, 0.85364556312561035, 0.050411105155944824, -0.51840901374816895, -0.41493561863899231, 0.66742980480194092, -0.61835736036300659, 0.31482955813407898, 0.74296444654464722, 0.59066587686538696),
            ["LeftUpperLeg"] = CFrame.new(-5.9604644775390625e-08, -4.898756742477417e-07, -9.967852383852005e-05, 0.95840513706207275, 0.2519286572933197, 0.13413241505622864, -0.28382107615470886, 0.79171836376190186, 0.5409507155418396, 0.030085895210504532, -0.55651956796646118, 0.83028960227966309),
            ["LowerTorso"] = CFrame.new(0.044032678008079529, -1.5202808380126953, 4.2274312973022461, 0.99910962581634521, -0.041892368346452713, 0.0050001321360468864, 0.02822987362742424, 0.75188565254211426, 0.65868890285491943, -0.031353563070297241, -0.65796124935150146, 0.7523987889289856),
            ["RightFoot"] = CFrame.new(8.9406967163085938e-08, 0.016374528408050537, -0.00010272690997226164, 0.99253404140472412, 0.093313060700893402, 0.078541912138462067, -0.057452760636806488, 0.92572909593582153, -0.37379777431488037, -0.1075887456536293, 0.36649459600448608, 0.92417877912521362),
            ["RightHand"] = CFrame.new(-0.00049563776701688766, 0.0067211389541625977, -5.2154064178466797e-08, 0.99840074777603149, -0.048414058983325958, 0.029190294444561005, 0.03246278315782547, 0.9136970043182373, 0.40509748458862305, -0.046283498406410217, -0.40350204706192017, 0.91380739212036133),
            ["RightLowerArm"] = CFrame.new(-2.9802322387695312e-08, 0.039535105228424072, 0.005576401948928833, 1, 0, 0, 0, 0.94318604469299316, -0.33226513862609863, 0, 0.33226513862609863, 0.94318604469299316),
            ["RightLowerLeg"] = CFrame.new(-9.3132257461547852e-09, 0.077936768531799316, -0.022075651213526726, 1, -0, 0, 0, 0.7748342752456665, 0.63216441869735718, -0, -0.63216441869735718, 0.7748342752456665),
            ["RightUpperArm"] = CFrame.new(-0.1954270601272583, -0.28419864177703857, 0.19241547584533691, 0.94943434000015259, 0.086177319288253784, 0.30190712213516235, 0.22893768548965454, 0.46801340579986572, -0.85355198383331299, -0.21485340595245361, 0.87950944900512695, 0.42461878061294556),
            ["RightUpperLeg"] = CFrame.new(1.1920928955078125e-07, -8.3819031715393066e-08, -2.2940366761758924e-07, 0.96982622146606445, -0.2415769100189209, -0.032828956842422485, 0.23220771551132202, 0.87428545951843262, 0.42626819014549255, -0.074274666607379913, -0.42102918028831482, 0.90400093793869019),
            ["UpperTorso"] = CFrame.new(0.031615510582923889, -0.040542721748352051, 0.16499295830726624, 0.99911212921142578, 0.041511412709951401, 0.0071973688900470734, -0.041835729032754898, 0.95735049247741699, 0.28588438034057617, 0.0049770558252930641, -0.28593164682388306, 0.95823711156845093)
        }},
        {Time = 0.200, Data = {
            ["Head"] = CFrame.new(-4.5102810375396984e-16, 0, 1.1920928955078125e-07, 0.99972587823867798, 0.0020228081848472357, -0.023325605317950249, -0.0024654266890138388, 0.9998171329498291, -0.018962530419230461, 0.023282984271645546, 0.019014840945601463, 0.99954807758331299),
            ["LeftFoot"] = CFrame.new(-1.2665987014770508e-07, 0.0134316086769104, -2.9355287551879883e-06, 0.97293150424957275, -0.17679843306541443, -0.14881718158721924, 0.13739633560180664, 0.96033757925033569, -0.24263970553874969, 0.18581303954124451, 0.21562488377094269, 0.9586341381072998),
            ["LeftHand"] = CFrame.new(0.00049328338354825974, 0.010213255882263184, -2.5331974029541016e-07, 0.99991303682327271, 0.011030696332454681, -0.0072252443060278893, -0.0068118870258331299, 0.90125715732574463, 0.43323102593421936, 0.011290642432868481, -0.43314412236213684, 0.90125393867492676),
            ["LeftLowerArm"] = CFrame.new(-0.00049996376037597656, 0.062567293643951416, 0.015228569507598877, 1, 0, 0, 0, 0.84490352869033813, -0.53491866588592529, 0, 0.53491866588592529, 0.84490352869033813),
            ["LeftLowerLeg"] = CFrame.new(-7.0780515670776367e-08, 0.067695498466491699, -0.016149591654539108, 1, -0, 0, 0, 0.83469271659851074, 0.55071604251861572, -0, -0.55071604251861572, 0.83469271659851074),
            ["LeftUpperArm"] = CFrame.new(0.23117911815643311, -0.32363080978393555, 0.14166843891143799, 0.85958123207092285, 0.018830358982086182, -0.51065212488174438, -0.41313737630844116, 0.61372053623199463, -0.67280352115631104, 0.30072855949401855, 0.78929877281188965, 0.53532218933105469),
            ["LeftUpperLeg"] = CFrame.new(2.9802322387695312e-08, -2.7380883693695068e-07, -9.9789351224899292e-05, 0.96219038963317871, 0.25603517889976501, 0.092928186058998108, -0.27128979563713074, 0.87038266658782959, 0.41089645028114319, 0.024320859462022781, -0.42057105898857117, 0.90693354606628418),
            ["LowerTorso"] = CFrame.new(0.044259935617446899, -1.3729209899902344, 4.2643260955810547, 0.99908840656280518, -0.042446494102478027, 0.0045458804816007614, 0.028420150279998779, 0.74081540107727051, 0.67110717296600342, -0.031853802502155304, -0.67036616802215576, 0.74134641885757446),
            ["RightFoot"] = CFrame.new(-3.7252902984619141e-08, 0.018315672874450684, -0.00010311434016330168, 0.99388813972473145, 0.084444388747215271, 0.071101970970630646, -0.05879741907119751, 0.95006662607192993, -0.30645757913589478, -0.093430228531360626, 0.30040395259857178, 0.94922506809234619),
            ["RightHand"] = CFrame.new(-0.00049791485071182251, 0.0032562613487243652, 2.384185791015625e-07, 0.99754095077514648, -0.060122866183519363, 0.036018453538417816, 0.04825955256819725, 0.96190828084945679, 0.26907891035079956, -0.05082423985004425, -0.26667898893356323, 0.96244442462921143),
            ["RightLowerArm"] = CFrame.new(-5.9604644775390625e-08, 0.017084479331970215, 0.00094395875930786133, 1, 0, 0, 0, 0.99025833606719971, -0.13924233615398407, 0, 0.13924233615398407, 0.99025833606719971),
            ["RightLowerLeg"] = CFrame.new(-3.3527612686157227e-08, 0.083761215209960938, -0.02558618038892746, 1, -0, 0, 0, 0.738486647605896, 0.67426812648773193, -0, -0.67426812648773193, 0.738486647605896),
            ["RightUpperArm"] = CFrame.new(-0.19607293605804443, -0.28516042232513428, 0.18845820426940918, 0.95070922374725342, 0.11254912614822388, 0.28893718123435974, 0.2308601438999176, 0.3651740550994873, -0.90186011791229248, -0.20701590180397034, 0.9241107702255249, 0.32119119167327881),
            ["RightUpperLeg"] = CFrame.new(5.9604644775390625e-08, 8.5681676864624023e-08, -5.8470322983339429e-07, 0.97262603044509888, -0.23237365484237671, 0.0010511092841625214, 0.22158965468406677, 0.92883157730102539, 0.2969343364238739, -0.069976001977920532, -0.28857317566871643, 0.95489734411239624),
            ["UpperTorso"] = CFrame.new(0.032456845045089722, -0.027485489845275879, 0.11451371014118195, 0.99909090995788574, 0.041492685675621033, 0.0097861345857381821, -0.04239172488451004, 0.94265812635421753, 0.33105677366256714, 0.0045114560052752495, -0.33117067813873291, 0.94356006383895874)
        }},
        {Time = 0.233, Data = {
            ["Head"] = CFrame.new(-3.7252907425511239e-09, 2.384185791015625e-07, 1.1920928955078125e-07, 0.99972587823867798, 0.0020228081848472357, -0.023325605317950249, -0.0024654266890138388, 0.9998171329498291, -0.018962530419230461, 0.023282984271645546, 0.019014840945601463, 0.99954807758331299),
            ["LeftFoot"] = CFrame.new(4.4703483581542969e-08, 0.014828801155090332, -2.9578804969787598e-06, 0.97574925422668457, -0.16747000813484192, -0.14095088839530945, 0.1424306333065033, 0.97472459077835083, -0.17212049663066864, 0.16621330380439758, 0.147870734333992, 0.97493970394134521),
            ["LeftHand"] = CFrame.new(0.00049404799938201904, 0.0089017152786254883, -4.5448541641235352e-07, 0.99919337034225464, 0.034280233085155487, -0.020917207002639771, -0.024633832275867462, 0.93457818031311035, 0.35490384697914124, 0.031714953482151031, -0.35410228371620178, 0.93466877937316895),
            ["LeftLowerArm"] = CFrame.new(-0.000499725341796875, 0.053758919239044189, 0.010891884565353394, 1, 0, 0, 0, 0.88913291692733765, -0.45764905214309692, 0, 0.45764905214309692, 0.88913291692733765),
            ["LeftLowerLeg"] = CFrame.new(7.0780515670776367e-08, 0.073624849319458008, -0.019414752721786499, 1, -0, 0, 0, 0.80123740434646606, 0.59834659099578857, -0, -0.59834659099578857, 0.80123740434646606),
            ["LeftUpperArm"] = CFrame.new(0.23402154445648193, -0.3266291618347168, 0.12881755828857422, 0.8652806282043457, -0.0041762888431549072, -0.50127029418945312, -0.41915059089660645, 0.5424576997756958, -0.72804701328277588, 0.27495846152305603, 0.84007275104522705, 0.46762764453887939),
            ["LeftUpperLeg"] = CFrame.new(-1.1920928955078125e-07, -1.6205012798309326e-07, -0.00010057794861495495, 0.965415358543396, 0.25468096137046814, 0.055774547159671783, -0.26002183556556702, 0.92494362592697144, 0.277250736951828, 0.019022157415747643, -0.28216472268104553, 0.95917737483978271),
            ["LowerTorso"] = CFrame.new(0.044440433382987976, -1.2203116416931152, 4.3065948486328125, 0.99907171726226807, -0.042855281382799149, 0.0043698027729988098, 0.028231058269739151, 0.7279895544052124, 0.68500685691833496, -0.032537326216697693, -0.68424761295318604, 0.7285236120223999),
            ["RightFoot"] = CFrame.new(-4.4703483581542969e-08, 0.019336223602294922, -0.0001029653285513632, 0.99492532014846802, 0.076969742774963379, 0.064801298081874847, -0.060995504260063171, 0.97360533475875854, -0.21993671357631683, -0.080019362270832062, 0.21486802399158478, 0.97335946559906006),
            ["RightHand"] = CFrame.new(-0.0005011875182390213, -0.0018591880798339844, 7.8231096267700195e-08, 0.99635285139083862, -0.073274493217468262, 0.043724723160266876, 0.065679669380187988, 0.98569655418395996, 0.15520483255386353, -0.054471857845783234, -0.15176695585250854, 0.98691421747207642),
            ["RightLowerArm"] = CFrame.new(-3.2782554626464844e-07, -0.0018565654754638672, 1.0192394256591797e-05, 1, 0, 0, 0, 1, 0, 0, 0, 1),
            ["RightLowerLeg"] = CFrame.new(-2.6077032089233398e-08, 0.086796343326568604, -0.027585715055465698, 1, -0, 0, 0, 0.71773898601531982, 0.6963123083114624, -0, -0.6963123083114624, 0.71773898601531982),
            ["RightUpperArm"] = CFrame.new(-0.19669955968856812, -0.28858661651611328, 0.18146359920501709, 0.95197516679763794, 0.13027706742286682, 0.27707615494728088, 0.23771476745605469, 0.25584912300109863, -0.93703413009643555, -0.19296374917030334, 0.95789825916290283, 0.21259325742721558),
            ["RightUpperLeg"] = CFrame.new(5.9604644775390625e-08, -2.7939677238464355e-07, -3.3743708627298474e-07, 0.97489511966705322, -0.2206805944442749, 0.02965715155005455, 0.21294447779655457, 0.96295428276062012, 0.16545003652572632, -0.065070092678070068, -0.1549811065196991, 0.98577213287353516),
            ["UpperTorso"] = CFrame.new(0.03373882919549942, -0.0018790364265441895, 0.075012601912021637, 0.99907255172729492, 0.040922775864601135, 0.013393297791481018, -0.042846158146858215, 0.91395610570907593, 0.40354490280151367, 0.0042732921428978443, -0.40374445915222168, 0.91486179828643799)
        }},
        {Time = 0.267, Data = {
            ["Head"] = CFrame.new(-7.4505805969238281e-09, 2.384185791015625e-07, -1.7881393432617188e-07, 0.99972587823867798, 0.0020228081848472357, -0.023325605317950249, -0.0024654266890138388, 0.9998171329498291, -0.018962530419230461, 0.023282984271645546, 0.019014840945601463, 0.99954807758331299),
            ["LeftFoot"] = CFrame.new(-5.2154064178466797e-08, 0.015500307083129883, -2.9280781745910645e-06, 0.97810626029968262, -0.15918301045894623, -0.1340482234954834, 0.14915682375431061, 0.98542064428329468, -0.081843793392181396, 0.14512202143669128, 0.060057729482650757, 0.98758929967880249),
            ["LeftHand"] = CFrame.new(0.00049438886344432831, 0.0085356831550598145, 2.905726432800293e-07, 0.99798548221588135, 0.054382827132940292, -0.032671958208084106, -0.041560497134923935, 0.9495086669921875, 0.31097599864006042, 0.047934062778949738, -0.3089917004108429, 0.94985604286193848),
            ["LeftLowerArm"] = CFrame.new(-0.00049960613250732422, 0.051253676414489746, 0.0098138600587844849, 1, 0, 0, 0, 0.90010648965835571, -0.43566992878913879, 0, 0.43566992878913879, 0.90010648965835571),
            ["LeftLowerLeg"] = CFrame.new(4.4703483581542969e-08, 0.07604372501373291, -0.020792998373508453, 1, -0, 0, 0, 0.78706026077270508, 0.61687618494033813, -0, -0.61687618494033813, 0.78706026077270508),
            ["LeftUpperArm"] = CFrame.new(0.23622143268585205, -0.33344388008117676, 0.11003929376602173, 0.86967372894287109, -0.011699452996253967, -0.4934883713722229, -0.43274277448654175, 0.46290647983551025, -0.77359628677368164, 0.23748964071273804, 0.88632988929748535, 0.39751476049423218),
            ["LeftUpperLeg"] = CFrame.new(-1.1920928955078125e-07, 1.5087425708770752e-07, -9.9841272458434105e-05, 0.96815496683120728, 0.2491670548915863, 0.024325694888830185, -0.24993592500686646, 0.95637607574462891, 0.15125070512294769, 0.014422181993722916, -0.15251399576663971, 0.98819607496261597),
            ["LowerTorso"] = CFrame.new(0.044573351740837097, -1.0671577453613281, 4.3517403602600098, 0.99905627965927124, -0.043203074485063553, 0.0044836802408099174, 0.027768205851316452, 0.71466481685638428, 0.69891571998596191, -0.033399634063243866, -0.69813156127929688, 0.71519005298614502),
            ["RightFoot"] = CFrame.new(7.4505805969238281e-08, 0.019330620765686035, -0.00010291410580975935, 0.99572086334228516, 0.070693470537662506, 0.059518344700336456, -0.063432268798351288, 0.99120789766311646, -0.11611717939376831, -0.067203782498836517, 0.11184491217136383, 0.99145066738128662),
            ["RightHand"] = CFrame.new(-0.00050458312034606934, -0.0070875883102416992, -1.1920928955078125e-07, 0.99503779411315918, -0.085499167442321777, 0.0508892722427845, 0.07925589382648468, 0.99030095338821411, 0.11411630362272263, -0.060152541846036911, -0.10951676219701767, 0.99216318130493164),
            ["RightLowerArm"] = CFrame.new(-3.5762786865234375e-07, -0.0070784091949462891, 3.8683414459228516e-05, 1, 0, 0, 0, 1, 0, 0, 0, 1),
            ["RightLowerLeg"] = CFrame.new(5.9604644775390625e-08, 0.086780190467834473, -0.027575666084885597, 1, -0, 0, 0, 0.71786856651306152, 0.69617867469787598, -0, -0.69617867469787598, 0.71786856651306152),
            ["RightUpperArm"] = CFrame.new(-0.19717776775360107, -0.29439926147460938, 0.17122566699981689, 0.95292305946350098, 0.1293884813785553, 0.27421930432319641, 0.24936327338218689, 0.18008381128311157, -0.95151865482330322, -0.17249804735183716, 0.97510433197021484, 0.13934129476547241),
            ["RightUpperLeg"] = CFrame.new(5.9604644775390625e-08, -3.03611159324646e-07, -2.8703652787953615e-08, 0.97673100233078003, -0.20804865658283234, 0.052079621702432632, 0.20586057007312775, 0.9775734543800354, 0.04440230131149292, -0.060149494558572769, -0.032647967338562012, 0.99765533208847046),
            ["UpperTorso"] = CFrame.new(0.035275969654321671, 0.030931860208511353, 0.045983176678419113, 0.99905705451965332, 0.039731457829475403, 0.017505507916212082, -0.043183885514736176, 0.86762195825576782, 0.49534568190574646, 0.0044926367700099945, -0.495634526014328, 0.86851960420608521)
        }},
        {Time = 0.300, Data = {
            ["Head"] = CFrame.new(-3.7252907425511239e-09, 2.384185791015625e-07, 0, 0.99972587823867798, 0.0020228081848472357, -0.023325605317950249, -0.0024654266890138388, 0.9998171329498291, -0.018962530419230461, 0.023282984271645546, 0.019014840945601463, 0.99954807758331299),
            ["LeftFoot"] = CFrame.new(1.2293457984924316e-07, 0.015136957168579102, -2.9429793357849121e-06, 0.98007798194885254, -0.15195201337337494, -0.12789724767208099, 0.15618111193180084, 0.98744511604309082, 0.023654915392398834, 0.12269710004329681, -0.043158791959285736, 0.99150526523590088),
            ["LeftHand"] = CFrame.new(0.00049383379518985748, 0.0092133879661560059, -7.4505805969238281e-08, 0.99684602022171021, 0.068153515458106995, -0.040658440440893173, -0.052115518599748611, 0.94856107234954834, 0.31227529048919678, 0.05984966829419136, -0.30917143821716309, 0.94912117719650269),
            ["LeftLowerArm"] = CFrame.new(-0.00050008296966552734, 0.055880188941955566, 0.011856347322463989, 1, 0, 0, 0, 0.87929010391235352, -0.4762866199016571, 0, 0.4762866199016571, 0.87929010391235352),
            ["LeftLowerLeg"] = CFrame.new(-2.1979212760925293e-07, 0.074739038944244385, -0.020042721182107925, 1, -0, 0, 0, 0.79481852054595947, 0.60684722661972046, -0, -0.60684722661972046, 0.79481852054595947),
            ["LeftUpperArm"] = CFrame.new(0.23758727312088013, -0.34273934364318848, 0.085104763507843018, 0.87242823839187622, -0.0026298612356185913, -0.48873516917228699, -0.45132046937942505, 0.37942039966583252, -0.80768191814422607, 0.18756017088890076, 0.92522072792053223, 0.32983016967773438),
            ["LeftUpperLeg"] = CFrame.new(-5.9604644775390625e-08, -1.0784715414047241e-06, -9.937887080013752e-05, 0.97048062086105347, 0.24117884039878845, -0.00040284683927893639, -0.24092471599578857, 0.9695320725440979, 0.044304203242063522, 0.011075809597969055, -0.042899314314126968, 0.99901801347732544),
