return {
["corkscrew"] = {

          {Time = 0.000, Data = {

              ["Head"] = CFrame.new(0.000000, 0.000000, 0.000000, 1.000000, 0.000000, 0.000000, 0.000000, 1.000000, -0.000000, 0.000000, 0.000000, 1.000000),

              ["LeftFoot"] = CFrame.new(-0.000000, -0.000201, -0.000003, 1.000000, -0.000000, 0.000000, 0.000000, 1.000000, 0.000004, -0.000000, 0.000007, 1.000000),

              ["LeftHand"] = CFrame.new(0.000500, 0.000100, -0.000000, 1.000000, 0.000000, 0.000000, -0.000000, 1.000000, 0.000001, -0.000000, -0.000000, 1.000000),

              ["LeftLowerArm"] = CFrame.new(-0.000500, -0.000100, -0.000000, 1.000000, -0.000000, -0.000000, 0.000000, 1.000000, -0.000001, 0.000000, -0.000000, 1.000000),

              ["LeftLowerLeg"] = CFrame.new(-0.000000, 0.000199, 0.000104, 1.000000, -0.000000, 0.000000, -0.000000, 1.000000, -0.000007, 0.000000, -0.000011, 1.000000),

              ["LeftUpperArm"] = CFrame.new(0.000000, 0.000000, 0.000000, 1.000000, 0.000000, 0.000000, -0.000000, 1.000000, 0.000000, -0.000000, 0.000000, 1.000000),

              ["LeftUpperLeg"] = CFrame.new(0.000000, -0.000000, -0.000100, 1.000000, 0.000000, -0.000000, -0.000000, 1.000000, 0.000003, 0.000000, 0.000005, 1.000000),

              ["LowerTorso"] = CFrame.new(0.000000, 0.000000, 0.000000, 1.000000, 0.000000, -0.000000, 0.000000, 1.000000, 0.000000, 0.000000, 0.000000, 1.000000),

              ["RightFoot"] = CFrame.new(-0.000000, -0.000001, -0.000103, 1.000000, -0.000000, -0.000000, 0.000000, 1.000000, 0.000004, 0.000000, 0.000007, 1.000000),

              ["RightHand"] = CFrame.new(-0.000500, -0.000000, -0.000000, 1.000000, -0.000000, -0.000000, 0.000000, 1.000000, 0.000001, 0.000000, -0.000000, 1.000000),

              ["RightLowerArm"] = CFrame.new(-0.000000, -0.000000, -0.000000, 1.000000, 0.000000, 0.000000, -0.000000, 1.000000, -0.000001, -0.000000, -0.000000, 1.000000),

              ["RightLowerLeg"] = CFrame.new(-0.000000, -0.000001, 0.000004, 1.000000, 0.000000, 0.000000, 0.000000, 1.000000, -0.000007, -0.000000, -0.000011, 1.000000),

              ["RightUpperArm"] = CFrame.new(0.000000, 0.000000, 0.000000, 1.000000, -0.000000, -0.000000, 0.000000, 1.000000, 0.000000, 0.000000, 0.000000, 1.000000),

              ["RightUpperLeg"] = CFrame.new(0.000000, -0.000000, -0.000000, 1.000000, 0.000000, 0.000000, -0.000000, 1.000000, 0.000003, -0.000000, 0.000005, 1.000000),

              ["UpperTorso"] = CFrame.new(0.000000, 0.000000, 0.000000, 1.000000, 0.000000, 0.000000, 0.000000, 1.000000, 0.000000, -0.000000, 0.000000, 1.000000)

          }},

          {Time = 0.033, Data = {

              ["Head"] = CFrame.new(0.000000, 0.000000, 0.000000, 1.000000, 0.000000, 0.000000, 0.000000, 1.000000, -0.000000, 0.000000, 0.000000, 1.000000),

              ["LeftFoot"] = CFrame.new(-0.000000, -0.000201, -0.000003, 1.000000, -0.000000, 0.000000, 0.000000, 1.000000, 0.000004, -0.000000, 0.000007, 1.000000),

              ["LeftHand"] = CFrame.new(0.000500, 0.000100, -0.000000, 1.000000, 0.000000, 0.000000, -0.000000, 1.000000, 0.000001, -0.000000, -0.000000, 1.000000),

              ["LeftLowerArm"] = CFrame.new(-0.000500, -0.000100, -0.000000, 1.000000, -0.000000, -0.000000, 0.000000, 1.000000, -0.000001, 0.000000, -0.000000, 1.000000),

              ["LeftLowerLeg"] = CFrame.new(-0.000000, 0.000199, 0.000104, 1.000000, -0.000000, 0.000000, -0.000000, 1.000000, -0.000007, 0.000000, -0.000011, 1.000000),

              ["LeftUpperArm"] = CFrame.new(0.000000, 0.000000, 0.000000, 1.000000, 0.000000, 0.000000, -0.000000, 1.000000, 0.000000, -0.000000, 0.000000, 1.000000),

              ["LeftUpperLeg"] = CFrame.new(0.000000, -0.000000, -0.000100, 1.000000, 0.000000, -0.000000, -0.000000, 1.000000, 0.000003, 0.000000, 0.000005, 1.000000),

              ["LowerTorso"] = CFrame.new(0.000000, 0.000000, 0.000000, 1.000000, 0.000000, -0.000000, 0.000000, 1.000000, 0.000000, 0.000000, 0.000000, 1.000000),

              ["RightFoot"] = CFrame.new(-0.000000, -0.000001, -0.000103, 1.000000, -0.000000, -0.000000, 0.000000, 1.000000, 0.000004, 0.000000, 0.000007, 1.000000),

              ["RightHand"] = CFrame.new(-0.000500, -0.000000, -0.000000, 1.000000, -0.000000, -0.000000, 0.000000, 1.000000, 0.000001, 0.000000, -0.000000, 1.000000),

              ["RightLowerArm"] = CFrame.new(-0.000000, -0.000000, -0.000000, 1.000000, 0.000000, 0.000000, -0.000000, 1.000000, -0.000001, -0.000000, -0.000000, 1.000000),

              ["RightLowerLeg"] = CFrame.new(-0.000000, -0.000001, 0.000004, 1.000000, 0.000000, 0.000000, 0.000000, 1.000000, -0.000007, -0.000000, -0.000011, 1.000000),

              ["RightUpperArm"] = CFrame.new(0.000000, 0.000000, 0.000000, 1.000000, -0.000000, -0.000000, 0.000000, 1.000000, 0.000000, 0.000000, 0.000000, 1.000000),

              ["RightUpperLeg"] = CFrame.new(0.000000, -0.000000, -0.000000, 1.000000, 0.000000, 0.000000, -0.000000, 1.000000, 0.000003, -0.000000, 0.000005, 1.000000),

              ["UpperTorso"] = CFrame.new(0.000000, 0.000000, 0.000000, 1.000000, 0.000000, 0.000000, 0.000000, 1.000000, 0.000000, -0.000000, 0.000000, 1.000000)

          }},

          {Time = 0.067, Data = {

              ["Head"] = CFrame.new(0.000000, 0.000000, 0.000000, 1.000000, 0.000000, 0.000000, 0.000000, 1.000000, -0.000000, 0.000000, 0.000000, 1.000000),

              ["LeftFoot"] = CFrame.new(-0.000000, -0.000201, -0.000003, 1.000000, -0.000000, 0.000000, 0.000000, 1.000000, 0.000004, -0.000000, 0.000007, 1.000000),

              ["LeftHand"] = CFrame.new(0.000500, 0.000100, -0.000000, 1.000000, 0.000000, 0.000000, -0.000000, 1.000000, 0.000001, -0.000000, -0.000000, 1.000000),

              ["LeftLowerArm"] = CFrame.new(-0.000500, -0.000100, -0.000000, 1.000000, -0.000000, -0.000000, 0.000000, 1.000000, -0.000001, 0.000000, -0.000000, 1.000000),

              ["LeftLowerLeg"] = CFrame.new(-0.000000, 0.000199, 0.000104, 1.000000, -0.000000, 0.000000, -0.000000, 1.000000, -0.000007, 0.000000, -0.000011, 1.000000),

              ["LeftUpperArm"] = CFrame.new(0.000000, 0.000000, 0.000000, 1.000000, 0.000000, 0.000000, -0.000000, 1.000000, 0.000000, -0.000000, 0.000000, 1.000000),

              ["LeftUpperLeg"] = CFrame.new(0.000000, -0.000000, -0.000100, 1.000000, 0.000000, -0.000000, -0.000000, 1.000000, 0.000003, 0.000000, 0.000005, 1.000000),

              ["LowerTorso"] = CFrame.new(0.000000, 0.000000, 0.000000, 1.000000, 0.000000, -0.000000, 0.000000, 1.000000, 0.000000, 0.000000, 0.000000, 1.000000),

              ["RightFoot"] = CFrame.new(-0.000000, -0.000001, -0.000103, 1.000000, -0.000000, -0.000000, 0.000000, 1.000000, 0.000004, 0.000000, 0.000007, 1.000000),

              ["RightHand"] = CFrame.new(-0.000500, -0.000000, -0.000000, 1.000000, -0.000000, -0.000000, 0.000000, 1.000000, 0.000001, 0.000000, -0.000000, 1.000000),

              ["RightLowerArm"] = CFrame.new(-0.000000, -0.000000, -0.000000, 1.000000, 0.000000, 0.000000, -0.000000, 1.000000, -0.000001, -0.000000, -0.000000, 1.000000),

              ["RightLowerLeg"] = CFrame.new(-0.000000, -0.000001, 0.000004, 1.000000, 0.000000, 0.000000, 0.000000, 1.000000, -0.000007, -0.000000, -0.000011, 1.000000),

              ["RightUpperArm"] = CFrame.new(0.000000, 0.000000, 0.000000, 1.000000, -0.000000, -0.000000, 0.000000, 1.000000, 0.000000, 0.000000, 0.000000, 1.000000),

              ["RightUpperLeg"] = CFrame.new(0.000000, -0.000000, -0.000000, 1.000000, 0.000000, 0.000000, -0.000000, 1.000000, 0.000003, -0.000000, 0.000005, 1.000000),

              ["UpperTorso"] = CFrame.new(0.000000, 0.000000, 0.000000, 1.000000, 0.000000, 0.000000, 0.000000, 1.000000, 0.000000, -0.000000, 0.000000, 1.000000)

          }},

          {Time = 0.100, Data = {

              ["Head"] = CFrame.new(0.000000, 0.000000, 0.000000, 1.000000, 0.000000, 0.000000, 0.000000, 1.000000, -0.000000, 0.000000, 0.000000, 1.000000),

              ["LeftFoot"] = CFrame.new(-0.000000, -0.000201, -0.000003, 1.000000, -0.000000, 0.000000, 0.000000, 1.000000, 0.000004, -0.000000, 0.000007, 1.000000),

              ["LeftHand"] = CFrame.new(0.000500, 0.000100, -0.000000, 1.000000, 0.000000, 0.000000, -0.000000, 1.000000, 0.000001, -0.000000, -0.000000, 1.000000),

              ["LeftLowerArm"] = CFrame.new(-0.000500, -0.000100, -0.000000, 1.000000, -0.000000, -0.000000, 0.000000, 1.000000, -0.000001, 0.000000, -0.000000, 1.000000),

              ["LeftLowerLeg"] = CFrame.new(-0.000000, 0.000199, 0.000104, 1.000000, -0.000000, 0.000000, -0.000000, 1.000000, -0.000007, 0.000000, -0.000011, 1.000000),

              ["LeftUpperArm"] = CFrame.new(0.000000, 0.000000, 0.000000, 1.000000, 0.000000, 0.000000, -0.000000, 1.000000, 0.000000, -0.000000, 0.000000, 1.000000),

              ["LeftUpperLeg"] = CFrame.new(0.000000, -0.000000, -0.000100, 1.000000, 0.000000, -0.000000, -0.000000, 1.000000, 0.000003, 0.000000, 0.000005, 1.000000),

              ["LowerTorso"] = CFrame.new(0.000000, 0.000000, 0.000000, 1.000000, 0.000000, -0.000000, 0.000000, 1.000000, 0.000000, 0.000000, 0.000000, 1.000000),

              ["RightFoot"] = CFrame.new(-0.000000, -0.000001, -0.000103, 1.000000, -0.000000, -0.000000, 0.000000, 1.000000, 0.000004, 0.000000, 0.000007, 1.000000),

              ["RightHand"] = CFrame.new(-0.000500, -0.000000, -0.000000, 1.000000, -0.000000, -0.000000, 0.000000, 1.000000, 0.000001, 0.000000, -0.000000, 1.000000),

              ["RightLowerArm"] = CFrame.new(-0.000000, -0.000000, -0.000000, 1.000000, 0.000000, 0.000000, -0.000000, 1.000000, -0.000001, -0.000000, -0.000000, 1.000000),

              ["RightLowerLeg"] = CFrame.new(-0.000000, -0.000001, 0.000004, 1.000000, 0.000000, 0.000000, 0.000000, 1.000000, -0.000007, -0.000000, -0.000011, 1.000000),

              ["RightUpperArm"] = CFrame.new(0.000000, 0.000000, 0.000000, 1.000000, -0.000000, -0.000000, 0.000000, 1.000000, 0.000000, 0.000000, 0.000000, 1.000000),

              ["RightUpperLeg"] = CFrame.new(0.000000, -0.000000, -0.000000, 1.000000, 0.000000, 0.000000, -0.000000, 1.000000, 0.000003, -0.000000, 0.000005, 1.000000),

              ["UpperTorso"] = CFrame.new(0.000000, 0.000000, 0.000000, 1.000000, 0.000000, 0.000000, 0.000000, 1.000000, 0.000000, -0.000000, 0.000000, 1.000000)

          }},

          {Time = 0.133, Data = {

              ["Head"] = CFrame.new(0.000000, 0.000000, 0.000000, 1.000000, 0.000000, 0.000000, 0.000000, 1.000000, -0.000000, 0.000000, 0.000000, 1.000000),

              ["LeftFoot"] = CFrame.new(-0.000000, -0.000201, -0.000003, 1.000000, -0.000000, 0.000000, 0.000000, 1.000000, 0.000004, -0.000000, 0.000007, 1.000000),

              ["LeftHand"] = CFrame.new(0.000500, 0.000100, -0.000000, 1.000000, 0.000000, 0.000000, -0.000000, 1.000000, 0.000001, -0.000000, -0.000000, 1.000000),

              ["LeftLowerArm"] = CFrame.new(-0.000500, -0.000100, -0.000000, 1.000000, -0.000000, -0.000000, 0.000000, 1.000000, -0.000001, 0.000000, -0.000000, 1.000000),

              ["LeftLowerLeg"] = CFrame.new(-0.000000, 0.000199, 0.000104, 1.000000, -0.000000, 0.000000, -0.000000, 1.000000, -0.000007, 0.000000, -0.000011, 1.000000),

              ["LeftUpperArm"] = CFrame.new(0.000000, 0.000000, 0.000000, 1.000000, 0.000000, 0.000000, -0.000000, 1.000000, 0.000000, -0.000000, 0.000000, 1.000000),

              ["LeftUpperLeg"] = CFrame.new(0.000000, -0.000000, -0.000100, 1.000000, 0.000000, -0.000000, -0.000000, 1.000000, 0.000003, 0.000000, 0.000005, 1.000000),

              ["LowerTorso"] = CFrame.new(0.000000, 0.000000, 0.000000, 1.000000, 0.000000, -0.000000, 0.000000, 1.000000, 0.000000, 0.000000, 0.000000, 1.000000),

              ["RightFoot"] = CFrame.new(-0.000000, -0.000001, -0.000103, 1.000000, -0.000000, -0.000000, 0.000000, 1.000000, 0.000004, 0.000000, 0.000007, 1.000000),

              ["RightHand"] = CFrame.new(-0.000500, -0.000000, -0.000000, 1.000000, -0.000000, -0.000000, 0.000000, 1.000000, 0.000001, 0.000000, -0.000000, 1.000000),

              ["RightLowerArm"] = CFrame.new(-0.000000, -0.000000, -0.000000, 1.000000, 0.000000, 0.000000, -0.000000, 1.000000, -0.000001, -0.000000, -0.000000, 1.000000),

              ["RightLowerLeg"] = CFrame.new(-0.000000, -0.000001, 0.000004, 1.000000, 0.000000, 0.000000, 0.000000, 1.000000, -0.000007, -0.000000, -0.000011, 1.000000),

              ["RightUpperArm"] = CFrame.new(0.000000, 0.000000, 0.000000, 1.000000, -0.000000, -0.000000, 0.000000, 1.000000, 0.000000, 0.000000, 0.000000, 1.000000),

              ["RightUpperLeg"] = CFrame.new(0.000000, -0.000000, -0.000000, 1.000000, 0.000000, 0.000000, -0.000000, 1.000000, 0.000003, -0.000000, 0.000005, 1.000000),

              ["UpperTorso"] = CFrame.new(0.000000, 0.000000, 0.000000, 1.000000, 0.000000, 0.000000, 0.000000, 1.000000, 0.000000, -0.000000, 0.000000, 1.000000)

          }},

          {Time = 0.167, Data = {

              ["Head"] = CFrame.new(-0.000000, -0.000000, -0.000000, 0.999978, 0.006567, 0.001386, -0.006556, 0.999948, -0.007781, -0.001437, 0.007771, 0.999969),

              ["LeftFoot"] = CFrame.new(-0.000000, 0.003576, -0.000003, 0.999960, -0.006837, -0.005756, 0.006684, 0.999636, -0.026143, 0.005933, 0.026109, 0.999642),

              ["LeftHand"] = CFrame.new(0.000500, 0.000100, 0.000000, 1.000000, -0.000000, 0.000000, 0.000000, 1.000000, 0.000001, -0.000000, -0.000000, 1.000000),

              ["LeftLowerArm"] = CFrame.new(-0.000500, 0.003088, 0.000048, 1.000000, -0.000000, -0.000000, 0.000000, 0.999492, -0.031877, 0.000000, 0.031877, 0.999492),

              ["LeftLowerLeg"] = CFrame.new(0.000000, 0.015411, -0.000538, 1.000000, -0.000000, 0.000000, 0.000000, 0.993331, 0.115281, -0.000000, -0.115299, 0.993333),

              ["LeftUpperArm"] = CFrame.new(0.000659, -0.008164, 0.004649, 0.999884, 0.012695, -0.008427, -0.012968, 0.999369, -0.033071, 0.008002, 0.033176, 0.999418),

              ["LeftUpperLeg"] = CFrame.new(-0.000000, -0.000000, -0.000100, 0.999856, 0.003728, 0.016556, -0.002180, 0.995707, -0.092527, -0.016830, 0.092487, 0.995573),

              ["LowerTorso"] = CFrame.new(-0.000516, -0.006071, 0.011941, 0.999999, 0.000896, -0.001433, -0.000879, 0.999933, 0.011553, 0.001443, -0.011552, 0.999932),

              ["RightFoot"] = CFrame.new(0.000000, 0.004308, -0.000103, 0.999998, 0.001427, 0.001201, -0.001381, 0.999300, -0.037369, -0.001254, 0.037371, 0.999301),

              ["RightHand"] = CFrame.new(-0.000500, 0.000065, 0.000000, 0.999953, -0.009443, -0.002030, 0.009406, 0.999799, -0.017692, 0.002197, 0.017672, 0.999841),

              ["RightLowerArm"] = CFrame.new(-0.000000, 0.002373, 0.000024, 1.000000, 0.000000, 0.000000, -0.000000, 0.999734, -0.023083, -0.000000, 0.023082, 0.999734),

              ["RightLowerLeg"] = CFrame.new(0.000000, 0.017662, -0.000879, 1.000000, 0.000000, -0.000000, -0.000000, 0.990882, 0.134717, 0.000000, -0.134735, 0.990884),

              ["RightUpperArm"] = CFrame.new(-0.000794, -0.028463, 0.023641, 0.996454, -0.038041, 0.075055, 0.040308, 0.998769, -0.028921, -0.073862, 0.031843, 0.996760),

              ["RightUpperLeg"] = CFrame.new(0.000678, 0.000086, 0.000306, 0.999994, -0.003053, -0.001604, 0.002862, 0.994139, -0.108064, 0.001925, 0.108069, 0.994143),

              ["UpperTorso"] = CFrame.new(-0.000442, 0.001740, -0.011152, 0.999998, 0.001661, 0.000922, -0.001659, 0.999995, -0.002572, -0.000926, 0.002570, 0.999996)

          }},

          {Time = 0.200, Data = {

              ["Head"] = CFrame.new(-0.000000, -0.000000, 0.000000, 0.999757, 0.021565, 0.004542, -0.021432, 0.999388, -0.027629, -0.005135, 0.027525, 0.999608),

              ["LeftFoot"] = CFrame.new(-0.000000, 0.008681, -0.000003, 0.999550, -0.022952, -0.019326, 0.021830, 0.998169, -0.056422, 0.020585, 0.055972, 0.998220),

              ["LeftHand"] = CFrame.new(0.000500, 0.000100, 0.000000, 1.000000, -0.000000, 0.000000, -0.000000, 1.000000, 0.000001, -0.000000, -0.000000, 1.000000),

              ["LeftLowerArm"] = CFrame.new(-0.000500, 0.011212, 0.000630, 1.000000, -0.000000, -0.000000, 0.000000, 0.993583, -0.113109, 0.000000, 0.113109, 0.993583),

              ["LeftLowerLeg"] = CFrame.new(0.000000, 0.041503, -0.005381, 1.000000, -0.000000, -0.000000, 0.000000, 0.944271, 0.329156, -0.000000, -0.329169, 0.944275),

              ["LeftUpperArm"] = CFrame.new(0.002042, -0.029673, 0.017235, 0.998486, 0.043028, -0.034266, -0.046481, 0.993137, -0.107322, 0.029413, 0.108752, 0.993634),

              ["LeftUpperLeg"] = CFrame.new(0.000000, -0.000000, -0.000100, 0.998250, 0.021473, 0.055107, -0.004725, 0.957735, -0.287600, -0.058953, 0.286850, 0.956164),

              ["LowerTorso"] = CFrame.new(-0.001723, -0.021351, 0.039725, 0.999982, 0.003219, -0.005010, -0.002998, 0.999047, 0.043550, 0.005146, -0.043534, 0.999039),

              ["RightFoot"] = CFrame.new(0.000000, 0.009644, -0.000103, 0.999979, 0.004944, 0.004163, -0.004599, 0.996853, -0.079149, -0.004541, 0.079123, 0.996854),

              ["RightHand"] = CFrame.new(-0.000499, 0.000482, -0.000000, 0.999599, -0.015022, -0.023986, 0.013517, 0.998003, -0.061706, 0.024865, 0.061357, 0.997806),

              ["RightLowerArm"] = CFrame.new(0.000000, 0.010981, 0.000542, 1.000000, 0.000000, 0.000000, -0.000000, 0.994456, -0.105155, -0.000000, 0.105154, 0.994456),

              ["RightLowerLeg"] = CFrame.new(-0.000000, 0.045531, -0.006779, 1.000000, 0.000000, 0.000000, -0.000000, 0.931106, 0.364739, 0.000000, -0.364750, 0.931110),

              ["RightUpperArm"] = CFrame.new(0.019185, -0.084976, 0.080789, 0.958201, -0.103875, 0.266574, 0.124573, 0.990278, -0.061901, -0.257552, 0.092521, 0.961825),

              ["RightUpperLeg"] = CFrame.new(0.002629, 0.000322, 0.001186, 0.999925, -0.011682, -0.003826, 0.009784, 0.944735, -0.327676, 0.007442, 0.327628, 0.944783),

              ["UpperTorso"] = CFrame.new(-0.002023, 0.005346, -0.036679, 0.999975, 0.006516, 0.002918, -0.006488, 0.999935, -0.009328, -0.002978, 0.009309, 0.999952)

          }},

          {Time = 0.233, Data = {

              ["Head"] = CFrame.new(0.000000, -0.000000, -0.000000, 0.999262, 0.037573, 0.007998, -0.037088, 0.997854, -0.053965, -0.010009, 0.053629, 0.998511),

              ["LeftFoot"] = CFrame.new(0.000000, 0.012553, -0.000003, 0.998482, -0.042126, -0.035471, 0.040310, 0.997912, -0.050469, 0.037521, 0.048956, 0.998096),

              ["LeftHand"] = CFrame.new(0.000500, 0.000100, -0.000000, 1.000000, 0.000000, 0.000000, 0.000000, 1.000000, 0.000001, -0.000000, 0.000000, 1.000000),

              ["LeftLowerArm"] = CFrame.new(-0.000500, 0.022032, 0.002457, 1.000000, -0.000000, -0.000000, 0.000000, 0.975207, -0.221295, 0.000000, 0.221295, 0.975207),

              ["LeftLowerLeg"] = CFrame.new(0.000000, 0.062983, -0.013701, 1.000000, -0.000000, -0.000000, 0.000000, 0.859694, 0.510805, -0.000000, -0.510809, 0.859697),

              ["LeftUpperArm"] = CFrame.new(0.003077, -0.059759, 0.036134, 0.993890, 0.078870, -0.077214, -0.092002, 0.978464, -0.184783, 0.060977, 0.190758, 0.979741),

              ["LeftUpperLeg"] = CFrame.new(0.000000, -0.000000, -0.000100, 0.993519, 0.057013, 0.098333, -0.001382, 0.871098, -0.491091, -0.113657, 0.487788, 0.865541),

              ["LowerTorso"] = CFrame.new(-0.003098, -0.041610, 0.071157, 0.999933, 0.006457, -0.009625, -0.005545, 0.995748, 0.091948, 0.010178, -0.091889, 0.995717),

              ["RightFoot"] = CFrame.new(0.000000, 0.013286, -0.000103, 0.999927, 0.009215, 0.007759, -0.008663, 0.997624, -0.068355, -0.008370, 0.068274, 0.997631),

              ["RightHand"] = CFrame.new(-0.000499, 0.001014, -0.000000, 0.995923, -0.006311, -0.089985, -0.005800, 0.991005, -0.133701, 0.090019, 0.133678, 0.986928),

              ["RightLowerArm"] = CFrame.new(0.000000, 0.024833, 0.002865, 1.000000, 0.000000, 0.000000, -0.000000, 0.971066, -0.238813, -0.000000, 0.238813, 0.971066),

              ["RightLowerLeg"] = CFrame.new(-0.000000, 0.065659, -0.015267, 1.000000, 0.000000, 0.000000, -0.000000, 0.844749, 0.535160, 0.000000, -0.535163, 0.844751),

              ["RightUpperArm"] = CFrame.new(0.078756, -0.116713, 0.143385, 0.858424, -0.133790, 0.495185, 0.181560, 0.982139, -0.049386, -0.479733, 0.132300, 0.867383),

              ["RightUpperLeg"] = CFrame.new(0.005723, 0.000675, 0.002588, 0.999712, -0.023742, -0.003630, 0.017866, 0.836093, -0.548281, 0.016053, 0.548074, 0.836286),

              ["UpperTorso"] = CFrame.new(-0.005056, 0.008324, -0.064707, 0.999885, 0.014375, 0.004811, -0.014282, 0.999721, -0.018839, -0.005081, 0.018768, 0.999811)

          }},

          {Time = 0.267, Data = {

              ["Head"] = CFrame.new(-0.000000, 0.000000, 0.000000, 0.998871, 0.046294, 0.010618, -0.045299, 0.995759, -0.080077, -0.014281, 0.079505, 0.996732),

              ["LeftFoot"] = CFrame.new(-0.000000, 0.016436, -0.000003, 0.996708, -0.062018, -0.052221, 0.061176, 0.997972, -0.017588, 0.053202, 0.014331, 0.998481),

              ["LeftHand"] = CFrame.new(0.000500, 0.000100, 0.000000, 1.000000, 0.000000, 0.000000, -0.000000, 1.000000, 0.000001, -0.000000, 0.000000, 1.000000),

              ["LeftLowerArm"] = CFrame.new(-0.000500, 0.033254, 0.005691, 1.000000, -0.000000, -0.000000, 0.000000, 0.942758, -0.333477, 0.000000, 0.333476, 0.942758),

              ["LeftLowerLeg"] = CFrame.new(-0.000000, 0.078934, -0.022436, 1.000000, -0.000000, -0.000000, 0.000000, 0.770102, 0.637921, -0.000000, -0.637920, 0.770102),

              ["LeftUpperArm"] = CFrame.new(0.002994, -0.092956, 0.061655, 0.984805, 0.111002, -0.133557, -0.139703, 0.963211, -0.229581, 0.103160, 0.244751, 0.964082),

              ["LeftUpperLeg"] = CFrame.new(-0.000000, -0.000000, -0.000100, 0.985194, 0.105879, 0.134841, 0.009695, 0.750837, -0.660402, -0.171167, 0.651946, 0.738706),

              ["LowerTorso"] = CFrame.new(-0.003962, -0.064662, 0.093588, 0.999849, 0.010102, -0.014159, -0.007824, 0.988260, 0.152584, 0.015534, -0.152451, 0.988189),

              ["RightFoot"] = CFrame.new(-0.000000, 0.016040, -0.000103, 0.999851, 0.013192, 0.011108, -0.013099, 0.999879, -0.008370, -0.011216, 0.008219, 0.999903),

              ["RightHand"] = CFrame.new(-0.000499, 0.001091, 0.000000, 0.985615, -0.020602, -0.167748, -0.021881, 0.968634, -0.247528, 0.167584, 0.247636, 0.954249),

              ["RightLowerArm"] = CFrame.new(-0.000000, 0.038584, 0.007288, 1.000000, 0.000000, 0.000000, -0.000000, 0.926653, -0.375919, -0.000000, 0.375918, 0.926653),

              ["RightLowerLeg"] = CFrame.new(-0.000000, 0.076928, -0.021506, 1.000000, 0.000000, 0.000000, -0.000000, 0.780743, 0.624853, 0.000000, -0.624853, 0.780743),

              ["RightUpperArm"] = CFrame.new(0.152048, -0.089366, 0.184977, 0.720708, -0.103985, 0.685396, 0.171572, 0.984683, -0.031021, -0.671672, 0.139951, 0.727510),

              ["RightUpperLeg"] = CFrame.new(0.009834, 0.001110, 0.004455, 0.999327, -0.036657, -0.001174, 0.024523, 0.691646, -0.721808, 0.027271, 0.721306, 0.692093),

              ["UpperTorso"] = CFrame.new(-0.009686, 0.007990, -0.083395, 0.999672, 0.025022, 0.005401, -0.024851, 0.999251, -0.029673, -0.006139, 0.029529, 0.999545)

          }},

          {Time = 0.300, Data = {

              ["Head"] = CFrame.new(-0.000000, -0.000000, -0.000000, 0.999159, 0.039303, 0.011731, -0.037963, 0.994431, -0.098311, -0.015530, 0.097783, 0.995087),

              ["LeftFoot"] = CFrame.new(0.000000, 0.020793, -0.000002, 0.993748, -0.085407, -0.071916, 0.086332, 0.996218, 0.009833, 0.070799, -0.015983, 0.997362),

              ["LeftHand"] = CFrame.new(0.000500, 0.000100, 0.000000, 1.000000, -0.000000, 0.000000, -0.000000, 1.000000, 0.000001, -0.000000, 0.000000, 1.000000),

              ["LeftLowerArm"] = CFrame.new(-0.000500, 0.042741, 0.009594, 1.000000, -0.000000, -0.000000, 0.000000, 0.903630, -0.428314, 0.000000, 0.428314, 0.903630),

              ["LeftLowerLeg"] = CFrame.new(-0.000000, 0.091629, -0.030699, 1.000000, -0.000000, -0.000000, 0.000000, 0.684346, 0.729161, -0.000000, -0.729157, 0.684342),

              ["LeftUpperArm"] = CFrame.new(0.001389, -0.122967, 0.096533, 0.970703, 0.136756, -0.197570, -0.178112, 0.961425, -0.209613, 0.161283, 0.238662, 0.957616),

              ["LeftUpperLeg"] = CFrame.new(-0.000000, 0.000000, -0.000100, 0.973699, 0.162761, 0.159440, 0.023826, 0.623196, -0.781690, -0.226591, 0.764941, 0.602943),

              ["LowerTorso"] = CFrame.new(-0.003360, -0.092091, 0.094066, 0.999754, 0.013623, -0.017504, -0.009416, 0.975188, 0.221180, 0.020083, -0.220961, 0.975076),

              ["RightFoot"] = CFrame.new(-0.000000, 0.017585, -0.000103, 0.999766, 0.016556, 0.013941, -0.017474, 0.997497, 0.068515, -0.012771, -0.068742, 0.997553),

              ["RightHand"] = CFrame.new(-0.000500, 0.000652, 0.000000, 0.982404, -0.058891, -0.177242, -0.012637, 0.925853, -0.377674, 0.186340, 0.373266, 0.908817),

              ["RightLowerArm"] = CFrame.new(0.000000, 0.049778, 0.012882, 1.000000, 0.000000, 0.000000, -0.000000, 0.870602, -0.491988, -0.000000, 0.491988, 0.870602),

              ["RightLowerLeg"] = CFrame.new(0.000000, 0.081584, -0.024229, 1.000000, 0.000000, 0.000000, -0.000000, 0.752568, 0.658516, 0.000000, -0.658514, 0.752567),

              ["RightUpperArm"] = CFrame.new(0.207933, -0.036785, 0.200968, 0.578885, -0.031828, 0.814788, 0.132872, 0.989564, -0.055746, -0.804511, 0.140533, 0.577073),

              ["RightUpperLeg"] = CFrame.new(0.014833, 0.001596, 0.006735, 0.998766, -0.049657, 0.001133, 0.028148, 0.547029, -0.836630, 0.040925, 0.835639, 0.547767),

              ["UpperTorso"] = CFrame.new(-0.015990, 0.001582, -0.080921, 0.999265, 0.038177, 0.003459, -0.038006, 0.998461, -0.040386, -0.004995, 0.040225, 0.999178)

          }},

          {Time = 0.333, Data = {

              ["Head"] = CFrame.new(-0.000000, -0.000000, -0.000000, 0.999891, 0.010129, 0.010749, -0.008985, 0.994788, -0.101567, -0.011722, 0.101460, 0.994771),

              ["LeftFoot"] = CFrame.new(-0.000000, 0.024355, -0.000002, 0.987826, -0.119000, -0.100201, 0.118964, 0.992878, -0.006366, 0.100238, -0.005634, 0.994947),

              ["LeftHand"] = CFrame.new(0.000500, 0.000100, 0.000000, 1.000000, -0.000000, 0.000000, -0.000000, 1.000000, 0.000001, -0.000000, -0.000000, 1.000000),

              ["LeftLowerArm"] = CFrame.new(-0.000500, 0.048712, 0.012666, 1.000000, -0.000000, -0.000000, 0.000000, 0.872848, -0.487992, 0.000000, 0.487992, 0.872848),

              ["LeftLowerLeg"] = CFrame.new(-0.000000, 0.102262, -0.039893, 1.000000, -0.000000, -0.000000, 0.000000, 0.588733, 0.808333, -0.000000, -0.808328, 0.588725),

              ["LeftUpperArm"] = CFrame.new(-0.002180, -0.141145, 0.144664, 0.951014, 0.161273, -0.263747, -0.190999, 0.977356, -0.091078, 0.243087, 0.136992, 0.960282),

              ["LeftUpperLeg"] = CFrame.new(-0.000000, -0.000000, -0.000100, 0.959480, 0.225616, 0.168813, 0.030976, 0.510993, -0.859016, -0.280070, 0.829448, 0.483316),

              ["LowerTorso"] = CFrame.new(0.000000, -0.130303, 0.060103, 0.999692, 0.016481, -0.018568, -0.010309, 0.955915, 0.293462, 0.022586, -0.293180, 0.955790),

              ["RightFoot"] = CFrame.new(0.000000, 0.018274, -0.000102, 0.999664, 0.019843, 0.016708, -0.021713, 0.992492, 0.120373, -0.014193, -0.120691, 0.992588),

              ["RightHand"] = CFrame.new(-0.000500, -0.000024, 0.000000, 0.991013, -0.070151, -0.113900, 0.006864, 0.877008, -0.480430, 0.133593, 0.475327, 0.869606),

              ["RightLowerArm"] = CFrame.new(0.000000, 0.058885, 0.019118, 1.000000, 0.000000, 0.000000, -0.000000, 0.808240, -0.588854, -0.000000, 0.588854, 0.808240),

              ["RightLowerLeg"] = CFrame.new(0.000000, 0.083643, -0.025512, 1.000000, 0.000000, 0.000000, -0.000000, 0.739277, 0.673403, 0.000000, -0.673401, 0.739276),

              ["RightUpperArm"] = CFrame.new(0.249541, -0.011460, 0.201482, 0.429869, 0.027273, 0.902479, 0.137870, 0.985839, -0.095462, -0.892303, 0.165461, 0.420021),

              ["RightUpperLeg"] = CFrame.new(0.020594, 0.002096, 0.009373, 0.997948, -0.064024, 0.001123, 0.028232, 0.424158, -0.905141, 0.057474, 0.903322, 0.425111),

              ["UpperTorso"] = CFrame.new(-0.024321, -0.013350, -0.045398, 0.998567, 0.053467, -0.002264, -0.053514, 0.997339, -0.049516, -0.000390, 0.049567, 0.998771)

          }},

          {Time = 0.367, Data = {

              ["Head"] = CFrame.new(0.000000, 0.000000, -0.000000, 0.999259, -0.037893, 0.006754, 0.038267, 0.996924, -0.068394, -0.004142, 0.068602, 0.997636),

              ["LeftFoot"] = CFrame.new(-0.000000, 0.027187, -0.000002, 0.975430, -0.168529, -0.141907, 0.158056, 0.984004, -0.082189, 0.153478, 0.057737, 0.986462),

              ["LeftHand"] = CFrame.new(0.000500, 0.000100, 0.000000, 1.000000, -0.000000, 0.000000, 0.000000, 1.000000, 0.000001, -0.000000, -0.000000, 1.000000),

              ["LeftLowerArm"] = CFrame.new(-0.000500, 0.050098, 0.013454, 1.000000, -0.000000, -0.000000, 0.000000, 0.864959, -0.501843, 0.000000, 0.501843, 0.864959),

              ["LeftLowerLeg"] = CFrame.new(-0.000000, 0.111560, -0.051205, 1.000000, -0.000000, -0.000000, 0.000000, 0.471148, 0.882060, -0.000000, -0.882054, 0.471137),

              ["LeftUpperArm"] = CFrame.new(-0.008061, -0.135353, 0.204663, 0.925373, 0.195940, -0.324487, -0.155021, 0.976801, 0.147746, 0.345909, -0.086418, 0.934280),

              ["LeftUpperLeg"] = CFrame.new(-0.000000, -0.000000, -0.000100, 0.942429, 0.293840, 0.159646, 0.020826, 0.424880, -0.905001, -0.333756, 0.856233, 0.394318),

              ["LowerTorso"] = CFrame.new(0.007248, -0.189497, -0.012977, 0.999692, 0.018333, -0.016729, -0.010971, 0.931052, 0.364722, 0.022262, -0.364426, 0.930966),

              ["RightFoot"] = CFrame.new(-0.000000, 0.020110, -0.000102, 0.999499, 0.024218, 0.020393, -0.026476, 0.992555, 0.118890, -0.017360, -0.119367, 0.992698),

              ["RightHand"] = CFrame.new(-0.000500, -0.000770, 0.000000, 0.997697, -0.057875, -0.035387, 0.028529, 0.831255, -0.555162, 0.061545, 0.552870, 0.830989),

              ["RightLowerArm"] = CFrame.new(-0.000000, 0.064822, 0.024293, 1.000000, 0.000000, 0.000000, -0.000000, 0.756554, -0.653931, -0.000000, 0.653931, 0.756554),

              ["RightLowerLeg"] = CFrame.new(0.000000, 0.089043, -0.029129, 1.000000, 0.000000, 0.000000, -0.000000, 0.701736, 0.712441, 0.000000, -0.712437, 0.701732),

              ["RightUpperArm"] = CFrame.new(0.280976, -0.021051, 0.189263, 0.256952, 0.051790, 0.965035, 0.210567, 0.971572, -0.108207, -0.943206, 0.231009, 0.238742),

              ["RightUpperLeg"] = CFrame.new(0.026989, 0.002579, 0.012314, 0.996661, -0.081645, -0.000175, 0.025292, 0.310752, -0.950149, 0.077630, 0.946978, 0.311797),

              ["UpperTorso"] = CFrame.new(-0.035581, -0.036806, 0.029298, 0.997450, 0.070254, -0.012562, -0.070850, 0.995920, -0.055883, 0.008585, 0.056630, 0.998358)

          }},

          {Time = 0.400, Data = {

              ["Head"] = CFrame.new(-0.000000, 0.000000, -0.000000, 0.996786, -0.080117, -0.000174, 0.080117, 0.996785, -0.000505, 0.000214, 0.000490, 1.000000),

              ["LeftFoot"] = CFrame.new(-0.000000, 0.029187, -0.000002, 0.952858, -0.232102, -0.195436, 0.192945, 0.960589, -0.200115, 0.234167, 0.152965, 0.960083),

              ["LeftHand"] = CFrame.new(0.000500, 0.000100, 0.000000, 1.000000, -0.000000, 0.000000, 0.000000, 1.000000, 0.000001, -0.000000, -0.000000, 1.000000),

              ["LeftLowerArm"] = CFrame.new(-0.000500, 0.047573, 0.012040, 1.000000, -0.000000, -0.000000, 0.000000, 0.879120, -0.476601, 0.000000, 0.476601, 0.879120),

              ["LeftLowerLeg"] = CFrame.new(-0.000000, 0.118296, -0.063069, 1.000000, -0.000000, -0.000000, 0.000000, 0.347806, 0.937572, -0.000000, -0.937567, 0.347792),

              ["LeftUpperArm"] = CFrame.new(-0.014422, -0.102811, 0.259288, 0.897776, 0.245148, -0.365923, -0.065391, 0.895770, 0.439682, 0.435571, -0.370808, 0.820232),

              ["LeftUpperLeg"] = CFrame.new(-0.000000, -0.000000, -0.000100, 0.922069, 0.362925, 0.134446, -0.011261, 0.372372, -0.928007, -0.386862, 0.854181, 0.347458),

              ["LowerTorso"] = CFrame.new(0.017516, -0.273895, -0.103423, 0.999722, 0.019516, -0.013224, -0.011978, 0.903659, 0.428085, 0.020305, -0.427807, 0.903642),

              ["RightFoot"] = CFrame.new(0.000000, 0.023220, -0.000102, 0.999184, 0.030905, 0.026023, -0.032817, 0.996525, 0.076564, -0.023565, -0.077354, 0.996725),

              ["RightHand"] = CFrame.new(-0.000501, -0.001140, 0.000000, 0.997737, -0.063252, 0.022826, 0.064711, 0.810856, -0.581661, 0.018283, 0.581818, 0.813111),

              ["RightLowerArm"] = CFrame.new(0.000000, 0.071223, 0.030558, 1.000000, 0.000000, 0.000000, -0.000000, 0.693919, -0.720053, -0.000000, 0.720053, 0.693920),

              ["RightLowerLeg"] = CFrame.new(0.000000, 0.097916, -0.036049, 1.000000, 0.000000, 0.000000, -0.000000, 0.629741, 0.776811, 0.000000, -0.776806, 0.629734),

              ["RightUpperArm"] = CFrame.new(0.298084, -0.073481, 0.159169, 0.062556, 0.045933, 0.996984, 0.324169, 0.943844, -0.063825, -0.943929, 0.327184, 0.044153),

              ["RightUpperLeg"] = CFrame.new(0.033889, 0.003011, 0.015504, 0.994707, -0.102751, 0.000722, 0.021091, 0.197265, -0.980119, 0.100565, 0.974951, 0.198407),

              ["UpperTorso"] = CFrame.new(-0.050033, -0.061966, 0.125629, 0.995840, 0.087222, -0.026350, -0.088661, 0.994282, -0.059527, 0.021007, 0.061616, 0.997879)

          }},

          {Time = 0.433, Data = {

              ["Head"] = CFrame.new(-0.000000, -0.000000, -0.000000, 0.995349, -0.096112, -0.006543, 0.096324, 0.991985, 0.081782, -0.001369, -0.082032, 0.996629),

              ["LeftFoot"] = CFrame.new(0.000000, 0.030402, -0.000002, 0.919916, -0.299954, -0.252569, 0.208510, 0.919665, -0.332791, 0.332082, 0.253464, 0.908548),

              ["LeftHand"] = CFrame.new(0.000500, 0.000100, 0.000000, 1.000000, 0.000000, 0.000000, -0.000000, 1.000000, 0.000001, -0.000000, -0.000000, 1.000000),

              ["LeftLowerArm"] = CFrame.new(-0.000500, 0.042033, 0.009263, 1.000000, -0.000000, -0.000000, 0.000000, 0.906950, -0.421238, 0.000000, 0.421238, 0.906950),

              ["LeftLowerLeg"] = CFrame.new(-0.000000, 0.122069, -0.072721, 1.000000, -0.000000, -0.000000, 0.000000, 0.247407, 0.968915, -0.000000, -0.968912, 0.247392),

              ["LeftUpperArm"] = CFrame.new(-0.017138, -0.057951, 0.291468, 0.876796, 0.295372, -0.379453, 0.048456, 0.730820, 0.680848, 0.478415, -0.615351, 0.626468),

              ["LeftUpperLeg"] = CFrame.new(-0.000000, 0.000000, -0.000100, 0.899356, 0.425219, 0.101730, -0.063971, 0.358126, -0.931471, -0.432512, 0.831225, 0.349302),

              ["LowerTorso"] = CFrame.new(0.028885, -0.375369, -0.184620, 0.999743, 0.020398, -0.009875, -0.013224, 0.878935, 0.476759, 0.018404, -0.476506, 0.878979),

              ["RightFoot"] = CFrame.new(0.000000, 0.025927, -0.000102, 0.998591, 0.040595, 0.034183, -0.041307, 0.998939, 0.020380, -0.033317, -0.021764, 0.999208),

              ["RightHand"] = CFrame.new(-0.000501, -0.000902, -0.000000, 0.993095, -0.101083, 0.059541, 0.117223, 0.834909, -0.537763, 0.004648, 0.541025, 0.840991),

              ["RightLowerArm"] = CFrame.new(-0.000000, 0.080351, 0.041155, 1.000000, 0.000000, 0.000000, -0.000000, 0.587872, -0.808954, -0.000000, 0.808954, 0.587872),

              ["RightLowerLeg"] = CFrame.new(-0.000000, 0.106533, -0.044950, 1.000000, 0.000000, 0.000000, -0.000000, 0.537216, 0.843451, 0.000000, -0.843445, 0.537206),

              ["RightUpperArm"] = CFrame.new(0.285446, -0.166334, 0.112003, -0.128367, 0.014928, 0.991615, 0.431205, 0.901264, 0.042252, -0.893076, 0.433013, -0.122129),

              ["RightUpperLeg"] = CFrame.new(0.041168, 0.003358, 0.018890, 0.992048, -0.125706, 0.006166, 0.017697, 0.090796, -0.995710, 0.124607, 0.987904, 0.092319),

              ["UpperTorso"] = CFrame.new(-0.066555, -0.081211, 0.219908, 0.993796, 0.102984, -0.042005, -0.105426, 0.992567, -0.060789, 0.035433, 0.064840, 0.997266)

          }},

          {Time = 0.467, Data = {

              ["Head"] = CFrame.new(-0.000000, -0.000000, 0.000000, 0.996780, -0.079388, 0.011323, 0.076452, 0.983391, 0.164611, -0.024203, -0.163216, 0.986294),

              ["LeftFoot"] = CFrame.new(-0.000000, 0.030905, -0.000002, 0.885409, -0.355566, -0.299394, 0.195175, 0.868948, -0.454811, 0.421851, 0.344242, 0.838755),

              ["LeftHand"] = CFrame.new(0.000500, 0.000100, 0.000000, 1.000000, -0.000000, 0.000000, 0.000000, 1.000000, 0.000001, -0.000000, -0.000000, 1.000000),

              ["LeftLowerArm"] = CFrame.new(-0.000500, 0.034352, 0.006085, 1.000000, -0.000000, -0.000000, 0.000000, 0.938802, -0.344457, 0.000000, 0.344457, 0.938802),

              ["LeftLowerLeg"] = CFrame.new(-0.000000, 0.123586, -0.078296, 1.000000, -0.000000, -0.000000, 0.000000, 0.189476, 0.981888, -0.000000, -0.981885, 0.189461),

              ["LeftUpperArm"] = CFrame.new(-0.013285, -0.022746, 0.301011, 0.868573, 0.326125, -0.373126, 0.142204, 0.557247, 0.818079, 0.474719, -0.763622, 0.437634),

              ["LeftUpperLeg"] = CFrame.new(-0.000000, -0.000000, -0.000100, 0.880579, 0.468870, 0.068862, -0.129628, 0.378058, -0.916654, -0.455825, 0.798269, 0.393706),

              ["LowerTorso"] = CFrame.new(0.038848, -0.475040, -0.234243, 0.999739, 0.021125, -0.008674, -0.013860, 0.863164, 0.504734, 0.018149, -0.504482, 0.863231),

              ["RightFoot"] = CFrame.new(0.000000, 0.027649, -0.000102, 0.997578, 0.053210, 0.044805, -0.052331, 0.998418, -0.020585, -0.045826, 0.018189, 0.998784),

              ["RightHand"] = CFrame.new(-0.000500, -0.000746, 0.000000, 0.997253, -0.063752, 0.037719, 0.074063, 0.866985, -0.492803, -0.001283, 0.494239, 0.869323),

              ["RightLowerArm"] = CFrame.new(-0.000000, 0.085569, 0.048863, 1.000000, 0.000000, 0.000000, 0.000000, 0.510749, -0.859730, -0.000000, 0.859730, 0.510749),

              ["RightLowerLeg"] = CFrame.new(0.000000, 0.112301, -0.052734, 1.000000, 0.000000, 0.000000, -0.000000, 0.456297, 0.889834, 0.000000, -0.889828, 0.456285),

              ["RightUpperArm"] = CFrame.new(0.215300, -0.288731, 0.067255, -0.251024, -0.022676, 0.967715, 0.500367, 0.852761, 0.149775, -0.828626, 0.521809, -0.202718),

              ["RightUpperLeg"] = CFrame.new(0.048698, 0.003585, 0.022416, 0.988953, -0.147394, 0.015689, 0.017310, 0.009701, -0.999803, 0.147213, 0.989030, 0.012166),

              ["UpperTorso"] = CFrame.new(-0.082357, -0.088644, 0.288115, 0.991531, 0.116290, -0.057822, -0.119726, 0.990992, -0.060004, 0.050323, 0.066418, 0.996522)

          }},

          {Time = 0.500, Data = {

              ["Head"] = CFrame.new(-0.000000, 0.000000, -0.000000, 0.997342, -0.048174, 0.054671, 0.034811, 0.974123, 0.223323, -0.064015, -0.220826, 0.973210),

              ["LeftFoot"] = CFrame.new(-0.000000, 0.031062, -0.000002, 0.868623, -0.379021, -0.319143, 0.156644, 0.821118, -0.548861, 0.470060, 0.426741, 0.772593),

              ["LeftHand"] = CFrame.new(0.000500, 0.000100, 0.000000, 1.000000, 0.000000, 0.000000, 0.000000, 1.000000, 0.000001, -0.000000, -0.000000, 1.000000),

              ["LeftLowerArm"] = CFrame.new(-0.000500, 0.025533, 0.003314, 1.000000, -0.000000, -0.000000, 0.000000, 0.966597, -0.256299, 0.000000, 0.256300, 0.966597),

              ["LeftLowerLeg"] = CFrame.new(-0.000000, 0.123902, -0.079554, 1.000000, -0.000000, -0.000000, 0.000000, 0.176368, 0.984327, -0.000000, -0.984324, 0.176354),

              ["LeftUpperArm"] = CFrame.new(-0.002467, -0.011153, 0.299227, 0.874146, 0.322645, -0.363001, 0.187769, 0.464786, 0.865284, 0.447898, -0.824545, 0.345708),

              ["LeftUpperLeg"] = CFrame.new(0.000000, -0.000000, -0.000100, 0.879456, 0.474971, 0.030981, -0.196714, 0.421941, -0.885016, -0.433430, 0.772249, 0.464530),

