return {
["flip twerk 1"] = {
        {Time = 0.000, Data = {
            ["Head"] = CFrame.new(-0.025919806212186813, 0.071768522262573242, -0.2117595374584198, 0.99950748682022095, -0.022161306813359261, -0.022218834608793259, 0.030151242390275002, 0.8744736909866333, 0.48413500189781189, 0.0087007246911525726, -0.48456647992134094, 0.87471121549606323),
            ["LeftFoot"] = CFrame.new(2.9802322387695312e-08, 0.018468022346496582, -3.0249357223510742e-06, 0.97407722473144531, -0.17304028570652008, -0.14570720493793488, 0.12834875285625458, 0.95315033197402954, -0.27391785383224487, 0.18627969920635223, 0.24811582267284393, 0.95065158605575562),
            ["LeftHand"] = CFrame.new(0.00049982964992523193, 0.00010001659393310547, 1.1920928955078125e-07, 1, 0, 0, 0, 1, 0, 0, 0, 1),
            ["LeftLowerArm"] = CFrame.new(-0.00049996376037597656, 0.025208353996276855, 0.0032294690608978271, 1, 0, 0, 0, 0.96744465827941895, -0.25308257341384888, 0, 0.25308257341384888, 0.96744465827941895),
            ["LeftLowerLeg"] = CFrame.new(-5.2154064178466797e-08, 0.085019409656524658, -0.02617347240447998, 1, -0, 0, 0, 0.73138463497161865, 0.681965172290802, -0, -0.681965172290802, 0.73138463497161865),
            ["LeftUpperArm"] = CFrame.new(-0.52025401592254639, 0.36523270606994629, -0.31285062432289124, 0.16734939813613892, 0.076219558715820312, -0.98294699192047119, 0.85296911001205444, 0.48878443241119385, 0.18312162160873413, 0.49440670013427734, -0.8690686821937561, 0.016784846782684326),
            ["LeftUpperLeg"] = CFrame.new(8.9406967163085938e-08, -2.9429793357849121e-07, -9.9992379546165466e-05, 0.98166036605834961, 0.17233900725841522, -0.081499785184860229, -0.1765577644109726, 0.98313385248184204, -0.047698747366666794, 0.071904838085174561, 0.061213385313749313, 0.99553132057189941),
            ["LowerTorso"] = CFrame.new(-0.057610452175140381, -0.18247544765472412, 1.1109054088592529, 0.99606692790985107, 0.075062401592731476, 0.047077532857656479, -0.046144075691699982, 0.89304590225219727, -0.44759324193000793, -0.075639829039573669, 0.44366046786308289, 0.89299720525741577),
            ["RightFoot"] = CFrame.new(1.0058283805847168e-07, 0.017967522144317627, -0.00010292807564837858, 0.98181092739105225, 0.14525307714939117, 0.12226565182209015, -0.1284702867269516, 0.98241490125656128, -0.13548576831817627, -0.13979531824588776, 0.11731389909982681, 0.98320633172988892),
            ["RightHand"] = CFrame.new(-0.00049963593482971191, -1.7881393432617188e-07, 8.9406967163085938e-08, 1, 0, 0, 0, 1, 0, 0, 0, 1),
            ["RightLowerArm"] = CFrame.new(-3.5762786865234375e-07, 0.034101188182830811, 0.0059575289487838745, 1, 0, 0, 0, 0.9400896430015564, -0.3409273624420166, 0, 0.3409273624420166, 0.9400896430015564),
            ["RightLowerLeg"] = CFrame.new(-1.3038516044616699e-07, 0.082716763019561768, -0.024926586076617241, 1, -0, 0, 0, 0.74537026882171631, 0.66665065288543701, -0, -0.66665065288543701, 0.74537026882171631),
            ["RightUpperArm"] = CFrame.new(0.24619603157043457, 0.33895194530487061, 0.058158941566944122, 0.44228613376617432, -0.16561016440391541, 0.88145118951797485, -0.79052770137786865, 0.39221537113189697, 0.47035419940948486, -0.42361408472061157, -0.90484273433685303, 0.042551994323730469),
            ["RightUpperLeg"] = CFrame.new(0, -1.4901161193847656e-07, -6.6887878347188234e-08, 0.94310182332992554, -0.33097675442695618, 0.031833581626415253, 0.33241680264472961, 0.94071710109710693, -0.067456960678100586, -0.0076197134330868721, 0.074200794100761414, 0.99721419811248779),
            ["UpperTorso"] = CFrame.new(-0.026961077004671097, 0.040357440710067749, -0.17326714098453522, 0.99500727653503418, 0.045766226947307587, -0.088690169155597687, 0.036178022623062134, 0.66281676292419434, 0.74790716171264648, 0.093014217913150787, -0.74738168716430664, 0.65785175561904907)
        }},
        {Time = 0.033, Data = {
            ["Head"] = CFrame.new(-0.026881428435444832, 0.074162960052490234, -0.19572080671787262, 0.9991457462310791, -0.036552559584379196, -0.019280176609754562, 0.04120156541466713, 0.91722482442855835, 0.39623358845710754, 0.003200906328856945, -0.39668944478034973, 0.91794729232788086),
            ["LeftFoot"] = CFrame.new(-8.1956386566162109e-08, 0.014932811260223389, -2.8684735298156738e-06, 0.95828449726104736, -0.21864302456378937, -0.1840817779302597, 0.18073390424251556, 0.96249270439147949, -0.20234392583370209, 0.22141845524311066, 0.16063322126865387, 0.96185803413391113),
            ["LeftHand"] = CFrame.new(0.00049987435340881348, 0.00010001659393310547, -2.9802322387695312e-08, 1, 0, 0, 0, 1, 0, 0, 0, 1),
            ["LeftLowerArm"] = CFrame.new(-0.00049945712089538574, 0.026754379272460938, 0.0036452561616897583, 1, 0, 0, 0, 0.96328902244567871, -0.26846644282341003, 0, 0.26846644282341003, 0.96328902244567871),
            ["LeftLowerLeg"] = CFrame.new(1.4901161193847656e-08, 0.074001431465148926, -0.019625244662165642, 1, -0, 0, 0, 0.79910910129547119, 0.60118609666824341, -0, -0.60118609666824341, 0.79910910129547119),
            ["LeftUpperArm"] = CFrame.new(-0.52095925807952881, 0.12536895275115967, -0.13790372014045715, 0.16568028926849365, 0.056968078017234802, -0.98453271389007568, 0.40917760133743286, 0.90437126159667969, 0.12118738889694214, 0.89728689193725586, -0.42292708158493042, 0.12652641534805298),
            ["LeftUpperLeg"] = CFrame.new(5.9604644775390625e-08, 2.8312206268310547e-07, -0.00010007806122303009, 0.97729766368865967, 0.20603623986244202, -0.0493793785572052, -0.19705057144165039, 0.96954035758972168, 0.14547348022460938, 0.077848106622695923, -0.13244065642356873, 0.9881291389465332),
            ["LowerTorso"] = CFrame.new(-0.038856066763401031, 0.022127389907836914, 1.0485290288925171, 0.9954027533531189, 0.087384738028049469, 0.03920862078666687, -0.049575991928577423, 0.82034659385681152, -0.5697137713432312, -0.081948943436145782, 0.56515079736709595, 0.82090741395950317),
            ["RightFoot"] = CFrame.new(-5.9604644775390625e-08, 0.015155792236328125, -0.00010288337216479704, 0.98559987545013428, 0.12934492528438568, 0.10891638696193695, -0.11661781370639801, 0.9863695502281189, -0.11608352512121201, -0.12244662642478943, 0.10171031206846237, 0.98724961280822754),
            ["RightHand"] = CFrame.new(-0.00049996376037597656, 2.384185791015625e-07, -1.0430812835693359e-07, 1, 0, 0, 0, 1, 0, 0, 0, 1),
            ["RightLowerArm"] = CFrame.new(-5.9604644775390625e-08, 0.026967048645019531, 0.0036765038967132568, 1, 0, 0, 0, 0.96296083927154541, -0.26964130997657776, 0, 0.26964130997657776, 0.96296083927154541),
            ["RightLowerLeg"] = CFrame.new(4.8428773880004883e-08, 0.073884785175323486, -0.019772225990891457, 1, -0, 0, 0, 0.79861634969711304, 0.60184049606323242, -0, -0.60184049606323242, 0.79861634969711304),
            ["RightUpperArm"] = CFrame.new(0.30676102638244629, 0.10858535766601562, 0.21817688643932343, 0.35598039627075195, -0.27690297365188599, 0.89252597093582153, -0.36736065149307251, 0.83673077821731567, 0.40611299872398376, -0.85925787687301636, -0.47244718670845032, 0.196136474609375),
            ["RightUpperLeg"] = CFrame.new(0, -5.2154064178466797e-08, -9.2964910436421633e-08, 0.94837683439254761, -0.31698456406593323, 0.010110665112733841, 0.31188651919364929, 0.9379575252532959, 0.15153360366821289, -0.057517189532518387, -0.14055758714675903, 0.98840039968490601),
            ["UpperTorso"] = CFrame.new(-0.047033250331878662, -0.0099746584892272949, -0.11608851701021194, 0.99851244688034058, -0.0043557211756706238, -0.0543496273458004, 0.030223976820707321, 0.87385720014572144, 0.4852423369884491, 0.045380230993032455, -0.48616316914558411, 0.87268894910812378)
        }},
        {Time = 0.067, Data = {
            ["Head"] = CFrame.new(-0.027719106525182724, 0.076245784759521484, -0.17824588716030121, 0.99853992462158203, -0.053797848522663116, -0.0048826299607753754, 0.053855851292610168, 0.98443090915679932, 0.16731822490692139, -0.0041947467252612114, -0.16733688116073608, 0.98589086532592773),
            ["LeftFoot"] = CFrame.new(-1.4901161193847656e-08, 0.0028802752494812012, -3.3080577850341797e-06, 0.92789691686630249, -0.28520321846008301, -0.24013830721378326, 0.3202933669090271, 0.93944633007049561, 0.12187196314334869, 0.1908387690782547, -0.18999932706356049, 0.96305805444717407),
            ["LeftHand"] = CFrame.new(0.00049999356269836426, 9.9897384643554688e-05, 2.0489096641540527e-08, 1, 0, 0, 0, 1, 0, 0, 0, 1),
            ["LeftLowerArm"] = CFrame.new(-0.00050020217895507812, 0.028447270393371582, 0.0041313990950584412, 1, 0, 0, 0, 0.95838725566864014, -0.28547120094299316, 0, 0.28547120094299316, 0.95838725566864014),
            ["LeftLowerLeg"] = CFrame.new(1.4901161193847656e-07, 0.012320518493652344, -0.00029062479734420776, 1, -0, 0, 0, 0.99584531784057617, 0.091061316430568695, -0, -0.091061316430568695, 0.99584531784057617),
            ["LeftUpperArm"] = CFrame.new(-0.50289487838745117, -0.55052423477172852, -0.36807718873023987, 0.20090419054031372, 0.032064318656921387, -0.97908604145050049, -0.85917198657989502, 0.48590123653411865, -0.16038548946380615, 0.47059646248817444, 0.87342536449432373, 0.1251683235168457),
            ["LeftUpperLeg"] = CFrame.new(-5.9604644775390625e-08, 2.644956111907959e-07, -9.9953263998031616e-05, 0.97205489873886108, 0.23117025196552277, 0.04086100310087204, -0.21482174098491669, 0.80575573444366455, 0.55191421508789062, 0.094662167131900787, -0.54526877403259277, 0.83289921283721924),
            ["LowerTorso"] = CFrame.new(0.013871453702449799, 0.4230501651763916, 0.98033511638641357, 0.99449437856674194, 0.10131603479385376, 0.026757188141345978, -0.053196296095848083, 0.70811104774475098, -0.7040945291519165, -0.090283110737800598, 0.69879472255706787, 0.70960205793380737),
            ["RightFoot"] = CFrame.new(3.2130628824234009e-08, 0.006984710693359375, -0.00010299885616404936, 0.99366873502731323, 0.085910111665725708, 0.072401024401187897, -0.089672163128852844, 0.99469453096389771, 0.05041518434882164, -0.067685730755329132, -0.056588348001241684, 0.99610060453414917),
            ["RightHand"] = CFrame.new(-0.00050050579011440277, -2.384185791015625e-07, 3.1839590519666672e-08, 1, 0, 0, 0, 1, 0, 0, 0, 1),
            ["RightLowerArm"] = CFrame.new(0, 0.013443946838378906, 0.00089412182569503784, 1, 0, 0, 0, 0.99092137813568115, -0.13444247841835022, 0, 0.13444247841835022, 0.99092137813568115),
            ["RightLowerLeg"] = CFrame.new(4.8428773880004883e-08, 0.031024754047393799, -0.002948506036773324, 1, -0, 0, 0, 0.96992844343185425, 0.24339021742343903, -0, -0.24339021742343903, 0.96992844343185425),
            ["RightUpperArm"] = CFrame.new(0.46978569030761719, -0.56456947326660156, -0.059350825846195221, 0.05699002742767334, -0.21553006768226624, 0.97483277320861816, 0.90151691436767578, 0.43065083026885986, 0.042510658502578735, -0.42897486686706543, 0.87640547752380371, 0.21884679794311523),
            ["RightUpperLeg"] = CFrame.new(-5.9604644775390625e-08, 2.4959444999694824e-07, -1.0600342648103833e-07, 0.96388918161392212, -0.26196202635765076, -0.047890648245811462, 0.243747279047966, 0.79542964696884155, 0.55486845970153809, -0.10726079344749451, -0.54650497436523438, 0.83055853843688965),
            ["UpperTorso"] = CFrame.new(-0.095290042459964752, -0.1056256890296936, -0.0091435778886079788, 0.99915140867233276, -0.040227789431810379, 0.0088410228490829468, 0.037989478558301926, 0.9830164909362793, 0.1795421838760376, -0.015913454815745354, -0.17905396223068237, 0.98371052742004395)
        }},
        {Time = 0.100, Data = {
            ["Head"] = CFrame.new(-0.028381280601024628, 0.077889680862426758, -0.1622067391872406, 0.9976922869682312, -0.065662853419780731, 0.017276162281632423, 0.067288599908351898, 0.99020332098007202, -0.12235058844089508, -0.0090730246156454086, 0.12323072552680969, 0.99233657121658325),
            ["LeftFoot"] = CFrame.new(-1.7881393432617188e-07, -0.026955068111419678, -3.3229589462280273e-06, 0.88471418619155884, -0.35657566785812378, -0.30022424459457397, 0.43463248014450073, 0.86379116773605347, 0.25487145781517029, 0.16845007240772247, -0.35597559809684753, 0.91918766498565674),
            ["LeftHand"] = CFrame.new(0.00049996376037597656, 9.9778175354003906e-05, 1.4901161193847656e-08, 1, 0, 0, 0, 1, 0, 0, 0, 1),
            ["LeftLowerArm"] = CFrame.new(-0.00049996376037597656, 0.030290961265563965, 0.0046978704631328583, 1, 0, 0, 0, 0.95272833108901978, -0.30382359027862549, 0, 0.30382359027862549, 0.95272833108901978),
            ["LeftLowerLeg"] = CFrame.new(1.4901161193847656e-07, -0.026460587978363037, -0.00024910271167755127, 1, 0, 0, 0, 1, 0, 0, 0, 1),
            ["LeftUpperArm"] = CFrame.new(-0.4934539794921875, -0.66574311256408691, -0.67127084732055664, 0.21787869930267334, 0.040513277053833008, -0.97513461112976074, -0.96876156330108643, -0.11228156089782715, -0.22111955285072327, -0.11844789981842041, 0.99285018444061279, 0.014783978462219238),
            ["LeftUpperLeg"] = CFrame.new(-5.9604644775390625e-08, -2.7567148208618164e-07, -9.9983997642993927e-05, 0.96145164966583252, 0.26775383949279785, 0.062598347663879395, -0.2442624568939209, 0.72709536552429199, 0.64161378145217896, 0.12627957761287689, -0.63217109441757202, 0.76446926593780518),
            ["LowerTorso"] = CFrame.new(0.080609224736690521, 0.81799077987670898, 0.93453484773635864, 0.99380886554718018, 0.10948005318641663, 0.018921740353107452, -0.052895694971084595, 0.61600297689437866, -0.78596597909927368, -0.097703427076339722, 0.78009909391403198, 0.6179802417755127),
            ["RightFoot"] = CFrame.new(-8.5681676864624023e-08, 0.0032785534858703613, -0.00010309664503438398, 0.99786132574081421, 0.049989126622676849, 0.042117178440093994, -0.055200167000293732, 0.98953050374984741, 0.13335044682025909, -0.035010159015655518, -0.13539011776447296, 0.99017363786697388),
            ["RightHand"] = CFrame.new(-0.00049994885921478271, 2.384185791015625e-07, -7.4505805969238281e-09, 1, 0, 0, 0, 1, 0, 0, 0, 1),
            ["RightLowerArm"] = CFrame.new(-2.384185791015625e-07, 0.0061290860176086426, 0.00018173456192016602, 1, 0, 0, 0, 0.99812185764312744, -0.06125984713435173, 0, 0.06125984713435173, 0.99812185764312744),
            ["RightLowerLeg"] = CFrame.new(-1.1548399925231934e-07, 0.012989640235900879, -0.00045386160491034389, 1, -0, 0, 0, 0.99520039558410645, 0.097857862710952759, -0, -0.097857862710952759, 0.99520039558410645),
            ["RightUpperArm"] = CFrame.new(0.49644553661346436, -0.6616176962852478, -0.41901984810829163, 0.023955464363098145, -0.083338260650634766, 0.99623334407806396, 0.98632526397705078, -0.16056919097900391, -0.037149429321289062, 0.16306039690971375, 0.98350000381469727, 0.078352093696594238),
            ["RightUpperLeg"] = CFrame.new(0, 6.7055225372314453e-08, -1.507069100625813e-07, 0.97594618797302246, -0.21229919791221619, -0.049579747021198273, 0.18131113052368164, 0.66410320997238159, 0.72532284259796143, -0.12105938047170639, -0.7168654203414917, 0.68662118911743164),
            ["UpperTorso"] = CFrame.new(-0.15203610062599182, -0.18680229783058167, 0.12447910010814667, 0.99888163805007935, -0.040955744683742523, 0.023625034838914871, 0.035272523760795593, 0.97823226451873779, 0.20449312031269073, -0.031485941261053085, -0.20343111455440521, 0.97858285903930664)
        }},
        {Time = 0.133, Data = {
            ["Head"] = CFrame.new(-0.028816418722271919, 0.078969001770019531, -0.15047742426395416, 0.99692022800445557, -0.069009497761726379, 0.037253081798553467, 0.077749505639076233, 0.93183398246765137, -0.35445800423622131, -0.01025271974503994, 0.35626277327537537, 0.9343295693397522),
            ["LeftFoot"] = CFrame.new(8.9406967163085938e-08, 0.010660052299499512, -2.86102294921875e-06, 0.82998800277709961, -0.42666089534759521, -0.35927772521972656, 0.50654923915863037, 0.84622210264205933, 0.16527572274208069, 0.23351205885410309, -0.31916868686676025, 0.91847890615463257),
            ["LeftHand"] = CFrame.new(0.00049979984760284424, 0.00010025501251220703, 1.4901161193847656e-08, 1, 0, 0, 0, 1, 0, 0, 0, 1),
            ["LeftLowerArm"] = CFrame.new(-0.00050020217895507812, 0.032287836074829102, 0.0053557846695184708, 1, 0, 0, 0, 0.94611525535583496, -0.32383006811141968, 0, 0.32383006811141968, 0.94611525535583496),
            ["LeftLowerLeg"] = CFrame.new(-5.9604644775390625e-08, 0.052526712417602539, -0.0091016776859760284, 1, -0, 0, 0, 0.90652072429656982, 0.42216125130653381, -0, -0.42216125130653381, 0.90652072429656982),
            ["LeftUpperArm"] = CFrame.new(-0.50087308883666992, -0.74349427223205566, -0.57211416959762573, 0.20012414455413818, 0.027988344430923462, -0.97937071323394775, -0.9761815071105957, 0.091176629066467285, -0.19686684012413025, 0.083785682916641235, 0.99544131755828857, 0.045568346977233887),
            ["LeftUpperLeg"] = CFrame.new(5.9604644775390625e-08, -1.4528632164001465e-07, -9.9384691566228867e-05, 0.93588638305664062, 0.35041263699531555, -0.036436453461647034, -0.30290749669075012, 0.85316777229309082, 0.42467844486236572, 0.17989911139011383, -0.38641393184661865, 0.90461075305938721),
            ["LowerTorso"] = CFrame.new(0.13861998915672302, 1.0612668991088867, 0.91715025901794434, 0.99335157871246338, 0.11357338726520538, 0.018806822597980499, -0.048389866948127747, 0.56017231941223145, -0.82696151733398438, -0.10445588827133179, 0.82055354118347168, 0.56194388866424561),
            ["RightFoot"] = CFrame.new(8.9406967163085938e-08, 0.018774569034576416, -0.00010292574734194204, 0.99872070550918579, 0.038669731467962265, 0.032582715153694153, -0.035643447190523148, 0.99540877342224121, -0.088830523192882538, -0.035868175327777863, 0.087555520236492157, 0.9955136775970459),
            ["RightHand"] = CFrame.new(-0.00049965083599090576, -1.7881393432617188e-07, -8.5681676864624023e-08, 1, 0, 0, 0, 1, 0, 0, 0, 1),
            ["RightLowerArm"] = CFrame.new(0, 0.0082067251205444336, 0.00032895803451538086, 1, 0, 0, 0, 0.99662333726882935, -0.082109160721302032, 0, 0.082109160721302032, 0.99662333726882935),
            ["RightLowerLeg"] = CFrame.new(-2.0489096641540527e-08, 0.08513873815536499, -0.026481619104743004, 1, -0, 0, 0, 0.7292291522026062, 0.68426954746246338, -0, -0.68426954746246338, 0.7292291522026062),
            ["RightUpperArm"] = CFrame.new(0.50558769702911377, -0.73493564128875732, -0.40349683165550232, 0.020267248153686523, -0.088219344615936279, 0.99589484930038452, 0.99975556135177612, -0.0070153474807739258, -0.020967215299606323, 0.0088363289833068848, 0.99607634544372559, 0.088055610656738281),
            ["RightUpperLeg"] = CFrame.new(-8.9406967163085938e-08, -3.7252902984619141e-08, 4.518587957136333e-07, 0.98119634389877319, -0.19008669257164001, 0.033478599041700363, 0.15432706475257874, 0.87681514024734497, 0.45538812875747681, -0.11591775715351105, -0.44165849685668945, 0.88966333866119385),
            ["UpperTorso"] = CFrame.new(-0.19853736460208893, -0.23791734874248505, 0.23230992257595062, 0.998740553855896, -0.03676193580031395, 0.034144166857004166, 0.029921766370534897, 0.98269414901733398, 0.18280306458473206, -0.040273468941450119, -0.18155118823051453, 0.98255646228790283)
        }},
        {Time = 0.167, Data = {
            ["Head"] = CFrame.new(-0.028972938656806946, 0.079357028007507324, -0.14592897891998291, 0.99660319089889526, -0.068707838654518127, 0.045401938259601593, 0.081742957234382629, 0.89231324195861816, -0.4439539909362793, -0.010009629651904106, 0.44615727663040161, 0.89489859342575073),
            ["LeftFoot"] = CFrame.new(1.9371509552001953e-07, 0.027826964855194092, -2.5331974029541016e-06, 0.7581825852394104, -0.49878957867622375, -0.41996204853057861, 0.47648158669471741, 0.86349493265151978, -0.16535353660583496, 0.44511169195175171, -0.074736014008522034, 0.89235091209411621),
            ["LeftHand"] = CFrame.new(0.00049957633018493652, 0.00010007619857788086, -1.7881393432617188e-07, 1, 0, 0, 0, 1, 0, 0, 0, 1),
            ["LeftLowerArm"] = CFrame.new(-0.00049993395805358887, 0.034437358379364014, 0.0061167627573013306, 1, 0, 0, 0, 0.93849551677703857, -0.34529140591621399, 0, 0.34529140591621399, 0.93849551677703857),
            ["LeftLowerLeg"] = CFrame.new(1.6391277313232422e-07, 0.11380255222320557, -0.054697662591934204, 1, -0, 0, 0, 0.43486446142196655, 0.90049600601196289, -0, -0.90049600601196289, 0.43486446142196655),
            ["LeftUpperArm"] = CFrame.new(-0.52320611476898193, -0.75392204523086548, -0.34385830163955688, 0.15117037296295166, 0.014269381761550903, -0.98840475082397461, -0.83189296722412109, 0.54193681478500366, -0.11940905451774597, 0.53394901752471924, 0.84029805660247803, 0.093795418739318848),
            ["LeftUpperLeg"] = CFrame.new(0, -2.0116567611694336e-07, -9.9964439868927002e-05, 0.87511378526687622, 0.43905389308929443, -0.20348839461803436, -0.45746868848800659, 0.88770210742950439, -0.052032880485057831, 0.15779183804988861, 0.13862425088882446, 0.97769373655319214),
            ["LowerTorso"] = CFrame.new(0.16629047691822052, 1.1901538372039795, 0.9456254243850708, 0.99267512559890747, 0.11961854994297028, 0.016957521438598633, -0.041540641337633133, 0.46974265575408936, -0.88182556629180908, -0.11344835162162781, 0.87466180324554443, 0.4712708592414856),
            ["RightFoot"] = CFrame.new(6.6123902797698975e-08, 0.032016098499298096, -0.00010143423423869535, 0.9946247935295105, 0.079214558005332947, 0.066682949662208557, -0.04465528205037117, 0.90918809175491333, -0.41398420929908752, -0.093420907855033875, 0.40878120064735413, 0.90783834457397461),
            ["RightHand"] = CFrame.new(-0.00049994140863418579, 0, -3.7252902984619141e-08, 1, 0, 0, 0, 1, 0, 0, 0, 1),
            ["RightLowerArm"] = CFrame.new(-5.0663948059082031e-07, 0.013780057430267334, 0.0009402148425579071, 1, 0, 0, 0, 0.99046206474304199, -0.13778549432754517, 0, 0.13778549432754517, 0.99046206474304199),
            ["RightLowerLeg"] = CFrame.new(5.5879354476928711e-09, 0.12505030632019043, -0.086470469832420349, 1, -0, 0, 0, 0.10535156726837158, 0.99443501234054565, -0, -0.99443501234054565, 0.10535156726837158),
            ["RightUpperArm"] = CFrame.new(0.51395654678344727, -0.77663612365722656, -0.27689090371131897, 0.013197004795074463, -0.10252290964126587, 0.99464309215545654, 0.93403369188308716, 0.35635483264923096, 0.024338454008102417, -0.35694119334220886, 0.92870891094207764, 0.10046267509460449),
            ["RightUpperLeg"] = CFrame.new(-2.9802322387695312e-08, -4.246830940246582e-07, 3.2706157071515918e-07, 0.97522616386413574, -0.19738546013832092, 0.099864289164543152, 0.20321157574653625, 0.97775894403457642, -0.05188881978392601, -0.087401106953620911, 0.070896916091442108, 0.99364715814590454),
            ["UpperTorso"] = CFrame.new(-0.21381470561027527, -0.24117936193943024, 0.27452898025512695, 0.99867373704910278, -0.031275127083063126, 0.040898244827985764, 0.024469509720802307, 0.98722702264785767, 0.15742959082126617, -0.045299481600522995, -0.15622003376483917, 0.9866829514503479)
        }},
        {Time = 0.200, Data = {
            ["Head"] = CFrame.new(-0.028972946107387543, 0.079357385635375977, -0.14592853188514709, 0.99666786193847656, -0.068016991019248962, 0.045020535588264465, 0.080943778157234192, 0.89284646511077881, -0.44302737712860107, -0.010063039138913155, 0.44519525766372681, 0.89537698030471802),
            ["LeftFoot"] = CFrame.new(-1.4901161193847656e-07, 0.031734108924865723, -1.4007091522216797e-06, 0.66216862201690674, -0.5732264518737793, -0.48264279961585999, 0.44578644633293152, 0.8190455436706543, -0.36116313934326172, 0.60233473777770996, 0.023995280265808105, 0.79788291454315186),
            ["LeftHand"] = CFrame.new(0.00050061941146850586, 0.00010007619857788086, 1.1920928955078125e-07, 1, 0, 0, 0, 1, 0, 0, 0, 1),
            ["LeftLowerArm"] = CFrame.new(-0.00050014257431030273, 0.036741793155670166, 0.0069940835237503052, 1, 0, 0, 0, 0.92969393730163574, -0.36833298206329346, 0, 0.36833298206329346, 0.92969393730163574),
            ["LeftLowerLeg"] = CFrame.new(-1.1920928955078125e-07, 0.12506949901580811, -0.085064947605133057, 1, -0, 0, 0, 0.11892509460449219, 0.99290329217910767, -0, -0.99290329217910767, 0.11892509460449219),
            ["LeftUpperArm"] = CFrame.new(-0.54508697986602783, -0.67035245895385742, -0.17183846235275269, 0.10161560773849487, 0.024026274681091309, -0.99453359842300415, -0.49269551038742065, 0.86970734596252441, -0.029330074787139893, 0.86424845457077026, 0.49298262596130371, 0.10021346807479858),
            ["LeftUpperLeg"] = CFrame.new(-1.1920928955078125e-07, -3.2037496566772461e-07, -9.9648954346776009e-05, 0.79977548122406006, 0.51117205619812012, -0.3147415816783905, -0.59418690204620361, 0.59946751594543457, -0.53626543283462524, -0.085446566343307495, 0.61590725183486938, 0.78317117691040039),
            ["LowerTorso"] = CFrame.new(0.17685246467590332, 1.3274693489074707, 1.0597231388092041, 0.99171745777130127, 0.12823152542114258, 0.0072878412902355194, -0.030184898525476456, 0.28784513473510742, -0.95720124244689941, -0.1248411238193512, 0.94905316829681396, 0.28933167457580566),
            ["RightFoot"] = CFrame.new(6.7055225372314453e-08, 0.034543633460998535, -9.9918041087221354e-05, 0.98502767086029053, 0.13186350464820862, 0.11105207353830338, -0.046672660857439041, 0.82408666610717773, -0.56453770399093628, -0.16595844924449921, 0.55090218782424927, 0.81790256500244141),
            ["RightHand"] = CFrame.new(-0.00050088390707969666, -1.1920928955078125e-07, -1.7136335372924805e-07, 1, 0, 0, 0, 1, 0, 0, 0, 1),
            ["RightLowerArm"] = CFrame.new(7.152557373046875e-07, 0.021813631057739258, 0.002385798841714859, 1, 0, 0, 0, 0.97592508792877197, -0.21810588240623474, 0, 0.21810588240623474, 0.97592508792877197),
            ["RightLowerLeg"] = CFrame.new(1.2665987014770508e-07, 0.12123316526412964, -0.12699508666992188, 1, 0, 0, 0, -0.31665050983428955, 0.94854229688644409, 0, -0.94854229688644409, -0.31665050983428955),
            ["RightUpperArm"] = CFrame.new(0.51878821849822998, -0.73864620923995972, -0.1464480459690094, 0.0094332695007324219, -0.12318450212478638, 0.99233895540237427, 0.70101058483123779, 0.7085031270980835, 0.08128654956817627, -0.71308845281600952, 0.69487327337265015, 0.093037128448486328),
            ["RightUpperLeg"] = CFrame.new(-5.9604644775390625e-08, -2.0861625671386719e-07, -6.5490894485265017e-08, 0.95881032943725586, -0.22449091076850891, 0.17403030395507812, 0.28273263573646545, 0.6953967809677124, -0.66067057847976685, 0.02729438990354538, 0.68266183137893677, 0.73022454977035522),
            ["UpperTorso"] = CFrame.new(-0.20507316291332245, -0.21638874709606171, 0.26596269011497498, 0.99871724843978882, -0.025152899324893951, 0.043945226818323135, 0.019282128661870956, 0.99142485857009888, 0.12924760580062866, -0.046819340437650681, -0.12823444604873657, 0.9906381368637085)
        }},
        {Time = 0.233, Data = {
            ["Head"] = CFrame.new(-0.028972946107387543, 0.079357266426086426, -0.14592903852462769, 0.99684292078018188, -0.066084139049053192, 0.044012613594532013, 0.078734450042247772, 0.89430588483810425, -0.44047456979751587, -0.01025235652923584, 0.44254922866821289, 0.89668560028076172),
            ["LeftFoot"] = CFrame.new(-1.7881393432617188e-07, 0.027668654918670654, -1.6316771507263184e-06, 0.69364404678344727, -0.55101203918457031, -0.46394354104995728, 0.4906919002532959, 0.83297938108444214, -0.25566935539245605, 0.52733230590820312, -0.050309836864471436, 0.84816837310791016),
            ["LeftHand"] = CFrame.new(0.00049930810928344727, 9.9539756774902344e-05, 1.3783574104309082e-07, 1, 0, 0, 0, 1, 0, 0, 0, 1),
            ["LeftLowerArm"] = CFrame.new(-0.00049996376037597656, 0.039198219776153564, 0.0080029517412185669, 1, 0, 0, 0, 0.91957861185073853, -0.3929060697555542, 0, 0.3929060697555542, 0.91957861185073853),
            ["LeftLowerLeg"] = CFrame.new(2.9802322387695312e-07, 0.11326789855957031, -0.053838923573493958, 1, -0, 0, 0, 0.44373148679733276, 0.89615976810455322, -0, -0.89615976810455322, 0.44373148679733276),
            ["LeftUpperArm"] = CFrame.new(-0.55019712448120117, -0.66112738847732544, -0.12065668404102325, 0.083775579929351807, 0.032541245222091675, -0.99595320224761963, -0.30550384521484375, 0.95217543840408325, 0.0054131150245666504, 0.94849836826324463, 0.30381405353546143, 0.089710533618927002),
            ["LeftUpperLeg"] = CFrame.new(8.9406967163085938e-08, 1.6391277313232422e-07, -0.0001008906401693821, 0.83515626192092896, 0.54314655065536499, -0.086636126041412354, -0.43150657415390015, 0.54936063289642334, -0.7155451774597168, -0.34105145931243896, 0.63497614860534668, 0.69317328929901123),
            ["LowerTorso"] = CFrame.new(0.20070101320743561, 1.5813579559326172, 1.3149735927581787, 0.9908483624458313, 0.13391140103340149, -0.016948927193880081, -0.010447625070810318, -0.049103736877441406, -0.99873906373977661, -0.13457480072975159, 0.98977607488632202, -0.047255277633666992),
            ["RightFoot"] = CFrame.new(-3.6321580410003662e-08, 0.03280407190322876, -0.00010096112237079069, 0.99687081575393677, 0.060482412576675415, 0.050896767526865005, -0.030372040346264839, 0.88750934600830078, -0.45978763699531555, -0.072980418801307678, 0.45680305361747742, 0.88656914234161377),
            ["RightHand"] = CFrame.new(-0.0005000382661819458, -5.9604644775390625e-07, 2.384185791015625e-07, 1, 0, 0, 0, 1, 0, 0, 0, 1),
            ["RightLowerArm"] = CFrame.new(-5.9604644775390625e-08, 0.031193196773529053, 0.0049568302929401398, 1, 0, 0, 0, 0.95011866092681885, -0.31188866496086121, 0, 0.31188866496086121, 0.95011866092681885),
            ["RightLowerLeg"] = CFrame.new(-1.4901161193847656e-08, 0.12584662437438965, -0.099358245730400085, 1, 0, 0, 0, -0.028723239898681641, 0.99958741664886475, 0, -0.99958741664886475, -0.028723239898681641),
            ["RightUpperArm"] = CFrame.new(0.52126610279083252, -0.68836039304733276, -0.090569742023944855, 0.0073781609535217285, -0.14401239156723022, 0.98954838514328003, 0.44338011741638184, 0.88745492696762085, 0.12584845721721649, -0.89630335569381714, 0.43781751394271851, 0.070399999618530273),
            ["RightUpperLeg"] = CFrame.new(-5.9604644775390625e-08, 8.9406967163085938e-08, -3.9564474718645215e-07, 0.97508233785629272, -0.18029928207397461, 0.1292540580034256, 0.20503503084182739, 0.509971022605896, -0.83539819717407227, 0.08470587432384491, 0.84108364582061768, 0.53423142433166504),
            ["UpperTorso"] = CFrame.new(-0.19427770376205444, -0.19353665411472321, 0.25239467620849609, 0.99885767698287964, -0.018854763358831406, 0.043907791376113892, 0.014415076933801174, 0.99495106935501099, 0.099320806562900543, -0.04555877298116684, -0.098574407398700714, 0.99408626556396484)
        }},
        {Time = 0.267, Data = {
            ["Head"] = CFrame.new(-0.028972923755645752, 0.079357028007507324, -0.14592954516410828, 0.99710297584533691, -0.063167177140712738, 0.042374342679977417, 0.075348012149333954, 0.89649355411529541, -0.43660280108451843, -0.010409357026219368, 0.43853077292442322, 0.89865589141845703),
            ["LeftFoot"] = CFrame.new(4.4703483581542969e-08, 0.02621084451675415, -2.2053718566894531e-06, 0.74320042133331299, -0.51181715726852417, -0.43092501163482666, 0.4072975218296051, 0.85706830024719238, -0.31550395488739014, 0.53081250190734863, 0.058967992663383484, 0.84543532133102417),
            ["LeftHand"] = CFrame.new(0.00050007551908493042, 0.00010001659393310547, -5.9604644775390625e-08, 1, 0, 0, 0, 1, 0, 0, 0, 1),
            ["LeftLowerArm"] = CFrame.new(-0.00050032138824462891, 0.04180753231048584, 0.0091584622859954834, 1, 0, 0, 0, 0.90800780057907104, -0.4189532995223999, 0, 0.4189532995223999, 0.90800780057907104),
            ["LeftLowerLeg"] = CFrame.new(4.1723251342773438e-07, 0.10808867216110229, -0.046417377889156342, 1, -0, 0, 0, 0.52088558673858643, 0.853626549243927, -0, -0.853626549243927, 0.52088558673858643),
            ["LeftUpperArm"] = CFrame.new(-0.53920626640319824, -0.7443462610244751, -0.11333702504634857, 0.096151530742645264, 0.019234031438827515, -0.99518090486526489, -0.3165648877620697, 0.94849169254302979, -0.012253925204277039, 0.94368511438369751, 0.31621754169464111, 0.09728771448135376),
            ["LeftUpperLeg"] = CFrame.new(-5.9604644775390625e-08, 2.3469328880310059e-07, -0.00010037142783403397, 0.74663078784942627, 0.64965063333511353, 0.14316600561141968, -0.43100899457931519, 0.63633859157562256, -0.63976901769638062, -0.5067284107208252, 0.41596537828445435, 0.75511527061462402),
            ["LowerTorso"] = CFrame.new(0.24188588559627533, 2.1171894073486328, 1.749975323677063, 0.99134469032287598, 0.11797881126403809, -0.057590611279010773, 0.018338348716497421, -0.55880904197692871, -0.82909351587295532, -0.12999764084815979, 0.82086139917373657, -0.55613589286804199),
            ["RightFoot"] = CFrame.new(-1.0058283805847168e-07, 0.032620787620544434, -0.00010128149733645841, 0.9946744441986084, 0.078831106424331665, 0.066395863890647888, -0.017538992688059807, 0.76426970958709717, -0.64465820789337158, -0.1015634685754776, 0.64006054401397705, 0.7615821361541748),
            ["RightHand"] = CFrame.new(-0.00049958378076553345, -6.5565109252929688e-07, 8.9406967163085938e-08, 1, 0, 0, 0, 1, 0, 0, 0, 1),
            ["RightLowerArm"] = CFrame.new(-3.5762786865234375e-07, 0.040772914886474609, 0.0086445612832903862, 1, 0, 0, 0, 0.91315436363220215, -0.40761387348175049, 0, 0.40761387348175049, 0.91315436363220215),
            ["RightLowerLeg"] = CFrame.new(1.1175870895385742e-07, 0.12582027912139893, -0.096366360783576965, 1, -0, 0, 0, 0.0024398565292358398, 0.99999713897705078, -0, -0.99999713897705078, 0.0024398565292358398),
            ["RightUpperArm"] = CFrame.new(0.52168893814086914, -0.69798755645751953, -0.084449335932731628, 0.0075706839561462402, -0.15627631545066833, 0.98768436908721924, 0.31358465552330017, 0.93826079368591309, 0.14605259895324707, -0.94953012466430664, 0.30861693620681763, 0.056109130382537842),
            ["RightUpperLeg"] = CFrame.new(-5.9604644775390625e-08, 7.0035457611083984e-07, -1.0485018719919026e-06, 0.96961134672164917, -0.22680318355560303, 0.091729030013084412, 0.2118486762046814, 0.59082359075546265, -0.77849072217941284, 0.1223684549331665, 0.77426606416702271, 0.62091720104217529),
            ["UpperTorso"] = CFrame.new(-0.18164859712123871, -0.17232492566108704, 0.23521997034549713, 0.99907767772674561, -0.012717116624116898, 0.0410136878490448, 0.0098807811737060547, 0.99759310483932495, 0.068631730973720551, -0.041787773370742798, -0.068163178861141205, 0.99679863452911377)
        }},
        {Time = 0.300, Data = {
            ["Head"] = CFrame.new(-0.028972931206226349, 0.079357147216796875, -0.14592951536178589, 0.99742817878723145, -0.059319086372852325, 0.040227428078651428, 0.070888139307498932, 0.89929699897766113, -0.43155509233474731, -0.010576946660876274, 0.43329685926437378, 0.90118920803070068),
            ["LeftFoot"] = CFrame.new(-1.9371509552001953e-07, 0.029370784759521484, -2.2053718566894531e-06, 0.84793221950531006, -0.40550422668457031, -0.34143424034118652, 0.25953280925750732, 0.87917506694793701, -0.39961716532707214, 0.46222692728042603, 0.25023487210273743, 0.85072249174118042),
            ["LeftHand"] = CFrame.new(0.00049985945224761963, 0.00010019540786743164, -1.7881393432617188e-07, 1, 0, 0, 0, 1, 0, 0, 0, 1),
            ["LeftLowerArm"] = CFrame.new(-0.00050002336502075195, 0.044562101364135742, 0.010477736592292786, 1, 0, 0, 0, 0.8947901725769043, -0.44648686051368713, 0, 0.44648686051368713, 0.8947901725769043),
            ["LeftLowerLeg"] = CFrame.new(-3.2782554626464844e-07, 0.11885511875152588, -0.064288035035133362, 1, -0, 0, 0, 0.33509272336959839, 0.9421851634979248, -0, -0.9421851634979248, 0.33509272336959839),
            ["LeftUpperArm"] = CFrame.new(-0.51654624938964844, -0.82927495241165161, -0.11328555643558502, 0.1295926570892334, -0.0096822082996368408, -0.99152004718780518, -0.35473135113716125, 0.93332087993621826, -0.055477619171142578, 0.92594349384307861, 0.35891273617744446, 0.11751693487167358),
            ["LeftUpperLeg"] = CFrame.new(-1.1920928955078125e-07, 1.3038516044616699e-07, -0.00010002963244915009, 0.72760450839996338, 0.68568646907806396, 0.020636692643165588, -0.52116978168487549, 0.57209104299545288, -0.63331985473632812, -0.44606482982635498, 0.45005118846893311, 0.77361500263214111),
            ["LowerTorso"] = CFrame.new(0.27350276708602905, 2.3033890724182129, 2.0957810878753662, 0.99358469247817993, 0.078516438603401184, -0.081392146646976471, 0.03713751956820488, -0.90632331371307373, -0.42094981670379639, -0.10681908577680588, 0.41522657871246338, -0.90342485904693604),
            ["RightFoot"] = CFrame.new(-1.4901161193847656e-07, 0.033186078071594238, -0.00010110268340213224, 0.99297523498535156, 0.090522155165672302, 0.076196320354938507, -0.021793179214000702, 0.77287638187408447, -0.63418233394622803, -0.1162978783249855, 0.6280667781829834, 0.76941990852355957),
            ["RightHand"] = CFrame.new(-0.00049941986799240112, -2.384185791015625e-07, 1.4901161193847656e-07, 1, 0, 0, 0, 1, 0, 0, 0, 1),
            ["RightLowerArm"] = CFrame.new(-7.152557373046875e-07, 0.04949796199798584, 0.013052955269813538, 1, 0, 0, 0, 0.86898458003997803, -0.49483922123908997, 0, 0.49483922123908997, 0.86898458003997803),
            ["RightLowerLeg"] = CFrame.new(-2.9802322387695312e-08, 0.1257857084274292, -0.10315332561731339, 1, 0, 0, 0, -0.068256020545959473, 0.99766784906387329, 0, -0.99766784906387329, -0.068256020545959473),
            ["RightUpperArm"] = CFrame.new(0.51973211765289307, -0.74707454442977905, -0.081024885177612305, 0.011509358882904053, -0.15228940546512604, 0.98826897144317627, 0.27873796224594116, 0.94964724779129028, 0.14309170842170715, -0.96029829978942871, 0.27382117509841919, 0.053378701210021973),
            ["RightUpperLeg"] = CFrame.new(1.1920928955078125e-07, 2.2351741790771484e-07, 2.5162444217130542e-07, 0.96242415904998779, -0.25395661592483521, 0.096155062317848206, 0.22988715767860413, 0.57349562644958496, -0.78629183769226074, 0.14453944563865662, 0.77885103225708008, 0.61032736301422119),
            ["UpperTorso"] = CFrame.new(-0.16743351519107819, -0.15237754583358765, 0.21567690372467041, 0.99933230876922607, -0.0069829178974032402, 0.035864107310771942, 0.0056157186627388, 0.99925881624221802, 0.038081910461187363, -0.036103449761867523, -0.037855077534914017, 0.9986308217048645)
        }},
        {Time = 0.333, Data = {
            ["Head"] = CFrame.new(-0.028972893953323364, 0.079357147216796875, -0.14592935144901276, 0.99778628349304199, -0.054757546633481979, 0.037738010287284851, 0.065627187490463257, 0.90251415967941284, -0.42563045024871826, -0.010752620175480843, 0.42716485261917114, 0.90410983562469482),
            ["LeftFoot"] = CFrame.new(-2.384185791015625e-07, 0.026524245738983154, -2.4437904357910156e-06, 0.89046716690063477, -0.34810683131217957, -0.29306963086128235, 0.2066170871257782, 0.88312649726867676, -0.42118522524833679, 0.4054349958896637, 0.31449845433235168, 0.85831999778747559),
            ["LeftHand"] = CFrame.new(0.00050013512372970581, 9.9837779998779297e-05, -1.4901161193847656e-07, 1, 0, 0, 0, 1, 0, 0, 0, 1),
            ["LeftLowerArm"] = CFrame.new(-0.00049984455108642578, 0.047447025775909424, 0.01197284460067749, 1, 0, 0, 0, 0.8797985315322876, -0.47534677386283875, 0, 0.47534677386283875, 0.8797985315322876),
