return {
["hug intro"] = {

          {Time = 0.000, Data = {

              ["Head"] = CFrame.new(0.000000, 0.000000, -0.000000, 0.999187, 0.003250, -0.040185, -0.009163, 0.988970, -0.147831, 0.039261, 0.148079, 0.988196),

              ["LeftFoot"] = CFrame.new(-0.000000, 0.025835, -0.000003, 1.000000, 0.000000, 0.000000, -0.000000, 0.999999, -0.001098, -0.000000, 0.001097, 0.999999),

              ["LeftHand"] = CFrame.new(0.000494, 0.009072, 0.000000, 0.999734, 0.019515, -0.012266, -0.015789, 0.967505, 0.252363, 0.016793, -0.252100, 0.967555),

              ["LeftLowerArm"] = CFrame.new(-0.000500, 0.054919, 0.011413, 1.000000, -0.000000, -0.000000, 0.000000, 0.883800, -0.467865, 0.000000, 0.467865, 0.883800),

              ["LeftLowerLeg"] = CFrame.new(0.000000, 0.107036, -0.045198, 1.000000, -0.000000, -0.000000, 0.000000, 0.533597, 0.845745, -0.000000, -0.845739, 0.533587),

              ["LeftUpperArm"] = CFrame.new(-0.216248, -0.694181, -0.175159, 0.259444, 0.882028, -0.393339, -0.952215, 0.165659, -0.256600, -0.161168, 0.441117, 0.882860),

              ["LeftUpperLeg"] = CFrame.new(0.000000, -0.000000, -0.000100, 1.000000, 0.000000, -0.000000, -0.000000, 0.881535, -0.472097, 0.000000, 0.472119, 0.881546),

              ["LowerTorso"] = CFrame.new(0.000000, 0.000000, 0.841767, 1.000000, 0.000000, -0.000000, -0.000000, 0.999997, -0.002273, 0.000000, 0.002273, 0.999997),

              ["RightFoot"] = CFrame.new(0.000000, -0.000039, -0.000103, 1.000000, 0.000000, 0.000000, -0.000000, 0.999994, 0.003348, -0.000000, -0.003337, 0.999994),

              ["RightHand"] = CFrame.new(-0.000496, 0.005551, -0.000000, 0.999426, -0.028884, 0.017725, 0.019766, 0.921695, 0.387416, -0.027528, -0.386839, 0.921735),

              ["RightLowerArm"] = CFrame.new(-0.000000, 0.031607, 0.003459, 1.000000, 0.000000, 0.000000, -0.000000, 0.964704, -0.263337, -0.000000, 0.263336, 0.964704),

              ["RightLowerLeg"] = CFrame.new(-0.000000, -0.000039, 0.000003, 1.000000, 0.000000, 0.000000, 0.000000, 1.000000, -0.000008, -0.000000, -0.000011, 1.000000),

              ["RightUpperArm"] = CFrame.new(0.081536, -0.766446, -0.185472, 0.244610, -0.795960, 0.553727, 0.906241, -0.015406, -0.422479, 0.344808, 0.605154, 0.717563),

              ["RightUpperLeg"] = CFrame.new(0.000000, -0.000000, 0.000000, 1.000000, -0.000000, 0.000000, 0.000000, 0.999904, 0.013861, -0.000000, -0.013853, 0.999904),

              ["UpperTorso"] = CFrame.new(0.000000, 0.000000, -0.000000, 0.999920, 0.012633, 0.000977, -0.012671, 0.996769, 0.079322, 0.000029, -0.079328, 0.996849)

          }},

          {Time = 0.043, Data = {

              ["Head"] = CFrame.new(0.000000, -0.000000, -0.000000, 0.998996, 0.005094, -0.044511, -0.011543, 0.989240, -0.145846, 0.043289, 0.146213, 0.988306),

              ["LeftFoot"] = CFrame.new(0.000000, 0.025715, -0.000003, 1.000000, 0.000000, 0.000000, -0.000000, 0.999997, -0.002305, -0.000000, 0.002305, 0.999997),

              ["LeftHand"] = CFrame.new(0.000494, 0.009452, 0.000000, 0.999794, 0.017123, -0.010866, -0.013759, 0.966354, 0.256852, 0.014898, -0.256647, 0.966390),

              ["LeftLowerArm"] = CFrame.new(-0.000500, 0.057490, 0.012621, 1.000000, -0.000000, -0.000000, 0.000000, 0.871486, -0.490420, 0.000000, 0.490420, 0.871486),

              ["LeftLowerLeg"] = CFrame.new(0.000000, 0.106693, -0.044808, 1.000000, -0.000000, -0.000000, 0.000000, 0.537665, 0.843166, -0.000000, -0.843159, 0.537654),

              ["LeftUpperArm"] = CFrame.new(-0.214113, -0.698333, -0.173820, 0.261159, 0.884318, -0.387012, -0.952301, 0.170466, -0.253107, -0.157855, 0.434653, 0.886656),

              ["LeftUpperLeg"] = CFrame.new(0.000000, 0.000000, -0.000100, 1.000000, 0.000000, -0.000000, -0.000000, 0.882551, -0.470195, 0.000000, 0.470217, 0.882562),

              ["LowerTorso"] = CFrame.new(0.000000, 0.000000, 0.833947, 1.000000, 0.000000, -0.000000, -0.000000, 0.999997, -0.002273, 0.000000, 0.002273, 0.999997),

              ["RightFoot"] = CFrame.new(-0.000000, 0.000288, -0.000103, 1.000000, 0.000000, 0.000000, -0.000000, 0.999996, 0.002674, -0.000000, -0.002663, 0.999996),

              ["RightHand"] = CFrame.new(-0.000496, 0.006161, -0.000000, 0.999523, -0.026276, 0.016201, 0.017713, 0.918032, 0.396114, -0.025281, -0.395635, 0.918058),

              ["RightLowerArm"] = CFrame.new(-0.000000, 0.035710, 0.004485, 1.000000, 0.000000, 0.000000, -0.000000, 0.954279, -0.298917, -0.000000, 0.298917, 0.954279),

              ["RightLowerLeg"] = CFrame.new(-0.000000, 0.001031, 0.000003, 1.000000, 0.000000, -0.000000, -0.000000, 0.999972, 0.007449, 0.000000, -0.007467, 0.999972),

              ["RightUpperArm"] = CFrame.new(0.079699, -0.766273, -0.184324, 0.246494, -0.802941, 0.542702, 0.906582, -0.006898, -0.421974, 0.342564, 0.596019, 0.726232),

              ["RightUpperLeg"] = CFrame.new(0.000000, 0.000000, 0.000000, 1.000000, -0.000000, 0.000000, 0.000000, 0.999929, 0.011894, -0.000000, -0.011887, 0.999929),

              ["UpperTorso"] = CFrame.new(-0.000000, 0.000000, -0.000000, 0.999920, 0.012633, 0.000978, -0.012671, 0.996750, 0.079559, 0.000030, -0.079565, 0.996830)

          }},

          {Time = 0.087, Data = {

              ["Head"] = CFrame.new(0.000000, -0.000000, 0.000000, 0.998326, 0.010425, -0.056889, -0.018321, 0.989969, -0.140094, 0.054858, 0.140902, 0.988503),

              ["LeftFoot"] = CFrame.new(0.000000, 0.025369, -0.000003, 1.000000, 0.000000, 0.000000, -0.000000, 0.999984, -0.005729, -0.000000, 0.005728, 0.999984),

              ["LeftHand"] = CFrame.new(0.000493, 0.010517, -0.000000, 0.999924, 0.010226, -0.006827, -0.008034, 0.963718, 0.266806, 0.009307, -0.266728, 0.963726),

              ["LeftLowerArm"] = CFrame.new(-0.000500, 0.064230, 0.016118, 1.000000, -0.000000, -0.000000, 0.000000, 0.835789, -0.549050, 0.000000, 0.549051, 0.835789),

              ["LeftLowerLeg"] = CFrame.new(0.000000, 0.105697, -0.043690, 1.000000, -0.000000, -0.000000, 0.000000, 0.549307, 0.835627, -0.000000, -0.835621, 0.549297),

              ["LeftUpperArm"] = CFrame.new(-0.208008, -0.710194, -0.169892, 0.266059, 0.889515, -0.371451, -0.952499, 0.183359, -0.243155, -0.148181, 0.418501, 0.896047),

              ["LeftUpperLeg"] = CFrame.new(0.000000, -0.000000, -0.000100, 1.000000, 0.000000, -0.000000, -0.000000, 0.885460, -0.464694, 0.000000, 0.464716, 0.885471),

              ["LowerTorso"] = CFrame.new(0.000000, 0.000000, 0.811564, 1.000000, 0.000000, -0.000000, -0.000000, 0.999997, -0.002273, 0.000000, 0.002273, 0.999997),

              ["RightFoot"] = CFrame.new(0.000000, 0.001172, -0.000103, 1.000000, 0.000000, 0.000000, -0.000000, 1.000000, -0.000604, -0.000000, 0.000614, 1.000000),

              ["RightHand"] = CFrame.new(-0.000495, 0.007661, -0.000000, 0.999754, -0.018785, 0.011820, 0.012175, 0.909484, 0.415565, -0.018557, -0.415315, 0.909487),

              ["RightLowerArm"] = CFrame.new(0.000000, 0.046012, 0.007730, 1.000000, 0.000000, 0.000000, -0.000000, 0.921293, -0.388870, -0.000000, 0.388870, 0.921293),

              ["RightLowerLeg"] = CFrame.new(0.000000, 0.004319, -0.000038, 1.000000, 0.000000, -0.000000, -0.000000, 0.999500, 0.031612, 0.000000, -0.031631, 0.999500),

              ["RightUpperArm"] = CFrame.new(0.074373, -0.765753, -0.180977, 0.252024, -0.819144, 0.515253, 0.907509, 0.015177, -0.419758, 0.336022, 0.573386, 0.747206),

              ["RightUpperLeg"] = CFrame.new(0.000000, -0.000000, 0.000000, 1.000000, -0.000000, 0.000000, 0.000000, 0.999989, 0.004788, -0.000000, -0.004779, 0.999989),

              ["UpperTorso"] = CFrame.new(-0.000000, 0.000000, -0.000000, 0.999920, 0.012633, 0.000982, -0.012671, 0.996695, 0.080245, 0.000035, -0.080251, 0.996775)

          }},

          {Time = 0.130, Data = {

              ["Head"] = CFrame.new(0.000000, 0.000000, -0.000000, 0.996896, 0.018999, -0.076407, -0.028913, 0.990986, -0.130809, 0.073232, 0.132612, 0.988459),

              ["LeftFoot"] = CFrame.new(-0.000000, 0.024823, -0.000002, 1.000000, 0.000000, 0.000000, -0.000000, 0.999939, -0.011026, -0.000000, 0.011024, 0.999939),

              ["LeftHand"] = CFrame.new(0.000492, 0.012806, 0.000000, 1.000000, -0.000818, -0.000358, 0.000885, 0.961868, 0.273517, 0.000121, -0.273515, 0.961867),

              ["LeftLowerArm"] = CFrame.new(-0.000501, 0.073665, 0.021427, 1.000000, -0.000000, -0.000000, -0.000000, 0.781216, -0.624260, 0.000000, 0.624261, 0.781217),

              ["LeftLowerLeg"] = CFrame.new(0.000000, 0.104076, -0.041924, 1.000000, -0.000000, -0.000000, 0.000000, 0.567688, 0.823250, -0.000000, -0.823244, 0.567679),

              ["LeftUpperArm"] = CFrame.new(-0.198399, -0.728838, -0.163392, 0.273737, 0.893867, -0.355063, -0.952661, 0.201198, -0.227941, -0.132312, 0.400650, 0.906628),

              ["LeftUpperLeg"] = CFrame.new(0.000000, 0.000000, -0.000100, 1.000000, 0.000000, -0.000000, -0.000000, 0.890056, -0.455830, 0.000000, 0.455852, 0.890067),

              ["LowerTorso"] = CFrame.new(0.000000, 0.000000, 0.776237, 1.000000, 0.000000, -0.000000, -0.000000, 0.999997, -0.002273, 0.000000, 0.002273, 0.999997),

              ["RightFoot"] = CFrame.new(-0.000000, 0.002436, -0.000103, 1.000000, 0.000000, 0.000000, -0.000000, 0.999983, -0.005893, -0.000000, 0.005902, 0.999983),

              ["RightHand"] = CFrame.new(-0.000494, 0.009584, -0.000000, 0.999965, -0.006871, 0.004855, 0.004084, 0.900927, 0.433955, -0.007355, -0.433916, 0.900922),

              ["RightLowerArm"] = CFrame.new(-0.000001, 0.059148, 0.013389, 1.000000, 0.000000, 0.000000, -0.000000, 0.863655, -0.504083, -0.000000, 0.504083, 0.863655),

              ["RightLowerLeg"] = CFrame.new(0.000000, 0.009376, -0.000224, 1.000000, 0.000000, -0.000000, -0.000000, 0.997557, 0.069833, 0.000000, -0.069851, 0.997559),

              ["RightUpperArm"] = CFrame.new(0.065764, -0.764863, -0.175490, 0.261157, -0.836650, 0.481470, 0.908837, 0.045033, -0.414714, 0.325289, 0.545884, 0.772139),

              ["RightUpperLeg"] = CFrame.new(0.000000, 0.000000, 0.000000, 1.000000, -0.000000, 0.000000, 0.000000, 0.999979, -0.006439, -0.000000, 0.006449, 0.999979),

              ["UpperTorso"] = CFrame.new(0.000000, 0.000000, -0.000000, 0.999920, 0.012632, 0.000989, -0.012671, 0.996606, 0.081341, 0.000042, -0.081347, 0.996686)

          }},

          {Time = 0.174, Data = {

              ["Head"] = CFrame.new(0.000000, -0.000000, -0.000000, 0.994301, 0.030617, -0.102119, -0.042684, 0.992076, -0.118164, 0.097692, 0.121849, 0.987729),

              ["LeftFoot"] = CFrame.new(-0.000000, 0.024275, -0.000003, 1.000000, 0.000000, 0.000000, -0.000000, 0.999846, -0.017544, -0.000000, 0.017541, 0.999846),

              ["LeftHand"] = CFrame.new(0.000489, 0.016146, 0.000000, 0.999842, -0.015690, 0.008352, 0.012844, 0.962582, 0.270687, -0.012286, -0.270534, 0.962631),

              ["LeftLowerArm"] = CFrame.new(-0.000500, 0.084246, 0.028146, 1.000000, -0.000000, -0.000000, 0.000000, 0.711555, -0.702630, 0.000000, 0.702631, 0.711555),

              ["LeftLowerLeg"] = CFrame.new(0.000000, 0.101934, -0.039536, 1.000000, -0.000000, -0.000000, 0.000000, 0.592434, 0.805625, -0.000000, -0.805619, 0.592425),

              ["LeftUpperArm"] = CFrame.new(-0.185812, -0.753308, -0.154217, 0.283672, 0.895076, -0.344048, -0.952572, 0.221810, -0.208345, -0.110172, 0.386832, 0.915545),

              ["LeftUpperLeg"] = CFrame.new(0.000000, 0.000000, -0.000100, 1.000000, 0.000000, -0.000000, -0.000000, 0.896273, -0.443480, 0.000000, 0.443502, 0.896284),

              ["LowerTorso"] = CFrame.new(0.000000, 0.000000, 0.729583, 1.000000, 0.000000, -0.000000, -0.000000, 0.999997, -0.002273, 0.000000, 0.002273, 0.999997),

              ["RightFoot"] = CFrame.new(0.000000, 0.003806, -0.000103, 1.000000, 0.000000, 0.000000, -0.000000, 0.999938, -0.011175, -0.000000, 0.011182, 0.999938),

              ["RightHand"] = CFrame.new(-0.000492, 0.012460, 0.000000, 0.999949, 0.009037, -0.004447, -0.006160, 0.898013, 0.439929, 0.007969, -0.439876, 0.898021),

              ["RightLowerArm"] = CFrame.new(0.000000, 0.072969, 0.020977, 1.000000, 0.000000, 0.000000, -0.000000, 0.785872, -0.618389, -0.000000, 0.618390, 0.785872),

              ["RightLowerLeg"] = CFrame.new(0.000000, 0.015344, -0.000650, 1.000000, 0.000000, -0.000000, -0.000000, 0.993209, 0.116324, 0.000000, -0.116341, 0.993211),

              ["RightUpperArm"] = CFrame.new(0.054022, -0.763562, -0.167792, 0.273966, -0.849029, 0.451765, 0.910337, 0.077419, -0.406563, 0.310209, 0.522643, 0.794113),

              ["RightUpperLeg"] = CFrame.new(0.000000, 0.000000, 0.000000, 1.000000, -0.000000, 0.000000, 0.000000, 0.999817, -0.019122, -0.000000, 0.019133, 0.999817),

              ["UpperTorso"] = CFrame.new(-0.000000, 0.000000, -0.000000, 0.999920, 0.012632, 0.000999, -0.012671, 0.996485, 0.082810, 0.000051, -0.082816, 0.996565)

          }},

          {Time = 0.217, Data = {

              ["Head"] = CFrame.new(0.000000, -0.000000, 0.000000, 0.990085, 0.045082, -0.133038, -0.058964, 0.993002, -0.102322, 0.127494, 0.109152, 0.985815),

              ["LeftFoot"] = CFrame.new(-0.000000, 0.023329, -0.000003, 1.000000, 0.000000, 0.000000, -0.000000, 0.999675, -0.025508, -0.000000, 0.025504, 0.999675),

              ["LeftHand"] = CFrame.new(0.000488, 0.018847, -0.000000, 0.999237, -0.034071, 0.019122, 0.028052, 0.966306, 0.255865, -0.027195, -0.255130, 0.966524),

              ["LeftLowerArm"] = CFrame.new(-0.000500, 0.093911, 0.036254, 1.000000, -0.000000, -0.000000, 0.000000, 0.627439, -0.778665, 0.000000, 0.778665, 0.627440),

              ["LeftLowerLeg"] = CFrame.new(0.000000, 0.099008, -0.036739, 1.000000, -0.000000, -0.000000, 0.000000, 0.621526, 0.783399, -0.000000, -0.783393, 0.621519),

              ["LeftUpperArm"] = CFrame.new(-0.170883, -0.782625, -0.142197, 0.295119, 0.892588, -0.340868, -0.951973, 0.244242, -0.184641, -0.081555, 0.378989, 0.921801),

              ["LeftUpperLeg"] = CFrame.new(0.000000, -0.000000, -0.000100, 1.000000, -0.000000, -0.000000, -0.000000, 0.903556, -0.428449, 0.000000, 0.428470, 0.903566),

              ["LowerTorso"] = CFrame.new(0.000000, 0.000000, 0.673221, 1.000000, 0.000000, -0.000000, -0.000000, 0.999997, -0.002273, 0.000000, 0.002273, 0.999997),

              ["RightFoot"] = CFrame.new(0.000000, 0.005155, -0.000103, 1.000000, 0.000000, 0.000000, -0.000000, 0.999882, -0.015374, -0.000000, 0.015378, 0.999882),

              ["RightHand"] = CFrame.new(-0.000489, 0.016682, -0.000000, 0.999467, 0.028528, -0.015847, -0.019048, 0.904269, 0.426542, 0.026498, -0.426009, 0.904329),

              ["RightLowerArm"] = CFrame.new(0.000000, 0.086465, 0.029715, 1.000000, 0.000000, 0.000000, -0.000000, 0.695264, -0.718754, -0.000000, 0.718754, 0.695265),

              ["RightLowerLeg"] = CFrame.new(0.000000, 0.021713, -0.001369, 1.000000, 0.000000, -0.000000, -0.000000, 0.985915, 0.167230, 0.000000, -0.167247, 0.985918),

              ["RightUpperArm"] = CFrame.new(0.039309, -0.761801, -0.157657, 0.290496, -0.853471, 0.432665, 0.911770, 0.109700, -0.395778, 0.290322, 0.509463, 0.810038),

              ["RightUpperLeg"] = CFrame.new(0.000000, -0.000000, 0.000000, 1.000000, -0.000000, 0.000000, 0.000000, 0.999499, -0.031642, -0.000000, 0.031653, 0.999499),

              ["UpperTorso"] = CFrame.new(0.000000, -0.000000, -0.000000, 0.999920, 0.012631, 0.001010, -0.012671, 0.996333, 0.084613, 0.000062, -0.084619, 0.996413)

          }},

          {Time = 0.261, Data = {

              ["Head"] = CFrame.new(0.000000, 0.000000, -0.000000, 0.983804, 0.062172, -0.168119, -0.077052, 0.993526, -0.083478, 0.161841, 0.095080, 0.982226),

              ["LeftFoot"] = CFrame.new(-0.000000, 0.022094, -0.000003, 1.000000, 0.000000, 0.000000, -0.000000, 0.999410, -0.034355, -0.000000, 0.034349, 0.999410),

              ["LeftHand"] = CFrame.new(0.000486, 0.020708, 0.000000, 0.997949, -0.055589, 0.031738, 0.047118, 0.973535, 0.223633, -0.043329, -0.221676, 0.974157),

              ["LeftLowerArm"] = CFrame.new(-0.000500, 0.101745, 0.045052, 1.000000, -0.000000, -0.000000, 0.000000, 0.536193, -0.844095, 0.000000, 0.844096, 0.536193),

              ["LeftLowerLeg"] = CFrame.new(0.000000, 0.095351, -0.033589, 1.000000, -0.000000, -0.000000, 0.000000, 0.654292, 0.756248, -0.000000, -0.756242, 0.654285),

              ["LeftUpperArm"] = CFrame.new(-0.154417, -0.815798, -0.127178, 0.306997, 0.884697, -0.350804, -0.950584, 0.267118, -0.158231, -0.046281, 0.382046, 0.922984),

              ["LeftUpperLeg"] = CFrame.new(0.000000, 0.000000, -0.000100, 1.000000, -0.000000, -0.000000, -0.000000, 0.911751, -0.410722, 0.000000, 0.410743, 0.911761),

              ["LowerTorso"] = CFrame.new(0.000000, 0.000000, 0.608769, 1.000000, 0.000000, -0.000000, -0.000000, 0.999997, -0.002273, 0.000000, 0.002273, 0.999997),

              ["RightFoot"] = CFrame.new(0.000000, 0.006400, -0.000103, 1.000000, 0.000000, -0.000000, -0.000000, 0.999852, -0.017191, 0.000000, 0.017194, 0.999852),

              ["RightHand"] = CFrame.new(-0.000487, 0.019560, 0.000000, 0.998266, 0.051168, -0.029099, -0.035601, 0.918514, 0.393787, 0.046877, -0.392065, 0.918741),

              ["RightLowerArm"] = CFrame.new(-0.000000, 0.097398, 0.039781, 1.000000, 0.000000, 0.000000, -0.000000, 0.590867, -0.806769, -0.000000, 0.806769, 0.590867),

              ["RightLowerLeg"] = CFrame.new(-0.000000, 0.027974, -0.002360, 1.000000, 0.000000, 0.000000, -0.000000, 0.975887, 0.218261, 0.000000, -0.218277, 0.975890),

              ["RightUpperArm"] = CFrame.new(0.021905, -0.759542, -0.144688, 0.310557, -0.851004, 0.423494, 0.912921, 0.142903, -0.382302, 0.264822, 0.505343, 0.821279),

              ["RightUpperLeg"] = CFrame.new(0.000000, 0.000000, 0.000000, 1.000000, -0.000000, 0.000000, 0.000000, 0.999111, -0.042137, -0.000000, 0.042150, 0.999112),

              ["UpperTorso"] = CFrame.new(0.000000, 0.000000, -0.000000, 0.999920, 0.012630, 0.001023, -0.012671, 0.996153, 0.086710, 0.000076, -0.086716, 0.996233)

          }},

          {Time = 0.304, Data = {

              ["Head"] = CFrame.new(0.000000, 0.000000, 0.000000, 0.975087, 0.081609, -0.206267, -0.096237, 0.993432, -0.061892, 0.199861, 0.080201, 0.976536),

              ["LeftFoot"] = CFrame.new(0.000000, 0.020499, -0.000003, 1.000000, 0.000000, 0.000000, -0.000000, 0.999040, -0.043817, -0.000000, 0.043810, 0.999040),

              ["LeftHand"] = CFrame.new(0.000485, 0.022080, 0.000000, 0.995754, -0.079779, 0.045930, 0.070949, 0.983006, 0.169310, -0.058656, -0.165330, 0.984492),

              ["LeftLowerArm"] = CFrame.new(-0.000500, 0.107624, 0.053590, 1.000000, -0.000000, -0.000000, 0.000000, 0.447587, -0.894240, 0.000000, 0.894240, 0.447587),

              ["LeftLowerLeg"] = CFrame.new(0.000000, 0.090902, -0.030204, 1.000000, -0.000000, -0.000000, 0.000000, 0.689513, 0.724278, -0.000000, -0.724274, 0.689508),

              ["LeftUpperArm"] = CFrame.new(-0.137432, -0.851847, -0.109142, 0.317802, 0.869362, -0.378434, -0.948147, 0.289515, -0.131143, -0.004449, 0.400489, 0.916291),

              ["LeftUpperLeg"] = CFrame.new(0.000000, -0.000000, -0.000100, 1.000000, -0.000000, -0.000000, -0.000000, 0.920551, -0.390600, 0.000000, 0.390622, 0.920560),

              ["LowerTorso"] = CFrame.new(0.000000, 0.000000, 0.537845, 1.000000, 0.000000, -0.000000, -0.000000, 0.999997, -0.002273, 0.000000, 0.002273, 0.999997),

              ["RightFoot"] = CFrame.new(0.000000, 0.007528, -0.000103, 1.000000, 0.000000, -0.000000, -0.000000, 0.999866, -0.016372, 0.000000, 0.016373, 0.999866),

              ["RightHand"] = CFrame.new(-0.000486, 0.021485, 0.000000, 0.996108, 0.076429, -0.043903, -0.057372, 0.940352, 0.335334, 0.066913, -0.331506, 0.941076),

              ["RightLowerArm"] = CFrame.new(-0.000001, 0.105539, 0.050143, 1.000000, 0.000000, 0.000000, -0.000000, 0.483362, -0.875420, -0.000000, 0.875420, 0.483362),

              ["RightLowerLeg"] = CFrame.new(0.000000, 0.033920, -0.003576, 1.000000, 0.000000, 0.000000, -0.000000, 0.963576, 0.267422, 0.000000, -0.267436, 0.963580),

              ["RightUpperArm"] = CFrame.new(0.002348, -0.756778, -0.128336, 0.333442, -0.839119, 0.429761, 0.913626, 0.175140, -0.366896, 0.232602, 0.514980, 0.825041),

              ["RightUpperLeg"] = CFrame.new(0.000000, -0.000000, 0.000000, 1.000000, -0.000000, 0.000000, 0.000000, 0.998751, -0.049954, -0.000000, 0.049968, 0.998752),

              ["UpperTorso"] = CFrame.new(0.000000, 0.000000, -0.000000, 0.999920, 0.012629, 0.001038, -0.012671, 0.995945, 0.089065, 0.000091, -0.089071, 0.996025)

          }},

          {Time = 0.348, Data = {

              ["Head"] = CFrame.new(0.000000, 0.000000, -0.000000, 0.963688, 0.103044, -0.246349, -0.115821, 0.992546, -0.037911, 0.240606, 0.065067, 0.968439),

              ["LeftFoot"] = CFrame.new(-0.000000, 0.018703, -0.000003, 1.000000, 0.000000, 0.000000, -0.000000, 0.998583, -0.053223, -0.000000, 0.053215, 0.998583),

              ["LeftHand"] = CFrame.new(0.000485, 0.022894, 0.000000, 0.992467, -0.106041, 0.061349, 0.100213, 0.990764, 0.091354, -0.070469, -0.084516, 0.993927),

              ["LeftLowerArm"] = CFrame.new(-0.000500, 0.111578, 0.061092, 1.000000, -0.000000, -0.000000, 0.000000, 0.369772, -0.929122, 0.000000, 0.929122, 0.369773),

              ["LeftLowerLeg"] = CFrame.new(0.000000, 0.085723, -0.026636, 1.000000, -0.000000, -0.000000, 0.000000, 0.726584, 0.687080, -0.000000, -0.687077, 0.726581),

              ["LeftUpperArm"] = CFrame.new(-0.121121, -0.889840, -0.088391, 0.325669, 0.844366, -0.425424, -0.944496, 0.311099, -0.105568, 0.043210, 0.436192, 0.898816),

              ["LeftUpperLeg"] = CFrame.new(0.000000, 0.000000, -0.000100, 1.000000, -0.000000, -0.000000, -0.000000, 0.929830, -0.367969, 0.000000, 0.367989, 0.929838),

              ["LowerTorso"] = CFrame.new(0.000000, 0.000000, 0.462067, 1.000000, 0.000000, -0.000000, -0.000000, 0.999997, -0.002273, 0.000000, 0.002273, 0.999997),

              ["RightFoot"] = CFrame.new(-0.000000, 0.008536, -0.000103, 1.000000, 0.000000, -0.000000, -0.000000, 0.999918, -0.012807, 0.000000, 0.012807, 0.999918),

              ["RightHand"] = CFrame.new(-0.000485, 0.022680, 0.000000, 0.992818, 0.103589, -0.059840, -0.085742, 0.964978, 0.247927, 0.083426, -0.241013, 0.966929),

              ["RightLowerArm"] = CFrame.new(-0.000000, 0.111089, 0.059833, 1.000000, 0.000000, 0.000000, -0.000000, 0.382822, -0.923822, -0.000000, 0.923822, 0.382823),

              ["RightLowerLeg"] = CFrame.new(-0.000000, 0.039397, -0.004946, 1.000000, 0.000000, 0.000000, -0.000000, 0.949698, 0.313154, 0.000000, -0.313167, 0.949702),

              ["RightUpperArm"] = CFrame.new(-0.018382, -0.753551, -0.108027, 0.357561, -0.815722, 0.454696, 0.913835, 0.205252, -0.350395, 0.192498, 0.540805, 0.818825),

              ["RightUpperLeg"] = CFrame.new(-0.000000, 0.000000, -0.000000, 1.000000, -0.000000, 0.000000, 0.000000, 0.998505, -0.054641, -0.000000, 0.054656, 0.998506),

              ["UpperTorso"] = CFrame.new(-0.000000, 0.000000, -0.000000, 0.999920, 0.012627, 0.001055, -0.012671, 0.995712, 0.091638, 0.000107, -0.091645, 0.995792)

          }},

          {Time = 0.391, Data = {

              ["Head"] = CFrame.new(-0.000000, 0.000000, -0.000000, 0.949533, 0.126048, -0.287227, -0.135146, 0.990753, -0.011986, 0.283061, 0.050198, 0.957788),

              ["LeftFoot"] = CFrame.new(-0.000000, 0.016741, -0.000003, 1.000000, 0.000000, 0.000000, -0.000000, 0.998073, -0.062052, -0.000000, 0.062044, 0.998073),

              ["LeftHand"] = CFrame.new(0.000484, 0.023548, 0.000000, 0.987988, -0.133649, 0.077571, 0.134730, 0.990843, -0.008841, -0.075678, 0.019186, 0.996948),

              ["LeftLowerArm"] = CFrame.new(-0.000499, 0.114068, 0.066767, 1.000000, -0.000000, -0.000000, 0.000000, 0.310823, -0.950468, 0.000000, 0.950468, 0.310823),

              ["LeftLowerLeg"] = CFrame.new(0.000000, 0.079851, -0.022970, 1.000000, -0.000000, -0.000000, 0.000000, 0.764567, 0.644546, -0.000000, -0.644544, 0.764566),

              ["LeftUpperArm"] = CFrame.new(-0.106693, -0.928932, -0.065709, 0.328716, 0.806583, -0.491293, -0.939640, 0.331636, -0.084231, 0.094991, 0.489327, 0.866912),

              ["LeftUpperLeg"] = CFrame.new(0.000000, -0.000000, -0.000100, 1.000000, -0.000000, -0.000000, -0.000000, 0.939356, -0.342923, 0.000000, 0.342943, 0.939364),

              ["LowerTorso"] = CFrame.new(0.000000, 0.000000, 0.383052, 1.000000, 0.000000, -0.000000, -0.000000, 0.999997, -0.002273, 0.000000, 0.002273, 0.999997),

              ["RightFoot"] = CFrame.new(-0.000000, 0.009437, -0.000103, 1.000000, 0.000000, -0.000000, -0.000000, 0.999976, -0.006914, 0.000000, 0.006914, 0.999976),

              ["RightHand"] = CFrame.new(-0.000484, 0.023583, 0.000000, 0.988360, 0.131611, -0.076309, -0.120754, 0.983772, 0.132711, 0.092536, -0.121950, 0.988213),

              ["RightLowerArm"] = CFrame.new(-0.000001, 0.114632, 0.067942, 1.000000, 0.000000, 0.000000, -0.000000, 0.298603, -0.954377, -0.000000, 0.954377, 0.298603),

              ["RightLowerLeg"] = CFrame.new(0.000000, 0.044389, -0.006414, 1.000000, 0.000000, 0.000000, -0.000000, 0.934816, 0.355122, 0.000000, -0.355133, 0.934820),

              ["RightUpperArm"] = CFrame.new(-0.038735, -0.749987, -0.083435, 0.380187, -0.778410, 0.499535, 0.913655, 0.232075, -0.333730, 0.143849, 0.583282, 0.799431),

              ["RightUpperLeg"] = CFrame.new(-0.000000, -0.000000, -0.000000, 1.000000, -0.000000, 0.000000, 0.000000, 0.998407, -0.056401, -0.000000, 0.056417, 0.998408),

              ["UpperTorso"] = CFrame.new(-0.000000, 0.000000, -0.000000, 0.999920, 0.012626, 0.001072, -0.012671, 0.995454, 0.094392, 0.000125, -0.094398, 0.995535)

          }},

          {Time = 0.435, Data = {

              ["Head"] = CFrame.new(0.000000, -0.000000, 0.000000, 0.932745, 0.150118, -0.327797, -0.153624, 0.988010, 0.015334, 0.326169, 0.036054, 0.944624),

              ["LeftFoot"] = CFrame.new(0.000000, 0.014754, -0.000003, 1.000000, 0.000000, 0.000000, -0.000000, 0.997578, -0.069561, -0.000000, 0.069552, 0.997578),

              ["LeftHand"] = CFrame.new(0.000484, 0.023938, -0.000000, 0.982322, -0.161813, 0.094124, 0.172918, 0.976956, -0.125123, -0.071708, 0.139186, 0.987666),

              ["LeftLowerArm"] = CFrame.new(-0.000499, 0.115367, 0.070169, 1.000000, -0.000000, -0.000000, 0.000000, 0.275441, -0.961318, 0.000000, 0.961318, 0.275441),

              ["LeftLowerLeg"] = CFrame.new(0.000000, 0.073357, -0.019266, 1.000000, -0.000000, -0.000000, 0.000000, 0.802786, 0.596266, -0.000000, -0.596267, 0.802787),

              ["LeftUpperArm"] = CFrame.new(-0.095042, -0.968383, -0.042411, 0.325680, 0.753179, -0.571536, -0.933803, 0.350948, -0.069626, 0.148138, 0.556378, 0.817618),

              ["LeftUpperLeg"] = CFrame.new(0.000000, 0.000000, -0.000100, 1.000000, -0.000000, -0.000000, -0.000000, 0.948978, -0.315322, 0.000000, 0.315342, 0.948985),

              ["LowerTorso"] = CFrame.new(0.000000, 0.000000, 0.302420, 1.000000, 0.000000, -0.000000, -0.000000, 0.999997, -0.002273, 0.000000, 0.002273, 0.999997),

              ["RightFoot"] = CFrame.new(0.000000, 0.010219, -0.000103, 1.000000, 0.000000, -0.000000, -0.000000, 0.999999, 0.001512, 0.000000, -0.001513, 0.999999),

              ["RightHand"] = CFrame.new(-0.000484, 0.024079, -0.000000, 0.982919, 0.159108, -0.092490, -0.160006, 0.987113, -0.002315, 0.090929, 0.017075, 0.995711),

              ["RightLowerArm"] = CFrame.new(-0.000000, 0.116605, 0.073914, 1.000000, 0.000000, -0.000000, -0.000000, 0.236598, -0.971608, -0.000000, 0.971608, 0.236598),

              ["RightLowerLeg"] = CFrame.new(0.000000, 0.048743, -0.007872, 1.000000, 0.000000, 0.000000, -0.000000, 0.920018, 0.391867, 0.000000, -0.391877, 0.920022),

              ["RightUpperArm"] = CFrame.new(-0.056684, -0.746305, -0.054901, 0.397635, -0.725371, 0.561893, 0.913378, 0.254639, -0.317646, 0.087331, 0.639528, 0.763791),

              ["RightUpperLeg"] = CFrame.new(-0.000000, 0.000000, -0.000000, 1.000000, -0.000000, 0.000000, 0.000000, 0.998497, -0.054788, -0.000000, 0.054805, 0.998498),

              ["UpperTorso"] = CFrame.new(0.000000, 0.000000, -0.000000, 0.999920, 0.012624, 0.001090, -0.012671, 0.995176, 0.097287, 0.000143, -0.097293, 0.995256)

          }},

          {Time = 0.478, Data = {

              ["Head"] = CFrame.new(-0.000000, 0.000000, 0.000000, 0.913659, 0.174684, -0.367032, -0.170762, 0.984356, 0.043410, 0.368873, 0.023013, 0.929195),

              ["LeftFoot"] = CFrame.new(-0.000000, 0.013199, -0.000003, 1.000000, 0.000000, 0.000000, -0.000000, 0.997252, -0.074095, -0.000000, 0.074086, 0.997251),

              ["LeftHand"] = CFrame.new(0.000484, 0.024024, -0.000000, 0.975579, -0.189791, 0.110568, 0.212021, 0.945199, -0.248289, -0.057385, 0.265667, 0.962355),

              ["LeftLowerArm"] = CFrame.new(-0.000499, 0.115677, 0.071079, 1.000000, -0.000000, 0.000000, 0.000000, 0.265982, -0.963978, 0.000000, 0.963978, 0.265982),

              ["LeftLowerLeg"] = CFrame.new(0.000000, 0.066461, -0.015485, 1.000000, -0.000000, -0.000000, 0.000000, 0.841504, 0.540249, -0.000000, -0.540252, 0.841505),

              ["LeftUpperArm"] = CFrame.new(-0.086414, -1.007544, -0.020102, 0.316597, 0.682458, -0.658799, -0.927386, 0.368626, -0.063807, 0.199305, 0.631162, 0.749608),

              ["LeftUpperLeg"] = CFrame.new(0.000000, 0.000000, -0.000100, 1.000000, -0.000000, -0.000000, -0.000000, 0.958802, -0.284057, 0.000000, 0.284076, 0.958807),

              ["LowerTorso"] = CFrame.new(0.000000, 0.000000, 0.221787, 1.000000, 0.000000, -0.000000, -0.000000, 0.999997, -0.002273, 0.000000, 0.002273, 0.999997),

              ["RightFoot"] = CFrame.new(-0.000000, 0.010904, -0.000103, 1.000000, 0.000000, 0.000000, -0.000000, 0.999933, 0.011567, -0.000000, -0.011568, 0.999933),

              ["RightHand"] = CFrame.new(-0.000484, 0.024266, -0.000000, 0.976940, 0.184508, -0.107452, -0.198951, 0.969310, -0.144422, 0.077507, 0.162468, 0.983665),

              ["RightLowerArm"] = CFrame.new(-0.000000, 0.117491, 0.077376, 1.000000, 0.000000, 0.000000, -0.000000, 0.200711, -0.979651, -0.000000, 0.979650, 0.200711),

              ["RightLowerLeg"] = CFrame.new(0.000000, 0.052571, -0.009297, 1.000000, 0.000000, 0.000000, -0.000000, 0.905537, 0.424258, 0.000000, -0.424267, 0.905541),

              ["RightUpperArm"] = CFrame.new(-0.070190, -0.742784, -0.023789, 0.406195, -0.655682, 0.636464, 0.913426, 0.271793, -0.302953, 0.025655, 0.704422, 0.709318),

              ["RightUpperLeg"] = CFrame.new(0.000000, 0.000000, -0.000000, 1.000000, -0.000000, 0.000000, 0.000000, 0.998714, -0.050673, -0.000000, 0.050691, 0.998715),

              ["UpperTorso"] = CFrame.new(0.000000, 0.000000, -0.000000, 0.999920, 0.012623, 0.001109, -0.012670, 0.994878, 0.100286, 0.000162, -0.100292, 0.994958)

          }},

          {Time = 0.522, Data = {

              ["Head"] = CFrame.new(0.000000, 0.000000, 0.000000, 0.892812, 0.199135, -0.404020, -0.186189, 0.979906, 0.071535, 0.410147, 0.011357, 0.911949),

              ["LeftFoot"] = CFrame.new(-0.000000, 0.011827, -0.000003, 1.000000, 0.000000, 0.000000, -0.000000, 0.997146, -0.075504, -0.000000, 0.075496, 0.997145),

              ["LeftHand"] = CFrame.new(0.000484, 0.023863, -0.000000, 0.967938, -0.216986, 0.126541, 0.248968, 0.895576, -0.368727, -0.033319, 0.388407, 0.920884),

              ["LeftLowerArm"] = CFrame.new(-0.000499, 0.115128, 0.069517, 1.000000, -0.000000, -0.000000, -0.000000, 0.282221, -0.959349, 0.000000, 0.959349, 0.282221),

              ["LeftLowerLeg"] = CFrame.new(-0.000000, 0.059007, -0.011822, 1.000000, -0.000000, -0.000000, 0.000000, 0.878839, 0.477112, -0.000000, -0.477118, 0.878842),

              ["LeftUpperArm"] = CFrame.new(-0.080305, -1.045783, -0.000217, 0.303007, 0.595080, -0.744356, -0.920825, 0.384032, -0.067827, 0.245494, 0.705974, 0.664329),

              ["LeftUpperLeg"] = CFrame.new(0.000000, -0.000000, -0.000100, 1.000000, -0.000000, -0.000000, -0.000000, 0.968330, -0.249656, 0.000000, 0.249674, 0.968335),

              ["LowerTorso"] = CFrame.new(0.000000, 0.000000, 0.142773, 1.000000, 0.000000, -0.000000, -0.000000, 0.999997, -0.002273, 0.000000, 0.002273, 0.999997),

              ["RightFoot"] = CFrame.new(-0.000000, 0.011489, -0.000103, 1.000000, 0.000000, 0.000000, -0.000000, 0.999735, 0.023037, -0.000000, -0.023038, 0.999735),

              ["RightHand"] = CFrame.new(-0.000484, 0.024311, -0.000000, 0.971026, 0.206441, -0.120378, -0.232752, 0.931196, -0.280540, 0.054180, 0.300427, 0.952264),

              ["RightLowerArm"] = CFrame.new(-0.000001, 0.117683, 0.078207, 1.000000, 0.000000, 0.000000, -0.000000, 0.192096, -0.981376, -0.000000, 0.981376, 0.192096),

              ["RightLowerLeg"] = CFrame.new(-0.000000, 0.055829, -0.010620, 1.000000, 0.000000, 0.000000, -0.000000, 0.892085, 0.451861, 0.000000, -0.451868, 0.892088),

              ["RightUpperArm"] = CFrame.new(-0.077956, -0.739689, 0.007596, 0.403647, -0.570367, 0.715367, 0.914183, 0.282698, -0.290433, -0.036579, 0.771209, 0.635530),

              ["RightUpperLeg"] = CFrame.new(0.000000, -0.000000, -0.000000, 1.000000, -0.000000, 0.000000, 0.000000, 0.999022, -0.044199, -0.000000, 0.044217, 0.999023),

              ["UpperTorso"] = CFrame.new(0.000000, 0.000000, -0.000000, 0.999920, 0.012621, 0.001129, -0.012670, 0.994564, 0.103349, 0.000182, -0.103355, 0.994644)

          }},

          {Time = 0.565, Data = {

              ["Head"] = CFrame.new(-0.000000, 0.000000, 0.000000, 0.870917, 0.222838, -0.438003, -0.199660, 0.974855, 0.098966, 0.449042, 0.001260, 0.893510),

              ["LeftFoot"] = CFrame.new(-0.000000, 0.010366, -0.000003, 1.000000, 0.000000, 0.000000, -0.000000, 0.997266, -0.073906, -0.000000, 0.073900, 0.997265),

              ["LeftHand"] = CFrame.new(0.000485, 0.023436, 0.000000, 0.959625, -0.242941, 0.141773, 0.281278, 0.831614, -0.478857, -0.001567, 0.499398, 0.866370),

              ["LeftLowerArm"] = CFrame.new(-0.000500, 0.113668, 0.065787, 1.000000, -0.000000, -0.000000, 0.000000, 0.321003, -0.947078, 0.000000, 0.947078, 0.321003),

              ["LeftLowerLeg"] = CFrame.new(-0.000000, 0.050885, -0.008478, 1.000000, -0.000000, -0.000000, 0.000000, 0.912844, 0.408299, -0.000000, -0.408308, 0.912848),

              ["LeftUpperArm"] = CFrame.new(-0.075736, -1.082419, 0.016413, 0.287391, 0.494697, -0.820171, -0.914458, 0.396426, -0.081320, 0.284907, 0.773383, 0.566309),

              ["LeftUpperLeg"] = CFrame.new(0.000000, 0.000000, -0.000100, 1.000000, -0.000000, -0.000000, -0.000000, 0.977051, -0.212987, 0.000000, 0.213004, 0.977055),

              ["LowerTorso"] = CFrame.new(0.000000, 0.000000, 0.066994, 1.000000, 0.000000, -0.000000, -0.000000, 0.999997, -0.002273, 0.000000, 0.002273, 0.999997),

              ["RightFoot"] = CFrame.new(-0.000000, 0.011981, -0.000103, 1.000000, 0.000000, 0.000000, -0.000000, 0.999374, 0.035382, -0.000000, -0.035383, 0.999374),

              ["RightHand"] = CFrame.new(-0.000484, 0.024225, 0.000000, 0.965730, 0.224168, -0.130824, -0.258352, 0.878613, -0.401617, 0.024913, 0.421650, 0.906415),

              ["RightLowerArm"] = CFrame.new(-0.000001, 0.117307, 0.076610, 1.000000, 0.000000, -0.000000, -0.000000, 0.208654, -0.977990, -0.000000, 0.977990, 0.208654),

              ["RightLowerLeg"] = CFrame.new(-0.000000, 0.058551, -0.011806, 1.000000, 0.000000, 0.000000, -0.000000, 0.880018, 0.474934, 0.000000, -0.474940, 0.880022),

              ["RightUpperArm"] = CFrame.new(-0.080011, -0.737169, 0.036666, 0.390417, -0.472983, 0.789849, 0.915806, 0.287315, -0.280625, -0.094204, 0.832909, 0.545333),

              ["RightUpperLeg"] = CFrame.new(0.000000, 0.000000, -0.000000, 1.000000, -0.000000, 0.000000, 0.000000, 0.999354, -0.035926, -0.000000, 0.035944, 0.999355),

              ["UpperTorso"] = CFrame.new(-0.000000, 0.000000, -0.000000, 0.999920, 0.012619, 0.001149, -0.012670, 0.994238, 0.106440, 0.000201, -0.106446, 0.994319)

          }},

          {Time = 0.609, Data = {

              ["Head"] = CFrame.new(-0.000000, 0.000000, -0.000000, 0.848831, 0.245163, -0.468381, -0.211057, 0.969455, 0.124946, 0.484706, -0.007203, 0.874647),

              ["LeftFoot"] = CFrame.new(0.000000, 0.008812, -0.000003, 1.000000, 0.000000, 0.000000, -0.000000, 0.997602, -0.069222, -0.000000, 0.069218, 0.997601),

              ["LeftHand"] = CFrame.new(0.000485, 0.022816, -0.000000, 0.950910, -0.267256, 0.156029, 0.307467, 0.758637, -0.574402, 0.035143, 0.594175, 0.803565),

              ["LeftLowerArm"] = CFrame.new(-0.000500, 0.111243, 0.060387, 1.000000, -0.000000, -0.000000, 0.000000, 0.377085, -0.926179, 0.000000, 0.926179, 0.377085),

              ["LeftLowerLeg"] = CFrame.new(0.000000, 0.042224, -0.005592, 1.000000, -0.000000, -0.000000, 0.000000, 0.942136, 0.335218, -0.000000, -0.335230, 0.942141),

              ["LeftUpperArm"] = CFrame.new(-0.071749, -1.116693, 0.029655, 0.272198, 0.387165, -0.880915, -0.908472, 0.405144, -0.102651, 0.317154, 0.828228, 0.462008),

              ["LeftUpperLeg"] = CFrame.new(0.000000, 0.000000, -0.000100, 1.000000, -0.000000, -0.000000, -0.000000, 0.984610, -0.174751, 0.000000, 0.174766, 0.984613),

              ["LowerTorso"] = CFrame.new(0.000000, 0.000000, -0.003930, 1.000000, 0.000000, -0.000000, -0.000000, 0.999997, -0.002273, 0.000000, 0.002273, 0.999997),

              ["RightFoot"] = CFrame.new(0.000000, 0.012387, -0.000103, 1.000000, 0.000000, 0.000000, -0.000000, 0.998846, 0.048031, -0.000000, -0.048031, 0.998846),

              ["RightHand"] = CFrame.new(-0.000484, 0.024031, 0.000000, 0.961365, 0.237722, -0.138805, -0.275209, 0.818706, -0.503968, -0.006164, 0.522695, 0.852496),

              ["RightLowerArm"] = CFrame.new(-0.000001, 0.116358, 0.073031, 1.000000, 0.000000, 0.000000, -0.000000, 0.245751, -0.969333, -0.000000, 0.969333, 0.245751),

              ["RightLowerLeg"] = CFrame.new(-0.000000, 0.060778, -0.012833, 1.000000, 0.000000, 0.000000, -0.000000, 0.869566, 0.493812, 0.000000, -0.493817, 0.869569),

              ["RightUpperArm"] = CFrame.new(-0.077631, -0.735225, 0.061427, 0.369428, -0.369099, 0.852812, 0.918153, 0.286449, -0.273757, -0.143243, 0.884145, 0.444712),

              ["RightUpperLeg"] = CFrame.new(0.000000, 0.000000, -0.000000, 1.000000, -0.000000, 0.000000, 0.000000, 0.999649, -0.026490, -0.000000, 0.026509, 0.999649),

              ["UpperTorso"] = CFrame.new(-0.000000, 0.000000, -0.000000, 0.999920, 0.012617, 0.001168, -0.012669, 0.993904, 0.109519, 0.000221, -0.109525, 0.993984)

          }},

          {Time = 0.652, Data = {

              ["Head"] = CFrame.new(-0.000000, 0.000000, -0.000000, 0.827504, 0.265504, -0.494717, -0.220380, 0.964007, 0.148735, 0.516401, -0.014053, 0.856232),

              ["LeftFoot"] = CFrame.new(-0.000000, 0.007142, -0.000003, 1.000000, 0.000000, 0.000000, -0.000000, 0.998126, -0.061194, -0.000000, 0.061193, 0.998126),

              ["LeftHand"] = CFrame.new(0.000485, 0.022133, 0.000000, 0.942136, -0.289485, 0.169050, 0.326979, 0.682350, -0.653825, 0.073920, 0.671265, 0.737519),

              ["LeftLowerArm"] = CFrame.new(-0.000500, 0.107850, 0.053964, 1.000000, -0.000000, 0.000000, 0.000000, 0.443706, -0.896172, 0.000000, 0.896173, 0.443706),

              ["LeftLowerLeg"] = CFrame.new(-0.000000, 0.033126, -0.003253, 1.000000, -0.000000, -0.000000, 0.000000, 0.965827, 0.259172, -0.000000, -0.259186, 0.965831),

              ["LeftUpperArm"] = CFrame.new(-0.067769, -1.147810, 0.039858, 0.259107, 0.279300, -0.924584, -0.902970, 0.409802, -0.129256, 0.342795, 0.868363, 0.358382),

              ["LeftUpperLeg"] = CFrame.new(0.000000, 0.000000, -0.000100, 1.000000, -0.000000, -0.000000, -0.000000, 0.990777, -0.135486, 0.000000, 0.135499, 0.990779),

