return {
["wall twerk V2"] = {

          {Time = 0.000, Data = {

              ["Head"] = CFrame.new(0.000000, -0.000000, 0.000000, 1.000000, 0.000174, 0.000467, 0.000174, 0.756577, -0.653904, -0.000467, 0.653904, 0.756577),

              ["LeftFoot"] = CFrame.new(0.000000, 0.011904, -0.000003, 0.959064, -0.278350, -0.052146, 0.264447, 0.814408, 0.516557, -0.101310, -0.509177, 0.854664),

              ["LeftHand"] = CFrame.new(0.000518, -0.027339, -0.000000, 0.873943, 0.419242, -0.245890, -0.391752, 0.907062, 0.154175, 0.287671, -0.038411, 0.956958),

              ["LeftLowerArm"] = CFrame.new(-0.000499, -0.027505, 0.000149, 1.000000, -0.000000, -0.000000, -0.000000, 1.000000, -0.000001, 0.000000, -0.000000, 1.000000),

              ["LeftLowerLeg"] = CFrame.new(0.000000, 0.059430, -0.012013, 1.000000, -0.000000, 0.000000, 0.000000, 0.876893, 0.480680, -0.000000, -0.480686, 0.876896),

              ["LeftUpperArm"] = CFrame.new(-0.287741, -0.182662, -0.240429, -0.666444, 0.277523, -0.691979, -0.644539, -0.680962, 0.347650, -0.374730, 0.677696, 0.632696),

              ["LeftUpperLeg"] = CFrame.new(0.000000, 0.000000, -0.000100, 0.934894, 0.308233, -0.175969, 0.181342, -0.841022, -0.509718, -0.305105, 0.444607, -0.842153),

              ["LowerTorso"] = CFrame.new(0.017145, 1.698237, -0.019976, -0.999766, 0.002397, -0.021497, 0.019167, -0.362392, -0.931829, -0.010024, -0.932023, 0.362261),

              ["RightFoot"] = CFrame.new(-0.000000, 0.011134, -0.000103, 0.946079, 0.319695, 0.052257, -0.312318, 0.857392, 0.409089, 0.085974, -0.403329, 0.910997),

              ["RightHand"] = CFrame.new(-0.000500, 0.000368, 0.000000, 0.898936, -0.377857, 0.221674, 0.315645, 0.909544, 0.270368, -0.303780, -0.173071, 0.936889),

              ["RightLowerArm"] = CFrame.new(0.000000, 0.001708, 0.000006, 1.000000, 0.000000, 0.000000, -0.000000, 0.999910, -0.013435, -0.000000, 0.013435, 0.999910),

              ["RightLowerLeg"] = CFrame.new(0.000000, 0.053853, -0.009806, 1.000000, 0.000000, 0.000000, -0.000000, 0.900370, 0.435116, 0.000000, -0.435125, 0.900374),

              ["RightUpperArm"] = CFrame.new(0.413326, -0.105593, -0.224832, -0.747935, -0.215388, 0.627854, 0.581630, -0.668448, 0.463556, 0.319844, 0.711889, 0.625232),

              ["RightUpperLeg"] = CFrame.new(0.000000, 0.000000, 0.000000, 0.927655, -0.296128, 0.227515, -0.145713, -0.847990, -0.509603, 0.343838, 0.439570, -0.829784),

              ["UpperTorso"] = CFrame.new(-0.009278, 0.230711, 0.457218, 0.999781, -0.020904, -0.000690, -0.002341, -0.079057, -0.996867, 0.020784, 0.996651, -0.079089)

          }},

          {Time = 0.020, Data = {

              ["Head"] = CFrame.new(0.000000, -0.000000, 0.000000, 1.000000, 0.000174, 0.000467, 0.000174, 0.756577, -0.653904, -0.000467, 0.653904, 0.756577),

              ["LeftFoot"] = CFrame.new(-0.000000, 0.014989, -0.000003, 0.956198, -0.286721, -0.058982, 0.281609, 0.846042, 0.452690, -0.079891, -0.449449, 0.889715),

              ["LeftHand"] = CFrame.new(0.000518, -0.027342, -0.000000, 0.873932, 0.419259, -0.245900, -0.391768, 0.907054, 0.154182, 0.287683, -0.038408, 0.956954),

              ["LeftLowerArm"] = CFrame.new(-0.000499, -0.027508, 0.000149, 1.000000, -0.000000, -0.000000, 0.000000, 1.000000, -0.000001, 0.000000, -0.000000, 1.000000),

              ["LeftLowerLeg"] = CFrame.new(0.000000, 0.074206, -0.019740, 1.000000, -0.000000, -0.000000, 0.000000, 0.797914, 0.602770, -0.000000, -0.602771, 0.797915),

              ["LeftUpperArm"] = CFrame.new(-0.287726, -0.182674, -0.240434, -0.666415, 0.277525, -0.692006, -0.644563, -0.680946, 0.347636, -0.374740, 0.677711, 0.632675),

              ["LeftUpperLeg"] = CFrame.new(0.000000, 0.000000, -0.000100, 0.930350, 0.304476, -0.204305, 0.134395, -0.801585, -0.582595, -0.341154, 0.514545, -0.786665),

              ["LowerTorso"] = CFrame.new(0.019836, 1.713920, -0.075081, -0.999804, -0.000644, -0.019798, 0.017379, -0.508173, -0.861080, -0.009507, -0.861255, 0.508084),

              ["RightFoot"] = CFrame.new(-0.000000, 0.013935, -0.000103, 0.942641, 0.328172, 0.061090, -0.328825, 0.881387, 0.339179, 0.057463, -0.339794, 0.938736),

              ["RightHand"] = CFrame.new(-0.000500, 0.000371, 0.000000, 0.898946, -0.377839, 0.221664, 0.315616, 0.909542, 0.270409, -0.303781, -0.173121, 0.936880),

              ["RightLowerArm"] = CFrame.new(-0.000000, 0.001722, 0.000006, 1.000000, 0.000000, 0.000000, 0.000000, 0.999908, -0.013542, -0.000000, 0.013541, 0.999908),

              ["RightLowerLeg"] = CFrame.new(-0.000000, 0.069103, -0.017143, 1.000000, 0.000000, 0.000000, -0.000000, 0.825600, 0.564254, 0.000000, -0.564256, 0.825601),

              ["RightUpperArm"] = CFrame.new(0.413339, -0.105580, -0.224825, -0.747961, -0.215421, 0.627812, 0.581604, -0.668487, 0.463532, 0.319830, 0.711842, 0.625292),

              ["RightUpperLeg"] = CFrame.new(0.000000, 0.000000, 0.000000, 0.924160, -0.289407, 0.249339, -0.097532, -0.809849, -0.578489, 0.369345, 0.510283, -0.776647),

              ["UpperTorso"] = CFrame.new(-0.006428, 0.256808, 0.390900, 0.999818, -0.019059, -0.000981, 0.000605, 0.082995, -0.996550, 0.019074, 0.996368, 0.082991)

          }},

          {Time = 0.040, Data = {

              ["Head"] = CFrame.new(0.000000, -0.000000, 0.000000, 1.000000, 0.000174, 0.000467, 0.000174, 0.756577, -0.653904, -0.000467, 0.653904, 0.756577),

              ["LeftFoot"] = CFrame.new(0.000000, 0.024779, -0.000003, 0.946508, -0.312553, -0.080215, 0.322362, 0.904839, 0.278134, -0.014350, -0.289098, 0.957187),

              ["LeftHand"] = CFrame.new(0.000518, -0.027351, -0.000000, 0.873899, 0.419310, -0.245930, -0.391812, 0.907031, 0.154204, 0.287722, -0.038398, 0.956943),

              ["LeftLowerArm"] = CFrame.new(-0.000499, -0.027517, 0.000149, 1.000000, -0.000000, -0.000000, 0.000000, 1.000000, -0.000001, 0.000000, -0.000000, 1.000000),

              ["LeftLowerLeg"] = CFrame.new(0.000000, 0.103908, -0.041730, 1.000000, -0.000000, -0.000000, 0.000000, 0.569701, 0.821858, -0.000000, -0.821852, 0.569692),

              ["LeftUpperArm"] = CFrame.new(-0.287683, -0.182710, -0.240450, -0.666329, 0.277533, -0.692085, -0.644634, -0.680900, 0.347595, -0.374771, 0.677754, 0.632610),

              ["LeftUpperLeg"] = CFrame.new(0.000000, 0.000001, -0.000100, 0.915747, 0.302298, -0.264613, -0.004048, -0.651684, -0.758494, -0.401735, 0.695646, -0.595540),

              ["LowerTorso"] = CFrame.new(0.025237, 1.727278, -0.243813, -0.999879, -0.005346, -0.014617, 0.013078, -0.797743, -0.602856, -0.008438, -0.602974, 0.797716),

              ["RightFoot"] = CFrame.new(0.000000, 0.024127, -0.000103, 0.931836, 0.352400, 0.086588, -0.362042, 0.919045, 0.155834, -0.024659, -0.176551, 0.983981),

              ["RightHand"] = CFrame.new(-0.000500, 0.000380, 0.000000, 0.898975, -0.377788, 0.221634, 0.315529, 0.909536, 0.270532, -0.303785, -0.173268, 0.936852),

              ["RightLowerArm"] = CFrame.new(-0.000000, 0.001761, 0.000006, 1.000000, 0.000000, 0.000000, -0.000000, 0.999904, -0.013861, -0.000000, 0.013860, 0.999904),

              ["RightLowerLeg"] = CFrame.new(0.000000, 0.100509, -0.038377, 1.000000, 0.000000, 0.000000, -0.000000, 0.605495, 0.795855, 0.000000, -0.795849, 0.605487),

              ["RightUpperArm"] = CFrame.new(0.413378, -0.105542, -0.224804, -0.748038, -0.215520, 0.627686, 0.581528, -0.668604, 0.463459, 0.319789, 0.711702, 0.625472),

              ["RightUpperLeg"] = CFrame.new(0.000000, 0.000001, 0.000000, 0.912941, -0.285343, 0.291745, 0.033133, -0.660730, -0.749907, 0.406745, 0.694274, -0.593738),

              ["UpperTorso"] = CFrame.new(-0.000126, 0.265135, 0.254204, 0.999890, -0.014690, -0.001825, 0.005076, 0.456081, -0.889924, 0.013906, 0.889817, 0.456106)

          }},

          {Time = 0.060, Data = {

              ["Head"] = CFrame.new(0.000000, 0.000000, -0.000000, 1.000000, 0.000174, 0.000467, 0.000174, 0.756577, -0.653904, -0.000467, 0.653904, 0.756577),

              ["LeftFoot"] = CFrame.new(0.000000, 0.030227, -0.000002, 0.929165, -0.351961, -0.113033, 0.354499, 0.935054, 0.002520, 0.104799, -0.042406, 0.993588),

              ["LeftHand"] = CFrame.new(0.000518, -0.027367, -0.000000, 0.873846, 0.419392, -0.245978, -0.391886, 0.906993, 0.154239, 0.287784, -0.038384, 0.956925),

              ["LeftLowerArm"] = CFrame.new(-0.000499, -0.027533, 0.000149, 1.000000, 0.000000, -0.000000, -0.000000, 1.000000, -0.000001, 0.000000, -0.000000, 1.000000),

              ["LeftLowerLeg"] = CFrame.new(0.000000, 0.121317, -0.070278, 1.000000, -0.000000, -0.000000, 0.000000, 0.272750, 0.962089, -0.000000, -0.962085, 0.272734),

              ["LeftUpperArm"] = CFrame.new(-0.287613, -0.182767, -0.240475, -0.666189, 0.277547, -0.692215, -0.644750, -0.680825, 0.347529, -0.374821, 0.677824, 0.632505),

              ["LeftUpperLeg"] = CFrame.new(0.000000, 0.000001, -0.000100, 0.891099, 0.326753, -0.314913, -0.208053, -0.322571, -0.923404, -0.403308, 0.888358, -0.219442),

              ["LowerTorso"] = CFrame.new(0.029892, 1.678038, -0.497813, -0.999941, -0.006449, -0.008779, 0.007862, -0.985087, -0.171876, -0.007539, -0.171935, 0.985079),

              ["RightFoot"] = CFrame.new(-0.000000, 0.029972, -0.000102, 0.913247, 0.387872, 0.124643, -0.373616, 0.919337, -0.123425, -0.162452, 0.066147, 0.984495),

              ["RightHand"] = CFrame.new(-0.000500, 0.000393, -0.000000, 0.899023, -0.377703, 0.221585, 0.315388, 0.909525, 0.270731, -0.303790, -0.173506, 0.936806),

              ["RightLowerArm"] = CFrame.new(-0.000000, 0.001827, 0.000007, 1.000000, -0.000000, 0.000000, 0.000000, 0.999897, -0.014378, -0.000000, 0.014377, 0.999897),

              ["RightLowerLeg"] = CFrame.new(0.000000, 0.119828, -0.067077, 1.000000, 0.000000, 0.000000, -0.000000, 0.307123, 0.951675, 0.000000, -0.951670, 0.307108),

              ["RightUpperArm"] = CFrame.new(0.413441, -0.105479, -0.224771, -0.748164, -0.215680, 0.627482, 0.581403, -0.668793, 0.463343, 0.319721, 0.711476, 0.625764),

              ["RightUpperLeg"] = CFrame.new(0.000000, -0.000000, -0.000000, 0.893398, -0.313697, 0.321606, 0.212098, -0.336567, -0.917470, 0.396050, 0.887872, -0.234134),

              ["UpperTorso"] = CFrame.new(0.006405, 0.215677, 0.164077, 0.999949, -0.009553, -0.003182, 0.005904, 0.812254, -0.583273, 0.008156, 0.583225, 0.812270)

          }},

          {Time = 0.080, Data = {

              ["Head"] = CFrame.new(0.000000, -0.000000, -0.000000, 1.000000, 0.000174, 0.000467, 0.000174, 0.756577, -0.653904, -0.000467, 0.653904, 0.756577),

              ["LeftFoot"] = CFrame.new(0.000000, 0.031790, -0.000001, 0.910854, -0.387220, -0.142858, 0.340506, 0.900612, -0.270113, 0.233241, 0.197381, 0.952172),

              ["LeftHand"] = CFrame.new(0.000518, -0.027387, 0.000000, 0.873773, 0.419506, -0.246044, -0.391986, 0.906942, 0.154287, 0.287869, -0.038364, 0.956900),

              ["LeftLowerArm"] = CFrame.new(-0.000499, -0.027553, 0.000149, 1.000000, -0.000000, -0.000000, -0.000000, 1.000000, -0.000001, 0.000000, -0.000000, 1.000000),

              ["LeftLowerLeg"] = CFrame.new(0.000000, 0.125197, -0.085978, 1.000000, -0.000000, -0.000000, 0.000000, 0.109415, 0.993998, -0.000000, -0.993996, 0.109401),

              ["LeftUpperArm"] = CFrame.new(-0.287517, -0.182847, -0.240509, -0.665996, 0.277565, -0.692392, -0.644909, -0.680721, 0.347437, -0.374889, 0.677921, 0.632361),

              ["LeftUpperLeg"] = CFrame.new(-0.000000, 0.000001, -0.000100, 0.866278, 0.395784, -0.304813, -0.386396, 0.144098, -0.911004, -0.316639, 0.906968, 0.277778),

              ["LowerTorso"] = CFrame.new(0.032877, 1.564666, -0.737402, -0.999966, -0.005032, -0.006521, 0.003329, -0.971052, 0.238846, -0.007534, 0.238816, 0.971036),

              ["RightFoot"] = CFrame.new(0.000000, 0.031763, -0.000102, 0.892230, 0.421633, 0.161728, -0.334928, 0.858066, -0.389305, -0.302901, 0.293168, 0.906800),

              ["RightHand"] = CFrame.new(-0.000500, 0.000413, -0.000000, 0.899088, -0.377588, 0.221517, 0.315194, 0.909510, 0.271010, -0.303799, -0.173838, 0.936741),

              ["RightLowerArm"] = CFrame.new(-0.000000, 0.001918, 0.000008, 1.000000, 0.000000, 0.000000, -0.000000, 0.999886, -0.015097, -0.000000, 0.015096, 0.999886),

              ["RightLowerLeg"] = CFrame.new(-0.000000, 0.124591, -0.083648, 1.000000, 0.000000, 0.000000, -0.000000, 0.134720, 0.990886, 0.000000, -0.990884, 0.134706),

              ["RightUpperArm"] = CFrame.new(0.413527, -0.105394, -0.224725, -0.748336, -0.215903, 0.627200, 0.581232, -0.669055, 0.463179, 0.319630, 0.711162, 0.626168),

              ["RightUpperLeg"] = CFrame.new(0.000000, 0.000000, -0.000000, 0.871137, -0.390303, 0.297956, 0.370013, 0.122843, -0.920867, 0.322817, 0.912455, 0.251450),

              ["UpperTorso"] = CFrame.new(0.010860, 0.176825, 0.162343, 0.999973, -0.005401, -0.005007, 0.004246, 0.978267, -0.207304, 0.006018, 0.207277, 0.978264)

          }},

          {Time = 0.100, Data = {

              ["Head"] = CFrame.new(-0.000000, 0.000000, 0.000000, 1.000000, 0.000174, 0.000467, 0.000174, 0.756577, -0.653904, -0.000467, 0.653904, 0.756577),

              ["LeftFoot"] = CFrame.new(-0.000000, 0.031938, -0.000001, 0.901159, -0.403986, -0.157204, 0.315164, 0.859561, -0.402294, 0.297632, 0.312971, 0.901913),

              ["LeftHand"] = CFrame.new(0.000518, -0.027413, -0.000000, 0.873680, 0.419649, -0.246128, -0.392113, 0.906876, 0.154347, 0.287976, -0.038339, 0.956869),

              ["LeftLowerArm"] = CFrame.new(-0.000499, -0.027579, 0.000150, 1.000000, -0.000000, -0.000000, -0.000000, 1.000000, -0.000001, 0.000000, -0.000000, 1.000000),

              ["LeftLowerLeg"] = CFrame.new(0.000000, 0.125493, -0.088398, 1.000000, -0.000000, -0.000000, 0.000000, 0.084272, 0.996444, -0.000000, -0.996443, 0.084258),

              ["LeftUpperArm"] = CFrame.new(-0.287396, -0.182947, -0.240552, -0.665754, 0.277588, -0.692616, -0.645109, -0.680590, 0.347321, -0.374975, 0.678043, 0.632180),

              ["LeftUpperLeg"] = CFrame.new(0.000000, 0.000000, -0.000100, 0.854045, 0.445663, -0.268300, -0.461794, 0.412077, -0.785446, -0.239485, 0.794718, 0.557755),

              ["LowerTorso"] = CFrame.new(0.034361, 1.483180, -0.862468, -0.999958, -0.004950, -0.007765, 0.001077, -0.900350, 0.435165, -0.009145, 0.435138, 0.900317),

              ["RightFoot"] = CFrame.new(0.000000, 0.032029, -0.000101, 0.879144, 0.440220, 0.182540, -0.295535, 0.804094, -0.515862, -0.373852, 0.399550, 0.836998),

              ["RightHand"] = CFrame.new(-0.000500, 0.000437, -0.000000, 0.899170, -0.377443, 0.221432, 0.314950, 0.909490, 0.271357, -0.303809, -0.174253, 0.936661),

              ["RightLowerArm"] = CFrame.new(0.000000, 0.002031, 0.000009, 1.000000, -0.000000, 0.000000, 0.000000, 0.999872, -0.015996, -0.000000, 0.015995, 0.999872),

              ["RightLowerLeg"] = CFrame.new(-0.000000, 0.125081, -0.086718, 1.000000, 0.000000, 0.000000, -0.000000, 0.102768, 0.994707, 0.000000, -0.994705, 0.102754),

              ["RightUpperArm"] = CFrame.new(0.413635, -0.105286, -0.224667, -0.748552, -0.216181, 0.626845, 0.581017, -0.669383, 0.462974, 0.319514, 0.710769, 0.626674),

              ["RightUpperLeg"] = CFrame.new(0.000000, 0.000000, -0.000000, 0.856619, -0.448553, 0.254948, 0.443844, 0.388689, -0.807409, 0.263072, 0.804811, 0.532064),

              ["UpperTorso"] = CFrame.new(0.012013, 0.179052, 0.187181, 0.999966, -0.003988, -0.007259, 0.003990, 0.999992, 0.000228, 0.007258, -0.000257, 0.999974)

          }},

          {Time = 0.120, Data = {

              ["Head"] = CFrame.new(-0.000000, 0.000000, 0.000000, 1.000000, 0.000174, 0.000467, 0.000174, 0.756577, -0.653904, -0.000467, 0.653904, 0.756577),

              ["LeftFoot"] = CFrame.new(-0.000000, 0.032032, -0.000001, 0.901504, -0.403407, -0.156708, 0.326619, 0.871757, -0.365200, 0.283921, 0.278033, 0.917645),

              ["LeftHand"] = CFrame.new(0.000518, -0.027457, 0.000000, 0.873570, 0.419820, -0.246228, -0.392265, 0.906799, 0.154420, 0.288104, -0.038308, 0.956831),

              ["LeftLowerArm"] = CFrame.new(-0.000499, -0.027623, 0.000150, 1.000000, -0.000000, -0.000000, -0.000000, 1.000000, -0.000001, 0.000000, -0.000000, 1.000000),

              ["LeftLowerLeg"] = CFrame.new(0.000000, 0.125646, -0.089914, 1.000000, -0.000000, -0.000000, 0.000000, 0.068518, 0.997651, -0.000000, -0.997650, 0.068505),

              ["LeftUpperArm"] = CFrame.new(-0.287251, -0.183067, -0.240603, -0.665464, 0.277615, -0.692884, -0.645349, -0.680433, 0.347183, -0.375078, 0.678189, 0.631962),

              ["LeftUpperLeg"] = CFrame.new(-0.000000, -0.000000, -0.000100, 0.856324, 0.425907, -0.292074, -0.434876, 0.289623, -0.852637, -0.278554, 0.857159, 0.433247),

              ["LowerTorso"] = CFrame.new(0.033527, 1.525042, -0.830088, -0.999916, -0.006489, -0.011230, 0.002161, -0.937094, 0.349070, -0.012788, 0.349016, 0.937030),

              ["RightFoot"] = CFrame.new(0.000000, 0.032136, -0.000101, 0.879872, 0.439225, 0.181419, -0.308920, 0.818740, -0.483996, -0.361100, 0.369793, 0.856058),

              ["RightHand"] = CFrame.new(-0.000500, 0.000465, -0.000000, 0.899267, -0.377269, 0.221331, 0.314659, 0.909467, 0.271773, -0.303822, -0.174750, 0.936564),

              ["RightLowerArm"] = CFrame.new(-0.000000, 0.002167, 0.000011, 1.000000, 0.000000, 0.000000, -0.000000, 0.999854, -0.017073, -0.000000, 0.017072, 0.999854),

              ["RightLowerLeg"] = CFrame.new(0.000000, 0.125290, -0.088475, 1.000000, 0.000000, 0.000000, -0.000000, 0.084510, 0.996424, 0.000000, -0.996423, 0.084497),

              ["RightUpperArm"] = CFrame.new(0.413765, -0.105157, -0.224598, -0.748811, -0.216514, 0.626421, 0.580760, -0.669776, 0.462729, 0.319375, 0.710297, 0.627279),

              ["RightUpperLeg"] = CFrame.new(0.000000, -0.000000, -0.000000, 0.855547, -0.435440, 0.280044, 0.418515, 0.263253, -0.869214, 0.304769, 0.860866, 0.407483),

              ["UpperTorso"] = CFrame.new(0.009525, 0.187017, 0.195557, 0.999931, -0.006445, -0.009855, 0.005498, 0.995623, -0.093301, 0.010413, 0.093240, 0.995589)

          }},

          {Time = 0.140, Data = {

              ["Head"] = CFrame.new(0.000000, -0.000000, -0.000000, 1.000000, 0.000174, 0.000467, 0.000174, 0.756577, -0.653904, -0.000467, 0.653904, 0.756577),

              ["LeftFoot"] = CFrame.new(-0.000000, 0.031776, -0.000001, 0.911790, -0.385538, -0.141425, 0.357323, 0.914560, -0.189480, 0.202383, 0.122229, 0.971646),

              ["LeftHand"] = CFrame.new(0.000518, -0.027492, 0.000000, 0.873442, 0.420018, -0.246343, -0.392440, 0.906708, 0.154503, 0.288253, -0.038273, 0.956788),

              ["LeftLowerArm"] = CFrame.new(-0.000499, -0.027658, 0.000150, 1.000000, -0.000000, -0.000000, 0.000000, 1.000000, -0.000001, 0.000000, -0.000000, 1.000000),

              ["LeftLowerLeg"] = CFrame.new(0.000000, 0.125167, -0.085753, 1.000000, -0.000000, -0.000000, 0.000000, 0.111757, 0.993737, -0.000000, -0.993736, 0.111742),

              ["LeftUpperArm"] = CFrame.new(-0.287083, -0.183206, -0.240662, -0.665128, 0.277647, -0.693193, -0.645626, -0.680252, 0.347023, -0.375196, 0.678357, 0.631711),

              ["LeftUpperLeg"] = CFrame.new(-0.000000, -0.000001, -0.000100, 0.872083, 0.359089, -0.332447, -0.315308, -0.107220, -0.942915, -0.374236, 0.927124, 0.019738),

              ["LowerTorso"] = CFrame.new(0.029930, 1.633826, -0.678767, -0.999829, -0.006311, -0.017366, 0.005459, -0.998798, 0.048713, -0.017652, 0.048610, 0.998662),

              ["RightFoot"] = CFrame.new(-0.000000, 0.031872, -0.000101, 0.893836, 0.419236, 0.159066, -0.354537, 0.877953, -0.321732, -0.274520, 0.231171, 0.933374),

              ["RightHand"] = CFrame.new(-0.000500, 0.000498, -0.000000, 0.899380, -0.377069, 0.221213, 0.314322, 0.909439, 0.272256, -0.303837, -0.175327, 0.936451),

              ["RightLowerArm"] = CFrame.new(0.000000, 0.002325, 0.000012, 1.000000, 0.000000, 0.000000, -0.000000, 0.999832, -0.018325, -0.000000, 0.018323, 0.999832),

              ["RightLowerLeg"] = CFrame.new(0.000000, 0.124761, -0.084517, 1.000000, 0.000000, 0.000000, -0.000000, 0.125653, 0.992076, 0.000000, -0.992074, 0.125638),

              ["RightUpperArm"] = CFrame.new(0.413914, -0.105009, -0.224517, -0.749110, -0.216901, 0.625930, 0.580463, -0.670231, 0.462442, 0.319214, 0.709750, 0.627980),

              ["RightUpperLeg"] = CFrame.new(0.000000, -0.000000, -0.000000, 0.868243, -0.370165, 0.330341, 0.302898, -0.131868, -0.943859, 0.392945, 0.919559, -0.002352),

              ["UpperTorso"] = CFrame.new(0.004564, 0.201537, 0.207796, 0.999856, -0.011412, -0.012554, 0.005601, 0.920526, -0.390640, 0.016014, 0.390514, 0.920458)

          }},

          {Time = 0.160, Data = {

              ["Head"] = CFrame.new(0.000000, -0.000000, 0.000000, 1.000000, 0.000174, 0.000467, 0.000174, 0.756577, -0.653904, -0.000467, 0.653904, 0.756577),

              ["LeftFoot"] = CFrame.new(0.000000, 0.030161, -0.000002, 0.927175, -0.356062, -0.116479, 0.362761, 0.930946, 0.041790, 0.093551, -0.080992, 0.992314),

              ["LeftHand"] = CFrame.new(0.000518, -0.027532, 0.000000, 0.873298, 0.420242, -0.246474, -0.392638, 0.906607, 0.154597, 0.288420, -0.038233, 0.956739),

              ["LeftLowerArm"] = CFrame.new(-0.000499, -0.027698, 0.000150, 1.000000, -0.000000, -0.000000, -0.000000, 1.000000, -0.000001, 0.000000, -0.000000, 1.000000),

              ["LeftLowerLeg"] = CFrame.new(-0.000000, 0.121081, -0.069597, 1.000000, -0.000000, -0.000000, 0.000000, 0.279819, 0.960057, -0.000000, -0.960053, 0.279804),

              ["LeftUpperArm"] = CFrame.new(-0.286894, -0.183362, -0.240729, -0.664750, 0.277684, -0.693542, -0.645938, -0.680048, 0.346841, -0.375329, 0.678547, 0.631428),

              ["LeftUpperLeg"] = CFrame.new(-0.000000, -0.000000, -0.000100, 0.894328, 0.306512, -0.325918, -0.142818, -0.494784, -0.857211, -0.424005, 0.813166, -0.398706),

              ["LowerTorso"] = CFrame.new(0.023668, 1.716922, -0.480126, -0.999701, -0.001269, -0.024427, 0.009306, -0.943285, -0.331855, -0.022620, -0.331983, 0.943014),

              ["RightFoot"] = CFrame.new(-0.000000, 0.030252, -0.000102, 0.912733, 0.388767, 0.125615, -0.378007, 0.920233, -0.101412, -0.155011, 0.045079, 0.986882),

              ["RightHand"] = CFrame.new(-0.000499, 0.000536, -0.000000, 0.899507, -0.376843, 0.221082, 0.313943, 0.909407, 0.272799, -0.303853, -0.175976, 0.936325),

              ["RightLowerArm"] = CFrame.new(0.000000, 0.002503, 0.000015, 1.000000, 0.000000, 0.000000, -0.000000, 0.999805, -0.019730, -0.000000, 0.019730, 0.999805),

              ["RightLowerLeg"] = CFrame.new(0.000000, 0.120595, -0.068965, 1.000000, 0.000000, 0.000000, -0.000000, 0.287456, 0.957799, 0.000000, -0.957794, 0.287440),

              ["RightUpperArm"] = CFrame.new(0.414082, -0.104842, -0.224426, -0.749446, -0.217334, 0.625377, 0.580128, -0.670743, 0.462120, 0.319033, 0.709133, 0.628768),

              ["RightUpperLeg"] = CFrame.new(0.000000, -0.000000, -0.000000, 0.886960, -0.314371, 0.338330, 0.140449, -0.514285, -0.846053, 0.439973, 0.797924, -0.411979),

              ["UpperTorso"] = CFrame.new(-0.001386, 0.223010, 0.259630, 0.999744, -0.016902, -0.015077, 0.001224, 0.704998, -0.709208, 0.022616, 0.709008, 0.704838)

          }},

          {Time = 0.180, Data = {

              ["Head"] = CFrame.new(0.000000, 0.000000, -0.000000, 1.000000, 0.000174, 0.000467, 0.000174, 0.756577, -0.653904, -0.000467, 0.653904, 0.756577),

              ["LeftFoot"] = CFrame.new(0.000000, 0.027130, -0.000003, 0.938693, -0.331210, -0.095686, 0.344378, 0.913791, 0.215399, 0.016093, -0.235131, 0.971827),

              ["LeftHand"] = CFrame.new(0.000518, -0.027575, -0.000000, 0.873138, 0.420490, -0.246619, -0.392858, 0.906493, 0.154702, 0.288606, -0.038188, 0.956685),

              ["LeftLowerArm"] = CFrame.new(-0.000499, -0.027741, 0.000151, 1.000000, -0.000000, -0.000000, 0.000000, 1.000000, -0.000001, 0.000000, -0.000000, 1.000000),

              ["LeftLowerLeg"] = CFrame.new(0.000000, 0.111343, -0.050880, 1.000000, -0.000000, -0.000000, 0.000000, 0.474528, 0.880247, -0.000000, -0.880240, 0.474516),

              ["LeftUpperArm"] = CFrame.new(-0.286683, -0.183535, -0.240803, -0.664330, 0.277724, -0.693928, -0.646285, -0.679821, 0.346640, -0.375477, 0.678758, 0.631114),

              ["LeftUpperLeg"] = CFrame.new(0.000000, 0.000001, -0.000100, 0.911024, 0.290382, -0.292762, -0.002399, -0.706251, -0.707974, -0.412347, 0.645668, -0.642701),

              ["LowerTorso"] = CFrame.new(0.016750, 1.744000, -0.321003, -0.999574, 0.007057, -0.028308, 0.012038, -0.784085, -0.620537, -0.026575, -0.620614, 0.783666),

              ["RightFoot"] = CFrame.new(-0.000000, 0.027357, -0.000102, 0.926528, 0.363214, 0.098096, -0.370350, 0.926414, 0.067823, -0.066237, -0.099163, 0.992863),

              ["RightHand"] = CFrame.new(-0.000500, 0.000577, -0.000000, 0.899648, -0.376594, 0.220936, 0.313520, 0.909370, 0.273410, -0.303874, -0.176703, 0.936181),

              ["RightLowerArm"] = CFrame.new(0.000000, 0.002701, 0.000018, 1.000000, 0.000000, 0.000000, 0.000000, 0.999773, -0.021308, -0.000000, 0.021307, 0.999773),

              ["RightLowerLeg"] = CFrame.new(0.000000, 0.111241, -0.051125, 1.000000, 0.000000, 0.000000, -0.000000, 0.473018, 0.881060, 0.000000, -0.881053, 0.473005),

              ["RightUpperArm"] = CFrame.new(0.414268, -0.104656, -0.224326, -0.749818, -0.217820, 0.624761, 0.579757, -0.671315, 0.461755, 0.318832, 0.708443, 0.629647),

              ["RightUpperLeg"] = CFrame.new(0.000000, 0.000000, -0.000000, 0.901139, -0.295592, 0.317126, 0.006045, -0.722878, -0.690967, 0.433487, 0.624559, -0.649613),

              ["UpperTorso"] = CFrame.new(-0.006346, 0.224816, 0.340087, 0.999634, -0.020934, -0.017142, -0.006299, 0.436097, -0.899878, 0.026314, 0.899656, 0.435806)

          }},

          {Time = 0.200, Data = {

              ["Head"] = CFrame.new(0.000000, 0.000000, 0.000000, 1.000000, 0.000174, 0.000467, 0.000174, 0.756577, -0.653904, -0.000467, 0.653904, 0.756577),

              ["LeftFoot"] = CFrame.new(0.000000, 0.024991, -0.000003, 0.942825, -0.321554, -0.087664, 0.333061, 0.899291, 0.283471, -0.012316, -0.296444, 0.954966),

              ["LeftHand"] = CFrame.new(0.000518, -0.027621, -0.000000, 0.872962, 0.420760, -0.246777, -0.393098, 0.906370, 0.154816, 0.288809, -0.038139, 0.956626),

              ["LeftLowerArm"] = CFrame.new(-0.000499, -0.027786, 0.000151, 1.000000, -0.000000, -0.000000, 0.000000, 1.000000, -0.000001, 0.000000, -0.000000, 1.000000),

              ["LeftLowerLeg"] = CFrame.new(-0.000000, 0.104584, -0.042469, 1.000000, -0.000000, -0.000000, 0.000000, 0.562016, 0.827133, -0.000000, -0.827127, 0.562006),

              ["LeftUpperArm"] = CFrame.new(-0.286454, -0.183724, -0.240883, -0.663871, 0.277768, -0.694349, -0.646663, -0.679574, 0.346421, -0.375637, 0.678988, 0.630771),

              ["LeftUpperLeg"] = CFrame.new(0.000000, 0.000000, -0.000100, 0.916888, 0.288201, -0.276139, 0.050547, -0.770114, -0.635918, -0.395931, 0.569090, -0.720664),

              ["LowerTorso"] = CFrame.new(0.013123, 1.746644, -0.256622, -0.999525, 0.012304, -0.028266, 0.011992, -0.689513, -0.724174, -0.028400, -0.724168, 0.689038),

              ["RightFoot"] = CFrame.new(0.000000, 0.025369, -0.000103, 0.931682, 0.352721, 0.086929, -0.361791, 0.922527, 0.134363, -0.032798, -0.156625, 0.987112),

              ["RightHand"] = CFrame.new(-0.000500, 0.000622, 0.000000, 0.899801, -0.376322, 0.220776, 0.313059, 0.909328, 0.274076, -0.303896, -0.177496, 0.936024),

              ["RightLowerArm"] = CFrame.new(-0.000000, 0.002918, 0.000021, 1.000000, 0.000000, 0.000000, -0.000000, 0.999735, -0.023029, -0.000000, 0.023028, 0.999735),

              ["RightLowerLeg"] = CFrame.new(0.000000, 0.104909, -0.043140, 1.000000, 0.000000, 0.000000, -0.000000, 0.556077, 0.831137, 0.000000, -0.831131, 0.556067),

              ["RightUpperArm"] = CFrame.new(0.414471, -0.104454, -0.224216, -0.750225, -0.218350, 0.624089, 0.579353, -0.671938, 0.461356, 0.318612, 0.707688, 0.630606),

              ["RightUpperLeg"] = CFrame.new(-0.000000, 0.000001, -0.000000, 0.906786, -0.293260, 0.302877, -0.047421, -0.784819, -0.617926, 0.418917, 0.545946, -0.725557),

              ["UpperTorso"] = CFrame.new(-0.007873, 0.219628, 0.381725, 0.999598, -0.021524, -0.018470, -0.011003, 0.305890, -0.952003, 0.026141, 0.951823, 0.305530)

          }},

          {Time = 0.220, Data = {

              ["Head"] = CFrame.new(0.000000, 0.000000, -0.000000, 1.000000, 0.000174, 0.000467, 0.000174, 0.756577, -0.653904, -0.000467, 0.653904, 0.756577),

              ["LeftFoot"] = CFrame.new(-0.000000, 0.026896, -0.000002, 0.938922, -0.330686, -0.095250, 0.343982, 0.909969, 0.231605, 0.010084, -0.250208, 0.968136),

              ["LeftHand"] = CFrame.new(0.000518, -0.027670, 0.000000, 0.872773, 0.421053, -0.246948, -0.393358, 0.906236, 0.154939, 0.289027, -0.038086, 0.956562),

              ["LeftLowerArm"] = CFrame.new(-0.000499, -0.027836, 0.000151, 1.000000, -0.000000, -0.000000, -0.000000, 1.000000, -0.000001, 0.000000, -0.000000, 1.000000),

              ["LeftLowerLeg"] = CFrame.new(-0.000000, 0.110472, -0.049608, 1.000000, -0.000000, 0.000000, 0.000000, 0.487732, 0.873000, -0.000000, -0.872993, 0.487720),

              ["LeftUpperArm"] = CFrame.new(-0.286206, -0.183928, -0.240969, -0.663375, 0.277815, -0.694804, -0.647071, -0.679306, 0.346183, -0.375809, 0.679236, 0.630401),

              ["LeftUpperLeg"] = CFrame.new(0.000000, 0.000001, -0.000100, 0.910575, 0.288071, -0.296419, -0.005627, -0.708438, -0.705767, -0.413305, 0.644307, -0.643451),

              ["LowerTorso"] = CFrame.new(0.015323, 1.750539, -0.308311, -0.999592, 0.010534, -0.026545, 0.008218, -0.784056, -0.620636, -0.027350, -0.620601, 0.783649),

              ["RightFoot"] = CFrame.new(0.000000, 0.027122, -0.000103, 0.927482, 0.361315, 0.096070, -0.369129, 0.925763, 0.081910, -0.059337, -0.111425, 0.991999),

              ["RightHand"] = CFrame.new(-0.000500, 0.000671, -0.000000, 0.899965, -0.376028, 0.220605, 0.312560, 0.909281, 0.274800, -0.303922, -0.178356, 0.935852),

              ["RightLowerArm"] = CFrame.new(-0.000000, 0.003152, 0.000026, 1.000000, 0.000000, 0.000000, 0.000000, 0.999690, -0.024896, -0.000000, 0.024895, 0.999690),

              ["RightLowerLeg"] = CFrame.new(0.000000, 0.110370, -0.049849, 1.000000, 0.000000, 0.000000, -0.000000, 0.486267, 0.873817, 0.000000, -0.873810, 0.486255),

              ["RightUpperArm"] = CFrame.new(0.414690, -0.104236, -0.224097, -0.750662, -0.218923, 0.623361, 0.578917, -0.672612, 0.460921, 0.318375, 0.706870, 0.631643),

              ["RightUpperLeg"] = CFrame.new(0.000000, 0.000000, 0.000000, 0.903066, -0.294892, 0.312260, 0.004081, -0.721122, -0.692813, 0.429483, 0.626915, -0.650003),

              ["UpperTorso"] = CFrame.new(-0.004606, 0.237989, 0.334374, 0.999670, -0.017495, -0.018803, -0.009294, 0.436069, -0.899865, 0.023943, 0.899743, 0.435763)

          }},

          {Time = 0.240, Data = {

              ["Head"] = CFrame.new(0.000000, -0.000000, -0.000000, 1.000000, 0.000174, 0.000467, 0.000174, 0.756577, -0.653904, -0.000467, 0.653904, 0.756577),

              ["LeftFoot"] = CFrame.new(-0.000000, 0.029875, -0.000002, 0.927727, -0.354933, -0.115529, 0.364095, 0.928681, 0.070641, 0.082212, -0.107588, 0.990789),

              ["LeftHand"] = CFrame.new(0.000518, -0.027722, -0.000000, 0.872571, 0.421365, -0.247131, -0.393635, 0.906093, 0.155070, 0.289261, -0.038029, 0.956493),

              ["LeftLowerArm"] = CFrame.new(-0.000499, -0.027888, 0.000151, 1.000000, -0.000000, -0.000000, -0.000000, 1.000000, -0.000001, 0.000000, -0.000000, 1.000000),

              ["LeftLowerLeg"] = CFrame.new(-0.000000, 0.120315, -0.067669, 1.000000, -0.000000, -0.000000, 0.000000, 0.299919, 0.953969, -0.000000, -0.953965, 0.299904),

              ["LeftUpperArm"] = CFrame.new(-0.285942, -0.184146, -0.241061, -0.662845, 0.277866, -0.695289, -0.647507, -0.679020, 0.345929, -0.375993, 0.679501, 0.630005),

              ["LeftUpperLeg"] = CFrame.new(0.000000, 0.000000, -0.000100, 0.893711, 0.300013, -0.333569, -0.148614, -0.503578, -0.851084, -0.423314, 0.810186, -0.405449),

              ["LowerTorso"] = CFrame.new(0.020933, 1.728327, -0.457907, -0.999705, 0.005552, -0.023666, 0.002621, -0.943275, -0.332002, -0.024167, -0.331966, 0.942982),

              ["RightFoot"] = CFrame.new(-0.000000, 0.029967, -0.000102, 0.915035, 0.384726, 0.121232, -0.377675, 0.922688, -0.077522, -0.141675, 0.025151, 0.989592),

              ["RightHand"] = CFrame.new(-0.000500, 0.000723, 0.000000, 0.900141, -0.375715, 0.220422, 0.312029, 0.909230, 0.275573, -0.303948, -0.179274, 0.935668),

              ["RightLowerArm"] = CFrame.new(0.000000, 0.003402, 0.000030, 1.000000, 0.000000, 0.000000, -0.000000, 0.999638, -0.026890, -0.000000, 0.026889, 0.999638),

              ["RightLowerLeg"] = CFrame.new(0.000000, 0.119812, -0.067039, 1.000000, 0.000000, 0.000000, -0.000000, 0.307521, 0.951546, 0.000000, -0.951541, 0.307506),

              ["RightUpperArm"] = CFrame.new(0.414923, -0.104003, -0.223971, -0.751128, -0.219534, 0.622584, 0.578451, -0.673332, 0.460454, 0.318121, 0.705995, 0.632748),

              ["RightUpperLeg"] = CFrame.new(0.000000, 0.000000, -0.000000, 0.890924, -0.311191, 0.330772, 0.135143, -0.513694, -0.847275, 0.433580, 0.799550, -0.415589),

              ["UpperTorso"] = CFrame.new(0.001037, 0.241529, 0.242643, 0.999779, -0.010883, -0.017984, -0.005083, 0.704985, -0.709204, 0.020397, 0.709139, 0.704774)

          }},

          {Time = 0.260, Data = {

              ["Head"] = CFrame.new(-0.000000, 0.000000, -0.000000, 1.000000, 0.000174, 0.000467, 0.000174, 0.756577, -0.653904, -0.000467, 0.653904, 0.756577),

              ["LeftFoot"] = CFrame.new(-0.000000, 0.031652, -0.000001, 0.912886, -0.383555, -0.139737, 0.362023, 0.918846, -0.157048, 0.188623, 0.092777, 0.977655),

              ["LeftHand"] = CFrame.new(0.000518, -0.027776, -0.000000, 0.872355, 0.421697, -0.247324, -0.393929, 0.905942, 0.155209, 0.289509, -0.037968, 0.956421),

              ["LeftLowerArm"] = CFrame.new(-0.000499, -0.027942, 0.000152, 1.000000, -0.000000, -0.000000, 0.000000, 1.000000, -0.000001, 0.000000, -0.000000, 1.000000),

              ["LeftLowerLeg"] = CFrame.new(-0.000000, 0.124930, -0.084256, 1.000000, -0.000000, -0.000000, 0.000000, 0.127337, 0.991862, -0.000000, -0.991859, 0.127322),

              ["LeftUpperArm"] = CFrame.new(-0.285661, -0.184377, -0.241158, -0.662283, 0.277919, -0.695803, -0.647969, -0.678717, 0.345659, -0.376188, 0.679783, 0.629586),

              ["LeftUpperLeg"] = CFrame.new(-0.000000, 0.000000, -0.000100, 0.872059, 0.347876, -0.344222, -0.320523, -0.125553, -0.938886, -0.369835, 0.929096, 0.002033),

              ["LowerTorso"] = CFrame.new(0.027031, 1.646715, -0.653358, -0.999798, 0.001209, -0.020045, -0.002182, -0.998817, 0.048587, -0.019963, 0.048621, 0.998618),

              ["RightFoot"] = CFrame.new(0.000000, 0.031673, -0.000101, 0.897464, 0.413721, 0.152957, -0.357735, 0.885562, -0.296332, -0.258038, 0.211220, 0.942757),

              ["RightHand"] = CFrame.new(-0.000500, 0.000777, -0.000000, 0.900326, -0.375384, 0.220228, 0.311464, 0.909173, 0.276397, -0.303978, -0.180252, 0.935470),

              ["RightLowerArm"] = CFrame.new(0.000000, 0.003669, 0.000036, 1.000000, 0.000000, 0.000000, -0.000000, 0.999579, -0.029015, -0.000000, 0.029014, 0.999579),

              ["RightLowerLeg"] = CFrame.new(0.000000, 0.124444, -0.082926, 1.000000, 0.000000, 0.000000, -0.000000, 0.142251, 0.989833, 0.000000, -0.989831, 0.142236),

              ["RightUpperArm"] = CFrame.new(0.415170, -0.103757, -0.223836, -0.751621, -0.220184, 0.621759, 0.577959, -0.674097, 0.459954, 0.317852, 0.705062, 0.633922),

              ["RightUpperLeg"] = CFrame.new(0.000000, 0.000000, -0.000000, 0.873567, -0.363160, 0.324021, 0.294431, -0.135803, -0.945978, 0.387545, 0.921777, -0.011688),

              ["UpperTorso"] = CFrame.new(0.006475, 0.213763, 0.181807, 0.999864, -0.004532, -0.015877, -0.002031, 0.920538, -0.390649, 0.016386, 0.390628, 0.920403)

          }},

          {Time = 0.280, Data = {

              ["Head"] = CFrame.new(-0.000000, -0.000000, 0.000000, 1.000000, 0.000174, 0.000467, 0.000174, 0.756577, -0.653904, -0.000467, 0.653904, 0.756577),

              ["LeftFoot"] = CFrame.new(0.000000, 0.031996, -0.000001, 0.902947, -0.400977, -0.154622, 0.331554, 0.878876, -0.343015, 0.273421, 0.258448, 0.926516),

              ["LeftHand"] = CFrame.new(0.000518, -0.027832, -0.000000, 0.872129, 0.422046, -0.247528, -0.394239, 0.905782, 0.155356, 0.289771, -0.037903, 0.956344),

              ["LeftLowerArm"] = CFrame.new(-0.000499, -0.027998, 0.000152, 1.000000, -0.000000, -0.000000, -0.000000, 1.000000, -0.000001, 0.000000, -0.000000, 1.000000),

              ["LeftLowerLeg"] = CFrame.new(-0.000000, 0.125590, -0.089336, 1.000000, -0.000000, -0.000000, 0.000000, 0.074517, 0.997221, -0.000000, -0.997220, 0.074504),

              ["LeftUpperArm"] = CFrame.new(-0.285364, -0.184620, -0.241260, -0.661691, 0.277976, -0.696344, -0.648455, -0.678397, 0.345374, -0.376392, 0.680078, 0.629144),

              ["LeftUpperLeg"] = CFrame.new(-0.000000, -0.000000, -0.000100, 0.857587, 0.414976, -0.303863, -0.436262, 0.273953, -0.857097, -0.272432, 0.867609, 0.415996),

              ["LowerTorso"] = CFrame.new(0.032088, 1.534327, -0.811004, -0.999868, -0.002187, -0.016100, -0.003570, -0.937115, 0.349004, -0.015851, 0.349015, 0.936983),

              ["RightFoot"] = CFrame.new(0.000000, 0.032089, -0.000101, 0.882997, 0.434911, 0.176566, -0.313543, 0.826436, -0.467667, -0.349295, 0.357570, 0.866090),

              ["RightHand"] = CFrame.new(-0.000500, 0.000834, -0.000000, 0.900521, -0.375037, 0.220024, 0.310869, 0.909111, 0.277271, -0.304011, -0.181288, 0.935259),

              ["RightLowerArm"] = CFrame.new(-0.000000, 0.003950, 0.000042, 1.000000, 0.000000, 0.000000, -0.000000, 0.999511, -0.031265, -0.000000, 0.031264, 0.999511),

              ["RightLowerLeg"] = CFrame.new(0.000000, 0.125201, -0.087685, 1.000000, 0.000000, 0.000000, -0.000000, 0.092719, 0.995694, 0.000000, -0.995692, 0.092705),

              ["RightUpperArm"] = CFrame.new(0.415429, -0.103498, -0.223694, -0.752139, -0.220870, 0.620888, 0.577440, -0.674904, 0.459421, 0.317568, 0.704075, 0.635162),

              ["RightUpperLeg"] = CFrame.new(0.000000, -0.000001, -0.000000, 0.859335, -0.429633, 0.277402, 0.411581, 0.259029, -0.873782, 0.303552, 0.865054, 0.399441),

              ["UpperTorso"] = CFrame.new(0.010403, 0.189822, 0.174199, 0.999923, -0.001285, -0.012347, 0.000127, 0.995637, -0.093310, 0.012413, 0.093301, 0.995561)

          }},

          {Time = 0.300, Data = {

              ["Head"] = CFrame.new(-0.000000, 0.000000, -0.000000, 1.000000, 0.000174, 0.000467, 0.000174, 0.756577, -0.653904, -0.000467, 0.653904, 0.756577),

              ["LeftFoot"] = CFrame.new(0.000000, 0.031928, -0.000001, 0.901991, -0.402591, -0.156007, 0.314688, 0.860386, -0.400899, 0.295609, 0.312499, 0.902741),

              ["LeftHand"] = CFrame.new(0.000518, -0.027890, 0.000000, 0.871891, 0.422412, -0.247742, -0.394564, 0.905614, 0.155509, 0.290044, -0.037835, 0.956264),

              ["LeftLowerArm"] = CFrame.new(-0.000499, -0.028056, 0.000152, 1.000000, -0.000000, -0.000000, -0.000000, 1.000000, -0.000001, 0.000000, -0.000000, 1.000000),

              ["LeftLowerLeg"] = CFrame.new(0.000000, 0.125473, -0.088218, 1.000000, -0.000000, -0.000000, 0.000000, 0.086139, 0.996284, -0.000000, -0.996283, 0.086125),

              ["LeftUpperArm"] = CFrame.new(-0.285054, -0.184875, -0.241366, -0.661071, 0.278035, -0.696909, -0.648964, -0.678063, 0.345076, -0.376604, 0.680388, 0.628682),

