return {
["luigi thrust 1"] = {

          {Time = 0.000, Data = {

              ["Head"] = CFrame.new(-0.000000, 0.000000, 0.000000, 0.961363, -0.174125, -0.213217, 0.183591, 0.982678, 0.025275, 0.205122, -0.063443, 0.976678),

              ["LeftFoot"] = CFrame.new(0.000000, 0.027365, -0.000002, 0.993723, -0.085577, -0.072057, 0.041320, 0.879314, -0.474470, 0.103957, 0.468490, 0.877317),

              ["LeftHand"] = CFrame.new(0.000499, 0.001488, -0.000000, 0.999689, 0.019690, -0.015312, -0.019899, 0.999709, -0.013603, 0.015040, 0.013904, 0.999790),

              ["LeftLowerArm"] = CFrame.new(-0.000500, 0.006634, 0.000133, 1.000000, -0.000000, -0.000000, 0.000000, 0.998557, -0.053695, 0.000000, 0.053695, 0.998557),

              ["LeftLowerLeg"] = CFrame.new(-0.000000, 0.112197, -0.052169, 1.000000, -0.000000, -0.000000, 0.000000, 0.461132, 0.887338, -0.000000, -0.887332, 0.461120),

              ["LeftUpperArm"] = CFrame.new(0.168836, -0.025619, 0.203899, 0.911394, 0.051109, -0.408349, 0.055331, 0.968031, 0.244654, 0.407798, -0.245570, 0.879429),

              ["LeftUpperLeg"] = CFrame.new(0.000000, -0.000000, -0.000100, 0.986983, -0.059995, -0.149218, -0.035828, 0.822472, -0.567657, 0.156784, 0.565633, 0.809630),

              ["LowerTorso"] = CFrame.new(-0.019816, -0.429191, -0.100017, 0.972428, 0.049540, 0.227882, -0.049540, 0.998756, -0.005724, -0.227882, -0.005723, 0.973672),

              ["RightFoot"] = CFrame.new(-0.000000, 0.028245, -0.000102, 0.976736, 0.164048, 0.138130, -0.041154, 0.775507, -0.630021, -0.210462, 0.609654, 0.764194),

              ["RightHand"] = CFrame.new(-0.000531, -0.047027, 0.000000, 0.892830, -0.254667, -0.371484, 0.304155, 0.949235, 0.080274, 0.332180, -0.184657, 0.924962),

              ["RightLowerArm"] = CFrame.new(-0.000001, -0.046970, 0.000256, 1.000000, 0.000000, 0.000000, -0.000000, 1.000000, -0.000001, -0.000000, -0.000000, 1.000000),

              ["RightLowerLeg"] = CFrame.new(-0.000000, 0.114334, -0.056005, 1.000000, 0.000000, 0.000000, -0.000000, 0.422296, 0.906464, 0.000000, -0.906458, 0.422282),

              ["RightUpperArm"] = CFrame.new(0.299547, -0.541944, 0.212116, -0.366393, 0.175142, 0.913828, 0.828120, 0.509170, 0.234443, -0.424233, 0.842657, -0.331595),

              ["RightUpperLeg"] = CFrame.new(0.000000, -0.000000, -0.000000, 0.910200, -0.343256, -0.231766, 0.211439, 0.866268, -0.452607, 0.356132, 0.362981, 0.861064),

              ["UpperTorso"] = CFrame.new(-0.000000, 0.000000, -0.000000, 0.992880, -0.118633, -0.010733, 0.118767, 0.992839, 0.012873, 0.009129, -0.014056, 0.999860)

          }},

          {Time = 0.033, Data = {

              ["Head"] = CFrame.new(-0.000000, 0.000000, 0.000000, 0.961249, -0.174568, -0.213370, 0.183611, 0.982726, 0.023164, 0.205641, -0.061443, 0.976697),

              ["LeftFoot"] = CFrame.new(0.000000, 0.027394, -0.000002, 0.993701, -0.085730, -0.072186, 0.041510, 0.879831, -0.473494, 0.104097, 0.467491, 0.877834),

              ["LeftHand"] = CFrame.new(0.000499, 0.001578, 0.000000, 0.999658, 0.020733, -0.015909, -0.020875, 0.999743, -0.008847, 0.015721, 0.009176, 0.999834),

              ["LeftLowerArm"] = CFrame.new(-0.000500, 0.007097, 0.000153, 1.000000, -0.000000, -0.000000, 0.000000, 0.998348, -0.057458, 0.000000, 0.057457, 0.998348),

              ["LeftLowerLeg"] = CFrame.new(-0.000000, 0.112303, -0.052331, 1.000000, -0.000000, -0.000000, 0.000000, 0.459447, 0.888212, -0.000000, -0.888205, 0.459435),

              ["LeftUpperArm"] = CFrame.new(0.169106, -0.025694, 0.203305, 0.911934, 0.051928, -0.407039, 0.055183, 0.967430, 0.247052, 0.406610, -0.247757, 0.879366),

              ["LeftUpperLeg"] = CFrame.new(0.000000, -0.000000, -0.000100, 0.987025, -0.060339, -0.148803, -0.036465, 0.818264, -0.573665, 0.156374, 0.571667, 0.805460),

              ["LowerTorso"] = CFrame.new(-0.019498, -0.430382, -0.097324, 0.972446, 0.048744, 0.227975, -0.049739, 0.998761, -0.001384, -0.227760, -0.009993, 0.973666),

              ["RightFoot"] = CFrame.new(0.000000, 0.028294, -0.000102, 0.976855, 0.163630, 0.137778, -0.041142, 0.775794, -0.629668, -0.209907, 0.609400, 0.764549),

              ["RightHand"] = CFrame.new(-0.000529, -0.045088, -0.000000, 0.894830, -0.251348, -0.368924, 0.300106, 0.950518, 0.080324, 0.330478, -0.182591, 0.925982),

              ["RightLowerArm"] = CFrame.new(-0.000001, -0.045034, 0.000245, 1.000000, 0.000000, 0.000000, -0.000000, 1.000000, -0.000001, -0.000000, -0.000000, 1.000000),

              ["RightLowerLeg"] = CFrame.new(-0.000000, 0.114498, -0.056278, 1.000000, 0.000000, 0.000000, -0.000000, 0.419447, 0.907786, 0.000000, -0.907780, 0.419434),

              ["RightUpperArm"] = CFrame.new(0.297907, -0.542825, 0.211804, -0.363113, 0.175602, 0.915048, 0.829883, 0.507445, 0.231937, -0.423608, 0.843602, -0.329989),

              ["RightUpperLeg"] = CFrame.new(0.000000, -0.000000, -0.000000, 0.910419, -0.343715, -0.230216, 0.209665, 0.863090, -0.459452, 0.356619, 0.370048, 0.857849),

              ["UpperTorso"] = CFrame.new(0.000366, 0.000053, -0.001572, 0.992921, -0.118290, -0.010722, 0.118405, 0.992906, 0.010860, 0.009362, -0.012053, 0.999884)

          }},

          {Time = 0.067, Data = {

              ["Head"] = CFrame.new(0.000000, 0.000000, 0.000000, 0.960922, -0.175833, -0.213803, 0.183661, 0.982840, 0.017155, 0.207118, -0.055752, 0.976726),

              ["LeftFoot"] = CFrame.new(0.000000, 0.027473, -0.000002, 0.993639, -0.086149, -0.072539, 0.042067, 0.881392, -0.470533, 0.104464, 0.464464, 0.879396),

              ["LeftHand"] = CFrame.new(0.000499, 0.001794, -0.000000, 0.999561, 0.023777, -0.017652, -0.023717, 0.999712, 0.003576, 0.017732, -0.003155, 0.999838),

              ["LeftLowerArm"] = CFrame.new(-0.000500, 0.008229, 0.000208, 1.000000, -0.000000, -0.000000, 0.000000, 0.997775, -0.066673, 0.000000, 0.066672, 0.997775),

              ["LeftLowerLeg"] = CFrame.new(-0.000000, 0.112580, -0.052759, 1.000000, -0.000000, -0.000000, 0.000000, 0.455003, 0.890496, -0.000000, -0.890490, 0.454991),

              ["LeftUpperArm"] = CFrame.new(0.169905, -0.025905, 0.201533, 0.913531, 0.053983, -0.403170, 0.054762, 0.965810, 0.253402, 0.403065, -0.253569, 0.879341),

              ["LeftUpperLeg"] = CFrame.new(0.000000, -0.000000, -0.000100, 0.987146, -0.061338, -0.147582, -0.038214, 0.806039, -0.590608, 0.155183, 0.588675, 0.793349),

              ["LowerTorso"] = CFrame.new(-0.018597, -0.433615, -0.089640, 0.972500, 0.046493, 0.228216, -0.050366, 0.998668, 0.011175, -0.227392, -0.022362, 0.973546),

              ["RightFoot"] = CFrame.new(0.000000, 0.028431, -0.000102, 0.977199, 0.162426, 0.136765, -0.041143, 0.776732, -0.628511, -0.208304, 0.608527, 0.765682),

              ["RightHand"] = CFrame.new(-0.000526, -0.039524, -0.000000, 0.900409, -0.241924, -0.361579, 0.288685, 0.954028, 0.080573, 0.325461, -0.176929, 0.928853),

              ["RightLowerArm"] = CFrame.new(-0.000001, -0.039475, 0.000215, 1.000000, 0.000000, 0.000000, -0.000000, 1.000000, -0.000001, -0.000000, -0.000000, 1.000000),

              ["RightLowerLeg"] = CFrame.new(0.000000, 0.114943, -0.057034, 1.000000, 0.000000, 0.000000, -0.000000, 0.411583, 0.911378, 0.000000, -0.911372, 0.411570),

              ["RightUpperArm"] = CFrame.new(0.293216, -0.545314, 0.210881, -0.353731, 0.176967, 0.918454, 0.834860, 0.502508, 0.224713, -0.421763, 0.846268, -0.325495),

              ["RightUpperLeg"] = CFrame.new(0.000000, -0.000000, -0.000000, 0.911044, -0.344994, -0.225788, 0.204584, 0.853684, -0.478904, 0.357971, 0.390132, 0.848334),

              ["UpperTorso"] = CFrame.new(0.001404, 0.000283, -0.006042, 0.993034, -0.117348, -0.010677, 0.117407, 0.993071, 0.005047, 0.010011, -0.006265, 0.999930)

          }},

          {Time = 0.100, Data = {

              ["Head"] = CFrame.new(0.000000, 0.000000, 0.000000, 0.960408, -0.177822, -0.214466, 0.183722, 0.982948, 0.007730, 0.209434, -0.046826, 0.976701),

              ["LeftFoot"] = CFrame.new(-0.000000, 0.027580, -0.000002, 0.993547, -0.086766, -0.073058, 0.042977, 0.884041, -0.465452, 0.104965, 0.459285, 0.882053),

              ["LeftHand"] = CFrame.new(0.000499, 0.002051, 0.000000, 0.999378, 0.028715, -0.020480, -0.028291, 0.999385, 0.020709, 0.021062, -0.020116, 0.999576),

              ["LeftLowerArm"] = CFrame.new(-0.000500, 0.009600, 0.000287, 1.000000, -0.000000, -0.000000, 0.000000, 0.996961, -0.077898, 0.000000, 0.077898, 0.996961),

              ["LeftLowerLeg"] = CFrame.new(0.000000, 0.112958, -0.053349, 1.000000, -0.000000, -0.000000, 0.000000, 0.448876, 0.893600, -0.000000, -0.893594, 0.448864),

              ["LeftUpperArm"] = CFrame.new(0.171223, -0.026247, 0.198565, 0.916168, 0.056596, -0.396778, 0.054076, 0.963473, 0.262291, 0.397130, -0.261759, 0.879642),

              ["LeftUpperLeg"] = CFrame.new(0.000000, 0.000000, -0.000100, 0.987342, -0.062925, -0.145588, -0.040815, 0.786206, -0.616596, 0.153262, 0.614753, 0.773701),

              ["LowerTorso"] = CFrame.new(-0.017196, -0.438316, -0.077557, 0.972586, 0.042990, 0.228535, -0.051467, 0.998185, 0.031262, -0.226777, -0.042167, 0.973034),

              ["RightFoot"] = CFrame.new(0.000000, 0.028634, -0.000102, 0.977740, 0.160509, 0.135150, -0.041229, 0.778499, -0.626315, -0.205732, 0.606775, 0.767766),

              ["RightHand"] = CFrame.new(-0.000520, -0.030641, 0.000000, 0.908822, -0.227080, -0.349970, 0.270934, 0.959166, 0.081217, 0.317234, -0.168628, 0.933234),

              ["RightLowerArm"] = CFrame.new(-0.000001, -0.030604, 0.000166, 1.000000, 0.000000, 0.000000, -0.000000, 1.000000, -0.000001, -0.000000, -0.000000, 1.000000),

              ["RightLowerLeg"] = CFrame.new(0.000000, 0.115582, -0.058159, 1.000000, 0.000000, 0.000000, -0.000000, 0.399878, 0.916574, 0.000000, -0.916568, 0.399864),

              ["RightUpperArm"] = CFrame.new(0.285818, -0.549142, 0.209337, -0.338935, 0.179246, 0.923577, 0.842517, 0.494692, 0.213179, -0.418675, 0.850383, -0.318686),

              ["RightUpperLeg"] = CFrame.new(-0.000000, 0.000000, -0.000000, 0.912025, -0.346879, -0.218833, 0.196551, 0.837950, -0.509102, 0.359969, 0.421324, 0.832422),

              ["UpperTorso"] = CFrame.new(0.003025, 0.000866, -0.013037, 0.993200, -0.115937, -0.010578, 0.115898, 0.993252, -0.004229, 0.010997, 0.002974, 0.999935)

          }},

          {Time = 0.133, Data = {

              ["Head"] = CFrame.new(0.000000, 0.000000, 0.000000, 0.959732, -0.180438, -0.215305, 0.183768, 0.982959, -0.004625, 0.212471, -0.035127, 0.976536),

              ["LeftFoot"] = CFrame.new(0.000000, 0.027695, -0.000002, 0.993436, -0.087507, -0.073682, 0.044232, 0.887835, -0.458054, 0.105493, 0.451765, 0.885865),

              ["LeftHand"] = CFrame.new(0.000499, 0.002261, -0.000000, 0.999076, 0.035438, -0.024328, -0.034463, 0.998629, 0.039396, 0.025691, -0.038520, 0.998928),

              ["LeftLowerArm"] = CFrame.new(-0.000500, 0.010744, 0.000363, 1.000000, -0.000000, -0.000000, 0.000000, 0.996181, -0.087312, 0.000000, 0.087311, 0.996181),

              ["LeftLowerLeg"] = CFrame.new(-0.000000, 0.113358, -0.053982, 1.000000, -0.000000, -0.000000, 0.000000, 0.442288, 0.896879, -0.000000, -0.896873, 0.442276),

              ["LeftUpperArm"] = CFrame.new(0.173050, -0.026740, 0.194365, 0.919821, 0.059034, -0.387871, 0.053089, 0.960794, 0.272132, 0.388729, -0.270904, 0.880625),

              ["LeftUpperLeg"] = CFrame.new(0.000000, -0.000000, -0.000100, 0.987606, -0.065011, -0.142857, -0.043982, 0.759079, -0.649493, 0.150664, 0.647744, 0.746827),

              ["LowerTorso"] = CFrame.new(-0.015376, -0.443839, -0.061674, 0.972702, 0.038440, 0.228852, -0.053082, 0.996895, 0.058169, -0.225906, -0.068729, 0.971722),

              ["RightFoot"] = CFrame.new(0.000000, 0.028842, -0.000102, 0.978452, 0.157949, 0.132995, -0.041473, 0.781306, -0.622793, -0.202267, 0.603832, 0.771000),

              ["RightHand"] = CFrame.new(-0.000512, -0.018772, 0.000000, 0.919227, -0.207452, -0.334645, 0.247878, 0.965272, 0.082503, 0.305905, -0.158788, 0.938726),

              ["RightLowerArm"] = CFrame.new(-0.000001, -0.018749, 0.000102, 1.000000, -0.000000, 0.000000, -0.000000, 1.000000, -0.000001, -0.000000, -0.000000, 1.000000),

              ["RightLowerLeg"] = CFrame.new(0.000000, 0.116306, -0.059535, 1.000000, 0.000000, 0.000000, -0.000000, 0.385580, 0.922680, 0.000000, -0.922674, 0.385566),

              ["RightUpperArm"] = CFrame.new(0.276064, -0.554013, 0.207135, -0.319429, 0.182481, 0.929874, 0.852259, 0.484314, 0.197724, -0.414270, 0.855652, -0.310225),

              ["RightUpperLeg"] = CFrame.new(0.000000, 0.000000, -0.000000, 0.913313, -0.349122, -0.209706, 0.185929, 0.815550, -0.547984, 0.362340, 0.461511, 0.809776),

              ["UpperTorso"] = CFrame.new(0.005136, 0.002029, -0.022171, 0.993405, -0.114190, -0.010402, 0.114008, 0.993341, -0.016627, 0.012232, 0.015331, 0.999808)

          }},

          {Time = 0.167, Data = {

              ["Head"] = CFrame.new(-0.000000, 0.000000, -0.000000, 0.958919, -0.183586, -0.216267, 0.183772, 0.982777, -0.019426, 0.216108, -0.021116, 0.976141),

              ["LeftFoot"] = CFrame.new(-0.000000, 0.027796, -0.000002, 0.993317, -0.088295, -0.074346, 0.045820, 0.892802, -0.448135, 0.105937, 0.441711, 0.890869),

              ["LeftHand"] = CFrame.new(0.000499, 0.002336, -0.000000, 0.998617, 0.043793, -0.029109, -0.042105, 0.997528, 0.056268, 0.031501, -0.054964, 0.997991),

              ["LeftLowerArm"] = CFrame.new(-0.000500, 0.011152, 0.000392, 1.000000, -0.000000, -0.000000, 0.000000, 0.995881, -0.090674, 0.000000, 0.090674, 0.995881),

              ["LeftLowerLeg"] = CFrame.new(-0.000000, 0.113702, -0.054536, 1.000000, -0.000000, -0.000000, 0.000000, 0.436537, 0.899693, -0.000000, -0.899686, 0.436524),

              ["LeftUpperArm"] = CFrame.new(0.175360, -0.027425, 0.188899, 0.924442, 0.060551, -0.376484, 0.051720, 0.958278, 0.281119, 0.377798, -0.279351, 0.882741),

              ["LeftUpperLeg"] = CFrame.new(0.000000, -0.000000, -0.000100, 0.987931, -0.067495, -0.139420, -0.047422, 0.725060, -0.687034, 0.147459, 0.685371, 0.713124),

              ["LowerTorso"] = CFrame.new(-0.013222, -0.449500, -0.042599, 0.972844, 0.033055, 0.229088, -0.055252, 0.994302, 0.091164, -0.224769, -0.101346, 0.969127),

              ["RightFoot"] = CFrame.new(-0.000000, 0.029065, -0.000102, 0.979306, 0.154819, 0.130359, -0.041961, 0.785415, -0.617571, -0.197986, 0.599295, 0.775637),

              ["RightHand"] = CFrame.new(-0.000503, -0.004240, -0.000000, 0.930743, -0.183725, -0.316172, 0.220580, 0.971684, 0.084703, 0.291655, -0.148576, 0.944913),

              ["RightLowerArm"] = CFrame.new(-0.000000, -0.004234, 0.000023, 1.000000, 0.000000, 0.000000, -0.000000, 1.000000, -0.000001, -0.000000, -0.000000, 1.000000),

              ["RightLowerLeg"] = CFrame.new(-0.000000, 0.117056, -0.061015, 1.000000, 0.000000, 0.000000, -0.000000, 0.370204, 0.928956, 0.000000, -0.928951, 0.370190),

              ["RightUpperArm"] = CFrame.new(0.264325, -0.559613, 0.204239, -0.295949, 0.186743, 0.936772, 0.863458, 0.471684, 0.178759, -0.408478, 0.861767, -0.300839),

              ["RightUpperLeg"] = CFrame.new(0.000000, -0.000000, -0.000000, 0.914857, -0.351438, -0.198822, 0.173096, 0.786200, -0.593215, 0.364793, 0.508312, 0.780106),

              ["UpperTorso"] = CFrame.new(0.007643, 0.004024, -0.033036, 0.993630, -0.112239, -0.010133, 0.111868, 0.993214, -0.031807, 0.013634, 0.030471, 0.999443)

          }},

          {Time = 0.200, Data = {

              ["Head"] = CFrame.new(-0.000000, -0.000000, 0.000000, 0.957993, -0.187166, -0.217298, 0.183711, 0.982314, -0.036179, 0.220227, -0.005260, 0.975435),

              ["LeftFoot"] = CFrame.new(-0.000000, 0.027859, -0.000002, 0.993201, -0.089053, -0.074984, 0.047718, 0.898918, -0.435534, 0.106183, 0.428972, 0.897044),

              ["LeftHand"] = CFrame.new(0.000499, 0.002169, 0.000000, 0.997962, 0.053553, -0.034690, -0.051116, 0.996396, 0.067687, 0.038189, -0.065774, 0.997103),

              ["LeftLowerArm"] = CFrame.new(-0.000500, 0.010238, 0.000328, 1.000000, -0.000000, -0.000000, 0.000000, 0.996538, -0.083144, 0.000000, 0.083143, 0.996538),

              ["LeftLowerLeg"] = CFrame.new(0.000000, 0.113917, -0.054884, 1.000000, -0.000000, -0.000000, 0.000000, 0.432916, 0.901440, -0.000000, -0.901434, 0.432904),

              ["LeftUpperArm"] = CFrame.new(0.178105, -0.028365, 0.182168, 0.929933, 0.060419, -0.362731, 0.049841, 0.956599, 0.287114, 0.364336, -0.285075, 0.886562),

              ["LeftUpperLeg"] = CFrame.new(0.000000, -0.000000, -0.000100, 0.988308, -0.070273, -0.135314, -0.050842, 0.684774, -0.726964, 0.143745, 0.725360, 0.673211),

              ["LowerTorso"] = CFrame.new(-0.010820, -0.454597, -0.020954, 0.973010, 0.027050, 0.229172, -0.058015, 0.989884, 0.129479, -0.223351, -0.139280, 0.964736),

              ["RightFoot"] = CFrame.new(-0.000000, 0.029281, -0.000102, 0.980272, 0.151199, 0.127312, -0.042745, 0.791017, -0.610324, -0.192974, 0.592816, 0.781855),

              ["RightHand"] = CFrame.new(-0.000498, 0.003314, -0.000000, 0.942510, -0.156705, -0.295159, 0.208874, 0.965697, 0.154281, 0.260855, -0.207060, 0.942910),

              ["RightLowerArm"] = CFrame.new(0.000000, 0.017428, 0.000984, 1.000000, 0.000000, 0.000000, -0.000000, 0.989843, -0.142167, -0.000000, 0.142167, 0.989843),

              ["RightLowerLeg"] = CFrame.new(0.000000, 0.117758, -0.062457, 1.000000, 0.000000, 0.000000, -0.000000, 0.355209, 0.934792, 0.000000, -0.934787, 0.355195),

              ["RightUpperArm"] = CFrame.new(0.251001, -0.565624, 0.200632, -0.269301, 0.122964, 0.955174, 0.875479, 0.444506, 0.189609, -0.401265, 0.887296, -0.227358),

              ["RightUpperLeg"] = CFrame.new(0.000000, -0.000000, -0.000000, 0.916607, -0.353576, -0.186595, 0.158454, 0.749788, -0.642408, 0.367047, 0.559287, 0.743300),

              ["UpperTorso"] = CFrame.new(0.010449, 0.007086, -0.045202, 0.993859, -0.110220, -0.009757, 0.109612, 0.992745, -0.049425, 0.015133, 0.048052, 0.998730)

          }},

          {Time = 0.233, Data = {

              ["Head"] = CFrame.new(0.000000, 0.000000, -0.000000, 0.956981, -0.191079, -0.218350, 0.183565, 0.981502, -0.054392, 0.224704, 0.011971, 0.974354),

              ["LeftFoot"] = CFrame.new(-0.000000, 0.027863, -0.000002, 0.993100, -0.089710, -0.075537, 0.049891, 0.906083, -0.420169, 0.106130, 0.413479, 0.904296),

              ["LeftHand"] = CFrame.new(0.000499, 0.001627, -0.000000, 0.997090, 0.064358, -0.040858, -0.061392, 0.995649, 0.070103, 0.045192, -0.067389, 0.996703),

              ["LeftLowerArm"] = CFrame.new(-0.000500, 0.007354, 0.000165, 1.000000, -0.000000, -0.000000, 0.000000, 0.998226, -0.059535, 0.000000, 0.059535, 0.998226),

              ["LeftLowerLeg"] = CFrame.new(-0.000000, 0.113932, -0.054910, 1.000000, -0.000000, -0.000000, 0.000000, 0.432639, 0.901573, -0.000000, -0.901567, 0.432627),

              ["LeftUpperArm"] = CFrame.new(0.181202, -0.029648, 0.174237, 0.936125, 0.058021, -0.346847, 0.047273, 0.956581, 0.287608, 0.348475, -0.285634, 0.892737),

              ["LeftUpperLeg"] = CFrame.new(0.000000, -0.000000, -0.000100, 0.988729, -0.073236, -0.130587, -0.053973, 0.639199, -0.767130, 0.139653, 0.765546, 0.628060),

              ["LowerTorso"] = CFrame.new(-0.008257, -0.458443, 0.002624, 0.973195, 0.020642, 0.229052, -0.061394, 0.983138, 0.172250, -0.221635, -0.181695, 0.958053),

              ["RightFoot"] = CFrame.new(0.000000, 0.029471, -0.000102, 0.981317, 0.147179, 0.123927, -0.043848, 0.798220, -0.600792, -0.187334, 0.584108, 0.789741),

              ["RightHand"] = CFrame.new(-0.000496, 0.006359, -0.000000, 0.953781, -0.127376, -0.272173, 0.195309, 0.951096, 0.239318, 0.228377, -0.281412, 0.932013),

              ["RightLowerArm"] = CFrame.new(0.000000, 0.037058, 0.004855, 1.000000, 0.000000, 0.000000, -0.000000, 0.950525, -0.310649, -0.000000, 0.310648, 0.950525),

              ["RightLowerLeg"] = CFrame.new(0.000000, 0.118353, -0.063725, 1.000000, 0.000000, 0.000000, -0.000000, 0.342017, 0.939699, 0.000000, -0.939694, 0.342003),

              ["RightUpperArm"] = CFrame.new(0.236490, -0.571737, 0.196368, -0.240279, 0.043553, 0.969726, 0.887707, 0.414041, 0.201361, -0.392736, 0.909216, -0.138148),

              ["RightUpperLeg"] = CFrame.new(0.000000, -0.000001, -0.000000, 0.918510, -0.355320, -0.173463, 0.142438, 0.706575, -0.693138, 0.368851, 0.611964, 0.699622),

              ["UpperTorso"] = CFrame.new(0.013461, 0.011413, -0.058220, 0.994079, -0.108268, -0.009265, 0.107377, 0.991812, -0.069134, 0.016674, 0.067730, 0.997564)

          }},

          {Time = 0.267, Data = {

              ["Head"] = CFrame.new(-0.000000, -0.000000, -0.000000, 0.955909, -0.195223, -0.219378, 0.183321, 0.980297, -0.073566, 0.229417, 0.030105, 0.972863),

              ["LeftFoot"] = CFrame.new(0.000000, 0.027793, -0.000002, 0.993024, -0.090202, -0.075952, 0.052281, 0.914116, -0.402089, 0.105691, 0.395291, 0.912445),

              ["LeftHand"] = CFrame.new(0.000500, 0.000550, -0.000000, 0.996012, 0.075650, -0.047291, -0.072679, 0.995447, 0.061675, 0.051741, -0.057990, 0.996975),

              ["LeftLowerArm"] = CFrame.new(-0.000500, 0.001995, 0.000010, 1.000000, -0.000000, -0.000000, 0.000000, 0.999864, -0.016491, 0.000000, 0.016490, 0.999864),

              ["LeftLowerLeg"] = CFrame.new(-0.000000, 0.113692, -0.054520, 1.000000, -0.000000, -0.000000, 0.000000, 0.436698, 0.899614, -0.000000, -0.899608, 0.436685),

              ["LeftUpperArm"] = CFrame.new(0.184526, -0.031382, 0.165272, 0.942773, 0.053179, -0.329166, 0.043805, 0.958890, 0.280375, 0.330545, -0.278749, 0.901687),

              ["LeftUpperLeg"] = CFrame.new(0.000000, 0.000000, -0.000100, 0.989179, -0.076264, -0.125333, -0.056595, 0.589791, -0.805557, 0.135356, 0.803947, 0.579112),

              ["LowerTorso"] = CFrame.new(-0.005621, -0.460419, 0.027482, 0.973396, 0.014052, 0.228700, -0.065359, 0.973679, 0.218353, -0.219612, -0.227491, 0.948693),

              ["RightFoot"] = CFrame.new(-0.000000, 0.029616, -0.000102, 0.982407, 0.142861, 0.120291, -0.045260, 0.807017, -0.588816, -0.181185, 0.572988, 0.799266),

              ["RightHand"] = CFrame.new(-0.000494, 0.008668, -0.000000, 0.963955, -0.096850, -0.247815, 0.174648, 0.932975, 0.314734, 0.200721, -0.346667, 0.916259),

              ["RightLowerArm"] = CFrame.new(-0.000000, 0.052942, 0.010489, 1.000000, 0.000000, 0.000000, -0.000000, 0.893213, -0.449634, -0.000000, 0.449634, 0.893213),

              ["RightLowerLeg"] = CFrame.new(0.000000, 0.118794, -0.064694, 1.000000, 0.000000, 0.000000, -0.000000, 0.331933, 0.943308, 0.000000, -0.943303, 0.331919),

              ["RightUpperArm"] = CFrame.new(0.221204, -0.577647, 0.191620, -0.209707, -0.024837, 0.977449, 0.899528, 0.386929, 0.202822, -0.383240, 0.921775, -0.058800),

              ["RightUpperLeg"] = CFrame.new(0.000000, 0.000000, -0.000000, 0.920515, -0.356488, -0.159905, 0.125541, 0.657423, -0.742974, 0.369987, 0.663861, 0.649938),

              ["UpperTorso"] = CFrame.new(0.016580, 0.017135, -0.071621, 0.994273, -0.106519, -0.008658, 0.105306, 0.990306, -0.090585, 0.018223, 0.089154, 0.995851)

          }},

          {Time = 0.300, Data = {

              ["Head"] = CFrame.new(-0.000000, -0.000000, 0.000000, 0.954804, -0.199493, -0.220348, 0.182975, 0.978690, -0.093200, 0.234245, 0.048670, 0.970959),

              ["LeftFoot"] = CFrame.new(0.000000, 0.027632, -0.000002, 0.992981, -0.090479, -0.076185, 0.054815, 0.922768, -0.381460, 0.104809, 0.374585, 0.921241),

              ["LeftHand"] = CFrame.new(0.000502, -0.003445, 0.000000, 0.994782, 0.086792, -0.053635, -0.083274, 0.994426, 0.064666, 0.058948, -0.059861, 0.996465),

              ["LeftLowerArm"] = CFrame.new(-0.000500, -0.003641, 0.000019, 1.000000, -0.000000, -0.000000, 0.000000, 1.000000, -0.000001, 0.000000, -0.000000, 1.000000),

              ["LeftLowerLeg"] = CFrame.new(-0.000000, 0.113143, -0.053641, 1.000000, -0.000000, -0.000000, 0.000000, 0.445841, 0.895118, -0.000000, -0.895112, 0.445829),

              ["LeftUpperArm"] = CFrame.new(0.187936, -0.033652, 0.155508, 0.949593, 0.053690, -0.308853, 0.039265, 0.957095, 0.287103, 0.311016, -0.284758, 0.906742),

              ["LeftUpperLeg"] = CFrame.new(0.000000, -0.000000, -0.000100, 0.989646, -0.079257, -0.119666, -0.058539, 0.538343, -0.840678, 0.131051, 0.838990, 0.528148),

              ["LowerTorso"] = CFrame.new(-0.003000, -0.459997, 0.052961, 0.973606, 0.007501, 0.228113, -0.069867, 0.961275, 0.266588, -0.217280, -0.275489, 0.936427),

              ["RightFoot"] = CFrame.new(-0.000000, 0.029700, -0.000102, 0.983508, 0.138356, 0.116498, -0.046938, 0.817268, -0.574368, -0.174667, 0.559402, 0.810265),

              ["RightHand"] = CFrame.new(-0.000493, 0.010785, -0.000000, 0.972642, -0.066399, -0.222619, 0.149704, 0.911923, 0.382085, 0.177640, -0.404955, 0.896913),

              ["RightLowerArm"] = CFrame.new(-0.000000, 0.066039, 0.017033, 1.000000, 0.000000, 0.000000, 0.000000, 0.826415, -0.563061, -0.000000, 0.563061, 0.826415),

              ["RightLowerLeg"] = CFrame.new(-0.000000, 0.119045, -0.065260, 1.000000, 0.000000, 0.000000, -0.000000, 0.326050, 0.945358, 0.000000, -0.945353, 0.326035),

              ["RightUpperArm"] = CFrame.new(0.205533, -0.583084, 0.186652, -0.178366, -0.083412, 0.980422, 0.910401, 0.364033, 0.196598, -0.373304, 0.927643, 0.011008),

              ["RightUpperLeg"] = CFrame.new(0.000000, -0.000000, -0.000000, 0.922570, -0.356982, -0.146393, 0.108283, 0.603711, -0.789801, 0.370325, 0.712809, 0.595637),

              ["UpperTorso"] = CFrame.new(0.019711, 0.024300, -0.084929, 0.994429, -0.105108, -0.007942, 0.103538, 0.988137, -0.113425, 0.019770, 0.111971, 0.993515)

          }},

          {Time = 0.333, Data = {

              ["Head"] = CFrame.new(0.000000, -0.000000, -0.000000, 0.953693, -0.203780, -0.221231, 0.182532, 0.976708, -0.112797, 0.239064, 0.067192, 0.968676),

              ["LeftFoot"] = CFrame.new(-0.000000, 0.027373, -0.000002, 0.992977, -0.090504, -0.076206, 0.057408, 0.931755, -0.358541, 0.103448, 0.351628, 0.930398),

              ["LeftHand"] = CFrame.new(0.000507, -0.009992, -0.000000, 0.993482, 0.097199, -0.059550, -0.092701, 0.992930, 0.074137, 0.066335, -0.068132, 0.995469),

              ["LeftLowerArm"] = CFrame.new(-0.000500, -0.010180, 0.000055, 1.000000, -0.000000, -0.000000, 0.000000, 1.000000, -0.000001, 0.000000, -0.000000, 1.000000),

              ["LeftLowerLeg"] = CFrame.new(-0.000000, 0.112233, -0.052223, 1.000000, -0.000000, -0.000000, 0.000000, 0.460571, 0.887629, -0.000000, -0.887623, 0.460560),

              ["LeftUpperArm"] = CFrame.new(0.191292, -0.036466, 0.145214, 0.956306, 0.057128, -0.286733, 0.033638, 0.952713, 0.302005, 0.290427, -0.298454, 0.909163),

              ["LeftUpperLeg"] = CFrame.new(-0.000000, -0.000000, -0.000100, 0.990113, -0.082149, -0.113704, -0.059679, 0.486860, -0.871429, 0.126945, 0.869609, 0.477162),

              ["LowerTorso"] = CFrame.new(-0.000482, -0.456754, 0.078403, 0.973820, 0.001206, 0.227319, -0.074878, 0.945881, 0.315758, -0.214636, -0.324513, 0.921207),

              ["RightFoot"] = CFrame.new(-0.000000, 0.029712, -0.000102, 0.984589, 0.133784, 0.112649, -0.048817, 0.828721, -0.557553, -0.167936, 0.543436, 0.822463),

              ["RightHand"] = CFrame.new(-0.000491, 0.014082, -0.000000, 0.979691, -0.037440, -0.196989, 0.122477, 0.889583, 0.440051, 0.158762, -0.455237, 0.876100),

              ["RightLowerArm"] = CFrame.new(-0.000000, 0.077563, 0.023525, 1.000000, 0.000000, 0.000000, -0.000000, 0.759407, -0.650615, -0.000000, 0.650616, 0.759407),

              ["RightLowerLeg"] = CFrame.new(-0.000000, 0.119081, -0.065340, 1.000000, 0.000000, 0.000000, -0.000000, 0.325209, 0.945647, 0.000000, -0.945642, 0.325195),

              ["RightUpperArm"] = CFrame.new(0.189814, -0.587829, 0.181803, -0.146929, -0.130416, 0.980512, 0.919893, 0.346371, 0.183916, -0.363607, 0.928988, 0.069078),

              ["RightUpperLeg"] = CFrame.new(0.000000, -0.000000, -0.000000, 0.924616, -0.356796, -0.133360, 0.091176, 0.547234, -0.831986, 0.369829, 0.757121, 0.538529),

              ["UpperTorso"] = CFrame.new(0.022759, 0.032865, -0.097674, 0.994534, -0.104170, -0.007130, 0.102212, 0.985242, -0.137302, 0.021328, 0.135823, 0.990504)

          }},

          {Time = 0.367, Data = {

              ["Head"] = CFrame.new(0.000000, 0.000000, -0.000000, 0.952606, -0.207977, -0.222009, 0.182007, 0.974416, -0.131862, 0.243753, 0.085205, 0.966087),

              ["LeftFoot"] = CFrame.new(-0.000000, 0.027010, -0.000002, 0.993016, -0.090252, -0.075994, 0.059971, 0.940790, -0.333663, 0.101601, 0.326755, 0.939624),

              ["LeftHand"] = CFrame.new(0.000512, -0.017711, 0.000000, 0.992221, 0.106338, -0.064722, -0.100910, 0.991507, 0.082049, 0.072896, -0.074878, 0.994525),

              ["LeftLowerArm"] = CFrame.new(-0.000500, -0.017889, 0.000097, 1.000000, -0.000000, -0.000000, 0.000000, 1.000000, -0.000001, 0.000000, 0.000000, 1.000000),

              ["LeftLowerLeg"] = CFrame.new(-0.000000, 0.110908, -0.050244, 1.000000, -0.000000, -0.000000, 0.000000, 0.481131, 0.876655, -0.000000, -0.876649, 0.481119),

              ["LeftUpperArm"] = CFrame.new(0.194470, -0.039767, 0.134677, 0.962662, 0.060545, -0.263849, 0.027035, 0.948293, 0.316242, 0.269353, -0.311567, 0.911249),

              ["LeftUpperLeg"] = CFrame.new(-0.000000, 0.000000, -0.000100, 0.990565, -0.084913, -0.107569, -0.059937, 0.437423, -0.897247, 0.123241, 0.895238, 0.428225),

              ["LowerTorso"] = CFrame.new(0.001850, -0.450383, 0.103165, 0.974030, -0.004624, 0.226371, -0.080354, 0.927654, 0.364694, -0.211680, -0.373413, 0.903191),

              ["RightFoot"] = CFrame.new(0.000000, 0.029643, -0.000102, 0.985619, 0.129266, 0.108844, -0.050827, 0.841040, -0.538605, -0.161155, 0.525302, 0.835499),

              ["RightHand"] = CFrame.new(-0.000489, 0.016865, -0.000000, 0.985177, -0.011479, -0.171160, 0.095789, 0.864529, 0.493374, 0.142308, -0.502452, 0.852811),

              ["RightLowerArm"] = CFrame.new(-0.000000, 0.087072, 0.030178, 1.000000, 0.000000, 0.000000, -0.000000, 0.690452, -0.723378, -0.000000, 0.723378, 0.690452),

              ["RightLowerLeg"] = CFrame.new(0.000000, 0.118878, -0.064882, 1.000000, 0.000000, 0.000000, -0.000000, 0.329978, 0.943994, 0.000000, -0.943989, 0.329964),

              ["RightUpperArm"] = CFrame.new(0.174307, -0.591717, 0.177479, -0.115914, -0.171452, 0.978350, 0.927668, 0.333316, 0.168322, -0.354959, 0.927095, 0.120415),

              ["RightUpperLeg"] = CFrame.new(0.000000, 0.000000, -0.000000, 0.926596, -0.356001, -0.121184, 0.074714, 0.490074, -0.868462, 0.368562, 0.795670, 0.480716),

              ["UpperTorso"] = CFrame.new(0.025629, 0.042685, -0.109405, 0.994575, -0.103836, -0.006241, 0.101464, 0.981584, -0.161860, 0.022933, 0.160349, 0.986794)

          }},

          {Time = 0.400, Data = {

              ["Head"] = CFrame.new(-0.000000, 0.000000, 0.000000, 0.951570, -0.211973, -0.222671, 0.181425, 0.971912, -0.149907, 0.248193, 0.102249, 0.963299),

              ["LeftFoot"] = CFrame.new(-0.000000, 0.026540, -0.000002, 0.993100, -0.089710, -0.075538, 0.062417, 0.949609, -0.307180, 0.099282, 0.300326, 0.948649),

              ["LeftHand"] = CFrame.new(0.000517, -0.026282, -0.000000, 0.991121, 0.113735, -0.068876, -0.107499, 0.990273, 0.088337, 0.078252, -0.080147, 0.993707),

              ["LeftLowerArm"] = CFrame.new(-0.000499, -0.026450, 0.000144, 1.000000, -0.000000, -0.000000, 0.000000, 1.000000, -0.000001, 0.000000, -0.000000, 1.000000),

              ["LeftLowerLeg"] = CFrame.new(-0.000000, 0.109115, -0.047701, 1.000000, -0.000000, -0.000000, 0.000000, 0.507512, 0.861651, -0.000000, -0.861645, 0.507501),

              ["LeftUpperArm"] = CFrame.new(0.197371, -0.043445, 0.124190, 0.968463, 0.063786, -0.240854, 0.019680, 0.944071, 0.329155, 0.248379, -0.323514, 0.913042),

              ["LeftUpperLeg"] = CFrame.new(0.000000, -0.000001, -0.000100, 0.990987, -0.087561, -0.101384, -0.059274, 0.392078, -0.918012, 0.120132, 0.915755, 0.383374),

              ["LowerTorso"] = CFrame.new(0.003914, -0.440692, 0.126632, 0.974228, -0.009786, 0.225352, -0.086258, 0.906961, 0.412288, -0.208420, -0.421101, 0.882743),

              ["RightFoot"] = CFrame.new(-0.000000, 0.029490, -0.000102, 0.986577, 0.124917, 0.105183, -0.052903, 0.853845, -0.517856, -0.154489, 0.505316, 0.848977),

              ["RightHand"] = CFrame.new(-0.000487, 0.018901, -0.000000, 0.989355, 0.009940, -0.145183, 0.071084, 0.837532, 0.541749, 0.126979, -0.546298, 0.827907),

              ["RightLowerArm"] = CFrame.new(0.000000, 0.094536, 0.036747, 1.000000, 0.000000, 0.000000, 0.000000, 0.622312, -0.782769, -0.000000, 0.782769, 0.622313),

              ["RightLowerLeg"] = CFrame.new(0.000000, 0.118414, -0.063856, 1.000000, 0.000000, 0.000000, -0.000000, 0.340652, 0.940195, 0.000000, -0.940190, 0.340638),

              ["RightUpperArm"] = CFrame.new(0.159180, -0.594619, 0.174137, -0.085659, -0.206732, 0.974640, 0.933471, 0.325298, 0.151041, -0.348273, 0.922737, 0.165115),

              ["RightUpperLeg"] = CFrame.new(0.000000, -0.000001, -0.000000, 0.928454, -0.354735, -0.110172, 0.059349, 0.434440, -0.898733, 0.366676, 0.827904, 0.424430),

              ["UpperTorso"] = CFrame.new(0.028228, 0.053520, -0.119710, 0.994538, -0.104237, -0.005298, 0.101420, 0.977159, -0.186747, 0.024643, 0.185190, 0.982394)

          }},

          {Time = 0.433, Data = {

              ["Head"] = CFrame.new(0.000000, 0.000000, 0.000000, 0.950614, -0.215658, -0.223215, 0.180819, 0.969329, -0.166453, 0.252266, 0.117871, 0.960452),

              ["LeftFoot"] = CFrame.new(-0.000000, 0.025682, -0.000002, 0.993228, -0.088878, -0.074837, 0.064631, 0.957878, -0.279825, 0.096549, 0.273075, 0.957130),

              ["LeftHand"] = CFrame.new(0.000523, -0.035231, -0.000000, 0.990296, 0.118997, -0.071789, -0.112147, 0.989339, 0.092903, 0.082078, -0.083949, 0.993084),

              ["LeftLowerArm"] = CFrame.new(-0.000499, -0.035387, 0.000192, 1.000000, -0.000000, -0.000000, 0.000000, 1.000000, -0.000001, 0.000000, -0.000000, 1.000000),

              ["LeftLowerLeg"] = CFrame.new(-0.000000, 0.106604, -0.044705, 1.000000, -0.000000, -0.000000, 0.000000, 0.538727, 0.842487, -0.000000, -0.842480, 0.538718),

              ["LeftUpperArm"] = CFrame.new(0.199928, -0.047341, 0.114023, 0.973578, 0.066712, -0.218392, 0.011888, 0.940271, 0.340218, 0.228045, -0.333825, 0.914635),

              ["LeftUpperLeg"] = CFrame.new(0.000000, -0.000000, -0.000100, 0.991362, -0.090188, -0.095229, -0.057679, 0.352284, -0.934107, 0.117793, 0.931537, 0.344059),

              ["LowerTorso"] = CFrame.new(0.005636, -0.427603, 0.148223, 0.974403, -0.014089, 0.224366, -0.092560, 0.884371, 0.457516, -0.204869, -0.466572, 0.860430),

              ["RightFoot"] = CFrame.new(-0.000000, 0.029251, -0.000102, 0.987443, 0.120845, 0.101754, -0.054996, 0.866759, -0.495710, -0.148092, 0.483865, 0.862507),

              ["RightHand"] = CFrame.new(-0.000487, 0.020133, 0.000000, 0.992577, 0.025294, -0.118956, 0.049392, 0.809989, 0.584365, 0.111133, -0.585899, 0.802725),

              ["RightLowerArm"] = CFrame.new(0.000000, 0.100080, 0.042935, 1.000000, 0.000000, 0.000000, -0.000000, 0.558194, -0.829710, -0.000000, 0.829710, 0.558195),

              ["RightLowerLeg"] = CFrame.new(-0.000000, 0.117664, -0.062259, 1.000000, 0.000000, 0.000000, -0.000000, 0.357273, 0.934005, 0.000000, -0.934000, 0.357259),

              ["RightUpperArm"] = CFrame.new(0.144521, -0.596429, 0.172254, -0.056342, -0.236103, 0.970093, 0.937091, 0.322764, 0.132980, -0.344508, 0.916558, 0.203065),

              ["RightUpperLeg"] = CFrame.new(0.000000, -0.000000, -0.000000, 0.930136, -0.353180, -0.100558, 0.045486, 0.382518, -0.922819, 0.364387, 0.853782, 0.371877),

              ["UpperTorso"] = CFrame.new(0.030465, 0.065040, -0.128224, 0.994410, -0.105500, -0.004324, 0.102202, 0.971995, -0.211614, 0.026528, 0.209989, 0.977344)

          }},

          {Time = 0.467, Data = {

              ["Head"] = CFrame.new(0.000000, -0.000000, -0.000000, 0.949767, -0.218922, -0.223644, 0.180226, 0.966823, -0.181029, 0.255856, 0.131629, 0.957712),

              ["LeftFoot"] = CFrame.new(0.000000, 0.024661, -0.000002, 0.993397, -0.087762, -0.073897, 0.066584, 0.965538, -0.251617, 0.093427, 0.245018, 0.965002),

              ["LeftHand"] = CFrame.new(0.000529, -0.043989, 0.000000, 0.989844, 0.121815, -0.073283, -0.114609, 0.988800, 0.095604, 0.084107, -0.086232, 0.992718),

              ["LeftLowerArm"] = CFrame.new(-0.000499, -0.044134, 0.000240, 1.000000, -0.000000, -0.000000, 0.000000, 1.000000, -0.000001, 0.000000, -0.000000, 1.000000),

              ["LeftLowerLeg"] = CFrame.new(-0.000000, 0.103461, -0.041224, 1.000000, -0.000000, -0.000000, 0.000000, 0.574938, 0.818202, -0.000000, -0.818197, 0.574930),

              ["LeftUpperArm"] = CFrame.new(0.202111, -0.051273, 0.104413, 0.977945, 0.069202, -0.197067, 0.004024, 0.937098, 0.349042, 0.208825, -0.342137, 0.916152),

              ["LeftUpperLeg"] = CFrame.new(-0.000000, -0.000000, -0.000100, 0.991673, -0.092834, -0.089261, -0.055164, 0.320083, -0.945776, 0.116371, 0.942830, 0.312316),

              ["LowerTorso"] = CFrame.new(0.006942, -0.411136, 0.167406, 0.974542, -0.017355, 0.223531, -0.099235, 0.860634, 0.499461, -0.201047, -0.508928, 0.837002),

              ["RightFoot"] = CFrame.new(-0.000000, 0.028926, -0.000102, 0.988205, 0.117146, 0.098640, -0.057082, 0.879441, -0.472596, -0.142102, 0.461368, 0.875741),

              ["RightHand"] = CFrame.new(-0.000486, 0.021210, 0.000000, 0.995179, 0.033144, -0.092304, 0.031345, 0.784313, 0.619577, 0.092930, -0.619479, 0.779490),

              ["RightLowerArm"] = CFrame.new(-0.000000, 0.104251, 0.048239, 1.000000, 0.000000, 0.000000, -0.000000, 0.503104, -0.864226, -0.000000, 0.864226, 0.503105),

              ["RightLowerLeg"] = CFrame.new(0.000000, 0.116598, -0.060104, 1.000000, 0.000000, 0.000000, -0.000000, 0.379668, 0.925128, 0.000000, -0.925123, 0.379655),

              ["RightUpperArm"] = CFrame.new(0.130374, -0.597051, 0.172293, -0.028048, -0.258340, 0.965647, 0.938336, 0.326206, 0.114525, -0.344586, 0.909313, 0.233261),

              ["RightUpperLeg"] = CFrame.new(0.000000, -0.000000, -0.000000, 0.931591, -0.351541, -0.092509, 0.033471, 0.336342, -0.941138, 0.361964, 0.873666, 0.325118),

              ["UpperTorso"] = CFrame.new(0.032251, 0.076838, -0.134641, 0.994173, -0.107749, -0.003341, 0.103919, 0.966152, -0.236115, 0.028670, 0.234392, 0.971719)

          }},

          {Time = 0.500, Data = {

              ["Head"] = CFrame.new(-0.000000, 0.000000, 0.000000, 0.949056, -0.221655, -0.223967, 0.179692, 0.964570, -0.193171, 0.258850, 0.143085, 0.955261),

              ["LeftFoot"] = CFrame.new(-0.000000, 0.023554, -0.000002, 0.993602, -0.086396, -0.072747, 0.068243, 0.972468, -0.222836, 0.089990, 0.216429, 0.972138),

              ["LeftHand"] = CFrame.new(0.000534, -0.052035, 0.000000, 0.989817, 0.122040, -0.073273, -0.114771, 0.988709, 0.096343, 0.084202, -0.086951, 0.992648),

              ["LeftLowerArm"] = CFrame.new(-0.000498, -0.052171, 0.000284, 1.000000, -0.000000, -0.000000, 0.000000, 1.000000, -0.000001, 0.000000, -0.000000, 1.000000),

              ["LeftLowerLeg"] = CFrame.new(0.000000, 0.099657, -0.037321, 1.000000, -0.000000, -0.000000, 0.000000, 0.615464, 0.788171, -0.000000, -0.788165, 0.615457),

              ["LeftUpperArm"] = CFrame.new(0.203926, -0.055065, 0.095526, 0.981573, 0.071182, -0.177333, -0.003558, 0.934675, 0.355486, 0.191053, -0.348304, 0.917705),

