return {
["kream twerk 2"] = {

          {Time = 0.000, Data = {

              ["Head"] = CFrame.new(-0.000000, -0.000000, -0.000000, 1.000000, -0.000000, 0.000000, 0.000000, 1.000000, 0.000000, -0.000000, 0.000000, 1.000000),

              ["LeftFoot"] = CFrame.new(-0.000000, -0.120918, -0.000003, 0.999207, 0.030459, 0.025648, -0.037422, 0.938396, 0.343560, -0.013601, -0.344216, 0.938780),

              ["LeftHand"] = CFrame.new(0.000500, 0.000100, 0.000000, 1.000000, -0.000000, 0.000000, 0.000000, 1.000000, 0.000001, -0.000000, -0.000000, 1.000000),

              ["LeftLowerArm"] = CFrame.new(-0.000500, 0.099997, 0.099149, 1.000000, -0.000000, 0.000000, 0.000000, 0.007511, -0.999972, 0.000000, 0.999972, 0.007511),

              ["LeftLowerLeg"] = CFrame.new(-0.000000, -0.120104, -0.001491, 1.000000, 0.000000, 0.000000, -0.000000, 1.000000, -0.000007, 0.000000, -0.000010, 1.000000),

              ["LeftUpperArm"] = CFrame.new(-0.118790, -0.056125, -0.529346, -0.019032, 0.999816, -0.002520, -0.007724, -0.002667, -0.999967, -0.999789, -0.019012, 0.007773),

              ["LeftUpperLeg"] = CFrame.new(0.028684, -0.092576, 0.203244, 0.502158, 0.807470, -0.309558, -0.769376, 0.253716, -0.586248, -0.394840, 0.532559, 0.748657),

              ["LowerTorso"] = CFrame.new(0.001237, -0.919827, -2.193214, -0.999714, -0.020219, 0.012753, 0.020005, -0.415555, 0.909348, -0.013086, 0.909343, 0.415841),

              ["RightFoot"] = CFrame.new(0.000000, -0.152000, -0.000104, 0.999941, 0.008306, 0.006993, -0.010494, 0.904787, 0.425768, -0.002792, -0.425783, 0.904805),

              ["RightHand"] = CFrame.new(-0.000500, -0.000000, -0.000000, 1.000000, -0.000000, -0.000000, 0.000000, 1.000000, 0.000001, 0.000000, -0.000000, 1.000000),

              ["RightLowerArm"] = CFrame.new(0.027608, 0.184685, 0.218119, 1.000000, 0.000000, -0.000000, -0.000000, 0.055630, -0.998451, -0.000000, 0.998451, 0.055630),

              ["RightLowerLeg"] = CFrame.new(-0.000000, -0.151482, -0.002005, 1.000000, 0.000000, -0.000000, -0.000000, 1.000000, -0.000007, 0.000000, -0.000010, 1.000000),

              ["RightUpperArm"] = CFrame.new(0.103191, 0.005224, -0.607381, 0.058390, -0.996950, 0.051791, 0.049023, -0.048953, -0.997597, 0.997089, 0.060789, 0.046014),

              ["RightUpperLeg"] = CFrame.new(0.003875, -0.080489, 0.176133, 0.447175, -0.806660, 0.386434, 0.803466, 0.172421, -0.569834, 0.393035, 0.565306, 0.725230),

              ["UpperTorso"] = CFrame.new(0.014756, 0.178565, -0.380742, 0.999740, -0.009562, 0.020726, 0.018142, 0.883914, -0.467298, -0.013852, 0.467553, 0.883857)

          }},

          {Time = 0.017, Data = {

              ["Head"] = CFrame.new(-0.000000, -0.000000, -0.000000, 1.000000, -0.000000, 0.000000, 0.000000, 1.000000, 0.000000, -0.000000, 0.000000, 1.000000),

              ["LeftFoot"] = CFrame.new(-0.000000, -0.098651, -0.000003, 0.998558, 0.041073, 0.034585, -0.050287, 0.941117, 0.334353, -0.018813, -0.335578, 0.941813),

              ["LeftHand"] = CFrame.new(0.000500, 0.000100, 0.000000, 1.000000, -0.000000, 0.000000, 0.000000, 1.000000, 0.000001, -0.000000, -0.000000, 1.000000),

              ["LeftLowerArm"] = CFrame.new(-0.000500, 0.099997, 0.099149, 1.000000, -0.000000, 0.000000, 0.000000, 0.007511, -0.999972, 0.000000, 0.999972, 0.007511),

              ["LeftLowerLeg"] = CFrame.new(-0.000000, -0.097911, -0.001196, 1.000000, -0.000000, 0.000000, -0.000000, 1.000000, -0.000007, 0.000000, -0.000010, 1.000000),

              ["LeftUpperArm"] = CFrame.new(-0.118790, -0.056125, -0.529346, -0.019032, 0.999816, -0.002520, -0.007724, -0.002667, -0.999967, -0.999789, -0.019012, 0.007773),

              ["LeftUpperLeg"] = CFrame.new(0.028685, -0.092576, 0.203244, 0.551014, 0.780782, -0.294551, -0.757687, 0.320178, -0.568678, -0.349707, 0.536531, 0.768014),

              ["LowerTorso"] = CFrame.new(0.044060, -0.953966, -2.201931, -0.998004, -0.062934, -0.005253, 0.019456, -0.385533, 0.922489, -0.060081, 0.920545, 0.385987),

              ["RightFoot"] = CFrame.new(-0.000000, -0.155228, -0.000103, 0.999243, 0.029751, 0.025051, -0.037393, 0.912093, 0.408307, -0.010702, -0.408902, 0.912501),

              ["RightHand"] = CFrame.new(-0.000500, -0.000000, -0.000000, 1.000000, -0.000000, -0.000000, 0.000000, 1.000000, 0.000001, 0.000000, -0.000000, 1.000000),

              ["RightLowerArm"] = CFrame.new(0.027608, 0.184685, 0.218119, 1.000000, 0.000000, -0.000000, -0.000000, 0.055630, -0.998451, -0.000000, 0.998451, 0.055630),

              ["RightLowerLeg"] = CFrame.new(0.000000, -0.154699, -0.002047, 1.000000, -0.000000, -0.000000, -0.000000, 1.000000, -0.000007, -0.000000, -0.000010, 1.000000),

              ["RightUpperArm"] = CFrame.new(0.103191, 0.005224, -0.607381, 0.058390, -0.996950, 0.051791, 0.049023, -0.048953, -0.997597, 0.997089, 0.060789, 0.046014),

              ["RightUpperLeg"] = CFrame.new(0.003875, -0.080489, 0.176132, 0.384985, -0.842336, 0.377165, 0.834025, 0.142529, -0.532998, 0.395208, 0.519765, 0.757403),

              ["UpperTorso"] = CFrame.new(0.040627, 0.163973, -0.363774, 0.998139, -0.056515, 0.022888, 0.060827, 0.896929, -0.437972, 0.004223, 0.438549, 0.898697)

          }},

          {Time = 0.033, Data = {

              ["Head"] = CFrame.new(-0.000000, -0.000000, -0.000000, 1.000000, -0.000000, 0.000000, 0.000000, 1.000000, 0.000000, -0.000000, 0.000000, 1.000000),

              ["LeftFoot"] = CFrame.new(0.000000, -0.070933, -0.000003, 0.997364, 0.055505, 0.046738, -0.067612, 0.944691, 0.320949, -0.026336, -0.323232, 0.945943),

              ["LeftHand"] = CFrame.new(0.000500, 0.000100, 0.000000, 1.000000, -0.000000, 0.000000, 0.000000, 1.000000, 0.000001, -0.000000, -0.000000, 1.000000),

              ["LeftLowerArm"] = CFrame.new(-0.000500, 0.099997, 0.099149, 1.000000, -0.000000, 0.000000, 0.000000, 0.007511, -0.999972, 0.000000, 0.999972, 0.007511),

              ["LeftLowerLeg"] = CFrame.new(0.000000, -0.070287, -0.000831, 1.000000, -0.000000, 0.000000, -0.000000, 1.000000, -0.000007, 0.000000, -0.000010, 1.000000),

              ["LeftUpperArm"] = CFrame.new(-0.118790, -0.056125, -0.529346, -0.019032, 0.999816, -0.002520, -0.007724, -0.002667, -0.999967, -0.999789, -0.019012, 0.007773),

              ["LeftUpperLeg"] = CFrame.new(0.028685, -0.092575, 0.203245, 0.610500, 0.742500, -0.275648, -0.736894, 0.404931, -0.541309, -0.290306, 0.533596, 0.794357),

              ["LowerTorso"] = CFrame.new(0.098247, -0.998759, -2.211408, -0.992753, -0.117762, -0.023935, 0.018330, -0.345239, 0.938336, -0.118763, 0.931097, 0.344896),

              ["RightFoot"] = CFrame.new(0.000000, -0.161792, -0.000103, 0.997239, 0.056802, 0.047827, -0.070863, 0.920457, 0.384399, -0.022189, -0.386695, 0.921927),

              ["RightHand"] = CFrame.new(-0.000500, -0.000000, -0.000000, 1.000000, -0.000000, -0.000000, 0.000000, 1.000000, 0.000001, 0.000000, -0.000000, 1.000000),

              ["RightLowerArm"] = CFrame.new(0.027608, 0.184685, 0.218119, 1.000000, 0.000000, -0.000000, -0.000000, 0.055630, -0.998451, -0.000000, 0.998451, 0.055630),

              ["RightLowerLeg"] = CFrame.new(-0.000000, -0.161241, -0.002134, 1.000000, -0.000000, -0.000000, 0.000000, 1.000000, -0.000007, -0.000000, -0.000010, 1.000000),

              ["RightUpperArm"] = CFrame.new(0.103191, 0.005224, -0.607381, 0.058390, -0.996950, 0.051791, 0.049023, -0.048953, -0.997597, 0.997089, 0.060789, 0.046014),

              ["RightUpperLeg"] = CFrame.new(0.003875, -0.080488, 0.176132, 0.304233, -0.880913, 0.362534, 0.868369, 0.100000, -0.485730, 0.391635, 0.462592, 0.795384),

              ["UpperTorso"] = CFrame.new(0.072267, 0.149499, -0.340007, 0.993027, -0.115176, 0.025148, 0.115624, 0.909915, -0.398354, 0.022998, 0.398484, 0.916887)

          }},

          {Time = 0.050, Data = {

              ["Head"] = CFrame.new(-0.000000, -0.000000, -0.000000, 1.000000, -0.000000, 0.000000, 0.000000, 1.000000, 0.000000, -0.000000, 0.000000, 1.000000),

              ["LeftFoot"] = CFrame.new(0.000000, -0.039817, -0.000003, 0.995351, 0.073677, 0.062039, -0.089106, 0.948906, 0.302746, -0.036561, -0.306837, 0.951050),

              ["LeftHand"] = CFrame.new(0.000500, 0.000100, 0.000000, 1.000000, -0.000000, 0.000000, 0.000000, 1.000000, 0.000001, -0.000000, -0.000000, 1.000000),

              ["LeftLowerArm"] = CFrame.new(-0.000500, 0.099997, 0.099149, 1.000000, -0.000000, 0.000000, 0.000000, 0.007511, -0.999972, 0.000000, 0.999972, 0.007511),

              ["LeftLowerLeg"] = CFrame.new(0.000000, -0.039278, -0.000420, 1.000000, -0.000000, 0.000000, -0.000000, 1.000000, -0.000007, 0.000000, -0.000010, 1.000000),

              ["LeftUpperArm"] = CFrame.new(-0.118790, -0.056125, -0.529346, -0.019032, 0.999816, -0.002520, -0.007724, -0.002667, -0.999967, -0.999789, -0.019012, 0.007773),

              ["LeftUpperLeg"] = CFrame.new(0.028685, -0.092576, 0.203244, 0.675219, 0.692420, -0.254228, -0.704094, 0.502315, -0.501924, -0.219842, 0.517914, 0.826704),

              ["LowerTorso"] = CFrame.new(0.160334, -1.052481, -2.220015, -0.982627, -0.181471, -0.038892, 0.016798, -0.295661, 0.955145, -0.184830, 0.937898, 0.293573),

              ["RightFoot"] = CFrame.new(-0.000000, -0.172829, -0.000104, 0.993446, 0.087438, 0.073624, -0.108027, 0.928733, 0.354694, -0.037364, -0.360290, 0.932079),

              ["RightHand"] = CFrame.new(-0.000500, -0.000000, -0.000000, 1.000000, -0.000000, -0.000000, 0.000000, 1.000000, 0.000001, 0.000000, -0.000000, 1.000000),

              ["RightLowerArm"] = CFrame.new(0.027608, 0.184685, 0.218119, 1.000000, 0.000000, -0.000000, -0.000000, 0.055630, -0.998451, -0.000000, 0.998451, 0.055630),

              ["RightLowerLeg"] = CFrame.new(-0.000000, -0.172241, -0.002280, 1.000000, 0.000000, 0.000000, 0.000000, 1.000000, -0.000007, 0.000000, -0.000010, 1.000000),

              ["RightUpperArm"] = CFrame.new(0.103191, 0.005224, -0.607381, 0.058390, -0.996950, 0.051791, 0.049023, -0.048953, -0.997597, 0.997089, 0.060789, 0.046014),

              ["RightUpperLeg"] = CFrame.new(0.003875, -0.080489, 0.176132, 0.209851, -0.915642, 0.342869, 0.901312, 0.045250, -0.430798, 0.378944, 0.399439, 0.834778),

              ["UpperTorso"] = CFrame.new(0.106577, 0.138596, -0.310164, 0.983056, -0.181245, 0.027428, 0.179311, 0.919713, -0.349250, 0.038074, 0.348250, 0.936628)

          }},

          {Time = 0.067, Data = {

              ["Head"] = CFrame.new(-0.000000, -0.000000, -0.000000, 1.000000, -0.000000, 0.000000, 0.000000, 1.000000, 0.000000, -0.000000, 0.000000, 1.000000),

              ["LeftFoot"] = CFrame.new(0.000000, -0.007392, -0.000003, 0.992199, 0.095364, 0.080300, -0.114226, 0.953447, 0.279120, -0.049940, -0.286086, 0.956893),

              ["LeftHand"] = CFrame.new(0.000500, 0.000100, 0.000000, 1.000000, -0.000000, 0.000000, 0.000000, 1.000000, 0.000001, -0.000000, -0.000000, 1.000000),

              ["LeftLowerArm"] = CFrame.new(-0.000500, 0.099997, 0.099149, 1.000000, -0.000000, 0.000000, 0.000000, 0.007511, -0.999972, 0.000000, 0.999972, 0.007511),

              ["LeftLowerLeg"] = CFrame.new(-0.000000, -0.006966, 0.000008, 1.000000, 0.000000, 0.000000, 0.000000, 1.000000, -0.000007, 0.000000, -0.000010, 1.000000),

              ["LeftUpperArm"] = CFrame.new(-0.118790, -0.056125, -0.529346, -0.019032, 0.999816, -0.002520, -0.007724, -0.002667, -0.999967, -0.999789, -0.019012, 0.007773),

              ["LeftUpperLeg"] = CFrame.new(0.028684, -0.092576, 0.203244, 0.739865, 0.631422, -0.232173, -0.657481, 0.605522, -0.448395, -0.142542, 0.484406, 0.863155),

              ["LowerTorso"] = CFrame.new(0.226562, -1.113373, -2.226403, -0.967113, -0.250101, -0.046281, 0.015037, -0.237864, 0.971182, -0.253902, 0.938547, 0.233802),

              ["RightFoot"] = CFrame.new(0.000000, -0.188782, -0.000104, 0.987728, 0.119473, 0.100597, -0.145841, 0.936026, 0.320321, -0.055892, -0.331030, 0.941953),

              ["RightHand"] = CFrame.new(-0.000500, -0.000000, -0.000000, 1.000000, -0.000000, -0.000000, 0.000000, 1.000000, 0.000001, 0.000000, -0.000000, 1.000000),

              ["RightLowerArm"] = CFrame.new(0.027608, 0.184685, 0.218119, 1.000000, 0.000000, -0.000000, -0.000000, 0.055630, -0.998451, -0.000000, 0.998451, 0.055630),

              ["RightLowerLeg"] = CFrame.new(-0.000000, -0.188143, -0.002491, 1.000000, 0.000000, 0.000000, -0.000000, 1.000000, -0.000007, 0.000000, -0.000011, 1.000000),

              ["RightUpperArm"] = CFrame.new(0.103191, 0.005224, -0.607381, 0.058390, -0.996950, 0.051791, 0.049023, -0.048953, -0.997597, 0.997089, 0.060789, 0.046014),

              ["RightUpperLeg"] = CFrame.new(0.003875, -0.080489, 0.176132, 0.108098, -0.941406, 0.319480, 0.928479, -0.019253, -0.370884, 0.355306, 0.336726, 0.871996),

              ["UpperTorso"] = CFrame.new(0.140524, 0.133772, -0.275910, 0.967704, -0.250340, 0.029653, 0.247931, 0.923855, -0.291587, 0.045601, 0.289522, 0.956085)

          }},

          {Time = 0.083, Data = {

              ["Head"] = CFrame.new(-0.000000, -0.000000, -0.000000, 1.000000, -0.000000, 0.000000, 0.000000, 1.000000, 0.000000, -0.000000, 0.000000, 1.000000),

              ["LeftFoot"] = CFrame.new(-0.000000, 0.006516, -0.000003, 0.987615, 0.120019, 0.101060, -0.133750, 0.980738, 0.142368, -0.082020, -0.154106, 0.984641),

              ["LeftHand"] = CFrame.new(0.000500, 0.000100, 0.000000, 1.000000, -0.000000, 0.000000, 0.000000, 1.000000, 0.000001, -0.000000, -0.000000, 1.000000),

              ["LeftLowerArm"] = CFrame.new(-0.000500, 0.099997, 0.099149, 1.000000, -0.000000, 0.000000, 0.000000, 0.007511, -0.999972, 0.000000, 0.999972, 0.007511),

              ["LeftLowerLeg"] = CFrame.new(-0.000000, 0.029825, -0.002570, 1.000000, 0.000000, 0.000000, -0.000000, 0.972744, 0.231866, 0.000000, -0.231881, 0.972748),

              ["LeftUpperArm"] = CFrame.new(-0.118790, -0.056125, -0.529346, -0.019032, 0.999816, -0.002520, -0.007724, -0.002667, -0.999967, -0.999789, -0.019012, 0.007773),

              ["LeftUpperLeg"] = CFrame.new(0.028685, -0.092576, 0.203244, 0.799589, 0.531489, -0.279595, -0.597180, 0.654444, -0.463759, -0.063506, 0.537795, 0.840687),

              ["LowerTorso"] = CFrame.new(0.292909, -1.179629, -2.229691, -0.946752, -0.319033, -0.043349, 0.013218, -0.173038, 0.984827, -0.321693, 0.931813, 0.168041),

              ["RightFoot"] = CFrame.new(0.000000, -0.209046, -0.000104, 0.980380, 0.150783, 0.126961, -0.181482, 0.941852, 0.282837, -0.076931, -0.300299, 0.950728),

              ["RightHand"] = CFrame.new(-0.000500, -0.000000, -0.000000, 1.000000, -0.000000, -0.000000, 0.000000, 1.000000, 0.000001, 0.000000, -0.000000, 1.000000),

              ["RightLowerArm"] = CFrame.new(0.027608, 0.184685, 0.218119, 1.000000, 0.000000, -0.000000, -0.000000, 0.055630, -0.998451, -0.000000, 0.998451, 0.055630),

              ["RightLowerLeg"] = CFrame.new(-0.000000, -0.208342, -0.002759, 1.000000, 0.000000, -0.000000, -0.000000, 1.000000, -0.000007, 0.000000, -0.000010, 1.000000),

              ["RightUpperArm"] = CFrame.new(0.103191, 0.005224, -0.607381, 0.058390, -0.996950, 0.051791, 0.049023, -0.048953, -0.997597, 0.997089, 0.060789, 0.046014),

              ["RightUpperLeg"] = CFrame.new(0.003875, -0.080490, 0.176133, 0.006029, -0.955704, 0.294264, 0.947155, -0.088923, -0.308203, 0.320720, 0.280575, 0.904666),

              ["UpperTorso"] = CFrame.new(0.171477, 0.136064, -0.239699, 0.947502, -0.318171, 0.031745, 0.316870, 0.921032, -0.226480, 0.042821, 0.224650, 0.973498)

          }},

          {Time = 0.100, Data = {

              ["Head"] = CFrame.new(-0.000000, -0.000000, -0.000000, 1.000000, -0.000000, 0.000000, 0.000000, 1.000000, 0.000000, -0.000000, 0.000000, 1.000000),

              ["LeftFoot"] = CFrame.new(-0.000000, 0.010768, -0.000003, 0.981465, 0.146598, 0.123441, -0.148962, 0.988792, 0.010087, -0.120569, -0.028287, 0.992301),

              ["LeftHand"] = CFrame.new(0.000500, 0.000100, 0.000000, 1.000000, -0.000000, 0.000000, 0.000000, 1.000000, 0.000001, -0.000000, -0.000000, 1.000000),

              ["LeftLowerArm"] = CFrame.new(-0.000500, 0.099997, 0.099149, 1.000000, -0.000000, 0.000000, 0.000000, 0.007511, -0.999972, 0.000000, 0.999972, 0.007511),

              ["LeftLowerLeg"] = CFrame.new(-0.000000, 0.053131, -0.009339, 1.000000, -0.000000, -0.000000, 0.000000, 0.904097, 0.427318, -0.000000, -0.427327, 0.904101),

              ["LeftUpperArm"] = CFrame.new(-0.118790, -0.056125, -0.529346, -0.019032, 0.999816, -0.002520, -0.007724, -0.002667, -0.999967, -0.999789, -0.019012, 0.007773),

              ["LeftUpperLeg"] = CFrame.new(0.028685, -0.092576, 0.203244, 0.850479, 0.429944, -0.303035, -0.525876, 0.707937, -0.471454, 0.011829, 0.560334, 0.828191),

              ["LowerTorso"] = CFrame.new(0.355212, -1.249389, -2.229578, -0.923177, -0.383293, -0.028834, 0.011494, -0.102508, 0.994666, -0.384204, 0.917921, 0.099039),

              ["RightFoot"] = CFrame.new(-0.000000, -0.231975, -0.000104, 0.972051, 0.179588, 0.151216, -0.212757, 0.946162, 0.243983, -0.099256, -0.269307, 0.957918),

              ["RightHand"] = CFrame.new(-0.000500, -0.000000, -0.000000, 1.000000, -0.000000, -0.000000, 0.000000, 1.000000, 0.000001, 0.000000, -0.000000, 1.000000),

              ["RightLowerArm"] = CFrame.new(0.027608, 0.184685, 0.218119, 1.000000, 0.000000, -0.000000, -0.000000, 0.055630, -0.998451, -0.000000, 0.998451, 0.055630),

              ["RightLowerLeg"] = CFrame.new(0.000000, -0.231197, -0.003063, 1.000000, -0.000000, 0.000000, -0.000000, 1.000000, -0.000007, -0.000000, -0.000011, 1.000000),

              ["RightUpperArm"] = CFrame.new(0.103191, 0.005224, -0.607381, 0.058390, -0.996950, 0.051791, 0.049023, -0.048953, -0.997597, 0.997089, 0.060789, 0.046014),

              ["RightUpperLeg"] = CFrame.new(0.003875, -0.080489, 0.176132, -0.089428, -0.958975, 0.269013, 0.956790, -0.157748, -0.244268, 0.276686, 0.235549, 0.931647),

              ["UpperTorso"] = CFrame.new(0.197528, 0.144799, -0.204309, 0.924074, -0.380732, 0.033629, 0.381153, 0.911381, -0.155267, 0.028467, 0.156296, 0.987300)

          }},

          {Time = 0.117, Data = {

              ["Head"] = CFrame.new(-0.000000, -0.000000, -0.000000, 1.000000, -0.000000, 0.000000, 0.000000, 1.000000, 0.000000, -0.000000, 0.000000, 1.000000),

              ["LeftFoot"] = CFrame.new(-0.000000, 0.013495, -0.000003, 0.973957, 0.173444, 0.146045, -0.160214, 0.982203, -0.098027, -0.160436, 0.072068, 0.984409),

              ["LeftHand"] = CFrame.new(0.000500, 0.000100, 0.000000, 1.000000, -0.000000, 0.000000, 0.000000, 1.000000, 0.000001, -0.000000, -0.000000, 1.000000),

              ["LeftLowerArm"] = CFrame.new(-0.000500, 0.099997, 0.099149, 1.000000, -0.000000, 0.000000, 0.000000, 0.007511, -0.999972, 0.000000, 0.999972, 0.007511),

              ["LeftLowerLeg"] = CFrame.new(-0.000000, 0.068040, -0.016340, 1.000000, -0.000000, -0.000000, 0.000000, 0.832779, 0.553603, -0.000000, -0.553605, 0.832781),

              ["LeftUpperArm"] = CFrame.new(-0.118790, -0.056125, -0.529346, -0.019032, 0.999816, -0.002520, -0.007724, -0.002667, -0.999967, -0.999789, -0.019012, 0.007773),

              ["LeftUpperLeg"] = CFrame.new(0.028684, -0.092576, 0.203244, 0.890039, 0.341125, -0.302427, -0.449070, 0.770311, -0.452707, 0.078532, 0.538753, 0.838805),

              ["LowerTorso"] = CFrame.new(0.409334, -1.320736, -2.226353, -0.898982, -0.437973, -0.003163, 0.009995, -0.027735, 0.999565, -0.437871, 0.898560, 0.029311),

              ["RightFoot"] = CFrame.new(0.000000, -0.254983, -0.000104, 0.963558, 0.204624, 0.172297, -0.238305, 0.949231, 0.205388, -0.121520, -0.238935, 0.963395),

              ["RightHand"] = CFrame.new(-0.000500, -0.000000, -0.000000, 1.000000, -0.000000, -0.000000, 0.000000, 1.000000, 0.000001, 0.000000, -0.000000, 1.000000),

              ["RightLowerArm"] = CFrame.new(0.027608, 0.184685, 0.218119, 1.000000, 0.000000, -0.000000, -0.000000, 0.055630, -0.998451, -0.000000, 0.998451, 0.055630),

              ["RightLowerLeg"] = CFrame.new(0.000000, -0.254131, -0.003367, 1.000000, 0.000000, 0.000000, -0.000000, 1.000000, -0.000007, -0.000000, -0.000011, 1.000000),

              ["RightUpperArm"] = CFrame.new(0.103191, 0.005224, -0.607381, 0.058390, -0.996950, 0.051791, 0.049023, -0.048953, -0.997597, 0.997089, 0.060789, 0.046014),

              ["RightUpperLeg"] = CFrame.new(0.003875, -0.080489, 0.176132, -0.172284, -0.954140, 0.244812, 0.958912, -0.219320, -0.179959, 0.225401, 0.203753, 0.952723),

              ["UpperTorso"] = CFrame.new(0.217693, 0.157671, -0.172231, 0.900006, -0.434453, 0.035227, 0.435868, 0.896492, -0.079502, 0.002959, 0.086906, 0.996212)

          }},

          {Time = 0.133, Data = {

              ["Head"] = CFrame.new(-0.000000, -0.000000, -0.000000, 1.000000, -0.000000, 0.000000, 0.000000, 1.000000, 0.000000, -0.000000, 0.000000, 1.000000),

              ["LeftFoot"] = CFrame.new(-0.000000, 0.016215, -0.000003, 0.965838, 0.198239, 0.166923, -0.166323, 0.968106, -0.187382, -0.198732, 0.153204, 0.968000),

              ["LeftHand"] = CFrame.new(0.000500, 0.000100, 0.000000, 1.000000, -0.000000, 0.000000, 0.000000, 1.000000, 0.000001, -0.000000, -0.000000, 1.000000),

              ["LeftLowerArm"] = CFrame.new(-0.000500, 0.099997, 0.099149, 1.000000, -0.000000, 0.000000, 0.000000, 0.007511, -0.999972, 0.000000, 0.999972, 0.007511),

              ["LeftLowerLeg"] = CFrame.new(-0.000000, 0.078265, -0.022050, 1.000000, -0.000000, -0.000000, 0.000000, 0.774087, 0.633079, -0.000000, -0.633079, 0.774087),

              ["LeftUpperArm"] = CFrame.new(-0.118790, -0.056125, -0.529346, -0.019032, 0.999816, -0.002520, -0.007724, -0.002667, -0.999967, -0.999789, -0.019012, 0.007773),

              ["LeftUpperLeg"] = CFrame.new(0.028685, -0.092576, 0.203245, 0.917476, 0.270172, -0.291962, -0.374841, 0.832881, -0.407173, 0.133162, 0.483028, 0.865430),

              ["LowerTorso"] = CFrame.new(0.451329, -1.391711, -2.220773, -0.877442, -0.478642, 0.031575, 0.008823, 0.049710, 0.998725, -0.479602, 0.876602, -0.039395),

              ["RightFoot"] = CFrame.new(0.000000, -0.274891, -0.000104, 0.955707, 0.225141, 0.189573, -0.257540, 0.951494, 0.168353, -0.142470, -0.209692, 0.967326),

              ["RightHand"] = CFrame.new(-0.000500, -0.000000, -0.000000, 1.000000, -0.000000, -0.000000, 0.000000, 1.000000, 0.000001, 0.000000, -0.000000, 1.000000),

              ["RightLowerArm"] = CFrame.new(0.027608, 0.184685, 0.218119, 1.000000, 0.000000, -0.000000, -0.000000, 0.055630, -0.998451, -0.000000, 0.998451, 0.055630),

              ["RightLowerLeg"] = CFrame.new(0.000000, -0.273976, -0.003631, 1.000000, -0.000000, -0.000000, 0.000000, 1.000000, -0.000008, -0.000000, -0.000011, 1.000000),

              ["RightUpperArm"] = CFrame.new(0.103191, 0.005224, -0.607381, 0.058390, -0.996950, 0.051791, 0.049023, -0.048953, -0.997597, 0.997089, 0.060789, 0.046014),

              ["RightUpperLeg"] = CFrame.new(0.003875, -0.080489, 0.176133, -0.237837, -0.945650, 0.221759, 0.956518, -0.267717, -0.115761, 0.168841, 0.184588, 0.968206),

              ["UpperTorso"] = CFrame.new(0.231873, 0.171118, -0.145093, 0.878563, -0.476232, 0.036463, 0.476578, 0.879132, -0.000919, -0.031618, 0.018185, 0.999335)

          }},

          {Time = 0.150, Data = {

              ["Head"] = CFrame.new(-0.000000, -0.000000, -0.000000, 1.000000, -0.000000, 0.000000, 0.000000, 1.000000, 0.000000, -0.000000, 0.000000, 1.000000),

              ["LeftFoot"] = CFrame.new(0.000000, 0.018493, -0.000003, 0.958514, 0.218051, 0.183604, -0.165988, 0.950583, -0.262391, -0.231730, 0.221011, 0.947334),

              ["LeftHand"] = CFrame.new(0.000500, 0.000100, 0.000000, 1.000000, -0.000000, 0.000000, 0.000000, 1.000000, 0.000001, -0.000000, -0.000000, 1.000000),

              ["LeftLowerArm"] = CFrame.new(-0.000500, 0.099997, 0.099149, 1.000000, -0.000000, 0.000000, 0.000000, 0.007511, -0.999972, 0.000000, 0.999972, 0.007511),

              ["LeftLowerLeg"] = CFrame.new(0.000000, 0.085097, -0.026224, 1.000000, -0.000000, -0.000000, 0.000000, 0.730859, 0.682531, -0.000000, -0.682528, 0.730856),

              ["LeftUpperArm"] = CFrame.new(-0.118790, -0.056125, -0.529346, -0.019032, 0.999816, -0.002520, -0.007724, -0.002667, -0.999967, -0.999789, -0.019012, 0.007773),

              ["LeftUpperLeg"] = CFrame.new(0.028685, -0.092576, 0.203244, 0.933513, 0.222613, -0.281060, -0.313147, 0.888000, -0.336722, 0.174622, 0.402368, 0.898679),

              ["LowerTorso"] = CFrame.new(0.477541, -1.460323, -2.213855, -0.862115, -0.501595, 0.071835, 0.008060, 0.128175, 0.991719, -0.506649, 0.855555, -0.106459),

              ["RightFoot"] = CFrame.new(0.000000, -0.288288, -0.000104, 0.949193, 0.240726, 0.202696, -0.270365, 0.953423, 0.133779, -0.161046, -0.181759, 0.970061),

              ["RightHand"] = CFrame.new(-0.000500, -0.000000, -0.000000, 1.000000, -0.000000, -0.000000, 0.000000, 1.000000, 0.000001, 0.000000, -0.000000, 1.000000),

              ["RightLowerArm"] = CFrame.new(0.027608, 0.184685, 0.218119, 1.000000, 0.000000, -0.000000, -0.000000, 0.055630, -0.998451, -0.000000, 0.998451, 0.055630),

              ["RightLowerLeg"] = CFrame.new(-0.000000, -0.287329, -0.003808, 1.000000, -0.000000, 0.000000, -0.000000, 1.000000, -0.000007, 0.000000, -0.000011, 1.000000),

              ["RightUpperArm"] = CFrame.new(0.103191, 0.005224, -0.607381, 0.058390, -0.996950, 0.051791, 0.049023, -0.048953, -0.997597, 0.997089, 0.060789, 0.046014),

              ["RightUpperLeg"] = CFrame.new(0.003875, -0.080489, 0.176132, -0.282452, -0.938412, 0.199001, 0.953178, -0.297914, -0.051955, 0.108043, 0.175012, 0.978621),

              ["UpperTorso"] = CFrame.new(0.240550, 0.180891, -0.123275, 0.863300, -0.503314, 0.037261, 0.499569, 0.862698, 0.078628, -0.071720, -0.049265, 0.996207)

          }},

          {Time = 0.167, Data = {

              ["Head"] = CFrame.new(-0.000000, -0.000000, -0.000000, 1.000000, -0.000000, 0.000000, 0.000000, 1.000000, 0.000000, -0.000000, 0.000000, 1.000000),

              ["LeftFoot"] = CFrame.new(0.000000, 0.019839, -0.000003, 0.953987, 0.229373, 0.193138, -0.158474, 0.932466, -0.324661, -0.254547, 0.279096, 0.925901),

              ["LeftHand"] = CFrame.new(0.000500, 0.000100, 0.000000, 1.000000, -0.000000, 0.000000, 0.000000, 1.000000, 0.000001, -0.000000, -0.000000, 1.000000),

              ["LeftLowerArm"] = CFrame.new(-0.000500, 0.099997, 0.099149, 1.000000, -0.000000, 0.000000, 0.000000, 0.007511, -0.999972, 0.000000, 0.999972, 0.007511),

              ["LeftLowerLeg"] = CFrame.new(-0.000000, 0.089032, -0.028882, 1.000000, -0.000000, -0.000000, 0.000000, 0.703265, 0.710931, -0.000000, -0.710928, 0.703261),

              ["LeftUpperArm"] = CFrame.new(-0.118790, -0.056125, -0.529346, -0.019032, 0.999816, -0.002520, -0.007724, -0.002667, -0.999967, -0.999789, -0.019012, 0.007773),

              ["LeftUpperLeg"] = CFrame.new(0.028684, -0.092576, 0.203245, 0.939442, 0.205846, -0.273995, -0.274907, 0.930033, -0.243833, 0.204632, 0.304412, 0.930308),

              ["LowerTorso"] = CFrame.new(0.484616, -1.524565, -2.206582, -0.856365, -0.503883, 0.112874, 0.007785, 0.205967, 0.978528, -0.516312, 0.838856, -0.172461),

              ["RightFoot"] = CFrame.new(0.000000, -0.291834, -0.000104, 0.944626, 0.251017, 0.211362, -0.276774, 0.955486, 0.102221, -0.176289, -0.155036, 0.972048),

              ["RightHand"] = CFrame.new(-0.000500, -0.000000, -0.000000, 1.000000, -0.000000, -0.000000, 0.000000, 1.000000, 0.000001, 0.000000, -0.000000, 1.000000),

              ["RightLowerArm"] = CFrame.new(0.027608, 0.184685, 0.218119, 1.000000, 0.000000, -0.000000, -0.000000, 0.055630, -0.998451, -0.000000, 0.998451, 0.055630),

              ["RightLowerLeg"] = CFrame.new(0.000000, -0.290866, -0.003855, 1.000000, 0.000000, 0.000000, 0.000000, 1.000000, -0.000008, -0.000000, -0.000011, 1.000000),

              ["RightUpperArm"] = CFrame.new(0.103191, 0.005224, -0.607381, 0.058390, -0.996950, 0.051791, 0.049023, -0.048953, -0.997597, 0.997089, 0.060789, 0.046014),

              ["RightUpperLeg"] = CFrame.new(0.003875, -0.080490, 0.176132, -0.302892, -0.936831, 0.174936, 0.952064, -0.305686, 0.011415, 0.042785, 0.170012, 0.984514),

              ["UpperTorso"] = CFrame.new(0.244206, 0.182698, -0.105809, 0.857573, -0.512991, 0.037544, 0.501886, 0.850518, 0.157254, -0.112602, -0.116014, 0.986844)

          }},

          {Time = 0.183, Data = {

              ["Head"] = CFrame.new(-0.000000, -0.000000, -0.000000, 1.000000, -0.000000, 0.000000, 0.000000, 1.000000, 0.000000, -0.000000, 0.000000, 1.000000),

              ["LeftFoot"] = CFrame.new(-0.000000, 0.020465, -0.000003, 0.953309, 0.231020, 0.194524, -0.145463, 0.915697, -0.374640, -0.264657, 0.328829, 0.906535),

              ["LeftHand"] = CFrame.new(0.000500, 0.000100, 0.000000, 1.000000, -0.000000, 0.000000, 0.000000, 1.000000, 0.000001, -0.000000, -0.000000, 1.000000),

              ["LeftLowerArm"] = CFrame.new(-0.000500, 0.099997, 0.099149, 1.000000, -0.000000, 0.000000, 0.000000, 0.007511, -0.999972, 0.000000, 0.999972, 0.007511),

              ["LeftLowerLeg"] = CFrame.new(0.000000, 0.090806, -0.030136, 1.000000, -0.000000, -0.000000, 0.000000, 0.690230, 0.723595, -0.000000, -0.723590, 0.690225),

              ["LeftUpperArm"] = CFrame.new(-0.118790, -0.056125, -0.529346, -0.019032, 0.999816, -0.002520, -0.007724, -0.002667, -0.999967, -0.999789, -0.019012, 0.007773),

              ["LeftUpperLeg"] = CFrame.new(0.028685, -0.092576, 0.203245, 0.937282, 0.220084, -0.270304, -0.263053, 0.955395, -0.134226, 0.228706, 0.196934, 0.953373),

              ["LowerTorso"] = CFrame.new(0.474398, -1.582745, -2.199473, -0.860342, -0.487286, 0.149546, 0.007451, 0.281337, 0.959580, -0.509663, 0.826681, -0.238415),

              ["RightFoot"] = CFrame.new(0.000000, -0.285511, -0.000104, 0.942107, 0.256497, 0.215976, -0.277651, 0.957864, 0.073565, -0.188000, -0.129250, 0.973623),

              ["RightHand"] = CFrame.new(-0.000500, -0.000000, -0.000000, 1.000000, -0.000000, -0.000000, 0.000000, 1.000000, 0.000001, 0.000000, -0.000000, 1.000000),

              ["RightLowerArm"] = CFrame.new(0.027608, 0.184685, 0.218119, 1.000000, 0.000000, -0.000000, -0.000000, 0.055630, -0.998451, -0.000000, 0.998451, 0.055630),

              ["RightLowerLeg"] = CFrame.new(-0.000000, -0.284563, -0.003771, 1.000000, -0.000000, 0.000000, -0.000000, 1.000000, -0.000008, -0.000000, -0.000011, 1.000000),

              ["RightUpperArm"] = CFrame.new(0.103191, 0.005224, -0.607381, 0.058390, -0.996950, 0.051791, 0.049023, -0.048953, -0.997597, 0.997089, 0.060789, 0.046014),

              ["RightUpperLeg"] = CFrame.new(0.003875, -0.080489, 0.176133, -0.301115, -0.942037, 0.147971, 0.953210, -0.292978, 0.074534, -0.026859, 0.163494, 0.986179),

              ["UpperTorso"] = CFrame.new(0.244045, 0.176415, -0.091106, 0.861534, -0.506363, 0.036827, 0.485308, 0.842671, 0.233200, -0.149117, -0.183038, 0.971731)

          }},

          {Time = 0.200, Data = {

              ["Head"] = CFrame.new(-0.000000, -0.000000, -0.000000, 1.000000, -0.000000, 0.000000, 0.000000, 1.000000, 0.000000, -0.000000, 0.000000, 1.000000),

              ["LeftFoot"] = CFrame.new(-0.000000, 0.020498, -0.000003, 0.956046, 0.224304, 0.188868, -0.129792, 0.901270, -0.413381, -0.262928, 0.370675, 0.890755),

              ["LeftHand"] = CFrame.new(0.000500, 0.000100, 0.000000, 1.000000, -0.000000, 0.000000, 0.000000, 1.000000, 0.000001, -0.000000, -0.000000, 1.000000),

              ["LeftLowerArm"] = CFrame.new(-0.000500, 0.099997, 0.099149, 1.000000, -0.000000, 0.000000, 0.000000, 0.007511, -0.999972, 0.000000, 0.999972, 0.007511),

              ["LeftLowerLeg"] = CFrame.new(0.000000, 0.090897, -0.030201, 1.000000, -0.000000, 0.000000, 0.000000, 0.689553, 0.724239, -0.000000, -0.724235, 0.689549),

              ["LeftUpperArm"] = CFrame.new(-0.118790, -0.056125, -0.529346, -0.019032, 0.999816, -0.002520, -0.007724, -0.002667, -0.999967, -0.999789, -0.019012, 0.007773),

              ["LeftUpperLeg"] = CFrame.new(0.028685, -0.092577, 0.203245, 0.928488, 0.258472, -0.266645, -0.272310, 0.962083, -0.015597, 0.252502, 0.087114, 0.963669),

              ["LowerTorso"] = CFrame.new(0.452024, -1.634469, -2.192299, -0.871305, -0.457144, 0.178459, 0.006556, 0.352775, 0.935685, -0.490699, 0.816437, -0.304378),

              ["RightFoot"] = CFrame.new(-0.000000, -0.272021, -0.000104, 0.941386, 0.258043, 0.217278, -0.274186, 0.960519, 0.047219, -0.196508, -0.104006, 0.974967),

              ["RightHand"] = CFrame.new(-0.000500, -0.000000, -0.000000, 1.000000, -0.000000, -0.000000, 0.000000, 1.000000, 0.000001, 0.000000, -0.000000, 1.000000),

              ["RightLowerArm"] = CFrame.new(0.027608, 0.184685, 0.218119, 1.000000, 0.000000, -0.000000, -0.000000, 0.055630, -0.998451, -0.000000, 0.998451, 0.055630),

              ["RightLowerLeg"] = CFrame.new(-0.000000, -0.271115, -0.003593, 1.000000, 0.000000, 0.000000, -0.000000, 1.000000, -0.000008, 0.000000, -0.000011, 1.000000),

              ["RightUpperArm"] = CFrame.new(0.103191, 0.005224, -0.607381, 0.058390, -0.996950, 0.051791, 0.049023, -0.048953, -0.997597, 0.997089, 0.060789, 0.046014),

              ["RightUpperLeg"] = CFrame.new(0.003875, -0.080489, 0.176132, -0.282572, -0.952013, 0.117576, 0.954052, -0.266184, 0.137586, -0.099684, 0.151056, 0.983487),

              ["UpperTorso"] = CFrame.new(0.240962, 0.165010, -0.077608, 0.872452, -0.487456, 0.034840, 0.455180, 0.836492, 0.305111, -0.177871, -0.250336, 0.951679)

          }},

          {Time = 0.217, Data = {

              ["Head"] = CFrame.new(-0.000000, -0.000000, -0.000000, 1.000000, -0.000000, 0.000000, 0.000000, 1.000000, 0.000000, -0.000000, 0.000000, 1.000000),

              ["LeftFoot"] = CFrame.new(0.000000, 0.019945, -0.000003, 0.961867, 0.209233, 0.176178, -0.112976, 0.890491, -0.440774, -0.249094, 0.404038, 0.880159),

              ["LeftHand"] = CFrame.new(0.000500, 0.000100, 0.000000, 1.000000, -0.000000, 0.000000, 0.000000, 1.000000, 0.000001, -0.000000, -0.000000, 1.000000),

              ["LeftLowerArm"] = CFrame.new(-0.000500, 0.099997, 0.099149, 1.000000, -0.000000, 0.000000, 0.000000, 0.007511, -0.999972, 0.000000, 0.999972, 0.007511),

              ["LeftLowerLeg"] = CFrame.new(0.000000, 0.089332, -0.029092, 1.000000, -0.000000, -0.000000, 0.000000, 0.701086, 0.713081, -0.000000, -0.713077, 0.701082),

              ["LeftUpperArm"] = CFrame.new(-0.118790, -0.056125, -0.529346, -0.019032, 0.999816, -0.002520, -0.007724, -0.002667, -0.999967, -0.999789, -0.019012, 0.007773),

              ["LeftUpperLeg"] = CFrame.new(0.028685, -0.092576, 0.203244, 0.911941, 0.318324, -0.258902, -0.300537, 0.947781, 0.106733, 0.279358, -0.019502, 0.959988),

              ["LowerTorso"] = CFrame.new(0.419294, -1.679717, -2.184701, -0.887515, -0.416380, 0.197343, 0.005271, 0.419079, 0.907934, -0.460748, 0.806846, -0.369744),

              ["RightFoot"] = CFrame.new(-0.000000, -0.252389, -0.000104, 0.942556, 0.255531, 0.215164, -0.266463, 0.963574, 0.022923, -0.201461, -0.078921, 0.976309),

              ["RightHand"] = CFrame.new(-0.000500, -0.000000, -0.000000, 1.000000, -0.000000, -0.000000, 0.000000, 1.000000, 0.000001, 0.000000, -0.000000, 1.000000),

              ["RightLowerArm"] = CFrame.new(0.027608, 0.184685, 0.218119, 1.000000, 0.000000, -0.000000, -0.000000, 0.055630, -0.998451, -0.000000, 0.998451, 0.055630),

              ["RightLowerLeg"] = CFrame.new(0.000000, -0.251545, -0.003333, 1.000000, -0.000000, -0.000000, 0.000000, 1.000000, -0.000007, 0.000000, -0.000011, 1.000000),

              ["RightUpperArm"] = CFrame.new(0.103191, 0.005224, -0.607381, 0.058390, -0.996950, 0.051791, 0.049023, -0.048953, -0.997597, 0.997089, 0.060789, 0.046014),

              ["RightUpperLeg"] = CFrame.new(0.003875, -0.080489, 0.176132, -0.248619, -0.964975, 0.083730, 0.952719, -0.228036, 0.200813, -0.174683, 0.129701, 0.976045),

              ["UpperTorso"] = CFrame.new(0.234285, 0.149551, -0.063889, 0.888593, -0.457591, 0.031830, 0.414430, 0.830644, 0.371857, -0.196598, -0.317239, 0.927744)

          }},

          {Time = 0.233, Data = {

              ["Head"] = CFrame.new(-0.000000, -0.000000, -0.000000, 1.000000, -0.000000, 0.000000, 0.000000, 1.000000, 0.000000, -0.000000, 0.000000, 1.000000),

              ["LeftFoot"] = CFrame.new(0.000000, 0.018803, -0.000003, 0.969931, 0.186181, 0.156768, -0.096050, 0.884619, -0.456340, -0.223627, 0.427536, 0.875887),

              ["LeftHand"] = CFrame.new(0.000500, 0.000100, 0.000000, 1.000000, -0.000000, 0.000000, 0.000000, 1.000000, 0.000001, -0.000000, -0.000000, 1.000000),

              ["LeftLowerArm"] = CFrame.new(-0.000500, 0.099997, 0.099149, 1.000000, -0.000000, 0.000000, 0.000000, 0.007511, -0.999972, 0.000000, 0.999972, 0.007511),

              ["LeftLowerLeg"] = CFrame.new(-0.000000, 0.086016, -0.026830, 1.000000, -0.000000, -0.000000, 0.000000, 0.724582, 0.689192, -0.000000, -0.689189, 0.724579),

              ["LeftUpperArm"] = CFrame.new(-0.118790, -0.056125, -0.529346, -0.019032, 0.999816, -0.002520, -0.007724, -0.002667, -0.999967, -0.999789, -0.019012, 0.007773),

              ["LeftUpperLeg"] = CFrame.new(0.028684, -0.092576, 0.203244, 0.885704, 0.395497, -0.243121, -0.344447, 0.910942, 0.227045, 0.311264, -0.117331, 0.943050),

              ["LowerTorso"] = CFrame.new(0.378016, -1.718550, -2.176404, -0.907015, -0.367939, 0.204803, 0.003768, 0.479243, 0.877674, -0.421081, 0.796836, -0.433294),

              ["RightFoot"] = CFrame.new(0.000000, -0.227941, -0.000104, 0.945679, 0.248686, 0.209400, -0.254438, 0.967090, 0.000544, -0.202365, -0.053777, 0.977830),

              ["RightHand"] = CFrame.new(-0.000500, -0.000000, -0.000000, 1.000000, -0.000000, -0.000000, 0.000000, 1.000000, 0.000001, 0.000000, -0.000000, 1.000000),

              ["RightLowerArm"] = CFrame.new(0.027608, 0.184685, 0.218119, 1.000000, 0.000000, -0.000000, -0.000000, 0.055630, -0.998451, -0.000000, 0.998451, 0.055630),

              ["RightLowerLeg"] = CFrame.new(-0.000000, -0.227175, -0.003009, 1.000000, 0.000000, 0.000000, 0.000000, 1.000000, -0.000008, 0.000000, -0.000011, 1.000000),

              ["RightUpperArm"] = CFrame.new(0.103191, 0.005224, -0.607381, 0.058390, -0.996950, 0.051791, 0.049023, -0.048953, -0.997597, 0.997089, 0.060789, 0.046014),

              ["RightUpperLeg"] = CFrame.new(0.003875, -0.080489, 0.176133, -0.200304, -0.978605, 0.047023, 0.947261, -0.181185, 0.264326, -0.250149, 0.097493, 0.963286),

              ["UpperTorso"] = CFrame.new(0.223231, 0.131441, -0.049181, 0.908000, -0.418031, 0.028043, 0.366004, 0.824006, 0.432498, -0.203905, -0.382445, 0.901198)

          }},

          {Time = 0.250, Data = {

              ["Head"] = CFrame.new(-0.000000, -0.000000, -0.000000, 1.000000, -0.000000, 0.000000, 0.000000, 1.000000, 0.000000, -0.000000, 0.000000, 1.000000),

              ["LeftFoot"] = CFrame.new(-0.000000, 0.017028, -0.000003, 0.978980, 0.156021, 0.131373, -0.079352, 0.884700, -0.459382, -0.187887, 0.439275, 0.878470),

              ["LeftHand"] = CFrame.new(0.000500, 0.000100, 0.000000, 1.000000, -0.000000, 0.000000, 0.000000, 1.000000, 0.000001, -0.000000, -0.000000, 1.000000),

              ["LeftLowerArm"] = CFrame.new(-0.000500, 0.099997, 0.099149, 1.000000, -0.000000, 0.000000, 0.000000, 0.007511, -0.999972, 0.000000, 0.999972, 0.007511),

              ["LeftLowerLeg"] = CFrame.new(0.000000, 0.080711, -0.023480, 1.000000, -0.000000, -0.000000, 0.000000, 0.759290, 0.650755, -0.000000, -0.650753, 0.759288),

              ["LeftUpperArm"] = CFrame.new(-0.118790, -0.056125, -0.529346, -0.019032, 0.999816, -0.002520, -0.007724, -0.002667, -0.999967, -0.999789, -0.019012, 0.007773),

