return {
["take shots 7"] = {
        {Time = 0.000, Data = {
            ["Head"] = CFrame.new(3.3087224502121107e-23, 0, 4.4703483581542969e-08, 1, -0, 0, 0, 0.50718438625335693, 0.86183768510818481, -0, -0.86183768510818481, 0.50718438625335693),
            ["LeftFoot"] = CFrame.new(-3.7252902984619141e-09, 0.0074798464775085449, -2.8833746910095215e-06, 0.9996371865272522, 0.020584747195243835, 0.017372388392686844, -0.018905509263277054, 0.99559462070465088, -0.091836221516132355, -0.01918628066778183, 0.091474466025829315, 0.99562257528305054),
            ["LeftHand"] = CFrame.new(0.00049185752868652344, 0.012147247791290283, 1.3038516044616699e-07, 0.78319168090820312, -0.53719323873519897, 0.31310418248176575, 0.54563206434249878, 0.83524513244628906, 0.068199582397937775, -0.29815509915351868, 0.11742632836103439, 0.94726693630218506),
            ["LeftLowerArm"] = CFrame.new(-0.00050020217895507812, 0.07152259349822998, 0.020227923989295959, 1, 0, 0, 0, 0.79360026121139526, -0.60843950510025024, 0, 0.60843950510025024, 0.79360026121139526),
            ["LeftLowerLeg"] = CFrame.new(-3.4458935260772705e-08, 0.03493797779083252, -0.0036644637584686279, 1, -0, 0, 0, 0.96165740489959717, 0.27425369620323181, -0, -0.27425369620323181, 0.96165740489959717),
            ["LeftUpperArm"] = CFrame.new(-0.13586485385894775, -0.29772913455963135, 0.16959677636623383, 0.72823697328567505, 0.066415101289749146, -0.68209975957870483, -0.59549689292907715, 0.55393624305725098, -0.58184045553207397, 0.33919686079025269, 0.8299059271812439, 0.44294679164886475),
            ["LeftUpperLeg"] = CFrame.new(-5.9604644775390625e-08, 7.8646706924700993e-08, -0.00010015544103225693, 0.90990304946899414, 0.36201077699661255, 0.20254538953304291, 0.40749353170394897, -0.68867003917694092, -0.5997355580329895, -0.077623799443244934, 0.62823718786239624, -0.77414000034332275),
            ["LowerTorso"] = CFrame.new(1.2579384645050595e-08, -1.4211106300354004, 0.0006325840950012207, 1, 0, 0, 0, -0.21471607685089111, -0.97667652368545532, 0, 0.97667652368545532, -0.21471607685089111),
            ["RightFoot"] = CFrame.new(3.0733644962310791e-08, 0.015295922756195068, -0.00010301748261554167, 0.99807608127593994, 0.047439131885766983, 0.039921477437019348, -0.058124076575040817, 0.49177026748657227, 0.86878287792205811, 0.021582107990980148, -0.86943173408508301, 0.49358147382736206),
            ["RightHand"] = CFrame.new(-0.00048334896564483643, 0.025605738162994385, 5.9604644775390625e-08, 0.7378774881362915, -0.58268219232559204, 0.34061449766159058, 0.64752680063247681, 0.75350725650787354, -0.11373629420995712, -0.19038337469100952, 0.30448046326637268, 0.93329834938049316),
            ["RightLowerArm"] = CFrame.new(-8.3446502685546875e-07, 0.12005162239074707, 0.10004693269729614, 1, 0, 0, 0, -0.034729480743408203, -0.99939674139022827, 0, 0.99939674139022827, -0.034729480743408203),
            ["RightLowerLeg"] = CFrame.new(1.5087425708770752e-07, 0.074389338493347168, -0.020057044923305511, 1, -0, 0, 0, 0.79570239782333374, 0.60568779706954956, -0, -0.60568779706954956, 0.79570239782333374),
            ["RightUpperArm"] = CFrame.new(0.1310652494430542, -0.17577803134918213, -0.28807845711708069, 0.73788005113601685, 0.16778558492660522, 0.65374380350112915, 0.35157346725463867, -0.92237019538879395, -0.16009119153022766, 0.57613283395767212, 0.34796711802482605, -0.73958754539489746),
            ["RightUpperLeg"] = CFrame.new(0, -1.0355958579566504e-07, -6.5963831730186939e-08, 0.99807572364807129, -0.033218268305063248, 0.052358567714691162, 0.028852259740233421, 0.99621105194091797, 0.08204321563243866, -0.054885514080524445, -0.080374673008918762, 0.99525249004364014),
            ["UpperTorso"] = CFrame.new(-1.580612819245702e-15, 2.9802322387695312e-08, -1.4901161193847656e-08, 1, -0, 0, 0, 0.98058110475540161, 0.19611413776874542, -0, -0.19611413776874542, 0.98058110475540161)
        }},
        {Time = 0.017, Data = {
            ["Head"] = CFrame.new(-3.3087224502121107e-23, 1.1920928955078125e-07, 9.3132257461547852e-09, 1, -0, 0, 0, 0.49745285511016846, 0.86749118566513062, -0, -0.86749118566513062, 0.49745285511016846),
            ["LeftFoot"] = CFrame.new(3.7252902984619141e-09, 0.0069244503974914551, -3.0398368835449219e-06, 0.99958759546279907, 0.021986469626426697, 0.018472826108336449, -0.020445860922336578, 0.9966004490852356, -0.079809047281742096, -0.020164744928479195, 0.079398445785045624, 0.99663901329040527),
            ["LeftHand"] = CFrame.new(0.00049132108688354492, 0.013214230537414551, -6.1467289924621582e-08, 0.78415393829345703, -0.53611940145492554, 0.31253588199615479, 0.53990668058395386, 0.83768880367279053, 0.082330495119094849, -0.30594676733016968, 0.10418039560317993, 0.94633138179779053),
            ["LeftLowerArm"] = CFrame.new(-0.00049990415573120117, 0.074817061424255371, 0.022054702043533325, 1, 0, 0, 0, 0.77471846342086792, -0.63230633735656738, 0, 0.63230633735656738, 0.77471846342086792),
            ["LeftLowerLeg"] = CFrame.new(1.862645149230957e-09, 0.031966209411621094, -0.003002852201461792, 1, -0, 0, 0, 0.96836322546005249, 0.24954493343830109, -0, -0.24954493343830109, 0.96836322546005249),
            ["LeftUpperArm"] = CFrame.new(-0.13589727878570557, -0.29798257350921631, 0.16922041773796082, 0.72820359468460083, 0.075604528188705444, -0.68117809295654297, -0.59595751762390137, 0.56067764759063721, -0.57486975193023682, 0.33845856785774231, 0.82457542419433594, 0.45334458351135254),
            ["LeftUpperLeg"] = CFrame.new(-5.9604644775390625e-08, 8.8396120645484189e-08, -0.00010017683962360024, 0.9106253981590271, 0.35784044861793518, 0.20666784048080444, 0.40765365958213806, -0.69600772857666016, -0.59109377861022949, -0.067674838006496429, 0.62251389026641846, -0.77967727184295654),
            ["LowerTorso"] = CFrame.new(1.3604477544504334e-08, -1.4293293952941895, -0.0062675178050994873, 1, 0, 0, 0, -0.19150459766387939, -0.98149174451828003, 0, 0.98149174451828003, -0.19150459766387939),
            ["RightFoot"] = CFrame.new(-2.7939677238464355e-09, 0.015889763832092285, -0.00010291410580975935, 0.99804145097732544, 0.047856256365776062, 0.040286257863044739, -0.058754868805408478, 0.49607264995574951, 0.8662908673286438, 0.021472528576850891, -0.86696118116378784, 0.49791288375854492),
            ["RightHand"] = CFrame.new(-0.00048311054706573486, 0.025551855564117432, 2.6077032089233398e-07, 0.74413549900054932, -0.5767282247543335, 0.33711552619934082, 0.64129555225372314, 0.75805544853210449, -0.11870945245027542, -0.18708916008472443, 0.30452659726142883, 0.93394923210144043),
            ["RightLowerArm"] = CFrame.new(-6.8545341491699219e-07, 0.12006312608718872, 0.098871409893035889, 1, 0, 0, 0, -0.022457122802734375, -0.9997478723526001, 0, 0.9997478723526001, -0.022457122802734375),
            ["RightLowerLeg"] = CFrame.new(4.4703483581542969e-08, 0.07646411657333374, -0.021246878430247307, 1, -0, 0, 0, 0.78343969583511353, 0.62146782875061035, -0, -0.62146782875061035, 0.78343969583511353),
            ["RightUpperArm"] = CFrame.new(0.12792956829071045, -0.17294883728027344, -0.28574848175048828, 0.74411070346832275, 0.17265389859676361, 0.64536035060882568, 0.34592491388320923, -0.92601263523101807, -0.15111994743347168, 0.57152020931243896, 0.33569616079330444, -0.74878120422363281),
            ["RightUpperLeg"] = CFrame.new(0, -1.1447315273471759e-07, -1.5146360965445638e-07, 0.99804085493087769, -0.032725661993026733, 0.05332377552986145, 0.030416667461395264, 0.99858802556991577, 0.043552335351705551, -0.054673761129379272, -0.041845079511404037, 0.99762707948684692),
            ["UpperTorso"] = CFrame.new(-4.9416626346499015e-10, -0.0014551281929016113, -0.0026863962411880493, 1, -0, 0, 0, 0.98431199789047241, 0.17643669247627258, -0, -0.17643669247627258, 0.98431199789047241)
        }},
        {Time = 0.033, Data = {
            ["Head"] = CFrame.new(2.6469779601696886e-23, 0, -2.7939677238464355e-08, 1, -0, 0, 0, 0.47354930639266968, 0.8807673454284668, -0, -0.8807673454284668, 0.47354930639266968),
            ["LeftFoot"] = CFrame.new(0, 0.0052834153175354004, -3.0845403671264648e-06, 0.99945461750030518, 0.025276992470026016, 0.021248778328299522, -0.024251427501440048, 0.99859052896499634, -0.047210358083248138, -0.022412164136767387, 0.04666929692029953, 0.99865895509719849),
            ["LeftHand"] = CFrame.new(0.00048977136611938477, 0.015683531761169434, -8.9406967163085938e-08, 0.78667342662811279, -0.53338164091110229, 0.31088411808013916, 0.52472370862960815, 0.84298211336135864, 0.11851664632558823, -0.32528436183929443, 0.069894380867481232, 0.94302964210510254),
            ["LeftLowerArm"] = CFrame.new(-0.00050008296966552734, 0.082670629024505615, 0.027017489075660706, 1, 0, 0, 0, 0.723224937915802, -0.69061261415481567, 0, 0.69061261415481567, 0.723224937915802),
            ["LeftLowerLeg"] = CFrame.new(-1.9557774066925049e-08, 0.023526608943939209, -0.0014958679676055908, 1, -0, 0, 0, 0.98361635208129883, 0.18027429282665253, -0, -0.18027429282665253, 0.98361635208129883),
            ["LeftUpperArm"] = CFrame.new(-0.13598597049713135, -0.29870104789733887, 0.16814115643501282, 0.72805821895599365, 0.098707571625709534, -0.67837166786193848, -0.59736472368240356, 0.5767967700958252, -0.55719023942947388, 0.33628368377685547, 0.8109021782875061, 0.47890603542327881),
            ["LeftUpperLeg"] = CFrame.new(0, 9.1838693094814516e-08, -0.00010005813237512484, 0.91240370273590088, 0.3463769257068634, 0.21804240345954895, 0.40718159079551697, -0.71415078639984131, -0.5693785548210144, -0.041504442691802979, 0.60828596353530884, -0.79263210296630859),
            ["LowerTorso"] = CFrame.new(1.6243687284145381e-08, -1.4506678581237793, -0.023007720708847046, 1, 0, 0, 0, -0.12932193279266357, -0.99160265922546387, 0, 0.99160265922546387, -0.12932193279266357),
            ["RightFoot"] = CFrame.new(-2.0489096641540527e-08, 0.017526447772979736, -0.00010288616613252088, 0.99794864654541016, 0.04895666241645813, 0.041252210736274719, -0.060359664261341095, 0.50477051734924316, 0.86114078760147095, 0.021335674449801445, -0.86186426877975464, 0.50669008493423462),
            ["RightHand"] = CFrame.new(-0.00048322975635528564, 0.025407791137695312, 1.6391277313232422e-07, 0.75985985994338989, -0.56123483180999756, 0.3280678391456604, 0.62494206428527832, 0.76962751150131226, -0.13084697723388672, -0.1790541410446167, 0.30444875359535217, 0.93554830551147461),
            ["RightLowerArm"] = CFrame.new(-7.7486038208007812e-07, 0.12002265453338623, 0.095734179019927979, 1, 0, 0, 0, 0.01010662317276001, -0.99994903802871704, 0, 0.99994903802871704, 0.01010662317276001),
            ["RightLowerLeg"] = CFrame.new(5.029141902923584e-08, 0.081403076648712158, -0.024118281900882721, 1, -0, 0, 0, 0.75373983383178711, 0.65717297792434692, -0, -0.65717297792434692, 0.75373983383178711),
            ["RightUpperArm"] = CFrame.new(0.12006509304046631, -0.16559433937072754, -0.27969264984130859, 0.75985622406005859, 0.1853821873664856, 0.62309873104095459, 0.33120501041412354, -0.93515193462371826, -0.12567457556724548, 0.55939412117004395, 0.3018680214881897, -0.77198052406311035),
            ["RightUpperLeg"] = CFrame.new(-2.9802322387695312e-08, -1.14190434885586e-07, -4.8166839405894279e-08, 0.99795401096343994, -0.031395319849252701, 0.055696733295917511, 0.034494582563638687, 0.99785786867141724, -0.055585622787475586, -0.053832292556762695, 0.057393133640289307, 0.99689924716949463),
            ["UpperTorso"] = CFrame.new(-1.7478234415335692e-09, -0.0043218135833740234, -0.0095874518156051636, 1, -0, 0, 0, 0.99230647087097168, 0.12380592525005341, -0, -0.12380592525005341, 0.99230647087097168)
        }},
        {Time = 0.050, Data = {
            ["Head"] = CFrame.new(-5.2939559203393771e-23, 0, 7.4505805969238281e-08, 1, -0, 0, 0, 0.44382256269454956, 0.8961147665977478, -0, -0.8961147665977478, 0.44382256269454956),
            ["LeftFoot"] = CFrame.new(-3.166496753692627e-08, 0.0022742152214050293, -3.2484531402587891e-06, 0.99927634000778198, 0.029058784246444702, 0.024542391300201416, -0.029111690819263458, 0.99957454204559326, 0.0018010751809924841, -0.024479612708091736, -0.0025142424274235964, 0.99969714879989624),
            ["LeftHand"] = CFrame.new(0.00048822164535522461, 0.01826012134552002, -7.4505805969238281e-08, 0.79019927978515625, -0.52947801351547241, 0.30860695242881775, 0.5027889609336853, 0.84801787137985229, 0.16753795742988586, -0.35041186213493347, 0.022775761783123016, 0.93631875514984131),
            ["LeftLowerArm"] = CFrame.new(-0.00050002336502075195, 0.09186244010925293, 0.034380614757537842, 1, 0, 0, 0, 0.64691036939620972, -0.76256608963012695, 0, 0.76256608963012695, 0.64691036939620972),
            ["LeftLowerLeg"] = CFrame.new(-4.0978193283081055e-08, 0.0097349882125854492, -0.00013211369514465332, 1, -0, 0, 0, 0.99747031927108765, 0.071084335446357727, -0, -0.071084335446357727, 0.99747031927108765),
            ["LeftUpperArm"] = CFrame.new(-0.13611984252929688, -0.29981458187103271, 0.16644035279750824, 0.72776681184768677, 0.12926100194454193, -0.67353326082229614, -0.59962815046310425, 0.59658336639404297, -0.53341764211654663, 0.33286863565444946, 0.79207319021224976, 0.51168209314346313),
            ["LeftUpperLeg"] = CFrame.new(0, 8.5995829124385637e-08, -0.00010004913929151371, 0.91443026065826416, 0.3287411630153656, 0.23610705137252808, 0.4047183096408844, -0.73616790771484375, -0.54245734214782715, -0.0045135989785194397, 0.59159624576568604, -0.80622184276580811),
            ["LowerTorso"] = CFrame.new(1.9811906781797006e-08, -1.4800825119018555, -0.043108850717544556, 1, 0, 0, 0, -0.039162158966064453, -0.99923288822174072, 0, 0.99923288822174072, -0.039162158966064453),
            ["RightFoot"] = CFrame.new(-1.2665987014770508e-07, 0.019393026828765869, -0.00010281166032655165, 0.99782562255859375, 0.050414916127920151, 0.042453564703464508, -0.062325228005647659, 0.51225560903549194, 0.85656857490539551, 0.02143675833940506, -0.85735201835632324, 0.51428389549255371),
            ["RightHand"] = CFrame.new(-0.00048336386680603027, 0.02519834041595459, -1.4528632164001465e-07, 0.78022933006286621, -0.53998291492462158, 0.31569069623947144, 0.6023327112197876, 0.78469395637512207, -0.14646060764789581, -0.16863435506820679, 0.30442368984222412, 0.93749064207077026),
            ["RightLowerArm"] = CFrame.new(-7.7486038208007812e-07, 0.11977863311767578, 0.091179385781288147, 1, 0, 0, 0, 0.057383418083190918, -0.99835216999053955, 0, 0.99835216999053955, 0.057383418083190918),
            ["RightLowerLeg"] = CFrame.new(1.7508864402770996e-07, 0.086962461471557617, -0.027698762714862823, 1, -0, 0, 0, 0.71657037734985352, 0.69751483201980591, -0, -0.69751483201980591, 0.71657037734985352),
            ["RightUpperArm"] = CFrame.new(0.10989046096801758, -0.15549719333648682, -0.27135801315307617, 0.78023099899291992, 0.20286370813846588, 0.59168052673339844, 0.31098264455795288, -0.94655776023864746, -0.085546307265758514, 0.54270553588867188, 0.25074824690818787, -0.80162084102630615),
            ["RightUpperLeg"] = CFrame.new(-2.9802322387695312e-08, -1.1766079666131191e-07, -5.948822945356369e-08, 0.99782192707061768, -0.02975013293325901, 0.058875344693660736, 0.040494229644536972, 0.98081576824188232, -0.19068482518196106, -0.052072964608669281, 0.19265362620353699, 0.97988414764404297),
            ["UpperTorso"] = CFrame.new(-3.3969682622370101e-09, -0.0062247514724731445, -0.018828827887773514, 1, -0, 0, 0, 0.99885237216949463, 0.047894969582557678, -0, -0.047894969582557678, 0.99885237216949463)
        }},
        {Time = 0.067, Data = {
            ["Head"] = CFrame.new(-2.6469779601696886e-23, 0, 3.7252902984619141e-09, 1, -0, 0, 0, 0.41645437479019165, 0.90915662050247192, -0, -0.90915662050247192, 0.41645437479019165),
            ["LeftFoot"] = CFrame.new(5.4016709327697754e-08, -0.0057123303413391113, -3.3080577850341797e-06, 0.99910396337509155, 0.032392911612987518, 0.027239305898547173, -0.033189848065376282, 0.99901854991912842, 0.029332226142287254, -0.026262415573000908, -0.030210012570023537, 0.99919849634170532),
            ["LeftHand"] = CFrame.new(0.00048643350601196289, 0.020255625247955322, 1.1920928955078125e-07, 0.7941209077835083, -0.52506941556930542, 0.30606231093406677, 0.47728642821311951, 0.85055625438690186, 0.22079797089099884, -0.37625744938850403, -0.029260888695716858, 0.92605298757553101),
            ["LeftLowerArm"] = CFrame.new(-0.00050008296966552734, 0.10008680820465088, 0.043066054582595825, 1, 0, 0, 0, 0.55685675144195557, -0.8306085467338562, 0, 0.8306085467338562, 0.55685675144195557),
            ["LeftLowerLeg"] = CFrame.new(-6.2398612499237061e-08, -0.0052919387817382812, 3.0934810638427734e-05, 1, 0, 0, 0, 1, 0, 0, 0, 1),
            ["LeftUpperArm"] = CFrame.new(-0.13628196716308594, -0.30127084255218506, 0.16414935886859894, 0.72741466760635376, 0.16113415360450745, -0.66701102256774902, -0.60257363319396973, 0.61503458023071289, -0.5085640549659729, 0.32828781008720398, 0.77186018228530884, 0.54448038339614868),
            ["LeftUpperLeg"] = CFrame.new(0, 1.0100144720581739e-07, -0.00010001916962210089, 0.91617125272750854, 0.31506133079528809, 0.24772283434867859, 0.39898526668548584, -0.7755131721496582, -0.48927518725395203, 0.037960618734359741, 0.54709762334823608, -0.83620774745941162),
            ["LowerTorso"] = CFrame.new(2.3617936051323341e-08, -1.5121333599090576, -0.060563176870346069, 1, 0, 0, 0, 0.066841483116149902, -0.99776357412338257, 0, 0.99776357412338257, 0.066841483116149902),
            ["RightFoot"] = CFrame.new(1.9557774066925049e-08, 0.021072328090667725, -0.00010287964687449858, 0.99768388271331787, 0.052057478576898575, 0.04378211498260498, -0.064365066587924957, 0.51432859897613525, 0.85517442226409912, 0.021999828517436981, -0.85601174831390381, 0.51648807525634766),
            ["RightHand"] = CFrame.new(-0.00048331171274185181, 0.024884343147277832, 1.3783574104309082e-07, 0.80109691619873047, -0.51669901609420776, 0.3021024763584137, 0.57728499174118042, 0.80031073093414307, -0.16200271248817444, -0.15806925296783447, 0.30417907238006592, 0.93940895795822144),
            ["RightLowerArm"] = CFrame.new(-8.0466270446777344e-07, 0.11917036771774292, 0.085817158222198486, 1, 0, 0, 0, 0.11307138204574585, -0.99358689785003662, 0, 0.99358689785003662, 0.11307138204574585),
            ["RightLowerLeg"] = CFrame.new(7.0780515670776367e-08, 0.091617584228515625, -0.030926654115319252, 1, -0, 0, 0, 0.68300533294677734, 0.73041343688964844, -0, -0.73041343688964844, 0.68300533294677734),
            ["RightUpperArm"] = CFrame.new(0.099443435668945312, -0.14433097839355469, -0.26215052604675293, 0.80112552642822266, 0.2223191112279892, 0.55567264556884766, 0.28870290517807007, -0.95683562755584717, -0.033408939838409424, 0.52425992488861084, 0.18718905746936798, -0.83072960376739502),
            ["RightUpperLeg"] = CFrame.new(-2.9802322387695312e-08, -1.047267375042793e-07, -1.1087831808254123e-07, 0.99768340587615967, -0.027938855811953545, 0.062025710940361023, 0.047202646732330322, 0.94087600708007812, -0.33544641733169556, -0.048986509442329407, 0.33759713172912598, 0.94001519680023193),
            ["UpperTorso"] = CFrame.new(-4.9855217731931134e-09, -0.0054554343223571777, -0.027926580980420113, 1, 0, 0, 0, 0.99915581941604614, -0.041080605238676071, 0, 0.041080605238676071, 0.99915581941604614)
        }},
        {Time = 0.083, Data = {
            ["Head"] = CFrame.new(0, 0, 0, 1, -0, 0, 0, 0.40030419826507568, 0.9163823127746582, -0, -0.9163823127746582, 0.40030419826507568),
            ["LeftFoot"] = CFrame.new(-5.4016709327697754e-08, -0.017620503902435303, -3.2186508178710938e-06, 0.99898725748062134, 0.034397687762975693, 0.02900511771440506, -0.034984003752470016, 0.99918866157531738, 0.019954811781644821, -0.028295185416936874, -0.020949319005012512, 0.99938005208969116),
            ["LeftHand"] = CFrame.new(0.00048565864562988281, 0.021799743175506592, 1.0430812835693359e-07, 0.79757356643676758, -0.5211632251739502, 0.30375197529792786, 0.4522911012172699, 0.84984970092773438, 0.27053314447402954, -0.39913544058799744, -0.07838575541973114, 0.91353517770767212),
            ["LeftLowerArm"] = CFrame.new(-0.00049978494644165039, 0.10640811920166016, 0.051635012030601501, 1, 0, 0, 0, 0.46786528825759888, -0.88379979133605957, 0, 0.88379979133605957, 0.46786528825759888),
            ["LeftLowerLeg"] = CFrame.new(5.1222741603851318e-08, -0.017158865928649902, -0.00012625753879547119, 1, 0, 0, 0, 1, 0, 0, 0, 1),
            ["LeftUpperArm"] = CFrame.new(-0.13644158840179443, -0.30305564403533936, 0.16119067370891571, 0.72709912061691284, 0.18911968171596527, -0.65997016429901123, -0.60612946748733521, 0.628257155418396, -0.48775005340576172, 0.32238787412643433, 0.75467002391815186, 0.57143622636795044),
            ["LeftUpperLeg"] = CFrame.new(0, 1.0465024047334737e-07, -9.9939221399836242e-05, 0.91723716259002686, 0.31083503365516663, 0.24911358952522278, 0.39003202319145203, -0.8278801441192627, -0.4031008780002594, 0.080938249826431274, 0.46690139174461365, -0.88059806823730469),
            ["LowerTorso"] = CFrame.new(2.7018085546615112e-08, -1.541013240814209, -0.070904761552810669, 1, 0, 0, 0, 0.175731360912323, -0.98443830013275146, 0, 0.98443830013275146, 0.175731360912323),
            ["RightFoot"] = CFrame.new(2.1420419216156006e-08, 0.022041380405426025, -0.00010271200881106779, 0.99756473302841187, 0.053374551236629486, 0.044897377490997314, -0.06590009480714798, 0.51046967506408691, 0.85736685991287231, 0.02284281887114048, -0.85823768377304077, 0.51274394989013672),
            ["RightHand"] = CFrame.new(-0.00048378109931945801, 0.024427354335784912, 2.2351741790771484e-08, 0.8198053240776062, -0.4943050742149353, 0.28910505771636963, 0.55273145437240601, 0.81502318382263184, -0.1738540381193161, -0.14969038963317871, 0.30232393741607666, 0.94137823581695557),
            ["RightLowerArm"] = CFrame.new(-7.4505805969238281e-07, 0.11815047264099121, 0.080384381115436554, 1, 0, 0, 0, 0.1695132851600647, -0.98552787303924561, 0, 0.98552787303924561, 0.1695132851600647),
            ["RightLowerLeg"] = CFrame.new(1.862645149230957e-08, 0.094381570816040039, -0.033052515238523483, 1, -0, 0, 0, 0.66091406345367432, 0.7504616379737854, -0, -0.7504616379737854, 0.66091406345367432),
            ["RightUpperArm"] = CFrame.new(0.09010779857635498, -0.13347947597503662, -0.2533210813999176, 0.81979542970657349, 0.24124456942081451, 0.51936161518096924, 0.26697105169296265, -0.96335184574127197, 0.026073817163705826, 0.50661814212799072, 0.11727933585643768, -0.8541567325592041),
            ["RightUpperLeg"] = CFrame.new(-2.9802322387695312e-08, -8.9749079279499711e-08, -5.1128154154866934e-08, 0.99756491184234619, -0.026437923312187195, 0.064539223909378052, 0.053596220910549164, 0.88272625207901001, -0.46682092547416687, -0.044628690928220749, 0.46914324164390564, 0.88199371099472046),
            ["UpperTorso"] = CFrame.new(-5.9705276278521069e-09, -0.0016973912715911865, -0.033820919692516327, 1, 0, 0, 0, 0.99124413728713989, -0.13204166293144226, 0, 0.13204166293144226, 0.99124413728713989)
        }},
        {Time = 0.100, Data = {
            ["Head"] = CFrame.new(-2.6469779601696886e-23, -1.1920928955078125e-07, -3.7252902984619141e-08, 1, -0, 0, 0, 0.40436249971389771, 0.91459882259368896, -0, -0.91459882259368896, 0.40436249971389771),
            ["LeftFoot"] = CFrame.new(-1.2852251529693604e-07, -0.028214991092681885, -3.4570693969726562e-06, 0.99895519018173218, 0.034923315048217773, 0.029477739706635475, -0.03515133261680603, 0.99935567378997803, 0.0072525925934314728, -0.029205461964011192, -0.0082811964675784111, 0.99953913688659668),
            ["LeftHand"] = CFrame.new(0.0004851222038269043, 0.022709190845489502, 0, 0.79974925518035889, -0.51863569021224976, 0.30235421657562256, 0.43133041262626648, 0.84671550989151001, 0.31149137020111084, -0.41755855083465576, -0.11870042234659195, 0.90086352825164795),
            ["LeftLowerArm"] = CFrame.new(-0.000499725341796875, 0.11049449443817139, 0.058774501085281372, 1, 0, 0, 0, 0.39376342296600342, -0.91921180486679077, 0, 0.91921180486679077, 0.39376342296600342),
            ["LeftLowerLeg"] = CFrame.new(-1.3038516044616699e-08, -0.027716517448425293, -0.00026607513427734375, 1, 0, 0, 0, 1, 0, 0, 0, 1),
            ["LeftUpperArm"] = CFrame.new(-0.13654875755310059, -0.30519211292266846, 0.1573556661605835, 0.72693943977355957, 0.21036195755004883, -0.65368711948394775, -0.61034518480300903, 0.63417583703994751, -0.4746575653553009, 0.31470271944999695, 0.74402213096618652, 0.58940082788467407),
            ["LeftUpperLeg"] = CFrame.new(0, 1.0025338781360915e-07, -9.9973258329555392e-05, 0.91753524541854858, 0.30712854862213135, 0.25258880853652954, 0.37916326522827148, -0.86715078353881836, -0.32293149828910828, 0.11985108256340027, 0.39207342267036438, -0.91209328174591064),
            ["LowerTorso"] = CFrame.new(2.9469633844314558e-08, -1.5609614849090576, -0.071689635515213013, 1, 0, 0, 0, 0.27464878559112549, -0.96154463291168213, 0, 0.96154463291168213, 0.27464878559112549),
            ["RightFoot"] = CFrame.new(1.2107193470001221e-08, 0.022245466709136963, -0.00010261142597300932, 0.99748820066452026, 0.054162181913852692, 0.045648597180843353, -0.066712401807308197, 0.50174808502197266, 0.86243742704391479, 0.023807398974895477, -0.86331647634506226, 0.50410103797912598),
            ["RightHand"] = CFrame.new(-0.00048410892486572266, 0.024173259735107422, -3.7252902984619141e-07, 0.83462536334991455, -0.47546359896659851, 0.27809149026870728, 0.53115260601043701, 0.82842308282852173, -0.17774155735969543, -0.14586775004863739, 0.29605662822723389, 0.94396668672561646),
            ["RightLowerArm"] = CFrame.new(-2.6822090148925781e-07, 0.11706620454788208, 0.075648248195648193, 1, 0, 0, 0, 0.21860575675964355, -0.97581326961517334, 0, 0.97581326961517334, 0.21860575675964355),
            ["RightLowerLeg"] = CFrame.new(1.1175870895385742e-08, 0.095005214214324951, -0.033567547798156738, 1, -0, 0, 0, 0.65556144714355469, 0.75514179468154907, -0, -0.75514179468154907, 0.65556144714355469),
            ["RightUpperArm"] = CFrame.new(0.082683086395263672, -0.12398755550384521, -0.24591389298439026, 0.83464765548706055, 0.25846990942955017, 0.48637092113494873, 0.24797816574573517, -0.96483421325683594, 0.087189048528671265, 0.49180299043655396, 0.047837227582931519, -0.86939144134521484),
            ["RightUpperLeg"] = CFrame.new(-2.9802322387695312e-08, -7.0451065425913839e-08, -9.9047611001878977e-08, 0.99748867750167847, -0.025724312290549278, 0.065989620983600616, 0.05874837189912796, 0.82091629505157471, -0.56801861524581909, -0.039560064673423767, 0.5704689621925354, 0.82036590576171875),
            ["UpperTorso"] = CFrame.new(-5.799046132182184e-09, 0.0038337111473083496, -0.033386304974555969, 1, 0, 0, 0, 0.97676992416381836, -0.21429066359996796, 0, 0.21429066359996796, 0.97676992416381836)
        }},
        {Time = 0.117, Data = {
            ["Head"] = CFrame.new(0, 1.1920928955078125e-07, 0, 1, -0, 0, 0, 0.4370650053024292, 0.89942991733551025, -0, -0.89942991733551025, 0.4370650053024292),
            ["LeftFoot"] = CFrame.new(2.4214386940002441e-08, -0.037557423114776611, -3.4570693969726562e-06, 0.99900597333908081, 0.034112926572561264, 0.028693532571196556, -0.033891420811414719, 0.99939209222793579, -0.0081709874793887138, -0.028954828158020973, 0.0071904012002050877, 0.99955487251281738),
            ["LeftHand"] = CFrame.new(0.00048470497131347656, 0.023131847381591797, -2.0861625671386719e-07, 0.79964983463287354, -0.5187302827835083, 0.30245512723922729, 0.41847339272499084, 0.84265929460525513, 0.33882948756217957, -0.43062770366668701, -0.14437559247016907, 0.8909071683883667),
            ["LeftLowerArm"] = CFrame.new(-0.00049918889999389648, 0.11252880096435547, 0.063149511814117432, 1, 0, 0, 0, 0.34836488962173462, -0.93735897541046143, 0, 0.93735897541046143, 0.34836488962173462),
            ["LeftLowerLeg"] = CFrame.new(-7.2643160820007324e-08, -0.037026524543762207, -0.00038939714431762695, 1, 0, 0, 0, 1, 0, 0, 0, 1),
            ["LeftUpperArm"] = CFrame.new(-0.13654530048370361, -0.30771660804748535, 0.15235157310962677, 0.72687464952468872, 0.22252580523490906, -0.64971959590911865, -0.61546576023101807, 0.63083219528198242, -0.47249627113342285, 0.30472150444984436, 0.74332571029663086, 0.5954928994178772),
            ["LeftUpperLeg"] = CFrame.new(-5.9604644775390625e-08, 1.1735797755818567e-07, -0.0001000039919745177, 0.91705489158630371, 0.30401954054832458, 0.25803568959236145, 0.36916741728782654, -0.89191615581512451, -0.26115310192108154, 0.1507505476474762, 0.33475011587142944, -0.93017017841339111),
            ["LowerTorso"] = CFrame.new(3.0556968511064042e-08, -1.5667386054992676, -0.062322497367858887, 1, 0, 0, 0, 0.35190767049789429, -0.93603473901748657, 0, 0.93603473901748657, 0.35190767049789429),
            ["RightFoot"] = CFrame.new(8.0093741416931152e-08, 0.021739721298217773, -0.00010253598884446546, 0.99750059843063354, 0.054053694009780884, 0.04550577700138092, -0.066222719848155975, 0.49060314893722534, 0.86886316537857056, 0.024639979004859924, -0.86970502138137817, 0.49295651912689209),
            ["RightHand"] = CFrame.new(-0.00048421323299407959, 0.024007618427276611, 6.3329935073852539e-08, 0.84480202198028564, -0.46185785531997681, 0.2701793909072876, 0.51378840208053589, 0.84119999408721924, -0.16853496432304382, -0.14943575859069824, 0.28119370341300964, 0.94794464111328125),
            ["RightLowerArm"] = CFrame.new(-4.4703483581542969e-07, 0.11623567342758179, 0.072608530521392822, 1, 0, 0, 0, 0.25011569261550903, -0.96821588277816772, 0, 0.96821588277816772, 0.25011569261550903),
            ["RightLowerLeg"] = CFrame.new(-1.0803341865539551e-07, 0.093451142311096191, -0.032294925302267075, 1, -0, 0, 0, 0.6687588095664978, 0.74347949028015137, -0, -0.74347949028015137, 0.6687588095664978),
            ["RightUpperArm"] = CFrame.new(0.077609419822692871, -0.11662614345550537, -0.24079973995685577, 0.84476876258850098, 0.27320528030395508, 0.46013537049293518, 0.2332158088684082, -0.96186184883117676, 0.1429411768913269, 0.48163893818855286, -0.013441398739814758, -0.8762667179107666),
            ["RightUpperLeg"] = CFrame.new(5.9604644775390625e-08, -7.2654501082070055e-08, -1.4840770745649934e-07, 0.99749922752380371, -0.025985896587371826, 0.065726660192012787, 0.061640046536922455, 0.77485120296478271, -0.6291312575340271, -0.034579843282699585, 0.63160938024520874, 0.77451527118682861),
            ["UpperTorso"] = CFrame.new(-3.986067920180858e-09, 0.0090039968490600586, -0.023947015404701233, 1, 0, 0, 0, 0.96067100763320923, -0.27768900990486145, 0, 0.27768900990486145, 0.96067100763320923)
        }},
        {Time = 0.133, Data = {
            ["Head"] = CFrame.new(-2.6469779601696886e-23, 0, -2.9802322387695312e-08, 1, -0, 0, 0, 0.50332045555114746, 0.86409980058670044, -0, -0.86409980058670044, 0.50332045555114746),
            ["LeftFoot"] = CFrame.new(8.9406967163085938e-08, -0.046204268932342529, -3.7550926208496094e-06, 0.99910843372344971, 0.03227292001247406, 0.027217736467719078, -0.031586192548274994, 0.99918091297149658, -0.025294406339526176, -0.028011767193675041, 0.02441214956343174, 0.9993094801902771),
            ["LeftHand"] = CFrame.new(0.00048482418060302734, 0.02320706844329834, -4.4703483581542969e-08, 0.79653137922286987, -0.52231413125991821, 0.30450898408889771, 0.41698384284973145, 0.83929359912872314, 0.34887060523033142, -0.43779247999191284, -0.15091106295585632, 0.88632023334503174),
            ["LeftLowerArm"] = CFrame.new(-0.00049993395805358887, 0.11281788349151611, 0.06380029022693634, 1, 0, 0, 0, 0.34164643287658691, -0.93982851505279541, 0, 0.93982851505279541, 0.34164643287658691),
            ["LeftLowerLeg"] = CFrame.new(-3.166496753692627e-08, -0.04564356803894043, -0.00050359964370727539, 1, 0, 0, 0, 1, 0, 0, 0, 1),
            ["LeftUpperArm"] = CFrame.new(-0.13640093803405762, -0.31058788299560547, 0.14605015516281128, 0.72719544172286987, 0.22402884066104889, -0.64884346723556519, -0.62116456031799316, 0.61704593896865845, -0.48312407732009888, 0.29213249683380127, 0.75436419248580933, 0.58787178993225098),
            ["LeftUpperLeg"] = CFrame.new(-5.9604644775390625e-08, 1.2603274512912321e-07, -9.9922115623485297e-05, 0.91614067554473877, 0.3011195957660675, 0.26460015773773193, 0.36317536234855652, -0.90290713310241699, -0.22991999983787537, 0.16967584192752838, 0.30673530697822571, -0.93654918670654297),
            ["LowerTorso"] = CFrame.new(3.0043722176742449e-08, -1.5543115139007568, -0.044262617826461792, 1, 0, 0, 0, 0.39774900674819946, -0.91749429702758789, 0, 0.91749429702758789, 0.39774900674819946),
            ["RightFoot"] = CFrame.new(-2.4214386940002441e-08, 0.020298600196838379, -0.00010257324174745008, 0.99759113788604736, 0.053057737648487091, 0.044684953987598419, -0.064733274281024933, 0.48055368661880493, 0.87457287311553955, 0.024929337203502655, -0.87535881996154785, 0.4828307032585144),
            ["RightHand"] = CFrame.new(-0.00048433244228363037, 0.023974359035491943, -2.9802322387695312e-08, 0.84995043277740479, -0.45473524928092957, 0.26608306169509888, 0.50108063220977783, 0.85374456644058228, -0.14155709743499756, -0.16279599070549011, 0.25364556908607483, 0.95349955558776855),
            ["RightLowerArm"] = CFrame.new(-2.0861625671386719e-07, 0.11605656147003174, 0.072001442313194275, 1, 0, 0, 0, 0.25644510984420776, -0.96655881404876709, 0, 0.96655881404876709, 0.25644510984420776),
            ["RightLowerLeg"] = CFrame.new(4.4703483581542969e-08, 0.089575231075286865, -0.029503626748919487, 1, -0, 0, 0, 0.69781213998794556, 0.71628081798553467, -0, -0.71628081798553467, 0.69781213998794556),
            ["RightUpperArm"] = CFrame.new(0.07503509521484375, -0.11182260513305664, -0.23853820562362671, 0.84990286827087402, 0.285896897315979, 0.44263768196105957, 0.22367541491985321, -0.95632028579711914, 0.18820494413375854, 0.47711056470870972, -0.060948751866817474, -0.87672746181488037),
            ["RightUpperLeg"] = CFrame.new(5.9604644775390625e-08, -5.8977526862236118e-08, -7.1959220804274082e-08, 0.99759405851364136, -0.027322959154844284, 0.063714534044265747, 0.062075395137071609, 0.76125091314315796, -0.64547944068908691, -0.030866336077451706, 0.64788150787353516, 0.76111549139022827),
            ["UpperTorso"] = CFrame.new(-3.032572248873322e-10, 0.012093126773834229, -0.0043184161186218262, 1, 0, 0, 0, 0.94984567165374756, -0.31271907687187195, 0, 0.31271907687187195, 0.94984567165374756)
        }},
        {Time = 0.150, Data = {
            ["Head"] = CFrame.new(-1.3234889800848443e-23, -2.384185791015625e-07, -1.4901161193847656e-08, 1, -0, 0, 0, 0.59415102005004883, 0.80435347557067871, -0, -0.80435347557067871, 0.59415102005004883),
            ["LeftFoot"] = CFrame.new(-2.2351741790771484e-08, -0.053945839405059814, -3.4123659133911133e-06, 0.9992021918296814, 0.030556421726942062, 0.025714758783578873, -0.029499612748622894, 0.99874317646026611, -0.040519092231988907, -0.026920557022094727, 0.039728190749883652, 0.9988478422164917),
            ["LeftHand"] = CFrame.new(0.00048518180847167969, 0.02289879322052002, -1.0430812835693359e-07, 0.79102766513824463, -0.52853411436080933, 0.30810210108757019, 0.42574852705001831, 0.83724087476730347, 0.34317034482955933, -0.43933293223381042, -0.14028322696685791, 0.88730335235595703),
            ["LeftLowerArm"] = CFrame.new(-0.0004996955394744873, 0.11160194873809814, 0.061142802238464355, 1, 0, 0, 0, 0.36928313970565796, -0.92931699752807617, 0, 0.92931699752807617, 0.36928313970565796),
            ["LeftLowerLeg"] = CFrame.new(-4.7497451305389404e-08, -0.053358495235443115, -0.00060598552227020264, 1, 0, 0, 0, 1, 0, 0, 0, 1),
            ["LeftUpperArm"] = CFrame.new(-0.13616752624511719, -0.31357347965240479, 0.1389152854681015, 0.72766822576522827, 0.21654276549816132, -0.65085190534591675, -0.62715131044387817, 0.59433990716934204, -0.50342953205108643, 0.27781325578689575, 0.77451229095458984, 0.56828737258911133),
            ["LeftUpperLeg"] = CFrame.new(0, 1.0381315007634839e-07, -0.00010000107431551442, 0.91522318124771118, 0.29858028888702393, 0.27058514952659607, 0.36408919095993042, -0.90048372745513916, -0.23784071207046509, 0.17264296114444733, 0.31619447469711304, -0.93285346031188965),
            ["LowerTorso"] = CFrame.new(2.8019293552006275e-08, -1.5220637321472168, -0.022718340158462524, 1, 0, 0, 0, 0.40285408496856689, -0.91526424884796143, 0, 0.91526424884796143, 0.40285408496856689),
            ["RightFoot"] = CFrame.new(-5.2154064178466797e-08, 0.018429338932037354, -0.00010257044777972624, 0.99774903059005737, 0.051302839070558548, 0.043184265494346619, -0.062422085553407669, 0.47524768114089966, 0.87763494253158569, 0.024501942098140717, -0.87835508584976196, 0.47738039493560791),
            ["RightHand"] = CFrame.new(-0.00048424303531646729, 0.024058699607849121, -2.5704503059387207e-07, 0.85102367401123047, -0.45323723554611206, 0.26520690321922302, 0.4915500283241272, 0.86524516344070435, -0.098637700080871582, -0.18476271629333496, 0.21430549025535583, 0.95913290977478027),
            ["RightLowerArm"] = CFrame.new(-7.7486038208007812e-07, 0.11650389432907104, 0.073548495769500732, 1, 0, 0, 0, 0.24035835266113281, -0.97068440914154053, 0, 0.97068440914154053, 0.24035835266113281),
            ["RightLowerLeg"] = CFrame.new(3.7252902984619141e-09, 0.084108412265777588, -0.025812061503529549, 1, -0, 0, 0, 0.73617172241210938, 0.67679476737976074, -0, -0.67679476737976074, 0.73617172241210938),
            ["RightUpperArm"] = CFrame.new(0.074498176574707031, -0.10923385620117188, -0.23878027498722076, 0.85103380680084229, 0.29749846458435059, 0.43270790576934814, 0.21842749416828156, -0.94991493225097656, 0.22349730134010315, 0.47752583026885986, -0.095688462257385254, -0.87339150905609131),
            ["RightUpperLeg"] = CFrame.new(-2.9802322387695312e-08, -8.3324053434807865e-08, -1.5505065675824881e-07, 0.99775004386901855, -0.029401000589132309, 0.060253474861383438, 0.060199867933988571, 0.78846478462219238, -0.61212682723999023, -0.029510606080293655, 0.61437678337097168, 0.78846073150634766),
            ["UpperTorso"] = CFrame.new(4.7512709322461433e-09, 0.01373523473739624, 0.022707462310791016, 1, 0, 0, 0, 0.95101433992385864, -0.3091467022895813, 0, 0.3091467022895813, 0.95101433992385864)
        }},
        {Time = 0.167, Data = {
            ["Head"] = CFrame.new(-2.6469779601696886e-23, 1.1920928955078125e-07, -4.4703483581542969e-08, 1, -0, 0, 0, 0.69552618265151978, 0.71850073337554932, -0, -0.71850073337554932, 0.69552618265151978),
            ["LeftFoot"] = CFrame.new(-3.7252902984619141e-09, -0.059409081935882568, -3.5166740417480469e-06, 0.99924850463867188, 0.029627146199345589, 0.024992674589157104, -0.028352553024888039, 0.9983518123626709, -0.049897376447916031, -0.026429798454046249, 0.049151275306940079, 0.99844157695770264),
            ["LeftHand"] = CFrame.new(0.00048518180847167969, 0.022395968437194824, 1.7881393432617188e-07, 0.78402513265609741, -0.53624314069747925, 0.3126465380191803, 0.44279107451438904, 0.83614027500152588, 0.32373672723770142, -0.43501797318458557, -0.11538063734769821, 0.89299869537353516),
            ["LeftLowerArm"] = CFrame.new(-0.00049963593482971191, 0.10894119739532471, 0.055819481611251831, 1, 0, 0, 0, 0.424446702003479, -0.90545296669006348, 0, 0.90545296669006348, 0.424446702003479),
