return {
["waving"] = {

          {Time = 0.000, Data = {

              ["Head"] = CFrame.new(0.000000, 0.000000, 0.000000, 1.000000, 0.000000, 0.000000, 0.000000, 1.000000, -0.000000, 0.000000, 0.000000, 1.000000),

              ["LeftFoot"] = CFrame.new(-0.000000, -0.001997, -0.000003, 0.996136, -0.067182, -0.056569, 0.067289, 0.997734, -0.000011, 0.056438, -0.003785, 0.998399),

              ["LeftHand"] = CFrame.new(0.000500, 0.000100, -0.000000, 1.000000, 0.000000, -0.000937, 0.000000, 1.000000, 0.000003, 0.000938, -0.000003, 1.000000),

              ["LeftLowerArm"] = CFrame.new(-0.000500, -0.000099, -0.000000, 1.000000, -0.000000, -0.000000, 0.000000, 1.000000, -0.000007, 0.000000, 0.000006, 1.000000),

              ["LeftLowerLeg"] = CFrame.new(0.000000, -0.001591, 0.000080, 1.000000, -0.000000, -0.000000, -0.000000, 1.000000, -0.000008, 0.000000, -0.000011, 1.000000),

              ["LeftUpperArm"] = CFrame.new(-0.000000, -0.000000, -0.000469, 1.000000, 0.000000, 0.000938, -0.000000, 1.000000, 0.000004, -0.000938, -0.000003, 1.000000),

              ["LeftUpperLeg"] = CFrame.new(0.000000, -0.000000, -0.000100, 0.996136, 0.067289, 0.056440, -0.067182, 0.997734, -0.003788, -0.056567, -0.000011, 0.998399),

              ["LowerTorso"] = CFrame.new(0.000000, 0.000000, 0.000000, 1.000000, 0.000000, -0.000000, 0.000000, 1.000000, 0.000000, 0.000000, 0.000000, 1.000000),

              ["RightFoot"] = CFrame.new(-0.000000, -0.000926, -0.000103, 0.997821, 0.050471, 0.042498, -0.050517, 0.998723, -0.000004, -0.042442, -0.002132, 0.999097),

              ["RightHand"] = CFrame.new(-0.000500, 0.000000, -0.000000, 1.000000, -0.000000, 0.000937, -0.000000, 1.000000, 0.000003, -0.000937, -0.000003, 1.000000),

              ["RightLowerArm"] = CFrame.new(0.000000, 0.000001, -0.000000, 1.000000, 0.000000, 0.000000, -0.000000, 1.000000, -0.000007, -0.000000, 0.000006, 1.000000),

              ["RightLowerLeg"] = CFrame.new(-0.000000, -0.000923, -0.000009, 1.000000, 0.000000, 0.000000, -0.000000, 1.000000, -0.000008, -0.000000, -0.000011, 1.000000),

              ["RightUpperArm"] = CFrame.new(0.000000, -0.000000, -0.000469, 1.000000, -0.000000, -0.000938, 0.000000, 1.000000, 0.000004, 0.000938, -0.000003, 1.000000),

              ["RightUpperLeg"] = CFrame.new(0.000000, -0.000000, -0.000000, 0.997821, -0.050517, -0.042443, 0.050472, 0.998723, -0.002135, 0.042497, -0.000004, 0.999097),

              ["UpperTorso"] = CFrame.new(0.000000, 0.000000, 0.000000, 1.000000, 0.000000, 0.000000, 0.000000, 1.000000, 0.000000, -0.000000, 0.000000, 1.000000)

          }},

          {Time = 0.033, Data = {

              ["Head"] = CFrame.new(0.000000, 0.000000, 0.000000, 1.000000, 0.000000, 0.000000, 0.000000, 1.000000, -0.000000, 0.000000, 0.000000, 1.000000),

              ["LeftFoot"] = CFrame.new(-0.000000, -0.001997, -0.000003, 0.996136, -0.067182, -0.056569, 0.067289, 0.997734, -0.000011, 0.056438, -0.003785, 0.998399),

              ["LeftHand"] = CFrame.new(0.000499, 0.000980, -0.000000, 0.999999, -0.001011, -0.000344, 0.001008, 0.999970, -0.007711, 0.000351, 0.007710, 0.999970),

              ["LeftLowerArm"] = CFrame.new(-0.000500, 0.004073, 0.000047, 1.000000, -0.000000, -0.000000, 0.000000, 0.999454, -0.033048, 0.000000, 0.033047, 0.999454),

              ["LeftLowerLeg"] = CFrame.new(0.000000, -0.001591, 0.000080, 1.000000, -0.000000, -0.000000, -0.000000, 1.000000, -0.000008, 0.000000, -0.000011, 1.000000),

              ["LeftUpperArm"] = CFrame.new(0.001768, -0.000345, -0.000009, 1.000000, 0.000898, 0.000406, -0.000903, 0.999904, 0.013869, -0.000393, -0.013868, 0.999904),

              ["LeftUpperLeg"] = CFrame.new(0.000000, -0.000000, -0.000100, 0.996136, 0.067289, 0.056440, -0.067182, 0.997734, -0.003788, -0.056567, -0.000011, 0.998399),

              ["LowerTorso"] = CFrame.new(0.000000, 0.000000, 0.000000, 1.000000, 0.000000, -0.000000, 0.000000, 1.000000, 0.000000, 0.000000, 0.000000, 1.000000),

              ["RightFoot"] = CFrame.new(-0.000000, -0.000926, -0.000103, 0.997821, 0.050471, 0.042498, -0.050517, 0.998723, -0.000004, -0.042442, -0.002132, 0.999097),

              ["RightHand"] = CFrame.new(-0.000500, 0.000661, -0.000000, 0.999999, 0.001757, -0.000091, -0.001758, 0.999951, -0.009725, 0.000074, 0.009725, 0.999953),

              ["RightLowerArm"] = CFrame.new(-0.000000, 0.003105, 0.000025, 1.000000, 0.000000, 0.000000, -0.000000, 0.999699, -0.024520, -0.000000, 0.024519, 0.999699),

              ["RightLowerLeg"] = CFrame.new(-0.000000, -0.000923, -0.000009, 1.000000, 0.000000, 0.000000, -0.000000, 1.000000, -0.000008, -0.000000, -0.000011, 1.000000),

              ["RightUpperArm"] = CFrame.new(-0.002142, -0.000263, 0.002202, 0.999990, -0.001070, 0.004397, 0.001040, 0.999977, 0.006657, -0.004404, -0.006651, 0.999968),

              ["RightUpperLeg"] = CFrame.new(0.000000, -0.000000, -0.000000, 0.997821, -0.050517, -0.042443, 0.050472, 0.998723, -0.002135, 0.042497, -0.000004, 0.999097),

              ["UpperTorso"] = CFrame.new(0.000000, 0.000000, 0.000000, 1.000000, 0.000000, 0.000000, 0.000000, 1.000000, 0.000000, -0.000000, 0.000000, 1.000000)

          }},

          {Time = 0.067, Data = {

              ["Head"] = CFrame.new(0.000000, 0.000000, 0.000000, 1.000000, 0.000000, 0.000000, 0.000000, 1.000000, -0.000000, 0.000000, 0.000000, 1.000000),

              ["LeftFoot"] = CFrame.new(-0.000000, -0.001997, -0.000003, 0.996136, -0.067182, -0.056569, 0.067289, 0.997734, -0.000011, 0.056438, -0.003785, 0.998399),

              ["LeftHand"] = CFrame.new(0.000498, 0.003325, -0.000000, 0.999992, -0.003810, 0.001307, 0.003838, 0.999753, -0.021903, -0.001223, 0.021908, 0.999759),

              ["LeftLowerArm"] = CFrame.new(-0.000500, 0.016802, 0.000923, 1.000000, -0.000000, -0.000000, 0.000000, 0.990468, -0.137741, 0.000000, 0.137741, 0.990468),

              ["LeftLowerLeg"] = CFrame.new(0.000000, -0.001591, 0.000080, 1.000000, -0.000000, -0.000000, -0.000000, 1.000000, -0.000008, 0.000000, -0.000011, 1.000000),

              ["LeftUpperArm"] = CFrame.new(0.006827, -0.001362, 0.001093, 0.999994, 0.003583, -0.000530, -0.003546, 0.998258, 0.058891, 0.000740, -0.058888, 0.998264),

              ["LeftUpperLeg"] = CFrame.new(0.000000, -0.000000, -0.000100, 0.996136, 0.067289, 0.056440, -0.067182, 0.997734, -0.003788, -0.056567, -0.000011, 0.998399),

              ["LowerTorso"] = CFrame.new(0.000000, 0.000000, 0.000000, 1.000000, 0.000000, -0.000000, 0.000000, 1.000000, 0.000000, 0.000000, 0.000000, 1.000000),

              ["RightFoot"] = CFrame.new(-0.000000, -0.000926, -0.000103, 0.997821, 0.050471, 0.042498, -0.050517, 0.998723, -0.000004, -0.042442, -0.002132, 0.999097),

              ["RightHand"] = CFrame.new(-0.000498, 0.002618, -0.000000, 0.999977, 0.006196, -0.002696, -0.006273, 0.999546, -0.029461, 0.002512, 0.029477, 0.999562),

              ["RightLowerArm"] = CFrame.new(-0.000000, 0.013381, 0.000565, 1.000000, 0.000000, 0.000000, -0.000000, 0.994119, -0.108299, -0.000000, 0.108299, 0.994118),

              ["RightLowerLeg"] = CFrame.new(-0.000000, -0.000923, -0.000009, 1.000000, 0.000000, 0.000000, -0.000000, 1.000000, -0.000008, -0.000000, -0.000011, 1.000000),

              ["RightUpperArm"] = CFrame.new(-0.008200, -0.001187, 0.009305, 0.999817, -0.004986, 0.018452, 0.004362, 0.999424, 0.033672, -0.018609, -0.033584, 0.999263),

              ["RightUpperLeg"] = CFrame.new(0.000000, -0.000000, -0.000000, 0.997821, -0.050517, -0.042443, 0.050472, 0.998723, -0.002135, 0.042497, -0.000004, 0.999097),

              ["UpperTorso"] = CFrame.new(0.000000, 0.000000, 0.000000, 1.000000, 0.000000, 0.000000, 0.000000, 1.000000, 0.000000, -0.000000, 0.000000, 1.000000)

          }},

          {Time = 0.100, Data = {

              ["Head"] = CFrame.new(0.000000, 0.000000, 0.000000, 1.000000, 0.000000, 0.000000, 0.000000, 1.000000, -0.000000, 0.000000, 0.000000, 1.000000),

              ["LeftFoot"] = CFrame.new(-0.000000, -0.001997, -0.000003, 0.996136, -0.067182, -0.056569, 0.067289, 0.997734, -0.000011, 0.056438, -0.003785, 0.998399),

              ["LeftHand"] = CFrame.new(0.000496, 0.006125, -0.000000, 0.999960, -0.008106, 0.003849, 0.008271, 0.998951, -0.045043, -0.003480, 0.045073, 0.998978),

              ["LeftLowerArm"] = CFrame.new(-0.000500, 0.034690, 0.004242, 1.000000, -0.000000, -0.000000, 0.000000, 0.956745, -0.290930, 0.000000, 0.290930, 0.956744),

              ["LeftLowerLeg"] = CFrame.new(0.000000, -0.001591, 0.000080, 1.000000, -0.000000, -0.000000, -0.000000, 1.000000, -0.000008, 0.000000, -0.000011, 1.000000),

              ["LeftUpperArm"] = CFrame.new(0.014803, -0.003054, 0.002290, 0.999968, 0.008011, -0.000447, -0.007893, 0.992136, 0.124916, 0.001444, -0.124908, 0.992167),

              ["LeftUpperLeg"] = CFrame.new(0.000000, -0.000000, -0.000100, 0.996136, 0.067289, 0.056440, -0.067182, 0.997734, -0.003788, -0.056567, -0.000011, 0.998399),

              ["LowerTorso"] = CFrame.new(0.000000, 0.000000, 0.000000, 1.000000, 0.000000, -0.000000, 0.000000, 1.000000, 0.000000, 0.000000, 0.000000, 1.000000),

              ["RightFoot"] = CFrame.new(-0.000000, -0.000926, -0.000103, 0.997821, 0.050471, 0.042498, -0.050517, 0.998723, -0.000004, -0.042442, -0.002132, 0.999097),

              ["RightHand"] = CFrame.new(-0.000497, 0.005182, -0.000000, 0.999912, 0.011818, -0.006009, -0.012149, 0.998218, -0.058418, 0.005308, 0.058485, 0.998274),

              ["RightLowerArm"] = CFrame.new(0.000000, 0.029167, 0.002916, 1.000000, 0.000000, 0.000000, -0.000000, 0.970210, -0.242267, -0.000000, 0.242267, 0.970209),

              ["RightLowerLeg"] = CFrame.new(-0.000000, -0.000923, -0.000009, 1.000000, 0.000000, 0.000000, -0.000000, 1.000000, -0.000008, -0.000000, -0.000011, 1.000000),

              ["RightUpperArm"] = CFrame.new(-0.017583, -0.003105, 0.019441, 0.999188, -0.013580, 0.037923, 0.010526, 0.996771, 0.079611, -0.038881, -0.079147, 0.996104),

              ["RightUpperLeg"] = CFrame.new(0.000000, -0.000000, -0.000000, 0.997821, -0.050517, -0.042443, 0.050472, 0.998723, -0.002135, 0.042497, -0.000004, 0.999097),

              ["UpperTorso"] = CFrame.new(0.000000, 0.000000, 0.000000, 1.000000, 0.000000, 0.000000, 0.000000, 1.000000, 0.000000, -0.000000, 0.000000, 1.000000)

          }},

          {Time = 0.133, Data = {

              ["Head"] = CFrame.new(0.000000, 0.000000, 0.000000, 1.000000, 0.000000, 0.000000, 0.000000, 1.000000, -0.000000, 0.000000, 0.000000, 1.000000),

              ["LeftFoot"] = CFrame.new(-0.000000, -0.001997, -0.000003, 0.996136, -0.067182, -0.056569, 0.067289, 0.997734, -0.000011, 0.056438, -0.003785, 0.998399),

              ["LeftHand"] = CFrame.new(0.000494, 0.009040, -0.000000, 0.999877, -0.013881, 0.007281, 0.014418, 0.996718, -0.079664, -0.006151, 0.079758, 0.996795),

              ["LeftLowerArm"] = CFrame.new(-0.000500, 0.054702, 0.011314, 1.000000, -0.000000, -0.000000, 0.000000, 0.884809, -0.465954, 0.000000, 0.465955, 0.884809),

              ["LeftLowerLeg"] = CFrame.new(0.000000, -0.001591, 0.000080, 1.000000, -0.000000, -0.000000, -0.000000, 1.000000, -0.000008, 0.000000, -0.000011, 1.000000),

              ["LeftUpperArm"] = CFrame.new(0.025321, -0.005460, 0.002932, 0.999902, 0.013788, 0.002329, -0.013975, 0.979386, 0.201513, 0.000497, -0.201525, 0.979483),

              ["LeftUpperLeg"] = CFrame.new(0.000000, -0.000000, -0.000100, 0.996136, 0.067289, 0.056440, -0.067182, 0.997734, -0.003788, -0.056567, -0.000011, 0.998399),

              ["LowerTorso"] = CFrame.new(0.000000, 0.000000, 0.000000, 1.000000, 0.000000, -0.000000, 0.000000, 1.000000, 0.000000, 0.000000, 0.000000, 1.000000),

              ["RightFoot"] = CFrame.new(-0.000000, -0.000926, -0.000103, 0.997821, 0.050471, 0.042498, -0.050517, 0.998723, -0.000004, -0.042442, -0.002132, 0.999097),

              ["RightHand"] = CFrame.new(-0.000495, 0.007931, 0.000000, 0.999809, 0.017226, -0.009220, -0.018070, 0.994731, -0.100917, 0.007433, 0.101063, 0.994852),

              ["RightLowerArm"] = CFrame.new(0.000000, 0.047879, 0.008426, 1.000000, 0.000000, 0.000000, -0.000000, 0.914220, -0.405219, -0.000000, 0.405219, 0.914220),

              ["RightLowerLeg"] = CFrame.new(-0.000000, -0.000923, -0.000009, 1.000000, 0.000000, 0.000000, -0.000000, 1.000000, -0.000008, -0.000000, -0.000011, 1.000000),

              ["RightUpperArm"] = CFrame.new(-0.029712, -0.006403, 0.031302, 0.997834, -0.028613, 0.059231, 0.020197, 0.990212, 0.138106, -0.062603, -0.136610, 0.988645),

              ["RightUpperLeg"] = CFrame.new(0.000000, -0.000000, -0.000000, 0.997821, -0.050517, -0.042443, 0.050472, 0.998723, -0.002135, 0.042497, -0.000004, 0.999097),

              ["UpperTorso"] = CFrame.new(0.000000, 0.000000, 0.000000, 1.000000, 0.000000, 0.000000, 0.000000, 1.000000, 0.000000, -0.000000, 0.000000, 1.000000)

          }},

          {Time = 0.167, Data = {

              ["Head"] = CFrame.new(0.000000, 0.000000, 0.000000, 1.000000, 0.000000, 0.000000, 0.000000, 1.000000, -0.000000, 0.000000, 0.000000, 1.000000),

              ["LeftFoot"] = CFrame.new(-0.000000, -0.001997, -0.000003, 0.996136, -0.067182, -0.056569, 0.067289, 0.997734, -0.000011, 0.056438, -0.003785, 0.998399),

              ["LeftHand"] = CFrame.new(0.000491, 0.013358, -0.000000, 0.999697, -0.021575, 0.011864, 0.022905, 0.991687, -0.126623, -0.009034, 0.126855, 0.991880),

              ["LeftLowerArm"] = CFrame.new(-0.000500, 0.075213, 0.022271, 1.000000, -0.000000, -0.000000, 0.000000, 0.772451, -0.635073, 0.000000, 0.635074, 0.772452),

              ["LeftLowerLeg"] = CFrame.new(0.000000, -0.001591, 0.000080, 1.000000, -0.000000, -0.000000, -0.000000, 1.000000, -0.000008, 0.000000, -0.000011, 1.000000),

              ["LeftUpperArm"] = CFrame.new(0.037993, -0.008638, 0.002265, 0.999755, 0.020020, 0.009477, -0.021866, 0.960311, 0.278073, -0.003534, -0.278211, 0.960513),

              ["LeftUpperLeg"] = CFrame.new(0.000000, -0.000000, -0.000100, 0.996136, 0.067289, 0.056440, -0.067182, 0.997734, -0.003788, -0.056567, -0.000011, 0.998399),

              ["LowerTorso"] = CFrame.new(0.000000, 0.000000, 0.000000, 1.000000, 0.000000, -0.000000, 0.000000, 1.000000, 0.000000, 0.000000, 0.000000, 1.000000),

              ["RightFoot"] = CFrame.new(-0.000000, -0.000926, -0.000103, 0.997821, 0.050471, 0.042498, -0.050517, 0.998723, -0.000004, -0.042442, -0.002132, 0.999097),

              ["RightHand"] = CFrame.new(-0.000493, 0.011128, 0.000000, 0.999699, 0.021507, -0.011807, -0.023106, 0.987116, -0.158332, 0.008250, 0.158556, 0.987315),

              ["RightLowerArm"] = CFrame.new(-0.000000, 0.067624, 0.017911, 1.000000, 0.000000, 0.000000, -0.000000, 0.817415, -0.576048, -0.000000, 0.576049, 0.817416),

              ["RightLowerLeg"] = CFrame.new(-0.000000, -0.000923, -0.000009, 1.000000, 0.000000, 0.000000, -0.000000, 1.000000, -0.000008, -0.000000, -0.000011, 1.000000),

              ["RightUpperArm"] = CFrame.new(-0.044061, -0.011466, 0.043717, 0.995589, -0.051052, 0.078720, 0.034035, 0.978369, 0.204050, -0.087434, -0.200470, 0.975790),

              ["RightUpperLeg"] = CFrame.new(0.000000, -0.000000, -0.000000, 0.997821, -0.050517, -0.042443, 0.050472, 0.998723, -0.002135, 0.042497, -0.000004, 0.999097),

              ["UpperTorso"] = CFrame.new(0.000000, 0.000000, 0.000000, 1.000000, 0.000000, 0.000000, 0.000000, 1.000000, 0.000000, -0.000000, 0.000000, 1.000000)

          }},

          {Time = 0.200, Data = {

              ["Head"] = CFrame.new(0.000000, 0.000000, 0.000000, 1.000000, 0.000000, 0.000000, 0.000000, 1.000000, -0.000000, 0.000000, 0.000000, 1.000000),

              ["LeftFoot"] = CFrame.new(-0.000000, -0.001997, -0.000003, 0.996136, -0.067182, -0.056569, 0.067289, 0.997734, -0.000011, 0.056438, -0.003785, 0.998399),

              ["LeftHand"] = CFrame.new(0.000487, 0.019177, 0.000000, 0.999314, -0.032243, 0.018219, 0.034934, 0.984010, -0.174655, -0.012296, 0.175171, 0.984461),

              ["LeftLowerArm"] = CFrame.new(-0.000500, 0.095032, 0.037313, 1.000000, -0.000000, -0.000000, 0.000000, 0.616418, -0.787419, 0.000000, 0.787419, 0.616418),

              ["LeftLowerLeg"] = CFrame.new(0.000000, -0.001591, 0.000080, 1.000000, -0.000000, -0.000000, -0.000000, 1.000000, -0.000008, 0.000000, -0.000011, 1.000000),

              ["LeftUpperArm"] = CFrame.new(0.052401, -0.012657, -0.000680, 0.999421, 0.025193, 0.022892, -0.031659, 0.935025, 0.353167, -0.012507, -0.353687, 0.935280),

              ["LeftUpperLeg"] = CFrame.new(0.000000, -0.000000, -0.000100, 0.996136, 0.067289, 0.056440, -0.067182, 0.997734, -0.003788, -0.056567, -0.000011, 0.998399),

              ["LowerTorso"] = CFrame.new(0.000000, 0.000000, 0.000000, 1.000000, 0.000000, -0.000000, 0.000000, 1.000000, 0.000000, 0.000000, 0.000000, 1.000000),

              ["RightFoot"] = CFrame.new(-0.000000, -0.000926, -0.000103, 0.997821, 0.050471, 0.042498, -0.050517, 0.998723, -0.000004, -0.042442, -0.002132, 0.999097),

              ["RightHand"] = CFrame.new(-0.000489, 0.017124, -0.000000, 0.999605, 0.024551, -0.013712, -0.027045, 0.972906, -0.229613, 0.007703, 0.229892, 0.973185),

              ["RightLowerArm"] = CFrame.new(-0.000000, 0.088188, 0.031125, 1.000000, 0.000000, 0.000000, -0.000000, 0.680661, -0.732598, -0.000000, 0.732599, 0.680661),

              ["RightLowerLeg"] = CFrame.new(-0.000000, -0.000923, -0.000009, 1.000000, 0.000000, 0.000000, -0.000000, 1.000000, -0.000008, -0.000000, -0.000011, 1.000000),

              ["RightUpperArm"] = CFrame.new(-0.060165, -0.018695, 0.055544, 0.992410, -0.080681, 0.092803, 0.052740, 0.960996, 0.271488, -0.111087, -0.264532, 0.957957),

              ["RightUpperLeg"] = CFrame.new(0.000000, -0.000000, -0.000000, 0.997821, -0.050517, -0.042443, 0.050472, 0.998723, -0.002135, 0.042497, -0.000004, 0.999097),

              ["UpperTorso"] = CFrame.new(0.000000, 0.000000, 0.000000, 1.000000, 0.000000, 0.000000, 0.000000, 1.000000, 0.000000, -0.000000, 0.000000, 1.000000)

          }},

          {Time = 0.233, Data = {

              ["Head"] = CFrame.new(0.000000, 0.000000, 0.000000, 1.000000, 0.000000, 0.000000, 0.000000, 1.000000, -0.000000, 0.000000, 0.000000, 1.000000),

              ["LeftFoot"] = CFrame.new(-0.000000, -0.001997, -0.000003, 0.996136, -0.067182, -0.056569, 0.067289, 0.997734, -0.000011, 0.056438, -0.003785, 0.998399),

              ["LeftHand"] = CFrame.new(0.000485, 0.022636, -0.000000, 0.998482, -0.047763, 0.027443, 0.052367, 0.977603, -0.203841, -0.017092, 0.204967, 0.978619),

              ["LeftLowerArm"] = CFrame.new(-0.000500, 0.109969, 0.057684, 1.000000, -0.000000, -0.000000, 0.000000, 0.405058, -0.914291, 0.000000, 0.914291, 0.405058),

              ["LeftLowerLeg"] = CFrame.new(0.000000, -0.001591, 0.000080, 1.000000, -0.000000, -0.000000, -0.000000, 1.000000, -0.000008, 0.000000, -0.000011, 1.000000),

              ["LeftUpperArm"] = CFrame.new(0.068048, -0.017560, -0.007261, 0.998635, 0.026648, 0.044917, -0.043395, 0.901925, 0.429707, -0.029061, -0.431069, 0.901850),

              ["LeftUpperLeg"] = CFrame.new(0.000000, -0.000000, -0.000100, 0.996136, 0.067289, 0.056440, -0.067182, 0.997734, -0.003788, -0.056567, -0.000011, 0.998399),

              ["LowerTorso"] = CFrame.new(0.000000, 0.000000, 0.000000, 1.000000, 0.000000, -0.000000, 0.000000, 1.000000, 0.000000, 0.000000, 0.000000, 1.000000),

              ["RightFoot"] = CFrame.new(-0.000000, -0.000926, -0.000103, 0.997821, 0.050471, 0.042498, -0.050517, 0.998723, -0.000004, -0.042442, -0.002132, 0.999097),

              ["RightHand"] = CFrame.new(-0.000486, 0.021469, -0.000000, 0.999498, 0.027569, -0.015648, -0.030953, 0.955282, -0.294073, 0.006841, 0.294408, 0.955655),

              ["RightLowerArm"] = CFrame.new(-0.000000, 0.105462, 0.050025, 1.000000, 0.000000, 0.000000, -0.000000, 0.484580, -0.874747, -0.000000, 0.874747, 0.484581),

              ["RightLowerLeg"] = CFrame.new(-0.000000, -0.000923, -0.000009, 1.000000, 0.000000, 0.000000, -0.000000, 1.000000, -0.000008, -0.000000, -0.000011, 1.000000),

              ["RightUpperArm"] = CFrame.new(-0.077639, -0.028599, 0.065308, 0.988421, -0.117761, 0.095685, 0.077220, 0.933235, 0.350871, -0.130615, -0.339419, 0.931523),

              ["RightUpperLeg"] = CFrame.new(0.000000, -0.000000, -0.000000, 0.997821, -0.050517, -0.042443, 0.050472, 0.998723, -0.002135, 0.042497, -0.000004, 0.999097),

              ["UpperTorso"] = CFrame.new(0.000000, 0.000000, 0.000000, 1.000000, 0.000000, 0.000000, 0.000000, 1.000000, 0.000000, -0.000000, 0.000000, 1.000000)

          }},

          {Time = 0.267, Data = {

              ["Head"] = CFrame.new(0.000000, 0.000000, 0.000000, 1.000000, 0.000000, 0.000000, 0.000000, 1.000000, -0.000000, 0.000000, 0.000000, 1.000000),

              ["LeftFoot"] = CFrame.new(-0.000000, -0.001997, -0.000003, 0.996136, -0.067182, -0.056569, 0.067289, 0.997734, -0.000011, 0.056438, -0.003785, 0.998399),

              ["LeftHand"] = CFrame.new(0.000484, 0.024643, 0.000000, 0.996624, -0.071009, 0.041206, 0.077900, 0.976374, -0.201557, -0.025920, 0.204086, 0.978610),

              ["LeftLowerArm"] = CFrame.new(-0.000499, 0.118413, 0.082222, 1.000000, -0.000000, 0.000000, 0.000000, 0.150440, -0.988619, 0.000000, 0.988619, 0.150440),

              ["LeftLowerLeg"] = CFrame.new(0.000000, -0.001591, 0.000080, 1.000000, -0.000000, -0.000000, -0.000000, 1.000000, -0.000008, 0.000000, -0.000011, 1.000000),

              ["LeftUpperArm"] = CFrame.new(0.084244, -0.023256, -0.019413, 0.996755, 0.020814, 0.077761, -0.056852, 0.865915, 0.496950, -0.056991, -0.499758, 0.864288),

              ["LeftUpperLeg"] = CFrame.new(0.000000, -0.000000, -0.000100, 0.996136, 0.067289, 0.056440, -0.067182, 0.997734, -0.003788, -0.056567, -0.000011, 0.998399),

              ["LowerTorso"] = CFrame.new(0.000000, 0.000000, 0.000000, 1.000000, 0.000000, -0.000000, 0.000000, 1.000000, 0.000000, 0.000000, 0.000000, 1.000000),

              ["RightFoot"] = CFrame.new(-0.000000, -0.000926, -0.000103, 0.997821, 0.050471, 0.042498, -0.050517, 0.998723, -0.000004, -0.042442, -0.002132, 0.999097),

              ["RightHand"] = CFrame.new(-0.000484, 0.024106, 0.000000, 0.999212, 0.034377, -0.019847, -0.039102, 0.938486, -0.343099, 0.006831, 0.343602, 0.939090),

              ["RightLowerArm"] = CFrame.new(-0.000001, 0.116739, 0.074405, 1.000000, 0.000000, 0.000000, -0.000000, 0.231513, -0.972832, -0.000000, 0.972832, 0.231513),

              ["RightLowerLeg"] = CFrame.new(-0.000000, -0.000923, -0.000009, 1.000000, 0.000000, 0.000000, -0.000000, 1.000000, -0.000008, -0.000000, -0.000011, 1.000000),

              ["RightUpperArm"] = CFrame.new(-0.096263, -0.041885, 0.070320, 0.984066, -0.158881, 0.079814, 0.108785, 0.893082, 0.436545, -0.140639, -0.420906, 0.896135),

              ["RightUpperLeg"] = CFrame.new(0.000000, -0.000000, -0.000000, 0.997821, -0.050517, -0.042443, 0.050472, 0.998723, -0.002135, 0.042497, -0.000004, 0.999097),

              ["UpperTorso"] = CFrame.new(0.000000, 0.000000, 0.000000, 1.000000, 0.000000, 0.000000, 0.000000, 1.000000, 0.000000, -0.000000, 0.000000, 1.000000)

          }},

          {Time = 0.300, Data = {

              ["Head"] = CFrame.new(0.000000, 0.000000, 0.000000, 1.000000, 0.000000, 0.000000, 0.000000, 1.000000, -0.000000, 0.000000, 0.000000, 1.000000),

              ["LeftFoot"] = CFrame.new(-0.000000, -0.001997, -0.000003, 0.996136, -0.067182, -0.056569, 0.067289, 0.997734, -0.000011, 0.056438, -0.003785, 0.998399),

              ["LeftHand"] = CFrame.new(0.000483, 0.026109, 0.000000, 0.992502, -0.105572, 0.061591, 0.113517, 0.982998, -0.144320, -0.045307, 0.150229, 0.987612),

              ["LeftLowerArm"] = CFrame.new(-0.000499, 0.119365, 0.109012, 1.000000, -0.000000, 0.000000, 0.000000, -0.127807, -0.991799, 0.000000, 0.991799, -0.127808),

              ["LeftLowerLeg"] = CFrame.new(0.000000, -0.001591, 0.000080, 1.000000, -0.000000, -0.000000, -0.000000, 1.000000, -0.000008, 0.000000, -0.000011, 1.000000),

              ["LeftUpperArm"] = CFrame.new(0.099903, -0.029312, -0.039554, 0.992336, 0.004465, 0.123487, -0.071116, 0.837891, 0.541186, -0.101053, -0.545820, 0.831787),

              ["LeftUpperLeg"] = CFrame.new(0.000000, -0.000000, -0.000100, 0.996136, 0.067289, 0.056440, -0.067182, 0.997734, -0.003788, -0.056567, -0.000011, 0.998399),

              ["LowerTorso"] = CFrame.new(0.000000, 0.000000, 0.000000, 1.000000, 0.000000, -0.000000, 0.000000, 1.000000, 0.000000, 0.000000, 0.000000, 1.000000),

              ["RightFoot"] = CFrame.new(-0.000000, -0.000926, -0.000103, 0.997821, 0.050471, 0.042498, -0.050517, 0.998723, -0.000004, -0.042442, -0.002132, 0.999097),

              ["RightHand"] = CFrame.new(-0.000483, 0.025738, 0.000000, 0.997962, 0.055085, -0.032215, -0.063062, 0.928540, -0.365840, 0.009761, 0.367123, 0.930120),

              ["RightLowerArm"] = CFrame.new(-0.000001, 0.119962, 0.102922, 1.000000, 0.000000, -0.000000, -0.000000, -0.064559, -0.997914, -0.000000, 0.997914, -0.064559),

              ["RightLowerLeg"] = CFrame.new(-0.000000, -0.000923, -0.000009, 1.000000, 0.000000, 0.000000, -0.000000, 1.000000, -0.000008, -0.000000, -0.000011, 1.000000),

              ["RightUpperArm"] = CFrame.new(-0.116113, -0.059514, 0.064361, 0.980385, -0.194314, 0.032965, 0.149249, 0.841187, 0.519739, -0.128722, -0.504625, 0.853689),

              ["RightUpperLeg"] = CFrame.new(0.000000, -0.000000, -0.000000, 0.997821, -0.050517, -0.042443, 0.050472, 0.998723, -0.002135, 0.042497, -0.000004, 0.999097),

              ["UpperTorso"] = CFrame.new(0.000000, 0.000000, 0.000000, 1.000000, 0.000000, 0.000000, 0.000000, 1.000000, 0.000000, -0.000000, 0.000000, 1.000000)

          }},

          {Time = 0.333, Data = {

              ["Head"] = CFrame.new(0.000000, 0.000000, 0.000000, 0.999994, -0.003494, 0.000000, 0.003494, 0.999994, -0.000000, 0.000000, 0.000000, 1.000000),

              ["LeftFoot"] = CFrame.new(-0.000000, -0.001997, -0.000003, 0.996136, -0.067182, -0.056569, 0.067289, 0.997734, -0.000011, 0.056438, -0.003785, 0.998399),

              ["LeftHand"] = CFrame.new(0.000482, 0.027233, -0.000000, 0.994249, -0.092427, 0.054094, 0.092818, 0.995672, -0.004753, -0.053420, 0.009748, 0.998525),

              ["LeftLowerArm"] = CFrame.new(-0.000499, 0.112257, 0.135222, 1.000000, -0.000000, 0.000000, 0.000000, -0.400134, -0.916456, 0.000000, 0.916457, -0.400136),

              ["LeftLowerLeg"] = CFrame.new(0.000000, -0.001591, 0.000080, 1.000000, -0.000000, -0.000000, -0.000000, 1.000000, -0.000008, 0.000000, -0.000011, 1.000000),

              ["LeftUpperArm"] = CFrame.new(0.112621, -0.031733, -0.075046, 0.981302, -0.029308, 0.190231, -0.078153, 0.842526, 0.532956, -0.175895, -0.537858, 0.824482),

              ["LeftUpperLeg"] = CFrame.new(0.000000, -0.000000, -0.000100, 0.996136, 0.067289, 0.056440, -0.067182, 0.997734, -0.003788, -0.056567, -0.000011, 0.998399),

              ["LowerTorso"] = CFrame.new(0.000000, 0.000000, 0.000000, 1.000000, 0.000000, -0.000000, 0.000000, 1.000000, 0.000000, 0.000000, 0.000000, 1.000000),

              ["RightFoot"] = CFrame.new(-0.000000, -0.000926, -0.000103, 0.997821, 0.050471, 0.042498, -0.050517, 0.998723, -0.000004, -0.042442, -0.002132, 0.999097),

              ["RightHand"] = CFrame.new(-0.000482, 0.027010, 0.000000, 0.999435, 0.028857, -0.017226, -0.033070, 0.935728, -0.351172, 0.005985, 0.351541, 0.936153),

              ["RightLowerArm"] = CFrame.new(-0.000001, 0.113548, 0.132387, 1.000000, 0.000000, -0.000000, -0.000000, -0.370673, -0.928763, -0.000000, 0.928764, -0.370674),

              ["RightLowerLeg"] = CFrame.new(-0.000000, -0.000923, -0.000009, 1.000000, 0.000000, 0.000000, -0.000000, 1.000000, -0.000008, -0.000000, -0.000011, 1.000000),

              ["RightUpperArm"] = CFrame.new(-0.134607, -0.088132, 0.045298, 0.973106, -0.225240, -0.048288, 0.211796, 0.792375, 0.572087, -0.090595, -0.566929, 0.818770),

              ["RightUpperLeg"] = CFrame.new(0.000000, -0.000000, -0.000000, 0.997821, -0.050517, -0.042443, 0.050472, 0.998723, -0.002135, 0.042497, -0.000004, 0.999097),

              ["UpperTorso"] = CFrame.new(0.000000, 0.000000, 0.000000, 1.000000, 0.000000, 0.000000, 0.000000, 1.000000, 0.000000, -0.000000, 0.000000, 1.000000)

          }},

          {Time = 0.367, Data = {

              ["Head"] = CFrame.new(0.000000, 0.000000, 0.000000, 0.999915, -0.013076, 0.000000, 0.013076, 0.999915, -0.000000, 0.000000, 0.000000, 1.000000),

              ["LeftFoot"] = CFrame.new(-0.000000, -0.001997, -0.000003, 0.996136, -0.067182, -0.056569, 0.067289, 0.997734, -0.000011, 0.056438, -0.003785, 0.998399),

              ["LeftHand"] = CFrame.new(0.000481, 0.028248, 0.000000, 0.996774, 0.069368, -0.040361, -0.056675, 0.964486, 0.257985, 0.056822, -0.254862, 0.965306),

              ["LeftLowerArm"] = CFrame.new(-0.000497, 0.099653, 0.155976, 1.000000, -0.000000, 0.000000, 0.000000, -0.615931, -0.787800, 0.000000, 0.787800, -0.615932),

              ["LeftLowerLeg"] = CFrame.new(0.000000, -0.001591, 0.000080, 1.000000, -0.000000, -0.000000, -0.000000, 1.000000, -0.000008, 0.000000, -0.000011, 1.000000),

              ["LeftUpperArm"] = CFrame.new(0.120991, -0.025355, -0.118218, 0.961574, -0.042759, 0.271197, -0.067594, 0.920521, 0.384802, -0.266096, -0.388347, 0.882258),

              ["LeftUpperLeg"] = CFrame.new(0.000000, -0.000000, -0.000100, 0.996136, 0.067289, 0.056440, -0.067182, 0.997734, -0.003788, -0.056567, -0.000011, 0.998399),

              ["LowerTorso"] = CFrame.new(0.000000, 0.000000, 0.000000, 1.000000, 0.000000, -0.000000, 0.000000, 1.000000, 0.000000, 0.000000, 0.000000, 1.000000),

              ["RightFoot"] = CFrame.new(-0.000000, -0.000926, -0.000103, 0.997821, 0.050471, 0.042498, -0.050517, 0.998723, -0.000004, -0.042442, -0.002132, 0.999097),

              ["RightHand"] = CFrame.new(-0.000481, 0.028222, 0.000000, 0.988002, -0.133691, 0.077323, 0.148975, 0.957005, -0.248896, -0.040722, 0.257427, 0.965439),

              ["RightLowerArm"] = CFrame.new(-0.000003, 0.098720, 0.157235, 1.000000, 0.000000, -0.000000, -0.000000, -0.629019, -0.777389, -0.000000, 0.777390, -0.629021),

              ["RightLowerLeg"] = CFrame.new(-0.000000, -0.000923, -0.000009, 1.000000, 0.000000, 0.000000, -0.000000, 1.000000, -0.000008, -0.000000, -0.000011, 1.000000),

              ["RightUpperArm"] = CFrame.new(-0.139233, -0.152170, 0.014457, 0.938089, -0.305007, -0.164194, 0.345186, 0.783559, 0.516607, -0.028913, -0.541301, 0.840332),

              ["RightUpperLeg"] = CFrame.new(0.000000, -0.000000, -0.000000, 0.997821, -0.050517, -0.042443, 0.050472, 0.998723, -0.002135, 0.042497, -0.000004, 0.999097),

              ["UpperTorso"] = CFrame.new(0.000000, 0.000000, 0.000000, 1.000000, 0.000000, 0.000000, 0.000000, 1.000000, 0.000000, -0.000000, 0.000000, 1.000000)

          }},

          {Time = 0.400, Data = {

              ["Head"] = CFrame.new(0.000000, 0.000000, 0.000000, 0.999625, -0.027396, 0.000000, 0.027396, 0.999625, -0.000000, 0.000000, 0.000000, 1.000000),

              ["LeftFoot"] = CFrame.new(-0.000000, -0.001997, -0.000003, 0.996136, -0.067182, -0.056569, 0.067289, 0.997734, -0.000011, 0.056438, -0.003785, 0.998399),

              ["LeftHand"] = CFrame.new(0.000481, 0.028883, 0.000000, 0.870649, 0.424607, -0.248360, -0.155325, 0.716365, 0.680220, 0.466739, -0.553652, 0.689651),

              ["LeftLowerArm"] = CFrame.new(-0.000497, 0.090641, 0.165664, 1.000000, -0.000000, 0.000000, 0.000000, -0.716697, -0.697383, 0.000000, 0.697384, -0.716698),

              ["LeftLowerLeg"] = CFrame.new(0.000000, -0.001591, 0.000080, 1.000000, -0.000000, -0.000000, -0.000000, 1.000000, -0.000008, 0.000000, -0.000011, 1.000000),

              ["LeftUpperArm"] = CFrame.new(0.129875, -0.021080, -0.145967, 0.943603, 0.089676, 0.318702, -0.061196, 0.993274, -0.098300, -0.325373, 0.073253, 0.942744),

              ["LeftUpperLeg"] = CFrame.new(0.000000, -0.000000, -0.000100, 0.996136, 0.067289, 0.056440, -0.067182, 0.997734, -0.003788, -0.056567, -0.000011, 0.998399),

              ["LowerTorso"] = CFrame.new(0.000000, 0.000000, 0.000000, 1.000000, 0.000000, -0.000000, 0.000000, 1.000000, 0.000000, 0.000000, 0.000000, 1.000000),

              ["RightFoot"] = CFrame.new(-0.000000, -0.000926, -0.000103, 0.997821, 0.050471, 0.042498, -0.050517, 0.998723, -0.000004, -0.042442, -0.002132, 0.999097),

              ["RightHand"] = CFrame.new(-0.000481, 0.029296, 0.000000, 0.925416, -0.327611, 0.190468, 0.306190, 0.942555, 0.133558, -0.223279, -0.065277, 0.972566),

              ["RightLowerArm"] = CFrame.new(-0.000003, 0.084022, 0.171318, 1.000000, 0.000000, -0.000000, -0.000000, -0.775468, -0.631386, -0.000000, 0.631387, -0.775469),

              ["RightLowerLeg"] = CFrame.new(-0.000000, -0.000923, -0.000009, 1.000000, 0.000000, 0.000000, -0.000000, 1.000000, -0.000008, -0.000000, -0.000011, 1.000000),

              ["RightUpperArm"] = CFrame.new(-0.087828, -0.261587, -0.110544, 0.791898, -0.517468, -0.324227, 0.569224, 0.817763, 0.085130, 0.221089, -0.251973, 0.942141),

              ["RightUpperLeg"] = CFrame.new(0.000000, -0.000000, -0.000000, 0.997821, -0.050517, -0.042443, 0.050472, 0.998723, -0.002135, 0.042497, -0.000004, 0.999097),

              ["UpperTorso"] = CFrame.new(0.000000, 0.000000, 0.000000, 1.000000, 0.000000, 0.000000, 0.000000, 1.000000, 0.000000, -0.000000, 0.000000, 1.000000)

          }},

          {Time = 0.433, Data = {

              ["Head"] = CFrame.new(0.000000, 0.000000, 0.000000, 0.998983, -0.045097, 0.000000, 0.045097, 0.998983, -0.000000, 0.000000, 0.000000, 1.000000),

              ["LeftFoot"] = CFrame.new(-0.000000, -0.001997, -0.000003, 0.996136, -0.067182, -0.056569, 0.067289, 0.997734, -0.000011, 0.056438, -0.003785, 0.998399),

              ["LeftHand"] = CFrame.new(0.000481, 0.028471, -0.000000, 0.454198, 0.768835, -0.450111, 0.116947, 0.449407, 0.885639, 0.883192, -0.454891, 0.114206),

              ["LeftLowerArm"] = CFrame.new(-0.000498, 0.096482, 0.159708, 1.000000, -0.000000, 0.000000, 0.000000, -0.654744, -0.755850, 0.000000, 0.755851, -0.654745),

              ["LeftLowerLeg"] = CFrame.new(0.000000, -0.001591, 0.000080, 1.000000, -0.000000, -0.000000, -0.000000, 1.000000, -0.000008, 0.000000, -0.000011, 1.000000),

              ["LeftUpperArm"] = CFrame.new(0.128952, -0.056985, -0.180357, 0.907485, 0.373472, 0.192327, -0.135068, 0.692923, -0.708248, -0.397779, 0.616747, 0.679261),

              ["LeftUpperLeg"] = CFrame.new(0.000000, -0.000000, -0.000100, 0.996136, 0.067289, 0.056440, -0.067182, 0.997734, -0.003788, -0.056567, -0.000011, 0.998399),

              ["LowerTorso"] = CFrame.new(0.000000, 0.000000, 0.000000, 1.000000, 0.000000, -0.000000, 0.000000, 1.000000, 0.000000, 0.000000, 0.000000, 1.000000),

              ["RightFoot"] = CFrame.new(-0.000000, -0.000926, -0.000103, 0.997821, 0.050471, 0.042498, -0.050517, 0.998723, -0.000004, -0.042442, -0.002132, 0.999097),

              ["RightHand"] = CFrame.new(-0.000481, 0.028945, 0.000000, 0.873336, -0.420570, 0.245780, 0.205485, 0.775540, 0.596924, -0.441656, -0.470807, 0.763724),

              ["RightLowerArm"] = CFrame.new(-0.000003, 0.088533, 0.167642, 1.000000, 0.000000, -0.000000, -0.000000, -0.737256, -0.675613, -0.000000, 0.675614, -0.737257),

              ["RightLowerLeg"] = CFrame.new(-0.000000, -0.000923, -0.000009, 1.000000, 0.000000, 0.000000, -0.000000, 1.000000, -0.000008, -0.000000, -0.000011, 1.000000),

              ["RightUpperArm"] = CFrame.new(0.099932, -0.296585, -0.333366, 0.374776, -0.910807, -0.173127, 0.644213, 0.390127, -0.657868, 0.666733, 0.135023, 0.732964),

              ["RightUpperLeg"] = CFrame.new(0.000000, -0.000000, -0.000000, 0.997821, -0.050517, -0.042443, 0.050472, 0.998723, -0.002135, 0.042497, -0.000004, 0.999097),

              ["UpperTorso"] = CFrame.new(0.000000, 0.000000, 0.000000, 1.000000, 0.000000, 0.000000, 0.000000, 1.000000, 0.000000, -0.000000, 0.000000, 1.000000)

          }},

          {Time = 0.467, Data = {

              ["Head"] = CFrame.new(0.000000, 0.000000, 0.000000, 0.997897, -0.064816, 0.000000, 0.064816, 0.997897, -0.000000, 0.000000, 0.000000, 1.000000),

              ["LeftFoot"] = CFrame.new(-0.000000, -0.001997, -0.000003, 0.996136, -0.067182, -0.056569, 0.067289, 0.997734, -0.000011, 0.056438, -0.003785, 0.998399),

              ["LeftHand"] = CFrame.new(0.000482, 0.027447, -0.000000, 0.029008, 0.862645, -0.504977, 0.311253, 0.472279, 0.824667, 0.949884, -0.181096, -0.254798),

              ["LeftLowerArm"] = CFrame.new(-0.000498, 0.109976, 0.140033, 1.000000, -0.000000, 0.000000, 0.000000, -0.450145, -0.892955, 0.000000, 0.892955, -0.450146),

              ["LeftLowerLeg"] = CFrame.new(0.000000, -0.001591, 0.000080, 1.000000, -0.000000, -0.000000, -0.000000, 1.000000, -0.000008, 0.000000, -0.000011, 1.000000),

              ["LeftUpperArm"] = CFrame.new(0.079706, -0.118873, -0.266302, 0.776915, 0.625722, -0.069821, -0.260777, 0.218871, -0.940261, -0.573061, 0.748711, 0.333218),

              ["LeftUpperLeg"] = CFrame.new(0.000000, -0.000000, -0.000100, 0.996136, 0.067289, 0.056440, -0.067182, 0.997734, -0.003788, -0.056567, -0.000011, 0.998399),

              ["LowerTorso"] = CFrame.new(0.000000, 0.000000, 0.000000, 1.000000, 0.000000, -0.000000, 0.000000, 1.000000, 0.000000, 0.000000, 0.000000, 1.000000),

              ["RightFoot"] = CFrame.new(-0.000000, -0.000926, -0.000103, 0.997821, 0.050471, 0.042498, -0.050517, 0.998723, -0.000004, -0.042442, -0.002132, 0.999097),

              ["RightHand"] = CFrame.new(-0.000482, 0.027710, -0.000000, 0.792875, -0.525946, 0.307789, 0.190873, 0.694005, 0.694211, -0.578721, -0.491669, 0.650644),

              ["RightLowerArm"] = CFrame.new(-0.000001, 0.105740, 0.147652, 1.000000, 0.000000, -0.000000, -0.000000, -0.529390, -0.848378, -0.000000, 0.848379, -0.529391),

              ["RightLowerLeg"] = CFrame.new(-0.000000, -0.000923, -0.000009, 1.000000, 0.000000, 0.000000, -0.000000, 1.000000, -0.000008, -0.000000, -0.000011, 1.000000),

              ["RightUpperArm"] = CFrame.new(0.322726, -0.236388, -0.420907, -0.109750, -0.983125, 0.146356, 0.528491, -0.182425, -0.829107, 0.841815, -0.013647, 0.539594),

              ["RightUpperLeg"] = CFrame.new(0.000000, -0.000000, -0.000000, 0.997821, -0.050517, -0.042443, 0.050472, 0.998723, -0.002135, 0.042497, -0.000004, 0.999097),

              ["UpperTorso"] = CFrame.new(0.000000, 0.000000, 0.000000, 1.000000, 0.000000, 0.000000, 0.000000, 1.000000, 0.000000, -0.000000, 0.000000, 1.000000)

          }},

          {Time = 0.500, Data = {

              ["Head"] = CFrame.new(0.000000, 0.000000, 0.000000, 0.996365, -0.085186, 0.000000, 0.085186, 0.996365, -0.000000, 0.000000, 0.000000, 1.000000),

              ["LeftFoot"] = CFrame.new(-0.000000, -0.001997, -0.000003, 0.996136, -0.067182, -0.056569, 0.067289, 0.997734, -0.000011, 0.056438, -0.003785, 0.998399),

              ["LeftHand"] = CFrame.new(0.000483, 0.026220, -0.000000, -0.181916, 0.848645, -0.496698, 0.320560, 0.528713, 0.785942, 0.929595, -0.016245, -0.368220),

              ["LeftLowerArm"] = CFrame.new(-0.000499, 0.119011, 0.111663, 1.000000, -0.000000, 0.000000, -0.000000, -0.155340, -0.987861, 0.000000, 0.987861, -0.155341),

              ["LeftLowerLeg"] = CFrame.new(0.000000, -0.001591, 0.000080, 1.000000, -0.000000, -0.000000, -0.000000, 1.000000, -0.000008, 0.000000, -0.000011, 1.000000),

              ["LeftUpperArm"] = CFrame.new(-0.014265, -0.157848, -0.355944, 0.559822, 0.750069, -0.352131, -0.340481, -0.179202, -0.923016, -0.755428, 0.636619, 0.155063),

