return {
["take shots 4"] = {
        {Time = 0.000, Data = {
            ["Head"] = CFrame.new(-4.7459487645229963e-23, 0, -5.9604644775390625e-08, 1, 0, 0, 0, 0.87245208024978638, -0.48869964480400085, 0, 0.48869964480400085, 0.87245208024978638),
            ["LeftFoot"] = CFrame.new(1.0267831385135651e-07, -0.010956823825836182, -3.0025839805603027e-06, 0.999472975730896, 0.024839123710989952, 0.020899895578622818, -0.029939161613583565, 0.95418411493301392, 0.29771849513053894, -0.012547281570732594, -0.29818728566169739, 0.95442491769790649),
            ["LeftHand"] = CFrame.new(0.00048980116844177246, 0.015501797199249268, -2.6077032089233398e-07, 0.93816745281219482, 0.29862093925476074, -0.17512105405330658, -0.33633285760879517, 0.90605801343917847, -0.25678613781929016, 0.081988140940666199, 0.2998073399066925, 0.95047014951705933),
            ["LeftLowerArm"] = CFrame.new(-0.00050002336502075195, 0.082043766975402832, 0.02657647430896759, 1, 0, 0, 0, 0.72782981395721436, -0.68575775623321533, 0, 0.68575775623321533, 0.72782981395721436),
            ["LeftLowerLeg"] = CFrame.new(-7.1362592279911041e-08, -0.010517716407775879, -3.847852349281311e-05, 1, 0, 0, 0, 1, 0, 0, 0, 1),
            ["LeftUpperArm"] = CFrame.new(-0.030917525291442871, -0.1472327709197998, -0.091017365455627441, 0.93816715478897095, -0.30098369717597961, -0.17102992534637451, -0.29443386197090149, -0.95358896255493164, 0.0630674809217453, -0.18207445740699768, -0.0088108442723751068, -0.9832456111907959),
            ["LeftUpperLeg"] = CFrame.new(-5.9604644775390625e-08, -1.6303866701150582e-08, -0.00010003167699323967, 0.92693907022476196, 0.36878985166549683, 0.069122821092605591, -0.016626849770545959, 0.224415123462677, -0.97435176372528076, -0.37484326958656311, 0.90201544761657715, 0.21415096521377563),
            ["LowerTorso"] = CFrame.new(1.3778997498548051e-08, -0.15666759014129639, -0.036667615175247192, 1, 0, 0, 0, -0.027399301528930664, -0.99962460994720459, 0, 0.99962460994720459, -0.027399301528930664),
            ["RightFoot"] = CFrame.new(5.5879354476928711e-08, 0.0124397873878479, -0.00010264495358569548, 0.96820926666259766, 0.19135658442974091, 0.16110095381736755, -0.15952055156230927, 0.96842485666275024, -0.19158929586410522, -0.19267603754997253, 0.15979960560798645, 0.96816325187683105),
            ["RightHand"] = CFrame.new(-0.00049004703760147095, 0.015018105506896973, 2.8312206268310547e-07, 0.94025963544845581, -0.29370853304862976, 0.17218339443206787, 0.33276680111885071, 0.89971637725830078, -0.28244757652282715, -0.071958966553211212, 0.32287096977233887, 0.94370347261428833),
            ["RightLowerArm"] = CFrame.new(1.7881393432617188e-07, 0.080803990364074707, 0.025650680065155029, 1, 0, 0, 0, 0.73742425441741943, -0.67542994022369385, 0, 0.67542994022369385, 0.73742425441741943),
            ["RightLowerLeg"] = CFrame.new(1.1175870895385742e-08, 0.061081528663635254, -0.01297559030354023, 1, -0, 0, 0, 0.86809927225112915, 0.49639064073562622, -0, -0.49639064073562622, 0.86809927225112915),
            ["RightUpperArm"] = CFrame.new(0.029867649078369141, -0.1447906494140625, -0.089505970478057861, 0.94027459621429443, 0.2939818799495697, 0.17163446545600891, 0.28957214951515198, -0.95580899715423584, 0.050766058266162872, 0.17897406220436096, 0.0019665230065584183, -0.98385190963745117),
            ["RightUpperLeg"] = CFrame.new(5.9604644775390625e-08, -5.8201941044444538e-08, 1.7113052308559418e-08, 0.96820604801177979, -0.23412597179412842, -0.088102787733078003, 0.15581881999969482, 0.28892123699188232, 0.94458723068237305, -0.19569763541221619, -0.92828309535980225, 0.31621652841567993),
            ["UpperTorso"] = CFrame.new(9.8569893228011261e-15, 2.9802322387695312e-08, -2.7939677238464355e-09, 1, 0, 0, 0, 0.89636814594268799, -0.44331046938896179, 0, 0.44331046938896179, 0.89636814594268799)
        }},
        {Time = 0.025, Data = {
            ["Head"] = CFrame.new(3.3552513596682185e-23, 0, 1.1920928955078125e-07, 1, 0, 0, 0, 0.86443865299224854, -0.50273829698562622, 0, 0.50273829698562622, 0.86443865299224854),
            ["LeftFoot"] = CFrame.new(-1.5506520867347717e-07, -0.005290985107421875, -2.9131770133972168e-06, 0.99953681230545044, 0.02330419234931469, 0.019573679193854332, -0.028193188831210136, 0.95124030113220215, 0.30715954303741455, -0.011461168527603149, -0.30756908655166626, 0.95145672559738159),
            ["LeftHand"] = CFrame.new(0.00049038976430892944, 0.014587163925170898, -3.8743019104003906e-07, 0.9393429160118103, 0.29584386944770813, -0.17352607846260071, -0.33509710431098938, 0.89947211742401123, -0.28046372532844543, 0.073108389973640442, 0.32159969210624695, 0.94404911994934082),
            ["LeftLowerArm"] = CFrame.new(-0.00049996376037597656, 0.078815937042236328, 0.024383068084716797, 1, 0, 0, 0, 0.7505185604095459, -0.66084939241409302, 0, 0.66084939241409302, 0.7505185604095459),
            ["LeftLowerLeg"] = CFrame.new(1.0989606380462646e-07, -0.0048717260360717773, 3.6466866731643677e-05, 1, 0, 0, 0, 1, 0, 0, 0, 1),
            ["LeftUpperArm"] = CFrame.new(-0.030321598052978516, -0.14547932147979736, -0.090763628482818604, 0.93935650587081909, -0.29977944493293762, -0.1665583997964859, -0.29097405076026917, -0.9537433385848999, 0.075554199516773224, -0.18150348961353302, -0.022508164867758751, -0.98313307762145996),
            ["LeftUpperLeg"] = CFrame.new(-5.9604644775390625e-08, -2.4600232961802249e-08, -0.00010010595724452287, 0.92620420455932617, 0.37115925550460815, 0.066231116652488708, -0.024126902222633362, 0.2336580753326416, -0.97201943397521973, -0.37624943256378174, 0.89869058132171631, 0.22537004947662354),
            ["LowerTorso"] = CFrame.new(1.310237163210104e-08, -0.14828979969024658, -0.055801987648010254, 1, 0, 0, 0, -0.048354148864746094, -0.99883025884628296, 0, 0.99883025884628296, -0.048354148864746094),
            ["RightFoot"] = CFrame.new(9.3132257461547852e-08, 0.012035965919494629, -0.00010264495358569548, 0.96791577339172363, 0.19219523668289185, 0.16186428070068359, -0.15981748700141907, 0.96796238422393799, -0.19366779923439026, -0.19390055537223816, 0.16158536076545715, 0.96762222051620483),
            ["RightHand"] = CFrame.new(-0.00049085170030593872, 0.014032304286956787, -4.9918889999389648e-07, 0.94141280651092529, -0.29092425107955933, 0.17060208320617676, 0.33127695322036743, 0.89251649379730225, -0.30605539679527283, -0.063226237893104553, 0.34464100003242493, 0.9366028904914856),
            ["RightLowerArm"] = CFrame.new(2.9802322387695312e-07, 0.077428042888641357, 0.023448765277862549, 1, 0, 0, 0, 0.76017928123474121, -0.64971333742141724, 0, 0.64971333742141724, 0.76017928123474121),
            ["RightLowerLeg"] = CFrame.new(3.7252902984619141e-08, 0.058864891529083252, -0.011946922168135643, 1, -0, 0, 0, 0.87856799364089966, 0.47761732339859009, -0, -0.47761732339859009, 0.87856799364089966),
            ["RightUpperArm"] = CFrame.new(0.029292464256286621, -0.1430656909942627, -0.089255869388580322, 0.94140475988388062, 0.29292634129524231, 0.16718608140945435, 0.28613963723182678, -0.95605576038360596, 0.063885174691677094, 0.17855289578437805, -0.012303240597248077, -0.98385334014892578),
            ["RightUpperLeg"] = CFrame.new(5.9604644775390625e-08, -4.6180282708974119e-08, 6.2755134422332048e-08, 0.96791154146194458, -0.23304414749145508, -0.094008937478065491, 0.15236896276473999, 0.24678391218185425, 0.95701694488525391, -0.19982729852199554, -0.94063174724578857, 0.27437365055084229),
            ["UpperTorso"] = CFrame.new(2.7515621769583611e-15, 0, -1.1175870895385742e-08, 1, 0, 0, 0, 0.90719139575958252, -0.42071816325187683, 0, 0.42071816325187683, 0.90719139575958252)
        }},
        {Time = 0.050, Data = {
            ["Head"] = CFrame.new(8.1024925938983289e-23, 0, 5.9604644775390625e-08, 1, 0, 0, 0, 0.84287768602371216, -0.53810524940490723, 0, 0.53810524940490723, 0.84287768602371216),
            ["LeftFoot"] = CFrame.new(6.9616362452507019e-08, 0.0031329989433288574, -2.7716159820556641e-06, 0.99969029426574707, 0.019026452675461769, 0.016041606664657593, -0.022823015227913857, 0.95791423320770264, 0.28614574670791626, -0.0099221440032124519, -0.28642326593399048, 0.95805180072784424),
            ["LeftHand"] = CFrame.new(0.0004924088716506958, 0.011611104011535645, 7.4505805969238281e-09, 0.94231146574020386, 0.28872624039649963, -0.16937020421028137, -0.33087572455406189, 0.88004481792449951, -0.34065002202987671, 0.050698794424533844, 0.37703889608383179, 0.9248088002204895),
            ["LeftLowerArm"] = CFrame.new(-0.00049993395805358887, 0.069280028343200684, 0.018918320536613464, 1, 0, 0, 0, 0.80707192420959473, -0.59045314788818359, 0, 0.59045314788818359, 0.80707192420959473),
            ["LeftLowerLeg"] = CFrame.new(-8.9232344180345535e-08, 0.013435482978820801, -0.00037276372313499451, 1, -0, 0, 0, 0.99501252174377441, 0.099749960005283356, -0, -0.099749960005283356, 0.99501252174377441),
            ["LeftUpperArm"] = CFrame.new(-0.028841495513916016, -0.14097380638122559, -0.090199828147888184, 0.94231897592544556, -0.29695281386375427, -0.15444716811180115, -0.281950443983078, -0.95288693904876709, 0.11185155808925629, -0.1803852915763855, -0.061853405088186264, -0.98164939880371094),
            ["LeftUpperLeg"] = CFrame.new(-5.9604644775390625e-08, 1.3996185543874162e-08, -0.00010031591955339536, 0.92414307594299316, 0.38008368015289307, 0.038677975535392761, -0.045461684465408325, 0.20992308855056763, -0.97666037082672119, -0.37933206558227539, 0.90081548690795898, 0.21127820014953613),
            ["LowerTorso"] = CFrame.new(1.1196950921998905e-08, -0.12511467933654785, -0.10371449589729309, 1, 0, 0, 0, -0.10627543926239014, -0.99433678388595581, 0, 0.99433678388595581, -0.10627543926239014),
            ["RightFoot"] = CFrame.new(7.8231096267700195e-08, 0.010775387287139893, -0.00010261142597300932, 0.96727895736694336, 0.19408264756202698, 0.16341167688369751, -0.16164526343345642, 0.96785420179367065, -0.19268903136253357, -0.19555628299713135, 0.15996932983398438, 0.96755754947662354),
            ["RightHand"] = CFrame.new(-0.00049278885126113892, 0.011121451854705811, 2.644956111907959e-07, 0.94426184892654419, -0.28394612669944763, 0.16656586527824402, 0.32663008570671082, 0.87116575241088867, -0.36658290028572083, -0.041016720235347748, 0.40055564045906067, 0.91535395383834839),
            ["RightLowerArm"] = CFrame.new(0, 0.067591667175292969, 0.017892301082611084, 1, 0, 0, 0, 0.81759494543075562, -0.5757938027381897, 0, 0.5757938027381897, 0.81759494543075562),
            ["RightLowerLeg"] = CFrame.new(9.3132257461547852e-08, 0.051864266395568848, -0.0090230684727430344, 1, -0, 0, 0, 0.90830373764038086, 0.41831123828887939, -0, -0.41831123828887939, 0.90830373764038086),
            ["RightUpperArm"] = CFrame.new(0.027863383293151855, -0.1386336088180542, -0.088699936866760254, 0.94426572322845459, 0.290638267993927, 0.15456907451152802, 0.27727115154266357, -0.95531547069549561, 0.1024368479847908, 0.1774342805147171, -0.053870059549808502, -0.98265719413757324),
            ["RightUpperLeg"] = CFrame.new(5.9604644775390625e-08, -2.144676614079799e-08, -1.438165782019496e-07, 0.967265784740448, -0.22867463529109955, -0.11002169549465179, 0.14187781512737274, 0.12785452604293823, 0.98159259557723999, -0.21039853990077972, -0.96507054567337036, 0.1561131477355957),
            ["UpperTorso"] = CFrame.new(-5.2420438121010028e-15, 2.9802322387695312e-08, -1.0244548320770264e-07, 1, 0, 0, 0, 0.93424654006958008, -0.35662776231765747, 0, 0.35662776231765747, 0.93424654006958008)
        }},
        {Time = 0.075, Data = {
            ["Head"] = CFrame.new(1.8249672264451173e-23, 0, 0, 1, 0, 0, 0, 0.81154978275299072, -0.58428329229354858, 0, 0.58428329229354858, 0.81154978275299072),
            ["LeftFoot"] = CFrame.new(1.9744038581848145e-07, 0.0075170993804931641, -2.5331974029541016e-06, 0.99986666440963745, 0.01247094850987196, 0.010539069771766663, -0.014611373655498028, 0.97148460149765015, 0.23665198683738708, -0.0072872694581747055, -0.23677444458007812, 0.97153729200363159),
            ["LeftHand"] = CFrame.new(0.00049422681331634521, 0.0089557170867919922, -2.6263296604156494e-07, 0.94610828161239624, 0.27930846810340881, -0.16390818357467651, -0.32334992289543152, 0.84284895658493042, -0.43017491698265076, 0.017998337745666504, 0.45999172329902649, 0.88774073123931885),
            ["LeftLowerArm"] = CFrame.new(-0.00050008296966552734, 0.054128050804138184, 0.011055618524551392, 1, 0, 0, 0, 0.88746011257171631, -0.46088460087776184, 0, 0.46088460087776184, 0.88746011257171631),
            ["LeftLowerLeg"] = CFrame.new(-4.0221493691205978e-08, 0.035150468349456787, -0.0037150559946894646, 1, -0, 0, 0, 0.96115374565124512, 0.27601355314254761, -0, -0.27601355314254761, 0.96115374565124512),
            ["LeftUpperArm"] = CFrame.new(-0.026943325996398926, -0.13486766815185547, -0.089599490165710449, 0.94612127542495728, -0.29518887400627136, -0.13310907781124115, -0.26970061659812927, -0.94585978984832764, 0.1805865466594696, -0.17920960485935211, -0.13495719432830811, -0.97451066970825195),
            ["LeftUpperLeg"] = CFrame.new(-5.9604644775390625e-08, 1.0296616892446764e-08, -9.9845739896409214e-05, 0.92089700698852539, 0.38970568776130676, -0.0088419020175933838, -0.078498393297195435, 0.16318267583847046, -0.98346805572509766, -0.38182026147842407, 0.90636682510375977, 0.18086570501327515),
            ["LowerTorso"] = CFrame.new(8.2372944021358308e-09, -0.09026801586151123, -0.16542921960353851, 1, 0, 0, 0, -0.19336974620819092, -0.98112607002258301, 0, 0.98112607002258301, -0.19336974620819092),
            ["RightFoot"] = CFrame.new(1.3038516044616699e-08, 0.0084005594253540039, -0.00010252946958644316, 0.96660399436950684, 0.19602072238922119, 0.1650836169719696, -0.16692808270454407, 0.97035151720046997, -0.17479413747787476, -0.19445240497589111, 0.14139962196350098, 0.97066700458526611),
            ["RightHand"] = CFrame.new(-0.00049442052841186523, 0.0084980130195617676, -1.5553086996078491e-07, 0.94794553518295288, -0.2746577262878418, 0.16112865507602692, 0.31832391023635864, 0.8305707573890686, -0.45697060227394104, -0.0083182454109191895, 0.48447433114051819, 0.87476593255996704),
            ["RightLowerArm"] = CFrame.new(0, 0.051779747009277344, 0.009992450475692749, 1, 0, 0, 0, 0.89828485250473022, -0.43941366672515869, 0, 0.43941366672515869, 0.89828485250473022),
            ["RightLowerLeg"] = CFrame.new(1.1175870895385742e-08, 0.038663148880004883, -0.0047477018088102341, 1, -0, 0, 0, 0.95171433687210083, 0.30698502063751221, -0, -0.30698502063751221, 0.95171433687210083),
            ["RightUpperArm"] = CFrame.new(0.026030778884887695, -0.13262784481048584, -0.08810800313949585, 0.94793355464935303, 0.28964069485664368, 0.13240206241607666, 0.26526984572410583, -0.94816303253173828, 0.17498447000980377, 0.17622131109237671, -0.13075138628482819, -0.97562849521636963),
            ["RightUpperLeg"] = CFrame.new(5.9604644775390625e-08, -2.519777808629442e-08, 3.3781543606892228e-07, 0.96659970283508301, -0.21857494115829468, -0.1338280588388443, 0.12407571822404861, -0.057814359664916992, 0.99058699607849121, -0.22425468266010284, -0.97410595417022705, -0.028763532638549805),
            ["UpperTorso"] = CFrame.new(6.6373425513881722e-15, 5.9604644775390625e-08, 5.2154064178466797e-08, 1, 0, 0, 0, 0.96660226583480835, -0.25628119707107544, 0, 0.25628119707107544, 0.96660226583480835)
        }},
        {Time = 0.100, Data = {
            ["Head"] = CFrame.new(6.6652662795874433e-23, -1.1920928955078125e-07, 0, 1, 0, 0, 0, 0.7754131555557251, -0.63145428895950317, 0, 0.63145428895950317, 0.7754131555557251),
            ["LeftFoot"] = CFrame.new(1.1309748515486717e-07, 0.010734379291534424, -2.5182962417602539e-06, 0.99998468160629272, 0.0042465729638934135, 0.0035432686563581228, -0.0048589957877993584, 0.98057061433792114, 0.19610622525215149, -0.0026416459586471319, -0.19612044095993042, 0.9805762767791748),
            ["LeftHand"] = CFrame.new(0.00049631297588348389, 0.0056273341178894043, -1.6763806343078613e-08, 0.9499666690826416, 0.26939636468887329, -0.15807905793190002, -0.31162750720977783, 0.78299212455749512, -0.53834158182144165, -0.0212525874376297, 0.56066828966140747, 0.82776772975921631),
            ["LeftLowerArm"] = CFrame.new(-0.00050008296966552734, 0.031354427337646484, 0.0034233927726745605, 1, 0, 0, 0, 0.96506798267364502, -0.26199954748153687, 0, 0.26199954748153687, 0.96506798267364502),
            ["LeftLowerLeg"] = CFrame.new(-8.8941305875778198e-08, 0.052953898906707764, -0.0092687346041202545, 1, -0, 0, 0, 0.90479594469070435, 0.42584538459777832, -0, -0.42584538459777832, 0.90479594469070435),
            ["LeftUpperArm"] = CFrame.new(-0.025014162063598633, -0.12818574905395508, -0.089201629161834717, 0.94997936487197876, -0.29515001177787781, -0.10210638493299484, -0.2563607394695282, -0.92366445064544678, 0.28482183814048767, -0.1783771812915802, -0.2443988025188446, -0.95312702655792236),
            ["LeftUpperLeg"] = CFrame.new(-5.9604644775390625e-08, 5.0229903791887409e-08, -9.992485138354823e-05, 0.91674232482910156, 0.39578652381896973, -0.054189890623092651, -0.12119613587856293, 0.14629757404327393, -0.98178845643997192, -0.38065078854560852, 0.90661460161209106, 0.18208491802215576),
            ["LowerTorso"] = CFrame.new(4.4211363459112363e-09, -0.047262191772460938, -0.2257654070854187, 1, 0, 0, 0, -0.30091941356658936, -0.95364987850189209, 0, 0.95364987850189209, -0.30091941356658936),
            ["RightFoot"] = CFrame.new(4.0978193283081055e-08, 0.003954768180847168, -0.00010272877261741087, 0.96628570556640625, 0.19693474471569061, 0.16585716605186462, -0.17810316383838654, 0.97644722461700439, -0.12177859246730804, -0.18593320250511169, 0.088133230805397034, 0.97860175371170044),
            ["RightHand"] = CFrame.new(-0.00049664825201034546, 0.0049410462379455566, 9.6857547760009766e-08, 0.95167094469070435, -0.26486736536026001, 0.15545976161956787, 0.30553740262985229, 0.76520043611526489, -0.56667029857635498, 0.031134553253650665, 0.58678245544433594, 0.80914592742919922),
            ["RightLowerArm"] = CFrame.new(2.384185791015625e-07, 0.027589142322540283, 0.0025921761989593506, 1, 0, 0, 0, 0.97349917888641357, -0.22869046032428741, 0, 0.22869046032428741, 0.97349917888641357),
            ["RightLowerLeg"] = CFrame.new(2.2351741790771484e-08, 0.016031384468078613, -0.00071399490116164088, 1, -0, 0, 0, 0.99256128072738647, 0.12174596637487411, -0, -0.12174596637487411, 0.99256128072738647),
            ["RightUpperArm"] = CFrame.new(0.02416837215423584, -0.12605679035186768, -0.087715089321136475, 0.95166236162185669, 0.29033553600311279, 0.10021980851888657, 0.2520897388458252, -0.92473459243774414, 0.28516227006912231, 0.17546939849853516, -0.24611383676528931, -0.95322573184967041),
            ["RightUpperLeg"] = CFrame.new(5.9604644775390625e-08, 8.3880550505455176e-08, 1.3753015082329512e-07, 0.96630167961120605, -0.19937035441398621, -0.16282650828361511, 0.098869264125823975, -0.29657304286956787, 0.94987857341766357, -0.23766759037971497, -0.93396782875061035, -0.26686751842498779),
            ["UpperTorso"] = CFrame.new(6.6373425513881722e-15, 2.9802322387695312e-08, 5.9604644775390625e-08, 1, 0, 0, 0, 0.99201464653015137, -0.12612289190292358, 0, 0.12612289190292358, 0.99201464653015137)
        }},
        {Time = 0.125, Data = {
            ["Head"] = CFrame.new(1.4036221019259188e-23, 0, 5.9604644775390625e-08, 1, 0, 0, 0, 0.74147462844848633, -0.67098087072372437, 0, 0.67098087072372437, 0.74147462844848633),
            ["LeftFoot"] = CFrame.new(-2.1478626877069473e-08, 0.013297140598297119, -2.3543834686279297e-06, 0.99997687339782715, -0.0051919706165790558, -0.0043967668898403645, 0.0058223223313689232, 0.98738455772399902, 0.15823344886302948, 0.0035197562538087368, -0.15825538337230682, 0.98739194869995117),
            ["LeftHand"] = CFrame.new(0.00050085783004760742, -0.0011346936225891113, 2.1606683731079102e-07, 0.95333999395370483, 0.26032558083534241, -0.15288381278514862, -0.29535332322120667, 0.69935762882232666, -0.65089577436447144, -0.062524348497390747, 0.66567975282669067, 0.743613600730896),
            ["LeftLowerArm"] = CFrame.new(-0.00049978494644165039, -0.0013328790664672852, 6.7725777626037598e-06, 1, 0, 0, 0, 1, 0, 0, 0, 1),
            ["LeftLowerLeg"] = CFrame.new(4.4346961658447981e-08, 0.066994845867156982, -0.01577024906873703, 1, -0, 0, 0, 0.83859056234359741, 0.54476219415664673, -0, -0.54476219415664673, 0.83859056234359741),
            ["LeftUpperArm"] = CFrame.new(-0.023325920104980469, -0.12174677848815918, -0.089216232299804688, 0.9533502459526062, -0.29531034827232361, -0.062571145594120026, -0.24346528947353363, -0.87475121021270752, 0.41896903514862061, -0.17846006155014038, -0.38419032096862793, -0.90584206581115723),
            ["LeftUpperLeg"] = CFrame.new(-5.9604644775390625e-08, -4.4703483581542969e-08, -0.00010004440991906449, 0.91185373067855835, 0.39983612298965454, -0.093026041984558105, -0.1708521842956543, 0.1635819673538208, -0.97162264585494995, -0.37327241897583008, 0.90187150239944458, 0.21747571229934692),
            ["LowerTorso"] = CFrame.new(0, 0, -0.2701650857925415, 1, 0, 0, 0, -0.41906273365020752, -0.90795731544494629, 0, 0.90795731544494629, -0.41906273365020752),
            ["RightFoot"] = CFrame.new(-1.3783574104309082e-07, -0.012876808643341064, -0.00010289641068084165, 0.96668326854705811, 0.19580057263374329, 0.16488067805767059, -0.18315088748931885, 0.97906041145324707, -0.088862389326095581, -0.17882744967937469, 0.055703744292259216, 0.98230230808258057),
            ["RightHand"] = CFrame.new(-0.00050333887338638306, -0.0052042603492736816, -3.7252902984619141e-08, 0.95491176843643188, -0.25599995255470276, 0.15035825967788696, 0.28943440318107605, 0.68993473052978516, -0.66348922252655029, 0.066115781664848328, 0.67709255218505859, 0.73292195796966553),
            ["RightLowerArm"] = CFrame.new(-1.4901161193847656e-07, -0.0051976442337036133, 2.8289854526519775e-05, 1, 0, 0, 0, 1, 0, 0, 0, 1),
            ["RightLowerLeg"] = CFrame.new(2.9802322387695312e-08, -0.012830436229705811, -0.00016640702961012721, 1, 0, 0, 0, 1, 0, 0, 0, 1),
            ["RightUpperArm"] = CFrame.new(0.022538185119628906, -0.11972260475158691, -0.087731420993804932, 0.95492249727249146, 0.28940105438232422, 0.066106259822845459, 0.23947261273860931, -0.88259196281433105, 0.40457943081855774, 0.1754305511713028, -0.37051138281822205, -0.91211056709289551),
            ["RightUpperLeg"] = CFrame.new(5.9604644775390625e-08, -5.9604644775390625e-08, -1.0053918231278658e-07, 0.96668404340744019, -0.18315325677394867, -0.17882063984870911, 0.06765960156917572, -0.49091958999633789, 0.86857402324676514, -0.24686861038208008, -0.85173559188842773, -0.46217203140258789),
            ["UpperTorso"] = CFrame.new(1.1972498366040235e-15, 5.9604644775390625e-08, 8.1956386566162109e-08, 1, -0, 0, 0, 0.99968665838241577, 0.025031423196196556, -0, -0.025031423196196556, 0.99968665838241577)
        }},
        {Time = 0.150, Data = {
            ["Head"] = CFrame.new(-2.7141863849396221e-25, 0, 5.9604644775390625e-08, 1, 0, 0, 0, 0.71670031547546387, -0.69738125801086426, 0, 0.69738125801086426, 0.71670031547546387),
            ["LeftFoot"] = CFrame.new(4.8545189201831818e-08, 0.01620107889175415, -2.5182962417602539e-06, 0.99980396032333374, -0.015159250237047672, -0.012739440426230431, 0.01655067503452301, 0.99295228719711304, 0.11735343933105469, 0.010870667174458504, -0.11754128336906433, 0.99300849437713623),
            ["LeftHand"] = CFrame.new(0.00051474571228027344, -0.022408246994018555, 5.2154064178466797e-08, 0.95594698190689087, 0.25310277938842773, -0.14867523312568665, -0.28717261552810669, 0.70146596431732178, -0.65228641033172607, -0.060804851353168488, 0.66624665260314941, 0.74324846267700195),
            ["LeftLowerArm"] = CFrame.new(-0.00049921870231628418, -0.022580265998840332, 0.00012232363224029541, 1, 0, 0, 0, 1, 0, 0, 0, 1),
            ["LeftLowerLeg"] = CFrame.new(4.8632500693202019e-08, 0.078226447105407715, -0.02202775701880455, 1, -0, 0, 0, 0.77431267499923706, 0.63280320167541504, -0, -0.63280320167541504, 0.77431267499923706),
            ["LeftUpperArm"] = CFrame.new(-0.022020459175109863, -0.11606931686401367, -0.089796930551528931, 0.95595264434814453, -0.28714218735694885, -0.060859791934490204, -0.23213151097297668, -0.86648356914520264, 0.44195252656936646, -0.17963716387748718, -0.40835821628570557, -0.89497196674346924),
            ["LeftUpperLeg"] = CFrame.new(-5.9604644775390625e-08, 9.0065208624423576e-09, -0.00010005891090258956, 0.90655499696731567, 0.40433391928672791, -0.12112829089164734, -0.22368565201759338, 0.21685951948165894, -0.95022976398468018, -0.35794234275817871, 0.88853025436401367, 0.28703880310058594),
            ["LowerTorso"] = CFrame.new(-4.7157118210350291e-09, 0.047445297241210938, -0.28786921501159668, 1, 0, 0, 0, -0.5377199649810791, -0.84312397241592407, 0, 0.84312397241592407, -0.5377199649810791),
            ["RightFoot"] = CFrame.new(4.0978193283081055e-08, -0.036953628063201904, -0.00010295415268046781, 0.96793019771575928, 0.19216196238994598, 0.16181759536266327, -0.17829324305057526, 0.97924453020095825, -0.096393302083015442, -0.17698211967945099, 0.064451009035110474, 0.98210150003433228),
            ["RightHand"] = CFrame.new(-0.00051733851432800293, -0.026513457298278809, -5.9604644775390625e-08, 0.95744508504867554, -0.24887639284133911, 0.14614880084991455, 0.28137791156768799, 0.69222068786621094, -0.66457277536392212, 0.064229264855384827, 0.67741495370864868, 0.73279160261154175),
            ["RightLowerArm"] = CFrame.new(-8.6426734924316406e-07, -0.026481032371520996, 0.00014424324035644531, 1, 0, 0, 0, 1, 0, 0, 0, 1),
            ["RightLowerLeg"] = CFrame.new(4.0978193283081055e-08, -0.036823272705078125, -0.00048456172225996852, 1, 0, 0, 0, 1, 0, 0, 0, 1),
            ["RightUpperArm"] = CFrame.new(0.021278142929077148, -0.11414015293121338, -0.088302552700042725, 0.95743608474731445, 0.2814103364944458, 0.064221516251564026, 0.22829920053482056, -0.87443029880523682, 0.428078293800354, 0.1766228973865509, -0.39519590139389038, -0.90145695209503174),
            ["RightUpperLeg"] = CFrame.new(5.9604644775390625e-08, 6.5499285994974343e-08, 4.0621671359986067e-08, 0.96793383359909058, -0.17826804518699646, -0.17698761820793152, 0.033150218427181244, -0.60774636268615723, 0.79343938827514648, -0.24900838732719421, -0.7738640308380127, -0.58234870433807373),
            ["UpperTorso"] = CFrame.new(3.417695991733455e-15, 2.9802322387695312e-08, 6.891787052154541e-08, 1, -0, 0, 0, 0.9826815128326416, 0.18530271947383881, -0, -0.18530271947383881, 0.9826815128326416)
        }},
        {Time = 0.175, Data = {
            ["Head"] = CFrame.new(1.0251869716829087e-22, -2.384185791015625e-07, 0, 1, 0, 0, 0, 0.7024914026260376, -0.711692214012146, 0, 0.711692214012146, 0.7024914026260376),
            ["LeftFoot"] = CFrame.new(-4.9825757741928101e-08, 0.019150674343109131, -2.339482307434082e-06, 0.99947303533554077, -0.024816827848553658, -0.02092333696782589, 0.026246501132845879, 0.99712544679641724, 0.071077547967433929, 0.019099270924925804, -0.071589253842830658, 0.99725133180618286),
            ["LeftHand"] = CFrame.new(0.00052489340305328369, -0.037888765335083008, -4.3213367462158203e-07, 0.95788872241973877, 0.24759063124656677, -0.14542365074157715, -0.28141650557518005, 0.70887959003448486, -0.64675694704055786, -0.057043079286813736, 0.66044586896896362, 0.74870389699935913),
            ["LeftLowerArm"] = CFrame.new(-0.0004990696907043457, -0.038042604923248291, 0.00020638853311538696, 1, 0, 0, 0, 1, 0, 0, 0, 1),
            ["LeftLowerLeg"] = CFrame.new(1.2012606021016836e-08, 0.087046802043914795, -0.027520578354597092, 1, -0, 0, 0, 0.71741455793380737, 0.69664657115936279, -0, -0.69664657115936279, 0.71741455793380737),
            ["LeftUpperArm"] = CFrame.new(-0.021059751510620117, -0.11123788356781006, -0.090788006782531738, 0.95787584781646729, -0.28145879507064819, -0.057051151990890503, -0.2224947065114975, -0.8529280424118042, 0.47223925590515137, -0.1815764307975769, -0.43965297937393188, -0.87962222099304199),
            ["LeftUpperLeg"] = CFrame.new(0, 3.1852609438942636e-09, -0.00010007261153077707, 0.90118688344955444, 0.41069215536117554, -0.13854309916496277, -0.275615394115448, 0.29630088806152344, -0.91446280479431152, -0.33451217412948608, 0.86228656768798828, 0.38021546602249146),
            ["LowerTorso"] = CFrame.new(-9.3727221539552374e-09, 0.091209888458251953, -0.27998945116996765, 1, 0, 0, 0, -0.64705550670623779, -0.76244300603866577, 0, 0.76244300603866577, -0.64705550670623779),
            ["RightFoot"] = CFrame.new(-2.2351741790771484e-08, -0.058056235313415527, -0.00010306963667972013, 0.96973663568496704, 0.18680277466773987, 0.15721192955970764, -0.17427524924278259, 0.98056274652481079, -0.090137794613838196, -0.17099416255950928, 0.060011774301528931, 0.98344272375106812),
            ["RightHand"] = CFrame.new(-0.00052763521671295166, -0.041923344135284424, 1.6391277313232422e-07, 0.95929962396621704, -0.24347867071628571, 0.14304685592651367, 0.27587565779685974, 0.69985389709472656, -0.65886050462722778, 0.06030658632516861, 0.67150777578353882, 0.73853939771652222),
            ["RightLowerArm"] = CFrame.new(-7.152557373046875e-07, -0.041872501373291016, 0.00022759288549423218, 1, 0, 0, 0, 1, 0, 0, 0, 1),
            ["RightLowerLeg"] = CFrame.new(-6.7055225372314453e-08, -0.057853817939758301, -0.00076328049181029201, 1, 0, 0, 0, 1, 0, 0, 0, 1),
            ["RightUpperArm"] = CFrame.new(0.02035069465637207, -0.1093895435333252, -0.089277446269989014, 0.95930910110473633, 0.27584058046340942, 0.06031600758433342, 0.21876804530620575, -0.86115837097167969, 0.45885387063026428, 0.17851214110851288, -0.42698749899864197, -0.88646221160888672),
            ["RightUpperLeg"] = CFrame.new(5.9604644775390625e-08, 8.6221710660083772e-08, 3.9421138353645802e-08, 0.96973377466201782, -0.17424078285694122, -0.17104557156562805, -0.00094999372959136963, -0.70322060585021973, 0.7109711766242981, -0.244162917137146, -0.68929022550582886, -0.68210232257843018),
            ["UpperTorso"] = CFrame.new(4.5279188046003747e-15, 0, 1.6763806343078613e-08, 1, -0, 0, 0, 0.9398503303527832, 0.34158644080162048, -0, -0.34158644080162048, 0.9398503303527832)
        }},
        {Time = 0.200, Data = {
            ["Head"] = CFrame.new(3.189815237157613e-23, 0, 0, 1, 0, 0, 0, 0.69794631004333496, -0.71615004539489746, 0, 0.71615004539489746, 0.69794631004333496),
            ["LeftFoot"] = CFrame.new(4.8195943236351013e-08, 0.021439015865325928, -2.5480985641479492e-06, 0.99903345108032227, -0.033616259694099426, -0.028321646153926849, 0.034212589263916016, 0.99919724464416504, 0.020840765908360481, 0.027598321437835693, -0.021789578720927238, 0.99938160181045532),
            ["LeftHand"] = CFrame.new(0.00053163990378379822, -0.048007965087890625, -8.1956386566162109e-08, 0.95921808481216431, 0.24371138215065002, -0.14319726824760437, -0.27784731984138489, 0.71977007389068604, -0.63618534803390503, -0.051976501941680908, 0.65002745389938354, 0.75813102722167969),
            ["LeftLowerArm"] = CFrame.new(-0.00049853324890136719, -0.048149526119232178, 0.00026138871908187866, 1, 0, 0, 0, 1, 0, 0, 0, 1),
            ["LeftLowerLeg"] = CFrame.new(1.359148882329464e-08, 0.093341290950775146, -0.031944636255502701, 1, -0, 0, 0, 0.67135328054428101, 0.74113750457763672, -0, -0.74113750457763672, 0.67135328054428101),
            ["LeftUpperArm"] = CFrame.new(-0.020391464233398438, -0.10726678371429443, -0.092029839754104614, 0.95922845602035522, -0.2778114378452301, -0.051976755261421204, -0.21450632810592651, -0.83534574508666992, 0.50614762306213379, -0.18403211236000061, -0.47436189651489258, -0.86087977886199951),
            ["LeftUpperLeg"] = CFrame.new(0, 1.4687260829759907e-07, -0.00010017506428994238, 0.89624232053756714, 0.41890445351600647, -0.14583796262741089, -0.32233235239982605, 0.38921207189559937, -0.86291122436523438, -0.30471545457839966, 0.82038581371307373, 0.48385477066040039),
            ["LowerTorso"] = CFrame.new(-1.3632133644136957e-08, 0.12831878662109375, -0.25173181295394897, 1, 0, 0, 0, -0.73985826969146729, -0.67276275157928467, 0, 0.67276275157928467, -0.73985826969146729),
            ["RightFoot"] = CFrame.new(-3.9115548133850098e-08, -0.075156986713409424, -0.00010323075548512861, 0.97172391414642334, 0.18064489960670471, 0.1520528644323349, -0.17111778259277344, 0.98249191045761108, -0.073677733540534973, -0.16270022094249725, 0.045575473457574844, 0.98562240600585938),
            ["RightHand"] = CFrame.new(-0.00053387880325317383, -0.05186927318572998, -4.4703483581542969e-08, 0.96058696508407593, -0.2396683394908905, 0.14082518219947815, 0.27243110537528992, 0.71095490455627441, -0.64832431077957153, 0.055262431502342224, 0.66113704442977905, 0.74822717905044556),
            ["RightLowerArm"] = CFrame.new(-1.5199184417724609e-06, -0.051806926727294922, 0.00028188526630401611, 1, 0, 0, 0, 1, 0, 0, 0, 1),
            ["RightLowerLeg"] = CFrame.new(-9.8720192909240723e-08, -0.074895679950714111, -0.00098884676117449999, 1, 0, 0, 0, 1, 0, 0, 0, 1),
            ["RightUpperArm"] = CFrame.new(0.019705414772033691, -0.10548532009124756, -0.090498954057693481, 0.96059179306030273, 0.27241495251655579, 0.055258572101593018, 0.21097537875175476, -0.84397637844085693, 0.49314630031585693, 0.18097734451293945, -0.46205407381057739, -0.86818969249725342),
            ["RightUpperLeg"] = CFrame.new(5.9604644775390625e-08, 2.4055756853158528e-07, 6.736809154972434e-08, 0.97172302007675171, -0.17109271883964539, -0.16273200511932373, -0.031333126127719879, -0.7765192985534668, 0.6293146014213562, -0.23403558135032654, -0.60642057657241821, -0.75992250442504883),
            ["UpperTorso"] = CFrame.new(1.0412100835113704e-14, -8.9406967163085938e-08, -1.1734664440155029e-07, 1, -0, 0, 0, 0.87647455930709839, 0.48144820332527161, -0, -0.48144820332527161, 0.87647455930709839)
        }},
        {Time = 0.225, Data = {
            ["Head"] = CFrame.new(3.8050308177439273e-23, -1.1920928955078125e-07, -2.9802322387695312e-08, 1, 0, 0, 0, 0.70195841789245605, -0.71221798658370972, 0, 0.71221798658370972, 0.70195841789245605),
            ["LeftFoot"] = CFrame.new(2.3096799850463867e-07, 0.022676229476928711, -2.6524066925048828e-06, 0.99857634305953979, -0.040797822177410126, -0.034363202750682831, 0.039789855480194092, 0.99877184629440308, -0.029522961005568504, 0.035525470972061157, 0.028113624081015587, 0.99897325038909912),
            ["LeftHand"] = CFrame.new(0.0005351044237613678, -0.053133904933929443, -1.7508864402770996e-07, 0.96002697944641113, 0.24133770167827606, -0.14178968966007233, -0.2760663628578186, 0.7327495813369751, -0.62198501825332642, -0.046212103217840195, 0.63626581430435181, 0.77008461952209473),
            ["LeftLowerArm"] = CFrame.new(-0.0004984736442565918, -0.05326920747756958, 0.00028957054018974304, 1, 0, 0, 0, 1, 0, 0, 0, 1),
            ["LeftLowerLeg"] = CFrame.new(1.3824319466948509e-07, 0.097102522850036621, -0.035070635378360748, 1, -0, 0, 0, 0.63888585567474365, 0.76930153369903564, -0, -0.76930153369903564, 0.63888585567474365),
            ["LeftUpperArm"] = CFrame.new(-0.019985198974609375, -0.10421872138977051, -0.093403935432434082, 0.96002012491226196, -0.27608814835548401, -0.046224214136600494, -0.20844307541847229, -0.81525981426239014, 0.54028034210205078, -0.18684974312782288, -0.50904488563537598, -0.84021449089050293),
            ["LeftUpperLeg"] = CFrame.new(-5.9604644775390625e-08, -1.4818122906490316e-07, -9.983013296732679e-05, 0.89209455251693726, 0.42826148867607117, -0.14408127963542938, -0.3606240451335907, 0.48269647359848022, -0.79809421300888062, -0.27224546670913696, 0.7639346718788147, 0.58505231142044067),
            ["LowerTorso"] = CFrame.new(-1.7217088199572572e-08, 0.15708827972412109, -0.20940636098384857, 1, 0, 0, 0, -0.81176173686981201, -0.58398884534835815, 0, 0.58398884534835815, -0.81176173686981201),
            ["RightFoot"] = CFrame.new(-1.3038516044616699e-08, -0.088001072406768799, -0.00010328710050089285, 0.97361797094345093, 0.17451544106006622, 0.14701172709465027, -0.16876794397830963, 0.98434591293334961, -0.050798974931240082, -0.153575599193573, 0.024647926911711693, 0.98782944679260254),
            ["RightHand"] = CFrame.new(-0.00053736194968223572, -0.056776106357574463, 9.3132257461547852e-08, 0.96136415004730225, -0.23734454810619354, 0.13945075869560242, 0.27078264951705933, 0.72414863109588623, -0.63425976037979126, 0.049555022269487381, 0.64751547574996948, 0.76043939590454102),
            ["RightLowerArm"] = CFrame.new(-1.6987323760986328e-06, -0.056707978248596191, 0.00030846148729324341, 1, 0, 0, 0, 1, 0, 0, 0, 1),
            ["RightLowerLeg"] = CFrame.new(5.5879354476928711e-08, -0.087696492671966553, -0.0011585318716242909, 1, 0, 0, 0, 1, 0, 0, 0, 1),
            ["RightUpperArm"] = CFrame.new(0.019313335418701172, -0.10248839855194092, -0.091850161552429199, 0.9613797664642334, 0.27073481678962708, 0.049513369798660278, 0.20498540997505188, -0.82439291477203369, 0.52759569883346558, 0.18365700542926788, -0.49707034230232239, -0.84805142879486084),
            ["RightUpperLeg"] = CFrame.new(0, 8.1125996587161353e-08, 2.8868089430034161e-07, 0.97362565994262695, -0.16877374053001404, -0.15352044999599457, -0.055865190923213959, -0.82876098155975342, 0.55680733919143677, -0.22120620310306549, -0.53354543447494507, -0.81633150577545166),
            ["UpperTorso"] = CFrame.new(-5.6861330219510654e-15, 5.9604644775390625e-08, 1.0058283805847168e-07, 1, -0, 0, 0, 0.80308353900909424, 0.59586638212203979, -0, -0.59586638212203979, 0.80308353900909424)
        }},
        {Time = 0.250, Data = {
            ["Head"] = CFrame.new(-1.2924697071141057e-24, 0, -2.9802322387695312e-08, 1, 0, 0, 0, 0.71298450231552124, -0.70117980241775513, 0, 0.70117980241775513, 0.71298450231552124),
            ["LeftFoot"] = CFrame.new(6.4261257648468018e-08, 0.023299217224121094, -2.6822090148925781e-06, 0.99817728996276855, -0.046164501458406448, -0.038871124386787415, 0.04316311702132225, 0.99626392126083374, -0.074800670146942139, 0.042179033160209656, 0.072986528277397156, 0.996440589427948),
            ["LeftHand"] = CFrame.new(0.00053523480892181396, -0.053541958332061768, 3.7252902984619141e-09, 0.96033596992492676, 0.24042497575283051, -0.14124685525894165, -0.27594214677810669, 0.74648833274841309, -0.60548418760299683, -0.04013437032699585, 0.62044423818588257, 0.78322297334671021),
            ["LeftLowerArm"] = CFrame.new(-0.00049835443496704102, -0.053677201271057129, 0.00029185041785240173, 1, 0, 0, 0, 1, 0, 0, 0, 1),
            ["LeftLowerLeg"] = CFrame.new(2.2584572434425354e-08, 0.09892427921295166, -0.03666425496339798, 1, -0, 0, 0, 0.62226617336273193, 0.78280586004257202, -0, -0.78280586004257202, 0.62226617336273193),
            ["LeftUpperArm"] = CFrame.new(-0.019827842712402344, -0.10219597816467285, -0.094818800687789917, 0.96034425497055054, -0.27591347694396973, -0.04013359546661377, -0.20438107848167419, -0.79453873634338379, 0.57178378105163574, -0.18965053558349609, -0.54090666770935059, -0.81942212581634521),
            ["LeftUpperLeg"] = CFrame.new(-5.9604644775390625e-08, -9.1973035409864679e-08, -0.00010005151852965355, 0.88893616199493408, 0.43780955672264099, -0.13459308445453644, -0.38865306973457336, 0.56549715995788574, -0.72743505239486694, -0.2423660010099411, 0.69895333051681519, 0.67284691333770752),
