return {
["fish thrust"] = {

          {Time = 0.000, Data = {

              ["Head"] = CFrame.new(-0.000000, 0.000000, 0.000000, 0.999293, -0.033940, -0.016175, 0.037514, 0.928710, 0.368905, 0.002501, -0.369251, 0.929326),

              ["LeftFoot"] = CFrame.new(-0.000000, 0.034461, 0.000000, 0.911717, -0.314262, -0.264616, 0.246126, 0.933527, -0.260680, 0.328930, 0.172530, 0.928453),

              ["LeftHand"] = CFrame.new(0.000498, 0.002391, 0.000000, 0.985748, -0.145645, 0.084194, 0.134116, 0.982488, 0.129348, -0.101557, -0.116210, 0.988018),

              ["LeftLowerArm"] = CFrame.new(-0.000500, 0.022561, 0.002085, 1.000000, -0.000000, -0.000000, 0.000000, 0.978818, -0.204730, 0.000000, 0.204730, 0.978818),

              ["LeftLowerLeg"] = CFrame.new(-0.000000, 0.120720, -0.128924, 1.000000, -0.000000, -0.000000, 0.000000, -0.337755, 0.941232, -0.000000, -0.941234, -0.337762),

              ["LeftUpperArm"] = CFrame.new(0.115257, -0.260110, -0.460996, 0.975990, 0.217804, 0.002344, -0.118654, 0.540653, -0.832837, -0.182662, 0.812561, 0.553514),

              ["LeftUpperLeg"] = CFrame.new(-0.000000, -0.000000, -0.000100, 0.912428, 0.301309, -0.276919, -0.384496, 0.399473, -0.832210, -0.140133, 0.865814, 0.480357),

              ["LowerTorso"] = CFrame.new(0.000000, -1.180490, 0.466999, 0.995032, 0.025175, -0.096320, -0.073358, 0.839481, -0.538414, 0.067304, 0.542805, 0.837158),

              ["RightFoot"] = CFrame.new(-0.000000, 0.034854, -0.000100, 0.925931, 0.288920, 0.243278, -0.257882, 0.954192, -0.151711, -0.275951, 0.077736, 0.958018),

              ["RightHand"] = CFrame.new(-0.000503, -0.004081, 0.000000, 0.995521, 0.082032, -0.046989, -0.082001, 0.996629, 0.002588, 0.047042, 0.001278, 0.998892),

              ["RightLowerArm"] = CFrame.new(0.000000, -0.004050, 0.000019, 1.000000, 0.000000, 0.000000, -0.000000, 1.000000, -0.000000, -0.000000, 0.000000, 1.000000),

              ["RightLowerLeg"] = CFrame.new(-0.000000, 0.119251, -0.132309, 1.000000, 0.000000, 0.000000, -0.000000, -0.372008, 0.928227, 0.000000, -0.928230, -0.372014),

              ["RightUpperArm"] = CFrame.new(-0.124642, -0.253225, 0.306166, 0.981164, -0.167588, 0.096079, 0.048799, 0.696256, 0.716133, -0.186911, -0.697955, 0.691320),

              ["RightUpperLeg"] = CFrame.new(0.000000, 0.000000, -0.000000, 0.916507, -0.075023, 0.392919, 0.397902, 0.271874, -0.876214, -0.041087, 0.959404, 0.279041),

              ["UpperTorso"] = CFrame.new(0.006298, 0.085943, 0.087525, 0.999755, 0.021897, 0.003194, -0.020660, 0.975309, -0.219877, -0.007929, 0.219757, 0.975522)

          }},

          {Time = 0.017, Data = {

              ["Head"] = CFrame.new(-0.000000, 0.000000, -0.000000, 0.999293, -0.033940, -0.016175, 0.037514, 0.928710, 0.368905, 0.002501, -0.369251, 0.929326),

              ["LeftFoot"] = CFrame.new(0.000000, 0.034450, 0.000000, 0.912118, -0.313579, -0.264041, 0.246902, 0.934395, -0.256809, 0.327230, 0.169041, 0.929694),

              ["LeftHand"] = CFrame.new(0.000499, 0.002348, 0.000000, 0.985773, -0.145517, 0.084118, 0.134210, 0.982746, 0.127275, -0.101187, -0.114172, 0.988294),

              ["LeftLowerArm"] = CFrame.new(-0.000500, 0.022275, 0.002034, 1.000000, -0.000000, -0.000000, 0.000000, 0.979331, -0.202263, 0.000000, 0.202263, 0.979331),

              ["LeftLowerLeg"] = CFrame.new(-0.000000, 0.120787, -0.128741, 1.000000, -0.000000, -0.000000, 0.000000, -0.335851, 0.941913, -0.000000, -0.941915, -0.335858),

              ["LeftUpperArm"] = CFrame.new(0.115348, -0.260558, -0.460302, 0.976030, 0.217623, 0.002359, -0.118586, 0.540882, -0.832697, -0.182490, 0.812457, 0.553723),

              ["LeftUpperLeg"] = CFrame.new(-0.000000, -0.000000, -0.000100, 0.912355, 0.300960, -0.277538, -0.382842, 0.387005, -0.838837, -0.145049, 0.871579, 0.468321),

              ["LowerTorso"] = CFrame.new(-0.000039, -1.180316, 0.470547, 0.995031, 0.025273, -0.096308, -0.072597, 0.846125, -0.528017, 0.068144, 0.532385, 0.843755),

              ["RightFoot"] = CFrame.new(-0.000000, 0.034834, -0.000100, 0.926450, 0.287944, 0.242457, -0.258287, 0.954816, -0.147024, -0.273821, 0.073586, 0.958957),

              ["RightHand"] = CFrame.new(-0.000502, -0.003791, 0.000000, 0.995517, 0.082075, -0.047015, -0.082034, 0.996626, 0.002827, 0.047087, 0.001042, 0.998890),

              ["RightLowerArm"] = CFrame.new(-0.000000, -0.003760, 0.000017, 1.000000, 0.000000, 0.000000, -0.000000, 1.000000, -0.000001, -0.000000, 0.000000, 1.000000),

              ["RightLowerLeg"] = CFrame.new(0.000000, 0.119392, -0.131962, 1.000000, 0.000000, 0.000000, -0.000000, -0.368385, 0.929671, 0.000000, -0.929673, -0.368391),

              ["RightUpperArm"] = CFrame.new(-0.124462, -0.254618, 0.307639, 0.981154, -0.167643, 0.096084, 0.048748, 0.695935, 0.716449, -0.186976, -0.698263, 0.690991),

              ["RightUpperLeg"] = CFrame.new(0.000000, -0.000000, -0.000000, 0.917462, -0.073614, 0.390953, 0.396128, 0.259696, -0.880701, -0.036696, 0.962881, 0.267436),

              ["UpperTorso"] = CFrame.new(0.006510, 0.084599, 0.089461, 0.999728, 0.023098, 0.003241, -0.021711, 0.972345, -0.232540, -0.008522, 0.232406, 0.972582)

          }},

          {Time = 0.033, Data = {

              ["Head"] = CFrame.new(-0.000000, 0.000000, -0.000000, 0.999293, -0.033940, -0.016175, 0.037514, 0.928710, 0.368905, 0.002501, -0.369251, 0.929326),

              ["LeftFoot"] = CFrame.new(0.000000, 0.034418, 0.000000, 0.913313, -0.311537, -0.262321, 0.248848, 0.936753, -0.246116, 0.322387, 0.159496, 0.933067),

              ["LeftHand"] = CFrame.new(0.000498, 0.002227, 0.000000, 0.985844, -0.145158, 0.083907, 0.134472, 0.983452, 0.121406, -0.100140, -0.108401, 0.989050),

              ["LeftLowerArm"] = CFrame.new(-0.000500, 0.021462, 0.001893, 1.000000, -0.000000, -0.000000, 0.000000, 0.980750, -0.195270, 0.000000, 0.195270, 0.980749),

              ["LeftLowerLeg"] = CFrame.new(0.000000, 0.120990, -0.128174, 1.000000, -0.000000, -0.000000, 0.000000, -0.329943, 0.943998, -0.000000, -0.944001, -0.329950),

              ["LeftUpperArm"] = CFrame.new(0.115610, -0.261857, -0.458302, 0.976144, 0.217113, 0.002401, -0.118396, 0.541514, -0.832314, -0.182006, 0.812173, 0.554299),

              ["LeftUpperLeg"] = CFrame.new(-0.000000, -0.000000, -0.000100, 0.912238, 0.300079, -0.278875, -0.377749, 0.352750, -0.856074, -0.158518, 0.886296, 0.435161),

              ["LowerTorso"] = CFrame.new(-0.000154, -1.179300, 0.480465, 0.995022, 0.025559, -0.096322, -0.070476, 0.863843, -0.498807, 0.070458, 0.503112, 0.861344),

              ["RightFoot"] = CFrame.new(0.000000, 0.034773, -0.000100, 0.927940, 0.285124, 0.240082, -0.259161, 0.956461, -0.134233, -0.267887, 0.062340, 0.961427),

              ["RightHand"] = CFrame.new(-0.000502, -0.002958, -0.000000, 0.995503, 0.082198, -0.047086, -0.082125, 0.996616, 0.003492, 0.047213, 0.000390, 0.998885),

              ["RightLowerArm"] = CFrame.new(-0.000000, -0.002928, 0.000012, 1.000000, 0.000000, 0.000000, -0.000000, 1.000000, -0.000000, -0.000000, 0.000000, 1.000000),

              ["RightLowerLeg"] = CFrame.new(0.000000, 0.119799, -0.130938, 1.000000, 0.000000, 0.000000, -0.000000, -0.357716, 0.933828, 0.000000, -0.933830, -0.357723),

              ["RightUpperArm"] = CFrame.new(-0.123948, -0.258593, 0.311843, 0.981127, -0.167795, 0.096098, 0.048604, 0.695022, 0.717344, -0.187157, -0.699135, 0.690059),

              ["RightUpperLeg"] = CFrame.new(-0.000000, -0.000000, -0.000000, 0.920139, -0.070023, 0.385279, 0.390804, 0.226556, -0.892154, -0.024815, 0.971478, 0.235843),

              ["UpperTorso"] = CFrame.new(0.007107, 0.080663, 0.094821, 0.999645, 0.026427, 0.003345, -0.024571, 0.963266, -0.267422, -0.010290, 0.267245, 0.963574)

          }},

          {Time = 0.050, Data = {

              ["Head"] = CFrame.new(-0.000000, 0.000000, -0.000000, 0.999293, -0.033940, -0.016175, 0.037514, 0.928710, 0.368905, 0.002501, -0.369251, 0.929327),

              ["LeftFoot"] = CFrame.new(0.000000, 0.034359, 0.000000, 0.915316, -0.308077, -0.259409, 0.251294, 0.940205, -0.229935, 0.314718, 0.145270, 0.937996),

              ["LeftHand"] = CFrame.new(0.000499, 0.002034, -0.000000, 0.985953, -0.144605, 0.083582, 0.134874, 0.984484, 0.112253, -0.098517, -0.099401, 0.990158),

              ["LeftLowerArm"] = CFrame.new(-0.000500, 0.020186, 0.001684, 1.000000, -0.000000, -0.000000, 0.000000, 0.982867, -0.184317, 0.000000, 0.184317, 0.982867),

              ["LeftLowerLeg"] = CFrame.new(-0.000000, 0.121343, -0.127161, 1.000000, -0.000000, -0.000000, 0.000000, -0.319384, 0.947623, -0.000000, -0.947625, -0.319391),

              ["LeftUpperArm"] = CFrame.new(0.116025, -0.263936, -0.455123, 0.976317, 0.216329, 0.002453, -0.118103, 0.542444, -0.831750, -0.181262, 0.811761, 0.555146),

              ["LeftUpperLeg"] = CFrame.new(-0.000000, 0.000000, -0.000100, 0.912265, 0.298975, -0.279971, -0.368687, 0.301579, -0.879268, -0.178446, 0.905353, 0.385362),

              ["LowerTorso"] = CFrame.new(-0.000347, -1.176466, 0.495773, 0.994994, 0.026042, -0.096484, -0.067234, 0.888730, -0.453474, 0.073939, 0.457691, 0.886032),

              ["RightFoot"] = CFrame.new(0.000000, 0.034673, -0.000100, 0.930295, 0.280596, 0.236269, -0.259904, 0.958732, -0.115257, -0.258845, 0.045818, 0.964828),

              ["RightHand"] = CFrame.new(-0.000501, -0.002117, 0.000000, 0.995482, 0.082386, -0.047197, -0.082059, 0.996588, 0.008831, 0.047763, -0.004918, 0.998847),

              ["RightLowerArm"] = CFrame.new(-0.000000, -0.001199, 0.000011, 1.000000, 0.000000, 0.000000, -0.000000, 0.999961, -0.008880, -0.000000, 0.008880, 0.999961),

              ["RightLowerLeg"] = CFrame.new(-0.000000, 0.120445, -0.129231, 1.000000, 0.000000, 0.000000, -0.000000, -0.339913, 0.940455, 0.000000, -0.940457, -0.339919),

              ["RightUpperArm"] = CFrame.new(-0.123140, -0.264843, 0.318447, 0.981084, -0.168467, 0.095352, 0.048378, 0.690321, 0.721884, -0.187437, -0.703616, 0.685413),

              ["RightUpperLeg"] = CFrame.new(0.000000, 0.000000, -0.000000, 0.924240, -0.065313, 0.376185, 0.381736, 0.177852, -0.906996, -0.007666, 0.981887, 0.189326),

              ["UpperTorso"] = CFrame.new(0.008030, 0.074117, 0.102819, 0.999499, 0.031480, 0.003444, -0.028728, 0.947113, -0.319612, -0.013323, 0.319353, 0.947542)

          }},

          {Time = 0.067, Data = {

              ["Head"] = CFrame.new(0.000000, 0.000000, -0.000000, 0.999293, -0.033940, -0.016175, 0.037514, 0.928710, 0.368905, 0.002501, -0.369251, 0.929327),

              ["LeftFoot"] = CFrame.new(0.000000, 0.034272, 0.000000, 0.918122, -0.303152, -0.255262, 0.253509, 0.944331, -0.209700, 0.304606, 0.127815, 0.943858),

              ["LeftHand"] = CFrame.new(0.000499, 0.001777, 0.000000, 0.986091, -0.143900, 0.083168, 0.135382, 0.985702, 0.100320, -0.096414, -0.087663, 0.991473),

              ["LeftLowerArm"] = CFrame.new(-0.000500, 0.018506, 0.001429, 1.000000, -0.000000, -0.000000, 0.000000, 0.985454, -0.169941, 0.000000, 0.169941, 0.985454),

              ["LeftLowerLeg"] = CFrame.new(-0.000000, 0.121853, -0.125628, 1.000000, -0.000000, -0.000000, 0.000000, -0.303410, 0.952858, -0.000000, -0.952860, -0.303417),

              ["LeftUpperArm"] = CFrame.new(0.116575, -0.266727, -0.450892, 0.976539, 0.215327, 0.002498, -0.117728, 0.543554, -0.831078, -0.180311, 0.811285, 0.556151),

              ["LeftUpperLeg"] = CFrame.new(-0.000000, 0.000000, -0.000100, 0.912618, 0.298031, -0.279825, -0.355119, 0.238828, -0.903795, -0.202530, 0.924196, 0.323810),

              ["LowerTorso"] = CFrame.new(-0.000635, -1.170734, 0.515468, 0.994932, 0.026762, -0.096926, -0.063113, 0.916612, -0.394766, 0.078279, 0.398882, 0.913655),

              ["RightFoot"] = CFrame.new(0.000000, 0.034535, -0.000100, 0.933379, 0.274538, 0.231168, -0.259925, 0.961228, -0.092087, -0.247473, 0.025869, 0.968546),

              ["RightHand"] = CFrame.new(-0.000501, -0.001587, 0.000000, 0.995456, 0.082626, -0.047341, -0.081744, 0.996447, 0.020289, 0.048849, -0.016327, 0.998673),

              ["RightLowerArm"] = CFrame.new(-0.000000, 0.001422, 0.000048, 1.000000, 0.000000, 0.000000, -0.000000, 0.999556, -0.029801, -0.000000, 0.029801, 0.999556),

              ["RightLowerLeg"] = CFrame.new(0.000000, 0.121295, -0.126815, 1.000000, 0.000000, 0.000000, -0.000000, -0.314741, 0.949175, 0.000000, -0.949178, -0.314748),

              ["RightUpperArm"] = CFrame.new(-0.122079, -0.273059, 0.327123, 0.981030, -0.169785, 0.093555, 0.048085, 0.680647, 0.731032, -0.187796, -0.712666, 0.675899),

              ["RightUpperLeg"] = CFrame.new(0.000000, 0.000000, -0.000000, 0.929415, -0.060536, 0.364037, 0.368830, 0.119351, -0.921800, 0.012355, 0.991005, 0.133270),

              ["UpperTorso"] = CFrame.new(0.009221, 0.064879, 0.112564, 0.999278, 0.037846, 0.003470, -0.033615, 0.922751, -0.383928, -0.017732, 0.383534, 0.923357)

          }},

          {Time = 0.083, Data = {

              ["Head"] = CFrame.new(0.000000, 0.000000, -0.000000, 0.999293, -0.033940, -0.016175, 0.037514, 0.928710, 0.368905, 0.002501, -0.369251, 0.929327),

              ["LeftFoot"] = CFrame.new(0.000000, 0.034152, -0.000000, 0.921652, -0.296818, -0.249928, 0.254804, 0.948721, -0.187097, 0.292630, 0.108754, 0.950016),

              ["LeftHand"] = CFrame.new(0.000499, 0.001460, -0.000000, 0.986251, -0.143083, 0.082687, 0.135967, 0.986964, 0.086115, -0.093930, -0.073686, 0.992848),

              ["LeftLowerArm"] = CFrame.new(-0.000500, 0.016481, 0.001150, 1.000000, -0.000000, -0.000000, 0.000000, 0.988274, -0.152691, 0.000000, 0.152690, 0.988274),

              ["LeftLowerLeg"] = CFrame.new(-0.000000, 0.122509, -0.123510, 1.000000, -0.000000, -0.000000, 0.000000, -0.281346, 0.959604, -0.000000, -0.959606, -0.281354),

              ["LeftUpperArm"] = CFrame.new(0.117241, -0.270159, -0.445734, 0.976795, 0.214162, 0.002519, -0.117290, 0.544730, -0.830369, -0.179206, 0.810804, 0.557209),

              ["LeftUpperLeg"] = CFrame.new(0.000000, 0.000000, -0.000100, 0.913415, 0.297728, -0.277538, -0.336933, 0.170509, -0.925958, -0.228361, 0.939300, 0.256076),

              ["LowerTorso"] = CFrame.new(-0.001038, -1.161139, 0.538373, 0.994826, 0.027770, -0.097729, -0.058353, 0.943612, -0.325870, 0.083169, 0.329887, 0.940350),

              ["RightFoot"] = CFrame.new(0.000000, 0.034357, -0.000100, 0.936994, 0.267234, 0.225018, -0.258781, 0.963622, -0.066832, -0.234680, 0.004396, 0.972060),

              ["RightHand"] = CFrame.new(-0.000501, -0.001028, -0.000000, 0.995424, 0.082905, -0.047508, -0.081381, 0.996131, 0.033160, 0.050073, -0.029141, 0.998320),

              ["RightLowerArm"] = CFrame.new(-0.000000, 0.004329, 0.000141, 1.000000, 0.000000, 0.000000, -0.000000, 0.998576, -0.053349, -0.000000, 0.053349, 0.998576),

              ["RightLowerLeg"] = CFrame.new(0.000000, 0.122289, -0.123678, 1.000000, 0.000000, 0.000000, -0.000000, -0.282060, 0.959394, 0.000000, -0.959397, -0.282068),

              ["RightUpperArm"] = CFrame.new(-0.120805, -0.282934, 0.337543, 0.980968, -0.171265, 0.091493, 0.047736, 0.669447, 0.741325, -0.188213, -0.722848, 0.664881),

              ["RightUpperLeg"] = CFrame.new(0.000000, 0.000000, -0.000000, 0.935264, -0.056628, 0.349390, 0.352414, 0.057136, -0.934097, 0.032934, 0.996759, 0.073411),

              ["UpperTorso"] = CFrame.new(0.010617, 0.052965, 0.123129, 0.998976, 0.045118, 0.003358, -0.038649, 0.889622, -0.455060, -0.023519, 0.454464, 0.890455)

          }},

          {Time = 0.100, Data = {

              ["Head"] = CFrame.new(0.000000, 0.000000, 0.000000, 0.999293, -0.033940, -0.016175, 0.037514, 0.928710, 0.368905, 0.002501, -0.369251, 0.929327),

              ["LeftFoot"] = CFrame.new(0.000000, 0.033996, -0.000000, 0.925733, -0.289291, -0.243591, 0.254733, 0.953042, -0.163783, 0.279518, 0.089568, 0.955949),

              ["LeftHand"] = CFrame.new(0.000499, 0.001090, -0.000000, 0.986423, -0.142192, 0.082163, 0.136595, 0.988139, 0.070168, -0.091165, -0.057990, 0.994146),

              ["LeftLowerArm"] = CFrame.new(-0.000500, 0.014175, 0.000873, 1.000000, -0.000000, -0.000000, 0.000000, 0.991094, -0.133168, 0.000000, 0.133168, 0.991094),

              ["LeftLowerLeg"] = CFrame.new(0.000000, 0.123237, -0.120840, 1.000000, -0.000000, -0.000000, 0.000000, -0.253516, 0.967329, -0.000000, -0.967331, -0.253525),

              ["LeftUpperArm"] = CFrame.new(0.118006, -0.274167, -0.439773, 0.977073, 0.212888, 0.002505, -0.116812, 0.545883, -0.829680, -0.177997, 0.810365, 0.558234),

              ["LeftUpperLeg"] = CFrame.new(0.000000, -0.000000, -0.000100, 0.914679, 0.298281, -0.272743, -0.314693, 0.102098, -0.943685, -0.253637, 0.949002, 0.187270),

              ["LowerTorso"] = CFrame.new(-0.001571, -1.147029, 0.563066, 0.994672, 0.029102, -0.098896, -0.053196, 0.966632, -0.250584, 0.088303, 0.254510, 0.963030),

              ["RightFoot"] = CFrame.new(0.000000, 0.034136, -0.000100, 0.940900, 0.259080, 0.218152, -0.256317, 0.965707, -0.041385, -0.221381, -0.016971, 0.975037),

              ["RightHand"] = CFrame.new(-0.000500, -0.000494, -0.000000, 0.995390, 0.083209, -0.047689, -0.081010, 0.995636, 0.046323, 0.051335, -0.042246, 0.997788),

              ["RightLowerArm"] = CFrame.new(-0.000000, 0.007262, 0.000294, 1.000000, 0.000000, 0.000000, -0.000000, 0.996998, -0.077427, -0.000000, 0.077427, 0.996998),

              ["RightLowerLeg"] = CFrame.new(0.000000, 0.123294, -0.119909, 1.000000, 0.000000, 0.000000, -0.000000, -0.242766, 0.970083, 0.000000, -0.970085, -0.242775),

              ["RightUpperArm"] = CFrame.new(-0.119358, -0.294161, 0.349376, 0.980899, -0.172789, 0.089335, 0.047345, 0.657533, 0.751937, -0.188667, -0.733345, 0.653154),

              ["RightUpperLeg"] = CFrame.new(0.000000, 0.000000, -0.000000, 0.941366, -0.053964, 0.333042, 0.333338, -0.003695, -0.942800, 0.052109, 0.998536, 0.014527),

              ["UpperTorso"] = CFrame.new(0.012158, 0.038594, 0.133642, 0.998596, 0.052884, 0.003054, -0.043307, 0.848247, -0.527827, -0.030504, 0.526954, 0.849346)

          }},

          {Time = 0.117, Data = {

              ["Head"] = CFrame.new(0.000000, 0.000000, -0.000000, 0.999293, -0.033940, -0.016175, 0.037514, 0.928710, 0.368905, 0.002501, -0.369251, 0.929327),

              ["LeftFoot"] = CFrame.new(-0.000000, 0.033811, -0.000000, 0.930111, -0.280953, -0.236570, 0.253078, 0.957031, -0.141582, 0.266168, 0.071817, 0.961244),

              ["LeftHand"] = CFrame.new(0.000499, 0.000676, -0.000000, 0.986602, -0.141265, 0.081617, 0.137237, 0.989117, 0.053048, -0.088222, -0.041135, 0.995251),

              ["LeftLowerArm"] = CFrame.new(-0.000500, 0.011666, 0.000616, 1.000000, -0.000000, -0.000000, 0.000000, 0.993701, -0.112068, 0.000000, 0.112068, 0.993701),

              ["LeftLowerLeg"] = CFrame.new(0.000000, 0.123990, -0.117663, 1.000000, -0.000000, -0.000000, 0.000000, -0.220394, 0.975409, -0.000000, -0.975411, -0.220403),

              ["LeftUpperArm"] = CFrame.new(0.118852, -0.278677, -0.433137, 0.977362, 0.211558, 0.002457, -0.116310, 0.546963, -0.829038, -0.176734, 0.809985, 0.559187),

              ["LeftUpperLeg"] = CFrame.new(0.000000, 0.000000, -0.000100, 0.916338, 0.299932, -0.265258, -0.289689, 0.039269, -0.956314, -0.276413, 0.953152, 0.122888),

              ["LowerTorso"] = CFrame.new(-0.002224, -1.128207, 0.587903, 0.994479, 0.030735, -0.100334, -0.047884, 0.983710, -0.173270, 0.093374, 0.177118, 0.979750),

              ["RightFoot"] = CFrame.new(-0.000000, 0.033887, -0.000100, 0.944841, 0.250545, 0.210966, -0.252595, 0.967412, -0.017627, -0.208496, -0.036626, 0.977335),

              ["RightHand"] = CFrame.new(-0.000500, 0.000024, 0.000000, 0.995355, 0.083524, -0.047878, -0.080616, 0.994952, 0.059765, 0.052627, -0.055628, 0.997064),

              ["RightLowerArm"] = CFrame.new(0.000000, 0.010241, 0.000513, 1.000000, 0.000000, 0.000000, -0.000000, 0.994767, -0.102170, -0.000000, 0.102170, 0.994767),

              ["RightLowerLeg"] = CFrame.new(-0.000000, 0.124234, -0.115608, 1.000000, 0.000000, 0.000000, -0.000000, -0.197946, 0.980211, 0.000000, -0.980213, -0.197956),

              ["RightUpperArm"] = CFrame.new(-0.117779, -0.306433, 0.362294, 0.980829, -0.174345, 0.087059, 0.046926, 0.644906, 0.762820, -0.189138, -0.744110, 0.640724),

              ["RightUpperLeg"] = CFrame.new(-0.000000, 0.000000, -0.000000, 0.947325, -0.052852, 0.315883, 0.312869, -0.058157, -0.948015, 0.068476, 0.996907, -0.038540),

              ["UpperTorso"] = CFrame.new(0.013780, 0.022239, 0.143395, 0.998151, 0.060734, 0.002513, -0.047202, 0.800475, -0.597504, -0.038300, 0.596281, 0.801862)

          }},

          {Time = 0.133, Data = {

              ["Head"] = CFrame.new(0.000000, -0.000000, -0.000000, 0.999293, -0.033940, -0.016175, 0.037514, 0.928710, 0.368905, 0.002501, -0.369251, 0.929326),

              ["LeftFoot"] = CFrame.new(-0.000000, 0.033608, -0.000001, 0.934495, -0.272307, -0.229290, 0.249937, 0.960532, -0.122110, 0.253478, 0.056805, 0.965668),

              ["LeftHand"] = CFrame.new(0.000500, 0.000225, -0.000000, 0.986780, -0.140335, 0.081070, 0.137862, 0.989820, 0.035366, -0.085207, -0.023720, 0.996081),

              ["LeftLowerArm"] = CFrame.new(-0.000500, 0.009042, 0.000398, 1.000000, -0.000000, -0.000000, 0.000000, 0.995924, -0.090196, 0.000000, 0.090196, 0.995924),

              ["LeftLowerLeg"] = CFrame.new(-0.000000, 0.124695, -0.114106, 1.000000, -0.000000, -0.000000, 0.000000, -0.183333, 0.983049, -0.000000, -0.983051, -0.183343),

              ["LeftUpperArm"] = CFrame.new(0.119763, -0.283621, -0.425947, 0.977651, 0.210220, 0.002389, -0.115805, 0.547976, -0.828440, -0.175463, 0.809648, 0.560073),

              ["LeftUpperLeg"] = CFrame.new(-0.000000, 0.000000, -0.000100, 0.918263, 0.302626, -0.255358, -0.263797, -0.013415, -0.964485, -0.295305, 0.953015, 0.067531),

              ["LowerTorso"] = CFrame.new(-0.002951, -1.105004, 0.611095, 0.994264, 0.032553, -0.101878, -0.042660, 0.994207, -0.098657, 0.098076, 0.102438, 0.989893),

              ["RightFoot"] = CFrame.new(0.000000, 0.033625, -0.000101, 0.948594, 0.242105, 0.203859, -0.247874, 0.968789, 0.002856, -0.196794, -0.053230, 0.978996),

              ["RightHand"] = CFrame.new(-0.000500, 0.000506, 0.000000, 0.995320, 0.083838, -0.048065, -0.080217, 0.994110, 0.072873, 0.053890, -0.068676, 0.996182),

              ["RightLowerArm"] = CFrame.new(-0.000000, 0.013137, 0.000788, 1.000000, 0.000000, 0.000000, -0.000000, 0.991970, -0.126471, -0.000000, 0.126471, 0.991970),

              ["RightLowerLeg"] = CFrame.new(0.000000, 0.125012, -0.110973, 1.000000, 0.000000, 0.000000, -0.000000, -0.149664, 0.988735, 0.000000, -0.988737, -0.149675),

              ["RightUpperArm"] = CFrame.new(-0.116108, -0.319444, 0.375969, 0.980759, -0.175866, 0.084758, 0.046493, 0.632071, 0.773515, -0.189608, -0.754691, 0.628085),

              ["RightUpperLeg"] = CFrame.new(0.000000, 0.000000, -0.000000, 0.952817, -0.053253, 0.298836, 0.292465, -0.102511, -0.950768, 0.081267, 0.993305, -0.082081),

              ["UpperTorso"] = CFrame.new(0.015418, 0.004624, 0.151947, 0.997666, 0.068257, 0.001704, -0.050148, 0.749466, -0.660140, -0.046336, 0.658514, 0.751140)

          }},

          {Time = 0.150, Data = {

              ["Head"] = CFrame.new(-0.000000, 0.000000, -0.000000, 0.999293, -0.033940, -0.016175, 0.037514, 0.928710, 0.368905, 0.002501, -0.369251, 0.929326),

              ["LeftFoot"] = CFrame.new(0.000000, 0.033395, -0.000001, 0.938600, -0.263915, -0.222224, 0.245630, 0.963466, -0.106776, 0.242271, 0.045638, 0.969131),

              ["LeftHand"] = CFrame.new(0.000500, -0.000244, 0.000000, 0.986951, -0.139432, 0.080538, 0.138443, 0.990211, 0.017773, -0.082227, -0.006390, 0.996593),

              ["LeftLowerArm"] = CFrame.new(-0.000500, 0.006411, 0.000229, 1.000000, -0.000000, -0.000000, 0.000000, 0.997654, -0.068465, 0.000000, 0.068465, 0.997653),

              ["LeftLowerLeg"] = CFrame.new(-0.000000, 0.125283, -0.110359, 1.000000, -0.000000, -0.000000, 0.000000, -0.144317, 0.989530, -0.000000, -0.989531, -0.144328),

              ["LeftUpperArm"] = CFrame.new(0.120721, -0.288927, -0.418326, 0.977931, 0.208917, 0.002327, -0.115309, 0.548976, -0.827847, -0.174229, 0.809308, 0.560949),

              ["LeftUpperLeg"] = CFrame.new(0.000000, -0.000000, -0.000100, 0.920298, 0.306113, -0.243605, -0.239225, -0.052382, -0.969551, -0.309553, 0.950553, 0.025041),

              ["LowerTorso"] = CFrame.new(-0.003659, -1.078273, 0.630813, 0.994056, 0.034322, -0.103315, -0.037767, 0.998787, -0.031582, 0.102106, 0.035296, 0.994147),

              ["RightFoot"] = CFrame.new(0.000000, 0.033361, -0.000101, 0.951985, 0.234186, 0.197191, -0.242481, 0.969977, 0.018677, -0.186887, -0.065584, 0.980187),

              ["RightHand"] = CFrame.new(-0.000499, 0.000940, -0.000000, 0.995286, 0.084137, -0.048243, -0.079832, 0.993168, 0.085118, 0.055074, -0.080864, 0.995202),

              ["RightLowerArm"] = CFrame.new(-0.000000, 0.015842, 0.001102, 1.000000, 0.000000, 0.000000, -0.000000, 0.988783, -0.149362, -0.000000, 0.149362, 0.988783),

              ["RightLowerLeg"] = CFrame.new(-0.000000, 0.125558, -0.106268, 1.000000, 0.000000, 0.000000, -0.000000, -0.100698, 0.994916, 0.000000, -0.994917, -0.100710),

              ["RightUpperArm"] = CFrame.new(-0.114386, -0.332887, 0.390071, 0.980692, -0.177295, 0.082522, 0.046061, 0.619522, 0.783627, -0.190057, -0.764696, 0.615726),

              ["RightUpperLeg"] = CFrame.new(-0.000000, 0.000000, -0.000000, 0.957615, -0.055024, 0.282744, 0.273536, -0.133937, -0.952494, 0.090281, 0.989461, -0.113190),

              ["UpperTorso"] = CFrame.new(0.017006, -0.013329, 0.159202, 0.997180, 0.075042, 0.000613, -0.052199, 0.699461, -0.712762, -0.053916, 0.710720, 0.701406)

          }},

          {Time = 0.167, Data = {

              ["Head"] = CFrame.new(-0.000000, -0.000000, -0.000000, 0.999293, -0.033940, -0.016175, 0.037514, 0.928710, 0.368905, 0.002501, -0.369251, 0.929326),

              ["LeftFoot"] = CFrame.new(0.000000, 0.033188, -0.000001, 0.942185, -0.256331, -0.215838, 0.240580, 0.965791, -0.096804, 0.233255, 0.039285, 0.971619),

              ["LeftHand"] = CFrame.new(0.000500, -0.000713, -0.000000, 0.987111, -0.138586, 0.080040, 0.138956, 0.990298, 0.000954, -0.079395, 0.010182, 0.996791),

              ["LeftLowerArm"] = CFrame.new(-0.000500, 0.003891, 0.000112, 1.000000, -0.000000, -0.000000, 0.000000, 0.998853, -0.047879, 0.000000, 0.047879, 0.998853),

              ["LeftLowerLeg"] = CFrame.new(-0.000000, 0.125712, -0.106660, 1.000000, -0.000000, -0.000000, 0.000000, -0.105805, 0.994386, -0.000000, -0.994387, -0.105817),

              ["LeftUpperArm"] = CFrame.new(0.121711, -0.294523, -0.410394, 0.978191, 0.207694, 0.002308, -0.114840, 0.550061, -0.827192, -0.173072, 0.808886, 0.561915),

              ["LeftUpperLeg"] = CFrame.new(0.000000, 0.000000, -0.000100, 0.922307, 0.310024, -0.230719, -0.218248, -0.074859, -0.973019, -0.318931, 0.947777, -0.001363),

              ["LowerTorso"] = CFrame.new(-0.004211, -1.049289, 0.645280, 0.993893, 0.035703, -0.104417, -0.033451, 0.999170, 0.023244, 0.105160, -0.019609, 0.994262),

              ["RightFoot"] = CFrame.new(-0.000000, 0.033069, -0.000101, 0.954903, 0.227128, 0.191248, -0.236708, 0.971163, 0.028523, -0.179245, -0.072495, 0.981127),

              ["RightHand"] = CFrame.new(-0.000499, 0.001317, 0.000000, 0.995255, 0.084409, -0.048405, -0.079478, 0.992198, 0.096053, 0.056134, -0.091749, 0.994199),

              ["RightLowerArm"] = CFrame.new(-0.000000, 0.018266, 0.001432, 1.000000, 0.000000, 0.000000, -0.000000, 0.985441, -0.170017, -0.000000, 0.170017, 0.985441),

              ["RightLowerLeg"] = CFrame.new(0.000000, 0.125833, -0.101826, 1.000000, 0.000000, 0.000000, -0.000000, -0.054443, 0.998516, 0.000000, -0.998517, -0.054455),

              ["RightUpperArm"] = CFrame.new(-0.112652, -0.346457, 0.404275, 0.980632, -0.178583, 0.080435, 0.045647, 0.607744, 0.792820, -0.190468, -0.773793, 0.604124),

              ["RightUpperLeg"] = CFrame.new(0.000000, 0.000000, -0.000000, 0.961584, -0.058028, 0.268306, 0.257283, -0.150287, -0.954581, 0.095716, 0.986938, -0.129564),

              ["UpperTorso"] = CFrame.new(0.018479, -0.030564, 0.165438, 0.996740, 0.080680, -0.000763, -0.053627, 0.655403, -0.753373, -0.060282, 0.750958, 0.657593)

          }},

          {Time = 0.183, Data = {

              ["Head"] = CFrame.new(-0.000000, 0.000000, 0.000000, 0.999293, -0.033940, -0.016175, 0.037514, 0.928710, 0.368905, 0.002501, -0.369251, 0.929326),

              ["LeftFoot"] = CFrame.new(0.000000, 0.032999, -0.000001, 0.945065, -0.250050, -0.210549, 0.235182, 0.967459, -0.093347, 0.227027, 0.038705, 0.973116),

              ["LeftHand"] = CFrame.new(0.000501, -0.001183, -0.000000, 0.987254, -0.137821, 0.079590, 0.139426, 0.990120, -0.014942, -0.076743, 0.025851, 0.996716),

              ["LeftLowerArm"] = CFrame.new(-0.000500, 0.001475, 0.000042, 1.000000, -0.000000, -0.000000, 0.000000, 0.999598, -0.028367, 0.000000, 0.028366, 0.999598),

              ["LeftLowerLeg"] = CFrame.new(-0.000000, 0.125975, -0.103267, 1.000000, -0.000000, -0.000000, 0.000000, -0.070506, 0.997511, -0.000000, -0.997511, -0.070518),

              ["LeftUpperArm"] = CFrame.new(0.122716, -0.300336, -0.402269, 0.978425, 0.206590, 0.002258, -0.114408, 0.550884, -0.826704, -0.172033, 0.808609, 0.562633),

              ["LeftUpperLeg"] = CFrame.new(0.000000, 0.000000, -0.000100, 0.924193, 0.313979, -0.217442, -0.202996, -0.078441, -0.976034, -0.323511, 0.946184, -0.008740),

              ["LowerTorso"] = CFrame.new(-0.004447, -1.019564, 0.652815, 0.993814, 0.036292, -0.104956, -0.029954, 0.997667, 0.061345, 0.106938, -0.057821, 0.992583),

              ["RightFoot"] = CFrame.new(-0.000000, 0.032720, -0.000101, 0.957285, 0.221184, 0.186242, -0.230739, 0.972522, 0.031020, -0.174254, -0.072657, 0.982014),

              ["RightHand"] = CFrame.new(-0.000499, 0.001629, 0.000000, 0.995228, 0.084642, -0.048544, -0.079170, 0.991284, 0.105305, 0.057034, -0.100958, 0.993254),

              ["RightLowerArm"] = CFrame.new(0.000000, 0.020333, 0.001750, 1.000000, 0.000000, 0.000000, -0.000000, 0.982222, -0.187724, -0.000000, 0.187724, 0.982222),

              ["RightLowerLeg"] = CFrame.new(0.000000, 0.125847, -0.097985, 1.000000, 0.000000, 0.000000, -0.000000, -0.014389, 0.999896, 0.000000, -0.999896, -0.014403),

              ["RightUpperArm"] = CFrame.new(-0.110947, -0.359847, 0.418251, 0.980580, -0.179689, 0.078578, 0.045266, 0.597211, 0.800806, -0.190824, -0.781697, 0.593747),

              ["RightUpperLeg"] = CFrame.new(0.000000, 0.000000, -0.000000, 0.964654, -0.062308, 0.256048, 0.244641, -0.149416, -0.958035, 0.097951, 0.986809, -0.128872),

              ["UpperTorso"] = CFrame.new(0.019767, -0.045944, 0.171280, 0.996398, 0.084764, -0.002414, -0.054848, 0.622504, -0.780692, -0.064672, 0.778013, 0.624911)

          }},

          {Time = 0.200, Data = {

              ["Head"] = CFrame.new(-0.000000, 0.000000, -0.000000, 0.999293, -0.033940, -0.016175, 0.037514, 0.928710, 0.368905, 0.002501, -0.369251, 0.929326),

              ["LeftFoot"] = CFrame.new(-0.000000, 0.032727, -0.000001, 0.947111, -0.245478, -0.206700, 0.229680, 0.968357, -0.097634, 0.224113, 0.044999, 0.973521),

              ["LeftHand"] = CFrame.new(0.000501, -0.001594, -0.000000, 0.987378, -0.137160, 0.079201, 0.139791, 0.989766, -0.028655, -0.074459, 0.039366, 0.996447),

              ["LeftLowerArm"] = CFrame.new(-0.000500, -0.000555, 0.000013, 1.000000, -0.000000, -0.000000, 0.000000, 0.999926, -0.012160, 0.000000, 0.012159, 0.999926),

              ["LeftLowerLeg"] = CFrame.new(-0.000000, 0.126048, -0.100438, 1.000000, -0.000000, -0.000000, 0.000000, -0.041001, 0.999159, -0.000000, -0.999159, -0.041013),

              ["LeftUpperArm"] = CFrame.new(0.123723, -0.306292, -0.394073, 0.978625, 0.205639, 0.002349, -0.114026, 0.552077, -0.825960, -0.171146, 0.808037, 0.563723),

              ["LeftUpperLeg"] = CFrame.new(0.000000, -0.000000, -0.000100, 0.925910, 0.317691, -0.204355, -0.195308, -0.060460, -0.978878, -0.323336, 0.946265, 0.006085),

              ["LowerTorso"] = CFrame.new(-0.004206, -0.990590, 0.651819, 0.993863, 0.035689, -0.104699, -0.027521, 0.996538, 0.078449, 0.107136, -0.075087, 0.991405),

              ["RightFoot"] = CFrame.new(0.000000, 0.032544, -0.000101, 0.959099, 0.216536, 0.182329, -0.224610, 0.974139, 0.024608, -0.172276, -0.064543, 0.982930),

              ["RightHand"] = CFrame.new(-0.000499, 0.001874, 0.000000, 0.995207, 0.084826, -0.048654, -0.078923, 0.990506, 0.112555, 0.057739, -0.108174, 0.992454),

              ["RightLowerArm"] = CFrame.new(-0.000000, 0.021976, 0.002028, 1.000000, 0.000000, 0.000000, -0.000000, 0.979415, -0.201859, -0.000000, 0.201859, 0.979415),

              ["RightLowerLeg"] = CFrame.new(0.000000, 0.125780, -0.095083, 1.000000, 0.000000, 0.000000, -0.000000, 0.015796, 0.999875, 0.000000, -0.999875, 0.015782),

              ["RightUpperArm"] = CFrame.new(-0.109311, -0.372752, 0.431675, 0.980540, -0.180577, 0.077030, 0.044937, 0.588394, 0.807325, -0.191109, -0.788152, 0.585058),

              ["RightUpperLeg"] = CFrame.new(0.000000, -0.000000, -0.000000, 0.966787, -0.068035, 0.246360, 0.236326, -0.129099, -0.963062, 0.097327, 0.989295, -0.108713),

              ["UpperTorso"] = CFrame.new(0.020802, -0.058265, 0.177606, 0.996209, 0.086889, -0.004324, -0.056283, 0.605801, -0.793623, -0.066338, 0.790857, 0.608394)

          }},

          {Time = 0.217, Data = {

              ["Head"] = CFrame.new(-0.000000, 0.000000, -0.000000, 0.999293, -0.033940, -0.016175, 0.037514, 0.928710, 0.368905, 0.002501, -0.369251, 0.929327),

              ["LeftFoot"] = CFrame.new(-0.000000, 0.032553, -0.000001, 0.948243, -0.242908, -0.204536, 0.224074, 0.968224, -0.111064, 0.225002, 0.059487, 0.972538),

              ["LeftHand"] = CFrame.new(0.000501, -0.001933, -0.000000, 0.987477, -0.136625, 0.078886, 0.140052, 0.989350, -0.039653, -0.072627, 0.050206, 0.996095),

              ["LeftLowerArm"] = CFrame.new(-0.000500, -0.002109, 0.000008, 1.000000, -0.000000, -0.000000, 0.000000, 1.000000, -0.000001, 0.000000, -0.000000, 1.000000),

              ["LeftLowerLeg"] = CFrame.new(-0.000000, 0.126050, -0.098397, 1.000000, -0.000000, -0.000000, 0.000000, -0.019719, 0.999805, -0.000000, -0.999806, -0.019732),

              ["LeftUpperArm"] = CFrame.new(0.124714, -0.312318, -0.385920, 0.978784, 0.204877, 0.002593, -0.113703, 0.553647, -0.824953, -0.170450, 0.807155, 0.565196),

              ["LeftUpperLeg"] = CFrame.new(0.000000, -0.000000, -0.000100, 0.927466, 0.320939, -0.191840, -0.196615, -0.017814, -0.980319, -0.318041, 0.946932, 0.046598),

              ["LowerTorso"] = CFrame.new(-0.003372, -0.963509, 0.640706, 0.994074, 0.033605, -0.103383, -0.026396, 0.997174, 0.070334, 0.105454, -0.067188, 0.992152),

              ["RightFoot"] = CFrame.new(-0.000000, 0.032442, -0.000101, 0.960324, 0.213335, 0.179634, -0.218172, 0.975883, 0.007376, -0.173718, -0.046265, 0.983706),

              ["RightHand"] = CFrame.new(-0.000499, 0.002043, -0.000000, 0.995193, 0.084950, -0.048728, -0.078748, 0.989945, 0.117509, 0.058219, -0.113106, 0.991876),

              ["RightLowerArm"] = CFrame.new(-0.000000, 0.023130, 0.002236, 1.000000, 0.000000, 0.000000, -0.000000, 0.977308, -0.211822, -0.000000, 0.211822, 0.977308),

              ["RightLowerLeg"] = CFrame.new(0.000000, 0.125701, -0.093416, 1.000000, 0.000000, 0.000000, -0.000000, 0.033134, 0.999451, 0.000000, -0.999451, 0.033120),

              ["RightUpperArm"] = CFrame.new(-0.107783, -0.384869, 0.444217, 0.980513, -0.181212, 0.075874, 0.044676, 0.581770, 0.812125, -0.191308, -0.792910, 0.578529),

              ["RightUpperLeg"] = CFrame.new(-0.000000, -0.000000, -0.000000, 0.967944, -0.075709, 0.239482, 0.232936, -0.086038, -0.968681, 0.093942, 0.993411, -0.065624),

              ["UpperTorso"] = CFrame.new(0.021517, -0.066197, 0.185374, 0.996218, 0.086652, -0.006478, -0.058172, 0.609705, -0.790491, -0.064548, 0.787878, 0.612440)

          }},

          {Time = 0.233, Data = {

              ["Head"] = CFrame.new(-0.000000, -0.000000, 0.000000, 0.999293, -0.033940, -0.016175, 0.037514, 0.928710, 0.368905, 0.002501, -0.369251, 0.929326),

              ["LeftFoot"] = CFrame.new(-0.000000, 0.032480, -0.000001, 0.948427, -0.242488, -0.204182, 0.218021, 0.966538, -0.135176, 0.230116, 0.083690, 0.969555),

              ["LeftHand"] = CFrame.new(0.000502, -0.002470, 0.000000, 0.987549, -0.136237, 0.078658, 0.139953, 0.989188, -0.043817, -0.071838, 0.054281, 0.995938),

              ["LeftLowerArm"] = CFrame.new(-0.000500, -0.002645, 0.000011, 1.000000, -0.000000, -0.000000, 0.000000, 1.000000, -0.000001, 0.000000, 0.000000, 1.000000),

              ["LeftLowerLeg"] = CFrame.new(-0.000000, 0.126039, -0.097222, 1.000000, -0.000000, -0.000000, 0.000000, -0.007492, 0.999972, -0.000000, -0.999972, -0.007505),

              ["LeftUpperArm"] = CFrame.new(0.125676, -0.318341, -0.377930, 0.978896, 0.204325, 0.003775, -0.113450, 0.558702, -0.821573, -0.169977, 0.803806, 0.570091),

              ["LeftUpperLeg"] = CFrame.new(-0.000000, -0.000000, -0.000100, 0.928938, 0.323759, -0.179588, -0.207749, 0.054302, -0.976673, -0.306455, 0.944580, 0.117722),

              ["LowerTorso"] = CFrame.new(-0.001925, -0.938722, 0.617844, 0.994465, 0.029988, -0.100697, -0.026820, 0.999106, 0.032671, 0.101587, -0.029789, 0.994381),

              ["RightFoot"] = CFrame.new(0.000000, 0.032425, -0.000101, 0.960932, 0.211727, 0.178280, -0.211064, 0.977204, -0.022906, -0.179056, -0.015610, 0.983713),

              ["RightHand"] = CFrame.new(-0.000498, 0.002130, 0.000000, 0.995187, 0.085005, -0.048761, -0.078660, 0.989668, 0.119879, 0.058447, -0.115465, 0.991590),

              ["RightLowerArm"] = CFrame.new(-0.000000, 0.023730, 0.002348, 1.000000, 0.000000, 0.000000, -0.000000, 0.976171, -0.217001, -0.000000, 0.217001, 0.976171),

              ["RightLowerLeg"] = CFrame.new(-0.000000, 0.125685, -0.093162, 1.000000, 0.000000, 0.000000, -0.000000, 0.035783, 0.999360, 0.000000, -0.999360, 0.035770),

              ["RightUpperArm"] = CFrame.new(-0.106404, -0.395890, 0.455555, 0.980501, -0.181560, 0.075192, 0.044501, 0.577829, 0.814944, -0.191409, -0.795707, 0.574641),

              ["RightUpperLeg"] = CFrame.new(0.000000, 0.000000, -0.000000, 0.968045, -0.086196, 0.235497, 0.235044, -0.015524, -0.971861, 0.087427, 0.996157, 0.005252),

              ["UpperTorso"] = CFrame.new(0.021840, -0.068179, 0.195387, 0.996456, 0.083650, -0.008864, -0.060345, 0.637442, -0.768131, -0.058604, 0.765944, 0.640231)

          }},

          {Time = 0.250, Data = {

              ["Head"] = CFrame.new(0.000000, -0.000000, 0.000000, 0.999293, -0.033940, -0.016175, 0.037514, 0.928710, 0.368905, 0.002501, -0.369251, 0.929326),

              ["LeftFoot"] = CFrame.new(-0.000000, 0.032457, -0.000001, 0.947701, -0.244144, -0.205576, 0.210730, 0.962385, -0.171493, 0.239699, 0.119202, 0.963498),

              ["LeftHand"] = CFrame.new(0.000502, -0.002509, 0.000000, 0.987590, -0.136013, 0.078528, 0.139944, 0.989047, -0.046914, -0.071286, 0.057323, 0.995807),

              ["LeftLowerArm"] = CFrame.new(-0.000500, -0.002684, 0.000011, 1.000000, -0.000000, -0.000000, 0.000000, 1.000000, -0.000001, 0.000000, -0.000000, 1.000000),

              ["LeftLowerLeg"] = CFrame.new(0.000000, 0.126033, -0.096848, 1.000000, -0.000000, -0.000000, 0.000000, -0.003610, 0.999993, -0.000000, -0.999994, -0.003622),

              ["LeftUpperArm"] = CFrame.new(0.126593, -0.324281, -0.370219, 0.978953, 0.204034, 0.004569, -0.113272, 0.561830, -0.819462, -0.169764, 0.801697, 0.573115),

