return {
["underground"] = {

          {Time = 0.000, Data = {

              ["Head"] = CFrame.new(0.000000, -0.000000, -0.000000, 1.000000, -0.000000, -0.000000, -0.000000, 1.000000, 0.000000, -0.000000, -0.000000, 1.000000),

              ["LeftFoot"] = CFrame.new(-0.000000, 0.026391, -0.000003, 1.000000, 0.000000, 0.000000, -0.000000, 0.926311, -0.376782, -0.000000, 0.376760, 0.926302),

              ["LeftHand"] = CFrame.new(0.000483, 0.024858, 0.000000, 1.000000, -0.000189, -0.000478, 0.000319, 0.957390, 0.288800, 0.000403, -0.288797, 0.957389),

              ["LeftLowerArm"] = CFrame.new(-0.000499, 0.118843, 0.084488, 1.000000, -0.000000, 0.000000, 0.000000, 0.126868, -0.991920, 0.000000, 0.991920, 0.126868),

              ["LeftLowerLeg"] = CFrame.new(-0.000000, 0.108585, -0.047001, 1.000000, -0.000000, -0.000000, 0.000000, 0.514791, 0.857322, -0.000000, -0.857315, 0.514780),

              ["LeftUpperArm"] = CFrame.new(0.000000, 0.000250, -0.000060, 1.000000, -0.000359, 0.000367, 0.000500, 0.845794, -0.533510, -0.000119, 0.533510, 0.845794),

              ["LeftUpperLeg"] = CFrame.new(0.000000, 0.000000, -0.000100, 1.000000, 0.000000, -0.000000, -0.000000, -0.707748, -0.706482, -0.000000, 0.706465, -0.707731),

              ["LowerTorso"] = CFrame.new(-0.000000, -3.628603, -1.320637, 1.000000, 0.000000, -0.000000, -0.000000, 0.148549, -0.988905, 0.000000, 0.988905, 0.148549),

              ["RightFoot"] = CFrame.new(-0.000000, 0.026700, -0.000103, 1.000000, -0.000000, 0.000000, 0.000000, 0.912884, -0.408242, 0.000000, 0.408218, 0.912874),

              ["RightHand"] = CFrame.new(-0.000484, 0.024423, -0.000000, 1.000000, 0.000187, 0.000501, -0.000324, 0.957038, 0.289965, -0.000426, -0.289962, 0.957037),

              ["RightLowerArm"] = CFrame.new(-0.000001, 0.118136, 0.080314, 1.000000, 0.000000, -0.000000, -0.000000, 0.170248, -0.985401, -0.000000, 0.985401, 0.170248),

              ["RightLowerLeg"] = CFrame.new(-0.000000, 0.108750, -0.047574, 1.000000, 0.000000, 0.000000, -0.000000, 0.509870, 0.860258, 0.000000, -0.860251, 0.509859),

              ["RightUpperArm"] = CFrame.new(0.000000, 0.000261, -0.000057, 1.000000, 0.000364, -0.000392, -0.000523, 0.820888, -0.571089, 0.000114, 0.571090, 0.820888),

              ["RightUpperLeg"] = CFrame.new(0.000000, 0.000000, -0.000000, 1.000000, 0.000000, 0.000000, 0.000000, -0.687346, -0.726346, 0.000000, 0.726330, -0.687329),

              ["UpperTorso"] = CFrame.new(-0.000000, 0.000000, 0.000000, 1.000000, 0.000000, 0.000000, -0.000000, 1.000000, 0.000000, -0.000000, 0.000000, 1.000000)

          }},

          {Time = 0.017, Data = {

              ["Head"] = CFrame.new(-0.000000, 0.000000, -0.000000, 1.000000, -0.000000, -0.000000, -0.000000, 1.000000, -0.000000, -0.000000, 0.000000, 1.000000),

              ["LeftFoot"] = CFrame.new(-0.000000, 0.026414, -0.000003, 1.000000, 0.000050, 0.000042, -0.000030, 0.926260, -0.376907, -0.000057, 0.376884, 0.926251),

              ["LeftHand"] = CFrame.new(0.000483, 0.025317, 0.000000, 1.000000, -0.000361, -0.000350, 0.000452, 0.950500, 0.310727, 0.000220, -0.310724, 0.950499),

              ["LeftLowerArm"] = CFrame.new(-0.000499, 0.119710, 0.091591, 1.000000, -0.000000, 0.000000, 0.000000, 0.053072, -0.998591, 0.000000, 0.998591, 0.053071),

              ["LeftLowerLeg"] = CFrame.new(-0.000000, 0.108649, -0.047076, 1.000000, -0.000000, -0.000000, 0.000000, 0.513997, 0.857799, -0.000000, -0.857792, 0.513985),

              ["LeftUpperArm"] = CFrame.new(0.000186, 0.000151, -0.000159, 1.000000, -0.000196, 0.000464, 0.000405, 0.859809, -0.510615, -0.000299, 0.510615, 0.859809),

              ["LeftUpperLeg"] = CFrame.new(0.000000, -0.000000, -0.000100, 1.000000, -0.000022, -0.000036, -0.000041, -0.725284, -0.688467, -0.000011, 0.688450, -0.725268),

              ["LowerTorso"] = CFrame.new(0.000000, -3.628047, -1.320212, 1.000000, -0.000000, -0.000000, -0.000000, 0.172590, -0.984994, 0.000000, 0.984994, 0.172590),

              ["RightFoot"] = CFrame.new(-0.000000, 0.026716, -0.000103, 1.000000, 0.000033, 0.000028, -0.000019, 0.912581, -0.408919, -0.000039, 0.408895, 0.912571),

              ["RightHand"] = CFrame.new(-0.000484, 0.023941, 0.000000, 0.999997, 0.002441, -0.000772, -0.002111, 0.956699, 0.291074, 0.001449, -0.291069, 0.956700),

              ["RightLowerArm"] = CFrame.new(-0.000001, 0.115875, 0.071398, 1.000000, 0.000000, 0.000000, -0.000000, 0.262676, -0.964884, -0.000000, 0.964884, 0.262676),

              ["RightLowerLeg"] = CFrame.new(-0.000000, 0.108815, -0.047662, 1.000000, 0.000000, 0.000000, -0.000000, 0.508955, 0.860800, 0.000000, -0.860793, 0.508943),

              ["RightUpperArm"] = CFrame.new(-0.000124, -0.000330, -0.000268, 1.000000, -0.000860, 0.000043, 0.000671, 0.747097, -0.664714, 0.000540, 0.664715, 0.747097),

              ["RightUpperLeg"] = CFrame.new(0.000000, -0.000000, -0.000000, 1.000000, -0.000044, -0.000004, -0.000033, -0.705231, -0.708993, 0.000028, 0.708977, -0.705215),

              ["UpperTorso"] = CFrame.new(-0.000000, 0.000010, -0.000014, 1.000000, 0.000000, 0.000000, -0.000000, 1.000000, -0.000072, -0.000000, 0.000072, 1.000000)

          }},

          {Time = 0.033, Data = {

              ["Head"] = CFrame.new(0.000000, 0.000000, -0.000000, 1.000000, -0.000000, 0.000000, -0.000000, 1.000000, 0.000000, -0.000000, -0.000000, 1.000000),

              ["LeftFoot"] = CFrame.new(-0.000000, 0.026469, -0.000003, 1.000000, 0.000197, 0.000165, -0.000120, 0.926110, -0.377275, -0.000227, 0.377253, 0.926101),

              ["LeftHand"] = CFrame.new(0.000483, 0.026067, -0.000000, 1.000000, -0.000956, 0.000067, 0.000868, 0.933539, 0.358478, -0.000405, -0.358475, 0.933538),

              ["LeftLowerArm"] = CFrame.new(-0.000499, 0.119479, 0.108013, 1.000000, -0.000000, 0.000000, 0.000000, -0.117440, -0.993080, 0.000000, 0.993080, -0.117441),

              ["LeftLowerLeg"] = CFrame.new(-0.000000, 0.108827, -0.047306, 1.000000, -0.000000, -0.000000, 0.000000, 0.511614, 0.859222, -0.000000, -0.859215, 0.511603),

              ["LeftUpperArm"] = CFrame.new(0.000737, -0.000129, -0.000513, 1.000000, 0.000300, 0.000910, 0.000148, 0.889850, -0.456252, -0.000947, 0.456253, 0.889850),

              ["LeftUpperLeg"] = CFrame.new(0.000000, -0.000000, -0.000100, 1.000000, -0.000087, -0.000142, -0.000158, -0.765613, -0.643319, -0.000052, 0.643301, -0.765598),

              ["LowerTorso"] = CFrame.new(0.000000, -3.626409, -1.318929, 1.000000, -0.000000, -0.000000, -0.000000, 0.229615, -0.973282, 0.000000, 0.973282, 0.229615),

              ["RightFoot"] = CFrame.new(0.000000, 0.026765, -0.000103, 1.000000, 0.000134, 0.000113, -0.000076, 0.911677, -0.410931, -0.000158, 0.410907, 0.911667),

              ["RightHand"] = CFrame.new(-0.000486, 0.021273, -0.000000, 0.999946, 0.009252, -0.004664, -0.007674, 0.963766, 0.266642, 0.006962, -0.266589, 0.963784),

              ["RightLowerArm"] = CFrame.new(-0.000000, 0.104550, 0.048673, 1.000000, 0.000000, 0.000000, -0.000000, 0.498604, -0.866830, -0.000000, 0.866830, 0.498604),

              ["RightLowerLeg"] = CFrame.new(-0.000000, 0.109004, -0.047922, 1.000000, 0.000000, 0.000000, -0.000000, 0.506254, 0.862391, 0.000000, -0.862384, 0.506242),

              ["RightUpperArm"] = CFrame.new(-0.000486, -0.002079, -0.001111, 0.999989, -0.004119, 0.002388, 0.004205, 0.529087, -0.848557, 0.002232, 0.848557, 0.529099),

              ["RightUpperLeg"] = CFrame.new(0.000000, -0.000000, -0.000000, 1.000000, -0.000174, -0.000014, -0.000140, -0.746389, -0.665527, 0.000105, 0.665510, -0.746374),

              ["UpperTorso"] = CFrame.new(-0.000000, 0.000039, -0.000054, 1.000000, 0.000000, 0.000000, -0.000000, 1.000000, -0.000287, -0.000000, 0.000287, 1.000000)

          }},

          {Time = 0.050, Data = {

              ["Head"] = CFrame.new(0.000000, 0.000000, -0.000000, 1.000000, -0.000000, -0.000000, -0.000000, 1.000000, 0.000000, 0.000000, -0.000000, 1.000000),

              ["LeftFoot"] = CFrame.new(-0.000000, 0.026540, -0.000003, 1.000000, 0.000439, 0.000368, -0.000267, 0.925868, -0.377870, -0.000507, 0.377847, 0.925859),

              ["LeftHand"] = CFrame.new(0.000482, 0.026846, 0.000000, 0.999997, -0.002197, 0.000890, 0.001644, 0.913313, 0.407258, -0.001708, -0.407252, 0.913313),

              ["LeftLowerArm"] = CFrame.new(-0.000499, 0.115637, 0.126291, 1.000000, -0.000000, 0.000000, 0.000000, -0.307314, -0.951608, 0.000000, 0.951608, -0.307316),

              ["LeftLowerLeg"] = CFrame.new(-0.000000, 0.109106, -0.047686, 1.000000, -0.000000, -0.000000, 0.000000, 0.507666, 0.861561, -0.000000, -0.861554, 0.507655),

              ["LeftUpperArm"] = CFrame.new(0.001642, -0.000559, -0.001269, 0.999997, 0.001120, 0.002090, -0.000215, 0.920578, -0.390558, -0.002361, 0.390557, 0.920576),

              ["LeftUpperLeg"] = CFrame.new(0.000000, 0.000000, -0.000100, 1.000000, -0.000195, -0.000314, -0.000342, -0.810765, -0.585391, -0.000140, 0.585372, -0.810751),

              ["LowerTorso"] = CFrame.new(0.000000, -3.623730, -1.316773, 1.000000, -0.000000, -0.000000, -0.000000, 0.296803, -0.954939, 0.000000, 0.954939, 0.296803),

              ["RightFoot"] = CFrame.new(-0.000000, 0.026844, -0.000103, 1.000000, 0.000300, 0.000253, -0.000168, 0.910174, -0.414250, -0.000355, 0.414226, 0.910163),

              ["RightHand"] = CFrame.new(-0.000492, 0.012598, -0.000000, 0.999719, 0.020814, -0.011333, -0.018375, 0.982754, 0.184006, 0.014967, -0.183744, 0.982860),

              ["RightLowerArm"] = CFrame.new(-0.000000, 0.073416, 0.021229, 1.000000, 0.000000, 0.000000, -0.000000, 0.783264, -0.621689, -0.000000, 0.621689, 0.783264),

              ["RightLowerLeg"] = CFrame.new(-0.000000, 0.109312, -0.048348, 1.000000, 0.000000, 0.000000, -0.000000, 0.501835, 0.864971, 0.000000, -0.864964, 0.501823),

              ["RightUpperArm"] = CFrame.new(-0.001062, -0.004906, -0.002994, 0.999933, -0.007855, 0.008532, 0.009919, 0.198133, -0.980125, 0.006009, 0.980144, 0.198198),

              ["RightUpperLeg"] = CFrame.new(0.000000, 0.000000, -0.000000, 1.000000, -0.000391, -0.000032, -0.000330, -0.792527, -0.609856, 0.000213, 0.609837, -0.792512),

              ["UpperTorso"] = CFrame.new(-0.000000, 0.000089, -0.000121, 1.000000, 0.000000, 0.000000, -0.000000, 1.000000, -0.000644, -0.000000, 0.000644, 1.000000)

          }},

          {Time = 0.067, Data = {

              ["Head"] = CFrame.new(-0.000000, -0.000000, 0.000000, 1.000000, 0.000000, -0.000000, -0.000000, 1.000000, 0.000000, -0.000000, -0.000000, 1.000000),

              ["LeftFoot"] = CFrame.new(-0.000000, 0.026637, -0.000003, 1.000000, 0.000774, 0.000647, -0.000471, 0.925559, -0.378626, -0.000892, 0.378603, 0.925550),

              ["LeftHand"] = CFrame.new(0.000482, 0.027459, 0.000000, 0.999988, -0.004354, 0.002253, 0.002919, 0.898121, 0.439742, -0.003938, -0.439726, 0.898121),

              ["LeftLowerArm"] = CFrame.new(-0.000498, 0.109850, 0.140282, 1.000000, -0.000000, 0.000000, 0.000000, -0.452736, -0.891644, 0.000000, 0.891645, -0.452737),

              ["LeftLowerLeg"] = CFrame.new(-0.000000, 0.109483, -0.048209, 1.000000, -0.000000, -0.000000, 0.000000, 0.502246, 0.864732, -0.000000, -0.864725, 0.502234),

              ["LeftUpperArm"] = CFrame.new(0.002887, -0.001102, -0.002588, 0.999988, 0.002190, 0.004386, -0.000613, 0.943538, -0.331265, -0.004864, 0.331258, 0.943528),

              ["LeftUpperLeg"] = CFrame.new(0.000000, 0.000000, -0.000100, 1.000000, -0.000345, -0.000551, -0.000585, -0.846376, -0.532606, -0.000282, 0.532585, -0.846363),

              ["LowerTorso"] = CFrame.new(0.000000, -3.620051, -1.313739, 1.000000, -0.000000, -0.000000, -0.000000, 0.352131, -0.935951, 0.000000, 0.935951, 0.352131),

              ["RightFoot"] = CFrame.new(0.000000, 0.026953, -0.000103, 1.000000, 0.000533, 0.000451, -0.000295, 0.908072, -0.418837, -0.000632, 0.418814, 0.908061),

              ["RightHand"] = CFrame.new(-0.000498, 0.003653, -0.000000, 0.999088, 0.037257, -0.020854, -0.037104, 0.999282, 0.007681, 0.021125, -0.006899, 0.999753),

              ["RightLowerArm"] = CFrame.new(-0.000000, 0.019465, 0.001242, 1.000000, 0.000000, 0.000000, -0.000000, 0.987221, -0.159357, -0.000000, 0.159356, 0.987221),

              ["RightLowerLeg"] = CFrame.new(-0.000000, 0.109729, -0.048934, 1.000000, 0.000000, 0.000000, -0.000000, 0.495762, 0.868466, 0.000000, -0.868459, 0.495750),

              ["RightUpperArm"] = CFrame.new(-0.001813, -0.008737, -0.006122, 0.999769, -0.008804, 0.019628, 0.017662, -0.184918, -0.982595, 0.012280, 0.982715, -0.184719),

              ["RightUpperLeg"] = CFrame.new(0.000000, 0.000000, -0.000000, 1.000000, -0.000695, -0.000057, -0.000608, -0.828854, -0.559485, 0.000342, 0.559465, -0.828840),

              ["UpperTorso"] = CFrame.new(-0.000000, 0.000157, -0.000214, 1.000000, 0.000000, 0.000000, -0.000000, 0.999999, -0.001139, -0.000000, 0.001139, 0.999999)

          }},

          {Time = 0.083, Data = {

              ["Head"] = CFrame.new(0.000000, 0.000000, -0.000000, 1.000000, 0.000000, -0.000000, -0.000000, 1.000000, 0.000000, 0.000000, -0.000000, 1.000000),

              ["LeftFoot"] = CFrame.new(-0.000000, 0.026759, -0.000003, 0.999999, 0.001198, 0.000998, -0.000729, 0.925214, -0.379468, -0.001378, 0.379445, 0.925205),

              ["LeftHand"] = CFrame.new(0.000482, 0.027724, 0.000000, 0.999966, -0.007198, 0.003975, 0.004668, 0.894926, 0.446194, -0.006769, -0.446157, 0.894927),

              ["LeftLowerArm"] = CFrame.new(-0.000498, 0.106720, 0.145904, 1.000000, -0.000000, 0.000000, 0.000000, -0.511200, -0.859461, 0.000000, 0.859462, -0.511202),

              ["LeftLowerLeg"] = CFrame.new(-0.000000, 0.109952, -0.048866, 1.000000, -0.000000, -0.000000, 0.000000, 0.495425, 0.868658, -0.000000, -0.868651, 0.495413),

              ["LeftUpperArm"] = CFrame.new(0.004458, -0.001755, -0.004318, 0.999966, 0.003431, 0.007473, -0.001050, 0.954632, -0.297787, -0.008156, 0.297769, 0.954603),

              ["LeftUpperLeg"] = CFrame.new(0.000000, 0.000000, -0.000100, 1.000000, -0.000535, -0.000847, -0.000890, -0.862688, -0.505758, -0.000459, 0.505737, -0.862675),

              ["LowerTorso"] = CFrame.new(0.000000, -3.615417, -1.309851, 1.000000, -0.000000, -0.000000, -0.000000, 0.375342, -0.926886, 0.000000, 0.926886, 0.375342),

              ["RightFoot"] = CFrame.new(-0.000000, 0.027089, -0.000103, 0.999999, 0.000832, 0.000706, -0.000454, 0.905380, -0.424626, -0.000992, 0.424602, 0.905369),

              ["RightHand"] = CFrame.new(-0.000510, -0.015241, -0.000000, 0.997745, 0.058357, -0.033158, -0.059654, 0.997434, -0.039586, 0.030762, 0.041475, 0.998666),

              ["RightLowerArm"] = CFrame.new(-0.000000, -0.015223, 0.000083, 1.000000, 0.000000, 0.000000, -0.000000, 1.000000, -0.000001, -0.000000, -0.000000, 1.000000),

              ["RightLowerLeg"] = CFrame.new(-0.000000, 0.110246, -0.049671, 1.000000, 0.000000, 0.000000, -0.000000, 0.488110, 0.872789, 0.000000, -0.872782, 0.488098),

              ["RightUpperArm"] = CFrame.new(-0.002687, -0.013784, -0.010105, 0.999406, -0.010635, 0.032769, 0.027860, -0.310034, -0.950317, 0.020266, 0.950666, -0.309554),

              ["RightUpperLeg"] = CFrame.new(0.000000, 0.000000, 0.000000, 0.999999, -0.001088, -0.000088, -0.000966, -0.844955, -0.534857, 0.000507, 0.534836, -0.844943),

              ["UpperTorso"] = CFrame.new(-0.000000, 0.000244, -0.000333, 1.000000, 0.000000, 0.000000, -0.000000, 0.999998, -0.001773, -0.000000, 0.001773, 0.999998)

          }},

          {Time = 0.100, Data = {

              ["Head"] = CFrame.new(-0.000000, 0.000000, 0.000000, 1.000000, 0.000000, -0.000000, -0.000000, 1.000000, 0.000000, 0.000000, -0.000000, 1.000000),

              ["LeftFoot"] = CFrame.new(0.000000, 0.026904, -0.000003, 0.999998, 0.001708, 0.001416, -0.001041, 0.924866, -0.380313, -0.001959, 0.380289, 0.924857),

              ["LeftHand"] = CFrame.new(0.000482, 0.027740, 0.000000, 0.999931, -0.010279, 0.005790, 0.006717, 0.899506, 0.436860, -0.009699, -0.436786, 0.899511),

              ["LeftLowerArm"] = CFrame.new(-0.000498, 0.106513, 0.146245, 1.000000, -0.000000, 0.000000, 0.000000, -0.514754, -0.857337, 0.000000, 0.857338, -0.514756),

              ["LeftLowerLeg"] = CFrame.new(-0.000000, 0.110502, -0.049651, 1.000000, -0.000000, -0.000000, 0.000000, 0.487283, 0.873251, -0.000000, -0.873244, 0.487270),

              ["LeftUpperArm"] = CFrame.new(0.006345, -0.002556, -0.006187, 0.999931, 0.004858, 0.010751, -0.001606, 0.958863, -0.283865, -0.011688, 0.283828, 0.958804),

              ["LeftUpperLeg"] = CFrame.new(0.000000, 0.000000, -0.000100, 0.999999, -0.000766, -0.001197, -0.001260, -0.866961, -0.498395, -0.000656, 0.498375, -0.866949),

              ["LowerTorso"] = CFrame.new(0.000000, -3.609874, -1.305132, 1.000000, -0.000000, -0.000000, -0.000000, 0.376055, -0.926597, 0.000000, 0.926597, 0.376055),

              ["RightFoot"] = CFrame.new(-0.000000, 0.027252, -0.000103, 0.999999, 0.001199, 0.001020, -0.000641, 0.902103, -0.431543, -0.001438, 0.431518, 0.902092),

              ["RightHand"] = CFrame.new(-0.000508, -0.012452, -0.000000, 0.995316, 0.083877, -0.048070, -0.085531, 0.995774, -0.033446, 0.045061, 0.037401, 0.998284),

              ["RightLowerArm"] = CFrame.new(-0.000000, -0.012437, 0.000068, 1.000000, 0.000000, 0.000000, -0.000000, 1.000000, -0.000001, -0.000000, -0.000000, 1.000000),

              ["RightLowerLeg"] = CFrame.new(0.000000, 0.110853, -0.050552, 1.000000, 0.000000, 0.000000, -0.000000, 0.478961, 0.877843, 0.000000, -0.877836, 0.478949),

              ["RightUpperArm"] = CFrame.new(-0.003621, -0.020281, -0.014520, 0.998736, -0.015160, 0.047932, 0.040979, -0.306801, -0.950891, 0.029121, 0.951653, -0.305792),

              ["RightUpperLeg"] = CFrame.new(0.000000, 0.000000, -0.000000, 0.999999, -0.001569, -0.000125, -0.001398, -0.848211, -0.529678, 0.000725, 0.529656, -0.848199),

              ["UpperTorso"] = CFrame.new(-0.000000, 0.000350, -0.000477, 1.000000, 0.000000, 0.000000, -0.000000, 0.999997, -0.002542, -0.000000, 0.002542, 0.999997)

          }},

          {Time = 0.117, Data = {

              ["Head"] = CFrame.new(0.000000, 0.000000, 0.000000, 1.000000, 0.000000, -0.000000, -0.000000, 1.000000, 0.000000, 0.000000, -0.000000, 1.000000),

              ["LeftFoot"] = CFrame.new(-0.000000, 0.027071, -0.000003, 0.999996, 0.002301, 0.001898, -0.001404, 0.924539, -0.381107, -0.002632, 0.381081, 0.924529),

              ["LeftHand"] = CFrame.new(0.000482, 0.027759, 0.000000, 0.999872, -0.013904, 0.007927, 0.009209, 0.904855, 0.425623, -0.013090, -0.425492, 0.904866),

              ["LeftLowerArm"] = CFrame.new(-0.000498, 0.106284, 0.146620, 1.000000, -0.000000, 0.000000, 0.000000, -0.518648, -0.854987, 0.000000, 0.854988, -0.518649),

              ["LeftLowerLeg"] = CFrame.new(-0.000000, 0.111123, -0.050556, 1.000000, -0.000000, -0.000000, 0.000000, 0.477886, 0.878429, -0.000000, -0.878422, 0.477873),

              ["LeftUpperArm"] = CFrame.new(0.008532, -0.003492, -0.008384, 0.999872, 0.006416, 0.014663, -0.002260, 0.963552, -0.267512, -0.015845, 0.267445, 0.963443),

              ["LeftUpperLeg"] = CFrame.new(0.000000, 0.000000, -0.000100, 0.999998, -0.001035, -0.001597, -0.001684, -0.871808, -0.489866, -0.000885, 0.489846, -0.871796),

              ["LowerTorso"] = CFrame.new(0.000000, -3.603464, -1.299568, 1.000000, -0.000000, -0.000000, -0.000000, 0.376893, -0.926257, 0.000000, 0.926257, 0.376893),

              ["RightFoot"] = CFrame.new(-0.000000, 0.027439, -0.000103, 0.999998, 0.001635, 0.001396, -0.000855, 0.898234, -0.439540, -0.001973, 0.439514, 0.898222),

              ["RightHand"] = CFrame.new(-0.000506, -0.009257, -0.000000, 0.991289, 0.114124, -0.065744, -0.116042, 0.992900, -0.026134, 0.062294, 0.033536, 0.997494),

              ["RightLowerArm"] = CFrame.new(-0.000000, -0.009245, 0.000050, 1.000000, 0.000000, 0.000000, -0.000000, 1.000000, -0.000001, -0.000000, -0.000000, 1.000000),

              ["RightLowerLeg"] = CFrame.new(0.000000, 0.111539, -0.051571, 1.000000, 0.000000, 0.000000, -0.000000, 0.468384, 0.883532, 0.000000, -0.883525, 0.468371),

              ["RightUpperArm"] = CFrame.new(-0.004528, -0.028197, -0.019698, 0.997595, -0.020435, 0.066235, 0.056956, -0.302955, -0.951302, 0.039507, 0.952786, -0.301062),

              ["RightUpperLeg"] = CFrame.new(0.000000, 0.000000, 0.000000, 0.999998, -0.002143, -0.000168, -0.001914, -0.851907, -0.523711, 0.000979, 0.523689, -0.851896),

              ["UpperTorso"] = CFrame.new(-0.000000, 0.000475, -0.000647, 1.000000, 0.000000, 0.000000, -0.000000, 0.999994, -0.003446, -0.000000, 0.003446, 0.999994)

          }},

          {Time = 0.133, Data = {

              ["Head"] = CFrame.new(0.000000, 0.000000, -0.000000, 1.000000, 0.000000, -0.000000, -0.000000, 1.000000, 0.000000, 0.000000, -0.000000, 1.000000),

              ["LeftFoot"] = CFrame.new(0.000000, 0.027258, -0.000003, 0.999993, 0.002974, 0.002438, -0.001818, 0.924261, -0.381779, -0.003388, 0.381751, 0.924250),

              ["LeftHand"] = CFrame.new(0.000482, 0.027778, 0.000000, 0.999783, -0.018074, 0.010384, 0.012184, 0.910928, 0.412389, -0.016912, -0.412169, 0.910949),

              ["LeftLowerArm"] = CFrame.new(-0.000498, 0.106040, 0.147015, 1.000000, -0.000000, 0.000000, 0.000000, -0.522763, -0.852477, 0.000000, 0.852478, -0.522764),

              ["LeftLowerLeg"] = CFrame.new(0.000000, 0.111808, -0.051575, 1.000000, -0.000000, -0.000000, 0.000000, 0.467308, 0.884102, -0.000000, -0.884095, 0.467295),

              ["LeftUpperArm"] = CFrame.new(0.011004, -0.004560, -0.010910, 0.999783, 0.008048, 0.019228, -0.003012, 0.968561, -0.248759, -0.020626, 0.248647, 0.968375),

              ["LeftUpperLeg"] = CFrame.new(0.000000, 0.000000, -0.000100, 0.999997, -0.001341, -0.002039, -0.002155, -0.877157, -0.480221, -0.001145, 0.480202, -0.877145),

              ["LowerTorso"] = CFrame.new(0.000000, -3.596230, -1.293164, 1.000000, -0.000000, -0.000000, -0.000000, 0.377852, -0.925866, 0.000000, 0.925866, 0.377852),

              ["RightFoot"] = CFrame.new(0.000000, 0.027649, -0.000103, 0.999996, 0.002142, 0.001837, -0.001090, 0.893767, -0.448554, -0.002602, 0.448527, 0.893754),

              ["RightHand"] = CFrame.new(-0.000503, -0.005679, -0.000000, 0.985046, 0.149168, -0.086221, -0.151209, 0.988345, -0.017617, 0.082587, 0.030392, 0.996120),

              ["RightLowerArm"] = CFrame.new(-0.000000, -0.005673, 0.000031, 1.000000, 0.000000, 0.000000, -0.000000, 1.000000, -0.000001, -0.000000, -0.000000, 1.000000),

              ["RightLowerLeg"] = CFrame.new(-0.000000, 0.112292, -0.052720, 1.000000, 0.000000, 0.000000, -0.000000, 0.456453, 0.889755, 0.000000, -0.889748, 0.456439),

              ["RightUpperArm"] = CFrame.new(-0.005298, -0.037660, -0.025625, 0.995779, -0.026444, 0.087893, 0.076047, -0.298480, -0.951382, 0.051393, 0.954050, -0.295209),

              ["RightUpperLeg"] = CFrame.new(0.000000, 0.000000, -0.000000, 0.999996, -0.002813, -0.000218, -0.002520, -0.855990, -0.517007, 0.001268, 0.516985, -0.855981),

              ["UpperTorso"] = CFrame.new(-0.000000, 0.000619, -0.000840, 1.000000, 0.000000, 0.000000, -0.000000, 0.999990, -0.004482, -0.000000, 0.004482, 0.999990)

          }},

          {Time = 0.150, Data = {

              ["Head"] = CFrame.new(0.000000, 0.000000, 0.000000, 1.000000, 0.000000, -0.000000, -0.000000, 1.000000, 0.000000, 0.000000, -0.000000, 1.000000),

              ["LeftFoot"] = CFrame.new(-0.000000, 0.027463, -0.000003, 0.999988, 0.003722, 0.003030, -0.002281, 0.924060, -0.382262, -0.004223, 0.382229, 0.924049),

              ["LeftHand"] = CFrame.new(0.000482, 0.027798, 0.000000, 0.999654, -0.022787, 0.013162, 0.015691, 0.917662, 0.397056, -0.021126, -0.396708, 0.917700),

              ["LeftLowerArm"] = CFrame.new(-0.000498, 0.105787, 0.147420, 1.000000, -0.000000, 0.000000, 0.000000, -0.526973, -0.849881, 0.000000, 0.849882, -0.526974),

              ["LeftLowerLeg"] = CFrame.new(0.000000, 0.112544, -0.052700, 1.000000, -0.000000, -0.000000, 0.000000, 0.455621, 0.890181, -0.000000, -0.890174, 0.455608),

              ["LeftUpperArm"] = CFrame.new(0.013747, -0.005757, -0.013763, 0.999654, 0.009686, 0.024468, -0.003863, 0.973736, -0.227646, -0.026031, 0.227473, 0.973436),

              ["LeftUpperLeg"] = CFrame.new(0.000000, 0.000000, -0.000100, 0.999996, -0.001682, -0.002518, -0.002667, -0.882935, -0.469510, -0.001434, 0.469492, -0.882924),

              ["LowerTorso"] = CFrame.new(0.000000, -3.588214, -1.285925, 1.000000, -0.000000, -0.000000, -0.000000, 0.378932, -0.925425, 0.000000, 0.925425, 0.378932),

              ["RightFoot"] = CFrame.new(0.000000, 0.027880, -0.000103, 0.999994, 0.002721, 0.002345, -0.001343, 0.888694, -0.458524, -0.003331, 0.458494, 0.888679),

              ["RightHand"] = CFrame.new(-0.000501, -0.001775, -0.000000, 0.975840, 0.189050, -0.109525, -0.191039, 0.981551, -0.007864, 0.106016, 0.028598, 0.993953),

              ["RightLowerArm"] = CFrame.new(0.000000, -0.001773, 0.000010, 1.000000, 0.000000, 0.000000, -0.000000, 1.000000, -0.000001, -0.000000, -0.000000, 1.000000),

              ["RightLowerLeg"] = CFrame.new(-0.000000, 0.113102, -0.053990, 1.000000, 0.000000, 0.000000, -0.000000, 0.443244, 0.896408, 0.000000, -0.896401, 0.443230),

              ["RightUpperArm"] = CFrame.new(-0.005793, -0.048813, -0.032276, 0.993026, -0.033169, 0.113134, 0.098537, -0.293360, -0.950910, 0.064730, 0.955426, -0.288046),

              ["RightUpperLeg"] = CFrame.new(0.000000, 0.000000, 0.000000, 0.999994, -0.003581, -0.000272, -0.003220, -0.860409, -0.509615, 0.001591, 0.509592, -0.860402),

              ["UpperTorso"] = CFrame.new(-0.000000, 0.000781, -0.001058, 1.000000, 0.000000, 0.000000, -0.000000, 0.999984, -0.005649, -0.000000, 0.005649, 0.999984)

          }},

          {Time = 0.167, Data = {

              ["Head"] = CFrame.new(-0.000000, 0.000000, 0.000000, 1.000000, 0.000000, -0.000000, -0.000000, 1.000000, 0.000000, 0.000000, -0.000000, 1.000000),

              ["LeftFoot"] = CFrame.new(0.000000, 0.027686, -0.000003, 0.999983, 0.004543, 0.003669, -0.002794, 0.923966, -0.382486, -0.005128, 0.382448, 0.923954),

              ["LeftHand"] = CFrame.new(0.000482, 0.027818, 0.000000, 0.999474, -0.028047, 0.016261, 0.019782, 0.924973, 0.379520, -0.025686, -0.378995, 0.925041),

              ["LeftLowerArm"] = CFrame.new(-0.000498, 0.105533, 0.147821, 1.000000, -0.000000, 0.000000, 0.000000, -0.531145, -0.847280, 0.000000, 0.847281, -0.531146),

              ["LeftLowerLeg"] = CFrame.new(-0.000000, 0.113323, -0.053923, 1.000000, -0.000000, -0.000000, 0.000000, 0.442900, 0.896578, -0.000000, -0.896571, 0.442887),

              ["LeftUpperArm"] = CFrame.new(0.016743, -0.007079, -0.016945, 0.999474, 0.011256, 0.030404, -0.004812, 0.978911, -0.204232, -0.032062, 0.203979, 0.978450),

              ["LeftUpperLeg"] = CFrame.new(0.000000, 0.000000, -0.000100, 0.999993, -0.002056, -0.003027, -0.003214, -0.889070, -0.457783, -0.001750, 0.457767, -0.889059),

              ["LowerTorso"] = CFrame.new(0.000000, -3.579460, -1.277855, 1.000000, -0.000000, -0.000000, -0.000000, 0.380131, -0.924933, 0.000000, 0.924933, 0.380131),

              ["RightFoot"] = CFrame.new(-0.000000, 0.028132, -0.000103, 0.999990, 0.003376, 0.002924, -0.001608, 0.883005, -0.469385, -0.004167, 0.469351, 0.882989),

              ["RightHand"] = CFrame.new(-0.000499, 0.000719, -0.000000, 0.962789, 0.233747, -0.135646, -0.233752, 0.972163, 0.016118, 0.135636, 0.016190, 0.990626),

              ["RightLowerArm"] = CFrame.new(0.000000, 0.003384, 0.000030, 1.000000, 0.000000, 0.000000, -0.000000, 0.999642, -0.026746, -0.000000, 0.026745, 0.999642),

              ["RightLowerLeg"] = CFrame.new(-0.000000, 0.113957, -0.055376, 1.000000, 0.000000, 0.000000, -0.000000, 0.428835, 0.903390, 0.000000, -0.903383, 0.428821),

              ["RightUpperArm"] = CFrame.new(-0.005841, -0.061805, -0.039611, 0.989007, -0.042531, 0.141623, 0.124722, -0.274591, -0.953438, 0.079439, 0.960620, -0.266268),

              ["RightUpperLeg"] = CFrame.new(0.000000, 0.000000, -0.000000, 0.999990, -0.004454, -0.000334, -0.004020, -0.865111, -0.501587, 0.001945, 0.501562, -0.865107),

              ["UpperTorso"] = CFrame.new(-0.000000, 0.000961, -0.001300, 1.000000, 0.000000, 0.000000, -0.000000, 0.999976, -0.006944, -0.000000, 0.006944, 0.999976)

          }},

          {Time = 0.183, Data = {

              ["Head"] = CFrame.new(-0.000000, 0.000000, -0.000000, 1.000000, 0.000000, -0.000000, -0.000000, 1.000000, 0.000000, 0.000000, -0.000000, 1.000000),

              ["LeftFoot"] = CFrame.new(0.000000, 0.027925, -0.000003, 0.999976, 0.005432, 0.004350, -0.003356, 0.924007, -0.382382, -0.006096, 0.382337, 0.923994),

              ["LeftHand"] = CFrame.new(0.000482, 0.027839, 0.000000, 0.999233, -0.033855, 0.019684, 0.024523, 0.932825, 0.359497, -0.030533, -0.358735, 0.932939),

              ["LeftLowerArm"] = CFrame.new(-0.000498, 0.105282, 0.148213, 1.000000, -0.000000, 0.000000, 0.000000, -0.535223, -0.844710, 0.000000, 0.844711, -0.535224),

              ["LeftLowerLeg"] = CFrame.new(-0.000000, 0.114135, -0.055239, 1.000000, -0.000000, -0.000000, 0.000000, 0.429220, 0.903207, -0.000000, -0.903200, 0.429206),

              ["LeftUpperArm"] = CFrame.new(0.019977, -0.008525, -0.020455, 0.999233, 0.012666, 0.037057, -0.005860, 0.983958, -0.178302, -0.038721, 0.177948, 0.983278),

              ["LeftUpperLeg"] = CFrame.new(0.000000, 0.000000, -0.000100, 0.999991, -0.002460, -0.003558, -0.003787, -0.895489, -0.445091, -0.002091, 0.445077, -0.895478),

              ["LowerTorso"] = CFrame.new(0.000000, -3.570011, -1.268957, 1.000000, -0.000000, -0.000000, -0.000000, 0.381446, -0.924391, 0.000000, 0.924391, 0.381446),

              ["RightFoot"] = CFrame.new(-0.000000, 0.028402, -0.000103, 0.999985, 0.004109, 0.003581, -0.001880, 0.876692, -0.481073, -0.005116, 0.481035, 0.876673),

              ["RightHand"] = CFrame.new(-0.000499, 0.001994, -0.000000, 0.944872, 0.283118, -0.164503, -0.277983, 0.959071, 0.053933, 0.173038, -0.005230, 0.984901),

              ["RightLowerArm"] = CFrame.new(0.000000, 0.009929, 0.000302, 1.000000, 0.000000, 0.000000, -0.000000, 0.996814, -0.079768, -0.000000, 0.079767, 0.996814),

              ["RightLowerLeg"] = CFrame.new(0.000000, 0.114847, -0.056868, 1.000000, 0.000000, 0.000000, -0.000000, 0.413302, 0.910600, 0.000000, -0.910594, 0.413288),

              ["RightUpperArm"] = CFrame.new(-0.005233, -0.076772, -0.047566, 0.983318, -0.055801, 0.173125, 0.154875, -0.242299, -0.957760, 0.095392, 0.968596, -0.229614),

              ["RightUpperLeg"] = CFrame.new(0.000000, 0.000000, -0.000000, 0.999985, -0.005436, -0.000402, -0.004927, -0.870044, -0.492972, 0.002330, 0.492945, -0.870045),

              ["UpperTorso"] = CFrame.new(-0.000000, 0.001161, -0.001565, 1.000000, 0.000000, 0.000000, -0.000000, 0.999965, -0.008367, -0.000000, 0.008367, 0.999965)

          }},

          {Time = 0.200, Data = {

              ["Head"] = CFrame.new(0.000000, -0.000000, 0.000000, 1.000000, 0.000000, -0.000000, -0.000000, 1.000000, 0.000000, 0.000000, -0.000000, 1.000000),

              ["LeftFoot"] = CFrame.new(0.000000, 0.028179, -0.000003, 0.999967, 0.006386, 0.005065, -0.003968, 0.924210, -0.381885, -0.007119, 0.381831, 0.924196),

              ["LeftHand"] = CFrame.new(0.000482, 0.027856, 0.000000, 0.998917, -0.040212, 0.023430, 0.029967, 0.940932, 0.337270, -0.035608, -0.336199, 0.941116),

              ["LeftLowerArm"] = CFrame.new(-0.000498, 0.105052, 0.148566, 1.000000, -0.000000, 0.000000, 0.000000, -0.538898, -0.842370, 0.000000, 0.842371, -0.538899),

              ["LeftLowerLeg"] = CFrame.new(-0.000000, 0.114971, -0.056639, 1.000000, -0.000000, -0.000000, 0.000000, 0.414654, 0.909985, -0.000000, -0.909979, 0.414640),

              ["LeftUpperArm"] = CFrame.new(0.023431, -0.010091, -0.024293, 0.998916, 0.013846, 0.044433, -0.007006, 0.988578, -0.150549, -0.046010, 0.150074, 0.987604),

              ["LeftUpperLeg"] = CFrame.new(0.000000, -0.000000, -0.000100, 0.999987, -0.002891, -0.004104, -0.004379, -0.902121, -0.431484, -0.002454, 0.431473, -0.902111),

              ["LowerTorso"] = CFrame.new(0.000000, -3.559911, -1.259237, 1.000000, -0.000000, -0.000000, -0.000000, 0.382877, -0.923800, 0.000000, 0.923800, 0.382877),

              ["RightFoot"] = CFrame.new(-0.000000, 0.028681, -0.000103, 0.999979, 0.004925, 0.004319, -0.002152, 0.869734, -0.493541, -0.006186, 0.493496, 0.869712),

              ["RightHand"] = CFrame.new(-0.000498, 0.003095, -0.000000, 0.920951, 0.336852, -0.195909, -0.324749, 0.941323, 0.091925, 0.215376, -0.021036, 0.976304),

              ["RightLowerArm"] = CFrame.new(-0.000000, 0.016132, 0.000837, 1.000000, 0.000000, 0.000000, -0.000000, 0.991346, -0.131273, -0.000000, 0.131272, 0.991346),

              ["RightLowerLeg"] = CFrame.new(0.000000, 0.115747, -0.058465, 1.000000, 0.000000, 0.000000, -0.000000, 0.396702, 0.917954, 0.000000, -0.917947, 0.396688),

              ["RightUpperArm"] = CFrame.new(-0.003723, -0.093823, -0.056043, 0.975482, -0.071607, 0.208102, 0.189214, -0.210024, -0.959212, 0.112393, 0.975070, -0.191326),

              ["RightUpperLeg"] = CFrame.new(0.000000, -0.000000, 0.000000, 0.999979, -0.006533, -0.000478, -0.005949, -0.875162, -0.483815, 0.002742, 0.483786, -0.875170),

              ["UpperTorso"] = CFrame.new(-0.000000, 0.001378, -0.001852, 1.000000, 0.000000, 0.000000, -0.000000, 0.999951, -0.009915, -0.000000, 0.009915, 0.999951)

          }},

          {Time = 0.217, Data = {

              ["Head"] = CFrame.new(0.000000, 0.000000, 0.000000, 1.000000, 0.000000, -0.000000, -0.000000, 1.000000, 0.000000, 0.000000, -0.000000, 1.000000),

              ["LeftFoot"] = CFrame.new(0.000000, 0.028444, -0.000003, 0.999956, 0.007401, 0.005810, -0.004630, 0.924599, -0.380934, -0.008191, 0.380870, 0.924584),

              ["LeftHand"] = CFrame.new(0.000482, 0.027872, 0.000000, 0.998511, -0.047118, 0.027499, 0.036182, 0.949200, 0.312590, -0.040830, -0.311126, 0.949490),

              ["LeftLowerArm"] = CFrame.new(-0.000498, 0.104848, 0.148875, 1.000000, -0.000000, 0.000000, 0.000000, -0.542103, -0.840311, 0.000000, 0.840312, -0.542104),

              ["LeftLowerLeg"] = CFrame.new(-0.000000, 0.115815, -0.058117, 1.000000, -0.000000, -0.000000, 0.000000, 0.399272, 0.916839, -0.000000, -0.916832, 0.399258),

              ["LeftUpperArm"] = CFrame.new(0.027088, -0.011774, -0.028460, 0.998511, 0.014696, 0.052539, -0.008252, 0.992639, -0.120831, -0.053928, 0.120218, 0.991282),

              ["LeftUpperLeg"] = CFrame.new(0.000000, 0.000000, -0.000100, 0.999984, -0.003346, -0.004656, -0.004983, -0.908898, -0.417013, -0.002837, 0.417006, -0.908889),

              ["LowerTorso"] = CFrame.new(0.000000, -3.549202, -1.248698, 1.000000, -0.000000, -0.000000, -0.000000, 0.384420, -0.923158, 0.000000, 0.923158, 0.384420),

              ["RightFoot"] = CFrame.new(0.000000, 0.028938, -0.000103, 0.999970, 0.005827, 0.005145, -0.002417, 0.862104, -0.506750, -0.007388, 0.506698, 0.862078),

              ["RightHand"] = CFrame.new(-0.000497, 0.004061, 0.000000, 0.889812, 0.394395, -0.229539, -0.373662, 0.918466, 0.129607, 0.261938, -0.029555, 0.964631),

              ["RightLowerArm"] = CFrame.new(0.000000, 0.021979, 0.001604, 1.000000, 0.000000, 0.000000, -0.000000, 0.983540, -0.180690, -0.000000, 0.180689, 0.983540),

              ["RightLowerLeg"] = CFrame.new(0.000000, 0.116631, -0.060164, 1.000000, 0.000000, 0.000000, -0.000000, 0.379045, 0.925385, 0.000000, -0.925379, 0.379030),

              ["RightUpperArm"] = CFrame.new(-0.001033, -0.113016, -0.064905, 0.964956, -0.090101, 0.246459, 0.227853, -0.178189, -0.957252, 0.130165, 0.979863, -0.151415),

              ["RightUpperLeg"] = CFrame.new(0.000000, 0.000000, -0.000000, 0.999970, -0.007753, -0.000564, -0.007094, -0.880439, -0.474128, 0.003179, 0.474095, -0.880456),

              ["UpperTorso"] = CFrame.new(-0.000000, 0.001614, -0.002161, 1.000000, 0.000000, 0.000000, -0.000000, 0.999933, -0.011586, -0.000000, 0.011586, 0.999933)

          }},

          {Time = 0.233, Data = {

              ["Head"] = CFrame.new(0.000000, -0.000000, 0.000000, 1.000000, 0.000000, -0.000000, -0.000000, 1.000000, 0.000000, 0.000000, -0.000000, 1.000000),

              ["LeftFoot"] = CFrame.new(-0.000000, 0.028680, -0.000003, 0.999943, 0.008473, 0.006578, -0.005343, 0.925181, -0.379508, -0.009301, 0.379430, 0.925165),

              ["LeftHand"] = CFrame.new(0.000482, 0.027884, 0.000000, 0.998000, -0.054573, 0.031891, 0.043234, 0.957430, 0.285411, -0.046109, -0.283459, 0.957874),

              ["LeftLowerArm"] = CFrame.new(-0.000498, 0.104683, 0.149123, 1.000000, -0.000000, 0.000000, 0.000000, -0.544686, -0.838639, 0.000000, 0.838640, -0.544687),

              ["LeftLowerLeg"] = CFrame.new(-0.000000, 0.116633, -0.059679, 1.000000, -0.000000, -0.000000, 0.000000, 0.383053, 0.923733, -0.000000, -0.923726, 0.383038),

              ["LeftUpperArm"] = CFrame.new(0.030929, -0.013572, -0.032954, 0.998000, 0.015120, 0.061373, -0.009596, 0.995956, -0.089330, -0.062476, 0.088563, 0.994109),

              ["LeftUpperLeg"] = CFrame.new(0.000000, -0.000000, -0.000100, 0.999979, -0.003820, -0.005208, -0.005590, -0.915774, -0.401678, -0.003235, 0.401675, -0.915766),

              ["LowerTorso"] = CFrame.new(0.000000, -3.537929, -1.237345, 1.000000, -0.000000, -0.000000, -0.000000, 0.386075, -0.922467, 0.000000, 0.922467, 0.386075),

              ["RightFoot"] = CFrame.new(0.000000, 0.029207, -0.000102, 0.999958, 0.006821, 0.006067, -0.002666, 0.853813, -0.520598, -0.008730, 0.520536, 0.853780),

              ["RightHand"] = CFrame.new(-0.000497, 0.004911, 0.000000, 0.850241, 0.454887, -0.264893, -0.424429, 0.890081, 0.166183, 0.311368, -0.028867, 0.949850),

              ["RightLowerArm"] = CFrame.new(0.000000, 0.027390, 0.002553, 1.000000, 0.000000, 0.000000, -0.000000, 0.973901, -0.226974, -0.000000, 0.226973, 0.973901),

              ["RightLowerLeg"] = CFrame.new(-0.000000, 0.117516, -0.061948, 1.000000, 0.000000, 0.000000, -0.000000, 0.360500, 0.932765, 0.000000, -0.932759, 0.360484),

              ["RightUpperArm"] = CFrame.new(0.003137, -0.134328, -0.073960, 0.951155, -0.111271, 0.287963, 0.270744, -0.147515, -0.951282, 0.148329, 0.982781, -0.110184),

              ["RightUpperLeg"] = CFrame.new(0.000000, -0.000000, -0.000000, 0.999958, -0.009105, -0.000661, -0.008372, -0.885803, -0.464009, 0.003639, 0.463973, -0.885830),

              ["UpperTorso"] = CFrame.new(-0.000000, 0.001868, -0.002493, 1.000000, 0.000000, 0.000000, -0.000000, 0.999911, -0.013380, -0.000000, 0.013380, 0.999911)

          }},

          {Time = 0.250, Data = {

              ["Head"] = CFrame.new(0.000000, -0.000000, -0.000000, 1.000000, 0.000000, -0.000000, -0.000000, 1.000000, 0.000000, 0.000000, -0.000000, 1.000000),

              ["LeftFoot"] = CFrame.new(-0.000000, 0.028925, -0.000002, 0.999927, 0.009600, 0.007363, -0.006111, 0.925999, -0.377497, -0.010442, 0.377405, 0.925982),

              ["LeftHand"] = CFrame.new(0.000482, 0.027893, 0.000000, 0.997369, -0.062575, 0.036605, 0.051183, 0.965393, 0.255729, -0.051340, -0.253180, 0.966055),

              ["LeftLowerArm"] = CFrame.new(-0.000498, 0.104567, 0.149297, 1.000000, -0.000000, 0.000000, 0.000000, -0.546493, -0.837463, 0.000000, 0.837464, -0.546494),

              ["LeftLowerLeg"] = CFrame.new(0.000000, 0.117450, -0.061303, 1.000000, -0.000000, -0.000000, 0.000000, 0.366167, 0.930555, -0.000000, -0.930549, 0.366152),

              ["LeftUpperArm"] = CFrame.new(0.034934, -0.015480, -0.037774, 0.997369, 0.015024, 0.070921, -0.011037, 0.998354, -0.056276, -0.071650, 0.055345, 0.995893),

