return {
["up thrust 3"] = {

          {Time = 0.000, Data = {

              ["Head"] = CFrame.new(-0.000000, 0.000000, 0.000000, 1.000000, -0.000000, 0.000000, -0.000000, 1.000000, -0.000000, -0.000000, 0.000000, 1.000000),

              ["LeftFoot"] = CFrame.new(0.000000, 0.031855, -0.000002, 0.983600, -0.137972, -0.116175, 0.169478, 0.927390, 0.333534, 0.061718, -0.347724, 0.935553),

              ["LeftHand"] = CFrame.new(0.000532, -0.047931, -0.000000, 0.999266, 0.032652, -0.020021, -0.034492, 0.994412, -0.099778, 0.016652, 0.100395, 0.994808),

              ["LeftLowerArm"] = CFrame.new(-0.000499, -0.048073, 0.000261, 1.000000, -0.000000, -0.000000, 0.000000, 1.000000, -0.000001, 0.000000, -0.000000, 1.000000),

              ["LeftLowerLeg"] = CFrame.new(0.000000, 0.125332, -0.087005, 1.000000, -0.000000, -0.000000, 0.000000, 0.098750, 0.995114, -0.000000, -0.995112, 0.098735),

              ["LeftUpperArm"] = CFrame.new(-0.089088, -0.487181, -0.038717, 0.007037, 0.989769, 0.142504, -0.999965, 0.007618, -0.003529, -0.004579, -0.142474, 0.989788),

              ["LeftUpperLeg"] = CFrame.new(-0.104933, 0.035144, -0.033702, 0.983600, 0.078151, -0.162553, -0.032538, 0.963353, 0.266282, 0.177406, -0.256601, 0.950090),

              ["LowerTorso"] = CFrame.new(-0.000000, -1.191202, 0.901553, 1.000000, 0.000000, -0.000000, -0.000000, -0.495521, -0.868596, -0.000000, 0.868596, -0.495521),

              ["RightFoot"] = CFrame.new(-0.000000, 0.032374, -0.000101, 0.981145, 0.147844, 0.124487, -0.182967, 0.918022, 0.351824, -0.062264, -0.367937, 0.927752),

              ["RightHand"] = CFrame.new(-0.000516, -0.025156, -0.000000, 0.990582, 0.118624, -0.068373, -0.128429, 0.978120, -0.163670, 0.047461, 0.170909, 0.984143),

              ["RightLowerArm"] = CFrame.new(-0.000001, -0.025126, 0.000137, 1.000000, 0.000000, 0.000000, -0.000000, 1.000000, -0.000001, -0.000000, -0.000000, 1.000000),

              ["RightLowerLeg"] = CFrame.new(0.000000, 0.125632, -0.092306, 1.000000, 0.000000, 0.000000, -0.000000, 0.044683, 0.999002, 0.000000, -0.999001, 0.044669),

              ["RightUpperArm"] = CFrame.new(0.092695, -0.498184, 0.008570, 0.016397, -0.997276, -0.071919, 0.998180, 0.012152, 0.059070, -0.058034, -0.072757, 0.995660),

              ["RightUpperLeg"] = CFrame.new(0.111073, 0.039388, -0.012285, 0.981145, -0.070376, 0.180002, 0.034867, 0.980519, 0.193328, -0.190101, -0.183382, 0.964481),

              ["UpperTorso"] = CFrame.new(0.000000, 0.048203, 0.043191, 1.000000, -0.000000, 0.000000, 0.000000, 0.845819, 0.533470, -0.000000, -0.533470, 0.845819)

          }},

          {Time = 0.017, Data = {

              ["Head"] = CFrame.new(-0.000000, 0.000000, 0.000000, 1.000000, -0.000000, 0.000000, -0.000000, 0.999991, -0.004174, -0.000000, 0.004174, 0.999991),

              ["LeftFoot"] = CFrame.new(-0.000000, 0.031931, -0.000002, 0.983335, -0.139073, -0.117102, 0.170597, 0.928493, 0.329875, 0.062849, -0.344325, 0.936733),

              ["LeftHand"] = CFrame.new(0.000532, -0.047997, -0.000000, 0.999270, 0.032562, -0.019969, -0.034408, 0.994357, -0.100352, 0.016589, 0.100966, 0.994752),

              ["LeftLowerArm"] = CFrame.new(-0.000498, -0.048139, 0.000261, 1.000000, -0.000000, -0.000000, 0.000000, 1.000000, -0.000001, 0.000000, -0.000000, 1.000000),

              ["LeftLowerLeg"] = CFrame.new(-0.000000, 0.125476, -0.088229, 1.000000, -0.000000, -0.000000, 0.000000, 0.086025, 0.996294, -0.000000, -0.996293, 0.086010),

              ["LeftUpperArm"] = CFrame.new(-0.089131, -0.487176, -0.039615, 0.006950, 0.989688, 0.143074, -0.999956, 0.007790, -0.005313, -0.006373, -0.143030, 0.989698),

              ["LeftUpperLeg"] = CFrame.new(-0.104933, 0.035144, -0.033702, 0.983335, 0.077290, -0.164557, -0.037073, 0.971363, 0.234717, 0.177985, -0.224680, 0.958034),

              ["LowerTorso"] = CFrame.new(-0.000000, -1.198412, 0.895777, 1.000000, 0.000000, -0.000000, -0.000000, -0.474568, -0.880219, -0.000000, 0.880219, -0.474568),

              ["RightFoot"] = CFrame.new(0.000000, 0.032444, -0.000102, 0.980833, 0.149051, 0.125503, -0.184302, 0.918720, 0.349296, -0.063237, -0.365701, 0.928570),

              ["RightHand"] = CFrame.new(-0.000516, -0.025189, -0.000000, 0.990577, 0.118661, -0.068395, -0.128497, 0.978015, -0.164245, 0.047401, 0.171485, 0.984046),

              ["RightLowerArm"] = CFrame.new(-0.000001, -0.025158, 0.000137, 1.000000, 0.000000, 0.000000, -0.000000, 1.000000, -0.000001, -0.000000, -0.000000, 1.000000),

              ["RightLowerLeg"] = CFrame.new(0.000000, 0.125702, -0.093438, 1.000000, 0.000000, 0.000000, -0.000000, 0.032908, 0.999459, 0.000000, -0.999458, 0.032893),

              ["RightUpperArm"] = CFrame.new(0.092714, -0.498237, 0.007656, 0.016357, -0.997234, -0.072504, 0.998285, 0.012212, 0.057250, -0.056205, -0.073316, 0.995724),

              ["RightUpperLeg"] = CFrame.new(0.111073, 0.039388, -0.012285, 0.980833, -0.069266, 0.182121, 0.039733, 0.986143, 0.161093, -0.190755, -0.150744, 0.969990),

              ["UpperTorso"] = CFrame.new(0.000000, 0.049470, 0.046261, 1.000000, -0.000000, 0.000000, 0.000000, 0.857407, 0.514640, -0.000000, -0.514640, 0.857407)

          }},

          {Time = 0.033, Data = {

              ["Head"] = CFrame.new(-0.000000, 0.000000, 0.000000, 1.000000, -0.000000, 0.000000, -0.000000, 0.999877, -0.015714, -0.000000, 0.015714, 0.999877),

              ["LeftFoot"] = CFrame.new(-0.000000, 0.032130, -0.000002, 0.982579, -0.142163, -0.119704, 0.173812, 0.930962, 0.321119, 0.065786, -0.336301, 0.939443),

              ["LeftHand"] = CFrame.new(0.000532, -0.048180, -0.000000, 0.999281, 0.032323, -0.019829, -0.034181, 0.994203, -0.101947, 0.016419, 0.102551, 0.994592),

              ["LeftLowerArm"] = CFrame.new(-0.000498, -0.048321, 0.000263, 1.000000, -0.000000, -0.000000, 0.000000, 1.000000, -0.000001, 0.000000, -0.000000, 1.000000),

              ["LeftLowerLeg"] = CFrame.new(-0.000000, 0.125780, -0.091490, 1.000000, -0.000000, -0.000000, 0.000000, 0.052122, 0.998641, -0.000000, -0.998641, 0.052108),

              ["LeftUpperArm"] = CFrame.new(-0.089248, -0.487156, -0.042066, 0.006716, 0.989460, 0.144655, -0.999914, 0.008276, -0.010185, -0.011275, -0.144573, 0.989430),

              ["LeftUpperLeg"] = CFrame.new(-0.104933, 0.035144, -0.033702, 0.982579, 0.074754, -0.170146, -0.049820, 0.987977, 0.146382, 0.179043, -0.135329, 0.974486),

              ["LowerTorso"] = CFrame.new(-0.000000, -1.218634, 0.880881, 1.000000, 0.000000, -0.000000, -0.000000, -0.415448, -0.909617, -0.000000, 0.909617, -0.415448),

              ["RightFoot"] = CFrame.new(-0.000000, 0.032627, -0.000101, 0.979946, 0.152429, 0.128348, -0.188123, 0.920063, 0.343678, -0.065699, -0.360900, 0.930275),

              ["RightHand"] = CFrame.new(-0.000517, -0.025279, -0.000000, 0.990561, 0.118758, -0.068451, -0.128678, 0.977721, -0.165842, 0.047230, 0.173084, 0.983774),

              ["RightLowerArm"] = CFrame.new(-0.000001, -0.025248, 0.000137, 1.000000, 0.000000, 0.000000, -0.000000, 1.000000, -0.000001, -0.000000, -0.000000, 1.000000),

              ["RightLowerLeg"] = CFrame.new(-0.000000, 0.125823, -0.096435, 1.000000, 0.000000, 0.000000, -0.000000, 0.001738, 0.999999, 0.000000, -0.999999, 0.001724),

              ["RightUpperArm"] = CFrame.new(0.092766, -0.498372, 0.005157, 0.016255, -0.997116, -0.074129, 0.998556, 0.012392, 0.052278, -0.051208, -0.074872, 0.995877),

              ["RightUpperLeg"] = CFrame.new(0.111073, 0.039388, -0.012285, 0.979946, -0.066024, 0.188007, 0.053418, 0.996020, 0.071371, -0.191971, -0.059871, 0.979571),

              ["UpperTorso"] = CFrame.new(0.000000, 0.052430, 0.055225, 1.000000, -0.000000, 0.000000, 0.000000, 0.887179, 0.461425, -0.000000, -0.461425, 0.887179)

          }},

          {Time = 0.050, Data = {

              ["Head"] = CFrame.new(0.000000, 0.000000, -0.000000, 1.000000, 0.000000, -0.000000, 0.000000, 0.999451, -0.033141, 0.000000, 0.033141, 0.999451),

              ["LeftFoot"] = CFrame.new(0.000000, 0.032411, -0.000001, 0.981374, -0.146954, -0.123738, 0.179042, 0.933128, 0.311825, 0.069636, -0.328141, 0.942048),

              ["LeftHand"] = CFrame.new(0.000532, -0.048461, -0.000000, 0.999297, 0.031963, -0.019619, -0.033842, 0.993963, -0.104367, 0.016165, 0.104957, 0.994345),

              ["LeftLowerArm"] = CFrame.new(-0.000499, -0.048602, 0.000264, 1.000000, -0.000000, -0.000000, 0.000000, 1.000000, -0.000001, 0.000000, -0.000000, 1.000000),

              ["LeftLowerLeg"] = CFrame.new(-0.000000, 0.126015, -0.096068, 1.000000, -0.000000, -0.000000, 0.000000, 0.004518, 0.999990, -0.000000, -0.999990, 0.004504),

              ["LeftUpperArm"] = CFrame.new(-0.089423, -0.487102, -0.045706, 0.006366, 0.989108, 0.147053, -0.999808, 0.009024, -0.017418, -0.018556, -0.146914, 0.988975),

              ["LeftUpperLeg"] = CFrame.new(-0.104933, 0.035144, -0.033702, 0.981374, 0.070443, -0.178725, -0.069602, 0.997514, 0.011003, 0.179056, 0.001667, 0.983838),

              ["LowerTorso"] = CFrame.new(-0.000000, -1.249985, 0.861409, 1.000000, 0.000000, -0.000000, -0.000000, -0.323181, -0.946337, -0.000000, 0.946337, -0.323181),

              ["RightFoot"] = CFrame.new(0.000000, 0.032931, -0.000101, 0.978535, 0.157641, 0.132737, -0.194285, 0.920471, 0.339130, -0.068716, -0.357608, 0.931328),

              ["RightHand"] = CFrame.new(-0.000517, -0.025434, -0.000000, 0.990538, 0.118901, -0.068535, -0.128951, 0.977271, -0.168267, 0.046969, 0.175511, 0.983356),

              ["RightLowerArm"] = CFrame.new(-0.000001, -0.025403, 0.000138, 1.000000, 0.000000, 0.000000, -0.000000, 1.000000, -0.000001, -0.000000, -0.000000, 1.000000),

              ["RightLowerLeg"] = CFrame.new(0.000000, 0.125848, -0.100572, 1.000000, 0.000000, 0.000000, -0.000000, -0.041353, 0.999144, 0.000000, -0.999145, -0.041366),

              ["RightUpperArm"] = CFrame.new(0.092842, -0.498550, 0.001444, 0.016102, -0.996932, -0.076597, 0.998911, 0.012685, 0.044891, -0.043781, -0.077236, 0.996051),

              ["RightUpperLeg"] = CFrame.new(0.111073, 0.039388, -0.012285, 0.978535, -0.060621, 0.196959, 0.074664, 0.995110, -0.064640, -0.192077, 0.077983, 0.978279),

              ["UpperTorso"] = CFrame.new(0.000000, 0.055175, 0.069929, 1.000000, -0.000000, 0.000000, 0.000000, 0.925757, 0.378118, -0.000000, -0.378118, 0.925757)

          }},

          {Time = 0.067, Data = {

              ["Head"] = CFrame.new(-0.000000, 0.000000, 0.000000, 1.000000, 0.000000, 0.000000, 0.000000, 0.998488, -0.054971, 0.000000, 0.054971, 0.998488),

              ["LeftFoot"] = CFrame.new(0.000000, 0.032805, -0.000001, 0.979767, -0.153100, -0.128913, 0.186233, 0.933315, 0.307016, 0.073309, -0.324782, 0.942933),

              ["LeftHand"] = CFrame.new(0.000532, -0.048822, 0.000000, 0.999316, 0.031515, -0.019357, -0.033417, 0.993653, -0.107416, 0.015849, 0.107989, 0.994026),

              ["LeftLowerArm"] = CFrame.new(-0.000498, -0.048962, 0.000266, 1.000000, -0.000000, -0.000000, 0.000000, 1.000000, -0.000001, 0.000000, -0.000000, 1.000000),

              ["LeftLowerLeg"] = CFrame.new(-0.000000, 0.126042, -0.101145, 1.000000, -0.000000, -0.000000, 0.000000, -0.048371, 0.998829, -0.000000, -0.998829, -0.048384),

              ["LeftUpperArm"] = CFrame.new(-0.089642, -0.487001, -0.050170, 0.005929, 0.988657, 0.150075, -0.999605, 0.009984, -0.026284, -0.027485, -0.149860, 0.988325),

              ["LeftUpperLeg"] = CFrame.new(-0.104933, 0.035144, -0.033702, 0.979767, 0.064214, -0.189561, -0.095008, 0.982838, -0.158101, 0.176155, 0.172936, 0.969057),

              ["LowerTorso"] = CFrame.new(-0.000000, -1.290193, 0.842270, 1.000000, 0.000000, -0.000000, -0.000000, -0.203768, -0.979019, -0.000000, 0.979019, -0.203768),

              ["RightFoot"] = CFrame.new(-0.000000, 0.033296, -0.000101, 0.976668, 0.164280, 0.138326, -0.202625, 0.918326, 0.340061, -0.071161, -0.360123, 0.930175),

              ["RightHand"] = CFrame.new(-0.000517, -0.025620, -0.000000, 0.990509, 0.119080, -0.068640, -0.129292, 0.976694, -0.171326, 0.046638, 0.178573, 0.982821),

              ["RightLowerArm"] = CFrame.new(-0.000001, -0.025588, 0.000139, 1.000000, 0.000000, 0.000000, -0.000000, 1.000000, -0.000001, -0.000000, -0.000000, 1.000000),

              ["RightLowerLeg"] = CFrame.new(0.000000, 0.125655, -0.105104, 1.000000, 0.000000, 0.000000, -0.000000, -0.088576, 0.996068, 0.000000, -0.996069, -0.088588),

              ["RightUpperArm"] = CFrame.new(0.092937, -0.498731, -0.003114, 0.015912, -0.996691, -0.079711, 0.999272, 0.013088, 0.035827, -0.034665, -0.080223, 0.996174),

              ["RightUpperLeg"] = CFrame.new(0.111073, 0.039388, -0.012285, 0.976668, -0.052931, 0.208131, 0.101945, 0.967264, -0.232371, -0.189018, 0.248190, 0.950098),

              ["UpperTorso"] = CFrame.new(0.000000, 0.055355, 0.089931, 1.000000, -0.000000, 0.000000, 0.000000, 0.962942, 0.269710, -0.000000, -0.269710, 0.962942)

          }},

          {Time = 0.083, Data = {

              ["Head"] = CFrame.new(-0.000000, 0.000000, 0.000000, 1.000000, -0.000000, 0.000000, 0.000000, 0.996819, -0.079702, 0.000000, 0.079702, 0.996819),

              ["LeftFoot"] = CFrame.new(-0.000000, 0.033152, -0.000001, 0.977853, -0.160100, -0.134807, 0.195127, 0.930324, 0.310551, 0.075692, -0.329948, 0.940949),

              ["LeftHand"] = CFrame.new(0.000532, -0.049244, -0.000000, 0.999337, 0.031021, -0.019069, -0.032949, 0.993286, -0.110897, 0.015501, 0.111451, 0.993649),

              ["LeftLowerArm"] = CFrame.new(-0.000498, -0.049384, 0.000268, 1.000000, -0.000000, -0.000000, 0.000000, 1.000000, -0.000001, 0.000000, -0.000000, 1.000000),

              ["LeftLowerLeg"] = CFrame.new(-0.000000, 0.125772, -0.106008, 1.000000, -0.000000, -0.000000, 0.000000, -0.099024, 0.995084, -0.000000, -0.995085, -0.099036),

              ["LeftUpperArm"] = CFrame.new(-0.089883, -0.486842, -0.055097, 0.005447, 0.988130, 0.153526, -0.999288, 0.011111, -0.036060, -0.037338, -0.153220, 0.987486),

              ["LeftUpperLeg"] = CFrame.new(-0.104933, 0.035144, -0.033702, 0.977853, 0.055996, -0.201663, -0.124026, 0.931171, -0.342815, 0.168586, 0.360257, 0.917502),

              ["LowerTorso"] = CFrame.new(-0.000000, -1.336066, 0.827751, 1.000000, 0.000000, -0.000000, -0.000000, -0.065507, -0.997852, -0.000000, 0.997852, -0.065507),

              ["RightFoot"] = CFrame.new(-0.000000, 0.033528, -0.000101, 0.974466, 0.171759, 0.144624, -0.212712, 0.912421, 0.349663, -0.071897, -0.371467, 0.925646),

              ["RightHand"] = CFrame.new(-0.000517, -0.025841, 0.000000, 0.990479, 0.119270, -0.068751, -0.129664, 0.976025, -0.174823, 0.046251, 0.182072, 0.982197),

              ["RightLowerArm"] = CFrame.new(-0.000001, -0.025809, 0.000140, 1.000000, 0.000000, 0.000000, -0.000000, 1.000000, -0.000001, -0.000000, -0.000000, 1.000000),

              ["RightLowerLeg"] = CFrame.new(0.000000, 0.125236, -0.109270, 1.000000, 0.000000, 0.000000, -0.000000, -0.131934, 0.991257, 0.000000, -0.991259, -0.131945),

              ["RightUpperArm"] = CFrame.new(0.093037, -0.498882, -0.008149, 0.015711, -0.996403, -0.083272, 0.999574, 0.013603, 0.025821, -0.024595, -0.083642, 0.996192),

              ["RightUpperLeg"] = CFrame.new(0.111073, 0.039388, -0.012285, 0.974466, -0.043203, 0.220338, 0.133058, 0.901559, -0.411667, -0.180863, 0.430495, 0.884297),

              ["UpperTorso"] = CFrame.new(0.000000, 0.050767, 0.114030, 1.000000, -0.000000, 0.000000, 0.000000, 0.989706, 0.143116, -0.000000, -0.143116, 0.989706)

          }},

          {Time = 0.100, Data = {

              ["Head"] = CFrame.new(0.000000, -0.000000, 0.000000, 1.000000, 0.000000, 0.000000, -0.000000, 0.994385, -0.105827, 0.000000, 0.105827, 0.994385),

              ["LeftFoot"] = CFrame.new(-0.000000, 0.033373, -0.000001, 0.975804, -0.167255, -0.140832, 0.205054, 0.923601, 0.323934, 0.075890, -0.344944, 0.935539),

              ["LeftHand"] = CFrame.new(0.000533, -0.049721, -0.000000, 0.999357, 0.030547, -0.018791, -0.032504, 0.992878, -0.114612, 0.015157, 0.115149, 0.993233),

              ["LeftLowerArm"] = CFrame.new(-0.000499, -0.049860, 0.000271, 1.000000, -0.000000, -0.000000, 0.000000, 1.000000, -0.000001, 0.000000, -0.000000, 1.000000),

              ["LeftLowerLeg"] = CFrame.new(-0.000000, 0.125333, -0.109980, 1.000000, -0.000000, -0.000000, 0.000000, -0.140365, 0.990098, -0.000000, -0.990100, -0.140375),

              ["LeftUpperArm"] = CFrame.new(-0.090114, -0.486630, -0.060130, 0.004985, 0.987553, 0.157210, -0.998863, 0.012370, -0.046033, -0.047405, -0.156801, 0.986492),

              ["LeftUpperLeg"] = CFrame.new(-0.104933, 0.035144, -0.033702, 0.975804, 0.046354, -0.213676, -0.153914, 0.839743, -0.520694, 0.155296, 0.541002, 0.826572),

              ["LowerTorso"] = CFrame.new(-0.000000, -1.383493, 0.820666, 1.000000, -0.000000, -0.000000, -0.000000, 0.081007, -0.996714, 0.000000, 0.996714, 0.081007),

              ["RightFoot"] = CFrame.new(0.000000, 0.033709, -0.000100, 0.972147, 0.179286, 0.150961, -0.223628, 0.902349, 0.368482, -0.070153, -0.391947, 0.917296),

              ["RightHand"] = CFrame.new(-0.000517, -0.026090, -0.000000, 0.990454, 0.119425, -0.068842, -0.130009, 0.975302, -0.178563, 0.045816, 0.185808, 0.981517),

              ["RightLowerArm"] = CFrame.new(-0.000001, -0.026058, 0.000142, 1.000000, 0.000000, 0.000000, -0.000000, 1.000000, -0.000001, -0.000000, -0.000000, 1.000000),

              ["RightLowerLeg"] = CFrame.new(-0.000000, 0.124782, -0.112491, 1.000000, 0.000000, 0.000000, -0.000000, -0.165473, 0.986213, 0.000000, -0.986214, -0.165482),

              ["RightUpperArm"] = CFrame.new(0.093120, -0.498983, -0.013296, 0.015546, -0.996080, -0.087078, 0.999777, 0.014240, 0.015603, -0.014302, -0.087301, 0.996079),

              ["RightUpperLeg"] = CFrame.new(0.111073, 0.039388, -0.012285, 0.972147, -0.032180, 0.232154, 0.164985, 0.797494, -0.580313, -0.166467, 0.602468, 0.780603),

              ["UpperTorso"] = CFrame.new(0.000000, 0.040022, 0.140224, 1.000000, 0.000000, 0.000000, -0.000000, 0.999973, 0.007331, -0.000000, -0.007331, 0.999973)

          }},

          {Time = 0.117, Data = {

              ["Head"] = CFrame.new(-0.000000, 0.000000, -0.000000, 1.000000, 0.000000, 0.000000, -0.000000, 0.991271, -0.131838, 0.000000, 0.131838, 0.991271),

              ["LeftFoot"] = CFrame.new(0.000000, 0.033526, -0.000000, 0.973866, -0.173739, -0.146291, 0.214853, 0.913557, 0.345359, 0.073640, -0.367735, 0.926998),

              ["LeftHand"] = CFrame.new(0.000533, -0.050201, 0.000000, 0.999372, 0.030180, -0.018577, -0.032172, 0.992449, -0.118365, 0.014865, 0.118888, 0.992796),

              ["LeftLowerArm"] = CFrame.new(-0.000498, -0.050340, 0.000273, 1.000000, -0.000000, -0.000000, 0.000000, 1.000000, -0.000001, 0.000000, -0.000000, 1.000000),

              ["LeftLowerLeg"] = CFrame.new(-0.000000, 0.124934, -0.112691, 1.000000, -0.000000, -0.000000, 0.000000, -0.168596, 0.985684, -0.000000, -0.985685, -0.168605),

              ["LeftUpperArm"] = CFrame.new(-0.090292, -0.486381, -0.064921, 0.004628, 0.986955, 0.160933, -0.998364, 0.013731, -0.055500, -0.056986, -0.160413, 0.985404),

              ["LeftUpperLeg"] = CFrame.new(-0.104933, 0.035144, -0.033702, 0.973866, 0.036360, -0.224193, -0.181495, 0.718023, -0.671924, 0.136544, 0.695069, 0.705872),

              ["LowerTorso"] = CFrame.new(-0.000000, -1.427914, 0.821788, 1.000000, -0.000000, -0.000000, -0.000000, 0.224057, -0.974576, 0.000000, 0.974576, 0.224057),

              ["RightFoot"] = CFrame.new(-0.000000, 0.033821, -0.000100, 0.970004, 0.185952, 0.156574, -0.233980, 0.888870, 0.393939, -0.065918, -0.418728, 0.905702),

              ["RightHand"] = CFrame.new(-0.000518, -0.026353, 0.000000, 0.990445, 0.119476, -0.068872, -0.130241, 0.974570, -0.182351, 0.045333, 0.189578, 0.980818),

              ["RightLowerArm"] = CFrame.new(-0.000001, -0.026321, 0.000143, 1.000000, 0.000000, 0.000000, -0.000000, 1.000000, -0.000001, -0.000000, -0.000000, 1.000000),

              ["RightLowerLeg"] = CFrame.new(-0.000000, 0.124448, -0.114459, 1.000000, 0.000000, 0.000000, -0.000000, -0.185975, 0.982553, 0.000000, -0.982555, -0.185984),

              ["RightUpperArm"] = CFrame.new(0.093147, -0.499029, -0.018194, 0.015492, -0.995737, -0.090926, 0.999870, 0.015018, 0.005896, -0.004505, -0.091005, 0.995840),

              ["RightUpperLeg"] = CFrame.new(0.111073, 0.039388, -0.012285, 0.970004, -0.021251, 0.242157, 0.194253, 0.666652, -0.719598, -0.146142, 0.745066, 0.650799),

              ["UpperTorso"] = CFrame.new(0.000000, 0.023102, 0.166102, 1.000000, 0.000000, 0.000000, -0.000000, 0.991854, -0.127376, -0.000000, 0.127376, 0.991854)

          }},

          {Time = 0.133, Data = {

              ["Head"] = CFrame.new(-0.000000, 0.000000, 0.000000, 1.000000, 0.000000, 0.000000, 0.000000, 0.987718, -0.156250, -0.000000, 0.156250, 0.987718),

              ["LeftFoot"] = CFrame.new(0.000000, 0.033605, -0.000000, 0.972306, -0.178781, -0.150536, 0.223124, 0.901753, 0.370241, 0.069552, -0.393546, 0.916657),

              ["LeftHand"] = CFrame.new(0.000533, -0.050675, 0.000000, 0.999378, 0.030033, -0.018491, -0.032068, 0.992017, -0.121962, 0.014681, 0.122478, 0.992363),

              ["LeftLowerArm"] = CFrame.new(-0.000498, -0.050813, 0.000276, 1.000000, -0.000000, -0.000000, 0.000000, 1.000000, -0.000001, 0.000000, -0.000000, 1.000000),

              ["LeftLowerLeg"] = CFrame.new(0.000000, 0.124698, -0.114081, 1.000000, -0.000000, -0.000000, 0.000000, -0.183075, 0.983097, -0.000000, -0.983099, -0.183083),

              ["LeftUpperArm"] = CFrame.new(-0.090364, -0.486123, -0.069128, 0.004484, 0.986366, 0.164505, -0.997849, 0.015172, -0.063772, -0.065399, -0.163865, 0.984313),

              ["LeftUpperLeg"] = CFrame.new(-0.104933, 0.035144, -0.033701, 0.972306, 0.027526, -0.232087, -0.203898, 0.585250, -0.784786, 0.114226, 0.810386, 0.574670),

              ["LowerTorso"] = CFrame.new(-0.000000, -1.465027, 0.829745, 1.000000, -0.000000, -0.000000, -0.000000, 0.352567, -0.935786, 0.000000, 0.935786, 0.352567),

              ["RightFoot"] = CFrame.new(-0.000000, 0.033862, -0.000100, 0.968343, 0.190950, 0.160782, -0.242275, 0.874055, 0.421137, -0.060115, -0.446728, 0.892633),

              ["RightHand"] = CFrame.new(-0.000517, -0.026621, -0.000000, 0.990469, 0.119332, -0.068788, -0.130250, 0.973880, -0.185995, 0.044795, 0.193181, 0.980140),

              ["RightLowerArm"] = CFrame.new(-0.000001, -0.026588, 0.000144, 1.000000, 0.000000, 0.000000, -0.000000, 1.000000, -0.000001, -0.000000, -0.000000, 1.000000),

              ["RightLowerLeg"] = CFrame.new(0.000000, 0.124313, -0.115187, 1.000000, 0.000000, 0.000000, -0.000000, -0.193550, 0.981089, 0.000000, -0.981090, -0.193559),

              ["RightUpperArm"] = CFrame.new(0.093070, -0.499029, -0.022490, 0.015645, -0.995391, -0.094616, 0.999869, 0.015962, -0.002587, 0.004086, -0.094563, 0.995511),

              ["RightUpperLeg"] = CFrame.new(0.111073, 0.039388, -0.012285, 0.968343, -0.012083, 0.249329, 0.217777, 0.529066, -0.820150, -0.122002, 0.848495, 0.514965),

              ["UpperTorso"] = CFrame.new(0.000000, 0.001587, 0.189535, 1.000000, 0.000000, 0.000000, -0.000000, 0.968031, -0.250833, -0.000000, 0.250833, 0.968031)

          }},

          {Time = 0.150, Data = {

              ["Head"] = CFrame.new(-0.000000, 0.000000, 0.000000, 1.000000, -0.000000, 0.000000, -0.000000, 0.984102, -0.177603, 0.000000, 0.177603, 0.984102),

              ["LeftFoot"] = CFrame.new(0.000000, 0.033623, -0.000000, 0.971323, -0.181881, -0.153146, 0.228711, 0.890781, 0.392714, 0.064990, -0.416448, 0.906820),

              ["LeftHand"] = CFrame.new(0.000533, -0.051114, 0.000000, 0.999370, 0.030232, -0.018607, -0.032328, 0.991603, -0.125210, 0.014666, 0.125732, 0.991956),

              ["LeftLowerArm"] = CFrame.new(-0.000498, -0.051252, 0.000279, 1.000000, -0.000000, -0.000000, 0.000000, 1.000000, -0.000001, 0.000000, -0.000000, 1.000000),

              ["LeftLowerLeg"] = CFrame.new(-0.000000, 0.124644, -0.114384, 1.000000, -0.000000, -0.000000, 0.000000, -0.186239, 0.982503, -0.000000, -0.982504, -0.186248),

              ["LeftUpperArm"] = CFrame.new(-0.090267, -0.485897, -0.072415, 0.004678, 0.985821, 0.167738, -0.997396, 0.016673, -0.070171, -0.071973, -0.166973, 0.983331),

              ["LeftUpperLeg"] = CFrame.new(-0.104933, 0.035144, -0.033702, 0.971323, 0.021256, -0.236813, -0.219400, 0.463969, -0.858243, 0.091631, 0.885597, 0.455344),

              ["LowerTorso"] = CFrame.new(-0.000000, -1.491401, 0.841381, 1.000000, -0.000000, -0.000000, -0.000000, 0.457642, -0.889137, 0.000000, 0.889137, 0.457642),

              ["RightFoot"] = CFrame.new(-0.000000, 0.033850, -0.000100, 0.967371, 0.193813, 0.163192, -0.247465, 0.860949, 0.444470, -0.054355, -0.470322, 0.880803),

              ["RightHand"] = CFrame.new(-0.000518, -0.026875, -0.000000, 0.990541, 0.118883, -0.068526, -0.129908, 0.973287, -0.189306, 0.044189, 0.196416, 0.979524),

              ["RightLowerArm"] = CFrame.new(-0.000000, -0.026842, 0.000146, 1.000000, 0.000000, 0.000000, -0.000000, 1.000000, -0.000001, -0.000000, -0.000000, 1.000000),

              ["RightLowerLeg"] = CFrame.new(-0.000000, 0.124355, -0.114969, 1.000000, 0.000000, 0.000000, -0.000000, -0.191283, 0.981533, 0.000000, -0.981535, -0.191292),

              ["RightUpperArm"] = CFrame.new(0.092832, -0.499000, -0.025832, 0.016122, -0.995061, -0.097947, 0.999812, 0.017099, -0.009140, 0.010770, -0.097781, 0.995150),

              ["RightUpperLeg"] = CFrame.new(0.111073, 0.039388, -0.012285, 0.967371, -0.006013, 0.253293, 0.233793, 0.406460, -0.883243, -0.097642, 0.913649, 0.394621),

              ["UpperTorso"] = CFrame.new(0.000000, -0.021524, 0.209336, 1.000000, 0.000000, 0.000000, -0.000000, 0.935154, -0.354241, -0.000000, 0.354241, 0.935154)

          }},

          {Time = 0.167, Data = {

              ["Head"] = CFrame.new(-0.000000, 0.000000, 0.000000, 1.000000, -0.000000, -0.000000, 0.000000, 0.980908, -0.194472, 0.000000, 0.194472, 0.980908),

              ["LeftFoot"] = CFrame.new(-0.000000, 0.033602, -0.000000, 0.970990, -0.182917, -0.154019, 0.231047, 0.883647, 0.407197, 0.061613, -0.430940, 0.900261),

              ["LeftHand"] = CFrame.new(0.000534, -0.051492, 0.000000, 0.999341, 0.030912, -0.019005, -0.033094, 0.991232, -0.127923, 0.014884, 0.128467, 0.991602),

              ["LeftLowerArm"] = CFrame.new(-0.000498, -0.051630, 0.000281, 1.000000, -0.000000, -0.000000, 0.000000, 1.000000, -0.000001, 0.000000, -0.000000, 1.000000),

              ["LeftLowerLeg"] = CFrame.new(-0.000000, 0.124707, -0.114029, 1.000000, -0.000000, -0.000000, 0.000000, -0.182535, 0.983198, -0.000000, -0.983199, -0.182544),

              ["LeftUpperArm"] = CFrame.new(-0.089936, -0.485743, -0.074451, 0.005341, 0.985352, 0.170449, -0.997090, 0.018210, -0.074026, -0.076046, -0.169557, 0.982582),

              ["LeftUpperLeg"] = CFrame.new(-0.104933, 0.035144, -0.033702, 0.970990, 0.018401, -0.238412, -0.227819, 0.374086, -0.898969, 0.072644, 0.927212, 0.367443),

              ["LowerTorso"] = CFrame.new(-0.000000, -1.504699, 0.852498, 1.000000, -0.000000, -0.000000, -0.000000, 0.533125, -0.846037, 0.000000, 0.846037, 0.533125),

              ["RightFoot"] = CFrame.new(0.000000, 0.033811, -0.000100, 0.967134, 0.194505, 0.163774, -0.249224, 0.852798, 0.458967, -0.050394, -0.484669, 0.873228),

              ["RightHand"] = CFrame.new(-0.000518, -0.027101, -0.000000, 0.990680, 0.118013, -0.068018, -0.129078, 0.972850, -0.192098, 0.043500, 0.199086, 0.979016),

              ["RightLowerArm"] = CFrame.new(-0.000001, -0.027068, 0.000147, 1.000000, 0.000000, 0.000000, -0.000000, 1.000000, -0.000001, -0.000000, -0.000000, 1.000000),

              ["RightLowerLeg"] = CFrame.new(-0.000000, 0.124481, -0.114278, 1.000000, 0.000000, 0.000000, -0.000000, -0.184088, 0.982908, 0.000000, -0.982910, -0.184098),

              ["RightUpperArm"] = CFrame.new(0.092370, -0.498966, -0.027873, 0.017046, -0.994769, -0.100723, 0.999744, 0.018453, -0.013061, 0.014852, -0.100474, 0.994829),

              ["RightUpperLeg"] = CFrame.new(0.111073, 0.039388, -0.012285, 0.967134, -0.003651, 0.254242, 0.242250, 0.316996, -0.916961, -0.077246, 0.948420, 0.307480),

              ["UpperTorso"] = CFrame.new(0.000000, -0.042291, 0.225552, 1.000000, 0.000000, 0.000000, -0.000000, 0.902441, -0.430813, -0.000000, 0.430813, 0.902441)

          }},

          {Time = 0.183, Data = {

              ["Head"] = CFrame.new(0.000000, 0.000000, 0.000000, 1.000000, 0.000000, -0.000000, -0.000000, 0.978599, -0.205777, 0.000000, 0.205777, 0.978599),

              ["LeftFoot"] = CFrame.new(-0.000000, 0.033570, -0.000000, 0.971246, -0.182121, -0.153348, 0.230220, 0.882565, 0.410002, 0.060668, -0.433487, 0.899101),

              ["LeftHand"] = CFrame.new(0.000534, -0.051793, -0.000000, 0.999287, 0.032191, -0.019752, -0.034491, 0.990913, -0.130006, 0.015388, 0.130593, 0.991316),

              ["LeftLowerArm"] = CFrame.new(-0.000498, -0.051931, 0.000282, 1.000000, -0.000000, -0.000000, 0.000000, 1.000000, -0.000001, 0.000000, -0.000000, 1.000000),

              ["LeftLowerLeg"] = CFrame.new(0.000000, 0.124808, -0.113452, 1.000000, -0.000000, -0.000000, 0.000000, -0.176521, 0.984295, -0.000000, -0.984297, -0.176530),

              ["LeftUpperArm"] = CFrame.new(-0.089312, -0.485701, -0.074954, 0.006588, 0.984979, 0.172548, -0.997005, 0.019766, -0.074764, -0.077052, -0.171538, 0.982160),

              ["LeftUpperLeg"] = CFrame.new(-0.104933, 0.035144, -0.033702, 0.971246, 0.019074, -0.237314, -0.230307, 0.327893, -0.916206, 0.060337, 0.944522, 0.322875),

              ["LowerTorso"] = CFrame.new(-0.000000, -1.504141, 0.859283, 1.000000, -0.000000, -0.000000, -0.000000, 0.576743, -0.816926, 0.000000, 0.816926, 0.576743),

              ["RightFoot"] = CFrame.new(0.000000, 0.033771, -0.000100, 0.967529, 0.193352, 0.162804, -0.247878, 0.851808, 0.461526, -0.049440, -0.486866, 0.872060),

              ["RightHand"] = CFrame.new(-0.000518, -0.027290, -0.000000, 0.990901, 0.116615, -0.067201, -0.127638, 0.972607, -0.194281, 0.042703, 0.201089, 0.978641),

              ["RightLowerArm"] = CFrame.new(-0.000001, -0.027256, 0.000148, 1.000000, 0.000000, 0.000000, -0.000000, 1.000000, -0.000001, -0.000000, -0.000000, 1.000000),

              ["RightLowerLeg"] = CFrame.new(0.000000, 0.124605, -0.113571, 1.000000, 0.000000, 0.000000, -0.000000, -0.176728, 0.984258, 0.000000, -0.984260, -0.176737),

              ["RightUpperArm"] = CFrame.new(0.091628, -0.498946, -0.028319, 0.018529, -0.994525, -0.102844, 0.999704, 0.020048, -0.013757, 0.015743, -0.102558, 0.994602),

              ["RightUpperLeg"] = CFrame.new(0.111073, 0.039388, -0.012285, 0.967529, -0.004851, 0.252715, 0.244509, 0.271353, -0.930900, -0.064058, 0.962468, 0.263746),

              ["UpperTorso"] = CFrame.new(0.000000, -0.056907, 0.239085, 1.000000, 0.000000, 0.000000, -0.000000, 0.878716, -0.477346, -0.000000, 0.477346, 0.878716)

          }},

          {Time = 0.200, Data = {

              ["Head"] = CFrame.new(0.000000, 0.000000, 0.000000, 1.000000, 0.000000, 0.000000, 0.000000, 0.977331, -0.211715, -0.000000, 0.211715, 0.977331),

              ["LeftFoot"] = CFrame.new(0.000000, 0.033535, -0.000000, 0.971930, -0.179972, -0.151538, 0.226928, 0.887116, 0.401937, 0.062093, -0.425013, 0.903041),

              ["LeftHand"] = CFrame.new(0.000535, -0.052055, -0.000000, 0.999199, 0.034128, -0.020884, -0.036587, 0.990611, -0.131724, 0.016192, 0.132382, 0.991066),

              ["LeftLowerArm"] = CFrame.new(-0.000499, -0.052192, 0.000284, 1.000000, -0.000000, -0.000000, 0.000000, 1.000000, -0.000001, 0.000000, -0.000000, 1.000000),

              ["LeftLowerLeg"] = CFrame.new(-0.000000, 0.124910, -0.112843, 1.000000, -0.000000, -0.000000, 0.000000, -0.170181, 0.985411, -0.000000, -0.985413, -0.170191),

              ["LeftUpperArm"] = CFrame.new(-0.088368, -0.485779, -0.073839, 0.008476, 0.984656, 0.174304, -0.997161, 0.021365, -0.072205, -0.074821, -0.173196, 0.982041),

              ["LeftUpperLeg"] = CFrame.new(-0.104933, 0.035144, -0.033702, 0.971930, 0.022566, -0.234185, -0.228786, 0.322727, -0.918419, 0.054853, 0.946223, 0.318849),

              ["LowerTorso"] = CFrame.new(-0.000000, -1.491935, 0.860947, 1.000000, -0.000000, -0.000000, -0.000000, 0.593701, -0.804686, 0.000000, 0.804686, 0.593701),

              ["RightFoot"] = CFrame.new(0.000000, 0.033739, -0.000101, 0.968366, 0.190883, 0.160725, -0.244207, 0.857317, 0.453207, -0.051282, -0.478091, 0.876796),

              ["RightHand"] = CFrame.new(-0.000518, -0.027463, -0.000000, 0.991213, 0.114617, -0.066034, -0.125521, 0.972511, -0.196132, 0.041738, 0.202696, 0.978351),

              ["RightLowerArm"] = CFrame.new(-0.000001, -0.027430, 0.000149, 1.000000, 0.000000, 0.000000, -0.000000, 1.000000, -0.000001, -0.000000, -0.000000, 1.000000),

              ["RightLowerLeg"] = CFrame.new(-0.000000, 0.124699, -0.113009, 1.000000, 0.000000, 0.000000, -0.000000, -0.170871, 0.985292, 0.000000, -0.985293, -0.170880),

              ["RightUpperArm"] = CFrame.new(0.090568, -0.498944, -0.027082, 0.020649, -0.994301, -0.104591, 0.999699, 0.021922, -0.011040, 0.013270, -0.104331, 0.994454),

              ["RightUpperLeg"] = CFrame.new(0.111073, 0.039388, -0.012285, 0.968366, -0.008796, 0.249378, 0.242656, 0.266201, -0.932869, -0.058178, 0.963877, 0.259933),

              ["UpperTorso"] = CFrame.new(0.000000, -0.063974, 0.250331, 1.000000, 0.000000, 0.000000, -0.000000, 0.866826, -0.498612, -0.000000, 0.498612, 0.866826)

          }},

          {Time = 0.217, Data = {

              ["Head"] = CFrame.new(0.000000, -0.000000, 0.000000, 1.000000, 0.000000, -0.000000, -0.000000, 0.977100, -0.212783, -0.000000, 0.212783, 0.977100),

              ["LeftFoot"] = CFrame.new(-0.000000, 0.033496, -0.000000, 0.972923, -0.176806, -0.148873, 0.221738, 0.895759, 0.385319, 0.065225, -0.407868, 0.910695),

              ["LeftHand"] = CFrame.new(0.000535, -0.052331, -0.000000, 0.999074, 0.036738, -0.022409, -0.039407, 0.990274, -0.133433, 0.017289, 0.134192, 0.990804),

              ["LeftLowerArm"] = CFrame.new(-0.000499, -0.052467, 0.000285, 1.000000, -0.000000, -0.000000, 0.000000, 1.000000, -0.000001, 0.000000, -0.000000, 1.000000),

              ["LeftLowerLeg"] = CFrame.new(-0.000000, 0.125020, -0.112155, 1.000000, -0.000000, -0.000000, 0.000000, -0.163021, 0.986621, -0.000000, -0.986623, -0.163030),

              ["LeftUpperArm"] = CFrame.new(-0.087096, -0.485967, -0.071059, 0.011021, 0.984316, 0.176073, -0.997538, 0.023019, -0.066248, -0.069262, -0.174909, 0.982145),

              ["LeftUpperLeg"] = CFrame.new(-0.104933, 0.035144, -0.033702, 0.972922, 0.028203, -0.229405, -0.224473, 0.351816, -0.908749, 0.055078, 0.935644, 0.348638),

              ["LowerTorso"] = CFrame.new(-0.000000, -1.470381, 0.858453, 1.000000, -0.000000, -0.000000, -0.000000, 0.589427, -0.807822, 0.000000, 0.807822, 0.589427),

              ["RightFoot"] = CFrame.new(0.000000, 0.033711, -0.000100, 0.969516, 0.187437, 0.157824, -0.238742, 0.867581, 0.436269, -0.055151, -0.460619, 0.885867),

              ["RightHand"] = CFrame.new(-0.000518, -0.027668, -0.000000, 0.991615, 0.111982, -0.064494, -0.122701, 0.972488, -0.198019, 0.040545, 0.204270, 0.978074),

              ["RightLowerArm"] = CFrame.new(-0.000001, -0.027635, 0.000150, 1.000000, 0.000000, 0.000000, -0.000000, 1.000000, -0.000001, -0.000000, -0.000000, 1.000000),

              ["RightLowerLeg"] = CFrame.new(-0.000000, 0.124780, -0.112510, 1.000000, 0.000000, 0.000000, -0.000000, -0.165670, 0.986180, 0.000000, -0.986181, -0.165679),

              ["RightUpperArm"] = CFrame.new(0.089171, -0.498943, -0.024123, 0.023444, -0.994054, -0.106336, 0.999698, 0.024093, -0.004818, 0.007352, -0.106190, 0.994319),

              ["RightUpperLeg"] = CFrame.new(0.111073, 0.039388, -0.012286, 0.969516, -0.014833, 0.244580, 0.237970, 0.294865, -0.925427, -0.058390, 0.955424, 0.289424),

              ["UpperTorso"] = CFrame.new(0.000000, -0.063331, 0.258773, 1.000000, 0.000000, 0.000000, -0.000000, 0.865872, -0.500265, -0.000000, 0.500265, 0.865872)

          }},

          {Time = 0.233, Data = {

              ["Head"] = CFrame.new(0.000000, 0.000000, 0.000000, 1.000000, -0.000000, 0.000000, -0.000000, 0.977818, -0.209455, 0.000000, 0.209455, 0.977818),

              ["LeftFoot"] = CFrame.new(0.000000, 0.033443, -0.000001, 0.974149, -0.172811, -0.145509, 0.215043, 0.906696, 0.362876, 0.069221, -0.384757, 0.920407),

              ["LeftHand"] = CFrame.new(0.000535, -0.052675, -0.000000, 0.998904, 0.040000, -0.024315, -0.042935, 0.989849, -0.135481, 0.018649, 0.136375, 0.990482),

              ["LeftLowerArm"] = CFrame.new(-0.000498, -0.052811, 0.000287, 1.000000, -0.000000, -0.000000, 0.000000, 1.000000, -0.000001, 0.000000, -0.000000, 1.000000),

              ["LeftLowerLeg"] = CFrame.new(0.000000, 0.125161, -0.111214, 1.000000, -0.000000, -0.000000, 0.000000, -0.153221, 0.988190, -0.000000, -0.988192, -0.153231),

              ["LeftUpperArm"] = CFrame.new(-0.085506, -0.486239, -0.066556, 0.014201, 0.983891, 0.178206, -0.998082, 0.024688, -0.056770, -0.060256, -0.177058, 0.982354),

              ["LeftUpperLeg"] = CFrame.new(-0.104933, 0.035144, -0.033702, 0.974148, 0.035453, -0.223110, -0.217916, 0.407860, -0.886651, 0.059563, 0.912356, 0.405059),

              ["LowerTorso"] = CFrame.new(-0.000000, -1.441261, 0.853503, 1.000000, -0.000000, -0.000000, -0.000000, 0.568064, -0.822984, 0.000000, 0.822984, 0.568064),

              ["RightFoot"] = CFrame.new(-0.000000, 0.033674, -0.000100, 0.970905, 0.183183, 0.154242, -0.231794, 0.880649, 0.413224, -0.060135, -0.436924, 0.897472),

              ["RightHand"] = CFrame.new(-0.000519, -0.027914, 0.000000, 0.992102, 0.108708, -0.062582, -0.119190, 0.972458, -0.200299, 0.039083, 0.206175, 0.977734),

              ["RightLowerArm"] = CFrame.new(-0.000001, -0.027880, 0.000152, 1.000000, 0.000000, 0.000000, -0.000000, 1.000000, -0.000001, -0.000000, -0.000000, 1.000000),

              ["RightLowerLeg"] = CFrame.new(0.000000, 0.124879, -0.111871, 1.000000, 0.000000, 0.000000, -0.000000, -0.159019, 0.987274, 0.000000, -0.987276, -0.159029),

              ["RightUpperArm"] = CFrame.new(0.087436, -0.498912, -0.019389, 0.026915, -0.993738, -0.108451, 0.999636, 0.026526, 0.005023, -0.002114, -0.108546, 0.994089),

              ["RightUpperLeg"] = CFrame.new(0.111073, 0.039389, -0.012285, 0.970905, -0.022508, 0.238407, 0.230994, 0.350521, -0.907615, -0.063138, 0.936285, 0.345539),

              ["UpperTorso"] = CFrame.new(0.000000, -0.055572, 0.263156, 1.000000, 0.000000, 0.000000, -0.000000, 0.873342, -0.487109, -0.000000, 0.487109, 0.873342)

          }},

          {Time = 0.250, Data = {

              ["Head"] = CFrame.new(0.000000, -0.000000, -0.000000, 1.000000, 0.000000, -0.000000, 0.000000, 0.979346, -0.202191, 0.000000, 0.202191, 0.979346),

              ["LeftFoot"] = CFrame.new(0.000000, 0.033363, -0.000001, 0.975552, -0.168113, -0.141553, 0.207220, 0.918172, 0.337698, 0.073196, -0.358746, 0.930550),

              ["LeftHand"] = CFrame.new(0.000535, -0.053146, -0.000000, 0.998685, 0.043850, -0.026564, -0.047113, 0.989282, -0.138209, 0.020219, 0.139277, 0.990047),

              ["LeftLowerArm"] = CFrame.new(-0.000498, -0.053281, 0.000289, 1.000000, -0.000000, -0.000000, 0.000000, 1.000000, -0.000001, 0.000000, -0.000000, 1.000000),

              ["LeftLowerLeg"] = CFrame.new(0.000000, 0.125356, -0.109801, 1.000000, -0.000000, -0.000000, 0.000000, -0.138507, 0.990360, -0.000000, -0.990362, -0.138518),

