return {
["gif twerk"] = {
        {Time = 0.000, Data = {
            ["Head"] = CFrame.new(-3.3604212384966749e-25, 0, 0, 1, 0, 0, 0, 0.82318240404129028, -0.56777703762054443, 0, 0.56777703762054443, 0.82318240404129028),
            ["LeftFoot"] = CFrame.new(5.3617441153619438e-08, 0.016453444957733154, -2.4723613023525104e-06, 0.99987685680389404, 0.011994331143796444, 0.010121136903762817, -0.012174121104180813, 0.99976581335067749, 0.017893200740218163, -0.0099041499197483063, -0.018014213070273399, 0.99978870153427124),
            ["LeftHand"] = CFrame.new(0.00049270689487457275, 0.011203169822692871, 2.0861625671386719e-07, 0.84339559078216553, -0.46427041292190552, 0.27043828368186951, 0.31408208608627319, 0.83439260721206665, 0.45292544364929199, -0.43593159317970276, -0.29705548286437988, 0.84954202175140381),
            ["LeftLowerArm"] = CFrame.new(-0.00050020217895507812, 0.067406773567199707, 0.017844825983047485, 1, 0, 0, 0, 0.8181159496307373, -0.57505327463150024, 0, 0.57505327463150024, 0.8181159496307373),
            ["LeftLowerLeg"] = CFrame.new(1.885928213596344e-08, 0.078988909721374512, -0.022467194125056267, 1, -0, 0, 0, 0.76976639032363892, 0.63832569122314453, -0, -0.63832569122314453, 0.76976639032363892),
            ["LeftUpperArm"] = CFrame.new(-0.51203632354736328, -0.33709573745727539, 0.23363023996353149, -0.53574180603027344, -0.10418698191642761, -0.83792942762374878, -0.47320374846458435, 0.8589293360710144, 0.1957513689994812, 0.69932740926742554, 0.50138354301452637, -0.50946605205535889),
            ["LeftUpperLeg"] = CFrame.new(0.076715558767318726, -0.00014003331307321787, 0.2422814667224884, 0.93590718507766724, 0.21811008453369141, 0.27659669518470764, 0.063827075064182281, 0.66722983121871948, -0.74211215972900391, -0.34641572833061218, 0.71220242977142334, 0.61054384708404541),
            ["LowerTorso"] = CFrame.new(-0.001317978254519403, -0.32137274742126465, 0.24266329407691956, 0.99995076656341553, 0.0032905598636716604, -0.0093640778213739395, -0.0018745383713394403, 0.98907667398452759, 0.14738987386226654, 0.0097467862069606781, -0.14736504852771759, 0.98903417587280273),
            ["RightFoot"] = CFrame.new(-2.8961949283257127e-08, 0.017041385173797607, -0.00010245876910630614, 0.99919021129608154, -0.030781129375100136, -0.025911735370755196, 0.031524118036031723, 0.9990888237953186, 0.028771055862307549, 0.02500251866877079, -0.029564602300524712, 0.99925011396408081),
            ["RightHand"] = CFrame.new(-0.00049281120300292969, 0.011032581329345703, -2.0861625671386719e-07, 0.85287708044052124, 0.45117276906967163, -0.26276195049285889, -0.2752489447593689, 0.8161853551864624, 0.5080152153968811, 0.44366508722305298, -0.36094960570335388, 0.82029062509536743),
            ["RightLowerArm"] = CFrame.new(5.9604644775390625e-08, 0.067179620265960693, 0.017662018537521362, 1, 0, 0, 0, 0.81998538970947266, -0.57238447666168213, 0, 0.57238447666168213, 0.81998538970947266),
            ["RightLowerLeg"] = CFrame.new(9.6857547760009766e-08, 0.079956769943237305, -0.023251378908753395, 1, -0, 0, 0, 0.76268362998962402, 0.64677178859710693, -0, -0.64677178859710693, 0.76268362998962402),
            ["RightUpperArm"] = CFrame.new(0.51672995090484619, -0.3381497859954834, 0.25583693385124207, -0.49398064613342285, 0.11763407289981842, 0.86147868633270264, 0.50878268480300903, 0.84256815910339355, 0.17668932676315308, -0.70506978034973145, 0.52558648586273193, -0.47606253623962402),
            ["RightUpperLeg"] = CFrame.new(-0.076732367277145386, -0.0074187582358717918, 0.23517115414142609, 0.9152107834815979, -0.25470739603042603, -0.31227132678031921, -0.073685616254806519, 0.65607273578643799, -0.75109201669692993, 0.3961813747882843, 0.71041744947433472, 0.58167654275894165),
            ["UpperTorso"] = CFrame.new(-5.2041704279304213e-17, -2.9802322387695312e-08, 4.4703483581542969e-08, 0.999950110912323, -0.0086577152833342552, 0.0049868919886648655, 0.0033230744302272797, 0.75890177488327026, 0.65119665861129761, -0.0094224363565444946, -0.65114754438400269, 0.75889265537261963)
        }},
        {Time = 0.020, Data = {
            ["Head"] = CFrame.new(-3.3604212384966749e-25, 0, 0, 1, 0, 0, 0, 0.82318240404129028, -0.56777703762054443, 0, 0.56777703762054443, 0.82318240404129028),
            ["LeftFoot"] = CFrame.new(-4.3196905608056113e-08, 0.015615403652191162, -2.5331173674203455e-06, 0.99977338314056396, 0.016258746385574341, 0.013739690184593201, -0.016709771007299423, 0.99930322170257568, 0.033375333994626999, -0.013187475502490997, -0.033597361296415329, 0.99934846162796021),
            ["LeftHand"] = CFrame.new(0.00049252808094024658, 0.011310219764709473, -1.2293457984924316e-07, 0.8436586856842041, -0.46392446756362915, 0.27021116018295288, 0.31242835521697998, 0.83353984355926514, 0.45563125610351562, -0.43661022186279297, -0.29997563362121582, 0.84816634654998779),
            ["LeftLowerArm"] = CFrame.new(-0.00050008296966552734, 0.06789928674697876, 0.018123477697372437, 1, 0, 0, 0, 0.81524121761322021, -0.57912158966064453, 0, 0.57912158966064453, 0.81524121761322021),
            ["LeftLowerLeg"] = CFrame.new(-3.7252902984619141e-09, 0.076444506645202637, -0.021025940775871277, 1, -0, 0, 0, 0.78468769788742065, 0.61989128589630127, -0, -0.61989128589630127, 0.78468769788742065),
            ["LeftUpperArm"] = CFrame.new(-0.51199734210968018, -0.33693087100982666, 0.23377147316932678, -0.53565418720245361, -0.10252171754837036, -0.83819091320037842, -0.47284114360809326, 0.8588138222694397, 0.19712962210178375, 0.69963991641998291, 0.50192445516586304, -0.50850367546081543),
            ["LeftUpperLeg"] = CFrame.new(0.07254984974861145, -0.0006116633303463459, 0.24301910400390625, 0.93711400032043457, 0.21057336032390594, 0.27834552526473999, 0.078677818179130554, 0.64952152967453003, -0.75626158714294434, -0.34003996849060059, 0.73060297966003418, 0.59210824966430664),
            ["LowerTorso"] = CFrame.new(-0.0014391486765816808, -0.32139801979064941, 0.25548511743545532, 0.99995028972625732, 0.0036141355521976948, -0.009293852373957634, -0.0018879455747082829, 0.98376846313476562, 0.17943266034126282, 0.0097914934158325195, -0.17940619587898254, 0.9837263822555542),
            ["RightFoot"] = CFrame.new(5.7394572650082409e-08, 0.016240596771240234, -0.00010252623178530484, 0.99894827604293823, -0.035086508840322495, -0.029517360031604767, 0.036351997405290604, 0.99839234352111816, 0.043488338589668274, 0.02794405072927475, -0.044515617191791534, 0.99861776828765869),
            ["RightHand"] = CFrame.new(-0.00049264729022979736, 0.011141419410705566, 7.4505805969238281e-08, 0.85311520099639893, 0.45082858204841614, -0.26257967948913574, -0.27356782555580139, 0.81510365009307861, 0.51065325736999512, 0.44424670934677124, -0.36381274461746216, 0.81870949268341064),
            ["RightLowerArm"] = CFrame.new(0, 0.067682266235351562, 0.017944127321243286, 1, 0, 0, 0, 0.81707316637039185, -0.57653409242630005, 0, 0.57653409242630005, 0.81707316637039185),
            ["RightLowerLeg"] = CFrame.new(-2.7939677238464355e-08, 0.077538073062896729, -0.021850589662790298, 1, -0, 0, 0, 0.77720308303833008, 0.62924987077713013, -0, -0.62924987077713013, 0.77720308303833008),
            ["RightUpperArm"] = CFrame.new(0.51668047904968262, -0.33799982070922852, 0.25597983598709106, -0.49388337135314941, 0.11602509021759033, 0.86175292730331421, 0.50852018594741821, 0.84244775772094727, 0.17801442742347717, -0.70532768964767456, 0.52613699436187744, -0.47507214546203613),
            ["RightUpperLeg"] = CFrame.new(-0.073080897331237793, -0.0079439403489232063, 0.23547083139419556, 0.91655796766281128, -0.24715864658355713, -0.31437897682189941, -0.090176530182361603, 0.63815367221832275, -0.76460987329483032, 0.38960200548171997, 0.72915893793106079, 0.56261694431304932),
            ["UpperTorso"] = CFrame.new(-1.1641537733808605e-10, 5.9604644775390625e-08, 0, 0.9999508261680603, -0.0085996929556131363, 0.0049353642389178276, 0.00361442263238132, 0.77965301275253296, 0.626201331615448, -0.009233010932803154, -0.62615269422531128, 0.77964580059051514)
        }},
        {Time = 0.040, Data = {
            ["Head"] = CFrame.new(-3.3604212384966749e-25, 0, -1.1920928955078125e-07, 1, 0, 0, 0, 0.82318240404129028, -0.56777703762054443, 0, 0.56777703762054443, 0.82318240404129028),
            ["LeftFoot"] = CFrame.new(4.5751221477985382e-08, 0.013642311096191406, -2.4776454665698111e-06, 0.99936121702194214, 0.027340831235051155, 0.023012857884168625, -0.029061274603009224, 0.99652308225631714, 0.078084297478199005, -0.020797953009605408, -0.078703202307224274, 0.9966810941696167),
            ["LeftHand"] = CFrame.new(0.00049249827861785889, 0.011597752571105957, -7.8231096267700195e-08, 0.84430015087127686, -0.46306058764457703, 0.26968884468078613, 0.30798682570457458, 0.83116710186004639, 0.46293124556541443, -0.43852168321609497, -0.30779233574867249, 0.84437108039855957),
            ["LeftLowerArm"] = CFrame.new(-0.00050002336502075195, 0.069217979907989502, 0.018881946802139282, 1, 0, 0, 0, 0.80744707584381104, -0.58994007110595703, 0, 0.58994007110595703, 0.80744707584381104),
            ["LeftLowerLeg"] = CFrame.new(1.862645149230957e-08, 0.068823575973510742, -0.016774851828813553, 1, -0, 0, 0, 0.82832908630371094, 0.56024187803268433, -0, -0.56024187803268433, 0.82832908630371094),
            ["LeftUpperArm"] = CFrame.new(-0.51189076900482178, -0.33647942543029785, 0.23415735363960266, -0.53544270992279053, -0.098193258047103882, -0.83884406089782715, -0.47200885415077209, 0.85842049121856689, 0.20080317556858063, 0.7003633975982666, 0.50346040725708008, -0.50598311424255371),
            ["LeftUpperLeg"] = CFrame.new(0.060907810926437378, -0.0018901911098510027, 0.24502189457416534, 0.94005310535430908, 0.18885627388954163, 0.28396040201187134, 0.11678099632263184, 0.60404860973358154, -0.78834480047225952, -0.32040971517562866, 0.77424710988998413, 0.54578292369842529),
            ["LowerTorso"] = CFrame.new(-0.0017600175924599171, -0.31938040256500244, 0.28986653685569763, 0.99995064735412598, 0.0044248607009649277, -0.0088966526091098785, -0.0019053778378292918, 0.96414428949356079, 0.26537179946899414, 0.0097518898546695709, -0.26534175872802734, 0.96410512924194336),
            ["RightFoot"] = CFrame.new(-6.317168299574405e-08, 0.01414799690246582, -0.00010251439380226657, 0.998177170753479, -0.046166799962520599, -0.038870401680469513, 0.049345403909683228, 0.99513822793960571, 0.085234791040420532, 0.034746408462524414, -0.086997494101524353, 0.99560236930847168),
            ["RightHand"] = CFrame.new(-0.00049242377281188965, 0.011434674263000488, 1.7881393432617188e-07, 0.85369008779525757, 0.45003360509872437, -0.26207444071769714, -0.26915079355239868, 0.81208223104476929, 0.51776474714279175, 0.44583752751350403, -0.37147307395935059, 0.81439340114593506),
            ["RightLowerArm"] = CFrame.new(2.384185791015625e-07, 0.06902623176574707, 0.018712759017944336, 1, 0, 0, 0, 0.80921077728271484, -0.58751845359802246, 0, 0.58751845359802246, 0.80921077728271484),
            ["RightLowerLeg"] = CFrame.new(1.0430812835693359e-07, 0.070227503776550293, -0.017787395045161247, 1, -0, 0, 0, 0.81899994611740112, 0.57379359006881714, -0, -0.57379359006881714, 0.81899994611740112),
            ["RightUpperArm"] = CFrame.new(0.51654458045959473, -0.33758842945098877, 0.25637075304985046, -0.49363124370574951, 0.11142419278621674, 0.8625037670135498, 0.5076867938041687, 0.84214907884597778, 0.18176646530628204, -0.70610356330871582, 0.52760744094848633, -0.47227966785430908),
            ["RightUpperLeg"] = CFrame.new(-0.062749534845352173, -0.0093282992020249367, 0.23625867068767548, 0.91992080211639404, -0.22520005702972412, -0.32098394632339478, -0.1327064037322998, 0.5914919376373291, -0.7953152060508728, 0.36896443367004395, 0.77422362565994263, 0.51424026489257812),
            ["UpperTorso"] = CFrame.new(-1.1641537733808605e-10, 2.0861625671386719e-07, -4.4703483581542969e-08, 0.99995046854019165, -0.0086290948092937469, 0.0049617262557148933, 0.0044235037639737129, 0.83177816867828369, 0.55509060621261597, -0.0089169852435588837, -0.55504113435745239, 0.83177512884140015)
        }},
        {Time = 0.060, Data = {
            ["Head"] = CFrame.new(-3.3604212384966749e-25, 0, -1.1920928955078125e-07, 1, 0, 0, 0, 0.82318240404129028, -0.56777703762054443, 0, 0.56777703762054443, 0.82318240404129028),
            ["LeftFoot"] = CFrame.new(1.01190380519256e-07, 0.0110626220703125, -2.4290784494951367e-06, 0.99847418069839478, 0.042262393981218338, 0.035541009157896042, -0.047212515026330948, 0.9871746301651001, 0.15250314772129059, -0.028640035539865494, -0.15394844114780426, 0.98766374588012695),
            ["LeftHand"] = CFrame.new(0.00049205124378204346, 0.012022018432617188, -1.0430812835693359e-07, 0.84526371955871582, -0.46173986792564392, 0.26893395185470581, 0.30145087838172913, 0.82761156558990479, 0.4734833836555481, -0.44119900465011597, -0.31914800405502319, 0.83874189853668213),
            ["LeftLowerArm"] = CFrame.new(-0.00049996376037597656, 0.071111977100372314, 0.020003020763397217, 1, 0, 0, 0, 0.79592305421829224, -0.60539776086807251, 0, 0.60539776086807251, 0.79592305421829224),
            ["LeftLowerLeg"] = CFrame.new(5.9604644775390625e-08, 0.05478280782699585, -0.010002240538597107, 1, -0, 0, 0, 0.89734828472137451, 0.44132319092750549, -0, -0.44132319092750549, 0.89734828472137451),
            ["LeftUpperArm"] = CFrame.new(-0.51173102855682373, -0.33580505847930908, 0.23473283648490906, -0.53513181209564209, -0.091912120580673218, -0.83975398540496826, -0.47065725922584534, 0.85792523622512817, 0.20602439343929291, 0.70151007175445557, 0.50548636913299561, -0.50236225128173828),
            ["LeftUpperLeg"] = CFrame.new(0.043071866035461426, -0.0037753437645733356, 0.24797286093235016, 0.94367563724517822, 0.15259942412376404, 0.29358077049255371, 0.1666121780872345, 0.54742896556854248, -0.82009869813919067, -0.28586119413375854, 0.82282131910324097, 0.49117046594619751),
            ["LowerTorso"] = CFrame.new(-0.0022072466090321541, -0.310965895652771, 0.33895465731620789, 0.999950110912323, 0.005551203154027462, -0.0083017963916063309, -0.0018947425996884704, 0.92163515090942383, 0.38805285096168518, 0.0098053887486457825, -0.38801774382591248, 0.92159974575042725),
            ["RightFoot"] = CFrame.new(-4.8721631173975766e-08, 0.011721611022949219, -0.0001024136581690982, 0.99681466817855835, -0.061013590544462204, -0.05135982483625412, 0.068309791386127472, 0.98555189371109009, 0.15498769283294678, 0.041161417961120605, -0.15800237655639648, 0.98658043146133423),
            ["RightHand"] = CFrame.new(-0.00049214065074920654, 0.011857032775878906, 2.4959444999694824e-07, 0.8546220064163208, 0.44869086146354675, -0.26133841276168823, -0.26255640387535095, 0.80763047933578491, 0.52801245450973511, 0.44797921180725098, -0.3826349675655365, 0.80802547931671143),
            ["RightLowerArm"] = CFrame.new(5.9604644775390625e-08, 0.070953309535980225, 0.019852399826049805, 1, 0, 0, 0, 0.79746431112289429, -0.60336613655090332, 0, 0.60336613655090332, 0.79746431112289429),
            ["RightLowerLeg"] = CFrame.new(-1.2665987014770508e-07, 0.057130277156829834, -0.011178372427821159, 1, -0, 0, 0, 0.88639277219772339, 0.46293395757675171, -0, -0.46293395757675171, 0.88639277219772339),
            ["RightUpperArm"] = CFrame.new(0.51634120941162109, -0.33697342872619629, 0.25695395469665527, -0.49319422245025635, 0.10490052402019501, 0.86357128620147705, 0.5064501166343689, 0.84175026416778564, 0.18698889017105103, -0.70729613304138184, 0.52957761287689209, -0.46827316284179688),
            ["RightUpperLeg"] = CFrame.new(-0.046673208475112915, -0.011288190260529518, 0.2373669296503067, 0.92415064573287964, -0.18804448843002319, -0.33254298567771912, -0.18878105282783508, 0.53197455406188965, -0.82544827461242676, 0.33212539553642273, 0.82561635971069336, 0.45612537860870361),
            ["UpperTorso"] = CFrame.new(-5.2041704279304213e-17, 8.9406967163085938e-08, 5.9604644775390625e-08, 0.99995046854019165, -0.0086109237745404243, 0.0049931951798498631, 0.005511588416993618, 0.89669525623321533, 0.44261416792869568, -0.0082886908203363419, -0.4425646960735321, 0.8966982364654541)
        }},
        {Time = 0.080, Data = {
            ["Head"] = CFrame.new(-3.6447645740617782e-24, 0, -1.1920928955078125e-07, 1, 0, 0, 0, 0.82318240404129028, -0.56777703762054443, 0, 0.56777703762054443, 0.82318240404129028),
            ["LeftFoot"] = CFrame.new(4.2618921725079417e-08, 0.0065037012100219727, -2.5230838218703866e-06, 0.99712425470352173, 0.057972453534603119, 0.048810545355081558, -0.068741820752620697, 0.96302223205566406, 0.26050469279289246, -0.031903546303510666, -0.26311084628105164, 0.96423792839050293),
            ["LeftHand"] = CFrame.new(0.00049167871475219727, 0.012734591960906982, -3.3527612686157227e-08, 0.84645700454711914, -0.4600980281829834, 0.26799315214157104, 0.29379785060882568, 0.82334434986114502, 0.48557895421981812, -0.44406455755233765, -0.33228588104248047, 0.83210140466690063),
            ["LeftLowerArm"] = CFrame.new(-0.00050008296966552734, 0.073435425758361816, 0.021296709775924683, 1, 0, 0, 0, 0.78258669376373291, -0.62254166603088379, 0, 0.62254166603088379, 0.78258669376373291),
            ["LeftLowerLeg"] = CFrame.new(-1.1175870895385742e-07, 0.02976691722869873, -0.0025590807199478149, 1, -0, 0, 0, 0.97285944223403931, 0.23139688372612, -0, -0.23139688372612, 0.97285944223403931),
            ["LeftUpperArm"] = CFrame.new(-0.51153218746185303, -0.33497023582458496, 0.23544272780418396, -0.53476107120513916, -0.084966212511062622, -0.8407207727432251, -0.46892419457435608, 0.85751533508300781, 0.2116071879863739, 0.70295143127441406, 0.50739359855651855, -0.49840843677520752),
            ["LeftUpperLeg"] = CFrame.new(0.020324498414993286, -0.0060637774877250195, 0.25155657529830933, 0.94715261459350586, 0.099674202501773834, 0.30490493774414062, 0.21622836589813232, 0.50373274087905884, -0.83636033535003662, -0.23695415258407593, 0.85808992385864258, 0.4555593729019165),
            ["LowerTorso"] = CFrame.new(-0.0026995730586349964, -0.29242312908172607, 0.39496499300003052, 0.99995040893554688, 0.0067575732246041298, -0.0073167211376130581, -0.0018747167196124792, 0.84919023513793945, 0.52808374166488647, 0.0097818523645401001, -0.52804380655288696, 0.84916079044342041),
            ["RightFoot"] = CFrame.new(1.3760291039943695e-07, 0.0076098442077636719, -0.00010248764010611922, 0.99496442079544067, -0.076679527759552002, -0.064545363187789917, 0.090700447559356689, 0.96287500858306885, 0.2542540431022644, 0.04265303909778595, -0.25882798433303833, 0.96498125791549683),
            ["RightHand"] = CFrame.new(-0.00049163401126861572, 0.012565732002258301, -1.3038516044616699e-07, 0.85573375225067139, 0.44711408019065857, -0.26040118932723999, -0.25489452481269836, 0.80224841833114624, 0.53983908891677856, 0.45027607679367065, -0.39558368921279907, 0.80047798156738281),
            ["RightLowerArm"] = CFrame.new(-2.9802322387695312e-08, 0.073312103748321533, 0.021170258522033691, 1, 0, 0, 0, 0.78389394283294678, -0.62089478969573975, 0, 0.62089478969573975, 0.78389394283294678),
            ["RightLowerLeg"] = CFrame.new(3.7252902984619141e-08, 0.034372448921203613, -0.0036800338421016932, 1, -0, 0, 0, 0.96251308917999268, 0.27123519778251648, -0, -0.27123519778251648, 0.96251308917999268),
            ["RightUpperArm"] = CFrame.new(0.51608836650848389, -0.3362114429473877, 0.25767427682876587, -0.49270796775817871, 0.097625181078910828, 0.86470115184783936, 0.50491875410079956, 0.84137940406799316, 0.19271130859851837, -0.70872831344604492, 0.53155428171157837, -0.46384716033935547),
            ["RightUpperLeg"] = CFrame.new(-0.025786697864532471, -0.013537638820707798, 0.23862819373607635, 0.92824816703796387, -0.1336764395236969, -0.34711083769798279, -0.24562346935272217, 0.48050045967102051, -0.84189575910568237, 0.27932855486869812, 0.86674672365188599, 0.41318964958190918),
            ["UpperTorso"] = CFrame.new(-5.820766646458253e-10, 8.9406967163085938e-08, 1.1920928955078125e-07, 0.99995052814483643, -0.0086120981723070145, 0.0049814563244581223, 0.0067504178732633591, 0.95510852336883545, 0.29617932438850403, -0.0073085566982626915, -0.29613104462623596, 0.95511937141418457)
        }},
        {Time = 0.100, Data = {
            ["Head"] = CFrame.new(-3.3604212384966749e-25, 0, 0, 1, 0, 0, 0, 0.82318240404129028, -0.56777703762054443, 0, 0.56777703762054443, 0.82318240404129028),
            ["LeftFoot"] = CFrame.new(-4.0668965084478259e-08, -0.011878907680511475, -2.8674839995801449e-06, 0.99549823999404907, 0.072521813213825226, 0.06102331355214119, -0.089804179966449738, 0.92759543657302856, 0.36263188719749451, -0.03030623123049736, -0.3664795458316803, 0.92993241548538208),
            ["LeftHand"] = CFrame.new(0.00049117207527160645, 0.013621032238006592, -5.2154064178466797e-08, 0.84776592254638672, -0.45826858282089233, 0.26698857545852661, 0.28561669588088989, 0.81864643096923828, 0.49823805689811707, -0.44689607620239258, -0.34613290429115295, 0.82490968704223633),
            ["LeftLowerArm"] = CFrame.new(-0.00050008296966552734, 0.075935423374176025, 0.022669285535812378, 1, 0, 0, 0, 0.7682996392250061, -0.64009034633636475, 0, 0.64009034633636475, 0.7682996392250061),
            ["LeftLowerLeg"] = CFrame.new(4.4703483581542969e-08, -0.011436581611633301, -5.0634145736694336e-05, 1, 0, 0, 0, 1, 0, 0, 0, 1),
            ["LeftUpperArm"] = CFrame.new(-0.51130974292755127, -0.33404171466827393, 0.2362293004989624, -0.53431200981140137, -0.077957972884178162, -0.84168529510498047, -0.46710789203643799, 0.8571239709854126, 0.2171376645565033, 0.70450103282928467, 0.50917685031890869, -0.49438655376434326),
            ["LeftUpperLeg"] = CFrame.new(-0.0060515403747558594, -0.0085545722395181656, 0.25545614957809448, 0.95000571012496948, 0.043859757483005524, 0.30913668870925903, 0.25656622648239136, 0.45459091663360596, -0.85294830799102783, -0.17794081568717957, 0.88961982727050781, 0.42061102390289307),
            ["LowerTorso"] = CFrame.new(-0.0031587232369929552, -0.26267993450164795, 0.44990786910057068, 0.9999503493309021, 0.0079327067360281944, -0.0060299905017018318, -0.0019081772770732641, 0.74640262126922607, 0.66549193859100342, 0.0097799533978104591, -0.66544735431671143, 0.74638068675994873),
            ["RightFoot"] = CFrame.new(2.501838025636971e-08, -0.0051121711730957031, -0.00010284661402693018, 0.99286764860153198, -0.091176629066467285, -0.076815702021121979, 0.11344641447067261, 0.92063337564468384, 0.37358289957046509, 0.036657072603702545, -0.37963283061981201, 0.92441076040267944),
            ["RightHand"] = CFrame.new(-0.00049108266830444336, 0.013453662395477295, -3.7252902984619141e-09, 0.85695374011993408, 0.44533631205558777, -0.25943374633789062, -0.24672761559486389, 0.79641872644424438, 0.55212557315826416, 0.45249950885772705, -0.40913659334182739, 0.79237079620361328),
            ["RightLowerArm"] = CFrame.new(-8.9406967163085938e-08, 0.075851857662200928, 0.022567570209503174, 1, 0, 0, 0, 0.7693561315536499, -0.6388201117515564, 0, 0.6388201117515564, 0.7693561315536499),
            ["RightLowerLeg"] = CFrame.new(-4.4703483581542969e-08, -0.0050929784774780273, -6.3954088545870036e-05, 1, 0, 0, 0, 1, 0, 0, 0, 1),
            ["RightUpperArm"] = CFrame.new(0.51580560207366943, -0.33536267280578613, 0.25847354531288147, -0.49214112758636475, 0.090377137064933777, 0.86581128835678101, 0.50323247909545898, 0.84110343456268311, 0.19824746251106262, -0.71031981706619263, 0.53327012062072754, -0.45942234992980957),
            ["RightUpperLeg"] = CFrame.new(-0.0010249018669128418, -0.015792166814208031, 0.23987475037574768, 0.93167626857757568, -0.064482145011425018, -0.35752114653587341, -0.29299971461296082, 0.44844925403594971, -0.84441959857940674, 0.2147800624370575, 0.8914792537689209, 0.39891624450683594),
            ["UpperTorso"] = CFrame.new(1.1641526631578358e-10, 2.0861625671386719e-07, -5.9604644775390625e-08, 0.99995040893554688, -0.0086253741756081581, 0.0049794274382293224, 0.0079138455912470818, 0.99167191982269287, 0.12854641675949097, -0.0060467193834483624, -0.12850064039230347, 0.991690993309021)
        }},
        {Time = 0.120, Data = {
            ["Head"] = CFrame.new(-3.3604212384966749e-25, 0, 0, 1, 0, 0, 0, 0.82318240404129028, -0.56777703762054443, 0, 0.56777703762054443, 0.82318240404129028),
            ["LeftFoot"] = CFrame.new(3.2272509997710586e-08, -0.048340022563934326, -3.0364462872967124e-06, 0.99382299184799194, 0.084874331951141357, 0.071499951183795929, -0.10481004416942596, 0.92961263656616211, 0.35332030057907104, -0.036479435861110687, -0.35863173007965088, 0.93276607990264893),
            ["LeftHand"] = CFrame.new(0.00049045681953430176, 0.014452517032623291, -9.6857547760009766e-08, 0.84911620616912842, -0.45640304684638977, 0.26589080691337585, 0.2774670422077179, 0.81374597549438477, 0.51071476936340332, -0.44945934414863586, -0.3598802387714386, 0.81760168075561523),
            ["LeftLowerArm"] = CFrame.new(-0.0004997551441192627, 0.078330814838409424, 0.024063527584075928, 1, 0, 0, 0, 0.75380039215087891, -0.65710347890853882, 0, 0.65710347890853882, 0.75380039215087891),
            ["LeftLowerLeg"] = CFrame.new(5.2154064178466797e-08, -0.047770977020263672, -0.00053225457668304443, 1, 0, 0, 0, 1, 0, 0, 0, 1),
            ["LeftUpperArm"] = CFrame.new(-0.51108074188232422, -0.3330918550491333, 0.2370302677154541, -0.53383278846740723, -0.071027025580406189, -0.84260165691375732, -0.46523207426071167, 0.8567613959312439, 0.22252859175205231, 0.70610308647155762, 0.51079845428466797, -0.49041140079498291),
            ["LeftUpperLeg"] = CFrame.new(-0.03477400541305542, -0.011045461520552635, 0.25935617089271545, 0.95216739177703857, 0.026406183838844299, 0.30443397164344788, 0.28300374746322632, 0.29959326982498169, -0.91112726926803589, -0.11526576429605484, 0.95370155572891235, 0.2777898907661438),
            ["LowerTorso"] = CFrame.new(-0.0035249216016381979, -0.2241508960723877, 0.49701792001724243, 0.99995070695877075, 0.0088171306997537613, -0.0045608915388584137, -0.0019096597097814083, 0.62172311544418335, 0.78323483467102051, 0.0097414953634142876, -0.78318750858306885, 0.62170934677124023),
            ["RightFoot"] = CFrame.new(-8.8526576291769743e-08, -0.040036261081695557, -0.00010296477557858452, 0.9907994270324707, -0.10352998226881027, -0.087167046964168549, 0.12840676307678223, 0.92259371280670166, 0.36377546191215515, 0.042758114635944366, -0.37162134051322937, 0.92739927768707275),
            ["RightHand"] = CFrame.new(-0.00049047172069549561, 0.014316201210021973, 9.3132257461547852e-08, 0.85821652412414551, 0.44351816177368164, -0.25837194919586182, -0.23860454559326172, 0.79039287567138672, 0.56422245502471924, 0.45445823669433594, -0.42257633805274963, 0.78415364027023315),
            ["RightLowerArm"] = CFrame.new(-5.9604644775390625e-08, 0.078298032283782959, 0.023976802825927734, 1, 0, 0, 0, 0.75470811128616333, -0.65606081485748291, 0, 0.65606081485748291, 0.75470811128616333),
            ["RightLowerLeg"] = CFrame.new(-7.4505805969238281e-09, -0.039895117282867432, -0.00052527914522215724, 1, 0, 0, 0, 1, 0, 0, 0, 1),
            ["RightUpperArm"] = CFrame.new(0.51551496982574463, -0.33449304103851318, 0.25928884744644165, -0.49154281616210938, 0.083208858966827393, 0.86686903238296509, 0.50148648023605347, 0.84085619449615479, 0.20364712178707123, -0.71196693181991577, 0.53482437133789062, -0.45504486560821533),
            ["RightUpperLeg"] = CFrame.new(0.026677191257476807, -0.017767239362001419, 0.24093981087207794, 0.93434333801269531, -0.046742379665374756, -0.35329550504684448, -0.32532510161399841, 0.29284018278121948, -0.89911526441574097, 0.14548592269420624, 0.95501822233200073, 0.25840681791305542),
            ["UpperTorso"] = CFrame.new(-1.1641537733808605e-10, 5.9604644775390625e-08, 9.6857547760009766e-08, 0.99995070695877075, -0.008614780381321907, 0.0049332091584801674, 0.0088180564343929291, 0.99904537200927734, -0.042784683406352997, -0.0045599192380905151, 0.042826078832149506, 0.99907213449478149)
        }},
        {Time = 0.140, Data = {
            ["Head"] = CFrame.new(-3.3604212384966749e-25, 0, 0, 1, 0, 0, 0, 0.82318240404129028, -0.56777703762054443, 0, 0.56777703762054443, 0.82318240404129028),
            ["LeftFoot"] = CFrame.new(-5.1677488954737782e-08, -0.081047594547271729, -3.2358948374167085e-06, 0.99223095178604126, 0.095181964337825775, 0.080113038420677185, -0.11690407246351242, 0.9336090087890625, 0.33868521451950073, -0.042557530105113983, -0.34541952610015869, 0.93748295307159424),
            ["LeftHand"] = CFrame.new(0.0004901587963104248, 0.015020668506622314, 1.1175870895385742e-07, 0.85034096240997314, -0.45470097661018372, 0.26489123702049255, 0.26984688639640808, 0.80892741680145264, 0.52232098579406738, -0.45177760720252991, -0.37267088890075684, 0.81056368350982666),
            ["LeftLowerArm"] = CFrame.new(-0.00049996376037597656, 0.080360889434814453, 0.025417298078536987, 1, 0, 0, 0, 0.73985826969146729, -0.67276275157928467, 0, 0.67276275157928467, 0.73985826969146729),
            ["LeftLowerLeg"] = CFrame.new(6.7055225372314453e-08, -0.080367147922515869, -0.00096401572227478027, 1, 0, 0, 0, 1, 0, 0, 0, 1),
            ["LeftUpperArm"] = CFrame.new(-0.51086413860321045, -0.33219969272613525, 0.23778036236763, -0.53342962265014648, -0.064410746097564697, -0.84338897466659546, -0.46337908506393433, 0.85641372203826904, 0.22767400741577148, 0.70762521028518677, 0.5122566819190979, -0.48668301105499268),
            ["LeftUpperLeg"] = CFrame.new(-0.064560234546661377, -0.013334235176444054, 0.26293972134590149, 0.95377504825592041, 0.0098737180233001709, 0.30035921931266785, 0.29522570967674255, 0.15601915121078491, -0.94260269403457642, -0.05616876482963562, 0.98770469427108765, 0.14589220285415649),
            ["LowerTorso"] = CFrame.new(-0.0037701793480664492, -0.18225491046905518, 0.53220862150192261, 0.99995028972625732, 0.0094532892107963562, -0.0031737966928631067, -0.0018748997244983912, 0.49083268642425537, 0.87125182151794434, 0.0097939986735582352, -0.87120258808135986, 0.49082601070404053),
            ["RightFoot"] = CFrame.new(-5.5693817557767034e-08, -0.071203351020812988, -0.00010304549505235627, 0.9888647198677063, -0.11385072767734528, -0.095836237072944641, 0.14048086106777191, 0.92665261030197144, 0.34868326783180237, 0.04910905659198761, -0.35826376080513, 0.93232792615890503),
            ["RightHand"] = CFrame.new(-0.00049026310443878174, 0.014893412590026855, -7.4505805969238281e-09, 0.85939717292785645, 0.4418434202671051, -0.25731492042541504, -0.23104992508888245, 0.78452110290527344, 0.57544988393783569, 0.45612770318984985, -0.43508738279342651, 0.77630305290222168),
            ["RightLowerArm"] = CFrame.new(2.384185791015625e-07, 0.080363988876342773, 0.025351673364639282, 1, 0, 0, 0, 0.74048054218292236, -0.67207777500152588, 0, 0.67207777500152588, 0.74048054218292236),
            ["RightLowerLeg"] = CFrame.new(8.1956386566162109e-08, -0.070955216884613037, -0.00093646178720518947, 1, 0, 0, 0, 1, 0, 0, 0, 1),
            ["RightUpperArm"] = CFrame.new(0.51524066925048828, -0.33367538452148438, 0.26005280017852783, -0.49098765850067139, 0.07638336718082428, 0.86781156063079834, 0.49986535310745239, 0.84055066108703613, 0.20882824063301086, -0.71348857879638672, 0.53632092475891113, -0.45088136196136475),
            ["RightUpperLeg"] = CFrame.new(0.056384742259979248, -0.019177258014678955, 0.2416551411151886, 0.93638259172439575, -0.029433190822601318, -0.34974473714828491, -0.34192034602165222, 0.14845955371856689, -0.92792791128158569, 0.07923482358455658, 0.98848038911819458, 0.12895113229751587),
            ["UpperTorso"] = CFrame.new(-9.3132257461547852e-10, 5.9604644775390625e-08, 1.7136335372924805e-07, 0.99995070695877075, -0.0086116744205355644, 0.0049446583725512028, 0.0094245346263051033, 0.9798882007598877, -0.19932466745376587, -0.0031286929734051228, 0.19936144351959229, 0.97992104291915894)
        }},
        {Time = 0.160, Data = {
            ["Head"] = CFrame.new(2.9726803263624432e-24, 0, 0, 1, 0, 0, 0, 0.82318240404129028, -0.56777703762054443, 0, 0.56777703762054443, 0.82318240404129028),
            ["LeftFoot"] = CFrame.new(4.0447048377245665e-08, -0.10685151815414429, -3.3431279007345438e-06, 0.99071246385574341, 0.1040157675743103, 0.087576046586036682, -0.12697592377662659, 0.93811327219009399, 0.32221204042434692, -0.048641115427017212, -0.33033955097198486, 0.94260799884796143),
            ["LeftHand"] = CFrame.new(0.00048986077308654785, 0.015484213829040527, -6.7055225372314453e-08, 0.85141205787658691, -0.45319470763206482, 0.2640305757522583, 0.26352295279502869, 0.80486714839935303, 0.53173738718032837, -0.45349007844924927, -0.38314950466156006, 0.80470073223114014),
            ["LeftLowerArm"] = CFrame.new(-0.00049984455108642578, 0.081981956958770752, 0.026533246040344238, 1, 0, 0, 0, 0.72827541828155518, -0.68528461456298828, 0, 0.68528461456298828, 0.72827541828155518),
            ["LeftLowerLeg"] = CFrame.new(-3.7252902984619141e-08, -0.10608255863189697, -0.00130501389503479, 1, 0, 0, 0, 1, 0, 0, 0, 1),
            ["LeftUpperArm"] = CFrame.new(-0.5106816291809082, -0.33144962787628174, 0.23840758204460144, -0.5329970121383667, -0.059214308857917786, -0.84404247999191284, -0.4619411826133728, 0.85612547397613525, 0.23164525628089905, 0.70888954401016235, 0.51336419582366943, -0.48366594314575195),
            ["LeftUpperLeg"] = CFrame.new(-0.094127535820007324, -0.0152192497625947, 0.26589030027389526, 0.9550163745880127, -0.0054576396942138672, 0.29650288820266724, 0.29648354649543762, 0.039226830005645752, -0.95423209667205811, -0.0064230263233184814, 0.99921548366546631, 0.039080321788787842),
            ["LowerTorso"] = CFrame.new(-0.0039019836112856865, -0.14402627944946289, 0.55471694469451904, 0.99995052814483643, 0.0097556058317422867, -0.0019541587680578232, -0.0018343157134950161, 0.37380719184875488, 0.92750465869903564, 0.0097788488492369652, -0.92745518684387207, 0.37380659580230713),
            ["RightFoot"] = CFrame.new(1.6603735275566578e-08, -0.095488488674163818, -0.00010321784793632105, 0.98697829246520996, -0.12302685528993607, -0.1036253422498703, 0.15089736878871918, 0.93128275871276855, 0.33157575130462646, 0.0557117760181427, -0.34289485216140747, 0.93772029876708984),
            ["RightHand"] = CFrame.new(-0.00048968195915222168, 0.015364408493041992, 1.3411045074462891e-07, 0.86037629842758179, 0.44039991497993469, -0.25651627779006958, -0.22476252913475037, 0.77959060668945312, 0.58456850051879883, 0.45742160081863403, -0.44529366493225098, 0.76972663402557373),
            ["RightLowerArm"] = CFrame.new(0, 0.082013607025146484, 0.026486098766326904, 1, 0, 0, 0, 0.72878432273864746, -0.68474340438842773, 0, 0.68474340438842773, 0.72878432273864746),
            ["RightLowerLeg"] = CFrame.new(1.0430812835693359e-07, -0.095157504081726074, -0.001257730764336884, 1, 0, 0, 0, 1, 0, 0, 0, 1),
            ["RightUpperArm"] = CFrame.new(0.51500916481018066, -0.33298707008361816, 0.26069265604019165, -0.49051976203918457, 0.070917919278144836, 0.86853957176208496, 0.49844610691070557, 0.84037554264068604, 0.21288608014583588, -0.71480190753936768, 0.53734499216079712, -0.44756948947906494),
            ["RightUpperLeg"] = CFrame.new(0.087163150310516357, -0.019737161695957184, 0.24185304343700409, 0.93807405233383179, -0.012791812419891357, -0.34619855880737305, -0.34568530321121216, 0.031135737895965576, -0.93783378601074219, 0.022775709629058838, 0.99943327903747559, 0.024785637855529785),
            ["UpperTorso"] = CFrame.new(-3.4924602099195567e-10, 5.9604644775390625e-08, -1.1920928955078125e-07, 0.9999505877494812, -0.0086272936314344406, 0.0049400338903069496, 0.009763794019818306, 0.94578808546066284, -0.32463768124580383, -0.0018714803736656904, 0.32466986775398254, 0.94582557678222656)
        }},
        {Time = 0.180, Data = {
            ["Head"] = CFrame.new(-3.3604212384966749e-25, 0, 1.1920928955078125e-07, 1, 0, 0, 0, 0.82318240404129028, -0.56777703762054443, 0, 0.56777703762054443, 0.82318240404129028),
            ["LeftFoot"] = CFrame.new(-3.1257513910531998e-08, -0.12363094091415405, -3.3515898394398391e-06, 0.98914253711700439, 0.11238104850053787, 0.094697393476963043, -0.13646365702152252, 0.94153165817260742, 0.30805155634880066, -0.054541431367397308, -0.31762966513633728, 0.94664490222930908),
            ["LeftHand"] = CFrame.new(0.00048960745334625244, 0.015796303749084473, -8.5681676864624023e-08, 0.85210716724395752, -0.45224609971046448, 0.26341396570205688, 0.25934287905693054, 0.80203092098236084, 0.53804069757461548, -0.45459294319152832, -0.39015376567840576, 0.80070304870605469),
            ["LeftLowerArm"] = CFrame.new(-0.00049984455108642578, 0.083057224750518799, 0.027291804552078247, 1, 0, 0, 0, 0.72039192914962769, -0.69356721639633179, 0, 0.69356721639633179, 0.72039192914962769),
            ["LeftLowerLeg"] = CFrame.new(1.1175870895385742e-07, -0.12280631065368652, -0.0015268325805664062, 1, 0, 0, 0, 1, 0, 0, 0, 1),
            ["LeftUpperArm"] = CFrame.new(-0.51055514812469482, -0.3309333324432373, 0.23883861303329468, -0.5327613353729248, -0.055676445364952087, -0.84443217515945435, -0.4608762264251709, 0.85596752166748047, 0.23433473706245422, 0.70975953340530396, 0.51402318477630615, -0.48168635368347168),
            ["LeftUpperLeg"] = CFrame.new(-0.12219363451004028, -0.016498103737831116, 0.26789337396621704, 0.95606750249862671, -0.019466251134872437, 0.29249957203865051, 0.29161733388900757, -0.038630008697509766, -0.95575469732284546, 0.029904216527938843, 0.99906390905380249, -0.031256198883056641),
            ["LowerTorso"] = CFrame.new(-0.0039540231227874756, -0.11659860610961914, 0.566444993019104, 0.99995040893554688, 0.0099040195345878601, -0.0010391385294497013, -0.0018843985162675381, 0.29064780473709106, 0.95682817697525024, 0.0097784698009490967, -0.95677882432937622, 0.29065209627151489),
            ["RightFoot"] = CFrame.new(-5.0738890422508121e-08, -0.11085480451583862, -0.00010327154450351372, 0.98494249582290649, -0.13223153352737427, -0.11136925220489502, 0.16124966740608215, 0.93496447801589966, 0.31597462296485901, 0.06234448030591011, -0.32917508482933044, 0.94220852851867676),
            ["RightHand"] = CFrame.new(-0.00048969686031341553, 0.015682041645050049, 1.3411045074462891e-07, 0.86107456684112549, 0.43935775756835938, -0.25595968961715698, -0.22049058973789215, 0.77622377872467041, 0.59064418077468872, 0.45818608999252319, -0.45215195417404175, 0.76526081562042236),
            ["RightLowerArm"] = CFrame.new(1.1920928955078125e-07, 0.083107829093933105, 0.027256637811660767, 1, 0, 0, 0, 0.72077906131744385, -0.69316482543945312, 0, 0.69316482543945312, 0.72077906131744385),
            ["RightLowerLeg"] = CFrame.new(3.7252902984619141e-08, -0.11047255992889404, -0.0014605653705075383, 1, 0, 0, 0, 1, 0, 0, 0, 1),
            ["RightUpperArm"] = CFrame.new(0.51484930515289307, -0.33251309394836426, 0.26113259792327881, -0.49025249481201172, 0.067290201783180237, 0.86897909641265869, 0.49749690294265747, 0.84024405479431152, 0.21560797095298767, -0.71564626693725586, 0.538016676902771, -0.44540834426879883),
