return {
["suck it thrust"] = {

          {Time = 0.000, Data = {

              ["Head"] = CFrame.new(-0.000000, 0.000000, 0.000000, 0.993611, 0.112852, 0.000783, -0.104329, 0.915878, 0.387663, 0.043031, -0.385268, 0.921801),

              ["LeftFoot"] = CFrame.new(0.000000, 0.011278, -0.000003, 0.938630, -0.263860, -0.222174, 0.146172, 0.887667, -0.436690, 0.312423, 0.377393, 0.871746),

              ["LeftHand"] = CFrame.new(0.000541, -0.062195, -0.000000, 0.987682, -0.135490, 0.078272, 0.155600, 0.903228, -0.399962, -0.016506, 0.407211, 0.913184),

              ["LeftLowerArm"] = CFrame.new(-0.000498, -0.062320, 0.000339, 1.000000, -0.000000, -0.000000, -0.000000, 1.000000, -0.000001, 0.000000, -0.000000, 1.000000),

              ["LeftLowerLeg"] = CFrame.new(0.000000, 0.055969, -0.010494, 1.000000, -0.000000, -0.000000, 0.000000, 0.892346, 0.451343, -0.000000, -0.451351, 0.892351),

              ["LeftUpperArm"] = CFrame.new(0.076363, -0.213533, 0.298700, 0.628373, -0.463711, -0.624596, -0.240726, 0.647591, -0.722964, 0.739729, 0.604648, 0.295301),

              ["LeftUpperLeg"] = CFrame.new(0.000000, -0.000000, -0.000100, 0.938627, 0.271454, 0.212826, -0.343197, 0.673087, 0.655121, 0.034584, -0.687944, 0.724929),

              ["LowerTorso"] = CFrame.new(-0.000000, -0.199700, -0.386277, 1.000000, 0.000000, -0.000000, -0.000000, 0.696518, -0.717539, 0.000000, 0.717539, 0.696518),

              ["RightFoot"] = CFrame.new(-0.000000, 0.010999, -0.000103, 0.926272, 0.288284, 0.242740, -0.165873, 0.890210, -0.424297, -0.338388, 0.352730, 0.872381),

              ["RightHand"] = CFrame.new(-0.000528, -0.043127, -0.000000, 0.999654, -0.022285, 0.013948, 0.025303, 0.959568, -0.280338, -0.007137, 0.280592, 0.959800),

              ["RightLowerArm"] = CFrame.new(-0.000001, -0.043074, 0.000234, 1.000000, 0.000000, 0.000000, -0.000000, 1.000000, -0.000001, -0.000000, -0.000000, 1.000000),

              ["RightLowerLeg"] = CFrame.new(0.000000, 0.053102, -0.009505, 1.000000, 0.000000, 0.000000, -0.000000, 0.903422, 0.428743, 0.000000, -0.428752, 0.903427),

              ["RightUpperArm"] = CFrame.new(-0.115075, -0.211032, 0.308466, 0.525542, 0.556039, 0.643916, 0.218488, 0.643269, -0.733803, -0.822234, 0.526332, 0.216577),

              ["RightUpperLeg"] = CFrame.new(0.000000, -0.000000, 0.000000, 0.926268, -0.294943, -0.234601, 0.374965, 0.658851, 0.652173, -0.037785, -0.692043, 0.720856),

              ["UpperTorso"] = CFrame.new(0.000000, 0.159124, 0.188691, 1.000000, -0.000000, 0.000000, -0.000000, 0.839828, 0.542852, -0.000000, -0.542852, 0.839828)

          }},

          {Time = 0.017, Data = {

              ["Head"] = CFrame.new(0.000000, -0.000000, -0.000000, 0.993612, 0.112852, 0.000783, -0.103951, 0.912490, 0.395671, 0.043937, -0.393225, 0.918392),

              ["LeftFoot"] = CFrame.new(0.000000, 0.010944, -0.000003, 0.938281, -0.264586, -0.222785, 0.147639, 0.888832, -0.433818, 0.312782, 0.374129, 0.873023),

              ["LeftHand"] = CFrame.new(0.000550, -0.075786, -0.000000, 0.987611, -0.135877, 0.078497, 0.155994, 0.904409, -0.397129, -0.017032, 0.404452, 0.914400),

              ["LeftLowerArm"] = CFrame.new(-0.000498, -0.075895, 0.000413, 1.000000, -0.000000, -0.000000, 0.000000, 1.000000, -0.000001, 0.000000, -0.000000, 1.000000),

              ["LeftLowerLeg"] = CFrame.new(0.000000, 0.054110, -0.009728, 1.000000, -0.000000, 0.000000, 0.000000, 0.900141, 0.435590, -0.000000, -0.435599, 0.900145),

              ["LeftUpperArm"] = CFrame.new(0.077142, -0.209832, 0.299223, 0.629931, -0.459610, -0.626056, -0.233325, 0.656866, -0.716998, 0.740774, 0.597734, 0.306542),

              ["LeftUpperLeg"] = CFrame.new(0.000000, 0.000000, -0.000100, 0.938277, 0.269148, 0.217248, -0.343574, 0.652780, 0.675166, 0.039904, -0.708123, 0.704950),

              ["LowerTorso"] = CFrame.new(-0.000000, -0.195934, -0.395275, 1.000000, 0.000000, -0.000000, -0.000000, 0.685535, -0.728039, 0.000000, 0.728039, 0.685535),

              ["RightFoot"] = CFrame.new(0.000000, 0.010652, -0.000103, 0.925861, 0.289056, 0.243390, -0.167553, 0.891350, -0.421232, -0.338686, 0.349201, 0.873685),

              ["RightHand"] = CFrame.new(-0.000538, -0.057257, -0.000000, 0.999560, -0.025198, 0.015652, 0.028518, 0.961498, -0.273329, -0.008162, 0.273653, 0.961793),

              ["RightLowerArm"] = CFrame.new(-0.000002, -0.057189, 0.000311, 1.000000, 0.000000, 0.000000, 0.000000, 1.000000, -0.000001, -0.000000, -0.000000, 1.000000),

              ["RightLowerLeg"] = CFrame.new(-0.000000, 0.051168, -0.008758, 1.000000, 0.000000, 0.000000, -0.000000, 0.911011, 0.412371, 0.000000, -0.412381, 0.911016),

              ["RightUpperArm"] = CFrame.new(-0.115104, -0.208232, 0.309182, 0.525600, 0.551015, 0.648173, 0.212887, 0.652470, -0.727297, -0.823665, 0.520255, 0.225634),

              ["RightUpperLeg"] = CFrame.new(0.000000, -0.000000, 0.000000, 0.925857, -0.292315, -0.239463, 0.375350, 0.638329, 0.672057, -0.043595, -0.712101, 0.700712),

              ["UpperTorso"] = CFrame.new(0.000000, 0.164342, 0.192528, 1.000000, -0.000000, 0.000000, 0.000000, 0.833314, 0.552799, -0.000000, -0.552799, 0.833314)

          }},

          {Time = 0.033, Data = {

              ["Head"] = CFrame.new(-0.000000, 0.000000, -0.000000, 0.993612, 0.112852, 0.000783, -0.103565, 0.909039, 0.403636, 0.044839, -0.401139, 0.914919),

              ["LeftFoot"] = CFrame.new(0.000000, 0.010593, -0.000003, 0.937944, -0.265283, -0.223372, 0.149232, 0.890152, -0.430553, 0.313035, 0.370479, 0.874488),

              ["LeftHand"] = CFrame.new(0.000559, -0.089436, -0.000000, 0.987523, -0.136353, 0.078775, 0.156484, 0.905669, -0.394055, -0.017612, 0.401462, 0.915705),

              ["LeftLowerArm"] = CFrame.new(-0.000497, -0.089529, 0.000487, 1.000000, -0.000000, -0.000000, 0.000000, 1.000000, -0.000001, 0.000000, -0.000000, 1.000000),

              ["LeftLowerLeg"] = CFrame.new(0.000000, 0.052155, -0.008958, 1.000000, -0.000000, 0.000000, 0.000000, 0.907967, 0.419032, -0.000000, -0.419041, 0.907972),

              ["LeftUpperArm"] = CFrame.new(0.077951, -0.206184, 0.299665, 0.631548, -0.455606, -0.627352, -0.226029, 0.665801, -0.711069, 0.741659, 0.590874, 0.317505),

              ["LeftUpperLeg"] = CFrame.new(0.000000, 0.000000, -0.000100, 0.937941, 0.266677, 0.221703, -0.343832, 0.631697, 0.694803, 0.045238, -0.727903, 0.684176),

              ["LowerTorso"] = CFrame.new(-0.000000, -0.192070, -0.404190, 1.000000, 0.000000, -0.000000, -0.000000, 0.674395, -0.738371, 0.000000, 0.738371, 0.674395),

              ["RightFoot"] = CFrame.new(-0.000000, 0.010288, -0.000103, 0.925464, 0.289798, 0.244015, -0.169376, 0.892641, -0.417754, -0.338862, 0.345266, 0.875179),

              ["RightHand"] = CFrame.new(-0.000547, -0.071468, -0.000000, 0.999457, -0.028044, 0.017316, 0.031643, 0.963430, -0.266088, -0.009221, 0.266489, 0.963793),

              ["RightLowerArm"] = CFrame.new(-0.000002, -0.071383, 0.000389, 1.000000, 0.000000, 0.000000, -0.000000, 1.000000, -0.000001, -0.000000, -0.000000, 1.000000),

              ["RightLowerLeg"] = CFrame.new(0.000000, 0.049132, -0.008010, 1.000000, 0.000000, -0.000000, -0.000000, 0.918615, 0.395143, 0.000000, -0.395154, 0.918620),

              ["RightUpperArm"] = CFrame.new(-0.115183, -0.205442, 0.309842, 0.525758, 0.546120, 0.652175, 0.207308, 0.661312, -0.720895, -0.824986, 0.514217, 0.234476),

              ["RightUpperLeg"] = CFrame.new(0.000000, 0.000000, -0.000000, 0.925461, -0.289498, -0.244367, 0.375606, 0.617017, 0.691536, -0.049419, -0.731766, 0.679752),

              ["UpperTorso"] = CFrame.new(0.000000, 0.169673, 0.196265, 1.000000, -0.000000, 0.000000, 0.000000, 0.826683, 0.562668, -0.000000, -0.562668, 0.826683)

          }},

          {Time = 0.050, Data = {

              ["Head"] = CFrame.new(-0.000000, 0.000000, 0.000000, 0.993611, 0.112852, 0.000783, -0.104329, 0.915878, 0.387663, 0.043031, -0.385268, 0.921801),

              ["LeftFoot"] = CFrame.new(0.000000, 0.011278, -0.000003, 0.938630, -0.263860, -0.222174, 0.146172, 0.887667, -0.436690, 0.312423, 0.377393, 0.871746),

              ["LeftHand"] = CFrame.new(0.000541, -0.062195, -0.000000, 0.987682, -0.135490, 0.078272, 0.155600, 0.903228, -0.399962, -0.016506, 0.407211, 0.913184),

              ["LeftLowerArm"] = CFrame.new(-0.000498, -0.062320, 0.000339, 1.000000, -0.000000, -0.000000, -0.000000, 1.000000, -0.000001, 0.000000, -0.000000, 1.000000),

              ["LeftLowerLeg"] = CFrame.new(0.000000, 0.055969, -0.010494, 1.000000, -0.000000, -0.000000, 0.000000, 0.892346, 0.451343, -0.000000, -0.451351, 0.892351),

              ["LeftUpperArm"] = CFrame.new(0.076363, -0.213533, 0.298700, 0.628373, -0.463711, -0.624596, -0.240726, 0.647591, -0.722964, 0.739729, 0.604648, 0.295301),

              ["LeftUpperLeg"] = CFrame.new(0.000000, -0.000000, -0.000100, 0.938627, 0.271454, 0.212826, -0.343197, 0.673087, 0.655121, 0.034584, -0.687944, 0.724929),

              ["LowerTorso"] = CFrame.new(-0.000000, -0.199700, -0.386277, 1.000000, 0.000000, -0.000000, -0.000000, 0.696518, -0.717539, 0.000000, 0.717539, 0.696518),

              ["RightFoot"] = CFrame.new(-0.000000, 0.010999, -0.000103, 0.926272, 0.288284, 0.242740, -0.165873, 0.890210, -0.424297, -0.338388, 0.352730, 0.872381),

              ["RightHand"] = CFrame.new(-0.000528, -0.043127, -0.000000, 0.999654, -0.022285, 0.013948, 0.025303, 0.959568, -0.280338, -0.007137, 0.280592, 0.959800),

              ["RightLowerArm"] = CFrame.new(-0.000001, -0.043074, 0.000234, 1.000000, 0.000000, 0.000000, -0.000000, 1.000000, -0.000001, -0.000000, -0.000000, 1.000000),

              ["RightLowerLeg"] = CFrame.new(0.000000, 0.053102, -0.009505, 1.000000, 0.000000, 0.000000, -0.000000, 0.903422, 0.428743, 0.000000, -0.428752, 0.903427),

              ["RightUpperArm"] = CFrame.new(-0.115075, -0.211032, 0.308466, 0.525542, 0.556039, 0.643916, 0.218488, 0.643269, -0.733803, -0.822234, 0.526332, 0.216577),

              ["RightUpperLeg"] = CFrame.new(0.000000, -0.000000, 0.000000, 0.926268, -0.294943, -0.234601, 0.374965, 0.658851, 0.652173, -0.037785, -0.692043, 0.720856),

              ["UpperTorso"] = CFrame.new(0.000000, 0.159124, 0.188691, 1.000000, -0.000000, 0.000000, -0.000000, 0.839828, 0.542852, -0.000000, -0.542852, 0.839828)

          }},

          {Time = 0.067, Data = {

              ["Head"] = CFrame.new(-0.000000, -0.000000, -0.000000, 0.993612, 0.112852, 0.000783, -0.106836, 0.938360, 0.328735, 0.036363, -0.326718, 0.944422),

              ["LeftFoot"] = CFrame.new(0.000000, 0.013295, -0.000003, 0.941491, -0.257825, -0.217092, 0.138897, 0.883651, -0.447087, 0.307086, 0.390751, 0.867746),

              ["LeftHand"] = CFrame.new(0.000496, 0.006695, 0.000000, 0.987578, -0.136028, 0.078655, 0.152062, 0.953481, -0.260294, -0.039588, 0.269020, 0.962320),

              ["LeftLowerArm"] = CFrame.new(-0.000500, 0.038577, 0.005320, 1.000000, -0.000000, -0.000000, -0.000000, 0.945798, -0.324757, 0.000000, 0.324757, 0.945797),

              ["LeftLowerLeg"] = CFrame.new(-0.000000, 0.066972, -0.015757, 1.000000, -0.000000, 0.000000, 0.000000, 0.838721, 0.544558, -0.000000, -0.544562, 0.838723),

              ["LeftUpperArm"] = CFrame.new(0.071906, -0.241804, 0.292120, 0.619459, -0.386952, -0.683037, -0.297267, 0.689662, -0.660302, 0.726570, 0.612074, 0.312189),

              ["LeftUpperLeg"] = CFrame.new(0.000000, -0.000000, -0.000100, 0.941488, 0.283730, 0.181931, -0.337032, 0.797453, 0.500493, -0.003078, -0.532510, 0.846409),

              ["LowerTorso"] = CFrame.new(0.000000, -0.223817, -0.319080, 1.000000, -0.000000, -0.000000, -0.000000, 0.770800, -0.637077, 0.000000, 0.637077, 0.770800),

              ["RightFoot"] = CFrame.new(-0.000000, 0.013071, -0.000103, 0.929646, 0.281858, 0.237328, -0.157468, 0.886224, -0.435694, -0.333110, 0.367646, 0.868243),

              ["RightHand"] = CFrame.new(-0.000494, 0.009140, -0.000000, 0.999999, 0.001184, 0.000132, -0.001169, 0.996435, -0.084356, -0.000232, 0.084355, 0.996436),

              ["RightLowerArm"] = CFrame.new(0.000000, 0.056161, 0.011940, 1.000000, 0.000000, 0.000000, 0.000000, 0.878427, -0.477877, -0.000000, 0.477877, 0.878427),

              ["RightLowerLeg"] = CFrame.new(0.000000, 0.064498, -0.014663, 1.000000, 0.000000, 0.000000, -0.000000, 0.850904, 0.525317, 0.000000, -0.525321, 0.850907),

              ["RightUpperArm"] = CFrame.new(-0.116590, -0.231506, 0.301485, 0.528573, 0.424919, 0.734884, 0.259435, 0.743421, -0.616456, -0.808272, 0.516497, 0.282714),

              ["RightUpperLeg"] = CFrame.new(0.000000, -0.000000, 0.000000, 0.929643, -0.308987, -0.200735, 0.368447, 0.784523, 0.498783, 0.003365, -0.537635, 0.843161),

              ["UpperTorso"] = CFrame.new(0.000000, 0.124999, 0.158331, 1.000000, -0.000000, 0.000000, -0.000000, 0.883221, 0.468958, -0.000000, -0.468958, 0.883221)

          }},

          {Time = 0.083, Data = {

              ["Head"] = CFrame.new(0.000000, 0.000000, 0.000000, 0.993612, 0.112852, 0.000783, -0.109973, 0.966657, 0.231258, 0.025341, -0.229867, 0.972892),

              ["LeftFoot"] = CFrame.new(-0.000000, 0.016232, -0.000003, 0.947011, -0.245712, -0.206892, 0.137380, 0.892041, -0.430591, 0.290340, 0.379327, 0.878514),

              ["LeftHand"] = CFrame.new(0.000486, 0.021637, -0.000000, 0.983508, -0.156454, 0.090738, 0.145027, 0.981974, 0.121221, -0.108067, -0.106061, 0.988470),

              ["LeftLowerArm"] = CFrame.new(-0.000500, 0.105677, 0.050503, 1.000000, -0.000000, -0.000000, 0.000000, 0.479626, -0.877473, 0.000000, 0.877473, 0.479626),

              ["LeftLowerLeg"] = CFrame.new(-0.000000, 0.078313, -0.022076, 1.000000, -0.000000, -0.000000, 0.000000, 0.773814, 0.633413, -0.000000, -0.633412, 0.773814),

              ["LeftUpperArm"] = CFrame.new(0.072238, -0.291951, 0.266989, 0.620123, -0.188788, -0.761451, -0.397563, 0.761122, -0.512481, 0.676307, 0.620526, 0.396934),

              ["LeftUpperLeg"] = CFrame.new(0.000000, -0.000000, -0.000100, 0.947008, 0.290220, 0.137660, -0.315823, 0.919449, 0.234263, -0.058585, -0.265304, 0.962378),

              ["LowerTorso"] = CFrame.new(0.000000, -0.250508, -0.204664, 1.000000, -0.000000, -0.000000, -0.000000, 0.869593, -0.493769, 0.000000, 0.493769, 0.869593),

              ["RightFoot"] = CFrame.new(0.000000, 0.015747, -0.000103, 0.936171, 0.268924, 0.226438, -0.155053, 0.893909, -0.420599, -0.315505, 0.358618, 0.878534),

              ["RightHand"] = CFrame.new(-0.000485, 0.022755, -0.000000, 0.998206, 0.051992, -0.029703, -0.043831, 0.972411, 0.229120, 0.040795, -0.227404, 0.972945),

              ["RightLowerArm"] = CFrame.new(-0.000000, 0.111521, 0.060764, 1.000000, 0.000000, 0.000000, -0.000000, 0.373179, -0.927759, -0.000000, 0.927759, 0.373179),

              ["RightLowerLeg"] = CFrame.new(-0.000000, 0.076006, -0.020988, 1.000000, 0.000000, 0.000000, -0.000000, 0.786093, 0.618109, 0.000000, -0.618109, 0.786092),

              ["RightUpperArm"] = CFrame.new(-0.127853, -0.263624, 0.281903, 0.551098, 0.271013, 0.789204, 0.323672, 0.802310, -0.501532, -0.769108, 0.531837, 0.354432),

              ["RightUpperLeg"] = CFrame.new(0.000000, -0.000000, -0.000000, 0.936167, -0.316910, -0.152186, 0.345658, 0.908707, 0.234055, 0.064119, -0.271698, 0.960239),

              ["UpperTorso"] = CFrame.new(-0.000000, 0.084289, 0.101890, 1.000000, -0.000000, 0.000000, -0.000000, 0.938753, 0.344591, -0.000000, -0.344591, 0.938753)

          }},

          {Time = 0.100, Data = {

              ["Head"] = CFrame.new(-0.000000, 0.000000, -0.000000, 0.993612, 0.112852, 0.000783, -0.112277, 0.987794, 0.107969, 0.011411, -0.107367, 0.994154),

              ["LeftFoot"] = CFrame.new(0.000000, 0.018081, -0.000003, 0.954545, -0.228014, -0.191992, 0.146052, 0.919251, -0.365597, 0.259834, 0.320915, 0.910757),

              ["LeftHand"] = CFrame.new(0.000484, 0.025460, 0.000000, 0.959524, -0.243436, 0.141606, 0.147876, 0.863427, 0.482317, -0.239678, -0.441851, 0.864475),

              ["LeftLowerArm"] = CFrame.new(-0.000499, 0.119887, 0.094708, 1.000000, -0.000000, 0.000000, 0.000000, 0.020728, -0.999785, 0.000000, 0.999785, 0.020728),

              ["LeftLowerLeg"] = CFrame.new(-0.000000, 0.083855, -0.025419, 1.000000, -0.000000, -0.000000, 0.000000, 0.739204, 0.673484, -0.000000, -0.673481, 0.739202),

              ["LeftUpperArm"] = CFrame.new(0.097094, -0.353068, 0.193945, 0.669835, -0.148452, -0.727518, -0.519797, 0.605920, -0.602223, 0.530219, 0.781552, 0.328702),

              ["LeftUpperLeg"] = CFrame.new(-0.000000, -0.000000, -0.000100, 0.954542, 0.282962, 0.093715, -0.275019, 0.957291, -0.089191, -0.114951, 0.059386, 0.991596),

              ["LowerTorso"] = CFrame.new(0.000000, -0.262049, -0.055273, 1.000000, -0.000000, -0.000000, 0.000000, 0.954169, -0.299269, 0.000000, 0.299269, 0.954169),

              ["RightFoot"] = CFrame.new(-0.000000, 0.017619, -0.000103, 0.945113, 0.249950, 0.210462, -0.164002, 0.919953, -0.356094, -0.282604, 0.302011, 0.910441),

              ["RightHand"] = CFrame.new(-0.000483, 0.025807, 0.000000, 0.984810, 0.150195, -0.087127, -0.078601, 0.833036, 0.547610, 0.154827, -0.532439, 0.832185),

              ["RightLowerArm"] = CFrame.new(-0.000001, 0.119879, 0.104436, 1.000000, 0.000000, -0.000000, -0.000000, -0.080286, -0.996772, -0.000000, 0.996772, -0.080287),

              ["RightLowerLeg"] = CFrame.new(-0.000000, 0.081682, -0.024288, 1.000000, 0.000000, 0.000000, -0.000000, 0.751960, 0.659211, 0.000000, -0.659209, 0.751958),

              ["RightUpperArm"] = CFrame.new(-0.163828, -0.292595, 0.238736, 0.623049, 0.333544, 0.707502, 0.381613, 0.659943, -0.647184, -0.682775, 0.673219, 0.283892),

              ["RightUpperLeg"] = CFrame.new(0.000000, -0.000000, 0.000000, 0.945110, -0.309625, -0.104404, 0.301477, 0.949512, -0.086803, 0.126010, 0.050585, 0.990740),

              ["UpperTorso"] = CFrame.new(-0.000000, 0.059102, 0.024290, 1.000000, 0.000000, 0.000000, -0.000000, 0.982814, 0.184597, -0.000000, -0.184597, 0.982814)

          }},

          {Time = 0.117, Data = {

              ["Head"] = CFrame.new(-0.000000, 0.000000, 0.000000, 0.993611, 0.112852, 0.000783, -0.112799, 0.993316, -0.024502, -0.003543, 0.024257, 0.999700),

              ["LeftFoot"] = CFrame.new(0.000000, 0.016771, -0.000003, 0.962422, -0.207733, -0.174915, 0.161023, 0.955180, -0.248416, 0.218666, 0.210898, 0.952730),

              ["LeftHand"] = CFrame.new(0.000483, 0.025936, 0.000000, 0.862522, -0.437225, 0.254740, 0.114351, 0.658809, 0.743571, -0.492930, -0.612213, 0.618231),

              ["LeftLowerArm"] = CFrame.new(-0.000499, 0.119738, 0.105065, 1.000000, -0.000000, 0.000000, 0.000000, -0.086828, -0.996223, 0.000000, 0.996223, -0.086829),

              ["LeftLowerLeg"] = CFrame.new(-0.000000, 0.079941, -0.023023, 1.000000, -0.000000, -0.000000, 0.000000, 0.764018, 0.645197, -0.000000, -0.645195, 0.764016),

              ["LeftUpperArm"] = CFrame.new(0.159994, -0.373036, 0.044661, 0.795636, -0.215692, -0.566075, -0.559734, 0.095581, -0.823142, 0.231651, 0.971772, -0.044683),

              ["LeftUpperLeg"] = CFrame.new(0.000000, 0.000000, -0.000100, 0.962421, 0.264112, 0.063180, -0.221014, 0.896960, -0.382886, -0.157796, 0.354554, 0.921633),

              ["LowerTorso"] = CFrame.new(0.000000, -0.247529, 0.109906, 1.000000, -0.000000, -0.000000, 0.000000, 0.996818, -0.079710, 0.000000, 0.079710, 0.996818),

              ["RightFoot"] = CFrame.new(0.000000, 0.016286, -0.000103, 0.954509, 0.228099, 0.192064, -0.179881, 0.954160, -0.239226, -0.237812, 0.193778, 0.951779),

              ["RightHand"] = CFrame.new(-0.000483, 0.026050, -0.000000, 0.942977, 0.287725, -0.167365, -0.046215, 0.611111, 0.790197, 0.329635, -0.737399, 0.589557),

              ["RightLowerArm"] = CFrame.new(-0.000001, 0.119343, 0.109997, 1.000000, 0.000000, 0.000000, -0.000000, -0.138043, -0.990426, -0.000000, 0.990426, -0.138044),

              ["RightLowerLeg"] = CFrame.new(-0.000000, 0.077670, -0.021925, 1.000000, 0.000000, 0.000000, -0.000000, 0.776415, 0.630222, 0.000000, -0.630221, 0.776415),

              ["RightUpperArm"] = CFrame.new(-0.222389, -0.285247, 0.179094, 0.740170, 0.558234, 0.374864, 0.366917, 0.131873, -0.920859, -0.563489, 0.819136, -0.107218),

              ["RightUpperLeg"] = CFrame.new(0.000000, 0.000000, -0.000000, 0.954507, -0.289542, -0.071284, 0.242682, 0.893210, -0.378507, 0.173266, 0.344008, 0.922849),

              ["UpperTorso"] = CFrame.new(-0.000000, 0.063082, -0.060705, 1.000000, 0.000000, 0.000000, -0.000000, 0.999946, 0.010439, -0.000000, -0.010439, 0.999946)

          }},

          {Time = 0.133, Data = {

              ["Head"] = CFrame.new(-0.000000, -0.000000, -0.000000, 0.993611, 0.112852, 0.000783, -0.111503, 0.982759, -0.147487, -0.017414, 0.146458, 0.989064),

              ["LeftFoot"] = CFrame.new(-0.000000, 0.013036, -0.000003, 0.969043, -0.188865, -0.159029, 0.175939, 0.980102, -0.091905, 0.173211, 0.061073, 0.982987),

              ["LeftHand"] = CFrame.new(0.000484, 0.024333, 0.000000, 0.695681, -0.620575, 0.361826, 0.141730, 0.612363, 0.777770, -0.704230, -0.489794, 0.513960),

              ["LeftLowerArm"] = CFrame.new(-0.000499, 0.117245, 0.076766, 1.000000, -0.000000, -0.000000, 0.000000, 0.207036, -0.978334, 0.000000, 0.978333, 0.207035),

              ["LeftLowerLeg"] = CFrame.new(-0.000000, 0.065595, -0.015028, 1.000000, -0.000000, 0.000000, 0.000000, 0.846164, 0.532920, -0.000000, -0.532923, 0.846166),

              ["LeftUpperArm"] = CFrame.new(0.213789, -0.305492, -0.102234, 0.903225, -0.188379, -0.385614, -0.424645, -0.522378, -0.739458, -0.062138, 0.831646, -0.551819),

              ["LeftUpperLeg"] = CFrame.new(0.000000, 0.000000, -0.000100, 0.969041, 0.241185, 0.052810, -0.166770, 0.797115, -0.580327, -0.182062, 0.553569, 0.812669),

              ["LowerTorso"] = CFrame.new(0.000000, -0.208404, 0.266785, 1.000000, -0.000000, -0.000000, 0.000000, 0.991642, 0.129018, 0.000000, -0.129018, 0.991642),

              ["RightFoot"] = CFrame.new(0.000000, 0.012807, -0.000103, 0.962443, 0.207676, 0.174868, -0.196042, 0.977198, -0.081563, -0.187808, 0.044212, 0.981208),

              ["RightHand"] = CFrame.new(-0.000484, 0.024130, 0.000000, 0.904014, 0.369455, -0.215092, -0.051896, 0.594252, 0.802605, 0.424342, -0.714400, 0.556382),

              ["RightLowerArm"] = CFrame.new(-0.000001, 0.116859, 0.074854, 1.000000, 0.000000, 0.000000, -0.000000, 0.226862, -0.973927, -0.000000, 0.973927, 0.226861),

              ["RightLowerLeg"] = CFrame.new(-0.000000, 0.063075, -0.013946, 1.000000, 0.000000, 0.000000, -0.000000, 0.858217, 0.513283, 0.000000, -0.513287, 0.858220),

              ["RightUpperArm"] = CFrame.new(-0.254682, -0.246537, 0.156462, 0.804757, 0.588755, -0.075717, 0.289497, -0.500627, -0.815821, -0.518225, 0.634618, -0.573326),

              ["RightUpperLeg"] = CFrame.new(0.000000, 0.000000, -0.000000, 0.962441, -0.264649, -0.060562, 0.183380, 0.798193, -0.573798, 0.200196, 0.541156, 0.816754),

              ["UpperTorso"] = CFrame.new(-0.000000, 0.094949, -0.135658, 1.000000, 0.000000, 0.000000, -0.000000, 0.988301, -0.152513, -0.000000, 0.152513, 0.988301)

          }},

          {Time = 0.150, Data = {

              ["Head"] = CFrame.new(0.000000, -0.000000, -0.000000, 0.993611, 0.112852, 0.000783, -0.109255, 0.963630, -0.243885, -0.028278, 0.242242, 0.969804),

              ["LeftFoot"] = CFrame.new(0.000000, 0.008743, -0.000003, 0.973633, -0.174502, -0.146935, 0.187451, 0.979065, 0.079352, 0.130004, -0.104795, 0.985958),

              ["LeftHand"] = CFrame.new(0.000488, 0.018148, 0.000000, 0.591340, -0.696628, 0.406239, 0.321657, 0.665698, 0.673339, -0.739496, -0.267500, 0.617726),

              ["LeftLowerArm"] = CFrame.new(-0.000500, 0.091467, 0.034028, 1.000000, -0.000000, -0.000000, 0.000000, 0.650562, -0.759453, 0.000000, 0.759453, 0.650563),

              ["LeftLowerLeg"] = CFrame.new(0.000000, 0.041850, -0.005482, 1.000000, -0.000000, -0.000000, 0.000000, 0.943249, 0.332076, -0.000000, -0.332087, 0.943253),

              ["LeftUpperArm"] = CFrame.new(0.235084, -0.228841, -0.160337, 0.945815, -0.158486, -0.283403, -0.271345, -0.865155, -0.421757, -0.178345, 0.475803, -0.861281),

              ["LeftUpperLeg"] = CFrame.new(-0.000000, -0.000000, -0.000100, 0.973632, 0.219986, 0.060383, -0.123858, 0.732047, -0.669891, -0.191570, 0.644759, 0.740000),

              ["LowerTorso"] = CFrame.new(0.000000, -0.159202, 0.391565, 1.000000, -0.000000, -0.000000, 0.000000, 0.956211, 0.292679, 0.000000, -0.292679, 0.956211),

              ["RightFoot"] = CFrame.new(0.000000, 0.008345, -0.000103, 0.967964, 0.192074, 0.161731, -0.208577, 0.973670, 0.092000, -0.139794, -0.122775, 0.982537),

              ["RightHand"] = CFrame.new(-0.000490, 0.015817, -0.000000, 0.900338, 0.376098, -0.218959, -0.155901, 0.748476, 0.644579, 0.406308, -0.546199, 0.732512),

              ["RightLowerArm"] = CFrame.new(0.000000, 0.083570, 0.027587, 1.000000, 0.000000, 0.000000, -0.000000, 0.717359, -0.696704, -0.000000, 0.696704, 0.717359),

              ["RightLowerLeg"] = CFrame.new(-0.000000, 0.038355, -0.004666, 1.000000, 0.000000, -0.000000, -0.000000, 0.952531, 0.304428, 0.000000, -0.304440, 0.952535),

              ["RightUpperArm"] = CFrame.new(-0.250901, -0.224951, 0.172941, 0.797195, 0.445895, -0.407011, 0.246325, -0.855734, -0.455020, -0.551184, 0.262482, -0.792022),

              ["RightUpperLeg"] = CFrame.new(0.000000, -0.000000, -0.000000, 0.967963, -0.241236, -0.069666, 0.136330, 0.737902, -0.660986, 0.210860, 0.630322, 0.747157),

              ["UpperTorso"] = CFrame.new(-0.000000, 0.139031, -0.188071, 1.000000, 0.000000, 0.000000, -0.000000, 0.959877, -0.280422, -0.000000, 0.280422, 0.959877)

          }},

          {Time = 0.167, Data = {

              ["Head"] = CFrame.new(0.000000, -0.000000, 0.000000, 0.993612, 0.112852, 0.000783, -0.107419, 0.947855, -0.300055, -0.034604, 0.298054, 0.953922),

              ["LeftFoot"] = CFrame.new(-0.000000, 0.003669, -0.000003, 0.976042, -0.166441, -0.140147, 0.194146, 0.956997, 0.215583, 0.098233, -0.237603, 0.966376),

              ["LeftHand"] = CFrame.new(0.000495, 0.007664, -0.000000, 0.557832, -0.716964, 0.418077, 0.501381, 0.692538, 0.518663, -0.661393, -0.079710, 0.745789),

              ["LeftLowerArm"] = CFrame.new(-0.000500, 0.045245, 0.007490, 1.000000, -0.000000, -0.000000, 0.000000, 0.923737, -0.383026, 0.000000, 0.383027, 0.923737),

              ["LeftLowerLeg"] = CFrame.new(-0.000000, 0.015840, -0.000577, 1.000000, 0.000000, 0.000000, 0.000000, 0.992932, 0.118666, 0.000000, -0.118683, 0.992934),

              ["LeftUpperArm"] = CFrame.new(0.242549, -0.190264, -0.170233, 0.960746, -0.164382, -0.223487, -0.194190, -0.973774, -0.118555, -0.198138, 0.157300, -0.967470),

              ["LeftUpperLeg"] = CFrame.new(-0.000000, -0.000000, -0.000100, 0.976042, 0.204431, 0.074502, -0.099377, 0.723444, -0.683187, -0.193563, 0.659421, 0.726433),

              ["LowerTorso"] = CFrame.new(0.000000, -0.122592, 0.464368, 1.000000, -0.000000, -0.000000, 0.000000, 0.922361, 0.386330, 0.000000, -0.386330, 0.922361),

              ["RightFoot"] = CFrame.new(-0.000000, 0.002766, -0.000103, 0.970867, 0.183297, 0.154340, -0.215918, 0.948511, 0.231772, -0.103905, -0.258319, 0.960448),

              ["RightHand"] = CFrame.new(-0.000498, 0.003865, -0.000000, 0.906389, 0.365115, -0.212487, -0.263811, 0.882067, 0.390337, 0.329944, -0.297738, 0.895816),

              ["RightLowerArm"] = CFrame.new(-0.000000, 0.020768, 0.001423, 1.000000, 0.000000, 0.000000, -0.000000, 0.985377, -0.170390, -0.000000, 0.170389, 0.985377),

              ["RightLowerLeg"] = CFrame.new(-0.000000, 0.010773, -0.000303, 1.000000, 0.000000, 0.000000, -0.000000, 0.996745, 0.080602, 0.000000, -0.080619, 0.996746),

              ["RightUpperArm"] = CFrame.new(-0.240527, -0.221164, 0.188952, 0.776446, 0.241048, -0.582260, 0.238753, -0.967596, -0.082193, -0.583205, -0.075199, -0.808837),

              ["RightUpperLeg"] = CFrame.new(0.000000, -0.000000, -0.000000, 0.970867, -0.223590, -0.086165, 0.109441, 0.733655, -0.670646, 0.213166, 0.641684, 0.736756),

              ["UpperTorso"] = CFrame.new(-0.000000, 0.172404, -0.214525, 1.000000, 0.000000, 0.000000, -0.000000, 0.935128, -0.354311, -0.000000, 0.354311, 0.935128)

          }},

          {Time = 0.183, Data = {

              ["Head"] = CFrame.new(-0.000000, -0.000000, 0.000000, 0.993612, 0.112852, 0.000783, -0.107123, 0.945303, -0.308101, -0.035510, 0.306049, 0.951353),

              ["LeftFoot"] = CFrame.new(0.000000, 0.002655, -0.000003, 0.976328, -0.165457, -0.139318, 0.194977, 0.952074, 0.235694, 0.093640, -0.257253, 0.961789),

              ["LeftHand"] = CFrame.new(0.000496, 0.006308, -0.000000, 0.554987, -0.718614, 0.419030, 0.531519, 0.693823, 0.485900, -0.639903, -0.046945, 0.767017),

              ["LeftLowerArm"] = CFrame.new(-0.000500, 0.035925, 0.004570, 1.000000, -0.000000, -0.000000, 0.000000, 0.953415, -0.301663, 0.000000, 0.301663, 0.953415),

              ["LeftLowerLeg"] = CFrame.new(-0.000000, 0.011358, -0.000227, 1.000000, -0.000000, -0.000000, -0.000000, 0.996499, 0.083586, -0.000000, -0.083603, 0.996501),

              ["LeftUpperArm"] = CFrame.new(0.243336, -0.185974, -0.170525, 0.962319, -0.167837, -0.213945, -0.185611, -0.980421, -0.065748, -0.198721, 0.102980, -0.974631),

              ["LeftUpperLeg"] = CFrame.new(-0.000000, -0.000000, -0.000100, 0.976328, 0.202121, 0.077016, -0.096376, 0.725275, -0.681675, -0.193639, 0.658121, 0.727591),

              ["LowerTorso"] = CFrame.new(0.000000, -0.117617, 0.473406, 1.000000, -0.000000, -0.000000, 0.000000, 0.917459, 0.397831, 0.000000, -0.397831, 0.917459),

              ["RightFoot"] = CFrame.new(0.000000, 0.001557, -0.000103, 0.971212, 0.182225, 0.153437, -0.216863, 0.942876, 0.252924, -0.098579, -0.278890, 0.955242),

              ["RightHand"] = CFrame.new(-0.000499, 0.001076, -0.000000, 0.907349, 0.363339, -0.211434, -0.283919, 0.900572, 0.329184, 0.310014, -0.238652, 0.920290),

              ["RightLowerArm"] = CFrame.new(-0.000000, 0.005144, 0.000075, 1.000000, 0.000000, 0.000000, -0.000000, 0.999166, -0.040843, -0.000000, 0.040842, 0.999166),

              ["RightLowerLeg"] = CFrame.new(0.000000, 0.005820, -0.000078, 1.000000, -0.000000, 0.000000, -0.000000, 0.999082, 0.042832, 0.000000, -0.042849, 0.999082),

              ["RightUpperArm"] = CFrame.new(-0.238981, -0.221120, 0.191016, 0.773355, 0.194663, -0.603347, 0.238665, -0.971074, -0.007392, -0.587334, -0.138282, -0.797444),

              ["RightUpperLeg"] = CFrame.new(0.000000, -0.000000, -0.000000, 0.971212, -0.220886, -0.089200, 0.106143, 0.736483, -0.668072, 0.213263, 0.639376, 0.738731),

              ["UpperTorso"] = CFrame.new(-0.000000, 0.176944, -0.217556, 1.000000, 0.000000, 0.000000, -0.000000, 0.931617, -0.363443, -0.000000, 0.363443, 0.931617)

          }},

          {Time = 0.200, Data = {

              ["Head"] = CFrame.new(-0.000000, 0.000000, -0.000000, 0.993612, 0.112852, 0.000783, -0.108310, 0.955528, -0.274289, -0.031703, 0.272452, 0.961647),

              ["LeftFoot"] = CFrame.new(0.000000, 0.006762, -0.000003, 0.974821, -0.170577, -0.143631, 0.190656, 0.971612, 0.140091, 0.115650, -0.163933, 0.979666),

              ["LeftHand"] = CFrame.new(0.000492, 0.012690, -0.000000, 0.572702, -0.708154, 0.412957, 0.397605, 0.680484, 0.615512, -0.716884, -0.188309, 0.671276),

              ["LeftLowerArm"] = CFrame.new(-0.000500, 0.073291, 0.021215, 1.000000, -0.000000, -0.000000, 0.000000, 0.783408, -0.621507, 0.000000, 0.621508, 0.783408),

              ["LeftLowerLeg"] = CFrame.new(0.000000, 0.031116, -0.002827, 1.000000, -0.000000, 0.000000, 0.000000, 0.970144, 0.242515, 0.000000, -0.242529, 0.970148),

              ["LeftUpperArm"] = CFrame.new(0.238973, -0.209340, -0.166922, 0.953593, -0.157449, -0.256653, -0.232342, -0.926942, -0.294614, -0.191516, 0.340572, -0.920507),

              ["LeftUpperLeg"] = CFrame.new(-0.000000, -0.000000, -0.000100, 0.974820, 0.213012, 0.065963, -0.111967, 0.723374, -0.681309, -0.192844, 0.656777, 0.729017),

              ["LowerTorso"] = CFrame.new(0.000000, -0.142275, 0.426734, 1.000000, -0.000000, -0.000000, 0.000000, 0.941100, 0.338129, 0.000000, -0.338129, 0.941100),

              ["RightFoot"] = CFrame.new(-0.000000, 0.006228, -0.000103, 0.969395, 0.187802, 0.158134, -0.212073, 0.965055, 0.153945, -0.123690, -0.182752, 0.975343),

              ["RightHand"] = CFrame.new(-0.000493, 0.009793, -0.000000, 0.902810, 0.371658, -0.216348, -0.199563, 0.807711, 0.554781, 0.380932, -0.457683, 0.803375),

              ["RightLowerArm"] = CFrame.new(-0.000000, 0.060544, 0.014102, 1.000000, 0.000000, 0.000000, -0.000000, 0.856389, -0.516331, -0.000000, 0.516331, 0.856389),

              ["RightLowerLeg"] = CFrame.new(-0.000000, 0.027095, -0.002203, 1.000000, 0.000000, -0.000000, -0.000000, 0.977470, 0.211058, 0.000000, -0.211073, 0.977474),

              ["RightUpperArm"] = CFrame.new(-0.246411, -0.222329, 0.180456, 0.788214, 0.370331, -0.491502, 0.241084, -0.920649, -0.307059, -0.566214, 0.123534, -0.814948),

              ["RightUpperLeg"] = CFrame.new(0.000000, -0.000000, -0.000000, 0.969394, -0.233402, -0.076147, 0.123273, 0.730960, -0.671186, 0.212317, 0.641265, 0.737367),

              ["UpperTorso"] = CFrame.new(-0.000000, 0.154444, -0.201286, 1.000000, 0.000000, 0.000000, -0.000000, 0.948697, -0.316188, -0.000000, 0.316188, 0.948697)

          }},

          {Time = 0.217, Data = {

              ["Head"] = CFrame.new(0.000000, -0.000000, -0.000000, 0.993612, 0.112852, 0.000783, -0.110253, 0.972163, -0.206747, -0.024094, 0.205340, 0.978394),

              ["LeftFoot"] = CFrame.new(-0.000000, 0.011022, -0.000003, 0.971654, -0.180843, -0.152274, 0.182382, 0.983220, -0.003920, 0.150418, -0.023963, 0.988331),

              ["LeftHand"] = CFrame.new(0.000485, 0.022220, -0.000000, 0.630902, -0.670236, 0.390833, 0.222482, 0.638867, 0.736446, -0.743280, -0.377668, 0.552174),

              ["LeftLowerArm"] = CFrame.new(-0.000500, 0.108211, 0.054568, 1.000000, -0.000000, -0.000000, 0.000000, 0.437431, -0.899252, 0.000000, 0.899252, 0.437431),

              ["LeftLowerLeg"] = CFrame.new(-0.000000, 0.054548, -0.009907, 1.000000, -0.000000, 0.000000, 0.000000, 0.898325, 0.439323, -0.000000, -0.439331, 0.898329),

              ["LeftUpperArm"] = CFrame.new(0.227355, -0.262422, -0.141614, 0.930356, -0.167202, -0.326315, -0.338505, -0.733678, -0.589178, -0.140899, 0.658604, -0.739180),

              ["LeftUpperLeg"] = CFrame.new(-0.000000, 0.000000, -0.000100, 0.971653, 0.229923, 0.055006, -0.142933, 0.756655, -0.637988, -0.188309, 0.612053, 0.768079),

              ["LowerTorso"] = CFrame.new(0.000000, -0.183253, 0.335767, 1.000000, -0.000000, -0.000000, 0.000000, 0.975524, 0.219896, 0.000000, -0.219896, 0.975524),

              ["RightFoot"] = CFrame.new(0.000000, 0.010733, -0.000103, 0.965581, 0.198967, 0.167536, -0.203032, 0.979145, 0.007314, -0.162576, -0.041075, 0.985839),

              ["RightHand"] = CFrame.new(-0.000486, 0.021427, -0.000000, 0.899092, 0.378310, -0.220264, -0.099243, 0.666210, 0.739134, 0.426361, -0.642686, 0.636526),

              ["RightLowerArm"] = CFrame.new(-0.000000, 0.105269, 0.049734, 1.000000, 0.000000, 0.000000, -0.000000, 0.487603, -0.873065, -0.000000, 0.873065, 0.487603),

              ["RightLowerLeg"] = CFrame.new(-0.000000, 0.051625, -0.008933, 1.000000, 0.000000, 0.000000, -0.000000, 0.909245, 0.416253, 0.000000, -0.416261, 0.909249),

              ["RightUpperArm"] = CFrame.new(-0.255323, -0.232321, 0.162936, 0.806039, 0.529597, -0.264250, 0.261066, -0.718826, -0.644310, -0.531174, 0.450352, -0.717661),

              ["RightUpperLeg"] = CFrame.new(0.000000, 0.000000, -0.000000, 0.965580, -0.252281, -0.063315, 0.157258, 0.760110, -0.630467, 0.207182, 0.598822, 0.773629),

              ["UpperTorso"] = CFrame.new(-0.000000, 0.117280, -0.165612, 1.000000, 0.000000, 0.000000, -0.000000, 0.974723, -0.223417, -0.000000, 0.223417, 0.974723)

          }},

          {Time = 0.233, Data = {

              ["Head"] = CFrame.new(0.000000, 0.000000, -0.000000, 0.993612, 0.112852, 0.000783, -0.112032, 0.987179, -0.113696, -0.013604, 0.112882, 0.993515),

              ["LeftFoot"] = CFrame.new(-0.000000, 0.014342, -0.000003, 0.966864, -0.195291, -0.164439, 0.170773, 0.973508, -0.152060, 0.189767, 0.118928, 0.974596),

              ["LeftHand"] = CFrame.new(0.000483, 0.025260, 0.000000, 0.754675, -0.566823, 0.330426, 0.111175, 0.606816, 0.787031, -0.646611, -0.557213, 0.520962),

              ["LeftLowerArm"] = CFrame.new(-0.000499, 0.119611, 0.090350, 1.000000, -0.000000, 0.000000, 0.000000, 0.065951, -0.997823, 0.000000, 0.997823, 0.065950),

              ["LeftLowerLeg"] = CFrame.new(-0.000000, 0.071863, -0.018450, 1.000000, -0.000000, 0.000000, 0.000000, 0.811175, 0.584802, -0.000000, -0.584803, 0.811176),

              ["LeftUpperArm"] = CFrame.new(0.198843, -0.336404, -0.058538, 0.873333, -0.206865, -0.441018, -0.486469, -0.323441, -0.811624, 0.025253, 0.923360, -0.383105),

              ["LeftUpperLeg"] = CFrame.new(0.000000, -0.000000, -0.000100, 0.966862, 0.249507, 0.054073, -0.185567, 0.832285, -0.522350, -0.175335, 0.495023, 0.851015),

              ["LowerTorso"] = CFrame.new(0.000000, -0.224707, 0.212640, 1.000000, -0.000000, -0.000000, 0.000000, 0.998363, 0.057191, 0.000000, -0.057191, 0.998363),

              ["RightFoot"] = CFrame.new(-0.000000, 0.014006, -0.000103, 0.959828, 0.214641, 0.180733, -0.190408, 0.971329, -0.142367, -0.206096, 0.102224, 0.973174),

              ["RightHand"] = CFrame.new(-0.000483, 0.025186, 0.000000, 0.913772, 0.351085, -0.204358, -0.034972, 0.569181, 0.821470, 0.404719, -0.743487, 0.532377),

              ["RightLowerArm"] = CFrame.new(-0.000000, 0.119756, 0.090898, 1.000000, 0.000000, -0.000000, -0.000000, 0.060263, -0.998183, -0.000000, 0.998183, 0.060263),

              ["RightLowerLeg"] = CFrame.new(-0.000000, 0.069478, -0.017357, 1.000000, 0.000000, 0.000000, -0.000000, 0.823415, 0.567437, 0.000000, -0.567439, 0.823417),

              ["RightUpperArm"] = CFrame.new(-0.248402, -0.260371, 0.158037, 0.792196, 0.605122, 0.079083, 0.317165, -0.297534, -0.900489, -0.521375, 0.738445, -0.427628),

              ["RightUpperLeg"] = CFrame.new(0.000000, -0.000000, -0.000000, 0.959826, -0.273735, -0.061666, 0.203954, 0.831529, -0.516668, 0.192708, 0.483351, 0.853962),

              ["UpperTorso"] = CFrame.new(-0.000000, 0.080960, -0.110719, 1.000000, 0.000000, 0.000000, -0.000000, 0.995329, -0.096538, -0.000000, 0.096538, 0.995329)

          }},

          {Time = 0.250, Data = {

              ["Head"] = CFrame.new(0.000000, -0.000000, -0.000000, 0.993611, 0.112852, 0.000783, -0.112847, 0.993599, -0.005087, -0.001353, 0.004966, 0.999987),

              ["LeftFoot"] = CFrame.new(-0.000000, 0.017384, -0.000003, 0.960683, -0.212392, -0.178838, 0.157407, 0.947200, -0.279365, 0.228716, 0.240212, 0.943383),

              ["LeftHand"] = CFrame.new(0.000483, 0.026001, 0.000000, 0.894402, -0.386485, 0.225117, 0.125196, 0.699530, 0.703554, -0.429385, -0.601072, 0.674043),

              ["LeftLowerArm"] = CFrame.new(-0.000499, 0.119630, 0.106482, 1.000000, -0.000000, 0.000000, 0.000000, -0.101542, -0.994831, 0.000000, 0.994831, -0.101543),

              ["LeftLowerLeg"] = CFrame.new(0.000000, 0.081775, -0.024123, 1.000000, -0.000000, -0.000000, 0.000000, 0.752632, 0.658443, -0.000000, -0.658441, 0.752631),

              ["LeftUpperArm"] = CFrame.new(0.143827, -0.376489, 0.083991, 0.763300, -0.204803, -0.612723, -0.566639, 0.243319, -0.787221, 0.310311, 0.948078, 0.069676),

