return {
["laugh"] = {

          {Time = 0.000, Data = {

              ["Head"] = CFrame.new(0.000000, 0.000000, 0.000000, 1.000000, 0.000000, 0.000000, 0.000000, 1.000000, -0.000000, 0.000000, 0.000000, 1.000000),

              ["LeftFoot"] = CFrame.new(0.000000, 0.012453, -0.000003, 0.995218, -0.074722, -0.062917, 0.059643, 0.974924, -0.214415, 0.077356, 0.209620, 0.974714),

              ["LeftHand"] = CFrame.new(0.000484, 0.024310, -0.000000, 0.700126, -0.616587, 0.360064, 0.704498, 0.678606, -0.207791, -0.116219, 0.399141, 0.909493),

              ["LeftLowerArm"] = CFrame.new(-0.000499, 0.117137, 0.076327, 1.000000, -0.000000, -0.000000, 0.000000, 0.211587, -0.977359, 0.000000, 0.977359, 0.211587),

              ["LeftLowerLeg"] = CFrame.new(0.000000, 0.062432, -0.013431, 1.000000, -0.000000, -0.000000, 0.000000, 0.862448, 0.506141, -0.000000, -0.506145, 0.862451),

              ["LeftUpperArm"] = CFrame.new(0.263994, -0.195940, 0.312560, 0.757746, -0.534443, -0.374422, -0.187209, 0.371620, -0.909314, 0.625119, 0.759124, 0.181541),

              ["LeftUpperLeg"] = CFrame.new(0.000000, -0.000000, -0.000100, 0.995218, 0.090594, 0.036530, -0.075551, 0.950933, -0.300012, -0.061917, 0.295836, 0.953236),

              ["LowerTorso"] = CFrame.new(0.000000, -0.142416, 0.051176, 1.000000, -0.000000, -0.000000, -0.000000, 0.999912, -0.013282, 0.000000, 0.013282, 0.999912),

              ["RightFoot"] = CFrame.new(0.000000, 0.012575, -0.000103, 0.993768, 0.085272, 0.071801, -0.068296, 0.974791, -0.212425, -0.088099, 0.206181, 0.974536),

              ["RightHand"] = CFrame.new(-0.000540, -0.060561, 0.000000, 0.992801, -0.103016, 0.061116, 0.095941, 0.989382, 0.109171, -0.071712, -0.102520, 0.992142),

              ["RightLowerArm"] = CFrame.new(-0.000002, -0.060488, 0.000329, 1.000000, 0.000000, 0.000000, -0.000000, 1.000000, -0.000001, -0.000000, -0.000000, 1.000000),

              ["RightLowerLeg"] = CFrame.new(0.000000, 0.061812, -0.013327, 1.000000, 0.000000, -0.000000, -0.000000, 0.864529, 0.502578, 0.000000, -0.502582, 0.864532),

              ["RightUpperArm"] = CFrame.new(0.269035, 0.087833, -0.497685, -0.094773, -0.443677, -0.891162, -0.016024, 0.895755, -0.444259, 0.995370, -0.027823, -0.092004),

              ["RightUpperLeg"] = CFrame.new(0.000000, -0.000000, -0.000000, 0.993767, -0.103323, -0.041843, 0.086218, 0.950342, -0.299008, 0.070660, 0.293555, 0.953333),

              ["UpperTorso"] = CFrame.new(-0.000000, 0.011920, -0.027177, 1.000000, -0.000000, 0.000000, -0.000000, 0.999912, 0.013282, -0.000000, -0.013282, 0.999912)

          }},

          {Time = 0.020, Data = {

              ["Head"] = CFrame.new(0.000000, -0.004126, 0.000000, 1.000000, 0.000000, 0.000000, 0.000000, 1.000000, -0.000000, 0.000000, 0.000000, 1.000000),

              ["LeftFoot"] = CFrame.new(0.000000, 0.012453, -0.000003, 0.995218, -0.074722, -0.062917, 0.059643, 0.974924, -0.214415, 0.077356, 0.209620, 0.974714),

              ["LeftHand"] = CFrame.new(0.000484, 0.024323, -0.000000, 0.700861, -0.615961, 0.359703, 0.704156, 0.677943, -0.211090, -0.113834, 0.401229, 0.908876),

              ["LeftLowerArm"] = CFrame.new(-0.000499, 0.117199, 0.076579, 1.000000, -0.000000, -0.000000, 0.000000, 0.208971, -0.977922, 0.000000, 0.977922, 0.208971),

              ["LeftLowerLeg"] = CFrame.new(0.000000, 0.062432, -0.013431, 1.000000, -0.000000, -0.000000, 0.000000, 0.862448, 0.506141, -0.000000, -0.506145, 0.862451),

              ["LeftUpperArm"] = CFrame.new(0.263714, -0.196307, 0.312789, 0.757185, -0.532505, -0.378298, -0.187942, 0.377049, -0.906924, 0.625579, 0.757808, 0.185415),

              ["LeftUpperLeg"] = CFrame.new(0.000000, -0.000000, -0.000100, 0.995218, 0.090594, 0.036530, -0.075551, 0.950933, -0.300012, -0.061917, 0.295836, 0.953236),

              ["LowerTorso"] = CFrame.new(0.000000, -0.142416, 0.051176, 1.000000, -0.000000, -0.000000, -0.000000, 0.999912, -0.013282, 0.000000, 0.013282, 0.999912),

              ["RightFoot"] = CFrame.new(0.000000, 0.012575, -0.000103, 0.993768, 0.085272, 0.071801, -0.068296, 0.974791, -0.212425, -0.088099, 0.206181, 0.974536),

              ["RightHand"] = CFrame.new(-0.000540, -0.060638, -0.000000, 0.992802, -0.103007, 0.061110, 0.095941, 0.989396, 0.109045, -0.071693, -0.102396, 0.992157),

              ["RightLowerArm"] = CFrame.new(-0.000002, -0.060565, 0.000330, 1.000000, 0.000000, 0.000000, -0.000000, 1.000000, -0.000001, -0.000000, -0.000000, 1.000000),

              ["RightLowerLeg"] = CFrame.new(0.000000, 0.061812, -0.013327, 1.000000, 0.000000, -0.000000, -0.000000, 0.864529, 0.502578, 0.000000, -0.502582, 0.864532),

              ["RightUpperArm"] = CFrame.new(0.269149, 0.083243, -0.497685, -0.094772, -0.443563, -0.891218, -0.016013, 0.895811, -0.444146, 0.995370, -0.027821, -0.092001),

              ["RightUpperLeg"] = CFrame.new(0.000000, -0.000000, -0.000000, 0.993767, -0.103323, -0.041843, 0.086218, 0.950342, -0.299008, 0.070660, 0.293555, 0.953333),

              ["UpperTorso"] = CFrame.new(-0.000000, 0.016734, -0.027241, 1.000000, -0.000000, 0.000000, -0.000000, 0.999912, 0.013282, -0.000000, -0.013282, 0.999912)

          }},

          {Time = 0.040, Data = {

              ["Head"] = CFrame.new(0.000000, -0.015326, 0.000000, 1.000000, 0.000000, 0.000000, 0.000000, 1.000000, -0.000000, 0.000000, 0.000000, 1.000000),

              ["LeftFoot"] = CFrame.new(0.000000, 0.012453, -0.000003, 0.995218, -0.074722, -0.062917, 0.059643, 0.974924, -0.214415, 0.077356, 0.209620, 0.974714),

              ["LeftHand"] = CFrame.new(0.000484, 0.024359, 0.000000, 0.702884, -0.614236, 0.358707, 0.703172, 0.676064, -0.220198, -0.107254, 0.407003, 0.907107),

              ["LeftLowerArm"] = CFrame.new(-0.000499, 0.117360, 0.077245, 1.000000, -0.000000, -0.000000, -0.000000, 0.202076, -0.979370, 0.000000, 0.979370, 0.202076),

              ["LeftLowerLeg"] = CFrame.new(0.000000, 0.062432, -0.013431, 1.000000, -0.000000, -0.000000, 0.000000, 0.862448, 0.506141, -0.000000, -0.506145, 0.862451),

              ["LeftUpperArm"] = CFrame.new(0.262940, -0.197316, 0.313420, 0.755637, -0.527137, -0.388768, -0.189961, 0.391665, -0.900285, 0.626840, 0.754139, 0.195821),

              ["LeftUpperLeg"] = CFrame.new(0.000000, -0.000000, -0.000100, 0.995218, 0.090594, 0.036530, -0.075551, 0.950933, -0.300012, -0.061917, 0.295836, 0.953236),

              ["LowerTorso"] = CFrame.new(0.000000, -0.142416, 0.051176, 1.000000, -0.000000, -0.000000, -0.000000, 0.999912, -0.013282, 0.000000, 0.013282, 0.999912),

              ["RightFoot"] = CFrame.new(0.000000, 0.012575, -0.000103, 0.993768, 0.085272, 0.071801, -0.068296, 0.974791, -0.212425, -0.088099, 0.206181, 0.974536),

              ["RightHand"] = CFrame.new(-0.000540, -0.060847, -0.000000, 0.992806, -0.102980, 0.061095, 0.095941, 0.989434, 0.108703, -0.071643, -0.102058, 0.992195),

              ["RightLowerArm"] = CFrame.new(-0.000002, -0.060775, 0.000331, 1.000000, 0.000000, 0.000000, -0.000000, 1.000000, -0.000001, -0.000000, -0.000000, 1.000000),

              ["RightLowerLeg"] = CFrame.new(0.000000, 0.061812, -0.013327, 1.000000, 0.000000, -0.000000, -0.000000, 0.864529, 0.502578, 0.000000, -0.502582, 0.864532),

              ["RightUpperArm"] = CFrame.new(0.269457, 0.070784, -0.497686, -0.094766, -0.443255, -0.891372, -0.015983, 0.895964, -0.443839, 0.995371, -0.027814, -0.091992),

              ["RightUpperLeg"] = CFrame.new(0.000000, -0.000000, -0.000000, 0.993767, -0.103323, -0.041843, 0.086218, 0.950342, -0.299008, 0.070660, 0.293555, 0.953333),

              ["UpperTorso"] = CFrame.new(-0.000000, 0.029799, -0.027415, 1.000000, -0.000000, 0.000000, -0.000000, 0.999912, 0.013282, -0.000000, -0.013282, 0.999912)

          }},

          {Time = 0.060, Data = {

              ["Head"] = CFrame.new(0.000000, -0.031830, 0.000000, 1.000000, 0.000000, 0.000000, 0.000000, 1.000000, -0.000000, 0.000000, 0.000000, 1.000000),

              ["LeftFoot"] = CFrame.new(0.000000, 0.012453, -0.000003, 0.995218, -0.074722, -0.062917, 0.059643, 0.974924, -0.214415, 0.077356, 0.209620, 0.974714),

              ["LeftHand"] = CFrame.new(0.000484, 0.024409, 0.000000, 0.705934, -0.611615, 0.357193, 0.701565, 0.673083, -0.234024, -0.097287, 0.415797, 0.904238),

              ["LeftLowerArm"] = CFrame.new(-0.000499, 0.117575, 0.078171, 1.000000, -0.000000, -0.000000, -0.000000, 0.192462, -0.981305, 0.000000, 0.981305, 0.192461),

              ["LeftLowerLeg"] = CFrame.new(0.000000, 0.062432, -0.013431, 1.000000, -0.000000, -0.000000, 0.000000, 0.862448, 0.506141, -0.000000, -0.506145, 0.862451),

              ["LeftUpperArm"] = CFrame.new(0.261762, -0.198842, 0.314370, 0.753282, -0.518944, -0.404060, -0.193011, 0.412880, -0.890099, 0.628740, 0.748484, 0.210853),

              ["LeftUpperLeg"] = CFrame.new(0.000000, -0.000000, -0.000100, 0.995218, 0.090594, 0.036530, -0.075551, 0.950933, -0.300012, -0.061917, 0.295836, 0.953236),

              ["LowerTorso"] = CFrame.new(0.000000, -0.142416, 0.051176, 1.000000, -0.000000, -0.000000, -0.000000, 0.999912, -0.013282, 0.000000, 0.013282, 0.999912),

              ["RightFoot"] = CFrame.new(0.000000, 0.012575, -0.000103, 0.993768, 0.085272, 0.071801, -0.068296, 0.974791, -0.212425, -0.088099, 0.206181, 0.974536),

              ["RightHand"] = CFrame.new(-0.000540, -0.061156, -0.000000, 0.992811, -0.102942, 0.061072, 0.095941, 0.989489, 0.108199, -0.071568, -0.101561, 0.992252),

              ["RightLowerArm"] = CFrame.new(-0.000002, -0.061082, 0.000332, 1.000000, 0.000000, 0.000000, -0.000000, 1.000000, -0.000001, -0.000000, -0.000000, 1.000000),

              ["RightLowerLeg"] = CFrame.new(0.000000, 0.061812, -0.013327, 1.000000, 0.000000, -0.000000, -0.000000, 0.864529, 0.502578, 0.000000, -0.502582, 0.864532),

              ["RightUpperArm"] = CFrame.new(0.269912, 0.052423, -0.497686, -0.094759, -0.442801, -0.891599, -0.015939, 0.896189, -0.443387, 0.995373, -0.027803, -0.091980),

              ["RightUpperLeg"] = CFrame.new(0.000000, -0.000000, -0.000000, 0.993767, -0.103323, -0.041843, 0.086218, 0.950342, -0.299008, 0.070660, 0.293555, 0.953333),

              ["UpperTorso"] = CFrame.new(-0.000000, 0.049052, -0.027670, 1.000000, -0.000000, 0.000000, -0.000000, 0.999912, 0.013282, -0.000000, -0.013282, 0.999912)

          }},

          {Time = 0.080, Data = {

              ["Head"] = CFrame.new(0.000000, -0.051872, 0.000000, 1.000000, 0.000000, 0.000000, 0.000000, 1.000000, -0.000000, 0.000000, 0.000000, 1.000000),

              ["LeftFoot"] = CFrame.new(0.000000, 0.012453, -0.000003, 0.995218, -0.074722, -0.062917, 0.059643, 0.974924, -0.214415, 0.077356, 0.209620, 0.974714),

              ["LeftHand"] = CFrame.new(0.000484, 0.024465, -0.000000, 0.709752, -0.608301, 0.355279, 0.699332, 0.669115, -0.251438, -0.084771, 0.426914, 0.900309),

              ["LeftLowerArm"] = CFrame.new(-0.000499, 0.117805, 0.079212, 1.000000, -0.000000, -0.000000, 0.000000, 0.181671, -0.983359, 0.000000, 0.983359, 0.181671),

              ["LeftLowerLeg"] = CFrame.new(0.000000, 0.062432, -0.013431, 1.000000, -0.000000, -0.000000, 0.000000, 0.862448, 0.506141, -0.000000, -0.506145, 0.862451),

              ["LeftUpperArm"] = CFrame.new(0.260271, -0.200758, 0.315557, 0.750299, -0.508559, -0.422398, -0.196844, 0.438096, -0.877111, 0.631114, 0.741242, 0.228596),

              ["LeftUpperLeg"] = CFrame.new(0.000000, -0.000000, -0.000100, 0.995218, 0.090594, 0.036530, -0.075551, 0.950933, -0.300012, -0.061917, 0.295836, 0.953236),

              ["LowerTorso"] = CFrame.new(0.000000, -0.142416, 0.051176, 1.000000, -0.000000, -0.000000, -0.000000, 0.999912, -0.013282, 0.000000, 0.013282, 0.999912),

              ["RightFoot"] = CFrame.new(0.000000, 0.012575, -0.000103, 0.993768, 0.085272, 0.071801, -0.068296, 0.974791, -0.212425, -0.088099, 0.206181, 0.974536),

              ["RightHand"] = CFrame.new(-0.000540, -0.061532, -0.000000, 0.992817, -0.102895, 0.061045, 0.095942, 0.989556, 0.107588, -0.071477, -0.100957, 0.992320),

              ["RightLowerArm"] = CFrame.new(-0.000002, -0.061457, 0.000335, 1.000000, 0.000000, 0.000000, -0.000000, 1.000000, -0.000001, -0.000000, -0.000000, 1.000000),

              ["RightLowerLeg"] = CFrame.new(0.000000, 0.061812, -0.013327, 1.000000, 0.000000, -0.000000, -0.000000, 0.864529, 0.502578, 0.000000, -0.502582, 0.864532),

              ["RightUpperArm"] = CFrame.new(0.270464, 0.030128, -0.497687, -0.094749, -0.442250, -0.891873, -0.015886, 0.896461, -0.442838, 0.995374, -0.027790, -0.091965),

              ["RightUpperLeg"] = CFrame.new(0.000000, -0.000000, -0.000000, 0.993767, -0.103323, -0.041843, 0.086218, 0.950342, -0.299008, 0.070660, 0.293555, 0.953333),

              ["UpperTorso"] = CFrame.new(-0.000000, 0.072432, -0.027981, 1.000000, -0.000000, 0.000000, -0.000000, 0.999912, 0.013282, -0.000000, -0.013282, 0.999912)

          }},

          {Time = 0.100, Data = {

              ["Head"] = CFrame.new(0.000000, -0.073681, 0.000000, 1.000000, 0.000000, 0.000000, 0.000000, 1.000000, -0.000000, 0.000000, 0.000000, 1.000000),

              ["LeftFoot"] = CFrame.new(0.000000, 0.012453, -0.000003, 0.995218, -0.074722, -0.062917, 0.059643, 0.974924, -0.214415, 0.077356, 0.209620, 0.974714),

              ["LeftHand"] = CFrame.new(0.000484, 0.024519, -0.000000, 0.714058, -0.604522, 0.353094, 0.696511, 0.664349, -0.271136, -0.070669, 0.439538, 0.895438),

              ["LeftLowerArm"] = CFrame.new(-0.000499, 0.118021, 0.080237, 1.000000, -0.000000, -0.000000, 0.000000, 0.171040, -0.985264, 0.000000, 0.985264, 0.171040),

              ["LeftLowerLeg"] = CFrame.new(0.000000, 0.062432, -0.013431, 1.000000, -0.000000, -0.000000, 0.000000, 0.862448, 0.506141, -0.000000, -0.506145, 0.862451),

              ["LeftUpperArm"] = CFrame.new(0.258566, -0.202928, 0.316892, 0.746888, -0.496738, -0.442051, -0.201184, 0.464821, -0.862245, 0.633784, 0.732934, 0.247234),

              ["LeftUpperLeg"] = CFrame.new(0.000000, -0.000000, -0.000100, 0.995218, 0.090594, 0.036530, -0.075551, 0.950933, -0.300012, -0.061917, 0.295836, 0.953236),

              ["LowerTorso"] = CFrame.new(0.000000, -0.142416, 0.051176, 1.000000, -0.000000, -0.000000, -0.000000, 0.999912, -0.013282, 0.000000, 0.013282, 0.999912),

              ["RightFoot"] = CFrame.new(0.000000, 0.012575, -0.000103, 0.993768, 0.085272, 0.071801, -0.068296, 0.974791, -0.212425, -0.088099, 0.206181, 0.974536),

              ["RightHand"] = CFrame.new(-0.000541, -0.061940, -0.000000, 0.992824, -0.102844, 0.061016, 0.095942, 0.989628, 0.106924, -0.071379, -0.100301, 0.992393),

              ["RightLowerArm"] = CFrame.new(-0.000002, -0.061866, 0.000337, 1.000000, 0.000000, 0.000000, -0.000000, 1.000000, -0.000001, -0.000000, -0.000000, 1.000000),

              ["RightLowerLeg"] = CFrame.new(0.000000, 0.061812, -0.013327, 1.000000, 0.000000, -0.000000, -0.000000, 0.864529, 0.502578, 0.000000, -0.502582, 0.864532),

              ["RightUpperArm"] = CFrame.new(0.271065, 0.005866, -0.497688, -0.094739, -0.441651, -0.892171, -0.015827, 0.896757, -0.442240, 0.995376, -0.027777, -0.091949),

              ["RightUpperLeg"] = CFrame.new(0.000000, -0.000000, -0.000000, 0.993767, -0.103323, -0.041843, 0.086218, 0.950342, -0.299008, 0.070660, 0.293555, 0.953333),

              ["UpperTorso"] = CFrame.new(-0.000000, 0.097874, -0.028319, 1.000000, -0.000000, 0.000000, -0.000000, 0.999912, 0.013282, -0.000000, -0.013282, 0.999912)

          }},

          {Time = 0.120, Data = {

              ["Head"] = CFrame.new(0.000000, -0.095491, 0.000000, 1.000000, 0.000000, 0.000000, 0.000000, 1.000000, -0.000000, 0.000000, 0.000000, 1.000000),

              ["LeftFoot"] = CFrame.new(0.000000, 0.012453, -0.000003, 0.995218, -0.074722, -0.062917, 0.059643, 0.974924, -0.214415, 0.077356, 0.209620, 0.974714),

              ["LeftHand"] = CFrame.new(0.000484, 0.024568, 0.000000, 0.718529, -0.600550, 0.350797, 0.693230, 0.659105, -0.291572, -0.056107, 0.452682, 0.889903),

              ["LeftLowerArm"] = CFrame.new(-0.000499, 0.118202, 0.081149, 1.000000, -0.000000, -0.000000, 0.000000, 0.161579, -0.986860, 0.000000, 0.986860, 0.161578),

              ["LeftLowerLeg"] = CFrame.new(0.000000, 0.062432, -0.013431, 1.000000, -0.000000, -0.000000, 0.000000, 0.862448, 0.506141, -0.000000, -0.506145, 0.862451),

              ["LeftUpperArm"] = CFrame.new(0.256769, -0.205191, 0.318275, 0.743295, -0.484403, -0.461375, -0.205710, 0.490760, -0.846663, 0.636550, 0.724229, 0.265133),

              ["LeftUpperLeg"] = CFrame.new(0.000000, -0.000000, -0.000100, 0.995218, 0.090594, 0.036530, -0.075551, 0.950933, -0.300012, -0.061917, 0.295836, 0.953236),

              ["LowerTorso"] = CFrame.new(0.000000, -0.142416, 0.051176, 1.000000, -0.000000, -0.000000, -0.000000, 0.999912, -0.013282, 0.000000, 0.013282, 0.999912),

              ["RightFoot"] = CFrame.new(0.000000, 0.012575, -0.000103, 0.993768, 0.085272, 0.071801, -0.068296, 0.974791, -0.212425, -0.088099, 0.206181, 0.974536),

              ["RightHand"] = CFrame.new(-0.000541, -0.062349, 0.000000, 0.992831, -0.102794, 0.060986, 0.095942, 0.989699, 0.106260, -0.071280, -0.099646, 0.992466),

              ["RightLowerArm"] = CFrame.new(-0.000002, -0.062273, 0.000339, 1.000000, 0.000000, 0.000000, -0.000000, 1.000000, -0.000001, -0.000000, -0.000000, 1.000000),

              ["RightLowerLeg"] = CFrame.new(0.000000, 0.061812, -0.013327, 1.000000, 0.000000, -0.000000, -0.000000, 0.864529, 0.502578, 0.000000, -0.502582, 0.864532),

              ["RightUpperArm"] = CFrame.new(0.271665, -0.018396, -0.497689, -0.094729, -0.441052, -0.892468, -0.015769, 0.897052, -0.441644, 0.995378, -0.027763, -0.091932),

              ["RightUpperLeg"] = CFrame.new(0.000000, -0.000000, -0.000000, 0.993767, -0.103323, -0.041843, 0.086218, 0.950342, -0.299008, 0.070660, 0.293555, 0.953333),

              ["UpperTorso"] = CFrame.new(-0.000000, 0.123317, -0.028657, 1.000000, -0.000000, 0.000000, -0.000000, 0.999912, 0.013282, -0.000000, -0.013282, 0.999912)

          }},

          {Time = 0.140, Data = {

              ["Head"] = CFrame.new(0.000000, -0.115532, 0.000000, 1.000000, 0.000000, 0.000000, 0.000000, 1.000000, -0.000000, 0.000000, 0.000000, 1.000000),

              ["LeftFoot"] = CFrame.new(0.000000, 0.012453, -0.000003, 0.995218, -0.074722, -0.062917, 0.059643, 0.974924, -0.214415, 0.077356, 0.209620, 0.974714),

              ["LeftHand"] = CFrame.new(0.000484, 0.024610, 0.000000, 0.722790, -0.596716, 0.348578, 0.689768, 0.653852, -0.310965, -0.042360, 0.465197, 0.884191),

              ["LeftLowerArm"] = CFrame.new(-0.000499, 0.118344, 0.081886, 1.000000, -0.000000, -0.000000, 0.000000, 0.153932, -0.988082, 0.000000, 0.988081, 0.153931),

              ["LeftLowerLeg"] = CFrame.new(0.000000, 0.062432, -0.013431, 1.000000, -0.000000, -0.000000, 0.000000, 0.862448, 0.506141, -0.000000, -0.506145, 0.862451),

              ["LeftUpperArm"] = CFrame.new(0.255031, -0.207357, 0.319590, 0.739818, -0.472645, -0.478828, -0.210043, 0.513865, -0.831760, 0.639180, 0.715926, 0.280891),

              ["LeftUpperLeg"] = CFrame.new(0.000000, -0.000000, -0.000100, 0.995218, 0.090594, 0.036530, -0.075551, 0.950933, -0.300012, -0.061917, 0.295836, 0.953236),

              ["LowerTorso"] = CFrame.new(0.000000, -0.142416, 0.051176, 1.000000, -0.000000, -0.000000, -0.000000, 0.999912, -0.013282, 0.000000, 0.013282, 0.999912),

              ["RightFoot"] = CFrame.new(0.000000, 0.012575, -0.000103, 0.993768, 0.085272, 0.071801, -0.068296, 0.974791, -0.212425, -0.088099, 0.206181, 0.974536),

              ["RightHand"] = CFrame.new(-0.000541, -0.062725, 0.000000, 0.992838, -0.102747, 0.060959, 0.095942, 0.989764, 0.105651, -0.071190, -0.099044, 0.992533),

              ["RightLowerArm"] = CFrame.new(-0.000002, -0.062650, 0.000341, 1.000000, 0.000000, 0.000000, -0.000000, 1.000000, -0.000001, -0.000000, -0.000000, 1.000000),

              ["RightLowerLeg"] = CFrame.new(0.000000, 0.061812, -0.013327, 1.000000, 0.000000, -0.000000, -0.000000, 0.864529, 0.502578, 0.000000, -0.502582, 0.864532),

              ["RightUpperArm"] = CFrame.new(0.272217, -0.040690, -0.497690, -0.094720, -0.440503, -0.892741, -0.015716, 0.897322, -0.441096, 0.995380, -0.027750, -0.091918),

              ["RightUpperLeg"] = CFrame.new(0.000000, -0.000000, -0.000000, 0.993767, -0.103323, -0.041843, 0.086218, 0.950342, -0.299008, 0.070660, 0.293555, 0.953333),

              ["UpperTorso"] = CFrame.new(-0.000000, 0.146696, -0.028968, 1.000000, -0.000000, 0.000000, -0.000000, 0.999912, 0.013282, -0.000000, -0.013282, 0.999912)

          }},

          {Time = 0.160, Data = {

              ["Head"] = CFrame.new(0.000000, -0.132037, 0.000000, 1.000000, 0.000000, 0.000000, 0.000000, 1.000000, -0.000000, 0.000000, 0.000000, 1.000000),

              ["LeftFoot"] = CFrame.new(0.000000, 0.012453, -0.000003, 0.995218, -0.074722, -0.062917, 0.059643, 0.974924, -0.214415, 0.077356, 0.209620, 0.974714),

              ["LeftHand"] = CFrame.new(0.000484, 0.024660, -0.000000, 0.726414, -0.593418, 0.346668, 0.686567, 0.649202, -0.327360, -0.030795, 0.475807, 0.879009),

              ["LeftLowerArm"] = CFrame.new(-0.000499, 0.118451, 0.082415, 1.000000, -0.000000, -0.000000, 0.000000, 0.148430, -0.988923, 0.000000, 0.988923, 0.148429),

              ["LeftLowerLeg"] = CFrame.new(0.000000, 0.062432, -0.013431, 1.000000, -0.000000, -0.000000, 0.000000, 0.862448, 0.506141, -0.000000, -0.506145, 0.862451),

              ["LeftUpperArm"] = CFrame.new(0.253532, -0.209207, 0.320705, 0.736821, -0.462689, -0.492963, -0.213743, 0.532325, -0.819112, 0.641411, 0.708907, 0.293331),

              ["LeftUpperLeg"] = CFrame.new(0.000000, -0.000000, -0.000100, 0.995218, 0.090594, 0.036530, -0.075551, 0.950933, -0.300012, -0.061917, 0.295836, 0.953236),

              ["LowerTorso"] = CFrame.new(0.000000, -0.142416, 0.051176, 1.000000, -0.000000, -0.000000, -0.000000, 0.999912, -0.013282, 0.000000, 0.013282, 0.999912),

              ["RightFoot"] = CFrame.new(0.000000, 0.012575, -0.000103, 0.993768, 0.085272, 0.071801, -0.068296, 0.974791, -0.212425, -0.088099, 0.206181, 0.974536),

              ["RightHand"] = CFrame.new(-0.000541, -0.063035, -0.000000, 0.992843, -0.102709, 0.060937, 0.095942, 0.989818, 0.105149, -0.071116, -0.098549, 0.992588),

              ["RightLowerArm"] = CFrame.new(-0.000002, -0.062959, 0.000343, 1.000000, 0.000000, 0.000000, -0.000000, 1.000000, -0.000001, -0.000000, -0.000000, 1.000000),

              ["RightLowerLeg"] = CFrame.new(0.000000, 0.061812, -0.013327, 1.000000, 0.000000, -0.000000, -0.000000, 0.864529, 0.502578, 0.000000, -0.502582, 0.864532),

              ["RightUpperArm"] = CFrame.new(0.272672, -0.059051, -0.497691, -0.094713, -0.440050, -0.892965, -0.015672, 0.897545, -0.440645, 0.995381, -0.027740, -0.091906),

              ["RightUpperLeg"] = CFrame.new(0.000000, -0.000000, -0.000000, 0.993767, -0.103323, -0.041843, 0.086218, 0.950342, -0.299008, 0.070660, 0.293555, 0.953333),

              ["UpperTorso"] = CFrame.new(-0.000000, 0.165950, -0.029223, 1.000000, -0.000000, 0.000000, -0.000000, 0.999912, 0.013282, -0.000000, -0.013282, 0.999912)

          }},

          {Time = 0.180, Data = {

              ["Head"] = CFrame.new(0.000000, -0.143237, 0.000000, 1.000000, 0.000000, 0.000000, 0.000000, 1.000000, -0.000000, 0.000000, 0.000000, 1.000000),

              ["LeftFoot"] = CFrame.new(0.000000, 0.012453, -0.000003, 0.995218, -0.074722, -0.062917, 0.059643, 0.974924, -0.214415, 0.077356, 0.209620, 0.974714),

              ["LeftHand"] = CFrame.new(0.000484, 0.024691, -0.000000, 0.728934, -0.591105, 0.345328, 0.684202, 0.645881, -0.338683, -0.022843, 0.483149, 0.875238),

              ["LeftLowerArm"] = CFrame.new(-0.000499, 0.118515, 0.082737, 1.000000, -0.000000, 0.000000, -0.000000, 0.145082, -0.989420, 0.000000, 0.989420, 0.145081),

              ["LeftLowerLeg"] = CFrame.new(0.000000, 0.062432, -0.013431, 1.000000, -0.000000, -0.000000, 0.000000, 0.862448, 0.506141, -0.000000, -0.506145, 0.862451),

              ["LeftUpperArm"] = CFrame.new(0.252479, -0.210499, 0.321480, 0.734715, -0.455795, -0.502439, -0.216326, 0.544564, -0.810341, 0.642960, 0.704060, 0.301499),

              ["LeftUpperLeg"] = CFrame.new(0.000000, -0.000000, -0.000100, 0.995218, 0.090594, 0.036530, -0.075551, 0.950933, -0.300012, -0.061917, 0.295836, 0.953236),

              ["LowerTorso"] = CFrame.new(0.000000, -0.142416, 0.051176, 1.000000, -0.000000, -0.000000, -0.000000, 0.999912, -0.013282, 0.000000, 0.013282, 0.999912),

              ["RightFoot"] = CFrame.new(0.000000, 0.012575, -0.000103, 0.993768, 0.085272, 0.071801, -0.068296, 0.974791, -0.212425, -0.088099, 0.206181, 0.974536),

              ["RightHand"] = CFrame.new(-0.000542, -0.063245, -0.000000, 0.992847, -0.102683, 0.060922, 0.095942, 0.989854, 0.104809, -0.071065, -0.098213, 0.992625),

              ["RightLowerArm"] = CFrame.new(-0.000002, -0.063170, 0.000344, 1.000000, 0.000000, 0.000000, -0.000000, 1.000000, -0.000001, -0.000000, -0.000000, 1.000000),

              ["RightLowerLeg"] = CFrame.new(0.000000, 0.061812, -0.013327, 1.000000, 0.000000, -0.000000, -0.000000, 0.864529, 0.502578, 0.000000, -0.502582, 0.864532),

              ["RightUpperArm"] = CFrame.new(0.272981, -0.071509, -0.497691, -0.094708, -0.439743, -0.893116, -0.015642, 0.897695, -0.440339, 0.995382, -0.027733, -0.091897),

              ["RightUpperLeg"] = CFrame.new(0.000000, -0.000000, -0.000000, 0.993767, -0.103323, -0.041843, 0.086218, 0.950342, -0.299008, 0.070660, 0.293555, 0.953333),

              ["UpperTorso"] = CFrame.new(-0.000000, 0.179015, -0.029397, 1.000000, -0.000000, 0.000000, -0.000000, 0.999912, 0.013282, -0.000000, -0.013282, 0.999912)

          }},

          {Time = 0.200, Data = {

              ["Head"] = CFrame.new(0.000000, -0.147362, 0.000000, 1.000000, 0.000000, 0.000000, 0.000000, 1.000000, -0.000000, 0.000000, 0.000000, 1.000000),

              ["LeftFoot"] = CFrame.new(0.000000, 0.012453, -0.000003, 0.995218, -0.074722, -0.062917, 0.059643, 0.974924, -0.214415, 0.077356, 0.209620, 0.974714),

              ["LeftHand"] = CFrame.new(0.000484, 0.024702, 0.000000, 0.729876, -0.590236, 0.344825, 0.683290, 0.644624, -0.342894, -0.019894, 0.485882, 0.873796),

              ["LeftLowerArm"] = CFrame.new(-0.000500, 0.118537, 0.082848, 1.000000, -0.000000, 0.000000, 0.000000, 0.143927, -0.989588, 0.000000, 0.989588, 0.143927),

              ["LeftLowerLeg"] = CFrame.new(0.000000, 0.062432, -0.013431, 1.000000, -0.000000, -0.000000, 0.000000, 0.862448, 0.506141, -0.000000, -0.506145, 0.862451),

              ["LeftUpperArm"] = CFrame.new(0.252083, -0.210982, 0.321769, 0.733923, -0.453227, -0.505907, -0.217292, 0.549014, -0.807073, 0.643538, 0.702260, 0.304452),

              ["LeftUpperLeg"] = CFrame.new(0.000000, -0.000000, -0.000100, 0.995218, 0.090594, 0.036530, -0.075551, 0.950933, -0.300012, -0.061917, 0.295836, 0.953236),

              ["LowerTorso"] = CFrame.new(0.000000, -0.142416, 0.051176, 1.000000, -0.000000, -0.000000, -0.000000, 0.999912, -0.013282, 0.000000, 0.013282, 0.999912),

              ["RightFoot"] = CFrame.new(0.000000, 0.012575, -0.000103, 0.993768, 0.085272, 0.071801, -0.068296, 0.974791, -0.212425, -0.088099, 0.206181, 0.974536),

              ["RightHand"] = CFrame.new(-0.000542, -0.063323, -0.000000, 0.992848, -0.102674, 0.060916, 0.095942, 0.989867, 0.104684, -0.071047, -0.098089, 0.992638),

              ["RightLowerArm"] = CFrame.new(-0.000002, -0.063247, 0.000344, 1.000000, 0.000000, 0.000000, -0.000000, 1.000000, -0.000001, -0.000000, -0.000000, 1.000000),

              ["RightLowerLeg"] = CFrame.new(0.000000, 0.061812, -0.013327, 1.000000, 0.000000, -0.000000, -0.000000, 0.864529, 0.502578, 0.000000, -0.502582, 0.864532),

              ["RightUpperArm"] = CFrame.new(0.273094, -0.076100, -0.497691, -0.094706, -0.439630, -0.893172, -0.015632, 0.897751, -0.440226, 0.995383, -0.027730, -0.091894),

              ["RightUpperLeg"] = CFrame.new(0.000000, -0.000000, -0.000000, 0.993767, -0.103323, -0.041843, 0.086218, 0.950342, -0.299008, 0.070660, 0.293555, 0.953333),

              ["UpperTorso"] = CFrame.new(-0.000000, 0.183828, -0.029461, 1.000000, -0.000000, 0.000000, -0.000000, 0.999912, 0.013282, -0.000000, -0.013282, 0.999912)

          }},

          {Time = 0.220, Data = {

              ["Head"] = CFrame.new(0.000000, -0.143237, 0.000000, 1.000000, 0.000000, 0.000000, 0.000000, 1.000000, -0.000000, 0.000000, 0.000000, 1.000000),

              ["LeftFoot"] = CFrame.new(0.000000, 0.012453, -0.000003, 0.995218, -0.074722, -0.062917, 0.059643, 0.974924, -0.214415, 0.077356, 0.209620, 0.974714),

              ["LeftHand"] = CFrame.new(0.000484, 0.024691, -0.000000, 0.728934, -0.591105, 0.345328, 0.684202, 0.645881, -0.338683, -0.022843, 0.483149, 0.875238),

              ["LeftLowerArm"] = CFrame.new(-0.000499, 0.118515, 0.082737, 1.000000, -0.000000, 0.000000, -0.000000, 0.145082, -0.989420, 0.000000, 0.989420, 0.145081),

              ["LeftLowerLeg"] = CFrame.new(0.000000, 0.062432, -0.013431, 1.000000, -0.000000, -0.000000, 0.000000, 0.862448, 0.506141, -0.000000, -0.506145, 0.862451),

              ["LeftUpperArm"] = CFrame.new(0.252479, -0.210499, 0.321480, 0.734715, -0.455795, -0.502439, -0.216326, 0.544564, -0.810341, 0.642960, 0.704060, 0.301499),

              ["LeftUpperLeg"] = CFrame.new(0.000000, -0.000000, -0.000100, 0.995218, 0.090594, 0.036530, -0.075551, 0.950933, -0.300012, -0.061917, 0.295836, 0.953236),

              ["LowerTorso"] = CFrame.new(0.000000, -0.142416, 0.051176, 1.000000, -0.000000, -0.000000, -0.000000, 0.999912, -0.013282, 0.000000, 0.013282, 0.999912),

              ["RightFoot"] = CFrame.new(0.000000, 0.012575, -0.000103, 0.993768, 0.085272, 0.071801, -0.068296, 0.974791, -0.212425, -0.088099, 0.206181, 0.974536),

              ["RightHand"] = CFrame.new(-0.000542, -0.063245, -0.000000, 0.992847, -0.102683, 0.060922, 0.095942, 0.989854, 0.104809, -0.071065, -0.098213, 0.992625),

              ["RightLowerArm"] = CFrame.new(-0.000002, -0.063170, 0.000344, 1.000000, 0.000000, 0.000000, -0.000000, 1.000000, -0.000001, -0.000000, -0.000000, 1.000000),

              ["RightLowerLeg"] = CFrame.new(0.000000, 0.061812, -0.013327, 1.000000, 0.000000, -0.000000, -0.000000, 0.864529, 0.502578, 0.000000, -0.502582, 0.864532),

              ["RightUpperArm"] = CFrame.new(0.272981, -0.071509, -0.497691, -0.094708, -0.439743, -0.893116, -0.015642, 0.897695, -0.440339, 0.995382, -0.027733, -0.091897),

              ["RightUpperLeg"] = CFrame.new(0.000000, -0.000000, -0.000000, 0.993767, -0.103323, -0.041843, 0.086218, 0.950342, -0.299008, 0.070660, 0.293555, 0.953333),

              ["UpperTorso"] = CFrame.new(-0.000000, 0.179015, -0.029397, 1.000000, -0.000000, 0.000000, -0.000000, 0.999912, 0.013282, -0.000000, -0.013282, 0.999912)

          }},

          {Time = 0.240, Data = {

              ["Head"] = CFrame.new(0.000000, -0.132037, 0.000000, 1.000000, 0.000000, 0.000000, 0.000000, 1.000000, -0.000000, 0.000000, 0.000000, 1.000000),

              ["LeftFoot"] = CFrame.new(0.000000, 0.012453, -0.000003, 0.995218, -0.074722, -0.062917, 0.059643, 0.974924, -0.214415, 0.077356, 0.209620, 0.974714),

              ["LeftHand"] = CFrame.new(0.000484, 0.024660, -0.000000, 0.726414, -0.593418, 0.346668, 0.686567, 0.649202, -0.327360, -0.030795, 0.475807, 0.879009),

              ["LeftLowerArm"] = CFrame.new(-0.000499, 0.118451, 0.082415, 1.000000, -0.000000, -0.000000, 0.000000, 0.148430, -0.988923, 0.000000, 0.988923, 0.148429),

              ["LeftLowerLeg"] = CFrame.new(0.000000, 0.062432, -0.013431, 1.000000, -0.000000, -0.000000, 0.000000, 0.862448, 0.506141, -0.000000, -0.506145, 0.862451),

              ["LeftUpperArm"] = CFrame.new(0.253532, -0.209207, 0.320705, 0.736821, -0.462689, -0.492963, -0.213743, 0.532325, -0.819112, 0.641411, 0.708907, 0.293331),

              ["LeftUpperLeg"] = CFrame.new(0.000000, -0.000000, -0.000100, 0.995218, 0.090594, 0.036530, -0.075551, 0.950933, -0.300012, -0.061917, 0.295836, 0.953236),

              ["LowerTorso"] = CFrame.new(0.000000, -0.142416, 0.051176, 1.000000, -0.000000, -0.000000, -0.000000, 0.999912, -0.013282, 0.000000, 0.013282, 0.999912),

              ["RightFoot"] = CFrame.new(0.000000, 0.012575, -0.000103, 0.993768, 0.085272, 0.071801, -0.068296, 0.974791, -0.212425, -0.088099, 0.206181, 0.974536),

              ["RightHand"] = CFrame.new(-0.000541, -0.063035, -0.000000, 0.992843, -0.102709, 0.060937, 0.095942, 0.989818, 0.105149, -0.071116, -0.098549, 0.992588),

              ["RightLowerArm"] = CFrame.new(-0.000002, -0.062959, 0.000343, 1.000000, 0.000000, 0.000000, -0.000000, 1.000000, -0.000001, -0.000000, -0.000000, 1.000000),

              ["RightLowerLeg"] = CFrame.new(0.000000, 0.061812, -0.013327, 1.000000, 0.000000, -0.000000, -0.000000, 0.864529, 0.502578, 0.000000, -0.502582, 0.864532),

              ["RightUpperArm"] = CFrame.new(0.272672, -0.059051, -0.497691, -0.094713, -0.440050, -0.892965, -0.015672, 0.897545, -0.440645, 0.995381, -0.027740, -0.091906),

              ["RightUpperLeg"] = CFrame.new(0.000000, -0.000000, -0.000000, 0.993767, -0.103323, -0.041843, 0.086218, 0.950342, -0.299008, 0.070660, 0.293555, 0.953333),

              ["UpperTorso"] = CFrame.new(-0.000000, 0.165950, -0.029223, 1.000000, -0.000000, 0.000000, -0.000000, 0.999912, 0.013282, -0.000000, -0.013282, 0.999912)

          }},

          {Time = 0.260, Data = {

              ["Head"] = CFrame.new(0.000000, -0.115532, 0.000000, 1.000000, 0.000000, 0.000000, 0.000000, 1.000000, -0.000000, 0.000000, 0.000000, 1.000000),

              ["LeftFoot"] = CFrame.new(0.000000, 0.012453, -0.000003, 0.995218, -0.074722, -0.062917, 0.059643, 0.974924, -0.214415, 0.077356, 0.209620, 0.974714),

              ["LeftHand"] = CFrame.new(0.000484, 0.024610, 0.000000, 0.722790, -0.596716, 0.348578, 0.689768, 0.653852, -0.310965, -0.042360, 0.465197, 0.884191),

              ["LeftLowerArm"] = CFrame.new(-0.000499, 0.118344, 0.081886, 1.000000, -0.000000, -0.000000, 0.000000, 0.153932, -0.988082, 0.000000, 0.988081, 0.153931),

              ["LeftLowerLeg"] = CFrame.new(0.000000, 0.062432, -0.013431, 1.000000, -0.000000, -0.000000, 0.000000, 0.862448, 0.506141, -0.000000, -0.506145, 0.862451),

              ["LeftUpperArm"] = CFrame.new(0.255031, -0.207357, 0.319590, 0.739818, -0.472645, -0.478828, -0.210043, 0.513865, -0.831760, 0.639180, 0.715926, 0.280891),

              ["LeftUpperLeg"] = CFrame.new(0.000000, -0.000000, -0.000100, 0.995218, 0.090594, 0.036530, -0.075551, 0.950933, -0.300012, -0.061917, 0.295836, 0.953236),

              ["LowerTorso"] = CFrame.new(0.000000, -0.142416, 0.051176, 1.000000, -0.000000, -0.000000, -0.000000, 0.999912, -0.013282, 0.000000, 0.013282, 0.999912),

              ["RightFoot"] = CFrame.new(0.000000, 0.012575, -0.000103, 0.993768, 0.085272, 0.071801, -0.068296, 0.974791, -0.212425, -0.088099, 0.206181, 0.974536),

              ["RightHand"] = CFrame.new(-0.000541, -0.062725, -0.000000, 0.992838, -0.102747, 0.060959, 0.095942, 0.989764, 0.105651, -0.071190, -0.099044, 0.992533),

              ["RightLowerArm"] = CFrame.new(-0.000002, -0.062650, 0.000341, 1.000000, 0.000000, 0.000000, -0.000000, 1.000000, -0.000001, -0.000000, -0.000000, 1.000000),

              ["RightLowerLeg"] = CFrame.new(0.000000, 0.061812, -0.013327, 1.000000, 0.000000, -0.000000, -0.000000, 0.864529, 0.502578, 0.000000, -0.502582, 0.864532),

              ["RightUpperArm"] = CFrame.new(0.272217, -0.040690, -0.497690, -0.094720, -0.440503, -0.892741, -0.015716, 0.897322, -0.441096, 0.995380, -0.027750, -0.091918),

              ["RightUpperLeg"] = CFrame.new(0.000000, -0.000000, -0.000000, 0.993767, -0.103323, -0.041843, 0.086218, 0.950342, -0.299008, 0.070660, 0.293555, 0.953333),

              ["UpperTorso"] = CFrame.new(-0.000000, 0.146696, -0.028968, 1.000000, -0.000000, 0.000000, -0.000000, 0.999912, 0.013282, -0.000000, -0.013282, 0.999912)

          }},

          {Time = 0.280, Data = {

              ["Head"] = CFrame.new(0.000000, -0.095491, 0.000000, 1.000000, 0.000000, 0.000000, 0.000000, 1.000000, -0.000000, 0.000000, 0.000000, 1.000000),

              ["LeftFoot"] = CFrame.new(0.000000, 0.012453, -0.000003, 0.995218, -0.074722, -0.062917, 0.059643, 0.974924, -0.214415, 0.077356, 0.209620, 0.974714),

              ["LeftHand"] = CFrame.new(0.000484, 0.024568, 0.000000, 0.718529, -0.600550, 0.350797, 0.693230, 0.659105, -0.291572, -0.056107, 0.452682, 0.889903),

              ["LeftLowerArm"] = CFrame.new(-0.000499, 0.118202, 0.081149, 1.000000, -0.000000, -0.000000, 0.000000, 0.161579, -0.986860, 0.000000, 0.986860, 0.161578),

              ["LeftLowerLeg"] = CFrame.new(0.000000, 0.062432, -0.013431, 1.000000, -0.000000, -0.000000, 0.000000, 0.862448, 0.506141, -0.000000, -0.506145, 0.862451),

              ["LeftUpperArm"] = CFrame.new(0.256769, -0.205191, 0.318275, 0.743295, -0.484403, -0.461375, -0.205710, 0.490760, -0.846663, 0.636550, 0.724229, 0.265133),

              ["LeftUpperLeg"] = CFrame.new(0.000000, -0.000000, -0.000100, 0.995218, 0.090594, 0.036530, -0.075551, 0.950933, -0.300012, -0.061917, 0.295836, 0.953236),

              ["LowerTorso"] = CFrame.new(0.000000, -0.142416, 0.051176, 1.000000, -0.000000, -0.000000, -0.000000, 0.999912, -0.013282, 0.000000, 0.013282, 0.999912),

              ["RightFoot"] = CFrame.new(0.000000, 0.012575, -0.000103, 0.993768, 0.085272, 0.071801, -0.068296, 0.974791, -0.212425, -0.088099, 0.206181, 0.974536),

              ["RightHand"] = CFrame.new(-0.000541, -0.062349, -0.000000, 0.992832, -0.102794, 0.060986, 0.095942, 0.989699, 0.106260, -0.071280, -0.099646, 0.992466),

              ["RightLowerArm"] = CFrame.new(-0.000002, -0.062273, 0.000339, 1.000000, 0.000000, 0.000000, -0.000000, 1.000000, -0.000001, -0.000000, -0.000000, 1.000000),

              ["RightLowerLeg"] = CFrame.new(0.000000, 0.061812, -0.013327, 1.000000, 0.000000, -0.000000, -0.000000, 0.864529, 0.502578, 0.000000, -0.502582, 0.864532),

              ["RightUpperArm"] = CFrame.new(0.271665, -0.018396, -0.497689, -0.094729, -0.441053, -0.892468, -0.015769, 0.897052, -0.441644, 0.995378, -0.027763, -0.091932),

              ["RightUpperLeg"] = CFrame.new(0.000000, -0.000000, -0.000000, 0.993767, -0.103323, -0.041843, 0.086218, 0.950342, -0.299008, 0.070660, 0.293555, 0.953333),

              ["UpperTorso"] = CFrame.new(-0.000000, 0.123317, -0.028657, 1.000000, -0.000000, 0.000000, -0.000000, 0.999912, 0.013282, -0.000000, -0.013282, 0.999912)

          }},

          {Time = 0.300, Data = {

              ["Head"] = CFrame.new(0.000000, -0.073681, 0.000000, 1.000000, 0.000000, 0.000000, 0.000000, 1.000000, -0.000000, 0.000000, 0.000000, 1.000000),

              ["LeftFoot"] = CFrame.new(0.000000, 0.012453, -0.000003, 0.995218, -0.074722, -0.062917, 0.059643, 0.974924, -0.214415, 0.077356, 0.209620, 0.974714),

              ["LeftHand"] = CFrame.new(0.000484, 0.024519, -0.000000, 0.714058, -0.604522, 0.353094, 0.696511, 0.664349, -0.271136, -0.070669, 0.439538, 0.895438),

              ["LeftLowerArm"] = CFrame.new(-0.000499, 0.118021, 0.080237, 1.000000, -0.000000, -0.000000, 0.000000, 0.171040, -0.985264, 0.000000, 0.985264, 0.171040),

              ["LeftLowerLeg"] = CFrame.new(0.000000, 0.062432, -0.013431, 1.000000, -0.000000, -0.000000, 0.000000, 0.862448, 0.506141, -0.000000, -0.506145, 0.862451),

              ["LeftUpperArm"] = CFrame.new(0.258566, -0.202928, 0.316892, 0.746888, -0.496738, -0.442051, -0.201184, 0.464821, -0.862245, 0.633784, 0.732934, 0.247234),

