return {
["stiff dwerk"] = {

          {Time = 0.000, Data = {

              ["Head"] = CFrame.new(0.000000, 0.000000, -0.000000, 1.000000, 0.000000, -0.000000, 0.000000, 0.992063, 0.125743, 0.000000, -0.125743, 0.992063),

              ["LeftFoot"] = CFrame.new(0.000000, 0.024838, -0.000003, 0.976883, -0.163532, -0.137696, 0.091669, 0.902304, -0.421264, 0.193122, 0.398880, 0.896424),

              ["LeftHand"] = CFrame.new(0.000553, -0.080679, -0.000000, 0.992972, -0.102573, 0.059042, 0.117858, 0.902529, -0.414191, -0.010802, 0.418235, 0.908273),

              ["LeftLowerArm"] = CFrame.new(-0.000498, -0.080783, 0.000439, 1.000000, -0.000000, -0.000000, 0.000000, 1.000000, -0.000001, 0.000000, -0.000000, 1.000000),

              ["LeftLowerLeg"] = CFrame.new(0.000000, 0.104125, -0.041978, 1.000000, -0.000000, -0.000000, 0.000000, 0.567133, 0.823633, -0.000000, -0.823627, 0.567123),

              ["LeftUpperArm"] = CFrame.new(-0.059856, 0.226976, 0.068958, 0.880288, -0.330918, -0.339981, 0.453952, 0.795786, 0.400813, 0.137916, -0.507166, 0.850742),

              ["LeftUpperLeg"] = CFrame.new(-0.000000, 0.000000, -0.000100, 0.867244, 0.365912, 0.337641, -0.375558, 0.925983, -0.038861, -0.326871, -0.093078, 0.940473),

              ["LowerTorso"] = CFrame.new(0.000000, -0.356562, -0.137343, 1.000000, 0.000000, -0.000000, -0.000000, 0.883570, -0.468299, 0.000000, 0.468299, 0.883570),

              ["RightFoot"] = CFrame.new(0.000000, 0.025362, -0.000103, 0.982966, 0.140594, 0.118382, -0.069499, 0.880600, -0.468760, -0.170142, 0.452522, 0.875357),

              ["RightHand"] = CFrame.new(-0.000543, -0.065292, -0.000000, 0.999151, 0.035951, -0.020097, -0.040758, 0.933308, -0.356758, 0.005930, 0.357271, 0.933981),

              ["RightLowerArm"] = CFrame.new(-0.000002, -0.065213, 0.000355, 1.000000, -0.000000, 0.000000, 0.000000, 1.000000, -0.000001, -0.000000, -0.000000, 1.000000),

              ["RightLowerLeg"] = CFrame.new(0.000000, 0.104888, -0.043117, 1.000000, 0.000000, 0.000000, -0.000000, 0.556310, 0.830982, 0.000000, -0.830975, 0.556299),

              ["RightUpperArm"] = CFrame.new(0.063871, 0.238397, 0.054385, 0.872259, 0.398673, 0.283239, -0.476796, 0.822075, 0.311220, -0.108769, -0.406511, 0.907148),

              ["RightUpperLeg"] = CFrame.new(0.000000, 0.000000, -0.000000, 0.892030, -0.318711, -0.320484, 0.329390, 0.943940, -0.021877, 0.309491, -0.086025, 0.947001),

              ["UpperTorso"] = CFrame.new(0.000000, 0.000000, -0.000000, 1.000000, -0.000000, 0.000000, -0.000000, 0.935157, 0.354234, -0.000000, -0.354234, 0.935157)

          }},

          {Time = 0.017, Data = {

              ["Head"] = CFrame.new(0.000000, 0.000000, -0.000000, 1.000000, 0.000000, -0.000000, 0.000000, 0.992063, 0.125743, 0.000000, -0.125743, 0.992063),

              ["LeftFoot"] = CFrame.new(-0.000000, 0.025745, -0.000003, 0.976867, -0.163588, -0.137743, 0.091261, 0.901389, -0.423307, 0.193397, 0.400921, 0.895454),

              ["LeftHand"] = CFrame.new(0.000553, -0.080679, -0.000000, 0.992972, -0.102573, 0.059042, 0.117858, 0.902529, -0.414191, -0.010802, 0.418235, 0.908273),

              ["LeftLowerArm"] = CFrame.new(-0.000498, -0.080783, 0.000439, 1.000000, -0.000000, -0.000000, 0.000000, 1.000000, -0.000001, 0.000000, -0.000000, 1.000000),

              ["LeftLowerLeg"] = CFrame.new(-0.000000, 0.106775, -0.044899, 1.000000, -0.000000, -0.000000, 0.000000, 0.536711, 0.843773, -0.000000, -0.843766, 0.536700),

              ["LeftUpperArm"] = CFrame.new(-0.059856, 0.226976, 0.068958, 0.880288, -0.330918, -0.339981, 0.453952, 0.795786, 0.400813, 0.137916, -0.507166, 0.850742),

              ["LeftUpperLeg"] = CFrame.new(-0.000000, -0.000000, -0.000100, 0.863818, 0.392596, 0.315741, -0.371586, 0.919679, -0.126922, -0.340211, -0.007663, 0.940318),

              ["LowerTorso"] = CFrame.new(0.006595, -0.366156, -0.117867, 0.999835, -0.016486, 0.007609, 0.018157, 0.907554, -0.419542, 0.000012, 0.419611, 0.907704),

              ["RightFoot"] = CFrame.new(0.000000, 0.025505, -0.000103, 0.985320, 0.130596, 0.109964, -0.065793, 0.884812, -0.461303, -0.157533, 0.447272, 0.880402),

              ["RightHand"] = CFrame.new(-0.000543, -0.065292, -0.000000, 0.999151, 0.035951, -0.020097, -0.040758, 0.933308, -0.356758, 0.005930, 0.357271, 0.933981),

              ["RightLowerArm"] = CFrame.new(-0.000002, -0.065213, 0.000355, 1.000000, -0.000000, 0.000000, 0.000000, 1.000000, -0.000001, -0.000000, -0.000000, 1.000000),

              ["RightLowerLeg"] = CFrame.new(0.000000, 0.105308, -0.043579, 1.000000, 0.000000, 0.000000, -0.000000, 0.551506, 0.834178, 0.000000, -0.834171, 0.551495),

              ["RightUpperArm"] = CFrame.new(0.063871, 0.238397, 0.054385, 0.872259, 0.398673, 0.283239, -0.476796, 0.822075, 0.311220, -0.108769, -0.406511, 0.907148),

              ["RightUpperLeg"] = CFrame.new(0.000000, -0.000000, -0.000000, 0.899278, -0.295524, -0.322443, 0.285129, 0.955130, -0.080158, 0.331664, -0.019829, 0.943189),

              ["UpperTorso"] = CFrame.new(-0.000000, -0.000000, -0.000000, 0.999835, 0.018016, -0.002257, -0.016486, 0.952870, 0.302931, 0.007609, -0.302844, 0.953010)

          }},

          {Time = 0.033, Data = {

              ["Head"] = CFrame.new(0.000000, 0.000000, -0.000000, 1.000000, 0.000000, -0.000000, 0.000000, 0.992063, 0.125743, 0.000000, -0.125743, 0.992063),

              ["LeftFoot"] = CFrame.new(0.000000, 0.027191, -0.000003, 0.977124, -0.162685, -0.136984, 0.091775, 0.903583, -0.418488, 0.191847, 0.396322, 0.897832),

              ["LeftHand"] = CFrame.new(0.000553, -0.080679, -0.000000, 0.992972, -0.102573, 0.059042, 0.117858, 0.902529, -0.414191, -0.010802, 0.418235, 0.908273),

              ["LeftLowerArm"] = CFrame.new(-0.000498, -0.080783, 0.000439, 1.000000, -0.000000, -0.000000, 0.000000, 1.000000, -0.000001, 0.000000, -0.000000, 1.000000),

              ["LeftLowerLeg"] = CFrame.new(0.000000, 0.111565, -0.051212, 1.000000, -0.000000, -0.000000, 0.000000, 0.471076, 0.882099, -0.000000, -0.882092, 0.471064),

              ["LeftUpperArm"] = CFrame.new(-0.059856, 0.226976, 0.068958, 0.880288, -0.330918, -0.339981, 0.453952, 0.795786, 0.400813, 0.137916, -0.507166, 0.850742),

              ["LeftUpperLeg"] = CFrame.new(-0.000000, -0.000000, -0.000100, 0.855133, 0.449896, 0.257575, -0.355675, 0.870620, -0.339854, -0.377150, 0.199031, 0.904519),

              ["LowerTorso"] = CFrame.new(0.023513, -0.385178, -0.066169, 0.998112, -0.058784, 0.017801, 0.061420, 0.955109, -0.289818, 0.000034, 0.290364, 0.956916),

              ["RightFoot"] = CFrame.new(0.000000, 0.025624, -0.000103, 0.990514, 0.105118, 0.088511, -0.056309, 0.898014, -0.436372, -0.125348, 0.427225, 0.895402),

              ["RightHand"] = CFrame.new(-0.000543, -0.065292, -0.000000, 0.999151, 0.035951, -0.020097, -0.040758, 0.933308, -0.356758, 0.005930, 0.357271, 0.933981),

              ["RightLowerArm"] = CFrame.new(-0.000002, -0.065213, 0.000355, 1.000000, -0.000000, 0.000000, 0.000000, 1.000000, -0.000001, -0.000000, -0.000000, 1.000000),

              ["RightLowerLeg"] = CFrame.new(0.000000, 0.105653, -0.043961, 1.000000, 0.000000, 0.000000, -0.000000, 0.547519, 0.836800, 0.000000, -0.836793, 0.547509),

              ["RightUpperArm"] = CFrame.new(0.063871, 0.238397, 0.054385, 0.872259, 0.398673, 0.283239, -0.476796, 0.822075, 0.311220, -0.108769, -0.406511, 0.907148),

              ["RightUpperLeg"] = CFrame.new(0.000000, -0.000000, -0.000000, 0.913793, -0.237697, -0.329372, 0.168615, 0.959706, -0.224772, 0.369529, 0.149882, 0.917056),

              ["UpperTorso"] = CFrame.new(-0.000000, -0.000000, 0.000000, 0.998112, 0.060943, -0.007640, -0.058783, 0.983904, 0.168755, 0.017801, -0.167988, 0.985628)

          }},

          {Time = 0.050, Data = {

              ["Head"] = CFrame.new(0.000000, 0.000000, -0.000000, 1.000000, 0.000000, -0.000000, 0.000000, 0.992063, 0.125743, 0.000000, -0.125743, 0.992063),

              ["LeftFoot"] = CFrame.new(0.000000, 0.028198, -0.000002, 0.978306, -0.158474, -0.133438, 0.094805, 0.915156, -0.391814, 0.184198, 0.370643, 0.910317),

              ["LeftHand"] = CFrame.new(0.000553, -0.080679, -0.000000, 0.992972, -0.102573, 0.059042, 0.117858, 0.902529, -0.414191, -0.010802, 0.418235, 0.908273),

              ["LeftLowerArm"] = CFrame.new(-0.000498, -0.080783, 0.000439, 1.000000, -0.000000, -0.000000, 0.000000, 1.000000, -0.000001, 0.000000, -0.000000, 1.000000),

              ["LeftLowerLeg"] = CFrame.new(-0.000000, 0.115035, -0.056749, 1.000000, -0.000000, -0.000000, 0.000000, 0.413503, 0.910509, -0.000000, -0.910503, 0.413490),

              ["LeftUpperArm"] = CFrame.new(-0.059856, 0.226976, 0.068958, 0.880288, -0.330918, -0.339981, 0.453952, 0.795786, 0.400813, 0.137916, -0.507166, 0.850742),

              ["LeftUpperLeg"] = CFrame.new(-0.000000, -0.000000, -0.000100, 0.844860, 0.503619, 0.180507, -0.319294, 0.745375, -0.585189, -0.429259, 0.436788, 0.790551),

              ["LowerTorso"] = CFrame.new(0.044891, -0.398211, 0.006397, 0.993607, -0.112228, 0.012258, 0.112896, 0.987692, -0.108258, 0.000042, 0.108950, 0.994047),

              ["RightFoot"] = CFrame.new(-0.000000, 0.025181, -0.000103, 0.995467, 0.072758, 0.061264, -0.043273, 0.920016, -0.389506, -0.084699, 0.385066, 0.918984),

              ["RightHand"] = CFrame.new(-0.000543, -0.065292, -0.000000, 0.999151, 0.035951, -0.020097, -0.040758, 0.933308, -0.356758, 0.005930, 0.357271, 0.933981),

              ["RightLowerArm"] = CFrame.new(-0.000002, -0.065213, 0.000355, 1.000000, -0.000000, 0.000000, 0.000000, 1.000000, -0.000001, -0.000000, -0.000000, 1.000000),

              ["RightLowerLeg"] = CFrame.new(-0.000000, 0.104353, -0.042538, 1.000000, 0.000000, 0.000000, -0.000000, 0.562340, 0.826913, 0.000000, -0.826906, 0.562331),

              ["RightUpperArm"] = CFrame.new(0.063871, 0.238397, 0.054385, 0.872259, 0.398673, 0.283239, -0.476796, 0.822075, 0.311220, -0.108769, -0.406511, 0.907148),

              ["RightUpperLeg"] = CFrame.new(0.000000, -0.000000, -0.000000, 0.924979, -0.164619, -0.342516, 0.014062, 0.915512, -0.402023, 0.379758, 0.367068, 0.849153),

              ["UpperTorso"] = CFrame.new(-0.000000, 0.000000, 0.000000, 0.993607, 0.112016, -0.014064, -0.112228, 0.993565, -0.015309, 0.012258, 0.016789, 0.999784)

          }},

          {Time = 0.067, Data = {

              ["Head"] = CFrame.new(0.000000, 0.000000, -0.000000, 1.000000, 0.000000, -0.000000, 0.000000, 0.992063, 0.125743, 0.000000, -0.125743, 0.992063),

              ["LeftFoot"] = CFrame.new(0.000000, 0.028537, -0.000002, 0.980936, -0.148659, -0.125174, 0.097654, 0.933924, -0.343892, 0.168016, 0.325094, 0.930629),

              ["LeftHand"] = CFrame.new(0.000553, -0.080679, -0.000000, 0.992972, -0.102573, 0.059042, 0.117858, 0.902529, -0.414191, -0.010802, 0.418235, 0.908273),

              ["LeftLowerArm"] = CFrame.new(-0.000498, -0.080783, 0.000439, 1.000000, -0.000000, -0.000000, 0.000000, 1.000000, -0.000001, 0.000000, -0.000000, 1.000000),

              ["LeftLowerLeg"] = CFrame.new(0.000000, 0.116148, -0.058747, 1.000000, -0.000000, -0.000000, 0.000000, 0.392733, 0.919658, -0.000000, -0.919653, 0.392720),

              ["LeftUpperArm"] = CFrame.new(-0.059856, 0.226976, 0.068958, 0.880288, -0.330918, -0.339981, 0.453952, 0.795786, 0.400813, 0.137916, -0.507166, 0.850742),

              ["LeftUpperLeg"] = CFrame.new(-0.000000, 0.000000, -0.000100, 0.839171, 0.532000, 0.113003, -0.257535, 0.571685, -0.778994, -0.479027, 0.624622, 0.616765),

              ["LowerTorso"] = CFrame.new(0.062087, -0.396792, 0.084312, 0.987790, -0.155218, -0.013393, 0.155794, 0.984144, 0.084787, 0.000020, -0.085838, 0.996309),

              ["RightFoot"] = CFrame.new(-0.000000, 0.024275, -0.000103, 0.998335, 0.044129, 0.037158, -0.029684, 0.945228, -0.325078, -0.049465, 0.323413, 0.944957),

              ["RightHand"] = CFrame.new(-0.000543, -0.065292, -0.000000, 0.999151, 0.035951, -0.020097, -0.040758, 0.933308, -0.356758, 0.005930, 0.357271, 0.933981),

              ["RightLowerArm"] = CFrame.new(-0.000002, -0.065213, 0.000355, 1.000000, -0.000000, 0.000000, 0.000000, 1.000000, -0.000001, -0.000000, -0.000000, 1.000000),

              ["RightLowerLeg"] = CFrame.new(-0.000000, 0.100936, -0.038779, 1.000000, 0.000000, 0.000000, -0.000000, 0.601312, 0.799020, 0.000000, -0.799014, 0.601304),

              ["RightUpperArm"] = CFrame.new(0.063871, 0.238397, 0.054385, 0.872259, 0.398673, 0.283239, -0.476796, 0.822075, 0.311220, -0.108769, -0.406511, 0.907148),

              ["RightUpperLeg"] = CFrame.new(0.000000, 0.000000, -0.000000, 0.928689, -0.099572, -0.357244, -0.128108, 0.817850, -0.560970, 0.348029, 0.566750, 0.746786),

              ["UpperTorso"] = CFrame.new(0.000000, 0.000000, -0.000000, 0.987790, 0.154576, -0.019446, -0.155218, 0.965707, -0.208127, -0.013393, 0.208604, 0.977909)

          }},

          {Time = 0.083, Data = {

              ["Head"] = CFrame.new(0.000000, 0.000000, -0.000000, 1.000000, 0.000000, -0.000000, 0.000000, 0.992063, 0.125743, 0.000000, -0.125743, 0.992063),

              ["LeftFoot"] = CFrame.new(-0.000000, 0.028259, -0.000002, 0.984775, -0.132975, -0.111968, 0.095442, 0.951922, -0.291111, 0.145287, 0.275976, 0.950115),

              ["LeftHand"] = CFrame.new(0.000553, -0.080679, -0.000000, 0.992972, -0.102573, 0.059042, 0.117858, 0.902529, -0.414191, -0.010802, 0.418235, 0.908273),

              ["LeftLowerArm"] = CFrame.new(-0.000498, -0.080783, 0.000439, 1.000000, -0.000000, -0.000000, 0.000000, 1.000000, -0.000001, 0.000000, -0.000000, 1.000000),

              ["LeftLowerLeg"] = CFrame.new(-0.000000, 0.115237, -0.057095, 1.000000, -0.000000, -0.000000, 0.000000, 0.409903, 0.912135, -0.000000, -0.912129, 0.409890),

              ["LeftUpperArm"] = CFrame.new(-0.059856, 0.226976, 0.068958, 0.880288, -0.330918, -0.339981, 0.453952, 0.795786, 0.400813, 0.137916, -0.507166, 0.850742),

              ["LeftUpperLeg"] = CFrame.new(-0.000000, 0.000000, -0.000100, 0.844446, 0.529171, 0.083004, -0.177392, 0.422481, -0.888834, -0.505414, 0.735859, 0.450649),

              ["LowerTorso"] = CFrame.new(0.067268, -0.384511, 0.150112, 0.984799, -0.168170, -0.043484, 0.173700, 0.953441, 0.246532, 0.000000, -0.250338, 0.968159),

              ["RightFoot"] = CFrame.new(0.000000, 0.022759, -0.000102, 0.999384, 0.026855, 0.022613, -0.019947, 0.964380, -0.263788, -0.028890, 0.263155, 0.964316),

              ["RightHand"] = CFrame.new(-0.000543, -0.065292, -0.000000, 0.999151, 0.035951, -0.020097, -0.040758, 0.933308, -0.356758, 0.005930, 0.357271, 0.933981),

              ["RightLowerArm"] = CFrame.new(-0.000002, -0.065213, 0.000355, 1.000000, -0.000000, 0.000000, 0.000000, 1.000000, -0.000001, -0.000000, -0.000000, 1.000000),

              ["RightLowerLeg"] = CFrame.new(0.000000, 0.096555, -0.034873, 1.000000, 0.000000, 0.000000, -0.000000, 0.641988, 0.766720, 0.000000, -0.766715, 0.641981),

              ["RightUpperArm"] = CFrame.new(0.063871, 0.238397, 0.054385, 0.872259, 0.398673, 0.283239, -0.476796, 0.822075, 0.311220, -0.108769, -0.406511, 0.907148),

              ["RightUpperLeg"] = CFrame.new(0.000000, 0.000000, -0.000000, 0.929269, -0.067333, -0.363219, -0.214927, 0.701142, -0.679843, 0.300444, 0.709836, 0.637092),

              ["UpperTorso"] = CFrame.new(-0.000000, 0.000000, 0.000000, 0.984799, 0.172339, -0.021702, -0.168170, 0.914692, -0.367502, -0.043484, 0.365565, 0.929770)

          }},

          {Time = 0.100, Data = {

              ["Head"] = CFrame.new(0.000000, 0.000000, -0.000000, 1.000000, 0.000000, -0.000000, 0.000000, 0.992063, 0.125743, 0.000000, -0.125743, 0.992063),

              ["LeftFoot"] = CFrame.new(-0.000000, 0.027567, -0.000002, 0.988826, -0.114034, -0.096020, 0.087979, 0.966364, -0.241676, 0.120342, 0.230513, 0.965595),

              ["LeftHand"] = CFrame.new(0.000553, -0.080679, -0.000000, 0.992972, -0.102573, 0.059042, 0.117858, 0.902529, -0.414191, -0.010802, 0.418235, 0.908273),

              ["LeftLowerArm"] = CFrame.new(-0.000498, -0.080783, 0.000439, 1.000000, -0.000000, -0.000000, 0.000000, 1.000000, -0.000001, 0.000000, -0.000000, 1.000000),

              ["LeftLowerLeg"] = CFrame.new(-0.000000, 0.112915, -0.053280, 1.000000, -0.000000, -0.000000, 0.000000, 0.449588, 0.893242, -0.000000, -0.893236, 0.449576),

              ["LeftUpperArm"] = CFrame.new(-0.059856, 0.226976, 0.068958, 0.880288, -0.330918, -0.339981, 0.453952, 0.795786, 0.400813, 0.137916, -0.507166, 0.850742),

              ["LeftUpperLeg"] = CFrame.new(0.000000, -0.000000, -0.000100, 0.858317, 0.505697, 0.086966, -0.090923, 0.316672, -0.944161, -0.504999, 0.802490, 0.317802),

              ["LowerTorso"] = CFrame.new(0.062467, -0.367705, 0.202248, 0.985636, -0.156167, -0.064296, 0.168885, 0.911426, 0.375208, 0.000006, -0.380678, 0.924708),

              ["RightFoot"] = CFrame.new(0.000000, 0.021532, -0.000102, 0.999713, 0.018320, 0.015426, -0.014619, 0.976970, -0.212892, -0.018970, 0.212588, 0.976954),

              ["RightHand"] = CFrame.new(-0.000543, -0.065292, -0.000000, 0.999151, 0.035951, -0.020097, -0.040758, 0.933308, -0.356758, 0.005930, 0.357271, 0.933981),

              ["RightLowerArm"] = CFrame.new(-0.000002, -0.065213, 0.000355, 1.000000, -0.000000, 0.000000, 0.000000, 1.000000, -0.000001, -0.000000, -0.000000, 1.000000),

              ["RightLowerLeg"] = CFrame.new(-0.000000, 0.092806, -0.031777, 1.000000, 0.000000, 0.000000, -0.000000, 0.674138, 0.738610, 0.000000, -0.738605, 0.674133),

              ["RightUpperArm"] = CFrame.new(0.063871, 0.238397, 0.054385, 0.872259, 0.398673, 0.283239, -0.476796, 0.822075, 0.311220, -0.108769, -0.406511, 0.907148),

              ["RightUpperLeg"] = CFrame.new(-0.000000, -0.000000, -0.000000, 0.931019, -0.064619, -0.359207, -0.255706, 0.586770, -0.768308, 0.260419, 0.807171, 0.529787),

              ["UpperTorso"] = CFrame.new(0.000000, -0.000000, 0.000000, 0.985636, 0.167562, -0.021095, -0.156167, 0.856721, -0.491570, -0.064296, 0.487804, 0.870582)

          }},

          {Time = 0.117, Data = {

              ["Head"] = CFrame.new(0.000000, 0.000000, -0.000000, 1.000000, 0.000000, -0.000000, 0.000000, 0.992063, 0.125743, 0.000000, -0.125743, 0.992063),

              ["LeftFoot"] = CFrame.new(0.000000, 0.026709, -0.000002, 0.992033, -0.096370, -0.081147, 0.078875, 0.977337, -0.196458, 0.098234, 0.188480, 0.977149),

              ["LeftHand"] = CFrame.new(0.000553, -0.080679, -0.000000, 0.992972, -0.102573, 0.059042, 0.117858, 0.902529, -0.414191, -0.010802, 0.418235, 0.908273),

              ["LeftLowerArm"] = CFrame.new(-0.000498, -0.080783, 0.000439, 1.000000, -0.000000, -0.000000, 0.000000, 1.000000, -0.000001, 0.000000, -0.000000, 1.000000),

              ["LeftLowerLeg"] = CFrame.new(-0.000000, 0.109771, -0.048612, 1.000000, -0.000000, -0.000000, 0.000000, 0.498060, 0.867149, -0.000000, -0.867142, 0.498050),

              ["LeftUpperArm"] = CFrame.new(-0.059856, 0.226976, 0.068958, 0.880288, -0.330918, -0.339981, 0.453952, 0.795786, 0.400813, 0.137916, -0.507166, 0.850742),

              ["LeftUpperLeg"] = CFrame.new(-0.000000, -0.000000, -0.000100, 0.872742, 0.476770, 0.104947, -0.013049, 0.237660, -0.971256, -0.488008, 0.846291, 0.213654),

              ["LowerTorso"] = CFrame.new(0.054497, -0.348690, 0.243939, 0.987790, -0.136243, -0.075562, 0.155794, 0.863890, 0.478981, 0.000020, -0.484905, 0.874567),

              ["RightFoot"] = CFrame.new(-0.000000, 0.020078, -0.000102, 0.999839, 0.013738, 0.011568, -0.011578, 0.985445, -0.169616, -0.013728, 0.169440, 0.985442),

              ["RightHand"] = CFrame.new(-0.000543, -0.065292, -0.000000, 0.999151, 0.035951, -0.020097, -0.040758, 0.933308, -0.356758, 0.005930, 0.357271, 0.933981),

              ["RightLowerArm"] = CFrame.new(-0.000002, -0.065213, 0.000355, 1.000000, -0.000000, 0.000000, 0.000000, 1.000000, -0.000001, -0.000000, -0.000000, 1.000000),

              ["RightLowerLeg"] = CFrame.new(-0.000000, 0.088949, -0.029064, 1.000000, 0.000000, 0.000000, -0.000000, 0.702411, 0.711775, 0.000000, -0.711772, 0.702408),

              ["RightUpperArm"] = CFrame.new(0.063871, 0.238397, 0.054385, 0.872259, 0.398673, 0.283239, -0.476796, 0.822075, 0.311220, -0.108769, -0.406511, 0.907148),

              ["RightUpperLeg"] = CFrame.new(0.000000, 0.000000, -0.000000, 0.933375, -0.072090, -0.351589, -0.275748, 0.482989, -0.831065, 0.229725, 0.872654, 0.430947),

              ["UpperTorso"] = CFrame.new(0.000000, 0.000000, -0.000000, 0.987790, 0.154576, -0.019446, -0.136243, 0.796535, -0.589042, -0.075562, 0.584498, 0.807869)

          }},

          {Time = 0.133, Data = {

              ["Head"] = CFrame.new(0.000000, 0.000000, -0.000000, 1.000000, 0.000000, -0.000000, 0.000000, 0.992063, 0.125743, 0.000000, -0.125743, 0.992063),

              ["LeftFoot"] = CFrame.new(-0.000000, 0.025712, -0.000002, 0.994025, -0.083500, -0.070310, 0.070834, 0.983483, -0.166579, 0.083052, 0.160591, 0.983518),

              ["LeftHand"] = CFrame.new(0.000553, -0.080679, -0.000000, 0.992972, -0.102573, 0.059042, 0.117858, 0.902529, -0.414191, -0.010802, 0.418235, 0.908273),

              ["LeftLowerArm"] = CFrame.new(-0.000498, -0.080783, 0.000439, 1.000000, -0.000000, -0.000000, 0.000000, 1.000000, -0.000001, 0.000000, -0.000000, 1.000000),

              ["LeftLowerLeg"] = CFrame.new(0.000000, 0.106691, -0.044803, 1.000000, -0.000000, -0.000000, 0.000000, 0.537710, 0.843136, -0.000000, -0.843130, 0.537700),

              ["LeftUpperArm"] = CFrame.new(-0.059856, 0.226976, 0.068958, 0.880288, -0.330918, -0.339981, 0.453952, 0.795786, 0.400813, 0.137916, -0.507166, 0.850742),

              ["LeftUpperLeg"] = CFrame.new(-0.000000, -0.000000, -0.000100, 0.884756, 0.447753, 0.129327, 0.041258, 0.201134, -0.978690, -0.464224, 0.871242, 0.159499),

              ["LowerTorso"] = CFrame.new(0.045752, -0.335348, 0.268016, 0.990647, -0.114380, -0.074408, 0.136453, 0.830534, 0.539994, 0.000034, -0.545097, 0.838373),

              ["RightFoot"] = CFrame.new(-0.000000, 0.019481, -0.000102, 0.999855, 0.013034, 0.010975, -0.011294, 0.989235, -0.145915, -0.012757, 0.145757, 0.989236),

              ["RightHand"] = CFrame.new(-0.000543, -0.065292, -0.000000, 0.999151, 0.035951, -0.020097, -0.040758, 0.933308, -0.356758, 0.005930, 0.357271, 0.933981),

              ["RightLowerArm"] = CFrame.new(-0.000002, -0.065213, 0.000355, 1.000000, -0.000000, 0.000000, 0.000000, 1.000000, -0.000001, -0.000000, -0.000000, 1.000000),

              ["RightLowerLeg"] = CFrame.new(0.000000, 0.087228, -0.027879, 1.000000, 0.000000, 0.000000, -0.000000, 0.714731, 0.699402, 0.000000, -0.699400, 0.714728),

              ["RightUpperArm"] = CFrame.new(0.063871, 0.238397, 0.054385, 0.872259, 0.398673, 0.283239, -0.476796, 0.822075, 0.311220, -0.108769, -0.406511, 0.907148),

              ["RightUpperLeg"] = CFrame.new(0.000000, -0.000000, -0.000000, 0.935844, -0.089970, -0.340739, -0.276189, 0.413310, -0.867687, 0.218896, 0.906135, 0.361962),

              ["UpperTorso"] = CFrame.new(-0.000000, 0.000000, -0.000000, 0.990647, 0.135388, -0.017015, -0.114380, 0.755920, -0.644594, -0.074408, 0.640511, 0.764336)

          }},

          {Time = 0.150, Data = {

              ["Head"] = CFrame.new(0.000000, 0.000000, -0.000000, 1.000000, 0.000000, -0.000000, 0.000000, 0.992063, 0.125743, 0.000000, -0.125743, 0.992063),

              ["LeftFoot"] = CFrame.new(0.000000, 0.025289, -0.000002, 0.994818, -0.077774, -0.065489, 0.066245, 0.984430, -0.162831, 0.077127, 0.157637, 0.984478),

              ["LeftHand"] = CFrame.new(0.000553, -0.080679, -0.000000, 0.992972, -0.102573, 0.059042, 0.117858, 0.902529, -0.414191, -0.010802, 0.418235, 0.908273),

              ["LeftLowerArm"] = CFrame.new(-0.000498, -0.080783, 0.000439, 1.000000, -0.000000, -0.000000, 0.000000, 1.000000, -0.000001, 0.000000, -0.000000, 1.000000),

              ["LeftLowerLeg"] = CFrame.new(0.000000, 0.105468, -0.043436, 1.000000, -0.000000, -0.000000, 0.000000, 0.551955, 0.833880, -0.000000, -0.833874, 0.551946),

              ["LeftUpperArm"] = CFrame.new(-0.059856, 0.226976, 0.068958, 0.880288, -0.330918, -0.339981, 0.453952, 0.795786, 0.400813, 0.137916, -0.507166, 0.850742),

              ["LeftUpperLeg"] = CFrame.new(-0.000000, 0.000000, -0.000100, 0.892736, 0.423676, 0.153378, 0.061979, 0.221676, -0.973144, -0.446298, 0.878270, 0.171656),

              ["LowerTorso"] = CFrame.new(0.037824, -0.336108, 0.268375, 0.993607, -0.094560, -0.061675, 0.112896, 0.832434, 0.542501, 0.000042, -0.545996, 0.837788),

              ["RightFoot"] = CFrame.new(0.000000, 0.020325, -0.000102, 0.999765, 0.016584, 0.013965, -0.014239, 0.987978, -0.153951, -0.016348, 0.153703, 0.987980),

              ["RightHand"] = CFrame.new(-0.000543, -0.065292, -0.000000, 0.999151, 0.035951, -0.020097, -0.040758, 0.933308, -0.356758, 0.005930, 0.357271, 0.933981),

              ["RightLowerArm"] = CFrame.new(-0.000002, -0.065213, 0.000355, 1.000000, -0.000000, 0.000000, 0.000000, 1.000000, -0.000001, -0.000000, -0.000000, 1.000000),

              ["RightLowerLeg"] = CFrame.new(-0.000000, 0.089653, -0.029558, 1.000000, 0.000000, 0.000000, -0.000000, 0.697281, 0.716801, 0.000000, -0.716798, 0.697278),

              ["RightUpperArm"] = CFrame.new(0.063871, 0.238397, 0.054385, 0.872259, 0.398673, 0.283239, -0.476796, 0.822075, 0.311220, -0.108769, -0.406511, 0.907148),

              ["RightUpperLeg"] = CFrame.new(0.000000, 0.000000, -0.000000, 0.937620, -0.119655, -0.326427, -0.256167, 0.397005, -0.881335, 0.235049, 0.909983, 0.341605),

              ["UpperTorso"] = CFrame.new(-0.000000, 0.000000, -0.000000, 0.993607, 0.112016, -0.014064, -0.094560, 0.757693, -0.645724, -0.061675, 0.642926, 0.763441)

          }},

          {Time = 0.167, Data = {

              ["Head"] = CFrame.new(0.000000, 0.000000, -0.000000, 1.000000, 0.000000, -0.000000, 0.000000, 0.992063, 0.125743, 0.000000, -0.125743, 0.992063),

              ["LeftFoot"] = CFrame.new(-0.000000, 0.025927, -0.000002, 0.994329, -0.081352, -0.068501, 0.066588, 0.978448, -0.195476, 0.082922, 0.189792, 0.978313),

              ["LeftHand"] = CFrame.new(0.000553, -0.080679, -0.000000, 0.992972, -0.102573, 0.059042, 0.117858, 0.902529, -0.414191, -0.010802, 0.418235, 0.908273),

              ["LeftLowerArm"] = CFrame.new(-0.000498, -0.080783, 0.000439, 1.000000, -0.000000, -0.000000, 0.000000, 1.000000, -0.000001, 0.000000, -0.000000, 1.000000),

              ["LeftLowerLeg"] = CFrame.new(-0.000000, 0.107303, -0.045503, 1.000000, -0.000000, -0.000000, 0.000000, 0.530418, 0.847742, -0.000000, -0.847736, 0.530409),

              ["LeftUpperArm"] = CFrame.new(-0.059856, 0.226976, 0.068958, 0.880288, -0.330918, -0.339981, 0.453952, 0.795786, 0.400813, 0.137916, -0.507166, 0.850742),

              ["LeftUpperLeg"] = CFrame.new(-0.000000, -0.000000, -0.000100, 0.895587, 0.409243, 0.174494, 0.039242, 0.318001, -0.947271, -0.443153, 0.855217, 0.268755),

              ["LowerTorso"] = CFrame.new(0.030833, -0.355517, 0.236728, 0.996192, -0.077082, -0.040743, 0.087187, 0.880957, 0.465096, 0.000042, -0.466877, 0.884322),

              ["RightFoot"] = CFrame.new(0.000000, 0.022768, -0.000102, 0.999400, 0.026505, 0.022318, -0.021457, 0.979144, -0.202049, -0.027206, 0.201433, 0.979121),

              ["RightHand"] = CFrame.new(-0.000543, -0.065292, -0.000000, 0.999151, 0.035951, -0.020097, -0.040758, 0.933308, -0.356758, 0.005930, 0.357271, 0.933981),

              ["RightLowerArm"] = CFrame.new(-0.000002, -0.065213, 0.000355, 1.000000, -0.000000, 0.000000, 0.000000, 1.000000, -0.000001, -0.000000, -0.000000, 1.000000),

              ["RightLowerLeg"] = CFrame.new(-0.000000, 0.096584, -0.034898, 1.000000, 0.000000, 0.000000, -0.000000, 0.641726, 0.766939, 0.000000, -0.766934, 0.641721),

              ["RightUpperArm"] = CFrame.new(0.063871, 0.238397, 0.054385, 0.872259, 0.398673, 0.283239, -0.476796, 0.822075, 0.311220, -0.108769, -0.406511, 0.907148),

              ["RightUpperLeg"] = CFrame.new(0.000000, -0.000000, -0.000000, 0.937406, -0.161316, -0.308624, -0.206517, 0.456056, -0.865649, 0.280393, 0.875209, 0.394212),

              ["UpperTorso"] = CFrame.new(-0.000000, -0.000000, -0.000000, 0.996192, 0.086509, -0.010852, -0.077082, 0.815721, -0.573287, -0.040743, 0.571941, 0.819283)

          }},

          {Time = 0.183, Data = {

              ["Head"] = CFrame.new(0.000000, 0.000000, -0.000000, 1.000000, 0.000000, -0.000000, 0.000000, 0.992063, 0.125743, 0.000000, -0.125743, 0.992063),

              ["LeftFoot"] = CFrame.new(-0.000000, 0.026960, -0.000002, 0.992070, -0.096144, -0.080956, 0.071521, 0.961478, -0.265431, 0.103350, 0.257520, 0.960725),

              ["LeftHand"] = CFrame.new(0.000553, -0.080679, -0.000000, 0.992972, -0.102573, 0.059042, 0.117858, 0.902529, -0.414191, -0.010802, 0.418235, 0.908273),

              ["LeftLowerArm"] = CFrame.new(-0.000498, -0.080783, 0.000439, 1.000000, -0.000000, -0.000000, 0.000000, 1.000000, -0.000001, 0.000000, -0.000000, 1.000000),

              ["LeftLowerLeg"] = CFrame.new(0.000000, 0.110720, -0.049969, 1.000000, -0.000000, -0.000000, 0.000000, 0.483987, 0.875082, -0.000000, -0.875075, 0.483976),

              ["LeftUpperArm"] = CFrame.new(-0.059856, 0.226976, 0.068958, 0.880288, -0.330918, -0.339981, 0.453952, 0.795786, 0.400813, 0.137916, -0.507166, 0.850742),

              ["LeftUpperLeg"] = CFrame.new(-0.000000, 0.000000, -0.000100, 0.892440, 0.405477, 0.197846, -0.036457, 0.501876, -0.864160, -0.449691, 0.764008, 0.462693),

              ["LowerTorso"] = CFrame.new(0.023531, -0.385595, 0.164737, 0.998112, -0.058828, -0.017654, 0.061420, 0.956153, 0.286355, 0.000034, -0.286899, 0.957961),

              ["RightFoot"] = CFrame.new(-0.000000, 0.025260, -0.000102, 0.998134, 0.046711, 0.039333, -0.033503, 0.957398, -0.286841, -0.051052, 0.284969, 0.957171),

              ["RightHand"] = CFrame.new(-0.000543, -0.065292, -0.000000, 0.999151, 0.035951, -0.020097, -0.040758, 0.933308, -0.356758, 0.005930, 0.357271, 0.933981),

              ["RightLowerArm"] = CFrame.new(-0.000002, -0.065213, 0.000355, 1.000000, -0.000000, 0.000000, 0.000000, 1.000000, -0.000001, -0.000000, -0.000000, 1.000000),

              ["RightLowerLeg"] = CFrame.new(-0.000000, 0.104594, -0.042799, 1.000000, 0.000000, 0.000000, -0.000000, 0.559626, 0.828751, 0.000000, -0.828745, 0.559617),

              ["RightUpperArm"] = CFrame.new(0.063871, 0.238397, 0.054385, 0.872259, 0.398673, 0.283239, -0.476796, 0.822075, 0.311220, -0.108769, -0.406511, 0.907148),

              ["RightUpperLeg"] = CFrame.new(0.000000, 0.000000, -0.000000, 0.933057, -0.211599, -0.290918, -0.109492, 0.603276, -0.789967, 0.342660, 0.768950, 0.539739),

              ["UpperTorso"] = CFrame.new(-0.000000, 0.000000, -0.000000, 0.998112, 0.060943, -0.007640, -0.058828, 0.912815, -0.404115, -0.017654, 0.403801, 0.914676)

          }},

          {Time = 0.200, Data = {

              ["Head"] = CFrame.new(0.000000, 0.000000, -0.000000, 1.000000, 0.000000, -0.000000, 0.000000, 0.992063, 0.125743, 0.000000, -0.125743, 0.992063),

              ["LeftFoot"] = CFrame.new(0.000000, 0.027393, -0.000002, 0.987912, -0.118581, -0.099848, 0.077622, 0.935932, -0.343539, 0.134180, 0.331617, 0.933816),

              ["LeftHand"] = CFrame.new(0.000553, -0.080679, -0.000000, 0.992972, -0.102573, 0.059042, 0.117858, 0.902529, -0.414191, -0.010802, 0.418235, 0.908273),

              ["LeftLowerArm"] = CFrame.new(-0.000498, -0.080783, 0.000439, 1.000000, -0.000000, -0.000000, 0.000000, 1.000000, -0.000001, 0.000000, -0.000000, 1.000000),

              ["LeftLowerLeg"] = CFrame.new(-0.000000, 0.112300, -0.052327, 1.000000, -0.000000, -0.000000, 0.000000, 0.459494, 0.888187, -0.000000, -0.888181, 0.459482),

              ["LeftUpperArm"] = CFrame.new(-0.059856, 0.226976, 0.068958, 0.880288, -0.330918, -0.339981, 0.453952, 0.795786, 0.400813, 0.137916, -0.507166, 0.850742),

              ["LeftUpperLeg"] = CFrame.new(0.000000, -0.000000, -0.000100, 0.884870, 0.403166, 0.233381, -0.148953, 0.719544, -0.678268, -0.441383, 0.565433, 0.696768),

              ["LowerTorso"] = CFrame.new(0.015071, -0.402562, 0.065155, 0.999289, -0.037676, -0.001454, 0.037704, 0.998569, 0.037916, 0.000023, -0.037944, 0.999280),

              ["RightFoot"] = CFrame.new(0.000000, 0.026838, -0.000102, 0.994963, 0.076679, 0.064565, -0.047003, 0.925773, -0.375168, -0.088535, 0.370222, 0.924706),

              ["RightHand"] = CFrame.new(-0.000543, -0.065292, -0.000000, 0.999151, 0.035951, -0.020097, -0.040758, 0.933308, -0.356758, 0.005930, 0.357271, 0.933981),

              ["RightLowerArm"] = CFrame.new(-0.000002, -0.065213, 0.000355, 1.000000, -0.000000, 0.000000, 0.000000, 1.000000, -0.000001, -0.000000, -0.000000, 1.000000),

              ["RightLowerLeg"] = CFrame.new(-0.000000, 0.109291, -0.048322, 1.000000, 0.000000, 0.000000, -0.000000, 0.502110, 0.864811, 0.000000, -0.864804, 0.502098),

              ["RightUpperArm"] = CFrame.new(0.063871, 0.238397, 0.054385, 0.872259, 0.398673, 0.283239, -0.476796, 0.822075, 0.311220, -0.108769, -0.406511, 0.907148),

              ["RightUpperLeg"] = CFrame.new(0.000000, -0.000000, -0.000000, 0.923025, -0.260031, -0.283569, 0.031892, 0.786200, -0.617130, 0.383416, 0.560601, 0.733989),

              ["UpperTorso"] = CFrame.new(0.000000, 0.000000, -0.000000, 0.999289, 0.037412, -0.004688, -0.037676, 0.986004, -0.162411, -0.001454, 0.162472, 0.986712)

          }},

          {Time = 0.217, Data = {

              ["Head"] = CFrame.new(0.000000, 0.000000, -0.000000, 1.000000, 0.000000, -0.000000, 0.000000, 0.992063, 0.125743, 0.000000, -0.125743, 0.992063),

              ["LeftFoot"] = CFrame.new(0.000000, 0.026939, -0.000002, 0.982745, -0.141493, -0.119140, 0.083347, 0.913736, -0.397689, 0.165123, 0.380875, 0.909752),

              ["LeftHand"] = CFrame.new(0.000553, -0.080679, -0.000000, 0.992972, -0.102573, 0.059042, 0.117858, 0.902529, -0.414191, -0.010802, 0.418235, 0.908273),

              ["LeftLowerArm"] = CFrame.new(-0.000498, -0.080783, 0.000439, 1.000000, -0.000000, -0.000000, 0.000000, 1.000000, -0.000001, 0.000000, -0.000000, 1.000000),

              ["LeftLowerLeg"] = CFrame.new(0.000000, 0.110634, -0.049844, 1.000000, -0.000000, -0.000000, 0.000000, 0.485276, 0.874367, -0.000000, -0.874361, 0.485265),

              ["LeftUpperArm"] = CFrame.new(-0.059856, 0.226976, 0.068958, 0.880288, -0.330918, -0.339981, 0.453952, 0.795786, 0.400813, 0.137916, -0.507166, 0.850742),

              ["LeftUpperLeg"] = CFrame.new(-0.000000, -0.000000, -0.000100, 0.876088, 0.392751, 0.279682, -0.263986, 0.876115, -0.403382, -0.403463, 0.279588, 0.871241),

              ["LowerTorso"] = CFrame.new(0.007097, -0.393860, -0.035363, 0.999835, -0.017742, 0.003863, 0.018157, 0.976815, -0.213315, 0.000012, 0.213350, 0.976976),

              ["RightFoot"] = CFrame.new(-0.000000, 0.026876, -0.000103, 0.989858, 0.108671, 0.091503, -0.058170, 0.897668, -0.436839, -0.129604, 0.427062, 0.894874),

              ["RightHand"] = CFrame.new(-0.000543, -0.065292, -0.000000, 0.999151, 0.035951, -0.020097, -0.040758, 0.933308, -0.356758, 0.005930, 0.357271, 0.933981),

              ["RightLowerArm"] = CFrame.new(-0.000002, -0.065213, 0.000355, 1.000000, -0.000000, 0.000000, 0.000000, 1.000000, -0.000001, -0.000000, -0.000000, 1.000000),

              ["RightLowerLeg"] = CFrame.new(-0.000000, 0.109435, -0.048524, 1.000000, 0.000000, 0.000000, -0.000000, 0.500021, 0.866020, 0.000000, -0.866014, 0.500009),

              ["RightUpperArm"] = CFrame.new(0.063871, 0.238397, 0.054385, 0.872259, 0.398673, 0.283239, -0.476796, 0.822075, 0.311220, -0.108769, -0.406511, 0.907148),

              ["RightUpperLeg"] = CFrame.new(0.000000, -0.000000, -0.000000, 0.909075, -0.296257, -0.292946, 0.181392, 0.914414, -0.361840, 0.375072, 0.275824, 0.885017),

              ["UpperTorso"] = CFrame.new(-0.000000, 0.000000, -0.000000, 0.999835, 0.018016, -0.002257, -0.017742, 0.995817, 0.089633, 0.003863, -0.089578, 0.995972)

          }},

          {Time = 0.233, Data = {

              ["Head"] = CFrame.new(0.000000, 0.000000, -0.000000, 1.000000, 0.000000, -0.000000, 0.000000, 0.992063, 0.125743, 0.000000, -0.125743, 0.992063),

              ["LeftFoot"] = CFrame.new(0.000000, 0.025686, -0.000003, 0.978523, -0.157691, -0.132779, 0.088873, 0.903864, -0.418509, 0.185998, 0.397698, 0.898454),

              ["LeftHand"] = CFrame.new(0.000553, -0.080679, -0.000000, 0.992972, -0.102573, 0.059042, 0.117858, 0.902529, -0.414191, -0.010802, 0.418235, 0.908273),

              ["LeftLowerArm"] = CFrame.new(-0.000498, -0.080783, 0.000439, 1.000000, -0.000000, -0.000000, 0.000000, 1.000000, -0.000001, 0.000000, -0.000000, 1.000000),

              ["LeftLowerLeg"] = CFrame.new(-0.000000, 0.106609, -0.044710, 1.000000, -0.000000, -0.000000, 0.000000, 0.538683, 0.842515, -0.000000, -0.842509, 0.538672),

              ["LeftUpperArm"] = CFrame.new(-0.059856, 0.226976, 0.068958, 0.880288, -0.330918, -0.339981, 0.453952, 0.795786, 0.400813, 0.137916, -0.507166, 0.850742),

              ["LeftUpperLeg"] = CFrame.new(-0.000000, -0.000000, -0.000100, 0.869602, 0.375453, 0.320676, -0.345871, 0.926686, -0.147037, -0.352372, 0.016975, 0.935707),

              ["LowerTorso"] = CFrame.new(0.001794, -0.370050, -0.109302, 0.999988, -0.004486, 0.001944, 0.004889, 0.917289, -0.398193, 0.000003, 0.398198, 0.917300),

              ["RightFoot"] = CFrame.new(-0.000000, 0.026006, -0.000103, 0.984984, 0.132070, 0.111204, -0.066158, 0.883653, -0.463468, -0.159467, 0.449127, 0.879108),

              ["RightHand"] = CFrame.new(-0.000543, -0.065292, -0.000000, 0.999151, 0.035951, -0.020097, -0.040758, 0.933308, -0.356758, 0.005930, 0.357271, 0.933981),

              ["RightLowerArm"] = CFrame.new(-0.000002, -0.065213, 0.000355, 1.000000, -0.000000, 0.000000, 0.000000, 1.000000, -0.000001, -0.000000, -0.000000, 1.000000),

              ["RightLowerLeg"] = CFrame.new(-0.000000, 0.106749, -0.045197, 1.000000, 0.000000, 0.000000, -0.000000, 0.534647, 0.845082, 0.000000, -0.845075, 0.534637),

              ["RightUpperArm"] = CFrame.new(0.063871, 0.238397, 0.054385, 0.872259, 0.398673, 0.283239, -0.476796, 0.822075, 0.311220, -0.108769, -0.406511, 0.907148),

              ["RightUpperLeg"] = CFrame.new(0.000000, -0.000000, -0.000000, 0.896900, -0.314396, -0.311014, 0.289996, 0.949077, -0.123088, 0.333875, 0.020229, 0.942401),

              ["UpperTorso"] = CFrame.new(-0.000000, 0.000000, 0.000000, 0.999988, 0.004851, -0.000608, -0.004486, 0.959853, 0.280469, 0.001944, -0.280463, 0.959863)

          }},

          {Time = 0.250, Data = {

              ["Head"] = CFrame.new(0.000000, 0.000000, -0.000000, 1.000000, 0.000000, -0.000000, 0.000000, 0.992063, 0.125743, 0.000000, -0.125743, 0.992063),

              ["LeftFoot"] = CFrame.new(0.000000, 0.024838, -0.000003, 0.976883, -0.163532, -0.137696, 0.091669, 0.902304, -0.421264, 0.193122, 0.398880, 0.896424),

              ["LeftHand"] = CFrame.new(0.000553, -0.080679, -0.000000, 0.992972, -0.102573, 0.059042, 0.117858, 0.902529, -0.414191, -0.010802, 0.418235, 0.908273),

              ["LeftLowerArm"] = CFrame.new(-0.000498, -0.080783, 0.000439, 1.000000, -0.000000, -0.000000, 0.000000, 1.000000, -0.000001, 0.000000, -0.000000, 1.000000),

              ["LeftLowerLeg"] = CFrame.new(0.000000, 0.104125, -0.041978, 1.000000, -0.000000, -0.000000, 0.000000, 0.567133, 0.823633, -0.000000, -0.823627, 0.567123),

              ["LeftUpperArm"] = CFrame.new(-0.059856, 0.226976, 0.068958, 0.880288, -0.330918, -0.339981, 0.453952, 0.795786, 0.400813, 0.137916, -0.507166, 0.850742),

