return {
["lay twerking transition flip"] = {

          {Time = 0.000, Data = {

              ["Head"] = CFrame.new(0.000000, 0.000000, -0.000000, 1.000000, -0.000000, 0.000000, 0.000000, 0.898105, -0.439781, 0.000000, 0.439781, 0.898105),

              ["LeftFoot"] = CFrame.new(0.000000, 0.014716, -0.000003, 0.988459, -0.115885, -0.097577, 0.063418, 0.901471, -0.428194, 0.137575, 0.417039, 0.898403),

              ["LeftHand"] = CFrame.new(0.000486, 0.022039, -0.000000, 0.992627, -0.104998, 0.060560, 0.036592, 0.735896, 0.676109, -0.115555, -0.668904, 0.734309),

              ["LeftLowerArm"] = CFrame.new(-0.000500, 0.107451, 0.053305, 1.000000, -0.000000, -0.000000, 0.000000, 0.450542, -0.892755, 0.000000, 0.892755, 0.450542),

              ["LeftLowerLeg"] = CFrame.new(0.000000, 0.073221, -0.019191, 1.000000, -0.000000, -0.000000, 0.000000, 0.803557, 0.595227, -0.000000, -0.595228, 0.803558),

              ["LeftUpperArm"] = CFrame.new(0.262385, -0.044054, -0.041621, 0.992627, 0.119649, -0.019394, -0.088107, 0.602354, -0.793352, -0.083242, 0.789211, 0.608455),

              ["LeftUpperLeg"] = CFrame.new(0.000000, -0.000000, -0.000100, 0.988719, 0.131840, 0.071087, -0.093447, 0.913850, -0.395135, -0.117058, 0.384054, 0.915868),

              ["LowerTorso"] = CFrame.new(-0.005077, -1.121798, 1.007831, 0.999998, 0.000270, 0.001993, -0.002010, 0.169732, 0.985488, -0.000072, -0.985490, 0.169733),

              ["RightFoot"] = CFrame.new(0.000000, 0.014145, -0.000103, 0.972328, 0.178712, 0.150479, -0.120425, 0.935323, -0.332691, -0.200190, 0.305342, 0.930953),

              ["RightHand"] = CFrame.new(-0.000485, 0.022520, -0.000000, 0.990931, 0.116364, -0.067203, -0.039500, 0.730264, 0.682026, 0.128438, -0.673182, 0.728234),

              ["RightLowerArm"] = CFrame.new(-0.000000, 0.109945, 0.057432, 1.000000, 0.000000, 0.000000, -0.000000, 0.407664, -0.913132, -0.000000, 0.913132, 0.407664),

              ["RightLowerLeg"] = CFrame.new(0.000000, 0.070200, -0.017772, 1.000000, 0.000000, 0.000000, -0.000000, 0.819181, 0.573534, 0.000000, -0.573535, 0.819182),

              ["RightUpperArm"] = CFrame.new(-0.261537, -0.051797, -0.055918, 0.990931, -0.133384, 0.016291, 0.097728, 0.632164, -0.768647, 0.092227, 0.763268, 0.639466),

              ["RightUpperLeg"] = CFrame.new(0.000000, -0.000000, -0.000000, 0.971795, -0.221913, -0.079806, 0.171994, 0.898459, -0.403949, 0.161345, 0.378848, 0.911294),

              ["UpperTorso"] = CFrame.new(0.004966, 0.028195, -0.002416, 0.999998, -0.000507, -0.001946, 0.000270, 0.992801, -0.119779, 0.001993, 0.119778, 0.992799)

          }},

          {Time = 0.017, Data = {

              ["Head"] = CFrame.new(0.000000, 0.000000, 0.000000, 1.000000, 0.000232, 0.000294, -0.000083, 0.903090, -0.429451, -0.000366, 0.429451, 0.903090),

              ["LeftFoot"] = CFrame.new(0.000000, 0.019017, -0.000003, 0.983700, -0.119024, -0.134800, 0.046621, 0.892785, -0.448090, 0.173670, 0.434476, 0.883767),

              ["LeftHand"] = CFrame.new(0.000485, 0.022354, 0.000000, 0.992698, -0.104493, 0.060266, 0.036143, 0.734312, 0.677852, -0.115084, -0.670721, 0.732724),

              ["LeftLowerArm"] = CFrame.new(-0.000500, 0.108768, 0.055518, 1.000000, -0.000000, -0.000000, 0.000000, 0.427554, -0.903990, 0.000000, 0.903990, 0.427554),

              ["LeftLowerLeg"] = CFrame.new(-0.000000, 0.086650, -0.027254, 1.000000, -0.000000, -0.000000, 0.000000, 0.720179, 0.693791, -0.000000, -0.693788, 0.720176),

              ["LeftUpperArm"] = CFrame.new(0.262404, -0.042949, -0.042541, 0.992664, 0.119695, -0.017046, -0.085897, 0.598992, -0.796134, -0.085083, 0.791758, 0.604880),

              ["LeftUpperLeg"] = CFrame.new(-0.000000, -0.000000, -0.000100, 0.984036, 0.152845, 0.091174, -0.084646, 0.852573, -0.515690, -0.156554, 0.499758, 0.851911),

              ["LowerTorso"] = CFrame.new(-0.005700, -1.083370, 1.006595, 0.999998, 0.000317, 0.001986, -0.002011, 0.141892, 0.989880, 0.000032, -0.989882, 0.141892),

              ["RightFoot"] = CFrame.new(0.000000, 0.023789, -0.000103, 0.970993, 0.173071, 0.164997, -0.106507, 0.930830, -0.349608, -0.214078, 0.321873, 0.922253),

              ["RightHand"] = CFrame.new(-0.000485, 0.022667, 0.000000, 0.990824, 0.117041, -0.067600, -0.039490, 0.729004, 0.683373, 0.129263, -0.674429, 0.726933),

              ["RightLowerArm"] = CFrame.new(-0.000000, 0.110997, 0.059632, 1.000000, 0.000000, 0.000000, -0.000000, 0.384906, -0.922956, -0.000000, 0.922956, 0.384906),

              ["RightLowerLeg"] = CFrame.new(-0.000000, 0.099551, -0.037506, 1.000000, 0.000000, 0.000000, -0.000000, 0.614577, 0.788863, 0.000000, -0.788857, 0.614569),

              ["RightUpperArm"] = CFrame.new(-0.261469, -0.050990, -0.057466, 0.990795, -0.134675, 0.013687, 0.096115, 0.628681, -0.771701, 0.095324, 0.765914, 0.635838),

              ["RightUpperLeg"] = CFrame.new(0.000000, 0.000000, -0.000000, 0.969324, -0.244034, -0.029293, 0.202709, 0.861130, -0.466202, 0.138994, 0.445984, 0.884193),

              ["UpperTorso"] = CFrame.new(0.004966, 0.028195, -0.002416, 0.999998, -0.000508, -0.001946, 0.000270, 0.992718, -0.120460, 0.001993, 0.120460, 0.992716)

          }},

          {Time = 0.033, Data = {

              ["Head"] = CFrame.new(0.000000, -0.000000, -0.000000, 1.000000, 0.000469, 0.000602, -0.000174, 0.908098, -0.418757, -0.000744, 0.418757, 0.908098),

              ["LeftFoot"] = CFrame.new(-0.000000, 0.022927, -0.000003, 0.979439, -0.117994, -0.163646, 0.030870, 0.889239, -0.456425, 0.199364, 0.441964, 0.874583),

              ["LeftHand"] = CFrame.new(0.000485, 0.022649, -0.000000, 0.992758, -0.104063, 0.060016, 0.035608, 0.732055, 0.680318, -0.114730, -0.673250, 0.730456),

              ["LeftLowerArm"] = CFrame.new(-0.000500, 0.110062, 0.057876, 1.000000, -0.000000, -0.000000, 0.000000, 0.403072, -0.915168, 0.000000, 0.915168, 0.403072),

              ["LeftLowerLeg"] = CFrame.new(-0.000000, 0.097840, -0.035710, 1.000000, -0.000000, -0.000000, 0.000000, 0.632242, 0.774776, -0.000000, -0.774771, 0.632235),

              ["LeftUpperArm"] = CFrame.new(0.262416, -0.041794, -0.043535, 0.992689, 0.119799, -0.014702, -0.083588, 0.594482, -0.799753, -0.087070, 0.795135, 0.600150),

              ["LeftUpperLeg"] = CFrame.new(0.000000, -0.000000, -0.000100, 0.979831, 0.172567, 0.100762, -0.072246, 0.776033, -0.626523, -0.186312, 0.606625, 0.772862),

              ["LowerTorso"] = CFrame.new(-0.006356, -1.042536, 1.005137, 0.999998, 0.000363, 0.001983, -0.002011, 0.112216, 0.993682, 0.000138, -0.993684, 0.112217),

              ["RightFoot"] = CFrame.new(-0.000000, 0.028305, -0.000102, 0.970136, 0.170544, 0.172499, -0.101118, 0.930719, -0.351497, -0.220481, 0.323539, 0.920160),

              ["RightHand"] = CFrame.new(-0.000485, 0.022892, -0.000000, 0.990689, 0.117891, -0.068099, -0.039422, 0.727156, 0.685343, 0.130313, -0.676274, 0.725029),

              ["RightLowerArm"] = CFrame.new(-0.000000, 0.112077, 0.061940, 1.000000, 0.000000, 0.000000, -0.000000, 0.360965, -0.932579, -0.000000, 0.932579, 0.360965),

              ["RightLowerLeg"] = CFrame.new(0.000000, 0.114533, -0.056338, 1.000000, 0.000000, 0.000000, -0.000000, 0.418824, 0.908073, 0.000000, -0.908067, 0.418811),

              ["RightUpperArm"] = CFrame.new(-0.261387, -0.050128, -0.059157, 0.990630, -0.136125, 0.011048, 0.094389, 0.623944, -0.775748, 0.098706, 0.769522, 0.630946),

              ["RightUpperLeg"] = CFrame.new(0.000000, -0.000000, -0.000000, 0.966799, -0.254729, 0.020323, 0.234652, 0.853462, -0.465318, 0.101186, 0.454660, 0.884911),

              ["UpperTorso"] = CFrame.new(0.004966, 0.028195, -0.002416, 0.999998, -0.000509, -0.001946, 0.000270, 0.992638, -0.121118, 0.001993, 0.121117, 0.992636)

          }},

          {Time = 0.050, Data = {

              ["Head"] = CFrame.new(0.000000, 0.000000, -0.000000, 0.999999, 0.000706, 0.000917, -0.000270, 0.912967, -0.408033, -0.001125, 0.408032, 0.912967),

              ["LeftFoot"] = CFrame.new(0.000000, 0.025625, -0.000002, 0.976314, -0.112856, -0.184603, 0.017513, 0.891616, -0.452478, 0.215647, 0.438504, 0.872459),

              ["LeftHand"] = CFrame.new(0.000485, 0.022817, 0.000000, 0.992807, -0.103717, 0.059815, 0.034967, 0.728983, 0.683641, -0.114508, -0.676629, 0.727363),

              ["LeftLowerArm"] = CFrame.new(-0.000500, 0.111248, 0.060398, 1.000000, -0.000000, -0.000000, 0.000000, 0.376970, -0.926225, 0.000000, 0.926225, 0.376970),

              ["LeftLowerLeg"] = CFrame.new(-0.000000, 0.106439, -0.044520, 1.000000, -0.000000, -0.000000, 0.000000, 0.540662, 0.841246, -0.000000, -0.841240, 0.540652),

              ["LeftUpperArm"] = CFrame.new(0.262422, -0.040585, -0.044600, 0.992701, 0.119968, -0.012362, -0.081170, 0.588788, -0.804202, -0.089200, 0.799335, 0.594228),

              ["LeftUpperLeg"] = CFrame.new(-0.000000, -0.000000, -0.000100, 0.976742, 0.189300, 0.100704, -0.057868, 0.684943, -0.726279, -0.206462, 0.703576, 0.679983),

              ["LowerTorso"] = CFrame.new(-0.007036, -0.999337, 1.003340, 0.999998, 0.000404, 0.001982, -0.002008, 0.080774, 0.996730, 0.000242, -0.996732, 0.080775),

              ["RightFoot"] = CFrame.new(-0.000000, 0.030404, -0.000102, 0.969872, 0.170240, 0.174272, -0.102522, 0.934111, -0.341959, -0.220991, 0.313776, 0.923414),

              ["RightHand"] = CFrame.new(-0.000485, 0.023171, 0.000000, 0.990524, 0.118925, -0.068704, -0.039282, 0.724648, 0.688003, 0.131605, -0.678780, 0.722449),

              ["RightLowerArm"] = CFrame.new(-0.000000, 0.113158, 0.064351, 1.000000, 0.000000, 0.000000, -0.000000, 0.335929, -0.941887, -0.000000, 0.941887, 0.335929),

              ["RightLowerLeg"] = CFrame.new(0.000000, 0.121011, -0.070062, 1.000000, 0.000000, 0.000000, -0.000000, 0.276031, 0.961153, 0.000000, -0.961149, 0.276016),

              ["RightUpperArm"] = CFrame.new(-0.261288, -0.049198, -0.060994, 0.990432, -0.137744, 0.008381, 0.092532, 0.617824, -0.780853, 0.102380, 0.774157, 0.624659),

              ["RightUpperLeg"] = CFrame.new(0.000000, 0.000000, -0.000000, 0.964554, -0.257047, 0.059688, 0.258893, 0.877964, -0.402660, 0.051099, 0.403864, 0.913402),

              ["UpperTorso"] = CFrame.new(0.004966, 0.028195, -0.002416, 0.999998, -0.000510, -0.001945, 0.000270, 0.992561, -0.121752, 0.001993, 0.121751, 0.992559)

          }},

          {Time = 0.067, Data = {

              ["Head"] = CFrame.new(0.000000, 0.000000, 0.000000, 0.999999, 0.000936, 0.001231, -0.000370, 0.917552, -0.397616, -0.001502, 0.397615, 0.917551),

              ["LeftFoot"] = CFrame.new(0.000000, 0.027570, -0.000002, 0.974616, -0.103861, -0.198349, 0.007820, 0.901147, -0.433464, 0.223748, 0.420887, 0.879071),

              ["LeftHand"] = CFrame.new(0.000485, 0.023113, -0.000000, 0.992842, -0.103464, 0.059669, 0.034255, 0.725267, 0.687619, -0.114419, -0.680649, 0.723616),

              ["LeftLowerArm"] = CFrame.new(-0.000499, 0.112455, 0.062986, 1.000000, -0.000000, -0.000000, 0.000000, 0.350109, -0.936709, 0.000000, 0.936709, 0.350110),

              ["LeftLowerLeg"] = CFrame.new(-0.000000, 0.112926, -0.053299, 1.000000, -0.000000, -0.000000, 0.000000, 0.449392, 0.893341, -0.000000, -0.893335, 0.449380),

              ["LeftUpperArm"] = CFrame.new(0.262420, -0.039318, -0.045737, 0.992698, 0.120204, -0.010096, -0.078635, 0.581389, -0.809817, -0.091474, 0.804698, 0.586596),

              ["LeftUpperLeg"] = CFrame.new(0.000000, -0.000000, -0.000100, 0.975062, 0.201677, 0.092639, -0.043283, 0.582187, -0.811889, -0.217673, 0.787645, 0.576416),

              ["LowerTorso"] = CFrame.new(-0.007732, -0.953816, 1.001088, 0.999998, 0.000434, 0.001985, -0.002004, 0.047639, 0.998863, 0.000339, -0.998864, 0.047640),

              ["RightFoot"] = CFrame.new(-0.000000, 0.030947, -0.000102, 0.970867, 0.169164, 0.169720, -0.108540, 0.941886, -0.317926, -0.213626, 0.290231, 0.932801),

              ["RightHand"] = CFrame.new(-0.000485, 0.023460, 0.000000, 0.990325, 0.120154, -0.069424, -0.039052, 0.721383, 0.691437, 0.133159, -0.682033, 0.719093),

              ["RightLowerArm"] = CFrame.new(-0.000000, 0.114205, 0.066860, 1.000000, 0.000000, 0.000000, -0.000000, 0.309852, -0.950785, -0.000000, 0.950785, 0.309852),

              ["RightLowerLeg"] = CFrame.new(-0.000000, 0.123048, -0.077124, 1.000000, 0.000000, 0.000000, -0.000000, 0.202724, 0.979239, 0.000000, -0.979236, 0.202709),

              ["RightUpperArm"] = CFrame.new(-0.261171, -0.048192, -0.062981, 0.990200, -0.139543, 0.005697, 0.090519, 0.610191, -0.787066, 0.106353, 0.779868, 0.616842),

              ["RightUpperLeg"] = CFrame.new(0.000000, -0.000000, -0.000000, 0.963710, -0.253243, 0.084444, 0.266917, 0.919265, -0.289298, -0.004363, 0.301363, 0.953507),

              ["UpperTorso"] = CFrame.new(0.004966, 0.028195, -0.002416, 0.999998, -0.000512, -0.001945, 0.000270, 0.992486, -0.122362, 0.001993, 0.122362, 0.992484)

          }},

          {Time = 0.083, Data = {

              ["Head"] = CFrame.new(-0.000000, -0.000000, 0.000000, 0.999998, 0.001156, 0.001537, -0.000470, 0.921724, -0.387846, -0.001865, 0.387844, 0.921723),

              ["LeftFoot"] = CFrame.new(0.000000, 0.029000, -0.000002, 0.974315, -0.091535, -0.205762, 0.002395, 0.917831, -0.396984, 0.225178, 0.386274, 0.894464),

              ["LeftHand"] = CFrame.new(0.000485, 0.023421, -0.000000, 0.992862, -0.103317, 0.059585, 0.033445, 0.720734, 0.692408, -0.114482, -0.685470, 0.719041),

              ["LeftLowerArm"] = CFrame.new(-0.000500, 0.113614, 0.065657, 1.000000, -0.000000, -0.000000, 0.000000, 0.322355, -0.946619, 0.000000, 0.946619, 0.322355),

              ["LeftLowerLeg"] = CFrame.new(0.000000, 0.117700, -0.061820, 1.000000, -0.000000, -0.000000, 0.000000, 0.360799, 0.932649, -0.000000, -0.932644, 0.360786),

              ["LeftUpperArm"] = CFrame.new(0.262411, -0.037986, -0.046947, 0.992679, 0.120520, -0.007899, -0.075971, 0.572224, -0.816571, -0.093893, 0.811193, 0.577191),

              ["LeftUpperLeg"] = CFrame.new(0.000000, -0.000000, -0.000100, 0.974764, 0.209048, 0.078325, -0.030170, 0.470977, -0.881619, -0.221190, 0.857018, 0.465417),

              ["LowerTorso"] = CFrame.new(-0.008436, -0.906012, 0.998265, 0.999998, 0.000449, 0.001991, -0.001996, 0.012888, 0.999915, 0.000423, -0.999917, 0.012889),

              ["RightFoot"] = CFrame.new(-0.000000, 0.031055, -0.000102, 0.973281, 0.165535, 0.159143, -0.117817, 0.954863, -0.272694, -0.197087, 0.246649, 0.948848),

              ["RightHand"] = CFrame.new(-0.000484, 0.023756, -0.000000, 0.990089, 0.121595, -0.070268, -0.038716, 0.717287, 0.695705, 0.134996, -0.686086, 0.714883),

              ["RightLowerArm"] = CFrame.new(-0.000000, 0.115204, 0.069452, 1.000000, 0.000000, 0.000000, -0.000000, 0.282903, -0.959148, -0.000000, 0.959148, 0.282904),

              ["RightLowerLeg"] = CFrame.new(0.000000, 0.123278, -0.077981, 1.000000, 0.000000, 0.000000, -0.000000, 0.193801, 0.981044, 0.000000, -0.981041, 0.193785),

              ["RightUpperArm"] = CFrame.new(-0.261036, -0.047095, -0.065122, 0.989929, -0.141536, 0.003016, 0.088325, 0.600836, -0.794478, 0.110635, 0.786743, 0.607286),

              ["RightUpperLeg"] = CFrame.new(0.000000, -0.000000, -0.000000, 0.964894, -0.244462, 0.095999, 0.256814, 0.954755, -0.149938, -0.055001, 0.169354, 0.984024),

              ["UpperTorso"] = CFrame.new(0.004966, 0.028195, -0.002416, 0.999998, -0.000513, -0.001945, 0.000270, 0.992413, -0.122950, 0.001993, 0.122949, 0.992411)

          }},

          {Time = 0.100, Data = {

              ["Head"] = CFrame.new(-0.000000, 0.000000, 0.000000, 0.999997, 0.001360, 0.001826, -0.000566, 0.925370, -0.379065, -0.002205, 0.379063, 0.925368),

              ["LeftFoot"] = CFrame.new(-0.000000, 0.030201, -0.000002, 0.975151, -0.076646, -0.207876, 0.001324, 0.940253, -0.340491, 0.221539, 0.331737, 0.916981),

              ["LeftHand"] = CFrame.new(0.000484, 0.023735, -0.000000, 0.992866, -0.103288, 0.059570, 0.032528, 0.715288, 0.698076, -0.114712, -0.691155, 0.713542),

              ["LeftLowerArm"] = CFrame.new(-0.000500, 0.114708, 0.068397, 1.000000, -0.000000, -0.000000, 0.000000, 0.293871, -0.955845, 0.000000, 0.955845, 0.293871),

              ["LeftLowerLeg"] = CFrame.new(0.000000, 0.121202, -0.069931, 1.000000, -0.000000, -0.000000, 0.000000, 0.276352, 0.961061, -0.000000, -0.961056, 0.276338),

              ["LeftUpperArm"] = CFrame.new(0.262393, -0.036583, -0.048231, 0.992644, 0.120931, -0.005794, -0.073165, 0.561060, -0.824535, -0.096462, 0.818894, 0.565781),

              ["LeftUpperLeg"] = CFrame.new(0.000000, 0.000000, -0.000100, 0.975592, 0.211374, 0.059507, -0.019912, 0.355008, -0.934644, -0.218685, 0.910654, 0.350572),

              ["LowerTorso"] = CFrame.new(-0.009142, -0.855968, 0.994755, 0.999998, 0.000445, 0.001997, -0.001986, -0.023399, 0.999724, 0.000491, -0.999726, -0.023398),

              ["RightFoot"] = CFrame.new(0.000000, 0.030759, -0.000102, 0.976246, 0.160583, 0.145465, -0.128619, 0.969770, -0.207380, -0.174358, 0.183740, 0.967385),

              ["RightHand"] = CFrame.new(-0.000484, 0.023982, 0.000000, 0.989813, 0.123267, -0.071247, -0.038241, 0.712206, 0.700932, 0.137143, -0.691063, 0.709661),

              ["RightLowerArm"] = CFrame.new(-0.000001, 0.116096, 0.072133, 1.000000, 0.000000, -0.000000, -0.000000, 0.255065, -0.966924, -0.000000, 0.966924, 0.255065),

              ["RightLowerLeg"] = CFrame.new(0.000000, 0.122484, -0.075004, 1.000000, 0.000000, 0.000000, -0.000000, 0.224756, 0.974419, 0.000000, -0.974415, 0.224740),

              ["RightUpperArm"] = CFrame.new(-0.260879, -0.045894, -0.067424, 0.989615, -0.143744, 0.000345, 0.085922, 0.589609, -0.803106, 0.115238, 0.794795, 0.595837),

              ["RightUpperLeg"] = CFrame.new(0.000000, 0.000000, -0.000000, 0.967378, -0.232522, 0.100561, 0.235629, 0.971636, -0.020014, -0.093055, 0.043083, 0.994730),

              ["UpperTorso"] = CFrame.new(0.004966, 0.028195, -0.002416, 0.999998, -0.000514, -0.001945, 0.000270, 0.992343, -0.123514, 0.001993, 0.123514, 0.992341)

          }},

          {Time = 0.117, Data = {

              ["Head"] = CFrame.new(-0.000000, -0.000000, -0.000000, 0.999997, 0.001545, 0.002091, -0.000657, 0.928387, -0.371616, -0.002516, 0.371613, 0.928384),

              ["LeftFoot"] = CFrame.new(-0.000000, 0.030835, -0.000002, 0.976750, -0.060110, -0.205795, 0.004195, 0.965064, -0.261994, 0.214341, 0.255027, 0.942872),

              ["LeftHand"] = CFrame.new(0.000484, 0.024030, -0.000000, 0.992852, -0.103392, 0.059633, 0.031486, 0.708800, 0.704710, -0.115128, -0.697792, 0.706985),

              ["LeftLowerArm"] = CFrame.new(-0.000499, 0.115713, 0.071195, 1.000000, -0.000000, -0.000000, 0.000000, 0.264776, -0.964310, 0.000000, 0.964310, 0.264776),

              ["LeftLowerLeg"] = CFrame.new(-0.000000, 0.123439, -0.077734, 1.000000, -0.000000, -0.000000, 0.000000, 0.195320, 0.980742, -0.000000, -0.980739, 0.195306),

              ["LeftUpperArm"] = CFrame.new(0.262366, -0.035101, -0.049592, 0.992590, 0.121455, -0.003798, -0.070201, 0.547651, -0.833757, -0.099184, 0.827845, 0.552119),

              ["LeftUpperLeg"] = CFrame.new(0.000000, -0.000000, -0.000100, 0.977177, 0.209084, 0.037548, -0.013502, 0.237507, -0.971287, -0.211999, 0.948617, 0.234929),

              ["LowerTorso"] = CFrame.new(-0.009841, -0.803726, 0.990442, 0.999998, 0.000416, 0.002002, -0.001973, -0.061140, 0.998127, 0.000538, -0.998129, -0.061139),

              ["RightFoot"] = CFrame.new(0.000000, 0.030496, -0.000102, 0.978606, 0.156950, 0.133042, -0.138896, 0.980979, -0.135608, -0.151786, 0.114227, 0.981789),

              ["RightHand"] = CFrame.new(-0.000484, 0.024132, -0.000000, 0.989490, 0.125189, -0.072372, -0.037602, 0.706031, 0.707185, 0.139628, -0.697028, 0.703314),

              ["RightLowerArm"] = CFrame.new(-0.000000, 0.116868, 0.074887, 1.000000, 0.000000, -0.000000, -0.000000, 0.226520, -0.974006, -0.000000, 0.974007, 0.226520),

              ["RightLowerLeg"] = CFrame.new(-0.000000, 0.121410, -0.071304, 1.000000, 0.000000, 0.000000, -0.000000, 0.263148, 0.964760, 0.000000, -0.964755, 0.263132),

              ["RightUpperArm"] = CFrame.new(-0.260698, -0.044571, -0.069892, 0.989254, -0.146191, -0.002288, 0.083276, 0.576238, -0.813028, 0.120176, 0.804101, 0.582220),

              ["RightUpperLeg"] = CFrame.new(0.000000, -0.000000, -0.000000, 0.969759, -0.220566, 0.104484, 0.214248, 0.974382, 0.068419, -0.116898, -0.043938, 0.992170),

              ["UpperTorso"] = CFrame.new(0.004966, 0.028195, -0.002416, 0.999998, -0.000515, -0.001944, 0.000270, 0.992275, -0.124056, 0.001993, 0.124056, 0.992273)

          }},

          {Time = 0.133, Data = {

              ["Head"] = CFrame.new(-0.000000, 0.000000, -0.000000, 0.999996, 0.001706, 0.002325, -0.000737, 0.930678, -0.365838, -0.002788, 0.365835, 0.930676),

              ["LeftFoot"] = CFrame.new(-0.000000, 0.031734, -0.000001, 0.978733, -0.042883, -0.200621, 0.010664, 0.987221, -0.159008, 0.204863, 0.153482, 0.966679),

              ["LeftHand"] = CFrame.new(0.000484, 0.024187, 0.000000, 0.992816, -0.103647, 0.059783, 0.030286, 0.701056, 0.712466, -0.115755, -0.705534, 0.699156),

              ["LeftLowerArm"] = CFrame.new(-0.000499, 0.116548, 0.074069, 1.000000, -0.000000, -0.000000, 0.000000, 0.234993, -0.971997, 0.000000, 0.971997, 0.234993),

              ["LeftLowerLeg"] = CFrame.new(-0.000000, 0.125071, -0.085075, 1.000000, -0.000000, -0.000000, 0.000000, 0.118801, 0.992920, -0.000000, -0.992918, 0.118787),

              ["LeftUpperArm"] = CFrame.new(0.262329, -0.033531, -0.051033, 0.992515, 0.122111, -0.001918, -0.067062, 0.531815, -0.844201, -0.102067, 0.838011, 0.536023),

              ["LeftUpperLeg"] = CFrame.new(-0.000000, 0.000000, -0.000100, 0.979141, 0.202716, 0.013774, -0.011575, 0.123305, -0.992299, -0.202854, 0.971443, 0.123100),

              ["LowerTorso"] = CFrame.new(-0.010525, -0.749326, 0.985211, 0.999998, 0.000359, 0.002002, -0.001956, -0.100247, 0.994961, 0.000558, -0.994963, -0.100247),

              ["RightFoot"] = CFrame.new(0.000000, 0.030403, -0.000102, 0.979675, 0.156413, 0.125597, -0.147272, 0.985928, -0.079097, -0.136193, 0.058995, 0.988923),

              ["RightHand"] = CFrame.new(-0.000484, 0.024282, -0.000000, 0.989115, 0.127386, -0.073658, -0.036777, 0.698692, 0.714480, 0.142478, -0.703990, 0.695768),

              ["RightLowerArm"] = CFrame.new(-0.000001, 0.117560, 0.077672, 1.000000, 0.000000, 0.000000, -0.000000, 0.197647, -0.980273, -0.000000, 0.980273, 0.197647),

              ["RightLowerLeg"] = CFrame.new(-0.000000, 0.121000, -0.070022, 1.000000, 0.000000, 0.000000, -0.000000, 0.276448, 0.961034, 0.000000, -0.961029, 0.276432),

              ["RightUpperArm"] = CFrame.new(-0.260491, -0.043107, -0.072536, 0.988839, -0.148909, -0.004833, 0.080349, 0.560320, -0.824370, 0.125464, 0.814781, 0.566032),

              ["RightUpperLeg"] = CFrame.new(0.000000, 0.000000, -0.000000, 0.970959, -0.211322, 0.112165, 0.201719, 0.975197, 0.091130, -0.128641, -0.065831, 0.989502),

              ["UpperTorso"] = CFrame.new(0.004966, 0.028195, -0.002416, 0.999998, -0.000516, -0.001944, 0.000270, 0.992210, -0.124576, 0.001993, 0.124576, 0.992208)

          }},

          {Time = 0.150, Data = {

              ["Head"] = CFrame.new(-0.000000, 0.000000, -0.000000, 0.999995, 0.001841, 0.002519, -0.000804, 0.932150, -0.362073, -0.003014, 0.362069, 0.932146),

              ["LeftFoot"] = CFrame.new(-0.000000, 0.032174, -0.000001, 0.980781, -0.025882, -0.193402, 0.020194, 0.999305, -0.031331, 0.194066, 0.026829, 0.980619),

              ["LeftHand"] = CFrame.new(0.000484, 0.024343, 0.000000, 0.992757, -0.104070, 0.060032, 0.028926, 0.692016, 0.721306, -0.116608, -0.714341, 0.690010),

              ["LeftLowerArm"] = CFrame.new(-0.000500, 0.117291, 0.076955, 1.000000, -0.000000, -0.000000, 0.000000, 0.205074, -0.978746, 0.000000, 0.978746, 0.205074),

              ["LeftLowerLeg"] = CFrame.new(-0.000000, 0.125833, -0.092233, 1.000000, -0.000000, -0.000000, 0.000000, 0.044400, 0.999014, -0.000000, -0.999014, 0.044387),

              ["LeftUpperArm"] = CFrame.new(0.262280, -0.031862, -0.052559, 0.992416, 0.122924, -0.000207, -0.063723, 0.513020, -0.856008, -0.105118, 0.849529, 0.516963),

              ["LeftUpperLeg"] = CFrame.new(0.000000, -0.000000, -0.000100, 0.981169, 0.192818, -0.011322, -0.014557, 0.015348, -0.999776, -0.192601, 0.981115, 0.017886),

              ["LowerTorso"] = CFrame.new(-0.011188, -0.692812, 0.978947, 0.999998, 0.000270, 0.001993, -0.001935, -0.140631, 0.990060, 0.000547, -0.990062, -0.140630),

              ["RightFoot"] = CFrame.new(0.000000, 0.030645, -0.000102, 0.979193, 0.159390, 0.125607, -0.153513, 0.986602, -0.055224, -0.132719, 0.034798, 0.990542),

              ["RightHand"] = CFrame.new(-0.000484, 0.024432, 0.000000, 0.988679, 0.129886, -0.075120, -0.035727, 0.690040, 0.722893, 0.145728, -0.712022, 0.686865),

              ["RightLowerArm"] = CFrame.new(-0.000000, 0.118167, 0.080467, 1.000000, 0.000000, -0.000000, -0.000000, 0.168655, -0.985675, -0.000000, 0.985675, 0.168654),

              ["RightLowerLeg"] = CFrame.new(0.000000, 0.122036, -0.073392, 1.000000, 0.000000, 0.000000, -0.000000, 0.241486, 0.970408, 0.000000, -0.970404, 0.241470),

              ["RightUpperArm"] = CFrame.new(-0.260254, -0.041482, -0.075364, 0.988364, -0.151935, -0.007250, 0.077099, 0.541487, -0.837167, 0.131121, 0.826866, 0.546900),

              ["RightUpperLeg"] = CFrame.new(0.000000, -0.000000, 0.000000, 0.970382, -0.205978, 0.126220, 0.203907, 0.978553, 0.029282, -0.129544, -0.002651, 0.991570),

              ["UpperTorso"] = CFrame.new(0.004966, 0.028195, -0.002416, 0.999998, -0.000517, -0.001944, 0.000270, 0.992147, -0.125075, 0.001993, 0.125074, 0.992146)

          }},

          {Time = 0.167, Data = {

              ["Head"] = CFrame.new(0.000000, 0.000000, 0.000000, 0.999995, 0.001944, 0.002665, -0.000852, 0.932698, -0.360656, -0.003187, 0.360652, 0.932695),

              ["LeftFoot"] = CFrame.new(-0.000000, 0.032861, -0.000001, 0.981910, -0.014442, -0.188808, 0.030370, 0.996192, 0.081745, 0.186896, -0.085987, 0.978606),

              ["LeftHand"] = CFrame.new(0.000484, 0.024498, -0.000000, 0.992670, -0.104684, 0.060392, 0.027379, 0.681510, 0.731300, -0.117713, -0.724283, 0.679377),

              ["LeftLowerArm"] = CFrame.new(-0.000500, 0.117937, 0.079831, 1.000000, -0.000000, 0.000000, 0.000000, 0.175252, -0.984524, 0.000000, 0.984524, 0.175251),

              ["LeftLowerLeg"] = CFrame.new(-0.000000, 0.126034, -0.101657, 1.000000, -0.000000, -0.000000, 0.000000, -0.053725, 0.998555, -0.000000, -0.998556, -0.053737),

              ["LeftUpperArm"] = CFrame.new(0.262217, -0.030080, -0.054175, 0.992291, 0.123924, 0.001300, -0.060160, 0.490840, -0.869170, -0.108349, 0.862392, 0.494511),

              ["LeftUpperLeg"] = CFrame.new(-0.000000, 0.000000, -0.000100, 0.982288, 0.183065, -0.039967, -0.027229, -0.071601, -0.997063, -0.185390, 0.980490, -0.065329),

              ["LowerTorso"] = CFrame.new(-0.011826, -0.634225, 0.971538, 0.999998, 0.000148, 0.001970, -0.001911, -0.182195, 0.983261, 0.000504, -0.983262, -0.182195),

              ["RightFoot"] = CFrame.new(-0.000000, 0.031303, -0.000102, 0.977503, 0.165256, 0.131074, -0.158202, 0.985421, -0.062592, -0.139498, 0.040455, 0.989395),

              ["RightHand"] = CFrame.new(-0.000484, 0.024639, 0.000000, 0.988175, 0.132721, -0.076778, -0.034410, 0.679933, 0.732469, 0.149416, -0.721163, 0.676457),

              ["RightLowerArm"] = CFrame.new(-0.000001, 0.118712, 0.083235, 1.000000, 0.000000, -0.000000, -0.000000, 0.139898, -0.990166, -0.000000, 0.990166, 0.139897),

              ["RightLowerLeg"] = CFrame.new(0.000000, 0.123778, -0.079964, 1.000000, 0.000000, 0.000000, -0.000000, 0.173135, 0.984901, 0.000000, -0.984898, 0.173119),

              ["RightUpperArm"] = CFrame.new(-0.259981, -0.039670, -0.078387, 0.987819, -0.155317, -0.009473, 0.073475, 0.519234, -0.851468, 0.137166, 0.840400, 0.524321),

              ["RightUpperLeg"] = CFrame.new(0.000000, -0.000000, -0.000000, 0.968390, -0.203418, 0.144362, 0.217982, 0.971478, -0.093322, -0.121260, 0.121867, 0.985115),

              ["UpperTorso"] = CFrame.new(0.004966, 0.028195, -0.002416, 0.999998, -0.000518, -0.001943, 0.000270, 0.992087, -0.125551, 0.001993, 0.125551, 0.992085)

          }},

          {Time = 0.183, Data = {

              ["Head"] = CFrame.new(0.000000, 0.000000, -0.000000, 0.999994, 0.002014, 0.002756, -0.000880, 0.932208, -0.361923, -0.003298, 0.361918, 0.932204),

              ["LeftFoot"] = CFrame.new(0.000000, 0.033611, -0.000000, 0.981487, -0.013376, -0.191073, 0.040849, 0.989228, 0.140584, 0.187122, -0.145770, 0.971456),

              ["LeftHand"] = CFrame.new(0.000484, 0.024684, 0.000000, 0.992552, -0.105516, 0.060879, 0.025617, 0.669364, 0.742496, -0.119094, -0.735404, 0.667078),

              ["LeftLowerArm"] = CFrame.new(-0.000499, 0.118500, 0.082662, 1.000000, -0.000000, 0.000000, 0.000000, 0.145863, -0.989305, 0.000000, 0.989305, 0.145863),

              ["LeftLowerLeg"] = CFrame.new(-0.000000, 0.124686, -0.114155, 1.000000, -0.000000, -0.000000, 0.000000, -0.183849, 0.982953, -0.000000, -0.982955, -0.183859),

              ["LeftUpperArm"] = CFrame.new(0.262139, -0.028172, -0.055886, 0.992135, 0.125143, 0.002556, -0.056343, 0.464730, -0.883658, -0.111772, 0.876565, 0.468126),

              ["LeftUpperLeg"] = CFrame.new(0.000000, 0.000000, -0.000100, 0.981864, 0.174509, -0.074081, -0.054429, -0.114849, -0.991893, -0.181603, 0.977935, -0.103250),

              ["LowerTorso"] = CFrame.new(-0.012455, -0.573608, 0.962885, 0.999998, 0.000007, 0.001932, -0.001881, -0.224842, 0.974393, 0.000441, -0.974395, -0.224842),

              ["RightFoot"] = CFrame.new(0.000000, 0.032057, -0.000102, 0.975120, 0.173148, 0.138435, -0.162016, 0.982848, -0.088092, -0.151305, 0.063478, 0.986446),

              ["RightHand"] = CFrame.new(-0.000484, 0.024897, 0.000000, 0.987592, 0.135928, -0.078653, -0.032769, 0.668174, 0.743286, 0.153586, -0.731483, 0.664334),

              ["RightLowerArm"] = CFrame.new(-0.000001, 0.119192, 0.085953, 1.000000, 0.000000, -0.000000, -0.000000, 0.111611, -0.993752, -0.000000, 0.993752, 0.111610),

              ["RightLowerLeg"] = CFrame.new(-0.000000, 0.125135, -0.087140, 1.000000, 0.000000, 0.000000, -0.000000, 0.098380, 0.995150, 0.000000, -0.995149, 0.098365),

              ["RightUpperArm"] = CFrame.new(-0.259669, -0.037643, -0.081616, 0.987195, -0.159110, -0.011440, 0.069420, 0.493066, -0.867218, 0.143624, 0.855319, 0.497798),

              ["RightUpperLeg"] = CFrame.new(0.000000, -0.000000, -0.000000, 0.965727, -0.201922, 0.163088, 0.237050, 0.942073, -0.237263, -0.105732, 0.267816, 0.957658),

              ["UpperTorso"] = CFrame.new(0.004966, 0.028195, -0.002416, 0.999998, -0.000519, -0.001943, 0.000270, 0.992029, -0.126007, 0.001993, 0.126006, 0.992027)

          }},

          {Time = 0.200, Data = {

              ["Head"] = CFrame.new(0.000000, 0.000000, 0.000000, 0.999994, 0.002044, 0.002784, -0.000882, 0.930535, -0.366202, -0.003339, 0.366197, 0.930531),

              ["LeftFoot"] = CFrame.new(0.000000, 0.034313, -0.000000, 0.979604, -0.021889, -0.199756, 0.051307, 0.988348, 0.143316, 0.194279, -0.150627, 0.969308),

              ["LeftHand"] = CFrame.new(0.000484, 0.024945, -0.000000, 0.992399, -0.106592, 0.061508, 0.023604, 0.655388, 0.754927, -0.120780, -0.747733, 0.652919),

              ["LeftLowerArm"] = CFrame.new(-0.000499, 0.119002, 0.085407, 1.000000, -0.000000, 0.000000, 0.000000, 0.117295, -0.993097, 0.000000, 0.993097, 0.117295),

              ["LeftLowerLeg"] = CFrame.new(-0.000000, 0.121624, -0.126327, 1.000000, -0.000000, -0.000000, 0.000000, -0.310699, 0.950506, -0.000000, -0.950508, -0.310706),

              ["LeftUpperArm"] = CFrame.new(0.262044, -0.026116, -0.057700, 0.991945, 0.126621, 0.003501, -0.052233, 0.434057, -0.899370, -0.115399, 0.891943, 0.437174),

              ["LeftUpperLeg"] = CFrame.new(0.000000, 0.000000, -0.000100, 0.979979, 0.166794, -0.108724, -0.095080, -0.087750, -0.991596, -0.174933, 0.982079, -0.070119),

              ["LowerTorso"] = CFrame.new(-0.013092, -0.511003, 0.952894, 0.999998, -0.000137, 0.001880, -0.001848, -0.268466, 0.963287, 0.000373, -0.963289, -0.268466),

              ["RightFoot"] = CFrame.new(-0.000000, 0.032488, -0.000101, 0.972167, 0.182394, 0.147062, -0.165485, 0.978871, -0.120105, -0.165852, 0.092430, 0.981808),

              ["RightHand"] = CFrame.new(-0.000483, 0.025080, 0.000000, 0.986915, 0.139552, -0.080770, -0.030718, 0.654486, 0.755453, 0.158286, -0.743084, 0.650205),

              ["RightLowerArm"] = CFrame.new(-0.000001, 0.119545, 0.088627, 1.000000, 0.000000, -0.000000, -0.000000, 0.083830, -0.996480, -0.000000, 0.996480, 0.083830),

              ["RightLowerLeg"] = CFrame.new(-0.000000, 0.125740, -0.094183, 1.000000, 0.000000, 0.000000, -0.000000, 0.025166, 0.999684, 0.000000, -0.999683, 0.025153),

              ["RightUpperArm"] = CFrame.new(-0.259310, -0.035366, -0.085063, 0.986477, -0.163376, -0.013096, 0.064867, 0.462546, -0.884219, 0.150518, 0.871412, 0.466889),

              ["RightUpperLeg"] = CFrame.new(0.000000, -0.000000, 0.000000, 0.962645, -0.200474, 0.181999, 0.258159, 0.882275, -0.393609, -0.081664, 0.425913, 0.901082),

              ["UpperTorso"] = CFrame.new(0.004966, 0.028195, -0.002416, 0.999998, -0.000520, -0.001943, 0.000270, 0.991974, -0.126442, 0.001993, 0.126441, 0.991972)

          }},

          {Time = 0.217, Data = {

              ["Head"] = CFrame.new(0.000000, 0.000000, 0.000000, 0.999994, 0.002030, 0.002742, -0.000858, 0.927502, -0.373817, -0.003302, 0.373812, 0.927498),

              ["LeftFoot"] = CFrame.new(-0.000000, 0.034790, 0.000000, 0.976969, -0.034521, -0.210581, 0.055336, 0.994056, 0.093774, 0.206080, -0.103257, 0.973068),

              ["LeftHand"] = CFrame.new(0.000484, 0.025154, 0.000000, 0.992203, -0.107947, 0.062299, 0.021287, 0.639285, 0.768678, -0.122803, -0.761356, 0.636594),

              ["LeftLowerArm"] = CFrame.new(-0.000499, 0.119385, 0.088067, 1.000000, -0.000000, 0.000000, 0.000000, 0.089635, -0.995975, 0.000000, 0.995975, 0.089634),

              ["LeftLowerLeg"] = CFrame.new(-0.000000, 0.118503, -0.134449, 1.000000, -0.000000, -0.000000, 0.000000, -0.395368, 0.918520, -0.000000, -0.918523, -0.395374),

              ["LeftUpperArm"] = CFrame.new(0.261929, -0.023894, -0.059623, 0.991714, 0.128400, 0.004094, -0.047789, 0.398308, -0.916006, -0.119246, 0.908220, 0.401143),

              ["LeftUpperLeg"] = CFrame.new(-0.000000, 0.000000, -0.000100, 0.977324, 0.165441, -0.132162, -0.140392, 0.039012, -0.989327, -0.158520, 0.985448, 0.061368),

              ["LowerTorso"] = CFrame.new(-0.013755, -0.446455, 0.941470, 0.999998, -0.000267, 0.001816, -0.001809, -0.312956, 0.949766, 0.000315, -0.949768, -0.312956),

              ["RightFoot"] = CFrame.new(-0.000000, 0.032890, -0.000101, 0.968899, 0.192043, 0.156070, -0.169296, 0.974392, -0.147987, -0.180483, 0.116965, 0.976597),

              ["RightHand"] = CFrame.new(-0.000483, 0.025200, -0.000000, 0.986130, 0.143642, -0.083159, -0.028180, 0.638654, 0.768981, 0.163566, -0.755969, 0.633840),

              ["RightLowerArm"] = CFrame.new(-0.000000, 0.119781, 0.091218, 1.000000, 0.000000, -0.000000, -0.000000, 0.056944, -0.998377, -0.000000, 0.998377, 0.056943),

              ["RightLowerLeg"] = CFrame.new(0.000000, 0.125848, -0.100212, 1.000000, 0.000000, 0.000000, -0.000000, -0.037595, 0.999293, 0.000000, -0.999293, -0.037607),

              ["RightUpperArm"] = CFrame.new(-0.258897, -0.032801, -0.088742, 0.985650, -0.168190, -0.014335, 0.059737, 0.426983, -0.902285, 0.157876, 0.888481, 0.430903),

              ["RightUpperLeg"] = CFrame.new(0.000000, 0.000000, -0.000000, 0.959554, -0.198208, 0.199920, 0.277313, 0.787847, -0.549886, -0.048514, 0.583105, 0.810961),

              ["UpperTorso"] = CFrame.new(0.004966, 0.028195, -0.002416, 0.999998, -0.000520, -0.001943, 0.000270, 0.991921, -0.126856, 0.001993, 0.126855, 0.991919)

          }},

          {Time = 0.233, Data = {

              ["Head"] = CFrame.new(0.000000, 0.000000, 0.000000, 0.999995, 0.001967, 0.002622, -0.000805, 0.922882, -0.385082, -0.003178, 0.385078, 0.922879),

              ["LeftFoot"] = CFrame.new(0.000000, 0.034867, 0.000000, 0.975642, -0.041020, -0.215511, 0.047332, 0.998586, 0.024210, 0.214200, -0.033815, 0.976201),

              ["LeftHand"] = CFrame.new(0.000483, 0.025272, -0.000000, 0.991958, -0.109619, 0.063275, 0.018610, 0.620803, 0.783748, -0.125194, -0.776265, 0.617847),

              ["LeftLowerArm"] = CFrame.new(-0.000499, 0.119632, 0.090612, 1.000000, -0.000000, 0.000000, 0.000000, 0.063236, -0.997999, 0.000000, 0.997999, 0.063236),

              ["LeftLowerLeg"] = CFrame.new(-0.000000, 0.117932, -0.135725, 1.000000, -0.000000, -0.000000, 0.000000, -0.408673, 0.912678, -0.000000, -0.912681, -0.408679),

              ["LeftUpperArm"] = CFrame.new(0.261790, -0.021479, -0.061665, 0.991436, 0.130527, 0.004263, -0.042957, 0.356768, -0.933205, -0.123329, 0.925029, 0.359320),

              ["LeftUpperLeg"] = CFrame.new(-0.000000, -0.000000, -0.000100, 0.975952, 0.174195, -0.131044, -0.173600, 0.257522, -0.950547, -0.131834, 0.950441, 0.281583),

              ["LowerTorso"] = CFrame.new(-0.014462, -0.380005, 0.928518, 0.999999, -0.000369, 0.001748, -0.001764, -0.358190, 0.933647, 0.000282, -0.933649, -0.358190),

              ["RightFoot"] = CFrame.new(-0.000000, 0.033265, -0.000101, 0.965754, 0.200835, 0.164283, -0.174009, 0.970976, -0.164097, -0.192460, 0.129891, 0.972668),

              ["RightHand"] = CFrame.new(-0.000483, 0.025313, -0.000000, 0.985216, 0.148257, -0.085853, -0.025066, 0.620477, 0.783826, 0.169476, -0.770083, 0.615017),

              ["RightLowerArm"] = CFrame.new(-0.000001, 0.119939, 0.093672, 1.000000, 0.000000, -0.000000, -0.000000, 0.031486, -0.999504, -0.000000, 0.999504, 0.031485),

              ["RightLowerLeg"] = CFrame.new(0.000000, 0.125694, -0.104578, 1.000000, 0.000000, 0.000000, -0.000000, -0.083102, 0.996540, 0.000000, -0.996541, -0.083113),

              ["RightUpperArm"] = CFrame.new(-0.258419, -0.029902, -0.092667, 0.984696, -0.173635, -0.015015, 0.053938, 0.385540, -0.921114, 0.165726, 0.906207, 0.389005),

              ["RightUpperLeg"] = CFrame.new(0.000000, -0.000000, -0.000000, 0.957022, -0.194400, 0.215210, 0.289918, 0.660459, -0.692619, -0.007491, 0.725260, 0.688450),

              ["UpperTorso"] = CFrame.new(0.004966, 0.028195, -0.002416, 0.999998, -0.000521, -0.001943, 0.000270, 0.991871, -0.127250, 0.001993, 0.127249, 0.991869)

          }},

          {Time = 0.250, Data = {

              ["Head"] = CFrame.new(0.000000, 0.000000, -0.000000, 0.999995, 0.001846, 0.002419, -0.000723, 0.916386, -0.400295, -0.002956, 0.400291, 0.916383),

              ["LeftFoot"] = CFrame.new(0.000000, 0.034491, 0.000000, 0.977034, -0.035483, -0.210121, 0.034840, 0.999370, -0.006762, 0.210215, -0.000708, 0.977652),

              ["LeftHand"] = CFrame.new(0.000483, 0.025381, 0.000000, 0.991655, -0.111651, 0.064460, 0.015524, 0.599764, 0.800029, -0.127984, -0.792349, 0.596489),

              ["LeftLowerArm"] = CFrame.new(-0.000500, 0.119801, 0.092968, 1.000000, -0.000000, 0.000000, 0.000000, 0.038784, -0.999248, 0.000000, 0.999248, 0.038783),

              ["LeftLowerLeg"] = CFrame.new(0.000000, 0.120531, -0.129438, 1.000000, -0.000000, -0.000000, 0.000000, -0.343118, 0.939290, -0.000000, -0.939292, -0.343124),

              ["LeftUpperArm"] = CFrame.new(0.261622, -0.018839, -0.063833, 0.991102, 0.133052, 0.003895, -0.037678, 0.308487, -0.950482, -0.127665, 0.941877, 0.310755),

