return {
["scared run"] = {

          {Time = 0.000, Data = {

              ["Head"] = CFrame.new(0.000000, -0.000000, 0.000000, 1.000000, -0.000000, -0.000000, 0.000000, 0.787995, -0.615681, 0.000000, 0.615682, 0.787995),

              ["LeftFoot"] = CFrame.new(0.000000, -0.100508, -0.000004, 0.999974, -0.005494, -0.004627, 0.003882, 0.955316, -0.295572, 0.006043, 0.295537, 0.955309),

              ["LeftHand"] = CFrame.new(0.000490, 0.016004, -0.000000, 0.990921, 0.115722, -0.068437, -0.090213, 0.949751, 0.299726, 0.099682, -0.290828, 0.951567),

              ["LeftLowerArm"] = CFrame.new(-0.000500, 0.083765, 0.027799, 1.000000, -0.000000, -0.000000, 0.000000, 0.715155, -0.698965, 0.000000, 0.698965, 0.715156),

              ["LeftLowerLeg"] = CFrame.new(0.000000, -0.099763, -0.001221, 1.000000, 0.000000, -0.000000, 0.000000, 1.000000, -0.000008, -0.000000, -0.000011, 1.000000),

              ["LeftUpperArm"] = CFrame.new(0.195627, 0.061390, 0.067473, 0.992583, 0.070762, 0.098857, 0.044676, -0.968563, 0.244724, 0.113066, -0.238493, -0.964540),

              ["LeftUpperLeg"] = CFrame.new(0.000000, -0.000001, -0.000100, 0.978460, -0.198504, -0.056678, 0.202909, 0.874252, 0.441041, -0.037997, -0.443035, 0.895696),

              ["LowerTorso"] = CFrame.new(-0.056821, 0.008043, 0.000000, 0.977322, 0.208963, -0.034303, -0.211760, 0.964413, -0.158318, 0.000000, 0.161991, 0.986792),

              ["RightFoot"] = CFrame.new(0.000000, 0.030558, -0.000102, 0.995058, 0.075957, 0.063958, -0.083040, 0.989709, 0.116546, -0.054444, -0.121270, 0.991124),

              ["RightHand"] = CFrame.new(-0.000495, 0.007123, -0.000000, 0.981674, 0.164885, -0.095547, -0.186524, 0.934096, -0.304425, 0.039055, 0.316665, 0.947732),

              ["RightLowerArm"] = CFrame.new(0.000000, 0.042298, 0.006447, 1.000000, 0.000000, 0.000000, -0.000000, 0.934347, -0.356366, -0.000000, 0.356366, 0.934347),

              ["RightLowerLeg"] = CFrame.new(0.000000, 0.121686, -0.072202, 1.000000, 0.000000, 0.000000, -0.000000, 0.253832, 0.967252, 0.000000, -0.967248, 0.253817),

              ["RightUpperArm"] = CFrame.new(-0.198330, 0.069090, -0.049847, 0.994265, 0.014466, 0.105958, -0.026798, -0.925492, 0.377819, 0.103529, -0.378492, -0.919797),

              ["RightUpperLeg"] = CFrame.new(0.000000, -0.000000, -0.000000, 0.963840, -0.007195, 0.266386, 0.261995, -0.157116, -0.952198, 0.048705, 0.987554, -0.149528),

              ["UpperTorso"] = CFrame.new(0.000000, 0.000000, -0.000000, 0.989238, -0.123749, 0.078069, 0.142173, 0.939042, -0.313030, -0.034573, 0.320760, 0.946529)

          }},

          {Time = 0.008, Data = {

              ["Head"] = CFrame.new(-0.000000, 0.000000, -0.000000, 1.000000, 0.000000, -0.000000, 0.000000, 0.787995, -0.615682, 0.000000, 0.615681, 0.787995),

              ["LeftFoot"] = CFrame.new(0.000000, -0.089019, -0.000004, 0.999968, -0.006160, -0.005188, 0.004477, 0.960618, -0.277845, 0.006694, 0.277804, 0.960612),

              ["LeftHand"] = CFrame.new(0.000490, 0.015549, -0.000000, 0.991347, 0.112978, -0.066836, -0.089189, 0.953306, 0.288538, 0.096313, -0.280077, 0.955133),

              ["LeftLowerArm"] = CFrame.new(-0.000500, 0.082208, 0.026691, 1.000000, -0.000000, -0.000000, 0.000000, 0.726640, -0.687018, 0.000000, 0.687019, 0.726640),

              ["LeftLowerLeg"] = CFrame.new(-0.000000, -0.088312, -0.001069, 1.000000, 0.000000, 0.000000, 0.000000, 1.000000, -0.000008, 0.000000, -0.000011, 1.000000),

              ["LeftUpperArm"] = CFrame.new(0.195728, 0.062018, 0.066329, 0.992783, 0.071935, 0.095952, 0.045932, -0.967191, 0.249865, 0.110778, -0.243655, -0.963515),

              ["LeftUpperLeg"] = CFrame.new(0.000000, -0.000000, -0.000100, 0.979470, -0.193159, -0.057693, 0.198059, 0.868731, 0.453964, -0.037567, -0.456065, 0.889150),

              ["LowerTorso"] = CFrame.new(-0.055331, 0.001592, -0.004490, 0.978187, 0.204981, -0.033655, -0.207726, 0.965259, -0.158509, -0.000005, 0.162043, 0.986784),

              ["RightFoot"] = CFrame.new(-0.000000, 0.030402, -0.000102, 0.995335, 0.073802, 0.062143, -0.080454, 0.990400, 0.112418, -0.053247, -0.116883, 0.991716),

              ["RightHand"] = CFrame.new(-0.000495, 0.007128, -0.000000, 0.983101, 0.158406, -0.091761, -0.179103, 0.935985, -0.303077, 0.037877, 0.314388, 0.948538),

              ["RightLowerArm"] = CFrame.new(-0.000000, 0.042338, 0.006460, 1.000000, 0.000000, 0.000000, -0.000000, 0.934214, -0.356714, -0.000000, 0.356714, 0.934214),

              ["RightLowerLeg"] = CFrame.new(0.000000, 0.121007, -0.070045, 1.000000, 0.000000, 0.000000, -0.000000, 0.276208, 0.961102, 0.000000, -0.961098, 0.276193),

              ["RightUpperArm"] = CFrame.new(-0.198724, 0.067545, -0.046318, 0.995053, 0.014587, 0.098265, -0.023708, -0.925710, 0.377489, 0.096471, -0.377952, -0.920786),

              ["RightUpperLeg"] = CFrame.new(0.000000, 0.000000, -0.000000, 0.965212, -0.014778, 0.261049, 0.257268, -0.124540, -0.958284, 0.046673, 0.992105, -0.116385),

              ["UpperTorso"] = CFrame.new(0.000000, 0.000000, 0.000000, 0.989794, -0.120370, 0.076277, 0.138399, 0.939524, -0.313275, -0.033955, 0.320634, 0.946594)

          }},

          {Time = 0.017, Data = {

              ["Head"] = CFrame.new(-0.000000, -0.000000, -0.000000, 1.000000, -0.000000, 0.000000, -0.000000, 0.787995, -0.615682, 0.000000, 0.615681, 0.787995),

              ["LeftFoot"] = CFrame.new(0.000000, -0.058781, -0.000004, 0.999945, -0.008011, -0.006746, 0.006237, 0.972932, -0.231011, 0.008413, 0.230952, 0.972928),

              ["LeftHand"] = CFrame.new(0.000491, 0.014292, 0.000000, 0.992480, 0.105323, -0.062370, -0.085968, 0.962488, 0.257350, 0.087134, -0.250050, 0.964303),

              ["LeftLowerArm"] = CFrame.new(-0.000500, 0.077759, 0.023693, 1.000000, -0.000000, -0.000000, 0.000000, 0.757655, -0.652655, 0.000000, 0.652655, 0.757656),

              ["LeftLowerLeg"] = CFrame.new(-0.000000, -0.058177, -0.000670, 1.000000, 0.000000, -0.000000, 0.000000, 1.000000, -0.000008, -0.000000, -0.000011, 1.000000),

              ["LeftUpperArm"] = CFrame.new(0.195996, 0.063719, 0.063093, 0.993321, 0.074970, 0.087712, 0.049336, -0.963125, 0.264493, 0.104307, -0.258400, -0.960391),

              ["LeftUpperLeg"] = CFrame.new(0.000000, -0.000000, -0.000100, 0.982200, -0.177981, -0.060056, 0.184343, 0.851923, 0.490153, -0.036075, -0.492494, 0.869565),

              ["LowerTorso"] = CFrame.new(-0.051148, -0.015915, -0.016675, 0.980531, 0.193770, -0.031828, -0.196367, 0.967549, -0.159023, -0.000019, 0.162177, 0.986762),

              ["RightFoot"] = CFrame.new(-0.000000, 0.029489, -0.000102, 0.996043, 0.067984, 0.057244, -0.073787, 0.991597, 0.106268, -0.049536, -0.110062, 0.992688),

              ["RightHand"] = CFrame.new(-0.000495, 0.007131, -0.000000, 0.986682, 0.140790, -0.081465, -0.158975, 0.940674, -0.299769, 0.034427, 0.308725, 0.950527),

              ["RightLowerArm"] = CFrame.new(-0.000000, 0.042361, 0.006468, 1.000000, 0.000000, 0.000000, -0.000000, 0.934134, -0.356922, -0.000000, 0.356922, 0.934134),

              ["RightLowerLeg"] = CFrame.new(-0.000000, 0.118410, -0.063846, 1.000000, 0.000000, 0.000000, -0.000000, 0.340761, 0.940155, 0.000000, -0.940150, 0.340747),

              ["RightUpperArm"] = CFrame.new(-0.199640, 0.063408, -0.036740, 0.996887, 0.014893, 0.077421, -0.015433, -0.926136, 0.376875, 0.077315, -0.376897, -0.923023),

              ["RightUpperLeg"] = CFrame.new(-0.000000, -0.000000, -0.000000, 0.968905, -0.033827, 0.245108, 0.243957, -0.034830, -0.969161, 0.041321, 0.998821, -0.025473),

              ["UpperTorso"] = CFrame.new(-0.000000, -0.000000, -0.000000, 0.991275, -0.110889, 0.071251, 0.127808, 0.940803, -0.313934, -0.032221, 0.320302, 0.946768)

          }},

          {Time = 0.025, Data = {

              ["Head"] = CFrame.new(0.000000, -0.000000, 0.000000, 1.000000, 0.000000, -0.000000, -0.000000, 0.787995, -0.615682, -0.000000, 0.615681, 0.787995),

              ["LeftFoot"] = CFrame.new(0.000000, -0.017146, -0.000003, 0.999899, -0.010878, -0.009160, 0.009208, 0.986094, -0.165936, 0.010837, 0.165835, 0.986094),

              ["LeftHand"] = CFrame.new(0.000492, 0.011835, 0.000000, 0.994051, 0.093675, -0.055573, -0.080042, 0.974299, 0.210559, 0.073868, -0.204855, 0.976000),

              ["LeftLowerArm"] = CFrame.new(-0.000500, 0.070300, 0.019521, 1.000000, -0.000000, -0.000000, 0.000000, 0.800895, -0.598804, 0.000000, 0.598805, 0.800896),

              ["LeftLowerLeg"] = CFrame.new(-0.000000, -0.016685, -0.000120, 1.000000, -0.000000, 0.000000, -0.000000, 1.000000, -0.000008, 0.000000, -0.000011, 1.000000),

              ["LeftUpperArm"] = CFrame.new(0.196370, 0.066195, 0.058061, 0.994068, 0.078858, 0.074900, 0.054287, -0.956519, 0.286571, 0.094242, -0.280806, -0.955127),

              ["LeftUpperLeg"] = CFrame.new(0.000000, 0.000000, -0.000100, 0.986083, -0.154137, -0.062306, 0.162946, 0.821652, 0.546206, -0.032996, -0.548752, 0.835330),

              ["LowerTorso"] = CFrame.new(-0.044696, -0.041676, -0.034624, 0.983889, 0.176414, -0.028993, -0.178781, 0.970834, -0.159745, -0.000034, 0.162355, 0.986733),

              ["RightFoot"] = CFrame.new(-0.000000, 0.027807, -0.000102, 0.996960, 0.059600, 0.050184, -0.064902, 0.991622, 0.111689, -0.043105, -0.114599, 0.992475),

              ["RightHand"] = CFrame.new(-0.000496, 0.007111, 0.000000, 0.991189, 0.114714, -0.066226, -0.129297, 0.946495, -0.295686, 0.028763, 0.301641, 0.952987),

              ["RightLowerArm"] = CFrame.new(0.000000, 0.042221, 0.006422, 1.000000, 0.000000, 0.000000, -0.000000, 0.934605, -0.355688, -0.000000, 0.355688, 0.934605),

              ["RightLowerLeg"] = CFrame.new(-0.000000, 0.112856, -0.053602, 1.000000, 0.000000, 0.000000, -0.000000, 0.447285, 0.894397, 0.000000, -0.894391, 0.447273),

              ["RightUpperArm"] = CFrame.new(-0.200593, 0.057420, -0.022601, 0.998791, 0.015265, 0.046727, -0.003457, -0.926398, 0.376529, 0.049036, -0.376236, -0.925226),

              ["RightUpperLeg"] = CFrame.new(-0.000000, -0.000000, -0.000000, 0.974153, -0.057771, 0.218376, 0.223321, 0.100930, -0.969504, 0.033969, 0.993215, 0.111243),

              ["UpperTorso"] = CFrame.new(-0.000000, 0.000000, 0.000000, 0.993326, -0.096281, 0.063509, 0.111492, 0.942563, -0.314872, -0.029545, 0.319851, 0.947007)

          }},

          {Time = 0.033, Data = {

              ["Head"] = CFrame.new(0.000000, -0.000000, 0.000000, 1.000000, 0.000000, -0.000000, 0.000000, 0.787995, -0.615681, 0.000000, 0.615681, 0.787995),

              ["LeftFoot"] = CFrame.new(0.000000, 0.007164, -0.000003, 0.999815, -0.014698, -0.012377, 0.011674, 0.976253, -0.216331, 0.015261, 0.216136, 0.976242),

              ["LeftHand"] = CFrame.new(0.000493, 0.009912, -0.000000, 0.995770, 0.078954, -0.046986, -0.071331, 0.986671, 0.146263, 0.057907, -0.142291, 0.988129),

              ["LeftLowerArm"] = CFrame.new(-0.000500, 0.060571, 0.014167, 1.000000, -0.000000, -0.000000, 0.000000, 0.855720, -0.517439, 0.000000, 0.517439, 0.855720),

              ["LeftLowerLeg"] = CFrame.new(0.000000, 0.033240, -0.003278, 1.000000, -0.000000, 0.000000, 0.000000, 0.965577, 0.260103, -0.000000, -0.260119, 0.965581),

              ["LeftUpperArm"] = CFrame.new(0.196776, 0.069141, 0.051530, 0.994881, 0.082910, 0.057773, 0.060179, -0.945371, 0.320393, 0.081181, -0.315277, -0.945521),

              ["LeftUpperLeg"] = CFrame.new(0.000000, -0.000000, -0.000100, 0.990441, -0.130514, -0.044642, 0.135124, 0.853005, 0.504118, -0.027714, -0.505321, 0.862480),

              ["LowerTorso"] = CFrame.new(-0.036396, -0.072870, -0.056402, 0.987747, 0.153999, -0.025321, -0.156067, 0.974612, -0.160543, -0.000045, 0.162528, 0.986704),

              ["RightFoot"] = CFrame.new(-0.000000, 0.024517, -0.000102, 0.997880, 0.049781, 0.041917, -0.055266, 0.988335, 0.141922, -0.034361, -0.143931, 0.988990),

              ["RightHand"] = CFrame.new(-0.000495, 0.007045, 0.000001, 0.995414, 0.082948, -0.047661, -0.093300, 0.951854, -0.292010, 0.021144, 0.295115, 0.955227),

              ["RightLowerArm"] = CFrame.new(0.000000, 0.041764, 0.006273, 1.000000, 0.000000, 0.000000, -0.000000, 0.936112, -0.351703, -0.000000, 0.351703, 0.936112),

              ["RightLowerLeg"] = CFrame.new(0.000000, 0.101913, -0.039830, 1.000000, 0.000000, 0.000000, -0.000000, 0.590421, 0.807101, 0.000000, -0.807096, 0.590413),

              ["RightUpperArm"] = CFrame.new(-0.201114, 0.050342, -0.005441, 0.999835, 0.015457, 0.009597, 0.010698, -0.926133, 0.377044, 0.014716, -0.376880, -0.926146),

              ["RightUpperLeg"] = CFrame.new(0.000000, -0.000000, -0.000000, 0.980129, -0.079376, 0.181787, 0.196652, 0.268740, -0.942919, 0.025992, 0.959937, 0.279028),

              ["UpperTorso"] = CFrame.new(0.000000, 0.000000, 0.000000, 0.995551, -0.077520, 0.053570, 0.090541, 0.944449, -0.315939, -0.026103, 0.319384, 0.947266)

          }},

          {Time = 0.042, Data = {

              ["Head"] = CFrame.new(-0.000000, 0.000000, -0.000000, 1.000000, -0.000000, -0.000000, -0.000000, 0.787995, -0.615682, 0.000000, 0.615682, 0.787995),

              ["LeftFoot"] = CFrame.new(0.000000, 0.012523, -0.000003, 0.999677, -0.019435, -0.016365, 0.014224, 0.961807, -0.273376, 0.021052, 0.273036, 0.961768),

              ["LeftHand"] = CFrame.new(0.000495, 0.008063, 0.000000, 0.997384, 0.062028, -0.037114, -0.059452, 0.995989, 0.066876, 0.041113, -0.064494, 0.997071),

              ["LeftLowerArm"] = CFrame.new(-0.000500, 0.048000, 0.008511, 1.000000, -0.000000, -0.000000, 0.000000, 0.913357, -0.407160, 0.000000, 0.407160, 0.913357),

              ["LeftLowerLeg"] = CFrame.new(-0.000000, 0.062809, -0.013615, 1.000000, -0.000000, -0.000000, 0.000000, 0.860577, 0.509316, -0.000000, -0.509321, 0.860580),

              ["LeftUpperArm"] = CFrame.new(0.197146, 0.072292, 0.043812, 0.995620, 0.085858, 0.037015, 0.066480, -0.928459, 0.365437, 0.065742, -0.361376, -0.930100),

              ["LeftUpperLeg"] = CFrame.new(0.000000, -0.000000, -0.000100, 0.994546, -0.099553, -0.031100, 0.102414, 0.875769, 0.471758, -0.019728, -0.472354, 0.881179),

              ["LowerTorso"] = CFrame.new(-0.026678, -0.106678, -0.080076, 0.991601, 0.127621, -0.020988, -0.129335, 0.978395, -0.161294, -0.000050, 0.162653, 0.986683),

              ["RightFoot"] = CFrame.new(-0.000000, 0.017619, -0.000102, 0.998663, 0.039539, 0.033292, -0.045543, 0.977701, 0.205012, -0.024443, -0.206245, 0.978193),

              ["RightHand"] = CFrame.new(-0.000495, 0.006910, 0.000000, 0.998446, 0.048463, -0.027506, -0.054365, 0.955535, -0.289827, 0.012237, 0.290870, 0.956684),

              ["RightLowerArm"] = CFrame.new(0.000000, 0.040839, 0.005978, 1.000000, 0.000000, 0.000000, -0.000000, 0.939110, -0.343617, -0.000000, 0.343617, 0.939110),

              ["RightLowerLeg"] = CFrame.new(0.000000, 0.081688, -0.024292, 1.000000, 0.000000, 0.000000, -0.000000, 0.751913, 0.659264, 0.000000, -0.659263, 0.751912),

              ["RightUpperArm"] = CFrame.new(-0.200910, 0.042970, 0.013089, 0.999427, 0.015060, -0.030328, 0.025443, -0.924993, 0.379130, -0.022344, -0.379685, -0.924846),

              ["RightUpperLeg"] = CFrame.new(-0.000000, -0.000000, -0.000000, 0.986061, -0.092314, 0.138422, 0.165342, 0.450825, -0.877157, 0.018571, 0.887826, 0.459821),

              ["UpperTorso"] = CFrame.new(0.000000, -0.000000, -0.000000, 0.997572, -0.055594, 0.041958, 0.066059, 0.946124, -0.316993, -0.022075, 0.318995, 0.947499)

          }},

          {Time = 0.050, Data = {

              ["Head"] = CFrame.new(0.000000, 0.000000, 0.000000, 1.000000, 0.000000, 0.000000, 0.000000, 0.787995, -0.615682, -0.000000, 0.615681, 0.787995),

              ["LeftFoot"] = CFrame.new(-0.000000, 0.016508, -0.000003, 0.999468, -0.024949, -0.021008, 0.017809, 0.957066, -0.289343, 0.027323, 0.288794, 0.956995),

              ["LeftHand"] = CFrame.new(0.000496, 0.005715, -0.000000, 0.998696, 0.043685, -0.026420, -0.044355, 0.998694, -0.025336, 0.025278, 0.026475, 0.999330),

              ["LeftLowerArm"] = CFrame.new(-0.000500, 0.031936, 0.003559, 1.000000, -0.000000, -0.000000, 0.000000, 0.963686, -0.267040, 0.000000, 0.267040, 0.963686),

              ["LeftLowerLeg"] = CFrame.new(-0.000000, 0.079149, -0.022558, 1.000000, -0.000000, -0.000000, 0.000000, 0.768827, 0.639458, -0.000000, -0.639457, 0.768826),

              ["LeftUpperArm"] = CFrame.new(0.197419, 0.075433, 0.035222, 0.996166, 0.086438, 0.013453, 0.072761, -0.904083, 0.421118, 0.048563, -0.418525, -0.906906),

              ["LeftUpperLeg"] = CFrame.new(-0.000000, -0.000000, -0.000100, 0.997732, -0.062239, -0.025632, 0.066714, 0.863850, 0.499330, -0.008936, -0.499890, 0.866033),

              ["LowerTorso"] = CFrame.new(-0.015980, -0.140311, -0.103718, 0.995015, 0.098403, -0.016180, -0.099725, 0.981757, -0.161890, -0.000046, 0.162697, 0.986676),

              ["RightFoot"] = CFrame.new(0.000000, 0.010420, -0.000102, 0.999248, 0.029654, 0.024969, -0.036093, 0.946710, 0.320077, -0.014146, -0.320718, 0.947062),

              ["RightHand"] = CFrame.new(-0.000495, 0.006683, -0.000000, 0.999867, 0.014406, -0.007601, -0.015992, 0.956867, -0.290090, 0.003094, 0.290171, 0.956969),

              ["RightLowerArm"] = CFrame.new(0.000000, 0.039275, 0.005497, 1.000000, 0.000000, 0.000000, -0.000000, 0.943994, -0.329964, -0.000000, 0.329964, 0.943994),

              ["RightLowerLeg"] = CFrame.new(0.000000, 0.049878, -0.008280, 1.000000, 0.000000, 0.000000, -0.000000, 0.915868, 0.401470, 0.000000, -0.401479, 0.915872),

              ["RightUpperArm"] = CFrame.new(-0.199952, 0.036119, 0.031250, 0.997510, 0.013538, -0.069214, 0.039144, -0.922637, 0.383676, -0.058665, -0.385431, -0.920870),

              ["RightUpperLeg"] = CFrame.new(0.000000, 0.000000, -0.000000, 0.991322, -0.094627, 0.091252, 0.130861, 0.644187, -0.753582, 0.012526, 0.758992, 0.650990),

              ["UpperTorso"] = CFrame.new(-0.000000, 0.000000, -0.000000, 0.999077, -0.031507, 0.029202, 0.039166, 0.947311, -0.317911, -0.017647, 0.318761, 0.947671)

          }},

          {Time = 0.058, Data = {

              ["Head"] = CFrame.new(-0.000000, 0.000000, -0.000000, 1.000000, -0.000000, -0.000000, 0.000000, 0.787995, -0.615682, 0.000000, 0.615681, 0.787995),

              ["LeftFoot"] = CFrame.new(0.000000, 0.019464, -0.000003, 0.999181, -0.030952, -0.026062, 0.022260, 0.958351, -0.284744, 0.033787, 0.283910, 0.958249),

              ["LeftHand"] = CFrame.new(0.000498, 0.002487, 0.000000, 0.999579, 0.024628, -0.015313, -0.026389, 0.991403, -0.128159, 0.012025, 0.128508, 0.991636),

              ["LeftLowerArm"] = CFrame.new(-0.000500, 0.011989, 0.000456, 1.000000, -0.000000, -0.000000, 0.000000, 0.995228, -0.097581, 0.000000, 0.097580, 0.995228),

              ["LeftLowerLeg"] = CFrame.new(0.000000, 0.087953, -0.028136, 1.000000, -0.000000, -0.000000, 0.000000, 0.711021, 0.703174, -0.000000, -0.703171, 0.711017),

              ["LeftUpperArm"] = CFrame.new(0.197555, 0.078400, 0.026090, 0.996438, 0.083487, -0.011876, 0.078696, -0.870026, 0.486684, 0.030300, -0.485886, -0.873497),

              ["LeftUpperLeg"] = CFrame.new(0.000000, -0.000000, -0.000100, 0.999541, -0.022633, -0.020134, 0.030017, 0.829337, 0.557960, 0.004069, -0.558290, 0.829624),

              ["LowerTorso"] = CFrame.new(-0.004750, -0.171018, -0.125405, 0.997658, 0.067494, -0.011090, -0.068399, 0.984374, -0.162263, -0.000035, 0.162641, 0.986685),

              ["RightFoot"] = CFrame.new(-0.000000, -0.007367, -0.000103, 0.999636, 0.020637, 0.017376, -0.026500, 0.871818, 0.489144, -0.005055, -0.489395, 0.872030),

              ["RightHand"] = CFrame.new(-0.000496, 0.006332, -0.000000, 0.999820, -0.016006, 0.010176, 0.018289, 0.955751, -0.293611, -0.005026, 0.293742, 0.955871),

              ["RightLowerArm"] = CFrame.new(0.000000, 0.036878, 0.004804, 1.000000, 0.000000, 0.000000, -0.000000, 0.951036, -0.309080, -0.000000, 0.309079, 0.951036),

              ["RightLowerLeg"] = CFrame.new(0.000000, -0.007341, -0.000094, 1.000000, -0.000000, 0.000000, -0.000000, 1.000000, -0.000007, -0.000000, -0.000010, 1.000000),

              ["RightUpperArm"] = CFrame.new(-0.198503, 0.030601, 0.047275, 0.994612, 0.010341, -0.103153, 0.050182, -0.918697, 0.391762, -0.090715, -0.394828, -0.914266),

              ["RightUpperLeg"] = CFrame.new(0.000000, -0.000000, -0.000000, 0.995472, -0.083365, 0.045678, 0.094699, 0.827876, -0.552855, 0.008273, 0.554682, 0.832025),

              ["UpperTorso"] = CFrame.new(0.000000, -0.000000, 0.000000, 0.999855, -0.006277, 0.015838, 0.010997, 0.947825, -0.318601, -0.013012, 0.318729, 0.947757)

          }},

          {Time = 0.067, Data = {

              ["Head"] = CFrame.new(-0.000000, 0.000000, 0.000000, 1.000000, -0.000000, 0.000000, -0.000000, 0.787995, -0.615682, -0.000000, 0.615681, 0.787995),

              ["LeftFoot"] = CFrame.new(0.000000, 0.020829, -0.000003, 0.998821, -0.037132, -0.031266, 0.027278, 0.962133, -0.271233, 0.040150, 0.270040, 0.962006),

              ["LeftHand"] = CFrame.new(0.000504, -0.006217, 0.000000, 0.999977, 0.005480, -0.004141, -0.006174, 0.981319, -0.192291, 0.003010, 0.192311, 0.981329),

              ["LeftLowerArm"] = CFrame.new(-0.000500, -0.006409, 0.000034, 1.000000, -0.000000, -0.000000, 0.000000, 1.000000, -0.000001, 0.000000, -0.000000, 1.000000),

              ["LeftLowerLeg"] = CFrame.new(-0.000000, 0.091715, -0.030755, 1.000000, -0.000000, -0.000000, 0.000000, 0.683754, 0.729717, -0.000000, -0.729713, 0.683749),

              ["LeftUpperArm"] = CFrame.new(0.197532, 0.081085, 0.016739, 0.996393, 0.077819, -0.033849, 0.084065, -0.850609, 0.519034, 0.011598, -0.520008, -0.854083),

              ["LeftUpperLeg"] = CFrame.new(0.000000, -0.000000, -0.000100, 0.999819, 0.016047, -0.010261, -0.006181, 0.782923, 0.622105, 0.018016, -0.621912, 0.782866),

              ["LowerTorso"] = CFrame.new(0.006555, -0.196099, -0.143221, 0.999332, 0.036063, -0.005917, -0.036545, 0.986051, -0.162379, -0.000022, 0.162487, 0.986711),

              ["RightFoot"] = CFrame.new(-0.000000, -0.056984, -0.000103, 0.999861, 0.012749, 0.010735, -0.016389, 0.869213, 0.494198, -0.003030, -0.494273, 0.869283),

              ["RightHand"] = CFrame.new(-0.000496, 0.005819, 0.000000, 0.998928, -0.039600, 0.023971, 0.044987, 0.952504, -0.301189, -0.010905, 0.301942, 0.953263),

              ["RightLowerArm"] = CFrame.new(-0.000000, 0.033402, 0.003890, 1.000000, 0.000000, 0.000000, -0.000000, 0.960327, -0.278878, -0.000000, 0.278878, 0.960327),

              ["RightLowerLeg"] = CFrame.new(0.000000, -0.056786, -0.000749, 1.000000, 0.000000, -0.000000, 0.000000, 1.000000, -0.000007, -0.000000, -0.000010, 1.000000),

              ["RightUpperArm"] = CFrame.new(-0.197060, 0.027199, 0.059431, 0.991727, 0.005045, -0.128269, 0.056984, -0.912681, 0.404679, -0.115027, -0.408641, -0.905418),

              ["RightUpperLeg"] = CFrame.new(-0.000000, 0.000000, -0.000000, 0.998281, -0.052845, 0.025332, 0.058309, 0.852410, -0.519607, 0.005865, 0.520196, 0.854030),

              ["UpperTorso"] = CFrame.new(0.000000, 0.000000, 0.000000, 0.999815, 0.019066, 0.002407, -0.017302, 0.947594, -0.319008, -0.008363, 0.318907, 0.947749)

          }},

          {Time = 0.075, Data = {

              ["Head"] = CFrame.new(0.000000, 0.000000, 0.000000, 1.000000, -0.000000, -0.000000, 0.000000, 0.787995, -0.615682, 0.000000, 0.615682, 0.787995),

              ["LeftFoot"] = CFrame.new(0.000000, 0.021309, -0.000003, 0.998393, -0.043352, -0.036503, 0.032425, 0.965215, -0.259458, 0.046478, 0.257839, 0.965064),

              ["LeftHand"] = CFrame.new(0.000511, -0.016698, 0.000000, 0.999890, -0.013205, 0.006778, 0.014321, 0.978296, -0.206720, -0.003901, 0.206793, 0.978377),

              ["LeftLowerArm"] = CFrame.new(-0.000500, -0.016877, 0.000091, 1.000000, -0.000000, -0.000000, 0.000000, 1.000000, -0.000001, 0.000000, -0.000000, 1.000000),

              ["LeftLowerLeg"] = CFrame.new(0.000000, 0.092932, -0.031616, 1.000000, -0.000000, -0.000000, 0.000000, 0.674766, 0.738036, -0.000000, -0.738031, 0.674761),

              ["LeftUpperArm"] = CFrame.new(0.197353, 0.083409, 0.007495, 0.996033, 0.072609, -0.051434, 0.088713, -0.855088, 0.510836, -0.006889, -0.513373, -0.858139),

              ["LeftUpperLeg"] = CFrame.new(0.000000, 0.000000, -0.000100, 0.998653, 0.051688, 0.004517, -0.041341, 0.740097, 0.671245, 0.031352, -0.670511, 0.741222),

              ["LowerTorso"] = CFrame.new(0.017472, -0.212912, -0.155260, 0.999986, 0.005294, -0.000861, -0.005364, 0.986734, -0.162254, -0.000009, 0.162257, 0.986749),

              ["RightFoot"] = CFrame.new(-0.000000, -0.093404, -0.000103, 0.999969, 0.006074, 0.005114, -0.007834, 0.859786, 0.510626, -0.001296, -0.510618, 0.859788),

              ["RightHand"] = CFrame.new(-0.000497, 0.005093, -0.000000, 0.998068, -0.053268, 0.031968, 0.060619, 0.947654, -0.313494, -0.013596, 0.314824, 0.949052),

              ["RightLowerArm"] = CFrame.new(0.000000, 0.028582, 0.002794, 1.000000, 0.000000, 0.000000, -0.000000, 0.971453, -0.237231, -0.000000, 0.237231, 0.971453),

              ["RightLowerLeg"] = CFrame.new(0.000000, -0.093081, -0.001230, 1.000000, -0.000000, 0.000000, 0.000000, 1.000000, -0.000007, 0.000000, -0.000010, 1.000000),

              ["RightUpperArm"] = CFrame.new(-0.196221, 0.026686, 0.066029, 0.990047, -0.002407, -0.140715, 0.058009, -0.903986, 0.423609, -0.128224, -0.427556, -0.894849),

              ["RightUpperLeg"] = CFrame.new(0.000000, -0.000000, -0.000000, 0.999721, -0.022557, 0.007051, 0.023077, 0.867372, -0.497120, 0.005098, 0.497149, 0.867653),

              ["UpperTorso"] = CFrame.new(-0.000000, 0.000000, 0.000000, 0.998998, 0.043492, -0.010548, -0.044583, 0.946666, -0.319118, -0.003894, 0.319269, 0.947656)

          }},

          {Time = 0.083, Data = {

              ["Head"] = CFrame.new(-0.000000, 0.000000, 0.000000, 1.000000, -0.000000, 0.000000, 0.000000, 0.787995, -0.615682, 0.000000, 0.615682, 0.787995),

              ["LeftFoot"] = CFrame.new(0.000000, 0.021569, -0.000003, 0.997886, -0.049716, -0.041862, 0.037050, 0.964335, -0.262099, 0.053396, 0.259975, 0.964133),

              ["LeftHand"] = CFrame.new(0.000514, -0.021310, -0.000000, 0.999370, -0.031046, 0.017205, 0.034053, 0.975353, -0.218010, -0.010012, 0.218457, 0.975795),

              ["LeftLowerArm"] = CFrame.new(-0.000499, -0.021483, 0.000116, 1.000000, -0.000000, -0.000000, 0.000000, 1.000000, -0.000001, 0.000000, -0.000000, 1.000000),

              ["LeftLowerLeg"] = CFrame.new(-0.000000, 0.093742, -0.032266, 1.000000, -0.000000, -0.000000, 0.000000, 0.668024, 0.744145, -0.000000, -0.744140, 0.668019),

              ["LeftUpperArm"] = CFrame.new(0.197037, 0.085346, -0.001360, 0.995401, 0.067204, -0.068275, 0.092588, -0.857865, 0.505465, -0.024601, -0.509462, -0.860142),

              ["LeftUpperLeg"] = CFrame.new(0.000000, -0.000000, -0.000100, 0.996215, 0.084194, 0.021602, -0.075803, 0.719935, 0.689905, 0.042533, -0.688915, 0.723578),

              ["LowerTorso"] = CFrame.new(0.027538, -0.218870, -0.159623, 0.999713, -0.023629, 0.003879, 0.023946, 0.986509, -0.161945, 0.000000, 0.161991, 0.986792),

              ["RightFoot"] = CFrame.new(-0.000000, -0.110557, -0.000103, 1.000000, 0.000590, 0.000497, -0.000765, 0.843418, 0.537289, -0.000102, -0.537257, 0.843398),

              ["RightHand"] = CFrame.new(-0.000497, 0.004488, 0.000000, 0.997474, -0.060955, 0.036470, 0.069450, 0.944666, -0.320599, -0.014909, 0.322320, 0.946513),

              ["RightLowerArm"] = CFrame.new(0.000000, 0.024667, 0.002046, 1.000000, 0.000000, 0.000000, -0.000000, 0.979052, -0.203611, -0.000000, 0.203611, 0.979052),

              ["RightLowerLeg"] = CFrame.new(-0.000000, -0.110177, -0.001457, 1.000000, -0.000000, -0.000000, 0.000000, 1.000000, -0.000007, -0.000000, -0.000010, 1.000000),

              ["RightUpperArm"] = CFrame.new(-0.195891, 0.027784, 0.068994, 0.989387, -0.009488, -0.144992, 0.055815, -0.896491, 0.439531, -0.134154, -0.442960, -0.886448),

              ["RightUpperLeg"] = CFrame.new(0.000000, -0.000000, 0.000000, 0.999937, 0.005723, -0.009623, -0.009683, 0.873549, -0.486635, 0.005621, 0.486703, 0.873553),

              ["UpperTorso"] = CFrame.new(0.000000, -0.000000, 0.000000, 0.997568, 0.065978, -0.022485, -0.069703, 0.945202, -0.318958, 0.000209, 0.319749, 0.947502)

          }},

          {Time = 0.092, Data = {

              ["Head"] = CFrame.new(0.000000, -0.000000, 0.000000, 1.000000, -0.000000, -0.000000, 0.000000, 0.787995, -0.615682, 0.000000, 0.615682, 0.787995),

              ["LeftFoot"] = CFrame.new(-0.000000, 0.024662, -0.000003, 0.997245, -0.056749, -0.047784, 0.040707, 0.957051, -0.287066, 0.062018, 0.284311, 0.956718),

              ["LeftHand"] = CFrame.new(0.000513, -0.019006, -0.000000, 0.998473, -0.048102, 0.027171, 0.053005, 0.972745, -0.225739, -0.015572, 0.226833, 0.973809),

              ["LeftLowerArm"] = CFrame.new(-0.000499, -0.019182, 0.000104, 1.000000, -0.000000, -0.000000, 0.000000, 1.000000, -0.000001, 0.000000, -0.000000, 1.000000),

              ["LeftLowerLeg"] = CFrame.new(-0.000000, 0.103454, -0.041215, 1.000000, -0.000000, -0.000000, 0.000000, 0.575036, 0.818134, -0.000000, -0.818128, 0.575027),

              ["LeftUpperArm"] = CFrame.new(0.196603, 0.086987, -0.009753, 0.994533, 0.061618, -0.084303, 0.095870, -0.858774, 0.503305, -0.041385, -0.508636, -0.859987),

              ["LeftUpperLeg"] = CFrame.new(0.000000, -0.000000, -0.000100, 0.992648, 0.118043, 0.026755, -0.109217, 0.778296, 0.618344, 0.052168, -0.616702, 0.785452),

              ["LowerTorso"] = CFrame.new(0.036381, -0.212306, -0.155059, 0.998729, -0.049748, 0.008149, 0.050411, 0.985577, -0.161548, 0.000005, 0.161753, 0.986831),

              ["RightFoot"] = CFrame.new(-0.000000, -0.103755, -0.000103, 0.999987, -0.003937, -0.003315, 0.005110, 0.835582, 0.549374, 0.000607, -0.549352, 0.835570),

              ["RightHand"] = CFrame.new(-0.000497, 0.004649, -0.000000, 0.996809, -0.068545, 0.040906, 0.077792, 0.949059, -0.305347, -0.017892, 0.307553, 0.951362),

              ["RightLowerArm"] = CFrame.new(0.000000, 0.025700, 0.002231, 1.000000, 0.000000, 0.000000, -0.000000, 0.977169, -0.212464, -0.000000, 0.212463, 0.977169),

              ["RightLowerLeg"] = CFrame.new(0.000000, -0.103398, -0.001367, 1.000000, -0.000000, 0.000000, 0.000000, 1.000000, -0.000007, -0.000000, -0.000010, 1.000000),

              ["RightUpperArm"] = CFrame.new(-0.195608, 0.028758, 0.071431, 0.988823, -0.013026, -0.148528, 0.053866, -0.897682, 0.437339, -0.139027, -0.440451, -0.886947),

              ["RightUpperLeg"] = CFrame.new(0.000000, -0.000000, -0.000000, 0.999210, 0.031419, -0.024316, -0.039120, 0.884863, -0.464200, 0.006931, 0.464790, 0.885397),

              ["UpperTorso"] = CFrame.new(0.000000, -0.000000, 0.000000, 0.995775, 0.085707, -0.032969, -0.091751, 0.943448, -0.318573, 0.003801, 0.320251, 0.947325)

          }},

          {Time = 0.100, Data = {

              ["Head"] = CFrame.new(0.000000, -0.000000, -0.000000, 1.000000, -0.000000, 0.000000, 0.000000, 0.787995, -0.615681, 0.000000, 0.615681, 0.787995),

              ["LeftFoot"] = CFrame.new(-0.000000, 0.029223, -0.000003, 0.996349, -0.065307, -0.054990, 0.045444, 0.950953, -0.305995, 0.072272, 0.302363, 0.950444),

              ["LeftHand"] = CFrame.new(0.000507, -0.010787, -0.000001, 0.997248, -0.064413, 0.036702, 0.071164, 0.970491, -0.230399, -0.020778, 0.232376, 0.972404),

              ["LeftLowerArm"] = CFrame.new(-0.000500, -0.010973, 0.000059, 1.000000, -0.000000, -0.000000, 0.000000, 1.000000, -0.000001, 0.000000, -0.000000, 1.000000),

              ["LeftLowerLeg"] = CFrame.new(-0.000000, 0.118400, -0.063291, 1.000000, -0.000000, -0.000000, 0.000000, 0.345498, 0.938425, -0.000000, -0.938419, 0.345483),

              ["LeftUpperArm"] = CFrame.new(0.196074, 0.088378, -0.017668, 0.993476, 0.055812, -0.099454, 0.098653, -0.858091, 0.503932, -0.057216, -0.510456, -0.857998),

              ["LeftUpperLeg"] = CFrame.new(0.000000, 0.000000, -0.000100, 0.987979, 0.154581, 0.001237, -0.141598, 0.901744, 0.408444, 0.062022, -0.403686, 0.912783),

              ["LowerTorso"] = CFrame.new(0.043979, -0.195060, -0.142857, 0.997262, -0.072984, 0.011944, 0.073955, 0.984157, -0.161136, 0.000006, 0.161578, 0.986860),

              ["RightFoot"] = CFrame.new(0.000000, -0.077342, -0.000103, 0.999947, -0.007906, -0.006657, 0.010221, 0.851983, 0.523501, 0.001533, -0.523509, 0.851999),

              ["RightHand"] = CFrame.new(-0.000496, 0.005455, -0.000001, 0.996093, -0.075876, 0.045184, 0.085310, 0.958992, -0.270290, -0.022823, 0.273087, 0.961718),

              ["RightLowerArm"] = CFrame.new(0.000000, 0.030971, 0.003313, 1.000000, 0.000000, 0.000000, -0.000000, 0.966186, -0.257845, -0.000000, 0.257845, 0.966186),

              ["RightLowerLeg"] = CFrame.new(-0.000000, -0.077074, -0.001018, 1.000000, -0.000000, 0.000000, 0.000000, 1.000000, -0.000007, 0.000000, -0.000010, 1.000000),

              ["RightUpperArm"] = CFrame.new(-0.195374, 0.029693, 0.073419, 0.988355, -0.013474, -0.151567, 0.051997, -0.906205, 0.419629, -0.143005, -0.422624, -0.894952),

              ["RightUpperLeg"] = CFrame.new(-0.000000, 0.000000, -0.000000, 0.997816, 0.056343, -0.034469, -0.065492, 0.911705, -0.405587, 0.008573, 0.406965, 0.913406),

              ["UpperTorso"] = CFrame.new(-0.000000, 0.000000, -0.000000, 0.993831, 0.102651, -0.041982, -0.110690, 0.941598, -0.318027, 0.006885, 0.320712, 0.947152)

          }},

          {Time = 0.108, Data = {

              ["Head"] = CFrame.new(0.000000, -0.000000, 0.000000, 1.000000, 0.000000, -0.000000, -0.000000, 0.787995, -0.615681, 0.000000, 0.615681, 0.787995),

              ["LeftFoot"] = CFrame.new(0.000000, 0.032036, -0.000002, 0.995049, -0.076030, -0.064019, 0.057288, 0.965056, -0.255711, 0.081219, 0.250770, 0.964631),

              ["LeftHand"] = CFrame.new(0.000500, 0.000604, 0.000000, 0.995746, -0.079959, 0.045790, 0.088234, 0.970633, -0.223801, -0.026550, 0.226888, 0.973559),

              ["LeftLowerArm"] = CFrame.new(-0.000500, 0.002249, 0.000013, 1.000000, -0.000000, -0.000000, 0.000000, 0.999829, -0.018507, 0.000000, 0.018506, 0.999829),

              ["LeftLowerLeg"] = CFrame.new(-0.000000, 0.125651, -0.089953, 1.000000, -0.000000, -0.000000, 0.000000, 0.068105, 0.997679, -0.000000, -0.997678, 0.068090),

              ["LeftUpperArm"] = CFrame.new(0.195474, 0.089532, -0.025105, 0.992275, 0.050812, -0.113173, 0.100960, -0.860891, 0.498672, -0.072091, -0.506246, -0.859371),

              ["LeftUpperLeg"] = CFrame.new(0.000000, -0.000000, -0.000100, 0.982075, 0.178431, -0.060750, -0.174262, 0.982337, 0.068186, 0.071843, -0.056351, 0.995821),

              ["LowerTorso"] = CFrame.new(0.050404, -0.169831, -0.124939, 0.995503, -0.093485, 0.015292, 0.094728, 0.982439, -0.160751, 0.000004, 0.161477, 0.986877),

              ["RightFoot"] = CFrame.new(-0.000000, -0.041485, -0.000103, 0.999887, -0.011478, -0.009664, 0.014626, 0.889350, 0.457025, 0.003350, -0.457084, 0.889401),

              ["RightHand"] = CFrame.new(-0.000496, 0.006584, -0.000000, 0.995350, -0.082797, 0.049219, 0.091738, 0.970625, -0.222422, -0.029358, 0.225901, 0.973707),

              ["RightLowerArm"] = CFrame.new(-0.000000, 0.038602, 0.005298, 1.000000, 0.000000, 0.000000, -0.000000, 0.946024, -0.324098, -0.000000, 0.324098, 0.946024),

              ["RightLowerLeg"] = CFrame.new(0.000000, -0.041340, -0.000544, 1.000000, -0.000000, -0.000000, 0.000000, 1.000000, -0.000007, -0.000000, -0.000010, 1.000000),

              ["RightUpperArm"] = CFrame.new(-0.195189, 0.030664, 0.075033, 0.987983, -0.012054, -0.154091, 0.050055, -0.918275, 0.392767, -0.146232, -0.395760, -0.906637),

              ["RightUpperLeg"] = CFrame.new(0.000000, -0.000000, -0.000000, 0.995972, 0.081438, -0.037512, -0.089066, 0.946776, -0.309318, 0.010324, 0.311420, 0.950218),

              ["UpperTorso"] = CFrame.new(0.000000, -0.000000, -0.000000, 0.991895, 0.116978, -0.049610, -0.126708, 0.939793, -0.317386, 0.009496, 0.321099, 0.946998)

          }},

          {Time = 0.117, Data = {

              ["Head"] = CFrame.new(-0.000000, 0.000000, -0.000000, 1.000000, 0.000000, 0.000000, 0.000000, 0.787995, -0.615682, 0.000000, 0.615681, 0.787995),

              ["LeftFoot"] = CFrame.new(-0.000000, 0.033368, -0.000001, 0.993212, -0.088980, -0.074924, 0.083526, 0.993826, -0.073026, 0.080954, 0.066279, 0.994512),

              ["LeftHand"] = CFrame.new(0.000497, 0.004305, 0.000000, 0.994018, -0.094687, 0.054427, 0.101569, 0.984639, -0.142020, -0.040143, 0.146698, 0.988366),

              ["LeftLowerArm"] = CFrame.new(-0.000500, 0.022784, 0.001746, 1.000000, -0.000000, -0.000000, 0.000000, 0.982096, -0.188380, 0.000000, 0.188380, 0.982096),

              ["LeftLowerLeg"] = CFrame.new(-0.000000, 0.125347, -0.109875, 1.000000, -0.000000, -0.000000, 0.000000, -0.139270, 0.990253, -0.000000, -0.990255, -0.139280),

              ["LeftUpperArm"] = CFrame.new(0.194824, 0.090445, -0.032078, 0.990975, 0.055425, -0.122049, 0.102788, -0.898628, 0.426500, -0.086037, -0.435197, -0.896215),

              ["LeftUpperLeg"] = CFrame.new(0.000000, 0.000000, -0.000100, 0.974790, 0.164700, -0.150527, -0.208138, 0.914293, -0.347466, 0.080398, 0.370058, 0.925532),

              ["LowerTorso"] = CFrame.new(0.055728, -0.139302, -0.103220, 0.993608, -0.111406, 0.018225, 0.112887, 0.980572, -0.160420, 0.000001, 0.161452, 0.986881),

              ["RightFoot"] = CFrame.new(0.000000, -0.008628, -0.000103, 0.999815, -0.014700, -0.012377, 0.018070, 0.938323, 0.345318, 0.006538, -0.345448, 0.938404),

              ["RightHand"] = CFrame.new(-0.000495, 0.007822, -0.000000, 0.994611, -0.089156, 0.052924, 0.096859, 0.981099, -0.167525, -0.036988, 0.171747, 0.984446),

              ["RightLowerArm"] = CFrame.new(0.000000, 0.047121, 0.008139, 1.000000, 0.000000, 0.000000, -0.000000, 0.917134, -0.398580, -0.000000, 0.398580, 0.917134),

              ["RightLowerLeg"] = CFrame.new(0.000000, -0.008597, -0.000110, 1.000000, -0.000000, -0.000000, -0.000000, 1.000000, -0.000007, -0.000000, -0.000011, 1.000000),

              ["RightUpperArm"] = CFrame.new(-0.195047, 0.031751, 0.076340, 0.987701, -0.009849, -0.156046, 0.047880, -0.931019, 0.361817, -0.148845, -0.364838, -0.919097),

              ["RightUpperLeg"] = CFrame.new(-0.000000, -0.000000, -0.000000, 0.993857, 0.106173, -0.031230, -0.110014, 0.978503, -0.174434, 0.012038, 0.176805, 0.984174),

              ["UpperTorso"] = CFrame.new(-0.000000, 0.000000, -0.000000, 0.990084, 0.128858, -0.055939, -0.139991, 0.938138, -0.316702, 0.011669, 0.321392, 0.946874)

          }},

          {Time = 0.125, Data = {

              ["Head"] = CFrame.new(-0.000000, -0.000000, -0.000000, 1.000000, -0.000000, 0.000000, 0.000000, 0.787995, -0.615682, -0.000000, 0.615682, 0.787995),

              ["LeftFoot"] = CFrame.new(-0.000000, 0.033638, -0.000000, 0.990966, -0.102589, -0.086381, 0.120337, 0.964508, 0.235062, 0.059198, -0.243309, 0.968134),

              ["LeftHand"] = CFrame.new(0.000495, 0.006819, 0.000000, 0.992127, -0.108510, 0.062531, 0.112751, 0.991236, -0.068838, -0.054512, 0.075346, 0.995666),

              ["LeftLowerArm"] = CFrame.new(-0.000500, 0.039423, 0.005573, 1.000000, -0.000000, -0.000000, 0.000000, 0.943232, -0.332135, 0.000000, 0.332135, 0.943232),

              ["LeftLowerLeg"] = CFrame.new(-0.000000, 0.124594, -0.114658, 1.000000, -0.000000, -0.000000, 0.000000, -0.189086, 0.981959, -0.000000, -0.981961, -0.189096),

              ["LeftUpperArm"] = CFrame.new(0.194149, 0.091080, -0.038587, 0.989627, 0.060040, -0.130517, 0.104057, -0.925943, 0.363044, -0.099054, -0.372860, -0.922586),

