return {
["hip sway thrust 3"] = {

          {Time = 0.000, Data = {

              ["Head"] = CFrame.new(-0.000000, 0.000000, 0.000000, 1.000000, -0.000000, -0.000000, 0.000000, 0.997875, 0.065159, -0.000000, -0.065159, 0.997875),

              ["LeftFoot"] = CFrame.new(0.000000, 0.007530, -0.000003, 0.994812, -0.099746, -0.020016, 0.090680, 0.958579, -0.270020, 0.046118, 0.266789, 0.962647),

              ["LeftHand"] = CFrame.new(0.000485, 0.022660, -0.000000, 0.997583, -0.060034, 0.034986, 0.068249, 0.752079, -0.655534, 0.013042, 0.656334, 0.754355),

              ["LeftLowerArm"] = CFrame.new(-0.000500, 0.110135, 0.058025, 1.000000, -0.000000, -0.000000, 0.000000, 0.401531, -0.915846, 0.000000, 0.915846, 0.401531),

              ["LeftLowerLeg"] = CFrame.new(-0.000000, 0.035209, -0.003729, 1.000000, -0.000000, -0.000000, 0.000000, 0.961015, 0.276483, -0.000000, -0.276497, 0.961019),

              ["LeftUpperArm"] = CFrame.new(0.407639, -0.248534, -0.033177, 0.853327, -0.054538, -0.518516, -0.517416, -0.210941, -0.829328, -0.064146, 0.975976, -0.208220),

              ["LeftUpperLeg"] = CFrame.new(0.000000, -0.000000, -0.000100, 0.994812, 0.099897, 0.019250, -0.101260, 0.954060, 0.282000, 0.009805, -0.282473, 0.959221),

              ["LowerTorso"] = CFrame.new(0.020467, -0.085106, -0.238933, 1.000000, 0.000000, -0.000000, -0.000000, 0.956927, -0.290327, 0.000000, 0.290327, 0.956927),

              ["RightFoot"] = CFrame.new(0.000000, 0.007774, -0.000103, 0.995258, 0.087462, -0.042575, -0.095760, 0.957840, -0.270887, 0.017086, 0.273664, 0.961669),

              ["RightHand"] = CFrame.new(-0.000498, 0.002889, -0.000000, 0.999897, 0.012771, -0.006546, -0.013546, 0.990502, -0.136828, 0.004736, 0.136901, 0.990573),

              ["RightLowerArm"] = CFrame.new(-0.000000, 0.014935, 0.000711, 1.000000, 0.000000, 0.000000, -0.000000, 0.992622, -0.121254, -0.000000, 0.121254, 0.992622),

              ["RightLowerLeg"] = CFrame.new(-0.000000, 0.035243, -0.003884, 1.000000, 0.000000, -0.000000, -0.000000, 0.960449, 0.278441, 0.000000, -0.278456, 0.960453),

              ["RightUpperArm"] = CFrame.new(-0.373021, -0.062594, 0.231941, 0.886425, -0.301352, 0.351336, 0.084730, 0.851852, 0.516885, -0.455050, -0.428411, 0.780636),

              ["RightUpperLeg"] = CFrame.new(0.000000, 0.000000, -0.000000, 0.995258, -0.087215, 0.043075, 0.071334, 0.955464, 0.286368, -0.066132, -0.281924, 0.957151),

              ["UpperTorso"] = CFrame.new(0.000000, 0.045446, 0.114542, 1.000000, -0.000000, 0.000000, 0.000000, 0.982663, 0.185403, -0.000000, -0.185403, 0.982663)

          }},

          {Time = 0.020, Data = {

              ["Head"] = CFrame.new(-0.000000, 0.000000, -0.000000, 1.000000, -0.000000, -0.000012, 0.000001, 0.997881, 0.065070, 0.000012, -0.065070, 0.997881),

              ["LeftFoot"] = CFrame.new(0.000000, 0.008011, -0.000003, 0.994278, -0.104147, -0.023756, 0.093483, 0.955948, -0.278266, 0.051687, 0.274438, 0.960210),

              ["LeftHand"] = CFrame.new(0.000485, 0.022664, 0.000000, 0.997587, -0.059986, 0.034958, 0.068202, 0.752473, -0.655086, 0.012990, 0.655886, 0.754746),

              ["LeftLowerArm"] = CFrame.new(-0.000500, 0.110169, 0.058096, 1.000000, -0.000000, -0.000000, 0.000000, 0.400801, -0.916165, 0.000000, 0.916165, 0.400801),

              ["LeftLowerLeg"] = CFrame.new(0.000000, 0.037811, -0.004371, 1.000000, -0.000000, -0.000000, 0.000000, 0.954504, 0.298185, -0.000000, -0.298199, 0.954508),

              ["LeftUpperArm"] = CFrame.new(0.407616, -0.248568, -0.033204, 0.853281, -0.054422, -0.518604, -0.517484, -0.210823, -0.829315, -0.064200, 0.976008, -0.208054),

              ["LeftUpperLeg"] = CFrame.new(0.000000, -0.000000, -0.000100, 0.993485, 0.111957, 0.021291, -0.113597, 0.957888, 0.263731, 0.009132, -0.264418, 0.964361),

              ["LowerTorso"] = CFrame.new(0.026458, -0.087588, -0.234721, 0.999973, -0.007050, 0.002105, 0.007358, 0.958160, -0.286139, 0.000000, 0.286147, 0.958186),

              ["RightFoot"] = CFrame.new(0.000000, 0.007770, -0.000103, 0.995457, 0.083504, -0.045739, -0.092762, 0.958847, -0.268359, 0.021446, 0.271368, 0.962233),

              ["RightHand"] = CFrame.new(-0.000498, 0.002849, -0.000000, 0.999898, 0.012691, -0.006498, -0.013465, 0.990367, -0.137815, 0.004687, 0.137887, 0.990437),

              ["RightLowerArm"] = CFrame.new(-0.000000, 0.014699, 0.000688, 1.000000, 0.000000, 0.000000, -0.000000, 0.992861, -0.119280, -0.000000, 0.119280, 0.992861),

              ["RightLowerLeg"] = CFrame.new(0.000000, 0.035224, -0.003880, 1.000000, 0.000000, 0.000000, -0.000000, 0.960497, 0.278275, 0.000000, -0.278290, 0.960502),

              ["RightUpperArm"] = CFrame.new(-0.373039, -0.062581, 0.231909, 0.886461, -0.300924, 0.351612, 0.084705, 0.852408, 0.515971, -0.454985, -0.427605, 0.781116),

              ["RightUpperLeg"] = CFrame.new(0.000000, -0.000000, 0.000000, 0.996045, -0.075795, 0.046367, 0.059904, 0.958251, 0.279597, -0.065623, -0.275701, 0.958997),

              ["UpperTorso"] = CFrame.new(-0.003080, 0.046149, 0.111728, 0.999973, 0.007315, -0.000793, -0.007050, 0.983421, 0.181198, 0.002105, -0.181187, 0.983446)

          }},

          {Time = 0.040, Data = {

              ["Head"] = CFrame.new(-0.000000, 0.000000, 0.000000, 1.000000, -0.000001, -0.000047, 0.000004, 0.997898, 0.064806, 0.000047, -0.064806, 0.997898),

              ["LeftFoot"] = CFrame.new(-0.000000, 0.009230, -0.000003, 0.992622, -0.116350, -0.034138, 0.100918, 0.948796, -0.299354, 0.067216, 0.293683, 0.953531),

              ["LeftHand"] = CFrame.new(0.000485, 0.022678, 0.000000, 0.997598, -0.059849, 0.034879, 0.068071, 0.753631, -0.653767, 0.012841, 0.654567, 0.755892),

              ["LeftLowerArm"] = CFrame.new(-0.000500, 0.110268, 0.058301, 1.000000, -0.000000, -0.000000, 0.000000, 0.398672, -0.917094, 0.000000, 0.917094, 0.398672),

              ["LeftLowerLeg"] = CFrame.new(0.000000, 0.044549, -0.006301, 1.000000, -0.000000, -0.000000, 0.000000, 0.934945, 0.354780, -0.000000, -0.354792, 0.934950),

              ["LeftUpperArm"] = CFrame.new(0.407551, -0.248667, -0.033283, 0.853150, -0.054088, -0.518854, -0.517681, -0.210485, -0.829278, -0.064357, 0.976100, -0.207576),

              ["LeftUpperLeg"] = CFrame.new(0.000000, -0.000000, -0.000100, 0.989047, 0.145415, 0.025326, -0.147458, 0.965822, 0.213190, 0.006540, -0.214574, 0.976683),

              ["LowerTorso"] = CFrame.new(0.042909, -0.094430, -0.222656, 0.999622, -0.026445, 0.007539, 0.027499, 0.961321, -0.274055, 0.000000, 0.274158, 0.961685),

              ["RightFoot"] = CFrame.new(0.000000, 0.007755, -0.000103, 0.995867, 0.072854, -0.054239, -0.084564, 0.961627, -0.261017, 0.033139, 0.264510, 0.963809),

              ["RightHand"] = CFrame.new(-0.000498, 0.002728, 0.000000, 0.999902, 0.012457, -0.006361, -0.013228, 0.989963, -0.140710, 0.004544, 0.140779, 0.990030),

              ["RightLowerArm"] = CFrame.new(-0.000000, 0.014004, 0.000621, 1.000000, 0.000000, 0.000000, -0.000000, 0.993540, -0.113483, -0.000000, 0.113483, 0.993540),

              ["RightLowerLeg"] = CFrame.new(0.000000, 0.035144, -0.003861, 1.000000, 0.000000, 0.000000, -0.000000, 0.960690, 0.277608, 0.000000, -0.277623, 0.960694),

              ["RightUpperArm"] = CFrame.new(-0.373091, -0.062544, 0.231814, 0.886566, -0.299667, 0.352422, 0.084631, 0.854033, 0.513288, -0.454796, -0.425237, 0.782517),

              ["RightUpperLeg"] = CFrame.new(0.000000, -0.000000, 0.000000, 0.997494, -0.044589, 0.054940, 0.028831, 0.965205, 0.259914, -0.064617, -0.257666, 0.964067),

              ["UpperTorso"] = CFrame.new(-0.011370, 0.048395, 0.103698, 0.999622, 0.027339, -0.002957, -0.026445, 0.985231, 0.169177, 0.007539, -0.169035, 0.985581)

          }},

          {Time = 0.060, Data = {

              ["Head"] = CFrame.new(-0.000000, 0.000000, -0.000000, 1.000000, -0.000003, -0.000105, 0.000010, 0.997926, 0.064370, 0.000105, -0.064370, 0.997926),

              ["LeftFoot"] = CFrame.new(0.000000, 0.010780, -0.000003, 0.989598, -0.134910, -0.049960, 0.111603, 0.939056, -0.325164, 0.090777, 0.316185, 0.944337),

              ["LeftHand"] = CFrame.new(0.000485, 0.022700, 0.000000, 0.997615, -0.059639, 0.034757, 0.067867, 0.755511, -0.651614, 0.012602, 0.652415, 0.757754),

              ["LeftLowerArm"] = CFrame.new(-0.000500, 0.110428, 0.058634, 1.000000, -0.000000, -0.000000, 0.000000, 0.395228, -0.918583, 0.000000, 0.918583, 0.395228),

              ["LeftLowerLeg"] = CFrame.new(-0.000000, 0.053192, -0.009362, 1.000000, -0.000000, -0.000000, 0.000000, 0.903859, 0.427821, -0.000000, -0.427829, 0.903863),

              ["LeftUpperArm"] = CFrame.new(0.407446, -0.248823, -0.033409, 0.852941, -0.053555, -0.519252, -0.517993, -0.209952, -0.829219, -0.064609, 0.976244, -0.206818),

              ["LeftUpperLeg"] = CFrame.new(0.000000, 0.000000, -0.000100, 0.980202, 0.196069, 0.027583, -0.197998, 0.970234, 0.139457, 0.000581, -0.142140, 0.989844),

              ["LowerTorso"] = CFrame.new(0.067562, -0.104599, -0.203584, 0.998345, -0.055601, 0.014673, 0.057504, 0.965299, -0.254736, 0.000000, 0.255158, 0.966900),

              ["RightFoot"] = CFrame.new(-0.000000, 0.007702, -0.000103, 0.996131, 0.057490, -0.066464, -0.072339, 0.965867, -0.248748, 0.049892, 0.252579, 0.966285),

              ["RightHand"] = CFrame.new(-0.000498, 0.002527, -0.000000, 0.999908, 0.012080, -0.006139, -0.012844, 0.989285, -0.145432, 0.004316, 0.145497, 0.989349),

              ["RightLowerArm"] = CFrame.new(0.000000, 0.012865, 0.000520, 1.000000, -0.000000, 0.000000, -0.000000, 0.994576, -0.104009, -0.000000, 0.104009, 0.994576),

              ["RightLowerLeg"] = CFrame.new(0.000000, 0.034859, -0.003793, 1.000000, 0.000000, 0.000000, -0.000000, 0.961371, 0.275240, 0.000000, -0.275255, 0.961375),

              ["RightUpperArm"] = CFrame.new(-0.373175, -0.062482, 0.231661, 0.886734, -0.297613, 0.353737, 0.084509, 0.856665, 0.508904, -0.454491, -0.421368, 0.784785),

              ["RightUpperLeg"] = CFrame.new(0.000000, 0.000000, -0.000000, 0.997789, 0.001675, 0.066441, -0.016849, 0.973399, 0.228511, -0.064291, -0.229112, 0.971272),

              ["UpperTorso"] = CFrame.new(-0.023299, 0.052696, 0.091090, 0.998345, 0.057173, -0.006163, -0.055601, 0.987085, 0.150239, 0.014673, -0.149648, 0.988630)

          }},

          {Time = 0.080, Data = {

              ["Head"] = CFrame.new(-0.000000, 0.000000, 0.000000, 1.000000, -0.000005, -0.000186, 0.000017, 0.997965, 0.063765, 0.000185, -0.063765, 0.997965),

              ["LeftFoot"] = CFrame.new(-0.000000, 0.012406, -0.000003, 0.984919, -0.158262, -0.069923, 0.124365, 0.928530, -0.349828, 0.120283, 0.335834, 0.934201),

              ["LeftHand"] = CFrame.new(0.000485, 0.022730, 0.000000, 0.997636, -0.059368, 0.034599, 0.067607, 0.758070, -0.648663, 0.012281, 0.649466, 0.760289),

              ["LeftLowerArm"] = CFrame.new(-0.000500, 0.110641, 0.059085, 1.000000, -0.000000, -0.000000, 0.000000, 0.390560, -0.920577, 0.000000, 0.920578, 0.390560),

              ["LeftLowerLeg"] = CFrame.new(-0.000000, 0.062174, -0.013305, 1.000000, -0.000000, -0.000000, 0.000000, 0.863733, 0.503946, -0.000000, -0.503950, 0.863735),

              ["LeftUpperArm"] = CFrame.new(0.407308, -0.249029, -0.033578, 0.852665, -0.052846, -0.519778, -0.518405, -0.209251, -0.829138, -0.064948, 0.976433, -0.205817),

              ["LeftUpperLeg"] = CFrame.new(0.000000, -0.000000, -0.000100, 0.965574, 0.258996, 0.024246, -0.259918, 0.964338, 0.049975, -0.010439, -0.054538, 0.998456),

              ["LowerTorso"] = CFrame.new(0.098139, -0.117016, -0.178347, 0.995532, -0.091895, 0.021711, 0.094424, 0.968859, -0.228900, 0.000000, 0.229928, 0.973208),

              ["RightFoot"] = CFrame.new(0.000000, 0.007578, -0.000103, 0.995952, 0.039440, -0.080772, -0.057215, 0.971207, -0.231277, 0.069321, 0.234950, 0.969529),

              ["RightHand"] = CFrame.new(-0.000498, 0.002244, 0.000000, 0.999916, 0.011572, -0.005839, -0.012324, 0.988316, -0.151921, 0.004013, 0.151979, 0.988375),

              ["RightLowerArm"] = CFrame.new(-0.000000, 0.011288, 0.000395, 1.000000, 0.000000, 0.000000, -0.000000, 0.995855, -0.090959, -0.000000, 0.090958, 0.995855),

              ["RightLowerLeg"] = CFrame.new(0.000000, 0.034187, -0.003637, 1.000000, 0.000000, 0.000000, -0.000000, 0.962958, 0.269638, 0.000000, -0.269653, 0.962962),

              ["RightUpperArm"] = CFrame.new(-0.373288, -0.062398, 0.231456, 0.886960, -0.294786, 0.355531, 0.084339, 0.860244, 0.502860, -0.454080, -0.416031, 0.787864),

              ["RightUpperLeg"] = CFrame.new(0.000000, -0.000000, 0.000000, 0.995226, 0.058051, 0.078452, -0.071883, 0.979741, 0.186940, -0.066011, -0.191673, 0.979234),

              ["UpperTorso"] = CFrame.new(-0.037218, 0.059669, 0.074657, 0.995532, 0.093886, -0.010071, -0.091895, 0.987857, 0.125279, 0.021711, -0.123794, 0.992070)

          }},

          {Time = 0.100, Data = {

              ["Head"] = CFrame.new(-0.000000, 0.000000, 0.000000, 1.000000, -0.000009, -0.000289, 0.000027, 0.998014, 0.062996, 0.000288, -0.062996, 0.998014),

              ["LeftFoot"] = CFrame.new(0.000000, 0.013955, -0.000003, 0.978458, -0.184573, -0.092493, 0.138469, 0.919021, -0.369111, 0.153122, 0.348329, 0.924771),

              ["LeftHand"] = CFrame.new(0.000485, 0.022768, 0.000000, 0.997662, -0.059049, 0.034413, 0.067303, 0.761259, -0.644949, 0.011886, 0.645753, 0.763451),

              ["LeftLowerArm"] = CFrame.new(-0.000499, 0.110903, 0.059646, 1.000000, -0.000000, -0.000000, 0.000000, 0.384756, -0.923018, 0.000000, 0.923018, 0.384756),

              ["LeftLowerLeg"] = CFrame.new(-0.000000, 0.070444, -0.017695, 1.000000, -0.000000, -0.000000, 0.000000, 0.818935, 0.573885, -0.000000, -0.573886, 0.818936),

              ["LeftUpperArm"] = CFrame.new(0.407140, -0.249279, -0.033787, 0.852329, -0.051983, -0.520417, -0.518906, -0.208412, -0.829036, -0.065366, 0.976659, -0.204610),

              ["LeftUpperLeg"] = CFrame.new(-0.000000, 0.000000, -0.000100, 0.944494, 0.328280, 0.012759, -0.327347, 0.943680, -0.048073, -0.027823, 0.041248, 0.998762),

              ["LowerTorso"] = CFrame.new(0.132309, -0.130669, -0.147788, 0.990808, -0.132565, 0.026955, 0.135278, 0.970939, -0.197427, 0.000000, 0.199258, 0.979947),

              ["RightFoot"] = CFrame.new(-0.000000, 0.007358, -0.000103, 0.995204, 0.020621, -0.095627, -0.040294, 0.977163, -0.208645, 0.089135, 0.211486, 0.973305),

              ["RightHand"] = CFrame.new(-0.000499, 0.001874, 0.000000, 0.999925, 0.010942, -0.005469, -0.011677, 0.987028, -0.160122, 0.003646, 0.160173, 0.987082),

              ["RightLowerArm"] = CFrame.new(-0.000000, 0.009277, 0.000261, 1.000000, 0.000000, 0.000000, -0.000000, 0.997228, -0.074411, -0.000000, 0.074410, 0.997228),

              ["RightLowerLeg"] = CFrame.new(0.000000, 0.033009, -0.003371, 1.000000, 0.000000, 0.000000, -0.000000, 0.965644, 0.259853, 0.000000, -0.259868, 0.965648),

              ["RightUpperArm"] = CFrame.new(-0.373428, -0.062290, 0.231202, 0.887240, -0.291203, 0.357778, 0.084124, 0.864705, 0.495186, -0.453572, -0.409251, 0.791698),

              ["RightUpperLeg"] = CFrame.new(0.000000, 0.000000, -0.000000, 0.988845, 0.119481, 0.088936, -0.130962, 0.981873, 0.137033, -0.070952, -0.147138, 0.986566),

              ["UpperTorso"] = CFrame.new(-0.051534, 0.069748, 0.055295, 0.990808, 0.134515, -0.014345, -0.132565, 0.986594, 0.095178, 0.026955, -0.092401, 0.995357)

          }},

          {Time = 0.120, Data = {

              ["Head"] = CFrame.new(-0.000000, -0.000000, 0.000000, 1.000000, -0.000012, -0.000413, 0.000038, 0.998072, 0.062066, 0.000411, -0.062066, 0.998072),

              ["LeftFoot"] = CFrame.new(0.000000, 0.016102, -0.000003, 0.970434, -0.211736, -0.115881, 0.153768, 0.912383, -0.379380, 0.186045, 0.350321, 0.917956),

              ["LeftHand"] = CFrame.new(0.000485, 0.022811, 0.000000, 0.997690, -0.058696, 0.034208, 0.066969, 0.765034, -0.640502, 0.011425, 0.641310, 0.767194),

              ["LeftLowerArm"] = CFrame.new(-0.000500, 0.111206, 0.060308, 1.000000, -0.000000, -0.000000, 0.000000, 0.377908, -0.925843, 0.000000, 0.925843, 0.377908),

              ["LeftLowerLeg"] = CFrame.new(-0.000000, 0.077921, -0.021854, 1.000000, -0.000000, -0.000000, 0.000000, 0.776120, 0.630587, -0.000000, -0.630586, 0.776119),

              ["LeftUpperArm"] = CFrame.new(0.406946, -0.249567, -0.034032, 0.851940, -0.050989, -0.521150, -0.519481, -0.207466, -0.828913, -0.065855, 0.976912, -0.203237),

              ["LeftUpperLeg"] = CFrame.new(-0.000000, -0.000000, -0.000100, 0.917600, 0.397442, -0.007047, -0.394094, 0.907263, -0.146826, -0.051962, 0.137526, 0.989137),

              ["LowerTorso"] = CFrame.new(0.167678, -0.144706, -0.112762, 0.984195, -0.174691, 0.029037, 0.177087, 0.970874, -0.161379, 0.000000, 0.163970, 0.986465),

              ["RightFoot"] = CFrame.new(-0.000000, 0.007047, -0.000103, 0.993961, 0.002706, -0.109707, -0.022707, 0.983132, -0.181493, 0.107359, 0.182879, 0.977254),

              ["RightHand"] = CFrame.new(-0.000499, 0.001407, 0.000000, 0.999935, 0.010204, -0.005034, -0.010910, 0.985387, -0.169981, 0.003225, 0.170023, 0.985435),

              ["RightLowerArm"] = CFrame.new(-0.000000, 0.006828, 0.000136, 1.000000, -0.000000, 0.000000, -0.000000, 0.998517, -0.054446, -0.000000, 0.054446, 0.998517),

              ["RightLowerLeg"] = CFrame.new(-0.000000, 0.031353, -0.003016, 1.000000, 0.000000, 0.000000, -0.000000, 0.969236, 0.246118, 0.000000, -0.246133, 0.969240),

              ["RightUpperArm"] = CFrame.new(-0.373592, -0.062161, 0.230905, 0.887569, -0.286881, 0.360446, 0.083865, 0.869977, 0.485909, -0.452978, -0.401048, 0.796223),

              ["RightUpperLeg"] = CFrame.new(0.000000, -0.000000, -0.000000, 0.978730, 0.181062, 0.096456, -0.188997, 0.978661, 0.080657, -0.079795, -0.097158, 0.992064),

              ["UpperTorso"] = CFrame.new(-0.064852, 0.082981, 0.034028, 0.984195, 0.176102, -0.018652, -0.174691, 0.982744, 0.060801, 0.029037, -0.056582, 0.997976)

          }},

          {Time = 0.140, Data = {

              ["Head"] = CFrame.new(-0.000000, 0.000000, 0.000000, 1.000000, -0.000017, -0.000558, 0.000051, 0.998139, 0.060978, 0.000556, -0.060978, 0.998139),

              ["LeftFoot"] = CFrame.new(0.000000, 0.018182, -0.000003, 0.961519, -0.237492, -0.138141, 0.169649, 0.908707, -0.381427, 0.216102, 0.343291, 0.914019),

              ["LeftHand"] = CFrame.new(0.000485, 0.022889, 0.000000, 0.997719, -0.058322, 0.033990, 0.066616, 0.769322, -0.635382, 0.010907, 0.636193, 0.771450),

              ["LeftLowerArm"] = CFrame.new(-0.000500, 0.111560, 0.061053, 1.000000, -0.000000, -0.000000, 0.000000, 0.370178, -0.928961, 0.000000, 0.928961, 0.370179),

              ["LeftLowerLeg"] = CFrame.new(-0.000000, 0.084163, -0.025617, 1.000000, -0.000000, -0.000000, 0.000000, 0.737152, 0.675729, -0.000000, -0.675727, 0.737150),

              ["LeftUpperArm"] = CFrame.new(0.406730, -0.249885, -0.034309, 0.851509, -0.049913, -0.521959, -0.520118, -0.206481, -0.828760, -0.066409, 0.977177, -0.201781),

              ["LeftUpperLeg"] = CFrame.new(-0.000000, -0.000000, -0.000100, 0.887103, 0.460265, -0.034696, -0.454223, 0.857144, -0.242850, -0.082038, 0.231214, 0.969443),

              ["LowerTorso"] = CFrame.new(0.201802, -0.158491, -0.074141, 0.976187, -0.215229, 0.027100, 0.216929, 0.968540, -0.121950, 0.000000, 0.124924, 0.992166),

              ["RightFoot"] = CFrame.new(-0.000000, 0.006694, -0.000103, 0.992449, -0.012964, -0.121976, -0.005711, 0.988437, -0.151529, 0.122523, 0.151075, 0.980898),

              ["RightHand"] = CFrame.new(-0.000499, 0.000813, -0.000000, 0.999946, 0.009367, -0.004540, -0.010036, 0.983285, -0.181798, 0.002762, 0.181832, 0.983326),

              ["RightLowerArm"] = CFrame.new(-0.000000, 0.003843, 0.000039, 1.000000, 0.000000, 0.000000, -0.000000, 0.999538, -0.030411, -0.000000, 0.030410, 0.999537),

              ["RightLowerLeg"] = CFrame.new(0.000000, 0.029502, -0.002646, 1.000000, 0.000000, -0.000000, -0.000000, 0.972989, 0.230837, 0.000000, -0.230853, 0.972992),

              ["RightUpperArm"] = CFrame.new(-0.373778, -0.062010, 0.230569, 0.887940, -0.281695, 0.363608, 0.083563, 0.876162, 0.474718, -0.452306, -0.391137, 0.801518),

              ["RightUpperLeg"] = CFrame.new(-0.000000, -0.000000, -0.000000, 0.966004, 0.238382, 0.100057, -0.241398, 0.970240, 0.019037, -0.092542, -0.042531, 0.994800),

              ["UpperTorso"] = CFrame.new(-0.076084, 0.098932, 0.011906, 0.976188, 0.215740, -0.022676, -0.215229, 0.976293, 0.022997, 0.027100, -0.017569, 0.999478)

          }},

          {Time = 0.160, Data = {

              ["Head"] = CFrame.new(-0.000000, -0.000000, 0.000000, 1.000000, -0.000023, -0.000724, 0.000066, 0.998214, 0.059736, 0.000721, -0.059736, 0.998214),

              ["LeftFoot"] = CFrame.new(-0.000000, 0.019824, -0.000003, 0.952804, -0.259638, -0.157348, 0.185294, 0.907886, -0.376064, 0.240480, 0.329137, 0.913136),

              ["LeftHand"] = CFrame.new(0.000485, 0.022984, 0.000000, 0.997749, -0.057942, 0.033769, 0.066262, 0.774088, -0.629604, 0.010340, 0.630421, 0.776182),

              ["LeftLowerArm"] = CFrame.new(-0.000500, 0.111948, 0.061877, 1.000000, -0.000000, 0.000000, 0.000000, 0.361620, -0.932325, 0.000000, 0.932325, 0.361621),

              ["LeftLowerLeg"] = CFrame.new(-0.000000, 0.088990, -0.028853, 1.000000, -0.000000, 0.000000, 0.000000, 0.703565, 0.710634, -0.000000, -0.710631, 0.703561),

              ["LeftUpperArm"] = CFrame.new(0.406497, -0.250227, -0.034613, 0.851043, -0.048766, -0.522826, -0.520801, -0.205470, -0.828582, -0.067019, 0.977448, -0.200261),

              ["LeftUpperLeg"] = CFrame.new(-0.000000, -0.000000, -0.000100, 0.856636, 0.511431, -0.067899, -0.502709, 0.797841, -0.332749, -0.116007, 0.319200, 0.940568),

              ["LowerTorso"] = CFrame.new(0.232223, -0.171620, -0.032817, 0.967734, -0.251105, 0.020921, 0.251975, 0.964392, -0.080350, 0.000000, 0.083029, 0.996547),

              ["RightFoot"] = CFrame.new(0.000000, 0.006359, -0.000103, 0.990969, -0.025394, -0.131676, 0.009426, 0.992668, -0.120505, 0.133763, 0.118171, 0.983941),

              ["RightHand"] = CFrame.new(-0.000500, 0.000132, 0.000000, 0.999956, 0.008444, -0.003997, -0.009060, 0.980886, -0.194376, 0.002279, 0.194402, 0.980919),

              ["RightLowerArm"] = CFrame.new(-0.000000, 0.000607, 0.000000, 1.000000, -0.000000, 0.000000, -0.000000, 0.999989, -0.004760, -0.000000, 0.004760, 0.999989),

              ["RightLowerLeg"] = CFrame.new(0.000000, 0.027762, -0.002321, 1.000000, 0.000000, -0.000000, -0.000000, 0.976273, 0.216527, -0.000000, -0.216542, 0.976277),

              ["RightUpperArm"] = CFrame.new(-0.373982, -0.061838, 0.230199, 0.888348, -0.276099, 0.366889, 0.083220, 0.882603, 0.462695, -0.451567, -0.380501, 0.807036),

              ["RightUpperLeg"] = CFrame.new(-0.000000, -0.000000, -0.000000, 0.952595, 0.287577, 0.099315, -0.284259, 0.957624, -0.046382, -0.108445, 0.015965, 0.993975),

              ["UpperTorso"] = CFrame.new(-0.084529, 0.116686, -0.010118, 0.967734, 0.250617, -0.026124, -0.251105, 0.967803, -0.017402, 0.020921, 0.023401, 0.999507)

          }},

          {Time = 0.180, Data = {

              ["Head"] = CFrame.new(-0.000000, 0.000000, 0.000000, 1.000000, -0.000029, -0.000910, 0.000082, 0.998297, 0.058344, 0.000907, -0.058344, 0.998296),

              ["LeftFoot"] = CFrame.new(-0.000000, 0.021210, -0.000003, 0.945632, -0.276200, -0.171755, 0.199662, 0.909826, -0.363822, 0.256740, 0.309727, 0.915496),

              ["LeftHand"] = CFrame.new(0.000485, 0.023089, 0.000000, 0.997778, -0.057570, 0.033552, 0.065919, 0.779290, -0.623191, 0.009730, 0.624014, 0.781350),

              ["LeftLowerArm"] = CFrame.new(-0.000500, 0.112360, 0.062775, 1.000000, -0.000000, -0.000000, 0.000000, 0.352303, -0.935886, 0.000000, 0.935886, 0.352303),

              ["LeftLowerLeg"] = CFrame.new(0.000000, 0.092631, -0.031383, 1.000000, -0.000000, -0.000000, 0.000000, 0.677190, 0.735813, -0.000000, -0.735808, 0.677185),

              ["LeftUpperArm"] = CFrame.new(0.406252, -0.250584, -0.034942, 0.850553, -0.047565, -0.523734, -0.521517, -0.204452, -0.828384, -0.067676, 0.977720, -0.198703),

              ["LeftUpperLeg"] = CFrame.new(-0.000000, -0.000000, -0.000100, 0.830735, 0.547127, -0.102612, -0.535841, 0.735991, -0.413737, -0.150847, 0.398710, 0.904595),

              ["LowerTorso"] = CFrame.new(0.256508, -0.183895, 0.010304, 0.960140, -0.279303, 0.010966, 0.279518, 0.959401, -0.037668, 0.000000, 0.039231, 0.999230),

              ["RightFoot"] = CFrame.new(0.000000, 0.006181, -0.000103, 0.989815, -0.033875, -0.138279, 0.021264, 0.995561, -0.091690, 0.140763, 0.087814, 0.986140),

              ["RightHand"] = CFrame.new(-0.000501, -0.001812, 0.000000, 0.999966, 0.007445, -0.003412, -0.007971, 0.980388, -0.196915, 0.001879, 0.196934, 0.980415),

              ["RightLowerArm"] = CFrame.new(-0.000000, -0.001810, 0.000010, 1.000000, 0.000000, 0.000000, -0.000000, 1.000000, -0.000001, -0.000000, -0.000000, 1.000000),

              ["RightLowerLeg"] = CFrame.new(-0.000000, 0.026845, -0.002159, 1.000000, 0.000000, -0.000000, -0.000000, 0.977913, 0.208996, -0.000000, -0.209012, 0.977917),

              ["RightUpperArm"] = CFrame.new(-0.374201, -0.061646, 0.229802, 0.888787, -0.274328, 0.367154, 0.082836, 0.884042, 0.460009, -0.450773, -0.378436, 0.808449),

              ["RightUpperLeg"] = CFrame.new(-0.000000, 0.000000, -0.000000, 0.940892, 0.325475, 0.093749, -0.314383, 0.942199, -0.115855, -0.126039, 0.079546, 0.988832),

              ["UpperTorso"] = CFrame.new(-0.089869, 0.134942, -0.031315, 0.960141, 0.278038, -0.028726, -0.279303, 0.958353, -0.059575, 0.010966, 0.065224, 0.997810)

          }},

          {Time = 0.200, Data = {

              ["Head"] = CFrame.new(-0.000000, 0.000000, 0.000000, 0.999999, -0.000036, -0.001115, 0.000100, 0.998385, 0.056804, 0.001112, -0.056804, 0.998385),

              ["LeftFoot"] = CFrame.new(0.000000, 0.021981, -0.000003, 0.941350, -0.285507, -0.179868, 0.210977, 0.913978, -0.346621, 0.263342, 0.288323, 0.920599),

              ["LeftHand"] = CFrame.new(0.000485, 0.023200, 0.000000, 0.997805, -0.057219, 0.033348, 0.065602, 0.784879, -0.616170, 0.009082, 0.617002, 0.786906),

              ["LeftLowerArm"] = CFrame.new(-0.000500, 0.112790, 0.063736, 1.000000, -0.000000, -0.000000, 0.000000, 0.342316, -0.939585, 0.000000, 0.939585, 0.342316),

              ["LeftLowerLeg"] = CFrame.new(0.000000, 0.095010, -0.033306, 1.000000, -0.000000, -0.000000, 0.000000, 0.657236, 0.753690, -0.000000, -0.753685, 0.657230),

              ["LeftUpperArm"] = CFrame.new(0.405998, -0.250952, -0.035292, 0.850046, -0.046336, -0.524667, -0.522252, -0.203460, -0.828165, -0.068375, 0.977986, -0.197149),

              ["LeftUpperLeg"] = CFrame.new(-0.000000, 0.000000, -0.000100, 0.814111, 0.564835, -0.134834, -0.551156, 0.678428, -0.485743, -0.182891, 0.469784, 0.863640),

              ["LowerTorso"] = CFrame.new(0.272277, -0.195254, 0.054302, 0.954897, -0.296934, -0.001629, 0.296939, 0.954882, 0.005239, 0.000000, -0.005487, 0.999985),

              ["RightFoot"] = CFrame.new(0.000000, 0.006310, -0.000103, 0.989230, -0.037877, -0.141390, 0.028396, 0.997248, -0.068491, 0.143587, 0.063739, 0.987582),

              ["RightHand"] = CFrame.new(-0.000503, -0.004366, 0.000000, 0.999976, 0.006383, -0.002791, -0.006807, 0.980344, -0.197180, 0.001478, 0.197193, 0.980363),

              ["RightLowerArm"] = CFrame.new(-0.000000, -0.004361, 0.000024, 1.000000, 0.000000, 0.000000, -0.000000, 1.000000, -0.000001, -0.000000, -0.000000, 1.000000),

              ["RightLowerLeg"] = CFrame.new(0.000000, 0.027513, -0.002277, 1.000000, 0.000000, 0.000000, -0.000000, 0.976725, 0.214480, 0.000000, -0.214495, 0.976728),

              ["RightUpperArm"] = CFrame.new(-0.374434, -0.061435, 0.229382, 0.889252, -0.273391, 0.366726, 0.082413, 0.884372, 0.459451, -0.449932, -0.378344, 0.808960),

              ["RightUpperLeg"] = CFrame.new(-0.000000, -0.000000, -0.000000, 0.933365, 0.349182, 0.083081, -0.329129, 0.924969, -0.190004, -0.143194, 0.150011, 0.978262),

              ["UpperTorso"] = CFrame.new(-0.092090, 0.152165, -0.051273, 0.954897, 0.295395, -0.030239, -0.296934, 0.949359, -0.102700, -0.001629, 0.107047, 0.994253)

          }},

          {Time = 0.220, Data = {

              ["Head"] = CFrame.new(-0.000000, -0.000000, 0.000000, 0.999999, -0.000045, -0.001340, 0.000119, 0.998480, 0.055120, 0.001336, -0.055120, 0.998479),

              ["LeftFoot"] = CFrame.new(-0.000000, 0.022473, -0.000003, 0.940844, -0.286579, -0.180804, 0.217773, 0.920191, -0.325322, 0.259589, 0.266684, 0.928157),

              ["LeftHand"] = CFrame.new(0.000485, 0.023317, 0.000000, 0.997829, -0.056905, 0.033166, 0.065326, 0.790806, -0.608574, 0.008403, 0.609416, 0.792804),

              ["LeftLowerArm"] = CFrame.new(-0.000500, 0.113232, 0.064753, 1.000000, -0.000000, -0.000000, 0.000000, 0.331753, -0.943366, 0.000000, 0.943366, 0.331753),

              ["LeftLowerLeg"] = CFrame.new(-0.000000, 0.096496, -0.034552, 1.000000, -0.000000, -0.000000, 0.000000, 0.644283, 0.764793, -0.000000, -0.764788, 0.644276),

              ["LeftUpperArm"] = CFrame.new(0.405741, -0.251323, -0.035657, 0.849531, -0.045102, -0.525607, -0.522993, -0.202522, -0.827927, -0.069106, 0.978238, -0.195637),

              ["LeftUpperLeg"] = CFrame.new(-0.000000, -0.000000, -0.000100, 0.810192, 0.563866, -0.160125, -0.547820, 0.631202, -0.549056, -0.208525, 0.532579, 0.820303),

              ["LowerTorso"] = CFrame.new(0.277759, -0.205736, 0.098252, 0.953214, -0.301917, -0.015154, 0.302297, 0.952015, 0.047785, 0.000000, -0.050130, 0.998743),

              ["RightFoot"] = CFrame.new(-0.000000, 0.006834, -0.000103, 0.989341, -0.037133, -0.140811, 0.029896, 0.998138, -0.053173, 0.142515, 0.048397, 0.988608),

              ["RightHand"] = CFrame.new(-0.000504, -0.007065, -0.000000, 0.999984, 0.005267, -0.002139, -0.005585, 0.980297, -0.197452, 0.001057, 0.197459, 0.980310),

              ["RightLowerArm"] = CFrame.new(-0.000000, -0.007056, 0.000038, 1.000000, 0.000000, 0.000000, -0.000000, 1.000000, -0.000001, -0.000000, -0.000000, 1.000000),

              ["RightLowerLeg"] = CFrame.new(0.000000, 0.030233, -0.002789, 1.000000, 0.000000, -0.000000, -0.000000, 0.971538, 0.236869, 0.000000, -0.236884, 0.971542),

              ["RightUpperArm"] = CFrame.new(-0.374678, -0.061206, 0.228942, 0.889740, -0.272404, 0.366278, 0.081954, 0.884708, 0.458885, -0.449051, -0.378270, 0.809484),

              ["RightUpperLeg"] = CFrame.new(-0.000000, -0.000000, -0.000000, 0.931828, 0.356478, 0.067977, -0.326991, 0.906000, -0.268767, -0.157398, 0.228229, 0.960804),

              ["UpperTorso"] = CFrame.new(-0.091422, 0.167067, -0.069913, 0.953214, 0.300754, -0.030497, -0.301917, 0.942101, -0.145918, -0.015154, 0.148299, 0.988827)

          }},

          {Time = 0.240, Data = {

              ["Head"] = CFrame.new(-0.000000, 0.000000, -0.000000, 0.999999, -0.000054, -0.001583, 0.000139, 0.998579, 0.053297, 0.001578, -0.053297, 0.998578),

              ["LeftFoot"] = CFrame.new(-0.000000, 0.022738, -0.000003, 0.943776, -0.280281, -0.175312, 0.219576, 0.927878, -0.301394, 0.247128, 0.245937, 0.937245),

              ["LeftHand"] = CFrame.new(0.000485, 0.023439, 0.000000, 0.997849, -0.056642, 0.033013, 0.065107, 0.797026, -0.600428, 0.007697, 0.601283, 0.798997),

              ["LeftLowerArm"] = CFrame.new(-0.000500, 0.113680, 0.065816, 1.000000, -0.000000, -0.000000, 0.000000, 0.320705, -0.947179, 0.000000, 0.947179, 0.320705),

              ["LeftLowerLeg"] = CFrame.new(0.000000, 0.097281, -0.035225, 1.000000, -0.000000, -0.000000, 0.000000, 0.637281, 0.770637, -0.000000, -0.770631, 0.637275),

              ["LeftUpperArm"] = CFrame.new(0.405485, -0.251688, -0.036035, 0.849019, -0.043890, -0.526537, -0.523724, -0.201672, -0.827672, -0.069862, 0.978469, -0.194209),

              ["LeftUpperLeg"] = CFrame.new(0.000000, -0.000000, -0.000100, 0.818397, 0.546850, -0.176568, -0.528425, 0.595403, -0.605183, -0.225817, 0.588601, 0.776258),

              ["LowerTorso"] = CFrame.new(0.273448, -0.215561, 0.141227, 0.955122, -0.294909, -0.027756, 0.296212, 0.950920, 0.089499, 0.000000, -0.093704, 0.995600),

              ["RightFoot"] = CFrame.new(-0.000000, 0.007706, -0.000103, 0.990053, -0.032195, -0.136972, 0.026126, 0.998605, -0.045882, 0.138250, 0.041847, 0.989512),

              ["RightHand"] = CFrame.new(-0.000507, -0.009905, -0.000000, 0.999991, 0.004108, -0.001462, -0.004316, 0.980248, -0.197728, 0.000621, 0.197730, 0.980256),

              ["RightLowerArm"] = CFrame.new(-0.000000, -0.009892, 0.000054, 1.000000, 0.000000, 0.000000, -0.000000, 1.000000, -0.000001, -0.000000, -0.000000, 1.000000),

              ["RightLowerLeg"] = CFrame.new(0.000000, 0.034881, -0.003799, 1.000000, 0.000000, -0.000000, -0.000000, 0.961318, 0.275427, 0.000000, -0.275441, 0.961322),

              ["RightUpperArm"] = CFrame.new(-0.374930, -0.060958, 0.228487, 0.890244, -0.271376, 0.365816, 0.081460, 0.885046, 0.458322, -0.448141, -0.378219, 0.810012),

              ["RightUpperLeg"] = CFrame.new(-0.000000, -0.000000, -0.000000, 0.936084, 0.348131, 0.050514, -0.309756, 0.883779, -0.350682, -0.166727, 0.312634, 0.935131),

              ["UpperTorso"] = CFrame.new(-0.088426, 0.179657, -0.087295, 0.955122, 0.294730, -0.029601, -0.294909, 0.936796, -0.188263, -0.027756, 0.188544, 0.981672)

          }},

          {Time = 0.260, Data = {

              ["Head"] = CFrame.new(-0.000000, -0.000000, -0.000000, 0.999998, -0.000065, -0.001845, 0.000160, 0.998681, 0.051336, 0.001839, -0.051337, 0.998680),

              ["LeftFoot"] = CFrame.new(-0.000000, 0.022803, -0.000003, 0.949317, -0.267852, -0.164490, 0.216429, 0.936502, -0.275920, 0.227937, 0.226318, 0.947001),

              ["LeftHand"] = CFrame.new(0.000485, 0.023566, 0.000000, 0.997864, -0.056446, 0.032899, 0.064960, 0.803492, -0.591765, 0.006969, 0.592634, 0.805439),

              ["LeftLowerArm"] = CFrame.new(-0.000500, 0.114129, 0.066916, 1.000000, -0.000000, -0.000000, 0.000000, 0.309266, -0.950976, 0.000000, 0.950976, 0.309266),

              ["LeftLowerLeg"] = CFrame.new(-0.000000, 0.097475, -0.035392, 1.000000, -0.000000, 0.000000, 0.000000, 0.635547, 0.772067, -0.000000, -0.772062, 0.635541),

              ["LeftUpperArm"] = CFrame.new(0.405234, -0.252042, -0.036421, 0.848518, -0.042722, -0.527440, -0.524432, -0.200937, -0.827403, -0.070634, 0.978672, -0.192903),

              ["LeftUpperLeg"] = CFrame.new(-0.000000, -0.000000, -0.000100, 0.836426, 0.516471, -0.183423, -0.495768, 0.570267, -0.654976, -0.233677, 0.638791, 0.733050),

              ["LowerTorso"] = CFrame.new(0.260410, -0.224905, 0.182311, 0.960044, -0.277279, -0.037845, 0.279849, 0.951225, 0.129829, 0.000000, -0.135233, 0.990814),

              ["RightFoot"] = CFrame.new(-0.000000, 0.008786, -0.000103, 0.991194, -0.023630, -0.130301, 0.017945, 0.998842, -0.044637, 0.131197, 0.041904, 0.990469),

              ["RightHand"] = CFrame.new(-0.000508, -0.012853, -0.000000, 0.999996, 0.002918, -0.000767, -0.003012, 0.980197, -0.198003, 0.000174, 0.198003, 0.980201),

              ["RightLowerArm"] = CFrame.new(-0.000000, -0.012837, 0.000070, 1.000000, -0.000000, 0.000000, -0.000000, 1.000000, -0.000001, -0.000000, -0.000000, 1.000000),

              ["RightLowerLeg"] = CFrame.new(0.000000, 0.040779, -0.005331, 1.000000, 0.000000, -0.000000, -0.000000, 0.945794, 0.324757, 0.000000, -0.324769, 0.945798),

              ["RightUpperArm"] = CFrame.new(-0.375188, -0.060694, 0.228021, 0.890760, -0.270317, 0.365343, 0.080931, 0.885379, 0.457771, -0.447210, -0.378196, 0.810537),

              ["RightUpperLeg"] = CFrame.new(-0.000000, -0.000000, -0.000000, 0.944976, 0.325383, 0.033851, -0.279694, 0.857253, -0.432294, -0.169680, 0.399052, 0.901097),

              ["UpperTorso"] = CFrame.new(-0.083504, 0.190345, -0.103427, 0.960044, 0.278475, -0.027704, -0.277279, 0.933165, -0.228736, -0.037845, 0.227279, 0.973094)

          }},

          {Time = 0.280, Data = {

              ["Head"] = CFrame.new(-0.000000, -0.000000, 0.000000, 0.999998, -0.000077, -0.002124, 0.000182, 0.998787, 0.049243, 0.002118, -0.049243, 0.998785),

              ["LeftFoot"] = CFrame.new(-0.000000, 0.022681, -0.000002, 0.956531, -0.250469, -0.149389, 0.208610, 0.945592, -0.249692, 0.203789, 0.207657, 0.956732),

              ["LeftHand"] = CFrame.new(0.000484, 0.023695, 0.000000, 0.997872, -0.056331, 0.032831, 0.064902, 0.810157, -0.582613, 0.006220, 0.583501, 0.812087),

              ["LeftLowerArm"] = CFrame.new(-0.000500, 0.114573, 0.068046, 1.000000, -0.000000, 0.000000, 0.000000, 0.297527, -0.954714, 0.000000, 0.954714, 0.297526),

              ["LeftLowerLeg"] = CFrame.new(-0.000000, 0.097115, -0.035081, 1.000000, -0.000000, -0.000000, 0.000000, 0.638783, 0.769392, -0.000000, -0.769387, 0.638777),

              ["LeftUpperArm"] = CFrame.new(0.404994, -0.252378, -0.036812, 0.848038, -0.041622, -0.528299, -0.525101, -0.200346, -0.827121, -0.071416, 0.978841, -0.191757),

              ["LeftUpperLeg"] = CFrame.new(-0.000000, -0.000000, -0.000100, 0.861392, 0.474747, -0.180595, -0.452131, 0.554607, -0.698550, -0.231477, 0.683393, 0.692397),

              ["LowerTorso"] = CFrame.new(0.239728, -0.233883, 0.220598, 0.967126, -0.250427, -0.044190, 0.254296, 0.952412, 0.168062, 0.000000, -0.173775, 0.984785),

              ["RightFoot"] = CFrame.new(-0.000000, 0.009995, -0.000103, 0.992572, -0.011829, -0.121089, 0.006000, 0.998810, -0.048400, 0.121510, 0.047310, 0.991461),

              ["RightHand"] = CFrame.new(-0.000510, -0.015899, -0.000000, 0.999999, 0.001706, -0.000059, -0.001684, 0.980145, -0.198275, -0.000281, 0.198273, 0.980146),

              ["RightLowerArm"] = CFrame.new(-0.000000, -0.015878, 0.000086, 1.000000, -0.000000, 0.000000, -0.000000, 1.000000, -0.000001, -0.000000, -0.000000, 1.000000),

              ["RightLowerLeg"] = CFrame.new(0.000000, 0.047491, -0.007435, 1.000000, 0.000000, -0.000000, -0.000000, 0.924453, 0.381285, 0.000000, -0.381295, 0.924458),

              ["RightUpperArm"] = CFrame.new(-0.375450, -0.060413, 0.227549, 0.891284, -0.269235, 0.364864, 0.080369, 0.885704, 0.457242, -0.446266, -0.378208, 0.811052),

              ["RightUpperLeg"] = CFrame.new(-0.000000, -0.000000, -0.000000, 0.956934, 0.289566, 0.020708, -0.238792, 0.825682, -0.511091, -0.165094, 0.484149, 0.859277),

              ["UpperTorso"] = CFrame.new(-0.076861, 0.199575, -0.118205, 0.967126, 0.253070, -0.024944, -0.250427, 0.930773, -0.266360, -0.044190, 0.263851, 0.963551)

          }},

          {Time = 0.300, Data = {

              ["Head"] = CFrame.new(-0.000000, 0.000000, -0.000000, 0.999997, -0.000091, -0.002421, 0.000204, 0.998894, 0.047020, 0.002414, -0.047020, 0.998891),

              ["LeftFoot"] = CFrame.new(0.000000, 0.022378, -0.000003, 0.964508, -0.229263, -0.131021, 0.196586, 0.954701, -0.223399, 0.176293, 0.189698, 0.965881),

              ["LeftHand"] = CFrame.new(0.000484, 0.023827, 0.000000, 0.997874, -0.056311, 0.032820, 0.064949, 0.816978, -0.573003, 0.005452, 0.573913, 0.818896),

              ["LeftLowerArm"] = CFrame.new(-0.000500, 0.115008, 0.069195, 1.000000, -0.000000, -0.000000, 0.000000, 0.285577, -0.958356, 0.000000, 0.958356, 0.285577),

              ["LeftLowerLeg"] = CFrame.new(-0.000000, 0.096213, -0.034312, 1.000000, -0.000000, -0.000000, 0.000000, 0.646779, 0.762683, -0.000000, -0.762678, 0.646773),

              ["LeftUpperArm"] = CFrame.new(0.404770, -0.252686, -0.037204, 0.847588, -0.040613, -0.529098, -0.525720, -0.199924, -0.826830, -0.072199, 0.978969, -0.190805),

