return {
["shocked"] = {

          {Time = 0.000, Data = {

              ["Head"] = CFrame.new(0.000000, 0.000000, 0.000000, 1.000000, 0.000000, 0.000000, 0.000000, 1.000000, -0.000000, 0.000000, 0.000000, 1.000000),

              ["LeftFoot"] = CFrame.new(-0.000000, -0.016937, -0.000003, 0.990120, -0.107265, -0.090320, 0.107695, 0.994184, -0.000121, 0.089803, -0.009596, 0.995913),

              ["LeftHand"] = CFrame.new(0.000500, 0.000100, -0.000000, 0.999477, 0.017853, 0.026967, -0.004131, 0.897470, -0.441059, -0.032076, 0.440714, 0.897073),

              ["LeftLowerArm"] = CFrame.new(0.005641, -0.013932, 0.035072, 1.000000, -0.000000, -0.000000, 0.000000, 0.547885, -0.836554, 0.000000, 0.836554, 0.547885),

              ["LeftLowerLeg"] = CFrame.new(0.000000, -0.016478, -0.000117, 1.000000, -0.000000, 0.000000, 0.000000, 1.000000, -0.000008, -0.000000, -0.000011, 1.000000),

              ["LeftUpperArm"] = CFrame.new(-0.341660, 0.361553, -0.452931, -0.007173, 0.017687, -0.999818, 0.063344, -0.997827, -0.018106, -0.997966, -0.063463, 0.006037),

              ["LeftUpperLeg"] = CFrame.new(0.000000, -0.000000, -0.000100, 0.990120, 0.107695, 0.089806, -0.107266, 0.994184, -0.009600, -0.090317, -0.000121, 0.995913),

              ["LowerTorso"] = CFrame.new(0.000000, 0.023422, 0.000000, 1.000000, 0.000000, -0.000000, 0.000000, 1.000000, 0.000000, 0.000000, 0.000000, 1.000000),

              ["RightFoot"] = CFrame.new(0.000000, -0.017431, -0.000103, 0.988801, 0.114164, 0.096129, -0.114684, 0.993402, -0.000126, -0.095505, -0.010889, 0.995369),

              ["RightHand"] = CFrame.new(-0.000500, 0.000000, -0.000000, 0.998838, -0.010675, -0.047005, -0.010866, 0.900198, -0.435349, 0.046961, 0.435351, 0.899034),

              ["RightLowerArm"] = CFrame.new(-0.006281, 0.001804, 0.043458, 1.000000, 0.000000, 0.000000, -0.000000, 0.490183, -0.871620, -0.000000, 0.871620, 0.490183),

              ["RightLowerLeg"] = CFrame.new(-0.000000, -0.017370, -0.000226, 1.000000, 0.000000, -0.000000, 0.000000, 1.000000, -0.000008, 0.000000, -0.000011, 1.000000),

              ["RightUpperArm"] = CFrame.new(0.312722, 0.364247, -0.490199, 0.008673, -0.065065, 0.997843, -0.072892, -0.995267, -0.064264, 0.997302, -0.072178, -0.013375),

              ["RightUpperLeg"] = CFrame.new(0.000000, 0.000000, -0.000000, 0.988800, -0.114683, -0.095507, 0.114165, 0.993402, -0.010892, 0.096126, -0.000126, 0.995369),

              ["UpperTorso"] = CFrame.new(0.000000, 0.000000, 0.000000, 1.000000, 0.000000, 0.000000, 0.000000, 1.000000, 0.000000, -0.000000, 0.000000, 1.000000)

          }},

          {Time = 0.017, Data = {

              ["Head"] = CFrame.new(0.000000, 0.000000, 0.000000, 1.000000, 0.000000, 0.000000, 0.000000, 1.000000, -0.000000, 0.000000, 0.000000, 1.000000),

              ["LeftFoot"] = CFrame.new(-0.000000, -0.016937, -0.000003, 0.990120, -0.107265, -0.090320, 0.107695, 0.994184, -0.000121, 0.089803, -0.009596, 0.995913),

              ["LeftHand"] = CFrame.new(0.000500, 0.000100, -0.000000, 0.999477, 0.017853, 0.026967, -0.004131, 0.897470, -0.441059, -0.032076, 0.440714, 0.897073),

              ["LeftLowerArm"] = CFrame.new(0.005641, -0.013932, 0.035072, 1.000000, -0.000000, -0.000000, 0.000000, 0.547885, -0.836554, 0.000000, 0.836554, 0.547885),

              ["LeftLowerLeg"] = CFrame.new(0.000000, -0.016478, -0.000117, 1.000000, -0.000000, 0.000000, 0.000000, 1.000000, -0.000008, -0.000000, -0.000011, 1.000000),

              ["LeftUpperArm"] = CFrame.new(-0.341660, 0.361553, -0.452931, -0.007173, 0.017687, -0.999818, 0.063344, -0.997827, -0.018106, -0.997966, -0.063463, 0.006037),

              ["LeftUpperLeg"] = CFrame.new(0.000000, -0.000000, -0.000100, 0.990120, 0.107695, 0.089806, -0.107266, 0.994184, -0.009600, -0.090317, -0.000121, 0.995913),

              ["LowerTorso"] = CFrame.new(0.000000, 0.023422, 0.000000, 1.000000, 0.000000, -0.000000, 0.000000, 1.000000, 0.000000, 0.000000, 0.000000, 1.000000),

              ["RightFoot"] = CFrame.new(0.000000, -0.017431, -0.000103, 0.988801, 0.114164, 0.096129, -0.114684, 0.993402, -0.000126, -0.095505, -0.010889, 0.995369),

              ["RightHand"] = CFrame.new(-0.000500, 0.000000, -0.000000, 0.998838, -0.010675, -0.047005, -0.010866, 0.900198, -0.435349, 0.046961, 0.435351, 0.899034),

              ["RightLowerArm"] = CFrame.new(-0.006281, 0.001804, 0.043458, 1.000000, 0.000000, 0.000000, -0.000000, 0.490183, -0.871620, -0.000000, 0.871620, 0.490183),

              ["RightLowerLeg"] = CFrame.new(-0.000000, -0.017370, -0.000226, 1.000000, 0.000000, -0.000000, 0.000000, 1.000000, -0.000008, 0.000000, -0.000011, 1.000000),

              ["RightUpperArm"] = CFrame.new(0.312722, 0.364247, -0.490199, 0.008673, -0.065065, 0.997843, -0.072892, -0.995267, -0.064264, 0.997302, -0.072178, -0.013375),

              ["RightUpperLeg"] = CFrame.new(0.000000, 0.000000, -0.000000, 0.988800, -0.114683, -0.095507, 0.114165, 0.993402, -0.010892, 0.096126, -0.000126, 0.995369),

              ["UpperTorso"] = CFrame.new(0.000000, 0.000000, 0.000000, 1.000000, 0.000000, 0.000000, 0.000000, 1.000000, 0.000000, -0.000000, 0.000000, 1.000000)

          }},

          {Time = 0.033, Data = {

              ["Head"] = CFrame.new(0.000000, 0.000000, 0.000000, 1.000000, 0.000000, 0.000000, 0.000000, 1.000000, -0.000000, 0.000000, 0.000000, 1.000000),

              ["LeftFoot"] = CFrame.new(-0.000000, -0.016937, -0.000003, 0.990120, -0.107265, -0.090320, 0.107695, 0.994184, -0.000121, 0.089803, -0.009596, 0.995913),

              ["LeftHand"] = CFrame.new(0.000500, 0.000100, -0.000000, 0.999477, 0.017853, 0.026967, -0.004131, 0.897470, -0.441059, -0.032076, 0.440714, 0.897073),

              ["LeftLowerArm"] = CFrame.new(0.005641, -0.013932, 0.035072, 1.000000, -0.000000, -0.000000, 0.000000, 0.547885, -0.836554, 0.000000, 0.836554, 0.547885),

              ["LeftLowerLeg"] = CFrame.new(0.000000, -0.016478, -0.000117, 1.000000, -0.000000, 0.000000, 0.000000, 1.000000, -0.000008, -0.000000, -0.000011, 1.000000),

              ["LeftUpperArm"] = CFrame.new(-0.341660, 0.361553, -0.452931, -0.007173, 0.017687, -0.999818, 0.063344, -0.997827, -0.018106, -0.997966, -0.063463, 0.006037),

              ["LeftUpperLeg"] = CFrame.new(0.000000, -0.000000, -0.000100, 0.990120, 0.107695, 0.089806, -0.107266, 0.994184, -0.009600, -0.090317, -0.000121, 0.995913),

              ["LowerTorso"] = CFrame.new(0.000000, 0.023422, 0.000000, 1.000000, 0.000000, -0.000000, 0.000000, 1.000000, 0.000000, 0.000000, 0.000000, 1.000000),

              ["RightFoot"] = CFrame.new(0.000000, -0.017431, -0.000103, 0.988801, 0.114164, 0.096129, -0.114684, 0.993402, -0.000126, -0.095505, -0.010889, 0.995369),

              ["RightHand"] = CFrame.new(-0.000500, 0.000000, -0.000000, 0.998838, -0.010675, -0.047005, -0.010866, 0.900198, -0.435349, 0.046961, 0.435351, 0.899034),

              ["RightLowerArm"] = CFrame.new(-0.006281, 0.001804, 0.043458, 1.000000, 0.000000, 0.000000, -0.000000, 0.490183, -0.871620, -0.000000, 0.871620, 0.490183),

              ["RightLowerLeg"] = CFrame.new(-0.000000, -0.017370, -0.000226, 1.000000, 0.000000, -0.000000, 0.000000, 1.000000, -0.000008, 0.000000, -0.000011, 1.000000),

              ["RightUpperArm"] = CFrame.new(0.312722, 0.364247, -0.490199, 0.008673, -0.065065, 0.997843, -0.072892, -0.995267, -0.064264, 0.997302, -0.072178, -0.013375),

              ["RightUpperLeg"] = CFrame.new(0.000000, 0.000000, -0.000000, 0.988800, -0.114683, -0.095507, 0.114165, 0.993402, -0.010892, 0.096126, -0.000126, 0.995369),

              ["UpperTorso"] = CFrame.new(0.000000, 0.000000, 0.000000, 1.000000, 0.000000, 0.000000, 0.000000, 1.000000, 0.000000, -0.000000, 0.000000, 1.000000)

          }},

      }
}
