return {
["devious hand rub 2"] = {

          {Time = 0.000, Data = {

              ["Head"] = CFrame.new(0.003410, 0.052984, -0.211492, 0.999899, -0.006903, -0.012427, 0.006014, 0.997515, -0.070199, 0.012881, 0.070117, 0.997456),

              ["LeftFoot"] = CFrame.new(0.000000, 0.009801, -0.000003, 0.996050, -0.067922, -0.057192, 0.057560, 0.984348, -0.166582, 0.067607, 0.162620, 0.984368),

              ["LeftHand"] = CFrame.new(0.000483, 0.025825, 0.000000, 0.742875, -0.578319, 0.337177, 0.152325, 0.636493, 0.756093, -0.651870, -0.510318, 0.560924),

              ["LeftLowerArm"] = CFrame.new(-0.000499, 0.119875, 0.102653, 1.000000, -0.000000, 0.000000, -0.000000, -0.061769, -0.998090, 0.000000, 0.998091, -0.061770),

              ["LeftLowerLeg"] = CFrame.new(-0.000000, 0.047724, -0.007346, 1.000000, -0.000000, 0.000000, 0.000000, 0.924338, 0.381564, -0.000000, -0.381574, 0.924343),

              ["LeftUpperArm"] = CFrame.new(0.091373, -0.774953, 0.195590, 0.572385, -0.471534, -0.670844, -0.472430, 0.479047, -0.739813, 0.670213, 0.740385, 0.051432),

              ["LeftUpperLeg"] = CFrame.new(0.000000, -0.000000, -0.000100, 0.997534, 0.065038, 0.026403, -0.051660, 0.934895, -0.351131, -0.047521, 0.348916, 0.935954),

              ["LowerTorso"] = CFrame.new(-0.009698, -0.100823, 0.017710, 0.999802, 0.008172, 0.018166, -0.010491, 0.991261, 0.131495, -0.016933, -0.131659, 0.991150),

              ["RightFoot"] = CFrame.new(0.000000, 0.010669, -0.000103, 0.995809, 0.069960, 0.058908, -0.057444, 0.979640, -0.192382, -0.071163, 0.188179, 0.979550),

              ["RightHand"] = CFrame.new(-0.000484, 0.025050, -0.000000, 0.801104, 0.517017, -0.301543, -0.418510, 0.844042, 0.335327, 0.427881, -0.142430, 0.892540),

              ["RightLowerArm"] = CFrame.new(-0.000001, 0.119475, 0.087972, 1.000000, 0.000000, 0.000000, -0.000000, 0.090620, -0.995886, -0.000000, 0.995886, 0.090619),

              ["RightLowerLeg"] = CFrame.new(-0.000000, 0.051263, -0.008795, 1.000000, 0.000000, 0.000000, -0.000000, 0.910641, 0.413190, 0.000000, -0.413199, 0.910645),

              ["RightUpperArm"] = CFrame.new(-0.173016, -0.755501, 0.315884, 0.522767, 0.201847, 0.828234, 0.476196, 0.736705, -0.480107, -0.707073, 0.645386, 0.289007),

              ["RightUpperLeg"] = CFrame.new(-0.000000, -0.000000, -0.000000, 0.993880, -0.095762, -0.055065, 0.069731, 0.930488, -0.359609, 0.085674, 0.353583, 0.931477),

              ["UpperTorso"] = CFrame.new(0.000000, -0.000000, 0.000000, 1.000000, -0.000000, 0.000000, 0.000000, 1.000000, 0.000000, -0.000000, 0.000000, 1.000000)

          }},

          {Time = 0.017, Data = {

              ["Head"] = CFrame.new(0.003410, 0.052983, -0.211492, 0.999899, -0.006903, -0.012427, 0.006014, 0.997515, -0.070199, 0.012881, 0.070117, 0.997456),

              ["LeftFoot"] = CFrame.new(0.000000, 0.009801, -0.000003, 0.996050, -0.067922, -0.057192, 0.057560, 0.984348, -0.166582, 0.067607, 0.162620, 0.984368),

              ["LeftHand"] = CFrame.new(0.000483, 0.025827, 0.000000, 0.743261, -0.577948, 0.336961, 0.152908, 0.637102, 0.755462, -0.651293, -0.509977, 0.561903),

              ["LeftLowerArm"] = CFrame.new(-0.000499, 0.119873, 0.102681, 1.000000, -0.000000, 0.000000, -0.000000, -0.062053, -0.998073, 0.000000, 0.998073, -0.062053),

              ["LeftLowerLeg"] = CFrame.new(-0.000000, 0.047724, -0.007346, 1.000000, -0.000000, 0.000000, 0.000000, 0.924338, 0.381564, -0.000000, -0.381574, 0.924343),

              ["LeftUpperArm"] = CFrame.new(0.091187, -0.774882, 0.195799, 0.572013, -0.470958, -0.671565, -0.472288, 0.480291, -0.739097, 0.670630, 0.739946, 0.052305),

              ["LeftUpperLeg"] = CFrame.new(0.000000, -0.000000, -0.000100, 0.997534, 0.065038, 0.026403, -0.051660, 0.934895, -0.351131, -0.047521, 0.348916, 0.935954),

              ["LowerTorso"] = CFrame.new(-0.009698, -0.100823, 0.017710, 0.999802, 0.008172, 0.018166, -0.010491, 0.991261, 0.131495, -0.016933, -0.131659, 0.991150),

              ["RightFoot"] = CFrame.new(0.000000, 0.010669, -0.000103, 0.995809, 0.069960, 0.058908, -0.057444, 0.979640, -0.192382, -0.071163, 0.188179, 0.979550),

              ["RightHand"] = CFrame.new(-0.000483, 0.025054, -0.000000, 0.800697, 0.517487, -0.301817, -0.418033, 0.843510, 0.337255, 0.429107, -0.143868, 0.891721),

              ["RightLowerArm"] = CFrame.new(-0.000001, 0.119484, 0.088053, 1.000000, 0.000000, 0.000000, 0.000000, 0.089779, -0.995962, -0.000000, 0.995962, 0.089778),

              ["RightLowerLeg"] = CFrame.new(-0.000000, 0.051263, -0.008795, 1.000000, 0.000000, 0.000000, -0.000000, 0.910641, 0.413190, 0.000000, -0.413199, 0.910645),

              ["RightUpperArm"] = CFrame.new(-0.173247, -0.755591, 0.315652, 0.523230, 0.202531, 0.827775, 0.476376, 0.735898, -0.481165, -0.706609, 0.646093, 0.288563),

              ["RightUpperLeg"] = CFrame.new(-0.000000, -0.000000, -0.000000, 0.993880, -0.095762, -0.055065, 0.069731, 0.930488, -0.359609, 0.085674, 0.353583, 0.931477),

              ["UpperTorso"] = CFrame.new(0.000000, -0.000000, 0.000000, 1.000000, -0.000000, 0.000000, 0.000000, 1.000000, 0.000000, -0.000000, 0.000000, 1.000000)

          }},

          {Time = 0.033, Data = {

              ["Head"] = CFrame.new(0.003410, 0.052979, -0.211493, 0.999899, -0.006903, -0.012427, 0.006014, 0.997515, -0.070199, 0.012881, 0.070117, 0.997456),

              ["LeftFoot"] = CFrame.new(0.000000, 0.009801, -0.000003, 0.996050, -0.067922, -0.057192, 0.057560, 0.984348, -0.166582, 0.067607, 0.162620, 0.984368),

              ["LeftHand"] = CFrame.new(0.000483, 0.025830, -0.000000, 0.744376, -0.576876, 0.336336, 0.154598, 0.638870, 0.753622, -0.649619, -0.508978, 0.564740),

              ["LeftLowerArm"] = CFrame.new(-0.000499, 0.119869, 0.102759, 1.000000, -0.000000, 0.000000, -0.000000, -0.062862, -0.998022, 0.000000, 0.998022, -0.062863),

              ["LeftLowerLeg"] = CFrame.new(-0.000000, 0.047724, -0.007346, 1.000000, -0.000000, 0.000000, 0.000000, 0.924338, 0.381564, -0.000000, -0.381574, 0.924343),

              ["LeftUpperArm"] = CFrame.new(0.090649, -0.774676, 0.196402, 0.570937, -0.469283, -0.673651, -0.471876, 0.483884, -0.737014, 0.671836, 0.738668, 0.054824),

              ["LeftUpperLeg"] = CFrame.new(0.000000, -0.000000, -0.000100, 0.997534, 0.065038, 0.026403, -0.051660, 0.934895, -0.351131, -0.047521, 0.348916, 0.935954),

              ["LowerTorso"] = CFrame.new(-0.009698, -0.100823, 0.017710, 0.999802, 0.008172, 0.018166, -0.010491, 0.991261, 0.131495, -0.016933, -0.131659, 0.991150),

              ["RightFoot"] = CFrame.new(0.000000, 0.010669, -0.000103, 0.995809, 0.069960, 0.058908, -0.057444, 0.979640, -0.192382, -0.071163, 0.188179, 0.979550),

              ["RightHand"] = CFrame.new(-0.000484, 0.025064, 0.000000, 0.799513, 0.518851, -0.302612, -0.416636, 0.841953, 0.342828, 0.432658, -0.148015, 0.889323),

              ["RightLowerArm"] = CFrame.new(-0.000001, 0.119509, 0.088285, 1.000000, 0.000000, -0.000000, -0.000000, 0.087371, -0.996176, -0.000000, 0.996176, 0.087371),

              ["RightLowerLeg"] = CFrame.new(-0.000000, 0.051263, -0.008795, 1.000000, 0.000000, 0.000000, -0.000000, 0.910641, 0.413190, 0.000000, -0.413199, 0.910645),

              ["RightUpperArm"] = CFrame.new(-0.173918, -0.755853, 0.314977, 0.524572, 0.204525, 0.826435, 0.476900, 0.733537, -0.484242, -0.705260, 0.648146, 0.287255),

              ["RightUpperLeg"] = CFrame.new(-0.000000, -0.000000, -0.000000, 0.993880, -0.095762, -0.055065, 0.069731, 0.930488, -0.359609, 0.085674, 0.353583, 0.931477),

              ["UpperTorso"] = CFrame.new(0.000000, -0.000000, 0.000000, 1.000000, -0.000000, 0.000000, 0.000000, 1.000000, 0.000000, -0.000000, 0.000000, 1.000000)

          }},

          {Time = 0.050, Data = {

              ["Head"] = CFrame.new(0.003410, 0.052972, -0.211493, 0.999899, -0.006903, -0.012427, 0.006014, 0.997515, -0.070199, 0.012881, 0.070117, 0.997456),

              ["LeftFoot"] = CFrame.new(0.000000, 0.009801, -0.000003, 0.996050, -0.067922, -0.057192, 0.057560, 0.984348, -0.166582, 0.067607, 0.162620, 0.984368),

              ["LeftHand"] = CFrame.new(0.000483, 0.025835, -0.000000, 0.746150, -0.575164, 0.335337, 0.157306, 0.641715, 0.750640, -0.646928, -0.507335, 0.569288),

              ["LeftLowerArm"] = CFrame.new(-0.000499, 0.119864, 0.102879, 1.000000, -0.000000, 0.000000, -0.000000, -0.064118, -0.997942, 0.000000, 0.997942, -0.064119),

              ["LeftLowerLeg"] = CFrame.new(-0.000000, 0.047724, -0.007346, 1.000000, -0.000000, 0.000000, 0.000000, 0.924338, 0.381564, -0.000000, -0.381574, 0.924343),

              ["LeftUpperArm"] = CFrame.new(0.089789, -0.774346, 0.197361, 0.569218, -0.466579, -0.676976, -0.471216, 0.489605, -0.733650, 0.673756, 0.736608, 0.058832),

              ["LeftUpperLeg"] = CFrame.new(0.000000, -0.000000, -0.000100, 0.997534, 0.065038, 0.026403, -0.051660, 0.934895, -0.351131, -0.047521, 0.348916, 0.935954),

              ["LowerTorso"] = CFrame.new(-0.009698, -0.100823, 0.017710, 0.999802, 0.008172, 0.018166, -0.010491, 0.991261, 0.131495, -0.016933, -0.131659, 0.991150),

              ["RightFoot"] = CFrame.new(0.000000, 0.010669, -0.000103, 0.995809, 0.069960, 0.058908, -0.057444, 0.979640, -0.192382, -0.071163, 0.188179, 0.979550),

              ["RightHand"] = CFrame.new(-0.000483, 0.025081, 0.000000, 0.797603, 0.521041, -0.303889, -0.414354, 0.839413, 0.351709, 0.438339, -0.154604, 0.885411),

              ["RightLowerArm"] = CFrame.new(-0.000001, 0.119548, 0.088648, 1.000000, 0.000000, -0.000000, -0.000000, 0.083607, -0.996499, -0.000000, 0.996499, 0.083606),

              ["RightLowerLeg"] = CFrame.new(-0.000000, 0.051263, -0.008795, 1.000000, 0.000000, 0.000000, -0.000000, 0.910641, 0.413190, 0.000000, -0.413199, 0.910645),

              ["RightUpperArm"] = CFrame.new(-0.174995, -0.756272, 0.313889, 0.526726, 0.207756, 0.824255, 0.477738, 0.729685, -0.489209, -0.703083, 0.651457, 0.285092),

              ["RightUpperLeg"] = CFrame.new(-0.000000, -0.000000, -0.000000, 0.993880, -0.095762, -0.055065, 0.069731, 0.930488, -0.359609, 0.085674, 0.353583, 0.931477),

              ["UpperTorso"] = CFrame.new(0.000000, -0.000000, 0.000000, 1.000000, -0.000000, 0.000000, 0.000000, 1.000000, 0.000000, -0.000000, 0.000000, 1.000000)

          }},

          {Time = 0.067, Data = {

              ["Head"] = CFrame.new(0.003410, 0.052962, -0.211495, 0.999899, -0.006903, -0.012427, 0.006014, 0.997515, -0.070199, 0.012881, 0.070117, 0.997456),

              ["LeftFoot"] = CFrame.new(0.000000, 0.009801, -0.000003, 0.996050, -0.067922, -0.057192, 0.057560, 0.984348, -0.166582, 0.067607, 0.162620, 0.984368),

              ["LeftHand"] = CFrame.new(0.000483, 0.025842, 0.000000, 0.748509, -0.572872, 0.334001, 0.160943, 0.645556, 0.746564, -0.643298, -0.505051, 0.575400),

              ["LeftLowerArm"] = CFrame.new(-0.000499, 0.119857, 0.103034, 1.000000, -0.000000, 0.000000, 0.000000, -0.065724, -0.997838, 0.000000, 0.997838, -0.065725),

              ["LeftLowerLeg"] = CFrame.new(-0.000000, 0.047724, -0.007346, 1.000000, -0.000000, 0.000000, 0.000000, 0.924338, 0.381564, -0.000000, -0.381574, 0.924343),

              ["LeftUpperArm"] = CFrame.new(0.088638, -0.773903, 0.198639, 0.566916, -0.462909, -0.681411, -0.470330, 0.497220, -0.729083, 0.676310, 0.733817, 0.064162),

              ["LeftUpperLeg"] = CFrame.new(0.000000, -0.000000, -0.000100, 0.997534, 0.065038, 0.026403, -0.051660, 0.934895, -0.351131, -0.047521, 0.348916, 0.935954),

              ["LowerTorso"] = CFrame.new(-0.009698, -0.100823, 0.017710, 0.999802, 0.008172, 0.018166, -0.010491, 0.991261, 0.131495, -0.016933, -0.131659, 0.991150),

              ["RightFoot"] = CFrame.new(0.000000, 0.010669, -0.000103, 0.995809, 0.069960, 0.058908, -0.057444, 0.979640, -0.192382, -0.071163, 0.188179, 0.979550),

              ["RightHand"] = CFrame.new(-0.000483, 0.025103, 0.000000, 0.795008, 0.523992, -0.305609, -0.411206, 0.835913, 0.363540, 0.445951, -0.163347, 0.880024),

              ["RightLowerArm"] = CFrame.new(-0.000001, 0.119596, 0.089118, 1.000000, 0.000000, -0.000000, -0.000000, 0.078731, -0.996896, -0.000000, 0.996896, 0.078730),

              ["RightLowerLeg"] = CFrame.new(-0.000000, 0.051263, -0.008795, 1.000000, 0.000000, 0.000000, -0.000000, 0.910641, 0.413190, 0.000000, -0.413199, 0.910645),

              ["RightUpperArm"] = CFrame.new(-0.176447, -0.756835, 0.312412, 0.529630, 0.212163, 0.821267, 0.478863, 0.724379, -0.495948, -0.700131, 0.655943, 0.282056),

              ["RightUpperLeg"] = CFrame.new(-0.000000, -0.000000, -0.000000, 0.993880, -0.095762, -0.055065, 0.069731, 0.930488, -0.359609, 0.085674, 0.353583, 0.931477),

              ["UpperTorso"] = CFrame.new(0.000000, -0.000000, 0.000000, 1.000000, -0.000000, 0.000000, 0.000000, 1.000000, 0.000000, -0.000000, 0.000000, 1.000000)

          }},

          {Time = 0.083, Data = {

              ["Head"] = CFrame.new(0.003410, 0.052950, -0.211496, 0.999899, -0.006903, -0.012427, 0.006014, 0.997515, -0.070199, 0.012881, 0.070117, 0.997456),

              ["LeftFoot"] = CFrame.new(0.000000, 0.009801, -0.000003, 0.996050, -0.067922, -0.057192, 0.057560, 0.984348, -0.166582, 0.067607, 0.162620, 0.984368),

              ["LeftHand"] = CFrame.new(0.000483, 0.025851, 0.000000, 0.751376, -0.570063, 0.332363, 0.165422, 0.650315, 0.741437, -0.638803, -0.502115, 0.582929),

              ["LeftLowerArm"] = CFrame.new(-0.000499, 0.119849, 0.103212, 1.000000, -0.000000, 0.000000, -0.000000, -0.067575, -0.997714, 0.000000, 0.997714, -0.067576),

              ["LeftLowerLeg"] = CFrame.new(-0.000000, 0.047724, -0.007346, 1.000000, -0.000000, 0.000000, 0.000000, 0.924338, 0.381564, -0.000000, -0.381574, 0.924343),

              ["LeftUpperArm"] = CFrame.new(0.087228, -0.773358, 0.200192, 0.564097, -0.458335, -0.686822, -0.469240, 0.506485, -0.723385, 0.679418, 0.730344, 0.070637),

              ["LeftUpperLeg"] = CFrame.new(0.000000, -0.000000, -0.000100, 0.997534, 0.065038, 0.026403, -0.051660, 0.934895, -0.351131, -0.047521, 0.348916, 0.935954),

              ["LowerTorso"] = CFrame.new(-0.009698, -0.100823, 0.017710, 0.999802, 0.008172, 0.018166, -0.010491, 0.991261, 0.131495, -0.016933, -0.131659, 0.991150),

              ["RightFoot"] = CFrame.new(0.000000, 0.010669, -0.000103, 0.995809, 0.069960, 0.058908, -0.057444, 0.979640, -0.192382, -0.071163, 0.188179, 0.979550),

              ["RightHand"] = CFrame.new(-0.000483, 0.025129, -0.000000, 0.791767, 0.527642, -0.307736, -0.407203, 0.831469, 0.377951, 0.455292, -0.173935, 0.873185),

              ["RightLowerArm"] = CFrame.new(-0.000001, 0.119649, 0.089669, 1.000000, 0.000000, -0.000000, -0.000000, 0.073013, -0.997331, -0.000000, 0.997331, 0.073013),

              ["RightLowerLeg"] = CFrame.new(-0.000000, 0.051263, -0.008795, 1.000000, 0.000000, 0.000000, -0.000000, 0.910641, 0.413190, 0.000000, -0.413199, 0.910645),

              ["RightUpperArm"] = CFrame.new(-0.178242, -0.757526, 0.310571, 0.533220, 0.217690, 0.817489, 0.480246, 0.717633, -0.504347, -0.696449, 0.661524, 0.278112),

              ["RightUpperLeg"] = CFrame.new(-0.000000, -0.000000, -0.000000, 0.993880, -0.095762, -0.055065, 0.069731, 0.930488, -0.359609, 0.085674, 0.353583, 0.931477),

              ["UpperTorso"] = CFrame.new(0.000000, -0.000000, 0.000000, 1.000000, -0.000000, 0.000000, 0.000000, 1.000000, 0.000000, -0.000000, 0.000000, 1.000000)

          }},

          {Time = 0.100, Data = {

              ["Head"] = CFrame.new(0.003410, 0.052935, -0.211498, 0.999899, -0.006903, -0.012427, 0.006014, 0.997515, -0.070199, 0.012881, 0.070117, 0.997456),

              ["LeftFoot"] = CFrame.new(0.000000, 0.009801, -0.000003, 0.996050, -0.067922, -0.057192, 0.057560, 0.984348, -0.166582, 0.067607, 0.162620, 0.984368),

              ["LeftHand"] = CFrame.new(0.000483, 0.025860, 0.000000, 0.754676, -0.566801, 0.330461, 0.170651, 0.655913, 0.735296, -0.633516, -0.498513, 0.591723),

              ["LeftLowerArm"] = CFrame.new(-0.000499, 0.119839, 0.103404, 1.000000, -0.000000, 0.000000, -0.000000, -0.069561, -0.997578, 0.000000, 0.997578, -0.069562),

              ["LeftLowerLeg"] = CFrame.new(-0.000000, 0.047724, -0.007346, 1.000000, -0.000000, 0.000000, 0.000000, 0.924338, 0.381564, -0.000000, -0.381574, 0.924343),

              ["LeftUpperArm"] = CFrame.new(0.085591, -0.772722, 0.201981, 0.560822, -0.452917, -0.693069, -0.467969, 0.517152, -0.716630, 0.682996, 0.726237, 0.078080),

              ["LeftUpperLeg"] = CFrame.new(0.000000, -0.000000, -0.000100, 0.997534, 0.065038, 0.026403, -0.051660, 0.934895, -0.351131, -0.047521, 0.348916, 0.935954),

              ["LowerTorso"] = CFrame.new(-0.009698, -0.100823, 0.017710, 0.999802, 0.008172, 0.018166, -0.010491, 0.991261, 0.131495, -0.016933, -0.131659, 0.991150),

              ["RightFoot"] = CFrame.new(0.000000, 0.010669, -0.000103, 0.995809, 0.069960, 0.058908, -0.057444, 0.979640, -0.192382, -0.071163, 0.188179, 0.979550),

              ["RightHand"] = CFrame.new(-0.000483, 0.025156, -0.000000, 0.787917, 0.531926, -0.310233, -0.402352, 0.826099, 0.394557, 0.466154, -0.186053, 0.864916),

              ["RightLowerArm"] = CFrame.new(-0.000001, 0.119703, 0.090275, 1.000000, 0.000000, 0.000000, -0.000000, 0.066733, -0.997771, -0.000000, 0.997771, 0.066733),

              ["RightLowerLeg"] = CFrame.new(-0.000000, 0.051263, -0.008795, 1.000000, 0.000000, 0.000000, -0.000000, 0.910641, 0.413190, 0.000000, -0.413199, 0.910645),

              ["RightUpperArm"] = CFrame.new(-0.180349, -0.758333, 0.308388, 0.537433, 0.224278, 0.812936, 0.481860, 0.709451, -0.514286, -0.692081, 0.668116, 0.273212),

              ["RightUpperLeg"] = CFrame.new(-0.000000, -0.000000, -0.000000, 0.993880, -0.095762, -0.055065, 0.069731, 0.930488, -0.359609, 0.085674, 0.353583, 0.931477),

              ["UpperTorso"] = CFrame.new(0.000000, -0.000000, 0.000000, 1.000000, -0.000000, 0.000000, 0.000000, 1.000000, 0.000000, -0.000000, 0.000000, 1.000000)

          }},

          {Time = 0.117, Data = {

              ["Head"] = CFrame.new(0.003410, 0.052917, -0.211501, 0.999899, -0.006903, -0.012427, 0.006014, 0.997515, -0.070199, 0.012881, 0.070117, 0.997456),

              ["LeftFoot"] = CFrame.new(0.000000, 0.009801, -0.000003, 0.996050, -0.067922, -0.057192, 0.057560, 0.984348, -0.166582, 0.067607, 0.162620, 0.984368),

              ["LeftHand"] = CFrame.new(0.000483, 0.025868, 0.000000, 0.758330, -0.563149, 0.328332, 0.176535, 0.662267, 0.728176, -0.627512, -0.494232, 0.601629),

              ["LeftLowerArm"] = CFrame.new(-0.000499, 0.119829, 0.103597, 1.000000, -0.000000, 0.000000, -0.000000, -0.071571, -0.997435, 0.000000, 0.997436, -0.071571),

              ["LeftLowerLeg"] = CFrame.new(-0.000000, 0.047724, -0.007346, 1.000000, -0.000000, 0.000000, 0.000000, 0.924338, 0.381564, -0.000000, -0.381574, 0.924343),

              ["LeftUpperArm"] = CFrame.new(0.083758, -0.772007, 0.203965, 0.557157, -0.446718, -0.700014, -0.466538, 0.528971, -0.708895, 0.686964, 0.721548, 0.086309),

              ["LeftUpperLeg"] = CFrame.new(0.000000, -0.000000, -0.000100, 0.997534, 0.065038, 0.026403, -0.051660, 0.934895, -0.351131, -0.047521, 0.348916, 0.935954),

              ["LowerTorso"] = CFrame.new(-0.009698, -0.100823, 0.017710, 0.999802, 0.008172, 0.018166, -0.010491, 0.991261, 0.131495, -0.016933, -0.131659, 0.991150),

              ["RightFoot"] = CFrame.new(0.000000, 0.010669, -0.000103, 0.995809, 0.069960, 0.058908, -0.057444, 0.979640, -0.192382, -0.071163, 0.188179, 0.979550),

              ["RightHand"] = CFrame.new(-0.000483, 0.025186, 0.000000, 0.783493, 0.536781, -0.313062, -0.396664, 0.819827, 0.412969, 0.478327, -0.199375, 0.855248),

              ["RightLowerArm"] = CFrame.new(-0.000001, 0.119757, 0.090907, 1.000000, 0.000000, -0.000000, 0.000000, 0.060172, -0.998188, -0.000000, 0.998188, 0.060172),

              ["RightLowerLeg"] = CFrame.new(-0.000000, 0.051263, -0.008795, 1.000000, 0.000000, 0.000000, -0.000000, 0.910641, 0.413190, 0.000000, -0.413199, 0.910645),

              ["RightUpperArm"] = CFrame.new(-0.182736, -0.759241, 0.305883, 0.542208, 0.231860, 0.807621, 0.483675, 0.699832, -0.525637, -0.687073, 0.675631, 0.267310),

              ["RightUpperLeg"] = CFrame.new(-0.000000, -0.000000, -0.000000, 0.993880, -0.095762, -0.055065, 0.069731, 0.930488, -0.359609, 0.085674, 0.353583, 0.931477),

              ["UpperTorso"] = CFrame.new(0.000000, -0.000000, 0.000000, 1.000000, -0.000000, 0.000000, 0.000000, 1.000000, 0.000000, -0.000000, 0.000000, 1.000000)

          }},

          {Time = 0.133, Data = {

              ["Head"] = CFrame.new(0.003411, 0.052897, -0.211503, 0.999899, -0.006903, -0.012427, 0.006014, 0.997515, -0.070199, 0.012881, 0.070117, 0.997456),

              ["LeftFoot"] = CFrame.new(0.000000, 0.009801, -0.000003, 0.996050, -0.067922, -0.057192, 0.057560, 0.984348, -0.166582, 0.067607, 0.162620, 0.984368),

              ["LeftHand"] = CFrame.new(0.000483, 0.025877, 0.000000, 0.762265, -0.559170, 0.326012, 0.182979, 0.669289, 0.720121, -0.620863, -0.489266, 0.612488),

              ["LeftLowerArm"] = CFrame.new(-0.000499, 0.119818, 0.103783, 1.000000, -0.000000, -0.000000, 0.000000, -0.073500, -0.997295, 0.000000, 0.997295, -0.073501),

              ["LeftLowerLeg"] = CFrame.new(-0.000000, 0.047724, -0.007346, 1.000000, -0.000000, 0.000000, 0.000000, 0.924338, 0.381564, -0.000000, -0.381574, 0.924343),

              ["LeftUpperArm"] = CFrame.new(0.081762, -0.771223, 0.206104, 0.553163, -0.439810, -0.707515, -0.464970, 0.541695, -0.700264, 0.691240, 0.716334, 0.095147),

              ["LeftUpperLeg"] = CFrame.new(0.000000, -0.000000, -0.000100, 0.997534, 0.065038, 0.026403, -0.051660, 0.934895, -0.351131, -0.047521, 0.348916, 0.935954),

              ["LowerTorso"] = CFrame.new(-0.009698, -0.100823, 0.017710, 0.999802, 0.008172, 0.018166, -0.010491, 0.991261, 0.131495, -0.016933, -0.131659, 0.991150),

              ["RightFoot"] = CFrame.new(0.000000, 0.010669, -0.000103, 0.995809, 0.069960, 0.058908, -0.057444, 0.979640, -0.192382, -0.071163, 0.188179, 0.979550),

              ["RightHand"] = CFrame.new(-0.000484, 0.025215, 0.000000, 0.778531, 0.542142, -0.316187, -0.390161, 0.812691, 0.432793, 0.491594, -0.213576, 0.844225),

              ["RightLowerArm"] = CFrame.new(-0.000001, 0.119806, 0.091540, 1.000000, 0.000000, -0.000000, -0.000000, 0.053601, -0.998562, -0.000000, 0.998562, 0.053601),

              ["RightLowerLeg"] = CFrame.new(-0.000000, 0.051263, -0.008795, 1.000000, 0.000000, 0.000000, -0.000000, 0.910641, 0.413190, 0.000000, -0.413199, 0.910645),

              ["RightUpperArm"] = CFrame.new(-0.185372, -0.760234, 0.303081, 0.547481, 0.240352, 0.801558, 0.485662, 0.688780, -0.538252, -0.681467, 0.683969, 0.260364),

              ["RightUpperLeg"] = CFrame.new(-0.000000, -0.000000, -0.000000, 0.993880, -0.095762, -0.055065, 0.069731, 0.930488, -0.359609, 0.085674, 0.353583, 0.931477),

              ["UpperTorso"] = CFrame.new(0.000000, -0.000000, 0.000000, 1.000000, -0.000000, 0.000000, 0.000000, 1.000000, 0.000000, -0.000000, 0.000000, 1.000000)

          }},

          {Time = 0.150, Data = {

              ["Head"] = CFrame.new(0.003411, 0.052874, -0.211506, 0.999899, -0.006903, -0.012427, 0.006014, 0.997515, -0.070199, 0.012881, 0.070117, 0.997456),

              ["LeftFoot"] = CFrame.new(0.000000, 0.009801, -0.000003, 0.996050, -0.067922, -0.057192, 0.057560, 0.984348, -0.166582, 0.067607, 0.162620, 0.984368),

              ["LeftHand"] = CFrame.new(0.000483, 0.025885, 0.000000, 0.766409, -0.554927, 0.323538, 0.189883, 0.676884, 0.711179, -0.613646, -0.483616, 0.624138),

              ["LeftLowerArm"] = CFrame.new(-0.000499, 0.119809, 0.103951, 1.000000, -0.000000, 0.000000, -0.000000, -0.075251, -0.997165, 0.000000, 0.997165, -0.075252),

              ["LeftLowerLeg"] = CFrame.new(-0.000000, 0.047724, -0.007346, 1.000000, -0.000000, 0.000000, 0.000000, 0.924338, 0.381564, -0.000000, -0.381574, 0.924343),

              ["LeftUpperArm"] = CFrame.new(0.079632, -0.770382, 0.208358, 0.548904, -0.432270, -0.715435, -0.463289, 0.555080, -0.690832, 0.695749, 0.710654, 0.104420),

              ["LeftUpperLeg"] = CFrame.new(0.000000, -0.000000, -0.000100, 0.997534, 0.065038, 0.026403, -0.051660, 0.934895, -0.351131, -0.047521, 0.348916, 0.935954),

              ["LowerTorso"] = CFrame.new(-0.009698, -0.100823, 0.017710, 0.999802, 0.008172, 0.018166, -0.010491, 0.991261, 0.131495, -0.016933, -0.131659, 0.991150),

              ["RightFoot"] = CFrame.new(0.000000, 0.010669, -0.000103, 0.995809, 0.069960, 0.058908, -0.057444, 0.979640, -0.192382, -0.071163, 0.188179, 0.979550),

              ["RightHand"] = CFrame.new(-0.000483, 0.025243, 0.000000, 0.773070, 0.547944, -0.319568, -0.382877, 0.804749, 0.453636, 0.505736, -0.228335, 0.831920),

              ["RightLowerArm"] = CFrame.new(-0.000001, 0.119849, 0.092150, 1.000000, 0.000000, -0.000000, -0.000000, 0.047274, -0.998882, -0.000000, 0.998882, 0.047274),

              ["RightLowerLeg"] = CFrame.new(-0.000000, 0.051263, -0.008795, 1.000000, 0.000000, 0.000000, -0.000000, 0.910641, 0.413190, 0.000000, -0.413199, 0.910645),

              ["RightUpperArm"] = CFrame.new(-0.188224, -0.761299, 0.300003, 0.553185, 0.249657, 0.794769, 0.487791, 0.676310, -0.551964, -0.675312, 0.693019, 0.252344),

              ["RightUpperLeg"] = CFrame.new(-0.000000, -0.000000, -0.000000, 0.993880, -0.095762, -0.055065, 0.069731, 0.930488, -0.359609, 0.085674, 0.353583, 0.931477),

              ["UpperTorso"] = CFrame.new(0.000000, -0.000000, 0.000000, 1.000000, -0.000000, 0.000000, 0.000000, 1.000000, 0.000000, -0.000000, 0.000000, 1.000000)

          }},

          {Time = 0.167, Data = {

              ["Head"] = CFrame.new(0.003411, 0.052848, -0.211510, 0.999899, -0.006903, -0.012427, 0.006014, 0.997515, -0.070199, 0.012881, 0.070117, 0.997456),

              ["LeftFoot"] = CFrame.new(0.000000, 0.009801, -0.000003, 0.996050, -0.067922, -0.057192, 0.057560, 0.984348, -0.166582, 0.067607, 0.162620, 0.984368),

              ["LeftHand"] = CFrame.new(0.000483, 0.025891, 0.000001, 0.770693, -0.550481, 0.320946, 0.197145, 0.684952, 0.701411, -0.605942, -0.477296, 0.636409),

              ["LeftLowerArm"] = CFrame.new(-0.000499, 0.119801, 0.104094, 1.000000, -0.000000, 0.000000, -0.000000, -0.076740, -0.997051, 0.000000, 0.997051, -0.076741),

              ["LeftLowerLeg"] = CFrame.new(-0.000000, 0.047724, -0.007346, 1.000000, -0.000000, 0.000000, 0.000000, 0.924338, 0.381564, -0.000000, -0.381574, 0.924343),

              ["LeftUpperArm"] = CFrame.new(0.077401, -0.769497, 0.210692, 0.544442, -0.424185, -0.723637, -0.461517, 0.568893, -0.680707, 0.700418, 0.704577, 0.113961),

              ["LeftUpperLeg"] = CFrame.new(0.000000, -0.000000, -0.000100, 0.997534, 0.065038, 0.026403, -0.051660, 0.934895, -0.351131, -0.047521, 0.348916, 0.935954),

              ["LowerTorso"] = CFrame.new(-0.009698, -0.100823, 0.017710, 0.999802, 0.008172, 0.018166, -0.010491, 0.991261, 0.131495, -0.016933, -0.131659, 0.991150),

              ["RightFoot"] = CFrame.new(0.000000, 0.010669, -0.000103, 0.995809, 0.069960, 0.058908, -0.057444, 0.979640, -0.192382, -0.071163, 0.188179, 0.979550),

              ["RightHand"] = CFrame.new(-0.000483, 0.025269, -0.000000, 0.767151, 0.554117, -0.323166, -0.374867, 0.796078, 0.475117, 0.520532, -0.243340, 0.818430),

              ["RightLowerArm"] = CFrame.new(-0.000001, 0.119886, 0.092714, 1.000000, 0.000000, 0.000000, -0.000000, 0.041419, -0.999142, -0.000000, 0.999142, 0.041418),

              ["RightLowerLeg"] = CFrame.new(-0.000000, 0.051263, -0.008795, 1.000000, 0.000000, 0.000000, -0.000000, 0.910641, 0.413190, 0.000000, -0.413199, 0.910645),

              ["RightUpperArm"] = CFrame.new(-0.191258, -0.762419, 0.296676, 0.559253, 0.259655, 0.787283, 0.490032, 0.662458, -0.566585, -0.668658, 0.702659, 0.243242),

              ["RightUpperLeg"] = CFrame.new(-0.000000, -0.000000, -0.000000, 0.993880, -0.095762, -0.055065, 0.069731, 0.930488, -0.359609, 0.085674, 0.353583, 0.931477),

              ["UpperTorso"] = CFrame.new(0.000000, -0.000000, 0.000000, 1.000000, -0.000000, 0.000000, 0.000000, 1.000000, 0.000000, -0.000000, 0.000000, 1.000000)

          }},

          {Time = 0.183, Data = {

              ["Head"] = CFrame.new(0.003412, 0.052821, -0.211513, 0.999899, -0.006903, -0.012427, 0.006014, 0.997515, -0.070199, 0.012881, 0.070117, 0.997456),

              ["LeftFoot"] = CFrame.new(0.000000, 0.009801, -0.000003, 0.996050, -0.067922, -0.057192, 0.057560, 0.984348, -0.166582, 0.067607, 0.162620, 0.984368),

              ["LeftHand"] = CFrame.new(0.000483, 0.025896, 0.000000, 0.775055, -0.545891, 0.318271, 0.204661, 0.693387, 0.690892, -0.597833, -0.470338, 0.649132),

              ["LeftLowerArm"] = CFrame.new(-0.000499, 0.119794, 0.104206, 1.000000, -0.000000, -0.000000, -0.000000, -0.077895, -0.996962, 0.000000, 0.996962, -0.077896),

              ["LeftLowerLeg"] = CFrame.new(-0.000000, 0.047724, -0.007346, 1.000000, -0.000000, 0.000000, 0.000000, 0.924338, 0.381564, -0.000000, -0.381574, 0.924343),

              ["LeftUpperArm"] = CFrame.new(0.075098, -0.768576, 0.213072, 0.539837, -0.415651, -0.731991, -0.459677, 0.582913, -0.670007, 0.705176, 0.698174, 0.123613),

              ["LeftUpperLeg"] = CFrame.new(0.000000, -0.000000, -0.000100, 0.997534, 0.065038, 0.026403, -0.051660, 0.934895, -0.351131, -0.047521, 0.348916, 0.935954),

              ["LowerTorso"] = CFrame.new(-0.009698, -0.100823, 0.017710, 0.999802, 0.008172, 0.018166, -0.010491, 0.991261, 0.131495, -0.016933, -0.131659, 0.991150),

              ["RightFoot"] = CFrame.new(0.000000, 0.010669, -0.000103, 0.995809, 0.069960, 0.058908, -0.057444, 0.979640, -0.192382, -0.071163, 0.188179, 0.979550),

              ["RightHand"] = CFrame.new(-0.000483, 0.025292, -0.000000, 0.760824, 0.560590, -0.326938, -0.366204, 0.786779, 0.496867, 0.535763, -0.258299, 0.803887),

              ["RightLowerArm"] = CFrame.new(-0.000001, 0.119915, 0.093215, 1.000000, 0.000000, -0.000000, -0.000000, 0.036229, -0.999344, -0.000000, 0.999344, 0.036229),

              ["RightLowerLeg"] = CFrame.new(-0.000000, 0.051263, -0.008795, 1.000000, 0.000000, 0.000000, -0.000000, 0.910641, 0.413190, 0.000000, -0.413199, 0.910645),

              ["RightUpperArm"] = CFrame.new(-0.194440, -0.763580, 0.293128, 0.565616, 0.270209, 0.779144, 0.492355, 0.647284, -0.581902, -0.661563, 0.712749, 0.233075),

              ["RightUpperLeg"] = CFrame.new(-0.000000, -0.000000, -0.000000, 0.993880, -0.095762, -0.055065, 0.069731, 0.930488, -0.359609, 0.085674, 0.353583, 0.931477),

              ["UpperTorso"] = CFrame.new(0.000000, -0.000000, 0.000000, 1.000000, -0.000000, 0.000000, 0.000000, 1.000000, 0.000000, -0.000000, 0.000000, 1.000000)

          }},

          {Time = 0.200, Data = {

              ["Head"] = CFrame.new(0.003412, 0.052790, -0.211518, 0.999899, -0.006903, -0.012427, 0.006014, 0.997515, -0.070199, 0.012881, 0.070117, 0.997456),

              ["LeftFoot"] = CFrame.new(0.000000, 0.009801, -0.000003, 0.996050, -0.067922, -0.057192, 0.057560, 0.984348, -0.166582, 0.067607, 0.162620, 0.984368),

              ["LeftHand"] = CFrame.new(0.000483, 0.025900, -0.000000, 0.779433, -0.541218, 0.315547, 0.212327, 0.702075, 0.679714, -0.589408, -0.462789, 0.662132),

              ["LeftLowerArm"] = CFrame.new(-0.000499, 0.119790, 0.104280, 1.000000, -0.000000, 0.000000, 0.000000, -0.078665, -0.996901, 0.000000, 0.996901, -0.078665),

              ["LeftLowerLeg"] = CFrame.new(-0.000000, 0.047724, -0.007346, 1.000000, -0.000000, 0.000000, 0.000000, 0.924338, 0.381564, -0.000000, -0.381574, 0.924343),

              ["LeftUpperArm"] = CFrame.new(0.072754, -0.767634, 0.215464, 0.535147, -0.406773, -0.740374, -0.457792, 0.596933, -0.658860, 0.709960, 0.691525, 0.133230),

              ["LeftUpperLeg"] = CFrame.new(0.000000, -0.000000, -0.000100, 0.997534, 0.065038, 0.026403, -0.051660, 0.934895, -0.351131, -0.047521, 0.348916, 0.935954),

              ["LowerTorso"] = CFrame.new(-0.009698, -0.100823, 0.017710, 0.999802, 0.008172, 0.018166, -0.010491, 0.991261, 0.131495, -0.016933, -0.131659, 0.991150),

              ["RightFoot"] = CFrame.new(0.000000, 0.010669, -0.000103, 0.995809, 0.069960, 0.058908, -0.057444, 0.979640, -0.192382, -0.071163, 0.188179, 0.979550),

              ["RightHand"] = CFrame.new(-0.000483, 0.025311, -0.000000, 0.754140, 0.567290, -0.330843, -0.356984, 0.776972, 0.518536, 0.551212, -0.272940, 0.788456),

              ["RightLowerArm"] = CFrame.new(-0.000001, 0.119937, 0.093635, 1.000000, 0.000000, -0.000000, -0.000000, 0.031863, -0.999492, -0.000000, 0.999492, 0.031862),

              ["RightLowerLeg"] = CFrame.new(-0.000000, 0.051263, -0.008795, 1.000000, 0.000000, 0.000000, -0.000000, 0.910641, 0.413190, 0.000000, -0.413199, 0.910645),

              ["RightUpperArm"] = CFrame.new(-0.197732, -0.764768, 0.289391, 0.572200, 0.281165, 0.770411, 0.494729, 0.630882, -0.597688, -0.654087, 0.723142, 0.221890),

              ["RightUpperLeg"] = CFrame.new(-0.000000, -0.000000, -0.000000, 0.993880, -0.095762, -0.055065, 0.069731, 0.930488, -0.359609, 0.085674, 0.353583, 0.931477),

              ["UpperTorso"] = CFrame.new(0.000000, -0.000000, 0.000000, 1.000000, -0.000000, 0.000000, 0.000000, 1.000000, 0.000000, -0.000000, 0.000000, 1.000000)

          }},

          {Time = 0.217, Data = {

              ["Head"] = CFrame.new(0.003412, 0.052757, -0.211522, 0.999899, -0.006903, -0.012427, 0.006014, 0.997515, -0.070199, 0.012881, 0.070117, 0.997456),

              ["LeftFoot"] = CFrame.new(0.000000, 0.009801, -0.000003, 0.996050, -0.067922, -0.057192, 0.057560, 0.984348, -0.166582, 0.067607, 0.162620, 0.984368),

              ["LeftHand"] = CFrame.new(0.000483, 0.025902, -0.000000, 0.783775, -0.536518, 0.312808, 0.220040, 0.710903, 0.667984, -0.580758, -0.454715, 0.675240),

              ["LeftLowerArm"] = CFrame.new(-0.000499, 0.119787, 0.104313, 1.000000, -0.000000, -0.000000, 0.000000, -0.079012, -0.996874, 0.000000, 0.996874, -0.079013),

              ["LeftLowerLeg"] = CFrame.new(-0.000000, 0.047724, -0.007346, 1.000000, -0.000000, 0.000000, 0.000000, 0.924338, 0.381564, -0.000000, -0.381574, 0.924343),

              ["LeftUpperArm"] = CFrame.new(0.070396, -0.766680, 0.217839, 0.530432, -0.397664, -0.748669, -0.455884, 0.610764, -0.647408, 0.714711, 0.684712, 0.142679),

              ["LeftUpperLeg"] = CFrame.new(0.000000, -0.000000, -0.000100, 0.997534, 0.065038, 0.026403, -0.051660, 0.934895, -0.351131, -0.047521, 0.348916, 0.935954),

              ["LowerTorso"] = CFrame.new(-0.009698, -0.100823, 0.017710, 0.999802, 0.008172, 0.018166, -0.010491, 0.991261, 0.131495, -0.016933, -0.131659, 0.991150),

              ["RightFoot"] = CFrame.new(0.000000, 0.010669, -0.000103, 0.995809, 0.069960, 0.058908, -0.057444, 0.979640, -0.192382, -0.071163, 0.188179, 0.979550),

              ["RightHand"] = CFrame.new(-0.000483, 0.025326, -0.000000, 0.747162, 0.574140, -0.334835, -0.347323, 0.766799, 0.539804, 0.566671, -0.287023, 0.772332),

              ["RightLowerArm"] = CFrame.new(-0.000001, 0.119954, 0.093966, 1.000000, 0.000000, 0.000000, -0.000000, 0.028433, -0.999596, -0.000000, 0.999596, 0.028432),

              ["RightLowerLeg"] = CFrame.new(-0.000000, 0.051263, -0.008795, 1.000000, 0.000000, 0.000000, -0.000000, 0.910641, 0.413190, 0.000000, -0.413199, 0.910645),

              ["RightUpperArm"] = CFrame.new(-0.201097, -0.765965, 0.285499, 0.578930, 0.292355, 0.761163, 0.497123, 0.613384, -0.613700, -0.646303, 0.733681, 0.209771),

              ["RightUpperLeg"] = CFrame.new(-0.000000, -0.000000, -0.000000, 0.993880, -0.095762, -0.055065, 0.069731, 0.930488, -0.359609, 0.085674, 0.353583, 0.931477),

              ["UpperTorso"] = CFrame.new(0.000000, -0.000000, 0.000000, 1.000000, -0.000000, 0.000000, 0.000000, 1.000000, 0.000000, -0.000000, 0.000000, 1.000000)

          }},

          {Time = 0.233, Data = {

              ["Head"] = CFrame.new(0.003413, 0.052721, -0.211527, 0.999899, -0.006903, -0.012427, 0.006014, 0.997515, -0.070199, 0.012881, 0.070117, 0.997456),

              ["LeftFoot"] = CFrame.new(0.000000, 0.009801, -0.000003, 0.996050, -0.067922, -0.057192, 0.057560, 0.984348, -0.166582, 0.067607, 0.162620, 0.984368),

              ["LeftHand"] = CFrame.new(0.000483, 0.025901, -0.000000, 0.788029, -0.531846, 0.310086, 0.227699, 0.719751, 0.655831, -0.571982, -0.446204, 0.688282),

              ["LeftLowerArm"] = CFrame.new(-0.000499, 0.119788, 0.104304, 1.000000, -0.000000, 0.000000, 0.000000, -0.078923, -0.996881, 0.000000, 0.996881, -0.078924),

              ["LeftLowerLeg"] = CFrame.new(-0.000000, 0.047724, -0.007346, 1.000000, -0.000000, 0.000000, 0.000000, 0.924338, 0.381564, -0.000000, -0.381574, 0.924343),

              ["LeftUpperArm"] = CFrame.new(0.068052, -0.765727, 0.220170, 0.525744, -0.388443, -0.756773, -0.453977, 0.624232, -0.635798, 0.719373, 0.677825, 0.151842),

              ["LeftUpperLeg"] = CFrame.new(0.000000, -0.000000, -0.000100, 0.997534, 0.065038, 0.026403, -0.051660, 0.934895, -0.351131, -0.047521, 0.348916, 0.935954),

              ["LowerTorso"] = CFrame.new(-0.009698, -0.100823, 0.017710, 0.999802, 0.008172, 0.018166, -0.010491, 0.991261, 0.131495, -0.016933, -0.131659, 0.991150),

              ["RightFoot"] = CFrame.new(0.000000, 0.010669, -0.000103, 0.995809, 0.069960, 0.058908, -0.057444, 0.979640, -0.192382, -0.071163, 0.188179, 0.979550),

              ["RightHand"] = CFrame.new(-0.000483, 0.025337, 0.000000, 0.739959, 0.581061, -0.338869, -0.337355, 0.756416, 0.560383, 0.581938, -0.300338, 0.755738),

              ["RightLowerArm"] = CFrame.new(-0.000001, 0.119965, 0.094199, 1.000000, 0.000000, 0.000000, 0.000000, 0.026008, -0.999662, -0.000000, 0.999662, 0.026008),

              ["RightLowerLeg"] = CFrame.new(-0.000000, 0.051263, -0.008795, 1.000000, 0.000000, 0.000000, -0.000000, 0.910641, 0.413190, 0.000000, -0.413199, 0.910645),

              ["RightUpperArm"] = CFrame.new(-0.204496, -0.767157, 0.281492, 0.585729, 0.303604, 0.751497, 0.499507, 0.594965, -0.629689, -0.638290, 0.744205, 0.196836),

              ["RightUpperLeg"] = CFrame.new(-0.000000, -0.000000, -0.000000, 0.993880, -0.095762, -0.055065, 0.069731, 0.930488, -0.359609, 0.085674, 0.353583, 0.931477),

              ["UpperTorso"] = CFrame.new(0.000000, -0.000000, 0.000000, 1.000000, -0.000000, 0.000000, 0.000000, 1.000000, 0.000000, -0.000000, 0.000000, 1.000000)

          }},

          {Time = 0.250, Data = {

              ["Head"] = CFrame.new(0.003413, 0.052683, -0.211532, 0.999899, -0.006903, -0.012427, 0.006014, 0.997515, -0.070199, 0.012881, 0.070117, 0.997456),

              ["LeftFoot"] = CFrame.new(0.000000, 0.009801, -0.000003, 0.996050, -0.067922, -0.057192, 0.057560, 0.984348, -0.166582, 0.067607, 0.162620, 0.984368),

              ["LeftHand"] = CFrame.new(0.000483, 0.025899, 0.000000, 0.792151, -0.527256, 0.307411, 0.235207, 0.728503, 0.643401, -0.563183, -0.437362, 0.701095),

              ["LeftLowerArm"] = CFrame.new(-0.000499, 0.119791, 0.104254, 1.000000, -0.000000, 0.000000, 0.000000, -0.078402, -0.996922, 0.000000, 0.996922, -0.078403),

              ["LeftLowerLeg"] = CFrame.new(-0.000000, 0.047724, -0.007346, 1.000000, -0.000000, 0.000000, 0.000000, 0.924338, 0.381564, -0.000000, -0.381574, 0.924343),

              ["LeftUpperArm"] = CFrame.new(0.065750, -0.764784, 0.222431, 0.521140, -0.379232, -0.764589, -0.452093, 0.637185, -0.624185, 0.723896, 0.670953, 0.160614),

