return {
["thrust twerk sequence"] = {
    {Time = 0.000, Data = {
      ["Head"] = CFrame.new(-0.000000, 0.000000, 0.000000, 1.000000, 0.000000, 0.000000, 0.000000, 1.000000, 0.000000, 0.000000, 0.000000, 1.000000),
      ["LeftFoot"] = CFrame.new(0.000000, 0.027150, -0.000003, 0.993458, -0.087365, -0.073543, 0.111408, 0.882947, 0.456063, 0.025090, -0.461273, 0.886903),
      ["LeftHand"] = CFrame.new(0.000495, 0.007024, -0.000000, 0.985156, 0.147826, -0.087261, -0.157113, 0.981276, -0.111415, 0.069157, 0.123471, 0.989935),
      ["LeftLowerArm"] = CFrame.new(-0.000500, 0.040835, 0.006009, 1.000000, 0.000000, 0.000000, 0.000000, 0.938798, -0.344468, 0.000000, 0.344468, 0.938798),
      ["LeftLowerLeg"] = CFrame.new(0.000000, 0.111413, -0.050983, 1.000000, -0.000000, 0.000000, 0.000000, 0.473461, 0.880815, -0.000000, -0.880815, 0.473461),
      ["LeftUpperArm"] = CFrame.new(-0.577386, 0.031857, -0.024721, -0.927175, 0.088902, -0.363927, -0.197650, 0.709149, 0.676789, 0.318246, 0.699432, -0.639933),
      ["LeftUpperLeg"] = CFrame.new(-0.000000, -0.000000, -0.000100, 0.960365, -0.086943, 0.264838, -0.014527, 0.933210, 0.359039, -0.278366, -0.348655, 0.894959),
      ["LowerTorso"] = CFrame.new(-0.184436, -0.937628, -0.670516, 0.318187, 0.255507, 0.912948, 0.942433, 0.019221, -0.333843, -0.102847, 0.966616, -0.234682),
      ["RightFoot"] = CFrame.new(-0.000000, -0.107549, -0.000103, 0.968784, -0.189637, -0.159674, 0.200817, 0.977974, 0.056921, 0.145363, -0.087210, 0.985527),
      ["RightHand"] = CFrame.new(-0.000488, 0.018986, -0.000000, 0.980643, 0.169327, -0.098319, -0.189503, 0.947106, -0.258994, 0.049264, 0.272613, 0.960862),
      ["RightLowerArm"] = CFrame.new(0.000000, 0.094825, 0.037021, 1.000000, 0.000000, 0.000000, 0.000000, 0.619485, -0.785008, 0.000000, 0.785008, 0.619485),
      ["RightLowerLeg"] = CFrame.new(0.000000, -0.107179, -0.001417, 1.000000, 0.000000, 0.000000, 0.000000, 1.000000, 0.000000, 0.000000, 0.000000, 1.000000),
      ["RightUpperArm"] = CFrame.new(0.047434, -0.835775, -0.029047, 0.187287, 0.441790, 0.877351, 0.978338, -0.003700, -0.206981, -0.088196, 0.897111, -0.432913),
      ["RightUpperLeg"] = CFrame.new(-0.000000, -0.000000, -0.000000, 0.613766, 0.577720, 0.538080, -0.181524, 0.766563, -0.615979, -0.768336, 0.280392, 0.575360),
      ["UpperTorso"] = CFrame.new(-0.000000, -0.000000, 0.000000, 0.993147, 0.096060, -0.066563, -0.049333, 0.860918, 0.506347, 0.105945, -0.499593, 0.859757)
    }},
    {Time = 0.033, Data = {
      ["Head"] = CFrame.new(-0.000000, 0.000000, -0.000083, 0.999999, 0.000086, -0.001726, -0.000086, 1.000000, 0.000000, 0.001726, 0.000000, 0.999999),
      ["LeftFoot"] = CFrame.new(-0.000000, 0.027517, -0.000003, 0.995294, -0.074113, -0.062424, 0.094301, 0.889005, 0.448081, 0.022286, -0.451859, 0.891811),
      ["LeftHand"] = CFrame.new(0.000495, 0.007014, -0.000000, 0.985612, 0.145556, -0.085916, -0.155074, 0.980937, -0.117111, 0.067232, 0.128750, 0.989395),
      ["LeftLowerArm"] = CFrame.new(-0.000500, 0.040765, 0.005987, 1.000000, 0.000000, 0.000000, 0.000000, 0.939039, -0.343810, 0.000000, 0.343810, 0.939039),
      ["LeftLowerLeg"] = CFrame.new(-0.000000, 0.112733, -0.052993, 1.000000, -0.000000, 0.000000, 0.000000, 0.452528, 0.891750, -0.000000, -0.891750, 0.452528),
      ["LeftUpperArm"] = CFrame.new(-0.575229, 0.030147, -0.016543, -0.922615, 0.098277, -0.372992, -0.199440, 0.706159, 0.679384, 0.330160, 0.701200, -0.631913),
      ["LeftUpperLeg"] = CFrame.new(-0.000010, -0.000007, -0.000097, 0.957900, -0.083681, 0.274638, -0.016931, 0.938452, 0.344994, -0.286604, -0.335120, 0.897526),
      ["LowerTorso"] = CFrame.new(-0.182404, -0.942145, -0.670958, 0.331071, 0.256266, 0.908141, 0.938217, 0.013308, -0.345791, -0.100700, 0.966515, -0.236027),
      ["RightFoot"] = CFrame.new(0.000000, -0.082753, -0.000103, 0.978974, -0.156020, -0.131403, 0.161779, 0.986231, 0.034285, 0.124244, -0.054822, 0.990736),
      ["RightHand"] = CFrame.new(-0.000487, 0.019028, 0.000000, 0.979865, 0.172628, -0.100317, -0.193031, 0.947466, -0.255044, 0.051019, 0.269273, 0.961712),
      ["RightLowerArm"] = CFrame.new(-0.000000, 0.094962, 0.037151, 1.000000, 0.000000, 0.000000, 0.000000, 0.618128, -0.786077, 0.000000, 0.786077, 0.618128),
      ["RightLowerLeg"] = CFrame.new(-0.000000, -0.082466, -0.001089, 1.000000, 0.000000, 0.000000, 0.000000, 1.000000, 0.000000, 0.000000, 0.000000, 1.000000),
      ["RightUpperArm"] = CFrame.new(0.045275, -0.831008, -0.030044, 0.197252, 0.450271, 0.870831, 0.976434, -0.010890, -0.215541, -0.087568, 0.892825, -0.441808),
      ["RightUpperLeg"] = CFrame.new(0.000005, 0.000000, -0.000001, 0.607510, 0.560498, 0.562826, -0.151361, 0.777275, -0.610682, -0.779758, 0.285805, 0.557040),
      ["UpperTorso"] = CFrame.new(-0.000002, -0.000079, 0.000070, 0.993311, 0.094464, -0.066406, -0.048122, 0.861432, 0.505587, 0.104964, -0.499010, 0.860216)
    }},
    {Time = 0.067, Data = {
      ["Head"] = CFrame.new(0.000000, -0.000000, -0.000328, 0.999977, 0.000345, -0.006819, -0.000345, 1.000000, 0.000001, 0.006819, 0.000001, 0.999977),
      ["LeftFoot"] = CFrame.new(0.000000, 0.028520, -0.000003, 0.998783, -0.037715, -0.031793, 0.047673, 0.903574, 0.425771, 0.012669, -0.426768, 0.904272),
      ["LeftHand"] = CFrame.new(0.000495, 0.007000, -0.000000, 0.986831, 0.139265, -0.082284, -0.149298, 0.979946, -0.131970, 0.062255, 0.142517, 0.987833),
      ["LeftLowerArm"] = CFrame.new(-0.000500, 0.040667, 0.005956, 1.000000, 0.000000, 0.000000, 0.000000, 0.939340, -0.342987, 0.000000, 0.342987, 0.939340),
      ["LeftLowerLeg"] = CFrame.new(0.000000, 0.116082, -0.058621, 1.000000, -0.000000, 0.000000, 0.000000, 0.394049, 0.919090, -0.000000, -0.919090, 0.394049),
      ["LeftUpperArm"] = CFrame.new(-0.568724, 0.025586, 0.006479, -0.908969, 0.125739, -0.397448, -0.204048, 0.697194, 0.687230, 0.363510, 0.705770, -0.608071),
      ["LeftUpperLeg"] = CFrame.new(-0.000039, -0.000026, -0.000088, 0.950902, -0.073240, 0.300702, -0.023221, 0.951974, 0.305297, -0.308621, -0.297290, 0.903533),
      ["LowerTorso"] = CFrame.new(-0.176492, -0.954833, -0.672175, 0.367184, 0.257915, 0.893675, 0.925310, -0.003421, -0.379195, -0.094743, 0.966162, -0.239908),
      ["RightFoot"] = CFrame.new(0.000000, -0.020569, -0.000103, 0.993845, -0.084730, -0.071367, 0.082806, 0.996129, -0.029503, 0.073590, 0.023412, 0.997014),
      ["RightHand"] = CFrame.new(-0.000487, 0.019108, 0.000000, 0.977629, 0.181868, -0.105666, -0.202869, 0.947973, -0.245340, 0.055549, 0.261287, 0.963661),
      ["RightLowerArm"] = CFrame.new(-0.000000, 0.095232, 0.037409, 1.000000, 0.000000, 0.000000, 0.000000, 0.615408, -0.788209, 0.000000, 0.788209, 0.615408),
      ["RightLowerLeg"] = CFrame.new(-0.000000, -0.020496, -0.000268, 1.000000, 0.000000, 0.000000, 0.000000, 1.000000, 0.000000, 0.000000, 0.000000, 1.000000),
      ["RightUpperArm"] = CFrame.new(0.039107, -0.817258, -0.032571, 0.225669, 0.473416, 0.851441, 0.970379, -0.031860, -0.239477, -0.086245, 0.880263, -0.466583),
      ["RightUpperLeg"] = CFrame.new(0.000017, 0.000002, -0.000004, 0.573174, 0.508792, 0.642341, -0.054859, 0.805951, -0.589435, -0.817595, 0.302611, 0.489862),
      ["UpperTorso"] = CFrame.new(-0.000010, -0.000311, 0.000277, 0.993768, 0.089928, -0.065858, -0.044734, 0.862943, 0.503318, 0.102094, -0.497236, 0.861588)
    }},
    {Time = 0.100, Data = {
      ["Head"] = CFrame.new(0.000000, -0.000001, -0.000729, 0.999886, 0.000691, -0.015106, -0.000691, 1.000000, 0.000005, 0.015106, 0.000005, 0.999886),
      ["LeftFoot"] = CFrame.new(-0.000000, 0.029816, -0.000003, 0.999797, 0.015402, 0.013014, -0.019272, 0.919699, 0.392151, -0.005929, -0.392323, 0.919809),
      ["LeftHand"] = CFrame.new(0.000495, 0.006969, 0.000000, 0.988589, 0.129665, -0.076667, -0.140256, 0.977989, -0.154489, 0.054947, 0.163479, 0.985015),
      ["LeftLowerArm"] = CFrame.new(-0.000500, 0.040456, 0.005890, 1.000000, 0.000000, 0.000000, 0.000000, 0.940000, -0.341175, 0.000000, 0.341175, 0.940000),
      ["LeftLowerLeg"] = CFrame.new(0.000000, 0.120147, -0.067262, 1.000000, -0.000000, 0.000000, 0.000000, 0.304182, 0.952614, -0.000000, -0.952614, 0.304182),
      ["LeftUpperArm"] = CFrame.new(-0.557402, 0.019239, 0.041993, -0.885287, 0.170971, -0.432477, -0.209807, 0.683109, 0.699531, 0.415028, 0.710022, -0.568876),
      ["LeftUpperLeg"] = CFrame.new(-0.000088, -0.000059, -0.000073, 0.940381, -0.053860, 0.335832, -0.031253, 0.969522, 0.243003, -0.338685, -0.239011, 0.910036),
      ["LowerTorso"] = CFrame.new(-0.166777, -0.974401, -0.673968, 0.422668, 0.259118, 0.868452, 0.902234, -0.029805, -0.430216, -0.085592, 0.965386, -0.246383),
      ["RightFoot"] = CFrame.new(0.000000, 0.011233, -0.000103, 0.996955, -0.059660, -0.050220, 0.039460, 0.941395, -0.334991, 0.067262, 0.331989, 0.940882),
      ["RightHand"] = CFrame.new(-0.000487, 0.019124, 0.000000, 0.973864, 0.196365, -0.114151, -0.218514, 0.947123, -0.234966, 0.061977, 0.253768, 0.965277),
      ["RightLowerArm"] = CFrame.new(0.000000, 0.095288, 0.037462, 1.000000, 0.000000, 0.000000, 0.000000, 0.614878, -0.788622, 0.000000, 0.788622, 0.614878),
      ["RightLowerLeg"] = CFrame.new(0.000000, 0.054413, -0.010033, 1.000000, -0.000000, 0.000000, 0.000000, 0.898051, 0.439891, -0.000000, -0.439891, 0.898051),
      ["RightUpperArm"] = CFrame.new(0.028987, -0.794892, -0.035486, 0.270684, 0.507124, 0.818264, 0.958803, -0.065929, -0.276315, -0.086178, 0.859348, -0.504078),
      ["RightUpperLeg"] = CFrame.new(0.000040, 0.000004, -0.000008, 0.455292, 0.593164, 0.663977, 0.124455, 0.696034, -0.707141, -0.881601, 0.404591, 0.243076),
      ["UpperTorso"] = CFrame.new(-0.000021, -0.000687, 0.000612, 0.994424, 0.082963, -0.065106, -0.039464, 0.865243, 0.499797, 0.097797, -0.494441, 0.863692)
    }},
    {Time = 0.133, Data = {
      ["Head"] = CFrame.new(-0.000000, -0.000003, -0.001278, 0.999653, 0.001208, -0.026326, -0.001208, 0.999999, 0.000016, 0.026326, 0.000016, 0.999653),
      ["LeftFoot"] = CFrame.new(0.000000, 0.030901, -0.000002, 0.994874, 0.077350, 0.065141, -0.095455, 0.930971, 0.352393, -0.033387, -0.356804, 0.933582),
      ["LeftHand"] = CFrame.new(0.000496, 0.006881, -0.000000, 0.990630, 0.117533, -0.069552, -0.128523, 0.974540, -0.183720, 0.046188, 0.190938, 0.980515),
      ["LeftLowerArm"] = CFrame.new(-0.000500, 0.039846, 0.005701, 1.000000, 0.000000, 0.000000, 0.000000, 0.941928, -0.335815, 0.000000, 0.335815, 0.941928),
      ["LeftLowerLeg"] = CFrame.new(-0.000000, 0.123576, -0.078251, 1.000000, -0.000000, 0.000000, 0.000000, 0.189967, 0.981790, -0.000000, -0.981790, 0.189967),
      ["LeftUpperArm"] = CFrame.new(-0.540526, 0.012313, 0.087400, -0.850233, 0.233160, -0.471955, -0.214676, 0.665039, 0.715289, 0.480645, 0.709479, -0.515384),
      ["LeftUpperLeg"] = CFrame.new(-0.000156, -0.000104, -0.000052, 0.928196, -0.023357, 0.371357, -0.039403, 0.986246, 0.160518, -0.369999, -0.163625, 0.914509),
      ["LowerTorso"] = CFrame.new(-0.153194, -0.999646, -0.676115, 0.493160, 0.258308, 0.830704, 0.866766, -0.064427, -0.494536, -0.074223, 0.963912, -0.255666),
      ["RightFoot"] = CFrame.new(0.000000, 0.019701, -0.000103, 0.966719, -0.195739, -0.164745, 0.074065, 0.830477, -0.552108, 0.244886, 0.521531, 0.817335),
      ["RightHand"] = CFrame.new(-0.000487, 0.018957, 0.000000, 0.968353, 0.215732, -0.125510, -0.239929, 0.943149, -0.230010, 0.068754, 0.252844, 0.965061),
      ["RightLowerArm"] = CFrame.new(-0.000000, 0.094724, 0.036926, 1.000000, 0.000000, 0.000000, 0.000000, 0.620463, -0.784235, 0.000000, 0.784235, 0.620463),
      ["RightLowerLeg"] = CFrame.new(-0.000000, 0.087867, -0.028315, 1.000000, -0.000000, 0.000000, 0.000000, 0.710231, 0.703969, -0.000000, -0.703969, 0.710231),
      ["RightUpperArm"] = CFrame.new(0.014848, -0.763803, -0.037258, 0.330907, 0.545386, 0.770100, 0.939350, -0.112432, -0.324008, -0.090125, 0.830610, -0.549513),
      ["RightUpperLeg"] = CFrame.new(0.000070, 0.000007, -0.000014, 0.175266, 0.638609, 0.749306, 0.347288, 0.672060, -0.654008, -0.921234, 0.374850, -0.103992),
      ["UpperTorso"] = CFrame.new(-0.000037, -0.001200, 0.001069, 0.995196, 0.074018, -0.064082, -0.032675, 0.868120, 0.495277, 0.092290, -0.490804, 0.866368)
    }},
    {Time = 0.167, Data = {
      ["Head"] = CFrame.new(0.000127, -0.000005, -0.001970, 0.999175, 0.001812, -0.040563, -0.001812, 0.999998, 0.000037, 0.040563, 0.000037, 0.999177),
      ["LeftFoot"] = CFrame.new(-0.000000, 0.032077, -0.000002, 0.983513, 0.138337, 0.116474, -0.168627, 0.934221, 0.314320, -0.065330, -0.328778, 0.942145),
      ["LeftHand"] = CFrame.new(0.000496, 0.006680, -0.000000, 0.992720, 0.103629, -0.061383, -0.114705, 0.968873, -0.219379, 0.036739, 0.224823, 0.973707),
      ["LeftLowerArm"] = CFrame.new(-0.000500, 0.038471, 0.005289, 1.000000, 0.000000, 0.000000, 0.000000, 0.946115, -0.323830, 0.000000, 0.323830, 0.946115),
      ["LeftLowerLeg"] = CFrame.new(0.000000, 0.125710, -0.090621, 1.000000, -0.000000, 0.000000, 0.000000, 0.061172, 0.998127, -0.000000, -0.998127, 0.061172),
      ["LeftUpperArm"] = CFrame.new(-0.517467, 0.005969, 0.139742, -0.802560, 0.310035, -0.509682, -0.216891, 0.644251, 0.733416, 0.555748, 0.699156, -0.449807),
      ["LeftUpperLeg"] = CFrame.new(-0.000242, -0.000162, -0.000026, 0.917735, 0.018611, 0.396758, -0.046772, 0.997016, 0.061419, -0.394431, -0.074923, 0.915866),
      ["LowerTorso"] = CFrame.new(-0.135695, -1.029519, -0.678404, 0.573269, 0.253706, 0.779099, 0.817041, -0.105407, -0.566863, -0.061695, 0.961521, -0.267715),
      ["RightFoot"] = CFrame.new(-0.000000, 0.023992, -0.000103, 0.816330, -0.441834, -0.372005, 0.141671, 0.777564, -0.612637, 0.559942, 0.447412, 0.697344),
      ["RightHand"] = CFrame.new(-0.000488, 0.018497, -0.000000, 0.960805, 0.239636, -0.139388, -0.267249, 0.934312, -0.235879, 0.073707, 0.263885, 0.961734),
      ["RightLowerArm"] = CFrame.new(0.000000, 0.093146, 0.035454, 1.000000, 0.000000, 0.000000, 0.000000, 0.635724, -0.771916, 0.000000, 0.771916, 0.635724),
      ["RightLowerLeg"] = CFrame.new(-0.000000, 0.100134, -0.038034, 1.000000, -0.000000, 0.000000, 0.000000, 0.609098, 0.793095, -0.000000, -0.793095, 0.609098),
      ["RightUpperArm"] = CFrame.new(-0.002983, -0.723616, -0.036283, 0.404050, 0.581735, 0.705923, 0.909159, -0.170299, -0.380037, -0.100863, 0.795350, -0.597699),
      ["RightUpperLeg"] = CFrame.new(0.000109, 0.000011, -0.000022, -0.122267, 0.567525, 0.814227, 0.460368, 0.759218, -0.460053, -0.879268, 0.318595, -0.354098),
      ["UpperTorso"] = CFrame.new(-0.000057, -0.001842, 0.001640, 0.996004, 0.063480, -0.062828, -0.024627, 0.871370, 0.490008, 0.085852, -0.486503, 0.869451)
    }},
    {Time = 0.200, Data = {
      ["Head"] = CFrame.new(0.000180, -0.000009, -0.002797, 0.998349, 0.002591, -0.057380, -0.002586, 0.999997, 0.000161, 0.057381, -0.000012, 0.998352),
      ["LeftFoot"] = CFrame.new(0.000000, 0.033014, -0.000001, 0.969555, 0.187331, 0.157700, -0.226530, 0.930721, 0.287129, -0.092986, -0.314111, 0.944821),
      ["LeftHand"] = CFrame.new(0.000496, 0.006309, 0.000000, 0.994648, 0.088860, -0.052724, -0.099620, 0.960146, -0.261142, 0.027418, 0.264996, 0.963859),
      ["LeftLowerArm"] = CFrame.new(-0.000500, 0.035939, 0.004573, 1.000000, 0.000000, 0.000000, 0.000000, 0.953390, -0.301742, 0.000000, 0.301742, 0.953390),
      ["LeftLowerLeg"] = CFrame.new(-0.000000, 0.125959, -0.103526, 1.000000, 0.000000, 0.000000, 0.000000, -0.073199, 0.997317, 0.000000, -0.997317, -0.073199),
      ["LeftUpperArm"] = CFrame.new(-0.488057, 0.001141, 0.195720, -0.742050, 0.397506, -0.539770, -0.214910, 0.621638, 0.753246, 0.634962, 0.674948, -0.375859),
      ["LeftUpperLeg"] = CFrame.new(-0.000347, -0.000233, 0.000007, 0.913865, 0.069798, 0.399973, -0.053970, 0.997254, -0.050716, -0.402415, 0.024761, 0.915123),
      ["LowerTorso"] = CFrame.new(-0.114405, -1.063138, -0.680660, 0.657097, 0.243925, 0.713249, 0.752206, -0.150576, -0.641492, -0.049078, 0.958033, -0.282425),
      ["RightFoot"] = CFrame.new(-0.000000, 0.023781, -0.000103, 0.663653, -0.572199, -0.481822, 0.239048, 0.772565, -0.588217, 0.708816, 0.275193, 0.649498),
      ["RightHand"] = CFrame.new(-0.000488, 0.017653, -0.000000, 0.951257, 0.266520, -0.155170, -0.299330, 0.919026, -0.256499, 0.074243, 0.290444, 0.954008),
      ["RightLowerArm"] = CFrame.new(-0.000000, 0.090140, 0.032778, 1.000000, 0.000000, 0.000000, 0.000000, 0.663539, -0.748142, 0.000000, 0.748142, 0.663539),
      ["RightLowerLeg"] = CFrame.new(0.000000, 0.099533, -0.037489, 1.000000, -0.000000, 0.000000, 0.000000, 0.614726, 0.788741, -0.000000, -0.788741, 0.614726),
      ["RightUpperArm"] = CFrame.new(-0.023414, -0.673986, -0.031333, 0.486463, 0.610514, 0.625001, 0.865363, -0.238086, -0.440979, -0.120421, 0.755373, -0.644136),
      ["RightUpperLeg"] = CFrame.new(0.000156, 0.000015, -0.000032, -0.064101, 0.439406, 0.895999, 0.505654, 0.788356, -0.350442, -0.860352, 0.430602, -0.272721),
      ["UpperTorso"] = CFrame.new(-0.000080, -0.002604, 0.002319, 0.996769, 0.051816, -0.061369, -0.015668, 0.874835, 0.484168, 0.078775, -0.481643, 0.872820)
    }},
    {Time = 0.233, Data = {
      ["Head"] = CFrame.new(0.000241, -0.000015, -0.003754, 0.997043, 0.003454, -0.076770, -0.003447, 0.999994, 0.000219, 0.076770, 0.000046, 0.997049),
      ["LeftFoot"] = CFrame.new(0.000000, 0.033712, -0.000001, 0.960652, 0.212469, 0.178898, -0.256631, 0.925340, 0.279080, -0.106245, -0.314010, 0.943456),
      ["LeftHand"] = CFrame.new(0.000496, 0.005702, 0.000000, 0.996298, 0.073862, -0.043986, -0.083871, 0.947441, -0.308742, 0.018869, 0.311289, 0.950128),
      ["LeftLowerArm"] = CFrame.new(-0.000500, 0.031845, 0.003537, 1.000000, 0.000000, 0.000000, 0.000000, 0.963895, -0.266284, 0.000000, 0.266284, 0.963895),
      ["LeftLowerLeg"] = CFrame.new(0.000000, 0.124353, -0.115922, 1.000000, 0.000000, 0.000000, 0.000000, -0.202226, 0.979339, 0.000000, -0.979339, -0.202226),
      ["LeftUpperArm"] = CFrame.new(-0.452876, -0.001595, 0.251894, -0.669924, 0.489352, -0.558334, -0.208040, 0.598175, 0.773890, 0.712686, 0.634604, -0.298927),
      ["LeftUpperLeg"] = CFrame.new(-0.000471, -0.000315, 0.000045, 0.921804, 0.121908, 0.367990, -0.063177, 0.983818, -0.167665, -0.382474, 0.131306, 0.914588),
      ["LowerTorso"] = CFrame.new(-0.089773, -1.099723, -0.682769, 0.738490, 0.228207, 0.634472, 0.673223, -0.197257, -0.712644, -0.037476, 0.953421, -0.299307),
      ["RightFoot"] = CFrame.new(-0.000000, 0.021655, -0.000103, 0.708856, -0.539587, -0.454279, 0.291054, 0.810416, -0.508442, 0.642503, 0.228193, 0.731517),
      ["RightHand"] = CFrame.new(-0.000489, 0.016294, 0.000000, 0.940335, 0.294044, -0.171197, -0.333550, 0.895994, -0.293153, 0.067192, 0.332765, 0.940613),
      ["RightLowerArm"] = CFrame.new(0.000000, 0.085178, 0.028756, 1.000000, 0.000000, 0.000000, 0.000000, 0.705215, -0.708993, 0.000000, 0.708993, 0.705215),
      ["RightLowerLeg"] = CFrame.new(0.000000, 0.093189, -0.032083, 1.000000, -0.000000, 0.000000, 0.000000, 0.670933, 0.741518, -0.000000, -0.741518, 0.670933),
      ["RightUpperArm"] = CFrame.new(-0.044504, -0.615067, -0.022072, 0.572500, 0.627527, 0.527688, 0.806213, -0.313726, -0.501595, -0.149215, 0.712591, -0.685528),
      ["RightUpperLeg"] = CFrame.new(0.000212, 0.000021, -0.000043, 0.374617, 0.280549, 0.883717, 0.557237, 0.693657, -0.456430, -0.741046, 0.663425, 0.103523),
      ["UpperTorso"] = CFrame.new(-0.000107, -0.003478, 0.003098, 0.997440, 0.039389, -0.059679, -0.006092, 0.878377, 0.477929, 0.071246, -0.476342, 0.876369)
    }},
    {Time = 0.267, Data = {
      ["Head"] = CFrame.new(0.000311, -0.000022, -0.004835, 0.995114, 0.004492, -0.098631, -0.004475, 0.999990, 0.000394, 0.098632, 0.000049, 0.995124),
      ["LeftFoot"] = CFrame.new(0.000000, 0.034341, -0.000000, 0.964705, 0.201419, 0.169634, -0.244429, 0.924580, 0.292245, -0.097976, -0.323393, 0.941179),
      ["LeftHand"] = CFrame.new(0.000497, 0.004790, 0.000000, 0.997626, 0.059113, -0.035326, -0.067901, 0.929883, -0.361534, 0.011478, 0.363074, 0.931690),
      ["LeftLowerArm"] = CFrame.new(-0.000500, 0.025863, 0.002280, 1.000000, 0.000000, 0.000000, 0.000000, 0.976677, -0.214715, 0.000000, 0.214715, 0.976677),
      ["LeftLowerLeg"] = CFrame.new(-0.000000, 0.121457, -0.126826, 1.000000, 0.000000, 0.000000, 0.000000, -0.315944, 0.948778, 0.000000, -0.948778, -0.315944),
      ["LeftUpperArm"] = CFrame.new(-0.413398, -0.002068, 0.305058, -0.589108, 0.578815, -0.563848, -0.196518, 0.574209, 0.794773, 0.783794, 0.579014, -0.224523),
      ["LeftUpperLeg"] = CFrame.new(-0.000613, -0.000410, 0.000088, 0.944266, 0.158765, 0.288368, -0.076734, 0.958035, -0.276190, -0.320116, 0.238669, 0.916822),
      ["LowerTorso"] = CFrame.new(-0.062653, -1.138446, -0.684692, 0.811741, 0.206762, 0.546192, 0.583361, -0.242724, -0.775097, -0.027687, 0.947805, -0.317646),
      ["RightFoot"] = CFrame.new(-0.000000, 0.021077, -0.000102, 0.864154, -0.384965, -0.324098, 0.298455, 0.910612, -0.285849, 0.405170, 0.150289, 0.901804),
      ["RightHand"] = CFrame.new(-0.000491, 0.014074, 0.000000, 0.929654, 0.318385, -0.185403, -0.364930, 0.864960, -0.344485, 0.050687, 0.387911, 0.920302),
      ["RightLowerArm"] = CFrame.new(0.000000, 0.077540, 0.023512, 1.000000, 0.000000, 0.000000, 0.000000, 0.759521, -0.650483, 0.000000, 0.650483, 0.759521),
      ["RightLowerLeg"] = CFrame.new(-0.000000, 0.091635, -0.030939, 1.000000, -0.000000, 0.000000, 0.000000, 0.682868, 0.730542, -0.000000, -0.730542, 0.682868),
      ["RightUpperArm"] = CFrame.new(-0.063790, -0.548085, -0.009440, 0.655732, 0.629961, 0.416131, 0.732003, -0.395496, -0.554757, -0.184897, 0.668381, -0.720473),
      ["RightUpperLeg"] = CFrame.new(0.000275, 0.000027, -0.000056, 0.807375, 0.080733, 0.584490, 0.451912, 0.552302, -0.700527, -0.379370, 0.829726, 0.409430),
      ["UpperTorso"] = CFrame.new(-0.000137, -0.004458, 0.003970, 0.997959, 0.026882, -0.057926, 0.003617, 0.881833, 0.471547, 0.063758, -0.470794, 0.879936)
    }},
    {Time = 0.300, Data = {
      ["Head"] = CFrame.new(0.000388, -0.000031, -0.006032, 0.992440, 0.005525, -0.122603, -0.005504, 0.999985, 0.000512, 0.122604, 0.000167, 0.992456),
      ["LeftFoot"] = CFrame.new(0.000000, 0.034845, 0.000000, 0.982057, 0.144259, 0.121465, -0.175946, 0.932707, 0.314802, -0.067878, -0.330525, 0.941353),
      ["LeftHand"] = CFrame.new(0.000498, 0.003452, -0.000000, 0.998632, 0.044782, -0.026985, -0.051971, 0.906632, -0.418709, 0.005715, 0.419539, 0.907719),
      ["LeftLowerArm"] = CFrame.new(-0.000500, 0.017555, 0.001011, 1.000000, 0.000000, 0.000000, 0.000000, 0.989572, -0.144040, 0.000000, 0.144040, 0.989572),
      ["LeftLowerLeg"] = CFrame.new(-0.000000, 0.118089, -0.135379, 1.000000, 0.000000, 0.000000, 0.000000, -0.405116, 0.914265, 0.000000, -0.914265, -0.405116),
      ["LeftUpperArm"] = CFrame.new(-0.371896, -0.000431, 0.352640, -0.504321, 0.659102, -0.557893, -0.180896, 0.551096, 0.814598, 0.844356, 0.511740, -0.158700),
      ["LeftUpperLeg"] = CFrame.new(-0.000773, -0.000517, 0.000137, 0.974600, 0.160018, 0.156684, -0.095434, 0.929664, -0.355834, -0.202603, 0.331843, 0.921321),
      ["LowerTorso"] = CFrame.new(-0.034286, -1.178261, -0.686446, 0.872950, 0.180677, 0.453115, 0.487385, -0.284340, -0.825595, -0.020327, 0.941545, -0.336274),
      ["RightFoot"] = CFrame.new(-0.000000, 0.026421, -0.000102, 0.938884, -0.263322, -0.221717, 0.271195, 0.962510, 0.005278, 0.212015, -0.065084, 0.975097),
      ["RightHand"] = CFrame.new(-0.000493, 0.010938, 0.000000, 0.922024, 0.334522, -0.194850, -0.386331, 0.827445, -0.407534, 0.024898, 0.451032, 0.892160),
      ["RightLowerArm"] = CFrame.new(0.000000, 0.066743, 0.017419, 1.000000, 0.000000, 0.000000, 0.000000, 0.822463, -0.568819, 0.000000, 0.568819, 0.822463),
      ["RightLowerLeg"] = CFrame.new(0.000000, 0.107921, -0.046554, 1.000000, -0.000000, 0.000000, 0.000000, 0.520463, 0.853884, -0.000000, -0.853884, 0.520463),
      ["RightUpperArm"] = CFrame.new(-0.079029, -0.475776, 0.004316, 0.730054, 0.616354, 0.295175, 0.646092, -0.481765, -0.592003, -0.222679, 0.622905, -0.749936),
      ["RightUpperLeg"] = CFrame.new(0.000347, 0.000034, -0.000071, 0.962789, -0.046055, 0.266301, 0.261210, 0.411363, -0.873241, -0.069329, 0.910307, 0.408086),
      ["UpperTorso"] = CFrame.new(-0.000170, -0.005533, 0.004928, 0.998317, 0.014494, -0.056146, 0.013322, 0.885031, 0.465342, 0.056436, -0.465307, 0.883348)
    }},
    {Time = 0.333, Data = {
      ["Head"] = CFrame.new(0.000472, -0.000043, -0.007338, 0.988878, 0.006734, -0.148576, -0.006695, 0.999977, 0.000760, 0.148578, 0.000243, 0.988901),
      ["LeftFoot"] = CFrame.new(-0.000000, 0.035206, 0.000001, 0.998394, 0.043318, 0.036503, -0.052725, 0.946226, 0.319182, -0.020714, -0.320594, 0.946990),
      ["LeftHand"] = CFrame.new(0.000499, 0.001520, 0.000000, 0.999344, 0.030899, -0.018911, -0.036180, 0.877671, -0.477896, 0.001831, 0.478267, 0.878213),
      ["LeftLowerArm"] = CFrame.new(-0.000500, 0.006794, 0.000139, 1.000000, 0.000000, 0.000000, 0.000000, 0.998488, -0.054966, 0.000000, 0.054966, 0.998488),
      ["LeftLowerLeg"] = CFrame.new(0.000000, 0.115282, -0.141059, 1.000000, 0.000000, 0.000000, 0.000000, -0.464386, 0.885633, 0.000000, -0.885633, -0.464386),
      ["LeftUpperArm"] = CFrame.new(-0.331134, 0.003017, 0.393005, -0.421121, 0.726269, -0.543314, -0.162373, 0.528976, 0.832958, 0.892352, 0.438996, -0.104837),
      ["LeftUpperLeg"] = CFrame.new(-0.000950, -0.000636, 0.000192, 0.992693, 0.119808, -0.014351, -0.116035, 0.915200, -0.385935, -0.033104, 0.384780, 0.922414),
      ["LowerTorso"] = CFrame.new(-0.006194, -1.217763, -0.688090, 0.919956, 0.152227, 0.361258, 0.391711, -0.320287, -0.862542, -0.015596, 0.935010, -0.354279),
      ["RightFoot"] = CFrame.new(0.000000, 0.031495, -0.000101, 0.967903, -0.192229, -0.161898, 0.225871, 0.947825, 0.224969, 0.110206, -0.254316, 0.960822),
      ["RightHand"] = CFrame.new(-0.000494, 0.008739, 0.000000, 0.921020, 0.336589, -0.196037, -0.389422, 0.784580, -0.482478, -0.008590, 0.520713, 0.853688),
      ["RightLowerArm"] = CFrame.new(0.000000, 0.053428, 0.010701, 1.000000, 0.000000, 0.000000, 0.000000, 0.891035, -0.453934, 0.000000, 0.453934, 0.891035),
      ["RightLowerLeg"] = CFrame.new(0.000000, 0.124137, -0.081510, 1.000000, -0.000000, 0.000000, 0.000000, 0.157006, 0.987598, -0.000000, -0.987598, 0.157006),
      ["RightUpperArm"] = CFrame.new(-0.089089, -0.402380, 0.016064, 0.791710, 0.586733, 0.170116, 0.554740, -0.573869, -0.602444, -0.255849, 0.571331, -0.779822),
      ["RightUpperLeg"] = CFrame.new(0.000427, 0.000042, -0.000087, 0.984529, -0.151890, 0.087365, 0.126644, 0.272236, -0.953860, 0.121098, 0.950167, 0.287260),
      ["UpperTorso"] = CFrame.new(-0.000206, -0.006697, 0.005964, 0.998521, 0.002839, -0.054285, 0.022456, 0.887900, 0.459488, 0.049504, -0.460028, 0.886523)
    }},
    {Time = 0.367, Data = {
      ["Head"] = CFrame.new(0.000563, -0.000057, -0.008749, 0.984280, 0.008027, -0.176434, -0.007966, 0.999968, 0.001055, 0.176437, 0.000367, 0.984312),
      ["LeftFoot"] = CFrame.new(-0.000000, 0.035389, 0.000001, 0.995078, -0.075821, -0.063801, 0.090751, 0.955853, 0.279480, 0.039794, -0.283895, 0.958029),
      ["LeftHand"] = CFrame.new(0.000502, -0.002921, 0.000000, 0.999785, 0.017534, -0.011053, -0.020723, 0.856493, -0.515743, 0.000424, 0.515861, 0.856672),
      ["LeftLowerArm"] = CFrame.new(-0.000500, -0.003116, 0.000016, 1.000000, 0.000000, 0.000000, 0.000000, 1.000000, 0.000000, 0.000000, 0.000000, 1.000000),
      ["LeftLowerLeg"] = CFrame.new(-0.000000, 0.113749, -0.143798, 1.000000, 0.000000, 0.000000, 0.000000, -0.492943, 0.870062, 0.000000, -0.870062, -0.492943),
      ["LeftUpperArm"] = CFrame.new(-0.293947, 0.008037, 0.425494, -0.345117, 0.792005, -0.503610, -0.141825, 0.486409, 0.862144, 0.927782, 0.368965, -0.055542),
      ["LeftUpperLeg"] = CFrame.new(-0.001145, -0.000766, 0.000252, 0.979434, 0.065556, -0.190818, -0.131616, 0.924408, -0.357976, 0.152926, 0.375729, 0.914025),
      ["LowerTorso"] = CFrame.new(0.019995, -1.255152, -0.689683, 0.953033, 0.123625, 0.276487, 0.302588, -0.349474, -0.886740, -0.012998, 0.928754, -0.370468),
      ["RightFoot"] = CFrame.new(0.000000, 0.034155, -0.000100, 0.991290, -0.100752, -0.084812, 0.124389, 0.927822, 0.351672, 0.043259, -0.359158, 0.932274),
      ["RightHand"] = CFrame.new(-0.000495, 0.007914, 0.000000, 0.941419, 0.291476, -0.169624, -0.337211, 0.807069, -0.484694, -0.004378, 0.513499, 0.858079),
      ["RightLowerArm"] = CFrame.new(-0.000000, 0.047762, 0.008382, 1.000000, 0.000000, 0.000000, 0.000000, 0.914659, -0.404227, 0.000000, 0.404227, 0.914659),
      ["RightLowerLeg"] = CFrame.new(0.000000, 0.123214, -0.120237, 1.000000, 0.000000, 0.000000, 0.000000, -0.246199, 0.969219, 0.000000, -0.969219, -0.246199),
      ["RightUpperArm"] = CFrame.new(-0.085829, -0.346878, 0.024490, 0.822678, 0.564689, 0.065785, 0.493962, -0.652720, -0.574421, -0.281430, 0.505058, -0.815913),
      ["RightUpperLeg"] = CFrame.new(0.000514, 0.000050, -0.000105, 0.969621, -0.231833, 0.078033, 0.132924, 0.231574, -0.963693, 0.205346, 0.944789, 0.255355),
      ["UpperTorso"] = CFrame.new(-0.000245, -0.007941, 0.007072, 0.998586, -0.007664, -0.052612, 0.030761, 0.890396, 0.454146, 0.043365, -0.455122, 0.889372)
    }},
    {Time = 0.400, Data = {
      ["Head"] = CFrame.new(0.000660, -0.000074, -0.010257, 0.978550, 0.009326, -0.205799, -0.009219, 0.999956, 0.001480, 0.205804, 0.000449, 0.978593),
      ["LeftFoot"] = CFrame.new(0.000000, 0.035411, 0.000001, 0.972385, -0.178510, -0.150336, 0.206970, 0.957258, 0.202041, 0.107844, -0.227577, 0.967770),
      ["LeftHand"] = CFrame.new(0.000506, -0.008964, -0.000000, 0.999984, 0.004419, -0.003404, -0.005548, 0.851595, -0.524171, 0.000583, 0.524182, 0.851606),
      ["LeftLowerArm"] = CFrame.new(-0.000500, -0.009152, 0.000049, 1.000000, 0.000000, 0.000000, 0.000000, 1.000000, 0.000000, 0.000000, 0.000000, 1.000000),
      ["LeftLowerLeg"] = CFrame.new(-0.000000, 0.113553, -0.144127, 1.000000, 0.000000, 0.000000, 0.000000, -0.496414, 0.868086, 0.000000, -0.868086, -0.496414),
      ["LeftUpperArm"] = CFrame.new(-0.262857, 0.014593, 0.450213, -0.281689, 0.857631, -0.430257, -0.119724, 0.413494, 0.902601, 0.952007, 0.305765, -0.013798),
      ["LeftUpperLeg"] = CFrame.new(-0.001358, -0.000909, 0.000317, 0.941027, 0.035549, -0.336460, -0.138614, 0.947681, -0.287553, 0.308634, 0.317233, 0.896721),
      ["LowerTorso"] = CFrame.new(0.042698, -1.288285, -0.691266, 0.974122, 0.097624, 0.203851, 0.225693, -0.371571, -0.900555, -0.012171, 0.923258, -0.383988),
      ["RightFoot"] = CFrame.new(-0.000000, 0.035677, -0.000099, 0.993872, 0.084553, 0.071196, -0.102521, 0.945918, 0.307779, -0.041321, -0.313193, 0.948790),
      ["RightHand"] = CFrame.new(-0.000494, 0.009238, 0.000000, 0.973841, 0.196512, -0.114091, -0.224616, 0.908451, -0.352511, 0.034374, 0.368917, 0.928827),
      ["RightLowerArm"] = CFrame.new(-0.000000, 0.056819, 0.012251, 1.000000, 0.000000, 0.000000, 0.000000, 0.875270, -0.483634, 0.000000, 0.483634, 0.875270),
      ["RightLowerLeg"] = CFrame.new(0.000000, 0.112767, -0.145194, 1.000000, 0.000000, 0.000000, 0.000000, -0.506413, 0.862291, 0.000000, -0.862291, -0.506413),
      ["RightUpperArm"] = CFrame.new(-0.075845, -0.312391, 0.025468, 0.834671, 0.550653, -0.010290, 0.467690, -0.718536, -0.514755, -0.290845, 0.424838, -0.857276),
      ["RightUpperLeg"] = CFrame.new(0.000610, 0.000060, -0.000124, 0.956087, -0.205909, 0.208564, 0.280573, 0.437346, -0.854405, 0.084714, 0.875403, 0.475913),
      ["UpperTorso"] = CFrame.new(-0.000285, -0.009258, 0.008245, 0.998552, -0.016652, -0.051153, 0.037912, 0.892447, 0.449556, 0.038165, -0.450844, 0.891787)
    }},
    {Time = 0.433, Data = {
      ["Head"] = CFrame.new(0.000762, -0.000094, -0.011855, 0.971540, 0.010785, -0.236630, -0.010641, 0.999942, 0.001886, 0.236637, 0.000686, 0.971598),
      ["LeftFoot"] = CFrame.new(0.000000, 0.035338, 0.000000, 0.945859, -0.248316, -0.209022, 0.276594, 0.953623, 0.118738, 0.169844, -0.170124, 0.970676),
      ["LeftHand"] = CFrame.new(0.000508, -0.011562, -0.000000, 0.999956, -0.008435, 0.004105, 0.009333, 0.850199, -0.526379, 0.000950, 0.526394, 0.850240),
      ["LeftLowerArm"] = CFrame.new(-0.000500, -0.011748, 0.000063, 1.000000, 0.000000, 0.000000, 0.000000, 1.000000, 0.000000, 0.000000, 0.000000, 1.000000),
      ["LeftLowerLeg"] = CFrame.new(-0.000000, 0.114186, -0.143041, 1.000000, 0.000000, 0.000000, 0.000000, -0.485001, 0.874514, 0.000000, -0.874514, -0.485001),
      ["LeftUpperArm"] = CFrame.new(-0.239872, 0.022886, 0.467633, -0.234704, 0.907679, -0.347897, -0.096155, 0.334460, 0.937492, 0.967299, 0.253485, 0.008778),
      ["LeftUpperLeg"] = CFrame.new(-0.001587, -0.001062, 0.000387, 0.899811, 0.037095, -0.434701, -0.139315, 0.968644, -0.205717, 0.413439, 0.245667, 0.876764),
      ["LowerTorso"] = CFrame.new(0.060464, -1.314817, -0.692845, 0.986039, 0.076623, 0.147840, 0.166063, -0.387013, -0.906998, -0.012281, 0.918885, -0.394334),
      ["RightFoot"] = CFrame.new(-0.000000, 0.035884, -0.000099, 0.945256, 0.249605, 0.210210, -0.271917, 0.958605, 0.084480, -0.180422, -0.137015, 0.973999),
      ["RightHand"] = CFrame.new(-0.000493, 0.010772, -0.000000, 0.994961, 0.086912, -0.049991, -0.093592, 0.983915, -0.152160, 0.035963, 0.156072, 0.987091),
      ["RightLowerArm"] = CFrame.new(0.000000, 0.065977, 0.016999, 1.000000, 0.000000, 0.000000, 0.000000, 0.826757, -0.562558, 0.000000, 0.562558, 0.826757),
      ["RightLowerLeg"] = CFrame.new(0.000000, 0.110866, -0.148164, 1.000000, 0.000000, 0.000000, 0.000000, -0.537471, 0.843283, 0.000000, -0.843283, -0.537471),
      ["RightUpperArm"] = CFrame.new(-0.074834, -0.280446, 0.013052, 0.857413, 0.507857, -0.083207, 0.436984, -0.803872, -0.403528, -0.271822, 0.309630, -0.911176),
      ["RightUpperLeg"] = CFrame.new(0.000713, 0.000070, -0.000145, 0.931848, -0.195123, 0.305919, 0.325835, 0.820964, -0.468881, -0.159659, 0.536605, 0.828591),
      ["UpperTorso"] = CFrame.new(-0.000328, -0.010639, 0.009475, 0.998475, -0.023598, -0.049899, 0.043419, 0.893959, 0.446040, 0.034082, -0.447526, 0.893621)
    }},
    {Time = 0.467, Data = {
      ["Head"] = CFrame.new(0.000871, -0.000118, -0.013537, 0.963190, 0.012250, -0.268540, -0.012039, 0.999925, 0.002431, 0.268550, 0.000892, 0.963265),
      ["LeftFoot"] = CFrame.new(-0.000000, 0.035250, 0.000001, 0.927168, -0.286548, -0.241350, 0.308452, 0.949492, 0.057639, 0.212644, -0.127886, 0.968725),
      ["LeftHand"] = CFrame.new(0.000506, -0.008882, 0.000000, 0.999715, -0.021000, 0.011396, 0.023859, 0.852276, -0.522548, 0.001261, 0.522671, 0.852534),
      ["LeftLowerArm"] = CFrame.new(-0.000500, -0.009070, 0.000049, 1.000000, 0.000000, 0.000000, 0.000000, 1.000000, 0.000000, 0.000000, 0.000000, 1.000000),
      ["LeftLowerLeg"] = CFrame.new(0.000000, 0.114917, -0.141732, 1.000000, 0.000000, 0.000000, 0.000000, -0.471333, 0.881956, 0.000000, -0.881956, -0.471333),
      ["LeftUpperArm"] = CFrame.new(-0.226465, 0.033307, 0.478171, -0.207201, 0.943329, -0.259225, -0.070860, 0.249808, 0.965699, 0.975729, 0.218463, 0.015083),
      ["LeftUpperLeg"] = CFrame.new(-0.001833, -0.001227, 0.000463, 0.871212, 0.051633, -0.488185, -0.137809, 0.980189, -0.142262, 0.471168, 0.191216, 0.861068),
      ["LowerTorso"] = CFrame.new(0.071996, -1.332363, -0.694400, 0.991735, 0.062758, 0.111908, 0.127671, -0.396164, -0.909260, -0.012729, 0.916033, -0.400902),
      ["RightFoot"] = CFrame.new(0.000000, 0.035168, -0.000100, 0.920093, 0.299625, 0.252296, -0.303413, 0.952538, -0.024715, -0.247727, -0.053810, 0.967334),
      ["RightHand"] = CFrame.new(-0.000492, 0.011625, 0.000000, 0.999979, -0.005252, 0.003874, 0.005105, 0.999301, 0.037036, -0.004066, -0.037015, 0.999306),
      ["RightLowerArm"] = CFrame.new(0.000000, 0.069898, 0.019222, 1.000000, 0.000000, 0.000000, 0.000000, 0.803949, -0.594698, 0.000000, 0.594698, 0.803949),
      ["RightLowerLeg"] = CFrame.new(0.000000, 0.116966, -0.137460, 1.000000, 0.000000, 0.000000, 0.000000, -0.425743, 0.904844, 0.000000, -0.904844, -0.425743),
      ["RightUpperArm"] = CFrame.new(-0.091424, -0.233302, -0.018185, 0.906662, 0.403280, -0.123809, 0.364090, -0.896287, -0.253197, -0.213077, 0.184487, -0.959460),
      ["RightUpperLeg"] = CFrame.new(0.000823, 0.000080, -0.000168, 0.923183, -0.232507, 0.306062, 0.258973, 0.964676, -0.048310, -0.284018, 0.123861, 0.950785),
      ["UpperTorso"] = CFrame.new(-0.000372, -0.012076, 0.010755, 0.998397, -0.028086, -0.049136, 0.047014, 0.894915, 0.443753, 0.031509, -0.445352, 0.894801)
    }},
    {Time = 0.500, Data = {
      ["Head"] = CFrame.new(0.000984, -0.000145, -0.015297, 0.953426, 0.013795, -0.301312, -0.013505, 0.999904, 0.003044, 0.301325, 0.001167, 0.953521),
      ["LeftFoot"] = CFrame.new(-0.000000, 0.035218, 0.000000, 0.920428, -0.299019, -0.251793, 0.317183, 0.947757, 0.033942, 0.228489, -0.111106, 0.967186),
      ["LeftHand"] = CFrame.new(0.000500, 0.000247, -0.000000, 0.999287, -0.032985, 0.018385, 0.037747, 0.858639, -0.511189, 0.001076, 0.511518, 0.859272),
      ["LeftLowerArm"] = CFrame.new(-0.000500, 0.000577, 0.000000, 1.000000, 0.000000, 0.000000, 0.000000, 0.999986, -0.005352, 0.000000, 0.005352, 0.999986),
      ["LeftLowerLeg"] = CFrame.new(-0.000000, 0.115187, -0.141238, 1.000000, 0.000000, 0.000000, 0.000000, -0.466172, 0.884694, 0.000000, -0.884694, -0.466172),
      ["LeftUpperArm"] = CFrame.new(-0.223652, 0.046299, 0.481837, -0.201382, 0.966067, -0.161743, -0.043287, 0.156187, 0.986779, 0.978556, 0.205721, 0.010365),
      ["LeftUpperLeg"] = CFrame.new(-0.002096, -0.001403, 0.000544, 0.860891, 0.059257, -0.505327, -0.136986, 0.983515, -0.118042, 0.490001, 0.170844, 0.854817),
      ["LowerTorso"] = CFrame.new(0.076096, -1.338669, -0.695897, 0.993383, 0.057782, 0.099257, 0.114119, -0.399172, -0.909747, -0.012946, 0.915054, -0.403124),
      ["RightFoot"] = CFrame.new(0.000000, 0.034757, -0.000100, 0.916827, 0.305436, 0.257172, -0.307580, 0.950954, -0.032890, -0.254604, -0.048946, 0.965806),
      ["RightHand"] = CFrame.new(-0.000492, 0.012682, 0.000000, 0.997690, -0.058306, 0.034868, 0.052125, 0.986137, 0.157535, -0.043569, -0.155353, 0.986898),
      ["RightLowerArm"] = CFrame.new(0.000000, 0.073688, 0.021383, 1.000000, 0.000000, 0.000000, 0.000000, 0.781675, -0.623686, 0.000000, 0.623686, 0.781675),
      ["RightLowerLeg"] = CFrame.new(0.000000, 0.119910, -0.130652, 1.000000, 0.000000, 0.000000, 0.000000, -0.354754, 0.934959, 0.000000, -0.934959, -0.354754),
      ["RightUpperArm"] = CFrame.new(-0.120917, -0.155278, -0.075413, 0.971318, 0.227890, -0.067879, 0.215736, -0.964632, -0.151472, -0.099998, 0.132483, -0.986128),
      ["RightUpperLeg"] = CFrame.new(0.000941, 0.000092, -0.000192, 0.923058, -0.247074, 0.294820, 0.224062, 0.968347, 0.110004, -0.312667, -0.035482, 0.949200),
      ["UpperTorso"] = CFrame.new(-0.000418, -0.013562, 0.012078, 0.998364, -0.029671, -0.048871, 0.048292, 0.895212, 0.443016, 0.030605, -0.444652, 0.895181)
    }},
    {Time = 0.533, Data = {
      ["Head"] = CFrame.new(0.001102, -0.000176, -0.017129, 0.942192, 0.015347, -0.334723, -0.014936, 0.999881, 0.003801, 0.334741, 0.001419, 0.942309),
      ["LeftFoot"] = CFrame.new(-0.000000, 0.035228, 0.000000, 0.920274, -0.299305, -0.252017, 0.317062, 0.947862, 0.032075, 0.229277, -0.109422, 0.967191),
      ["LeftHand"] = CFrame.new(0.000498, 0.003108, -0.000000, 0.998891, -0.041003, 0.023146, 0.047024, 0.893688, -0.446218, -0.002389, 0.446812, 0.894625),
      ["LeftLowerArm"] = CFrame.new(-0.000500, 0.015528, 0.000782, 1.000000, 0.000000, 0.000000, 0.000000, 0.991894, -0.127067, 0.000000, 0.127067, 0.991894),
      ["LeftLowerLeg"] = CFrame.new(0.000000, 0.115104, -0.141390, 1.000000, 0.000000, 0.000000, 0.000000, -0.467776, 0.883847, 0.000000, -0.883847, -0.467776),
      ["LeftUpperArm"] = CFrame.new(-0.224015, 0.063107, 0.482217, -0.202082, 0.979355, 0.005120, -0.009663, -0.007222, 0.999927, 0.979321, 0.202018, 0.010923),
