return {
["wall hump thrust"] = {

          {Time = 0.000, Data = {

              ["Head"] = CFrame.new(-0.000000, 0.000000, 0.000000, 1.000000, -0.000000, 0.000000, 0.000000, 0.947572, -0.319543, 0.000000, 0.319543, 0.947572),

              ["LeftFoot"] = CFrame.new(-0.000000, 0.033289, -0.000000, 0.990841, -0.128476, -0.041571, 0.118609, 0.975201, -0.186859, 0.064544, 0.180213, 0.981507),

              ["LeftHand"] = CFrame.new(0.000514, -0.020973, -0.000000, 0.997527, -0.061088, 0.034763, 0.067948, 0.964656, -0.254602, -0.017981, 0.256333, 0.966421),

              ["LeftLowerArm"] = CFrame.new(-0.000499, -0.021147, 0.000114, 1.000000, -0.000000, -0.000000, 0.000000, 1.000000, -0.000001, 0.000000, -0.000000, 1.000000),

              ["LeftLowerLeg"] = CFrame.new(0.000000, 0.125518, -0.108485, 1.000000, -0.000000, -0.000000, 0.000000, -0.124806, 0.992180, -0.000000, -0.992181, -0.124816),

              ["LeftUpperArm"] = CFrame.new(-0.066096, -0.519680, -0.021833, 0.547192, -0.010294, -0.836944, -0.833604, -0.096775, -0.543819, -0.075398, 0.995253, -0.061536),

              ["LeftUpperLeg"] = CFrame.new(0.000000, 0.000000, -0.000100, 0.990841, 0.049236, -0.125737, -0.130233, 0.594525, -0.793448, 0.035688, 0.802568, 0.595508),

              ["LowerTorso"] = CFrame.new(-0.000000, -0.604573, 0.548334, 1.000000, 0.000000, -0.000000, 0.000000, 1.000000, 0.000000, 0.000000, 0.000000, 1.000000),

              ["RightFoot"] = CFrame.new(0.000000, 0.033378, -0.000101, 0.983162, 0.177981, 0.041422, -0.168330, 0.970290, -0.173791, -0.071120, 0.163890, 0.983911),

              ["RightHand"] = CFrame.new(-0.000497, 0.005173, -0.000000, 0.977716, 0.181632, -0.105266, -0.201891, 0.950965, -0.234323, 0.057543, 0.250352, 0.966443),

              ["RightLowerArm"] = CFrame.new(0.000000, 0.029107, 0.002904, 1.000000, 0.000000, 0.000000, -0.000000, 0.970338, -0.241754, -0.000000, 0.241753, 0.970338),

              ["RightLowerLeg"] = CFrame.new(0.000000, 0.125526, -0.106603, 1.000000, 0.000000, 0.000000, -0.000000, -0.104173, 0.994558, 0.000000, -0.994559, -0.104184),

              ["RightUpperArm"] = CFrame.new(0.029855, -0.553753, -0.077442, 0.546615, -0.105090, 0.830764, 0.830788, -0.056214, -0.553742, 0.104894, 0.992873, 0.056580),

              ["RightUpperLeg"] = CFrame.new(0.000000, 0.000000, -0.000000, 0.983162, -0.053196, 0.174823, 0.170973, 0.605499, -0.777251, -0.064507, 0.794066, 0.604415),

              ["UpperTorso"] = CFrame.new(-0.000000, 0.000000, 0.000000, 1.000000, -0.000000, 0.000000, -0.000000, 0.984071, 0.177776, -0.000000, -0.177776, 0.984071)

          }},

          {Time = 0.017, Data = {

              ["Head"] = CFrame.new(0.000000, 0.000916, -0.000413, 1.000000, -0.000000, 0.000000, 0.000000, 0.947530, -0.319666, 0.000000, 0.319666, 0.947530),

              ["LeftFoot"] = CFrame.new(0.000000, 0.033210, -0.000001, 0.990813, -0.128648, -0.041713, 0.121664, 0.982577, -0.140503, 0.059059, 0.134137, 0.989201),

              ["LeftHand"] = CFrame.new(0.000518, -0.026668, 0.000000, 0.997931, -0.055916, 0.031742, 0.062238, 0.963998, -0.258527, -0.016143, 0.259966, 0.965483),

              ["LeftLowerArm"] = CFrame.new(-0.000499, -0.026836, 0.000146, 1.000000, -0.000000, -0.000000, 0.000000, 1.000000, -0.000001, 0.000000, -0.000000, 1.000000),

              ["LeftLowerLeg"] = CFrame.new(0.000000, 0.125671, -0.107063, 1.000000, -0.000000, -0.000000, 0.000000, -0.110004, 0.993930, -0.000000, -0.993931, -0.110014),

              ["LeftUpperArm"] = CFrame.new(-0.065460, -0.519582, -0.018121, 0.548463, -0.010233, -0.836112, -0.833407, -0.087973, -0.545612, -0.067973, 0.996070, -0.056778),

              ["LeftUpperLeg"] = CFrame.new(0.000000, 0.000000, -0.000100, 0.990813, 0.045316, -0.127422, -0.131380, 0.546047, -0.827377, 0.032084, 0.836528, 0.547001),

              ["LowerTorso"] = CFrame.new(0.000000, -0.593838, 0.577508, 1.000000, -0.000000, -0.000000, 0.000000, 0.999403, 0.034557, 0.000000, -0.034557, 0.999403),

              ["RightFoot"] = CFrame.new(-0.000000, 0.033302, -0.000101, 0.982976, 0.178850, 0.042071, -0.172257, 0.976753, -0.127598, -0.063911, 0.118179, 0.990933),

              ["RightHand"] = CFrame.new(-0.000497, 0.004254, -0.000000, 0.979060, 0.176146, -0.102052, -0.197350, 0.944256, -0.263503, 0.049947, 0.278124, 0.959245),

              ["RightLowerArm"] = CFrame.new(-0.000000, 0.023186, 0.001795, 1.000000, 0.000000, 0.000000, -0.000000, 0.981599, -0.190956, -0.000000, 0.190956, 0.981599),

              ["RightLowerLeg"] = CFrame.new(0.000000, 0.125645, -0.105226, 1.000000, 0.000000, 0.000000, -0.000000, -0.089847, 0.995955, 0.000000, -0.995956, -0.089858),

              ["RightUpperArm"] = CFrame.new(0.029417, -0.553950, -0.073443, 0.547492, -0.082901, 0.832695, 0.831182, -0.061346, -0.552605, 0.096895, 0.994668, 0.035320),

              ["RightUpperLeg"] = CFrame.new(0.000000, 0.000000, -0.000000, 0.982976, -0.048174, 0.177303, 0.173733, 0.557717, -0.811634, -0.059785, 0.828632, 0.556610),

              ["UpperTorso"] = CFrame.new(-0.000000, 0.001006, -0.007235, 1.000000, -0.000000, 0.000000, -0.000000, 0.989895, 0.141801, -0.000000, -0.141801, 0.989895)

          }},

          {Time = 0.033, Data = {

              ["Head"] = CFrame.new(0.000000, 0.003284, -0.001751, 1.000000, -0.000000, 0.000000, 0.000000, 0.948030, -0.318181, 0.000000, 0.318181, 0.948030),

              ["LeftFoot"] = CFrame.new(0.000000, 0.032911, -0.000001, 0.990757, -0.128987, -0.041993, 0.128366, 0.991578, -0.017165, 0.043852, 0.011624, 0.998970),

              ["LeftHand"] = CFrame.new(0.000528, -0.041665, -0.000000, 0.998864, -0.041533, 0.023339, 0.046291, 0.961918, -0.269393, -0.011262, 0.270165, 0.962748),

              ["LeftLowerArm"] = CFrame.new(-0.000499, -0.041814, 0.000227, 1.000000, -0.000000, -0.000000, 0.000000, 1.000000, -0.000001, 0.000000, -0.000000, 1.000000),

              ["LeftLowerLeg"] = CFrame.new(0.000000, 0.126024, -0.102122, 1.000000, -0.000000, -0.000000, 0.000000, -0.058582, 0.998282, -0.000000, -0.998283, -0.058593),

              ["LeftUpperArm"] = CFrame.new(-0.063746, -0.519205, -0.007080, 0.551891, -0.010076, -0.833855, -0.832652, -0.061684, -0.550350, -0.045890, 0.998045, -0.042432),

              ["LeftUpperLeg"] = CFrame.new(0.000000, -0.000000, -0.000100, 0.990757, 0.036256, -0.130715, -0.133732, 0.422550, -0.896411, 0.022733, 0.905614, 0.423511),

              ["LowerTorso"] = CFrame.new(0.000000, -0.561906, 0.650877, 1.000000, -0.000000, -0.000000, 0.000000, 0.992203, 0.124629, 0.000000, -0.124629, 0.992203),

              ["RightFoot"] = CFrame.new(0.000000, 0.032912, -0.000101, 0.982523, 0.180955, 0.043641, -0.180931, 0.983485, -0.004519, -0.043737, -0.003447, 0.999037),

              ["RightHand"] = CFrame.new(-0.000500, 0.000921, -0.000000, 0.982575, 0.160870, -0.093099, -0.183531, 0.918901, -0.349198, 0.029372, 0.360197, 0.932413),

              ["RightLowerArm"] = CFrame.new(-0.000000, 0.004375, 0.000052, 1.000000, 0.000000, 0.000000, -0.000000, 0.999399, -0.034671, -0.000000, 0.034670, 0.999399),

              ["RightLowerLeg"] = CFrame.new(0.000000, 0.125847, -0.100413, 1.000000, 0.000000, 0.000000, -0.000000, -0.039695, 0.999211, 0.000000, -0.999212, -0.039707),

              ["RightUpperArm"] = CFrame.new(0.028259, -0.554397, -0.061600, 0.549808, -0.015691, 0.835144, 0.832077, -0.077341, -0.549242, 0.073210, 0.996881, -0.029466),

              ["RightUpperLeg"] = CFrame.new(0.000000, -0.000000, -0.000000, 0.982523, -0.036518, 0.182525, 0.180037, 0.435510, -0.881987, -0.047283, 0.899443, 0.434492),

              ["UpperTorso"] = CFrame.new(-0.000000, 0.006631, -0.025781, 1.000000, 0.000000, 0.000000, -0.000000, 0.998991, 0.044920, -0.000000, -0.044920, 0.998991)

          }},

          {Time = 0.050, Data = {

              ["Head"] = CFrame.new(-0.000000, 0.006531, -0.004166, 1.000000, -0.000000, 0.000000, 0.000000, 0.949987, -0.312289, 0.000000, 0.312289, 0.949987),

              ["LeftFoot"] = CFrame.new(-0.000000, 0.032191, -0.000001, 0.990698, -0.129340, -0.042285, 0.134386, 0.978784, 0.154686, 0.021381, -0.158911, 0.987058),

              ["LeftHand"] = CFrame.new(0.000542, -0.063049, 0.000000, 0.999743, -0.019958, 0.010736, 0.022193, 0.958103, -0.285564, -0.004587, 0.285727, 0.958300),

              ["LeftLowerArm"] = CFrame.new(-0.000498, -0.063173, 0.000343, 1.000000, -0.000000, -0.000000, 0.000000, 1.000000, -0.000001, 0.000000, -0.000000, 1.000000),

              ["LeftLowerLeg"] = CFrame.new(0.000000, 0.125850, -0.092503, 1.000000, -0.000000, -0.000000, 0.000000, 0.041592, 0.999135, -0.000000, -0.999135, 0.041578),

              ["LeftUpperArm"] = CFrame.new(-0.061321, -0.518192, 0.010951, 0.556741, -0.009862, -0.830628, -0.830628, -0.018441, -0.556522, -0.009829, 0.999781, -0.018458),

              ["LeftUpperLeg"] = CFrame.new(0.000000, 0.000000, -0.000100, 0.990698, 0.026949, -0.133381, -0.135717, 0.266857, -0.954127, 0.009880, 0.963359, 0.268052),

              ["LowerTorso"] = CFrame.new(0.000000, -0.508510, 0.746714, 1.000000, -0.000000, -0.000000, 0.000000, 0.968611, 0.248581, 0.000000, -0.248581, 0.968611),

              ["RightFoot"] = CFrame.new(-0.000000, 0.032292, -0.000101, 0.981924, 0.183681, 0.045676, -0.188795, 0.967654, 0.167360, -0.013459, -0.172939, 0.984837),

              ["RightHand"] = CFrame.new(-0.000511, -0.017479, -0.000000, 0.987243, 0.137865, -0.079655, -0.158011, 0.909899, -0.383559, 0.019598, 0.391250, 0.920075),

              ["RightLowerArm"] = CFrame.new(-0.000000, -0.017458, 0.000095, 1.000000, 0.000000, 0.000000, -0.000000, 1.000000, -0.000001, -0.000000, -0.000000, 1.000000),

              ["RightLowerLeg"] = CFrame.new(-0.000000, 0.125532, -0.091001, 1.000000, 0.000000, 0.000000, -0.000000, 0.058250, 0.998303, 0.000000, -0.998302, 0.058236),

              ["RightUpperArm"] = CFrame.new(0.026705, -0.554617, -0.042333, 0.552916, -0.000831, 0.833237, 0.832516, -0.041066, -0.552478, 0.034677, 0.999156, -0.022014),

              ["RightUpperLeg"] = CFrame.new(0.000000, -0.000000, -0.000000, 0.981924, -0.024429, 0.187691, 0.186952, 0.280019, -0.941609, -0.029554, 0.959684, 0.279545),

              ["UpperTorso"] = CFrame.new(-0.000000, 0.021376, -0.049688, 1.000000, 0.000000, 0.000000, -0.000000, 0.995459, -0.095194, -0.000000, 0.095194, 0.995459)

          }},

          {Time = 0.067, Data = {

              ["Head"] = CFrame.new(0.000000, 0.010085, -0.007806, 1.000000, -0.000000, 0.000000, 0.000000, 0.954210, -0.299137, 0.000000, 0.299137, 0.954210),

              ["LeftFoot"] = CFrame.new(0.000000, 0.030904, -0.000002, 0.990641, -0.129685, -0.042569, 0.136418, 0.930459, 0.340078, -0.004492, -0.342678, 0.939433),

              ["LeftHand"] = CFrame.new(0.000558, -0.088016, -0.000000, 0.999966, 0.006732, -0.004856, -0.007893, 0.952210, -0.305344, 0.002568, 0.305369, 0.952230),

              ["LeftLowerArm"] = CFrame.new(-0.000497, -0.088111, 0.000479, 1.000000, -0.000000, -0.000000, -0.000000, 1.000000, -0.000001, 0.000000, -0.000000, 1.000000),

              ["LeftLowerLeg"] = CFrame.new(0.000000, 0.123586, -0.078294, 1.000000, -0.000000, -0.000000, 0.000000, 0.189492, 0.981885, -0.000000, -0.981882, 0.189477),

              ["LeftUpperArm"] = CFrame.new(-0.058564, -0.515890, 0.035566, 0.562256, -0.009626, -0.826907, -0.826024, 0.041106, -0.562134, 0.039402, 0.999108, 0.015162),

              ["LeftUpperLeg"] = CFrame.new(0.000000, -0.000000, -0.000100, 0.990641, 0.021436, -0.134798, -0.136433, 0.126434, -0.982545, -0.004019, 0.991743, 0.128197),

              ["LowerTorso"] = CFrame.new(0.000000, -0.435299, 0.842714, 1.000000, -0.000000, -0.000000, 0.000000, 0.923613, 0.383327, 0.000000, -0.383327, 0.923613),

              ["RightFoot"] = CFrame.new(-0.000000, 0.030940, -0.000102, 0.981261, 0.186641, 0.047887, -0.191421, 0.915817, 0.353066, 0.022038, -0.355591, 0.934372),

              ["RightHand"] = CFrame.new(-0.000527, -0.041396, -0.000000, 0.992023, 0.109225, -0.062927, -0.125425, 0.905158, -0.406153, 0.012596, 0.410803, 0.911636),

              ["RightLowerArm"] = CFrame.new(-0.000001, -0.041346, 0.000225, 1.000000, 0.000000, 0.000000, -0.000000, 1.000000, -0.000001, -0.000000, -0.000000, 1.000000),

              ["RightLowerLeg"] = CFrame.new(0.000000, 0.123036, -0.077080, 1.000000, 0.000000, 0.000000, -0.000000, 0.203182, 0.979144, 0.000000, -0.979141, 0.203168),

              ["RightUpperArm"] = CFrame.new(0.025063, -0.553788, -0.016088, 0.556198, -0.000744, 0.831049, 0.830859, 0.021933, -0.556051, -0.017813, 0.999759, 0.012817),

              ["RightUpperLeg"] = CFrame.new(-0.000000, -0.000000, -0.000000, 0.981261, -0.017310, 0.191906, 0.192441, 0.138206, -0.971525, -0.009705, 0.990252, 0.138968),

              ["UpperTorso"] = CFrame.new(-0.000000, 0.047346, -0.071718, 1.000000, 0.000000, 0.000000, -0.000000, 0.966238, -0.257653, -0.000000, 0.257653, 0.966238)

          }},

          {Time = 0.083, Data = {

              ["Head"] = CFrame.new(-0.000000, 0.013373, -0.012823, 1.000000, -0.000000, 0.000000, 0.000000, 0.961232, -0.275742, 0.000000, 0.275742, 0.961232),

              ["LeftFoot"] = CFrame.new(0.000000, 0.028950, -0.000002, 0.990581, -0.130045, -0.042867, 0.133696, 0.851004, 0.507881, -0.029565, -0.508803, 0.860360),

              ["LeftHand"] = CFrame.new(0.000575, -0.113734, 0.000000, 0.999077, 0.036687, -0.022354, -0.041986, 0.944018, -0.327214, 0.009098, 0.327848, 0.944686),

              ["LeftLowerArm"] = CFrame.new(-0.000496, -0.113800, 0.000619, 1.000000, -0.000000, -0.000000, 0.000000, 1.000000, -0.000001, 0.000000, -0.000000, 1.000000),

              ["LeftLowerLeg"] = CFrame.new(-0.000000, 0.117540, -0.061489, 1.000000, -0.000000, -0.000000, 0.000000, 0.364227, 0.931316, -0.000000, -0.931310, 0.364213),

              ["LeftUpperArm"] = CFrame.new(-0.055788, -0.511343, 0.066413, 0.567808, -0.009396, -0.823108, -0.816930, 0.116373, -0.564874, 0.101095, 0.993161, 0.058402),

              ["LeftUpperLeg"] = CFrame.new(0.000000, 0.000000, -0.000100, 0.990581, 0.021158, -0.135282, -0.135942, 0.033709, -0.990142, -0.016389, 0.999208, 0.036289),

              ["LowerTorso"] = CFrame.new(0.000000, -0.347850, 0.917003, 1.000000, -0.000000, -0.000000, 0.000000, 0.862027, 0.506862, 0.000000, -0.506862, 0.862027),

              ["RightFoot"] = CFrame.new(-0.000000, 0.029002, -0.000102, 0.980584, 0.189594, 0.050093, -0.187600, 0.832585, 0.521186, 0.057102, -0.520439, 0.851971),

              ["RightHand"] = CFrame.new(-0.000543, -0.065943, 0.000000, 0.996076, 0.076801, -0.043988, -0.088274, 0.898035, -0.430979, 0.006403, 0.433168, 0.901289),

              ["RightLowerArm"] = CFrame.new(-0.000002, -0.065864, 0.000359, 1.000000, 0.000000, 0.000000, -0.000000, 1.000000, -0.000001, -0.000000, -0.000000, 1.000000),

              ["RightLowerLeg"] = CFrame.new(-0.000000, 0.116852, -0.060605, 1.000000, 0.000000, 0.000000, -0.000000, 0.374464, 0.927247, 0.000000, -0.927242, 0.374450),

              ["RightUpperArm"] = CFrame.new(0.023587, -0.550782, 0.016774, 0.559150, -0.000660, 0.829066, 0.824847, 0.101204, -0.556224, -0.083538, 0.994866, 0.057133),

              ["RightUpperLeg"] = CFrame.new(-0.000000, 0.000000, -0.000000, 0.980584, -0.017296, 0.195334, 0.195911, 0.042851, -0.979684, 0.008575, 0.998932, 0.045428),

              ["UpperTorso"] = CFrame.new(-0.000000, 0.082161, -0.085405, 1.000000, 0.000000, 0.000000, -0.000000, 0.907740, -0.419534, -0.000000, 0.419534, 0.907740)

          }},

          {Time = 0.100, Data = {

              ["Head"] = CFrame.new(-0.000000, 0.015825, -0.019366, 1.000000, -0.000000, 0.000000, 0.000000, 0.971039, -0.238922, 0.000000, 0.238922, 0.971039),

              ["LeftFoot"] = CFrame.new(0.000000, 0.026000, -0.000002, 0.990529, -0.130356, -0.043124, 0.127772, 0.760170, 0.637061, -0.050260, -0.636513, 0.769606),

              ["LeftHand"] = CFrame.new(0.000591, -0.137168, 0.000000, 0.996823, 0.068366, -0.040859, -0.078365, 0.933501, -0.349908, 0.014220, 0.351996, 0.935892),

              ["LeftLowerArm"] = CFrame.new(-0.000496, -0.137208, 0.000747, 1.000000, -0.000000, -0.000000, 0.000000, 1.000000, -0.000001, 0.000000, -0.000000, 1.000000),

              ["LeftLowerLeg"] = CFrame.new(-0.000000, 0.107506, -0.045737, 1.000000, -0.000000, -0.000000, 0.000000, 0.527974, 0.849267, -0.000000, -0.849261, 0.527964),

              ["LeftUpperArm"] = CFrame.new(-0.053221, -0.503271, 0.103160, 0.572942, -0.009197, -0.819544, -0.800785, 0.206723, -0.562147, 0.174588, 0.978356, 0.111075),

              ["LeftUpperLeg"] = CFrame.new(0.000000, 0.000000, -0.000100, 0.990529, 0.024773, -0.135049, -0.135069, -0.000885, -0.990836, -0.024665, 0.999693, 0.002490),

              ["LowerTorso"] = CFrame.new(0.000000, -0.255747, 0.949536, 1.000000, -0.000000, -0.000000, 0.000000, 0.798679, 0.601757, 0.000000, -0.601757, 0.798679),

              ["RightFoot"] = CFrame.new(0.000000, 0.026020, -0.000102, 0.979969, 0.192230, 0.052064, -0.179362, 0.738287, 0.650225, 0.086549, -0.646514, 0.757956),

              ["RightHand"] = CFrame.new(-0.000558, -0.088176, 0.000000, 0.998831, 0.042118, -0.023732, -0.048309, 0.888363, -0.456596, 0.001851, 0.457206, 0.889358),

              ["RightLowerArm"] = CFrame.new(-0.000003, -0.088072, 0.000480, 1.000000, 0.000000, 0.000000, -0.000000, 1.000000, -0.000001, -0.000000, -0.000000, 1.000000),

              ["RightLowerLeg"] = CFrame.new(0.000000, 0.106800, -0.045255, 1.000000, 0.000000, 0.000000, -0.000000, 0.534041, 0.845465, 0.000000, -0.845459, 0.534031),

              ["RightUpperArm"] = CFrame.new(0.022453, -0.544133, 0.055936, 0.561419, -0.000588, 0.827532, 0.811547, 0.195989, -0.550435, -0.161863, 0.980606, 0.110509),

              ["RightUpperLeg"] = CFrame.new(0.000000, 0.000000, -0.000000, 0.979969, -0.022607, 0.197865, 0.198016, 0.004594, -0.980188, 0.021251, 0.999734, 0.008998),

              ["UpperTorso"] = CFrame.new(-0.000000, 0.119663, -0.087746, 1.000000, 0.000000, 0.000000, -0.000000, 0.828414, -0.560116, -0.000000, 0.560116, 0.828414)

          }},

          {Time = 0.117, Data = {

              ["Head"] = CFrame.new(0.000000, 0.016866, -0.027587, 1.000000, -0.000000, 0.000000, 0.000000, 0.982688, -0.185270, 0.000000, 0.185270, 0.982688),

              ["LeftFoot"] = CFrame.new(0.000000, 0.022533, -0.000002, 0.990540, -0.130292, -0.043070, 0.121587, 0.687823, 0.715645, -0.063614, -0.714089, 0.697135),

              ["LeftHand"] = CFrame.new(0.000602, -0.154934, -0.000000, 0.993149, 0.100495, -0.059625, -0.115536, 0.920854, -0.372400, 0.017482, 0.376735, 0.926155),

              ["LeftLowerArm"] = CFrame.new(-0.000495, -0.154954, 0.000844, 1.000000, -0.000000, -0.000000, 0.000000, 1.000000, -0.000001, 0.000000, -0.000000, 1.000000),

              ["LeftLowerLeg"] = CFrame.new(-0.000000, 0.096681, -0.034709, 1.000000, -0.000000, -0.000000, 0.000000, 0.642650, 0.766164, -0.000000, -0.766160, 0.642645),

              ["LeftUpperArm"] = CFrame.new(-0.051006, -0.490039, 0.145353, 0.577371, -0.009053, -0.816432, -0.774322, 0.311094, -0.551041, 0.258975, 0.950336, 0.172607),

              ["LeftUpperLeg"] = CFrame.new(0.000000, -0.000000, -0.000100, 0.990540, 0.029396, -0.134038, -0.134698, 0.021728, -0.990648, -0.026209, 0.999332, 0.025501),

              ["LowerTorso"] = CFrame.new(0.000000, -0.171008, 0.922561, 1.000000, -0.000000, -0.000000, 0.000000, 0.754493, 0.656309, 0.000000, -0.656309, 0.754493),

              ["RightFoot"] = CFrame.new(0.000000, 0.022665, -0.000102, 0.979584, 0.193851, 0.053276, -0.170888, 0.663340, 0.728567, 0.105886, -0.722774, 0.682900),

              ["RightHand"] = CFrame.new(-0.000569, -0.104851, -0.000000, 0.999975, 0.006429, -0.002889, -0.007026, 0.876207, -0.481886, -0.000567, 0.481892, 0.876229),

              ["RightLowerArm"] = CFrame.new(-0.000003, -0.104727, 0.000571, 1.000000, 0.000000, 0.000000, -0.000000, 1.000000, -0.000001, -0.000000, -0.000000, 1.000000),

              ["RightLowerLeg"] = CFrame.new(0.000000, 0.096277, -0.034635, 1.000000, 0.000000, 0.000000, -0.000000, 0.644456, 0.764646, 0.000000, -0.764641, 0.644450),

              ["RightUpperArm"] = CFrame.new(0.021761, -0.531994, 0.100963, 0.562802, -0.000537, 0.826591, 0.787269, 0.305113, -0.535830, -0.251916, 0.952316, 0.172141),

              ["RightUpperLeg"] = CFrame.new(0.000000, -0.000000, -0.000000, 0.979584, -0.029159, 0.198909, 0.199598, 0.022990, -0.979608, 0.023992, 0.999310, 0.028360),

              ["UpperTorso"] = CFrame.new(-0.000000, 0.152711, -0.080389, 1.000000, 0.000000, 0.000000, -0.000000, 0.746764, -0.665089, -0.000000, 0.665089, 0.746764)

          }},

          {Time = 0.133, Data = {

              ["Head"] = CFrame.new(0.000000, 0.015925, -0.037634, 1.000000, -0.000000, 0.000000, 0.000000, 0.993586, -0.113080, 0.000000, 0.113080, 0.993586),

              ["LeftFoot"] = CFrame.new(0.000000, 0.020347, -0.000002, 0.990719, -0.129217, -0.042181, 0.117747, 0.660838, 0.741256, -0.067904, -0.739321, 0.669896),

              ["LeftHand"] = CFrame.new(0.000608, -0.163714, 0.000000, 0.988228, 0.131702, -0.077853, -0.151839, 0.906629, -0.393663, 0.018737, 0.400847, 0.915952),

              ["LeftLowerArm"] = CFrame.new(-0.000495, -0.163723, 0.000892, 1.000000, -0.000000, -0.000000, 0.000000, 1.000000, -0.000001, 0.000000, -0.000000, 1.000000),

              ["LeftLowerLeg"] = CFrame.new(-0.000000, 0.090483, -0.029904, 1.000000, -0.000000, -0.000000, 0.000000, 0.692634, 0.721293, -0.000000, -0.721290, 0.692630),

              ["LeftUpperArm"] = CFrame.new(-0.049234, -0.470033, 0.191454, 0.580914, -0.008983, -0.813915, -0.734311, 0.425632, -0.528796, 0.351178, 0.904852, 0.240660),

              ["LeftUpperLeg"] = CFrame.new(0.000000, 0.000000, -0.000100, 0.990719, 0.032574, -0.131964, -0.134608, 0.100331, -0.985805, -0.018872, 0.994421, 0.103803),

              ["LowerTorso"] = CFrame.new(0.000000, -0.104138, 0.825261, 1.000000, -0.000000, -0.000000, 0.000000, 0.747047, 0.664771, 0.000000, -0.664771, 0.747047),

              ["RightFoot"] = CFrame.new(0.000000, 0.020675, -0.000102, 0.979717, 0.193292, 0.052858, -0.166000, 0.635111, 0.754393, 0.112241, -0.747845, 0.654291),

              ["RightHand"] = CFrame.new(-0.000574, -0.112765, -0.000000, 0.999426, -0.028869, 0.017726, 0.033870, 0.862002, -0.505775, -0.000679, 0.506082, 0.862483),

              ["RightLowerArm"] = CFrame.new(-0.000003, -0.112632, 0.000614, 1.000000, 0.000000, 0.000000, -0.000000, 1.000000, -0.000001, -0.000000, -0.000000, 1.000000),

              ["RightLowerLeg"] = CFrame.new(0.000000, 0.090643, -0.030262, 1.000000, 0.000000, 0.000000, -0.000000, 0.689954, 0.723857, 0.000000, -0.723854, 0.689950),

              ["RightUpperArm"] = CFrame.new(0.021550, -0.512498, 0.150258, 0.563225, -0.000513, 0.826304, 0.748280, 0.424503, -0.509778, -0.350506, 0.905426, 0.239475),

              ["RightUpperLeg"] = CFrame.new(0.000000, -0.000000, -0.000000, 0.979717, -0.033281, 0.197603, 0.199945, 0.096995, -0.974993, 0.013283, 0.994728, 0.101700),

              ["UpperTorso"] = CFrame.new(-0.000000, 0.176743, -0.068415, 1.000000, 0.000000, 0.000000, -0.000000, 0.683836, -0.729636, -0.000000, 0.729636, 0.683836)

          }},

          {Time = 0.150, Data = {

              ["Head"] = CFrame.new(0.000000, 0.012430, -0.049658, 1.000000, -0.000000, 0.000000, 0.000000, 0.999600, -0.028265, 0.000000, 0.028265, 0.999600),

              ["LeftFoot"] = CFrame.new(0.000000, 0.020103, -0.000002, 0.991128, -0.126717, -0.040114, 0.115994, 0.677287, 0.726540, -0.064892, -0.724724, 0.685953),

              ["LeftHand"] = CFrame.new(0.000607, -0.162217, -0.000000, 0.982598, 0.159987, -0.094373, -0.184851, 0.892066, -0.412372, 0.018213, 0.422638, 0.906114),

              ["LeftLowerArm"] = CFrame.new(-0.000496, -0.162229, 0.000884, 1.000000, 0.000000, -0.000000, 0.000000, 1.000000, -0.000001, 0.000000, -0.000000, 1.000000),

              ["LeftLowerLeg"] = CFrame.new(-0.000000, 0.089793, -0.029416, 1.000000, -0.000000, -0.000000, 0.000000, 0.697719, 0.716375, -0.000000, -0.716372, 0.697716),

              ["LeftUpperArm"] = CFrame.new(-0.047956, -0.443479, 0.236957, 0.583471, -0.008992, -0.812085, -0.681202, 0.539018, -0.495402, 0.442183, 0.842246, 0.308376),

              ["LeftUpperLeg"] = CFrame.new(0.000000, -0.000000, -0.000100, 0.991128, 0.034441, -0.128373, -0.132865, 0.230727, -0.963900, -0.003579, 0.972409, 0.233274),

              ["LowerTorso"] = CFrame.new(0.000000, -0.057282, 0.669329, 1.000000, -0.000000, -0.000000, 0.000000, 0.774853, 0.632142, 0.000000, -0.632142, 0.774853),

              ["RightFoot"] = CFrame.new(0.000000, 0.020671, -0.000102, 0.980510, 0.189919, 0.050335, -0.164238, 0.651692, 0.740510, 0.107827, -0.734322, 0.670158),

              ["RightHand"] = CFrame.new(-0.000573, -0.110802, 0.000000, 0.997426, -0.061534, 0.036802, 0.071688, 0.846941, -0.526836, 0.001249, 0.528115, 0.849170),

              ["RightLowerArm"] = CFrame.new(-0.000003, -0.110671, 0.000603, 1.000000, 0.000000, 0.000000, 0.000000, 1.000000, -0.000001, -0.000000, -0.000000, 1.000000),

              ["RightLowerLeg"] = CFrame.new(0.000000, 0.090632, -0.030254, 1.000000, 0.000000, 0.000000, -0.000000, 0.690032, 0.723782, 0.000000, -0.723779, 0.690028),

              ["RightUpperArm"] = CFrame.new(0.021774, -0.485680, 0.199033, 0.562776, -0.000519, 0.826609, 0.694642, 0.542339, -0.472589, -0.448057, 0.840160, 0.305576),

              ["RightUpperLeg"] = CFrame.new(0.000000, -0.000000, -0.000000, 0.980509, -0.035281, 0.193279, 0.196248, 0.222890, -0.954882, -0.009390, 0.974205, 0.225487),

              ["UpperTorso"] = CFrame.new(-0.000000, 0.192314, -0.057395, 1.000000, 0.000000, 0.000000, -0.000000, 0.649488, -0.760372, -0.000000, 0.760372, 0.649488)

          }},

          {Time = 0.167, Data = {

              ["Head"] = CFrame.new(0.000000, 0.005810, -0.063809, 1.000000, -0.000000, -0.000000, 0.000000, 0.998160, 0.060639, -0.000000, -0.060639, 0.998160),

              ["LeftFoot"] = CFrame.new(0.000000, 0.020802, -0.000002, 0.991780, -0.122586, -0.036699, 0.114443, 0.721471, 0.682945, -0.057238, -0.681507, 0.729548),

              ["LeftHand"] = CFrame.new(0.000598, -0.149642, 0.000000, 0.976895, 0.184141, -0.108480, -0.213081, 0.878374, -0.427853, 0.016501, 0.441079, 0.897315),

              ["LeftLowerArm"] = CFrame.new(-0.000496, -0.149667, 0.000815, 1.000000, -0.000000, -0.000000, -0.000000, 1.000000, -0.000001, 0.000000, -0.000000, 1.000000),

              ["LeftLowerLeg"] = CFrame.new(-0.000000, 0.091655, -0.030716, 1.000000, -0.000000, -0.000000, 0.000000, 0.684167, 0.729329, -0.000000, -0.729325, 0.684163),

              ["LeftUpperArm"] = CFrame.new(-0.047116, -0.412458, 0.277705, 0.585152, -0.009089, -0.810873, -0.619159, 0.640732, -0.453987, 0.523678, 0.767711, 0.369298),

              ["LeftUpperLeg"] = CFrame.new(0.000000, 0.000000, -0.000100, 0.991779, 0.036550, -0.122628, -0.126798, 0.409533, -0.903433, 0.017199, 0.911563, 0.410818),

              ["LowerTorso"] = CFrame.new(0.000000, -0.028639, 0.470523, 1.000000, -0.000000, -0.000000, 0.000000, 0.827001, 0.562201, 0.000000, -0.562201, 0.827001),

              ["RightFoot"] = CFrame.new(0.000000, 0.021654, -0.000102, 0.981967, 0.183493, 0.045533, -0.162670, 0.697336, 0.698064, 0.096332, -0.692859, 0.714586),

              ["RightHand"] = CFrame.new(-0.000565, -0.098241, 0.000000, 0.994500, -0.090063, 0.053462, 0.104637, 0.832289, -0.544380, 0.004532, 0.546977, 0.837133),

              ["RightLowerArm"] = CFrame.new(-0.000003, -0.098125, 0.000534, 1.000000, 0.000000, 0.000000, -0.000000, 1.000000, -0.000001, -0.000000, -0.000000, 1.000000),

              ["RightLowerLeg"] = CFrame.new(0.000000, 0.093190, -0.032084, 1.000000, 0.000000, 0.000000, -0.000000, 0.670951, 0.741506, 0.000000, -0.741501, 0.670947),

              ["RightUpperArm"] = CFrame.new(0.022302, -0.453639, 0.242803, 0.561721, -0.000557, 0.827326, 0.630560, 0.647670, -0.427689, -0.535596, 0.761921, 0.364161),

              ["RightUpperLeg"] = CFrame.new(0.000000, -0.000000, -0.000000, 0.981967, -0.037708, 0.185256, 0.184802, 0.398119, -0.898519, -0.039872, 0.916559, 0.397925),

              ["UpperTorso"] = CFrame.new(-0.000000, 0.201312, -0.050481, 1.000000, 0.000000, 0.000000, -0.000000, 0.646495, -0.762919, -0.000000, 0.762919, 0.646495)

          }},

          {Time = 0.183, Data = {

              ["Head"] = CFrame.new(-0.000000, -0.004509, -0.080238, 1.000000, -0.000000, -0.000000, 0.000000, 0.989457, 0.144828, -0.000000, -0.144828, 0.989457),

              ["LeftFoot"] = CFrame.new(0.000000, 0.021198, -0.000002, 0.992622, -0.116943, -0.032039, 0.111387, 0.775083, 0.621989, -0.047901, -0.620944, 0.782371),

              ["LeftHand"] = CFrame.new(0.000583, -0.125880, -0.000000, 0.971614, 0.203877, -0.120006, -0.236145, 0.866352, -0.440082, 0.014245, 0.455925, 0.889902),

              ["LeftLowerArm"] = CFrame.new(-0.000496, -0.125931, 0.000685, 1.000000, -0.000000, -0.000000, 0.000000, 1.000000, -0.000001, 0.000000, -0.000000, 1.000000),

              ["LeftLowerLeg"] = CFrame.new(0.000000, 0.092607, -0.031367, 1.000000, -0.000000, -0.000000, 0.000000, 0.677361, 0.735655, -0.000000, -0.735651, 0.677356),

              ["LeftUpperArm"] = CFrame.new(-0.046603, -0.380281, 0.311072, 0.586177, -0.009282, -0.810130, -0.554805, 0.724094, -0.409730, 0.590413, 0.689639, 0.419298),

              ["LeftUpperLeg"] = CFrame.new(0.000000, -0.000000, -0.000100, 0.992622, 0.040208, -0.114389, -0.114496, 0.621320, -0.775134, 0.039906, 0.782525, 0.621355),

              ["LowerTorso"] = CFrame.new(0.000000, -0.015067, 0.244094, 1.000000, -0.000000, -0.000000, 0.000000, 0.889234, 0.457452, 0.000000, -0.457452, 0.889234),

              ["RightFoot"] = CFrame.new(0.000000, 0.022156, -0.000102, 0.983921, 0.174363, 0.038721, -0.158681, 0.753854, 0.637617, 0.081981, -0.633484, 0.769380),

              ["RightHand"] = CFrame.new(-0.000549, -0.074882, -0.000000, 0.991200, -0.113933, 0.067401, 0.132108, 0.818956, -0.558446, 0.008426, 0.562433, 0.826798),

              ["RightLowerArm"] = CFrame.new(-0.000002, -0.074793, 0.000407, 1.000000, 0.000000, 0.000000, -0.000000, 1.000000, -0.000001, -0.000000, -0.000000, 1.000000),

              ["RightLowerLeg"] = CFrame.new(0.000000, 0.094736, -0.033345, 1.000000, 0.000000, 0.000000, -0.000000, 0.657868, 0.753138, 0.000000, -0.753133, 0.657863),

              ["RightUpperArm"] = CFrame.new(0.022983, -0.419897, 0.278708, 0.560359, -0.000631, 0.828250, 0.563076, 0.733652, -0.380394, -0.607407, 0.679526, 0.411463),

              ["RightUpperLeg"] = CFrame.new(-0.000000, -0.000000, -0.000000, 0.983920, -0.042644, 0.173442, 0.163311, 0.608004, -0.776944, -0.072321, 0.792788, 0.605208),

              ["UpperTorso"] = CFrame.new(-0.000000, 0.204743, -0.048722, 1.000000, 0.000000, 0.000000, -0.000000, 0.673815, -0.738900, -0.000000, 0.738900, 0.673815)

          }},

          {Time = 0.200, Data = {

              ["Head"] = CFrame.new(0.000000, -0.019100, -0.099094, 1.000000, -0.000000, -0.000000, 0.000000, 0.976379, 0.216067, -0.000000, -0.216067, 0.976379),

              ["LeftFoot"] = CFrame.new(0.000000, 0.020187, -0.000003, 0.993539, -0.110332, -0.026583, 0.106317, 0.822938, 0.558119, -0.039700, -0.557315, 0.829335),

              ["LeftHand"] = CFrame.new(0.000560, -0.092221, 0.000000, 0.967082, 0.219325, -0.129028, -0.254182, 0.856457, -0.449305, 0.011963, 0.467309, 0.884012),

              ["LeftLowerArm"] = CFrame.new(-0.000497, -0.092311, 0.000502, 1.000000, -0.000000, -0.000000, 0.000000, 1.000000, -0.000001, 0.000000, -0.000000, 1.000000),

              ["LeftLowerLeg"] = CFrame.new(0.000000, 0.090027, -0.029581, 1.000000, -0.000000, -0.000000, 0.000000, 0.695998, 0.718047, -0.000000, -0.718043, 0.695994),

              ["LeftUpperArm"] = CFrame.new(-0.046313, -0.350914, 0.335877, 0.586757, -0.009574, -0.809707, -0.496071, 0.786078, -0.368774, 0.640023, 0.618053, 0.456488),

              ["LeftUpperLeg"] = CFrame.new(0.000000, 0.000000, -0.000100, 0.993539, 0.045488, -0.103972, -0.095983, 0.825639, -0.555957, 0.060554, 0.562362, 0.824683),

              ["LowerTorso"] = CFrame.new(0.000000, -0.013142, 0.006109, 1.000000, -0.000000, -0.000000, 0.000000, 0.946588, 0.322446, 0.000000, -0.322446, 0.946588),

              ["RightFoot"] = CFrame.new(0.000000, 0.021622, -0.000103, 0.986052, 0.163587, 0.030698, -0.151400, 0.804954, 0.573720, 0.069139, -0.570341, 0.818476),

              ["RightHand"] = CFrame.new(-0.000528, -0.041836, -0.000000, 0.987984, -0.133089, 0.078588, 0.154068, 0.807537, -0.569342, 0.012311, 0.574605, 0.818336),

              ["RightLowerArm"] = CFrame.new(-0.000001, -0.041785, 0.000228, 1.000000, -0.000000, 0.000000, -0.000000, 1.000000, -0.000001, -0.000000, -0.000000, 1.000000),

              ["RightLowerLeg"] = CFrame.new(0.000000, 0.093084, -0.031999, 1.000000, 0.000000, 0.000000, -0.000000, 0.671835, 0.740705, 0.000000, -0.740701, 0.671830),

              ["RightUpperArm"] = CFrame.new(0.023689, -0.388738, 0.305468, 0.558946, -0.000743, 0.829204, 0.500757, 0.797362, -0.336833, -0.660925, 0.603501, 0.446055),

              ["RightUpperLeg"] = CFrame.new(-0.000000, -0.000000, -0.000000, 0.986052, -0.050501, 0.158593, 0.132627, 0.814106, -0.565351, -0.100561, 0.578517, 0.809460),

              ["UpperTorso"] = CFrame.new(-0.000000, 0.202262, -0.051483, 1.000000, 0.000000, 0.000000, -0.000000, 0.727032, -0.686604, -0.000000, 0.686604, 0.727032)

          }},

          {Time = 0.217, Data = {

              ["Head"] = CFrame.new(-0.000000, -0.038533, -0.120529, 1.000000, -0.000000, -0.000000, 0.000000, 0.963646, 0.267184, -0.000000, -0.267184, 0.963646),

              ["LeftFoot"] = CFrame.new(-0.000000, 0.017751, -0.000003, 0.994398, -0.103590, -0.021024, 0.099911, 0.856230, 0.506864, -0.034503, -0.506103, 0.861769),

              ["LeftHand"] = CFrame.new(0.000534, -0.051187, -0.000000, 0.963594, 0.230469, -0.135537, -0.267179, 0.849116, -0.455653, 0.010072, 0.475274, 0.879778),

              ["LeftLowerArm"] = CFrame.new(-0.000499, -0.051325, 0.000279, 1.000000, -0.000000, -0.000000, 0.000000, 1.000000, -0.000001, 0.000000, -0.000000, 1.000000),

              ["LeftLowerLeg"] = CFrame.new(0.000000, 0.082868, -0.024796, 1.000000, -0.000000, -0.000000, 0.000000, 0.745659, 0.666331, -0.000000, -0.666328, 0.745657),

              ["LeftUpperArm"] = CFrame.new(-0.046166, -0.328538, 0.351902, 0.587052, -0.009964, -0.809488, -0.451318, 0.826090, -0.337471, 0.672072, 0.563450, 0.480461),

              ["LeftUpperLeg"] = CFrame.new(0.000000, -0.000000, -0.000100, 0.994398, 0.051507, -0.092301, -0.073395, 0.964865, -0.252264, 0.076065, 0.257647, 0.963246),

              ["LowerTorso"] = CFrame.new(0.000000, -0.020279, -0.225826, 1.000000, -0.000000, -0.000000, 0.000000, 0.986196, 0.165583, 0.000000, -0.165583, 0.986196),

              ["RightFoot"] = CFrame.new(-0.000000, 0.019358, -0.000103, 0.988023, 0.152647, 0.022568, -0.141963, 0.841920, 0.520615, 0.060466, -0.517561, 0.853493),

              ["RightHand"] = CFrame.new(-0.000501, -0.001415, 0.000000, 0.985268, -0.147300, 0.086886, 0.170299, 0.798628, -0.577230, 0.015636, 0.583520, 0.811946),

              ["RightLowerArm"] = CFrame.new(-0.000000, -0.001413, 0.000007, 1.000000, 0.000000, 0.000000, 0.000000, 1.000000, -0.000001, -0.000000, -0.000000, 1.000000),

              ["RightLowerLeg"] = CFrame.new(-0.000000, 0.086859, -0.027629, 1.000000, 0.000000, 0.000000, -0.000000, 0.717320, 0.696748, 0.000000, -0.696744, 0.717316),

              ["RightUpperArm"] = CFrame.new(0.024306, -0.364710, 0.322862, 0.557713, -0.000895, 0.830033, 0.452702, 0.838503, -0.303273, -0.695714, 0.544897, 0.468049),

              ["RightUpperLeg"] = CFrame.new(0.000000, -0.000000, -0.000000, 0.988023, -0.059701, 0.142287, 0.096676, 0.958200, -0.269247, -0.120265, 0.279800, 0.952502),

              ["UpperTorso"] = CFrame.new(-0.000000, 0.192466, -0.056467, 1.000000, 0.000000, 0.000000, -0.000000, 0.798295, -0.602266, -0.000000, 0.602266, 0.798295)

          }},

          {Time = 0.233, Data = {

              ["Head"] = CFrame.new(-0.000000, -0.062790, -0.144238, 1.000000, -0.000000, -0.000000, 0.000000, 0.955846, 0.293870, -0.000000, -0.293870, 0.955846),

              ["LeftFoot"] = CFrame.new(0.000000, 0.014187, -0.000003, 0.995108, -0.097488, -0.015997, 0.093313, 0.874359, 0.476245, -0.032440, -0.475386, 0.879167),

              ["LeftHand"] = CFrame.new(0.000504, -0.006074, -0.000000, 0.961492, 0.236915, -0.139301, -0.274687, 0.844903, -0.459008, 0.008950, 0.479594, 0.877443),

              ["LeftLowerArm"] = CFrame.new(-0.000500, -0.006266, 0.000033, 1.000000, -0.000000, -0.000000, -0.000000, 1.000000, -0.000001, 0.000000, -0.000000, 1.000000),

              ["LeftLowerLeg"] = CFrame.new(-0.000000, 0.071294, -0.018145, 1.000000, -0.000000, -0.000000, 0.000000, 0.814318, 0.580417, -0.000000, -0.580419, 0.814319),

              ["LeftUpperArm"] = CFrame.new(-0.046104, -0.316592, 0.359570, 0.587175, -0.010443, -0.809393, -0.427427, 0.845149, -0.320981, 0.687409, 0.534429, 0.491787),

              ["LeftUpperLeg"] = CFrame.new(0.000000, -0.000000, -0.000100, 0.995108, 0.057156, -0.080577, -0.049903, 0.994752, 0.089338, 0.085260, -0.084859, 0.992737),

              ["LowerTorso"] = CFrame.new(0.000000, -0.034982, -0.434685, 1.000000, 0.000000, -0.000000, -0.000000, 1.000000, -0.001014, 0.000000, 0.001014, 1.000000),

              ["RightFoot"] = CFrame.new(0.000000, 0.015880, -0.000103, 0.989632, 0.142810, 0.015274, -0.132124, 0.863544, 0.486679, 0.056310, -0.483629, 0.873447),

              ["RightHand"] = CFrame.new(-0.000495, 0.007796, 0.000000, 0.983490, -0.155928, 0.091840, 0.180048, 0.894127, -0.410027, -0.018182, 0.419790, 0.907438),

              ["RightLowerArm"] = CFrame.new(-0.000000, 0.046948, 0.008075, 1.000000, 0.000000, 0.000000, -0.000000, 0.917792, -0.397062, -0.000000, 0.397062, 0.917792),

              ["RightLowerLeg"] = CFrame.new(-0.000000, 0.076433, -0.021229, 1.000000, 0.000000, 0.000000, -0.000000, 0.783605, 0.621260, 0.000000, -0.621259, 0.783605),

              ["RightUpperArm"] = CFrame.new(0.024748, -0.351626, 0.331379, 0.556830, -0.172998, 0.812411, 0.426534, 0.898820, -0.100949, -0.712748, 0.402733, 0.574280),

              ["RightUpperLeg"] = CFrame.new(0.000000, -0.000000, -0.000000, 0.989632, -0.068548, 0.126209, 0.060510, 0.995953, 0.066474, -0.130255, -0.058126, 0.989774),

              ["UpperTorso"] = CFrame.new(-0.000000, 0.174539, -0.059624, 1.000000, 0.000000, 0.000000, 0.000000, 0.875431, -0.483343, -0.000000, 0.483343, 0.875431)

          }},

          {Time = 0.250, Data = {

              ["Head"] = CFrame.new(0.000000, -0.089491, -0.168107, 1.000000, -0.000000, -0.000000, 0.000000, 0.953981, 0.299868, -0.000000, -0.299868, 0.953981),

              ["LeftFoot"] = CFrame.new(0.000000, 0.011390, -0.000003, 0.995663, -0.092289, -0.011717, 0.086992, 0.879008, 0.468828, -0.032967, -0.467791, 0.883212),

              ["LeftHand"] = CFrame.new(0.000495, 0.007483, 0.000000, 0.960948, 0.238587, -0.140201, -0.270170, 0.918514, -0.288689, 0.059899, 0.315290, 0.947102),

              ["LeftLowerArm"] = CFrame.new(-0.000500, 0.044003, 0.007054, 1.000000, -0.000000, -0.000000, 0.000000, 0.928172, -0.372151, 0.000000, 0.372151, 0.928172),

              ["LeftLowerLeg"] = CFrame.new(-0.000000, 0.056584, -0.010756, 1.000000, -0.000000, -0.000000, 0.000000, 0.889689, 0.456560, -0.000000, -0.456568, 0.889693),

              ["LeftUpperArm"] = CFrame.new(-0.046118, -0.315315, 0.360372, 0.587148, 0.145823, -0.796237, -0.424874, 0.892772, -0.149800, 0.689014, 0.426255, 0.586146),

