return {
["gomen nasai breakdance 2"] = {
    {Time = 0.000, Data = {
      ["Head"] = CFrame.new(0.000000, 0.000000, -0.000000, 0.997501, 0.013509, -0.069355, -0.010641, 0.999079, 0.041562, 0.069852, -0.040720, 0.996726),
      ["LeftFoot"] = CFrame.new(-0.000000, 0.003757, -0.000003, 0.866978, -0.381216, -0.320974, 0.427371, 0.900033, 0.085409, 0.256327, -0.211223, 0.943229),
      ["LeftHand"] = CFrame.new(0.000497, 0.005397, -0.000000, 0.752738, -0.506554, -0.420462, 0.356493, 0.850589, -0.386536, 0.553442, 0.141068, 0.820854),
      ["LeftLowerArm"] = CFrame.new(-0.000500, 0.029824, 0.003079, 1.000000, 0.000000, 0.000000, 0.000000, 0.968558, -0.248787, 0.000000, 0.248787, 0.968558),
      ["LeftLowerLeg"] = CFrame.new(-0.000000, 0.016241, -0.000615, 1.000000, -0.000000, 0.000000, 0.000000, 0.992551, 0.121832, -0.000000, -0.121832, 0.992551),
      ["LeftUpperArm"] = CFrame.new(-0.129251, -0.506350, 0.280767, 0.416394, 0.283640, -0.863808, -0.882864, 0.353093, -0.309638, 0.217179, 0.891557, 0.397442),
      ["LeftUpperLeg"] = CFrame.new(-0.000000, -0.000000, -0.000099, 0.651044, 0.513777, 0.558727, 0.224400, 0.572912, -0.788299, -0.725112, 0.638596, 0.257699),
      ["LowerTorso"] = CFrame.new(-0.274730, -0.234962, 2.006639, 0.999968, -0.004934, 0.006321, -0.001296, 0.678451, 0.734645, -0.007913, -0.734629, 0.678423),
      ["RightFoot"] = CFrame.new(0.000000, 0.017867, -0.000103, 0.985053, 0.131750, 0.110961, -0.101880, 0.965056, -0.241427, -0.138892, 0.226514, 0.964054),
      ["RightHand"] = CFrame.new(-0.000495, 0.008310, -0.000000, 0.993539, 0.098367, -0.056608, -0.090895, 0.988345, 0.122116, 0.067960, -0.116181, 0.990900),
      ["RightLowerArm"] = CFrame.new(0.000000, 0.050490, 0.009458, 1.000000, 0.000000, 0.000000, 0.000000, 0.903700, -0.428165, 0.000000, 0.428165, 0.903700),
      ["RightLowerLeg"] = CFrame.new(0.000000, 0.082426, -0.024746, 1.000000, -0.000000, 0.000000, 0.000000, 0.747215, 0.664582, -0.000000, -0.664582, 0.747215),
      ["RightUpperArm"] = CFrame.new(-0.010014, -0.655878, 0.132478, 0.425937, -0.214312, 0.879004, 0.873114, 0.352043, -0.337250, -0.237171, 0.911118, 0.337067),
      ["RightUpperLeg"] = CFrame.new(-0.000000, -0.000000, 0.000000, 0.962904, 0.015194, 0.269418, 0.258434, 0.235357, -0.936920, -0.077645, 0.971790, 0.222699),
      ["UpperTorso"] = CFrame.new(-0.028167, -0.035200, 0.041645, 0.994617, -0.087261, -0.055874, 0.098603, 0.962800, 0.251583, 0.031842, -0.255739, 0.966221)
    }},
    {Time = 0.033, Data = {
      ["Head"] = CFrame.new(-0.000000, 0.000000, -0.000000, 0.997283, 0.026655, -0.068674, -0.022493, 0.997903, 0.060695, 0.070148, -0.058985, 0.995791),
      ["LeftFoot"] = CFrame.new(0.000000, 0.009133, -0.000002, 0.808802, -0.449850, -0.378780, 0.422256, 0.892536, -0.158365, 0.409315, -0.031856, 0.911837),
      ["LeftHand"] = CFrame.new(0.000550, -0.075738, 0.000000, 0.736270, -0.603757, -0.305589, 0.477667, 0.783585, -0.397276, 0.479313, 0.146533, 0.865325),
      ["LeftLowerArm"] = CFrame.new(-0.000498, -0.075847, 0.000413, 1.000000, 0.000000, 0.000000, 0.000000, 1.000000, 0.000000, 0.000000, 0.000000, 1.000000),
      ["LeftLowerLeg"] = CFrame.new(0.000000, 0.044017, -0.006135, 1.000000, -0.000000, 0.000000, 0.000000, 0.936635, 0.350307, -0.000000, -0.350307, 0.936635),
      ["LeftUpperArm"] = CFrame.new(-0.093233, -0.495564, 0.208179, 0.486285, 0.203946, -0.849666, -0.868226, 0.222432, -0.443517, 0.098540, 0.953378, 0.285237),
      ["LeftUpperLeg"] = CFrame.new(-0.000000, -0.000001, -0.000100, 0.838721, 0.525028, 0.144544, -0.209615, 0.556244, -0.804148, -0.502602, 0.644157, 0.576587),
      ["LowerTorso"] = CFrame.new(-0.364323, -0.235477, 2.132423, 0.989840, 0.041538, -0.135983, 0.047101, 0.806585, 0.589239, 0.134157, -0.589657, 0.796433),
      ["RightFoot"] = CFrame.new(0.000000, 0.015764, -0.000102, 0.898049, 0.336493, 0.283339, -0.304392, 0.940345, -0.151974, -0.317574, 0.050234, 0.946902),
      ["RightHand"] = CFrame.new(-0.000487, 0.019719, -0.000000, 0.975984, 0.188436, -0.109303, -0.120133, 0.884129, 0.451535, 0.181724, -0.427560, 0.885533),
      ["RightLowerArm"] = CFrame.new(-0.000000, 0.098157, 0.040650, 1.000000, 0.000000, 0.000000, 0.000000, 0.581849, -0.813297, 0.000000, 0.813297, 0.581849),
      ["RightLowerLeg"] = CFrame.new(-0.000000, 0.076079, -0.021032, 1.000000, -0.000000, 0.000000, 0.000000, 0.785650, 0.618672, -0.000000, -0.618672, 0.785650),
      ["RightUpperArm"] = CFrame.new(0.074065, -0.692419, 0.160561, 0.237310, -0.516380, 0.822822, 0.926648, 0.374550, -0.032198, -0.291561, 0.770107, 0.567386),
      ["RightUpperLeg"] = CFrame.new(0.000000, -0.000000, -0.000000, 0.962904, -0.207012, 0.173094, 0.227339, 0.276776, -0.933655, 0.145369, 0.938372, 0.313570),
      ["UpperTorso"] = CFrame.new(-0.026193, -0.039762, 0.037785, 0.995394, -0.091761, -0.027760, 0.095719, 0.935130, 0.341131, -0.005344, -0.342217, 0.939606)
    }},
    {Time = 0.067, Data = {
      ["Head"] = CFrame.new(-0.000000, -0.000000, -0.000000, 0.996822, 0.042125, -0.067611, -0.036825, 0.996287, 0.077819, 0.070638, -0.075082, 0.994672),
      ["LeftFoot"] = CFrame.new(-0.000000, 0.012163, -0.000002, 0.808384, -0.450264, -0.379180, 0.360947, 0.887989, -0.284944, 0.465008, 0.093480, 0.880358),
      ["LeftHand"] = CFrame.new(0.000523, -0.035560, -0.000000, 0.738981, -0.593487, -0.318874, 0.495998, 0.799555, -0.338669, 0.455953, 0.092109, 0.885225),
      ["LeftLowerArm"] = CFrame.new(-0.000499, -0.035717, 0.000194, 1.000000, 0.000000, 0.000000, 0.000000, 1.000000, 0.000000, 0.000000, 0.000000, 1.000000),
      ["LeftLowerLeg"] = CFrame.new(-0.000000, 0.060862, -0.012678, 1.000000, -0.000000, 0.000000, 0.000000, 0.870131, 0.492821, -0.000000, -0.492821, 0.870131),
      ["LeftUpperArm"] = CFrame.new(-0.011958, -0.434009, 0.079718, 0.642914, 0.293479, -0.707482, -0.760497, 0.134686, -0.635220, -0.091135, 0.946430, 0.309782),
      ["LeftUpperLeg"] = CFrame.new(-0.000000, 0.000000, -0.000100, 0.851730, 0.523971, 0.003264, -0.315097, 0.517157, -0.795778, -0.418652, 0.676760, 0.605580),
      ["LowerTorso"] = CFrame.new(-0.465094, -0.232057, 2.138049, 0.940623, 0.119287, -0.317804, 0.098347, 0.800303, 0.591476, 0.324895, -0.587611, 0.741051),
      ["RightFoot"] = CFrame.new(0.000000, 0.009836, -0.000102, 0.848448, 0.404880, 0.340893, -0.449952, 0.890916, 0.061739, -0.278710, -0.205768, 0.938073),
      ["RightHand"] = CFrame.new(-0.000483, 0.025551, 0.000000, 0.966258, 0.222719, -0.129392, -0.073384, 0.719556, 0.690546, 0.246903, -0.657750, 0.711620),
      ["RightLowerArm"] = CFrame.new(-0.000001, 0.120063, 0.098850, 1.000000, 0.000000, 0.000000, 0.000000, -0.022215, -0.999753, 0.000000, 0.999753, -0.022215),
      ["RightLowerLeg"] = CFrame.new(-0.000000, 0.046618, -0.007138, 1.000000, -0.000000, 0.000000, 0.000000, 0.927476, 0.373884, -0.000000, -0.373884, 0.927476),
      ["RightUpperArm"] = CFrame.new(0.192108, -0.713552, 0.172308, -0.022355, -0.963487, 0.266820, 0.949371, 0.063194, 0.307735, -0.313360, 0.260191, 0.913294),
      ["RightUpperLeg"] = CFrame.new(0.000000, -0.000000, -0.000000, 0.956816, -0.261323, 0.127333, 0.202161, 0.283415, -0.937447, 0.208888, 0.922706, 0.324005),
      ["UpperTorso"] = CFrame.new(-0.024322, -0.044111, 0.034086, 0.995210, -0.097758, 0.001073, 0.088715, 0.907659, 0.410225, -0.041077, -0.408165, 0.911984)
    }},
    {Time = 0.100, Data = {
      ["Head"] = CFrame.new(-0.000000, -0.000000, 0.000000, 0.996041, 0.059564, -0.065991, -0.053288, 0.994231, 0.093085, 0.071154, -0.089200, 0.993469),
      ["LeftFoot"] = CFrame.new(0.000000, 0.014793, -0.000003, 0.825572, -0.431669, -0.363447, 0.312399, 0.885989, -0.342680, 0.469935, 0.169366, 0.866300),
      ["LeftHand"] = CFrame.new(0.000495, 0.007592, -0.000000, 0.744194, -0.570301, -0.347752, 0.546227, 0.819240, -0.174591, 0.384462, -0.060022, 0.921188),
      ["LeftLowerArm"] = CFrame.new(-0.000500, 0.044751, 0.007315, 1.000000, 0.000000, 0.000000, 0.000000, 0.925523, -0.378692, 0.000000, 0.378692, 0.925523),
      ["LeftLowerLeg"] = CFrame.new(-0.000000, 0.073509, -0.019351, 1.000000, -0.000000, 0.000000, 0.000000, 0.801944, 0.597399, -0.000000, -0.597399, 0.801944),
      ["LeftUpperArm"] = CFrame.new(0.051063, -0.331673, -0.073843, 0.759822, 0.525672, -0.382544, -0.578306, 0.277651, -0.767119, -0.297039, 0.804102, 0.514964),
      ["LeftUpperLeg"] = CFrame.new(0.000000, -0.000000, -0.000100, 0.780376, 0.610908, 0.133438, -0.176840, 0.420293, -0.889989, -0.599784, 0.670929, 0.436020),
      ["LowerTorso"] = CFrame.new(-0.552874, -0.220095, 2.063157, 0.845481, 0.242416, -0.475811, 0.175444, 0.715462, 0.676264, 0.504362, -0.655247, 0.562379),
      ["RightFoot"] = CFrame.new(-0.000000, -0.011122, -0.000103, 0.893169, 0.344034, 0.289639, -0.420721, 0.866739, 0.267875, -0.158883, -0.361115, 0.918886),
      ["RightHand"] = CFrame.new(-0.000484, 0.024777, -0.000000, 0.990676, 0.117948, -0.068185, -0.064890, 0.848577, 0.525078, 0.119792, -0.515758, 0.848318),
      ["RightLowerArm"] = CFrame.new(-0.000000, 0.118979, 0.084692, 1.000000, 0.000000, 0.000000, 0.000000, 0.124759, -0.992187, 0.000000, 0.992187, 0.124759),
      ["RightLowerLeg"] = CFrame.new(-0.000000, -0.011081, -0.000143, 1.000000, 0.000000, 0.000000, 0.000000, 1.000000, 0.000000, 0.000000, 0.000000, 1.000000),
      ["RightUpperArm"] = CFrame.new(0.214550, -0.709046, 0.205502, -0.094514, -0.961222, -0.259073, 0.920872, -0.183288, 0.344092, -0.378234, -0.206051, 0.902487),
      ["RightUpperLeg"] = CFrame.new(0.000000, -0.000000, -0.000000, 0.987791, -0.118418, 0.101222, 0.138558, 0.370835, -0.918305, 0.071208, 0.921118, 0.382715),
      ["UpperTorso"] = CFrame.new(-0.022604, -0.048170, 0.030503, 0.995484, -0.090494, 0.028680, 0.072754, 0.921352, 0.381860, -0.060980, -0.378049, 0.923775)
    }},
    {Time = 0.133, Data = {
      ["Head"] = CFrame.new(0.000000, 0.000000, 0.000000, 0.994872, 0.078528, -0.063746, -0.071447, 0.991728, 0.106638, 0.071593, -0.101536, 0.992252),
      ["LeftFoot"] = CFrame.new(0.000000, 0.018653, -0.000002, 0.825827, -0.431374, -0.363217, 0.259437, 0.862505, -0.434485, 0.500702, 0.264577, 0.824195),
      ["LeftHand"] = CFrame.new(0.000487, 0.019630, -0.000000, 0.739933, -0.589763, -0.323541, 0.618013, 0.785932, -0.019242, 0.265630, -0.185715, 0.946018),
      ["LeftLowerArm"] = CFrame.new(-0.000500, 0.097154, 0.039618, 1.000000, 0.000000, 0.000000, 0.000000, 0.592594, -0.805501, 0.000000, 0.805501, 0.592594),
      ["LeftLowerLeg"] = CFrame.new(-0.000000, 0.085580, -0.026541, 1.000000, -0.000000, 0.000000, 0.000000, 0.727575, 0.686028, -0.000000, -0.686028, 0.727575),
      ["LeftUpperArm"] = CFrame.new(0.049936, -0.226221, -0.257409, 0.745819, 0.658961, 0.097595, -0.395545, 0.555956, -0.731065, -0.536002, 0.506639, 0.675292),
      ["LeftUpperLeg"] = CFrame.new(-0.000000, 0.000000, -0.000100, 0.651959, 0.717222, 0.246052, 0.012118, 0.314602, -0.949146, -0.758157, 0.621787, 0.196417),
      ["LowerTorso"] = CFrame.new(-0.612881, -0.215136, 1.944723, 0.724085, 0.400985, -0.561170, 0.279168, 0.573611, 0.770088, 0.630687, -0.714270, 0.303401),
      ["RightFoot"] = CFrame.new(0.000000, -0.040725, -0.000103, 0.949387, 0.240290, 0.202302, -0.280597, 0.938244, 0.202395, -0.141175, -0.248916, 0.958181),
      ["RightHand"] = CFrame.new(-0.000491, 0.014285, 0.000000, 0.999874, 0.014050, -0.007440, -0.012024, 0.974456, 0.224257, 0.010400, -0.224139, 0.974502),
      ["RightLowerArm"] = CFrame.new(-0.000000, 0.078187, 0.023904, 1.000000, 0.000000, 0.000000, 0.000000, 0.755494, -0.655156, 0.000000, 0.655156, 0.755494),
      ["RightLowerLeg"] = CFrame.new(-0.000000, -0.040582, -0.000534, 1.000000, 0.000000, 0.000000, 0.000000, 1.000000, 0.000000, 0.000000, 0.000000, 1.000000),
      ["RightUpperArm"] = CFrame.new(0.205517, -0.736882, 0.151492, -0.107629, -0.980565, -0.164038, 0.957158, -0.146813, 0.249587, -0.268819, -0.130147, 0.954357),
      ["RightUpperLeg"] = CFrame.new(-0.000000, 0.000000, -0.000000, 0.981621, 0.110842, 0.155353, 0.112514, 0.321385, -0.940241, -0.154146, 0.940439, 0.303007),
      ["UpperTorso"] = CFrame.new(-0.021047, -0.051890, 0.027036, 0.996013, -0.072430, 0.052082, 0.051586, 0.943908, 0.326153, -0.072784, -0.322166, 0.943881)
    }},
    {Time = 0.167, Data = {
      ["Head"] = CFrame.new(0.000000, 0.000000, -0.000000, 0.993258, 0.098735, -0.060742, -0.091052, 0.988787, 0.118361, 0.071747, -0.112032, 0.991111),
      ["LeftFoot"] = CFrame.new(-0.000000, 0.022096, -0.000003, 0.811544, -0.446968, -0.376319, 0.197485, 0.815985, -0.543293, 0.549905, 0.366589, 0.750478),
      ["LeftHand"] = CFrame.new(0.000484, 0.023631, -0.000000, 0.724084, -0.641280, -0.253896, 0.658435, 0.752306, -0.022358, 0.205345, -0.150984, 0.966973),
      ["LeftLowerArm"] = CFrame.new(-0.000499, 0.114354, 0.067486, 1.000000, 0.000000, 0.000000, 0.000000, 0.303367, -0.952874, 0.000000, 0.952874, 0.303367),
      ["LeftLowerLeg"] = CFrame.new(-0.000000, 0.095363, -0.033598, 1.000000, -0.000000, 0.000000, 0.000000, 0.654199, 0.756323, -0.000000, -0.756323, 0.654199),
      ["LeftUpperArm"] = CFrame.new(-0.006710, -0.141009, -0.434708, 0.618953, 0.589222, 0.519341, -0.257413, 0.776879, -0.574629, -0.742049, 0.221983, 0.632524),
      ["LeftUpperLeg"] = CFrame.new(0.000000, 0.000000, -0.000100, 0.493267, 0.803978, 0.332125, 0.228360, 0.248733, -0.941267, -0.839368, 0.540140, -0.060905),
      ["LowerTorso"] = CFrame.new(-0.646010, -0.225007, 1.816410, 0.607875, 0.564134, -0.558785, 0.388092, 0.402863, 0.828907, 0.692728, -0.720732, 0.025954),
      ["RightFoot"] = CFrame.new(-0.000000, 0.002773, -0.000103, 0.982210, 0.143645, 0.120956, -0.142696, 0.989629, -0.016511, -0.122073, -0.001043, 0.992521),
      ["RightHand"] = CFrame.new(-0.000522, -0.033028, 0.000000, 0.996243, -0.074365, 0.044392, 0.078590, 0.991616, -0.102571, -0.036392, 0.105675, 0.993735),
      ["RightLowerArm"] = CFrame.new(-0.000001, -0.032989, 0.000179, 1.000000, 0.000000, 0.000000, 0.000000, 1.000000, 0.000000, 0.000000, 0.000000, 1.000000),
      ["RightLowerLeg"] = CFrame.new(0.000000, 0.010808, -0.000305, 1.000000, -0.000000, 0.000000, 0.000000, 0.996722, 0.080904, -0.000000, -0.080904, 0.996722),
      ["RightUpperArm"] = CFrame.new(0.197094, -0.762424, 0.056253, -0.126110, -0.977303, 0.170219, 0.989021, -0.110541, 0.098073, -0.077031, 0.180718, 0.980514),
      ["RightUpperLeg"] = CFrame.new(0.000000, 0.000000, -0.000000, 0.914167, 0.302531, 0.269767, 0.178186, 0.297840, -0.937838, -0.364073, 0.905409, 0.218369),
      ["UpperTorso"] = CFrame.new(-0.019630, -0.055245, 0.023717, 0.996517, -0.044422, 0.070570, 0.025215, 0.967201, 0.252758, -0.079483, -0.250098, 0.964952)
    }},
    {Time = 0.200, Data = {
      ["Head"] = CFrame.new(-0.000000, 0.000000, 0.000000, 0.991187, 0.119654, -0.056851, -0.111583, 0.985405, 0.128554, 0.071403, -0.121078, 0.990072),
      ["LeftFoot"] = CFrame.new(0.000000, 0.020182, -0.000003, 0.686466, -0.556235, -0.468367, 0.129527, 0.727337, -0.673946, 0.715533, 0.401975, 0.571339),
      ["LeftHand"] = CFrame.new(0.000484, 0.024587, 0.000000, 0.728701, -0.628669, -0.271607, 0.592805, 0.777628, -0.209467, 0.342895, -0.008372, 0.939336),
      ["LeftLowerArm"] = CFrame.new(-0.000499, 0.118270, 0.081505, 1.000000, 0.000000, 0.000000, 0.000000, 0.157903, -0.987455, 0.000000, 0.987455, 0.157903),
      ["LeftLowerLeg"] = CFrame.new(0.000000, 0.090017, -0.029574, 1.000000, -0.000000, 0.000000, 0.000000, 0.696065, 0.717979, -0.000000, -0.717979, 0.696065),
      ["LeftUpperArm"] = CFrame.new(-0.046888, -0.097519, -0.558053, 0.523739, 0.387297, 0.758748, -0.205564, 0.921814, -0.328638, -0.826705, 0.016149, 0.562404),
      ["LeftUpperLeg"] = CFrame.new(-0.000000, 0.000000, -0.000100, 0.294571, 0.816684, 0.496241, 0.397065, 0.367737, -0.840898, -0.869234, 0.444744, -0.215952),
      ["LowerTorso"] = CFrame.new(-0.663568, -0.245505, 1.700052, 0.518524, 0.703571, -0.485922, 0.477590, 0.233074, 0.847103, 0.709253, -0.671315, -0.215164),
      ["RightFoot"] = CFrame.new(-0.000000, 0.023838, -0.000102, 0.996626, -0.062784, -0.052865, 0.032190, 0.891487, -0.451900, 0.075501, 0.448674, 0.890501),
      ["RightHand"] = CFrame.new(-0.000540, -0.061230, -0.000000, 0.997325, -0.062711, 0.037565, 0.069860, 0.968953, -0.237169, -0.021526, 0.239159, 0.970742),
      ["RightLowerArm"] = CFrame.new(-0.000002, -0.061157, 0.000333, 1.000000, 0.000000, 0.000000, 0.000000, 1.000000, 0.000000, 0.000000, 0.000000, 1.000000),
      ["RightLowerLeg"] = CFrame.new(-0.000000, 0.099699, -0.037639, 1.000000, -0.000000, 0.000000, 0.000000, 0.613209, 0.789921, -0.000000, -0.789921, 0.613209),
      ["RightUpperArm"] = CFrame.new(0.176305, -0.773275, 0.001716, -0.124243, -0.942627, 0.309868, 0.991698, -0.128396, 0.007041, 0.033149, 0.308171, 0.950753),
      ["RightUpperLeg"] = CFrame.new(-0.000000, 0.000000, 0.000000, 0.732877, 0.569715, 0.371909, 0.404667, 0.074420, -0.911431, -0.546933, 0.818466, -0.176004),
      ["UpperTorso"] = CFrame.new(-0.018314, -0.058228, 0.020600, 0.996477, -0.009577, 0.083315, -0.004937, 0.985035, 0.172286, -0.083718, -0.172090, 0.981517)
    }},
    {Time = 0.233, Data = {
      ["Head"] = CFrame.new(0.000000, -0.000000, 0.000000, 0.988645, 0.141002, -0.051962, -0.132794, 0.981617, 0.137090, 0.070336, -0.128633, 0.989195),
      ["LeftFoot"] = CFrame.new(0.000000, 0.010262, -0.000003, 0.482142, -0.670172, -0.564277, 0.114368, 0.686718, -0.717870, 0.868596, 0.281580, 0.407742),
      ["LeftHand"] = CFrame.new(0.000483, 0.025036, 0.000000, 0.754765, -0.466654, -0.461046, 0.286994, 0.866888, -0.407602, 0.589884, 0.175327, 0.788224),
      ["LeftLowerArm"] = CFrame.new(-0.000499, 0.119158, 0.086361, 1.000000, 0.000000, 0.000000, 0.000000, 0.107314, -0.994225, 0.000000, 0.994225, 0.107314),
      ["LeftLowerLeg"] = CFrame.new(0.000000, 0.050312, -0.008266, 1.000000, -0.000000, 0.000000, 0.000000, 0.915015, 0.403420, -0.000000, -0.403420, 0.915015),
      ["LeftUpperArm"] = CFrame.new(-0.005709, -0.089895, -0.616282, 0.590563, 0.197616, 0.782422, -0.226782, 0.971122, -0.074103, -0.774471, -0.133676, 0.618324),
      ["LeftUpperLeg"] = CFrame.new(0.000000, -0.000000, -0.000100, 0.184416, 0.629486, 0.754809, 0.430003, 0.638906, -0.637885, -0.883792, 0.442206, -0.152856),
      ["LowerTorso"] = CFrame.new(-0.677531, -0.267417, 1.603732, 0.460015, 0.807193, -0.369899, 0.532679, 0.082414, 0.842295, 0.710380, -0.584506, -0.392063),
      ["RightFoot"] = CFrame.new(-0.000000, 0.029765, -0.000102, 0.906757, -0.322527, -0.271603, 0.136522, 0.834009, -0.534594, 0.398940, 0.447667, 0.800276),
      ["RightHand"] = CFrame.new(-0.000530, -0.045224, 0.000000, 0.996930, 0.067980, -0.038854, -0.078035, 0.903459, -0.421513, 0.006449, 0.423251, 0.905990),
      ["RightLowerArm"] = CFrame.new(-0.000001, -0.045170, 0.000246, 1.000000, 0.000000, 0.000000, 0.000000, 1.000000, 0.000000, 0.000000, 0.000000, 1.000000),
      ["RightLowerLeg"] = CFrame.new(0.000000, 0.119239, -0.065701, 1.000000, -0.000000, 0.000000, 0.000000, 0.321486, 0.946914, -0.000000, -0.946914, 0.321486),
      ["RightUpperArm"] = CFrame.new(0.155222, -0.781652, -0.027279, -0.135203, -0.818441, 0.558458, 0.987704, -0.155982, 0.010526, 0.078495, 0.553014, 0.829466),
      ["RightUpperLeg"] = CFrame.new(0.000000, -0.000000, -0.000000, 0.598674, 0.594263, 0.537067, 0.428280, 0.329121, -0.841580, -0.676879, 0.733847, -0.057475),
      ["UpperTorso"] = CFrame.new(-0.017052, -0.060850, 0.017755, 0.995503, 0.027849, 0.090542, -0.036570, 0.994696, 0.096136, -0.087385, -0.099015, 0.991242)
    }},
    {Time = 0.267, Data = {
      ["Head"] = CFrame.new(-0.000000, 0.000000, 0.000000, 0.985655, 0.162347, -0.046129, -0.154248, 0.977455, 0.144185, 0.068497, -0.135002, 0.988475),
      ["LeftFoot"] = CFrame.new(0.000000, -0.028488, -0.000003, 0.908063, -0.320411, -0.269739, 0.111942, 0.806261, -0.580872, 0.403598, 0.497273, 0.768003),
      ["LeftHand"] = CFrame.new(0.000483, 0.025194, -0.000000, 0.709880, -0.187373, -0.678942, -0.096064, 0.929198, -0.356880, 0.697741, 0.318563, 0.641619),
      ["LeftLowerArm"] = CFrame.new(-0.000499, 0.119476, 0.088916, 1.000000, 0.000000, 0.000000, 0.000000, 0.080822, -0.996729, 0.000000, 0.996729, 0.080822),
      ["LeftLowerLeg"] = CFrame.new(0.000000, -0.027988, -0.000270, 1.000000, 0.000000, 0.000000, 0.000000, 1.000000, 0.000000, 0.000000, 0.000000, 1.000000),
      ["LeftUpperArm"] = CFrame.new(0.081969, -0.087862, -0.617380, 0.750396, 0.124888, 0.649084, -0.259106, 0.958974, 0.115036, -0.608088, -0.254503, 0.751969),
      ["LeftUpperLeg"] = CFrame.new(-0.000000, -0.000000, -0.000100, 0.810291, 0.361740, 0.461056, -0.022301, 0.805211, -0.592568, -0.585603, 0.469871, 0.660523),
      ["LowerTorso"] = CFrame.new(-0.695644, -0.283219, 1.527743, 0.424062, 0.875530, -0.231556, 0.546733, -0.043664, 0.836168, 0.721979, -0.481186, -0.497198),
      ["RightFoot"] = CFrame.new(0.000000, 0.024855, -0.000102, 0.904081, -0.326893, -0.275279, 0.207194, 0.898644, -0.386665, 0.373776, 0.292540, 0.880177),
      ["RightHand"] = CFrame.new(-0.000521, -0.031886, -0.000000, 0.970884, 0.207228, -0.120173, -0.239546, 0.836473, -0.492881, -0.001617, 0.507317, 0.861758),
      ["RightLowerArm"] = CFrame.new(-0.000001, -0.031847, 0.000173, 1.000000, 0.000000, 0.000000, 0.000000, 1.000000, 0.000000, 0.000000, 0.000000, 1.000000),
      ["RightLowerLeg"] = CFrame.new(0.000000, 0.103233, -0.041293, 1.000000, -0.000000, 0.000000, 0.000000, 0.575271, 0.817963, -0.000000, -0.817963, 0.575271),
      ["RightUpperArm"] = CFrame.new(0.100473, -0.789563, -0.094820, -0.097346, -0.597902, 0.795636, 0.979354, -0.199860, -0.030366, 0.177172, 0.776253, 0.605013),
      ["RightUpperLeg"] = CFrame.new(-0.000000, 0.000000, 0.000000, 0.824606, 0.119699, 0.552899, 0.327879, 0.695329, -0.639541, -0.460999, 0.708653, 0.534126),
      ["UpperTorso"] = CFrame.new(-0.015790, -0.063129, 0.015269, 0.993645, 0.062476, 0.093629, -0.066087, 0.997165, 0.035969, -0.091116, -0.041928, 0.994957)
    }},
    {Time = 0.300, Data = {
      ["Head"] = CFrame.new(0.000000, -0.000000, 0.000000, 0.982304, 0.183154, -0.039172, -0.175446, 0.973015, 0.149865, 0.065563, -0.140340, 0.987930),
      ["LeftFoot"] = CFrame.new(0.000000, -0.010207, -0.000003, 0.996312, -0.065644, -0.055256, 0.056091, 0.985601, -0.159515, 0.064932, 0.155827, 0.985648),
      ["LeftHand"] = CFrame.new(0.000483, 0.025479, 0.000000, 0.680676, -0.103438, -0.725245, -0.233856, 0.907506, -0.348918, 0.694256, 0.407103, 0.593529),
      ["LeftLowerArm"] = CFrame.new(-0.000499, 0.119902, 0.095107, 1.000000, 0.000000, 0.000000, 0.000000, 0.016534, -0.999863, 0.000000, 0.999863, 0.016534),
      ["LeftLowerLeg"] = CFrame.new(0.000000, -0.009772, -0.000029, 1.000000, 0.000000, 0.000000, 0.000000, 1.000000, 0.000000, 0.000000, 0.000000, 1.000000),
      ["LeftUpperArm"] = CFrame.new(0.116175, -0.060301, -0.666490, 0.803926, 0.058584, 0.591837, -0.238895, 0.943133, 0.231148, -0.544640, -0.327213, 0.772204),
      ["LeftUpperLeg"] = CFrame.new(-0.000000, -0.000000, -0.000100, 0.945438, 0.322958, -0.042945, -0.299807, 0.810820, -0.502679, -0.127524, 0.488127, 0.863406),
      ["LowerTorso"] = CFrame.new(-0.721942, -0.289827, 1.470962, 0.395829, 0.914761, -0.080823, 0.514883, -0.148195, 0.844354, 0.760404, -0.375834, -0.529655),
      ["RightFoot"] = CFrame.new(0.000000, 0.010503, -0.000103, 0.974814, -0.170609, -0.143633, 0.174355, 0.984586, 0.013812, 0.139062, -0.038507, 0.989535),
      ["RightHand"] = CFrame.new(-0.000504, -0.006451, -0.000000, 0.940091, 0.294740, -0.171343, -0.340758, 0.828043, -0.445230, 0.010652, 0.476943, 0.878870),
      ["RightLowerArm"] = CFrame.new(-0.000000, -0.006443, 0.000035, 1.000000, 0.000000, 0.000000, 0.000000, 1.000000, 0.000000, 0.000000, 0.000000, 1.000000),
      ["RightLowerLeg"] = CFrame.new(0.000000, 0.050335, -0.008448, 1.000000, -0.000000, 0.000000, 0.000000, 0.914159, 0.405356, -0.000000, -0.405356, 0.914159),
      ["RightUpperArm"] = CFrame.new(-0.021868, -0.788572, -0.186477, 0.062285, -0.366970, 0.928145, 0.950100, -0.263006, -0.167746, 0.305666, 0.892278, 0.332277),
      ["RightUpperLeg"] = CFrame.new(-0.000000, -0.000000, -0.000000, 0.923878, -0.280683, 0.260128, 0.363104, 0.857602, -0.364246, -0.120849, 0.430972, 0.894236),
      ["UpperTorso"] = CFrame.new(-0.014470, -0.065090, 0.013247, 0.991478, 0.089182, 0.094963, -0.089812, 0.995956, 0.002378, -0.094367, -0.010887, 0.995478)
    }},
    {Time = 0.333, Data = {
      ["Head"] = CFrame.new(-0.000000, 0.000000, -0.000000, 0.978635, 0.203248, -0.031054, -0.196222, 0.968363, 0.154174, 0.061407, -0.144786, 0.987556),
      ["LeftFoot"] = CFrame.new(0.000000, 0.016569, -0.000003, 0.976638, -0.164398, -0.138391, 0.176767, 0.980803, 0.082336, 0.122198, -0.104876, 0.986949),
      ["LeftHand"] = CFrame.new(0.000483, 0.025633, 0.000000, 0.725097, -0.240189, -0.645402, -0.184367, 0.835284, -0.517986, 0.663508, 0.494581, 0.561379),
      ["LeftLowerArm"] = CFrame.new(-0.000499, 0.119964, 0.098458, 1.000000, 0.000000, 0.000000, 0.000000, -0.018228, -0.999834, 0.000000, 0.999834, -0.018228),
      ["LeftLowerLeg"] = CFrame.new(-0.000000, 0.079335, -0.022668, 1.000000, -0.000000, 0.000000, 0.000000, 0.767712, 0.640795, -0.000000, -0.640795, 0.767712),
      ["LeftUpperArm"] = CFrame.new(0.107282, -0.008932, -0.774292, 0.772535, -0.048882, 0.633088, -0.168169, 0.945678, 0.278229, -0.612298, -0.321407, 0.722349),
      ["LeftUpperLeg"] = CFrame.new(0.000000, 0.000000, -0.000100, 0.894806, 0.300583, -0.330108, -0.446196, 0.627234, -0.638347, 0.015179, 0.718490, 0.695372),
      ["LowerTorso"] = CFrame.new(-0.759797, -0.292339, 1.432512, 0.356839, 0.931808, 0.066332, 0.436130, -0.228969, 0.870266, 0.826109, -0.281616, -0.488095),
      ["RightFoot"] = CFrame.new(0.000000, 0.009809, -0.000103, 0.998978, -0.034566, -0.029135, 0.035500, 0.998851, 0.032203, 0.027988, -0.033204, 0.999057),
      ["RightHand"] = CFrame.new(-0.000492, 0.012129, -0.000000, 0.961330, 0.238147, -0.138315, -0.242381, 0.970075, -0.014371, 0.130753, 0.047340, 0.990284),
      ["RightLowerArm"] = CFrame.new(-0.000000, 0.071890, 0.020375, 1.000000, 0.000000, 0.000000, 0.000000, 0.792100, -0.610391, 0.000000, 0.610391, 0.792100),
      ["RightLowerLeg"] = CFrame.new(-0.000000, 0.046456, -0.007084, 1.000000, -0.000000, 0.000000, 0.000000, 0.928001, 0.372579, -0.000000, -0.372579, 0.928001),
      ["RightUpperArm"] = CFrame.new(-0.306034, -0.702589, -0.262643, 0.536834, -0.451452, 0.712742, 0.748084, -0.135908, -0.649538, 0.390102, 0.881884, 0.264764),
      ["RightUpperLeg"] = CFrame.new(0.000000, -0.000000, -0.000000, 0.912608, -0.364259, 0.185638, 0.406364, 0.858039, -0.314066, -0.044884, 0.362056, 0.931075),
      ["UpperTorso"] = CFrame.new(-0.012971, -0.066664, 0.012414, 0.989188, 0.107774, 0.099456, -0.108135, 0.994135, -0.001771, -0.099064, -0.009003, 0.995040)
    }},
    {Time = 0.367, Data = {
      ["Head"] = CFrame.new(-0.000000, 0.000000, 0.000000, 0.974780, 0.222112, -0.021672, -0.216077, 0.963634, 0.157228, 0.055806, -0.148580, 0.987324),
      ["LeftFoot"] = CFrame.new(0.000000, 0.024727, -0.000002, 0.942150, -0.256402, -0.215895, 0.261602, 0.965165, -0.004642, 0.209565, -0.052105, 0.976405),
      ["LeftHand"] = CFrame.new(0.000483, 0.025530, 0.000000, 0.737002, -0.291353, -0.609869, -0.179664, 0.785409, -0.592330, 0.651574, 0.546120, 0.526503),
      ["LeftLowerArm"] = CFrame.new(-0.000499, 0.119936, 0.096235, 1.000000, 0.000000, 0.000000, 0.000000, 0.004877, -0.999988, 0.000000, 0.999988, 0.004877),
      ["LeftLowerLeg"] = CFrame.new(0.000000, 0.103708, -0.041504, 1.000000, -0.000000, 0.000000, 0.000000, 0.572003, 0.820251, -0.000000, -0.820251, 0.572003),
      ["LeftUpperArm"] = CFrame.new(0.141130, 0.055469, -0.809809, 0.828505, -0.097200, 0.551481, -0.066991, 0.960544, 0.269941, -0.555960, -0.260592, 0.789303),
      ["LeftUpperLeg"] = CFrame.new(-0.000000, -0.000000, -0.000100, 0.765197, 0.382780, -0.517641, -0.612111, 0.681708, -0.400743, 0.199484, 0.623501, 0.755945),
      ["LowerTorso"] = CFrame.new(-0.813397, -0.299290, 1.399231, 0.293673, 0.937578, 0.186290, 0.317071, -0.279393, 0.906315, 0.901788, -0.207093, -0.379329),
      ["RightFoot"] = CFrame.new(0.000000, 0.014321, -0.000103, 0.981043, 0.148233, 0.124826, -0.124081, 0.975261, -0.182948, -0.148857, 0.163991, 0.975166),
      ["RightHand"] = CFrame.new(-0.000484, 0.023879, 0.000000, 0.997453, 0.061846, -0.035536, -0.052331, 0.973045, 0.224599, 0.048469, -0.222168, 0.973803),
      ["RightLowerArm"] = CFrame.new(-0.000001, 0.115592, 0.070519, 1.000000, 0.000000, 0.000000, 0.000000, 0.271839, -0.962343, 0.000000, 0.962343, 0.271839),
      ["RightLowerLeg"] = CFrame.new(-0.000000, 0.070854, -0.018118, 1.000000, -0.000000, 0.000000, 0.000000, 0.815608, 0.578604, -0.000000, -0.578604, 0.815608),
      ["RightUpperArm"] = CFrame.new(-0.480827, -0.614539, -0.252309, 0.789042, -0.423657, 0.444890, 0.539444, 0.131281, -0.831725, 0.293960, 0.896259, 0.332125),
      ["RightUpperLeg"] = CFrame.new(-0.000000, -0.000000, -0.000000, 0.886473, -0.435671, 0.156065, 0.460606, 0.797972, -0.388693, 0.044807, 0.416450, 0.908054),
      ["UpperTorso"] = CFrame.new(-0.011209, -0.067811, 0.013271, 0.986593, 0.121448, 0.109017, -0.123900, 0.992166, 0.015979, -0.106222, -0.029271, 0.993912)
    }},
    {Time = 0.400, Data = {
      ["Head"] = CFrame.new(-0.000000, 0.000000, 0.000000, 0.970879, 0.239321, -0.010927, -0.234605, 0.959002, 0.158981, 0.048527, -0.151788, 0.987221),
      ["LeftFoot"] = CFrame.new(0.000000, 0.029159, -0.000002, 0.939541, -0.261965, -0.220540, 0.107397, 0.836954, -0.536633, 0.325160, 0.480503, 0.814486),
      ["LeftHand"] = CFrame.new(0.000483, 0.025212, 0.000000, 0.729219, -0.256814, -0.634260, -0.221925, 0.788041, -0.574230, 0.647293, 0.559498, 0.517661),
      ["LeftLowerArm"] = CFrame.new(-0.000499, 0.119516, 0.089318, 1.000000, 0.000000, 0.000000, 0.000000, 0.076604, -0.997062, 0.000000, 0.997062, 0.076604),
      ["LeftLowerLeg"] = CFrame.new(-0.000000, 0.118203, -0.062871, 1.000000, -0.000000, 0.000000, 0.000000, 0.349842, 0.936809, -0.000000, -0.936809, 0.349842),
      ["LeftUpperArm"] = CFrame.new(0.200043, 0.120169, -0.755107, 0.937178, -0.096315, 0.335292, 0.040516, 0.984678, 0.169610, -0.346490, -0.145371, 0.926721),
      ["LeftUpperLeg"] = CFrame.new(-0.000000, -0.000000, -0.000100, 0.537999, 0.676175, -0.503334, -0.764728, 0.642708, 0.046015, 0.354611, 0.360158, 0.862866),
      ["LowerTorso"] = CFrame.new(-0.882321, -0.316223, 1.353006, 0.199664, 0.943461, 0.264606, 0.156018, -0.297209, 0.941980, 0.967364, -0.146796, -0.206539),
      ["RightFoot"] = CFrame.new(-0.000000, 0.009646, -0.000103, 0.889489, 0.349558, 0.294311, -0.359816, 0.932800, -0.020438, -0.281677, -0.087718, 0.955491),
      ["RightHand"] = CFrame.new(-0.000482, 0.026453, 0.000000, 0.999413, -0.029373, 0.017610, 0.021226, 0.934789, 0.354568, -0.026876, -0.353986, 0.934864),
      ["RightLowerArm"] = CFrame.new(-0.000001, 0.117605, 0.119521, 1.000000, 0.000000, 0.000000, 0.000000, -0.236950, -0.971522, 0.000000, 0.971522, -0.236950),
      ["RightLowerLeg"] = CFrame.new(0.000000, 0.045541, -0.006783, 1.000000, -0.000000, 0.000000, 0.000000, 0.931079, 0.364818, -0.000000, -0.364818, 0.931079),
      ["RightUpperArm"] = CFrame.new(-0.430592, -0.730175, -0.307890, 0.592525, -0.604715, 0.532198, 0.736010, 0.137872, -0.662782, 0.327419, 0.784418, 0.526769),
      ["RightUpperLeg"] = CFrame.new(0.000000, 0.000000, -0.000000, 0.790727, -0.606581, -0.082528, 0.585078, 0.788496, -0.189624, 0.180096, 0.101656, 0.978382),
      ["UpperTorso"] = CFrame.new(-0.009185, -0.068518, 0.015570, 0.983882, 0.130982, 0.121737, -0.137995, 0.989116, 0.051049, -0.113726, -0.067026, 0.991249)
    }},
    {Time = 0.433, Data = {
      ["Head"] = CFrame.new(-0.000000, 0.000000, 0.000000, 0.967035, 0.254639, 0.001155, -0.251551, 0.954583, 0.159668, 0.039555, -0.154695, 0.987170),
      ["LeftFoot"] = CFrame.new(0.000000, 0.011899, -0.000003, 0.928958, -0.283194, -0.238405, 0.107416, 0.822523, -0.558496, 0.354257, 0.493211, 0.794509),
      ["LeftHand"] = CFrame.new(0.000484, 0.024179, 0.000000, 0.701727, -0.161968, -0.693791, -0.285586, 0.828205, -0.482200, 0.652702, 0.536510, 0.534918),
      ["LeftLowerArm"] = CFrame.new(-0.000499, 0.116507, 0.073919, 1.000000, 0.000000, 0.000000, 0.000000, 0.236523, -0.971626, 0.000000, 0.971626, 0.236523),
      ["LeftLowerLeg"] = CFrame.new(-0.000000, 0.059406, -0.012002, 1.000000, -0.000000, 0.000000, 0.000000, 0.876989, 0.480511, -0.000000, -0.480511, 0.876989),
      ["LeftUpperArm"] = CFrame.new(0.230464, 0.169474, -0.606286, 0.992082, -0.125393, -0.007104, 0.124415, 0.988926, -0.080904, 0.017170, 0.079379, 0.996697),
      ["LeftUpperLeg"] = CFrame.new(-0.000000, 0.000000, -0.000100, 0.188114, 0.969985, 0.154084, -0.889052, 0.101505, 0.446411, 0.417372, -0.220965, 0.881462),
      ["LowerTorso"] = CFrame.new(-0.961374, -0.348919, 1.276508, 0.073593, 0.956311, 0.282937, -0.055730, -0.279319, 0.958580, 0.995730, -0.086313, 0.032739),
      ["RightFoot"] = CFrame.new(-0.000000, -0.035290, -0.000103, 0.877380, 0.367029, 0.309020, -0.457449, 0.834180, 0.308032, -0.144722, -0.411622, 0.899790),
      ["RightHand"] = CFrame.new(-0.000482, 0.027756, 0.000000, 0.999926, -0.010341, 0.006437, 0.004814, 0.820885, 0.571073, -0.011189, -0.571000, 0.820874),
      ["RightLowerArm"] = CFrame.new(-0.000002, 0.105156, 0.148559, 1.000000, 0.000000, 0.000000, 0.000000, -0.538798, -0.842435, 0.000000, 0.842435, -0.538798),
      ["RightLowerLeg"] = CFrame.new(-0.000000, -0.035166, -0.000462, 1.000000, 0.000000, 0.000000, 0.000000, 1.000000, 0.000000, 0.000000, 0.000000, 1.000000),
      ["RightUpperArm"] = CFrame.new(-0.250134, -0.825488, -0.398100, 0.141960, -0.701550, 0.698337, 0.890066, -0.218248, -0.400187, 0.433162, 0.678377, 0.593444),
      ["RightUpperLeg"] = CFrame.new(0.000000, 0.000000, 0.000000, 0.792280, -0.552492, -0.258931, 0.607755, 0.752206, 0.254600, 0.054105, -0.359081, 0.931737),
      ["UpperTorso"] = CFrame.new(-0.006908, -0.068717, 0.019018, 0.981228, 0.136874, 0.135856, -0.150859, 0.983626, 0.098599, -0.120136, -0.117243, 0.985810)
    }},
    {Time = 0.467, Data = {
      ["Head"] = CFrame.new(-0.000000, 0.000000, 0.000000, 0.963405, 0.267636, 0.014868, -0.266528, 0.950567, 0.159325, 0.028508, -0.157457, 0.987114),
      ["LeftFoot"] = CFrame.new(0.000000, -0.044895, -0.000003, 0.921806, -0.296512, -0.249708, 0.240249, 0.942510, -0.232281, 0.304227, 0.154126, 0.940049),
      ["LeftHand"] = CFrame.new(0.000487, 0.019730, 0.000000, 0.663292, -0.061274, -0.745847, -0.359833, 0.847757, -0.389652, 0.656173, 0.526834, 0.540262),
      ["LeftLowerArm"] = CFrame.new(-0.000500, 0.097636, 0.040166, 1.000000, 0.000000, 0.000000, 0.000000, 0.586886, -0.809670, 0.000000, 0.809670, 0.586886),
      ["LeftLowerLeg"] = CFrame.new(-0.000000, -0.044338, -0.000487, 1.000000, 0.000000, 0.000000, 0.000000, 1.000000, 0.000000, 0.000000, 0.000000, 1.000000),
      ["LeftUpperArm"] = CFrame.new(0.174508, 0.192412, -0.402627, 0.878041, -0.357128, -0.318596, 0.164207, 0.850101, -0.500364, 0.449533, 0.387025, 0.805066),
      ["LeftUpperLeg"] = CFrame.new(0.000000, -0.000000, -0.000100, 0.126874, 0.957852, 0.257724, -0.967958, 0.062794, 0.243135, 0.216704, -0.280313, 0.935128),
      ["LowerTorso"] = CFrame.new(-1.042095, -0.405026, 1.152206, -0.074691, 0.974401, 0.212049, -0.331198, -0.224811, 0.916389, 0.940601, -0.001784, 0.339511),
      ["RightFoot"] = CFrame.new(0.000000, -0.002891, -0.000103, 0.990672, 0.104232, 0.087778, -0.136011, 0.795963, 0.589867, -0.008385, -0.596304, 0.802715),
      ["RightHand"] = CFrame.new(-0.000482, 0.027871, -0.000000, 0.922650, 0.333209, -0.194134, -0.085925, 0.668386, 0.738835, 0.375943, -0.665006, 0.645317),
      ["RightLowerArm"] = CFrame.new(-0.000002, 0.103615, 0.150834, 1.000000, 0.000000, 0.000000, 0.000000, -0.562447, -0.826834, 0.000000, 0.826834, -0.562447),
      ["RightLowerLeg"] = CFrame.new(-0.000000, -0.002880, -0.000034, 1.000000, 0.000000, 0.000000, 0.000000, 1.000000, 0.000000, 0.000000, 0.000000, 1.000000),
      ["RightUpperArm"] = CFrame.new(-0.120926, -0.786585, -0.515713, -0.194967, -0.297394, 0.934636, 0.774139, -0.631780, -0.039541, 0.602243, 0.715829, 0.353401),
      ["RightUpperLeg"] = CFrame.new(0.000000, -0.000000, -0.000000, 0.936443, -0.328846, -0.122212, 0.347649, 0.823116, 0.449021, -0.047064, -0.462970, 0.885124),
      ["UpperTorso"] = CFrame.new(-0.004390, -0.068339, 0.023280, 0.978854, 0.139652, 0.149471, -0.162564, 0.974603, 0.154021, -0.124166, -0.175062, 0.976696)
    }},
    {Time = 0.500, Data = {
      ["Head"] = CFrame.new(-0.000000, -0.000000, 0.000000, 0.960133, 0.277913, 0.030156, -0.279123, 0.947174, 0.157959, 0.015336, -0.160079, 0.986985),
      ["LeftFoot"] = CFrame.new(0.000000, -0.023878, -0.000003, 0.971093, -0.182594, -0.153747, 0.183327, 0.983006, -0.009517, 0.152872, -0.018944, 0.988064),
      ["LeftHand"] = CFrame.new(0.000494, 0.009895, -0.000000, 0.587935, 0.091388, -0.803729, -0.521460, 0.802406, -0.290215, 0.618395, 0.589740, 0.519418),
      ["LeftLowerArm"] = CFrame.new(-0.000500, 0.060459, 0.014109, 1.000000, 0.000000, 0.000000, 0.000000, 0.856320, -0.516446, 0.000000, 0.516446, 0.856320),
      ["LeftLowerLeg"] = CFrame.new(0.000000, -0.023394, -0.000209, 1.000000, 0.000000, 0.000000, 0.000000, 1.000000, 0.000000, 0.000000, 0.000000, 1.000000),
      ["LeftUpperArm"] = CFrame.new(0.016416, 0.106134, -0.203464, 0.559291, -0.622334, -0.547626, 0.000122, 0.660671, -0.750676, 0.828971, 0.419779, 0.369583),
      ["LeftUpperLeg"] = CFrame.new(-0.000000, -0.000000, -0.000100, 0.573490, 0.817439, -0.053886, -0.795128, 0.571256, 0.203561, 0.197182, -0.073894, 0.977578),
      ["LowerTorso"] = CFrame.new(-1.111826, -0.492174, 0.960919, -0.203616, 0.978962, 0.013217, -0.658775, -0.146981, 0.737843, 0.724262, 0.141530, 0.674843),
      ["RightFoot"] = CFrame.new(0.000000, 0.013510, -0.000103, 0.989686, 0.109554, 0.092297, -0.134010, 0.935717, 0.326304, -0.050616, -0.335307, 0.940748),
      ["RightHand"] = CFrame.new(-0.000482, 0.026508, 0.000000, 0.718699, 0.600512, -0.350511, -0.448075, 0.785461, 0.426943, 0.531696, -0.149788, 0.833584),
      ["RightLowerArm"] = CFrame.new(-0.000001, 0.117288, 0.120821, 1.000000, 0.000000, 0.000000, 0.000000, -0.250433, -0.968134, 0.000000, 0.968134, -0.250433),
      ["RightLowerLeg"] = CFrame.new(0.000000, 0.066852, -0.015901, 1.000000, -0.000000, 0.000000, 0.000000, 0.838296, 0.545215, -0.000000, -0.545215, 0.838296),
      ["RightUpperArm"] = CFrame.new(-0.177704, -0.879528, -0.422187, -0.143500, -0.027928, 0.989256, 0.920714, -0.370313, 0.123103, 0.362897, 0.928487, 0.078854),
      ["RightUpperLeg"] = CFrame.new(-0.000000, -0.000000, -0.000000, 0.935595, 0.061020, 0.347763, -0.005690, 0.987431, -0.157951, -0.353030, 0.145799, 0.924182),
      ["UpperTorso"] = CFrame.new(-0.001649, -0.067363, 0.027999, 0.977030, 0.139802, 0.160835, -0.172609, 0.961784, 0.212551, -0.124973, -0.235431, 0.963823)
    }},
    {Time = 0.533, Data = {
      ["Head"] = CFrame.new(0.000000, 0.000000, 0.000000, 0.957301, 0.285230, 0.047108, -0.289094, 0.944530, 0.155844, -0.000043, -0.162809, 0.986658),
      ["LeftFoot"] = CFrame.new(-0.000000, 0.008503, -0.000003, 0.923919, 0.292663, 0.246418, -0.237890, 0.943890, -0.229084, -0.299636, 0.153035, 0.941700),
      ["LeftHand"] = CFrame.new(0.000494, 0.009631, 0.000000, 0.512283, 0.213937, -0.831744, -0.562205, 0.815660, -0.136470, 0.649224, 0.537521, 0.538125),
      ["LeftLowerArm"] = CFrame.new(-0.000500, 0.058696, 0.013213, 1.000000, 0.000000, 0.000000, 0.000000, 0.865471, -0.500960, 0.000000, 0.500960, 0.865471),
      ["LeftLowerLeg"] = CFrame.new(0.000000, 0.040517, -0.005101, 1.000000, -0.000000, 0.000000, 0.000000, 0.947131, 0.320848, -0.000000, -0.320848, 0.947131),
      ["LeftUpperArm"] = CFrame.new(-0.186376, -0.044308, -0.114746, 0.146636, -0.675813, -0.722340, -0.275254, 0.673516, -0.686011, 0.950123, 0.299421, -0.087259),
