return {
["take it V2"] = {
        {Time = 0.000, Data = {
            ["Head"] = CFrame.new(-3.9704669402545328e-23, -1.1920928955078125e-07, 0, 0.49733114242553711, 0.0017453581094741821, 0.86755919456481934, 0.48269259929656982, 0.83037030696868896, -0.2783757746219635, -0.72088122367858887, 0.55720925331115723, 0.41212654113769531),
            ["LeftFoot"] = CFrame.new(-3.3868218451971188e-08, 0.011189758777618408, -2.4013679649215192e-06, 0.97519135475158691, -0.1693250983953476, -0.14258618652820587, 0.14690004289150238, 0.97687304019927979, -0.15536887943744659, 0.16559644043445587, 0.13056845963001251, 0.97751200199127197),
            ["LeftHand"] = CFrame.new(0.00049225986003875732, 0.011964261531829834, -1.4156103134155273e-07, 0.99990791082382202, 0.011328022927045822, -0.0074715144000947475, -0.008649064227938652, 0.95626920461654663, 0.29236006736755371, 0.010456640273332596, -0.29226851463317871, 0.95627915859222412),
            ["LeftLowerArm"] = CFrame.new(-0.00050020217895507812, 0.070888280868530273, 0.019873201847076416, 1, 0, 0, 0, 0.79724448919296265, -0.60365653038024902, 0, 0.60365653038024902, 0.79724448919296265),
            ["LeftLowerLeg"] = CFrame.new(0, 0.055491447448730469, -0.01029498502612114, 1, -0, 0, 0, 0.89439386129379272, 0.44728031754493713, -0, -0.44728031754493713, 0.89439386129379272),
            ["LeftUpperArm"] = CFrame.new(0.03797602653503418, 0.093354940414428711, -0.065591633319854736, 0.97360998392105103, -0.22690412402153015, -0.024457253515720367, 0.18673694133758545, 0.7304491400718689, 0.65694254636764526, -0.13119816780090332, -0.64417284727096558, 0.75354397296905518),
            ["LeftUpperLeg"] = CFrame.new(0, 4.4703483581542969e-08, -0.00010010028927354142, 0.97519642114639282, 0.20543456077575684, 0.082392551004886627, 0.051918826997280121, 0.14954894781112671, -0.98739039897918701, -0.21516582369804382, 0.96717739105224609, 0.13517367839813232),
            ["LowerTorso"] = CFrame.new(4.2363852578089359e-16, -0.14326941967010498, 0.096195131540298462, 1, -0, 0, 0, 0.44673210382461548, 0.89466780424118042, -0, -0.89466780424118042, 0.44673210382461548),
            ["RightFoot"] = CFrame.new(-9.2842469712195452e-08, 0.011867284774780273, -0.00010241378913633525, 0.98290801048278809, 0.14080087840557098, 0.11860411614179611, -0.11999280750751495, 0.97857660055160522, -0.16730073094367981, -0.13961930572986603, 0.15020957589149475, 0.97874587774276733),
            ["RightHand"] = CFrame.new(-0.00049187242984771729, 0.012328386306762695, 5.9604644775390625e-08, 0.99979215860366821, 0.01797095313668251, -0.0096302954480051994, -0.014078452251851559, 0.95015043020248413, 0.3114737868309021, 0.014747709967195988, -0.31127345561981201, 0.95020592212677002),
            ["RightLowerArm"] = CFrame.new(-1.1920928955078125e-07, 0.072542667388916016, 0.020737819373607635, 1, 0, 0, 0, 0.78835391998291016, -0.61522197723388672, 0, 0.61522197723388672, 0.78835391998291016),
            ["RightLowerLeg"] = CFrame.new(7.4505805969238281e-08, 0.057938277721405029, -0.011532561853528023, 1, -0, 0, 0, 0.88278478384017944, 0.46977773308753967, -0, -0.46977773308753967, 0.88278478384017944),
            ["RightUpperArm"] = CFrame.new(-0.081142067909240723, 0.096944451332092285, -0.037962555885314941, 0.97808647155761719, 0.19580698013305664, 0.070756427943706512, -0.19387173652648926, 0.73267745971679688, 0.65237832069396973, 0.075898580253124237, -0.65180003643035889, 0.75458335876464844),
            ["RightUpperLeg"] = CFrame.new(0, -1.4901159417490817e-08, -2.8307840693742037e-07, 0.98290520906448364, -0.17152693867683411, -0.066901549696922302, -0.043219245970249176, 0.13826090097427368, -0.98945236206054688, 0.17896761000156403, 0.97542929649353027, 0.12848412990570068),
            ["UpperTorso"] = CFrame.new(2.9102142917736273e-09, 0.022859513759613037, 0.045777522027492523, 1, 0, 0, 0, 1, 0, 0, 0, 1)
        }},
        {Time = 0.033, Data = {
            ["Head"] = CFrame.new(-1.3234889800848443e-23, 1.1920928955078125e-07, 1.1920928955078125e-07, 0.49733418226242065, 0.0017681270837783813, 0.8675573468208313, 0.45680201053619385, 0.84961670637130737, -0.26359707117080688, -0.73755735158920288, 0.5273977518081665, 0.42173570394515991),
            ["LeftFoot"] = CFrame.new(-1.2271289051568601e-07, 0.011207818984985352, -2.4386508812312968e-06, 0.9746478796005249, -0.17116667330265045, -0.14409548044204712, 0.1460348516702652, 0.97457945346832275, -0.16990801692008972, 0.16951507329940796, 0.14455753564834595, 0.9748680591583252),
            ["LeftHand"] = CFrame.new(0.00049319863319396973, 0.010296106338500977, -2.4586915969848633e-07, 0.99996989965438843, 0.0063095260411500931, -0.0045138304121792316, -0.0049959030002355576, 0.96886599063873291, 0.24753539264202118, 0.0059351273812353611, -0.24750538170337677, 0.96886831521987915),
            ["LeftLowerArm"] = CFrame.new(-0.00049981474876403809, 0.063106775283813477, 0.015523077920079231, 1, 0, 0, 0, 0.84190845489501953, -0.53962039947509766, 0, 0.53962039947509766, 0.84190845489501953),
            ["LeftLowerLeg"] = CFrame.new(-1.4342367649078369e-07, 0.05559229850769043, -0.010337017476558685, 1, -0, 0, 0, 0.89395701885223389, 0.44815275073051453, -0, -0.44815275073051453, 0.89395701885223389),
            ["LeftUpperArm"] = CFrame.new(0.038599967956542969, 0.092027783393859863, -0.062772631645202637, 0.97485721111297607, -0.22206120193004608, -0.018498852849006653, 0.18410263955593109, 0.75587737560272217, 0.62829577922821045, -0.12553724646568298, -0.61590433120727539, 0.77775460481643677),
            ["LeftUpperLeg"] = CFrame.new(0, -1.1175870895385742e-07, -0.00010005558578995988, 0.97465568780899048, 0.2064642608165741, 0.086132720112800598, 0.05393064022064209, 0.15681320428848267, -0.98615485429763794, -0.2171124666929245, 0.96580666303634644, 0.14170414209365845),
            ["LowerTorso"] = CFrame.new(4.2363852578089359e-16, -0.14235532283782959, 0.072769224643707275, 1, -0, 0, 0, 0.44081407785415649, 0.89759838581085205, -0, -0.89759838581085205, 0.44081407785415649),
            ["RightFoot"] = CFrame.new(-2.1543655748246238e-10, 0.011884927749633789, -0.00010248243779642507, 0.98252248764038086, 0.14238083362579346, 0.11990515142679214, -0.11925312876701355, 0.97606855630874634, -0.18184855580329895, -0.1429273933172226, 0.16437122225761414, 0.97598862648010254),
            ["RightHand"] = CFrame.new(-0.00049296766519546509, 0.010530292987823486, 1.601874828338623e-07, 0.99967968463897705, 0.022210597991943359, -0.012132862582802773, -0.018157552927732468, 0.96338498592376709, 0.26750648021697998, 0.017630094662308693, -0.26720046997070312, 0.96347969770431519),
            ["RightLowerArm"] = CFrame.new(2.9802322387695312e-07, 0.064854979515075684, 0.016396105289459229, 1, 0, 0, 0, 0.83295094966888428, -0.55334681272506714, 0, 0.55334681272506714, 0.83295094966888428),
            ["RightLowerLeg"] = CFrame.new(1.7881393432617188e-07, 0.058035671710968018, -0.011575659736990929, 1, -0, 0, 0, 0.88236647844314575, 0.47056290507316589, -0, -0.47056290507316589, 0.88236647844314575),
            ["RightUpperArm"] = CFrame.new(-0.081581950187683105, 0.095685005187988281, -0.0354042649269104, 0.97896319627761841, 0.19313694536685944, 0.065796628594398499, -0.19135458767414093, 0.7571483850479126, 0.62458771467208862, 0.070813149213790894, -0.62403887510299683, 0.77817797660827637),
            ["RightUpperLeg"] = CFrame.new(0, -1.0430812835693359e-07, -1.2289092410355806e-07, 0.98252183198928833, -0.17249478399753571, -0.069974333047866821, -0.044836565852165222, 0.1455419659614563, -0.98833554983139038, 0.18066692352294922, 0.97419863939285278, 0.13526403903961182),
            ["UpperTorso"] = CFrame.new(2.9102045218110106e-09, 0.022859454154968262, 0.045777484774589539, 1, 0, 0, 0, 1, 0, 0, 0, 1)
        }},
        {Time = 0.067, Data = {
            ["Head"] = CFrame.new(-2.6469779601696886e-23, -1.1920928955078125e-07, 1.1920928955078125e-07, 0.49726730585098267, 0.0017554163932800293, 0.86759555339813232, 0.39383897185325623, 0.89057260751724243, -0.22753295302391052, -0.7730562686920166, 0.45483765006065369, 0.44216132164001465),
            ["LeftFoot"] = CFrame.new(-5.6374233281530906e-08, 0.011163055896759033, -2.4480254978698213e-06, 0.97313845157623291, -0.17612437903881073, -0.1482623964548111, 0.1438574343919754, 0.96798974275588989, -0.20567172765731812, 0.1797402948141098, 0.17881840467453003, 0.96732485294342041),
            ["LeftHand"] = CFrame.new(0.0004955679178237915, 0.0067389011383056641, -2.5331974029541016e-07, 0.99998682737350464, -0.0047827716916799545, 0.0018736750353127718, 0.0045230872929096222, 0.99274915456771851, 0.12011954933404922, -0.0024345933925360441, -0.12010949105024338, 0.99275767803192139),
            ["LeftLowerArm"] = CFrame.new(-0.00050008296966552734, 0.038874626159667969, 0.0054076979868113995, 1, 0, 0, 0, 0.94491851329803467, -0.32730573415756226, 0, 0.32730573415756226, 0.94491851329803467),
            ["LeftLowerLeg"] = CFrame.new(2.9802322387695312e-08, 0.055343389511108398, -0.010233514010906219, 1, -0, 0, 0, 0.89498805999755859, 0.44609013199806213, -0, -0.44609013199806213, 0.89498805999755859),
            ["LeftUpperArm"] = CFrame.new(0.039929032325744629, 0.088763713836669922, -0.056861221790313721, 0.97752171754837036, -0.2108299732208252, 0.001419655978679657, 0.17755308747291565, 0.82682573795318604, 0.53369855880737305, -0.11369344592094421, -0.52144992351531982, 0.84567362070083618),
            ["LeftUpperLeg"] = CFrame.new(0, -1.8626460374093767e-09, -0.00010007793753175065, 0.97314298152923584, 0.20887964963912964, 0.096757687628269196, 0.058071009814739227, 0.18397492170333862, -0.98121404647827148, -0.22275665402412415, 0.96048033237457275, 0.1669040322303772),
            ["LowerTorso"] = CFrame.new(4.2363849931111399e-16, -0.13996553421020508, 0.011338740587234497, 1, -0, 0, 0, 0.4304509162902832, 0.90261399745941162, -0, -0.90261399745941162, 0.4304509162902832),
            ["RightFoot"] = CFrame.new(-2.6584586976241553e-08, 0.011841297149658203, -0.00010246395686408505, 0.98148453235626221, 0.1465362161397934, 0.12335006892681122, -0.11730014532804489, 0.96893644332885742, -0.21772183477878571, -0.15142251551151276, 0.19922162592411041, 0.96818488836288452),
            ["RightHand"] = CFrame.new(-0.00049551576375961304, 0.0069748163223266602, -5.029141902923584e-08, 0.99932992458343506, 0.031989112496376038, -0.017787368968129158, -0.029133226722478867, 0.98936253786087036, 0.14252391457557678, 0.022157369181513786, -0.14191019535064697, 0.9896315336227417),
            ["RightLowerArm"] = CFrame.new(0, 0.041281521320343018, 0.0061184912919998169, 1, 0, 0, 0, 0.9376753568649292, -0.34751248359680176, 0, 0.34751248359680176, 0.9376753568649292),
            ["RightLowerLeg"] = CFrame.new(3.9115548133850098e-08, 0.057795882225036621, -0.011469872668385506, 1, -0, 0, 0, 0.88345253467559814, 0.4685206413269043, -0, -0.4685206413269043, 0.88345253467559814),
            ["RightUpperArm"] = CFrame.new(-0.082538902759552002, 0.09258878231048584, -0.029976367950439453, 0.9808693528175354, 0.18842415511608124, 0.04890427365899086, -0.18520398437976837, 0.82588577270507812, 0.53255254030227661, 0.059956405311822891, -0.5314217209815979, 0.84498298168182373),
            ["RightUpperLeg"] = CFrame.new(0, -2.7939668356680158e-09, -1.4058605302125216e-07, 0.98147684335708618, -0.1745770126581192, -0.078905463218688965, -0.048344939947128296, 0.17284482717514038, -0.98376190662384033, 0.18538060784339905, 0.96935415267944336, 0.16120326519012451),
            ["UpperTorso"] = CFrame.new(2.9102187326657258e-09, 0.022859573364257812, 0.045777559280395508, 1, 0, 0, 0, 1, 0, 0, 0, 1)
        }},
        {Time = 0.100, Data = {
            ["Head"] = CFrame.new(0, 0, 0, 0.49728888273239136, 0.001752123236656189, 0.86758327484130859, 0.31738835573196411, 0.93031251430511475, -0.18380218744277954, -0.80744564533233643, 0.36676359176635742, 0.46207797527313232),
            ["LeftFoot"] = CFrame.new(-2.085442929455894e-08, 0.010872423648834229, -2.4427758944511879e-06, 0.97079545259475708, -0.18349258601665497, -0.15455326437950134, 0.1412968784570694, 0.95793819427490234, -0.24977917969226837, 0.19388508796691895, 0.22064660489559174, 0.95588892698287964),
            ["LeftHand"] = CFrame.new(0.00050660967826843262, -0.010003030300140381, 1.1082738637924194e-07, 0.99981743097305298, -0.016882909461855888, 0.0089495433494448662, 0.017289379611611366, 0.99872279167175293, -0.047474775463342667, -0.0081366011872887611, 0.047620836645364761, 0.9988323450088501),
            ["LeftLowerArm"] = CFrame.new(-0.00049945712089538574, -0.010190725326538086, 5.4959207773208618e-05, 1, 0, 0, 0, 1, 0, 0, 0, 1),
            ["LeftLowerLeg"] = CFrame.new(-2.9802322387695312e-08, 0.053725302219390869, -0.0095742419362068176, 1, -0, 0, 0, 0.90172046422958374, 0.43231958150863647, -0, -0.43231958150863647, 0.90172046422958374),
            ["LeftUpperArm"] = CFrame.new(0.041290760040283203, 0.084592103958129883, -0.051218330860137939, 0.98024070262908936, -0.19554592669010162, 0.029832195490598679, 0.16922353208065033, 0.90709024667739868, 0.38542273640632629, -0.10242833197116852, -0.37275871634483337, 0.92225778102874756),
            ["LeftUpperLeg"] = CFrame.new(0, 2.9802320611338473e-08, -0.00010012636630563065, 0.97078734636306763, 0.2112891674041748, 0.11370509117841721, 0.061401151120662689, 0.23934799432754517, -0.96899056434631348, -0.23195227980613708, 0.94766545295715332, 0.219382643699646),
            ["LowerTorso"] = CFrame.new(4.2363849931111399e-16, -0.13664340972900391, -0.07482263445854187, 1, -0, 0, 0, 0.42685228586196899, 0.90432137250900269, -0, -0.90432137250900269, 0.42685228586196899),
            ["RightFoot"] = CFrame.new(3.6190385799272917e-08, 0.011560142040252686, -0.00010245914745610207, 0.97983473539352417, 0.15281371772289276, 0.12873168289661407, -0.11497418582439423, 0.95812743902206421, -0.2622455358505249, -0.16341607272624969, 0.24215646088123322, 0.95637619495391846),
            ["RightHand"] = CFrame.new(-0.00050478056073188782, -0.0075092911720275879, -7.6368451118469238e-08, 0.99877417087554932, 0.043145414441823959, -0.0242606271058321, -0.043998699635267258, 0.99838948249816895, -0.035812657326459885, 0.022676402702927589, 0.036836195737123489, 0.99906402826309204),
            ["RightLowerArm"] = CFrame.new(-2.9802322387695312e-07, -0.0075005292892456055, 4.0628015995025635e-05, 1, 0, 0, 0, 1, 0, 0, 0, 1),
            ["RightLowerLeg"] = CFrame.new(1.0617077350616455e-07, 0.056238770484924316, -0.010794186964631081, 1, -0, 0, 0, 0.89030855894088745, 0.45535773038864136, -0, -0.45535773038864136, 0.89030855894088745),
            ["RightUpperArm"] = CFrame.new(-0.08356010913848877, 0.088656425476074219, -0.024667799472808838, 0.9829133152961731, 0.18284794688224792, 0.021167498081922531, -0.17733275890350342, 0.90983378887176514, 0.37517401576042175, 0.049340885132551193, -0.37251719832420349, 0.92671269178390503),
            ["RightUpperLeg"] = CFrame.new(0, -8.1956386566162109e-08, -4.3209001887589693e-07, 0.9798395037651062, -0.17677745223045349, -0.093081898987293243, -0.051139809191226959, 0.2284584641456604, -0.97220957279205322, 0.19313007593154907, 0.95736956596374512, 0.21481227874755859),
            ["UpperTorso"] = CFrame.new(2.9102222853794046e-09, 0.022859543561935425, 0.045777574181556702, 1, 0, 0, 0, 1, 0, 0, 0, 1)
        }},
        {Time = 0.133, Data = {
            ["Head"] = CFrame.new(0, -1.1920928955078125e-07, 5.9604644775390625e-08, 0.49734842777252197, 0.0017349123954772949, 0.86754930019378662, 0.25590690970420837, 0.95520931482315063, -0.14861652255058289, -0.828948974609375, 0.29592603445053101, 0.47462785243988037),
            ["LeftFoot"] = CFrame.new(-6.9358520704554394e-08, 0.010199844837188721, -2.4783657863736153e-06, 0.9677545428276062, -0.19271004199981689, -0.16221600770950317, 0.13974848389625549, 0.94653701782226562, -0.29075422883033752, 0.20957469940185547, 0.25870928168296814, 0.94294643402099609),
            ["LeftHand"] = CFrame.new(0.00053449720144271851, -0.052295446395874023, -3.0454248189926147e-07, 0.99953234195709229, -0.026785897091031075, 0.014752804301679134, 0.027238620445132256, 0.99913591146469116, -0.031392637640237808, -0.013899176381528378, 0.031779799610376358, 0.99939823150634766),
            ["LeftLowerArm"] = CFrame.new(-0.00049841403961181641, -0.052431821823120117, 0.00028467178344726562, 1, 0, 0, 0, 1, 0, 0, 0, 1),
            ["LeftLowerLeg"] = CFrame.new(2.6077032089233398e-08, 0.049968123435974121, -0.0081399828195571899, 1, -0, 0, 0, 0.91629141569137573, 0.40051227807998657, -0, -0.40051227807998657, 0.91629141569137573),
            ["LeftUpperArm"] = CFrame.new(0.042332172393798828, 0.080236554145812988, -0.048159241676330566, 0.98232978582382202, -0.18511201441287994, 0.027598455548286438, 0.1604771763086319, 0.90896326303482056, 0.3847503662109375, -0.096307903528213501, -0.37352281808853149, 0.92260795831680298),
            ["LeftUpperLeg"] = CFrame.new(0, 4.4703483581542969e-08, -0.00010015616862801835, 0.96774065494537354, 0.21203216910362244, 0.13608977198600769, 0.060550205409526825, 0.32859045267105103, -0.94252961874008179, -0.24456438422203064, 0.92036443948745728, 0.30515176057815552),
            ["LowerTorso"] = CFrame.new(4.2363849931111399e-16, -0.13293600082397461, -0.17243880033493042, 1, -0, 0, 0, 0.44127035140991211, 0.89737433195114136, -0, -0.89737433195114136, 0.44127035140991211),
            ["RightFoot"] = CFrame.new(1.518492354080081e-08, 0.01091235876083374, -0.0001023669756250456, 0.97770798206329346, 0.1606023907661438, 0.13525527715682983, -0.11336544156074524, 0.94597446918487549, -0.30377715826034546, -0.17673537135124207, 0.28167206048965454, 0.94309353828430176),
            ["RightHand"] = CFrame.new(-0.00053281337022781372, -0.049931049346923828, -8.3819031715393066e-09, 0.99812489748001099, 0.053267348557710648, -0.030155165120959282, -0.053888421505689621, 0.99834316968917847, -0.020171664655208588, 0.029030712321400642, 0.021758854389190674, 0.99934166669845581),
            ["RightLowerArm"] = CFrame.new(-1.3113021850585938e-06, -0.049870491027832031, 0.00027169659733772278, 1, 0, 0, 0, 1, 0, 0, 0, 1),
            ["RightLowerLeg"] = CFrame.new(5.2154064178466797e-08, 0.052630901336669922, -0.0093206148594617844, 1, -0, 0, 0, 0.90528494119644165, 0.42480486631393433, -0, -0.42480486631393433, 0.90528494119644165),
            ["RightUpperArm"] = CFrame.new(-0.084412157535552979, 0.084656238555908203, -0.021529674530029297, 0.98461413383483887, 0.17308908700942993, 0.023983191698789597, -0.16935557126998901, 0.91141223907470703, 0.3750285804271698, 0.043054778128862381, -0.37332013249397278, 0.92670297622680664),
            ["RightUpperLeg"] = CFrame.new(0, 4.4703483581542969e-08, -2.1974847186356783e-07, 0.97769922018051147, -0.17776036262512207, -0.11182784289121628, -0.050456158816814423, 0.31806480884552002, -0.94672536849975586, 0.20385873317718506, 0.93125510215759277, 0.30200260877609253),
            ["UpperTorso"] = CFrame.new(2.9102160681304667e-09, 0.022859454154968262, 0.045777484774589539, 1, 0, 0, 0, 1, 0, 0, 0, 1)
        }},
        {Time = 0.167, Data = {
            ["Head"] = CFrame.new(-5.2939559203393771e-23, 0, 1.1920928955078125e-07, 0.49728190898895264, 0.0017566829919815063, 0.86758720874786377, 0.23972201347351074, 0.96078890562057495, -0.13934876024723053, -0.83381295204162598, 0.27727538347244263, 0.47736179828643799),
            ["LeftFoot"] = CFrame.new(5.5506006901850924e-08, 0.0091284513473510742, -2.5186527636833489e-06, 0.96427613496780396, -0.2026478499174118, -0.17060305178165436, 0.14006830751895905, 0.93668580055236816, -0.32093703746795654, 0.22483865916728973, 0.28557586669921875, 0.93160831928253174),
            ["LeftHand"] = CFrame.new(0.00055423006415367126, -0.082139134407043457, -4.2282044887542725e-07, 0.99932289123535156, -0.032149873673915863, 0.017893247306346893, 0.031888552010059357, 0.99938327074050903, 0.014703234657645226, -0.01835491880774498, -0.014122689142823219, 0.99973177909851074),
            ["LeftLowerArm"] = CFrame.new(-0.00049722194671630859, -0.082241356372833252, 0.00044764578342437744, 1, 0, 0, 0, 1, 0, 0, 0, 1),
            ["LeftLowerLeg"] = CFrame.new(3.7252902984619141e-08, 0.043997228145599365, -0.0061288326978683472, 1, -0, 0, 0, 0.93669629096984863, 0.35014286637306213, -0, -0.35014286637306213, 0.93669629096984863),
            ["LeftUpperArm"] = CFrame.new(0.042869150638580322, 0.076009750366210938, -0.049517810344696045, 0.98340296745300293, -0.17841625213623047, 0.032958332449197769, 0.15201506018638611, 0.90940022468566895, 0.38714683055877686, -0.099045604467391968, -0.37571120262145996, 0.92142879962921143),
            ["LeftUpperLeg"] = CFrame.new(0, 4.4703483581542969e-08, -0.00010014871804742143, 0.96426689624786377, 0.2099573165178299, 0.16157761216163635, 0.051119223237037659, 0.45097202062606812, -0.89107298851013184, -0.25995427370071411, 0.86749184131622314, 0.42412453889846802),
            ["LowerTorso"] = CFrame.new(4.2363849931111399e-16, -0.12930583953857422, -0.26824283599853516, 1, -0, 0, 0, 0.48430013656616211, 0.87490189075469971, -0, -0.87490189075469971, 0.48430013656616211),
            ["RightFoot"] = CFrame.new(-4.7825778892729431e-09, 0.0098788142204284668, -0.00010254066728521138, 0.97525262832641602, 0.16914688050746918, 0.14237874746322632, -0.11343158781528473, 0.9355543851852417, -0.33447164297103882, -0.18977788090705872, 0.31004410982131958, 0.93158841133117676),
            ["RightHand"] = CFrame.new(-0.000552397221326828, -0.079864382743835449, 1.3783574104309082e-07, 0.99755632877349854, 0.060736410319805145, -0.034531362354755402, -0.059858687222003937, 0.99787056446075439, 0.025908783078193665, 0.036031439900398254, -0.023778468370437622, 0.99906772375106812),
            ["RightLowerArm"] = CFrame.new(-2.4735927581787109e-06, -0.079769313335418701, 0.00043465569615364075, 1, 0, 0, 0, 1, 0, 0, 0, 1),
            ["RightLowerLeg"] = CFrame.new(2.6077032089233398e-08, 0.046855151653289795, -0.0072185751050710678, 1, -0, 0, 0, 0.92665135860443115, 0.37592184543609619, -0, -0.37592184543609619, 0.92665135860443115),
            ["RightUpperArm"] = CFrame.new(-0.08499443531036377, 0.081032752990722656, -0.022144317626953125, 0.98578780889511108, 0.16674241423606873, 0.020477317273616791, -0.16205543279647827, 0.91171765327453613, 0.3775036633014679, 0.044276341795921326, -0.37545695900917053, 0.92578166723251343),
            ["RightUpperLeg"] = CFrame.new(0, 1.4901161193847656e-08, -1.9739673007279634e-07, 0.97526085376739502, -0.17643103003501892, -0.13318531215190887, -0.042618118226528168, 0.44112426042556763, -0.89643353223800659, 0.21690995991230011, 0.879932701587677, 0.42269206047058105),
            ["UpperTorso"] = CFrame.new(2.9102231735578243e-09, 0.022859573364257812, 0.04577752947807312, 1, 0, 0, 0, 1, 0, 0, 0, 1)
        }},
        {Time = 0.200, Data = {
            ["Head"] = CFrame.new(5.2939559203393771e-23, 1.1920928955078125e-07, -1.1920928955078125e-07, 0.49732017517089844, 0.001739799976348877, 0.8675653338432312, 0.28937053680419922, 0.94240051507949829, -0.16776767373085022, -0.81788593530654907, 0.3344821035861969, 0.46817135810852051),
            ["LeftFoot"] = CFrame.new(-3.3585820347070694e-08, 0.0077322721481323242, -2.4869732442311943e-06, 0.96083158254623413, -0.21197791397571564, -0.17851614952087402, 0.14282171428203583, 0.93077766895294189, -0.33653363585472107, 0.23749655485153198, 0.29785618185997009, 0.92459565401077271),
            ["LeftHand"] = CFrame.new(0.00056007504463195801, -0.090975344181060791, -1.8253922462463379e-07, 0.99938333034515381, -0.030709851533174515, 0.017024574801325798, 0.028947796672582626, 0.99500471353530884, 0.09553845226764679, -0.019873505458235741, -0.094986706972122192, 0.99528014659881592),
            ["LeftLowerArm"] = CFrame.new(-0.00049734115600585938, -0.091066896915435791, 0.00049518048763275146, 1, 0, 0, 0, 1, 0, 0, 0, 1),
            ["LeftLowerLeg"] = CFrame.new(-2.9802322387695312e-08, 0.036305665969848633, -0.0039931684732437134, 1, -0, 0, 0, 0.95833748579025269, 0.28563842177391052, -0, -0.28563842177391052, 0.95833748579025269),
            ["LeftUpperArm"] = CFrame.new(0.042724907398223877, 0.071782231330871582, -0.056733131408691406, 0.98311638832092285, -0.17650885879993439, 0.048236288130283356, 0.14354585111141205, 0.90743887424468994, 0.39490422606468201, -0.11347556859254837, -0.38131269812583923, 0.91745513677597046),
            ["LeftUpperLeg"] = CFrame.new(0, 1.4901161193847656e-07, -0.00010011891572503373, 0.96082180738449097, 0.20474004745483398, 0.1868232935667038, 0.029345244169235229, 0.59511262178421021, -0.80310648679733276, -0.27560895681381226, 0.77712458372116089, 0.56578904390335083),
            ["LowerTorso"] = CFrame.new(4.2363849931111399e-16, -0.12590932846069336, -0.35098820924758911, 1, -0, 0, 0, 0.55953449010848999, 0.82880705595016479, -0, -0.82880705595016479, 0.55953449010848999),
            ["RightFoot"] = CFrame.new(1.20151526061818e-07, 0.0085695385932922363, -0.00010259045666316524, 0.97282809019088745, 0.17714190483093262, 0.14908462762832642, -0.11530675739049911, 0.9290623664855957, -0.35149326920509338, -0.20077309012413025, 0.32475206255912781, 0.92424362897872925),
            ["RightHand"] = CFrame.new(-0.00055840983986854553, -0.088795959949493408, 1.6298145055770874e-07, 0.99729627370834351, 0.063865453004837036, -0.036350525915622711, -0.059663105756044388, 0.99248456954956055, 0.10683970898389816, 0.042900703847408295, -0.10438206046819687, 0.99361157417297363),
            ["RightLowerArm"] = CFrame.new(-2.6822090148925781e-06, -0.088690638542175293, 0.00048334524035453796, 1, 0, 0, 0, 1, 0, 0, 0, 1),
            ["RightLowerLeg"] = CFrame.new(4.0978193283081055e-08, 0.039594113826751709, -0.0050000585615634918, 1, -0, 0, 0, 0.94915980100631714, 0.31479460000991821, -0, -0.31479460000991821, 0.94915980100631714),
            ["RightUpperArm"] = CFrame.new(-0.085230827331542969, 0.077846884727478027, -0.02762913703918457, 0.9862561821937561, 0.16497556865215302, 0.0090445186942815781, -0.15570621192455292, 0.90974235534667969, 0.38486942648887634, 0.055265873670578003, -0.38098815083503723, 0.92292672395706177),
            ["RightUpperLeg"] = CFrame.new(0, 1.1920928955078125e-07, -4.8385118134319782e-08, 0.9728272557258606, -0.17263621091842651, -0.15428508818149567, -0.024473875761032104, 0.58595854043960571, -0.80997133255004883, 0.23023505508899689, 0.79173815250396729, 0.5658113956451416),
            ["UpperTorso"] = CFrame.new(2.9102160681304667e-09, 0.022859513759613037, 0.045777380466461182, 1, 0, 0, 0, 1, 0, 0, 0, 1)
        }},
        {Time = 0.233, Data = {
            ["Head"] = CFrame.new(2.6469779601696886e-23, 1.1920928955078125e-07, -1.1920928955078125e-07, 0.49735718965530396, 0.0017742365598678589, 0.86754405498504639, 0.38687396049499512, 0.8946070671081543, -0.22362183034420013, -0.77650773525238037, 0.44685012102127075, 0.44425284862518311),
            ["LeftFoot"] = CFrame.new(1.091793819796294e-07, 0.0061234831809997559, -2.695967850740999e-06, 0.95772963762283325, -0.22005504369735718, -0.18528294563293457, 0.14751175045967102, 0.9286312460899353, -0.34041786193847656, 0.24697017669677734, 0.29869687557220459, 0.92183834314346313),
            ["LeftHand"] = CFrame.new(0.0005544126033782959, -0.082602739334106445, -2.0489096641540527e-07, 0.99968940019607544, -0.021897619590163231, 0.01189921610057354, 0.019163442775607109, 0.98067325353622437, 0.194711834192276, -0.015932967886328697, -0.19442331790924072, 0.98078829050064087),
            ["LeftLowerArm"] = CFrame.new(-0.00049760937690734863, -0.082704126834869385, 0.00044915825128555298, 1, 0, 0, 0, 1, 0, 0, 0, 1),
            ["LeftLowerLeg"] = CFrame.new(5.9604644775390625e-08, 0.027787148952484131, -0.0021901801228523254, 1, -0, 0, 0, 0.97658348083496094, 0.21513867378234863, -0, -0.21513867378234863, 0.97658348083496094),
            ["LeftUpperArm"] = CFrame.new(0.041825294494628906, 0.067146658897399902, -0.068893790245056152, 0.981312096118927, -0.17833289504051208, 0.072276860475540161, 0.13432049751281738, 0.90380376577377319, 0.4063209593296051, -0.13778449594974518, -0.38901939988136292, 0.91086733341217041),
            ["LeftUpperLeg"] = CFrame.new(0, 8.9406967163085938e-08, -0.00010016361920861527, 0.95772439241409302, 0.19721487164497375, 0.2094523161649704, -0.0014487951993942261, 0.73135256767272949, -0.68199807405471802, -0.2876836359500885, 0.65286272764205933, 0.70071995258331299),
            ["LowerTorso"] = CFrame.new(4.2363852578089359e-16, -0.12252092361450195, -0.41742631793022156, 1, -0, 0, 0, 0.64785271883010864, 0.76176559925079346, -0, -0.76176559925079346, 0.64785271883010864),
            ["RightFoot"] = CFrame.new(-7.278777047758922e-08, 0.007067263126373291, -0.00010264051525155082, 0.97064489126205444, 0.18398621678352356, 0.15491145849227905, -0.11881270259618759, 0.92679345607757568, -0.35628277063369751, -0.20912206172943115, 0.32741862535476685, 0.92144721746444702),
            ["RightHand"] = CFrame.new(-0.00055304542183876038, -0.080508708953857422, -1.1362135410308838e-07, 0.99745196104049683, 0.061956826597452164, -0.035369366407394409, -0.053365673869848251, 0.97700005769729614, 0.20645339787006378, 0.047347068786621094, -0.20403982698917389, 0.97781693935394287),
            ["RightLowerArm"] = CFrame.new(-2.2649765014648438e-06, -0.080412566661834717, 0.0004383893683552742, 1, 0, 0, 0, 1, 0, 0, 0, 1),
            ["RightLowerLeg"] = CFrame.new(1.2293457984924316e-07, 0.031470596790313721, -0.0030414594803005457, 1, -0, 0, 0, 0.9689897894859314, 0.24710077047348022, -0, -0.24710077047348022, 0.9689897894859314),
            ["RightUpperArm"] = CFrame.new(-0.085091590881347656, 0.074754834175109863, -0.037048459053039551, 0.98598217964172363, 0.16660740971565247, -0.0090076997876167297, -0.14951056241989136, 0.90618908405303955, 0.39556020498275757, 0.074065946042537689, -0.38866853713989258, 0.91839587688446045),
            ["RightUpperLeg"] = CFrame.new(0, 8.9406967163085938e-08, -2.2719905246049166e-07, 0.97063988447189331, -0.16681373119354248, -0.17329572141170502, 0.0012003257870674133, 0.72380244731903076, -0.69000619649887085, 0.24053438007831573, 0.66953951120376587, 0.7027517557144165),
            ["UpperTorso"] = CFrame.new(2.9102160681304667e-09, 0.022859573364257812, 0.045777499675750732, 1, 0, 0, 0, 1, 0, 0, 0, 1)
        }},
        {Time = 0.267, Data = {
            ["Head"] = CFrame.new(-6.6174449004242214e-23, -1.1920928955078125e-07, 1.1920928955078125e-07, 0.49731403589248657, 0.0017971396446228027, 0.86756879091262817, 0.50192004442214966, 0.81505978107452393, -0.28940260410308838, -0.70764046907424927, 0.57937413454055786, 0.40443861484527588),
            ["LeftFoot"] = CFrame.new(-2.3936081561259925e-08, 0.0044065713882446289, -2.7912828954868019e-06, 0.95529508590698242, -0.22614008188247681, -0.19045215845108032, 0.15318223834037781, 0.9295465350151062, -0.33537808060646057, 0.25287657976150513, 0.29121115803718567, 0.92263185977935791),
            ["LeftHand"] = CFrame.new(0.00054282322525978088, -0.064912140369415283, -1.4901161193847656e-07, 0.99997556209564209, -0.0063650757074356079, 0.0028925796505063772, 0.0052467258647084236, 0.9566340446472168, 0.29124534130096436, -0.0046209385618567467, -0.29122304916381836, 0.95664405822753906),
            ["LeftLowerArm"] = CFrame.new(-0.00049796700477600098, -0.065033674240112305, 0.00035345554351806641, 1, 0, 0, 0, 1, 0, 0, 0, 1),
            ["LeftLowerLeg"] = CFrame.new(-2.6077032089233398e-08, 0.019273281097412109, -0.00093679130077362061, 1, -0, 0, 0, 0.98928320407867432, 0.14600937068462372, -0, -0.14600937068462372, 0.98928320407867432),
            ["LeftUpperArm"] = CFrame.new(0.040113925933837891, 0.061943888664245605, -0.084228277206420898, 0.97788697481155396, -0.18223941326141357, 0.10259579122066498, 0.12390986084938049, 0.9000740647315979, 0.41774749755859375, -0.16847388446331024, -0.39579719305038452, 0.90275198221206665),
            ["LeftUpperLeg"] = CFrame.new(0, -2.9802322387695312e-08, -9.9984805274289101e-05, 0.9552767276763916, 0.18852031230926514, 0.22782996296882629, -0.033897742629051208, 0.83517301082611084, -0.54894167184829712, -0.29376408457756042, 0.51666826009750366, 0.80421173572540283),
            ["LowerTorso"] = CFrame.new(4.2363852578089359e-16, -0.11920726299285889, -0.46627539396286011, 1, -0, 0, 0, 0.72751122713088989, 0.68609583377838135, -0, -0.68609583377838135, 0.72751122713088989),
            ["RightFoot"] = CFrame.new(-1.5432306099683046e-08, 0.005514681339263916, -0.00010275169188389555, 0.96889489889144897, 0.18932485580444336, 0.1593700498342514, -0.12324503809213638, 0.92759531736373901, -0.35267201066017151, -0.21460048854351044, 0.32206055521965027, 0.92207574844360352),
            ["RightHand"] = CFrame.new(-0.00054119154810905457, -0.062887787818908691, -7.4505805969238281e-09, 0.99799776077270508, 0.054965797811746597, -0.031293351203203201, -0.042913515120744705, 0.95189809799194336, 0.30339497327804565, 0.046464424580335617, -0.30144459009170532, 0.952350914478302),
            ["RightLowerArm"] = CFrame.new(-1.8477439880371094e-06, -0.062812685966491699, 0.00034205242991447449, 1, 0, 0, 0, 1, 0, 0, 0, 1),
            ["RightLowerLeg"] = CFrame.new(7.4505805969238281e-08, 0.02348792552947998, -0.0016206410946324468, 1, -0, 0, 0, 0.98336541652679443, 0.18163830041885376, -0, -0.18163830041885376, 0.98336541652679443),
            ["RightUpperArm"] = CFrame.new(-0.084547042846679688, 0.071488022804260254, -0.048856496810913086, 0.98489326238632202, 0.1702379584312439, -0.031689859926700592, -0.14295077323913574, 0.90260916948318481, 0.40603172779083252, 0.097725577652454376, -0.39536786079406738, 0.91330933570861816),
            ["RightUpperLeg"] = CFrame.new(0, -8.9406967163085938e-08, -1.3779208529740572e-07, 0.96888887882232666, -0.16015446186065674, -0.18869243562221527, 0.028356440365314484, 0.82921898365020752, -0.55820411443710327, 0.24586622416973114, 0.53548711538314819, 0.80796247720718384),
            ["UpperTorso"] = CFrame.new(2.9102054099894303e-09, 0.022859543561935425, 0.045777440071105957, 1, 0, 0, 0, 1, 0, 0, 0, 1)
        }},
        {Time = 0.300, Data = {
            ["Head"] = CFrame.new(1.3234889800848443e-23, -1.1920928955078125e-07, -5.9604644775390625e-08, 0.49731874465942383, 0.0017743408679962158, 0.86756610870361328, 0.60529494285583496, 0.71568697690963745, -0.34843963384628296, -0.62152397632598877, 0.69841891527175903, 0.35485053062438965),
            ["LeftFoot"] = CFrame.new(-5.5621057981625199e-08, 0.0029469728469848633, -2.8876602300442755e-06, 0.95371866226196289, -0.2299906462430954, -0.19371379911899567, 0.15804283320903778, 0.93144267797470093, -0.32777589559555054, 0.25581866502761841, 0.28199094533920288, 0.9246826171875),
            ["LeftHand"] = CFrame.new(0.00053081661462783813, -0.046894609928131104, -2.2351741790771484e-07, 0.9999014139175415, 0.011735314503312111, -0.0077087096869945526, -0.0081121083348989487, 0.93096381425857544, 0.36502131819725037, 0.011460170149803162, -0.36492279171943665, 0.93096721172332764),
            ["LeftLowerArm"] = CFrame.new(-0.00049862265586853027, -0.047037720680236816, 0.00025534629821777344, 1, 0, 0, 0, 1, 0, 0, 0, 1),
            ["LeftLowerLeg"] = CFrame.new(-1.2293457984924316e-07, 0.012616097927093506, -0.00031223893165588379, 1, -0, 0, 0, 0.99563008546829224, 0.093384578824043274, -0, -0.093384578824043274, 0.99563008546829224),
            ["LeftUpperArm"] = CFrame.new(0.037915289402008057, 0.05692589282989502, -0.099177181720733643, 0.97350293397903442, -0.18634729087352753, 0.13253973424434662, 0.1138528436422348, 0.89762866497039795, 0.42579385638237, -0.19831697642803192, -0.39942154288291931, 0.89506024122238159),
            ["LeftUpperLeg"] = CFrame.new(0, -5.9604644775390625e-08, -0.00010007421224145219, 0.95372593402862549, 0.18124118447303772, 0.23991338908672333, -0.059689454734325409, 0.89615362882614136, -0.43971109390258789, -0.2946929931640625, 0.40504360198974609, 0.86550319194793701),
            ["LowerTorso"] = CFrame.new(4.2363852578089359e-16, -0.11653566360473633, -0.49637365341186523, 1, -0, 0, 0, 0.78315550088882446, 0.6218259334564209, -0, -0.6218259334564209, 0.78315550088882446),
            ["RightFoot"] = CFrame.new(-5.3873009164817631e-08, 0.0042274594306945801, -0.00010285365715390071, 0.96777325868606567, 0.1926129162311554, 0.16221949458122253, -0.12699133157730103, 0.92955869436264038, -0.34611251950263977, -0.21745824813842773, 0.31435796618461609, 0.92406225204467773),
            ["RightHand"] = CFrame.new(-0.00052955001592636108, -0.044917941093444824, -3.5017728805541992e-07, 0.99866199493408203, 0.044999022036790848, -0.025481637567281723, -0.032064054161310196, 0.92541646957397461, 0.37759274244308472, 0.040572430938482285, -0.37627047300338745, 0.92562109231948853),
            ["RightLowerArm"] = CFrame.new(-1.0728836059570312e-06, -0.04486316442489624, 0.00024481862783432007, 1, 0, 0, 0, 1, 0, 0, 0, 1),
            ["RightLowerLeg"] = CFrame.new(5.2154064178466797e-08, 0.017287790775299072, -0.0008396340417675674, 1, -0, 0, 0, 0.99127840995788574, 0.13178437948226929, -0, -0.13178437948226929, 0.99127840995788574),
            ["RightUpperArm"] = CFrame.new(-0.083721637725830078, 0.06836998462677002, -0.060294091701507568, 0.98324042558670044, 0.17412175238132477, -0.054036423563957214, -0.13670419156551361, 0.90023690462112427, 0.41338300704956055, 0.12062455713748932, -0.39906787872314453, 0.90895247459411621),
            ["RightUpperLeg"] = CFrame.new(0, -1.7881393432617188e-07, -1.3779208529740572e-07, 0.96777057647705078, -0.15455761551856995, -0.19882664084434509, 0.050008885562419891, 0.89173901081085205, -0.44977843761444092, 0.24681815505027771, 0.42533928155899048, 0.87072807550430298),
            ["UpperTorso"] = CFrame.new(2.9102125154167879e-09, 0.022859483957290649, 0.045777440071105957, 1, 0, 0, 0, 1, 0, 0, 0, 1)
        }},
        {Time = 0.333, Data = {
            ["Head"] = CFrame.new(-3.9704669402545328e-23, 0, 5.9604644775390625e-08, 0.49734383821487427, 0.0018060803413391113, 0.86755168437957764, 0.67768347263336182, 0.62354189157485962, -0.38979566097259521, -0.54165875911712646, 0.78178787231445312, 0.30889081954956055),
            ["LeftFoot"] = CFrame.new(3.4604454413056374e-08, 0.0023138523101806641, -2.9281945899128914e-06, 0.95317476987838745, -0.23134374618530273, -0.19477665424346924, 0.16014397144317627, 0.93246358633041382, -0.32382956147193909, 0.25653806328773499, 0.27747389674186707, 0.92584908008575439),
            ["LeftHand"] = CFrame.new(0.00052466988563537598, -0.037685155868530273, -5.2154064178466797e-08, 0.99966013431549072, 0.022150296717882156, -0.013748127967119217, -0.014870368875563145, 0.91762465238571167, 0.39716985821723938, 0.021413050591945648, -0.39683040976524353, 0.91764211654663086),
            ["LeftLowerArm"] = CFrame.new(-0.00049886107444763184, -0.037839651107788086, 0.00020495057106018066, 1, 0, 0, 0, 1, 0, 0, 0, 1),
            ["LeftLowerLeg"] = CFrame.new(5.9604644775390625e-08, 0.0099062323570251465, -0.00014191865921020508, 1, -0, 0, 0, 0.99737739562988281, 0.072376683354377747, -0, -0.072376683354377747, 0.99737739562988281),
            ["LeftUpperArm"] = CFrame.new(0.036565423011779785, 0.054343938827514648, -0.1069372296333313, 0.97080105543136597, -0.18854743242263794, 0.14830763638019562, 0.10868018865585327, 0.89684760570526123, 0.42878085374832153, -0.21385486423969269, -0.40014278888702393, 0.89115196466445923),
