return {
["jitter thrust 2"] = {

        {Time = 0.000, Data = {

            ["Head"] = CFrame.new(-0.012280233204364777, 0.011828303337097168, 0.0032998025417327881, 0.99961096048355103, -0.024402447044849396, -0.013506718911230564, 0.022263452410697937, 0.98981529474258423, -0.14060589671134949, 0.016800284385681152, 0.14025050401687622, 0.98997348546981812),

            ["LeftFoot"] = CFrame.new(6.8253939389251173e-08, -0.09127885103225708, -3.3096439437940717e-06, 0.98195517063140869, -0.14466895163059235, -0.1217988133430481, 0.18446321785449982, 0.87465900182723999, 0.44826886057853699, 0.041681841015815735, -0.46264734864234924, 0.88556200265884399),

            ["LeftHand"] = CFrame.new(0.00049459934234619141, 0.0082085132598876953, -5.9604644775390625e-08, 0.99947440624237061, -0.028363663703203201, 0.015696218237280846, 0.026067458093166351, 0.9910426139831543, 0.13097703456878662, -0.019270608201622963, -0.13049903512001038, 0.99126112461090088),

            ["LeftLowerArm"] = CFrame.new(-0.00050002336502075195, 0.049003362655639648, 0.0089012980461120605, 1, 0, 0, 0, 0.90937262773513794, -0.4159824550151825, 0, 0.4159824550151825, 0.90937262773513794),

            ["LeftLowerLeg"] = CFrame.new(1.1175870895385742e-08, -0.090564250946044922, -0.0010993797332048416, 1, 0, 0, 0, 1, 0, 0, 0, 1),

            ["LeftUpperArm"] = CFrame.new(-0.05934751033782959, -0.27565038204193115, -0.22952355444431305, 0.70938986539840698, -0.18186412751674652, -0.68094897270202637, -0.40649735927581787, 0.6836930513381958, -0.60607236623764038, 0.5757828950881958, 0.70674556493759155, 0.41107761859893799),

            ["LeftUpperLeg"] = CFrame.new(0, -6.7055225372314453e-08, -9.9969904113095254e-05, 0.98196274042129517, 0.18442776799201965, 0.04166046530008316, -0.15337413549423218, 0.90582758188247681, -0.394908607006073, -0.1105693057179451, 0.38139587640762329, 0.91777533292770386),

            ["LowerTorso"] = CFrame.new(-3.3306097815691618e-16, -0.060272336006164551, 0.86642783880233765, 1, 0, 0, 0, 0.99717998504638672, -0.075047187507152557, 0, 0.075047187507152557, 0.99717998504638672),

            ["RightFoot"] = CFrame.new(4.2218744056299329e-08, -0.084068238735198975, -0.00010328296775696799, 0.98949891328811646, 0.11057047545909882, 0.093091472983360291, -0.14093606173992157, 0.88100075721740723, 0.45163550972938538, -0.03207610547542572, -0.46001282334327698, 0.88733267784118652),

            ["RightHand"] = CFrame.new(-0.0004940330982208252, 0.0089790821075439453, 1.9371509552001953e-07, 0.99987941980361938, 0.013760874979197979, -0.0071940254420042038, -0.013512234203517437, 0.99934607744216919, 0.033537860959768295, 0.0076508317142724991, -0.0334366075694561, 0.99941158294677734),

            ["RightLowerArm"] = CFrame.new(2.384185791015625e-07, 0.055066287517547607, 0.01143510639667511, 1, 0, 0, 0, 0.88357752561569214, -0.46828487515449524, 0, 0.46828487515449524, 0.88357752561569214),

            ["RightLowerLeg"] = CFrame.new(-2.9802322387695312e-08, -0.083777785301208496, -0.0011067503364756703, 1, 0, 0, 0, 1, 0, 0, 0, 1),

            ["RightUpperArm"] = CFrame.new(-0.0077117681503295898, -0.36609792709350586, -0.19942647218704224, 0.62244987487792969, 0.087135806679725647, 0.7777940034866333, 0.53203672170639038, 0.68174797296524048, -0.50215202569961548, -0.57401490211486816, 0.72637945413589478, 0.37799453735351562),

            ["RightUpperLeg"] = CFrame.new(0, -6.7055225372314453e-08, -9.3088601715862751e-08, 0.98949944972991943, -0.14093190431594849, -0.032079294323921204, 0.1172465980052948, 0.91244161128997803, -0.39205047488212585, 0.084522895514965057, 0.38417252898216248, 0.91938424110412598),

            ["UpperTorso"] = CFrame.new(3.6580025675192473e-09, 0.053591787815093994, 0.057540178298950195, 1, -0, 0, 0, 0.85618114471435547, 0.51667588949203491, -0, -0.51667588949203491, 0.85618114471435547)

        }},

        {Time = 0.020, Data = {

            ["Head"] = CFrame.new(-0.012280233204364777, 0.011828303337097168, 0.0032998770475387573, 0.99961227178573608, -0.024353284388780594, -0.013498668558895588, 0.022322937846183777, 0.99069422483444214, -0.13426318764686584, 0.016642803326249123, 0.13390979170799255, 0.99085378646850586),

            ["LeftFoot"] = CFrame.new(1.3756289263255894e-07, -0.087335765361785889, -3.2890966394916177e-06, 0.98174935579299927, -0.14549446105957031, -0.12247270345687866, 0.18522268533706665, 0.87756884098052979, 0.44222778081893921, 0.043136537075042725, -0.45684158802032471, 0.88850152492523193),

            ["LeftHand"] = CFrame.new(0.00049476325511932373, 0.0080543160438537598, -2.9802322387695312e-08, 0.99956756830215454, -0.025769911706447601, 0.014163495041429996, 0.023853641003370285, 0.99225229024887085, 0.12192806601524353, -0.017195835709571838, -0.12153749167919159, 0.99243789911270142),

            ["LeftLowerArm"] = CFrame.new(-0.00050020217895507812, 0.047940075397491455, 0.0084878355264663696, 1, 0, 0, 0, 0.9135856032371521, -0.40664646029472351, 0, 0.40664646029472351, 0.9135856032371521),

            ["LeftLowerLeg"] = CFrame.new(-1.601874828338623e-07, -0.086634397506713867, -0.0010473113507032394, 1, 0, 0, 0, 1, 0, 0, 0, 1),

            ["LeftUpperArm"] = CFrame.new(-0.059380173683166504, -0.27274692058563232, -0.22609454393386841, 0.70931720733642578, -0.18466512858867645, -0.6802704930305481, -0.39983987808227539, 0.68938362598419189, -0.60405164957046509, 0.58051460981369019, 0.70046347379684448, 0.41515517234802246),

            ["LeftUpperLeg"] = CFrame.new(0, -3.5762073480327672e-07, -0.00010010401456383988, 0.98175728321075439, 0.18517869710922241, 0.04314451664686203, -0.15488862991333008, 0.91049873828887939, -0.3834078311920166, -0.11028198152780533, 0.36973083019256592, 0.92257088422775269),

            ["LowerTorso"] = CFrame.new(5.6999977654514922e-12, -0.061529994010925293, 0.85127037763595581, 1, 0, 0, 0, 0.99671494960784912, -0.0809897780418396, 0, 0.0809897780418396, 0.99671494960784912),

            ["RightFoot"] = CFrame.new(8.3990016719326377e-08, -0.08009713888168335, -0.00010335543629480526, 0.98937547206878662, 0.11118287593126297, 0.093672268092632294, -0.14152516424655914, 0.88399720191955566, 0.44555538892745972, -0.033267892897129059, -0.4540785551071167, 0.89034032821655273),

            ["RightHand"] = CFrame.new(-0.00049424171447753906, 0.0088033676147460938, 1.9371509552001953e-07, 0.99992460012435913, 0.010944666340947151, -0.005564812570810318, -0.010806471109390259, 0.99964666366577148, 0.024285228922963142, 0.0058286404237151146, -0.024223262444138527, 0.99968957901000977),

            ["RightLowerArm"] = CFrame.new(5.9604644775390625e-08, 0.053871810436248779, 0.010897316038608551, 1, 0, 0, 0, 0.88905161619186401, -0.45780700445175171, 0, 0.45780700445175171, 0.88905161619186401),

            ["RightLowerLeg"] = CFrame.new(4.0978193283081055e-08, -0.079819619655609131, -0.001054236781783402, 1, 0, 0, 0, 1, 0, 0, 0, 1),

            ["RightUpperArm"] = CFrame.new(-0.0076649188995361328, -0.36300849914550781, -0.19424706697463989, 0.62232989072799683, 0.091076657176017761, 0.7774384617805481, 0.52555692195892334, 0.68742620944976807, -0.50123369693756104, -0.5800822377204895, 0.72052085399627686, 0.37993991374969482),

            ["RightUpperLeg"] = CFrame.new(0, -3.5763500250141078e-07, -1.6759440768510103e-07, 0.98937070369720459, -0.14156562089920044, -0.033238984644412994, 0.11845055967569351, 0.917164146900177, -0.38049888610839844, 0.08435116708278656, 0.37251728773117065, 0.92418384552001953),

            ["UpperTorso"] = CFrame.new(3.6614069554019579e-09, 0.053553789854049683, 0.05757555365562439, 1, -0, 0, 0, 0.85692095756530762, 0.51544785499572754, -0, -0.51544785499572754, 0.85692095756530762)

        }},

        {Time = 0.040, Data = {

            ["Head"] = CFrame.new(-0.012280233204364777, 0.011828303337097168, 0.0032997727394104004, 0.99961209297180176, -0.024379974231123924, -0.013463410548865795, 0.022668963298201561, 0.99308222532272339, -0.11521218717098236, 0.016179142519831657, 0.11486229300498962, 0.99324965476989746),

            ["LeftFoot"] = CFrame.new(-1.5759724192321301e-08, -0.075811088085174561, -3.3661199267953634e-06, 0.98110729455947876, -0.14798271656036377, -0.12461777031421661, 0.18748611211776733, 0.88615942001342773, 0.42375758290290833, 0.047722429037094116, -0.4391157329082489, 0.89716219902038574),

            ["LeftHand"] = CFrame.new(0.00049492716789245605, 0.007576286792755127, 0, 0.99978059530258179, -0.018445182591676712, 0.0099266357719898224, 0.017422463744878769, 0.99534702301025391, 0.094766765832901001, -0.011628437787294388, -0.094573020935058594, 0.99545001983642578),

            ["LeftLowerArm"] = CFrame.new(-0.00049996376037597656, 0.044639825820922852, 0.0072759240865707397, 1, 0, 0, 0, 0.92592215538024902, -0.3777143657207489, 0, 0.3777143657207489, 0.92592215538024902),

            ["LeftLowerLeg"] = CFrame.new(-4.8428773880004883e-08, -0.075149059295654297, -0.00089508295059204102, 1, 0, 0, 0, 1, 0, 0, 0, 1),

            ["LeftUpperArm"] = CFrame.new(-0.059491276741027832, -0.26403427124023438, -0.2161259651184082, 0.70908057689666748, -0.19335192441940308, -0.67810016870498657, -0.37988859415054321, 0.70542049407958984, -0.59838664531707764, 0.59404498338699341, 0.68190681934356689, 0.42674779891967773),

            ["LeftUpperLeg"] = CFrame.new(0, -1.6388429457947495e-07, -0.00010004439536714926, 0.98111873865127563, 0.18743692338466644, 0.047680772840976715, -0.1595488041639328, 0.92372769117355347, -0.34824034571647644, -0.10931714624166489, 0.33405771851539612, 0.9361918568611145),

            ["LowerTorso"] = CFrame.new(2.2780204805838977e-11, -0.065305829048156738, 0.80581867694854736, 1, 0, 0, 0, 0.99509835243225098, -0.098889976739883423, 0, 0.098889976739883423, 0.99509835243225098),

            ["RightFoot"] = CFrame.new(-1.1898191587533802e-07, -0.068473339080810547, -0.00010330178338335827, 0.98899358510971069, 0.1131649911403656, 0.095317311584949493, -0.14331346750259399, 0.89283019304275513, 0.42698425054550171, -0.036782510578632355, -0.43594491481781006, 0.89922136068344116),

            ["RightHand"] = CFrame.new(-0.00049453973770141602, 0.0082635879516601562, -1.7881393432617188e-07, 0.99999469518661499, 0.0031058627646416426, -0.00095517287263646722, -0.0031093053985387087, 0.9999886155128479, -0.0036240390036255121, 0.00094390619779005647, 0.0036269898992031813, 0.9999929666519165),

            ["RightLowerArm"] = CFrame.new(5.9604644775390625e-08, 0.050168395042419434, 0.0093272309750318527, 1, 0, 0, 0, 0.90505945682525635, -0.42528510093688965, 0, 0.42528510093688965, 0.90505945682525635),

            ["RightLowerLeg"] = CFrame.new(6.7055225372314453e-08, -0.068235635757446289, -0.0009005909669212997, 1, 0, 0, 0, 1, 0, 0, 0, 1),

            ["RightUpperArm"] = CFrame.new(-0.0075147151947021484, -0.35370874404907227, -0.17907267808914185, 0.62206745147705078, 0.10315541923046112, 0.7761385440826416, 0.50583428144454956, 0.70369213819503784, -0.49894797801971436, -0.59763181209564209, 0.70297682285308838, 0.38556444644927979),

            ["RightUpperLeg"] = CFrame.new(0, -1.6394125168517348e-07, -1.0800431482493877e-07, 0.98899668455123901, -0.1433010995388031, -0.036747835576534271, 0.12203305959701538, 0.93066525459289551, -0.34492045640945435, 0.083627402782440186, 0.33664071559906006, 0.93791228532791138),

            ["UpperTorso"] = CFrame.new(3.6716041318385351e-09, 0.053439855575561523, 0.057681456208229065, 1, -0, 0, 0, 0.85903716087341309, 0.51191318035125732, -0, -0.51191318035125732, 0.85903716087341309)

        }},

        {Time = 0.060, Data = {

            ["Head"] = CFrame.new(-0.012280233204364777, 0.01182866096496582, 0.0032999515533447266, 0.9996110200881958, -0.02440531924366951, -0.013496841304004192, 0.023198533803224564, 0.9962538480758667, -0.083307012915611267, 0.015479414723813534, 0.082961499691009521, 0.99643254280090332),

            ["LeftFoot"] = CFrame.new(5.9753801906481385e-09, -0.057507932186126709, -3.2161915441974998e-06, 0.97996681928634644, -0.15236511826515198, -0.12825720012187958, 0.19118747115135193, 0.90008854866027832, 0.39152002334594727, 0.055788841098546982, -0.40819782018661499, 0.91118723154067993),

            ["LeftHand"] = CFrame.new(0.00049570202827453613, 0.0067278146743774414, 8.9406967163085938e-08, 0.9999690055847168, -0.0071618622168898582, 0.0032761215697973967, 0.0069904783740639687, 0.99874311685562134, 0.049631703644990921, -0.0036274592857807875, -0.049607265740633011, 0.99876219034194946),

            ["LeftLowerArm"] = CFrame.new(-0.00049996376037597656, 0.038797199726104736, 0.0053854286670684814, 1, 0, 0, 0, 0.94514745473861694, -0.32664397358894348, 0, 0.32664397358894348, 0.94514745473861694),

            ["LeftLowerLeg"] = CFrame.new(-2.2351741790771484e-08, -0.056908249855041504, -0.00065324828028678894, 1, 0, 0, 0, 1, 0, 0, 0, 1),

            ["LeftUpperArm"] = CFrame.new(-0.059709906578063965, -0.24952447414398193, -0.20053175091743469, 0.70863795280456543, -0.20869524776935577, -0.67400199174880981, -0.34659498929977417, 0.72909688949584961, -0.59016072750091553, 0.61457651853561401, 0.65181601047515869, 0.44433301687240601),

            ["LeftUpperLeg"] = CFrame.new(0, -3.2031098839979677e-07, -9.9984776170458645e-05, 0.97997182607650757, 0.19116197526454926, 0.055788513273000717, -0.16756688058376312, 0.94296211004257202, -0.28765225410461426, -0.10759462416172028, 0.27254277467727661, 0.9561086893081665),

            ["LowerTorso"] = CFrame.new(5.1175098880751335e-11, -0.071612954139709473, 0.7301337718963623, 1, 0, 0, 0, 0.99168401956558228, -0.12869668006896973, 0, 0.12869668006896973, 0.99168401956558228),

            ["RightFoot"] = CFrame.new(-8.9771674538496882e-08, -0.050052165985107422, -0.00010319081047782674, 0.98832827806472778, 0.11651572585105896, 0.09813932329416275, -0.14613267779350281, 0.90713012218475342, 0.3946647047996521, -0.04304049164056778, -0.40439963340759277, 0.91356909275054932),

            ["RightHand"] = CFrame.new(-0.00049519538879394531, 0.0073146820068359375, 2.9802322387695312e-08, 0.99994498491287231, -0.0086606200784444809, 0.0059139346703886986, 0.0089434050023555756, 0.998729407787323, -0.049594104290008545, -0.005476905032992363, 0.049644269049167633, 0.9987519383430481),

            ["RightLowerArm"] = CFrame.new(2.384185791015625e-07, 0.043626785278320312, 0.0068913251161575317, 1, 0, 0, 0, 0.92982333898544312, -0.36800616979598999, 0, 0.36800616979598999, 0.92982333898544312),

            ["RightLowerLeg"] = CFrame.new(1.862645149230957e-08, -0.049877524375915527, -0.00065726245520636439, 1, 0, 0, 0, 1, 0, 0, 0, 1),

            ["RightUpperArm"] = CFrame.new(-0.0072410702705383301, -0.33813369274139404, -0.15494042634963989, 0.62151128053665161, 0.1244157999753952, 0.77346277236938477, 0.47279965877532959, 0.72765922546386719, -0.49696347117424011, -0.62464737892150879, 0.6745612621307373, 0.3934246301651001),

            ["RightUpperLeg"] = CFrame.new(0, -3.2043894293565245e-07, -4.8414221964776516e-08, 0.98832428455352783, -0.14615505933761597, -0.043056182563304901, 0.12818849086761475, 0.95035713911056519, -0.2835296094417572, 0.082358025014400482, 0.27469989657402039, 0.9579964280128479),

            ["UpperTorso"] = CFrame.new(3.6885230425554028e-09, 0.053249478340148926, 0.057857215404510498, 1, -0, 0, 0, 0.86263483762741089, 0.50582724809646606, -0, -0.50582724809646606, 0.86263483762741089)

        }},

        {Time = 0.080, Data = {

            ["Head"] = CFrame.new(-0.012280233204364777, 0.01182854175567627, 0.0032998025417327881, 0.99961221218109131, -0.024343317374587059, -0.013521865010261536, 0.023810969665646553, 0.9989854097366333, -0.038225818425416946, 0.0144386887550354, 0.037889022380113602, 0.99917763471603394),

            ["LeftFoot"] = CFrame.new(-5.7501893024891615e-08, -0.03396761417388916, -3.2449170248582959e-06, 0.97820878028869629, -0.15883171558380127, -0.13371637463569641, 0.19609272480010986, 0.91840928792953491, 0.34361618757247925, 0.068229228258132935, -0.36234915256500244, 0.92954176664352417),

            ["LeftHand"] = CFrame.new(0.0004965662956237793, 0.0054337978363037109, -5.9604644775390625e-08, 0.99996662139892578, 0.0066179302521049976, -0.0047877482138574123, -0.006675307173281908, 0.99990487098693848, -0.012068982236087322, 0.0047074207104742527, 0.012100539170205593, 0.9999157190322876),

            ["LeftLowerArm"] = CFrame.new(-0.00050008296966552734, 0.03007197380065918, 0.0031339377164840698, 1, 0, 0, 0, 0.96799302101135254, -0.25097715854644775, 0, 0.25097715854644775, 0.96799302101135254),

            ["LeftLowerLeg"] = CFrame.new(-1.3411045074462891e-07, -0.033448934555053711, -0.00034219399094581604, 1, 0, 0, 0, 1, 0, 0, 0, 1),

            ["LeftUpperArm"] = CFrame.new(-0.060058832168579102, -0.22927606105804443, -0.18068625032901764, 0.70797795057296753, -0.2313276082277298, -0.6672741174697876, -0.30004936456680298, 0.75679612159729004, -0.58071506023406982, 0.63932585716247559, 0.61134862899780273, 0.46638524532318115),

            ["LeftUpperLeg"] = CFrame.new(0, -3.6496496136351197e-07, -9.9984754342585802e-05, 0.97820085287094116, 0.19612696766853333, 0.068244762718677521, -0.17933335900306702, 0.96353858709335327, -0.19857729971408844, -0.10470282286405563, 0.18200992047786713, 0.97770637273788452),

            ["LowerTorso"] = CFrame.new(9.0779876671387427e-11, -0.080479145050048828, 0.62431716918945312, 1, 0, 0, 0, 0.98536407947540283, -0.17046307027339935, 0, 0.17046307027339935, 0.98536407947540283),

            ["RightFoot"] = CFrame.new(-8.4575731307268143e-08, -0.026312291622161865, -0.0001031666251947172, 0.98727625608444214, 0.12165841460227966, 0.10239522904157639, -0.15003910660743713, 0.92598807811737061, 0.34645965695381165, -0.052667029201984406, -0.35741469264030457, 0.93245959281921387),

            ["RightHand"] = CFrame.new(-0.00049629807472229004, 0.0058754682540893555, -5.9604644775390625e-08, 0.99964165687561035, -0.022713916376233101, 0.014165844768285751, 0.024166153743863106, 0.99335008859634399, -0.11256799846887589, -0.011514782905578613, 0.1128699854016304, 0.99354302883148193),

            ["RightLowerArm"] = CFrame.new(-1.7881393432617188e-07, 0.033778905868530273, 0.0039840340614318848, 1, 0, 0, 0, 0.95937740802764893, -0.28212577104568481, 0, 0.28212577104568481, 0.95937740802764893),

            ["RightLowerLeg"] = CFrame.new(1.1920928955078125e-07, -0.026218891143798828, -0.00034384633181616664, 1, 0, 0, 0, 1, 0, 0, 0, 1),

            ["RightUpperArm"] = CFrame.new(-0.0068401098251342773, -0.31625831127166748, -0.12340429425239563, 0.62068378925323486, 0.15567079186439514, 0.76845192909240723, 0.42647203803062439, 0.75539708137512207, -0.49749058485031128, -0.65793108940124512, 0.63650757074356079, 0.40247344970703125),

            ["RightUpperLeg"] = CFrame.new(0, -3.6519193713502318e-07, -4.8436049837619066e-08, 0.98727840185165405, -0.15000529587268829, -0.052723102271556854, 0.13728411495685577, 0.97148936986923218, -0.19329117238521576, 0.080214627087116241, 0.18359415233135223, 0.97972381114959717),

            ["UpperTorso"] = CFrame.new(3.7120437834659015e-09, 0.05298188328742981, 0.058102399110794067, 1, -0, 0, 0, 0.86752235889434814, 0.4973982572555542, -0, -0.4973982572555542, 0.86752235889434814)

        }},

        {Time = 0.100, Data = {

            ["Head"] = CFrame.new(-0.012280233204364777, 0.011828064918518066, 0.0032998323440551758, 0.99961227178573608, -0.024377280846238136, -0.013455020263791084, 0.024646339938044548, 0.99949198961257935, 0.020207075402140617, 0.012955591082572937, -0.020530859008431435, 0.99970525503158569),

            ["LeftFoot"] = CFrame.new(1.6477861208841205e-07, -0.0074850916862487793, -3.2033349270932376e-06, 0.9755738377571106, -0.16801036894321442, -0.14152106642723083, 0.20196531713008881, 0.93940132856369019, 0.27701115608215332, 0.086404338479042053, -0.29882717132568359, 0.95038759708404541),

            ["LeftHand"] = CFrame.new(0.00049754977226257324, 0.0035623311996459961, 0, 0.99967938661575317, 0.021439718082547188, -0.013469843193888664, -0.022538552060723305, 0.99590420722961426, -0.087560079991817474, 0.011537410318851471, 0.087835602462291718, 0.99606817960739136),

            ["LeftLowerArm"] = CFrame.new(-0.00050008296966552734, 0.018217921257019043, 0.0010924041271209717, 1, 0, 0, 0, 0.98873287439346313, -0.14969055354595184, 0, 0.14969055354595184, 0.98873287439346313),

            ["LeftLowerLeg"] = CFrame.new(-1.5646219253540039e-07, -0.0070589780807495117, 7.4468553066253662e-06, 1, 0, 0, 0, 1, 0, 0, 0, 1),

            ["LeftUpperArm"] = CFrame.new(-0.060535550117492676, -0.20342028141021729, -0.1582552045583725, 0.70699727535247803, -0.26133033633232117, -0.6571616530418396, -0.24075348675251007, 0.7847866415977478, -0.57109344005584717, 0.66497570276260376, 0.56197547912597656, 0.49192583560943604),

            ["LeftUpperLeg"] = CFrame.new(0, -8.9230148603292037e-08, -9.9977274658158422e-05, 0.97557079792022705, 0.20200648903846741, 0.086342521011829376, -0.19548827409744263, 0.9775727391242981, -0.078331939876079559, -0.1002296581864357, 0.059539400041103363, 0.99318128824234009),

            ["LowerTorso"] = CFrame.new(1.4145401516785228e-10, -0.091958999633789062, 0.48850929737091064, 1, 0, 0, 0, 0.97458094358444214, -0.22403568029403687, 0, 0.22403568029403687, 0.97458094358444214),

            ["RightFoot"] = CFrame.new(3.7184577195148449e-08, 7.8618526458740234e-05, -0.00010322353773517534, 0.98571872711181641, 0.12884539365768433, 0.1084316223859787, -0.15454909205436707, 0.947884202003479, 0.27862197160720825, -0.066881477832794189, -0.29140090942382812, 0.95426011085510254),

            ["RightHand"] = CFrame.new(-0.00049728155136108398, 0.0038229823112487793, -8.9406967163085938e-08, 0.99905174970626831, -0.037203468382358551, 0.022616945207118988, 0.040805071592330933, 0.98124861717224121, -0.18837760388851166, -0.015184546820819378, 0.18912185728549957, 0.98183619976043701),

            ["RightLowerArm"] = CFrame.new(1.1920928955078125e-07, 0.020509600639343262, 0.001386106014251709, 1, 0, 0, 0, 0.98576009273529053, -0.16815768182277679, 0, 0.16815768182277679, 0.98576009273529053),

            ["RightLowerLeg"] = CFrame.new(1.2479722499847412e-07, 0.00028175115585327148, 3.9132501115091145e-06, 1, -0, 0, 0, 0.99999785423278809, 0.002071727067232132, -0, -0.002071727067232132, 0.99999785423278809),

            ["RightUpperArm"] = CFrame.new(-0.0063433647155761719, -0.28816545009613037, -0.086320340633392334, 0.61972630023956299, 0.19647461175918579, 0.75982701778411865, 0.36697894334793091, 0.78324872255325317, -0.50184452533721924, -0.69373321533203125, 0.58984673023223877, 0.41329777240753174),

            ["RightUpperLeg"] = CFrame.new(0, -8.9583785722879838e-08, -4.1014573071151972e-08, 0.98572295904159546, -0.15465483069419861, -0.066574327647686005, 0.1498323380947113, 0.98607087135314941, -0.072211623191833496, 0.076814882457256317, 0.061205670237541199, 0.99516499042510986),

            ["UpperTorso"] = CFrame.new(3.7420009313393621e-09, 0.052636146545410156, 0.058415718376636505, 1, -0, 0, 0, 0.87371331453323364, 0.48644119501113892, -0, -0.48644119501113892, 0.87371331453323364)

        }},

        {Time = 0.120, Data = {

            ["Head"] = CFrame.new(-0.012280233204364777, 0.01182854175567627, 0.0032999813556671143, 0.99961262941360474, -0.024349696934223175, -0.013478635810315609, 0.025486651808023453, 0.99544709920883179, 0.091844961047172546, 0.011180871166288853, -0.092152908444404602, 0.99568212032318115),

            ["LeftFoot"] = CFrame.new(-3.3423930290155113e-09, 0.005372166633605957, -3.0009832698851824e-06, 0.97166365385055542, -0.1808236837387085, -0.15222534537315369, 0.1976739764213562, 0.97474664449691772, 0.10389424860477448, 0.1295945942401886, -0.13104124367237091, 0.98286998271942139),

            ["LeftHand"] = CFrame.new(0.00049934536218643188, 0.0010099411010742188, -1.4901161193847656e-07, 0.99909836053848267, 0.036233283579349518, -0.022126849740743637, -0.03944145143032074, 0.98500967025756836, -0.16792963445186615, 0.015710517764091492, 0.16865094006061554, 0.9855506420135498),

            ["LeftLowerArm"] = CFrame.new(-0.000499725341796875, 0.0042233467102050781, 5.1110982894897461e-05, 1, 0, 0, 0, 0.99941277503967285, -0.034264806658029556, 0, 0.034264806658029556, 0.99941277503967285),

            ["LeftLowerLeg"] = CFrame.new(6.9849193096160889e-08, 0.02396702766418457, -0.0015619583427906036, 1, -0, 0, 0, 0.98295354843139648, 0.18385423719882965, -0, -0.18385423719882965, 0.98295354843139648),

            ["LeftUpperArm"] = CFrame.new(-0.061112523078918457, -0.17215049266815186, -0.13503453135490417, 0.70588481426239014, -0.29540732502937317, -0.64378654956817627, -0.16878575086593628, 0.8125535249710083, -0.55791407823562622, 0.68792295455932617, 0.50248509645462036, 0.52370870113372803),

            ["LeftUpperLeg"] = CFrame.new(0, -1.785601568826678e-07, -9.9925084214191884e-05, 0.971660315990448, 0.21812744438648224, 0.091086044907569885, -0.21709220111370087, 0.97591990232467651, -0.021244252100586891, -0.093526631593704224, 0.00086812861263751984, 0.9956163763999939),

            ["LowerTorso"] = CFrame.new(2.0302469427857517e-10, -0.1061478853225708, 0.32288306951522827, 1, 0, 0, 0, 0.95730960369110107, -0.28906464576721191, 0, 0.28906464576721191, 0.95730960369110107),

            ["RightFoot"] = CFrame.new(3.0110641091596335e-08, 0.0071116089820861816, -0.00010295466199750081, 0.98339962959289551, 0.13882146775722504, 0.11684925854206085, -0.14804692566394806, 0.98618274927139282, 0.074334703385829926, -0.10491546988487244, -0.090399898588657379, 0.99036389589309692),

            ["RightHand"] = CFrame.new(-0.00049936771392822266, 0.00098454952239990234, 5.9604644775390625e-08, 0.99827039241790771, -0.050361849367618561, 0.030330702662467957, 0.056665845215320587, 0.96168851852416992, -0.26822412014007568, -0.015660427510738373, 0.26947891712188721, 0.96287894248962402),

            ["RightLowerArm"] = CFrame.new(-2.9802322387695312e-08, 0.0046932101249694824, 6.103515625e-05, 1, 0, 0, 0, 0.99930793046951294, -0.037198349833488464, 0, 0.037198349833488464, 0.99930793046951294),

            ["RightLowerLeg"] = CFrame.new(7.2643160820007324e-08, 0.031696438789367676, -0.0030885657761245966, 1, -0, 0, 0, 0.96851503849029541, 0.24895507097244263, -0, -0.24895507097244263, 0.96851503849029541),

            ["RightUpperArm"] = CFrame.new(-0.0058164596557617188, -0.25406360626220703, -0.045628473162651062, 0.61863887310028076, 0.24291802942752838, 0.74717915058135986, 0.29472258687019348, 0.809806227684021, -0.50729912519454956, -0.7283024787902832, 0.5340455174446106, 0.42938417196273804),

            ["RightUpperLeg"] = CFrame.new(0, -1.7906771176967595e-07, 1.1103111319243908e-08, 0.98339670896530151, -0.16952715814113617, -0.064741805195808411, 0.16668723523616791, 0.98488712310791016, -0.047039620578289032, 0.071737855672836304, 0.035466976463794708, 0.99679273366928101),

            ["UpperTorso"] = CFrame.new(3.7782079687076475e-09, 0.052211135625839233, 0.058796048164367676, 1, -0, 0, 0, 0.88110697269439697, 0.47291696071624756, -0, -0.47291696071624756, 0.88110697269439697)

        }},

        {Time = 0.140, Data = {

            ["Head"] = CFrame.new(-0.012280233204364777, 0.01182866096496582, 0.0032999217510223389, 0.99961185455322266, -0.024361502379179001, -0.013516930863261223, 0.02636357769370079, 0.98400306701660156, 0.17619015276432037, 0.0090084448456764221, -0.17647810280323029, 0.98426336050033569),

            ["LeftFoot"] = CFrame.new(-8.6649379227310419e-08, 0.0090121626853942871, -2.9557413654401898e-06, 0.96573960781097412, -0.19853292405605316, -0.16712792217731476, 0.18633808195590973, 0.97872406244277954, -0.085891634225845337, 0.18062444031238556, 0.051806658506393433, 0.98218679428100586),

            ["LeftHand"] = CFrame.new(0.00050255469977855682, -0.0037443637847900391, -1.1920928955078125e-07, 0.9982750415802002, 0.050286345183849335, -0.030301457270979881, -0.055446088314056396, 0.97719740867614746, -0.20496571063995361, 0.019303532317280769, 0.20629224181175232, 0.97829997539520264),

            ["LeftLowerArm"] = CFrame.new(-0.00049978494644165039, -0.0039397478103637695, 2.1010637283325195e-05, 1, 0, 0, 0, 1, 0, 0, 0, 1),

            ["LeftLowerLeg"] = CFrame.new(-5.029141902923584e-08, 0.043335258960723877, -0.0059248730540275574, 1, -0, 0, 0, 0.93876767158508301, 0.34455075860023499, -0, -0.34455075860023499, 0.93876767158508301),

            ["LeftUpperArm"] = CFrame.new(-0.061762571334838867, -0.13568699359893799, -0.11286168545484543, 0.70456975698471069, -0.30384370684623718, -0.64129596948623657, -0.08471524715423584, 0.86122250556945801, -0.50111788511276245, 0.70455998182296753, 0.40740004181861877, 0.58105111122131348),

            ["LeftUpperLeg"] = CFrame.new(0, -7.7886980420771579e-08, -9.9962300737388432e-05, 0.96572524309158325, 0.23719407618045807, 0.1054217740893364, -0.24582360684871674, 0.96616643667221069, 0.078059017658233643, -0.08333984762430191, -0.10129871964454651, 0.9913591742515564),

            ["LowerTorso"] = CFrame.new(2.7529400981052277e-10, -0.1231987476348877, 0.12763355672359467, 1, 0, 0, 0, 0.93123906850814819, -0.36440879106521606, 0, 0.36440879106521606, 0.93123906850814819),

            ["RightFoot"] = CFrame.new(3.1541276257485151e-09, 0.010291337966918945, -0.00010296875552739948, 0.97984904050827026, 0.15279191732406616, 0.12864862382411957, -0.13883781433105469, 0.98404484987258911, -0.11126435548067093, -0.14359630644321442, 0.091160975396633148, 0.98542875051498413),

            ["RightHand"] = CFrame.new(-0.00050273537635803223, -0.0042911767959594727, -1.7881393432617188e-07, 0.99746263027191162, -0.061067946255207062, 0.036592766642570496, 0.069225899875164032, 0.95194989442825317, -0.29832726716995239, -0.016616242006421089, 0.30010348558425903, 0.95376193523406982),

            ["RightLowerArm"] = CFrame.new(-1.4901161193847656e-07, -0.0042857527732849121, 2.339482307434082e-05, 1, 0, 0, 0, 1, 0, 0, 0, 1),

            ["RightLowerLeg"] = CFrame.new(4.6566128730773926e-08, 0.049145162105560303, -0.0080148745328187943, 1, -0, 0, 0, 0.91857153177261353, 0.39525479078292847, -0, -0.39525479078292847, 0.91857153177261353),

            ["RightUpperArm"] = CFrame.new(-0.0053275227546691895, -0.21425044536590576, -0.003197789192199707, 0.6177220344543457, 0.25447598099708557, 0.74408429861068726, 0.21027345955371857, 0.85829353332519531, -0.4680996835231781, -0.7577628493309021, 0.44561669230461121, 0.4766772985458374),

            ["RightUpperLeg"] = CFrame.new(0, -7.8575212114628812e-08, -2.618617145344615e-08, 0.97984123229980469, -0.18433842062950134, -0.077009432017803192, 0.18921402096748352, 0.97999799251556396, 0.061660252511501312, 0.064102731645107269, -0.074988521635532379, 0.99512189626693726),

            ["UpperTorso"] = CFrame.new(3.8203875618592065e-09, 0.051705062389373779, 0.059241443872451782, 1, -0, 0, 0, 0.88957959413528442, 0.45678022503852844, -0, -0.45678022503852844, 0.88957959413528442)

        }},

        {Time = 0.160, Data = {

            ["Head"] = CFrame.new(-0.012280233204364777, 0.01182866096496582, 0.0032998919486999512, 0.99961233139038086, -0.024359544739127159, -0.013484878465533257, 0.027109114453196526, 0.96196252107620239, 0.27183303236961365, 0.0063502192497253418, -0.27209320664405823, 0.96224993467330933),

            ["LeftFoot"] = CFrame.new(-7.5779666985908989e-08, 0.010434806346893311, -2.9676812118850648e-06, 0.95633202791213989, -0.22358117997646332, -0.18825648725032806, 0.17317338287830353, 0.9522976279258728, -0.25127720832824707, 0.23545704782009125, 0.20770341157913208, 0.94943100214004517),

            ["LeftHand"] = CFrame.new(0.00050202803686261177, -0.003170013427734375, 2.9802322387695312e-08, 0.99721223115921021, 0.064011052250862122, -0.038345664739608765, -0.07091812789440155, 0.9728538990020752, -0.22028608620166779, 0.023203985765576363, 0.22239138185977936, 0.9746813178062439),

            ["LeftLowerArm"] = CFrame.new(-0.0004996955394744873, -0.003365933895111084, 1.7553567886352539e-05, 1, 0, 0, 0, 1, 0, 0, 0, 1),

            ["LeftLowerLeg"] = CFrame.new(-8.9406967163085938e-08, 0.051263630390167236, -0.0086192414164543152, 1, -0, 0, 0, 0.91141903400421143, 0.41147953271865845, -0, -0.41147953271865845, 0.91141903400421143),

            ["LeftUpperArm"] = CFrame.new(-0.06248784065246582, -0.09417724609375, -0.093648940324783325, 0.70312440395355225, -0.30405551195144653, -0.6427801251411438, 0.011105641722679138, 0.90855133533477783, -0.4176255464553833, 0.7109801173210144, 0.28650420904159546, 0.64220136404037476),

            ["LeftUpperLeg"] = CFrame.new(0, -2.6032276423393341e-07, -9.9880300695076585e-05, 0.95631247758865356, 0.25477313995361328, 0.14337731897830963, -0.28432762622833252, 0.92462342977523804, 0.25343498587608337, -0.068001598119735718, -0.28312918543815613, 0.95666801929473877),

            ["LowerTorso"] = CFrame.new(3.5805047815529178e-10, -0.1433408260345459, -0.097045011818408966, 1, 0, 0, 0, 0.89375817775726318, -0.44854918122291565, 0, 0.44854918122291565, 0.89375817775726318),

            ["RightFoot"] = CFrame.new(-4.6894498950678098e-08, 0.01160961389541626, -0.0001029995473800227, 0.97415775060653687, 0.17276653647422791, 0.14549361169338226, -0.12773427367210388, 0.95264190435409546, -0.27596622705459595, -0.18628104031085968, 0.25025010108947754, 0.95009171962738037),

            ["RightHand"] = CFrame.new(-0.00050175189971923828, -0.0028798580169677734, -8.9406967163085938e-08, 0.99674558639526367, -0.069211237132549286, 0.041328154504299164, 0.078542076051235199, 0.94923508167266846, -0.30460441112518311, -0.018148086965084076, 0.30685907602310181, 0.95158189535140991),

            ["RightLowerArm"] = CFrame.new(-4.4703483581542969e-07, -0.0028759241104125977, 1.5676021575927734e-05, 1, 0, 0, 0, 1, 0, 0, 0, 1),

            ["RightLowerLeg"] = CFrame.new(-1.4528632164001465e-07, 0.056493580341339111, -0.010902879759669304, 1, -0, 0, 0, 0.88921421766281128, 0.45749109983444214, -0, -0.45749109983444214, 0.88921421766281128),

            ["RightUpperArm"] = CFrame.new(-0.0049247145652770996, -0.16899240016937256, 0.039207756519317627, 0.61685103178024292, 0.2549150288105011, 0.74465638399124146, 0.11431289464235306, 0.90705281496047974, -0.40520083904266357, -0.77873450517654419, 0.33507239818572998, 0.53037643432617188),

            ["RightUpperLeg"] = CFrame.new(5.9604644775390625e-08, -2.5749258725227264e-07, 6.3177139963954687e-08, 0.97414988279342651, -0.19885483384132385, -0.10718566179275513, 0.21971273422241211, 0.94432663917541504, 0.24489492177963257, 0.052519738674163818, -0.26211440563201904, 0.96360659599304199),

            ["UpperTorso"] = CFrame.new(3.8682470560047477e-09, 0.051116734743118286, 0.059749886393547058, 1, -0, 0, 0, 0.89894562959671021, 0.43806031346321106, -0, -0.43806031346321106, 0.89894562959671021)

        }},

        {Time = 0.180, Data = {

            ["Head"] = CFrame.new(-0.012280233204364777, 0.011828422546386719, 0.0032999217510223389, 0.99961233139038086, -0.024365838617086411, -0.013471568003296852, 0.027645643800497055, 0.9260023832321167, 0.37650409340858459, 0.003300864715129137, -0.37673059105873108, 0.92631697654724121),

            ["LeftFoot"] = CFrame.new(2.7791429602075368e-08, 0.0096825361251831055, -2.9259899747557938e-06, 0.94024258852005005, -0.26046189665794373, -0.21932502090930939, 0.16378310322761536, 0.91065371036529541, -0.37932169437408447, 0.29852798581123352, 0.3207327127456665, 0.89889466762542725),

            ["LeftHand"] = CFrame.new(0.00049818307161331177, 0.0027797818183898926, -5.9604644775390625e-08, 0.99576395750045776, 0.078978508710861206, -0.047080095857381821, -0.086094334721565247, 0.98064100742340088, -0.17587214708328247, 0.032278548926115036, 0.17918047308921814, 0.98328655958175659),

            ["LeftLowerArm"] = CFrame.new(-0.00049996376037597656, 0.013632655143737793, 0.00059628486633300781, 1, 0, 0, 0, 0.9937903881072998, -0.11126858741044998, 0, 0.11126858741044998, 0.9937903881072998),

            ["LeftLowerLeg"] = CFrame.new(-3.7252902984619141e-08, 0.047060966491699219, -0.0071198605000972748, 1, -0, 0, 0, 0.92665135860443115, 0.37592184543609619, -0, -0.37592184543609619, 0.92665135860443115),

            ["LeftUpperArm"] = CFrame.new(-0.063390851020812988, -0.047603964805603027, -0.079564139246940613, 0.70129203796386719, -0.27239248156547546, -0.65878057479858398, 0.11874294281005859, 0.95584398508071899, -0.26881670951843262, 0.70291507244110107, 0.11029349267482758, 0.70267045497894287),

            ["LeftUpperLeg"] = CFrame.new(0, -1.4337322440383105e-08, -9.9895150924567133e-05, 0.94025498628616333, 0.26398926973342896, 0.21501216292381287, -0.33755671977996826, 0.80525171756744385, 0.48746800422668457, -0.044452600181102753, -0.53092300891876221, 0.84625333547592163),

            ["LowerTorso"] = CFrame.new(4.5107431678736987e-10, -0.16688644886016846, -0.35098922252655029, 1, 0, 0, 0, 0.84249043464660645, -0.53871136903762817, 0, 0.53871136903762817, 0.84249043464660645),

            ["RightFoot"] = CFrame.new(9.7450993052916601e-08, 0.010913193225860596, -0.00010299951827619225, 0.96427571773529053, 0.20266032218933105, 0.17059046030044556, -0.11875360459089279, 0.9063565731048584, -0.40548175573348999, -0.23679083585739136, 0.37073796987533569, 0.89804428815841675),

            ["RightHand"] = CFrame.new(-0.00049760937690734863, 0.0034372806549072266, -1.1920928955078125e-07, 0.99610507488250732, -0.075740985572338104, 0.045144326984882355, 0.084222085773944855, 0.96886003017425537, -0.23284518718719482, -0.026102609932422638, 0.23574042320251465, 0.97146546840667725),

            ["RightLowerArm"] = CFrame.new(1.1920928955078125e-07, 0.018162727355957031, 0.0010732263326644897, 1, 0, 0, 0, 0.98893928527832031, -0.14832098782062531, 0, 0.14832098782062531, 0.98893928527832031),

            ["RightLowerLeg"] = CFrame.new(-5.2154064178466797e-08, 0.052621603012084961, -0.0093165356665849686, 1, -0, 0, 0, 0.90536010265350342, 0.42464461922645569, -0, -0.42464461922645569, 0.90536010265350342),

            ["RightUpperArm"] = CFrame.new(-0.0045734643936157227, -0.11838340759277344, 0.079833582043647766, 0.61618107557296753, 0.20331089198589325, 0.76091104745864868, 0.0067704468965530396, 0.96470499038696289, -0.263246089220047, -0.78757542371749878, 0.16735896468162537, 0.59305644035339355),

            ["RightUpperLeg"] = CFrame.new(5.9604644775390625e-08, -5.638387534645517e-10, 7.0576788857579231e-08, 0.96427297592163086, -0.20803701877593994, -0.16400671005249023, 0.26263812184333801, 0.83167457580566406, 0.48922249674797058, 0.034623824059963226, -0.51481842994689941, 0.85659974813461304),

            ["UpperTorso"] = CFrame.new(3.9214129721187874e-09, 0.050443857908248901, 0.060319095849990845, 1, -0, 0, 0, 0.90911519527435303, 0.41654473543167114, -0, -0.41654473543167114, 0.90911519527435303)

        }},

        {Time = 0.200, Data = {

            ["Head"] = CFrame.new(-0.012280233204364777, 0.01182854175567627, 0.0032997876405715942, 0.99961113929748535, -0.024410830810666084, -0.013478302396833897, 0.027884418144822121, 0.87313133478164673, 0.48668691515922546, -0.00011210422962903976, -0.48687347769737244, 0.87347245216369629),

            ["LeftFoot"] = CFrame.new(3.6092387745156884e-08, 0.0048415660858154297, -3.0896117095835507e-06, 0.90971827507019043, -0.31764727830886841, -0.26741889119148254, 0.17942757904529572, 0.88152521848678589, -0.43671390414237976, 0.37445750832557678, 0.34930428862571716, 0.85893428325653076),

