return {
["ass slapped"] = {

          {Time = 0.000, Data = {

              ["Head"] = CFrame.new(0.000000, 0.000000, -0.000000, 1.000000, 0.000000, 0.000000, 0.000000, 1.000000, 0.000000, 0.000000, -0.000000, 1.000000),

              ["LeftFoot"] = CFrame.new(0.000000, 0.001035, -0.000003, 0.995486, -0.072600, -0.061131, 0.071787, 0.997301, -0.015403, 0.062081, 0.010954, 0.998011),

              ["LeftHand"] = CFrame.new(0.000496, 0.006019, -0.000000, 0.999047, -0.038077, 0.021355, 0.034944, 0.990682, 0.131640, -0.026168, -0.130766, 0.991068),

              ["LeftLowerArm"] = CFrame.new(-0.000500, 0.033976, 0.004059, 1.000000, -0.000000, -0.000000, 0.000000, 0.958609, -0.284726, 0.000000, 0.284725, 0.958609),

              ["LeftLowerLeg"] = CFrame.new(0.000000, 0.004760, 0.000056, 1.000000, -0.000000, -0.000000, 0.000000, 0.999441, 0.033405, -0.000000, -0.033424, 0.999442),

              ["LeftUpperArm"] = CFrame.new(-0.000477, -0.018994, 0.010756, 0.999047, 0.040949, -0.015135, -0.037988, 0.986252, 0.160821, 0.021512, -0.160092, 0.986868),

              ["LeftUpperLeg"] = CFrame.new(0.000000, -0.000000, -0.000100, 0.997360, 0.072612, -0.000300, -0.072605, 0.997194, -0.018221, -0.001024, 0.018203, 0.999834),

              ["LowerTorso"] = CFrame.new(0.003656, -0.011001, 0.008054, 1.000000, 0.000000, -0.000000, -0.000000, 0.999991, -0.004156, 0.000000, 0.004156, 0.999991),

              ["RightFoot"] = CFrame.new(-0.000000, 0.000766, -0.000103, 0.993175, 0.089221, 0.075127, -0.088837, 0.996010, -0.008447, -0.075577, 0.001726, 0.997138),

              ["RightHand"] = CFrame.new(-0.000496, 0.005305, -0.000000, 0.999654, 0.023096, -0.012597, -0.021296, 0.991547, 0.127990, 0.015446, -0.127676, 0.991696),

              ["RightLowerArm"] = CFrame.new(0.000000, 0.029984, 0.003093, 1.000000, 0.000000, 0.000000, -0.000000, 0.968422, -0.249316, -0.000000, 0.249316, 0.968422),

              ["RightLowerLeg"] = CFrame.new(0.000000, 0.002783, -0.000011, 1.000000, 0.000000, -0.000000, -0.000000, 0.999795, 0.020247, -0.000000, -0.020266, 0.999795),

              ["RightUpperArm"] = CFrame.new(0.000173, -0.011522, 0.006346, 0.999654, -0.024474, 0.009649, 0.023044, 0.991547, 0.127687, -0.012692, -0.127420, 0.991768),

              ["RightUpperLeg"] = CFrame.new(0.000000, -0.000000, -0.000000, 0.995384, -0.089807, -0.033831, 0.089367, 0.995896, -0.014298, 0.034977, 0.011217, 0.999325),

              ["UpperTorso"] = CFrame.new(0.000000, -0.000000, -0.008054, 1.000000, 0.000000, 0.000000, 0.000000, 1.000000, 0.000000, -0.000000, 0.000000, 1.000000)

          }},

          {Time = 0.017, Data = {

              ["Head"] = CFrame.new(-0.000000, 0.000000, 0.000000, 1.000000, 0.000000, 0.000000, 0.000000, 1.000000, 0.000000, 0.000000, -0.000000, 1.000000),

              ["LeftFoot"] = CFrame.new(-0.000000, 0.001149, -0.000003, 0.995468, -0.072749, -0.061257, 0.071775, 0.997259, -0.017971, 0.062393, 0.013502, 0.997960),

              ["LeftHand"] = CFrame.new(0.000496, 0.006065, -0.000000, 0.999037, -0.038259, 0.021462, 0.035054, 0.990392, 0.133774, -0.026373, -0.132891, 0.990779),

              ["LeftLowerArm"] = CFrame.new(-0.000500, 0.034281, 0.004137, 1.000000, -0.000000, -0.000000, 0.000000, 0.957818, -0.287375, 0.000000, 0.287374, 0.957818),

              ["LeftLowerLeg"] = CFrame.new(-0.000000, 0.005200, 0.000046, 1.000000, -0.000000, 0.000000, 0.000000, 0.999326, 0.036686, -0.000000, -0.036704, 0.999327),

              ["LeftUpperArm"] = CFrame.new(-0.000481, -0.019078, 0.010823, 0.999037, 0.041155, -0.015187, -0.038156, 0.986040, 0.162076, 0.021645, -0.161340, 0.986661),

              ["LeftUpperLeg"] = CFrame.new(0.000000, -0.000000, -0.000100, 0.997349, 0.072764, -0.000229, -0.072756, 0.997182, -0.018292, -0.001102, 0.018268, 0.999833),

              ["LowerTorso"] = CFrame.new(0.003869, -0.011638, 0.006272, 1.000000, 0.000000, -0.000000, -0.000000, 0.999988, -0.004811, 0.000000, 0.004811, 0.999988),

              ["RightFoot"] = CFrame.new(-0.000000, 0.000888, -0.000103, 0.993183, 0.089168, 0.075082, -0.088588, 0.996007, -0.011042, -0.075763, 0.004325, 0.997116),

              ["RightHand"] = CFrame.new(-0.000496, 0.005354, -0.000000, 0.999658, 0.022968, -0.012523, -0.021144, 0.991264, 0.130190, 0.015403, -0.129879, 0.991410),

              ["RightLowerArm"] = CFrame.new(-0.000000, 0.030308, 0.003164, 1.000000, 0.000000, 0.000000, -0.000000, 0.967697, -0.252116, -0.000000, 0.252116, 0.967697),

              ["RightLowerLeg"] = CFrame.new(0.000000, 0.003240, -0.000018, 1.000000, 0.000000, 0.000000, 0.000000, 0.999721, 0.023616, -0.000000, -0.023635, 0.999721),

              ["RightUpperArm"] = CFrame.new(0.000171, -0.011454, 0.006316, 0.999658, -0.024345, 0.009575, 0.022907, 0.991380, 0.129002, -0.012632, -0.128738, 0.991598),

              ["RightUpperLeg"] = CFrame.new(0.000000, -0.000000, -0.000000, 0.995391, -0.089780, -0.033719, 0.089337, 0.995897, -0.014400, 0.034874, 0.011330, 0.999328),

              ["UpperTorso"] = CFrame.new(0.000000, 0.000000, -0.006272, 1.000000, 0.000000, 0.000000, 0.000000, 1.000000, 0.000000, -0.000000, 0.000000, 1.000000)

          }},

          {Time = 0.033, Data = {

              ["Head"] = CFrame.new(0.000000, -0.000000, 0.000000, 1.000000, 0.000000, 0.000000, 0.000000, 1.000000, -0.000000, 0.000000, 0.000000, 1.000000),

              ["LeftFoot"] = CFrame.new(-0.000000, 0.001254, -0.000003, 0.995450, -0.072890, -0.061375, 0.071765, 0.997214, -0.020337, 0.062683, 0.015849, 0.997908),

              ["LeftHand"] = CFrame.new(0.000496, 0.006107, -0.000000, 0.999028, -0.038434, 0.021564, 0.035156, 0.990098, 0.135908, -0.026574, -0.135016, 0.990487),

              ["LeftLowerArm"] = CFrame.new(-0.000500, 0.034568, 0.004211, 1.000000, -0.000000, -0.000000, 0.000000, 0.957068, -0.289862, 0.000000, 0.289862, 0.957068),

              ["LeftLowerLeg"] = CFrame.new(0.000000, 0.005609, 0.000035, 1.000000, -0.000000, 0.000000, 0.000000, 0.999209, 0.039745, -0.000000, -0.039763, 0.999210),

              ["LeftUpperArm"] = CFrame.new(-0.000486, -0.019157, 0.010888, 0.999029, 0.041350, -0.015242, -0.038314, 0.985844, 0.163231, 0.021776, -0.162488, 0.986470),

              ["LeftUpperLeg"] = CFrame.new(0.000000, 0.000000, -0.000100, 0.997339, 0.072907, -0.000165, -0.072897, 0.997172, -0.018276, -0.001168, 0.018248, 0.999833),

              ["LowerTorso"] = CFrame.new(0.004069, -0.012234, 0.004660, 1.000000, 0.000000, -0.000000, -0.000000, 0.999985, -0.005532, 0.000000, 0.005532, 0.999985),

              ["RightFoot"] = CFrame.new(-0.000000, 0.001017, -0.000103, 0.993191, 0.089118, 0.075040, -0.088339, 0.995997, -0.013643, -0.075951, 0.006931, 0.997087),

              ["RightHand"] = CFrame.new(-0.000496, 0.005400, -0.000000, 0.999661, 0.022849, -0.012454, -0.021002, 0.990977, 0.132376, 0.015366, -0.132069, 0.991121),

              ["RightLowerArm"] = CFrame.new(0.000000, 0.030611, 0.003231, 1.000000, 0.000000, 0.000000, -0.000000, 0.967012, -0.254730, -0.000000, 0.254730, 0.967012),

              ["RightLowerLeg"] = CFrame.new(0.000000, 0.003726, -0.000026, 1.000000, -0.000000, -0.000000, -0.000000, 0.999629, 0.027204, -0.000000, -0.027222, 0.999630),

              ["RightUpperArm"] = CFrame.new(0.000169, -0.011390, 0.006290, 0.999661, -0.024223, 0.009509, 0.022780, 0.991225, 0.130205, -0.012579, -0.129944, 0.991442),

              ["RightUpperLeg"] = CFrame.new(0.000000, 0.000000, -0.000000, 0.995397, -0.089761, -0.033589, 0.089312, 0.995896, -0.014649, 0.034767, 0.011590, 0.999328),

              ["UpperTorso"] = CFrame.new(0.000000, -0.000000, -0.004660, 1.000000, 0.000000, 0.000000, 0.000000, 1.000000, 0.000000, -0.000000, 0.000000, 1.000000)

          }},

          {Time = 0.050, Data = {

              ["Head"] = CFrame.new(-0.000000, 0.000000, -0.000000, 1.000000, 0.000000, 0.000000, 0.000000, 1.000000, 0.000000, 0.000000, -0.000000, 1.000000),

              ["LeftFoot"] = CFrame.new(-0.000000, 0.001350, -0.000003, 0.995434, -0.073019, -0.061484, 0.071759, 0.997169, -0.022475, 0.062948, 0.017969, 0.997855),

              ["LeftHand"] = CFrame.new(0.000496, 0.006146, -0.000000, 0.999020, -0.038598, 0.021661, 0.035249, 0.989801, 0.138029, -0.026767, -0.137128, 0.990191),

              ["LeftLowerArm"] = CFrame.new(-0.000500, 0.034832, 0.004279, 1.000000, -0.000000, -0.000000, 0.000000, 0.956371, -0.292156, 0.000000, 0.292156, 0.956371),

              ["LeftLowerLeg"] = CFrame.new(-0.000000, 0.005983, 0.000024, 1.000000, -0.000000, 0.000000, 0.000000, 0.999093, 0.042554, -0.000000, -0.042572, 0.999094),

              ["LeftUpperArm"] = CFrame.new(-0.000490, -0.019230, 0.010952, 0.999020, 0.041531, -0.015301, -0.038460, 0.985666, 0.164267, 0.021904, -0.163517, 0.986297),

              ["LeftUpperLeg"] = CFrame.new(0.000000, -0.000000, -0.000100, 0.997329, 0.073039, -0.000108, -0.073029, 0.997164, -0.018171, -0.001220, 0.018139, 0.999835),

              ["LowerTorso"] = CFrame.new(0.004254, -0.012784, 0.003242, 1.000000, 0.000000, -0.000000, -0.000000, 0.999980, -0.006321, 0.000000, 0.006321, 0.999980),

              ["RightFoot"] = CFrame.new(0.000000, 0.001121, -0.000103, 0.993198, 0.089069, 0.074999, -0.088124, 0.995984, -0.015828, -0.076103, 0.009121, 0.997058),

              ["RightHand"] = CFrame.new(-0.000497, 0.005442, -0.000000, 0.999665, 0.022741, -0.012391, -0.020869, 0.990689, 0.134540, 0.015335, -0.134235, 0.990831),

              ["RightLowerArm"] = CFrame.new(0.000000, 0.030888, 0.003294, 1.000000, 0.000000, 0.000000, -0.000000, 0.966377, -0.257129, -0.000000, 0.257128, 0.966377),

              ["RightLowerLeg"] = CFrame.new(0.000000, 0.004122, -0.000034, 1.000000, 0.000000, 0.000000, -0.000000, 0.999545, 0.030142, -0.000000, -0.030160, 0.999546),

              ["RightUpperArm"] = CFrame.new(0.000168, -0.011331, 0.006267, 0.999665, -0.024111, 0.009453, 0.022662, 0.991086, 0.131281, -0.012534, -0.131022, 0.991300),

              ["RightUpperLeg"] = CFrame.new(0.000000, -0.000000, -0.000000, 0.995403, -0.089737, -0.033482, 0.089290, 0.995899, -0.014598, 0.034655, 0.011549, 0.999333),

              ["UpperTorso"] = CFrame.new(0.000000, 0.000000, -0.003242, 1.000000, -0.000000, 0.000000, 0.000000, 1.000000, 0.000000, -0.000000, 0.000000, 1.000000)

          }},

          {Time = 0.067, Data = {

              ["Head"] = CFrame.new(-0.000000, -0.000000, 0.000000, 1.000000, 0.000000, 0.000000, 0.000000, 1.000000, -0.000000, 0.000000, 0.000000, 1.000000),

              ["LeftFoot"] = CFrame.new(0.000000, 0.001449, -0.000003, 0.995419, -0.073137, -0.061583, 0.071743, 0.997121, -0.024561, 0.063199, 0.020038, 0.997800),

              ["LeftHand"] = CFrame.new(0.000496, 0.006181, -0.000000, 0.999012, -0.038751, 0.021751, 0.035331, 0.989503, 0.140132, -0.026952, -0.139224, 0.989894),

              ["LeftLowerArm"] = CFrame.new(-0.000500, 0.035071, 0.004342, 1.000000, -0.000000, -0.000000, 0.000000, 0.955732, -0.294240, 0.000000, 0.294240, 0.955732),

              ["LeftLowerLeg"] = CFrame.new(-0.000000, 0.006378, 0.000011, 1.000000, -0.000000, 0.000000, 0.000000, 0.998963, 0.045521, -0.000000, -0.045539, 0.998963),

              ["LeftUpperArm"] = CFrame.new(-0.000494, -0.019298, 0.011014, 0.999012, 0.041698, -0.015363, -0.038594, 0.985509, 0.165176, 0.022028, -0.164420, 0.986144),

              ["LeftUpperLeg"] = CFrame.new(0.000000, -0.000000, -0.000100, 0.997320, 0.073159, -0.000076, -0.073148, 0.997155, -0.018201, -0.001256, 0.018167, 0.999834),

              ["LowerTorso"] = CFrame.new(0.004422, -0.013281, 0.002044, 1.000000, 0.000000, -0.000000, -0.000000, 0.999974, -0.007181, 0.000000, 0.007181, 0.999974),

              ["RightFoot"] = CFrame.new(-0.000000, 0.001228, -0.000103, 0.993205, 0.089023, 0.074960, -0.087916, 0.995966, -0.017952, -0.076252, 0.011249, 0.997025),

              ["RightHand"] = CFrame.new(-0.000496, 0.005480, 0.000000, 0.999667, 0.022645, -0.012335, -0.020749, 0.990399, 0.136672, 0.015312, -0.136369, 0.990540),

              ["RightLowerArm"] = CFrame.new(0.000000, 0.031138, 0.003351, 1.000000, 0.000000, 0.000000, -0.000000, 0.965799, -0.259292, -0.000000, 0.259291, 0.965799),

              ["RightLowerLeg"] = CFrame.new(0.000000, 0.004535, -0.000043, 1.000000, 0.000000, -0.000000, -0.000000, 0.999448, 0.033213, 0.000000, -0.033232, 0.999448),

              ["RightUpperArm"] = CFrame.new(0.000166, -0.011279, 0.006249, 0.999667, -0.024010, 0.009408, 0.022556, 0.990964, 0.132218, -0.012497, -0.131961, 0.991176),

              ["RightUpperLeg"] = CFrame.new(0.000000, -0.000000, -0.000000, 0.995408, -0.089722, -0.033360, 0.089274, 0.995899, -0.014670, 0.034540, 0.011633, 0.999336),

              ["UpperTorso"] = CFrame.new(0.000000, 0.000000, -0.002044, 1.000000, 0.000000, 0.000000, -0.000000, 1.000000, 0.000000, -0.000000, 0.000000, 1.000000)

          }},

          {Time = 0.083, Data = {

              ["Head"] = CFrame.new(-0.000000, -0.000000, 0.000000, 1.000000, 0.000000, 0.000000, 0.000000, 1.000000, 0.000000, 0.000000, -0.000000, 1.000000),

              ["LeftFoot"] = CFrame.new(-0.000000, 0.001524, -0.000003, 0.995406, -0.073241, -0.061671, 0.071743, 0.997080, -0.026164, 0.063403, 0.021627, 0.997754),

              ["LeftHand"] = CFrame.new(0.000496, 0.006213, -0.000000, 0.999005, -0.038891, 0.021833, 0.035402, 0.989204, 0.142205, -0.027127, -0.141290, 0.989596),

              ["LeftLowerArm"] = CFrame.new(-0.000500, 0.035283, 0.004398, 1.000000, -0.000000, -0.000000, 0.000000, 0.955162, -0.296083, 0.000000, 0.296083, 0.955162),

              ["LeftLowerLeg"] = CFrame.new(0.000000, 0.006674, 0.000001, 1.000000, -0.000000, -0.000000, 0.000000, 0.998858, 0.047755, -0.000000, -0.047773, 0.998859),

              ["LeftUpperArm"] = CFrame.new(-0.000497, -0.019356, 0.011074, 0.999005, 0.041846, -0.015429, -0.038713, 0.985376, 0.165940, 0.022147, -0.165177, 0.986015),

              ["LeftUpperLeg"] = CFrame.new(0.000000, -0.000000, -0.000100, 0.997313, 0.073265, -0.000038, -0.073254, 0.997152, -0.017907, -0.001275, 0.017871, 0.999840),

              ["LowerTorso"] = CFrame.new(0.004570, -0.013718, 0.001088, 1.000000, 0.000000, -0.000000, -0.000000, 0.999967, -0.008117, 0.000000, 0.008117, 0.999967),

              ["RightFoot"] = CFrame.new(-0.000000, 0.001310, -0.000103, 0.993212, 0.088981, 0.074925, -0.087748, 0.995950, -0.019599, -0.076361, 0.012900, 0.996997),

              ["RightHand"] = CFrame.new(-0.000496, 0.005513, -0.000000, 0.999670, 0.022564, -0.012288, -0.020642, 0.990111, 0.138761, 0.015297, -0.138460, 0.990250),

              ["RightLowerArm"] = CFrame.new(-0.000000, 0.031357, 0.003401, 1.000000, 0.000000, 0.000000, -0.000000, 0.965289, -0.261185, -0.000000, 0.261185, 0.965289),

              ["RightLowerLeg"] = CFrame.new(0.000000, 0.004850, -0.000050, 1.000000, 0.000000, 0.000000, -0.000000, 0.999367, 0.035564, -0.000000, -0.035582, 0.999367),

              ["RightUpperArm"] = CFrame.new(0.000165, -0.011232, 0.006235, 0.999670, -0.023921, 0.009375, 0.022463, 0.990862, 0.132997, -0.012470, -0.132742, 0.991072),

              ["RightUpperLeg"] = CFrame.new(0.000000, -0.000000, -0.000000, 0.995413, -0.089702, -0.033263, 0.089264, 0.995903, -0.014425, 0.034421, 0.011398, 0.999343),

              ["UpperTorso"] = CFrame.new(0.000000, 0.000000, -0.001088, 1.000000, 0.000000, 0.000000, 0.000000, 1.000000, 0.000000, -0.000000, -0.000000, 1.000000)

          }},

          {Time = 0.100, Data = {

              ["Head"] = CFrame.new(-0.000000, 0.000000, -0.000000, 1.000000, 0.000000, 0.000000, 0.000000, 1.000000, -0.000000, 0.000000, 0.000000, 1.000000),

              ["LeftFoot"] = CFrame.new(-0.000000, 0.001587, -0.000003, 0.995395, -0.073329, -0.061745, 0.071748, 0.997045, -0.027454, 0.063572, 0.022905, 0.997714),

              ["LeftHand"] = CFrame.new(0.000496, 0.006239, -0.000000, 0.998998, -0.039017, 0.021906, 0.035460, 0.988907, 0.144243, -0.027291, -0.143320, 0.989300),

              ["LeftLowerArm"] = CFrame.new(-0.000500, 0.035465, 0.004447, 1.000000, -0.000000, -0.000000, 0.000000, 0.954671, -0.297664, 0.000000, 0.297664, 0.954671),

              ["LeftLowerLeg"] = CFrame.new(-0.000000, 0.006926, -0.000007, 1.000000, -0.000000, 0.000000, 0.000000, 0.998766, 0.049653, -0.000000, -0.049671, 0.998767),

              ["LeftUpperArm"] = CFrame.new(-0.000501, -0.019408, 0.011131, 0.998998, 0.041976, -0.015499, -0.038815, 0.985269, 0.166547, 0.022261, -0.165778, 0.985912),

              ["LeftUpperLeg"] = CFrame.new(0.000000, -0.000000, -0.000100, 0.997306, 0.073355, -0.000010, -0.073344, 0.997153, -0.017509, -0.001274, 0.017471, 0.999847),

              ["LowerTorso"] = CFrame.new(0.004695, -0.014090, 0.000399, 1.000000, 0.000000, -0.000000, -0.000000, 0.999958, -0.009131, 0.000000, 0.009131, 0.999958),

              ["RightFoot"] = CFrame.new(0.000000, 0.001379, -0.000103, 0.993218, 0.088942, 0.074892, -0.087608, 0.995935, -0.020928, -0.076445, 0.014234, 0.996972),

              ["RightHand"] = CFrame.new(-0.000496, 0.005541, -0.000000, 0.999672, 0.022497, -0.012249, -0.020550, 0.989825, 0.140799, 0.015292, -0.140500, 0.989962),

              ["RightLowerArm"] = CFrame.new(-0.000000, 0.031543, 0.003444, 1.000000, 0.000000, 0.000000, -0.000000, 0.964853, -0.262790, -0.000000, 0.262790, 0.964853),

              ["RightLowerLeg"] = CFrame.new(-0.000000, 0.005117, -0.000057, 1.000000, 0.000000, -0.000000, -0.000000, 0.999294, 0.037561, 0.000000, -0.037579, 0.999294),

              ["RightUpperArm"] = CFrame.new(0.000164, -0.011192, 0.006227, 0.999672, -0.023847, 0.009354, 0.022385, 0.990781, 0.133608, -0.012454, -0.133354, 0.990990),

              ["RightUpperLeg"] = CFrame.new(0.000000, -0.000000, -0.000000, 0.995418, -0.089684, -0.033171, 0.089259, 0.995909, -0.014070, 0.034298, 0.011053, 0.999351),

              ["UpperTorso"] = CFrame.new(0.000000, -0.000000, -0.000399, 1.000000, 0.000000, 0.000000, -0.000000, 1.000000, 0.000000, -0.000000, 0.000000, 1.000000)

          }},

          {Time = 0.117, Data = {

              ["Head"] = CFrame.new(-0.000000, 0.000000, 0.000000, 1.000000, 0.000000, 0.000000, 0.000000, 1.000000, -0.000000, 0.000000, 0.000000, 1.000000),

              ["LeftFoot"] = CFrame.new(-0.000000, 0.001638, -0.000003, 0.995386, -0.073400, -0.061805, 0.071757, 0.997017, -0.028407, 0.063702, 0.023849, 0.997684),

              ["LeftHand"] = CFrame.new(0.000496, 0.006261, -0.000000, 0.998993, -0.039126, 0.021971, 0.035503, 0.988613, 0.146237, -0.027442, -0.145308, 0.989006),

              ["LeftLowerArm"] = CFrame.new(-0.000500, 0.035615, 0.004487, 1.000000, -0.000000, -0.000000, 0.000000, 0.954264, -0.298964, 0.000000, 0.298964, 0.954264),

              ["LeftLowerLeg"] = CFrame.new(0.000000, 0.007129, -0.000015, 1.000000, -0.000000, -0.000000, 0.000000, 0.998688, 0.051187, -0.000000, -0.051205, 0.998689),

              ["LeftUpperArm"] = CFrame.new(-0.000504, -0.019450, 0.011185, 0.998993, 0.042084, -0.015572, -0.038899, 0.985192, 0.166986, 0.022369, -0.166212, 0.985836),

              ["LeftUpperLeg"] = CFrame.new(0.000000, -0.000000, -0.000100, 0.997301, 0.073428, 0.000005, -0.073417, 0.997156, -0.017003, -0.001254, 0.016965, 0.999855),

              ["LowerTorso"] = CFrame.new(0.004797, -0.014391, 0.000000, 1.000000, 0.000000, -0.000000, -0.000000, 0.999948, -0.010225, 0.000000, 0.010225, 0.999948),

              ["RightFoot"] = CFrame.new(-0.000000, 0.001434, -0.000103, 0.993223, 0.088908, 0.074863, -0.087498, 0.995924, -0.021913, -0.076502, 0.015223, 0.996953),

              ["RightHand"] = CFrame.new(-0.000496, 0.005554, -0.000000, 0.999673, 0.022448, -0.012221, -0.020479, 0.989586, 0.142479, 0.015292, -0.142181, 0.989722),

              ["RightLowerArm"] = CFrame.new(-0.000000, 0.031624, 0.003463, 1.000000, 0.000000, 0.000000, -0.000000, 0.964664, -0.263485, -0.000000, 0.263485, 0.964664),

              ["RightLowerLeg"] = CFrame.new(-0.000000, 0.005333, -0.000063, 1.000000, 0.000000, 0.000000, -0.000000, 0.999232, 0.039177, -0.000000, -0.039196, 0.999232),

              ["RightUpperArm"] = CFrame.new(0.000164, -0.011161, 0.006225, 0.999673, -0.023785, 0.009355, 0.022322, 0.990767, 0.133724, -0.012449, -0.133470, 0.990975),

              ["RightUpperLeg"] = CFrame.new(0.000000, -0.000000, -0.000000, 0.995422, -0.089670, -0.033087, 0.089262, 0.995915, -0.013598, 0.034171, 0.010591, 0.999360),

              ["UpperTorso"] = CFrame.new(-0.000000, -0.000000, 0.000000, 1.000000, -0.000000, 0.000000, -0.000000, 1.000000, 0.000000, -0.000000, 0.000000, 1.000000)

          }},

          {Time = 0.133, Data = {

              ["Head"] = CFrame.new(-0.000000, 0.000000, 0.000000, 1.000000, 0.000000, 0.000000, 0.000000, 1.000000, 0.000000, 0.000000, -0.000000, 1.000000),

              ["LeftFoot"] = CFrame.new(0.000000, 0.001366, -0.000003, 0.995441, -0.072965, -0.061439, 0.072820, 0.997334, -0.004598, 0.061607, 0.000113, 0.998100),

              ["LeftHand"] = CFrame.new(0.000496, 0.006278, -0.000000, 0.998988, -0.039217, 0.022024, 0.035532, 0.988323, 0.148176, -0.027578, -0.147242, 0.988716),

              ["LeftLowerArm"] = CFrame.new(-0.000500, 0.035728, 0.004517, 1.000000, -0.000000, -0.000000, 0.000000, 0.953954, -0.299952, 0.000000, 0.299952, 0.953954),

              ["LeftLowerLeg"] = CFrame.new(-0.000000, 0.006048, 0.000022, 1.000000, -0.000000, 0.000000, -0.000000, 0.999073, 0.043040, -0.000000, -0.043058, 0.999073),

              ["LeftUpperArm"] = CFrame.new(-0.000506, -0.019482, 0.011235, 0.998988, 0.042168, -0.015650, -0.038964, 0.985146, 0.167240, 0.022469, -0.166460, 0.985792),

              ["LeftUpperLeg"] = CFrame.new(-0.000000, -0.000001, -0.000100, 0.997379, 0.072347, 0.000843, -0.071708, 0.989989, -0.121568, -0.009629, 0.121197, 0.992583),

              ["LowerTorso"] = CFrame.new(0.004178, -0.013569, 0.035950, 0.999997, 0.000902, -0.002244, -0.000722, 0.996878, 0.078952, 0.002308, -0.078950, 0.996876),

              ["RightFoot"] = CFrame.new(0.000000, 0.001272, -0.000103, 0.993285, 0.088502, 0.074521, -0.088865, 0.996042, 0.001567, -0.074084, -0.008168, 0.997218),

              ["RightHand"] = CFrame.new(-0.000496, 0.005570, -0.000000, 0.999674, 0.022416, -0.012203, -0.020422, 0.989311, 0.144387, 0.015309, -0.144089, 0.989446),

              ["RightLowerArm"] = CFrame.new(0.000000, 0.031734, 0.003488, 1.000000, 0.000000, 0.000000, -0.000000, 0.964405, -0.264431, -0.000000, 0.264431, 0.964405),

              ["RightLowerLeg"] = CFrame.new(-0.000000, 0.004704, -0.000047, 1.000000, 0.000000, -0.000000, -0.000000, 0.999405, 0.034475, -0.000000, -0.034494, 0.999406),

              ["RightUpperArm"] = CFrame.new(0.000163, -0.011138, 0.006229, 0.999674, -0.023743, 0.009364, 0.022276, 0.990737, 0.133953, -0.012457, -0.133700, 0.990943),

              ["RightUpperLeg"] = CFrame.new(0.000000, -0.000001, -0.000000, 0.995483, -0.090484, -0.028732, 0.086382, 0.988856, -0.121248, 0.039383, 0.118227, 0.992206),

              ["UpperTorso"] = CFrame.new(0.000334, 0.000159, 0.000205, 0.999997, -0.000696, 0.002317, 0.000902, 0.995913, -0.090314, -0.002244, 0.090315, 0.995911)

          }},

          {Time = 0.150, Data = {

              ["Head"] = CFrame.new(-0.000000, -0.000000, 0.000000, 1.000000, 0.000000, 0.000000, 0.000000, 1.000000, -0.000000, 0.000000, 0.000000, 1.000000),

              ["LeftFoot"] = CFrame.new(0.000000, 0.000404, -0.000003, 0.995561, -0.071993, -0.060620, 0.073791, 0.996882, 0.027973, 0.058414, -0.032309, 0.997769),

              ["LeftHand"] = CFrame.new(0.000496, 0.006289, -0.000000, 0.998984, -0.039289, 0.022066, 0.035544, 0.988039, 0.150053, -0.027697, -0.149115, 0.988432),

              ["LeftLowerArm"] = CFrame.new(-0.000500, 0.035804, 0.004538, 1.000000, -0.000000, -0.000000, 0.000000, 0.953748, -0.300607, 0.000000, 0.300607, 0.953748),

              ["LeftLowerLeg"] = CFrame.new(-0.000000, 0.002385, 0.000095, 1.000000, 0.000000, -0.000000, -0.000000, 0.999874, 0.015863, -0.000000, -0.015880, 0.999874),

              ["LeftUpperArm"] = CFrame.new(-0.000508, -0.019503, 0.011281, 0.998984, 0.042226, -0.015731, -0.039006, 0.985135, 0.167297, 0.022562, -0.166513, 0.985781),

              ["LeftUpperLeg"] = CFrame.new(0.000000, -0.000000, -0.000100, 0.997494, 0.070724, 0.002017, -0.068644, 0.974270, -0.214672, -0.017148, 0.214003, 0.976684),

              ["LowerTorso"] = CFrame.new(0.002769, -0.009813, 0.071741, 0.999988, 0.002203, -0.004307, -0.001451, 0.985885, 0.167418, 0.004615, -0.167410, 0.985877),

              ["RightFoot"] = CFrame.new(-0.000000, 0.000366, -0.000103, 0.993299, 0.088405, 0.074440, -0.091151, 0.995246, 0.034333, -0.071047, -0.040875, 0.996634),

              ["RightHand"] = CFrame.new(-0.000496, 0.005581, -0.000000, 0.999675, 0.022405, -0.012197, -0.020383, 0.989043, 0.146214, 0.015339, -0.145916, 0.989178),

              ["RightLowerArm"] = CFrame.new(0.000000, 0.031800, 0.003504, 1.000000, 0.000000, 0.000000, -0.000000, 0.964247, -0.265006, -0.000000, 0.265005, 0.964247),

              ["RightLowerLeg"] = CFrame.new(0.000000, 0.001314, 0.000002, 1.000000, -0.000000, -0.000000, 0.000000, 0.999955, 0.009502, -0.000000, -0.009520, 0.999955),

              ["RightUpperArm"] = CFrame.new(0.000163, -0.011125, 0.006240, 0.999675, -0.023719, 0.009388, 0.022249, 0.990736, 0.133968, -0.012479, -0.133715, 0.990941),

              ["RightUpperLeg"] = CFrame.new(0.000000, -0.000000, -0.000000, 0.995502, -0.091221, -0.025602, 0.083549, 0.972628, -0.216819, 0.044680, 0.213712, 0.975876),

              ["UpperTorso"] = CFrame.new(0.001270, 0.000614, 0.000394, 0.999988, -0.001392, 0.004633, 0.002203, 0.983685, -0.179888, -0.004307, 0.179896, 0.983676)

          }},

          {Time = 0.167, Data = {

              ["Head"] = CFrame.new(-0.000000, 0.000000, -0.000000, 1.000000, 0.000000, 0.000000, 0.000000, 1.000000, 0.000000, 0.000000, -0.000000, 1.000000),

              ["LeftFoot"] = CFrame.new(0.000000, 0.002322, -0.000003, 0.995170, -0.075093, -0.063231, 0.074876, 0.997176, -0.005807, 0.063485, 0.001053, 0.997982),

              ["LeftHand"] = CFrame.new(0.000496, 0.006293, -0.000000, 0.998982, -0.039339, 0.022096, 0.035539, 0.987764, 0.151858, -0.027799, -0.150917, 0.988155),

              ["LeftLowerArm"] = CFrame.new(-0.000500, 0.035838, 0.004547, 1.000000, -0.000000, -0.000000, 0.000000, 0.953655, -0.300904, 0.000000, 0.300903, 0.953655),

              ["LeftLowerLeg"] = CFrame.new(-0.000000, 0.009938, -0.000143, 1.000000, -0.000000, -0.000000, 0.000000, 0.997358, 0.072622, -0.000000, -0.072640, 0.997360),

              ["LeftUpperArm"] = CFrame.new(-0.000509, -0.019513, 0.011323, 0.998982, 0.042256, -0.015817, -0.039026, 0.985160, 0.167142, 0.022645, -0.166354, 0.985806),

              ["LeftUpperLeg"] = CFrame.new(-0.000000, -0.000000, -0.000100, 0.996039, 0.088922, -0.000399, -0.087158, 0.975368, -0.202624, -0.017629, 0.201864, 0.979257),

              ["LowerTorso"] = CFrame.new(0.007514, -0.012729, 0.058192, 0.999903, -0.013223, -0.004304, 0.013676, 0.991129, 0.132199, 0.002518, -0.132245, 0.991214),

              ["RightFoot"] = CFrame.new(-0.000000, -0.000677, -0.000103, 0.993679, 0.085871, 0.072306, -0.088257, 0.995632, 0.030469, -0.069370, -0.036645, 0.996917),

              ["RightHand"] = CFrame.new(-0.000496, 0.005584, -0.000000, 0.999674, 0.022416, -0.012203, -0.020366, 0.988786, 0.147949, 0.015382, -0.147650, 0.988920),

              ["RightLowerArm"] = CFrame.new(0.000000, 0.031821, 0.003508, 1.000000, 0.000000, 0.000000, -0.000000, 0.964199, -0.265181, -0.000000, 0.265181, 0.964199),

              ["RightLowerLeg"] = CFrame.new(0.000000, -0.000674, -0.000005, 1.000000, -0.000000, 0.000000, 0.000000, 1.000000, -0.000007, -0.000000, -0.000011, 1.000000),

              ["RightUpperArm"] = CFrame.new(0.000163, -0.011121, 0.006258, 0.999674, -0.023716, 0.009431, 0.022243, 0.990765, 0.133755, -0.012515, -0.133501, 0.990970),

              ["RightUpperLeg"] = CFrame.new(-0.000000, -0.000000, -0.000000, 0.996936, -0.073258, -0.027434, 0.067643, 0.983457, -0.168033, 0.039290, 0.165670, 0.985400),

              ["UpperTorso"] = CFrame.new(0.002731, 0.001342, 0.000492, 0.999903, 0.013710, 0.002326, -0.013223, 0.989177, -0.146133, -0.004304, 0.146088, 0.989262)

          }},

          {Time = 0.183, Data = {

              ["Head"] = CFrame.new(0.000000, 0.000000, 0.000000, 1.000000, 0.000000, 0.000000, 0.000000, 1.000000, 0.000000, 0.000000, -0.000000, 1.000000),

              ["LeftFoot"] = CFrame.new(-0.000000, 0.005280, -0.000003, 0.994156, -0.082582, -0.069536, 0.080459, 0.996218, -0.032799, 0.071977, 0.027016, 0.997040),

              ["LeftHand"] = CFrame.new(0.000496, 0.006179, -0.000000, 0.998975, -0.039464, 0.022168, 0.035535, 0.987124, 0.155964, -0.028037, -0.155014, 0.987514),

              ["LeftLowerArm"] = CFrame.new(-0.000500, 0.035058, 0.004339, 1.000000, -0.000000, -0.000000, 0.000000, 0.955768, -0.294122, 0.000000, 0.294122, 0.955768),

              ["LeftLowerLeg"] = CFrame.new(0.000000, 0.023515, -0.001495, 1.000000, -0.000000, 0.000000, 0.000000, 0.983626, 0.180207, -0.000000, -0.180223, 0.983629),

              ["LeftUpperArm"] = CFrame.new(-0.000512, -0.019504, 0.011481, 0.998975, 0.042210, -0.016345, -0.039008, 0.985995, 0.162153, 0.022961, -0.161348, 0.986630),

              ["LeftUpperLeg"] = CFrame.new(-0.002174, -0.008164, 0.071983, 0.991177, 0.131909, -0.012946, -0.131916, 0.972280, -0.193044, -0.012877, 0.193060, 0.981105),

              ["LowerTorso"] = CFrame.new(0.020407, -0.014656, 0.024202, 0.998745, -0.050083, 0.000305, 0.050028, 0.997901, 0.041107, -0.002363, -0.041040, 0.999155),

              ["RightFoot"] = CFrame.new(-0.000000, -0.003777, -0.000103, 0.994525, 0.079936, 0.067309, -0.082063, 0.996193, 0.029446, -0.064695, -0.034796, 0.997298),

              ["RightHand"] = CFrame.new(-0.000496, 0.005456, -0.000000, 0.999672, 0.022484, -0.012242, -0.020368, 0.988205, 0.151780, 0.015510, -0.151480, 0.988338),

              ["RightLowerArm"] = CFrame.new(0.000000, 0.030978, 0.003314, 1.000000, 0.000000, 0.000000, -0.000000, 0.966171, -0.257902, -0.000000, 0.257902, 0.966171),

              ["RightLowerLeg"] = CFrame.new(-0.000000, -0.003763, -0.000046, 1.000000, -0.000000, -0.000000, 0.000000, 1.000000, -0.000007, -0.000000, -0.000011, 1.000000),

              ["RightUpperArm"] = CFrame.new(0.000164, -0.011117, 0.006347, 0.999672, -0.023679, 0.009733, 0.022232, 0.991451, 0.128575, -0.012694, -0.128315, 0.991652),

              ["RightUpperLeg"] = CFrame.new(-0.002592, -0.010398, 0.034049, 0.999105, -0.030959, -0.028835, 0.028737, 0.996807, -0.074490, 0.031049, 0.073602, 0.996805),

              ["UpperTorso"] = CFrame.new(0.004675, 0.002166, 0.000400, 0.998745, 0.049970, -0.003374, -0.050083, 0.996868, -0.061203, 0.000305, 0.061295, 0.998120)

          }},

          {Time = 0.200, Data = {

              ["Head"] = CFrame.new(0.000000, 0.000000, 0.000000, 1.000000, 0.000000, 0.000000, 0.000000, 1.000000, 0.000000, 0.000000, -0.000000, 1.000000),

              ["LeftFoot"] = CFrame.new(0.000000, 0.008188, -0.000003, 0.992454, -0.093798, -0.078981, 0.087844, 0.993249, -0.075766, 0.085549, 0.068253, 0.993993),

              ["LeftHand"] = CFrame.new(0.000496, 0.005860, -0.000000, 0.998961, -0.039737, 0.022326, 0.035564, 0.985903, 0.163497, -0.028508, -0.162531, 0.986291),

              ["LeftLowerArm"] = CFrame.new(-0.000500, 0.032905, 0.003792, 1.000000, -0.000000, -0.000000, 0.000000, 0.961321, -0.275433, 0.000000, 0.275432, 0.961320),

              ["LeftLowerLeg"] = CFrame.new(-0.000000, 0.038780, -0.004626, 1.000000, -0.000000, 0.000000, 0.000000, 0.951930, 0.306304, -0.000000, -0.306317, 0.951934),

              ["LeftUpperArm"] = CFrame.new(-0.000520, -0.019475, 0.011836, 0.998961, 0.042040, -0.017610, -0.038950, 0.988039, 0.149202, 0.023671, -0.148360, 0.988650),

              ["LeftUpperLeg"] = CFrame.new(-0.004349, -0.012796, 0.144495, 0.982282, 0.184412, -0.033392, -0.187376, 0.969824, -0.155973, 0.003621, 0.159480, 0.987197),

              ["LowerTorso"] = CFrame.new(0.035463, -0.008896, -0.020003, 0.995538, -0.093129, 0.015216, 0.094071, 0.992147, -0.082428, -0.007420, 0.083492, 0.996481),

              ["RightFoot"] = CFrame.new(0.000000, -0.000863, -0.000103, 0.995376, 0.073478, 0.061870, -0.076262, 0.996121, 0.043918, -0.058400, -0.048419, 0.997118),

              ["RightHand"] = CFrame.new(-0.000496, 0.005079, -0.000000, 0.999668, 0.022633, -0.012328, -0.020405, 0.987246, 0.157893, 0.015744, -0.157587, 0.987379),

              ["RightLowerArm"] = CFrame.new(-0.000000, 0.028493, 0.002775, 1.000000, 0.000000, 0.000000, -0.000000, 0.971642, -0.236458, -0.000000, 0.236458, 0.971642),

              ["RightLowerLeg"] = CFrame.new(0.000000, -0.000860, -0.000008, 1.000000, 0.000000, -0.000000, -0.000000, 1.000000, -0.000008, 0.000000, -0.000011, 1.000000),

              ["RightUpperArm"] = CFrame.new(0.000166, -0.011100, 0.006547, 0.999668, -0.023549, 0.010472, 0.022199, 0.993191, 0.114362, -0.013094, -0.114091, 0.993384),

              ["RightUpperLeg"] = CFrame.new(-0.008677, -0.033276, 0.108955, 0.999354, 0.019245, -0.030364, -0.018116, 0.999149, 0.037057, 0.031051, -0.036476, 0.998852),

              ["UpperTorso"] = CFrame.new(0.007026, 0.002926, 0.000094, 0.995538, 0.093763, -0.010633, -0.093129, 0.994422, 0.049514, 0.015216, -0.048302, 0.998717)

          }},

          {Time = 0.217, Data = {

              ["Head"] = CFrame.new(0.000000, 0.000000, 0.000000, 1.000000, 0.000000, 0.000000, 0.000000, 1.000000, -0.000000, 0.000000, 0.000000, 1.000000),

              ["LeftFoot"] = CFrame.new(0.000000, 0.006526, -0.000003, 0.990950, -0.102685, -0.086463, 0.096690, 0.992786, -0.070896, 0.093114, 0.061893, 0.993729),

              ["LeftHand"] = CFrame.new(0.000496, 0.005383, -0.000000, 0.998940, -0.040126, 0.022552, 0.035639, 0.984321, 0.172753, -0.029130, -0.171765, 0.984707),

              ["LeftLowerArm"] = CFrame.new(-0.000500, 0.029731, 0.003059, 1.000000, -0.000000, -0.000000, 0.000000, 0.968762, -0.247994, 0.000000, 0.247994, 0.968762),

              ["LeftLowerLeg"] = CFrame.new(0.000000, 0.029871, -0.002579, 1.000000, -0.000000, -0.000000, 0.000000, 0.972655, 0.232240, -0.000000, -0.232255, 0.972659),

              ["LeftUpperArm"] = CFrame.new(-0.000530, -0.019434, 0.012329, 0.998940, 0.041750, -0.019381, -0.038867, 0.990655, 0.130741, 0.024658, -0.129848, 0.991227),

              ["LeftUpperLeg"] = CFrame.new(0.001248, 0.029119, 0.131186, 0.972262, 0.232662, -0.023990, -0.231551, 0.971927, 0.041746, 0.033029, -0.035020, 0.998840),

              ["LowerTorso"] = CFrame.new(0.046663, 0.005425, -0.063427, 0.991158, -0.127075, 0.038174, 0.132262, 0.969169, -0.207892, -0.010579, 0.211102, 0.977407),

              ["RightFoot"] = CFrame.new(0.000000, 0.002910, -0.000103, 0.996072, 0.067732, 0.057032, -0.068664, 0.997534, 0.014528, -0.055904, -0.018377, 0.998267),

              ["RightHand"] = CFrame.new(-0.000497, 0.004498, -0.000000, 0.999662, 0.022847, -0.012450, -0.020486, 0.986131, 0.164702, 0.016040, -0.164390, 0.986265),

              ["RightLowerArm"] = CFrame.new(0.000000, 0.024736, 0.002058, 1.000000, 0.000000, 0.000000, -0.000000, 0.978929, -0.204204, -0.000000, 0.204204, 0.978928),

              ["RightLowerLeg"] = CFrame.new(0.000000, 0.011381, -0.000341, 1.000000, -0.000000, -0.000000, -0.000000, 0.996353, 0.085310, 0.000000, -0.085328, 0.996355),

              ["RightUpperArm"] = CFrame.new(0.000169, -0.011076, 0.006825, 0.999661, -0.023330, 0.011519, 0.022151, 0.995358, 0.093658, -0.013650, -0.093370, 0.995538),

              ["RightUpperLeg"] = CFrame.new(-0.015716, -0.056153, 0.183862, 0.997513, 0.061635, -0.034190, -0.057499, 0.992155, 0.111011, 0.040764, -0.108759, 0.993231),

              ["UpperTorso"] = CFrame.new(0.009655, 0.003575, -0.000348, 0.991158, 0.131510, -0.017616, -0.127075, 0.979045, 0.159129, 0.038174, -0.155484, 0.987101)

          }},

          {Time = 0.233, Data = {

              ["Head"] = CFrame.new(0.000000, 0.000000, -0.000000, 1.000000, 0.000000, 0.000000, 0.000000, 1.000000, -0.000000, 0.000000, 0.000000, 1.000000),

              ["LeftFoot"] = CFrame.new(0.000000, 0.002049, -0.000003, 0.990709, -0.104032, -0.087598, 0.103194, 0.994562, -0.014055, 0.088579, 0.004894, 0.996057),

              ["LeftHand"] = CFrame.new(0.000497, 0.004766, -0.000000, 0.998915, -0.040595, 0.022824, 0.035797, 0.982781, 0.181278, -0.029789, -0.180262, 0.983167),

              ["LeftLowerArm"] = CFrame.new(-0.000500, 0.025708, 0.002251, 1.000000, -0.000000, -0.000000, 0.000000, 0.976968, -0.213386, 0.000000, 0.213386, 0.976968),

              ["LeftLowerLeg"] = CFrame.new(0.000000, 0.008801, -0.000085, 1.000000, -0.000000, 0.000000, -0.000000, 0.997956, 0.063892, -0.000000, -0.063911, 0.997957),

              ["LeftUpperArm"] = CFrame.new(-0.000543, -0.019386, 0.012900, 0.998915, 0.041329, -0.021464, -0.038772, 0.993357, 0.108344, 0.025799, -0.107393, 0.993882),

              ["LeftUpperLeg"] = CFrame.new(0.006844, 0.068076, 0.112728, 0.967289, 0.253672, 0.001697, -0.245785, 0.935520, 0.253765, 0.062785, -0.245873, 0.967264),

              ["LowerTorso"] = CFrame.new(0.049377, 0.023124, -0.095479, 0.988451, -0.140101, 0.057765, 0.151128, 0.939502, -0.307403, -0.011203, 0.312583, 0.949825),

              ["RightFoot"] = CFrame.new(0.000000, 0.004520, -0.000103, 0.996250, 0.066183, 0.055728, -0.065149, 0.997671, -0.020182, -0.056931, 0.016482, 0.998242),

              ["RightHand"] = CFrame.new(-0.000497, 0.003759, -0.000000, 0.999654, 0.023104, -0.012599, -0.020614, 0.985085, 0.170829, 0.016357, -0.170508, 0.985220),

              ["RightLowerArm"] = CFrame.new(0.000000, 0.020115, 0.001331, 1.000000, 0.000000, 0.000000, -0.000000, 0.986318, -0.164852, -0.000000, 0.164851, 0.986318),

              ["RightLowerLeg"] = CFrame.new(0.000000, 0.018656, -0.000988, 1.000000, 0.000000, 0.000000, -0.000000, 0.989771, 0.142644, 0.000000, -0.142662, 0.989774),

              ["RightUpperArm"] = CFrame.new(0.000173, -0.011048, 0.007147, 0.999654, -0.023029, 0.012735, 0.022095, 0.997364, 0.069123, -0.014293, -0.068817, 0.997527),

              ["RightUpperLeg"] = CFrame.new(-0.021171, -0.066551, 0.217911, 0.995984, 0.081317, -0.037464, -0.072645, 0.978560, 0.192736, 0.052333, -0.189230, 0.980535),

              ["UpperTorso"] = CFrame.new(0.012387, 0.004265, -0.000831, 0.988451, 0.149864, -0.022491, -0.140101, 0.960275, 0.241339, 0.057765, -0.235401, 0.970180)

          }},

          {Time = 0.250, Data = {

              ["Head"] = CFrame.new(0.000000, 0.000000, -0.000000, 1.000000, 0.000000, 0.000000, 0.000000, 1.000000, 0.000000, 0.000000, -0.000000, 1.000000),

              ["LeftFoot"] = CFrame.new(-0.000000, -0.000187, -0.000003, 0.991695, -0.098383, -0.082841, 0.099109, 0.995066, 0.004688, 0.081967, -0.012847, 0.996552),

              ["LeftHand"] = CFrame.new(0.000497, 0.004081, -0.000000, 0.998888, -0.041093, 0.023113, 0.036018, 0.981449, 0.188314, -0.030422, -0.187271, 0.981837),

              ["LeftLowerArm"] = CFrame.new(-0.000500, 0.021384, 0.001529, 1.000000, -0.000000, -0.000000, 0.000000, 0.984305, -0.176476, 0.000000, 0.176476, 0.984305),

              ["LeftLowerLeg"] = CFrame.new(-0.000000, 0.000247, 0.000104, 1.000000, -0.000000, 0.000000, -0.000000, 1.000000, 0.000330, 0.000000, -0.000348, 1.000000),

              ["LeftUpperArm"] = CFrame.new(-0.000556, -0.019338, 0.013481, 0.998888, 0.040821, -0.023589, -0.038677, 0.995617, 0.085157, 0.026961, -0.084149, 0.996088),

              ["LeftUpperLeg"] = CFrame.new(0.006518, 0.066126, 0.103899, 0.972157, 0.234129, 0.009751, -0.222832, 0.910771, 0.347630, 0.072509, -0.340117, 0.937581),

