return {
["fnaf thrust"] = {

          {Time = 0.000, Data = {

              ["Head"] = CFrame.new(0.000000, -0.000000, 0.000000, 1.000000, 0.000000, -0.000000, 0.000000, 0.867292, 0.497799, 0.000000, -0.497799, 0.867292),

              ["LeftFoot"] = CFrame.new(0.000000, 0.031871, -0.000001, 0.999869, -0.012366, -0.010413, 0.010390, 0.985007, -0.172205, 0.012386, 0.172068, 0.985006),

              ["LeftHand"] = CFrame.new(0.000486, 0.021537, -0.000000, 0.996595, 0.070916, -0.042071, -0.070782, 0.997481, 0.004672, 0.042295, -0.001678, 0.999104),

              ["LeftLowerArm"] = CFrame.new(-0.000500, 0.105217, 0.049806, 1.000000, -0.000000, -0.000000, 0.000000, 0.486846, -0.873487, 0.000000, 0.873488, 0.486847),

              ["LeftLowerLeg"] = CFrame.new(-0.000000, 0.125365, -0.087281, 1.000000, -0.000000, -0.000000, 0.000000, 0.095878, 0.995395, -0.000000, -0.995393, 0.095863),

              ["LeftUpperArm"] = CFrame.new(0.234708, -0.362765, -0.199905, 0.896340, -0.245071, -0.369480, -0.350284, 0.119444, -0.928997, 0.271802, 0.962119, 0.021218),

              ["LeftUpperLeg"] = CFrame.new(0.000000, 0.000000, -0.000100, 0.958088, 0.278446, 0.067349, 0.129218, -0.210248, -0.969075, -0.255675, 0.937157, -0.237397),

              ["LowerTorso"] = CFrame.new(0.000000, -0.755915, 0.495236, 1.000000, -0.000000, -0.000000, 0.000000, 0.867037, 0.498243, 0.000000, -0.498243, 0.867037),

              ["RightFoot"] = CFrame.new(0.000000, 0.032119, -0.000102, 0.997012, -0.059088, -0.049753, 0.046810, 0.974529, -0.219330, 0.061442, 0.216337, 0.974381),

              ["RightHand"] = CFrame.new(-0.000486, 0.020988, 0.000000, 0.998157, -0.052116, 0.031100, 0.052216, 0.998633, -0.002442, -0.030930, 0.004062, 0.999513),

              ["RightLowerArm"] = CFrame.new(-0.000000, 0.103179, 0.046718, 1.000000, 0.000000, 0.000000, -0.000000, 0.518866, -0.854855, -0.000000, 0.854856, 0.518866),

              ["RightLowerLeg"] = CFrame.new(-0.000000, 0.125257, -0.088163, 1.000000, 0.000000, 0.000000, -0.000000, 0.087752, 0.996144, 0.000000, -0.996142, 0.087737),

              ["RightUpperArm"] = CFrame.new(-0.301482, -0.349920, -0.185173, 0.947451, 0.210356, 0.241014, 0.242217, 0.020426, -0.970007, -0.208970, 0.977411, -0.031600),

              ["RightUpperLeg"] = CFrame.new(0.000000, 0.000000, -0.000000, 0.934390, -0.320220, -0.156135, -0.226700, -0.196387, -0.953964, 0.274815, 0.926764, -0.256076),

              ["UpperTorso"] = CFrame.new(-0.000000, 0.305271, -0.048112, 1.000000, 0.000000, 0.000000, -0.000000, 0.708389, -0.705823, -0.000000, 0.705823, 0.708389)

          }},

          {Time = 0.017, Data = {

              ["Head"] = CFrame.new(0.000000, 0.000000, 0.000000, 1.000000, 0.000000, -0.000000, 0.000000, 0.852920, 0.522042, 0.000000, -0.522042, 0.852920),

              ["LeftFoot"] = CFrame.new(-0.000000, 0.032511, -0.000001, 0.999549, -0.022971, -0.019342, 0.017908, 0.972993, -0.230149, 0.024105, 0.229690, 0.972963),

              ["LeftHand"] = CFrame.new(0.000485, 0.022786, -0.000000, 0.998792, 0.042116, -0.025302, -0.034077, 0.964804, 0.260755, 0.035393, -0.259576, 0.965073),

              ["LeftLowerArm"] = CFrame.new(-0.000500, 0.111036, 0.059936, 1.000000, -0.000000, -0.000000, 0.000000, 0.381756, -0.924263, 0.000000, 0.924263, 0.381756),

              ["LeftLowerLeg"] = CFrame.new(0.000000, 0.126046, -0.097717, 1.000000, -0.000000, -0.000000, 0.000000, -0.012643, 0.999920, -0.000000, -0.999920, -0.012656),

              ["LeftUpperArm"] = CFrame.new(0.237452, -0.336109, -0.218241, 0.915262, -0.259482, -0.308163, -0.303002, 0.060710, -0.951054, 0.265490, 0.963838, -0.023058),

              ["LeftUpperLeg"] = CFrame.new(0.000000, 0.000000, -0.000100, 0.955342, 0.291993, 0.045407, 0.119162, -0.240078, -0.963417, -0.270409, 0.925798, -0.264133),

              ["LowerTorso"] = CFrame.new(0.000000, -0.813311, 0.448546, 1.000000, -0.000000, -0.000000, 0.000000, 0.875847, 0.482589, 0.000000, -0.482589, 0.875847),

              ["RightFoot"] = CFrame.new(0.000000, 0.032760, -0.000101, 0.997922, -0.049295, -0.041507, 0.035983, 0.960576, -0.275691, 0.053457, 0.273613, 0.960350),

              ["RightHand"] = CFrame.new(-0.000486, 0.021577, 0.000000, 0.998017, -0.054042, 0.032277, 0.047831, 0.984413, 0.169243, -0.040919, -0.167361, 0.985046),

              ["RightLowerArm"] = CFrame.new(-0.000000, 0.105956, 0.050777, 1.000000, 0.000000, 0.000000, -0.000000, 0.476787, -0.879019, -0.000000, 0.879019, 0.476787),

              ["RightLowerLeg"] = CFrame.new(0.000000, 0.125850, -0.098619, 1.000000, 0.000000, 0.000000, -0.000000, -0.020998, 0.999779, 0.000000, -0.999780, -0.021011),

              ["RightUpperArm"] = CFrame.new(-0.284328, -0.338729, -0.179981, 0.944487, 0.249429, 0.213844, 0.225224, -0.017661, -0.974147, -0.239203, 0.968232, -0.072858),

              ["RightUpperLeg"] = CFrame.new(0.000000, -0.000000, -0.000000, 0.931907, -0.337453, -0.132954, -0.217092, -0.225335, -0.949791, 0.290550, 0.913975, -0.283231),

              ["UpperTorso"] = CFrame.new(-0.000000, 0.282827, -0.051829, 1.000000, 0.000000, 0.000000, -0.000000, 0.735114, -0.677943, -0.000000, 0.677943, 0.735114)

          }},

          {Time = 0.033, Data = {

              ["Head"] = CFrame.new(-0.000000, 0.000000, -0.000000, 1.000000, 0.000000, -0.000000, 0.000000, 0.822448, 0.568841, 0.000000, -0.568841, 0.822448),

              ["LeftFoot"] = CFrame.new(-0.000000, 0.033503, -0.000001, 0.997677, -0.052114, -0.043882, 0.033055, 0.933483, -0.357114, 0.059570, 0.354816, 0.933030),

              ["LeftHand"] = CFrame.new(0.000483, 0.025637, 0.000000, 0.996589, 0.070921, -0.042208, -0.011146, 0.622400, 0.782623, 0.081773, -0.779480, 0.621064),

              ["LeftLowerArm"] = CFrame.new(-0.000499, 0.119964, 0.098552, 1.000000, -0.000000, 0.000000, 0.000000, -0.019175, -0.999816, 0.000000, 0.999816, -0.019176),

              ["LeftLowerLeg"] = CFrame.new(0.000000, 0.125007, -0.112242, 1.000000, -0.000000, -0.000000, 0.000000, -0.163923, 0.986471, -0.000000, -0.986473, -0.163933),

              ["LeftUpperArm"] = CFrame.new(0.221299, -0.275520, -0.213662, 0.919020, -0.327306, -0.219713, -0.201136, 0.090021, -0.975418, 0.339039, 0.940620, 0.016897),

              ["LeftUpperLeg"] = CFrame.new(-0.000000, 0.000000, -0.000100, 0.946843, 0.321242, 0.017084, 0.084114, -0.195984, -0.976996, -0.310504, 0.926495, -0.212570),

              ["LowerTorso"] = CFrame.new(0.000000, -0.880210, 0.336721, 1.000000, -0.000000, -0.000000, 0.000000, 0.905299, 0.424775, 0.000000, -0.424775, 0.905299),

              ["RightFoot"] = CFrame.new(0.000000, 0.033750, -0.000101, 0.999732, -0.017717, -0.014918, 0.010323, 0.917432, -0.397778, 0.020732, 0.397498, 0.917360),

              ["RightHand"] = CFrame.new(-0.000483, 0.024752, 0.000000, 0.995159, -0.084531, 0.050128, 0.036089, 0.788763, 0.613641, -0.091410, -0.608857, 0.787993),

              ["RightLowerArm"] = CFrame.new(-0.000001, 0.118932, 0.084428, 1.000000, 0.000000, 0.000000, -0.000000, 0.127489, -0.991840, -0.000000, 0.991840, 0.127489),

              ["RightLowerLeg"] = CFrame.new(-0.000000, 0.124672, -0.113177, 1.000000, 0.000000, 0.000000, -0.000000, -0.172623, 0.984986, 0.000000, -0.984988, -0.172634),

              ["RightUpperArm"] = CFrame.new(-0.236307, -0.300967, -0.152320, 0.926503, 0.323684, 0.191890, 0.169336, 0.096745, -0.980799, -0.336033, 0.941206, 0.034823),

              ["RightUpperLeg"] = CFrame.new(0.000000, 0.000000, -0.000000, 0.922875, -0.371144, -0.102743, -0.180240, -0.180531, -0.966917, 0.340317, 0.910857, -0.233486),

              ["UpperTorso"] = CFrame.new(-0.000000, 0.228325, -0.053090, 1.000000, 0.000000, 0.000000, -0.000000, 0.801943, -0.597400, -0.000000, 0.597400, 0.801943)

          }},

          {Time = 0.050, Data = {

              ["Head"] = CFrame.new(0.000000, -0.000000, 0.000000, 1.000000, 0.000000, -0.000000, 0.000000, 0.794312, 0.607510, 0.000000, -0.607510, 0.794312),

              ["LeftFoot"] = CFrame.new(-0.000000, 0.033469, -0.000001, 0.993274, -0.088576, -0.074584, 0.040931, 0.871087, -0.489442, 0.108315, 0.483075, 0.868840),

              ["LeftHand"] = CFrame.new(0.000481, 0.028753, 0.000000, 0.808581, 0.507493, -0.297743, 0.254603, 0.154428, 0.954636, 0.530447, -0.847704, -0.004341),

              ["LeftLowerArm"] = CFrame.new(-0.000497, 0.092436, 0.163953, 1.000000, -0.000000, 0.000000, 0.000000, -0.698908, -0.715211, 0.000000, 0.715212, -0.698909),

              ["LeftLowerLeg"] = CFrame.new(-0.000000, 0.125095, -0.111663, 1.000000, -0.000000, -0.000000, 0.000000, -0.157896, 0.987454, -0.000000, -0.987456, -0.157906),

              ["LeftUpperArm"] = CFrame.new(0.051681, -0.101551, -0.029033, 0.632116, -0.685470, -0.361331, 0.112382, 0.542479, -0.832518, 0.766681, 0.485641, 0.419944),

              ["LeftUpperLeg"] = CFrame.new(-0.000000, 0.000000, -0.000100, 0.934229, 0.354078, 0.042968, 0.018890, 0.071159, -0.997285, -0.356174, 0.932505, 0.059807),

              ["LowerTorso"] = CFrame.new(-0.000000, -0.834033, 0.197980, 1.000000, 0.000000, -0.000000, 0.000000, 0.950429, 0.310941, 0.000000, -0.310941, 0.950429),

              ["RightFoot"] = CFrame.new(0.000000, 0.033716, -0.000100, 0.999155, 0.031446, 0.026479, -0.012962, 0.852225, -0.523039, -0.039011, 0.522229, 0.851898),

              ["RightHand"] = CFrame.new(-0.000482, 0.028062, -0.000000, 0.969960, -0.209651, 0.123389, -0.039934, 0.363116, 0.930889, -0.239964, -0.907851, 0.343834),

              ["RightLowerArm"] = CFrame.new(-0.000002, 0.100972, 0.154431, 1.000000, 0.000000, -0.000000, -0.000000, -0.599863, -0.800102, -0.000000, 0.800102, -0.599864),

              ["RightLowerLeg"] = CFrame.new(-0.000000, 0.124766, -0.112597, 1.000000, 0.000000, 0.000000, -0.000000, -0.166582, 0.986026, 0.000000, -0.986028, -0.166592),

              ["RightUpperArm"] = CFrame.new(-0.150314, -0.207798, -0.079582, 0.855327, 0.398652, 0.330896, 0.022085, 0.610049, -0.792056, -0.517618, 0.684775, 0.512987),

              ["RightUpperLeg"] = CFrame.new(0.000000, 0.000000, -0.000000, 0.905698, -0.403968, -0.128539, -0.102838, 0.084769, -0.991078, 0.411260, 0.910837, 0.035248),

              ["UpperTorso"] = CFrame.new(-0.000000, 0.165052, -0.036439, 1.000000, 0.000000, 0.000000, 0.000000, 0.884108, -0.467283, -0.000000, 0.467283, 0.884108)

          }},

          {Time = 0.067, Data = {

              ["Head"] = CFrame.new(-0.000000, 0.000000, -0.000000, 1.000000, 0.000000, -0.000000, 0.000000, 0.773303, 0.634037, 0.000000, -0.634037, 0.773303),

              ["LeftFoot"] = CFrame.new(-0.000000, 0.032473, -0.000001, 0.987047, -0.122726, -0.103338, 0.042010, 0.819327, -0.571809, 0.154834, 0.560037, 0.813852),

              ["LeftHand"] = CFrame.new(0.000481, 0.028987, 0.000000, 0.817685, 0.497651, -0.289370, -0.575457, 0.720162, -0.387581, 0.015513, 0.483436, 0.875241),

              ["LeftLowerArm"] = CFrame.new(-0.000497, 0.089224, 0.166948, 1.000000, -0.000000, 0.000000, 0.000000, -0.730045, -0.683398, 0.000000, 0.683399, -0.730046),

              ["LeftLowerLeg"] = CFrame.new(-0.000000, 0.126037, -0.097115, 1.000000, -0.000000, -0.000000, 0.000000, -0.006384, 0.999980, -0.000000, -0.999980, -0.006397),

              ["LeftUpperArm"] = CFrame.new(0.039882, 0.068192, -0.106424, 0.670759, 0.574925, -0.468555, 0.400509, 0.250944, 0.881260, 0.624240, -0.778773, -0.061939),

              ["LeftUpperLeg"] = CFrame.new(-0.000000, 0.000000, -0.000100, 0.920393, 0.372911, 0.117538, -0.071333, 0.455698, -0.887262, -0.384432, 0.808255, 0.446040),

              ["LowerTorso"] = CFrame.new(-0.000000, -0.708253, 0.049167, 1.000000, 0.000000, -0.000000, -0.000000, 0.988970, 0.148118, 0.000000, -0.148118, 0.988970),

              ["RightFoot"] = CFrame.new(0.000000, 0.032722, -0.000101, 0.993920, 0.084229, 0.070923, -0.025114, 0.800527, -0.598796, -0.107206, 0.593349, 0.797755),

              ["RightHand"] = CFrame.new(-0.000481, 0.029388, 0.000000, 0.997495, -0.061770, 0.034465, 0.069793, 0.938687, -0.337635, -0.011496, 0.339192, 0.940646),

              ["RightLowerArm"] = CFrame.new(-0.000003, 0.082894, 0.172166, 1.000000, 0.000000, -0.000000, 0.000000, -0.784290, -0.620394, -0.000000, 0.620395, -0.784291),

              ["RightLowerLeg"] = CFrame.new(0.000000, 0.125847, -0.098017, 1.000000, 0.000000, 0.000000, -0.000000, -0.014725, 0.999891, 0.000000, -0.999892, -0.014738),

              ["RightUpperArm"] = CFrame.new(-0.138574, -0.129274, -0.161797, 0.931448, -0.315417, 0.181429, -0.071221, 0.330927, 0.940965, -0.356836, -0.889382, 0.285778),

              ["RightUpperLeg"] = CFrame.new(0.000000, 0.000000, -0.000000, 0.883024, -0.421186, -0.207064, 0.013139, 0.463181, -0.886156, 0.469145, 0.779786, 0.414550),

              ["UpperTorso"] = CFrame.new(0.000000, 0.120721, 0.002412, 1.000000, 0.000000, 0.000000, 0.000000, 0.955459, -0.295123, -0.000000, 0.295123, 0.955459)

          }},

          {Time = 0.083, Data = {

              ["Head"] = CFrame.new(-0.000000, -0.000000, 0.000000, 1.000000, 0.000000, -0.000000, 0.000000, 0.759589, 0.650403, 0.000000, -0.650403, 0.759589),

              ["LeftFoot"] = CFrame.new(0.000000, 0.030725, -0.000002, 0.979630, -0.153614, -0.129345, 0.046032, 0.798722, -0.599962, 0.195462, 0.581762, 0.789503),

              ["LeftHand"] = CFrame.new(0.000483, 0.025665, -0.000000, 0.989080, -0.127133, 0.074547, 0.144769, 0.743382, -0.653016, 0.027602, 0.656674, 0.753666),

              ["LeftLowerArm"] = CFrame.new(-0.000499, 0.119962, 0.099159, 1.000000, -0.000000, 0.000000, 0.000000, -0.025475, -0.999675, 0.000000, 0.999676, -0.025476),

              ["LeftLowerLeg"] = CFrame.new(-0.000000, 0.123202, -0.076857, 1.000000, -0.000000, -0.000000, 0.000000, 0.204466, 0.978877, -0.000000, -0.978874, 0.204451),

              ["LeftUpperArm"] = CFrame.new(0.171049, -0.090252, -0.358956, 0.998876, 0.036035, -0.030791, 0.013497, 0.406470, 0.913565, 0.045436, -0.912953, 0.405527),

              ["LeftUpperLeg"] = CFrame.new(-0.000000, -0.000000, -0.000100, 0.906164, 0.370562, 0.203846, -0.176468, 0.769296, -0.614020, -0.384350, 0.520450, 0.762514),

              ["LowerTorso"] = CFrame.new(-0.000000, -0.573147, -0.097570, 1.000000, 0.000000, -0.000000, -0.000000, 0.998972, -0.045337, 0.000000, 0.045337, 0.998972),

              ["RightFoot"] = CFrame.new(-0.000000, 0.031019, -0.000102, 0.984745, 0.133109, 0.112080, -0.034970, 0.782338, -0.621897, -0.170455, 0.608465, 0.775037),

              ["RightHand"] = CFrame.new(-0.000483, 0.026055, 0.000000, 0.931568, 0.313744, -0.183702, -0.356417, 0.688377, -0.631750, -0.071752, 0.653989, 0.753091),

              ["RightLowerArm"] = CFrame.new(-0.000001, 0.119328, 0.110113, 1.000000, 0.000000, -0.000000, -0.000000, -0.139240, -0.990259, -0.000000, 0.990259, -0.139241),

              ["RightLowerLeg"] = CFrame.new(0.000000, 0.123204, -0.077706, 1.000000, 0.000000, 0.000000, -0.000000, 0.196665, 0.980474, 0.000000, -0.980471, 0.196650),

              ["RightUpperArm"] = CFrame.new(-0.128570, -0.201781, -0.315405, 0.985871, -0.063678, -0.154932, 0.167391, 0.409019, 0.897042, 0.006249, -0.910302, 0.413899),

              ["RightUpperLeg"] = CFrame.new(0.000000, -0.000000, -0.000000, 0.858057, -0.415990, -0.301157, 0.153339, 0.767178, -0.622818, 0.490128, 0.488253, 0.722082),

              ["UpperTorso"] = CFrame.new(0.000000, 0.115712, 0.049902, 1.000000, -0.000000, 0.000000, 0.000000, 0.995289, -0.096957, -0.000000, 0.096957, 0.995289)

          }},

          {Time = 0.100, Data = {

              ["Head"] = CFrame.new(-0.000000, -0.000000, -0.000000, 1.000000, 0.000000, -0.000000, 0.000000, 0.752811, 0.658237, 0.000000, -0.658237, 0.752811),

              ["LeftFoot"] = CFrame.new(0.000000, 0.028571, -0.000002, 0.970546, -0.184295, -0.155178, 0.053807, 0.793638, -0.606030, 0.234830, 0.579805, 0.780159),

              ["LeftHand"] = CFrame.new(0.000485, 0.022702, 0.000000, 0.980918, -0.167917, 0.097996, 0.192344, 0.764691, -0.615025, 0.028336, 0.622135, 0.782394),

              ["LeftLowerArm"] = CFrame.new(-0.000500, 0.110441, 0.058663, 1.000000, -0.000000, -0.000000, 0.000000, 0.394935, -0.918709, 0.000000, 0.918709, 0.394935),

              ["LeftLowerLeg"] = CFrame.new(0.000000, 0.116258, -0.058957, 1.000000, -0.000000, -0.000000, 0.000000, 0.390551, 0.920587, -0.000000, -0.920581, 0.390537),

              ["LeftUpperArm"] = CFrame.new(0.139309, -0.082269, -0.305487, 0.997951, 0.017088, 0.061653, -0.057391, 0.664981, 0.744652, -0.028273, -0.746664, 0.664600),

              ["LeftUpperLeg"] = CFrame.new(-0.000000, -0.000000, -0.000100, 0.890380, 0.358686, 0.280307, -0.285529, 0.919612, -0.269768, -0.354537, 0.160185, 0.921224),

              ["LowerTorso"] = CFrame.new(-0.000000, -0.474032, -0.232738, 1.000000, 0.000000, -0.000000, -0.000000, 0.969555, -0.244874, 0.000000, 0.244874, 0.969555),

              ["RightFoot"] = CFrame.new(-0.000000, 0.028877, -0.000102, 0.972233, 0.179016, 0.150733, -0.046891, 0.780052, -0.623979, -0.229268, 0.599559, 0.766766),

              ["RightHand"] = CFrame.new(-0.000484, 0.023330, 0.000000, 0.943342, 0.286511, -0.167383, -0.325920, 0.705328, -0.629518, -0.062304, 0.648401, 0.758742),

              ["RightLowerArm"] = CFrame.new(-0.000000, 0.113746, 0.065736, 1.000000, 0.000000, 0.000000, -0.000000, 0.321544, -0.946895, -0.000000, 0.946895, 0.321544),

              ["RightLowerLeg"] = CFrame.new(0.000000, 0.116425, -0.059764, 1.000000, 0.000000, 0.000000, -0.000000, 0.383207, 0.923668, 0.000000, -0.923662, 0.383193),

              ["RightUpperArm"] = CFrame.new(-0.111813, -0.146029, -0.255559, 0.983852, -0.103722, -0.145869, 0.178292, 0.639637, 0.747715, 0.015749, -0.761648, 0.647800),

              ["RightUpperLeg"] = CFrame.new(0.000000, -0.000000, 0.000000, 0.831037, -0.400259, -0.386233, 0.300284, 0.907346, -0.294177, 0.468195, 0.128516, 0.874233),

              ["UpperTorso"] = CFrame.new(0.000000, 0.143355, 0.087886, 1.000000, -0.000000, 0.000000, 0.000000, 0.994549, 0.104273, -0.000000, -0.104273, 0.994549)

          }},

          {Time = 0.117, Data = {

              ["Head"] = CFrame.new(-0.000000, 0.000000, 0.000000, 1.000000, 0.000000, -0.000000, 0.000000, 0.752259, 0.658867, 0.000000, -0.658867, 0.752259),

              ["LeftFoot"] = CFrame.new(0.000000, 0.025577, -0.000003, 0.960993, -0.211572, -0.178144, 0.064833, 0.798470, -0.598557, 0.268865, 0.563633, 0.781021),

              ["LeftHand"] = CFrame.new(0.000485, 0.022726, -0.000000, 0.990595, -0.118258, 0.068830, 0.136642, 0.881333, -0.452309, -0.007173, 0.457458, 0.889201),

              ["LeftLowerArm"] = CFrame.new(-0.000500, 0.110613, 0.059023, 1.000000, -0.000000, -0.000000, 0.000000, 0.391203, -0.920305, 0.000000, 0.920305, 0.391203),

              ["LeftLowerLeg"] = CFrame.new(-0.000000, 0.106294, -0.044354, 1.000000, -0.000000, -0.000000, 0.000000, 0.542385, 0.840137, -0.000000, -0.840130, 0.542374),

              ["LeftUpperArm"] = CFrame.new(0.113396, -0.042860, -0.196471, 0.997032, 0.021926, 0.073799, -0.064677, 0.758518, 0.648435, -0.041761, -0.651283, 0.757685),

              ["LeftUpperLeg"] = CFrame.new(-0.000000, -0.000000, -0.000100, 0.874928, 0.339984, 0.344842, -0.380915, 0.922878, 0.056598, -0.299006, -0.180851, 0.936953),

              ["LowerTorso"] = CFrame.new(-0.000000, -0.402587, -0.345979, 1.000000, 0.000000, -0.000000, -0.000000, 0.905186, -0.425015, 0.000000, 0.425015, 0.905186),

              ["RightFoot"] = CFrame.new(-0.000000, 0.025975, -0.000103, 0.958349, 0.218478, 0.183960, -0.061737, 0.787336, -0.613448, -0.278847, 0.576514, 0.768011),

              ["RightHand"] = CFrame.new(-0.000485, 0.022634, -0.000000, 0.972238, 0.202129, -0.117886, -0.233980, 0.834278, -0.499236, -0.002561, 0.512956, 0.858409),

              ["RightLowerArm"] = CFrame.new(-0.000000, 0.110772, 0.059151, 1.000000, 0.000000, 0.000000, -0.000000, 0.389884, -0.920864, -0.000000, 0.920864, 0.389884),

              ["RightLowerLeg"] = CFrame.new(0.000000, 0.106661, -0.045096, 1.000000, 0.000000, 0.000000, -0.000000, 0.535701, 0.844415, 0.000000, -0.844408, 0.535690),

              ["RightUpperArm"] = CFrame.new(-0.116859, -0.065206, -0.179383, 0.989536, -0.088903, -0.113647, 0.141798, 0.744890, 0.651945, 0.026695, -0.661238, 0.749701),

              ["RightUpperLeg"] = CFrame.new(0.000000, -0.000000, -0.000000, 0.804941, -0.376529, -0.458588, 0.430133, 0.902659, 0.013879, 0.408724, -0.208403, 0.888540),

              ["UpperTorso"] = CFrame.new(0.000000, 0.183830, 0.108747, 1.000000, -0.000000, 0.000000, 0.000000, 0.958704, 0.284405, -0.000000, -0.284405, 0.958704)

          }},

          {Time = 0.133, Data = {

              ["Head"] = CFrame.new(0.000000, -0.000000, 0.000000, 1.000000, 0.000000, -0.000000, 0.000000, 0.757007, 0.653407, 0.000000, -0.653407, 0.757007),

              ["LeftFoot"] = CFrame.new(0.000000, 0.021587, -0.000003, 0.953766, -0.229916, -0.193590, 0.079366, 0.813891, -0.575594, 0.289882, 0.533591, 0.794490),

              ["LeftHand"] = CFrame.new(0.000484, 0.024413, 0.000000, 0.998993, -0.038879, 0.022400, 0.042603, 0.978545, -0.201582, -0.014082, 0.202332, 0.979216),

              ["LeftLowerArm"] = CFrame.new(-0.000499, 0.117592, 0.078248, 1.000000, -0.000000, -0.000000, 0.000000, 0.191672, -0.981459, 0.000000, 0.981459, 0.191672),

              ["LeftLowerLeg"] = CFrame.new(0.000000, 0.093795, -0.032310, 1.000000, -0.000000, -0.000000, 0.000000, 0.667574, 0.744549, -0.000000, -0.744544, 0.667568),

              ["LeftUpperArm"] = CFrame.new(0.098919, -0.001642, -0.086678, 0.998499, 0.020245, 0.050890, -0.046255, 0.809283, 0.585596, -0.029329, -0.587070, 0.809004),

              ["LeftUpperLeg"] = CFrame.new(0.000000, 0.000000, -0.000100, 0.863765, 0.313025, 0.394881, -0.446732, 0.838238, 0.312732, -0.233113, -0.446513, 0.863868),

              ["LowerTorso"] = CFrame.new(-0.000000, -0.342857, -0.428429, 1.000000, 0.000000, -0.000000, -0.000000, 0.824399, -0.566009, 0.000000, 0.566009, 0.824399),

              ["RightFoot"] = CFrame.new(0.000000, 0.022022, -0.000103, 0.947192, 0.245304, 0.206547, -0.079896, 0.804309, -0.588838, -0.310554, 0.541214, 0.781414),

              ["RightHand"] = CFrame.new(-0.000484, 0.024040, -0.000000, 0.994320, 0.092022, -0.053473, -0.103383, 0.954464, -0.279841, 0.025286, 0.283778, 0.958556),

              ["RightLowerArm"] = CFrame.new(-0.000001, 0.116404, 0.073192, 1.000000, 0.000000, 0.000000, -0.000000, 0.244084, -0.969754, -0.000000, 0.969754, 0.244084),

              ["RightLowerLeg"] = CFrame.new(-0.000000, 0.094321, -0.033001, 1.000000, 0.000000, 0.000000, -0.000000, 0.661438, 0.750005, 0.000000, -0.750000, 0.661433),

              ["RightUpperArm"] = CFrame.new(-0.133713, 0.013837, -0.112183, 0.996156, -0.040943, -0.077439, 0.079292, 0.797174, 0.598520, 0.037227, -0.602360, 0.797356),

              ["RightUpperLeg"] = CFrame.new(0.000000, -0.000000, -0.000000, 0.785625, -0.343267, -0.514751, 0.521941, 0.814448, 0.253498, 0.332222, -0.467806, 0.819005),

              ["UpperTorso"] = CFrame.new(0.000000, 0.215539, 0.118965, 1.000000, -0.000000, 0.000000, 0.000000, 0.905638, 0.424051, -0.000000, -0.424051, 0.905638)

          }},

          {Time = 0.150, Data = {

              ["Head"] = CFrame.new(0.000000, 0.000000, -0.000000, 1.000000, 0.000000, -0.000000, 0.000000, 0.765999, 0.642842, 0.000000, -0.642842, 0.765999),

              ["LeftFoot"] = CFrame.new(0.000000, 0.016695, -0.000003, 0.951299, -0.235822, -0.198563, 0.095208, 0.837350, -0.538335, 0.293200, 0.493186, 0.819004),

              ["LeftHand"] = CFrame.new(0.000483, 0.025588, 0.000000, 0.998693, 0.043974, -0.026034, -0.043031, 0.998434, 0.035750, 0.027565, -0.034582, 0.999022),

              ["LeftLowerArm"] = CFrame.new(-0.000499, 0.119958, 0.097487, 1.000000, -0.000000, 0.000000, 0.000000, -0.008116, -0.999967, 0.000000, 0.999967, -0.008116),

              ["LeftLowerLeg"] = CFrame.new(0.000000, 0.079712, -0.022887, 1.000000, -0.000000, 0.000000, 0.000000, 0.765426, 0.643525, -0.000000, -0.643524, 0.765425),

              ["LeftUpperArm"] = CFrame.new(0.097801, 0.025754, -0.003568, 0.999759, 0.021577, -0.004156, -0.016892, 0.875628, 0.482692, 0.014054, -0.482504, 0.875781),

              ["LeftUpperLeg"] = CFrame.new(-0.000000, -0.000000, -0.000100, 0.860036, 0.280497, 0.426221, -0.478013, 0.735081, 0.480805, -0.178444, -0.617233, 0.766265),

              ["LowerTorso"] = CFrame.new(-0.000000, -0.287697, -0.474539, 1.000000, 0.000000, -0.000000, -0.000000, 0.752726, -0.658334, 0.000000, 0.658334, 0.752726),

              ["RightFoot"] = CFrame.new(0.000000, 0.017193, -0.000103, 0.942547, 0.255559, 0.215182, -0.098726, 0.828398, -0.551394, -0.319152, 0.498444, 0.806016),

              ["RightHand"] = CFrame.new(-0.000483, 0.025238, 0.000000, 0.999741, -0.019519, 0.011717, 0.020211, 0.997855, -0.062270, -0.010476, 0.062491, 0.997991),

              ["RightLowerArm"] = CFrame.new(-0.000001, 0.119842, 0.092040, 1.000000, 0.000000, -0.000000, -0.000000, 0.048421, -0.998827, -0.000000, 0.998827, 0.048420),

              ["RightLowerLeg"] = CFrame.new(-0.000000, 0.080409, -0.023518, 1.000000, 0.000000, -0.000000, -0.000000, 0.759930, 0.650006, 0.000000, -0.650005, 0.759929),

              ["RightUpperArm"] = CFrame.new(-0.154671, 0.070853, -0.061609, 0.999763, 0.005883, -0.020973, 0.006172, 0.846887, 0.531737, 0.020890, -0.531740, 0.846650),

              ["RightUpperLeg"] = CFrame.new(0.000000, -0.000000, 0.000000, 0.777892, -0.303751, -0.550114, 0.568856, 0.712332, 0.411093, 0.266995, -0.632707, 0.726896),

              ["UpperTorso"] = CFrame.new(0.000000, 0.223665, 0.132051, 1.000000, -0.000000, 0.000000, 0.000000, 0.858763, 0.512373, -0.000000, -0.512373, 0.858763)

          }},

          {Time = 0.167, Data = {

              ["Head"] = CFrame.new(-0.000000, 0.000000, 0.000000, 1.000000, 0.000000, -0.000000, 0.000000, 0.778122, 0.628114, 0.000000, -0.628114, 0.778122),

              ["LeftFoot"] = CFrame.new(0.000000, 0.013875, -0.000003, 0.953145, -0.231416, -0.194854, 0.105893, 0.858562, -0.501679, 0.283374, 0.457514, 0.842823),

              ["LeftHand"] = CFrame.new(0.000483, 0.026196, 0.000000, 0.990578, 0.118081, -0.069369, -0.099278, 0.968069, 0.230189, 0.094334, -0.221131, 0.970670),

              ["LeftLowerArm"] = CFrame.new(-0.000499, 0.119095, 0.111089, 1.000000, -0.000000, 0.000000, 0.000000, -0.149372, -0.988781, 0.000000, 0.988781, -0.149373),

              ["LeftLowerLeg"] = CFrame.new(0.000000, 0.070039, -0.017462, 1.000000, -0.000000, 0.000000, 0.000000, 0.821317, 0.570470, -0.000000, -0.570473, 0.821318),

              ["LeftUpperArm"] = CFrame.new(0.105983, 0.030851, 0.054926, 0.995818, 0.024428, -0.088034, 0.003533, 0.952575, 0.304285, 0.091292, -0.303323, 0.948504),

              ["LeftUpperLeg"] = CFrame.new(-0.000000, -0.000000, -0.000100, 0.862823, 0.255276, 0.436318, -0.482732, 0.672237, 0.561321, -0.150019, -0.694933, 0.703239),

              ["LowerTorso"] = CFrame.new(-0.000000, -0.249291, -0.482517, 1.000000, 0.000000, -0.000000, -0.000000, 0.711212, -0.702977, 0.000000, 0.702977, 0.711212),

              ["RightFoot"] = CFrame.new(0.000000, 0.014306, -0.000103, 0.944364, 0.251604, 0.211853, -0.110637, 0.849557, -0.515787, -0.309737, 0.463626, 0.830110),

              ["RightHand"] = CFrame.new(-0.000483, 0.026011, 0.000000, 0.989682, -0.123574, 0.072519, 0.113375, 0.984879, 0.131000, -0.087610, -0.121424, 0.988726),

              ["RightLowerArm"] = CFrame.new(-0.000001, 0.119460, 0.109062, 1.000000, 0.000000, -0.000000, -0.000000, -0.128326, -0.991732, -0.000000, 0.991732, -0.128327),

              ["RightLowerLeg"] = CFrame.new(-0.000000, 0.070800, -0.018087, 1.000000, 0.000000, 0.000000, -0.000000, 0.815930, 0.578148, 0.000000, -0.578150, 0.815932),

              ["RightUpperArm"] = CFrame.new(-0.176047, 0.099258, -0.017850, 0.997324, 0.038869, 0.061923, -0.060633, 0.912977, 0.403481, -0.040851, -0.406155, 0.912890),

              ["RightUpperLeg"] = CFrame.new(0.000000, -0.000000, 0.000000, 0.780897, -0.273471, -0.561621, 0.579614, 0.652445, 0.488236, 0.232910, -0.706774, 0.667988),

              ["UpperTorso"] = CFrame.new(0.000000, 0.207963, 0.150428, 1.000000, -0.000000, 0.000000, 0.000000, 0.836484, 0.547991, -0.000000, -0.547991, 0.836484)

          }},

          {Time = 0.183, Data = {

              ["Head"] = CFrame.new(0.000000, 0.000000, -0.000000, 1.000000, 0.000000, -0.000000, 0.000000, 0.792265, 0.610177, 0.000000, -0.610177, 0.792265),

              ["LeftFoot"] = CFrame.new(0.000000, 0.014040, -0.000003, 0.957899, -0.219629, -0.184930, 0.104358, 0.866376, -0.488389, 0.267467, 0.448503, 0.852805),

              ["LeftHand"] = CFrame.new(0.000483, 0.026432, -0.000001, 0.980441, 0.169741, -0.099615, -0.122057, 0.921457, 0.368810, 0.154391, -0.349434, 0.924152),

              ["LeftLowerArm"] = CFrame.new(-0.000499, 0.118127, 0.116693, 1.000000, -0.000000, 0.000000, 0.000000, -0.207573, -0.978219, 0.000000, 0.978220, -0.207574),

              ["LeftLowerLeg"] = CFrame.new(0.000000, 0.070761, -0.017861, 1.000000, -0.000000, -0.000000, 0.000000, 0.817224, 0.576318, -0.000000, -0.576320, 0.817226),

              ["LeftUpperArm"] = CFrame.new(0.118458, 0.004618, 0.089681, 0.982184, 0.017581, -0.187098, -0.010803, 0.999250, 0.037189, 0.187611, -0.034505, 0.981637),

              ["LeftUpperLeg"] = CFrame.new(-0.000000, -0.000000, -0.000100, 0.870102, 0.252954, 0.423013, -0.468050, 0.692996, 0.548360, -0.154437, -0.675108, 0.721361),

              ["LowerTorso"] = CFrame.new(-0.000000, -0.242493, -0.451156, 1.000000, 0.000000, -0.000000, -0.000000, 0.713741, -0.700409, 0.000000, 0.700409, 0.713741),

              ["RightFoot"] = CFrame.new(-0.000000, 0.014506, -0.000103, 0.950964, 0.236610, 0.199227, -0.107782, 0.857210, -0.503584, -0.289915, 0.457391, 0.840662),

              ["RightHand"] = CFrame.new(-0.000483, 0.026460, -0.000000, 0.970783, -0.207032, 0.121321, 0.163321, 0.940475, 0.298051, -0.175803, -0.269525, 0.946809),

              ["RightLowerArm"] = CFrame.new(-0.000001, 0.117566, 0.119686, 1.000000, 0.000000, -0.000000, -0.000000, -0.238669, -0.971101, -0.000000, 0.971101, -0.238671),

              ["RightLowerLeg"] = CFrame.new(-0.000000, 0.071531, -0.018478, 1.000000, 0.000000, -0.000000, -0.000000, 0.811918, 0.583769, 0.000000, -0.583771, 0.811920),

              ["RightUpperArm"] = CFrame.new(-0.194845, 0.088971, 0.023189, 0.985421, 0.063424, 0.157867, -0.089990, 0.981792, 0.167289, -0.144383, -0.179056, 0.973187),

              ["RightUpperLeg"] = CFrame.new(0.000000, -0.000000, -0.000000, 0.792028, -0.271017, -0.547034, 0.561787, 0.674257, 0.479359, 0.238929, -0.686970, 0.686272),

              ["UpperTorso"] = CFrame.new(0.000000, 0.170405, 0.165876, 1.000000, -0.000000, 0.000000, 0.000000, 0.848802, 0.528711, -0.000000, -0.528711, 0.848802)

          }},

          {Time = 0.200, Data = {

              ["Head"] = CFrame.new(0.000000, 0.000000, -0.000000, 1.000000, 0.000000, -0.000000, 0.000000, 0.807366, 0.590051, 0.000000, -0.590051, 0.807366),

              ["LeftFoot"] = CFrame.new(-0.000000, 0.018106, -0.000003, 0.964694, -0.201475, -0.169643, 0.090444, 0.858337, -0.505076, 0.247356, 0.471874, 0.846238),

              ["LeftHand"] = CFrame.new(0.000483, 0.026305, -0.000000, 0.976295, 0.186665, -0.109571, -0.122673, 0.894257, 0.430418, 0.178327, -0.406770, 0.895955),

              ["LeftLowerArm"] = CFrame.new(-0.000499, 0.118687, 0.113692, 1.000000, -0.000000, 0.000000, 0.000000, -0.176404, -0.984318, 0.000000, 0.984318, -0.176405),

              ["LeftLowerLeg"] = CFrame.new(0.000000, 0.083933, -0.025468, 1.000000, -0.000000, 0.000000, 0.000000, 0.738690, 0.674047, -0.000000, -0.674045, 0.738688),

              ["LeftUpperArm"] = CFrame.new(0.133336, -0.054708, 0.091788, 0.960596, -0.007585, -0.277845, -0.071202, 0.959556, -0.272364, 0.268674, 0.281415, 0.921206),

              ["LeftUpperLeg"] = CFrame.new(-0.000000, -0.000000, -0.000100, 0.880807, 0.276334, 0.384478, -0.432702, 0.799455, 0.416718, -0.192221, -0.533395, 0.823725),

              ["LowerTorso"] = CFrame.new(-0.000000, -0.278680, -0.377378, 1.000000, 0.000000, -0.000000, -0.000000, 0.765368, -0.643593, 0.000000, 0.643593, 0.765368),

              ["RightFoot"] = CFrame.new(-0.000000, 0.018588, -0.000103, 0.961098, 0.211294, 0.177911, -0.089972, 0.848445, -0.521605, -0.261144, 0.485280, 0.834431),

              ["RightHand"] = CFrame.new(-0.000482, 0.026508, -0.000000, 0.958225, -0.246763, 0.144617, 0.168500, 0.895602, 0.411713, -0.231113, -0.370142, 0.899766),

              ["RightLowerArm"] = CFrame.new(-0.000001, 0.117288, 0.120822, 1.000000, 0.000000, -0.000000, -0.000000, -0.250473, -0.968123, -0.000000, 0.968124, -0.250474),

              ["RightLowerLeg"] = CFrame.new(-0.000000, 0.084581, -0.026117, 1.000000, 0.000000, 0.000000, -0.000000, 0.733010, 0.680220, 0.000000, -0.680218, 0.733008),

              ["RightUpperArm"] = CFrame.new(-0.211458, 0.030422, 0.046488, 0.967410, 0.091187, 0.236227, -0.051779, 0.984434, -0.167957, -0.247865, 0.150252, 0.957072),

              ["RightUpperLeg"] = CFrame.new(0.000000, -0.000000, 0.000000, 0.809895, -0.300110, -0.503994, 0.512446, 0.780092, 0.358982, 0.285429, -0.548990, 0.785571),

              ["UpperTorso"] = CFrame.new(0.000000, 0.116394, 0.162845, 1.000000, -0.000000, 0.000000, 0.000000, 0.894970, 0.446125, -0.000000, -0.446125, 0.894970)

          }},

          {Time = 0.217, Data = {

              ["Head"] = CFrame.new(0.000000, 0.000000, 0.000000, 1.000000, 0.000000, -0.000000, 0.000000, 0.822447, 0.568841, 0.000000, -0.568841, 0.822447),

              ["LeftFoot"] = CFrame.new(-0.000000, 0.024729, -0.000003, 0.973421, -0.175198, -0.147518, 0.070737, 0.842586, -0.533920, 0.217825, 0.509268, 0.832567),

              ["LeftHand"] = CFrame.new(0.000483, 0.025867, 0.000000, 0.979847, 0.172229, -0.101184, -0.116933, 0.905243, 0.408490, 0.161948, -0.388423, 0.907137),

              ["LeftLowerArm"] = CFrame.new(-0.000499, 0.119830, 0.103565, 1.000000, -0.000000, 0.000000, 0.000000, -0.071236, -0.997459, 0.000000, 0.997459, -0.071237),

              ["LeftLowerLeg"] = CFrame.new(0.000000, 0.103713, -0.041508, 1.000000, -0.000000, -0.000000, 0.000000, 0.572002, 0.820259, -0.000000, -0.820252, 0.571993),

              ["LeftUpperArm"] = CFrame.new(0.151401, -0.132619, 0.056733, 0.938136, -0.048543, -0.342847, -0.156416, 0.823939, -0.544663, 0.308925, 0.564595, 0.765374),

              ["LeftUpperLeg"] = CFrame.new(-0.000000, -0.000000, -0.000100, 0.895235, 0.312432, 0.317719, -0.364608, 0.923497, 0.119249, -0.256156, -0.222575, 0.940656),

              ["LowerTorso"] = CFrame.new(-0.000000, -0.363362, -0.254682, 1.000000, 0.000000, -0.000000, -0.000000, 0.857396, -0.514658, 0.000000, 0.514658, 0.857396),

              ["RightFoot"] = CFrame.new(-0.000000, 0.025093, -0.000103, 0.974153, 0.172802, 0.145500, -0.064740, 0.830643, -0.553054, -0.216415, 0.529313, 0.820342),

              ["RightHand"] = CFrame.new(-0.000483, 0.026148, 0.000000, 0.962614, -0.233656, 0.137038, 0.153222, 0.886875, 0.435866, -0.223376, -0.398570, 0.889518),

              ["RightLowerArm"] = CFrame.new(-0.000001, 0.119008, 0.112342, 1.000000, 0.000000, -0.000000, -0.000000, -0.162386, -0.986727, -0.000000, 0.986727, -0.162387),

              ["RightLowerLeg"] = CFrame.new(0.000000, 0.104088, -0.042251, 1.000000, 0.000000, 0.000000, -0.000000, 0.565321, 0.824877, 0.000000, -0.824871, 0.565312),

              ["RightUpperArm"] = CFrame.new(-0.229543, -0.063260, 0.032262, 0.953177, 0.119244, 0.277912, 0.038724, 0.863288, -0.503224, -0.299924, 0.490423, 0.818248),

              ["RightUpperLeg"] = CFrame.new(0.000000, -0.000000, -0.000000, 0.834902, -0.345118, -0.428763, 0.415400, 0.906158, 0.079525, 0.361083, -0.244482, 0.899910),

              ["UpperTorso"] = CFrame.new(0.000000, 0.063962, 0.123383, 1.000000, -0.000000, 0.000000, 0.000000, 0.958491, 0.285123, -0.000000, -0.285123, 0.958491)

          }},

          {Time = 0.233, Data = {

              ["Head"] = CFrame.new(0.000000, 0.000000, -0.000000, 1.000000, 0.000000, -0.000000, 0.000000, 0.836609, 0.547800, 0.000000, -0.547800, 0.836609),

              ["LeftFoot"] = CFrame.new(0.000000, 0.029283, -0.000002, 0.983681, -0.137634, -0.115890, 0.054682, 0.842316, -0.536227, 0.171409, 0.521115, 0.836080),

              ["LeftHand"] = CFrame.new(0.000483, 0.025214, -0.000000, 0.986120, 0.143104, -0.084195, -0.108794, 0.939981, 0.323422, 0.125423, -0.309770, 0.942502),

              ["LeftLowerArm"] = CFrame.new(-0.000499, 0.119520, 0.089366, 1.000000, -0.000000, 0.000000, 0.000000, 0.076163, -0.997095, 0.000000, 0.997095, 0.076163),

              ["LeftLowerLeg"] = CFrame.new(-0.000000, 0.118586, -0.063696, 1.000000, -0.000000, -0.000000, 0.000000, 0.341286, 0.939965, -0.000000, -0.939960, 0.341271),

              ["LeftUpperArm"] = CFrame.new(0.172598, -0.209276, -0.004731, 0.920221, -0.099081, -0.378652, -0.234537, 0.634915, -0.736122, 0.313347, 0.766203, 0.561023),

              ["LeftUpperLeg"] = CFrame.new(-0.000000, -0.000000, -0.000100, 0.913732, 0.337225, 0.226666, -0.249130, 0.905650, -0.343097, -0.320982, 0.257054, 0.911541),

              ["LowerTorso"] = CFrame.new(-0.000000, -0.485993, -0.079825, 1.000000, 0.000000, -0.000000, -0.000000, 0.954935, -0.296817, 0.000000, 0.296817, 0.954935),

              ["RightFoot"] = CFrame.new(-0.000000, 0.029590, -0.000102, 0.988218, 0.117082, 0.098584, -0.042160, 0.827405, -0.560046, -0.147132, 0.549267, 0.822575),

              ["RightHand"] = CFrame.new(-0.000483, 0.025467, -0.000000, 0.976084, -0.187455, 0.110093, 0.134607, 0.918815, 0.371030, -0.170705, -0.347334, 0.922072),

              ["RightLowerArm"] = CFrame.new(-0.000001, 0.120052, 0.097006, 1.000000, 0.000000, 0.000000, -0.000000, -0.003131, -0.999995, -0.000000, 0.999995, -0.003131),

              ["RightLowerLeg"] = CFrame.new(0.000000, 0.118713, -0.064513, 1.000000, 0.000000, 0.000000, -0.000000, 0.333823, 0.942641, 0.000000, -0.942636, 0.333808),

              ["RightUpperArm"] = CFrame.new(-0.249655, -0.161017, -0.016104, 0.946396, 0.143171, 0.289547, 0.130370, 0.650839, -0.747939, -0.295532, 0.745594, 0.597286),

              ["RightUpperLeg"] = CFrame.new(0.000000, -0.000000, -0.000000, 0.866670, -0.377046, -0.326688, 0.253962, 0.897068, -0.361602, 0.429402, 0.230447, 0.873223),

              ["UpperTorso"] = CFrame.new(0.000000, 0.049505, 0.045541, 1.000000, -0.000000, 0.000000, 0.000000, 0.999199, 0.040018, -0.000000, -0.040018, 0.999199)

          }},

          {Time = 0.250, Data = {

              ["Head"] = CFrame.new(-0.000000, 0.000000, -0.000000, 1.000000, 0.000000, -0.000000, 0.000000, 0.848945, 0.528481, 0.000000, -0.528481, 0.848945),

              ["LeftFoot"] = CFrame.new(-0.000000, 0.031301, -0.000002, 0.992666, -0.092474, -0.077865, 0.045434, 0.882256, -0.468594, 0.112023, 0.461598, 0.879976),

              ["LeftHand"] = CFrame.new(0.000484, 0.024212, 0.000000, 0.991231, 0.113832, -0.067112, -0.097350, 0.972487, 0.211644, 0.089356, -0.203252, 0.975040),

              ["LeftLowerArm"] = CFrame.new(-0.000500, 0.116674, 0.074536, 1.000000, -0.000000, -0.000000, 0.000000, 0.230156, -0.973154, 0.000000, 0.973154, 0.230155),

              ["LeftLowerLeg"] = CFrame.new(-0.000000, 0.124346, -0.081453, 1.000000, -0.000000, -0.000000, 0.000000, 0.156567, 0.987670, -0.000000, -0.987667, 0.156553),

              ["LeftUpperArm"] = CFrame.new(0.194823, -0.273442, -0.074764, 0.908153, -0.152264, -0.389966, -0.290860, 0.440478, -0.849341, 0.301095, 0.884757, 0.355734),

