return {
["maelay"] = {
        {Time = 0.000, Data = {
            ["Head"] = CFrame.new(0, -0.00042498111724853516, 0.085410319268703461, 0.78840303421020508, -0.0074245589785277843, -0.61511421203613281, 0.021796276792883873, 0.99963647127151489, 0.01587085984647274, 0.61477279663085938, -0.025919834151864052, 0.78827822208404541),
            ["LeftFoot"] = CFrame.new(-5.2154064178466797e-08, -0.0091004371643066406, -3.1366944313049316e-06, 0.97721993923187256, -0.16237072646617889, -0.13666367530822754, 0.17180143296718597, 0.98328906297683716, 0.06022392213344574, 0.12460129708051682, -0.082331031560897827, 0.98878514766693115),
            ["LeftHand"] = CFrame.new(0.0005000201053917408, 9.9897384643554688e-05, 1.0756775736808777e-07, 0.92869299650192261, -0.17939087748527527, 0.32457399368286133, 0.05664202943444252, 0.93356311321258545, 0.35390898585319519, -0.36649835109710693, -0.31028828024864197, 0.87715458869934082),
            ["LeftLowerArm"] = CFrame.new(-0.00049990415573120117, 0.049223423004150391, 0.012953344732522964, 1, 0, 0, 0, 0.86995488405227661, -0.49313133955001831, 0, 0.49313133955001831, 0.86995488405227661),
            ["LeftLowerLeg"] = CFrame.new(1.4901161193847656e-07, -0.008668363094329834, -1.3947486877441406e-05, 1, 0, 0, 0, 1, 0, 0, 0, 1),
            ["LeftUpperArm"] = CFrame.new(-0.40091049671173096, 0.28145730495452881, -0.49839040637016296, -0.0048562288284301758, -0.13017338514328003, -0.99147933721542358, -0.024025969207286835, -0.99118971824645996, 0.13025301694869995, -0.99969953298568726, 0.024453785270452499, 0.0016858577728271484),
            ["LeftUpperLeg"] = CFrame.new(1.1920928955078125e-07, -1.6391277313232422e-07, -9.9917873740196228e-05, 0.98812234401702881, 0.12305077910423279, 0.092047415673732758, -0.10817822813987732, 0.98243451118469238, -0.1520521491765976, -0.10914070159196854, 0.14028860628604889, 0.98407691717147827),
            ["LowerTorso"] = CFrame.new(-0.01763768307864666, -1.4427933692932129, 0.63582909107208252, 0.99822258949279785, 0.044120267033576965, 0.040063556283712387, -0.03638312965631485, -0.081276535987854004, 0.99602735042572021, 0.047201212495565414, -0.99571466445922852, -0.079526782035827637),
            ["RightFoot"] = CFrame.new(2.6077032089233398e-08, 0.026527762413024902, -0.00010240280971629545, 0.99536216259002686, -0.073591984808444977, -0.06195472925901413, 0.095916055142879486, 0.70989310741424561, 0.69774782657623291, -0.0073673930019140244, -0.7004542350769043, 0.71365940570831299),
            ["RightHand"] = CFrame.new(-0.00049757305532693863, 0.0035722851753234863, 3.1851232051849365e-07, 0.99985873699188232, -0.014109921641647816, 0.0091302460059523582, 0.013854811899363995, 0.99952781200408936, 0.027425743639469147, -0.0095129096880555153, -0.027295373380184174, 0.99958217144012451),
            ["RightLowerArm"] = CFrame.new(-5.9604644775390625e-08, 0.052535653114318848, 0.012904113158583641, 1, 0, 0, 0, 0.86986678838729858, -0.49328669905662537, 0, 0.49328669905662537, 0.86986678838729858),
            ["RightLowerLeg"] = CFrame.new(1.0803341865539551e-07, 0.10821306705474854, -0.046897996217012405, 1, -0, 0, 0, 0.51690572500228882, 0.85604244470596313, -0, -0.85604244470596313, 0.51690572500228882),
            ["RightUpperArm"] = CFrame.new(0.50313138961791992, -0.034556269645690918, -0.49879437685012817, -0.0063287019729614258, -0.26026001572608948, 0.96551787853240967, 0.069078177213668823, -0.96334457397460938, -0.25922137498855591, 0.99759125709533691, 0.065055675804615021, 0.024074971675872803),
            ["RightUpperLeg"] = CFrame.new(-0.065691232681274414, 0.00014823116362094879, -0.029833273962140083, -0.075325727462768555, -0.70242762565612793, -0.70775806903839111, -0.13168627023696899, 0.71056538820266724, -0.69119864702224731, 0.98842537403106689, 0.041136980056762695, -0.14602386951446533),
            ["UpperTorso"] = CFrame.new(-2.7939677238464355e-09, -2.9802322387695312e-08, 9.6857547760009766e-08, 0.99822354316711426, -0.046977542340755463, -0.036645494401454926, 0.044072799384593964, 0.99610227346420288, -0.076405793428421021, 0.040092013776302338, 0.074654996395111084, 0.99640315771102905)
        }},
        {Time = 0.017, Data = {
            ["Head"] = CFrame.new(0, -0.00042498111724853516, 0.085410319268703461, 0.78840303421020508, -0.0074245589785277843, -0.61511421203613281, 0.021796276792883873, 0.99963647127151489, 0.01587085984647274, 0.61477279663085938, -0.025919834151864052, 0.78827822208404541),
            ["LeftFoot"] = CFrame.new(-5.2154064178466797e-08, -0.0091004371643066406, -3.1366944313049316e-06, 0.97721993923187256, -0.16237072646617889, -0.13666367530822754, 0.17180143296718597, 0.98328906297683716, 0.06022392213344574, 0.12460129708051682, -0.082331031560897827, 0.98878514766693115),
            ["LeftHand"] = CFrame.new(0.0005000201053917408, 9.9897384643554688e-05, 1.0756775736808777e-07, 0.92869299650192261, -0.17939087748527527, 0.32457399368286133, 0.05664202943444252, 0.93356311321258545, 0.35390898585319519, -0.36649835109710693, -0.31028828024864197, 0.87715458869934082),
            ["LeftLowerArm"] = CFrame.new(-0.00049990415573120117, 0.049223423004150391, 0.012953344732522964, 1, 0, 0, 0, 0.86995488405227661, -0.49313133955001831, 0, 0.49313133955001831, 0.86995488405227661),
            ["LeftLowerLeg"] = CFrame.new(1.4901161193847656e-07, -0.008668363094329834, -1.3947486877441406e-05, 1, 0, 0, 0, 1, 0, 0, 0, 1),
            ["LeftUpperArm"] = CFrame.new(-0.40091049671173096, 0.28145730495452881, -0.49839040637016296, -0.0048562288284301758, -0.13017338514328003, -0.99147933721542358, -0.024025969207286835, -0.99118971824645996, 0.13025301694869995, -0.99969953298568726, 0.024453785270452499, 0.0016858577728271484),
            ["LeftUpperLeg"] = CFrame.new(1.1920928955078125e-07, -1.6391277313232422e-07, -9.9917873740196228e-05, 0.98812234401702881, 0.12305077910423279, 0.092047415673732758, -0.10817822813987732, 0.98243451118469238, -0.1520521491765976, -0.10914070159196854, 0.14028860628604889, 0.98407691717147827),
            ["LowerTorso"] = CFrame.new(-0.01763768307864666, -1.4427933692932129, 0.63582909107208252, 0.99822258949279785, 0.044120267033576965, 0.040063556283712387, -0.03638312965631485, -0.081276535987854004, 0.99602735042572021, 0.047201212495565414, -0.99571466445922852, -0.079526782035827637),
            ["RightFoot"] = CFrame.new(2.6077032089233398e-08, 0.026527762413024902, -0.00010240280971629545, 0.99536216259002686, -0.073591984808444977, -0.06195472925901413, 0.095916055142879486, 0.70989310741424561, 0.69774782657623291, -0.0073673930019140244, -0.7004542350769043, 0.71365940570831299),
            ["RightHand"] = CFrame.new(-0.00049757305532693863, 0.0035722851753234863, 3.1851232051849365e-07, 0.99985873699188232, -0.014109921641647816, 0.0091302460059523582, 0.013854811899363995, 0.99952781200408936, 0.027425743639469147, -0.0095129096880555153, -0.027295373380184174, 0.99958217144012451),
            ["RightLowerArm"] = CFrame.new(-5.9604644775390625e-08, 0.052535653114318848, 0.012904113158583641, 1, 0, 0, 0, 0.86986678838729858, -0.49328669905662537, 0, 0.49328669905662537, 0.86986678838729858),
            ["RightLowerLeg"] = CFrame.new(1.0803341865539551e-07, 0.10821306705474854, -0.046897996217012405, 1, -0, 0, 0, 0.51690572500228882, 0.85604244470596313, -0, -0.85604244470596313, 0.51690572500228882),
            ["RightUpperArm"] = CFrame.new(0.50313138961791992, -0.034556269645690918, -0.49879437685012817, -0.0063287019729614258, -0.26026001572608948, 0.96551787853240967, 0.069078177213668823, -0.96334457397460938, -0.25922137498855591, 0.99759125709533691, 0.065055675804615021, 0.024074971675872803),
            ["RightUpperLeg"] = CFrame.new(-0.065691232681274414, 0.00014823116362094879, -0.029833273962140083, -0.075325727462768555, -0.70242762565612793, -0.70775806903839111, -0.13168627023696899, 0.71056538820266724, -0.69119864702224731, 0.98842537403106689, 0.041136980056762695, -0.14602386951446533),
            ["UpperTorso"] = CFrame.new(-2.7939677238464355e-09, -2.9802322387695312e-08, 9.6857547760009766e-08, 0.99822354316711426, -0.046977542340755463, -0.036645494401454926, 0.044072799384593964, 0.99610227346420288, -0.076405793428421021, 0.040092013776302338, 0.074654996395111084, 0.99640315771102905)
        }},
        {Time = 0.033, Data = {
            ["Head"] = CFrame.new(0, -0.00042498111724853516, 0.085410319268703461, 0.78840303421020508, -0.0074245589785277843, -0.61511421203613281, 0.021796276792883873, 0.99963647127151489, 0.01587085984647274, 0.61477279663085938, -0.025919834151864052, 0.78827822208404541),
            ["LeftFoot"] = CFrame.new(-5.2154064178466797e-08, -0.0091004371643066406, -3.1366944313049316e-06, 0.97721993923187256, -0.16237072646617889, -0.13666367530822754, 0.17180143296718597, 0.98328906297683716, 0.06022392213344574, 0.12460129708051682, -0.082331031560897827, 0.98878514766693115),
            ["LeftHand"] = CFrame.new(0.0005000201053917408, 9.9897384643554688e-05, 1.0756775736808777e-07, 0.92869299650192261, -0.17939087748527527, 0.32457399368286133, 0.05664202943444252, 0.93356311321258545, 0.35390898585319519, -0.36649835109710693, -0.31028828024864197, 0.87715458869934082),
            ["LeftLowerArm"] = CFrame.new(-0.00049990415573120117, 0.049223423004150391, 0.012953344732522964, 1, 0, 0, 0, 0.86995488405227661, -0.49313133955001831, 0, 0.49313133955001831, 0.86995488405227661),
            ["LeftLowerLeg"] = CFrame.new(1.4901161193847656e-07, -0.008668363094329834, -1.3947486877441406e-05, 1, 0, 0, 0, 1, 0, 0, 0, 1),
            ["LeftUpperArm"] = CFrame.new(-0.40091049671173096, 0.28145730495452881, -0.49839040637016296, -0.0048562288284301758, -0.13017338514328003, -0.99147933721542358, -0.024025969207286835, -0.99118971824645996, 0.13025301694869995, -0.99969953298568726, 0.024453785270452499, 0.0016858577728271484),
            ["LeftUpperLeg"] = CFrame.new(1.1920928955078125e-07, -1.6391277313232422e-07, -9.9917873740196228e-05, 0.98812234401702881, 0.12305077910423279, 0.092047415673732758, -0.10817822813987732, 0.98243451118469238, -0.1520521491765976, -0.10914070159196854, 0.14028860628604889, 0.98407691717147827),
            ["LowerTorso"] = CFrame.new(-0.01763768307864666, -1.4427933692932129, 0.63582909107208252, 0.99822258949279785, 0.044120267033576965, 0.040063556283712387, -0.03638312965631485, -0.081276535987854004, 0.99602735042572021, 0.047201212495565414, -0.99571466445922852, -0.079526782035827637),
            ["RightFoot"] = CFrame.new(2.6077032089233398e-08, 0.026527762413024902, -0.00010240280971629545, 0.99536216259002686, -0.073591984808444977, -0.06195472925901413, 0.095916055142879486, 0.70989310741424561, 0.69774782657623291, -0.0073673930019140244, -0.7004542350769043, 0.71365940570831299),
            ["RightHand"] = CFrame.new(-0.00049757305532693863, 0.0035722851753234863, 3.1851232051849365e-07, 0.99985873699188232, -0.014109921641647816, 0.0091302460059523582, 0.013854811899363995, 0.99952781200408936, 0.027425743639469147, -0.0095129096880555153, -0.027295373380184174, 0.99958217144012451),
            ["RightLowerArm"] = CFrame.new(-5.9604644775390625e-08, 0.052535653114318848, 0.012904113158583641, 1, 0, 0, 0, 0.86986678838729858, -0.49328669905662537, 0, 0.49328669905662537, 0.86986678838729858),
            ["RightLowerLeg"] = CFrame.new(1.0803341865539551e-07, 0.10821306705474854, -0.046897996217012405, 1, -0, 0, 0, 0.51690572500228882, 0.85604244470596313, -0, -0.85604244470596313, 0.51690572500228882),
            ["RightUpperArm"] = CFrame.new(0.50313138961791992, -0.034556269645690918, -0.49879437685012817, -0.0063287019729614258, -0.26026001572608948, 0.96551787853240967, 0.069078177213668823, -0.96334457397460938, -0.25922137498855591, 0.99759125709533691, 0.065055675804615021, 0.024074971675872803),
            ["RightUpperLeg"] = CFrame.new(-0.065691232681274414, 0.00014823116362094879, -0.029833273962140083, -0.075325727462768555, -0.70242762565612793, -0.70775806903839111, -0.13168627023696899, 0.71056538820266724, -0.69119864702224731, 0.98842537403106689, 0.041136980056762695, -0.14602386951446533),
            ["UpperTorso"] = CFrame.new(-2.7939677238464355e-09, -2.9802322387695312e-08, 9.6857547760009766e-08, 0.99822354316711426, -0.046977542340755463, -0.036645494401454926, 0.044072799384593964, 0.99610227346420288, -0.076405793428421021, 0.040092013776302338, 0.074654996395111084, 0.99640315771102905)
        }},
        {Time = 0.050, Data = {
            ["Head"] = CFrame.new(0, -0.00042498111724853516, 0.085410319268703461, 0.78840303421020508, -0.0074245589785277843, -0.61511421203613281, 0.021796276792883873, 0.99963647127151489, 0.01587085984647274, 0.61477279663085938, -0.025919834151864052, 0.78827822208404541),
            ["LeftFoot"] = CFrame.new(-5.2154064178466797e-08, -0.0091004371643066406, -3.1366944313049316e-06, 0.97721993923187256, -0.16237072646617889, -0.13666367530822754, 0.17180143296718597, 0.98328906297683716, 0.06022392213344574, 0.12460129708051682, -0.082331031560897827, 0.98878514766693115),
            ["LeftHand"] = CFrame.new(0.0005000201053917408, 9.9897384643554688e-05, 1.0756775736808777e-07, 0.92869299650192261, -0.17939087748527527, 0.32457399368286133, 0.05664202943444252, 0.93356311321258545, 0.35390898585319519, -0.36649835109710693, -0.31028828024864197, 0.87715458869934082),
            ["LeftLowerArm"] = CFrame.new(-0.00049990415573120117, 0.049223423004150391, 0.012953344732522964, 1, 0, 0, 0, 0.86995488405227661, -0.49313133955001831, 0, 0.49313133955001831, 0.86995488405227661),
            ["LeftLowerLeg"] = CFrame.new(1.4901161193847656e-07, -0.008668363094329834, -1.3947486877441406e-05, 1, 0, 0, 0, 1, 0, 0, 0, 1),
            ["LeftUpperArm"] = CFrame.new(-0.40091049671173096, 0.28145730495452881, -0.49839040637016296, -0.0048562288284301758, -0.13017338514328003, -0.99147933721542358, -0.024025969207286835, -0.99118971824645996, 0.13025301694869995, -0.99969953298568726, 0.024453785270452499, 0.0016858577728271484),
            ["LeftUpperLeg"] = CFrame.new(1.1920928955078125e-07, -1.6391277313232422e-07, -9.9917873740196228e-05, 0.98812234401702881, 0.12305077910423279, 0.092047415673732758, -0.10817822813987732, 0.98243451118469238, -0.1520521491765976, -0.10914070159196854, 0.14028860628604889, 0.98407691717147827),
            ["LowerTorso"] = CFrame.new(-0.01763768307864666, -1.4427933692932129, 0.63582909107208252, 0.99822258949279785, 0.044120267033576965, 0.040063556283712387, -0.03638312965631485, -0.081276535987854004, 0.99602735042572021, 0.047201212495565414, -0.99571466445922852, -0.079526782035827637),
            ["RightFoot"] = CFrame.new(2.6077032089233398e-08, 0.026527762413024902, -0.00010240280971629545, 0.99536216259002686, -0.073591984808444977, -0.06195472925901413, 0.095916055142879486, 0.70989310741424561, 0.69774782657623291, -0.0073673930019140244, -0.7004542350769043, 0.71365940570831299),
            ["RightHand"] = CFrame.new(-0.00049757305532693863, 0.0035722851753234863, 3.1851232051849365e-07, 0.99985873699188232, -0.014109921641647816, 0.0091302460059523582, 0.013854811899363995, 0.99952781200408936, 0.027425743639469147, -0.0095129096880555153, -0.027295373380184174, 0.99958217144012451),
            ["RightLowerArm"] = CFrame.new(-5.9604644775390625e-08, 0.052535653114318848, 0.012904113158583641, 1, 0, 0, 0, 0.86986678838729858, -0.49328669905662537, 0, 0.49328669905662537, 0.86986678838729858),
            ["RightLowerLeg"] = CFrame.new(1.0803341865539551e-07, 0.10821306705474854, -0.046897996217012405, 1, -0, 0, 0, 0.51690572500228882, 0.85604244470596313, -0, -0.85604244470596313, 0.51690572500228882),
            ["RightUpperArm"] = CFrame.new(0.50313138961791992, -0.034556269645690918, -0.49879437685012817, -0.0063287019729614258, -0.26026001572608948, 0.96551787853240967, 0.069078177213668823, -0.96334457397460938, -0.25922137498855591, 0.99759125709533691, 0.065055675804615021, 0.024074971675872803),
            ["RightUpperLeg"] = CFrame.new(-0.065691232681274414, 0.00014823116362094879, -0.029833273962140083, -0.075325727462768555, -0.70242762565612793, -0.70775806903839111, -0.13168627023696899, 0.71056538820266724, -0.69119864702224731, 0.98842537403106689, 0.041136980056762695, -0.14602386951446533),
            ["UpperTorso"] = CFrame.new(-2.7939677238464355e-09, -2.9802322387695312e-08, 9.6857547760009766e-08, 0.99822354316711426, -0.046977542340755463, -0.036645494401454926, 0.044072799384593964, 0.99610227346420288, -0.076405793428421021, 0.040092013776302338, 0.074654996395111084, 0.99640315771102905)
        }},
        {Time = 0.067, Data = {
            ["Head"] = CFrame.new(0, -0.00042498111724853516, 0.085410319268703461, 0.78840303421020508, -0.0074245589785277843, -0.61511421203613281, 0.021796276792883873, 0.99963647127151489, 0.01587085984647274, 0.61477279663085938, -0.025919834151864052, 0.78827822208404541),
            ["LeftFoot"] = CFrame.new(-5.2154064178466797e-08, -0.0091004371643066406, -3.1366944313049316e-06, 0.97721993923187256, -0.16237072646617889, -0.13666367530822754, 0.17180143296718597, 0.98328906297683716, 0.06022392213344574, 0.12460129708051682, -0.082331031560897827, 0.98878514766693115),
            ["LeftHand"] = CFrame.new(0.0005000201053917408, 9.9897384643554688e-05, 1.0756775736808777e-07, 0.92869299650192261, -0.17939087748527527, 0.32457399368286133, 0.05664202943444252, 0.93356311321258545, 0.35390898585319519, -0.36649835109710693, -0.31028828024864197, 0.87715458869934082),
            ["LeftLowerArm"] = CFrame.new(-0.00049990415573120117, 0.049223423004150391, 0.012953344732522964, 1, 0, 0, 0, 0.86995488405227661, -0.49313133955001831, 0, 0.49313133955001831, 0.86995488405227661),
            ["LeftLowerLeg"] = CFrame.new(1.4901161193847656e-07, -0.008668363094329834, -1.3947486877441406e-05, 1, 0, 0, 0, 1, 0, 0, 0, 1),
            ["LeftUpperArm"] = CFrame.new(-0.40091049671173096, 0.28145730495452881, -0.49839040637016296, -0.0048562288284301758, -0.13017338514328003, -0.99147933721542358, -0.024025969207286835, -0.99118971824645996, 0.13025301694869995, -0.99969953298568726, 0.024453785270452499, 0.0016858577728271484),
            ["LeftUpperLeg"] = CFrame.new(1.1920928955078125e-07, -1.6391277313232422e-07, -9.9917873740196228e-05, 0.98812234401702881, 0.12305077910423279, 0.092047415673732758, -0.10817822813987732, 0.98243451118469238, -0.1520521491765976, -0.10914070159196854, 0.14028860628604889, 0.98407691717147827),
            ["LowerTorso"] = CFrame.new(-0.01763768307864666, -1.4427933692932129, 0.63582909107208252, 0.99822258949279785, 0.044120267033576965, 0.040063556283712387, -0.03638312965631485, -0.081276535987854004, 0.99602735042572021, 0.047201212495565414, -0.99571466445922852, -0.079526782035827637),
            ["RightFoot"] = CFrame.new(2.6077032089233398e-08, 0.026527762413024902, -0.00010240280971629545, 0.99536216259002686, -0.073591984808444977, -0.06195472925901413, 0.095916055142879486, 0.70989310741424561, 0.69774782657623291, -0.0073673930019140244, -0.7004542350769043, 0.71365940570831299),
            ["RightHand"] = CFrame.new(-0.00049757305532693863, 0.0035722851753234863, 3.1851232051849365e-07, 0.99985873699188232, -0.014109921641647816, 0.0091302460059523582, 0.013854811899363995, 0.99952781200408936, 0.027425743639469147, -0.0095129096880555153, -0.027295373380184174, 0.99958217144012451),
            ["RightLowerArm"] = CFrame.new(-5.9604644775390625e-08, 0.052535653114318848, 0.012904113158583641, 1, 0, 0, 0, 0.86986678838729858, -0.49328669905662537, 0, 0.49328669905662537, 0.86986678838729858),
            ["RightLowerLeg"] = CFrame.new(1.0803341865539551e-07, 0.10821306705474854, -0.046897996217012405, 1, -0, 0, 0, 0.51690572500228882, 0.85604244470596313, -0, -0.85604244470596313, 0.51690572500228882),
            ["RightUpperArm"] = CFrame.new(0.50313138961791992, -0.034556269645690918, -0.49879437685012817, -0.0063287019729614258, -0.26026001572608948, 0.96551787853240967, 0.069078177213668823, -0.96334457397460938, -0.25922137498855591, 0.99759125709533691, 0.065055675804615021, 0.024074971675872803),
            ["RightUpperLeg"] = CFrame.new(-0.065691232681274414, 0.00014823116362094879, -0.029833273962140083, -0.075325727462768555, -0.70242762565612793, -0.70775806903839111, -0.13168627023696899, 0.71056538820266724, -0.69119864702224731, 0.98842537403106689, 0.041136980056762695, -0.14602386951446533),
            ["UpperTorso"] = CFrame.new(-2.7939677238464355e-09, -2.9802322387695312e-08, 9.6857547760009766e-08, 0.99822354316711426, -0.046977542340755463, -0.036645494401454926, 0.044072799384593964, 0.99610227346420288, -0.076405793428421021, 0.040092013776302338, 0.074654996395111084, 0.99640315771102905)
        }},
        {Time = 0.083, Data = {
            ["Head"] = CFrame.new(0, -0.00042498111724853516, 0.085410319268703461, 0.78840303421020508, -0.0074245589785277843, -0.61511421203613281, 0.021796276792883873, 0.99963647127151489, 0.01587085984647274, 0.61477279663085938, -0.025919834151864052, 0.78827822208404541),
            ["LeftFoot"] = CFrame.new(-5.2154064178466797e-08, -0.0091004371643066406, -3.1366944313049316e-06, 0.97721993923187256, -0.16237072646617889, -0.13666367530822754, 0.17180143296718597, 0.98328906297683716, 0.06022392213344574, 0.12460129708051682, -0.082331031560897827, 0.98878514766693115),
            ["LeftHand"] = CFrame.new(0.0005000201053917408, 9.9897384643554688e-05, 1.0756775736808777e-07, 0.92869299650192261, -0.17939087748527527, 0.32457399368286133, 0.05664202943444252, 0.93356311321258545, 0.35390898585319519, -0.36649835109710693, -0.31028828024864197, 0.87715458869934082),
            ["LeftLowerArm"] = CFrame.new(-0.00049990415573120117, 0.049223423004150391, 0.012953344732522964, 1, 0, 0, 0, 0.86995488405227661, -0.49313133955001831, 0, 0.49313133955001831, 0.86995488405227661),
            ["LeftLowerLeg"] = CFrame.new(1.4901161193847656e-07, -0.008668363094329834, -1.3947486877441406e-05, 1, 0, 0, 0, 1, 0, 0, 0, 1),
            ["LeftUpperArm"] = CFrame.new(-0.40091049671173096, 0.28145730495452881, -0.49839040637016296, -0.0048562288284301758, -0.13017338514328003, -0.99147933721542358, -0.024025969207286835, -0.99118971824645996, 0.13025301694869995, -0.99969953298568726, 0.024453785270452499, 0.0016858577728271484),
            ["LeftUpperLeg"] = CFrame.new(1.1920928955078125e-07, -1.6391277313232422e-07, -9.9917873740196228e-05, 0.98812234401702881, 0.12305077910423279, 0.092047415673732758, -0.10817822813987732, 0.98243451118469238, -0.1520521491765976, -0.10914070159196854, 0.14028860628604889, 0.98407691717147827),
            ["LowerTorso"] = CFrame.new(-0.01763768307864666, -1.4427933692932129, 0.63582909107208252, 0.99822258949279785, 0.044120267033576965, 0.040063556283712387, -0.03638312965631485, -0.081276535987854004, 0.99602735042572021, 0.047201212495565414, -0.99571466445922852, -0.079526782035827637),
            ["RightFoot"] = CFrame.new(2.6077032089233398e-08, 0.026527762413024902, -0.00010240280971629545, 0.99536216259002686, -0.073591984808444977, -0.06195472925901413, 0.095916055142879486, 0.70989310741424561, 0.69774782657623291, -0.0073673930019140244, -0.7004542350769043, 0.71365940570831299),
            ["RightHand"] = CFrame.new(-0.00049757305532693863, 0.0035722851753234863, 3.1851232051849365e-07, 0.99985873699188232, -0.014109921641647816, 0.0091302460059523582, 0.013854811899363995, 0.99952781200408936, 0.027425743639469147, -0.0095129096880555153, -0.027295373380184174, 0.99958217144012451),
            ["RightLowerArm"] = CFrame.new(-5.9604644775390625e-08, 0.052535653114318848, 0.012904113158583641, 1, 0, 0, 0, 0.86986678838729858, -0.49328669905662537, 0, 0.49328669905662537, 0.86986678838729858),
            ["RightLowerLeg"] = CFrame.new(1.0803341865539551e-07, 0.10821306705474854, -0.046897996217012405, 1, -0, 0, 0, 0.51690572500228882, 0.85604244470596313, -0, -0.85604244470596313, 0.51690572500228882),
            ["RightUpperArm"] = CFrame.new(0.50313138961791992, -0.034556269645690918, -0.49879437685012817, -0.0063287019729614258, -0.26026001572608948, 0.96551787853240967, 0.069078177213668823, -0.96334457397460938, -0.25922137498855591, 0.99759125709533691, 0.065055675804615021, 0.024074971675872803),
            ["RightUpperLeg"] = CFrame.new(-0.065691232681274414, 0.00014823116362094879, -0.029833273962140083, -0.075325727462768555, -0.70242762565612793, -0.70775806903839111, -0.13168627023696899, 0.71056538820266724, -0.69119864702224731, 0.98842537403106689, 0.041136980056762695, -0.14602386951446533),
            ["UpperTorso"] = CFrame.new(-2.7939677238464355e-09, -2.9802322387695312e-08, 9.6857547760009766e-08, 0.99822354316711426, -0.046977542340755463, -0.036645494401454926, 0.044072799384593964, 0.99610227346420288, -0.076405793428421021, 0.040092013776302338, 0.074654996395111084, 0.99640315771102905)
        }},
        {Time = 0.100, Data = {
            ["Head"] = CFrame.new(0, -0.00042498111724853516, 0.085410319268703461, 0.78840303421020508, -0.0074245589785277843, -0.61511421203613281, 0.021796276792883873, 0.99963647127151489, 0.01587085984647274, 0.61477279663085938, -0.025919834151864052, 0.78827822208404541),
            ["LeftFoot"] = CFrame.new(-5.2154064178466797e-08, -0.0091004371643066406, -3.1366944313049316e-06, 0.97721993923187256, -0.16237072646617889, -0.13666367530822754, 0.17180143296718597, 0.98328906297683716, 0.06022392213344574, 0.12460129708051682, -0.082331031560897827, 0.98878514766693115),
            ["LeftHand"] = CFrame.new(0.0005000201053917408, 9.9897384643554688e-05, 1.0756775736808777e-07, 0.92869299650192261, -0.17939087748527527, 0.32457399368286133, 0.05664202943444252, 0.93356311321258545, 0.35390898585319519, -0.36649835109710693, -0.31028828024864197, 0.87715458869934082),
            ["LeftLowerArm"] = CFrame.new(-0.00049990415573120117, 0.049223423004150391, 0.012953344732522964, 1, 0, 0, 0, 0.86995488405227661, -0.49313133955001831, 0, 0.49313133955001831, 0.86995488405227661),
            ["LeftLowerLeg"] = CFrame.new(1.4901161193847656e-07, -0.008668363094329834, -1.3947486877441406e-05, 1, 0, 0, 0, 1, 0, 0, 0, 1),
            ["LeftUpperArm"] = CFrame.new(-0.40091049671173096, 0.28145730495452881, -0.49839040637016296, -0.0048562288284301758, -0.13017338514328003, -0.99147933721542358, -0.024025969207286835, -0.99118971824645996, 0.13025301694869995, -0.99969953298568726, 0.024453785270452499, 0.0016858577728271484),
            ["LeftUpperLeg"] = CFrame.new(1.1920928955078125e-07, -1.6391277313232422e-07, -9.9917873740196228e-05, 0.98812234401702881, 0.12305077910423279, 0.092047415673732758, -0.10817822813987732, 0.98243451118469238, -0.1520521491765976, -0.10914070159196854, 0.14028860628604889, 0.98407691717147827),
            ["LowerTorso"] = CFrame.new(-0.01763768307864666, -1.4427933692932129, 0.63582909107208252, 0.99822258949279785, 0.044120267033576965, 0.040063556283712387, -0.03638312965631485, -0.081276535987854004, 0.99602735042572021, 0.047201212495565414, -0.99571466445922852, -0.079526782035827637),
            ["RightFoot"] = CFrame.new(2.6077032089233398e-08, 0.026527762413024902, -0.00010240280971629545, 0.99536216259002686, -0.073591984808444977, -0.06195472925901413, 0.095916055142879486, 0.70989310741424561, 0.69774782657623291, -0.0073673930019140244, -0.7004542350769043, 0.71365940570831299),
            ["RightHand"] = CFrame.new(-0.00049757305532693863, 0.0035722851753234863, 3.1851232051849365e-07, 0.99985873699188232, -0.014109921641647816, 0.0091302460059523582, 0.013854811899363995, 0.99952781200408936, 0.027425743639469147, -0.0095129096880555153, -0.027295373380184174, 0.99958217144012451),
            ["RightLowerArm"] = CFrame.new(-5.9604644775390625e-08, 0.052535653114318848, 0.012904113158583641, 1, 0, 0, 0, 0.86986678838729858, -0.49328669905662537, 0, 0.49328669905662537, 0.86986678838729858),
            ["RightLowerLeg"] = CFrame.new(1.0803341865539551e-07, 0.10821306705474854, -0.046897996217012405, 1, -0, 0, 0, 0.51690572500228882, 0.85604244470596313, -0, -0.85604244470596313, 0.51690572500228882),
            ["RightUpperArm"] = CFrame.new(0.50313138961791992, -0.034556269645690918, -0.49879437685012817, -0.0063287019729614258, -0.26026001572608948, 0.96551787853240967, 0.069078177213668823, -0.96334457397460938, -0.25922137498855591, 0.99759125709533691, 0.065055675804615021, 0.024074971675872803),
            ["RightUpperLeg"] = CFrame.new(-0.065691232681274414, 0.00014823116362094879, -0.029833273962140083, -0.075325727462768555, -0.70242762565612793, -0.70775806903839111, -0.13168627023696899, 0.71056538820266724, -0.69119864702224731, 0.98842537403106689, 0.041136980056762695, -0.14602386951446533),
            ["UpperTorso"] = CFrame.new(-2.7939677238464355e-09, -2.9802322387695312e-08, 9.6857547760009766e-08, 0.99822354316711426, -0.046977542340755463, -0.036645494401454926, 0.044072799384593964, 0.99610227346420288, -0.076405793428421021, 0.040092013776302338, 0.074654996395111084, 0.99640315771102905)
        }},
        {Time = 0.117, Data = {
            ["Head"] = CFrame.new(0, -0.00042498111724853516, 0.085410319268703461, 0.78840303421020508, -0.0074245589785277843, -0.61511421203613281, 0.021796276792883873, 0.99963647127151489, 0.01587085984647274, 0.61477279663085938, -0.025919834151864052, 0.78827822208404541),
            ["LeftFoot"] = CFrame.new(-5.2154064178466797e-08, -0.0091004371643066406, -3.1366944313049316e-06, 0.97721993923187256, -0.16237072646617889, -0.13666367530822754, 0.17180143296718597, 0.98328906297683716, 0.06022392213344574, 0.12460129708051682, -0.082331031560897827, 0.98878514766693115),
            ["LeftHand"] = CFrame.new(0.0005000201053917408, 9.9897384643554688e-05, 1.0756775736808777e-07, 0.92869299650192261, -0.17939087748527527, 0.32457399368286133, 0.05664202943444252, 0.93356311321258545, 0.35390898585319519, -0.36649835109710693, -0.31028828024864197, 0.87715458869934082),
            ["LeftLowerArm"] = CFrame.new(-0.00049990415573120117, 0.049223423004150391, 0.012953344732522964, 1, 0, 0, 0, 0.86995488405227661, -0.49313133955001831, 0, 0.49313133955001831, 0.86995488405227661),
            ["LeftLowerLeg"] = CFrame.new(1.4901161193847656e-07, -0.008668363094329834, -1.3947486877441406e-05, 1, 0, 0, 0, 1, 0, 0, 0, 1),
            ["LeftUpperArm"] = CFrame.new(-0.40091049671173096, 0.28145730495452881, -0.49839040637016296, -0.0048562288284301758, -0.13017338514328003, -0.99147933721542358, -0.024025969207286835, -0.99118971824645996, 0.13025301694869995, -0.99969953298568726, 0.024453785270452499, 0.0016858577728271484),
            ["LeftUpperLeg"] = CFrame.new(1.1920928955078125e-07, -1.6391277313232422e-07, -9.9917873740196228e-05, 0.98812234401702881, 0.12305077910423279, 0.092047415673732758, -0.10817822813987732, 0.98243451118469238, -0.1520521491765976, -0.10914070159196854, 0.14028860628604889, 0.98407691717147827),
            ["LowerTorso"] = CFrame.new(-0.01763768307864666, -1.4427933692932129, 0.63582909107208252, 0.99822258949279785, 0.044120267033576965, 0.040063556283712387, -0.03638312965631485, -0.081276535987854004, 0.99602735042572021, 0.047201212495565414, -0.99571466445922852, -0.079526782035827637),
            ["RightFoot"] = CFrame.new(2.6077032089233398e-08, 0.026527762413024902, -0.00010240280971629545, 0.99536216259002686, -0.073591984808444977, -0.06195472925901413, 0.095916055142879486, 0.70989310741424561, 0.69774782657623291, -0.0073673930019140244, -0.7004542350769043, 0.71365940570831299),
            ["RightHand"] = CFrame.new(-0.00049757305532693863, 0.0035722851753234863, 3.1851232051849365e-07, 0.99985873699188232, -0.014109921641647816, 0.0091302460059523582, 0.013854811899363995, 0.99952781200408936, 0.027425743639469147, -0.0095129096880555153, -0.027295373380184174, 0.99958217144012451),
            ["RightLowerArm"] = CFrame.new(-5.9604644775390625e-08, 0.052535653114318848, 0.012904113158583641, 1, 0, 0, 0, 0.86986678838729858, -0.49328669905662537, 0, 0.49328669905662537, 0.86986678838729858),
            ["RightLowerLeg"] = CFrame.new(1.0803341865539551e-07, 0.10821306705474854, -0.046897996217012405, 1, -0, 0, 0, 0.51690572500228882, 0.85604244470596313, -0, -0.85604244470596313, 0.51690572500228882),
            ["RightUpperArm"] = CFrame.new(0.50313138961791992, -0.034556269645690918, -0.49879437685012817, -0.0063287019729614258, -0.26026001572608948, 0.96551787853240967, 0.069078177213668823, -0.96334457397460938, -0.25922137498855591, 0.99759125709533691, 0.065055675804615021, 0.024074971675872803),
            ["RightUpperLeg"] = CFrame.new(-0.065691232681274414, 0.00014823116362094879, -0.029833273962140083, -0.075325727462768555, -0.70242762565612793, -0.70775806903839111, -0.13168627023696899, 0.71056538820266724, -0.69119864702224731, 0.98842537403106689, 0.041136980056762695, -0.14602386951446533),
            ["UpperTorso"] = CFrame.new(-2.7939677238464355e-09, -2.9802322387695312e-08, 9.6857547760009766e-08, 0.99822354316711426, -0.046977542340755463, -0.036645494401454926, 0.044072799384593964, 0.99610227346420288, -0.076405793428421021, 0.040092013776302338, 0.074654996395111084, 0.99640315771102905)
        }},
        {Time = 0.133, Data = {
            ["Head"] = CFrame.new(0, -0.00042498111724853516, 0.085410319268703461, 0.78840303421020508, -0.0074245589785277843, -0.61511421203613281, 0.021796276792883873, 0.99963647127151489, 0.01587085984647274, 0.61477279663085938, -0.025919834151864052, 0.78827822208404541),
            ["LeftFoot"] = CFrame.new(-5.2154064178466797e-08, -0.0091004371643066406, -3.1366944313049316e-06, 0.97721993923187256, -0.16237072646617889, -0.13666367530822754, 0.17180143296718597, 0.98328906297683716, 0.06022392213344574, 0.12460129708051682, -0.082331031560897827, 0.98878514766693115),
            ["LeftHand"] = CFrame.new(0.0005000201053917408, 9.9897384643554688e-05, 1.0756775736808777e-07, 0.92869299650192261, -0.17939087748527527, 0.32457399368286133, 0.05664202943444252, 0.93356311321258545, 0.35390898585319519, -0.36649835109710693, -0.31028828024864197, 0.87715458869934082),
            ["LeftLowerArm"] = CFrame.new(-0.00049990415573120117, 0.049223423004150391, 0.012953344732522964, 1, 0, 0, 0, 0.86995488405227661, -0.49313133955001831, 0, 0.49313133955001831, 0.86995488405227661),
            ["LeftLowerLeg"] = CFrame.new(1.4901161193847656e-07, -0.008668363094329834, -1.3947486877441406e-05, 1, 0, 0, 0, 1, 0, 0, 0, 1),
            ["LeftUpperArm"] = CFrame.new(-0.40091049671173096, 0.28145730495452881, -0.49839040637016296, -0.0048562288284301758, -0.13017338514328003, -0.99147933721542358, -0.024025969207286835, -0.99118971824645996, 0.13025301694869995, -0.99969953298568726, 0.024453785270452499, 0.0016858577728271484),
            ["LeftUpperLeg"] = CFrame.new(1.1920928955078125e-07, -1.6391277313232422e-07, -9.9917873740196228e-05, 0.98812234401702881, 0.12305077910423279, 0.092047415673732758, -0.10817822813987732, 0.98243451118469238, -0.1520521491765976, -0.10914070159196854, 0.14028860628604889, 0.98407691717147827),
            ["LowerTorso"] = CFrame.new(-0.01763768307864666, -1.4427933692932129, 0.63582909107208252, 0.99822258949279785, 0.044120267033576965, 0.040063556283712387, -0.03638312965631485, -0.081276535987854004, 0.99602735042572021, 0.047201212495565414, -0.99571466445922852, -0.079526782035827637),
            ["RightFoot"] = CFrame.new(2.6077032089233398e-08, 0.026527762413024902, -0.00010240280971629545, 0.99536216259002686, -0.073591984808444977, -0.06195472925901413, 0.095916055142879486, 0.70989310741424561, 0.69774782657623291, -0.0073673930019140244, -0.7004542350769043, 0.71365940570831299),
            ["RightHand"] = CFrame.new(-0.00049757305532693863, 0.0035722851753234863, 3.1851232051849365e-07, 0.99985873699188232, -0.014109921641647816, 0.0091302460059523582, 0.013854811899363995, 0.99952781200408936, 0.027425743639469147, -0.0095129096880555153, -0.027295373380184174, 0.99958217144012451),
            ["RightLowerArm"] = CFrame.new(-5.9604644775390625e-08, 0.052535653114318848, 0.012904113158583641, 1, 0, 0, 0, 0.86986678838729858, -0.49328669905662537, 0, 0.49328669905662537, 0.86986678838729858),
            ["RightLowerLeg"] = CFrame.new(1.0803341865539551e-07, 0.10821306705474854, -0.046897996217012405, 1, -0, 0, 0, 0.51690572500228882, 0.85604244470596313, -0, -0.85604244470596313, 0.51690572500228882),
            ["RightUpperArm"] = CFrame.new(0.50313138961791992, -0.034556269645690918, -0.49879437685012817, -0.0063287019729614258, -0.26026001572608948, 0.96551787853240967, 0.069078177213668823, -0.96334457397460938, -0.25922137498855591, 0.99759125709533691, 0.065055675804615021, 0.024074971675872803),
            ["RightUpperLeg"] = CFrame.new(-0.065691232681274414, 0.00014823116362094879, -0.029833273962140083, -0.075325727462768555, -0.70242762565612793, -0.70775806903839111, -0.13168627023696899, 0.71056538820266724, -0.69119864702224731, 0.98842537403106689, 0.041136980056762695, -0.14602386951446533),
            ["UpperTorso"] = CFrame.new(-2.7939677238464355e-09, -2.9802322387695312e-08, 9.6857547760009766e-08, 0.99822354316711426, -0.046977542340755463, -0.036645494401454926, 0.044072799384593964, 0.99610227346420288, -0.076405793428421021, 0.040092013776302338, 0.074654996395111084, 0.99640315771102905)
        }},
        {Time = 0.150, Data = {
            ["Head"] = CFrame.new(0, -0.00042498111724853516, 0.085410319268703461, 0.78840303421020508, -0.0074245589785277843, -0.61511421203613281, 0.021796276792883873, 0.99963647127151489, 0.01587085984647274, 0.61477279663085938, -0.025919834151864052, 0.78827822208404541),
            ["LeftFoot"] = CFrame.new(-5.2154064178466797e-08, -0.0091004371643066406, -3.1366944313049316e-06, 0.97721993923187256, -0.16237072646617889, -0.13666367530822754, 0.17180143296718597, 0.98328906297683716, 0.06022392213344574, 0.12460129708051682, -0.082331031560897827, 0.98878514766693115),
            ["LeftHand"] = CFrame.new(0.0005000201053917408, 9.9897384643554688e-05, 1.0756775736808777e-07, 0.92869299650192261, -0.17939087748527527, 0.32457399368286133, 0.05664202943444252, 0.93356311321258545, 0.35390898585319519, -0.36649835109710693, -0.31028828024864197, 0.87715458869934082),
            ["LeftLowerArm"] = CFrame.new(-0.00049990415573120117, 0.049223423004150391, 0.012953344732522964, 1, 0, 0, 0, 0.86995488405227661, -0.49313133955001831, 0, 0.49313133955001831, 0.86995488405227661),
            ["LeftLowerLeg"] = CFrame.new(1.4901161193847656e-07, -0.008668363094329834, -1.3947486877441406e-05, 1, 0, 0, 0, 1, 0, 0, 0, 1),
            ["LeftUpperArm"] = CFrame.new(-0.40091049671173096, 0.28145730495452881, -0.49839040637016296, -0.0048562288284301758, -0.13017338514328003, -0.99147933721542358, -0.024025969207286835, -0.99118971824645996, 0.13025301694869995, -0.99969953298568726, 0.024453785270452499, 0.0016858577728271484),
            ["LeftUpperLeg"] = CFrame.new(1.1920928955078125e-07, -1.6391277313232422e-07, -9.9917873740196228e-05, 0.98812234401702881, 0.12305077910423279, 0.092047415673732758, -0.10817822813987732, 0.98243451118469238, -0.1520521491765976, -0.10914070159196854, 0.14028860628604889, 0.98407691717147827),
            ["LowerTorso"] = CFrame.new(-0.01763768307864666, -1.4427933692932129, 0.63582909107208252, 0.99822258949279785, 0.044120267033576965, 0.040063556283712387, -0.03638312965631485, -0.081276535987854004, 0.99602735042572021, 0.047201212495565414, -0.99571466445922852, -0.079526782035827637),
