return {
["zesty run"] = {

          {Time = 0.000, Data = {

              ["Head"] = CFrame.new(0.000000, 0.000000, -0.000000, 0.997297, 0.073473, 0.000213, -0.071160, 0.965171, 0.251756, 0.018291, -0.251090, 0.967791),

              ["LeftFoot"] = CFrame.new(-0.000000, 0.012951, -0.000002, 1.000000, -0.000103, -0.000087, 0.000119, 0.979557, 0.201180, 0.000064, -0.201170, 0.979554),

              ["LeftHand"] = CFrame.new(0.000500, 0.000100, -0.000000, 1.000000, 0.000000, 0.000000, -0.000000, 0.403219, 0.915105, -0.000000, -0.915104, 0.403216),

              ["LeftLowerArm"] = CFrame.new(-0.000500, 0.086953, 0.050613, 1.000000, -0.000000, -0.000000, 0.000000, 0.493009, -0.870025, 0.000000, 0.870025, 0.493008),

              ["LeftLowerLeg"] = CFrame.new(0.000000, 0.065142, -0.014793, 1.000000, -0.000000, -0.000000, 0.000000, 0.848565, 0.529088, -0.000000, -0.529092, 0.848567),

              ["LeftUpperArm"] = CFrame.new(-0.000191, -0.003559, 0.013349, 0.999618, -0.006106, -0.026948, -0.007118, 0.885470, -0.464642, 0.026699, 0.464656, 0.885088),

              ["LeftUpperLeg"] = CFrame.new(0.000000, -0.000000, -0.000100, 0.999552, 0.021742, -0.020549, -0.027349, 0.385670, -0.922226, -0.012126, 0.922381, 0.386106),

              ["LowerTorso"] = CFrame.new(-0.000013, -0.300364, 0.141020, 0.999556, -0.027289, -0.012005, 0.029813, 0.914933, 0.402504, 0.000000, -0.402683, 0.915339),

              ["RightFoot"] = CFrame.new(-0.000000, 0.032278, -0.000101, 1.000000, 0.000193, 0.000163, -0.000077, 0.847468, -0.530870, -0.000241, 0.530847, 0.847453),

              ["RightHand"] = CFrame.new(-0.000500, -0.000000, -0.000000, 1.000000, 0.000000, -0.000000, 0.000000, 0.505853, 0.862622, 0.000000, -0.862620, 0.505850),

              ["RightLowerArm"] = CFrame.new(0.000000, 0.096231, 0.072453, 1.000000, 0.000000, 0.000000, -0.000000, 0.274509, -0.961585, -0.000000, 0.961585, 0.274509),

              ["RightLowerLeg"] = CFrame.new(-0.000000, 0.125511, -0.090741, 1.000000, 0.000000, 0.000000, -0.000000, 0.060951, 0.998142, 0.000000, -0.998141, 0.060937),

              ["RightUpperArm"] = CFrame.new(0.000064, 0.003802, 0.007067, 0.999871, -0.009993, 0.012558, -0.007603, 0.394148, 0.919015, -0.014133, -0.918993, 0.394022),

              ["RightUpperLeg"] = CFrame.new(0.000000, -0.000000, -0.000000, 0.999562, 0.029154, 0.005017, -0.027036, 0.969125, -0.245058, -0.012006, 0.244841, 0.969495),

              ["UpperTorso"] = CFrame.new(0.000000, 0.044052, -0.017134, 0.999042, -0.042515, 0.010342, 0.039367, 0.770211, -0.636573, 0.019098, 0.636371, 0.771147)

          }},

          {Time = 0.025, Data = {

              ["Head"] = CFrame.new(-0.000000, -0.000000, 0.000000, 0.997528, 0.069718, 0.008811, -0.069715, 0.966039, 0.248813, 0.008835, -0.248812, 0.968511),

              ["LeftFoot"] = CFrame.new(-0.000000, 0.017074, -0.000002, 0.999999, 0.001086, 0.000915, -0.000983, 0.994347, -0.106183, -0.001025, 0.106171, 0.994346),

              ["LeftHand"] = CFrame.new(0.000500, 0.000100, -0.000000, 1.000000, -0.000000, 0.000000, -0.000000, 0.403219, 0.915105, -0.000000, -0.915104, 0.403216),

              ["LeftLowerArm"] = CFrame.new(-0.000500, 0.086954, 0.050612, 1.000000, -0.000000, -0.000000, 0.000000, 0.493008, -0.870025, 0.000000, 0.870025, 0.493008),

              ["LeftLowerLeg"] = CFrame.new(-0.000000, 0.080858, -0.023569, 1.000000, -0.000000, -0.000000, 0.000000, 0.758368, 0.651828, -0.000000, -0.651827, 0.758367),

              ["LeftUpperArm"] = CFrame.new(-0.000547, -0.006305, 0.022515, 0.998906, -0.010174, -0.045642, -0.012610, 0.881283, -0.472421, 0.045030, 0.472479, 0.880191),

              ["LeftUpperLeg"] = CFrame.new(0.000000, 0.000000, -0.000100, 0.999579, 0.027767, -0.008373, -0.020773, 0.483957, -0.874837, -0.020239, 0.874651, 0.484346),

              ["LowerTorso"] = CFrame.new(-0.002176, -0.274106, 0.141006, 0.999540, -0.021337, -0.021542, 0.028236, 0.913909, 0.404935, 0.011047, -0.405357, 0.914092),

              ["RightFoot"] = CFrame.new(0.000000, 0.033051, -0.000101, 0.999997, 0.001956, 0.001647, -0.001058, 0.902789, -0.430101, -0.002328, 0.430079, 0.902779),

              ["RightHand"] = CFrame.new(-0.000500, -0.000000, -0.000000, 1.000000, -0.000000, -0.000000, 0.000000, 0.505853, 0.862622, 0.000000, -0.862620, 0.505850),

              ["RightLowerArm"] = CFrame.new(0.000000, 0.096389, 0.073009, 1.000000, 0.000000, 0.000000, -0.000000, 0.268948, -0.963155, -0.000000, 0.963155, 0.268948),

              ["RightLowerLeg"] = CFrame.new(0.000000, 0.125835, -0.101674, 1.000000, 0.000000, 0.000000, -0.000000, -0.052860, 0.998601, 0.000000, -0.998602, -0.052872),

              ["RightUpperArm"] = CFrame.new(0.000304, 0.006081, 0.016347, 0.999391, -0.026985, 0.022105, -0.012163, 0.324368, 0.945853, -0.032694, -0.945546, 0.323843),

              ["RightUpperLeg"] = CFrame.new(-0.000000, 0.000000, -0.000000, 0.999594, 0.026914, 0.009409, -0.018782, 0.869868, -0.492907, -0.021450, 0.492551, 0.870031),

              ["UpperTorso"] = CFrame.new(-0.000000, 0.044052, -0.017134, 0.999256, -0.037337, 0.009623, 0.034937, 0.771211, -0.635621, 0.016311, 0.635484, 0.771942)

          }},

          {Time = 0.050, Data = {

              ["Head"] = CFrame.new(0.000000, 0.000000, 0.000000, 0.997761, 0.059916, 0.029726, -0.065329, 0.968315, 0.241037, -0.014342, -0.242439, 0.970061),

              ["LeftFoot"] = CFrame.new(-0.000000, 0.014699, -0.000003, 0.999977, 0.005207, 0.004385, -0.002705, 0.895023, -0.446037, -0.006247, 0.445989, 0.895004),

              ["LeftHand"] = CFrame.new(0.000500, 0.000100, -0.000000, 1.000000, -0.000000, 0.000000, -0.000000, 0.403219, 0.915105, -0.000000, -0.915104, 0.403216),

              ["LeftLowerArm"] = CFrame.new(-0.000500, 0.086953, 0.050613, 1.000000, -0.000000, -0.000000, 0.000000, 0.493008, -0.870025, 0.000000, 0.870025, 0.493008),

              ["LeftLowerLeg"] = CFrame.new(-0.000000, 0.073164, -0.019160, 1.000000, -0.000000, -0.000000, 0.000000, 0.803884, 0.594786, -0.000000, -0.594786, 0.803884),

              ["LeftUpperArm"] = CFrame.new(-0.002241, -0.013319, 0.045373, 0.995518, -0.020649, -0.092292, -0.026639, 0.875135, -0.483146, 0.090745, 0.483439, 0.870662),

              ["LeftUpperLeg"] = CFrame.new(0.000000, -0.000000, -0.000100, 0.999264, 0.027908, 0.026313, -0.004037, 0.758719, -0.651391, -0.038143, 0.650820, 0.758286),

              ["LowerTorso"] = CFrame.new(-0.007452, -0.231590, 0.140863, 0.998987, -0.006283, -0.044563, 0.024092, 0.911037, 0.411620, 0.038013, -0.412277, 0.910265),

              ["RightFoot"] = CFrame.new(-0.000000, 0.033235, -0.000101, 0.999967, 0.006187, 0.005210, -0.004632, 0.966094, -0.258158, -0.006630, 0.258117, 0.966089),

              ["RightHand"] = CFrame.new(-0.000500, -0.000000, 0.000000, 1.000000, 0.000000, -0.000000, 0.000000, 0.505853, 0.862622, 0.000000, -0.862620, 0.505850),

              ["RightLowerArm"] = CFrame.new(0.000000, 0.096784, 0.074462, 1.000000, 0.000000, 0.000000, -0.000000, 0.254417, -0.967095, -0.000000, 0.967095, 0.254417),

              ["RightLowerLeg"] = CFrame.new(0.000000, 0.125732, -0.104034, 1.000000, 0.000000, 0.000000, -0.000000, -0.077448, 0.996996, 0.000000, -0.996996, -0.077459),

              ["RightUpperArm"] = CFrame.new(0.001721, 0.014461, 0.038841, 0.996559, -0.071799, 0.041421, -0.028922, 0.167115, 0.985513, -0.077681, -0.983320, 0.164463),

              ["RightUpperLeg"] = CFrame.new(-0.000000, -0.000000, -0.000000, 0.999056, 0.030893, 0.030547, 0.001722, 0.674389, -0.738359, -0.043411, 0.737730, 0.673715),

              ["UpperTorso"] = CFrame.new(-0.000000, 0.044052, -0.017135, 0.999678, -0.024121, 0.007890, 0.023659, 0.773296, -0.633603, 0.009181, 0.633586, 0.773618)

          }},

          {Time = 0.075, Data = {

              ["Head"] = CFrame.new(0.000000, -0.000000, 0.000000, 0.997377, 0.046288, 0.055648, -0.057919, 0.971457, 0.230034, -0.043412, -0.232654, 0.971590),

              ["LeftFoot"] = CFrame.new(0.000000, 0.011742, -0.000003, 0.999901, 0.010747, 0.009049, -0.004897, 0.870308, -0.492509, -0.013167, 0.492390, 0.870260),

              ["LeftHand"] = CFrame.new(0.000500, 0.000100, -0.000000, 1.000000, -0.000000, 0.000000, -0.000000, 0.403219, 0.915105, -0.000000, -0.915103, 0.403216),

              ["LeftLowerArm"] = CFrame.new(-0.000500, 0.086953, 0.050612, 1.000000, -0.000000, -0.000000, 0.000000, 0.493009, -0.870025, 0.000000, 0.870024, 0.493009),

              ["LeftLowerLeg"] = CFrame.new(-0.000000, 0.058546, -0.011615, 1.000000, -0.000000, -0.000000, 0.000000, 0.880949, 0.473206, -0.000000, -0.473212, 0.880952),

              ["LeftUpperArm"] = CFrame.new(-0.006208, -0.022208, 0.075341, 0.987584, -0.033757, -0.153423, -0.044416, 0.876787, -0.478823, 0.150683, 0.479693, 0.864401),

              ["LeftUpperLeg"] = CFrame.new(0.000000, -0.000000, -0.000100, 0.998064, 0.012888, 0.060843, 0.018363, 0.873610, -0.486266, -0.059420, 0.486456, 0.871690),

              ["LowerTorso"] = CFrame.new(-0.014009, -0.216137, 0.140463, 0.997265, 0.013663, -0.072636, 0.018289, 0.906579, 0.421640, 0.071611, -0.421815, 0.903849),

              ["RightFoot"] = CFrame.new(0.000000, 0.032854, -0.000101, 0.999874, 0.012172, 0.010249, -0.007219, 0.920996, -0.389522, -0.014179, 0.389382, 0.920960),

              ["RightHand"] = CFrame.new(-0.000500, -0.000000, 0.000000, 1.000000, 0.000000, -0.000000, 0.000000, 0.505853, 0.862622, 0.000000, -0.862620, 0.505850),

              ["RightLowerArm"] = CFrame.new(-0.000000, 0.097297, 0.076488, 1.000000, 0.000000, -0.000000, -0.000000, 0.234147, -0.972201, -0.000000, 0.972201, 0.234147),

              ["RightLowerLeg"] = CFrame.new(0.000000, 0.125847, -0.099887, 1.000000, 0.000000, 0.000000, -0.000000, -0.034206, 0.999414, 0.000000, -0.999415, -0.034218),

              ["RightUpperArm"] = CFrame.new(0.005225, 0.028933, 0.066038, 0.989549, -0.131394, 0.059395, -0.057865, 0.015440, 0.998205, -0.132075, -0.991210, 0.007676),

              ["RightUpperLeg"] = CFrame.new(0.000000, 0.000000, -0.000000, 0.997277, 0.029243, 0.067701, 0.028845, 0.690198, -0.723030, -0.067870, 0.723030, 0.687491),

              ["UpperTorso"] = CFrame.new(0.000000, 0.044052, -0.017134, 0.999963, -0.006349, 0.005765, 0.008564, 0.775092, -0.631791, -0.000457, 0.631817, 0.775118)

          }},

          {Time = 0.100, Data = {

              ["Head"] = CFrame.new(-0.000000, 0.000000, 0.000000, 0.996376, 0.030949, 0.079228, -0.047567, 0.974929, 0.217372, -0.070514, -0.220353, 0.972868),

              ["LeftFoot"] = CFrame.new(0.000000, 0.013878, -0.000003, 0.999849, 0.013287, 0.011188, -0.006737, 0.890339, -0.455275, -0.016009, 0.455105, 0.890281),

              ["LeftHand"] = CFrame.new(0.000500, 0.000100, -0.000000, 1.000000, -0.000000, 0.000000, -0.000000, 0.403219, 0.915105, -0.000000, -0.915104, 0.403216),

              ["LeftLowerArm"] = CFrame.new(-0.000500, 0.086953, 0.050612, 1.000000, -0.000000, -0.000000, 0.000000, 0.493009, -0.870025, 0.000000, 0.870025, 0.493009),

              ["LeftLowerLeg"] = CFrame.new(0.000000, 0.070054, -0.017472, 1.000000, -0.000000, -0.000000, 0.000000, 0.821214, 0.570618, -0.000000, -0.570620, 0.821216),

              ["LeftUpperArm"] = CFrame.new(-0.012507, -0.029528, 0.107137, 0.974987, -0.043439, -0.217977, -0.059057, 0.894831, -0.442481, 0.214273, 0.444286, 0.869883),

              ["LeftUpperLeg"] = CFrame.new(-0.000000, -0.000000, -0.000100, 0.995676, 0.000098, 0.092898, 0.042858, 0.886733, -0.460273, -0.082421, 0.462281, 0.882904),

              ["LowerTorso"] = CFrame.new(-0.020017, -0.226811, 0.139855, 0.994660, 0.034127, -0.097403, 0.011591, 0.900846, 0.433985, 0.102556, -0.432796, 0.895639),

              ["RightFoot"] = CFrame.new(0.000000, 0.032723, -0.000101, 0.999701, 0.018708, 0.015753, -0.008659, 0.873126, -0.487440, -0.022872, 0.487135, 0.873015),

              ["RightHand"] = CFrame.new(-0.000500, -0.000000, 0.000000, 1.000000, -0.000000, -0.000000, 0.000000, 0.505853, 0.862622, 0.000000, -0.862620, 0.505850),

              ["RightLowerArm"] = CFrame.new(-0.000000, 0.097819, 0.078763, 1.000000, 0.000000, 0.000000, -0.000000, 0.211396, -0.977401, -0.000000, 0.977401, 0.211396),

              ["RightLowerLeg"] = CFrame.new(-0.000000, 0.125847, -0.098042, 1.000000, 0.000000, 0.000000, -0.000000, -0.014985, 0.999888, 0.000000, -0.999888, -0.014997),

              ["RightUpperArm"] = CFrame.new(0.010456, 0.042849, 0.092253, 0.979088, -0.187621, 0.078644, -0.085697, -0.029771, 0.995876, -0.184506, -0.981790, -0.045227),

              ["RightUpperLeg"] = CFrame.new(0.000000, -0.000000, -0.000000, 0.994782, 0.030783, 0.097273, 0.055540, 0.636369, -0.769368, -0.085584, 0.770770, 0.631356),

              ["UpperTorso"] = CFrame.new(-0.000000, 0.044052, -0.017134, 0.999915, 0.012483, 0.003799, -0.007280, 0.775359, -0.631479, -0.010828, 0.631398, 0.775383)

          }},

          {Time = 0.125, Data = {

              ["Head"] = CFrame.new(-0.000000, 0.000000, 0.000000, 0.995532, 0.015783, 0.093097, -0.034629, 0.978261, 0.204465, -0.087846, -0.206775, 0.974437),

              ["LeftFoot"] = CFrame.new(-0.000000, 0.017667, -0.000003, 0.999853, 0.013117, 0.011045, -0.008566, 0.940037, -0.340987, -0.014855, 0.340819, 0.940003),

              ["LeftHand"] = CFrame.new(0.000500, 0.000100, -0.000000, 1.000000, -0.000000, 0.000000, -0.000000, 0.403219, 0.915105, -0.000000, -0.915104, 0.403216),

              ["LeftLowerArm"] = CFrame.new(-0.000500, 0.086953, 0.050612, 1.000000, -0.000000, -0.000000, 0.000000, 0.493008, -0.870025, 0.000000, 0.870025, 0.493008),

              ["LeftLowerLeg"] = CFrame.new(0.000000, 0.082621, -0.024643, 1.000000, -0.000000, -0.000000, 0.000000, 0.747244, 0.664552, -0.000000, -0.664550, 0.747242),

              ["LeftUpperArm"] = CFrame.new(-0.020021, -0.030903, 0.136622, 0.959957, -0.041589, -0.277042, -0.061805, 0.933112, -0.354234, 0.273243, 0.357172, 0.893178),

              ["LeftUpperLeg"] = CFrame.new(-0.000000, 0.000000, -0.000100, 0.992828, -0.031009, 0.115463, 0.064400, 0.952398, -0.297958, -0.100727, 0.303277, 0.947571),

              ["LowerTorso"] = CFrame.new(-0.023675, -0.252023, 0.139311, 0.992562, 0.050504, -0.110772, 0.004443, 0.894258, 0.447529, 0.121660, -0.444692, 0.887382),

              ["RightFoot"] = CFrame.new(-0.000000, 0.031051, -0.000102, 0.999718, 0.018156, 0.015288, -0.015514, 0.987308, -0.158063, -0.017963, 0.157776, 0.987311),

              ["RightHand"] = CFrame.new(-0.000500, 0.000000, 0.000000, 1.000000, 0.000000, -0.000000, 0.000000, 0.505853, 0.862622, 0.000000, -0.862620, 0.505850),

              ["RightLowerArm"] = CFrame.new(0.000000, 0.098270, 0.080957, 1.000000, 0.000000, 0.000000, -0.000000, 0.189449, -0.981891, -0.000000, 0.981890, 0.189449),

              ["RightLowerLeg"] = CFrame.new(0.000000, 0.123274, -0.077968, 1.000000, 0.000000, 0.000000, -0.000000, 0.193935, 0.981017, 0.000000, -0.981014, 0.193921),

              ["RightUpperArm"] = CFrame.new(0.015626, 0.045275, 0.115464, 0.968748, -0.222689, 0.109256, -0.090550, 0.092578, 0.991580, -0.230928, -0.970484, 0.069521),

              ["RightUpperLeg"] = CFrame.new(-0.000000, 0.000000, -0.000000, 0.993139, 0.068385, 0.094860, 0.068216, 0.320056, -0.944933, -0.094980, 0.944927, 0.313216),

              ["UpperTorso"] = CFrame.new(-0.000000, 0.044052, -0.017134, 0.999580, 0.028877, 0.002471, -0.020765, 0.773061, -0.633992, -0.020218, 0.633674, 0.773336)

          }},

          {Time = 0.150, Data = {

              ["Head"] = CFrame.new(-0.000000, 0.000000, -0.000000, 0.995953, 0.002390, 0.089847, -0.019718, 0.981105, 0.192471, -0.087689, -0.193464, 0.977181),

              ["LeftFoot"] = CFrame.new(-0.000000, 0.019021, -0.000003, 0.999894, 0.011153, 0.009391, -0.009782, 0.990782, -0.135124, -0.010811, 0.135005, 0.990784),

              ["LeftHand"] = CFrame.new(0.000500, 0.000100, 0.000000, 1.000000, 0.000000, 0.000000, -0.000000, 0.403219, 0.915105, -0.000000, -0.915104, 0.403216),

              ["LeftLowerArm"] = CFrame.new(-0.000500, 0.086953, 0.050612, 1.000000, -0.000000, -0.000000, 0.000000, 0.493009, -0.870025, 0.000000, 0.870025, 0.493008),

              ["LeftLowerLeg"] = CFrame.new(0.000000, 0.086657, -0.027258, 1.000000, -0.000000, -0.000000, 0.000000, 0.720137, 0.693835, -0.000000, -0.693832, 0.720134),

              ["LeftUpperArm"] = CFrame.new(-0.026454, -0.021353, 0.159055, 0.947092, -0.018989, -0.320401, -0.042707, 0.981917, -0.184435, 0.318110, 0.188360, 0.929154),

              ["LeftUpperLeg"] = CFrame.new(0.000000, -0.000000, -0.000100, 0.992030, -0.066959, 0.106737, 0.072405, 0.996220, -0.047968, -0.103121, 0.055337, 0.993130),

              ["LowerTorso"] = CFrame.new(-0.023211, -0.281760, 0.139191, 0.992792, 0.057954, -0.104907, -0.003082, 0.887369, 0.461049, 0.119811, -0.457403, 0.881152),

              ["RightFoot"] = CFrame.new(0.000000, 0.016593, -0.000102, 0.999849, 0.013283, 0.011184, -0.016003, 0.954859, 0.296644, -0.006739, -0.296764, 0.954923),

              ["RightHand"] = CFrame.new(-0.000500, 0.000000, -0.000000, 1.000000, 0.000000, -0.000000, 0.000000, 0.505853, 0.862622, 0.000000, -0.862620, 0.505850),

              ["RightLowerArm"] = CFrame.new(0.000000, 0.098600, 0.082742, 1.000000, 0.000000, -0.000000, -0.000000, 0.171595, -0.985168, -0.000000, 0.985168, 0.171594),

              ["RightLowerLeg"] = CFrame.new(-0.000000, 0.078607, -0.022462, 1.000000, 0.000000, 0.000000, -0.000000, 0.770863, 0.637001, 0.000000, -0.637000, 0.770863),

              ["RightUpperArm"] = CFrame.new(0.018115, 0.029331, 0.130101, 0.963771, -0.228614, 0.137413, -0.058661, 0.320890, 0.945298, -0.260202, -0.919111, 0.295854),

              ["RightUpperLeg"] = CFrame.new(0.000000, -0.000000, -0.000000, 0.993565, 0.065312, 0.092535, 0.067871, 0.310730, -0.948067, -0.090673, 0.948252, 0.304314),

              ["UpperTorso"] = CFrame.new(-0.000000, 0.044052, -0.017134, 0.999223, 0.039351, 0.002244, -0.028779, 0.767303, -0.640638, -0.026932, 0.640076, 0.767840)

          }},

          {Time = 0.175, Data = {

              ["Head"] = CFrame.new(0.000000, -0.000000, -0.000000, 0.997875, -0.008056, 0.064662, -0.003865, 0.983262, 0.182158, -0.065047, -0.182021, 0.981141),

              ["LeftFoot"] = CFrame.new(0.000000, 0.026438, -0.000003, 0.999934, 0.008799, 0.007409, -0.008531, 0.999333, -0.035502, -0.007716, 0.035435, 0.999342),

              ["LeftHand"] = CFrame.new(0.000500, 0.000100, 0.000000, 1.000000, 0.000000, 0.000000, -0.000000, 0.403219, 0.915105, -0.000000, -0.915104, 0.403216),

              ["LeftLowerArm"] = CFrame.new(-0.000500, 0.086953, 0.050612, 1.000000, -0.000000, -0.000000, 0.000000, 0.493008, -0.870025, 0.000000, 0.870025, 0.493008),

              ["LeftLowerLeg"] = CFrame.new(0.000000, 0.108711, -0.047152, 1.000000, -0.000000, -0.000000, 0.000000, 0.513206, 0.858272, -0.000000, -0.858266, 0.513194),

              ["LeftUpperArm"] = CFrame.new(-0.028675, 0.001710, 0.166883, 0.942650, 0.028240, -0.332587, 0.003421, 0.995545, 0.094227, 0.333766, -0.089961, 0.938353),

              ["LeftUpperLeg"] = CFrame.new(0.000000, -0.000000, -0.000100, 0.994890, -0.063339, 0.078625, 0.063808, 0.997956, -0.003446, -0.078246, 0.008471, 0.996898),

              ["LowerTorso"] = CFrame.new(-0.017478, -0.306421, 0.139596, 0.995785, 0.052814, -0.074983, -0.011084, 0.880865, 0.473237, 0.091043, -0.470411, 0.877738),

              ["RightFoot"] = CFrame.new(-0.000000, 0.006418, -0.000103, 0.999932, 0.008912, 0.007504, -0.011243, 0.907020, 0.420966, -0.003055, -0.420993, 0.907045),

              ["RightHand"] = CFrame.new(-0.000500, -0.000000, 0.000000, 1.000000, 0.000000, -0.000000, 0.000000, 0.505853, 0.862622, 0.000000, -0.862620, 0.505850),

              ["RightLowerArm"] = CFrame.new(0.000000, 0.098778, 0.083791, 1.000000, 0.000000, -0.000000, -0.000000, 0.161103, -0.986938, -0.000000, 0.986938, 0.161102),

              ["RightLowerLeg"] = CFrame.new(-0.000000, 0.028079, -0.002379, 1.000000, 0.000000, 0.000000, -0.000000, 0.975692, 0.219133, 0.000000, -0.219148, 0.975695),

              ["RightUpperArm"] = CFrame.new(0.016402, -0.003078, 0.126980, 0.967195, -0.211924, 0.140079, 0.006156, 0.570809, 0.821060, -0.253960, -0.793262, 0.553389),

              ["RightUpperLeg"] = CFrame.new(0.000000, -0.000000, -0.000000, 0.996293, 0.034287, 0.078901, 0.057243, 0.420416, -0.905521, -0.064219, 0.906684, 0.416902),

              ["UpperTorso"] = CFrame.new(0.000000, 0.044052, -0.017134, 0.999137, 0.041395, 0.003477, -0.029124, 0.757701, -0.651952, -0.029622, 0.651288, 0.758252)

          }},

          {Time = 0.200, Data = {

              ["Head"] = CFrame.new(-0.000000, 0.000000, 0.000000, 0.999606, -0.015207, 0.023584, 0.010878, 0.984707, 0.173878, -0.025868, -0.173553, 0.984485),

              ["LeftFoot"] = CFrame.new(-0.000000, 0.031949, -0.000001, 0.999978, 0.005103, 0.004297, -0.004555, 0.992883, -0.119005, -0.004873, 0.118985, 0.992884),

              ["LeftHand"] = CFrame.new(0.000500, 0.000100, 0.000000, 1.000000, -0.000000, 0.000000, -0.000000, 0.403219, 0.915105, -0.000000, -0.915104, 0.403216),

              ["LeftLowerArm"] = CFrame.new(-0.000500, 0.086953, 0.050612, 1.000000, -0.000000, -0.000000, 0.000000, 0.493008, -0.870025, 0.000000, 0.870025, 0.493008),

              ["LeftLowerLeg"] = CFrame.new(0.000000, 0.125509, -0.088548, 1.000000, -0.000000, -0.000000, 0.000000, 0.082708, 0.996575, -0.000000, -0.996574, 0.082693),

              ["LeftUpperArm"] = CFrame.new(-0.025484, 0.030025, 0.154704, 0.949032, 0.082013, -0.304324, 0.060051, 0.900815, 0.430031, 0.309407, -0.426388, 0.849977),

              ["LeftUpperLeg"] = CFrame.new(0.000000, 0.000000, -0.000100, 0.998586, -0.036091, 0.039045, 0.043169, 0.979027, -0.199080, -0.031041, 0.200510, 0.979205),

              ["LowerTorso"] = CFrame.new(-0.007897, -0.316406, 0.140041, 0.998914, 0.037221, -0.028039, -0.019071, 0.875520, 0.482806, 0.042519, -0.481746, 0.875279),

              ["RightFoot"] = CFrame.new(0.000000, 0.012954, -0.000102, 0.999985, 0.004226, 0.003558, -0.004653, 0.991487, 0.130129, -0.002978, -0.130136, 0.991491),

              ["RightHand"] = CFrame.new(-0.000500, 0.000000, 0.000000, 1.000000, 0.000000, -0.000000, 0.000000, 0.505853, 0.862622, 0.000000, -0.862620, 0.505850),

              ["RightLowerArm"] = CFrame.new(0.000000, 0.098776, 0.083779, 1.000000, 0.000000, 0.000000, -0.000000, 0.161226, -0.986918, -0.000000, 0.986918, 0.161225),

              ["RightLowerLeg"] = CFrame.new(-0.000000, 0.063882, -0.014350, 1.000000, 0.000000, 0.000000, -0.000000, 0.854096, 0.520110, 0.000000, -0.520115, 0.854099),

              ["RightUpperArm"] = CFrame.new(0.012627, -0.039075, 0.104596, 0.974747, -0.188718, 0.119392, 0.078149, 0.789101, 0.609272, -0.209193, -0.584555, 0.783922),

              ["RightUpperLeg"] = CFrame.new(-0.000000, 0.000000, -0.000000, 0.998993, 0.010552, 0.043619, 0.038702, 0.289441, -0.956409, -0.022717, 0.957138, 0.288755),

              ["UpperTorso"] = CFrame.new(-0.000000, 0.044052, -0.017134, 0.999324, 0.036288, 0.005892, -0.023163, 0.745955, -0.665593, -0.028549, 0.665007, 0.746291)

          }},

          {Time = 0.225, Data = {

              ["Head"] = CFrame.new(0.000000, -0.000000, 0.000000, 0.999528, -0.018596, -0.024445, 0.022450, 0.985479, 0.168309, 0.020960, -0.168779, 0.985431),

              ["LeftFoot"] = CFrame.new(-0.000000, 0.034611, 0.000000, 0.999990, -0.003499, -0.002946, 0.002846, 0.980190, -0.198047, 0.003580, 0.198030, 0.980188),

              ["LeftHand"] = CFrame.new(0.000500, 0.000100, -0.000000, 1.000000, -0.000000, 0.000000, -0.000000, 0.403219, 0.915105, -0.000000, -0.915104, 0.403216),

              ["LeftLowerArm"] = CFrame.new(-0.000500, 0.086953, 0.050612, 1.000000, -0.000000, -0.000000, 0.000000, 0.493008, -0.870025, 0.000000, 0.870025, 0.493009),

              ["LeftLowerLeg"] = CFrame.new(-0.000000, 0.119742, -0.131489, 1.000000, -0.000000, -0.000000, 0.000000, -0.364496, 0.931203, -0.000000, -0.931205, -0.364502),

              ["LeftUpperArm"] = CFrame.new(-0.018679, 0.049695, 0.125940, 0.962641, 0.114428, -0.245414, 0.099390, 0.693747, 0.713328, 0.251879, -0.711071, 0.656456),

              ["LeftUpperLeg"] = CFrame.new(0.000000, -0.000000, -0.000100, 0.999568, -0.026147, -0.013404, 0.010934, 0.754417, -0.656291, 0.027272, 0.655874, 0.754389),

              ["LowerTorso"] = CFrame.new(0.003408, -0.305570, 0.140046, 0.999551, 0.015262, 0.025794, -0.025927, 0.872075, 0.488685, -0.015036, -0.489135, 0.872079),

              ["RightFoot"] = CFrame.new(0.000000, 0.023320, -0.000102, 0.999997, -0.001913, -0.001611, 0.001517, 0.976070, -0.217468, 0.001988, 0.217448, 0.976066),

              ["RightHand"] = CFrame.new(-0.000500, 0.000000, -0.000000, 1.000000, -0.000000, -0.000000, 0.000000, 0.505853, 0.862622, 0.000000, -0.862620, 0.505850),

              ["RightLowerArm"] = CFrame.new(-0.000000, 0.098535, 0.082380, 1.000000, 0.000000, -0.000000, -0.000000, 0.175213, -0.984531, -0.000000, 0.984531, 0.175213),

              ["RightLowerLeg"] = CFrame.new(0.000000, 0.098208, -0.036307, 1.000000, 0.000000, 0.000000, -0.000000, 0.627065, 0.778973, 0.000000, -0.778967, 0.627058),

              ["RightUpperArm"] = CFrame.new(0.009416, -0.064976, 0.071456, 0.981167, -0.170209, 0.091321, 0.129952, 0.931450, 0.339872, -0.142911, -0.321604, 0.936028),

              ["RightUpperLeg"] = CFrame.new(-0.000000, -0.000000, -0.000000, 0.999621, -0.026849, 0.006147, 0.014515, 0.323788, -0.946012, 0.023409, 0.945749, 0.324073),

              ["UpperTorso"] = CFrame.new(-0.000000, 0.044052, -0.017134, 0.999615, 0.026237, 0.009012, -0.013158, 0.734380, -0.678611, -0.024423, 0.678231, 0.734442)

          }},

          {Time = 0.250, Data = {

              ["Head"] = CFrame.new(-0.000000, -0.000000, 0.000000, 0.997371, -0.017509, -0.070318, 0.029047, 0.985599, 0.166585, 0.066388, -0.168189, 0.983517),

              ["LeftFoot"] = CFrame.new(0.000000, 0.035263, 0.000000, 0.999723, -0.017998, -0.015155, 0.019504, 0.994186, 0.105908, 0.013160, -0.106165, 0.994261),

              ["LeftHand"] = CFrame.new(0.000500, 0.000100, -0.000000, 1.000000, 0.000000, 0.000000, -0.000000, 0.403219, 0.915105, -0.000000, -0.915104, 0.403216),

              ["LeftLowerArm"] = CFrame.new(-0.000500, 0.086953, 0.050612, 1.000000, -0.000000, -0.000000, 0.000000, 0.493008, -0.870024, 0.000000, 0.870025, 0.493009),

              ["LeftLowerLeg"] = CFrame.new(-0.000000, 0.114820, -0.141908, 1.000000, -0.000000, -0.000000, 0.000000, -0.473210, 0.880947, -0.000000, -0.880950, -0.473215),

              ["LeftUpperArm"] = CFrame.new(-0.011835, 0.054634, 0.093326, 0.976331, 0.115026, -0.183160, 0.109269, 0.468502, 0.876679, 0.186652, -0.875942, 0.444844),

              ["LeftUpperLeg"] = CFrame.new(-0.000000, 0.000000, -0.000100, 0.996625, -0.073141, -0.037263, -0.031969, 0.072251, -0.996873, 0.075605, 0.994701, 0.069681),

              ["LowerTorso"] = CFrame.new(0.014257, -0.281688, 0.139518, 0.997049, -0.008452, 0.076304, -0.030122, 0.871148, 0.490096, -0.070615, -0.490948, 0.868322),

              ["RightFoot"] = CFrame.new(0.000000, 0.022895, -0.000102, 0.999920, -0.009679, -0.008150, 0.004398, 0.869803, -0.493406, 0.011864, 0.493305, 0.869761),

              ["RightHand"] = CFrame.new(-0.000500, 0.000000, 0.000000, 1.000000, -0.000000, -0.000000, 0.000000, 0.505853, 0.862622, 0.000000, -0.862620, 0.505850),

              ["RightLowerArm"] = CFrame.new(0.000000, 0.097928, 0.079271, 1.000000, 0.000000, -0.000000, -0.000000, 0.206315, -0.978486, -0.000000, 0.978486, 0.206315),

              ["RightLowerLeg"] = CFrame.new(0.000000, 0.096957, -0.035218, 1.000000, 0.000000, 0.000000, -0.000000, 0.638394, 0.769715, 0.000000, -0.769710, 0.638388),

              ["RightUpperArm"] = CFrame.new(0.007625, -0.074999, 0.044066, 0.984751, -0.155843, 0.077326, 0.149997, 0.985729, 0.076417, -0.088132, -0.063653, 0.994073),

              ["RightUpperLeg"] = CFrame.new(0.000000, 0.000000, -0.000000, 0.997837, -0.041399, -0.051068, -0.012859, 0.638880, -0.769185, 0.064470, 0.768191, 0.636982),

              ["UpperTorso"] = CFrame.new(-0.000000, 0.044052, -0.017134, 0.999835, 0.013421, 0.012214, -0.001331, 0.725501, -0.688220, -0.018098, 0.688090, 0.725399)

          }},

          {Time = 0.275, Data = {

              ["Head"] = CFrame.new(0.000000, -0.000000, 0.000000, 0.994414, -0.011172, -0.104956, 0.029021, 0.984998, 0.170109, 0.101481, -0.172205, 0.979820),

              ["LeftFoot"] = CFrame.new(0.000000, 0.032805, -0.000001, 0.999615, -0.021223, -0.017870, 0.026385, 0.926335, 0.375804, 0.008578, -0.376103, 0.926527),

              ["LeftHand"] = CFrame.new(0.000500, 0.000100, 0.000000, 1.000000, -0.000000, 0.000000, -0.000000, 0.403219, 0.915105, -0.000000, -0.915104, 0.403216),

              ["LeftLowerArm"] = CFrame.new(-0.000500, 0.086953, 0.050612, 1.000000, -0.000000, -0.000000, 0.000000, 0.493008, -0.870025, 0.000000, 0.870025, 0.493009),

              ["LeftLowerLeg"] = CFrame.new(0.000000, 0.126043, -0.101137, 1.000000, -0.000000, -0.000000, 0.000000, -0.048299, 0.998832, -0.000000, -0.998833, -0.048312),

              ["LeftUpperArm"] = CFrame.new(-0.007183, 0.050209, 0.067900, 0.985634, 0.095582, -0.139244, 0.100417, 0.331254, 0.938183, 0.135799, -0.938688, 0.316897),

              ["LeftUpperLeg"] = CFrame.new(0.000000, -0.000000, -0.000100, 0.993414, -0.109777, -0.032824, -0.053949, -0.195431, -0.979236, 0.101083, 0.974554, -0.200047),

              ["LowerTorso"] = CFrame.new(0.022498, -0.255977, 0.138811, 0.993110, -0.029141, 0.113507, -0.029979, 0.873182, 0.486471, -0.113289, -0.486522, 0.866292),

              ["RightFoot"] = CFrame.new(0.000000, 0.009264, -0.000103, 0.999614, -0.021243, -0.017887, 0.007077, 0.817696, -0.575633, 0.026853, 0.575258, 0.817513),

              ["RightHand"] = CFrame.new(-0.000500, 0.000000, -0.000000, 1.000000, 0.000000, -0.000000, 0.000000, 0.505853, 0.862622, 0.000000, -0.862620, 0.505850),

              ["RightLowerArm"] = CFrame.new(0.000000, 0.096697, 0.074136, 1.000000, 0.000000, 0.000000, -0.000000, 0.257674, -0.966232, -0.000000, 0.966232, 0.257674),

              ["RightLowerLeg"] = CFrame.new(-0.000000, 0.043426, -0.006114, 1.000000, 0.000000, 0.000000, -0.000000, 0.937853, 0.347021, 0.000000, -0.347032, 0.937857),

              ["RightUpperArm"] = CFrame.new(0.006936, -0.072965, 0.039551, 0.986128, -0.134509, 0.097261, 0.145929, 0.981766, -0.121819, -0.079102, 0.134322, 0.987776),

              ["RightUpperLeg"] = CFrame.new(0.000000, -0.000000, -0.000000, 0.995461, 0.011326, -0.094497, -0.037958, 0.957752, -0.285065, 0.087276, 0.287372, 0.953839),

              ["UpperTorso"] = CFrame.new(-0.000000, 0.044052, -0.017134, 0.999892, -0.000003, 0.014694, 0.010168, 0.722049, -0.691767, -0.010607, 0.691842, 0.721971)

          }},

          {Time = 0.300, Data = {

              ["Head"] = CFrame.new(-0.000000, 0.000000, 0.000000, 0.992845, 0.001045, -0.119405, 0.020641, 0.983407, 0.180235, 0.117612, -0.181410, 0.976349),

              ["LeftFoot"] = CFrame.new(0.000000, 0.024155, -0.000002, 0.999758, -0.016818, -0.014160, 0.021584, 0.873264, 0.486793, 0.004179, -0.486957, 0.873403),

              ["LeftHand"] = CFrame.new(0.000500, 0.000100, -0.000000, 1.000000, -0.000000, 0.000000, -0.000000, 0.403219, 0.915105, -0.000000, -0.915104, 0.403216),

              ["LeftLowerArm"] = CFrame.new(-0.000500, 0.086953, 0.050612, 1.000000, -0.000000, -0.000000, 0.000000, 0.493008, -0.870025, 0.000000, 0.870025, 0.493009),

              ["LeftLowerLeg"] = CFrame.new(-0.000000, 0.101466, -0.039030, 1.000000, -0.000000, -0.000000, 0.000000, 0.597673, 0.801745, -0.000000, -0.801740, 0.597666),

              ["LeftUpperArm"] = CFrame.new(-0.004988, 0.044701, 0.054447, 0.990025, 0.071056, -0.121661, 0.089402, 0.350569, 0.932260, 0.108893, -0.933837, 0.340720),

              ["LeftUpperLeg"] = CFrame.new(0.000000, 0.000000, -0.000100, 0.992126, -0.111838, -0.056380, -0.057062, -0.002928, -0.998366, 0.111491, 0.993722, -0.009267),

              ["LowerTorso"] = CFrame.new(0.026063, -0.239653, 0.138551, 0.990904, -0.042313, 0.127750, -0.024007, 0.878479, 0.477178, -0.132416, -0.475905, 0.869472),

              ["RightFoot"] = CFrame.new(0.000000, -0.042698, -0.000103, 0.999065, -0.033074, -0.027849, 0.011715, 0.827080, -0.561987, 0.041617, 0.561110, 0.826677),

              ["RightHand"] = CFrame.new(-0.000500, 0.000000, -0.000000, 1.000000, -0.000000, -0.000000, 0.000000, 0.505853, 0.862622, 0.000000, -0.862620, 0.505850),

              ["RightLowerArm"] = CFrame.new(0.000000, 0.094397, 0.066710, 1.000000, 0.000000, 0.000000, -0.000000, 0.331952, -0.943296, -0.000000, 0.943296, 0.331952),

              ["RightLowerLeg"] = CFrame.new(0.000000, -0.042549, -0.000560, 1.000000, -0.000000, 0.000000, 0.000000, 1.000000, -0.000008, 0.000000, -0.000011, 1.000000),

              ["RightUpperArm"] = CFrame.new(0.009416, -0.065037, 0.071402, 0.981167, -0.093351, 0.169108, 0.130073, 0.966528, -0.221143, -0.142804, 0.238974, 0.960468),

              ["RightUpperLeg"] = CFrame.new(0.000000, 0.000000, -0.000000, 0.994385, 0.068569, -0.080606, -0.058860, 0.991363, 0.117208, 0.087946, -0.111798, 0.989831),

              ["UpperTorso"] = CFrame.new(0.000000, 0.044052, -0.017134, 0.999802, -0.012210, 0.015707, 0.019666, 0.725888, -0.687532, -0.003006, 0.687705, 0.725984)

          }},

          {Time = 0.325, Data = {

              ["Head"] = CFrame.new(0.000000, 0.000000, 0.000000, 0.993971, 0.018713, -0.108031, 0.002951, 0.980404, 0.196978, 0.109600, -0.196109, 0.974438),

              ["LeftFoot"] = CFrame.new(-0.000000, 0.006107, -0.000003, 0.999870, -0.012355, -0.010402, 0.016148, 0.775920, 0.630652, 0.000280, -0.630710, 0.775996),

              ["LeftHand"] = CFrame.new(0.000500, 0.000100, -0.000000, 1.000000, -0.000000, 0.000000, -0.000000, 0.403219, 0.915105, -0.000000, -0.915104, 0.403216),

              ["LeftLowerArm"] = CFrame.new(-0.000500, 0.086953, 0.050612, 1.000000, -0.000000, -0.000000, 0.000000, 0.493009, -0.870025, 0.000000, 0.870025, 0.493009),

              ["LeftLowerLeg"] = CFrame.new(0.000000, 0.027708, -0.002176, 1.000000, -0.000000, -0.000000, 0.000000, 0.976734, 0.214439, -0.000000, -0.214454, 0.976737),

              ["LeftUpperArm"] = CFrame.new(-0.004802, 0.041954, 0.054946, 0.990395, 0.045382, -0.130603, 0.083909, 0.553484, 0.828622, 0.109892, -0.831623, 0.544360),

              ["LeftUpperLeg"] = CFrame.new(-0.000000, 0.000000, -0.000100, 0.993616, -0.076437, -0.082975, -0.053649, 0.326852, -0.943549, 0.099242, 0.941980, 0.320671),

              ["LowerTorso"] = CFrame.new(0.023701, -0.240863, 0.139119, 0.992541, -0.045458, 0.113120, -0.012020, 0.886870, 0.461863, -0.121318, -0.459777, 0.879708),

              ["RightFoot"] = CFrame.new(0.000000, -0.011673, -0.000103, 0.999620, -0.021083, -0.017752, 0.011265, 0.900372, -0.434995, 0.025153, 0.434610, 0.900258),

              ["RightHand"] = CFrame.new(-0.000500, 0.000000, 0.000000, 1.000000, -0.000000, -0.000000, 0.000000, 0.505853, 0.862622, 0.000000, -0.862620, 0.505850),

              ["RightLowerArm"] = CFrame.new(0.000000, 0.090478, 0.057199, 1.000000, 0.000000, 0.000000, -0.000000, 0.427102, -0.904203, -0.000000, 0.904203, 0.427102),

              ["RightLowerLeg"] = CFrame.new(-0.000000, -0.011631, -0.000150, 1.000000, 0.000000, -0.000000, -0.000000, 1.000000, -0.000008, -0.000000, -0.000011, 1.000000),

              ["RightUpperArm"] = CFrame.new(0.021665, -0.049951, 0.136749, 0.956670, -0.037591, 0.288737, 0.099902, 0.973813, -0.204223, -0.273499, 0.224220, 0.935374),

              ["RightUpperLeg"] = CFrame.new(0.000000, -0.000000, -0.000000, 0.993620, 0.089862, -0.068145, -0.064066, 0.947029, 0.314699, 0.092815, -0.308319, 0.946742),

              ["UpperTorso"] = CFrame.new(-0.000000, 0.044052, -0.017134, 0.999626, -0.022655, 0.015355, 0.027065, 0.735091, -0.677428, 0.004060, 0.677590, 0.735429)

          }},

          {Time = 0.350, Data = {

              ["Head"] = CFrame.new(0.000000, 0.000000, 0.000000, 0.996162, 0.038361, -0.078675, -0.020492, 0.976076, 0.216464, 0.085096, -0.214021, 0.973116),

              ["LeftFoot"] = CFrame.new(0.000000, -0.031238, -0.000003, 0.999943, -0.008135, -0.006849, 0.010634, 0.767826, 0.640600, 0.000048, -0.640607, 0.767844),

              ["LeftHand"] = CFrame.new(0.000500, 0.000100, 0.000000, 1.000000, -0.000000, 0.000000, -0.000000, 0.403219, 0.915105, -0.000000, -0.915104, 0.403216),

              ["LeftLowerArm"] = CFrame.new(-0.000500, 0.086954, 0.050612, 1.000000, -0.000000, -0.000000, 0.000000, 0.493009, -0.870025, 0.000000, 0.870025, 0.493008),

              ["LeftLowerLeg"] = CFrame.new(0.000000, -0.030728, -0.000306, 1.000000, 0.000000, 0.000000, 0.000000, 1.000000, -0.000007, -0.000000, -0.000010, 1.000000),

              ["LeftUpperArm"] = CFrame.new(-0.005793, 0.037930, 0.065734, 0.988414, 0.011677, -0.151335, 0.075861, 0.825573, 0.559173, 0.131468, -0.564174, 0.815122),

              ["LeftUpperLeg"] = CFrame.new(0.000000, -0.000000, -0.000100, 0.996521, -0.040936, -0.072602, -0.046547, 0.449236, -0.892198, 0.069139, 0.892475, 0.445771),

              ["LowerTorso"] = CFrame.new(0.017273, -0.255212, 0.140040, 0.996025, -0.041810, 0.078647, 0.002669, 0.896599, 0.442836, -0.089029, -0.440866, 0.893147),

              ["RightFoot"] = CFrame.new(-0.000000, 0.014678, -0.000103, 0.999883, -0.011720, -0.009868, 0.005853, 0.887428, -0.460935, 0.014159, 0.460797, 0.887379),

              ["RightHand"] = CFrame.new(-0.000500, 0.000000, 0.000000, 1.000000, 0.000000, -0.000000, 0.000000, 0.505853, 0.862622, 0.000000, -0.862620, 0.505850),

              ["RightLowerArm"] = CFrame.new(0.000000, 0.085071, 0.047275, 1.000000, 0.000000, 0.000000, -0.000000, 0.526396, -0.850240, -0.000000, 0.850240, 0.526396),

              ["RightLowerLeg"] = CFrame.new(-0.000000, 0.072152, -0.018814, 1.000000, 0.000000, 0.000000, -0.000000, 0.808466, 0.588542, 0.000000, -0.588543, 0.808467),

              ["RightUpperArm"] = CFrame.new(0.031792, -0.019822, 0.174322, 0.936417, -0.016620, 0.350496, 0.039644, 0.997493, -0.058619, -0.348643, 0.068787, 0.934728),

              ["RightUpperLeg"] = CFrame.new(0.000000, -0.000000, -0.000000, 0.995736, 0.068768, -0.061488, -0.056130, 0.980615, 0.187754, 0.073208, -0.183482, 0.980289),

              ["UpperTorso"] = CFrame.new(-0.000000, 0.044052, -0.017134, 0.999417, -0.031104, 0.014074, 0.032596, 0.746776, -0.664276, 0.010151, 0.664348, 0.747355)

          }},

          {Time = 0.375, Data = {

              ["Head"] = CFrame.new(0.000000, 0.000000, -0.000000, 0.997504, 0.056106, -0.042870, -0.044554, 0.971144, 0.234294, 0.054779, -0.231799, 0.971220),

              ["LeftFoot"] = CFrame.new(0.000000, -0.015259, -0.000003, 0.999984, -0.004346, -0.003659, 0.005665, 0.811230, 0.584732, 0.000427, -0.584711, 0.811219),

              ["LeftHand"] = CFrame.new(0.000500, 0.000100, -0.000000, 1.000000, -0.000000, 0.000000, -0.000000, 0.403219, 0.915105, -0.000000, -0.915104, 0.403216),

              ["LeftLowerArm"] = CFrame.new(-0.000500, 0.086954, 0.050612, 1.000000, -0.000000, -0.000000, 0.000000, 0.493008, -0.870025, 0.000000, 0.870025, 0.493008),

              ["LeftLowerLeg"] = CFrame.new(0.000000, -0.014805, -0.000095, 1.000000, -0.000000, 0.000000, 0.000000, 1.000000, -0.000007, 0.000000, -0.000010, 1.000000),

              ["LeftUpperArm"] = CFrame.new(-0.007078, 0.028588, 0.078810, 0.985843, -0.028556, -0.165221, 0.057177, 0.983581, 0.171168, 0.157620, -0.178192, 0.971290),

              ["LeftUpperLeg"] = CFrame.new(-0.000000, 0.000000, -0.000100, 0.998759, -0.008580, -0.049065, -0.037979, 0.506153, -0.861605, 0.032227, 0.862401, 0.505202),

