return {
["laying twerk"] = {

          {Time = 0.000, Data = {

              ["Head"] = CFrame.new(0.000000, -0.000000, -0.000000, 1.000000, 0.000000, -0.000000, -0.000000, 0.267518, -0.963553, 0.000000, 0.963553, 0.267518),

              ["LeftFoot"] = CFrame.new(-0.000000, 0.008869, -0.000003, 0.982802, -0.141263, -0.118946, 0.103664, 0.955056, -0.277725, 0.152823, 0.260603, 0.953269),

              ["LeftHand"] = CFrame.new(0.000483, 0.026388, -0.000000, 0.924050, -0.330354, 0.192354, 0.111223, 0.713754, 0.691512, -0.365734, -0.617594, 0.696284),

              ["LeftLowerArm"] = CFrame.new(-0.000499, 0.118334, 0.115648, 1.000000, -0.000000, 0.000000, 0.000000, -0.196717, -0.980460, 0.000000, 0.980460, -0.196718),

              ["LeftLowerLeg"] = CFrame.new(0.000000, 0.042543, -0.005686, 1.000000, -0.000000, -0.000000, 0.000000, 0.941181, 0.337891, -0.000000, -0.337903, 0.941185),

              ["LeftUpperArm"] = CFrame.new(0.176928, -0.113466, -0.164755, 0.924049, 0.336710, 0.180997, -0.224857, 0.861652, -0.454968, -0.309149, 0.379714, 0.871920),

              ["LeftUpperLeg"] = CFrame.new(0.000000, -0.000000, -0.000100, 0.979418, 0.168433, 0.111229, -0.201723, 0.835896, 0.510487, -0.006994, -0.522406, 0.852661),

              ["LowerTorso"] = CFrame.new(0.211865, -1.505833, -0.202695, 0.999807, -0.017987, 0.007959, 0.006094, 0.667995, 0.744141, -0.018702, -0.743949, 0.667975),

              ["RightFoot"] = CFrame.new(0.000000, 0.038449, -0.000099, 0.249841, 0.740698, 0.623665, 0.406155, 0.504534, -0.761903, -0.878987, 0.443635, -0.174772),

              ["RightHand"] = CFrame.new(-0.000482, 0.026973, -0.000000, 0.959098, 0.244677, -0.142360, -0.081347, 0.719914, 0.689282, 0.271136, -0.649505, 0.710369),

              ["RightLowerArm"] = CFrame.new(-0.000002, 0.113882, 0.131545, 1.000000, 0.000000, -0.000000, -0.000000, -0.361927, -0.932206, -0.000000, 0.932206, -0.361928),

              ["RightLowerLeg"] = CFrame.new(0.000000, 0.087745, -0.171891, 1.000000, 0.000000, 0.000000, -0.000000, -0.785289, 0.619124, 0.000000, -0.619130, -0.785293),

              ["RightUpperArm"] = CFrame.new(-0.225153, -0.091518, -0.195937, 0.959097, -0.223314, -0.173965, 0.166433, 0.941954, -0.291585, 0.228982, 0.250705, 0.940593),

              ["RightUpperLeg"] = CFrame.new(0.000000, 0.000000, -0.000000, 0.242636, -0.872889, 0.423311, 0.026313, -0.430269, -0.902317, 0.969760, 0.230073, -0.081433),

              ["UpperTorso"] = CFrame.new(-0.000000, 0.000000, 0.000000, 0.999807, 0.019223, 0.004167, -0.017987, 0.807842, 0.589124, 0.007959, -0.589085, 0.808032)

          }},

          {Time = 0.020, Data = {

              ["Head"] = CFrame.new(0.000000, 0.000000, 0.000000, 1.000000, 0.000000, -0.000000, -0.000000, 0.267518, -0.963553, 0.000000, 0.963553, 0.267518),

              ["LeftFoot"] = CFrame.new(-0.000000, 0.010102, -0.000003, 0.984166, -0.135593, -0.114172, 0.097707, 0.952384, -0.288840, 0.147891, 0.273094, 0.950545),

              ["LeftHand"] = CFrame.new(0.000483, 0.026388, -0.000000, 0.923963, -0.330536, 0.192460, 0.110895, 0.713074, 0.692265, -0.366054, -0.618281, 0.695506),

              ["LeftLowerArm"] = CFrame.new(-0.000499, 0.118332, 0.115659, 1.000000, -0.000000, 0.000000, 0.000000, -0.196839, -0.980436, 0.000000, 0.980436, -0.196840),

              ["LeftLowerLeg"] = CFrame.new(-0.000000, 0.049409, -0.007937, 1.000000, -0.000000, -0.000000, 0.000000, 0.918334, 0.395796, -0.000000, -0.395806, 0.918339),

              ["LeftUpperArm"] = CFrame.new(0.176885, -0.112916, -0.165284, 0.923962, 0.337065, 0.180780, -0.223756, 0.859667, -0.459244, -0.310206, 0.383874, 0.869720),

              ["LeftUpperLeg"] = CFrame.new(-0.000000, -0.000000, -0.000100, 0.978136, 0.169415, 0.120619, -0.204588, 0.887991, 0.411859, -0.037334, -0.427517, 0.903229),

              ["LowerTorso"] = CFrame.new(0.204518, -1.465832, -0.183549, 0.999483, -0.029681, -0.012385, 0.028128, 0.620020, 0.784082, -0.015593, -0.784025, 0.620534),

              ["RightFoot"] = CFrame.new(-0.000000, 0.038075, -0.000099, 0.449994, 0.683137, 0.575195, 0.348933, 0.458404, -0.817387, -0.822041, 0.568498, -0.032086),

              ["RightHand"] = CFrame.new(-0.000482, 0.026974, -0.000000, 0.959025, 0.244890, -0.142483, -0.080949, 0.718771, 0.690522, 0.271511, -0.650690, 0.709139),

              ["RightLowerArm"] = CFrame.new(-0.000001, 0.113871, 0.131572, 1.000000, 0.000000, -0.000000, -0.000000, -0.362205, -0.932098, -0.000000, 0.932099, -0.362206),

              ["RightLowerLeg"] = CFrame.new(-0.000000, 0.090659, -0.169758, 1.000000, 0.000000, 0.000000, -0.000000, -0.762993, 0.646402, 0.000000, -0.646407, -0.762997),

              ["RightUpperArm"] = CFrame.new(-0.225117, -0.091136, -0.196365, 0.959025, -0.223756, -0.173796, 0.165670, 0.940498, -0.296676, 0.229838, 0.255727, 0.939031),

              ["RightUpperLeg"] = CFrame.new(0.000000, 0.000000, -0.000000, 0.459997, -0.806094, 0.372308, -0.040768, -0.438038, -0.898032, 0.886984, 0.397913, -0.234360),

              ["UpperTorso"] = CFrame.new(0.011612, -0.008512, -0.013417, 0.999483, 0.018260, 0.026475, -0.029681, 0.840717, 0.540661, -0.012385, -0.541167, 0.840824)

          }},

          {Time = 0.040, Data = {

              ["Head"] = CFrame.new(-0.000000, -0.000000, -0.000000, 1.000000, 0.000000, -0.000000, -0.000000, 0.267518, -0.963553, 0.000000, 0.963553, 0.267518),

              ["LeftFoot"] = CFrame.new(0.000000, 0.012424, -0.000003, 0.987854, -0.118867, -0.100088, 0.084476, 0.951404, -0.296150, 0.130418, 0.284078, 0.949883),

              ["LeftHand"] = CFrame.new(0.000483, 0.026390, 0.000000, 0.923707, -0.331069, 0.192770, 0.109942, 0.711099, 0.694446, -0.366985, -0.620268, 0.693242),

              ["LeftLowerArm"] = CFrame.new(-0.000499, 0.118324, 0.115694, 1.000000, -0.000000, 0.000000, 0.000000, -0.197201, -0.980363, 0.000000, 0.980363, -0.197202),

              ["LeftLowerLeg"] = CFrame.new(0.000000, 0.062273, -0.013353, 1.000000, -0.000000, -0.000000, 0.000000, 0.863244, 0.504782, -0.000000, -0.504787, 0.863247),

              ["LeftUpperArm"] = CFrame.new(0.176757, -0.111394, -0.166747, 0.923707, 0.338099, 0.180153, -0.220713, 0.854021, -0.471098, -0.313133, 0.395395, 0.863488),

              ["LeftUpperLeg"] = CFrame.new(-0.000000, -0.000000, -0.000100, 0.974027, 0.173911, 0.145010, -0.195709, 0.968679, 0.152853, -0.113886, -0.177244, 0.977552),

              ["LowerTorso"] = CFrame.new(0.181748, -1.358778, -0.139583, 0.996469, -0.048229, -0.068724, 0.083513, 0.485218, 0.870396, -0.008632, -0.873062, 0.487533),

              ["RightFoot"] = CFrame.new(-0.000000, 0.037002, -0.000099, 0.718577, 0.532000, 0.447938, 0.190013, 0.469412, -0.862298, -0.668986, 0.704719, 0.236208),

              ["RightHand"] = CFrame.new(-0.000482, 0.026978, 0.000000, 0.958815, 0.245502, -0.142838, -0.079803, 0.715487, 0.694056, 0.272589, -0.654069, 0.705608),

              ["RightLowerArm"] = CFrame.new(-0.000001, 0.113842, 0.131648, 1.000000, 0.000000, -0.000000, -0.000000, -0.362994, -0.931791, -0.000000, 0.931791, -0.362996),

              ["RightLowerLeg"] = CFrame.new(0.000000, 0.100168, -0.161380, 1.000000, 0.000000, 0.000000, -0.000000, -0.675482, 0.737372, 0.000000, -0.737376, -0.675487),

              ["RightUpperArm"] = CFrame.new(-0.225012, -0.090080, -0.197552, 0.958815, -0.225029, -0.173308, 0.163559, 0.936288, -0.310827, 0.232212, 0.269679, 0.934533),

              ["RightUpperLeg"] = CFrame.new(0.000000, 0.000000, -0.000000, 0.756591, -0.609070, 0.237913, -0.167599, -0.532328, -0.829785, 0.632045, 0.587929, -0.504831),

              ["UpperTorso"] = CFrame.new(0.037624, -0.022371, -0.053033, 0.996469, 0.015831, 0.082452, -0.048229, 0.911798, 0.407796, -0.068724, -0.410333, 0.909343)

          }},

          {Time = 0.060, Data = {

              ["Head"] = CFrame.new(0.000000, -0.000000, 0.000000, 1.000000, 0.000000, -0.000000, -0.000000, 0.267518, -0.963553, 0.000000, 0.963553, 0.267518),

              ["LeftFoot"] = CFrame.new(-0.000000, 0.014284, -0.000003, 0.992797, -0.091647, -0.077169, 0.068080, 0.961545, -0.266096, 0.098582, 0.258906, 0.960853),

              ["LeftHand"] = CFrame.new(0.000483, 0.026392, -0.000000, 0.923281, -0.331955, 0.193285, 0.108370, 0.707842, 0.698012, -0.368521, -0.623511, 0.689507),

              ["LeftLowerArm"] = CFrame.new(-0.000498, 0.118313, 0.115753, 1.000000, -0.000000, 0.000000, 0.000000, -0.197810, -0.980240, 0.000000, 0.980240, -0.197811),

              ["LeftLowerLeg"] = CFrame.new(0.000000, 0.071650, -0.018336, 1.000000, -0.000000, -0.000000, 0.000000, 0.812357, 0.583159, -0.000000, -0.583160, 0.812358),

              ["LeftUpperArm"] = CFrame.new(0.176544, -0.109094, -0.168964, 0.923281, 0.339804, 0.179126, -0.216112, 0.845027, -0.489106, -0.317567, 0.412872, 0.853633),

              ["LeftUpperLeg"] = CFrame.new(0.000000, -0.000000, -0.000100, 0.966983, 0.182222, 0.178158, -0.149194, 0.971549, -0.183922, -0.206604, 0.151290, 0.966660),

              ["LowerTorso"] = CFrame.new(0.141313, -1.206242, -0.093459, 0.987766, -0.045960, -0.149014, 0.155934, 0.282642, 0.946466, -0.001382, -0.958124, 0.286351),

              ["RightFoot"] = CFrame.new(-0.000000, 0.035605, -0.000100, 0.833426, 0.422752, 0.355955, 0.059708, 0.571450, -0.818475, -0.549396, 0.703368, 0.450994),

              ["RightHand"] = CFrame.new(-0.000482, 0.026983, -0.000000, 0.958474, 0.246497, -0.143414, -0.077948, 0.710180, 0.699695, 0.274320, -0.659457, 0.699900),

              ["RightLowerArm"] = CFrame.new(-0.000002, 0.113795, 0.131767, 1.000000, 0.000000, -0.000000, -0.000000, -0.364236, -0.931306, -0.000000, 0.931306, -0.364238),

              ["RightLowerLeg"] = CFrame.new(0.000000, 0.113422, -0.144113, 1.000000, 0.000000, 0.000000, -0.000000, -0.495183, 0.868785, 0.000000, -0.868788, -0.495189),

              ["RightUpperArm"] = CFrame.new(-0.224842, -0.088483, -0.199356, 0.958474, -0.227085, -0.172511, 0.160364, 0.929395, -0.332427, 0.235820, 0.290958, 0.927218),

              ["RightUpperLeg"] = CFrame.new(0.000000, 0.000000, -0.000000, 0.888651, -0.450621, 0.085087, -0.259863, -0.647711, -0.716208, 0.377850, 0.614337, -0.692681),

              ["UpperTorso"] = CFrame.new(0.064670, -0.020061, -0.113690, 0.987767, 0.012325, 0.155453, -0.045960, 0.975602, 0.214683, -0.149014, -0.219201, 0.964233)

          }},

          {Time = 0.080, Data = {

              ["Head"] = CFrame.new(0.000000, 0.000000, -0.000000, 1.000000, 0.000000, -0.000000, -0.000000, 0.267518, -0.963553, 0.000000, 0.963553, 0.267518),

              ["LeftFoot"] = CFrame.new(0.000000, 0.014906, -0.000003, 0.997040, -0.058818, -0.049526, 0.048231, 0.980024, -0.192957, 0.059883, 0.189981, 0.979957),

              ["LeftHand"] = CFrame.new(0.000483, 0.026396, 0.000000, 0.922680, -0.333202, 0.194011, 0.106175, 0.703299, 0.702924, -0.370660, -0.627971, 0.684294),

              ["LeftLowerArm"] = CFrame.new(-0.000499, 0.118298, 0.115833, 1.000000, -0.000000, 0.000000, 0.000000, -0.198646, -0.980071, 0.000000, 0.980071, -0.198647),

              ["LeftLowerLeg"] = CFrame.new(0.000000, 0.073909, -0.019574, 1.000000, -0.000000, -0.000000, 0.000000, 0.799618, 0.600508, -0.000000, -0.600508, 0.799619),

              ["LeftUpperArm"] = CFrame.new(0.176244, -0.106203, -0.171755, 0.922679, 0.342184, 0.177690, -0.210330, 0.832933, -0.511843, -0.323148, 0.434894, 0.840501),

              ["LeftUpperLeg"] = CFrame.new(-0.000000, -0.000000, -0.000100, 0.957900, 0.192123, 0.213348, -0.065395, 0.869571, -0.489442, -0.279554, 0.454902, 0.845535),

              ["LowerTorso"] = CFrame.new(0.086752, -1.038257, -0.062920, 0.973420, -0.009655, -0.228825, 0.229014, 0.052491, 0.972007, 0.002626, -0.998575, 0.053307),

              ["RightFoot"] = CFrame.new(-0.000000, 0.034104, -0.000101, 0.869364, 0.378031, 0.318304, -0.024471, 0.676235, -0.736298, -0.493566, 0.632296, 0.597117),

              ["RightHand"] = CFrame.new(-0.000482, 0.026989, 0.000000, 0.958005, 0.247858, -0.144203, -0.075408, 0.702936, 0.707247, 0.276659, -0.666669, 0.692103),

              ["RightLowerArm"] = CFrame.new(-0.000001, 0.113734, 0.131922, 1.000000, 0.000000, -0.000000, -0.000000, -0.365845, -0.930676, -0.000000, 0.930676, -0.365846),

              ["RightLowerLeg"] = CFrame.new(0.000000, 0.123435, -0.119330, 1.000000, 0.000000, 0.000000, -0.000000, -0.236733, 0.971573, 0.000000, -0.971575, -0.236742),

              ["RightUpperArm"] = CFrame.new(-0.224607, -0.086472, -0.201639, 0.958004, -0.229894, -0.171395, 0.156342, 0.919806, -0.359880, 0.240385, 0.317970, 0.917121),

              ["RightUpperLeg"] = CFrame.new(0.000000, 0.000000, 0.000000, 0.933658, -0.355154, -0.046356, -0.306396, -0.724976, -0.616887, 0.185482, 0.590148, -0.785686),

              ["UpperTorso"] = CFrame.new(0.083813, 0.011978, -0.176163, 0.973420, 0.008758, 0.228861, -0.009655, 0.999949, 0.002801, -0.228825, -0.004936, 0.973455)

          }},

          {Time = 0.100, Data = {

              ["Head"] = CFrame.new(0.000000, 0.000000, 0.000000, 1.000000, 0.000000, -0.000000, -0.000000, 0.267518, -0.963553, 0.000000, 0.963553, 0.267518),

              ["LeftFoot"] = CFrame.new(0.000000, 0.013799, -0.000003, 0.999235, -0.029917, -0.025191, 0.027268, 0.994648, -0.099671, 0.028036, 0.098897, 0.994702),

              ["LeftHand"] = CFrame.new(0.000483, 0.026400, 0.000000, 0.921908, -0.334794, 0.194937, 0.103381, 0.697534, 0.709058, -0.373360, -0.633529, 0.677670),

              ["LeftLowerArm"] = CFrame.new(-0.000499, 0.118279, 0.115929, 1.000000, -0.000000, 0.000000, 0.000000, -0.199640, -0.979869, 0.000000, 0.979869, -0.199641),

              ["LeftLowerLeg"] = CFrame.new(-0.000000, 0.069647, -0.017239, 1.000000, -0.000000, -0.000000, 0.000000, 0.823593, 0.567180, -0.000000, -0.567182, 0.823594),

              ["LeftUpperArm"] = CFrame.new(0.175858, -0.102909, -0.174935, 0.921907, 0.345206, 0.175839, -0.203741, 0.818065, -0.537827, -0.329509, 0.460002, 0.824513),

              ["LeftUpperLeg"] = CFrame.new(0.000000, -0.000000, -0.000100, 0.949041, 0.202340, 0.241623, 0.023676, 0.718730, -0.694873, -0.314262, 0.665196, 0.677326),

              ["LowerTorso"] = CFrame.new(0.032796, -0.889554, -0.052377, 0.957919, 0.045930, -0.283341, 0.287039, -0.153280, 0.945576, -0.000000, -0.987115, -0.160014),

              ["RightFoot"] = CFrame.new(0.000000, 0.032449, -0.000102, 0.878967, 0.364804, 0.307169, -0.084753, 0.753332, -0.652177, -0.469292, 0.547183, 0.693046),

              ["RightHand"] = CFrame.new(-0.000482, 0.026998, 0.000000, 0.957417, 0.249552, -0.145184, -0.072257, 0.693982, 0.716360, 0.279522, -0.675361, 0.682459),

              ["RightLowerArm"] = CFrame.new(-0.000002, 0.113656, 0.132115, 1.000000, 0.000000, -0.000000, -0.000000, -0.367848, -0.929885, -0.000000, 0.929886, -0.367849),

              ["RightLowerLeg"] = CFrame.new(0.000000, 0.125708, -0.093527, 1.000000, 0.000000, 0.000000, -0.000000, 0.031982, 0.999489, 0.000000, -0.999488, 0.031967),

              ["RightUpperArm"] = CFrame.new(-0.224313, -0.084175, -0.204254, 0.957416, -0.233345, -0.170013, 0.151747, 0.907685, -0.391255, 0.245616, 0.348795, 0.904442),

              ["RightUpperLeg"] = CFrame.new(0.000000, 0.000000, 0.000000, 0.946685, -0.288023, -0.144335, -0.318751, -0.772394, -0.549387, 0.046752, 0.566084, -0.823007),

              ["UpperTorso"] = CFrame.new(0.093507, 0.064019, -0.215255, 0.957919, 0.007608, 0.286938, 0.045930, 0.982705, -0.179389, -0.283341, 0.185020, 0.941003)

          }},

          {Time = 0.120, Data = {

              ["Head"] = CFrame.new(0.000000, 0.000000, 0.000000, 1.000000, 0.000000, -0.000000, -0.000000, 0.267518, -0.963553, 0.000000, 0.963553, 0.267518),

              ["LeftFoot"] = CFrame.new(-0.000000, 0.012679, -0.000002, 0.999847, -0.013382, -0.011269, 0.013182, 0.999755, -0.017767, 0.011502, 0.017612, 0.999779),

              ["LeftHand"] = CFrame.new(0.000483, 0.026404, 0.000000, 0.920991, -0.336674, 0.196031, 0.100073, 0.690740, 0.716148, -0.376512, -0.639945, 0.669854),

              ["LeftLowerArm"] = CFrame.new(-0.000499, 0.118260, 0.116029, 1.000000, -0.000000, 0.000000, 0.000000, -0.200672, -0.979658, 0.000000, 0.979659, -0.200673),

              ["LeftLowerLeg"] = CFrame.new(-0.000000, 0.063673, -0.014045, 1.000000, -0.000000, -0.000000, 0.000000, 0.856193, 0.516651, -0.000000, -0.516656, 0.856196),

              ["LeftUpperArm"] = CFrame.new(0.175399, -0.099401, -0.178314, 0.920990, 0.348772, 0.173594, -0.196727, 0.800949, -0.565490, -0.336267, 0.486660, 0.806279),

              ["LeftUpperLeg"] = CFrame.new(0.000000, 0.000000, -0.000100, 0.943514, 0.215262, 0.251884, 0.081611, 0.585794, -0.806331, -0.321125, 0.781350, 0.535150),

              ["LowerTorso"] = CFrame.new(-0.000963, -0.784658, -0.052795, 0.947844, 0.089242, -0.305988, 0.318519, -0.300624, 0.898983, -0.011761, -0.949558, -0.313370),

              ["RightFoot"] = CFrame.new(-0.000000, 0.030728, -0.000102, 0.883028, 0.359018, 0.302298, -0.122191, 0.797740, -0.590512, -0.453135, 0.484477, 0.748273),

              ["RightHand"] = CFrame.new(-0.000482, 0.027006, 0.000000, 0.956731, 0.251512, -0.146320, -0.068548, 0.683524, 0.726705, 0.282786, -0.685228, 0.671185),

              ["RightLowerArm"] = CFrame.new(-0.000001, 0.113585, 0.132295, 1.000000, 0.000000, -0.000000, -0.000000, -0.369726, -0.929141, -0.000000, 0.929141, -0.369727),

              ["RightLowerLeg"] = CFrame.new(0.000000, 0.122366, -0.074564, 1.000000, 0.000000, 0.000000, -0.000000, 0.229320, 0.973355, 0.000000, -0.973351, 0.229304),

              ["RightUpperArm"] = CFrame.new(-0.223970, -0.081721, -0.207050, 0.956730, -0.237405, -0.168245, 0.146840, 0.893102, -0.425214, 0.251208, 0.382110, 0.889318),

              ["RightUpperLeg"] = CFrame.new(0.000000, 0.000000, -0.000000, 0.947765, -0.243129, -0.206478, -0.316170, -0.801657, -0.507350, -0.042174, 0.546109, -0.836638),

              ["UpperTorso"] = CFrame.new(0.097935, 0.108811, -0.220267, 0.947844, 0.012420, 0.318494, 0.089242, 0.948934, -0.302589, -0.305988, 0.315230, 0.898333)

          }},

          {Time = 0.140, Data = {

              ["Head"] = CFrame.new(0.000000, 0.000000, 0.000000, 1.000000, 0.000000, -0.000000, -0.000000, 0.267518, -0.963553, 0.000000, 0.963553, 0.267518),

              ["LeftFoot"] = CFrame.new(-0.000000, 0.011916, -0.000003, 0.999923, -0.009477, -0.007980, 0.009782, 0.999191, 0.039009, 0.007603, -0.039083, 0.999207),

              ["LeftHand"] = CFrame.new(0.000483, 0.026408, 0.000000, 0.919976, -0.338740, 0.197233, 0.096416, 0.683275, 0.723770, -0.379931, -0.646831, 0.661254),

              ["LeftLowerArm"] = CFrame.new(-0.000499, 0.118242, 0.116118, 1.000000, -0.000000, 0.000000, 0.000000, -0.201600, -0.979468, 0.000000, 0.979468, -0.201601),

              ["LeftLowerLeg"] = CFrame.new(-0.000000, 0.059508, -0.012050, 1.000000, -0.000000, -0.000000, 0.000000, 0.876519, 0.481362, -0.000000, -0.481368, 0.876522),

              ["LeftUpperArm"] = CFrame.new(0.174892, -0.095878, -0.181693, 0.919976, 0.352694, 0.171032, -0.189681, 0.782413, -0.593170, -0.343025, 0.513260, 0.786701),

              ["LeftUpperLeg"] = CFrame.new(0.000000, -0.000000, -0.000100, 0.941974, 0.234261, 0.240437, 0.101442, 0.484103, -0.869104, -0.319993, 0.843069, 0.432260),

              ["LowerTorso"] = CFrame.new(-0.009120, -0.719371, -0.054331, 0.945237, 0.105658, -0.308809, 0.324827, -0.396855, 0.858483, -0.031847, -0.911780, -0.409443),

              ["RightFoot"] = CFrame.new(0.000000, 0.029519, -0.000102, 0.889083, 0.350164, 0.294843, -0.137142, 0.818262, -0.558266, -0.436720, 0.455886, 0.775504),

              ["RightHand"] = CFrame.new(-0.000482, 0.027013, -0.000000, 0.955982, 0.253631, -0.147548, -0.064491, 0.672167, 0.737588, 0.286250, -0.695603, 0.658933),

              ["RightLowerArm"] = CFrame.new(-0.000002, 0.113519, 0.132461, 1.000000, 0.000000, -0.000000, 0.000000, -0.371441, -0.928456, -0.000000, 0.928457, -0.371442),

              ["RightLowerLeg"] = CFrame.new(0.000000, 0.118497, -0.064033, 1.000000, 0.000000, 0.000000, -0.000000, 0.338812, 0.940860, 0.000000, -0.940854, 0.338796),

              ["RightUpperArm"] = CFrame.new(-0.223596, -0.079248, -0.209864, 0.955982, -0.241817, -0.166203, 0.141894, 0.876770, -0.459500, 0.256837, 0.415691, 0.872489),

              ["RightUpperLeg"] = CFrame.new(0.000000, 0.000000, -0.000000, 0.944741, -0.220156, -0.242896, -0.313852, -0.821400, -0.476255, -0.094666, 0.526149, -0.845093),

              ["UpperTorso"] = CFrame.new(0.100534, 0.132541, -0.202375, 0.945237, 0.024644, 0.325452, 0.105658, 0.920347, -0.376562, -0.308809, 0.390327, 0.867342)

          }},

          {Time = 0.160, Data = {

              ["Head"] = CFrame.new(0.000000, -0.000000, -0.000000, 1.000000, 0.000000, -0.000000, -0.000000, 0.267518, -0.963553, 0.000000, 0.963553, 0.267518),

              ["LeftFoot"] = CFrame.new(-0.000000, 0.011740, -0.000002, 0.999772, -0.016350, -0.013768, 0.017293, 0.997302, 0.071347, 0.012563, -0.071565, 0.997357),

              ["LeftHand"] = CFrame.new(0.000483, 0.026411, 0.000000, 0.918937, -0.340841, 0.198455, 0.092667, 0.675673, 0.731357, -0.383364, -0.653677, 0.652482),

              ["LeftLowerArm"] = CFrame.new(-0.000499, 0.118229, 0.116186, 1.000000, -0.000000, 0.000000, 0.000000, -0.202305, -0.979322, 0.000000, 0.979323, -0.202306),

              ["LeftLowerLeg"] = CFrame.new(0.000000, 0.058538, -0.011611, 1.000000, -0.000000, -0.000000, 0.000000, 0.880987, 0.473134, -0.000000, -0.473141, 0.880990),

              ["LeftUpperArm"] = CFrame.new(0.174372, -0.092548, -0.184866, 0.918936, 0.356692, 0.168308, -0.183020, 0.763656, -0.619139, -0.349371, 0.538146, 0.767033),

              ["LeftUpperLeg"] = CFrame.new(-0.000000, -0.000000, -0.000100, 0.943058, 0.259885, 0.207612, 0.088138, 0.406595, -0.909341, -0.320739, 0.875865, 0.360549),

              ["LowerTorso"] = CFrame.new(0.006454, -0.683747, -0.052821, 0.948946, 0.094105, -0.301075, 0.309911, -0.456043, 0.834254, -0.058795, -0.884968, -0.461924),

              ["RightFoot"] = CFrame.new(0.000000, 0.029022, -0.000103, 0.899075, 0.334902, 0.281992, -0.132293, 0.821802, -0.554223, -0.417329, 0.460958, 0.783146),

              ["RightHand"] = CFrame.new(-0.000482, 0.027019, -0.000000, 0.955223, 0.255761, -0.148783, -0.060359, 0.660696, 0.748226, 0.289665, -0.705739, 0.646546),

              ["RightLowerArm"] = CFrame.new(-0.000002, 0.113465, 0.132594, 1.000000, 0.000000, -0.000000, -0.000000, -0.372825, -0.927901, -0.000000, 0.927902, -0.372826),

              ["RightLowerLeg"] = CFrame.new(0.000000, 0.116911, -0.060720, 1.000000, 0.000000, 0.000000, -0.000000, 0.373269, 0.927729, 0.000000, -0.927723, 0.373254),

              ["RightUpperArm"] = CFrame.new(-0.223216, -0.076901, -0.212524, 0.955223, -0.246278, -0.164003, 0.137201, 0.859749, -0.491943, 0.262155, 0.447414, 0.855041),

              ["RightUpperLeg"] = CFrame.new(0.000000, 0.000000, -0.000000, 0.940378, -0.217229, -0.261731, -0.317670, -0.835913, -0.447609, -0.121552, 0.504044, -0.855069),

              ["UpperTorso"] = CFrame.new(0.100791, 0.135828, -0.173204, 0.948946, 0.044883, 0.312230, 0.094105, 0.904470, -0.416028, -0.301075, 0.424170, 0.854069)

          }},

          {Time = 0.180, Data = {

              ["Head"] = CFrame.new(0.000000, -0.000000, 0.000000, 1.000000, 0.000000, -0.000000, -0.000000, 0.267518, -0.963553, 0.000000, 0.963553, 0.267518),

              ["LeftFoot"] = CFrame.new(-0.000000, 0.012050, -0.000002, 0.999107, -0.032328, -0.027222, 0.034563, 0.995691, 0.086051, 0.024320, -0.086910, 0.995919),

              ["LeftHand"] = CFrame.new(0.000482, 0.026412, -0.000000, 0.917967, -0.342788, 0.199588, 0.089163, 0.668617, 0.738245, -0.386506, -0.659885, 0.644328),

              ["LeftLowerArm"] = CFrame.new(-0.000499, 0.118220, 0.116227, 1.000000, -0.000000, 0.000000, -0.000000, -0.202733, -0.979234, 0.000000, 0.979234, -0.202734),

              ["LeftLowerLeg"] = CFrame.new(-0.000000, 0.060243, -0.012388, 1.000000, -0.000000, -0.000000, 0.000000, 0.873071, 0.487587, -0.000000, -0.487593, 0.873074),

              ["LeftUpperArm"] = CFrame.new(0.173887, -0.089633, -0.187622, 0.917966, 0.360405, 0.165670, -0.177190, 0.746257, -0.641642, -0.354883, 0.559651, 0.748898),

              ["LeftUpperLeg"] = CFrame.new(-0.000000, -0.000000, -0.000100, 0.944458, 0.289477, 0.155576, 0.048164, 0.346351, -0.936863, -0.325084, 0.892325, 0.313184),

              ["LowerTorso"] = CFrame.new(0.041864, -0.669487, -0.047904, 0.956464, 0.058575, -0.285913, 0.277272, -0.488138, 0.827551, -0.091091, -0.870798, -0.483128),

              ["RightFoot"] = CFrame.new(-0.000000, 0.029342, -0.000102, 0.912980, 0.312113, 0.262803, -0.112552, 0.811754, -0.573072, -0.392172, 0.493600, 0.776224),

              ["RightHand"] = CFrame.new(-0.000482, 0.027023, -0.000000, 0.954520, 0.257718, -0.149917, -0.056516, 0.650108, 0.757740, 0.292743, -0.714801, 0.635103),

              ["RightLowerArm"] = CFrame.new(-0.000002, 0.113427, 0.132687, 1.000000, 0.000000, -0.000000, -0.000000, -0.373793, -0.927512, -0.000000, 0.927512, -0.373794),

              ["RightLowerLeg"] = CFrame.new(0.000000, 0.117947, -0.062849, 1.000000, 0.000000, 0.000000, -0.000000, 0.351135, 0.936331, 0.000000, -0.936325, 0.351119),

              ["RightUpperArm"] = CFrame.new(-0.222864, -0.074840, -0.214847, 0.954519, -0.250398, -0.161846, 0.133078, 0.843570, -0.520269, 0.266802, 0.475069, 0.838526),

              ["RightUpperLeg"] = CFrame.new(0.000000, -0.000000, -0.000000, 0.935829, -0.229725, -0.267308, -0.327719, -0.846256, -0.420082, -0.129709, 0.480704, -0.867224),

              ["UpperTorso"] = CFrame.new(0.096209, 0.125452, -0.139929, 0.956464, 0.073119, 0.282543, 0.058575, 0.900315, -0.431279, -0.285913, 0.429053, 0.856836)

          }},

          {Time = 0.200, Data = {

              ["Head"] = CFrame.new(0.000000, 0.000000, -0.000000, 1.000000, 0.000000, -0.000000, -0.000000, 0.267518, -0.963553, 0.000000, 0.963553, 0.267518),

              ["LeftFoot"] = CFrame.new(0.000000, 0.012565, -0.000002, 0.997344, -0.055721, -0.046919, 0.059882, 0.993908, 0.092529, 0.041474, -0.095088, 0.994604),

              ["LeftHand"] = CFrame.new(0.000482, 0.026413, -0.000000, 0.917176, -0.344365, 0.200505, 0.086304, 0.662895, 0.743724, -0.389023, -0.664818, 0.637708),

              ["LeftLowerArm"] = CFrame.new(-0.000499, 0.118217, 0.116245, 1.000000, -0.000000, 0.000000, 0.000000, -0.202918, -0.979196, 0.000000, 0.979196, -0.202919),

              ["LeftLowerLeg"] = CFrame.new(0.000000, 0.063059, -0.013739, 1.000000, -0.000000, -0.000000, 0.000000, 0.859313, 0.511444, -0.000000, -0.511449, 0.859316),

              ["LeftUpperArm"] = CFrame.new(0.173492, -0.087367, -0.189749, 0.917176, 0.363419, 0.163449, -0.172658, 0.732107, -0.658945, -0.359135, 0.576148, 0.734218),

              ["LeftUpperLeg"] = CFrame.new(-0.000000, -0.000000, -0.000100, 0.943718, 0.318685, 0.088529, -0.011669, 0.299555, -0.954003, -0.330546, 0.899281, 0.286426),

              ["LowerTorso"] = CFrame.new(0.092298, -0.669609, -0.041149, 0.964813, 0.005348, -0.262881, 0.230273, -0.499802, 0.834968, -0.126923, -0.866123, -0.483447),

              ["RightFoot"] = CFrame.new(0.000000, 0.030205, -0.000102, 0.929859, 0.281448, 0.236982, -0.084290, 0.789918, -0.607414, -0.358131, 0.544808, 0.758214),

              ["RightHand"] = CFrame.new(-0.000482, 0.027025, -0.000000, 0.953949, 0.259294, -0.150830, -0.053390, 0.641553, 0.765221, 0.295180, -0.721925, 0.625849),

              ["RightLowerArm"] = CFrame.new(-0.000002, 0.113405, 0.132742, 1.000000, 0.000000, -0.000000, -0.000000, -0.374358, -0.927284, -0.000000, 0.927284, -0.374359),

              ["RightLowerLeg"] = CFrame.new(0.000000, 0.120466, -0.068639, 1.000000, 0.000000, 0.000000, -0.000000, 0.290851, 0.956773, 0.000000, -0.956768, 0.290835),

              ["RightUpperArm"] = CFrame.new(-0.222579, -0.073232, -0.216648, 0.953948, -0.253730, -0.160012, 0.129862, 0.830165, -0.542182, 0.270404, 0.496434, 0.824885),

              ["RightUpperLeg"] = CFrame.new(0.000000, -0.000000, -0.000000, 0.931868, -0.250975, -0.261987, -0.340946, -0.852643, -0.395946, -0.124009, 0.458270, -0.880108),

              ["UpperTorso"] = CFrame.new(0.084355, 0.110200, -0.107490, 0.964813, 0.108324, 0.239585, 0.005348, 0.902920, -0.429776, -0.262881, 0.415935, 0.870570)

          }},

          {Time = 0.220, Data = {

              ["Head"] = CFrame.new(0.000000, -0.000000, 0.000000, 1.000000, 0.000000, -0.000000, -0.000000, 0.267518, -0.963553, 0.000000, 0.963553, 0.267518),

              ["LeftFoot"] = CFrame.new(0.000000, 0.012980, -0.000002, 0.993889, -0.084439, -0.071100, 0.091330, 0.990787, 0.100004, 0.061997, -0.105881, 0.992444),

              ["LeftHand"] = CFrame.new(0.000483, 0.026413, -0.000000, 0.916682, -0.345347, 0.201077, 0.084514, 0.659327, 0.747094, -0.390579, -0.667850, 0.633576),

              ["LeftLowerArm"] = CFrame.new(-0.000499, 0.118216, 0.116249, 1.000000, -0.000000, 0.000000, 0.000000, -0.202957, -0.979187, 0.000000, 0.979188, -0.202958),

              ["LeftLowerLeg"] = CFrame.new(-0.000000, 0.065297, -0.014873, 1.000000, -0.000000, -0.000000, 0.000000, 0.847746, 0.530398, -0.000000, -0.530403, 0.847748),

              ["LeftUpperArm"] = CFrame.new(0.173245, -0.085991, -0.191031, 0.916681, 0.365299, 0.162027, -0.169906, 0.723253, -0.669356, -0.361701, 0.586057, 0.725059),

              ["LeftUpperLeg"] = CFrame.new(-0.000000, -0.000000, -0.000100, 0.939050, 0.343557, 0.012430, -0.083944, 0.264192, -0.960806, -0.333375, 0.901206, 0.276942),

              ["LowerTorso"] = CFrame.new(0.152523, -0.677704, -0.034758, 0.971260, -0.058244, -0.230787, 0.172423, -0.496263, 0.850878, -0.164090, -0.866216, -0.471958),

              ["RightFoot"] = CFrame.new(0.000000, 0.030864, -0.000102, 0.948215, 0.242980, 0.204591, -0.054055, 0.758137, -0.649874, -0.312995, 0.605136, 0.731988),

              ["RightHand"] = CFrame.new(-0.000482, 0.027026, -0.000000, 0.953592, 0.260272, -0.151398, -0.051435, 0.636229, 0.769786, 0.296675, -0.726272, 0.620087),

              ["RightLowerArm"] = CFrame.new(-0.000001, 0.113395, 0.132766, 1.000000, 0.000000, -0.000000, -0.000000, -0.374613, -0.927181, -0.000000, 0.927181, -0.374614),

              ["RightLowerLeg"] = CFrame.new(-0.000000, 0.122865, -0.076457, 1.000000, 0.000000, 0.000000, -0.000000, 0.209667, 0.977776, 0.000000, -0.977773, 0.209651),

              ["RightUpperArm"] = CFrame.new(-0.222401, -0.072254, -0.217739, 0.953592, -0.255804, -0.158829, 0.127906, 0.821673, -0.555422, 0.272585, 0.509330, 0.816260),

              ["RightUpperLeg"] = CFrame.new(0.000000, 0.000000, -0.000000, 0.929284, -0.273921, -0.247793, -0.353025, -0.855994, -0.377710, -0.108648, 0.438455, -0.892151),

              ["UpperTorso"] = CFrame.new(0.064355, 0.098420, -0.080907, 0.971260, 0.148280, 0.186194, -0.058244, 0.906527, -0.418111, -0.230787, 0.395250, 0.889109)

          }},

          {Time = 0.240, Data = {

              ["Head"] = CFrame.new(-0.000000, 0.000000, -0.000000, 1.000000, 0.000000, -0.000000, -0.000000, 0.267518, -0.963553, 0.000000, 0.963553, 0.267518),

              ["LeftFoot"] = CFrame.new(0.000000, 0.013023, -0.000002, 0.988479, -0.115784, -0.097494, 0.126877, 0.985049, 0.116544, 0.082536, -0.127564, 0.988389),

              ["LeftHand"] = CFrame.new(0.000483, 0.026413, -0.000000, 0.916569, -0.345570, 0.201207, 0.084106, 0.658515, 0.747855, -0.390931, -0.668535, 0.632636),

              ["LeftLowerArm"] = CFrame.new(-0.000499, 0.118216, 0.116249, 1.000000, -0.000000, 0.000000, 0.000000, -0.202958, -0.979187, 0.000000, 0.979187, -0.202960),

              ["LeftLowerLeg"] = CFrame.new(0.000000, 0.065530, -0.014994, 1.000000, -0.000000, -0.000000, 0.000000, 0.846512, 0.532366, -0.000000, -0.532370, 0.846515),

              ["LeftUpperArm"] = CFrame.new(0.173188, -0.085682, -0.191319, 0.916568, 0.365726, 0.161699, -0.169288, 0.721236, -0.671685, -0.362276, 0.588272, 0.722975),

              ["LeftUpperLeg"] = CFrame.new(0.000000, -0.000000, -0.000100, 0.929988, 0.361681, -0.065642, -0.160571, 0.239057, -0.957634, -0.330666, 0.901132, 0.280409),

              ["LowerTorso"] = CFrame.new(0.217267, -0.687281, -0.030786, 0.973859, -0.124767, -0.189823, 0.107515, -0.482951, 0.869022, -0.200100, -0.866713, -0.456911),

              ["RightFoot"] = CFrame.new(0.000000, 0.031860, -0.000102, 0.966159, 0.197325, 0.166149, -0.027930, 0.720334, -0.693089, -0.256430, 0.664968, 0.701443),

              ["RightHand"] = CFrame.new(-0.000482, 0.027026, 0.000000, 0.953511, 0.260494, -0.151526, -0.050990, 0.635020, 0.770814, 0.297012, -0.727250, 0.618778),

              ["RightLowerArm"] = CFrame.new(-0.000001, 0.113393, 0.132770, 1.000000, 0.000000, -0.000000, 0.000000, -0.374660, -0.927162, -0.000000, 0.927162, -0.374662),

              ["RightLowerLeg"] = CFrame.new(-0.000000, 0.124740, -0.084406, 1.000000, 0.000000, 0.000000, -0.000000, 0.126814, 0.991929, 0.000000, -0.991926, 0.126799),

              ["RightUpperArm"] = CFrame.new(-0.222360, -0.072034, -0.217983, 0.953511, -0.256275, -0.158556, 0.127466, 0.819728, -0.558389, 0.273074, 0.512219, 0.814286),

              ["RightUpperLeg"] = CFrame.new(0.000000, 0.000000, -0.000000, 0.928870, -0.292075, -0.227809, -0.359842, -0.857381, -0.368006, -0.087835, 0.423782, -0.901485),

              ["UpperTorso"] = CFrame.new(0.037781, 0.096108, -0.065896, 0.973859, 0.189611, 0.125088, -0.124767, 0.906663, -0.402984, -0.189823, 0.376843, 0.906618)

          }},

          {Time = 0.260, Data = {

              ["Head"] = CFrame.new(0.000000, 0.000000, 0.000000, 1.000000, 0.000000, -0.000000, -0.000000, 0.267518, -0.963553, 0.000000, 0.963553, 0.267518),

              ["LeftFoot"] = CFrame.new(-0.000000, 0.012525, -0.000002, 0.981413, -0.146801, -0.123610, 0.164384, 0.975425, 0.146718, 0.099028, -0.164302, 0.981425),

              ["LeftHand"] = CFrame.new(0.000483, 0.026413, -0.000000, 0.916813, -0.345087, 0.200926, 0.084989, 0.660273, 0.746204, -0.390168, -0.667050, 0.634672),

              ["LeftLowerArm"] = CFrame.new(-0.000499, 0.118216, 0.116248, 1.000000, -0.000000, 0.000000, 0.000000, -0.202952, -0.979188, 0.000000, 0.979189, -0.202954),

              ["LeftLowerLeg"] = CFrame.new(-0.000000, 0.062843, -0.013632, 1.000000, -0.000000, -0.000000, 0.000000, 0.860399, 0.509617, -0.000000, -0.509622, 0.860402),

              ["LeftUpperArm"] = CFrame.new(0.173310, -0.086353, -0.190694, 0.916812, 0.364800, 0.162407, -0.170631, 0.725603, -0.666623, -0.361027, 0.583456, 0.727488),

              ["LeftUpperLeg"] = CFrame.new(-0.000000, 0.000000, -0.000100, 0.917535, 0.372732, -0.138561, -0.234162, 0.224796, -0.945848, -0.321401, 0.900299, 0.293551),

              ["LowerTorso"] = CFrame.new(0.281751, -0.693551, -0.030346, 0.971811, -0.188024, -0.142235, 0.039640, -0.464400, 0.884738, -0.232406, -0.865436, -0.443855),

              ["RightFoot"] = CFrame.new(-0.000000, 0.032322, -0.000102, 0.981559, 0.146236, 0.123132, -0.009555, 0.680824, -0.732409, -0.190923, 0.717700, 0.669639),

              ["RightHand"] = CFrame.new(-0.000482, 0.027026, 0.000000, 0.953687, 0.260013, -0.151247, -0.051954, 0.637640, 0.768583, 0.296281, -0.725127, 0.621614),

              ["RightLowerArm"] = CFrame.new(-0.000001, 0.113398, 0.132760, 1.000000, 0.000000, -0.000000, -0.000000, -0.374553, -0.927205, -0.000000, 0.927206, -0.374554),

              ["RightLowerLeg"] = CFrame.new(0.000000, 0.125569, -0.091445, 1.000000, 0.000000, 0.000000, -0.000000, 0.053640, 0.998561, 0.000000, -0.998560, 0.053625),

              ["RightUpperArm"] = CFrame.new(-0.222448, -0.072512, -0.217452, 0.953686, -0.255255, -0.159146, 0.128422, 0.823935, -0.551942, 0.272011, 0.505942, 0.818555),

              ["RightUpperLeg"] = CFrame.new(-0.000000, 0.000000, -0.000000, 0.931069, -0.302203, -0.204421, -0.359028, -0.858556, -0.366054, -0.064885, 0.414192, -0.907864),

              ["UpperTorso"] = CFrame.new(0.008622, 0.104514, -0.066097, 0.971811, 0.228157, 0.059400, -0.188024, 0.902031, -0.388569, -0.142235, 0.366447, 0.919503)

          }},

          {Time = 0.280, Data = {

              ["Head"] = CFrame.new(0.000000, -0.000000, 0.000000, 1.000000, 0.000000, -0.000000, -0.000000, 0.267518, -0.963553, 0.000000, 0.963553, 0.267518),

              ["LeftFoot"] = CFrame.new(0.000000, 0.011626, -0.000002, 0.973347, -0.175432, -0.147718, 0.201287, 0.962165, 0.183651, 0.109904, -0.208477, 0.971829),

              ["LeftHand"] = CFrame.new(0.000483, 0.026413, -0.000000, 0.917345, -0.344028, 0.200310, 0.086915, 0.664115, 0.742564, -0.388489, -0.663774, 0.639121),

              ["LeftLowerArm"] = CFrame.new(-0.000499, 0.118217, 0.116242, 1.000000, -0.000000, 0.000000, 0.000000, -0.202890, -0.979201, 0.000000, 0.979201, -0.202891),

              ["LeftLowerLeg"] = CFrame.new(0.000000, 0.057912, -0.011333, 1.000000, -0.000000, -0.000000, 0.000000, 0.883817, 0.467827, -0.000000, -0.467833, 0.883820),

              ["LeftUpperArm"] = CFrame.new(0.173576, -0.087844, -0.189302, 0.917345, 0.362776, 0.163929, -0.173611, 0.735129, -0.655320, -0.358243, 0.572694, 0.737349),

              ["LeftUpperLeg"] = CFrame.new(-0.000000, 0.000000, -0.000100, 0.903502, 0.378343, -0.201340, -0.301128, 0.226106, -0.926387, -0.304969, 0.897626, 0.318229),

              ["LowerTorso"] = CFrame.new(0.342071, -0.699874, -0.032303, 0.965585, -0.244002, -0.090053, -0.026931, -0.438175, 0.898486, -0.258692, -0.865139, -0.429666),

              ["RightFoot"] = CFrame.new(-0.000000, 0.032703, -0.000101, 0.992535, 0.093301, 0.078559, 0.000326, 0.642074, -0.766667, -0.121962, 0.760944, 0.637221),

              ["RightHand"] = CFrame.new(-0.000482, 0.027025, 0.000000, 0.954071, 0.258958, -0.150636, -0.054058, 0.643376, 0.763642, 0.294665, -0.720422, 0.627821),

              ["RightLowerArm"] = CFrame.new(-0.000001, 0.113409, 0.132732, 1.000000, 0.000000, -0.000000, -0.000000, -0.374253, -0.927326, -0.000000, 0.927326, -0.374255),

              ["RightLowerLeg"] = CFrame.new(0.000000, 0.125845, -0.097671, 1.000000, 0.000000, 0.000000, -0.000000, -0.011128, 0.999938, 0.000000, -0.999938, -0.011141),

              ["RightUpperArm"] = CFrame.new(-0.222640, -0.073571, -0.216270, 0.954070, -0.253020, -0.160410, 0.130540, 0.833046, -0.537581, 0.269647, 0.491950, 0.827814),

              ["RightUpperLeg"] = CFrame.new(-0.000000, 0.000000, -0.000000, 0.935541, -0.305113, -0.177967, -0.351025, -0.859173, -0.372317, -0.039307, 0.410766, -0.910883),

              ["UpperTorso"] = CFrame.new(-0.018420, 0.119802, -0.080154, 0.965585, 0.259990, -0.007212, -0.244002, 0.895910, -0.371225, -0.090053, 0.360209, 0.928515)

          }},

          {Time = 0.300, Data = {

              ["Head"] = CFrame.new(0.000000, 0.000000, 0.000000, 1.000000, 0.000000, -0.000000, -0.000000, 0.267518, -0.963553, 0.000000, 0.963553, 0.267518),

              ["LeftFoot"] = CFrame.new(-0.000000, 0.010613, -0.000002, 0.965157, -0.200166, -0.168545, 0.234372, 0.947713, 0.216603, 0.116369, -0.248541, 0.961601),

              ["LeftHand"] = CFrame.new(0.000483, 0.026412, -0.000000, 0.918087, -0.342547, 0.199448, 0.089597, 0.669489, 0.737402, -0.386120, -0.659126, 0.645336),

              ["LeftLowerArm"] = CFrame.new(-0.000499, 0.118221, 0.116223, 1.000000, -0.000000, 0.000000, 0.000000, -0.202692, -0.979242, 0.000000, 0.979242, -0.202693),

              ["LeftLowerLeg"] = CFrame.new(0.000000, 0.052276, -0.009005, 1.000000, -0.000000, -0.000000, 0.000000, 0.907488, 0.420069, -0.000000, -0.420078, 0.907492),

              ["LeftUpperArm"] = CFrame.new(0.173947, -0.089985, -0.187290, 0.918086, 0.359946, 0.166001, -0.177895, 0.748409, -0.638935, -0.354219, 0.557066, 0.751137),

