return {
["double gyat slap"] = {

          {Time = 0.000, Data = {

              ["Head"] = CFrame.new(-0.000000, -0.000000, -0.000000, 1.000000, 0.000000, -0.000000, -0.000000, 1.000000, 0.000000, 0.000000, -0.000000, 1.000000),

              ["LeftFoot"] = CFrame.new(0.000000, 0.010788, -0.000003, 0.998912, -0.035683, -0.030046, 0.030602, 0.987400, -0.155270, 0.035206, 0.154169, 0.987415),

              ["LeftHand"] = CFrame.new(0.000515, -0.022815, -0.000000, 0.906045, 0.364970, -0.214196, -0.396418, 0.909137, -0.127760, 0.148103, 0.200667, 0.968400),

              ["LeftLowerArm"] = CFrame.new(-0.000500, -0.022986, 0.000124, 1.000000, -0.000000, -0.000000, -0.000000, 1.000000, -0.000001, 0.000000, -0.000000, 1.000000),

              ["LeftLowerLeg"] = CFrame.new(0.000000, 0.053244, -0.009383, 1.000000, -0.000000, -0.000000, 0.000000, 0.903649, 0.428265, -0.000000, -0.428273, 0.903653),

              ["LeftUpperArm"] = CFrame.new(-0.188588, -0.987832, 0.329096, 0.301948, 0.761745, 0.573213, -0.852756, 0.484619, -0.194811, -0.426186, -0.429987, 0.795912),

              ["LeftUpperLeg"] = CFrame.new(0.000000, -0.000000, -0.000100, 0.998317, 0.057619, 0.006540, -0.052579, 0.946971, -0.316973, -0.024457, 0.316112, 0.948412),

              ["LowerTorso"] = CFrame.new(-0.030974, -0.103787, 0.089570, 0.998825, -0.008314, 0.047744, 0.008606, 0.999945, -0.005926, -0.047692, 0.006330, 0.998842),

              ["RightFoot"] = CFrame.new(0.000000, 0.009896, -0.000103, 0.989995, 0.107939, 0.090887, -0.090825, 0.980372, -0.175001, -0.107986, 0.164984, 0.980364),

              ["RightHand"] = CFrame.new(-0.000535, -0.053548, 0.000000, 0.963597, -0.230437, 0.135571, 0.260042, 0.925612, -0.274995, -0.062117, 0.300237, 0.951839),

              ["RightLowerArm"] = CFrame.new(-0.000002, -0.053483, 0.000291, 1.000000, 0.000000, 0.000000, -0.000000, 1.000000, -0.000001, -0.000000, -0.000000, 1.000000),

              ["RightLowerLeg"] = CFrame.new(-0.000000, 0.046936, -0.007246, 1.000000, 0.000000, -0.000000, -0.000000, 0.926373, 0.376596, 0.000000, -0.376606, 0.926378),

              ["RightUpperArm"] = CFrame.new(0.196758, -1.065243, 0.381777, 0.260816, -0.696651, -0.668321, 0.898343, 0.428629, -0.096216, 0.353491, -0.575287, 0.737624),

              ["RightUpperLeg"] = CFrame.new(0.000000, 0.000000, -0.000000, 0.990334, -0.116366, -0.075484, 0.097578, 0.971262, -0.217076, 0.098575, 0.207628, 0.973232),

              ["UpperTorso"] = CFrame.new(0.000000, 0.000000, -0.000000, 0.999876, -0.000612, -0.015726, 0.000628, 0.999999, 0.001020, 0.015725, -0.001030, 0.999876)

          }},

          {Time = 0.020, Data = {

              ["Head"] = CFrame.new(-0.000000, -0.000000, -0.000000, 1.000000, 0.000000, -0.000000, -0.000000, 1.000000, 0.000000, 0.000000, -0.000000, 1.000000),

              ["LeftFoot"] = CFrame.new(0.000000, 0.010788, -0.000003, 0.998912, -0.035683, -0.030046, 0.030602, 0.987400, -0.155270, 0.035206, 0.154169, 0.987415),

              ["LeftHand"] = CFrame.new(0.000515, -0.023321, 0.000000, 0.907381, 0.362490, -0.212747, -0.393413, 0.910641, -0.126333, 0.147940, 0.198328, 0.968906),

              ["LeftLowerArm"] = CFrame.new(-0.000499, -0.023492, 0.000127, 1.000000, -0.000000, -0.000000, 0.000000, 1.000000, -0.000001, 0.000000, -0.000000, 1.000000),

              ["LeftLowerLeg"] = CFrame.new(0.000000, 0.053244, -0.009383, 1.000000, -0.000000, -0.000000, 0.000000, 0.903649, 0.428265, -0.000000, -0.428273, 0.903653),

              ["LeftUpperArm"] = CFrame.new(-0.185431, -0.992237, 0.333417, 0.306688, 0.768893, 0.561023, -0.855295, 0.481252, -0.192011, -0.417629, -0.420952, 0.805224),

              ["LeftUpperLeg"] = CFrame.new(0.000000, -0.000000, -0.000100, 0.998317, 0.057619, 0.006540, -0.052579, 0.946971, -0.316973, -0.024457, 0.316112, 0.948412),

              ["LowerTorso"] = CFrame.new(-0.030974, -0.103787, 0.089570, 0.998825, -0.008314, 0.047744, 0.008606, 0.999945, -0.005926, -0.047692, 0.006330, 0.998842),

              ["RightFoot"] = CFrame.new(0.000000, 0.009896, -0.000103, 0.989995, 0.107939, 0.090887, -0.090825, 0.980372, -0.175001, -0.107986, 0.164984, 0.980364),

              ["RightHand"] = CFrame.new(-0.000536, -0.054968, -0.000000, 0.965229, -0.225298, 0.132570, 0.254023, 0.928087, -0.272264, -0.061695, 0.296470, 0.953047),

              ["RightLowerArm"] = CFrame.new(-0.000001, -0.054902, 0.000299, 1.000000, -0.000000, 0.000000, -0.000000, 1.000000, -0.000001, -0.000000, 0.000000, 1.000000),

              ["RightLowerLeg"] = CFrame.new(-0.000000, 0.046936, -0.007246, 1.000000, 0.000000, -0.000000, -0.000000, 0.926373, 0.376596, 0.000000, -0.376606, 0.926378),

              ["RightUpperArm"] = CFrame.new(0.197690, -1.070646, 0.386692, 0.259838, -0.702054, -0.663027, 0.901686, 0.422136, -0.093617, 0.345612, -0.573516, 0.742719),

              ["RightUpperLeg"] = CFrame.new(0.000000, 0.000000, -0.000000, 0.990334, -0.116366, -0.075484, 0.097578, 0.971262, -0.217076, 0.098575, 0.207628, 0.973232),

              ["UpperTorso"] = CFrame.new(0.000000, 0.000000, -0.000000, 0.999876, -0.000612, -0.015726, 0.000628, 0.999999, 0.001020, 0.015725, -0.001030, 0.999876)

          }},

          {Time = 0.040, Data = {

              ["Head"] = CFrame.new(-0.000000, -0.000000, -0.000000, 1.000000, 0.000000, -0.000000, -0.000000, 1.000000, 0.000000, 0.000000, -0.000000, 1.000000),

              ["LeftFoot"] = CFrame.new(0.000000, 0.010788, -0.000003, 0.998912, -0.035683, -0.030046, 0.030602, 0.987400, -0.155270, 0.035206, 0.154169, 0.987415),

              ["LeftHand"] = CFrame.new(0.000516, -0.024672, 0.000000, 0.911290, 0.355113, -0.208437, -0.384785, 0.914636, -0.124025, 0.146599, 0.193226, 0.970140),

              ["LeftLowerArm"] = CFrame.new(-0.000499, -0.024841, 0.000134, 1.000000, -0.000000, -0.000000, -0.000000, 1.000000, -0.000001, 0.000000, -0.000000, 1.000000),

              ["LeftLowerLeg"] = CFrame.new(0.000000, 0.053244, -0.009383, 1.000000, -0.000000, -0.000000, 0.000000, 0.903649, 0.428265, -0.000000, -0.428273, 0.903653),

              ["LeftUpperArm"] = CFrame.new(-0.177023, -1.004881, 0.346230, 0.319665, 0.788066, 0.526086, -0.862541, 0.471847, -0.182712, -0.392222, -0.395364, 0.830572),

              ["LeftUpperLeg"] = CFrame.new(0.000000, -0.000000, -0.000100, 0.998317, 0.057619, 0.006540, -0.052579, 0.946971, -0.316973, -0.024457, 0.316112, 0.948412),

              ["LowerTorso"] = CFrame.new(-0.030974, -0.103787, 0.089570, 0.998825, -0.008314, 0.047744, 0.008606, 0.999945, -0.005926, -0.047692, 0.006330, 0.998842),

              ["RightFoot"] = CFrame.new(0.000000, 0.009896, -0.000103, 0.989995, 0.107939, 0.090887, -0.090825, 0.980372, -0.175001, -0.107986, 0.164984, 0.980364),

              ["RightHand"] = CFrame.new(-0.000538, -0.058290, -0.000000, 0.969398, -0.211559, 0.124543, 0.237998, 0.934296, -0.265424, -0.060207, 0.286940, 0.956054),

              ["RightLowerArm"] = CFrame.new(-0.000002, -0.058219, 0.000317, 1.000000, 0.000000, 0.000000, -0.000000, 1.000000, -0.000001, -0.000000, -0.000000, 1.000000),

              ["RightLowerLeg"] = CFrame.new(-0.000000, 0.046936, -0.007246, 1.000000, 0.000000, -0.000000, -0.000000, 0.926373, 0.376596, 0.000000, -0.376606, 0.926378),

              ["RightUpperArm"] = CFrame.new(0.199943, -1.085509, 0.400551, 0.257895, -0.716999, -0.647614, 0.910477, 0.404642, -0.085421, 0.323299, -0.567607, 0.757166),

              ["RightUpperLeg"] = CFrame.new(0.000000, 0.000000, -0.000000, 0.990334, -0.116366, -0.075484, 0.097578, 0.971262, -0.217076, 0.098575, 0.207628, 0.973232),

              ["UpperTorso"] = CFrame.new(0.000000, 0.000000, -0.000000, 0.999876, -0.000612, -0.015726, 0.000628, 0.999999, 0.001020, 0.015725, -0.001030, 0.999876)

          }},

          {Time = 0.060, Data = {

              ["Head"] = CFrame.new(-0.000000, -0.000000, -0.000000, 1.000000, 0.000000, -0.000000, -0.000000, 1.000000, 0.000000, 0.000000, -0.000000, 1.000000),

              ["LeftFoot"] = CFrame.new(0.000000, 0.010788, -0.000003, 0.998912, -0.035683, -0.030046, 0.030602, 0.987400, -0.155270, 0.035206, 0.154169, 0.987415),

              ["LeftHand"] = CFrame.new(0.000518, -0.027196, -0.000000, 0.917819, 0.342363, -0.200987, -0.370643, 0.920348, -0.124835, 0.142238, 0.189069, 0.971607),

              ["LeftLowerArm"] = CFrame.new(-0.000499, -0.027361, 0.000148, 1.000000, -0.000000, -0.000000, -0.000000, 1.000000, -0.000001, 0.000000, -0.000000, 1.000000),

              ["LeftLowerLeg"] = CFrame.new(0.000000, 0.053244, -0.009383, 1.000000, -0.000000, -0.000000, 0.000000, 0.903649, 0.428265, -0.000000, -0.428273, 0.903653),

              ["LeftUpperArm"] = CFrame.new(-0.165525, -1.024929, 0.367869, 0.337880, 0.815310, 0.470221, -0.873992, 0.457182, -0.164690, -0.349249, -0.355323, 0.867047),

              ["LeftUpperLeg"] = CFrame.new(0.000000, -0.000000, -0.000100, 0.998317, 0.057619, 0.006540, -0.052579, 0.946971, -0.316973, -0.024457, 0.316112, 0.948412),

              ["LowerTorso"] = CFrame.new(-0.030974, -0.103787, 0.089570, 0.998825, -0.008314, 0.047744, 0.008606, 0.999945, -0.005926, -0.047692, 0.006330, 0.998842),

              ["RightFoot"] = CFrame.new(0.000000, 0.009896, -0.000103, 0.989995, 0.107939, 0.090887, -0.090825, 0.980372, -0.175001, -0.107986, 0.164984, 0.980364),

              ["RightHand"] = CFrame.new(-0.000541, -0.062440, -0.000000, 0.974978, -0.191531, 0.112843, 0.214838, 0.942250, -0.256926, -0.057116, 0.274738, 0.959821),

              ["RightLowerArm"] = CFrame.new(-0.000002, -0.062366, 0.000339, 1.000000, -0.000000, 0.000000, -0.000000, 1.000000, -0.000001, -0.000000, -0.000000, 1.000000),

              ["RightLowerLeg"] = CFrame.new(-0.000000, 0.046936, -0.007246, 1.000000, 0.000000, -0.000000, -0.000000, 0.926373, 0.376596, 0.000000, -0.376606, 0.926378),

              ["RightUpperArm"] = CFrame.new(0.202911, -1.107675, 0.422168, 0.256066, -0.739341, -0.622741, 0.922688, 0.379028, -0.070593, 0.288229, -0.556519, 0.779237),

              ["RightUpperLeg"] = CFrame.new(0.000000, 0.000000, -0.000000, 0.990334, -0.116366, -0.075484, 0.097578, 0.971262, -0.217076, 0.098575, 0.207628, 0.973232),

              ["UpperTorso"] = CFrame.new(0.000000, 0.000000, -0.000000, 0.999876, -0.000612, -0.015726, 0.000628, 0.999999, 0.001020, 0.015725, -0.001030, 0.999876)

          }},

          {Time = 0.080, Data = {

              ["Head"] = CFrame.new(-0.000000, -0.000000, -0.000000, 1.000000, 0.000000, -0.000000, -0.000000, 1.000000, 0.000000, 0.000000, -0.000000, 1.000000),

              ["LeftFoot"] = CFrame.new(0.000000, 0.010788, -0.000003, 0.998912, -0.035683, -0.030046, 0.030602, 0.987400, -0.155270, 0.035206, 0.154169, 0.987415),

              ["LeftHand"] = CFrame.new(0.000521, -0.031395, 0.000000, 0.926907, 0.323621, -0.190036, -0.350997, 0.926775, -0.133755, 0.132833, 0.190679, 0.972623),

              ["LeftLowerArm"] = CFrame.new(-0.000499, -0.031556, 0.000171, 1.000000, -0.000000, -0.000000, -0.000000, 1.000000, -0.000001, 0.000000, -0.000000, 1.000000),

              ["LeftLowerLeg"] = CFrame.new(0.000000, 0.053244, -0.009383, 1.000000, -0.000000, -0.000000, 0.000000, 0.903649, 0.428265, -0.000000, -0.428273, 0.903653),

              ["LeftUpperArm"] = CFrame.new(-0.153799, -1.051355, 0.398862, 0.356932, 0.846383, 0.395266, -0.888753, 0.437973, -0.135271, -0.287607, -0.303011, 0.908552),

              ["LeftUpperLeg"] = CFrame.new(0.000000, -0.000000, -0.000100, 0.998317, 0.057619, 0.006540, -0.052579, 0.946971, -0.316973, -0.024457, 0.316112, 0.948412),

              ["LowerTorso"] = CFrame.new(-0.030974, -0.103787, 0.089570, 0.998825, -0.008314, 0.047744, 0.008606, 0.999945, -0.005926, -0.047692, 0.006330, 0.998842),

              ["RightFoot"] = CFrame.new(0.000000, 0.009896, -0.000103, 0.989995, 0.107939, 0.090887, -0.090825, 0.980372, -0.175001, -0.107986, 0.164984, 0.980364),

              ["RightHand"] = CFrame.new(-0.000544, -0.066406, 0.000000, 0.980948, -0.167329, 0.098703, 0.187180, 0.950084, -0.249611, -0.052008, 0.263328, 0.963303),

              ["RightLowerArm"] = CFrame.new(-0.000002, -0.066327, 0.000361, 1.000000, 0.000000, 0.000000, -0.000000, 1.000000, -0.000001, -0.000000, -0.000000, 1.000000),

              ["RightLowerLeg"] = CFrame.new(-0.000000, 0.046936, -0.007246, 1.000000, 0.000000, -0.000000, -0.000000, 0.926373, 0.376596, 0.000000, -0.376606, 0.926378),

              ["RightUpperArm"] = CFrame.new(0.206257, -1.134942, 0.450498, 0.254905, -0.766931, -0.588932, 0.936250, 0.348039, -0.047998, 0.241783, -0.539152, 0.806756),

              ["RightUpperLeg"] = CFrame.new(0.000000, 0.000000, -0.000000, 0.990334, -0.116366, -0.075484, 0.097578, 0.971262, -0.217076, 0.098575, 0.207628, 0.973232),

              ["UpperTorso"] = CFrame.new(0.000000, 0.000000, -0.000000, 0.999876, -0.000612, -0.015726, 0.000628, 0.999999, 0.001020, 0.015725, -0.001030, 0.999876)

          }},

          {Time = 0.100, Data = {

              ["Head"] = CFrame.new(-0.000000, -0.000000, -0.000000, 1.000000, 0.000000, -0.000000, -0.000000, 1.000000, 0.000000, 0.000000, -0.000000, 1.000000),

              ["LeftFoot"] = CFrame.new(0.000000, 0.010788, -0.000003, 0.998912, -0.035683, -0.030046, 0.030602, 0.987400, -0.155270, 0.035206, 0.154169, 0.987415),

              ["LeftHand"] = CFrame.new(0.000525, -0.037516, -0.000000, 0.937976, 0.298937, -0.175611, -0.326355, 0.932254, -0.156188, 0.117023, 0.203811, 0.971991),

              ["LeftLowerArm"] = CFrame.new(-0.000499, -0.037670, 0.000204, 1.000000, -0.000000, -0.000000, 0.000000, 1.000000, -0.000001, 0.000000, -0.000000, 1.000000),

              ["LeftLowerLeg"] = CFrame.new(0.000000, 0.053244, -0.009383, 1.000000, -0.000000, -0.000000, 0.000000, 0.903649, 0.428265, -0.000000, -0.428273, 0.903653),

              ["LeftUpperArm"] = CFrame.new(-0.145232, -1.082686, 0.439178, 0.371371, 0.877269, 0.304109, -0.905045, 0.415159, -0.092396, -0.207309, -0.240919, 0.948146),

              ["LeftUpperLeg"] = CFrame.new(0.000000, -0.000000, -0.000100, 0.998317, 0.057619, 0.006540, -0.052579, 0.946971, -0.316973, -0.024457, 0.316112, 0.948412),

              ["LowerTorso"] = CFrame.new(-0.030974, -0.103787, 0.089570, 0.998825, -0.008314, 0.047744, 0.008606, 0.999945, -0.005926, -0.047692, 0.006330, 0.998842),

              ["RightFoot"] = CFrame.new(0.000000, 0.009896, -0.000103, 0.989995, 0.107939, 0.090887, -0.090825, 0.980372, -0.175001, -0.107986, 0.164984, 0.980364),

              ["RightHand"] = CFrame.new(-0.000546, -0.069073, 0.000000, 0.986503, -0.140970, 0.083302, 0.157463, 0.956270, -0.246482, -0.044912, 0.256270, 0.965561),

              ["RightLowerArm"] = CFrame.new(-0.000002, -0.068990, 0.000376, 1.000000, 0.000000, 0.000000, -0.000000, 1.000000, -0.000001, -0.000000, -0.000000, 1.000000),

              ["RightLowerLeg"] = CFrame.new(-0.000000, 0.046936, -0.007246, 1.000000, 0.000000, -0.000000, -0.000000, 0.926373, 0.376596, 0.000000, -0.376606, 0.926378),

              ["RightUpperArm"] = CFrame.new(0.209894, -1.165177, 0.484585, 0.254456, -0.797891, -0.546464, 0.949190, 0.314251, -0.016854, 0.185174, -0.514409, 0.837313),

              ["RightUpperLeg"] = CFrame.new(0.000000, 0.000000, -0.000000, 0.990334, -0.116366, -0.075484, 0.097578, 0.971262, -0.217076, 0.098575, 0.207628, 0.973232),

              ["UpperTorso"] = CFrame.new(0.000000, 0.000000, -0.000000, 0.999876, -0.000612, -0.015726, 0.000628, 0.999999, 0.001020, 0.015725, -0.001030, 0.999876)

          }},

          {Time = 0.120, Data = {

              ["Head"] = CFrame.new(-0.000000, -0.000000, -0.000000, 1.000000, 0.000000, -0.000000, -0.000000, 1.000000, 0.000000, 0.000000, -0.000000, 1.000000),

              ["LeftFoot"] = CFrame.new(0.000000, 0.010788, -0.000003, 0.998912, -0.035683, -0.030046, 0.030602, 0.987400, -0.155270, 0.035206, 0.154169, 0.987415),

              ["LeftHand"] = CFrame.new(0.000529, -0.045281, -0.000000, 0.949785, 0.269758, -0.158558, -0.298151, 0.933972, -0.196983, 0.094950, 0.234365, 0.967500),

              ["LeftLowerArm"] = CFrame.new(-0.000498, -0.045426, 0.000247, 1.000000, -0.000000, -0.000000, 0.000000, 1.000000, -0.000001, 0.000000, -0.000000, 1.000000),

              ["LeftLowerLeg"] = CFrame.new(0.000000, 0.053244, -0.009383, 1.000000, -0.000000, -0.000000, 0.000000, 0.903649, 0.428265, -0.000000, -0.428273, 0.903653),

              ["LeftUpperArm"] = CFrame.new(-0.143274, -1.116969, 0.487549, 0.375623, 0.904644, 0.201314, -0.920121, 0.390001, -0.035736, -0.110841, -0.171810, 0.978875),

              ["LeftUpperLeg"] = CFrame.new(0.000000, -0.000000, -0.000100, 0.998317, 0.057619, 0.006540, -0.052579, 0.946971, -0.316973, -0.024457, 0.316112, 0.948412),

              ["LowerTorso"] = CFrame.new(-0.030974, -0.103787, 0.089570, 0.998825, -0.008314, 0.047744, 0.008606, 0.999945, -0.005926, -0.047692, 0.006330, 0.998842),

              ["RightFoot"] = CFrame.new(0.000000, 0.009896, -0.000103, 0.989995, 0.107939, 0.090887, -0.090825, 0.980372, -0.175001, -0.107986, 0.164984, 0.980364),

              ["RightHand"] = CFrame.new(-0.000546, -0.069198, 0.000000, 0.991112, -0.114449, 0.067805, 0.127949, 0.959638, -0.250450, -0.036404, 0.256898, 0.965752),

              ["RightLowerArm"] = CFrame.new(-0.000002, -0.069116, 0.000376, 1.000000, 0.000000, 0.000000, -0.000000, 1.000000, -0.000001, -0.000000, -0.000000, 1.000000),

              ["RightLowerLeg"] = CFrame.new(-0.000000, 0.046936, -0.007246, 1.000000, 0.000000, -0.000000, -0.000000, 0.926373, 0.376596, 0.000000, -0.376606, 0.926378),

              ["RightUpperArm"] = CFrame.new(0.213969, -1.196388, 0.523535, 0.254280, -0.830734, -0.495201, 0.959716, 0.280024, 0.023043, 0.119526, -0.481111, 0.868473),

              ["RightUpperLeg"] = CFrame.new(0.000000, 0.000000, -0.000000, 0.990334, -0.116366, -0.075484, 0.097578, 0.971262, -0.217076, 0.098575, 0.207628, 0.973232),

              ["UpperTorso"] = CFrame.new(0.000000, 0.000000, -0.000000, 0.999876, -0.000612, -0.015726, 0.000628, 0.999999, 0.001020, 0.015725, -0.001030, 0.999876)

          }},

          {Time = 0.140, Data = {

              ["Head"] = CFrame.new(-0.000000, -0.000000, -0.000000, 1.000000, 0.000000, -0.000000, -0.000000, 1.000000, 0.000000, 0.000000, -0.000000, 1.000000),

              ["LeftFoot"] = CFrame.new(0.000000, 0.010788, -0.000003, 0.998912, -0.035683, -0.030046, 0.030602, 0.987400, -0.155270, 0.035206, 0.154169, 0.987415),

              ["LeftHand"] = CFrame.new(0.000535, -0.053740, -0.000000, 0.960726, 0.239191, -0.140689, -0.268898, 0.927679, -0.259048, 0.068552, 0.286704, 0.955563),

              ["LeftLowerArm"] = CFrame.new(-0.000499, -0.053874, 0.000292, 1.000000, -0.000000, -0.000000, -0.000000, 1.000000, -0.000001, 0.000000, -0.000000, 1.000000),

              ["LeftLowerLeg"] = CFrame.new(0.000000, 0.053244, -0.009383, 1.000000, -0.000000, -0.000000, 0.000000, 0.903649, 0.428265, -0.000000, -0.428273, 0.903653),

              ["LeftUpperArm"] = CFrame.new(-0.150692, -1.152039, 0.541258, 0.365470, 0.926172, 0.092934, -0.930816, 0.364027, 0.032650, -0.003591, -0.098437, 0.995137),

              ["LeftUpperLeg"] = CFrame.new(0.000000, -0.000000, -0.000100, 0.998317, 0.057619, 0.006540, -0.052579, 0.946971, -0.316973, -0.024457, 0.316112, 0.948412),

              ["LowerTorso"] = CFrame.new(-0.030974, -0.103787, 0.089570, 0.998825, -0.008314, 0.047744, 0.008606, 0.999945, -0.005926, -0.047692, 0.006330, 0.998842),

              ["RightFoot"] = CFrame.new(0.000000, 0.009896, -0.000103, 0.989995, 0.107939, 0.090887, -0.090825, 0.980372, -0.175001, -0.107986, 0.164984, 0.980364),

              ["RightHand"] = CFrame.new(-0.000543, -0.065356, -0.000000, 0.994533, -0.089755, 0.053374, 0.100740, 0.959240, -0.264027, -0.027501, 0.267958, 0.963037),

              ["RightLowerArm"] = CFrame.new(-0.000002, -0.065277, 0.000355, 1.000000, 0.000000, 0.000000, -0.000000, 1.000000, -0.000001, -0.000000, -0.000000, 1.000000),

              ["RightLowerLeg"] = CFrame.new(-0.000000, 0.046936, -0.007246, 1.000000, 0.000000, -0.000000, -0.000000, 0.926373, 0.376596, 0.000000, -0.376606, 0.926378),

              ["RightUpperArm"] = CFrame.new(0.218870, -1.226774, 0.566532, 0.253427, -0.864348, -0.434370, 0.966266, 0.247482, 0.071293, 0.045877, -0.437784, 0.897909),

              ["RightUpperLeg"] = CFrame.new(0.000000, 0.000000, -0.000000, 0.990334, -0.116366, -0.075484, 0.097578, 0.971262, -0.217076, 0.098575, 0.207628, 0.973232),

              ["UpperTorso"] = CFrame.new(0.000000, 0.000000, -0.000000, 0.999876, -0.000612, -0.015726, 0.000628, 0.999999, 0.001020, 0.015725, -0.001030, 0.999876)

          }},

          {Time = 0.160, Data = {

              ["Head"] = CFrame.new(-0.000000, -0.000000, -0.000000, 1.000000, 0.000000, -0.000000, -0.000000, 1.000000, 0.000000, 0.000000, -0.000000, 1.000000),

              ["LeftFoot"] = CFrame.new(0.000000, 0.010788, -0.000003, 0.998912, -0.035683, -0.030046, 0.030602, 0.987400, -0.155270, 0.035206, 0.154169, 0.987415),

              ["LeftHand"] = CFrame.new(0.000540, -0.061208, -0.000000, 0.969432, 0.211452, -0.124463, -0.241952, 0.908114, -0.341744, 0.040764, 0.361410, 0.931515),

              ["LeftLowerArm"] = CFrame.new(-0.000498, -0.061335, 0.000333, 1.000000, -0.000000, -0.000000, 0.000000, 1.000000, -0.000001, 0.000000, -0.000000, 1.000000),

              ["LeftLowerLeg"] = CFrame.new(0.000000, 0.053244, -0.009383, 1.000000, -0.000000, -0.000000, 0.000000, 0.903649, 0.428265, -0.000000, -0.428273, 0.903653),

              ["LeftUpperArm"] = CFrame.new(-0.168939, -1.186016, 0.596678, 0.339339, 0.940549, -0.014704, -0.934532, 0.338868, 0.108719, 0.107239, -0.023151, 0.993964),

              ["LeftUpperLeg"] = CFrame.new(0.000000, -0.000000, -0.000100, 0.998317, 0.057619, 0.006540, -0.052579, 0.946971, -0.316973, -0.024457, 0.316112, 0.948412),

              ["LowerTorso"] = CFrame.new(-0.030974, -0.103787, 0.089570, 0.998825, -0.008314, 0.047744, 0.008606, 0.999945, -0.005926, -0.047692, 0.006330, 0.998842),

              ["RightFoot"] = CFrame.new(0.000000, 0.009896, -0.000103, 0.989995, 0.107939, 0.090887, -0.090825, 0.980372, -0.175001, -0.107986, 0.164984, 0.980364),

              ["RightHand"] = CFrame.new(-0.000537, -0.056224, 0.000000, 0.996784, -0.068787, 0.041118, 0.077766, 0.954186, -0.288934, -0.019360, 0.291200, 0.956466),

              ["RightLowerArm"] = CFrame.new(-0.000002, -0.056157, 0.000306, 1.000000, 0.000000, 0.000000, -0.000000, 1.000000, -0.000001, -0.000000, -0.000000, 1.000000),

              ["RightLowerLeg"] = CFrame.new(-0.000000, 0.046936, -0.007246, 1.000000, 0.000000, -0.000000, -0.000000, 0.926373, 0.376596, 0.000000, -0.376606, 0.926378),

              ["RightUpperArm"] = CFrame.new(0.225274, -1.254741, 0.612875, 0.250339, -0.897820, -0.362285, 0.967530, 0.218523, 0.127017, -0.034871, -0.382319, 0.923372),

              ["RightUpperLeg"] = CFrame.new(0.000000, 0.000000, -0.000000, 0.990334, -0.116366, -0.075484, 0.097578, 0.971262, -0.217076, 0.098575, 0.207628, 0.973232),

              ["UpperTorso"] = CFrame.new(0.000000, 0.000000, -0.000000, 0.999876, -0.000612, -0.015726, 0.000628, 0.999999, 0.001020, 0.015725, -0.001030, 0.999876)

          }},

          {Time = 0.180, Data = {

              ["Head"] = CFrame.new(-0.000000, -0.000000, -0.000000, 1.000000, 0.000000, -0.000000, -0.000000, 1.000000, 0.000000, 0.000000, -0.000000, 1.000000),

              ["LeftFoot"] = CFrame.new(0.000000, 0.010788, -0.000003, 0.998912, -0.035683, -0.030046, 0.030602, 0.987400, -0.155270, 0.035206, 0.154169, 0.987415),

              ["LeftHand"] = CFrame.new(0.000544, -0.065509, -0.000000, 0.975212, 0.190666, -0.112288, -0.220835, 0.870555, -0.439737, 0.013910, 0.453631, 0.891079),

              ["LeftLowerArm"] = CFrame.new(-0.000498, -0.065630, 0.000356, 1.000000, 0.000000, -0.000000, -0.000000, 1.000000, -0.000001, 0.000000, -0.000000, 1.000000),

              ["LeftLowerLeg"] = CFrame.new(0.000000, 0.053244, -0.009383, 1.000000, -0.000000, -0.000000, 0.000000, 0.903649, 0.428265, -0.000000, -0.428273, 0.903653),

              ["LeftUpperArm"] = CFrame.new(-0.198065, -1.217662, 0.650339, 0.298448, 0.947271, -0.116647, -0.929952, 0.316115, 0.187781, 0.214753, 0.052433, 0.975260),

              ["LeftUpperLeg"] = CFrame.new(0.000000, -0.000000, -0.000100, 0.998317, 0.057619, 0.006540, -0.052579, 0.946971, -0.316973, -0.024457, 0.316112, 0.948412),

              ["LowerTorso"] = CFrame.new(-0.030974, -0.103787, 0.089570, 0.998825, -0.008314, 0.047744, 0.008606, 0.999945, -0.005926, -0.047692, 0.006330, 0.998842),

              ["RightFoot"] = CFrame.new(0.000000, 0.009896, -0.000103, 0.989995, 0.107939, 0.090887, -0.090825, 0.980372, -0.175001, -0.107986, 0.164984, 0.980364),

              ["RightHand"] = CFrame.new(-0.000527, -0.040804, -0.000000, 0.998075, -0.053140, 0.031968, 0.060665, 0.943587, -0.325523, -0.012866, 0.326833, 0.944994),

              ["RightLowerArm"] = CFrame.new(-0.000001, -0.040754, 0.000222, 1.000000, 0.000000, 0.000000, -0.000000, 1.000000, -0.000001, -0.000000, -0.000000, 1.000000),

              ["RightLowerLeg"] = CFrame.new(-0.000000, 0.046936, -0.007246, 1.000000, 0.000000, -0.000000, -0.000000, 0.926373, 0.376596, 0.000000, -0.376606, 0.926378),

              ["RightUpperArm"] = CFrame.new(0.234291, -1.278897, 0.661998, 0.242565, -0.930031, -0.276054, 0.962435, 0.194911, 0.189022, -0.121990, -0.311533, 0.942372),

              ["RightUpperLeg"] = CFrame.new(0.000000, 0.000000, -0.000000, 0.990334, -0.116366, -0.075484, 0.097578, 0.971262, -0.217076, 0.098575, 0.207628, 0.973232),

              ["UpperTorso"] = CFrame.new(0.000000, 0.000000, -0.000000, 0.999876, -0.000612, -0.015726, 0.000628, 0.999999, 0.001020, 0.015725, -0.001030, 0.999876)

          }},

          {Time = 0.200, Data = {

              ["Head"] = CFrame.new(-0.000000, -0.000000, -0.000000, 1.000000, 0.000000, -0.000000, -0.000000, 1.000000, 0.000000, 0.000000, -0.000000, 1.000000),

              ["LeftFoot"] = CFrame.new(0.000000, 0.010788, -0.000003, 0.998912, -0.035683, -0.030046, 0.030602, 0.987400, -0.155270, 0.035206, 0.154169, 0.987415),

              ["LeftHand"] = CFrame.new(0.000542, -0.064043, -0.000000, 0.978016, 0.179685, -0.105825, -0.208211, 0.813314, -0.543297, -0.011553, 0.553384, 0.832844),

              ["LeftLowerArm"] = CFrame.new(-0.000498, -0.064166, 0.000349, 1.000000, -0.000000, -0.000000, -0.000000, 1.000000, -0.000001, 0.000000, -0.000000, 1.000000),

              ["LeftLowerLeg"] = CFrame.new(0.000000, 0.053244, -0.009383, 1.000000, -0.000000, -0.000000, 0.000000, 0.903649, 0.428265, -0.000000, -0.428273, 0.903653),

              ["LeftUpperArm"] = CFrame.new(-0.237270, -1.246378, 0.699780, 0.245719, 0.946231, -0.210404, -0.917046, 0.297252, 0.265834, 0.314084, 0.127629, 0.940778),

              ["LeftUpperLeg"] = CFrame.new(0.000000, -0.000000, -0.000100, 0.998317, 0.057619, 0.006540, -0.052579, 0.946971, -0.316973, -0.024457, 0.316112, 0.948412),

              ["LowerTorso"] = CFrame.new(-0.030974, -0.103787, 0.089570, 0.998825, -0.008314, 0.047744, 0.008606, 0.999945, -0.005926, -0.047692, 0.006330, 0.998842),

              ["RightFoot"] = CFrame.new(0.000000, 0.009896, -0.000103, 0.989995, 0.107939, 0.090887, -0.090825, 0.980372, -0.175001, -0.107986, 0.164984, 0.980364),

              ["RightHand"] = CFrame.new(-0.000512, -0.018909, -0.000000, 0.998696, -0.043685, 0.026431, 0.050388, 0.926876, -0.371973, -0.008249, 0.372817, 0.927867),

              ["RightLowerArm"] = CFrame.new(-0.000001, -0.018887, 0.000103, 1.000000, 0.000000, 0.000000, -0.000000, 1.000000, -0.000001, -0.000000, -0.000000, 1.000000),

              ["RightLowerLeg"] = CFrame.new(-0.000000, 0.046936, -0.007246, 1.000000, 0.000000, -0.000000, -0.000000, 0.926373, 0.376596, 0.000000, -0.376606, 0.926378),

              ["RightUpperArm"] = CFrame.new(0.247744, -1.298033, 0.713360, 0.226195, -0.958891, -0.171362, 0.950128, 0.178418, 0.255780, -0.214691, -0.220671, 0.951426),

              ["RightUpperLeg"] = CFrame.new(0.000000, 0.000000, -0.000000, 0.990334, -0.116366, -0.075484, 0.097578, 0.971262, -0.217076, 0.098575, 0.207628, 0.973232),

              ["UpperTorso"] = CFrame.new(0.000000, 0.000000, -0.000000, 0.999876, -0.000612, -0.015726, 0.000628, 0.999999, 0.001020, 0.015725, -0.001030, 0.999876)

          }},

          {Time = 0.220, Data = {

              ["Head"] = CFrame.new(-0.000000, -0.000000, -0.000000, 1.000000, 0.000000, -0.000000, -0.000000, 1.000000, 0.000000, 0.000000, -0.000000, 1.000000),

              ["LeftFoot"] = CFrame.new(0.000000, 0.010788, -0.000003, 0.998912, -0.035683, -0.030046, 0.030602, 0.987400, -0.155270, 0.035206, 0.154169, 0.987415),

              ["LeftHand"] = CFrame.new(0.000536, -0.054899, -0.000000, 0.978150, 0.179165, -0.105462, -0.204615, 0.739847, -0.640908, -0.036803, 0.648480, 0.760339),

              ["LeftLowerArm"] = CFrame.new(-0.000499, -0.055032, 0.000299, 1.000000, -0.000000, -0.000000, 0.000000, 1.000000, -0.000001, 0.000000, -0.000000, 1.000000),

              ["LeftLowerLeg"] = CFrame.new(0.000000, 0.053244, -0.009383, 1.000000, -0.000000, -0.000000, 0.000000, 0.903649, 0.428265, -0.000000, -0.428273, 0.903653),

              ["LeftUpperArm"] = CFrame.new(-0.285384, -1.271945, 0.743623, 0.184034, 0.937389, -0.295691, -0.896733, 0.283307, 0.340011, 0.402494, 0.202583, 0.892726),

              ["LeftUpperLeg"] = CFrame.new(0.000000, -0.000000, -0.000100, 0.998317, 0.057619, 0.006540, -0.052579, 0.946971, -0.316973, -0.024457, 0.316112, 0.948412),

              ["LowerTorso"] = CFrame.new(-0.030974, -0.103787, 0.089570, 0.998825, -0.008314, 0.047744, 0.008606, 0.999945, -0.005926, -0.047692, 0.006330, 0.998842),

              ["RightFoot"] = CFrame.new(0.000000, 0.009896, -0.000103, 0.989995, 0.107939, 0.090887, -0.090825, 0.980372, -0.175001, -0.107986, 0.164984, 0.980364),

              ["RightHand"] = CFrame.new(-0.000499, 0.002102, -0.000000, 0.998951, -0.039152, 0.023749, 0.045317, 0.919722, -0.389949, -0.006575, 0.390614, 0.920530),

              ["RightLowerArm"] = CFrame.new(-0.000000, 0.010510, 0.000340, 1.000000, 0.000000, 0.000000, -0.000000, 0.996420, -0.084544, -0.000000, 0.084543, 0.996420),

              ["RightLowerLeg"] = CFrame.new(-0.000000, 0.046936, -0.007246, 1.000000, 0.000000, -0.000000, -0.000000, 0.926373, 0.376596, 0.000000, -0.376606, 0.926378),

              ["RightUpperArm"] = CFrame.new(0.268795, -1.311954, 0.764154, 0.194639, -0.976978, -0.087345, 0.931430, 0.156178, 0.328704, -0.307495, -0.145334, 0.940385),

              ["RightUpperLeg"] = CFrame.new(0.000000, 0.000000, -0.000000, 0.990334, -0.116366, -0.075484, 0.097578, 0.971262, -0.217076, 0.098575, 0.207628, 0.973232),

              ["UpperTorso"] = CFrame.new(0.000000, 0.000000, -0.000000, 0.999876, -0.000612, -0.015726, 0.000628, 0.999999, 0.001020, 0.015725, -0.001030, 0.999876)

          }},

          {Time = 0.240, Data = {

              ["Head"] = CFrame.new(-0.000000, -0.000000, -0.000000, 1.000000, 0.000000, -0.000000, -0.000000, 1.000000, 0.000000, 0.000000, -0.000000, 1.000000),

              ["LeftFoot"] = CFrame.new(0.000000, 0.010788, -0.000003, 0.998912, -0.035683, -0.030046, 0.030602, 0.987400, -0.155270, 0.035206, 0.154169, 0.987415),

              ["LeftHand"] = CFrame.new(0.000526, -0.039565, 0.000000, 0.976182, 0.187012, -0.109979, -0.207590, 0.657831, -0.723995, -0.063048, 0.729579, 0.680981),

              ["LeftLowerArm"] = CFrame.new(-0.000498, -0.039717, 0.000215, 1.000000, -0.000000, -0.000000, -0.000000, 1.000000, -0.000001, 0.000000, -0.000000, 1.000000),

              ["LeftLowerLeg"] = CFrame.new(0.000000, 0.053244, -0.009383, 1.000000, -0.000000, -0.000000, 0.000000, 0.903649, 0.428265, -0.000000, -0.428273, 0.903653),

              ["LeftUpperArm"] = CFrame.new(-0.340235, -1.294207, 0.780840, 0.115137, 0.920987, -0.372190, -0.870860, 0.273829, 0.408192, 0.477856, 0.277128, 0.833579),

              ["LeftUpperLeg"] = CFrame.new(0.000000, -0.000000, -0.000100, 0.998317, 0.057619, 0.006540, -0.052579, 0.946971, -0.316973, -0.024457, 0.316112, 0.948412),

              ["LowerTorso"] = CFrame.new(-0.030974, -0.103787, 0.089570, 0.998825, -0.008314, 0.047744, 0.008606, 0.999945, -0.005926, -0.047692, 0.006330, 0.998842),

              ["RightFoot"] = CFrame.new(0.000000, 0.009896, -0.000103, 0.989995, 0.107939, 0.090887, -0.090825, 0.980372, -0.175001, -0.107986, 0.164984, 0.980364),

              ["RightHand"] = CFrame.new(-0.000496, 0.006345, -0.000000, 0.999084, -0.036597, 0.022185, 0.042060, 0.935373, -0.351155, -0.007900, 0.351764, 0.936054),

              ["RightLowerArm"] = CFrame.new(-0.000000, 0.036967, 0.004829, 1.000000, 0.000000, 0.000000, -0.000000, 0.950783, -0.309857, -0.000000, 0.309857, 0.950783),

              ["RightLowerLeg"] = CFrame.new(-0.000000, 0.046936, -0.007246, 1.000000, 0.000000, -0.000000, -0.000000, 0.926373, 0.376596, 0.000000, -0.376606, 0.926378),

              ["RightUpperArm"] = CFrame.new(0.300105, -1.322138, 0.809522, 0.142355, -0.987868, -0.062058, 0.909517, 0.105813, 0.401974, -0.390531, -0.113665, 0.913546),

              ["RightUpperLeg"] = CFrame.new(0.000000, 0.000000, -0.000000, 0.990334, -0.116366, -0.075484, 0.097578, 0.971262, -0.217076, 0.098575, 0.207628, 0.973232),

              ["UpperTorso"] = CFrame.new(0.000000, 0.000000, -0.000000, 0.999876, -0.000612, -0.015726, 0.000628, 0.999999, 0.001020, 0.015725, -0.001030, 0.999876)

          }},

          {Time = 0.260, Data = {

              ["Head"] = CFrame.new(-0.000000, -0.000000, -0.000000, 1.000000, 0.000000, -0.000000, -0.000000, 1.000000, 0.000000, 0.000000, -0.000000, 1.000000),

              ["LeftFoot"] = CFrame.new(0.000000, 0.010788, -0.000003, 0.998912, -0.035683, -0.030046, 0.030602, 0.987400, -0.155270, 0.035206, 0.154169, 0.987415),

              ["LeftHand"] = CFrame.new(0.000514, -0.020215, -0.000000, 0.972661, 0.200234, -0.117637, -0.214017, 0.576211, -0.788785, -0.090158, 0.792393, 0.603307),

              ["LeftLowerArm"] = CFrame.new(-0.000499, -0.020390, 0.000110, 1.000000, -0.000000, -0.000000, -0.000000, 1.000000, -0.000001, 0.000000, -0.000000, 1.000000),

              ["LeftLowerLeg"] = CFrame.new(0.000000, 0.053244, -0.009383, 1.000000, -0.000000, -0.000000, 0.000000, 0.903649, 0.428265, -0.000000, -0.428273, 0.903653),

              ["LeftUpperArm"] = CFrame.new(-0.398852, -1.313143, 0.810533, 0.041586, 0.897421, -0.439210, -0.841738, 0.268297, 0.468501, 0.538282, 0.350217, 0.766551),

              ["LeftUpperLeg"] = CFrame.new(0.000000, -0.000000, -0.000100, 0.998317, 0.057619, 0.006540, -0.052579, 0.946971, -0.316973, -0.024457, 0.316112, 0.948412),

              ["LowerTorso"] = CFrame.new(-0.030974, -0.103787, 0.089570, 0.998825, -0.008314, 0.047744, 0.008606, 0.999945, -0.005926, -0.047692, 0.006330, 0.998842),

              ["RightFoot"] = CFrame.new(0.000000, 0.009896, -0.000103, 0.989995, 0.107939, 0.090887, -0.090825, 0.980372, -0.175001, -0.107986, 0.164984, 0.980364),

              ["RightHand"] = CFrame.new(-0.000494, 0.008209, 0.000000, 0.999191, -0.034400, 0.020843, 0.039649, 0.929491, -0.366710, -0.006759, 0.367237, 0.930102),

              ["RightLowerArm"] = CFrame.new(-0.000000, 0.049794, 0.009176, 1.000000, 0.000000, 0.000000, -0.000000, 0.906589, -0.422014, -0.000000, 0.422014, 0.906589),

              ["RightLowerLeg"] = CFrame.new(-0.000000, 0.046936, -0.007246, 1.000000, 0.000000, -0.000000, -0.000000, 0.926373, 0.376596, 0.000000, -0.376606, 0.926378),

              ["RightUpperArm"] = CFrame.new(0.340729, -1.330303, 0.844959, 0.071041, -0.997205, 0.023120, 0.887844, 0.073781, 0.454191, -0.454627, -0.011739, 0.890604),

              ["RightUpperLeg"] = CFrame.new(0.000000, 0.000000, -0.000000, 0.990334, -0.116366, -0.075484, 0.097578, 0.971262, -0.217076, 0.098575, 0.207628, 0.973232),

              ["UpperTorso"] = CFrame.new(0.000000, 0.000000, -0.000000, 0.999876, -0.000612, -0.015726, 0.000628, 0.999999, 0.001020, 0.015725, -0.001030, 0.999876)

          }},

          {Time = 0.280, Data = {

              ["Head"] = CFrame.new(-0.000000, -0.000000, -0.000000, 1.000000, 0.000000, -0.000000, -0.000000, 1.000000, 0.000000, 0.000000, -0.000000, 1.000000),

              ["LeftFoot"] = CFrame.new(0.000000, 0.010788, -0.000003, 0.998912, -0.035683, -0.030046, 0.030602, 0.987400, -0.155270, 0.035206, 0.154169, 0.987415),

              ["LeftHand"] = CFrame.new(0.000500, 0.000444, 0.000000, 0.968145, 0.215942, -0.126751, -0.222203, 0.507606, -0.832446, -0.115420, 0.834090, 0.539415),

              ["LeftLowerArm"] = CFrame.new(-0.000500, 0.001493, 0.000005, 1.000000, -0.000000, -0.000000, -0.000000, 0.999922, -0.012527, 0.000000, 0.012526, 0.999922),

              ["LeftLowerLeg"] = CFrame.new(0.000000, 0.053244, -0.009383, 1.000000, -0.000000, -0.000000, 0.000000, 0.903649, 0.428265, -0.000000, -0.428273, 0.903653),

              ["LeftUpperArm"] = CFrame.new(-0.457663, -1.328804, 0.832350, -0.032860, 0.870676, -0.490758, -0.811827, 0.263156, 0.521234, 0.582972, 0.415538, 0.698192),

              ["LeftUpperLeg"] = CFrame.new(0.000000, -0.000000, -0.000100, 0.998317, 0.057619, 0.006540, -0.052579, 0.946971, -0.316973, -0.024457, 0.316112, 0.948412),

              ["LowerTorso"] = CFrame.new(-0.030974, -0.103787, 0.089570, 0.998825, -0.008314, 0.047744, 0.008606, 0.999945, -0.005926, -0.047692, 0.006330, 0.998842),

              ["RightFoot"] = CFrame.new(0.000000, 0.009896, -0.000103, 0.989995, 0.107939, 0.090887, -0.090825, 0.980372, -0.175001, -0.107986, 0.164984, 0.980364),

              ["RightHand"] = CFrame.new(-0.000494, 0.008754, 0.000000, 0.999262, -0.032849, 0.019893, 0.038170, 0.906593, -0.420279, -0.004229, 0.420725, 0.907177),

              ["RightLowerArm"] = CFrame.new(0.000000, 0.053532, 0.010747, 1.000000, 0.000000, 0.000000, -0.000000, 0.890587, -0.454813, -0.000000, 0.454813, 0.890587),

              ["RightLowerLeg"] = CFrame.new(-0.000000, 0.046936, -0.007246, 1.000000, 0.000000, -0.000000, -0.000000, 0.926373, 0.376596, 0.000000, -0.376606, 0.926378),

              ["RightUpperArm"] = CFrame.new(0.385796, -1.337974, 0.867516, -0.009750, -0.989308, 0.145513, 0.869522, 0.063473, 0.489798, -0.493797, 0.131302, 0.859607),

              ["RightUpperLeg"] = CFrame.new(0.000000, 0.000000, -0.000000, 0.990334, -0.116366, -0.075484, 0.097578, 0.971262, -0.217076, 0.098575, 0.207628, 0.973232),

              ["UpperTorso"] = CFrame.new(0.000000, 0.000000, -0.000000, 0.999876, -0.000612, -0.015726, 0.000628, 0.999999, 0.001020, 0.015725, -0.001030, 0.999876)

          }},

          {Time = 0.300, Data = {

              ["Head"] = CFrame.new(-0.000000, -0.000000, -0.000000, 1.000000, 0.000000, -0.000000, -0.000000, 1.000000, 0.000000, 0.000000, -0.000000, 1.000000),

              ["LeftFoot"] = CFrame.new(0.000000, 0.010788, -0.000003, 0.998912, -0.035683, -0.030046, 0.030602, 0.987400, -0.155270, 0.035206, 0.154169, 0.987415),

              ["LeftHand"] = CFrame.new(0.000497, 0.005362, 0.000000, 0.963096, 0.232186, -0.136146, -0.244518, 0.543332, -0.803122, -0.112501, 0.806771, 0.580051),

              ["LeftLowerArm"] = CFrame.new(-0.000500, 0.029596, 0.003030, 1.000000, -0.000000, -0.000000, 0.000000, 0.969059, -0.246831, 0.000000, 0.246830, 0.969059),

              ["LeftLowerLeg"] = CFrame.new(0.000000, 0.053244, -0.009383, 1.000000, -0.000000, -0.000000, 0.000000, 0.903649, 0.428265, -0.000000, -0.428273, 0.903653),

              ["LeftUpperArm"] = CFrame.new(-0.512808, -1.341015, 0.846940, -0.103865, 0.895195, -0.433403, -0.783128, 0.195020, 0.590489, 0.613126, 0.400741, 0.680797),

