return {
["hip sway thrust"] = {

          {Time = 0.000, Data = {

              ["Head"] = CFrame.new(-0.000000, 0.000000, 0.000000, 1.000000, -0.000000, -0.000000, 0.000000, 0.997875, 0.065159, -0.000000, -0.065159, 0.997875),

              ["LeftFoot"] = CFrame.new(0.000000, 0.007530, -0.000003, 0.994812, -0.099746, -0.020016, 0.090680, 0.958579, -0.270020, 0.046118, 0.266789, 0.962647),

              ["LeftHand"] = CFrame.new(0.000497, 0.004353, -0.000000, 0.999725, -0.020641, 0.011161, 0.021995, 0.990004, -0.139313, -0.008174, 0.139519, 0.990185),

              ["LeftLowerArm"] = CFrame.new(-0.000500, 0.023077, 0.001794, 1.000000, -0.000000, -0.000000, 0.000000, 0.981614, -0.190875, 0.000000, 0.190875, 0.981614),

              ["LeftLowerLeg"] = CFrame.new(-0.000000, 0.035209, -0.003729, 1.000000, -0.000000, -0.000000, 0.000000, 0.961015, 0.276483, -0.000000, -0.276497, 0.961019),

              ["LeftUpperArm"] = CFrame.new(0.445089, -0.035330, 0.179251, 0.928228, 0.259680, -0.266382, -0.091007, 0.852810, 0.514231, 0.360709, -0.453080, 0.815234),

              ["LeftUpperLeg"] = CFrame.new(0.000000, -0.000000, -0.000100, 0.994812, 0.099897, 0.019250, -0.101260, 0.954060, 0.282000, 0.009805, -0.282473, 0.959221),

              ["LowerTorso"] = CFrame.new(0.020467, -0.085106, -0.238933, 1.000000, 0.000000, -0.000000, -0.000000, 0.956927, -0.290327, 0.000000, 0.290327, 0.956927),

              ["RightFoot"] = CFrame.new(0.000000, 0.007774, -0.000103, 0.995258, 0.087462, -0.042575, -0.095760, 0.957840, -0.270887, 0.017086, 0.273664, 0.961669),

              ["RightHand"] = CFrame.new(-0.000498, 0.002889, -0.000000, 0.999897, 0.012771, -0.006546, -0.013546, 0.990502, -0.136828, 0.004736, 0.136901, 0.990573),

              ["RightLowerArm"] = CFrame.new(-0.000000, 0.014935, 0.000711, 1.000000, 0.000000, 0.000000, -0.000000, 0.992622, -0.121254, -0.000000, 0.121254, 0.992622),

              ["RightLowerLeg"] = CFrame.new(-0.000000, 0.035243, -0.003884, 1.000000, 0.000000, -0.000000, -0.000000, 0.960449, 0.278441, 0.000000, -0.278456, 0.960453),

              ["RightUpperArm"] = CFrame.new(-0.373021, -0.062594, 0.231941, 0.886425, -0.301352, 0.351336, 0.084730, 0.851852, 0.516885, -0.455050, -0.428411, 0.780636),

              ["RightUpperLeg"] = CFrame.new(0.000000, 0.000000, -0.000000, 0.995258, -0.087215, 0.043075, 0.071334, 0.955464, 0.286368, -0.066132, -0.281924, 0.957151),

              ["UpperTorso"] = CFrame.new(0.000000, 0.045446, 0.114542, 1.000000, -0.000000, 0.000000, 0.000000, 0.982663, 0.185403, -0.000000, -0.185403, 0.982663)

          }},

          {Time = 0.017, Data = {

              ["Head"] = CFrame.new(-0.000000, -0.000000, -0.000000, 1.000000, -0.000000, -0.000000, 0.000000, 0.997875, 0.065159, -0.000000, -0.065159, 0.997875),

              ["LeftFoot"] = CFrame.new(-0.000000, 0.008016, -0.000003, 0.994278, -0.104153, -0.023762, 0.093480, 0.955904, -0.278419, 0.051709, 0.274589, 0.960166),

              ["LeftHand"] = CFrame.new(0.000497, 0.004347, -0.000000, 0.999724, -0.020667, 0.011176, 0.022025, 0.989980, -0.139479, -0.008182, 0.139686, 0.990162),

              ["LeftLowerArm"] = CFrame.new(-0.000500, 0.023039, 0.001787, 1.000000, -0.000000, -0.000000, 0.000000, 0.981676, -0.190557, 0.000000, 0.190556, 0.981676),

              ["LeftLowerLeg"] = CFrame.new(0.000000, 0.037842, -0.004379, 1.000000, -0.000000, -0.000000, 0.000000, 0.954422, 0.298448, -0.000000, -0.298462, 0.954426),

              ["LeftUpperArm"] = CFrame.new(0.445085, -0.035343, 0.179260, 0.928218, 0.259667, -0.266429, -0.091034, 0.852893, 0.514089, 0.360727, -0.452932, 0.815309),

              ["LeftUpperLeg"] = CFrame.new(-0.000000, -0.000000, -0.000100, 0.993484, 0.111966, 0.021283, -0.113604, 0.957901, 0.263678, 0.009135, -0.264364, 0.964376),

              ["LowerTorso"] = CFrame.new(0.026458, -0.087669, -0.234762, 0.999973, -0.007050, 0.002106, 0.007358, 0.958142, -0.286198, 0.000000, 0.286206, 0.958168),

              ["RightFoot"] = CFrame.new(-0.000000, 0.007776, -0.000103, 0.995457, 0.083507, -0.045737, -0.092768, 0.958802, -0.268516, 0.021428, 0.271524, 0.962189),

              ["RightHand"] = CFrame.new(-0.000498, 0.002883, 0.000000, 0.999897, 0.012762, -0.006540, -0.013538, 0.990482, -0.136977, 0.004730, 0.137051, 0.990553),

              ["RightLowerArm"] = CFrame.new(-0.000000, 0.014897, 0.000708, 1.000000, 0.000000, 0.000000, -0.000000, 0.992661, -0.120934, -0.000000, 0.120934, 0.992661),

              ["RightLowerLeg"] = CFrame.new(-0.000000, 0.035256, -0.003887, 1.000000, 0.000000, -0.000000, -0.000000, 0.960419, 0.278546, 0.000000, -0.278561, 0.960423),

              ["RightUpperArm"] = CFrame.new(-0.373023, -0.062593, 0.231938, 0.886429, -0.301284, 0.351385, 0.084728, 0.851945, 0.516731, -0.455043, -0.428272, 0.780716),

              ["RightUpperLeg"] = CFrame.new(0.000000, -0.000000, -0.000000, 0.996045, -0.075793, 0.046373, 0.059903, 0.958267, 0.279541, -0.065625, -0.275644, 0.959013),

              ["UpperTorso"] = CFrame.new(-0.003080, 0.046161, 0.111743, 0.999973, 0.007315, -0.000794, -0.007050, 0.983424, 0.181185, 0.002106, -0.181175, 0.983449)

          }},

          {Time = 0.033, Data = {

              ["Head"] = CFrame.new(-0.000000, 0.000000, 0.000000, 1.000000, -0.000000, -0.000000, 0.000000, 0.997875, 0.065159, -0.000000, -0.065159, 0.997875),

              ["LeftFoot"] = CFrame.new(-0.000000, 0.009250, -0.000003, 0.992618, -0.116378, -0.034161, 0.100899, 0.948626, -0.299898, 0.067304, 0.294219, 0.953359),

              ["LeftHand"] = CFrame.new(0.000497, 0.004329, -0.000000, 0.999722, -0.020746, 0.011222, 0.022114, 0.989909, -0.139967, -0.008205, 0.140175, 0.990093),

              ["LeftLowerArm"] = CFrame.new(-0.000500, 0.022929, 0.001770, 1.000000, -0.000000, -0.000000, 0.000000, 0.981857, -0.189621, 0.000000, 0.189621, 0.981857),

              ["LeftLowerLeg"] = CFrame.new(-0.000000, 0.044656, -0.006335, 1.000000, -0.000000, 0.000000, 0.000000, 0.934601, 0.355685, -0.000000, -0.355697, 0.934606),

              ["LeftUpperArm"] = CFrame.new(0.445071, -0.035383, 0.179286, 0.928190, 0.259627, -0.266565, -0.091113, 0.853135, 0.513672, 0.360779, -0.452498, 0.815527),

              ["LeftUpperLeg"] = CFrame.new(0.000000, 0.000000, -0.000100, 0.989042, 0.145454, 0.025289, -0.147490, 0.965854, 0.213026, 0.006559, -0.214407, 0.976719),

              ["LowerTorso"] = CFrame.new(0.042909, -0.094734, -0.222812, 0.999622, -0.026443, 0.007545, 0.027499, 0.961258, -0.274276, 0.000000, 0.274380, 0.961621),

              ["RightFoot"] = CFrame.new(0.000000, 0.007778, -0.000103, 0.995867, 0.072864, -0.054231, -0.084592, 0.961461, -0.261620, 0.033076, 0.265111, 0.963646),

              ["RightHand"] = CFrame.new(-0.000498, 0.002863, 0.000000, 0.999898, 0.012736, -0.006525, -0.013511, 0.990422, -0.137416, 0.004712, 0.137489, 0.990492),

              ["RightLowerArm"] = CFrame.new(0.000000, 0.014785, 0.000696, 1.000000, 0.000000, 0.000000, -0.000000, 0.992774, -0.119996, -0.000000, 0.119996, 0.992774),

              ["RightLowerLeg"] = CFrame.new(0.000000, 0.035269, -0.003890, 1.000000, 0.000000, 0.000000, -0.000000, 0.960388, 0.278653, 0.000000, -0.278668, 0.960392),

              ["RightUpperArm"] = CFrame.new(-0.373029, -0.062590, 0.231927, 0.886441, -0.301081, 0.351529, 0.084722, 0.852221, 0.516276, -0.455021, -0.427866, 0.780952),

              ["RightUpperLeg"] = CFrame.new(-0.000000, 0.000000, -0.000000, 0.997494, -0.044573, 0.054953, 0.028827, 0.965265, 0.259690, -0.064619, -0.257442, 0.964127),

              ["UpperTorso"] = CFrame.new(-0.011370, 0.048439, 0.103751, 0.999622, 0.027338, -0.002965, -0.026443, 0.985240, 0.169125, 0.007545, -0.168982, 0.985590)

          }},

          {Time = 0.050, Data = {

              ["Head"] = CFrame.new(-0.000000, -0.000000, -0.000000, 1.000000, -0.000000, -0.000000, 0.000000, 0.997875, 0.065159, -0.000000, -0.065159, 0.997875),

              ["LeftFoot"] = CFrame.new(-0.000000, 0.010816, -0.000003, 0.989586, -0.134979, -0.050019, 0.111548, 0.938694, -0.326227, 0.090981, 0.317230, 0.943967),

              ["LeftHand"] = CFrame.new(0.000497, 0.004301, 0.000000, 0.999718, -0.020876, 0.011298, 0.022259, 0.989794, -0.140760, -0.008244, 0.140971, 0.989979),

              ["LeftLowerArm"] = CFrame.new(-0.000500, 0.022751, 0.001741, 1.000000, -0.000000, -0.000000, -0.000000, 0.982150, -0.188101, 0.000000, 0.188101, 0.982150),

              ["LeftLowerLeg"] = CFrame.new(-0.000000, 0.053392, -0.009442, 1.000000, -0.000000, -0.000000, 0.000000, 0.903054, 0.429518, -0.000000, -0.429527, 0.903058),

              ["LeftUpperArm"] = CFrame.new(0.445048, -0.035448, 0.179328, 0.928144, 0.259565, -0.266785, -0.091242, 0.853528, 0.512996, 0.360864, -0.451792, 0.815880),

              ["LeftUpperLeg"] = CFrame.new(-0.000000, -0.000000, -0.000100, 0.980186, 0.196165, 0.027484, -0.198079, 0.970254, 0.139200, 0.000639, -0.141869, 0.989883),

              ["LowerTorso"] = CFrame.new(0.067559, -0.105250, -0.203918, 0.998345, -0.055594, 0.014700, 0.057505, 0.965174, -0.255209, 0.000000, 0.255632, 0.966774),

              ["RightFoot"] = CFrame.new(-0.000000, 0.007753, -0.000103, 0.996131, 0.057502, -0.066455, -0.072415, 0.965526, -0.250045, 0.049783, 0.253876, 0.965951),

              ["RightHand"] = CFrame.new(-0.000498, 0.002831, 0.000000, 0.999898, 0.012693, -0.006499, -0.013469, 0.990323, -0.138129, 0.004683, 0.138201, 0.990393),

              ["RightLowerArm"] = CFrame.new(-0.000000, 0.014602, 0.000679, 1.000000, -0.000000, 0.000000, -0.000000, 0.992958, -0.118471, -0.000000, 0.118471, 0.992958),

              ["RightLowerLeg"] = CFrame.new(0.000000, 0.035130, -0.003858, 1.000000, 0.000000, 0.000000, -0.000000, 0.960722, 0.277498, 0.000000, -0.277512, 0.960726),

              ["RightUpperArm"] = CFrame.new(-0.373038, -0.062585, 0.231909, 0.886460, -0.300751, 0.351762, 0.084712, 0.852669, 0.515538, -0.454985, -0.427205, 0.781335),

              ["RightUpperLeg"] = CFrame.new(0.000000, -0.000000, -0.000000, 0.997790, 0.001730, 0.066431, -0.016868, 0.973516, 0.228009, -0.064277, -0.228612, 0.971390),

              ["UpperTorso"] = CFrame.new(-0.023299, 0.052778, 0.091204, 0.998345, 0.057170, -0.006198, -0.055594, 0.987104, 0.150116, 0.014700, -0.149523, 0.988649)

          }},

          {Time = 0.067, Data = {

              ["Head"] = CFrame.new(-0.000000, 0.000000, 0.000000, 1.000000, -0.000000, -0.000000, 0.000000, 0.997875, 0.065159, -0.000000, -0.065159, 0.997875),

              ["LeftFoot"] = CFrame.new(0.000000, 0.012460, -0.000003, 0.984888, -0.158401, -0.070042, 0.124244, 0.927926, -0.351471, 0.120660, 0.337435, 0.933575),

              ["LeftHand"] = CFrame.new(0.000497, 0.004272, -0.000000, 0.999713, -0.021054, 0.011402, 0.022457, 0.989677, -0.141547, -0.008304, 0.141761, 0.989866),

              ["LeftLowerArm"] = CFrame.new(-0.000500, 0.022578, 0.001713, 1.000000, -0.000000, -0.000000, 0.000000, 0.982431, -0.186629, 0.000000, 0.186628, 0.982431),

              ["LeftLowerLeg"] = CFrame.new(0.000000, 0.062468, -0.013448, 1.000000, -0.000000, -0.000000, 0.000000, 0.862277, 0.506433, -0.000000, -0.506438, 0.862279),

              ["LeftUpperArm"] = CFrame.new(0.445016, -0.035536, 0.179387, 0.928081, 0.259566, -0.267005, -0.091421, 0.853902, 0.512341, 0.360982, -0.451084, 0.816220),

              ["LeftUpperLeg"] = CFrame.new(0.000000, 0.000000, -0.000100, 0.965530, 0.259179, 0.024044, -0.260087, 0.964307, 0.049681, -0.010310, -0.054203, 0.998476),

              ["LowerTorso"] = CFrame.new(0.098132, -0.118114, -0.178907, 0.995532, -0.091878, 0.021786, 0.094425, 0.968671, -0.229695, 0.000000, 0.230726, 0.973019),

              ["RightFoot"] = CFrame.new(-0.000000, 0.007664, -0.000103, 0.995952, 0.039443, -0.080770, -0.057376, 0.970667, -0.233496, 0.069187, 0.237172, 0.968997),

              ["RightHand"] = CFrame.new(-0.000498, 0.002788, -0.000000, 0.999899, 0.012634, -0.006465, -0.013410, 0.990188, -0.139098, 0.004644, 0.139170, 0.990258),

              ["RightLowerArm"] = CFrame.new(-0.000000, 0.014354, 0.000655, 1.000000, -0.000000, 0.000000, -0.000000, 0.993203, -0.116399, -0.000000, 0.116399, 0.993203),

              ["RightLowerLeg"] = CFrame.new(-0.000000, 0.034653, -0.003745, 1.000000, 0.000000, -0.000000, -0.000000, 0.961861, 0.273523, 0.000000, -0.273537, 0.961866),

              ["RightUpperArm"] = CFrame.new(-0.373051, -0.062578, 0.231884, 0.886487, -0.300303, 0.352079, 0.084699, 0.853276, 0.514535, -0.454937, -0.426307, 0.781853),

              ["RightUpperLeg"] = CFrame.new(-0.000000, 0.000000, -0.000000, 0.995227, 0.058186, 0.078349, -0.071934, 0.979909, 0.186032, -0.065950, -0.190766, 0.979415),

              ["UpperTorso"] = CFrame.new(-0.037218, 0.059787, 0.074841, 0.995532, 0.093876, -0.010170, -0.091878, 0.987887, 0.125050, 0.021786, -0.123557, 0.992098)

          }},

          {Time = 0.083, Data = {

              ["Head"] = CFrame.new(-0.000000, 0.000000, 0.000000, 1.000000, -0.000000, -0.000000, 0.000000, 0.997875, 0.065159, -0.000000, -0.065159, 0.997875),

              ["LeftFoot"] = CFrame.new(-0.000000, 0.014064, -0.000003, 0.978392, -0.184817, -0.092702, 0.138263, 0.918177, -0.371283, 0.153727, 0.350419, 0.923881),

              ["LeftHand"] = CFrame.new(0.000497, 0.004224, -0.000000, 0.999707, -0.021280, 0.011533, 0.022711, 0.989477, -0.142899, -0.008371, 0.143118, 0.989670),

              ["LeftLowerArm"] = CFrame.new(-0.000500, 0.022274, 0.001665, 1.000000, -0.000000, -0.000000, 0.000000, 0.982918, -0.184044, 0.000000, 0.184044, 0.982918),

              ["LeftLowerLeg"] = CFrame.new(0.000000, 0.070843, -0.017905, 1.000000, -0.000000, -0.000000, 0.000000, 0.816777, 0.576952, -0.000000, -0.576953, 0.816778),

              ["LeftUpperArm"] = CFrame.new(0.444976, -0.035650, 0.179462, 0.928001, 0.259466, -0.267380, -0.091647, 0.854566, 0.511193, 0.361131, -0.449883, 0.816817),

              ["LeftUpperLeg"] = CFrame.new(0.000000, 0.000000, -0.000100, 0.944396, 0.328576, 0.012432, -0.327651, 0.943565, -0.048256, -0.027587, 0.041520, 0.998758),

              ["LowerTorso"] = CFrame.new(0.132297, -0.132292, -0.148611, 0.990808, -0.132534, 0.027115, 0.135279, 0.970701, -0.198594, 0.000000, 0.200436, 0.979707),

              ["RightFoot"] = CFrame.new(-0.000000, 0.007491, -0.000103, 0.995203, 0.020600, -0.095643, -0.040583, 0.976431, -0.211992, 0.089017, 0.214845, 0.972580),

              ["RightHand"] = CFrame.new(-0.000498, 0.002734, -0.000000, 0.999901, 0.012560, -0.006421, -0.013337, 0.990018, -0.140309, 0.004595, 0.140379, 0.990087),

              ["RightLowerArm"] = CFrame.new(-0.000000, 0.014044, 0.000625, 1.000000, 0.000000, 0.000000, -0.000000, 0.993502, -0.113815, -0.000000, 0.113815, 0.993502),

              ["RightLowerLeg"] = CFrame.new(0.000000, 0.033721, -0.003530, 1.000000, 0.000000, -0.000000, -0.000000, 0.964034, 0.265766, -0.000000, -0.265781, 0.964038),

              ["RightUpperArm"] = CFrame.new(-0.373068, -0.062570, 0.231854, 0.886519, -0.299744, 0.352472, 0.084683, 0.854031, 0.513283, -0.454876, -0.425187, 0.782498),

              ["RightUpperLeg"] = CFrame.new(-0.000000, 0.000000, -0.000000, 0.988841, 0.119743, 0.088630, -0.131072, 0.982061, 0.135576, -0.070806, -0.145667, 0.986795),

              ["UpperTorso"] = CFrame.new(-0.051534, 0.069887, 0.055556, 0.990808, 0.134493, -0.014558, -0.132534, 0.986634, 0.094808, 0.027115, -0.092007, 0.995389)

          }},

          {Time = 0.100, Data = {

              ["Head"] = CFrame.new(-0.000000, 0.000000, -0.000000, 1.000000, -0.000000, -0.000000, 0.000000, 0.997875, 0.065159, -0.000000, -0.065159, 0.997875),

              ["LeftFoot"] = CFrame.new(0.000000, 0.016269, -0.000003, 0.970312, -0.212117, -0.116210, 0.153451, 0.911294, -0.382115, 0.186943, 0.352915, 0.916779),

              ["LeftHand"] = CFrame.new(0.000497, 0.004166, -0.000000, 0.999699, -0.021552, 0.011692, 0.023016, 0.989236, -0.144509, -0.008451, 0.144733, 0.989434),

              ["LeftLowerArm"] = CFrame.new(-0.000500, 0.021912, 0.001609, 1.000000, -0.000000, -0.000000, 0.000000, 0.983489, -0.180972, 0.000000, 0.180971, 0.983488),

              ["LeftLowerLeg"] = CFrame.new(-0.000000, 0.078424, -0.022141, 1.000000, -0.000000, -0.000000, 0.000000, 0.773148, 0.634227, -0.000000, -0.634226, 0.773147),

              ["LeftUpperArm"] = CFrame.new(0.444927, -0.035785, 0.179551, 0.927904, 0.259352, -0.267826, -0.091919, 0.855350, 0.509831, 0.361311, -0.448455, 0.817522),

              ["LeftUpperLeg"] = CFrame.new(0.000000, -0.000000, -0.000100, 0.917411, 0.397868, -0.007557, -0.394582, 0.907040, -0.146893, -0.051591, 0.137765, 0.989124),

              ["LowerTorso"] = CFrame.new(0.167660, -0.146910, -0.113873, 0.984195, -0.174645, 0.029319, 0.177089, 0.970612, -0.162947, 0.000000, 0.165564, 0.986199),

              ["RightFoot"] = CFrame.new(-0.000000, 0.007237, -0.000103, 0.993956, 0.002644, -0.109756, -0.023168, 0.982249, -0.186154, 0.107308, 0.187563, 0.976371),

              ["RightHand"] = CFrame.new(-0.000498, 0.002669, 0.000000, 0.999902, 0.012473, -0.006370, -0.013250, 0.989814, -0.141748, 0.004536, 0.141818, 0.989882),

              ["RightLowerArm"] = CFrame.new(-0.000000, 0.013675, 0.000591, 1.000000, 0.000000, 0.000000, -0.000000, 0.993849, -0.110744, -0.000000, 0.110743, 0.993849),

              ["RightLowerLeg"] = CFrame.new(0.000000, 0.032358, -0.003229, 1.000000, 0.000000, 0.000000, -0.000000, 0.967084, 0.254443, 0.000000, -0.254458, 0.967088),

              ["RightUpperArm"] = CFrame.new(-0.373087, -0.062560, 0.231818, 0.886559, -0.299080, 0.352937, 0.084664, 0.854926, 0.511795, -0.454803, -0.423855, 0.783263),

              ["RightUpperLeg"] = CFrame.new(-0.000000, -0.000000, -0.000000, 0.978714, 0.181495, 0.095805, -0.189193, 0.978798, 0.078501, -0.079527, -0.094942, 0.992300),

              ["UpperTorso"] = CFrame.new(-0.064852, 0.083117, 0.034360, 0.984195, 0.176062, -0.019038, -0.174645, 0.982786, 0.060256, 0.029319, -0.055979, 0.998001)

          }},

          {Time = 0.117, Data = {

              ["Head"] = CFrame.new(-0.000000, 0.000000, 0.000000, 1.000000, -0.000000, -0.000000, 0.000000, 0.997875, 0.065159, -0.000000, -0.065159, 0.997875),

              ["LeftFoot"] = CFrame.new(0.000000, 0.018378, -0.000003, 0.961316, -0.238038, -0.138614, 0.169198, 0.907373, -0.384789, 0.217355, 0.346428, 0.912537),

              ["LeftHand"] = CFrame.new(0.000497, 0.004099, 0.000000, 0.999690, -0.021868, 0.011875, 0.023371, 0.988955, -0.146363, -0.008543, 0.146595, 0.989160),

              ["LeftLowerArm"] = CFrame.new(-0.000500, 0.021497, 0.001546, 1.000000, -0.000000, -0.000000, 0.000000, 0.984133, -0.177434, 0.000000, 0.177434, 0.984133),

              ["LeftLowerLeg"] = CFrame.new(-0.000000, 0.084750, -0.025998, 1.000000, -0.000000, -0.000000, 0.000000, 0.733207, 0.680008, -0.000000, -0.680005, 0.733205),

              ["LeftUpperArm"] = CFrame.new(0.444871, -0.035943, 0.179656, 0.927792, 0.259225, -0.268339, -0.092234, 0.856248, 0.508263, 0.361519, -0.446812, 0.818329),

              ["LeftUpperLeg"] = CFrame.new(-0.000000, -0.000000, -0.000100, 0.886786, 0.460816, -0.035482, -0.454936, 0.856763, -0.242862, -0.081516, 0.231530, 0.969412),

              ["LowerTorso"] = CFrame.new(0.201780, -0.161308, -0.075551, 0.976187, -0.215175, 0.027539, 0.216930, 0.968289, -0.123928, 0.000000, 0.126951, 0.991909),

              ["RightFoot"] = CFrame.new(-0.000000, 0.006938, -0.000103, 0.992437, -0.013079, -0.122065, -0.006342, 0.987520, -0.157374, 0.122593, 0.156951, 0.979966),

              ["RightHand"] = CFrame.new(-0.000498, 0.002595, -0.000000, 0.999904, 0.012373, -0.006310, -0.013150, 0.989577, -0.143402, 0.004470, 0.143470, 0.989644),

              ["RightLowerArm"] = CFrame.new(0.000000, 0.013251, 0.000553, 1.000000, 0.000000, 0.000000, -0.000000, 0.994236, -0.107218, -0.000000, 0.107217, 0.994236),

              ["RightLowerLeg"] = CFrame.new(0.000000, 0.030774, -0.002898, 1.000000, 0.000000, -0.000000, -0.000000, 0.970441, 0.241325, 0.000000, -0.241340, 0.970444),

              ["RightUpperArm"] = CFrame.new(-0.373110, -0.062549, 0.231776, 0.886604, -0.298318, 0.353469, 0.084643, 0.855948, 0.510087, -0.454720, -0.422326, 0.784137),

              ["RightUpperLeg"] = CFrame.new(-0.000000, -0.000000, -0.000000, 0.965966, 0.238982, 0.098978, -0.241707, 0.970212, 0.016351, -0.092123, -0.039705, 0.994955),

              ["UpperTorso"] = CFrame.new(-0.076084, 0.099035, 0.012297, 0.976187, 0.215676, -0.023294, -0.215175, 0.976322, 0.022242, 0.027539, -0.016700, 0.999481)

          }},

          {Time = 0.133, Data = {

              ["Head"] = CFrame.new(-0.000000, -0.000000, -0.000000, 1.000000, -0.000000, -0.000000, 0.000000, 0.997875, 0.065159, -0.000000, -0.065159, 0.997875),

              ["LeftFoot"] = CFrame.new(0.000000, 0.020061, -0.000003, 0.952503, -0.260360, -0.157976, 0.184722, 0.906358, -0.380011, 0.242108, 0.332757, 0.911392),

              ["LeftHand"] = CFrame.new(0.000497, 0.004024, -0.000000, 0.999680, -0.022226, 0.012084, 0.023775, 0.988635, -0.148444, -0.008647, 0.148683, 0.988847),

              ["LeftLowerArm"] = CFrame.new(-0.000500, 0.021031, 0.001476, 1.000000, -0.000000, -0.000000, 0.000000, 0.984839, -0.173471, 0.000000, 0.173471, 0.984839),

              ["LeftLowerLeg"] = CFrame.new(-0.000000, 0.089665, -0.029326, 1.000000, -0.000000, -0.000000, 0.000000, 0.698658, 0.715460, -0.000000, -0.715456, 0.698654),

              ["LeftUpperArm"] = CFrame.new(0.444807, -0.036122, 0.179774, 0.927664, 0.259087, -0.268913, -0.092592, 0.857248, 0.506510, 0.361755, -0.444971, 0.819227),

              ["LeftUpperLeg"] = CFrame.new(-0.000000, -0.000000, -0.000100, 0.856162, 0.512076, -0.069008, -0.503669, 0.797264, -0.332679, -0.115341, 0.319606, 0.940512),

              ["LowerTorso"] = CFrame.new(0.232203, -0.175056, -0.034520, 0.967733, -0.251054, 0.021539, 0.251976, 0.964191, -0.082724, 0.000000, 0.085482, 0.996340),

              ["RightFoot"] = CFrame.new(0.000000, 0.006685, -0.000103, 0.990946, -0.025567, -0.131811, 0.008545, 0.991721, -0.128133, 0.133988, 0.125841, 0.982959),

              ["RightHand"] = CFrame.new(-0.000498, 0.002511, -0.000000, 0.999905, 0.012261, -0.006244, -0.013037, 0.989309, -0.145252, 0.004396, 0.145319, 0.989375),

              ["RightLowerArm"] = CFrame.new(-0.000000, 0.012777, 0.000512, 1.000000, 0.000000, 0.000000, -0.000000, 0.994653, -0.103277, -0.000000, 0.103276, 0.994653),

              ["RightLowerLeg"] = CFrame.new(0.000000, 0.029458, -0.002638, 1.000000, 0.000000, -0.000000, -0.000000, 0.973073, 0.230481, 0.000000, -0.230497, 0.973077),

              ["RightUpperArm"] = CFrame.new(-0.373135, -0.062538, 0.231729, 0.886654, -0.297466, 0.354061, 0.084620, 0.857086, 0.508176, -0.454626, -0.420615, 0.785110),

              ["RightUpperLeg"] = CFrame.new(-0.000000, -0.000000, -0.000000, 0.952529, 0.288405, 0.097532, -0.284700, 0.957297, -0.050270, -0.107866, 0.020129, 0.993962),

              ["UpperTorso"] = CFrame.new(-0.084529, 0.116725, -0.009686, 0.967733, 0.250523, -0.027021, -0.251054, 0.967798, -0.018407, 0.021539, 0.024596, 0.999465)

          }},

          {Time = 0.150, Data = {

              ["Head"] = CFrame.new(0.000000, 0.000000, 0.000000, 1.000000, -0.000000, -0.000000, 0.000000, 0.997875, 0.065159, -0.000000, -0.065159, 0.997875),

              ["LeftFoot"] = CFrame.new(0.000000, 0.021446, -0.000003, 0.945229, -0.277092, -0.172533, 0.198976, 0.908134, -0.368396, 0.258747, 0.313867, 0.913519),

              ["LeftHand"] = CFrame.new(0.000498, 0.003941, -0.000000, 0.999668, -0.022625, 0.012316, 0.024224, 0.988276, -0.150742, -0.008761, 0.150989, 0.988496),

              ["LeftLowerArm"] = CFrame.new(-0.000500, 0.020515, 0.001401, 1.000000, -0.000000, -0.000000, 0.000000, 0.985600, -0.169097, 0.000000, 0.169096, 0.985599),

              ["LeftLowerLeg"] = CFrame.new(-0.000000, 0.093358, -0.031959, 1.000000, -0.000000, -0.000000, 0.000000, 0.671216, 0.741267, -0.000000, -0.741262, 0.671210),

              ["LeftUpperArm"] = CFrame.new(0.444736, -0.036322, 0.179905, 0.927521, 0.258938, -0.269547, -0.092991, 0.858345, 0.504576, 0.362018, -0.442939, 0.820212),

              ["LeftUpperLeg"] = CFrame.new(-0.000000, -0.000000, -0.000100, 0.830098, 0.547806, -0.104126, -0.537046, 0.735153, -0.413664, -0.150060, 0.399323, 0.904456),

              ["LowerTorso"] = CFrame.new(0.256496, -0.187928, 0.008325, 0.960140, -0.279271, 0.011764, 0.279519, 0.959290, -0.040409, 0.000000, 0.042086, 0.999114),

              ["RightFoot"] = CFrame.new(-0.000000, 0.006575, -0.000103, 0.989782, -0.034107, -0.138459, 0.020182, 0.994706, -0.100768, 0.141155, 0.096941, 0.985228),

              ["RightHand"] = CFrame.new(-0.000498, 0.002417, -0.000000, 0.999907, 0.012137, -0.006171, -0.012913, 0.989010, -0.147285, 0.004315, 0.147350, 0.989075),

              ["RightLowerArm"] = CFrame.new(0.000000, 0.012254, 0.000469, 1.000000, 0.000000, 0.000000, -0.000000, 0.995093, -0.098948, -0.000000, 0.098948, 0.995093),

              ["RightLowerLeg"] = CFrame.new(0.000000, 0.028886, -0.002528, 1.000000, 0.000000, -0.000000, -0.000000, 0.974178, 0.225768, -0.000000, -0.225783, 0.974181),

              ["RightUpperArm"] = CFrame.new(-0.373162, -0.062526, 0.231677, 0.886709, -0.296530, 0.354707, 0.084596, 0.858330, 0.506077, -0.454523, -0.418736, 0.786174),

              ["RightUpperLeg"] = CFrame.new(-0.000000, -0.000000, -0.000000, 0.940795, 0.326455, 0.091283, -0.314963, 0.941407, -0.120616, -0.125311, 0.084737, 0.988493),

              ["UpperTorso"] = CFrame.new(-0.089869, 0.134888, -0.030863, 0.960140, 0.277912, -0.029930, -0.279271, 0.958281, -0.060873, 0.011764, 0.066805, 0.997697)

          }},

          {Time = 0.167, Data = {

              ["Head"] = CFrame.new(-0.000000, 0.000000, -0.000000, 1.000000, -0.000000, -0.000000, 0.000000, 0.997875, 0.065159, -0.000000, -0.065159, 0.997875),

              ["LeftFoot"] = CFrame.new(-0.000000, 0.022243, -0.000003, 0.940862, -0.286542, -0.180771, 0.210240, 0.912202, -0.351711, 0.265664, 0.292886, 0.918489),

              ["LeftHand"] = CFrame.new(0.000497, 0.003849, -0.000000, 0.999655, -0.023063, 0.012572, 0.024719, 0.987880, -0.153239, -0.008885, 0.153496, 0.988109),

              ["LeftLowerArm"] = CFrame.new(-0.000500, 0.019956, 0.001322, 1.000000, -0.000000, -0.000000, 0.000000, 0.986402, -0.164349, 0.000000, 0.164348, 0.986402),

              ["LeftLowerLeg"] = CFrame.new(-0.000000, 0.095806, -0.033969, 1.000000, -0.000000, -0.000000, 0.000000, 0.650347, 0.759642, -0.000000, -0.759637, 0.650342),

              ["LeftUpperArm"] = CFrame.new(0.444658, -0.036541, 0.180050, 0.927365, 0.258782, -0.270234, -0.093429, 0.859526, 0.502480, 0.362307, -0.440734, 0.821271),

              ["LeftUpperLeg"] = CFrame.new(0.000000, 0.000000, -0.000100, 0.813338, 0.565497, -0.136712, -0.552582, 0.677343, -0.485640, -0.182028, 0.470554, 0.863402),

              ["LowerTorso"] = CFrame.new(0.272278, -0.199835, 0.052080, 0.954897, -0.296938, -0.000677, 0.296939, 0.954894, 0.002178, 0.000000, -0.002280, 0.999997),

              ["RightFoot"] = CFrame.new(0.000000, 0.006744, -0.000103, 0.989188, -0.038157, -0.141607, 0.027209, 0.996545, -0.078467, 0.144104, 0.073764, 0.986808),

              ["RightHand"] = CFrame.new(-0.000499, 0.002316, -0.000000, 0.999909, 0.012003, -0.006092, -0.012779, 0.988681, -0.149489, 0.004229, 0.149552, 0.988745),

              ["RightLowerArm"] = CFrame.new(-0.000000, 0.011689, 0.000425, 1.000000, 0.000000, 0.000000, -0.000000, 0.995548, -0.094260, -0.000000, 0.094260, 0.995548),

              ["RightLowerLeg"] = CFrame.new(-0.000000, 0.029757, -0.002695, 1.000000, 0.000000, 0.000000, -0.000000, 0.972487, 0.232941, -0.000000, -0.232956, 0.972491),

              ["RightUpperArm"] = CFrame.new(-0.373192, -0.062513, 0.231621, 0.886769, -0.295517, 0.355403, 0.084570, 0.859670, 0.503802, -0.454411, -0.416698, 0.787320),

              ["RightUpperLeg"] = CFrame.new(0.000000, 0.000000, -0.000000, 0.933242, 0.350197, 0.080141, -0.329841, 0.923648, -0.195129, -0.142356, 0.155681, 0.977498),

              ["UpperTorso"] = CFrame.new(-0.092090, 0.151997, -0.050821, 0.954897, 0.295237, -0.031743, -0.296938, 0.949178, -0.104346, -0.000677, 0.109065, 0.994034)

          }},

          {Time = 0.183, Data = {

              ["Head"] = CFrame.new(-0.000000, 0.000000, 0.000000, 1.000000, -0.000000, -0.000000, 0.000000, 0.997875, 0.065159, -0.000000, -0.065159, 0.997875),

              ["LeftFoot"] = CFrame.new(-0.000000, 0.022763, -0.000003, 0.940308, -0.287712, -0.181792, 0.217043, 0.918390, -0.330853, 0.262131, 0.271628, 0.926006),

              ["LeftHand"] = CFrame.new(0.000498, 0.003750, -0.000000, 0.999640, -0.023539, 0.012849, 0.025256, 0.987447, -0.155921, -0.009017, 0.156188, 0.987686),

              ["LeftLowerArm"] = CFrame.new(-0.000500, 0.019353, 0.001240, 1.000000, -0.000000, -0.000000, 0.000000, 0.987238, -0.159254, 0.000000, 0.159253, 0.987238),

              ["LeftLowerLeg"] = CFrame.new(-0.000000, 0.097358, -0.035291, 1.000000, -0.000000, -0.000000, 0.000000, 0.636601, 0.771199, -0.000000, -0.771193, 0.636594),

              ["LeftUpperArm"] = CFrame.new(0.444573, -0.036778, 0.180206, 0.927194, 0.258621, -0.270972, -0.093904, 0.860784, 0.500234, 0.362619, -0.438368, 0.822399),

              ["LeftUpperLeg"] = CFrame.new(-0.000000, 0.000000, -0.000100, 0.809339, 0.564466, -0.162305, -0.549414, 0.629892, -0.548967, -0.207640, 0.533492, 0.819934),

              ["LowerTorso"] = CFrame.new(0.277778, -0.210783, 0.095833, 0.953214, -0.301967, -0.014100, 0.302296, 0.952177, 0.044460, 0.000000, -0.046642, 0.998912),

              ["RightFoot"] = CFrame.new(-0.000000, 0.007299, -0.000103, 0.989295, -0.037441, -0.141051, 0.028605, 0.997529, -0.064165, 0.143097, 0.059442, 0.987921),

              ["RightHand"] = CFrame.new(-0.000498, 0.002206, -0.000000, 0.999912, 0.011860, -0.006007, -0.012634, 0.988324, -0.151845, 0.004136, 0.151906, 0.988386),

              ["RightLowerArm"] = CFrame.new(-0.000000, 0.011082, 0.000380, 1.000000, 0.000000, 0.000000, -0.000000, 0.996009, -0.089253, -0.000000, 0.089253, 0.996009),

              ["RightLowerLeg"] = CFrame.new(-0.000000, 0.032697, -0.003303, 1.000000, 0.000000, 0.000000, 0.000000, 0.966337, 0.257267, -0.000000, -0.257281, 0.966340),

              ["RightUpperArm"] = CFrame.new(-0.373224, -0.062500, 0.231561, 0.886833, -0.294434, 0.356141, 0.084544, 0.861093, 0.501370, -0.454291, -0.414521, 0.788538),

              ["RightUpperLeg"] = CFrame.new(-0.000000, 0.000000, -0.000000, 0.931691, 0.357464, 0.064585, -0.327806, 0.903985, -0.274497, -0.156508, 0.234588, 0.959417),

              ["UpperTorso"] = CFrame.new(-0.091422, 0.166772, -0.069473, 0.953214, 0.300570, -0.032258, -0.301967, 0.941763, -0.147983, -0.014100, 0.150801, 0.988464)

          }},

          {Time = 0.200, Data = {

              ["Head"] = CFrame.new(-0.000000, -0.000000, 0.000000, 1.000000, -0.000000, -0.000000, 0.000000, 0.997875, 0.065159, -0.000000, -0.065159, 0.997875),

              ["LeftFoot"] = CFrame.new(0.000000, 0.023050, -0.000003, 0.943237, -0.281454, -0.176334, 0.218903, 0.926109, -0.307270, 0.249772, 0.251209, 0.935143),

              ["LeftHand"] = CFrame.new(0.000498, 0.003645, -0.000000, 0.999624, -0.024051, 0.013147, 0.025834, 0.986977, -0.158772, -0.009157, 0.159051, 0.987228),

              ["LeftLowerArm"] = CFrame.new(-0.000500, 0.018713, 0.001156, 1.000000, 0.000000, -0.000000, 0.000000, 0.988095, -0.153844, 0.000000, 0.153844, 0.988095),

              ["LeftLowerLeg"] = CFrame.new(0.000000, 0.098200, -0.036024, 1.000000, -0.000000, -0.000000, 0.000000, 0.628965, 0.777439, -0.000000, -0.777434, 0.628958),

              ["LeftUpperArm"] = CFrame.new(0.444481, -0.037034, 0.180374, 0.927011, 0.258457, -0.271755, -0.094415, 0.862108, 0.497852, 0.362956, -0.435856, 0.823585),

              ["LeftUpperLeg"] = CFrame.new(-0.000000, 0.000000, -0.000100, 0.817535, 0.547363, -0.178953, -0.530118, 0.593907, -0.605172, -0.224969, 0.589633, 0.775721),

              ["LowerTorso"] = CFrame.new(0.273486, -0.220959, 0.138673, 0.955123, -0.295007, -0.026667, 0.296210, 0.951245, 0.085986, 0.000000, -0.090026, 0.995939),

              ["RightFoot"] = CFrame.new(0.000000, 0.008149, -0.000103, 0.990009, -0.032508, -0.137216, 0.024907, 0.998077, -0.056766, 0.138789, 0.052779, 0.988913),

              ["RightHand"] = CFrame.new(-0.000498, 0.002088, 0.000000, 0.999914, 0.011708, -0.005918, -0.012481, 0.987940, -0.154337, 0.004039, 0.154396, 0.988001),

              ["RightLowerArm"] = CFrame.new(-0.000000, 0.010439, 0.000335, 1.000000, 0.000000, 0.000000, -0.000000, 0.996469, -0.083962, -0.000000, 0.083961, 0.996469),

              ["RightLowerLeg"] = CFrame.new(-0.000000, 0.037275, -0.004386, 1.000000, 0.000000, 0.000000, -0.000000, 0.955371, 0.295395, 0.000000, -0.295409, 0.955375),

              ["RightUpperArm"] = CFrame.new(-0.373258, -0.062487, 0.231498, 0.886900, -0.293290, 0.356916, 0.084517, 0.862587, 0.498799, -0.454164, -0.412219, 0.789817),

              ["RightUpperLeg"] = CFrame.new(-0.000000, -0.000000, -0.000000, 0.935950, 0.348952, 0.047227, -0.310631, 0.881343, -0.355998, -0.165850, 0.318539, 0.933293),

              ["UpperTorso"] = CFrame.new(-0.088427, 0.179231, -0.086880, 0.955123, 0.294525, -0.031548, -0.295007, 0.936246, -0.190827, -0.026667, 0.191570, 0.981117)

          }},

          {Time = 0.217, Data = {

              ["Head"] = CFrame.new(-0.000000, 0.000000, -0.000000, 1.000000, -0.000000, -0.000000, 0.000000, 0.997875, 0.065159, -0.000000, -0.065159, 0.997875),

              ["LeftFoot"] = CFrame.new(0.000000, 0.023130, -0.000003, 0.948817, -0.269005, -0.165494, 0.215851, 0.934820, -0.282009, 0.230555, 0.231835, 0.945031),

              ["LeftHand"] = CFrame.new(0.000498, 0.003533, -0.000000, 0.999607, -0.024596, 0.013465, 0.026452, 0.986473, -0.161779, -0.009303, 0.162071, 0.986735),

              ["LeftLowerArm"] = CFrame.new(-0.000500, 0.018039, 0.001070, 1.000000, -0.000000, -0.000000, 0.000000, 0.988966, -0.148146, 0.000000, 0.148146, 0.988966),

              ["LeftLowerLeg"] = CFrame.new(-0.000000, 0.098436, -0.036231, 1.000000, -0.000000, -0.000000, 0.000000, 0.626810, 0.779177, -0.000000, -0.779172, 0.626804),

              ["LeftUpperArm"] = CFrame.new(0.444383, -0.037306, 0.180553, 0.926815, 0.258292, -0.272580, -0.094960, 0.863490, 0.495347, 0.363314, -0.433210, 0.824822),

              ["LeftUpperLeg"] = CFrame.new(-0.000000, -0.000000, -0.000100, 0.835625, 0.516887, -0.185885, -0.497474, 0.568631, -0.655104, -0.232916, 0.639911, 0.732315),

              ["LowerTorso"] = CFrame.new(0.260464, -0.230507, 0.179695, 0.960045, -0.277416, -0.036792, 0.279846, 0.951712, 0.126220, 0.000000, -0.131473, 0.991320),

              ["RightFoot"] = CFrame.new(-0.000000, 0.009208, -0.000103, 0.991157, -0.023921, -0.130529, 0.016786, 0.998318, -0.055501, 0.131629, 0.052816, 0.989890),

              ["RightHand"] = CFrame.new(-0.000499, 0.001963, -0.000000, 0.999916, 0.011549, -0.005824, -0.012320, 0.987530, -0.156951, 0.003938, 0.157009, 0.987589),

              ["RightLowerArm"] = CFrame.new(0.000000, 0.009765, 0.000291, 1.000000, 0.000000, 0.000000, -0.000000, 0.996921, -0.078416, -0.000000, 0.078415, 0.996921),

              ["RightLowerLeg"] = CFrame.new(0.000000, 0.043121, -0.006021, 1.000000, 0.000000, 0.000000, -0.000000, 0.938799, 0.344454, 0.000000, -0.344466, 0.938803),

              ["RightUpperArm"] = CFrame.new(-0.373294, -0.062473, 0.231431, 0.886971, -0.292090, 0.357722, 0.084490, 0.864144, 0.496102, -0.454030, -0.409803, 0.791150),

              ["RightUpperLeg"] = CFrame.new(-0.000000, -0.000000, -0.000000, 0.944860, 0.326028, 0.030733, -0.280569, 0.854347, -0.437449, -0.168879, 0.404719, 0.898718),

              ["UpperTorso"] = CFrame.new(-0.083505, 0.189799, -0.103046, 0.960045, 0.278260, -0.029744, -0.277416, 0.932346, -0.231885, -0.036792, 0.230872, 0.972288)

          }},

          {Time = 0.233, Data = {

              ["Head"] = CFrame.new(-0.000000, 0.000000, 0.000000, 1.000000, -0.000000, -0.000000, 0.000000, 0.997875, 0.065159, -0.000000, -0.065159, 0.997875),

              ["LeftFoot"] = CFrame.new(-0.000000, 0.023015, -0.000002, 0.956104, -0.251541, -0.150320, 0.208150, 0.944052, -0.255826, 0.206248, 0.213291, 0.954964),

              ["LeftHand"] = CFrame.new(0.000498, 0.003415, -0.000000, 0.999588, -0.025174, 0.013801, 0.027107, 0.985934, -0.164925, -0.009455, 0.165229, 0.986210),

              ["LeftLowerArm"] = CFrame.new(-0.000500, 0.017332, 0.000985, 1.000000, -0.000000, -0.000000, 0.000000, 0.989839, -0.142194, 0.000000, 0.142193, 0.989839),

              ["LeftLowerLeg"] = CFrame.new(-0.000000, 0.098097, -0.035934, 1.000000, -0.000000, -0.000000, 0.000000, 0.629908, 0.776675, -0.000000, -0.776670, 0.629902),

              ["LeftUpperArm"] = CFrame.new(0.444279, -0.037595, 0.180743, 0.926606, 0.258128, -0.273442, -0.095538, 0.864920, 0.492734, 0.363694, -0.430446, 0.826101),

              ["LeftUpperLeg"] = CFrame.new(-0.000000, -0.000000, -0.000100, 0.860709, 0.475072, -0.182981, -0.453752, 0.552887, -0.698863, -0.230844, 0.684560, 0.691454),

              ["LowerTorso"] = CFrame.new(0.239789, -0.239508, 0.218007, 0.967128, -0.250587, -0.043245, 0.254291, 0.953040, 0.164470, 0.000000, -0.170060, 0.985434),

              ["RightFoot"] = CFrame.new(-0.000000, 0.010375, -0.000103, 0.992546, -0.012073, -0.121280, 0.004989, 0.998272, -0.058554, 0.121770, 0.057508, 0.990890),

              ["RightHand"] = CFrame.new(-0.000499, 0.001833, 0.000000, 0.999919, 0.011383, -0.005726, -0.012151, 0.987096, -0.159670, 0.003834, 0.159725, 0.987154),

              ["RightLowerArm"] = CFrame.new(-0.000000, 0.009063, 0.000248, 1.000000, 0.000000, 0.000000, -0.000000, 0.997357, -0.072656, -0.000000, 0.072655, 0.997357),

              ["RightLowerLeg"] = CFrame.new(-0.000000, 0.049623, -0.008188, 1.000000, 0.000000, -0.000000, -0.000000, 0.916813, 0.399306, 0.000000, -0.399316, 0.916818),

              ["RightUpperArm"] = CFrame.new(-0.373330, -0.062460, 0.231361, 0.887045, -0.290844, 0.358554, 0.084464, 0.865750, 0.493299, -0.453890, -0.407293, 0.792525),

              ["RightUpperLeg"] = CFrame.new(0.000000, -0.000000, -0.000000, 0.956848, 0.290025, 0.018092, -0.239601, 0.822644, -0.515592, -0.164418, 0.489022, 0.856643),

              ["UpperTorso"] = CFrame.new(-0.076862, 0.198932, -0.117869, 0.967128, 0.252856, -0.026970, -0.250587, 0.929629, -0.270180, -0.043245, 0.268057, 0.962432)

          }},

          {Time = 0.250, Data = {

              ["Head"] = CFrame.new(-0.000000, -0.000000, 0.000000, 1.000000, -0.000000, -0.000000, 0.000000, 0.997875, 0.065159, -0.000000, -0.065159, 0.997875),

              ["LeftFoot"] = CFrame.new(0.000000, 0.022705, -0.000002, 0.964175, -0.230198, -0.131829, 0.196254, 0.953352, -0.229371, 0.178470, 0.195267, 0.964370),

              ["LeftHand"] = CFrame.new(0.000498, 0.003291, -0.000000, 0.999567, -0.025783, 0.014156, 0.027799, 0.985362, -0.168193, -0.009612, 0.168512, 0.985653),

              ["LeftLowerArm"] = CFrame.new(-0.000500, 0.016597, 0.000899, 1.000000, -0.000000, -0.000000, 0.000000, 0.990706, -0.136019, 0.000000, 0.136019, 0.990706),

              ["LeftLowerLeg"] = CFrame.new(0.000000, 0.097188, -0.035145, 1.000000, -0.000000, -0.000000, 0.000000, 0.638121, 0.769941, -0.000000, -0.769936, 0.638115),

              ["LeftUpperArm"] = CFrame.new(0.444169, -0.037899, 0.180943, 0.926387, 0.257968, -0.274336, -0.096146, 0.866389, 0.490028, 0.364093, -0.427579, 0.827413),

