return {
["jerk you off"] = {
        {Time = 0.000, Data = {
            ["Head"] = CFrame.new(-4.4703483581542969e-08, 0, -1.1175870895385742e-08, 0.39486724138259888, 0.14617601037025452, -0.90703511238098145, -0.027626506984233856, 0.9887043833732605, 0.14731080830097198, 0.91832292079925537, -0.033110011368989944, 0.39444530010223389),
            ["LeftFoot"] = CFrame.new(4.5634806156158447e-08, 0.013626813888549805, -2.8177164494991302e-06, 0.92271888256072998, -0.29484730958938599, -0.24830426275730133, 0.1688341349363327, 0.88820803165435791, -0.42729571461677551, 0.34653282165527344, 0.35235157608985901, 0.86934655904769897),
            ["LeftHand"] = CFrame.new(0.00049358606338500977, 0.0096390247344970703, 2.9802322387695312e-08, 0.88690716028213501, -0.39916425943374634, 0.23251582682132721, 0.44185078144073486, 0.87987452745437622, -0.17489634454250336, -0.13477237522602081, 0.25785410404205322, 0.95673805475234985),
            ["LeftLowerArm"] = CFrame.new(-0.00050026178359985352, 0.058749258518218994, 0.01323971152305603, 1, 0, 0, 0, 0.86515688896179199, -0.50150138139724731, 0, 0.50150138139724731, 0.86515688896179199),
            ["LeftLowerLeg"] = CFrame.new(-3.7252902984619141e-09, 0.068731546401977539, -0.016722984611988068, 1, -0, 0, 0, 0.82888501882553101, 0.55941903591156006, -0, -0.55941903591156006, 0.82888501882553101),
            ["LeftUpperArm"] = CFrame.new(-0.021589756011962891, -0.067361354827880859, 0.12878686189651489, 0.95680975914001465, 0.22884497046470642, -0.17929036915302277, -0.13475483655929565, 0.89558857679367065, 0.42398378252983093, 0.25759696960449219, -0.38151159882545471, 0.88774585723876953),
            ["LeftUpperLeg"] = CFrame.new(5.9604644775390625e-08, -2.9290094971656799e-07, -0.00010002404451370239, 0.948161780834198, 0.23316112160682678, 0.21592846512794495, -0.18097788095474243, 0.95470154285430908, -0.2362031489610672, -0.26122063398361206, 0.18488053977489471, 0.94740855693817139),
            ["LowerTorso"] = CFrame.new(-0.0076987342908978462, -0.29118609428405762, -0.069517955183982849, 0.37730330228805542, -0.011432688683271408, 0.92601919174194336, -0.10622748732566833, 0.99278956651687622, 0.055539052933454514, -0.91997718811035156, -0.11932374536991119, 0.37336832284927368),
            ["RightFoot"] = CFrame.new(-5.4016709327697754e-08, 0.018584668636322021, -0.00010261980787618086, 0.93782198429107666, 0.26549902558326721, 0.22360722720623016, -0.24555602669715881, 0.9627460241317749, -0.11323560774326324, -0.24534092843532562, 0.051286742091178894, 0.96807926893234253),
            ["RightHand"] = CFrame.new(-0.00049486756324768066, 0.0077291131019592285, 5.9604644775390625e-08, 0.98795038461685181, -0.13334992527961731, 0.078561075031757355, 0.023166503757238388, 0.62928891181945801, 0.77682614326477051, -0.15302732586860657, -0.76564574241638184, 0.62479549646377563),
            ["RightLowerArm"] = CFrame.new(1.1920928955078125e-07, 0.046485006809234619, 0.0079031586647033691, 1, 0, 0, 0, 0.91954398155212402, -0.39298707246780396, 0, 0.39298707246780396, 0.91954398155212402),
            ["RightLowerLeg"] = CFrame.new(1.1175870895385742e-07, 0.0845755934715271, -0.026115050539374352, 1, -0, 0, 0, 0.73302721977233887, 0.68019932508468628, -0, -0.68019932508468628, 0.73302721977233887),
            ["RightUpperArm"] = CFrame.new(0.02929234504699707, -0.11938333511352539, -0.34008914232254028, 0.63086843490600586, -0.54895889759063721, -0.54831486940383911, 0.19709806144237518, 0.79689621925354004, -0.57105934619903564, 0.7504381537437439, 0.25219154357910156, 0.61093538999557495),
            ["RightUpperLeg"] = CFrame.new(0, -1.46450474858284e-07, -1.2835516827180982e-07, 0.90488320589065552, -0.42211097478866577, 0.05485139787197113, 0.35076290369033813, 0.66644406318664551, -0.65788882970809937, 0.24114672839641571, 0.61455243825912476, 0.75111490488052368),
            ["UpperTorso"] = CFrame.new(-2.0489096641540527e-08, -1.1920928955078125e-07, -5.5879354476928711e-09, 0.98762989044189453, 0.15656855702400208, 0.0085711777210235596, -0.15672987699508667, 0.98402422666549683, 0.084451548755168915, 0.0047882106155157089, -0.084750227630138397, 0.996390700340271)
        }},
        {Time = 0.017, Data = {
            ["Head"] = CFrame.new(1.1175870895385742e-08, 3.5762786865234375e-07, -3.7252902984619141e-09, 0.39486724138259888, 0.14617601037025452, -0.90703511238098145, -0.027626506984233856, 0.9887043833732605, 0.14731080830097198, 0.91832292079925537, -0.033110011368989944, 0.39444530010223389),
            ["LeftFoot"] = CFrame.new(-2.514570951461792e-08, 0.01345294713973999, -2.9061920940876007e-06, 0.92312532663345337, -0.29411876201629639, -0.24765667319297791, 0.16999924182891846, 0.88993191719055176, -0.42322736978530884, 0.34487667679786682, 0.3485904335975647, 0.87151867151260376),
            ["LeftHand"] = CFrame.new(0.00049376487731933594, 0.0097906589508056641, -1.7881393432617188e-07, 0.8885224461555481, -0.39651021361351013, 0.23088422417640686, 0.43788692355155945, 0.88308507204055786, -0.16856987774372101, -0.13705074787139893, 0.25087928771972656, 0.95826756954193115),
            ["LeftLowerArm"] = CFrame.new(-0.00050008296966552734, 0.05976337194442749, 0.013750642538070679, 1, 0, 0, 0, 0.85995239019393921, -0.51037430763244629, 0, 0.51037430763244629, 0.85995239019393921),
            ["LeftLowerLeg"] = CFrame.new(-1.0430812835693359e-07, 0.067811787128448486, -0.016214393079280853, 1, -0, 0, 0, 0.83404684066772461, 0.5516936182975769, -0, -0.5516936182975769, 0.83404684066772461),
            ["LeftUpperArm"] = CFrame.new(-0.021498680114746094, -0.067211151123046875, 0.12852653861045837, 0.95699137449264526, 0.22929197549819946, -0.17774344980716705, -0.13445162773132324, 0.89342188835144043, 0.42862588167190552, 0.25708037614822388, -0.38629335165023804, 0.88582569360733032),
            ["LeftUpperLeg"] = CFrame.new(8.9406967163085938e-08, -2.8940849006175995e-07, -0.00010000914335250854, 0.9484943151473999, 0.23130132257938385, 0.21646764874458313, -0.1802668422460556, 0.95596343278884888, -0.23159824311733246, -0.26050412654876709, 0.18064768612384796, 0.94842183589935303),
            ["LowerTorso"] = CFrame.new(-0.0076987342908978462, -0.2874906063079834, -0.069517955183982849, 0.37730330228805542, -0.011432688683271408, 0.92601919174194336, -0.10622748732566833, 0.99278956651687622, 0.055539052933454514, -0.91997718811035156, -0.11932374536991119, 0.37336832284927368),
            ["RightFoot"] = CFrame.new(-9.8720192909240723e-08, 0.018335223197937012, -0.00010252667561871931, 0.93807226419448853, 0.26500630378723145, 0.22314135730266571, -0.24577121436595917, 0.96301114559173584, -0.11048095673322678, -0.24416576325893402, 0.048797406256198883, 0.96850496530532837),
            ["RightHand"] = CFrame.new(-0.00049340724945068359, 0.0098181962966918945, 2.8312206268310547e-07, 0.97831374406814575, -0.17852857708930969, 0.10502266138792038, 0.050300925970077515, 0.69663989543914795, 0.71565544605255127, -0.20092791318893433, -0.69485282897949219, 0.69051253795623779),
            ["RightLowerArm"] = CFrame.new(-5.9604644775390625e-08, 0.060712277889251709, 0.014188468456268311, 1, 0, 0, 0, 0.85548585653305054, -0.51782619953155518, 0, 0.51782619953155518, 0.85548585653305054),
            ["RightLowerLeg"] = CFrame.new(0, 0.083825349807739258, -0.025629362091422081, 1, -0, 0, 0, 0.73804950714111328, 0.67474657297134399, -0, -0.67474657297134399, 0.73804950714111328),
            ["RightUpperArm"] = CFrame.new(0.040160417556762695, -0.10467934608459473, -0.35243749618530273, 0.60910063982009888, -0.50356876850128174, -0.61271113157272339, 0.16771338880062103, 0.8368714451789856, -0.52107429504394531, 0.77515715360641479, 0.21462684869766235, 0.59419417381286621),
            ["RightUpperLeg"] = CFrame.new(0, -3.9231963455677032e-07, -1.0600342648103833e-07, 0.90517807006835938, -0.42172342538833618, 0.052934430539608002, 0.35032850503921509, 0.66975349187850952, -0.65475201606750488, 0.24067124724388123, 0.61121153831481934, 0.75398790836334229),
            ["UpperTorso"] = CFrame.new(-5.5879354476928711e-09, 0, -5.5879354476928711e-09, 0.9881935715675354, 0.15298548340797424, 0.0083047877997159958, -0.15314400196075439, 0.98471146821975708, 0.083007805049419403, 0.0045211655087769032, -0.083299599587917328, 0.99651432037353516)
        }},
        {Time = 0.033, Data = {
            ["Head"] = CFrame.new(1.3038516044616699e-08, -1.1920928955078125e-07, -1.4901161193847656e-08, 0.39486724138259888, 0.14617601037025452, -0.90703511238098145, -0.027626506984233856, 0.9887043833732605, 0.14731080830097198, 0.91832292079925537, -0.033110011368989944, 0.39444530010223389),
            ["LeftFoot"] = CFrame.new(5.1222741603851318e-08, 0.013031065464019775, -2.7953647077083588e-06, 0.92404347658157349, -0.29243779182434082, -0.24621911346912384, 0.17281970381736755, 0.89404833316802979, -0.41329288482666016, 0.34099423885345459, 0.33934909105300903, 0.876678466796875),
            ["LeftHand"] = CFrame.new(0.0004933476448059082, 0.010142922401428223, 5.9604644775390625e-08, 0.89235150814056396, -0.39001750946044922, 0.22714558243751526, 0.42830681800842285, 0.8904760479927063, -0.15364150702953339, -0.14234483242034912, 0.23439024388790131, 0.96166479587554932),
            ["LeftLowerArm"] = CFrame.new(-0.00050008296966552734, 0.062100589275360107, 0.014975607395172119, 1, 0, 0, 0, 0.8474888801574707, -0.53081321716308594, 0, 0.53081321716308594, 0.8474888801574707),
            ["LeftLowerLeg"] = CFrame.new(4.8428773880004883e-08, 0.065559744834899902, -0.015009947121143341, 1, -0, 0, 0, 0.84634250402450562, 0.53263908624649048, -0, -0.53263908624649048, 0.84634250402450562),
            ["LeftUpperArm"] = CFrame.new(-0.021277427673339844, -0.066852569580078125, 0.12788784503936768, 0.95744788646697998, 0.23022635281085968, -0.1740383505821228, -0.13373582065105438, 0.88830107450485229, 0.43935859203338623, 0.25575035810470581, -0.3973878026008606, 0.88129150867462158),
            ["LeftUpperLeg"] = CFrame.new(2.9802322387695312e-08, -5.4482370615005493e-08, -0.00010003149509429932, 0.94923645257949829, 0.22676658630371094, 0.21800698339939117, -0.1785142719745636, 0.95897465944290161, -0.22022764384746552, -0.25900346040725708, 0.17013074457645416, 0.95077478885650635),
            ["LowerTorso"] = CFrame.new(-0.0076987342908978462, -0.27867841720581055, -0.069517955183982849, 0.37730330228805542, -0.011432688683271408, 0.92601919174194336, -0.10622748732566833, 0.99278956651687622, 0.055539052933454514, -0.91997718811035156, -0.11932374536991119, 0.37336832284927368),
            ["RightFoot"] = CFrame.new(6.5192580223083496e-08, 0.017722249031066895, -0.00010261515126330778, 0.93865394592285156, 0.26380059123039246, 0.22212168574333191, -0.24627171456813812, 0.96363282203674316, -0.10374035686254501, -0.2414105236530304, 0.042673997581005096, 0.96948432922363281),
            ["RightHand"] = CFrame.new(-0.00048904120922088623, 0.01671910285949707, 1.4156103134155273e-07, 0.9636681079864502, -0.23026920855045319, 0.13535112142562866, 0.14011852443218231, 0.86723035573959351, 0.47778478264808655, -0.22739973664283752, -0.44146075844764709, 0.86798721551895142),
            ["RightLowerArm"] = CFrame.new(-1.7881393432617188e-07, 0.086585640907287598, 0.029805451631546021, 1, 0, 0, 0, 0.69431239366531372, -0.71967381238937378, 0, 0.71967381238937378, 0.69431239366531372),
            ["RightLowerLeg"] = CFrame.new(5.9604644775390625e-08, 0.08199232816696167, -0.024479342624545097, 1, -0, 0, 0, 0.749969482421875, 0.66147243976593018, -0, -0.66147243976593018, 0.749969482421875),
            ["RightUpperArm"] = CFrame.new(0.052397251129150391, -0.09404444694519043, -0.36384662985801697, 0.58460688591003418, -0.41729754209518433, -0.69577133655548096, 0.14640067517757416, 0.89776408672332764, -0.4154353141784668, 0.79799866676330566, 0.14100499451160431, 0.58593165874481201),
            ["RightUpperLeg"] = CFrame.new(0, -1.46450474858284e-07, -1.2835516827180982e-07, 0.90587341785430908, -0.42078840732574463, 0.04827532172203064, 0.34926122426986694, 0.67764377593994141, -0.6471596360206604, 0.23960375785827637, 0.60310536623001099, 0.76082450151443481),
            ["UpperTorso"] = CFrame.new(-2.0489096641540527e-08, 0, 1.862645149230957e-09, 0.98949563503265381, 0.14437192678451538, 0.0074271108023822308, -0.14450302720069885, 0.98630225658416748, 0.079541124403476715, 0.0041581266559660435, -0.079778827726840973, 0.99680393934249878)
        }},
        {Time = 0.050, Data = {
            ["Head"] = CFrame.new(9.3132257461547852e-09, -1.1920928955078125e-07, -1.1175870895385742e-08, 0.39486724138259888, 0.14617601037025452, -0.90703511238098145, -0.027626506984233856, 0.9887043833732605, 0.14731080830097198, 0.91832292079925537, -0.033110011368989944, 0.39444530010223389),
            ["LeftFoot"] = CFrame.new(2.7939677238464355e-09, 0.012512266635894775, -2.8200447559356689e-06, 0.92511296272277832, -0.29045426845550537, -0.24454522132873535, 0.17622984945774078, 0.89895087480545044, -0.40103662014007568, 0.33631694316864014, 0.3279079794883728, 0.88281780481338501),
            ["LeftHand"] = CFrame.new(0.00049278140068054199, 0.01063847541809082, -8.9406967163085938e-08, 0.89683991670608521, -0.38228577375411987, 0.22256627678871155, 0.41689860820770264, 0.89867138862609863, -0.13632801175117493, -0.14789769053459167, 0.21505197882652283, 0.96533876657485962),
            ["LeftLowerArm"] = CFrame.new(-0.00050014257431030273, 0.064796209335327148, 0.016417711973190308, 1, 0, 0, 0, 0.83270132541656494, -0.55372244119644165, 0, 0.55372244119644165, 0.83270132541656494),
            ["LeftLowerLeg"] = CFrame.new(1.3038516044616699e-07, 0.062756478786468506, -0.013589747250080109, 1, -0, 0, 0, 0.86081904172897339, 0.50891119241714478, -0, -0.50891119241714478, 0.86081904172897339),
            ["LeftUpperArm"] = CFrame.new(-0.021005630493164062, -0.06642615795135498, 0.12708976864814758, 0.95799118280410767, 0.2311139851808548, -0.1698211282491684, -0.13282139599323273, 0.8823249340057373, 0.45150995254516602, 0.25418764352798462, -0.40998667478561401, 0.87595641613006592),
            ["LeftUpperLeg"] = CFrame.new(2.9802322387695312e-08, -1.7369166016578674e-07, -0.00010003149509429932, 0.95011061429977417, 0.22134697437286377, 0.21976196765899658, -0.17649629712104797, 0.96243518590927124, -0.20631921291351318, -0.25717476010322571, 0.15723893046379089, 0.95348680019378662),
            ["LowerTorso"] = CFrame.new(-0.0076987342908978462, -0.26816058158874512, -0.069517955183982849, 0.37730330228805542, -0.011432688683271408, 0.92601919174194336, -0.10622748732566833, 0.99278956651687622, 0.055539052933454514, -0.91997718811035156, -0.11932374536991119, 0.37336832284927368),
            ["RightFoot"] = CFrame.new(-2.6077032089233398e-08, 0.016966342926025391, -0.00010256858513457701, 0.93933439254760742, 0.26236933469772339, 0.22093719244003296, -0.24684607982635498, 0.9643206000328064, -0.095670372247695923, -0.23815524578094482, 0.03532898798584938, 0.97058433294296265),
            ["RightHand"] = CFrame.new(-0.00048591196537017822, 0.021506071090698242, 1.9371509552001953e-07, 0.95234602689743042, -0.26307260990142822, 0.15436907112598419, 0.25229310989379883, 0.96381711959838867, 0.086050719022750854, -0.17142115533351898, -0.043003812432289124, 0.98425883054733276),
            ["RightLowerArm"] = CFrame.new(-2.9802322387695312e-07, 0.1056329607963562, 0.050284646451473236, 1, 0, 0, 0, 0.4819304347038269, -0.87620949745178223, 0, 0.87620949745178223, 0.4819304347038269),
            ["RightLowerLeg"] = CFrame.new(1.0430812835693359e-07, 0.079730391502380371, -0.023117793723940849, 1, -0, 0, 0, 0.7640494704246521, 0.64515769481658936, -0, -0.64515769481658936, 0.7640494704246521),
            ["RightUpperArm"] = CFrame.new(0.060005426406860352, -0.095081686973571777, -0.36912158131599426, 0.56939435005187988, -0.32946908473968506, -0.75315350294113159, 0.14846017956733704, 0.94232141971588135, -0.29998320341110229, 0.80854791402816772, 0.058995433151721954, 0.58546555042266846),
            ["RightUpperLeg"] = CFrame.new(-2.9802322387695312e-08, -2.7311034500598907e-07, -9.1102265287190676e-08, 0.90670549869537354, -0.41959801316261292, 0.042693682014942169, 0.34796229004859924, 0.68699979782104492, -0.63792920112609863, 0.23834320902824402, 0.5932697057723999, 0.76891070604324341),
            ["UpperTorso"] = CFrame.new(-2.7939677238464355e-08, 0, 1.862645149230957e-09, 0.99094367027282715, 0.13412207365036011, 0.0064710294827818871, -0.13422662019729614, 0.98807907104492188, 0.075385510921478271, 0.0037169698625802994, -0.075571388006210327, 0.99713349342346191)
        }},
        {Time = 0.067, Data = {
            ["Head"] = CFrame.new(-4.6566128730773926e-08, -2.384185791015625e-07, -2.2351741790771484e-08, 0.39486724138259888, 0.14617601037025452, -0.90703511238098145, -0.027626506984233856, 0.9887043833732605, 0.14731080830097198, 0.91832292079925537, -0.033110011368989944, 0.39444530010223389),
            ["LeftFoot"] = CFrame.new(8.754432201385498e-08, 0.012063145637512207, -2.8712674975395203e-06, 0.92603439092636108, -0.28874075412750244, -0.24308258295059204, 0.1790812760591507, 0.90304207801818848, -0.39044201374053955, 0.33225029706954956, 0.3180311918258667, 0.88795602321624756),
            ["LeftHand"] = CFrame.new(0.00049260258674621582, 0.011110901832580566, 2.9802322387695312e-08, 0.90056699514389038, -0.37567198276519775, 0.21874560415744781, 0.40727150440216064, 0.90507441759109497, -0.12235301733016968, -0.15201644599437714, 0.19927594065666199, 0.96808063983917236),
            ["LeftLowerArm"] = CFrame.new(-0.00050002336502075195, 0.066982746124267578, 0.017608404159545898, 1, 0, 0, 0, 0.82050299644470215, -0.57164233922958374, 0, 0.57164233922958374, 0.82050299644470215),
            ["LeftLowerLeg"] = CFrame.new(-9.6857547760009766e-08, 0.060303211212158203, -0.012416407465934753, 1, -0, 0, 0, 0.87280064821243286, 0.4880768358707428, -0, -0.4880768358707428, 0.87280064821243286),
            ["LeftUpperArm"] = CFrame.new(-0.020771503448486328, -0.066069364547729492, 0.12639166414737701, 0.95844972133636475, 0.23172160983085632, -0.16637071967124939, -0.1321205198764801, 0.87749111652374268, 0.46103531122207642, 0.25282067060470581, -0.41989821195602417, 0.87164628505706787),
            ["LeftUpperLeg"] = CFrame.new(5.9604644775390625e-08, -2.9290094971656799e-07, -0.00010002404451370239, 0.95082801580429077, 0.21671192348003387, 0.22127358615398407, -0.17480157315731049, 0.96525728702545166, -0.19422346353530884, -0.25567647814750671, 0.1459941565990448, 0.95567530393600464),
            ["LowerTorso"] = CFrame.new(-0.0076987342908978462, -0.25934839248657227, -0.069517955183982849, 0.37730330228805542, -0.011432688683271408, 0.92601919174194336, -0.10622748732566833, 0.99278956651687622, 0.055539052933454514, -0.91997718811035156, -0.11932374536991119, 0.37336832284927368),
            ["RightFoot"] = CFrame.new(-6.3329935073852539e-08, 0.016318917274475098, -0.00010259699047310278, 0.93988478183746338, 0.26123932003974915, 0.21993330121040344, -0.24742522835731506, 0.96484047174453735, -0.088677123188972473, -0.23536649346351624, 0.028929237276315689, 0.97147607803344727),
            ["RightHand"] = CFrame.new(-0.00048455595970153809, 0.023560941219329834, 3.7252902984619141e-07, 0.9450262188911438, -0.28218960762023926, 0.16521024703979492, 0.31569540500640869, 0.91902559995651245, -0.23606859147548676, -0.085216343402862549, 0.27524712681770325, 0.95758926868438721),
            ["RightLowerArm"] = CFrame.new(-5.9604644775390625e-07, 0.11455631256103516, 0.067746497690677643, 1, 0, 0, 0, 0.30061286687850952, -0.9537462592124939, 0, 0.9537462592124939, 0.30061286687850952),
            ["RightLowerLeg"] = CFrame.new(2.9802322387695312e-08, 0.077774345874786377, -0.021984672173857689, 1, -0, 0, 0, 0.77581799030303955, 0.63095676898956299, -0, -0.63095676898956299, 0.77581799030303955),
            ["RightUpperArm"] = CFrame.new(0.065759778022766113, -0.099711418151855469, -0.37224450707435608, 0.5578683614730835, -0.26595163345336914, -0.78616321086883545, 0.15773923695087433, 0.96397572755813599, -0.21417076885700226, 0.81480133533477783, -0.0045296847820281982, 0.57972258329391479),
            ["RightUpperLeg"] = CFrame.new(0, -1.46450474858284e-07, -1.2090458767488599e-07, 0.90738487243652344, -0.41857814788818359, 0.038014538586139679, 0.34691572189331055, 0.69482320547103882, -0.62997633218765259, 0.23728093504905701, 0.58481878042221069, 0.77568340301513672),
            ["UpperTorso"] = CFrame.new(-2.0489096641540527e-08, 0, -5.5879354476928711e-09, 0.99207919836044312, 0.12548229098320007, 0.0057465899735689163, -0.12556949257850647, 0.98947602510452271, 0.07189902663230896, 0.0033359415829181671, -0.072051122784614563, 0.99739533662796021)
        }},
        {Time = 0.083, Data = {
            ["Head"] = CFrame.new(-4.6566128730773926e-08, 2.384185791015625e-07, 7.4505805969238281e-09, 0.39486724138259888, 0.14617601037025452, -0.90703511238098145, -0.027626506984233856, 0.9887043833732605, 0.14731080830097198, 0.91832292079925537, -0.033110011368989944, 0.39444530010223389),
            ["LeftFoot"] = CFrame.new(6.5192580223083496e-09, 0.011870324611663818, -2.9029324650764465e-06, 0.92637801170349121, -0.28808385133743286, -0.2425520122051239, 0.18033647537231445, 0.90476483106613159, -0.38584887981414795, 0.33060935139656067, 0.31370097398757935, 0.89010626077651978),
            ["LeftHand"] = CFrame.new(0.00049254298210144043, 0.011304855346679688, 0, 0.90207260847091675, -0.37296360731124878, 0.21717076003551483, 0.4032973051071167, 0.90762817859649658, -0.11645740270614624, -0.15367592871189117, 0.19263741374015808, 0.9691617488861084),
            ["LeftLowerArm"] = CFrame.new(-0.00050014257431030273, 0.067873716354370117, 0.018109530210494995, 1, 0, 0, 0, 0.81539857387542725, -0.57889997959136963, 0, 0.57889997959136963, 0.81539857387542725),
            ["LeftLowerLeg"] = CFrame.new(-1.1175870895385742e-08, 0.05924457311630249, -0.011929303407669067, 1, -0, 0, 0, 0.87775838375091553, 0.47910356521606445, -0, -0.47910356521606445, 0.87775838375091553),
            ["LeftUpperArm"] = CFrame.new(-0.020671486854553223, -0.06591951847076416, 0.12609076499938965, 0.95865839719772339, 0.23195564746856689, -0.16483543813228607, -0.13187459111213684, 0.87545090913772583, 0.46496757864952087, 0.25215715169906616, -0.42400744557380676, 0.86984741687774658),
            ["LeftUpperLeg"] = CFrame.new(2.9802322387695312e-08, -1.7392449080944061e-07, -0.00010000169277191162, 0.95112282037734985, 0.21477721631526947, 0.22189222276210785, -0.17413677275180817, 0.96641325950622559, -0.18900208175182343, -0.25503292679786682, 0.14112459123134613, 0.95657831430435181),
            ["LowerTorso"] = CFrame.new(-0.0076987342908978462, -0.25565290451049805, -0.069517955183982849, 0.37730330228805542, -0.011432688683271408, 0.92601919174194336, -0.10622748732566833, 0.99278956651687622, 0.055539052933454514, -0.91997718811035156, -0.11932374536991119, 0.37336832284927368),
            ["RightFoot"] = CFrame.new(1.1175870895385742e-08, 0.016043186187744141, -0.00010260211274726316, 0.9401286244392395, 0.26073271036148071, 0.21949188411235809, -0.24764639139175415, 0.96505606174468994, -0.085662558674812317, -0.2341570109128952, 0.026177454739809036, 0.97184628248214722),
            ["RightHand"] = CFrame.new(-0.00048404932022094727, 0.024134576320648193, 1.7136335372924805e-07, 0.94253647327423096, -0.28840526938438416, 0.16866350173950195, 0.33080002665519714, 0.87638598680496216, -0.35002699494361877, -0.046864703297615051, 0.38570711016654968, 0.92143028974533081),
            ["RightLowerArm"] = CFrame.new(-5.3644180297851562e-07, 0.11688268184661865, 0.074940547347068787, 1, 0, 0, 0, 0.22592651844024658, -0.9741443395614624, 0, 0.9741443395614624, 0.22592651844024658),
            ["RightLowerLeg"] = CFrame.new(0, 0.076937496662139893, -0.02151208184659481, 1, -0, 0, 0, 0.78070420026779175, 0.62490075826644897, -0, -0.62490075826644897, 0.78070420026779175),
            ["RightUpperArm"] = CFrame.new(0.068600296974182129, -0.10193181037902832, -0.3737407922744751, 0.55220472812652588, -0.24159502983093262, -0.79793590307235718, 0.16218248009681702, 0.96993708610534668, -0.18143567442893982, 0.81778162717819214, -0.029221594333648682, 0.57478630542755127),
            ["RightUpperLeg"] = CFrame.new(0, -2.7311034500598907e-07, -8.3651684690266848e-08, 0.90766888856887817, -0.41813281178474426, 0.036085277795791626, 0.34649428725242615, 0.69808250665664673, -0.62659591436386108, 0.23680981993675232, 0.58124500513076782, 0.77850842475891113),
            ["UpperTorso"] = CFrame.new(-2.0489096641540527e-08, 0, 1.862645149230957e-09, 0.99252903461456299, 0.12188728153705597, 0.0054401480592787266, -0.12196661531925201, 0.99003058671951294, 0.070452719926834106, 0.0032013761810958385, -0.070589885115623474, 0.99750030040740967)
        }},
        {Time = 0.100, Data = {
            ["Head"] = CFrame.new(-4.6566128730773926e-08, -2.384185791015625e-07, -2.2351741790771484e-08, 0.39486724138259888, 0.14617601037025452, -0.90703511238098145, -0.027626506984233856, 0.9887043833732605, 0.14731080830097198, 0.91832292079925537, -0.033110011368989944, 0.39444530010223389),
            ["LeftFoot"] = CFrame.new(8.754432201385498e-08, 0.012063145637512207, -2.8712674975395203e-06, 0.92603439092636108, -0.28874075412750244, -0.24308258295059204, 0.1790812760591507, 0.90304207801818848, -0.39044201374053955, 0.33225029706954956, 0.3180311918258667, 0.88795602321624756),
            ["LeftHand"] = CFrame.new(0.00049260258674621582, 0.011110901832580566, 2.9802322387695312e-08, 0.90056699514389038, -0.37567198276519775, 0.21874560415744781, 0.40727150440216064, 0.90507441759109497, -0.12235301733016968, -0.15201644599437714, 0.19927594065666199, 0.96808063983917236),
            ["LeftLowerArm"] = CFrame.new(-0.00050002336502075195, 0.066982746124267578, 0.017608404159545898, 1, 0, 0, 0, 0.82050299644470215, -0.57164233922958374, 0, 0.57164233922958374, 0.82050299644470215),
            ["LeftLowerLeg"] = CFrame.new(-9.6857547760009766e-08, 0.060303211212158203, -0.012416407465934753, 1, -0, 0, 0, 0.87280064821243286, 0.4880768358707428, -0, -0.4880768358707428, 0.87280064821243286),
            ["LeftUpperArm"] = CFrame.new(-0.020771503448486328, -0.066069364547729492, 0.12639166414737701, 0.95844972133636475, 0.23172160983085632, -0.16637071967124939, -0.1321205198764801, 0.87749111652374268, 0.46103531122207642, 0.25282067060470581, -0.41989821195602417, 0.87164628505706787),
            ["LeftUpperLeg"] = CFrame.new(5.9604644775390625e-08, -2.9290094971656799e-07, -0.00010002404451370239, 0.95082801580429077, 0.21671192348003387, 0.22127358615398407, -0.17480157315731049, 0.96525728702545166, -0.19422346353530884, -0.25567647814750671, 0.1459941565990448, 0.95567530393600464),
            ["LowerTorso"] = CFrame.new(-0.0076987342908978462, -0.25934839248657227, -0.069517955183982849, 0.37730330228805542, -0.011432688683271408, 0.92601919174194336, -0.10622748732566833, 0.99278956651687622, 0.055539052933454514, -0.91997718811035156, -0.11932374536991119, 0.37336832284927368),
            ["RightFoot"] = CFrame.new(-6.3329935073852539e-08, 0.016318917274475098, -0.00010259699047310278, 0.93988478183746338, 0.26123932003974915, 0.21993330121040344, -0.24742522835731506, 0.96484047174453735, -0.088677123188972473, -0.23536649346351624, 0.028929237276315689, 0.97147607803344727),
            ["RightHand"] = CFrame.new(-0.000484466552734375, 0.023561060428619385, -9.6857547760009766e-08, 0.9450262188911438, -0.28218960762023926, 0.16521024703979492, 0.31569540500640869, 0.91902559995651245, -0.23606859147548676, -0.085216343402862549, 0.27524712681770325, 0.95758926868438721),
            ["RightLowerArm"] = CFrame.new(-5.0663948059082031e-07, 0.11455619335174561, 0.06774669885635376, 1, 0, 0, 0, 0.30061286687850952, -0.9537462592124939, 0, 0.9537462592124939, 0.30061286687850952),
            ["RightLowerLeg"] = CFrame.new(2.9802322387695312e-08, 0.077774345874786377, -0.021984672173857689, 1, -0, 0, 0, 0.77581799030303955, 0.63095676898956299, -0, -0.63095676898956299, 0.77581799030303955),
            ["RightUpperArm"] = CFrame.new(0.065759897232055664, -0.099711418151855469, -0.37224456667900085, 0.5578683614730835, -0.26595163345336914, -0.78616321086883545, 0.15773923695087433, 0.96397572755813599, -0.21417076885700226, 0.81480133533477783, -0.0045296847820281982, 0.57972258329391479),
            ["RightUpperLeg"] = CFrame.new(0, -1.46450474858284e-07, -1.2090458767488599e-07, 0.90738487243652344, -0.41857814788818359, 0.038014538586139679, 0.34691572189331055, 0.69482320547103882, -0.62997633218765259, 0.23728093504905701, 0.58481878042221069, 0.77568340301513672),
            ["UpperTorso"] = CFrame.new(-2.0489096641540527e-08, 0, -5.5879354476928711e-09, 0.99207919836044312, 0.12548229098320007, 0.0057465899735689163, -0.12556949257850647, 0.98947602510452271, 0.07189902663230896, 0.0033359415829181671, -0.072051122784614563, 0.99739533662796021)
        }},
        {Time = 0.117, Data = {
            ["Head"] = CFrame.new(9.3132257461547852e-09, -1.1920928955078125e-07, -1.1175870895385742e-08, 0.39486724138259888, 0.14617601037025452, -0.90703511238098145, -0.027626506984233856, 0.9887043833732605, 0.14731080830097198, 0.91832292079925537, -0.033110011368989944, 0.39444530010223389),
            ["LeftFoot"] = CFrame.new(2.7939677238464355e-09, 0.012512266635894775, -2.8200447559356689e-06, 0.92511296272277832, -0.29045426845550537, -0.24454522132873535, 0.17622984945774078, 0.89895087480545044, -0.40103662014007568, 0.33631694316864014, 0.3279079794883728, 0.88281780481338501),
            ["LeftHand"] = CFrame.new(0.00049278140068054199, 0.01063847541809082, -8.9406967163085938e-08, 0.89683991670608521, -0.38228577375411987, 0.22256627678871155, 0.41689860820770264, 0.89867138862609863, -0.13632801175117493, -0.14789769053459167, 0.21505197882652283, 0.96533876657485962),
            ["LeftLowerArm"] = CFrame.new(-0.00050014257431030273, 0.064796209335327148, 0.016417711973190308, 1, 0, 0, 0, 0.83270132541656494, -0.55372244119644165, 0, 0.55372244119644165, 0.83270132541656494),
            ["LeftLowerLeg"] = CFrame.new(1.3038516044616699e-07, 0.062756478786468506, -0.013589747250080109, 1, -0, 0, 0, 0.86081904172897339, 0.50891119241714478, -0, -0.50891119241714478, 0.86081904172897339),
            ["LeftUpperArm"] = CFrame.new(-0.021005630493164062, -0.06642615795135498, 0.12708976864814758, 0.95799118280410767, 0.2311139851808548, -0.1698211282491684, -0.13282139599323273, 0.8823249340057373, 0.45150995254516602, 0.25418764352798462, -0.40998667478561401, 0.87595641613006592),
            ["LeftUpperLeg"] = CFrame.new(2.9802322387695312e-08, -1.7369166016578674e-07, -0.00010003149509429932, 0.95011061429977417, 0.22134697437286377, 0.21976196765899658, -0.17649629712104797, 0.96243518590927124, -0.20631921291351318, -0.25717476010322571, 0.15723893046379089, 0.95348680019378662),
            ["LowerTorso"] = CFrame.new(-0.0076987342908978462, -0.26816058158874512, -0.069517955183982849, 0.37730330228805542, -0.011432688683271408, 0.92601919174194336, -0.10622748732566833, 0.99278956651687622, 0.055539052933454514, -0.91997718811035156, -0.11932374536991119, 0.37336832284927368),
            ["RightFoot"] = CFrame.new(-2.6077032089233398e-08, 0.016966342926025391, -0.00010256858513457701, 0.93933439254760742, 0.26236933469772339, 0.22093719244003296, -0.24684607982635498, 0.9643206000328064, -0.095670372247695923, -0.23815524578094482, 0.03532898798584938, 0.97058433294296265),
            ["RightHand"] = CFrame.new(-0.00048580765724182129, 0.021505951881408691, -1.7136335372924805e-07, 0.95234602689743042, -0.26307260990142822, 0.15436907112598419, 0.25229310989379883, 0.96381711959838867, 0.086050719022750854, -0.17142115533351898, -0.043003812432289124, 0.98425883054733276),
            ["RightLowerArm"] = CFrame.new(-2.6822090148925781e-07, 0.10563337802886963, 0.050284497439861298, 1, 0, 0, 0, 0.4819304347038269, -0.87620949745178223, 0, 0.87620949745178223, 0.4819304347038269),
            ["RightLowerLeg"] = CFrame.new(1.0430812835693359e-07, 0.079730391502380371, -0.023117793723940849, 1, -0, 0, 0, 0.7640494704246521, 0.64515769481658936, -0, -0.64515769481658936, 0.7640494704246521),
            ["RightUpperArm"] = CFrame.new(0.060005307197570801, -0.095081686973571777, -0.36912152171134949, 0.56939435005187988, -0.32946908473968506, -0.75315350294113159, 0.14846017956733704, 0.94232141971588135, -0.29998320341110229, 0.80854791402816772, 0.058995433151721954, 0.58546555042266846),
            ["RightUpperLeg"] = CFrame.new(-2.9802322387695312e-08, -2.7311034500598907e-07, -9.1102265287190676e-08, 0.90670549869537354, -0.41959801316261292, 0.042693682014942169, 0.34796229004859924, 0.68699979782104492, -0.63792920112609863, 0.23834320902824402, 0.5932697057723999, 0.76891070604324341),
            ["UpperTorso"] = CFrame.new(-2.7939677238464355e-08, 0, 1.862645149230957e-09, 0.99094367027282715, 0.13412207365036011, 0.0064710294827818871, -0.13422662019729614, 0.98807907104492188, 0.075385510921478271, 0.0037169698625802994, -0.075571388006210327, 0.99713349342346191)
        }},
        {Time = 0.133, Data = {
            ["Head"] = CFrame.new(1.4901161193847656e-08, -1.1920928955078125e-07, 3.7252902984619141e-09, 0.39486724138259888, 0.14617601037025452, -0.90703511238098145, -0.027626506984233856, 0.9887043833732605, 0.14731080830097198, 0.91832292079925537, -0.033110011368989944, 0.39444530010223389),
            ["LeftFoot"] = CFrame.new(5.1222741603851318e-08, 0.013031065464019775, -2.7953647077083588e-06, 0.92404347658157349, -0.29243779182434082, -0.24621911346912384, 0.17281970381736755, 0.89404833316802979, -0.41329288482666016, 0.34099423885345459, 0.33934909105300903, 0.876678466796875),
            ["LeftHand"] = CFrame.new(0.00049319863319396973, 0.0101432204246521, 0, 0.89235150814056396, -0.39001750946044922, 0.22714558243751526, 0.42830681800842285, 0.8904760479927063, -0.15364150702953339, -0.14234483242034912, 0.23439024388790131, 0.96166479587554932),
            ["LeftLowerArm"] = CFrame.new(-0.00050002336502075195, 0.062100648880004883, 0.014975517988204956, 1, 0, 0, 0, 0.8474888801574707, -0.53081321716308594, 0, 0.53081321716308594, 0.8474888801574707),
            ["LeftLowerLeg"] = CFrame.new(4.8428773880004883e-08, 0.065559744834899902, -0.015009947121143341, 1, -0, 0, 0, 0.84634250402450562, 0.53263908624649048, -0, -0.53263908624649048, 0.84634250402450562),
            ["LeftUpperArm"] = CFrame.new(-0.021277308464050293, -0.066852569580078125, 0.12788777053356171, 0.95744788646697998, 0.23022635281085968, -0.1740383505821228, -0.13373582065105438, 0.88830107450485229, 0.43935859203338623, 0.25575035810470581, -0.3973878026008606, 0.88129150867462158),
            ["LeftUpperLeg"] = CFrame.new(2.9802322387695312e-08, -5.4482370615005493e-08, -0.00010003149509429932, 0.94923645257949829, 0.22676658630371094, 0.21800698339939117, -0.1785142719745636, 0.95897465944290161, -0.22022764384746552, -0.25900346040725708, 0.17013074457645416, 0.95077478885650635),
            ["LowerTorso"] = CFrame.new(-0.0076987342908978462, -0.27867841720581055, -0.069517955183982849, 0.37730330228805542, -0.011432688683271408, 0.92601919174194336, -0.10622748732566833, 0.99278956651687622, 0.055539052933454514, -0.91997718811035156, -0.11932374536991119, 0.37336832284927368),
            ["RightFoot"] = CFrame.new(6.5192580223083496e-08, 0.017722249031066895, -0.00010261515126330778, 0.93865394592285156, 0.26380059123039246, 0.22212168574333191, -0.24627171456813812, 0.96363282203674316, -0.10374035686254501, -0.2414105236530304, 0.042673997581005096, 0.96948432922363281),
            ["RightHand"] = CFrame.new(-0.00048904120922088623, 0.016719043254852295, 4.4703483581542969e-08, 0.9636681079864502, -0.23026920855045319, 0.13535112142562866, 0.14011852443218231, 0.86723035573959351, 0.47778478264808655, -0.22739973664283752, -0.44146075844764709, 0.86798721551895142),
            ["RightLowerArm"] = CFrame.new(0, 0.086585581302642822, 0.029805809259414673, 1, 0, 0, 0, 0.69431239366531372, -0.71967381238937378, 0, 0.71967381238937378, 0.69431239366531372),
            ["RightLowerLeg"] = CFrame.new(5.9604644775390625e-08, 0.08199232816696167, -0.024479342624545097, 1, -0, 0, 0, 0.749969482421875, 0.66147243976593018, -0, -0.66147243976593018, 0.749969482421875),
            ["RightUpperArm"] = CFrame.new(0.052397370338439941, -0.094044327735900879, -0.36384651064872742, 0.58460688591003418, -0.41729754209518433, -0.69577133655548096, 0.14640067517757416, 0.89776408672332764, -0.4154353141784668, 0.79799866676330566, 0.14100499451160431, 0.58593165874481201),
            ["RightUpperLeg"] = CFrame.new(0, -1.46450474858284e-07, -1.2835516827180982e-07, 0.90587341785430908, -0.42078840732574463, 0.04827532172203064, 0.34926122426986694, 0.67764377593994141, -0.6471596360206604, 0.23960375785827637, 0.60310536623001099, 0.76082450151443481),
            ["UpperTorso"] = CFrame.new(-2.0489096641540527e-08, 0, 1.862645149230957e-09, 0.98949563503265381, 0.14437192678451538, 0.0074271108023822308, -0.14450302720069885, 0.98630225658416748, 0.079541124403476715, 0.0041581266559660435, -0.079778827726840973, 0.99680393934249878)
        }},
        {Time = 0.150, Data = {
            ["Head"] = CFrame.new(1.4901161193847656e-08, 1.1920928955078125e-07, -1.1175870895385742e-08, 0.39486724138259888, 0.14617601037025452, -0.90703511238098145, -0.027626506984233856, 0.9887043833732605, 0.14731080830097198, 0.91832292079925537, -0.033110011368989944, 0.39444530010223389),
            ["LeftFoot"] = CFrame.new(-2.514570951461792e-08, 0.01345294713973999, -2.9061920940876007e-06, 0.92312532663345337, -0.29411876201629639, -0.24765667319297791, 0.16999924182891846, 0.88993191719055176, -0.42322736978530884, 0.34487667679786682, 0.3485904335975647, 0.87151867151260376),
            ["LeftHand"] = CFrame.new(0.00049361586570739746, 0.0097906589508056641, 5.9604644775390625e-08, 0.8885224461555481, -0.39651021361351013, 0.23088422417640686, 0.43788692355155945, 0.88308507204055786, -0.16856987774372101, -0.13705074787139893, 0.25087928771972656, 0.95826756954193115),
            ["LeftLowerArm"] = CFrame.new(-0.00050020217895507812, 0.059763252735137939, 0.013750404119491577, 1, 0, 0, 0, 0.85995239019393921, -0.51037430763244629, 0, 0.51037430763244629, 0.85995239019393921),
            ["LeftLowerLeg"] = CFrame.new(-1.0430812835693359e-07, 0.067811787128448486, -0.016214393079280853, 1, -0, 0, 0, 0.83404684066772461, 0.5516936182975769, -0, -0.5516936182975769, 0.83404684066772461),
            ["LeftUpperArm"] = CFrame.new(-0.021498560905456543, -0.067211389541625977, 0.12852653861045837, 0.95699137449264526, 0.22929197549819946, -0.17774344980716705, -0.13445162773132324, 0.89342188835144043, 0.42862588167190552, 0.25708037614822388, -0.38629335165023804, 0.88582569360733032),
            ["LeftUpperLeg"] = CFrame.new(8.9406967163085938e-08, -2.8940849006175995e-07, -0.00010000914335250854, 0.9484943151473999, 0.23130132257938385, 0.21646764874458313, -0.1802668422460556, 0.95596343278884888, -0.23159824311733246, -0.26050412654876709, 0.18064768612384796, 0.94842183589935303),
            ["LowerTorso"] = CFrame.new(-0.0076987342908978462, -0.2874906063079834, -0.069517955183982849, 0.37730330228805542, -0.011432688683271408, 0.92601919174194336, -0.10622748732566833, 0.99278956651687622, 0.055539052933454514, -0.91997718811035156, -0.11932374536991119, 0.37336832284927368),
