return {
["lay twerk polish"] = {

          {Time = 0.000, Data = {

              ["Head"] = CFrame.new(0.000000, 0.000000, -0.000000, 0.760429, 0.303023, 0.574391, -0.018555, 0.894243, -0.447197, -0.649156, 0.329403, 0.685631),

              ["LeftFoot"] = CFrame.new(-0.000000, 0.017173, -0.000003, 0.952505, -0.232952, -0.196150, 0.166477, 0.937642, -0.305162, 0.254991, 0.257995, 0.931880),

              ["LeftHand"] = CFrame.new(0.000482, 0.027126, 0.000000, 0.831012, -0.480603, 0.280077, 0.037985, 0.551359, 0.833405, -0.554956, -0.681927, 0.476438),

              ["LeftLowerArm"] = CFrame.new(-0.000498, 0.113295, 0.132767, 1.000000, -0.000000, 0.000000, 0.000000, -0.374618, -0.927179, 0.000000, 0.927179, -0.374619),

              ["LeftLowerLeg"] = CFrame.new(-0.000000, 0.081146, -0.023741, 1.000000, -0.000000, -0.000000, 0.000000, 0.756588, 0.653894, -0.000000, -0.653893, 0.756586),

              ["LeftUpperArm"] = CFrame.new(0.205794, -0.080634, -0.059306, 0.741613, 0.547445, 0.387703, -0.365084, 0.814235, -0.451371, -0.562782, 0.193199, 0.803710),

              ["LeftUpperLeg"] = CFrame.new(0.000000, -0.000000, -0.000100, 0.778552, 0.352551, 0.519203, -0.306019, 0.935544, -0.176359, -0.547913, -0.021562, 0.836257),

              ["LowerTorso"] = CFrame.new(-0.031073, -1.467134, 0.011265, 0.984522, 0.071934, -0.159816, 0.130397, 0.308630, 0.942202, 0.117100, -0.948458, 0.294473),

              ["RightFoot"] = CFrame.new(0.000000, 0.013284, -0.000103, 0.844796, -0.209937, 0.492207, 0.208463, 0.976273, 0.058615, -0.492811, 0.053083, 0.868502),

              ["RightHand"] = CFrame.new(-0.000487, 0.018965, -0.000000, 0.999997, 0.002345, -0.000955, -0.002511, 0.870289, -0.492539, -0.000324, 0.492536, 0.870290),

              ["RightLowerArm"] = CFrame.new(-0.000000, 0.094752, 0.036951, 1.000000, 0.000000, 0.000000, -0.000000, 0.620186, -0.784455, -0.000000, 0.784455, 0.620186),

              ["RightLowerLeg"] = CFrame.new(0.000000, 0.065643, -0.015258, 1.000000, 0.000000, -0.000000, -0.000000, 0.844842, 0.535013, 0.000000, -0.535016, 0.844844),

              ["RightUpperArm"] = CFrame.new(-0.204417, -0.123767, -0.859816, 0.120345, -0.663778, 0.738184, 0.163728, -0.720134, -0.674240, 0.979137, 0.202003, 0.022014),

              ["RightUpperLeg"] = CFrame.new(0.000000, -0.000000, -0.000000, 0.808144, -0.462821, -0.364287, 0.381659, 0.882567, -0.274595, 0.448596, 0.082896, 0.889884),

              ["UpperTorso"] = CFrame.new(-0.026118, 0.007863, -0.157355, 0.994481, -0.101083, -0.028089, 0.104061, 0.984456, 0.141481, 0.013351, -0.143624, 0.989542)

          }},

          {Time = 0.017, Data = {

              ["Head"] = CFrame.new(0.000000, 0.000000, -0.000000, 0.762212, 0.302712, 0.572187, -0.017506, 0.893238, -0.449243, -0.647091, 0.332402, 0.686136),

              ["LeftFoot"] = CFrame.new(0.000000, 0.017660, -0.000003, 0.958463, -0.226284, -0.173638, 0.166482, 0.938140, -0.303626, 0.231589, 0.262086, 0.936836),

              ["LeftHand"] = CFrame.new(0.000482, 0.027137, 0.000000, 0.833854, -0.476917, 0.277923, 0.037274, 0.550997, 0.833676, -0.550726, -0.684801, 0.477225),

              ["LeftLowerArm"] = CFrame.new(-0.000498, 0.113191, 0.133021, 1.000000, -0.000000, 0.000000, 0.000000, -0.377259, -0.926107, 0.000000, 0.926108, -0.377261),

              ["LeftLowerLeg"] = CFrame.new(-0.000000, 0.082599, -0.024630, 1.000000, -0.000000, -0.000000, 0.000000, 0.747385, 0.664393, -0.000000, -0.664391, 0.747383),

              ["LeftUpperArm"] = CFrame.new(0.204407, -0.078032, -0.059860, 0.746829, 0.542487, 0.384648, -0.359951, 0.816105, -0.452115, -0.559180, 0.199199, 0.804759),

              ["LeftUpperLeg"] = CFrame.new(-0.003173, -0.002827, 0.005510, 0.796977, 0.346167, 0.494977, -0.284980, 0.938035, -0.197153, -0.532555, 0.016087, 0.846244),

              ["LowerTorso"] = CFrame.new(-0.033323, -1.451515, 0.012135, 0.984505, 0.073864, -0.159040, 0.130714, 0.295450, 0.946374, 0.116892, -0.952499, 0.281217),

              ["RightFoot"] = CFrame.new(0.000000, 0.013800, -0.000103, 0.851239, -0.212498, 0.479853, 0.209276, 0.975956, 0.060952, -0.481244, 0.048530, 0.875229),

              ["RightHand"] = CFrame.new(-0.000487, 0.019019, -0.000000, 0.999997, 0.002421, -0.000999, -0.002600, 0.871811, -0.489838, -0.000315, 0.489836, 0.871813),

              ["RightLowerArm"] = CFrame.new(0.000000, 0.094935, 0.037125, 1.000000, 0.000000, 0.000000, -0.000000, 0.618376, -0.785882, -0.000000, 0.785882, 0.618376),

              ["RightLowerLeg"] = CFrame.new(-0.000000, 0.068387, -0.016742, 1.000000, 0.000000, 0.000000, -0.000000, 0.829690, 0.558222, 0.000000, -0.558225, 0.829692),

              ["RightUpperArm"] = CFrame.new(-0.199235, -0.120012, -0.857278, 0.117207, -0.663752, 0.738712, 0.159639, -0.721574, -0.673682, 0.980193, 0.196887, 0.021387),

              ["RightUpperLeg"] = CFrame.new(-0.000826, -0.002517, 0.008946, 0.819210, -0.463619, -0.337577, 0.369444, 0.876835, -0.307673, 0.438643, 0.127351, 0.889595),

              ["UpperTorso"] = CFrame.new(-0.026118, 0.007168, -0.162460, 0.994611, -0.100606, -0.025041, 0.103047, 0.985868, 0.132079, 0.011399, -0.133948, 0.990923)

          }},

          {Time = 0.033, Data = {

              ["Head"] = CFrame.new(0.000000, 0.000000, 0.000000, 0.767285, 0.301775, 0.565867, -0.014537, 0.890324, -0.455096, -0.641142, 0.340962, 0.687519),

              ["LeftFoot"] = CFrame.new(0.000000, 0.018788, -0.000003, 0.971308, -0.209213, -0.113110, 0.168229, 0.940556, -0.295067, 0.168108, 0.267552, 0.948758),

              ["LeftHand"] = CFrame.new(0.000482, 0.027166, -0.000000, 0.841719, -0.466496, 0.271834, 0.035255, 0.549887, 0.834496, -0.538764, -0.692825, 0.479293),

              ["LeftLowerArm"] = CFrame.new(-0.000498, 0.112910, 0.133701, 1.000000, -0.000000, 0.000000, 0.000000, -0.384331, -0.923195, 0.000000, 0.923195, -0.384333),

              ["LeftLowerLeg"] = CFrame.new(-0.000000, 0.085972, -0.026801, 1.000000, -0.000000, -0.000000, 0.000000, 0.724880, 0.688878, -0.000000, -0.688875, 0.724877),

              ["LeftUpperArm"] = CFrame.new(0.200528, -0.070796, -0.061227, 0.761266, 0.528597, 0.375578, -0.345713, 0.820874, -0.454586, -0.548595, 0.216219, 0.807646),

              ["LeftUpperLeg"] = CFrame.new(-0.011997, -0.010746, 0.021191, 0.842973, 0.325432, 0.428365, -0.231164, 0.938135, -0.257789, -0.485757, 0.118307, 0.866053),

              ["LowerTorso"] = CFrame.new(-0.038957, -1.408665, 0.014199, 0.984535, 0.078906, -0.156414, 0.131308, 0.258677, 0.956998, 0.115973, -0.962736, 0.244315),

              ["RightFoot"] = CFrame.new(0.000000, 0.015384, -0.000103, 0.868807, -0.216973, 0.445103, 0.206011, 0.975782, 0.073551, -0.450260, 0.027789, 0.892453),

              ["RightHand"] = CFrame.new(-0.000487, 0.019160, -0.000000, 0.999996, 0.002733, -0.001179, -0.002962, 0.876003, -0.482299, -0.000285, 0.482297, 0.876006),

              ["RightLowerArm"] = CFrame.new(0.000000, 0.095433, 0.037610, 1.000000, 0.000000, 0.000000, -0.000000, 0.613334, -0.789823, -0.000000, 0.789824, 0.613334),

              ["RightLowerLeg"] = CFrame.new(-0.000000, 0.074710, -0.020240, 1.000000, 0.000000, 0.000000, -0.000000, 0.793798, 0.608181, 0.000000, -0.608181, 0.793798),

              ["RightUpperArm"] = CFrame.new(-0.184790, -0.109489, -0.850021, 0.108350, -0.663660, 0.740145, 0.148090, -0.725446, -0.672159, 0.983021, 0.182437, 0.019679),

              ["RightUpperLeg"] = CFrame.new(-0.003298, -0.010022, 0.033335, 0.847807, -0.458428, -0.266592, 0.338836, 0.854983, -0.392660, 0.407939, 0.242587, 0.880197),

              ["UpperTorso"] = CFrame.new(-0.026301, 0.006158, -0.176208, 0.994935, -0.099116, -0.016748, 0.100339, 0.989279, 0.106107, 0.006052, -0.107250, 0.994214)

          }},

          {Time = 0.050, Data = {

              ["Head"] = CFrame.new(0.000000, 0.000000, -0.000000, 0.775206, 0.300147, 0.555849, -0.009955, 0.885608, -0.464327, -0.631630, 0.354415, 0.689517),

              ["LeftFoot"] = CFrame.new(-0.000000, 0.019965, -0.000003, 0.981725, -0.188275, -0.027743, 0.174006, 0.947078, -0.269770, 0.077061, 0.259993, 0.962525),

              ["LeftHand"] = CFrame.new(0.000482, 0.027208, -0.000000, 0.853596, -0.450109, 0.262259, 0.032003, 0.547795, 0.836002, -0.519952, -0.705211, 0.481997),

              ["LeftLowerArm"] = CFrame.new(-0.000498, 0.112498, 0.134669, 1.000000, -0.000000, 0.000000, 0.000000, -0.394387, -0.918944, 0.000000, 0.918944, -0.394389),

              ["LeftLowerLeg"] = CFrame.new(0.000000, 0.089393, -0.029134, 1.000000, -0.000000, 0.000000, 0.000000, 0.700646, 0.713514, -0.000000, -0.713510, 0.700641),

              ["LeftUpperArm"] = CFrame.new(0.194508, -0.059811, -0.062739, 0.782973, 0.507153, 0.360208, -0.324182, 0.826881, -0.459537, -0.530904, 0.243032, 0.811835),

              ["LeftUpperLeg"] = CFrame.new(-0.025432, -0.022911, 0.045223, 0.898877, 0.287428, 0.330769, -0.164146, 0.920722, -0.353994, -0.406295, 0.263923, 0.874803),

              ["LowerTorso"] = CFrame.new(-0.045944, -1.344519, 0.016314, 0.984733, 0.085786, -0.151465, 0.131636, 0.202353, 0.970425, 0.113899, -0.975548, 0.187971),

              ["RightFoot"] = CFrame.new(-0.000000, 0.017446, -0.000103, 0.894446, -0.216174, 0.391473, 0.189400, 0.976131, 0.106290, -0.405085, -0.020929, 0.914030),

              ["RightHand"] = CFrame.new(-0.000487, 0.019301, 0.000000, 0.999993, 0.003507, -0.001628, -0.003860, 0.882342, -0.470596, -0.000214, 0.470596, 0.882347),

              ["RightLowerArm"] = CFrame.new(0.000000, 0.096137, 0.038376, 1.000000, 0.000000, 0.000000, -0.000000, 0.605414, -0.795910, -0.000000, 0.795911, 0.605415),

              ["RightLowerLeg"] = CFrame.new(0.000000, 0.081166, -0.023975, 1.000000, 0.000000, -0.000000, -0.000000, 0.755201, 0.655495, 0.000000, -0.655493, 0.755200),

              ["RightUpperArm"] = CFrame.new(-0.162734, -0.093240, -0.838514, 0.094618, -0.663517, 0.742154, 0.130027, -0.730875, -0.670011, 0.986986, 0.159894, 0.017121),

              ["RightUpperLeg"] = CFrame.new(-0.007406, -0.022444, 0.069487, 0.884954, -0.435273, -0.165517, 0.302669, 0.807731, -0.505911, 0.353903, 0.397629, 0.846557),

              ["UpperTorso"] = CFrame.new(-0.027082, 0.006907, -0.196275, 0.995310, -0.096634, -0.004453, 0.096715, 0.993060, 0.066912, -0.002044, -0.067029, 0.997749)

          }},

          {Time = 0.067, Data = {

              ["Head"] = CFrame.new(0.000000, 0.000000, -0.000000, 0.785507, 0.297716, 0.542534, -0.004100, 0.879162, -0.476505, -0.618839, 0.372073, 0.691809),

              ["LeftFoot"] = CFrame.new(0.000000, 0.020540, -0.000003, 0.982870, -0.172223, 0.065627, 0.182552, 0.958690, -0.218164, -0.025342, 0.226390, 0.973703),

              ["LeftHand"] = CFrame.new(0.000482, 0.027256, -0.000000, 0.868447, -0.428391, 0.249568, 0.027578, 0.544342, 0.838412, -0.495015, -0.721230, 0.484543),

              ["LeftLowerArm"] = CFrame.new(-0.000498, 0.112011, 0.135775, 1.000000, -0.000000, 0.000000, 0.000000, -0.405880, -0.913926, 0.000000, 0.913926, -0.405882),

              ["LeftLowerLeg"] = CFrame.new(-0.000000, 0.091012, -0.030282, 1.000000, -0.000000, -0.000000, 0.000000, 0.688703, 0.725048, -0.000000, -0.725043, 0.688699),

              ["LeftUpperArm"] = CFrame.new(0.186635, -0.046011, -0.063595, 0.809866, 0.479392, 0.338082, -0.297261, 0.832231, -0.468004, -0.505720, 0.278522, 0.816500),

              ["LeftUpperLeg"] = CFrame.new(-0.042438, -0.038479, 0.075886, 0.947591, 0.234528, 0.216958, -0.108045, 0.874296, -0.473195, -0.300664, 0.424973, 0.853824),

              ["LowerTorso"] = CFrame.new(-0.052110, -1.265131, 0.017231, 0.985216, 0.093024, -0.143860, 0.131149, 0.130740, 0.982704, 0.110223, -0.987043, 0.116607),

              ["RightFoot"] = CFrame.new(0.000000, 0.018622, -0.000103, 0.924409, -0.201161, 0.324060, 0.154038, 0.974140, 0.165305, -0.348914, -0.102889, 0.931482),

              ["RightHand"] = CFrame.new(-0.000487, 0.019481, -0.000000, 0.999984, 0.005024, -0.002511, -0.005616, 0.890178, -0.455581, -0.000054, 0.455585, 0.890191),

              ["RightLowerArm"] = CFrame.new(-0.000000, 0.097016, 0.039350, 1.000000, 0.000000, 0.000000, -0.000000, 0.595329, -0.803482, -0.000000, 0.803482, 0.595330),

              ["RightLowerLeg"] = CFrame.new(-0.000000, 0.084687, -0.026188, 1.000000, 0.000000, 0.000000, -0.000000, 0.732274, 0.681012, 0.000000, -0.681010, 0.732272),

              ["RightUpperArm"] = CFrame.new(-0.134722, -0.072283, -0.823180, 0.076852, -0.663116, 0.744561, 0.106343, -0.737058, -0.667410, 0.991355, 0.130471, 0.013873),

              ["RightUpperLeg"] = CFrame.new(-0.013140, -0.039711, 0.113729, 0.919891, -0.389276, -0.047592, 0.277340, 0.731515, -0.622855, 0.277277, 0.559777, 0.780888),

              ["UpperTorso"] = CFrame.new(-0.028813, 0.011422, -0.220041, 0.995591, -0.093199, 0.010644, 0.092999, 0.995504, 0.017951, -0.012269, -0.016882, 0.999782)

          }},

          {Time = 0.083, Data = {

              ["Head"] = CFrame.new(0.000000, 0.000000, -0.000000, 0.797701, 0.294356, 0.526334, 0.002671, 0.871049, -0.491189, -0.603047, 0.393228, 0.694051),

              ["LeftFoot"] = CFrame.new(0.000000, 0.019933, -0.000003, 0.974038, -0.168861, 0.150793, 0.189654, 0.972361, -0.136198, -0.123619, 0.161247, 0.979138),

              ["LeftHand"] = CFrame.new(0.000482, 0.027306, 0.000000, 0.885207, -0.401984, 0.234136, 0.022150, 0.539154, 0.841917, -0.464669, -0.740082, 0.486164),

              ["LeftLowerArm"] = CFrame.new(-0.000498, 0.111512, 0.136872, 1.000000, -0.000000, 0.000000, 0.000000, -0.417283, -0.908776, 0.000000, 0.908777, -0.417284),

              ["LeftLowerLeg"] = CFrame.new(-0.000000, 0.089304, -0.029073, 1.000000, -0.000000, -0.000000, 0.000000, 0.701289, 0.712881, -0.000000, -0.712877, 0.701285),

              ["LeftUpperArm"] = CFrame.new(0.177156, -0.030364, -0.063056, 0.839783, 0.446395, 0.309025, -0.266920, 0.835112, -0.480980, -0.472778, 0.321434, 0.820464),

              ["LeftUpperLeg"] = CFrame.new(-0.061973, -0.056604, 0.111456, 0.979191, 0.176056, 0.100948, -0.082741, 0.800521, -0.593549, -0.185309, 0.572862, 0.798442),

              ["LowerTorso"] = CFrame.new(-0.055506, -1.176846, 0.015930, 0.986083, 0.098971, -0.133588, 0.129297, 0.048599, 0.990414, 0.104514, -0.993903, 0.035126),

              ["RightFoot"] = CFrame.new(-0.000000, 0.018232, -0.000103, 0.954140, -0.164358, 0.250221, 0.100009, 0.962791, 0.251073, -0.282161, -0.214525, 0.935068),

              ["RightHand"] = CFrame.new(-0.000487, 0.019687, -0.000000, 0.999964, 0.007530, -0.003971, -0.008509, 0.898898, -0.438079, 0.000270, 0.438094, 0.898928),

              ["RightLowerArm"] = CFrame.new(-0.000000, 0.098007, 0.040476, 1.000000, 0.000000, 0.000000, -0.000000, 0.583675, -0.811987, -0.000000, 0.811987, 0.583675),

              ["RightLowerLeg"] = CFrame.new(0.000000, 0.083513, -0.025429, 1.000000, 0.000000, 0.000000, -0.000000, 0.740137, 0.672458, 0.000000, -0.672456, 0.740135),

              ["RightUpperArm"] = CFrame.new(-0.102410, -0.047677, -0.804434, 0.055901, -0.662299, 0.747151, 0.078012, -0.743136, -0.664578, 0.995384, 0.095437, 0.010125),

              ["RightUpperLeg"] = CFrame.new(-0.020491, -0.061755, 0.162382, 0.942282, -0.326157, 0.075659, 0.278044, 0.636351, -0.719535, 0.186536, 0.699056, 0.690322),

              ["UpperTorso"] = CFrame.new(-0.031573, 0.020923, -0.244402, 0.995677, -0.088759, 0.027366, 0.089744, 0.995272, -0.037145, -0.023939, 0.039440, 0.998935)

          }},

          {Time = 0.100, Data = {

              ["Head"] = CFrame.new(0.000000, 0.000000, -0.000000, 0.811295, 0.289948, 0.507672, 0.010002, 0.861343, -0.507925, -0.584552, 0.417154, 0.695903),

              ["LeftFoot"] = CFrame.new(0.000000, 0.017823, -0.000003, 0.959063, -0.181359, 0.217513, 0.191719, 0.981070, -0.027331, -0.208427, 0.067904, 0.975675),

              ["LeftHand"] = CFrame.new(0.000482, 0.027348, 0.000000, 0.902783, -0.371680, 0.216424, 0.016092, 0.532036, 0.846571, -0.429796, -0.760784, 0.486290),

              ["LeftLowerArm"] = CFrame.new(-0.000498, 0.111065, 0.137825, 1.000000, -0.000000, 0.000000, 0.000000, -0.427190, -0.904162, 0.000000, 0.904162, -0.427191),

              ["LeftLowerLeg"] = CFrame.new(-0.000000, 0.083089, -0.024934, 1.000000, -0.000000, -0.000000, 0.000000, 0.744227, 0.667929, -0.000000, -0.667926, 0.744225),

              ["LeftUpperArm"] = CFrame.new(0.166305, -0.013854, -0.060616, 0.870535, 0.409108, 0.273496, -0.235168, 0.834044, -0.499065, -0.432280, 0.370136, 0.822273),

              ["LeftUpperLeg"] = CFrame.new(-0.082999, -0.076442, 0.150215, 0.992230, 0.124099, -0.008917, -0.095656, 0.715045, -0.692489, -0.079561, 0.687976, 0.721373),

              ["LowerTorso"] = CFrame.new(-0.054700, -1.086311, 0.011882, 0.987399, 0.101939, -0.121042, 0.125528, -0.038788, 0.991332, 0.096361, -0.994034, -0.051095),

              ["RightFoot"] = CFrame.new(0.000000, 0.015936, -0.000103, 0.978510, -0.103669, 0.178256, 0.034050, 0.933804, 0.356177, -0.203369, -0.342436, 0.917258),

              ["RightHand"] = CFrame.new(-0.000487, 0.019908, -0.000000, 0.999919, 0.011169, -0.006092, -0.012694, 0.907890, -0.419018, 0.000851, 0.419059, 0.907957),

              ["RightLowerArm"] = CFrame.new(-0.000000, 0.099044, 0.041689, 1.000000, 0.000000, 0.000000, -0.000000, 0.571112, -0.820872, -0.000000, 0.820872, 0.571113),

              ["RightLowerLeg"] = CFrame.new(0.000000, 0.076613, -0.021330, 1.000000, 0.000000, 0.000000, -0.000000, 0.782563, 0.622571, 0.000000, -0.622571, 0.782563),

              ["RightUpperArm"] = CFrame.new(-0.067454, -0.020568, -0.782727, 0.032613, -0.660919, 0.749748, 0.046182, -0.748349, -0.661695, 0.998401, 0.056204, 0.006117),

              ["RightUpperLeg"] = CFrame.new(-0.029449, -0.088503, 0.211769, 0.945259, -0.260810, 0.196116, 0.311517, 0.542255, -0.780321, 0.097171, 0.798710, 0.593833),

              ["UpperTorso"] = CFrame.new(-0.035046, 0.035334, -0.265917, 0.995546, -0.083086, 0.044561, 0.087001, 0.991705, -0.094615, -0.036331, 0.098070, 0.994516)

          }},

          {Time = 0.117, Data = {

              ["Head"] = CFrame.new(-0.000000, 0.000000, -0.000000, 0.825797, 0.284410, 0.487001, 0.017546, 0.850153, -0.526244, -0.563695, 0.443116, 0.697063),

              ["LeftFoot"] = CFrame.new(0.000000, 0.014228, -0.000003, 0.942393, -0.207339, 0.262517, 0.187345, 0.977260, 0.099323, -0.277124, -0.044421, 0.959802),

              ["LeftHand"] = CFrame.new(0.000482, 0.027379, -0.000000, 0.920062, -0.338593, 0.197085, 0.009979, 0.523151, 0.852183, -0.391645, -0.782092, 0.484707),

              ["LeftLowerArm"] = CFrame.new(-0.000498, 0.110729, 0.138520, 1.000000, -0.000000, 0.000000, 0.000000, -0.434416, -0.900712, 0.000000, 0.900712, -0.434418),

              ["LeftLowerLeg"] = CFrame.new(-0.000000, 0.071452, -0.018229, 1.000000, -0.000000, -0.000000, 0.000000, 0.813448, 0.581636, -0.000000, -0.581638, 0.813449),

              ["LeftUpperArm"] = CFrame.new(0.154355, 0.002552, -0.056153, 0.900010, 0.368480, 0.232820, -0.203974, 0.828111, -0.522136, -0.385198, 0.422438, 0.820468),

              ["LeftUpperLeg"] = CFrame.new(-0.104474, -0.097148, 0.190440, 0.989975, 0.089138, -0.109564, -0.141222, 0.638772, -0.756313, 0.002570, 0.764215, 0.644970),

              ["LowerTorso"] = CFrame.new(-0.048989, -1.000364, 0.005203, 0.989183, 0.100350, -0.106993, 0.119291, -0.125847, 0.984851, 0.085365, -0.986961, -0.136457),

              ["RightFoot"] = CFrame.new(0.000000, 0.012989, -0.000102, 0.993051, -0.024926, 0.115020, -0.032414, 0.881595, 0.470916, -0.113132, -0.471348, 0.874648),

              ["RightHand"] = CFrame.new(-0.000487, 0.020130, 0.000000, 0.999834, 0.015923, -0.008865, -0.018138, 0.916574, -0.399456, 0.001765, 0.399547, 0.916710),

              ["RightLowerArm"] = CFrame.new(-0.000000, 0.100066, 0.042917, 1.000000, 0.000000, 0.000000, -0.000000, 0.558378, -0.829586, -0.000000, 0.829587, 0.558378),

              ["RightLowerLeg"] = CFrame.new(-0.000000, 0.064068, -0.014445, 1.000000, 0.000000, 0.000000, -0.000000, 0.853132, 0.521690, 0.000000, -0.521695, 0.853135),

              ["RightUpperArm"] = CFrame.new(-0.031512, 0.007786, -0.758594, 0.007838, -0.658867, 0.752218, 0.012232, -0.752122, -0.658911, 0.999895, 0.014365, 0.002164),

              ["RightUpperLeg"] = CFrame.new(-0.040004, -0.119885, 0.258215, 0.928060, -0.211811, 0.306331, 0.371575, 0.470861, -0.800131, 0.025239, 0.856403, 0.515704),

              ["UpperTorso"] = CFrame.new(-0.038501, 0.053057, -0.281179, 0.995255, -0.075726, 0.061104, 0.084198, 0.984987, -0.150703, -0.048774, 0.155132, 0.986689)

          }},

          {Time = 0.133, Data = {

              ["Head"] = CFrame.new(0.000000, -0.000000, 0.000000, 0.840734, 0.277710, 0.464804, 0.024989, 0.837630, -0.545666, -0.540871, 0.470375, 0.697285),

              ["LeftFoot"] = CFrame.new(0.000000, 0.010992, -0.000002, 0.927236, -0.240748, 0.286854, 0.174671, 0.955582, 0.237398, -0.331246, -0.170008, 0.928093),

              ["LeftHand"] = CFrame.new(0.000482, 0.027395, 0.000000, 0.935982, -0.304297, 0.177038, 0.004489, 0.513155, 0.858286, -0.352019, -0.802543, 0.481667),

              ["LeftLowerArm"] = CFrame.new(-0.000498, 0.110555, 0.138877, 1.000000, -0.000000, 0.000000, 0.000000, -0.438129, -0.898911, 0.000000, 0.898912, -0.438131),

              ["LeftLowerLeg"] = CFrame.new(0.000000, 0.054393, -0.009843, 1.000000, -0.000000, -0.000000, 0.000000, 0.898969, 0.438004, -0.000000, -0.438012, 0.898973),

              ["LeftUpperArm"] = CFrame.new(0.141699, 0.017958, -0.050039, 0.926338, 0.325718, 0.189226, -0.175166, 0.817181, -0.549119, -0.333490, 0.475523, 0.814041),

              ["LeftUpperLeg"] = CFrame.new(-0.125357, -0.117878, 0.230411, 0.976907, 0.079344, -0.198385, -0.206295, 0.592010, -0.779072, 0.055631, 0.802015, 0.594718),

              ["LowerTorso"] = CFrame.new(-0.038488, -0.925824, -0.003308, 0.991378, 0.092871, -0.092436, 0.110038, -0.207070, 0.972118, 0.071141, -0.973908, -0.215504),

              ["RightFoot"] = CFrame.new(0.000000, 0.009676, -0.000102, 0.996138, 0.059884, 0.064207, -0.086161, 0.807348, 0.583778, -0.016878, -0.587029, 0.809371),

              ["RightHand"] = CFrame.new(-0.000486, 0.020369, -0.000000, 0.999693, 0.021577, -0.012164, -0.024583, 0.924411, -0.380608, 0.003032, 0.380787, 0.924657),

              ["RightLowerArm"] = CFrame.new(-0.000000, 0.101026, 0.044076, 1.000000, 0.000000, 0.000000, -0.000000, 0.546346, -0.837560, -0.000000, 0.837560, 0.546346),

              ["RightLowerLeg"] = CFrame.new(0.000000, 0.045719, -0.006841, 1.000000, 0.000000, 0.000000, -0.000000, 0.930483, 0.366325, 0.000000, -0.366336, 0.930487),

              ["RightUpperArm"] = CFrame.new(0.003759, 0.036000, -0.732687, -0.017575, -0.656083, 0.754484, -0.022219, -0.754158, -0.656318, 0.999599, -0.028299, -0.001323),

              ["RightUpperLeg"] = CFrame.new(-0.052147, -0.155831, 0.298042, 0.896702, -0.193154, 0.398264, 0.442159, 0.432549, -0.785741, -0.020498, 0.880677, 0.473283),

              ["UpperTorso"] = CFrame.new(-0.040873, 0.071117, -0.287236, 0.994931, -0.065982, 0.075891, 0.080130, 0.976139, -0.201822, -0.060763, 0.206880, 0.976478)

          }},

          {Time = 0.150, Data = {

              ["Head"] = CFrame.new(0.000000, 0.000000, -0.000000, 0.855663, 0.269885, 0.441592, 0.032055, 0.823986, -0.565702, -0.516541, 0.498205, 0.696403),

              ["LeftFoot"] = CFrame.new(0.000000, 0.006644, -0.000003, 0.915904, -0.274482, 0.292903, 0.153914, 0.914047, 0.375292, -0.370716, -0.298627, 0.879411),

              ["LeftHand"] = CFrame.new(0.000482, 0.027394, 0.000000, 0.949637, -0.270889, 0.157510, 0.000204, 0.503197, 0.864173, -0.313351, -0.820617, 0.477907),

              ["LeftLowerArm"] = CFrame.new(-0.000498, 0.110563, 0.138861, 1.000000, -0.000000, 0.000000, 0.000000, -0.437965, -0.898991, 0.000000, 0.898992, -0.437966),

              ["LeftLowerLeg"] = CFrame.new(-0.000000, 0.030494, -0.002701, 1.000000, -0.000000, -0.000000, 0.000000, 0.971415, 0.237372, -0.000000, -0.237387, 0.971419),

              ["LeftUpperArm"] = CFrame.new(0.128966, 0.031608, -0.043164, 0.948118, 0.282603, 0.145629, -0.150296, 0.802083, -0.577991, -0.280148, 0.526116, 0.802944),

              ["LeftUpperLeg"] = CFrame.new(-0.144609, -0.137787, 0.268406, 0.957610, 0.098382, -0.270746, -0.276272, 0.579850, -0.766446, 0.081587, 0.808761, 0.582458),

              ["LowerTorso"] = CFrame.new(-0.024089, -0.869302, -0.012272, 0.993834, 0.078482, -0.078318, 0.097226, -0.277353, 0.955836, 0.053294, -0.957557, -0.283274),

              ["RightFoot"] = CFrame.new(0.000000, 0.005383, -0.000102, 0.990116, 0.137768, 0.026289, -0.118653, 0.722857, 0.680760, 0.074776, -0.677125, 0.732035),

              ["RightHand"] = CFrame.new(-0.000486, 0.020616, 0.000000, 0.999492, 0.027705, -0.015740, -0.031534, 0.930970, -0.363732, 0.004576, 0.364042, 0.931371),

              ["RightLowerArm"] = CFrame.new(-0.000000, 0.101873, 0.045088, 1.000000, 0.000000, 0.000000, -0.000000, 0.535823, -0.844330, -0.000000, 0.844330, 0.535824),

              ["RightLowerLeg"] = CFrame.new(-0.000000, 0.022844, -0.001527, 1.000000, 0.000000, -0.000000, -0.000000, 0.984317, 0.176390, 0.000000, -0.176406, 0.984320),

              ["RightUpperArm"] = CFrame.new(0.036706, 0.062584, -0.705815, -0.042785, -0.652674, 0.756429, -0.055325, -0.754413, -0.654064, 0.997551, -0.069834, -0.003832),

              ["RightUpperLeg"] = CFrame.new(-0.065868, -0.196270, 0.327573, 0.861642, -0.204992, 0.464275, 0.505793, 0.422190, -0.752279, -0.041800, 0.883025, 0.467467),

              ["UpperTorso"] = CFrame.new(-0.040942, 0.085633, -0.281819, 0.994729, -0.052921, 0.087833, 0.073043, 0.966848, -0.244683, -0.071973, 0.249808, 0.965617)

          }},

          {Time = 0.167, Data = {

              ["Head"] = CFrame.new(-0.000000, 0.000000, -0.000000, 0.870181, 0.261047, 0.417900, 0.038521, 0.809489, -0.585870, -0.491224, 0.525911, 0.694346),

              ["LeftFoot"] = CFrame.new(-0.000000, 0.000003, -0.000003, 0.910475, -0.302236, 0.282317, 0.129509, 0.856641, 0.499420, -0.392762, -0.418115, 0.819071),

              ["LeftHand"] = CFrame.new(0.000482, 0.027377, -0.000000, 0.960395, -0.240925, 0.139995, -0.002563, 0.494758, 0.869029, -0.278632, -0.834967, 0.474542),

              ["LeftLowerArm"] = CFrame.new(-0.000498, 0.110743, 0.138492, 1.000000, -0.000000, 0.000000, 0.000000, -0.434120, -0.900855, 0.000000, 0.900855, -0.434121),

              ["LeftLowerLeg"] = CFrame.new(-0.000000, 0.000931, 0.000103, 1.000000, -0.000000, 0.000000, 0.000000, 0.999986, 0.005284, 0.000000, -0.005300, 0.999986),

              ["LeftUpperArm"] = CFrame.new(0.117123, 0.042944, -0.036847, 0.964630, 0.241704, 0.105200, -0.130516, 0.784656, -0.606037, -0.229027, 0.570871, 0.788450),

              ["LeftUpperLeg"] = CFrame.new(-0.161189, -0.156030, 0.302705, 0.936793, 0.141887, -0.319823, -0.338977, 0.594507, -0.729145, 0.086680, 0.791473, 0.605030),

              ["LowerTorso"] = CFrame.new(-0.007272, -0.837083, -0.019936, 0.996274, 0.056462, -0.065191, 0.080321, -0.332184, 0.939788, 0.031407, -0.941523, -0.335482),

              ["RightFoot"] = CFrame.new(-0.000000, 0.000702, -0.000103, 0.979993, 0.199042, -0.000242, -0.133090, 0.656202, 0.742778, 0.147990, -0.727860, 0.669538),

              ["RightHand"] = CFrame.new(-0.000486, 0.020811, 0.000000, 0.999248, 0.033679, -0.019227, -0.038281, 0.935944, -0.350065, 0.006206, 0.350535, 0.936528),

              ["RightLowerArm"] = CFrame.new(-0.000000, 0.102532, 0.045890, 1.000000, 0.000000, 0.000000, -0.000000, 0.527473, -0.849572, -0.000000, 0.849572, 0.527473),

              ["RightLowerLeg"] = CFrame.new(0.000000, 0.002553, -0.000009, 1.000000, 0.000000, -0.000000, -0.000000, 0.999827, 0.018563, 0.000000, -0.018580, 0.999828),

              ["RightUpperArm"] = CFrame.new(0.065683, 0.085957, -0.678950, -0.066962, -0.648964, 0.757866, -0.085070, -0.753092, -0.652392, 0.994122, -0.108157, -0.004778),

              ["RightUpperLeg"] = CFrame.new(-0.081158, -0.241130, 0.343132, 0.833737, -0.226734, 0.503461, 0.550080, 0.420160, -0.721717, -0.047895, 0.878668, 0.475028),

              ["UpperTorso"] = CFrame.new(-0.037608, 0.092538, -0.263226, 0.994768, -0.035413, 0.095823, 0.060763, 0.959140, -0.276332, -0.082122, 0.280709, 0.956273)

          }},

          {Time = 0.183, Data = {

              ["Head"] = CFrame.new(0.000000, 0.000000, 0.000000, 0.883941, 0.251386, 0.394276, 0.044227, 0.794465, -0.605697, -0.465503, 0.552838, 0.691142),

              ["LeftFoot"] = CFrame.new(0.000000, -0.015488, -0.000003, 0.912618, -0.319791, 0.254707, 0.149080, 0.840432, 0.521035, -0.380661, -0.437503, 0.814645),

              ["LeftHand"] = CFrame.new(0.000482, 0.027348, 0.000000, 0.968074, -0.216768, 0.125876, -0.003870, 0.489187, 0.872172, -0.250634, -0.844812, 0.472727),

              ["LeftLowerArm"] = CFrame.new(-0.000499, 0.111057, 0.137840, 1.000000, -0.000000, 0.000000, 0.000000, -0.427343, -0.904089, 0.000000, 0.904090, -0.427344),

              ["LeftLowerLeg"] = CFrame.new(-0.000000, -0.015033, -0.000099, 1.000000, -0.000000, 0.000000, 0.000000, 1.000000, -0.000007, -0.000000, -0.000010, 1.000000),

              ["LeftUpperArm"] = CFrame.new(0.107302, 0.051739, -0.032439, 0.976045, 0.205838, 0.070481, -0.116288, 0.767339, -0.630609, -0.183886, 0.607306, 0.772894),

              ["LeftUpperLeg"] = CFrame.new(-0.174271, -0.171906, 0.331949, 0.919117, 0.156903, -0.361394, -0.386326, 0.538910, -0.748548, 0.077308, 0.827621, 0.555940),

              ["LowerTorso"] = CFrame.new(0.009557, -0.826746, -0.025894, 0.998241, 0.026726, -0.052918, 0.059048, -0.368600, 0.927711, 0.005289, -0.929204, -0.369530),

              ["RightFoot"] = CFrame.new(0.000000, 0.000088, -0.000103, 0.970474, 0.240677, -0.016141, -0.147808, 0.646234, 0.748710, 0.190613, -0.724193, 0.662701),

              ["RightHand"] = CFrame.new(-0.000486, 0.020943, -0.000000, 0.998999, 0.038813, -0.022225, -0.044066, 0.939186, -0.340572, 0.007654, 0.341209, 0.939956),

              ["RightLowerArm"] = CFrame.new(-0.000000, 0.102971, 0.046432, 1.000000, 0.000000, 0.000000, -0.000000, 0.521825, -0.853052, -0.000000, 0.853053, 0.521825),

              ["RightLowerLeg"] = CFrame.new(-0.000000, 0.000320, 0.000004, 1.000000, 0.000000, 0.000000, 0.000000, 0.999997, 0.002306, -0.000000, -0.002323, 0.999997),

              ["RightUpperArm"] = CFrame.new(0.089432, 0.104812, -0.653074, -0.089433, -0.645311, 0.758667, -0.109703, -0.750703, -0.651469, 0.989933, -0.141491, -0.003655),

              ["RightUpperLeg"] = CFrame.new(-0.097542, -0.288959, 0.342536, 0.819908, -0.219515, 0.528738, 0.570527, 0.389831, -0.722862, -0.047438, 0.894341, 0.444867),

              ["UpperTorso"] = CFrame.new(-0.030222, 0.090356, -0.237363, 0.995005, -0.012561, 0.099029, 0.041398, 0.954644, -0.294857, -0.090834, 0.297484, 0.950396)

          }},

          {Time = 0.200, Data = {

              ["Head"] = CFrame.new(0.000000, -0.000000, -0.000000, 0.896656, 0.241172, 0.371274, 0.049075, 0.779295, -0.624733, -0.440000, 0.578391, 0.686924),

              ["LeftFoot"] = CFrame.new(-0.000000, -0.024162, -0.000003, 0.921356, -0.326467, 0.211033, 0.170648, 0.827445, 0.535017, -0.349260, -0.456897, 0.818060),

              ["LeftHand"] = CFrame.new(0.000482, 0.027311, -0.000000, 0.973193, -0.198919, 0.115445, -0.004105, 0.486849, 0.873478, -0.229954, -0.850535, 0.472978),

              ["LeftLowerArm"] = CFrame.new(-0.000498, 0.111453, 0.136999, 1.000000, -0.000000, 0.000000, 0.000000, -0.418602, -0.908169, 0.000000, 0.908170, -0.418604),

              ["LeftLowerLeg"] = CFrame.new(-0.000000, -0.023677, -0.000213, 1.000000, 0.000000, -0.000000, -0.000000, 1.000000, -0.000007, 0.000000, -0.000010, 1.000000),

              ["LeftUpperArm"] = CFrame.new(0.099978, 0.058330, -0.030382, 0.983490, 0.176047, 0.041898, -0.106851, 0.751786, -0.650693, -0.146051, 0.635473, 0.758185),

              ["LeftUpperLeg"] = CFrame.new(-0.183889, -0.185279, 0.356229, 0.907201, 0.173325, -0.383334, -0.416560, 0.497568, -0.760855, 0.058858, 0.849932, 0.523597),

              ["LowerTorso"] = CFrame.new(0.024658, -0.830601, -0.030800, 0.999124, -0.009086, -0.040854, 0.034135, -0.387889, 0.921074, -0.024216, -0.921662, -0.387239),

              ["RightFoot"] = CFrame.new(-0.000000, 0.003644, -0.000103, 0.964202, 0.264006, -0.024928, -0.168629, 0.682994, 0.710715, 0.204642, -0.681043, 0.703038),

              ["RightHand"] = CFrame.new(-0.000486, 0.020994, -0.000000, 0.998781, 0.042817, -0.024563, -0.048576, 0.941024, -0.334837, 0.008777, 0.335619, 0.941956),

              ["RightLowerArm"] = CFrame.new(-0.000000, 0.103209, 0.046760, 1.000000, 0.000000, 0.000000, -0.000000, 0.518426, -0.855122, -0.000000, 0.855123, 0.518426),

              ["RightLowerLeg"] = CFrame.new(-0.000000, 0.014623, -0.000586, 1.000000, -0.000000, 0.000000, 0.000000, 0.993857, 0.110651, -0.000000, -0.110669, 0.993859),

              ["RightUpperArm"] = CFrame.new(0.108216, 0.119149, -0.628660, -0.110062, -0.641952, 0.758804, -0.128964, -0.747765, -0.651319, 0.985523, -0.169544, -0.000489),

              ["RightUpperLeg"] = CFrame.new(-0.112698, -0.332764, 0.329582, 0.821202, -0.178994, 0.541837, 0.568721, 0.334477, -0.751451, -0.046725, 0.925249, 0.376477),

              ["UpperTorso"] = CFrame.new(-0.019535, 0.081126, -0.211259, 0.995080, 0.015091, 0.097917, 0.015211, 0.953342, -0.301509, -0.097898, 0.301515, 0.948422)

          }},

          {Time = 0.217, Data = {

              ["Head"] = CFrame.new(-0.000000, 0.000000, -0.000000, 0.908103, 0.230740, 0.349439, 0.053031, 0.764400, -0.642558, -0.415375, 0.602040, 0.681918),

              ["LeftFoot"] = CFrame.new(0.000000, -0.025839, -0.000003, 0.934278, -0.322189, 0.152738, 0.192465, 0.816305, 0.544641, -0.300136, -0.479417, 0.824644),

              ["LeftHand"] = CFrame.new(0.000482, 0.027269, 0.000000, 0.976305, -0.187183, 0.108586, -0.003597, 0.487684, 0.873015, -0.216367, -0.852717, 0.475452),

              ["LeftLowerArm"] = CFrame.new(-0.000498, 0.111890, 0.136044, 1.000000, -0.000000, 0.000000, 0.000000, -0.408675, -0.912680, 0.000000, 0.912680, -0.408676),

              ["LeftLowerLeg"] = CFrame.new(-0.000000, -0.025348, -0.000235, 1.000000, -0.000000, -0.000000, -0.000000, 1.000000, -0.000007, -0.000000, -0.000010, 1.000000),

              ["LeftUpperArm"] = CFrame.new(0.095347, 0.063120, -0.030670, 0.988097, 0.152641, 0.019108, -0.101280, 0.738994, -0.666056, -0.115788, 0.656192, 0.745657),

              ["LeftUpperLeg"] = CFrame.new(-0.190292, -0.196159, 0.375999, 0.902040, 0.191568, -0.386814, -0.430262, 0.470888, -0.770154, 0.034608, 0.861143, 0.507187),

              ["LowerTorso"] = CFrame.new(0.037429, -0.846912, -0.034663, 0.998411, -0.048913, -0.027986, 0.006571, -0.392185, 0.919863, -0.055969, -0.918585, -0.391240),

              ["RightFoot"] = CFrame.new(-0.000000, 0.007591, -0.000103, 0.962732, 0.268526, -0.032337, -0.184673, 0.740000, 0.646783, 0.197593, -0.616679, 0.761989),

              ["RightHand"] = CFrame.new(-0.000486, 0.021016, -0.000000, 0.998616, 0.045607, -0.026192, -0.051724, 0.941792, -0.332196, 0.009517, 0.333089, 0.942847),

              ["RightLowerArm"] = CFrame.new(-0.000000, 0.103318, 0.046913, 1.000000, 0.000000, 0.000000, -0.000000, 0.516844, -0.856080, -0.000000, 0.856080, 0.516844),

              ["RightLowerLeg"] = CFrame.new(0.000000, 0.034269, -0.003656, 1.000000, 0.000000, -0.000000, -0.000000, 0.962763, 0.270333, 0.000000, -0.270347, 0.962767),

              ["RightUpperArm"] = CFrame.new(0.122678, 0.129350, -0.605993, -0.128851, -0.638932, 0.758395, -0.143078, -0.744790, -0.651779, 0.981288, -0.192492, 0.004550),

              ["RightUpperLeg"] = CFrame.new(-0.123835, -0.364172, 0.309560, 0.836588, -0.123818, 0.533655, 0.545443, 0.279139, -0.790297, -0.051110, 0.952235, 0.301069),

              ["UpperTorso"] = CFrame.new(-0.006829, 0.066387, -0.184703, 0.994569, 0.046440, 0.093141, -0.016646, 0.954386, -0.298112, -0.102736, 0.294943, 0.949976)

          }},

          {Time = 0.233, Data = {

              ["Head"] = CFrame.new(0.000000, 0.000000, -0.000000, 0.918123, 0.220480, 0.329301, 0.056122, 0.750235, -0.658785, -0.392303, 0.623327, 0.676434),

              ["LeftFoot"] = CFrame.new(-0.000000, -0.021236, -0.000003, 0.948292, -0.306866, 0.081132, 0.214039, 0.806980, 0.550457, -0.234370, -0.504596, 0.830912),

              ["LeftHand"] = CFrame.new(0.000482, 0.027224, -0.000000, 0.977824, -0.181165, 0.105071, -0.002521, 0.491490, 0.870881, -0.209413, -0.851832, 0.480131),

              ["LeftLowerArm"] = CFrame.new(-0.000498, 0.112342, 0.135026, 1.000000, -0.000000, 0.000000, 0.000000, -0.398100, -0.917342, 0.000000, 0.917342, -0.398101),

              ["LeftLowerLeg"] = CFrame.new(-0.000000, -0.020761, -0.000174, 1.000000, -0.000000, 0.000000, -0.000000, 1.000000, -0.000007, 0.000000, -0.000010, 1.000000),

              ["LeftUpperArm"] = CFrame.new(0.093482, 0.066440, -0.033096, 0.990755, 0.135653, 0.001597, -0.098796, 0.729529, -0.676777, -0.092972, 0.670362, 0.736186),

              ["LeftUpperLeg"] = CFrame.new(-0.193730, -0.204553, 0.391711, 0.903546, 0.211257, -0.372793, -0.428453, 0.457054, -0.779441, 0.005723, 0.863986, 0.503485),

              ["LowerTorso"] = CFrame.new(0.047420, -0.874081, -0.037712, 0.995794, -0.090664, -0.013213, -0.022661, -0.383451, 0.923283, -0.088775, -0.919100, -0.383893),

              ["RightFoot"] = CFrame.new(-0.000000, 0.010692, -0.000103, 0.966526, 0.252920, -0.043152, -0.183097, 0.797736, 0.574562, 0.179729, -0.547402, 0.817323),

              ["RightHand"] = CFrame.new(-0.000486, 0.021020, -0.000000, 0.998518, 0.047195, -0.027120, -0.053528, 0.941788, -0.331920, 0.009876, 0.332878, 0.942918),

              ["RightLowerArm"] = CFrame.new(-0.000000, 0.103337, 0.046939, 1.000000, 0.000000, 0.000000, -0.000000, 0.516571, -0.856244, -0.000000, 0.856245, 0.516571),

              ["RightLowerLeg"] = CFrame.new(0.000000, 0.051399, -0.008847, 1.000000, 0.000000, 0.000000, -0.000000, 0.910117, 0.414343, 0.000000, -0.414352, 0.910121),

              ["RightUpperArm"] = CFrame.new(0.133462, 0.135845, -0.585300, -0.145808, -0.636301, 0.757536, -0.152368, -0.742140, -0.652696, 0.977509, -0.210593, 0.011258),

              ["RightUpperLeg"] = CFrame.new(-0.128167, -0.374806, 0.287759, 0.863726, -0.074403, 0.498438, 0.500037, 0.249710, -0.829218, -0.062767, 0.965458, 0.252898),

              ["UpperTorso"] = CFrame.new(0.006694, 0.047651, -0.157223, 0.993129, 0.080188, 0.085227, -0.052679, 0.956698, -0.286276, -0.104493, 0.279820, 0.954349)

          }},

          {Time = 0.250, Data = {

              ["Head"] = CFrame.new(0.000000, -0.000000, 0.000000, 0.926608, 0.210826, 0.311367, 0.058421, 0.737273, -0.673064, -0.371462, 0.641857, 0.670846),

              ["LeftFoot"] = CFrame.new(-0.000000, -0.011344, -0.000003, 0.959739, -0.280897, -0.001546, 0.234937, 0.799684, 0.552578, -0.153967, -0.530662, 0.833460),

              ["LeftHand"] = CFrame.new(0.000482, 0.027178, 0.000000, 0.978028, -0.180339, 0.104592, -0.000914, 0.497989, 0.867185, -0.208471, -0.848225, 0.486879),

              ["LeftLowerArm"] = CFrame.new(-0.000499, 0.112794, 0.133976, 1.000000, -0.000000, 0.000000, 0.000000, -0.387190, -0.921999, 0.000000, 0.922000, -0.387191),

              ["LeftLowerLeg"] = CFrame.new(0.000000, -0.010904, -0.000044, 1.000000, 0.000000, 0.000000, -0.000000, 1.000000, -0.000007, 0.000000, -0.000010, 1.000000),

              ["LeftUpperArm"] = CFrame.new(0.094335, 0.068540, -0.037325, 0.992109, 0.124877, -0.011185, -0.098780, 0.723587, -0.683128, -0.077214, 0.678843, 0.730213),

