return {
["take shots 8"] = {

          {Time = 0.000, Data = {

              ["Head"] = CFrame.new(-0.000000, 0.000000, 0.000000, 0.965765, -0.182404, -0.184461, 0.020887, 0.763427, -0.645556, 0.258575, 0.619603, 0.741102),

              ["LeftFoot"] = CFrame.new(0.000000, -0.088719, -0.000003, 0.944815, -0.306847, 0.114763, 0.327496, 0.893704, -0.306668, -0.008460, 0.327319, 0.944873),

              ["LeftHand"] = CFrame.new(0.000483, 0.025635, 0.000000, 0.757130, -0.564250, 0.329209, 0.458782, 0.818021, 0.346932, -0.465052, -0.111636, 0.878214),

              ["LeftLowerArm"] = CFrame.new(-0.000499, 0.119964, 0.098509, 1.000000, -0.000000, 0.000000, -0.000000, -0.018732, -0.999825, 0.000000, 0.999825, -0.018733),

              ["LeftLowerLeg"] = CFrame.new(-0.000000, -0.088012, -0.001065, 1.000000, -0.000000, 0.000000, -0.000000, 1.000000, -0.000008, -0.000000, -0.000011, 1.000000),

              ["LeftUpperArm"] = CFrame.new(0.020977, -0.114381, -0.303773, 0.789433, 0.178157, -0.587415, -0.051986, -0.934113, -0.353172, -0.611632, 0.309342, -0.728158),

              ["LeftUpperLeg"] = CFrame.new(-0.000000, -0.065376, 0.089925, 0.929197, 0.359973, -0.083741, 0.050574, -0.348298, -0.936019, -0.366108, 0.865510, -0.341841),

              ["LowerTorso"] = CFrame.new(0.039844, -0.095236, 0.562628, 0.998194, -0.017870, -0.057355, 0.034046, -0.618329, 0.785181, -0.049495, -0.785716, -0.616604),

              ["RightFoot"] = CFrame.new(0.000000, -0.063509, -0.000103, 0.969804, 0.187207, -0.156324, -0.220182, 0.947703, -0.231043, 0.104885, 0.258481, 0.960303),

              ["RightHand"] = CFrame.new(-0.000484, 0.024104, -0.000000, 0.808193, 0.508731, -0.296680, -0.452952, 0.858920, 0.238938, 0.376377, -0.058725, 0.924602),

              ["RightLowerArm"] = CFrame.new(-0.000000, 0.116733, 0.074382, 1.000000, 0.000000, 0.000000, -0.000000, 0.231758, -0.972774, -0.000000, 0.972774, 0.231758),

              ["RightLowerLeg"] = CFrame.new(-0.000000, -0.063288, -0.000835, 1.000000, -0.000000, -0.000000, -0.000000, 1.000000, -0.000008, -0.000000, -0.000011, 1.000000),

              ["RightUpperArm"] = CFrame.new(-0.045407, -0.136263, -0.260364, 0.782529, -0.051218, 0.620504, 0.125076, -0.963362, -0.237254, 0.609921, 0.263268, -0.747453),

              ["RightUpperLeg"] = CFrame.new(-0.017056, -0.066551, 0.036496, 0.978674, -0.192679, 0.071215, 0.000938, -0.342492, -0.939521, 0.205416, 0.919551, -0.335005),

              ["UpperTorso"] = CFrame.new(-0.026526, 0.072247, 0.085893, 0.998194, 0.013294, 0.058585, -0.017870, 0.996771, 0.078282, -0.057355, -0.079188, 0.995208)

          }},

          {Time = 0.020, Data = {

              ["Head"] = CFrame.new(-0.000000, 0.000000, 0.000000, 0.965765, -0.182404, -0.184461, 0.020887, 0.763427, -0.645556, 0.258575, 0.619603, 0.741102),

              ["LeftFoot"] = CFrame.new(0.000000, -0.090033, -0.000003, 0.944929, -0.307060, 0.113243, 0.327169, 0.895134, -0.302823, -0.008378, 0.323186, 0.946295),

              ["LeftHand"] = CFrame.new(0.000483, 0.025567, 0.000000, 0.753086, -0.568275, 0.331553, 0.463903, 0.815993, 0.344893, -0.466535, -0.105924, 0.878135),

              ["LeftLowerArm"] = CFrame.new(-0.000499, 0.119952, 0.097037, 1.000000, -0.000000, 0.000000, 0.000000, -0.003444, -0.999994, 0.000000, 0.999994, -0.003444),

              ["LeftLowerLeg"] = CFrame.new(-0.000000, -0.089322, -0.001083, 1.000000, -0.000000, 0.000000, -0.000000, 1.000000, -0.000008, 0.000000, -0.000011, 1.000000),

              ["LeftUpperArm"] = CFrame.new(0.021883, -0.111589, -0.302826, 0.791244, 0.174931, -0.585946, -0.046402, -0.938271, -0.342776, -0.609738, 0.298408, -0.734283),

              ["LeftUpperLeg"] = CFrame.new(0.000000, -0.065377, 0.089925, 0.929615, 0.358829, -0.084013, 0.055598, -0.361914, -0.930553, -0.364315, 0.860384, -0.356389),

              ["LowerTorso"] = CFrame.new(0.039738, -0.090498, 0.570587, 0.998212, -0.017606, -0.057117, 0.033470, -0.627069, 0.778244, -0.049518, -0.778765, -0.625359),

              ["RightFoot"] = CFrame.new(0.000000, -0.064719, -0.000103, 0.969743, 0.187402, -0.156467, -0.219942, 0.948787, -0.226784, 0.105944, 0.254331, 0.961295),

              ["RightHand"] = CFrame.new(-0.000484, 0.024033, 0.000000, 0.804333, 0.513276, -0.299329, -0.457644, 0.856451, 0.238861, 0.378959, -0.055137, 0.923768),

              ["RightLowerArm"] = CFrame.new(-0.000001, 0.116369, 0.073073, 1.000000, 0.000000, 0.000000, -0.000000, 0.245324, -0.969441, -0.000000, 0.969441, 0.245323),

              ["RightLowerLeg"] = CFrame.new(-0.000000, -0.064492, -0.000851, 1.000000, -0.000000, -0.000000, -0.000000, 1.000000, -0.000008, -0.000000, -0.000011, 1.000000),

              ["RightUpperArm"] = CFrame.new(-0.046468, -0.131514, -0.261142, 0.784675, -0.047729, 0.618067, 0.119117, -0.966843, -0.225890, 0.608355, 0.250872, -0.752972),

              ["RightUpperLeg"] = CFrame.new(-0.017056, -0.066551, 0.036496, 0.978533, -0.193123, 0.071952, -0.001720, -0.356772, -0.934191, 0.206084, 0.914012, -0.349443),

              ["UpperTorso"] = CFrame.new(-0.026623, 0.072914, 0.084671, 0.998212, 0.013701, 0.058177, -0.017606, 0.997588, 0.067145, -0.057117, -0.068049, 0.996046)

          }},

          {Time = 0.040, Data = {

              ["Head"] = CFrame.new(-0.000000, 0.000000, 0.000000, 0.965765, -0.182404, -0.184461, 0.020887, 0.763427, -0.645556, 0.258575, 0.619603, 0.741102),

              ["LeftFoot"] = CFrame.new(-0.000000, -0.093688, -0.000003, 0.945245, -0.307628, 0.108979, 0.326262, 0.898938, -0.292351, -0.008025, 0.311890, 0.950081),

              ["LeftHand"] = CFrame.new(0.000483, 0.025377, -0.000000, 0.742182, -0.578883, 0.337732, 0.478097, 0.810455, 0.338507, -0.469669, -0.089763, 0.878265),

              ["LeftLowerArm"] = CFrame.new(-0.000499, 0.119796, 0.092885, 1.000000, -0.000000, 0.000000, 0.000000, 0.039647, -0.999214, 0.000000, 0.999214, 0.039646),

              ["LeftLowerLeg"] = CFrame.new(-0.000000, -0.092964, -0.001131, 1.000000, 0.000000, 0.000000, -0.000000, 1.000000, -0.000008, 0.000000, -0.000011, 1.000000),

              ["LeftUpperArm"] = CFrame.new(0.024221, -0.104153, -0.300247, 0.795919, 0.165945, -0.582216, -0.031531, -0.949032, -0.313600, -0.604581, 0.267957, -0.750120),

              ["LeftUpperLeg"] = CFrame.new(0.000000, -0.065376, 0.089925, 0.930776, 0.355667, -0.084599, 0.069360, -0.399003, -0.914324, -0.358950, 0.845162, -0.396049),

              ["LowerTorso"] = CFrame.new(0.039462, -0.077532, 0.592373, 0.998261, -0.016915, -0.056463, 0.031874, -0.650865, 0.758524, -0.049580, -0.759005, -0.649194),

              ["RightFoot"] = CFrame.new(0.000000, -0.068102, -0.000103, 0.969578, 0.187930, -0.156856, -0.219265, 0.951639, -0.215190, 0.108819, 0.243033, 0.963893),

              ["RightHand"] = CFrame.new(-0.000484, 0.023750, -0.000000, 0.793770, 0.525406, -0.306400, -0.470611, 0.849683, 0.237836, 0.385299, -0.044591, 0.921712),

              ["RightLowerArm"] = CFrame.new(-0.000001, 0.115183, 0.069396, 1.000000, 0.000000, -0.000000, -0.000000, 0.283483, -0.958977, -0.000000, 0.958977, 0.283483),

              ["RightLowerLeg"] = CFrame.new(0.000000, -0.067864, -0.000895, 1.000000, 0.000000, -0.000000, -0.000000, 1.000000, -0.000008, -0.000000, -0.000011, 1.000000),

              ["RightUpperArm"] = CFrame.new(-0.049241, -0.118577, -0.263292, 0.790288, -0.038128, 0.611548, 0.103044, -0.975578, -0.193985, 0.604009, 0.216320, -0.767058),

              ["RightUpperLeg"] = CFrame.new(-0.017056, -0.066551, 0.036496, 0.978141, -0.194342, 0.073972, -0.009155, -0.395637, -0.918362, 0.207742, 0.897609, -0.388766),

              ["UpperTorso"] = CFrame.new(-0.026877, 0.074950, 0.081424, 0.998262, 0.014829, 0.057046, -0.016915, 0.999199, 0.036257, -0.056463, -0.037159, 0.997713)

          }},

          {Time = 0.060, Data = {

              ["Head"] = CFrame.new(-0.000000, 0.000000, 0.000000, 0.965765, -0.182404, -0.184461, 0.020887, 0.763427, -0.645556, 0.258575, 0.619603, 0.741102),

              ["LeftFoot"] = CFrame.new(0.000000, -0.099250, -0.000003, 0.945719, -0.308435, 0.102386, 0.324906, 0.904285, -0.276966, -0.007156, 0.295190, 0.955409),

              ["LeftHand"] = CFrame.new(0.000484, 0.025040, 0.000000, 0.726461, -0.593581, 0.346293, 0.499676, 0.802195, 0.326816, -0.471783, -0.064384, 0.879359),

              ["LeftLowerArm"] = CFrame.new(-0.000499, 0.119165, 0.086409, 1.000000, -0.000000, 0.000000, 0.000000, 0.106864, -0.994274, 0.000000, 0.994274, 0.106863),

              ["LeftLowerLeg"] = CFrame.new(-0.000000, -0.098508, -0.001204, 1.000000, -0.000000, -0.000000, 0.000000, 1.000000, -0.000008, 0.000000, -0.000011, 1.000000),

              ["LeftUpperArm"] = CFrame.new(0.027336, -0.093657, -0.296472, 0.802150, 0.152112, -0.577424, -0.010539, -0.963252, -0.268392, -0.597030, 0.221376, -0.771069),

              ["LeftUpperLeg"] = CFrame.new(0.000000, -0.065377, 0.089925, 0.932541, 0.350905, -0.085050, 0.089713, -0.453358, -0.886803, -0.349742, 0.819349, -0.454254),

              ["LowerTorso"] = CFrame.new(0.039086, -0.058363, 0.624703, 0.998331, -0.015975, -0.055498, 0.029457, -0.685705, 0.727283, -0.049674, -0.727704, -0.684090),

              ["RightFoot"] = CFrame.new(-0.000000, -0.073304, -0.000103, 0.969334, 0.188709, -0.157430, -0.218213, 0.955568, -0.198173, 0.113027, 0.226446, 0.967442),

              ["RightHand"] = CFrame.new(-0.000485, 0.023094, 0.000000, 0.778132, 0.542583, -0.316411, -0.490269, 0.839569, 0.234010, 0.392615, -0.026963, 0.919306),

              ["RightLowerArm"] = CFrame.new(-0.000000, 0.112868, 0.063687, 1.000000, 0.000000, 0.000000, -0.000000, 0.342830, -0.939397, -0.000000, 0.939398, 0.342830),

              ["RightLowerLeg"] = CFrame.new(-0.000000, -0.073048, -0.000964, 1.000000, 0.000000, 0.000000, -0.000000, 1.000000, -0.000008, 0.000000, -0.000011, 1.000000),

              ["RightUpperArm"] = CFrame.new(-0.053016, -0.099558, -0.266547, 0.797940, -0.023646, 0.602273, 0.079851, -0.986275, -0.144516, 0.597424, 0.163407, -0.785100),

              ["RightUpperLeg"] = CFrame.new(-0.017056, -0.066551, 0.036496, 0.977544, -0.196168, 0.076974, -0.020604, -0.452504, -0.891526, 0.209720, 0.869919, -0.446382),

              ["UpperTorso"] = CFrame.new(-0.027218, 0.078535, 0.076914, 0.998331, 0.016537, 0.055333, -0.015975, 0.999817, -0.010575, -0.055498, 0.009673, 0.998412)

          }},

          {Time = 0.080, Data = {

              ["Head"] = CFrame.new(-0.000000, 0.000000, 0.000000, 0.965765, -0.182404, -0.184461, 0.020887, 0.763427, -0.645556, 0.258575, 0.619603, 0.741102),

              ["LeftFoot"] = CFrame.new(-0.000000, -0.106191, -0.000004, 0.946298, -0.309359, 0.093896, 0.323248, 0.910356, -0.258394, -0.005538, 0.274863, 0.961466),

              ["LeftHand"] = CFrame.new(0.000484, 0.024400, 0.000000, 0.707980, -0.610021, 0.355866, 0.526993, 0.791775, 0.308824, -0.470151, -0.031101, 0.882036),

              ["LeftLowerArm"] = CFrame.new(-0.000499, 0.117537, 0.078006, 1.000000, -0.000000, 0.000000, 0.000000, 0.194178, -0.980966, 0.000000, 0.980966, 0.194178),

              ["LeftLowerLeg"] = CFrame.new(-0.000000, -0.105425, -0.001296, 1.000000, 0.000000, 0.000000, 0.000000, 1.000000, -0.000008, 0.000000, -0.000011, 1.000000),

              ["LeftUpperArm"] = CFrame.new(0.030639, -0.081636, -0.291951, 0.808756, 0.134178, -0.572634, 0.013504, -0.977608, -0.209999, -0.587989, 0.162105, -0.792458),

              ["LeftUpperLeg"] = CFrame.new(-0.000000, -0.065376, 0.089925, 0.934758, 0.344987, -0.084924, 0.114338, -0.518421, -0.847449, -0.336385, 0.782447, -0.524040),

              ["LowerTorso"] = CFrame.new(0.038683, -0.035100, 0.664278, 0.998410, -0.014969, -0.054341, 0.026419, -0.727365, 0.685742, -0.049791, -0.686088, -0.725813),

              ["RightFoot"] = CFrame.new(0.000000, -0.079875, -0.000103, 0.969034, 0.189661, -0.158131, -0.216865, 0.959898, -0.177668, 0.118082, 0.206458, 0.971303),

              ["RightHand"] = CFrame.new(-0.000485, 0.022344, 0.000000, 0.759126, 0.562320, -0.327913, -0.515437, 0.826918, 0.224792, 0.397558, -0.001627, 0.917574),

              ["RightLowerArm"] = CFrame.new(-0.000000, 0.109234, 0.056157, 1.000000, 0.000000, 0.000000, -0.000000, 0.420919, -0.907098, -0.000000, 0.907098, 0.420919),

              ["RightLowerLeg"] = CFrame.new(0.000000, -0.079597, -0.001051, 1.000000, -0.000000, -0.000000, -0.000000, 1.000000, -0.000008, 0.000000, -0.000011, 1.000000),

              ["RightUpperArm"] = CFrame.new(-0.057121, -0.076572, -0.270665, 0.806278, -0.004844, 0.591517, 0.052540, -0.995428, -0.079767, 0.589199, 0.095393, -0.802337),

              ["RightUpperLeg"] = CFrame.new(-0.017056, -0.066551, 0.036496, 0.976787, -0.198446, 0.080658, -0.035274, -0.520409, -0.853190, 0.211287, 0.830539, -0.515326),

              ["UpperTorso"] = CFrame.new(-0.027572, 0.083849, 0.072002, 0.998410, 0.018683, 0.053179, -0.014969, 0.997476, -0.069414, -0.054341, 0.068507, 0.996170)

          }},

          {Time = 0.100, Data = {

              ["Head"] = CFrame.new(-0.000000, 0.000000, 0.000000, 0.965765, -0.182404, -0.184461, 0.020887, 0.763427, -0.645556, 0.258575, 0.619603, 0.741102),

              ["LeftFoot"] = CFrame.new(-0.000000, -0.113928, -0.000004, 0.946922, -0.310296, 0.083999, 0.321450, 0.916468, -0.238244, -0.003051, 0.252594, 0.967566),

              ["LeftHand"] = CFrame.new(0.000484, 0.023695, 0.000000, 0.688562, -0.626394, 0.365397, 0.558580, 0.779457, 0.283615, -0.462462, 0.008818, 0.886593),

              ["LeftLowerArm"] = CFrame.new(-0.000499, 0.114573, 0.068045, 1.000000, -0.000000, 0.000000, 0.000000, 0.297528, -0.954713, 0.000000, 0.954713, 0.297528),

              ["LeftLowerLeg"] = CFrame.new(0.000000, -0.113136, -0.001398, 1.000000, 0.000000, 0.000000, -0.000000, 1.000000, -0.000008, 0.000000, -0.000011, 1.000000),

              ["LeftUpperArm"] = CFrame.new(0.033724, -0.069345, -0.287113, 0.814926, 0.112375, -0.568566, 0.038086, -0.989285, -0.140941, -0.578312, 0.093201, -0.810474),

              ["LeftUpperLeg"] = CFrame.new(-0.000000, -0.065376, 0.089925, 0.937263, 0.338370, -0.083924, 0.140867, -0.587788, -0.796659, -0.318895, 0.734854, -0.598574),

              ["LowerTorso"] = CFrame.new(0.038314, -0.009803, 0.707958, 0.998489, -0.014045, -0.053124, 0.022957, -0.771739, 0.635524, -0.049924, -0.635784, -0.770251),

              ["RightFoot"] = CFrame.new(-0.000000, -0.087294, -0.000104, 0.968696, 0.190726, -0.158915, -0.215324, 0.964086, -0.155478, 0.123543, 0.184829, 0.974973),

              ["RightHand"] = CFrame.new(-0.000486, 0.021078, -0.000000, 0.738412, 0.582543, -0.339695, -0.544726, 0.812213, 0.208768, 0.397518, 0.030884, 0.917073),

              ["RightLowerArm"] = CFrame.new(-0.000000, 0.103620, 0.047337, 1.000000, 0.000000, 0.000000, -0.000000, 0.512450, -0.858717, -0.000000, 0.858717, 0.512450),

              ["RightLowerLeg"] = CFrame.new(-0.000000, -0.086992, -0.001149, 1.000000, 0.000000, 0.000000, 0.000000, 1.000000, -0.000008, -0.000000, -0.000011, 1.000000),

              ["RightUpperArm"] = CFrame.new(-0.061049, -0.051557, -0.275433, 0.814280, 0.017375, 0.580213, 0.023766, -0.999712, -0.003417, 0.579986, 0.016571, -0.814458),

              ["RightUpperLeg"] = CFrame.new(-0.017056, -0.066551, 0.036496, 0.975911, -0.201038, 0.084741, -0.052274, -0.592581, -0.803815, 0.211813, 0.780020, -0.588813),

              ["UpperTorso"] = CFrame.new(-0.027874, 0.090892, 0.067535, 0.998489, 0.021128, 0.050725, -0.014045, 0.990590, -0.136138, -0.053124, 0.135220, 0.989390)

          }},

          {Time = 0.120, Data = {

              ["Head"] = CFrame.new(-0.000000, 0.000000, 0.000000, 0.965765, -0.182404, -0.184461, 0.020887, 0.763427, -0.645556, 0.258575, 0.619603, 0.741102),

              ["LeftFoot"] = CFrame.new(-0.000000, -0.121835, -0.000004, 0.947528, -0.311165, 0.073254, 0.319671, 0.922132, -0.217910, 0.000260, 0.229889, 0.973216),

              ["LeftHand"] = CFrame.new(0.000485, 0.022589, 0.000000, 0.669651, -0.641518, 0.374198, 0.592626, 0.765246, 0.251386, -0.447618, 0.053418, 0.892626),

              ["LeftLowerArm"] = CFrame.new(-0.000500, 0.109712, 0.057186, 1.000000, -0.000000, -0.000000, -0.000000, 0.410225, -0.911984, 0.000000, 0.911984, 0.410226),

              ["LeftLowerLeg"] = CFrame.new(-0.000000, -0.121017, -0.001503, 1.000000, -0.000000, -0.000000, -0.000000, 1.000000, -0.000008, -0.000000, -0.000011, 1.000000),

              ["LeftUpperArm"] = CFrame.new(0.036377, -0.057686, -0.282320, 0.820232, 0.087366, -0.565320, 0.061404, -0.996005, -0.064833, -0.568726, 0.018464, -0.822320),

              ["LeftUpperLeg"] = CFrame.new(0.000000, -0.065376, 0.089925, 0.939887, 0.331504, -0.081962, 0.167074, -0.655735, -0.736275, -0.297824, 0.678318, -0.671700),

              ["LowerTorso"] = CFrame.new(0.038016, 0.015640, 0.752870, 0.998560, -0.013301, -0.051970, 0.019271, -0.815159, 0.578916, -0.050064, -0.579084, -0.813729),

              ["RightFoot"] = CFrame.new(-0.000000, -0.094989, -0.000104, 0.968337, 0.191856, -0.159747, -0.213713, 0.967777, -0.133169, 0.129039, 0.163094, 0.978134),

              ["RightHand"] = CFrame.new(-0.000487, 0.019195, 0.000000, 0.717495, 0.601738, -0.350876, -0.576812, 0.795651, 0.185009, 0.390499, 0.069646, 0.917964),

              ["RightLowerArm"] = CFrame.new(0.000000, 0.095610, 0.037802, 1.000000, 0.000000, 0.000000, -0.000000, 0.611348, -0.791362, -0.000000, 0.791362, 0.611348),

              ["RightLowerLeg"] = CFrame.new(0.000000, -0.094661, -0.001251, 1.000000, 0.000000, 0.000000, 0.000000, 1.000000, -0.000008, 0.000000, -0.000011, 1.000000),

              ["RightUpperArm"] = CFrame.new(-0.064494, -0.026186, -0.280643, 0.821325, 0.042544, 0.568872, -0.004346, -0.996719, 0.080816, 0.570444, -0.068850, -0.818446),

              ["RightUpperLeg"] = CFrame.new(-0.017056, -0.066551, 0.036496, 0.974957, -0.203822, 0.088966, -0.070600, -0.663015, -0.745272, 0.210889, 0.720324, -0.660798),

              ["UpperTorso"] = CFrame.new(-0.028076, 0.099400, 0.064222, 0.998560, 0.023731, 0.048111, -0.013301, 0.978357, -0.206498, -0.051970, 0.205561, 0.977264)

          }},

          {Time = 0.140, Data = {

              ["Head"] = CFrame.new(-0.000000, 0.000000, 0.000000, 0.965765, -0.182404, -0.184461, 0.020887, 0.763427, -0.645556, 0.258575, 0.619603, 0.741102),

              ["LeftFoot"] = CFrame.new(-0.000000, -0.129378, -0.000004, 0.948067, -0.311914, 0.062277, 0.318043, 0.927052, -0.198556, 0.004202, 0.208048, 0.978109),

              ["LeftHand"] = CFrame.new(0.000486, 0.020979, 0.000000, 0.652296, -0.654734, 0.381885, 0.627155, 0.749155, 0.213175, -0.425660, 0.100447, 0.899289),

              ["LeftLowerArm"] = CFrame.new(-0.000500, 0.102658, 0.046169, 1.000000, -0.000000, -0.000000, 0.000000, 0.524566, -0.851369, 0.000000, 0.851370, 0.524567),

              ["LeftLowerLeg"] = CFrame.new(-0.000000, -0.128535, -0.001603, 1.000000, -0.000000, -0.000000, -0.000000, 1.000000, -0.000008, 0.000000, -0.000011, 1.000000),

              ["LeftUpperArm"] = CFrame.new(0.038528, -0.047237, -0.277855, 0.824533, 0.059867, -0.562638, 0.082302, -0.996501, 0.014580, -0.559796, -0.058329, -0.826575),

              ["LeftUpperLeg"] = CFrame.new(-0.000000, -0.065376, 0.089925, 0.942463, 0.324806, -0.079156, 0.191086, -0.717663, -0.669665, -0.274319, 0.616004, -0.738433),

              ["LowerTorso"] = CFrame.new(0.037806, 0.039628, 0.796435, 0.998618, -0.012776, -0.050986, 0.015561, -0.854667, 0.518943, -0.050205, -0.519019, -0.853287),

              ["RightFoot"] = CFrame.new(-0.000000, -0.102403, -0.000104, 0.967968, 0.193005, -0.160593, -0.212155, 0.970793, -0.112031, 0.134268, 0.142515, 0.980642),

              ["RightHand"] = CFrame.new(-0.000489, 0.016163, -0.000000, 0.697634, 0.618927, -0.360886, -0.609724, 0.777394, 0.154584, 0.376223, 0.112197, 0.919709),

              ["RightLowerArm"] = CFrame.new(-0.000000, 0.084740, 0.028434, 1.000000, 0.000000, 0.000000, -0.000000, 0.708566, -0.705645, -0.000000, 0.705645, 0.708566),

              ["RightLowerLeg"] = CFrame.new(0.000000, -0.102049, -0.001349, 1.000000, -0.000000, -0.000000, -0.000000, 1.000000, -0.000008, 0.000000, -0.000011, 1.000000),

              ["RightUpperArm"] = CFrame.new(-0.067324, -0.001850, -0.286058, 0.827140, 0.069509, 0.557680, -0.030239, -0.985379, 0.167668, 0.561181, -0.155550, -0.812945),

              ["RightUpperLeg"] = CFrame.new(-0.017056, -0.066550, 0.036496, 0.973970, -0.206674, 0.093104, -0.089166, -0.726942, -0.680888, 0.208403, 0.654859, -0.726445),

              ["UpperTorso"] = CFrame.new(-0.028157, 0.108841, 0.062508, 0.998618, 0.026350, 0.045480, -0.012776, 0.960997, -0.276264, -0.050986, 0.275301, 0.960005)

          }},

          {Time = 0.160, Data = {

              ["Head"] = CFrame.new(-0.000000, 0.000000, -0.000000, 0.965765, -0.182404, -0.184461, 0.020887, 0.763427, -0.645556, 0.258575, 0.619603, 0.741102),

              ["LeftFoot"] = CFrame.new(0.000000, -0.136082, -0.000004, 0.948503, -0.312518, 0.051713, 0.316655, 0.931085, -0.181138, 0.008463, 0.188184, 0.982097),

              ["LeftHand"] = CFrame.new(0.000488, 0.018721, 0.000000, 0.637205, -0.665739, 0.388282, 0.659933, 0.731542, 0.171279, -0.398068, 0.147099, 0.905484),

              ["LeftLowerArm"] = CFrame.new(-0.000500, 0.093477, 0.035850, 1.000000, -0.000000, -0.000000, 0.000000, 0.631634, -0.775266, 0.000000, 0.775267, 0.631634),

              ["LeftLowerLeg"] = CFrame.new(0.000000, -0.135217, -0.001691, 1.000000, -0.000000, 0.000000, 0.000000, 1.000000, -0.000008, -0.000000, -0.000011, 1.000000),

              ["LeftUpperArm"] = CFrame.new(0.040190, -0.038336, -0.273924, 0.827857, 0.031228, -0.560070, 0.100104, -0.990646, 0.092731, -0.551935, -0.132834, -0.823239),

              ["LeftUpperLeg"] = CFrame.new(-0.000000, -0.065376, 0.089925, 0.944842, 0.318639, -0.075783, 0.211555, -0.770368, -0.601483, -0.250037, 0.552270, -0.795283),

              ["LowerTorso"] = CFrame.new(0.037678, 0.060919, 0.836340, 0.998660, -0.012455, -0.050235, 0.012026, -0.888206, 0.459288, -0.050339, -0.459276, -0.886866),

              ["RightFoot"] = CFrame.new(0.000000, -0.109067, -0.000104, 0.967609, 0.194119, -0.161413, -0.210751, 0.973095, -0.093105, 0.138985, 0.124111, 0.982485),

              ["RightHand"] = CFrame.new(-0.000492, 0.011941, -0.000000, 0.679832, 0.633544, -0.369395, -0.641348, 0.757886, 0.119510, 0.355671, 0.155663, 0.921556),

              ["RightLowerArm"] = CFrame.new(0.000000, 0.071275, 0.020038, 1.000000, 0.000000, 0.000000, -0.000000, 0.795580, -0.605849, -0.000000, 0.605849, 0.795580),

              ["RightLowerLeg"] = CFrame.new(-0.000000, -0.108692, -0.001437, 1.000000, -0.000000, 0.000000, -0.000000, 1.000000, -0.000008, 0.000000, -0.000011, 1.000000),

              ["RightUpperArm"] = CFrame.new(-0.069523, 0.020303, -0.291403, 0.831687, 0.097000, 0.546706, -0.052841, -0.966326, 0.251835, 0.552724, -0.238337, -0.798556),

              ["RightUpperLeg"] = CFrame.new(-0.017056, -0.066551, 0.036497, 0.973002, -0.209453, 0.096939, -0.106854, -0.781110, -0.615187, 0.204572, 0.588215, -0.782399),

              ["UpperTorso"] = CFrame.new(-0.028119, 0.118479, 0.062485, 0.998660, 0.028846, 0.042972, -0.012455, 0.939827, -0.341424, -0.050235, 0.340432, 0.938926)

          }},

          {Time = 0.180, Data = {

              ["Head"] = CFrame.new(-0.000000, -0.000000, 0.000000, 0.965765, -0.182404, -0.184461, 0.020887, 0.763427, -0.645556, 0.258575, 0.619603, 0.741102),

              ["LeftFoot"] = CFrame.new(-0.000000, -0.141648, -0.000004, 0.948826, -0.312965, 0.042209, 0.315544, 0.934193, -0.166483, 0.012675, 0.171281, 0.985141),

              ["LeftHand"] = CFrame.new(0.000490, 0.015719, -0.000000, 0.624852, -0.674429, 0.393330, 0.688537, 0.713522, 0.129630, -0.368072, 0.189821, 0.910213),

              ["LeftLowerArm"] = CFrame.new(-0.000500, 0.082792, 0.027104, 1.000000, -0.000000, -0.000000, 0.000000, 0.722367, -0.691510, 0.000000, 0.691510, 0.722367),

              ["LeftLowerLeg"] = CFrame.new(0.000000, -0.140764, -0.001765, 1.000000, -0.000000, -0.000000, -0.000000, 1.000000, -0.000008, -0.000000, -0.000011, 1.000000),

              ["LeftUpperArm"] = CFrame.new(0.041413, -0.031171, -0.270674, 0.830304, 0.003721, -0.557299, 0.114435, -0.979808, 0.163951, -0.545436, -0.199904, -0.813965),

              ["LeftUpperLeg"] = CFrame.new(0.000000, -0.065376, 0.089925, 0.946901, 0.313310, -0.072219, 0.227726, -0.812090, -0.537267, -0.226979, 0.492287, -0.840315),

              ["LowerTorso"] = CFrame.new(0.037614, 0.078650, 0.870456, 0.998687, -0.012294, -0.049734, 0.008864, -0.914670, 0.404104, -0.050458, -0.404014, -0.913360),

              ["RightFoot"] = CFrame.new(0.000000, -0.114654, -0.000104, 0.967284, 0.195120, -0.162150, -0.209575, 0.974735, -0.077262, 0.142966, 0.108722, 0.983737),

              ["RightHand"] = CFrame.new(-0.000494, 0.009294, 0.000000, 0.664865, 0.645296, -0.376230, -0.672035, 0.736627, 0.075833, 0.326073, 0.202419, 0.923418),

              ["RightLowerArm"] = CFrame.new(0.000000, 0.057202, 0.012434, 1.000000, 0.000000, 0.000000, 0.000000, 0.873395, -0.487012, -0.000000, 0.487012, 0.873395),

              ["RightLowerLeg"] = CFrame.new(0.000000, -0.114259, -0.001511, 1.000000, -0.000000, -0.000000, -0.000000, 1.000000, -0.000008, 0.000000, -0.000011, 1.000000),

              ["RightUpperArm"] = CFrame.new(-0.071141, 0.039300, -0.296355, 0.835057, 0.127622, 0.535157, -0.071424, -0.939342, 0.335462, 0.545507, -0.318354, -0.775289),

              ["RightUpperLeg"] = CFrame.new(-0.017056, -0.066550, 0.036496, 0.972116, -0.211991, 0.100249, -0.122568, -0.823797, -0.553481, 0.199918, 0.525755, -0.826807),

              ["UpperTorso"] = CFrame.new(-0.027989, 0.127481, 0.063855, 0.998687, 0.031077, 0.040729, -0.012294, 0.917153, -0.398346, -0.049734, 0.397323, 0.916330)

          }},

          {Time = 0.200, Data = {

              ["Head"] = CFrame.new(-0.000000, -0.000000, -0.000000, 0.965765, -0.182404, -0.184461, 0.020887, 0.763427, -0.645556, 0.258575, 0.619603, 0.741102),

              ["LeftFoot"] = CFrame.new(0.000000, -0.145917, -0.000004, 0.949047, -0.313249, 0.034408, 0.314704, 0.936390, -0.155357, 0.016449, 0.158269, 0.987259),

              ["LeftHand"] = CFrame.new(0.000492, 0.012336, -0.000000, 0.615579, -0.680770, 0.397011, 0.710812, 0.697165, 0.093318, -0.340307, 0.224754, 0.913058),

              ["LeftLowerArm"] = CFrame.new(-0.000500, 0.072141, 0.020570, 1.000000, -0.000000, -0.000000, 0.000000, 0.790082, -0.613001, 0.000000, 0.613002, 0.790082),

              ["LeftLowerLeg"] = CFrame.new(0.000000, -0.145019, -0.001821, 1.000000, -0.000000, -0.000000, -0.000000, 1.000000, -0.000008, -0.000000, -0.000011, 1.000000),

              ["LeftUpperArm"] = CFrame.new(0.042254, -0.025862, -0.268217, 0.831985, -0.019728, -0.554447, 0.125053, -0.966981, 0.222057, -0.540520, -0.254084, -0.802047),

              ["LeftUpperLeg"] = CFrame.new(0.000000, -0.065376, 0.089925, 0.948540, 0.309077, -0.068881, 0.239380, -0.842281, -0.482974, -0.207293, 0.441626, -0.872921),

              ["LowerTorso"] = CFrame.new(0.037590, 0.092294, 0.896753, 0.998702, -0.012236, -0.049452, 0.006275, -0.933784, 0.357783, -0.050555, -0.357629, -0.932494),

              ["RightFoot"] = CFrame.new(-0.000000, -0.118975, -0.000104, 0.967031, 0.195899, -0.162724, -0.208662, 0.975806, -0.065285, 0.145985, 0.097092, 0.984510),

              ["RightHand"] = CFrame.new(-0.000495, 0.007246, -0.000000, 0.653361, 0.654015, -0.381296, -0.698367, 0.715114, 0.029924, 0.292238, 0.246731, 0.923969),

              ["RightLowerArm"] = CFrame.new(0.000000, 0.043149, 0.006730, 1.000000, 0.000000, 0.000000, 0.000000, 0.931471, -0.363815, -0.000000, 0.363815, 0.931471),

              ["RightLowerLeg"] = CFrame.new(0.000000, -0.118566, -0.001568, 1.000000, -0.000000, -0.000000, 0.000000, 1.000000, -0.000008, -0.000000, -0.000011, 1.000000),

              ["RightUpperArm"] = CFrame.new(-0.072250, 0.054266, -0.300558, 0.837382, 0.157660, 0.523388, -0.085465, -0.907963, 0.410243, 0.539895, -0.388262, -0.746838),

              ["RightUpperLeg"] = CFrame.new(-0.017056, -0.066551, 0.036496, 0.971391, -0.214087, 0.102793, -0.135274, -0.854555, -0.501439, 0.195193, 0.473183, -0.859065),

              ["UpperTorso"] = CFrame.new(-0.027817, 0.135026, 0.065986, 0.998702, 0.032904, 0.038892, -0.012236, 0.896019, -0.443847, -0.049452, 0.442795, 0.895258)

          }},

          {Time = 0.220, Data = {

              ["Head"] = CFrame.new(-0.000000, 0.000000, 0.000000, 0.965765, -0.182404, -0.184461, 0.020887, 0.763427, -0.645556, 0.258575, 0.619603, 0.741102),

              ["LeftFoot"] = CFrame.new(-0.000000, -0.148894, -0.000004, 0.949192, -0.313363, 0.028936, 0.314098, 0.937699, -0.148537, 0.019415, 0.150079, 0.988483),

              ["LeftHand"] = CFrame.new(0.000493, 0.010543, -0.000000, 0.609706, -0.684707, 0.399295, 0.726120, 0.684489, 0.065003, -0.317818, 0.250301, 0.914515),

              ["LeftLowerArm"] = CFrame.new(-0.000500, 0.064349, 0.016181, 1.000000, -0.000000, -0.000000, 0.000000, 0.835146, -0.550028, 0.000000, 0.550029, 0.835146),

              ["LeftLowerLeg"] = CFrame.new(-0.000000, -0.147986, -0.001861, 1.000000, -0.000000, 0.000000, -0.000000, 1.000000, -0.000008, 0.000000, -0.000011, 1.000000),

              ["LeftUpperArm"] = CFrame.new(0.042753, -0.022529, -0.266652, 0.832984, -0.037740, -0.552009, 0.131717, -0.955463, 0.264085, -0.537390, -0.292688, -0.790914),

              ["LeftUpperLeg"] = CFrame.new(0.000000, -0.065376, 0.089925, 0.949674, 0.306168, -0.066179, 0.246636, -0.861117, -0.444582, -0.193104, 0.405880, -0.893290),

              ["LowerTorso"] = CFrame.new(0.037587, 0.101529, 0.913206, 0.998708, -0.012228, -0.049326, 0.004459, -0.945794, 0.324737, -0.050623, -0.324538, -0.944517),

              ["RightFoot"] = CFrame.new(0.000000, -0.121988, -0.000104, 0.966894, 0.196317, -0.163032, -0.208020, 0.976406, -0.057951, 0.147796, 0.089952, 0.984917),

              ["RightHand"] = CFrame.new(-0.000496, 0.005552, -0.000000, 0.645884, 0.659540, -0.384503, -0.716665, 0.697377, -0.007631, 0.263108, 0.280486, 0.923092),

              ["RightLowerArm"] = CFrame.new(0.000000, 0.031611, 0.003460, 1.000000, 0.000000, 0.000000, -0.000000, 0.964695, -0.263369, -0.000000, 0.263369, 0.964695),

              ["RightLowerLeg"] = CFrame.new(0.000000, -0.121570, -0.001608, 1.000000, -0.000000, -0.000000, 0.000000, 1.000000, -0.000008, -0.000000, -0.000011, 1.000000),

              ["RightUpperArm"] = CFrame.new(-0.072908, 0.064348, -0.303637, 0.838775, 0.181262, 0.513421, -0.094479, -0.880200, 0.465103, 0.536218, -0.438624, -0.721165),

              ["RightUpperLeg"] = CFrame.new(-0.017056, -0.066551, 0.036496, 0.970914, -0.215516, 0.104300, -0.144007, -0.873671, -0.464720, 0.191278, 0.436178, -0.879293),

              ["UpperTorso"] = CFrame.new(-0.027659, 0.140372, 0.068033, 0.998708, 0.034185, 0.037603, -0.012228, 0.879840, -0.475112, -0.049326, 0.474038, 0.879121)

          }},

          {Time = 0.240, Data = {

              ["Head"] = CFrame.new(-0.000000, -0.000000, 0.000000, 0.965765, -0.182404, -0.184461, 0.020887, 0.763427, -0.645556, 0.258575, 0.619603, 0.741102),

              ["LeftFoot"] = CFrame.new(0.000000, -0.150556, -0.000004, 0.949291, -0.313288, 0.026407, 0.313682, 0.938103, -0.146854, 0.021238, 0.147690, 0.988806),

              ["LeftHand"] = CFrame.new(0.000493, 0.010029, -0.000000, 0.607632, -0.686084, 0.400092, 0.731824, 0.679385, 0.053577, -0.308572, 0.260240, 0.914907),

              ["LeftLowerArm"] = CFrame.new(-0.000500, 0.061352, 0.014577, 1.000000, -0.000000, -0.000000, 0.000000, 0.851540, -0.524289, 0.000000, 0.524289, 0.851541),

              ["LeftLowerLeg"] = CFrame.new(0.000000, -0.149644, -0.001883, 1.000000, 0.000000, 0.000000, 0.000000, 1.000000, -0.000008, 0.000000, -0.000011, 1.000000),

              ["LeftUpperArm"] = CFrame.new(0.042924, -0.021358, -0.266098, 0.833324, -0.044954, -0.550954, 0.134060, -0.950499, 0.280321, -0.536282, -0.307460, -0.786047),

              ["LeftUpperLeg"] = CFrame.new(0.000000, -0.065376, 0.089925, 0.950229, 0.304809, -0.064480, 0.249643, -0.868743, -0.427749, -0.186398, 0.390356, -0.901595),

              ["LowerTorso"] = CFrame.new(0.037588, 0.106049, 0.917733, 0.998710, -0.012232, -0.049288, 0.003614, -0.950981, 0.309227, -0.050655, -0.309006, -0.949710),

              ["RightFoot"] = CFrame.new(0.000000, -0.123696, -0.000104, 0.966923, 0.196229, -0.162967, -0.207647, 0.976594, -0.056097, 0.148132, 0.088086, 0.985035),

              ["RightHand"] = CFrame.new(-0.000497, 0.004848, -0.000000, 0.643048, 0.661607, -0.385702, -0.723308, 0.690174, -0.022032, 0.251623, 0.293147, 0.922360),

              ["RightLowerArm"] = CFrame.new(-0.000000, 0.026988, 0.002474, 1.000000, 0.000000, 0.000000, -0.000000, 0.974699, -0.223520, -0.000000, 0.223519, 0.974699),

              ["RightLowerLeg"] = CFrame.new(0.000000, -0.123271, -0.001630, 1.000000, 0.000000, -0.000000, -0.000000, 1.000000, -0.000008, 0.000000, -0.000011, 1.000000),

              ["RightUpperArm"] = CFrame.new(-0.073142, 0.068640, -0.305224, 0.839279, 0.190450, 0.509254, -0.097876, -0.868419, 0.486074, 0.534818, -0.457796, -0.710206),

              ["RightUpperLeg"] = CFrame.new(-0.017056, -0.066551, 0.036496, 0.970778, -0.216038, 0.104491, -0.147849, -0.881380, -0.448681, 0.189028, 0.420115, -0.887562),

              ["UpperTorso"] = CFrame.new(-0.027576, 0.142865, 0.069143, 0.998710, 0.034781, 0.037003, -0.012232, 0.871942, -0.489456, -0.049288, 0.488372, 0.871242)

          }},

          {Time = 0.260, Data = {

              ["Head"] = CFrame.new(-0.000000, -0.000000, 0.000000, 0.965765, -0.182404, -0.184461, 0.020887, 0.763427, -0.645556, 0.258575, 0.619603, 0.741102),

              ["LeftFoot"] = CFrame.new(0.000000, -0.150738, -0.000004, 0.949342, -0.313064, 0.027216, 0.313510, 0.937641, -0.150139, 0.021487, 0.151065, 0.988290),

              ["LeftHand"] = CFrame.new(0.000493, 0.010450, -0.000000, 0.609406, -0.684907, 0.399410, 0.726923, 0.683783, 0.063437, -0.316556, 0.251679, 0.914575),

              ["LeftLowerArm"] = CFrame.new(-0.000500, 0.063919, 0.015955, 1.000000, -0.000000, -0.000000, 0.000000, 0.837460, -0.546498, 0.000000, 0.546498, 0.837461),

              ["LeftLowerLeg"] = CFrame.new(-0.000000, -0.149824, -0.001885, 1.000000, -0.000000, -0.000000, 0.000000, 1.000000, -0.000008, 0.000000, -0.000011, 1.000000),

              ["LeftUpperArm"] = CFrame.new(0.042778, -0.022360, -0.266572, 0.833034, -0.038730, -0.551865, 0.132057, -0.954788, 0.266345, -0.537230, -0.294753, -0.790256),

              ["LeftUpperLeg"] = CFrame.new(-0.000000, -0.065376, 0.089925, 0.950131, 0.305169, -0.064217, 0.248476, -0.865251, -0.435437, -0.188445, 0.397760, -0.897926),

              ["LowerTorso"] = CFrame.new(0.037588, 0.105382, 0.910480, 0.998709, -0.012230, -0.049299, 0.003877, -0.949392, 0.314069, -0.050645, -0.313855, -0.948119),

              ["RightFoot"] = CFrame.new(-0.000000, -0.123869, -0.000104, 0.967097, 0.195695, -0.162573, -0.207586, 0.976403, -0.059537, 0.147074, 0.091331, 0.984899),

              ["RightHand"] = CFrame.new(-0.000496, 0.005498, -0.000000, 0.645042, 0.660155, -0.384861, -0.717319, 0.696708, -0.007186, 0.263389, 0.280702, 0.922947),

              ["RightLowerArm"] = CFrame.new(-0.000000, 0.031261, 0.003379, 1.000000, 0.000000, 0.000000, 0.000000, 0.965514, -0.260352, -0.000000, 0.260351, 0.965514),

              ["RightLowerLeg"] = CFrame.new(-0.000000, -0.123445, -0.001632, 1.000000, -0.000000, -0.000000, 0.000000, 1.000000, -0.000008, 0.000000, -0.000011, 1.000000),

              ["RightUpperArm"] = CFrame.new(-0.072971, 0.066639, -0.305005, 0.838926, 0.181971, 0.512924, -0.095490, -0.878614, 0.467887, 0.535804, -0.441502, -0.719716),

              ["RightUpperLeg"] = CFrame.new(-0.017056, -0.066551, 0.036496, 0.970992, -0.215574, 0.103453, -0.146293, -0.877823, -0.456102, 0.189137, 0.427731, -0.883894),

              ["UpperTorso"] = CFrame.new(-0.027603, 0.142088, 0.068786, 0.998709, 0.034595, 0.037190, -0.012230, 0.874428, -0.485001, -0.049299, 0.483920, 0.873723)

          }},

          {Time = 0.280, Data = {

              ["Head"] = CFrame.new(-0.000000, 0.000000, -0.000000, 0.965765, -0.182404, -0.184461, 0.020887, 0.763427, -0.645556, 0.258575, 0.619603, 0.741102),

              ["LeftFoot"] = CFrame.new(0.000000, -0.149393, -0.000004, 0.949329, -0.312750, 0.030992, 0.313637, 0.936440, -0.157200, 0.020145, 0.158955, 0.987080),

              ["LeftHand"] = CFrame.new(0.000492, 0.011920, -0.000000, 0.614445, -0.681534, 0.397454, 0.713645, 0.694915, 0.088344, -0.336403, 0.229357, 0.913359),

              ["LeftLowerArm"] = CFrame.new(-0.000500, 0.070689, 0.019754, 1.000000, -0.000000, -0.000000, 0.000000, 0.798502, -0.601992, 0.000000, 0.601992, 0.798502),

              ["LeftLowerLeg"] = CFrame.new(0.000000, -0.148484, -0.001867, 1.000000, -0.000000, -0.000000, -0.000000, 1.000000, -0.000008, -0.000000, -0.000011, 1.000000),

              ["LeftUpperArm"] = CFrame.new(0.042352, -0.025217, -0.267915, 0.832182, -0.022908, -0.554029, 0.126343, -0.965032, 0.229676, -0.539917, -0.261130, -0.800188),

              ["LeftUpperLeg"] = CFrame.new(-0.000000, -0.065376, 0.089925, 0.949430, 0.307093, -0.065397, 0.243463, -0.851578, -0.464268, -0.198264, 0.424863, -0.883277),

              ["LowerTorso"] = CFrame.new(0.037587, 0.099772, 0.894109, 0.998706, -0.012228, -0.049366, 0.005135, -0.941462, 0.337080, -0.050598, -0.336897, -0.940181),

              ["RightFoot"] = CFrame.new(0.000000, -0.122489, -0.000104, 0.967351, 0.194914, -0.161999, -0.207854, 0.975860, -0.067032, 0.145010, 0.098521, 0.984512),

              ["RightHand"] = CFrame.new(-0.000495, 0.007003, -0.000000, 0.651178, 0.655638, -0.382241, -0.701334, 0.712321, 0.027032, 0.289998, 0.250474, 0.923667),

              ["RightLowerArm"] = CFrame.new(-0.000000, 0.041479, 0.006181, 1.000000, 0.000000, 0.000000, -0.000000, 0.937044, -0.349213, -0.000000, 0.349213, 0.937044),

              ["RightLowerLeg"] = CFrame.new(-0.000000, -0.122069, -0.001614, 1.000000, 0.000000, -0.000000, 0.000000, 1.000000, -0.000008, 0.000000, -0.000011, 1.000000),

              ["RightUpperArm"] = CFrame.new(-0.072433, 0.059088, -0.303111, 0.837797, 0.161205, 0.521640, -0.088106, -0.902977, 0.420558, 0.538826, -0.398303, -0.742309),

              ["RightUpperLeg"] = CFrame.new(-0.017056, -0.066551, 0.036496, 0.971471, -0.214303, 0.101579, -0.140000, -0.863941, -0.483748, 0.191427, 0.455720, -0.869293),

              ["UpperTorso"] = CFrame.new(-0.027721, 0.138381, 0.067218, 0.998706, 0.033708, 0.038082, -0.012228, 0.885987, -0.463548, -0.049366, 0.462483, 0.885253)

          }},

          {Time = 0.300, Data = {

              ["Head"] = CFrame.new(-0.000000, -0.000000, 0.000000, 0.965765, -0.182404, -0.184461, 0.020887, 0.763427, -0.645556, 0.258575, 0.619603, 0.741102),

              ["LeftFoot"] = CFrame.new(0.000000, -0.146583, -0.000004, 0.949238, -0.312352, 0.037186, 0.314069, 0.934518, -0.167446, 0.017554, 0.170624, 0.985180),

              ["LeftHand"] = CFrame.new(0.000490, 0.014998, 0.000000, 0.622427, -0.676102, 0.394301, 0.694352, 0.709482, 0.120464, -0.361192, 0.198802, 0.911052),

              ["LeftLowerArm"] = CFrame.new(-0.000500, 0.080282, 0.025364, 1.000000, -0.000000, -0.000000, 0.000000, 0.740378, -0.672190, 0.000000, 0.672191, 0.740378),

              ["LeftLowerLeg"] = CFrame.new(-0.000000, -0.145684, -0.001830, 1.000000, -0.000000, 0.000000, -0.000000, 1.000000, -0.000008, -0.000000, -0.000011, 1.000000),

