return {
["up thrust"] = {

          {Time = 0.000, Data = {

              ["Head"] = CFrame.new(0.000000, 0.000000, 0.000000, 1.000000, 0.000000, -0.000000, 0.000000, 0.911687, 0.410886, 0.000000, -0.410886, 0.911687),

              ["LeftFoot"] = CFrame.new(0.000000, 0.024291, -0.000003, 0.972398, -0.178486, -0.150286, 0.233207, 0.764121, 0.601467, 0.007483, -0.619888, 0.784634),

              ["LeftHand"] = CFrame.new(0.000499, 0.001532, -0.000000, 0.895722, -0.384264, 0.223664, 0.296153, 0.890851, 0.344498, -0.331626, -0.242332, 0.911754),

              ["LeftLowerArm"] = CFrame.new(-0.000500, 0.006861, 0.000142, 1.000000, 0.000000, -0.000000, 0.000000, 0.998457, -0.055527, 0.000000, 0.055526, 0.998457),

              ["LeftLowerLeg"] = CFrame.new(0.000000, 0.102000, -0.039608, 1.000000, -0.000000, -0.000000, 0.000000, 0.591692, 0.806170, -0.000000, -0.806164, 0.591684),

              ["LeftUpperArm"] = CFrame.new(0.124383, -0.261155, -0.073412, 0.879223, 0.329783, -0.343816, 0.153553, 0.487000, 0.859798, 0.450985, -0.808749, 0.377542),

              ["LeftUpperLeg"] = CFrame.new(0.000000, -0.000000, -0.000100, 0.972398, 0.144016, -0.183575, -0.213056, 0.868809, -0.446944, 0.095124, 0.473740, 0.875524),

              ["LowerTorso"] = CFrame.new(0.000000, -1.132256, 0.884821, 1.000000, -0.000000, -0.000000, -0.000000, 0.435909, -0.899991, 0.000000, 0.899991, 0.435909),

              ["RightFoot"] = CFrame.new(-0.000000, 0.025314, -0.000103, 0.964328, 0.202492, 0.170500, -0.264156, 0.777766, 0.570378, -0.017111, -0.595044, 0.803492),

              ["RightHand"] = CFrame.new(-0.000498, 0.003176, -0.000000, 0.842302, 0.465756, -0.271294, -0.336286, 0.847442, 0.410798, 0.421235, -0.254781, 0.870427),

              ["RightLowerArm"] = CFrame.new(-0.000000, 0.016612, 0.000890, 1.000000, 0.000000, 0.000000, -0.000000, 0.990805, -0.135301, -0.000000, 0.135300, 0.990805),

              ["RightLowerLeg"] = CFrame.new(-0.000000, 0.104747, -0.042966, 1.000000, 0.000000, 0.000000, -0.000000, 0.557891, 0.829921, 0.000000, -0.829915, 0.557881),

              ["RightUpperArm"] = CFrame.new(-0.181830, -0.279635, -0.005917, 0.851984, -0.412155, 0.322881, -0.126006, 0.437154, 0.890516, -0.508180, -0.799390, 0.320514),

              ["RightUpperLeg"] = CFrame.new(0.000000, -0.000000, -0.000000, 0.964328, -0.161567, 0.209680, 0.241712, 0.860388, -0.448652, -0.107918, 0.483351, 0.868761),

              ["UpperTorso"] = CFrame.new(-0.000000, -0.000000, 0.000000, 1.000000, 0.000000, 0.000000, -0.000000, 0.974064, -0.226274, -0.000000, 0.226274, 0.974064)

          }},

          {Time = 0.025, Data = {

              ["Head"] = CFrame.new(0.000000, 0.000000, 0.000000, 1.000000, 0.000000, -0.000000, 0.000000, 0.911730, 0.410791, 0.000000, -0.410791, 0.911730),

              ["LeftFoot"] = CFrame.new(0.000000, 0.025876, -0.000003, 0.970941, -0.183070, -0.154146, 0.238781, 0.784224, 0.572717, 0.016037, -0.592855, 0.805130),

              ["LeftHand"] = CFrame.new(0.000497, 0.004206, -0.000000, 0.898749, -0.378950, 0.220566, 0.278600, 0.881988, 0.380108, -0.338575, -0.280169, 0.898259),

              ["LeftLowerArm"] = CFrame.new(-0.000500, 0.022163, 0.001648, 1.000000, -0.000000, -0.000000, 0.000000, 0.983095, -0.183096, 0.000000, 0.183096, 0.983095),

              ["LeftLowerLeg"] = CFrame.new(0.000000, 0.107152, -0.045330, 1.000000, -0.000000, -0.000000, 0.000000, 0.532219, 0.846613, -0.000000, -0.846607, 0.532208),

              ["LeftUpperArm"] = CFrame.new(0.123679, -0.262576, -0.064229, 0.882468, 0.354145, -0.309566, 0.146811, 0.417878, 0.896563, 0.446874, -0.836635, 0.316772),

              ["LeftUpperLeg"] = CFrame.new(0.000000, 0.000000, -0.000100, 0.970941, 0.140658, -0.193618, -0.219715, 0.844611, -0.488199, 0.094862, 0.516574, 0.850984),

              ["LowerTorso"] = CFrame.new(-0.000000, -1.146992, 0.849729, 1.000000, -0.000000, -0.000000, -0.000000, 0.446983, -0.894542, 0.000000, 0.894542, 0.446983),

              ["RightFoot"] = CFrame.new(-0.000000, 0.026895, -0.000102, 0.962436, 0.207695, 0.174881, -0.270183, 0.796252, 0.541306, -0.026821, -0.568196, 0.822438),

              ["RightHand"] = CFrame.new(-0.000496, 0.005294, 0.000000, 0.846507, 0.460031, -0.267954, -0.317578, 0.840297, 0.439371, 0.427282, -0.286832, 0.857411),

              ["RightLowerArm"] = CFrame.new(-0.000000, 0.029906, 0.003076, 1.000000, 0.000000, 0.000000, 0.000000, 0.968596, -0.248642, -0.000000, 0.248642, 0.968596),

              ["RightLowerLeg"] = CFrame.new(0.000000, 0.109509, -0.048627, 1.000000, 0.000000, 0.000000, -0.000000, 0.498945, 0.866640, 0.000000, -0.866634, 0.498934),

              ["RightUpperArm"] = CFrame.new(-0.178924, -0.281140, 0.002687, 0.856047, -0.431720, 0.284255, -0.118114, 0.371999, 0.920688, -0.503222, -0.821727, 0.267457),

              ["RightUpperLeg"] = CFrame.new(0.000000, -0.000000, -0.000000, 0.962435, -0.158047, 0.220766, 0.249270, 0.836650, -0.487710, -0.107622, 0.524441, 0.844631),

              ["UpperTorso"] = CFrame.new(0.000000, -0.001359, 0.000943, 1.000000, 0.000000, 0.000000, -0.000000, 0.973767, -0.227548, -0.000000, 0.227548, 0.973767)

          }},

          {Time = 0.050, Data = {

              ["Head"] = CFrame.new(0.000000, 0.000000, 0.000000, 1.000000, 0.000000, -0.000000, 0.000000, 0.911838, 0.410551, 0.000000, -0.410551, 0.911838),

              ["LeftFoot"] = CFrame.new(0.000000, 0.028792, -0.000002, 0.966642, -0.195931, -0.164975, 0.253012, 0.830660, 0.495999, 0.039856, -0.521167, 0.852507),

              ["LeftHand"] = CFrame.new(0.000495, 0.008153, -0.000000, 0.906389, -0.365114, 0.212491, 0.249798, 0.868864, 0.427409, -0.340676, -0.334316, 0.878731),

              ["LeftLowerArm"] = CFrame.new(-0.000500, 0.048621, 0.008751, 1.000000, -0.000000, -0.000000, 0.000000, 0.910910, -0.412606, 0.000000, 0.412606, 0.910910),

              ["LeftLowerLeg"] = CFrame.new(-0.000000, 0.117015, -0.060432, 1.000000, -0.000000, -0.000000, 0.000000, 0.375224, 0.926940, -0.000000, -0.926934, 0.375211),

              ["LeftUpperArm"] = CFrame.new(0.121341, -0.265356, -0.038786, 0.890676, 0.391415, -0.231282, 0.130452, 0.267298, 0.954743, 0.435522, -0.880538, 0.187015),

              ["LeftUpperLeg"] = CFrame.new(0.000000, 0.000000, -0.000100, 0.966642, 0.131876, -0.219570, -0.238322, 0.777177, -0.582388, 0.093841, 0.615308, 0.782696),

              ["LowerTorso"] = CFrame.new(-0.000000, -1.181962, 0.756447, 1.000000, -0.000000, -0.000000, -0.000000, 0.475780, -0.879565, 0.000000, 0.879565, 0.475780),

              ["RightFoot"] = CFrame.new(-0.000000, 0.029455, -0.000102, 0.956852, 0.222279, 0.187161, -0.285492, 0.839102, 0.463064, -0.054116, -0.496488, 0.866339),

              ["RightHand"] = CFrame.new(-0.000494, 0.008816, -0.000000, 0.857338, 0.444812, -0.259069, -0.286330, 0.830328, 0.478093, 0.427770, -0.335705, 0.839232),

              ["RightLowerArm"] = CFrame.new(0.000000, 0.053950, 0.010931, 1.000000, 0.000000, 0.000000, -0.000000, 0.888710, -0.458470, -0.000000, 0.458470, 0.888710),

              ["RightLowerLeg"] = CFrame.new(0.000000, 0.118302, -0.063614, 1.000000, 0.000000, 0.000000, -0.000000, 0.343177, 0.939276, 0.000000, -0.939271, 0.343162),

              ["RightUpperArm"] = CFrame.new(-0.170481, -0.284021, 0.026409, 0.866503, -0.459165, 0.195806, -0.098831, 0.226688, 0.968940, -0.489290, -0.858941, 0.151046),

              ["RightUpperLeg"] = CFrame.new(0.000000, 0.000000, -0.000000, 0.956852, -0.148800, 0.249583, 0.270371, 0.770615, -0.577088, -0.106461, 0.619687, 0.777611),

              ["UpperTorso"] = CFrame.new(0.000000, -0.005123, 0.003551, 1.000000, 0.000000, 0.000000, -0.000000, 0.972543, -0.232724, -0.000000, 0.232724, 0.972543)

          }},

          {Time = 0.075, Data = {

              ["Head"] = CFrame.new(-0.000000, -0.000000, 0.000000, 1.000000, 0.000000, -0.000000, 0.000000, 0.911978, 0.410239, 0.000000, -0.410239, 0.911978),

              ["LeftFoot"] = CFrame.new(0.000000, 0.031245, -0.000002, 0.959152, -0.216401, -0.182212, 0.272033, 0.882291, 0.384166, 0.077628, -0.418011, 0.905105),

              ["LeftHand"] = CFrame.new(0.000492, 0.011900, 0.000000, 0.916385, -0.345987, 0.201325, 0.232566, 0.869517, 0.435724, -0.325808, -0.352466, 0.877276),

              ["LeftLowerArm"] = CFrame.new(-0.000500, 0.070595, 0.019696, 1.000000, -0.000000, -0.000000, 0.000000, 0.799086, -0.601216, 0.000000, 0.601216, 0.799087),

              ["LeftLowerLeg"] = CFrame.new(-0.000000, 0.124246, -0.081008, 1.000000, -0.000000, -0.000000, 0.000000, 0.161206, 0.986923, -0.000000, -0.986921, 0.161192),

              ["LeftUpperArm"] = CFrame.new(0.116981, -0.267225, -0.000165, 0.901457, 0.409821, -0.139364, 0.110372, 0.093699, 0.989464, 0.418561, -0.907341, 0.039232),

              ["LeftUpperLeg"] = CFrame.new(0.000000, -0.000000, -0.000100, 0.959152, 0.120462, -0.255960, -0.267683, 0.679152, -0.683430, 0.091508, 0.724046, 0.683672),

              ["LowerTorso"] = CFrame.new(-0.000000, -1.223251, 0.622866, 1.000000, -0.000000, -0.000000, -0.000000, 0.515480, -0.856902, 0.000000, 0.856902, 0.515480),

              ["RightFoot"] = CFrame.new(-0.000000, 0.031782, -0.000102, 0.947128, 0.245442, 0.206665, -0.305690, 0.885950, 0.348808, -0.097479, -0.393512, 0.914124),

              ["RightHand"] = CFrame.new(-0.000491, 0.013148, 0.000000, 0.871948, 0.423089, -0.246383, -0.268436, 0.833975, 0.482110, 0.409449, -0.354234, 0.840753),

              ["RightLowerArm"] = CFrame.new(0.000000, 0.075009, 0.022105, 1.000000, 0.000000, 0.000000, -0.000000, 0.774177, -0.632969, -0.000000, 0.632969, 0.774177),

              ["RightLowerLeg"] = CFrame.new(0.000000, 0.124621, -0.083802, 1.000000, 0.000000, 0.000000, -0.000000, 0.133109, 0.991103, 0.000000, -0.991101, 0.133096),

              ["RightUpperArm"] = CFrame.new(-0.156826, -0.285755, 0.062183, 0.880580, -0.464629, 0.093265, -0.074900, 0.057877, 0.995510, -0.467941, -0.883612, 0.016164),

              ["RightUpperLeg"] = CFrame.new(0.000000, -0.000000, -0.000000, 0.947128, -0.137298, 0.289994, 0.303606, 0.675860, -0.671576, -0.103788, 0.724129, 0.681828),

              ["UpperTorso"] = CFrame.new(0.000000, -0.010829, 0.007488, 1.000000, 0.000000, 0.000000, -0.000000, 0.969824, -0.243808, -0.000000, 0.243808, 0.969824)

          }},

          {Time = 0.100, Data = {

              ["Head"] = CFrame.new(0.000000, 0.000000, -0.000000, 1.000000, 0.000000, -0.000000, 0.000000, 0.912119, 0.409926, 0.000000, -0.409926, 0.912119),

              ["LeftFoot"] = CFrame.new(0.000000, 0.032945, -0.000001, 0.948007, -0.243446, -0.204986, 0.290486, 0.925024, 0.244870, 0.129999, -0.291657, 0.947639),

              ["LeftHand"] = CFrame.new(0.000489, 0.016700, 0.000000, 0.926827, -0.324560, 0.188822, 0.230531, 0.888780, 0.396142, -0.296390, -0.323623, 0.898564),

              ["LeftLowerArm"] = CFrame.new(-0.000500, 0.086094, 0.029511, 1.000000, -0.000000, -0.000000, 0.000000, 0.697381, -0.716700, 0.000000, 0.716701, 0.697381),

              ["LeftLowerLeg"] = CFrame.new(0.000000, 0.126017, -0.102429, 1.000000, -0.000000, -0.000000, 0.000000, -0.061788, 0.998089, -0.000000, -0.998089, -0.061799),

              ["LeftUpperArm"] = CFrame.new(0.110389, -0.266238, 0.048746, 0.912778, 0.404796, -0.054552, 0.091806, -0.073182, 0.993084, 0.398004, -0.911474, -0.103962),

              ["LeftUpperLeg"] = CFrame.new(0.000000, -0.000000, -0.000100, 0.948007, 0.111800, -0.297963, -0.306089, 0.576641, -0.757479, 0.087131, 0.809312, 0.580898),

              ["LowerTorso"] = CFrame.new(-0.000000, -1.257049, 0.466953, 1.000000, -0.000000, -0.000000, -0.000000, 0.559382, -0.828910, 0.000000, 0.828910, 0.559382),

              ["RightFoot"] = CFrame.new(0.000000, 0.033271, -0.000101, 0.932680, 0.275924, 0.232333, -0.324406, 0.923256, 0.205841, -0.157700, -0.267328, 0.950606),

              ["RightHand"] = CFrame.new(-0.000488, 0.017583, 0.000000, 0.887836, 0.397664, -0.231542, -0.266605, 0.854646, 0.445538, 0.375058, -0.333831, 0.864803),

              ["RightLowerArm"] = CFrame.new(0.000000, 0.089883, 0.032558, 1.000000, 0.000000, 0.000000, -0.000000, 0.665819, -0.746113, -0.000000, 0.746113, 0.665819),

              ["RightLowerLeg"] = CFrame.new(0.000000, 0.125687, -0.104682, 1.000000, 0.000000, 0.000000, -0.000000, -0.084185, 0.996449, 0.000000, -0.996450, -0.084196),

              ["RightUpperArm"] = CFrame.new(-0.138457, -0.284165, 0.107215, 0.895846, -0.444362, -0.001568, -0.052364, -0.109069, 0.992654, -0.441268, -0.889183, -0.120977),

              ["RightUpperLeg"] = CFrame.new(0.000000, -0.000000, -0.000000, 0.932680, -0.129828, 0.336529, 0.346924, 0.578305, -0.738369, -0.098755, 0.805425, 0.584430),

              ["UpperTorso"] = CFrame.new(0.000000, -0.018020, 0.012405, 1.000000, 0.000000, 0.000000, -0.000000, 0.964865, -0.262747, -0.000000, 0.262747, 0.964865)

          }},

          {Time = 0.125, Data = {

              ["Head"] = CFrame.new(0.000000, -0.000000, 0.000000, 1.000000, 0.000000, -0.000000, 0.000000, 0.912227, 0.409685, 0.000000, -0.409685, 0.912227),

              ["LeftFoot"] = CFrame.new(-0.000000, 0.033973, -0.000000, 0.933860, -0.273579, -0.230360, 0.298505, 0.950991, 0.080710, 0.196980, -0.144118, 0.969753),

              ["LeftHand"] = CFrame.new(0.000488, 0.018950, -0.000000, 0.936397, -0.303355, 0.176459, 0.235006, 0.915448, 0.326693, -0.260641, -0.264442, 0.928512),

              ["LeftLowerArm"] = CFrame.new(-0.000500, 0.094261, 0.036582, 1.000000, -0.000000, -0.000000, 0.000000, 0.624028, -0.781402, 0.000000, 0.781402, 0.624028),

              ["LeftLowerLeg"] = CFrame.new(0.000000, 0.123332, -0.120463, 1.000000, -0.000000, -0.000000, 0.000000, -0.249584, 0.968351, -0.000000, -0.968353, -0.249592),

              ["LeftUpperArm"] = CFrame.new(0.101660, -0.261051, 0.105178, 0.923219, 0.384039, 0.013482, 0.078801, -0.223541, 0.971504, 0.376109, -0.895848, -0.236640),

              ["LeftUpperLeg"] = CFrame.new(0.000000, 0.000000, -0.000100, 0.933859, 0.116244, -0.338222, -0.348562, 0.507571, -0.787947, 0.080076, 0.853732, 0.514534),

              ["LowerTorso"] = CFrame.new(-0.000000, -1.269770, 0.306974, 1.000000, -0.000000, -0.000000, -0.000000, 0.601318, -0.799010, 0.000000, 0.799010, 0.601318),

              ["RightFoot"] = CFrame.new(-0.000000, 0.034259, -0.000100, 0.914392, 0.309677, 0.260755, -0.330170, 0.943170, 0.037690, -0.234253, -0.120541, 0.964669),

              ["RightHand"] = CFrame.new(-0.000487, 0.019666, 0.000000, 0.903189, 0.370958, -0.215964, -0.271929, 0.883770, 0.380799, 0.332120, -0.285204, 0.899084),

              ["RightLowerArm"] = CFrame.new(-0.000000, 0.097906, 0.040360, 1.000000, 0.000000, 0.000000, -0.000000, 0.584871, -0.811126, -0.000000, 0.811126, 0.584872),

              ["RightLowerLeg"] = CFrame.new(0.000000, 0.122752, -0.122026, 1.000000, 0.000000, 0.000000, -0.000000, -0.264837, 0.964291, 0.000000, -0.964293, -0.264845),

              ["RightUpperArm"] = CFrame.new(-0.116206, -0.277783, 0.158949, 0.910549, -0.406416, -0.075682, -0.035853, -0.260016, 0.964938, -0.411845, -0.875910, -0.251329),

              ["RightUpperLeg"] = CFrame.new(0.000000, 0.000000, -0.000000, 0.914391, -0.138448, 0.380420, 0.394554, 0.515175, -0.760860, -0.090642, 0.845829, 0.525712),

              ["UpperTorso"] = CFrame.new(0.000000, -0.026250, 0.017938, 1.000000, 0.000000, 0.000000, -0.000000, 0.956608, -0.291379, -0.000000, 0.291379, 0.956608)

          }},

          {Time = 0.150, Data = {

              ["Head"] = CFrame.new(-0.000000, 0.000000, 0.000000, 1.000000, 0.000000, -0.000000, 0.000000, 0.912271, 0.409588, 0.000000, -0.409588, 0.912271),

              ["LeftFoot"] = CFrame.new(0.000000, 0.034634, 0.000000, 0.920757, -0.298438, -0.251293, 0.281619, 0.954163, -0.101309, 0.269994, 0.022516, 0.962595),

              ["LeftHand"] = CFrame.new(0.000487, 0.019737, 0.000000, 0.944329, -0.284399, 0.165412, 0.239046, 0.938546, 0.248977, -0.226054, -0.195573, 0.954279),

              ["LeftLowerArm"] = CFrame.new(-0.000500, 0.097669, 0.040204, 1.000000, -0.000000, -0.000000, 0.000000, 0.586494, -0.809953, 0.000000, 0.809953, 0.586494),

              ["LeftLowerLeg"] = CFrame.new(-0.000000, 0.119581, -0.131890, 1.000000, -0.000000, -0.000000, 0.000000, -0.368683, 0.929553, -0.000000, -0.929555, -0.368689),

              ["LeftUpperArm"] = CFrame.new(0.091178, -0.250916, 0.166281, 0.931929, 0.357987, 0.057910, 0.074201, -0.344547, 0.935832, 0.354968, -0.867832, -0.347656),

              ["LeftUpperLeg"] = CFrame.new(0.000000, -0.000000, -0.000100, 0.920755, 0.147149, -0.361325, -0.383714, 0.508964, -0.770523, 0.070519, 0.848117, 0.525109),

              ["LowerTorso"] = CFrame.new(-0.000000, -1.248055, 0.161614, 1.000000, -0.000000, -0.000000, -0.000000, 0.635930, -0.771747, 0.000000, 0.771747, 0.635930),

              ["RightFoot"] = CFrame.new(0.000000, 0.034880, -0.000100, 0.897527, 0.337316, 0.284029, -0.307198, 0.940370, -0.146067, -0.316345, 0.043848, 0.947625),

              ["RightHand"] = CFrame.new(-0.000486, 0.020541, -0.000000, 0.916889, 0.344957, -0.200801, -0.275214, 0.910744, 0.307903, 0.289088, -0.227047, 0.929987),

              ["RightLowerArm"] = CFrame.new(-0.000000, 0.101617, 0.044778, 1.000000, 0.000000, 0.000000, 0.000000, 0.539041, -0.842279, -0.000000, 0.842279, 0.539041),

              ["RightLowerLeg"] = CFrame.new(0.000000, 0.119067, -0.132757, 1.000000, 0.000000, 0.000000, -0.000000, -0.376678, 0.926342, 0.000000, -0.926344, -0.376684),

              ["RightUpperArm"] = CFrame.new(-0.091253, -0.265930, 0.214839, 0.923616, -0.363379, -0.122019, -0.028420, -0.382365, 0.923574, -0.382263, -0.849560, -0.363486),

              ["RightUpperLeg"] = CFrame.new(0.000000, 0.000000, -0.000000, 0.897525, -0.177333, 0.403733, 0.433701, 0.520488, -0.735516, -0.079705, 0.835252, 0.544074),

              ["UpperTorso"] = CFrame.new(0.000000, -0.035081, 0.023709, 1.000000, 0.000000, 0.000000, -0.000000, 0.943510, -0.331343, -0.000000, 0.331343, 0.943510)

          }},

          {Time = 0.175, Data = {

              ["Head"] = CFrame.new(-0.000000, 0.000000, -0.000000, 1.000000, 0.000000, -0.000000, 0.000000, 0.912216, 0.409709, 0.000000, -0.409709, 0.912216),

              ["LeftFoot"] = CFrame.new(-0.000000, 0.034840, 0.000000, 0.915275, -0.308149, -0.259469, 0.248362, 0.938769, -0.238817, 0.317155, 0.154134, 0.935758),

              ["LeftHand"] = CFrame.new(0.000487, 0.019796, 0.000000, 0.950988, -0.267317, 0.155451, 0.238380, 0.953945, 0.182110, -0.196971, -0.136126, 0.970912),

              ["LeftLowerArm"] = CFrame.new(-0.000500, 0.097949, 0.040525, 1.000000, -0.000000, -0.000000, -0.000000, 0.583169, -0.812351, 0.000000, 0.812351, 0.583170),

              ["LeftLowerLeg"] = CFrame.new(-0.000000, 0.118121, -0.135307, 1.000000, -0.000000, -0.000000, 0.000000, -0.404315, 0.914617, -0.000000, -0.914620, -0.404320),

              ["LeftUpperArm"] = CFrame.new(0.079938, -0.236927, 0.228035, 0.939290, 0.334098, 0.078184, 0.077172, -0.427719, 0.900611, 0.334333, -0.839902, -0.427536),

              ["LeftUpperLeg"] = CFrame.new(0.000000, 0.000000, -0.000100, 0.915273, 0.189664, -0.355390, -0.401808, 0.492813, -0.771799, 0.028757, 0.849213, 0.527280),

              ["LowerTorso"] = CFrame.new(-0.000000, -1.204075, 0.067497, 1.000000, -0.000000, -0.000000, -0.000000, 0.717019, -0.697053, 0.000000, 0.697053, 0.717019),

              ["RightFoot"] = CFrame.new(-0.000000, 0.035058, -0.000100, 0.890494, 0.348054, 0.293070, -0.267579, 0.921530, -0.281405, -0.367997, 0.172162, 0.913740),

              ["RightHand"] = CFrame.new(-0.000486, 0.020824, 0.000000, 0.929260, 0.319289, -0.185825, -0.270718, 0.930814, 0.245557, 0.251369, -0.177878, 0.951405),

              ["RightLowerArm"] = CFrame.new(-0.000000, 0.102575, 0.045942, 1.000000, 0.000000, 0.000000, -0.000000, 0.526926, -0.849911, -0.000000, 0.849911, 0.526926),

              ["RightLowerLeg"] = CFrame.new(0.000000, 0.117792, -0.135691, 1.000000, 0.000000, 0.000000, -0.000000, -0.407281, 0.913300, 0.000000, -0.913303, -0.407287),

              ["RightUpperArm"] = CFrame.new(-0.065465, -0.250112, 0.271035, 0.935366, -0.324217, -0.141332, -0.028745, -0.467966, 0.883279, -0.352512, -0.822126, -0.447039),

              ["RightUpperLeg"] = CFrame.new(0.000000, 0.000000, -0.000000, 0.890491, -0.227118, 0.394261, 0.453841, 0.505221, -0.734009, -0.032481, 0.832568, 0.552982),

              ["UpperTorso"] = CFrame.new(0.000000, -0.046109, 0.026028, 1.000000, 0.000000, 0.000000, -0.000000, 0.892795, -0.450463, -0.000000, 0.450463, 0.892795)

          }},

          {Time = 0.200, Data = {

              ["Head"] = CFrame.new(-0.000000, 0.000000, 0.000000, 1.000000, 0.000000, -0.000000, 0.000000, 0.912032, 0.410119, 0.000000, -0.410119, 0.912032),

              ["LeftFoot"] = CFrame.new(0.000000, 0.034626, 0.000000, 0.920961, -0.298072, -0.250984, 0.217768, 0.927830, -0.302846, 0.323122, 0.224243, 0.919397),

              ["LeftHand"] = CFrame.new(0.000487, 0.019586, -0.000000, 0.956351, -0.252628, 0.146877, 0.233239, 0.962697, 0.137166, -0.176048, -0.096919, 0.979598),

              ["LeftLowerArm"] = CFrame.new(-0.000500, 0.096941, 0.039378, 1.000000, -0.000000, -0.000000, 0.000000, 0.595045, -0.803692, 0.000000, 0.803692, 0.595045),

              ["LeftLowerLeg"] = CFrame.new(-0.000000, 0.119640, -0.131744, 1.000000, -0.000000, -0.000000, 0.000000, -0.367152, 0.930159, -0.000000, -0.930161, -0.367158),

              ["LeftUpperArm"] = CFrame.new(0.068727, -0.220704, 0.286859, 0.945257, 0.315546, 0.083181, 0.085824, -0.486320, 0.869556, 0.314837, -0.814815, -0.486779),

              ["LeftUpperLeg"] = CFrame.new(0.000000, -0.000000, -0.000100, 0.920958, 0.220606, -0.321196, -0.387659, 0.435253, -0.812566, -0.039457, 0.872862, 0.486384),

              ["LowerTorso"] = CFrame.new(0.000000, -1.138352, 0.032998, 1.000000, -0.000000, -0.000000, -0.000000, 0.826239, -0.563320, 0.000000, 0.563320, 0.826239),

              ["RightFoot"] = CFrame.new(-0.000000, 0.034832, -0.000100, 0.897789, 0.336910, 0.283686, -0.233659, 0.910318, -0.341663, -0.373334, 0.240444, 0.895985),

              ["RightHand"] = CFrame.new(-0.000486, 0.020755, 0.000000, 0.939860, 0.295225, -0.171775, -0.259068, 0.943901, 0.204782, 0.222594, -0.147963, 0.963617),

              ["RightLowerArm"] = CFrame.new(0.000000, 0.102342, 0.045657, 1.000000, 0.000000, 0.000000, -0.000000, 0.529894, -0.848063, -0.000000, 0.848064, 0.529895),

              ["RightLowerLeg"] = CFrame.new(-0.000000, 0.119398, -0.131947, 1.000000, 0.000000, 0.000000, -0.000000, -0.368227, 0.929734, 0.000000, -0.929736, -0.368233),

              ["RightUpperArm"] = CFrame.new(-0.040348, -0.232343, 0.324468, 0.945382, -0.292306, -0.144255, -0.034490, -0.529767, 0.847441, -0.324134, -0.796181, -0.510914),

              ["RightUpperLeg"] = CFrame.new(0.000000, -0.000000, -0.000000, 0.897785, -0.261068, 0.354714, 0.438170, 0.447878, -0.779359, 0.044598, 0.855131, 0.516504),

              ["UpperTorso"] = CFrame.new(0.000000, -0.058862, 0.022567, 1.000000, 0.000000, 0.000000, -0.000000, 0.778817, -0.627251, -0.000000, 0.627251, 0.778817)

          }},

          {Time = 0.225, Data = {

              ["Head"] = CFrame.new(0.000000, 0.000000, -0.000000, 1.000000, 0.000000, -0.000000, 0.000000, 0.911687, 0.410886, 0.000000, -0.410886, 0.911687),

              ["LeftFoot"] = CFrame.new(0.000000, 0.034070, -0.000000, 0.933361, -0.274576, -0.231200, 0.189044, 0.923548, -0.333663, 0.305122, 0.267709, 0.913902),

              ["LeftHand"] = CFrame.new(0.000487, 0.019620, -0.000000, 0.959769, -0.242757, 0.141114, 0.226101, 0.966146, 0.124257, -0.166500, -0.087351, 0.982164),

              ["LeftLowerArm"] = CFrame.new(-0.000500, 0.097106, 0.039564, 1.000000, -0.000000, -0.000000, 0.000000, 0.593113, -0.805119, 0.000000, 0.805119, 0.593114),

              ["LeftLowerLeg"] = CFrame.new(0.000000, 0.122904, -0.122106, 1.000000, -0.000000, -0.000000, 0.000000, -0.266718, 0.963773, -0.000000, -0.963775, -0.266725),

              ["LeftUpperArm"] = CFrame.new(0.057974, -0.202558, 0.339837, 0.949082, 0.303539, 0.084308, 0.100887, -0.546377, 0.831441, 0.298438, -0.780600, -0.549180),

              ["LeftUpperLeg"] = CFrame.new(0.000000, -0.000000, -0.000100, 0.933358, 0.243653, -0.263578, -0.350754, 0.463122, -0.813926, -0.076248, 0.852145, 0.517737),

              ["LowerTorso"] = CFrame.new(0.000000, -1.033659, 0.021446, 1.000000, -0.000000, -0.000000, -0.000000, 0.884311, -0.466899, 0.000000, 0.466899, 0.884311),

              ["RightFoot"] = CFrame.new(0.000000, 0.034272, -0.000100, 0.913749, 0.310789, 0.261692, -0.203207, 0.907334, -0.368051, -0.351809, 0.283116, 0.892220),

              ["RightHand"] = CFrame.new(-0.000486, 0.020974, 0.000000, 0.947591, 0.276162, -0.160643, -0.243880, 0.950066, 0.194675, 0.206381, -0.145293, 0.967624),

              ["RightLowerArm"] = CFrame.new(-0.000000, 0.103112, 0.046625, 1.000000, 0.000000, 0.000000, 0.000000, 0.519828, -0.854271, -0.000000, 0.854271, 0.519828),

              ["RightLowerLeg"] = CFrame.new(0.000000, 0.122692, -0.122249, 1.000000, 0.000000, 0.000000, -0.000000, -0.267158, 0.963651, 0.000000, -0.963653, -0.267166),

              ["RightUpperArm"] = CFrame.new(-0.017107, -0.213163, 0.372989, 0.952653, -0.268407, -0.142862, -0.046270, -0.592347, 0.804353, -0.300517, -0.759660, -0.576721),

              ["RightUpperLeg"] = CFrame.new(0.000000, 0.000000, -0.000000, 0.913746, -0.284739, 0.289809, 0.397014, 0.474245, -0.785784, 0.086304, 0.833076, 0.546401),

              ["UpperTorso"] = CFrame.new(0.000000, -0.069380, 0.019408, 1.000000, 0.000000, 0.000000, -0.000000, 0.660393, -0.750920, -0.000000, 0.750920, 0.660393)

          }},

          {Time = 0.250, Data = {

              ["Head"] = CFrame.new(0.000000, 0.000000, 0.000000, 1.000000, 0.000000, -0.000000, 0.000000, 0.911817, 0.410598, 0.000000, -0.410598, 0.911817),

              ["LeftFoot"] = CFrame.new(0.000000, 0.033233, -0.000001, 0.945073, -0.250035, -0.210536, 0.160227, 0.915774, -0.368369, 0.284892, 0.314390, 0.905527),

              ["LeftHand"] = CFrame.new(0.000487, 0.020467, 0.000000, 0.960421, -0.240820, 0.139995, 0.219738, 0.963870, 0.150569, -0.171195, -0.113846, 0.978637),

              ["LeftLowerArm"] = CFrame.new(-0.000500, 0.100917, 0.044064, 1.000000, -0.000000, -0.000000, -0.000000, 0.546471, -0.837478, 0.000000, 0.837478, 0.546471),

              ["LeftLowerLeg"] = CFrame.new(0.000000, 0.125628, -0.107489, 1.000000, -0.000000, -0.000000, 0.000000, -0.114435, 0.993430, -0.000000, -0.993431, -0.114446),

              ["LeftUpperArm"] = CFrame.new(0.048013, -0.181449, 0.383708, 0.949813, 0.298813, 0.092553, 0.125797, -0.635746, 0.761579, 0.286410, -0.711715, -0.641430),

              ["LeftUpperLeg"] = CFrame.new(0.000000, -0.000000, -0.000100, 0.945071, 0.264690, -0.191774, -0.323501, 0.673478, -0.664646, -0.046770, 0.690193, 0.722128),

              ["LowerTorso"] = CFrame.new(0.000000, -0.887671, -0.013342, 1.000000, -0.000000, -0.000000, -0.000000, 0.849240, -0.528006, 0.000000, 0.528006, 0.849240),

              ["RightFoot"] = CFrame.new(-0.000000, 0.033427, -0.000101, 0.928882, 0.283325, 0.238567, -0.172755, 0.901152, -0.397609, -0.327619, 0.328104, 0.885999),

              ["RightHand"] = CFrame.new(-0.000486, 0.021742, -0.000000, 0.951426, 0.266134, -0.154797, -0.229106, 0.947871, 0.221476, 0.205668, -0.175251, 0.962801),

              ["RightLowerArm"] = CFrame.new(-0.000000, 0.106691, 0.051924, 1.000000, 0.000000, 0.000000, -0.000000, 0.464881, -0.885373, -0.000000, 0.885373, 0.464882),

              ["RightLowerLeg"] = CFrame.new(-0.000000, 0.125441, -0.107463, 1.000000, 0.000000, 0.000000, -0.000000, -0.113122, 0.993580, 0.000000, -0.993581, -0.113133),

              ["RightUpperArm"] = CFrame.new(0.003012, -0.191630, 0.414239, 0.956246, -0.252473, -0.147818, -0.067664, -0.682409, 0.727832, -0.284630, -0.685985, -0.669635),

              ["RightUpperLeg"] = CFrame.new(0.000000, -0.000000, -0.000000, 0.928879, -0.305979, 0.208705, 0.366572, 0.678836, -0.636229, 0.052997, 0.667502, 0.742735),

              ["UpperTorso"] = CFrame.new(0.000000, -0.074413, 0.027653, 1.000000, 0.000000, 0.000000, -0.000000, 0.647418, -0.762135, -0.000000, 0.762135, 0.647418)

          }},

          {Time = 0.275, Data = {

              ["Head"] = CFrame.new(-0.000000, -0.000000, 0.000000, 1.000000, 0.000000, -0.000000, 0.000000, 0.915667, 0.401937, 0.000000, -0.401937, 0.915667),

              ["LeftFoot"] = CFrame.new(-0.000000, 0.031521, -0.000002, 0.956261, -0.223765, -0.188416, 0.138563, 0.913742, -0.381952, 0.257616, 0.339124, 0.904772),

              ["LeftHand"] = CFrame.new(0.000486, 0.021635, -0.000000, 0.959152, -0.244560, 0.142192, 0.214111, 0.956089, 0.200127, -0.184889, -0.161506, 0.969397),

              ["LeftLowerArm"] = CFrame.new(-0.000500, 0.105668, 0.050490, 1.000000, -0.000000, -0.000000, 0.000000, 0.479760, -0.877399, 0.000000, 0.877400, 0.479761),

              ["LeftLowerLeg"] = CFrame.new(-0.000000, 0.124720, -0.083200, 1.000000, -0.000000, -0.000000, 0.000000, 0.138345, 0.990386, -0.000000, -0.990384, 0.138330),

              ["LeftUpperArm"] = CFrame.new(0.040119, -0.160803, 0.413508, 0.948390, 0.300189, 0.102190, 0.155049, -0.720085, 0.676341, 0.276616, -0.625591, -0.729466),

              ["LeftUpperLeg"] = CFrame.new(0.000000, -0.000000, -0.000100, 0.956259, 0.274314, -0.101587, -0.287545, 0.945270, -0.154188, 0.053731, 0.176681, 0.982805),

              ["LowerTorso"] = CFrame.new(-0.000000, -0.679901, -0.080286, 1.000000, 0.000000, -0.000000, -0.000000, 0.633629, -0.773637, 0.000000, 0.773637, 0.633629),

              ["RightFoot"] = CFrame.new(-0.000000, 0.031669, -0.000102, 0.943377, 0.253757, 0.213670, -0.150676, 0.901591, -0.405515, -0.295528, 0.350344, 0.888765),

              ["RightHand"] = CFrame.new(-0.000485, 0.022628, -0.000000, 0.952483, 0.263291, -0.153149, -0.215956, 0.938319, 0.270039, 0.214799, -0.224132, 0.950592),

              ["RightLowerArm"] = CFrame.new(-0.000000, 0.110726, 0.059053, 1.000000, 0.000000, 0.000000, -0.000000, 0.390897, -0.920434, -0.000000, 0.920435, 0.390897),

              ["RightLowerLeg"] = CFrame.new(0.000000, 0.124435, -0.082888, 1.000000, 0.000000, 0.000000, -0.000000, 0.142649, 0.989776, 0.000000, -0.989773, 0.142634),

              ["RightUpperArm"] = CFrame.new(0.017760, -0.171222, 0.443047, 0.957236, -0.244752, -0.154258, -0.093406, -0.766097, 0.635901, -0.273815, -0.594299, -0.756197),

              ["RightUpperLeg"] = CFrame.new(0.000000, -0.000000, -0.000000, 0.943375, -0.314005, 0.106974, 0.326085, 0.937014, -0.125167, -0.060932, 0.152988, 0.986352),

              ["UpperTorso"] = CFrame.new(0.000000, -0.065218, 0.053716, 1.000000, 0.000000, 0.000000, 0.000000, 0.804658, -0.593738, -0.000000, 0.593738, 0.804658)

          }},

          {Time = 0.300, Data = {

              ["Head"] = CFrame.new(-0.000000, 0.000000, -0.000000, 1.000000, 0.000000, -0.000000, 0.000000, 0.926674, 0.375865, 0.000000, -0.375865, 0.926674),

              ["LeftFoot"] = CFrame.new(0.000000, 0.025736, -0.000003, 0.968869, -0.189387, -0.159469, 0.145096, 0.956234, -0.254107, 0.200601, 0.223043, 0.953939),

              ["LeftHand"] = CFrame.new(0.000485, 0.022363, 0.000000, 0.956607, -0.251891, 0.146473, 0.206482, 0.940691, 0.269196, -0.205591, -0.227268, 0.951882),

              ["LeftLowerArm"] = CFrame.new(-0.000499, 0.108805, 0.055583, 1.000000, -0.000000, -0.000000, 0.000000, 0.426885, -0.904306, 0.000000, 0.904306, 0.426885),

              ["LeftLowerLeg"] = CFrame.new(-0.000000, 0.106753, -0.044872, 1.000000, -0.000000, -0.000000, 0.000000, 0.536986, 0.843598, -0.000000, -0.843591, 0.536976),

              ["LeftUpperArm"] = CFrame.new(0.035463, -0.144890, 0.425924, 0.945544, 0.309249, 0.101550, 0.181457, -0.759819, 0.624299, 0.270223, -0.571875, -0.774557),

              ["LeftUpperLeg"] = CFrame.new(0.000000, -0.000000, -0.000100, 0.968867, 0.247145, -0.014677, -0.196592, 0.804025, 0.561175, 0.150492, -0.540799, 0.827567),

              ["LowerTorso"] = CFrame.new(-0.000000, -0.416219, -0.086667, 1.000000, 0.000000, -0.000000, -0.000000, 0.215902, -0.976415, -0.000000, 0.976415, 0.215902),

              ["RightFoot"] = CFrame.new(0.000000, 0.025822, -0.000103, 0.959744, 0.214862, 0.180919, -0.160458, 0.948044, -0.274724, -0.230532, 0.234619, 0.944349),

              ["RightHand"] = CFrame.new(-0.000485, 0.023200, -0.000000, 0.951607, 0.265647, -0.154522, -0.201703, 0.919231, 0.338130, 0.231863, -0.290596, 0.928327),

              ["RightLowerArm"] = CFrame.new(-0.000001, 0.113266, 0.064601, 1.000000, 0.000000, 0.000000, -0.000000, 0.333327, -0.942811, -0.000000, 0.942811, 0.333327),

              ["RightLowerLeg"] = CFrame.new(0.000000, 0.106225, -0.044601, 1.000000, 0.000000, 0.000000, -0.000000, 0.540858, 0.841121, 0.000000, -0.841114, 0.540848),

              ["RightUpperArm"] = CFrame.new(0.025029, -0.156107, 0.455339, 0.956416, -0.248886, -0.152721, -0.116853, -0.805514, 0.580941, -0.267607, -0.537776, -0.799490),

              ["RightUpperLeg"] = CFrame.new(0.000000, -0.000000, 0.000000, 0.959742, -0.280695, 0.010273, 0.223035, 0.783820, 0.579571, -0.170734, -0.553928, 0.814857),

              ["UpperTorso"] = CFrame.new(0.000000, -0.035147, 0.079354, 1.000000, -0.000000, 0.000000, 0.000000, 0.969330, -0.245764, -0.000000, 0.245764, 0.969330)

          }},

          {Time = 0.325, Data = {

              ["Head"] = CFrame.new(0.000000, 0.000000, 0.000000, 1.000000, 0.000000, -0.000000, 0.000000, 0.946698, 0.322123, 0.000000, -0.322123, 0.946698),

              ["LeftFoot"] = CFrame.new(-0.000000, 0.010557, -0.000003, 0.978527, -0.157671, -0.132763, 0.165144, 0.985138, 0.047231, 0.123335, -0.068135, 0.990022),

              ["LeftHand"] = CFrame.new(0.000485, 0.022573, 0.000000, 0.952357, -0.263650, 0.153317, 0.193635, 0.911078, 0.363928, -0.235631, -0.316899, 0.918722),

              ["LeftLowerArm"] = CFrame.new(-0.000500, 0.109648, 0.057070, 1.000000, -0.000000, -0.000000, 0.000000, 0.411427, -0.911442, 0.000000, 0.911443, 0.411428),

              ["LeftLowerLeg"] = CFrame.new(-0.000000, 0.051958, -0.008882, 1.000000, -0.000000, -0.000000, 0.000000, 0.908735, 0.417364, -0.000000, -0.417374, 0.908739),

              ["LeftUpperArm"] = CFrame.new(0.034622, -0.136241, 0.419780, 0.940810, 0.329557, 0.079177, 0.201312, -0.731274, 0.651699, 0.272672, -0.597185, -0.754334),

              ["LeftUpperLeg"] = CFrame.new(0.000000, 0.000000, -0.000100, 0.978527, 0.201550, 0.043158, -0.094102, 0.250561, 0.963520, 0.183384, -0.946888, 0.264135),

              ["LowerTorso"] = CFrame.new(-0.000000, -0.183215, 0.033761, 1.000000, 0.000000, -0.000000, -0.000000, -0.223810, -0.974633, -0.000000, 0.974633, -0.223810),

              ["RightFoot"] = CFrame.new(-0.000000, 0.010783, -0.000102, 0.972287, 0.178842, 0.150590, -0.184716, 0.982452, 0.025849, -0.143315, -0.052944, 0.988258),

              ["RightHand"] = CFrame.new(-0.000485, 0.023393, 0.000000, 0.948406, 0.274068, -0.159416, -0.182293, 0.882729, 0.433084, 0.259413, -0.381675, 0.887145),

              ["RightLowerArm"] = CFrame.new(-0.000001, 0.113972, 0.066284, 1.000000, 0.000000, 0.000000, -0.000000, 0.315848, -0.948810, -0.000000, 0.948810, 0.315848),

              ["RightLowerLeg"] = CFrame.new(-0.000000, 0.051906, -0.009039, 1.000000, 0.000000, 0.000000, -0.000000, 0.908159, 0.418616, 0.000000, -0.418626, 0.908163),

              ["RightUpperArm"] = CFrame.new(0.023291, -0.148714, 0.449189, 0.953417, -0.270322, -0.133871, -0.134840, -0.778897, 0.612485, -0.269840, -0.565903, -0.779064),

              ["RightUpperLeg"] = CFrame.new(0.000000, -0.000000, 0.000000, 0.972286, -0.227749, -0.052833, 0.106738, 0.231367, 0.966996, -0.208008, -0.945833, 0.249253),

              ["UpperTorso"] = CFrame.new(0.000000, 0.001116, 0.085698, 1.000000, -0.000000, 0.000000, 0.000000, 0.988890, 0.148647, -0.000000, -0.148647, 0.988890)

          }},

          {Time = 0.350, Data = {

              ["Head"] = CFrame.new(-0.000000, 0.000000, 0.000000, 1.000000, -0.000000, -0.000000, 0.000000, 0.972446, 0.233127, 0.000000, -0.233127, 0.972446),

              ["LeftFoot"] = CFrame.new(0.000000, -0.031084, -0.000003, 0.983614, -0.137911, -0.116124, 0.169443, 0.927181, 0.334137, 0.061584, -0.348305, 0.935344),

              ["LeftHand"] = CFrame.new(0.000486, 0.021895, -0.000000, 0.945450, -0.281611, 0.163771, 0.176337, 0.865102, 0.469582, -0.273916, -0.415084, 0.867566),

              ["LeftLowerArm"] = CFrame.new(-0.000499, 0.106827, 0.052299, 1.000000, -0.000000, -0.000000, 0.000000, 0.460991, -0.887405, 0.000000, 0.887405, 0.460992),

              ["LeftLowerLeg"] = CFrame.new(0.000000, -0.030575, -0.000304, 1.000000, -0.000000, 0.000000, -0.000000, 1.000000, -0.000007, 0.000000, -0.000010, 1.000000),

              ["LeftUpperArm"] = CFrame.new(0.037555, -0.135818, 0.395403, 0.933165, 0.358656, 0.023851, 0.213481, -0.606381, 0.765982, 0.289187, -0.709696, -0.642420),

              ["LeftUpperLeg"] = CFrame.new(-0.000000, 0.000000, -0.000100, 0.983614, 0.169442, 0.061585, -0.033855, -0.161918, 0.986223, 0.177079, -0.972148, -0.153530),

              ["LowerTorso"] = CFrame.new(-0.000000, -0.069980, 0.236642, 1.000000, 0.000000, -0.000000, -0.000000, -0.488982, -0.872294, -0.000000, 0.872294, -0.488982),

              ["RightFoot"] = CFrame.new(0.000000, -0.028767, -0.000103, 0.978885, 0.156366, 0.131663, -0.190956, 0.929341, 0.316043, -0.072939, -0.334478, 0.939565),

              ["RightHand"] = CFrame.new(-0.000485, 0.022825, 0.000000, 0.941760, 0.290688, -0.169083, -0.158364, 0.826913, 0.539573, 0.296662, -0.481368, 0.824786),

              ["RightLowerArm"] = CFrame.new(-0.000001, 0.111806, 0.061362, 1.000000, 0.000000, 0.000000, -0.000000, 0.366973, -0.930232, -0.000000, 0.930232, 0.366973),

              ["RightLowerLeg"] = CFrame.new(0.000000, -0.028665, -0.000376, 1.000000, 0.000000, -0.000000, -0.000000, 1.000000, -0.000007, 0.000000, -0.000010, 1.000000),

              ["RightUpperArm"] = CFrame.new(0.012078, -0.149783, 0.424648, 0.947171, -0.308843, -0.086505, -0.146879, -0.657453, 0.739041, -0.285121, -0.687292, -0.668084),

              ["RightUpperLeg"] = CFrame.new(0.000000, 0.000000, -0.000000, 0.978885, -0.190955, -0.072940, 0.038385, -0.178757, 0.983144, -0.200775, -0.965185, -0.167655),

              ["UpperTorso"] = CFrame.new(0.000000, 0.021956, 0.077866, 1.000000, -0.000000, 0.000000, 0.000000, 0.907809, 0.419384, -0.000000, -0.419384, 0.907809)

          }},

          {Time = 0.375, Data = {

              ["Head"] = CFrame.new(0.000000, 0.000000, -0.000000, 1.000000, -0.000000, -0.000000, 0.000000, 0.992563, 0.121735, 0.000000, -0.121735, 0.992563),

              ["LeftFoot"] = CFrame.new(-0.000000, -0.074217, -0.000003, 0.986005, -0.127529, -0.107381, 0.161738, 0.887934, 0.430633, 0.040428, -0.441939, 0.896117),

              ["LeftHand"] = CFrame.new(0.000487, 0.019902, -0.000000, 0.935096, -0.306339, 0.178191, 0.164324, 0.820275, 0.547860, -0.313994, -0.483017, 0.817372),

              ["LeftLowerArm"] = CFrame.new(-0.000500, 0.098451, 0.041108, 1.000000, -0.000000, -0.000000, 0.000000, 0.577128, -0.816653, 0.000000, 0.816654, 0.577129),

              ["LeftLowerLeg"] = CFrame.new(0.000000, -0.073559, -0.000874, 1.000000, -0.000000, 0.000000, -0.000000, 1.000000, -0.000007, 0.000000, -0.000010, 1.000000),

              ["LeftUpperArm"] = CFrame.new(0.042994, -0.141039, 0.356097, 0.921796, 0.382872, -0.060844, 0.221684, -0.391823, 0.892934, 0.318039, -0.836591, -0.446057),

