return {
["5x30 1"] = {

          {Time = 0.000, Data = {

              ["Head"] = CFrame.new(-0.000000, 0.000000, 0.000000, 0.999900, -0.012772, 0.006058, 0.006660, 0.047612, -0.998844, 0.012468, 0.998784, 0.047692),

              ["LeftFoot"] = CFrame.new(0.000000, 0.012326, -0.000003, 0.944650, -0.250970, -0.211322, 0.220749, 0.962690, -0.156527, 0.242706, 0.101204, 0.964802),

              ["LeftHand"] = CFrame.new(0.000481, 0.028601, 0.000000, 0.970320, -0.208613, 0.122307, 0.181671, 0.962664, 0.200685, -0.159605, -0.172507, 0.971991),

              ["LeftLowerArm"] = CFrame.new(-0.000497, 0.094604, 0.161744, 1.000000, -0.000000, 0.000000, 0.000000, -0.675920, -0.736974, 0.000000, 0.736975, -0.675921),

              ["LeftLowerLeg"] = CFrame.new(0.000000, 0.061738, -0.013095, 1.000000, -0.000000, 0.000000, 0.000000, 0.865874, 0.500257, -0.000000, -0.500262, 0.865877),

              ["LeftUpperArm"] = CFrame.new(0.281310, -0.097823, 0.036737, 0.973169, 0.203161, -0.108015, -0.194451, 0.475212, -0.858116, -0.123006, 0.856095, 0.501966),

              ["LeftUpperLeg"] = CFrame.new(-0.000000, -0.000000, -0.000100, 0.944648, 0.312562, 0.099730, -0.301675, 0.946989, -0.110452, -0.128968, 0.074271, 0.988865),

              ["LowerTorso"] = CFrame.new(-0.000000, -1.484419, 0.508134, 1.000000, 0.000000, -0.000000, 0.000000, 0.226854, 0.973929, 0.000000, -0.973929, 0.226854),

              ["RightFoot"] = CFrame.new(0.000000, 0.012904, -0.000103, 0.964899, 0.200896, 0.169159, -0.178407, 0.974066, -0.139170, -0.192718, 0.104096, 0.975714),

              ["RightHand"] = CFrame.new(-0.000481, 0.028475, 0.000000, 0.985931, 0.144308, -0.084355, -0.092011, 0.889851, 0.446881, 0.139550, -0.432829, 0.890607),

              ["RightLowerArm"] = CFrame.new(-0.000003, 0.095084, 0.161341, 1.000000, 0.000000, -0.000000, -0.000000, -0.671734, -0.740791, -0.000000, 0.740792, -0.671736),

              ["RightLowerLeg"] = CFrame.new(-0.000000, 0.063593, -0.014205, 1.000000, 0.000000, 0.000000, -0.000000, 0.855583, 0.517662, 0.000000, -0.517666, 0.855585),

              ["RightUpperArm"] = CFrame.new(-0.247013, -0.095081, 0.043390, 0.978257, -0.142727, 0.150476, 0.189117, 0.316032, -0.929709, 0.085140, 0.937951, 0.336152),

              ["RightUpperLeg"] = CFrame.new(0.000000, -0.000000, -0.000000, 0.964898, -0.252410, -0.072539, 0.243896, 0.963662, -0.108936, 0.097400, 0.087439, 0.991399),

              ["UpperTorso"] = CFrame.new(0.000000, -0.006004, 0.064443, 1.000000, -0.000000, 0.000000, 0.000000, 0.972533, 0.232767, -0.000000, -0.232767, 0.972533)

          }},

          {Time = 0.017, Data = {

              ["Head"] = CFrame.new(0.000000, 0.000000, -0.000000, 0.999900, -0.012772, 0.006058, 0.006639, 0.045917, -0.998923, 0.012480, 0.998864, 0.045997),

              ["LeftFoot"] = CFrame.new(0.000000, 0.013152, -0.000003, 0.944239, -0.251872, -0.212082, 0.218850, 0.961310, -0.167308, 0.246001, 0.111554, 0.962824),

              ["LeftHand"] = CFrame.new(0.000481, 0.028529, 0.000000, 0.968474, -0.214935, 0.125941, 0.183824, 0.957791, 0.221011, -0.168126, -0.190890, 0.967106),

              ["LeftLowerArm"] = CFrame.new(-0.000498, 0.095649, 0.160626, 1.000000, -0.000000, 0.000000, 0.000000, -0.664295, -0.747470, 0.000000, 0.747471, -0.664296),

              ["LeftLowerLeg"] = CFrame.new(-0.000000, 0.066209, -0.015351, 1.000000, -0.000000, -0.000000, 0.000000, 0.842874, 0.538108, -0.000000, -0.538111, 0.842876),

              ["LeftUpperArm"] = CFrame.new(0.281725, -0.094963, 0.031591, 0.973999, 0.199198, -0.107916, -0.187579, 0.441962, -0.877203, -0.127043, 0.874637, 0.467835),

              ["LeftUpperLeg"] = CFrame.new(-0.000000, -0.000000, -0.000100, 0.944237, 0.316843, 0.089592, -0.300414, 0.940377, -0.159491, -0.134785, 0.123702, 0.983126),

              ["LowerTorso"] = CFrame.new(0.000000, -1.469998, 0.525028, 1.000000, -0.000000, -0.000000, 0.000000, 0.209532, 0.977802, 0.000000, -0.977802, 0.209532),

              ["RightFoot"] = CFrame.new(-0.000000, 0.013719, -0.000103, 0.964611, 0.201703, 0.169838, -0.177023, 0.972737, -0.149828, -0.195416, 0.114449, 0.974016),

              ["RightHand"] = CFrame.new(-0.000481, 0.028394, 0.000000, 0.984479, 0.151538, -0.088535, -0.094815, 0.883731, 0.458293, 0.147688, -0.442782, 0.884381),

              ["RightLowerArm"] = CFrame.new(-0.000003, 0.096243, 0.160085, 1.000000, 0.000000, -0.000000, -0.000000, -0.658659, -0.752441, -0.000000, 0.752442, -0.658660),

              ["RightLowerLeg"] = CFrame.new(0.000000, 0.067962, -0.016507, 1.000000, 0.000000, 0.000000, -0.000000, 0.832099, 0.554625, 0.000000, -0.554627, 0.832101),

              ["RightUpperArm"] = CFrame.new(-0.248301, -0.091346, 0.037959, 0.979163, -0.140427, 0.146697, 0.181902, 0.285338, -0.941007, 0.090285, 0.948084, 0.304936),

              ["RightUpperLeg"] = CFrame.new(0.000000, -0.000000, 0.000000, 0.964610, -0.255688, -0.064431, 0.243102, 0.957003, -0.158242, 0.102122, 0.136998, 0.985296),

              ["UpperTorso"] = CFrame.new(0.000000, -0.006990, 0.064344, 1.000000, -0.000000, 0.000000, -0.000000, 0.975982, 0.217849, -0.000000, -0.217849, 0.975982)

          }},

          {Time = 0.033, Data = {

              ["Head"] = CFrame.new(-0.000000, 0.000000, 0.000000, 0.999900, -0.012772, 0.006058, 0.006580, 0.041193, -0.999130, 0.012511, 0.999070, 0.041273),

              ["LeftFoot"] = CFrame.new(0.000000, 0.015856, -0.000003, 0.943103, -0.254351, -0.214169, 0.215443, 0.958038, -0.189083, 0.253260, 0.132170, 0.958321),

              ["LeftHand"] = CFrame.new(0.000482, 0.028322, 0.000000, 0.963731, -0.230337, 0.134790, 0.188120, 0.944564, 0.269093, -0.189298, -0.233974, 0.953635),

              ["LeftLowerArm"] = CFrame.new(-0.000498, 0.098613, 0.157243, 1.000000, -0.000000, 0.000000, 0.000000, -0.629104, -0.777321, 0.000000, 0.777321, -0.629105),

              ["LeftLowerLeg"] = CFrame.new(-0.000000, 0.077171, -0.021430, 1.000000, -0.000000, -0.000000, 0.000000, 0.780498, 0.625159, -0.000000, -0.625158, 0.780497),

              ["LeftUpperArm"] = CFrame.new(0.282624, -0.088051, 0.017953, 0.975797, 0.189937, -0.108375, -0.170542, 0.350758, -0.920806, -0.136882, 0.917002, 0.374661),

              ["LeftUpperLeg"] = CFrame.new(-0.000000, -0.000000, -0.000100, 0.943101, 0.326486, 0.062992, -0.296450, 0.911401, -0.285402, -0.150591, 0.250509, 0.956336),

              ["LowerTorso"] = CFrame.new(0.000000, -1.430145, 0.571395, 1.000000, -0.000000, -0.000000, 0.000000, 0.162107, 0.986773, 0.000000, -0.986773, 0.162107),

              ["RightFoot"] = CFrame.new(0.000000, 0.016679, -0.000103, 0.963812, 0.203928, 0.171712, -0.174733, 0.969681, -0.170853, -0.201335, 0.134653, 0.970219),

              ["RightHand"] = CFrame.new(-0.000481, 0.028169, 0.000000, 0.980555, 0.169493, -0.098918, -0.101384, 0.869088, 0.484160, 0.168029, -0.464713, 0.869370),

              ["RightLowerArm"] = CFrame.new(-0.000002, 0.099452, 0.156348, 1.000000, 0.000000, -0.000000, -0.000000, -0.619799, -0.784759, -0.000000, 0.784760, -0.619800),

              ["RightLowerLeg"] = CFrame.new(-0.000000, 0.078859, -0.022607, 1.000000, 0.000000, 0.000000, -0.000000, 0.769356, 0.638821, 0.000000, -0.638820, 0.769355),

              ["RightUpperArm"] = CFrame.new(-0.251602, -0.081891, 0.023618, 0.981114, -0.135639, 0.137904, 0.163702, 0.202473, -0.965508, 0.103039, 0.969849, 0.220853),

              ["RightUpperLeg"] = CFrame.new(0.000000, -0.000000, -0.000000, 0.963810, -0.263053, -0.043282, 0.240516, 0.928031, -0.284430, 0.114988, 0.263747, 0.957719),

              ["UpperTorso"] = CFrame.new(0.000000, -0.009652, 0.063999, 1.000000, -0.000000, 0.000000, -0.000000, 0.984175, 0.177199, -0.000000, -0.177199, 0.984175)

          }},

          {Time = 0.050, Data = {

              ["Head"] = CFrame.new(-0.000000, 0.000000, -0.000000, 0.999900, -0.012772, 0.006058, 0.006489, 0.033981, -0.999402, 0.012558, 0.999341, 0.034060),

              ["LeftFoot"] = CFrame.new(0.000000, 0.020456, -0.000003, 0.941397, -0.258024, -0.217262, 0.214114, 0.954801, -0.206193, 0.260629, 0.147577, 0.954087),

              ["LeftHand"] = CFrame.new(0.000482, 0.027997, 0.000000, 0.957507, -0.249010, 0.145515, 0.192208, 0.927111, 0.321750, -0.215025, -0.280106, 0.935576),

              ["LeftLowerArm"] = CFrame.new(-0.000498, 0.103159, 0.151339, 1.000000, -0.000000, 0.000000, 0.000000, -0.567719, -0.823222, 0.000000, 0.823223, -0.567720),

              ["LeftLowerLeg"] = CFrame.new(-0.000000, 0.090782, -0.030119, 1.000000, -0.000000, -0.000000, 0.000000, 0.690406, 0.723426, -0.000000, -0.723422, 0.690401),

              ["LeftUpperArm"] = CFrame.new(0.283496, -0.079839, -0.001322, 0.977542, 0.179273, -0.110786, -0.149216, 0.217563, -0.964573, -0.148818, 0.959441, 0.239427),

              ["LeftUpperLeg"] = CFrame.new(-0.000000, 0.000000, -0.000100, 0.941394, 0.336376, 0.025052, -0.289081, 0.842829, -0.453932, -0.173807, 0.420107, 0.890684),

              ["LowerTorso"] = CFrame.new(0.000000, -1.369969, 0.640350, 1.000000, -0.000000, -0.000000, 0.000000, 0.091378, 0.995816, -0.000000, -0.995816, 0.091378),

              ["RightFoot"] = CFrame.new(-0.000000, 0.021364, -0.000103, 0.962601, 0.207247, 0.174507, -0.174079, 0.966662, -0.187791, -0.207595, 0.150377, 0.966583),

              ["RightHand"] = CFrame.new(-0.000482, 0.027830, 0.000000, 0.975009, 0.191927, -0.111899, -0.109678, 0.853845, 0.508845, 0.193204, -0.483852, 0.853555),

              ["RightLowerArm"] = CFrame.new(-0.000002, 0.104177, 0.150022, 1.000000, 0.000000, -0.000000, -0.000000, -0.554025, -0.832499, -0.000000, 0.832500, -0.554026),

              ["RightLowerLeg"] = CFrame.new(0.000000, 0.092321, -0.031407, 1.000000, 0.000000, 0.000000, -0.000000, 0.677983, 0.735082, 0.000000, -0.735078, 0.677978),

              ["RightUpperArm"] = CFrame.new(-0.256066, -0.069647, 0.003526, 0.982943, -0.131590, 0.128479, 0.140301, 0.084867, -0.986465, 0.118905, 0.987665, 0.101881),

              ["RightUpperLeg"] = CFrame.new(0.000000, 0.000000, 0.000000, 0.962600, -0.270626, -0.012790, 0.235481, 0.859061, -0.454473, 0.133981, 0.434484, 0.890669),

              ["UpperTorso"] = CFrame.new(0.000000, -0.013532, 0.063292, 1.000000, 0.000000, 0.000000, -0.000000, 0.993140, 0.116934, -0.000000, -0.116934, 0.993140)

          }},

          {Time = 0.067, Data = {

              ["Head"] = CFrame.new(-0.000000, -0.000000, -0.000000, 0.999900, -0.012772, 0.006058, 0.006374, 0.024818, -0.999672, 0.012617, 0.999610, 0.024897),

              ["LeftFoot"] = CFrame.new(0.000000, 0.024536, -0.000002, 0.939267, -0.262527, -0.221054, 0.216561, 0.953045, -0.211689, 0.266232, 0.150949, 0.952010),

              ["LeftHand"] = CFrame.new(0.000482, 0.027567, 0.000000, 0.951047, -0.266905, 0.155795, 0.196847, 0.911787, 0.360414, -0.238246, -0.312100, 0.919690),

              ["LeftLowerArm"] = CFrame.new(-0.000498, 0.108606, 0.142626, 1.000000, -0.000000, 0.000000, 0.000000, -0.477104, -0.878846, 0.000000, 0.878847, -0.477105),

              ["LeftLowerLeg"] = CFrame.new(0.000000, 0.102970, -0.040674, 1.000000, -0.000000, -0.000000, 0.000000, 0.580645, 0.814163, -0.000000, -0.814157, 0.580636),

              ["LeftUpperArm"] = CFrame.new(0.284105, -0.072268, -0.023943, 0.978760, 0.169057, -0.115972, -0.127847, 0.061099, -0.989910, -0.160265, 0.983711, 0.081414),

              ["LeftUpperLeg"] = CFrame.new(-0.000000, -0.000000, -0.000100, 0.939264, 0.342506, -0.021722, -0.277668, 0.721194, -0.634632, -0.201700, 0.602137, 0.772509),

              ["LowerTorso"] = CFrame.new(0.000000, -1.294764, 0.725052, 1.000000, -0.000000, -0.000000, 0.000000, 0.004607, 0.999989, -0.000000, -0.999989, 0.004607),

              ["RightFoot"] = CFrame.new(-0.000000, 0.025086, -0.000102, 0.961075, 0.211352, 0.177963, -0.176350, 0.965067, -0.193779, -0.212689, 0.154840, 0.964769),

              ["RightHand"] = CFrame.new(-0.000482, 0.027388, -0.000000, 0.968805, 0.214135, -0.124757, -0.119516, 0.844695, 0.521738, 0.217102, -0.490548, 0.843934),

              ["RightLowerArm"] = CFrame.new(-0.000002, 0.109614, 0.140929, 1.000000, 0.000000, -0.000000, -0.000000, -0.459465, -0.888195, -0.000000, 0.888196, -0.459466),

              ["RightLowerLeg"] = CFrame.new(-0.000000, 0.104071, -0.042235, 1.000000, 0.000000, 0.000000, -0.000000, 0.565489, 0.824762, 0.000000, -0.824756, 0.565480),

              ["RightUpperArm"] = CFrame.new(-0.261140, -0.056912, -0.019705, 0.984077, -0.129201, 0.122061, 0.116208, -0.051939, -0.991866, 0.134490, 0.990257, -0.036099),

              ["RightUpperLeg"] = CFrame.new(0.000000, -0.000000, 0.000000, 0.961073, -0.275145, 0.025167, 0.227381, 0.735881, -0.637773, 0.156961, 0.618687, 0.769813),

              ["UpperTorso"] = CFrame.new(0.000000, -0.018156, 0.062124, 1.000000, 0.000000, 0.000000, -0.000000, 0.999054, 0.043478, -0.000000, -0.043478, 0.999054)

          }},

          {Time = 0.083, Data = {

              ["Head"] = CFrame.new(0.000000, 0.000000, -0.000000, 0.999900, -0.012772, 0.006058, 0.006240, 0.014246, -0.999879, 0.012684, 0.999817, 0.014324),

              ["LeftFoot"] = CFrame.new(-0.000000, 0.027294, -0.000002, 0.936821, -0.267592, -0.225319, 0.224353, 0.953780, -0.199934, 0.268389, 0.136742, 0.953550),

              ["LeftHand"] = CFrame.new(0.000482, 0.027049, -0.000000, 0.945113, -0.282249, 0.164613, 0.204305, 0.903645, 0.376413, -0.254992, -0.322119, 0.911710),

              ["LeftLowerArm"] = CFrame.new(-0.000499, 0.114007, 0.130962, 1.000000, -0.000000, 0.000000, 0.000000, -0.355867, -0.934536, 0.000000, 0.934537, -0.355868),

              ["LeftLowerLeg"] = CFrame.new(-0.000000, 0.111943, -0.051782, 1.000000, -0.000000, -0.000000, 0.000000, 0.465154, 0.885236, -0.000000, -0.885230, 0.465142),

              ["LeftUpperArm"] = CFrame.new(0.284446, -0.066179, -0.048333, 0.979442, 0.159147, -0.123959, -0.108487, -0.102508, -0.988799, -0.170071, 0.981919, -0.083136),

              ["LeftUpperLeg"] = CFrame.new(-0.000000, -0.000000, -0.000100, 0.936818, 0.341950, -0.073756, -0.262247, 0.546961, -0.795010, -0.231513, 0.764136, 0.602096),

              ["LowerTorso"] = CFrame.new(0.000000, -1.210091, 0.819275, 1.000000, -0.000000, -0.000000, 0.000000, -0.090273, 0.995917, -0.000000, -0.995917, -0.090273),

              ["RightFoot"] = CFrame.new(-0.000000, 0.027793, -0.000102, 0.959303, 0.216009, 0.181885, -0.183100, 0.966155, -0.181722, -0.214970, 0.141015, 0.966382),

              ["RightHand"] = CFrame.new(-0.000482, 0.026867, 0.000000, 0.962724, 0.233742, -0.136116, -0.132080, 0.845394, 0.517559, 0.236045, -0.480284, 0.844752),

              ["RightLowerArm"] = CFrame.new(-0.000001, 0.114823, 0.129027, 1.000000, 0.000000, -0.000000, -0.000000, -0.335765, -0.941945, -0.000000, 0.941946, -0.335766),

              ["RightLowerLeg"] = CFrame.new(-0.000000, 0.112803, -0.053519, 1.000000, 0.000000, 0.000000, -0.000000, 0.448143, 0.893968, 0.000000, -0.893962, 0.448131),

              ["RightUpperArm"] = CFrame.new(-0.266554, -0.044961, -0.044302, 0.984509, -0.127686, 0.120162, 0.093895, -0.194832, -0.976332, 0.148075, 0.972490, -0.179825),

              ["RightUpperLeg"] = CFrame.new(0.000000, -0.000000, -0.000000, 0.959302, -0.274234, 0.067343, 0.216127, 0.559529, -0.800122, 0.181741, 0.782127, 0.596044),

              ["UpperTorso"] = CFrame.new(0.000000, -0.023050, 0.060479, 1.000000, 0.000000, 0.000000, -0.000000, 0.999341, -0.036291, -0.000000, 0.036291, 0.999341)

          }},

          {Time = 0.100, Data = {

              ["Head"] = CFrame.new(-0.000000, -0.000000, -0.000000, 0.999900, -0.012772, 0.006058, 0.006095, 0.002809, -0.999977, 0.012754, 0.999915, 0.002887),

              ["LeftFoot"] = CFrame.new(-0.000000, 0.029040, -0.000002, 0.934101, -0.273098, -0.229955, 0.238114, 0.956476, -0.168695, 0.266001, 0.102818, 0.958469),

              ["LeftHand"] = CFrame.new(0.000483, 0.026425, 0.000000, 0.940030, -0.294690, 0.171765, 0.216082, 0.904125, 0.368604, -0.263919, -0.309380, 0.913580),

              ["LeftLowerArm"] = CFrame.new(-0.000499, 0.118159, 0.116535, 1.000000, -0.000000, 0.000000, 0.000000, -0.205932, -0.978566, 0.000000, 0.978566, -0.205933),

              ["LeftLowerLeg"] = CFrame.new(0.000000, 0.117830, -0.062087, 1.000000, -0.000000, -0.000000, 0.000000, 0.358012, 0.933722, -0.000000, -0.933717, 0.357998),

              ["LeftUpperArm"] = CFrame.new(0.284598, -0.061696, -0.073370, 0.979745, 0.148688, -0.134132, -0.091754, -0.262048, -0.960683, -0.177991, 0.953532, -0.243098),

              ["LeftUpperLeg"] = CFrame.new(-0.000000, 0.000000, -0.000100, 0.934099, 0.333622, -0.127095, -0.243858, 0.336208, -0.909661, -0.260754, 0.880716, 0.395428),

              ["LowerTorso"] = CFrame.new(0.000000, -1.121659, 0.917794, 1.000000, -0.000000, -0.000000, 0.000000, -0.184959, 0.982746, -0.000000, -0.982746, -0.184959),

              ["RightFoot"] = CFrame.new(-0.000000, 0.029510, -0.000102, 0.957317, 0.221103, 0.186175, -0.194755, 0.969348, -0.149788, -0.213574, 0.107131, 0.971032),

              ["RightHand"] = CFrame.new(-0.000483, 0.026241, 0.000000, 0.957237, 0.250027, -0.145553, -0.148139, 0.855747, 0.495738, 0.248502, -0.452973, 0.856188),

              ["RightLowerArm"] = CFrame.new(-0.000001, 0.118638, 0.114550, 1.000000, 0.000000, -0.000000, -0.000000, -0.185318, -0.982679, -0.000000, 0.982679, -0.185319),

              ["RightLowerLeg"] = CFrame.new(0.000000, 0.118475, -0.063991, 1.000000, 0.000000, 0.000000, -0.000000, 0.339256, 0.940699, 0.000000, -0.940694, 0.339242),

              ["RightUpperArm"] = CFrame.new(-0.272149, -0.034315, -0.069097, 0.984453, -0.125639, 0.122747, 0.074322, -0.335228, -0.939201, 0.159149, 0.933722, -0.320679),

              ["RightUpperLeg"] = CFrame.new(0.000000, -0.000000, -0.000000, 0.957316, -0.266983, 0.110745, 0.202449, 0.345864, -0.916176, 0.206301, 0.899499, 0.385171),

              ["UpperTorso"] = CFrame.new(0.000000, -0.027761, 0.058466, 1.000000, 0.000000, 0.000000, -0.000000, 0.993340, -0.115219, -0.000000, 0.115219, 0.993340)

          }},

          {Time = 0.117, Data = {

              ["Head"] = CFrame.new(-0.000000, 0.000000, 0.000000, 0.999900, -0.012772, 0.006058, 0.005944, -0.008949, -0.999942, 0.012825, 0.999878, -0.008872),

              ["LeftFoot"] = CFrame.new(-0.000000, 0.030261, -0.000002, 0.931071, -0.279086, -0.234998, 0.257077, 0.958881, -0.120247, 0.258880, 0.051546, 0.964529),

              ["LeftHand"] = CFrame.new(0.000483, 0.025696, 0.000000, 0.935854, -0.304483, 0.177395, 0.232247, 0.911539, 0.339351, -0.265027, -0.276381, 0.923781),

              ["LeftLowerArm"] = CFrame.new(-0.000499, 0.119955, 0.099820, 1.000000, -0.000000, 0.000000, 0.000000, -0.032346, -0.999477, 0.000000, 0.999477, -0.032347),

              ["LeftLowerLeg"] = CFrame.new(0.000000, 0.121468, -0.070754, 1.000000, -0.000000, -0.000000, 0.000000, 0.267807, 0.963477, -0.000000, -0.963473, 0.267793),

              ["LeftUpperArm"] = CFrame.new(0.284637, -0.058622, -0.098129, 0.979824, 0.136824, -0.145685, -0.077622, -0.411190, -0.908239, -0.184173, 0.901222, -0.392274),

              ["LeftUpperLeg"] = CFrame.new(0.000000, -0.000000, -0.000100, 0.931069, 0.318274, -0.178352, -0.224596, 0.114746, -0.967670, -0.287520, 0.941029, 0.178339),

              ["LowerTorso"] = CFrame.new(0.000000, -1.035090, 1.016500, 1.000000, -0.000000, -0.000000, 0.000000, -0.271374, 0.962474, -0.000000, -0.962474, -0.271374),

              ["RightFoot"] = CFrame.new(0.000000, 0.030603, -0.000102, 0.955097, 0.226651, 0.190847, -0.210713, 0.972388, -0.100314, -0.208301, 0.055596, 0.976481),

              ["RightHand"] = CFrame.new(-0.000483, 0.025512, 0.000000, 0.952542, 0.263093, -0.153123, -0.167621, 0.873214, 0.457607, 0.254100, -0.410220, 0.875870),

              ["RightLowerArm"] = CFrame.new(-0.000001, 0.120062, 0.097997, 1.000000, 0.000000, -0.000000, -0.000000, -0.013410, -0.999910, -0.000000, 0.999910, -0.013411),

              ["RightLowerLeg"] = CFrame.new(0.000000, 0.121876, -0.072843, 1.000000, 0.000000, 0.000000, -0.000000, 0.247181, 0.968973, 0.000000, -0.968969, 0.247166),

              ["RightUpperArm"] = CFrame.new(-0.277769, -0.025100, -0.093222, 0.984133, -0.121871, 0.128959, 0.057658, -0.467699, -0.882005, 0.167804, 0.875446, -0.453251),

              ["RightUpperLeg"] = CFrame.new(0.000000, -0.000000, -0.000000, 0.955096, -0.253924, 0.152683, 0.187960, 0.120872, -0.974708, 0.229048, 0.959642, 0.163192),

              ["UpperTorso"] = CFrame.new(0.000000, -0.031888, 0.056322, 1.000000, 0.000000, 0.000000, -0.000000, 0.982502, -0.186250, -0.000000, 0.186250, 0.982502)

          }},

          {Time = 0.133, Data = {

              ["Head"] = CFrame.new(0.000000, 0.000000, -0.000000, 0.999900, -0.012772, 0.006058, 0.005796, -0.020483, -0.999773, 0.012893, 0.999709, -0.020407),

              ["LeftFoot"] = CFrame.new(-0.000000, 0.030831, -0.000002, 0.927613, -0.285744, -0.240604, 0.279349, 0.958248, -0.061045, 0.247987, -0.010581, 0.968702),

              ["LeftHand"] = CFrame.new(0.000484, 0.024606, 0.000000, 0.932520, -0.312052, 0.181743, 0.251722, 0.922558, 0.292445, -0.258924, -0.226960, 0.938853),

              ["LeftLowerArm"] = CFrame.new(-0.000500, 0.118333, 0.081835, 1.000000, -0.000000, -0.000000, 0.000000, 0.154466, -0.987998, 0.000000, 0.987998, 0.154466),

              ["LeftLowerLeg"] = CFrame.new(0.000000, 0.123432, -0.077704, 1.000000, -0.000000, -0.000000, 0.000000, 0.195640, 0.980679, -0.000000, -0.980676, 0.195625),

              ["LeftUpperArm"] = CFrame.new(0.284619, -0.056663, -0.121743, 0.979788, 0.123273, -0.157541, -0.065870, -0.544811, -0.835968, -0.188883, 0.829448, -0.525680),

              ["LeftUpperLeg"] = CFrame.new(0.000000, 0.000000, -0.000100, 0.927611, 0.297849, -0.225431, -0.207414, -0.091235, -0.973992, -0.310671, 0.950243, -0.022832),

              ["LowerTorso"] = CFrame.new(0.000000, -0.955697, 1.112272, 1.000000, -0.000000, -0.000000, 0.000000, -0.342229, 0.939617, -0.000000, -0.939617, -0.342229),

              ["RightFoot"] = CFrame.new(0.000000, 0.031295, -0.000102, 0.952569, 0.232793, 0.196018, -0.229530, 0.972499, -0.039533, -0.199819, -0.007328, 0.979803),

              ["RightHand"] = CFrame.new(-0.000484, 0.024426, 0.000000, 0.948677, 0.273340, -0.159056, -0.189607, 0.894132, 0.405684, 0.253105, -0.354701, 0.900068),

              ["RightLowerArm"] = CFrame.new(-0.000000, 0.118145, 0.080356, 1.000000, 0.000000, -0.000000, -0.000000, 0.169811, -0.985477, -0.000000, 0.985477, 0.169811),

              ["RightLowerLeg"] = CFrame.new(-0.000000, 0.123764, -0.079904, 1.000000, 0.000000, 0.000000, -0.000000, 0.173756, 0.984791, 0.000000, -0.984789, 0.173741),

              ["RightUpperArm"] = CFrame.new(-0.283227, -0.017285, -0.115928, 0.983708, -0.115841, 0.137478, 0.043762, -0.587418, -0.808099, 0.174368, 0.800950, -0.572778),

              ["RightUpperLeg"] = CFrame.new(0.000000, 0.000000, -0.000000, 0.952568, -0.236663, 0.191316, 0.175015, -0.088293, -0.980601, 0.248965, 0.967572, -0.042665),

              ["UpperTorso"] = CFrame.new(0.000000, -0.035092, 0.054384, 1.000000, 0.000000, 0.000000, -0.000000, 0.970086, -0.242763, -0.000000, 0.242763, 0.970086)

          }},

          {Time = 0.150, Data = {

              ["Head"] = CFrame.new(0.000000, 0.000000, 0.000000, 0.999900, -0.012772, 0.006058, 0.005657, -0.031250, -0.999496, 0.012954, 0.999430, -0.031174),

              ["LeftFoot"] = CFrame.new(0.000000, 0.031505, -0.000002, 0.923546, -0.293351, -0.247010, 0.302948, 0.953008, 0.000885, 0.235129, -0.075638, 0.969013),

              ["LeftHand"] = CFrame.new(0.000485, 0.023210, 0.000000, 0.929927, -0.317800, 0.185041, 0.272786, 0.933567, 0.232470, -0.246624, -0.165701, 0.954839),

              ["LeftLowerArm"] = CFrame.new(-0.000500, 0.112832, 0.063831, 1.000000, -0.000000, -0.000000, 0.000000, 0.341335, -0.939942, 0.000000, 0.939942, 0.341335),

              ["LeftLowerLeg"] = CFrame.new(-0.000000, 0.124697, -0.083083, 1.000000, -0.000000, -0.000000, 0.000000, 0.139571, 0.990214, -0.000000, -0.990212, 0.139556),

              ["LeftUpperArm"] = CFrame.new(0.284577, -0.055524, -0.143346, 0.979704, 0.108134, -0.168781, -0.056276, -0.659768, -0.749359, -0.192388, 0.743649, -0.640292),

              ["LeftUpperLeg"] = CFrame.new(0.000000, 0.000000, -0.000100, 0.923545, 0.275112, -0.267162, -0.195850, -0.260610, -0.945376, -0.329710, 0.925417, -0.186785),

              ["LowerTorso"] = CFrame.new(0.000000, -0.888403, 1.202609, 1.000000, -0.000000, -0.000000, 0.000000, -0.391221, 0.920297, -0.000000, -0.920297, -0.391221),

              ["RightFoot"] = CFrame.new(-0.000000, 0.031951, -0.000102, 0.949615, 0.239750, 0.201877, -0.249530, 0.968069, 0.024083, -0.189646, -0.073233, 0.979115),

              ["RightHand"] = CFrame.new(-0.000485, 0.022996, 0.000000, 0.945598, 0.281209, -0.163607, -0.212624, 0.914788, 0.343447, 0.246244, -0.289973, 0.924812),

              ["RightLowerArm"] = CFrame.new(-0.000000, 0.112487, 0.062835, 1.000000, 0.000000, 0.000000, -0.000000, 0.351673, -0.936123, -0.000000, 0.936123, 0.351673),

              ["RightLowerLeg"] = CFrame.new(0.000000, 0.124908, -0.085427, 1.000000, 0.000000, 0.000000, -0.000000, 0.116177, 0.993230, 0.000000, -0.993228, 0.116162),

              ["RightUpperArm"] = CFrame.new(-0.288306, -0.010809, -0.136484, 0.983277, -0.107478, 0.147021, 0.032428, -0.691059, -0.722071, 0.179207, 0.714763, -0.676017),

              ["RightUpperLeg"] = CFrame.new(-0.000000, 0.000000, -0.000000, 0.949614, -0.217352, 0.225805, 0.166497, -0.260569, -0.950996, 0.265539, 0.940671, -0.211232),

              ["UpperTorso"] = CFrame.new(0.000000, -0.037089, 0.053042, 1.000000, 0.000000, 0.000000, -0.000000, 0.960393, -0.278649, -0.000000, 0.278649, 0.960393)

          }},

          {Time = 0.167, Data = {

              ["Head"] = CFrame.new(0.000000, 0.000000, 0.000000, 0.999900, -0.012772, 0.006058, 0.005534, -0.040706, -0.999156, 0.013007, 0.999090, -0.040631),

              ["LeftFoot"] = CFrame.new(-0.000000, 0.031893, -0.000002, 0.918640, -0.302230, -0.254485, 0.325924, 0.943756, 0.055702, 0.223325, -0.134098, 0.965471),

              ["LeftHand"] = CFrame.new(0.000486, 0.021196, -0.000000, 0.927976, -0.322050, 0.187473, 0.293248, 0.941539, 0.165864, -0.229927, -0.098940, 0.968165),

              ["LeftLowerArm"] = CFrame.new(-0.000500, 0.103603, 0.047455, 1.000000, -0.000000, -0.000000, 0.000000, 0.511230, -0.859444, 0.000000, 0.859444, 0.511230),

              ["LeftLowerLeg"] = CFrame.new(-0.000000, 0.125407, -0.087629, 1.000000, -0.000000, -0.000000, 0.000000, 0.092268, 0.995736, -0.000000, -0.995734, 0.092253),

              ["LeftUpperArm"] = CFrame.new(0.284531, -0.054945, -0.162050, 0.979611, 0.092271, -0.178463, -0.048691, -0.752770, -0.656480, -0.194915, 0.651784, -0.732929),

              ["LeftUpperLeg"] = CFrame.new(0.000000, 0.000000, -0.000100, 0.918639, 0.252445, -0.303924, -0.193775, -0.382510, -0.903412, -0.344317, 0.888795, -0.302452),

              ["LowerTorso"] = CFrame.new(0.000000, -0.837897, 1.285095, 1.000000, -0.000000, -0.000000, 0.000000, -0.412646, 0.910891, -0.000000, -0.910891, -0.412646),

              ["RightFoot"] = CFrame.new(-0.000000, 0.032240, -0.000101, 0.946084, 0.247786, 0.208642, -0.269138, 0.959723, 0.080624, -0.180251, -0.132415, 0.974663),

              ["RightHand"] = CFrame.new(-0.000486, 0.021023, 0.000000, 0.943240, 0.287075, -0.166995, -0.234730, 0.931970, 0.276289, 0.234948, -0.221406, 0.946455),

              ["RightLowerArm"] = CFrame.new(-0.000000, 0.103354, 0.046962, 1.000000, 0.000000, 0.000000, -0.000000, 0.516332, -0.856388, -0.000000, 0.856389, 0.516332),

              ["RightLowerLeg"] = CFrame.new(0.000000, 0.125459, -0.090135, 1.000000, 0.000000, 0.000000, -0.000000, 0.067255, 0.997737, 0.000000, -0.997736, 0.067240),

              ["RightUpperArm"] = CFrame.new(-0.292769, -0.005630, -0.154143, 0.982896, -0.097436, 0.156272, 0.023492, -0.775300, -0.631157, 0.182655, 0.624032, -0.759750),

              ["RightUpperLeg"] = CFrame.new(-0.000000, 0.000000, -0.000000, 0.946083, -0.197944, 0.256403, 0.165609, -0.384719, -0.908064, 0.278389, 0.901560, -0.331175),

              ["UpperTorso"] = CFrame.new(0.000000, -0.037606, 0.052676, 1.000000, 0.000000, 0.000000, -0.000000, 0.957620, -0.288035, -0.000000, 0.288035, 0.957620)

          }},

          {Time = 0.183, Data = {

              ["Head"] = CFrame.new(-0.000000, -0.000000, -0.000000, 0.999900, -0.012772, 0.006058, 0.005435, -0.048309, -0.998818, 0.013049, 0.998751, -0.048235),

              ["LeftFoot"] = CFrame.new(-0.000000, 0.032165, -0.000001, 0.912649, -0.312671, -0.263277, 0.346780, 0.933250, 0.093777, 0.216370, -0.176866, 0.960152),

              ["LeftHand"] = CFrame.new(0.000488, 0.018274, -0.000000, 0.926589, -0.325033, 0.189176, 0.310635, 0.945020, 0.102191, -0.211989, -0.035923, 0.976611),

              ["LeftLowerArm"] = CFrame.new(-0.000500, 0.091911, 0.034424, 1.000000, -0.000000, -0.000000, 0.000000, 0.646449, -0.762957, 0.000000, 0.762957, 0.646450),

              ["LeftLowerLeg"] = CFrame.new(-0.000000, 0.125822, -0.092055, 1.000000, -0.000000, -0.000000, 0.000000, 0.046256, 0.998930, -0.000000, -0.998930, 0.046241),

              ["LeftUpperArm"] = CFrame.new(0.284490, -0.054711, -0.176946, 0.979530, 0.077435, -0.185811, -0.043052, -0.821110, -0.569145, -0.196643, 0.565493, -0.800967),

              ["LeftUpperLeg"] = CFrame.new(0.000000, 0.000000, -0.000100, 0.912648, 0.232179, -0.336398, -0.205205, -0.451521, -0.868353, -0.353504, 0.861523, -0.364417),

              ["LowerTorso"] = CFrame.new(0.000000, -0.809017, 1.356713, 1.000000, -0.000000, -0.000000, 0.000000, -0.400452, 0.916318, -0.000000, -0.916318, -0.400452),

              ["RightFoot"] = CFrame.new(-0.000000, 0.032520, -0.000101, 0.941812, 0.257131, 0.216511, -0.287134, 0.950291, 0.120447, -0.174768, -0.175588, 0.968822),

              ["RightHand"] = CFrame.new(-0.000488, 0.018158, -0.000000, 0.941542, 0.291219, -0.169384, -0.253520, 0.943576, 0.213056, 0.221870, -0.157657, 0.962246),

              ["RightLowerArm"] = CFrame.new(0.000000, 0.091956, 0.034375, 1.000000, 0.000000, 0.000000, -0.000000, 0.646959, -0.762524, -0.000000, 0.762525, 0.646960),

              ["RightLowerLeg"] = CFrame.new(0.000000, 0.125765, -0.094699, 1.000000, 0.000000, 0.000000, -0.000000, 0.019799, 0.999804, 0.000000, -0.999804, 0.019785),

              ["RightUpperArm"] = CFrame.new(-0.296362, -0.001747, -0.168127, 0.982597, -0.087245, 0.163984, 0.016871, -0.837262, -0.546543, 0.184981, 0.539797, -0.821219),

              ["RightUpperLeg"] = CFrame.new(-0.000000, 0.000000, -0.000000, 0.941812, -0.180419, 0.283615, 0.175695, -0.455103, -0.872943, 0.286570, 0.871969, -0.396904),

              ["UpperTorso"] = CFrame.new(0.000000, -0.036315, 0.053574, 1.000000, 0.000000, 0.000000, -0.000000, 0.964334, -0.264687, -0.000000, 0.264687, 0.964334)

          }},

          {Time = 0.200, Data = {

              ["Head"] = CFrame.new(0.000000, 0.000000, -0.000000, 0.999900, -0.012772, 0.006058, 0.005367, -0.053522, -0.998552, 0.013077, 0.998485, -0.053448),

              ["LeftFoot"] = CFrame.new(-0.000000, 0.032470, -0.000001, 0.905378, -0.324805, -0.273494, 0.363743, 0.925575, 0.104919, 0.219049, -0.194453, 0.956135),

              ["LeftHand"] = CFrame.new(0.000490, 0.015209, -0.000000, 0.925719, -0.326890, 0.190233, 0.322814, 0.944981, 0.052934, -0.197069, 0.012408, 0.980311),

              ["LeftLowerArm"] = CFrame.new(-0.000500, 0.081024, 0.025870, 1.000000, -0.000000, -0.000000, 0.000000, 0.735145, -0.677910, 0.000000, 0.677910, 0.735145),

              ["LeftLowerLeg"] = CFrame.new(0.000000, 0.126038, -0.097035, 1.000000, -0.000000, -0.000000, 0.000000, -0.005556, 0.999985, -0.000000, -0.999985, -0.005570),

              ["LeftUpperArm"] = CFrame.new(0.284462, -0.054652, -0.187095, 0.979473, 0.066031, -0.190454, -0.039388, -0.863920, -0.502087, -0.197691, 0.499282, -0.843585),

              ["LeftUpperLeg"] = CFrame.new(0.000000, 0.000000, -0.000100, 0.905377, 0.217024, -0.364951, -0.233942, -0.462335, -0.855298, -0.354351, 0.859737, -0.367798),

              ["LowerTorso"] = CFrame.new(0.000000, -0.807205, 1.412980, 1.000000, -0.000000, -0.000000, 0.000000, -0.347073, 0.937838, -0.000000, -0.937838, -0.347073),

              ["RightFoot"] = CFrame.new(0.000000, 0.032848, -0.000101, 0.936683, 0.267870, 0.225554, -0.302008, 0.943969, 0.133121, -0.177247, -0.192792, 0.965093),

              ["RightHand"] = CFrame.new(-0.000490, 0.015208, -0.000000, 0.940468, 0.293807, -0.170873, -0.266789, 0.949622, 0.164447, 0.210578, -0.109069, 0.971473),

              ["RightLowerArm"] = CFrame.new(0.000000, 0.081467, 0.026106, 1.000000, 0.000000, 0.000000, -0.000000, 0.732699, -0.680553, -0.000000, 0.680553, 0.732699),

              ["RightLowerLeg"] = CFrame.new(0.000000, 0.125849, -0.099816, 1.000000, 0.000000, 0.000000, -0.000000, -0.033463, 0.999440, 0.000000, -0.999440, -0.033476),

              ["RightUpperArm"] = CFrame.new(-0.298830, 0.000789, -0.177618, 0.982398, -0.079009, 0.169269, 0.012582, -0.876104, -0.481959, 0.186376, 0.475604, -0.859688),

              ["RightUpperLeg"] = CFrame.new(0.000000, 0.000000, -0.000000, 0.936682, -0.167041, 0.307768, 0.199905, -0.466545, -0.861621, 0.287514, 0.868581, -0.403595),

              ["UpperTorso"] = CFrame.new(0.000000, -0.032755, 0.055822, 1.000000, 0.000000, 0.000000, -0.000000, 0.979504, -0.201424, -0.000000, 0.201424, 0.979504)

          }},

          {Time = 0.217, Data = {

              ["Head"] = CFrame.new(0.000000, 0.000000, -0.000000, 0.999900, -0.012772, 0.006058, 0.005335, -0.055956, -0.998419, 0.013090, 0.998352, -0.055883),

              ["LeftFoot"] = CFrame.new(0.000000, 0.032972, -0.000001, 0.897091, -0.337991, -0.284597, 0.373689, 0.924057, 0.080504, 0.235761, -0.178552, 0.955261),

              ["LeftHand"] = CFrame.new(0.000491, 0.013249, -0.000000, 0.925333, -0.327710, 0.190699, 0.328454, 0.944086, 0.028615, -0.189412, 0.036158, 0.981231),

              ["LeftLowerArm"] = CFrame.new(-0.000500, 0.074913, 0.022106, 1.000000, -0.000000, -0.000000, 0.000000, 0.774162, -0.632987, 0.000000, 0.632987, 0.774163),

              ["LeftLowerLeg"] = CFrame.new(-0.000000, 0.126004, -0.102760, 1.000000, -0.000000, -0.000000, 0.000000, -0.065227, 0.997870, -0.000000, -0.997871, -0.065239),

              ["LeftUpperArm"] = CFrame.new(0.284448, -0.054650, -0.191819, 0.979446, 0.060397, -0.192451, -0.037727, -0.882426, -0.468937, -0.198146, 0.466558, -0.862010),

              ["LeftUpperLeg"] = CFrame.new(0.000000, 0.000000, -0.000100, 0.897090, 0.210885, -0.388269, -0.280292, -0.407692, -0.869044, -0.341563, 0.888434, -0.306610),

              ["LowerTorso"] = CFrame.new(0.000000, -0.835949, 1.447608, 1.000000, -0.000000, -0.000000, 0.000000, -0.248153, 0.968721, -0.000000, -0.968721, -0.248153),

              ["RightFoot"] = CFrame.new(0.000000, 0.033329, -0.000101, 0.930909, 0.279400, 0.235262, -0.311046, 0.944056, 0.109612, -0.191465, -0.175197, 0.965731),

              ["RightHand"] = CFrame.new(-0.000491, 0.013374, -0.000000, 0.939990, 0.294953, -0.171531, -0.273010, 0.951711, 0.140400, 0.204658, -0.085144, 0.975123),

              ["RightLowerArm"] = CFrame.new(0.000000, 0.075633, 0.022447, 1.000000, 0.000000, 0.000000, -0.000000, 0.770622, -0.637292, -0.000000, 0.637292, 0.770622),

              ["RightLowerLeg"] = CFrame.new(0.000000, 0.125609, -0.105686, 1.000000, 0.000000, 0.000000, -0.000000, -0.094639, 0.995511, 0.000000, -0.995512, -0.094651),

              ["RightUpperArm"] = CFrame.new(-0.299984, 0.001943, -0.182027, 0.982307, -0.074822, 0.171685, 0.010642, -0.892943, -0.450045, 0.186978, 0.443909, -0.876347),

              ["RightUpperLeg"] = CFrame.new(0.000000, 0.000000, -0.000000, 0.930908, -0.161168, 0.327768, 0.238425, -0.411687, -0.879592, 0.276700, 0.896961, -0.344798),

              ["UpperTorso"] = CFrame.new(0.000000, -0.026595, 0.059006, 1.000000, 0.000000, 0.000000, -0.000000, 0.995431, -0.095484, -0.000000, 0.095484, 0.995431)

          }},

          {Time = 0.233, Data = {

              ["Head"] = CFrame.new(-0.000000, 0.000000, -0.000000, 0.999900, -0.012772, 0.006058, 0.005336, -0.055833, -0.998426, 0.013090, 0.998358, -0.055760),

              ["LeftFoot"] = CFrame.new(0.000000, 0.033273, -0.000001, 0.889431, -0.349638, -0.294403, 0.372810, 0.927581, 0.024699, 0.264433, -0.131710, 0.955362),

              ["LeftHand"] = CFrame.new(0.000491, 0.013370, -0.000000, 0.925352, -0.327669, 0.190676, 0.328176, 0.944146, 0.029836, -0.189800, 0.034966, 0.981200),

              ["LeftLowerArm"] = CFrame.new(-0.000500, 0.075245, 0.022289, 1.000000, -0.000000, -0.000000, 0.000000, 0.772270, -0.635294, 0.000000, 0.635294, 0.772270),

              ["LeftLowerLeg"] = CFrame.new(0.000000, 0.125557, -0.108156, 1.000000, -0.000000, -0.000000, 0.000000, -0.121387, 0.992604, -0.000000, -0.992605, -0.121398),

              ["LeftUpperArm"] = CFrame.new(0.284449, -0.054649, -0.191579, 0.979448, 0.060681, -0.192355, -0.037810, -0.881528, -0.470616, -0.198123, 0.468216, -0.861116),

              ["LeftUpperLeg"] = CFrame.new(-0.000000, -0.000000, -0.000100, 0.889429, 0.217224, -0.402150, -0.333119, -0.294376, -0.895759, -0.312965, 0.930675, -0.189448),

              ["LowerTorso"] = CFrame.new(0.000000, -0.887327, 1.456048, 1.000000, -0.000000, -0.000000, 0.000000, -0.121079, 0.992643, -0.000000, -0.992643, -0.121079),

              ["RightFoot"] = CFrame.new(0.000000, 0.033638, -0.000101, 0.925661, 0.289424, 0.243703, -0.310817, 0.948960, 0.053584, -0.215744, -0.125333, 0.968369),

              ["RightHand"] = CFrame.new(-0.000491, 0.013490, 0.000000, 0.940014, 0.294895, -0.171498, -0.272703, 0.951621, 0.141601, 0.204957, -0.086337, 0.974955),

              ["RightLowerArm"] = CFrame.new(0.000000, 0.075952, 0.022623, 1.000000, 0.000000, 0.000000, -0.000000, 0.768792, -0.639498, -0.000000, 0.639499, 0.768792),

              ["RightLowerLeg"] = CFrame.new(0.000000, 0.124981, -0.111192, 1.000000, 0.000000, 0.000000, -0.000000, -0.151951, 0.988386, 0.000000, -0.988388, -0.151963),

              ["RightUpperArm"] = CFrame.new(-0.299925, 0.001884, -0.181803, 0.982311, -0.075032, 0.171566, 0.010740, -0.892130, -0.451652, 0.186948, 0.445505, -0.875543),

              ["RightUpperLeg"] = CFrame.new(0.000000, -0.000000, -0.000000, 0.925660, -0.166010, 0.339989, 0.281900, -0.296756, -0.912403, 0.252363, 0.940413, -0.227879),

              ["UpperTorso"] = CFrame.new(0.000000, -0.018770, 0.061941, 1.000000, 0.000000, 0.000000, -0.000000, 0.999436, 0.033583, -0.000000, -0.033583, 0.999436)

          }},

          {Time = 0.250, Data = {

              ["Head"] = CFrame.new(0.000000, 0.000000, -0.000000, 0.999900, -0.012772, 0.006058, 0.005367, -0.053522, -0.998552, 0.013077, 0.998485, -0.053448),

              ["LeftFoot"] = CFrame.new(0.000000, 0.033476, -0.000001, 0.884546, -0.356816, -0.300448, 0.358935, 0.932016, -0.050144, 0.297899, -0.063476, 0.952479),

              ["LeftHand"] = CFrame.new(0.000490, 0.015209, -0.000000, 0.925719, -0.326890, 0.190233, 0.322814, 0.944981, 0.052934, -0.197069, 0.012408, 0.980311),

              ["LeftLowerArm"] = CFrame.new(-0.000500, 0.081024, 0.025870, 1.000000, -0.000000, -0.000000, 0.000000, 0.735145, -0.677910, 0.000000, 0.677910, 0.735145),

              ["LeftLowerLeg"] = CFrame.new(-0.000000, 0.125078, -0.111779, 1.000000, -0.000000, -0.000000, 0.000000, -0.159100, 0.987261, -0.000000, -0.987262, -0.159111),

              ["LeftUpperArm"] = CFrame.new(0.284462, -0.054652, -0.187095, 0.979473, 0.066031, -0.190454, -0.039388, -0.863920, -0.502087, -0.197691, 0.499282, -0.843585),

