return {
["hug"] = {
        {Time = 0.000, Data = {
            ["Head"] = CFrame.new(-2.4443833335795525e-24, 4.76837158203125e-07, 2.2351741790771484e-08, 0.76667380332946777, 0.31849914789199829, -0.55746716260910034, -0.24000935256481171, 0.94750446081161499, 0.21125999093055725, 0.59548872709274292, -0.028170183300971985, 0.80286961793899536),
            ["LeftFoot"] = CFrame.new(2.6487247950512938e-08, -0.00022119283676147461, -3.2280966024700319e-06, 1, 0, 0, 0, 0.99996423721313477, -0.0084594814106822014, 0, 0.0084594814106822014, 0.99996423721313477),
            ["LeftHand"] = CFrame.new(0.00048874318599700928, 0.01775437593460083, 2.0116567611694336e-07, 0.90919995307922363, -0.35953411459922791, 0.20997790992259979, 0.36639049649238586, 0.45133376121520996, -0.81366813182830811, 0.19777132570743561, 0.81672096252441406, 0.54208254814147949),
            ["LeftLowerArm"] = CFrame.new(-0.00050008296966552734, 0.09004664421081543, 0.032783776521682739, 1, 0, 0, 0, 0.66346830129623413, -0.74820441007614136, 0, 0.74820441007614136, 0.66346830129623413),
            ["LeftLowerLeg"] = CFrame.new(2.428603806947649e-08, 0.00017923116683959961, 0.00010329471115255728, 1, 0, 0, 0, 1, 0, 0, 0, 1),
            ["LeftUpperArm"] = CFrame.new(-0.052087664604187012, -1.2299984693527222, 0.056611873209476471, 0.23539233207702637, -0.034703850746154785, -0.97128057479858398, -0.89023607969284058, 0.39328145980834961, -0.22980284690856934, 0.38996168971061707, 0.9187629222869873, 0.061680793762207031),
            ["LeftUpperLeg"] = CFrame.new(2.9802322387695312e-08, -3.480818122625351e-08, -9.9992255854886025e-05, 1, -0, 0, 0, 0.99994271993637085, 0.010703777894377708, -0, -0.010703777894377708, 0.99994271993637085),
            ["LowerTorso"] = CFrame.new(0, 0, -0.23578046262264252, 1, 0, 0, 0, 0.99999749660491943, -0.0022443714551627636, 0, 0.0022443714551627636, 0.99999749660491943),
            ["RightFoot"] = CFrame.new(-2.4189436231836225e-08, 0.013390660285949707, -0.00010295319225406274, 1, -0, 0, 0, 0.99535143375396729, 0.096309572458267212, -0, -0.096309572458267212, 0.99535143375396729),
            ["RightHand"] = CFrame.new(-0.00048790872097015381, 0.01806873083114624, -1.7881393432617188e-07, 0.93800950050354004, 0.29926136136054993, -0.17487357556819916, -0.30036994814872742, 0.45006752014160156, -0.8409619927406311, -0.17296253144741058, 0.84135717153549194, 0.51205670833587646),
            ["RightLowerArm"] = CFrame.new(-4.76837158203125e-07, 0.091637194156646729, 0.034090414643287659, 1, 0, 0, 0, 0.64995038509368896, -0.75997656583786011, 0, 0.75997656583786011, 0.64995038509368896),
            ["RightLowerLeg"] = CFrame.new(-3.723676300637635e-08, 0.066212654113769531, -0.015558838844299316, 1, -0, 0, 0, 0.84176278114318848, 0.53984755277633667, -0, -0.53984755277633667, 0.84176278114318848),
            ["RightUpperArm"] = CFrame.new(-0.078916370868682861, -0.7240750789642334, 0.11180157214403152, 0.31870180368423462, 0.084096670150756836, 0.94411706924438477, 0.91632556915283203, 0.22743189334869385, -0.32957875728607178, -0.24243882298469543, 0.97015595436096191, -0.0045769214630126953),
            ["RightUpperLeg"] = CFrame.new(0, -3.480818122625351e-08, -5.583569873124361e-08, 1, -0, 0, 0, 0.9998897910118103, 0.014846980571746826, -0, -0.014846980571746826, 0.9998897910118103),
            ["UpperTorso"] = CFrame.new(3.3696505888992966e-16, 0, -1.5366822481155396e-08, 1, -0, 0, 0, 0.9920799732208252, 0.12560804188251495, -0, -0.12560804188251495, 0.9920799732208252)
        }},
        {Time = 0.043, Data = {
            ["Head"] = CFrame.new(1.8143043513614259e-24, 1.1920928955078125e-07, 2.2351741790771484e-08, 0.76667380332946777, 0.31849914789199829, -0.55746716260910034, -0.24000935256481171, 0.94750446081161499, 0.21125999093055725, 0.59548872709274292, -0.028170183300971985, 0.80286961793899536),
            ["LeftFoot"] = CFrame.new(-3.3116172915015341e-08, -0.00022107362747192383, -3.1908436994854128e-06, 1, 0, 0, 0, 0.99996423721313477, -0.0084594814106822014, 0, 0.0084594814106822014, 0.99996423721313477),
            ["LeftHand"] = CFrame.new(0.00048850476741790771, 0.01775813102722168, 2.2351741790771484e-08, 0.9091992974281311, -0.3595033586025238, 0.21003322303295135, 0.3664417564868927, 0.45141643285751343, -0.81359922885894775, 0.19767920672893524, 0.81668877601623535, 0.54216456413269043),
            ["LeftLowerArm"] = CFrame.new(-0.00050014257431030273, 0.090059995651245117, 0.032795116305351257, 1, 0, 0, 0, 0.6633266806602478, -0.74832993745803833, 0, 0.74832993745803833, 0.6633266806602478),
            ["LeftLowerLeg"] = CFrame.new(-3.5312851309754478e-08, 0.00017946958541870117, 0.00010323044989490882, 1, 0, 0, 0, 1, 0, 0, 0, 1),
            ["LeftUpperArm"] = CFrame.new(-0.052101969718933105, -1.2300158739089966, 0.056581489741802216, 0.23533552885055542, -0.034662127494812012, -0.97129583358764648, -0.89027780294418335, 0.39322465658187866, -0.22973835468292236, 0.38990065455436707, 0.91878879070281982, 0.061680793762207031),
            ["LeftUpperLeg"] = CFrame.new(2.9802322387695312e-08, -1.9324943423271179e-08, -9.9978286016266793e-05, 1, -0, 0, 0, 0.99994361400604248, 0.010617459192872047, -0, -0.010617459192872047, 0.99994361400604248),
            ["LowerTorso"] = CFrame.new(0, 0, -0.23578046262264252, 1, 0, 0, 0, 0.99999767541885376, -0.0021580490283668041, 0, 0.0021580490283668041, 0.99999767541885376),
            ["RightFoot"] = CFrame.new(-2.4187109204376611e-08, 0.013390898704528809, -0.00010299789573764428, 1, -0, 0, 0, 0.99535143375396729, 0.096309572458267212, -0, -0.096309572458267212, 0.99535143375396729),
            ["RightHand"] = CFrame.new(-0.00048780441284179688, 0.018074154853820801, -1.7881393432617188e-07, 0.93800950050354004, 0.29927906394004822, -0.17484325170516968, -0.30038747191429138, 0.45023798942565918, -0.84086447954177856, -0.17293208837509155, 0.8412596583366394, 0.51222717761993408),
            ["RightLowerArm"] = CFrame.new(1.1920928955078125e-07, 0.091656327247619629, 0.034107349812984467, 1, 0, 0, 0, 0.64973366260528564, -0.7601618766784668, 0, 0.7601618766784668, 0.64973366260528564),
            ["RightLowerLeg"] = CFrame.new(-3.7230531546583734e-08, 0.066212356090545654, -0.015558888204395771, 1, -0, 0, 0, 0.84176278114318848, 0.53984755277633667, -0, -0.53984755277633667, 0.84176278114318848),
            ["RightUpperArm"] = CFrame.new(-0.078896462917327881, -0.72409093379974365, 0.11176977306604385, 0.31864392757415771, 0.084058672189712524, 0.94413995742797852, 0.91636359691619873, 0.22737407684326172, -0.32951316237449646, -0.24237141013145447, 0.97017276287078857, -0.0045769214630126953),
            ["RightUpperLeg"] = CFrame.new(0, -1.9324943423271179e-08, -4.1865860112011433e-08, 1, -0, 0, 0, 0.99989104270935059, 0.014760661870241165, -0, -0.014760661870241165, 0.99989104270935059),
            ["UpperTorso"] = CFrame.new(-1.2728583268165473e-15, -2.9802322387695312e-08, 4.1909515857696533e-09, 1, -0, 0, 0, 0.9920799732208252, 0.12560804188251495, -0, -0.12560804188251495, 0.9920799732208252)
        }},
        {Time = 0.087, Data = {
            ["Head"] = CFrame.new(9.2573142772047824e-25, 0, 0, 0.76667380332946777, 0.31849914789199829, -0.55746716260910034, -0.24000935256481171, 0.94750446081161499, 0.21125999093055725, 0.59548872709274292, -0.028170183300971985, 0.80286961793899536),
            ["LeftFoot"] = CFrame.new(2.4232011952562971e-08, -0.00022107362747192383, -3.2042812563304324e-06, 1, 0, 0, 0, 0.99996423721313477, -0.0084594814106822014, 0, 0.0084594814106822014, 0.99996423721313477),
            ["LeftHand"] = CFrame.new(0.00048822164535522461, 0.017768263816833496, 1.2665987014770508e-07, 0.90923607349395752, -0.35945570468902588, 0.20995558798313141, 0.36639285087585449, 0.45161837339401245, -0.81350916624069214, 0.19760070741176605, 0.81659811735153198, 0.54232966899871826),
            ["LeftLowerArm"] = CFrame.new(-0.0004997551441192627, 0.090096414089202881, 0.032827362418174744, 1, 0, 0, 0, 0.66304314136505127, -0.74858123064041138, 0, 0.74858123064041138, 0.66304314136505127),
            ["LeftLowerLeg"] = CFrame.new(2.0262294952999582e-08, 0.00017946958541870117, 0.00010328290954930708, 1, 0, 0, 0, 1, 0, 0, 0, 1),
            ["LeftUpperArm"] = CFrame.new(-0.052143096923828125, -1.2300643920898438, 0.056496128439903259, 0.23531222343444824, -0.03451770544052124, -0.97130668163299561, -0.8903459906578064, 0.39311105012893677, -0.22966852784156799, 0.38975897431373596, 0.91884291172027588, 0.061771154403686523),
            ["LeftUpperLeg"] = CFrame.new(2.9802322387695312e-08, 8.7864464148879051e-08, -9.9988530564587563e-05, 1, -0, 0, 0, 0.99994546175003052, 0.010444820858538151, -0, -0.010444820858538151, 0.99994546175003052),
            ["LowerTorso"] = CFrame.new(0, 0, -0.23578046262264252, 1, 0, 0, 0, 0.99999803304672241, -0.0019854055717587471, 0, 0.0019854055717587471, 0.99999803304672241),
            ["RightFoot"] = CFrame.new(4.5060122744189357e-08, 0.013391017913818359, -0.00010286940232617781, 1, -0, 0, 0, 0.99535143375396729, 0.096309572458267212, -0, -0.096309572458267212, 0.99535143375396729),
            ["RightHand"] = CFrame.new(-0.00048784911632537842, 0.018089652061462402, -5.9604644775390625e-08, 0.93807017803192139, 0.2991311252117157, -0.17477087676525116, -0.30032435059547424, 0.45063978433609009, -0.84067177772521973, -0.17271240055561066, 0.84109711647033691, 0.51256811618804932),
            ["RightLowerArm"] = CFrame.new(0, 0.091710865497589111, 0.03415578231215477, 1, 0, 0, 0, 0.6492277979850769, -0.76059401035308838, 0, 0.76059401035308838, 0.6492277979850769),
            ["RightLowerLeg"] = CFrame.new(-1.2713247343754119e-08, 0.066212296485900879, -0.015558882616460323, 1, -0, 0, 0, 0.84176278114318848, 0.53984755277633667, -0, -0.53984755277633667, 0.84176278114318848),
            ["RightUpperArm"] = CFrame.new(-0.078839778900146484, -0.72413372993469238, 0.11168050765991211, 0.31855279207229614, 0.083811849355697632, 0.94419252872467041, 0.91643762588500977, 0.22729074954986572, -0.3293643593788147, -0.24221083521842957, 0.97021359205245972, -0.0044041872024536133),
            ["RightUpperLeg"] = CFrame.new(0, 8.7864464148879051e-08, -5.2110408432781696e-08, 1, -0, 0, 0, 0.99989485740661621, 0.014501716941595078, -0, -0.014501716941595078, 0.99989485740661621),
            ["UpperTorso"] = CFrame.new(1.502699234746344e-15, 5.9604644775390625e-08, 3.2596290111541748e-09, 1, -0, 0, 0, 0.9920799732208252, 0.12560804188251495, -0, -0.12560804188251495, 0.9920799732208252)
        }},
        {Time = 0.130, Data = {
            ["Head"] = CFrame.new(9.4834964759497509e-25, 1.1920928955078125e-07, 7.4505805969238281e-09, 0.76667380332946777, 0.31849914789199829, -0.55746716260910034, -0.24000935256481171, 0.94750446081161499, 0.21125999093055725, 0.59548872709274292, -0.028170183300971985, 0.80286961793899536),
            ["LeftFoot"] = CFrame.new(-3.5367232698035878e-08, -0.00022071599960327148, -3.2161556191567797e-06, 1, 0, 0, 0, 0.99996423721313477, -0.0084594814106822014, 0, 0.0084594814106822014, 0.99996423721313477),
            ["LeftHand"] = CFrame.new(0.00048834085464477539, 0.017783761024475098, 5.2154064178466797e-08, 0.90927219390869141, -0.35938793420791626, 0.20991508662700653, 0.36640512943267822, 0.45198547840118408, -0.81329971551895142, 0.19741155207157135, 0.81642478704452515, 0.54265940189361572),
            ["LeftLowerArm"] = CFrame.new(-0.00050026178359985352, 0.090153515338897705, 0.032876372337341309, 1, 0, 0, 0, 0.66254699230194092, -0.74902033805847168, 0, 0.74902033805847168, 0.66254699230194092),
            ["LeftLowerLeg"] = CFrame.new(2.0287503232907511e-08, 0.00017946958541870117, 0.0001033322696457617, 1, 0, 0, 0, 1, 0, 0, 0, 1),
            ["LeftUpperArm"] = CFrame.new(-0.052206039428710938, -1.230138897895813, 0.056364066898822784, 0.23517519235610962, -0.034289747476577759, -0.97134798765182495, -0.89049768447875977, 0.39288365840911865, -0.22946962714195251, 0.38949519395828247, 0.91894865036010742, 0.061861515045166016),
            ["LeftUpperLeg"] = CFrame.new(2.9802322387695312e-08, 8.0093741416931152e-08, -9.9988530564587563e-05, 1, -0, 0, 0, 0.99994897842407227, 0.010099546983838081, -0, -0.010099546983838081, 0.99994897842407227),
            ["LowerTorso"] = CFrame.new(0, 0, -0.23578046262264252, 1, 0, 0, 0, 0.99999862909317017, -0.0016401180764660239, 0, 0.0016401180764660239, 0.99999862909317017),
            ["RightFoot"] = CFrame.new(-4.8983608280650515e-09, 0.013391077518463135, -0.00010288991325069219, 1, -0, 0, 0, 0.99535143375396729, 0.096309572458267212, -0, -0.096309572458267212, 0.99535143375396729),
            ["RightHand"] = CFrame.new(-0.00048768520355224609, 0.018113255500793457, 2.9802322387695312e-08, 0.93813085556030273, 0.29900085926055908, -0.17466829717159271, -0.30027866363525391, 0.45121169090270996, -0.84038126468658447, -0.17246235907077789, 0.84083676338195801, 0.51307916641235352),
            ["RightLowerArm"] = CFrame.new(-6.5565109252929688e-07, 0.09179455041885376, 0.034230727702379227, 1, 0, 0, 0, 0.64843201637268066, -0.76127254962921143, 0, 0.76127254962921143, 0.64843201637268066),
            ["RightLowerLeg"] = CFrame.new(1.1813561684448359e-08, 0.066212773323059082, -0.015558809041976929, 1, -0, 0, 0, 0.84176278114318848, 0.53984755277633667, -0, -0.53984755277633667, 0.84176278114318848),
            ["RightUpperArm"] = CFrame.new(-0.078752577304840088, -0.72420072555541992, 0.11154226213693619, 0.31834572553634644, 0.083488970994949341, 0.94429105520248413, 0.9165877103805542, 0.22709155082702637, -0.32908439636230469, -0.24191540479660034, 0.97028815746307373, -0.0042313337326049805),
            ["RightUpperLeg"] = CFrame.new(0, 8.0093741416931152e-08, -5.2110408432781696e-08, 1, -0, 0, 0, 0.99989855289459229, 0.014242773875594139, -0, -0.014242773875594139, 0.99989855289459229),
            ["UpperTorso"] = CFrame.new(-2.0222587625594096e-15, 1.1920928955078125e-07, -9.3132257461547852e-09, 1, -0, 0, 0, 0.9920799732208252, 0.12560804188251495, -0, -0.12560804188251495, 0.9920799732208252)
        }},
        {Time = 0.174, Data = {
            ["Head"] = CFrame.new(-4.045430183267151e-24, 0, 1.4901161193847656e-08, 0.76667380332946777, 0.31849914789199829, -0.55746716260910034, -0.24000935256481171, 0.94750446081161499, 0.21125999093055725, 0.59548872709274292, -0.028170183300971985, 0.80286961793899536),
            ["LeftFoot"] = CFrame.new(2.6504258343607034e-08, -0.00022119283676147461, -3.1838583254284458e-06, 1, 0, 0, 0, 0.99996423721313477, -0.0084594814106822014, 0, 0.0084594814106822014, 0.99996423721313477),
            ["LeftHand"] = CFrame.new(0.00048811733722686768, 0.017804145812988281, 2.2351741790771484e-08, 0.90934443473815918, -0.35923111438751221, 0.20987062156200409, 0.3664095401763916, 0.45255410671234131, -0.81298142671585083, 0.1970704048871994, 0.81617873907089233, 0.54315328598022461),
            ["LeftLowerArm"] = CFrame.new(-0.00050008296966552734, 0.090226709842681885, 0.032939702272415161, 1, 0, 0, 0, 0.66183751821517944, -0.74964731931686401, 0, 0.74964731931686401, 0.66183751821517944),
            ["LeftLowerLeg"] = CFrame.new(2.4365803596992919e-08, 0.00017935037612915039, 0.0001033198568620719, 1, 0, 0, 0, 1, 0, 0, 0, 1),
            ["LeftUpperArm"] = CFrame.new(-0.05228734016418457, -1.2302342653274536, 0.056193828582763672, 0.23507153987884521, -0.033959299325942993, -0.97138470411300659, -0.89067566394805908, 0.39259934425354004, -0.22926542162895203, 0.38915067911148071, 0.9190824031829834, 0.062042236328125),
            ["LeftUpperLeg"] = CFrame.new(2.9802322387695312e-08, 1.0864459909498692e-07, -9.9985270935576409e-05, 1, -0, 0, 0, 0.99995326995849609, 0.0096679525449872017, -0, -0.0096679525449872017, 0.99995326995849609),
            ["LowerTorso"] = CFrame.new(0, 0, -0.23578046262264252, 1, 0, 0, 0, 0.9999992847442627, -0.0012085079215466976, 0, 0.0012085079215466976, 0.9999992847442627),
            ["RightFoot"] = CFrame.new(4.5083712763016592e-08, 0.013390898704528809, -0.00010280981223331764, 1, -0, 0, 0, 0.99535143375396729, 0.096309572458267212, -0, -0.096309572458267212, 0.99535143375396729),
            ["RightHand"] = CFrame.new(-0.0004876255989074707, 0.018143057823181152, 2.0861625671386719e-07, 0.93822163343429565, 0.29877528548240662, -0.17456656694412231, -0.30022242665290833, 0.45198386907577515, -0.83998650312423706, -0.1720658540725708, 0.84050232172012329, 0.51376008987426758),
            ["RightLowerArm"] = CFrame.new(-5.9604644775390625e-08, 0.091902613639831543, 0.034326594322919846, 1, 0, 0, 0, 0.64749038219451904, -0.7620735764503479, 0, 0.7620735764503479, 0.64749038219451904),
            ["RightLowerLeg"] = CFrame.new(-1.2652328962303727e-08, 0.06621253490447998, -0.015558818355202675, 1, -0, 0, 0, 0.84176278114318848, 0.53984755277633667, -0, -0.53984755277633667, 0.84176278114318848),
            ["RightUpperArm"] = CFrame.new(-0.078639805316925049, -0.72428691387176514, 0.11136405169963837, 0.31816297769546509, 0.083060950040817261, 0.94439035654067993, 0.91675257682800293, 0.22683417797088623, -0.32880237698554993, -0.24153059720993042, 0.97038507461547852, -0.0039761066436767578),
            ["RightUpperLeg"] = CFrame.new(0, 1.0864459909498692e-07, -4.8850779421627522e-08, 1, -0, 0, 0, 0.99990582466125488, 0.013724876567721367, -0, -0.013724876567721367, 0.99990582466125488),
            ["UpperTorso"] = CFrame.new(-8.9815805600555699e-16, 8.9406967163085938e-08, -6.0535967350006104e-09, 1, -0, 0, 0, 0.9920799732208252, 0.12560804188251495, -0, -0.12560804188251495, 0.9920799732208252)
        }},
        {Time = 0.217, Data = {
            ["Head"] = CFrame.new(-5.6545549686242126e-26, 0, -3.7252902984619141e-08, 0.76667380332946777, 0.31849914789199829, -0.55746716260910034, -0.24000935256481171, 0.94750446081161499, 0.21125999093055725, 0.59548872709274292, -0.028170183300971985, 0.80286961793899536),
            ["LeftFoot"] = CFrame.new(-3.309218499225608e-08, -0.00022095441818237305, -3.2178513720282353e-06, 1, 0, 0, 0, 0.99996423721313477, -0.0084594814106822014, 0, 0.0084594814106822014, 0.99996423721313477),
            ["LeftHand"] = CFrame.new(0.00048850476741790771, 0.017827808856964111, 1.1920928955078125e-07, 0.90945404767990112, -0.35904654860496521, 0.20971159636974335, 0.36630353331565857, 0.45315927267074585, -0.81269210577011108, 0.19676153361797333, 0.81592422723770142, 0.54364752769470215),
            ["LeftLowerArm"] = CFrame.new(-0.0005003809928894043, 0.090313315391540527, 0.033014245331287384, 1, 0, 0, 0, 0.66105616092681885, -0.7503364086151123, 0, 0.7503364086151123, 0.66105616092681885),
            ["LeftLowerLeg"] = CFrame.new(2.4404009479894739e-08, 0.00017958879470825195, 0.00010331613884773105, 1, 0, 0, 0, 1, 0, 0, 0, 1),
            ["LeftUpperArm"] = CFrame.new(-0.052382826805114746, -1.2303465604782104, 0.055994011461734772, 0.23482042551040649, -0.033648282289505005, -0.97145622968673706, -0.89091050624847412, 0.39225780963897705, -0.22893747687339783, 0.38876467943191528, 0.91923964023590088, 0.062132596969604492),
            ["LeftUpperLeg"] = CFrame.new(2.9802322387695312e-08, -1.5264959074556828e-07, -9.9990975286345929e-05, 1, -0, 0, 0, 0.99995815753936768, 0.009150039404630661, -0, -0.009150039404630661, 0.99995815753936768),
            ["LowerTorso"] = CFrame.new(0, 0, -0.23578046262264252, 1, 0, 0, 0, 0.9999997615814209, -0.0006905760383233428, 0, 0.0006905760383233428, 0.9999997615814209),
            ["RightFoot"] = CFrame.new(-7.4109948400291614e-08, 0.013390779495239258, -0.00010304823808837682, 1, -0, 0, 0, 0.99535143375396729, 0.096309572458267212, -0, -0.096309572458267212, 0.99535143375396729),
            ["RightHand"] = CFrame.new(-0.00048790872097015381, 0.018179178237915039, 0, 0.93831241130828857, 0.29856717586517334, -0.17443479597568512, -0.30018317699432373, 0.4529259204864502, -0.8394927978515625, -0.17163895070552826, 0.84006893634796143, 0.5146108865737915),
            ["RightLowerArm"] = CFrame.new(1.1920928955078125e-07, 0.09202873706817627, 0.0344400554895401, 1, 0, 0, 0, 0.64625716209411621, -0.76311969757080078, 0, 0.76311969757080078, 0.64625716209411621),
            ["RightLowerLeg"] = CFrame.new(-7.2216607804875821e-08, 0.066212594509124756, -0.015558881685137749, 1, -0, 0, 0, 0.84176278114318848, 0.53984755277633667, -0, -0.53984755277633667, 0.84176278114318848),
            ["RightUpperArm"] = CFrame.new(-0.07850801944732666, -0.72438782453536987, 0.11115480214357376, 0.31792193651199341, 0.082529395818710327, 0.94451820850372314, 0.9169384241104126, 0.22660893201828003, -0.3284391462802887, -0.24114218354225159, 0.97048306465148926, -0.0036303997039794922),
            ["RightUpperLeg"] = CFrame.new(0, -1.5264959074556828e-07, -5.4555130191147327e-08, 1, -0, 0, 0, 0.99991166591644287, 0.013293299823999405, -0, -0.013293299823999405, 0.99991166591644287),
            ["UpperTorso"] = CFrame.new(-6.3448003471752311e-16, 2.384185791015625e-07, -1.0593794286251068e-08, 1, -0, 0, 0, 0.9920799732208252, 0.12560804188251495, -0, -0.12560804188251495, 0.9920799732208252)
        }},
        {Time = 0.261, Data = {
            ["Head"] = CFrame.new(-2.3539104540815651e-24, -2.384185791015625e-07, 3.7252902984619141e-08, 0.76667380332946777, 0.31849914789199829, -0.55746716260910034, -0.24000935256481171, 0.94750446081161499, 0.21125999093055725, 0.59548872709274292, -0.028170183300971985, 0.80286961793899536),
            ["LeftFoot"] = CFrame.new(-3.5343123983011537e-08, -0.00022095441818237305, -3.1768067856319249e-06, 1, 0, 0, 0, 0.99996423721313477, -0.0084594814106822014, 0, 0.0084594814106822014, 0.99996423721313477),
            ["LeftHand"] = CFrame.new(0.00048848986625671387, 0.017854213714599609, 2.0861625671386719e-07, 0.90952610969543457, -0.35890024900436401, 0.20964926481246948, 0.36631745100021362, 0.45380979776382446, -0.81232273578643799, 0.1964019238948822, 0.81562697887420654, 0.54422330856323242),
            ["LeftLowerArm"] = CFrame.new(-0.00050020217895507812, 0.090407609939575195, 0.033096775412559509, 1, 0, 0, 0, 0.6602027416229248, -0.75108742713928223, 0, 0.75108742713928223, 0.6602027416229248),
            ["LeftLowerLeg"] = CFrame.new(2.0400308997636785e-08, 0.00017958879470825195, 0.00010326707706553861, 1, 0, 0, 0, 1, 0, 0, 0, 1),
            ["LeftUpperArm"] = CFrame.new(-0.052488207817077637, -1.2304714918136597, 0.055772639811038971, 0.23460239171981812, -0.033170163631439209, -0.97152531147003174, -0.89114564657211304, 0.39193528890609741, -0.22857397794723511, 0.38835683465003967, 0.91939455270767212, 0.062389492988586426),
            ["LeftUpperLeg"] = CFrame.new(2.9802322387695312e-08, -7.5924617704004049e-08, -9.998579480452463e-05, 1, -0, 0, 0, 0.99996346235275269, 0.008545801043510437, -0, -0.008545801043510437, 0.99996346235275269),
            ["LowerTorso"] = CFrame.new(0, 0, -0.23578046262264252, 1, 0, 0, 0, 1, 0, 0, 0, 1),
            ["RightFoot"] = CFrame.new(4.5116568259118139e-08, 0.013390958309173584, -0.0001029439372359775, 1, -0, 0, 0, 0.99535143375396729, 0.096309572458267212, -0, -0.096309572458267212, 0.99535143375396729),
            ["RightHand"] = CFrame.new(-0.00048843026161193848, 0.018218815326690674, 2.0861625671386719e-07, 0.93840301036834717, 0.29836791753768921, -0.1742883175611496, -0.30015230178833008, 0.45395177602767944, -0.83894973993301392, -0.17119710147380829, 0.83958595991134644, 0.51554548740386963),
            ["RightLowerArm"] = CFrame.new(3.5762786865234375e-07, 0.092168211936950684, 0.034565001726150513, 1, 0, 0, 0, 0.64502179622650146, -0.76416420936584473, 0, 0.76416420936584473, 0.64502179622650146),
            ["RightLowerLeg"] = CFrame.new(-7.217185782337765e-08, 0.06621253490447998, -0.015558907762169838, 1, -0, 0, 0, 0.84176278114318848, 0.53984755277633667, -0, -0.53984755277633667, 0.84176278114318848),
            ["RightUpperArm"] = CFrame.new(-0.078362584114074707, -0.72449922561645508, 0.11092304438352585, 0.31762242317199707, 0.082025915384292603, 0.94466274976730347, 0.91717875003814697, 0.2262347936630249, -0.32802572846412659, -0.24062222242355347, 0.97061300277709961, -0.0033751726150512695),
            ["RightUpperLeg"] = CFrame.new(0, -7.5924617704004049e-08, -4.9374648369848728e-08, 1, -0, 0, 0, 0.99991947412490845, 0.012689083814620972, -0, -0.012689083814620972, 0.99991947412490845),
            ["UpperTorso"] = CFrame.new(-1.1601013008780549e-15, 5.9604644775390625e-08, 1.7462298274040222e-09, 1, -0, 0, 0, 0.9920799732208252, 0.12560804188251495, -0, -0.12560804188251495, 0.9920799732208252)
        }},
        {Time = 0.304, Data = {
            ["Head"] = CFrame.new(-3.904874102618492e-24, 0, 5.2154064178466797e-08, 0.76667380332946777, 0.31849914789199829, -0.55746716260910034, -0.24000935256481171, 0.94750446081161499, 0.21125999093055725, 0.59548872709274292, -0.028170183300971985, 0.80286961793899536),
            ["LeftFoot"] = CFrame.new(2.42710207487562e-08, -0.00022071599960327148, -3.1947345178195974e-06, 1, 0, 0, 0, 0.99996423721313477, -0.0084594814106822014, 0, 0.0084594814106822014, 0.99996423721313477),
            ["LeftHand"] = CFrame.new(0.00048837065696716309, 0.01788175106048584, -2.6077032089233398e-08, 0.90963482856750488, -0.3586849570274353, 0.20954608917236328, 0.36626219749450684, 0.45449638366699219, -0.81196385622024536, 0.19600117206573486, 0.81533938646316528, 0.54479849338531494),
            ["LeftLowerArm"] = CFrame.new(-0.00050044059753417969, 0.090507924556732178, 0.033184170722961426, 1, 0, 0, 0, 0.65934813022613525, -0.75183790922164917, 0, 0.75183790922164917, 0.65934813022613525),
            ["LeftLowerLeg"] = CFrame.new(2.0444900883376249e-08, 0.00017958879470825195, 0.00010328942880732939, 1, 0, 0, 0, 1, 0, 0, 0, 1),
            ["LeftUpperArm"] = CFrame.new(-0.052599310874938965, -1.2306026220321655, 0.055538572371006012, 0.23438388109207153, -0.032756805419921875, -0.97159206867218018, -0.89140653610229492, 0.3915361762046814, -0.22824063897132874, 0.38788986206054688, 0.91957950592041016, 0.062570095062255859),
            ["LeftUpperLeg"] = CFrame.new(2.9802322387695312e-08, 3.7046265788376331e-07, -9.9980090453755111e-05, 1, -0, 0, 0, 0.99996846914291382, 0.0079415636137127876, -0, -0.0079415636137127876, 0.99996846914291382),
            ["LowerTorso"] = CFrame.new(0, 0, -0.23578046262264252, 1, -0, 0, 0, 0.99999988079071045, 0.00043161012581549585, -0, -0.00043161012581549585, 0.99999988079071045),
            ["RightFoot"] = CFrame.new(1.0473951306266827e-07, 0.013391196727752686, -0.00010298865527147427, 1, -0, 0, 0, 0.99535143375396729, 0.096309572458267212, -0, -0.096309572458267212, 0.99535143375396729),
            ["RightHand"] = CFrame.new(-0.00048775970935821533, 0.01826012134552002, 2.9802322387695312e-08, 0.93852365016937256, 0.29805544018745422, -0.17417331039905548, -0.30009272694587708, 0.45500731468200684, -0.83839893341064453, -0.17063920199871063, 0.83912539482116699, 0.51647937297821045),
            ["RightLowerArm"] = CFrame.new(-4.4703483581542969e-07, 0.092314958572387695, 0.034697439521551132, 1, 0, 0, 0, 0.6436384916305542, -0.76532971858978271, 0, 0.76532971858978271, 0.6436384916305542),
            ["RightLowerLeg"] = CFrame.new(-1.2520338543708931e-08, 0.06621253490447998, -0.015558809041976929, 1, -0, 0, 0, 0.84176278114318848, 0.53984755277633667, -0, -0.53984755277633667, 0.84176278114318848),
            ["RightUpperArm"] = CFrame.new(-0.078208684921264648, -0.72461652755737305, 0.11067792028188705, 0.31732237339019775, 0.081456959247589111, 0.94481277465820312, 0.91740214824676514, 0.22595059871673584, -0.32759657502174377, -0.24016603827476501, 0.97072708606719971, -0.0030295848846435547),
            ["RightUpperLeg"] = CFrame.new(0, 3.7046265788376331e-07, -4.3670297600328922e-08, 1, -0, 0, 0, 0.99992698431015015, 0.01208486407995224, -0, -0.01208486407995224, 0.99992698431015015),
            ["UpperTorso"] = CFrame.new(-7.9407459450738936e-16, 1.7881393432617188e-07, 8.4983184933662415e-09, 1, -0, 0, 0, 0.9920799732208252, 0.12560804188251495, -0, -0.12560804188251495, 0.9920799732208252)
        }},
        {Time = 0.348, Data = {
            ["Head"] = CFrame.new(-3.5381358232248645e-25, 2.384185791015625e-07, 3.7252902984619141e-08, 0.76667380332946777, 0.31849914789199829, -0.55746716260910034, -0.24000935256481171, 0.94750446081161499, 0.21125999093055725, 0.59548872709274292, -0.028170183300971985, 0.80286961793899536),
            ["LeftFoot"] = CFrame.new(-6.5126208426136145e-08, -0.00022053718566894531, -3.1896120162855368e-06, 1, 0, 0, 0, 0.99996423721313477, -0.0084594814106822014, 0, 0.0084594814106822014, 0.99996423721313477),
            ["LeftHand"] = CFrame.new(0.00048834085464477539, 0.017909646034240723, -8.5681676864624023e-08, 0.9097435474395752, -0.35846945643424988, 0.20944297313690186, 0.36620649695396423, 0.45518302917480469, -0.81160414218902588, 0.19560036063194275, 0.81505095958709717, 0.54537367820739746),
            ["LeftLowerArm"] = CFrame.new(-0.00050026178359985352, 0.090609371662139893, 0.033272944390773773, 1, 0, 0, 0, 0.65842139720916748, -0.75264954566955566, 0, 0.75264954566955566, 0.65842139720916748),
            ["LeftLowerLeg"] = CFrame.new(-9.3119618682635519e-09, 0.00017958879470825195, 0.00010324845061404631, 1, 0, 0, 0, 1, 0, 0, 0, 1),
            ["LeftUpperArm"] = CFrame.new(-0.052712440490722656, -1.2307357788085938, 0.055300094187259674, 0.23416513204574585, -0.032343626022338867, -0.97165864706039429, -0.89166712760925293, 0.3911367654800415, -0.22790735960006714, 0.38742274045944214, 0.91976410150527954, 0.062750816345214844),
            ["LeftUpperLeg"] = CFrame.new(2.9802322387695312e-08, -2.1228333935141563e-07, -9.9969438451807946e-05, 1, -0, 0, 0, 0.99997305870056152, 0.0073373215273022652, -0, -0.0073373215273022652, 0.99997305870056152),
            ["LowerTorso"] = CFrame.new(0, 0, -0.23578046262264252, 1, -0, 0, 0, 0.99999946355819702, 0.0010358641156926751, -0, -0.0010358641156926751, 0.99999946355819702),
            ["RightFoot"] = CFrame.new(5.4789310865999141e-08, 0.013391017913818359, -0.00010297937114955857, 1, -0, 0, 0, 0.99535143375396729, 0.096309572458267212, -0, -0.096309572458267212, 0.99535143375396729),
            ["RightHand"] = CFrame.new(-0.0004876554012298584, 0.018302559852600098, 5.9604644775390625e-08, 0.93864428997039795, 0.29778534173965454, -0.17398521304130554, -0.29999029636383057, 0.45606148242950439, -0.83786273002624512, -0.17015519738197327, 0.83864891529083252, 0.51741218566894531),
            ["RightLowerArm"] = CFrame.new(4.1723251342773438e-07, 0.092464148998260498, 0.034832175821065903, 1, 0, 0, 0, 0.64217931032180786, -0.76655453443527222, 0, 0.76655453443527222, 0.64217931032180786),
            ["RightLowerLeg"] = CFrame.new(-4.7576609318866758e-08, 0.066212654113769531, -0.015558939427137375, 1, -0, 0, 0, 0.84176278114318848, 0.53984755277633667, -0, -0.53984755277633667, 0.84176278114318848),
            ["RightUpperArm"] = CFrame.new(-0.078051924705505371, -0.72473561763763428, 0.11042831093072891, 0.3169635534286499, 0.080850541591644287, 0.94498538970947266, 0.91766321659088135, 0.22560757398605347, -0.32710170745849609, -0.23964226245880127, 0.97085762023925781, -0.0026842355728149414),
            ["RightUpperLeg"] = CFrame.new(0, -2.1228333935141563e-07, -3.3018295653164387e-08, 1, -0, 0, 0, 0.99993407726287842, 0.01148064061999321, -0, -0.01148064061999321, 0.99993407726287842),
            ["UpperTorso"] = CFrame.new(-4.124354297924918e-16, 2.9802322387695312e-08, 1.862645149230957e-08, 1, -0, 0, 0, 0.9920799732208252, 0.12560804188251495, -0, -0.12560804188251495, 0.9920799732208252)
        }},
        {Time = 0.391, Data = {
            ["Head"] = CFrame.new(-2.481541837659083e-24, 1.1920928955078125e-07, 0, 0.76667380332946777, 0.31849914789199829, -0.55746716260910034, -0.24000935256481171, 0.94750446081161499, 0.21125999093055725, 0.59548872709274292, -0.028170183300971985, 0.80286961793899536),
            ["LeftFoot"] = CFrame.new(2.6550218024112837e-08, -0.00022107362747192383, -3.1833919820201118e-06, 1, 0, 0, 0, 0.99996423721313477, -0.0084594814106822014, 0, 0.0084594814106822014, 0.99996423721313477),
            ["LeftHand"] = CFrame.new(0.00048807263374328613, 0.017937362194061279, -8.1956386566162109e-08, 0.90981614589691162, -0.35836419463157654, 0.20930758118629456, 0.36617860198020935, 0.45583230257034302, -0.81125223636627197, 0.19531458616256714, 0.81473433971405029, 0.54594886302947998),
            ["LeftLowerArm"] = CFrame.new(-0.00049987435340881348, 0.09070897102355957, 0.033360205590724945, 1, 0, 0, 0, 0.6574932336807251, -0.75346046686172485, 0, 0.75346046686172485, 0.6574932336807251),
            ["LeftLowerLeg"] = CFrame.new(2.4580835145115998e-08, 0.00017946958541870117, 0.00010322486923541874, 1, 0, 0, 0, 1, 0, 0, 0, 1),
            ["LeftUpperArm"] = CFrame.new(-0.052823543548583984, -1.2308663129806519, 0.055065721273422241, 0.23388868570327759, -0.031889200210571289, -0.9717402458190918, -0.89196908473968506, 0.39067977666854858, -0.22750931978225708, 0.3868943452835083, 0.91997414827346802, 0.062931418418884277),
            ["LeftUpperLeg"] = CFrame.new(2.9802322387695312e-08, -1.2383679859340191e-07, -9.9981778475921601e-05, 1, -0, 0, 0, 0.99997735023498535, 0.0067330789752304554, -0, -0.0067330789752304554, 0.99997735023498535),
            ["LowerTorso"] = CFrame.new(0, 0, -0.23578046262264252, 1, -0, 0, 0, 0.99999862909317017, 0.0016401180764660239, -0, -0.0016401180764660239, 0.99999862909317017),
            ["RightFoot"] = CFrame.new(-1.4432938399977502e-08, 0.013390719890594482, -0.00010295886750100181, 1, -0, 0, 0, 0.99535143375396729, 0.096309572458267212, -0, -0.096309572458267212, 0.99535143375396729),
            ["RightHand"] = CFrame.new(-0.0004876255989074707, 0.018343925476074219, -8.9406967163085938e-08, 0.93876475095748901, 0.29752376675605774, -0.17378243803977966, -0.29989579319953918, 0.45719963312149048, -0.83727604150772095, -0.16965621709823608, 0.83812183141708374, 0.51842904090881348),
            ["RightLowerArm"] = CFrame.new(-2.9802322387695312e-08, 0.092610001564025879, 0.034964583814144135, 1, 0, 0, 0, 0.64086377620697021, -0.7676546573638916, 0, 0.7676546573638916, 0.64086377620697021),
            ["RightLowerLeg"] = CFrame.new(-7.2029621378533193e-08, 0.06621253490447998, -0.01555896271020174, 1, -0, 0, 0, 0.84176278114318848, 0.53984755277633667, -0, -0.53984755277633667, 0.84176278114318848),
            ["RightUpperArm"] = CFrame.new(-0.077898502349853516, -0.72485262155532837, 0.11018279194831848, 0.31666243076324463, 0.080282241106033325, 0.94513469934463501, 0.91788613796234131, 0.2253221869468689, -0.32667240500450134, -0.23918575048446655, 0.97097098827362061, -0.0023388862609863281),
            ["RightUpperLeg"] = CFrame.new(0, -1.2383679859340191e-07, -4.5358319766819477e-08, 1, -0, 0, 0, 0.99994087219238281, 0.010876412503421307, -0, -0.010876412503421307, 0.99994087219238281),
            ["UpperTorso"] = CFrame.new(-2.7365755171434723e-16, -2.9802322387695312e-08, 6.5192580223083496e-09, 1, -0, 0, 0, 0.9920799732208252, 0.12560804188251495, -0, -0.12560804188251495, 0.9920799732208252)
        }},
        {Time = 0.435, Data = {
            ["Head"] = CFrame.new(9.4350288619329719e-25, 0, -1.4901161193847656e-08, 0.76667380332946777, 0.31849914789199829, -0.55746716260910034, -0.24000935256481171, 0.94750446081161499, 0.21125999093055725, 0.59548872709274292, -0.028170183300971985, 0.80286961793899536),
            ["LeftFoot"] = CFrame.new(2.4299351863987795e-08, -0.00022053718566894531, -3.1695883535576286e-06, 1, 0, 0, 0, 0.99996423721313477, -0.0084594814106822014, 0, 0.0084594814106822014, 0.99996423721313477),
            ["LeftHand"] = CFrame.new(0.00048835575580596924, 0.017963409423828125, 2.7567148208618164e-07, 0.90992462635040283, -0.35814860463142395, 0.20920498669147491, 0.36612245440483093, 0.45651781558990479, -0.81089204549789429, 0.19491402804851532, 0.81444531679153442, 0.54652303457260132),
            ["LeftLowerArm"] = CFrame.new(-0.00050067901611328125, 0.09080350399017334, 0.033442571759223938, 1, 0, 0, 0, 0.65663540363311768, -0.75420820713043213, 0, 0.75420820713043213, 0.65663540363311768),
            ["LeftLowerLeg"] = CFrame.new(2.0577225257056853e-08, 0.00017958879470825195, 0.00010328663483960554, 1, 0, 0, 0, 1, 0, 0, 0, 1),
            ["LeftUpperArm"] = CFrame.new(-0.052928328514099121, -1.2309904098510742, 0.054843977093696594, 0.2337261438369751, -0.031518012285232544, -0.97179150581359863, -0.89218783378601074, 0.39033669233322144, -0.22724032402038574, 0.38648799061775208, 0.92013251781463623, 0.06311190128326416),
            ["LeftUpperLeg"] = CFrame.new(2.9802322387695312e-08, -4.7497451305389404e-08, -9.9979683000128716e-05, 1, -0, 0, 0, 0.99998068809509277, 0.0062151551246643066, -0, -0.0062151551246643066, 0.99998068809509277),
            ["LowerTorso"] = CFrame.new(0, 0, -0.23578046262264252, 1, -0, 0, 0, 0.99999749660491943, 0.0022443714551627636, -0, -0.0022443714551627636, 0.99999749660491943),
            ["RightFoot"] = CFrame.new(-4.7798600633086608e-09, 0.013391077518463135, -0.00010284528252668679, 1, -0, 0, 0, 0.99535143375396729, 0.096309572458267212, -0, -0.096309572458267212, 0.99535143375396729),
            ["RightHand"] = CFrame.new(-0.00048771500587463379, 0.018383502960205078, -8.9406967163085938e-08, 0.93885469436645508, 0.29727271199226379, -0.17372620105743408, -0.29989656805992126, 0.45813703536987305, -0.83676314353942871, -0.16915640234947205, 0.83769893646240234, 0.51927518844604492),
            ["RightLowerArm"] = CFrame.new(-1.1920928955078125e-07, 0.092747807502746582, 0.03508971631526947, 1, 0, 0, 0, 0.639545738697052, -0.7687530517578125, 0, 0.7687530517578125, 0.639545738697052),
            ["RightLowerLeg"] = CFrame.new(-4.7484750353987693e-08, 0.066212594509124756, -0.015558959916234016, 1, -0, 0, 0, 0.84176278114318848, 0.53984755277633667, -0, -0.53984755277633667, 0.84176278114318848),
            ["RightUpperArm"] = CFrame.new(-0.077753961086273193, -0.72496360540390015, 0.10995057225227356, 0.31636077165603638, 0.079714149236679077, 0.94528377056121826, 0.91810905933380127, 0.22503626346588135, -0.32624298334121704, -0.238729327917099, 0.97108405828475952, -0.0019936561584472656),
            ["RightUpperLeg"] = CFrame.new(0, -4.7497451305389404e-08, -4.326284397393465e-08, 1, -0, 0, 0, 0.99994635581970215, 0.010358503088355064, -0, -0.010358503088355064, 0.99994635581970215),
            ["UpperTorso"] = CFrame.new(-1.1618359184749133e-15, -8.9406967163085938e-08, -1.3969838619232178e-09, 1, -0, 0, 0, 0.9920799732208252, 0.12560804188251495, -0, -0.12560804188251495, 0.9920799732208252)
        }},
        {Time = 0.478, Data = {
            ["Head"] = CFrame.new(2.6140199826382789e-24, -1.1920928955078125e-07, -2.2351741790771484e-08, 0.76667380332946777, 0.31849914789199829, -0.55746716260910034, -0.24000935256481171, 0.94750446081161499, 0.21125999093055725, 0.59548872709274292, -0.028170183300971985, 0.80286961793899536),
            ["LeftFoot"] = CFrame.new(-3.529708791916164e-08, -0.00022053718566894531, -3.2087039016914787e-06, 1, 0, 0, 0, 0.99996423721313477, -0.0084594814106822014, 0, 0.0084594814106822014, 0.99996423721313477),
            ["LeftHand"] = CFrame.new(0.0004883110523223877, 0.017987251281738281, -8.1956386566162109e-08, 0.90999644994735718, -0.35799142718315125, 0.20916165411472321, 0.36612525582313538, 0.45708417892456055, -0.81057161092758179, 0.19457320868968964, 0.81419664621353149, 0.54701471328735352),
