return {
["maelay 2"] = {
        {Time = 0.000, Data = {
            ["Head"] = CFrame.new(5.4235260084775662e-24, 1.1920928955078125e-07, 2.6077032089233398e-08, 1, 0, 0, 0, 1, 0, 0, 0, 1),
            ["LeftFoot"] = CFrame.new(4.6566128730773926e-08, -0.0040393471717834473, -3.2465904951095581e-06, 0.99855673313140869, -0.041061002761125565, -0.034618593752384186, 0.041087891906499863, 0.99915552139282227, 6.5462430939078331e-05, 0.034586668014526367, -0.0014877729117870331, 0.99940061569213867),
            ["LeftHand"] = CFrame.new(0.00050014117732644081, 9.9956989288330078e-05, 7.0664100348949432e-08, 0.97032898664474487, -0.24177584052085876, -0.0024759378284215927, 0.24178731441497803, 0.9702410101890564, 0.013089176267385483, -0.00076239032205194235, -0.013299457728862762, 0.99991124868392944),
            ["LeftLowerArm"] = CFrame.new(-0.00050020217895507812, -0.00010001659393310547, -1.93773303180933e-07, 1, 0, 0, 0, 1, 0, 0, 0, 1),
            ["LeftLowerLeg"] = CFrame.new(-7.4505805969238281e-08, -0.0036254525184631348, 5.2992254495620728e-05, 1, 0, 0, 0, 1, 0, 0, 0, 1),
            ["LeftUpperArm"] = CFrame.new(-0.15223574638366699, -0.47555339336395264, -0.01393356267362833, 0.37194973230361938, 0.92800503969192505, 0.021448498591780663, -0.92800503969192505, 0.37228506803512573, -0.014508049935102463, -0.021448498591780663, -0.014508049935102463, 0.99966466426849365),
            ["LeftUpperLeg"] = CFrame.new(0, -1.0523945093154907e-07, -0.0001000807314994745, 0.97554254531860352, 0.21652582287788391, 0.037859231233596802, -0.21638292074203491, 0.97627675533294678, -0.0078815007582306862, -0.038667634129524231, -0.00050334935076534748, 0.99925202131271362),
            ["LowerTorso"] = CFrame.new(-7.6159193977137101e-17, -1.4977481365203857, -0.3799949586391449, 1, 0, 0, 0, 0.014110922813415527, -0.9999004602432251, 0, 0.9999004602432251, 0.014110922813415527),
            ["RightFoot"] = CFrame.new(2.9802322387695312e-08, -0.021846234798431396, -0.00010325590119464323, 0.99859684705734253, 0.040501020848751068, 0.034117501229047775, -0.041127428412437439, 0.99899423122406006, 0.017862871289253235, -0.033359725028276443, -0.019240971654653549, 0.99925816059112549),
            ["RightHand"] = CFrame.new(-0.00050004711374640465, 4.76837158203125e-07, 6.4494088292121887e-08, 0.96106481552124023, 0.27625653147697449, 0.006064162589609623, -0.2762705385684967, 0.96107858419418335, 0.0015865843743085861, -0.005389832891523838, -0.0032001598738133907, 0.99998033046722412),
            ["RightLowerArm"] = CFrame.new(0, 1.7881393432617188e-07, -1.2153759598731995e-07, 1, 0, 0, 0, 1, 0, 0, 0, 1),
            ["RightLowerLeg"] = CFrame.new(1.6763806343078613e-08, -0.021769285202026367, -0.00028486381052061915, 1, 0, 0, 0, 1, 0, 0, 0, 1),
            ["RightUpperArm"] = CFrame.new(0.18578445911407471, -0.46680307388305664, -0.0078042149543762207, 0.27353447675704956, -0.96160644292831421, -0.022180318832397461, 0.96160644292831421, 0.27392077445983887, -0.016747670248150826, 0.022180318832397461, -0.016747670248150826, 0.99961370229721069),
            ["RightUpperLeg"] = CFrame.new(5.9604644775390625e-08, -1.0663643479347229e-07, -2.5102053768932819e-08, 0.94245517253875732, -0.33269968628883362, -0.033003613352775574, 0.33182975649833679, 0.94288730621337891, -0.029198441654443741, 0.040832996368408203, 0.016566641628742218, 0.99902862310409546),
            ["UpperTorso"] = CFrame.new(-2.235874966142787e-15, 2.9802322387695312e-08, 3.0267983675003052e-08, 1, 0, 0, 0, 1, 0, 0, 0, 1)
        }},
        {Time = 0.017, Data = {
            ["Head"] = CFrame.new(5.4235260084775662e-24, 1.1920928955078125e-07, 2.6077032089233398e-08, 1, 0, 0, 0, 1, 0, 0, 0, 1),
            ["LeftFoot"] = CFrame.new(4.6566128730773926e-08, -0.0040393471717834473, -3.2465904951095581e-06, 0.99855673313140869, -0.041061002761125565, -0.034618593752384186, 0.041087891906499863, 0.99915552139282227, 6.5462430939078331e-05, 0.034586668014526367, -0.0014877729117870331, 0.99940061569213867),
            ["LeftHand"] = CFrame.new(0.00050014117732644081, 9.9956989288330078e-05, 7.0664100348949432e-08, 0.97032898664474487, -0.24177584052085876, -0.0024759378284215927, 0.24178731441497803, 0.9702410101890564, 0.013089176267385483, -0.00076239032205194235, -0.013299457728862762, 0.99991124868392944),
            ["LeftLowerArm"] = CFrame.new(-0.00050020217895507812, -0.00010001659393310547, -1.93773303180933e-07, 1, 0, 0, 0, 1, 0, 0, 0, 1),
            ["LeftLowerLeg"] = CFrame.new(-7.4505805969238281e-08, -0.0036254525184631348, 5.2992254495620728e-05, 1, 0, 0, 0, 1, 0, 0, 0, 1),
            ["LeftUpperArm"] = CFrame.new(-0.15223574638366699, -0.47555339336395264, -0.01393356267362833, 0.37194973230361938, 0.92800503969192505, 0.021448498591780663, -0.92800503969192505, 0.37228506803512573, -0.014508049935102463, -0.021448498591780663, -0.014508049935102463, 0.99966466426849365),
            ["LeftUpperLeg"] = CFrame.new(0, -1.0523945093154907e-07, -0.0001000807314994745, 0.97554254531860352, 0.21652582287788391, 0.037859231233596802, -0.21638292074203491, 0.97627675533294678, -0.0078815007582306862, -0.038667634129524231, -0.00050334935076534748, 0.99925202131271362),
            ["LowerTorso"] = CFrame.new(-7.6159193977137101e-17, -1.4977481365203857, -0.3799949586391449, 1, 0, 0, 0, 0.014110922813415527, -0.9999004602432251, 0, 0.9999004602432251, 0.014110922813415527),
            ["RightFoot"] = CFrame.new(2.9802322387695312e-08, -0.021846234798431396, -0.00010325590119464323, 0.99859684705734253, 0.040501020848751068, 0.034117501229047775, -0.041127428412437439, 0.99899423122406006, 0.017862871289253235, -0.033359725028276443, -0.019240971654653549, 0.99925816059112549),
            ["RightHand"] = CFrame.new(-0.00050004711374640465, 4.76837158203125e-07, 6.4494088292121887e-08, 0.96106481552124023, 0.27625653147697449, 0.006064162589609623, -0.2762705385684967, 0.96107858419418335, 0.0015865843743085861, -0.005389832891523838, -0.0032001598738133907, 0.99998033046722412),
            ["RightLowerArm"] = CFrame.new(0, 1.7881393432617188e-07, -1.2153759598731995e-07, 1, 0, 0, 0, 1, 0, 0, 0, 1),
            ["RightLowerLeg"] = CFrame.new(1.6763806343078613e-08, -0.021769285202026367, -0.00028486381052061915, 1, 0, 0, 0, 1, 0, 0, 0, 1),
            ["RightUpperArm"] = CFrame.new(0.18578445911407471, -0.46680307388305664, -0.0078042149543762207, 0.27353447675704956, -0.96160644292831421, -0.022180318832397461, 0.96160644292831421, 0.27392077445983887, -0.016747670248150826, 0.022180318832397461, -0.016747670248150826, 0.99961370229721069),
            ["RightUpperLeg"] = CFrame.new(5.9604644775390625e-08, -1.0663643479347229e-07, -2.5102053768932819e-08, 0.94245517253875732, -0.33269968628883362, -0.033003613352775574, 0.33182975649833679, 0.94288730621337891, -0.029198441654443741, 0.040832996368408203, 0.016566641628742218, 0.99902862310409546),
            ["UpperTorso"] = CFrame.new(-2.235874966142787e-15, 2.9802322387695312e-08, 3.0267983675003052e-08, 1, 0, 0, 0, 1, 0, 0, 0, 1)
        }},
        {Time = 0.033, Data = {
            ["Head"] = CFrame.new(5.4235260084775662e-24, 1.1920928955078125e-07, 2.6077032089233398e-08, 1, 0, 0, 0, 1, 0, 0, 0, 1),
            ["LeftFoot"] = CFrame.new(4.6566128730773926e-08, -0.0040393471717834473, -3.2465904951095581e-06, 0.99855673313140869, -0.041061002761125565, -0.034618593752384186, 0.041087891906499863, 0.99915552139282227, 6.5462430939078331e-05, 0.034586668014526367, -0.0014877729117870331, 0.99940061569213867),
            ["LeftHand"] = CFrame.new(0.00050014117732644081, 9.9956989288330078e-05, 7.0664100348949432e-08, 0.97032898664474487, -0.24177584052085876, -0.0024759378284215927, 0.24178731441497803, 0.9702410101890564, 0.013089176267385483, -0.00076239032205194235, -0.013299457728862762, 0.99991124868392944),
            ["LeftLowerArm"] = CFrame.new(-0.00050020217895507812, -0.00010001659393310547, -1.93773303180933e-07, 1, 0, 0, 0, 1, 0, 0, 0, 1),
            ["LeftLowerLeg"] = CFrame.new(-7.4505805969238281e-08, -0.0036254525184631348, 5.2992254495620728e-05, 1, 0, 0, 0, 1, 0, 0, 0, 1),
            ["LeftUpperArm"] = CFrame.new(-0.15223574638366699, -0.47555339336395264, -0.01393356267362833, 0.37194973230361938, 0.92800503969192505, 0.021448498591780663, -0.92800503969192505, 0.37228506803512573, -0.014508049935102463, -0.021448498591780663, -0.014508049935102463, 0.99966466426849365),
            ["LeftUpperLeg"] = CFrame.new(0, -1.0523945093154907e-07, -0.0001000807314994745, 0.97554254531860352, 0.21652582287788391, 0.037859231233596802, -0.21638292074203491, 0.97627675533294678, -0.0078815007582306862, -0.038667634129524231, -0.00050334935076534748, 0.99925202131271362),
            ["LowerTorso"] = CFrame.new(-7.6159193977137101e-17, -1.4977481365203857, -0.3799949586391449, 1, 0, 0, 0, 0.014110922813415527, -0.9999004602432251, 0, 0.9999004602432251, 0.014110922813415527),
            ["RightFoot"] = CFrame.new(2.9802322387695312e-08, -0.021846234798431396, -0.00010325590119464323, 0.99859684705734253, 0.040501020848751068, 0.034117501229047775, -0.041127428412437439, 0.99899423122406006, 0.017862871289253235, -0.033359725028276443, -0.019240971654653549, 0.99925816059112549),
            ["RightHand"] = CFrame.new(-0.00050004711374640465, 4.76837158203125e-07, 6.4494088292121887e-08, 0.96106481552124023, 0.27625653147697449, 0.006064162589609623, -0.2762705385684967, 0.96107858419418335, 0.0015865843743085861, -0.005389832891523838, -0.0032001598738133907, 0.99998033046722412),
            ["RightLowerArm"] = CFrame.new(0, 1.7881393432617188e-07, -1.2153759598731995e-07, 1, 0, 0, 0, 1, 0, 0, 0, 1),
            ["RightLowerLeg"] = CFrame.new(1.6763806343078613e-08, -0.021769285202026367, -0.00028486381052061915, 1, 0, 0, 0, 1, 0, 0, 0, 1),
            ["RightUpperArm"] = CFrame.new(0.18578445911407471, -0.46680307388305664, -0.0078042149543762207, 0.27353447675704956, -0.96160644292831421, -0.022180318832397461, 0.96160644292831421, 0.27392077445983887, -0.016747670248150826, 0.022180318832397461, -0.016747670248150826, 0.99961370229721069),
            ["RightUpperLeg"] = CFrame.new(5.9604644775390625e-08, -1.0663643479347229e-07, -2.5102053768932819e-08, 0.94245517253875732, -0.33269968628883362, -0.033003613352775574, 0.33182975649833679, 0.94288730621337891, -0.029198441654443741, 0.040832996368408203, 0.016566641628742218, 0.99902862310409546),
            ["UpperTorso"] = CFrame.new(-2.235874966142787e-15, 2.9802322387695312e-08, 3.0267983675003052e-08, 1, 0, 0, 0, 1, 0, 0, 0, 1)
        }},
        {Time = 0.050, Data = {
            ["Head"] = CFrame.new(5.4235260084775662e-24, 1.1920928955078125e-07, 2.6077032089233398e-08, 1, 0, 0, 0, 1, 0, 0, 0, 1),
            ["LeftFoot"] = CFrame.new(4.6566128730773926e-08, -0.0040393471717834473, -3.2465904951095581e-06, 0.99855673313140869, -0.041061002761125565, -0.034618593752384186, 0.041087891906499863, 0.99915552139282227, 6.5462430939078331e-05, 0.034586668014526367, -0.0014877729117870331, 0.99940061569213867),
            ["LeftHand"] = CFrame.new(0.00050014117732644081, 9.9956989288330078e-05, 7.0664100348949432e-08, 0.97032898664474487, -0.24177584052085876, -0.0024759378284215927, 0.24178731441497803, 0.9702410101890564, 0.013089176267385483, -0.00076239032205194235, -0.013299457728862762, 0.99991124868392944),
            ["LeftLowerArm"] = CFrame.new(-0.00050020217895507812, -0.00010001659393310547, -1.93773303180933e-07, 1, 0, 0, 0, 1, 0, 0, 0, 1),
            ["LeftLowerLeg"] = CFrame.new(-7.4505805969238281e-08, -0.0036254525184631348, 5.2992254495620728e-05, 1, 0, 0, 0, 1, 0, 0, 0, 1),
            ["LeftUpperArm"] = CFrame.new(-0.15223574638366699, -0.47555339336395264, -0.01393356267362833, 0.37194973230361938, 0.92800503969192505, 0.021448498591780663, -0.92800503969192505, 0.37228506803512573, -0.014508049935102463, -0.021448498591780663, -0.014508049935102463, 0.99966466426849365),
            ["LeftUpperLeg"] = CFrame.new(0, -1.0523945093154907e-07, -0.0001000807314994745, 0.97554254531860352, 0.21652582287788391, 0.037859231233596802, -0.21638292074203491, 0.97627675533294678, -0.0078815007582306862, -0.038667634129524231, -0.00050334935076534748, 0.99925202131271362),
            ["LowerTorso"] = CFrame.new(-7.6159193977137101e-17, -1.4977481365203857, -0.3799949586391449, 1, 0, 0, 0, 0.014110922813415527, -0.9999004602432251, 0, 0.9999004602432251, 0.014110922813415527),
            ["RightFoot"] = CFrame.new(2.9802322387695312e-08, -0.021846234798431396, -0.00010325590119464323, 0.99859684705734253, 0.040501020848751068, 0.034117501229047775, -0.041127428412437439, 0.99899423122406006, 0.017862871289253235, -0.033359725028276443, -0.019240971654653549, 0.99925816059112549),
            ["RightHand"] = CFrame.new(-0.00050004711374640465, 4.76837158203125e-07, 6.4494088292121887e-08, 0.96106481552124023, 0.27625653147697449, 0.006064162589609623, -0.2762705385684967, 0.96107858419418335, 0.0015865843743085861, -0.005389832891523838, -0.0032001598738133907, 0.99998033046722412),
            ["RightLowerArm"] = CFrame.new(0, 1.7881393432617188e-07, -1.2153759598731995e-07, 1, 0, 0, 0, 1, 0, 0, 0, 1),
            ["RightLowerLeg"] = CFrame.new(1.6763806343078613e-08, -0.021769285202026367, -0.00028486381052061915, 1, 0, 0, 0, 1, 0, 0, 0, 1),
            ["RightUpperArm"] = CFrame.new(0.18578445911407471, -0.46680307388305664, -0.0078042149543762207, 0.27353447675704956, -0.96160644292831421, -0.022180318832397461, 0.96160644292831421, 0.27392077445983887, -0.016747670248150826, 0.022180318832397461, -0.016747670248150826, 0.99961370229721069),
            ["RightUpperLeg"] = CFrame.new(5.9604644775390625e-08, -1.0663643479347229e-07, -2.5102053768932819e-08, 0.94245517253875732, -0.33269968628883362, -0.033003613352775574, 0.33182975649833679, 0.94288730621337891, -0.029198441654443741, 0.040832996368408203, 0.016566641628742218, 0.99902862310409546),
            ["UpperTorso"] = CFrame.new(-2.235874966142787e-15, 2.9802322387695312e-08, 3.0267983675003052e-08, 1, 0, 0, 0, 1, 0, 0, 0, 1)
        }},
        {Time = 0.067, Data = {
            ["Head"] = CFrame.new(5.4235260084775662e-24, 1.1920928955078125e-07, 2.6077032089233398e-08, 1, 0, 0, 0, 1, 0, 0, 0, 1),
            ["LeftFoot"] = CFrame.new(4.6566128730773926e-08, -0.0040393471717834473, -3.2465904951095581e-06, 0.99855673313140869, -0.041061002761125565, -0.034618593752384186, 0.041087891906499863, 0.99915552139282227, 6.5462430939078331e-05, 0.034586668014526367, -0.0014877729117870331, 0.99940061569213867),
            ["LeftHand"] = CFrame.new(0.00050014117732644081, 9.9956989288330078e-05, 7.0664100348949432e-08, 0.97032898664474487, -0.24177584052085876, -0.0024759378284215927, 0.24178731441497803, 0.9702410101890564, 0.013089176267385483, -0.00076239032205194235, -0.013299457728862762, 0.99991124868392944),
            ["LeftLowerArm"] = CFrame.new(-0.00050020217895507812, -0.00010001659393310547, -1.93773303180933e-07, 1, 0, 0, 0, 1, 0, 0, 0, 1),
            ["LeftLowerLeg"] = CFrame.new(-7.4505805969238281e-08, -0.0036254525184631348, 5.2992254495620728e-05, 1, 0, 0, 0, 1, 0, 0, 0, 1),
            ["LeftUpperArm"] = CFrame.new(-0.15223574638366699, -0.47555339336395264, -0.01393356267362833, 0.37194973230361938, 0.92800503969192505, 0.021448498591780663, -0.92800503969192505, 0.37228506803512573, -0.014508049935102463, -0.021448498591780663, -0.014508049935102463, 0.99966466426849365),
            ["LeftUpperLeg"] = CFrame.new(0, -1.0523945093154907e-07, -0.0001000807314994745, 0.97554254531860352, 0.21652582287788391, 0.037859231233596802, -0.21638292074203491, 0.97627675533294678, -0.0078815007582306862, -0.038667634129524231, -0.00050334935076534748, 0.99925202131271362),
            ["LowerTorso"] = CFrame.new(-7.6159193977137101e-17, -1.4977481365203857, -0.3799949586391449, 1, 0, 0, 0, 0.014110922813415527, -0.9999004602432251, 0, 0.9999004602432251, 0.014110922813415527),
            ["RightFoot"] = CFrame.new(2.9802322387695312e-08, -0.021846234798431396, -0.00010325590119464323, 0.99859684705734253, 0.040501020848751068, 0.034117501229047775, -0.041127428412437439, 0.99899423122406006, 0.017862871289253235, -0.033359725028276443, -0.019240971654653549, 0.99925816059112549),
            ["RightHand"] = CFrame.new(-0.00050004711374640465, 4.76837158203125e-07, 6.4494088292121887e-08, 0.96106481552124023, 0.27625653147697449, 0.006064162589609623, -0.2762705385684967, 0.96107858419418335, 0.0015865843743085861, -0.005389832891523838, -0.0032001598738133907, 0.99998033046722412),
            ["RightLowerArm"] = CFrame.new(0, 1.7881393432617188e-07, -1.2153759598731995e-07, 1, 0, 0, 0, 1, 0, 0, 0, 1),
            ["RightLowerLeg"] = CFrame.new(1.6763806343078613e-08, -0.021769285202026367, -0.00028486381052061915, 1, 0, 0, 0, 1, 0, 0, 0, 1),
            ["RightUpperArm"] = CFrame.new(0.18578445911407471, -0.46680307388305664, -0.0078042149543762207, 0.27353447675704956, -0.96160644292831421, -0.022180318832397461, 0.96160644292831421, 0.27392077445983887, -0.016747670248150826, 0.022180318832397461, -0.016747670248150826, 0.99961370229721069),
            ["RightUpperLeg"] = CFrame.new(5.9604644775390625e-08, -1.0663643479347229e-07, -2.5102053768932819e-08, 0.94245517253875732, -0.33269968628883362, -0.033003613352775574, 0.33182975649833679, 0.94288730621337891, -0.029198441654443741, 0.040832996368408203, 0.016566641628742218, 0.99902862310409546),
            ["UpperTorso"] = CFrame.new(-2.235874966142787e-15, 2.9802322387695312e-08, 3.0267983675003052e-08, 1, 0, 0, 0, 1, 0, 0, 0, 1)
        }},
        {Time = 0.083, Data = {
            ["Head"] = CFrame.new(5.4235260084775662e-24, 1.1920928955078125e-07, 2.6077032089233398e-08, 1, 0, 0, 0, 1, 0, 0, 0, 1),
            ["LeftFoot"] = CFrame.new(4.6566128730773926e-08, -0.0040393471717834473, -3.2465904951095581e-06, 0.99855673313140869, -0.041061002761125565, -0.034618593752384186, 0.041087891906499863, 0.99915552139282227, 6.5462430939078331e-05, 0.034586668014526367, -0.0014877729117870331, 0.99940061569213867),
            ["LeftHand"] = CFrame.new(0.00050014117732644081, 9.9956989288330078e-05, 7.0664100348949432e-08, 0.97032898664474487, -0.24177584052085876, -0.0024759378284215927, 0.24178731441497803, 0.9702410101890564, 0.013089176267385483, -0.00076239032205194235, -0.013299457728862762, 0.99991124868392944),
            ["LeftLowerArm"] = CFrame.new(-0.00050020217895507812, -0.00010001659393310547, -1.93773303180933e-07, 1, 0, 0, 0, 1, 0, 0, 0, 1),
            ["LeftLowerLeg"] = CFrame.new(-7.4505805969238281e-08, -0.0036254525184631348, 5.2992254495620728e-05, 1, 0, 0, 0, 1, 0, 0, 0, 1),
            ["LeftUpperArm"] = CFrame.new(-0.15223574638366699, -0.47555339336395264, -0.01393356267362833, 0.37194973230361938, 0.92800503969192505, 0.021448498591780663, -0.92800503969192505, 0.37228506803512573, -0.014508049935102463, -0.021448498591780663, -0.014508049935102463, 0.99966466426849365),
            ["LeftUpperLeg"] = CFrame.new(0, -1.0523945093154907e-07, -0.0001000807314994745, 0.97554254531860352, 0.21652582287788391, 0.037859231233596802, -0.21638292074203491, 0.97627675533294678, -0.0078815007582306862, -0.038667634129524231, -0.00050334935076534748, 0.99925202131271362),
            ["LowerTorso"] = CFrame.new(-7.6159193977137101e-17, -1.4977481365203857, -0.3799949586391449, 1, 0, 0, 0, 0.014110922813415527, -0.9999004602432251, 0, 0.9999004602432251, 0.014110922813415527),
            ["RightFoot"] = CFrame.new(2.9802322387695312e-08, -0.021846234798431396, -0.00010325590119464323, 0.99859684705734253, 0.040501020848751068, 0.034117501229047775, -0.041127428412437439, 0.99899423122406006, 0.017862871289253235, -0.033359725028276443, -0.019240971654653549, 0.99925816059112549),
            ["RightHand"] = CFrame.new(-0.00050004711374640465, 4.76837158203125e-07, 6.4494088292121887e-08, 0.96106481552124023, 0.27625653147697449, 0.006064162589609623, -0.2762705385684967, 0.96107858419418335, 0.0015865843743085861, -0.005389832891523838, -0.0032001598738133907, 0.99998033046722412),
            ["RightLowerArm"] = CFrame.new(0, 1.7881393432617188e-07, -1.2153759598731995e-07, 1, 0, 0, 0, 1, 0, 0, 0, 1),
            ["RightLowerLeg"] = CFrame.new(1.6763806343078613e-08, -0.021769285202026367, -0.00028486381052061915, 1, 0, 0, 0, 1, 0, 0, 0, 1),
            ["RightUpperArm"] = CFrame.new(0.18578445911407471, -0.46680307388305664, -0.0078042149543762207, 0.27353447675704956, -0.96160644292831421, -0.022180318832397461, 0.96160644292831421, 0.27392077445983887, -0.016747670248150826, 0.022180318832397461, -0.016747670248150826, 0.99961370229721069),
            ["RightUpperLeg"] = CFrame.new(5.9604644775390625e-08, -1.0663643479347229e-07, -2.5102053768932819e-08, 0.94245517253875732, -0.33269968628883362, -0.033003613352775574, 0.33182975649833679, 0.94288730621337891, -0.029198441654443741, 0.040832996368408203, 0.016566641628742218, 0.99902862310409546),
            ["UpperTorso"] = CFrame.new(-2.235874966142787e-15, 2.9802322387695312e-08, 3.0267983675003052e-08, 1, 0, 0, 0, 1, 0, 0, 0, 1)
        }},
        {Time = 0.100, Data = {
            ["Head"] = CFrame.new(5.4235260084775662e-24, 1.1920928955078125e-07, 2.6077032089233398e-08, 1, 0, 0, 0, 1, 0, 0, 0, 1),
            ["LeftFoot"] = CFrame.new(4.6566128730773926e-08, -0.0040393471717834473, -3.2465904951095581e-06, 0.99855673313140869, -0.041061002761125565, -0.034618593752384186, 0.041087891906499863, 0.99915552139282227, 6.5462430939078331e-05, 0.034586668014526367, -0.0014877729117870331, 0.99940061569213867),
            ["LeftHand"] = CFrame.new(0.00050014117732644081, 9.9956989288330078e-05, 7.0664100348949432e-08, 0.97032898664474487, -0.24177584052085876, -0.0024759378284215927, 0.24178731441497803, 0.9702410101890564, 0.013089176267385483, -0.00076239032205194235, -0.013299457728862762, 0.99991124868392944),
            ["LeftLowerArm"] = CFrame.new(-0.00050020217895507812, -0.00010001659393310547, -1.93773303180933e-07, 1, 0, 0, 0, 1, 0, 0, 0, 1),
            ["LeftLowerLeg"] = CFrame.new(-7.4505805969238281e-08, -0.0036254525184631348, 5.2992254495620728e-05, 1, 0, 0, 0, 1, 0, 0, 0, 1),
            ["LeftUpperArm"] = CFrame.new(-0.15223574638366699, -0.47555339336395264, -0.01393356267362833, 0.37194973230361938, 0.92800503969192505, 0.021448498591780663, -0.92800503969192505, 0.37228506803512573, -0.014508049935102463, -0.021448498591780663, -0.014508049935102463, 0.99966466426849365),
            ["LeftUpperLeg"] = CFrame.new(0, -1.0523945093154907e-07, -0.0001000807314994745, 0.97554254531860352, 0.21652582287788391, 0.037859231233596802, -0.21638292074203491, 0.97627675533294678, -0.0078815007582306862, -0.038667634129524231, -0.00050334935076534748, 0.99925202131271362),
            ["LowerTorso"] = CFrame.new(-7.6159193977137101e-17, -1.4977481365203857, -0.3799949586391449, 1, 0, 0, 0, 0.014110922813415527, -0.9999004602432251, 0, 0.9999004602432251, 0.014110922813415527),
            ["RightFoot"] = CFrame.new(2.9802322387695312e-08, -0.021846234798431396, -0.00010325590119464323, 0.99859684705734253, 0.040501020848751068, 0.034117501229047775, -0.041127428412437439, 0.99899423122406006, 0.017862871289253235, -0.033359725028276443, -0.019240971654653549, 0.99925816059112549),
            ["RightHand"] = CFrame.new(-0.00050004711374640465, 4.76837158203125e-07, 6.4494088292121887e-08, 0.96106481552124023, 0.27625653147697449, 0.006064162589609623, -0.2762705385684967, 0.96107858419418335, 0.0015865843743085861, -0.005389832891523838, -0.0032001598738133907, 0.99998033046722412),
            ["RightLowerArm"] = CFrame.new(0, 1.7881393432617188e-07, -1.2153759598731995e-07, 1, 0, 0, 0, 1, 0, 0, 0, 1),
            ["RightLowerLeg"] = CFrame.new(1.6763806343078613e-08, -0.021769285202026367, -0.00028486381052061915, 1, 0, 0, 0, 1, 0, 0, 0, 1),
            ["RightUpperArm"] = CFrame.new(0.18578445911407471, -0.46680307388305664, -0.0078042149543762207, 0.27353447675704956, -0.96160644292831421, -0.022180318832397461, 0.96160644292831421, 0.27392077445983887, -0.016747670248150826, 0.022180318832397461, -0.016747670248150826, 0.99961370229721069),
            ["RightUpperLeg"] = CFrame.new(5.9604644775390625e-08, -1.0663643479347229e-07, -2.5102053768932819e-08, 0.94245517253875732, -0.33269968628883362, -0.033003613352775574, 0.33182975649833679, 0.94288730621337891, -0.029198441654443741, 0.040832996368408203, 0.016566641628742218, 0.99902862310409546),
            ["UpperTorso"] = CFrame.new(-2.235874966142787e-15, 2.9802322387695312e-08, 3.0267983675003052e-08, 1, 0, 0, 0, 1, 0, 0, 0, 1)
        }},
        {Time = 0.117, Data = {
            ["Head"] = CFrame.new(5.4235260084775662e-24, 1.1920928955078125e-07, 2.6077032089233398e-08, 1, 0, 0, 0, 1, 0, 0, 0, 1),
            ["LeftFoot"] = CFrame.new(4.6566128730773926e-08, -0.0040393471717834473, -3.2465904951095581e-06, 0.99855673313140869, -0.041061002761125565, -0.034618593752384186, 0.041087891906499863, 0.99915552139282227, 6.5462430939078331e-05, 0.034586668014526367, -0.0014877729117870331, 0.99940061569213867),
            ["LeftHand"] = CFrame.new(0.00050014117732644081, 9.9956989288330078e-05, 7.0664100348949432e-08, 0.97032898664474487, -0.24177584052085876, -0.0024759378284215927, 0.24178731441497803, 0.9702410101890564, 0.013089176267385483, -0.00076239032205194235, -0.013299457728862762, 0.99991124868392944),
            ["LeftLowerArm"] = CFrame.new(-0.00050020217895507812, -0.00010001659393310547, -1.93773303180933e-07, 1, 0, 0, 0, 1, 0, 0, 0, 1),
            ["LeftLowerLeg"] = CFrame.new(-7.4505805969238281e-08, -0.0036254525184631348, 5.2992254495620728e-05, 1, 0, 0, 0, 1, 0, 0, 0, 1),
            ["LeftUpperArm"] = CFrame.new(-0.15223574638366699, -0.47555339336395264, -0.01393356267362833, 0.37194973230361938, 0.92800503969192505, 0.021448498591780663, -0.92800503969192505, 0.37228506803512573, -0.014508049935102463, -0.021448498591780663, -0.014508049935102463, 0.99966466426849365),
            ["LeftUpperLeg"] = CFrame.new(0, -1.0523945093154907e-07, -0.0001000807314994745, 0.97554254531860352, 0.21652582287788391, 0.037859231233596802, -0.21638292074203491, 0.97627675533294678, -0.0078815007582306862, -0.038667634129524231, -0.00050334935076534748, 0.99925202131271362),
            ["LowerTorso"] = CFrame.new(-7.6159193977137101e-17, -1.4977481365203857, -0.3799949586391449, 1, 0, 0, 0, 0.014110922813415527, -0.9999004602432251, 0, 0.9999004602432251, 0.014110922813415527),
            ["RightFoot"] = CFrame.new(2.9802322387695312e-08, -0.021846234798431396, -0.00010325590119464323, 0.99859684705734253, 0.040501020848751068, 0.034117501229047775, -0.041127428412437439, 0.99899423122406006, 0.017862871289253235, -0.033359725028276443, -0.019240971654653549, 0.99925816059112549),
            ["RightHand"] = CFrame.new(-0.00050004711374640465, 4.76837158203125e-07, 6.4494088292121887e-08, 0.96106481552124023, 0.27625653147697449, 0.006064162589609623, -0.2762705385684967, 0.96107858419418335, 0.0015865843743085861, -0.005389832891523838, -0.0032001598738133907, 0.99998033046722412),
            ["RightLowerArm"] = CFrame.new(0, 1.7881393432617188e-07, -1.2153759598731995e-07, 1, 0, 0, 0, 1, 0, 0, 0, 1),
            ["RightLowerLeg"] = CFrame.new(1.6763806343078613e-08, -0.021769285202026367, -0.00028486381052061915, 1, 0, 0, 0, 1, 0, 0, 0, 1),
            ["RightUpperArm"] = CFrame.new(0.18578445911407471, -0.46680307388305664, -0.0078042149543762207, 0.27353447675704956, -0.96160644292831421, -0.022180318832397461, 0.96160644292831421, 0.27392077445983887, -0.016747670248150826, 0.022180318832397461, -0.016747670248150826, 0.99961370229721069),
            ["RightUpperLeg"] = CFrame.new(5.9604644775390625e-08, -1.0663643479347229e-07, -2.5102053768932819e-08, 0.94245517253875732, -0.33269968628883362, -0.033003613352775574, 0.33182975649833679, 0.94288730621337891, -0.029198441654443741, 0.040832996368408203, 0.016566641628742218, 0.99902862310409546),
            ["UpperTorso"] = CFrame.new(-2.235874966142787e-15, 2.9802322387695312e-08, 3.0267983675003052e-08, 1, 0, 0, 0, 1, 0, 0, 0, 1)
        }},
        {Time = 0.133, Data = {
            ["Head"] = CFrame.new(5.4235260084775662e-24, 1.1920928955078125e-07, 2.6077032089233398e-08, 1, 0, 0, 0, 1, 0, 0, 0, 1),
            ["LeftFoot"] = CFrame.new(4.6566128730773926e-08, -0.0040393471717834473, -3.2465904951095581e-06, 0.99855673313140869, -0.041061002761125565, -0.034618593752384186, 0.041087891906499863, 0.99915552139282227, 6.5462430939078331e-05, 0.034586668014526367, -0.0014877729117870331, 0.99940061569213867),
            ["LeftHand"] = CFrame.new(0.00050014117732644081, 9.9956989288330078e-05, 7.0664100348949432e-08, 0.97032898664474487, -0.24177584052085876, -0.0024759378284215927, 0.24178731441497803, 0.9702410101890564, 0.013089176267385483, -0.00076239032205194235, -0.013299457728862762, 0.99991124868392944),
            ["LeftLowerArm"] = CFrame.new(-0.00050020217895507812, -0.00010001659393310547, -1.93773303180933e-07, 1, 0, 0, 0, 1, 0, 0, 0, 1),
            ["LeftLowerLeg"] = CFrame.new(-7.4505805969238281e-08, -0.0036254525184631348, 5.2992254495620728e-05, 1, 0, 0, 0, 1, 0, 0, 0, 1),
            ["LeftUpperArm"] = CFrame.new(-0.15223574638366699, -0.47555339336395264, -0.01393356267362833, 0.37194973230361938, 0.92800503969192505, 0.021448498591780663, -0.92800503969192505, 0.37228506803512573, -0.014508049935102463, -0.021448498591780663, -0.014508049935102463, 0.99966466426849365),
            ["LeftUpperLeg"] = CFrame.new(0, -1.0523945093154907e-07, -0.0001000807314994745, 0.97554254531860352, 0.21652582287788391, 0.037859231233596802, -0.21638292074203491, 0.97627675533294678, -0.0078815007582306862, -0.038667634129524231, -0.00050334935076534748, 0.99925202131271362),
            ["LowerTorso"] = CFrame.new(-7.6159193977137101e-17, -1.4977481365203857, -0.3799949586391449, 1, 0, 0, 0, 0.014110922813415527, -0.9999004602432251, 0, 0.9999004602432251, 0.014110922813415527),
            ["RightFoot"] = CFrame.new(2.9802322387695312e-08, -0.021846234798431396, -0.00010325590119464323, 0.99859684705734253, 0.040501020848751068, 0.034117501229047775, -0.041127428412437439, 0.99899423122406006, 0.017862871289253235, -0.033359725028276443, -0.019240971654653549, 0.99925816059112549),
            ["RightHand"] = CFrame.new(-0.00050004711374640465, 4.76837158203125e-07, 6.4494088292121887e-08, 0.96106481552124023, 0.27625653147697449, 0.006064162589609623, -0.2762705385684967, 0.96107858419418335, 0.0015865843743085861, -0.005389832891523838, -0.0032001598738133907, 0.99998033046722412),
            ["RightLowerArm"] = CFrame.new(0, 1.7881393432617188e-07, -1.2153759598731995e-07, 1, 0, 0, 0, 1, 0, 0, 0, 1),
            ["RightLowerLeg"] = CFrame.new(1.6763806343078613e-08, -0.021769285202026367, -0.00028486381052061915, 1, 0, 0, 0, 1, 0, 0, 0, 1),
            ["RightUpperArm"] = CFrame.new(0.18578445911407471, -0.46680307388305664, -0.0078042149543762207, 0.27353447675704956, -0.96160644292831421, -0.022180318832397461, 0.96160644292831421, 0.27392077445983887, -0.016747670248150826, 0.022180318832397461, -0.016747670248150826, 0.99961370229721069),
            ["RightUpperLeg"] = CFrame.new(5.9604644775390625e-08, -1.0663643479347229e-07, -2.5102053768932819e-08, 0.94245517253875732, -0.33269968628883362, -0.033003613352775574, 0.33182975649833679, 0.94288730621337891, -0.029198441654443741, 0.040832996368408203, 0.016566641628742218, 0.99902862310409546),
            ["UpperTorso"] = CFrame.new(-2.235874966142787e-15, 2.9802322387695312e-08, 3.0267983675003052e-08, 1, 0, 0, 0, 1, 0, 0, 0, 1)
        }},
        {Time = 0.150, Data = {
            ["Head"] = CFrame.new(5.4235260084775662e-24, 1.1920928955078125e-07, 2.6077032089233398e-08, 1, 0, 0, 0, 1, 0, 0, 0, 1),
            ["LeftFoot"] = CFrame.new(4.6566128730773926e-08, -0.0040393471717834473, -3.2465904951095581e-06, 0.99855673313140869, -0.041061002761125565, -0.034618593752384186, 0.041087891906499863, 0.99915552139282227, 6.5462430939078331e-05, 0.034586668014526367, -0.0014877729117870331, 0.99940061569213867),
            ["LeftHand"] = CFrame.new(0.00050014117732644081, 9.9956989288330078e-05, 7.0664100348949432e-08, 0.97032898664474487, -0.24177584052085876, -0.0024759378284215927, 0.24178731441497803, 0.9702410101890564, 0.013089176267385483, -0.00076239032205194235, -0.013299457728862762, 0.99991124868392944),
            ["LeftLowerArm"] = CFrame.new(-0.00050020217895507812, -0.00010001659393310547, -1.93773303180933e-07, 1, 0, 0, 0, 1, 0, 0, 0, 1),
            ["LeftLowerLeg"] = CFrame.new(-7.4505805969238281e-08, -0.0036254525184631348, 5.2992254495620728e-05, 1, 0, 0, 0, 1, 0, 0, 0, 1),
            ["LeftUpperArm"] = CFrame.new(-0.15223574638366699, -0.47555339336395264, -0.01393356267362833, 0.37194973230361938, 0.92800503969192505, 0.021448498591780663, -0.92800503969192505, 0.37228506803512573, -0.014508049935102463, -0.021448498591780663, -0.014508049935102463, 0.99966466426849365),
            ["LeftUpperLeg"] = CFrame.new(0, -1.0523945093154907e-07, -0.0001000807314994745, 0.97554254531860352, 0.21652582287788391, 0.037859231233596802, -0.21638292074203491, 0.97627675533294678, -0.0078815007582306862, -0.038667634129524231, -0.00050334935076534748, 0.99925202131271362),
            ["LowerTorso"] = CFrame.new(-7.6159193977137101e-17, -1.4977481365203857, -0.3799949586391449, 1, 0, 0, 0, 0.014110922813415527, -0.9999004602432251, 0, 0.9999004602432251, 0.014110922813415527),
            ["RightFoot"] = CFrame.new(2.9802322387695312e-08, -0.021846234798431396, -0.00010325590119464323, 0.99859684705734253, 0.040501020848751068, 0.034117501229047775, -0.041127428412437439, 0.99899423122406006, 0.017862871289253235, -0.033359725028276443, -0.019240971654653549, 0.99925816059112549),
            ["RightHand"] = CFrame.new(-0.00050004711374640465, 4.76837158203125e-07, 6.4494088292121887e-08, 0.96106481552124023, 0.27625653147697449, 0.006064162589609623, -0.2762705385684967, 0.96107858419418335, 0.0015865843743085861, -0.005389832891523838, -0.0032001598738133907, 0.99998033046722412),
            ["RightLowerArm"] = CFrame.new(0, 1.7881393432617188e-07, -1.2153759598731995e-07, 1, 0, 0, 0, 1, 0, 0, 0, 1),
            ["RightLowerLeg"] = CFrame.new(1.6763806343078613e-08, -0.021769285202026367, -0.00028486381052061915, 1, 0, 0, 0, 1, 0, 0, 0, 1),
            ["RightUpperArm"] = CFrame.new(0.18578445911407471, -0.46680307388305664, -0.0078042149543762207, 0.27353447675704956, -0.96160644292831421, -0.022180318832397461, 0.96160644292831421, 0.27392077445983887, -0.016747670248150826, 0.022180318832397461, -0.016747670248150826, 0.99961370229721069),
            ["RightUpperLeg"] = CFrame.new(5.9604644775390625e-08, -1.0663643479347229e-07, -2.5102053768932819e-08, 0.94245517253875732, -0.33269968628883362, -0.033003613352775574, 0.33182975649833679, 0.94288730621337891, -0.029198441654443741, 0.040832996368408203, 0.016566641628742218, 0.99902862310409546),
            ["UpperTorso"] = CFrame.new(-2.235874966142787e-15, 2.9802322387695312e-08, 3.0267983675003052e-08, 1, 0, 0, 0, 1, 0, 0, 0, 1)
        }},
        {Time = 0.167, Data = {
            ["Head"] = CFrame.new(5.4235260084775662e-24, 1.1920928955078125e-07, 2.6077032089233398e-08, 1, 0, 0, 0, 1, 0, 0, 0, 1),
            ["LeftFoot"] = CFrame.new(4.6566128730773926e-08, -0.0040393471717834473, -3.2465904951095581e-06, 0.99855673313140869, -0.041061002761125565, -0.034618593752384186, 0.041087891906499863, 0.99915552139282227, 6.5462430939078331e-05, 0.034586668014526367, -0.0014877729117870331, 0.99940061569213867),
            ["LeftHand"] = CFrame.new(0.00050014117732644081, 9.9956989288330078e-05, 7.0664100348949432e-08, 0.97032898664474487, -0.24177584052085876, -0.0024759378284215927, 0.24178731441497803, 0.9702410101890564, 0.013089176267385483, -0.00076239032205194235, -0.013299457728862762, 0.99991124868392944),
            ["LeftLowerArm"] = CFrame.new(-0.00050020217895507812, -0.00010001659393310547, -1.93773303180933e-07, 1, 0, 0, 0, 1, 0, 0, 0, 1),
            ["LeftLowerLeg"] = CFrame.new(-7.4505805969238281e-08, -0.0036254525184631348, 5.2992254495620728e-05, 1, 0, 0, 0, 1, 0, 0, 0, 1),
            ["LeftUpperArm"] = CFrame.new(-0.15223574638366699, -0.47555339336395264, -0.01393356267362833, 0.37194973230361938, 0.92800503969192505, 0.021448498591780663, -0.92800503969192505, 0.37228506803512573, -0.014508049935102463, -0.021448498591780663, -0.014508049935102463, 0.99966466426849365),
            ["LeftUpperLeg"] = CFrame.new(0, -1.0523945093154907e-07, -0.0001000807314994745, 0.97554254531860352, 0.21652582287788391, 0.037859231233596802, -0.21638292074203491, 0.97627675533294678, -0.0078815007582306862, -0.038667634129524231, -0.00050334935076534748, 0.99925202131271362),
            ["LowerTorso"] = CFrame.new(-7.6159193977137101e-17, -1.4977481365203857, -0.3799949586391449, 1, 0, 0, 0, 0.014110922813415527, -0.9999004602432251, 0, 0.9999004602432251, 0.014110922813415527),
            ["RightFoot"] = CFrame.new(2.9802322387695312e-08, -0.021846234798431396, -0.00010325590119464323, 0.99859684705734253, 0.040501020848751068, 0.034117501229047775, -0.041127428412437439, 0.99899423122406006, 0.017862871289253235, -0.033359725028276443, -0.019240971654653549, 0.99925816059112549),
            ["RightHand"] = CFrame.new(-0.00050004711374640465, 4.76837158203125e-07, 6.4494088292121887e-08, 0.96106481552124023, 0.27625653147697449, 0.006064162589609623, -0.2762705385684967, 0.96107858419418335, 0.0015865843743085861, -0.005389832891523838, -0.0032001598738133907, 0.99998033046722412),
            ["RightLowerArm"] = CFrame.new(0, 1.7881393432617188e-07, -1.2153759598731995e-07, 1, 0, 0, 0, 1, 0, 0, 0, 1),
            ["RightLowerLeg"] = CFrame.new(1.6763806343078613e-08, -0.021769285202026367, -0.00028486381052061915, 1, 0, 0, 0, 1, 0, 0, 0, 1),
            ["RightUpperArm"] = CFrame.new(0.18578445911407471, -0.46680307388305664, -0.0078042149543762207, 0.27353447675704956, -0.96160644292831421, -0.022180318832397461, 0.96160644292831421, 0.27392077445983887, -0.016747670248150826, 0.022180318832397461, -0.016747670248150826, 0.99961370229721069),
            ["RightUpperLeg"] = CFrame.new(5.9604644775390625e-08, -1.0663643479347229e-07, -2.5102053768932819e-08, 0.94245517253875732, -0.33269968628883362, -0.033003613352775574, 0.33182975649833679, 0.94288730621337891, -0.029198441654443741, 0.040832996368408203, 0.016566641628742218, 0.99902862310409546),
            ["UpperTorso"] = CFrame.new(-2.235874966142787e-15, 2.9802322387695312e-08, 3.0267983675003052e-08, 1, 0, 0, 0, 1, 0, 0, 0, 1)
        }},
    }
}
