return {
["ice twerk 10"] = {
    {Time = 0.000, Data = {
      ["Head"] = CFrame.new(0.000000, -0.000000, 0.000000, 0.366274, -0.179690, 0.912992, -0.179690, 0.949050, 0.258875, -0.912992, -0.258875, 0.315324),
      ["LeftFoot"] = CFrame.new(0.000000, -0.021599, -0.000003, 0.854994, -0.396714, -0.334071, 0.464249, 0.872569, 0.151974, 0.231210, -0.285029, 0.930215),
      ["LeftHand"] = CFrame.new(0.000500, 0.000100, -0.000000, 0.891960, -0.452114, 0.000000, 0.452114, 0.891960, 0.000000, 0.000000, 0.000000, 1.000000),
      ["LeftLowerArm"] = CFrame.new(-0.000500, 0.008552, 0.000366, 1.000000, 0.000000, 0.000000, 0.000000, 0.996252, -0.086500, 0.000000, 0.086500, 0.996252),
      ["LeftLowerLeg"] = CFrame.new(0.000000, -0.021123, -0.000179, 1.000000, 0.000000, 0.000000, 0.000000, 1.000000, 0.000000, 0.000000, 0.000000, 1.000000),
      ["LeftUpperArm"] = CFrame.new(-0.574431, 0.023759, 0.343846, -0.862906, 0.505364, 0.000000, -0.505364, -0.862906, 0.000000, 0.000000, 0.000000, 1.000000),
      ["LeftUpperLeg"] = CFrame.new(-0.000000, -0.000000, -0.000100, 0.883686, 0.468042, 0.005972, -0.344039, 0.658107, -0.669726, -0.317390, 0.589773, 0.742584),
      ["LowerTorso"] = CFrame.new(0.278436, -0.157126, 0.163227, 0.974218, -0.143466, 0.174115, 0.056115, 0.901600, 0.428916, -0.218517, -0.408087, 0.886406),
      ["RightFoot"] = CFrame.new(-0.000000, 0.012113, -0.000103, 0.998657, 0.039620, 0.033385, -0.032157, 0.979226, -0.200204, -0.040624, 0.198862, 0.979185),
      ["RightHand"] = CFrame.new(-0.000500, 0.000001, 0.000000, 0.994558, -0.059776, 0.085332, -0.008177, 0.771727, 0.635902, -0.103864, -0.633139, 0.767038),
      ["RightLowerArm"] = CFrame.new(-0.000000, -0.013929, 0.000989, 1.000000, -0.000000, 0.000000, 0.000000, 0.990246, 0.139328, -0.000000, -0.139328, 0.990246),
      ["RightLowerLeg"] = CFrame.new(0.000000, 0.059287, -0.012140, 1.000000, -0.000000, 0.000000, 0.000000, 0.876603, 0.481214, -0.000000, -0.481214, 0.876603),
      ["RightUpperArm"] = CFrame.new(0.075238, -0.137186, -0.225295, 0.849500, 0.005773, 0.527557, 0.274392, -0.858897, -0.432441, 0.450620, 0.512116, -0.731217),
      ["RightUpperLeg"] = CFrame.new(0.000000, 0.000000, -0.000000, 0.967838, -0.057566, -0.244899, -0.121191, 0.746379, -0.654393, 0.220458, 0.663026, 0.715398),
      ["UpperTorso"] = CFrame.new(-0.210520, 0.109219, -0.001615, 0.973520, -0.067185, -0.218505, -0.028624, 0.912489, -0.408099, 0.226802, 0.403547, 0.886403)
    }},
    {Time = 0.017, Data = {
      ["Head"] = CFrame.new(0.000000, -0.000000, 0.000000, 0.366274, -0.179690, 0.912992, -0.179690, 0.949050, 0.258875, -0.912992, -0.258875, 0.315324),
      ["LeftFoot"] = CFrame.new(-0.000000, -0.019156, -0.000003, 0.850433, -0.402445, -0.338824, 0.470838, 0.869554, 0.148952, 0.234680, -0.286205, 0.928984),
      ["LeftHand"] = CFrame.new(0.000500, 0.000100, 0.000000, 0.891960, -0.452114, 0.000000, 0.452114, 0.891960, 0.000000, 0.000000, 0.000000, 1.000000),
      ["LeftLowerArm"] = CFrame.new(-0.000500, 0.008552, 0.000366, 1.000000, 0.000000, 0.000000, 0.000000, 0.996252, -0.086500, 0.000000, 0.086500, 0.996252),
      ["LeftLowerLeg"] = CFrame.new(0.000000, -0.018689, -0.000147, 1.000000, 0.000000, 0.000000, 0.000000, 1.000000, 0.000000, 0.000000, 0.000000, 1.000000),
      ["LeftUpperArm"] = CFrame.new(-0.574270, 0.023414, 0.343970, -0.862545, 0.505982, 0.000083, -0.505982, -0.862545, 0.000023, 0.000083, -0.000023, 1.000000),
      ["LeftUpperLeg"] = CFrame.new(-0.000000, -0.000000, -0.000100, 0.879435, 0.476019, -0.001002, -0.362581, 0.668495, -0.649346, -0.308431, 0.571420, 0.760493),
      ["LowerTorso"] = CFrame.new(0.286722, -0.164681, 0.152318, 0.971789, -0.145999, 0.185230, 0.060288, 0.913048, 0.403371, -0.228016, -0.380824, 0.896093),
      ["RightFoot"] = CFrame.new(0.000000, 0.012450, -0.000103, 0.998906, 0.035780, 0.030098, -0.028384, 0.975593, -0.217744, -0.037154, 0.216652, 0.975542),
      ["RightHand"] = CFrame.new(-0.000500, 0.000000, 0.000000, 0.994558, -0.059776, 0.085332, -0.008177, 0.771727, 0.635902, -0.103864, -0.633139, 0.767038),
      ["RightLowerArm"] = CFrame.new(-0.000000, -0.013929, 0.000989, 1.000000, -0.000000, 0.000000, 0.000000, 0.990246, 0.139328, -0.000000, -0.139328, 0.990246),
      ["RightLowerLeg"] = CFrame.new(0.000000, 0.061134, -0.013002, 1.000000, -0.000000, 0.000000, 0.000000, 0.867833, 0.496856, -0.000000, -0.496856, 0.867833),
      ["RightUpperArm"] = CFrame.new(0.075238, -0.137186, -0.225295, 0.849500, 0.005773, 0.527557, 0.274392, -0.858897, -0.432441, 0.450620, 0.512116, -0.731217),
      ["RightUpperLeg"] = CFrame.new(0.000000, -0.000000, -0.000000, 0.966016, -0.051823, -0.253234, -0.124598, 0.765001, -0.631861, 0.226470, 0.641940, 0.732547),
      ["UpperTorso"] = CFrame.new(-0.216642, 0.113017, -0.007094, 0.971637, -0.062853, -0.227972, -0.029570, 0.924173, -0.380829, 0.234621, 0.376768, 0.896102)
    }},
    {Time = 0.033, Data = {
      ["Head"] = CFrame.new(0.000000, -0.000000, 0.000000, 0.366274, -0.179663, 0.912998, -0.179523, 0.949105, 0.258789, -0.913025, -0.258692, 0.315379),
      ["LeftFoot"] = CFrame.new(-0.000000, -0.013168, -0.000003, 0.838214, -0.417184, -0.351220, 0.487653, 0.861692, 0.140292, 0.244115, -0.288868, 0.925723),
      ["LeftHand"] = CFrame.new(0.000500, 0.000100, 0.000000, 0.891960, -0.452114, 0.000000, 0.452114, 0.891960, 0.000000, 0.000000, 0.000000, 1.000000),
      ["LeftLowerArm"] = CFrame.new(-0.000499, 0.008553, 0.000366, 1.000000, 0.000000, 0.000000, 0.000000, 0.996252, -0.086500, 0.000000, 0.086500, 0.996252),
      ["LeftLowerLeg"] = CFrame.new(-0.000000, -0.012723, -0.000068, 1.000000, 0.000000, 0.000000, 0.000000, 1.000000, 0.000000, 0.000000, 0.000000, 1.000000),
      ["LeftUpperArm"] = CFrame.new(-0.573789, 0.022390, 0.344338, -0.861547, 0.507678, 0.000439, -0.507678, -0.861547, 0.000030, 0.000394, -0.000197, 1.000000),
      ["LeftUpperLeg"] = CFrame.new(0.000000, -0.000000, -0.000100, 0.867999, 0.496199, -0.019101, -0.409765, 0.694013, -0.591979, -0.280483, 0.521664, 0.805727),
      ["LowerTorso"] = CFrame.new(0.307393, -0.183635, 0.122683, 0.964883, -0.149569, 0.215940, 0.071012, 0.939977, 0.333767, -0.252900, -0.306711, 0.917589),
      ["RightFoot"] = CFrame.new(0.000000, 0.013212, -0.000103, 0.999415, 0.026176, 0.022031, -0.019511, 0.965007, -0.261496, -0.028105, 0.260913, 0.964953),
      ["RightHand"] = CFrame.new(-0.000500, 0.000001, 0.000000, 0.994558, -0.059776, 0.085332, -0.008177, 0.771727, 0.635902, -0.103864, -0.633139, 0.767038),
      ["RightLowerArm"] = CFrame.new(-0.000000, -0.013929, 0.000989, 1.000000, -0.000000, 0.000000, 0.000000, 0.990246, 0.139328, -0.000000, -0.139328, 0.990246),
      ["RightLowerLeg"] = CFrame.new(-0.000000, 0.065263, -0.015060, 1.000000, -0.000000, 0.000000, 0.000000, 0.846868, 0.531802, -0.000000, -0.531802, 0.846868),
      ["RightUpperArm"] = CFrame.new(0.075238, -0.137186, -0.225295, 0.849500, 0.005773, 0.527557, 0.274392, -0.858897, -0.432441, 0.450620, 0.512116, -0.731217),
      ["RightUpperLeg"] = CFrame.new(0.000000, -0.000000, -0.000000, 0.960617, -0.036264, -0.275501, -0.131593, 0.813857, -0.565968, 0.244742, 0.579933, 0.777032),
      ["UpperTorso"] = CFrame.new(-0.232439, 0.122361, -0.023165, 0.966139, -0.051268, -0.252876, -0.029799, 0.951332, -0.306724, 0.256294, 0.303874, 0.917591)
    }},
    {Time = 0.050, Data = {
      ["Head"] = CFrame.new(0.000000, -0.000000, 0.000000, 0.366274, -0.179706, 0.912989, -0.179286, 0.949160, 0.258751, -0.913072, -0.258460, 0.315434),
      ["LeftFoot"] = CFrame.new(0.000000, -0.005859, -0.000003, 0.820860, -0.436882, -0.367862, 0.509695, 0.850973, 0.126715, 0.257681, -0.291513, 0.921206),
      ["LeftHand"] = CFrame.new(0.000500, 0.000099, 0.000000, 0.891960, -0.452114, 0.000000, 0.452114, 0.891960, 0.000000, 0.000000, 0.000000, 1.000000),
      ["LeftLowerArm"] = CFrame.new(-0.000500, 0.008552, 0.000366, 1.000000, 0.000000, 0.000000, 0.000000, 0.996252, -0.086500, 0.000000, 0.086500, 0.996252),
      ["LeftLowerLeg"] = CFrame.new(-0.000000, -0.005439, 0.000029, 1.000000, 0.000000, 0.000000, 0.000000, 1.000000, 0.000000, 0.000000, 0.000000, 1.000000),
      ["LeftUpperArm"] = CFrame.new(-0.572991, 0.020698, 0.344946, -0.859861, 0.510528, 0.000961, -0.510528, -0.859861, 0.000085, 0.000870, -0.000418, 1.000000),
      ["LeftUpperLeg"] = CFrame.new(0.000000, 0.000000, -0.000100, 0.851373, 0.522681, -0.044364, -0.471179, 0.724822, -0.502617, -0.230552, 0.448818, 0.863370),
      ["LowerTorso"] = CFrame.new(0.333523, -0.207631, 0.079140, 0.953827, -0.146890, 0.261987, 0.085795, 0.969157, 0.231026, -0.287842, -0.197882, 0.937011),
      ["RightFoot"] = CFrame.new(-0.000000, 0.013993, -0.000103, 0.999836, 0.013876, 0.011647, -0.009468, 0.948344, -0.317103, -0.015446, 0.316940, 0.948320),
      ["RightHand"] = CFrame.new(-0.000500, 0.000000, 0.000000, 0.994558, -0.059776, 0.085332, -0.008177, 0.771727, 0.635902, -0.103864, -0.633139, 0.767038),
      ["RightLowerArm"] = CFrame.new(-0.000000, -0.013929, 0.000989, 1.000000, -0.000000, 0.000000, 0.000000, 0.990246, 0.139328, -0.000000, -0.139328, 0.990246),
      ["RightLowerLeg"] = CFrame.new(-0.000000, 0.069411, -0.017319, 1.000000, -0.000000, 0.000000, 0.000000, 0.823798, 0.566884, -0.000000, -0.566884, 0.823798),
      ["RightUpperArm"] = CFrame.new(0.075238, -0.137186, -0.225295, 0.849500, 0.005773, 0.527557, 0.274392, -0.858897, -0.432441, 0.450620, 0.512116, -0.731217),
      ["RightUpperLeg"] = CFrame.new(0.000000, 0.000000, -0.000000, 0.951512, -0.012818, -0.307346, -0.135772, 0.879045, -0.456997, 0.276028, 0.476567, 0.834681),
      ["UpperTorso"] = CFrame.new(-0.253865, 0.133245, -0.049847, 0.957039, -0.035194, -0.287815, -0.023471, 0.979946, -0.197876, 0.289007, 0.196130, 0.937021)
    }},
    {Time = 0.067, Data = {
      ["Head"] = CFrame.new(0.000000, -0.000000, 0.000000, 0.366371, -0.179708, 0.912950, -0.178868, 0.949270, 0.258637, -0.913115, -0.258054, 0.315641),
      ["LeftFoot"] = CFrame.new(0.000000, 0.000157, -0.000003, 0.801297, -0.457676, -0.385301, 0.530961, 0.840806, 0.105477, 0.275689, -0.289098, 0.916743),
      ["LeftHand"] = CFrame.new(0.000500, 0.000101, 0.000000, 0.891960, -0.452114, 0.000000, 0.452114, 0.891960, 0.000000, 0.000000, 0.000000, 1.000000),
      ["LeftLowerArm"] = CFrame.new(-0.000500, 0.008552, 0.000366, 1.000000, 0.000000, 0.000000, 0.000000, 0.996252, -0.086500, 0.000000, 0.086500, 0.996252),
      ["LeftLowerLeg"] = CFrame.new(-0.000000, 0.001484, 0.000102, 1.000000, -0.000000, 0.000000, 0.000000, 0.999957, 0.009323, -0.000000, -0.009323, 0.999957),
      ["LeftUpperArm"] = CFrame.new(-0.571874, 0.018353, 0.345787, -0.857519, 0.514449, 0.001650, -0.514450, -0.857521, 0.000188, 0.001511, -0.000687, 0.999999),
      ["LeftUpperLeg"] = CFrame.new(-0.000000, -0.000000, -0.000100, 0.832074, 0.549457, -0.075828, -0.531533, 0.750819, -0.392101, -0.158509, 0.366562, 0.916792),
      ["LowerTorso"] = CFrame.new(0.358556, -0.230913, 0.027473, 0.939344, -0.131512, 0.316761, 0.102174, 0.988931, 0.107587, -0.327404, -0.068696, 0.942384),
      ["RightFoot"] = CFrame.new(-0.000000, 0.014679, -0.000103, 0.999995, 0.002306, 0.001929, -0.001424, 0.928359, -0.371683, -0.002648, 0.371678, 0.928358),
      ["RightHand"] = CFrame.new(-0.000500, 0.000000, 0.000000, 0.994558, -0.059776, 0.085332, -0.008177, 0.771727, 0.635902, -0.103864, -0.633139, 0.767038),
      ["RightLowerArm"] = CFrame.new(-0.000000, -0.013930, 0.000989, 1.000000, -0.000000, 0.000000, 0.000000, 0.990246, 0.139328, -0.000000, -0.139328, 0.990246),
      ["RightLowerLeg"] = CFrame.new(-0.000000, 0.072159, -0.018819, 1.000000, -0.000000, 0.000000, 0.000000, 0.808410, 0.588620, -0.000000, -0.588620, 0.808410),
      ["RightUpperArm"] = CFrame.new(0.075238, -0.137186, -0.225295, 0.849500, 0.005773, 0.527557, 0.274392, -0.858897, -0.432441, 0.450620, 0.512116, -0.731217),
      ["RightUpperLeg"] = CFrame.new(-0.000000, -0.000000, -0.000000, 0.938951, 0.015932, -0.343683, -0.129336, 0.942003, -0.309681, 0.318817, 0.335225, 0.886555),
      ["UpperTorso"] = CFrame.new(-0.276990, 0.140903, -0.085961, 0.944730, -0.017121, -0.327403, -0.005721, 0.997623, -0.068676, 0.327800, 0.066754, 0.942386)
    }},
    {Time = 0.083, Data = {
      ["Head"] = CFrame.new(0.000000, -0.000000, 0.000000, 0.366371, -0.179675, 0.912957, -0.178415, 0.949407, 0.258447, -0.913204, -0.257572, 0.315778),
      ["LeftFoot"] = CFrame.new(-0.000000, 0.002151, -0.000003, 0.782612, -0.476162, -0.400984, 0.541756, 0.838249, 0.061954, 0.306625, -0.265721, 0.913988),
      ["LeftHand"] = CFrame.new(0.000499, 0.000100, -0.000000, 0.891960, -0.452114, 0.000000, 0.452114, 0.891960, 0.000000, 0.000000, 0.000000, 1.000000),
      ["LeftLowerArm"] = CFrame.new(-0.000499, 0.008552, 0.000366, 1.000000, 0.000000, 0.000000, 0.000000, 0.996252, -0.086500, 0.000000, 0.086500, 0.996252),
      ["LeftLowerLeg"] = CFrame.new(0.000000, 0.009223, -0.000106, 1.000000, -0.000000, 0.000000, 0.000000, 0.997745, 0.067121, -0.000000, -0.067121, 0.997745),
      ["LeftUpperArm"] = CFrame.new(-0.570431, 0.015366, 0.346859, -0.854553, 0.519358, 0.002587, -0.519359, -0.854556, 0.000366, 0.002401, -0.001031, 0.999997),
      ["LeftUpperLeg"] = CFrame.new(-0.000000, 0.000000, -0.000100, 0.813088, 0.569266, -0.121754, -0.577793, 0.763653, -0.288077, -0.071015, 0.304581, 0.949835),
      ["LowerTorso"] = CFrame.new(0.377641, -0.249799, -0.025677, 0.922959, -0.101303, 0.371327, 0.117868, 0.992783, -0.022126, -0.366406, 0.064189, 0.928239),
      ["RightFoot"] = CFrame.new(-0.000000, 0.014889, -0.000103, 0.999975, -0.005416, -0.004559, 0.003017, 0.908627, -0.417598, 0.006404, 0.417574, 0.908620),
      ["RightHand"] = CFrame.new(-0.000500, 0.000000, 0.000000, 0.994558, -0.059776, 0.085332, -0.008177, 0.771727, 0.635902, -0.103864, -0.633139, 0.767038),
      ["RightLowerArm"] = CFrame.new(-0.000000, -0.013929, 0.000989, 1.000000, -0.000000, 0.000000, 0.000000, 0.990246, 0.139328, -0.000000, -0.139328, 0.990246),
      ["RightLowerLeg"] = CFrame.new(-0.000000, 0.072920, -0.019235, 1.000000, -0.000000, 0.000000, 0.000000, 0.804112, 0.594478, -0.000000, -0.594478, 0.804112),
      ["RightUpperArm"] = CFrame.new(0.075238, -0.137186, -0.225295, 0.849500, 0.005773, 0.527557, 0.274392, -0.858897, -0.432441, 0.450620, 0.512116, -0.731217),
      ["RightUpperLeg"] = CFrame.new(-0.000000, 0.000000, -0.000000, 0.923976, 0.046289, -0.379639, -0.106959, 0.984314, -0.140303, 0.367190, 0.170243, 0.914434),
      ["UpperTorso"] = CFrame.new(-0.298427, 0.141353, -0.127573, 0.930457, 0.000509, -0.366401, 0.024749, 0.997628, 0.064234, 0.365565, -0.068835, 0.928237)
    }},
    {Time = 0.100, Data = {
      ["Head"] = CFrame.new(0.000000, -0.000000, 0.000000, 0.366468, -0.179650, 0.912922, -0.177829, 0.949571, 0.258246, -0.913279, -0.256983, 0.316040),
      ["LeftFoot"] = CFrame.new(-0.000000, 0.003473, -0.000003, 0.767354, -0.490504, -0.413006, 0.548008, 0.836093, 0.025203, 0.332949, -0.245670, 0.910380),
      ["LeftHand"] = CFrame.new(0.000500, 0.000100, -0.000000, 0.891960, -0.452114, 0.000000, 0.452114, 0.891960, 0.000000, 0.000000, 0.000000, 1.000000),
      ["LeftLowerArm"] = CFrame.new(-0.000500, 0.008552, 0.000366, 1.000000, 0.000000, 0.000000, 0.000000, 0.996252, -0.086500, 0.000000, 0.086500, 0.996252),
      ["LeftLowerLeg"] = CFrame.new(0.000000, 0.014946, -0.000497, 1.000000, -0.000000, 0.000000, 0.000000, 0.993752, 0.111612, -0.000000, -0.111612, 0.993752),
      ["LeftUpperArm"] = CFrame.new(-0.568657, 0.011748, 0.348156, -0.850848, 0.525399, 0.003712, -0.525401, -0.850855, 0.000515, 0.003429, -0.001512, 0.999993),
      ["LeftUpperLeg"] = CFrame.new(-0.000000, -0.000000, -0.000100, 0.797077, 0.582241, -0.160199, -0.603572, 0.776568, -0.180676, 0.019209, 0.240704, 0.970408),
      ["LowerTorso"] = CFrame.new(0.388358, -0.263301, -0.073884, 0.907147, -0.060096, 0.416501, 0.130873, 0.980958, -0.143504, -0.399946, 0.184688, 0.897738),
      ["RightFoot"] = CFrame.new(0.000000, 0.014672, -0.000103, 0.999948, -0.007782, -0.006573, 0.003973, 0.892102, -0.451816, 0.009380, 0.451767, 0.892087),
      ["RightHand"] = CFrame.new(-0.000500, 0.000000, -0.000000, 0.994558, -0.059776, 0.085332, -0.008177, 0.771727, 0.635902, -0.103864, -0.633139, 0.767038),
      ["RightLowerArm"] = CFrame.new(-0.000000, -0.013929, 0.000989, 1.000000, -0.000000, 0.000000, 0.000000, 0.990246, 0.139328, -0.000000, -0.139328, 0.990246),
      ["RightLowerLeg"] = CFrame.new(0.000000, 0.072130, -0.018803, 1.000000, -0.000000, 0.000000, 0.000000, 0.808570, 0.588399, -0.000000, -0.588399, 0.808570),
      ["RightUpperArm"] = CFrame.new(0.075238, -0.137186, -0.225295, 0.849500, 0.005773, 0.527557, 0.274392, -0.858897, -0.432441, 0.450620, 0.512116, -0.731217),
      ["RightUpperLeg"] = CFrame.new(0.000000, -0.000000, -0.000000, 0.908729, 0.073372, -0.410888, -0.068974, 0.997291, 0.025540, 0.411649, 0.005132, 0.911328),
      ["UpperTorso"] = CFrame.new(-0.315610, 0.133496, -0.168058, 0.916437, 0.015384, -0.399884, 0.064150, 0.980691, 0.184744, 0.395005, -0.194959, 0.897754)
    }},
    {Time = 0.117, Data = {
      ["Head"] = CFrame.new(0.000000, -0.000000, 0.000000, 0.366564, -0.179625, 0.912889, -0.177244, 0.949735, 0.258046, -0.913354, -0.256394, 0.316302),
      ["LeftFoot"] = CFrame.new(0.000000, 0.004567, -0.000003, 0.757028, -0.499785, -0.420861, 0.548213, 0.836309, -0.007039, 0.355488, -0.225392, 0.907098),
      ["LeftHand"] = CFrame.new(0.000500, 0.000100, 0.000000, 0.891960, -0.452114, 0.000000, 0.452114, 0.891960, 0.000000, 0.000000, 0.000000, 1.000000),
      ["LeftLowerArm"] = CFrame.new(-0.000500, 0.008552, 0.000366, 1.000000, 0.000000, 0.000000, 0.000000, 0.996252, -0.086500, 0.000000, 0.086500, 0.996252),
      ["LeftLowerLeg"] = CFrame.new(-0.000000, 0.020035, -0.001027, 1.000000, -0.000000, 0.000000, 0.000000, 0.988367, 0.152087, -0.000000, -0.152087, 0.988367),
      ["LeftUpperArm"] = CFrame.new(-0.566538, 0.007511, 0.349674, -0.846425, 0.532483, 0.005109, -0.532487, -0.846438, 0.000665, 0.004678, -0.002158, 0.999987),
      ["LeftUpperLeg"] = CFrame.new(-0.000000, -0.000000, -0.000100, 0.786002, 0.588635, -0.188969, -0.610671, 0.786874, -0.088942, 0.096340, 0.185306, 0.977947),
      ["LowerTorso"] = CFrame.new(0.390455, -0.272868, -0.112093, 0.895166, -0.017260, 0.445398, 0.139668, 0.959789, -0.243513, -0.423285, 0.280193, 0.861581),
      ["RightFoot"] = CFrame.new(0.000000, 0.014361, -0.000103, 0.999978, -0.005078, -0.004236, 0.002453, 0.879706, -0.475511, 0.006141, 0.475490, 0.879700),
      ["RightHand"] = CFrame.new(-0.000500, 0.000000, 0.000000, 0.994558, -0.059776, 0.085332, -0.008177, 0.771727, 0.635902, -0.103864, -0.633139, 0.767038),
      ["RightLowerArm"] = CFrame.new(-0.000000, -0.013929, 0.000988, 1.000000, -0.000000, 0.000000, 0.000000, 0.990246, 0.139328, -0.000000, -0.139328, 0.990246),
      ["RightLowerLeg"] = CFrame.new(-0.000000, 0.070997, -0.018193, 1.000000, -0.000000, 0.000000, 0.000000, 0.814874, 0.579639, -0.000000, -0.579639, 0.814874),
      ["RightUpperArm"] = CFrame.new(0.075238, -0.137186, -0.225295, 0.849500, 0.005773, 0.527557, 0.274392, -0.858897, -0.432441, 0.450620, 0.512116, -0.731217),
      ["RightUpperLeg"] = CFrame.new(0.000000, -0.000000, -0.000000, 0.896220, 0.091722, -0.434024, -0.023249, 0.986758, 0.160523, 0.443001, -0.133774, 0.886485),
      ["UpperTorso"] = CFrame.new(-0.326795, 0.120344, -0.199702, 0.905623, 0.025669, -0.423306, 0.103936, 0.954290, 0.280229, 0.411150, -0.297779, 0.861559)
    }},
    {Time = 0.133, Data = {
      ["Head"] = CFrame.new(0.000000, -0.000000, 0.000000, 0.366661, -0.179573, 0.912860, -0.176491, 0.949953, 0.257759, -0.913461, -0.255622, 0.316618),
      ["LeftFoot"] = CFrame.new(-0.000000, 0.005814, -0.000003, 0.752133, -0.504116, -0.424456, 0.540624, 0.840311, -0.040034, 0.376857, -0.199360, 0.904563),
      ["LeftHand"] = CFrame.new(0.000500, 0.000099, 0.000000, 0.891960, -0.452114, 0.000000, 0.452114, 0.891960, 0.000000, 0.000000, 0.000000, 1.000000),
      ["LeftLowerArm"] = CFrame.new(-0.000500, 0.008552, 0.000366, 1.000000, 0.000000, 0.000000, 0.000000, 0.996252, -0.086500, 0.000000, 0.086500, 0.996252),
      ["LeftLowerLeg"] = CFrame.new(-0.000000, 0.026200, -0.001916, 1.000000, -0.000000, 0.000000, 0.000000, 0.979372, 0.202066, -0.000000, -0.202066, 0.979372),
      ["LeftUpperArm"] = CFrame.new(-0.564063, 0.002665, 0.351408, -0.841255, 0.540598, 0.006645, -0.540605, -0.841277, 0.000961, 0.006110, -0.002784, 0.999977),
      ["LeftUpperLeg"] = CFrame.new(-0.000000, -0.000000, -0.000100, 0.781076, 0.589117, -0.207033, -0.607394, 0.793716, -0.032988, 0.144892, 0.151516, 0.977778),
      ["LowerTorso"] = CFrame.new(0.384731, -0.281504, -0.136916, 0.890421, 0.015337, 0.454880, 0.142901, 0.939472, -0.311403, -0.432123, 0.342283, 0.834333),
      ["RightFoot"] = CFrame.new(-0.000000, 0.014403, -0.000103, 0.999998, 0.001376, 0.001155, -0.000628, 0.870130, -0.492821, -0.001683, 0.492820, 0.870130),
      ["RightHand"] = CFrame.new(-0.000500, 0.000000, 0.000000, 0.994558, -0.059776, 0.085332, -0.008177, 0.771727, 0.635902, -0.103864, -0.633139, 0.767038),
      ["RightLowerArm"] = CFrame.new(-0.000000, -0.013929, 0.000989, 1.000000, -0.000000, 0.000000, 0.000000, 0.990246, 0.139328, -0.000000, -0.139328, 0.990246),
      ["RightLowerLeg"] = CFrame.new(0.000000, 0.071151, -0.018275, 1.000000, -0.000000, 0.000000, 0.000000, 0.814032, 0.580820, -0.000000, -0.580820, 0.814032),
      ["RightUpperArm"] = CFrame.new(0.075238, -0.137186, -0.225295, 0.849500, 0.005773, 0.527557, 0.274392, -0.858897, -0.432441, 0.450620, 0.512116, -0.731217),
      ["RightUpperLeg"] = CFrame.new(0.000000, -0.000000, 0.000000, 0.890121, 0.095763, -0.445549, 0.016991, 0.970019, 0.242434, 0.455407, -0.223366, 0.861807),
      ["UpperTorso"] = CFrame.new(-0.330662, 0.108174, -0.215623, 0.901344, 0.029427, -0.432104, 0.133714, 0.930043, 0.342257, 0.411947, -0.366269, 0.834354)
    }},
    {Time = 0.150, Data = {
      ["Head"] = CFrame.new(0.000000, -0.000000, 0.000000, 0.366757, -0.179543, 0.912827, -0.175620, 0.950198, 0.257454, -0.913590, -0.254734, 0.316960),
      ["LeftFoot"] = CFrame.new(-0.000000, 0.007807, -0.000003, 0.756211, -0.500528, -0.421445, 0.514972, 0.852618, -0.088580, 0.403669, -0.150047, 0.902517),
      ["LeftHand"] = CFrame.new(0.000500, 0.000100, -0.000000, 0.891960, -0.452114, 0.000000, 0.452114, 0.891960, 0.000000, 0.000000, 0.000000, 1.000000),
      ["LeftLowerArm"] = CFrame.new(-0.000500, 0.008552, 0.000366, 1.000000, 0.000000, 0.000000, 0.000000, 0.996252, -0.086500, 0.000000, 0.086500, 0.996252),
      ["LeftLowerLeg"] = CFrame.new(0.000000, 0.036701, -0.004091, 1.000000, -0.000000, 0.000000, 0.000000, 0.957360, 0.288898, -0.000000, -0.288898, 0.957360),
      ["LeftUpperArm"] = CFrame.new(-0.561212, -0.002779, 0.353355, -0.835352, 0.549652, 0.008368, -0.549662, -0.835387, 0.001245, 0.007674, -0.003560, 0.999964),
      ["LeftUpperLeg"] = CFrame.new(-0.000000, -0.000000, -0.000100, 0.784878, 0.578625, -0.221720, -0.595549, 0.803229, -0.012017, 0.171138, 0.141476, 0.975036),
      ["LowerTorso"] = CFrame.new(0.358900, -0.289762, -0.152641, 0.893609, 0.036434, 0.447365, 0.140813, 0.923625, -0.356495, -0.426186, 0.381562, 0.820229),
      ["RightFoot"] = CFrame.new(0.000000, 0.014822, -0.000103, 0.999616, 0.021221, 0.017844, -0.009263, 0.862193, -0.506495, -0.026133, 0.506135, 0.862058),
      ["RightHand"] = CFrame.new(-0.000500, 0.000000, 0.000000, 0.994558, -0.059776, 0.085332, -0.008177, 0.771727, 0.635902, -0.103864, -0.633139, 0.767038),
      ["RightLowerArm"] = CFrame.new(-0.000000, -0.013929, 0.000989, 1.000000, -0.000000, 0.000000, 0.000000, 0.990246, 0.139328, -0.000000, -0.139328, 0.990246),
      ["RightLowerLeg"] = CFrame.new(0.000000, 0.072675, -0.019100, 1.000000, -0.000000, 0.000000, 0.000000, 0.805514, 0.592577, -0.000000, -0.592577, 0.805514),
      ["RightUpperArm"] = CFrame.new(0.075238, -0.137186, -0.225295, 0.849500, 0.005773, 0.527557, 0.274392, -0.858897, -0.432441, 0.450620, 0.512116, -0.731217),
      ["RightUpperLeg"] = CFrame.new(0.000000, -0.000000, -0.000000, 0.888622, 0.075762, -0.452340, 0.062826, 0.956857, 0.283686, 0.454317, -0.280508, 0.845524),
      ["UpperTorso"] = CFrame.new(-0.316498, 0.099415, -0.210724, 0.904202, 0.027042, -0.426247, 0.152633, 0.911632, 0.381616, 0.398900, -0.410117, 0.820172)
    }},
    {Time = 0.167, Data = {
      ["Head"] = CFrame.new(0.000000, -0.000000, 0.000000, 0.366853, -0.179512, 0.912795, -0.174749, 0.950441, 0.257147, -0.913719, -0.253845, 0.317302),
      ["LeftFoot"] = CFrame.new(-0.000000, 0.010306, -0.000003, 0.771438, -0.486748, -0.409829, 0.467407, 0.870512, -0.154077, 0.431757, -0.072696, 0.899056),
      ["LeftHand"] = CFrame.new(0.000500, 0.000101, -0.000000, 0.891960, -0.452114, 0.000000, 0.452114, 0.891960, 0.000000, 0.000000, 0.000000, 1.000000),
      ["LeftLowerArm"] = CFrame.new(-0.000500, 0.008552, 0.000366, 1.000000, 0.000000, 0.000000, 0.000000, 0.996252, -0.086500, 0.000000, 0.086500, 0.996252),
      ["LeftLowerLeg"] = CFrame.new(0.000000, 0.050547, -0.008353, 1.000000, -0.000000, 0.000000, 0.000000, 0.914123, 0.405437, -0.000000, -0.405437, 0.914123),
      ["LeftUpperArm"] = CFrame.new(-0.557968, -0.008808, 0.355510, -0.828580, 0.559777, 0.010277, -0.559793, -0.828631, 0.001521, 0.009367, -0.004493, 0.999946),
      ["LeftUpperLeg"] = CFrame.new(-0.000000, 0.000000, -0.000100, 0.798273, 0.555269, -0.233315, -0.571802, 0.820382, -0.003951, 0.189214, 0.136565, 0.972393),
      ["LowerTorso"] = CFrame.new(0.305193, -0.296137, -0.165749, 0.902420, 0.052244, 0.427678, 0.134737, 0.908617, -0.395298, -0.409247, 0.414349, 0.812916),
      ["RightFoot"] = CFrame.new(0.000000, 0.015272, -0.000103, 0.996702, 0.062106, 0.052230, -0.026325, 0.856282, -0.515838, -0.076760, 0.512762, 0.855093),
      ["RightHand"] = CFrame.new(-0.000500, 0.000000, 0.000000, 0.994558, -0.059776, 0.085332, -0.008177, 0.771727, 0.635902, -0.103864, -0.633139, 0.767038),
      ["RightLowerArm"] = CFrame.new(-0.000000, -0.013929, 0.000989, 1.000000, -0.000000, 0.000000, 0.000000, 0.990246, 0.139328, -0.000000, -0.139328, 0.990246),
      ["RightLowerLeg"] = CFrame.new(0.000000, 0.074305, -0.020009, 1.000000, -0.000000, 0.000000, 0.000000, 0.796199, 0.605035, -0.000000, -0.605035, 0.796199),
      ["RightUpperArm"] = CFrame.new(0.075238, -0.137186, -0.225295, 0.849500, 0.005773, 0.527557, 0.274392, -0.858897, -0.432441, 0.450620, 0.512116, -0.731217),
      ["RightUpperLeg"] = CFrame.new(0.000000, 0.000000, 0.000000, 0.886397, 0.029233, -0.462003, 0.130130, 0.942028, 0.309273, 0.444260, -0.334259, 0.831206),
      ["UpperTorso"] = CFrame.new(-0.277909, 0.093296, -0.187483, 0.912186, 0.019814, -0.409296, 0.166477, 0.894768, 0.414338, 0.374435, -0.446092, 0.812896)
    }},
    {Time = 0.183, Data = {
      ["Head"] = CFrame.new(0.000000, 0.000000, 0.000000, 0.366948, -0.179455, 0.912768, -0.173710, 0.950738, 0.256755, -0.913879, -0.252772, 0.317698),
      ["LeftFoot"] = CFrame.new(0.000000, 0.012725, -0.000003, 0.795687, -0.463345, -0.390119, 0.406243, 0.885964, -0.223685, 0.449275, 0.019500, 0.893181),
      ["LeftHand"] = CFrame.new(0.000500, 0.000099, 0.000000, 0.891960, -0.452114, 0.000000, 0.452114, 0.891960, 0.000000, 0.000000, 0.000000, 1.000000),
      ["LeftLowerArm"] = CFrame.new(-0.000499, 0.008553, 0.000366, 1.000000, 0.000000, 0.000000, 0.000000, 0.996252, -0.086500, 0.000000, 0.086500, 0.996252),
      ["LeftLowerLeg"] = CFrame.new(-0.000000, 0.063909, -0.014163, 1.000000, -0.000000, 0.000000, 0.000000, 0.854975, 0.518669, -0.000000, -0.518669, 0.854975),
      ["LeftUpperArm"] = CFrame.new(-0.554307, -0.015412, 0.357869, -0.820994, 0.570802, 0.012403, -0.570824, -0.821070, 0.001988, 0.011319, -0.005448, 0.999921),
      ["LeftUpperLeg"] = CFrame.new(-0.000000, -0.000000, -0.000100, 0.819887, 0.523104, -0.232695, -0.537237, 0.843426, 0.003120, 0.197893, 0.122454, 0.972545),
      ["LowerTorso"] = CFrame.new(0.230857, -0.300965, -0.176702, 0.915615, 0.062474, 0.397173, 0.124739, 0.894967, -0.428340, -0.382216, 0.441737, 0.811652),
      ["RightFoot"] = CFrame.new(-0.000000, 0.015644, -0.000103, 0.988090, 0.117721, 0.099095, -0.049597, 0.853266, -0.519111, -0.145664, 0.508014, 0.848943),
      ["RightHand"] = CFrame.new(-0.000500, 0.000000, 0.000000, 0.994558, -0.059776, 0.085332, -0.008177, 0.771727, 0.635902, -0.103864, -0.633139, 0.767038),
      ["RightLowerArm"] = CFrame.new(-0.000000, -0.013929, 0.000989, 1.000000, -0.000000, 0.000000, 0.000000, 0.990246, 0.139328, -0.000000, -0.139328, 0.990246),
      ["RightLowerLeg"] = CFrame.new(-0.000000, 0.075640, -0.020775, 1.000000, -0.000000, 0.000000, 0.000000, 0.788298, 0.615294, -0.000000, -0.615294, 0.788298),
      ["RightUpperArm"] = CFrame.new(0.075238, -0.137186, -0.225295, 0.849500, 0.005773, 0.527557, 0.274392, -0.858897, -0.432441, 0.450620, 0.512116, -0.731217),
      ["RightUpperLeg"] = CFrame.new(0.000000, -0.000000, 0.000000, 0.881503, -0.038284, -0.470624, 0.210957, 0.923633, 0.319998, 0.422433, -0.381360, 0.822262),
      ["UpperTorso"] = CFrame.new(-0.219398, 0.090750, -0.152717, 0.924024, 0.008191, -0.382248, 0.174955, 0.879898, 0.441781, 0.339958, -0.475092, 0.811614)
    }},
    {Time = 0.200, Data = {
      ["Head"] = CFrame.new(0.000000, -0.000000, 0.000000, 0.367139, -0.179455, 0.912691, -0.172588, 0.951032, 0.256419, -0.914014, -0.251661, 0.318190),
      ["LeftFoot"] = CFrame.new(0.000000, 0.015279, -0.000003, 0.826583, -0.430514, -0.362516, 0.339261, 0.895069, -0.289401, 0.449068, 0.116227, 0.885906),
      ["LeftHand"] = CFrame.new(0.000501, 0.000100, -0.000000, 0.891960, -0.452114, 0.000000, 0.452114, 0.891960, 0.000000, 0.000000, 0.000000, 1.000000),
      ["LeftLowerArm"] = CFrame.new(-0.000500, 0.008552, 0.000366, 1.000000, 0.000000, 0.000000, 0.000000, 0.996252, -0.086500, 0.000000, 0.086500, 0.996252),
      ["LeftLowerLeg"] = CFrame.new(-0.000000, 0.075248, -0.020334, 1.000000, -0.000000, 0.000000, 0.000000, 0.791822, 0.610752, -0.000000, -0.610752, 0.791822),
      ["LeftUpperArm"] = CFrame.new(-0.550205, -0.022578, 0.360427, -0.812500, 0.582777, 0.014713, -0.582808, -0.812606, 0.002464, 0.013392, -0.006573, 0.999889),
      ["LeftUpperLeg"] = CFrame.new(-0.000000, 0.000000, -0.000100, 0.847882, 0.484205, -0.215968, -0.492694, 0.870049, 0.016371, 0.195829, 0.092525, 0.976263),
      ["LowerTorso"] = CFrame.new(0.142918, -0.304535, -0.185761, 0.931684, 0.067483, 0.356947, 0.110737, 0.883070, -0.455988, -0.345981, 0.464364, 0.815269),
      ["RightFoot"] = CFrame.new(0.000000, 0.015854, -0.000103, 0.971636, 0.180890, 0.152322, -0.078205, 0.853667, -0.514914, -0.223175, 0.488397, 0.843600),
      ["RightHand"] = CFrame.new(-0.000500, 0.000000, 0.000000, 0.994558, -0.059776, 0.085332, -0.008177, 0.771727, 0.635902, -0.103864, -0.633139, 0.767038),
      ["RightLowerArm"] = CFrame.new(-0.000000, -0.013929, 0.000989, 1.000000, -0.000000, 0.000000, 0.000000, 0.990246, 0.139328, -0.000000, -0.139328, 0.990246),
      ["RightLowerLeg"] = CFrame.new(0.000000, 0.076356, -0.021187, 1.000000, -0.000000, 0.000000, 0.000000, 0.784064, 0.620680, -0.000000, -0.620680, 0.784064),
      ["RightUpperArm"] = CFrame.new(0.075238, -0.137186, -0.225295, 0.849500, 0.005773, 0.527557, 0.274392, -0.858897, -0.432441, 0.450620, 0.512116, -0.731217),
      ["RightUpperLeg"] = CFrame.new(0.000000, 0.000000, 0.000000, 0.872607, -0.119997, -0.473452, 0.296065, 0.900914, 0.317332, 0.388461, -0.417079, 0.821671),
      ["UpperTorso"] = CFrame.new(-0.145414, 0.091368, -0.113755, 0.938199, -0.007716, -0.346009, 0.178391, 0.867495, 0.464359, 0.296578, -0.497386, 0.815260)
    }},
    {Time = 0.217, Data = {
      ["Head"] = CFrame.new(0.000000, -0.000000, 0.000000, 0.367233, -0.179372, 0.912669, -0.171381, 0.951380, 0.255939, -0.914203, -0.250404, 0.318637),
      ["LeftFoot"] = CFrame.new(-0.000000, 0.018221, -0.000003, 0.860971, -0.389093, -0.327622, 0.273338, 0.897106, -0.347113, 0.428971, 0.209302, 0.878736),
      ["LeftHand"] = CFrame.new(0.000500, 0.000100, -0.000000, 0.891960, -0.452114, 0.000000, 0.452114, 0.891960, 0.000000, 0.000000, 0.000000, 1.000000),
      ["LeftLowerArm"] = CFrame.new(-0.000500, 0.008552, 0.000366, 1.000000, 0.000000, 0.000000, 0.000000, 0.996252, -0.086500, 0.000000, 0.086500, 0.996252),
      ["LeftLowerLeg"] = CFrame.new(0.000000, 0.084281, -0.025693, 1.000000, -0.000000, 0.000000, 0.000000, 0.736360, 0.676590, -0.000000, -0.676590, 0.736360),
      ["LeftUpperArm"] = CFrame.new(-0.545632, -0.030292, 0.363181, -0.803041, 0.595673, 0.017287, -0.595717, -0.803189, 0.002984, 0.015662, -0.007902, 0.999846),
      ["LeftUpperLeg"] = CFrame.new(0.000000, -0.000000, -0.000100, 0.879655, 0.438743, -0.183607, -0.439442, 0.897420, 0.039097, 0.181926, 0.046293, 0.982222),
      ["LowerTorso"] = CFrame.new(0.048251, -0.307099, -0.193065, 0.948964, 0.067828, 0.308006, 0.092876, 0.873193, -0.478443, -0.301400, 0.482632, 0.822329),
      ["RightFoot"] = CFrame.new(-0.000000, 0.015832, -0.000103, 0.947623, 0.244338, 0.205692, -0.111756, 0.856964, -0.503113, -0.299200, 0.453775, 0.839386),
      ["RightHand"] = CFrame.new(-0.000499, 0.000000, -0.000000, 0.994558, -0.059776, 0.085332, -0.008177, 0.771727, 0.635902, -0.103864, -0.633139, 0.767038),
      ["RightLowerArm"] = CFrame.new(-0.000000, -0.013929, 0.000989, 1.000000, -0.000000, 0.000000, 0.000000, 0.990246, 0.139328, -0.000000, -0.139328, 0.990246),
      ["RightLowerLeg"] = CFrame.new(-0.000000, 0.076289, -0.021149, 1.000000, -0.000000, 0.000000, 0.000000, 0.784461, 0.620178, -0.000000, -0.620178, 0.784461),
      ["RightUpperArm"] = CFrame.new(0.075238, -0.137186, -0.225295, 0.849500, 0.005773, 0.527557, 0.274392, -0.858897, -0.432441, 0.450620, 0.512116, -0.731217),
      ["RightUpperLeg"] = CFrame.new(0.000000, -0.000000, 0.000000, 0.859974, -0.208640, -0.465741, 0.376891, 0.874966, 0.303953, 0.344091, -0.436926, 0.831082),
      ["UpperTorso"] = CFrame.new(-0.061005, 0.094028, -0.077549, 0.953100, -0.027576, -0.301398, 0.177436, 0.857664, 0.482628, 0.245189, -0.513471, 0.822332)
    }},
    {Time = 0.233, Data = {
      ["Head"] = CFrame.new(0.000000, 0.000000, 0.000000, 0.367424, -0.179346, 0.912598, -0.170092, 0.951725, 0.255516, -0.914368, -0.249108, 0.319181),
      ["LeftFoot"] = CFrame.new(-0.000000, 0.020305, -0.000003, 0.895127, -0.341000, -0.287170, 0.213076, 0.893059, -0.396289, 0.391594, 0.293540, 0.872060),
      ["LeftHand"] = CFrame.new(0.000500, 0.000100, -0.000000, 0.891960, -0.452114, 0.000000, 0.452114, 0.891960, 0.000000, 0.000000, 0.000000, 1.000000),
      ["LeftLowerArm"] = CFrame.new(-0.000500, 0.008552, 0.000366, 1.000000, 0.000000, 0.000000, 0.000000, 0.996252, -0.086500, 0.000000, 0.086500, 0.996252),
      ["LeftLowerLeg"] = CFrame.new(0.000000, 0.090355, -0.029813, 1.000000, -0.000000, 0.000000, 0.000000, 0.693570, 0.720390, -0.000000, -0.720390, 0.693570),
      ["LeftUpperArm"] = CFrame.new(-0.540559, -0.038538, 0.366125, -0.792565, 0.609459, 0.020014, -0.609519, -0.792763, 0.003614, 0.018069, -0.009335, 0.999793),
      ["LeftUpperLeg"] = CFrame.new(0.000000, -0.000000, -0.000100, 0.911802, 0.386230, -0.139441, -0.380099, 0.922346, 0.069299, 0.155379, -0.010186, 0.987802),
      ["LowerTorso"] = CFrame.new(-0.046367, -0.308858, -0.198699, 0.965743, 0.064483, 0.251362, 0.071256, 0.865509, -0.495799, -0.249526, 0.496725, 0.831264),
      ["RightFoot"] = CFrame.new(0.000000, 0.015608, -0.000103, 0.918819, 0.301926, 0.254188, -0.149084, 0.861830, -0.484792, -0.365438, 0.407541, 0.836878),
      ["RightHand"] = CFrame.new(-0.000500, 0.000000, 0.000000, 0.994558, -0.059776, 0.085332, -0.008177, 0.771727, 0.635902, -0.103864, -0.633139, 0.767038),
      ["RightLowerArm"] = CFrame.new(-0.000000, -0.013929, 0.000989, 1.000000, -0.000000, 0.000000, 0.000000, 0.990246, 0.139328, -0.000000, -0.139328, 0.990246),
      ["RightLowerLeg"] = CFrame.new(-0.000000, 0.075513, -0.020701, 1.000000, -0.000000, 0.000000, 0.000000, 0.789027, 0.614358, -0.000000, -0.614358, 0.789027),
      ["RightUpperArm"] = CFrame.new(0.075238, -0.137186, -0.225295, 0.849500, 0.005773, 0.527557, 0.274392, -0.858897, -0.432441, 0.450620, 0.512116, -0.731217),
      ["RightUpperLeg"] = CFrame.new(-0.000000, -0.000000, 0.000000, 0.845426, -0.296963, -0.443922, 0.446835, 0.848568, 0.283322, 0.292562, -0.437888, 0.850095),
      ["UpperTorso"] = CFrame.new(0.027769, 0.097489, -0.049923, 0.967014, -0.051203, -0.249525, 0.173210, 0.850435, 0.496748, 0.186770, -0.523583, 0.831251)
    }},
    {Time = 0.250, Data = {
      ["Head"] = CFrame.new(0.000000, -0.000000, 0.000000, 0.367612, -0.179342, 0.912523, -0.168683, 0.952094, 0.255073, -0.914553, -0.247695, 0.319750),
      ["LeftFoot"] = CFrame.new(-0.000000, 0.021554, -0.000003, 0.925122, -0.290426, -0.244545, 0.162960, 0.885491, -0.435143, 0.342920, 0.362710, 0.866515),
      ["LeftHand"] = CFrame.new(0.000500, 0.000099, -0.000000, 0.891960, -0.452114, 0.000000, 0.452114, 0.891960, 0.000000, 0.000000, 0.000000, 1.000000),
      ["LeftLowerArm"] = CFrame.new(-0.000500, 0.008552, 0.000366, 1.000000, 0.000000, 0.000000, 0.000000, 0.996252, -0.086500, 0.000000, 0.086500, 0.996252),
      ["LeftLowerLeg"] = CFrame.new(0.000000, 0.093690, -0.032226, 1.000000, -0.000000, 0.000000, 0.000000, 0.668407, 0.743795, -0.000000, -0.743795, 0.668407),
      ["LeftUpperArm"] = CFrame.new(-0.534951, -0.047300, 0.369254, -0.780953, 0.624170, 0.022891, -0.624250, -0.781212, 0.004365, 0.020607, -0.010881, 0.999728),
      ["LeftUpperLeg"] = CFrame.new(0.000000, -0.000000, -0.000100, 0.940433, 0.328863, -0.086227, -0.319544, 0.941610, 0.106121, 0.116092, -0.072246, 0.990607),
      ["LowerTorso"] = CFrame.new(-0.134204, -0.309955, -0.202752, 0.980407, 0.058466, 0.188105, 0.046210, 0.860023, -0.508158, -0.191484, 0.506894, 0.840471),
      ["RightFoot"] = CFrame.new(-0.000000, 0.015288, -0.000103, 0.889448, 0.349605, 0.294377, -0.187716, 0.866713, -0.462138, -0.416706, 0.355788, 0.836523),
      ["RightHand"] = CFrame.new(-0.000500, 0.000000, 0.000000, 0.994558, -0.059776, 0.085332, -0.008177, 0.771727, 0.635902, -0.103864, -0.633139, 0.767038),
      ["RightLowerArm"] = CFrame.new(-0.000000, -0.013929, 0.000989, 1.000000, -0.000000, 0.000000, 0.000000, 0.990246, 0.139328, -0.000000, -0.139328, 0.990246),
      ["RightLowerLeg"] = CFrame.new(0.000000, 0.074363, -0.020042, 1.000000, -0.000000, 0.000000, 0.000000, 0.795813, 0.605543, -0.000000, -0.605543, 0.795813),
      ["RightUpperArm"] = CFrame.new(0.075238, -0.137186, -0.225295, 0.849500, 0.005773, 0.527557, 0.274392, -0.858897, -0.432441, 0.450620, 0.512116, -0.731217),
      ["RightUpperLeg"] = CFrame.new(0.000000, -0.000000, -0.000000, 0.831754, -0.378631, -0.405985, 0.501979, 0.825264, 0.258760, 0.237070, -0.419020, 0.876481),
      ["UpperTorso"] = CFrame.new(0.113701, 0.100838, -0.034909, 0.978400, -0.077881, -0.191488, 0.166523, 0.845801, 0.506845, 0.122487, -0.527784, 0.840500)
    }},
    {Time = 0.267, Data = {
      ["Head"] = CFrame.new(0.000000, 0.000000, 0.000000, 0.367800, -0.179289, 0.912457, -0.167226, 0.952488, 0.254562, -0.914745, -0.246214, 0.320344),
      ["LeftFoot"] = CFrame.new(0.000000, 0.021822, -0.000003, 0.948096, -0.243266, -0.204784, 0.125072, 0.877383, -0.463202, 0.292355, 0.413547, 0.862268),
      ["LeftHand"] = CFrame.new(0.000500, 0.000100, -0.000000, 0.891960, -0.452114, 0.000000, 0.452114, 0.891960, 0.000000, 0.000000, 0.000000, 1.000000),
      ["LeftLowerArm"] = CFrame.new(-0.000500, 0.008552, 0.000366, 1.000000, 0.000000, 0.000000, 0.000000, 0.996252, -0.086500, 0.000000, 0.086500, 0.996252),
      ["LeftLowerLeg"] = CFrame.new(-0.000000, 0.094520, -0.032900, 1.000000, -0.000000, 0.000000, 0.000000, 0.661411, 0.750023, -0.000000, -0.750023, 0.661411),
      ["LeftUpperArm"] = CFrame.new(-0.528772, -0.056558, 0.372563, -0.768249, 0.639623, 0.025996, -0.639725, -0.768586, 0.005274, 0.023353, -0.012579, 0.999648),
