return {
["kream twerk 3"] = {

          {Time = 0.000, Data = {

              ["Head"] = CFrame.new(-0.000000, -0.000000, -0.000000, 1.000000, -0.000000, 0.000000, 0.000000, 1.000000, 0.000000, -0.000000, 0.000000, 1.000000),

              ["LeftFoot"] = CFrame.new(-0.000000, -0.198046, -0.000004, 0.994157, 0.082575, 0.069531, -0.102133, 0.928057, 0.358193, -0.034948, -0.363169, 0.931055),

              ["LeftHand"] = CFrame.new(0.000500, 0.000100, 0.000000, 1.000000, -0.000000, 0.000000, 0.000000, 1.000000, 0.000001, -0.000000, -0.000000, 1.000000),

              ["LeftLowerArm"] = CFrame.new(-0.000500, 0.099997, 0.099149, 1.000000, -0.000000, 0.000000, 0.000000, 0.007511, -0.999972, 0.000000, 0.999972, 0.007511),

              ["LeftLowerLeg"] = CFrame.new(0.000000, -0.196977, -0.002511, 1.000000, 0.000000, 0.000000, -0.000000, 1.000000, -0.000007, -0.000000, -0.000010, 1.000000),

              ["LeftUpperArm"] = CFrame.new(-0.118790, -0.056125, -0.529346, -0.019032, 0.999816, -0.002520, -0.007724, -0.002667, -0.999967, -0.999789, -0.019012, 0.007773),

              ["LeftUpperLeg"] = CFrame.new(0.028685, -0.092576, 0.203244, 0.509474, 0.787755, -0.346230, -0.775816, 0.246469, -0.580827, -0.372217, 0.564531, 0.736726),

              ["LowerTorso"] = CFrame.new(-0.037326, -0.820674, -2.001540, -0.999392, 0.018145, 0.029770, 0.018727, -0.440861, 0.897380, 0.029408, 0.897392, 0.440253),

              ["RightFoot"] = CFrame.new(-0.000000, -0.207127, -0.000104, 0.995826, -0.069824, -0.058793, 0.088795, 0.890234, 0.446798, 0.021141, -0.450120, 0.892701),

              ["RightHand"] = CFrame.new(-0.000500, -0.000000, -0.000000, 1.000000, -0.000000, -0.000000, 0.000000, 1.000000, 0.000001, 0.000000, -0.000000, 1.000000),

              ["RightLowerArm"] = CFrame.new(0.027608, 0.184685, 0.218119, 1.000000, 0.000000, -0.000000, -0.000000, 0.055630, -0.998451, -0.000000, 0.998451, 0.055630),

              ["RightLowerLeg"] = CFrame.new(0.000000, -0.206428, -0.002734, 1.000000, 0.000000, -0.000000, -0.000000, 1.000000, -0.000007, -0.000000, -0.000010, 1.000000),

              ["RightUpperArm"] = CFrame.new(0.103191, 0.005224, -0.607381, 0.058390, -0.996950, 0.051791, 0.049023, -0.048953, -0.997597, 0.997089, 0.060789, 0.046014),

              ["RightUpperLeg"] = CFrame.new(0.003875, -0.080489, 0.176132, 0.550258, -0.728179, 0.408618, 0.767718, 0.248758, -0.590531, 0.328368, 0.638651, 0.695920),

              ["UpperTorso"] = CFrame.new(-0.014918, 0.060214, -0.537498, 0.999318, 0.032787, 0.017000, -0.020190, 0.870433, -0.491873, -0.030925, 0.491194, 0.870501)

          }},

          {Time = 0.033, Data = {

              ["Head"] = CFrame.new(-0.000000, -0.000000, -0.000000, 1.000000, -0.000000, 0.000000, 0.000000, 1.000000, 0.000000, -0.000000, 0.000000, 1.000000),

              ["LeftFoot"] = CFrame.new(0.000000, -0.183967, -0.000004, 0.995022, 0.076235, 0.064192, -0.093742, 0.934577, 0.343219, -0.033825, -0.347496, 0.937059),

              ["LeftHand"] = CFrame.new(0.000500, 0.000100, 0.000000, 1.000000, -0.000000, 0.000000, 0.000000, 1.000000, 0.000001, -0.000000, -0.000000, 1.000000),

              ["LeftLowerArm"] = CFrame.new(-0.000500, 0.099997, 0.099149, 1.000000, -0.000000, 0.000000, 0.000000, 0.007511, -0.999972, 0.000000, 0.999972, 0.007511),

              ["LeftLowerLeg"] = CFrame.new(-0.000000, -0.182944, -0.002325, 1.000000, -0.000000, 0.000000, 0.000000, 1.000000, -0.000007, -0.000000, -0.000010, 1.000000),

              ["LeftUpperArm"] = CFrame.new(-0.118790, -0.056125, -0.529346, -0.019032, 0.999816, -0.002520, -0.007724, -0.002667, -0.999967, -0.999789, -0.019012, 0.007773),

              ["LeftUpperLeg"] = CFrame.new(0.028685, -0.092576, 0.203244, 0.507159, 0.795544, -0.331507, -0.790791, 0.276596, -0.546025, -0.342695, 0.539078, 0.769390),

              ["LowerTorso"] = CFrame.new(-0.036670, -0.864598, -2.013940, -0.999498, 0.016503, 0.027062, 0.018196, -0.400336, 0.916188, 0.025954, 0.916220, 0.399834),

              ["RightFoot"] = CFrame.new(-0.000000, -0.191925, -0.000104, 0.996583, -0.063182, -0.053201, 0.080029, 0.897957, 0.432779, 0.020426, -0.435525, 0.899929),

              ["RightHand"] = CFrame.new(-0.000500, -0.000000, -0.000000, 1.000000, -0.000000, -0.000000, 0.000000, 1.000000, 0.000001, 0.000000, -0.000000, 1.000000),

              ["RightLowerArm"] = CFrame.new(0.027608, 0.184685, 0.218119, 1.000000, 0.000000, -0.000000, -0.000000, 0.055630, -0.998451, -0.000000, 0.998451, 0.055630),

              ["RightLowerLeg"] = CFrame.new(-0.000000, -0.191277, -0.002532, 1.000000, -0.000000, 0.000000, -0.000000, 1.000000, -0.000007, 0.000000, -0.000010, 1.000000),

              ["RightUpperArm"] = CFrame.new(0.103191, 0.005224, -0.607381, 0.058390, -0.996950, 0.051791, 0.049023, -0.048953, -0.997597, 0.997089, 0.060789, 0.046014),

              ["RightUpperLeg"] = CFrame.new(0.003875, -0.080489, 0.176132, 0.542011, -0.741281, 0.395884, 0.784398, 0.277208, -0.554864, 0.301570, 0.611276, 0.731712),

              ["UpperTorso"] = CFrame.new(-0.013385, 0.029500, -0.512338, 0.999431, 0.029308, 0.016669, -0.018598, 0.891570, -0.452501, -0.028124, 0.451934, 0.891608)

          }},

          {Time = 0.067, Data = {

              ["Head"] = CFrame.new(-0.000000, -0.000000, -0.000000, 1.000000, -0.000000, 0.000000, 0.000000, 1.000000, 0.000000, -0.000000, 0.000000, 1.000000),

              ["LeftFoot"] = CFrame.new(-0.000000, -0.148597, -0.000003, 0.996956, 0.059644, 0.050223, -0.071998, 0.951429, 0.299360, -0.029925, -0.302035, 0.952818),

              ["LeftHand"] = CFrame.new(0.000500, 0.000100, 0.000000, 1.000000, -0.000000, 0.000000, 0.000000, 1.000000, 0.000001, -0.000000, -0.000000, 1.000000),

              ["LeftLowerArm"] = CFrame.new(-0.000500, 0.099997, 0.099149, 1.000000, -0.000000, 0.000000, 0.000000, 0.007511, -0.999972, 0.000000, 0.999972, 0.007511),

              ["LeftLowerLeg"] = CFrame.new(0.000000, -0.147691, -0.001857, 1.000000, 0.000000, -0.000000, 0.000000, 1.000000, -0.000007, -0.000000, -0.000010, 1.000000),

              ["LeftUpperArm"] = CFrame.new(-0.118790, -0.056125, -0.529346, -0.019032, 0.999816, -0.002520, -0.007724, -0.002667, -0.999967, -0.999789, -0.019012, 0.007773),

              ["LeftUpperLeg"] = CFrame.new(0.028685, -0.092576, 0.203244, 0.501116, 0.815780, -0.288762, -0.824803, 0.349264, -0.444648, -0.261883, 0.460997, 0.847882),

              ["LowerTorso"] = CFrame.new(-0.034571, -0.981846, -2.043087, -0.999717, 0.011257, 0.020957, 0.016796, -0.289879, 0.956916, 0.016847, 0.956997, 0.289608),

              ["RightFoot"] = CFrame.new(-0.000000, -0.154127, -0.000103, 0.998227, -0.045529, -0.038337, 0.056918, 0.918506, 0.391322, 0.017394, -0.392778, 0.919455),

              ["RightHand"] = CFrame.new(-0.000500, -0.000000, -0.000000, 1.000000, -0.000000, -0.000000, 0.000000, 1.000000, 0.000001, 0.000000, -0.000000, 1.000000),

              ["RightLowerArm"] = CFrame.new(0.027608, 0.184685, 0.218119, 1.000000, 0.000000, -0.000000, -0.000000, 0.055630, -0.998451, -0.000000, 0.998451, 0.055630),

              ["RightLowerLeg"] = CFrame.new(0.000000, -0.153602, -0.002033, 1.000000, 0.000000, -0.000000, -0.000000, 1.000000, -0.000007, 0.000000, -0.000010, 1.000000),

              ["RightUpperArm"] = CFrame.new(0.103191, 0.005224, -0.607381, 0.058390, -0.996950, 0.051791, 0.049023, -0.048953, -0.997597, 0.997089, 0.060789, 0.046014),

              ["RightUpperLeg"] = CFrame.new(0.003875, -0.080489, 0.176132, 0.519787, -0.775779, 0.357750, 0.823627, 0.343870, -0.450988, 0.226850, 0.529075, 0.817695),

              ["UpperTorso"] = CFrame.new(-0.009645, -0.039841, -0.438672, 0.999673, 0.020136, 0.015797, -0.013462, 0.938661, -0.344580, -0.021766, 0.344254, 0.938624)

          }},

          {Time = 0.100, Data = {

              ["Head"] = CFrame.new(-0.000000, -0.000000, -0.000000, 1.000000, -0.000000, 0.000000, 0.000000, 1.000000, 0.000000, -0.000000, 0.000000, 1.000000),

              ["LeftFoot"] = CFrame.new(-0.000000, -0.104356, -0.000003, 0.998840, 0.036829, 0.031013, -0.042903, 0.973144, 0.226190, -0.021846, -0.227232, 0.973589),

              ["LeftHand"] = CFrame.new(0.000500, 0.000100, 0.000000, 1.000000, -0.000000, 0.000000, 0.000000, 1.000000, 0.000001, -0.000000, -0.000000, 1.000000),

              ["LeftLowerArm"] = CFrame.new(-0.000500, 0.099997, 0.099149, 1.000000, -0.000000, 0.000000, 0.000000, 0.007511, -0.999972, 0.000000, 0.999972, 0.007511),

              ["LeftLowerLeg"] = CFrame.new(-0.000000, -0.103597, -0.001272, 1.000000, -0.000000, -0.000000, 0.000000, 1.000000, -0.000007, 0.000000, -0.000010, 1.000000),

              ["LeftUpperArm"] = CFrame.new(-0.118790, -0.056125, -0.529346, -0.019032, 0.999816, -0.002520, -0.007724, -0.002667, -0.999967, -0.999789, -0.019012, 0.007773),

              ["LeftUpperLeg"] = CFrame.new(0.028685, -0.092576, 0.203244, 0.492996, 0.842193, -0.218322, -0.858486, 0.430145, -0.279239, -0.141266, 0.325095, 0.935073),

              ["LowerTorso"] = CFrame.new(-0.030889, -1.150206, -2.075183, -0.999882, 0.002051, 0.015201, 0.014816, -0.127230, 0.991763, 0.003968, 0.991871, 0.127184),

              ["RightFoot"] = CFrame.new(0.000000, -0.107506, -0.000103, 0.999639, -0.020548, -0.017303, 0.025018, 0.946690, 0.321203, 0.009778, -0.321490, 0.946852),

              ["RightHand"] = CFrame.new(-0.000500, -0.000000, -0.000000, 1.000000, -0.000000, -0.000000, 0.000000, 1.000000, 0.000001, 0.000000, -0.000000, 1.000000),

              ["RightLowerArm"] = CFrame.new(0.027608, 0.184685, 0.218119, 1.000000, 0.000000, -0.000000, -0.000000, 0.055630, -0.998451, -0.000000, 0.998451, 0.055630),

              ["RightLowerLeg"] = CFrame.new(0.000000, -0.107135, -0.001416, 1.000000, -0.000000, -0.000000, -0.000000, 1.000000, -0.000007, -0.000000, -0.000010, 1.000000),

              ["RightUpperArm"] = CFrame.new(0.103191, 0.005224, -0.607381, 0.058390, -0.996950, 0.051791, 0.049023, -0.048953, -0.997597, 0.997089, 0.060789, 0.046014),

              ["RightUpperLeg"] = CFrame.new(0.003875, -0.080489, 0.176133, 0.487474, -0.822861, 0.292004, 0.865923, 0.412705, -0.282578, 0.112014, 0.390608, 0.913719),

              ["UpperTorso"] = CFrame.new(-0.005104, -0.107174, -0.321293, 0.999868, 0.007165, 0.014563, -0.004360, 0.982877, -0.184211, -0.015633, 0.184124, 0.982779)

          }},

          {Time = 0.133, Data = {

              ["Head"] = CFrame.new(-0.000000, -0.000000, -0.000000, 1.000000, -0.000000, 0.000000, 0.000000, 1.000000, 0.000000, -0.000000, 0.000000, 1.000000),

              ["LeftFoot"] = CFrame.new(0.000000, -0.064668, -0.000003, 0.999868, 0.012421, 0.010460, -0.013647, 0.991839, 0.126789, -0.008797, -0.126894, 0.991875),

              ["LeftHand"] = CFrame.new(0.000500, 0.000100, 0.000000, 1.000000, -0.000000, 0.000000, 0.000000, 1.000000, 0.000001, -0.000000, -0.000000, 1.000000),

              ["LeftLowerArm"] = CFrame.new(-0.000500, 0.099997, 0.099149, 1.000000, -0.000000, 0.000000, 0.000000, 0.007511, -0.999972, 0.000000, 0.999972, 0.007511),

              ["LeftLowerLeg"] = CFrame.new(-0.000000, -0.064043, -0.000748, 1.000000, 0.000000, -0.000000, -0.000000, 1.000000, -0.000007, 0.000000, -0.000011, 1.000000),

              ["LeftUpperArm"] = CFrame.new(-0.118790, -0.056125, -0.529346, -0.019032, 0.999816, -0.002520, -0.007724, -0.002667, -0.999967, -0.999789, -0.019012, 0.007773),

              ["LeftUpperLeg"] = CFrame.new(0.028684, -0.092576, 0.203245, 0.485011, 0.865704, -0.123769, -0.874499, 0.480744, -0.064305, 0.003830, 0.139430, 0.990225),

              ["LowerTorso"] = CFrame.new(-0.026076, -1.344826, -2.098416, -0.999863, -0.009982, 0.013204, 0.012547, 0.063279, 0.997917, -0.010797, 0.997946, -0.063145),

              ["RightFoot"] = CFrame.new(-0.000000, -0.066294, -0.000103, 0.999955, 0.007289, 0.006136, -0.008482, 0.974394, 0.224713, -0.004344, -0.224729, 0.974406),

              ["RightHand"] = CFrame.new(-0.000500, -0.000000, -0.000000, 1.000000, -0.000000, -0.000000, 0.000000, 1.000000, 0.000001, 0.000000, -0.000000, 1.000000),

              ["RightLowerArm"] = CFrame.new(0.027608, 0.184685, 0.218119, 1.000000, 0.000000, -0.000000, -0.000000, 0.055630, -0.998451, -0.000000, 0.998451, 0.055630),

              ["RightLowerLeg"] = CFrame.new(0.000000, -0.066064, -0.000872, 1.000000, -0.000000, -0.000000, -0.000000, 1.000000, -0.000007, 0.000000, -0.000011, 1.000000),

              ["RightUpperArm"] = CFrame.new(0.103191, 0.005224, -0.607381, 0.058390, -0.996950, 0.051791, 0.049023, -0.048953, -0.997597, 0.997089, 0.060789, 0.046014),

              ["RightUpperLeg"] = CFrame.new(0.003875, -0.080489, 0.176132, 0.449945, -0.870426, 0.199766, 0.892533, 0.445946, -0.067213, -0.030578, 0.208545, 0.977536),

              ["UpperTorso"] = CFrame.new(-0.000978, -0.137936, -0.178300, 0.999884, -0.007706, 0.013148, 0.007633, 0.999955, 0.005630, -0.013191, -0.005529, 0.999898)

          }},

          {Time = 0.167, Data = {

              ["Head"] = CFrame.new(-0.000000, -0.000000, -0.000000, 1.000000, -0.000000, 0.000000, 0.000000, 1.000000, 0.000000, -0.000000, 0.000000, 1.000000),

              ["LeftFoot"] = CFrame.new(0.000000, -0.039763, -0.000003, 0.999933, -0.008835, -0.007438, 0.008939, 0.999861, 0.014079, 0.007314, -0.014132, 0.999873),

              ["LeftHand"] = CFrame.new(0.000500, 0.000100, 0.000000, 1.000000, -0.000000, 0.000000, 0.000000, 1.000000, 0.000001, -0.000000, -0.000000, 1.000000),

              ["LeftLowerArm"] = CFrame.new(-0.000500, 0.099997, 0.099149, 1.000000, -0.000000, 0.000000, 0.000000, 0.007511, -0.999972, 0.000000, 0.999972, 0.007511),

              ["LeftLowerLeg"] = CFrame.new(-0.000000, -0.039224, -0.000419, 1.000000, -0.000000, 0.000000, 0.000000, 1.000000, -0.000008, -0.000000, -0.000011, 1.000000),

              ["LeftUpperArm"] = CFrame.new(-0.118790, -0.056125, -0.529346, -0.019032, 0.999816, -0.002520, -0.007724, -0.002667, -0.999967, -0.999789, -0.019012, 0.007773),

              ["LeftUpperLeg"] = CFrame.new(0.028685, -0.092577, 0.203245, 0.479597, 0.877307, -0.017868, -0.864069, 0.475713, 0.164570, 0.152877, -0.063482, 0.986203),

              ["LowerTorso"] = CFrame.new(-0.021206, -1.538525, -2.107084, -0.999621, -0.022156, 0.016372, 0.010277, 0.251487, 0.967806, -0.025560, 0.967607, -0.251164),

              ["RightFoot"] = CFrame.new(-0.000000, -0.040567, -0.000103, 0.999068, 0.033015, 0.027798, -0.035985, 0.992810, 0.114181, -0.023830, -0.115055, 0.993071),

              ["RightHand"] = CFrame.new(-0.000500, -0.000000, -0.000000, 1.000000, -0.000000, -0.000000, 0.000000, 1.000000, 0.000001, 0.000000, -0.000000, 1.000000),

              ["RightLowerArm"] = CFrame.new(0.027608, 0.184685, 0.218119, 1.000000, 0.000000, -0.000000, -0.000000, 0.055630, -0.998451, -0.000000, 0.998451, 0.055630),

              ["RightLowerLeg"] = CFrame.new(0.000000, -0.040425, -0.000532, 1.000000, 0.000000, -0.000000, -0.000000, 1.000000, -0.000008, 0.000000, -0.000011, 1.000000),

              ["RightUpperArm"] = CFrame.new(0.103191, 0.005224, -0.607381, 0.058390, -0.996950, 0.051791, 0.049023, -0.048953, -0.997597, 0.997089, 0.060789, 0.046014),

              ["RightUpperLeg"] = CFrame.new(0.003875, -0.080490, 0.176133, 0.413200, -0.905931, 0.092489, 0.892421, 0.423054, 0.156879, -0.181247, 0.017723, 0.983278),

              ["UpperTorso"] = CFrame.new(0.001997, -0.119325, -0.039538, 0.999676, -0.022576, 0.011734, 0.019852, 0.980548, 0.195274, -0.015914, -0.194978, 0.980678)

          }},

          {Time = 0.200, Data = {

              ["Head"] = CFrame.new(-0.000000, -0.000000, -0.000000, 1.000000, -0.000000, 0.000000, 0.000000, 1.000000, 0.000000, -0.000000, 0.000000, 1.000000),

              ["LeftFoot"] = CFrame.new(-0.000000, -0.031894, -0.000003, 0.999531, -0.023435, -0.019732, 0.021568, 0.995707, -0.090012, 0.021757, 0.089550, 0.995745),

              ["LeftHand"] = CFrame.new(0.000500, 0.000100, 0.000000, 1.000000, -0.000000, 0.000000, 0.000000, 1.000000, 0.000001, -0.000000, -0.000000, 1.000000),

              ["LeftLowerArm"] = CFrame.new(-0.000500, 0.099997, 0.099149, 1.000000, -0.000000, 0.000000, 0.000000, 0.007511, -0.999972, 0.000000, 0.999972, 0.007511),

              ["LeftLowerLeg"] = CFrame.new(0.000000, -0.031382, -0.000315, 1.000000, -0.000000, -0.000000, -0.000000, 1.000000, -0.000008, 0.000000, -0.000011, 1.000000),

              ["LeftUpperArm"] = CFrame.new(-0.118790, -0.056125, -0.529346, -0.019032, 0.999816, -0.002520, -0.007724, -0.002667, -0.999967, -0.999789, -0.019012, 0.007773),

              ["LeftUpperLeg"] = CFrame.new(0.028685, -0.092576, 0.203245, 0.478229, 0.874728, 0.078421, -0.831436, 0.422178, 0.361224, 0.282863, -0.237945, 0.929176),

              ["LowerTorso"] = CFrame.new(-0.017390, -1.704603, -2.103083, -0.999227, -0.031697, 0.023267, 0.008298, 0.408434, 0.912750, -0.038434, 0.912238, -0.407855),

              ["RightFoot"] = CFrame.new(0.000000, -0.031871, -0.000103, 0.997643, 0.052490, 0.044197, -0.053032, 0.998530, 0.011210, -0.043543, -0.013514, 0.998960),

              ["RightHand"] = CFrame.new(-0.000500, -0.000000, -0.000000, 1.000000, -0.000000, -0.000000, 0.000000, 1.000000, 0.000001, 0.000000, -0.000000, 1.000000),

              ["RightLowerArm"] = CFrame.new(0.027608, 0.184685, 0.218119, 1.000000, 0.000000, -0.000000, -0.000000, 0.055630, -0.998451, -0.000000, 0.998451, 0.055630),

              ["RightLowerLeg"] = CFrame.new(0.000000, -0.031759, -0.000417, 1.000000, 0.000000, 0.000000, -0.000000, 1.000000, -0.000008, 0.000000, -0.000011, 1.000000),

              ["RightUpperArm"] = CFrame.new(0.103191, 0.005224, -0.607381, 0.058390, -0.996950, 0.051791, 0.049023, -0.048953, -0.997597, 0.997089, 0.060789, 0.046014),

              ["RightUpperLeg"] = CFrame.new(0.003875, -0.080489, 0.176132, 0.383144, -0.923651, -0.008369, 0.868088, 0.356971, 0.344958, -0.315631, -0.139428, 0.938581),

              ["UpperTorso"] = CFrame.new(0.003651, -0.065446, 0.067649, 0.999313, -0.035544, 0.010500, 0.029501, 0.934343, 0.355153, -0.022434, -0.354599, 0.934749)

          }},

          {Time = 0.233, Data = {

              ["Head"] = CFrame.new(-0.000000, -0.000000, -0.000000, 1.000000, -0.000000, 0.000000, 0.000000, 1.000000, 0.000000, -0.000000, 0.000000, 1.000000),

              ["LeftFoot"] = CFrame.new(-0.000000, -0.034506, -0.000003, 0.999195, -0.030684, -0.025836, 0.026053, 0.986180, -0.163618, 0.030498, 0.162814, 0.986185),

              ["LeftHand"] = CFrame.new(0.000500, 0.000100, 0.000000, 1.000000, -0.000000, 0.000000, 0.000000, 1.000000, 0.000001, -0.000000, -0.000000, 1.000000),

              ["LeftLowerArm"] = CFrame.new(-0.000500, 0.099997, 0.099149, 1.000000, -0.000000, 0.000000, 0.000000, 0.007511, -0.999972, 0.000000, 0.999972, 0.007511),

              ["LeftLowerLeg"] = CFrame.new(0.000000, -0.033985, -0.000349, 1.000000, 0.000000, 0.000000, -0.000000, 1.000000, -0.000008, 0.000000, -0.000011, 1.000000),

              ["LeftUpperArm"] = CFrame.new(-0.118790, -0.056125, -0.529346, -0.019032, 0.999816, -0.002520, -0.007724, -0.002667, -0.999967, -0.999789, -0.019012, 0.007773),

              ["LeftUpperLeg"] = CFrame.new(0.028684, -0.092576, 0.203244, 0.479936, 0.865209, 0.145177, -0.794127, 0.358115, 0.491038, 0.372859, -0.350951, 0.858956),

              ["LowerTorso"] = CFrame.new(-0.015158, -1.819440, -2.094088, -0.998846, -0.037276, 0.030296, 0.006898, 0.512863, 0.858443, -0.047537, 0.857661, -0.512014),

              ["RightFoot"] = CFrame.new(-0.000000, -0.033490, -0.000103, 0.996507, 0.063884, 0.053792, -0.060508, 0.996227, -0.062198, -0.057560, 0.058735, 0.996613),

              ["RightHand"] = CFrame.new(-0.000500, -0.000000, -0.000000, 1.000000, -0.000000, -0.000000, 0.000000, 1.000000, 0.000001, 0.000000, -0.000000, 1.000000),

              ["RightLowerArm"] = CFrame.new(0.027608, 0.184685, 0.218119, 1.000000, 0.000000, -0.000000, -0.000000, 0.055630, -0.998451, -0.000000, 0.998451, 0.055630),

              ["RightLowerLeg"] = CFrame.new(-0.000000, -0.033372, -0.000438, 1.000000, 0.000000, -0.000000, 0.000000, 1.000000, -0.000008, -0.000000, -0.000011, 1.000000),

              ["RightUpperArm"] = CFrame.new(0.103191, 0.005224, -0.607381, 0.058390, -0.996950, 0.051791, 0.049023, -0.048953, -0.997597, 0.997089, 0.060789, 0.046014),

              ["RightUpperLeg"] = CFrame.new(0.003875, -0.080489, 0.176132, 0.363809, -0.927987, -0.080526, 0.836262, 0.287324, 0.467026, -0.410256, -0.237244, 0.880569),

              ["UpperTorso"] = CFrame.new(0.004292, -0.008533, 0.131002, 0.998954, -0.044713, 0.009627, 0.035195, 0.885892, 0.462556, -0.029211, -0.461733, 0.886538)

          }},

          {Time = 0.267, Data = {

              ["Head"] = CFrame.new(-0.000000, -0.000000, -0.000000, 1.000000, -0.000000, 0.000000, 0.000000, 1.000000, 0.000000, -0.000000, 0.000000, 1.000000),

              ["LeftFoot"] = CFrame.new(-0.000000, -0.037258, -0.000003, 0.999091, -0.032609, -0.027457, 0.026776, 0.981221, -0.191021, 0.033169, 0.190111, 0.981202),

              ["LeftHand"] = CFrame.new(0.000500, 0.000100, 0.000000, 1.000000, -0.000000, 0.000000, 0.000000, 1.000000, 0.000001, -0.000000, -0.000000, 1.000000),

              ["LeftLowerArm"] = CFrame.new(-0.000500, 0.099997, 0.099149, 1.000000, -0.000000, 0.000000, 0.000000, 0.007511, -0.999972, 0.000000, 0.999972, 0.007511),

              ["LeftLowerLeg"] = CFrame.new(0.000000, -0.036728, -0.000385, 1.000000, 0.000000, 0.000000, -0.000000, 1.000000, -0.000008, -0.000000, -0.000011, 1.000000),

              ["LeftUpperArm"] = CFrame.new(-0.118790, -0.056125, -0.529346, -0.019032, 0.999816, -0.002520, -0.007724, -0.002667, -0.999967, -0.999789, -0.019012, 0.007773),

              ["LeftUpperLeg"] = CFrame.new(0.028684, -0.092576, 0.203245, 0.481305, 0.859987, 0.169619, -0.776738, 0.328759, 0.537213, 0.406231, -0.390308, 0.826216),

              ["LowerTorso"] = CFrame.new(-0.014444, -1.862286, -2.089411, -0.998679, -0.039060, 0.033387, 0.006367, 0.550690, 0.834685, -0.050989, 0.833795, -0.549714),

              ["RightFoot"] = CFrame.new(0.000000, -0.035727, -0.000103, 0.996091, 0.067570, 0.056896, -0.062306, 0.994019, -0.089684, -0.062613, 0.085795, 0.994344),

              ["RightHand"] = CFrame.new(-0.000500, -0.000000, -0.000000, 1.000000, -0.000000, -0.000000, 0.000000, 1.000000, 0.000001, 0.000000, -0.000000, 1.000000),

              ["RightLowerArm"] = CFrame.new(0.027608, 0.184685, 0.218119, 1.000000, 0.000000, -0.000000, -0.000000, 0.055630, -0.998451, -0.000000, 0.998451, 0.055630),

              ["RightLowerLeg"] = CFrame.new(0.000000, -0.035601, -0.000468, 1.000000, 0.000000, 0.000000, -0.000000, 1.000000, -0.000008, 0.000000, -0.000011, 1.000000),

              ["RightUpperArm"] = CFrame.new(0.103191, 0.005224, -0.607381, 0.058390, -0.996950, 0.051791, 0.049023, -0.048953, -0.997597, 0.997089, 0.060789, 0.046014),

              ["RightUpperLeg"] = CFrame.new(0.003875, -0.080489, 0.176133, 0.357028, -0.927882, -0.107551, 0.820901, 0.256739, 0.510106, -0.445705, -0.270405, 0.853361),

              ["UpperTorso"] = CFrame.new(0.004420, 0.016659, 0.151703, 0.998795, -0.048190, 0.009296, 0.037029, 0.864251, 0.501696, -0.032211, -0.500747, 0.864994)

          }},

          {Time = 0.300, Data = {

              ["Head"] = CFrame.new(-0.000000, -0.000000, -0.000000, 1.000000, -0.000000, 0.000000, 0.000000, 1.000000, 0.000000, -0.000000, 0.000000, 1.000000),

              ["LeftFoot"] = CFrame.new(-0.000000, -0.033893, -0.000003, 0.999229, -0.030037, -0.025291, 0.025744, 0.987480, -0.155625, 0.029648, 0.154856, 0.987492),

              ["LeftHand"] = CFrame.new(0.000500, 0.000100, 0.000000, 1.000000, -0.000000, 0.000000, 0.000000, 1.000000, 0.000001, -0.000000, -0.000000, 1.000000),

              ["LeftLowerArm"] = CFrame.new(-0.000500, 0.099997, 0.099149, 1.000000, -0.000000, 0.000000, 0.000000, 0.007511, -0.999972, 0.000000, 0.999972, 0.007511),

              ["LeftLowerLeg"] = CFrame.new(0.000000, -0.033375, -0.000341, 1.000000, -0.000000, 0.000000, 0.000000, 1.000000, -0.000008, -0.000000, -0.000011, 1.000000),

              ["LeftUpperArm"] = CFrame.new(-0.118790, -0.056125, -0.529346, -0.019032, 0.999816, -0.002520, -0.007724, -0.002667, -0.999967, -0.999789, -0.019012, 0.007773),

              ["LeftUpperLeg"] = CFrame.new(0.028684, -0.092576, 0.203245, 0.479619, 0.866559, 0.138000, -0.798818, 0.366112, 0.477340, 0.363119, -0.339173, 0.867815),

              ["LowerTorso"] = CFrame.new(-0.015379, -1.806973, -2.095313, -0.998892, -0.036724, 0.029444, 0.007051, 0.501731, 0.864995, -0.046539, 0.864244, -0.500916),

              ["RightFoot"] = CFrame.new(0.000000, -0.033010, -0.000103, 0.996630, 0.062749, 0.052836, -0.059881, 0.996733, -0.054198, -0.056062, 0.050861, 0.997131),

              ["RightHand"] = CFrame.new(-0.000500, -0.000000, -0.000000, 1.000000, -0.000000, -0.000000, 0.000000, 1.000000, 0.000001, 0.000000, -0.000000, 1.000000),

              ["RightLowerArm"] = CFrame.new(0.027608, 0.184685, 0.218119, 1.000000, 0.000000, -0.000000, -0.000000, 0.055630, -0.998451, -0.000000, 0.998451, 0.055630),

              ["RightLowerLeg"] = CFrame.new(-0.000000, -0.032894, -0.000432, 1.000000, 0.000000, 0.000000, -0.000000, 1.000000, -0.000008, 0.000000, -0.000011, 1.000000),

              ["RightUpperArm"] = CFrame.new(0.103191, 0.005224, -0.607381, 0.058390, -0.996950, 0.051791, 0.049023, -0.048953, -0.997597, 0.997089, 0.060789, 0.046014),

              ["RightUpperLeg"] = CFrame.new(0.003875, -0.080489, 0.176132, 0.365831, -0.927842, -0.072659, 0.840363, 0.295772, 0.454215, -0.399948, -0.227221, 0.887924),

              ["UpperTorso"] = CFrame.new(0.004243, -0.015465, 0.124656, 0.998997, -0.043708, 0.009723, 0.034628, 0.891821, 0.451062, -0.028386, -0.450273, 0.892440)

          }},

          {Time = 0.333, Data = {

              ["Head"] = CFrame.new(-0.000000, -0.000000, -0.000000, 1.000000, -0.000000, 0.000000, 0.000000, 1.000000, 0.000000, -0.000000, 0.000000, 1.000000),

              ["LeftFoot"] = CFrame.new(0.000000, -0.032663, -0.000003, 0.999657, -0.020047, -0.016878, 0.018954, 0.997863, -0.062529, 0.018097, 0.062196, 0.997900),

              ["LeftHand"] = CFrame.new(0.000500, 0.000100, 0.000000, 1.000000, -0.000000, 0.000000, 0.000000, 1.000000, 0.000001, -0.000000, -0.000000, 1.000000),

              ["LeftLowerArm"] = CFrame.new(-0.000500, 0.099997, 0.099149, 1.000000, -0.000000, 0.000000, 0.000000, 0.007511, -0.999972, 0.000000, 0.999972, 0.007511),

              ["LeftLowerLeg"] = CFrame.new(-0.000000, -0.032150, -0.000325, 1.000000, 0.000000, -0.000000, 0.000000, 1.000000, -0.000008, 0.000000, -0.000011, 1.000000),

              ["LeftUpperArm"] = CFrame.new(-0.118790, -0.056125, -0.529346, -0.019032, 0.999816, -0.002520, -0.007724, -0.002667, -0.999967, -0.999789, -0.019012, 0.007773),

              ["LeftUpperLeg"] = CFrame.new(0.028684, -0.092576, 0.203245, 0.478208, 0.876636, 0.053176, -0.842218, 0.440584, 0.310734, 0.248970, -0.193376, 0.949008),

              ["LowerTorso"] = CFrame.new(-0.018327, -1.661418, -2.105143, -0.999346, -0.029352, 0.021102, 0.008817, 0.368196, 0.929707, -0.035058, 0.929285, -0.367696),

              ["RightFoot"] = CFrame.new(-0.000000, -0.032906, -0.000103, 0.998052, 0.047722, 0.040182, -0.049271, 0.998044, 0.038485, -0.038267, -0.040374, 0.998451),

              ["RightHand"] = CFrame.new(-0.000500, -0.000000, -0.000000, 1.000000, -0.000000, -0.000000, 0.000000, 1.000000, 0.000001, 0.000000, -0.000000, 1.000000),

              ["RightLowerArm"] = CFrame.new(0.027608, 0.184685, 0.218119, 1.000000, 0.000000, -0.000000, -0.000000, 0.055630, -0.998451, -0.000000, 0.998451, 0.055630),

              ["RightLowerLeg"] = CFrame.new(0.000000, -0.032790, -0.000431, 1.000000, -0.000000, 0.000000, 0.000000, 1.000000, -0.000008, -0.000000, -0.000011, 1.000000),

              ["RightUpperArm"] = CFrame.new(0.103191, 0.005224, -0.607381, 0.058390, -0.996950, 0.051791, 0.049023, -0.048953, -0.997597, 0.997089, 0.060789, 0.046014),

              ["RightUpperLeg"] = CFrame.new(0.003875, -0.080490, 0.176133, 0.390765, -0.920307, 0.018402, 0.876764, 0.378217, 0.297051, -0.280336, -0.099937, 0.954684),

              ["UpperTorso"] = CFrame.new(0.003302, -0.082744, 0.041296, 0.999425, -0.032144, 0.010824, 0.027122, 0.949036, 0.313998, -0.020365, -0.313524, 0.949362)

          }},

          {Time = 0.367, Data = {

              ["Head"] = CFrame.new(-0.000000, -0.000000, -0.000000, 1.000000, -0.000000, 0.000000, 0.000000, 1.000000, 0.000000, -0.000000, 0.000000, 1.000000),

              ["LeftFoot"] = CFrame.new(-0.000000, -0.048251, -0.000003, 1.000000, -0.000385, -0.000323, 0.000404, 0.998032, 0.062727, 0.000300, -0.062711, 0.998031),

              ["LeftHand"] = CFrame.new(0.000500, 0.000100, 0.000000, 1.000000, -0.000000, 0.000000, 0.000000, 1.000000, 0.000001, -0.000000, -0.000000, 1.000000),

              ["LeftLowerArm"] = CFrame.new(-0.000500, 0.099997, 0.099149, 1.000000, -0.000000, 0.000000, 0.000000, 0.007511, -0.999972, 0.000000, 0.999972, 0.007511),

              ["LeftLowerLeg"] = CFrame.new(0.000000, -0.047683, -0.000531, 1.000000, 0.000000, -0.000000, 0.000000, 1.000000, -0.000008, 0.000000, -0.000011, 1.000000),

              ["LeftUpperArm"] = CFrame.new(-0.118790, -0.056125, -0.529346, -0.019032, 0.999816, -0.002520, -0.007724, -0.002667, -0.999967, -0.999789, -0.019012, 0.007773),

              ["LeftUpperLeg"] = CFrame.new(0.028685, -0.092576, 0.203245, 0.481467, 0.874168, -0.063401, -0.871832, 0.485095, 0.067762, 0.089988, 0.022656, 0.995685),

              ["LowerTorso"] = CFrame.new(-0.023221, -1.457386, -2.105198, -0.999750, -0.017119, 0.014410, 0.011231, 0.173091, 0.984842, -0.019354, 0.984757, -0.172856),

              ["RightFoot"] = CFrame.new(-0.000000, -0.049386, -0.000103, 0.999565, 0.022553, 0.018989, -0.025335, 0.986467, 0.162013, -0.015080, -0.162401, 0.986606),

              ["RightHand"] = CFrame.new(-0.000500, -0.000000, -0.000000, 1.000000, -0.000000, -0.000000, 0.000000, 1.000000, 0.000001, 0.000000, -0.000000, 1.000000),

              ["RightLowerArm"] = CFrame.new(0.027608, 0.184685, 0.218119, 1.000000, 0.000000, -0.000000, -0.000000, 0.055630, -0.998451, -0.000000, 0.998451, 0.055630),

              ["RightLowerLeg"] = CFrame.new(-0.000000, -0.049213, -0.000648, 1.000000, 0.000000, 0.000000, -0.000000, 1.000000, -0.000008, 0.000000, -0.000011, 1.000000),

              ["RightUpperArm"] = CFrame.new(0.103191, 0.005224, -0.607381, 0.058390, -0.996950, 0.051791, 0.049023, -0.048953, -0.997597, 0.997089, 0.060789, 0.046014),

              ["RightUpperLeg"] = CFrame.new(0.003875, -0.080489, 0.176133, 0.428448, -0.892798, 0.139075, 0.895933, 0.439732, 0.062781, -0.117204, 0.097709, 0.988290),

              ["UpperTorso"] = CFrame.new(0.000887, -0.133014, -0.096483, 0.999791, -0.016325, 0.012329, 0.014786, 0.993137, 0.116020, -0.014138, -0.115814, 0.993170)

          }},

          {Time = 0.400, Data = {

              ["Head"] = CFrame.new(-0.000000, -0.000000, -0.000000, 1.000000, -0.000000, 0.000000, 0.000000, 1.000000, 0.000000, -0.000000, 0.000000, 1.000000),

              ["LeftFoot"] = CFrame.new(0.000000, -0.086059, -0.000003, 0.999410, 0.026278, 0.022129, -0.029946, 0.982038, 0.186315, -0.016832, -0.186843, 0.982241),

              ["LeftHand"] = CFrame.new(0.000500, 0.000100, 0.000000, 1.000000, -0.000000, 0.000000, 0.000000, 1.000000, 0.000001, -0.000000, -0.000000, 1.000000),

              ["LeftLowerArm"] = CFrame.new(-0.000500, 0.099997, 0.099149, 1.000000, -0.000000, 0.000000, 0.000000, 0.007511, -0.999972, 0.000000, 0.999972, 0.007511),

              ["LeftLowerLeg"] = CFrame.new(0.000000, -0.085362, -0.001030, 1.000000, 0.000000, 0.000000, 0.000000, 1.000000, -0.000007, -0.000000, -0.000011, 1.000000),

              ["LeftUpperArm"] = CFrame.new(-0.118790, -0.056125, -0.529346, -0.019032, 0.999816, -0.002520, -0.007724, -0.002667, -0.999967, -0.999789, -0.019012, 0.007773),

              ["LeftUpperLeg"] = CFrame.new(0.028684, -0.092576, 0.203245, 0.489411, 0.853219, -0.180256, -0.868284, 0.457576, -0.191587, -0.080988, 0.250284, 0.964781),

              ["LowerTorso"] = CFrame.new(-0.028911, -1.231955, -2.086731, -0.999901, -0.002892, 0.013741, 0.013862, -0.047308, 0.998784, -0.002239, 0.998876, 0.047343),

              ["RightFoot"] = CFrame.new(-0.000000, -0.088444, -0.000103, 0.999936, -0.008678, -0.007309, 0.010390, 0.959181, 0.282632, 0.004555, -0.282661, 0.959200),

              ["RightHand"] = CFrame.new(-0.000500, -0.000000, -0.000000, 1.000000, -0.000000, -0.000000, 0.000000, 1.000000, 0.000001, 0.000000, -0.000000, 1.000000),

              ["RightLowerArm"] = CFrame.new(0.027608, 0.184685, 0.218119, 1.000000, 0.000000, -0.000000, -0.000000, 0.055630, -0.998451, -0.000000, 0.998451, 0.055630),

              ["RightLowerLeg"] = CFrame.new(-0.000000, -0.088138, -0.001164, 1.000000, 0.000000, 0.000000, -0.000000, 1.000000, -0.000007, 0.000000, -0.000011, 1.000000),

              ["RightUpperArm"] = CFrame.new(0.103191, 0.005224, -0.607381, 0.058390, -0.996950, 0.051791, 0.049023, -0.048953, -0.997597, 0.997089, 0.060789, 0.046014),

              ["RightUpperLeg"] = CFrame.new(0.003875, -0.080489, 0.176133, 0.471697, -0.843981, 0.255336, 0.880147, 0.433151, -0.194214, 0.053317, 0.316349, 0.947146),

              ["UpperTorso"] = CFrame.new(-0.003229, -0.126207, -0.261549, 0.999902, 0.000914, 0.013968, 0.000556, 0.994490, -0.104826, -0.013987, 0.104824, 0.994393)

          }},

          {Time = 0.433, Data = {

              ["Head"] = CFrame.new(-0.000000, -0.000000, -0.000000, 1.000000, -0.000000, 0.000000, 0.000000, 1.000000, 0.000000, -0.000000, 0.000000, 1.000000),

              ["LeftFoot"] = CFrame.new(0.000000, -0.136277, -0.000003, 0.997545, 0.053568, 0.045107, -0.064139, 0.957440, 0.281444, -0.028108, -0.283617, 0.958517),

              ["LeftHand"] = CFrame.new(0.000500, 0.000100, 0.000000, 1.000000, -0.000000, 0.000000, 0.000000, 1.000000, 0.000001, -0.000000, -0.000000, 1.000000),

              ["LeftLowerArm"] = CFrame.new(-0.000500, 0.099997, 0.099149, 1.000000, -0.000000, 0.000000, 0.000000, 0.007511, -0.999972, 0.000000, 0.999972, 0.007511),

              ["LeftLowerLeg"] = CFrame.new(-0.000000, -0.135411, -0.001694, 1.000000, 0.000000, -0.000000, 0.000000, 1.000000, -0.000007, -0.000000, -0.000010, 1.000000),

              ["LeftUpperArm"] = CFrame.new(-0.118790, -0.056125, -0.529346, -0.019032, 0.999816, -0.002520, -0.007724, -0.002667, -0.999967, -0.999789, -0.019012, 0.007773),

              ["LeftUpperLeg"] = CFrame.new(0.028685, -0.092576, 0.203244, 0.498922, 0.823044, -0.271429, -0.835318, 0.373242, -0.403648, -0.230914, 0.428123, 0.873725),

              ["LowerTorso"] = CFrame.new(-0.033675, -1.025760, -2.052552, -0.999777, 0.009017, 0.019106, 0.016277, -0.247820, 0.968669, 0.013470, 0.968764, 0.247618),

              ["RightFoot"] = CFrame.new(0.000000, -0.141065, -0.000103, 0.998702, -0.038960, -0.032806, 0.048418, 0.926077, 0.374247, 0.015798, -0.375318, 0.926749),

              ["RightHand"] = CFrame.new(-0.000500, -0.000000, -0.000000, 1.000000, -0.000000, -0.000000, 0.000000, 1.000000, 0.000001, 0.000000, -0.000000, 1.000000),

              ["RightLowerArm"] = CFrame.new(0.027608, 0.184685, 0.218119, 1.000000, 0.000000, -0.000000, -0.000000, 0.055630, -0.998451, -0.000000, 0.998451, 0.055630),

              ["RightLowerLeg"] = CFrame.new(0.000000, -0.140583, -0.001860, 1.000000, 0.000000, -0.000000, 0.000000, 1.000000, -0.000007, -0.000000, -0.000010, 1.000000),

              ["RightUpperArm"] = CFrame.new(0.103191, 0.005224, -0.607381, 0.058390, -0.996950, 0.051791, 0.049023, -0.048953, -0.997597, 0.997089, 0.060789, 0.046014),

              ["RightUpperLeg"] = CFrame.new(0.003875, -0.080488, 0.176132, 0.511396, -0.788415, 0.341868, 0.836290, 0.365064, -0.409079, 0.197722, 0.495106, 0.846038),

              ["UpperTorso"] = CFrame.new(-0.008369, -0.061066, -0.409110, 0.999740, 0.016735, 0.015473, -0.011256, 0.952839, -0.303269, -0.019818, 0.303016, 0.952779)

          }},

          {Time = 0.467, Data = {

              ["Head"] = CFrame.new(-0.000000, -0.000000, -0.000000, 1.000000, -0.000000, 0.000000, 0.000000, 1.000000, 0.000000, -0.000000, 0.000000, 1.000000),

              ["LeftFoot"] = CFrame.new(-0.000000, -0.179947, -0.000004, 0.995258, 0.074405, 0.062651, -0.091328, 0.936455, 0.338722, -0.033465, -0.342806, 0.938798),

              ["LeftHand"] = CFrame.new(0.000500, 0.000100, 0.000000, 1.000000, -0.000000, 0.000000, 0.000000, 1.000000, 0.000001, -0.000000, -0.000000, 1.000000),

              ["LeftLowerArm"] = CFrame.new(-0.000500, 0.099997, 0.099149, 1.000000, -0.000000, 0.000000, 0.000000, 0.007511, -0.999972, 0.000000, 0.999972, 0.007511),

              ["LeftLowerLeg"] = CFrame.new(-0.000000, -0.178938, -0.002272, 1.000000, 0.000000, -0.000000, 0.000000, 1.000000, -0.000007, -0.000000, -0.000010, 1.000000),

              ["LeftUpperArm"] = CFrame.new(-0.118790, -0.056125, -0.529346, -0.019032, 0.999816, -0.002520, -0.007724, -0.002667, -0.999967, -0.999789, -0.019012, 0.007773),

              ["LeftUpperLeg"] = CFrame.new(0.028685, -0.092576, 0.203244, 0.506491, 0.797791, -0.327099, -0.794912, 0.285070, -0.535581, -0.334038, 0.531286, 0.778562),

              ["LowerTorso"] = CFrame.new(-0.036465, -0.877361, -2.017390, -0.999526, 0.015991, 0.026317, 0.018043, -0.388464, 0.921287, 0.024955, 0.921325, 0.387992),

              ["RightFoot"] = CFrame.new(-0.000000, -0.187621, -0.000104, 0.996789, -0.061255, -0.051578, 0.077491, 0.900203, 0.428553, 0.020178, -0.431141, 0.902043),

              ["RightHand"] = CFrame.new(-0.000500, -0.000000, -0.000000, 1.000000, -0.000000, -0.000000, 0.000000, 1.000000, 0.000001, 0.000000, -0.000000, 1.000000),

              ["RightLowerArm"] = CFrame.new(0.027608, 0.184685, 0.218119, 1.000000, 0.000000, -0.000000, -0.000000, 0.055630, -0.998451, -0.000000, 0.998451, 0.055630),

              ["RightLowerLeg"] = CFrame.new(-0.000000, -0.186986, -0.002476, 1.000000, 0.000000, -0.000000, -0.000000, 1.000000, -0.000007, 0.000000, -0.000010, 1.000000),

              ["RightUpperArm"] = CFrame.new(0.103191, 0.005224, -0.607381, 0.058390, -0.996950, 0.051791, 0.049023, -0.048953, -0.997597, 0.997089, 0.060789, 0.046014),

              ["RightUpperLeg"] = CFrame.new(0.003875, -0.080489, 0.176132, 0.539606, -0.745075, 0.392028, 0.789044, 0.285134, -0.544157, 0.293659, 0.602961, 0.741760),

              ["UpperTorso"] = CFrame.new(-0.012953, 0.021059, -0.504753, 0.999462, 0.028302, 0.016574, -0.018099, 0.897352, -0.440944, -0.027352, 0.440407, 0.897382)

          }},

          {Time = 0.500, Data = {

              ["Head"] = CFrame.new(-0.000000, -0.000000, -0.000000, 1.000000, -0.000000, 0.000000, 0.000000, 1.000000, 0.000000, -0.000000, 0.000000, 1.000000),

              ["LeftFoot"] = CFrame.new(-0.000000, -0.198046, -0.000004, 0.994157, 0.082575, 0.069531, -0.102133, 0.928057, 0.358193, -0.034948, -0.363169, 0.931055),

              ["LeftHand"] = CFrame.new(0.000500, 0.000100, 0.000000, 1.000000, -0.000000, 0.000000, 0.000000, 1.000000, 0.000001, -0.000000, -0.000000, 1.000000),

              ["LeftLowerArm"] = CFrame.new(-0.000500, 0.099997, 0.099149, 1.000000, -0.000000, 0.000000, 0.000000, 0.007511, -0.999972, 0.000000, 0.999972, 0.007511),

              ["LeftLowerLeg"] = CFrame.new(0.000000, -0.196977, -0.002511, 1.000000, 0.000000, 0.000000, -0.000000, 1.000000, -0.000007, -0.000000, -0.000010, 1.000000),

              ["LeftUpperArm"] = CFrame.new(-0.118790, -0.056125, -0.529346, -0.019032, 0.999816, -0.002520, -0.007724, -0.002667, -0.999967, -0.999789, -0.019012, 0.007773),

