return {
["lay twerk V2"] = {
        {Time = 0.000, Data = {
            ["Head"] = CFrame.new(-7.4505805969238281e-09, 0, -5.0931703299283981e-09, 0.58168578147888184, 0.22711792588233948, 0.7810627818107605, 0.22150996327400208, 0.87970846891403198, -0.42076870799064636, -0.78267163038253784, 0.41776838898658752, 0.46140503883361816),
            ["LeftFoot"] = CFrame.new(-1.4901161193847656e-08, 0.027183949947357178, -2.2575259208679199e-06, 0.92054444551467896, -0.29883688688278198, -0.25158396363258362, 0.29785948991775513, 0.95364552736282349, -0.042894385755062103, 0.25274035334587097, -0.035450488328933716, 0.96688449382781982),
            ["LeftHand"] = CFrame.new(0.00048506259918212891, 0.022626578807830811, -5.9604644775390625e-08, 0.90080416202545166, -0.37527331709861755, 0.21845319867134094, 0.19256219267845154, 0.79615128040313721, 0.57364010810852051, -0.38919362425804138, -0.47467160224914551, 0.78943979740142822),
            ["LeftLowerArm"] = CFrame.new(-0.00049996376037597656, 0.1098969578742981, 0.057537257671356201, 1, 0, 0, 0, 0.40662139654159546, -0.9135967493057251, 0, 0.9135967493057251, 0.40662139654159546),
            ["LeftLowerLeg"] = CFrame.new(-7.4505805969238281e-08, 0.11154580116271973, -0.051184289157390594, 1, -0, 0, 0, 0.4713326096534729, 0.88195550441741943, -0, -0.88195550441741943, 0.4713326096534729),
            ["LeftUpperArm"] = CFrame.new(0.30738848447799683, 0.038591384887695312, 0.0062532797455787659, 0.85082089900970459, 0.49014347791671753, -0.18937593698501587, -0.47600948810577393, 0.5663304328918457, -0.67281872034072876, -0.22252824902534485, 0.66259294748306274, 0.71515864133834839),
            ["LeftUpperLeg"] = CFrame.new(-0.016292750835418701, 0.041264921426773071, 0.11424759030342102, 0.80728894472122192, 0.56134498119354248, -0.18214374780654907, -0.4218498170375824, 0.33305132389068604, -0.84327906370162964, -0.41270726919174194, 0.75760716199874878, 0.50567197799682617),
            ["LowerTorso"] = CFrame.new(0.098466604948043823, -1.0710697174072266, 0.27355015277862549, 0.97321200370788574, -0.14633539319038391, -0.17732557654380798, 0.1575281023979187, -0.13736259937286377, 0.97791445255279541, -0.16746136546134949, -0.9796518087387085, -0.11063110828399658),
            ["RightFoot"] = CFrame.new(-1.6763806343078613e-08, 0.026951014995574951, -0.00010224262223346159, 0.99189376831054688, 0.097189374268054962, 0.081859387457370758, -0.10321130603551865, 0.99198758602142334, 0.072856724262237549, -0.074122600257396698, -0.080714941024780273, 0.99397730827331543),
            ["RightHand"] = CFrame.new(-0.00048535782843828201, 0.02229917049407959, 2.5331974029541016e-07, 0.9918096661567688, -0.1102176159620285, 0.064541742205619812, 0.12677110731601715, 0.78784739971160889, -0.60268199443817139, 0.015577131882309914, 0.60592782497406006, 0.79536706209182739),
            ["RightLowerArm"] = CFrame.new(-5.0663948059082031e-07, 0.10905146598815918, 0.055837228894233704, 1, 0, 0, 0, 0.42426151037216187, -0.90553981065750122, 0, 0.90553981065750122, 0.42426151037216187),
            ["RightLowerLeg"] = CFrame.new(9.6857547760009766e-08, 0.10973107814788818, -0.048939548432826996, 1, -0, 0, 0, 0.49572056531906128, 0.86848211288452148, -0, -0.86848211288452148, 0.49572056531906128),
            ["RightUpperArm"] = CFrame.new(0.09648597240447998, -0.29715573787689209, -0.52846026420593262, -0.034448742866516113, -0.12065109610557556, 0.99209725856781006, 0.54207444190979004, -0.83623433113098145, -0.08287377655506134, 0.83962428569793701, 0.5349355936050415, 0.094208776950836182),
            ["RightUpperLeg"] = CFrame.new(-0.028730124235153198, 0.0029335916042327881, 0.12777183949947357, 0.99486851692199707, 0.10076761245727539, 0.0090846717357635498, -0.026958037167787552, 0.35055273771286011, -0.93615490198135376, -0.097518749535083771, 0.93110615015029907, 0.35147041082382202),
            ["UpperTorso"] = CFrame.new(-0.038180775940418243, 0.22011983394622803, -0.16598780453205109, 0.96743977069854736, 0.19810135662555695, 0.15753132104873657, -0.12481506168842316, 0.91487282514572144, -0.38396477699279785, -0.22018507122993469, 0.35180050134658813, 0.90981036424636841)
        }},
        {Time = 0.025, Data = {
            ["Head"] = CFrame.new(-6.5192580223083496e-09, -2.384185791015625e-07, 3.9726728573441505e-08, 0.58168578147888184, 0.22711792588233948, 0.7810627818107605, 0.22150996327400208, 0.87970846891403198, -0.42076870799064636, -0.78267163038253784, 0.41776838898658752, 0.46140503883361816),
            ["LeftFoot"] = CFrame.new(5.9604644775390625e-08, 0.027374029159545898, -2.2798776626586914e-06, 0.92323416471481323, -0.29390579462051392, -0.24750375747680664, 0.29101008176803589, 0.95546078681945801, -0.049069993197917938, 0.25090208649635315, -0.026722991839051247, 0.96764355897903442),
            ["LeftHand"] = CFrame.new(0.00048516690731048584, 0.022590398788452148, 6.7055225372314453e-08, 0.90122294425964355, -0.37451529502868652, 0.21802625060081482, 0.19351822137832642, 0.7979656457901001, 0.57079029083251953, -0.3877471387386322, -0.47221729159355164, 0.79162049293518066),
            ["LeftLowerArm"] = CFrame.new(-0.00049981474876403809, 0.10971671342849731, 0.057193994522094727, 1, 0, 0, 0, 0.41009581089019775, -0.91204249858856201, 0, 0.91204249858856201, 0.41009581089019775),
            ["LeftLowerLeg"] = CFrame.new(-7.4505805969238281e-09, 0.11223232746124268, -0.052222199738025665, 1, -0, 0, 0, 0.46053791046142578, 0.88763999938964844, -0, -0.88763999938964844, 0.46053791046142578),
            ["LeftUpperArm"] = CFrame.new(0.30818182229995728, 0.039889335632324219, 0.006519664078950882, 0.85239386558532715, 0.48675835132598877, -0.19102621078491211, -0.47343039512634277, 0.56330394744873047, -0.67716497182846069, -0.22200989723205566, 0.66764885187149048, 0.71060299873352051),
            ["LeftUpperLeg"] = CFrame.new(-0.028108835220336914, 0.042228415608406067, 0.099397420883178711, 0.81401616334915161, 0.55065256357192993, -0.18482279777526855, -0.40869736671447754, 0.31689417362213135, -0.85588812828063965, -0.4127277135848999, 0.77224338054656982, 0.48300725221633911),
            ["LowerTorso"] = CFrame.new(0.096403717994689941, -1.0595245361328125, 0.27509385347366333, 0.97434544563293457, -0.14213058352470398, -0.17449890077114105, 0.15186917781829834, -0.15698540210723877, 0.97585415840148926, -0.16609250009059906, -0.97732007503509521, -0.13137280941009521),
            ["RightFoot"] = CFrame.new(-2.2351741790771484e-08, 0.026693344116210938, -0.0001021830175886862, 0.99115133285522461, 0.10156616568565369, 0.085459619760513306, -0.10873104631900787, 0.99052965641021729, 0.083836294710636139, -0.076135367155075073, -0.09238656610250473, 0.99280822277069092),
            ["RightHand"] = CFrame.new(-0.00048540113493800163, 0.022315561771392822, -8.9406967163085938e-08, 0.9923088550567627, -0.10682102292776108, 0.062549568712711334, 0.12286923080682755, 0.78854739665985107, -0.60257458686828613, 0.015044337138533592, 0.60562551021575928, 0.79560756683349609),
            ["RightLowerArm"] = CFrame.new(-3.2782554626464844e-07, 0.10911852121353149, 0.055955242365598679, 1, 0, 0, 0, 0.42305672168731689, -0.90610319375991821, 0, 0.90610319375991821, 0.42305672168731689),
            ["RightLowerLeg"] = CFrame.new(8.9406967163085938e-08, 0.10873275995254517, -0.047552086412906647, 1, -0, 0, 0, 0.51009392738342285, 0.86011868715286255, -0, -0.86011868715286255, 0.51009392738342285),
            ["RightUpperArm"] = CFrame.new(0.09620976448059082, -0.29416942596435547, -0.53038465976715088, -0.033817768096923828, -0.12218442559242249, 0.99193114042282104, 0.53614497184753418, -0.83981835842132568, -0.085168734192848206, 0.8434482216835022, 0.52893871068954468, 0.093909323215484619),
            ["RightUpperLeg"] = CFrame.new(-0.035737305879592896, 0.0074008628726005554, 0.12946689128875732, 0.99589598178863525, 0.089886575937271118, 0.010561972856521606, -0.020414110273122787, 0.33679032325744629, -0.94135832786560059, -0.088172651827335358, 0.9372793436050415, 0.33724308013916016),
            ["UpperTorso"] = CFrame.new(-0.037422828376293182, 0.22383928298950195, -0.15808314085006714, 0.96814602613449097, 0.19554968178272247, 0.15637646615505219, -0.11955298483371735, 0.90977537631988525, -0.39751207828521729, -0.22000081837177277, 0.36615449190139771, 0.90417397022247314)
        }},
        {Time = 0.050, Data = {
            ["Head"] = CFrame.new(9.3132257461547852e-10, 0, -1.8218997865915298e-08, 0.58168578147888184, 0.22711792588233948, 0.7810627818107605, 0.22150996327400208, 0.87970846891403198, -0.42076870799064636, -0.78267163038253784, 0.41776838898658752, 0.46140503883361816),
            ["LeftFoot"] = CFrame.new(5.9604644775390625e-08, 0.027833998203277588, -2.1308660507202148e-06, 0.93017882108688354, -0.28080388903617859, -0.23646669089794159, 0.27460190653800964, 0.9597170352935791, -0.059473004192113876, 0.24364136159420013, -0.009613674134016037, 0.96981775760650635),
            ["LeftHand"] = CFrame.new(0.00048514455556869507, 0.022462546825408936, -8.1956386566162109e-08, 0.90227818489074707, -0.37260487675666809, 0.21693244576454163, 0.19603142142295837, 0.8026573657989502, 0.5633053183555603, -0.38401272892951965, -0.46573251485824585, 0.79726248979568481),
            ["LeftLowerArm"] = CFrame.new(-0.00049957633018493652, 0.10920864343643188, 0.05628754198551178, 1, 0, 0, 0, 0.41952770948410034, -0.90774255990982056, 0, 0.90774255990982056, 0.41952770948410034),
            ["LeftLowerLeg"] = CFrame.new(-1.2665987014770508e-07, 0.11383527517318726, -0.054750777781009674, 1, -0, 0, 0, 0.43431395292282104, 0.90076160430908203, -0, -0.90076160430908203, 0.43431395292282104),
            ["LeftUpperArm"] = CFrame.new(0.31033694744110107, 0.043467164039611816, 0.0072473585605621338, 0.85672587156295776, 0.47735753655433655, -0.19532163441181183, -0.46622005105018616, 0.55477488040924072, -0.68910348415374756, -0.22058923542499542, 0.68143570423126221, 0.69784367084503174),
            ["LeftUpperLeg"] = CFrame.new(-0.057161450386047363, 0.043371044099330902, 0.064425230026245117, 0.83183145523071289, 0.52028334140777588, -0.19329181313514709, -0.37386518716812134, 0.26784700155258179, -0.8879656195640564, -0.41022107005119324, 0.81090277433395386, 0.41731935739517212),
            ["LowerTorso"] = CFrame.new(0.090983748435974121, -1.0281686782836914, 0.27829477190971375, 0.9773564338684082, -0.13128526508808136, -0.16594749689102173, 0.13620679080486298, -0.20983517169952393, 0.96820282936096191, -0.16193240880966187, -0.96888244152069092, -0.1872018575668335),
            ["RightFoot"] = CFrame.new(-4.8428773880004883e-08, 0.025622189044952393, -0.0001021830175886862, 0.98915886878967285, 0.112347312271595, 0.09456634521484375, -0.12277259677648544, 0.9860040545463562, 0.11279597878456116, -0.08057047426700592, -0.12318329513072968, 0.98910784721374512),
            ["RightHand"] = CFrame.new(-0.00048537179827690125, 0.022355556488037109, 8.9406967163085938e-08, 0.99360346794128418, -0.09743991494178772, 0.057075396180152893, 0.11209949851036072, 0.79006576538085938, -0.60268545150756836, 0.013632304966449738, 0.60522842407226562, 0.79593509435653687),
            ["RightLowerArm"] = CFrame.new(-5.3644180297851562e-07, 0.10928076505661011, 0.056238934397697449, 1, 0, 0, 0, 0.42008566856384277, -0.90748447179794312, 0, 0.90748447179794312, 0.42008566856384277),
            ["RightLowerLeg"] = CFrame.new(8.9406967163085938e-08, 0.10565853118896484, -0.043968565762042999, 1, -0, 0, 0, 0.5474618673324585, 0.83683061599731445, -0, -0.83683061599731445, 0.5474618673324585),
            ["RightUpperArm"] = CFrame.new(0.095410943031311035, -0.28578627109527588, -0.53562843799591064, -0.032277703285217285, -0.12637606263160706, 0.99145710468292236, 0.51936769485473633, -0.84964966773986816, -0.091392174363136292, 0.85394108295440674, 0.51198089122772217, 0.09306037425994873),
            ["RightUpperLeg"] = CFrame.new(-0.054153114557266235, 0.017926879227161407, 0.13411693274974823, 0.99806386232376099, 0.060680471360683441, 0.01365320198237896, -0.0050892531871795654, 0.29845136404037476, -0.95441126823425293, -0.061988942325115204, 0.95249390602111816, 0.29818236827850342),
            ["UpperTorso"] = CFrame.new(-0.035554081201553345, 0.23246783018112183, -0.13593824207782745, 0.97012954950332642, 0.18822348117828369, 0.15303793549537659, -0.10527182370424271, 0.89500802755355835, -0.43344959616661072, -0.21855556964874268, 0.40439167618751526, 0.88808834552764893)
        }},
        {Time = 0.075, Data = {
            ["Head"] = CFrame.new(-2.7939677238464355e-09, 1.1920928955078125e-07, -4.3481122702360153e-08, 0.58168578147888184, 0.22711792588233948, 0.7810627818107605, 0.22150996327400208, 0.87970846891403198, -0.42076870799064636, -0.78267163038253784, 0.41776838898658752, 0.46140503883361816),
            ["LeftFoot"] = CFrame.new(-9.6857547760009766e-08, 0.028381228446960449, -2.1383166313171387e-06, 0.93958151340484619, -0.26187697052955627, -0.22047001123428345, 0.25491043925285339, 0.96510124206542969, -0.060001928359270096, 0.22848901152610779, 0.0001766011118888855, 0.97354650497436523),
            ["LeftHand"] = CFrame.new(0.00048550963401794434, 0.022279977798461914, 0, 0.90386790037155151, -0.36971127986907959, 0.21525910496711731, 0.19942422211170197, 0.80926769971847534, 0.55255395174026489, -0.37848761677742004, -0.45650789141654968, 0.80520045757293701),
            ["LeftLowerArm"] = CFrame.new(-0.0004996955394744873, 0.10846477746963501, 0.054998978972434998, 1, 0, 0, 0, 0.43293565511703491, -0.90142494440078735, 0, 0.90142494440078735, 0.43293565511703491),
            ["LeftLowerLeg"] = CFrame.new(3.7252902984619141e-08, 0.11560070514678955, -0.057721205055713654, 1, -0, 0, 0, 0.4034198522567749, 0.91501498222351074, -0, -0.91501498222351074, 0.4034198522567749),
            ["LeftUpperArm"] = CFrame.new(0.31349402666091919, 0.048828959465026855, 0.0083578452467918396, 0.8630409836769104, 0.46319499611854553, -0.20152083039283752, -0.45550695061683655, 0.54119360446929932, -0.70684003829956055, -0.21834298968315125, 0.70182609558105469, 0.67806082963943481),
            ["LeftUpperLeg"] = CFrame.new(-0.093856215476989746, 0.042071893811225891, 0.023697637021541595, 0.85673379898071289, 0.4725329577922821, -0.20668774843215942, -0.32515516877174377, 0.18377858400344849, -0.9276311993598938, -0.40035152435302734, 0.86193853616714478, 0.31109589338302612),
            ["LowerTorso"] = CFrame.new(0.083671450614929199, -0.98209595680236816, 0.280487060546875, 0.98151695728302002, -0.11735212802886963, -0.15117186307907104, 0.11226552724838257, -0.28665411472320557, 0.95143359899520874, -0.15498679876327515, -0.95081955194473267, -0.26818132400512695),
            ["RightFoot"] = CFrame.new(-8.5681676864624023e-08, 0.024247169494628906, -0.00010230595216853544, 0.98631101846694946, 0.12613086402416229, 0.1062149778008461, -0.14171947538852692, 0.9776993989944458, 0.15498197078704834, -0.084298305213451385, -0.16791316866874695, 0.98219090700149536),
            ["RightHand"] = CFrame.new(-0.00048515945672988892, 0.022399365901947021, 1.4901161193847656e-08, 0.99535703659057617, -0.083031818270683289, 0.048683106899261475, 0.095550522208213806, 0.79147207736968994, -0.60369032621383667, 0.01159418560564518, 0.60553914308547974, 0.7957310676574707),
            ["RightLowerArm"] = CFrame.new(-4.4703483581542969e-07, 0.109455406665802, 0.056548025459051132, 1, 0, 0, 0, 0.41682738065719604, -0.90898573398590088, 0, 0.90898573398590088, 0.41682738065719604),
            ["RightLowerLeg"] = CFrame.new(-1.862645149230957e-08, 0.10085189342498779, -0.038695000112056732, 1, -0, 0, 0, 0.60219883918762207, 0.79834610223770142, -0, -0.79834610223770142, 0.60219883918762207),
            ["RightUpperArm"] = CFrame.new(0.094078898429870605, -0.27278316020965576, -0.54331731796264648, -0.029596447944641113, -0.13214404881000519, 0.99078857898712158, 0.49336391687393188, -0.86399805545806885, -0.10049614310264587, 0.86931931972503662, 0.48584499955177307, 0.090766310691833496),
            ["RightUpperLeg"] = CFrame.new(-0.080069631338119507, 0.030198317021131516, 0.1410665363073349, 0.99969327449798584, 0.018868690356612206, 0.016041271388530731, 0.010975221171975136, 0.24310982227325439, -0.96993672847747803, -0.022201225161552429, 0.96981525421142578, 0.2428281307220459),
            ["UpperTorso"] = CFrame.new(-0.033383924514055252, 0.24132227897644043, -0.10198871046304703, 0.97312545776367188, 0.17697615921497345, 0.14733068645000458, -0.085108563303947449, 0.87091350555419922, -0.48401060700416565, -0.2139706164598465, 0.45846393704414368, 0.86257022619247437)
        }},
        {Time = 0.100, Data = {
            ["Head"] = CFrame.new(-1.6763806343078613e-08, -1.1920928955078125e-07, -2.9103830456733704e-08, 0.58168578147888184, 0.22711792588233948, 0.7810627818107605, 0.22150996327400208, 0.87970846891403198, -0.42076870799064636, -0.78267163038253784, 0.41776838898658752, 0.46140503883361816),
            ["LeftFoot"] = CFrame.new(-4.4703483581542969e-08, 0.02863544225692749, -2.1010637283325195e-06, 0.94968914985656738, -0.23953887820243835, -0.20177116990089417, 0.23756951093673706, 0.97076511383056641, -0.03429027646780014, 0.20408627390861511, -0.015369577333331108, 0.97883224487304688),
            ["LeftHand"] = CFrame.new(0.00048546493053436279, 0.022068977355957031, -6.7055225372314453e-08, 0.90573084354400635, -0.36630713939666748, 0.21323852241039276, 0.20317043364048004, 0.81674033403396606, 0.54005283117294312, -0.37198567390441895, -0.44581875205039978, 0.81416970491409302),
            ["LeftLowerArm"] = CFrame.new(-0.00049996376037597656, 0.10757875442504883, 0.053514376282691956, 1, 0, 0, 0, 0.44836533069610596, -0.89385038614273071, 0, 0.89385038614273071, 0.44836533069610596),
            ["LeftLowerLeg"] = CFrame.new(0, 0.11648857593536377, -0.05939890444278717, 1, -0, 0, 0, 0.3859441876411438, 0.92252212762832642, -0, -0.92252212762832642, 0.3859441876411438),
            ["LeftUpperArm"] = CFrame.new(0.31729179620742798, 0.055475950241088867, 0.0097789131104946136, 0.87060648202896118, 0.44557493925094604, -0.20858411490917206, -0.44226449728012085, 0.52308815717697144, -0.72854709625244141, -0.21551446616649628, 0.72652721405029297, 0.65246593952178955),
            ["LeftUpperLeg"] = CFrame.new(-0.12859946489334106, 0.03570961207151413, -0.0084179863333702087, 0.88439357280731201, 0.41108250617980957, -0.2210412323474884, -0.27161073684692383, 0.068144500255584717, -0.95999175310134888, -0.37957301735877991, 0.90904766321182251, 0.17192095518112183),
            ["LowerTorso"] = CFrame.new(0.076061166822910309, -0.9266732931137085, 0.27922248840332031, 0.98601806163787842, -0.10405620932579041, -0.13015630841255188, 0.081962555646896362, -0.37721490859985352, 0.92249178886413574, -0.14508789777755737, -0.92026150226593018, -0.36341202259063721),
            ["RightFoot"] = CFrame.new(-2.9802322387695312e-08, 0.02188563346862793, -0.00010240280971629545, 0.98313087224960327, 0.13991206884384155, 0.11780638992786407, -0.16191822290420532, 0.96531742811203003, 0.20480427145957947, -0.085065975785255432, -0.22042438387870789, 0.97168761491775513),
            ["RightHand"] = CFrame.new(-0.00048531778156757355, 0.022423982620239258, -4.6193599700927734e-07, 0.99718642234802246, -0.064651891589164734, 0.037939567118883133, 0.074397370219230652, 0.79156708717346191, -0.60653656721115112, 0.009182024747133255, 0.60765260457992554, 0.79414987564086914),
            ["RightLowerArm"] = CFrame.new(-2.9802322387695312e-07, 0.10955303907394409, 0.056721769273281097, 1, 0, 0, 0, 0.41505467891693115, -0.90979653596878052, 0, 0.90979653596878052, 0.41505467891693115),
            ["RightLowerLeg"] = CFrame.new(1.862645149230957e-08, 0.093908786773681641, -0.03266533836722374, 1, -0, 0, 0, 0.66488319635391235, 0.74694734811782837, -0, -0.74694734811782837, 0.66488319635391235),
            ["RightUpperArm"] = CFrame.new(0.092198967933654785, -0.25593316555023193, -0.55251574516296387, -0.025851607322692871, -0.13852982223033905, 0.99002081155776978, 0.45963966846466064, -0.88110542297363281, -0.11128754913806915, 0.8877292275428772, 0.45217591524124146, 0.08645164966583252),
            ["RightUpperLeg"] = CFrame.new(-0.10957828164100647, 0.039901681244373322, 0.14966124296188354, 0.99942874908447266, -0.030049396678805351, 0.015465119853615761, 0.020522845908999443, 0.17607426643371582, -0.98416298627853394, 0.026850493624806404, 0.98391813039779663, 0.17659038305282593),
            ["UpperTorso"] = CFrame.new(-0.031820327043533325, 0.24565142393112183, -0.059471923857927322, 0.97682499885559082, 0.16254042088985443, 0.13926085829734802, -0.062217850238084793, 0.83816409111022949, -0.54185783863067627, -0.20479723811149597, 0.52063572406768799, 0.82885253429412842)
        }},
        {Time = 0.125, Data = {
            ["Head"] = CFrame.new(-7.4505805969238281e-09, 0, -4.4528860598802567e-08, 0.58168578147888184, 0.22711792588233948, 0.7810627818107605, 0.22150996327400208, 0.87970846891403198, -0.42076870799064636, -0.78267163038253784, 0.41776838898658752, 0.46140503883361816),
            ["LeftFoot"] = CFrame.new(-1.1920928955078125e-07, 0.02831190824508667, -2.1532177925109863e-06, 0.95882648229598999, -0.21723182499408722, -0.18292646110057831, 0.22650445997714996, 0.9735114574432373, 0.031164500862360001, 0.17131106555461884, -0.071315005421638489, 0.98263251781463623),
            ["LeftHand"] = CFrame.new(0.00048550963401794434, 0.02185368537902832, -3.6507844924926758e-07, 0.90774828195571899, -0.3625580370426178, 0.21105615794658661, 0.20660969614982605, 0.82421654462814331, 0.5272376537322998, -0.36511021852493286, -0.43499282002449036, 0.8230891227722168),
            ["LeftLowerArm"] = CFrame.new(-0.00049993395805358887, 0.10664480924606323, 0.052008137106895447, 1, 0, 0, 0, 0.46402907371520996, -0.88581997156143188, 0, 0.88581997156143188, 0.46402907371520996),
            ["LeftLowerLeg"] = CFrame.new(-7.4505805969238281e-09, 0.11538559198379517, -0.057340405881404877, 1, -0, 0, 0, 0.40737348794937134, 0.91326165199279785, -0, -0.91326165199279785, 0.40737348794937134),
            ["LeftUpperArm"] = CFrame.new(0.32139623165130615, 0.062928080558776855, 0.011417433619499207, 0.87882113456726074, 0.42560964822769165, -0.21570777893066406, -0.42733567953109741, 0.50093930959701538, -0.7526247501373291, -0.21226787567138672, 0.75360214710235596, 0.62211424112319946),
            ["LeftUpperLeg"] = CFrame.new(-0.15353327989578247, 0.022441290318965912, -0.020676456391811371, 0.91067415475845337, 0.34361928701400757, -0.22934336960315704, -0.22238095104694366, -0.060120224952697754, -0.97310447692871094, -0.34816563129425049, 0.93718266487121582, 0.021664440631866455),
            ["LowerTorso"] = CFrame.new(0.069528162479400635, -0.86739754676818848, 0.27310645580291748, 0.99008530378341675, -0.094767898321151733, -0.10368282347917557, 0.047091290354728699, -0.47147643566131592, 0.88062047958374023, -0.13233855366706848, -0.87677192687988281, -0.46233916282653809),
            ["RightFoot"] = CFrame.new(7.4505805969238281e-08, 0.018816590309143066, -0.00010241398558719084, 0.98022520542144775, 0.15134519338607788, 0.12748782336711884, -0.18017017841339111, 0.94901049137115479, 0.25868484377861023, -0.08183656632900238, -0.27653893828392029, 0.95751190185546875),
            ["RightHand"] = CFrame.new(-0.00048522278666496277, 0.022408843040466309, 2.6822090148925781e-07, 0.99872571229934692, -0.043515644967556, 0.025559894740581512, 0.05005258321762085, 0.78931534290313721, -0.61194443702697754, 0.0064543401822447777, 0.61244404315948486, 0.79048764705657959),
            ["RightLowerArm"] = CFrame.new(-2.0861625671386719e-07, 0.10949182510375977, 0.056612387299537659, 1, 0, 0, 0, 0.41617459058761597, -0.90928471088409424, 0, 0.90928471088409424, 0.41617459058761597),
            ["RightLowerLeg"] = CFrame.new(5.9604644775390625e-08, 0.085272669792175293, -0.026570385321974754, 1, -0, 0, 0, 0.72827541828155518, 0.68528461456298828, -0, -0.68528461456298828, 0.72827541828155518),
            ["RightUpperArm"] = CFrame.new(0.08981788158416748, -0.23611342906951904, -0.56229078769683838, -0.021065473556518555, -0.14447638392448425, 0.9892839789390564, 0.42000028491020203, -0.89923429489135742, -0.12238205969333649, 0.90727943181991577, 0.41292154788970947, 0.079622924327850342),
            ["RightUpperLeg"] = CFrame.new(-0.13877075910568237, 0.04272373765707016, 0.15924645960330963, 0.99664139747619629, -0.081177316606044769, 0.010778091847896576, 0.019186859950423241, 0.10352939367294312, -0.99444133043289185, 0.079610228538513184, 0.99130815267562866, 0.10473924875259399),
            ["UpperTorso"] = CFrame.new(-0.031683430075645447, 0.24189019203186035, -0.012731917202472687, 0.98090356588363647, 0.14582160115242004, 0.12870225310325623, -0.040108293294906616, 0.79916143417358398, -0.59977686405181885, -0.19031429290771484, 0.58316123485565186, 0.78974896669387817)
        }},
        {Time = 0.150, Data = {
            ["Head"] = CFrame.new(1.5832483768463135e-08, 0, -3.2712705433368683e-08, 0.58168578147888184, 0.22711792588233948, 0.7810627818107605, 0.22150996327400208, 0.87970846891403198, -0.42076870799064636, -0.78267163038253784, 0.41776838898658752, 0.46140503883361816),
            ["LeftFoot"] = CFrame.new(6.7055225372314453e-08, 0.027055919170379639, -2.3171305656433105e-06, 0.96594047546386719, -0.19794803857803345, -0.16665998101234436, 0.22058099508285522, 0.96661585569381714, 0.13037563860416412, 0.13528859615325928, -0.16269712150096893, 0.97735697031021118),
            ["LeftHand"] = CFrame.new(0.00048588961362838745, 0.02165532112121582, 1.1920928955078125e-07, 0.90978533029556274, -0.35872635245323181, 0.20882071554660797, 0.20933601260185242, 0.83095890283584595, 0.51544725894927979, -0.35842591524124146, -0.42523267865180969, 0.83108854293823242),
            ["LeftLowerArm"] = CFrame.new(-0.00049948692321777344, 0.10575753450393677, 0.050626799464225769, 1, 0, 0, 0, 0.4783216118812561, -0.8781847357749939, 0, 0.8781847357749939, 0.4783216118812561),
            ["LeftLowerLeg"] = CFrame.new(-3.7252902984619141e-08, 0.11107748746871948, -0.050488755106925964, 1, -0, 0, 0, 0.47858619689941406, 0.878040611743927, -0, -0.878040611743927, 0.47858619689941406),
            ["LeftUpperArm"] = CFrame.new(0.32551509141921997, 0.070735335350036621, 0.013133518397808075, 0.88706099987030029, 0.404685378074646, -0.2221541553735733, -0.4117310643196106, 0.47585821151733398, -0.77719783782958984, -0.20880673825740814, 0.78088963031768799, 0.58873683214187622),
            ["LeftUpperLeg"] = CFrame.new(-0.16774368286132812, 0.0035344138741493225, -0.014316458255052567, 0.93292224407196045, 0.27969714999198914, -0.22677211463451385, -0.1839078962802887, -0.17132925987243652, -0.96789693832397461, -0.30957064032554626, 0.94467782974243164, -0.10839831829071045),
            ["LowerTorso"] = CFrame.new(0.06492326408624649, -0.80951929092407227, 0.26220667362213135, 0.99313205480575562, -0.091316267848014832, -0.073144309222698212, 0.0096042603254318237, -0.55943214893341064, 0.82882094383239746, -0.11660406738519669, -0.82383108139038086, -0.55471301078796387),
            ["RightFoot"] = CFrame.new(2.2351741790771484e-08, 0.01570737361907959, -0.000102495941973757, 0.97821605205535889, 0.15877504646778107, 0.13373059034347534, -0.19388525187969208, 0.92898184061050415, 0.31527960300445557, -0.074174769222736359, -0.33433997631072998, 0.93952906131744385),
            ["RightHand"] = CFrame.new(-0.00048525258898735046, 0.022337734699249268, -1.7881393432617188e-07, 0.99969828128814697, -0.021159682422876358, 0.012473015114665031, 0.024333957582712173, 0.78411436080932617, -0.62013912200927734, 0.0033416762016713619, 0.62025558948516846, 0.78439271450042725),
            ["RightLowerArm"] = CFrame.new(-2.384185791015625e-07, 0.10920840501785278, 0.056112956255674362, 1, 0, 0, 0, 0.42138636112213135, -0.90688121318817139, 0, 0.90688121318817139, 0.42138636112213135),
            ["RightLowerLeg"] = CFrame.new(-7.4505805969238281e-09, 0.07587885856628418, -0.020914314314723015, 1, -0, 0, 0, 0.78683483600616455, 0.61716359853744507, -0, -0.61716359853744507, 0.78683483600616455),
            ["RightUpperArm"] = CFrame.new(0.087085247039794922, -0.21437489986419678, -0.57178926467895508, -0.015578508377075195, -0.14913445711135864, 0.98869425058364868, 0.376548171043396, -0.91689145565032959, -0.13237062096595764, 0.9262661337852478, 0.37022885680198669, 0.070439934730529785),
            ["RightUpperLeg"] = CFrame.new(-0.1637389063835144, 0.034350298345088959, 0.16916806995868683, 0.99146735668182373, -0.13033539056777954, 0.0022680312395095825, 0.0063799060881137848, 0.031139552593231201, -0.99949467182159424, 0.1301988959312439, 0.99098086357116699, 0.031705379486083984),
            ["UpperTorso"] = CFrame.new(-0.033554449677467346, 0.22856158018112183, 0.033201776444911957, 0.98508697748184204, 0.12751622498035431, 0.11551325768232346, -0.021711777895689011, 0.758125901222229, -0.65174674987792969, -0.17068186402320862, 0.63951921463012695, 0.74958854913711548)
        }},
        {Time = 0.175, Data = {
            ["Head"] = CFrame.new(7.4505805969238281e-09, 0, 1.0710209608078003e-08, 0.58168578147888184, 0.22711792588233948, 0.7810627818107605, 0.22150996327400208, 0.87970846891403198, -0.42076870799064636, -0.78267163038253784, 0.41776838898658752, 0.46140503883361816),
            ["LeftFoot"] = CFrame.new(-8.1956386566162109e-08, 0.024241507053375244, -2.4661421775817871e-06, 0.97065639495849609, -0.18395256996154785, -0.15487954020500183, 0.21852570772171021, 0.94356811046600342, 0.24884882569313049, 0.10036301612854004, -0.2753918468952179, 0.95607876777648926),
            ["LeftHand"] = CFrame.new(0.00048627704381942749, 0.021490573883056641, 1.7136335372924805e-07, 0.91174167394638062, -0.35498997569084167, 0.20666210353374481, 0.21108129620552063, 0.83651065826416016, 0.50566256046295166, -0.35238015651702881, -0.41741111874580383, 0.83761334419250488),
            ["LeftLowerArm"] = CFrame.new(-0.00049993395805358887, 0.10500144958496094, 0.049485281109809875, 1, 0, 0, 0, 0.49015706777572632, -0.87163412570953369, 0, 0.87163412570953369, 0.49015706777572632),
            ["LeftLowerLeg"] = CFrame.new(2.9802322387695312e-08, 0.10181021690368652, -0.039399519562721252, 1, -0, 0, 0, 0.59383982419967651, 0.80458325147628784, -0, -0.80458325147628784, 0.59383982419967651),
            ["LeftUpperArm"] = CFrame.new(0.32939994335174561, 0.078485369682312012, 0.014729224145412445, 0.89482736587524414, 0.38417160511016846, -0.22736799716949463, -0.39623755216598511, 0.44891685247421265, -0.8009178638458252, -0.20562058687210083, 0.80677497386932373, 0.55392634868621826),
            ["LeftUpperLeg"] = CFrame.new(-0.17205339670181274, -0.018963303416967392, 0.006301049143075943, 0.94988685846328735, 0.22692537307739258, -0.21498814225196838, -0.15908583998680115, -0.24109494686126709, -0.9573742151260376, -0.26908496022224426, 0.94359874725341797, -0.19291234016418457),
            ["LowerTorso"] = CFrame.new(0.062379144132137299, -0.75760197639465332, 0.24801324307918549, 0.9947669506072998, -0.093942686915397644, -0.040168300271034241, -0.028574999421834946, -0.63327574729919434, 0.77339911460876465, -0.098092764616012573, -0.76820409297943115, -0.63264608383178711),
            ["RightFoot"] = CFrame.new(-1.862645149230957e-08, 0.013499677181243896, -0.00010250711784465238, 0.9775434136390686, 0.16117741167545319, 0.13575956225395203, -0.20126588642597198, 0.90500390529632568, 0.37477988004684448, -0.062456879764795303, -0.39368736743927002, 0.91712015867233276),
            ["RightHand"] = CFrame.new(-0.00048536062240600586, 0.022206425666809082, -7.4505805969238281e-08, 0.99999964237213135, 0.00081337650772184134, -0.00028908054810017347, -0.00081337650772184134, 0.77570199966430664, -0.63109880685806274, -0.00028908054810017347, 0.63109880685806274, 0.77570241689682007),
            ["RightLowerArm"] = CFrame.new(-3.5762786865234375e-07, 0.10867422819137573, 0.055186044424772263, 1, 0, 0, 0, 0.43100357055664062, -0.90235024690628052, 0, 0.90235024690628052, 0.43100357055664062),
            ["RightLowerLeg"] = CFrame.new(-7.4505805969238281e-09, 0.066811263561248779, -0.015878902748227119, 1, -0, 0, 0, 0.83849251270294189, 0.54491317272186279, -0, -0.54491317272186279, 0.83849251270294189),
            ["RightUpperArm"] = CFrame.new(0.08426058292388916, -0.1919548511505127, -0.58032053709030151, -0.010007500648498535, -0.15184807777404785, 0.98835325241088867, 0.33165726065635681, -0.93295741081237793, -0.1399790346622467, 0.94334697723388672, 0.32639369368553162, 0.059697926044464111),
            ["RightUpperLeg"] = CFrame.new(-0.1813494861125946, 0.011796209961175919, 0.17888393998146057, 0.98460125923156738, -0.17462021112442017, -0.0082556381821632385, -0.014481231570243835, -0.034408092498779297, -0.99930292367935181, 0.17421442270278931, 0.98403447866439819, -0.036406993865966797),
            ["UpperTorso"] = CFrame.new(-0.037663709372282028, 0.20656388998031616, 0.073533132672309875, 0.98912715911865234, 0.10798278450965881, 0.099835664033889771, -0.0087858028709888458, 0.72104138135910034, -0.69283628463745117, -0.14680004119873047, 0.68442606925964355, 0.71415030956268311)
        }},
        {Time = 0.200, Data = {
            ["Head"] = CFrame.new(1.862645149230957e-09, 1.1920928955078125e-07, -3.3993273973464966e-08, 0.58168578147888184, 0.22711792588233948, 0.7810627818107605, 0.22150996327400208, 0.87970846891403198, -0.42076870799064636, -0.78267163038253784, 0.41776838898658752, 0.46140503883361816),
            ["LeftFoot"] = CFrame.new(-5.9604644775390625e-08, 0.018548667430877686, -2.5257468223571777e-06, 0.97302019596099854, -0.17645390331745148, -0.14864620566368103, 0.2202536016702652, 0.9022524356842041, 0.37071406841278076, 0.068702459335327148, -0.39345216751098633, 0.9167744517326355),
            ["LeftHand"] = CFrame.new(0.00048606842756271362, 0.021371841430664062, -1.4156103134155273e-07, 0.9135473370552063, -0.35152241587638855, 0.20460505783557892, 0.21178558468818665, 0.84058487415313721, 0.49856185913085938, -0.34724360704421997, -0.41212749481201172, 0.8423614501953125),
            ["LeftLowerArm"] = CFrame.new(-0.00049978494644165039, 0.10444736480712891, 0.048668533563613892, 1, 0, 0, 0, 0.49866372346878052, -0.86679553985595703, 0, 0.86679553985595703, 0.49866372346878052),
            ["LeftLowerLeg"] = CFrame.new(5.9604644775390625e-08, 0.085269927978515625, -0.026336967945098877, 1, -0, 0, 0, 0.72967362403869629, 0.68379557132720947, -0, -0.68379557132720947, 0.72967362403869629),
            ["LeftUpperArm"] = CFrame.new(0.33284378051757812, 0.08580327033996582, 0.015940684825181961, 0.90173900127410889, 0.36549332737922668, -0.23082776367664337, -0.38156107068061829, 0.42199826240539551, -0.82239198684692383, -0.20316986739635468, 0.82965779304504395, 0.51999032497406006),
            ["LeftUpperLeg"] = CFrame.new(-0.16728425025939941, -0.043006662279367447, 0.036815419793128967, 0.96179193258285522, 0.18791237473487854, -0.19911117851734161, -0.1470380425453186, -0.25894284248352051, -0.95463532209396362, -0.23094616830348969, 0.94743746519088745, -0.22141885757446289),
            ["LowerTorso"] = CFrame.new(0.061263453215360641, -0.71526265144348145, 0.23302718997001648, 0.9948849081993103, -0.10085921734571457, -0.0056040547788143158, -0.065587140619754791, -0.68716001510620117, 0.72353959083557129, -0.076826512813568115, -0.71947109699249268, -0.69026017189025879),
            ["RightFoot"] = CFrame.new(2.9802322387695312e-08, 0.011931300163269043, -0.00010240094707114622, 0.97808563709259033, 0.15926414728164673, 0.13410227000713348, -0.20247060060501099, 0.87768286466598511, 0.43437135219573975, -0.048519492149353027, -0.45200413465499878, 0.89069533348083496),
            ["RightHand"] = CFrame.new(-0.00048564374446868896, 0.022020697593688965, -2.384185791015625e-07, 0.99972414970397949, 0.020340261980891228, -0.011741114780306816, -0.023121709004044533, 0.76472967863082886, -0.64393627643585205, -0.0041190530173480511, 0.64403009414672852, 0.76498907804489136),
            ["RightLowerArm"] = CFrame.new(-1.1920928955078125e-07, 0.10789895057678223, 0.053878128528594971, 1, 0, 0, 0, 0.44455063343048096, -0.89575368165969849, 0, 0.89575368165969849, 0.44455063343048096),
            ["RightLowerLeg"] = CFrame.new(-2.2351741790771484e-08, 0.058292090892791748, -0.011689892038702965, 1, -0, 0, 0, 0.8811911940574646, 0.47276011109352112, -0, -0.47276011109352112, 0.8811911940574646),
            ["RightUpperArm"] = CFrame.new(0.081695556640625, -0.17024004459381104, -0.58742266893386841, -0.0048488378524780273, -0.15222465991973877, 0.98833400011062622, 0.28822404146194458, -0.94661498069763184, -0.14438498020172119, 0.95755070447921753, 0.28416153788566589, 0.048464775085449219),
            ["RightUpperLeg"] = CFrame.new(-0.19157180190086365, -0.022618353366851807, 0.18830753862857819, 0.97679692506790161, -0.21337336301803589, -0.018426507711410522, -0.037467658519744873, -0.085541844367980957, -0.99562990665435791, 0.21086466312408447, 0.97321867942810059, -0.091551542282104492),
            ["UpperTorso"] = CFrame.new(-0.043821819126605988, 0.17872649431228638, 0.10466913133859634, 0.99277299642562866, 0.087659120559692383, 0.08196161687374115, -0.0019743666052818298, 0.69480812549591064, -0.71919244527816772, -0.11999137699604034, 0.7138330340385437, 0.68995976448059082)
        }},
        {Time = 0.225, Data = {
            ["Head"] = CFrame.new(1.1175870895385742e-08, 0, 9.5460563898086548e-08, 0.58168578147888184, 0.22711792588233948, 0.7810627818107605, 0.22150996327400208, 0.87970846891403198, -0.42076870799064636, -0.78267163038253784, 0.41776838898658752, 0.46140503883361816),
            ["LeftFoot"] = CFrame.new(-7.4505805969238281e-09, 0.012423574924468994, -2.4847686290740967e-06, 0.9733651876449585, -0.17537924647331238, -0.14765603840351105, 0.22603413462638855, 0.84179079532623291, 0.49020078778266907, 0.038324441760778427, -0.51051968336105347, 0.85901153087615967),
            ["LeftHand"] = CFrame.new(0.00048576295375823975, 0.021309435367584229, 7.4505805969238281e-09, 0.9152103066444397, -0.34828022122383118, 0.20270916819572449, 0.21131840348243713, 0.84310686588287354, 0.49448499083518982, -0.34312483668327332, -0.40972158312797546, 0.84521806240081787),
            ["LeftLowerArm"] = CFrame.new(-0.00049978494644165039, 0.10415136814117432, 0.048239335417747498, 1, 0, 0, 0, 0.50306236743927002, -0.8642500638961792, 0, 0.8642500638961792, 0.50306236743927002),
            ["LeftLowerLeg"] = CFrame.new(4.4703483581542969e-08, 0.062287330627441406, -0.01335945725440979, 1, -0, 0, 0, 0.86317723989486694, 0.50490105152130127, -0, -0.50490105152130127, 0.86317723989486694),
            ["LeftUpperArm"] = CFrame.new(0.33566957712173462, 0.092350482940673828, 0.016437754034996033, 0.90740019083023071, 0.3502197265625, -0.23231671750545502, -0.36845022439956665, 0.39702242612838745, -0.84060549736022949, -0.20216171443462372, 0.84836268424987793, 0.48929679393768311),
            ["LeftUpperLeg"] = CFrame.new(-0.15425878763198853, -0.066548846662044525, 0.072866372764110565, 0.96981310844421387, 0.16294725239276886, -0.18141324818134308, -0.14433516561985016, -0.21604859828948975, -0.96565526723861694, -0.19654498994350433, 0.96268945932388306, -0.18600773811340332),
