return {
["hello 2"] = {

          {Time = 0.000, Data = {

              ["Head"] = CFrame.new(-0.000000, 0.000000, 0.000000, 0.997265, -0.073906, -0.000000, 0.073906, 0.997265, -0.000000, 0.000000, 0.000000, 1.000000),

              ["LeftFoot"] = CFrame.new(0.000000, -0.015360, -0.000003, 0.998462, -0.042408, -0.035709, 0.042431, 0.999099, -0.000110, 0.035679, -0.001395, 0.999362),

              ["LeftHand"] = CFrame.new(0.000496, 0.006299, -0.000000, 0.998830, 0.046382, -0.013651, -0.044067, 0.989496, 0.137681, 0.019894, -0.136917, 0.990383),

              ["LeftLowerArm"] = CFrame.new(-0.000500, 0.036680, 0.004818, 1.000000, -0.000000, -0.000000, 0.000000, 0.950924, -0.309424, 0.000000, 0.309424, 0.950924),

              ["LeftLowerLeg"] = CFrame.new(-0.000000, -0.014906, -0.000097, 1.000000, -0.000000, -0.000000, 0.000000, 1.000000, -0.000008, 0.000000, -0.000011, 1.000000),

              ["LeftUpperArm"] = CFrame.new(-0.016763, -0.128168, -0.007399, 0.966475, 0.250775, 0.055127, -0.256336, 0.954741, 0.150868, -0.014799, -0.159941, 0.987016),

              ["LeftUpperLeg"] = CFrame.new(0.000000, -0.000000, -0.000100, 0.999257, -0.014502, 0.035702, 0.014488, 0.999895, 0.000635, -0.035707, -0.000110, 0.999362),

              ["LowerTorso"] = CFrame.new(-0.028486, 0.000607, 0.000000, 0.998379, 0.056915, -0.000000, -0.056915, 0.998379, 0.000000, 0.000000, -0.000000, 1.000000),

              ["RightFoot"] = CFrame.new(0.000000, 0.003837, -0.000103, 0.994972, 0.076611, 0.064509, -0.073101, 0.995799, -0.055131, -0.068458, 0.050141, 0.996393),

              ["RightHand"] = CFrame.new(-0.000543, -0.066149, -0.000000, 0.909793, 0.358678, -0.208871, -0.396897, 0.604548, -0.690651, -0.121448, 0.711246, 0.692368),

              ["RightLowerArm"] = CFrame.new(-0.000002, -0.066069, 0.000360, 1.000000, 0.000000, 0.000000, -0.000000, 1.000000, -0.000001, -0.000000, -0.000000, 1.000000),

              ["RightLowerLeg"] = CFrame.new(-0.000000, 0.015485, -0.000663, 1.000000, 0.000000, -0.000000, -0.000000, 0.993078, 0.117435, -0.000000, -0.117453, 0.993081),

              ["RightUpperArm"] = CFrame.new(0.547306, -0.154147, -0.182525, -0.770439, -0.440385, 0.460960, 0.522649, -0.850352, 0.061149, 0.365049, 0.288032, 0.885312),

              ["RightUpperLeg"] = CFrame.new(0.000000, -0.000000, -0.000000, 0.988999, -0.137124, -0.055482, 0.133116, 0.988594, -0.070425, 0.064507, 0.062275, 0.995973),

              ["UpperTorso"] = CFrame.new(0.000000, -0.000000, -0.000000, 0.997463, -0.071186, 0.000000, 0.071186, 0.997463, -0.000000, -0.000000, 0.000000, 1.000000)

          }},

          {Time = 0.025, Data = {

              ["Head"] = CFrame.new(0.000000, 0.000000, 0.000000, 0.997265, -0.073906, -0.000000, 0.073906, 0.997265, -0.000000, 0.000000, 0.000000, 1.000000),

              ["LeftFoot"] = CFrame.new(-0.000000, -0.015108, -0.000003, 0.998462, -0.042404, -0.035706, 0.042428, 0.999100, -0.000108, 0.035676, -0.001397, 0.999362),

              ["LeftHand"] = CFrame.new(0.000496, 0.006402, 0.000000, 0.998788, 0.047163, -0.014116, -0.044718, 0.989064, 0.140546, 0.020590, -0.139743, 0.989974),

              ["LeftLowerArm"] = CFrame.new(-0.000500, 0.037397, 0.005021, 1.000000, -0.000000, -0.000000, 0.000000, 0.948863, -0.315688, 0.000000, 0.315688, 0.948863),

              ["LeftLowerLeg"] = CFrame.new(-0.000000, -0.014655, -0.000093, 1.000000, -0.000000, 0.000000, -0.000000, 1.000000, -0.000008, 0.000000, -0.000011, 1.000000),

              ["LeftUpperArm"] = CFrame.new(-0.016778, -0.128210, -0.007650, 0.966444, 0.250594, 0.056465, -0.256420, 0.954226, 0.153951, -0.015301, -0.163264, 0.986464),

              ["LeftUpperLeg"] = CFrame.new(0.000000, -0.000000, -0.000100, 0.999271, -0.013538, 0.035700, 0.013525, 0.999908, 0.000599, -0.035704, -0.000108, 0.999362),

              ["LowerTorso"] = CFrame.new(-0.028486, 0.000580, 0.000000, 0.998434, 0.055950, -0.000000, -0.055950, 0.998434, 0.000000, 0.000000, -0.000000, 1.000000),

              ["RightFoot"] = CFrame.new(0.000000, 0.003788, -0.000103, 0.994977, 0.076576, 0.064479, -0.073122, 0.995842, -0.054329, -0.068368, 0.049345, 0.996439),

              ["RightHand"] = CFrame.new(-0.000527, -0.040969, -0.000000, 0.949243, 0.271878, -0.158182, -0.296244, 0.603711, -0.740119, -0.105725, 0.749410, 0.653607),

              ["RightLowerArm"] = CFrame.new(-0.000001, -0.040920, 0.000223, 1.000000, 0.000000, 0.000000, -0.000000, 1.000000, -0.000001, -0.000000, -0.000000, 1.000000),

              ["RightLowerLeg"] = CFrame.new(-0.000000, 0.015269, -0.000643, 1.000000, 0.000000, -0.000000, -0.000000, 0.993278, 0.115732, -0.000000, -0.115749, 0.993281),

              ["RightUpperArm"] = CFrame.new(0.567777, -0.135444, -0.162940, -0.811381, -0.403255, 0.423138, 0.485245, -0.868292, 0.102982, 0.325880, 0.288883, 0.900194),

              ["RightUpperLeg"] = CFrame.new(0.000000, 0.000000, -0.000000, 0.989134, -0.136080, -0.055647, 0.132125, 0.988795, -0.069464, 0.064477, 0.061367, 0.996031),

              ["UpperTorso"] = CFrame.new(-0.000000, 0.000000, 0.000000, 0.997463, -0.071186, 0.000000, 0.071186, 0.997463, -0.000000, -0.000000, 0.000000, 1.000000)

          }},

          {Time = 0.050, Data = {

              ["Head"] = CFrame.new(0.000000, 0.000000, 0.000000, 0.997265, -0.073906, -0.000000, 0.073906, 0.997265, -0.000000, 0.000000, 0.000000, 1.000000),

              ["LeftFoot"] = CFrame.new(0.000000, -0.014506, -0.000003, 0.998463, -0.042397, -0.035700, 0.042421, 0.999100, -0.000103, 0.035670, -0.001400, 0.999363),

              ["LeftHand"] = CFrame.new(0.000495, 0.006641, -0.000000, 0.998681, 0.049028, -0.015227, -0.046259, 0.988015, 0.147264, 0.022264, -0.146364, 0.988980),

              ["LeftLowerArm"] = CFrame.new(-0.000500, 0.039071, 0.005513, 1.000000, -0.000000, -0.000000, 0.000000, 0.943864, -0.330335, 0.000000, 0.330335, 0.943864),

              ["LeftLowerLeg"] = CFrame.new(-0.000000, -0.014055, -0.000085, 1.000000, -0.000000, 0.000000, -0.000000, 1.000000, -0.000008, 0.000000, -0.000011, 1.000000),

              ["LeftUpperArm"] = CFrame.new(-0.016814, -0.128309, -0.008249, 0.966372, 0.250142, 0.059619, -0.256618, 0.952979, 0.161174, -0.016499, -0.171053, 0.985124),

              ["LeftUpperLeg"] = CFrame.new(0.000000, -0.000000, -0.000100, 0.999300, -0.011239, 0.035695, 0.011228, 0.999937, 0.000512, -0.035698, -0.000103, 0.999363),

              ["LowerTorso"] = CFrame.new(-0.028488, 0.000514, 0.000000, 0.998560, 0.053647, -0.000000, -0.053647, 0.998560, 0.000000, 0.000000, -0.000000, 1.000000),

              ["RightFoot"] = CFrame.new(-0.000000, 0.003640, -0.000103, 0.994988, 0.076493, 0.064409, -0.073213, 0.995968, -0.051838, -0.068111, 0.046867, 0.996576),

              ["RightHand"] = CFrame.new(-0.000498, 0.003514, -0.000000, 0.999671, 0.022396, -0.012501, -0.023824, 0.630268, -0.776015, -0.009501, 0.776055, 0.630590),

              ["RightLowerArm"] = CFrame.new(-0.000000, 0.018621, 0.001131, 1.000000, 0.000000, 0.000000, -0.000000, 0.988348, -0.152214, -0.000000, 0.152214, 0.988348),

              ["RightLowerLeg"] = CFrame.new(-0.000000, 0.014597, -0.000584, 1.000000, 0.000000, 0.000000, -0.000000, 0.993881, 0.110439, -0.000000, -0.110456, 0.993883),

              ["RightUpperArm"] = CFrame.new(0.616749, -0.074923, -0.100600, -0.909326, -0.322526, 0.262875, 0.364204, -0.922476, 0.128039, 0.201200, 0.212169, 0.956296),

              ["RightUpperLeg"] = CFrame.new(-0.000000, -0.000000, -0.000000, 0.989451, -0.133553, -0.056122, 0.129761, 0.989311, -0.066526, 0.064407, 0.058551, 0.996205),

              ["UpperTorso"] = CFrame.new(-0.000000, -0.000000, -0.000000, 0.997463, -0.071186, 0.000000, 0.071186, 0.997463, -0.000000, -0.000000, 0.000000, 1.000000)

          }},

          {Time = 0.075, Data = {

              ["Head"] = CFrame.new(0.000000, -0.000000, 0.000000, 0.997265, -0.073906, -0.000000, 0.073906, 0.997265, -0.000000, 0.000000, 0.000000, 1.000000),

              ["LeftFoot"] = CFrame.new(0.000000, -0.013771, -0.000003, 0.998463, -0.042391, -0.035694, 0.042415, 0.999100, -0.000098, 0.035664, -0.001405, 0.999363),

              ["LeftHand"] = CFrame.new(0.000495, 0.006918, 0.000000, 0.998548, 0.051260, -0.016554, -0.048082, 0.986731, 0.155085, 0.024284, -0.154062, 0.987762),

              ["LeftLowerArm"] = CFrame.new(-0.000500, 0.041010, 0.006115, 1.000000, -0.000000, -0.000000, 0.000000, 0.937750, -0.347311, 0.000000, 0.347311, 0.937750),

              ["LeftLowerLeg"] = CFrame.new(-0.000000, -0.013322, -0.000076, 1.000000, 0.000000, 0.000000, -0.000000, 1.000000, -0.000008, 0.000000, -0.000011, 1.000000),

              ["LeftUpperArm"] = CFrame.new(-0.016857, -0.128424, -0.008965, 0.966286, 0.249564, 0.063323, -0.256847, 0.951459, 0.169574, -0.017930, -0.180121, 0.983481),

              ["LeftUpperLeg"] = CFrame.new(0.000000, -0.000000, -0.000100, 0.999327, -0.008493, 0.035691, 0.008484, 0.999964, 0.000409, -0.035693, -0.000098, 0.999363),

              ["LowerTorso"] = CFrame.new(-0.028489, 0.000436, 0.000000, 0.998704, 0.050898, -0.000000, -0.050898, 0.998704, 0.000000, 0.000000, -0.000000, 1.000000),

              ["RightFoot"] = CFrame.new(0.000000, 0.003459, -0.000103, 0.995001, 0.076395, 0.064327, -0.073324, 0.996111, -0.048841, -0.067804, 0.043885, 0.996733),

              ["RightHand"] = CFrame.new(-0.000493, 0.010055, 0.000000, 0.937066, -0.301264, 0.176485, 0.340741, 0.678796, -0.650489, 0.076171, 0.669684, 0.738727),

              ["RightLowerArm"] = CFrame.new(-0.000000, 0.062285, 0.015021, 1.000000, 0.000000, 0.000000, -0.000000, 0.847003, -0.531589, -0.000000, 0.531589, 0.847003),

              ["RightLowerLeg"] = CFrame.new(-0.000000, 0.013786, -0.000516, 1.000000, 0.000000, 0.000000, -0.000000, 0.994568, 0.104068, -0.000000, -0.104085, 0.994570),

              ["RightUpperArm"] = CFrame.new(0.655369, 0.025949, -0.008601, -0.986565, -0.162696, 0.014795, 0.162459, -0.986585, -0.016016, 0.017203, -0.013397, 0.999762),

              ["RightUpperLeg"] = CFrame.new(0.000000, 0.000000, -0.000000, 0.989823, -0.130536, -0.056674, 0.126940, 0.989908, -0.062989, 0.064325, 0.055164, 0.996404),

              ["UpperTorso"] = CFrame.new(0.000000, -0.000000, -0.000000, 0.997463, -0.071186, 0.000000, 0.071186, 0.997463, -0.000000, -0.000000, 0.000000, 1.000000)

          }},

          {Time = 0.100, Data = {

              ["Head"] = CFrame.new(0.000000, 0.000000, 0.000000, 0.997265, -0.073906, -0.000000, 0.073906, 0.997265, -0.000000, 0.000000, 0.000000, 1.000000),

              ["LeftFoot"] = CFrame.new(-0.000000, -0.013169, -0.000003, 0.998464, -0.042387, -0.035691, 0.042411, 0.999100, -0.000094, 0.035661, -0.001410, 0.999363),

              ["LeftHand"] = CFrame.new(0.000495, 0.007143, -0.000000, 0.998431, 0.053134, -0.017668, -0.049595, 0.985629, 0.161482, 0.025994, -0.160351, 0.986718),

              ["LeftLowerArm"] = CFrame.new(-0.000500, 0.042587, 0.006630, 1.000000, -0.000000, -0.000000, 0.000000, 0.932516, -0.361129, 0.000000, 0.361129, 0.932516),

              ["LeftLowerLeg"] = CFrame.new(0.000000, -0.012722, -0.000068, 1.000000, 0.000000, 0.000000, -0.000000, 1.000000, -0.000007, 0.000000, -0.000011, 1.000000),

              ["LeftUpperArm"] = CFrame.new(-0.016893, -0.128516, -0.009565, 0.966214, 0.249048, 0.066379, -0.257032, 0.950161, 0.176435, -0.019130, -0.187536, 0.982072),

              ["LeftUpperLeg"] = CFrame.new(-0.000000, -0.000000, -0.000100, 0.999344, -0.006190, 0.035689, 0.006183, 0.999981, 0.000322, -0.035690, -0.000094, 0.999363),

              ["LowerTorso"] = CFrame.new(-0.028490, 0.000370, 0.000000, 0.998819, 0.048594, -0.000000, -0.048594, 0.998819, 0.000000, 0.000000, -0.000000, 1.000000),

              ["RightFoot"] = CFrame.new(0.000000, 0.003303, -0.000103, 0.995011, 0.076315, 0.064260, -0.073418, 0.996225, -0.046311, -0.067548, 0.041367, 0.996858),

              ["RightHand"] = CFrame.new(-0.000490, 0.014667, 0.000000, 0.800066, -0.517798, 0.302955, 0.592696, 0.604159, -0.532641, 0.092767, 0.605704, 0.790261),

              ["RightLowerArm"] = CFrame.new(-0.000000, 0.079562, 0.024812, 1.000000, 0.000000, 0.000000, -0.000000, 0.746085, -0.665850, -0.000000, 0.665851, 0.746085),

              ["RightLowerLeg"] = CFrame.new(-0.000000, 0.013099, -0.000462, 1.000000, 0.000000, 0.000000, -0.000000, 0.995117, 0.098688, -0.000000, -0.098706, 0.995118),

              ["RightUpperArm"] = CFrame.new(0.658331, 0.119911, 0.059823, -0.992490, 0.041521, -0.115063, -0.025466, -0.990154, -0.137645, -0.119645, -0.133681, 0.983776),

              ["RightUpperLeg"] = CFrame.new(0.000000, 0.000000, -0.000000, 0.990127, -0.128005, -0.057125, 0.124577, 0.990393, -0.060004, 0.064258, 0.052305, 0.996562),

              ["UpperTorso"] = CFrame.new(-0.000000, 0.000000, 0.000000, 0.997463, -0.071186, 0.000000, 0.071186, 0.997463, -0.000000, -0.000000, 0.000000, 1.000000)

          }},

          {Time = 0.125, Data = {

              ["Head"] = CFrame.new(-0.000000, 0.000000, 0.000000, 0.997265, -0.073906, -0.000000, 0.073906, 0.997265, -0.000000, 0.000000, 0.000000, 1.000000),

              ["LeftFoot"] = CFrame.new(0.000000, -0.012901, -0.000003, 0.998464, -0.042386, -0.035690, 0.042410, 0.999100, -0.000092, 0.035660, -0.001411, 0.999363),

              ["LeftHand"] = CFrame.new(0.000495, 0.007235, 0.000000, 0.998381, 0.053922, -0.018136, -0.050226, 0.985161, 0.164124, 0.026716, -0.162946, 0.986273),

              ["LeftLowerArm"] = CFrame.new(-0.000500, 0.043235, 0.006849, 1.000000, -0.000000, -0.000000, 0.000000, 0.930292, -0.366820, 0.000000, 0.366820, 0.930292),

              ["LeftLowerLeg"] = CFrame.new(0.000000, -0.012455, -0.000064, 1.000000, 0.000000, -0.000000, 0.000000, 1.000000, -0.000008, 0.000000, -0.000011, 1.000000),

              ["LeftUpperArm"] = CFrame.new(-0.016908, -0.128554, -0.009817, 0.966183, 0.248824, 0.067649, -0.257107, 0.949610, 0.179267, -0.019634, -0.190598, 0.981472),

              ["LeftUpperLeg"] = CFrame.new(0.000000, -0.000000, -0.000100, 0.999349, -0.005224, 0.035688, 0.005217, 0.999986, 0.000286, -0.035689, -0.000092, 0.999363),

              ["LowerTorso"] = CFrame.new(-0.028490, 0.000343, 0.000000, 0.998865, 0.047628, -0.000000, -0.047628, 0.998865, 0.000000, 0.000000, -0.000000, 1.000000),

              ["RightFoot"] = CFrame.new(0.000000, 0.003237, -0.000103, 0.995016, 0.076282, 0.064232, -0.073459, 0.996271, -0.045244, -0.067440, 0.040305, 0.996909),

              ["RightHand"] = CFrame.new(-0.000489, 0.016257, -0.000001, 0.737658, -0.582798, 0.340894, 0.666450, 0.547600, -0.505946, 0.108190, 0.600401, 0.792344),

              ["RightLowerArm"] = CFrame.new(-0.000000, 0.085054, 0.028663, 1.000000, 0.000000, 0.000000, -0.000000, 0.706186, -0.708026, -0.000000, 0.708026, 0.706187),

              ["RightLowerLeg"] = CFrame.new(-0.000000, 0.012809, -0.000441, 1.000000, 0.000000, -0.000000, -0.000000, 0.995339, 0.096419, -0.000000, -0.096437, 0.995341),

              ["RightUpperArm"] = CFrame.new(0.652723, 0.158964, 0.081201, -0.981274, 0.137038, -0.135358, -0.103571, -0.967886, -0.229064, -0.162401, -0.210756, 0.963954),

              ["RightUpperLeg"] = CFrame.new(0.000000, -0.000000, -0.000000, 0.990253, -0.126944, -0.057311, 0.123587, 0.990593, -0.058744, 0.064230, 0.051099, 0.996627),

              ["UpperTorso"] = CFrame.new(-0.000000, 0.000000, 0.000000, 0.997463, -0.071186, 0.000000, 0.071186, 0.997463, -0.000000, -0.000000, 0.000000, 1.000000)

          }},

          {Time = 0.150, Data = {

              ["Head"] = CFrame.new(0.000000, 0.000000, 0.000000, 0.997265, -0.073906, -0.000000, 0.073906, 0.997265, -0.000000, 0.000000, 0.000000, 1.000000),

              ["LeftFoot"] = CFrame.new(-0.000000, -0.013169, -0.000003, 0.998464, -0.042387, -0.035691, 0.042411, 0.999100, -0.000094, 0.035661, -0.001410, 0.999363),

              ["LeftHand"] = CFrame.new(0.000495, 0.007143, -0.000000, 0.998431, 0.053134, -0.017668, -0.049595, 0.985629, 0.161482, 0.025994, -0.160351, 0.986718),

              ["LeftLowerArm"] = CFrame.new(-0.000500, 0.042587, 0.006630, 1.000000, -0.000000, -0.000000, 0.000000, 0.932516, -0.361129, 0.000000, 0.361129, 0.932516),

              ["LeftLowerLeg"] = CFrame.new(0.000000, -0.012722, -0.000068, 1.000000, 0.000000, 0.000000, -0.000000, 1.000000, -0.000007, 0.000000, -0.000011, 1.000000),

              ["LeftUpperArm"] = CFrame.new(-0.016893, -0.128516, -0.009565, 0.966214, 0.249048, 0.066379, -0.257032, 0.950161, 0.176435, -0.019130, -0.187536, 0.982072),

              ["LeftUpperLeg"] = CFrame.new(-0.000000, -0.000000, -0.000100, 0.999344, -0.006190, 0.035689, 0.006183, 0.999981, 0.000322, -0.035690, -0.000094, 0.999363),

              ["LowerTorso"] = CFrame.new(-0.028490, 0.000370, 0.000000, 0.998819, 0.048594, -0.000000, -0.048594, 0.998819, 0.000000, 0.000000, -0.000000, 1.000000),

              ["RightFoot"] = CFrame.new(0.000000, 0.003303, -0.000103, 0.995011, 0.076315, 0.064260, -0.073418, 0.996225, -0.046311, -0.067548, 0.041367, 0.996858),

              ["RightHand"] = CFrame.new(-0.000490, 0.016097, -0.000000, 0.813169, -0.502398, 0.293861, 0.565449, 0.562274, -0.603423, 0.137927, 0.656845, 0.741301),

              ["RightLowerArm"] = CFrame.new(-0.000000, 0.084519, 0.028272, 1.000000, 0.000000, 0.000000, -0.000000, 0.710244, -0.703955, -0.000000, 0.703955, 0.710245),

              ["RightLowerLeg"] = CFrame.new(-0.000000, 0.013099, -0.000462, 1.000000, 0.000000, 0.000000, -0.000000, 0.995117, 0.098688, -0.000000, -0.098706, 0.995118),

              ["RightUpperArm"] = CFrame.new(0.658900, 0.128072, 0.052342, -0.993627, 0.068344, -0.089634, -0.041788, -0.961899, -0.270193, -0.104684, -0.264725, 0.958625),

              ["RightUpperLeg"] = CFrame.new(0.000000, 0.000000, -0.000000, 0.990127, -0.128005, -0.057125, 0.124577, 0.990393, -0.060004, 0.064258, 0.052305, 0.996562),

              ["UpperTorso"] = CFrame.new(-0.000000, 0.000000, 0.000000, 0.997463, -0.071186, 0.000000, 0.071186, 0.997463, -0.000000, -0.000000, 0.000000, 1.000000)

          }},

          {Time = 0.175, Data = {

              ["Head"] = CFrame.new(0.000000, -0.000000, 0.000000, 0.997265, -0.073906, -0.000000, 0.073906, 0.997265, -0.000000, 0.000000, 0.000000, 1.000000),

              ["LeftFoot"] = CFrame.new(-0.000000, -0.013771, -0.000003, 0.998463, -0.042391, -0.035694, 0.042415, 0.999100, -0.000098, 0.035664, -0.001405, 0.999363),

              ["LeftHand"] = CFrame.new(0.000495, 0.006918, 0.000000, 0.998548, 0.051260, -0.016554, -0.048082, 0.986731, 0.155085, 0.024284, -0.154062, 0.987762),

              ["LeftLowerArm"] = CFrame.new(-0.000500, 0.041010, 0.006115, 1.000000, -0.000000, -0.000000, -0.000000, 0.937750, -0.347311, 0.000000, 0.347311, 0.937750),

              ["LeftLowerLeg"] = CFrame.new(-0.000000, -0.013322, -0.000076, 1.000000, -0.000000, 0.000000, -0.000000, 1.000000, -0.000008, 0.000000, -0.000011, 1.000000),

              ["LeftUpperArm"] = CFrame.new(-0.016857, -0.128424, -0.008965, 0.966286, 0.249564, 0.063323, -0.256847, 0.951459, 0.169574, -0.017930, -0.180121, 0.983481),

              ["LeftUpperLeg"] = CFrame.new(-0.000000, 0.000000, -0.000100, 0.999327, -0.008493, 0.035691, 0.008484, 0.999964, 0.000409, -0.035693, -0.000098, 0.999363),

              ["LowerTorso"] = CFrame.new(-0.028489, 0.000436, 0.000000, 0.998704, 0.050898, -0.000000, -0.050898, 0.998704, 0.000000, 0.000000, -0.000000, 1.000000),

              ["RightFoot"] = CFrame.new(0.000000, 0.003459, -0.000103, 0.995001, 0.076395, 0.064327, -0.073324, 0.996111, -0.048841, -0.067804, 0.043885, 0.996733),

              ["RightHand"] = CFrame.new(-0.000491, 0.013238, -0.000000, 0.962169, -0.235121, 0.137660, 0.255790, 0.605543, -0.753587, 0.093825, 0.760287, 0.642772),

              ["RightLowerArm"] = CFrame.new(0.000000, 0.075257, 0.022240, 1.000000, 0.000000, 0.000000, -0.000000, 0.772774, -0.634682, -0.000000, 0.634682, 0.772774),

              ["RightLowerLeg"] = CFrame.new(-0.000000, 0.013786, -0.000516, 1.000000, 0.000000, 0.000000, -0.000000, 0.994568, 0.104068, -0.000000, -0.104085, 0.994570),

              ["RightUpperArm"] = CFrame.new(0.658008, 0.054957, -0.036524, -0.991845, -0.120497, 0.041534, 0.104443, -0.955179, -0.276992, 0.073049, -0.270395, 0.959974),

              ["RightUpperLeg"] = CFrame.new(0.000000, 0.000000, -0.000000, 0.989823, -0.130536, -0.056674, 0.126940, 0.989908, -0.062989, 0.064325, 0.055164, 0.996404),

              ["UpperTorso"] = CFrame.new(0.000000, -0.000000, -0.000000, 0.997463, -0.071186, 0.000000, 0.071186, 0.997463, -0.000000, -0.000000, 0.000000, 1.000000)

          }},

          {Time = 0.200, Data = {

              ["Head"] = CFrame.new(0.000000, 0.000000, 0.000000, 0.997265, -0.073906, -0.000000, 0.073906, 0.997265, -0.000000, 0.000000, 0.000000, 1.000000),

              ["LeftFoot"] = CFrame.new(0.000000, -0.014506, -0.000003, 0.998463, -0.042397, -0.035700, 0.042421, 0.999100, -0.000103, 0.035670, -0.001400, 0.999363),

              ["LeftHand"] = CFrame.new(0.000495, 0.006641, -0.000000, 0.998681, 0.049028, -0.015227, -0.046259, 0.988015, 0.147264, 0.022264, -0.146364, 0.988980),

              ["LeftLowerArm"] = CFrame.new(-0.000500, 0.039071, 0.005513, 1.000000, -0.000000, -0.000000, 0.000000, 0.943864, -0.330335, 0.000000, 0.330335, 0.943864),

              ["LeftLowerLeg"] = CFrame.new(-0.000000, -0.014055, -0.000085, 1.000000, -0.000000, 0.000000, -0.000000, 1.000000, -0.000008, 0.000000, -0.000011, 1.000000),

              ["LeftUpperArm"] = CFrame.new(-0.016814, -0.128309, -0.008249, 0.966372, 0.250142, 0.059619, -0.256618, 0.952979, 0.161174, -0.016499, -0.171053, 0.985124),

              ["LeftUpperLeg"] = CFrame.new(0.000000, -0.000000, -0.000100, 0.999300, -0.011239, 0.035695, 0.011228, 0.999937, 0.000512, -0.035698, -0.000103, 0.999363),

              ["LowerTorso"] = CFrame.new(-0.028488, 0.000514, 0.000000, 0.998560, 0.053647, -0.000000, -0.053647, 0.998560, 0.000000, 0.000000, -0.000000, 1.000000),

              ["RightFoot"] = CFrame.new(-0.000000, 0.003640, -0.000103, 0.994988, 0.076493, 0.064409, -0.073213, 0.995968, -0.051838, -0.068111, 0.046867, 0.996576),

              ["RightHand"] = CFrame.new(-0.000495, 0.008509, -0.000000, 0.982266, 0.162038, -0.094330, -0.169568, 0.553060, -0.815706, -0.080005, 0.817233, 0.570724),

              ["RightLowerArm"] = CFrame.new(0.000000, 0.051855, 0.010024, 1.000000, 0.000000, 0.000000, -0.000000, 0.897952, -0.440093, -0.000000, 0.440093, 0.897952),

              ["RightLowerLeg"] = CFrame.new(-0.000000, 0.014597, -0.000584, 1.000000, 0.000000, 0.000000, -0.000000, 0.993881, 0.110439, -0.000000, -0.110456, 0.993883),

              ["RightUpperArm"] = CFrame.new(0.623107, -0.012334, -0.152240, -0.922041, -0.303611, 0.240127, 0.239024, -0.934504, -0.263759, 0.304480, -0.185801, 0.934222),

              ["RightUpperLeg"] = CFrame.new(-0.000000, -0.000000, -0.000000, 0.989451, -0.133553, -0.056122, 0.129761, 0.989311, -0.066526, 0.064407, 0.058551, 0.996205),

              ["UpperTorso"] = CFrame.new(-0.000000, -0.000000, -0.000000, 0.997463, -0.071186, 0.000000, 0.071186, 0.997463, -0.000000, -0.000000, 0.000000, 1.000000)

          }},

          {Time = 0.225, Data = {

              ["Head"] = CFrame.new(0.000000, 0.000000, 0.000000, 0.997265, -0.073906, -0.000000, 0.073906, 0.997265, -0.000000, 0.000000, 0.000000, 1.000000),

              ["LeftFoot"] = CFrame.new(-0.000000, -0.015108, -0.000003, 0.998462, -0.042404, -0.035706, 0.042428, 0.999100, -0.000108, 0.035676, -0.001397, 0.999362),

              ["LeftHand"] = CFrame.new(0.000496, 0.006402, 0.000000, 0.998788, 0.047163, -0.014116, -0.044718, 0.989064, 0.140546, 0.020590, -0.139743, 0.989974),

              ["LeftLowerArm"] = CFrame.new(-0.000500, 0.037397, 0.005021, 1.000000, -0.000000, -0.000000, 0.000000, 0.948863, -0.315688, 0.000000, 0.315688, 0.948863),

              ["LeftLowerLeg"] = CFrame.new(-0.000000, -0.014655, -0.000093, 1.000000, -0.000000, 0.000000, -0.000000, 1.000000, -0.000008, 0.000000, -0.000011, 1.000000),

              ["LeftUpperArm"] = CFrame.new(-0.016778, -0.128210, -0.007650, 0.966444, 0.250594, 0.056464, -0.256420, 0.954226, 0.153951, -0.015301, -0.163264, 0.986464),

              ["LeftUpperLeg"] = CFrame.new(0.000000, -0.000000, -0.000100, 0.999271, -0.013538, 0.035700, 0.013525, 0.999908, 0.000599, -0.035704, -0.000108, 0.999362),

              ["LowerTorso"] = CFrame.new(-0.028486, 0.000580, 0.000000, 0.998434, 0.055950, -0.000000, -0.055950, 0.998434, 0.000000, 0.000000, -0.000000, 1.000000),

              ["RightFoot"] = CFrame.new(0.000000, 0.003788, -0.000103, 0.994977, 0.076576, 0.064479, -0.073122, 0.995842, -0.054329, -0.068368, 0.049345, 0.996439),

              ["RightHand"] = CFrame.new(-0.000499, 0.001700, 0.000000, 0.863166, 0.436173, -0.254360, -0.433352, 0.381414, -0.816536, -0.259133, 0.815031, 0.518237),

              ["RightLowerArm"] = CFrame.new(0.000000, 0.008357, 0.000210, 1.000000, 0.000000, 0.000000, 0.000000, 0.997761, -0.066888, -0.000000, 0.066887, 0.997761),

              ["RightLowerLeg"] = CFrame.new(-0.000000, 0.015269, -0.000643, 1.000000, 0.000000, -0.000000, -0.000000, 0.993278, 0.115732, -0.000000, -0.115749, 0.993281),

              ["RightUpperArm"] = CFrame.new(0.583740, -0.048684, -0.218895, -0.843307, -0.356675, 0.402015, 0.311726, -0.933969, -0.174726, 0.437790, -0.022029, 0.898807),

              ["RightUpperLeg"] = CFrame.new(0.000000, 0.000000, -0.000000, 0.989134, -0.136080, -0.055647, 0.132125, 0.988795, -0.069464, 0.064477, 0.061367, 0.996031),

              ["UpperTorso"] = CFrame.new(-0.000000, 0.000000, 0.000000, 0.997463, -0.071186, 0.000000, 0.071186, 0.997463, -0.000000, -0.000000, 0.000000, 1.000000)

          }},

          {Time = 0.250, Data = {

              ["Head"] = CFrame.new(-0.000000, 0.000000, 0.000000, 0.997265, -0.073906, -0.000000, 0.073906, 0.997265, -0.000000, 0.000000, 0.000000, 1.000000),

              ["LeftFoot"] = CFrame.new(0.000000, -0.015360, -0.000003, 0.998462, -0.042408, -0.035709, 0.042431, 0.999099, -0.000110, 0.035679, -0.001395, 0.999362),

              ["LeftHand"] = CFrame.new(0.000496, 0.006299, -0.000000, 0.998830, 0.046382, -0.013651, -0.044067, 0.989496, 0.137681, 0.019894, -0.136917, 0.990383),

              ["LeftLowerArm"] = CFrame.new(-0.000500, 0.036680, 0.004818, 1.000000, -0.000000, -0.000000, 0.000000, 0.950924, -0.309424, 0.000000, 0.309424, 0.950924),

              ["LeftLowerLeg"] = CFrame.new(-0.000000, -0.014906, -0.000097, 1.000000, -0.000000, -0.000000, 0.000000, 1.000000, -0.000008, 0.000000, -0.000011, 1.000000),

              ["LeftUpperArm"] = CFrame.new(-0.016763, -0.128168, -0.007399, 0.966475, 0.250775, 0.055127, -0.256336, 0.954741, 0.150868, -0.014799, -0.159941, 0.987016),

              ["LeftUpperLeg"] = CFrame.new(0.000000, -0.000000, -0.000100, 0.999257, -0.014502, 0.035702, 0.014488, 0.999895, 0.000635, -0.035707, -0.000110, 0.999362),

              ["LowerTorso"] = CFrame.new(-0.028486, 0.000607, 0.000000, 0.998379, 0.056915, -0.000000, -0.056915, 0.998379, 0.000000, 0.000000, -0.000000, 1.000000),

              ["RightFoot"] = CFrame.new(0.000000, 0.003837, -0.000103, 0.994972, 0.076611, 0.064509, -0.073101, 0.995799, -0.055131, -0.068458, 0.050141, 0.996393),

              ["RightHand"] = CFrame.new(-0.000510, -0.015423, -0.000000, 0.796917, 0.521818, -0.304354, -0.522864, 0.343492, -0.780147, -0.302550, 0.780845, 0.546571),

              ["RightLowerArm"] = CFrame.new(-0.000000, -0.015405, 0.000084, 1.000000, -0.000000, 0.000000, -0.000000, 1.000000, -0.000001, -0.000000, -0.000000, 1.000000),

              ["RightLowerLeg"] = CFrame.new(-0.000000, 0.015485, -0.000663, 1.000000, 0.000000, -0.000000, -0.000000, 0.993078, 0.117435, -0.000000, -0.117453, 0.993081),

              ["RightUpperArm"] = CFrame.new(0.569406, -0.060739, -0.236421, -0.814639, -0.381188, 0.437104, 0.335835, -0.924498, -0.180331, 0.472841, -0.000110, 0.881148),

              ["RightUpperLeg"] = CFrame.new(0.000000, -0.000000, -0.000000, 0.988999, -0.137124, -0.055482, 0.133116, 0.988594, -0.070425, 0.064507, 0.062275, 0.995973),

              ["UpperTorso"] = CFrame.new(0.000000, -0.000000, -0.000000, 0.997463, -0.071186, 0.000000, 0.071186, 0.997463, -0.000000, -0.000000, 0.000000, 1.000000)

          }},

      }
}
