return {
["sassy thrust"] = {
        {Time = 0.000, Data = {
            ["Head"] = CFrame.new(7.5633943552588789e-16, 0, 0, 0.66785073280334473, -0.15788388252258301, 0.72735691070556641, 0.35365527868270874, 0.92719215154647827, -0.1234610378742218, -0.65490710735321045, 0.33968713879585266, 0.67506247758865356),
            ["LeftFoot"] = CFrame.new(7.2068360168486834e-09, 0.0099544525146484375, -2.5131867005256936e-06, 0.86169141530990601, -0.38817030191421509, -0.32682064175605774, 0.31190317869186401, 0.91320019960403442, -0.26226279139518738, 0.40025529265403748, 0.12405320256948471, 0.90796834230422974),
            ["LeftHand"] = CFrame.new(0.00049410015344619751, 0.0093221664428710938, 1.7136335372924805e-07, 0.96709311008453369, -0.21998581290245056, 0.12781690061092377, 0.25252360105514526, 0.89122015237808228, -0.37677380442619324, -0.03102811798453331, 0.39665213227272034, 0.91744446754455566),
            ["LeftLowerArm"] = CFrame.new(-0.00050032138824462891, 0.056614220142364502, 0.012201011180877686, 1, 0, 0, 0, 0.87578707933425903, -0.48269757628440857, 0, 0.48269757628440857, 0.87578707933425903),
            ["LeftLowerLeg"] = CFrame.new(-2.2351741790771484e-08, 0.048595309257507324, -0.0076488479971885681, 1, -0, 0, 0, 0.92126601934432983, 0.38893312215805054, -0, -0.38893312215805054, 0.92126601934432983),
            ["LeftUpperArm"] = CFrame.new(-0.11798632144927979, 0.015201926231384277, -0.091006100177764893, 0.30007195472717285, -0.51836138963699341, -0.80078607797622681, -0.9236646294593811, -0.36762440204620361, -0.10814827680587769, -0.23832851648330688, 0.77211004495620728, -0.58910596370697021),
            ["LeftUpperLeg"] = CFrame.new(-5.9604644775390625e-08, 1.1175870895385742e-08, -9.9841643532272428e-05, 0.78043782711029053, 0.41078054904937744, 0.4713556170463562, -0.4350091814994812, -0.1847531795501709, 0.88126802444458008, 0.44909220933914185, -0.89281892776489258, 0.034504890441894531),
            ["LowerTorso"] = CFrame.new(0.37005642056465149, -0.2512357234954834, -0.030363202095031738, 0.97109782695770264, -0.23868173360824585, -1.4163553714752197e-05, -0.051073215901851654, -0.20773804187774658, -0.97685033082962036, 0.23315337300300598, 0.94861799478530884, -0.21392416954040527),
            ["RightFoot"] = CFrame.new(5.7741999626159668e-08, 0.012464940547943115, -0.00010268779442412779, 0.99885767698287964, 0.036580100655555725, 0.030745008960366249, -0.041464969515800476, 0.98329848051071167, 0.17721402645111084, -0.023749014362692833, -0.17828643321990967, 0.9836919903755188),
            ["RightHand"] = CFrame.new(-0.00048846006393432617, 0.017326414585113525, -1.2293457984924316e-07, 0.99214661121368408, -0.1077626571059227, 0.063500158488750458, 0.12451741844415665, 0.89904153347015381, -0.41978529095649719, -0.011852100491523743, 0.42439541220664978, 0.9053993821144104),
            ["RightLowerArm"] = CFrame.new(-2.9802322387695312e-08, 0.088940978050231934, 0.031755179166793823, 1, 0, 0, 0, 0.67414665222167969, -0.73859751224517822, 0, 0.73859751224517822, 0.67414665222167969),
            ["RightLowerLeg"] = CFrame.new(9.6857547760009766e-08, 0.061215877532958984, -0.013039552606642246, 1, -0, 0, 0, 0.86743342876434326, 0.4975532591342926, -0, -0.4975532591342926, 0.86743342876434326),
            ["RightUpperArm"] = CFrame.new(0.056216239929199219, -0.15565884113311768, -0.16978299617767334, 0.88754844665527344, 0.34632518887519836, 0.30383643507957458, 0.31134101748466492, -0.9369804859161377, 0.15853826701641083, 0.33959457278251648, -0.046113654971122742, -0.93944084644317627),
            ["RightUpperLeg"] = CFrame.new(0, -7.4505805969238281e-09, 2.6077032089233398e-07, 0.97530603408813477, 0.064467869699001312, 0.21123915910720825, -0.21676155924797058, 0.46275955438613892, 0.85957425832748413, -0.042338013648986816, -0.88413649797439575, 0.46530634164810181),
            ["UpperTorso"] = CFrame.new(-0.19686292111873627, 0.09228593111038208, 1.4512308155190112e-07, 0.97110861539840698, 0.23634131252765656, -0.033028602600097656, -0.23863802850246429, 0.96174520254135132, -0.13452906906604767, -2.9679387807846069e-05, 0.13852421939373016, 0.99035906791687012)
        }},
        {Time = 0.017, Data = {
            ["Head"] = CFrame.new(7.5633943552588789e-16, 0, 0, 0.66785073280334473, -0.15788388252258301, 0.72735691070556641, 0.35365527868270874, 0.92719215154647827, -0.1234610378742218, -0.65490710735321045, 0.33968713879585266, 0.67506247758865356),
            ["LeftFoot"] = CFrame.new(4.6078639570623636e-08, 0.010842680931091309, -2.5288691176683642e-06, 0.86093223094940186, -0.38914892077445984, -0.32765650749206543, 0.3028964102268219, 0.90959161520004272, -0.28442373871803284, 0.40871679782867432, 0.14562356472015381, 0.90096855163574219),
            ["LeftHand"] = CFrame.new(0.00049377232789993286, 0.0093261599540710449, -1.4901161193847656e-07, 0.9670860767364502, -0.21998521685600281, 0.1278713047504425, 0.25253617763519287, 0.89132320880889893, -0.37652155756950378, -0.031145483255386353, 0.39642086625099182, 0.91754043102264404),
            ["LeftLowerArm"] = CFrame.new(-0.00050044059753417969, 0.056639969348907471, 0.012213438749313354, 1, 0, 0, 0, 0.87565797567367554, -0.48293176293373108, 0, 0.48293176293373108, 0.87565797567367554),
            ["LeftLowerLeg"] = CFrame.new(7.4505805969238281e-08, 0.05355912446975708, -0.009507790207862854, 1, -0, 0, 0, 0.90236997604370117, 0.43096223473548889, -0, -0.43096223473548889, 0.90236997604370117),
            ["LeftUpperArm"] = CFrame.new(-0.11795735359191895, 0.01521599292755127, -0.091024577617645264, 0.30007195472717285, -0.51836138963699341, -0.80078607797622681, -0.9236646294593811, -0.36762440204620361, -0.10814827680587769, -0.23832851648330688, 0.77211004495620728, -0.58910596370697021),
            ["LeftUpperLeg"] = CFrame.new(-1.1920928955078125e-07, -6.1467289924621582e-08, -9.9949917057529092e-05, 0.78074550628662109, 0.42299652099609375, 0.45990261435508728, -0.43949830532073975, -0.15143227577209473, 0.88538664579391479, 0.44415953755378723, -0.89338809251785278, 0.067676186561584473),
            ["LowerTorso"] = CFrame.new(0.36510509252548218, -0.26435971260070801, -0.035154730081558228, 0.9718705415725708, -0.23549634218215942, -0.0030185803771018982, -0.049927376210689545, -0.19348597526550293, -0.97983181476593018, 0.23016276955604553, 0.95242035388946533, -0.19980108737945557),
            ["RightFoot"] = CFrame.new(-3.166496753692627e-08, 0.013186454772949219, -0.00010266916797263548, 0.99868994951248169, 0.039165657013654709, 0.032931216061115265, -0.043925728648900986, 0.98628276586532593, 0.15911255776882172, -0.026247745379805565, -0.16035063564777374, 0.98671108484268188),
            ["RightHand"] = CFrame.new(-0.00048850476741790771, 0.017319560050964355, -1.4156103134155273e-07, 0.99216026067733765, -0.10769485682249069, 0.063402265310287476, 0.1244155541062355, 0.89901441335678101, -0.41987359523773193, -0.011781325563788414, 0.42447012662887573, 0.90536528825759888),
            ["RightLowerArm"] = CFrame.new(-2.9802322387695312e-08, 0.088915228843688965, 0.031734168529510498, 1, 0, 0, 0, 0.67435574531555176, -0.73840665817260742, 0, 0.73840665817260742, 0.67435574531555176),
            ["RightLowerLeg"] = CFrame.new(2.8870999813079834e-08, 0.065127074718475342, -0.014987570233643055, 1, -0, 0, 0, 0.84758418798446655, 0.53066098690032959, -0, -0.53066098690032959, 0.84758418798446655),
            ["RightUpperArm"] = CFrame.new(0.056200861930847168, -0.1556394100189209, -0.16976076364517212, 0.88757705688476562, 0.34636375308036804, 0.30370897054672241, 0.31130281090736389, -0.93695342540740967, 0.15877491235733032, 0.33955490589141846, -0.046379558742046356, -0.93944239616394043),
            ["RightUpperLeg"] = CFrame.new(-5.9604644775390625e-08, -1.1920928955078125e-07, -9.7388692665845156e-08, 0.97622138261795044, 0.064355514943599701, 0.20700295269489288, -0.21140697598457336, 0.49384981393814087, 0.84345686435699463, -0.047947272658348083, -0.86716246604919434, 0.49571192264556885),
            ["UpperTorso"] = CFrame.new(-0.19317491352558136, 0.092428147792816162, -0.0068783382885158062, 0.9718518853187561, 0.23325739800930023, -0.033088896423578262, -0.2355734258890152, 0.96034765243530273, -0.14912280440330505, -0.0030071521177887917, 0.15272015333175659, 0.98826491832733154)
        }},
        {Time = 0.033, Data = {
            ["Head"] = CFrame.new(7.5633943552588789e-16, 0, 0, 0.66785073280334473, -0.15788388252258301, 0.72735691070556641, 0.35365527868270874, 0.92719215154647827, -0.1234610378742218, -0.65490710735321045, 0.33968713879585266, 0.67506247758865356),
            ["LeftFoot"] = CFrame.new(-3.378676183274365e-08, 0.013023555278778076, -2.5494177862128709e-06, 0.85908114910125732, -0.3915250301361084, -0.32967814803123474, 0.27910745143890381, 0.89825582504272461, -0.3394635021686554, 0.42904379963874817, 0.19961109757423401, 0.88095223903656006),
            ["LeftHand"] = CFrame.new(0.00049391388893127441, 0.0093369483947753906, -5.9604644775390625e-08, 0.96702992916107178, -0.22015498578548431, 0.12800377607345581, 0.25272506475448608, 0.89152133464813232, -0.37592527270317078, -0.031356293708086014, 0.39588072896003723, 0.91776645183563232),
            ["LeftLowerArm"] = CFrame.new(-0.00050014257431030273, 0.056714296340942383, 0.012248694896697998, 1, 0, 0, 0, 0.87527024745941162, -0.48363408446311951, 0, 0.48363408446311951, 0.87527024745941162),
            ["LeftLowerLeg"] = CFrame.new(-5.9604644775390625e-08, 0.065530657768249512, -0.014994069933891296, 1, -0, 0, 0, 0.84653389453887939, 0.53233486413955688, -0, -0.53233486413955688, 0.84653389453887939),
            ["LeftUpperArm"] = CFrame.new(-0.11787497997283936, 0.015256524085998535, -0.091077566146850586, 0.30026066303253174, -0.51820200681686401, -0.80081868171691895, -0.92355591058731079, -0.36787319183349609, -0.10823330283164978, -0.23851275444030762, 0.77209889888763428, -0.58904647827148438),
            ["LeftUpperLeg"] = CFrame.new(-1.1920928955078125e-07, 1.1175870895385742e-08, -9.9813565611839294e-05, 0.7819027304649353, 0.4522954523563385, 0.42901861667633057, -0.45117244124412537, -0.064344167709350586, 0.8901141881942749, 0.43019944429397583, -0.88954412937164307, 0.15375232696533203),
            ["LowerTorso"] = CFrame.new(0.35086798667907715, -0.3005225658416748, -0.04784315824508667, 0.97396481037139893, -0.22644378244876862, -0.010761082172393799, -0.046782985329627991, -0.15431976318359375, -0.98691284656524658, 0.22181960940361023, 0.96172177791595459, -0.1608957052230835),
            ["RightFoot"] = CFrame.new(-4.4703483581542969e-08, 0.015437602996826172, -0.0001027790640364401, 0.99812501668930054, 0.046814229339361191, 0.03943181037902832, -0.051038850098848343, 0.99216783046722412, 0.1140090599656105, -0.033785723149776459, -0.11580785363912582, 0.99269688129425049),
            ["RightHand"] = CFrame.new(-0.00048865377902984619, 0.017300009727478027, 2.2351741790771484e-07, 0.99218082427978516, -0.1075216680765152, 0.0633745938539505, 0.12424902617931366, 0.89896011352539062, -0.42003908753395081, -0.011807922273874283, 0.42462894320487976, 0.90529048442840576),
            ["RightLowerArm"] = CFrame.new(-2.6822090148925781e-07, 0.088843226432800293, 0.03167298436164856, 1, 0, 0, 0, 0.67498242855072021, -0.73783379793167114, 0, 0.73783379793167114, 0.67498242855072021),
            ["RightLowerLeg"] = CFrame.new(5.5879354476928711e-09, 0.074904918670654297, -0.02034994401037693, 1, -0, 0, 0, 0.7926563024520874, 0.6096687912940979, -0, -0.6096687912940979, 0.7926563024520874),
            ["RightUpperArm"] = CFrame.new(0.056157112121582031, -0.15558385848999023, -0.16969716548919678, 0.8876921534538269, 0.34638437628746033, 0.30334886908531189, 0.31112203001976013, -0.93690943717956543, 0.15938776731491089, 0.33941975235939026, -0.047108780592679977, -0.93945503234863281),
            ["RightUpperLeg"] = CFrame.new(0, -1.0803341865539551e-07, 4.6733475755900145e-08, 0.97869211435317993, 0.061394050717353821, 0.19594001770019531, -0.19535036385059357, 0.57232159376144409, 0.7964208722114563, -0.063245207071304321, -0.81772774457931519, 0.57211995124816895),
            ["UpperTorso"] = CFrame.new(-0.18264633417129517, 0.093867003917694092, -0.025782819837331772, 0.97394943237304688, 0.2243315577507019, -0.033133752644062042, -0.22650933265686035, 0.95546901226043701, -0.18913623690605164, -0.010770952329039574, 0.19171422719955444, 0.98139166831970215)
        }},
        {Time = 0.050, Data = {
            ["Head"] = CFrame.new(7.5633943552588789e-16, 0, 0, 0.66785073280334473, -0.15788388252258301, 0.72735691070556641, 0.35365527868270874, 0.92719215154647827, -0.1234610378742218, -0.65490710735321045, 0.33968713879585266, 0.67506247758865356),
            ["LeftFoot"] = CFrame.new(-7.8485300036845729e-08, 0.017036080360412598, -2.4633861812617397e-06, 0.85676443576812744, -0.39451447129249573, -0.33213412761688232, 0.24624344706535339, 0.8788292407989502, -0.40868490934371948, 0.45312130451202393, 0.26836085319519043, 0.85009622573852539),
            ["LeftHand"] = CFrame.new(0.00049427896738052368, 0.0093542337417602539, -3.7252902984619141e-08, 0.96693164110183716, -0.2205183207988739, 0.12812046706676483, 0.25307184457778931, 0.89184814691543579, -0.37491539120674133, -0.031588289886713028, 0.39494124054908752, 0.91816318035125732),
            ["LeftLowerArm"] = CFrame.new(-0.00050050020217895508, 0.056830167770385742, 0.012304097414016724, 1, 0, 0, 0, 0.87470912933349609, -0.48464834690093994, 0, 0.48464834690093994, 0.87470912933349609),
            ["LeftLowerLeg"] = CFrame.new(1.4901161193847656e-08, 0.080743908882141113, -0.023499704897403717, 1, -0, 0, 0, 0.7591019868850708, 0.65097171068191528, -0, -0.65097171068191528, 0.7591019868850708),
            ["LeftUpperArm"] = CFrame.new(-0.11774492263793945, 0.015320420265197754, -0.091160953044891357, 0.30050927400588989, -0.51804065704345703, -0.80082964897155762, -0.92345428466796875, -0.36807072162628174, -0.10842624306678772, -0.23859274387359619, 0.77211260795593262, -0.58899545669555664),
            ["LeftUpperLeg"] = CFrame.new(-5.9604644775390625e-08, 2.6077032089233398e-08, -9.9942553788423538e-05, 0.78433352708816528, 0.48632436990737915, 0.38510978221893311, -0.46702641248703003, 0.054319381713867188, 0.88257336616516113, 0.40829801559448242, -0.87208831310272217, 0.26973086595535278),
            ["LowerTorso"] = CFrame.new(0.32824644446372986, -0.35493314266204834, -0.065550327301025391, 0.97708046436309814, -0.21183747053146362, -0.020943291485309601, -0.041972391307353973, -0.095265984535217285, -0.99456655979156494, 0.2086912989616394, 0.97265064716339111, -0.1019737720489502),
            ["RightFoot"] = CFrame.new(-3.4458935260772705e-08, 0.019655406475067139, -0.00010283121810061857, 0.99695569276809692, 0.059645332396030426, 0.05021793395280838, -0.06244274228811264, 0.99646991491317749, 0.056112766265869141, -0.046693794429302216, -0.059077687561511993, 0.99716073274612427),
            ["RightHand"] = CFrame.new(-0.00048851966857910156, 0.017269253730773926, -4.7311186790466309e-07, 0.99221819639205933, -0.1072995588183403, 0.063164897263050079, 0.12396202236413956, 0.89887863397598267, -0.4202982485294342, -0.011679761111736298, 0.42485764622688293, 0.90518480539321899),
            ["RightLowerArm"] = CFrame.new(-2.9802322387695312e-08, 0.088728845119476318, 0.031577199697494507, 1, 0, 0, 0, 0.67595601081848145, -0.73694199323654175, 0, 0.73694199323654175, 0.67595601081848145),
            ["RightLowerLeg"] = CFrame.new(1.7881393432617188e-07, 0.087729811668395996, -0.028219625353813171, 1, -0, 0, 0, 0.71121597290039062, 0.70297354459762573, -0, -0.70297354459762573, 0.71121597290039062),
            ["RightUpperArm"] = CFrame.new(0.056087970733642578, -0.15549612045288086, -0.16959691047668457, 0.88783508539199829, 0.34653550386428833, 0.30275732278823853, 0.31097638607025146, -0.9367983341217041, 0.16032032668590546, 0.33917921781539917, -0.048187639564275742, -0.93948674201965332),
            ["RightUpperLeg"] = CFrame.new(-2.9802322387695312e-08, -6.3329935073852539e-08, 1.375374267809093e-07, 0.98208922147750854, 0.051139477640390396, 0.18134361505508423, -0.16798897087574005, 0.67351400852203369, 0.71983236074447632, -0.085325621068477631, -0.73740333318710327, 0.67004168033599854),
            ["UpperTorso"] = CFrame.new(-0.16605478525161743, 0.099099069833755493, -0.053891465067863464, 0.97708433866500854, 0.21025602519512177, -0.033145114779472351, -0.21182529628276825, 0.94522756338119507, -0.24834425747394562, -0.020886197686195374, 0.2496742457151413, 0.96810460090637207)
        }},
        {Time = 0.067, Data = {
            ["Head"] = CFrame.new(7.5633943552588789e-16, 0, -1.1920928955078125e-07, 0.66785073280334473, -0.15788388252258301, 0.72735691070556641, 0.35365527868270874, 0.92719215154647827, -0.1234610378742218, -0.65490710735321045, 0.33968713879585266, 0.67506247758865356),
            ["LeftFoot"] = CFrame.new(7.6505557444761507e-09, 0.02242201566696167, -2.5106719476752914e-06, 0.85468554496765137, -0.39709857106208801, -0.33440300822257996, 0.2073424756526947, 0.85163962841033936, -0.48137205839157104, 0.47594299912452698, 0.34208577871322632, 0.81021946668624878),
            ["LeftHand"] = CFrame.new(0.00049366801977157593, 0.0093767642974853516, -5.2154064178466797e-08, 0.96681898832321167, -0.220863938331604, 0.12837487459182739, 0.25344741344451904, 0.89227604866027832, -0.37364143133163452, -0.032021898776292801, 0.3937799334526062, 0.91864681243896484),
            ["LeftLowerArm"] = CFrame.new(-0.00049996376037597656, 0.056983590126037598, 0.012377232313156128, 1, 0, 0, 0, 0.87397348880767822, -0.48597362637519836, 0, 0.48597362637519836, 0.87397348880767822),
            ["LeftLowerLeg"] = CFrame.new(8.9406967163085938e-08, 0.096345663070678711, -0.034423075616359711, 1, -0, 0, 0, 0.64560335874557495, 0.76367288827896118, -0, -0.76367288827896118, 0.64560335874557495),
            ["LeftUpperArm"] = CFrame.new(-0.11757326126098633, 0.015404820442199707, -0.09127122163772583, 0.30080384016036987, -0.51771378517150879, -0.80093038082122803, -0.92328822612762451, -0.36843419075012207, -0.10860520601272583, -0.23886370658874512, 0.77215844392776489, -0.58882546424865723),
            ["LeftUpperLeg"] = CFrame.new(5.9604644775390625e-08, -7.4505805969238281e-09, -9.9885277450084686e-05, 0.78859788179397583, 0.51776683330535889, 0.33170905709266663, -0.48363089561462402, 0.18910402059555054, 0.85459983348846436, 0.37975594401359558, -0.83436036109924316, 0.39953505992889404),
            ["LowerTorso"] = CFrame.new(0.29822129011154175, -0.42270016670227051, -0.085320860147476196, 0.98088574409484863, -0.19211980700492859, -0.030873209238052368, -0.035699687898159027, -0.021710753440856934, -0.99912673234939575, 0.1912817507982254, 0.98113137483596802, -0.028154492378234863),
            ["RightFoot"] = CFrame.new(-5.5879354476928711e-09, 0.024056732654571533, -0.00010270496568409726, 0.99478727579116821, 0.078011982142925262, 0.065668679773807526, -0.077681787312030792, 0.99694943428039551, -0.0075704935006797314, -0.066058941185474396, 0.0024297698400914669, 0.99781274795532227),
            ["RightHand"] = CFrame.new(-0.00048863887786865234, 0.017228364944458008, 4.4703483581542969e-08, 0.99227267503738403, -0.10688828676939011, 0.063006669282913208, 0.12352653592824936, 0.89877992868423462, -0.42063742876052856, -0.011667918413877487, 0.42517000436782837, 0.90503829717636108),
            ["RightLowerArm"] = CFrame.new(0, 0.088577389717102051, 0.031450033187866211, 1, 0, 0, 0, 0.67727500200271606, -0.73572999238967896, 0, 0.73572999238967896, 0.67727500200271606),
            ["RightLowerLeg"] = CFrame.new(1.0803341865539551e-07, 0.10031086206436157, -0.038194335997104645, 1, -0, 0, 0, 0.60741734504699707, 0.79438287019729614, -0, -0.79438287019729614, 0.60741734504699707),
            ["RightUpperArm"] = CFrame.new(0.055997133255004883, -0.1553804874420166, -0.1694645881652832, 0.88800632953643799, 0.34673774242401123, 0.30202272534370422, 0.31077796220779419, -0.93664896488189697, 0.16157299280166626, 0.33891269564628601, -0.049615837633609772, -0.93950867652893066),
            ["RightUpperLeg"] = CFrame.new(-5.9604644775390625e-08, -8.4750354290008545e-08, -1.2576492736116052e-07, 0.98555630445480347, 0.031260702759027481, 0.16643775999546051, -0.1283186674118042, 0.77921420335769653, 0.61348152160644531, -0.11051280796527863, -0.62597763538360596, 0.77197080850601196),
            ["UpperTorso"] = CFrame.new(-0.14416909217834473, 0.11079919338226318, -0.087907716631889343, 0.98088556528091431, 0.19177991151809692, -0.032924097031354904, -0.19211798906326294, 0.92762297391891479, -0.32032212615013123, -0.030890200287103653, 0.320524662733078, 0.94673633575439453)
        }},
        {Time = 0.083, Data = {
            ["Head"] = CFrame.new(7.5633943552588789e-16, 0, -1.1920928955078125e-07, 0.66785073280334473, -0.15788388252258301, 0.72735691070556641, 0.35365527868270874, 0.92719215154647827, -0.1234610378742218, -0.65490710735321045, 0.33968713879585266, 0.67506247758865356),
            ["LeftFoot"] = CFrame.new(-6.7072392084810417e-09, 0.026526391506195068, -2.522737759136362e-06, 0.85374021530151367, -0.39832329750061035, -0.33535993099212646, 0.16351252794265747, 0.81656420230865479, -0.55361229181289673, 0.49435955286026001, 0.41780552268028259, 0.76226454973220825),
            ["LeftHand"] = CFrame.new(0.00049401819705963135, 0.0094041824340820312, 5.2154064178466797e-08, 0.96668505668640137, -0.22130966186523438, 0.12861590087413788, 0.25390070676803589, 0.89278292655944824, -0.37211981415748596, -0.032472368329763412, 0.3923783004283905, 0.91923058032989502),
            ["LeftLowerArm"] = CFrame.new(-0.00050008296966552734, 0.057167708873748779, 0.012465715408325195, 1, 0, 0, 0, 0.87306171655654907, -0.48760980367660522, 0, 0.48760980367660522, 0.87306171655654907),
            ["LeftLowerLeg"] = CFrame.new(7.4505805969238281e-08, 0.10905832052230835, -0.047621637582778931, 1, -0, 0, 0, 0.50829803943634033, 0.86118125915527344, -0, -0.86118125915527344, 0.50829803943634033),
            ["LeftUpperArm"] = CFrame.new(-0.11736547946929932, 0.015507102012634277, -0.09140467643737793, 0.30124050378799438, -0.51734673976898193, -0.80100363492965698, -0.92309141159057617, -0.36882972717285156, -0.10893827676773071, -0.23907488584518433, 0.77221602201461792, -0.58866488933563232),
            ["LeftUpperLeg"] = CFrame.new(-1.1920928955078125e-07, -8.5681676864624023e-08, -9.9698081612586975e-05, 0.7951512336730957, 0.54307126998901367, 0.26983004808425903, -0.49773970246315002, 0.33031392097473145, 0.80196523666381836, 0.34639549255371094, -0.77198874950408936, 0.53295755386352539),
            ["LowerTorso"] = CFrame.new(0.26193642616271973, -0.49876010417938232, -0.10452842712402344, 0.98501449823379517, -0.16819480061531067, -0.038169950246810913, -0.028327815234661102, 0.060532808303833008, -0.99776417016983032, 0.17012928426265717, 0.98389345407485962, 0.054861128330230713),
            ["RightFoot"] = CFrame.new(-2.7939677238464355e-08, 0.027079999446868896, -0.00010274181113345549, 0.99105757474899292, 0.10207286477088928, 0.085941940546035767, -0.096084281802177429, 0.99282634258270264, -0.071159332990646362, -0.092588856816291809, 0.062265325337648392, 0.99375569820404053),
            ["RightHand"] = CFrame.new(-0.00048866868019104004, 0.017179012298583984, 4.246830940246582e-07, 0.99233019351959229, -0.10649594664573669, 0.062764257192611694, 0.12307243049144745, 0.8986809253692627, -0.42098203301429749, -0.01157216913998127, 0.42547771334648132, 0.90489494800567627),
            ["RightLowerArm"] = CFrame.new(1.7881393432617188e-07, 0.088393747806549072, 0.031296223402023315, 1, 0, 0, 0, 0.67886817455291748, -0.7342602014541626, 0, 0.7342602014541626, 0.67886817455291748),
            ["RightLowerLeg"] = CFrame.new(-2.2351741790771484e-08, 0.11021119356155396, -0.049620535224676132, 1, -0, 0, 0, 0.4885869026184082, 0.87251526117324829, -0, -0.87251526117324829, 0.4885869026184082),
            ["RightUpperArm"] = CFrame.new(0.055887460708618164, -0.15524137020111084, -0.16930508613586426, 0.88823497295379639, 0.34690922498703003, 0.30115216970443726, 0.31044596433639526, -0.93648910522460938, 0.16313229501247406, 0.33861774206161499, -0.051408354192972183, -0.93951904773712158),
            ["RightUpperLeg"] = CFrame.new(-5.9604644775390625e-08, -8.5681676864624023e-08, -1.9587605493143201e-07, 0.98793500661849976, 0.00049782544374465942, 0.15486836433410645, -0.075957581400871277, 0.87301510572433472, 0.48174166679382324, -0.13496258854866028, -0.48769289255142212, 0.86251997947692871),
            ["UpperTorso"] = CFrame.new(-0.11777433007955551, 0.13067281246185303, -0.12410112470388412, 0.98500317335128784, 0.16944976150989532, -0.032489415258169174, -0.1682514101266861, 0.90165174007415771, -0.39839136600494385, -0.03821316733956337, 0.39788311719894409, 0.91663992404937744)
        }},
        {Time = 0.100, Data = {
            ["Head"] = CFrame.new(7.5633943552588789e-16, 0, 1.1920928955078125e-07, 0.66785073280334473, -0.15788388252258301, 0.72735691070556641, 0.35365527868270874, 0.92719215154647827, -0.1234610378742218, -0.65490710735321045, 0.33968713879585266, 0.67506247758865356),
            ["LeftFoot"] = CFrame.new(2.1825712792633567e-08, 0.029031991958618164, -2.3265058644028613e-06, 0.85505133867263794, -0.39668640494346619, -0.33395677804946899, 0.11784383654594421, 0.77583098411560059, -0.61983799934387207, 0.50497531890869141, 0.49063858389854431, 0.71012234687805176),
            ["LeftHand"] = CFrame.new(0.00049375742673873901, 0.0094349980354309082, -3.7252902984619141e-08, 0.9665224552154541, -0.22183831036090851, 0.12892696261405945, 0.25444808602333069, 0.89336740970611572, -0.3703387975692749, -0.033023819327354431, 0.39074599742889404, 0.91990596055984497),
            ["LeftLowerArm"] = CFrame.new(-0.00049981474876403809, 0.057377338409423828, 0.012566477060317993, 1, 0, 0, 0, 0.8720594048500061, -0.48940005898475647, 0, 0.48940005898475647, 0.8720594048500061),
            ["LeftLowerLeg"] = CFrame.new(-2.9802322387695312e-08, 0.11780017614364624, -0.06202281266450882, 1, -0, 0, 0, 0.35867118835449219, 0.9334639310836792, -0, -0.9334639310836792, 0.35867118835449219),
            ["LeftUpperArm"] = CFrame.new(-0.11712801456451416, 0.015624284744262695, -0.091557025909423828, 0.30175977945327759, -0.51698672771453857, -0.8010404109954834, -0.92284154891967773, -0.36935770511627197, -0.10926219820976257, -0.23938342928886414, 0.77220439910888672, -0.58855414390563965),
            ["LeftUpperLeg"] = CFrame.new(-1.1920928955078125e-07, -9.6857547760009766e-08, -0.0001001991331577301, 0.80500632524490356, 0.55741590261459351, 0.20310685038566589, -0.50571554899215698, 0.46574264764785767, 0.72617870569229126, 0.31018802523612976, -0.68729275465011597, 0.65681970119476318),
            ["LowerTorso"] = CFrame.new(0.22069701552391052, -0.57791554927825928, -0.12117484211921692, 0.98908090591430664, -0.14155614376068115, -0.040998261421918869, -0.020200870931148529, 0.14534276723861694, -0.98917508125305176, 0.14598262310028076, 0.97920238971710205, 0.14089620113372803),
            ["RightFoot"] = CFrame.new(3.7252902984619141e-09, 0.029091358184814453, -0.00010242702410323545, 0.98503994941711426, 0.13179649412631989, 0.11102268099784851, -0.11730726063251495, 0.98478013277053833, -0.12824614346027374, -0.12623532116413116, 0.11330380290746689, 0.98550844192504883),
            ["RightHand"] = CFrame.new(-0.00048865377902984619, 0.017122626304626465, 7.4505805969238281e-08, 0.99239766597747803, -0.10601431131362915, 0.062512405216693878, 0.12253546714782715, 0.89851665496826172, -0.42148900032043457, -0.011484578251838684, 0.42594468593597412, 0.90467631816864014),
            ["RightLowerArm"] = CFrame.new(3.5762786865234375e-07, 0.088181793689727783, 0.031120568513870239, 1, 0, 0, 0, 0.68073314428329468, -0.73253160715103149, 0, 0.73253160715103149, 0.68073314428329468),
            ["RightLowerLeg"] = CFrame.new(7.4505805969238281e-09, 0.11713838577270508, -0.061177503317594528, 1, -0, 0, 0, 0.3685072660446167, 0.92962485551834106, -0, -0.92962485551834106, 0.3685072660446167),
            ["RightUpperArm"] = CFrame.new(0.055762529373168945, -0.15508222579956055, -0.16912263631820679, 0.88846248388290405, 0.34719815850257874, 0.30014637112617493, 0.31015792489051819, -0.93626725673675537, 0.1649414598941803, 0.33828458189964294, -0.053451515734195709, -0.93952465057373047),
            ["RightUpperLeg"] = CFrame.new(-8.9406967163085938e-08, -1.4528632164001465e-07, -9.5293216872960329e-08, 0.98781317472457886, -0.041446223855018616, 0.15002448856830597, -0.011600944213569164, 0.94160640239715576, 0.33651578426361084, -0.15521131455898285, -0.33415514230728149, 0.92965036630630493),
            ["UpperTorso"] = CFrame.new(-0.087686255574226379, 0.1586993932723999, -0.1587311178445816, 0.98908114433288574, 0.14392320811748505, -0.031696394085884094, -0.14154259860515594, 0.86783087253570557, -0.47627231478691101, -0.041039519011974335, 0.47555837035179138, 0.87872636318206787)
        }},
        {Time = 0.117, Data = {
            ["Head"] = CFrame.new(7.5633943552588789e-16, 0, -1.1920928955078125e-07, 0.66785073280334473, -0.15788388252258301, 0.72735691070556641, 0.35365527868270874, 0.92719215154647827, -0.1234610378742218, -0.65490710735321045, 0.33968713879585266, 0.67506247758865356),
            ["LeftFoot"] = CFrame.new(-4.1408839024370536e-08, 0.03065413236618042, -1.9591989257605746e-06, 0.85986113548278809, -0.3905276358127594, -0.3288266658782959, 0.074300140142440796, 0.73295992612838745, -0.67620205879211426, 0.50509238243103027, 0.55700802803039551, 0.65926003456115723),
            ["LeftHand"] = CFrame.new(0.00049360841512680054, 0.009469151496887207, 4.4703483581542969e-08, 0.96635937690734863, -0.22237905859947205, 0.12921737134456635, 0.25499153137207031, 0.89401566982269287, -0.36839556694030762, -0.033598899841308594, 0.38895183801651001, 0.92064517736434937),
            ["LeftLowerArm"] = CFrame.new(-0.00050020217895507812, 0.057606935501098633, 0.012677669525146484, 1, 0, 0, 0, 0.8709215521812439, -0.49142205715179443, 0, 0.49142205715179443, 0.8709215521812439),
            ["LeftLowerLeg"] = CFrame.new(5.9604644775390625e-08, 0.12303853034973145, -0.07625725120306015, 1, -0, 0, 0, 0.21070826053619385, 0.97754895687103271, -0, -0.97754895687103271, 0.21070826053619385),
            ["LeftUpperArm"] = CFrame.new(-0.1168663501739502, 0.015753269195556641, -0.091724872589111328, 0.30230140686035156, -0.51654356718063354, -0.80112230777740479, -0.92255955934524536, -0.36996865272521973, -0.10957923531532288, -0.23978748917579651, 0.7722088098526001, -0.58838438987731934),
            ["LeftUpperLeg"] = CFrame.new(-5.9604644775390625e-08, -1.6391277313232422e-07, -9.9847093224525452e-05, 0.81895047426223755, 0.55749660730361938, 0.13607949018478394, -0.50430542230606079, 0.58599770069122314, 0.63425755500793457, 0.27385416626930237, -0.5880511999130249, 0.76105165481567383),
            ["LowerTorso"] = CFrame.new(0.17588736116886139, -0.6549607515335083, -0.13405337929725647, 0.99278479814529419, -0.11360070109367371, -0.038383245468139648, -0.011738881468772888, 0.2264857292175293, -0.97394376993179321, 0.11933395266532898, 0.96736711263656616, 0.2235180139541626),
            ["RightFoot"] = CFrame.new(1.1175870895385742e-08, 0.030522644519805908, -0.00010223517165286466, 0.97600436210632324, 0.16656506061553955, 0.14025555551052094, -0.14108917117118835, 0.97435009479522705, -0.17531608045101166, -0.16585953533649445, 0.15132071077823639, 0.97447043657302856),
            ["RightHand"] = CFrame.new(-0.00048866868019104004, 0.017060279846191406, -8.5681676864624023e-08, 0.99246811866760254, -0.10555167496204376, 0.062176227569580078, 0.12197971343994141, 0.89835184812545776, -0.42200103402137756, -0.011313209310173988, 0.42640683054924011, 0.90446072816848755),
            ["RightLowerArm"] = CFrame.new(-1.1920928955078125e-07, 0.087948441505432129, 0.030927479267120361, 1, 0, 0, 0, 0.68273043632507324, -0.73067045211791992, 0, 0.73067045211791992, 0.68273043632507324),
            ["RightLowerLeg"] = CFrame.new(7.4505805969238281e-08, 0.12152868509292603, -0.071687042713165283, 1, -0, 0, 0, 0.25917953252792358, 0.96582931280136108, -0, -0.96582931280136108, 0.25917953252792358),
            ["RightUpperArm"] = CFrame.new(0.055625319480895996, -0.15490758419036865, -0.16892266273498535, 0.88877540826797485, 0.3474125862121582, 0.298969566822052, 0.30978959798812866, -0.93606126308441162, 0.166793093085289, 0.3377997875213623, -0.055623952299356461, -0.93957304954528809),
            ["RightUpperLeg"] = CFrame.new(-2.9802322387695312e-08, -1.862645149230957e-07, -1.5629484551027417e-07, 0.98373919725418091, -0.093095310032367706, 0.1535918265581131, 0.062497831881046295, 0.97916650772094727, 0.19320198893547058, -0.16837815940380096, -0.18046122789382935, 0.9690626859664917),
            ["UpperTorso"] = CFrame.new(-0.054753325879573822, 0.19286108016967773, -0.18872310221195221, 0.99278253316879272, 0.11599972099065781, -0.030444800853729248, -0.11362514644861221, 0.82857400178909302, -0.54822850227355957, -0.038368590176105499, 0.54773092269897461, 0.83577430248260498)
        }},
        {Time = 0.133, Data = {
            ["Head"] = CFrame.new(7.5633943552588789e-16, 0, -1.1920928955078125e-07, 0.66785073280334473, -0.15788388252258301, 0.72735691070556641, 0.35365527868270874, 0.92719215154647827, -0.1234610378742218, -0.65490710735321045, 0.33968713879585266, 0.67506247758865356),
            ["LeftFoot"] = CFrame.new(2.6471752789802849e-08, 0.03199005126953125, -1.5872792573645711e-06, 0.86946594715118408, -0.37789952754974365, -0.31815233826637268, 0.036348417401313782, 0.69123756885528564, -0.72171276807785034, 0.49265375733375549, 0.6159403920173645, 0.61474359035491943),
            ["LeftHand"] = CFrame.new(0.00049370527267456055, 0.0095052123069763184, 1.3411045074462891e-07, 0.96616733074188232, -0.2229917049407959, 0.12959694862365723, 0.25563138723373413, 0.89467191696166992, -0.36635339260101318, -0.034252986311912537, 0.38708770275115967, 0.92140644788742065),
            ["LeftLowerArm"] = CFrame.new(-0.00050014257431030273, 0.057850360870361328, 0.012796401977539062, 1, 0, 0, 0, 0.86969059705734253, -0.49359726905822754, 0, 0.49359726905822754, 0.86969059705734253),
            ["LeftLowerLeg"] = CFrame.new(-1.0430812835693359e-07, 0.12557828426361084, -0.089198894798755646, 1, -0, 0, 0, 0.075899720191955566, 0.99711543321609497, -0, -0.99711543321609497, 0.075899720191955566),
            ["LeftUpperArm"] = CFrame.new(-0.11658680438995361, 0.015891551971435547, -0.091904103755950928, 0.30284267663955688, -0.51605379581451416, -0.80123317241668701, -0.92229056358337402, -0.37052774429321289, -0.10995128750801086, -0.24013838171958923, 0.77226781845092773, -0.58816313743591309),
            ["LeftUpperLeg"] = CFrame.new(-5.9604644775390625e-08, -8.5681676864624023e-08, -9.9922530353069305e-05, 0.83808547258377075, 0.54066026210784912, 0.072795487940311432, -0.48981925845146179, 0.6870073676109314, 0.53674763441085815, 0.24018707871437073, -0.48549705743789673, 0.84059667587280273),
            ["LowerTorso"] = CFrame.new(0.12883949279785156, -0.72483336925506592, -0.14275313913822174, 0.99585652351379395, -0.085850372910499573, -0.02999110147356987, -0.0030417256057262421, 0.29816597700119019, -0.95450913906097412, 0.090887293219566345, 0.95064544677734375, 0.29666942358016968),
            ["RightFoot"] = CFrame.new(-7.4505805969238281e-09, 0.03135216236114502, -0.00010183284030063078, 0.96340155601501465, 0.20502939820289612, 0.1726856529712677, -0.16707202792167664, 0.9630315899848938, -0.21132223308086395, -0.20962899923324585, 0.17473722994327545, 0.96204084157943726),
            ["RightHand"] = CFrame.new(-0.00048872828483581543, 0.01699364185333252, -2.9429793357849121e-07, 0.99254822731018066, -0.10500545054674149, 0.061821103096008301, 0.12134011834859848, 0.8981965184211731, -0.42251580953598022, -0.011161049827933311, 0.42686867713928223, 0.90424478054046631),
            ["RightLowerArm"] = CFrame.new(1.1920928955078125e-07, 0.087697505950927734, 0.030720651149749756, 1, 0, 0, 0, 0.68485856056213379, -0.72867602109909058, 0, 0.72867602109909058, 0.68485856056213379),
            ["RightLowerLeg"] = CFrame.new(-4.4703483581542969e-08, 0.12387138605117798, -0.080352216958999634, 1, -0, 0, 0, 0.16906797885894775, 0.98560458421707153, -0, -0.98560458421707153, 0.16906797885894775),
            ["RightUpperArm"] = CFrame.new(0.05547940731048584, -0.15472102165222168, -0.16870933771133423, 0.8890300989151001, 0.3477482795715332, 0.2978198230266571, 0.30945122241973877, -0.93579137325286865, 0.1689220666885376, 0.33743956685066223, -0.058016099035739899, -0.93955779075622559),
            ["RightUpperLeg"] = CFrame.new(5.9604644775390625e-08, -1.8998980522155762e-07, 2.6244379114359617e-08, 0.9744834303855896, -0.15189729630947113, 0.16525514423847198, 0.14252276718616486, 0.98750436305999756, 0.067248597741127014, -0.17340506613254547, -0.041980031877756119, 0.98395544290542603),
            ["UpperTorso"] = CFrame.new(-0.019844934344291687, 0.22935885190963745, -0.21232433617115021, 0.99585288763046265, 0.086330689489841461, -0.028705157339572906, -0.085885442793369293, 0.78800886869430542, -0.60964393615722656, -0.030011061578989029, 0.60958099365234375, 0.79215550422668457)
        }},
        {Time = 0.150, Data = {
            ["Head"] = CFrame.new(7.5633943552588789e-16, 0, 1.1920928955078125e-07, 0.66785073280334473, -0.15788388252258301, 0.72735691070556641, 0.35365527868270874, 0.92719215154647827, -0.1234610378742218, -0.65490710735321045, 0.33968713879585266, 0.67506247758865356),
            ["LeftFoot"] = CFrame.new(3.2971001928672194e-08, 0.032698392868041992, -1.2428572517819703e-06, 0.88489526510238647, -0.35633403062820435, -0.29997745156288147, 0.0068555921316146851, 0.65391230583190918, -0.75653940439224243, 0.46573963761329651, 0.66740161180496216, 0.58108675479888916),
            ["LeftHand"] = CFrame.new(0.00049377977848052979, 0.0095428824424743652, -1.4901161193847656e-07, 0.96597468852996826, -0.22361691296100616, 0.12995550036430359, 0.25626698136329651, 0.89538997411727905, -0.36414846777915955, -0.034931115806102753, 0.38506147265434265, 0.92222964763641357),
            ["LeftLowerArm"] = CFrame.new(-0.000499725341796875, 0.058102428913116455, 0.012919634580612183, 1, 0, 0, 0, 0.8684537410736084, -0.49577024579048157, 0, 0.49577024579048157, 0.8684537410736084),
            ["LeftLowerLeg"] = CFrame.new(-1.3411045074462891e-07, 0.12604939937591553, -0.10016978532075882, 1, 0, 0, 0, -0.038204789161682129, 0.99926996231079102, 0, -0.99926996231079102, -0.038204789161682129),
            ["LeftUpperArm"] = CFrame.new(-0.1162949800491333, 0.016036391258239746, -0.09209144115447998, 0.30344325304031372, -0.51565408706665039, -0.80126345157623291, -0.92200124263763428, -0.37113761901855469, -0.11032137274742126, -0.24049127101898193, 0.77224206924438477, -0.58805298805236816),
            ["LeftUpperLeg"] = CFrame.new(-1.1920928955078125e-07, -9.1269612312316895e-08, -9.9973287433385849e-05, 0.86288464069366455, 0.50512343645095825, 0.016746975481510162, -0.45888638496398926, 0.76915323734283447, 0.44477713108062744, 0.21178632974624634, -0.3914763331413269, 0.89548474550247192),
