return {
  ["Sharp 6"] = {
    {Time = 0.000, Data = {
      ["HumanoidRootPart"] = CFrame.new(0.000000, 0.000000, 0.000000, 1.000000, 0.000000, 0.000000, 0.000000, 1.000000, 0.000000, 0.000000, 0.000000, 1.000000),
      ["LowerTorso"] = CFrame.new(-0.016344, -0.078625, 0.329787, 0.999816, -0.009943, -0.016413, 0.015484, 0.923233, 0.383928, 0.011336, -0.384111, 0.923217),
      ["UpperTorso"] = CFrame.new(0.010526, 0.001000, -0.001164, 0.999518, 0.022935, -0.020913, -0.030903, 0.672686, -0.739283, -0.002887, 0.739573, 0.673070),
      ["RightUpperArm"] = CFrame.new(-0.000729, -0.000099, -0.029585, 0.994293, 0.005429, 0.106549, -0.056716, 0.872787, 0.484796, -0.090363, -0.488072, 0.868113),
      ["RightLowerArm"] = CFrame.new(-0.000500, 0.000099, 0.000000, 1.000000, -0.000000, -0.000000, 0.000000, 0.999771, -0.021410, 0.000000, 0.021410, 0.999771),
      ["RightHand"] = CFrame.new(-0.000000, -0.000101, -0.000000, 0.995967, -0.028756, -0.084991, 0.024076, 0.998164, -0.055581, 0.086433, 0.053311, 0.994830),
      ["Head"] = CFrame.new(0.000000, -0.000000, 0.000000, 0.998897, -0.010058, 0.045867, -0.016075, 0.844517, 0.535288, -0.044119, -0.535435, 0.843423),
      ["LeftUpperArm"] = CFrame.new(0.000001, -0.000019, -0.000025, 0.998086, -0.012216, -0.060628, 0.037948, 0.895038, 0.444373, 0.048836, -0.445823, 0.893788),
      ["LeftLowerArm"] = CFrame.new(-0.000000, -0.000000, 0.000000, 1.000000, 0.000000, 0.000000, -0.000000, 0.999771, -0.021385, -0.000000, 0.021385, 0.999771),
      ["LeftHand"] = CFrame.new(0.000000, -0.000001, 0.000000, 0.997611, -0.005221, 0.068886, 0.007569, 0.999398, -0.033871, -0.068668, 0.034311, 0.997049),
      ["LeftUpperLeg"] = CFrame.new(-0.000000, -0.000000, 0.000000, 0.997059, 0.069987, 0.031246, -0.031124, 0.742260, -0.669389, -0.070041, 0.666447, 0.742255),
      ["LeftLowerLeg"] = CFrame.new(0.000000, 0.000000, -0.000000, 1.000000, 0.000000, -0.000000, -0.000000, 0.916861, 0.399206, 0.000000, -0.399206, 0.916861),
      ["LeftFoot"] = CFrame.new(0.000000, 0.000209, 0.000000, 0.998117, -0.041506, -0.045157, 0.037920, 0.996267, -0.077547, 0.048207, 0.075688, 0.995966),
      ["RightUpperLeg"] = CFrame.new(0.000000, -0.000000, 0.000100, 0.999216, -0.028414, -0.027574, 0.002009, 0.731917, -0.681391, 0.039543, 0.680801, 0.731400),
      ["RightLowerLeg"] = CFrame.new(0.000000, -0.000200, -0.000100, 1.000000, -0.000000, 0.000000, 0.000000, 0.918181, 0.396162, -0.000000, -0.396162, 0.918181),
      ["RightFoot"] = CFrame.new(-0.000000, 0.000422, -0.000100, 0.998435, 0.034615, 0.043915, -0.032253, 0.998052, -0.053396, -0.045678, 0.051896, 0.997607),
    }},
    {Time = 0.042, Data = {
      ["HumanoidRootPart"] = CFrame.new(0.000000, 0.000000, 0.000000, 1.000000, 0.000000, 0.000000, 0.000000, 1.000000, 0.000000, 0.000000, 0.000000, 1.000000),
      ["LowerTorso"] = CFrame.new(0.066522, -0.099656, 0.165884, 0.975939, -0.217107, -0.020181, 0.216443, 0.975811, -0.030754, 0.026370, 0.025646, 0.999323),
      ["UpperTorso"] = CFrame.new(0.010383, -0.001697, -0.001571, 0.973111, 0.211158, -0.092013, -0.230334, 0.893444, -0.385622, 0.000781, 0.396447, 0.918057),
      ["RightUpperArm"] = CFrame.new(-0.000729, -0.000099, -0.029585, 0.994293, 0.005429, 0.106549, -0.056716, 0.872787, 0.484796, -0.090363, -0.488072, 0.868113),
      ["RightLowerArm"] = CFrame.new(-0.000500, 0.000099, 0.000000, 1.000000, -0.000000, -0.000000, 0.000000, 0.999771, -0.021410, 0.000000, 0.021410, 0.999771),
      ["RightHand"] = CFrame.new(-0.000000, -0.000101, -0.000000, 0.995967, -0.028756, -0.084991, 0.024076, 0.998164, -0.055581, 0.086433, 0.053311, 0.994830),
      ["Head"] = CFrame.new(0.000000, -0.000000, 0.000000, 0.998897, -0.010058, 0.045867, -0.016075, 0.844517, 0.535288, -0.044119, -0.535435, 0.843423),
      ["LeftUpperArm"] = CFrame.new(0.000001, -0.000019, -0.000025, 0.998086, -0.012216, -0.060628, 0.037948, 0.895038, 0.444373, 0.048836, -0.445823, 0.893788),
      ["LeftLowerArm"] = CFrame.new(-0.000000, -0.000000, 0.000000, 1.000000, 0.000000, 0.000000, -0.000000, 0.999771, -0.021385, -0.000000, 0.021385, 0.999771),
      ["LeftHand"] = CFrame.new(0.000000, -0.000001, 0.000000, 0.997611, -0.005221, 0.068886, 0.007569, 0.999398, -0.033871, -0.068668, 0.034311, 0.997049),
      ["LeftUpperLeg"] = CFrame.new(-0.000000, 0.000000, -0.000000, 0.908068, 0.403431, 0.112500, -0.312497, 0.831478, -0.459337, -0.278852, 0.381954, 0.881109),
      ["LeftLowerLeg"] = CFrame.new(-0.000000, -0.000000, 0.000000, 1.000000, 0.000000, -0.000000, -0.000000, 0.687080, 0.726582, 0.000001, -0.726581, 0.687080),
      ["LeftFoot"] = CFrame.new(0.000000, 0.000088, 0.000000, 0.958536, -0.102089, -0.266058, 0.001548, 0.935480, -0.353376, 0.284968, 0.338311, 0.896850),
      ["RightUpperLeg"] = CFrame.new(0.000000, 0.000000, 0.000100, 0.975386, 0.220500, -0.001413, -0.220429, 0.974865, -0.032382, -0.005762, 0.031896, 0.999475),
      ["RightLowerLeg"] = CFrame.new(-0.000000, -0.000200, -0.000100, 1.000000, -0.000000, 0.000000, -0.000000, 0.999552, 0.029938, -0.000000, -0.029938, 0.999552),
      ["RightFoot"] = CFrame.new(-0.000000, 0.000400, -0.000100, 0.999936, -0.001731, 0.011198, 0.001375, 0.999497, 0.031682, -0.011247, -0.031665, 0.999435),
    }},
    {Time = 0.083, Data = {
      ["HumanoidRootPart"] = CFrame.new(0.000000, 0.000000, 0.000000, 1.000000, 0.000000, 0.000000, 0.000000, 1.000000, 0.000000, 0.000000, 0.000000, 1.000000),
      ["LowerTorso"] = CFrame.new(-0.021170, -0.081438, 0.029389, 0.999974, 0.002123, -0.006836, -0.004483, 0.930264, -0.366863, 0.005580, 0.366884, 0.930250),
      ["UpperTorso"] = CFrame.new(0.010523, 0.000125, -0.001553, 0.999841, 0.002415, -0.017652, -0.003520, 0.998019, -0.062823, 0.017465, 0.062875, 0.997869),
      ["RightUpperArm"] = CFrame.new(-0.000729, -0.000099, -0.029585, 0.994293, 0.005429, 0.106549, -0.056716, 0.872787, 0.484796, -0.090363, -0.488072, 0.868113),
      ["RightLowerArm"] = CFrame.new(-0.000500, 0.000099, 0.000000, 1.000000, -0.000000, -0.000000, 0.000000, 0.999771, -0.021410, 0.000000, 0.021410, 0.999771),
      ["RightHand"] = CFrame.new(-0.000000, -0.000101, -0.000000, 0.995967, -0.028756, -0.084991, 0.024076, 0.998164, -0.055581, 0.086433, 0.053311, 0.994830),
      ["Head"] = CFrame.new(0.000000, -0.000000, 0.000000, 0.998897, -0.010058, 0.045867, -0.016075, 0.844517, 0.535288, -0.044119, -0.535435, 0.843423),
      ["LeftUpperArm"] = CFrame.new(0.000001, -0.000019, -0.000025, 0.998086, -0.012216, -0.060628, 0.037948, 0.895038, 0.444373, 0.048836, -0.445823, 0.893788),
      ["LeftLowerArm"] = CFrame.new(-0.000000, -0.000000, 0.000000, 1.000000, 0.000000, 0.000000, -0.000000, 0.999771, -0.021385, -0.000000, 0.021385, 0.999771),
      ["LeftHand"] = CFrame.new(0.000000, -0.000001, 0.000000, 0.997611, -0.005221, 0.068886, 0.007569, 0.999398, -0.033871, -0.068668, 0.034311, 0.997049),
      ["LeftUpperLeg"] = CFrame.new(-0.000000, 0.000000, 0.000000, 0.996963, 0.051541, 0.058378, -0.062409, 0.977173, 0.203071, -0.046578, -0.206098, 0.977422),
      ["LeftLowerLeg"] = CFrame.new(0.000000, -0.000000, -0.000000, 1.000000, 0.000000, -0.000000, -0.000000, 0.910601, 0.413287, 0.000000, -0.413287, 0.910601),
      ["LeftFoot"] = CFrame.new(0.000000, 0.000158, 0.000000, 0.996825, -0.046842, -0.064386, 0.028635, 0.965442, -0.259040, 0.074294, 0.256374, 0.963718),
      ["RightUpperLeg"] = CFrame.new(0.000000, -0.000000, 0.000100, 0.997415, -0.060028, -0.039488, 0.064934, 0.988340, 0.137721, 0.030760, -0.139929, 0.989684),
      ["RightLowerLeg"] = CFrame.new(-0.000000, -0.000200, -0.000100, 1.000000, -0.000000, 0.000000, 0.000000, 0.864879, 0.501981, -0.000000, -0.501981, 0.864879),
      ["RightFoot"] = CFrame.new(-0.000000, 0.000382, -0.000100, 0.997399, 0.046767, 0.054847, -0.029070, 0.957301, -0.287628, -0.065956, 0.285286, 0.956170),
    }},
    {Time = 0.125, Data = {
      ["HumanoidRootPart"] = CFrame.new(0.000000, 0.000000, 0.000000, 1.000000, 0.000000, 0.000000, 0.000000, 1.000000, 0.000000, 0.000000, 0.000000, 1.000000),
      ["LowerTorso"] = CFrame.new(-0.094294, -0.102429, 0.177879, 0.982734, 0.184932, -0.005924, -0.184900, 0.982742, 0.005533, 0.006845, -0.004342, 0.999967),
      ["UpperTorso"] = CFrame.new(0.010224, 0.002582, -0.001399, 0.985187, -0.160458, 0.060494, 0.170866, 0.888634, -0.425599, 0.014534, 0.429631, 0.902888),
      ["RightUpperArm"] = CFrame.new(-0.000729, -0.000099, -0.029585, 0.994293, 0.005429, 0.106549, -0.056716, 0.872787, 0.484796, -0.090363, -0.488072, 0.868113),
      ["RightLowerArm"] = CFrame.new(-0.000500, 0.000099, 0.000000, 1.000000, -0.000000, -0.000000, 0.000000, 0.999771, -0.021410, 0.000000, 0.021410, 0.999771),
      ["RightHand"] = CFrame.new(-0.000000, -0.000101, -0.000000, 0.995967, -0.028756, -0.084991, 0.024076, 0.998164, -0.055581, 0.086433, 0.053311, 0.994830),
      ["Head"] = CFrame.new(0.000000, -0.000000, 0.000000, 0.998897, -0.010058, 0.045867, -0.016075, 0.844517, 0.535288, -0.044119, -0.535435, 0.843423),
      ["LeftUpperArm"] = CFrame.new(0.000001, -0.000019, -0.000025, 0.998086, -0.012216, -0.060628, 0.037948, 0.895038, 0.444373, 0.048836, -0.445823, 0.893788),
      ["LeftLowerArm"] = CFrame.new(-0.000000, -0.000000, 0.000000, 1.000000, 0.000000, 0.000000, -0.000000, 0.999771, -0.021385, -0.000000, 0.021385, 0.999771),
      ["LeftHand"] = CFrame.new(0.000000, -0.000001, 0.000000, 0.997611, -0.005221, 0.068886, 0.007569, 0.999398, -0.033871, -0.068668, 0.034311, 0.997049),
      ["LeftUpperLeg"] = CFrame.new(-0.000000, 0.000000, 0.000000, 0.981134, -0.182180, -0.064711, 0.177771, 0.981691, -0.068407, 0.075989, 0.055612, 0.995557),
      ["LeftLowerLeg"] = CFrame.new(0.000000, 0.000000, 0.000000, 1.000000, 0.000000, -0.000000, -0.000000, 0.999450, 0.033160, 0.000000, -0.033160, 0.999450),
      ["LeftFoot"] = CFrame.new(0.000000, 0.000200, -0.000000, 0.996926, -0.007048, 0.078030, 0.006088, 0.999903, 0.012534, -0.078111, -0.012020, 0.996872),
      ["RightUpperLeg"] = CFrame.new(0.000000, 0.000000, 0.000100, 0.957178, -0.285619, 0.047249, 0.273328, 0.837802, -0.472630, 0.095407, 0.465306, 0.879993),
      ["RightLowerLeg"] = CFrame.new(-0.000000, -0.000200, -0.000100, 1.000000, -0.000000, 0.000000, 0.000000, 0.677889, 0.735164, -0.000001, -0.735165, 0.677889),
      ["RightFoot"] = CFrame.new(-0.000000, 0.000292, -0.000100, 0.990749, 0.094306, 0.097581, -0.056148, 0.939505, -0.337902, -0.123544, 0.329297, 0.936109),
    }},
    {Time = 0.167, Data = {
      ["HumanoidRootPart"] = CFrame.new(0.000000, 0.000000, 0.000000, 1.000000, 0.000000, 0.000000, 0.000000, 1.000000, 0.000000, 0.000000, 0.000000, 1.000000),
      ["LowerTorso"] = CFrame.new(-0.016344, -0.078625, 0.329787, 0.999816, -0.009943, -0.016413, 0.015484, 0.923233, 0.383928, 0.011336, -0.384111, 0.923217),
      ["UpperTorso"] = CFrame.new(0.010526, 0.001000, -0.001164, 0.999518, 0.022935, -0.020913, -0.030903, 0.672686, -0.739283, -0.002887, 0.739573, 0.673070),
      ["RightUpperArm"] = CFrame.new(-0.000729, -0.000099, -0.029585, 0.994293, 0.005429, 0.106549, -0.056716, 0.872787, 0.484796, -0.090363, -0.488072, 0.868113),
      ["RightLowerArm"] = CFrame.new(-0.000500, 0.000099, 0.000000, 1.000000, -0.000000, -0.000000, 0.000000, 0.999771, -0.021410, 0.000000, 0.021410, 0.999771),
      ["RightHand"] = CFrame.new(-0.000000, -0.000101, -0.000000, 0.995967, -0.028756, -0.084991, 0.024076, 0.998164, -0.055581, 0.086433, 0.053311, 0.994830),
      ["Head"] = CFrame.new(0.000000, -0.000000, 0.000000, 0.998897, -0.010058, 0.045867, -0.016075, 0.844517, 0.535288, -0.044119, -0.535435, 0.843423),
      ["LeftUpperArm"] = CFrame.new(0.000001, -0.000019, -0.000025, 0.998086, -0.012216, -0.060628, 0.037948, 0.895038, 0.444373, 0.048836, -0.445823, 0.893788),
      ["LeftLowerArm"] = CFrame.new(-0.000000, -0.000000, 0.000000, 1.000000, 0.000000, 0.000000, -0.000000, 0.999771, -0.021385, -0.000000, 0.021385, 0.999771),
      ["LeftHand"] = CFrame.new(0.000000, -0.000001, 0.000000, 0.997611, -0.005221, 0.068886, 0.007569, 0.999398, -0.033871, -0.068668, 0.034311, 0.997049),
      ["LeftUpperLeg"] = CFrame.new(-0.000000, -0.000000, 0.000000, 0.997059, 0.069987, 0.031246, -0.031124, 0.742260, -0.669389, -0.070041, 0.666447, 0.742255),
      ["LeftLowerLeg"] = CFrame.new(0.000000, 0.000000, -0.000000, 1.000000, 0.000000, -0.000000, -0.000000, 0.916861, 0.399206, 0.000000, -0.399206, 0.916861),
      ["LeftFoot"] = CFrame.new(0.000000, 0.000209, 0.000000, 0.998117, -0.041506, -0.045157, 0.037920, 0.996267, -0.077547, 0.048207, 0.075688, 0.995966),
      ["RightUpperLeg"] = CFrame.new(0.000000, -0.000000, 0.000100, 0.999216, -0.028414, -0.027574, 0.002009, 0.731917, -0.681391, 0.039543, 0.680801, 0.731400),
      ["RightLowerLeg"] = CFrame.new(0.000000, -0.000200, -0.000100, 1.000000, -0.000000, 0.000000, 0.000000, 0.918181, 0.396162, -0.000000, -0.396162, 0.918181),
      ["RightFoot"] = CFrame.new(-0.000000, 0.000422, -0.000100, 0.998435, 0.034615, 0.043915, -0.032253, 0.998052, -0.053396, -0.045678, 0.051896, 0.997607),
    }},
  }
}