return {
["bounce twerk"] = {

          {Time = 0.000, Data = {

              ["Head"] = CFrame.new(0.000358, 0.041189, 0.049350, 0.227543, -0.033536, 0.973190, 0.420330, 0.904887, -0.067096, -0.878377, 0.424328, 0.219997),

              ["LeftFoot"] = CFrame.new(-0.000000, 0.032024, -0.000001, 0.987496, -0.120592, -0.101541, 0.120484, 0.992689, -0.007226, 0.101666, -0.005089, 0.994805),

              ["LeftHand"] = CFrame.new(0.000492, 0.012297, -0.000000, 0.971380, -0.205449, 0.119215, 0.181452, 0.965699, 0.185743, -0.153285, -0.158794, 0.975339),

              ["LeftLowerArm"] = CFrame.new(-0.000500, 0.072015, 0.020500, 1.000000, -0.000000, -0.000000, 0.000000, 0.790801, -0.612073, 0.000000, 0.612073, 0.790801),

              ["LeftLowerLeg"] = CFrame.new(0.000000, 0.125633, -0.089769, 1.000000, -0.000000, -0.000000, 0.000000, 0.070024, 0.997546, -0.000000, -0.997545, 0.070010),

              ["LeftUpperArm"] = CFrame.new(-0.005869, -0.329059, 0.280993, 0.786821, 0.405268, -0.465479, -0.417726, 0.904889, 0.081738, 0.454332, 0.130130, 0.881277),

              ["LeftUpperLeg"] = CFrame.new(-0.047395, -0.057551, 0.238904, 0.456762, 0.888382, -0.046298, -0.567524, 0.250907, -0.784190, -0.685044, 0.384478, 0.618791),

              ["LowerTorso"] = CFrame.new(0.001150, -0.732462, -0.547289, 0.997112, 0.011845, 0.075014, 0.030505, 0.842106, -0.538448, -0.069547, 0.539182, 0.839313),

              ["RightFoot"] = CFrame.new(0.000000, 0.030114, -0.000102, 0.992579, 0.093018, 0.078323, -0.101722, 0.988068, 0.115666, -0.066627, -0.122762, 0.990195),

              ["RightHand"] = CFrame.new(-0.000488, 0.017917, -0.000000, 0.815323, 0.500276, -0.291504, -0.355337, 0.829821, 0.430273, 0.457148, -0.247226, 0.854336),

              ["RightLowerArm"] = CFrame.new(0.000000, 0.091096, 0.033612, 1.000000, 0.000000, 0.000000, 0.000000, 0.654882, -0.755731, -0.000000, 0.755731, 0.654882),

              ["RightLowerLeg"] = CFrame.new(0.000000, 0.120222, -0.068035, 1.000000, 0.000000, 0.000000, -0.000000, 0.297148, 0.954836, 0.000000, -0.954831, 0.297133),

              ["RightUpperArm"] = CFrame.new(-0.011850, -0.472125, 0.309825, 0.692939, -0.575849, 0.433858, 0.553868, 0.810399, 0.191007, -0.461590, 0.107944, 0.880502),

              ["RightUpperLeg"] = CFrame.new(-0.056990, -0.015411, 0.216583, 0.388921, -0.912496, -0.126870, 0.543839, 0.338538, -0.767867, 0.743626, 0.229658, 0.627921),

              ["UpperTorso"] = CFrame.new(-0.029137, -0.101557, -0.022711, 0.997847, 0.046070, -0.046684, 0.005529, 0.650151, 0.759785, 0.065355, -0.758407, 0.648497)

          }},

          {Time = 0.033, Data = {

              ["Head"] = CFrame.new(0.000358, 0.041188, 0.049350, 0.190783, -0.037454, 0.980917, 0.419796, 0.906399, -0.047039, -0.887341, 0.420759, 0.188649),

              ["LeftFoot"] = CFrame.new(-0.000000, 0.031699, -0.000001, 0.983347, -0.139023, -0.117060, 0.137292, 0.990269, -0.022769, 0.119081, 0.006326, 0.992864),

              ["LeftHand"] = CFrame.new(0.000492, 0.012429, -0.000000, 0.983423, -0.156920, 0.090858, 0.136561, 0.970599, 0.198217, -0.119290, -0.182522, 0.975938),

              ["LeftLowerArm"] = CFrame.new(-0.000500, 0.072446, 0.020739, 1.000000, -0.000000, -0.000000, 0.000000, 0.788325, -0.615259, 0.000000, 0.615259, 0.788325),

              ["LeftLowerLeg"] = CFrame.new(-0.000000, 0.125001, -0.084630, 1.000000, -0.000000, -0.000000, 0.000000, 0.123428, 0.992355, -0.000000, -0.992354, 0.123413),

              ["LeftUpperArm"] = CFrame.new(-0.004317, -0.319781, 0.284924, 0.791649, 0.390128, -0.470205, -0.399857, 0.912714, 0.084067, 0.461959, 0.121464, 0.878544),

              ["LeftUpperLeg"] = CFrame.new(-0.047395, -0.057551, 0.238904, 0.476395, 0.879229, -0.001826, -0.564787, 0.304410, -0.767033, -0.673843, 0.366458, 0.641605),

              ["LowerTorso"] = CFrame.new(0.000911, -0.688955, -0.553797, 0.997143, 0.011831, 0.074603, 0.029160, 0.850805, -0.524671, -0.069680, 0.525348, 0.848030),

              ["RightFoot"] = CFrame.new(0.000000, 0.029347, -0.000102, 0.988807, 0.114132, 0.096102, -0.124569, 0.986017, 0.110709, -0.082119, -0.121429, 0.989196),

              ["RightHand"] = CFrame.new(-0.000489, 0.017194, -0.000000, 0.829498, 0.482581, -0.281161, -0.355179, 0.844294, 0.401270, 0.431024, -0.232988, 0.871740),

              ["RightLowerArm"] = CFrame.new(0.000000, 0.088449, 0.031343, 1.000000, 0.000000, 0.000000, -0.000000, 0.678402, -0.734690, -0.000000, 0.734690, 0.678403),

              ["RightLowerLeg"] = CFrame.new(0.000000, 0.117966, -0.062893, 1.000000, 0.000000, 0.000000, -0.000000, 0.350677, 0.936502, 0.000000, -0.936497, 0.350662),

              ["RightUpperArm"] = CFrame.new(-0.016970, -0.462585, 0.313303, 0.701439, -0.555167, 0.446960, 0.534440, 0.824598, 0.185506, -0.471548, 0.108752, 0.875108),

              ["RightUpperLeg"] = CFrame.new(-0.056990, -0.015411, 0.216583, 0.409306, -0.896908, -0.167427, 0.543703, 0.387111, -0.744660, 0.732704, 0.213780, 0.646104),

              ["UpperTorso"] = CFrame.new(-0.029047, -0.102253, -0.024164, 0.997883, 0.045332, -0.046632, 0.005780, 0.652369, 0.757879, 0.064778, -0.756545, 0.650726)

          }},

          {Time = 0.067, Data = {

              ["Head"] = CFrame.new(0.000358, 0.041188, 0.049350, 0.159668, -0.040858, 0.986325, 0.418758, 0.907596, -0.030192, -0.893951, 0.417852, 0.162024),

              ["LeftFoot"] = CFrame.new(0.000000, 0.030911, -0.000002, 0.976798, -0.163823, -0.137944, 0.160073, 0.986376, -0.037937, 0.142272, 0.014982, 0.989713),

              ["LeftHand"] = CFrame.new(0.000492, 0.012583, -0.000000, 0.992673, -0.104688, 0.060337, 0.089360, 0.972162, 0.216602, -0.081332, -0.209621, 0.974394),

              ["LeftLowerArm"] = CFrame.new(-0.000500, 0.072944, 0.021019, 1.000000, -0.000000, -0.000000, 0.000000, 0.785438, -0.618941, 0.000000, 0.618941, 0.785438),

              ["LeftLowerLeg"] = CFrame.new(-0.000000, 0.123597, -0.078337, 1.000000, -0.000000, -0.000000, 0.000000, 0.189043, 0.981972, -0.000000, -0.981969, 0.189028),

              ["LeftUpperArm"] = CFrame.new(0.000787, -0.305023, 0.286821, 0.803518, 0.362767, -0.471974, -0.371003, 0.925221, 0.079522, 0.465527, 0.111207, 0.878019),

              ["LeftUpperLeg"] = CFrame.new(-0.047395, -0.057551, 0.238904, 0.509412, 0.859448, 0.042998, -0.555614, 0.366640, -0.746228, -0.657110, 0.356264, 0.664301),

              ["LowerTorso"] = CFrame.new(0.000812, -0.640119, -0.558536, 0.997145, 0.011322, 0.074664, 0.027708, 0.864893, -0.501190, -0.070251, 0.501828, 0.862110),

              ["RightFoot"] = CFrame.new(0.000000, 0.028360, -0.000102, 0.982021, 0.144402, 0.121590, -0.157479, 0.981835, 0.105844, -0.104092, -0.123078, 0.986921),

              ["RightHand"] = CFrame.new(-0.000489, 0.016368, -0.000000, 0.844570, 0.462667, -0.269522, -0.351426, 0.858741, 0.372916, 0.403982, -0.220234, 0.887858),

              ["RightLowerArm"] = CFrame.new(0.000000, 0.085426, 0.028938, 1.000000, 0.000000, 0.000000, -0.000000, 0.703333, -0.710861, -0.000000, 0.710861, 0.703333),

              ["RightLowerLeg"] = CFrame.new(0.000000, 0.114714, -0.056643, 1.000000, 0.000000, 0.000000, -0.000000, 0.415653, 0.909530, 0.000000, -0.909523, 0.415639),

              ["RightUpperArm"] = CFrame.new(-0.026018, -0.448485, 0.315163, 0.717865, -0.522476, 0.460096, 0.505899, 0.845511, 0.170817, -0.478264, 0.110139, 0.871282),

              ["RightUpperLeg"] = CFrame.new(-0.056990, -0.015410, 0.216583, 0.444503, -0.871345, -0.207804, 0.539148, 0.445479, -0.714740, 0.715357, 0.205683, 0.667806),

              ["UpperTorso"] = CFrame.new(-0.028926, -0.102720, -0.026544, 0.997895, 0.044708, -0.046966, 0.005682, 0.661230, 0.750162, 0.064594, -0.748850, 0.659584)

          }},

          {Time = 0.100, Data = {

              ["Head"] = CFrame.new(0.000358, 0.041189, 0.049350, 0.133800, -0.043748, 0.990042, 0.417493, 0.908535, -0.016276, -0.898776, 0.415513, 0.139827),

              ["LeftFoot"] = CFrame.new(0.000000, 0.030288, -0.000002, 0.967219, -0.194257, -0.163569, 0.187781, 0.980708, -0.054320, 0.170957, 0.021829, 0.985035),

              ["LeftHand"] = CFrame.new(0.000492, 0.012541, -0.000000, 0.998276, -0.051038, 0.028986, 0.042818, 0.971027, 0.235106, -0.040145, -0.233457, 0.971537),

              ["LeftLowerArm"] = CFrame.new(-0.000500, 0.072809, 0.020943, 1.000000, -0.000000, -0.000000, -0.000000, 0.786226, -0.617939, 0.000000, 0.617939, 0.786226),

              ["LeftLowerLeg"] = CFrame.new(-0.000000, 0.121587, -0.071132, 1.000000, -0.000000, -0.000000, 0.000000, 0.263891, 0.964557, -0.000000, -0.964553, 0.263876),

              ["LeftUpperArm"] = CFrame.new(0.008317, -0.285399, 0.287011, 0.820155, 0.323093, -0.472183, -0.332382, 0.940803, 0.066419, 0.465691, 0.102472, 0.878995),

              ["LeftUpperLeg"] = CFrame.new(-0.047395, -0.057551, 0.238904, 0.549841, 0.831004, 0.084317, -0.548404, 0.435284, -0.713979, -0.630022, 0.346352, 0.695072),

              ["LowerTorso"] = CFrame.new(0.000733, -0.586480, -0.564447, 0.997125, 0.010649, 0.075018, 0.026531, 0.878330, -0.477318, -0.070973, 0.477937, 0.875522),

              ["RightFoot"] = CFrame.new(-0.000000, 0.027094, -0.000103, 0.971395, 0.181652, 0.152955, -0.197851, 0.975297, 0.098247, -0.131323, -0.125690, 0.983337),

              ["RightHand"] = CFrame.new(-0.000490, 0.015311, -0.000000, 0.860198, 0.440665, -0.256660, -0.344239, 0.873082, 0.345296, 0.376242, -0.208668, 0.902716),

              ["RightLowerArm"] = CFrame.new(0.000000, 0.081828, 0.026357, 1.000000, 0.000000, 0.000000, -0.000000, 0.730105, -0.683334, -0.000000, 0.683335, 0.730106),

              ["RightLowerLeg"] = CFrame.new(-0.000000, 0.110265, -0.049700, 1.000000, 0.000000, 0.000000, -0.000000, 0.487809, 0.872957, 0.000000, -0.872950, 0.487797),

              ["RightUpperArm"] = CFrame.new(-0.037726, -0.430192, 0.315854, 0.739677, -0.478226, 0.473473, 0.468982, 0.870893, 0.146975, -0.482632, 0.113337, 0.868459),

              ["RightUpperLeg"] = CFrame.new(-0.056990, -0.015411, 0.216583, 0.489557, -0.837032, -0.244374, 0.537489, 0.510339, -0.671300, 0.686614, 0.197309, 0.699741),

              ["UpperTorso"] = CFrame.new(-0.028820, -0.103181, -0.028800, 0.997890, 0.044453, -0.047326, 0.005455, 0.668914, 0.743320, 0.064700, -0.742010, 0.667260)

          }},

          {Time = 0.133, Data = {

              ["Head"] = CFrame.new(0.000358, 0.041189, 0.049350, 0.112777, -0.046136, 0.992549, 0.416199, 0.909260, -0.005025, -0.902253, 0.413664, 0.121746),

              ["LeftFoot"] = CFrame.new(0.000000, 0.029280, -0.000002, 0.953971, -0.229411, -0.193170, 0.218710, 0.972879, -0.075312, 0.205197, 0.029599, 0.978271),

              ["LeftHand"] = CFrame.new(0.000492, 0.012087, -0.000000, 0.999998, 0.001140, -0.001505, -0.000731, 0.968801, 0.247841, 0.001741, -0.247837, 0.968800),

              ["LeftLowerArm"] = CFrame.new(-0.000500, 0.071327, 0.020120, 1.000000, -0.000000, -0.000000, 0.000000, 0.794731, -0.606962, 0.000000, 0.606962, 0.794731),

              ["LeftLowerLeg"] = CFrame.new(-0.000000, 0.118580, -0.063683, 1.000000, -0.000000, -0.000000, 0.000000, 0.341418, 0.939917, -0.000000, -0.939911, 0.341404),

              ["LeftUpperArm"] = CFrame.new(0.016856, -0.261752, 0.286087, 0.838706, 0.271557, -0.472048, -0.285675, 0.957354, 0.043171, 0.463641, 0.098645, 0.880515),

              ["LeftUpperLeg"] = CFrame.new(-0.047395, -0.057552, 0.238904, 0.591895, 0.797342, 0.117939, -0.550634, 0.506846, -0.663245, -0.588611, 0.327649, 0.739051),

              ["LowerTorso"] = CFrame.new(0.000549, -0.528899, -0.574694, 0.997094, 0.010154, 0.075496, 0.026028, 0.886016, -0.462924, -0.071591, 0.463544, 0.883177),

              ["RightFoot"] = CFrame.new(-0.000000, 0.025216, -0.000103, 0.956323, 0.223607, 0.188283, -0.242552, 0.966482, 0.084162, -0.163143, -0.126147, 0.978502),

              ["RightHand"] = CFrame.new(-0.000491, 0.014053, 0.000000, 0.876209, 0.416468, -0.242516, -0.333855, 0.887445, 0.317780, 0.347562, -0.197474, 0.916625),

              ["RightLowerArm"] = CFrame.new(-0.000000, 0.077484, 0.023480, 1.000000, 0.000000, 0.000000, -0.000000, 0.759873, -0.650071, -0.000000, 0.650072, 0.759873),

              ["RightLowerLeg"] = CFrame.new(0.000000, 0.104457, -0.042650, 1.000000, 0.000000, 0.000000, -0.000000, 0.561170, 0.827707, 0.000000, -0.827700, 0.561161),

              ["RightUpperArm"] = CFrame.new(-0.050890, -0.407960, 0.315771, 0.764462, -0.422392, 0.487014, 0.424197, 0.898445, 0.113371, -0.485442, 0.119922, 0.866005),

              ["RightUpperLeg"] = CFrame.new(-0.056990, -0.015411, 0.216583, 0.539389, -0.796391, -0.273551, 0.544914, 0.577775, -0.607642, 0.641972, 0.178712, 0.745614),

              ["UpperTorso"] = CFrame.new(-0.028776, -0.103946, -0.029858, 0.997872, 0.044822, -0.047352, 0.005322, 0.667827, 0.744298, 0.064984, -0.742966, 0.666167)

          }},

          {Time = 0.167, Data = {

              ["Head"] = CFrame.new(0.000358, 0.041189, 0.049350, 0.096210, -0.048042, 0.994201, 0.415012, 0.909808, 0.003803, -0.904715, 0.412239, 0.107471),

              ["LeftFoot"] = CFrame.new(0.000000, 0.028151, -0.000002, 0.936508, -0.268230, -0.225856, 0.250510, 0.962477, -0.104324, 0.245350, 0.041121, 0.968558),

              ["LeftHand"] = CFrame.new(0.000492, 0.011306, 0.000000, 0.998416, 0.048211, -0.029015, -0.039521, 0.967886, 0.248268, 0.040052, -0.246725, 0.968257),

              ["LeftLowerArm"] = CFrame.new(-0.000500, 0.067879, 0.018112, 1.000000, -0.000000, -0.000000, 0.000000, 0.815351, -0.578967, 0.000000, 0.578967, 0.815351),

              ["LeftLowerLeg"] = CFrame.new(-0.000000, 0.114885, -0.056494, 1.000000, -0.000000, -0.000000, 0.000000, 0.416154, 0.909300, -0.000000, -0.909294, 0.416140),

              ["LeftUpperArm"] = CFrame.new(0.024835, -0.235356, 0.284985, 0.856015, 0.209033, -0.472805, -0.233423, 0.972348, 0.007276, 0.461251, 0.104136, 0.881137),

              ["LeftUpperLeg"] = CFrame.new(-0.047395, -0.057551, 0.238904, 0.630345, 0.763106, 0.142612, -0.567756, 0.578429, -0.585710, -0.529451, 0.288250, 0.797876),

              ["LowerTorso"] = CFrame.new(0.000125, -0.468361, -0.592529, 0.997058, 0.010211, 0.075967, 0.026619, 0.883277, -0.468094, -0.071879, 0.468739, 0.880407),

              ["RightFoot"] = CFrame.new(-0.000000, 0.023161, -0.000103, 0.936626, 0.267988, 0.225652, -0.288035, 0.955704, 0.060553, -0.199417, -0.121707, 0.972324),

              ["RightHand"] = CFrame.new(-0.000492, 0.012126, -0.000000, 0.892535, 0.389747, -0.226894, -0.319915, 0.901784, 0.290587, 0.317862, -0.186770, 0.929558),

              ["RightLowerArm"] = CFrame.new(-0.000000, 0.071880, 0.020370, 1.000000, 0.000000, 0.000000, 0.000000, 0.792149, -0.610328, -0.000000, 0.610328, 0.792149),

              ["RightLowerLeg"] = CFrame.new(-0.000000, 0.097737, -0.035894, 1.000000, 0.000000, 0.000000, -0.000000, 0.631367, 0.775490, 0.000000, -0.775485, 0.631360),

              ["RightUpperArm"] = CFrame.new(-0.064404, -0.382009, 0.315250, 0.790001, -0.355428, 0.499570, 0.371985, 0.925575, 0.070275, -0.487367, 0.130316, 0.863418),

              ["RightUpperLeg"] = CFrame.new(-0.056990, -0.015410, 0.216583, 0.589195, -0.752493, -0.294300, 0.565313, 0.644145, -0.515251, 0.577295, 0.137230, 0.804925),

              ["UpperTorso"] = CFrame.new(-0.028840, -0.105339, -0.028608, 0.997847, 0.046070, -0.046684, 0.005529, 0.650151, 0.759785, 0.065355, -0.758407, 0.648497)

          }},

          {Time = 0.200, Data = {

              ["Head"] = CFrame.new(0.000358, 0.041189, 0.049350, 0.083729, -0.049491, 0.995259, 0.414022, 0.910207, 0.010431, -0.906408, 0.411185, 0.096701),

              ["LeftFoot"] = CFrame.new(-0.000000, 0.026951, -0.000002, 0.915399, -0.307933, -0.259286, 0.279294, 0.949675, -0.141825, 0.289894, 0.057406, 0.955330),

              ["LeftHand"] = CFrame.new(0.000493, 0.010062, -0.000000, 0.994994, 0.085915, -0.051056, -0.071984, 0.970472, 0.230224, 0.069328, -0.225394, 0.971797),

              ["LeftLowerArm"] = CFrame.new(-0.000500, 0.061564, 0.014689, 1.000000, -0.000000, -0.000000, 0.000000, 0.850396, -0.526143, 0.000000, 0.526143, 0.850396),

              ["LeftLowerLeg"] = CFrame.new(-0.000000, 0.110679, -0.049908, 1.000000, -0.000000, -0.000000, 0.000000, 0.484611, 0.874736, -0.000000, -0.874730, 0.484599),

              ["LeftUpperArm"] = CFrame.new(0.030765, -0.207991, 0.284977, 0.869086, 0.137216, -0.475249, -0.179173, 0.982838, -0.043883, 0.461072, 0.123291, 0.878756),

              ["LeftUpperLeg"] = CFrame.new(-0.047394, -0.057551, 0.238905, 0.662570, 0.731759, 0.159795, -0.596205, 0.644389, -0.478839, -0.453367, 0.222016, 0.863237),

              ["LowerTorso"] = CFrame.new(-0.000598, -0.406937, -0.618129, 0.997018, 0.010994, 0.076381, 0.028365, 0.868298, -0.495230, -0.071766, 0.495920, 0.865397),

              ["RightFoot"] = CFrame.new(0.000000, 0.020498, -0.000103, 0.913384, 0.311415, 0.262218, -0.329340, 0.943846, 0.026258, -0.239302, -0.110340, 0.964651),

              ["RightHand"] = CFrame.new(-0.000493, 0.010588, -0.000000, 0.909147, 0.359961, -0.209480, -0.303189, 0.916870, 0.259669, 0.285533, -0.172563, 0.942704),

              ["RightLowerArm"] = CFrame.new(-0.000000, 0.065126, 0.016540, 1.000000, 0.000000, 0.000000, -0.000000, 0.831469, -0.555572, -0.000000, 0.555572, 0.831469),

              ["RightLowerLeg"] = CFrame.new(0.000000, 0.090135, -0.029900, 1.000000, 0.000000, 0.000000, -0.000000, 0.693726, 0.720244, 0.000000, -0.720239, 0.693721),

              ["RightUpperArm"] = CFrame.new(-0.077277, -0.352576, 0.314550, 0.814309, -0.275515, 0.510874, 0.312820, 0.949716, 0.013563, -0.488922, 0.148768, 0.859549),

              ["RightUpperLeg"] = CFrame.new(-0.056990, -0.015410, 0.216583, 0.635862, -0.708525, -0.306073, 0.593730, 0.702412, -0.392542, 0.493116, 0.067898, 0.867312),

              ["UpperTorso"] = CFrame.new(-0.029023, -0.107325, -0.024725, 0.997815, 0.048157, -0.045223, 0.006207, 0.613180, 0.789919, 0.065770, -0.788474, 0.611541)

          }},

          {Time = 0.233, Data = {

              ["Head"] = CFrame.new(0.000358, 0.041188, 0.049350, 0.074985, -0.050512, 0.995905, 0.413279, 0.910480, 0.015062, -0.907512, 0.410457, 0.089148),

              ["LeftFoot"] = CFrame.new(-0.000000, 0.025445, -0.000003, 0.895473, -0.340497, -0.286706, 0.300121, 0.937516, -0.176052, 0.328718, 0.071597, 0.941704),

              ["LeftHand"] = CFrame.new(0.000494, 0.008513, -0.000000, 0.991832, 0.109746, -0.064996, -0.096091, 0.978019, 0.185058, 0.083876, -0.177299, 0.980576),

              ["LeftLowerArm"] = CFrame.new(-0.000500, 0.051094, 0.009747, 1.000000, -0.000000, -0.000000, 0.000000, 0.900771, -0.434294, 0.000000, 0.434294, 0.900771),

              ["LeftLowerLeg"] = CFrame.new(-0.000000, 0.105916, -0.043932, 1.000000, -0.000000, -0.000000, 0.000000, 0.546786, 0.837279, -0.000000, -0.837273, 0.546775),

              ["LeftUpperArm"] = CFrame.new(0.033480, -0.181810, 0.287538, 0.875564, 0.056674, -0.479767, -0.127231, 0.985087, -0.115825, 0.466048, 0.162454, 0.869717),

              ["LeftUpperLeg"] = CFrame.new(-0.047394, -0.057551, 0.238904, 0.693119, 0.700637, 0.169405, -0.611836, 0.696091, -0.375635, -0.381107, 0.156734, 0.911153),

              ["LowerTorso"] = CFrame.new(-0.001295, -0.352854, -0.640246, 0.996982, 0.011726, 0.076740, 0.029832, 0.854754, -0.518176, -0.071670, 0.518901, 0.851825),

              ["RightFoot"] = CFrame.new(-0.000000, 0.017784, -0.000103, 0.891067, 0.347194, 0.292345, -0.360971, 0.932549, -0.007277, -0.275136, -0.099042, 0.956285),

              ["RightHand"] = CFrame.new(-0.000494, 0.009170, 0.000000, 0.925978, 0.326382, -0.189846, -0.283096, 0.932828, 0.222910, 0.249845, -0.152663, 0.956175),

              ["RightLowerArm"] = CFrame.new(0.000000, 0.056360, 0.012034, 1.000000, 0.000000, 0.000000, -0.000000, 0.877474, -0.479624, -0.000000, 0.479624, 0.877474),

              ["RightLowerLeg"] = CFrame.new(0.000000, 0.082171, -0.024589, 1.000000, 0.000000, 0.000000, -0.000000, 0.748844, 0.662748, 0.000000, -0.662746, 0.748842),

              ["RightUpperArm"] = CFrame.new(-0.088656, -0.319941, 0.313825, 0.835676, -0.182169, 0.518131, 0.247262, 0.967165, -0.058757, -0.490415, 0.177217, 0.853281),

              ["RightUpperLeg"] = CFrame.new(-0.056990, -0.015411, 0.216583, 0.680118, -0.665878, -0.306682, 0.607384, 0.746061, -0.272890, 0.410516, -0.000656, 0.911854),

              ["UpperTorso"] = CFrame.new(-0.029174, -0.109058, -0.021378, 0.997790, 0.049863, -0.043925, 0.006889, 0.579835, 0.814705, 0.066093, -0.813207, 0.578210)

          }},

          {Time = 0.267, Data = {

              ["Head"] = CFrame.new(0.000358, 0.041189, 0.049350, 0.069652, -0.051135, 0.996260, 0.412806, 0.910643, 0.017880, -0.908152, 0.410017, 0.084537),

              ["LeftFoot"] = CFrame.new(-0.000000, 0.024082, -0.000003, 0.882573, -0.359667, -0.302847, 0.312963, 0.930052, -0.192510, 0.350883, 0.075117, 0.933394),

              ["LeftHand"] = CFrame.new(0.000496, 0.005947, -0.000000, 0.990960, 0.115440, -0.068348, -0.108262, 0.989002, 0.100773, 0.079229, -0.092461, 0.992559),

              ["LeftLowerArm"] = CFrame.new(-0.000500, 0.033492, 0.003937, 1.000000, -0.000000, -0.000000, 0.000000, 0.959846, -0.280528, 0.000000, 0.280528, 0.959846),

              ["LeftLowerLeg"] = CFrame.new(0.000000, 0.101159, -0.038701, 1.000000, -0.000000, 0.000000, 0.000000, 0.601074, 0.799200, -0.000000, -0.799194, 0.601065),

              ["LeftUpperArm"] = CFrame.new(0.032258, -0.159065, 0.294054, 0.873989, -0.034325, -0.484733, -0.082087, 0.972740, -0.216885, 0.478963, 0.229346, 0.847346),

              ["LeftUpperLeg"] = CFrame.new(-0.047395, -0.057552, 0.238904, 0.726655, 0.666276, 0.167488, -0.597134, 0.733088, -0.325579, -0.339710, 0.136594, 0.930562),

              ["LowerTorso"] = CFrame.new(-0.001507, -0.316817, -0.645337, 0.996975, 0.011292, 0.076900, 0.029184, 0.862612, -0.505024, -0.072037, 0.505741, 0.859673),

              ["RightFoot"] = CFrame.new(0.000000, 0.015387, -0.000103, 0.874499, 0.371026, 0.312413, -0.382099, 0.923713, -0.027460, -0.298750, -0.095357, 0.949550),

              ["RightHand"] = CFrame.new(-0.000495, 0.007390, 0.000000, 0.942842, 0.288107, -0.167464, -0.258792, 0.949628, 0.176730, 0.209944, -0.123289, 0.969908),

              ["RightLowerArm"] = CFrame.new(0.000000, 0.044147, 0.007070, 1.000000, 0.000000, 0.000000, -0.000000, 0.928017, -0.372539, -0.000000, 0.372539, 0.928016),

              ["RightLowerLeg"] = CFrame.new(0.000000, 0.074718, -0.020244, 1.000000, 0.000000, -0.000000, -0.000000, 0.793754, 0.608239, 0.000000, -0.608239, 0.793754),

              ["RightUpperArm"] = CFrame.new(-0.097841, -0.284429, 0.313093, 0.852695, -0.074697, 0.517041, 0.175962, 0.972958, -0.149630, -0.491883, 0.218569, 0.842781),

              ["RightUpperLeg"] = CFrame.new(-0.056990, -0.015411, 0.216583, 0.722070, -0.627859, -0.290544, 0.592917, 0.778009, -0.207714, 0.356463, -0.022264, 0.934044),

              ["UpperTorso"] = CFrame.new(-0.029100, -0.109850, -0.022817, 0.997796, 0.049673, -0.044006, 0.006862, 0.582337, 0.812918, 0.066006, -0.811428, 0.580713)

          }},

          {Time = 0.300, Data = {

              ["Head"] = CFrame.new(0.000358, 0.041189, 0.049350, 0.067422, -0.051393, 0.996400, 0.412605, 0.910711, 0.019055, -0.908412, 0.409835, 0.082607),

              ["LeftFoot"] = CFrame.new(0.000000, 0.022302, -0.000003, 0.881551, -0.361130, -0.304079, 0.320623, 0.930739, -0.175866, 0.346509, 0.057533, 0.936273),

              ["LeftHand"] = CFrame.new(0.000500, 0.000298, -0.000000, 0.993283, 0.099491, -0.059074, -0.102549, 0.993409, -0.051201, 0.053590, 0.056915, 0.996940),

              ["LeftLowerArm"] = CFrame.new(-0.000500, 0.000814, 0.000001, 1.000000, -0.000000, -0.000000, 0.000000, 0.999974, -0.007175, 0.000000, 0.007173, 0.999974),

              ["LeftLowerLeg"] = CFrame.new(-0.000000, 0.095980, -0.034115, 1.000000, -0.000000, 0.000000, 0.000000, 0.648827, 0.760941, -0.000000, -0.760936, 0.648821),

              ["LeftUpperArm"] = CFrame.new(0.026806, -0.141736, 0.305445, 0.863754, -0.147297, -0.481906, -0.047695, 0.928135, -0.369175, 0.501652, 0.341862, 0.794655),

              ["LeftUpperLeg"] = CFrame.new(-0.047394, -0.057551, 0.238904, 0.766159, 0.624485, 0.151731, -0.539270, 0.753147, -0.376755, -0.349555, 0.206852, 0.913802),

              ["LowerTorso"] = CFrame.new(-0.000801, -0.307463, -0.618732, 0.997011, 0.008635, 0.076774, 0.024569, 0.906710, -0.421038, -0.073248, 0.421666, 0.903788),

              ["RightFoot"] = CFrame.new(0.000000, 0.013773, -0.000103, 0.867185, 0.380940, 0.320760, -0.396142, 0.917988, -0.019241, -0.301765, -0.110378, 0.946965),

              ["RightHand"] = CFrame.new(-0.000497, 0.004660, -0.000000, 0.959346, 0.244076, -0.141711, -0.229375, 0.966826, 0.112408, 0.164445, -0.075332, 0.983505),

              ["RightLowerArm"] = CFrame.new(-0.000000, 0.025768, 0.002244, 1.000000, 0.000000, 0.000000, -0.000000, 0.977043, -0.213042, -0.000000, 0.213041, 0.977043),

              ["RightLowerLeg"] = CFrame.new(0.000000, 0.068246, -0.016664, 1.000000, 0.000000, 0.000000, -0.000000, 0.830491, 0.557029, 0.000000, -0.557032, 0.830493),

              ["RightUpperArm"] = CFrame.new(-0.104297, -0.246394, 0.312207, 0.864290, 0.049031, 0.500599, 0.099629, 0.958833, -0.265921, -0.493029, 0.279707, 0.823825),

              ["RightUpperLeg"] = CFrame.new(-0.056990, -0.015411, 0.216583, 0.760751, -0.596390, -0.256087, 0.545087, 0.801251, -0.246718, 0.352332, 0.048120, 0.934639),

              ["UpperTorso"] = CFrame.new(-0.028603, -0.108361, -0.033321, 0.997847, 0.046070, -0.046684, 0.005529, 0.650151, 0.759785, 0.065355, -0.758407, 0.648497)

          }},

          {Time = 0.333, Data = {

              ["Head"] = CFrame.new(0.000358, 0.041189, 0.049350, 0.068003, -0.051319, 0.996364, 0.412659, 0.910693, 0.018742, -0.908344, 0.409884, 0.083107),

              ["LeftFoot"] = CFrame.new(0.000000, 0.019257, -0.000003, 0.893915, -0.342884, -0.288716, 0.326427, 0.939378, -0.104957, 0.307183, -0.000426, 0.951644),

              ["LeftHand"] = CFrame.new(0.000520, -0.029855, 0.000000, 0.997310, 0.062873, -0.037680, -0.065839, 0.994332, -0.083485, 0.032217, 0.085741, 0.995797),

              ["LeftLowerArm"] = CFrame.new(-0.000499, -0.030018, 0.000163, 1.000000, -0.000000, -0.000000, 0.000000, 1.000000, -0.000001, 0.000000, -0.000000, 1.000000),

              ["LeftLowerLeg"] = CFrame.new(0.000000, 0.087352, -0.027727, 1.000000, -0.000000, -0.000000, 0.000000, 0.715266, 0.698856, -0.000000, -0.698852, 0.715263),

              ["LeftUpperArm"] = CFrame.new(0.017709, -0.130747, 0.320918, 0.846011, -0.186984, -0.499302, -0.025897, 0.920969, -0.388774, 0.532537, 0.341838, 0.774307),

              ["LeftUpperLeg"] = CFrame.new(-0.047395, -0.057552, 0.238904, 0.810568, 0.569189, 0.137860, -0.425008, 0.733652, -0.530195, -0.402923, 0.371186, 0.836593),

              ["LowerTorso"] = CFrame.new(0.000977, -0.320456, -0.548334, 0.997041, 0.003400, 0.076801, 0.014973, 0.971300, -0.237388, -0.075404, 0.237836, 0.968374),

              ["RightFoot"] = CFrame.new(0.000000, 0.012087, -0.000103, 0.870609, 0.376341, 0.316887, -0.408453, 0.911941, 0.039137, -0.274237, -0.163499, 0.947655),

              ["RightHand"] = CFrame.new(-0.000502, -0.002710, 0.000000, 0.974260, 0.195043, -0.113030, -0.192908, 0.980769, 0.029638, 0.116636, -0.007070, 0.993150),

              ["RightLowerArm"] = CFrame.new(0.000000, -0.002706, 0.000015, 1.000000, 0.000000, 0.000000, -0.000000, 1.000000, -0.000001, -0.000000, -0.000000, 1.000000),

              ["RightLowerLeg"] = CFrame.new(-0.000000, 0.059137, -0.012072, 1.000000, 0.000000, 0.000000, -0.000000, 0.877314, 0.479911, 0.000000, -0.479917, 0.877317),

              ["RightUpperArm"] = CFrame.new(-0.107631, -0.207234, 0.310831, 0.869673, 0.180921, 0.459279, 0.021060, 0.915967, -0.400699, -0.493179, 0.358150, 0.792782),

              ["RightUpperLeg"] = CFrame.new(-0.056990, -0.015411, 0.216583, 0.794824, -0.566305, -0.218076, 0.457986, 0.795545, -0.396668, 0.398125, 0.215422, 0.891682),

              ["UpperTorso"] = CFrame.new(-0.027573, -0.100897, -0.054487, 0.997888, 0.038190, -0.052548, 0.002870, 0.782223, 0.622992, 0.064896, -0.621827, 0.780461)

          }},

          {Time = 0.367, Data = {

              ["Head"] = CFrame.new(0.000358, 0.041189, 0.049350, 0.071116, -0.050947, 0.996166, 0.412941, 0.910597, 0.017091, -0.907977, 0.410143, 0.085796),

              ["LeftFoot"] = CFrame.new(-0.000000, 0.013909, -0.000003, 0.912625, -0.312714, -0.263313, 0.328761, 0.944241, 0.018063, 0.242967, -0.103049, 0.964541),

              ["LeftHand"] = CFrame.new(0.000538, -0.057098, -0.000000, 0.999705, 0.020540, -0.012944, -0.021882, 0.993247, -0.113936, 0.010517, 0.114185, 0.993404),

              ["LeftLowerArm"] = CFrame.new(-0.000498, -0.057229, 0.000311, 1.000000, -0.000000, -0.000000, 0.000000, 1.000000, -0.000001, 0.000000, -0.000000, 1.000000),

              ["LeftLowerLeg"] = CFrame.new(-0.000000, 0.070217, -0.017565, 1.000000, -0.000000, -0.000000, 0.000000, 0.820262, 0.571986, -0.000000, -0.571987, 0.820264),

              ["LeftUpperArm"] = CFrame.new(0.007956, -0.124232, 0.335898, 0.826718, -0.216845, -0.519150, -0.012951, 0.915161, -0.402879, 0.562468, 0.339791, 0.753772),

              ["LeftUpperLeg"] = CFrame.new(-0.047395, -0.057551, 0.238904, 0.848233, 0.506579, 0.154534, -0.275012, 0.670635, -0.688913, -0.452625, 0.541873, 0.708180),

              ["LowerTorso"] = CFrame.new(0.003405, -0.332262, -0.449763, 0.996984, -0.003339, 0.077533, 0.002764, 0.999968, 0.007521, -0.077555, -0.007284, 0.996961),

              ["RightFoot"] = CFrame.new(-0.000000, 0.008748, -0.000103, 0.881263, 0.361538, 0.304423, -0.419976, 0.894463, 0.153502, -0.216786, -0.263108, 0.940087),

              ["RightHand"] = CFrame.new(-0.000515, -0.023681, 0.000000, 0.985039, 0.149199, -0.086246, -0.145093, 0.988046, 0.052098, 0.092987, -0.038804, 0.994911),

              ["RightLowerArm"] = CFrame.new(-0.000001, -0.023651, 0.000129, 1.000000, 0.000000, 0.000000, -0.000000, 1.000000, -0.000001, -0.000000, -0.000000, 1.000000),

              ["RightLowerLeg"] = CFrame.new(-0.000000, 0.040566, -0.005271, 1.000000, 0.000000, 0.000000, -0.000000, 0.946407, 0.322963, 0.000000, -0.322976, 0.946411),

              ["RightUpperArm"] = CFrame.new(-0.108010, -0.172202, 0.308824, 0.869171, 0.248303, 0.427653, -0.049241, 0.903959, -0.424774, -0.492054, 0.348143, 0.797922),

              ["RightUpperLeg"] = CFrame.new(-0.056990, -0.015410, 0.216583, 0.820710, -0.531510, -0.209605, 0.343911, 0.752517, -0.561633, 0.456246, 0.388864, 0.800396),

              ["UpperTorso"] = CFrame.new(-0.026279, -0.085091, -0.078865, 0.997830, 0.027776, -0.059700, -0.000623, 0.910613, 0.413260, 0.065842, -0.412326, 0.908654)

          }},

          {Time = 0.400, Data = {

              ["Head"] = CFrame.new(0.000358, 0.041189, 0.049350, 0.076488, -0.050309, 0.995800, 0.413415, 0.910431, 0.014242, -0.907324, 0.410589, 0.090436),

              ["LeftFoot"] = CFrame.new(0.000000, 0.009124, -0.000003, 0.931207, -0.278819, -0.234772, 0.322823, 0.929947, 0.176044, 0.169231, -0.239707, 0.955976),

              ["LeftHand"] = CFrame.new(0.000548, -0.072155, -0.000000, 0.999939, -0.009963, 0.004879, 0.010522, 0.991127, -0.132501, -0.003516, 0.132544, 0.991171),

              ["LeftLowerArm"] = CFrame.new(-0.000498, -0.072268, 0.000393, 1.000000, 0.000000, -0.000000, 0.000000, 1.000000, -0.000001, 0.000000, -0.000000, 1.000000),

              ["LeftLowerLeg"] = CFrame.new(-0.000000, 0.043968, -0.006120, 1.000000, -0.000000, 0.000000, 0.000000, 0.936785, 0.349894, -0.000000, -0.349905, 0.936789),

              ["LeftUpperArm"] = CFrame.new(0.000735, -0.119403, 0.346325, 0.812230, -0.238811, -0.532215, -0.003275, 0.910480, -0.413540, 0.583329, 0.337633, 0.738737),

              ["LeftUpperLeg"] = CFrame.new(-0.047394, -0.057551, 0.238904, 0.869900, 0.444951, 0.212825, -0.125531, 0.617001, -0.776879, -0.476986, 0.649099, 0.592592),

              ["LowerTorso"] = CFrame.new(0.005963, -0.332451, -0.353080, 0.996871, -0.010268, 0.078372, -0.008841, 0.970817, 0.239658, -0.078545, -0.239602, 0.967689),

              ["RightFoot"] = CFrame.new(0.000000, 0.002119, -0.000103, 0.895087, 0.341088, 0.287201, -0.423759, 0.851127, 0.309890, -0.138739, -0.399052, 0.906358),

              ["RightHand"] = CFrame.new(-0.000524, -0.035774, -0.000000, 0.991051, 0.115656, -0.066650, -0.110888, 0.991273, 0.071288, 0.074313, -0.063258, 0.995227),

              ["RightLowerArm"] = CFrame.new(-0.000001, -0.035731, 0.000194, 1.000000, 0.000000, 0.000000, -0.000000, 1.000000, -0.000001, -0.000000, -0.000000, 1.000000),

              ["RightLowerLeg"] = CFrame.new(-0.000000, 0.008073, -0.000161, 1.000000, 0.000000, 0.000000, -0.000000, 0.998205, 0.059881, 0.000000, -0.059898, 0.998206),

              ["RightUpperArm"] = CFrame.new(-0.106779, -0.146637, 0.306741, 0.865469, 0.296214, 0.404007, -0.100590, 0.892789, -0.439099, -0.490760, 0.339388, 0.802478),

              ["RightUpperLeg"] = CFrame.new(-0.056990, -0.015411, 0.216583, 0.835691, -0.489912, -0.248209, 0.224975, 0.717658, -0.659050, 0.501006, 0.494927, 0.709961),

              ["UpperTorso"] = CFrame.new(-0.025098, -0.064355, -0.098096, 0.997696, 0.017232, -0.065620, -0.004617, 0.982209, 0.187736, 0.067688, -0.187000, 0.980025)

          }},

          {Time = 0.433, Data = {

              ["Head"] = CFrame.new(0.000358, 0.041189, 0.049350, 0.083855, -0.049441, 0.995251, 0.414039, 0.910200, 0.010331, -0.906389, 0.411206, 0.096795),

              ["LeftFoot"] = CFrame.new(0.000000, 0.003521, -0.000003, 0.947686, -0.244177, -0.205602, 0.300892, 0.898378, 0.320000, 0.106566, -0.365095, 0.924839),

              ["LeftHand"] = CFrame.new(0.000545, -0.068512, -0.000000, 0.999829, -0.016372, 0.008624, 0.017347, 0.991504, -0.128911, -0.006440, 0.129038, 0.991619),

              ["LeftLowerArm"] = CFrame.new(-0.000498, -0.068630, 0.000373, 1.000000, -0.000000, -0.000000, 0.000000, 1.000000, -0.000001, 0.000000, -0.000000, 1.000000),

              ["LeftLowerLeg"] = CFrame.new(0.000000, 0.015169, -0.000516, 1.000000, -0.000000, 0.000000, 0.000000, 0.993550, 0.113374, 0.000000, -0.113391, 0.993552),

              ["LeftUpperArm"] = CFrame.new(-0.001873, -0.114218, 0.350103, 0.806692, -0.253414, -0.533881, 0.007223, 0.907556, -0.419869, 0.590927, 0.334849, 0.733949),

              ["LeftUpperLeg"] = CFrame.new(-0.047394, -0.057551, 0.238904, 0.872548, 0.393308, 0.289775, -0.002944, 0.597374, -0.801954, -0.488519, 0.698894, 0.522400),

              ["LowerTorso"] = CFrame.new(0.007786, -0.333006, -0.283750, 0.996833, -0.015212, 0.078055, -0.017035, 0.917906, 0.396432, -0.077678, -0.396506, 0.914740),

              ["RightFoot"] = CFrame.new(-0.000000, -0.015085, -0.000103, 0.909678, 0.317697, 0.267505, -0.401626, 0.836934, 0.371838, -0.105749, -0.445657, 0.888919),

              ["RightHand"] = CFrame.new(-0.000521, -0.032304, -0.000000, 0.993212, 0.100829, -0.057989, -0.095789, 0.991854, 0.083967, 0.065982, -0.077840, 0.994780),

              ["RightLowerArm"] = CFrame.new(-0.000001, -0.032266, 0.000176, 1.000000, 0.000000, 0.000000, 0.000000, 1.000000, -0.000001, -0.000000, -0.000000, 1.000000),

              ["RightLowerLeg"] = CFrame.new(-0.000000, -0.015031, -0.000196, 1.000000, 0.000000, 0.000000, -0.000000, 1.000000, -0.000007, -0.000000, -0.000010, 1.000000),

              ["RightUpperArm"] = CFrame.new(-0.105634, -0.134091, 0.305486, 0.861954, 0.319457, 0.393678, -0.125890, 0.887050, -0.444177, -0.491108, 0.333300, 0.804813),

              ["RightUpperLeg"] = CFrame.new(-0.056990, -0.015411, 0.216583, 0.838603, -0.478368, -0.260594, 0.123406, 0.632768, -0.764442, 0.530581, 0.608908, 0.589677),

              ["UpperTorso"] = CFrame.new(-0.024347, -0.046563, -0.108992, 0.997619, 0.008820, -0.068402, -0.007627, 0.999815, 0.017670, 0.068546, -0.017106, 0.997501)

          }},

          {Time = 0.467, Data = {

              ["Head"] = CFrame.new(0.000358, 0.041188, 0.049350, 0.092951, -0.048377, 0.994495, 0.414770, 0.909910, 0.005496, -0.905167, 0.411975, 0.104642),

              ["LeftFoot"] = CFrame.new(-0.000000, 0.001296, -0.000003, 0.962204, -0.208319, -0.175408, 0.261818, 0.884860, 0.385357, 0.074931, -0.416685, 0.905943),

              ["LeftHand"] = CFrame.new(0.000532, -0.048485, 0.000000, 0.999998, -0.002012, 0.000233, 0.002025, 0.994256, -0.107012, -0.000016, 0.107012, 0.994258),

              ["LeftLowerArm"] = CFrame.new(-0.000499, -0.048625, 0.000264, 1.000000, -0.000000, -0.000000, 0.000000, 1.000000, -0.000001, 0.000000, -0.000000, 1.000000),

              ["LeftLowerLeg"] = CFrame.new(-0.000000, 0.005782, 0.000030, 1.000000, -0.000000, 0.000000, 0.000000, 0.999157, 0.041047, 0.000000, -0.041065, 0.999157),

              ["LeftUpperArm"] = CFrame.new(-0.000151, -0.109073, 0.348010, 0.809518, -0.260536, -0.526120, 0.017759, 0.906597, -0.421623, 0.586827, 0.331968, 0.738534),

              ["LeftUpperLeg"] = CFrame.new(-0.047395, -0.057551, 0.238904, 0.858335, 0.377062, 0.347975, 0.084831, 0.564566, -0.821014, -0.506029, 0.734227, 0.452603),

              ["LowerTorso"] = CFrame.new(0.008501, -0.349919, -0.247493, 0.996888, -0.017220, 0.076930, -0.020561, 0.885280, 0.464604, -0.076105, -0.464740, 0.882170),

              ["RightFoot"] = CFrame.new(0.000000, -0.017690, -0.000103, 0.924159, 0.292219, 0.246051, -0.372399, 0.832717, 0.409792, -0.085140, -0.470309, 0.878368),

              ["RightHand"] = CFrame.new(-0.000509, -0.013993, 0.000000, 0.992872, 0.103311, -0.059440, -0.097736, 0.991127, 0.090086, 0.068219, -0.083632, 0.994159),

              ["RightLowerArm"] = CFrame.new(-0.000000, -0.013976, 0.000076, 1.000000, -0.000000, 0.000000, -0.000000, 1.000000, -0.000001, -0.000000, -0.000000, 1.000000),

              ["RightLowerLeg"] = CFrame.new(0.000000, -0.017626, -0.000230, 1.000000, 0.000000, 0.000000, -0.000000, 1.000000, -0.000007, -0.000000, -0.000010, 1.000000),

              ["RightUpperArm"] = CFrame.new(-0.105536, -0.133650, 0.305161, 0.860546, 0.320374, 0.396008, -0.126962, 0.887810, -0.442350, -0.493297, 0.330385, 0.804677),

              ["RightUpperLeg"] = CFrame.new(-0.056990, -0.015410, 0.216583, 0.829968, -0.479973, -0.284216, 0.049832, 0.571278, -0.819240, 0.555580, 0.665783, 0.498063),

              ["UpperTorso"] = CFrame.new(-0.024056, -0.036956, -0.113767, 0.997639, 0.004219, -0.068550, -0.008742, 0.997794, -0.065809, 0.068121, 0.066253, 0.995475)

          }},

          {Time = 0.500, Data = {

              ["Head"] = CFrame.new(0.000358, 0.041189, 0.049350, 0.103510, -0.047152, 0.993510, 0.415562, 0.909565, -0.000128, -0.903656, 0.412878, 0.113744),

              ["LeftFoot"] = CFrame.new(-0.000000, 0.006442, -0.000002, 0.974345, -0.172160, -0.144963, 0.212468, 0.916057, 0.340171, 0.074225, -0.362217, 0.929123),

              ["LeftHand"] = CFrame.new(0.000511, -0.016677, -0.000000, 0.999536, 0.025896, -0.016073, -0.027025, 0.996853, -0.074529, 0.014093, 0.074928, 0.997089),

              ["LeftLowerArm"] = CFrame.new(-0.000499, -0.016856, 0.000091, 1.000000, -0.000000, -0.000000, 0.000000, 1.000000, -0.000001, 0.000000, -0.000000, 1.000000),

              ["LeftLowerLeg"] = CFrame.new(-0.000000, 0.029444, -0.002497, 1.000000, -0.000000, 0.000000, 0.000000, 0.973488, 0.228721, -0.000000, -0.228736, 0.973492),

              ["LeftUpperArm"] = CFrame.new(0.005136, -0.105446, 0.341034, 0.819160, -0.258863, -0.511827, 0.025385, 0.907849, -0.418528, 0.573003, 0.329849, 0.750245),

