return {
["split twerk sequence"] = {
    {Time = 0.000, Data = {
      ["Head"] = CFrame.new(0.000000, -0.000000, -0.000000, 1.000000, 0.000000, 0.000000, 0.000000, 1.000000, 0.000000, 0.000000, 0.000000, 1.000000),
      ["LeftFoot"] = CFrame.new(-0.000000, 0.031770, -0.000001, 1.000000, 0.000000, 0.000000, 0.000000, 0.982245, -0.187603, 0.000000, 0.187603, 0.982245),
      ["LeftHand"] = CFrame.new(0.000484, 0.024099, -0.000000, 0.975371, -0.190735, 0.110780, 0.133685, 0.910671, 0.390905, -0.175444, -0.366468, 0.913740),
      ["LeftLowerArm"] = CFrame.new(-0.000500, 0.116089, 0.072447, 1.000000, 0.000000, 0.000000, 0.000000, 0.251806, -0.967778, 0.000000, 0.967778, 0.251806),
      ["LeftLowerLeg"] = CFrame.new(-0.000000, 0.125153, -0.085653, 1.000000, -0.000000, 0.000000, 0.000000, 0.112841, 0.993613, -0.000000, -0.993613, 0.112841),
      ["LeftUpperArm"] = CFrame.new(-0.314479, -0.488844, -0.042923, -0.134730, 0.792851, -0.594336, -0.977757, -0.203678, -0.050060, -0.160743, 0.574372, 0.802657),
      ["LeftUpperLeg"] = CFrame.new(0.000000, 0.000000, -0.000100, 1.000000, 0.000000, 0.000000, 0.000000, 0.094929, -0.995484, 0.000000, 0.995484, 0.094929),
      ["LowerTorso"] = CFrame.new(0.000000, -0.849676, 0.013487, 1.000000, -0.000000, 0.000000, 0.000000, 0.000854, 1.000000, -0.000000, -1.000000, 0.000854),
      ["RightFoot"] = CFrame.new(0.000000, 0.032061, -0.000101, 1.000000, 0.000000, 0.000000, 0.000000, 0.250116, -0.968216, 0.000000, 0.968216, 0.250116),
      ["RightHand"] = CFrame.new(-0.000485, 0.022831, 0.000000, 0.969722, 0.211171, -0.122664, -0.158733, 0.926734, 0.340541, 0.185589, -0.310759, 0.932194),
      ["RightLowerArm"] = CFrame.new(-0.000000, 0.111832, 0.061418, 1.000000, 0.000000, 0.000000, 0.000000, 0.366371, -0.930469, 0.000000, 0.930469, 0.366371),
      ["RightLowerLeg"] = CFrame.new(0.000000, 0.125146, -0.087222, 1.000000, -0.000000, 0.000000, 0.000000, 0.097483, 0.995237, -0.000000, -0.995237, 0.097483),
      ["RightUpperArm"] = CFrame.new(0.386890, -0.475587, -0.020483, -0.242056, -0.691662, 0.680451, 0.951321, -0.307081, 0.026272, 0.190782, 0.653686, 0.732323),
      ["RightUpperLeg"] = CFrame.new(0.000000, 0.000000, -0.000000, 1.000000, 0.000000, 0.000000, 0.000000, -0.153640, -0.988127, 0.000000, 0.988127, -0.153640),
      ["UpperTorso"] = CFrame.new(-0.000000, -0.000000, -0.000000, 1.000000, 0.000000, 0.000000, 0.000000, 1.000000, 0.000000, 0.000000, 0.000000, 1.000000)
    }},
    {Time = 0.033, Data = {
      ["Head"] = CFrame.new(-0.000000, 0.000000, 0.000000, 1.000000, 0.000345, 0.000173, -0.000345, 1.000000, -0.000000, -0.000173, -0.000000, 1.000000),
      ["LeftFoot"] = CFrame.new(-0.000000, 0.031528, -0.000001, 0.999965, 0.006391, 0.005394, -0.005300, 0.983206, -0.182421, -0.006469, 0.182386, 0.983206),
      ["LeftHand"] = CFrame.new(0.000484, 0.024044, 0.000000, 0.975383, -0.190601, 0.110899, 0.133889, 0.911474, 0.388960, -0.175218, -0.364537, 0.914555),
      ["LeftLowerArm"] = CFrame.new(-0.000499, 0.115788, 0.071440, 1.000000, 0.000000, 0.000000, 0.000000, 0.262223, -0.965007, 0.000000, 0.965007, 0.262223),
      ["LeftLowerLeg"] = CFrame.new(-0.000000, 0.124734, -0.083267, 1.000000, -0.000000, 0.000000, 0.000000, 0.137617, 0.990485, -0.000000, -0.990485, 0.137617),
      ["LeftUpperArm"] = CFrame.new(-0.314552, -0.487812, -0.048930, -0.134335, 0.787488, -0.601512, -0.975725, -0.211064, -0.058413, -0.172957, 0.579064, 0.796725),
      ["LeftUpperLeg"] = CFrame.new(0.000017, 0.000008, -0.000034, 0.999989, -0.004034, -0.002240, -0.002031, 0.050971, -0.998698, 0.004143, 0.998692, 0.050962),
      ["LowerTorso"] = CFrame.new(-0.000757, -0.818607, 0.014236, 1.000000, 0.000668, 0.000312, -0.000298, -0.021612, 0.999766, 0.000675, -0.999766, -0.021612),
      ["RightFoot"] = CFrame.new(-0.000000, 0.031916, -0.000101, 0.999721, 0.018072, 0.015234, 0.008348, 0.332983, -0.942896, -0.022113, 0.942760, 0.332739),
      ["RightHand"] = CFrame.new(-0.000485, 0.022735, -0.000000, 0.969999, 0.210211, -0.122124, -0.158645, 0.927963, 0.337219, 0.184214, -0.307728, 0.933471),
      ["RightLowerArm"] = CFrame.new(-0.000001, 0.111436, 0.060587, 1.000000, 0.000000, 0.000000, 0.000000, 0.374990, -0.927029, 0.000000, 0.927029, 0.374990),
      ["RightLowerLeg"] = CFrame.new(0.000000, 0.124828, -0.084877, 1.000000, -0.000000, 0.000000, 0.000000, 0.121902, 0.992542, -0.000000, -0.992542, 0.121902),
      ["RightUpperArm"] = CFrame.new(0.386972, -0.474407, -0.025606, -0.241406, -0.687899, 0.684484, 0.949252, -0.313925, 0.019294, 0.201605, 0.654405, 0.728773),
      ["RightUpperLeg"] = CFrame.new(-0.000014, -0.000009, 0.000057, 0.999465, -0.025393, -0.020621, -0.025284, -0.199727, -0.979526, 0.020755, 0.979523, -0.200262),
      ["UpperTorso"] = CFrame.new(-0.000129, -0.000130, -0.000215, 1.000000, -0.000863, 0.000091, 0.000864, 0.999947, -0.010272, -0.000082, 0.010272, 0.999947)
    }},
    {Time = 0.067, Data = {
      ["Head"] = CFrame.new(-0.000000, -0.000000, -0.000000, 0.999999, 0.001295, 0.000604, -0.001295, 0.999999, -0.000000, -0.000604, -0.000000, 1.000000),
      ["LeftFoot"] = CFrame.new(-0.000000, 0.030664, -0.000002, 0.999651, 0.020214, 0.017024, -0.016930, 0.984458, -0.174804, -0.020293, 0.174455, 0.984456),
      ["LeftHand"] = CFrame.new(0.000485, 0.023772, -0.000000, 0.975002, -0.191717, 0.112323, 0.135464, 0.913574, 0.383447, -0.176128, -0.358646, 0.916707),
      ["LeftLowerArm"] = CFrame.new(-0.000500, 0.114830, 0.068719, 1.000000, 0.000000, 0.000000, 0.000000, 0.290572, -0.956853, 0.000000, 0.956853, 0.290572),
      ["LeftLowerLeg"] = CFrame.new(-0.000000, 0.123068, -0.076372, 1.000000, -0.000000, 0.000000, 0.000000, 0.209515, 0.977805, -0.000000, -0.977805, 0.209515),
      ["LeftUpperArm"] = CFrame.new(-0.315260, -0.484324, -0.066249, -0.134127, 0.772327, -0.620903, -0.968848, -0.233837, -0.081574, -0.208192, 0.590619, 0.779631),
      ["LeftUpperLeg"] = CFrame.new(0.000069, 0.000031, 0.000164, 0.999890, -0.011677, -0.009134, -0.009780, -0.056445, -0.998358, 0.011142, 0.998337, -0.056553),
      ["LowerTorso"] = CFrame.new(-0.002873, -0.733608, 0.016088, 0.999996, 0.002457, 0.001142, -0.000932, -0.083745, 0.996487, 0.002544, -0.996484, -0.083742),
      ["RightFoot"] = CFrame.new(0.000000, 0.031080, -0.000102, 0.998732, 0.038492, 0.032441, 0.007090, 0.530476, -0.847670, -0.049838, 0.846825, 0.529531),
      ["RightHand"] = CFrame.new(-0.000485, 0.022578, 0.000000, 0.970254, 0.209344, -0.121582, -0.159843, 0.931157, 0.327715, 0.181818, -0.298533, 0.936921),
      ["RightLowerArm"] = CFrame.new(-0.000000, 0.110370, 0.058305, 1.000000, 0.000000, 0.000000, 0.000000, 0.398601, -0.917125, 0.000000, 0.917125, 0.398601),
      ["RightLowerLeg"] = CFrame.new(0.000000, 0.123333, -0.078187, 1.000000, -0.000000, 0.000000, 0.000000, 0.191614, 0.981470, -0.000000, -0.981470, 0.191614),
      ["RightUpperArm"] = CFrame.new(0.387685, -0.470504, -0.040451, -0.240305, -0.677510, 0.695150, 0.942402, -0.334481, -0.000217, 0.232662, 0.655059, 0.718865),
      ["RightUpperLeg"] = CFrame.new(-0.000055, -0.000036, 0.000229, 0.996962, -0.063198, -0.045528, -0.062996, -0.310481, -0.948490, 0.045807, 0.948477, -0.313519),
      ["UpperTorso"] = CFrame.new(-0.000515, -0.000476, -0.000839, 0.999995, -0.003275, 0.000322, 0.003285, 0.999257, -0.038406, -0.000196, 0.038407, 0.999262)
    }},
    {Time = 0.100, Data = {
      ["Head"] = CFrame.new(-0.000001, -0.000000, -0.000000, 0.999995, 0.002762, 0.001208, -0.002762, 0.999996, -0.000088, -0.001209, 0.000085, 0.999999),
      ["LeftFoot"] = CFrame.new(-0.000000, 0.029516, -0.000002, 0.998977, 0.034556, 0.029165, -0.028884, 0.983896, -0.176391, -0.034791, 0.175368, 0.983888),
      ["LeftHand"] = CFrame.new(0.000485, 0.023303, 0.000000, 0.973345, -0.197406, 0.116752, 0.140907, 0.916377, 0.374699, -0.180957, -0.348260, 0.919766),
      ["LeftLowerArm"] = CFrame.new(-0.000500, 0.113178, 0.064626, 1.000000, 0.000000, 0.000000, 0.000000, 0.333100, -0.942891, 0.000000, 0.942891, 0.333100),
      ["LeftLowerLeg"] = CFrame.new(-0.000000, 0.119294, -0.065268, 1.000000, -0.000000, 0.000000, 0.000000, 0.324901, 0.945748, -0.000000, -0.945748, 0.324901),
      ["LeftUpperArm"] = CFrame.new(-0.317531, -0.477158, -0.094043, -0.136164, 0.748332, -0.649199, -0.954672, -0.274197, -0.115832, -0.264689, 0.604000, 0.751747),
      ["LeftUpperLeg"] = CFrame.new(0.000154, 0.000069, 0.000490, 0.999655, -0.016112, -0.020737, -0.023378, -0.186339, -0.982207, 0.011961, 0.982353, -0.186651),
      ["LowerTorso"] = CFrame.new(-0.006106, -0.607184, 0.017865, 0.999984, 0.005100, 0.002599, -0.001657, -0.176726, 0.984259, 0.005479, -0.984247, -0.176715),
      ["RightFoot"] = CFrame.new(-0.000000, 0.030019, -0.000102, 0.997749, 0.051280, 0.043205, -0.010090, 0.751806, -0.659307, -0.066291, 0.657387, 0.750632),
      ["RightHand"] = CFrame.new(-0.000485, 0.022176, 0.000000, 0.969527, 0.211841, -0.123047, -0.164694, 0.935435, 0.312791, 0.181364, -0.282994, 0.941818),
      ["RightLowerArm"] = CFrame.new(-0.000000, 0.108550, 0.054973, 1.000000, 0.000000, 0.000000, 0.000000, 0.433212, -0.901292, 0.000000, 0.901292, 0.433212),
      ["RightLowerLeg"] = CFrame.new(-0.000000, 0.119959, -0.067391, 1.000000, -0.000000, 0.000000, 0.000000, 0.303876, 0.952712, -0.000000, -0.952712, 0.303876),
      ["RightUpperArm"] = CFrame.new(0.389936, -0.462745, -0.064476, -0.240807, -0.661444, 0.710284, 0.928380, -0.370405, -0.030187, 0.283060, 0.652144, 0.703268),
      ["RightUpperLeg"] = CFrame.new(-0.000123, -0.000079, 0.000511, 0.994044, -0.093999, -0.055142, -0.091277, -0.441687, -0.892514, 0.059540, 0.892232, -0.447637),
      ["UpperTorso"] = CFrame.new(-0.001156, -0.000954, -0.001851, 0.999974, -0.007141, 0.000721, 0.007176, 0.996703, -0.080816, -0.000141, 0.080819, 0.996729)
    }},
    {Time = 0.133, Data = {
      ["Head"] = CFrame.new(-0.000001, 0.000000, -0.000000, 0.999987, 0.004662, 0.002158, -0.004661, 0.999989, -0.000178, -0.002158, 0.000168, 0.999998),
      ["LeftFoot"] = CFrame.new(0.000000, 0.027352, -0.000002, 0.998203, 0.045849, 0.038577, -0.037255, 0.979143, -0.199728, -0.046930, 0.197932, 0.979092),
      ["LeftHand"] = CFrame.new(0.000485, 0.022748, 0.000000, 0.969447, -0.210469, 0.125997, 0.152594, 0.919594, 0.362025, -0.192061, -0.331738, 0.923614),
      ["LeftLowerArm"] = CFrame.new(-0.000500, 0.110768, 0.059354, 1.000000, 0.000000, 0.000000, 0.000000, 0.387760, -0.921760, 0.000000, 0.921760, 0.387760),
      ["LeftLowerLeg"] = CFrame.new(0.000000, 0.112155, -0.052102, 1.000000, -0.000000, 0.000000, 0.000000, 0.461793, 0.886988, -0.000000, -0.886988, 0.461793),
      ["LeftUpperArm"] = CFrame.new(-0.322187, -0.464554, -0.131007, -0.142074, 0.715587, -0.683923, -0.929690, -0.333678, -0.155999, -0.339841, 0.613673, 0.712680),
      ["LeftUpperLeg"] = CFrame.new(0.000271, 0.000121, 0.000941, 0.999422, -0.009799, -0.032547, -0.033979, -0.312850, -0.949195, -0.000881, 0.949752, -0.313002),
      ["LowerTorso"] = CFrame.new(-0.010204, -0.452224, 0.018308, 0.999953, 0.008485, 0.004777, -0.002106, -0.290564, 0.956853, 0.009507, -0.956818, -0.290533),
      ["RightFoot"] = CFrame.new(-0.000000, 0.027998, -0.000103, 0.996219, 0.066477, 0.055934, -0.038149, 0.913155, -0.405823, -0.078054, 0.402154, 0.912239),
      ["RightHand"] = CFrame.new(-0.000486, 0.021581, 0.000000, 0.966751, 0.221103, -0.128479, -0.176142, 0.939982, 0.292245, 0.185385, -0.259898, 0.947674),
      ["RightLowerArm"] = CFrame.new(-0.000000, 0.105974, 0.050806, 1.000000, 0.000000, 0.000000, 0.000000, 0.476468, -0.879192, 0.000000, 0.879192, 0.476468),
      ["RightLowerLeg"] = CFrame.new(-0.000000, 0.113507, -0.054640, 1.000000, -0.000000, 0.000000, 0.000000, 0.436515, 0.899697, -0.000000, -0.899697, 0.436515),
      ["RightUpperArm"] = CFrame.new(0.394592, -0.449512, -0.096714, -0.244496, -0.640235, 0.728231, 0.903996, -0.422157, -0.067638, 0.350733, 0.641781, 0.681985),
      ["RightUpperLeg"] = CFrame.new(-0.000218, -0.000140, 0.000902, 0.991935, -0.118553, -0.044845, -0.104704, -0.567001, -0.817036, 0.071435, 0.815142, -0.574841),
      ["UpperTorso"] = CFrame.new(-0.002048, -0.001467, -0.003232, 0.999924, -0.012287, 0.001257, 0.012345, 0.990961, -0.133580, 0.000396, 0.133585, 0.991037)
    }},
    {Time = 0.167, Data = {
      ["Head"] = CFrame.new(-0.000002, 0.000000, -0.000000, 0.999970, 0.006992, 0.003193, -0.006992, 0.999976, -0.000184, -0.003194, 0.000161, 0.999995),
      ["LeftFoot"] = CFrame.new(-0.000000, 0.024553, -0.000002, 0.997671, 0.052161, 0.043947, -0.039211, 0.965829, -0.256196, -0.055809, 0.253876, 0.965625),
      ["LeftHand"] = CFrame.new(0.000486, 0.021998, -0.000000, 0.962287, -0.232651, 0.140987, 0.172570, 0.922697, 0.344747, -0.210294, -0.307415, 0.928048),
      ["LeftLowerArm"] = CFrame.new(-0.000499, 0.107275, 0.053019, 1.000000, 0.000000, 0.000000, 0.000000, 0.453521, -0.891245, 0.000000, 0.891245, 0.453521),
      ["LeftLowerLeg"] = CFrame.new(0.000000, 0.103035, -0.040745, 1.000000, -0.000000, 0.000000, 0.000000, 0.579873, 0.814707, -0.000000, -0.814707, 0.579873),
      ["LeftUpperArm"] = CFrame.new(-0.329614, -0.444792, -0.174668, -0.152541, 0.673829, -0.722970, -0.890447, -0.411071, -0.195254, -0.428760, 0.613983, 0.662714),
      ["LeftUpperLeg"] = CFrame.new(0.000421, 0.000186, 0.001516, 0.999316, 0.014005, -0.034222, -0.024814, -0.432180, -0.901446, -0.027415, 0.901679, -0.431537),
      ["LowerTorso"] = CFrame.new(-0.014919, -0.281973, 0.016812, 0.999897, 0.012162, 0.007570, -0.001855, -0.414102, 0.910229, 0.014205, -0.910149, -0.414037),
      ["RightFoot"] = CFrame.new(-0.000000, 0.025568, -0.000103, 0.992369, 0.094334, 0.079409, -0.079966, 0.982556, -0.167899, -0.093862, 0.160268, 0.982601),
      ["RightHand"] = CFrame.new(-0.000486, 0.020811, -0.000000, 0.960981, 0.239157, -0.138994, -0.196468, 0.943839, 0.265646, 0.194719, -0.227972, 0.953998),
      ["RightLowerArm"] = CFrame.new(-0.000000, 0.102528, 0.045885, 1.000000, 0.000000, 0.000000, 0.000000, 0.527538, -0.849532, 0.000000, 0.849532, 0.527538),
      ["RightLowerLeg"] = CFrame.new(-0.000000, 0.105493, -0.043783, 1.000000, -0.000000, 0.000000, 0.000000, 0.549349, 0.835593, -0.000000, -0.835593, 0.549349),
      ["RightUpperArm"] = CFrame.new(0.402161, -0.429237, -0.135078, -0.252738, -0.613564, 0.748106, 0.866034, -0.488218, -0.107836, 0.431403, 0.620631, 0.654758),
      ["RightUpperLeg"] = CFrame.new(-0.000338, -0.000218, 0.001400, 0.990006, -0.140975, -0.003862, -0.099851, -0.681347, -0.725118, 0.099592, 0.718257, -0.688614),
      ["UpperTorso"] = CFrame.new(-0.003187, -0.001925, -0.004948, 0.999828, -0.018455, 0.001969, 0.018488, 0.981083, -0.192701, 0.001625, 0.192704, 0.981256)
    }},
    {Time = 0.200, Data = {
      ["Head"] = CFrame.new(-0.000002, 0.000000, -0.000000, 0.999944, 0.009668, 0.004401, -0.009667, 0.999953, -0.000280, -0.004404, 0.000238, 0.999990),
      ["LeftFoot"] = CFrame.new(0.000000, 0.022515, -0.000003, 0.997655, 0.052322, 0.044120, -0.033596, 0.936019, -0.350344, -0.059628, 0.348040, 0.935582),
      ["LeftHand"] = CFrame.new(0.000486, 0.020859, -0.000000, 0.951131, -0.263352, 0.161233, 0.201652, 0.925166, 0.321565, -0.233852, -0.273337, 0.933060),
      ["LeftLowerArm"] = CFrame.new(-0.000500, 0.102255, 0.045673, 1.000000, 0.000000, 0.000000, 0.000000, 0.529717, -0.848174, 0.000000, 0.848174, 0.529717),
      ["LeftLowerLeg"] = CFrame.new(0.000000, 0.096619, -0.034655, 1.000000, -0.000000, 0.000000, 0.000000, 0.643201, 0.765697, -0.000000, -0.765697, 0.643201),
      ["LeftUpperArm"] = CFrame.new(-0.339592, -0.417039, -0.221220, -0.167325, 0.622252, -0.764725, -0.835321, -0.501485, -0.225283, -0.523681, 0.601095, 0.603691),
      ["LeftUpperLeg"] = CFrame.new(0.000602, 0.000264, 0.002210, 0.998113, 0.059263, -0.016056, 0.019328, -0.551462, -0.833976, -0.058279, 0.832093, -0.551567),
      ["LowerTorso"] = CFrame.new(-0.020015, -0.109693, 0.013946, 0.999808, 0.016192, 0.010995, -0.000611, -0.535686, 0.844417, 0.019563, -0.844262, -0.535573),
      ["RightFoot"] = CFrame.new(-0.000000, 0.024000, -0.000103, 0.982453, 0.142680, 0.120118, -0.140576, 0.989732, -0.025858, -0.122574, 0.008518, 0.992423),
      ["RightHand"] = CFrame.new(-0.000487, 0.019651, 0.000000, 0.951496, 0.265953, -0.154676, -0.226566, 0.945828, 0.232546, 0.208143, -0.186222, 0.960207),
      ["RightLowerArm"] = CFrame.new(-0.000000, 0.097835, 0.040279, 1.000000, 0.000000, 0.000000, 0.000000, 0.585708, -0.810522, 0.000000, 0.810522, 0.585708),
      ["RightLowerLeg"] = CFrame.new(-0.000000, 0.100150, -0.038047, 1.000000, -0.000000, 0.000000, 0.000000, 0.608946, 0.793212, -0.000000, -0.793212, 0.608946),
      ["RightUpperArm"] = CFrame.new(0.412593, -0.401173, -0.176176, -0.265350, -0.581006, 0.769429, 0.813027, -0.563793, -0.145342, 0.518244, 0.587000, 0.621976),
      ["RightUpperLeg"] = CFrame.new(-0.000483, -0.000311, 0.002002, 0.983072, -0.165780, 0.078018, -0.083906, -0.785886, -0.612653, 0.162879, 0.595736, -0.786492),
      ["UpperTorso"] = CFrame.new(-0.004570, -0.002257, -0.006950, 0.999669, -0.025565, 0.002867, 0.025455, 0.966849, -0.254077, 0.003723, 0.254066, 0.967180)
    }},
    {Time = 0.233, Data = {
      ["Head"] = CFrame.new(-0.000003, 0.000000, -0.000000, 0.999905, 0.012517, 0.005695, -0.012515, 0.999922, -0.000381, -0.005699, 0.000310, 0.999984),
      ["LeftFoot"] = CFrame.new(0.000000, 0.021818, -0.000003, 0.997573, 0.053253, 0.044851, -0.026719, 0.887675, -0.459695, -0.064293, 0.457382, 0.886943),
      ["LeftHand"] = CFrame.new(0.000488, 0.019229, -0.000000, 0.935742, -0.300073, 0.185316, 0.239264, 0.926155, 0.291529, -0.259112, -0.228456, 0.938440),
      ["LeftLowerArm"] = CFrame.new(-0.000500, 0.095204, 0.037478, 1.000000, 0.000000, 0.000000, 0.000000, 0.614726, -0.788741, 0.000000, 0.788741, 0.614726),
      ["LeftLowerLeg"] = CFrame.new(0.000000, 0.094511, -0.032893, 1.000000, -0.000000, 0.000000, 0.000000, 0.661482, 0.749961, -0.000000, -0.749961, 0.661482),
      ["LeftUpperArm"] = CFrame.new(-0.351352, -0.382212, -0.266093, -0.184889, 0.560419, -0.807309, -0.766074, -0.596744, -0.238803, -0.615587, 0.574306, 0.539653),
      ["LeftUpperLeg"] = CFrame.new(0.000813, 0.000354, 0.003022, 0.992628, 0.120706, 0.010947, 0.088373, -0.658999, -0.746934, -0.082945, 0.742395, -0.664808),
      ["LowerTorso"] = CFrame.new(-0.025273, 0.051872, 0.011607, 0.999681, 0.020304, 0.015028, 0.001615, -0.645095, 0.764102, 0.025209, -0.763833, -0.644922),
      ["RightFoot"] = CFrame.new(-0.000000, 0.023129, -0.000103, 0.963477, 0.204843, 0.172485, -0.210267, 0.977550, 0.013585, -0.165829, -0.049357, 0.984919),
      ["RightHand"] = CFrame.new(-0.000488, 0.018064, -0.000000, 0.938009, 0.299596, -0.174304, -0.265813, 0.944512, 0.192979, 0.222447, -0.134684, 0.965597),
      ["RightLowerArm"] = CFrame.new(-0.000000, 0.091620, 0.034075, 1.000000, 0.000000, 0.000000, 0.000000, 0.650095, -0.759853, 0.000000, 0.759853, 0.650095),
      ["RightLowerLeg"] = CFrame.new(-0.000000, 0.097644, -0.035812, 1.000000, -0.000000, 0.000000, 0.000000, 0.632253, 0.774762, -0.000000, -0.774762, 0.632253),
      ["RightUpperArm"] = CFrame.new(0.425279, -0.366175, -0.215817, -0.281256, -0.541931, 0.791964, 0.746521, -0.642130, -0.174285, 0.602994, 0.542199, 0.585165),
      ["RightUpperLeg"] = CFrame.new(-0.000652, -0.000421, 0.002705, 0.963020, -0.193659, 0.187318, -0.076850, -0.863797, -0.497945, 0.258237, 0.465135, -0.846737),
      ["UpperTorso"] = CFrame.new(-0.006193, -0.002424, -0.009174, 0.999435, -0.033381, 0.003891, 0.032914, 0.948871, -0.313944, 0.006788, 0.313894, 0.949434)
    }},
    {Time = 0.267, Data = {
      ["Head"] = CFrame.new(-0.000004, 0.000000, 0.000000, 0.999854, 0.015539, 0.007075, -0.015536, 0.999879, -0.000487, -0.007082, 0.000377, 0.999975),
      ["LeftFoot"] = CFrame.new(0.000000, 0.021904, -0.000003, 0.996330, 0.065491, 0.055104, -0.023799, 0.830410, -0.556644, -0.082214, 0.553290, 0.828922),
      ["LeftHand"] = CFrame.new(0.000489, 0.016546, -0.000000, 0.916790, -0.339074, 0.211010, 0.282933, 0.924333, 0.256040, -0.281860, -0.175033, 0.943355),
      ["LeftLowerArm"] = CFrame.new(-0.000500, 0.085584, 0.029130, 1.000000, 0.000000, 0.000000, 0.000000, 0.701358, -0.712809, 0.000000, 0.712809, 0.701358),
      ["LeftLowerLeg"] = CFrame.new(-0.000000, 0.094776, -0.033110, 1.000000, -0.000000, 0.000000, 0.000000, 0.659277, 0.751900, -0.000000, -0.751900, 0.659277),
      ["LeftUpperArm"] = CFrame.new(-0.363864, -0.343273, -0.305102, -0.203315, 0.490798, -0.847219, -0.688700, -0.686739, -0.232557, -0.695956, 0.536198, 0.477637),
      ["LeftUpperLeg"] = CFrame.new(0.001054, 0.000455, 0.003949, 0.981650, 0.189016, 0.025229, 0.158654, -0.736143, -0.657968, -0.105795, 0.649897, -0.752623),
      ["LowerTorso"] = CFrame.new(-0.030498, 0.190997, 0.012793, 0.999509, 0.024497, 0.019524, 0.004765, -0.734919, 0.678139, 0.030961, -0.677713, -0.734675),
      ["RightFoot"] = CFrame.new(0.000000, 0.022472, -0.000103, 0.938313, 0.264515, 0.222712, -0.265761, 0.963717, -0.024924, -0.221224, -0.035801, 0.974566),
      ["RightHand"] = CFrame.new(-0.000490, 0.015873, 0.000000, 0.920997, 0.336695, -0.195964, -0.311406, 0.938527, 0.148974, 0.234076, -0.076180, 0.969229),
      ["RightLowerArm"] = CFrame.new(0.000000, 0.083759, 0.027722, 1.000000, 0.000000, 0.000000, 0.000000, 0.715920, -0.698182, 0.000000, 0.698182, 0.715920),
      ["RightLowerLeg"] = CFrame.new(-0.000000, 0.095688, -0.034137, 1.000000, -0.000000, 0.000000, 0.000000, 0.649661, 0.760224, -0.000000, -0.760224, 0.649661),
      ["RightUpperArm"] = CFrame.new(0.439268, -0.327001, -0.250068, -0.298652, -0.497767, 0.814269, 0.672175, -0.715389, -0.190786, 0.677486, 0.490353, 0.548239),
      ["RightUpperLeg"] = CFrame.new(-0.000846, -0.000546, 0.003508, 0.927452, -0.226939, 0.297206, -0.086563, -0.903498, -0.419761, 0.363785, 0.363581, -0.857596),
      ["UpperTorso"] = CFrame.new(-0.008055, -0.002435, -0.011545, 0.999119, -0.041664, 0.004975, 0.040562, 0.928688, -0.368637, 0.010739, 0.368514, 0.929560)
    }},
    {Time = 0.300, Data = {
      ["Head"] = CFrame.new(-0.000004, -0.000000, -0.000000, 0.999788, 0.018733, 0.008541, -0.018729, 0.999824, -0.000598, -0.008550, 0.000438, 0.999963),
      ["LeftFoot"] = CFrame.new(0.000000, 0.021685, -0.000003, 0.990414, 0.105650, 0.088985, -0.027961, 0.784211, -0.619864, -0.135272, 0.611434, 0.779647),
      ["LeftHand"] = CFrame.new(0.000492, 0.012912, 0.000000, 0.895545, -0.377071, 0.236253, 0.328851, 0.918527, 0.219465, -0.299759, -0.118849, 0.946583),
      ["LeftLowerArm"] = CFrame.new(-0.000500, 0.073976, 0.021598, 1.000000, 0.000000, 0.000000, 0.000000, 0.779445, -0.626471, 0.000000, 0.626471, 0.779445),
      ["LeftLowerLeg"] = CFrame.new(0.000000, 0.094100, -0.032557, 1.000000, -0.000000, 0.000000, 0.000000, 0.665025, 0.746822, -0.000000, -0.746822, 0.665025),
      ["LeftUpperArm"] = CFrame.new(-0.376204, -0.304619, -0.335556, -0.220692, 0.418964, -0.880775, -0.611944, -0.762664, -0.209449, -0.759487, 0.492761, 0.424695),
      ["LeftUpperLeg"] = CFrame.new(0.001324, 0.000566, 0.004988, 0.968515, 0.248899, 0.005252, 0.201734, -0.772275, -0.602408, -0.145882, 0.584501, -0.798171),
      ["LowerTorso"] = CFrame.new(-0.035516, 0.297203, 0.021112, 0.999289, 0.028873, 0.024245, 0.008643, -0.801368, 0.598109, 0.036698, -0.597474, -0.801048),
      ["RightFoot"] = CFrame.new(0.000000, 0.020700, -0.000103, 0.919781, 0.300166, 0.252792, -0.283079, 0.953620, -0.102352, -0.271790, 0.022581, 0.962092),
      ["RightHand"] = CFrame.new(-0.000491, 0.013113, -0.000000, 0.901525, 0.373989, -0.217680, -0.359083, 0.927271, 0.105964, 0.241478, -0.017364, 0.970251),
      ["RightLowerArm"] = CFrame.new(0.000000, 0.074912, 0.022052, 1.000000, 0.000000, 0.000000, 0.000000, 0.774718, -0.632306, 0.000000, 0.632306, 0.774718),
      ["RightLowerLeg"] = CFrame.new(0.000000, 0.090705, -0.030305, 1.000000, -0.000000, 0.000000, 0.000000, 0.689501, 0.724284, -0.000000, -0.724284, 0.689501),
      ["RightUpperArm"] = CFrame.new(0.453601, -0.287801, -0.276311, -0.315640, -0.453240, 0.833634, 0.598084, -0.777087, -0.196043, 0.736660, 0.436704, 0.516355),
      ["RightUpperLeg"] = CFrame.new(-0.001063, -0.000687, 0.004407, 0.883729, -0.268964, 0.382989, -0.095854, -0.905032, -0.414403, 0.458077, 0.329510, -0.825584),
      ["UpperTorso"] = CFrame.new(-0.010157, -0.002344, -0.013987, 0.998711, -0.050368, 0.006350, 0.048463, 0.908644, -0.414751, 0.015120, 0.414524, 0.909913)
    }},
    {Time = 0.333, Data = {
      ["Head"] = CFrame.new(-0.000005, 0.000000, -0.000000, 0.999709, 0.021927, 0.010006, -0.021921, 0.999759, -0.000714, -0.010019, 0.000494, 0.999950),
      ["LeftFoot"] = CFrame.new(0.000000, 0.019564, -0.000003, 0.966491, 0.196357, 0.165345, -0.048425, 0.772016, -0.633756, -0.252091, 0.604513, 0.755655),
      ["LeftHand"] = CFrame.new(0.000494, 0.010297, 0.000000, 0.873578, -0.411616, 0.259680, 0.372963, 0.908982, 0.186148, -0.312666, -0.065764, 0.947584),
      ["LeftLowerArm"] = CFrame.new(-0.000500, 0.063112, 0.015526, 1.000000, 0.000000, 0.000000, 0.000000, 0.841860, -0.539696, 0.000000, 0.539696, 0.841860),
      ["LeftLowerLeg"] = CFrame.new(0.000000, 0.088243, -0.028335, 1.000000, -0.000000, 0.000000, 0.000000, 0.708981, 0.705227, -0.000000, -0.705227, 0.708981),
      ["LeftUpperArm"] = CFrame.new(-0.387837, -0.270927, -0.356597, -0.236164, 0.351269, -0.906000, -0.545183, -0.819699, -0.175698, -0.804365, 0.452442, 0.385089),
      ["LeftUpperLeg"] = CFrame.new(0.001621, 0.000688, 0.006135, 0.956514, 0.284398, -0.064800, 0.184853, -0.762879, -0.619552, -0.225634, 0.580632, -0.782276),
      ["LowerTorso"] = CFrame.new(-0.040180, 0.361049, 0.040258, 0.999014, 0.033463, 0.029193, 0.012616, -0.844183, 0.535907, 0.042577, -0.535010, -0.843772),
      ["RightFoot"] = CFrame.new(-0.000000, 0.016063, -0.000103, 0.926501, 0.287821, 0.242395, -0.253921, 0.953603, -0.161756, -0.277705, 0.088318, 0.956598),
      ["RightHand"] = CFrame.new(-0.000493, 0.011083, -0.000000, 0.880926, 0.408945, -0.238189, -0.404203, 0.911928, 0.070768, 0.246151, 0.033936, 0.968637),
      ["RightLowerArm"] = CFrame.new(0.000000, 0.067416, 0.017794, 1.000000, 0.000000, 0.000000, 0.000000, 0.818636, -0.574313, 0.000000, 0.574313, 0.818636),
      ["RightLowerLeg"] = CFrame.new(0.000000, 0.076994, -0.021542, 1.000000, -0.000000, 0.000000, 0.000000, 0.780361, 0.625329, -0.000000, -0.625329, 0.780361),
      ["RightUpperArm"] = CFrame.new(0.467585, -0.253057, -0.293630, -0.331018, -0.414986, 0.847475, 0.533322, -0.823182, -0.194778, 0.778457, 0.387502, 0.493809),
      ["RightUpperLeg"] = CFrame.new(-0.001303, -0.000843, 0.005401, 0.843266, -0.319590, 0.432163, -0.067533, -0.860655, -0.504690, 0.533237, 0.396403, -0.747344),
      ["UpperTorso"] = CFrame.new(-0.012502, -0.002255, -0.016429, 0.998212, -0.059276, 0.007695, 0.056404, 0.891511, -0.449473, 0.019783, 0.449103, 0.893261)
    }},
    {Time = 0.367, Data = {
      ["Head"] = CFrame.new(-0.000006, 0.000000, -0.000000, 0.999622, 0.025035, 0.011385, -0.025027, 0.999686, -0.000833, -0.011402, 0.000548, 0.999935),
      ["LeftFoot"] = CFrame.new(0.000000, 0.014517, -0.000003, 0.900741, 0.332233, 0.279800, -0.115047, 0.803645, -0.583882, -0.418844, 0.493736, 0.762098),
      ["LeftHand"] = CFrame.new(0.000494, 0.009245, 0.000000, 0.852554, -0.441107, 0.280315, 0.408923, 0.897003, 0.167831, -0.325475, -0.028458, 0.945122),
      ["LeftLowerArm"] = CFrame.new(-0.000500, 0.056090, 0.011954, 1.000000, 0.000000, 0.000000, 0.000000, 0.878270, -0.478165, 0.000000, 0.478165, 0.878270),
      ["LeftLowerLeg"] = CFrame.new(0.000000, 0.072501, -0.018795, 1.000000, -0.000000, 0.000000, 0.000000, 0.807661, 0.589647, -0.000000, -0.589647, 0.807661),
      ["LeftUpperArm"] = CFrame.new(-0.398392, -0.245409, -0.369204, -0.248874, 0.300998, -0.920577, -0.494835, -0.856584, -0.146298, -0.832587, 0.419124, 0.362126),
      ["LeftUpperLeg"] = CFrame.new(0.001946, 0.000820, 0.007390, 0.937349, 0.307620, -0.163542, 0.102398, -0.691950, -0.714647, -0.333002, 0.653127, -0.680099),
      ["LowerTorso"] = CFrame.new(-0.044363, 0.379270, 0.069010, 0.998683, 0.038402, 0.034036, 0.016285, -0.866187, 0.499455, 0.048661, -0.498243, -0.865671),
      ["RightFoot"] = CFrame.new(-0.000000, 0.009194, -0.000103, 0.961329, 0.210659, 0.177399, -0.192700, 0.974706, -0.113205, -0.196759, 0.074642, 0.977606),
      ["RightHand"] = CFrame.new(-0.000493, 0.010346, -0.000000, 0.860773, 0.439817, -0.256184, -0.441436, 0.895641, 0.054421, 0.253384, 0.066245, 0.965095),
      ["RightLowerArm"] = CFrame.new(0.000000, 0.063997, 0.015944, 1.000000, 0.000000, 0.000000, 0.000000, 0.837559, -0.546347, 0.000000, 0.546347, 0.837559),
      ["RightLowerLeg"] = CFrame.new(-0.000000, 0.043037, -0.005994, 1.000000, -0.000000, 0.000000, 0.000000, 0.939069, 0.343728, -0.000000, -0.343728, 0.939069),
      ["RightUpperArm"] = CFrame.new(0.480700, -0.225906, -0.302908, -0.343807, -0.393924, 0.852420, 0.484017, -0.852221, -0.198613, 0.804689, 0.344301, 0.483666),
      ["RightUpperLeg"] = CFrame.new(-0.001565, -0.001012, 0.006488, 0.808449, -0.392737, 0.438370, 0.030815, -0.715543, -0.697889, 0.587759, 0.577716, -0.566378),
      ["UpperTorso"] = CFrame.new(-0.015094, -0.002299, -0.018805, 0.997628, -0.068209, 0.009243, 0.064523, 0.879940, -0.470683, 0.023972, 0.470163, 0.882254)
    }},
    {Time = 0.400, Data = {
      ["Head"] = CFrame.new(-0.000007, -0.000000, 0.000000, 0.999525, 0.028056, 0.012763, -0.028046, 0.999606, -0.000956, -0.012785, 0.000598, 0.999918),
      ["LeftFoot"] = CFrame.new(0.000000, 0.009457, -0.000003, 0.828860, 0.427981, 0.360311, -0.240677, 0.854172, -0.460939, -0.505040, 0.295335, 0.810994),
      ["LeftHand"] = CFrame.new(0.000494, 0.009147, -0.000000, 0.836468, -0.461362, 0.295748, 0.426184, 0.886914, 0.178190, -0.344513, -0.023007, 0.938500),
      ["LeftLowerArm"] = CFrame.new(-0.000500, 0.055428, 0.011646, 1.000000, 0.000000, 0.000000, 0.000000, 0.881444, -0.472289, 0.000000, 0.472289, 0.881444),
      ["LeftLowerLeg"] = CFrame.new(0.000000, 0.045808, -0.006704, 1.000000, -0.000000, 0.000000, 0.000000, 0.930854, 0.365390, -0.000000, -0.365390, 0.930854),
      ["LeftUpperArm"] = CFrame.new(-0.406705, -0.227186, -0.376567, -0.256541, 0.283168, -0.924123, -0.459127, -0.877063, -0.141292, -0.850523, 0.388043, 0.355013),
      ["LeftUpperLeg"] = CFrame.new(0.002298, 0.000959, 0.008749, 0.911572, 0.369507, -0.180278, 0.055091, -0.544309, -0.837074, -0.407432, 0.753122, -0.516533),
      ["LowerTorso"] = CFrame.new(-0.047942, 0.370943, 0.087123, 0.998303, 0.043766, 0.038408, 0.019930, -0.876577, 0.480850, 0.054712, -0.479269, -0.875962),
      ["RightFoot"] = CFrame.new(0.000000, -0.034030, -0.000103, 0.991835, 0.097559, 0.082132, -0.097474, 0.995225, -0.005057, -0.082234, -0.002990, 0.996609),
      ["RightHand"] = CFrame.new(-0.000493, 0.010880, -0.000000, 0.844713, 0.462454, -0.269436, -0.462745, 0.883993, 0.066509, 0.268937, 0.068499, 0.960719),
      ["RightLowerArm"] = CFrame.new(-0.000000, 0.066477, 0.017273, 1.000000, 0.000000, 0.000000, 0.000000, 0.823952, -0.566660, 0.000000, 0.566660, 0.823952),
      ["RightLowerLeg"] = CFrame.new(-0.000000, -0.033910, -0.000446, 1.000000, 0.000000, 0.000000, 0.000000, 1.000000, 0.000000, 0.000000, 0.000000, 1.000000),
      ["RightUpperArm"] = CFrame.new(0.492058, -0.205477, -0.307232, -0.352210, -0.399229, 0.846502, 0.448456, -0.865857, -0.221765, 0.821484, 0.301511, 0.483999),
      ["RightUpperLeg"] = CFrame.new(-0.001849, -0.001196, 0.007664, 0.765773, -0.467541, 0.441584, 0.176551, -0.507424, -0.843416, 0.618402, 0.723828, -0.306027),
      ["UpperTorso"] = CFrame.new(-0.017940, -0.002558, -0.021057, 0.996978, -0.076930, 0.010767, 0.072657, 0.874475, -0.479598, 0.027480, 0.478931, 0.877422)
    }},
    {Time = 0.433, Data = {
      ["Head"] = CFrame.new(-0.000007, 0.000000, 0.000000, 0.999424, 0.030905, 0.014055, -0.030893, 0.999522, -0.001081, -0.014082, 0.000646, 0.999901),
      ["LeftFoot"] = CFrame.new(-0.000000, 0.000519, -0.000003, 0.826631, 0.430453, 0.362479, -0.364705, 0.900335, -0.237461, -0.428568, 0.064094, 0.901233),
      ["LeftHand"] = CFrame.new(0.000493, 0.010164, 0.000000, 0.830373, -0.467379, 0.303375, 0.415615, 0.882164, 0.221473, -0.371139, -0.057818, 0.926776),
      ["LeftLowerArm"] = CFrame.new(-0.000500, 0.062240, 0.015051, 1.000000, 0.000000, 0.000000, 0.000000, 0.846725, -0.532031, 0.000000, 0.532031, 0.846725),
      ["LeftLowerLeg"] = CFrame.new(0.000000, 0.002810, 0.000091, 1.000000, -0.000000, 0.000000, 0.000000, 0.999820, 0.018990, -0.000000, -0.018990, 0.999820),
      ["LeftUpperArm"] = CFrame.new(-0.411367, -0.214092, -0.381508, -0.256522, 0.303341, -0.917704, -0.433773, -0.884617, -0.171154, -0.863735, 0.354170, 0.358505),
      ["LeftUpperLeg"] = CFrame.new(0.002676, 0.001108, 0.010208, 0.890414, 0.453379, -0.040133, 0.122909, -0.324408, -0.937898, -0.438243, 0.830185, -0.344581),
      ["LowerTorso"] = CFrame.new(-0.050786, 0.359965, 0.069378, 0.997885, 0.049605, 0.042022, 0.024259, -0.883809, 0.467218, 0.060316, -0.465211, -0.883143),
      ["RightFoot"] = CFrame.new(-0.000000, -0.105863, -0.000103, 0.999999, 0.000782, 0.000685, -0.000772, 0.999909, -0.013466, -0.000696, 0.013466, 0.999909),
      ["RightHand"] = CFrame.new(-0.000491, 0.013285, -0.000000, 0.837380, 0.472309, -0.275170, -0.460957, 0.880712, 0.108923, 0.293791, 0.035631, 0.955206),
      ["RightLowerArm"] = CFrame.new(0.000000, 0.075387, 0.022312, 1.000000, 0.000000, 0.000000, 0.000000, 0.772045, -0.635568, 0.000000, 0.635568, 0.772045),
      ["RightLowerLeg"] = CFrame.new(0.000000, -0.105498, -0.001394, 1.000000, 0.000000, 0.000000, 0.000000, 1.000000, 0.000000, 0.000000, 0.000000, 1.000000),
      ["RightUpperArm"] = CFrame.new(0.500749, -0.189584, -0.309356, -0.354619, -0.432211, 0.829119, 0.422267, -0.865198, -0.270413, 0.834228, 0.254216, 0.489324),
      ["RightUpperLeg"] = CFrame.new(-0.002153, -0.001394, 0.008927, 0.709487, -0.472362, 0.522975, 0.318987, -0.446469, -0.836010, 0.628392, 0.759960, -0.166086),
      ["UpperTorso"] = CFrame.new(-0.021050, -0.003074, -0.023119, 0.996278, -0.085307, 0.012382, 0.080837, 0.874717, -0.477845, 0.029933, 0.477068, 0.878357)
    }},
    {Time = 0.467, Data = {
      ["Head"] = CFrame.new(-0.000008, 0.000000, -0.000000, 0.999325, 0.033408, 0.015261, -0.033394, 0.999442, -0.001205, -0.015292, 0.000694, 0.999883),
      ["LeftFoot"] = CFrame.new(0.000000, -0.024350, -0.000003, 0.903045, 0.328580, 0.276668, -0.329387, 0.943124, -0.044967, -0.275707, -0.050524, 0.959913),
      ["LeftHand"] = CFrame.new(0.000491, 0.013360, -0.000000, 0.839741, -0.452851, 0.299603, 0.372545, 0.881920, 0.288838, -0.395026, -0.130933, 0.909291),
      ["LeftLowerArm"] = CFrame.new(-0.000500, 0.075218, 0.022273, 1.000000, 0.000000, 0.000000, 0.000000, 0.772453, -0.635072, 0.000000, 0.635072, 0.772453),
      ["LeftLowerLeg"] = CFrame.new(0.000000, -0.023864, -0.000215, 1.000000, 0.000000, 0.000000, 0.000000, 1.000000, 0.000000, 0.000000, 0.000000, 1.000000),
      ["LeftUpperArm"] = CFrame.new(-0.410549, -0.204178, -0.386030, -0.245162, 0.352543, -0.903111, -0.414873, -0.880086, -0.230932, -0.876228, 0.318061, 0.362024),
      ["LeftUpperLeg"] = CFrame.new(0.003078, 0.001264, 0.011767, 0.846703, 0.521237, 0.106796, 0.281492, -0.268509, -0.921230, -0.451504, 0.810071, -0.374071),
      ["LowerTorso"] = CFrame.new(-0.052752, 0.369845, -0.009368, 0.997454, 0.055776, 0.044435, 0.030232, -0.895077, 0.444886, 0.064587, -0.442410, -0.894485),
      ["RightFoot"] = CFrame.new(-0.000000, -0.152765, -0.000103, 0.998670, -0.039422, -0.033222, 0.040136, 0.998972, 0.021092, 0.032357, -0.022397, 0.999225),
      ["RightHand"] = CFrame.new(-0.000488, 0.017305, -0.000000, 0.843861, 0.463616, -0.270110, -0.429196, 0.885349, 0.178742, 0.322009, -0.034904, 0.946093),
      ["RightLowerArm"] = CFrame.new(-0.000000, 0.088861, 0.031688, 1.000000, 0.000000, 0.000000, 0.000000, 0.674843, -0.737961, 0.000000, 0.737961, 0.674843),
      ["RightLowerLeg"] = CFrame.new(0.000000, -0.152245, -0.002015, 1.000000, 0.000000, 0.000000, 0.000000, 1.000000, 0.000000, 0.000000, 0.000000, 1.000000),
      ["RightUpperArm"] = CFrame.new(0.505624, -0.176211, -0.311282, -0.348755, -0.488879, 0.799604, 0.401352, -0.848887, -0.343958, 0.846928, 0.200966, 0.492267),
      ["RightUpperLeg"] = CFrame.new(-0.002479, -0.001605, 0.010275, 0.639170, -0.497384, 0.586575, 0.427123, -0.404688, -0.808575, 0.639552, 0.767357, -0.046221),
      ["UpperTorso"] = CFrame.new(-0.024435, -0.003863, -0.024921, 0.995549, -0.093213, 0.013887, 0.088894, 0.879874, -0.466818, 0.031294, 0.465975, 0.884244)
    }},
    {Time = 0.500, Data = {
      ["Head"] = CFrame.new(-0.000008, 0.000000, 0.000000, 0.999233, 0.035653, 0.016207, -0.035636, 0.999364, -0.001325, -0.016244, 0.000746, 0.999868),
      ["LeftFoot"] = CFrame.new(0.000000, -0.026423, -0.000003, 0.983338, 0.139053, 0.117092, -0.167059, 0.945213, 0.280471, -0.071677, -0.295359, 0.952694),
      ["LeftHand"] = CFrame.new(0.000489, 0.017753, 0.000000, 0.868747, -0.408769, 0.279619, 0.296700, 0.881628, 0.367018, -0.396545, -0.235883, 0.887193),
      ["LeftLowerArm"] = CFrame.new(-0.000500, 0.090041, 0.032779, 1.000000, 0.000000, 0.000000, 0.000000, 0.663539, -0.748142, 0.000000, 0.748142, 0.663539),
      ["LeftLowerLeg"] = CFrame.new(-0.000000, -0.025930, -0.000243, 1.000000, 0.000000, 0.000000, 0.000000, 1.000000, 0.000000, 0.000000, 0.000000, 1.000000),
      ["LeftUpperArm"] = CFrame.new(-0.401656, -0.195593, -0.391613, -0.217381, 0.417172, -0.882447, -0.398628, -0.863180, -0.309865, -0.890978, 0.284410, 0.353935),
      ["LeftUpperLeg"] = CFrame.new(0.003505, 0.001425, 0.013421, 0.770215, 0.610691, 0.183919, 0.397365, -0.233926, -0.887344, -0.498869, 0.756528, -0.422840),
      ["LowerTorso"] = CFrame.new(-0.053660, 0.423987, -0.173615, 0.997040, 0.062091, 0.045347, 0.038922, -0.916226, 0.398767, 0.066308, -0.395822, -0.915931),
      ["RightFoot"] = CFrame.new(0.000000, -0.154834, -0.000103, 0.999916, -0.009917, -0.008381, 0.010608, 0.996154, 0.086974, 0.007487, -0.087055, 0.996175),
      ["RightHand"] = CFrame.new(-0.000486, 0.020666, -0.000000, 0.868379, 0.428471, -0.249659, -0.363095, 0.892262, 0.268383, 0.337756, -0.142409, 0.930398),
      ["RightLowerArm"] = CFrame.new(-0.000000, 0.102043, 0.045292, 1.000000, 0.000000, 0.000000, 0.000000, 0.533727, -0.845657, 0.000000, 0.845657, 0.533727),
      ["RightLowerLeg"] = CFrame.new(0.000000, -0.154306, -0.002042, 1.000000, 0.000000, 0.000000, 0.000000, 1.000000, 0.000000, 0.000000, 0.000000, 1.000000),
      ["RightUpperArm"] = CFrame.new(0.504914, -0.163480, -0.314658, -0.331274, -0.559986, 0.759390, 0.381881, -0.815544, -0.434804, 0.862800, 0.145958, 0.484016),
      ["RightUpperLeg"] = CFrame.new(-0.002824, -0.001831, 0.011706, 0.536685, -0.558120, 0.632827, 0.504178, -0.389266, -0.770893, 0.676589, 0.732785, 0.072479),
      ["UpperTorso"] = CFrame.new(-0.028108, -0.004904, -0.026386, 0.994831, -0.100374, 0.015357, 0.096599, 0.888901, -0.447798, 0.031296, 0.446967, 0.894003)
    }},
    {Time = 0.533, Data = {
      ["Head"] = CFrame.new(-0.000009, -0.000000, -0.000000, 0.999152, 0.037465, 0.017069, -0.037447, 0.999298, -0.001356, -0.017108, 0.000715, 0.999853),
      ["LeftFoot"] = CFrame.new(0.000000, -0.005168, -0.000003, 0.986405, -0.125728, -0.105821, 0.164292, 0.769092, 0.617661, 0.003728, -0.626649, 0.779292),
      ["LeftHand"] = CFrame.new(0.000487, 0.020313, 0.000000, 0.913970, -0.327852, 0.239107, 0.200900, 0.877561, 0.435345, -0.352560, -0.349856, 0.867930),
      ["LeftLowerArm"] = CFrame.new(-0.000500, 0.100344, 0.043381, 1.000000, 0.000000, 0.000000, 0.000000, 0.553600, -0.832783, 0.000000, 0.832783, 0.553600),
      ["LeftLowerLeg"] = CFrame.new(0.000000, -0.004749, 0.000038, 1.000000, 0.000000, 0.000000, 0.000000, 1.000000, 0.000000, 0.000000, 0.000000, 1.000000),
