return {
["a thrust 2"] = {

          {Time = 0.000, Data = {

              ["Head"] = CFrame.new(0.000000, -0.000000, 0.000000, 0.998440, 0.010464, 0.054851, 0.026136, 0.780472, -0.624644, -0.049346, 0.625103, 0.778981),

              ["LeftFoot"] = CFrame.new(0.000000, 0.024063, -0.000003, 0.984908, -0.132402, -0.111481, 0.002842, 0.656388, -0.754439, 0.173053, 0.742714, 0.646833),

              ["LeftHand"] = CFrame.new(0.000484, 0.024882, 0.000001, 0.761488, 0.559726, -0.326872, -0.627456, 0.510050, -0.588346, -0.162591, 0.653112, 0.739597),

              ["LeftLowerArm"] = CFrame.new(-0.000499, 0.118889, 0.084741, 1.000000, -0.000000, 0.000000, 0.000000, 0.124224, -0.992254, 0.000000, 0.992254, 0.124224),

              ["LeftLowerLeg"] = CFrame.new(-0.000000, 0.101090, -0.038629, 1.000000, -0.000000, -0.000000, 0.000000, 0.601826, 0.798634, -0.000000, -0.798627, 0.601817),

              ["LeftUpperArm"] = CFrame.new(0.187630, -0.010314, -0.976689, 0.724767, -0.046050, -0.687454, -0.224097, -0.959268, -0.172003, -0.651532, 0.278718, -0.705565),

              ["LeftUpperLeg"] = CFrame.new(0.000000, -0.000001, -0.000100, 0.981550, 0.136818, 0.133571, -0.179104, 0.902471, 0.391773, -0.066943, -0.408446, 0.910315),

              ["LowerTorso"] = CFrame.new(0.107095, -0.449255, -0.581288, 0.999488, -0.010214, -0.030341, -0.005070, 0.885267, -0.465056, 0.031610, 0.464972, 0.884761),

              ["RightFoot"] = CFrame.new(-0.000000, 0.024895, -0.000103, 0.985489, 0.129850, 0.109333, -0.003262, 0.658470, -0.752621, -0.169710, 0.741321, 0.649313),

              ["RightHand"] = CFrame.new(-0.000485, 0.022908, 0.000000, 0.787488, -0.532074, 0.311067, 0.615781, 0.657924, -0.433533, 0.026013, 0.532948, 0.845746),

              ["RightLowerArm"] = CFrame.new(-0.000000, 0.112143, 0.062081, 1.000000, 0.000000, 0.000000, -0.000000, 0.359502, -0.933144, -0.000000, 0.933144, 0.359503),

              ["RightLowerLeg"] = CFrame.new(0.000000, 0.103380, -0.041457, 1.000000, 0.000000, 0.000000, -0.000000, 0.573565, 0.819167, 0.000000, -0.819160, 0.573555),

              ["RightUpperArm"] = CFrame.new(-0.038338, 0.081163, -1.108723, 0.703609, 0.405835, 0.583294, 0.328129, -0.913667, 0.239885, 0.630290, 0.022610, -0.776030),

              ["RightUpperLeg"] = CFrame.new(-0.000000, -0.000001, 0.000000, 0.987780, -0.142650, -0.062783, 0.155720, 0.919982, 0.359722, 0.006446, -0.365080, 0.930945),

              ["UpperTorso"] = CFrame.new(0.013520, 0.243475, 0.172077, 0.999466, 0.014153, 0.029462, -0.022665, 0.949578, 0.312710, -0.023550, -0.313210, 0.949392)

          }},

          {Time = 0.013, Data = {

              ["Head"] = CFrame.new(0.000000, -0.000000, -0.000000, 0.998440, 0.010464, 0.054851, 0.026136, 0.780472, -0.624644, -0.049346, 0.625103, 0.778981),

              ["LeftFoot"] = CFrame.new(0.000000, 0.024130, -0.000003, 0.985162, -0.131292, -0.110547, 0.003360, 0.658733, -0.752391, 0.171593, 0.740833, 0.649375),

              ["LeftHand"] = CFrame.new(0.000483, 0.024884, 0.000001, 0.761253, 0.559964, -0.327010, -0.627708, 0.509798, -0.588295, -0.162714, 0.653105, 0.739576),

              ["LeftLowerArm"] = CFrame.new(-0.000499, 0.118892, 0.084761, 1.000000, -0.000000, -0.000000, 0.000000, 0.124015, -0.992280, 0.000000, 0.992280, 0.124014),

              ["LeftLowerLeg"] = CFrame.new(-0.000000, 0.101350, -0.038905, 1.000000, -0.000000, -0.000000, 0.000000, 0.598970, 0.800778, -0.000000, -0.800772, 0.598961),

              ["LeftUpperArm"] = CFrame.new(0.187508, -0.010322, -0.976822, 0.724523, -0.045812, -0.687727, -0.224114, -0.959228, -0.172207, -0.651798, 0.278897, -0.705249),

              ["LeftUpperLeg"] = CFrame.new(0.000000, -0.000000, -0.000100, 0.981824, 0.136815, 0.131542, -0.177444, 0.907621, 0.380465, -0.067338, -0.396869, 0.915392),

              ["LowerTorso"] = CFrame.new(0.107131, -0.447845, -0.574364, 0.999497, -0.010187, -0.030051, -0.004775, 0.887979, -0.459860, 0.031369, 0.459771, 0.887483),

              ["RightFoot"] = CFrame.new(-0.000000, 0.024941, -0.000103, 0.985748, 0.128692, 0.108358, -0.003844, 0.661166, -0.750251, -0.168184, 0.739119, 0.652213),

              ["RightHand"] = CFrame.new(-0.000485, 0.022911, -0.000000, 0.787348, -0.532227, 0.311156, 0.615959, 0.657808, -0.433457, 0.026017, 0.532938, 0.845752),

              ["RightLowerArm"] = CFrame.new(-0.000000, 0.112155, 0.062109, 1.000000, 0.000000, 0.000000, 0.000000, 0.359219, -0.933253, -0.000000, 0.933253, 0.359219),

              ["RightLowerLeg"] = CFrame.new(-0.000000, 0.103556, -0.041657, 1.000000, 0.000000, 0.000000, -0.000000, 0.571495, 0.820612, 0.000000, -0.820606, 0.571485),

              ["RightUpperArm"] = CFrame.new(-0.038262, 0.081156, -1.108805, 0.703455, 0.405713, 0.583565, 0.328143, -0.913714, 0.239684, 0.630454, 0.022886, -0.775889),

              ["RightUpperLeg"] = CFrame.new(0.000000, -0.000000, -0.000000, 0.988035, -0.141506, -0.061339, 0.154051, 0.924492, 0.348709, 0.007363, -0.353963, 0.935222),

              ["UpperTorso"] = CFrame.new(0.013318, 0.238152, 0.170615, 0.999471, 0.014404, 0.029176, -0.022677, 0.951396, 0.307134, -0.023334, -0.307633, 0.951219)

          }},

          {Time = 0.026, Data = {

              ["Head"] = CFrame.new(0.000000, 0.000000, -0.000000, 0.998440, 0.010464, 0.054851, 0.026136, 0.780472, -0.624644, -0.049346, 0.625103, 0.778981),

              ["LeftFoot"] = CFrame.new(-0.000000, 0.024309, -0.000003, 0.985838, -0.128287, -0.108017, 0.004782, 0.665342, -0.746545, 0.167630, 0.735433, 0.656509),

              ["LeftHand"] = CFrame.new(0.000484, 0.024889, 0.000001, 0.760605, 0.560621, -0.327393, -0.628406, 0.509100, -0.588156, -0.163055, 0.653086, 0.739518),

              ["LeftLowerArm"] = CFrame.new(-0.000499, 0.118902, 0.084817, 1.000000, -0.000000, -0.000000, 0.000000, 0.123438, -0.992352, 0.000000, 0.992352, 0.123438),

              ["LeftLowerLeg"] = CFrame.new(-0.000000, 0.102066, -0.039677, 1.000000, -0.000000, -0.000000, 0.000000, 0.590973, 0.806698, -0.000000, -0.806691, 0.590964),

              ["LeftUpperArm"] = CFrame.new(0.187170, -0.010345, -0.977189, 0.723846, -0.045154, -0.688482, -0.224161, -0.959115, -0.172772, -0.652532, 0.279390, -0.704374),

              ["LeftUpperLeg"] = CFrame.new(-0.000000, -0.000000, -0.000100, 0.982558, 0.136801, 0.125958, -0.172912, 0.921340, 0.348210, -0.068415, -0.363893, 0.928916),

              ["LowerTorso"] = CFrame.new(0.107224, -0.444050, -0.554903, 0.999521, -0.010115, -0.029244, -0.003959, 0.895502, -0.445040, 0.030689, 0.444943, 0.895033),

              ["RightFoot"] = CFrame.new(0.000000, 0.025080, -0.000103, 0.986435, 0.125576, 0.105734, -0.005437, 0.668742, -0.743497, -0.164063, 0.732813, 0.660328),

              ["RightHand"] = CFrame.new(-0.000485, 0.022920, -0.000000, 0.786964, -0.532651, 0.311404, 0.616450, 0.657487, -0.433247, 0.026026, 0.532911, 0.845769),

              ["RightLowerArm"] = CFrame.new(-0.000000, 0.112191, 0.062184, 1.000000, 0.000000, 0.000000, -0.000000, 0.358435, -0.933555, -0.000000, 0.933555, 0.358435),

              ["RightLowerLeg"] = CFrame.new(0.000000, 0.104051, -0.042211, 1.000000, 0.000000, 0.000000, -0.000000, 0.565739, 0.824591, 0.000000, -0.824585, 0.565729),

              ["RightUpperArm"] = CFrame.new(-0.038048, 0.081136, -1.109032, 0.703029, 0.405373, 0.584314, 0.328183, -0.913845, 0.239129, 0.630909, 0.023647, -0.775497),

              ["RightUpperLeg"] = CFrame.new(-0.000000, -0.000000, 0.000000, 0.988709, -0.138388, -0.057473, 0.149519, 0.936450, 0.317363, 0.009902, -0.322350, 0.946561),

              ["UpperTorso"] = CFrame.new(0.012764, 0.223524, 0.166205, 0.999484, 0.015098, 0.028370, -0.022715, 0.956372, 0.291267, -0.022735, -0.291761, 0.956221)

          }},

          {Time = 0.039, Data = {

              ["Head"] = CFrame.new(0.000000, 0.000000, 0.000000, 0.998440, 0.010464, 0.054851, 0.026136, 0.780472, -0.624644, -0.049346, 0.625103, 0.778981),

              ["LeftFoot"] = CFrame.new(-0.000000, 0.024573, -0.000003, 0.986789, -0.123937, -0.104354, 0.006928, 0.675791, -0.737083, 0.161863, 0.726599, 0.667697),

              ["LeftHand"] = CFrame.new(0.000484, 0.024897, 0.000000, 0.759621, 0.561615, -0.327973, -0.629460, 0.508041, -0.587943, -0.163573, 0.653057, 0.739430),

              ["LeftLowerArm"] = CFrame.new(-0.000499, 0.118916, 0.084900, 1.000000, -0.000000, 0.000000, 0.000000, 0.122570, -0.992460, 0.000000, 0.992460, 0.122569),

              ["LeftLowerLeg"] = CFrame.new(-0.000000, 0.103106, -0.040825, 1.000000, -0.000000, -0.000000, 0.000000, 0.579082, 0.815276, -0.000000, -0.815269, 0.579073),

              ["LeftUpperArm"] = CFrame.new(0.186658, -0.010380, -0.977745, 0.722821, -0.044158, -0.689623, -0.224231, -0.958945, -0.173622, -0.653644, 0.280132, -0.703047),

              ["LeftUpperLeg"] = CFrame.new(-0.000000, -0.000000, -0.000100, 0.983596, 0.136725, 0.117668, -0.166265, 0.940168, 0.297413, -0.069965, -0.312075, 0.947470),

              ["LowerTorso"] = CFrame.new(0.107357, -0.438454, -0.524841, 0.999557, -0.010028, -0.028018, -0.002723, 0.906743, -0.421675, 0.029634, 0.421564, 0.906314),

              ["RightFoot"] = CFrame.new(-0.000000, 0.025330, -0.000103, 0.987394, 0.121082, 0.101951, -0.007815, 0.680608, -0.732628, -0.158087, 0.722573, 0.672951),

              ["RightHand"] = CFrame.new(-0.000485, 0.022933, -0.000001, 0.786381, -0.533293, 0.311778, 0.617193, 0.656999, -0.432929, 0.026040, 0.532870, 0.845794),

              ["RightLowerArm"] = CFrame.new(-0.000000, 0.112243, 0.062298, 1.000000, 0.000000, 0.000000, -0.000000, 0.357252, -0.934008, -0.000000, 0.934008, 0.357252),

              ["RightLowerLeg"] = CFrame.new(0.000000, 0.104793, -0.043014, 1.000000, 0.000000, 0.000000, -0.000000, 0.557383, 0.830262, 0.000000, -0.830256, 0.557373),

              ["RightUpperArm"] = CFrame.new(-0.037726, 0.081106, -1.109376, 0.702384, 0.404860, 0.585444, 0.328243, -0.914043, 0.238291, 0.631595, 0.024796, -0.774902),

              ["RightUpperLeg"] = CFrame.new(0.000000, -0.000000, -0.000000, 0.989648, -0.133764, -0.052010, 0.142865, 0.952719, 0.268197, 0.013677, -0.272827, 0.961959),

              ["UpperTorso"] = CFrame.new(0.011939, 0.201764, 0.158557, 0.999502, 0.016144, 0.027126, -0.022793, 0.963605, 0.266356, -0.021839, -0.266841, 0.963493)

          }},

          {Time = 0.053, Data = {

              ["Head"] = CFrame.new(0.000000, 0.000000, -0.000000, 0.998440, 0.010464, 0.054851, 0.026136, 0.780472, -0.624644, -0.049346, 0.625103, 0.778981),

              ["LeftFoot"] = CFrame.new(0.000000, 0.024908, -0.000003, 0.987870, -0.118789, -0.100020, 0.009638, 0.689760, -0.723997, 0.154982, 0.714228, 0.682513),

              ["LeftHand"] = CFrame.new(0.000484, 0.024907, 0.000000, 0.758381, 0.562864, -0.328702, -0.630784, 0.506707, -0.587675, -0.164224, 0.653018, 0.739320),

              ["LeftLowerArm"] = CFrame.new(-0.000499, 0.118933, 0.085005, 1.000000, -0.000000, 0.000000, 0.000000, 0.121484, -0.992593, 0.000000, 0.992593, 0.121484),

              ["LeftLowerLeg"] = CFrame.new(-0.000000, 0.104331, -0.042198, 1.000000, -0.000000, -0.000000, 0.000000, 0.564842, 0.825206, -0.000000, -0.825199, 0.564832),

              ["LeftUpperArm"] = CFrame.new(0.186011, -0.010424, -0.978443, 0.721529, -0.042907, -0.691054, -0.224318, -0.958732, -0.174684, -0.655040, 0.281055, -0.701377),

              ["LeftUpperLeg"] = CFrame.new(0.000000, 0.000000, -0.000100, 0.984786, 0.136504, 0.107538, -0.158265, 0.960083, 0.230661, -0.071760, -0.244146, 0.967074),

              ["LowerTorso"] = CFrame.new(0.107521, -0.431588, -0.486098, 0.999600, -0.009971, -0.026476, -0.001170, 0.920475, -0.390800, 0.028267, 0.390675, 0.920095),

              ["RightFoot"] = CFrame.new(0.000000, 0.025624, -0.000103, 0.988480, 0.115780, 0.097487, -0.010746, 0.696164, -0.717825, -0.150967, 0.708485, 0.689364),

              ["RightHand"] = CFrame.new(-0.000485, 0.022950, -0.000001, 0.785647, -0.534098, 0.312247, 0.618125, 0.656385, -0.432530, 0.026060, 0.532821, 0.845825),

              ["RightLowerArm"] = CFrame.new(-0.000000, 0.112308, 0.062440, 1.000000, 0.000000, 0.000000, -0.000000, 0.355773, -0.934572, -0.000000, 0.934572, 0.355773),

              ["RightLowerLeg"] = CFrame.new(0.000000, 0.105651, -0.043959, 1.000000, 0.000000, 0.000000, -0.000000, 0.547547, 0.836782, 0.000000, -0.836775, 0.547537),

              ["RightUpperArm"] = CFrame.new(-0.037320, 0.081068, -1.109807, 0.701573, 0.404214, 0.586861, 0.328318, -0.914288, 0.237244, 0.632457, 0.026233, -0.774151),

              ["RightUpperLeg"] = CFrame.new(-0.000000, -0.000000, 0.000000, 0.990704, -0.128105, -0.045766, 0.134800, 0.969703, 0.203753, 0.018278, -0.208003, 0.977952),

              ["UpperTorso"] = CFrame.new(0.010932, 0.175193, 0.147266, 0.999522, 0.017451, 0.025522, -0.022936, 0.972056, 0.233625, -0.020732, -0.234099, 0.971992)

          }},

          {Time = 0.066, Data = {

              ["Head"] = CFrame.new(0.000000, 0.000000, -0.000000, 0.998440, 0.010464, 0.054851, 0.026136, 0.780472, -0.624644, -0.049346, 0.625103, 0.778981),

              ["LeftFoot"] = CFrame.new(0.000000, 0.025352, -0.000003, 0.988969, -0.113312, -0.095409, 0.012762, 0.706883, -0.707239, 0.147572, 0.698196, 0.700507),

              ["LeftHand"] = CFrame.new(0.000484, 0.024918, -0.000000, 0.756964, 0.564285, -0.329531, -0.632291, 0.505185, -0.587366, -0.164967, 0.652971, 0.739196),

              ["LeftLowerArm"] = CFrame.new(-0.000499, 0.118954, 0.085123, 1.000000, -0.000000, 0.000000, 0.000000, 0.120257, -0.992743, 0.000000, 0.992743, 0.120257),

              ["LeftLowerLeg"] = CFrame.new(-0.000000, 0.105643, -0.043629, 1.000000, -0.000000, -0.000000, 0.000000, 0.549944, 0.835208, -0.000000, -0.835201, 0.549934),

              ["LeftUpperArm"] = CFrame.new(0.185273, -0.010473, -0.979238, 0.720052, -0.041484, -0.692679, -0.224417, -0.958490, -0.175882, -0.656629, 0.282093, -0.699472),

              ["LeftUpperLeg"] = CFrame.new(0.000000, 0.000000, -0.000100, 0.986006, 0.136040, 0.096363, -0.149578, 0.977146, 0.151062, -0.073611, -0.163337, 0.983816),

              ["LowerTorso"] = CFrame.new(0.107700, -0.423968, -0.440608, 0.999645, -0.009981, -0.024721, 0.000598, 0.935440, -0.353486, 0.026653, 0.353345, 0.935113),

              ["RightFoot"] = CFrame.new(0.000000, 0.025924, -0.000103, 0.989578, 0.110159, 0.092754, -0.014023, 0.714754, -0.699259, -0.143317, 0.690646, 0.708826),

              ["RightHand"] = CFrame.new(-0.000485, 0.022968, -0.000000, 0.784812, -0.535014, 0.312781, 0.619185, 0.655682, -0.432080, 0.026084, 0.532767, 0.845858),

              ["RightLowerArm"] = CFrame.new(0.000000, 0.112381, 0.062602, 1.000000, 0.000000, 0.000000, -0.000000, 0.354098, -0.935208, -0.000000, 0.935208, 0.354098),

              ["RightLowerLeg"] = CFrame.new(0.000000, 0.106515, -0.044930, 1.000000, 0.000000, 0.000000, -0.000000, 0.537427, 0.843318, 0.000000, -0.843311, 0.537416),

              ["RightUpperArm"] = CFrame.new(-0.036858, 0.081026, -1.110297, 0.700649, 0.403479, 0.588469, 0.328403, -0.914565, 0.236058, 0.633437, 0.027861, -0.773292),

              ["RightUpperLeg"] = CFrame.new(0.000000, 0.000000, -0.000000, 0.991763, -0.121861, -0.039445, 0.125942, 0.983878, 0.127003, 0.023332, -0.130899, 0.991118),

              ["UpperTorso"] = CFrame.new(0.009834, 0.146209, 0.132068, 0.999541, 0.018929, 0.023638, -0.023167, 0.980661, 0.194340, -0.019502, -0.194798, 0.980650)

          }},

          {Time = 0.079, Data = {

              ["Head"] = CFrame.new(0.000000, -0.000000, -0.000000, 0.998440, 0.010464, 0.054851, 0.026136, 0.780472, -0.624644, -0.049346, 0.625103, 0.778981),

              ["LeftFoot"] = CFrame.new(0.000000, 0.025783, -0.000003, 0.990008, -0.107870, -0.090826, 0.016111, 0.726405, -0.687102, 0.140085, 0.678749, 0.720862),

              ["LeftHand"] = CFrame.new(0.000484, 0.024930, 0.000001, 0.755451, 0.565795, -0.330411, -0.633891, 0.503561, -0.587036, -0.165759, 0.652918, 0.739065),

              ["LeftLowerArm"] = CFrame.new(-0.000499, 0.118975, 0.085247, 1.000000, -0.000000, 0.000000, 0.000000, 0.118963, -0.992899, 0.000000, 0.992899, 0.118963),

              ["LeftLowerLeg"] = CFrame.new(-0.000000, 0.106885, -0.045023, 1.000000, -0.000000, -0.000000, 0.000000, 0.535415, 0.844596, -0.000000, -0.844589, 0.535405),

              ["LeftUpperArm"] = CFrame.new(0.184485, -0.010526, -0.980082, 0.718477, -0.039972, -0.694402, -0.224521, -0.958233, -0.177146, -0.658317, 0.283183, -0.697442),

              ["LeftUpperLeg"] = CFrame.new(-0.000000, -0.000000, -0.000100, 0.987174, 0.135281, 0.084776, -0.140727, 0.988110, 0.061945, -0.075389, -0.073056, 0.994473),

              ["LowerTorso"] = CFrame.new(0.107878, -0.416140, -0.390336, 0.999688, -0.010082, -0.022852, 0.002479, 0.950445, -0.310883, 0.024854, 0.310729, 0.950173),

              ["RightFoot"] = CFrame.new(0.000000, 0.026202, -0.000103, 0.990606, 0.104611, 0.088082, -0.017454, 0.735548, -0.677272, -0.135630, 0.669348, 0.730441),

              ["RightHand"] = CFrame.new(-0.000485, 0.022988, -0.000000, 0.783922, -0.535986, 0.313347, 0.620310, 0.654933, -0.431603, 0.026112, 0.532712, 0.845891),

              ["RightLowerArm"] = CFrame.new(-0.000000, 0.112460, 0.062772, 1.000000, 0.000000, 0.000000, 0.000000, 0.352328, -0.935876, -0.000000, 0.935877, 0.352328),

              ["RightLowerLeg"] = CFrame.new(-0.000000, 0.107305, -0.045836, 1.000000, 0.000000, 0.000000, -0.000000, 0.527990, 0.849258, 0.000000, -0.849251, 0.527979),

              ["RightUpperArm"] = CFrame.new(-0.036367, 0.080982, -1.110817, 0.699665, 0.402698, 0.590172, 0.328492, -0.914855, 0.234805, 0.634477, 0.029581, -0.772375),

              ["RightUpperLeg"] = CFrame.new(0.000000, -0.000000, -0.000000, 0.992745, -0.115463, -0.033565, 0.116807, 0.992295, 0.041340, 0.028534, -0.044936, 0.998581),

              ["UpperTorso"] = CFrame.new(0.008737, 0.117186, 0.113032, 0.999558, 0.020488, 0.021553, -0.023491, 0.988432, 0.149834, -0.018234, -0.150274, 0.988476)

          }},

          {Time = 0.092, Data = {

              ["Head"] = CFrame.new(0.000000, 0.000000, -0.000000, 0.998440, 0.010464, 0.054851, 0.026136, 0.780472, -0.624644, -0.049346, 0.625103, 0.778981),

              ["LeftFoot"] = CFrame.new(-0.000000, 0.026176, -0.000003, 0.990945, -0.102716, -0.086487, 0.019511, 0.747409, -0.664103, 0.132847, 0.656376, 0.742622),

              ["LeftHand"] = CFrame.new(0.000484, 0.024942, 0.000000, 0.753928, 0.567309, -0.331294, -0.635494, 0.501927, -0.586702, -0.166554, 0.652863, 0.738935),

              ["LeftLowerArm"] = CFrame.new(-0.000499, 0.118997, 0.085371, 1.000000, -0.000000, 0.000000, 0.000000, 0.117675, -0.993052, 0.000000, 0.993052, 0.117674),

              ["LeftLowerLeg"] = CFrame.new(-0.000000, 0.107990, -0.046301, 1.000000, -0.000000, -0.000000, 0.000000, 0.522096, 0.852894, -0.000000, -0.852887, 0.522084),

              ["LeftUpperArm"] = CFrame.new(0.183692, -0.010577, -0.980928, 0.716890, -0.038456, -0.696125, -0.224624, -0.957975, -0.178403, -0.660010, 0.284262, -0.695400),

              ["LeftUpperLeg"] = CFrame.new(-0.000000, -0.000000, -0.000100, 0.988241, 0.134188, 0.073301, -0.132084, 0.990694, -0.032827, -0.077024, 0.022785, 0.996769),

              ["LowerTorso"] = CFrame.new(0.108024, -0.408705, -0.337293, 0.999727, -0.010275, -0.020965, 0.004370, 0.964443, -0.264257, 0.022935, 0.264093, 0.964225),

              ["RightFoot"] = CFrame.new(-0.000000, 0.026444, -0.000103, 0.991517, 0.099428, 0.083719, -0.020867, 0.757509, -0.652516, -0.128289, 0.645209, 0.753136),

              ["RightHand"] = CFrame.new(-0.000485, 0.023008, -0.000000, 0.783028, -0.536960, 0.313915, 0.621437, 0.654177, -0.431127, 0.026142, 0.532660, 0.845924),

              ["RightLowerArm"] = CFrame.new(-0.000001, 0.112536, 0.062942, 1.000000, 0.000000, 0.000000, -0.000000, 0.350563, -0.936539, -0.000000, 0.936539, 0.350563),

              ["RightLowerLeg"] = CFrame.new(-0.000000, 0.107978, -0.046622, 1.000000, 0.000000, 0.000000, -0.000000, 0.519788, 0.854302, 0.000000, -0.854295, 0.519777),

              ["RightUpperArm"] = CFrame.new(-0.035872, 0.080937, -1.111338, 0.698677, 0.401913, 0.591875, 0.328581, -0.915143, 0.233556, 0.635519, 0.031298, -0.771451),

              ["RightUpperLeg"] = CFrame.new(0.000000, -0.000000, -0.000000, 0.993601, -0.109306, -0.028445, 0.107814, 0.992934, -0.049555, 0.033661, 0.046197, 0.998366),

              ["UpperTorso"] = CFrame.new(0.007732, 0.090368, 0.090677, 0.999570, 0.022037, 0.019349, -0.023891, 0.994546, 0.101528, -0.017006, -0.101947, 0.994644)

          }},

          {Time = 0.105, Data = {

              ["Head"] = CFrame.new(0.000000, 0.000000, -0.000000, 0.998440, 0.010464, 0.054851, 0.026136, 0.780472, -0.624644, -0.049346, 0.625103, 0.778981),

              ["LeftFoot"] = CFrame.new(0.000000, 0.026495, -0.000003, 0.991758, -0.098014, -0.082528, 0.022781, 0.768720, -0.639204, 0.126084, 0.632030, 0.764596),

              ["LeftHand"] = CFrame.new(0.000484, 0.024953, 0.000000, 0.752479, 0.568742, -0.332131, -0.637011, 0.500375, -0.586383, -0.167310, 0.652808, 0.738813),

              ["LeftLowerArm"] = CFrame.new(-0.000499, 0.119016, 0.085487, 1.000000, -0.000000, 0.000000, 0.000000, 0.116463, -0.993195, 0.000000, 0.993195, 0.116463),

              ["LeftLowerLeg"] = CFrame.new(0.000000, 0.108929, -0.047445, 1.000000, -0.000000, -0.000000, 0.000000, 0.510167, 0.860082, -0.000000, -0.860075, 0.510155),

              ["LeftUpperArm"] = CFrame.new(0.182938, -0.010625, -0.981729, 0.715381, -0.037021, -0.697753, -0.224721, -0.957732, -0.179584, -0.661612, 0.285270, -0.693462),

              ["LeftUpperLeg"] = CFrame.new(0.000000, 0.000000, -0.000100, 0.989186, 0.132762, 0.062332, -0.123891, 0.983826, -0.129347, -0.078496, 0.120252, 0.989638),

              ["LowerTorso"] = CFrame.new(0.108099, -0.402349, -0.283537, 0.999761, -0.010530, -0.019144, 0.006169, 0.976597, -0.214988, 0.020960, 0.214818, 0.976429),

              ["RightFoot"] = CFrame.new(-0.000000, 0.026648, -0.000103, 0.992287, 0.094828, 0.079845, -0.024111, 0.779433, -0.626047, -0.121593, 0.619268, 0.775687),

              ["RightHand"] = CFrame.new(-0.000485, 0.023026, -0.000000, 0.782180, -0.537880, 0.314452, 0.622502, 0.653459, -0.430679, 0.026172, 0.532612, 0.845953),

              ["RightLowerArm"] = CFrame.new(-0.000000, 0.112609, 0.063102, 1.000000, 0.000000, 0.000000, -0.000000, 0.348900, -0.937160, -0.000000, 0.937160, 0.348901),

              ["RightLowerLeg"] = CFrame.new(0.000000, 0.108542, -0.047291, 1.000000, 0.000000, 0.000000, -0.000000, 0.512801, 0.858514, 0.000000, -0.858507, 0.512789),

              ["RightUpperArm"] = CFrame.new(-0.035404, 0.080895, -1.111830, 0.697741, 0.401170, 0.593482, 0.328664, -0.915412, 0.232380, 0.636504, 0.032915, -0.770570),

              ["RightUpperLeg"] = CFrame.new(0.000000, 0.000000, 0.000000, 0.994308, -0.103754, -0.024213, 0.099311, 0.984869, -0.141995, 0.038579, 0.138808, 0.989571),

              ["UpperTorso"] = CFrame.new(0.006906, 0.067746, 0.066019, 0.999578, 0.023486, 0.017104, -0.024330, 0.998406, 0.050925, -0.015881, -0.051320, 0.998556)

          }},

          {Time = 0.118, Data = {

              ["Head"] = CFrame.new(0.000000, -0.000000, -0.000000, 0.998440, 0.010464, 0.054851, 0.026136, 0.780472, -0.624644, -0.049346, 0.625103, 0.778981),

              ["LeftFoot"] = CFrame.new(-0.000000, 0.026694, -0.000003, 0.992444, -0.093861, -0.079032, 0.025736, 0.789005, -0.613873, 0.119968, 0.607175, 0.785438),

              ["LeftHand"] = CFrame.new(0.000484, 0.024963, 0.000000, 0.751193, 0.570008, -0.332869, -0.638351, 0.498998, -0.586099, -0.167979, 0.652757, 0.738706),

              ["LeftLowerArm"] = CFrame.new(-0.000499, 0.119033, 0.085589, 1.000000, -0.000000, 0.000000, 0.000000, 0.115401, -0.993319, 0.000000, 0.993319, 0.115400),

              ["LeftLowerLeg"] = CFrame.new(0.000000, 0.109702, -0.048517, 1.000000, -0.000000, -0.000000, 0.000000, 0.499053, 0.866578, -0.000000, -0.866571, 0.499041),

              ["LeftUpperArm"] = CFrame.new(0.182268, -0.010668, -0.982437, 0.714043, -0.035753, -0.699189, -0.224806, -0.957517, -0.180619, -0.663027, 0.286151, -0.691746),

              ["LeftUpperLeg"] = CFrame.new(-0.000000, -0.000000, -0.000100, 0.990004, 0.131044, 0.052150, -0.116280, 0.967619, -0.224011, -0.079817, 0.215733, 0.973190),

              ["LowerTorso"] = CFrame.new(0.108053, -0.397866, -0.231167, 0.999789, -0.010792, -0.017454, 0.007774, 0.986336, -0.164562, 0.018992, 0.164392, 0.986212),

              ["RightFoot"] = CFrame.new(-0.000000, 0.026767, -0.000103, 0.992904, 0.090968, 0.076596, -0.027049, 0.799976, -0.599447, -0.115798, 0.593096, 0.796741),

              ["RightHand"] = CFrame.new(-0.000485, 0.023043, 0.000000, 0.781430, -0.538693, 0.314925, 0.623442, 0.652822, -0.430284, 0.026201, 0.532572, 0.845977),

              ["RightLowerArm"] = CFrame.new(-0.000000, 0.112671, 0.063243, 1.000000, 0.000000, 0.000000, -0.000000, 0.347439, -0.937702, -0.000000, 0.937703, 0.347439),

              ["RightLowerLeg"] = CFrame.new(-0.000000, 0.109008, -0.047930, 1.000000, 0.000000, 0.000000, -0.000000, 0.506175, 0.862437, 0.000000, -0.862431, 0.506164),

              ["RightUpperArm"] = CFrame.new(-0.034990, 0.080858, -1.112265, 0.696912, 0.400514, 0.594897, 0.328738, -0.915647, 0.231347, 0.637374, 0.034336, -0.769790),

              ["RightUpperLeg"] = CFrame.new(-0.000000, -0.000000, -0.000000, 0.994857, -0.099127, -0.020833, 0.091600, 0.968219, -0.232703, 0.043238, 0.229623, 0.972325),

              ["UpperTorso"] = CFrame.new(0.006337, 0.050950, 0.040549, 0.999583, 0.024745, 0.014898, -0.024741, 0.999694, -0.000416, -0.014904, 0.000047, 0.999889)

          }},

          {Time = 0.132, Data = {

              ["Head"] = CFrame.new(-0.000000, 0.000000, -0.000000, 0.998440, 0.010464, 0.054851, 0.026136, 0.780472, -0.624644, -0.049346, 0.625103, 0.778981),

              ["LeftFoot"] = CFrame.new(-0.000000, 0.026894, -0.000003, 0.993007, -0.090311, -0.076043, 0.028223, 0.807009, -0.589889, 0.114634, 0.583592, 0.803895),

              ["LeftHand"] = CFrame.new(0.000484, 0.024970, 0.000000, 0.750162, 0.571020, -0.333459, -0.639422, 0.497895, -0.585870, -0.168515, 0.652715, 0.738621),

              ["LeftLowerArm"] = CFrame.new(-0.000499, 0.119046, 0.085670, 1.000000, -0.000000, 0.000000, 0.000000, 0.114556, -0.993417, 0.000000, 0.993417, 0.114555),

              ["LeftLowerLeg"] = CFrame.new(-0.000000, 0.110462, -0.049597, 1.000000, -0.000000, -0.000000, 0.000000, 0.487845, 0.872937, -0.000000, -0.872930, 0.487833),

              ["LeftUpperArm"] = CFrame.new(0.181732, -0.010701, -0.983003, 0.712969, -0.034740, -0.700334, -0.224873, -0.957346, -0.181441, -0.664159, 0.286848, -0.690370),

              ["LeftUpperLeg"] = CFrame.new(-0.000000, -0.000000, -0.000100, 0.990700, 0.129098, 0.042978, -0.109312, 0.943249, -0.313556, -0.081019, 0.305967, 0.948597),

              ["LowerTorso"] = CFrame.new(0.107824, -0.396162, -0.182311, 0.999813, -0.010979, -0.015943, 0.009082, 0.993377, -0.114539, 0.017095, 0.114373, 0.993291),

              ["RightFoot"] = CFrame.new(-0.000000, 0.026900, -0.000103, 0.993365, 0.087978, 0.074078, -0.029589, 0.817911, -0.574609, -0.111135, 0.568578, 0.815069),

              ["RightHand"] = CFrame.new(-0.000485, 0.023056, 0.000000, 0.780829, -0.539343, 0.315304, 0.624194, 0.652311, -0.429970, 0.026225, 0.532541, 0.845996),

              ["RightLowerArm"] = CFrame.new(-0.000000, 0.112721, 0.063355, 1.000000, 0.000000, 0.000000, -0.000000, 0.346276, -0.938133, -0.000000, 0.938133, 0.346276),

              ["RightLowerLeg"] = CFrame.new(0.000000, 0.109526, -0.048650, 1.000000, 0.000000, 0.000000, -0.000000, 0.498708, 0.866777, 0.000000, -0.866770, 0.498696),

              ["RightUpperArm"] = CFrame.new(-0.034658, 0.080829, -1.112612, 0.696249, 0.399988, 0.596026, 0.328796, -0.915834, 0.230525, 0.638068, 0.035468, -0.769163),

              ["RightUpperLeg"] = CFrame.new(0.000000, -0.000001, -0.000000, 0.995244, -0.095708, -0.018174, 0.084960, 0.944009, -0.318769, 0.047666, 0.315733, 0.947658),

              ["UpperTorso"] = CFrame.new(0.006093, 0.041176, 0.016149, 0.999587, 0.025722, 0.012812, -0.025039, 0.998389, -0.050911, -0.014101, 0.050569, 0.998621)

          }},

          {Time = 0.145, Data = {

              ["Head"] = CFrame.new(0.000000, -0.000000, 0.000000, 0.998440, 0.010464, 0.054851, 0.026136, 0.780472, -0.624644, -0.049346, 0.625103, 0.778981),

              ["LeftFoot"] = CFrame.new(0.000000, 0.027127, -0.000003, 0.993453, -0.087395, -0.073588, 0.030075, 0.821426, -0.569547, 0.110216, 0.563579, 0.818658),

              ["LeftHand"] = CFrame.new(0.000484, 0.024975, -0.000000, 0.749477, 0.571691, -0.333851, -0.640131, 0.497162, -0.585718, -0.168870, 0.652686, 0.738565),

              ["LeftLowerArm"] = CFrame.new(-0.000499, 0.119055, 0.085724, 1.000000, -0.000000, 0.000000, 0.000000, 0.113998, -0.993481, 0.000000, 0.993481, 0.113997),

              ["LeftLowerLeg"] = CFrame.new(0.000000, 0.111331, -0.050864, 1.000000, -0.000000, -0.000000, 0.000000, 0.474685, 0.880162, -0.000000, -0.880156, 0.474673),

              ["LeftUpperArm"] = CFrame.new(0.181375, -0.010724, -0.983378, 0.712256, -0.034068, -0.701093, -0.224917, -0.957233, -0.181984, -0.664909, 0.287307, -0.689457),

              ["LeftUpperLeg"] = CFrame.new(0.000000, 0.000000, -0.000100, 0.991284, 0.127023, 0.034939, -0.102996, 0.912601, -0.395643, -0.082142, 0.388620, 0.917740),

              ["LowerTorso"] = CFrame.new(0.107342, -0.398265, -0.139112, 0.999833, -0.010988, -0.014635, 0.009992, 0.997735, -0.066515, 0.015333, 0.066358, 0.997678),

              ["RightFoot"] = CFrame.new(0.000000, 0.027084, -0.000103, 0.993664, 0.085978, 0.072394, -0.031638, 0.832011, -0.553881, -0.107847, 0.548055, 0.829443),

              ["RightHand"] = CFrame.new(-0.000485, 0.023064, -0.000001, 0.780430, -0.539773, 0.315555, 0.624692, 0.651972, -0.429762, 0.026241, 0.532521, 0.846008),

              ["RightLowerArm"] = CFrame.new(-0.000000, 0.112753, 0.063429, 1.000000, 0.000000, 0.000000, 0.000000, 0.345507, -0.938416, -0.000000, 0.938416, 0.345507),

              ["RightLowerLeg"] = CFrame.new(0.000000, 0.110228, -0.049648, 1.000000, 0.000000, 0.000000, -0.000000, 0.488357, 0.872651, 0.000000, -0.872644, 0.488345),

              ["RightUpperArm"] = CFrame.new(-0.034438, 0.080810, -1.112842, 0.695808, 0.399640, 0.596774, 0.328835, -0.915956, 0.229981, 0.638528, 0.036217, -0.768746),

              ["RightUpperLeg"] = CFrame.new(0.000000, 0.000000, -0.000000, 0.995466, -0.093758, -0.016015, 0.079667, 0.913858, -0.398118, 0.051963, 0.395061, 0.917194),

              ["UpperTorso"] = CFrame.new(0.006225, 0.039161, -0.005038, 0.999594, 0.026329, 0.010924, -0.025120, 0.994772, -0.098987, -0.013473, 0.098672, 0.995029)

          }},

          {Time = 0.158, Data = {

              ["Head"] = CFrame.new(0.000000, 0.000000, -0.000000, 0.998440, 0.010464, 0.054851, 0.026136, 0.780472, -0.624644, -0.049346, 0.625103, 0.778981),

              ["LeftFoot"] = CFrame.new(0.000000, 0.027435, -0.000002, 0.993787, -0.085140, -0.071689, 0.031129, 0.831008, -0.555414, 0.106855, 0.549707, 0.828478),

              ["LeftHand"] = CFrame.new(0.000484, 0.024977, -0.000000, 0.749228, 0.571934, -0.333993, -0.640388, 0.496896, -0.585662, -0.168999, 0.652676, 0.738545),

              ["LeftLowerArm"] = CFrame.new(-0.000499, 0.119058, 0.085743, 1.000000, -0.000000, 0.000000, 0.000000, 0.113796, -0.993504, 0.000000, 0.993504, 0.113795),

              ["LeftLowerLeg"] = CFrame.new(-0.000000, 0.112445, -0.052550, 1.000000, -0.000000, -0.000000, 0.000000, 0.457180, 0.889381, -0.000000, -0.889374, 0.457168),

              ["LeftUpperArm"] = CFrame.new(0.181246, -0.010732, -0.983514, 0.711997, -0.033825, -0.701367, -0.224933, -0.957192, -0.182180, -0.665180, 0.287472, -0.689126),

              ["LeftUpperLeg"] = CFrame.new(0.000000, -0.000000, -0.000100, 0.991766, 0.124939, 0.028111, -0.097321, 0.877982, -0.468673, -0.083237, 0.462101, 0.882924),

              ["LowerTorso"] = CFrame.new(0.106532, -0.405312, -0.103715, 0.999851, -0.010700, -0.013538, 0.010400, 0.999702, -0.022088, 0.013771, 0.021944, 0.999664),

              ["RightFoot"] = CFrame.new(-0.000000, 0.027364, -0.000103, 0.993793, 0.085103, 0.071658, -0.033103, 0.841122, -0.539857, -0.106209, 0.534108, 0.838701),

              ["RightHand"] = CFrame.new(-0.000485, 0.023067, 0.000000, 0.780286, -0.539928, 0.315646, 0.624872, 0.651848, -0.429687, 0.026248, 0.532514, 0.846012),

              ["RightLowerArm"] = CFrame.new(-0.000000, 0.112767, 0.063456, 1.000000, 0.000000, -0.000000, -0.000000, 0.345229, -0.938518, -0.000000, 0.938518, 0.345230),

              ["RightLowerLeg"] = CFrame.new(0.000000, 0.111267, -0.051167, 1.000000, 0.000000, 0.000000, -0.000000, 0.472581, 0.881294, 0.000000, -0.881287, 0.472568),

              ["RightUpperArm"] = CFrame.new(-0.034358, 0.080803, -1.112925, 0.695649, 0.399514, 0.597044, 0.328849, -0.916001, 0.229785, 0.638695, 0.036487, -0.768594),

              ["RightUpperLeg"] = CFrame.new(0.000000, -0.000000, -0.000000, 0.995516, -0.093537, -0.014092, 0.076015, 0.879731, -0.469335, 0.056298, 0.466181, 0.882908),

              ["UpperTorso"] = CFrame.new(0.006766, 0.045214, -0.020766, 0.999606, 0.026474, 0.009316, -0.024870, 0.989393, -0.143118, -0.013006, 0.142830, 0.989662)

          }},

          {Time = 0.171, Data = {

              ["Head"] = CFrame.new(0.000000, 0.000000, -0.000000, 0.998440, 0.010464, 0.054851, 0.026136, 0.780472, -0.624644, -0.049346, 0.625103, 0.778981),

              ["LeftFoot"] = CFrame.new(0.000000, 0.027846, -0.000002, 0.994053, -0.083302, -0.070142, 0.031237, 0.835146, -0.549166, 0.104319, 0.543684, 0.832765),

              ["LeftHand"] = CFrame.new(0.000484, 0.024977, 0.000001, 0.749298, 0.571866, -0.333953, -0.640316, 0.496971, -0.585678, -0.168963, 0.652679, 0.738551),

              ["LeftLowerArm"] = CFrame.new(-0.000500, 0.119057, 0.085738, 1.000000, -0.000000, 0.000000, 0.000000, 0.113853, -0.993498, 0.000000, 0.993498, 0.113852),

              ["LeftLowerLeg"] = CFrame.new(-0.000000, 0.113871, -0.054810, 1.000000, -0.000000, -0.000000, 0.000000, 0.433686, 0.901071, -0.000000, -0.901064, 0.433673),

              ["LeftUpperArm"] = CFrame.new(0.181282, -0.010730, -0.983476, 0.712070, -0.033893, -0.701290, -0.224929, -0.957203, -0.182125, -0.665104, 0.287426, -0.689219),

              ["LeftUpperLeg"] = CFrame.new(-0.000000, -0.000000, -0.000100, 0.992263, 0.122051, 0.022751, -0.091346, 0.841793, -0.531995, -0.084082, 0.525822, 0.846442),

              ["LowerTorso"] = CFrame.new(0.105080, -0.418114, -0.077446, 0.999877, -0.009364, -0.012562, 0.009586, 0.999798, 0.017668, 0.012394, -0.017786, 0.999765),

              ["RightFoot"] = CFrame.new(0.000000, 0.027784, -0.000102, 0.993710, 0.085662, 0.072129, -0.033986, 0.844415, -0.534635, -0.106698, 0.528796, 0.841999),

              ["RightHand"] = CFrame.new(-0.000485, 0.023067, -0.000000, 0.780327, -0.539885, 0.315620, 0.624821, 0.651883, -0.429708, 0.026246, 0.532516, 0.846011),

              ["RightLowerArm"] = CFrame.new(-0.000000, 0.112762, 0.063448, 1.000000, 0.000000, 0.000000, 0.000000, 0.345307, -0.938490, -0.000000, 0.938490, 0.345307),

              ["RightLowerLeg"] = CFrame.new(0.000000, 0.112769, -0.053466, 1.000000, 0.000000, 0.000000, -0.000000, 0.448691, 0.893693, 0.000000, -0.893687, 0.448678),

              ["RightUpperArm"] = CFrame.new(-0.034380, 0.080805, -1.112902, 0.695694, 0.399549, 0.596968, 0.328845, -0.915988, 0.229840, 0.638648, 0.036411, -0.768637),

              ["RightUpperLeg"] = CFrame.new(0.000000, -0.000000, -0.000000, 0.995303, -0.096079, -0.011856, 0.075056, 0.843203, -0.532309, 0.061141, 0.528940, 0.846467),

              ["UpperTorso"] = CFrame.new(0.007667, 0.058948, -0.029185, 0.999644, 0.025445, 0.008092, -0.023544, 0.982957, -0.182324, -0.012593, 0.182069, 0.983205)

          }},

          {Time = 0.184, Data = {

              ["Head"] = CFrame.new(0.000000, 0.000000, 0.000000, 0.998440, 0.010464, 0.054851, 0.026136, 0.780472, -0.624644, -0.049346, 0.625103, 0.778981),

              ["LeftFoot"] = CFrame.new(-0.000000, 0.028359, -0.000002, 0.994304, -0.081530, -0.068649, 0.030553, 0.835102, -0.549272, 0.102105, 0.544020, 0.832819),

              ["LeftHand"] = CFrame.new(0.000483, 0.024975, -0.000000, 0.749498, 0.571670, -0.333839, -0.640109, 0.497185, -0.585722, -0.168859, 0.652687, 0.738567),

              ["LeftLowerArm"] = CFrame.new(-0.000499, 0.119055, 0.085722, 1.000000, -0.000000, 0.000000, 0.000000, 0.114015, -0.993479, 0.000000, 0.993479, 0.114015),

              ["LeftLowerLeg"] = CFrame.new(0.000000, 0.115517, -0.057568, 1.000000, -0.000000, -0.000000, 0.000000, 0.404977, 0.914333, -0.000000, -0.914327, 0.404963),

              ["LeftUpperArm"] = CFrame.new(0.181386, -0.010723, -0.983366, 0.712278, -0.034089, -0.701069, -0.224916, -0.957236, -0.181967, -0.664885, 0.287292, -0.689485),

              ["LeftUpperLeg"] = CFrame.new(0.000000, 0.000000, -0.000100, 0.992873, 0.117671, 0.018877, -0.084198, 0.804700, -0.587662, -0.084341, 0.581904, 0.808887),

              ["LowerTorso"] = CFrame.new(0.102845, -0.435802, -0.058387, 0.999913, -0.006517, -0.011484, 0.007125, 0.998532, 0.053704, 0.011117, -0.053781, 0.998491),

              ["RightFoot"] = CFrame.new(-0.000000, 0.028338, -0.000102, 0.993422, 0.087600, 0.073760, -0.034473, 0.842979, -0.536866, -0.109201, 0.530766, 0.840437),

              ["RightHand"] = CFrame.new(-0.000485, 0.023064, -0.000000, 0.780443, -0.539759, 0.315547, 0.624676, 0.651982, -0.429769, 0.026241, 0.532522, 0.846008),

              ["RightLowerArm"] = CFrame.new(-0.000000, 0.112753, 0.063427, 1.000000, 0.000000, 0.000000, -0.000000, 0.345531, -0.938407, -0.000000, 0.938407, 0.345531),

              ["RightLowerLeg"] = CFrame.new(0.000000, 0.114643, -0.056523, 1.000000, 0.000000, 0.000000, -0.000000, 0.416898, 0.908959, 0.000000, -0.908953, 0.416885),

              ["RightUpperArm"] = CFrame.new(-0.034445, 0.080811, -1.112835, 0.695822, 0.399651, 0.596751, 0.328833, -0.915953, 0.229998, 0.638514, 0.036193, -0.768759),

              ["RightUpperLeg"] = CFrame.new(-0.000000, 0.000000, -0.000000, 0.994779, -0.101678, -0.008754, 0.077030, 0.804343, -0.589132, 0.066943, 0.585401, 0.807990),

              ["UpperTorso"] = CFrame.new(0.008733, 0.078404, -0.030955, 0.999714, 0.022808, 0.007238, -0.020687, 0.975813, -0.217625, -0.012027, 0.217413, 0.976006)

          }},

          {Time = 0.197, Data = {

              ["Head"] = CFrame.new(0.000000, -0.000000, -0.000000, 0.998440, 0.010464, 0.054851, 0.026136, 0.780472, -0.624644, -0.049346, 0.625103, 0.778981),

              ["LeftFoot"] = CFrame.new(-0.000000, 0.028836, -0.000002, 0.994556, -0.079710, -0.067117, 0.029360, 0.832358, -0.553486, 0.099977, 0.548477, 0.830150),

              ["LeftHand"] = CFrame.new(0.000483, 0.024973, 0.000000, 0.749816, 0.571359, -0.333657, -0.639780, 0.497525, -0.585793, -0.168694, 0.652700, 0.738593),

              ["LeftLowerArm"] = CFrame.new(-0.000499, 0.119051, 0.085697, 1.000000, -0.000000, 0.000000, 0.000000, 0.114274, -0.993449, 0.000000, 0.993449, 0.114273),

              ["LeftLowerLeg"] = CFrame.new(-0.000000, 0.117163, -0.060727, 1.000000, -0.000000, -0.000000, 0.000000, 0.372154, 0.928176, -0.000000, -0.928171, 0.372141),

              ["LeftUpperArm"] = CFrame.new(0.181552, -0.010713, -0.983192, 0.712610, -0.034401, -0.700717, -0.224895, -0.957289, -0.181715, -0.664537, 0.287080, -0.689909),

