return {
["nicki walk"] = {

          {Time = 0.000, Data = {

              ["Head"] = CFrame.new(0.000000, 0.000000, 0.000000, 1.000000, 0.000000, 0.000000, 0.000000, 0.997551, -0.069943, 0.000000, 0.069943, 0.997551),

              ["LeftFoot"] = CFrame.new(0.000000, -0.009555, -0.000003, 0.975673, 0.167702, 0.141210, -0.111185, 0.933621, -0.340586, -0.188943, 0.316588, 0.929549),

              ["LeftHand"] = CFrame.new(0.000500, 0.000100, -0.000000, 1.000000, -0.000000, 0.000000, 0.000000, 1.000000, 0.000001, -0.000000, -0.000000, 1.000000),

              ["LeftLowerArm"] = CFrame.new(-0.000500, 0.017382, 0.001522, 1.000000, -0.000000, -0.000000, 0.000000, 0.984604, -0.174802, 0.000000, 0.174802, 0.984604),

              ["LeftLowerLeg"] = CFrame.new(0.000000, -0.009122, -0.000020, 1.000000, 0.000000, 0.000000, -0.000000, 1.000000, -0.000008, 0.000000, -0.000011, 1.000000),

              ["LeftUpperArm"] = CFrame.new(-0.354875, 0.009634, 0.498858, 0.064747, 0.274951, -0.959276, 0.019268, 0.960769, 0.276679, 0.997716, -0.036397, 0.056909),

              ["LeftUpperLeg"] = CFrame.new(0.000000, -0.000000, -0.000100, 0.975672, -0.111184, -0.188949, 0.167703, 0.933620, 0.316596, 0.141206, -0.340575, 0.929551),

              ["LowerTorso"] = CFrame.new(0.000000, -0.073681, 0.000000, 1.000000, 0.000000, -0.000000, 0.000000, 1.000000, 0.000000, 0.000000, 0.000000, 1.000000),

              ["RightFoot"] = CFrame.new(0.000000, -0.055441, -0.000103, 0.991509, -0.099471, -0.083756, 0.125488, 0.900780, 0.415781, 0.034087, -0.422730, 0.905600),

              ["RightHand"] = CFrame.new(-0.000500, -0.000000, 0.000000, 0.977608, -0.209719, -0.017346, 0.198624, 0.892373, 0.405242, -0.069507, -0.399610, 0.914045),

              ["RightLowerArm"] = CFrame.new(-0.000000, 0.023031, 0.002665, 1.000000, 0.000000, 0.000000, -0.000000, 0.973124, -0.230282, -0.000000, 0.230282, 0.973124),

              ["RightLowerLeg"] = CFrame.new(-0.000000, -0.055248, -0.000729, 1.000000, 0.000000, -0.000000, -0.000000, 1.000000, -0.000007, -0.000000, -0.000010, 1.000000),

              ["RightUpperArm"] = CFrame.new(0.092858, -0.098697, -0.428495, 0.476028, -0.401330, -0.782516, 0.197395, 0.915855, -0.349635, 0.856991, 0.011972, 0.515193),

              ["RightUpperLeg"] = CFrame.new(0.000000, -0.000000, -0.000000, 0.991509, 0.125488, 0.034087, -0.099470, 0.900771, -0.422744, -0.083754, 0.415770, 0.905608),

              ["UpperTorso"] = CFrame.new(0.000000, 0.000000, 0.000000, 1.000000, 0.000000, 0.000000, 0.000000, 1.000000, 0.000000, -0.000000, 0.000000, 1.000000)

          }},

          {Time = 0.033, Data = {

              ["Head"] = CFrame.new(0.000000, 0.000000, 0.000000, 0.999998, -0.002157, 0.000151, 0.002162, 0.997549, -0.069943, 0.000000, 0.069943, 0.997551),

              ["LeftFoot"] = CFrame.new(0.000000, -0.003965, -0.000003, 0.977270, 0.162171, 0.136552, -0.111847, 0.941554, -0.317763, -0.180093, 0.295257, 0.938286),

              ["LeftHand"] = CFrame.new(0.000500, 0.000100, 0.000000, 1.000000, -0.000050, 0.000018, 0.000050, 1.000000, -0.000140, -0.000018, 0.000140, 1.000000),

              ["LeftLowerArm"] = CFrame.new(-0.000500, 0.017389, 0.001523, 1.000000, -0.000000, -0.000000, 0.000000, 0.984590, -0.174877, 0.000000, 0.174877, 0.984590),

              ["LeftLowerLeg"] = CFrame.new(0.000000, -0.003552, 0.000054, 1.000000, 0.000000, 0.000000, 0.000000, 1.000000, -0.000008, -0.000000, -0.000011, 1.000000),

              ["LeftUpperArm"] = CFrame.new(-0.355051, 0.010859, 0.498838, 0.064581, 0.274957, -0.959285, 0.021719, 0.960677, 0.276818, 0.997676, -0.038712, 0.056070),

              ["LeftUpperLeg"] = CFrame.new(0.000000, -0.000000, -0.000100, 0.976972, -0.113512, -0.180667, 0.166652, 0.934713, 0.313915, 0.133240, -0.336788, 0.932103),

              ["LowerTorso"] = CFrame.new(-0.000569, -0.069211, 0.000000, 0.999999, 0.001422, -0.000000, -0.001422, 0.999999, 0.000000, 0.000000, -0.000000, 1.000000),

              ["RightFoot"] = CFrame.new(-0.000000, -0.053484, -0.000103, 0.991849, -0.097467, -0.082069, 0.122664, 0.904683, 0.408078, 0.034471, -0.414787, 0.909251),

              ["RightHand"] = CFrame.new(-0.000500, 0.000000, -0.000000, 0.977889, -0.208473, -0.016528, 0.197504, 0.894673, 0.400694, -0.068746, -0.395095, 0.916063),

              ["RightLowerArm"] = CFrame.new(-0.000000, 0.023580, 0.002796, 1.000000, 0.000000, 0.000000, -0.000000, 0.971808, -0.235774, -0.000000, 0.235774, 0.971808),

              ["RightLowerLeg"] = CFrame.new(-0.000000, -0.053298, -0.000703, 1.000000, -0.000000, -0.000000, 0.000000, 1.000000, -0.000007, -0.000000, -0.000010, 1.000000),

              ["RightUpperArm"] = CFrame.new(0.089237, -0.098959, -0.426423, 0.483344, -0.404857, -0.776189, 0.197565, 0.914209, -0.353821, 0.852846, 0.017669, 0.521864),

              ["RightUpperLeg"] = CFrame.new(0.000000, -0.000000, -0.000000, 0.991987, 0.121377, 0.035062, -0.096056, 0.904850, -0.414748, -0.082067, 0.408063, 0.909261),

              ["UpperTorso"] = CFrame.new(0.000000, -0.000000, 0.000000, 1.000000, -0.000096, 0.000000, 0.000096, 1.000000, -0.000000, -0.000000, 0.000000, 1.000000)

          }},

          {Time = 0.067, Data = {

              ["Head"] = CFrame.new(-0.000000, 0.000000, 0.000000, 0.999968, -0.008011, 0.000562, 0.008030, 0.997519, -0.069941, 0.000000, 0.069943, 0.997551),

              ["LeftFoot"] = CFrame.new(0.000000, 0.003622, -0.000003, 0.980748, 0.149380, 0.125782, -0.104853, 0.946190, -0.306165, -0.164739, 0.287070, 0.943632),

              ["LeftHand"] = CFrame.new(0.000500, 0.000100, -0.000000, 1.000000, -0.000197, 0.000072, 0.000197, 1.000000, -0.000556, -0.000072, 0.000557, 1.000000),

              ["LeftLowerArm"] = CFrame.new(-0.000500, 0.017412, 0.001527, 1.000000, -0.000000, -0.000000, 0.000000, 0.984551, -0.175099, 0.000000, 0.175099, 0.984551),

              ["LeftLowerLeg"] = CFrame.new(-0.000000, 0.015618, -0.000556, 1.000000, -0.000000, 0.000000, 0.000000, 0.993141, 0.116901, -0.000000, -0.116920, 0.993143),

              ["LeftUpperArm"] = CFrame.new(-0.355563, 0.014367, 0.498764, 0.064105, 0.274977, -0.959311, 0.028735, 0.960381, 0.277204, 0.997529, -0.045336, 0.053664),

              ["LeftUpperLeg"] = CFrame.new(0.000000, -0.000000, -0.000100, 0.979633, -0.129914, -0.153107, 0.165131, 0.955050, 0.246202, 0.114241, -0.266461, 0.957049),

              ["LowerTorso"] = CFrame.new(-0.002197, -0.057072, 0.000000, 0.999985, 0.005494, -0.000000, -0.005494, 0.999985, 0.000000, 0.000000, -0.000000, 1.000000),

              ["RightFoot"] = CFrame.new(-0.000000, -0.048230, -0.000103, 0.992749, -0.091952, -0.077425, 0.114888, 0.915273, 0.386135, 0.035358, -0.392199, 0.919187),

              ["RightHand"] = CFrame.new(-0.000500, 0.000000, 0.000000, 0.978685, -0.204876, -0.014220, 0.194272, 0.901130, 0.387591, -0.066593, -0.382088, 0.921722),

              ["RightLowerArm"] = CFrame.new(0.000000, 0.025149, 0.003188, 1.000000, 0.000000, 0.000000, -0.000000, 0.967868, -0.251458, -0.000000, 0.251458, 0.967868),

              ["RightLowerLeg"] = CFrame.new(-0.000000, -0.048062, -0.000633, 1.000000, 0.000000, 0.000000, 0.000000, 1.000000, -0.000007, 0.000000, -0.000010, 1.000000),

              ["RightUpperArm"] = CFrame.new(0.078903, -0.099831, -0.420249, 0.504233, -0.414693, -0.757482, 0.198270, 0.909315, -0.365835, 0.840499, 0.034280, 0.540728),

              ["RightUpperLeg"] = CFrame.new(0.000000, -0.000000, -0.000000, 0.993239, 0.109858, 0.037513, -0.086499, 0.915896, -0.391980, -0.077420, 0.386091, 0.919209),

              ["UpperTorso"] = CFrame.new(-0.000000, 0.000000, 0.000000, 1.000000, -0.000518, 0.000000, 0.000518, 1.000000, -0.000000, -0.000000, 0.000000, 1.000000)

          }},

          {Time = 0.100, Data = {

              ["Head"] = CFrame.new(0.000000, 0.000000, 0.000000, 0.999861, -0.016638, 0.001167, 0.016679, 0.997412, -0.069933, 0.000000, 0.069943, 0.997551),

              ["LeftFoot"] = CFrame.new(0.000000, 0.008149, -0.000003, 0.984258, 0.135199, 0.113840, -0.096442, 0.950588, -0.295111, -0.148105, 0.279470, 0.948657),

              ["LeftHand"] = CFrame.new(0.000500, 0.000100, 0.000000, 1.000000, -0.000441, 0.000161, 0.000441, 0.999999, -0.001243, -0.000160, 0.001244, 0.999999),

              ["LeftLowerArm"] = CFrame.new(-0.000500, 0.017448, 0.001534, 1.000000, -0.000000, -0.000000, 0.000000, 0.984486, -0.175465, 0.000000, 0.175465, 0.984486),

              ["LeftLowerLeg"] = CFrame.new(-0.000000, 0.038566, -0.004569, 1.000000, -0.000000, -0.000000, 0.000000, 0.952506, 0.304507, -0.000000, -0.304520, 0.952510),

              ["LeftUpperArm"] = CFrame.new(-0.356388, 0.019906, 0.498598, 0.063355, 0.275015, -0.959350, 0.039815, 0.959820, 0.277779, 0.997197, -0.055795, 0.049859),

              ["LeftUpperLeg"] = CFrame.new(0.000000, 0.000000, -0.000100, 0.981905, -0.151336, -0.113847, 0.165758, 0.977534, 0.130216, 0.091584, -0.146716, 0.984928),

              ["LowerTorso"] = CFrame.new(-0.004768, -0.039170, 0.000000, 0.999929, 0.011919, -0.000000, -0.011919, 0.999929, 0.000000, 0.000000, -0.000000, 1.000000),

              ["RightFoot"] = CFrame.new(0.000000, -0.040922, -0.000103, 0.994014, -0.083575, -0.070371, 0.103114, 0.930536, 0.351413, 0.036113, -0.356535, 0.933572),

              ["RightHand"] = CFrame.new(-0.000500, -0.000000, 0.000000, 0.979920, -0.199106, -0.010677, 0.189085, 0.910940, 0.366657, -0.063277, -0.361310, 0.930295),

              ["RightLowerArm"] = CFrame.new(-0.000000, 0.027613, 0.003859, 1.000000, 0.000000, 0.000000, -0.000000, 0.961134, -0.276084, -0.000000, 0.276084, 0.961133),

              ["RightLowerLeg"] = CFrame.new(-0.000000, -0.040779, -0.000537, 1.000000, -0.000000, 0.000000, 0.000000, 1.000000, -0.000007, -0.000000, -0.000010, 1.000000),

              ["RightUpperArm"] = CFrame.new(0.062710, -0.101566, -0.409767, 0.536975, -0.429386, -0.726144, 0.200055, 0.901032, -0.384863, 0.819534, 0.061393, 0.569733),

              ["RightUpperLeg"] = CFrame.new(0.000000, 0.000000, -0.000000, 0.994939, 0.092015, 0.040359, -0.071730, 0.931735, -0.355978, -0.070360, 0.351288, 0.933622),

              ["UpperTorso"] = CFrame.new(0.000000, 0.000000, 0.000000, 0.999999, -0.001471, 0.000000, 0.001471, 0.999999, -0.000000, -0.000000, 0.000000, 1.000000)

          }},

          {Time = 0.133, Data = {

              ["Head"] = CFrame.new(-0.000000, 0.000000, 0.000000, 0.999631, -0.027114, 0.001901, 0.027180, 0.997182, -0.069917, 0.000000, 0.069943, 0.997551),

              ["LeftFoot"] = CFrame.new(-0.000000, 0.011719, -0.000003, 0.986924, 0.123303, 0.103824, -0.093580, 0.962723, -0.253801, -0.131239, 0.240749, 0.961668),

              ["LeftHand"] = CFrame.new(0.000500, 0.000100, 0.000000, 1.000000, -0.000778, 0.000285, 0.000778, 0.999997, -0.002194, -0.000284, 0.002195, 0.999998),

              ["LeftLowerArm"] = CFrame.new(-0.000500, 0.017499, 0.001543, 1.000000, -0.000000, -0.000000, 0.000000, 0.984396, -0.175971, 0.000000, 0.175971, 0.984395),

              ["LeftLowerLeg"] = CFrame.new(0.000000, 0.058406, -0.011552, 1.000000, -0.000000, -0.000000, 0.000000, 0.881589, 0.472011, -0.000000, -0.472017, 0.881593),

              ["LeftUpperArm"] = CFrame.new(-0.357503, 0.027225, 0.498283, 0.062363, 0.275077, -0.959397, 0.054454, 0.958899, 0.278474, 0.996567, -0.069609, 0.044820),

              ["LeftUpperLeg"] = CFrame.new(0.000000, 0.000000, -0.000100, 0.982949, -0.169090, -0.072250, 0.170096, 0.985395, 0.007984, 0.069845, -0.020119, 0.997355),

              ["LowerTorso"] = CFrame.new(-0.008161, -0.017404, 0.000000, 0.999792, 0.020403, -0.000000, -0.020403, 0.999792, 0.000000, 0.000000, -0.000000, 1.000000),

              ["RightFoot"] = CFrame.new(0.000000, -0.033076, -0.000103, 0.995446, -0.072925, -0.061404, 0.088293, 0.948160, 0.305311, 0.035955, -0.309313, 0.950271),

              ["RightHand"] = CFrame.new(-0.000500, 0.000000, 0.000000, 0.981509, -0.191317, -0.006188, 0.182078, 0.923161, 0.338562, -0.059060, -0.333425, 0.940924),

              ["RightLowerArm"] = CFrame.new(0.000000, 0.030838, 0.004841, 1.000000, -0.000000, 0.000000, -0.000000, 0.951279, -0.308331, -0.000000, 0.308331, 0.951279),

              ["RightLowerLeg"] = CFrame.new(-0.000000, -0.032960, -0.000433, 1.000000, 0.000000, -0.000000, -0.000000, 1.000000, -0.000007, 0.000000, -0.000010, 1.000000),

              ["RightUpperArm"] = CFrame.new(0.041661, -0.104555, -0.394526, 0.579558, -0.447043, -0.681370, 0.203735, 0.889039, -0.410002, 0.789053, 0.098801, 0.606328),

              ["RightUpperLeg"] = CFrame.new(-0.000000, -0.000000, -0.000000, 0.996727, 0.068927, 0.042254, -0.052617, 0.949847, -0.308251, -0.061382, 0.305025, 0.950366),

              ["UpperTorso"] = CFrame.new(-0.000000, 0.000000, 0.000000, 0.999995, -0.003158, 0.000000, 0.003158, 0.999995, -0.000000, -0.000000, 0.000000, 1.000000)

          }},

          {Time = 0.167, Data = {

              ["Head"] = CFrame.new(0.000000, -0.000000, 0.000000, 0.999255, -0.038511, 0.002700, 0.038606, 0.996807, -0.069891, 0.000000, 0.069943, 0.997551),

              ["LeftFoot"] = CFrame.new(-0.000000, 0.015120, -0.000003, 0.988627, 0.115041, 0.096867, -0.095906, 0.978399, -0.183147, -0.115836, 0.171759, 0.978302),

              ["LeftHand"] = CFrame.new(0.000500, 0.000100, 0.000000, 0.999999, -0.001206, 0.000445, 0.001208, 0.999994, -0.003403, -0.000441, 0.003405, 0.999994),

              ["LeftLowerArm"] = CFrame.new(-0.000500, 0.017563, 0.001554, 1.000000, -0.000000, -0.000000, 0.000000, 0.984281, -0.176613, 0.000000, 0.176612, 0.984280),

              ["LeftLowerLeg"] = CFrame.new(-0.000000, 0.074676, -0.020007, 1.000000, -0.000000, -0.000000, 0.000000, 0.795171, 0.606386, -0.000000, -0.606385, 0.795171),

              ["LeftUpperArm"] = CFrame.new(-0.358885, 0.036070, 0.497757, 0.061164, 0.275171, -0.959448, 0.072144, 0.957514, 0.279216, 0.995517, -0.086296, 0.038714),

              ["LeftUpperLeg"] = CFrame.new(0.000000, -0.000000, -0.000100, 0.982629, -0.183020, -0.030728, 0.178506, 0.977402, -0.113211, 0.050754, 0.105780, 0.993096),

              ["LowerTorso"] = CFrame.new(-0.012260, 0.006328, 0.000000, 0.999530, 0.030651, -0.000000, -0.030651, 0.999530, 0.000000, 0.000000, -0.000000, 1.000000),

              ["RightFoot"] = CFrame.new(0.000000, -0.026112, -0.000103, 0.996856, -0.060606, -0.051032, 0.071486, 0.965735, 0.249517, 0.034159, -0.252355, 0.967025),

              ["RightHand"] = CFrame.new(-0.000500, 0.000000, 0.000000, 0.983360, -0.181664, -0.001067, 0.173386, 0.936768, 0.303983, -0.054223, -0.299107, 0.952677),

              ["RightLowerArm"] = CFrame.new(-0.000000, 0.034688, 0.006172, 1.000000, 0.000000, 0.000000, -0.000000, 0.937932, -0.346820, -0.000000, 0.346819, 0.937932),

              ["RightLowerLeg"] = CFrame.new(0.000000, -0.026021, -0.000341, 1.000000, -0.000000, -0.000000, -0.000000, 1.000000, -0.000007, -0.000000, -0.000010, 1.000000),

              ["RightUpperArm"] = CFrame.new(0.016989, -0.109271, -0.373997, 0.629510, -0.465364, -0.622216, 0.210294, 0.872957, -0.440139, 0.747993, 0.146223, 0.647399),

              ["RightUpperLeg"] = CFrame.new(0.000000, -0.000000, -0.000000, 0.998247, 0.041847, 0.041863, -0.030052, 0.967609, -0.250650, -0.050996, 0.248960, 0.967172),

              ["UpperTorso"] = CFrame.new(0.000000, 0.000000, 0.000000, 0.999983, -0.005782, 0.000000, 0.005782, 0.999983, -0.000000, -0.000000, 0.000000, 1.000000)

          }},

          {Time = 0.200, Data = {

              ["Head"] = CFrame.new(0.000000, -0.000000, 0.000000, 0.998748, -0.049903, 0.003499, 0.050026, 0.996302, -0.069855, 0.000000, 0.069943, 0.997551),

              ["LeftFoot"] = CFrame.new(0.000000, 0.019523, -0.000003, 0.989517, 0.110473, 0.093021, -0.102505, 0.990967, -0.086484, -0.101728, 0.076033, 0.991901),

              ["LeftHand"] = CFrame.new(0.000500, 0.000100, -0.000000, 0.999998, -0.001724, 0.000639, 0.001727, 0.999987, -0.004864, -0.000631, 0.004866, 0.999988),

              ["LeftLowerArm"] = CFrame.new(-0.000500, 0.017640, 0.001568, 1.000000, -0.000000, -0.000000, 0.000000, 0.984141, -0.177387, 0.000000, 0.177386, 0.984141),

              ["LeftLowerLeg"] = CFrame.new(-0.000000, 0.088123, -0.028254, 1.000000, -0.000000, -0.000000, 0.000000, 0.709799, 0.704409, -0.000000, -0.704405, 0.709795),

              ["LeftUpperArm"] = CFrame.new(-0.360508, 0.046182, 0.496962, 0.059794, 0.275303, -0.959496, 0.092369, 0.955566, 0.279932, 0.993928, -0.105365, 0.031708),

              ["LeftUpperLeg"] = CFrame.new(0.000000, -0.000000, -0.000100, 0.981050, -0.193497, 0.009982, 0.190641, 0.954801, -0.228036, 0.034594, 0.225641, 0.973602),

              ["LowerTorso"] = CFrame.new(-0.016946, 0.030126, 0.000000, 0.999102, 0.042366, -0.000000, -0.042366, 0.999102, 0.000000, 0.000000, -0.000000, 1.000000),

              ["RightFoot"] = CFrame.new(-0.000000, -0.021150, -0.000103, 0.998086, -0.047300, -0.039828, 0.053922, 0.981031, 0.186224, 0.030263, -0.187992, 0.981700),

              ["RightHand"] = CFrame.new(-0.000500, 0.000000, 0.000000, 0.985379, -0.170320, 0.004364, 0.163161, 0.950715, 0.263667, -0.049057, -0.259097, 0.964604),

              ["RightLowerArm"] = CFrame.new(0.000000, 0.039021, 0.007885, 1.000000, 0.000000, 0.000000, -0.000000, 0.920760, -0.390129, -0.000000, 0.390128, 0.920760),

              ["RightLowerLeg"] = CFrame.new(-0.000000, -0.021076, -0.000276, 1.000000, 0.000000, -0.000000, 0.000000, 1.000000, -0.000007, -0.000000, -0.000011, 1.000000),

              ["RightUpperArm"] = CFrame.new(-0.009793, -0.116209, -0.347740, 0.683793, -0.481714, -0.548068, 0.220756, 0.852485, -0.473852, 0.695481, 0.203027, 0.689265),

              ["RightUpperLeg"] = CFrame.new(-0.000000, 0.000000, -0.000000, 0.999196, 0.012304, 0.038160, -0.005012, 0.982614, -0.185586, -0.039780, 0.185253, 0.981887),

              ["UpperTorso"] = CFrame.new(-0.000000, 0.000000, 0.000000, 0.999954, -0.009547, 0.000000, 0.009547, 0.999954, -0.000000, -0.000000, 0.000000, 1.000000)

          }},

          {Time = 0.233, Data = {

              ["Head"] = CFrame.new(0.000000, -0.000000, 0.000000, 0.998167, -0.060365, 0.004232, 0.060514, 0.995723, -0.069815, 0.000000, 0.069943, 0.997551),

              ["LeftFoot"] = CFrame.new(0.000000, 0.022927, -0.000003, 0.989777, 0.109102, 0.091867, -0.111871, 0.993394, 0.025543, -0.088467, -0.035560, 0.995444),

              ["LeftHand"] = CFrame.new(0.000500, 0.000100, 0.000000, 0.999997, -0.002330, 0.000868, 0.002335, 0.999976, -0.006570, -0.000853, 0.006573, 0.999978),

              ["LeftLowerArm"] = CFrame.new(-0.000500, 0.017730, 0.001584, 1.000000, -0.000000, -0.000000, 0.000000, 0.983978, -0.178289, 0.000000, 0.178288, 0.983978),

              ["LeftLowerLeg"] = CFrame.new(0.000000, 0.097838, -0.035707, 1.000000, -0.000000, -0.000000, 0.000000, 0.632264, 0.774758, -0.000000, -0.774753, 0.632258),

              ["LeftUpperArm"] = CFrame.new(-0.362351, 0.057299, 0.495847, 0.058287, 0.275479, -0.959538, 0.114605, 0.952971, 0.280555, 0.991700, -0.126320, 0.023975),

              ["LeftUpperLeg"] = CFrame.new(-0.000000, -0.000000, -0.000100, 0.978361, -0.200658, 0.050451, 0.205805, 0.918669, -0.337160, 0.021306, 0.340269, 0.940095),

              ["LowerTorso"] = CFrame.new(-0.022100, 0.052090, 0.000000, 0.998473, 0.055251, -0.000000, -0.055251, 0.998473, 0.000000, 0.000000, -0.000000, 1.000000),

              ["RightFoot"] = CFrame.new(0.000000, -0.018788, -0.000103, 0.999021, -0.033836, -0.028491, 0.036977, 0.992310, 0.118147, 0.024273, -0.119067, 0.992587),

              ["RightHand"] = CFrame.new(-0.000500, 0.000000, 0.000000, 0.987471, -0.157495, 0.009790, 0.151585, 0.963999, 0.218472, -0.043845, -0.214249, 0.975794),

              ["RightLowerArm"] = CFrame.new(0.000000, 0.043692, 0.010001, 1.000000, 0.000000, 0.000000, -0.000000, 0.899549, -0.436821, -0.000000, 0.436821, 0.899548),

              ["RightLowerLeg"] = CFrame.new(0.000000, -0.018721, -0.000244, 1.000000, -0.000000, -0.000000, -0.000000, 1.000000, -0.000007, 0.000000, -0.000011, 1.000000),

              ["RightUpperArm"] = CFrame.new(-0.036891, -0.125801, -0.315611, 0.738818, -0.493313, -0.459119, 0.236022, 0.827547, -0.509372, 0.631222, 0.267970, 0.727839),

              ["RightUpperLeg"] = CFrame.new(0.000000, -0.000000, -0.000000, 0.999367, -0.017915, 0.030730, 0.021368, 0.993018, -0.116004, -0.028437, 0.116594, 0.992773),

              ["UpperTorso"] = CFrame.new(0.000000, -0.000000, 0.000000, 0.999893, -0.014657, 0.000000, 0.014657, 0.999893, -0.000000, -0.000000, 0.000000, 1.000000)

          }},

          {Time = 0.267, Data = {

              ["Head"] = CFrame.new(0.000000, 0.000000, 0.000000, 0.997607, -0.068975, 0.004836, 0.069145, 0.995164, -0.069775, 0.000000, 0.069943, 0.997551),

              ["LeftFoot"] = CFrame.new(0.000000, 0.024701, -0.000003, 0.989585, 0.110118, 0.092722, -0.122801, 0.981848, 0.144555, -0.075117, -0.154427, 0.985143),

              ["LeftHand"] = CFrame.new(0.000500, 0.000100, -0.000000, 0.999995, -0.003020, 0.001133, 0.003030, 0.999959, -0.008516, -0.001107, 0.008520, 0.999963),

              ["LeftLowerArm"] = CFrame.new(-0.000500, 0.017833, 0.001603, 1.000000, -0.000000, -0.000000, 0.000000, 0.983792, -0.179315, 0.000000, 0.179315, 0.983792),

              ["LeftLowerLeg"] = CFrame.new(-0.000000, 0.103606, -0.041389, 1.000000, -0.000000, -0.000000, 0.000000, 0.573233, 0.819399, -0.000000, -0.819392, 0.573224),

              ["LeftUpperArm"] = CFrame.new(-0.364387, 0.069157, 0.494379, 0.056680, 0.275702, -0.959571, 0.138322, 0.949678, 0.281030, 0.988764, -0.148658, 0.015692),

              ["LeftUpperLeg"] = CFrame.new(-0.000000, -0.000000, -0.000100, 0.974745, -0.204593, 0.089512, 0.223044, 0.871988, -0.435741, 0.011097, 0.444723, 0.895610),

              ["LowerTorso"] = CFrame.new(-0.027603, 0.070312, 0.000000, 0.997616, 0.069007, -0.000000, -0.069007, 0.997616, 0.000000, 0.000000, -0.000000, 1.000000),

              ["RightFoot"] = CFrame.new(-0.000000, -0.018911, -0.000103, 0.999614, -0.021259, -0.017901, 0.022103, 0.998587, 0.048336, 0.016847, -0.048699, 0.998671),

              ["RightHand"] = CFrame.new(-0.000500, 0.000000, 0.000000, 0.989547, -0.143440, 0.014919, 0.138882, 0.975716, 0.169387, -0.038853, -0.165542, 0.985437),

              ["RightLowerArm"] = CFrame.new(-0.000000, 0.048561, 0.012527, 1.000000, 0.000000, 0.000000, -0.000000, 0.874247, -0.485481, -0.000000, 0.485481, 0.874247),

              ["RightLowerLeg"] = CFrame.new(0.000000, -0.018846, -0.000246, 1.000000, 0.000000, -0.000000, 0.000000, 1.000000, -0.000008, -0.000000, -0.000011, 1.000000),

              ["RightUpperArm"] = CFrame.new(-0.062346, -0.138316, -0.277933, 0.790655, -0.497555, -0.356797, 0.256667, 0.798428, -0.544642, 0.555866, 0.339046, 0.758987),

              ["RightUpperLeg"] = CFrame.new(0.000000, -0.000001, -0.000000, 0.998701, -0.046867, 0.020008, 0.047730, 0.997841, -0.045104, -0.017851, 0.046007, 0.998782),

              ["UpperTorso"] = CFrame.new(0.000000, 0.000000, 0.000000, 0.999773, -0.021314, 0.000000, 0.021314, 0.999773, -0.000000, -0.000000, 0.000000, 1.000000)

          }},

          {Time = 0.300, Data = {

              ["Head"] = CFrame.new(0.000000, 0.000000, 0.000000, 0.997184, -0.074814, 0.005246, 0.074998, 0.994742, -0.069746, 0.000000, 0.069943, 0.997551),

              ["LeftFoot"] = CFrame.new(-0.000000, 0.025476, -0.000003, 0.989154, 0.112358, 0.094608, -0.133639, 0.955708, 0.262242, -0.060949, -0.272025, 0.960353),

              ["LeftHand"] = CFrame.new(0.000500, 0.000100, -0.000000, 0.999992, -0.003794, 0.001432, 0.003809, 0.999936, -0.010695, -0.001391, 0.010701, 0.999942),

              ["LeftLowerArm"] = CFrame.new(-0.000500, 0.017948, 0.001623, 1.000000, -0.000000, -0.000000, 0.000000, 0.983582, -0.180462, 0.000000, 0.180462, 0.983582),

              ["LeftLowerLeg"] = CFrame.new(0.000000, 0.106007, -0.044035, 1.000000, -0.000000, -0.000000, 0.000000, 0.545718, 0.837975, -0.000000, -0.837969, 0.545708),

              ["LeftUpperArm"] = CFrame.new(-0.366593, 0.081487, 0.492543, 0.055009, 0.275973, -0.959590, 0.162984, 0.945674, 0.281314, 0.985094, -0.171873, 0.007041),

              ["LeftUpperLeg"] = CFrame.new(0.000000, -0.000000, -0.000100, 0.970503, -0.206625, 0.124213, 0.241042, 0.821450, -0.516816, 0.004753, 0.531533, 0.847037),

              ["LowerTorso"] = CFrame.new(-0.033335, 0.082883, 0.000000, 0.996521, 0.083337, -0.000000, -0.083337, 0.996521, 0.000000, 0.000000, -0.000000, 1.000000),

              ["RightFoot"] = CFrame.new(0.000000, -0.020745, -0.000103, 0.999898, -0.010916, -0.009191, 0.010729, 0.999739, -0.020159, 0.009408, 0.020068, 0.999755),

              ["RightHand"] = CFrame.new(-0.000500, 0.000000, -0.000000, 0.991523, -0.128458, 0.019500, 0.125318, 0.985130, 0.117532, -0.034308, -0.114091, 0.992878),

              ["RightLowerArm"] = CFrame.new(0.000000, 0.053491, 0.015446, 1.000000, 0.000000, 0.000000, -0.000000, 0.845004, -0.534760, -0.000000, 0.534760, 0.845004),

              ["RightLowerLeg"] = CFrame.new(-0.000000, -0.020672, -0.000270, 1.000000, 0.000000, -0.000000, 0.000000, 1.000000, -0.000008, -0.000000, -0.000011, 1.000000),

              ["RightUpperArm"] = CFrame.new(-0.084239, -0.153767, -0.235616, 0.835459, -0.492425, -0.243978, 0.282752, 0.765857, -0.577508, 0.471231, 0.413499, 0.779076),

              ["RightUpperLeg"] = CFrame.new(0.000000, -0.000000, -0.000000, 0.997332, -0.072618, 0.007428, 0.072420, 0.997084, 0.024085, -0.009155, -0.023475, 0.999682),

              ["UpperTorso"] = CFrame.new(-0.000000, 0.000000, 0.000000, 0.999558, -0.029722, 0.000000, 0.029722, 0.999558, -0.000000, -0.000000, 0.000000, 1.000000)

          }},

          {Time = 0.333, Data = {

              ["Head"] = CFrame.new(0.000000, 0.000000, 0.000000, 0.997019, -0.076965, 0.005396, 0.077154, 0.994578, -0.069734, 0.000000, 0.069943, 0.997551),

              ["LeftFoot"] = CFrame.new(-0.000000, 0.025093, -0.000002, 0.988789, 0.114225, 0.096179, -0.141957, 0.918856, 0.368194, -0.046316, -0.377698, 0.924761),

              ["LeftHand"] = CFrame.new(0.000500, 0.000100, -0.000000, 0.999988, -0.004649, 0.001767, 0.004672, 0.999903, -0.013101, -0.001706, 0.013109, 0.999913),

              ["LeftLowerArm"] = CFrame.new(-0.000500, 0.018075, 0.001647, 1.000000, -0.000000, -0.000000, 0.000000, 0.983349, -0.181726, 0.000000, 0.181726, 0.983349),

              ["LeftLowerLeg"] = CFrame.new(-0.000000, 0.104886, -0.042800, 1.000000, -0.000000, -0.000000, 0.000000, 0.558574, 0.829461, -0.000000, -0.829455, 0.558565),

              ["LeftUpperArm"] = CFrame.new(-0.368945, 0.094022, 0.490350, 0.053310, 0.276291, -0.959594, 0.188058, 0.940988, 0.281381, 0.980710, -0.195459, -0.001795),

              ["LeftUpperLeg"] = CFrame.new(0.000000, -0.000000, -0.000100, 0.966154, -0.209464, 0.150568, 0.257941, 0.776047, -0.575497, 0.003699, 0.594875, 0.803824),

              ["LowerTorso"] = CFrame.new(-0.039177, 0.087885, 0.000000, 0.995192, 0.097942, -0.000000, -0.097942, 0.995192, 0.000000, 0.000000, -0.000000, 1.000000),

              ["RightFoot"] = CFrame.new(-0.000000, -0.022870, -0.000103, 0.999982, -0.004542, -0.003825, 0.004202, 0.996405, -0.084614, 0.004195, 0.084601, 0.996406),

              ["RightHand"] = CFrame.new(-0.000500, 0.000000, 0.000001, 0.993333, -0.112890, 0.023339, 0.111201, 0.991726, 0.064141, -0.030387, -0.061116, 0.997668),

              ["RightLowerArm"] = CFrame.new(-0.000000, 0.058361, 0.018724, 1.000000, 0.000000, 0.000000, -0.000000, 0.812171, -0.583420, -0.000000, 0.583420, 0.812171),

              ["RightLowerLeg"] = CFrame.new(0.000000, -0.022790, -0.000298, 1.000000, 0.000000, -0.000000, 0.000000, 1.000000, -0.000008, 0.000000, -0.000011, 1.000000),

              ["RightUpperArm"] = CFrame.new(-0.100976, -0.171851, -0.190150, 0.870034, -0.476910, -0.124889, 0.313708, 0.730996, -0.605997, 0.380300, 0.488059, 0.785602),

              ["RightUpperLeg"] = CFrame.new(-0.000000, -0.000000, -0.000000, 0.995621, -0.093369, -0.004555, 0.093403, 0.991633, 0.089117, -0.003804, -0.089145, 0.996011),

              ["UpperTorso"] = CFrame.new(0.000000, 0.000000, 0.000000, 0.999196, -0.040082, 0.000000, 0.040082, 0.999196, -0.000000, -0.000000, 0.000000, 1.000000)

          }},

          {Time = 0.367, Data = {

              ["Head"] = CFrame.new(0.000000, -0.000000, 0.000000, 0.997025, -0.076884, 0.005391, 0.077073, 0.994584, -0.069735, 0.000000, 0.069943, 0.997551),

              ["LeftFoot"] = CFrame.new(0.000000, 0.023489, -0.000002, 0.988846, 0.113933, 0.095933, -0.145430, 0.877601, 0.456822, -0.032142, -0.465656, 0.884370),

              ["LeftHand"] = CFrame.new(0.000500, 0.000100, 0.000000, 0.999982, -0.005582, 0.002137, 0.005615, 0.999861, -0.015728, -0.002048, 0.015740, 0.999874),

              ["LeftLowerArm"] = CFrame.new(-0.000500, 0.018212, 0.001672, 1.000000, -0.000000, -0.000000, 0.000000, 0.983094, -0.183103, 0.000000, 0.183103, 0.983094),

              ["LeftLowerLeg"] = CFrame.new(0.000000, 0.099468, -0.037151, 1.000000, -0.000000, -0.000000, 0.000000, 0.617238, 0.786782, -0.000000, -0.786777, 0.617231),

              ["LeftUpperArm"] = CFrame.new(-0.371418, 0.106498, 0.487836, 0.051619, 0.276649, -0.959584, 0.213011, 0.935703, 0.281223, 0.975685, -0.218918, -0.010629),

              ["LeftUpperLeg"] = CFrame.new(0.000000, 0.000000, -0.000100, 0.962393, -0.216417, 0.164198, 0.271514, 0.746464, -0.607496, 0.008905, 0.629250, 0.777166),

              ["LowerTorso"] = CFrame.new(-0.045010, 0.084032, 0.000000, 0.993649, 0.112526, -0.000000, -0.112526, 0.993649, 0.000000, 0.000000, -0.000000, 1.000000),

              ["RightFoot"] = CFrame.new(-0.000000, -0.023766, -0.000103, 0.999999, -0.000983, -0.000828, 0.000855, 0.989698, -0.143168, 0.000960, 0.143167, 0.989698),

              ["RightHand"] = CFrame.new(-0.000500, 0.000000, 0.000000, 0.994925, -0.097115, 0.026311, 0.096868, 0.995242, 0.010514, -0.027207, -0.007911, 0.999599),

              ["RightLowerArm"] = CFrame.new(-0.000000, 0.063060, 0.022307, 1.000000, 0.000000, 0.000000, -0.000000, 0.776290, -0.630376, -0.000000, 0.630376, 0.776290),

              ["RightLowerLeg"] = CFrame.new(0.000000, -0.023683, -0.000310, 1.000000, 0.000000, 0.000000, -0.000000, 1.000000, -0.000008, 0.000000, -0.000011, 1.000000),

              ["RightUpperArm"] = CFrame.new(-0.111560, -0.191958, -0.143451, 0.892379, -0.451263, -0.004635, 0.348349, 0.695322, -0.628634, 0.286902, 0.559365, 0.777687),

              ["RightUpperLeg"] = CFrame.new(-0.000000, 0.000000, -0.000000, 0.993759, -0.110418, -0.015830, 0.111544, 0.982630, 0.148322, -0.000822, -0.149155, 0.988813),

              ["UpperTorso"] = CFrame.new(0.000000, 0.000000, 0.000000, 0.998660, -0.051751, 0.000000, 0.051751, 0.998660, -0.000000, -0.000000, 0.000000, 1.000000)

          }},

          {Time = 0.400, Data = {

              ["Head"] = CFrame.new(-0.000000, 0.000000, 0.000000, 0.997046, -0.076622, 0.005372, 0.076810, 0.994604, -0.069736, 0.000000, 0.069943, 0.997551),

              ["LeftFoot"] = CFrame.new(0.000000, 0.019455, -0.000003, 0.989440, 0.110878, 0.093360, -0.143637, 0.836414, 0.528966, -0.019436, -0.536766, 0.843492),

              ["LeftHand"] = CFrame.new(0.000500, 0.000100, -0.000000, 0.999975, -0.006592, 0.002542, 0.006638, 0.999806, -0.018570, -0.002419, 0.018587, 0.999824),

              ["LeftLowerArm"] = CFrame.new(-0.000500, 0.018361, 0.001700, 1.000000, -0.000000, -0.000000, 0.000000, 0.982816, -0.184589, 0.000000, 0.184589, 0.982816),

              ["LeftLowerLeg"] = CFrame.new(-0.000000, 0.087929, -0.028121, 1.000000, -0.000000, -0.000000, 0.000000, 0.711177, 0.703016, -0.000000, -0.703013, 0.711174),

              ["LeftUpperArm"] = CFrame.new(-0.373989, 0.118653, 0.485065, 0.049972, 0.277039, -0.959558, 0.237323, 0.929947, 0.280849, 0.970145, -0.241760, -0.019277),

              ["LeftUpperLeg"] = CFrame.new(-0.000000, 0.000000, -0.000100, 0.959622, -0.228469, 0.164089, 0.280646, 0.738137, -0.613493, 0.019045, 0.634788, 0.772465),

              ["LowerTorso"] = CFrame.new(-0.050718, 0.072587, 0.000000, 0.991929, 0.126794, -0.000000, -0.126794, 0.991929, 0.000000, 0.000000, -0.000000, 1.000000),

              ["RightFoot"] = CFrame.new(-0.000000, -0.023183, -0.000103, 0.999996, 0.002243, 0.001889, -0.001830, 0.980672, -0.195655, -0.002291, 0.195648, 0.980671),

              ["RightHand"] = CFrame.new(-0.000500, 0.000000, -0.000000, 0.996267, -0.081526, 0.028365, 0.082676, 0.995690, -0.042023, -0.024817, 0.044212, 0.998714),

              ["RightLowerArm"] = CFrame.new(-0.000000, 0.067499, 0.026126, 1.000000, 0.000000, 0.000000, -0.000000, 0.738064, -0.674730, -0.000000, 0.674730, 0.738065),

              ["RightLowerLeg"] = CFrame.new(0.000000, -0.023101, -0.000302, 1.000000, -0.000000, 0.000000, 0.000000, 1.000000, -0.000008, 0.000000, -0.000011, 1.000000),

              ["RightUpperArm"] = CFrame.new(-0.115763, -0.213244, -0.097591, 0.902032, -0.417012, 0.111535, 0.385024, 0.660409, -0.644684, 0.195182, 0.624469, 0.756269),

              ["RightUpperLeg"] = CFrame.new(0.000000, -0.000000, -0.000000, 0.991639, -0.125960, -0.028057, 0.129033, 0.970969, 0.201425, 0.001871, -0.203354, 0.979102),

              ["UpperTorso"] = CFrame.new(0.000000, -0.000000, 0.000000, 0.997968, -0.063713, 0.000000, 0.063713, 0.997968, -0.000000, -0.000000, 0.000000, 1.000000)

          }},

          {Time = 0.433, Data = {

              ["Head"] = CFrame.new(-0.000000, 0.000000, 0.000000, 0.997082, -0.076146, 0.005339, 0.076333, 0.994641, -0.069739, 0.000000, 0.069943, 0.997551),

              ["LeftFoot"] = CFrame.new(-0.000000, 0.013680, -0.000003, 0.990411, 0.105680, 0.088984, -0.137907, 0.794601, 0.591286, -0.008219, -0.597864, 0.801538),

              ["LeftHand"] = CFrame.new(0.000500, 0.000100, 0.000000, 0.999966, -0.007676, 0.002983, 0.007738, 0.999736, -0.021621, -0.002816, 0.021644, 0.999762),

              ["LeftLowerArm"] = CFrame.new(-0.000500, 0.018520, 0.001730, 1.000000, -0.000000, -0.000000, 0.000000, 0.982516, -0.186180, 0.000000, 0.186180, 0.982516),

              ["LeftLowerLeg"] = CFrame.new(-0.000000, 0.069016, -0.016883, 1.000000, -0.000000, -0.000000, 0.000000, 0.827237, 0.561851, -0.000000, -0.561854, 0.827238),

              ["LeftUpperArm"] = CFrame.new(-0.376633, 0.130235, 0.482123, 0.048402, 0.277449, -0.959520, 0.260488, 0.923896, 0.280288, 0.964263, -0.263510, -0.027553),

              ["LeftUpperLeg"] = CFrame.new(0.000000, 0.000000, -0.000100, 0.957857, -0.245290, 0.149473, 0.285457, 0.754847, -0.590511, 0.032018, 0.608308, 0.793066),

              ["LowerTorso"] = CFrame.new(-0.056181, 0.055444, 0.000000, 0.990087, 0.140453, -0.000000, -0.140453, 0.990087, 0.000000, 0.000000, -0.000000, 1.000000),

              ["RightFoot"] = CFrame.new(0.000000, -0.021317, -0.000103, 0.999979, 0.004997, 0.004207, -0.003829, 0.970222, -0.242193, -0.005292, 0.242165, 0.970219),

              ["RightHand"] = CFrame.new(-0.000500, 0.000000, -0.000000, 0.997348, -0.066524, 0.029527, 0.068986, 0.993350, -0.092179, -0.023198, 0.093972, 0.995305),

              ["RightLowerArm"] = CFrame.new(0.000000, 0.071609, 0.030096, 1.000000, 0.000000, 0.000000, 0.000000, 0.698320, -0.715786, -0.000000, 0.715786, 0.698320),

              ["RightLowerLeg"] = CFrame.new(-0.000000, -0.021242, -0.000278, 1.000000, 0.000000, 0.000000, 0.000000, 1.000000, -0.000008, 0.000000, -0.000011, 1.000000),

              ["RightUpperArm"] = CFrame.new(-0.114134, -0.234760, -0.054491, 0.900082, -0.376694, 0.218986, 0.421872, 0.627707, -0.654223, 0.108983, 0.681238, 0.723904),

              ["RightUpperLeg"] = CFrame.new(-0.000000, -0.000000, -0.000000, 0.989359, -0.139716, -0.040614, 0.145439, 0.957622, 0.248619, 0.004157, -0.251873, 0.967750),

              ["UpperTorso"] = CFrame.new(0.000000, 0.000000, -0.000000, 0.997138, -0.075606, 0.000000, 0.075606, 0.997138, -0.000000, -0.000000, 0.000000, 1.000000)

          }},

          {Time = 0.467, Data = {

              ["Head"] = CFrame.new(-0.000000, 0.000000, 0.000000, 0.997137, -0.075426, 0.005288, 0.075611, 0.994695, -0.069743, 0.000000, 0.069943, 0.997551),

              ["LeftFoot"] = CFrame.new(0.000000, 0.008339, -0.000003, 0.991511, 0.099464, 0.083748, -0.129956, 0.737180, 0.663107, 0.004216, -0.668336, 0.743825),

              ["LeftHand"] = CFrame.new(0.000500, 0.000100, -0.000000, 0.999955, -0.008831, 0.003460, 0.008915, 0.999651, -0.024875, -0.003239, 0.024905, 0.999685),

              ["LeftLowerArm"] = CFrame.new(-0.000500, 0.018689, 0.001762, 1.000000, -0.000000, -0.000000, 0.000000, 0.982193, -0.187872, 0.000000, 0.187872, 0.982194),

              ["LeftLowerLeg"] = CFrame.new(0.000000, 0.039616, -0.004851, 1.000000, -0.000000, -0.000000, 0.000000, 0.949643, 0.313321, -0.000000, -0.313334, 0.949647),

              ["LeftUpperArm"] = CFrame.new(-0.379328, 0.140998, 0.479120, 0.046943, 0.277864, -0.959473, 0.282018, 0.917768, 0.279584, 0.958260, -0.283713, -0.035279),

              ["LeftUpperLeg"] = CFrame.new(0.000000, 0.000000, -0.000100, 0.956880, -0.266650, 0.115226, 0.286856, 0.804921, -0.519427, 0.045758, 0.530094, 0.846710),

              ["LowerTorso"] = CFrame.new(-0.061285, 0.034490, 0.000000, 0.988193, 0.153214, -0.000000, -0.153214, 0.988193, 0.000000, 0.000000, -0.000000, 1.000000),

              ["RightFoot"] = CFrame.new(0.000000, -0.018427, -0.000103, 0.999957, 0.007081, 0.005962, -0.005106, 0.959173, -0.282784, -0.007721, 0.282732, 0.959165),

              ["RightHand"] = CFrame.new(-0.000500, 0.000000, 0.000000, 0.998174, -0.052494, 0.029890, 0.056152, 0.988736, -0.138737, -0.022270, 0.140162, 0.989878),

              ["RightLowerArm"] = CFrame.new(-0.000000, 0.075340, 0.034128, 1.000000, 0.000000, 0.000000, 0.000000, 0.657960, -0.753052, -0.000000, 0.753053, 0.657960),

              ["RightLowerLeg"] = CFrame.new(0.000000, -0.018362, -0.000239, 1.000000, 0.000000, 0.000000, 0.000000, 1.000000, -0.000008, 0.000000, -0.000011, 1.000000),

              ["RightUpperArm"] = CFrame.new(-0.107846, -0.255589, -0.015685, 0.888865, -0.333415, 0.314250, 0.457093, 0.598358, -0.658053, 0.031371, 0.728562, 0.684261),

              ["RightUpperLeg"] = CFrame.new(-0.000000, -0.000000, -0.000000, 0.987055, -0.151452, -0.052781, 0.160277, 0.943503, 0.290031, 0.005873, -0.294729, 0.955561),

              ["UpperTorso"] = CFrame.new(0.000000, 0.000000, 0.000000, 0.996202, -0.087069, 0.000000, 0.087069, 0.996202, -0.000000, -0.000000, 0.000000, 1.000000)

          }},

          {Time = 0.500, Data = {

              ["Head"] = CFrame.new(0.000000, -0.000000, 0.000000, 0.997213, -0.074430, 0.005219, 0.074613, 0.994770, -0.069748, 0.000000, 0.069943, 0.997551),

              ["LeftFoot"] = CFrame.new(-0.000000, -0.011735, -0.000003, 0.992531, 0.093318, 0.078572, -0.121044, 0.673333, 0.729387, 0.015156, -0.733427, 0.679574),

              ["LeftHand"] = CFrame.new(0.000500, 0.000100, -0.000000, 0.999942, -0.010057, 0.003974, 0.010166, 0.999547, -0.028326, -0.003687, 0.028365, 0.999591),

              ["LeftLowerArm"] = CFrame.new(-0.000500, 0.018868, 0.001796, 1.000000, -0.000000, -0.000000, 0.000000, 0.981850, -0.189662, 0.000000, 0.189662, 0.981849),

              ["LeftLowerLeg"] = CFrame.new(-0.000000, -0.011294, -0.000049, 1.000000, -0.000000, -0.000000, -0.000000, 1.000000, -0.000007, -0.000000, -0.000010, 1.000000),

              ["LeftUpperArm"] = CFrame.new(-0.382052, 0.150708, 0.476185, 0.045627, 0.278268, -0.959419, 0.301442, 0.911815, 0.278796, 0.952392, -0.301930, -0.042278),

              ["LeftUpperLeg"] = CFrame.new(0.000000, -0.000000, -0.000100, 0.956415, -0.283737, 0.069017, 0.286043, 0.862787, -0.416862, 0.058733, 0.418440, 0.906346),

