return {
["squat thrust"] = {

          {Time = 0.000, Data = {

              ["Head"] = CFrame.new(-0.012280, 0.011828, 0.003300, 0.999612, -0.024364, -0.013491, 0.016110, 0.901003, -0.433514, 0.022718, 0.433129, 0.901046),

              ["LeftFoot"] = CFrame.new(-0.000000, 0.033101, -0.000001, 0.930974, -0.279276, -0.235158, 0.207890, 0.934982, -0.287396, 0.300115, 0.218663, 0.928496),

              ["LeftHand"] = CFrame.new(0.000486, 0.021267, 0.000000, 0.996296, 0.074118, -0.043606, -0.085973, 0.847418, -0.523922, -0.001879, 0.525727, 0.850650),

              ["LeftLowerArm"] = CFrame.new(-0.000500, 0.103948, 0.047946, 1.000000, -0.000000, -0.000000, 0.000000, 0.506141, -0.862451, 0.000000, 0.862451, 0.506141),

              ["LeftLowerLeg"] = CFrame.new(-0.000000, 0.125847, -0.105110, 1.000000, -0.000000, -0.000000, 0.000000, -0.089677, 0.995970, -0.000000, -0.995971, -0.089688),

              ["LeftUpperArm"] = CFrame.new(-0.259272, -0.717350, -0.368368, -0.558858, 0.292407, -0.776000, -0.591807, -0.796138, 0.126211, -0.580898, 0.529777, 0.617976),

              ["LeftUpperLeg"] = CFrame.new(0.000000, -0.000000, -0.000100, 0.930972, 0.280267, -0.233964, -0.296142, 0.204906, -0.932902, -0.213522, 0.937797, 0.273780),

              ["LowerTorso"] = CFrame.new(-0.000000, -0.919889, 0.426386, 1.000000, 0.000000, -0.000000, -0.000000, 0.997178, -0.075072, 0.000000, 0.075072, 0.997178),

              ["RightFoot"] = CFrame.new(0.000000, 0.033512, -0.000101, 0.958484, 0.218126, 0.183668, -0.157072, 0.941435, -0.298387, -0.237984, 0.257140, 0.936606),

              ["RightHand"] = CFrame.new(-0.000485, 0.022674, -0.000000, 0.984101, -0.153310, 0.089675, 0.175158, 0.754113, -0.632959, 0.029414, 0.638599, 0.768974),

              ["RightLowerArm"] = CFrame.new(-0.000000, 0.111053, 0.059755, 1.000000, 0.000000, 0.000000, -0.000000, 0.383628, -0.923488, -0.000000, 0.923488, 0.383629),

              ["RightLowerLeg"] = CFrame.new(0.000000, 0.125271, -0.108987, 1.000000, 0.000000, 0.000000, -0.000000, -0.128992, 0.991644, 0.000000, -0.991646, -0.129003),

              ["RightUpperArm"] = CFrame.new(0.013925, 0.407060, -0.348368, -0.210846, -0.304003, 0.929046, -0.883515, -0.347400, -0.314189, 0.418264, -0.887072, -0.195344),

              ["RightUpperLeg"] = CFrame.new(0.000000, -0.000000, -0.000000, 0.958483, -0.215738, 0.186457, 0.231299, 0.205784, -0.950866, 0.166769, 0.954521, 0.247158),

              ["UpperTorso"] = CFrame.new(0.000000, 0.053592, 0.057540, 1.000000, -0.000000, 0.000000, 0.000000, 0.856177, 0.516683, -0.000000, -0.516683, 0.856177)

          }},

          {Time = 0.020, Data = {

              ["Head"] = CFrame.new(-0.012280, 0.011828, 0.003300, 0.999612, -0.024364, -0.013491, 0.016260, 0.903853, -0.427535, 0.022610, 0.427150, 0.903898),

              ["LeftFoot"] = CFrame.new(0.000000, 0.033089, -0.000001, 0.930794, -0.279627, -0.235453, 0.204536, 0.932218, -0.298565, 0.302964, 0.229736, 0.924890),

              ["LeftHand"] = CFrame.new(0.000486, 0.021320, 0.000000, 0.996357, 0.073507, -0.043248, -0.085269, 0.848513, -0.522262, -0.001693, 0.524044, 0.851688),

              ["LeftLowerArm"] = CFrame.new(-0.000500, 0.104199, 0.048307, 1.000000, -0.000000, -0.000000, 0.000000, 0.502392, -0.864640, 0.000000, 0.864640, 0.502393),

              ["LeftLowerLeg"] = CFrame.new(0.000000, 0.125864, -0.104889, 1.000000, -0.000000, -0.000000, 0.000000, -0.087385, 0.996174, -0.000000, -0.996175, -0.087396),

              ["LeftUpperArm"] = CFrame.new(-0.259081, -0.719383, -0.366467, -0.558476, 0.294041, -0.775657, -0.595872, -0.792729, 0.128517, -0.577097, 0.533966, 0.617932),

              ["LeftUpperLeg"] = CFrame.new(0.000000, 0.000000, -0.000100, 0.930792, 0.283936, -0.230226, -0.297783, 0.223654, -0.928060, -0.212020, 0.932394, 0.292746),

              ["LowerTorso"] = CFrame.new(0.000000, -0.912550, 0.415629, 1.000000, -0.000000, -0.000000, -0.000000, 0.996713, -0.081012, 0.000000, 0.081012, 0.996713),

              ["RightFoot"] = CFrame.new(0.000000, 0.033499, -0.000101, 0.958371, 0.218416, 0.183912, -0.154329, 0.938144, -0.309962, -0.240223, 0.268664, 0.932792),

              ["RightHand"] = CFrame.new(-0.000485, 0.022667, 0.000000, 0.984128, -0.153179, 0.089599, 0.175013, 0.754232, -0.632858, 0.029363, 0.638491, 0.769066),

              ["RightLowerArm"] = CFrame.new(-0.000000, 0.111004, 0.059649, 1.000000, 0.000000, 0.000000, -0.000000, 0.384724, -0.923031, -0.000000, 0.923032, 0.384725),

              ["RightLowerLeg"] = CFrame.new(0.000000, 0.125297, -0.108765, 1.000000, 0.000000, 0.000000, -0.000000, -0.126677, 0.991943, 0.000000, -0.991944, -0.126687),

              ["RightUpperArm"] = CFrame.new(0.014890, 0.406063, -0.351733, -0.210717, -0.302754, 0.929483, -0.880474, -0.354307, -0.315012, 0.424693, -0.884763, -0.191909),

              ["RightUpperLeg"] = CFrame.new(0.000000, 0.000000, -0.000000, 0.958370, -0.218742, 0.183515, 0.232597, 0.225305, -0.946112, 0.165608, 0.949416, 0.266822),

              ["UpperTorso"] = CFrame.new(0.000000, 0.053554, 0.057576, 1.000000, -0.000000, 0.000000, -0.000000, 0.856899, 0.515484, -0.000000, -0.515484, 0.856899)

          }},

          {Time = 0.040, Data = {

              ["Head"] = CFrame.new(-0.012280, 0.011828, 0.003300, 0.999612, -0.024364, -0.013491, 0.016707, 0.912181, -0.409446, 0.022282, 0.409062, 0.912234),

              ["LeftFoot"] = CFrame.new(0.000000, 0.033044, -0.000001, 0.930252, -0.280681, -0.236341, 0.194531, 0.923381, -0.330960, 0.311110, 0.261890, 0.913569),

              ["LeftHand"] = CFrame.new(0.000486, 0.021485, -0.000000, 0.996375, 0.073319, -0.043135, -0.085060, 0.852384, -0.515955, -0.001062, 0.517751, 0.855529),

              ["LeftLowerArm"] = CFrame.new(-0.000500, 0.104973, 0.049443, 1.000000, -0.000000, 0.000000, 0.000000, 0.490614, -0.871377, 0.000000, 0.871377, 0.490615),

              ["LeftLowerLeg"] = CFrame.new(-0.000000, 0.125922, -0.104087, 1.000000, -0.000000, -0.000000, 0.000000, -0.079036, 0.996871, -0.000000, -0.996872, -0.079047),

              ["LeftUpperArm"] = CFrame.new(-0.259023, -0.725661, -0.359898, -0.558360, 0.298761, -0.773935, -0.608429, -0.781657, 0.137213, -0.563958, 0.547499, 0.618221),

              ["LeftUpperLeg"] = CFrame.new(0.000000, 0.000000, -0.000100, 0.930249, 0.294766, -0.218508, -0.302670, 0.279775, -0.911102, -0.207430, 0.913695, 0.349496),

              ["LowerTorso"] = CFrame.new(0.000000, -0.890537, 0.383379, 1.000000, -0.000000, -0.000000, -0.000000, 0.995102, -0.098854, 0.000000, 0.098854, 0.995102),

              ["RightFoot"] = CFrame.new(-0.000000, 0.033454, -0.000101, 0.958031, 0.219289, 0.184647, -0.146145, 0.927710, -0.343520, -0.246615, 0.302104, 0.920815),

              ["RightHand"] = CFrame.new(-0.000485, 0.022676, -0.000000, 0.984525, -0.151267, 0.088484, 0.172922, 0.756615, -0.630584, 0.028439, 0.636123, 0.771060),

              ["RightLowerArm"] = CFrame.new(0.000000, 0.111063, 0.059775, 1.000000, 0.000000, 0.000000, -0.000000, 0.383423, -0.923573, -0.000000, 0.923573, 0.383423),

              ["RightLowerLeg"] = CFrame.new(0.000000, 0.125389, -0.107954, 1.000000, 0.000000, 0.000000, -0.000000, -0.118241, 0.992984, 0.000000, -0.992985, -0.118252),

              ["RightUpperArm"] = CFrame.new(0.017037, 0.403275, -0.361442, -0.208833, -0.300974, 0.930486, -0.871755, -0.373912, -0.316597, 0.443207, -0.877271, -0.184290),

              ["RightUpperLeg"] = CFrame.new(0.000000, 0.000000, -0.000000, 0.958029, -0.227609, 0.174278, 0.236468, 0.283756, -0.929277, 0.162060, 0.931492, 0.325687),

              ["UpperTorso"] = CFrame.new(0.000000, 0.053440, 0.057681, 1.000000, -0.000000, 0.000000, -0.000000, 0.859055, 0.511883, -0.000000, -0.511883, 0.859055)

          }},

          {Time = 0.060, Data = {

              ["Head"] = CFrame.new(-0.012280, 0.011829, 0.003300, 0.999612, -0.024364, -0.013491, 0.017440, 0.925308, -0.378815, 0.021713, 0.378432, 0.925374),

              ["LeftFoot"] = CFrame.new(-0.000000, 0.032930, -0.000001, 0.929339, -0.282446, -0.237826, 0.178211, 0.907216, -0.381066, 0.323372, 0.311743, 0.893436),

              ["LeftHand"] = CFrame.new(0.000486, 0.021761, 0.000000, 0.996131, 0.075748, -0.044549, -0.087876, 0.859476, -0.503570, 0.000145, 0.505533, 0.862805),

              ["LeftLowerArm"] = CFrame.new(-0.000500, 0.106231, 0.051358, 1.000000, -0.000000, 0.000000, 0.000000, 0.470758, -0.882262, 0.000000, 0.882262, 0.470758),

              ["LeftLowerLeg"] = CFrame.new(0.000000, 0.126020, -0.102285, 1.000000, -0.000000, -0.000000, 0.000000, -0.060276, 0.998181, -0.000000, -0.998182, -0.060288),

              ["LeftUpperArm"] = CFrame.new(-0.259781, -0.736192, -0.347306, -0.559877, 0.305970, -0.770013, -0.629492, -0.761355, 0.155174, -0.538775, 0.571595, 0.618870),

              ["LeftUpperLeg"] = CFrame.new(0.000000, -0.000000, -0.000100, 0.929336, 0.312048, -0.197376, -0.310695, 0.372045, -0.874664, -0.199506, 0.874191, 0.442724),

              ["LowerTorso"] = CFrame.new(0.000000, -0.853863, 0.329696, 1.000000, -0.000000, -0.000000, -0.000000, 0.991690, -0.128654, 0.000000, 0.128654, 0.991690),

              ["RightFoot"] = CFrame.new(-0.000000, 0.033352, -0.000101, 0.957457, 0.220752, 0.185879, -0.132800, 0.908878, -0.395370, -0.256205, 0.353849, 0.899517),

              ["RightHand"] = CFrame.new(-0.000485, 0.022753, -0.000000, 0.985577, -0.146074, 0.085449, 0.167260, 0.763969, -0.623201, 0.025753, 0.628501, 0.777380),

              ["RightLowerArm"] = CFrame.new(0.000000, 0.111509, 0.060738, 1.000000, 0.000000, 0.000000, 0.000000, 0.373445, -0.927652, -0.000000, 0.927653, 0.373445),

              ["RightLowerLeg"] = CFrame.new(-0.000000, 0.125569, -0.106132, 1.000000, 0.000000, 0.000000, -0.000000, -0.099270, 0.995059, 0.000000, -0.995061, -0.099281),

              ["RightUpperArm"] = CFrame.new(0.019626, 0.398635, -0.377046, -0.203717, -0.301214, 0.931541, -0.857238, -0.404729, -0.318337, 0.472909, -0.863403, -0.175762),

              ["RightUpperLeg"] = CFrame.new(0.000000, -0.000000, -0.000000, 0.957455, -0.241761, 0.157576, 0.242831, 0.379899, -0.892578, 0.155928, 0.892876, 0.422462),

              ["UpperTorso"] = CFrame.new(0.000000, 0.053250, 0.057857, 1.000000, -0.000000, 0.000000, -0.000000, 0.862616, 0.505860, -0.000000, -0.505860, 0.862616)

          }},

          {Time = 0.080, Data = {

              ["Head"] = CFrame.new(-0.012280, 0.011828, 0.003300, 0.999612, -0.024364, -0.013491, 0.018440, 0.942042, -0.334988, 0.020871, 0.334609, 0.942126),

              ["LeftFoot"] = CFrame.new(0.000000, 0.032577, -0.000001, 0.928041, -0.284933, -0.239920, 0.156646, 0.882910, -0.442660, 0.337937, 0.373208, 0.863997),

              ["LeftHand"] = CFrame.new(0.000485, 0.022133, 0.000000, 0.995403, 0.082572, -0.048532, -0.095752, 0.869633, -0.484328, 0.002213, 0.486745, 0.873539),

              ["LeftLowerArm"] = CFrame.new(-0.000500, 0.107849, 0.053961, 1.000000, -0.000000, -0.000000, 0.000000, 0.443736, -0.896157, 0.000000, 0.896158, 0.443736),

              ["LeftLowerLeg"] = CFrame.new(-0.000000, 0.126049, -0.098808, 1.000000, -0.000000, -0.000000, 0.000000, -0.024003, 0.999712, -0.000000, -0.999712, -0.024015),

              ["LeftUpperArm"] = CFrame.new(-0.261901, -0.750475, -0.327286, -0.564115, 0.314676, -0.763382, -0.658056, -0.729771, 0.185461, -0.498735, 0.606970, 0.618750),

              ["LeftUpperLeg"] = CFrame.new(-0.000000, -0.000000, -0.000100, 0.928038, 0.334086, -0.164709, -0.321652, 0.495772, -0.806680, -0.187844, 0.801621, 0.567572),

              ["LowerTorso"] = CFrame.new(0.000000, -0.802557, 0.254682, 1.000000, -0.000000, -0.000000, -0.000000, 0.985370, -0.170426, 0.000000, 0.170426, 0.985370),

              ["RightFoot"] = CFrame.new(0.000000, 0.033154, -0.000101, 0.956639, 0.222817, 0.187617, -0.115188, 0.880972, -0.458953, -0.267532, 0.417422, 0.868425),

              ["RightHand"] = CFrame.new(-0.000485, 0.023017, -0.000000, 0.987314, -0.137051, 0.080175, 0.157395, 0.778248, -0.607915, 0.020920, 0.612818, 0.789944),

              ["RightLowerArm"] = CFrame.new(-0.000000, 0.112568, 0.063014, 1.000000, 0.000000, -0.000000, -0.000000, 0.349820, -0.936817, -0.000000, 0.936817, 0.349820),

              ["RightLowerLeg"] = CFrame.new(0.000000, 0.125815, -0.102608, 1.000000, 0.000000, 0.000000, -0.000000, -0.062607, 0.998038, 0.000000, -0.998038, -0.062619),

              ["RightUpperArm"] = CFrame.new(0.022384, 0.391625, -0.398230, -0.194821, -0.305144, 0.932165, -0.835885, -0.445577, -0.320558, 0.513167, -0.841635, -0.168257),

              ["RightUpperLeg"] = CFrame.new(0.000000, -0.000000, -0.000000, 0.956637, -0.259801, 0.131709, 0.251532, 0.508766, -0.823329, 0.146894, 0.820768, 0.552070),

              ["UpperTorso"] = CFrame.new(0.000000, 0.052982, 0.058102, 1.000000, -0.000000, 0.000000, -0.000000, 0.867529, 0.497386, -0.000000, -0.497386, 0.867529)

          }},

          {Time = 0.100, Data = {

              ["Head"] = CFrame.new(-0.012280, 0.011828, 0.003300, 0.999612, -0.024364, -0.013491, 0.019672, 0.960607, -0.277213, 0.019714, 0.276840, 0.960714),

              ["LeftFoot"] = CFrame.new(-0.000000, 0.032205, -0.000001, 0.926335, -0.288164, -0.242640, 0.132231, 0.851837, -0.506861, 0.352729, 0.437419, 0.827175),

              ["LeftHand"] = CFrame.new(0.000485, 0.022575, 0.000000, 0.993910, 0.095025, -0.055805, -0.110052, 0.882121, -0.457988, 0.005706, 0.461337, 0.887205),

              ["LeftLowerArm"] = CFrame.new(-0.000500, 0.109655, 0.057083, 1.000000, -0.000000, 0.000000, 0.000000, 0.411297, -0.911501, 0.000000, 0.911501, 0.411298),

              ["LeftLowerLeg"] = CFrame.new(-0.000000, 0.125865, -0.092738, 1.000000, -0.000000, -0.000000, 0.000000, 0.039152, 0.999234, -0.000000, -0.999233, 0.039139),

              ["LeftUpperArm"] = CFrame.new(-0.265726, -0.767304, -0.298494, -0.571765, 0.323635, -0.753886, -0.691715, -0.684276, 0.230861, -0.441151, 0.653473, 0.615109),

              ["LeftUpperLeg"] = CFrame.new(-0.000000, -0.000000, -0.000100, 0.926332, 0.357643, -0.118316, -0.335197, 0.639204, -0.692128, -0.171908, 0.680816, 0.712012),

              ["LowerTorso"] = CFrame.new(0.000000, -0.736671, 0.158478, 1.000000, -0.000000, -0.000000, -0.000000, 0.974581, -0.224035, 0.000000, 0.224035, 0.974581),

              ["RightFoot"] = CFrame.new(-0.000000, 0.032629, -0.000101, 0.955563, 0.225505, 0.189880, -0.095260, 0.845739, -0.525047, -0.278973, 0.483605, 0.829621),

              ["RightHand"] = CFrame.new(-0.000485, 0.023469, 0.000000, 0.989547, -0.124473, 0.072819, 0.143511, 0.800380, -0.582066, 0.014169, 0.586429, 0.809874),

              ["RightLowerArm"] = CFrame.new(-0.000000, 0.114238, 0.066941, 1.000000, 0.000000, 0.000000, -0.000000, 0.309012, -0.951058, -0.000000, 0.951058, 0.309012),

              ["RightLowerLeg"] = CFrame.new(-0.000000, 0.125822, -0.096490, 1.000000, 0.000000, 0.000000, -0.000000, 0.001166, 0.999999, 0.000000, -0.999999, 0.001153),

              ["RightUpperArm"] = CFrame.new(0.025443, 0.381301, -0.424692, -0.182410, -0.313402, 0.931936, -0.805811, -0.495452, -0.324340, 0.563378, -0.810127, -0.162168),

              ["RightUpperLeg"] = CFrame.new(0.000000, -0.000000, -0.000000, 0.955560, -0.279090, 0.094932, 0.262311, 0.658000, -0.705838, 0.134528, 0.699389, 0.701983),

              ["UpperTorso"] = CFrame.new(0.000000, 0.052636, 0.058416, 1.000000, -0.000000, 0.000000, -0.000000, 0.873725, 0.486420, -0.000000, -0.486420, 0.873725)

          }},

          {Time = 0.120, Data = {

              ["Head"] = CFrame.new(-0.012280, 0.011829, 0.003300, 0.999612, -0.024364, -0.013491, 0.021087, 0.978571, -0.204827, 0.018192, 0.204463, 0.978705),

              ["LeftFoot"] = CFrame.new(-0.000000, 0.031501, -0.000002, 0.924188, -0.292172, -0.246014, 0.109001, 0.819060, -0.563280, 0.366055, 0.493738, 0.788792),

              ["LeftHand"] = CFrame.new(0.000485, 0.022835, -0.000000, 0.991289, 0.113595, -0.066655, -0.131203, 0.895908, -0.424425, 0.011504, 0.429470, 0.903006),

              ["LeftLowerArm"] = CFrame.new(-0.000500, 0.111336, 0.060587, 1.000000, -0.000000, -0.000000, 0.000000, 0.375017, -0.927018, 0.000000, 0.927018, 0.375017),

              ["LeftLowerLeg"] = CFrame.new(-0.000000, 0.124689, -0.083050, 1.000000, -0.000000, -0.000000, 0.000000, 0.139921, 0.990165, -0.000000, -0.990163, 0.139906),

              ["LeftUpperArm"] = CFrame.new(-0.271328, -0.784644, -0.259921, -0.582970, 0.331899, -0.741612, -0.726394, -0.621828, 0.292715, -0.364004, 0.709347, 0.603597),

              ["LeftUpperLeg"] = CFrame.new(-0.000000, -0.000000, -0.000100, 0.924184, 0.377714, -0.056705, -0.350805, 0.780692, -0.517142, -0.151063, 0.497848, 0.854019),

              ["LowerTorso"] = CFrame.new(0.000000, -0.656302, 0.041257, 1.000000, -0.000000, -0.000000, -0.000000, 0.957320, -0.289029, 0.000000, 0.289029, 0.957320),

              ["RightFoot"] = CFrame.new(-0.000000, 0.032027, -0.000101, 0.954204, 0.228847, 0.192693, -0.076333, 0.809015, -0.582833, -0.289255, 0.541409, 0.789414),

              ["RightHand"] = CFrame.new(-0.000484, 0.024010, -0.000000, 0.991952, -0.109289, 0.063938, 0.126459, 0.829875, -0.543432, 0.006331, 0.547141, 0.837014),

              ["RightLowerArm"] = CFrame.new(-0.000000, 0.116246, 0.072646, 1.000000, 0.000000, 0.000000, 0.000000, 0.249742, -0.968313, -0.000000, 0.968313, 0.249742),

              ["RightLowerLeg"] = CFrame.new(0.000000, 0.125077, -0.086686, 1.000000, 0.000000, 0.000000, -0.000000, 0.103106, 0.994672, 0.000000, -0.994670, 0.103092),

              ["RightUpperArm"] = CFrame.new(0.029266, 0.366355, -0.455978, -0.167410, -0.325203, 0.930708, -0.764396, -0.553384, -0.330856, 0.622634, -0.766817, -0.155942),

              ["RightUpperLeg"] = CFrame.new(0.000000, 0.000000, -0.000000, 0.954201, -0.295591, 0.046099, 0.274772, 0.804976, -0.525827, 0.118322, 0.514432, 0.849342),

              ["UpperTorso"] = CFrame.new(0.000000, 0.052211, 0.058796, 1.000000, -0.000000, 0.000000, -0.000000, 0.881110, 0.472911, -0.000000, -0.472911, 0.881110)

          }},

          {Time = 0.140, Data = {

              ["Head"] = CFrame.new(-0.012280, 0.011829, 0.003300, 0.999612, -0.024364, -0.013491, 0.022612, 0.992813, -0.117517, 0.016257, 0.117167, 0.992979),

              ["LeftFoot"] = CFrame.new(-0.000000, 0.030036, -0.000002, 0.921547, -0.297014, -0.250089, 0.092485, 0.793467, -0.601568, 0.377090, 0.531219, 0.758665),

              ["LeftHand"] = CFrame.new(0.000485, 0.023251, -0.000000, 0.987149, 0.137855, -0.080833, -0.158482, 0.909474, -0.384372, 0.020528, 0.392240, 0.919633),

              ["LeftLowerArm"] = CFrame.new(-0.000500, 0.112985, 0.064184, 1.000000, -0.000000, -0.000000, 0.000000, 0.337669, -0.941265, 0.000000, 0.941265, 0.337669),

              ["LeftLowerLeg"] = CFrame.new(-0.000000, 0.120748, -0.068748, 1.000000, -0.000000, -0.000000, 0.000000, 0.288673, 0.957432, -0.000000, -0.957428, 0.288658),

              ["LeftUpperArm"] = CFrame.new(-0.278464, -0.799656, -0.211274, -0.597242, 0.338269, -0.727239, -0.756418, -0.539062, 0.370465, -0.266710, 0.771354, 0.577823),

              ["LeftUpperLeg"] = CFrame.new(-0.000000, -0.000000, -0.000100, 0.921543, 0.387744, 0.020314, -0.367726, 0.888362, -0.274915, -0.124644, 0.245901, 0.961254),

              ["LowerTorso"] = CFrame.new(0.000000, -0.561603, -0.096788, 1.000000, -0.000000, -0.000000, -0.000000, 0.931229, -0.364435, 0.000000, 0.364435, 0.931229),

              ["RightFoot"] = CFrame.new(-0.000000, 0.030562, -0.000102, 0.952529, 0.232896, 0.196102, -0.062786, 0.780513, -0.622003, -0.297904, 0.580138, 0.758061),

              ["RightHand"] = CFrame.new(-0.000484, 0.024406, 0.000000, 0.994192, -0.092892, 0.054345, 0.107611, 0.864690, -0.490648, -0.001414, 0.493643, 0.869662),

              ["RightLowerArm"] = CFrame.new(-0.000001, 0.118068, 0.079982, 1.000000, 0.000000, -0.000000, 0.000000, 0.173682, -0.984802, -0.000000, 0.984802, 0.173682),

              ["RightLowerLeg"] = CFrame.new(-0.000000, 0.121699, -0.072249, 1.000000, 0.000000, 0.000000, -0.000000, 0.253346, 0.967380, 0.000000, -0.967376, 0.253331),

              ["RightUpperArm"] = CFrame.new(0.034539, 0.345232, -0.491266, -0.151191, -0.338265, 0.928826, -0.708534, -0.618125, -0.340445, 0.689290, -0.709576, -0.146218),

              ["RightUpperLeg"] = CFrame.new(0.000000, -0.000000, -0.000000, 0.952526, -0.304100, -0.014739, 0.288343, 0.916588, -0.276968, 0.097737, 0.259594, 0.960766),

              ["UpperTorso"] = CFrame.new(0.000000, 0.051705, 0.059241, 1.000000, -0.000000, 0.000000, -0.000000, 0.889569, 0.456801, -0.000000, -0.456801, 0.889569)

          }},

          {Time = 0.160, Data = {

              ["Head"] = CFrame.new(-0.012280, 0.011828, 0.003300, 0.999612, -0.024364, -0.013491, 0.024152, 0.999586, -0.015665, 0.013867, 0.015333, 0.999786),

              ["LeftFoot"] = CFrame.new(-0.000000, 0.026826, -0.000003, 0.918340, -0.302773, -0.254937, 0.089398, 0.786117, -0.611600, 0.385565, 0.538840, 0.748968),

              ["LeftHand"] = CFrame.new(0.000484, 0.023679, 0.000000, 0.981202, 0.166498, -0.097575, -0.190012, 0.921886, -0.337673, 0.033730, 0.349864, 0.936192),

              ["LeftLowerArm"] = CFrame.new(-0.000499, 0.114518, 0.067903, 1.000000, -0.000000, -0.000000, -0.000000, 0.299011, -0.954250, 0.000000, 0.954250, 0.299011),

              ["LeftLowerLeg"] = CFrame.new(0.000000, 0.110205, -0.049226, 1.000000, -0.000000, -0.000000, 0.000000, 0.491691, 0.870776, -0.000000, -0.870769, 0.491679),

              ["LeftUpperArm"] = CFrame.new(-0.286618, -0.809000, -0.153360, -0.613551, 0.343051, -0.711247, -0.775107, -0.433735, 0.459438, -0.150882, 0.833181, 0.532019),

              ["LeftUpperLeg"] = CFrame.new(-0.000000, 0.000000, -0.000100, 0.918335, 0.379706, 0.111741, -0.384953, 0.922480, 0.029062, -0.092045, -0.069678, 0.993312),

              ["LowerTorso"] = CFrame.new(0.000000, -0.452803, -0.255460, 1.000000, -0.000000, -0.000000, -0.000000, 0.893763, -0.448539, 0.000000, 0.448539, 0.893763),

              ["RightFoot"] = CFrame.new(-0.000000, 0.027600, -0.000103, 0.950486, 0.237731, 0.200171, -0.059948, 0.772252, -0.632504, -0.304931, 0.589161, 0.748245),

              ["RightHand"] = CFrame.new(-0.000484, 0.025064, 0.000001, 0.996045, -0.076691, 0.044866, 0.088500, 0.901121, -0.424441, -0.007879, 0.426731, 0.904343),

              ["RightLowerArm"] = CFrame.new(-0.000001, 0.119506, 0.088264, 1.000000, 0.000000, 0.000000, -0.000000, 0.087593, -0.996156, -0.000000, 0.996156, 0.087593),

              ["RightLowerLeg"] = CFrame.new(-0.000000, 0.112116, -0.052449, 1.000000, 0.000000, 0.000000, -0.000000, 0.459265, 0.888306, 0.000000, -0.888300, 0.459252),

              ["RightUpperArm"] = CFrame.new(0.041957, 0.316381, -0.529131, -0.135144, -0.348176, 0.927636, -0.635119, -0.688151, -0.350817, 0.760500, -0.636570, -0.128134),

              ["RightUpperLeg"] = CFrame.new(0.000000, -0.000000, -0.000000, 0.950483, -0.298412, -0.086797, 0.302256, 0.952589, 0.034887, 0.072272, -0.059369, 0.995615),

              ["UpperTorso"] = CFrame.new(0.000000, 0.051117, 0.059750, 1.000000, -0.000000, 0.000000, -0.000000, 0.898964, 0.438023, -0.000000, -0.438023, 0.898964)

          }},

          {Time = 0.180, Data = {

              ["Head"] = CFrame.new(-0.012280, 0.011828, 0.003300, 0.999612, -0.024364, -0.013491, 0.025585, 0.994730, 0.099285, 0.011001, -0.099592, 0.994968),

              ["LeftFoot"] = CFrame.new(0.000000, 0.018162, -0.000003, 0.914452, -0.309583, -0.260670, 0.107598, 0.806892, -0.580839, 0.390129, 0.503075, 0.771153),

              ["LeftHand"] = CFrame.new(0.000484, 0.024077, -0.000000, 0.973397, 0.197702, -0.115814, -0.223136, 0.932757, -0.283153, 0.052046, 0.301461, 0.952056),

              ["LeftLowerArm"] = CFrame.new(-0.000499, 0.115972, 0.072050, 1.000000, -0.000000, -0.000000, 0.000000, 0.255921, -0.966698, 0.000000, 0.966698, 0.255921),

              ["LeftLowerLeg"] = CFrame.new(-0.000000, 0.084103, -0.025578, 1.000000, -0.000000, -0.000000, 0.000000, 0.737560, 0.675284, -0.000000, -0.675282, 0.737558),

              ["LeftUpperArm"] = CFrame.new(-0.295162, -0.809348, -0.088227, -0.630639, 0.347559, -0.693900, -0.775803, -0.306078, 0.551767, -0.020616, 0.886295, 0.462662),

              ["LeftUpperLeg"] = CFrame.new(0.000000, -0.000000, -0.000100, 0.914447, 0.342818, 0.215095, -0.401241, 0.837369, 0.371258, -0.052841, -0.425781, 0.903273),

              ["LowerTorso"] = CFrame.new(0.000000, -0.330214, -0.434597, 1.000000, -0.000000, -0.000000, -0.000000, 0.842499, -0.538699, 0.000000, 0.538699, 0.842499),

              ["RightFoot"] = CFrame.new(0.000000, 0.019654, -0.000103, 0.947999, 0.243473, 0.205005, -0.073995, 0.795041, -0.602048, -0.309552, 0.555545, 0.771694),

              ["RightHand"] = CFrame.new(-0.000483, 0.025455, 0.000000, 0.997475, -0.061297, 0.035862, 0.069953, 0.935137, -0.347314, -0.012246, 0.348943, 0.937063),

              ["RightLowerArm"] = CFrame.new(-0.000001, 0.120047, 0.096763, 1.000000, 0.000000, -0.000000, -0.000000, -0.000603, -1.000000, -0.000000, 1.000000, -0.000603),

              ["RightLowerLeg"] = CFrame.new(-0.000000, 0.087722, -0.028214, 1.000000, 0.000000, 0.000000, -0.000000, 0.711243, 0.702950, 0.000000, -0.702946, 0.711239),

              ["RightUpperArm"] = CFrame.new(0.051824, 0.278695, -0.567355, -0.119878, -0.351316, 0.928551, -0.541941, -0.760495, -0.357698, 0.831823, -0.546099, -0.099226),

              ["RightUpperLeg"] = CFrame.new(0.000000, -0.000000, 0.000000, 0.947996, -0.270237, -0.168159, 0.315557, 0.866983, 0.385718, 0.041557, -0.418703, 0.907163),

              ["UpperTorso"] = CFrame.new(0.000000, 0.050444, 0.060319, 1.000000, -0.000000, 0.000000, -0.000000, 0.909132, 0.416508, -0.000000, -0.416508, 0.909132)

          }},

          {Time = 0.200, Data = {

              ["Head"] = CFrame.new(-0.012280, 0.011829, 0.003300, 0.999612, -0.024364, -0.013491, 0.026772, 0.974104, 0.224508, 0.007672, -0.224782, 0.974379),

              ["LeftFoot"] = CFrame.new(0.000000, 0.004842, -0.000003, 0.909716, -0.317637, -0.267458, 0.179403, 0.881529, -0.436733, 0.374474, 0.349304, 0.858913),

              ["LeftHand"] = CFrame.new(0.000484, 0.024365, -0.000000, 0.963861, 0.229888, -0.134626, -0.255069, 0.942193, -0.217284, 0.076892, 0.243769, 0.966780),

              ["LeftLowerArm"] = CFrame.new(-0.000500, 0.117384, 0.077345, 1.000000, -0.000000, -0.000000, 0.000000, 0.201033, -0.979584, 0.000000, 0.979584, 0.201033),

              ["LeftLowerLeg"] = CFrame.new(0.000000, 0.021361, -0.001195, 1.000000, -0.000000, 0.000000, 0.000000, 0.986663, 0.162759, -0.000000, -0.162777, 0.986666),

              ["LeftUpperArm"] = CFrame.new(-0.303597, -0.797881, -0.018924, -0.647508, 0.354094, -0.674797, -0.752869, -0.160136, 0.638392, 0.117991, 0.921398, 0.370276),

              ["LeftUpperLeg"] = CFrame.new(0.000000, 0.000000, -0.000100, 0.909713, 0.237964, 0.340290, -0.415181, 0.534893, 0.735881, -0.006906, -0.810717, 0.585391),

              ["LowerTorso"] = CFrame.new(0.000000, -0.194231, -0.634109, 1.000000, -0.000000, -0.000000, -0.000000, 0.775557, -0.631278, 0.000000, 0.631278, 0.775557),

              ["RightFoot"] = CFrame.new(0.000000, 0.006674, -0.000103, 0.944954, 0.250301, 0.210758, -0.126916, 0.874039, -0.469007, -0.301586, 0.416421, 0.857679),

              ["RightHand"] = CFrame.new(-0.000483, 0.025804, -0.000000, 0.998623, -0.045273, 0.026496, 0.050694, 0.962732, -0.265665, -0.013481, 0.266641, 0.963701),

              ["RightLowerArm"] = CFrame.new(-0.000001, 0.119884, 0.104368, 1.000000, 0.000000, -0.000000, -0.000000, -0.079578, -0.996829, -0.000000, 0.996829, -0.079579),

              ["RightLowerLeg"] = CFrame.new(0.000000, 0.029399, -0.002626, 1.000000, 0.000000, 0.000000, -0.000000, 0.973190, 0.229988, 0.000000, -0.230004, 0.973194),

              ["RightUpperArm"] = CFrame.new(0.063426, 0.232208, -0.602942, -0.103966, -0.344069, 0.933171, -0.429064, -0.830940, -0.354178, 0.897271, -0.437212, -0.061238),

              ["RightUpperLeg"] = CFrame.new(0.000000, 0.000000, -0.000000, 0.944951, -0.192880, -0.264320, 0.327165, 0.570374, 0.753422, 0.005442, -0.798418, 0.602071),

              ["UpperTorso"] = CFrame.new(0.000000, 0.049684, 0.060946, 1.000000, -0.000000, 0.000000, -0.000000, 0.919888, 0.392182, -0.000000, -0.392182, 0.919888)

          }},

          {Time = 0.220, Data = {

              ["Head"] = CFrame.new(-0.012280, 0.011829, 0.003300, 0.999612, -0.024364, -0.013491, 0.026750, 0.974762, 0.221639, 0.007750, -0.221914, 0.975035),

              ["LeftFoot"] = CFrame.new(-0.000000, 0.005396, -0.000003, 0.909835, -0.317439, -0.267290, 0.176125, 0.878587, -0.443937, 0.375740, 0.356816, 0.855264),

              ["LeftHand"] = CFrame.new(0.000484, 0.024220, -0.000000, 0.967354, 0.218682, -0.128079, -0.244574, 0.937984, -0.245706, 0.066404, 0.269007, 0.960846),

              ["LeftLowerArm"] = CFrame.new(-0.000499, 0.116711, 0.074672, 1.000000, -0.000000, -0.000000, -0.000000, 0.228743, -0.973487, 0.000000, 0.973487, 0.228743),

              ["LeftLowerLeg"] = CFrame.new(0.000000, 0.024088, -0.001580, 1.000000, -0.000000, -0.000000, 0.000000, 0.982764, 0.184846, -0.000000, -0.184864, 0.982767),

              ["LeftUpperArm"] = CFrame.new(-0.300704, -0.800404, -0.019273, -0.641723, 0.349541, -0.682651, -0.757915, -0.152905, 0.634181, 0.117291, 0.924360, 0.363046),

              ["LeftUpperLeg"] = CFrame.new(0.000000, -0.000000, -0.000100, 0.909831, 0.242549, 0.336718, -0.414890, 0.548446, 0.726003, -0.008582, -0.800236, 0.599617),

              ["LowerTorso"] = CFrame.new(0.000000, -0.197751, -0.629013, 1.000000, -0.000000, -0.000000, -0.000000, 0.778106, -0.628133, 0.000000, 0.628133, 0.778106),

              ["RightFoot"] = CFrame.new(-0.000000, 0.007131, -0.000103, 0.945030, 0.250132, 0.210616, -0.124558, 0.870902, -0.475431, -0.302329, 0.423042, 0.854170),

              ["RightHand"] = CFrame.new(-0.000483, 0.025757, -0.000000, 0.996758, -0.069443, 0.040648, 0.077259, 0.967129, -0.242268, -0.022487, 0.244622, 0.969357),

              ["RightLowerArm"] = CFrame.new(-0.000001, 0.119942, 0.103337, 1.000000, 0.000000, -0.000000, -0.000000, -0.068871, -0.997625, -0.000000, 0.997626, -0.068872),

              ["RightLowerLeg"] = CFrame.new(-0.000000, 0.031804, -0.003111, 1.000000, 0.000000, -0.000000, -0.000000, 0.968281, 0.249848, 0.000000, -0.249864, 0.968285),

              ["RightUpperArm"] = CFrame.new(0.097040, 0.230443, -0.610457, -0.127959, -0.312838, 0.941148, -0.403538, -0.850423, -0.337547, 0.905971, -0.422981, -0.017423),

              ["RightUpperLeg"] = CFrame.new(0.000000, -0.000000, 0.000000, 0.945028, -0.196149, -0.261628, 0.326920, 0.583310, 0.743560, 0.006762, -0.788210, 0.615361),

              ["UpperTorso"] = CFrame.new(0.000000, 0.049617, 0.061001, 1.000000, -0.000000, 0.000000, -0.000000, 0.926293, 0.376804, -0.000000, -0.376804, 0.926293)

          }},

          {Time = 0.240, Data = {

              ["Head"] = CFrame.new(-0.012280, 0.011829, 0.003300, 0.999612, -0.024364, -0.013491, 0.026680, 0.976685, 0.213012, 0.007987, -0.213289, 0.976957),

              ["LeftFoot"] = CFrame.new(-0.000000, 0.006873, -0.000003, 0.910193, -0.316839, -0.266784, 0.166870, 0.870011, -0.463953, 0.379082, 0.377749, 0.844733),

              ["LeftHand"] = CFrame.new(0.000484, 0.024037, 0.000000, 0.968133, 0.216094, -0.126576, -0.243169, 0.932005, -0.268767, 0.059889, 0.290980, 0.954852),

              ["LeftLowerArm"] = CFrame.new(-0.000499, 0.115750, 0.071317, 1.000000, -0.000000, -0.000000, 0.000000, 0.263520, -0.964654, 0.000000, 0.964654, 0.263520),

              ["LeftLowerLeg"] = CFrame.new(0.000000, 0.031693, -0.002945, 1.000000, -0.000000, -0.000000, 0.000000, 0.968942, 0.247271, -0.000000, -0.247287, 0.968946),

              ["LeftUpperArm"] = CFrame.new(-0.300028, -0.800671, -0.017333, -0.640371, 0.340224, -0.688602, -0.758448, -0.138666, 0.636811, 0.121172, 0.930064, 0.346840),

              ["LeftUpperLeg"] = CFrame.new(0.000000, -0.000000, -0.000100, 0.910189, 0.255430, 0.326058, -0.413970, 0.586845, 0.695880, -0.013598, -0.768354, 0.639873),

              ["LowerTorso"] = CFrame.new(-0.000000, -0.208298, -0.613709, 1.000000, 0.000000, -0.000000, -0.000000, 0.785683, -0.618629, 0.000000, 0.618629, 0.785683),

              ["RightFoot"] = CFrame.new(-0.000000, 0.008387, -0.000103, 0.945261, 0.249622, 0.210186, -0.117861, 0.861775, -0.493430, -0.304286, 0.441625, 0.844007),

              ["RightHand"] = CFrame.new(-0.000483, 0.025783, -0.000000, 0.995534, -0.081467, 0.047701, 0.089489, 0.975291, -0.201988, -0.030066, 0.205354, 0.978226),

              ["RightLowerArm"] = CFrame.new(-0.000001, 0.119910, 0.103920, 1.000000, 0.000000, 0.000000, 0.000000, -0.074930, -0.997189, -0.000000, 0.997189, -0.074931),

              ["RightLowerLeg"] = CFrame.new(0.000000, 0.038580, -0.004725, 1.000000, 0.000000, -0.000000, -0.000000, 0.951931, 0.306300, 0.000000, -0.306314, 0.951935),

              ["RightUpperArm"] = CFrame.new(0.126676, 0.235164, -0.616240, -0.139877, -0.280483, 0.949612, -0.388890, -0.866415, -0.313193, 0.910604, -0.413103, 0.012115),

              ["RightUpperLeg"] = CFrame.new(0.000000, -0.000000, 0.000000, 0.945259, -0.205405, -0.253568, 0.326147, 0.620183, 0.713451, 0.010713, -0.757088, 0.653216),

              ["UpperTorso"] = CFrame.new(0.000000, 0.049413, 0.061166, 1.000000, -0.000000, 0.000000, 0.000000, 0.933770, 0.357875, -0.000000, -0.357875, 0.933770)

          }},

          {Time = 0.260, Data = {

              ["Head"] = CFrame.new(-0.012280, 0.011829, 0.003300, 0.999612, -0.024364, -0.013491, 0.026559, 0.979727, 0.198568, 0.008380, -0.198849, 0.979994),

              ["LeftFoot"] = CFrame.new(0.000000, 0.008866, -0.000003, 0.910799, -0.315819, -0.265925, 0.153582, 0.857043, -0.491842, 0.383221, 0.407106, 0.829081),

              ["LeftHand"] = CFrame.new(0.000485, 0.023619, 0.000000, 0.966828, 0.220398, -0.129105, -0.249245, 0.924578, -0.288156, 0.055858, 0.310774, 0.948840),

              ["LeftLowerArm"] = CFrame.new(-0.000500, 0.114310, 0.067376, 1.000000, -0.000000, -0.000000, 0.000000, 0.304491, -0.952515, 0.000000, 0.952515, 0.304491),

              ["LeftLowerLeg"] = CFrame.new(-0.000000, 0.042529, -0.005681, 1.000000, -0.000000, 0.000000, 0.000000, 0.941226, 0.337764, -0.000000, -0.337777, 0.941231),

              ["LeftUpperArm"] = CFrame.new(-0.301147, -0.799169, -0.013962, -0.642607, 0.326885, -0.692966, -0.755443, -0.119320, 0.644258, 0.127914, 0.937501, 0.323619),

              ["LeftUpperLeg"] = CFrame.new(-0.000000, -0.000000, -0.000100, 0.910794, 0.274002, 0.308835, -0.412278, 0.643327, 0.645111, -0.021921, -0.714880, 0.698894),

              ["LowerTorso"] = CFrame.new(-0.000000, -0.225829, -0.588150, 1.000000, 0.000000, -0.000000, -0.000000, 0.798070, -0.602565, 0.000000, 0.602565, 0.798070),

              ["RightFoot"] = CFrame.new(-0.000000, 0.010158, -0.000103, 0.945652, 0.248756, 0.209456, -0.108141, 0.847993, -0.518880, -0.306674, 0.468004, 0.828789),

              ["RightHand"] = CFrame.new(-0.000483, 0.025867, -0.000000, 0.995258, -0.083930, 0.049168, 0.090308, 0.985085, -0.146465, -0.036141, 0.150210, 0.987993),

              ["RightLowerArm"] = CFrame.new(-0.000000, 0.119789, 0.105727, 1.000000, 0.000000, 0.000000, -0.000000, -0.093695, -0.995601, -0.000000, 0.995601, -0.093696),

              ["RightLowerLeg"] = CFrame.new(-0.000000, 0.048405, -0.007752, 1.000000, 0.000000, 0.000000, -0.000000, 0.921233, 0.389000, 0.000000, -0.389011, 0.921238),

              ["RightUpperArm"] = CFrame.new(0.153631, 0.245790, -0.620865, -0.142317, -0.244805, 0.959071, -0.383956, -0.879412, -0.281447, 0.912318, -0.408296, 0.031161),

              ["RightUpperLeg"] = CFrame.new(0.000000, -0.000000, -0.000000, 0.945649, -0.218926, -0.240461, 0.324731, 0.674996, 0.662528, 0.017266, -0.704594, 0.709391),

              ["UpperTorso"] = CFrame.new(0.000000, 0.049074, 0.061439, 1.000000, -0.000000, 0.000000, 0.000000, 0.942104, 0.335322, -0.000000, -0.335322, 0.942104)

          }},

          {Time = 0.280, Data = {

              ["Head"] = CFrame.new(-0.012280, 0.011829, 0.003300, 0.999612, -0.024364, -0.013491, 0.026380, 0.983637, 0.178218, 0.008928, -0.178505, 0.983898),

              ["LeftFoot"] = CFrame.new(-0.000000, 0.011094, -0.000003, 0.911665, -0.314354, -0.264689, 0.138456, 0.841397, -0.522401, 0.386906, 0.439583, 0.810578),

              ["LeftHand"] = CFrame.new(0.000484, 0.023512, 0.000000, 0.963551, 0.230838, -0.135216, -0.260811, 0.923070, -0.282700, 0.059555, 0.307660, 0.949630),

              ["LeftLowerArm"] = CFrame.new(-0.000499, 0.113937, 0.066442, 1.000000, -0.000000, -0.000000, 0.000000, 0.314191, -0.949360, 0.000000, 0.949360, 0.314191),

              ["LeftLowerLeg"] = CFrame.new(-0.000000, 0.054951, -0.010070, 1.000000, -0.000000, -0.000000, 0.000000, 0.896658, 0.442715, -0.000000, -0.442723, 0.896662),

              ["LeftUpperArm"] = CFrame.new(-0.303834, -0.797521, -0.017941, -0.647983, 0.321165, -0.690631, -0.752150, -0.127015, 0.646636, 0.119956, 0.938467, 0.323868),

              ["LeftUpperLeg"] = CFrame.new(0.000000, -0.000000, -0.000100, 0.911661, 0.295446, 0.285638, -0.409577, 0.709891, 0.572987, -0.033487, -0.639348, 0.768178),

              ["LowerTorso"] = CFrame.new(-0.000000, -0.250272, -0.552261, 1.000000, 0.000000, -0.000000, -0.000000, 0.814891, -0.579614, 0.000000, 0.579614, 0.814891),

              ["RightFoot"] = CFrame.new(0.000000, 0.012227, -0.000103, 0.946210, 0.247513, 0.208408, -0.096874, 0.831256, -0.547407, -0.308712, 0.497746, 0.810501),

              ["RightHand"] = CFrame.new(-0.000483, 0.025955, -0.000000, 0.997235, -0.064109, 0.037578, 0.068625, 0.988504, -0.134722, -0.028509, 0.136928, 0.990171),

              ["RightLowerArm"] = CFrame.new(-0.000001, 0.119611, 0.107713, 1.000000, 0.000000, -0.000000, 0.000000, -0.114324, -0.993443, -0.000000, 0.993444, -0.114325),

              ["RightLowerLeg"] = CFrame.new(-0.000000, 0.059910, -0.012426, 1.000000, 0.000000, -0.000000, -0.000000, 0.873707, 0.486446, 0.000000, -0.486452, 0.873711),

              ["RightUpperArm"] = CFrame.new(0.140383, 0.260452, -0.614555, -0.122668, -0.251567, 0.960035, -0.416761, -0.864857, -0.279879, 0.900701, -0.434437, 0.001247),

              ["RightUpperLeg"] = CFrame.new(0.000000, -0.000000, 0.000000, 0.946207, -0.234820, -0.222609, 0.322487, 0.740466, 0.589683, 0.026366, -0.629738, 0.776350),

              ["UpperTorso"] = CFrame.new(0.000000, 0.048595, 0.061818, 1.000000, -0.000000, 0.000000, 0.000000, 0.943868, 0.330324, -0.000000, -0.330324, 0.943868)

          }},

          {Time = 0.300, Data = {

              ["Head"] = CFrame.new(-0.012280, 0.011829, 0.003300, 0.999612, -0.024364, -0.013491, 0.026132, 0.988058, 0.151853, 0.009630, -0.152146, 0.988311),

              ["LeftFoot"] = CFrame.new(0.000000, 0.013449, -0.000003, 0.912810, -0.312404, -0.263047, 0.123270, 0.824815, -0.551823, 0.389335, 0.471258, 0.791390),

              ["LeftHand"] = CFrame.new(0.000485, 0.023443, 0.000000, 0.959038, 0.244435, -0.143172, -0.275558, 0.922169, -0.271429, 0.065681, 0.299761, 0.951750),

              ["LeftLowerArm"] = CFrame.new(-0.000500, 0.113690, 0.065843, 1.000000, -0.000000, -0.000000, -0.000000, 0.320429, -0.947273, 0.000000, 0.947273, 0.320429),

              ["LeftLowerLeg"] = CFrame.new(0.000000, 0.067790, -0.016202, 1.000000, -0.000000, -0.000000, 0.000000, 0.834188, 0.551477, -0.000000, -0.551480, 0.834190),

              ["LeftUpperArm"] = CFrame.new(-0.307272, -0.795485, -0.024200, -0.654859, 0.315675, -0.686665, -0.748076, -0.141589, 0.648333, 0.107438, 0.938244, 0.328870),

