return {
["sassy super grind transition"] = {
        {Time = 0.000, Data = {
            ["Head"] = CFrame.new(6.106226635438361e-16, 0, 8.9406967163085938e-08, 0.9997258186340332, 0.002034441102296114, -0.023326670750975609, 0.011592583730816841, 0.82255327701568604, 0.5685698390007019, 0.020344151183962822, -0.56868439912796021, 0.82230418920516968),
            ["LeftFoot"] = CFrame.new(-4.0061422623693943e-08, 0.037364840507507324, 1.0967778507620096e-06, 0.75070488452911377, -0.50535786151885986, -0.4255063533782959, 0.20314417779445648, 0.7894594669342041, -0.57921171188354492, 0.62862920761108398, 0.34837788343429565, 0.69531154632568359),
            ["LeftHand"] = CFrame.new(0.00048588216304779053, 0.021519005298614502, -4.0512531995773315e-08, 0.99502229690551758, 0.08586544543504715, -0.050573967397212982, -0.098806776106357574, 0.91605967283248901, -0.38867968320846558, 0.012954620644450188, 0.39174199104309082, 0.91998392343521118),
            ["LeftLowerArm"] = CFrame.new(-0.00049990415573120117, 0.10513484477996826, 0.049684286117553711, 1, 0, 0, 0, 0.48815023899078369, -0.87275964021682739, 0, 0.87275964021682739, 0.48815023899078369),
            ["LeftLowerLeg"] = CFrame.new(-1.4901161193847656e-08, 0.095173180103302002, -0.166143998503685, 1, 0, 0, 0, -0.72629916667938232, 0.68737876415252686, 0, -0.68737876415252686, -0.72629916667938232),
            ["LeftUpperArm"] = CFrame.new(0.21006691455841064, 0.19829010963439941, -0.051252126693725586, 0.95615202188491821, -0.14679893851280212, -0.2534233033657074, -0.010227866470813751, -0.88151693344116211, 0.47204166650772095, -0.2926921546459198, -0.44875162839889526, -0.84436559677124023),
            ["LeftUpperLeg"] = CFrame.new(-5.9604644775390625e-08, -9.1269612312316895e-08, -0.00010002730414271355, 0.72535991668701172, 0.30476164817810059, -0.61723035573959351, -0.61773151159286499, 0.68383491039276123, -0.38830086588859558, 0.30374449491500854, 0.66294050216674805, 0.68428730964660645),
            ["LowerTorso"] = CFrame.new(0.042340651154518127, -1.410106897354126, 0.13629120588302612, 0.99925523996353149, -0.037597745656967163, 0.0086824726313352585, 0.022765105590224266, 0.39272898435592651, -0.91937243938446045, 0.031156470999121666, 0.91888535022735596, 0.39329242706298828),
            ["RightFoot"] = CFrame.new(-3.7252902984619141e-08, 0.032326579093933105, -0.00010132620082003996, 0.9160001277923584, 0.30689465999603271, 0.25837856531143188, -0.39233332872390747, 0.81976979970932007, 0.41719552874565125, -0.083775900304317474, -0.48352167010307312, 0.87131422758102417),
            ["RightHand"] = CFrame.new(-0.00048616901040077209, 0.021067917346954346, 9.3132257461547852e-08, 0.99884063005447388, -0.041317086666822433, 0.024703821167349815, 0.046054285019636154, 0.96954923868179321, -0.24052709341049194, -0.014013690873980522, 0.24138596653938293, 0.97032797336578369),
            ["RightLowerArm"] = CFrame.new(-5.9604644775390625e-08, 0.10356950759887695, 0.047266989946365356, 1, 0, 0, 0, 0.51316511631011963, -0.85829001665115356, 0, 0.85829001665115356, 0.51316511631011963),
            ["RightLowerLeg"] = CFrame.new(2.2351741790771484e-08, 0.12557584047317505, -0.091558203101158142, 1, -0, 0, 0, 0.052398860454559326, 0.99862629175186157, -0, -0.99862629175186157, 0.052398860454559326),
            ["RightUpperArm"] = CFrame.new(-0.20833325386047363, 0.1824265718460083, -0.02768746018409729, 0.97524726390838623, 0.071405470371246338, 0.20927023887634277, -0.049122508615255356, -0.85280740261077881, 0.51991009712219238, 0.21559163928031921, -0.51732075214385986, -0.82819056510925293),
            ["RightUpperLeg"] = CFrame.new(0, -7.6368451118469238e-08, -7.9926394391804934e-08, 0.93037402629852295, -0.086364947259426117, 0.35629382729530334, 0.32346472144126892, 0.65080356597900391, -0.68689548969268799, -0.17255362868309021, 0.7543182373046875, 0.6334267258644104),
            ["UpperTorso"] = CFrame.new(0.036453802138566971, 0.057797044515609741, -0.016102677211165428, 0.99925291538238525, 0.035588972270488739, -0.015067837201058865, -0.03766409307718277, 0.98415142297744751, -0.17328411340713501, 0.0086620291694998741, 0.17372217774391174, 0.98475658893585205)
        }},
        {Time = 0.033, Data = {
            ["Head"] = CFrame.new(-3.7252896323280993e-09, 2.384185791015625e-07, 2.9802322387695312e-08, 0.99972593784332275, 0.0020581469871103764, -0.02332075871527195, 0.010839352384209633, 0.84223759174346924, 0.53899753093719482, 0.020750956609845161, -0.53910255432128906, 0.84198445081710815),
            ["LeftFoot"] = CFrame.new(-2.6077032089233398e-08, 0.033790707588195801, -1.4901161193847656e-07, 0.94620686769485474, -0.24748753011226654, -0.20842860639095306, 0.26303982734680176, 0.96348387002944946, 0.050088360905647278, 0.18842135369777679, -0.10221898555755615, 0.97675412893295288),
            ["LeftHand"] = CFrame.new(0.00048568099737167358, 0.021785616874694824, -5.6973658502101898e-07, 0.99392169713973999, 0.094860166311264038, -0.055867455899715424, -0.10872136056423187, 0.92553561925888062, -0.36271679401397705, 0.017299948260188103, 0.36658608913421631, 0.93022328615188599),
            ["LeftLowerArm"] = CFrame.new(-0.0004997551441192627, 0.10634350776672363, 0.05153357982635498, 1, 0, 0, 0, 0.4689333438873291, -0.88323354721069336, 0, 0.88323354721069336, 0.4689333438873291),
            ["LeftLowerLeg"] = CFrame.new(2.2351741790771484e-08, 0.12406247854232788, -0.11732420325279236, 1, 0, 0, 0, -0.21687817573547363, 0.97619867324829102, 0, -0.97619867324829102, -0.21687817573547363),
            ["LeftUpperArm"] = CFrame.new(0.20946294069290161, 0.18346226215362549, -0.050472527742385864, 0.95493149757385254, -0.1422622948884964, -0.26051345467567444, -0.019415214657783508, -0.90572035312652588, 0.4234316349029541, -0.29619058966636658, -0.39929026365280151, -0.86766302585601807),
            ["LeftUpperLeg"] = CFrame.new(0, -7.6368451118469238e-08, -0.0001000906340777874, 0.93312907218933105, 0.14629578590393066, -0.32843220233917236, -0.33615946769714355, 0.67903536558151245, -0.65261614322662354, 0.12754207849502563, 0.71938061714172363, 0.68280637264251709),
            ["LowerTorso"] = CFrame.new(0.042340651154518127, -1.2929286956787109, 0.13933050632476807, 0.99925315380096436, -0.037648595869541168, 0.0086988108232617378, 0.020995233207941055, 0.34001410007476807, -0.9401860237121582, 0.032438963651657104, 0.9396665096282959, 0.34055060148239136),
            ["RightFoot"] = CFrame.new(2.9802322387695312e-08, 0.033104240894317627, -0.00010081956133944914, 0.91174447536468506, 0.31419083476066589, 0.26458674669265747, -0.39749851822853088, 0.83722841739654541, 0.37555757164955139, -0.10352278500795364, -0.44758537411689758, 0.88822877407073975),
            ["RightHand"] = CFrame.new(-0.00048604933544993401, 0.021205425262451172, 2.9802322387695312e-08, 0.99855190515518188, -0.04621858149766922, 0.027530692517757416, 0.051190003752708435, 0.97368937730789185, -0.22205533087253571, -0.016543261706829071, 0.22314305603504181, 0.97464531660079956),
            ["RightLowerArm"] = CFrame.new(-1.4901161193847656e-07, 0.10423195362091064, 0.048210293054580688, 1, 0, 0, 0, 0.50340652465820312, -0.86404973268508911, 0, 0.86404973268508911, 0.50340652465820312),
            ["RightLowerLeg"] = CFrame.new(1.4901161193847656e-08, 0.12582564353942871, -0.10215650498867035, 1, 0, 0, 0, -0.057857394218444824, 0.99832487106323242, 0, -0.99832487106323242, -0.057857394218444824),
            ["RightUpperArm"] = CFrame.new(-0.20815420150756836, 0.16583216190338135, -0.029197722673416138, 0.97488927841186523, 0.070061825215816498, 0.21138171851634979, -0.040484905242919922, -0.87764036655426025, 0.47760698199272156, 0.2189791351556778, -0.47417166829109192, -0.85276567935943604),
            ["RightUpperLeg"] = CFrame.new(-2.9802322387695312e-08, -9.1269612312316895e-08, -9.1458787210285664e-09, 0.92461931705474854, -0.097613528370857239, 0.36817216873168945, 0.36254113912582397, 0.52195703983306885, -0.77209115028381348, -0.11680351197719574, 0.84736800193786621, 0.51800042390823364),
            ["UpperTorso"] = CFrame.new(0.036453798413276672, 0.05779692530632019, -0.016102617606520653, 0.99925291538238525, 0.035588972270488739, -0.015067837201058865, -0.03766409307718277, 0.98415142297744751, -0.17328411340713501, 0.0086620291694998741, 0.17372217774391174, 0.98475658893585205)
        }},
        {Time = 0.067, Data = {
            ["Head"] = CFrame.new(6.4531713306337224e-16, 0, -2.9802322387695312e-08, 0.99972546100616455, 0.002016081940382719, -0.023344386368989944, 0.010173877701163292, 0.86012613773345947, 0.5099799633026123, 0.021107278764247894, -0.51007747650146484, 0.85986948013305664),
            ["LeftFoot"] = CFrame.new(-2.2351741790771484e-08, 0.025569260120391846, -2.4996697902679443e-06, 0.9777335524559021, -0.16054618358612061, -0.1351369172334671, 0.20205831527709961, 0.89409273862838745, 0.39971315860748291, 0.056652512401342392, -0.41811853647232056, 0.9066241979598999),
            ["LeftHand"] = CFrame.new(0.00048565119504928589, 0.021777629852294922, 1.7142156139016151e-07, 0.9930264949798584, 0.10162460803985596, -0.059756740927696228, -0.1160372793674469, 0.93208980560302734, -0.34313830733299255, 0.020827354863286018, 0.34767940640449524, 0.93738210201263428),
            ["LeftLowerArm"] = CFrame.new(-0.00049978494644165039, 0.10630851984024048, 0.051478683948516846, 1, 0, 0, 0, 0.46946704387664795, -0.88295000791549683, 0, 0.88295000791549683, 0.46946704387664795),
            ["LeftLowerLeg"] = CFrame.new(2.9802322387695312e-08, 0.10627591609954834, -0.044335722923278809, 1, -0, 0, 0, 0.54260361194610596, 0.8399888277053833, -0, -0.8399888277053833, 0.54260361194610596),
            ["LeftUpperArm"] = CFrame.new(0.20928323268890381, 0.16842353343963623, -0.048153415322303772, 0.9545818567276001, -0.13918237388134003, -0.26344218850135803, -0.02894606813788414, -0.9233253002166748, 0.38292720913887024, -0.29653945565223694, -0.35790976881980896, -0.88541829586029053),
            ["LeftUpperLeg"] = CFrame.new(-1.1920928955078125e-07, -5.7741999626159668e-08, -0.00010000169277191162, 0.96891069412231445, 0.18718340992927551, -0.16178517043590546, -0.23726791143417358, 0.88831019401550293, -0.39320346713066101, 0.070114269852638245, 0.41936549544334412, 0.9051058292388916),
            ["LowerTorso"] = CFrame.new(0.042340651154518127, -1.1552402973175049, 0.14354586601257324, 0.99925470352172852, -0.037619531154632568, 0.0086502218618988991, 0.018895257264375687, 0.28128534555435181, -0.95943808555603027, 0.033660434186458588, 0.95888650417327881, 0.28178650140762329),
            ["RightFoot"] = CFrame.new(-2.9802322387695312e-08, 0.033554911613464355, -0.00010052153811557218, 0.91252005100250244, 0.31289497017860413, 0.26344630122184753, -0.39362969994544983, 0.8468402624130249, 0.35765522718429565, -0.11118841171264648, -0.43006783723831177, 0.8959234356880188),
            ["RightHand"] = CFrame.new(-0.00048598647117614746, 0.021050870418548584, -2.2351741790771484e-08, 0.99833273887634277, -0.049590028822422028, 0.029540283605456352, 0.054733388125896454, 0.97581863403320312, -0.21161812543869019, -0.01833181269466877, 0.21288213133811951, 0.97690588235855103),
            ["RightLowerArm"] = CFrame.new(-3.5762786865234375e-07, 0.10348957777023315, 0.047152787446975708, 1, 0, 0, 0, 0.51435697078704834, -0.85757619142532349, 0, 0.85757619142532349, 0.51435697078704834),
            ["RightLowerLeg"] = CFrame.new(5.2154064178466797e-08, 0.12517476081848145, -0.10975566506385803, 1, 0, 0, 0, -0.13705086708068848, 0.99056422710418701, 0, -0.99056422710418701, -0.13705086708068848),
            ["RightUpperArm"] = CFrame.new(-0.208160400390625, 0.14914941787719727, -0.029714062809944153, 0.97490489482879639, 0.070251867175102234, 0.21124646067619324, -0.031683176755905151, -0.89546072483062744, 0.44401159882545471, 0.22035554051399231, -0.43956205248832703, -0.87076330184936523),
            ["RightUpperLeg"] = CFrame.new(5.9604644775390625e-08, 1.3038516044616699e-08, -1.9913568394258618e-07, 0.91850066184997559, -0.10943603515625, 0.37997403740882874, 0.39200472831726074, 0.37802201509475708, -0.83870822191238403, -0.05185362696647644, 0.91930574178695679, 0.39011293649673462),
            ["UpperTorso"] = CFrame.new(0.036453798413276672, 0.057796984910964966, -0.01610264740884304, 0.99925291538238525, 0.035588972270488739, -0.015067837201058865, -0.03766409307718277, 0.98415142297744751, -0.17328411340713501, 0.0086620291694998741, 0.17372217774391174, 0.98475658893585205)
        }},
        {Time = 0.100, Data = {
            ["Head"] = CFrame.new(6.591949208711867e-16, 0, 3.7252902984619141e-08, 0.99972516298294067, 0.0020727047231048346, -0.023350594565272331, 0.0094300108030438423, 0.876381516456604, 0.48152521252632141, 0.021462088450789452, -0.48161306977272034, 0.87612110376358032),
            ["LeftFoot"] = CFrame.new(1.1175870895385742e-07, 0.0074393153190612793, -3.0969968065619469e-06, 0.98510724306106567, -0.1315455436706543, -0.11072275787591934, 0.17193365097045898, 0.75964581966400146, 0.62719786167144775, 0.0016050040721893311, -0.6368941068649292, 0.77094966173171997),
            ["LeftHand"] = CFrame.new(0.00048572570085525513, 0.021502852439880371, 2.0489096641540527e-07, 0.99236613512039185, 0.10628550499677658, -0.062553219497203827, -0.12109207361936569, 0.93586409091949463, -0.33090052008628845, 0.023371390998363495, 0.33594915270805359, 0.94159013032913208),
            ["LeftLowerArm"] = CFrame.new(-0.00049966573715209961, 0.10505890846252441, 0.049570083618164062, 1, 0, 0, 0, 0.48928505182266235, -0.87212389707565308, 0, 0.87212389707565308, 0.48928505182266235),
            ["LeftLowerLeg"] = CFrame.new(-5.2154064178466797e-08, 0.03471982479095459, -0.0036140363663434982, 1, -0, 0, 0, 0.9621814489364624, 0.2724093496799469, -0, -0.2724093496799469, 0.9621814489364624),
            ["LeftUpperArm"] = CFrame.new(0.20947641134262085, 0.15346932411193848, -0.044488087296485901, 0.95496493577957153, -0.13763353228569031, -0.26286682486534119, -0.038480930030345917, -0.93587803840637207, 0.3502163290977478, -0.29421278834342957, -0.3243289589881897, -0.89902698993682861),
            ["LeftUpperLeg"] = CFrame.new(-5.9604644775390625e-08, -1.73225998878479e-07, -0.00010001892223954201, 0.97772634029388428, 0.20264013111591339, -0.054663851857185364, -0.20386992394924164, 0.97883456945419312, -0.017888087779283524, 0.049882024526596069, 0.028633970767259598, 0.9983445405960083),
            ["LowerTorso"] = CFrame.new(0.042340651154518127, -0.99945902824401855, 0.15050551295280457, 0.99925470352172852, -0.037610437721014023, 0.0086909933015704155, 0.016665294766426086, 0.21724492311477661, -0.97597503662109375, 0.03481876477599144, 0.97539246082305908, 0.21770977973937988),
            ["RightFoot"] = CFrame.new(-7.4505805969238281e-08, 0.03380662202835083, -0.00010032782302005216, 0.91980040073394775, 0.30014348030090332, 0.25274711847305298, -0.37722527980804443, 0.85370832681655884, 0.35900300741195679, -0.10801993310451508, -0.42555373907089233, 0.89846301078796387),
            ["RightHand"] = CFrame.new(-0.00048657506704330444, 0.020409464836120605, -1.4156103134155273e-07, 0.99818003177642822, -0.051811307668685913, 0.030858496204018593, 0.057150803506374359, 0.97606080770492554, -0.209854856133461, -0.019246915355324745, 0.21123652160167694, 0.97724545001983643),
            ["RightLowerArm"] = CFrame.new(1.7881393432617188e-07, 0.10116428136825562, 0.04423898458480835, 1, 0, 0, 0, 0.54466545581817627, -0.83865344524383545, 0, 0.83865344524383545, 0.54466545581817627),
            ["RightLowerLeg"] = CFrame.new(1.0058283805847168e-07, 0.12449479103088379, -0.1142021119594574, 1, 0, 0, 0, -0.1832510232925415, 0.9830661416053772, 0, -0.9830661416053772, -0.1832510232925415),
            ["RightUpperArm"] = CFrame.new(-0.20831680297851562, 0.13254714012145996, -0.02938389778137207, 0.97520804405212402, 0.071843281388282776, 0.20930325984954834, -0.022921830415725708, -0.90794909000396729, 0.41845312714576721, 0.22009974718093872, -0.41287645697593689, -0.88379251956939697),
            ["RightUpperLeg"] = CFrame.new(5.9604644775390625e-08, -1.6763806343078613e-08, -2.7084752218797803e-07, 0.91384923458099365, -0.1211584061384201, 0.38755667209625244, 0.40564960241317749, 0.22983813285827637, -0.88465976715087891, 0.018108665943145752, 0.96565794944763184, 0.25918525457382202),
            ["UpperTorso"] = CFrame.new(0.036453805863857269, 0.057796955108642578, -0.016102736815810204, 0.99925291538238525, 0.035588972270488739, -0.015067837201058865, -0.03766409307718277, 0.98415142297744751, -0.17328411340713501, 0.0086620291694998741, 0.17372217774391174, 0.98475658893585205)
        }},
        {Time = 0.133, Data = {
            ["Head"] = CFrame.new(6.7307270867900115e-16, 0, 8.9406967163085938e-08, 0.99972641468048096, 0.0020415920298546553, -0.023299684748053551, 0.0087561830878257751, 0.89106947183609009, 0.45378249883651733, 0.021688075736165047, -0.45386236906051636, 0.89080780744552612),
            ["LeftFoot"] = CFrame.new(7.4505805969238281e-09, -0.017495870590209961, -3.3066608011722565e-06, 0.98680531978607178, -0.12386541813611984, -0.10427203774452209, 0.16172105073928833, 0.7228202223777771, 0.67184609174728394, -0.0078485682606697083, -0.67984431982040405, 0.73331451416015625),
            ["LeftHand"] = CFrame.new(0.00048626214265823364, 0.02091372013092041, 3.7252902984619141e-08, 0.99192667007446289, 0.1092865914106369, -0.064326837658882141, -0.12442304193973541, 0.9367411732673645, -0.32716184854507446, 0.024503203108906746, 0.33252429962158203, 0.94277632236480713),
            ["LeftLowerArm"] = CFrame.new(-0.00049942731857299805, 0.10244107246398926, 0.045900344848632812, 1, 0, 0, 0, 0.52736985683441162, -0.84963595867156982, 0, 0.84963595867156982, 0.52736985683441162),
            ["LeftLowerLeg"] = CFrame.new(-6.7055225372314453e-08, -0.017034947872161865, -0.00012436322867870331, 1, 0, 0, 0, 1, 0, 0, 0, 1),
            ["LeftUpperArm"] = CFrame.new(0.20995521545410156, 0.13884341716766357, -0.039777293801307678, 0.95593702793121338, -0.13717719912528992, -0.25955125689506531, -0.047321610152721405, -0.94455492496490479, 0.32492581009864807, -0.28973278403282166, -0.29832622408866882, -0.90942645072937012),
            ["LeftUpperLeg"] = CFrame.new(-1.1920928955078125e-07, -1.4156103134155273e-07, -9.996071457862854e-05, 0.97982281446456909, 0.19961605966091156, -0.01003224216401577, -0.19506804645061493, 0.96602070331573486, 0.16956555843353271, 0.043539360165596008, -0.1641872227191925, 0.98546785116195679),
            ["LowerTorso"] = CFrame.new(0.042340651154518127, -0.82811009883880615, 0.16189047694206238, 0.99925452470779419, -0.037612494081258774, 0.0086970534175634384, 0.014185606501996517, 0.1482200026512146, -0.98885273933410645, 0.035904139280319214, 0.98823893070220947, 0.14864307641983032),
            ["RightFoot"] = CFrame.new(-1.862645149230957e-08, 0.033888638019561768, -0.00010031292185885832, 0.93306434154510498, 0.27519065141677856, 0.23164841532707214, -0.34608232975006104, 0.86236172914505005, 0.36953926086425781, -0.098070979118347168, -0.42497330904006958, 0.89987760782241821),
            ["RightHand"] = CFrame.new(-0.00048720464110374451, 0.019509375095367432, 1.8253922462463379e-07, 0.99809461832046509, -0.053010992705821991, 0.031575672328472137, 0.058641992509365082, 0.97413730621337891, -0.21821451187133789, -0.019191272556781769, 0.21965038776397705, 0.97538989782333374),
            ["RightLowerArm"] = CFrame.new(3.5762786865234375e-07, 0.097153604030609131, 0.039504408836364746, 1, 0, 0, 0, 0.59376192092895508, -0.80464088916778564, 0, 0.80464088916778564, 0.59376192092895508),
            ["RightLowerLeg"] = CFrame.new(5.9604644775390625e-08, 0.12423074245452881, -0.11562388390302658, 1, 0, 0, 0, -0.19807720184326172, 0.98018646240234375, 0, -0.98018646240234375, -0.19807720184326172),
            ["RightUpperArm"] = CFrame.new(-0.20857715606689453, 0.11615419387817383, -0.028403796255588531, 0.97573089599609375, 0.074693523347377777, 0.20583997666835785, -0.014579107984900475, -0.9157785177230835, 0.40141868591308594, 0.2184872180223465, -0.39467757940292358, -0.89246451854705811),
            ["RightUpperLeg"] = CFrame.new(5.9604644775390625e-08, 4.4703483581542969e-08, -3.8027792470529675e-07, 0.9123002290725708, -0.13322025537490845, 0.38724756240844727, 0.40038383007049561, 0.091507792472839355, -0.91176718473434448, 0.086029618978500366, 0.98685306310653687, 0.13682174682617188),
            ["UpperTorso"] = CFrame.new(0.036453798413276672, 0.057797074317932129, -0.016102781519293785, 0.99925291538238525, 0.035588972270488739, -0.015067837201058865, -0.03766409307718277, 0.98415142297744751, -0.17328411340713501, 0.0086620291694998741, 0.17372217774391174, 0.98475658893585205)
        }},
        {Time = 0.167, Data = {
            ["Head"] = CFrame.new(6.9388939039072284e-16, -2.384185791015625e-07, 5.9604644775390625e-08, 0.9997255802154541, 0.002045095432549715, -0.023336593061685562, 0.0081094522029161453, 0.9043763279914856, 0.42665871977806091, 0.02197762206196785, -0.42673090100288391, 0.90411156415939331),
            ["LeftFoot"] = CFrame.new(-2.2351741790771484e-08, 0.0015795230865478516, -3.1623058021068573e-06, 0.98615992069244385, -0.12681540846824646, -0.10680126398801804, 0.16571629047393799, 0.77403008937835693, 0.61107736825942993, 0.0051733702421188354, -0.6203187108039856, 0.78433281183242798),
            ["LeftHand"] = CFrame.new(0.00048695504665374756, 0.01982194185256958, 5.5879354476928711e-08, 0.99167323112487793, 0.11099402606487274, -0.065303534269332886, -0.12649363279342651, 0.93466532230377197, -0.33226519823074341, 0.024157499894499779, 0.33775895833969116, 0.94092255830764771),
            ["LeftLowerArm"] = CFrame.new(-0.00050014257431030273, 0.09807199239730835, 0.040668010711669922, 1, 0, 0, 0, 0.5816912055015564, -0.81340974569320679, 0, 0.81340974569320679, 0.5816912055015564),
            ["LeftLowerLeg"] = CFrame.new(1.1175870895385742e-08, 0.0068965554237365723, -6.2420731410384178e-06, 1, -0, 0, 0, 0.99877673387527466, 0.049447383731603622, -0, -0.049447383731603622, 0.99877673387527466),
            ["LeftUpperArm"] = CFrame.new(0.21061259508132935, 0.12470781803131104, -0.034389853477478027, 0.95722568035125732, -0.13793359696865082, -0.25434884428977966, -0.05535786971449852, -0.95012474060058594, 0.30691763758659363, -0.28399738669395447, -0.27970924973487854, -0.91711950302124023),
            ["LeftUpperLeg"] = CFrame.new(0, -1.4342367649078369e-07, -9.9946279078722e-05, 0.97900605201721191, 0.20379555225372314, -0.0038149915635585785, -0.19863739609718323, 0.95809096097946167, 0.20640964806079865, 0.045720472931861877, -0.20131848752498627, 0.9784582257270813),
            ["LowerTorso"] = CFrame.new(0.042340651154518127, -0.6438601016998291, 0.1794750988483429, 0.99925380945205688, -0.037640798836946487, 0.0086571257561445236, 0.011467643082141876, 0.075104176998138428, -0.99710977077484131, 0.036881819367408752, 0.99646508693695068, 0.075479805469512939),
            ["RightFoot"] = CFrame.new(4.4703483581542969e-08, 0.033818542957305908, -0.0001005885933409445, 0.94920027256011963, 0.24072416126728058, 0.202659010887146, -0.30249255895614624, 0.87547922134399414, 0.37687447667121887, -0.086700975894927979, -0.41903218626976013, 0.90382242202758789),
            ["RightHand"] = CFrame.new(-0.00048815831542015076, 0.017822623252868652, 2.2351741790771484e-08, 0.99805229902267456, -0.053593598306179047, 0.031927261501550674, 0.059647850692272186, 0.9697229266166687, -0.23681135475635529, -0.018269024789333344, 0.23825450241565704, 0.97103089094161987),
            ["RightLowerArm"] = CFrame.new(0, 0.090755701065063477, 0.03331291675567627, 1, 0, 0, 0, 0.6579931378364563, -0.75302392244338989, 0, 0.75302392244338989, 0.6579931378364563),
            ["RightLowerLeg"] = CFrame.new(1.4901161193847656e-08, 0.12445938587188721, -0.11440110206604004, 1, 0, 0, 0, -0.18534612655639648, 0.98267358541488647, 0, -0.98267358541488647, -0.18534612655639648),
            ["RightUpperArm"] = CFrame.new(-0.20889431238174438, 0.10004770755767822, -0.026993945240974426, 0.97635930776596069, 0.07886207103729248, 0.2012542337179184, -0.0065644867718219757, -0.91982173919677734, 0.39228162169456482, 0.21605415642261505, -0.3843289315700531, -0.89755880832672119),
            ["RightUpperLeg"] = CFrame.new(-8.9406967163085938e-08, -3.7252902984619141e-08, 4.7199137043207884e-08, 0.91422557830810547, -0.14534607529640198, 0.37824076414108276, 0.37883260846138, -0.024670958518981934, -0.9251362681388855, 0.14379648864269257, 0.98907321691513062, 0.032507061958312988),
            ["UpperTorso"] = CFrame.new(0.036453794687986374, 0.057796955108642578, -0.016102788969874382, 0.99925291538238525, 0.035588972270488739, -0.015067837201058865, -0.03766409307718277, 0.98415142297744751, -0.17328411340713501, 0.0086620291694998741, 0.17372217774391174, 0.98475658893585205)
        }},
        {Time = 0.200, Data = {
            ["Head"] = CFrame.new(7.0776717819853729e-16, 2.384185791015625e-07, -5.9604644775390625e-08, 0.99972659349441528, 0.0020448078867048025, -0.023293169215321541, 0.007452281191945076, 0.91635823249816895, 0.40028998255729675, 0.022163404151797295, -0.40035411715507507, 0.91609245538711548),
            ["LeftFoot"] = CFrame.new(-1.3783574104309082e-07, 0.012169539928436279, -2.9653310775756836e-06, 0.98393630981445312, -0.13653981685638428, -0.11500510573387146, 0.17125213146209717, 0.90386325120925903, 0.39205101132392883, 0.050418321043252945, -0.40544810891151428, 0.91272658109664917),
            ["LeftHand"] = CFrame.new(0.00048810243606567383, 0.018171787261962891, 7.4505805969238281e-09, 0.99153941869735718, 0.11184528470039368, -0.065879970788955688, -0.1278516948223114, 0.92921632528305054, -0.34671446681022644, 0.022438369691371918, 0.35220393538475037, 0.93565428256988525),
            ["LeftLowerArm"] = CFrame.new(-0.00049996376037597656, 0.091548681259155273, 0.034100234508514404, 1, 0, 0, 0, 0.64980590343475342, -0.76010030508041382, 0, 0.76010030508041382, 0.64980590343475342),
            ["LeftLowerLeg"] = CFrame.new(2.2351741790771484e-08, 0.060884654521942139, -0.012688329443335533, 1, -0, 0, 0, 0.86999893188476562, 0.49305364489555359, -0, -0.49305364489555359, 0.86999893188476562),
            ["LeftUpperArm"] = CFrame.new(0.21133911609649658, 0.11112415790557861, -0.028709292411804199, 0.95868116617202759, -0.13976612687110901, -0.24778176844120026, -0.062391143292188644, -0.95308279991149902, 0.29621019959449768, -0.27755668759346008, -0.26851174235343933, -0.92242276668548584),
            ["LeftUpperLeg"] = CFrame.new(2.9802322387695312e-08, -1.5040859580039978e-07, -0.00010004299110732973, 0.97630900144577026, 0.21107666194438934, -0.047617077827453613, -0.20895783603191376, 0.97684967517852783, 0.045839916914701462, 0.056190468370914459, -0.034803960472345352, 0.99781328439712524),
            ["LowerTorso"] = CFrame.new(0.042340651154518127, -0.44953882694244385, 0.20510074496269226, 0.99925553798675537, -0.037587679922580719, 0.008688739500939846, 0.0086430739611387253, -0.0013772249221801758, -0.9999617338180542, 0.037598207592964172, 0.99929237365722656, -0.0010513067245483398),
            ["RightFoot"] = CFrame.new(-4.4703483581542969e-08, 0.033630907535552979, -0.0001003296856652014, 0.96427458524703979, 0.20261473953723907, 0.17065112292766571, -0.2533334493637085, 0.89363294839859009, 0.37046229839324951, -0.0774383544921875, -0.40045899152755737, 0.91303664445877075),
            ["RightHand"] = CFrame.new(-0.00048997998237609863, 0.015169143676757812, -1.5646219253540039e-07, 0.99802988767623901, -0.053883187472820282, 0.032139793038368225, 0.060506932437419891, 0.96208786964416504, -0.26594340801239014, -0.016591427847743034, 0.26736414432525635, 0.96345269680023193),
            ["RightLowerArm"] = CFrame.new(-1.7881393432617188e-07, 0.081332802772521973, 0.026014357805252075, 1, 0, 0, 0, 0.7336575984954834, -0.67951929569244385, 0, 0.67951929569244385, 0.7336575984954834),
            ["RightLowerLeg"] = CFrame.new(-1.4901161193847656e-08, 0.12499457597732544, -0.11109049618244171, 1, 0, 0, 0, -0.15094280242919922, 0.98854249715805054, 0, -0.98854249715805054, -0.15094280242919922),
            ["RightUpperArm"] = CFrame.new(-0.20922321081161499, 0.084251165390014648, -0.025367289781570435, 0.97702783346176147, 0.084207534790039062, 0.19576963782310486, 0.00089861825108528137, -0.92024374008178711, 0.39134505391120911, 0.21310994029045105, -0.38217905163764954, -0.89917933940887451),
            ["RightUpperLeg"] = CFrame.new(-8.9406967163085938e-08, 9.3132257461547852e-10, 7.4513081926852465e-08, 0.918590247631073, -0.15588700771331787, 0.36316829919815063, 0.34882616996765137, -0.11214983463287354, -0.93045300245285034, 0.18577475845813751, 0.9813876748085022, -0.048642277717590332),
            ["UpperTorso"] = CFrame.new(0.036453805863857269, 0.057796955108642578, -0.016102645546197891, 0.99925291538238525, 0.035588972270488739, -0.015067837201058865, -0.03766409307718277, 0.98415142297744751, -0.17328411340713501, 0.0086620291694998741, 0.17372217774391174, 0.98475658893585205)
        }},
        {Time = 0.233, Data = {
            ["Head"] = CFrame.new(-3.7252896323280993e-09, -1.1920928955078125e-07, -2.384185791015625e-07, 0.99972546100616455, 0.0020769252441823483, -0.023338092491030693, 0.0068217185325920582, 0.92711061239242554, 0.37472578883171082, 0.022415271028876305, -0.37478211522102356, 0.92684191465377808),
            ["LeftFoot"] = CFrame.new(-5.2154064178466797e-08, 0.021601855754852295, -2.8535723686218262e-06, 0.98071283102035522, -0.14952436089515686, -0.12587626278400421, 0.17564800381660461, 0.95671701431274414, 0.2320353239774704, 0.085733033716678619, -0.24966992437839508, 0.96452826261520386),
            ["LeftHand"] = CFrame.new(0.00048958836123347282, 0.015538215637207031, 1.1920928955078125e-07, 0.9914698600769043, 0.1122720018029213, -0.066200524568557739, -0.12888839840888977, 0.92006367444992065, -0.36996027827262878, 0.019372519105672836, 0.37533697485923767, 0.92668598890304565),
            ["LeftLowerArm"] = CFrame.new(-0.00049984455108642578, 0.082170486450195312, 0.026665091514587402, 1, 0, 0, 0, 0.72687363624572754, -0.68677133321762085, 0, 0.68677133321762085, 0.72687363624572754),
            ["LeftLowerLeg"] = CFrame.new(-2.9802322387695312e-08, 0.09383845329284668, -0.032345350831747055, 1, -0, 0, 0, 0.66721111536026001, 0.74486875534057617, -0, -0.74486875534057617, 0.66721111536026001),
            ["LeftUpperArm"] = CFrame.new(0.21203696727752686, 0.098056912422180176, -0.023090839385986328, 0.96009492874145508, -0.14275339245796204, -0.24049778282642365, -0.06850413978099823, -0.95376205444335938, 0.29265251755714417, -0.27115476131439209, -0.26449909806251526, -0.92548131942749023),
            ["LeftUpperLeg"] = CFrame.new(0, -1.0989606380462646e-07, -9.9904835224151611e-05, 0.97249388694763184, 0.21755269169807434, -0.083225123584270477, -0.22010982036590576, 0.97520899772644043, -0.022782959043979645, 0.07620539516210556, 0.040474958717823029, 0.99627029895782471),
            ["LowerTorso"] = CFrame.new(0.042340651154518127, -0.24815309047698975, 0.24064117670059204, 0.99925333261489868, -0.03763880580663681, 0.0087218824774026871, 0.0056689567863941193, -0.080468535423278809, -0.99674105644226074, 0.038217976689338684, 0.99604630470275879, -0.080195069313049316),
            ["RightFoot"] = CFrame.new(7.4505805969238281e-09, 0.033364713191986084, -0.00010078975901706144, 0.97578424215316772, 0.16733857989311218, 0.14086483418941498, -0.20682784914970398, 0.91544729471206665, 0.34522244334220886, -0.071185305714607239, -0.36599740386009216, 0.92788928747177124),
            ["RightHand"] = CFrame.new(-0.00049246102571487427, 0.011220335960388184, 3.2410025596618652e-07, 0.99802178144454956, -0.05397314578294754, 0.032240211963653564, 0.061261542141437531, 0.9501190185546875, -0.30581191182136536, -0.014126409776508808, 0.30718204379081726, 0.95154595375061035),
            ["RightLowerArm"] = CFrame.new(-1.7881393432617188e-07, 0.068045616149902344, 0.01814936101436615, 1, 0, 0, 0, 0.81497871875762939, -0.57949090003967285, 0, 0.57949090003967285, 0.81497871875762939),
            ["RightLowerLeg"] = CFrame.new(1.4901161193847656e-08, 0.12555187940597534, -0.10633426904678345, 1, 0, 0, 0, -0.10142147541046143, 0.99484366178512573, 0, -0.99484366178512573, -0.10142147541046143),
            ["RightUpperArm"] = CFrame.new(-0.20952808856964111, 0.068742752075195312, -0.023708164691925049, 0.97763878107070923, 0.091018944978713989, 0.1895730048418045, 0.0079846940934658051, -0.91689550876617432, 0.39904788136482239, 0.21013952791690826, -0.38861098885536194, -0.89711940288543701),
            ["RightUpperLeg"] = CFrame.new(5.9604644775390625e-08, 2.2351741790771484e-08, -2.9831426218152046e-10, 0.92388021945953369, -0.16271910071372986, 0.34636375308036804, 0.31914183497428894, -0.17183876037597656, -0.93199795484542847, 0.21117255091667175, 0.97159367799758911, -0.10682797431945801),
            ["UpperTorso"] = CFrame.new(0.036453802138566971, 0.057796984910964966, -0.016102762892842293, 0.99925291538238525, 0.035588972270488739, -0.015067837201058865, -0.03766409307718277, 0.98415142297744751, -0.17328411340713501, 0.0086620291694998741, 0.17372217774391174, 0.98475658893585205)
        }},
        {Time = 0.267, Data = {
            ["Head"] = CFrame.new(7.3552275381416621e-16, 1.1920928955078125e-07, -5.9604644775390625e-08, 0.9997260570526123, 0.002021012594923377, -0.023317616432905197, 0.0062680244445800781, 0.93675535917282104, 0.34992864727973938, 0.022550113499164581, -0.34997895359992981, 0.93648612499237061),
            ["LeftFoot"] = CFrame.new(3.7252902984619141e-08, 0.026636600494384766, -2.8088688850402832e-06, 0.97765004634857178, -0.16082565486431122, -0.13540875911712646, 0.17932836711406708, 0.97408771514892578, 0.13782033324241638, 0.10973495990037918, -0.15902268886566162, 0.98115748167037964),
            ["LeftHand"] = CFrame.new(0.00049231573939323425, 0.011614322662353516, 1.3411045074462891e-07, 0.99140149354934692, 0.11270128190517426, -0.066493995487689972, -0.12998373806476593, 0.90671902894973755, -0.40120419859886169, 0.015075139701366425, 0.40639761090278625, 0.91357195377349854),
            ["LeftLowerArm"] = CFrame.new(-0.00050002336502075195, 0.069292545318603516, 0.018925666809082031, 1, 0, 0, 0, 0.80701828002929688, -0.59052646160125732, 0, 0.59052646160125732, 0.80701828002929688),
            ["LeftLowerLeg"] = CFrame.new(-9.6857547760009766e-08, 0.10947948694229126, -0.048205491155385971, 1, -0, 0, 0, 0.50228756666183472, 0.86470061540603638, -0, -0.86470061540603638, 0.50228756666183472),
            ["LeftUpperArm"] = CFrame.new(0.21262729167938232, 0.085390448570251465, -0.01781916618347168, 0.96126836538314819, -0.14719954133033752, -0.23301376402378082, -0.074052304029464722, -0.9522864818572998, 0.29608547687530518, -0.26547950506210327, -0.26736241579055786, -0.92630338668823242),
            ["LeftUpperLeg"] = CFrame.new(-1.1920928955078125e-07, -1.6950070858001709e-07, -9.9983066320419312e-05, 0.96903049945831299, 0.22160243988037109, -0.1089601069688797, -0.22359251976013184, 0.97466272115707397, -0.0062438845634460449, 0.10481569170951843, 0.030413180589675903, 0.9940265417098999),
            ["LowerTorso"] = CFrame.new(0.042340651154518127, -0.042885422706604004, 0.28796878457069397, 0.99925422668457031, -0.037624701857566833, 0.0086827557533979416, 0.0025095921009778976, -0.16110646724700928, -0.98693388700485229, 0.038531944155693054, 0.98621958494186401, -0.16089189052581787),
            ["RightFoot"] = CFrame.new(-6.7055225372314453e-08, 0.03295212984085083, -0.0001011064086924307, 0.98328375816345215, 0.13928592205047607, 0.11727113276720047, -0.16885587573051453, 0.93852454423904419, 0.30109697580337524, -0.068123258650302887, -0.31586569547653198, 0.94635516405105591),
            ["RightHand"] = CFrame.new(-0.00049441680312156677, 0.0083416104316711426, -7.4505805969238281e-09, 0.99799984693527222, -0.054264675825834274, 0.032429337501525879, 0.062372911721467972, 0.92876946926116943, -0.36537227034568787, -0.010292568244040012, 0.36666420102119446, 0.93029642105102539),
            ["RightLowerArm"] = CFrame.new(-5.9604644775390625e-08, 0.05070728063583374, 0.0095462650060653687, 1, 0, 0, 0, 0.90282720327377319, -0.4300035834312439, 0, 0.4300035834312439, 0.90282720327377319),
            ["RightLowerLeg"] = CFrame.new(-3.7252902984619141e-08, 0.12584716081619263, -0.10076344013214111, 1, 0, 0, 0, -0.04334568977355957, 0.99906015396118164, 0, -0.99906015396118164, -0.04334568977355957),
            ["RightUpperArm"] = CFrame.new(-0.20978260040283203, 0.053464651107788086, -0.022153615951538086, 0.97813481092453003, 0.1014532744884491, 0.181547611951828, 0.01485767588019371, -0.90480101108551025, 0.42557549476623535, 0.20744046568870544, -0.41357284784317017, -0.88652467727661133),
            ["RightUpperLeg"] = CFrame.new(5.9604644775390625e-08, -7.6368451118469238e-08, -3.2253592507913709e-07, 0.92893695831298828, -0.16515804827213287, 0.33135929703712463, 0.29523837566375732, -0.20960569381713867, -0.93214792013168335, 0.22340652346611023, 0.96373659372329712, -0.14594948291778564),
            ["UpperTorso"] = CFrame.new(0.036453805863857269, 0.057796955108642578, -0.016102610155940056, 0.99925291538238525, 0.035588972270488739, -0.015067837201058865, -0.03766409307718277, 0.98415142297744751, -0.17328411340713501, 0.0086620291694998741, 0.17372217774391174, 0.98475658893585205)
        }},
        {Time = 0.300, Data = {
            ["Head"] = CFrame.new(3.7252911866403338e-09, -1.1920928955078125e-07, 1.7881393432617188e-07, 0.99972677230834961, 0.0020650960505008698, -0.023284340277314186, 0.0056404899805784225, 0.94534575939178467, 0.32602077722549438, 0.022685015574097633, -0.32606303691864014, 0.94507580995559692),
            ["LeftFoot"] = CFrame.new(0, 0.028483450412750244, -2.6971101760864258e-06, 0.97535675764083862, -0.16875845193862915, -0.14212585985660553, 0.18250617384910583, 0.97908425331115723, 0.089919596910476685, 0.12397850304841995, -0.11364252865314484, 0.98575592041015625),
            ["LeftHand"] = CFrame.new(0.00049435347318649292, 0.0088232755661010742, -1.862645149230957e-07, 0.99130374193191528, 0.11331301927566528, -0.066910803318023682, -0.13131953775882721, 0.88461929559707642, -0.44744151830673218, 0.0084896422922611237, 0.45233714580535889, 0.89180660247802734),
            ["LeftLowerArm"] = CFrame.new(-0.00050002336502075195, 0.053225278854370117, 0.01065593957901001, 1, 0, 0, 0, 0.89151817560195923, -0.45298495888710022, 0, 0.45298495888710022, 0.89151817560195923),
            ["LeftLowerLeg"] = CFrame.new(7.4505805969238281e-09, 0.11595374345779419, -0.05837877094745636, 1, -0, 0, 0, 0.39651685953140259, 0.91802740097045898, -0, -0.91802740097045898, 0.39651685953140259),
            ["LeftUpperArm"] = CFrame.new(0.21305447816848755, 0.072956442832946777, -0.013092219829559326, 0.9621129035949707, -0.15546374022960663, -0.22398614883422852, -0.079351767897605896, -0.945609450340271, 0.31547760963439941, -0.2608487606048584, -0.28575140237808228, -0.92211925983428955),
            ["LeftUpperLeg"] = CFrame.new(-5.9604644775390625e-08, -2.3283064365386963e-07, -9.9873635917901993e-05, 0.96677321195602417, 0.22330452501773834, -0.12443751096725464, -0.21600435674190521, 0.97391360998153687, 0.069529645144939423, 0.13671767711639404, -0.040340356528759003, 0.98978835344314575),
