return {
["skeleton death reverse"] = {

          {Time = 0.000, Data = {

              ["Head"] = CFrame.new(-0.006130, 0.020282, -0.121582, 0.982861, -0.017885, -0.183478, -0.009724, 0.988867, -0.148481, 0.184091, 0.147721, 0.971745),

              ["LeftFoot"] = CFrame.new(0.000000, 0.005363, -0.000003, 0.940264, -0.308565, -0.143851, 0.325815, 0.938124, 0.117352, 0.098735, -0.157196, 0.982617),

              ["LeftHand"] = CFrame.new(0.000499, 0.001132, -0.000000, 0.949855, -0.270387, 0.157055, 0.277344, 0.960476, -0.023789, -0.144413, 0.066154, 0.987303),

              ["LeftLowerArm"] = CFrame.new(-0.000500, 0.004827, 0.000068, 1.000000, -0.000000, -0.000000, -0.000000, 0.999235, -0.039100, 0.000000, 0.039099, 0.999235),

              ["LeftLowerLeg"] = CFrame.new(-0.000000, 0.023920, -0.001555, 1.000000, -0.000000, 0.000000, 0.000000, 0.983020, 0.183484, -0.000000, -0.183500, 0.983023),

              ["LeftUpperArm"] = CFrame.new(0.095516, -0.119001, 0.077708, 0.945447, 0.265476, -0.188819, -0.265756, 0.963734, 0.024306, 0.188424, 0.027201, 0.981711),

              ["LeftUpperLeg"] = CFrame.new(0.000000, -0.000001, -0.000100, 0.976049, 0.215631, 0.028835, -0.207568, 0.962736, -0.173353, -0.065142, 0.163228, 0.984437),

              ["LowerTorso"] = CFrame.new(0.000000, -1.503100, -1.338545, 0.991788, 0.124159, 0.030680, -0.031808, 0.007111, 0.999469, 0.123875, -0.992237, 0.011002),

              ["RightFoot"] = CFrame.new(0.000000, 0.005699, -0.000103, 0.980006, 0.192178, 0.051533, -0.181812, 0.970161, -0.160416, -0.080821, 0.147834, 0.985703),

              ["RightHand"] = CFrame.new(-0.000493, 0.010001, -0.000000, 0.911934, 0.354650, -0.206399, -0.355065, 0.934136, 0.036317, 0.205683, 0.040167, 0.977794),

              ["RightLowerArm"] = CFrame.new(0.000000, 0.061920, 0.014825, 1.000000, 0.000000, 0.000000, -0.000000, 0.849005, -0.528384, -0.000000, 0.528385, 0.849005),

              ["RightLowerLeg"] = CFrame.new(0.000000, 0.024400, -0.001758, 1.000000, 0.000000, -0.000000, -0.000000, 0.981971, 0.189016, 0.000000, -0.189033, 0.981974),

              ["RightUpperArm"] = CFrame.new(-0.137455, -0.276437, 0.017677, 0.929496, -0.367299, -0.033594, 0.362207, 0.891822, 0.271034, -0.069590, -0.264092, 0.961984),

              ["RightUpperLeg"] = CFrame.new(0.000000, -0.000000, -0.000000, 0.946586, -0.316160, -0.063389, 0.309048, 0.945624, -0.101402, 0.092003, 0.076408, 0.992824),

              ["UpperTorso"] = CFrame.new(0.000000, -0.000000, 0.000000, 1.000000, 0.000000, 0.000000, 0.000000, 1.000000, 0.000000, -0.000000, -0.000000, 1.000000)

          }},

          {Time = 0.017, Data = {

              ["Head"] = CFrame.new(-0.006130, 0.020283, -0.121582, 0.983028, -0.015199, -0.182827, -0.015718, 0.985920, -0.166479, 0.182783, 0.166528, 0.968947),

              ["LeftFoot"] = CFrame.new(0.000000, 0.006083, -0.000003, 0.941495, -0.305922, -0.141425, 0.319113, 0.944160, 0.082053, 0.108421, -0.122371, 0.986543),

              ["LeftHand"] = CFrame.new(0.000499, 0.000918, -0.000000, 0.951625, -0.265703, 0.154316, 0.273379, 0.961424, -0.030461, -0.140268, 0.071174, 0.987552),

              ["LeftLowerArm"] = CFrame.new(-0.000500, 0.003769, 0.000040, 1.000000, -0.000000, -0.000000, 0.000000, 0.999531, -0.030618, 0.000000, 0.030617, 0.999531),

              ["LeftLowerLeg"] = CFrame.new(0.000000, 0.027571, -0.002151, 1.000000, -0.000000, -0.000000, 0.000000, 0.976980, 0.213316, -0.000000, -0.213332, 0.976983),

              ["LeftUpperArm"] = CFrame.new(0.095580, -0.116810, 0.080413, 0.945575, 0.259806, -0.195929, -0.261374, 0.965065, 0.018279, 0.193833, 0.033927, 0.980448),

              ["LeftUpperLeg"] = CFrame.new(-0.000000, -0.000000, -0.000100, 0.976409, 0.212778, 0.036771, -0.201665, 0.959449, -0.196937, -0.077185, 0.184888, 0.979726),

              ["LowerTorso"] = CFrame.new(0.000000, -1.488452, -1.338545, 0.991933, 0.123994, 0.026334, -0.027780, 0.009946, 0.999565, 0.123679, -0.992233, 0.013310),

              ["RightFoot"] = CFrame.new(-0.000000, 0.006698, -0.000103, 0.980148, 0.191591, 0.051024, -0.178296, 0.964289, -0.195857, -0.086722, 0.182862, 0.979304),

              ["RightHand"] = CFrame.new(-0.000493, 0.009950, -0.000000, 0.913617, 0.351402, -0.204502, -0.352973, 0.935153, 0.029987, 0.201776, 0.044787, 0.978407),

              ["RightLowerArm"] = CFrame.new(0.000000, 0.061587, 0.014648, 1.000000, 0.000000, 0.000000, -0.000000, 0.850809, -0.525475, -0.000000, 0.525475, 0.850809),

              ["RightLowerLeg"] = CFrame.new(-0.000000, 0.029522, -0.002650, 1.000000, 0.000000, 0.000000, -0.000000, 0.972947, 0.231013, 0.000000, -0.231028, 0.972951),

              ["RightUpperArm"] = CFrame.new(-0.138258, -0.274342, 0.017782, 0.931102, -0.363613, -0.028881, 0.358018, 0.895874, 0.263122, -0.069801, -0.255333, 0.964330),

              ["RightUpperLeg"] = CFrame.new(0.000000, -0.000000, -0.000000, 0.947336, -0.315815, -0.053066, 0.306649, 0.942348, -0.133953, 0.092312, 0.110639, 0.989566),

              ["UpperTorso"] = CFrame.new(-0.000000, 0.000000, 0.000000, 1.000000, -0.000000, 0.000000, -0.000000, 1.000000, -0.000000, -0.000000, -0.000000, 1.000000)

          }},

          {Time = 0.033, Data = {

              ["Head"] = CFrame.new(-0.006130, 0.020283, -0.121582, 0.983425, -0.007791, -0.181150, -0.031929, 0.976023, -0.215314, 0.178485, 0.217529, 0.959596),

              ["LeftFoot"] = CFrame.new(0.000000, 0.007681, -0.000003, 0.944782, -0.298693, -0.134800, 0.300116, 0.953849, -0.010124, 0.131595, -0.030887, 0.990821),

              ["LeftHand"] = CFrame.new(0.000500, 0.000264, -0.000000, 0.956542, -0.252175, 0.146407, 0.261729, 0.963855, -0.049823, -0.128550, 0.085976, 0.987969),

              ["LeftLowerArm"] = CFrame.new(-0.000500, 0.000654, 0.000000, 1.000000, -0.000000, -0.000000, 0.000000, 0.999983, -0.005915, 0.000000, 0.005914, 0.999983),

              ["LeftLowerLeg"] = CFrame.new(-0.000000, 0.036027, -0.003925, 1.000000, -0.000000, -0.000000, 0.000000, 0.959024, 0.283310, -0.000000, -0.283324, 0.959028),

              ["LeftUpperArm"] = CFrame.new(0.095593, -0.110821, 0.087948, 0.945601, 0.243697, -0.215524, -0.249396, 0.968401, 0.000776, 0.208903, 0.053018, 0.976498),

              ["LeftUpperLeg"] = CFrame.new(-0.000000, -0.000000, -0.000100, 0.976754, 0.206042, 0.059147, -0.184751, 0.949076, -0.255178, -0.108713, 0.238332, 0.965083),

              ["LowerTorso"] = CFrame.new(0.000000, -1.448015, -1.338545, 0.992240, 0.123490, 0.014511, -0.016859, 0.017988, 0.999696, 0.123192, -0.992183, 0.019930),

              ["RightFoot"] = CFrame.new(0.000000, 0.008817, -0.000103, 0.980569, 0.189829, 0.049492, -0.168558, 0.944344, -0.282511, -0.100361, 0.268663, 0.957987),

              ["RightHand"] = CFrame.new(-0.000494, 0.009785, 0.000000, 0.918192, 0.342387, -0.199235, -0.347147, 0.937738, 0.011654, 0.190819, 0.058463, 0.979882),

              ["RightLowerArm"] = CFrame.new(0.000000, 0.060496, 0.014077, 1.000000, 0.000000, 0.000000, -0.000000, 0.856643, -0.515908, -0.000000, 0.515909, 0.856644),

              ["RightLowerLeg"] = CFrame.new(0.000000, 0.040949, -0.005379, 1.000000, 0.000000, 0.000000, -0.000000, 0.945303, 0.326181, 0.000000, -0.326193, 0.945307),

              ["RightUpperArm"] = CFrame.new(-0.140472, -0.268373, 0.018281, 0.935530, -0.352901, -0.015666, 0.346081, 0.906757, 0.240872, -0.070799, -0.230764, 0.970430),

              ["RightUpperLeg"] = CFrame.new(0.000000, -0.000000, -0.000000, 0.949622, -0.312154, -0.027888, 0.299390, 0.929885, -0.213716, 0.092646, 0.194614, 0.976498),

              ["UpperTorso"] = CFrame.new(0.000000, -0.000000, 0.000000, 1.000000, 0.000000, 0.000000, 0.000000, 1.000000, 0.000000, -0.000000, -0.000000, 1.000000)

          }},

          {Time = 0.050, Data = {

              ["Head"] = CFrame.new(-0.006130, 0.020283, -0.121582, 0.983836, 0.003408, -0.179041, -0.055519, 0.956357, -0.286878, 0.170249, 0.292181, 0.941087),

              ["LeftFoot"] = CFrame.new(-0.000000, 0.009417, -0.000003, 0.949525, -0.287787, -0.124831, 0.270740, 0.952816, -0.137274, 0.158437, 0.096542, 0.982636),

              ["LeftHand"] = CFrame.new(0.000502, -0.003049, -0.000000, 0.963735, -0.230821, 0.133929, 0.240864, 0.968436, -0.064168, -0.114889, 0.094099, 0.988911),

              ["LeftLowerArm"] = CFrame.new(-0.000500, -0.003245, 0.000017, 1.000000, -0.000000, -0.000000, 0.000000, 1.000000, -0.000001, 0.000000, -0.000000, 1.000000),

              ["LeftLowerLeg"] = CFrame.new(-0.000000, 0.045583, -0.006631, 1.000000, -0.000000, -0.000000, 0.000000, 0.931595, 0.363487, -0.000000, -0.363497, 0.931599),

              ["LeftUpperArm"] = CFrame.new(0.095088, -0.102049, 0.099675, 0.944592, 0.222513, -0.241316, -0.231853, 0.972692, -0.010649, 0.232357, 0.066010, 0.970388),

              ["LeftUpperLeg"] = CFrame.new(0.000000, -0.000000, -0.000100, 0.975774, 0.198064, 0.092937, -0.157745, 0.931255, -0.328439, -0.151600, 0.305836, 0.939942),

              ["LowerTorso"] = CFrame.new(0.000000, -1.387052, -1.338545, 0.992455, 0.122575, -0.002960, -0.000790, 0.030535, 0.999533, 0.122608, -0.991989, 0.030402),

              ["RightFoot"] = CFrame.new(-0.000000, 0.011063, -0.000103, 0.981320, 0.186628, 0.046712, -0.153926, 0.907309, -0.391299, -0.115403, 0.376776, 0.919077),

              ["RightHand"] = CFrame.new(-0.000494, 0.009463, -0.000000, 0.924815, 0.328815, -0.191305, -0.338366, 0.940830, -0.018643, 0.173854, 0.081972, 0.981354),

              ["RightLowerArm"] = CFrame.new(0.000000, 0.058342, 0.012988, 1.000000, 0.000000, 0.000000, -0.000000, 0.867745, -0.497010, -0.000000, 0.497010, 0.867745),

              ["RightLowerLeg"] = CFrame.new(0.000000, 0.053459, -0.009648, 1.000000, 0.000000, -0.000000, -0.000000, 0.901972, 0.431787, 0.000000, -0.431795, 0.901976),

              ["RightUpperArm"] = CFrame.new(-0.143736, -0.258981, 0.019640, 0.942058, -0.335415, 0.004824, 0.327295, 0.922213, 0.205917, -0.073516, -0.192406, 0.978558),

              ["RightUpperLeg"] = CFrame.new(0.000000, 0.000000, -0.000000, 0.953637, -0.300935, 0.003845, 0.286751, 0.904658, -0.315212, 0.091381, 0.301716, 0.949014),

              ["UpperTorso"] = CFrame.new(-0.000000, -0.000000, 0.000000, 1.000000, -0.000000, 0.000000, 0.000000, 1.000000, -0.000000, -0.000000, 0.000000, 1.000000)

          }},

          {Time = 0.067, Data = {

              ["Head"] = CFrame.new(-0.006130, 0.020283, -0.121582, 0.984038, 0.017389, -0.177109, -0.083337, 0.924376, -0.372270, 0.157242, 0.381087, 0.911070),

              ["LeftFoot"] = CFrame.new(0.000000, 0.010919, -0.000003, 0.955278, -0.273689, -0.111993, 0.233969, 0.931122, -0.279785, 0.180841, 0.241053, 0.953508),

              ["LeftHand"] = CFrame.new(0.000506, -0.008911, -0.000000, 0.972163, -0.202713, 0.117505, 0.212610, 0.973955, -0.078793, -0.098471, 0.101582, 0.989942),

              ["LeftLowerArm"] = CFrame.new(-0.000500, -0.009099, 0.000049, 1.000000, -0.000000, -0.000000, 0.000000, 1.000000, -0.000001, 0.000000, -0.000000, 1.000000),

              ["LeftLowerLeg"] = CFrame.new(-0.000000, 0.053972, -0.009673, 1.000000, -0.000000, -0.000000, 0.000000, 0.900699, 0.434435, -0.000000, -0.434443, 0.900703),

              ["LeftUpperArm"] = CFrame.new(0.093514, -0.091573, 0.115030, 0.941444, 0.197030, -0.273610, -0.210901, 0.977261, -0.021937, 0.263066, 0.078358, 0.961590),

              ["LeftUpperLeg"] = CFrame.new(0.000000, -0.000000, -0.000100, 0.972763, 0.189899, 0.132931, -0.122210, 0.907435, -0.402013, -0.196968, 0.374834, 0.905933),

              ["LowerTorso"] = CFrame.new(0.000000, -1.310827, -1.338545, 0.992337, 0.121159, -0.024238, 0.018670, 0.046882, 0.998726, 0.122141, -0.991525, 0.044261),

              ["RightFoot"] = CFrame.new(0.000000, 0.012968, -0.000103, 0.982523, 0.181321, 0.042107, -0.136404, 0.855246, -0.499974, -0.126659, 0.485466, 0.865016),

              ["RightHand"] = CFrame.new(-0.000494, 0.008930, 0.000000, 0.932597, 0.311982, -0.181468, -0.327339, 0.942926, -0.061159, 0.152028, 0.116438, 0.981493),

              ["RightLowerArm"] = CFrame.new(0.000000, 0.054730, 0.011282, 1.000000, 0.000000, 0.000000, -0.000000, 0.885143, -0.465319, -0.000000, 0.465319, 0.885143),

              ["RightLowerLeg"] = CFrame.new(0.000000, 0.063946, -0.014383, 1.000000, 0.000000, 0.000000, -0.000000, 0.853764, 0.520657, 0.000000, -0.520661, 0.853766),

              ["RightUpperArm"] = CFrame.new(-0.147602, -0.246717, 0.022345, 0.949791, -0.311335, 0.031112, 0.302767, 0.939603, 0.159617, -0.078927, -0.142182, 0.986689),

              ["RightUpperLeg"] = CFrame.new(0.000000, -0.000000, -0.000000, 0.959427, -0.279661, 0.035909, 0.268512, 0.867371, -0.418993, 0.086030, 0.411652, 0.907279),

              ["UpperTorso"] = CFrame.new(0.000000, -0.000000, 0.000000, 1.000000, -0.000000, 0.000000, -0.000000, 1.000000, -0.000000, -0.000000, 0.000000, 1.000000)

          }},

          {Time = 0.083, Data = {

              ["Head"] = CFrame.new(-0.006130, 0.020283, -0.121582, 0.983884, 0.032992, -0.175739, -0.112025, 0.879768, -0.462016, 0.139367, 0.474257, 0.869285),

              ["LeftFoot"] = CFrame.new(-0.000000, 0.011979, -0.000003, 0.961833, -0.256198, -0.096140, 0.194184, 0.886575, -0.419876, 0.192794, 0.385158, 0.902475),

              ["LeftHand"] = CFrame.new(0.000511, -0.016971, -0.000000, 0.980816, -0.168718, 0.097641, 0.177999, 0.979362, -0.095747, -0.079471, 0.111290, 0.990605),

              ["LeftLowerArm"] = CFrame.new(-0.000500, -0.017148, 0.000092, 1.000000, 0.000000, -0.000000, 0.000000, 1.000000, -0.000001, 0.000000, -0.000000, 1.000000),

              ["LeftLowerLeg"] = CFrame.new(0.000000, 0.059844, -0.012204, 1.000000, -0.000000, 0.000000, 0.000000, 0.874952, 0.484204, -0.000000, -0.484210, 0.874955),

              ["LeftUpperArm"] = CFrame.new(0.090415, -0.080391, 0.133305, 0.935245, 0.168425, -0.311367, -0.188536, 0.981427, -0.035427, 0.299617, 0.091837, 0.949629),

              ["LeftUpperLeg"] = CFrame.new(-0.000000, 0.000000, -0.000100, 0.968304, 0.180404, 0.172752, -0.081231, 0.881464, -0.465196, -0.236198, 0.436434, 0.868187),

              ["LowerTorso"] = CFrame.new(0.000000, -1.224602, -1.338545, 0.991736, 0.119188, -0.047466, 0.039749, 0.066312, 0.997007, 0.121979, -0.990655, 0.061026),

              ["RightFoot"] = CFrame.new(0.000000, 0.014410, -0.000103, 0.984332, 0.172864, 0.034782, -0.118544, 0.794796, -0.595212, -0.130527, 0.581737, 0.802816),

              ["RightHand"] = CFrame.new(-0.000495, 0.008136, -0.000000, 0.940743, 0.293163, -0.170468, -0.314543, 0.942190, -0.115502, 0.126751, 0.162276, 0.978570),

              ["RightLowerArm"] = CFrame.new(0.000000, 0.049289, 0.008975, 1.000000, 0.000000, 0.000000, -0.000000, 0.908635, -0.417591, -0.000000, 0.417591, 0.908635),

              ["RightLowerLeg"] = CFrame.new(-0.000000, 0.071178, -0.018290, 1.000000, 0.000000, -0.000000, -0.000000, 0.813850, 0.581074, 0.000000, -0.581075, 0.813851),

              ["RightUpperArm"] = CFrame.new(-0.151580, -0.232317, 0.026652, 0.957747, -0.281043, 0.061125, 0.273968, 0.956151, 0.103523, -0.087539, -0.082401, 0.992747),

              ["RightUpperLeg"] = CFrame.new(-0.000000, 0.000000, -0.000000, 0.966526, -0.248235, 0.064862, 0.245757, 0.823093, -0.511961, 0.073700, 0.510781, 0.856556),

              ["UpperTorso"] = CFrame.new(-0.000000, 0.000000, 0.000000, 1.000000, -0.000000, 0.000000, -0.000000, 1.000000, 0.000000, -0.000000, -0.000000, 1.000000)

          }},

          {Time = 0.100, Data = {

              ["Head"] = CFrame.new(-0.006130, 0.020283, -0.121582, 0.983368, 0.048955, -0.174902, -0.138400, 0.825572, -0.547061, 0.117613, 0.562169, 0.818617),

              ["LeftFoot"] = CFrame.new(0.000000, 0.012511, -0.000003, 0.969214, -0.234124, -0.076248, 0.156203, 0.824019, -0.544629, 0.190328, 0.515926, 0.835204),

              ["LeftHand"] = CFrame.new(0.000518, -0.027000, -0.000000, 0.988802, -0.129260, 0.074585, 0.137251, 0.983905, -0.114430, -0.058593, 0.123384, 0.990628),

              ["LeftLowerArm"] = CFrame.new(-0.000500, -0.027166, 0.000147, 1.000000, -0.000000, -0.000000, 0.000000, 1.000000, -0.000001, 0.000000, -0.000000, 1.000000),

              ["LeftLowerLeg"] = CFrame.new(0.000000, 0.062756, -0.013589, 1.000000, -0.000000, 0.000000, 0.000000, 0.860836, 0.508878, -0.000000, -0.508882, 0.860839),

              ["LeftUpperArm"] = CFrame.new(0.085580, -0.069264, 0.153542, 0.925575, 0.138291, -0.352402, -0.166284, 0.984795, -0.050283, 0.340090, 0.105140, 0.934497),

              ["LeftUpperLeg"] = CFrame.new(-0.000000, -0.000000, -0.000100, 0.964346, 0.167232, 0.205112, -0.039684, 0.857654, -0.512678, -0.261652, 0.486275, 0.833721),

              ["LowerTorso"] = CFrame.new(0.000000, -1.133641, -1.338545, 0.990644, 0.116685, -0.070781, 0.060662, 0.088106, 0.994262, 0.122251, -0.989253, 0.080203),

              ["RightFoot"] = CFrame.new(0.000000, 0.015452, -0.000103, 0.986830, 0.160025, 0.023690, -0.102958, 0.734275, -0.671023, -0.124767, 0.659722, 0.741058),

              ["RightHand"] = CFrame.new(-0.000495, 0.007041, -0.000000, 0.948658, 0.273464, -0.158951, -0.300196, 0.936727, -0.180074, 0.099649, 0.218543, 0.970726),

              ["RightLowerArm"] = CFrame.new(0.000000, 0.041736, 0.006264, 1.000000, 0.000000, 0.000000, -0.000000, 0.936203, -0.351459, -0.000000, 0.351459, 0.936203),

              ["RightLowerLeg"] = CFrame.new(0.000000, 0.074955, -0.020381, 1.000000, 0.000000, 0.000000, -0.000000, 0.792350, 0.610066, 0.000000, -0.610066, 0.792351),

              ["RightUpperArm"] = CFrame.new(-0.155230, -0.216651, 0.032415, 0.965046, -0.245336, 0.092176, 0.242635, 0.969308, 0.039617, -0.099066, -0.015866, 0.994954),

              ["RightUpperLeg"] = CFrame.new(0.000000, -0.000000, -0.000000, 0.973787, -0.208831, 0.090154, 0.221427, 0.779611, -0.585798, 0.052048, 0.590421, 0.805427),

              ["UpperTorso"] = CFrame.new(-0.000000, -0.000000, 0.000000, 1.000000, -0.000000, 0.000000, -0.000000, 1.000000, 0.000000, -0.000000, 0.000000, 1.000000)

          }},

          {Time = 0.117, Data = {

              ["Head"] = CFrame.new(-0.006130, 0.020283, -0.121582, 0.982646, 0.064064, -0.174079, -0.159916, 0.768118, -0.620017, 0.093993, 0.637095, 0.765033),

              ["LeftFoot"] = CFrame.new(0.000000, 0.012492, -0.000003, 0.977579, -0.204594, -0.049832, 0.124708, 0.753200, -0.645886, 0.169666, 0.625165, 0.761806),

              ["LeftHand"] = CFrame.new(0.000525, -0.038408, -0.000000, 0.995282, -0.084178, 0.048244, 0.089979, 0.986829, -0.134432, -0.036292, 0.138138, 0.989748),

              ["LeftLowerArm"] = CFrame.new(-0.000499, -0.038561, 0.000209, 1.000000, 0.000000, -0.000000, 0.000000, 1.000000, -0.000001, 0.000000, -0.000000, 1.000000),

              ["LeftLowerLeg"] = CFrame.new(-0.000000, 0.062651, -0.013538, 1.000000, -0.000000, -0.000000, 0.000000, 0.861360, 0.507991, -0.000000, -0.507996, 0.861362),

              ["LeftUpperArm"] = CFrame.new(0.079134, -0.058598, 0.174546, 0.912683, 0.107855, -0.394180, -0.144951, 0.987269, -0.065484, 0.382099, 0.116904, 0.916697),

              ["LeftUpperLeg"] = CFrame.new(-0.000000, 0.000000, -0.000100, 0.963829, 0.147867, 0.221742, -0.003980, 0.839870, -0.542758, -0.266490, 0.522258, 0.810089),

              ["LowerTorso"] = CFrame.new(0.000000, -1.043206, -1.338545, 0.989207, 0.113779, -0.092328, 0.079624, 0.111553, 0.990563, 0.123005, -0.987224, 0.101289),

              ["RightFoot"] = CFrame.new(0.000000, 0.015498, -0.000103, 0.989893, 0.141605, 0.007835, -0.091517, 0.680026, -0.727476, -0.108335, 0.719384, 0.686088),

              ["RightHand"] = CFrame.new(-0.000496, 0.005601, -0.000000, 0.955992, 0.253687, -0.147385, -0.284304, 0.925074, -0.251814, 0.072460, 0.282632, 0.956487),

              ["RightLowerArm"] = CFrame.new(0.000000, 0.031936, 0.003535, 1.000000, 0.000000, 0.000000, -0.000000, 0.963924, -0.266179, -0.000000, 0.266179, 0.963924),

              ["RightLowerLeg"] = CFrame.new(-0.000000, 0.075121, -0.020476, 1.000000, 0.000000, 0.000000, -0.000000, 0.791372, 0.611335, 0.000000, -0.611335, 0.791372),

              ["RightUpperArm"] = CFrame.new(-0.158262, -0.200598, 0.039057, 0.971110, -0.205570, 0.121187, 0.210531, 0.977142, -0.029516, -0.112349, 0.054177, 0.992191),

              ["RightUpperLeg"] = CFrame.new(0.000000, 0.000000, -0.000000, 0.979592, -0.165313, 0.114328, 0.199966, 0.743981, -0.637564, 0.020340, 0.647429, 0.761867),

              ["UpperTorso"] = CFrame.new(-0.000000, 0.000000, 0.000000, 1.000000, -0.000000, 0.000000, -0.000000, 1.000000, 0.000000, -0.000000, 0.000000, 1.000000)

          }},

          {Time = 0.133, Data = {

              ["Head"] = CFrame.new(-0.006130, 0.020283, -0.121582, 0.982006, 0.077262, -0.172320, -0.174931, 0.715946, -0.675885, 0.071152, 0.693867, 0.716579),

              ["LeftFoot"] = CFrame.new(0.000000, 0.011958, -0.000003, 0.986791, -0.161576, -0.011734, 0.103787, 0.686166, -0.720026, 0.124382, 0.709274, 0.693848),

              ["LeftHand"] = CFrame.new(0.000533, -0.050135, -0.000000, 0.999300, -0.032714, 0.018174, 0.035146, 0.987218, -0.155454, -0.012856, 0.155983, 0.987676),

              ["LeftLowerArm"] = CFrame.new(-0.000499, -0.050274, 0.000273, 1.000000, -0.000000, -0.000000, 0.000000, 1.000000, -0.000001, 0.000000, -0.000000, 1.000000),

              ["LeftLowerLeg"] = CFrame.new(-0.000000, 0.059733, -0.012153, 1.000000, -0.000000, -0.000000, 0.000000, 0.875473, 0.483262, -0.000000, -0.483268, 0.875476),

              ["LeftUpperArm"] = CFrame.new(0.071551, -0.048388, 0.195011, 0.897518, 0.077928, -0.434039, -0.124531, 0.988990, -0.079942, 0.423030, 0.125801, 0.897340),

              ["LeftUpperLeg"] = CFrame.new(0.000000, -0.000000, -0.000100, 0.969920, 0.120406, 0.211561, 0.018220, 0.830751, -0.556332, -0.242741, 0.543465, 0.803578),

              ["LowerTorso"] = CFrame.new(0.000000, -0.958560, -1.338545, 0.987714, 0.110723, -0.110284, 0.094869, 0.135960, 0.986162, 0.124185, -0.984508, 0.123786),

              ["RightFoot"] = CFrame.new(0.000000, 0.014676, -0.000103, 0.993079, 0.116675, -0.013515, -0.085285, 0.637205, -0.765981, -0.080754, 0.761811, 0.642721),

              ["RightHand"] = CFrame.new(-0.000497, 0.003781, -0.000000, 0.962611, 0.234261, -0.136022, -0.266733, 0.907290, -0.325085, 0.047256, 0.349209, 0.935852),

              ["RightLowerArm"] = CFrame.new(0.000000, 0.020248, 0.001349, 1.000000, 0.000000, 0.000000, -0.000000, 0.986128, -0.165985, -0.000000, 0.165985, 0.986128),

              ["RightLowerLeg"] = CFrame.new(-0.000000, 0.072154, -0.018816, 1.000000, 0.000000, 0.000000, -0.000000, 0.808444, 0.588572, 0.000000, -0.588574, 0.808445),

              ["RightUpperArm"] = CFrame.new(-0.160595, -0.184925, 0.045635, 0.975777, -0.163937, 0.144857, 0.179184, 0.978792, -0.099291, -0.125507, 0.122843, 0.984458),

              ["RightUpperLeg"] = CFrame.new(0.000000, 0.000000, -0.000000, 0.982333, -0.122856, 0.141167, 0.186063, 0.722076, -0.666310, -0.020073, 0.680818, 0.732190),

              ["UpperTorso"] = CFrame.new(0.000000, 0.000000, 0.000000, 1.000000, 0.000000, 0.000000, 0.000000, 1.000000, -0.000000, -0.000000, 0.000000, 1.000000)

          }},

          {Time = 0.150, Data = {

              ["Head"] = CFrame.new(-0.006130, 0.020283, -0.121582, 0.981816, 0.087642, -0.168391, -0.182616, 0.678315, -0.711717, 0.051846, 0.729526, 0.681985),

              ["LeftFoot"] = CFrame.new(-0.000000, 0.011008, -0.000003, 0.994424, -0.094500, 0.046804, 0.096419, 0.635042, -0.766458, 0.042704, 0.766676, 0.640587),

              ["LeftHand"] = CFrame.new(0.000540, -0.060810, -0.000000, 0.999520, 0.026336, -0.016328, -0.028816, 0.983741, -0.177270, 0.011394, 0.177654, 0.984027),

              ["LeftLowerArm"] = CFrame.new(-0.000498, -0.060936, 0.000331, 1.000000, -0.000000, -0.000000, 0.000000, 1.000000, -0.000001, 0.000000, -0.000000, 1.000000),

              ["LeftLowerLeg"] = CFrame.new(-0.000000, 0.054472, -0.009876, 1.000000, -0.000000, -0.000000, 0.000000, 0.898640, 0.438680, -0.000000, -0.438688, 0.898643),

              ["LeftUpperArm"] = CFrame.new(0.063590, -0.038274, 0.213666, 0.881595, 0.048962, -0.469461, -0.104302, 0.990226, -0.092593, 0.460339, 0.130596, 0.878085),

              ["LeftUpperLeg"] = CFrame.new(-0.000000, -0.000000, -0.000100, 0.983767, 0.084282, 0.158427, 0.018194, 0.831447, -0.555293, -0.178525, 0.549174, 0.816426),

              ["LowerTorso"] = CFrame.new(0.000000, -0.884966, -1.338545, 0.986542, 0.107889, -0.122859, 0.104654, 0.160664, 0.981445, 0.125626, -0.981095, 0.147210),

              ["RightFoot"] = CFrame.new(0.000000, 0.013556, -0.000103, 0.995532, 0.085531, -0.040014, -0.084048, 0.609503, -0.788335, -0.043036, 0.788157, 0.613944),

              ["RightHand"] = CFrame.new(-0.000499, 0.001513, 0.000000, 0.968537, 0.215258, -0.124902, -0.247509, 0.885568, -0.393079, 0.025996, 0.411622, 0.910982),

              ["RightLowerArm"] = CFrame.new(-0.000000, 0.007379, 0.000161, 1.000000, 0.000000, 0.000000, -0.000000, 0.998262, -0.058928, -0.000000, 0.058927, 0.998262),

              ["RightLowerLeg"] = CFrame.new(-0.000000, 0.067104, -0.016038, 1.000000, 0.000000, 0.000000, -0.000000, 0.836885, 0.547376, 0.000000, -0.547379, 0.836887),

              ["RightUpperArm"] = CFrame.new(-0.162355, -0.170217, 0.050978, 0.979296, -0.123420, 0.160456, 0.149767, 0.975008, -0.164099, -0.136192, 0.184733, 0.973307),

              ["RightUpperLeg"] = CFrame.new(0.000000, -0.000000, -0.000000, 0.980989, -0.087387, 0.173272, 0.182722, 0.716675, -0.673032, -0.065365, 0.691910, 0.719030),

              ["UpperTorso"] = CFrame.new(-0.000000, 0.000000, -0.000000, 1.000000, 0.000000, 0.000000, -0.000000, 1.000000, 0.000000, -0.000000, -0.000000, 1.000000)

          }},

          {Time = 0.167, Data = {

              ["Head"] = CFrame.new(-0.006130, 0.020283, -0.121582, 0.982451, 0.094267, -0.160949, -0.182507, 0.663927, -0.725184, 0.038497, 0.741832, 0.669480),

              ["LeftFoot"] = CFrame.new(0.000000, 0.009798, -0.000003, 0.991837, -0.000048, 0.127518, 0.101022, 0.610533, -0.785541, -0.077811, 0.791991, 0.605528),

              ["LeftHand"] = CFrame.new(0.000545, -0.068796, 0.000000, 0.993962, 0.094324, -0.056053, -0.103730, 0.974323, -0.199839, 0.035763, 0.204445, 0.978224),

              ["LeftLowerArm"] = CFrame.new(-0.000498, -0.068913, 0.000375, 1.000000, -0.000000, -0.000000, 0.000000, 1.000000, -0.000001, 0.000000, -0.000000, 1.000000),

              ["LeftLowerLeg"] = CFrame.new(0.000000, 0.047711, -0.007342, 1.000000, -0.000000, 0.000000, 0.000000, 0.924384, 0.381454, -0.000000, -0.381464, 0.924388),

              ["LeftUpperArm"] = CFrame.new(0.056166, -0.027677, 0.229383, 0.866748, 0.021219, -0.498295, -0.083109, 0.991271, -0.102350, 0.491773, 0.130125, 0.860945),

              ["LeftUpperLeg"] = CFrame.new(0.000000, -0.000000, -0.000100, 0.997495, 0.044287, 0.055160, -0.007535, 0.841853, -0.539641, -0.070336, 0.537886, 0.840086),

              ["LowerTorso"] = CFrame.new(0.000000, -0.827688, -1.338545, 0.986080, 0.105766, -0.128298, 0.107253, 0.185027, 0.976863, 0.127057, -0.977026, 0.171107),

              ["RightFoot"] = CFrame.new(-0.000000, 0.012495, -0.000103, 0.996313, 0.053391, -0.067163, -0.085765, 0.598182, -0.796776, -0.002365, 0.799580, 0.600531),

              ["RightHand"] = CFrame.new(-0.000501, -0.002189, 0.000000, 0.973868, 0.196479, -0.113921, -0.226606, 0.874203, -0.429443, 0.015213, 0.444033, 0.895880),

              ["RightLowerArm"] = CFrame.new(-0.000000, -0.002187, 0.000012, 1.000000, 0.000000, 0.000000, -0.000000, 1.000000, -0.000001, -0.000000, -0.000000, 1.000000),

              ["RightLowerLeg"] = CFrame.new(-0.000000, 0.061381, -0.013120, 1.000000, 0.000000, 0.000000, -0.000000, 0.866639, 0.498931, 0.000000, -0.498936, 0.866642),

              ["RightUpperArm"] = CFrame.new(-0.163811, -0.156888, 0.053789, 0.982208, -0.091238, 0.164141, 0.123109, 0.972864, -0.195907, -0.141813, 0.212630, 0.966787),

              ["RightUpperLeg"] = CFrame.new(0.000000, -0.000000, -0.000000, 0.976350, -0.065341, 0.206086, 0.188222, 0.725870, -0.661565, -0.106364, 0.684721, 0.721013),

              ["UpperTorso"] = CFrame.new(0.000000, -0.000000, 0.000000, 1.000000, -0.000000, 0.000000, 0.000000, 1.000000, 0.000000, -0.000000, 0.000000, 1.000000)

          }},

          {Time = 0.183, Data = {

              ["Head"] = CFrame.new(-0.006130, 0.020282, -0.121582, 0.984129, 0.099819, -0.146716, -0.173376, 0.717068, -0.675096, 0.037818, 0.689819, 0.722993),

              ["LeftFoot"] = CFrame.new(-0.000000, 0.008296, -0.000003, 0.982906, 0.056786, 0.175137, 0.101729, 0.625355, -0.773701, -0.153448, 0.778271, 0.608863),

              ["LeftHand"] = CFrame.new(0.000548, -0.073348, -0.000000, 0.980779, 0.168063, -0.099136, -0.186508, 0.956769, -0.223181, 0.057341, 0.237379, 0.969723),

              ["LeftLowerArm"] = CFrame.new(-0.000498, -0.073460, 0.000399, 1.000000, -0.000000, -0.000000, -0.000000, 1.000000, -0.000001, 0.000000, -0.000000, 1.000000),

              ["LeftLowerLeg"] = CFrame.new(-0.000000, 0.039384, -0.004788, 1.000000, -0.000000, -0.000000, 0.000000, 0.950283, 0.311374, 0.000000, -0.311387, 0.950287),

              ["LeftUpperArm"] = CFrame.new(0.049950, -0.016837, 0.241553, 0.854315, -0.004051, -0.519741, -0.061429, 0.992174, -0.108705, 0.516113, 0.124796, 0.847380),

              ["LeftUpperLeg"] = CFrame.new(0.000000, -0.000000, -0.000100, 0.999601, 0.024958, -0.013231, -0.028220, 0.861443, -0.507059, -0.001257, 0.507241, 0.861810),

              ["LowerTorso"] = CFrame.new(0.000000, -0.782786, -1.338012, 0.986082, 0.104382, -0.129409, 0.105499, 0.208738, 0.972265, 0.128500, -0.972385, 0.194821),

              ["RightFoot"] = CFrame.new(-0.000000, 0.011288, -0.000103, 0.995998, 0.035912, -0.081845, -0.086606, 0.614007, -0.784554, 0.022077, 0.788483, 0.614635),

              ["RightHand"] = CFrame.new(-0.000505, -0.007266, -0.000000, 0.981501, 0.165691, -0.095931, -0.191017, 0.881433, -0.431961, 0.012984, 0.442292, 0.896776),

              ["RightLowerArm"] = CFrame.new(-0.000000, -0.007257, 0.000039, 1.000000, 0.000000, 0.000000, -0.000000, 1.000000, -0.000001, -0.000000, -0.000000, 1.000000),

              ["RightLowerLeg"] = CFrame.new(-0.000000, 0.054719, -0.010159, 1.000000, 0.000000, -0.000000, -0.000000, 0.896781, 0.442467, 0.000000, -0.442475, 0.896785),

              ["RightUpperArm"] = CFrame.new(-0.163765, -0.146767, 0.061722, 0.982118, -0.068760, 0.175263, 0.102868, 0.975661, -0.193661, -0.157681, 0.208227, 0.965287),

              ["RightUpperLeg"] = CFrame.new(0.000000, -0.000000, -0.000000, 0.972851, -0.061149, 0.223209, 0.192852, 0.747382, -0.635778, -0.127945, 0.661574, 0.738894),

              ["UpperTorso"] = CFrame.new(0.000000, -0.000000, -0.000000, 1.000000, 0.000000, 0.000000, 0.000000, 1.000000, 0.000000, -0.000000, 0.000000, 1.000000)

          }},

          {Time = 0.200, Data = {

              ["Head"] = CFrame.new(-0.006130, 0.020283, -0.121582, 0.986582, 0.104209, -0.125686, -0.155964, 0.829204, -0.536745, 0.048286, 0.549146, 0.834330),

              ["LeftFoot"] = CFrame.new(-0.000000, 0.006445, -0.000003, 0.983531, 0.053714, 0.172582, 0.094128, 0.662924, -0.742769, -0.154296, 0.746758, 0.646923),

              ["LeftHand"] = CFrame.new(0.000550, -0.075103, 0.000000, 0.959823, 0.241872, -0.142258, -0.270977, 0.930612, -0.246038, 0.072877, 0.274699, 0.958764),

              ["LeftLowerArm"] = CFrame.new(-0.000498, -0.075212, 0.000409, 1.000000, -0.000000, -0.000000, 0.000000, 1.000000, -0.000001, 0.000000, -0.000000, 1.000000),

              ["LeftLowerLeg"] = CFrame.new(-0.000000, 0.029455, -0.002499, 1.000000, -0.000000, -0.000000, 0.000000, 0.973466, 0.228815, -0.000000, -0.228830, 0.973470),

              ["LeftUpperArm"] = CFrame.new(0.044791, -0.006446, 0.250900, 0.843996, -0.026049, -0.535717, -0.040646, 0.992841, -0.112312, 0.534807, 0.116566, 0.836895),

              ["LeftUpperLeg"] = CFrame.new(0.000000, -0.000000, -0.000100, 0.999634, 0.025663, -0.008561, -0.026702, 0.885150, -0.464529, -0.004344, 0.464598, 0.885517),

              ["LowerTorso"] = CFrame.new(0.000000, -0.742623, -1.336407, 0.986086, 0.103374, -0.130188, 0.103386, 0.231914, 0.967227, 0.130179, -0.967228, 0.218000),

              ["RightFoot"] = CFrame.new(-0.000000, 0.009874, -0.000103, 0.995898, 0.033063, -0.084233, -0.085517, 0.648188, -0.756685, 0.029578, 0.760763, 0.648331),

              ["RightHand"] = CFrame.new(-0.000508, -0.011532, -0.000000, 0.991280, 0.114159, -0.065816, -0.131381, 0.894675, -0.426965, 0.010142, 0.431885, 0.901870),

              ["RightLowerArm"] = CFrame.new(-0.000001, -0.011518, 0.000063, 1.000000, 0.000000, 0.000000, -0.000000, 1.000000, -0.000001, -0.000000, -0.000000, 1.000000),

              ["RightLowerLeg"] = CFrame.new(0.000000, 0.046824, -0.007208, 1.000000, 0.000000, -0.000000, -0.000000, 0.926756, 0.375653, 0.000000, -0.375663, 0.926760),

              ["RightUpperArm"] = CFrame.new(-0.160681, -0.141004, 0.081852, 0.975949, -0.049502, 0.212306, 0.091342, 0.977124, -0.192058, -0.197942, 0.206832, 0.958144),

              ["RightUpperLeg"] = CFrame.new(0.000000, -0.000000, -0.000000, 0.972108, -0.067360, 0.224651, 0.192807, 0.774891, -0.601959, -0.133532, 0.628495, 0.766275),

              ["UpperTorso"] = CFrame.new(0.000000, -0.000000, 0.000000, 1.000000, 0.000000, 0.000000, -0.000000, 1.000000, 0.000000, -0.000000, -0.000000, 1.000000)

          }},

          {Time = 0.217, Data = {

              ["Head"] = CFrame.new(-0.006130, 0.020283, -0.121582, 0.989224, 0.103691, -0.103368, -0.133538, 0.928464, -0.346586, 0.060036, 0.356654, 0.932306),

              ["LeftFoot"] = CFrame.new(-0.000000, 0.004350, -0.000003, 0.983883, 0.051945, 0.171110, 0.086802, 0.697854, -0.710985, -0.156331, 0.714354, 0.682072),

              ["LeftHand"] = CFrame.new(0.000549, -0.074445, -0.000000, 0.931731, 0.313146, -0.183898, -0.353951, 0.896341, -0.267006, 0.081222, 0.313866, 0.945986),

              ["LeftLowerArm"] = CFrame.new(-0.000498, -0.074555, 0.000406, 1.000000, -0.000000, -0.000000, 0.000000, 1.000000, -0.000001, 0.000000, -0.000000, 1.000000),

              ["LeftLowerLeg"] = CFrame.new(-0.000000, 0.019002, -0.000905, 1.000000, -0.000000, 0.000000, 0.000000, 0.989600, 0.143827, 0.000000, -0.143843, 0.989603),

              ["LeftUpperArm"] = CFrame.new(0.040400, 0.003377, 0.258257, 0.835215, -0.045095, -0.548071, -0.021002, 0.993289, -0.113732, 0.549522, 0.106502, 0.828664),

              ["LeftUpperLeg"] = CFrame.new(0.000000, -0.000000, -0.000100, 0.999665, 0.025280, -0.005588, -0.025296, 0.907673, -0.418906, -0.005518, 0.418916, 0.908012),

              ["LowerTorso"] = CFrame.new(0.000000, -0.706908, -1.333724, 0.986090, 0.102711, -0.130680, 0.100941, 0.254572, 0.961771, 0.132052, -0.961584, 0.240663),

              ["RightFoot"] = CFrame.new(-0.000000, 0.008504, -0.000103, 0.995812, 0.030885, -0.086057, -0.084132, 0.678015, -0.730240, 0.035791, 0.734399, 0.677749),

              ["RightHand"] = CFrame.new(-0.000510, -0.015209, -0.000000, 0.998512, 0.047465, -0.026839, -0.054300, 0.910460, -0.410020, 0.004975, 0.410865, 0.911681),

              ["RightLowerArm"] = CFrame.new(-0.000000, -0.015191, 0.000082, 1.000000, 0.000000, 0.000000, -0.000000, 1.000000, -0.000001, -0.000000, -0.000000, 1.000000),

              ["RightLowerLeg"] = CFrame.new(0.000000, 0.039229, -0.004901, 1.000000, 0.000000, -0.000000, -0.000000, 0.950160, 0.311751, 0.000000, -0.311764, 0.950164),

              ["RightUpperArm"] = CFrame.new(-0.153903, -0.138972, 0.111511, 0.962393, -0.033051, 0.269642, 0.087279, 0.977568, -0.191687, -0.257258, 0.208013, 0.943689),

              ["RightUpperLeg"] = CFrame.new(0.000000, -0.000000, -0.000000, 0.971491, -0.074227, 0.225159, 0.192766, 0.800180, -0.567927, -0.138012, 0.595149, 0.791684),

              ["UpperTorso"] = CFrame.new(-0.000000, 0.000000, 0.000000, 1.000000, -0.000000, 0.000000, -0.000000, 1.000000, 0.000000, -0.000000, 0.000000, 1.000000)

          }},

          {Time = 0.233, Data = {

              ["Head"] = CFrame.new(-0.006130, 0.020283, -0.121582, 0.991269, 0.099468, -0.086553, -0.113459, 0.977903, -0.175593, 0.067175, 0.183880, 0.980651),

              ["LeftFoot"] = CFrame.new(-0.000000, 0.001911, -0.000003, 0.984069, 0.050999, 0.170322, 0.079756, 0.729560, -0.679276, -0.158891, 0.682013, 0.713845),

              ["LeftHand"] = CFrame.new(0.000547, -0.071926, -0.000000, 0.898049, 0.379413, -0.222611, -0.432130, 0.855569, -0.285074, 0.082297, 0.352204, 0.932297),

              ["LeftLowerArm"] = CFrame.new(-0.000498, -0.072038, 0.000391, 1.000000, -0.000000, -0.000000, 0.000000, 1.000000, -0.000001, 0.000000, -0.000000, 1.000000),

              ["LeftLowerLeg"] = CFrame.new(-0.000000, 0.008237, -0.000060, 1.000000, -0.000000, -0.000000, 0.000000, 0.998221, 0.059604, -0.000000, -0.059621, 0.998222),

              ["LeftUpperArm"] = CFrame.new(0.036542, 0.012447, 0.264226, 0.827500, -0.061413, -0.558097, -0.002861, 0.993526, -0.113570, 0.561458, 0.095577, 0.821967),

              ["LeftUpperLeg"] = CFrame.new(0.000000, -0.000000, -0.000100, 0.999701, 0.024146, -0.003830, -0.023839, 0.928043, -0.371702, -0.005421, 0.371690, 0.928344),

              ["LowerTorso"] = CFrame.new(0.000000, -0.675356, -1.329956, 0.986094, 0.102361, -0.130926, 0.098193, 0.276731, 0.955918, 0.134080, -0.955480, 0.262831),

              ["RightFoot"] = CFrame.new(-0.000000, 0.007185, -0.000103, 0.995741, 0.029235, -0.087438, -0.082628, 0.703687, -0.705714, 0.040894, 0.709909, 0.703081),

              ["RightHand"] = CFrame.new(-0.000512, -0.018527, -0.000000, 0.999472, -0.027640, 0.017055, 0.032035, 0.925424, -0.377581, -0.005347, 0.377925, 0.925820),

              ["RightLowerArm"] = CFrame.new(-0.000000, -0.018505, 0.000101, 1.000000, 0.000000, 0.000000, -0.000000, 1.000000, -0.000001, -0.000000, -0.000000, 1.000000),

              ["RightLowerLeg"] = CFrame.new(0.000000, 0.032094, -0.003173, 1.000000, 0.000000, 0.000000, -0.000000, 0.967653, 0.252271, 0.000000, -0.252286, 0.967657),

              ["RightUpperArm"] = CFrame.new(-0.142742, -0.140065, 0.147399, 0.940071, -0.019038, 0.340448, 0.089463, 0.977233, -0.192383, -0.329035, 0.211312, 0.920371),

              ["RightUpperLeg"] = CFrame.new(-0.000000, -0.000000, -0.000000, 0.970972, -0.081393, 0.224921, 0.192779, 0.822946, -0.534403, -0.141600, 0.562259, 0.814754),

              ["UpperTorso"] = CFrame.new(0.000000, 0.000000, -0.000000, 1.000000, -0.000000, 0.000000, -0.000000, 1.000000, -0.000000, -0.000000, 0.000000, 1.000000)

          }},

          {Time = 0.250, Data = {

              ["Head"] = CFrame.new(-0.006130, 0.020282, -0.121582, 0.992067, 0.096836, -0.080158, -0.104869, 0.989142, -0.102960, 0.069318, 0.110549, 0.991450),

              ["LeftFoot"] = CFrame.new(-0.000000, -0.001532, -0.000003, 0.984153, 0.050570, 0.169966, 0.074658, 0.751229, -0.655831, -0.160837, 0.658102, 0.735525),

              ["LeftHand"] = CFrame.new(0.000545, -0.068101, -0.000000, 0.861124, 0.438559, -0.257162, -0.502508, 0.810990, -0.299638, 0.077146, 0.387248, 0.918741),

              ["LeftLowerArm"] = CFrame.new(-0.000498, -0.068218, 0.000371, 1.000000, -0.000000, -0.000000, 0.000000, 1.000000, -0.000001, 0.000000, -0.000000, 1.000000),

              ["LeftLowerLeg"] = CFrame.new(0.000000, -0.001127, 0.000086, 1.000000, -0.000000, 0.000000, -0.000000, 1.000000, -0.000007, 0.000000, -0.000011, 1.000000),

              ["LeftUpperArm"] = CFrame.new(0.033078, 0.020553, 0.269190, 0.820572, -0.075153, -0.566580, 0.013351, 0.993567, -0.112452, 0.571387, 0.084711, 0.816297),

