return {
["side grab right"] = {

          {Time = 0.000, Data = {

              ["Head"] = CFrame.new(0.000000, -0.000000, 0.000000, 1.000000, 0.000000, -0.000000, -0.000000, 1.000000, 0.000000, 0.000000, -0.000000, 1.000000),

              ["LeftFoot"] = CFrame.new(0.000000, 0.013157, -0.000003, 0.999869, 0.012368, 0.010415, -0.013214, 0.996248, 0.085528, -0.009317, -0.085653, 0.996281),

              ["LeftHand"] = CFrame.new(0.000490, 0.015040, 0.000000, 0.995177, -0.085053, 0.048867, 0.060284, 0.923303, 0.379316, -0.077381, -0.374538, 0.923976),

              ["LeftLowerArm"] = CFrame.new(-0.000500, 0.080429, 0.025464, 1.000000, -0.000000, -0.000000, 0.000000, 0.739350, -0.673321, 0.000000, 0.673322, 0.739350),

              ["LeftLowerLeg"] = CFrame.new(0.000000, 0.066234, -0.015365, 1.000000, -0.000000, -0.000000, 0.000000, 0.842733, 0.538329, -0.000000, -0.538332, 0.842735),

              ["LeftUpperArm"] = CFrame.new(-0.558207, -0.056444, 0.472413, -0.189822, 0.096444, -0.977070, -0.086606, 0.989640, 0.114510, 0.977991, 0.106357, -0.179503),

              ["LeftUpperLeg"] = CFrame.new(-0.000000, -0.000001, -0.000100, 0.994227, -0.106277, -0.014793, 0.092845, 0.921169, -0.377907, 0.053790, 0.374369, 0.925725),

              ["LowerTorso"] = CFrame.new(-0.065593, -0.102575, 0.089570, 0.995824, 0.078233, 0.047052, -0.077845, 0.996915, -0.010035, -0.047692, 0.006330, 0.998842),

              ["RightFoot"] = CFrame.new(0.000000, 0.012137, -0.000103, 0.984937, 0.132272, 0.111376, -0.104177, 0.967995, -0.228341, -0.138006, 0.213282, 0.967190),

              ["RightHand"] = CFrame.new(-0.000484, 0.024298, -0.000000, 0.811157, -0.504696, 0.295481, 0.429881, 0.857103, 0.283863, -0.396519, -0.103234, 0.912202),

              ["RightLowerArm"] = CFrame.new(-0.000000, 0.117627, 0.077961, 1.000000, 0.000000, 0.000000, -0.000000, 0.194640, -0.980875, -0.000000, 0.980875, 0.194640),

              ["RightLowerLeg"] = CFrame.new(0.000000, 0.059411, -0.012197, 1.000000, 0.000000, 0.000000, -0.000000, 0.876041, 0.482231, 0.000000, -0.482237, 0.876044),

              ["RightUpperArm"] = CFrame.new(0.066980, -1.180429, 0.359779, 0.540116, -0.322999, -0.777140, 0.740352, 0.621460, 0.256255, 0.400191, -0.713764, 0.574793),

              ["RightUpperLeg"] = CFrame.new(0.000000, -0.000000, -0.000000, 0.971191, -0.231644, -0.055940, 0.207125, 0.936621, -0.282544, 0.117845, 0.262834, 0.957622),

              ["UpperTorso"] = CFrame.new(-0.000000, -0.000000, -0.000000, 0.999507, -0.027239, -0.015596, 0.027272, 0.999626, 0.001874, 0.015539, -0.002299, 0.999877)

          }},

          {Time = 0.020, Data = {

              ["Head"] = CFrame.new(0.000000, -0.000000, 0.000000, 1.000000, -0.000000, -0.000000, 0.000000, 1.000000, -0.000000, 0.000000, 0.000000, 1.000000),

              ["LeftFoot"] = CFrame.new(-0.000000, 0.013149, -0.000003, 0.999870, 0.012361, 0.010409, -0.013209, 0.996231, 0.085727, -0.009309, -0.085852, 0.996264),

              ["LeftHand"] = CFrame.new(0.000490, 0.015020, 0.000000, 0.995188, -0.084957, 0.048811, 0.060280, 0.923617, 0.378550, -0.077242, -0.373783, 0.924293),

              ["LeftLowerArm"] = CFrame.new(-0.000500, 0.080359, 0.025416, 1.000000, -0.000000, -0.000000, 0.000000, 0.739841, -0.672782, 0.000000, 0.672782, 0.739841),

              ["LeftLowerLeg"] = CFrame.new(-0.000000, 0.066189, -0.015341, 1.000000, -0.000000, -0.000000, 0.000000, 0.842975, 0.537949, -0.000000, -0.537952, 0.842978),

              ["LeftUpperArm"] = CFrame.new(-0.558178, -0.056415, 0.472422, -0.189765, 0.096266, -0.977099, -0.086546, 0.989668, 0.114313, 0.978008, 0.106256, -0.179473),

              ["LeftUpperLeg"] = CFrame.new(0.000000, -0.000000, -0.000100, 0.994200, -0.106535, -0.014706, 0.093131, 0.921239, -0.377667, 0.053783, 0.374125, 0.925825),

              ["LowerTorso"] = CFrame.new(-0.065593, -0.102555, 0.089570, 0.995801, 0.078528, 0.047049, -0.078139, 0.996892, -0.010048, -0.047692, 0.006330, 0.998842),

              ["RightFoot"] = CFrame.new(-0.000000, 0.012144, -0.000103, 0.984933, 0.132289, 0.111390, -0.104167, 0.967958, -0.228505, -0.138041, 0.213442, 0.967149),

              ["RightHand"] = CFrame.new(-0.000484, 0.024291, -0.000000, 0.816837, -0.497820, 0.291470, 0.419409, 0.859402, 0.292447, -0.396073, -0.116634, 0.910780),

              ["RightLowerArm"] = CFrame.new(-0.000000, 0.117597, 0.077826, 1.000000, 0.000000, 0.000000, -0.000000, 0.196040, -0.980596, -0.000000, 0.980596, 0.196040),

              ["RightLowerLeg"] = CFrame.new(-0.000000, 0.059449, -0.012214, 1.000000, 0.000000, 0.000000, -0.000000, 0.875865, 0.482551, 0.000000, -0.482557, 0.875868),

              ["RightUpperArm"] = CFrame.new(0.070862, -1.184932, 0.362983, 0.532352, -0.335072, -0.777385, 0.749358, 0.613714, 0.248633, 0.393782, -0.714900, 0.577801),

              ["RightUpperLeg"] = CFrame.new(0.000000, -0.000000, -0.000000, 0.971125, -0.231951, -0.055818, 0.207430, 0.936496, -0.282734, 0.117854, 0.263009, 0.957573),

              ["UpperTorso"] = CFrame.new(0.000000, -0.000000, 0.000000, 0.999507, -0.027239, -0.015596, 0.027272, 0.999626, 0.001874, 0.015539, -0.002299, 0.999877)

          }},

          {Time = 0.040, Data = {

              ["Head"] = CFrame.new(0.000000, -0.000000, -0.000000, 1.000000, -0.000000, 0.000000, 0.000000, 1.000000, -0.000000, 0.000000, 0.000000, 1.000000),

              ["LeftFoot"] = CFrame.new(0.000000, 0.013124, -0.000003, 0.999870, 0.012341, 0.010391, -0.013192, 0.996182, 0.086299, -0.009286, -0.086423, 0.996215),

              ["LeftHand"] = CFrame.new(0.000490, 0.014964, 0.000000, 0.995220, -0.084681, 0.048649, 0.060267, 0.924517, 0.376351, -0.076846, -0.371616, 0.925199),

              ["LeftLowerArm"] = CFrame.new(-0.000500, 0.080158, 0.025280, 1.000000, -0.000000, -0.000000, 0.000000, 0.741250, -0.671229, 0.000000, 0.671229, 0.741250),

              ["LeftLowerLeg"] = CFrame.new(-0.000000, 0.066060, -0.015273, 1.000000, -0.000000, -0.000000, 0.000000, 0.843671, 0.536857, -0.000000, -0.536860, 0.843673),

              ["LeftUpperArm"] = CFrame.new(-0.558096, -0.056328, 0.472445, -0.189601, 0.095752, -0.977181, -0.086373, 0.989749, 0.113743, 0.978055, 0.105968, -0.179387),

              ["LeftUpperLeg"] = CFrame.new(0.000000, -0.000000, -0.000100, 0.994124, -0.107277, -0.014457, 0.093952, 0.921438, -0.376978, 0.053762, 0.373422, 0.926110),

              ["LowerTorso"] = CFrame.new(-0.065593, -0.102499, 0.089570, 0.995734, 0.079374, 0.047041, -0.078984, 0.996825, -0.010088, -0.047692, 0.006330, 0.998842),

              ["RightFoot"] = CFrame.new(-0.000000, 0.012164, -0.000103, 0.984922, 0.132338, 0.111431, -0.104139, 0.967850, -0.228973, -0.138142, 0.213900, 0.967034),

              ["RightHand"] = CFrame.new(-0.000484, 0.024261, 0.000000, 0.832411, -0.478204, 0.280027, 0.390934, 0.864884, 0.314878, -0.392764, -0.152633, 0.906883),

              ["RightLowerArm"] = CFrame.new(-0.000001, 0.117467, 0.077271, 1.000000, 0.000000, 0.000000, 0.000000, 0.201795, -0.979428, -0.000000, 0.979428, 0.201795),

              ["RightLowerLeg"] = CFrame.new(0.000000, 0.059557, -0.012264, 1.000000, 0.000000, 0.000000, -0.000000, 0.875359, 0.483467, 0.000000, -0.483473, 0.875362),

              ["RightUpperArm"] = CFrame.new(0.081869, -1.197272, 0.372510, 0.510339, -0.369128, -0.776723, 0.774037, 0.590726, 0.227839, 0.374729, -0.717487, 0.587189),

              ["RightUpperLeg"] = CFrame.new(0.000000, -0.000000, -0.000000, 0.970934, -0.232832, -0.055467, 0.208305, 0.936137, -0.283278, 0.117882, 0.263508, 0.957433),

              ["UpperTorso"] = CFrame.new(0.000000, 0.000000, -0.000000, 0.999507, -0.027239, -0.015596, 0.027272, 0.999626, 0.001874, 0.015539, -0.002299, 0.999877)

          }},

          {Time = 0.060, Data = {

              ["Head"] = CFrame.new(-0.000000, 0.000000, -0.000000, 1.000000, 0.000000, -0.000000, 0.000000, 1.000000, -0.000000, 0.000000, 0.000000, 1.000000),

              ["LeftFoot"] = CFrame.new(0.000000, 0.013086, -0.000003, 0.999871, 0.012308, 0.010364, -0.013166, 0.996103, 0.087206, -0.009250, -0.087329, 0.996136),

              ["LeftHand"] = CFrame.new(0.000490, 0.014873, 0.000000, 0.995269, -0.084244, 0.048394, 0.060246, 0.925933, 0.372857, -0.076220, -0.368174, 0.926626),

              ["LeftLowerArm"] = CFrame.new(-0.000500, 0.079838, 0.025064, 1.000000, -0.000000, -0.000000, 0.000000, 0.743484, -0.668753, 0.000000, 0.668753, 0.743485),

              ["LeftLowerLeg"] = CFrame.new(0.000000, 0.065855, -0.015165, 1.000000, -0.000000, -0.000000, 0.000000, 0.844772, 0.535123, -0.000000, -0.535127, 0.844774),

              ["LeftUpperArm"] = CFrame.new(-0.557967, -0.056192, 0.472482, -0.189342, 0.094929, -0.977312, -0.086101, 0.989877, 0.112831, 0.978129, 0.105512, -0.179252),

              ["LeftUpperLeg"] = CFrame.new(-0.000000, -0.000000, -0.000100, 0.994002, -0.108453, -0.014065, 0.095252, 0.921751, -0.375884, 0.053730, 0.372307, 0.926560),

              ["LowerTorso"] = CFrame.new(-0.065593, -0.102411, 0.089570, 0.995627, 0.080715, 0.047027, -0.080324, 0.996717, -0.010152, -0.047692, 0.006330, 0.998842),

              ["RightFoot"] = CFrame.new(-0.000000, 0.012195, -0.000103, 0.984905, 0.132415, 0.111496, -0.104095, 0.967679, -0.229715, -0.138302, 0.214624, 0.966850),

              ["RightHand"] = CFrame.new(-0.000484, 0.024188, 0.000000, 0.855397, -0.446949, 0.261791, 0.349578, 0.871092, 0.344956, -0.382219, -0.203555, 0.901372),

              ["RightLowerArm"] = CFrame.new(-0.000000, 0.117136, 0.075923, 1.000000, 0.000000, -0.000000, 0.000000, 0.215774, -0.976443, -0.000000, 0.976443, 0.215774),

              ["RightLowerLeg"] = CFrame.new(-0.000000, 0.059728, -0.012343, 1.000000, 0.000000, 0.000000, -0.000000, 0.874557, 0.484917, 0.000000, -0.484923, 0.874560),

              ["RightUpperArm"] = CFrame.new(0.099190, -1.215369, 0.388677, 0.475697, -0.421743, -0.771910, 0.810234, 0.551689, 0.197892, 0.342395, -0.719564, 0.604147),

              ["RightUpperLeg"] = CFrame.new(0.000000, -0.000000, -0.000000, 0.970630, -0.234228, -0.054909, 0.209693, 0.935566, -0.284139, 0.117925, 0.264298, 0.957210),

              ["UpperTorso"] = CFrame.new(0.000000, -0.000000, 0.000000, 0.999507, -0.027239, -0.015596, 0.027272, 0.999626, 0.001874, 0.015539, -0.002299, 0.999877)

          }},

          {Time = 0.080, Data = {

              ["Head"] = CFrame.new(-0.000000, 0.000000, -0.000000, 1.000000, 0.000000, 0.000000, -0.000000, 1.000000, -0.000000, 0.000000, 0.000000, 1.000000),

              ["LeftFoot"] = CFrame.new(-0.000000, 0.013035, -0.000003, 0.999871, 0.012264, 0.010326, -0.013129, 0.995998, 0.088413, -0.009201, -0.088535, 0.996030),

              ["LeftHand"] = CFrame.new(0.000490, 0.014753, 0.000000, 0.995334, -0.083669, 0.048057, 0.060213, 0.927793, 0.368208, -0.075393, -0.363593, 0.928501),

              ["LeftLowerArm"] = CFrame.new(-0.000500, 0.079410, 0.024777, 1.000000, -0.000000, -0.000000, 0.000000, 0.746451, -0.665440, 0.000000, 0.665441, 0.746451),

              ["LeftLowerLeg"] = CFrame.new(0.000000, 0.065583, -0.015022, 1.000000, -0.000000, -0.000000, 0.000000, 0.846230, 0.532814, -0.000000, -0.532818, 0.846232),

              ["LeftUpperArm"] = CFrame.new(-0.557797, -0.056013, 0.472531, -0.189002, 0.093822, -0.977484, -0.085743, 0.990047, 0.111607, 0.978226, 0.104906, -0.179076),

              ["LeftUpperLeg"] = CFrame.new(0.000000, 0.000000, -0.000100, 0.993838, -0.110014, -0.013549, 0.096976, 0.922164, -0.374428, 0.053687, 0.370824, 0.927157),

              ["LowerTorso"] = CFrame.new(-0.065593, -0.102294, 0.089570, 0.995482, 0.082493, 0.047009, -0.082100, 0.996572, -0.010236, -0.047692, 0.006330, 0.998842),

              ["RightFoot"] = CFrame.new(-0.000000, 0.012236, -0.000103, 0.984881, 0.132518, 0.111583, -0.104038, 0.967452, -0.230695, -0.138514, 0.215582, 0.966607),

              ["RightHand"] = CFrame.new(-0.000484, 0.024049, 0.000000, 0.882926, -0.405094, 0.237366, 0.301157, 0.876482, 0.375614, -0.360203, -0.260152, 0.895864),

              ["RightLowerArm"] = CFrame.new(-0.000001, 0.116449, 0.073350, 1.000000, 0.000000, -0.000000, -0.000000, 0.242451, -0.970164, -0.000000, 0.970164, 0.242451),

              ["RightLowerLeg"] = CFrame.new(-0.000000, 0.059954, -0.012447, 1.000000, 0.000000, 0.000000, -0.000000, 0.873492, 0.486833, 0.000000, -0.486838, 0.873495),

              ["RightUpperArm"] = CFrame.new(0.122022, -1.236717, 0.411901, 0.430032, -0.488414, -0.759292, 0.852929, 0.495482, 0.164346, 0.295947, -0.718296, 0.629656),

              ["RightUpperLeg"] = CFrame.new(0.000000, -0.000000, -0.000000, 0.970223, -0.236078, -0.054166, 0.211534, 0.934805, -0.285276, 0.117983, 0.265342, 0.956914),

              ["UpperTorso"] = CFrame.new(-0.000000, 0.000000, 0.000000, 0.999507, -0.027239, -0.015596, 0.027272, 0.999626, 0.001874, 0.015539, -0.002299, 0.999877)

          }},

          {Time = 0.100, Data = {

              ["Head"] = CFrame.new(0.000000, -0.000000, 0.000000, 1.000000, 0.000000, -0.000000, -0.000000, 1.000000, 0.000000, 0.000000, -0.000000, 1.000000),

              ["LeftFoot"] = CFrame.new(-0.000000, 0.012973, -0.000003, 0.999873, 0.012209, 0.010280, -0.013084, 0.995867, 0.089883, -0.009140, -0.090004, 0.995899),

              ["LeftHand"] = CFrame.new(0.000490, 0.014607, -0.000000, 0.995412, -0.082974, 0.047650, 0.060169, 0.930025, 0.362541, -0.074397, -0.358007, 0.930749),

              ["LeftLowerArm"] = CFrame.new(-0.000500, 0.078885, 0.024428, 1.000000, -0.000000, -0.000000, 0.000000, 0.750056, -0.661374, 0.000000, 0.661374, 0.750056),

              ["LeftLowerLeg"] = CFrame.new(0.000000, 0.065249, -0.014848, 1.000000, -0.000000, -0.000000, 0.000000, 0.847998, 0.529996, -0.000000, -0.529999, 0.848000),

              ["LeftUpperArm"] = CFrame.new(-0.557592, -0.055798, 0.472589, -0.188593, 0.092451, -0.977694, -0.085311, 0.990253, 0.110095, 0.978343, 0.104172, -0.178867),

              ["LeftUpperLeg"] = CFrame.new(-0.000000, -0.000000, -0.000100, 0.993634, -0.111909, -0.012930, 0.099067, 0.922661, -0.372652, 0.053633, 0.369017, 0.927881),

              ["LowerTorso"] = CFrame.new(-0.065593, -0.102152, 0.089570, 0.995302, 0.084651, 0.046987, -0.084256, 0.996391, -0.010337, -0.047692, 0.006330, 0.998842),

              ["RightFoot"] = CFrame.new(-0.000000, 0.012286, -0.000103, 0.984852, 0.132645, 0.111690, -0.103969, 0.967176, -0.231881, -0.138773, 0.216740, 0.966311),

              ["RightHand"] = CFrame.new(-0.000484, 0.023732, 0.000000, 0.911793, -0.354257, 0.207693, 0.251322, 0.881378, 0.400016, -0.324762, -0.312531, 0.892665),

              ["RightLowerArm"] = CFrame.new(-0.000000, 0.115125, 0.069237, 1.000000, 0.000000, 0.000000, -0.000000, 0.285137, -0.958487, -0.000000, 0.958487, 0.285137),

              ["RightLowerLeg"] = CFrame.new(0.000000, 0.060227, -0.012574, 1.000000, 0.000000, 0.000000, -0.000000, 0.872198, 0.489147, 0.000000, -0.489153, 0.872201),

              ["RightUpperArm"] = CFrame.new(0.149322, -1.258460, 0.442090, 0.375432, -0.563026, -0.736242, 0.896414, 0.422464, 0.134038, 0.235569, -0.710300, 0.663311),

              ["RightUpperLeg"] = CFrame.new(0.000000, -0.000000, -0.000000, 0.969725, -0.238322, -0.053259, 0.213769, 0.933876, -0.286650, 0.118053, 0.266604, 0.956554),

              ["UpperTorso"] = CFrame.new(0.000000, -0.000000, -0.000000, 0.999507, -0.027239, -0.015596, 0.027272, 0.999626, 0.001874, 0.015539, -0.002299, 0.999877)

          }},

          {Time = 0.120, Data = {

              ["Head"] = CFrame.new(-0.000000, -0.000000, -0.000000, 1.000000, 0.000000, -0.000000, 0.000000, 1.000000, -0.000000, -0.000000, 0.000000, 1.000000),

              ["LeftFoot"] = CFrame.new(0.000000, 0.012902, -0.000003, 0.999874, 0.012144, 0.010226, -0.013030, 0.995713, 0.091580, -0.009069, -0.091699, 0.995745),

              ["LeftHand"] = CFrame.new(0.000491, 0.014437, 0.000000, 0.995500, -0.082182, 0.047186, 0.060111, 0.932554, 0.355993, -0.073259, -0.351551, 0.933297),

              ["LeftLowerArm"] = CFrame.new(-0.000500, 0.078275, 0.024027, 1.000000, -0.000000, -0.000000, 0.000000, 0.754207, -0.656636, 0.000000, 0.656637, 0.754207),

              ["LeftLowerLeg"] = CFrame.new(-0.000000, 0.064864, -0.014650, 1.000000, -0.000000, -0.000000, 0.000000, 0.850026, 0.526737, -0.000000, -0.526741, 0.850028),

              ["LeftUpperArm"] = CFrame.new(-0.557359, -0.055552, 0.472655, -0.188127, 0.090839, -0.977935, -0.084820, 0.990491, 0.108322, 0.978475, 0.103327, -0.178633),

              ["LeftUpperLeg"] = CFrame.new(0.000000, -0.000000, -0.000100, 0.993395, -0.114089, -0.012227, 0.101469, 0.923225, -0.370602, 0.053570, 0.366932, 0.928711),

              ["LowerTorso"] = CFrame.new(-0.065592, -0.101989, 0.089570, 0.995089, 0.087133, 0.046961, -0.086735, 0.996177, -0.010454, -0.047692, 0.006330, 0.998842),

              ["RightFoot"] = CFrame.new(-0.000000, 0.012343, -0.000103, 0.984818, 0.132793, 0.111815, -0.103891, 0.966857, -0.233241, -0.139073, 0.218067, 0.965969),

              ["RightHand"] = CFrame.new(-0.000485, 0.023072, 0.000000, 0.938765, -0.297179, 0.174371, 0.204379, 0.887700, 0.412578, -0.277397, -0.351672, 0.894077),

              ["RightLowerArm"] = CFrame.new(-0.000000, 0.112784, 0.063496, 1.000000, 0.000000, 0.000000, -0.000000, 0.344817, -0.938670, -0.000000, 0.938670, 0.344817),

              ["RightLowerLeg"] = CFrame.new(0.000000, 0.060540, -0.012721, 1.000000, 0.000000, 0.000000, -0.000000, 0.870706, 0.491798, 0.000000, -0.491804, 0.870709),

              ["RightUpperArm"] = CFrame.new(0.179622, -1.277736, 0.478148, 0.314833, -0.638542, -0.702242, 0.934967, 0.336054, 0.113599, 0.163453, -0.692338, 0.702816),

              ["RightUpperLeg"] = CFrame.new(0.000000, -0.000000, -0.000000, 0.969144, -0.240901, -0.052211, 0.216340, 0.932799, -0.288223, 0.118136, 0.268052, 0.956139),

              ["UpperTorso"] = CFrame.new(0.000000, -0.000000, -0.000000, 0.999507, -0.027239, -0.015596, 0.027272, 0.999626, 0.001874, 0.015539, -0.002299, 0.999877)

          }},

          {Time = 0.140, Data = {

              ["Head"] = CFrame.new(-0.000000, 0.000000, 0.000000, 1.000000, -0.000000, 0.000000, 0.000000, 1.000000, -0.000000, -0.000000, 0.000000, 1.000000),

              ["LeftFoot"] = CFrame.new(-0.000000, 0.012822, -0.000003, 0.999875, 0.012071, 0.010164, -0.012968, 0.995538, 0.093467, -0.008990, -0.093585, 0.995570),

              ["LeftHand"] = CFrame.new(0.000491, 0.014225, 0.000000, 0.995595, -0.081311, 0.046677, 0.060034, 0.935289, 0.348758, -0.072013, -0.344416, 0.936050),

              ["LeftLowerArm"] = CFrame.new(-0.000500, 0.077578, 0.023590, 1.000000, -0.000000, -0.000000, 0.000000, 0.758732, -0.651403, 0.000000, 0.651403, 0.758732),

              ["LeftLowerLeg"] = CFrame.new(-0.000000, 0.064435, -0.014430, 1.000000, -0.000000, -0.000000, 0.000000, 0.852267, 0.523103, -0.000000, -0.523107, 0.852269),

              ["LeftUpperArm"] = CFrame.new(-0.557104, -0.055283, 0.472728, -0.187617, 0.089068, -0.978196, -0.084283, 0.990747, 0.106377, 0.978620, 0.102403, -0.178374),

              ["LeftUpperLeg"] = CFrame.new(0.000000, -0.000000, -0.000100, 0.993124, -0.116504, -0.011461, 0.104127, 0.923843, -0.368319, 0.053499, 0.364611, 0.929629),

              ["LowerTorso"] = CFrame.new(-0.065591, -0.101808, 0.089570, 0.994846, 0.089882, 0.046932, -0.089481, 0.995932, -0.010584, -0.047692, 0.006330, 0.998842),

              ["RightFoot"] = CFrame.new(0.000000, 0.012405, -0.000103, 0.984779, 0.132958, 0.111954, -0.103806, 0.966504, -0.234740, -0.139406, 0.219528, 0.965590),

              ["RightHand"] = CFrame.new(-0.000485, 0.022347, -0.000000, 0.961181, -0.237905, 0.139763, 0.162715, 0.897809, 0.409226, -0.222835, -0.370595, 0.901665),

              ["RightLowerArm"] = CFrame.new(-0.000000, 0.109245, 0.056176, 1.000000, 0.000000, 0.000000, -0.000000, 0.420722, -0.907190, -0.000000, 0.907190, 0.420722),

              ["RightLowerLeg"] = CFrame.new(0.000000, 0.060884, -0.012883, 1.000000, 0.000000, 0.000000, -0.000000, 0.869053, 0.494715, 0.000000, -0.494720, 0.869055),

              ["RightUpperArm"] = CFrame.new(0.211011, -1.292274, 0.517766, 0.252054, -0.709065, -0.658555, 0.964042, 0.243209, 0.107114, 0.084216, -0.661873, 0.744870),

              ["RightUpperLeg"] = CFrame.new(0.000000, -0.000000, -0.000000, 0.968493, -0.243754, -0.051043, 0.219187, 0.931598, -0.289952, 0.118229, 0.269646, 0.955679),

              ["UpperTorso"] = CFrame.new(0.000000, -0.000000, 0.000000, 0.999507, -0.027239, -0.015596, 0.027272, 0.999626, 0.001874, 0.015539, -0.002299, 0.999877)

          }},

          {Time = 0.160, Data = {

              ["Head"] = CFrame.new(0.000000, 0.000000, 0.000000, 1.000000, -0.000000, -0.000000, 0.000000, 1.000000, -0.000000, -0.000000, 0.000000, 1.000000),

              ["LeftFoot"] = CFrame.new(-0.000000, 0.012736, -0.000003, 0.999877, 0.011989, 0.010095, -0.012899, 0.995345, 0.095509, -0.008903, -0.095625, 0.995377),

              ["LeftHand"] = CFrame.new(0.000491, 0.013932, -0.000000, 0.995696, -0.080382, 0.046133, 0.059931, 0.938123, 0.341081, -0.070694, -0.336845, 0.938901),

              ["LeftLowerArm"] = CFrame.new(-0.000500, 0.076784, 0.023142, 1.000000, -0.000000, -0.000000, 0.000000, 0.763392, -0.645936, 0.000000, 0.645936, 0.763392),

              ["LeftLowerLeg"] = CFrame.new(0.000000, 0.063970, -0.014194, 1.000000, -0.000000, -0.000000, 0.000000, 0.854673, 0.519163, -0.000000, -0.519167, 0.854675),

              ["LeftUpperArm"] = CFrame.new(-0.556833, -0.054997, 0.472804, -0.187074, 0.087278, -0.978461, -0.083711, 0.991006, 0.104403, 0.978773, 0.101439, -0.178086),

              ["LeftUpperLeg"] = CFrame.new(0.000000, -0.000000, -0.000100, 0.992825, -0.119105, -0.010651, 0.106984, 0.924498, -0.365848, 0.053422, 0.362101, 0.930614),

              ["LowerTorso"] = CFrame.new(-0.065589, -0.101613, 0.089570, 0.994576, 0.092839, 0.046900, -0.092435, 0.995661, -0.010723, -0.047692, 0.006330, 0.998842),

              ["RightFoot"] = CFrame.new(0.000000, 0.012473, -0.000103, 0.984738, 0.133139, 0.112106, -0.103717, 0.966122, -0.236344, -0.139766, 0.221092, 0.965181),

              ["RightHand"] = CFrame.new(-0.000486, 0.021151, -0.000000, 0.977603, -0.181375, 0.106753, 0.126804, 0.912452, 0.389044, -0.167969, -0.366790, 0.915013),

              ["RightLowerArm"] = CFrame.new(-0.000000, 0.103971, 0.047836, 1.000000, 0.000000, 0.000000, -0.000000, 0.507273, -0.861786, -0.000000, 0.861786, 0.507273),

              ["RightLowerLeg"] = CFrame.new(0.000000, 0.061252, -0.013058, 1.000000, 0.000000, 0.000000, -0.000000, 0.867270, 0.497833, 0.000000, -0.497838, 0.867273),

              ["RightUpperArm"] = CFrame.new(0.241380, -1.301013, 0.557685, 0.191317, -0.770045, -0.608629, 0.981519, 0.152859, 0.115132, 0.004378, -0.619407, 0.785058),

              ["RightUpperLeg"] = CFrame.new(0.000000, -0.000000, -0.000000, 0.967782, -0.246822, -0.049778, 0.222253, 0.930294, -0.291800, 0.118331, 0.271353, 0.955183),

              ["UpperTorso"] = CFrame.new(-0.000000, 0.000000, -0.000000, 0.999507, -0.027239, -0.015596, 0.027272, 0.999626, 0.001874, 0.015539, -0.002299, 0.999877)

          }},

          {Time = 0.180, Data = {

              ["Head"] = CFrame.new(-0.000000, -0.000000, 0.000000, 1.000000, 0.000000, -0.000000, -0.000000, 1.000000, -0.000000, -0.000000, 0.000000, 1.000000),

              ["LeftFoot"] = CFrame.new(0.000000, 0.012644, -0.000003, 0.999879, 0.011901, 0.010021, -0.012823, 0.995137, 0.097667, -0.008810, -0.097782, 0.995169),

              ["LeftHand"] = CFrame.new(0.000491, 0.013622, -0.000000, 0.995800, -0.079414, 0.045567, 0.059812, 0.941043, 0.332960, -0.069321, -0.328833, 0.941839),

              ["LeftLowerArm"] = CFrame.new(-0.000500, 0.075937, 0.022670, 1.000000, -0.000000, -0.000000, 0.000000, 0.768299, -0.640090, 0.000000, 0.640091, 0.768300),

              ["LeftLowerLeg"] = CFrame.new(0.000000, 0.063476, -0.013947, 1.000000, -0.000000, -0.000000, 0.000000, 0.857196, 0.514987, -0.000000, -0.514991, 0.857198),

              ["LeftUpperArm"] = CFrame.new(-0.556552, -0.054700, 0.472883, -0.186512, 0.085340, -0.978739, -0.083117, 0.991278, 0.102273, 0.978931, 0.100425, -0.177792),

              ["LeftUpperLeg"] = CFrame.new(0.000000, -0.000000, -0.000100, 0.992501, -0.121842, -0.009815, 0.109986, 0.925177, -0.363233, 0.053338, 0.359447, 0.931647),

              ["LowerTorso"] = CFrame.new(-0.065587, -0.101408, 0.089570, 0.994282, 0.095950, 0.046866, -0.095542, 0.995366, -0.010870, -0.047692, 0.006330, 0.998842),

              ["RightFoot"] = CFrame.new(-0.000000, 0.012543, -0.000103, 0.984693, 0.133332, 0.112268, -0.103626, 0.965720, -0.238022, -0.140147, 0.222728, 0.964749),

              ["RightHand"] = CFrame.new(-0.000487, 0.019449, -0.000000, 0.988087, -0.132527, 0.078231, 0.096833, 0.930497, 0.353272, -0.119611, -0.341485, 0.932244),

              ["RightLowerArm"] = CFrame.new(-0.000000, 0.096859, 0.039175, 1.000000, 0.000000, 0.000000, -0.000000, 0.597147, -0.802132, -0.000000, 0.802132, 0.597147),

              ["RightLowerLeg"] = CFrame.new(0.000000, 0.061636, -0.013242, 1.000000, 0.000000, 0.000000, -0.000000, 0.865392, 0.501090, 0.000000, -0.501095, 0.865395),

              ["RightUpperArm"] = CFrame.new(0.268821, -1.304376, 0.594347, 0.136435, -0.819780, -0.556189, 0.988247, 0.073555, 0.134006, -0.068944, -0.567935, 0.820181),

              ["RightUpperLeg"] = CFrame.new(0.000000, -0.000000, -0.000000, 0.967022, -0.250045, -0.048438, 0.225478, 0.928910, -0.293728, 0.118440, 0.273138, 0.954661),

              ["UpperTorso"] = CFrame.new(-0.000000, 0.000000, 0.000000, 0.999507, -0.027239, -0.015596, 0.027272, 0.999626, 0.001874, 0.015539, -0.002299, 0.999877)

          }},

          {Time = 0.200, Data = {

              ["Head"] = CFrame.new(-0.000000, 0.000000, 0.000000, 1.000000, -0.000000, -0.000000, 0.000000, 1.000000, -0.000000, -0.000000, 0.000000, 1.000000),

              ["LeftFoot"] = CFrame.new(-0.000000, 0.012550, -0.000003, 0.999881, 0.011807, 0.009942, -0.012742, 0.994916, 0.099906, -0.008712, -0.100018, 0.994947),

              ["LeftHand"] = CFrame.new(0.000491, 0.013300, -0.000000, 0.995904, -0.078427, 0.044989, 0.059678, 0.943988, 0.324541, -0.067921, -0.320523, 0.944801),

              ["LeftLowerArm"] = CFrame.new(-0.000500, 0.075053, 0.022184, 1.000000, -0.000000, -0.000000, 0.000000, 0.773361, -0.633965, 0.000000, 0.633965, 0.773362),

              ["LeftLowerLeg"] = CFrame.new(-0.000000, 0.062964, -0.013692, 1.000000, -0.000000, -0.000000, 0.000000, 0.859789, 0.510645, -0.000000, -0.510649, 0.859792),

              ["LeftUpperArm"] = CFrame.new(-0.556266, -0.054398, 0.472963, -0.185940, 0.083283, -0.979025, -0.082514, 0.991558, 0.100022, 0.979090, 0.099381, -0.177498),

              ["LeftUpperLeg"] = CFrame.new(0.000000, -0.000000, -0.000100, 0.992158, -0.124665, -0.008970, 0.113076, 0.925866, -0.360519, 0.053250, 0.356695, 0.932709),

              ["LowerTorso"] = CFrame.new(-0.065583, -0.101197, 0.089570, 0.993969, 0.099155, 0.046831, -0.098744, 0.995052, -0.011021, -0.047692, 0.006330, 0.998842),

              ["RightFoot"] = CFrame.new(0.000000, 0.012615, -0.000103, 0.984646, 0.133534, 0.112438, -0.103535, 0.965304, -0.239742, -0.140542, 0.224403, 0.964304),

              ["RightHand"] = CFrame.new(-0.000489, 0.017112, 0.000000, 0.993828, -0.095428, 0.056571, 0.073736, 0.949223, 0.305843, -0.082884, -0.299781, 0.950400),

              ["RightLowerArm"] = CFrame.new(0.000000, 0.088142, 0.031087, 1.000000, 0.000000, 0.000000, -0.000000, 0.681053, -0.732233, -0.000000, 0.732234, 0.681054),

              ["RightLowerLeg"] = CFrame.new(-0.000000, 0.062030, -0.013433, 1.000000, 0.000000, 0.000000, -0.000000, 0.863454, 0.504424, 0.000000, -0.504428, 0.863456),

              ["RightUpperArm"] = CFrame.new(0.291961, -1.303994, 0.624585, 0.090154, -0.858185, -0.505362, 0.987483, 0.011085, 0.157337, -0.129422, -0.513221, 0.848442),

              ["RightUpperLeg"] = CFrame.new(0.000000, -0.000000, -0.000000, 0.966227, -0.253363, -0.047046, 0.228803, 0.927470, -0.295701, 0.118554, 0.274967, 0.954122),

              ["UpperTorso"] = CFrame.new(0.000000, -0.000000, 0.000000, 0.999507, -0.027239, -0.015596, 0.027272, 0.999626, 0.001874, 0.015539, -0.002299, 0.999877)

          }},

          {Time = 0.220, Data = {

              ["Head"] = CFrame.new(-0.000000, -0.000000, 0.000000, 1.000000, -0.000000, -0.000000, 0.000000, 1.000000, 0.000000, 0.000000, -0.000000, 1.000000),

              ["LeftFoot"] = CFrame.new(-0.000000, 0.012454, -0.000003, 0.999883, 0.011710, 0.009860, -0.012656, 0.994685, 0.102183, -0.008611, -0.102293, 0.994717),

              ["LeftHand"] = CFrame.new(0.000491, 0.012972, -0.000000, 0.996008, -0.077437, 0.044409, 0.059531, 0.946902, 0.315967, -0.066518, -0.312059, 0.947730),

              ["LeftLowerArm"] = CFrame.new(-0.000500, 0.074145, 0.021690, 1.000000, -0.000000, -0.000000, 0.000000, 0.778490, -0.627657, 0.000000, 0.627657, 0.778490),

              ["LeftLowerLeg"] = CFrame.new(-0.000000, 0.062441, -0.013435, 1.000000, -0.000000, -0.000000, 0.000000, 0.862405, 0.506214, -0.000000, -0.506219, 0.862408),

              ["LeftUpperArm"] = CFrame.new(-0.555980, -0.054097, 0.473042, -0.185369, 0.081139, -0.979313, -0.081911, 0.991841, 0.097682, 0.979249, 0.098324, -0.177211),

              ["LeftUpperLeg"] = CFrame.new(-0.000000, -0.000000, -0.000100, 0.991802, -0.127523, -0.008133, 0.116200, 0.926551, -0.357755, 0.053158, 0.353894, 0.933780),

              ["LowerTorso"] = CFrame.new(-0.065579, -0.100983, 0.089570, 0.993642, 0.102400, 0.046795, -0.101985, 0.994723, -0.011173, -0.047692, 0.006330, 0.998842),

              ["RightFoot"] = CFrame.new(-0.000000, 0.012688, -0.000103, 0.984598, 0.133741, 0.112612, -0.103445, 0.964882, -0.241474, -0.140944, 0.226089, 0.963851),

              ["RightHand"] = CFrame.new(-0.000491, 0.014427, 0.000000, 0.996456, -0.072270, 0.043054, 0.059178, 0.965967, 0.251807, -0.059786, -0.248364, 0.966819),

              ["RightLowerArm"] = CFrame.new(0.000000, 0.078698, 0.024239, 1.000000, 0.000000, 0.000000, -0.000000, 0.752010, -0.659151, -0.000000, 0.659151, 0.752011),

              ["RightLowerLeg"] = CFrame.new(0.000000, 0.062426, -0.013625, 1.000000, 0.000000, 0.000000, -0.000000, 0.861487, 0.507774, 0.000000, -0.507779, 0.861490),

              ["RightUpperArm"] = CFrame.new(0.310173, -1.301972, 0.646421, 0.053730, -0.886650, -0.459310, 0.983439, -0.032748, 0.178259, -0.173095, -0.461281, 0.870206),

              ["RightUpperLeg"] = CFrame.new(0.000000, -0.000000, -0.000000, 0.965409, -0.256717, -0.045627, 0.232169, 0.925999, -0.297681, 0.118672, 0.276809, 0.953574),

              ["UpperTorso"] = CFrame.new(-0.000000, 0.000000, 0.000000, 0.999507, -0.027239, -0.015596, 0.027272, 0.999626, 0.001874, 0.015539, -0.002299, 0.999877)

          }},

          {Time = 0.240, Data = {

              ["Head"] = CFrame.new(-0.000000, -0.000000, 0.000000, 1.000000, 0.000000, -0.000000, 0.000000, 1.000000, 0.000000, 0.000000, -0.000000, 1.000000),

              ["LeftFoot"] = CFrame.new(0.000000, 0.012358, -0.000003, 0.999885, 0.011610, 0.009776, -0.012568, 0.994450, 0.104462, -0.008508, -0.104570, 0.994481),

              ["LeftHand"] = CFrame.new(0.000492, 0.012675, -0.000000, 0.996108, -0.076462, 0.043839, 0.059379, 0.949754, 0.307317, -0.065133, -0.303515, 0.950597),

              ["LeftLowerArm"] = CFrame.new(-0.000500, 0.073243, 0.021187, 1.000000, -0.000000, -0.000000, 0.000000, 0.783692, -0.621150, 0.000000, 0.621150, 0.783692),

              ["LeftLowerLeg"] = CFrame.new(0.000000, 0.061916, -0.013181, 1.000000, -0.000000, -0.000000, 0.000000, 0.864999, 0.501769, -0.000000, -0.501774, 0.865002),

              ["LeftUpperArm"] = CFrame.new(-0.555700, -0.053802, 0.473120, -0.184810, 0.078865, -0.979605, -0.081319, 0.992130, 0.095215, 0.979404, 0.097257, -0.176942),

              ["LeftUpperLeg"] = CFrame.new(0.000000, -0.000000, -0.000100, 0.991439, -0.130368, -0.007319, 0.119304, 0.927221, -0.354986, 0.053065, 0.351091, 0.934843),

              ["LowerTorso"] = CFrame.new(-0.065575, -0.100770, 0.089570, 0.993306, 0.105626, 0.046758, -0.105207, 0.994386, -0.011325, -0.047692, 0.006330, 0.998842),

              ["RightFoot"] = CFrame.new(-0.000000, 0.012760, -0.000103, 0.984550, 0.133950, 0.112788, -0.103359, 0.964461, -0.243186, -0.141346, 0.227754, 0.963400),

              ["RightHand"] = CFrame.new(-0.000492, 0.011454, -0.000000, 0.997394, -0.061925, 0.037023, 0.053541, 0.979239, 0.195513, -0.048361, -0.193019, 0.980002),

              ["RightLowerArm"] = CFrame.new(0.000000, 0.069116, 0.018765, 1.000000, 0.000000, 0.000000, -0.000000, 0.808655, -0.588283, -0.000000, 0.588284, 0.808655),

              ["RightLowerLeg"] = CFrame.new(0.000000, 0.062816, -0.013818, 1.000000, 0.000000, 0.000000, -0.000000, 0.859530, 0.511081, 0.000000, -0.511086, 0.859532),

              ["RightUpperArm"] = CFrame.new(0.323704, -1.299903, 0.660198, 0.026670, -0.907800, -0.418555, 0.979300, -0.060315, 0.193217, -0.200648, -0.415044, 0.887400),

              ["RightUpperLeg"] = CFrame.new(0.000000, 0.000000, -0.000000, 0.964583, -0.260049, -0.044207, 0.235517, 0.924522, -0.299634, 0.118790, 0.278629, 0.953029),

              ["UpperTorso"] = CFrame.new(0.000000, 0.000000, 0.000000, 0.999507, -0.027239, -0.015596, 0.027272, 0.999626, 0.001874, 0.015539, -0.002299, 0.999877)

          }},

          {Time = 0.260, Data = {

              ["Head"] = CFrame.new(-0.000000, 0.000000, 0.000000, 1.000000, -0.000000, -0.000000, 0.000000, 1.000000, -0.000000, 0.000000, 0.000000, 1.000000),

              ["LeftFoot"] = CFrame.new(0.000000, 0.012263, -0.000003, 0.999887, 0.011509, 0.009691, -0.012478, 0.994213, 0.106701, -0.008407, -0.106806, 0.994244),

              ["LeftHand"] = CFrame.new(0.000492, 0.012401, -0.000000, 0.996204, -0.075519, 0.043287, 0.059223, 0.952488, 0.298766, -0.063792, -0.295066, 0.953344),

              ["LeftLowerArm"] = CFrame.new(-0.000500, 0.072356, 0.020690, 1.000000, -0.000000, -0.000000, 0.000000, 0.788839, -0.614599, 0.000000, 0.614600, 0.788839),

              ["LeftLowerLeg"] = CFrame.new(0.000000, 0.061399, -0.012933, 1.000000, -0.000000, -0.000000, 0.000000, 0.867524, 0.497390, -0.000000, -0.497395, 0.867527),

              ["LeftUpperArm"] = CFrame.new(-0.555431, -0.053517, 0.473194, -0.184271, 0.076527, -0.979892, -0.080749, 0.992415, 0.092691, 0.979553, 0.096206, -0.176693),

              ["LeftUpperLeg"] = CFrame.new(-0.000000, -0.000000, -0.000100, 0.991075, -0.133148, -0.006541, 0.122332, 0.927864, -0.352265, 0.052973, 0.348338, 0.935878),

              ["LowerTorso"] = CFrame.new(-0.065569, -0.100563, 0.089570, 0.992968, 0.108777, 0.046722, -0.108355, 0.994046, -0.011473, -0.047692, 0.006330, 0.998842),

              ["RightFoot"] = CFrame.new(-0.000000, 0.012830, -0.000103, 0.984502, 0.134157, 0.112963, -0.103276, 0.964049, -0.244851, -0.141741, 0.229372, 0.962958),

              ["RightHand"] = CFrame.new(-0.000493, 0.009770, 0.000000, 0.997350, -0.062443, 0.037337, 0.056865, 0.989171, 0.135306, -0.045381, -0.132822, 0.990100),

              ["RightLowerArm"] = CFrame.new(-0.000000, 0.060392, 0.014023, 1.000000, 0.000000, 0.000000, -0.000000, 0.857192, -0.514996, -0.000000, 0.514996, 0.857192),

              ["RightLowerLeg"] = CFrame.new(-0.000000, 0.063195, -0.014006, 1.000000, 0.000000, 0.000000, -0.000000, 0.857613, 0.514291, 0.000000, -0.514295, 0.857616),

              ["RightUpperArm"] = CFrame.new(0.332863, -1.298634, 0.666956, 0.008350, -0.925693, -0.378184, 0.976762, -0.073448, 0.201348, -0.214163, -0.371077, 0.903568),

              ["RightUpperLeg"] = CFrame.new(0.000000, -0.000000, -0.000000, 0.963764, -0.263300, -0.042809, 0.238789, 0.923066, -0.301528, 0.118909, 0.280397, 0.952496),

              ["UpperTorso"] = CFrame.new(-0.000000, -0.000000, 0.000000, 0.999507, -0.027239, -0.015596, 0.027272, 0.999626, 0.001874, 0.015539, -0.002299, 0.999877)

          }},

          {Time = 0.280, Data = {

              ["Head"] = CFrame.new(0.000000, -0.000000, -0.000000, 1.000000, 0.000000, 0.000000, -0.000000, 1.000000, 0.000000, 0.000000, -0.000000, 1.000000),

              ["LeftFoot"] = CFrame.new(-0.000000, 0.012172, -0.000003, 0.999889, 0.011411, 0.009608, -0.012389, 0.993981, 0.108859, -0.008308, -0.108962, 0.994011),

              ["LeftHand"] = CFrame.new(0.000492, 0.012139, -0.000000, 0.996295, -0.074623, 0.042762, 0.059064, 0.955044, 0.290523, -0.062519, -0.286918, 0.955912),

              ["LeftLowerArm"] = CFrame.new(-0.000500, 0.071494, 0.020212, 1.000000, -0.000000, -0.000000, 0.000000, 0.793773, -0.608214, 0.000000, 0.608215, 0.793773),

              ["LeftLowerLeg"] = CFrame.new(-0.000000, 0.060900, -0.012696, 1.000000, -0.000000, -0.000000, 0.000000, 0.869936, 0.493159, -0.000000, -0.493164, 0.869939),

              ["LeftUpperArm"] = CFrame.new(-0.555176, -0.053246, 0.473264, -0.183761, 0.074228, -0.980164, -0.080210, 0.992687, 0.090214, 0.979693, 0.095197, -0.176463),

              ["LeftUpperLeg"] = CFrame.new(0.000000, -0.000000, -0.000100, 0.990717, -0.135814, -0.005812, 0.125230, 0.928471, -0.349640, 0.052882, 0.345683, 0.936866),

              ["LowerTorso"] = CFrame.new(-0.065564, -0.100363, 0.089570, 0.992634, 0.111796, 0.046687, -0.111371, 0.993711, -0.011615, -0.047692, 0.006330, 0.998842),

              ["RightFoot"] = CFrame.new(-0.000000, 0.012896, -0.000103, 0.984455, 0.134358, 0.113132, -0.103200, 0.963653, -0.246437, -0.142122, 0.230914, 0.962533),

              ["RightHand"] = CFrame.new(-0.000495, 0.008554, 0.000000, 0.996484, -0.071965, 0.042913, 0.068648, 0.994869, 0.074318, -0.048041, -0.071110, 0.996311),

              ["RightLowerArm"] = CFrame.new(0.000000, 0.052166, 0.010156, 1.000000, 0.000000, 0.000000, -0.000000, 0.896610, -0.442821, -0.000000, 0.442821, 0.896610),

              ["RightLowerLeg"] = CFrame.new(0.000000, 0.063555, -0.014186, 1.000000, 0.000000, 0.000000, -0.000000, 0.855774, 0.517345, 0.000000, -0.517349, 0.855777),

              ["RightUpperArm"] = CFrame.new(0.337795, -1.298470, 0.667779, -0.001512, -0.940853, -0.338813, 0.976434, -0.074508, 0.202545, -0.215809, -0.330522, 0.918793),

              ["RightUpperLeg"] = CFrame.new(0.000000, -0.000000, -0.000000, 0.962967, -0.266412, -0.041460, 0.241925, 0.921658, -0.303328, 0.119023, 0.282083, 0.951984),

              ["UpperTorso"] = CFrame.new(-0.000000, -0.000000, 0.000000, 0.999507, -0.027239, -0.015596, 0.027272, 0.999626, 0.001874, 0.015539, -0.002299, 0.999877)

          }},

          {Time = 0.300, Data = {

              ["Head"] = CFrame.new(-0.000000, 0.000000, 0.000000, 1.000000, 0.000000, 0.000000, 0.000000, 1.000000, 0.000000, 0.000000, -0.000000, 1.000000),

              ["LeftFoot"] = CFrame.new(0.000000, 0.012086, -0.000003, 0.999891, 0.011316, 0.009528, -0.012303, 0.993757, 0.110893, -0.008214, -0.110995, 0.993787),

              ["LeftHand"] = CFrame.new(0.000492, 0.011921, -0.000000, 0.996377, -0.073791, 0.042275, 0.058911, 0.957408, 0.282667, -0.061332, -0.279150, 0.958286),

              ["LeftLowerArm"] = CFrame.new(-0.000500, 0.070689, 0.019754, 1.000000, -0.000000, -0.000000, 0.000000, 0.798503, -0.601991, 0.000000, 0.601992, 0.798503),

              ["LeftLowerLeg"] = CFrame.new(-0.000000, 0.060428, -0.012475, 1.000000, -0.000000, -0.000000, 0.000000, 0.872191, 0.489160, -0.000000, -0.489165, 0.872194),

              ["LeftUpperArm"] = CFrame.new(-0.554940, -0.052996, 0.473329, -0.183289, 0.071932, -0.980424, -0.079710, 0.992948, 0.087752, 0.979822, 0.094234, -0.176262),

