return {
["stab"] = {

          {Time = 0.000, Data = {

              ["Head"] = CFrame.new(0.000000, 0.000000, -0.000000, 0.975898, -0.025046, 0.216786, 0.071119, 0.975661, -0.207433, -0.206314, 0.217851, 0.953926),

              ["LeftFoot"] = CFrame.new(0.000000, 0.023468, -0.000002, 0.997574, -0.053248, -0.044836, 0.048397, 0.993492, -0.103120, 0.050033, 0.100690, 0.993658),

              ["LeftHand"] = CFrame.new(0.000484, 0.024898, 0.000000, 0.909339, -0.359312, 0.209755, 0.405060, 0.879704, -0.249095, -0.095019, 0.311474, 0.945492),

              ["LeftLowerArm"] = CFrame.new(-0.000499, 0.118918, 0.084910, 1.000000, -0.000000, 0.000000, 0.000000, 0.122473, -0.992472, 0.000000, 0.992472, 0.122473),

              ["LeftLowerLeg"] = CFrame.new(-0.000000, 0.099412, -0.037100, 1.000000, -0.000000, -0.000000, 0.000000, 0.617761, 0.786371, -0.000000, -0.786366, 0.617754),

              ["LeftUpperArm"] = CFrame.new(0.157038, -0.110217, -0.119496, 0.945670, 0.156711, 0.284868, -0.220434, 0.953084, 0.207460, -0.238992, -0.258983, 0.935847),

              ["LeftUpperLeg"] = CFrame.new(-0.000000, -0.000000, -0.000100, 0.909779, 0.414102, 0.028656, -0.162126, 0.418023, -0.893844, -0.382122, 0.808564, 0.447462),

              ["LowerTorso"] = CFrame.new(-0.062349, -0.268351, 0.589451, 0.936041, -0.126397, -0.328407, 0.217894, 0.941013, 0.258875, 0.276314, -0.313875, 0.908368),

              ["RightFoot"] = CFrame.new(0.000000, 0.005483, -0.000103, 0.967144, 0.194477, 0.163754, -0.108265, 0.897820, -0.426866, -0.230023, 0.395092, 0.889365),

              ["RightHand"] = CFrame.new(-0.000490, 0.014635, 0.000000, 0.949416, 0.271280, -0.158169, -0.305242, 0.678987, -0.667689, -0.073735, 0.682191, 0.727444),

              ["RightLowerArm"] = CFrame.new(-0.000000, 0.079446, 0.024734, 1.000000, 0.000000, 0.000000, -0.000000, 0.746896, -0.664940, -0.000000, 0.664941, 0.746896),

              ["RightLowerLeg"] = CFrame.new(0.000000, 0.023321, -0.001596, 1.000000, 0.000000, -0.000000, -0.000000, 0.983619, 0.180243, 0.000000, -0.180260, 0.983622),

              ["RightUpperArm"] = CFrame.new(-0.258927, -0.178885, 0.050174, 0.928403, -0.367697, -0.053546, 0.357769, 0.845659, 0.396059, -0.100348, -0.386859, 0.916662),

              ["RightUpperLeg"] = CFrame.new(0.000000, -0.000000, -0.000000, 0.992907, -0.002267, 0.118874, 0.009364, 0.998203, -0.059171, -0.118527, 0.059876, 0.991145),

              ["UpperTorso"] = CFrame.new(-0.000000, 0.000000, 0.000000, 0.976849, 0.199929, 0.076125, -0.204277, 0.977404, 0.054331, -0.063543, -0.068624, 0.995617)

          }},

          {Time = 0.017, Data = {

              ["Head"] = CFrame.new(0.000000, -0.000000, -0.000000, 0.976869, -0.025195, 0.212351, 0.070025, 0.975972, -0.206336, -0.202050, 0.216433, 0.955161),

              ["LeftFoot"] = CFrame.new(0.000000, 0.023426, -0.000002, 0.997664, -0.052258, -0.044002, 0.047643, 0.993836, -0.100111, 0.048960, 0.097771, 0.994003),

              ["LeftHand"] = CFrame.new(0.000484, 0.024870, 0.000000, 0.911947, -0.354352, 0.206854, 0.399310, 0.882410, -0.248807, -0.094363, 0.309496, 0.946207),

              ["LeftLowerArm"] = CFrame.new(-0.000499, 0.118866, 0.084617, 1.000000, -0.000000, 0.000000, 0.000000, 0.125524, -0.992091, 0.000000, 0.992091, 0.125524),

              ["LeftLowerLeg"] = CFrame.new(-0.000000, 0.099292, -0.036992, 1.000000, -0.000000, -0.000000, 0.000000, 0.618888, 0.785485, -0.000000, -0.785479, 0.618881),

              ["LeftUpperArm"] = CFrame.new(0.158290, -0.109937, -0.114697, 0.948173, 0.158913, 0.275161, -0.219875, 0.953289, 0.207111, -0.229395, -0.256878, 0.938824),

              ["LeftUpperLeg"] = CFrame.new(-0.000000, 0.000000, -0.000100, 0.912344, 0.408456, 0.028124, -0.161103, 0.421280, -0.892498, -0.376395, 0.809745, 0.450173),

              ["LowerTorso"] = CFrame.new(-0.063093, -0.270248, 0.586877, 0.937765, -0.125747, -0.323705, 0.214671, 0.942613, 0.255728, 0.272971, -0.309303, 0.910944),

              ["RightFoot"] = CFrame.new(0.000000, 0.005675, -0.000103, 0.966766, 0.195574, 0.164678, -0.107327, 0.895038, -0.432904, -0.232043, 0.400822, 0.886271),

              ["RightHand"] = CFrame.new(-0.000489, 0.015984, 0.000000, 0.950770, 0.269729, -0.152591, -0.303056, 0.706348, -0.639714, -0.064767, 0.654461, 0.753314),

              ["RightLowerArm"] = CFrame.new(-0.000000, 0.084134, 0.027993, 1.000000, 0.000000, 0.000000, -0.000000, 0.713147, -0.701014, -0.000000, 0.701014, 0.713148),

              ["RightLowerLeg"] = CFrame.new(0.000000, 0.024282, -0.001740, 1.000000, 0.000000, 0.000000, -0.000000, 0.982154, 0.188060, 0.000000, -0.188076, 0.982158),

              ["RightUpperArm"] = CFrame.new(-0.260099, -0.176407, 0.048043, 0.930747, -0.360485, -0.061325, 0.352814, 0.841251, 0.409657, -0.096085, -0.402923, 0.910176),

              ["RightUpperLeg"] = CFrame.new(-0.000000, -0.000000, -0.000000, 0.993533, -0.005443, 0.113414, 0.011848, 0.998367, -0.055871, -0.112925, 0.056865, 0.991976),

              ["UpperTorso"] = CFrame.new(-0.000000, 0.000000, -0.000000, 0.977257, 0.197841, 0.076339, -0.202414, 0.977602, 0.057643, -0.063225, -0.071784, 0.995414)

          }},

          {Time = 0.033, Data = {

              ["Head"] = CFrame.new(0.000000, 0.000000, 0.000000, 0.979517, -0.025584, 0.199727, 0.066945, 0.976848, -0.203189, -0.189905, 0.212398, 0.958553),

              ["LeftFoot"] = CFrame.new(-0.000000, 0.023300, -0.000002, 0.997907, -0.049467, -0.041652, 0.045497, 0.994775, -0.091405, 0.045953, 0.089309, 0.994942),

              ["LeftHand"] = CFrame.new(0.000484, 0.024790, 0.000000, 0.919013, -0.340472, 0.198733, 0.383211, 0.889860, -0.247587, -0.092547, 0.303690, 0.948265),

              ["LeftLowerArm"] = CFrame.new(-0.000499, 0.118715, 0.083781, 1.000000, -0.000000, 0.000000, 0.000000, 0.134223, -0.990951, 0.000000, 0.990951, 0.134222),

              ["LeftLowerLeg"] = CFrame.new(0.000000, 0.098930, -0.036669, 1.000000, -0.000000, -0.000000, 0.000000, 0.622256, 0.782819, -0.000000, -0.782813, 0.622250),

              ["LeftUpperArm"] = CFrame.new(0.161535, -0.109167, -0.101178, 0.954664, 0.165051, 0.247742, -0.218334, 0.953923, 0.205820, -0.202356, -0.250579, 0.946711),

              ["LeftUpperLeg"] = CFrame.new(0.000000, -0.000000, -0.000100, 0.919449, 0.392309, 0.026602, -0.157989, 0.430514, -0.888640, -0.360075, 0.812866, 0.457833),

              ["LowerTorso"] = CFrame.new(-0.065241, -0.275597, 0.579600, 0.942557, -0.123743, -0.310280, 0.205552, 0.947033, 0.246731, 0.263315, -0.296337, 0.918069),

              ["RightFoot"] = CFrame.new(-0.000000, 0.006181, -0.000103, 0.965630, 0.198833, 0.167421, -0.104745, 0.887143, -0.449471, -0.237881, 0.416465, 0.877466),

              ["RightHand"] = CFrame.new(-0.000488, 0.019106, 0.000000, 0.954774, 0.264098, -0.136599, -0.294479, 0.776423, -0.557183, -0.041093, 0.572206, 0.819077),

              ["RightLowerArm"] = CFrame.new(0.000000, 0.095226, 0.037404, 1.000000, 0.000000, 0.000000, -0.000000, 0.615477, -0.788155, -0.000000, 0.788155, 0.615477),

              ["RightLowerLeg"] = CFrame.new(-0.000000, 0.026846, -0.002160, 1.000000, 0.000000, -0.000000, -0.000000, 0.977911, 0.209005, 0.000000, -0.209021, 0.977915),

              ["RightUpperArm"] = CFrame.new(-0.263404, -0.168975, 0.042286, 0.937357, -0.339274, -0.079094, 0.337951, 0.830453, 0.442874, -0.084572, -0.441861, 0.893088),

              ["RightUpperLeg"] = CFrame.new(-0.000000, -0.000000, -0.000000, 0.995113, -0.014637, 0.097651, 0.019199, 0.998759, -0.045936, -0.096858, 0.047599, 0.994160),

              ["UpperTorso"] = CFrame.new(0.000000, 0.000000, -0.000000, 0.978398, 0.191904, 0.076879, -0.197111, 0.978086, 0.067043, -0.062329, -0.080748, 0.994784)

          }},

          {Time = 0.050, Data = {

              ["Head"] = CFrame.new(-0.000000, 0.000000, -0.000000, 0.983338, -0.026086, 0.179903, 0.062206, 0.978190, -0.198179, -0.170810, 0.206068, 0.963514),

              ["LeftFoot"] = CFrame.new(0.000000, 0.023084, -0.000002, 0.998255, -0.045171, -0.038036, 0.042130, 0.996117, -0.077314, 0.041378, 0.075569, 0.996281),

              ["LeftHand"] = CFrame.new(0.000484, 0.024666, -0.000000, 0.929104, -0.319403, 0.186405, 0.358745, 0.900838, -0.244528, -0.089816, 0.294063, 0.951556),

              ["LeftLowerArm"] = CFrame.new(-0.000499, 0.118462, 0.082468, 1.000000, -0.000000, 0.000000, 0.000000, 0.147881, -0.989005, 0.000000, 0.989005, 0.147881),

              ["LeftLowerLeg"] = CFrame.new(0.000000, 0.098303, -0.036115, 1.000000, -0.000000, -0.000000, 0.000000, 0.628026, 0.778197, -0.000000, -0.778192, 0.628020),

              ["LeftUpperArm"] = CFrame.new(0.165726, -0.108049, -0.080381, 0.963046, 0.174262, 0.205367, -0.216098, 0.955040, 0.202977, -0.160763, -0.239855, 0.957405),

              ["LeftUpperLeg"] = CFrame.new(-0.000000, -0.000000, -0.000100, 0.930009, 0.366740, 0.024178, -0.152505, 0.444895, -0.882493, -0.334403, 0.817049, 0.469703),

              ["LowerTorso"] = CFrame.new(-0.068700, -0.283856, 0.568325, 0.949735, -0.120142, -0.289085, 0.191393, 0.953583, 0.232484, 0.247735, -0.276127, 0.928645),

              ["RightFoot"] = CFrame.new(0.000000, 0.006855, -0.000103, 0.963650, 0.204376, 0.172089, -0.101004, 0.874967, -0.473552, -0.247339, 0.438934, 0.863790),

              ["RightHand"] = CFrame.new(-0.000485, 0.021789, -0.000000, 0.961474, 0.251294, -0.111441, -0.274752, 0.865393, -0.419057, -0.008867, 0.433528, 0.901095),

              ["RightLowerArm"] = CFrame.new(-0.000000, 0.106901, 0.052256, 1.000000, 0.000000, 0.000000, -0.000000, 0.461435, -0.887174, -0.000000, 0.887174, 0.461436),

              ["RightLowerLeg"] = CFrame.new(0.000000, 0.030342, -0.002811, 1.000000, 0.000000, 0.000000, -0.000000, 0.971319, 0.237765, 0.000000, -0.237780, 0.971323),

              ["RightUpperArm"] = CFrame.new(-0.268475, -0.156149, 0.034339, 0.947499, -0.305159, -0.095519, 0.312296, 0.818973, 0.481409, -0.068678, -0.485965, 0.871276),

              ["RightUpperLeg"] = CFrame.new(-0.000000, -0.000000, -0.000000, 0.996957, -0.029463, 0.072166, 0.031597, 0.999091, -0.028600, -0.071258, 0.030807, 0.996983),

              ["UpperTorso"] = CFrame.new(-0.000000, 0.000000, -0.000000, 0.980124, 0.182606, 0.077532, -0.188789, 0.978611, 0.081723, -0.060951, -0.094736, 0.993635)

          }},

          {Time = 0.067, Data = {

              ["Head"] = CFrame.new(-0.000000, 0.000000, 0.000000, 0.987736, -0.026545, 0.153858, 0.056159, 0.979890, -0.191471, -0.145681, 0.197763, 0.969364),

              ["LeftFoot"] = CFrame.new(-0.000000, 0.022766, -0.000002, 0.998652, -0.039699, -0.033428, 0.037716, 0.997603, -0.058024, 0.035649, 0.056678, 0.997755),

              ["LeftHand"] = CFrame.new(0.000484, 0.024546, -0.000000, 0.940666, -0.293093, 0.171008, 0.328157, 0.913994, -0.238597, -0.086368, 0.280556, 0.955943),

              ["LeftLowerArm"] = CFrame.new(-0.000500, 0.118122, 0.080738, 1.000000, -0.000000, 0.000000, 0.000000, 0.165845, -0.986152, 0.000000, 0.986152, 0.165845),

              ["LeftLowerLeg"] = CFrame.new(0.000000, 0.097370, -0.035301, 1.000000, -0.000000, -0.000000, 0.000000, 0.636491, 0.771289, -0.000000, -0.771284, 0.636485),

              ["LeftUpperArm"] = CFrame.new(0.169684, -0.106785, -0.053906, 0.970961, 0.185515, 0.151062, -0.213570, 0.956680, 0.197867, -0.107811, -0.224383, 0.968519),

              ["LeftUpperLeg"] = CFrame.new(0.000000, 0.000000, -0.000100, 0.942766, 0.332797, 0.020917, -0.144243, 0.463550, -0.874242, -0.300642, 0.821199, 0.485040),

              ["LowerTorso"] = CFrame.new(-0.073398, -0.294455, 0.553790, 0.958502, -0.114580, -0.261047, 0.173098, 0.961472, 0.213560, 0.226519, -0.249885, 0.941407),

              ["RightFoot"] = CFrame.new(0.000000, 0.007599, -0.000103, 0.960639, 0.212510, 0.178937, -0.096393, 0.859052, -0.502754, -0.260540, 0.465693, 0.845707),

              ["RightHand"] = CFrame.new(-0.000484, 0.023849, 0.000000, 0.970809, 0.226336, -0.079384, -0.238686, 0.944260, -0.226720, 0.023644, 0.239049, 0.970719),

              ["RightLowerArm"] = CFrame.new(-0.000000, 0.115499, 0.070259, 1.000000, 0.000000, 0.000000, -0.000000, 0.274500, -0.961587, -0.000000, 0.961587, 0.274500),

              ["RightLowerLeg"] = CFrame.new(0.000000, 0.034300, -0.003663, 1.000000, 0.000000, 0.000000, -0.000000, 0.962692, 0.270584, -0.000000, -0.270598, 0.962696),

              ["RightUpperArm"] = CFrame.new(-0.274813, -0.137184, 0.026399, 0.960174, -0.261763, -0.097700, 0.274368, 0.817274, 0.506741, -0.052798, -0.513365, 0.856544),

              ["RightUpperLeg"] = CFrame.new(0.000000, -0.000000, -0.000000, 0.998089, -0.049352, 0.037189, 0.049539, 0.998764, -0.004119, -0.036940, 0.005967, 0.999300),

              ["UpperTorso"] = CFrame.new(-0.000000, 0.000000, 0.000000, 0.982275, 0.170432, 0.078034, -0.177855, 0.978874, 0.100863, -0.059195, -0.112954, 0.991835)

          }},

          {Time = 0.083, Data = {

              ["Head"] = CFrame.new(-0.000000, 0.000000, -0.000000, 0.992094, -0.026799, 0.122598, 0.049165, 0.981839, -0.183233, -0.115461, 0.187812, 0.975395),

              ["LeftFoot"] = CFrame.new(-0.000000, 0.022333, -0.000002, 0.999046, -0.033405, -0.028128, 0.032452, 0.998905, -0.033705, 0.029222, 0.032754, 0.999036),

              ["LeftHand"] = CFrame.new(0.000484, 0.024436, -0.000000, 0.952316, -0.263560, 0.153724, 0.293796, 0.928055, -0.228908, -0.082332, 0.263155, 0.961234),

              ["LeftLowerArm"] = CFrame.new(-0.000499, 0.117689, 0.078677, 1.000000, -0.000000, 0.000000, 0.000000, 0.187224, -0.982317, 0.000000, 0.982317, 0.187224),

              ["LeftLowerLeg"] = CFrame.new(0.000000, 0.096079, -0.034199, 1.000000, -0.000000, -0.000000, 0.000000, 0.647955, 0.761683, -0.000000, -0.761679, 0.647949),

              ["LeftUpperArm"] = CFrame.new(0.172355, -0.105633, -0.023442, 0.976304, 0.197664, 0.088090, -0.211265, 0.958767, 0.190089, -0.046884, -0.204194, 0.977807),

              ["LeftUpperLeg"] = CFrame.new(0.000000, -0.000000, -0.000100, 0.956387, 0.291615, 0.016855, -0.132827, 0.485544, -0.864053, -0.260155, 0.824141, 0.503118),

              ["LowerTorso"] = CFrame.new(-0.079256, -0.306830, 0.536758, 0.968000, -0.106685, -0.227143, 0.151609, 0.969898, 0.190558, 0.199977, -0.218897, 0.955036),

              ["RightFoot"] = CFrame.new(-0.000000, 0.008293, -0.000103, 0.956298, 0.223673, 0.188336, -0.091453, 0.840576, -0.533942, -0.277722, 0.493359, 0.824279),

              ["RightHand"] = CFrame.new(-0.000483, 0.025074, -0.000000, 0.981974, 0.183576, -0.045026, -0.183030, 0.982977, 0.016014, 0.047198, -0.007483, 0.998857),

              ["RightLowerArm"] = CFrame.new(-0.000001, 0.119530, 0.088479, 1.000000, 0.000000, -0.000000, -0.000000, 0.085361, -0.996350, -0.000000, 0.996350, 0.085361),

              ["RightLowerLeg"] = CFrame.new(-0.000000, 0.038061, -0.004589, 1.000000, 0.000000, 0.000000, -0.000000, 0.953315, 0.301964, 0.000000, -0.301978, 0.953319),

              ["RightUpperArm"] = CFrame.new(-0.281625, -0.111683, 0.021346, 0.973799, -0.214068, -0.076747, 0.223366, 0.837013, 0.499518, -0.042693, -0.503572, 0.862897),

              ["RightUpperLeg"] = CFrame.new(0.000000, -0.000000, -0.000000, 0.997267, -0.073513, -0.007350, 0.073692, 0.996888, 0.027998, 0.005269, -0.028449, 0.999581),

              ["UpperTorso"] = CFrame.new(0.000000, -0.000000, 0.000000, 0.984683, 0.155880, 0.078110, -0.164718, 0.978562, 0.123628, -0.057165, -0.134601, 0.989250)

          }},

          {Time = 0.100, Data = {

              ["Head"] = CFrame.new(0.000000, -0.000000, -0.000000, 0.995834, -0.026702, 0.087182, 0.041586, 0.983928, -0.173657, -0.081144, 0.176559, 0.980940),

              ["LeftFoot"] = CFrame.new(0.000000, 0.021774, -0.000002, 0.999393, -0.026658, -0.022446, 0.026561, 0.999637, -0.004607, 0.022560, 0.004004, 0.999738),

              ["LeftHand"] = CFrame.new(0.000484, 0.024313, -0.000000, 0.963030, -0.232733, 0.135679, 0.257922, 0.941953, -0.214945, -0.077777, 0.241992, 0.967156),

              ["LeftLowerArm"] = CFrame.new(-0.000499, 0.117154, 0.076393, 1.000000, -0.000000, -0.000000, 0.000000, 0.210897, -0.977508, 0.000000, 0.977508, 0.210897),

              ["LeftLowerLeg"] = CFrame.new(0.000000, 0.094377, -0.032785, 1.000000, -0.000000, -0.000000, 0.000000, 0.662640, 0.748943, -0.000000, -0.748938, 0.662635),

              ["LeftUpperArm"] = CFrame.new(0.172992, -0.104873, 0.009325, 0.977578, 0.209641, 0.019795, -0.209746, 0.961099, 0.179710, 0.018649, -0.179832, 0.983520),

              ["LeftUpperLeg"] = CFrame.new(0.000000, -0.000000, -0.000100, 0.969575, 0.244501, 0.011997, -0.118045, 0.509900, -0.852085, -0.214454, 0.824755, 0.523265),

              ["LowerTorso"] = CFrame.new(-0.086167, -0.320433, 0.517999, 0.977361, -0.096171, -0.188459, 0.127896, 0.978110, 0.164146, 0.168547, -0.184533, 0.968266),

              ["RightFoot"] = CFrame.new(-0.000000, 0.008898, -0.000103, 0.950205, 0.238386, 0.200723, -0.086351, 0.820282, -0.565426, -0.299421, 0.519913, 0.800002),

              ["RightHand"] = CFrame.new(-0.000483, 0.025770, -0.000000, 0.992634, 0.120087, -0.016003, -0.110097, 0.949300, 0.294466, 0.050553, -0.290531, 0.955528),

              ["RightLowerArm"] = CFrame.new(-0.000001, 0.119927, 0.103620, 1.000000, 0.000000, -0.000000, -0.000000, -0.071812, -0.997418, -0.000000, 0.997418, -0.071813),

              ["RightLowerLeg"] = CFrame.new(-0.000000, 0.041393, -0.005507, 1.000000, 0.000000, 0.000000, -0.000000, 0.944010, 0.329906, 0.000000, -0.329918, 0.944014),

              ["RightUpperArm"] = CFrame.new(-0.287688, -0.080682, 0.021863, 0.985926, -0.164254, -0.031156, 0.161363, 0.886194, 0.434306, -0.043726, -0.433221, 0.900226),

              ["RightUpperLeg"] = CFrame.new(0.000000, -0.000000, -0.000000, 0.993010, -0.100725, -0.061531, 0.104745, 0.992305, 0.066044, 0.054405, -0.072012, 0.995918),

              ["UpperTorso"] = CFrame.new(0.000000, 0.000000, 0.000000, 0.987188, 0.139464, 0.077519, -0.149794, 0.977401, 0.149164, -0.054964, -0.158865, 0.985769)

          }},

          {Time = 0.117, Data = {

              ["Head"] = CFrame.new(-0.000000, -0.000000, -0.000000, 0.998470, -0.026138, 0.048729, 0.033766, 0.986053, -0.162972, -0.043789, 0.164368, 0.985427),

              ["LeftFoot"] = CFrame.new(0.000000, 0.021022, -0.000002, 0.999664, -0.019820, -0.016689, 0.020294, 0.999381, 0.028742, 0.016108, -0.029073, 0.999448),

              ["LeftHand"] = CFrame.new(0.000484, 0.024183, -0.000000, 0.972211, -0.202282, 0.117852, 0.222519, 0.954882, -0.196690, -0.072747, 0.217447, 0.973357),

              ["LeftLowerArm"] = CFrame.new(-0.000500, 0.116531, 0.074004, 1.000000, -0.000000, -0.000000, 0.000000, 0.235672, -0.971833, 0.000000, 0.971833, 0.235672),

              ["LeftLowerLeg"] = CFrame.new(0.000000, 0.092182, -0.031076, 1.000000, -0.000000, -0.000000, 0.000000, 0.680407, 0.732839, -0.000000, -0.732835, 0.680402),

              ["LeftUpperArm"] = CFrame.new(0.171223, -0.104770, 0.042834, 0.974040, 0.220642, -0.050625, -0.209539, 0.963395, 0.167223, 0.085668, -0.152274, 0.984619),

              ["LeftUpperLeg"] = CFrame.new(0.000000, -0.000000, -0.000100, 0.981184, 0.192971, 0.006287, -0.099952, 0.535521, -0.838576, -0.165188, 0.822180, 0.544749),

              ["LowerTorso"] = CFrame.new(-0.093975, -0.334755, 0.498268, 0.985773, -0.082921, -0.146205, 0.102931, 0.985473, 0.135088, 0.132879, -0.148215, 0.979988),

              ["RightFoot"] = CFrame.new(0.000000, 0.009364, -0.000103, 0.941799, 0.257167, 0.216537, -0.081440, 0.799433, -0.595232, -0.326162, 0.542929, 0.773828),

              ["RightHand"] = CFrame.new(-0.000483, 0.026165, -0.000000, 0.999175, 0.040595, -0.001033, -0.032721, 0.819927, 0.571537, 0.024048, -0.571028, 0.820576),

              ["RightLowerArm"] = CFrame.new(-0.000001, 0.118949, 0.112718, 1.000000, 0.000000, -0.000000, -0.000000, -0.166290, -0.986077, -0.000000, 0.986077, -0.166291),

              ["RightLowerLeg"] = CFrame.new(-0.000000, 0.043978, -0.006285, 1.000000, 0.000000, 0.000000, -0.000000, 0.936125, 0.351656, 0.000000, -0.351668, 0.936129),

              ["RightUpperArm"] = CFrame.new(-0.291637, -0.047574, 0.028561, 0.993823, -0.107402, 0.027942, 0.095148, 0.954212, 0.283597, -0.057121, -0.279186, 0.958536),

              ["RightUpperLeg"] = CFrame.new(-0.000000, 0.000000, 0.000000, 0.983640, -0.129421, -0.125310, 0.143241, 0.983736, 0.108395, 0.109244, -0.124556, 0.986178),

              ["UpperTorso"] = CFrame.new(-0.000000, 0.000000, -0.000000, 0.989645, 0.121716, 0.076073, -0.133513, 0.975185, 0.176603, -0.052690, -0.184931, 0.981338)

          }},

          {Time = 0.133, Data = {

              ["Head"] = CFrame.new(0.000000, 0.000000, 0.000000, 0.999651, -0.025037, 0.008414, 0.026023, 0.988122, -0.151450, -0.004522, 0.151616, 0.988429),

              ["LeftFoot"] = CFrame.new(-0.000000, 0.019961, -0.000002, 0.999851, -0.013226, -0.011137, 0.013928, 0.997758, 0.065458, 0.010246, -0.065603, 0.997793),

              ["LeftHand"] = CFrame.new(0.000484, 0.024053, 0.000000, 0.979638, -0.173513, 0.101006, 0.189150, 0.966306, -0.174572, -0.067311, 0.190122, 0.979450),

              ["LeftLowerArm"] = CFrame.new(-0.000500, 0.115845, 0.071627, 1.000000, -0.000000, 0.000000, 0.000000, 0.260308, -0.965526, 0.000000, 0.965526, 0.260308),

              ["LeftLowerLeg"] = CFrame.new(0.000000, 0.089386, -0.029130, 1.000000, -0.000000, -0.000000, 0.000000, 0.700687, 0.713472, -0.000000, -0.713469, 0.700684),

              ["LeftUpperArm"] = CFrame.new(0.167038, -0.105516, 0.075744, 0.965669, 0.230230, -0.120320, -0.211031, 0.965354, 0.153485, 0.151488, -0.122824, 0.980798),

              ["LeftUpperLeg"] = CFrame.new(-0.000000, 0.000000, -0.000100, 0.990331, 0.138724, -0.000347, -0.078907, 0.561229, -0.823879, -0.114098, 0.815952, 0.566765),

              ["LowerTorso"] = CFrame.new(-0.102474, -0.349332, 0.478284, 0.992552, -0.067043, -0.101716, 0.077656, 0.991515, 0.104248, 0.093864, -0.111370, 0.989336),

              ["RightFoot"] = CFrame.new(-0.000000, 0.009663, -0.000103, 0.930390, 0.280420, 0.236115, -0.077050, 0.779298, -0.621921, -0.358383, 0.560410, 0.746635),

              ["RightHand"] = CFrame.new(-0.000483, 0.026203, 0.000000, 0.999128, -0.041482, -0.004753, 0.029179, 0.612276, 0.790108, -0.029865, -0.789555, 0.612949),

              ["RightLowerArm"] = CFrame.new(-0.000001, 0.118799, 0.113630, 1.000000, 0.000000, -0.000000, -0.000000, -0.175760, -0.984433, -0.000000, 0.984433, -0.175761),

              ["RightLowerLeg"] = CFrame.new(0.000000, 0.045632, -0.006812, 1.000000, 0.000000, 0.000000, -0.000000, 0.930774, 0.365584, -0.000000, -0.365595, 0.930778),

              ["RightUpperArm"] = CFrame.new(-0.292928, -0.017269, 0.038674, 0.996406, -0.037716, 0.075849, 0.034538, 0.998487, 0.042783, -0.077348, -0.040010, 0.996201),

              ["RightUpperLeg"] = CFrame.new(0.000000, 0.000000, -0.000000, 0.967395, -0.157707, -0.198184, 0.189366, 0.969997, 0.152484, 0.168191, -0.185026, 0.968231),

              ["UpperTorso"] = CFrame.new(0.000000, 0.000000, -0.000000, 0.991931, 0.103183, 0.073669, -0.116320, 0.971810, 0.205073, -0.050433, -0.211987, 0.975970)

          }},

          {Time = 0.150, Data = {

              ["Head"] = CFrame.new(0.000000, -0.000000, -0.000000, 0.999197, -0.023385, -0.032547, 0.018630, 0.990060, -0.139407, 0.035484, 0.138689, 0.989700),

              ["LeftFoot"] = CFrame.new(-0.000000, 0.018843, -0.000002, 0.999956, -0.007157, -0.006026, 0.007751, 0.994432, 0.105102, 0.005240, -0.105142, 0.994443),

              ["LeftHand"] = CFrame.new(0.000484, 0.023850, 0.000000, 0.985371, -0.147324, 0.085668, 0.158894, 0.975943, -0.149294, -0.061612, 0.160722, 0.985075),

              ["LeftLowerArm"] = CFrame.new(-0.000500, 0.115085, 0.069402, 1.000000, -0.000000, -0.000000, 0.000000, 0.283426, -0.958994, 0.000000, 0.958994, 0.283426),

              ["LeftLowerLeg"] = CFrame.new(-0.000000, 0.086142, -0.026915, 1.000000, -0.000000, -0.000000, 0.000000, 0.723700, 0.690118, -0.000000, -0.690115, 0.723697),

              ["LeftUpperArm"] = CFrame.new(0.160714, -0.107199, 0.106985, 0.953022, 0.238363, -0.186904, -0.214398, 0.966711, 0.139656, 0.213971, -0.093023, 0.972401),

              ["LeftUpperLeg"] = CFrame.new(-0.000000, -0.000000, -0.000100, 0.996470, 0.083587, -0.007847, -0.055569, 0.586585, -0.807968, -0.062933, 0.805563, 0.589175),

              ["LowerTorso"] = CFrame.new(-0.111406, -0.363752, 0.458707, 0.997209, -0.048897, -0.056415, 0.052941, 0.995957, 0.072572, 0.052639, -0.075356, 0.995766),

              ["RightFoot"] = CFrame.new(-0.000000, 0.009808, -0.000103, 0.915215, 0.308260, 0.259557, -0.073250, 0.760625, -0.645068, -0.396252, 0.571337, 0.718692),

              ["RightHand"] = CFrame.new(-0.000483, 0.025863, 0.000000, 0.993486, -0.111352, -0.024207, 0.066626, 0.395280, 0.916142, -0.092445, -0.911786, 0.400122),

              ["RightLowerArm"] = CFrame.new(-0.000001, 0.119796, 0.105649, 1.000000, 0.000000, -0.000000, -0.000000, -0.092891, -0.995676, -0.000000, 0.995676, -0.092892),

              ["RightLowerLeg"] = CFrame.new(0.000000, 0.046443, -0.007080, 1.000000, 0.000000, -0.000000, -0.000000, 0.928058, 0.372425, 0.000000, -0.372436, 0.928062),

              ["RightUpperArm"] = CFrame.new(-0.292414, 0.006613, 0.047570, 0.995376, 0.035924, 0.089084, -0.013226, 0.969855, -0.243324, -0.095140, 0.241021, 0.965845),

              ["RightUpperLeg"] = CFrame.new(0.000000, 0.000000, -0.000000, 0.942638, -0.183748, -0.278696, 0.242702, 0.950455, 0.194262, 0.229193, -0.250744, 0.940527),

              ["UpperTorso"] = CFrame.new(-0.000000, 0.000000, -0.000000, 0.993948, 0.084418, 0.070298, -0.098683, 0.967285, 0.233713, -0.048269, -0.239235, 0.969761)

          }},

          {Time = 0.167, Data = {

              ["Head"] = CFrame.new(-0.000000, -0.000000, -0.000000, 0.997111, -0.021230, -0.072929, 0.011813, 0.991806, -0.127204, 0.075032, 0.125975, 0.989192),

              ["LeftFoot"] = CFrame.new(-0.000000, 0.017604, -0.000003, 0.999997, -0.001818, -0.001531, 0.002023, 0.989228, 0.146373, 0.001248, -0.146370, 0.989228),

              ["LeftHand"] = CFrame.new(0.000485, 0.023622, -0.000000, 0.989625, -0.124244, 0.072149, 0.132386, 0.983668, -0.121945, -0.055819, 0.130231, 0.989911),

              ["LeftLowerArm"] = CFrame.new(-0.000499, 0.114325, 0.067411, 1.000000, -0.000000, 0.000000, -0.000000, 0.304128, -0.952631, 0.000000, 0.952631, 0.304128),

              ["LeftLowerLeg"] = CFrame.new(0.000000, 0.082438, -0.024530, 1.000000, -0.000000, -0.000000, 0.000000, 0.748415, 0.663233, -0.000000, -0.663231, 0.748413),

              ["LeftUpperArm"] = CFrame.new(0.152729, -0.109787, 0.135759, 0.937051, 0.245261, -0.248559, -0.219574, 0.967332, 0.126716, 0.271518, -0.064162, 0.960292),

              ["LeftUpperLeg"] = CFrame.new(0.000000, 0.000001, -0.000100, 0.999435, 0.029424, -0.016248, -0.030843, 0.610687, -0.791259, -0.013359, 0.791325, 0.611265),

              ["LowerTorso"] = CFrame.new(-0.120472, -0.377648, 0.440114, 0.999508, -0.029090, -0.011755, 0.029550, 0.998720, 0.041058, 0.010545, -0.041385, 0.999088),

              ["RightFoot"] = CFrame.new(0.000000, 0.009797, -0.000103, 0.895593, 0.340320, 0.286551, -0.070422, 0.744419, -0.664010, -0.439266, 0.574477, 0.690637),

              ["RightHand"] = CFrame.new(-0.000483, 0.025131, 0.000000, 0.985510, -0.161570, -0.051633, 0.089104, 0.234118, 0.968117, -0.144329, -0.958689, 0.245121),

              ["RightLowerArm"] = CFrame.new(-0.000001, 0.119654, 0.089719, 1.000000, 0.000000, -0.000000, -0.000000, 0.072501, -0.997368, -0.000000, 0.997368, 0.072500),

              ["RightLowerLeg"] = CFrame.new(0.000000, 0.046383, -0.007059, 1.000000, 0.000000, -0.000000, -0.000000, 0.928262, 0.371917, -0.000000, -0.371928, 0.928266),

              ["RightUpperArm"] = CFrame.new(-0.291467, 0.023551, 0.051893, 0.993484, 0.093365, 0.065370, -0.047101, 0.858605, -0.510469, -0.103787, 0.504064, 0.857408),

              ["RightUpperLeg"] = CFrame.new(0.000000, 0.000000, 0.000000, 0.908224, -0.205694, -0.364445, 0.301969, 0.925050, 0.230442, 0.289730, -0.319330, 0.902262),

              ["UpperTorso"] = CFrame.new(0.000000, 0.000000, -0.000000, 0.995633, 0.065970, 0.066053, -0.081086, 0.961740, 0.261688, -0.046262, -0.265901, 0.962890)

          }},

          {Time = 0.183, Data = {

              ["Head"] = CFrame.new(0.000000, 0.000000, 0.000000, 0.993586, -0.018677, -0.111527, 0.005738, 0.993322, -0.115230, 0.112934, 0.113851, 0.987058),

              ["LeftFoot"] = CFrame.new(0.000000, 0.016237, -0.000003, 0.999994, 0.002669, 0.002248, -0.003044, 0.982204, 0.187803, -0.001706, -0.187801, 0.982204),

              ["LeftHand"] = CFrame.new(0.000485, 0.023427, 0.000000, 0.992679, -0.104495, 0.060579, 0.109886, 0.989508, -0.093799, -0.050141, 0.099769, 0.993746),

              ["LeftLowerArm"] = CFrame.new(-0.000499, 0.113635, 0.065708, 1.000000, -0.000000, -0.000000, 0.000000, 0.321828, -0.946798, 0.000000, 0.946798, 0.321828),

              ["LeftLowerLeg"] = CFrame.new(0.000000, 0.078333, -0.022089, 1.000000, -0.000000, -0.000000, 0.000000, 0.773680, 0.633577, -0.000000, -0.633576, 0.773680),

              ["LeftUpperArm"] = CFrame.new(0.143678, -0.113128, 0.161510, 0.918949, 0.251247, -0.303986, -0.226254, 0.967204, 0.115436, 0.323019, -0.037301, 0.945657),

              ["LeftUpperLeg"] = CFrame.new(0.000000, -0.000000, -0.000100, 0.999435, -0.021972, -0.025447, -0.005800, 0.632854, -0.774238, 0.033116, 0.773960, 0.632383),

              ["LowerTorso"] = CFrame.new(-0.129348, -0.390693, 0.422992, 0.999489, -0.008446, 0.030841, 0.008118, 0.999910, 0.010720, -0.030929, -0.010464, 0.999467),

              ["RightFoot"] = CFrame.new(0.000000, 0.009649, -0.000103, 0.871194, 0.375557, 0.316220, -0.068873, 0.731215, -0.678680, -0.486084, 0.569457, 0.662871),

              ["RightHand"] = CFrame.new(-0.000484, 0.023599, -0.000000, 0.977936, -0.193046, -0.079848, 0.109627, 0.148865, 0.982762, -0.177829, -0.969831, 0.166743),

              ["RightLowerArm"] = CFrame.new(-0.000000, 0.114684, 0.068075, 1.000000, 0.000000, -0.000000, -0.000000, 0.297222, -0.954808, -0.000000, 0.954808, 0.297222),

              ["RightLowerLeg"] = CFrame.new(0.000000, 0.045556, -0.006787, 1.000000, 0.000000, 0.000000, -0.000000, 0.931029, 0.364933, 0.000000, -0.364945, 0.931034),

              ["RightUpperArm"] = CFrame.new(-0.290877, 0.035178, 0.050956, 0.992302, 0.122251, 0.019761, -0.070356, 0.687854, -0.722431, -0.101911, 0.715480, 0.691160),

              ["RightUpperLeg"] = CFrame.new(0.000000, -0.000000, -0.000000, 0.864010, -0.222123, -0.451829, 0.364853, 0.894640, 0.257892, 0.346942, -0.387660, 0.854015),

              ["UpperTorso"] = CFrame.new(0.000000, -0.000000, 0.000000, 0.996957, 0.048376, 0.061130, -0.064033, 0.955426, 0.288202, -0.044463, -0.291240, 0.955616)

          }},

          {Time = 0.200, Data = {

              ["Head"] = CFrame.new(0.000000, 0.000000, 0.000000, 0.988982, -0.015885, -0.147178, 0.000513, 0.994588, -0.103896, 0.148032, 0.102676, 0.983638),

              ["LeftFoot"] = CFrame.new(0.000000, 0.014946, -0.000003, 0.999967, 0.006267, 0.005277, -0.007306, 0.973596, 0.228170, -0.003708, -0.228191, 0.973607),

              ["LeftHand"] = CFrame.new(0.000485, 0.023268, -0.000000, 0.994808, -0.088087, 0.050965, 0.091372, 0.993616, -0.066174, -0.044809, 0.070488, 0.996506),

              ["LeftLowerArm"] = CFrame.new(-0.000499, 0.113050, 0.064329, 1.000000, -0.000000, -0.000000, 0.000000, 0.336158, -0.941806, 0.000000, 0.941806, 0.336158),

              ["LeftLowerLeg"] = CFrame.new(0.000000, 0.074059, -0.019659, 1.000000, -0.000000, -0.000000, 0.000000, 0.798750, 0.601662, -0.000000, -0.601663, 0.798751),

              ["LeftUpperArm"] = CFrame.new(0.134214, -0.116965, 0.183875, 0.900021, 0.256623, -0.352288, -0.233930, 0.966420, 0.106345, 0.367749, -0.013302, 0.929830),

              ["LeftUpperLeg"] = CFrame.new(0.000000, 0.000000, -0.000100, 0.997000, -0.068940, -0.035205, 0.018411, 0.652911, -0.757199, 0.075186, 0.754291, 0.652235),

              ["LowerTorso"] = CFrame.new(-0.137703, -0.402590, 0.407733, 0.997472, 0.012058, 0.070035, -0.010860, 0.999789, -0.017455, -0.070231, 0.016650, 0.997392),

              ["RightFoot"] = CFrame.new(-0.000000, 0.009402, -0.000103, 0.842422, 0.412183, 0.347060, -0.068698, 0.720997, -0.689542, -0.534422, 0.557017, 0.635674),

              ["RightHand"] = CFrame.new(-0.000487, 0.020351, 0.000000, 0.971939, -0.210629, -0.104740, 0.134288, 0.131243, 0.982213, -0.193135, -0.968716, 0.155844),

              ["RightLowerArm"] = CFrame.new(-0.000000, 0.100961, 0.044000, 1.000000, 0.000000, 0.000000, 0.000000, 0.547144, -0.837038, -0.000000, 0.837039, 0.547144),

              ["RightLowerLeg"] = CFrame.new(0.000000, 0.044189, -0.006351, 1.000000, 0.000000, -0.000000, -0.000000, 0.935455, 0.353433, 0.000000, -0.353445, 0.935460),

              ["RightUpperArm"] = CFrame.new(-0.290710, 0.043467, 0.045940, 0.991968, 0.122625, -0.031025, -0.086934, 0.482768, -0.871422, -0.091880, 0.867120, 0.489551),

              ["RightUpperLeg"] = CFrame.new(0.000000, 0.000000, -0.000000, 0.811433, -0.232458, -0.536229, 0.428029, 0.861098, 0.274426, 0.397954, -0.452188, 0.798216),

              ["UpperTorso"] = CFrame.new(0.000000, 0.000000, -0.000000, 0.997923, 0.032150, 0.055814, -0.048043, 0.948698, 0.312514, -0.042904, -0.314547, 0.948272)

          }},

          {Time = 0.217, Data = {

              ["Head"] = CFrame.new(0.000000, 0.000000, 0.000000, 0.983801, -0.013055, -0.178789, -0.003803, 0.995600, -0.093625, 0.179224, 0.092789, 0.979423),

              ["LeftFoot"] = CFrame.new(-0.000000, 0.013836, -0.000003, 0.999931, 0.009009, 0.007586, -0.010702, 0.963943, 0.265908, -0.004917, -0.265957, 0.963969),

              ["LeftHand"] = CFrame.new(0.000485, 0.023147, 0.000000, 0.996254, -0.074895, 0.043234, 0.076649, 0.996238, -0.040433, -0.040043, 0.043596, 0.998247),

              ["LeftLowerArm"] = CFrame.new(-0.000500, 0.112586, 0.063277, 1.000000, -0.000000, 0.000000, -0.000000, 0.347087, -0.937833, 0.000000, 0.937833, 0.347087),

              ["LeftLowerLeg"] = CFrame.new(-0.000000, 0.069842, -0.017351, 1.000000, -0.000000, -0.000000, 0.000000, 0.822459, 0.568823, -0.000000, -0.568825, 0.822460),

              ["LeftUpperArm"] = CFrame.new(0.125006, -0.120971, 0.202630, 0.881606, 0.261547, -0.392892, -0.241942, 0.965164, 0.099616, 0.405259, 0.007235, 0.914173),

              ["LeftUpperLeg"] = CFrame.new(-0.000000, 0.000000, -0.000100, 0.992904, -0.110022, -0.045129, 0.040642, 0.670589, -0.740703, 0.111757, 0.733625, 0.670315),

              ["LowerTorso"] = CFrame.new(-0.145216, -0.413052, 0.394645, 0.994019, 0.031347, 0.104610, -0.027020, 0.998730, -0.042530, -0.105810, 0.039449, 0.993604),

              ["RightFoot"] = CFrame.new(0.000000, 0.009075, -0.000103, 0.810771, 0.447788, 0.377038, -0.070220, 0.713841, -0.696796, -0.581136, 0.538440, 0.610179),

              ["RightHand"] = CFrame.new(-0.000491, 0.013035, 0.000000, 0.967625, -0.219367, -0.124822, 0.162927, 0.165188, 0.972712, -0.192760, -0.961557, 0.195580),

              ["RightLowerArm"] = CFrame.new(0.000000, 0.074698, 0.021935, 1.000000, 0.000000, 0.000000, -0.000000, 0.775943, -0.630803, -0.000000, 0.630803, 0.775943),

              ["RightLowerLeg"] = CFrame.new(0.000000, 0.042375, -0.005795, 1.000000, 0.000000, -0.000000, -0.000000, 0.941086, 0.338154, 0.000000, -0.338167, 0.941091),

              ["RightUpperArm"] = CFrame.new(-0.290736, 0.049779, 0.038670, 0.992021, 0.101196, -0.075186, -0.099559, 0.262978, -0.959651, -0.077341, 0.959480, 0.270955),

              ["RightUpperLeg"] = CFrame.new(0.000000, 0.000000, 0.000000, 0.753920, -0.236559, -0.612901, 0.487504, 0.826821, 0.280560, 0.440392, -0.510301, 0.738673),

              ["UpperTorso"] = CFrame.new(0.000000, 0.000000, -0.000000, 0.998567, 0.017776, 0.050470, -0.033647, 0.941996, 0.333934, -0.041606, -0.335154, 0.941244)

          }},

          {Time = 0.233, Data = {

              ["Head"] = CFrame.new(0.000000, -0.000000, 0.000000, 0.978638, -0.010417, -0.205329, -0.007194, 0.996369, -0.084837, 0.205467, 0.084502, 0.975009),

              ["LeftFoot"] = CFrame.new(-0.000000, 0.013114, -0.000002, 0.999897, 0.010981, 0.009247, -0.013248, 0.953978, 0.299599, -0.005531, -0.299674, 0.954021),

              ["LeftHand"] = CFrame.new(0.000485, 0.023059, 0.000000, 0.997206, -0.064737, 0.037281, 0.065440, 0.997695, -0.017940, -0.036033, 0.020331, 0.999144),

              ["LeftLowerArm"] = CFrame.new(-0.000499, 0.112247, 0.062527, 1.000000, -0.000000, -0.000000, -0.000000, 0.354873, -0.934914, 0.000000, 0.934914, 0.354873),

              ["LeftLowerLeg"] = CFrame.new(-0.000000, 0.066014, -0.015249, 1.000000, -0.000000, -0.000000, 0.000000, 0.843916, 0.536471, -0.000000, -0.536475, 0.843919),

              ["LeftUpperArm"] = CFrame.new(0.116716, -0.124773, 0.217634, 0.865025, 0.265979, -0.425425, -0.249545, 0.963683, 0.095096, 0.435268, 0.023903, 0.899983),

              ["LeftUpperLeg"] = CFrame.new(0.000000, -0.000000, -0.000100, 0.988072, -0.143962, -0.054674, 0.059800, 0.685863, -0.725258, 0.141909, 0.713349, 0.686302),

              ["LowerTorso"] = CFrame.new(-0.151587, -0.421801, 0.383972, 0.989873, 0.048322, 0.133476, -0.040097, 0.997167, -0.063634, -0.136173, 0.057638, 0.989007),

              ["RightFoot"] = CFrame.new(-0.000000, 0.008724, -0.000103, 0.778977, 0.479677, 0.403890, -0.073010, 0.709092, -0.701342, -0.622788, 0.516816, 0.587361),

              ["RightHand"] = CFrame.new(-0.000496, 0.006126, 0.000000, 0.964695, -0.223081, -0.139999, 0.197483, 0.260997, 0.944924, -0.174253, -0.939210, 0.295835),

              ["RightLowerArm"] = CFrame.new(0.000000, 0.035472, 0.004422, 1.000000, 0.000000, 0.000000, -0.000000, 0.954923, -0.296853, -0.000000, 0.296852, 0.954923),

              ["RightLowerLeg"] = CFrame.new(-0.000000, 0.040431, -0.005232, 1.000000, 0.000000, -0.000000, -0.000000, 0.946795, 0.321823, 0.000000, -0.321837, 0.946800),

              ["RightUpperArm"] = CFrame.new(-0.290755, 0.054777, 0.030891, 0.992059, 0.063991, -0.108280, -0.109555, 0.016749, -0.993840, -0.061783, 0.997810, 0.023627),

              ["RightUpperLeg"] = CFrame.new(0.000000, -0.000000, 0.000000, 0.696846, -0.235744, -0.677373, 0.539236, 0.794917, 0.278098, 0.472896, -0.559046, 0.681049),

              ["UpperTorso"] = CFrame.new(0.000000, 0.000000, -0.000000, 0.998948, 0.005714, 0.045510, -0.021381, 0.935822, 0.351825, -0.040579, -0.352428, 0.934959)

          }},

          {Time = 0.250, Data = {

              ["Head"] = CFrame.new(0.000000, -0.000000, 0.000000, 0.974133, -0.008214, -0.225827, -0.009664, 0.996911, -0.077945, 0.225770, 0.078111, 0.971044),

              ["LeftFoot"] = CFrame.new(0.000000, 0.012509, -0.000003, 0.999871, 0.012296, 0.010354, -0.015004, 0.945065, 0.326556, -0.005769, -0.326652, 0.945121),

              ["LeftHand"] = CFrame.new(0.000485, 0.023003, -0.000000, 0.997804, -0.057432, 0.032999, 0.057464, 0.998348, -0.000027, -0.032942, 0.001924, 0.999455),

              ["LeftLowerArm"] = CFrame.new(-0.000500, 0.112021, 0.062037, 1.000000, -0.000000, -0.000000, 0.000000, 0.359965, -0.932966, 0.000000, 0.932966, 0.359965),

              ["LeftLowerLeg"] = CFrame.new(-0.000000, 0.062748, -0.013586, 1.000000, -0.000000, -0.000000, 0.000000, 0.860872, 0.508817, -0.000000, -0.508821, 0.860875),

              ["LeftUpperArm"] = CFrame.new(0.109975, -0.127982, 0.228777, 0.851544, 0.269682, -0.449605, -0.255964, 0.962261, 0.092394, 0.457554, 0.036406, 0.888436),

