return {
["super corkscrew twerk"] = {

          {Time = 0.000, Data = {

              ["Head"] = CFrame.new(0.000000, 0.000000, -0.000000, 0.997432, 0.067611, 0.023625, -0.069086, 0.821318, 0.566271, 0.018883, -0.566449, 0.823880),

              ["LeftFoot"] = CFrame.new(0.000000, 0.025750, -0.000003, 0.999883, 0.011691, 0.009843, -0.007245, 0.929714, -0.368234, -0.013457, 0.368098, 0.929681),

              ["LeftHand"] = CFrame.new(0.000483, 0.025618, -0.000000, 0.994453, 0.090521, -0.053560, -0.045135, 0.827230, 0.560052, 0.095002, -0.554524, 0.826725),

              ["LeftLowerArm"] = CFrame.new(-0.000499, 0.119963, 0.098149, 1.000000, -0.000000, -0.000000, 0.000000, -0.014996, -0.999888, 0.000000, 0.999888, -0.014997),

              ["LeftLowerLeg"] = CFrame.new(0.000000, 0.106798, -0.044924, 1.000000, -0.000000, -0.000000, 0.000000, 0.536444, 0.843942, -0.000000, -0.843936, 0.536434),

              ["LeftUpperArm"] = CFrame.new(0.082322, -0.212430, -0.082830, 0.768576, 0.466175, -0.438145, -0.469300, 0.876273, 0.109104, 0.434796, 0.121767, 0.892258),

              ["LeftUpperLeg"] = CFrame.new(-0.000000, 0.000000, -0.000100, 0.213988, 0.947063, -0.239314, 0.346052, -0.302618, -0.888077, -0.913486, 0.107213, -0.392489),

              ["LowerTorso"] = CFrame.new(0.311758, -1.504527, -0.517177, -0.959736, -0.106039, -0.260121, -0.193695, 0.920478, 0.339416, 0.203444, 0.376134, -0.903955),

              ["RightFoot"] = CFrame.new(0.000000, -0.152603, -0.000104, 0.974713, -0.170938, -0.143933, 0.187566, 0.975946, 0.111152, 0.121467, -0.135315, 0.983325),

              ["RightHand"] = CFrame.new(-0.000483, 0.026046, 0.000000, 0.998794, -0.042069, 0.025333, 0.006337, 0.621990, 0.783003, -0.048697, -0.781895, 0.621502),

              ["RightLowerArm"] = CFrame.new(-0.000001, 0.119354, 0.109905, 1.000000, 0.000000, -0.000000, 0.000000, -0.137077, -0.990560, -0.000000, 0.990560, -0.137078),

              ["RightLowerLeg"] = CFrame.new(0.000000, -0.152083, -0.002012, 1.000000, 0.000000, 0.000000, 0.000000, 1.000000, -0.000007, -0.000000, -0.000011, 1.000000),

              ["RightUpperArm"] = CFrame.new(-0.073524, -0.225051, -0.093431, 0.893432, -0.124765, 0.431524, 0.244435, 0.941005, -0.234012, -0.376869, 0.314554, 0.871221),

              ["RightUpperLeg"] = CFrame.new(0.000000, -0.000000, 0.000000, 0.372305, -0.915328, -0.153512, 0.230631, -0.068968, 0.970593, -0.898999, -0.396761, 0.185427),

              ["UpperTorso"] = CFrame.new(0.221592, -0.104013, -0.076547, 0.978789, -0.115147, -0.169452, 0.199231, 0.727731, 0.656288, 0.047746, -0.676128, 0.735236)

          }},

          {Time = 0.017, Data = {

              ["Head"] = CFrame.new(-0.000000, 0.000000, -0.000000, 0.997432, 0.067612, 0.023625, -0.069086, 0.821318, 0.566271, 0.018883, -0.566449, 0.823880),

              ["LeftFoot"] = CFrame.new(-0.000000, 0.024766, -0.000003, 0.999473, 0.024832, 0.020907, -0.015922, 0.936301, -0.350860, -0.028288, 0.350320, 0.936195),

              ["LeftHand"] = CFrame.new(0.000483, 0.025578, 0.000000, 0.994708, 0.088420, -0.052335, -0.044154, 0.827787, 0.559307, 0.092775, -0.554032, 0.827307),

              ["LeftLowerArm"] = CFrame.new(-0.000499, 0.119955, 0.097258, 1.000000, -0.000000, 0.000000, 0.000000, -0.005737, -0.999984, 0.000000, 0.999984, -0.005737),

              ["LeftLowerLeg"] = CFrame.new(0.000000, 0.103857, -0.041672, 1.000000, -0.000000, -0.000000, 0.000000, 0.570297, 0.821445, -0.000000, -0.821438, 0.570288),

              ["LeftUpperArm"] = CFrame.new(0.082182, -0.212408, -0.082558, 0.768296, 0.464832, -0.440060, -0.469255, 0.876596, 0.106674, 0.435340, 0.124544, 0.891610),

              ["LeftUpperLeg"] = CFrame.new(-0.000000, 0.000000, -0.000100, 0.232238, 0.943049, -0.238146, 0.389746, -0.314570, -0.865537, -0.891159, 0.108183, -0.440605),

              ["LowerTorso"] = CFrame.new(0.289285, -1.492209, -0.535592, -0.962826, -0.071642, -0.260449, -0.174082, 0.901827, 0.395478, 0.206547, 0.426116, -0.880774),

              ["RightFoot"] = CFrame.new(-0.000000, -0.139318, -0.000104, 0.976826, -0.163727, -0.137861, 0.180755, 0.975977, 0.121669, 0.114625, -0.143745, 0.982950),

              ["RightHand"] = CFrame.new(-0.000483, 0.025988, 0.000000, 0.999017, -0.037946, 0.022925, 0.005930, 0.626833, 0.779134, -0.043935, -0.778229, 0.626439),

              ["RightLowerArm"] = CFrame.new(-0.000001, 0.119523, 0.108519, 1.000000, 0.000000, -0.000000, -0.000000, -0.122693, -0.992445, -0.000000, 0.992445, -0.122693),

              ["RightLowerLeg"] = CFrame.new(0.000000, -0.138842, -0.001837, 1.000000, -0.000000, 0.000000, 0.000000, 1.000000, -0.000007, -0.000000, -0.000011, 1.000000),

              ["RightUpperArm"] = CFrame.new(-0.073358, -0.225694, -0.093455, 0.893100, -0.124321, 0.432340, 0.245723, 0.939834, -0.237345, -0.376820, 0.318209, 0.869914),

              ["RightUpperLeg"] = CFrame.new(0.000000, -0.000000, 0.000000, 0.364387, -0.922577, -0.126791, 0.282170, -0.020365, 0.959148, -0.887470, -0.385276, 0.252903),

              ["UpperTorso"] = CFrame.new(0.211287, -0.109114, -0.086777, 0.982455, -0.105526, -0.153774, 0.178338, 0.772820, 0.609052, 0.054569, -0.625790, 0.778080)

          }},

          {Time = 0.033, Data = {

              ["Head"] = CFrame.new(0.000000, 0.000000, -0.000000, 0.997432, 0.067611, 0.023625, -0.069086, 0.821318, 0.566271, 0.018883, -0.566449, 0.823880),

              ["LeftFoot"] = CFrame.new(0.000000, 0.023354, -0.000003, 0.998737, 0.038443, 0.032368, -0.025913, 0.945805, -0.323721, -0.043058, 0.322452, 0.945599),

              ["LeftHand"] = CFrame.new(0.000483, 0.025523, 0.000000, 0.995039, 0.085602, -0.050693, -0.042838, 0.828558, 0.558266, 0.089790, -0.553321, 0.828112),

              ["LeftLowerArm"] = CFrame.new(-0.000499, 0.119932, 0.096055, 1.000000, -0.000000, 0.000000, 0.000000, 0.006750, -0.999977, 0.000000, 0.999977, 0.006749),

              ["LeftLowerLeg"] = CFrame.new(-0.000000, 0.099081, -0.036803, 1.000000, -0.000000, -0.000000, 0.000000, 0.620859, 0.783928, -0.000000, -0.783922, 0.620852),

              ["LeftUpperArm"] = CFrame.new(0.081991, -0.212372, -0.082183, 0.767915, 0.463014, -0.442634, -0.469183, 0.877023, 0.103429, 0.436089, 0.128252, 0.890717),

              ["LeftUpperLeg"] = CFrame.new(-0.000000, 0.000000, -0.000100, 0.251919, 0.940831, -0.226638, 0.441030, -0.320090, -0.838478, -0.861411, 0.111263, -0.495570),

              ["LowerTorso"] = CFrame.new(0.257035, -1.478349, -0.555033, -0.965359, -0.033278, -0.258794, -0.153650, 0.874130, 0.460747, 0.210888, 0.484550, -0.848963),

              ["RightFoot"] = CFrame.new(-0.000000, -0.121464, -0.000103, 0.978809, -0.156643, -0.131896, 0.174119, 0.975643, 0.133459, 0.107776, -0.153572, 0.982238),

              ["RightHand"] = CFrame.new(-0.000483, 0.025909, -0.000000, 0.999278, -0.032473, 0.019727, 0.005302, 0.633316, 0.773878, -0.037623, -0.773211, 0.633028),

              ["RightLowerArm"] = CFrame.new(-0.000001, 0.119716, 0.106639, 1.000000, 0.000000, -0.000000, 0.000000, -0.103175, -0.994663, -0.000000, 0.994663, -0.103176),

              ["RightLowerLeg"] = CFrame.new(0.000000, -0.121047, -0.001601, 1.000000, 0.000000, -0.000000, 0.000000, 1.000000, -0.000008, -0.000000, -0.000011, 1.000000),

              ["RightUpperArm"] = CFrame.new(-0.073122, -0.226533, -0.093444, 0.892627, -0.123594, 0.433522, 0.247400, 0.938227, -0.241917, -0.376842, 0.323195, 0.868064),

              ["RightUpperLeg"] = CFrame.new(0.000000, 0.000000, -0.000000, 0.357767, -0.928695, -0.097620, 0.343295, 0.033590, 0.938626, -0.868419, -0.369320, 0.330834),

              ["UpperTorso"] = CFrame.new(0.191862, -0.111656, -0.098103, 0.985848, -0.094639, -0.138375, 0.155765, 0.822267, 0.547370, 0.061979, -0.561177, 0.825372)

          }},

          {Time = 0.050, Data = {

              ["Head"] = CFrame.new(-0.000000, 0.000000, 0.000000, 0.997432, 0.067611, 0.023625, -0.069086, 0.821318, 0.566271, 0.018883, -0.566449, 0.823880),

              ["LeftFoot"] = CFrame.new(-0.000000, 0.020896, -0.000003, 0.997709, 0.051750, 0.043574, -0.037007, 0.956672, -0.288825, -0.056630, 0.286531, 0.956390),

              ["LeftHand"] = CFrame.new(0.000483, 0.025455, 0.000000, 0.995425, 0.082196, -0.048707, -0.041244, 0.829523, 0.556952, 0.086182, -0.552391, 0.829115),

              ["LeftLowerArm"] = CFrame.new(-0.000499, 0.119882, 0.094590, 1.000000, -0.000000, 0.000000, 0.000000, 0.021947, -0.999759, 0.000000, 0.999759, 0.021947),

              ["LeftLowerLeg"] = CFrame.new(0.000000, 0.091878, -0.030867, 1.000000, -0.000000, -0.000000, 0.000000, 0.682589, 0.730806, -0.000000, -0.730802, 0.682585),

              ["LeftUpperArm"] = CFrame.new(0.081756, -0.212321, -0.081714, 0.767444, 0.460787, -0.445762, -0.469081, 0.877530, 0.099519, 0.437027, 0.132724, 0.889602),

              ["LeftUpperLeg"] = CFrame.new(-0.000000, 0.000000, -0.000100, 0.272449, 0.939918, -0.205715, 0.496083, -0.320434, -0.806990, -0.824423, 0.117799, -0.553578),

              ["LowerTorso"] = CFrame.new(0.217253, -1.462426, -0.574429, -0.967108, 0.007586, -0.254254, -0.132977, 0.837014, 0.530777, 0.216840, 0.547129, -0.808474),

              ["RightFoot"] = CFrame.new(0.000000, -0.100328, -0.000103, 0.980582, -0.150012, -0.126313, 0.168041, 0.974785, 0.146851, 0.101096, -0.165201, 0.981061),

              ["RightHand"] = CFrame.new(-0.000483, 0.025802, 0.000000, 0.999537, -0.025937, 0.015909, 0.004422, 0.641131, 0.767421, -0.030104, -0.766993, 0.640946),

              ["RightLowerArm"] = CFrame.new(-0.000001, 0.119886, 0.104334, 1.000000, 0.000000, 0.000000, -0.000000, -0.079231, -0.996856, -0.000000, 0.996856, -0.079232),

              ["RightLowerLeg"] = CFrame.new(-0.000000, -0.099982, -0.001321, 1.000000, -0.000000, -0.000000, -0.000000, 1.000000, -0.000007, -0.000000, -0.000011, 1.000000),

              ["RightUpperArm"] = CFrame.new(-0.072818, -0.227509, -0.093369, 0.892020, -0.122509, 0.435077, 0.249352, 0.936221, -0.247615, -0.376993, 0.329365, 0.865676),

              ["RightUpperLeg"] = CFrame.new(0.000000, -0.000000, 0.000000, 0.353258, -0.933188, -0.066107, 0.409764, 0.090822, 0.907658, -0.841013, -0.347724, 0.414471),

              ["UpperTorso"] = CFrame.new(0.165242, -0.111089, -0.110031, 0.988866, -0.082232, -0.124023, 0.131772, 0.871117, 0.473066, 0.069137, -0.484142, 0.872254)

          }},

          {Time = 0.067, Data = {

              ["Head"] = CFrame.new(0.000000, 0.000000, -0.000000, 0.997432, 0.067611, 0.023625, -0.069086, 0.821318, 0.566271, 0.018883, -0.566449, 0.823880),

              ["LeftFoot"] = CFrame.new(0.000000, 0.017456, -0.000003, 0.996473, 0.064188, 0.054048, -0.048954, 0.967820, -0.246855, -0.068150, 0.243320, 0.967544),

              ["LeftHand"] = CFrame.new(0.000483, 0.025378, 0.000000, 0.995845, 0.078328, -0.046453, -0.039428, 0.830658, 0.555389, 0.082089, -0.551245, 0.830293),

              ["LeftLowerArm"] = CFrame.new(-0.000499, 0.119797, 0.092915, 1.000000, -0.000000, 0.000000, 0.000000, 0.039338, -0.999226, 0.000000, 0.999226, 0.039337),

              ["LeftLowerLeg"] = CFrame.new(0.000000, 0.081995, -0.024257, 1.000000, -0.000000, -0.000000, 0.000000, 0.751244, 0.660027, -0.000000, -0.660025, 0.751242),

              ["LeftUpperArm"] = CFrame.new(0.081480, -0.212253, -0.081159, 0.766894, 0.458218, -0.449345, -0.468946, 0.878094, 0.095088, 0.438137, 0.137797, 0.888283),

              ["LeftUpperLeg"] = CFrame.new(-0.000000, 0.000000, -0.000100, 0.293576, 0.939736, -0.175221, 0.551260, -0.316194, -0.772103, -0.780977, 0.130066, -0.610864),

              ["LowerTorso"] = CFrame.new(0.172163, -1.444311, -0.592767, -0.967865, 0.049526, -0.246545, -0.112671, 0.791094, 0.601229, 0.224816, 0.609687, -0.760092),

              ["RightFoot"] = CFrame.new(0.000000, -0.077174, -0.000103, 0.982063, -0.144236, -0.121449, 0.162969, 0.973252, 0.161958, 0.094838, -0.178820, 0.979296),

              ["RightHand"] = CFrame.new(-0.000483, 0.025681, -0.000000, 0.999759, -0.018619, 0.011634, 0.003261, 0.649988, 0.759940, -0.021711, -0.759716, 0.649889),

              ["RightLowerArm"] = CFrame.new(-0.000001, 0.120012, 0.101678, 1.000000, 0.000000, -0.000000, 0.000000, -0.051634, -0.998666, -0.000000, 0.998666, -0.051635),

              ["RightLowerLeg"] = CFrame.new(-0.000000, -0.076906, -0.001015, 1.000000, -0.000000, 0.000000, 0.000000, 1.000000, -0.000008, 0.000000, -0.000011, 1.000000),

              ["RightUpperArm"] = CFrame.new(-0.072451, -0.228570, -0.093206, 0.891286, -0.121031, 0.436990, 0.251473, 0.933871, -0.254254, -0.377319, 0.336505, 0.862783),

              ["RightUpperLeg"] = CFrame.new(0.000000, -0.000000, 0.000000, 0.351783, -0.935513, -0.032612, 0.477152, 0.149237, 0.866057, -0.805341, -0.320223, 0.498881),

              ["UpperTorso"] = CFrame.new(0.133397, -0.107163, -0.121918, 0.991425, -0.068093, -0.111532, 0.106606, 0.915062, 0.388970, 0.075573, -0.397524, 0.914474)

          }},

          {Time = 0.083, Data = {

              ["Head"] = CFrame.new(0.000000, 0.000000, -0.000000, 0.997432, 0.067611, 0.023625, -0.069086, 0.821318, 0.566271, 0.018883, -0.566449, 0.823880),

              ["LeftFoot"] = CFrame.new(0.000000, 0.013779, -0.000003, 0.995126, 0.075434, 0.063517, -0.061662, 0.978628, -0.196191, -0.076955, 0.191303, 0.978506),

              ["LeftHand"] = CFrame.new(0.000483, 0.025293, 0.000000, 0.996278, 0.074126, -0.044003, -0.037447, 0.831940, 0.553605, 0.077644, -0.549892, 0.831616),

              ["LeftLowerArm"] = CFrame.new(-0.000499, 0.119671, 0.091079, 1.000000, -0.000000, -0.000000, 0.000000, 0.058393, -0.998294, 0.000000, 0.998294, 0.058392),

              ["LeftLowerLeg"] = CFrame.new(0.000000, 0.069536, -0.017175, 1.000000, -0.000000, -0.000000, 0.000000, 0.824248, 0.566227, -0.000000, -0.566229, 0.824249),

              ["LeftUpperArm"] = CFrame.new(0.081171, -0.212168, -0.080528, 0.766275, 0.455373, -0.453276, -0.468776, 0.878691, 0.090278, 0.439399, 0.143308, 0.886787),

              ["LeftUpperLeg"] = CFrame.new(-0.000000, -0.000000, -0.000100, 0.315395, 0.939578, -0.133097, 0.603216, -0.306788, -0.736219, -0.732569, 0.151901, -0.663526),

              ["LowerTorso"] = CFrame.new(0.123920, -1.424328, -0.609195, -0.967439, 0.091297, -0.236064, -0.093387, 0.738115, 0.668180, 0.235245, 0.668469, -0.705555),

              ["RightFoot"] = CFrame.new(0.000000, -0.053209, -0.000103, 0.983172, -0.139743, -0.117667, 0.159377, 0.970935, 0.178589, 0.089287, -0.194312, 0.976862),

              ["RightHand"] = CFrame.new(-0.000483, 0.025546, -0.000000, 0.999917, -0.010784, 0.007057, 0.001808, 0.659596, 0.751621, -0.012760, -0.751543, 0.659557),

              ["RightLowerArm"] = CFrame.new(-0.000001, 0.120063, 0.098743, 1.000000, 0.000000, -0.000000, -0.000000, -0.021163, -0.999776, -0.000000, 0.999776, -0.021164),

              ["RightLowerLeg"] = CFrame.new(-0.000000, -0.053023, -0.000699, 1.000000, 0.000000, 0.000000, 0.000000, 1.000000, -0.000008, -0.000000, -0.000011, 1.000000),

              ["RightUpperArm"] = CFrame.new(-0.072027, -0.229666, -0.092938, 0.890438, -0.119130, 0.439237, 0.253666, 0.931225, -0.261674, -0.377855, 0.344425, 0.859417),

              ["RightUpperLeg"] = CFrame.new(0.000000, -0.000000, -0.000000, 0.354290, -0.935133, 0.002144, 0.541166, 0.206902, 0.815065, -0.762639, -0.287606, 0.579365),

              ["UpperTorso"] = CFrame.new(0.098325, -0.099946, -0.133113, 0.993445, -0.052083, -0.101761, 0.080470, 0.950882, 0.298913, 0.081195, -0.305142, 0.948839)

          }},

          {Time = 0.100, Data = {

              ["Head"] = CFrame.new(0.000000, 0.000000, -0.000000, 0.997432, 0.067612, 0.023625, -0.069086, 0.821318, 0.566271, 0.018883, -0.566449, 0.823880),

              ["LeftFoot"] = CFrame.new(0.000000, 0.010973, -0.000003, 0.993748, 0.085402, 0.071911, -0.075429, 0.988439, -0.131536, -0.082309, 0.125281, 0.988700),

              ["LeftHand"] = CFrame.new(0.000483, 0.025204, 0.000000, 0.996707, 0.069711, -0.041430, -0.035355, 0.833338, 0.551636, 0.072980, -0.548350, 0.833056),

              ["LeftLowerArm"] = CFrame.new(-0.000499, 0.119498, 0.089133, 1.000000, -0.000000, -0.000000, 0.000000, 0.078575, -0.996908, 0.000000, 0.996908, 0.078574),

              ["LeftLowerLeg"] = CFrame.new(-0.000000, 0.054273, -0.009794, 1.000000, -0.000000, 0.000000, 0.000000, 0.899467, 0.436979, -0.000000, -0.436988, 0.899471),

              ["LeftUpperArm"] = CFrame.new(0.080834, -0.212068, -0.079835, 0.765601, 0.452323, -0.457448, -0.468575, 0.879303, 0.085229, 0.440786, 0.149097, 0.885143),

              ["LeftUpperLeg"] = CFrame.new(-0.000000, 0.000000, -0.000100, 0.338289, 0.938133, -0.073925, 0.649046, -0.289492, -0.703519, -0.681395, 0.190000, -0.706821),

              ["LowerTorso"] = CFrame.new(0.074564, -1.403240, -0.623128, -0.965648, 0.131941, -0.223867, -0.075834, 0.680917, 0.728424, 0.248543, 0.720378, -0.647520),

              ["RightFoot"] = CFrame.new(-0.000000, -0.029566, -0.000103, 0.983848, -0.136932, -0.115299, 0.157693, 0.967803, 0.196218, 0.084716, -0.211204, 0.973758),

              ["RightHand"] = CFrame.new(-0.000483, 0.025402, -0.000000, 0.999994, -0.002677, 0.002322, 0.000068, 0.669669, 0.742662, -0.003543, -0.742655, 0.669662),

              ["RightLowerArm"] = CFrame.new(-0.000000, 0.120019, 0.095611, 1.000000, 0.000000, -0.000000, 0.000000, 0.011361, -0.999935, -0.000000, 0.999936, 0.011360),

              ["RightLowerLeg"] = CFrame.new(-0.000000, -0.029462, -0.000387, 1.000000, 0.000000, 0.000000, 0.000000, 1.000000, -0.000008, -0.000000, -0.000011, 1.000000),

              ["RightUpperArm"] = CFrame.new(-0.071554, -0.230758, -0.092561, 0.889492, -0.116803, 0.441771, 0.255850, 0.928334, -0.269697, -0.378609, 0.352921, 0.855630),

              ["RightUpperLeg"] = CFrame.new(0.000000, 0.000000, 0.000000, 0.361649, -0.931580, 0.037011, 0.597995, 0.262242, 0.757385, -0.715271, -0.251771, 0.651919),

              ["UpperTorso"] = CFrame.new(0.062051, -0.089800, -0.143122, 0.994833, -0.034170, -0.095599, 0.053491, 0.976768, 0.207515, 0.086287, -0.211556, 0.973549)

          }},

          {Time = 0.117, Data = {

              ["Head"] = CFrame.new(-0.000000, 0.000000, -0.000000, 0.997432, 0.067611, 0.023625, -0.069086, 0.821318, 0.566271, 0.018883, -0.566449, 0.823880),

              ["LeftFoot"] = CFrame.new(-0.000000, 0.007295, -0.000003, 0.992386, 0.094217, 0.079334, -0.090345, 0.994599, -0.051090, -0.083715, 0.043535, 0.995538),

              ["LeftHand"] = CFrame.new(0.000483, 0.025109, 0.000000, 0.997117, 0.065205, -0.038803, -0.033207, 0.834818, 0.549528, 0.068225, -0.546651, 0.834574),

              ["LeftLowerArm"] = CFrame.new(-0.000499, 0.119276, 0.087132, 1.000000, -0.000000, 0.000000, 0.000000, 0.099333, -0.995054, 0.000000, 0.995054, 0.099332),

              ["LeftLowerLeg"] = CFrame.new(-0.000000, 0.033947, -0.003437, 1.000000, -0.000000, -0.000000, 0.000000, 0.963972, 0.265988, -0.000000, -0.266003, 0.963976),

              ["LeftUpperArm"] = CFrame.new(0.080478, -0.211952, -0.079095, 0.764889, 0.449145, -0.461750, -0.468344, 0.879910, 0.080079, 0.442265, 0.155006, 0.883388),

              ["LeftUpperLeg"] = CFrame.new(-0.000000, 0.000000, -0.000100, 0.362847, 0.931843, 0.003312, 0.686388, -0.264870, -0.677288, -0.630249, 0.248016, -0.735711),

              ["LowerTorso"] = CFrame.new(0.025995, -1.382166, -0.634310, -0.962309, 0.170846, -0.211596, -0.060790, 0.623231, 0.779672, 0.265077, 0.763148, -0.589355),

              ["RightFoot"] = CFrame.new(0.000000, -0.007220, -0.000103, 0.984046, -0.136094, -0.114594, 0.158230, 0.963947, 0.213967, 0.081340, -0.228658, 0.970096),

              ["RightHand"] = CFrame.new(-0.000483, 0.025253, 0.000000, 0.999982, 0.005473, -0.002438, -0.001934, 0.679930, 0.733278, 0.005671, -0.733257, 0.679925),

              ["RightLowerArm"] = CFrame.new(-0.000001, 0.119863, 0.092362, 1.000000, 0.000000, -0.000000, 0.000000, 0.045076, -0.998984, -0.000000, 0.998984, 0.045076),

              ["RightLowerLeg"] = CFrame.new(-0.000000, -0.007194, -0.000092, 1.000000, -0.000000, -0.000000, -0.000000, 1.000000, -0.000008, 0.000000, -0.000011, 1.000000),

              ["RightUpperArm"] = CFrame.new(-0.071044, -0.231813, -0.092079, 0.888472, -0.114080, 0.444527, 0.257960, 0.925257, -0.278130, -0.379572, 0.361781, 0.851492),

              ["RightUpperLeg"] = CFrame.new(0.000000, -0.000000, 0.000000, 0.374543, -0.924535, 0.070380, 0.644601, 0.314198, 0.696973, -0.666489, -0.215675, 0.713636),

              ["UpperTorso"] = CFrame.new(0.026622, -0.077313, -0.151735, 0.995472, -0.014466, -0.093946, 0.025732, 0.992461, 0.119832, 0.091504, -0.121707, 0.988339)

          }},

          {Time = 0.133, Data = {

              ["Head"] = CFrame.new(-0.000000, -0.000000, 0.000000, 0.997432, 0.067611, 0.023625, -0.069086, 0.821318, 0.566271, 0.018883, -0.566449, 0.823880),

              ["LeftFoot"] = CFrame.new(-0.000000, 0.000967, -0.000003, 0.991041, 0.102166, 0.086027, -0.107150, 0.992697, 0.055445, -0.079730, -0.064149, 0.994749),

              ["LeftHand"] = CFrame.new(0.000484, 0.024922, 0.000000, 0.997498, 0.060726, -0.036192, -0.031052, 0.836303, 0.547391, 0.063508, -0.544894, 0.836094),

              ["LeftLowerArm"] = CFrame.new(-0.000500, 0.118960, 0.085154, 1.000000, -0.000000, -0.000000, 0.000000, 0.119924, -0.992783, 0.000000, 0.992783, 0.119924),

              ["LeftLowerLeg"] = CFrame.new(0.000000, 0.004501, 0.000063, 1.000000, 0.000000, -0.000000, 0.000000, 0.999504, 0.031473, -0.000000, -0.031491, 0.999505),

              ["LeftUpperArm"] = CFrame.new(0.080112, -0.211825, -0.078329, 0.764157, 0.445975, -0.466016, -0.468089, 0.880487, 0.075064, 0.443798, 0.160777, 0.881586),

              ["LeftUpperLeg"] = CFrame.new(-0.000000, 0.000000, -0.000100, 0.389745, 0.914575, 0.107950, 0.713470, -0.225754, -0.663323, -0.582288, 0.335541, -0.740506),

              ["LowerTorso"] = CFrame.new(-0.020004, -1.362464, -0.642841, -0.957234, 0.207701, -0.201403, -0.049109, 0.569387, 0.820602, 0.285116, 0.795399, -0.534836),

              ["RightFoot"] = CFrame.new(-0.000000, 0.004214, -0.000103, 0.983744, -0.137368, -0.115667, 0.155901, 0.972961, 0.170437, 0.089123, -0.185678, 0.978556),

              ["RightHand"] = CFrame.new(-0.000483, 0.025102, 0.000000, 0.999884, 0.013456, -0.007100, -0.004148, 0.690107, 0.723699, 0.014638, -0.723583, 0.690079),

              ["RightLowerArm"] = CFrame.new(-0.000001, 0.119592, 0.089085, 1.000000, 0.000000, -0.000000, 0.000000, 0.079078, -0.996868, -0.000000, 0.996868, 0.079077),

              ["RightLowerLeg"] = CFrame.new(-0.000000, 0.017226, -0.000833, 1.000000, 0.000000, 0.000000, -0.000000, 0.991349, 0.131237, 0.000000, -0.131255, 0.991351),

              ["RightUpperArm"] = CFrame.new(-0.070511, -0.232804, -0.091508, 0.887405, -0.111024, 0.447423, 0.259942, 0.922063, -0.286758, -0.380714, 0.370775, 0.847103),

              ["RightUpperLeg"] = CFrame.new(0.000000, 0.000000, -0.000000, 0.393377, -0.904693, 0.163655, 0.678856, 0.405874, 0.611902, -0.620007, -0.129603, 0.773817),

              ["UpperTorso"] = CFrame.new(-0.005881, -0.063238, -0.159093, 0.995194, 0.006740, -0.097690, -0.002746, 0.999157, 0.040967, 0.097884, -0.040502, 0.994373)

          }},

          {Time = 0.150, Data = {

              ["Head"] = CFrame.new(-0.000000, 0.000000, -0.000000, 0.997432, 0.067612, 0.023625, -0.069086, 0.821318, 0.566271, 0.018883, -0.566449, 0.823880),

              ["LeftFoot"] = CFrame.new(-0.000000, -0.021022, -0.000003, 0.989676, 0.109636, 0.092317, -0.115932, 0.991075, 0.065831, -0.084271, -0.075835, 0.993551),

              ["LeftHand"] = CFrame.new(0.000484, 0.024738, -0.000000, 0.997841, 0.056393, -0.033665, -0.028952, 0.837787, 0.545233, 0.058951, -0.543077, 0.837609),

              ["LeftLowerArm"] = CFrame.new(-0.000500, 0.118611, 0.083228, 1.000000, -0.000000, 0.000000, 0.000000, 0.139974, -0.990155, 0.000000, 0.990155, 0.139973),

              ["LeftLowerLeg"] = CFrame.new(-0.000000, -0.020548, -0.000171, 1.000000, -0.000000, 0.000000, 0.000000, 1.000000, -0.000008, -0.000000, -0.000011, 1.000000),

              ["LeftUpperArm"] = CFrame.new(0.079746, -0.211690, -0.077558, 0.763425, 0.442842, -0.470185, -0.467820, 0.881030, 0.070211, 0.445339, 0.166362, 0.879771),

              ["LeftUpperLeg"] = CFrame.new(-0.000000, 0.000000, -0.000100, 0.419610, 0.900569, 0.113601, 0.729074, -0.259833, -0.633197, -0.540720, 0.348515, -0.765609),

              ["LowerTorso"] = CFrame.new(-0.061705, -1.345601, -0.649133, -0.950218, 0.242321, -0.195874, -0.041736, 0.523987, 0.850703, 0.308779, 0.816528, -0.487788),

              ["RightFoot"] = CFrame.new(0.000000, 0.007740, -0.000103, 0.982938, -0.140703, -0.118476, 0.154447, 0.981152, 0.116145, 0.099895, -0.132449, 0.986141),

              ["RightHand"] = CFrame.new(-0.000484, 0.024891, 0.000000, 0.999711, 0.021075, -0.011550, -0.006503, 0.699902, 0.714213, 0.023136, -0.713928, 0.699833),

              ["RightLowerArm"] = CFrame.new(-0.000001, 0.119182, 0.085887, 1.000000, 0.000000, -0.000000, 0.000000, 0.112297, -0.993675, -0.000000, 0.993675, 0.112296),

              ["RightLowerLeg"] = CFrame.new(0.000000, 0.035071, -0.003844, 1.000000, 0.000000, 0.000000, -0.000000, 0.960862, 0.277012, 0.000000, -0.277026, 0.960867),

              ["RightUpperArm"] = CFrame.new(-0.069970, -0.233711, -0.090872, 0.886324, -0.107769, 0.450351, 0.261756, 0.918857, -0.295272, -0.381987, 0.379589, 0.842614),

              ["RightUpperLeg"] = CFrame.new(0.000000, 0.000000, -0.000000, 0.418210, -0.871458, 0.256236, 0.699500, 0.488939, 0.521195, -0.579483, -0.038721, 0.814063),

              ["UpperTorso"] = CFrame.new(-0.033338, -0.048475, -0.165703, 0.993765, 0.028952, -0.107666, -0.031737, 0.999202, -0.024237, 0.106879, 0.027503, 0.993892)

          }},

          {Time = 0.167, Data = {

              ["Head"] = CFrame.new(0.000000, -0.000000, -0.000000, 0.997432, 0.067611, 0.023625, -0.069086, 0.821318, 0.566271, 0.018883, -0.566449, 0.823880),

              ["LeftFoot"] = CFrame.new(0.000000, -0.042756, -0.000003, 0.988263, 0.116857, 0.098398, -0.123330, 0.990400, 0.062461, -0.090149, -0.073845, 0.993185),

              ["LeftHand"] = CFrame.new(0.000484, 0.024582, -0.000000, 0.998140, 0.052320, -0.031290, -0.026964, 0.839231, 0.543111, 0.054675, -0.541253, 0.839078),

              ["LeftLowerArm"] = CFrame.new(-0.000499, 0.118251, 0.081402, 1.000000, -0.000000, -0.000000, 0.000000, 0.158957, -0.987286, 0.000000, 0.987285, 0.158957),

              ["LeftLowerLeg"] = CFrame.new(-0.000000, -0.042207, -0.000458, 1.000000, 0.000000, 0.000000, 0.000000, 1.000000, -0.000008, -0.000000, -0.000011, 1.000000),

              ["LeftUpperArm"] = CFrame.new(0.079391, -0.211553, -0.076808, 0.762716, 0.439826, -0.474150, -0.467546, 0.881530, 0.065623, 0.446840, 0.171636, 0.877995),

              ["LeftUpperLeg"] = CFrame.new(-0.000000, -0.000000, -0.000100, 0.452395, 0.885381, 0.106963, 0.732834, -0.300716, -0.610348, -0.508225, 0.354500, -0.784878),

              ["LowerTorso"] = CFrame.new(-0.097765, -1.333092, -0.653637, -0.941146, 0.274464, -0.197264, -0.039171, 0.491122, 0.870210, 0.335722, 0.826722, -0.451467),

              ["RightFoot"] = CFrame.new(0.000000, 0.009804, -0.000103, 0.981642, -0.145903, -0.122855, 0.156348, 0.984447, 0.080128, 0.109246, -0.097858, 0.989185),

              ["RightHand"] = CFrame.new(-0.000484, 0.024604, -0.000000, 0.999481, 0.028147, -0.015681, -0.008906, 0.709040, 0.705115, 0.030965, -0.704607, 0.708919),

              ["RightLowerArm"] = CFrame.new(-0.000001, 0.118641, 0.082869, 1.000000, 0.000000, 0.000000, -0.000000, 0.143704, -0.989621, -0.000000, 0.989621, 0.143704),

              ["RightLowerLeg"] = CFrame.new(0.000000, 0.046429, -0.007075, 1.000000, 0.000000, 0.000000, -0.000000, 0.928105, 0.372308, 0.000000, -0.372319, 0.928109),

              ["RightUpperArm"] = CFrame.new(-0.069441, -0.234520, -0.090203, 0.885266, -0.104461, 0.453202, 0.263373, 0.915746, -0.303385, -0.383326, 0.387939, 0.838192),

              ["RightUpperLeg"] = CFrame.new(0.000000, -0.000000, -0.000000, 0.448442, -0.836459, 0.315007, 0.706195, 0.547619, 0.448786, -0.547894, 0.021215, 0.836279),

              ["UpperTorso"] = CFrame.new(-0.054172, -0.034020, -0.172085, 0.990942, 0.051504, -0.124024, -0.060745, 0.995559, -0.071920, 0.119769, 0.078802, 0.989670)

          }},

          {Time = 0.183, Data = {

              ["Head"] = CFrame.new(0.000000, 0.000000, -0.000000, 0.997432, 0.067611, 0.023625, -0.069086, 0.821318, 0.566271, 0.018883, -0.566449, 0.823880),

              ["LeftFoot"] = CFrame.new(-0.000000, -0.061989, -0.000003, 0.986926, 0.123289, 0.103814, -0.130070, 0.989612, 0.061265, -0.095177, -0.073949, 0.992708),

              ["LeftHand"] = CFrame.new(0.000484, 0.024492, 0.000000, 0.998392, 0.048623, -0.029134, -0.025148, 0.840598, 0.541079, 0.050798, -0.539472, 0.840467),

              ["LeftLowerArm"] = CFrame.new(-0.000500, 0.117914, 0.079722, 1.000000, -0.000000, -0.000000, 0.000000, 0.176388, -0.984321, 0.000000, 0.984321, 0.176388),

              ["LeftLowerLeg"] = CFrame.new(0.000000, -0.061373, -0.000712, 1.000000, -0.000000, 0.000000, -0.000000, 1.000000, -0.000008, -0.000000, -0.000011, 1.000000),

              ["LeftUpperArm"] = CFrame.new(0.079061, -0.211420, -0.076106, 0.762054, 0.436998, -0.477814, -0.467280, 0.881976, 0.061383, 0.448245, 0.176496, 0.876314),

              ["LeftUpperLeg"] = CFrame.new(-0.000000, -0.000000, -0.000100, 0.486037, 0.868078, 0.101053, 0.726202, -0.336837, -0.599310, -0.486209, 0.364667, -0.794113),

              ["LowerTorso"] = CFrame.new(-0.128505, -1.326553, -0.656125, -0.930343, 0.303910, -0.205183, -0.039774, 0.472617, 0.880370, 0.364526, 0.827207, -0.427608),

              ["RightFoot"] = CFrame.new(0.000000, 0.011204, -0.000103, 0.979833, -0.152851, -0.128705, 0.160662, 0.985607, 0.052604, 0.118804, -0.072218, 0.990287),

              ["RightHand"] = CFrame.new(-0.000484, 0.024411, -0.000000, 0.999217, 0.034496, -0.019388, -0.011249, 0.717353, 0.696623, 0.037939, -0.695856, 0.717176),

              ["RightLowerArm"] = CFrame.new(-0.000001, 0.118089, 0.080082, 1.000000, 0.000000, 0.000000, 0.000000, 0.172653, -0.984983, -0.000000, 0.984983, 0.172652),

              ["RightLowerLeg"] = CFrame.new(0.000000, 0.054245, -0.009964, 1.000000, 0.000000, -0.000000, -0.000000, 0.898758, 0.438436, 0.000000, -0.438444, 0.898762),

              ["RightUpperArm"] = CFrame.new(-0.068944, -0.235218, -0.089537, 0.884272, -0.101158, 0.455885, 0.264769, 0.912775, -0.311030, -0.384657, 0.395740, 0.833924),

              ["RightUpperLeg"] = CFrame.new(0.000000, 0.000000, -0.000000, 0.482247, -0.802411, 0.351521, 0.699815, 0.594247, 0.396406, -0.526970, 0.054849, 0.848113),

              ["UpperTorso"] = CFrame.new(-0.069191, -0.020670, -0.177717, 0.986741, 0.074023, -0.144442, -0.089095, 0.990907, -0.100827, 0.135665, 0.112359, 0.984363)

          }},

          {Time = 0.200, Data = {

              ["Head"] = CFrame.new(0.000000, 0.000000, -0.000000, 0.997432, 0.067612, 0.023625, -0.069086, 0.821318, 0.566271, 0.018883, -0.566449, 0.823880),

              ["LeftFoot"] = CFrame.new(-0.000000, -0.078681, -0.000003, 0.985853, 0.128215, 0.107962, -0.135546, 0.988735, 0.063505, -0.098598, -0.077222, 0.992125),

              ["LeftHand"] = CFrame.new(0.000484, 0.024414, 0.000000, 0.998596, 0.045414, -0.027263, -0.023561, 0.841813, 0.539258, 0.047440, -0.537855, 0.841699),

              ["LeftLowerArm"] = CFrame.new(-0.000499, 0.117595, 0.078258, 1.000000, -0.000000, -0.000000, 0.000000, 0.191569, -0.981479, 0.000000, 0.981479, 0.191568),

              ["LeftLowerLeg"] = CFrame.new(0.000000, -0.078009, -0.000933, 1.000000, 0.000000, 0.000000, 0.000000, 1.000000, -0.000008, 0.000000, -0.000011, 1.000000),

              ["LeftUpperArm"] = CFrame.new(0.078767, -0.211298, -0.075480, 0.761467, 0.434503, -0.481015, -0.467036, 0.882354, 0.057699, 0.449495, 0.180716, 0.874812),

              ["LeftUpperLeg"] = CFrame.new(-0.000000, 0.000000, -0.000100, 0.518306, 0.850107, 0.093159, 0.710755, -0.367623, -0.599735, -0.475591, 0.377055, -0.794757),

              ["LowerTorso"] = CFrame.new(-0.154558, -1.327448, -0.656003, -0.918274, 0.330195, -0.218503, -0.041145, 0.469288, 0.882086, 0.393801, 0.818987, -0.417349),

              ["RightFoot"] = CFrame.new(0.000000, 0.012198, -0.000103, 0.977432, -0.161598, -0.136070, 0.167005, 0.985523, 0.029225, 0.129369, -0.051289, 0.990268),

              ["RightHand"] = CFrame.new(-0.000484, 0.024280, 0.000000, 0.998947, 0.039953, -0.022575, -0.013407, 0.724574, 0.689070, 0.043887, -0.688038, 0.724343),

              ["RightLowerArm"] = CFrame.new(-0.000001, 0.117551, 0.077631, 1.000000, 0.000000, 0.000000, -0.000000, 0.198065, -0.980189, -0.000000, 0.980189, 0.198064),

              ["RightLowerLeg"] = CFrame.new(-0.000000, 0.059748, -0.012351, 1.000000, 0.000000, 0.000000, -0.000000, 0.874468, 0.485077, 0.000000, -0.485083, 0.874472),

              ["RightUpperArm"] = CFrame.new(-0.068499, -0.235797, -0.088917, 0.883383, -0.098066, 0.458277, 0.265929, 0.910080, -0.317861, -0.385897, 0.402663, 0.830028),

              ["RightUpperLeg"] = CFrame.new(0.000000, -0.000000, -0.000000, 0.517866, -0.769887, 0.372933, 0.680973, 0.634866, 0.365005, -0.517775, 0.064949, 0.853049),

              ["UpperTorso"] = CFrame.new(-0.079955, -0.009148, -0.181663, 0.981383, 0.096709, -0.165936, -0.115957, 0.987088, -0.110509, 0.153106, 0.127693, 0.979925)

          }},

          {Time = 0.217, Data = {

              ["Head"] = CFrame.new(0.000000, 0.000000, 0.000000, 0.997432, 0.067612, 0.023625, -0.069086, 0.821318, 0.566272, 0.018883, -0.566449, 0.823880),

              ["LeftFoot"] = CFrame.new(-0.000000, -0.092773, -0.000003, 0.985246, 0.130914, 0.110234, -0.139123, 0.987774, 0.070362, -0.099669, -0.084641, 0.991412),

              ["LeftHand"] = CFrame.new(0.000484, 0.024349, -0.000000, 0.998752, 0.042809, -0.025744, -0.022264, 0.842819, 0.537740, 0.044717, -0.536492, 0.842717),

              ["LeftLowerArm"] = CFrame.new(-0.000499, 0.117317, 0.077066, 1.000000, -0.000000, -0.000000, 0.000000, 0.203930, -0.978986, 0.000000, 0.978986, 0.203930),

              ["LeftLowerLeg"] = CFrame.new(-0.000000, -0.092052, -0.001119, 1.000000, -0.000000, -0.000000, 0.000000, 1.000000, -0.000008, -0.000000, -0.000011, 1.000000),

              ["LeftUpperArm"] = CFrame.new(0.078524, -0.211195, -0.074962, 0.760981, 0.432449, -0.483627, -0.466828, 0.882655, 0.054703, 0.450532, 0.184143, 0.873563),

              ["LeftUpperLeg"] = CFrame.new(-0.000000, -0.000000, -0.000100, 0.547395, 0.832991, 0.080537, 0.687512, -0.392742, -0.610805, -0.477164, 0.389717, -0.787675),

              ["LowerTorso"] = CFrame.new(-0.176549, -1.337046, -0.652378, -0.905426, 0.352829, -0.236041, -0.040631, 0.481457, 0.875527, 0.422556, 0.802316, -0.421588),

              ["RightFoot"] = CFrame.new(0.000000, 0.012915, -0.000103, 0.974266, -0.172423, -0.145185, 0.175334, 0.984481, 0.007396, 0.141647, -0.032663, 0.989377),

              ["RightHand"] = CFrame.new(-0.000484, 0.024172, -0.000000, 0.998700, 0.044349, -0.025142, -0.015246, 0.730430, 0.682820, 0.048646, -0.681546, 0.730154),

              ["RightLowerArm"] = CFrame.new(-0.000001, 0.117061, 0.075628, 1.000000, 0.000000, -0.000000, -0.000000, 0.218834, -0.975762, -0.000000, 0.975762, 0.218834),

              ["RightLowerLeg"] = CFrame.new(0.000000, 0.063654, -0.014236, 1.000000, 0.000000, 0.000000, -0.000000, 0.855268, 0.518182, 0.000000, -0.518187, 0.855270),

              ["RightUpperArm"] = CFrame.new(-0.068130, -0.236251, -0.088385, 0.882644, -0.095417, 0.460256, 0.266835, 0.907821, -0.323511, -0.386962, 0.408358, 0.826743),

              ["RightUpperLeg"] = CFrame.new(0.000000, -0.000000, -0.000000, 0.554044, -0.738017, 0.385171, 0.649342, 0.672655, 0.354823, -0.520952, 0.053536, 0.851906),

              ["UpperTorso"] = CFrame.new(-0.088183, 0.000051, -0.182888, 0.975240, 0.120367, -0.185522, -0.140692, 0.984934, -0.100552, 0.170624, 0.124164, 0.977482)

          }},

          {Time = 0.233, Data = {

              ["Head"] = CFrame.new(0.000000, 0.000000, -0.000000, 0.997432, 0.067611, 0.023625, -0.069086, 0.821318, 0.566271, 0.018883, -0.566449, 0.823880),

              ["LeftFoot"] = CFrame.new(0.000000, -0.104335, -0.000004, 0.985315, 0.130611, 0.109979, -0.140051, 0.986664, 0.082968, -0.097671, -0.097132, 0.990465),

              ["LeftHand"] = CFrame.new(0.000484, 0.024303, 0.000000, 0.998858, 0.040923, -0.024644, -0.021320, 0.843559, 0.536618, 0.042748, -0.535476, 0.843466),

              ["LeftLowerArm"] = CFrame.new(-0.000499, 0.117106, 0.076200, 1.000000, -0.000000, 0.000000, 0.000000, 0.212903, -0.977073, 0.000000, 0.977073, 0.212903),

              ["LeftLowerLeg"] = CFrame.new(0.000000, -0.103576, -0.001272, 1.000000, -0.000000, 0.000000, -0.000000, 1.000000, -0.000008, 0.000000, -0.000011, 1.000000),

              ["LeftUpperArm"] = CFrame.new(0.078346, -0.211116, -0.074581, 0.760625, 0.430945, -0.485527, -0.466672, 0.882869, 0.052532, 0.451294, 0.186626, 0.872642),

              ["LeftUpperLeg"] = CFrame.new(-0.000000, -0.000000, -0.000100, 0.571822, 0.818159, 0.060313, 0.656751, -0.412476, -0.631303, -0.491627, 0.400599, -0.773188),

              ["LowerTorso"] = CFrame.new(-0.195197, -1.356407, -0.643974, -0.892263, 0.371563, -0.256529, -0.035345, 0.508929, 0.860083, 0.450130, 0.776487, -0.440966),

              ["RightFoot"] = CFrame.new(0.000000, 0.013419, -0.000103, 0.970032, -0.185867, -0.156506, 0.185976, 0.982454, -0.014087, 0.156367, -0.015444, 0.987577),

              ["RightHand"] = CFrame.new(-0.000484, 0.024093, -0.000000, 0.998506, 0.047515, -0.026991, -0.016627, 0.734669, 0.678225, 0.052055, -0.676760, 0.734358),

              ["RightLowerArm"] = CFrame.new(-0.000000, 0.116676, 0.074169, 1.000000, 0.000000, 0.000000, -0.000000, 0.233955, -0.972247, -0.000000, 0.972247, 0.233955),

              ["RightLowerLeg"] = CFrame.new(-0.000000, 0.066363, -0.015639, 1.000000, 0.000000, 0.000000, -0.000000, 0.840951, 0.541107, 0.000000, -0.541111, 0.840953),

              ["RightUpperArm"] = CFrame.new(-0.067857, -0.236569, -0.087983, 0.882098, -0.093419, 0.461710, 0.267473, 0.906142, -0.327665, -0.387765, 0.412528, 0.824293),

              ["RightUpperLeg"] = CFrame.new(-0.000000, -0.000000, -0.000000, 0.589911, -0.705122, 0.393444, 0.603354, 0.708752, 0.365572, -0.536627, 0.021748, 0.843540),

              ["UpperTorso"] = CFrame.new(-0.095673, 0.006928, -0.180275, 0.968769, 0.146301, -0.200208, -0.163172, 0.984079, -0.070446, 0.186714, 0.100915, 0.977218)

          }},

          {Time = 0.250, Data = {

              ["Head"] = CFrame.new(0.000000, 0.000000, -0.000000, 0.997432, 0.067611, 0.023625, -0.069086, 0.821318, 0.566271, 0.018883, -0.566449, 0.823880),

              ["LeftFoot"] = CFrame.new(0.000000, -0.113717, -0.000004, 0.986247, 0.126428, 0.106457, -0.137349, 0.985219, 0.102392, -0.091934, -0.115584, 0.989031),

              ["LeftHand"] = CFrame.new(0.000484, 0.024277, 0.000000, 0.998916, 0.039868, -0.024029, -0.020791, 0.843977, 0.535980, 0.041648, -0.534895, 0.843889),

              ["LeftLowerArm"] = CFrame.new(-0.000499, 0.116984, 0.075716, 1.000000, -0.000000, -0.000000, -0.000000, 0.217924, -0.975966, 0.000000, 0.975966, 0.217924),

              ["LeftLowerLeg"] = CFrame.new(-0.000000, -0.112927, -0.001396, 1.000000, 0.000000, -0.000000, 0.000000, 1.000000, -0.000008, -0.000000, -0.000011, 1.000000),

              ["LeftUpperArm"] = CFrame.new(0.078246, -0.211072, -0.074366, 0.760425, 0.430099, -0.486588, -0.466583, 0.882988, 0.051319, 0.451723, 0.188010, 0.872123),

