return {
["pro twerk"] = {

          {Time = 0.000, Data = {

              ["Head"] = CFrame.new(-0.000000, 0.000000, -0.000000, 1.000000, -0.000000, 0.000000, 0.000000, 1.000000, -0.000000, -0.000000, 0.000000, 1.000000),

              ["LeftFoot"] = CFrame.new(-0.000000, 0.012430, -0.000003, 0.890553, -0.347966, -0.292994, 0.285896, 0.929130, -0.234492, 0.353805, 0.125050, 0.926913),

              ["LeftHand"] = CFrame.new(0.000484, 0.024087, -0.000000, 0.978583, 0.177558, -0.104157, -0.190117, 0.973574, -0.126533, 0.078937, 0.143624, 0.986479),

              ["LeftLowerArm"] = CFrame.new(-0.000499, 0.116022, 0.072223, 1.000000, -0.000000, -0.000000, 0.000000, 0.254125, -0.967171, 0.000000, 0.967171, 0.254125),

              ["LeftLowerLeg"] = CFrame.new(0.000000, 0.062306, -0.013369, 1.000000, -0.000000, -0.000000, 0.000000, 0.863078, 0.505067, -0.000000, -0.505071, 0.863080),

              ["LeftUpperArm"] = CFrame.new(-0.092569, -0.686266, 0.130356, -0.134269, -0.502582, -0.854040, -0.583354, 0.736771, -0.341859, 0.801043, 0.452306, -0.392109),

              ["LeftUpperLeg"] = CFrame.new(-0.000000, -0.000000, -0.000100, 0.757319, 0.650871, 0.053245, -0.583631, 0.711143, -0.391969, -0.292988, 0.265787, 0.918436),

              ["LowerTorso"] = CFrame.new(0.394562, -0.106768, 0.000000, 0.959915, -0.280292, -0.000000, 0.280292, 0.959915, -0.000000, 0.000000, -0.000000, 1.000000),

              ["RightFoot"] = CFrame.new(-0.000000, -0.019836, -0.000103, 0.993717, -0.085613, -0.072088, 0.085826, 0.996310, -0.000143, 0.071832, -0.006034, 0.997398),

              ["RightHand"] = CFrame.new(-0.000484, 0.025389, 0.000000, 0.592748, 0.168044, -0.787663, 0.361556, 0.818385, 0.446683, 0.719671, -0.549551, 0.424336),

              ["RightLowerArm"] = CFrame.new(-0.000001, 0.120009, 0.095318, 1.000000, 0.000000, -0.000000, 0.000000, 0.014399, -0.999896, -0.000000, 0.999896, 0.014398),

              ["RightLowerLeg"] = CFrame.new(0.000000, -0.019766, -0.000258, 1.000000, -0.000000, -0.000000, -0.000000, 1.000000, -0.000008, -0.000000, -0.000011, 1.000000),

              ["RightUpperArm"] = CFrame.new(0.179430, -0.737740, -0.179374, -0.193915, 0.432037, 0.880762, 0.812348, 0.574053, -0.102735, -0.549989, 0.695563, -0.462282),

              ["RightUpperLeg"] = CFrame.new(0.000000, -0.000000, -0.000000, 0.929887, 0.361644, 0.067262, -0.360712, 0.932317, -0.025929, -0.072087, -0.000143, 0.997398),

              ["UpperTorso"] = CFrame.new(-0.236703, 0.197047, 0.000000, 0.952457, 0.304672, 0.000000, -0.304672, 0.952457, -0.000000, -0.000000, -0.000000, 1.000000)

          }},

          {Time = 0.017, Data = {

              ["Head"] = CFrame.new(0.000000, -0.000000, 0.000000, 1.000000, -0.000000, 0.000000, 0.000000, 1.000000, -0.000000, 0.000000, 0.000000, 1.000000),

              ["LeftFoot"] = CFrame.new(-0.000000, 0.012616, -0.000003, 0.892555, -0.344953, -0.290457, 0.281181, 0.929269, -0.239587, 0.352539, 0.132161, 0.926409),

              ["LeftHand"] = CFrame.new(0.000484, 0.024093, -0.000000, 0.978685, 0.177141, -0.103913, -0.189583, 0.973812, -0.125494, 0.078961, 0.142519, 0.986637),

              ["LeftLowerArm"] = CFrame.new(-0.000500, 0.116055, 0.072332, 1.000000, -0.000000, -0.000000, 0.000000, 0.253001, -0.967466, 0.000000, 0.967466, 0.253001),

              ["LeftLowerLeg"] = CFrame.new(-0.000000, 0.063322, -0.013869, 1.000000, -0.000000, -0.000000, 0.000000, 0.857981, 0.513677, -0.000000, -0.513681, 0.857984),

              ["LeftUpperArm"] = CFrame.new(-0.092451, -0.686279, 0.130366, -0.134034, -0.502252, -0.854270, -0.583381, 0.736834, -0.341676, 0.801063, 0.452569, -0.391766),

              ["LeftUpperLeg"] = CFrame.new(-0.000000, -0.000000, -0.000100, 0.762718, 0.644661, 0.051705, -0.581474, 0.718555, -0.381519, -0.283105, 0.260944, 0.922914),

              ["LowerTorso"] = CFrame.new(0.388100, -0.110046, -0.000884, 0.961205, -0.275814, 0.003380, 0.275835, 0.961124, -0.012477, 0.000192, 0.012925, 0.999917),

              ["RightFoot"] = CFrame.new(0.000000, -0.016842, -0.000103, 0.994140, -0.082690, -0.069627, 0.082852, 0.996562, -0.000564, 0.069431, -0.005197, 0.997573),

              ["RightHand"] = CFrame.new(-0.000483, 0.025388, 0.000000, 0.593359, 0.166550, -0.787521, 0.361307, 0.819158, 0.445467, 0.719293, -0.548855, 0.425875),

              ["RightLowerArm"] = CFrame.new(-0.000001, 0.120009, 0.095303, 1.000000, 0.000000, -0.000000, 0.000000, 0.014555, -0.999894, -0.000000, 0.999894, 0.014554),

              ["RightLowerLeg"] = CFrame.new(0.000000, -0.016783, -0.000219, 1.000000, 0.000000, -0.000000, -0.000000, 1.000000, -0.000008, -0.000000, -0.000011, 1.000000),

              ["RightUpperArm"] = CFrame.new(0.179948, -0.737446, -0.179123, -0.194951, 0.431175, 0.880955, 0.811759, 0.575049, -0.101814, -0.550492, 0.695275, -0.462117),

              ["RightUpperLeg"] = CFrame.new(0.000000, -0.000001, -0.000000, 0.932751, 0.354524, 0.065496, -0.354573, 0.934961, -0.011255, -0.065228, -0.012718, 0.997789),

              ["UpperTorso"] = CFrame.new(-0.231841, 0.199066, -0.006815, 0.953990, 0.299838, 0.000192, -0.299815, 0.953910, 0.012925, 0.003692, -0.012388, 0.999917)

          }},

          {Time = 0.033, Data = {

              ["Head"] = CFrame.new(0.000000, 0.000000, 0.000000, 1.000000, -0.000000, -0.000000, 0.000000, 1.000000, -0.000000, 0.000000, 0.000000, 1.000000),

              ["LeftFoot"] = CFrame.new(0.000000, 0.013087, -0.000003, 0.898386, -0.335978, -0.282900, 0.268189, 0.929697, -0.252478, 0.347819, 0.150938, 0.925323),

              ["LeftHand"] = CFrame.new(0.000484, 0.024109, 0.000000, 0.978971, 0.175957, -0.103221, -0.188073, 0.974475, -0.122584, 0.079016, 0.139419, 0.987076),

              ["LeftLowerArm"] = CFrame.new(-0.000500, 0.116142, 0.072630, 1.000000, -0.000000, -0.000000, 0.000000, 0.249906, -0.968270, 0.000000, 0.968270, 0.249906),

              ["LeftLowerLeg"] = CFrame.new(0.000000, 0.065862, -0.015168, 1.000000, -0.000000, -0.000000, 0.000000, 0.844736, 0.535179, -0.000000, -0.535183, 0.844739),

              ["LeftUpperArm"] = CFrame.new(-0.092121, -0.686319, 0.130393, -0.133374, -0.501361, -0.854897, -0.583459, 0.736997, -0.341191, 0.801116, 0.453291, -0.390820),

              ["LeftUpperLeg"] = CFrame.new(-0.000000, -0.000000, -0.000100, 0.778081, 0.626307, 0.048278, -0.573607, 0.739724, -0.351814, -0.256058, 0.246065, 0.934824),

              ["LowerTorso"] = CFrame.new(0.369606, -0.118455, -0.002998, 0.964746, -0.262910, 0.012009, 0.263183, 0.963611, -0.046781, 0.000728, 0.048293, 0.998833),

              ["RightFoot"] = CFrame.new(0.000000, -0.008824, -0.000103, 0.995299, -0.074089, -0.062385, 0.074137, 0.997247, -0.001555, 0.062326, -0.003067, 0.998051),

              ["RightHand"] = CFrame.new(-0.000483, 0.025386, -0.000000, 0.595066, 0.162350, -0.787109, 0.360612, 0.821321, 0.442034, 0.718230, -0.546877, 0.430192),

              ["RightLowerArm"] = CFrame.new(-0.000001, 0.120007, 0.095262, 1.000000, 0.000000, -0.000000, 0.000000, 0.014985, -0.999888, -0.000000, 0.999888, 0.014984),

              ["RightLowerLeg"] = CFrame.new(-0.000000, -0.008793, -0.000113, 1.000000, -0.000000, 0.000000, -0.000000, 1.000000, -0.000008, 0.000000, -0.000011, 1.000000),

              ["RightUpperArm"] = CFrame.new(0.181395, -0.736618, -0.178421, -0.197845, 0.428750, 0.881494, 0.810104, 0.577828, -0.099228, -0.551896, 0.694469, -0.461653),

              ["RightUpperLeg"] = CFrame.new(-0.000000, -0.000001, -0.000000, 0.940666, 0.333980, 0.060048, -0.336079, 0.941392, 0.028854, -0.046893, -0.047315, 0.997778),

              ["UpperTorso"] = CFrame.new(-0.218264, 0.203722, -0.026029, 0.958200, 0.286098, 0.000728, -0.285798, 0.957072, 0.048293, 0.013120, -0.046482, 0.998833)

          }},

          {Time = 0.050, Data = {

              ["Head"] = CFrame.new(-0.000000, 0.000000, 0.000000, 1.000000, -0.000000, -0.000000, 0.000000, 1.000000, -0.000000, 0.000000, 0.000000, 1.000000),

              ["LeftFoot"] = CFrame.new(0.000000, 0.013685, -0.000003, 0.907730, -0.320945, -0.270242, 0.248879, 0.930423, -0.269034, 0.337765, 0.176937, 0.924441),

              ["LeftHand"] = CFrame.new(0.000484, 0.024133, -0.000000, 0.979416, 0.174105, -0.102139, -0.185722, 0.975478, -0.118109, 0.079070, 0.134646, 0.987734),

              ["LeftLowerArm"] = CFrame.new(-0.000500, 0.116271, 0.073079, 1.000000, -0.000000, 0.000000, -0.000000, 0.245260, -0.969457, 0.000000, 0.969457, 0.245260),

              ["LeftLowerLeg"] = CFrame.new(-0.000000, 0.069039, -0.016895, 1.000000, -0.000000, -0.000000, 0.000000, 0.827110, 0.562038, -0.000000, -0.562040, 0.827111),

              ["LeftUpperArm"] = CFrame.new(-0.091611, -0.686379, 0.130433, -0.132354, -0.500057, -0.855819, -0.583581, 0.737217, -0.340506, 0.801196, 0.454372, -0.389397),

              ["LeftUpperLeg"] = CFrame.new(-0.000000, -0.000000, -0.000100, 0.801897, 0.595760, 0.045066, -0.556900, 0.772640, -0.304763, -0.216387, 0.219310, 0.951361),

              ["LowerTorso"] = CFrame.new(0.340387, -0.129566, -0.005497, 0.969928, -0.242298, 0.023068, 0.243389, 0.964941, -0.098240, 0.001544, 0.100901, 0.994895),

              ["RightFoot"] = CFrame.new(-0.000000, 0.000903, -0.000103, 0.996930, -0.059893, -0.050431, 0.059259, 0.998145, -0.013978, 0.051173, 0.010956, 0.998630),

              ["RightHand"] = CFrame.new(-0.000483, 0.025383, 0.000000, 0.597675, 0.155867, -0.786443, 0.359549, 0.824642, 0.436684, 0.716595, -0.543756, 0.436823),

              ["RightLowerArm"] = CFrame.new(-0.000001, 0.120005, 0.095197, 1.000000, 0.000000, 0.000000, 0.000000, 0.015659, -0.999877, -0.000000, 0.999877, 0.015658),

              ["RightLowerLeg"] = CFrame.new(0.000000, 0.003295, -0.000019, 1.000000, -0.000000, 0.000000, -0.000000, 0.999711, 0.024016, -0.000000, -0.024034, 0.999712),

              ["RightUpperArm"] = CFrame.new(0.183608, -0.735338, -0.177349, -0.202271, 0.425005, 0.882302, 0.807544, 0.582066, -0.095249, -0.554039, 0.693231, -0.460946),

              ["RightUpperLeg"] = CFrame.new(-0.000000, -0.000000, -0.000000, 0.952295, 0.301599, 0.046611, -0.304436, 0.949485, 0.076145, -0.021292, -0.086694, 0.996007),

              ["UpperTorso"] = CFrame.new(-0.197593, 0.208533, -0.055884, 0.964369, 0.264558, 0.001544, -0.263359, 0.959407, 0.100901, 0.025213, -0.097712, 0.994895)

          }},

          {Time = 0.067, Data = {

              ["Head"] = CFrame.new(-0.000000, 0.000000, -0.000000, 1.000000, -0.000000, 0.000000, 0.000000, 1.000000, -0.000000, -0.000000, 0.000000, 1.000000),

              ["LeftFoot"] = CFrame.new(-0.000000, 0.014403, -0.000003, 0.920046, -0.299722, -0.252371, 0.225424, 0.931726, -0.284745, 0.320467, 0.205071, 0.924786),

              ["LeftHand"] = CFrame.new(0.000484, 0.024163, -0.000001, 0.979990, 0.171683, -0.100724, -0.182662, 0.976733, -0.112372, 0.079087, 0.128521, 0.988548),

              ["LeftLowerArm"] = CFrame.new(-0.000499, 0.116428, 0.073636, 1.000000, -0.000000, -0.000000, 0.000000, 0.239483, -0.970901, 0.000000, 0.970901, 0.239483),

              ["LeftLowerLeg"] = CFrame.new(-0.000000, 0.072083, -0.018569, 1.000000, -0.000000, 0.000000, 0.000000, 0.809957, 0.586488, -0.000000, -0.586489, 0.809958),

              ["LeftUpperArm"] = CFrame.new(-0.090952, -0.686460, 0.130483, -0.131036, -0.498495, -0.856932, -0.583742, 0.737449, -0.339727, 0.801296, 0.455711, -0.387625),

              ["LeftUpperLeg"] = CFrame.new(-0.000000, -0.000000, -0.000100, 0.832176, 0.552768, 0.043960, -0.527957, 0.814064, -0.241977, -0.169544, 0.178178, 0.969286),

              ["LowerTorso"] = CFrame.new(0.301838, -0.140894, -0.007462, 0.976058, -0.214919, 0.033482, 0.217496, 0.962531, -0.161956, 0.002580, 0.165360, 0.986230),

              ["RightFoot"] = CFrame.new(0.000000, 0.004850, -0.000103, 0.998620, -0.040173, -0.033827, 0.037485, 0.996351, -0.076678, 0.036782, 0.075305, 0.996482),

              ["RightHand"] = CFrame.new(-0.000484, 0.025379, 0.000000, 0.600983, 0.147528, -0.785530, 0.358195, 0.828883, 0.429712, 0.714504, -0.539619, 0.445298),

              ["RightLowerArm"] = CFrame.new(-0.000000, 0.120002, 0.095110, 1.000000, 0.000000, 0.000000, 0.000000, 0.016561, -0.999863, -0.000000, 0.999863, 0.016560),

              ["RightLowerLeg"] = CFrame.new(-0.000000, 0.020232, -0.001176, 1.000000, 0.000000, -0.000000, -0.000000, 0.987866, 0.155289, 0.000000, -0.155306, 0.987869),

              ["RightUpperArm"] = CFrame.new(0.186422, -0.733688, -0.175993, -0.207901, 0.420194, 0.883297, 0.804242, 0.587425, -0.090151, -0.556752, 0.691642, -0.460064),

              ["RightUpperLeg"] = CFrame.new(-0.000000, -0.000000, -0.000000, 0.965886, 0.258540, 0.014883, -0.258884, 0.962518, 0.080866, 0.006581, -0.081949, 0.996614),

              ["UpperTorso"] = CFrame.new(-0.171479, 0.210939, -0.094421, 0.971674, 0.236310, 0.002580, -0.233472, 0.958200, 0.165360, 0.036604, -0.161279, 0.986230)

          }},

          {Time = 0.083, Data = {

              ["Head"] = CFrame.new(-0.000000, -0.000000, 0.000000, 1.000000, -0.000000, 0.000000, 0.000000, 1.000000, -0.000000, -0.000000, 0.000000, 1.000000),

              ["LeftFoot"] = CFrame.new(-0.000000, 0.015009, -0.000003, 0.934435, -0.272432, -0.229392, 0.199646, 0.934072, -0.296076, 0.294912, 0.230848, 0.927210),

              ["LeftHand"] = CFrame.new(0.000484, 0.024198, 0.000000, 0.980664, 0.168792, -0.099035, -0.179031, 0.978151, -0.105678, 0.079032, 0.121365, 0.989457),

              ["LeftLowerArm"] = CFrame.new(-0.000500, 0.116601, 0.074262, 1.000000, -0.000000, -0.000000, 0.000000, 0.232997, -0.972478, 0.000000, 0.972477, 0.232997),

              ["LeftLowerLeg"] = CFrame.new(-0.000000, 0.074278, -0.019782, 1.000000, -0.000000, -0.000000, 0.000000, 0.797487, 0.603336, -0.000000, -0.603337, 0.797487),

              ["LeftUpperArm"] = CFrame.new(-0.090177, -0.686557, 0.130538, -0.129487, -0.496826, -0.858136, -0.583937, 0.737649, -0.338957, 0.801406, 0.457207, -0.385630),

              ["LeftUpperLeg"] = CFrame.new(0.000000, -0.000000, -0.000100, 0.866327, 0.497410, 0.045402, -0.484420, 0.858881, -0.166298, -0.121715, 0.122096, 0.985030),

              ["LowerTorso"] = CFrame.new(0.255535, -0.150231, -0.007910, 0.982435, -0.182166, 0.040451, 0.186565, 0.954495, -0.232666, 0.003773, 0.236126, 0.971715),

              ["RightFoot"] = CFrame.new(0.000000, 0.007436, -0.000103, 0.999801, -0.015243, -0.012834, 0.013473, 0.991658, -0.128194, 0.014681, 0.127990, 0.991666),

              ["RightHand"] = CFrame.new(-0.000483, 0.025374, -0.000000, 0.604790, 0.137760, -0.784381, 0.356626, 0.833806, 0.421413, 0.712072, -0.534593, 0.455146),

              ["RightLowerArm"] = CFrame.new(-0.000001, 0.119998, 0.095002, 1.000000, 0.000000, -0.000000, -0.000000, 0.017672, -0.999844, -0.000000, 0.999844, 0.017671),

              ["RightLowerLeg"] = CFrame.new(0.000000, 0.033425, -0.003464, 1.000000, 0.000000, -0.000000, -0.000000, 0.964709, 0.263305, 0.000000, -0.263320, 0.964713),

              ["RightUpperArm"] = CFrame.new(0.189676, -0.731747, -0.174435, -0.214408, 0.414568, 0.884400, 0.800361, 0.593575, -0.084207, -0.559867, 0.689784, -0.459071),

              ["RightUpperLeg"] = CFrame.new(-0.000000, -0.000000, -0.000000, 0.979348, 0.201853, -0.011511, -0.199709, 0.974683, 0.100562, 0.031518, -0.096172, 0.994864),

              ["UpperTorso"] = CFrame.new(-0.141490, 0.208774, -0.139242, 0.979281, 0.202470, 0.003773, -0.197618, 0.951415, 0.236126, 0.044219, -0.231980, 0.971715)

          }},

          {Time = 0.100, Data = {

              ["Head"] = CFrame.new(-0.000000, -0.000000, 0.000000, 1.000000, -0.000000, 0.000000, 0.000000, 1.000000, -0.000000, -0.000000, 0.000000, 1.000000),

              ["LeftFoot"] = CFrame.new(0.000000, 0.015221, -0.000003, 0.949641, -0.239697, -0.201829, 0.172970, 0.938062, -0.300220, 0.261274, 0.250171, 0.932273),

              ["LeftHand"] = CFrame.new(0.000484, 0.024233, 0.000000, 0.981410, 0.165530, -0.097130, -0.174966, 0.979652, -0.098333, 0.078875, 0.113499, 0.990402),

              ["LeftLowerArm"] = CFrame.new(-0.000500, 0.116776, 0.074916, 1.000000, -0.000000, -0.000000, 0.000000, 0.226219, -0.974076, 0.000000, 0.974076, 0.226219),

              ["LeftLowerLeg"] = CFrame.new(-0.000000, 0.075040, -0.020214, 1.000000, -0.000000, -0.000000, 0.000000, 0.793036, 0.609175, -0.000000, -0.609175, 0.793036),

              ["LeftUpperArm"] = CFrame.new(-0.089320, -0.686669, 0.130594, -0.127772, -0.495198, -0.859333, -0.584159, 0.737777, -0.338293, 0.801519, 0.458763, -0.383541),

              ["LeftUpperLeg"] = CFrame.new(0.000000, 0.000000, -0.000100, 0.901254, 0.430541, 0.048741, -0.425998, 0.901012, -0.081851, -0.079158, 0.053027, 0.995452),

              ["LowerTorso"] = CFrame.new(0.203233, -0.155886, -0.005869, 0.988415, -0.145876, 0.041913, 0.151694, 0.940242, -0.304850, 0.005062, 0.307676, 0.951478),

              ["RightFoot"] = CFrame.new(-0.000000, 0.009221, -0.000103, 0.999828, 0.014175, 0.011936, -0.011994, 0.985999, -0.166330, -0.014125, 0.166147, 0.985998),

              ["RightHand"] = CFrame.new(-0.000483, 0.025369, 0.000000, 0.608905, 0.126986, -0.783015, 0.354924, 0.839172, 0.412095, 0.709411, -0.528833, 0.465902),

              ["RightLowerArm"] = CFrame.new(-0.000001, 0.119993, 0.094879, 1.000000, 0.000000, 0.000000, 0.000000, 0.018951, -0.999820, -0.000000, 0.999820, 0.018950),

              ["RightLowerLeg"] = CFrame.new(0.000000, 0.043184, -0.006040, 1.000000, 0.000000, 0.000000, -0.000000, 0.938607, 0.344976, 0.000000, -0.344988, 0.938611),

              ["RightUpperArm"] = CFrame.new(0.193208, -0.729601, -0.172756, -0.221472, 0.408373, 0.885540, 0.796070, 0.600198, -0.077690, -0.563225, 0.687746, -0.458021),

              ["RightUpperLeg"] = CFrame.new(0.000000, 0.000000, 0.000000, 0.990456, 0.134071, -0.031981, -0.128851, 0.983036, 0.130545, 0.048940, -0.125162, 0.990927),

              ["UpperTorso"] = CFrame.new(-0.109013, 0.200676, -0.187490, 0.986414, 0.164200, 0.005062, -0.157773, 0.938319, 0.307676, 0.045771, -0.304295, 0.951478)

          }},

          {Time = 0.117, Data = {

              ["Head"] = CFrame.new(-0.000000, -0.000000, 0.000000, 1.000000, -0.000000, 0.000000, 0.000000, 1.000000, -0.000000, 0.000000, 0.000000, 1.000000),

              ["LeftFoot"] = CFrame.new(0.000000, 0.014932, -0.000003, 0.964235, -0.202754, -0.170723, 0.146380, 0.944305, -0.294740, 0.220960, 0.259189, 0.940203),

              ["LeftHand"] = CFrame.new(0.000484, 0.024268, 0.000000, 0.982200, 0.162005, -0.095071, -0.170608, 0.981161, -0.090645, 0.078594, 0.105251, 0.991335),

              ["LeftLowerArm"] = CFrame.new(-0.000499, 0.116943, 0.075558, 1.000000, -0.000000, 0.000000, 0.000000, 0.219562, -0.975599, 0.000000, 0.975598, 0.219562),

              ["LeftLowerLeg"] = CFrame.new(0.000000, 0.073998, -0.019623, 1.000000, -0.000000, -0.000000, 0.000000, 0.799115, 0.601178, -0.000000, -0.601179, 0.799115),

              ["LeftUpperArm"] = CFrame.new(-0.088416, -0.686790, 0.130649, -0.125964, -0.493751, -0.860432, -0.584402, 0.737799, -0.337825, 0.801628, 0.460285, -0.381485),

              ["LeftUpperLeg"] = CFrame.new(0.000000, 0.000000, -0.000100, 0.933716, 0.354099, 0.052815, -0.354903, 0.934881, 0.006415, -0.047105, -0.024713, 0.998584),

              ["LowerTorso"] = CFrame.new(0.146768, -0.156816, -0.000481, 0.993457, -0.108094, 0.036855, 0.114026, 0.920793, -0.373013, 0.006384, 0.374775, 0.927094),

              ["RightFoot"] = CFrame.new(-0.000000, 0.010419, -0.000103, 0.998119, 0.046897, 0.039488, -0.038553, 0.980931, -0.190509, -0.047667, 0.188615, 0.980891),

              ["RightHand"] = CFrame.new(-0.000483, 0.025362, 0.000000, 0.613147, 0.115625, -0.781463, 0.353170, 0.844747, 0.402090, 0.706627, -0.522526, 0.477116),

              ["RightLowerArm"] = CFrame.new(-0.000000, 0.119989, 0.094747, 1.000000, 0.000000, -0.000000, 0.000000, 0.020323, -0.999794, -0.000000, 0.999793, 0.020322),

              ["RightLowerLeg"] = CFrame.new(0.000000, 0.049859, -0.008273, 1.000000, 0.000000, 0.000000, -0.000000, 0.915942, 0.401301, 0.000000, -0.401310, 0.915946),

              ["RightUpperArm"] = CFrame.new(0.196861, -0.727337, -0.171029, -0.228778, 0.401851, 0.886666, 0.791540, 0.606995, -0.070866, -0.566679, 0.685619, -0.456948),

              ["RightUpperLeg"] = CFrame.new(-0.000000, -0.000000, -0.000000, 0.997188, 0.058394, -0.046967, -0.049909, 0.985028, 0.165031, 0.055901, -0.162206, 0.985170),

              ["UpperTorso"] = CFrame.new(-0.075178, 0.186380, -0.236006, 0.992420, 0.122724, 0.006384, -0.116156, 0.919811, 0.374775, 0.040122, -0.372676, 0.927094)

          }},

          {Time = 0.133, Data = {

              ["Head"] = CFrame.new(0.000000, -0.000000, -0.000000, 1.000000, -0.000000, 0.000000, 0.000000, 1.000000, -0.000000, 0.000000, 0.000000, 1.000000),

              ["LeftFoot"] = CFrame.new(0.000000, 0.014072, -0.000003, 0.976933, -0.163358, -0.137551, 0.120237, 0.953057, -0.277913, 0.176482, 0.254944, 0.950707),

              ["LeftHand"] = CFrame.new(0.000484, 0.024300, -0.000000, 0.983005, 0.158326, -0.092922, -0.166102, 0.982616, -0.082925, 0.078177, 0.096950, 0.992214),

              ["LeftLowerArm"] = CFrame.new(-0.000499, 0.117093, 0.076149, 1.000000, -0.000000, 0.000000, 0.000000, 0.213431, -0.976958, 0.000000, 0.976958, 0.213431),

              ["LeftLowerLeg"] = CFrame.new(0.000000, 0.070871, -0.017920, 1.000000, -0.000000, -0.000000, 0.000000, 0.816623, 0.577170, -0.000000, -0.577171, 0.816624),

              ["LeftUpperArm"] = CFrame.new(-0.087503, -0.686918, 0.130698, -0.124138, -0.492617, -0.861347, -0.584657, 0.737686, -0.337632, 0.801727, 0.461680, -0.379586),

              ["LeftUpperLeg"] = CFrame.new(-0.000000, -0.000000, -0.000100, 0.960903, 0.271132, 0.056156, -0.275408, 0.956837, 0.092823, -0.028565, -0.104640, 0.994098),

              ["LowerTorso"] = CFrame.new(0.087914, -0.152607, 0.008900, 0.997173, -0.070702, 0.025444, 0.074748, 0.898753, -0.432037, 0.007678, 0.432717, 0.901497),

              ["RightFoot"] = CFrame.new(0.000000, 0.011132, -0.000103, 0.994323, 0.081398, 0.068539, -0.066144, 0.977332, -0.201127, -0.083352, 0.195437, 0.977165),

              ["RightHand"] = CFrame.new(-0.000483, 0.025356, 0.000000, 0.617355, 0.104090, -0.779770, 0.351451, 0.850303, 0.391753, 0.703815, -0.515898, 0.488353),

              ["RightLowerArm"] = CFrame.new(-0.000001, 0.119983, 0.094617, 1.000000, 0.000000, -0.000000, 0.000000, 0.021672, -0.999765, -0.000000, 0.999765, 0.021672),

              ["RightLowerLeg"] = CFrame.new(0.000000, 0.053840, -0.009800, 1.000000, 0.000000, 0.000000, -0.000000, 0.900424, 0.435005, 0.000000, -0.435013, 0.900428),

              ["RightUpperArm"] = CFrame.new(0.200483, -0.725040, -0.169322, -0.236022, 0.395225, 0.887745, 0.786948, 0.613692, -0.063993, -0.570093, 0.683505, -0.455866),

              ["RightUpperLeg"] = CFrame.new(-0.000000, -0.000000, -0.000000, 0.998122, -0.021540, -0.057347, 0.032513, 0.979679, 0.197934, 0.051918, -0.199410, 0.978536),

              ["UpperTorso"] = CFrame.new(-0.040788, 0.166833, -0.281604, 0.996820, 0.079321, 0.007678, -0.074824, 0.898419, 0.432717, 0.027425, -0.431915, 0.901497)

          }},

          {Time = 0.150, Data = {

              ["Head"] = CFrame.new(0.000000, 0.000000, 0.000000, 1.000000, -0.000000, -0.000000, 0.000000, 1.000000, -0.000000, 0.000000, 0.000000, 1.000000),

              ["LeftFoot"] = CFrame.new(0.000000, 0.013040, -0.000003, 0.986890, -0.123464, -0.103959, 0.094562, 0.964266, -0.247503, 0.130793, 0.234410, 0.963294),

              ["LeftHand"] = CFrame.new(0.000484, 0.024327, -0.000001, 0.983800, 0.154606, -0.090750, -0.161595, 0.983966, -0.075490, 0.077623, 0.088932, 0.993008),

              ["LeftLowerArm"] = CFrame.new(-0.000499, 0.117217, 0.076652, 1.000000, -0.000000, -0.000000, -0.000000, 0.208222, -0.978082, 0.000000, 0.978082, 0.208222),

              ["LeftLowerLeg"] = CFrame.new(0.000000, 0.065601, -0.015031, 1.000000, -0.000000, -0.000000, 0.000000, 0.846135, 0.532965, -0.000000, -0.532969, 0.846138),

              ["LeftUpperArm"] = CFrame.new(-0.086622, -0.687045, 0.130741, -0.122375, -0.491915, -0.862000, -0.584912, 0.737416, -0.337780, 0.801812, 0.462859, -0.377968),

              ["LeftUpperLeg"] = CFrame.new(0.000000, -0.000000, -0.000100, 0.980988, 0.185330, 0.057577, -0.192631, 0.965914, 0.172944, -0.023563, -0.180728, 0.983247),

              ["LowerTorso"] = CFrame.new(0.028233, -0.143349, 0.022670, 0.999345, -0.035062, 0.008949, 0.035079, 0.877975, -0.477419, 0.008882, 0.477420, 0.878630),

              ["RightFoot"] = CFrame.new(0.000000, 0.011395, -0.000103, 0.988427, 0.116045, 0.097712, -0.094936, 0.975547, -0.198245, -0.118321, 0.186660, 0.975270),

              ["RightHand"] = CFrame.new(-0.000483, 0.025351, -0.000000, 0.621381, 0.092785, -0.777998, 0.349856, 0.855620, 0.381469, 0.701062, -0.509220, 0.499201),

              ["RightLowerArm"] = CFrame.new(-0.000000, 0.119978, 0.094504, 1.000000, 0.000000, -0.000000, 0.000000, 0.022844, -0.999739, -0.000000, 0.999739, 0.022843),

              ["RightLowerLeg"] = CFrame.new(0.000000, 0.055300, -0.010398, 1.000000, 0.000000, 0.000000, -0.000000, 0.894341, 0.447379, 0.000000, -0.447387, 0.894345),

              ["RightUpperArm"] = CFrame.new(0.203926, -0.722804, -0.167693, -0.242908, 0.388709, 0.888764, 0.782474, 0.620039, -0.057322, -0.573350, 0.681511, -0.454767),

              ["RightUpperLeg"] = CFrame.new(-0.000000, -0.000000, -0.000000, 0.992718, -0.101916, -0.064228, 0.113876, 0.967830, 0.224378, 0.039294, -0.230041, 0.972383),

              ["UpperTorso"] = CFrame.new(-0.006285, 0.144066, -0.321367, 0.999337, 0.035315, 0.008882, -0.035269, 0.877967, 0.477420, 0.009062, -0.477417, 0.878630)

          }},

          {Time = 0.167, Data = {

              ["Head"] = CFrame.new(-0.000000, -0.000000, -0.000000, 1.000000, 0.000000, 0.000000, -0.000000, 1.000000, -0.000000, 0.000000, 0.000000, 1.000000),

              ["LeftFoot"] = CFrame.new(-0.000000, 0.011587, -0.000003, 0.993830, -0.084845, -0.071442, 0.068823, 0.976823, -0.202696, 0.086978, 0.196514, 0.976632),

              ["LeftHand"] = CFrame.new(0.000484, 0.024347, 0.000000, 0.984559, 0.150964, -0.088624, -0.157238, 0.985171, -0.068660, 0.076944, 0.081535, 0.993696),

              ["LeftLowerArm"] = CFrame.new(-0.000500, 0.117308, 0.077027, 1.000000, -0.000000, -0.000000, 0.000000, 0.204327, -0.978903, 0.000000, 0.978903, 0.204327),

              ["LeftLowerLeg"] = CFrame.new(-0.000000, 0.057676, -0.011228, 1.000000, -0.000000, -0.000000, 0.000000, 0.884879, 0.465814, -0.000000, -0.465821, 0.884882),

              ["LeftUpperArm"] = CFrame.new(-0.085814, -0.687166, 0.130775, -0.120760, -0.491755, -0.862319, -0.585154, 0.736973, -0.338328, 0.801880, 0.463733, -0.376750),

              ["LeftUpperLeg"] = CFrame.new(0.000000, 0.000000, -0.000100, 0.993382, 0.100571, 0.055482, -0.111091, 0.963974, 0.241704, -0.029176, -0.246250, 0.968763),

              ["LowerTorso"] = CFrame.new(-0.031009, -0.129385, 0.041037, 0.999944, -0.001788, -0.010465, -0.003745, 0.862954, -0.505269, 0.009934, 0.505280, 0.862899),

              ["RightFoot"] = CFrame.new(0.000000, 0.011217, -0.000103, 0.980760, 0.149334, 0.125742, -0.125168, 0.975300, -0.182008, -0.149807, 0.162755, 0.975224),

              ["RightHand"] = CFrame.new(-0.000483, 0.025348, 0.000000, 0.625095, 0.082107, -0.776220, 0.348474, 0.860492, 0.371648, 0.698443, -0.502804, 0.509274),

              ["RightLowerArm"] = CFrame.new(-0.000001, 0.119975, 0.094428, 1.000000, 0.000000, -0.000000, 0.000000, 0.023634, -0.999721, -0.000000, 0.999721, 0.023633),

              ["RightLowerLeg"] = CFrame.new(-0.000000, 0.054309, -0.009990, 1.000000, 0.000000, 0.000000, -0.000000, 0.898497, 0.438972, 0.000000, -0.438980, 0.898501),

              ["RightUpperArm"] = CFrame.new(0.207048, -0.720716, -0.166196, -0.249152, 0.382492, 0.889732, 0.778299, 0.625812, -0.051087, -0.576346, 0.679749, -0.453615),

              ["RightUpperLeg"] = CFrame.new(0.000000, -0.000000, -0.000000, 0.981394, -0.179139, -0.069103, 0.190647, 0.951871, 0.240006, 0.022783, -0.248697, 0.968309),

              ["UpperTorso"] = CFrame.new(0.028249, 0.120822, -0.352855, 0.999919, -0.007950, 0.009934, 0.001841, 0.862954, 0.505280, -0.012589, -0.505220, 0.862899)

          }},

          {Time = 0.183, Data = {

              ["Head"] = CFrame.new(-0.000000, -0.000000, -0.000000, 1.000000, -0.000000, 0.000000, -0.000000, 1.000000, -0.000000, -0.000000, 0.000000, 1.000000),

              ["LeftFoot"] = CFrame.new(0.000000, 0.009559, -0.000003, 0.997961, -0.048831, -0.041117, 0.042552, 0.988988, -0.141753, 0.047583, 0.139706, 0.989048),

              ["LeftHand"] = CFrame.new(0.000484, 0.024359, 0.000000, 0.985260, 0.147514, -0.086611, -0.153169, 0.986208, -0.062713, 0.076165, 0.075054, 0.994267),

              ["LeftLowerArm"] = CFrame.new(-0.000499, 0.117361, 0.077248, 1.000000, -0.000000, -0.000000, -0.000000, 0.202035, -0.979378, 0.000000, 0.979378, 0.202035),

              ["LeftLowerLeg"] = CFrame.new(0.000000, 0.046366, -0.006887, 1.000000, -0.000000, 0.000000, 0.000000, 0.928993, 0.370085, -0.000000, -0.370096, 0.928998),

              ["LeftUpperArm"] = CFrame.new(-0.085121, -0.687272, 0.130801, -0.119374, -0.492200, -0.862258, -0.585368, 0.736359, -0.339293, 0.801932, 0.464236, -0.376020),

              ["LeftUpperLeg"] = CFrame.new(0.000000, -0.000000, -0.000100, 0.998619, 0.020196, 0.048503, -0.033740, 0.954173, 0.297365, -0.040275, -0.298575, 0.953531),

              ["LowerTorso"] = CFrame.new(-0.088870, -0.111273, 0.063970, 0.999116, 0.029314, -0.030119, -0.040622, 0.857399, -0.513047, 0.010784, 0.513818, 0.857832),

              ["RightFoot"] = CFrame.new(0.000000, 0.010583, -0.000103, 0.971894, 0.180089, 0.151639, -0.157026, 0.975764, -0.152415, -0.175401, 0.124310, 0.976614),

              ["RightHand"] = CFrame.new(-0.000483, 0.025347, -0.000000, 0.628405, 0.072379, -0.774514, 0.347377, 0.864761, 0.362657, 0.696015, -0.496940, 0.518274),

              ["RightLowerArm"] = CFrame.new(-0.000000, 0.119974, 0.094406, 1.000000, 0.000000, -0.000000, -0.000000, 0.023860, -0.999715, -0.000000, 0.999715, 0.023860),

              ["RightLowerLeg"] = CFrame.new(-0.000000, 0.050774, -0.008611, 1.000000, 0.000000, 0.000000, -0.000000, 0.912513, 0.409039, 0.000000, -0.409048, 0.912517),

              ["RightUpperArm"] = CFrame.new(0.209739, -0.718853, -0.164865, -0.254533, 0.376725, 0.890669, 0.774574, 0.630847, -0.045472, -0.579006, 0.678314, -0.452373),

              ["RightUpperLeg"] = CFrame.new(0.000000, -0.000000, -0.000000, 0.965354, -0.250276, -0.073859, 0.260810, 0.934523, 0.242183, 0.008411, -0.253039, 0.967415),

              ["UpperTorso"] = CFrame.new(0.062982, 0.099935, -0.374811, 0.998728, -0.049259, 0.010784, 0.036726, 0.857113, 0.513818, -0.034553, -0.512768, 0.857832)

          }},

          {Time = 0.200, Data = {

              ["Head"] = CFrame.new(0.000000, -0.000000, -0.000000, 1.000000, -0.000000, -0.000000, -0.000000, 1.000000, -0.000000, 0.000000, 0.000000, 1.000000),

              ["LeftFoot"] = CFrame.new(0.000000, 0.006669, -0.000003, 0.999774, -0.016256, -0.013688, 0.015367, 0.997913, -0.062722, 0.014678, 0.062497, 0.997937),

              ["LeftHand"] = CFrame.new(0.000484, 0.024363, 0.000000, 0.985892, 0.144335, -0.084757, -0.149472, 0.987079, -0.057734, 0.075328, 0.069589, 0.994728),

              ["LeftLowerArm"] = CFrame.new(-0.000499, 0.117379, 0.077323, 1.000000, -0.000000, -0.000000, 0.000000, 0.201262, -0.979537, 0.000000, 0.979537, 0.201262),

              ["LeftLowerLeg"] = CFrame.new(-0.000000, 0.030613, -0.002725, 1.000000, -0.000000, -0.000000, 0.000000, 0.971178, 0.238341, -0.000000, -0.238357, 0.971182),

              ["LeftUpperArm"] = CFrame.new(-0.084560, -0.687362, 0.130819, -0.118253, -0.493155, -0.861867, -0.585546, 0.735623, -0.340579, 0.801968, 0.464388, -0.375754),

              ["LeftUpperLeg"] = CFrame.new(0.000000, -0.000000, -0.000100, 0.997956, -0.053406, 0.035100, 0.038091, 0.938079, 0.344333, -0.051316, -0.342280, 0.938191),

              ["LowerTorso"] = CFrame.new(-0.144639, -0.090267, 0.090801, 0.997118, 0.059012, -0.047672, -0.074995, 0.861495, -0.502197, 0.011434, 0.504326, 0.863438),

              ["RightFoot"] = CFrame.new(0.000000, 0.009501, -0.000103, 0.962452, 0.207651, 0.174847, -0.190339, 0.975453, -0.110741, -0.193539, 0.073298, 0.978348),

              ["RightHand"] = CFrame.new(-0.000483, 0.025348, -0.000000, 0.631308, 0.063667, -0.772916, 0.346554, 0.868428, 0.354594, 0.693794, -0.491712, 0.526178),

              ["RightLowerArm"] = CFrame.new(-0.000001, 0.119975, 0.094436, 1.000000, 0.000000, -0.000000, -0.000000, 0.023547, -0.999723, -0.000000, 0.999723, 0.023546),

              ["RightLowerLeg"] = CFrame.new(0.000000, 0.044739, -0.006525, 1.000000, 0.000000, -0.000000, -0.000000, 0.933689, 0.358074, 0.000000, -0.358085, 0.933693),

              ["RightUpperArm"] = CFrame.new(0.212006, -0.717227, -0.163702, -0.259067, 0.371449, 0.891577, 0.771321, 0.635157, -0.040496, -0.581334, 0.677201, -0.451054),

              ["RightUpperLeg"] = CFrame.new(0.000000, -0.000000, 0.000000, 0.946104, -0.313760, -0.080272, 0.323863, 0.917196, 0.232102, 0.000801, -0.245575, 0.969374),

              ["UpperTorso"] = CFrame.new(0.097855, 0.083450, -0.388837, 0.996059, -0.087948, 0.011434, 0.070204, 0.860655, 0.504326, -0.054195, -0.501535, 0.863438)

          }},

          {Time = 0.217, Data = {

              ["Head"] = CFrame.new(0.000000, 0.000000, 0.000000, 1.000000, -0.000000, 0.000000, -0.000000, 1.000000, -0.000000, 0.000000, 0.000000, 1.000000),

              ["LeftFoot"] = CFrame.new(-0.000000, 0.001727, -0.000003, 0.999869, 0.012396, 0.010438, -0.012813, 0.999083, 0.040861, -0.009922, -0.040975, 0.999110),

              ["LeftHand"] = CFrame.new(0.000484, 0.024360, 0.000000, 0.986445, 0.141495, -0.083100, -0.146216, 0.987791, -0.053759, 0.074478, 0.065181, 0.995090),

              ["LeftLowerArm"] = CFrame.new(-0.000500, 0.117366, 0.077268, 1.000000, -0.000000, -0.000000, 0.000000, 0.201832, -0.979420, 0.000000, 0.979420, 0.201832),

              ["LeftLowerLeg"] = CFrame.new(0.000000, 0.007488, -0.000028, 1.000000, -0.000000, 0.000000, 0.000000, 0.998545, 0.053909, -0.000000, -0.053928, 0.998546),

              ["LeftUpperArm"] = CFrame.new(-0.084145, -0.687429, 0.130830, -0.117422, -0.494491, -0.861215, -0.585682, 0.734825, -0.342066, 0.801991, 0.464232, -0.375899),

              ["LeftUpperLeg"] = CFrame.new(0.000000, 0.000000, -0.000100, 0.992920, -0.118098, 0.012769, 0.103636, 0.913799, 0.392729, -0.058048, -0.388618, 0.919566),

              ["LowerTorso"] = CFrame.new(-0.197502, -0.067447, 0.120905, 0.994246, 0.087823, -0.061336, -0.106459, 0.873670, -0.474729, 0.011895, 0.478527, 0.877992),

              ["RightFoot"] = CFrame.new(0.000000, 0.007893, -0.000103, 0.953067, 0.231598, 0.195011, -0.224712, 0.972754, -0.057040, -0.202897, 0.010544, 0.979141),

              ["RightHand"] = CFrame.new(-0.000484, 0.025351, 0.000000, 0.633823, 0.055980, -0.771452, 0.345973, 0.871525, 0.347491, 0.691789, -0.487145, 0.533022),

              ["RightLowerArm"] = CFrame.new(-0.000000, 0.119978, 0.094510, 1.000000, 0.000000, -0.000000, 0.000000, 0.022780, -0.999741, -0.000000, 0.999741, 0.022779),

              ["RightLowerLeg"] = CFrame.new(-0.000000, 0.035890, -0.004040, 1.000000, 0.000000, 0.000000, -0.000000, 0.958869, 0.283834, 0.000000, -0.283848, 0.958873),

              ["RightUpperArm"] = CFrame.new(0.213880, -0.715831, -0.162697, -0.262815, 0.366685, 0.892452, 0.768530, 0.638793, -0.036141, -0.583344, 0.676377, -0.449693),

              ["RightUpperLeg"] = CFrame.new(0.000000, 0.000000, -0.000000, 0.925246, -0.368453, -0.090346, 0.379357, 0.900367, 0.213149, 0.002810, -0.231475, 0.972834),

              ["UpperTorso"] = CFrame.new(0.132438, 0.072318, -0.396925, 0.992272, -0.123514, 0.011895, 0.102810, 0.872033, 0.478527, -0.069478, -0.473606, 0.877992)

          }},

          {Time = 0.233, Data = {

              ["Head"] = CFrame.new(0.000000, 0.000000, -0.000000, 1.000000, -0.000000, -0.000000, -0.000000, 1.000000, -0.000000, 0.000000, 0.000000, 1.000000),

              ["LeftFoot"] = CFrame.new(-0.000000, -0.015678, -0.000003, 0.998840, 0.036837, 0.031017, -0.039298, 0.995783, 0.082914, -0.027831, -0.084018, 0.996074),

              ["LeftHand"] = CFrame.new(0.000484, 0.024351, 0.000000, 0.986910, 0.139059, -0.081680, -0.143468, 0.988349, -0.050822, 0.073661, 0.061875, 0.995362),

              ["LeftLowerArm"] = CFrame.new(-0.000500, 0.117326, 0.077100, 1.000000, -0.000000, -0.000000, 0.000000, 0.203568, -0.979061, 0.000000, 0.979061, 0.203568),

              ["LeftLowerLeg"] = CFrame.new(0.000000, -0.015223, -0.000101, 1.000000, 0.000000, -0.000000, 0.000000, 1.000000, -0.000008, -0.000000, -0.000011, 1.000000),

              ["LeftUpperArm"] = CFrame.new(-0.083886, -0.687472, 0.130837, -0.116904, -0.496079, -0.860372, -0.585768, 0.734023, -0.343636, 0.802004, 0.463806, -0.376397),

              ["LeftUpperLeg"] = CFrame.new(0.000000, 0.000000, -0.000100, 0.985091, -0.171987, -0.004129, 0.162051, 0.919591, 0.357906, -0.057757, -0.353232, 0.933749),

              ["LowerTorso"] = CFrame.new(-0.246449, -0.043594, 0.153808, 0.990821, 0.115764, -0.069797, -0.134627, 0.891606, -0.432335, 0.012183, 0.437764, 0.899008),

              ["RightFoot"] = CFrame.new(-0.000000, 0.005515, -0.000103, 0.944356, 0.251613, 0.211864, -0.259505, 0.965692, 0.009840, -0.202109, -0.064262, 0.977250),

              ["RightHand"] = CFrame.new(-0.000483, 0.025357, -0.000000, 0.635964, 0.049327, -0.770143, 0.345600, 0.874087, 0.341372, 0.690008, -0.483258, 0.538836),

              ["RightLowerArm"] = CFrame.new(-0.000001, 0.119983, 0.094619, 1.000000, 0.000000, -0.000000, -0.000000, 0.021655, -0.999766, -0.000000, 0.999766, 0.021654),

              ["RightLowerLeg"] = CFrame.new(-0.000000, 0.023480, -0.001619, 1.000000, 0.000000, 0.000000, -0.000000, 0.983382, 0.181533, -0.000000, -0.181550, 0.983385),

              ["RightUpperArm"] = CFrame.new(0.215392, -0.714660, -0.161843, -0.265839, 0.362457, 0.893283, 0.766188, 0.641799, -0.032399, -0.585051, 0.675810, -0.448326),

              ["RightUpperLeg"] = CFrame.new(0.000000, 0.000000, 0.000000, 0.904395, -0.413204, -0.106459, 0.426406, 0.884417, 0.189706, 0.015768, -0.216952, 0.976052),

              ["UpperTorso"] = CFrame.new(0.165981, 0.066726, -0.400604, 0.987764, -0.155478, 0.012183, 0.134528, 0.888969, 0.437764, -0.078893, -0.430768, 0.899008)

          }},

          {Time = 0.250, Data = {

              ["Head"] = CFrame.new(0.000000, -0.000000, -0.000000, 1.000000, -0.000000, 0.000000, -0.000000, 1.000000, -0.000000, 0.000000, 0.000000, 1.000000),

              ["LeftFoot"] = CFrame.new(-0.000000, -0.036540, -0.000003, 0.997232, 0.056875, 0.047890, -0.061449, 0.993070, 0.100197, -0.041858, -0.102844, 0.993814),

              ["LeftHand"] = CFrame.new(0.000484, 0.024337, 0.000000, 0.987280, 0.137090, -0.080533, -0.141288, 0.988757, -0.048953, 0.072916, 0.059709, 0.995549),

              ["LeftLowerArm"] = CFrame.new(-0.000499, 0.117262, 0.076838, 1.000000, -0.000000, -0.000000, 0.000000, 0.206293, -0.978490, 0.000000, 0.978490, 0.206293),

              ["LeftLowerLeg"] = CFrame.new(-0.000000, -0.036013, -0.000376, 1.000000, -0.000000, 0.000000, 0.000000, 1.000000, -0.000008, -0.000000, -0.000011, 1.000000),

              ["LeftUpperArm"] = CFrame.new(-0.083793, -0.687487, 0.130840, -0.116718, -0.497796, -0.859405, -0.585797, 0.733276, -0.345179, 0.802010, 0.463148, -0.377194),

