return {
["side grind1"] = {

          {Time = 0.000, Data = {

              ["Head"] = CFrame.new(-0.000000, 0.000000, -0.000000, 0.782223, 0.045871, -0.621308, 0.017175, 0.995319, 0.095108, 0.622762, -0.085067, 0.777773),

              ["LeftFoot"] = CFrame.new(0.000000, 0.024770, -0.000002, 0.963000, -0.206163, -0.173592, 0.115106, 0.897012, -0.426776, 0.243685, 0.390980, 0.887541),

              ["LeftHand"] = CFrame.new(0.000500, 0.000100, -0.000000, 0.956720, -0.268151, 0.113055, 0.290999, 0.878417, -0.379085, 0.002343, 0.395575, 0.918430),

              ["LeftLowerArm"] = CFrame.new(-0.000500, 0.099314, 0.088307, 1.000000, -0.000000, -0.000000, 0.000000, 0.115931, -0.993257, 0.000000, 0.993257, 0.115931),

              ["LeftLowerLeg"] = CFrame.new(0.000000, 0.103872, -0.041692, 1.000000, -0.000000, -0.000000, 0.000000, 0.570098, 0.821583, -0.000000, -0.821577, 0.570089),

              ["LeftUpperArm"] = CFrame.new(0.056487, -0.273546, 0.386678, 0.476942, 0.092703, -0.874032, -0.417670, 0.898875, -0.132576, 0.773355, 0.428288, 0.467430),

              ["LeftUpperLeg"] = CFrame.new(0.000000, -0.000000, -0.000100, 0.878725, 0.469137, -0.088035, -0.444645, 0.737433, -0.508396, -0.173589, 0.485905, 0.856611),

              ["LowerTorso"] = CFrame.new(0.088418, -0.235780, 0.000000, 0.967018, -0.254707, -0.000000, 0.254707, 0.967018, -0.000000, 0.000000, 0.000000, 1.000000),

              ["RightFoot"] = CFrame.new(-0.000000, 0.005584, -0.000103, 0.973987, 0.173342, 0.145959, -0.192226, 0.973091, 0.127076, -0.119997, -0.151812, 0.981095),

              ["RightHand"] = CFrame.new(-0.000500, -0.000000, -0.000000, 0.986594, -0.163153, -0.003607, 0.156058, 0.949694, -0.271528, 0.047726, 0.267323, 0.962424),

              ["RightLowerArm"] = CFrame.new(-0.000000, -0.000000, -0.000000, 1.000000, 0.000000, 0.000000, -0.000000, 1.000000, -0.000001, -0.000000, -0.000000, 1.000000),

              ["RightLowerLeg"] = CFrame.new(0.000000, 0.023830, -0.001671, 1.000000, 0.000000, -0.000000, -0.000000, 0.982852, 0.184381, 0.000000, -0.184398, 0.982855),

              ["RightUpperArm"] = CFrame.new(0.425284, 0.224557, 0.106273, -0.824162, -0.134839, 0.550069, 0.118866, -0.990795, -0.064780, 0.553741, 0.011995, 0.832603),

              ["RightUpperLeg"] = CFrame.new(0.000000, -0.000000, -0.000000, 0.640752, -0.107010, -0.760255, 0.020401, 0.992262, -0.122463, 0.767477, 0.062967, 0.637978),

              ["UpperTorso"] = CFrame.new(0.000000, -0.000000, -0.000000, 1.000000, 0.000000, 0.000000, 0.000000, 1.000000, 0.000000, -0.000000, 0.000000, 1.000000)

          }},

          {Time = 0.033, Data = {

              ["Head"] = CFrame.new(0.000000, 0.000000, -0.000000, 0.789081, 0.046956, -0.612492, 0.015645, 0.995215, 0.096453, 0.614090, -0.085692, 0.784570),

              ["LeftFoot"] = CFrame.new(0.000000, 0.024733, -0.000003, 0.958084, -0.219155, -0.184532, 0.121024, 0.893398, -0.432680, 0.259669, 0.392188, 0.882460),

              ["LeftHand"] = CFrame.new(0.000500, 0.000100, 0.000000, 0.957714, -0.265072, 0.111898, 0.287719, 0.880572, -0.376579, 0.001287, 0.392848, 0.919602),

              ["LeftLowerArm"] = CFrame.new(-0.000500, 0.099292, 0.088116, 1.000000, -0.000000, 0.000000, 0.000000, 0.117850, -0.993032, 0.000000, 0.993031, 0.117849),

              ["LeftLowerLeg"] = CFrame.new(-0.000000, 0.103731, -0.041531, 1.000000, -0.000000, -0.000000, 0.000000, 0.571765, 0.820424, -0.000000, -0.820417, 0.571756),

              ["LeftUpperArm"] = CFrame.new(0.057594, -0.275955, 0.389799, 0.474583, 0.102713, -0.874198, -0.414198, 0.902396, -0.118833, 0.776667, 0.418487, 0.470805),

              ["LeftUpperLeg"] = CFrame.new(0.000000, 0.000000, -0.000100, 0.886440, 0.452413, -0.097692, -0.437899, 0.751408, -0.493572, -0.149893, 0.480322, 0.864201),

              ["LowerTorso"] = CFrame.new(0.098534, -0.249919, -0.001164, 0.972694, -0.232089, 0.001185, 0.232092, 0.972669, -0.006961, 0.000463, 0.007046, 0.999975),

              ["RightFoot"] = CFrame.new(-0.000000, 0.008143, -0.000103, 0.972864, 0.176993, 0.149033, -0.188549, 0.979760, 0.067238, -0.134108, -0.093506, 0.986544),

              ["RightHand"] = CFrame.new(-0.000500, 0.000001, -0.000000, 0.986959, -0.160974, -0.000092, 0.154798, 0.949252, -0.273786, 0.044159, 0.270199, 0.961791),

              ["RightLowerArm"] = CFrame.new(-0.000000, 0.006874, 0.000230, 1.000000, 0.000000, 0.000000, -0.000000, 0.997635, -0.068737, -0.000000, 0.068737, 0.997635),

              ["RightLowerLeg"] = CFrame.new(-0.000000, 0.037240, -0.004377, 1.000000, 0.000000, 0.000000, -0.000000, 0.955464, 0.295093, -0.000000, -0.295106, 0.955469),

              ["RightUpperArm"] = CFrame.new(0.422508, 0.223337, 0.096880, -0.822205, -0.142945, 0.550950, 0.109185, -0.989585, -0.093808, 0.558621, -0.016974, 0.829250),

              ["RightUpperLeg"] = CFrame.new(0.000000, -0.000000, -0.000000, 0.659910, -0.170081, -0.731843, 0.040068, 0.980622, -0.191757, 0.750275, 0.097230, 0.653938),

              ["UpperTorso"] = CFrame.new(0.000003, 0.000152, 0.000317, 1.000000, -0.000012, 0.000034, 0.000012, 0.999997, 0.002288, -0.000034, -0.002288, 0.999997)

          }},

          {Time = 0.067, Data = {

              ["Head"] = CFrame.new(0.000000, -0.000000, 0.000000, 0.807864, 0.050081, -0.587238, 0.011607, 0.994838, 0.100810, 0.589255, -0.088256, 0.803112),

              ["LeftFoot"] = CFrame.new(0.000000, 0.024474, -0.000003, 0.943154, -0.254244, -0.214077, 0.137217, 0.884497, -0.445933, 0.302709, 0.391185, 0.869089),

              ["LeftHand"] = CFrame.new(0.000500, 0.000100, -0.000000, 0.960353, -0.256679, 0.108801, 0.278781, 0.886328, -0.369737, -0.001530, 0.385407, 0.922744),

              ["LeftLowerArm"] = CFrame.new(-0.000500, 0.099122, 0.086774, 1.000000, -0.000000, 0.000000, 0.000000, 0.131268, -0.991347, 0.000000, 0.991347, 0.131268),

              ["LeftLowerLeg"] = CFrame.new(0.000000, 0.102723, -0.040400, 1.000000, -0.000000, -0.000000, 0.000000, 0.583480, 0.812134, -0.000000, -0.812128, 0.583471),

              ["LeftUpperArm"] = CFrame.new(0.060954, -0.282753, 0.398330, 0.468433, 0.130041, -0.873877, -0.404467, 0.910936, -0.081255, 0.785479, 0.391516, 0.479309),

              ["LeftUpperLeg"] = CFrame.new(-0.000000, -0.000001, -0.000100, 0.902375, 0.414603, -0.117568, -0.420148, 0.785665, -0.454080, -0.095895, 0.459168, 0.883170),

              ["LowerTorso"] = CFrame.new(0.126225, -0.283803, -0.004577, 0.984771, -0.173800, 0.004439, 0.173857, 0.984422, -0.026231, 0.000189, 0.026603, 0.999646),

              ["RightFoot"] = CFrame.new(0.000000, 0.012576, -0.000103, 0.970638, 0.184005, 0.154938, -0.177211, 0.982538, -0.056714, -0.162658, 0.027587, 0.986295),

              ["RightHand"] = CFrame.new(-0.000500, -0.000000, -0.000000, 0.987901, -0.154779, 0.009781, 0.151295, 0.947957, -0.280159, 0.034091, 0.278247, 0.959904),

              ["RightLowerArm"] = CFrame.new(-0.000000, 0.023499, 0.002776, 1.000000, 0.000000, 0.000000, -0.000000, 0.972005, -0.234961, -0.000000, 0.234960, 0.972005),

              ["RightLowerLeg"] = CFrame.new(-0.000000, 0.061815, -0.013328, 1.000000, 0.000000, 0.000000, -0.000000, 0.864519, 0.502596, 0.000000, -0.502601, 0.864522),

              ["RightUpperArm"] = CFrame.new(0.415546, 0.216985, 0.072395, -0.818067, -0.164559, 0.551077, 0.087770, -0.982689, -0.163151, 0.568386, -0.085101, 0.818349),

              ["RightUpperLeg"] = CFrame.new(0.000000, -0.000001, -0.000000, 0.702700, -0.292834, -0.648435, 0.092908, 0.941336, -0.324413, 0.705394, 0.167734, 0.688686),

              ["UpperTorso"] = CFrame.new(0.000013, 0.000603, 0.001241, 1.000000, -0.000048, 0.000131, 0.000047, 0.999960, 0.008966, -0.000132, -0.008966, 0.999960)

          }},

          {Time = 0.100, Data = {

              ["Head"] = CFrame.new(-0.000000, -0.000000, 0.000000, 0.835370, 0.054930, -0.546937, 0.005746, 0.994068, 0.108613, 0.549658, -0.093875, 0.830098),

              ["LeftFoot"] = CFrame.new(0.000000, 0.023536, -0.000003, 0.917043, -0.305062, -0.256866, 0.161936, 0.873450, -0.459218, 0.364430, 0.379504, 0.850375),

              ["LeftHand"] = CFrame.new(0.000500, 0.000100, 0.000000, 0.964091, -0.244212, 0.104354, 0.265516, 0.894555, -0.359547, -0.005545, 0.374341, 0.927273),

              ["LeftLowerArm"] = CFrame.new(-0.000500, 0.098570, 0.083145, 1.000000, -0.000000, -0.000000, 0.000000, 0.167562, -0.985862, 0.000000, 0.985862, 0.167562),

              ["LeftLowerLeg"] = CFrame.new(-0.000000, 0.099600, -0.037270, 1.000000, -0.000000, -0.000000, 0.000000, 0.615998, 0.787754, -0.000000, -0.787748, 0.615990),

              ["LeftUpperArm"] = CFrame.new(0.066704, -0.293212, 0.410956, 0.460043, 0.170596, -0.871354, -0.389337, 0.920748, -0.025289, 0.797983, 0.350884, 0.490004),

              ["LeftUpperLeg"] = CFrame.new(-0.000000, -0.000000, -0.000100, 0.917340, 0.375077, -0.133426, -0.396306, 0.828536, -0.395544, -0.037812, 0.415747, 0.908704),

              ["LowerTorso"] = CFrame.new(0.167445, -0.324595, -0.010137, 0.995488, -0.094474, 0.008848, 0.094820, 0.993950, -0.055439, -0.003557, 0.056028, 0.998423),

              ["RightFoot"] = CFrame.new(0.000000, 0.018546, -0.000103, 0.969278, 0.188156, 0.158432, -0.158252, 0.970113, -0.183961, -0.188299, 0.153223, 0.970081),

              ["RightHand"] = CFrame.new(-0.000500, -0.000001, 0.000000, 0.989113, -0.145024, 0.024975, 0.145999, 0.945807, -0.290060, 0.018444, 0.290546, 0.956683),

              ["RightLowerArm"] = CFrame.new(0.000000, 0.042937, 0.009639, 1.000000, 0.000000, 0.000000, -0.000000, 0.903179, -0.429265, -0.000000, 0.429265, 0.903179),

              ["RightLowerLeg"] = CFrame.new(0.000000, 0.084454, -0.026036, 1.000000, 0.000000, 0.000000, -0.000000, 0.733851, 0.679314, -0.000000, -0.679311, 0.733848),

              ["RightUpperArm"] = CFrame.new(0.406732, 0.201458, 0.037752, -0.814167, -0.195218, 0.546829, 0.066077, -0.966818, -0.246774, 0.576859, -0.164782, 0.800050),

              ["RightUpperLeg"] = CFrame.new(0.000000, -0.000000, -0.000000, 0.747310, -0.402373, -0.528802, 0.167458, 0.884166, -0.436111, 0.643028, 0.237375, 0.728132),

              ["UpperTorso"] = CFrame.new(0.000029, 0.001351, 0.002730, 1.000000, -0.000108, 0.000289, 0.000102, 0.999805, 0.019755, -0.000291, -0.019755, 0.999805)

          }},

          {Time = 0.133, Data = {

              ["Head"] = CFrame.new(-0.000000, -0.000000, 0.000000, 0.867973, 0.060974, -0.492853, -0.001431, 0.992737, 0.120297, 0.496609, -0.103709, 0.861757),

              ["LeftFoot"] = CFrame.new(0.000000, 0.021197, -0.000003, 0.879436, -0.364139, -0.306610, 0.197345, 0.865024, -0.461309, 0.433183, 0.345161, 0.832577),

              ["LeftHand"] = CFrame.new(0.000500, 0.000100, 0.000000, 0.968381, -0.228928, 0.099146, 0.249266, 0.904130, -0.347013, -0.010199, 0.360752, 0.932605),

              ["LeftLowerArm"] = CFrame.new(-0.000500, 0.097114, 0.076148, 1.000000, -0.000000, 0.000000, 0.000000, 0.237547, -0.971376, 0.000000, 0.971376, 0.237547),

              ["LeftLowerLeg"] = CFrame.new(-0.000000, 0.092598, -0.031360, 1.000000, -0.000000, -0.000000, 0.000000, 0.677432, 0.735590, -0.000000, -0.735585, 0.677427),

              ["LeftUpperArm"] = CFrame.new(0.075000, -0.306677, 0.426330, 0.451005, 0.220010, -0.864980, -0.369808, 0.928101, 0.043245, 0.812304, 0.300372, 0.499939),

              ["LeftUpperLeg"] = CFrame.new(-0.000000, -0.000000, -0.000100, 0.926920, 0.352285, -0.129275, -0.375258, 0.869674, -0.320681, -0.000545, 0.345779, 0.938324),

              ["LowerTorso"] = CFrame.new(0.218158, -0.359401, -0.017743, 0.999854, -0.009850, 0.013995, 0.011098, 0.995691, -0.092064, -0.013028, 0.092206, 0.995655),

              ["RightFoot"] = CFrame.new(-0.000000, 0.024294, -0.000103, 0.970777, 0.183579, 0.154577, -0.132197, 0.946620, -0.294017, -0.200289, 0.264972, 0.943218),

              ["RightHand"] = CFrame.new(-0.000500, 0.000000, -0.000000, 0.990236, -0.132134, 0.044429, 0.139391, 0.942773, -0.302904, -0.001862, 0.306137, 0.951985),

              ["RightLowerArm"] = CFrame.new(0.000000, 0.057993, 0.018462, 1.000000, 0.000000, 0.000000, 0.000000, 0.814800, -0.579742, -0.000000, 0.579742, 0.814800),

              ["RightLowerLeg"] = CFrame.new(0.000000, 0.101010, -0.038856, 1.000000, 0.000000, -0.000000, -0.000000, 0.600505, 0.799627, 0.000000, -0.799621, 0.600497),

              ["RightUpperArm"] = CFrame.new(0.398234, 0.172216, -0.003696, -0.811924, -0.231248, 0.536008, 0.056574, -0.945041, -0.322019, 0.581016, -0.231130, 0.780384),

              ["RightUpperLeg"] = CFrame.new(0.000000, -0.000000, -0.000000, 0.778146, -0.476993, -0.408626, 0.246465, 0.830289, -0.499856, 0.577706, 0.288269, 0.763655),

              ["UpperTorso"] = CFrame.new(0.000051, 0.002398, 0.004736, 1.000000, -0.000189, 0.000502, 0.000172, 0.999409, 0.034371, -0.000509, -0.034371, 0.999409)

          }},

          {Time = 0.167, Data = {

              ["Head"] = CFrame.new(0.000000, 0.000000, -0.000000, 0.901946, 0.067426, -0.426553, -0.009575, 0.990616, 0.136341, 0.431743, -0.118888, 0.894127),

              ["LeftFoot"] = CFrame.new(-0.000000, 0.016489, -0.000003, 0.833624, -0.422517, -0.355765, 0.252525, 0.864374, -0.434860, 0.491224, 0.272650, 0.827241),

              ["LeftHand"] = CFrame.new(0.000500, 0.000100, 0.000000, 0.972738, -0.212125, 0.093720, 0.231421, 0.914022, -0.333181, -0.014986, 0.345784, 0.938194),

              ["LeftLowerArm"] = CFrame.new(-0.000500, 0.093636, 0.064895, 1.000000, -0.000000, -0.000000, 0.000000, 0.350113, -0.936708, 0.000000, 0.936708, 0.350113),

              ["LeftLowerLeg"] = CFrame.new(0.000000, 0.079091, -0.022526, 1.000000, -0.000000, -0.000000, 0.000000, 0.769166, 0.639051, -0.000000, -0.639049, 0.769165),

              ["LeftUpperArm"] = CFrame.new(0.085912, -0.322707, 0.443154, 0.442728, 0.273567, -0.853904, -0.347312, 0.930300, 0.117969, 0.826659, 0.244343, 0.506883),

              ["LeftUpperLeg"] = CFrame.new(0.000000, -0.000000, -0.000100, 0.929615, 0.358019, -0.087386, -0.368512, 0.900624, -0.230361, -0.003773, 0.246371, 0.969174),

              ["LowerTorso"] = CFrame.new(0.274436, -0.375303, -0.027276, 0.997734, 0.063912, 0.021017, -0.060554, 0.989198, -0.133493, -0.029322, 0.131918, 0.990827),

              ["RightFoot"] = CFrame.new(-0.000000, 0.026884, -0.000103, 0.976266, 0.165672, 0.139499, -0.102526, 0.920876, -0.376153, -0.190769, 0.352902, 0.915996),

              ["RightHand"] = CFrame.new(-0.000500, 0.000000, 0.000000, 0.990918, -0.116555, 0.067060, 0.131955, 0.938833, -0.318091, -0.025882, 0.324048, 0.945686),

              ["RightLowerArm"] = CFrame.new(0.000000, 0.063790, 0.022905, 1.000000, 0.000000, 0.000000, -0.000000, 0.770310, -0.637670, -0.000000, 0.637670, 0.770310),

              ["RightLowerLeg"] = CFrame.new(-0.000000, 0.109467, -0.048568, 1.000000, 0.000000, 0.000000, -0.000000, 0.499559, 0.866286, 0.000000, -0.866280, 0.499548),

              ["RightUpperArm"] = CFrame.new(0.391551, 0.123726, -0.049730, -0.811117, -0.271888, 0.517848, 0.073744, -0.925860, -0.370600, 0.580217, -0.262412, 0.771031),

              ["RightUpperLeg"] = CFrame.new(-0.000000, 0.000000, -0.000000, 0.788908, -0.518211, -0.330285, 0.310271, 0.799823, -0.513806, 0.530430, 0.302888, 0.791780),

              ["UpperTorso"] = CFrame.new(0.000079, 0.003755, 0.007209, 1.000000, -0.000293, 0.000766, 0.000253, 0.998619, 0.052530, -0.000781, -0.052530, 0.998619)

          }},

          {Time = 0.200, Data = {

              ["Head"] = CFrame.new(0.000000, -0.000000, 0.000000, 0.933807, 0.073249, -0.350197, -0.018466, 0.987380, 0.157287, 0.357299, -0.140409, 0.923376),

              ["LeftFoot"] = CFrame.new(-0.000000, 0.012197, -0.000003, 0.799426, -0.459563, -0.386960, 0.320433, 0.870987, -0.372444, 0.508174, 0.173732, 0.843533),

              ["LeftHand"] = CFrame.new(0.000500, 0.000100, -0.000000, 0.976766, -0.195159, 0.088551, 0.213422, 0.923357, -0.319161, -0.019477, 0.330642, 0.943555),

              ["LeftLowerArm"] = CFrame.new(-0.000500, 0.082949, 0.044147, 1.000000, -0.000000, -0.000000, 0.000000, 0.557699, -0.830043, 0.000000, 0.830043, 0.557699),

              ["LeftLowerLeg"] = CFrame.new(0.000000, 0.061037, -0.012760, 1.000000, -0.000000, -0.000000, 0.000000, 0.869282, 0.494311, -0.000000, -0.494316, 0.869285),

              ["LeftUpperArm"] = CFrame.new(0.099322, -0.341120, 0.460265, 0.436258, 0.326436, -0.838522, -0.323799, 0.926401, 0.192185, 0.839543, 0.187671, 0.509849),

              ["LeftUpperLeg"] = CFrame.new(-0.000000, -0.000000, -0.000100, 0.913875, 0.403106, 0.048354, -0.391604, 0.906634, -0.157021, -0.107137, 0.124580, 0.986411),

              ["LowerTorso"] = CFrame.new(0.332450, -0.341631, -0.038577, 0.992601, 0.116974, 0.032565, -0.109449, 0.978073, -0.177184, -0.052577, 0.172309, 0.983639),

              ["RightFoot"] = CFrame.new(0.000000, 0.026997, -0.000102, 0.986269, 0.126331, 0.106373, -0.072114, 0.908880, -0.410797, -0.148569, 0.397463, 0.905500),

              ["RightHand"] = CFrame.new(-0.000500, 0.000001, 0.000000, 0.990866, -0.098793, 0.091782, 0.124153, 0.934006, -0.334992, -0.052630, 0.343325, 0.937740),

              ["RightLowerArm"] = CFrame.new(0.000000, 0.058067, 0.018514, 1.000000, 0.000000, 0.000000, -0.000000, 0.814272, -0.580483, -0.000000, 0.580483, 0.814272),

              ["RightLowerLeg"] = CFrame.new(-0.000000, 0.109898, -0.049175, 1.000000, 0.000000, 0.000000, -0.000000, 0.493259, 0.869889, 0.000000, -0.869883, 0.493247),

              ["RightUpperArm"] = CFrame.new(0.383467, -0.004236, -0.084173, -0.802135, -0.415541, 0.428842, 0.241516, -0.882558, -0.403438, 0.546123, -0.220040, 0.808290),

              ["RightUpperLeg"] = CFrame.new(0.000000, -0.000000, -0.000000, 0.795378, -0.516532, -0.317136, 0.346290, 0.816670, -0.461645, 0.497450, 0.257383, 0.828438),

              ["UpperTorso"] = CFrame.new(0.000113, 0.005434, 0.010097, 0.999999, -0.000420, 0.001076, 0.000339, 0.997263, 0.073938, -0.001104, -0.073938, 0.997262)

          }},

          {Time = 0.233, Data = {

              ["Head"] = CFrame.new(-0.000000, 0.000000, -0.000000, 0.960693, 0.077222, -0.266657, -0.027983, 0.982578, 0.183735, 0.276199, -0.169051, 0.946116),

              ["LeftFoot"] = CFrame.new(-0.000000, 0.009318, -0.000003, 0.812162, -0.446303, -0.375796, 0.354428, 0.889025, -0.289866, 0.463437, 0.102218, 0.880202),

              ["LeftHand"] = CFrame.new(0.000500, 0.000100, 0.000000, 0.980174, -0.179439, 0.084033, 0.196761, 0.931437, -0.306124, -0.023340, 0.316587, 0.948276),

              ["LeftLowerArm"] = CFrame.new(-0.000500, 0.058909, 0.019193, 1.000000, -0.000000, -0.000000, 0.000000, 0.807482, -0.589892, 0.000000, 0.589892, 0.807482),

              ["LeftLowerLeg"] = CFrame.new(-0.000000, 0.045042, -0.006458, 1.000000, -0.000000, -0.000000, 0.000000, 0.933355, 0.358943, -0.000000, -0.358954, 0.933360),

              ["LeftUpperArm"] = CFrame.new(0.114871, -0.361935, 0.476709, 0.432150, 0.374050, -0.820569, -0.301620, 0.917470, 0.259373, 0.849866, 0.135412, 0.509306),

              ["LeftUpperLeg"] = CFrame.new(-0.000000, -0.000000, -0.000100, 0.863266, 0.447510, 0.233471, -0.426136, 0.894062, -0.138051, -0.270518, 0.019699, 0.962514),

              ["LowerTorso"] = CFrame.new(0.388197, -0.239658, -0.051443, 0.985494, 0.162244, 0.049792, -0.147550, 0.964056, -0.220964, -0.083852, 0.210412, 0.974010),

              ["RightFoot"] = CFrame.new(0.000000, 0.024708, -0.000103, 0.995883, 0.069345, 0.058389, -0.041100, 0.919479, -0.391008, -0.080798, 0.386975, 0.918533),

              ["RightHand"] = CFrame.new(-0.000500, -0.000000, -0.000000, 0.989888, -0.079434, 0.117525, 0.116402, 0.928373, -0.352953, -0.081070, 0.363062, 0.928230),

              ["RightLowerArm"] = CFrame.new(0.000000, 0.042977, 0.009658, 1.000000, 0.000000, 0.000000, -0.000000, 0.902985, -0.429671, -0.000000, 0.429671, 0.902985),

              ["RightLowerLeg"] = CFrame.new(-0.000000, 0.102655, -0.040646, 1.000000, 0.000000, 0.000000, -0.000000, 0.581973, 0.813215, 0.000000, -0.813208, 0.581964),

              ["RightUpperArm"] = CFrame.new(0.329435, -0.221455, -0.077493, -0.693087, -0.684443, 0.226204, 0.582991, -0.716784, -0.382549, 0.423972, -0.133265, 0.895817),

              ["RightUpperLeg"] = CFrame.new(0.000000, -0.000000, -0.000000, 0.806204, -0.482018, -0.343075, 0.367111, 0.862290, -0.348815, 0.463965, 0.155292, 0.872140),

              ["UpperTorso"] = CFrame.new(0.000153, 0.007449, 0.013344, 0.999999, -0.000569, 0.001427, 0.000426, 0.995157, 0.098296, -0.001476, -0.098296, 0.995156)

          }},

          {Time = 0.267, Data = {

              ["Head"] = CFrame.new(-0.000000, 0.000000, -0.000000, 0.980668, 0.078047, -0.179439, -0.038058, 0.975577, 0.216334, 0.191941, -0.205323, 0.959688),

              ["LeftFoot"] = CFrame.new(-0.000000, 0.008578, -0.000003, 0.878803, -0.365028, -0.307363, 0.304997, 0.925018, -0.226548, 0.366992, 0.105340, 0.924232),

              ["LeftHand"] = CFrame.new(0.000500, 0.000100, 0.000000, 0.982767, -0.166409, 0.080480, 0.182963, 0.937728, -0.295284, -0.026330, 0.304918, 0.952014),

              ["LeftLowerArm"] = CFrame.new(-0.000500, 0.025986, 0.003435, 1.000000, -0.000000, -0.000000, -0.000000, 0.965387, -0.260820, 0.000000, 0.260820, 0.965387),

              ["LeftLowerLeg"] = CFrame.new(0.000000, 0.040933, -0.005218, 1.000000, -0.000000, -0.000000, 0.000000, 0.945927, 0.324366, -0.000000, -0.324379, 0.945932),

              ["LeftUpperArm"] = CFrame.new(0.131968, -0.385262, 0.491750, 0.430502, 0.412425, -0.802854, -0.283309, 0.906290, 0.313646, 0.856974, 0.092431, 0.507003),

              ["LeftUpperLeg"] = CFrame.new(-0.000000, -0.000000, -0.000100, 0.814423, 0.474599, 0.333878, -0.444499, 0.880113, -0.166788, -0.373009, -0.012558, 0.927743),

              ["LowerTorso"] = CFrame.new(0.437422, -0.074388, -0.065592, 0.973324, 0.217912, 0.071793, -0.192238, 0.945381, -0.263250, -0.125237, 0.242426, 0.962053),

              ["RightFoot"] = CFrame.new(-0.000000, 0.019631, -0.000103, 0.999856, 0.012966, 0.010917, -0.008804, 0.947656, -0.319193, -0.014485, 0.319029, 0.947627),

              ["RightHand"] = CFrame.new(-0.000500, 0.000001, 0.000000, 0.987916, -0.059157, 0.143256, 0.109056, 0.922089, -0.371295, -0.110129, 0.382429, 0.917397),

              ["RightLowerArm"] = CFrame.new(0.000000, 0.023015, 0.002660, 1.000000, 0.000000, 0.000000, -0.000000, 0.973163, -0.230119, -0.000000, 0.230119, 0.973163),

              ["RightLowerLeg"] = CFrame.new(0.000000, 0.087656, -0.028170, 1.000000, 0.000000, 0.000000, -0.000000, 0.711704, 0.702483, 0.000000, -0.702479, 0.711701),

              ["RightUpperArm"] = CFrame.new(0.195583, -0.419741, -0.026105, -0.414132, -0.910216, -0.000945, 0.885378, -0.402590, -0.232439, 0.211189, -0.097098, 0.972611),

              ["RightUpperLeg"] = CFrame.new(0.000000, -0.000000, -0.000000, 0.805437, -0.448231, -0.387771, 0.396541, 0.893792, -0.209482, 0.440485, 0.014979, 0.897636),

              ["UpperTorso"] = CFrame.new(0.000199, 0.009811, 0.016893, 0.999998, -0.000740, 0.001814, 0.000507, 0.992120, 0.125294, -0.001893, -0.125293, 0.992118)

          }},

          {Time = 0.300, Data = {

              ["Head"] = CFrame.new(-0.000000, -0.000000, 0.000000, 0.992925, 0.074491, -0.092473, -0.048615, 0.965517, 0.255761, 0.108336, -0.249456, 0.962307),

              ["LeftFoot"] = CFrame.new(0.000000, 0.011203, -0.000003, 0.952883, -0.232043, -0.195385, 0.186206, 0.955898, -0.227141, 0.239461, 0.180043, 0.954060),

              ["LeftHand"] = CFrame.new(0.000500, 0.000100, 0.000000, 0.984417, -0.157527, 0.078157, 0.173564, 0.941808, -0.287878, -0.028260, 0.296955, 0.954473),

              ["LeftLowerArm"] = CFrame.new(-0.000500, -0.002742, 0.000037, 1.000000, -0.000000, -0.000000, -0.000000, 0.999651, 0.026425, 0.000000, -0.026426, 0.999651),

              ["LeftLowerLeg"] = CFrame.new(0.000000, 0.055550, -0.010320, 1.000000, -0.000000, 0.000000, 0.000000, 0.894125, 0.447810, -0.000000, -0.447818, 0.894129),

              ["LeftUpperArm"] = CFrame.new(0.149874, -0.411195, 0.504808, 0.431107, 0.438206, -0.788747, -0.271366, 0.896648, 0.349832, 0.860527, 0.063224, 0.505466),

              ["LeftUpperLeg"] = CFrame.new(-0.000000, 0.000000, -0.000100, 0.823307, 0.493488, 0.280425, -0.441964, 0.867362, -0.228791, -0.356137, 0.064444, 0.932210),

              ["LowerTorso"] = CFrame.new(0.475638, 0.149286, -0.080617, 0.948779, 0.301084, 0.095743, -0.260322, 0.916712, -0.303104, -0.179029, 0.262655, 0.948136),

              ["RightFoot"] = CFrame.new(-0.000000, 0.013756, -0.000103, 0.999503, -0.024117, -0.020308, 0.019555, 0.979453, -0.200736, 0.024728, 0.200223, 0.979435),

              ["RightHand"] = CFrame.new(-0.000500, 0.000000, 0.000000, 0.985025, -0.038725, 0.168006, 0.102390, 0.915392, -0.389327, -0.138714, 0.400696, 0.905648),

              ["RightLowerArm"] = CFrame.new(0.000000, 0.005547, 0.000148, 1.000000, 0.000000, 0.000000, -0.000000, 0.998460, -0.055469, -0.000000, 0.055468, 0.998460),

              ["RightLowerLeg"] = CFrame.new(0.000000, 0.068152, -0.016611, 1.000000, 0.000000, -0.000000, -0.000000, 0.831027, 0.556230, 0.000000, -0.556233, 0.831028),

              ["RightUpperArm"] = CFrame.new(0.040902, -0.521173, 0.035332, -0.082157, -0.986158, -0.144022, 0.996455, -0.083902, 0.006073, -0.018073, -0.143013, 0.989556),

              ["RightUpperLeg"] = CFrame.new(0.000000, 0.000000, 0.000000, 0.774487, -0.446118, -0.448502, 0.459291, 0.884087, -0.086253, 0.434995, -0.139174, 0.889610),

              ["UpperTorso"] = CFrame.new(0.000251, 0.012534, 0.020686, 0.999997, -0.000934, 0.002233, 0.000577, 0.987975, 0.154611, -0.002351, -0.154609, 0.987973)

          }},

          {Time = 0.333, Data = {

              ["Head"] = CFrame.new(-0.000000, -0.000000, 0.000000, 0.997802, 0.065532, -0.009835, -0.059490, 0.951228, 0.302700, 0.029192, -0.301449, 0.953035),

              ["LeftFoot"] = CFrame.new(-0.000000, 0.017374, -0.000003, 0.987819, -0.119034, -0.100228, 0.087156, 0.956812, -0.277354, 0.128906, 0.265220, 0.955526),

              ["LeftHand"] = CFrame.new(0.000500, 0.000100, 0.000000, 0.985002, -0.154247, 0.077319, 0.170095, 0.943273, -0.285140, -0.028951, 0.294013, 0.955362),

              ["LeftLowerArm"] = CFrame.new(-0.000500, -0.014491, 0.001055, 1.000000, -0.000000, -0.000000, 0.000000, 0.989588, 0.143926, 0.000000, -0.143927, 0.989588),

              ["LeftLowerLeg"] = CFrame.new(0.000000, 0.081747, -0.024106, 1.000000, -0.000000, -0.000000, 0.000000, 0.752807, 0.658243, -0.000000, -0.658241, 0.752806),

              ["LeftUpperArm"] = CFrame.new(0.167839, -0.439744, 0.515321, 0.433748, 0.448350, -0.781566, -0.268126, 0.892341, 0.363093, 0.860216, 0.052067, 0.507265),

              ["LeftUpperLeg"] = CFrame.new(-0.000000, 0.000001, -0.000100, 0.884116, 0.458190, 0.091657, -0.411809, 0.856731, -0.310507, -0.220798, 0.236799, 0.946142),

              ["LowerTorso"] = CFrame.new(0.498193, 0.426788, -0.095892, 0.897332, 0.425590, 0.116914, -0.366479, 0.866093, -0.339964, -0.245944, 0.262214, 0.933143),

              ["RightFoot"] = CFrame.new(0.000000, 0.011077, -0.000103, 0.999364, -0.027283, -0.022974, 0.026048, 0.998284, -0.052445, 0.024362, 0.051808, 0.998360),

              ["RightHand"] = CFrame.new(-0.000500, -0.000000, 0.000000, 0.981429, -0.018972, 0.190888, 0.096600, 0.908594, -0.406359, -0.165729, 0.417249, 0.893551),

              ["RightLowerArm"] = CFrame.new(-0.000000, -0.001766, 0.000017, 1.000000, 0.000000, 0.000000, -0.000000, 0.999844, 0.017662, -0.000000, -0.017663, 0.999844),

              ["RightLowerLeg"] = CFrame.new(-0.000000, 0.053532, -0.009676, 1.000000, 0.000000, -0.000000, -0.000000, 0.901684, 0.432387, 0.000000, -0.432396, 0.901688),

              ["RightUpperArm"] = CFrame.new(-0.059066, -0.547061, 0.089968, 0.151586, -0.970686, -0.186522, 0.962453, 0.101960, 0.251573, -0.225180, -0.217654, 0.949695),

              ["RightUpperLeg"] = CFrame.new(-0.000000, 0.000001, -0.000000, 0.689139, -0.504470, -0.520197, 0.572388, 0.819186, -0.036125, 0.444363, -0.272845, 0.853282),

              ["UpperTorso"] = CFrame.new(0.000309, 0.015622, 0.024666, 0.999996, -0.001150, 0.002678, 0.000632, 0.982565, 0.185916, -0.002845, -0.185914, 0.982562)

          }},

          {Time = 0.367, Data = {

              ["Head"] = CFrame.new(0.000000, 0.000000, 0.000000, 0.998513, -0.007340, 0.054013, -0.012635, 0.932737, 0.360337, -0.053025, -0.360484, 0.931257),

              ["LeftFoot"] = CFrame.new(0.000000, 0.026251, -0.000002, 0.988603, -0.115163, -0.096969, 0.081014, 0.949831, -0.302106, 0.126888, 0.290789, 0.948329),

              ["LeftHand"] = CFrame.new(0.000500, 0.000100, 0.000000, 0.985002, -0.154247, 0.077319, 0.170094, 0.943273, -0.285140, -0.028951, 0.294013, 0.955362),

              ["LeftLowerArm"] = CFrame.new(-0.000500, -0.002447, 0.000029, 1.000000, -0.000000, -0.000000, 0.000000, 0.999725, 0.023471, 0.000000, -0.023471, 0.999725),

              ["LeftLowerLeg"] = CFrame.new(-0.000000, 0.108201, -0.046549, 1.000000, -0.000000, -0.000000, 0.000000, 0.519505, 0.854474, -0.000000, -0.854468, 0.519494),

              ["LeftUpperArm"] = CFrame.new(0.209819, -0.463519, 0.511410, 0.487606, 0.428985, -0.760403, -0.261120, 0.902749, 0.341847, 0.833100, 0.031870, 0.552203),

              ["LeftUpperLeg"] = CFrame.new(-0.000001, 0.000000, -0.000100, 0.943074, 0.266935, -0.198379, -0.330490, 0.818967, -0.469096, 0.037246, 0.507975, 0.860578),

              ["LowerTorso"] = CFrame.new(0.506677, 0.745627, -0.108786, 0.786066, 0.595557, 0.165564, -0.525615, 0.784940, -0.328023, -0.325314, 0.170825, 0.930048),

              ["RightFoot"] = CFrame.new(0.000000, 0.014364, -0.000103, 0.998574, 0.040838, 0.034386, -0.040802, 0.999166, -0.001739, -0.034427, 0.000329, 0.999407),

              ["RightHand"] = CFrame.new(-0.000500, 0.000000, 0.000000, 0.977463, -0.000783, 0.211107, 0.091801, 0.902070, -0.421716, -0.190101, 0.431589, 0.881810),

              ["RightLowerArm"] = CFrame.new(0.000000, 0.007815, 0.000298, 1.000000, 0.000000, 0.000000, -0.000000, 0.996942, -0.078143, -0.000000, 0.078142, 0.996942),

              ["RightLowerLeg"] = CFrame.new(0.000000, 0.071011, -0.018200, 1.000000, 0.000000, -0.000000, -0.000000, 0.814773, 0.579778, 0.000000, -0.579780, 0.814774),

              ["RightUpperArm"] = CFrame.new(-0.114307, -0.534657, 0.138054, 0.305404, -0.939501, -0.155130, 0.861418, 0.203159, 0.465496, -0.405818, -0.275796, 0.871349),

              ["RightUpperLeg"] = CFrame.new(-0.000000, 0.000001, 0.000000, 0.508189, -0.645496, -0.570169, 0.638569, 0.726623, -0.253457, 0.577904, -0.235273, 0.781452),

              ["UpperTorso"] = CFrame.new(0.000372, 0.019081, 0.028774, 0.999994, -0.001388, 0.003145, 0.000666, 0.975754, 0.218870, -0.003372, -0.218867, 0.975749)

          }},

          {Time = 0.400, Data = {

              ["Head"] = CFrame.new(0.000000, 0.000000, -0.000000, 0.982696, -0.164721, 0.084707, 0.113336, 0.896450, 0.428408, -0.146503, -0.411394, 0.899606),

              ["LeftFoot"] = CFrame.new(0.000000, 0.030194, -0.000002, 0.980382, -0.150782, -0.126962, 0.100294, 0.936066, -0.337242, 0.169684, 0.317877, 0.932817),

              ["LeftHand"] = CFrame.new(0.000500, 0.000100, 0.000000, 0.985002, -0.154247, 0.077319, 0.170094, 0.943273, -0.285140, -0.028951, 0.294013, 0.955362),

              ["LeftLowerArm"] = CFrame.new(-0.000500, 0.026090, 0.003463, 1.000000, -0.000000, -0.000000, 0.000000, 0.965104, -0.261868, 0.000000, 0.261867, 0.965104),

              ["LeftLowerLeg"] = CFrame.new(-0.000000, 0.121170, -0.069836, 1.000000, -0.000000, -0.000000, 0.000000, 0.277340, 0.960776, -0.000000, -0.960772, 0.277326),

              ["LeftUpperArm"] = CFrame.new(0.281265, -0.474181, 0.483354, 0.604866, 0.375352, -0.702317, -0.235986, 0.926818, 0.292095, 0.760558, -0.010941, 0.649178),

              ["LeftUpperLeg"] = CFrame.new(-0.000000, 0.000000, -0.000100, 0.895846, -0.068373, -0.439076, -0.285649, 0.668284, -0.686862, 0.340390, 0.740758, 0.579166),

              ["LowerTorso"] = CFrame.new(0.506848, 1.069871, -0.115788, 0.583420, 0.765678, 0.270847, -0.720679, 0.641831, -0.262060, -0.374491, -0.042303, 0.926265),

              ["RightFoot"] = CFrame.new(-0.000000, 0.024958, -0.000103, 0.974071, 0.173067, 0.145727, -0.168973, 0.984804, -0.040117, -0.150446, 0.014451, 0.988511),

              ["RightHand"] = CFrame.new(-0.000500, 0.000000, -0.000000, 0.973559, 0.014931, 0.227950, 0.088046, 0.896240, -0.434745, -0.210787, 0.443317, 0.871226),

              ["RightLowerArm"] = CFrame.new(-0.000000, 0.031013, 0.004898, 1.000000, 0.000000, 0.000000, -0.000000, 0.950711, -0.310078, -0.000000, 0.310078, 0.950711),

              ["RightLowerLeg"] = CFrame.new(0.000000, 0.103627, -0.041738, 1.000000, 0.000000, 0.000000, -0.000000, 0.570649, 0.821200, 0.000000, -0.821194, 0.570640),

              ["RightUpperArm"] = CFrame.new(-0.154890, -0.496796, 0.170076, 0.436161, -0.897399, -0.066622, 0.722415, 0.305046, 0.620535, -0.536544, -0.318782, 0.781344),

              ["RightUpperLeg"] = CFrame.new(0.000000, 0.000000, -0.000000, 0.297774, -0.795908, -0.527143, 0.515871, 0.598766, -0.612650, 0.803248, -0.089493, 0.588881),

              ["UpperTorso"] = CFrame.new(0.000442, 0.022906, 0.032953, 0.999992, -0.001647, 0.003628, 0.000675, 0.967433, 0.253126, -0.003927, -0.253121, 0.967426)

          }},

          {Time = 0.433, Data = {

              ["Head"] = CFrame.new(-0.000001, -0.000000, 0.000000, 0.935321, -0.343811, 0.083473, 0.260925, 0.829659, 0.493542, -0.238940, -0.439841, 0.865707),

              ["LeftFoot"] = CFrame.new(-0.000000, 0.031702, -0.000001, 0.991107, -0.101792, -0.085710, 0.056165, 0.903907, -0.424045, 0.120630, 0.415440, 0.901576),

              ["LeftHand"] = CFrame.new(0.000500, 0.000100, -0.000000, 0.985002, -0.154247, 0.077319, 0.170094, 0.943273, -0.285140, -0.028951, 0.294013, 0.955362),

              ["LeftLowerArm"] = CFrame.new(-0.000500, 0.057140, 0.017933, 1.000000, -0.000000, -0.000000, 0.000000, 0.820099, -0.572221, 0.000000, 0.572222, 0.820099),

              ["LeftLowerLeg"] = CFrame.new(-0.000000, 0.125005, -0.084655, 1.000000, -0.000000, -0.000000, 0.000000, 0.123169, 0.992387, -0.000000, -0.992386, 0.123155),

              ["LeftUpperArm"] = CFrame.new(0.353081, -0.471969, 0.437665, 0.728610, 0.302375, -0.614570, -0.195513, 0.951761, 0.236485, 0.656432, -0.052149, 0.752581),

              ["LeftUpperLeg"] = CFrame.new(0.000000, -0.000000, -0.000100, 0.817495, -0.305077, -0.488505, -0.327741, 0.451035, -0.830142, 0.473590, 0.838747, 0.268750),

              ["LowerTorso"] = CFrame.new(0.503023, 1.361003, -0.116743, 0.302505, 0.862892, 0.404856, -0.890411, 0.407389, -0.202983, -0.340086, -0.299085, 0.891566),

              ["RightFoot"] = CFrame.new(-0.000000, 0.029608, -0.000102, 0.920651, 0.298630, 0.251455, -0.267802, 0.951754, -0.149829, -0.284050, 0.070599, 0.956202),

              ["RightHand"] = CFrame.new(-0.000500, 0.000000, 0.000000, 0.970200, 0.027253, 0.240771, 0.085344, 0.891549, -0.444814, -0.226779, 0.452104, 0.862653),

              ["RightLowerArm"] = CFrame.new(0.000000, 0.057024, 0.017783, 1.000000, 0.000000, 0.000000, 0.000000, 0.821599, -0.570066, -0.000000, 0.570066, 0.821599),

              ["RightLowerLeg"] = CFrame.new(0.000000, 0.118768, -0.064635, 1.000000, 0.000000, 0.000000, -0.000000, 0.332552, 0.943090, 0.000000, -0.943085, 0.332537),

              ["RightUpperArm"] = CFrame.new(-0.176792, -0.443281, 0.193549, 0.530890, -0.845517, 0.057081, 0.568230, 0.405137, 0.716225, -0.628706, -0.347802, 0.695531),

              ["RightUpperLeg"] = CFrame.new(-0.000000, 0.000000, -0.000000, 0.266065, -0.870864, -0.413306, 0.251948, 0.476661, -0.842199, 0.930447, 0.119958, 0.346237),

              ["UpperTorso"] = CFrame.new(0.000516, 0.027091, 0.037150, 0.999990, -0.001927, 0.004123, 0.000656, 0.957530, 0.288332, -0.004504, -0.288327, 0.957522)

          }},

          {Time = 0.467, Data = {

              ["Head"] = CFrame.new(0.000000, 0.000000, 0.000000, 0.873640, -0.482277, 0.064517, 0.375689, 0.752853, 0.540435, -0.309211, -0.447907, 0.838908),

              ["LeftFoot"] = CFrame.new(0.000000, 0.032108, -0.000001, 0.999396, -0.026587, -0.022386, 0.011370, 0.858760, -0.512276, 0.032842, 0.511689, 0.858529),

              ["LeftHand"] = CFrame.new(0.000499, 0.000100, -0.000000, 0.985002, -0.154247, 0.077319, 0.170094, 0.943273, -0.285140, -0.028951, 0.294013, 0.955362),

              ["LeftLowerArm"] = CFrame.new(-0.000499, 0.078124, 0.037576, 1.000000, -0.000000, -0.000000, 0.000000, 0.623455, -0.781859, 0.000000, 0.781859, 0.623455),

              ["LeftLowerLeg"] = CFrame.new(0.000000, 0.125752, -0.091152, 1.000000, -0.000000, -0.000000, 0.000000, 0.055637, 0.998452, -0.000000, -0.998451, 0.055624),

              ["LeftUpperArm"] = CFrame.new(0.403126, -0.463055, 0.392228, 0.815830, 0.236110, -0.527895, -0.154360, 0.968643, 0.194688, 0.557310, -0.077347, 0.826694),

              ["LeftUpperLeg"] = CFrame.new(0.000000, -0.000000, -0.000100, 0.873047, -0.331289, -0.357831, -0.279245, 0.261908, -0.923805, 0.399765, 0.906450, 0.136166),

              ["LowerTorso"] = CFrame.new(0.500989, 1.578204, -0.116181, -0.001494, 0.858703, 0.512472, -0.973674, 0.115563, -0.196477, -0.227938, -0.499274, 0.835924),

              ["RightFoot"] = CFrame.new(0.000000, 0.031071, -0.000102, 0.911251, 0.315050, 0.265281, -0.231691, 0.924640, -0.302272, -0.340501, 0.213974, 0.915564),

              ["RightHand"] = CFrame.new(-0.000500, 0.000000, -0.000000, 0.967875, 0.035282, 0.248947, 0.083694, 0.888437, -0.451307, -0.237095, 0.457641, 0.856941),

              ["RightLowerArm"] = CFrame.new(-0.000000, 0.075123, 0.033882, 1.000000, 0.000000, 0.000000, -0.000000, 0.660425, -0.750892, -0.000000, 0.750892, 0.660426),

              ["RightLowerLeg"] = CFrame.new(0.000000, 0.123314, -0.078118, 1.000000, 0.000000, 0.000000, -0.000000, 0.192365, 0.981326, 0.000000, -0.981323, 0.192350),

              ["RightUpperArm"] = CFrame.new(-0.181882, -0.380308, 0.216507, 0.586884, -0.785447, 0.196573, 0.414118, 0.499812, 0.760719, -0.695754, -0.365049, 0.618599),

              ["RightUpperLeg"] = CFrame.new(0.000000, -0.000000, -0.000000, 0.484177, -0.826713, -0.286582, 0.042744, 0.349467, -0.935965, 0.873926, 0.440929, 0.204549),

              ["UpperTorso"] = CFrame.new(0.000596, 0.031619, 0.041312, 0.999987, -0.002226, 0.004626, 0.000607, 0.946010, 0.324136, -0.005098, -0.324129, 0.945999)

          }},

          {Time = 0.500, Data = {

              ["Head"] = CFrame.new(-0.000000, 0.000000, 0.000000, 0.842758, -0.535842, 0.051311, 0.419402, 0.713384, 0.561413, -0.337433, -0.451615, 0.825944),

              ["LeftFoot"] = CFrame.new(0.000000, 0.032330, -0.000001, 0.999839, 0.013739, 0.011569, -0.004735, 0.822919, -0.568165, -0.017325, 0.567993, 0.822834),

              ["LeftHand"] = CFrame.new(0.000499, 0.000100, 0.000000, 0.985002, -0.154247, 0.077319, 0.170094, 0.943273, -0.285140, -0.028951, 0.294013, 0.955362),

              ["LeftLowerArm"] = CFrame.new(-0.000500, 0.085085, 0.047459, 1.000000, -0.000000, -0.000000, 0.000000, 0.524561, -0.851373, 0.000000, 0.851373, 0.524561),

              ["LeftLowerLeg"] = CFrame.new(0.000001, 0.125971, -0.094772, 1.000000, -0.000000, -0.000000, 0.000000, 0.017993, 0.999838, -0.000000, -0.999838, 0.017980),

              ["LeftUpperArm"] = CFrame.new(0.421205, -0.457774, 0.371713, 0.847414, 0.207477, -0.488715, -0.135508, 0.974518, 0.178753, 0.513349, -0.085253, 0.853935),

              ["LeftUpperLeg"] = CFrame.new(0.000000, -0.000000, -0.000100, 0.942028, -0.316023, -0.112755, -0.062022, 0.166229, -0.984131, 0.329752, 0.934076, 0.137010),

