return {
["headpat"] = {

          {Time = 0.000, Data = {

              ["Head"] = CFrame.new(0.000000, 0.000000, 0.000000, 1.000000, 0.000000, 0.000000, 0.000000, 1.000000, -0.000000, 0.000000, 0.000000, 1.000000),

              ["LeftFoot"] = CFrame.new(-0.000000, -0.000964, -0.000003, 0.998131, -0.046747, -0.039362, 0.046784, 0.998905, -0.000003, 0.039317, -0.001828, 0.999225),

              ["LeftHand"] = CFrame.new(0.000488, 0.017645, -0.000000, 0.817649, -0.497408, 0.289892, 0.480350, 0.866973, 0.132749, -0.317356, 0.030707, 0.947808),

              ["LeftLowerArm"] = CFrame.new(-0.000500, 0.089647, 0.032441, 1.000000, -0.000000, -0.000000, 0.000000, 0.667024, -0.745035, 0.000000, 0.745036, 0.667025),

              ["LeftLowerLeg"] = CFrame.new(-0.000000, -0.000561, 0.000094, 1.000000, 0.000000, -0.000000, 0.000000, 1.000000, -0.000008, -0.000000, -0.000011, 1.000000),

              ["LeftUpperArm"] = CFrame.new(-0.060177, 0.044134, 0.233684, 0.879645, 0.128843, -0.457847, 0.088269, 0.901667, 0.423327, 0.467368, -0.412791, 0.781774),

              ["LeftUpperLeg"] = CFrame.new(0.000000, -0.000000, -0.000100, 0.998131, 0.046783, 0.039318, -0.046747, 0.998905, -0.001831, -0.039361, -0.000003, 0.999225),

              ["LowerTorso"] = CFrame.new(0.000000, 0.000000, 0.000000, 1.000000, 0.000000, -0.000000, 0.000000, 1.000000, 0.000000, 0.000000, 0.000000, 1.000000),

              ["RightFoot"] = CFrame.new(0.000000, -0.001313, -0.000103, 0.997084, 0.058373, 0.049152, -0.058443, 0.998291, -0.000007, -0.049065, -0.002855, 0.998791),

              ["RightHand"] = CFrame.new(-0.000487, 0.018996, 0.000000, 0.418711, 0.784170, -0.457997, -0.874133, 0.211345, -0.437294, -0.246116, 0.583447, 0.773959),

              ["RightLowerArm"] = CFrame.new(-0.000000, 0.094855, 0.037049, 1.000000, 0.000000, 0.000000, -0.000000, 0.619166, -0.785260, -0.000000, 0.785260, 0.619166),

              ["RightLowerLeg"] = CFrame.new(0.000000, -0.001309, -0.000014, 1.000000, -0.000000, -0.000000, -0.000000, 1.000000, -0.000008, -0.000000, -0.000011, 1.000000),

              ["RightUpperArm"] = CFrame.new(0.254894, 0.030280, -1.026740, 0.172161, -0.279648, 0.944541, 0.678639, -0.661341, -0.319496, 0.714010, 0.696007, 0.075923),

              ["RightUpperLeg"] = CFrame.new(0.000000, -0.000000, -0.000000, 0.997084, -0.058443, -0.049067, 0.058373, 0.998291, -0.002858, 0.049150, -0.000007, 0.998791),

              ["UpperTorso"] = CFrame.new(0.000000, 0.000000, 0.000000, 1.000000, 0.000000, 0.000000, 0.000000, 1.000000, 0.000000, -0.000000, 0.000000, 1.000000)

          }},

          {Time = 0.020, Data = {

              ["Head"] = CFrame.new(0.000000, 0.000000, 0.000000, 1.000000, 0.000298, -0.000000, -0.000298, 1.000000, -0.000000, 0.000000, 0.000000, 1.000000),

              ["LeftFoot"] = CFrame.new(-0.000000, -0.000964, -0.000003, 0.998131, -0.046747, -0.039362, 0.046784, 0.998905, -0.000003, 0.039317, -0.001828, 0.999225),

              ["LeftHand"] = CFrame.new(0.000488, 0.017661, -0.000000, 0.817780, -0.497248, 0.289798, 0.480055, 0.867081, 0.133112, -0.317465, 0.030262, 0.947786),

              ["LeftLowerArm"] = CFrame.new(-0.000500, 0.089706, 0.032491, 1.000000, -0.000000, -0.000000, 0.000000, 0.666510, -0.745496, 0.000000, 0.745496, 0.666511),

              ["LeftLowerLeg"] = CFrame.new(-0.000000, -0.000561, 0.000094, 1.000000, 0.000000, -0.000000, 0.000000, 1.000000, -0.000008, -0.000000, -0.000011, 1.000000),

              ["LeftUpperArm"] = CFrame.new(-0.060167, 0.044154, 0.233661, 0.879666, 0.128952, -0.457777, 0.088307, 0.901515, 0.423642, 0.467322, -0.413088, 0.781644),

              ["LeftUpperLeg"] = CFrame.new(0.000000, -0.000000, -0.000100, 0.998131, 0.046783, 0.039318, -0.046747, 0.998905, -0.001831, -0.039361, -0.000003, 0.999225),

              ["LowerTorso"] = CFrame.new(0.000000, 0.000000, 0.000000, 1.000000, 0.000000, -0.000000, 0.000000, 1.000000, 0.000000, 0.000000, 0.000000, 1.000000),

              ["RightFoot"] = CFrame.new(0.000000, -0.001313, -0.000103, 0.997084, 0.058373, 0.049152, -0.058443, 0.998291, -0.000007, -0.049065, -0.002855, 0.998791),

              ["RightHand"] = CFrame.new(-0.000488, 0.018967, -0.000000, 0.420216, 0.783573, -0.457641, -0.875508, 0.217520, -0.431477, -0.238546, 0.581979, 0.777427),

              ["RightLowerArm"] = CFrame.new(0.000000, 0.094758, 0.036956, 1.000000, 0.000000, 0.000000, 0.000000, 0.620131, -0.784498, -0.000000, 0.784498, 0.620132),

              ["RightLowerLeg"] = CFrame.new(0.000000, -0.001309, -0.000014, 1.000000, -0.000000, -0.000000, -0.000000, 1.000000, -0.000008, -0.000000, -0.000011, 1.000000),

              ["RightUpperArm"] = CFrame.new(0.257302, 0.029807, -1.026863, 0.167345, -0.274250, 0.946986, 0.679583, -0.663791, -0.312327, 0.714256, 0.695822, 0.075293),

              ["RightUpperLeg"] = CFrame.new(0.000000, -0.000000, -0.000000, 0.997084, -0.058443, -0.049067, 0.058373, 0.998291, -0.002858, 0.049150, -0.000007, 0.998791),

              ["UpperTorso"] = CFrame.new(0.000000, 0.000000, 0.000000, 1.000000, -0.000210, 0.000000, 0.000210, 1.000000, 0.000000, -0.000000, 0.000000, 1.000000)

          }},

          {Time = 0.040, Data = {

              ["Head"] = CFrame.new(-0.000000, 0.000000, 0.000000, 0.999999, 0.001136, -0.000000, -0.001136, 0.999999, -0.000000, 0.000000, 0.000000, 1.000000),

              ["LeftFoot"] = CFrame.new(-0.000000, -0.000964, -0.000003, 0.998131, -0.046747, -0.039362, 0.046784, 0.998905, -0.000003, 0.039317, -0.001828, 0.999225),

              ["LeftHand"] = CFrame.new(0.000488, 0.017706, -0.000000, 0.818148, -0.496795, 0.289534, 0.479224, 0.867383, 0.134133, -0.317771, 0.029011, 0.947723),

              ["LeftLowerArm"] = CFrame.new(-0.000500, 0.089868, 0.032631, 1.000000, -0.000000, -0.000000, 0.000000, 0.665062, -0.746787, 0.000000, 0.746788, 0.665063),

              ["LeftLowerLeg"] = CFrame.new(-0.000000, -0.000561, 0.000094, 1.000000, 0.000000, -0.000000, 0.000000, 1.000000, -0.000008, -0.000000, -0.000011, 1.000000),

              ["LeftUpperArm"] = CFrame.new(-0.060138, 0.044208, 0.233597, 0.879723, 0.129260, -0.457579, 0.088415, 0.901087, 0.424529, 0.467193, -0.413925, 0.781279),

              ["LeftUpperLeg"] = CFrame.new(0.000000, -0.000000, -0.000100, 0.998131, 0.046783, 0.039318, -0.046747, 0.998905, -0.001831, -0.039361, -0.000003, 0.999225),

              ["LowerTorso"] = CFrame.new(0.000000, 0.000000, 0.000000, 1.000000, 0.000000, -0.000000, 0.000000, 1.000000, 0.000000, 0.000000, 0.000000, 1.000000),

              ["RightFoot"] = CFrame.new(0.000000, -0.001313, -0.000103, 0.997084, 0.058373, 0.049152, -0.058443, 0.998291, -0.000007, -0.049065, -0.002855, 0.998791),

              ["RightHand"] = CFrame.new(-0.000488, 0.018874, -0.000000, 0.423977, 0.782070, -0.456742, -0.879186, 0.234335, -0.414874, -0.217428, 0.577455, 0.786935),

              ["RightLowerArm"] = CFrame.new(-0.000000, 0.094445, 0.036661, 1.000000, 0.000000, 0.000000, -0.000000, 0.623206, -0.782057, -0.000000, 0.782058, 0.623207),

              ["RightLowerLeg"] = CFrame.new(0.000000, -0.001309, -0.000014, 1.000000, -0.000000, -0.000000, -0.000000, 1.000000, -0.000008, -0.000000, -0.000011, 1.000000),

              ["RightUpperArm"] = CFrame.new(0.263879, 0.028617, -1.027209, 0.154191, -0.258716, 0.953567, 0.681963, -0.670489, -0.292186, 0.714949, 0.695350, 0.073052),

              ["RightUpperLeg"] = CFrame.new(0.000000, -0.000000, -0.000000, 0.997084, -0.058443, -0.049067, 0.058373, 0.998291, -0.002858, 0.049150, -0.000007, 0.998791),

              ["UpperTorso"] = CFrame.new(0.000000, 0.000000, 0.000000, 1.000000, -0.000800, 0.000000, 0.000800, 1.000000, 0.000000, -0.000000, 0.000000, 1.000000)

          }},

          {Time = 0.060, Data = {

              ["Head"] = CFrame.new(0.000000, -0.000000, 0.000000, 0.999997, 0.002431, -0.000000, -0.002431, 0.999997, -0.000000, 0.000000, 0.000000, 1.000000),

              ["LeftFoot"] = CFrame.new(-0.000000, -0.000964, -0.000003, 0.998131, -0.046747, -0.039362, 0.046784, 0.998905, -0.000003, 0.039317, -0.001828, 0.999225),

              ["LeftHand"] = CFrame.new(0.000488, 0.017775, -0.000000, 0.818717, -0.496095, 0.289125, 0.477940, 0.867846, 0.135710, -0.318238, 0.027077, 0.947623),

              ["LeftLowerArm"] = CFrame.new(-0.000500, 0.090119, 0.032846, 1.000000, -0.000000, -0.000000, 0.000000, 0.662823, -0.748776, 0.000000, 0.748776, 0.662824),

              ["LeftLowerLeg"] = CFrame.new(-0.000000, -0.000561, 0.000094, 1.000000, 0.000000, -0.000000, 0.000000, 1.000000, -0.000008, -0.000000, -0.000011, 1.000000),

              ["LeftUpperArm"] = CFrame.new(-0.060094, 0.044291, 0.233497, 0.879813, 0.129733, -0.457274, 0.088583, 0.900425, 0.425896, 0.466993, -0.415215, 0.780713),

              ["LeftUpperLeg"] = CFrame.new(0.000000, -0.000000, -0.000100, 0.998131, 0.046783, 0.039318, -0.046747, 0.998905, -0.001831, -0.039361, -0.000003, 0.999225),

              ["LowerTorso"] = CFrame.new(0.000000, 0.000000, 0.000000, 1.000000, 0.000000, -0.000000, 0.000000, 1.000000, 0.000000, 0.000000, 0.000000, 1.000000),

              ["RightFoot"] = CFrame.new(0.000000, -0.001313, -0.000103, 0.997084, 0.058373, 0.049152, -0.058443, 0.998291, -0.000007, -0.049065, -0.002855, 0.998791),

              ["RightHand"] = CFrame.new(-0.000488, 0.018701, 0.000000, 0.428501, 0.780244, -0.455642, -0.884328, 0.258714, -0.388629, -0.185343, 0.569462, 0.800848),

              ["RightLowerArm"] = CFrame.new(0.000001, 0.093850, 0.036104, 1.000000, 0.000000, 0.000000, -0.000000, 0.628995, -0.777410, -0.000000, 0.777410, 0.628995),

              ["RightLowerLeg"] = CFrame.new(0.000000, -0.001309, -0.000014, 1.000000, -0.000000, -0.000000, -0.000000, 1.000000, -0.000008, -0.000000, -0.000011, 1.000000),

              ["RightUpperArm"] = CFrame.new(0.273512, 0.027153, -1.027757, 0.134924, -0.233752, 0.962889, 0.684891, -0.680255, -0.261109, 0.716045, 0.694704, 0.068312),

              ["RightUpperLeg"] = CFrame.new(0.000000, -0.000000, -0.000000, 0.997084, -0.058443, -0.049067, 0.058373, 0.998291, -0.002858, 0.049150, -0.000007, 0.998791),

              ["UpperTorso"] = CFrame.new(0.000000, 0.000000, 0.000000, 0.999999, -0.001713, 0.000000, 0.001713, 0.999999, 0.000000, -0.000000, 0.000000, 1.000000)

          }},

          {Time = 0.080, Data = {

              ["Head"] = CFrame.new(-0.000000, 0.000000, 0.000000, 0.999992, 0.004099, -0.000000, -0.004099, 0.999992, -0.000000, 0.000000, 0.000000, 1.000000),

              ["LeftFoot"] = CFrame.new(-0.000000, -0.000964, -0.000003, 0.998131, -0.046747, -0.039362, 0.046784, 0.998905, -0.000003, 0.039317, -0.001828, 0.999225),

              ["LeftHand"] = CFrame.new(0.000488, 0.017863, -0.000000, 0.819451, -0.495190, 0.288597, 0.476285, 0.868437, 0.137736, -0.318831, 0.024587, 0.947492),

              ["LeftLowerArm"] = CFrame.new(-0.000500, 0.090440, 0.033124, 1.000000, -0.000000, -0.000000, 0.000000, 0.659937, -0.751320, 0.000000, 0.751321, 0.659938),

              ["LeftLowerLeg"] = CFrame.new(-0.000000, -0.000561, 0.000094, 1.000000, 0.000000, -0.000000, 0.000000, 1.000000, -0.000008, -0.000000, -0.000011, 1.000000),

              ["LeftUpperArm"] = CFrame.new(-0.060036, 0.044400, 0.233367, 0.879928, 0.130336, -0.456880, 0.088800, 0.899572, 0.427651, 0.466735, -0.416873, 0.779984),

              ["LeftUpperLeg"] = CFrame.new(0.000000, -0.000000, -0.000100, 0.998131, 0.046783, 0.039318, -0.046747, 0.998905, -0.001831, -0.039361, -0.000003, 0.999225),

              ["LowerTorso"] = CFrame.new(0.000000, 0.000000, 0.000000, 1.000000, 0.000000, -0.000000, 0.000000, 1.000000, 0.000000, 0.000000, 0.000000, 1.000000),

              ["RightFoot"] = CFrame.new(0.000000, -0.001313, -0.000103, 0.997084, 0.058373, 0.049152, -0.058443, 0.998291, -0.000007, -0.049065, -0.002855, 0.998791),

              ["RightHand"] = CFrame.new(-0.000488, 0.018421, 0.000000, 0.432246, 0.778720, -0.454711, -0.890016, 0.287309, -0.354016, -0.145036, 0.557718, 0.817258),

              ["RightLowerArm"] = CFrame.new(0.000000, 0.092879, 0.035210, 1.000000, 0.000000, 0.000000, 0.000000, 0.638290, -0.769796, -0.000000, 0.769796, 0.638290),

              ["RightLowerLeg"] = CFrame.new(0.000000, -0.001309, -0.000014, 1.000000, -0.000000, -0.000000, -0.000000, 1.000000, -0.000008, -0.000000, -0.000011, 1.000000),

              ["RightUpperArm"] = CFrame.new(0.285081, 0.025865, -1.028515, 0.111787, -0.199955, 0.973407, 0.687467, -0.691756, -0.221049, 0.717560, 0.693896, 0.060133),

              ["RightUpperLeg"] = CFrame.new(0.000000, -0.000000, -0.000000, 0.997084, -0.058443, -0.049067, 0.058373, 0.998291, -0.002858, 0.049150, -0.000007, 0.998791),

              ["UpperTorso"] = CFrame.new(0.000000, 0.000000, 0.000000, 0.999996, -0.002889, 0.000000, 0.002889, 0.999996, 0.000000, -0.000000, 0.000000, 1.000000)

          }},

          {Time = 0.100, Data = {

              ["Head"] = CFrame.new(0.000000, 0.000000, 0.000000, 0.999982, 0.006059, -0.000000, -0.006059, 0.999982, -0.000000, 0.000000, 0.000000, 1.000000),

              ["LeftFoot"] = CFrame.new(-0.000000, -0.000964, -0.000003, 0.998131, -0.046747, -0.039362, 0.046784, 0.998905, -0.000003, 0.039317, -0.001828, 0.999225),

              ["LeftHand"] = CFrame.new(0.000488, 0.017966, -0.000000, 0.820313, -0.494125, 0.287975, 0.474339, 0.869121, 0.140110, -0.319514, 0.021664, 0.947333),

              ["LeftLowerArm"] = CFrame.new(-0.000500, 0.090814, 0.033451, 1.000000, -0.000000, -0.000000, 0.000000, 0.656546, -0.754285, 0.000000, 0.754286, 0.656547),

              ["LeftLowerLeg"] = CFrame.new(-0.000000, -0.000561, 0.000094, 1.000000, 0.000000, -0.000000, 0.000000, 1.000000, -0.000008, -0.000000, -0.000011, 1.000000),

              ["LeftUpperArm"] = CFrame.new(-0.059968, 0.044529, 0.233215, 0.880064, 0.131038, -0.456417, 0.089058, 0.898568, 0.429702, 0.466429, -0.418813, 0.779127),

              ["LeftUpperLeg"] = CFrame.new(0.000000, -0.000000, -0.000100, 0.998131, 0.046783, 0.039318, -0.046747, 0.998905, -0.001831, -0.039361, -0.000003, 0.999225),

              ["LowerTorso"] = CFrame.new(0.000000, 0.000000, 0.000000, 1.000000, 0.000000, -0.000000, 0.000000, 1.000000, 0.000000, 0.000000, 0.000000, 1.000000),

              ["RightFoot"] = CFrame.new(0.000000, -0.001313, -0.000103, 0.997084, 0.058373, 0.049152, -0.058443, 0.998291, -0.000007, -0.049065, -0.002855, 0.998791),

              ["RightHand"] = CFrame.new(-0.000488, 0.018011, -0.000000, 0.434000, 0.778014, -0.454248, -0.895423, 0.316935, -0.312682, -0.099303, 0.542445, 0.834199),

              ["RightLowerArm"] = CFrame.new(0.000000, 0.091434, 0.033910, 1.000000, 0.000000, 0.000000, -0.000000, 0.651793, -0.758397, -0.000000, 0.758397, 0.651793),

              ["RightLowerLeg"] = CFrame.new(0.000000, -0.001309, -0.000014, 1.000000, -0.000000, -0.000000, -0.000000, 1.000000, -0.000008, -0.000000, -0.000011, 1.000000),

              ["RightUpperArm"] = CFrame.new(0.297616, 0.025104, -1.029518, 0.086716, -0.158094, 0.983609, 0.688987, -0.703619, -0.173833, 0.719567, 0.692768, 0.047910),

              ["RightUpperLeg"] = CFrame.new(0.000000, -0.000000, -0.000000, 0.997084, -0.058443, -0.049067, 0.058373, 0.998291, -0.002858, 0.049150, -0.000007, 0.998791),

              ["UpperTorso"] = CFrame.new(0.000000, 0.000000, 0.000000, 0.999991, -0.004270, 0.000000, 0.004270, 0.999991, 0.000000, -0.000000, 0.000000, 1.000000)

          }},

          {Time = 0.120, Data = {

              ["Head"] = CFrame.new(-0.000000, -0.000000, 0.000000, 0.999966, 0.008226, -0.000000, -0.008226, 0.999966, -0.000000, 0.000000, 0.000000, 1.000000),

              ["LeftFoot"] = CFrame.new(-0.000000, -0.000964, -0.000003, 0.998131, -0.046747, -0.039362, 0.046784, 0.998905, -0.000003, 0.039317, -0.001828, 0.999225),

              ["LeftHand"] = CFrame.new(0.000488, 0.018081, -0.000000, 0.821265, -0.492942, 0.287285, 0.472187, 0.869867, 0.142729, -0.320254, 0.018434, 0.947151),

              ["LeftLowerArm"] = CFrame.new(-0.000500, 0.091225, 0.033813, 1.000000, -0.000000, -0.000000, 0.000000, 0.652793, -0.757535, 0.000000, 0.757536, 0.652794),

              ["LeftLowerLeg"] = CFrame.new(-0.000000, -0.000561, 0.000094, 1.000000, 0.000000, -0.000000, 0.000000, 1.000000, -0.000008, -0.000000, -0.000011, 1.000000),

              ["LeftUpperArm"] = CFrame.new(-0.059893, 0.044673, 0.233045, 0.880215, 0.131804, -0.455905, 0.089347, 0.897457, 0.431960, 0.466089, -0.420950, 0.778178),

              ["LeftUpperLeg"] = CFrame.new(0.000000, -0.000000, -0.000100, 0.998131, 0.046783, 0.039318, -0.046747, 0.998905, -0.001831, -0.039361, -0.000003, 0.999225),

              ["LowerTorso"] = CFrame.new(0.000000, 0.000000, 0.000000, 1.000000, 0.000000, -0.000000, 0.000000, 1.000000, 0.000000, 0.000000, 0.000000, 1.000000),

              ["RightFoot"] = CFrame.new(0.000000, -0.001313, -0.000103, 0.997084, 0.058373, 0.049152, -0.058443, 0.998291, -0.000007, -0.049065, -0.002855, 0.998791),

              ["RightHand"] = CFrame.new(-0.000489, 0.017458, -0.000000, 0.433018, 0.778445, -0.454446, -0.899947, 0.344894, -0.266729, -0.050898, 0.524472, 0.849903),

              ["RightLowerArm"] = CFrame.new(0.000000, 0.089424, 0.032165, 1.000000, 0.000000, 0.000000, -0.000000, 0.669891, -0.742460, -0.000000, 0.742460, 0.669891),

              ["RightLowerLeg"] = CFrame.new(0.000000, -0.001309, -0.000014, 1.000000, -0.000000, -0.000000, -0.000000, 1.000000, -0.000008, -0.000000, -0.000011, 1.000000),

              ["RightUpperArm"] = CFrame.new(0.310374, 0.025092, -1.030814, 0.061201, -0.109266, 0.992127, 0.689014, -0.714542, -0.121198, 0.722159, 0.691007, 0.031556),

              ["RightUpperLeg"] = CFrame.new(0.000000, -0.000000, -0.000000, 0.997084, -0.058443, -0.049067, 0.058373, 0.998291, -0.002858, 0.049150, -0.000007, 0.998791),

              ["UpperTorso"] = CFrame.new(0.000000, 0.000000, 0.000000, 0.999983, -0.005797, 0.000000, 0.005797, 0.999983, 0.000000, -0.000000, 0.000000, 1.000000)

          }},

          {Time = 0.140, Data = {

              ["Head"] = CFrame.new(-0.000000, 0.000000, 0.000000, 0.999945, 0.010518, -0.000000, -0.010518, 0.999945, -0.000000, 0.000000, 0.000000, 1.000000),

              ["LeftFoot"] = CFrame.new(-0.000000, -0.000964, -0.000003, 0.998131, -0.046747, -0.039362, 0.046784, 0.998905, -0.000003, 0.039317, -0.001828, 0.999225),

              ["LeftHand"] = CFrame.new(0.000488, 0.018201, -0.000000, 0.822273, -0.491687, 0.286553, 0.469910, 0.870642, 0.145489, -0.321017, 0.015023, 0.946953),

              ["LeftLowerArm"] = CFrame.new(-0.000500, 0.091656, 0.034196, 1.000000, -0.000000, -0.000000, 0.000000, 0.648824, -0.760938, 0.000000, 0.760938, 0.648825),

              ["LeftLowerLeg"] = CFrame.new(-0.000000, -0.000561, 0.000094, 1.000000, 0.000000, -0.000000, 0.000000, 1.000000, -0.000008, -0.000000, -0.000011, 1.000000),

              ["LeftUpperArm"] = CFrame.new(-0.059813, 0.044828, 0.232864, 0.880375, 0.132602, -0.455365, 0.089656, 0.896280, 0.434332, 0.465727, -0.423200, 0.777173),

              ["LeftUpperLeg"] = CFrame.new(0.000000, -0.000000, -0.000100, 0.998131, 0.046783, 0.039318, -0.046747, 0.998905, -0.001831, -0.039361, -0.000003, 0.999225),

              ["LowerTorso"] = CFrame.new(0.000000, 0.000000, 0.000000, 1.000000, 0.000000, -0.000000, 0.000000, 1.000000, 0.000000, 0.000000, 0.000000, 1.000000),

              ["RightFoot"] = CFrame.new(0.000000, -0.001313, -0.000103, 0.997084, 0.058373, 0.049152, -0.058443, 0.998291, -0.000007, -0.049065, -0.002855, 0.998791),

              ["RightHand"] = CFrame.new(-0.000489, 0.016786, 0.000000, 0.429035, 0.780112, -0.455364, -0.903285, 0.369147, -0.218651, -0.002476, 0.505129, 0.863038),

              ["RightLowerArm"] = CFrame.new(-0.000000, 0.086805, 0.029972, 1.000000, 0.000000, 0.000000, -0.000000, 0.692591, -0.721330, -0.000000, 0.721330, 0.692592),

              ["RightLowerLeg"] = CFrame.new(0.000000, -0.001309, -0.000014, 1.000000, -0.000000, -0.000000, -0.000000, 1.000000, -0.000008, -0.000000, -0.000011, 1.000000),

              ["RightUpperArm"] = CFrame.new(0.322821, 0.025913, -1.032433, 0.036305, -0.054897, 0.997832, 0.687372, -0.723408, -0.064809, 0.725397, 0.688235, 0.011472),

              ["RightUpperLeg"] = CFrame.new(0.000000, -0.000000, -0.000000, 0.997084, -0.058443, -0.049067, 0.058373, 0.998291, -0.002858, 0.049150, -0.000007, 0.998791),

              ["UpperTorso"] = CFrame.new(0.000000, 0.000000, 0.000000, 0.999973, -0.007412, 0.000000, 0.007412, 0.999973, 0.000000, -0.000000, 0.000000, 1.000000)

          }},

          {Time = 0.160, Data = {

              ["Head"] = CFrame.new(0.000000, 0.000000, 0.000000, 0.999917, 0.012852, -0.000000, -0.012852, 0.999917, -0.000000, 0.000000, 0.000000, 1.000000),

              ["LeftFoot"] = CFrame.new(-0.000000, -0.000964, -0.000003, 0.998131, -0.046747, -0.039362, 0.046784, 0.998905, -0.000003, 0.039317, -0.001828, 0.999225),

              ["LeftHand"] = CFrame.new(0.000488, 0.018325, 0.000000, 0.823299, -0.490405, 0.285804, 0.467590, 0.871418, 0.148291, -0.321775, 0.011551, 0.946745),

              ["LeftLowerArm"] = CFrame.new(-0.000500, 0.092091, 0.034585, 1.000000, -0.000000, -0.000000, 0.000000, 0.644780, -0.764368, 0.000000, 0.764369, 0.644780),

              ["LeftLowerLeg"] = CFrame.new(-0.000000, -0.000561, 0.000094, 1.000000, 0.000000, -0.000000, 0.000000, 1.000000, -0.000008, -0.000000, -0.000011, 1.000000),

              ["LeftUpperArm"] = CFrame.new(-0.059731, 0.044987, 0.232679, 0.880538, 0.133404, -0.454814, 0.089975, 0.895080, 0.436734, 0.465357, -0.425483, 0.776149),

              ["LeftUpperLeg"] = CFrame.new(0.000000, -0.000000, -0.000100, 0.998131, 0.046783, 0.039318, -0.046747, 0.998905, -0.001831, -0.039361, -0.000003, 0.999225),

              ["LowerTorso"] = CFrame.new(0.000000, 0.000000, 0.000000, 1.000000, 0.000000, -0.000000, 0.000000, 1.000000, 0.000000, 0.000000, 0.000000, 1.000000),

              ["RightFoot"] = CFrame.new(0.000000, -0.001313, -0.000103, 0.997084, 0.058373, 0.049152, -0.058443, 0.998291, -0.000007, -0.049065, -0.002855, 0.998791),

              ["RightHand"] = CFrame.new(-0.000490, 0.015774, 0.000000, 0.422194, 0.782914, -0.456946, -0.905431, 0.388736, -0.170527, 0.044123, 0.485725, 0.872995),

              ["RightLowerArm"] = CFrame.new(0.000000, 0.083422, 0.027480, 1.000000, 0.000000, 0.000000, -0.000000, 0.718460, -0.695568, -0.000000, 0.695569, 0.718460),

              ["RightLowerLeg"] = CFrame.new(0.000000, -0.001309, -0.000014, 1.000000, -0.000000, -0.000000, -0.000000, 1.000000, -0.000008, -0.000000, -0.000011, 1.000000),

              ["RightUpperArm"] = CFrame.new(0.334595, 0.027547, -1.034371, 0.012759, 0.002554, 0.999915, 0.684103, -0.729353, -0.006867, 0.729274, 0.684133, -0.011053),

              ["RightUpperLeg"] = CFrame.new(0.000000, -0.000000, -0.000000, 0.997084, -0.058443, -0.049067, 0.058373, 0.998291, -0.002858, 0.049150, -0.000007, 0.998791),

              ["UpperTorso"] = CFrame.new(0.000000, 0.000000, 0.000000, 0.999959, -0.009057, 0.000000, 0.009057, 0.999959, 0.000000, -0.000000, 0.000000, 1.000000)

          }},

          {Time = 0.180, Data = {

              ["Head"] = CFrame.new(0.000000, 0.000000, 0.000000, 0.999885, 0.015144, -0.000000, -0.015144, 0.999885, -0.000000, 0.000000, 0.000000, 1.000000),

              ["LeftFoot"] = CFrame.new(-0.000000, -0.000964, -0.000003, 0.998131, -0.046747, -0.039362, 0.046784, 0.998905, -0.000003, 0.039317, -0.001828, 0.999225),

              ["LeftHand"] = CFrame.new(0.000488, 0.018445, -0.000000, 0.824306, -0.489141, 0.285066, 0.465310, 0.872167, 0.151035, -0.322500, 0.008145, 0.946534),

              ["LeftLowerArm"] = CFrame.new(-0.000500, 0.092514, 0.034968, 1.000000, -0.000000, -0.000000, 0.000000, 0.640805, -0.767703, 0.000000, 0.767703, 0.640806),

              ["LeftLowerLeg"] = CFrame.new(-0.000000, -0.000561, 0.000094, 1.000000, 0.000000, -0.000000, 0.000000, 1.000000, -0.000008, -0.000000, -0.000011, 1.000000),

              ["LeftUpperArm"] = CFrame.new(-0.059650, 0.045145, 0.232495, 0.880700, 0.134180, -0.454273, 0.090291, 0.893900, 0.439080, 0.464990, -0.427714, 0.775142),

              ["LeftUpperLeg"] = CFrame.new(0.000000, -0.000000, -0.000100, 0.998131, 0.046783, 0.039318, -0.046747, 0.998905, -0.001831, -0.039361, -0.000003, 0.999225),

              ["LowerTorso"] = CFrame.new(0.000000, 0.000000, 0.000000, 1.000000, 0.000000, -0.000000, 0.000000, 1.000000, 0.000000, 0.000000, 0.000000, 1.000000),

              ["RightFoot"] = CFrame.new(0.000000, -0.001313, -0.000103, 0.997084, 0.058373, 0.049152, -0.058443, 0.998291, -0.000007, -0.049065, -0.002855, 0.998791),

              ["RightHand"] = CFrame.new(-0.000490, 0.014634, 0.000000, 0.412976, 0.786595, -0.459045, -0.906617, 0.402982, -0.125106, 0.086578, 0.467840, 0.879561),

              ["RightLowerArm"] = CFrame.new(0.000000, 0.079443, 0.024732, 1.000000, 0.000000, 0.000000, -0.000000, 0.746918, -0.664916, -0.000000, 0.664916, 0.746918),

              ["RightLowerLeg"] = CFrame.new(0.000000, -0.001309, -0.000014, 1.000000, -0.000000, -0.000000, -0.000000, 1.000000, -0.000008, -0.000000, -0.000011, 1.000000),

              ["RightUpperArm"] = CFrame.new(0.345439, 0.029882, -1.036576, -0.008929, 0.061272, 0.998081, 0.679433, -0.731963, 0.051013, 0.733683, 0.678584, -0.035094),

              ["RightUpperLeg"] = CFrame.new(0.000000, -0.000000, -0.000000, 0.997084, -0.058443, -0.049067, 0.058373, 0.998291, -0.002858, 0.049150, -0.000007, 0.998791),

              ["UpperTorso"] = CFrame.new(0.000000, 0.000000, 0.000000, 0.999943, -0.010672, 0.000000, 0.010672, 0.999943, 0.000000, -0.000000, 0.000000, 1.000000)

          }},

          {Time = 0.200, Data = {

              ["Head"] = CFrame.new(0.000000, 0.000000, 0.000000, 0.999850, 0.017311, -0.000000, -0.017311, 0.999850, -0.000000, 0.000000, 0.000000, 1.000000),

              ["LeftFoot"] = CFrame.new(-0.000000, -0.000964, -0.000003, 0.998131, -0.046747, -0.039362, 0.046784, 0.998905, -0.000003, 0.039317, -0.001828, 0.999225),

              ["LeftHand"] = CFrame.new(0.000488, 0.018559, -0.000000, 0.825259, -0.487941, 0.284366, 0.463153, 0.872863, 0.153622, -0.323167, 0.004928, 0.946328),

              ["LeftLowerArm"] = CFrame.new(-0.000500, 0.092911, 0.035330, 1.000000, -0.000000, -0.000000, 0.000000, 0.637046, -0.770825, 0.000000, 0.770826, 0.637047),

              ["LeftLowerLeg"] = CFrame.new(-0.000000, -0.000561, 0.000094, 1.000000, 0.000000, -0.000000, 0.000000, 1.000000, -0.000008, -0.000000, -0.000011, 1.000000),

              ["LeftUpperArm"] = CFrame.new(-0.059574, 0.045297, 0.232321, 0.880852, 0.134903, -0.453762, 0.090593, 0.892782, 0.441286, 0.464642, -0.429815, 0.774188),

              ["LeftUpperLeg"] = CFrame.new(0.000000, -0.000000, -0.000100, 0.998131, 0.046783, 0.039318, -0.046747, 0.998905, -0.001831, -0.039361, -0.000003, 0.999225),

              ["LowerTorso"] = CFrame.new(0.000000, 0.000000, 0.000000, 1.000000, 0.000000, -0.000000, 0.000000, 1.000000, 0.000000, 0.000000, 0.000000, 1.000000),

              ["RightFoot"] = CFrame.new(0.000000, -0.001313, -0.000103, 0.997084, 0.058373, 0.049152, -0.058443, 0.998291, -0.000007, -0.049065, -0.002855, 0.998791),

              ["RightHand"] = CFrame.new(-0.000491, 0.013084, 0.000000, 0.402134, 0.790793, -0.461451, -0.907120, 0.412476, -0.083651, 0.124185, 0.452227, 0.883213),

              ["RightLowerArm"] = CFrame.new(0.000000, 0.074831, 0.022008, 1.000000, 0.000000, 0.000000, -0.000000, 0.775187, -0.631732, -0.000000, 0.631732, 0.775187),

              ["RightLowerLeg"] = CFrame.new(0.000000, -0.001309, -0.000014, 1.000000, -0.000000, -0.000000, -0.000000, 1.000000, -0.000008, -0.000000, -0.000011, 1.000000),

              ["RightUpperArm"] = CFrame.new(0.355160, 0.032728, -1.038945, -0.028371, 0.117857, 0.992625, 0.673742, -0.731312, 0.106087, 0.738422, 0.671783, -0.058657),

              ["RightUpperLeg"] = CFrame.new(0.000000, -0.000000, -0.000000, 0.997084, -0.058443, -0.049067, 0.058373, 0.998291, -0.002858, 0.049150, -0.000007, 0.998791),

              ["UpperTorso"] = CFrame.new(0.000000, 0.000000, 0.000000, 0.999926, -0.012199, 0.000000, 0.012199, 0.999926, 0.000000, -0.000000, 0.000000, 1.000000)

          }},

          {Time = 0.220, Data = {

              ["Head"] = CFrame.new(-0.000000, -0.000000, 0.000000, 0.999814, 0.019270, -0.000000, -0.019270, 0.999814, -0.000000, 0.000000, 0.000000, 1.000000),

              ["LeftFoot"] = CFrame.new(-0.000000, -0.000964, -0.000003, 0.998131, -0.046747, -0.039362, 0.046784, 0.998905, -0.000003, 0.039317, -0.001828, 0.999225),

              ["LeftHand"] = CFrame.new(0.000488, 0.018661, -0.000000, 0.826120, -0.486852, 0.283730, 0.461203, 0.873482, 0.155954, -0.323757, 0.002021, 0.946137),

              ["LeftLowerArm"] = CFrame.new(-0.000500, 0.093268, 0.035657, 1.000000, -0.000000, -0.000000, 0.000000, 0.633647, -0.773622, 0.000000, 0.773623, 0.633647),

              ["LeftLowerLeg"] = CFrame.new(-0.000000, -0.000561, 0.000094, 1.000000, 0.000000, -0.000000, 0.000000, 1.000000, -0.000008, -0.000000, -0.000011, 1.000000),

              ["LeftUpperArm"] = CFrame.new(-0.059505, 0.045435, 0.232162, 0.880991, 0.135548, -0.453300, 0.090870, 0.891771, 0.443269, 0.464324, -0.431707, 0.773325),

              ["LeftUpperLeg"] = CFrame.new(0.000000, -0.000000, -0.000100, 0.998131, 0.046783, 0.039318, -0.046747, 0.998905, -0.001831, -0.039361, -0.000003, 0.999225),

              ["LowerTorso"] = CFrame.new(0.000000, 0.000000, 0.000000, 1.000000, 0.000000, -0.000000, 0.000000, 1.000000, 0.000000, 0.000000, 0.000000, 1.000000),

              ["RightFoot"] = CFrame.new(0.000000, -0.001313, -0.000103, 0.997084, 0.058373, 0.049152, -0.058443, 0.998291, -0.000007, -0.049065, -0.002855, 0.998791),

              ["RightHand"] = CFrame.new(-0.000492, 0.011664, -0.000000, 0.390634, 0.795098, -0.463926, -0.907411, 0.417417, -0.048668, 0.154952, 0.439980, 0.884536),

              ["RightLowerArm"] = CFrame.new(0.000000, 0.070077, 0.019328, 1.000000, 0.000000, 0.000000, 0.000000, 0.802869, -0.596155, -0.000000, 0.596155, 0.802869),

              ["RightLowerLeg"] = CFrame.new(0.000000, -0.001309, -0.000014, 1.000000, -0.000000, -0.000000, -0.000000, 1.000000, -0.000008, -0.000000, -0.000011, 1.000000),

              ["RightUpperArm"] = CFrame.new(0.363582, 0.035823, -1.041329, -0.045215, 0.170810, 0.984266, 0.667552, -0.727828, 0.156974, 0.743189, 0.664146, -0.081116),

              ["RightUpperLeg"] = CFrame.new(0.000000, -0.000000, -0.000000, 0.997084, -0.058443, -0.049067, 0.058373, 0.998291, -0.002858, 0.049150, -0.000007, 0.998791),

              ["UpperTorso"] = CFrame.new(0.000000, 0.000000, 0.000000, 0.999908, -0.013580, 0.000000, 0.013580, 0.999908, 0.000000, -0.000000, 0.000000, 1.000000)

          }},

          {Time = 0.240, Data = {

              ["Head"] = CFrame.new(-0.000000, -0.000000, 0.000000, 0.999781, 0.020939, -0.000000, -0.020939, 0.999781, -0.000000, 0.000000, 0.000000, 1.000000),

              ["LeftFoot"] = CFrame.new(-0.000000, -0.000964, -0.000003, 0.998131, -0.046747, -0.039362, 0.046784, 0.998905, -0.000003, 0.039317, -0.001828, 0.999225),

              ["LeftHand"] = CFrame.new(0.000488, 0.018749, 0.000000, 0.826853, -0.485922, 0.283188, 0.459541, 0.874002, 0.157935, -0.324248, -0.000452, 0.945971),

              ["LeftLowerArm"] = CFrame.new(-0.000499, 0.093569, 0.035936, 1.000000, -0.000000, -0.000000, 0.000000, 0.630750, -0.775986, 0.000000, 0.775986, 0.630750),

              ["LeftLowerLeg"] = CFrame.new(-0.000000, -0.000561, 0.000094, 1.000000, 0.000000, -0.000000, 0.000000, 1.000000, -0.000008, -0.000000, -0.000011, 1.000000),

              ["LeftUpperArm"] = CFrame.new(-0.059445, 0.045553, 0.232027, 0.881110, 0.136092, -0.452907, 0.091108, 0.890909, 0.444951, 0.464053, -0.433314, 0.772589),

              ["LeftUpperLeg"] = CFrame.new(0.000000, -0.000000, -0.000100, 0.998131, 0.046783, 0.039318, -0.046747, 0.998905, -0.001831, -0.039361, -0.000003, 0.999225),

              ["LowerTorso"] = CFrame.new(0.000000, 0.000000, 0.000000, 1.000000, 0.000000, -0.000000, 0.000000, 1.000000, 0.000000, 0.000000, 0.000000, 1.000000),

              ["RightFoot"] = CFrame.new(0.000000, -0.001313, -0.000103, 0.997084, 0.058373, 0.049152, -0.058443, 0.998291, -0.000007, -0.049065, -0.002855, 0.998791),

              ["RightHand"] = CFrame.new(-0.000493, 0.010698, 0.000000, 0.379610, 0.799085, -0.466221, -0.907905, 0.418611, -0.021758, 0.177777, 0.431541, 0.884401),

              ["RightLowerArm"] = CFrame.new(0.000001, 0.065635, 0.016814, 1.000000, 0.000000, 0.000000, 0.000000, 0.828664, -0.559746, -0.000000, 0.559746, 0.828665),

              ["RightLowerLeg"] = CFrame.new(0.000000, -0.001309, -0.000014, 1.000000, -0.000000, -0.000000, -0.000000, 1.000000, -0.000008, -0.000000, -0.000011, 1.000000),

              ["RightUpperArm"] = CFrame.new(0.370525, 0.038848, -1.043540, -0.059101, 0.218039, 0.974149, 0.661501, -0.722284, 0.201798, 0.747612, 0.656327, -0.101544),

              ["RightUpperLeg"] = CFrame.new(0.000000, -0.000000, -0.000000, 0.997084, -0.058443, -0.049067, 0.058373, 0.998291, -0.002858, 0.049150, -0.000007, 0.998791),

              ["UpperTorso"] = CFrame.new(0.000000, 0.000000, 0.000000, 0.999891, -0.014756, 0.000000, 0.014756, 0.999891, 0.000000, -0.000000, 0.000000, 1.000000)

          }},

          {Time = 0.260, Data = {

              ["Head"] = CFrame.new(0.000000, -0.000000, 0.000000, 0.999753, 0.022233, -0.000000, -0.022233, 0.999753, -0.000000, 0.000000, 0.000000, 1.000000),

              ["LeftFoot"] = CFrame.new(-0.000000, -0.000964, -0.000003, 0.998131, -0.046747, -0.039362, 0.046784, 0.998905, -0.000003, 0.039317, -0.001828, 0.999225),

              ["LeftHand"] = CFrame.new(0.000488, 0.018816, 0.000000, 0.827422, -0.485199, 0.282766, 0.458251, 0.874400, 0.159470, -0.324622, -0.002371, 0.945840),

              ["LeftLowerArm"] = CFrame.new(-0.000500, 0.093801, 0.036152, 1.000000, -0.000000, -0.000000, 0.000000, 0.628502, -0.777808, 0.000000, 0.777808, 0.628503),

              ["LeftLowerLeg"] = CFrame.new(-0.000000, -0.000561, 0.000094, 1.000000, 0.000000, -0.000000, 0.000000, 1.000000, -0.000008, -0.000000, -0.000011, 1.000000),

              ["LeftUpperArm"] = CFrame.new(-0.059399, 0.045647, 0.231921, 0.881202, 0.136509, -0.452602, 0.091294, 0.890239, 0.446251, 0.463841, -0.434556, 0.772018),

              ["LeftUpperLeg"] = CFrame.new(0.000000, -0.000000, -0.000100, 0.998131, 0.046783, 0.039318, -0.046747, 0.998905, -0.001831, -0.039361, -0.000003, 0.999225),

              ["LowerTorso"] = CFrame.new(0.000000, 0.000000, 0.000000, 1.000000, 0.000000, -0.000000, 0.000000, 1.000000, 0.000000, 0.000000, 0.000000, 1.000000),

              ["RightFoot"] = CFrame.new(0.000000, -0.001313, -0.000103, 0.997084, 0.058373, 0.049152, -0.058443, 0.998291, -0.000007, -0.049065, -0.002855, 0.998791),

              ["RightHand"] = CFrame.new(-0.000494, 0.009986, 0.000000, 0.370289, 0.802351, -0.468104, -0.908563, 0.417740, -0.002685, 0.193389, 0.426293, 0.883669),

              ["RightLowerArm"] = CFrame.new(0.000000, 0.061821, 0.014773, 1.000000, 0.000000, 0.000000, -0.000000, 0.849541, -0.527523, -0.000000, 0.527523, 0.849541),

              ["RightLowerLeg"] = CFrame.new(0.000000, -0.001309, -0.000014, 1.000000, -0.000000, -0.000000, -0.000000, 1.000000, -0.000008, -0.000000, -0.000011, 1.000000),

              ["RightUpperArm"] = CFrame.new(0.375788, 0.041445, -1.045371, -0.069629, 0.255807, 0.964217, 0.656308, -0.716173, 0.237394, 0.751273, 0.649353, -0.118022),

              ["RightUpperLeg"] = CFrame.new(0.000000, -0.000000, -0.000000, 0.997084, -0.058443, -0.049067, 0.058373, 0.998291, -0.002858, 0.049150, -0.000007, 0.998791),

              ["UpperTorso"] = CFrame.new(0.000000, 0.000000, 0.000000, 0.999877, -0.015668, 0.000000, 0.015668, 0.999877, 0.000000, -0.000000, 0.000000, 1.000000)

          }},

          {Time = 0.280, Data = {

              ["Head"] = CFrame.new(0.000000, 0.000000, 0.000000, 0.999734, 0.023071, -0.000000, -0.023071, 0.999734, -0.000000, 0.000000, 0.000000, 1.000000),

              ["LeftFoot"] = CFrame.new(-0.000000, -0.000964, -0.000003, 0.998131, -0.046747, -0.039362, 0.046784, 0.998905, -0.000003, 0.039317, -0.001828, 0.999225),

              ["LeftHand"] = CFrame.new(0.000488, 0.018859, 0.000000, 0.827790, -0.484730, 0.282492, 0.457416, 0.874656, 0.160462, -0.324861, -0.003612, 0.945754),

              ["LeftLowerArm"] = CFrame.new(-0.000500, 0.093951, 0.036292, 1.000000, -0.000000, -0.000000, 0.000000, 0.627047, -0.778981, 0.000000, 0.778982, 0.627047),

              ["LeftLowerLeg"] = CFrame.new(-0.000000, -0.000561, 0.000094, 1.000000, 0.000000, -0.000000, 0.000000, 1.000000, -0.000008, -0.000000, -0.000011, 1.000000),

              ["LeftUpperArm"] = CFrame.new(-0.059369, 0.045707, 0.231852, 0.881262, 0.136778, -0.452404, 0.091414, 0.889806, 0.447090, 0.463704, -0.435359, 0.771648),

              ["LeftUpperLeg"] = CFrame.new(0.000000, -0.000000, -0.000100, 0.998131, 0.046783, 0.039318, -0.046747, 0.998905, -0.001831, -0.039361, -0.000003, 0.999225),

              ["LowerTorso"] = CFrame.new(0.000000, 0.000000, 0.000000, 1.000000, 0.000000, -0.000000, 0.000000, 1.000000, 0.000000, 0.000000, 0.000000, 1.000000),

              ["RightFoot"] = CFrame.new(0.000000, -0.001313, -0.000103, 0.997084, 0.058373, 0.049152, -0.058443, 0.998291, -0.000007, -0.049065, -0.002855, 0.998791),

              ["RightHand"] = CFrame.new(-0.000494, 0.009588, -0.000000, 0.363905, 0.804534, -0.469363, -0.909207, 0.416257, 0.008580, 0.202276, 0.423623, 0.882964),

              ["RightLowerArm"] = CFrame.new(-0.000000, 0.059173, 0.013402, 1.000000, 0.000000, 0.000000, 0.000000, 0.863526, -0.504304, -0.000000, 0.504304, 0.863527),

              ["RightLowerLeg"] = CFrame.new(0.000000, -0.001309, -0.000014, 1.000000, -0.000000, -0.000000, -0.000000, 1.000000, -0.000008, -0.000000, -0.000011, 1.000000),

              ["RightUpperArm"] = CFrame.new(0.379144, 0.043242, -1.046609, -0.076338, 0.280959, 0.956679, 0.652714, -0.711241, 0.260962, 0.753749, 0.644359, -0.129090),

              ["RightUpperLeg"] = CFrame.new(0.000000, -0.000000, -0.000000, 0.997084, -0.058443, -0.049067, 0.058373, 0.998291, -0.002858, 0.049150, -0.000007, 0.998791),

              ["UpperTorso"] = CFrame.new(0.000000, 0.000000, 0.000000, 0.999868, -0.016259, 0.000000, 0.016259, 0.999868, 0.000000, -0.000000, 0.000000, 1.000000)

          }},

          {Time = 0.300, Data = {

              ["Head"] = CFrame.new(-0.000000, 0.000000, 0.000000, 0.999727, 0.023369, -0.000000, -0.023369, 0.999727, -0.000000, 0.000000, 0.000000, 1.000000),

              ["LeftFoot"] = CFrame.new(-0.000000, -0.000964, -0.000003, 0.998131, -0.046747, -0.039362, 0.046784, 0.998905, -0.000003, 0.039317, -0.001828, 0.999225),

              ["LeftHand"] = CFrame.new(0.000488, 0.018875, 0.000000, 0.827921, -0.484564, 0.282395, 0.457119, 0.874747, 0.160813, -0.324945, -0.004052, 0.945723),

              ["LeftLowerArm"] = CFrame.new(-0.000500, 0.094004, 0.036342, 1.000000, -0.000000, -0.000000, 0.000000, 0.626530, -0.779397, 0.000000, 0.779397, 0.626531),

              ["LeftLowerLeg"] = CFrame.new(-0.000000, -0.000561, 0.000094, 1.000000, 0.000000, -0.000000, 0.000000, 1.000000, -0.000008, -0.000000, -0.000011, 1.000000),

              ["LeftUpperArm"] = CFrame.new(-0.059359, 0.045729, 0.231828, 0.881283, 0.136873, -0.452334, 0.091457, 0.889652, 0.447388, 0.463655, -0.435644, 0.771517),

