return {
["split twerk 7"] = {
        {Time = 0.000, Data = {
            ["Head"] = CFrame.new(-1.8626458153647718e-09, 1.1920928955078125e-07, -5.9604644775390625e-08, 0.7123420238494873, 0.25445324182510376, -0.65408128499984741, -0.50148874521255493, 0.83653402328491211, -0.22072590887546539, 0.49099677801132202, 0.48524677753448486, 0.72350376844406128),
            ["LeftFoot"] = CFrame.new(4.6158675104379654e-08, -0.15872782468795776, -3.6209821701049805e-06, 0.92079389095306396, 0.29837906360626221, 0.25121417641639709, -0.34434282779693604, 0.92436838150024414, 0.16422884166240692, -0.18321201205253601, -0.23772470653057098, 0.95389747619628906),
            ["LeftHand"] = CFrame.new(0.00049996422603726387, 0.00010019540786743164, 1.280568540096283e-08, 0.99987697601318359, -0.014866340905427933, 0.0050002634525299072, 0.0098198335617780685, 0.8419228196144104, 0.5395086407661438, -0.01223035529255867, -0.53939312696456909, 0.8419651985168457),
            ["LeftLowerArm"] = CFrame.new(-0.00049993395805358887, 0.097495913505554199, 0.12223844230175018, 1, 0, 0, 0, -0.22334671020507812, -0.97473901510238647, 0, 0.97473901510238647, -0.22334671020507812),
            ["LeftLowerLeg"] = CFrame.new(-1.6239937394857407e-07, -0.15778768062591553, -0.0019906647503376007, 1, 0, 0, 0, 1, 0, 0, 0, 1),
            ["LeftUpperArm"] = CFrame.new(0.21349740028381348, 0.48624873161315918, -0.5844302773475647, 0.0024520158767700195, 0.84869623184204102, -0.52887499332427979, 0.22565722465515137, -0.51570463180541992, -0.8265153169631958, -0.97420370578765869, -0.11731782555580139, -0.19277894496917725),
            ["LeftUpperLeg"] = CFrame.new(-1.1920928955078125e-07, -1.1548399925231934e-07, -0.00010013277642428875, 0.47381126880645752, 0.82092642784118652, 0.31872099637985229, 0.71021366119384766, -0.14222860336303711, -0.68946957588195801, -0.52067244052886963, 0.55303847789764404, -0.65042257308959961),
            ["LowerTorso"] = CFrame.new(0.035954341292381287, -0.59128177165985107, -0.047533601522445679, 0.99956005811691284, -0.028478518128395081, -0.0082897208631038666, -0.018380735069513321, -0.81409800052642822, 0.58043646812438965, -0.023278616368770599, -0.58002877235412598, -0.81426334381103516),
            ["RightFoot"] = CFrame.new(1.7881393432617188e-07, -0.25817698240280151, -0.00010399350867373869, 0.81866878271102905, -0.43926799297332764, -0.36989870667457581, 0.44510531425476074, 0.89236557483673096, -0.074598312377929688, 0.36285355687141418, -0.10357256233692169, 0.92607235908508301),
            ["RightHand"] = CFrame.new(-0.00049991242121905088, 4.1723251342773438e-07, 3.748573362827301e-08, 0.99996274709701538, -0.0043281060643494129, -0.0074646784923970699, 0.0014485963620245457, 0.93702936172485352, -0.34924754500389099, 0.0085062030702829361, 0.34922370314598083, 0.93700075149536133),
            ["RightLowerArm"] = CFrame.new(-5.9604644775390625e-08, 0.09665989875793457, 0.12600268423557281, 1, 0, 0, 0, -0.26096487045288086, -0.96534830331802368, 0, 0.96534830331802368, -0.26096487045288086),
            ["RightLowerLeg"] = CFrame.new(1.1175870895385742e-07, -0.25731432437896729, -0.0034093691501766443, 1, 0, 0, 0, 1, 0, 0, 0, 1),
            ["RightUpperArm"] = CFrame.new(0.31160056591033936, 0.27905476093292236, -0.62084603309631348, 0.0083329677581787109, -0.58958911895751953, 0.80766034126281738, -0.2145286500453949, -0.78993630409240723, -0.57443720102310181, 0.97668218612670898, -0.16847950220108032, -0.13306617736816406),
            ["RightUpperLeg"] = CFrame.new(1.1920928955078125e-07, -1.7415732145309448e-07, -1.7864658730104566e-07, 0.49136000871658325, -0.82788306474685669, -0.27050882577896118, -0.57316631078720093, -0.073511958122253418, -0.81613504886627197, 0.65577876567840576, 0.55606269836425781, -0.51063549518585205),
            ["UpperTorso"] = CFrame.new(0.0033427453599870205, 0.13258516788482666, -0.05240427702665329, 0.99955850839614868, 0.026721490547060966, -0.012988230213522911, -0.02852284349501133, 0.74066376686096191, -0.67127013206481934, -0.0083174277096986771, 0.67134428024291992, 0.74109899997711182)
        }},
        {Time = 0.017, Data = {
            ["Head"] = CFrame.new(-5.8980598183211441e-16, 1.1920928955078125e-07, 2.9802322387695312e-08, 0.7123420238494873, 0.25445324182510376, -0.65408128499984741, -0.50148874521255493, 0.83653402328491211, -0.22072590887546539, 0.49099677801132202, 0.48524677753448486, 0.72350376844406128),
            ["LeftFoot"] = CFrame.new(1.6100239008665085e-07, -0.15221506357192993, -3.6023557186126709e-06, 0.92058074474334717, 0.29875984787940979, 0.25154247879981995, -0.34377351403236389, 0.92551469802856445, 0.15887826681137085, -0.18533982336521149, -0.23273390531539917, 0.95471674203872681),
            ["LeftHand"] = CFrame.new(0.00049994350410997868, 0.00010055303573608398, 2.253800630569458e-07, 0.99987697601318359, -0.014866340905427933, 0.0050002634525299072, 0.0098198335617780685, 0.8419228196144104, 0.5395086407661438, -0.01223035529255867, -0.53939312696456909, 0.8419651985168457),
            ["LeftLowerArm"] = CFrame.new(-0.00049993395805358887, 0.097496271133422852, 0.12223842740058899, 1, 0, 0, 0, -0.22334671020507812, -0.97473901510238647, 0, 0.97473901510238647, -0.22334671020507812),
            ["LeftLowerLeg"] = CFrame.new(-5.7741999626159668e-08, -0.15129613876342773, -0.001904655247926712, 1, 0, 0, 0, 1, 0, 0, 0, 1),
            ["LeftUpperArm"] = CFrame.new(0.21359896659851074, 0.48455953598022461, -0.58576565980911255, 0.0027061700820922852, 0.84872943162918091, -0.5288204550743103, 0.22299152612686157, -0.51601886749267578, -0.82704246044158936, -0.97481662034988403, -0.11568436026573181, -0.19065594673156738),
            ["LeftUpperLeg"] = CFrame.new(-0.00011026859283447266, -0.0030733603052794933, 0.001201168168336153, 0.47427654266357422, 0.81109350919723511, 0.34232911467552185, 0.70843130350112915, -0.1207582950592041, -0.69537234306335449, -0.52267289161682129, 0.57231545448303223, -0.63187694549560547),
            ["LowerTorso"] = CFrame.new(0.021122034639120102, -0.60098481178283691, -0.043198481202125549, 0.99983161687850952, -0.016095461323857307, 0.0088164638727903366, -0.018191909417510033, -0.80594277381896973, 0.59171390533447266, -0.0024183422792702913, -0.591774582862854, -0.80609977245330811),
            ["RightFoot"] = CFrame.new(5.9604644775390625e-08, -0.26022034883499146, -0.0001039339040289633, 0.82357490062713623, -0.43388268351554871, -0.36533579230308533, 0.44209232926368713, 0.89455360174179077, -0.065789319574832916, 0.35535731911659241, -0.10732971876859665, 0.92854809761047363),
            ["RightHand"] = CFrame.new(-0.00049995281733572483, 3.5762786865234375e-07, -1.1408701539039612e-08, 0.99996274709701538, -0.0043281060643494129, -0.0074646784923970699, 0.0014485963620245457, 0.93702936172485352, -0.34924754500389099, 0.0085062030702829361, 0.34922370314598083, 0.93700075149536133),
            ["RightLowerArm"] = CFrame.new(-2.9802322387695312e-08, 0.096660017967224121, 0.1260027140378952, 1, 0, 0, 0, -0.26096487045288086, -0.96534830331802368, 0, 0.96534830331802368, -0.26096487045288086),
            ["RightLowerLeg"] = CFrame.new(1.3411045074462891e-07, -0.25935161113739014, -0.003436101833358407, 1, 0, 0, 0, 1, 0, 0, 0, 1),
            ["RightUpperArm"] = CFrame.new(0.3116004467010498, 0.27714300155639648, -0.62158346176147461, 0.0084322690963745117, -0.5895581841468811, 0.80768197774887085, -0.21172010898590088, -0.7904515266418457, -0.57477056980133057, 0.97729402780532837, -0.1661558598279953, -0.13148665428161621),
            ["RightUpperLeg"] = CFrame.new(-0.00014397501945495605, -0.0040234224870800972, 0.0017034272896125913, 0.48025280237197876, -0.84114629030227661, -0.24865721166133881, -0.56262022256851196, -0.077925324440002441, -0.82303494215011597, 0.6729159951210022, 0.53516441583633423, -0.51066970825195312),
            ["UpperTorso"] = CFrame.new(0.012445364147424698, 0.12911856174468994, -0.053138110786676407, 0.9998314380645752, 0.0062909377738833427, -0.017248651012778282, -0.016146387904882431, 0.74849158525466919, -0.66294765472412109, 0.008739907294511795, 0.66311442852020264, 0.74846696853637695)
        }},
        {Time = 0.033, Data = {
            ["Head"] = CFrame.new(-5.8980598183211441e-16, 0, 2.9802322387695312e-08, 0.7123420238494873, 0.25445324182510376, -0.65408128499984741, -0.50148874521255493, 0.83653402328491211, -0.22072590887546539, 0.49099677801132202, 0.48524677753448486, 0.72350376844406128),
            ["LeftFoot"] = CFrame.new(-1.7986167222261429e-08, -0.13455754518508911, -3.5464763641357422e-06, 0.92029875516891479, 0.29927468299865723, 0.25196200609207153, -0.34165126085281372, 0.92858290672302246, 0.14494200050830841, -0.19059014320373535, -0.21947307884693146, 0.9568212628364563),
            ["LeftHand"] = CFrame.new(0.00049995584413409233, 0.00010013580322265625, 9.2899426817893982e-08, 0.99987697601318359, -0.014866340905427933, 0.0050002634525299072, 0.0098198335617780685, 0.8419228196144104, 0.5395086407661438, -0.01223035529255867, -0.53939312696456909, 0.8419651985168457),
            ["LeftLowerArm"] = CFrame.new(-0.00049993395805358887, 0.097496509552001953, 0.12223827093839645, 1, 0, 0, 0, -0.22334671020507812, -0.97473901510238647, 0, 0.97473901510238647, -0.22334671020507812),
            ["LeftLowerLeg"] = CFrame.new(-1.5049590729176998e-07, -0.13369685411453247, -0.0016710869967937469, 1, 0, 0, 0, 1, 0, 0, 0, 1),
            ["LeftUpperArm"] = CFrame.new(0.21388781070709229, 0.4797595739364624, -0.58953607082366943, 0.0033065676689147949, 0.84876048564910889, -0.52876722812652588, 0.21530234813690186, -0.51697325706481934, -0.82848274707794189, -0.97654187679290771, -0.11110535264015198, -0.18444967269897461),
            ["LeftUpperLeg"] = CFrame.new(-0.00042253732681274414, -0.01179560087621212, 0.0048946160823106766, 0.47377747297286987, 0.78277438879013062, 0.403484046459198, 0.70268696546554565, -0.059859633445739746, -0.7089768648147583, -0.53081643581390381, 0.61942028999328613, -0.57840549945831299),
            ["LowerTorso"] = CFrame.new(-0.018935449421405792, -0.62894141674041748, -0.031583964824676514, 0.99847853183746338, 0.018787611275911331, 0.051842797547578812, -0.017647404223680496, -0.78184592723846436, 0.6232219934463501, 0.052241932600736618, -0.62318861484527588, -0.78032481670379639),
            ["RightFoot"] = CFrame.new(4.4703483581542969e-08, -0.2666124701499939, -0.00010409781680209562, 0.83673125505447388, -0.41889157891273499, -0.35271888971328735, 0.43314388394355774, 0.90035718679428101, -0.041752800345420837, 0.33506286144256592, -0.1178421676158905, 0.93479734659194946),
            ["RightHand"] = CFrame.new(-0.00049995293375104666, 2.9802322387695312e-07, -2.8696376830339432e-07, 0.99996274709701538, -0.0043281060643494129, -0.0074646784923970699, 0.0014485963620245457, 0.93702936172485352, -0.34924754500389099, 0.0085062030702829361, 0.34922370314598083, 0.93700075149536133),
            ["RightLowerArm"] = CFrame.new(-2.9802322387695312e-08, 0.096660375595092773, 0.12600293755531311, 1, 0, 0, 0, -0.26096487045288086, -0.96534830331802368, 0, 0.96534830331802368, -0.26096487045288086),
            ["RightLowerLeg"] = CFrame.new(1.4901161193847656e-07, -0.26572275161743164, -0.0035209788475185633, 1, 0, 0, 0, 1, 0, 0, 0, 1),
            ["RightUpperArm"] = CFrame.new(0.3116004467010498, 0.27171111106872559, -0.62365388870239258, 0.0083962678909301758, -0.58955711126327515, 0.80768316984176636, -0.20356379449367523, -0.79180622100830078, -0.5758516788482666, 0.97902578115463257, -0.15957997739315033, -0.12666094303131104),
            ["RightUpperLeg"] = CFrame.new(-0.00055295228958129883, -0.015441400930285454, 0.0065382802858948708, 0.4496425986289978, -0.87288367748260498, -0.18946123123168945, -0.53238439559936523, -0.091586947441101074, -0.84153348207473755, 0.71720868349075317, 0.47925549745559692, -0.50589108467102051),
            ["UpperTorso"] = CFrame.new(0.036527480930089951, 0.12053513526916504, -0.053367782384157181, 0.99847853183746338, -0.04758145660161972, -0.027867460623383522, 0.018809586763381958, 0.7689673900604248, -0.63901126384735107, 0.051834255456924438, 0.63751482963562012, 0.76869243383407593)
        }},
        {Time = 0.050, Data = {
            ["Head"] = CFrame.new(-1.8626458153647718e-09, 0, 0, 0.7123420238494873, 0.25445324182510376, -0.65408128499984741, -0.50148874521255493, 0.83653402328491211, -0.22072590887546539, 0.49099677801132202, 0.48524677753448486, 0.72350376844406128),
            ["LeftFoot"] = CFrame.new(-6.3620973378419876e-08, -0.10833507776260376, -3.423541784286499e-06, 0.92076873779296875, 0.29842168092727661, 0.25125575065612793, -0.33661669492721558, 0.93329566717147827, 0.12509341537952423, -0.19716531038284302, -0.19975899159908295, 0.95980322360992432),
            ["LeftHand"] = CFrame.new(0.00049995910376310349, 0.00010025501251220703, -2.4214386940002441e-08, 0.99987697601318359, -0.014866340905427933, 0.0050002634525299072, 0.0098198335617780685, 0.8419228196144104, 0.5395086407661438, -0.01223035529255867, -0.53939312696456909, 0.8419651985168457),
            ["LeftLowerArm"] = CFrame.new(-0.00050002336502075195, 0.097496151924133301, 0.1222384124994278, 1, 0, 0, 0, -0.22334671020507812, -0.97473901510238647, 0, 0.97473901510238647, -0.22334671020507812),
            ["LeftLowerLeg"] = CFrame.new(-2.3964093998074532e-07, -0.10756206512451172, -0.0013244785368442535, 1, 0, 0, 0, 1, 0, 0, 0, 1),
            ["LeftUpperArm"] = CFrame.new(0.21433967351913452, 0.47224485874176025, -0.59536665678024292, 0.0041741132736206055, 0.8488234281539917, -0.52866005897521973, 0.20335578918457031, -0.51833844184875488, -0.83064538240432739, -0.97909605503082275, -0.10403889417648315, -0.17477667331695557),
            ["LeftUpperLeg"] = CFrame.new(-0.00091058015823364258, -0.025421127676963806, 0.010663948953151703, 0.46856772899627686, 0.73706191778182983, 0.48701536655426025, 0.69235867261886597, 0.036024689674377441, -0.72065365314483643, -0.54871094226837158, 0.67486441135406494, -0.4934312105178833),
            ["LowerTorso"] = CFrame.new(-0.078034147620201111, -0.67377781867980957, -0.015488147735595703, 0.99154001474380493, 0.07439788430929184, 0.10636451095342636, -0.016379155218601227, -0.74117529392242432, 0.67111164331436157, 0.12876403331756592, -0.66717618703842163, -0.73368632793426514),
            ["RightFoot"] = CFrame.new(-5.9604644775390625e-08, -0.27857214212417603, -0.00010403821215732023, 0.85550767183303833, -0.39605975151062012, -0.33353161811828613, 0.41795480251312256, 0.9084431529045105, -0.0066986903548240662, 0.30564761161804199, -0.13367033004760742, 0.9427151083946228),
            ["RightHand"] = CFrame.new(-0.00049996702000498772, 2.9802322387695312e-07, 8.9639797806739807e-08, 0.99996274709701538, -0.0043281060643494129, -0.0074646784923970699, 0.0014485963620245457, 0.93702936172485352, -0.34924754500389099, 0.0085062030702829361, 0.34922370314598083, 0.93700075149536133),
            ["RightLowerArm"] = CFrame.new(-2.9802322387695312e-08, 0.096660137176513672, 0.12600268423557281, 1, 0, 0, 0, -0.26096487045288086, -0.96534830331802368, 0, 0.96534830331802368, -0.26096487045288086),
            ["RightLowerLeg"] = CFrame.new(2.2351741790771484e-08, -0.27764606475830078, -0.0036798252258449793, 1, 0, 0, 0, 1, 0, 0, 0, 1),
            ["RightUpperArm"] = CFrame.new(0.3116004467010498, 0.26320779323577881, -0.62682151794433594, 0.0083608627319335938, -0.58953475952148438, 0.80769979953765869, -0.19083966314792633, -0.7938227653503418, -0.57743042707443237, 0.98158562183380127, -0.1493133157491684, -0.11914372444152832),
            ["RightUpperLeg"] = CFrame.new(-0.0011917650699615479, -0.033278580754995346, 0.014091098681092262, 0.40400242805480957, -0.90901070833206177, -0.10238057374954224, -0.48381203413009644, -0.1173473596572876, -0.86726927757263184, 0.77634280920028687, 0.39991191029548645, -0.48719894886016846),
            ["UpperTorso"] = CFrame.new(0.070489183068275452, 0.11056864261627197, -0.049506526440382004, 0.99153631925582886, -0.1232818141579628, -0.040710803121328354, 0.074365757405757904, 0.79633545875549316, -0.60026633739471436, 0.10642136633396149, 0.59215831756591797, 0.79876339435577393)
        }},
        {Time = 0.067, Data = {
            ["Head"] = CFrame.new(-1.8626458153647718e-09, 1.1920928955078125e-07, 2.9802322387695312e-08, 0.7123420238494873, 0.25445324182510376, -0.65408128499984741, -0.50148874521255493, 0.83653402328491211, -0.22072590887546539, 0.49099677801132202, 0.48524677753448486, 0.72350376844406128),
            ["LeftFoot"] = CFrame.new(1.8806895241141319e-07, -0.075660288333892822, -3.1441450119018555e-06, 0.92292916774749756, 0.29451513290405273, 0.24791654944419861, -0.32716363668441772, 0.93945664167404175, 0.10190784931182861, -0.20289343595504761, -0.17516300082206726, 0.96340656280517578),
            ["LeftHand"] = CFrame.new(0.00049995537847280502, 0.00010007619857788086, -1.2316741049289703e-07, 0.99987697601318359, -0.014866340905427933, 0.0050002634525299072, 0.0098198335617780685, 0.8419228196144104, 0.5395086407661438, -0.01223035529255867, -0.53939312696456909, 0.8419651985168457),
            ["LeftLowerArm"] = CFrame.new(-0.00049993395805358887, 0.09749603271484375, 0.12223834544420242, 1, 0, 0, 0, -0.22334671020507812, -0.97473901510238647, 0, 0.97473901510238647, -0.22334671020507812),
            ["LeftLowerLeg"] = CFrame.new(2.0576408132910728e-08, -0.07499772310256958, -0.00089281797409057617, 1, 0, 0, 0, 1, 0, 0, 0, 1),
            ["LeftUpperArm"] = CFrame.new(0.21493065357208252, 0.46240854263305664, -0.60286629199981689, 0.0053257346153259277, 0.84887862205505371, -0.52856087684631348, 0.18768426775932312, -0.52002358436584473, -0.83327662944793701, -0.98221492767333984, -0.094764769077301025, -0.16209065914154053),
            ["LeftUpperLeg"] = CFrame.new(-0.0015475749969482422, -0.043203204870223999, 0.018193315714597702, 0.45523333549499512, 0.67696118354797363, 0.57834780216217041, 0.675140380859375, 0.16102331876754761, -0.71990066766738892, -0.58047235012054443, 0.71818870306015015, -0.38374066352844238),
            ["LowerTorso"] = CFrame.new(-0.14945724606513977, -0.7343442440032959, 0.0019084513187408447, 0.97656619548797607, 0.14720067381858826, 0.15700456500053406, -0.014529623091220856, -0.68275928497314453, 0.73049944639205933, 0.21472623944282532, -0.71566230058670044, -0.66462087631225586),
            ["RightFoot"] = CFrame.new(1.4901161193847656e-08, -0.297069251537323, -0.00010423192725284025, 0.87727510929107666, -0.36717721819877625, -0.30914270877838135, 0.39625689387321472, 0.9174811840057373, 0.034767486155033112, 0.27086681127548218, -0.15300056338310242, 0.95037990808486938),
            ["RightHand"] = CFrame.new(-0.00049993017455562949, 3.5762786865234375e-07, 6.7520886659622192e-09, 0.99996274709701538, -0.0043281060643494129, -0.0074646784923970699, 0.0014485963620245457, 0.93702936172485352, -0.34924754500389099, 0.0085062030702829361, 0.34922370314598083, 0.93700075149536133),
            ["RightLowerArm"] = CFrame.new(-2.9802322387695312e-08, 0.096659958362579346, 0.12600256502628326, 1, 0, 0, 0, -0.26096487045288086, -0.96534830331802368, 0, 0.96534830331802368, -0.26096487045288086),
            ["RightLowerLeg"] = CFrame.new(-2.2351741790771484e-07, -0.29608416557312012, -0.0039243828505277634, 1, 0, 0, 0, 1, 0, 0, 0, 1),
            ["RightUpperArm"] = CFrame.new(0.31160056591033936, 0.25207865238189697, -0.63083219528198242, 0.0084448456764221191, -0.58954155445098877, 0.8076939582824707, -0.17419758439064026, -0.79623985290527344, -0.57935965061187744, 0.98467457294464111, -0.13580572605133057, -0.10942089557647705),
            ["RightUpperLeg"] = CFrame.new(-0.0020255446434020996, -0.05655713751912117, 0.023947732523083687, 0.34886908531188965, -0.93717074394226074, 0.0011624693870544434, -0.41882896423339844, -0.15702164173126221, -0.89438605308532715, 0.83837497234344482, 0.3115367591381073, -0.44729423522949219),
            ["UpperTorso"] = CFrame.new(0.10868993401527405, 0.10321593284606934, -0.039607316255569458, 0.97655290365219116, -0.20894983410835266, -0.051810678094625473, 0.14723089337348938, 0.8238295316696167, -0.54738277196884155, 0.15705870091915131, 0.5269201397895813, 0.83527708053588867)
        }},
        {Time = 0.083, Data = {
            ["Head"] = CFrame.new(-5.9327542878406803e-16, 0, 5.9604644775390625e-08, 0.7123420238494873, 0.25445324182510376, -0.65408128499984741, -0.50148874521255493, 0.83653402328491211, -0.22072590887546539, 0.49099677801132202, 0.48524677753448486, 0.72350376844406128),
            ["LeftFoot"] = CFrame.new(-1.3882527127861977e-07, -0.03820270299911499, -3.0696392059326172e-06, 0.92789548635482788, 0.28517520427703857, 0.24017715454101562, -0.31129884719848633, 0.94709497690200806, 0.078128814697265625, -0.20519018173217773, -0.14726224541664124, 0.96757990121841431),
            ["LeftHand"] = CFrame.new(0.00049993814900517464, 0.00010007619857788086, 1.0896474123001099e-07, 0.99987697601318359, -0.014866340905427933, 0.0050002634525299072, 0.0098198335617780685, 0.8419228196144104, 0.5395086407661438, -0.01223035529255867, -0.53939312696456909, 0.8419651985168457),
            ["LeftLowerArm"] = CFrame.new(-0.00049993395805358887, 0.097496151924133301, 0.12223836034536362, 1, 0, 0, 0, -0.22334671020507812, -0.97473901510238647, 0, 0.97473901510238647, -0.22334671020507812),
            ["LeftLowerLeg"] = CFrame.new(1.8018181435763836e-07, -0.037668704986572266, -0.00039818882942199707, 1, 0, 0, 0, 1, 0, 0, 0, 1),
            ["LeftUpperArm"] = CFrame.new(0.2156369686126709, 0.45064640045166016, -0.61164140701293945, 0.0067365169525146484, 0.84896266460418701, -0.52840995788574219, 0.16894528269767761, -0.52179205417633057, -0.83617621660232544, -0.98560249805450439, -0.083639442920684814, -0.14694333076477051),
            ["LeftUpperLeg"] = CFrame.new(-0.0023065805435180664, -0.064396508038043976, 0.027167655527591705, 0.43140393495559692, 0.61021214723587036, 0.66447854042053223, 0.64574772119522095, 0.30548340082168579, -0.69977837800979614, -0.63000047206878662, 0.73097258806228638, -0.26225638389587402),
            ["LowerTorso"] = CFrame.new(-0.2249554842710495, -0.80941081047058105, 0.017909526824951172, 0.95449143648147583, 0.23033878207206726, 0.18944692611694336, -0.011756643652915955, -0.60566627979278564, 0.795632004737854, 0.29800650477409363, -0.76165115833282471, -0.57539522647857666),
            ["RightFoot"] = CFrame.new(0, -0.32121950387954712, -0.00010409781680209562, 0.89954012632369995, -0.33416059613227844, -0.28136146068572998, 0.36842778325080872, 0.92640817165374756, 0.077645570039749146, 0.2347094863653183, -0.17350667715072632, 0.95645534992218018),
            ["RightHand"] = CFrame.new(-0.00049999775364995003, 2.384185791015625e-07, -2.1001324057579041e-07, 0.99996274709701538, -0.0043281060643494129, -0.0074646784923970699, 0.0014485963620245457, 0.93702936172485352, -0.34924754500389099, 0.0085062030702829361, 0.34922370314598083, 0.93700075149536133),
            ["RightLowerArm"] = CFrame.new(-5.9604644775390625e-08, 0.096659719944000244, 0.12600265443325043, 1, 0, 0, 0, -0.26096487045288086, -0.96534830331802368, 0, 0.96534830331802368, -0.26096487045288086),
            ["RightLowerLeg"] = CFrame.new(-7.4505805969238281e-08, -0.3201591968536377, -0.0042441468685865402, 1, 0, 0, 0, 1, 0, 0, 0, 1),
            ["RightUpperArm"] = CFrame.new(0.31160056591033936, 0.23877274990081787, -0.63542890548706055, 0.0084292888641357422, -0.58955127000808716, 0.80768692493438721, -0.154242143034935, -0.79881560802459717, -0.58146613836288452, 0.98799705505371094, -0.11967800557613373, -0.097667098045349121),
            ["RightUpperLeg"] = CFrame.new(-0.0030193030834197998, -0.084300637245178223, 0.035695463418960571, 0.29125380516052246, -0.95065808296203613, 0.10686630010604858, -0.34032821655273438, -0.20736682415008545, -0.91715633869171143, 0.8940625786781311, 0.23075559735298157, -0.38393211364746094),
            ["UpperTorso"] = CFrame.new(0.14548191428184509, 0.10101950168609619, -0.024988662451505661, 0.95450377464294434, -0.2925378680229187, -0.057829052209854126, 0.23029591143131256, 0.8463556170463562, -0.48025611042976379, 0.18943704664707184, 0.44508847594261169, 0.87521988153457642)
        }},
        {Time = 0.100, Data = {
            ["Head"] = CFrame.new(-5.9327542878406803e-16, 0, -5.9604644775390625e-08, 0.7123420238494873, 0.25445324182510376, -0.65408128499984741, -0.50148874521255493, 0.83653402328491211, -0.22072590887546539, 0.49099677801132202, 0.48524677753448486, 0.72350376844406128),
            ["LeftFoot"] = CFrame.new(1.1944212019443512e-07, 0.00073701143264770508, -2.8386712074279785e-06, 0.93688744306564331, 0.26744145154953003, 0.22520425915718079, -0.28446227312088013, 0.95757114887237549, 0.046246659010648727, -0.20328083634376526, -0.10739003121852875, 0.97321337461471558),
            ["LeftHand"] = CFrame.new(0.00049998704344034195, 0.00010007619857788086, -8.149072527885437e-09, 0.99987697601318359, -0.014866340905427933, 0.0050002634525299072, 0.0098198335617780685, 0.8419228196144104, 0.5395086407661438, -0.01223035529255867, -0.53939312696456909, 0.8419651985168457),
            ["LeftLowerArm"] = CFrame.new(-0.00049996376037597656, 0.09749603271484375, 0.12223838269710541, 1, 0, 0, 0, -0.22334671020507812, -0.97473901510238647, 0, 0.97473901510238647, -0.22334671020507812),
            ["LeftLowerLeg"] = CFrame.new(1.101871021091938e-07, 0.0036311149597167969, 7.8856945037841797e-05, 1, -0, 0, 0, 0.99968665838241577, 0.025031423196196556, -0, -0.025031423196196556, 0.99968665838241577),
            ["LeftUpperArm"] = CFrame.new(0.21643388271331787, 0.43736100196838379, -0.62130588293075562, 0.0084261894226074219, 0.84896242618560791, -0.52838587760925293, 0.14781346917152405, -0.52365732192993164, -0.83900785446166992, -0.98897933959960938, -0.071032911539077759, -0.12990045547485352),
            ["LeftUpperLeg"] = CFrame.new(-0.0031611919403076172, -0.088254444301128387, 0.037269391119480133, 0.39573168754577637, 0.55913627147674561, 0.72853487730026245, 0.59612870216369629, 0.44705253839492798, -0.66691422462463379, -0.6985892653465271, 0.6982196569442749, -0.15640425682067871),
            ["LowerTorso"] = CFrame.new(-0.29447382688522339, -0.89740359783172607, 0.031213462352752686, 0.9302019476890564, 0.31188258528709412, 0.19352942705154419, -0.0079950392246246338, -0.50991737842559814, 0.86018621921539307, 0.36696112155914307, -0.80169415473937988, -0.47183263301849365),
            ["RightFoot"] = CFrame.new(1.6391277313232422e-07, -0.34723693132400513, -0.00010423192725284025, 0.92062699794769287, -0.29867815971374512, -0.25147029757499695, 0.33536183834075928, 0.93472671508789062, 0.11755158007144928, 0.19994592666625977, -0.19255469739437103, 0.96069991588592529),
            ["RightHand"] = CFrame.new(-0.00050005083903670311, 2.384185791015625e-07, 7.5902789831161499e-08, 0.99996274709701538, -0.0043281060643494129, -0.0074646784923970699, 0.0014485963620245457, 0.93702936172485352, -0.34924754500389099, 0.0085062030702829361, 0.34922370314598083, 0.93700075149536133),
            ["RightLowerArm"] = CFrame.new(0, 0.096660077571868896, 0.12600277364253998, 1, 0, 0, 0, -0.26096487045288086, -0.96534830331802368, 0, 0.96534830331802368, -0.26096487045288086),
            ["RightLowerLeg"] = CFrame.new(1.2665987014770508e-07, -0.34609615802764893, -0.0045889299362897873, 1, 0, 0, 0, 1, 0, 0, 0, 1),
            ["RightUpperArm"] = CFrame.new(0.3116004467010498, 0.223746657371521, -0.64036315679550171, 0.0083278417587280273, -0.58955663442611694, 0.80768412351608276, -0.13166040182113647, -0.80132675170898438, -0.58355873823165894, 0.9912598729133606, -0.10148023068904877, -0.084294557571411133),
            ["RightUpperLeg"] = CFrame.new(-0.0041379630565643311, -0.11553283780813217, 0.048919927328824997, 0.23799467086791992, -0.95066726207733154, 0.19897297024726868, -0.25194251537322998, -0.25827264785766602, -0.93264150619506836, 0.93802106380462646, 0.17183390259742737, -0.30098104476928711),
            ["UpperTorso"] = CFrame.new(0.17623066902160645, 0.10329723358154297, -0.0096801687031984329, 0.93019664287567139, -0.36264058947563171, -0.05679793655872345, 0.31189492344856262, 0.8624609112739563, -0.3986009955406189, 0.19353486597537994, 0.35306233167648315, 0.91536402702331543)
        }},
        {Time = 0.117, Data = {
            ["Head"] = CFrame.new(-6.0021432268797525e-16, 0, 5.9604644775390625e-08, 0.7123420238494873, 0.25445324182510376, -0.65408128499984741, -0.50148874521255493, 0.83653402328491211, -0.22072590887546539, 0.49099677801132202, 0.48524677753448486, 0.72350376844406128),
            ["LeftFoot"] = CFrame.new(-6.7520886659622192e-08, 0.0095965266227722168, -2.5480985641479492e-06, 0.95073235034942627, 0.23717418313026428, 0.19964084029197693, -0.21452826261520386, 0.96821308135986328, -0.1286119818687439, -0.22379830479621887, 0.079446971416473389, 0.97139203548431396),
            ["LeftHand"] = CFrame.new(0.00049992650747299194, 0.00010013580322265625, 4.9232039600610733e-07, 0.99987697601318359, -0.014866340905427933, 0.0050002634525299072, 0.0098198335617780685, 0.8419228196144104, 0.5395086407661438, -0.01223035529255867, -0.53939312696456909, 0.8419651985168457),
            ["LeftLowerArm"] = CFrame.new(-0.00049990415573120117, 0.097496569156646729, 0.12223818153142929, 1, 0, 0, 0, -0.22334671020507812, -0.97473901510238647, 0, 0.97473901510238647, -0.22334671020507812),
            ["LeftLowerLeg"] = CFrame.new(9.3248672783374786e-08, 0.046594977378845215, -0.0069640949368476868, 1, -0, 0, 0, 0.92822974920272827, 0.37200736999511719, -0, -0.37200736999511719, 0.92822974920272827),
            ["LeftUpperArm"] = CFrame.new(0.21729671955108643, 0.42296195030212402, -0.63149106502532959, 0.010060787200927734, 0.84904205799102783, -0.52822929620742798, 0.12480345368385315, -0.5251915454864502, -0.84178245067596436, -0.99213045835494995, -0.057455867528915405, -0.11124718189239502),
            ["LeftUpperLeg"] = CFrame.new(-0.0040843486785888672, -0.11403049528598785, 0.048183660954236984, 0.34667235612869263, 0.65935230255126953, 0.66713768243789673, 0.51605069637298584, 0.45985597372055054, -0.72265076637268066, -0.78326874971389771, 0.59479987621307373, -0.1808398962020874),
            ["LowerTorso"] = CFrame.new(-0.34654045104980469, -0.99621415138244629, 0.042390823364257812, 0.91130858659744263, 0.37684017419815063, 0.16585582494735718, -0.0030279755592346191, -0.39668738842010498, 0.91794878244400024, 0.4117128849029541, -0.83703678846359253, -0.36036360263824463),
            ["RightFoot"] = CFrame.new(-7.4505805969238281e-08, -0.36819356679916382, -0.00010434368596179411, 0.93948078155517578, -0.26204729080200195, -0.22069692611694336, 0.29841762781143188, 0.94234746694564819, 0.15142056345939636, 0.16829383373260498, -0.2081165611743927, 0.96351683139801025),
            ["RightHand"] = CFrame.new(-0.00050000706687569618, 2.9802322387695312e-07, -2.3283064365386963e-10, 0.99996274709701538, -0.0043281060643494129, -0.0074646784923970699, 0.0014485963620245457, 0.93702936172485352, -0.34924754500389099, 0.0085062030702829361, 0.34922370314598083, 0.93700075149536133),
            ["RightLowerArm"] = CFrame.new(-5.9604644775390625e-08, 0.096660494804382324, 0.1260029673576355, 1, 0, 0, 0, -0.26096487045288086, -0.96534830331802368, 0, 0.96534830331802368, -0.26096487045288086),
            ["RightLowerLeg"] = CFrame.new(2.2351741790771484e-08, -0.36698818206787109, -0.004866747185587883, 1, 0, 0, 0, 1, 0, 0, 0, 1),
            ["RightUpperArm"] = CFrame.new(0.3116004467010498, 0.2074655294418335, -0.64540576934814453, 0.0083998441696166992, -0.58955574035644531, 0.80768412351608276, -0.10722920298576355, -0.80358648300170898, -0.5854494571685791, 0.99419897794723511, -0.081689566373825073, -0.069967865943908691),
            ["RightUpperLeg"] = CFrame.new(-0.0053465068340301514, -0.14927630126476288, 0.063207902014255524, 0.19433599710464478, -0.94483137130737305, 0.26368063688278198, -0.15698656439781189, -0.29529738426208496, -0.94241982698440552, 0.96829181909561157, 0.14175194501876831, -0.20571291446685791),
            ["UpperTorso"] = CFrame.new(0.1978759765625, 0.10536360740661621, 0.0020012105815112591, 0.9113040566444397, -0.40892842411994934, -0.047983784228563309, 0.37686553597450256, 0.8753807544708252, -0.30278858542442322, 0.16582293808460236, 0.25784900784492493, 0.95184904336929321)
        }},
        {Time = 0.133, Data = {
            ["Head"] = CFrame.new(1.8626445941194447e-09, -1.1920928955078125e-07, -1.4901161193847656e-08, 0.7123420238494873, 0.25445324182510376, -0.65408128499984741, -0.50148874521255493, 0.83653402328491211, -0.22072590887546539, 0.49099677801132202, 0.48524677753448486, 0.72350376844406128),
            ["LeftFoot"] = CFrame.new(-8.4750354290008545e-08, 0.014077425003051758, -2.4512410163879395e-06, 0.96860462427139282, 0.19017228484153748, 0.16012382507324219, -0.15047895908355713, 0.96117740869522095, -0.231287881731987, -0.1978919506072998, 0.19993124902248383, 0.95961779356002808),
            ["LeftHand"] = CFrame.new(0.00049998052418231964, 0.00010013580322265625, 8.4517523646354675e-08, 0.99987697601318359, -0.014866340905427933, 0.0050002634525299072, 0.0098198335617780685, 0.8419228196144104, 0.5395086407661438, -0.01223035529255867, -0.53939312696456909, 0.8419651985168457),
            ["LeftLowerArm"] = CFrame.new(-0.00049990415573120117, 0.097496271133422852, 0.12223853170871735, 1, 0, 0, 0, -0.22334671020507812, -0.97473901510238647, 0, 0.97473901510238647, -0.22334671020507812),
            ["LeftLowerLeg"] = CFrame.new(1.3387762010097504e-07, 0.070902466773986816, -0.017937052994966507, 1, -0, 0, 0, 0.81644606590270996, 0.57742178440093994, -0, -0.57742178440093994, 0.81644606590270996),
            ["LeftUpperArm"] = CFrame.new(0.21819955110549927, 0.4078676700592041, -0.64185309410095215, 0.011867284774780273, 0.84901595115661621, -0.52823388576507568, 0.10071733593940735, -0.52659940719604492, -0.84412616491317749, -0.99484419822692871, -0.043184876441955566, -0.091759920120239258),
            ["LeftUpperLeg"] = CFrame.new(-0.005049586296081543, -0.14097945392131805, 0.059594485908746719, 0.28185421228408813, 0.74735903739929199, 0.60167485475540161, 0.39767313003540039, 0.47970032691955566, -0.78214043378829956, -0.87316340208053589, 0.45971947908401489, -0.16199910640716553),
            ["LowerTorso"] = CFrame.new(-0.37112957239151001, -1.1030304431915283, 0.052954345941543579, 0.90499824285507202, 0.41050940752029419, 0.11162517964839935, 0.0032706260681152344, -0.26909720897674561, 0.96310746669769287, 0.42540270090103149, -0.87124550342559814, -0.24487507343292236),
            ["RightFoot"] = CFrame.new(3.7252902984619141e-08, -0.37606328725814819, -0.00010438838944537565, 0.9558224081993103, -0.22485469281673431, -0.18932470679283142, 0.25865805149078369, 0.94936573505401611, 0.17832757532596588, 0.13964059948921204, -0.21941985189914703, 0.96558552980422974),
            ["RightHand"] = CFrame.new(-0.00049996795132756233, 1.7881393432617188e-07, 7.6601281762123108e-08, 0.99996274709701538, -0.0043281060643494129, -0.0074646784923970699, 0.0014485963620245457, 0.93702936172485352, -0.34924754500389099, 0.0085062030702829361, 0.34922370314598083, 0.93700075149536133),
            ["RightLowerArm"] = CFrame.new(-2.9802322387695312e-08, 0.096659600734710693, 0.12600257992744446, 1, 0, 0, 0, -0.26096487045288086, -0.96534830331802368, 0, 0.96534830331802368, -0.26096487045288086),
            ["RightLowerLeg"] = CFrame.new(-2.9802322387695312e-08, -0.37483310699462891, -0.0049708690494298935, 1, 0, 0, 0, 1, 0, 0, 0, 1),
            ["RightUpperArm"] = CFrame.new(0.31160056591033936, 0.19040369987487793, -0.65035563707351685, 0.008368074893951416, -0.58956050872802734, 0.80768102407455444, -0.081498682498931885, -0.80542445182800293, -0.58706891536712646, 0.99663847684860229, -0.060912221670150757, -0.054788470268249512),
            ["RightUpperLeg"] = CFrame.new(-0.0066100656986236572, -0.18455472588539124, 0.078145585954189301, 0.16136384010314941, -0.94275617599487305, 0.29184335470199585, -0.058634668588638306, -0.30435466766357422, -0.95075243711471558, 0.98515158891677856, 0.13630491495132446, -0.10439002513885498),
            ["UpperTorso"] = CFrame.new(0.20901645720005035, 0.10071873664855957, 0.008838222362101078, 0.90499281883239746, -0.42417272925376892, -0.032641332596540451, 0.41052308678627014, 0.89084506034851074, -0.19459152221679688, 0.11161878705024719, 0.16270393133163452, 0.98034107685089111)
        }},
        {Time = 0.150, Data = {
            ["Head"] = CFrame.new(1.8626445941194447e-09, 1.1920928955078125e-07, 4.4703483581542969e-08, 0.7123420238494873, 0.25445324182510376, -0.65408128499984741, -0.50148874521255493, 0.83653402328491211, -0.22072590887546539, 0.49099677801132202, 0.48524677753448486, 0.72350376844406128),
            ["LeftFoot"] = CFrame.new(-1.2293457984924316e-07, 0.019100725650787354, -2.6077032089233398e-06, 0.98634076118469238, 0.12601053714752197, 0.10608131438493729, -0.092098027467727661, 0.95583945512771606, -0.2790859043598175, -0.1365644633769989, 0.26550391316413879, 0.95438873767852783),
            ["LeftHand"] = CFrame.new(0.00049998238682746887, 0.00010049343109130859, -2.8044451028108597e-07, 0.99987697601318359, -0.014866340905427933, 0.0050002634525299072, 0.0098198335617780685, 0.8419228196144104, 0.5395086407661438, -0.01223035529255867, -0.53939312696456909, 0.8419651985168457),
            ["LeftLowerArm"] = CFrame.new(-0.00049993395805358887, 0.097496092319488525, 0.12223842740058899, 1, 0, 0, 0, -0.22334671020507812, -0.97473901510238647, 0, 0.97473901510238647, -0.22334671020507812),
            ["LeftLowerLeg"] = CFrame.new(-1.257285475730896e-07, 0.086898624897003174, -0.027420427650213242, 1, -0, 0, 0, 0.71845197677612305, 0.69557648897171021, -0, -0.69557648897171021, 0.71845197677612305),
            ["LeftUpperArm"] = CFrame.new(0.21911716461181641, 0.39250302314758301, -0.65207761526107788, 0.013736724853515625, 0.84900772571563721, -0.52820181846618652, 0.076136171817779541, -0.52760624885559082, -0.84607028961181641, -0.99700284004211426, -0.028593063354492188, -0.071887731552124023),
            ["LeftUpperLeg"] = CFrame.new(-0.0060300230979919434, -0.16835449635982513, 0.071186013519763947, 0.19928944110870361, 0.8322213888168335, 0.51738888025283813, 0.2446453869342804, 0.46900826692581177, -0.84863412380218506, -0.94891113042831421, 0.29570057988166809, -0.11013078689575195),
            ["LowerTorso"] = CFrame.new(-0.36720865964889526, -1.2140805721282959, 0.062470972537994385, 0.91163647174835205, 0.40850779414176941, 0.045169860124588013, 0.010279983282089233, -0.13253259658813477, 0.99112540483474731, 0.41086891293525696, -0.90308171510696411, -0.12502110004425049),
            ["RightFoot"] = CFrame.new(-1.2665987014770508e-07, -0.36798757314682007, -0.00010436603770358488, 0.96995973587036133, -0.18608005344867706, -0.15669181942939758, 0.21555070579051971, 0.95599836111068726, 0.19901023805141449, 0.11276528239250183, -0.22680695354938507, 0.96738958358764648),
            ["RightHand"] = CFrame.new(-0.00049997493624687195, 3.5762786865234375e-07, 3.173481673002243e-07, 0.99996274709701538, -0.0043281060643494129, -0.0074646784923970699, 0.0014485963620245457, 0.93702936172485352, -0.34924754500389099, 0.0085062030702829361, 0.34922370314598083, 0.93700075149536133),
