return {
["jiggy twerk sequence"] = {

          {Time = 0.000, Data = {

              ["Head"] = CFrame.new(0.000000, 0.000000, 0.000000, 1.000000, 0.000000, 0.000000, 0.000000, 1.000000, -0.000000, 0.000000, 0.000000, 1.000000),

              ["LeftFoot"] = CFrame.new(0.000000, -0.009770, -0.000003, 0.974415, -0.171929, -0.144769, 0.156559, 0.981335, -0.111675, 0.161258, 0.086158, 0.983143),

              ["LeftHand"] = CFrame.new(0.000505, -0.006363, 0.000000, 0.999517, 0.026422, -0.016378, -0.026802, 0.999366, -0.023455, 0.015747, 0.023884, 0.999591),

              ["LeftLowerArm"] = CFrame.new(-0.000500, -0.006555, 0.000036, 1.000000, -0.000000, -0.000000, 0.000000, 1.000000, -0.000001, 0.000000, -0.000000, 1.000000),

              ["LeftLowerLeg"] = CFrame.new(0.000000, -0.009336, -0.000023, 1.000000, 0.000000, -0.000000, 0.000000, 1.000000, -0.000008, -0.000000, -0.000011, 1.000000),

              ["LeftUpperArm"] = CFrame.new(0.080741, -0.701152, -0.297945, 0.165624, 0.982141, 0.089268, -0.731417, 0.183049, -0.656905, -0.661512, 0.043507, 0.748671),

              ["LeftUpperLeg"] = CFrame.new(0.000000, -0.000000, -0.000100, 0.872490, 0.219020, -0.436796, -0.195816, 0.975720, 0.098117, 0.447680, -0.000067, 0.894194),

              ["LowerTorso"] = CFrame.new(0.010918, 0.000149, 0.000000, 0.999627, -0.027295, -0.000000, 0.027295, 0.999627, -0.000000, 0.000000, 0.000000, 1.000000),

              ["RightFoot"] = CFrame.new(-0.000000, -0.036834, -0.000103, 0.950238, 0.238303, 0.200658, -0.212937, 0.966981, -0.140023, -0.227388, 0.090332, 0.969603),

              ["RightHand"] = CFrame.new(-0.000497, 0.004403, -0.000000, 0.973857, 0.196531, -0.113927, -0.201031, 0.979145, -0.029349, 0.105783, 0.051485, 0.993056),

              ["RightLowerArm"] = CFrame.new(0.000000, 0.024122, 0.001952, 1.000000, 0.000000, 0.000000, -0.000000, 0.980009, -0.198955, -0.000000, 0.198955, 0.980009),

              ["RightLowerLeg"] = CFrame.new(-0.000000, -0.036705, -0.000483, 1.000000, 0.000000, -0.000000, -0.000000, 1.000000, -0.000008, 0.000000, -0.000011, 1.000000),

              ["RightUpperArm"] = CFrame.new(0.121370, -0.669077, -0.316003, 0.005710, -0.999949, -0.008320, 0.682018, 0.009979, -0.731268, 0.731313, -0.001499, 0.682040),

              ["RightUpperLeg"] = CFrame.new(0.000000, -0.000000, -0.000000, 0.910725, -0.228359, 0.344141, 0.213524, 0.973577, 0.080969, -0.353537, -0.000250, 0.935420),

              ["UpperTorso"] = CFrame.new(0.000000, -0.000000, 0.000000, 0.999627, 0.027295, 0.000000, -0.027295, 0.999627, 0.000000, -0.000000, -0.000000, 1.000000)

          }},

          {Time = 0.043, Data = {

              ["Head"] = CFrame.new(-0.000000, 0.000000, -0.000000, 1.000000, 0.000439, 0.000004, -0.000439, 0.999999, 0.001408, -0.000004, -0.001408, 0.999999),

              ["LeftFoot"] = CFrame.new(-0.000000, 0.004949, -0.000003, 0.972940, -0.176431, -0.149208, 0.151282, 0.974483, -0.165826, 0.174647, 0.138762, 0.974802),

              ["LeftHand"] = CFrame.new(0.000500, 0.000450, -0.000000, 0.997680, 0.058257, -0.035234, -0.059167, 0.997926, -0.025362, 0.033682, 0.027388, 0.999057),

              ["LeftLowerArm"] = CFrame.new(-0.000500, 0.001520, 0.000005, 1.000000, -0.000000, -0.000000, 0.000000, 0.999919, -0.012737, 0.000000, 0.012737, 0.999919),

              ["LeftLowerLeg"] = CFrame.new(-0.000000, 0.021885, -0.001265, 1.000000, -0.000000, 0.000000, 0.000000, 0.985954, 0.167002, 0.000000, -0.167019, 0.985957),

              ["LeftUpperArm"] = CFrame.new(0.077597, -0.643493, -0.319756, 0.178666, 0.979497, 0.093084, -0.689453, 0.192129, -0.698385, -0.701949, 0.060600, 0.709644),

              ["LeftUpperLeg"] = CFrame.new(-0.000000, 0.000000, -0.000100, 0.874751, 0.186667, -0.447174, -0.219904, 0.975249, -0.023058, 0.431801, 0.118516, 0.894150),

              ["LowerTorso"] = CFrame.new(0.010942, -0.039361, -0.006509, 0.999603, -0.028023, -0.003069, 0.028131, 0.998620, 0.044356, 0.001822, -0.044425, 0.999011),

              ["RightFoot"] = CFrame.new(0.000000, -0.010645, -0.000103, 0.950164, 0.238477, 0.200804, -0.219422, 0.969103, -0.112668, -0.221457, 0.062998, 0.973131),

              ["RightHand"] = CFrame.new(-0.000497, 0.005082, 0.000000, 0.976452, 0.186834, -0.107861, -0.199114, 0.972935, -0.117266, 0.083034, 0.135980, 0.987226),

              ["RightLowerArm"] = CFrame.new(-0.000000, 0.028504, 0.002778, 1.000000, 0.000000, 0.000000, -0.000000, 0.971618, -0.236555, -0.000000, 0.236555, 0.971618),

              ["RightLowerLeg"] = CFrame.new(-0.000000, -0.010607, -0.000137, 1.000000, -0.000000, 0.000000, 0.000000, 1.000000, -0.000008, -0.000000, -0.000011, 1.000000),

              ["RightUpperArm"] = CFrame.new(0.140750, -0.636156, -0.316220, -0.032007, -0.997676, -0.060143, 0.683977, 0.022013, -0.729173, 0.728801, -0.064475, 0.681682),

              ["RightUpperLeg"] = CFrame.new(0.000000, 0.000000, -0.000000, 0.910139, -0.234562, 0.341506, 0.234012, 0.971262, 0.043452, -0.341884, 0.040377, 0.938875),

              ["UpperTorso"] = CFrame.new(0.000272, 0.000301, -0.001088, 0.999651, 0.026295, 0.002528, -0.026242, 0.999471, -0.019228, -0.003032, 0.019155, 0.999812)

          }},

          {Time = 0.087, Data = {

              ["Head"] = CFrame.new(0.000000, 0.000000, -0.000000, 0.999999, 0.001674, 0.000038, -0.001674, 0.999984, 0.005371, -0.000029, -0.005371, 0.999986),

              ["LeftFoot"] = CFrame.new(-0.000000, 0.012636, -0.000003, 0.968769, -0.188423, -0.161208, 0.139689, 0.951809, -0.273049, 0.204875, 0.241984, 0.948397),

              ["LeftHand"] = CFrame.new(0.000495, 0.006721, -0.000000, 0.984770, 0.149290, -0.089115, -0.144838, 0.987952, 0.054535, 0.096181, -0.040797, 0.994527),

              ["LeftLowerArm"] = CFrame.new(-0.000500, 0.038746, 0.005369, 1.000000, -0.000000, -0.000000, 0.000000, 0.945292, -0.326224, 0.000000, 0.326224, 0.945292),

              ["LeftLowerLeg"] = CFrame.new(0.000000, 0.063430, -0.013923, 1.000000, -0.000000, 0.000000, 0.000000, 0.857434, 0.514590, 0.000000, -0.514594, 0.857436),

              ["LeftUpperArm"] = CFrame.new(0.076711, -0.485288, -0.372659, 0.225220, 0.939012, 0.259870, -0.556429, 0.342911, -0.756836, -0.799789, 0.025855, 0.599723),

              ["LeftUpperLeg"] = CFrame.new(0.000000, 0.000000, -0.000100, 0.878251, 0.118589, -0.463261, -0.271357, 0.921273, -0.278587, 0.393752, 0.370395, 0.841296),

              ["LowerTorso"] = CFrame.new(0.012182, -0.111299, -0.015193, 0.999412, -0.033051, -0.009171, 0.033975, 0.990627, 0.132304, 0.004712, -0.132538, 0.991167),

              ["RightFoot"] = CFrame.new(0.000000, 0.009323, -0.000103, 0.950374, 0.237989, 0.200392, -0.197557, 0.959204, -0.202246, -0.240334, 0.152611, 0.958613),

              ["RightHand"] = CFrame.new(-0.000495, 0.007633, -0.000000, 0.987127, 0.139162, -0.078831, -0.155590, 0.949695, -0.271795, 0.037043, 0.280560, 0.959121),

              ["RightLowerArm"] = CFrame.new(0.000000, 0.045815, 0.007659, 1.000000, 0.000000, 0.000000, -0.000000, 0.922022, -0.387137, -0.000000, 0.387137, 0.922022),

              ["RightLowerLeg"] = CFrame.new(-0.000000, 0.043757, -0.006216, 1.000000, 0.000000, -0.000000, -0.000000, 0.936817, 0.349807, 0.000000, -0.349819, 0.936822),

              ["RightUpperArm"] = CFrame.new(0.177253, -0.537991, -0.328886, -0.102402, -0.970717, -0.217308, 0.657149, 0.097984, -0.747366, 0.746773, -0.219335, 0.627871),

              ["RightUpperLeg"] = CFrame.new(-0.000000, 0.000000, -0.000000, 0.909822, -0.175350, 0.376131, 0.269912, 0.938489, -0.215357, -0.315231, 0.297473, 0.901192),

              ["UpperTorso"] = CFrame.new(0.001043, 0.001288, -0.004145, 0.999605, 0.027196, 0.007030, -0.026689, 0.997575, -0.064278, -0.008761, 0.064065, 0.997907)

          }},

          {Time = 0.130, Data = {

              ["Head"] = CFrame.new(0.000000, 0.000000, -0.000000, 0.999994, 0.003582, 0.000133, -0.003583, 0.999928, 0.011495, -0.000092, -0.011496, 0.999934),

              ["LeftFoot"] = CFrame.new(0.000000, 0.018449, -0.000003, 0.962414, -0.204954, -0.178208, 0.150967, 0.949144, -0.276303, 0.225760, 0.238996, 0.944404),

              ["LeftHand"] = CFrame.new(0.000490, 0.014612, -0.000000, 0.949123, 0.270624, -0.161022, -0.277932, 0.960294, -0.024296, 0.148051, 0.067812, 0.986652),

              ["LeftLowerArm"] = CFrame.new(-0.000500, 0.078904, 0.024442, 1.000000, -0.000000, -0.000000, 0.000000, 0.749925, -0.661523, 0.000000, 0.661523, 0.749925),

              ["LeftLowerLeg"] = CFrame.new(-0.000000, 0.084965, -0.026138, 1.000000, -0.000000, -0.000000, 0.000000, 0.731751, 0.681575, -0.000000, -0.681572, 0.731748),

              ["LeftUpperArm"] = CFrame.new(0.096601, -0.257840, -0.418673, 0.327825, 0.807064, 0.491099, -0.339933, 0.585777, -0.735739, -0.881462, 0.074253, 0.466380),

              ["LeftUpperLeg"] = CFrame.new(0.000000, -0.000000, -0.000100, 0.877683, 0.099477, -0.468803, -0.322422, 0.846300, -0.424033, 0.354566, 0.523336, 0.774868),

              ["LowerTorso"] = CFrame.new(0.016541, -0.148108, -0.009805, 0.998793, -0.047028, -0.014146, 0.048892, 0.979311, 0.196368, 0.004619, -0.196823, 0.980428),

              ["RightFoot"] = CFrame.new(-0.000000, 0.013714, -0.000103, 0.952017, 0.234114, 0.197129, -0.194821, 0.960313, -0.199622, -0.236025, 0.151625, 0.959839),

              ["RightHand"] = CFrame.new(-0.000491, 0.014305, -0.000000, 0.999030, 0.039833, -0.018794, -0.043969, 0.926847, -0.372859, 0.002567, 0.373321, 0.927698),

              ["RightLowerArm"] = CFrame.new(-0.000000, 0.078258, 0.023951, 1.000000, 0.000000, 0.000000, -0.000000, 0.754994, -0.655731, -0.000000, 0.655731, 0.754995),

              ["RightLowerLeg"] = CFrame.new(0.000000, 0.067934, -0.016492, 1.000000, 0.000000, 0.000000, -0.000000, 0.832250, 0.554399, 0.000000, -0.554401, 0.832251),

              ["RightUpperArm"] = CFrame.new(0.208032, -0.384230, -0.363195, -0.160568, -0.880772, -0.445486, 0.569975, 0.285741, -0.770377, 0.805820, -0.377614, 0.456137),

              ["RightUpperLeg"] = CFrame.new(-0.000000, -0.000000, -0.000000, 0.912328, -0.123539, 0.390378, 0.285347, 0.875585, -0.389762, -0.293658, 0.466999, 0.834081),

              ["UpperTorso"] = CFrame.new(0.002292, 0.003065, -0.008845, 0.999326, 0.035697, 0.008622, -0.034457, 0.992638, -0.116113, -0.012704, 0.115737, 0.993199)

          }},

          {Time = 0.174, Data = {

              ["Head"] = CFrame.new(-0.000000, 0.000000, 0.000000, 0.999982, 0.006040, 0.000326, -0.006046, 0.999794, 0.019389, -0.000209, -0.019390, 0.999812),

              ["LeftFoot"] = CFrame.new(-0.000000, 0.018974, -0.000003, 0.950085, -0.233789, -0.206612, 0.197313, 0.963192, -0.182571, 0.241675, 0.132678, 0.961238),

              ["LeftHand"] = CFrame.new(0.000484, 0.025141, 0.000000, 0.933013, 0.308863, -0.184638, -0.276616, 0.943786, 0.180977, 0.230153, -0.117779, 0.966000),

              ["LeftLowerArm"] = CFrame.new(-0.000499, 0.119352, 0.087767, 1.000000, -0.000000, 0.000000, 0.000000, 0.092747, -0.995690, 0.000000, 0.995690, 0.092746),

              ["LeftLowerLeg"] = CFrame.new(0.000000, 0.086524, -0.027170, 1.000000, -0.000000, 0.000000, 0.000000, 0.721053, 0.692883, -0.000000, -0.692880, 0.721050),

              ["LeftUpperArm"] = CFrame.new(0.138005, -0.029882, -0.419252, 0.473459, 0.707625, 0.524503, -0.122418, 0.642559, -0.756394, -0.872267, 0.293913, 0.390851),

              ["LeftUpperLeg"] = CFrame.new(0.000000, -0.000000, -0.000100, 0.849442, 0.195210, -0.490244, -0.414642, 0.821552, -0.391293, 0.326376, 0.535673, 0.778813),

              ["LowerTorso"] = CFrame.new(0.047473, -0.078086, 0.019753, 0.991505, -0.128481, -0.020272, 0.130030, 0.975191, 0.179150, -0.003249, -0.180264, 0.983613),

              ["RightFoot"] = CFrame.new(-0.000000, 0.010885, -0.000103, 0.962520, 0.207466, 0.174692, -0.211559, 0.977352, 0.004938, -0.169700, -0.041709, 0.984611),

              ["RightHand"] = CFrame.new(-0.000484, 0.024795, 0.000000, 0.982843, -0.155943, 0.098494, 0.163676, 0.983584, -0.075982, -0.085026, 0.090799, 0.992233),

              ["RightLowerArm"] = CFrame.new(-0.000001, 0.119010, 0.084868, 1.000000, 0.000000, 0.000000, -0.000000, 0.122898, -0.992420, -0.000000, 0.992419, 0.122897),

              ["RightLowerLeg"] = CFrame.new(-0.000000, 0.052465, -0.009256, 1.000000, 0.000000, 0.000000, -0.000000, 0.905956, 0.423363, 0.000000, -0.423372, 0.905960),

              ["RightUpperArm"] = CFrame.new(0.294808, -0.147822, -0.409426, -0.330725, -0.782398, -0.527706, 0.317508, 0.434328, -0.842941, 0.888712, -0.446332, 0.104774),

              ["RightUpperLeg"] = CFrame.new(0.000000, -0.000000, -0.000000, 0.929276, -0.046573, 0.366438, 0.185880, 0.916224, -0.354925, -0.319209, 0.397951, 0.860088),

              ["UpperTorso"] = CFrame.new(0.004329, 0.005264, -0.014926, 0.993854, 0.110697, -0.000270, -0.109346, 0.981344, -0.158135, -0.017241, 0.157193, 0.987418)

          }},

          {Time = 0.217, Data = {

              ["Head"] = CFrame.new(-0.000000, -0.000000, 0.000000, 0.999960, 0.008924, 0.000650, -0.008939, 0.999549, 0.028656, -0.000394, -0.028661, 0.999589),

              ["LeftFoot"] = CFrame.new(-0.000000, 0.015315, -0.000003, 0.933975, -0.265930, -0.238705, 0.259643, 0.963961, -0.058009, 0.245513, -0.007803, 0.969358),

              ["LeftHand"] = CFrame.new(0.000484, 0.024305, 0.000000, 0.999091, -0.039378, 0.016341, 0.027444, 0.887329, 0.460324, -0.032626, -0.459453, 0.887601),

              ["LeftLowerArm"] = CFrame.new(-0.000499, 0.117115, 0.076240, 1.000000, -0.000000, -0.000000, 0.000000, 0.212487, -0.977164, 0.000000, 0.977164, 0.212487),

              ["LeftLowerLeg"] = CFrame.new(-0.000000, 0.075382, -0.020411, 1.000000, -0.000000, -0.000000, 0.000000, 0.791008, 0.611806, -0.000000, -0.611806, 0.791008),

              ["LeftUpperArm"] = CFrame.new(0.249018, 0.172803, -0.317566, 0.743814, 0.621800, -0.245163, 0.099567, -0.465786, -0.879278, -0.660929, 0.629610, -0.408369),

              ["LeftUpperLeg"] = CFrame.new(-0.000000, 0.000000, -0.000100, 0.787213, 0.373275, -0.490872, -0.534806, 0.809564, -0.242031, 0.307047, 0.453069, 0.836938),

              ["LowerTorso"] = CFrame.new(0.096651, 0.053154, 0.057830, 0.966058, -0.256480, -0.030828, 0.258326, 0.959249, 0.114492, 0.000207, -0.118570, 0.992946),

              ["RightFoot"] = CFrame.new(-0.000000, -0.019936, -0.000103, 0.972883, 0.176933, 0.148980, -0.217177, 0.920378, 0.325203, -0.079576, -0.348710, 0.933835),

              ["RightHand"] = CFrame.new(-0.000483, 0.025266, 0.000000, 0.965095, 0.230363, -0.124601, -0.168252, 0.909932, 0.379100, 0.200708, -0.344900, 0.916928),

              ["RightLowerArm"] = CFrame.new(-0.000001, 0.119880, 0.092636, 1.000000, 0.000000, -0.000000, 0.000000, 0.042236, -0.999108, -0.000000, 0.999108, 0.042236),

              ["RightLowerLeg"] = CFrame.new(0.000000, -0.019866, -0.000260, 1.000000, 0.000000, 0.000000, -0.000000, 1.000000, -0.000007, 0.000000, -0.000011, 1.000000),

              ["RightUpperArm"] = CFrame.new(-0.060452, 0.239024, -0.407949, 0.382404, -0.871091, 0.308169, -0.286685, -0.428913, -0.856648, 0.878396, 0.239238, -0.413746),

              ["RightUpperLeg"] = CFrame.new(-0.000000, 0.000000, -0.000000, 0.932510, 0.044475, 0.358396, 0.012972, 0.987622, -0.156305, -0.360912, 0.150412, 0.920392),

              ["UpperTorso"] = CFrame.new(0.007373, 0.007281, -0.022206, 0.972386, 0.232719, -0.017544, -0.231924, 0.955201, -0.183853, -0.026028, 0.182845, 0.982797)

          }},

          {Time = 0.261, Data = {

              ["Head"] = CFrame.new(-0.000000, -0.000000, 0.000000, 0.999926, 0.012109, 0.001139, -0.012144, 0.999169, 0.038903, -0.000667, -0.038914, 0.999242),

              ["LeftFoot"] = CFrame.new(-0.000000, 0.013286, -0.000003, 0.925454, -0.279304, -0.255991, 0.292394, 0.956199, 0.013779, 0.240915, -0.087600, 0.966581),

              ["LeftHand"] = CFrame.new(0.000497, 0.005008, -0.000000, 0.981730, -0.168136, 0.089087, 0.164057, 0.985114, 0.051336, -0.096392, -0.035782, 0.994700),

              ["LeftLowerArm"] = CFrame.new(-0.000500, 0.027277, 0.002550, 1.000000, -0.000000, -0.000000, 0.000000, 0.973931, -0.226844, 0.000000, 0.226843, 0.973931),

              ["LeftLowerLeg"] = CFrame.new(-0.000000, 0.066923, -0.015732, 1.000000, -0.000000, -0.000000, 0.000000, 0.838986, 0.544150, -0.000000, -0.544154, 0.838988),

              ["LeftUpperArm"] = CFrame.new(0.342913, 0.179356, -0.142137, 0.950934, 0.063630, -0.302779, 0.039317, -0.995542, -0.085734, -0.306885, 0.069623, -0.949197),

              ["LeftUpperLeg"] = CFrame.new(-0.000000, -0.000000, -0.000100, 0.751953, 0.471177, -0.461033, -0.591980, 0.790357, -0.157767, 0.290044, 0.391573, 0.873246),

              ["LowerTorso"] = CFrame.new(0.120387, 0.123899, 0.082002, 0.946129, -0.321695, -0.036771, 0.323630, 0.943108, 0.076229, 0.010156, -0.084022, 0.996412),

              ["RightFoot"] = CFrame.new(0.000000, -0.062384, -0.000103, 0.975890, 0.166964, 0.140586, -0.208639, 0.902764, 0.376178, -0.064106, -0.396409, 0.915820),

              ["RightHand"] = CFrame.new(-0.000493, 0.010148, 0.000000, 0.973019, 0.205162, -0.105558, -0.203402, 0.978715, 0.027289, 0.108910, -0.005081, 0.994039),

              ["RightLowerArm"] = CFrame.new(0.000001, 0.062890, 0.015349, 1.000000, 0.000000, 0.000000, -0.000000, 0.843659, -0.536880, -0.000000, 0.536880, 0.843659),

              ["RightLowerLeg"] = CFrame.new(0.000000, -0.062167, -0.000820, 1.000000, -0.000000, -0.000000, 0.000000, 1.000000, -0.000008, 0.000000, -0.000011, 1.000000),

              ["RightUpperArm"] = CFrame.new(-0.357009, 0.171603, -0.069294, 0.976564, -0.133117, 0.169124, -0.084042, -0.959256, -0.269749, 0.198142, 0.249213, -0.947963),

              ["RightUpperLeg"] = CFrame.new(-0.000000, -0.000000, -0.000000, 0.923027, 0.130473, 0.361936, -0.073391, 0.983178, -0.167253, -0.377670, 0.127823, 0.917076),

              ["UpperTorso"] = CFrame.new(0.010788, 0.009438, -0.030452, 0.955491, 0.293712, -0.027755, -0.293449, 0.936485, -0.192051, -0.030415, 0.191648, 0.980992)

          }},

          {Time = 0.304, Data = {

              ["Head"] = CFrame.new(0.000000, 0.000000, -0.000000, 0.999879, 0.015468, 0.001819, -0.015539, 0.998642, 0.049733, -0.001047, -0.049755, 0.998761),

              ["LeftFoot"] = CFrame.new(-0.000000, 0.012032, -0.000003, 0.938618, -0.249392, -0.238344, 0.261393, 0.965033, 0.019624, 0.225101, -0.080719, 0.970983),

              ["LeftHand"] = CFrame.new(0.000494, 0.008384, 0.000000, 0.986828, -0.144611, 0.072520, 0.129147, 0.974177, 0.185205, -0.097429, -0.173398, 0.980020),

              ["LeftLowerArm"] = CFrame.new(-0.000500, 0.050210, 0.009384, 1.000000, -0.000000, -0.000000, 0.000000, 0.904472, -0.426534, 0.000000, 0.426534, 0.904472),

              ["LeftLowerLeg"] = CFrame.new(-0.000000, 0.060136, -0.012339, 1.000000, -0.000000, -0.000000, 0.000000, 0.873580, 0.486675, -0.000000, -0.486681, 0.873583),

              ["LeftUpperArm"] = CFrame.new(0.345861, 0.170237, -0.133634, 0.956831, 0.049621, -0.286377, 0.021077, -0.994571, -0.101907, -0.289879, 0.091471, -0.952682),

              ["LeftUpperLeg"] = CFrame.new(-0.000000, -0.000001, -0.000100, 0.828072, 0.375026, -0.416711, -0.488178, 0.847822, -0.207057, 0.275644, 0.374903, 0.885144),

              ["LowerTorso"] = CFrame.new(0.077857, 0.091635, 0.090688, 0.972349, -0.231682, -0.029354, 0.233344, 0.968923, 0.082091, 0.009423, -0.086670, 0.996193),

              ["RightFoot"] = CFrame.new(0.000000, -0.027822, -0.000103, 0.969809, 0.186546, 0.157074, -0.232927, 0.899319, 0.370126, -0.072212, -0.395507, 0.915606),

              ["RightHand"] = CFrame.new(-0.000506, -0.009900, 0.000000, 0.973558, 0.204967, -0.100867, -0.226727, 0.920944, -0.316951, 0.027929, 0.331438, 0.943063),

              ["RightLowerArm"] = CFrame.new(-0.000000, -0.009887, 0.000054, 1.000000, 0.000000, 0.000000, -0.000000, 1.000000, -0.000001, -0.000000, -0.000000, 1.000000),

              ["RightLowerLeg"] = CFrame.new(0.000000, -0.027725, -0.000364, 1.000000, -0.000000, 0.000000, -0.000000, 1.000000, -0.000007, -0.000000, -0.000011, 1.000000),

              ["RightUpperArm"] = CFrame.new(-0.358370, 0.186940, -0.055520, 0.979280, -0.091167, 0.180831, -0.115320, -0.985062, 0.127882, 0.166471, -0.146085, -0.975165),

              ["RightUpperLeg"] = CFrame.new(-0.000000, -0.000001, -0.000000, 0.932500, 0.012529, 0.360952, 0.038581, 0.990224, -0.134039, -0.359102, 0.138925, 0.922902),

              ["UpperTorso"] = CFrame.new(0.013218, 0.013573, -0.039260, 0.980364, 0.196847, -0.011774, -0.196005, 0.966130, -0.167855, -0.021666, 0.166867, 0.985741)

          }},

          {Time = 0.348, Data = {

              ["Head"] = CFrame.new(-0.000000, 0.000000, 0.000000, 0.999818, 0.018875, 0.002715, -0.019005, 0.997972, 0.060749, -0.001563, -0.060790, 0.998149),

              ["LeftFoot"] = CFrame.new(-0.000000, 0.006233, -0.000003, 0.961612, -0.190319, -0.197702, 0.207441, 0.975765, 0.069662, 0.179642, -0.107988, 0.977784),

              ["LeftHand"] = CFrame.new(0.000494, 0.009059, -0.000000, 0.991520, -0.118249, 0.053895, 0.102309, 0.966028, 0.237327, -0.080127, -0.229798, 0.969934),

              ["LeftLowerArm"] = CFrame.new(-0.000500, 0.054829, 0.011372, 1.000000, -0.000000, -0.000000, 0.000000, 0.884224, -0.467063, 0.000000, 0.467062, 0.884224),

              ["LeftLowerLeg"] = CFrame.new(0.000000, 0.028345, -0.002291, 1.000000, -0.000000, 0.000000, 0.000000, 0.975570, 0.219675, 0.000000, -0.219690, 0.975573),

              ["LeftUpperArm"] = CFrame.new(0.348214, 0.157584, -0.126018, 0.961536, 0.007183, -0.274585, -0.004228, -0.999153, -0.040945, -0.274647, 0.040531, -0.960691),

              ["LeftUpperLeg"] = CFrame.new(-0.000000, -0.000000, -0.000100, 0.928878, 0.168440, -0.329869, -0.240079, 0.951993, -0.189914, 0.282044, 0.255613, 0.924726),

              ["LowerTorso"] = CFrame.new(-0.015171, 0.036343, 0.099933, 0.999513, -0.028465, -0.012822, 0.029542, 0.995170, 0.093614, 0.010096, -0.093947, 0.995526),

              ["RightFoot"] = CFrame.new(0.000000, 0.008888, -0.000103, 0.950436, 0.237841, 0.200267, -0.277001, 0.940262, 0.197949, -0.141215, -0.243596, 0.959536),

              ["RightHand"] = CFrame.new(-0.000514, -0.020490, 0.000000, 0.973148, 0.208322, -0.097904, -0.230162, 0.886115, -0.402277, 0.002951, 0.414007, 0.910268),

              ["RightLowerArm"] = CFrame.new(-0.000001, -0.020464, 0.000112, 1.000000, 0.000000, 0.000000, -0.000000, 1.000000, -0.000001, -0.000000, -0.000000, 1.000000),

              ["RightLowerLeg"] = CFrame.new(-0.000000, 0.041340, -0.005492, 1.000000, 0.000000, -0.000000, -0.000000, 0.944163, 0.329467, 0.000000, -0.329479, 0.944167),

              ["RightUpperArm"] = CFrame.new(-0.358545, 0.200401, -0.048127, 0.979612, -0.113317, 0.165893, -0.144141, -0.971638, 0.187464, 0.139945, -0.207554, -0.968162),

              ["RightUpperLeg"] = CFrame.new(0.000000, -0.000000, -0.000000, 0.903516, -0.192151, 0.383061, 0.294341, 0.927909, -0.228782, -0.311484, 0.319472, 0.894943),

              ["UpperTorso"] = CFrame.new(0.013492, 0.020194, -0.048277, 0.999868, -0.015194, 0.005768, 0.015880, 0.988891, -0.147792, -0.003458, 0.147865, 0.989002)

          }},

          {Time = 0.391, Data = {

              ["Head"] = CFrame.new(-0.000000, 0.000000, -0.000000, 0.999746, 0.022203, 0.003845, -0.022421, 0.997185, 0.071556, -0.002245, -0.071624, 0.997429),

              ["LeftFoot"] = CFrame.new(0.000000, -0.032908, -0.000003, 0.975763, -0.141691, -0.166771, 0.155738, 0.984998, 0.074353, 0.153726, -0.098506, 0.983188),

              ["LeftHand"] = CFrame.new(0.000495, 0.007655, -0.000000, 0.994797, -0.095022, 0.036750, 0.085734, 0.975647, 0.201902, -0.055040, -0.197698, 0.978716),

              ["LeftLowerArm"] = CFrame.new(-0.000500, 0.045181, 0.007467, 1.000000, -0.000000, -0.000000, 0.000000, 0.923970, -0.382465, 0.000000, 0.382465, 0.923970),

              ["LeftLowerLeg"] = CFrame.new(0.000000, -0.032394, -0.000328, 1.000000, 0.000000, -0.000000, 0.000000, 1.000000, -0.000007, 0.000000, -0.000011, 1.000000),

              ["LeftUpperArm"] = CFrame.new(0.349605, 0.146110, -0.120366, 0.964319, -0.038930, -0.261864, -0.027175, -0.998460, 0.048364, -0.263344, -0.039522, -0.963892),

              ["LeftUpperLeg"] = CFrame.new(0.000000, -0.000000, -0.000100, 0.953801, -0.056304, -0.295118, 0.005843, 0.985573, -0.169144, 0.300384, 0.159613, 0.940370),

              ["LowerTorso"] = CFrame.new(-0.108787, -0.002346, 0.110006, 0.984792, 0.173694, 0.003797, -0.173147, 0.979426, 0.103656, 0.014285, -0.102737, 0.994606),

              ["RightFoot"] = CFrame.new(0.000000, 0.014641, -0.000103, 0.918236, 0.302950, 0.255091, -0.321456, 0.946341, 0.033237, -0.231319, -0.112517, 0.966346),

              ["RightHand"] = CFrame.new(-0.000512, -0.018315, 0.000000, 0.972998, 0.210814, -0.093985, -0.230042, 0.852402, -0.469567, -0.018878, 0.478505, 0.877880),

              ["RightLowerArm"] = CFrame.new(-0.000000, -0.018292, 0.000099, 1.000000, 0.000000, 0.000000, -0.000000, 1.000000, -0.000001, -0.000000, -0.000000, 1.000000),

              ["RightLowerLeg"] = CFrame.new(-0.000000, 0.072022, -0.018744, 1.000000, 0.000000, 0.000000, -0.000000, 0.809186, 0.587551, 0.000000, -0.587552, 0.809187),

              ["RightUpperArm"] = CFrame.new(-0.358619, 0.207158, -0.047050, 0.979716, -0.128235, 0.153987, -0.160961, -0.961313, 0.223537, 0.119365, -0.243788, -0.962455),

              ["RightUpperLeg"] = CFrame.new(0.000000, -0.000000, -0.000000, 0.797396, -0.393450, 0.457550, 0.548425, 0.788831, -0.277427, -0.251775, 0.472168, 0.844797),

              ["UpperTorso"] = CFrame.new(0.011887, 0.027576, -0.057348, 0.975375, -0.219914, 0.016766, 0.220059, 0.965299, -0.140614, 0.014739, 0.140841, 0.989923)

          }},

          {Time = 0.435, Data = {

              ["Head"] = CFrame.new(0.000000, -0.000000, 0.000000, 0.999666, 0.025327, 0.005221, -0.025670, 0.996321, 0.081760, -0.003131, -0.081867, 0.996638),

              ["LeftFoot"] = CFrame.new(0.000000, -0.059243, -0.000003, 0.979057, -0.123429, -0.161916, 0.129681, 0.991144, 0.028595, 0.156943, -0.048980, 0.986390),

              ["LeftHand"] = CFrame.new(0.000495, 0.007131, -0.000000, 0.996189, -0.083250, 0.026030, 0.077077, 0.979885, 0.184081, -0.040830, -0.181370, 0.982566),

              ["LeftLowerArm"] = CFrame.new(-0.000500, 0.041570, 0.006243, 1.000000, -0.000000, -0.000000, 0.000000, 0.936422, -0.350875, 0.000000, 0.350875, 0.936422),

              ["LeftLowerLeg"] = CFrame.new(-0.000000, -0.058638, -0.000676, 1.000000, 0.000000, 0.000000, -0.000000, 1.000000, -0.000007, -0.000000, -0.000011, 1.000000),

              ["LeftUpperArm"] = CFrame.new(0.350326, 0.142530, -0.117270, 0.965761, -0.053206, -0.253918, -0.034334, -0.996347, 0.078185, -0.257151, -0.066790, -0.964061),

              ["LeftUpperLeg"] = CFrame.new(0.000000, -0.000000, -0.000100, 0.946409, -0.164468, -0.277959, 0.107700, 0.972079, -0.208471, 0.304485, 0.167370, 0.937699),

              ["LowerTorso"] = CFrame.new(-0.152281, -0.017118, 0.119969, 0.965976, 0.258405, 0.010872, -0.258044, 0.960087, 0.107913, 0.017447, -0.107047, 0.994101),

              ["RightFoot"] = CFrame.new(-0.000000, 0.016947, -0.000103, 0.897775, 0.336930, 0.283702, -0.347471, 0.937587, -0.013929, -0.270672, -0.086072, 0.958811),

              ["RightHand"] = CFrame.new(-0.000502, -0.003079, -0.000000, 0.974489, 0.207291, -0.086035, -0.221115, 0.821032, -0.526325, -0.038464, 0.531919, 0.845919),

              ["RightLowerArm"] = CFrame.new(0.000000, -0.003074, 0.000016, 1.000000, 0.000000, 0.000000, -0.000000, 1.000000, -0.000001, -0.000000, -0.000000, 1.000000),

              ["RightLowerLeg"] = CFrame.new(0.000000, 0.079670, -0.023082, 1.000000, 0.000000, 0.000000, -0.000000, 0.764449, 0.644686, 0.000000, -0.644685, 0.764448),

              ["RightUpperArm"] = CFrame.new(-0.359473, 0.204294, -0.052680, 0.981351, -0.128543, 0.142925, -0.160064, -0.958162, 0.237287, 0.106444, -0.255738, -0.960868),

              ["RightUpperLeg"] = CFrame.new(0.000000, -0.000000, -0.000000, 0.724611, -0.482404, 0.492155, 0.652923, 0.709074, -0.266266, -0.220525, 0.514296, 0.828786),

              ["UpperTorso"] = CFrame.new(0.011527, 0.033772, -0.066421, 0.953786, -0.299789, 0.020451, 0.299623, 0.943687, -0.140289, 0.022758, 0.139933, 0.989900)

          }},

          {Time = 0.478, Data = {

              ["Head"] = CFrame.new(-0.000000, -0.000000, 0.000000, 0.999581, 0.028123, 0.006851, -0.028630, 0.995442, 0.090968, -0.004261, -0.091126, 0.995830),

              ["LeftFoot"] = CFrame.new(0.000000, -0.063170, -0.000003, 0.974980, -0.131283, -0.179395, 0.140614, 0.989246, 0.040277, 0.172167, -0.064480, 0.982952),

              ["LeftHand"] = CFrame.new(0.000493, 0.010974, -0.000000, 0.996819, -0.077495, 0.018600, 0.070157, 0.963996, 0.256496, -0.037807, -0.254373, 0.966366),

              ["LeftLowerArm"] = CFrame.new(-0.000499, 0.066347, 0.017256, 1.000000, -0.000000, -0.000000, 0.000000, 0.824125, -0.566408, 0.000000, 0.566409, 0.824125),

              ["LeftLowerLeg"] = CFrame.new(-0.000000, -0.062552, -0.000728, 1.000000, -0.000000, 0.000000, 0.000000, 1.000000, -0.000007, -0.000000, -0.000011, 1.000000),

              ["LeftUpperArm"] = CFrame.new(0.350845, 0.141409, -0.115148, 0.966799, -0.005112, -0.255487, -0.036576, -0.992274, -0.118555, -0.252907, 0.123964, -0.959516),

              ["LeftUpperLeg"] = CFrame.new(0.000000, -0.000000, -0.000100, 0.954046, -0.128004, -0.270944, 0.075214, 0.977519, -0.196970, 0.290066, 0.167547, 0.942227),

              ["LowerTorso"] = CFrame.new(-0.139329, 0.003765, 0.145143, 0.973997, 0.226230, 0.012221, -0.226378, 0.969638, 0.092490, 0.009074, -0.092851, 0.995639),

              ["RightFoot"] = CFrame.new(0.000000, 0.014815, -0.000103, 0.904786, 0.325772, 0.274307, -0.348048, 0.936806, 0.035450, -0.245409, -0.127543, 0.960989),

              ["RightHand"] = CFrame.new(-0.000495, 0.007164, -0.000000, 0.979787, 0.188046, -0.068246, -0.197999, 0.862896, -0.464984, -0.028549, 0.469095, 0.882685),

              ["RightLowerArm"] = CFrame.new(0.000000, 0.042579, 0.006539, 1.000000, 0.000000, 0.000000, -0.000000, 0.933408, -0.358817, -0.000000, 0.358817, 0.933408),

              ["RightLowerLeg"] = CFrame.new(-0.000000, 0.072656, -0.019090, 1.000000, 0.000000, 0.000000, -0.000000, 0.805624, 0.592427, 0.000000, -0.592428, 0.805624),

              ["RightUpperArm"] = CFrame.new(-0.361777, 0.185059, -0.068056, 0.985846, -0.130342, 0.105448, -0.128070, -0.991368, -0.028062, 0.108196, 0.014160, -0.994029),

              ["RightUpperLeg"] = CFrame.new(0.000000, -0.000000, -0.000000, 0.754708, -0.457761, 0.469961, 0.613006, 0.747265, -0.256535, -0.233752, 0.481714, 0.844586),

              ["UpperTorso"] = CFrame.new(0.014461, 0.039638, -0.074676, 0.966472, -0.256210, 0.016992, 0.255630, 0.953828, -0.157691, 0.024195, 0.156747, 0.987342)

          }},

          {Time = 0.522, Data = {

              ["Head"] = CFrame.new(0.000000, 0.000000, -0.000000, 0.999498, 0.030467, 0.008740, -0.031182, 0.994619, 0.098792, -0.005683, -0.099015, 0.995070),

              ["LeftFoot"] = CFrame.new(-0.000000, -0.070280, -0.000003, 0.966458, -0.151399, -0.207465, 0.165919, 0.984640, 0.054380, 0.196034, -0.086962, 0.976730),

              ["LeftHand"] = CFrame.new(0.000488, 0.018338, -0.000000, 0.996883, -0.077571, 0.014359, 0.069961, 0.953408, 0.293462, -0.036454, -0.291540, 0.955863),

              ["LeftLowerArm"] = CFrame.new(-0.000500, 0.092135, 0.034626, 1.000000, -0.000000, -0.000000, 0.000000, 0.644360, -0.764722, 0.000000, 0.764722, 0.644360),

              ["LeftLowerLeg"] = CFrame.new(-0.000000, -0.069637, -0.000822, 1.000000, 0.000000, -0.000000, 0.000000, 1.000000, -0.000007, -0.000000, -0.000011, 1.000000),

              ["LeftUpperArm"] = CFrame.new(0.351338, 0.142395, -0.113391, 0.967784, 0.068189, -0.242372, -0.034606, -0.917469, -0.396301, -0.249392, 0.391921, -0.885552),

              ["LeftUpperLeg"] = CFrame.new(0.000000, -0.000000, -0.000100, 0.964646, -0.042275, -0.260137, -0.005544, 0.983577, -0.180396, 0.263491, 0.175467, 0.948571),

              ["LowerTorso"] = CFrame.new(-0.100816, 0.045135, 0.186921, 0.987575, 0.156598, 0.013130, -0.157144, 0.984646, 0.076007, -0.001026, -0.077126, 0.997021),

              ["RightFoot"] = CFrame.new(-0.000000, 0.011657, -0.000103, 0.920368, 0.299139, 0.251882, -0.341250, 0.928921, 0.143727, -0.190972, -0.218225, 0.957026),

              ["RightHand"] = CFrame.new(-0.000492, 0.012014, -0.000000, 0.987586, 0.151956, -0.039803, -0.152712, 0.869428, -0.469870, -0.036793, 0.470112, 0.881838),

              ["RightLowerArm"] = CFrame.new(-0.000000, 0.071510, 0.020167, 1.000000, 0.000000, 0.000000, -0.000000, 0.794249, -0.607592, -0.000000, 0.607593, 0.794249),

              ["RightLowerLeg"] = CFrame.new(-0.000000, 0.056763, -0.011019, 1.000000, 0.000000, -0.000000, -0.000000, 0.888026, 0.459786, 0.000000, -0.459792, 0.888030),

              ["RightUpperArm"] = CFrame.new(-0.364111, 0.150778, -0.090847, 0.990351, -0.103616, 0.092019, -0.067742, -0.941263, -0.330811, 0.120892, 0.321386, -0.939200),

              ["RightUpperLeg"] = CFrame.new(0.000000, -0.000000, -0.000000, 0.812423, -0.397303, 0.426748, 0.523379, 0.819504, -0.233409, -0.256987, 0.412994, 0.873731),

              ["UpperTorso"] = CFrame.new(0.019202, 0.046864, -0.081060, 0.985265, -0.170696, 0.010802, 0.169362, 0.964846, -0.200969, 0.023882, 0.199837, 0.979538)

          }},

          {Time = 0.565, Data = {

              ["Head"] = CFrame.new(0.000000, -0.000000, 0.000000, 0.999421, 0.032240, 0.010889, -0.033206, 0.993934, 0.104844, -0.007443, -0.105145, 0.994429),

              ["LeftFoot"] = CFrame.new(0.000000, -0.062219, -0.000003, 0.953503, -0.179395, -0.242191, 0.199420, 0.978036, 0.060669, 0.225975, -0.106128, 0.968330),

              ["LeftHand"] = CFrame.new(0.000486, 0.020656, 0.000000, 0.994945, -0.098010, 0.021870, 0.086946, 0.949737, 0.300735, -0.050246, -0.297310, 0.953457),

              ["LeftLowerArm"] = CFrame.new(-0.000500, 0.101566, 0.044838, 1.000000, -0.000000, -0.000000, 0.000000, 0.538421, -0.842676, 0.000000, 0.842676, 0.538422),

              ["LeftLowerLeg"] = CFrame.new(-0.000000, -0.061603, -0.000715, 1.000000, 0.000000, 0.000000, -0.000000, 1.000000, -0.000007, 0.000000, -0.000010, 1.000000),

              ["LeftUpperArm"] = CFrame.new(0.350909, 0.157912, -0.116208, 0.966928, 0.133810, -0.217131, -0.003570, -0.844141, -0.536110, -0.255026, 0.519154, -0.815745),

              ["LeftUpperLeg"] = CFrame.new(0.000000, -0.000000, -0.000100, 0.968940, 0.078414, -0.234533, -0.126712, 0.971863, -0.198552, 0.212365, 0.222110, 0.951615),

              ["LowerTorso"] = CFrame.new(-0.046977, 0.064788, 0.226024, 0.997939, 0.063983, 0.004907, -0.064147, 0.992544, 0.103639, 0.001761, -0.103740, 0.994603),

              ["RightFoot"] = CFrame.new(0.000000, 0.008573, -0.000103, 0.935129, 0.271031, 0.228213, -0.326027, 0.910395, 0.254749, -0.138712, -0.312606, 0.939692),

              ["RightHand"] = CFrame.new(-0.000490, 0.014850, -0.000000, 0.993498, 0.113456, -0.009418, -0.102957, 0.860092, -0.499644, -0.048587, 0.497362, 0.866180),

              ["RightLowerArm"] = CFrame.new(0.000000, 0.080210, 0.025247, 1.000000, 0.000000, 0.000000, -0.000000, 0.741587, -0.670857, -0.000000, 0.670857, 0.741587),

              ["RightLowerLeg"] = CFrame.new(-0.000000, 0.039602, -0.005002, 1.000000, 0.000000, -0.000000, -0.000000, 0.949127, 0.314880, 0.000000, -0.314892, 0.949132),

              ["RightUpperArm"] = CFrame.new(-0.364684, 0.114584, -0.114143, 0.991282, -0.063182, 0.115621, -0.005462, -0.896477, -0.443058, 0.131646, 0.438563, -0.889006),

              ["RightUpperLeg"] = CFrame.new(0.000000, -0.000000, -0.000000, 0.866236, -0.301258, 0.398594, 0.419351, 0.872083, -0.252210, -0.271626, 0.385636, 0.881767),

              ["UpperTorso"] = CFrame.new(0.025416, 0.054625, -0.085461, 0.998155, -0.060658, 0.002798, 0.059314, 0.964095, -0.258850, 0.013004, 0.258539, 0.965913)

          }},

          {Time = 0.609, Data = {

              ["Head"] = CFrame.new(-0.000000, -0.000000, 0.000000, 0.999356, 0.033325, 0.013302, -0.034576, 0.993469, 0.108738, -0.009591, -0.109128, 0.993981),

              ["LeftFoot"] = CFrame.new(-0.000000, -0.020505, -0.000003, 0.936315, -0.211614, -0.280250, 0.252441, 0.960363, 0.118250, 0.244106, -0.181444, 0.952616),

              ["LeftHand"] = CFrame.new(0.000493, 0.011552, 0.000000, 0.985283, -0.161889, 0.054850, 0.142310, 0.954686, 0.261387, -0.094680, -0.249732, 0.963674),

              ["LeftLowerArm"] = CFrame.new(-0.000500, 0.069005, 0.018759, 1.000000, -0.000000, -0.000000, 0.000000, 0.808718, -0.588197, 0.000000, 0.588197, 0.808718),

              ["LeftLowerLeg"] = CFrame.new(0.000000, -0.020034, -0.000165, 1.000000, 0.000000, -0.000000, -0.000000, 1.000000, -0.000007, 0.000000, -0.000010, 1.000000),

              ["LeftUpperArm"] = CFrame.new(0.345756, 0.202238, -0.128014, 0.956620, 0.139662, -0.255681, 0.085081, -0.973273, -0.213311, -0.278639, 0.182304, -0.942935),

              ["LeftUpperLeg"] = CFrame.new(0.000000, 0.000000, -0.000100, 0.950443, 0.219094, -0.220581, -0.276332, 0.920456, -0.276403, 0.142477, 0.323665, 0.935385),

              ["LowerTorso"] = CFrame.new(0.011235, 0.045304, 0.259227, 0.999246, -0.035017, -0.016749, 0.037585, 0.980670, 0.192024, 0.009701, -0.192508, 0.981247),

              ["RightFoot"] = CFrame.new(0.000000, 0.003814, -0.000103, 0.945416, 0.249273, 0.209892, -0.306345, 0.899458, 0.311682, -0.111090, -0.358942, 0.926714),

              ["RightHand"] = CFrame.new(-0.000493, 0.010447, -0.000000, 0.994561, 0.104091, 0.003755, -0.093575, 0.908758, -0.406701, -0.045746, 0.404134, 0.913554),

              ["RightLowerArm"] = CFrame.new(0.000000, 0.064469, 0.016192, 1.000000, 0.000000, 0.000000, -0.000000, 0.835037, -0.550194, -0.000000, 0.550194, 0.835037),

              ["RightLowerLeg"] = CFrame.new(0.000000, 0.015385, -0.000654, 1.000000, 0.000000, -0.000000, -0.000000, 0.993169, 0.116664, 0.000000, -0.116681, 0.993171),

              ["RightUpperArm"] = CFrame.new(-0.364798, 0.098319, -0.132895, 0.991231, -0.006656, 0.131975, 0.014964, -0.986652, -0.162152, 0.131293, 0.162704, -0.977901),

              ["RightUpperLeg"] = CFrame.new(0.000000, -0.000000, 0.000000, 0.904694, -0.202853, 0.374673, 0.325113, 0.897045, -0.299342, -0.275375, 0.392633, 0.877505),

              ["UpperTorso"] = CFrame.new(0.032450, 0.061910, -0.088090, 0.998497, 0.054466, -0.006081, -0.053541, 0.945770, -0.320393, -0.011700, 0.320238, 0.947265)

          }},

          {Time = 0.652, Data = {

              ["Head"] = CFrame.new(0.000000, -0.000000, 0.000000, 0.999307, 0.033608, 0.015981, -0.035166, 0.993299, 0.110090, -0.012174, -0.110576, 0.993793),

              ["LeftFoot"] = CFrame.new(-0.000000, 0.009593, -0.000003, 0.915945, -0.244326, -0.318370, 0.279884, 0.957447, 0.070450, 0.287593, -0.153624, 0.945345),

              ["LeftHand"] = CFrame.new(0.000519, -0.028998, 0.000000, 0.975810, -0.205115, 0.075652, 0.201063, 0.977869, 0.057846, -0.085842, -0.041235, 0.995455),

              ["LeftLowerArm"] = CFrame.new(-0.000499, -0.029163, 0.000158, 1.000000, 0.000000, -0.000000, 0.000000, 1.000000, -0.000001, 0.000000, -0.000000, 1.000000),

              ["LeftLowerLeg"] = CFrame.new(0.000000, 0.046568, -0.006955, 1.000000, -0.000000, -0.000000, 0.000000, 0.928308, 0.371803, -0.000000, -0.371813, 0.928312),

              ["LeftUpperArm"] = CFrame.new(0.340429, 0.232800, -0.133411, 0.945966, 0.071441, -0.316297, 0.146203, -0.964622, 0.219383, -0.289434, -0.253772, -0.922945),

