return {
["stop"] = {

          {Time = 0.000, Data = {

              ["Head"] = CFrame.new(-0.000000, 0.000000, -0.000000, 0.891566, 0.000697, -0.452890, -0.000798, 1.000000, -0.000032, 0.452890, 0.000390, 0.891567),

              ["LeftFoot"] = CFrame.new(-0.000000, -0.000510, -0.000003, 0.994595, -0.079425, -0.066878, 0.082404, 0.995671, 0.043025, 0.063168, -0.048290, 0.996833),

              ["LeftHand"] = CFrame.new(0.000498, 0.003352, 0.000000, 0.955024, -0.256425, 0.148913, 0.261952, 0.964905, -0.018431, -0.138959, 0.056610, 0.988679),

              ["LeftLowerArm"] = CFrame.new(-0.000500, 0.016961, 0.000941, 1.000000, 0.000000, -0.000000, 0.000000, 0.990282, -0.139074, 0.000000, 0.139073, 0.990282),

              ["LeftLowerLeg"] = CFrame.new(-0.000000, -0.000108, 0.000099, 1.000000, 0.000000, 0.000000, 0.000000, 1.000000, -0.000007, -0.000000, -0.000011, 1.000000),

              ["LeftUpperArm"] = CFrame.new(0.134451, -0.140618, -0.206470, 0.890957, 0.351978, 0.286892, -0.404038, 0.902837, 0.147100, -0.207241, -0.246975, 0.946602),

              ["LeftUpperLeg"] = CFrame.new(-0.000000, 0.000000, -0.000100, 0.992297, 0.088258, -0.086927, -0.092890, 0.994382, -0.050752, 0.081959, 0.058444, 0.994921),

              ["LowerTorso"] = CFrame.new(0.005461, 0.000038, 0.000642, 0.988716, -0.013653, 0.149181, 0.013261, 0.999906, 0.003624, -0.149216, -0.001605, 0.988803),

              ["RightFoot"] = CFrame.new(-0.000000, -0.006088, -0.000103, 0.995517, 0.072350, 0.060921, -0.069861, 0.996670, -0.042055, -0.063758, 0.037618, 0.997256),

              ["RightHand"] = CFrame.new(-0.000486, 0.020770, -0.000000, 0.925867, 0.326374, -0.190396, -0.377578, 0.780091, -0.498894, -0.014300, 0.533796, 0.845490),

              ["RightLowerArm"] = CFrame.new(0.000000, 0.102393, 0.045719, 1.000000, 0.000000, 0.000000, -0.000000, 0.529249, -0.848466, -0.000000, 0.848467, 0.529249),

              ["RightLowerLeg"] = CFrame.new(-0.000000, -0.006067, -0.000077, 1.000000, -0.000000, 0.000000, -0.000000, 1.000000, -0.000008, -0.000000, -0.000011, 1.000000),

              ["RightUpperArm"] = CFrame.new(-0.185362, -0.378439, 0.192835, 0.746092, -0.413923, 0.521549, 0.613608, 0.731544, -0.297201, -0.258517, 0.541767, 0.799786),

              ["RightUpperLeg"] = CFrame.new(0.000000, 0.000000, -0.000000, 0.976153, -0.049580, -0.211347, 0.058654, 0.997597, 0.036883, 0.209011, -0.048392, 0.976715),

              ["UpperTorso"] = CFrame.new(0.000000, 0.000000, 0.000000, 0.949149, 0.010986, 0.314635, -0.006226, 0.999851, -0.016130, -0.314765, 0.013351, 0.949076)

          }},

          {Time = 0.017, Data = {

              ["Head"] = CFrame.new(0.000000, 0.000000, -0.000000, 0.891397, 0.000679, -0.453222, -0.000776, 1.000000, -0.000028, 0.453222, 0.000377, 0.891398),

              ["LeftFoot"] = CFrame.new(-0.000000, -0.000414, -0.000003, 0.994574, -0.079578, -0.067006, 0.082559, 0.995660, 0.042961, 0.063294, -0.048246, 0.996827),

              ["LeftHand"] = CFrame.new(0.000498, 0.003522, -0.000000, 0.956430, -0.252483, 0.146611, 0.257304, 0.966220, -0.014589, -0.137974, 0.051677, 0.989087),

              ["LeftLowerArm"] = CFrame.new(-0.000500, 0.017975, 0.001063, 1.000000, -0.000000, -0.000000, 0.000000, 0.989045, -0.147613, 0.000000, 0.147612, 0.989045),

              ["LeftLowerLeg"] = CFrame.new(0.000000, -0.000014, 0.000101, 1.000000, -0.000000, -0.000000, 0.000000, 1.000000, -0.000008, -0.000000, -0.000011, 1.000000),

              ["LeftUpperArm"] = CFrame.new(0.134796, -0.140655, -0.204898, 0.891649, 0.352159, 0.284512, -0.404112, 0.902410, 0.149500, -0.204098, -0.248276, 0.946944),

              ["LeftUpperLeg"] = CFrame.new(-0.000000, 0.000000, -0.000100, 0.992074, 0.088950, -0.088753, -0.093461, 0.994463, -0.048029, 0.083990, 0.055951, 0.994895),

              ["LowerTorso"] = CFrame.new(0.005557, 0.000039, -0.000440, 0.988417, -0.013894, 0.151125, 0.013900, 0.999903, 0.001013, -0.151124, 0.001100, 0.988514),

              ["RightFoot"] = CFrame.new(-0.000000, -0.006288, -0.000103, 0.995506, 0.072440, 0.060997, -0.069875, 0.996620, -0.043202, -0.063917, 0.038754, 0.997203),

              ["RightHand"] = CFrame.new(-0.000485, 0.022019, 0.000000, 0.931673, 0.313788, -0.183092, -0.363243, 0.795783, -0.484549, -0.006344, 0.517945, 0.855389),

              ["RightLowerArm"] = CFrame.new(0.000000, 0.107894, 0.053870, 1.000000, 0.000000, 0.000000, -0.000000, 0.444678, -0.895691, -0.000000, 0.895691, 0.444678),

              ["RightLowerLeg"] = CFrame.new(0.000000, -0.006265, -0.000079, 1.000000, -0.000000, -0.000000, -0.000000, 1.000000, -0.000008, -0.000000, -0.000011, 1.000000),

              ["RightUpperArm"] = CFrame.new(-0.183135, -0.382650, 0.189128, 0.741639, -0.444812, 0.502110, 0.622029, 0.736228, -0.266549, -0.251103, 0.510010, 0.822701),

              ["RightUpperLeg"] = CFrame.new(0.000000, 0.000000, -0.000000, 0.975764, -0.048683, -0.213341, 0.058670, 0.997446, 0.040733, 0.210813, -0.052255, 0.976128),

              ["UpperTorso"] = CFrame.new(0.000000, 0.000000, -0.000000, 0.948782, 0.011064, 0.315739, -0.006355, 0.999853, -0.015938, -0.315868, 0.013115, 0.948712)

          }},

          {Time = 0.033, Data = {

              ["Head"] = CFrame.new(-0.000000, -0.000000, -0.000000, 0.890908, 0.000625, -0.454183, -0.000710, 1.000000, -0.000018, 0.454183, 0.000338, 0.890908),

              ["LeftFoot"] = CFrame.new(0.000000, -0.000174, -0.000003, 0.994518, -0.079990, -0.067354, 0.082958, 0.995648, 0.042486, 0.063659, -0.047827, 0.996824),

              ["LeftHand"] = CFrame.new(0.000498, 0.003964, -0.000000, 0.960129, -0.241771, 0.140356, 0.244736, 0.969581, -0.004002, -0.135117, 0.038192, 0.990093),

              ["LeftLowerArm"] = CFrame.new(-0.000500, 0.020661, 0.001422, 1.000000, -0.000000, -0.000000, 0.000000, 0.985387, -0.170330, 0.000000, 0.170330, 0.985387),

              ["LeftLowerLeg"] = CFrame.new(0.000000, 0.000294, 0.000104, 1.000000, -0.000000, -0.000000, -0.000000, 1.000000, 0.000670, -0.000000, -0.000688, 1.000000),

              ["LeftUpperArm"] = CFrame.new(0.135737, -0.140768, -0.200462, 0.893531, 0.352913, 0.277589, -0.404339, 0.901257, 0.155713, -0.195226, -0.251374, 0.947997),

              ["LeftUpperLeg"] = CFrame.new(0.000000, -0.000000, -0.000100, 0.991435, 0.090799, -0.093870, -0.094969, 0.994638, -0.040937, 0.089650, 0.049508, 0.994743),

              ["LowerTorso"] = CFrame.new(0.005799, 0.000057, -0.003405, 0.987566, -0.014496, 0.156536, 0.015650, 0.999859, -0.006138, -0.156425, 0.008512, 0.987653),

              ["RightFoot"] = CFrame.new(0.000000, -0.006866, -0.000103, 0.995472, 0.072712, 0.061226, -0.069934, 0.996473, -0.046365, -0.064378, 0.041881, 0.997046),

              ["RightHand"] = CFrame.new(-0.000484, 0.024183, 0.000000, 0.946679, 0.278221, -0.162454, -0.322057, 0.831027, -0.453516, 0.008826, 0.481651, 0.876317),

              ["RightLowerArm"] = CFrame.new(-0.000001, 0.117111, 0.075823, 1.000000, 0.000000, -0.000000, 0.000000, 0.216815, -0.976213, -0.000000, 0.976213, 0.216815),

              ["RightLowerLeg"] = CFrame.new(-0.000000, -0.006841, -0.000087, 1.000000, -0.000000, -0.000000, -0.000000, 1.000000, -0.000008, -0.000000, -0.000011, 1.000000),

              ["RightUpperArm"] = CFrame.new(-0.176328, -0.395402, 0.176136, 0.728025, -0.520721, 0.445902, 0.647534, 0.735905, -0.197846, -0.225119, 0.432774, 0.872942),

              ["RightUpperLeg"] = CFrame.new(0.000000, 0.000000, -0.000000, 0.974655, -0.046217, -0.218887, 0.058792, 0.996952, 0.051294, 0.215849, -0.062855, 0.974401),

              ["UpperTorso"] = CFrame.new(-0.000000, -0.000000, -0.000000, 0.947753, 0.011254, 0.318806, -0.006672, 0.999858, -0.015461, -0.318934, 0.012526, 0.947694)

          }},

          {Time = 0.050, Data = {

              ["Head"] = CFrame.new(-0.000000, 0.000000, 0.000000, 0.890125, 0.000539, -0.455716, -0.000606, 1.000000, -0.000001, 0.455716, 0.000277, 0.890125),

              ["LeftFoot"] = CFrame.new(-0.000000, 0.000049, -0.000003, 0.994435, -0.080591, -0.067860, 0.083397, 0.995730, 0.039585, 0.064377, -0.045011, 0.996909),

              ["LeftHand"] = CFrame.new(0.000497, 0.004552, 0.000000, 0.965251, -0.226025, 0.131161, 0.226503, 0.973943, 0.011468, -0.130334, 0.018639, 0.991295),

              ["LeftLowerArm"] = CFrame.new(-0.000500, 0.024341, 0.002006, 1.000000, -0.000000, -0.000000, 0.000000, 0.979454, -0.201670, 0.000000, 0.201669, 0.979454),

              ["LeftLowerLeg"] = CFrame.new(-0.000000, 0.001092, 0.000103, 1.000000, 0.000000, 0.000000, -0.000000, 0.999979, 0.006443, 0.000000, -0.006461, 0.999979),

              ["LeftUpperArm"] = CFrame.new(0.137103, -0.140979, -0.193518, 0.896262, 0.354805, 0.266135, -0.404760, 0.899647, 0.163721, -0.181339, -0.254457, 0.949930),

              ["LeftUpperLeg"] = CFrame.new(-0.000000, 0.000000, -0.000100, 0.990412, 0.093261, -0.101911, -0.097053, 0.994735, -0.032890, 0.098307, 0.042473, 0.994250),

              ["LowerTorso"] = CFrame.new(0.006097, 0.000123, -0.007828, 0.986211, -0.015243, 0.164791, 0.018258, 0.999692, -0.016793, -0.164484, 0.019570, 0.986186),

              ["RightFoot"] = CFrame.new(-0.000000, -0.007779, -0.000103, 0.995413, 0.073181, 0.061620, -0.070077, 0.996231, -0.051116, -0.065125, 0.046571, 0.996790),

              ["RightHand"] = CFrame.new(-0.000483, 0.025863, 0.000000, 0.964431, 0.228177, -0.133445, -0.263577, 0.868305, -0.420209, 0.019989, 0.440433, 0.897562),

              ["RightLowerArm"] = CFrame.new(-0.000001, 0.119797, 0.105647, 1.000000, 0.000000, -0.000000, 0.000000, -0.092874, -0.995678, -0.000000, 0.995678, -0.092874),

              ["RightLowerLeg"] = CFrame.new(0.000000, -0.007751, -0.000099, 1.000000, 0.000000, -0.000000, -0.000000, 1.000000, -0.000008, 0.000000, -0.000011, 1.000000),

              ["RightUpperArm"] = CFrame.new(-0.165348, -0.416288, 0.144708, 0.706064, -0.613430, 0.353805, 0.689307, 0.709833, -0.144888, -0.162263, 0.346180, 0.924029),

              ["RightUpperLeg"] = CFrame.new(0.000000, 0.000000, -0.000000, 0.972888, -0.042514, -0.227334, 0.059191, 0.995993, 0.067056, 0.223573, -0.078687, 0.971505),

              ["UpperTorso"] = CFrame.new(0.000000, 0.000000, 0.000000, 0.946170, 0.011482, 0.323466, -0.007056, 0.999865, -0.014852, -0.323593, 0.011770, 0.946123)

          }},

          {Time = 0.067, Data = {

              ["Head"] = CFrame.new(0.000000, 0.000000, -0.000000, 0.889072, 0.000424, -0.457766, -0.000466, 1.000000, 0.000021, 0.457766, 0.000195, 0.889073),

              ["LeftFoot"] = CFrame.new(-0.000000, 0.000307, -0.000003, 0.994335, -0.081309, -0.068464, 0.083924, 0.995814, 0.036226, 0.065229, -0.041754, 0.996996),

              ["LeftHand"] = CFrame.new(0.000496, 0.005205, -0.000000, 0.970938, -0.207034, 0.120070, 0.204789, 0.978319, 0.030880, -0.123859, -0.005394, 0.992285),

              ["LeftLowerArm"] = CFrame.new(-0.000500, 0.028566, 0.002811, 1.000000, -0.000000, -0.000000, 0.000000, 0.971278, -0.237948, 0.000000, 0.237947, 0.971278),

              ["LeftLowerLeg"] = CFrame.new(0.000000, 0.002026, 0.000098, 1.000000, 0.000000, -0.000000, 0.000000, 0.999912, 0.013238, -0.000000, -0.013257, 0.999912),

              ["LeftUpperArm"] = CFrame.new(0.138694, -0.141320, -0.184421, 0.899445, 0.358121, 0.250497, -0.405442, 0.897721, 0.172380, -0.163143, -0.256607, 0.952647),

              ["LeftUpperLeg"] = CFrame.new(0.000000, 0.000000, -0.000100, 0.989030, 0.096191, -0.112105, -0.099341, 0.994791, -0.022838, 0.109323, 0.033732, 0.993434),

              ["LowerTorso"] = CFrame.new(0.006361, 0.000271, -0.013283, 0.984394, -0.015904, 0.175256, 0.021470, 0.999322, -0.029912, -0.174661, 0.033208, 0.984069),

              ["RightFoot"] = CFrame.new(0.000000, -0.008952, -0.000103, 0.995327, 0.073869, 0.062200, -0.070348, 0.995891, -0.057026, -0.066153, 0.052391, 0.996433),

              ["RightHand"] = CFrame.new(-0.000482, 0.027124, 0.000000, 0.971049, 0.206061, -0.120841, -0.236746, 0.897616, -0.371804, 0.031854, 0.389646, 0.920413),

              ["RightLowerArm"] = CFrame.new(-0.000001, 0.112442, 0.135027, 1.000000, 0.000000, -0.000000, 0.000000, -0.398111, -0.917337, -0.000000, 0.917337, -0.398113),

              ["RightLowerLeg"] = CFrame.new(-0.000000, -0.008921, -0.000115, 1.000000, -0.000000, -0.000000, -0.000000, 1.000000, -0.000008, -0.000000, -0.000011, 1.000000),

              ["RightUpperArm"] = CFrame.new(-0.159692, -0.431235, 0.067798, 0.694752, -0.684161, 0.221908, 0.719200, 0.664434, -0.203170, -0.008442, 0.300750, 0.953666),

              ["RightUpperLeg"] = CFrame.new(0.000000, -0.000000, -0.000000, 0.970516, -0.037908, -0.238036, 0.060056, 0.994441, 0.086495, 0.233434, -0.098233, 0.967397),

              ["UpperTorso"] = CFrame.new(-0.000000, -0.000000, 0.000000, 0.944137, 0.011666, 0.329347, -0.007381, 0.999871, -0.014259, -0.329470, 0.011032, 0.944101)

          }},

          {Time = 0.083, Data = {

              ["Head"] = CFrame.new(0.000000, 0.000000, -0.000000, 0.887776, 0.000283, -0.460277, -0.000294, 1.000000, 0.000047, 0.460277, 0.000094, 0.887776),

              ["LeftFoot"] = CFrame.new(0.000000, 0.000586, -0.000003, 0.994227, -0.082076, -0.069110, 0.084479, 0.995893, 0.032595, 0.066148, -0.038232, 0.997076),

              ["LeftHand"] = CFrame.new(0.000496, 0.005834, 0.000000, 0.976472, -0.186581, 0.108125, 0.181829, 0.981936, 0.052345, -0.115937, -0.031452, 0.992758),

              ["LeftLowerArm"] = CFrame.new(-0.000500, 0.032730, 0.003749, 1.000000, -0.000000, -0.000000, -0.000000, 0.961753, -0.273920, 0.000000, 0.273919, 0.961753),

              ["LeftLowerLeg"] = CFrame.new(0.000000, 0.003056, 0.000088, 1.000000, 0.000000, 0.000000, 0.000000, 0.999784, 0.020783, 0.000000, -0.020802, 0.999784),

              ["LeftUpperArm"] = CFrame.new(0.140296, -0.141829, -0.173589, 0.902648, 0.363241, 0.230830, -0.406460, 0.895810, 0.179766, -0.141480, -0.256088, 0.956244),

              ["LeftUpperLeg"] = CFrame.new(0.000000, 0.000000, -0.000100, 0.987322, 0.099277, -0.123853, -0.101498, 0.994766, -0.011733, 0.122040, 0.024163, 0.992231),

              ["LowerTorso"] = CFrame.new(0.006513, 0.000521, -0.019343, 0.982170, -0.016281, 0.187287, 0.025033, 0.998697, -0.044461, -0.186319, 0.048356, 0.981299),

              ["RightFoot"] = CFrame.new(0.000000, -0.010364, -0.000103, 0.995209, 0.074788, 0.062974, -0.070780, 0.995458, -0.063666, -0.067446, 0.058910, 0.995982),

              ["RightHand"] = CFrame.new(-0.000482, 0.028085, -0.000000, 0.929238, 0.318696, -0.186951, -0.356741, 0.905599, -0.229406, 0.096190, 0.279863, 0.955208),

              ["RightLowerArm"] = CFrame.new(-0.000002, 0.100638, 0.154860, 1.000000, 0.000000, -0.000000, -0.000000, -0.604328, -0.796735, -0.000000, 0.796736, -0.604329),

              ["RightLowerLeg"] = CFrame.new(-0.000000, -0.010327, -0.000133, 1.000000, 0.000000, 0.000000, -0.000000, 1.000000, -0.000008, -0.000000, -0.000011, 1.000000),

              ["RightUpperArm"] = CFrame.new(-0.185226, -0.369305, -0.085856, 0.745821, -0.662142, 0.072933, 0.595341, 0.613419, -0.518928, 0.298866, 0.430447, 0.851701),

              ["RightUpperLeg"] = CFrame.new(0.000000, -0.000000, -0.000000, 0.967604, -0.032736, -0.250341, 0.061534, 0.992236, 0.108092, 0.244859, -0.119988, 0.962105),

              ["UpperTorso"] = CFrame.new(0.000000, 0.000000, 0.000000, 0.941760, 0.011735, 0.336081, -0.007527, 0.999876, -0.013821, -0.336202, 0.010486, 0.941732)

          }},

          {Time = 0.100, Data = {

              ["Head"] = CFrame.new(0.000000, 0.000000, -0.000000, 0.886258, 0.000120, -0.463191, -0.000095, 1.000000, 0.000077, 0.463191, -0.000025, 0.886258),

              ["LeftFoot"] = CFrame.new(0.000000, 0.000852, -0.000003, 0.994120, -0.082834, -0.069748, 0.085032, 0.995952, 0.029162, 0.067046, -0.034908, 0.997138),

              ["LeftHand"] = CFrame.new(0.000496, 0.006413, -0.000000, 0.981345, -0.166384, 0.096329, 0.159478, 0.984311, 0.075490, -0.107377, -0.058719, 0.992483),

              ["LeftLowerArm"] = CFrame.new(-0.000500, 0.036647, 0.004768, 1.000000, -0.000000, -0.000000, 0.000000, 0.951404, -0.307947, 0.000000, 0.307947, 0.951403),

              ["LeftLowerLeg"] = CFrame.new(-0.000000, 0.004060, 0.000071, 1.000000, 0.000000, -0.000000, -0.000000, 0.999602, 0.028197, -0.000000, -0.028216, 0.999602),

              ["LeftUpperArm"] = CFrame.new(0.141702, -0.142532, -0.161559, 0.905460, 0.369895, 0.208134, -0.407866, 0.893982, 0.185587, -0.117421, -0.252932, 0.960332),

              ["LeftUpperLeg"] = CFrame.new(0.000000, -0.000000, -0.000100, 0.985345, 0.102272, -0.136514, -0.103267, 0.994654, -0.000205, 0.135763, 0.014307, 0.990638),

              ["LowerTorso"] = CFrame.new(0.006500, 0.000872, -0.025583, 0.979615, -0.016249, 0.200226, 0.028697, 0.997820, -0.059423, -0.198824, 0.063958, 0.977946),

              ["RightFoot"] = CFrame.new(-0.000000, -0.011924, -0.000103, 0.995062, 0.075928, 0.063934, -0.071384, 0.994946, -0.070615, -0.068969, 0.065708, 0.995453),

              ["RightHand"] = CFrame.new(-0.000481, 0.028203, 0.000000, 0.830393, 0.480839, -0.281501, -0.488878, 0.871144, 0.045896, 0.267294, 0.099507, 0.958463),

              ["RightLowerArm"] = CFrame.new(-0.000002, 0.098962, 0.156946, 1.000000, 0.000000, -0.000000, -0.000000, -0.626012, -0.779813, -0.000000, 0.779813, -0.626013),

              ["RightLowerLeg"] = CFrame.new(-0.000000, -0.011882, -0.000154, 1.000000, 0.000000, -0.000000, -0.000000, 1.000000, -0.000008, -0.000000, -0.000011, 1.000000),

              ["RightUpperArm"] = CFrame.new(-0.213256, -0.203639, -0.204420, 0.801879, -0.594637, 0.058278, 0.264008, 0.265133, -0.927365, 0.535994, 0.759020, 0.369593),

              ["RightUpperLeg"] = CFrame.new(0.000000, -0.000000, -0.000000, 0.964245, -0.027337, -0.263599, 0.063684, 0.989421, 0.130352, 0.257247, -0.142471, 0.955784),

              ["UpperTorso"] = CFrame.new(-0.000000, -0.000000, -0.000000, 0.939149, 0.011631, 0.343313, -0.007390, 0.999879, -0.013658, -0.343430, 0.010290, 0.939122)

          }},

          {Time = 0.117, Data = {

              ["Head"] = CFrame.new(-0.000000, 0.000000, -0.000000, 0.884546, -0.000063, -0.466453, 0.000129, 1.000000, 0.000110, 0.466453, -0.000158, 0.884546),

              ["LeftFoot"] = CFrame.new(-0.000000, 0.001087, -0.000003, 0.994020, -0.083534, -0.070338, 0.085558, 0.995987, 0.026263, 0.067858, -0.032112, 0.997177),

              ["LeftHand"] = CFrame.new(0.000495, 0.006909, 0.000000, 0.985271, -0.148029, 0.085609, 0.139408, 0.985254, 0.099198, -0.099030, -0.085801, 0.991378),

              ["LeftLowerArm"] = CFrame.new(-0.000500, 0.040039, 0.005760, 1.000000, -0.000000, -0.000000, 0.000000, 0.941324, -0.337505, 0.000000, 0.337505, 0.941324),

              ["LeftLowerLeg"] = CFrame.new(-0.000000, 0.004958, 0.000052, 1.000000, -0.000000, -0.000000, 0.000000, 0.999391, 0.034881, -0.000000, -0.034900, 0.999391),

              ["LeftUpperArm"] = CFrame.new(0.142751, -0.143426, -0.149002, 0.907559, 0.377734, 0.183450, -0.409654, 0.892437, 0.189051, -0.092306, -0.246725, 0.964679),

              ["LeftUpperLeg"] = CFrame.new(0.000000, -0.000000, -0.000100, 0.983184, 0.104955, -0.149445, -0.104492, 0.994465, 0.010978, 0.149770, 0.004830, 0.988709),

              ["LowerTorso"] = CFrame.new(0.006307, 0.001299, -0.031588, 0.976838, -0.015769, 0.213400, 0.032214, 0.996752, -0.073806, -0.211543, 0.078971, 0.974173),

              ["RightFoot"] = CFrame.new(-0.000000, -0.013521, -0.000103, 0.994888, 0.077248, 0.065045, -0.072145, 0.994381, -0.077464, -0.070660, 0.072381, 0.994871),

              ["RightHand"] = CFrame.new(-0.000482, 0.027350, 0.000000, 0.816683, 0.498205, -0.291242, -0.492364, 0.864780, 0.098657, 0.301009, 0.062825, 0.951549),

              ["RightLowerArm"] = CFrame.new(-0.000002, 0.110046, 0.140094, 1.000000, 0.000000, -0.000000, -0.000000, -0.450773, -0.892638, -0.000000, 0.892639, -0.450774),

              ["RightLowerLeg"] = CFrame.new(0.000000, -0.013473, -0.000175, 1.000000, -0.000000, -0.000000, 0.000000, 1.000000, -0.000008, 0.000000, -0.000011, 1.000000),

              ["RightUpperArm"] = CFrame.new(-0.216577, -0.098255, -0.229448, 0.808524, -0.556797, 0.190437, 0.053241, -0.253075, -0.965981, 0.586050, 0.791157, -0.174973),

              ["RightUpperLeg"] = CFrame.new(-0.000000, -0.000000, -0.000000, 0.960573, -0.022054, -0.277152, 0.066446, 0.986173, 0.151825, 0.269971, -0.164248, 0.948755),

              ["UpperTorso"] = CFrame.new(0.000000, -0.000000, -0.000000, 0.936420, 0.011314, 0.350698, -0.006884, 0.999880, -0.013876, -0.350813, 0.010579, 0.936386)

          }},

          {Time = 0.133, Data = {

              ["Head"] = CFrame.new(-0.000000, 0.000000, 0.000000, 0.882663, -0.000262, -0.470007, 0.000374, 1.000000, 0.000146, 0.470007, -0.000304, 0.882663),

              ["LeftFoot"] = CFrame.new(-0.000000, 0.001262, -0.000003, 0.993932, -0.084144, -0.070851, 0.086054, 0.995993, 0.024354, 0.068515, -0.030291, 0.997190),

              ["LeftHand"] = CFrame.new(0.000495, 0.007309, 0.000000, 0.988149, -0.132914, 0.076781, 0.122915, 0.984782, 0.122872, -0.091943, -0.111977, 0.989448),

              ["LeftLowerArm"] = CFrame.new(-0.000500, 0.042800, 0.006646, 1.000000, -0.000000, -0.000000, 0.000000, 0.932322, -0.361630, 0.000000, 0.361630, 0.932322),

              ["LeftLowerLeg"] = CFrame.new(-0.000000, 0.005640, 0.000034, 1.000000, -0.000000, 0.000000, 0.000000, 0.999200, 0.039978, -0.000000, -0.039996, 0.999201),

              ["LeftUpperArm"] = CFrame.new(0.143363, -0.144467, -0.136718, 0.908782, 0.386070, 0.158320, -0.411737, 0.891268, 0.190038, -0.067739, -0.237889, 0.968927),

              ["LeftUpperLeg"] = CFrame.new(0.000000, -0.000000, -0.000100, 0.980957, 0.107174, -0.161977, -0.105125, 0.994233, 0.021201, 0.163315, -0.003761, 0.986567),

              ["LowerTorso"] = CFrame.new(0.005958, 0.001755, -0.036952, 0.973982, -0.014896, 0.226137, 0.035343, 0.995612, -0.086642, -0.223854, 0.092381, 0.970235),

              ["RightFoot"] = CFrame.new(-0.000000, -0.015053, -0.000103, 0.994697, 0.078671, 0.066244, -0.073020, 0.993802, -0.083818, -0.072424, 0.078542, 0.994277),

              ["RightHand"] = CFrame.new(-0.000483, 0.026116, -0.000000, 0.864932, 0.433368, -0.253151, -0.466021, 0.880727, -0.084525, 0.186325, 0.191081, 0.963727),

              ["RightLowerArm"] = CFrame.new(-0.000001, 0.119124, 0.111576, 1.000000, 0.000000, -0.000000, -0.000000, -0.154431, -0.988003, -0.000000, 0.988004, -0.154432),

              ["RightLowerLeg"] = CFrame.new(-0.000000, -0.015000, -0.000195, 1.000000, -0.000000, 0.000000, 0.000000, 1.000000, -0.000008, -0.000000, -0.000011, 1.000000),

              ["RightUpperArm"] = CFrame.new(-0.207395, -0.055482, -0.242449, 0.790158, -0.512511, 0.336128, -0.032304, -0.582483, -0.812201, 0.612051, 0.630909, -0.476810),

              ["RightUpperLeg"] = CFrame.new(0.000000, -0.000001, -0.000000, 0.956769, -0.017233, -0.290338, 0.069630, 0.982787, 0.171127, 0.282391, -0.183938, 0.941499),

              ["UpperTorso"] = CFrame.new(0.000000, -0.000000, -0.000000, 0.933696, 0.010771, 0.357905, -0.005948, 0.999876, -0.014571, -0.358018, 0.011476, 0.933644)

          }},

          {Time = 0.150, Data = {

              ["Head"] = CFrame.new(0.000000, 0.000000, 0.000000, 0.880634, -0.000473, -0.473797, 0.000636, 1.000000, 0.000182, 0.473796, -0.000461, 0.880634),

              ["LeftFoot"] = CFrame.new(0.000000, 0.001384, -0.000003, 0.993860, -0.084639, -0.071268, 0.086500, 0.995977, 0.023438, 0.068994, -0.029447, 0.997182),

              ["LeftHand"] = CFrame.new(0.000495, 0.007613, 0.000000, 0.989992, -0.122229, 0.070540, 0.110963, 0.983034, 0.146056, -0.087195, -0.136766, 0.986758),

              ["LeftLowerArm"] = CFrame.new(-0.000500, 0.044895, 0.007366, 1.000000, -0.000000, -0.000000, 0.000000, 0.925002, -0.379962, 0.000000, 0.379962, 0.925002),

              ["LeftLowerLeg"] = CFrame.new(-0.000000, 0.006121, 0.000020, 1.000000, 0.000000, -0.000000, -0.000000, 0.999049, 0.043584, -0.000000, -0.043602, 0.999050),

              ["LeftUpperArm"] = CFrame.new(0.143559, -0.145559, -0.125607, 0.909174, 0.394063, 0.134597, -0.413921, 0.890547, 0.188671, -0.045517, -0.227246, 0.972773),

              ["LeftUpperLeg"] = CFrame.new(0.000000, -0.000000, -0.000100, 0.978815, 0.108738, -0.173485, -0.105222, 0.994015, 0.029366, 0.175640, -0.010481, 0.984399),

              ["LowerTorso"] = CFrame.new(0.005509, 0.002174, -0.041280, 0.971225, -0.013774, 0.237766, 0.037849, 0.994565, -0.096992, -0.235138, 0.103200, 0.966468),

              ["RightFoot"] = CFrame.new(0.000000, -0.016384, -0.000103, 0.994504, 0.080091, 0.067439, -0.073937, 0.993256, -0.089300, -0.074133, 0.083828, 0.993719),

              ["RightHand"] = CFrame.new(-0.000484, 0.024419, -0.000000, 0.920024, 0.338416, -0.197565, -0.387249, 0.862325, -0.326243, 0.059959, 0.376656, 0.924410),

              ["RightLowerArm"] = CFrame.new(-0.000001, 0.118118, 0.080225, 1.000000, 0.000000, -0.000000, -0.000000, 0.171167, -0.985242, -0.000000, 0.985242, 0.171167),

              ["RightLowerLeg"] = CFrame.new(-0.000000, -0.016326, -0.000213, 1.000000, -0.000000, 0.000000, 0.000000, 1.000000, -0.000008, 0.000000, -0.000011, 1.000000),

              ["RightUpperArm"] = CFrame.new(-0.187702, -0.037015, -0.264885, 0.750772, -0.462575, 0.471556, -0.069239, -0.765048, -0.640240, 0.656922, 0.448024, -0.606405),

              ["RightUpperLeg"] = CFrame.new(0.000000, -0.000000, 0.000000, 0.953061, -0.013217, -0.302490, 0.072919, 0.979662, 0.186945, 0.293867, -0.200220, 0.934640),

              ["UpperTorso"] = CFrame.new(0.000000, -0.000000, 0.000000, 0.931103, 0.010007, 0.364618, -0.004544, 0.999864, -0.015837, -0.364727, 0.013089, 0.931022)

          }},

          {Time = 0.167, Data = {

              ["Head"] = CFrame.new(-0.000000, 0.000000, 0.000000, 0.878487, -0.000695, -0.477766, 0.000910, 1.000000, 0.000219, 0.477765, -0.000628, 0.878487),

              ["LeftFoot"] = CFrame.new(0.000000, 0.001463, -0.000003, 0.993807, -0.085003, -0.071575, 0.086875, 0.995943, 0.023451, 0.069287, -0.029512, 0.997159),

              ["LeftHand"] = CFrame.new(0.000495, 0.007821, -0.000000, 0.990841, -0.116972, 0.067471, 0.104243, 0.980181, 0.168462, -0.085838, -0.159884, 0.983396),

              ["LeftLowerArm"] = CFrame.new(-0.000500, 0.046335, 0.007885, 1.000000, -0.000000, -0.000000, 0.000000, 0.919724, -0.392566, 0.000000, 0.392566, 0.919724),

              ["LeftLowerLeg"] = CFrame.new(0.000000, 0.006432, 0.000010, 1.000000, -0.000000, 0.000000, -0.000000, 0.998944, 0.045927, 0.000000, -0.045945, 0.998945),

              ["LeftUpperArm"] = CFrame.new(0.143464, -0.146558, -0.116622, 0.908985, 0.400840, 0.114340, -0.415918, 0.890335, 0.185248, -0.027546, -0.215943, 0.976017),

              ["LeftUpperLeg"] = CFrame.new(0.000000, 0.000000, -0.000100, 0.976934, 0.109457, -0.183352, -0.104914, 0.993889, 0.034332, 0.185990, -0.014295, 0.982448),

              ["LowerTorso"] = CFrame.new(0.005044, 0.002480, -0.044188, 0.968772, -0.012610, 0.247632, 0.039502, 0.993800, -0.103932, -0.244786, 0.110469, 0.963264),

              ["RightFoot"] = CFrame.new(-0.000000, -0.017370, -0.000103, 0.994326, 0.081374, 0.068519, -0.074804, 0.992801, -0.093545, -0.075634, 0.087893, 0.993255),

              ["RightHand"] = CFrame.new(-0.000485, 0.022087, 0.000000, 0.962892, 0.233128, -0.135983, -0.269661, 0.810336, -0.520233, -0.011089, 0.537594, 0.843129),

              ["RightLowerArm"] = CFrame.new(-0.000000, 0.108175, 0.054339, 1.000000, 0.000000, 0.000000, 0.000000, 0.439809, -0.898091, -0.000000, 0.898091, 0.439809),

              ["RightLowerLeg"] = CFrame.new(-0.000000, -0.017309, -0.000226, 1.000000, -0.000000, -0.000000, -0.000000, 1.000000, -0.000008, 0.000000, -0.000011, 1.000000),

              ["RightUpperArm"] = CFrame.new(-0.159847, -0.030536, -0.293541, 0.695062, -0.412447, 0.588877, -0.082197, -0.859297, -0.504830, 0.714236, 0.302484, -0.631166),

              ["RightUpperLeg"] = CFrame.new(0.000000, 0.000000, -0.000000, 0.949718, -0.010352, -0.312936, 0.075900, 0.977255, 0.198025, 0.303769, -0.211813, 0.928901),

              ["UpperTorso"] = CFrame.new(0.000000, -0.000000, 0.000000, 0.928777, 0.009046, 0.370528, -0.002649, 0.999839, -0.017771, -0.370629, 0.015524, 0.928651)

          }},

          {Time = 0.183, Data = {

              ["Head"] = CFrame.new(-0.000000, 0.000000, 0.000000, 0.876248, -0.000923, -0.481860, 0.001195, 0.999999, 0.000256, 0.481859, -0.000800, 0.876248),

              ["LeftFoot"] = CFrame.new(0.000000, 0.001465, -0.000003, 0.993774, -0.085231, -0.071767, 0.087208, 0.995880, 0.024884, 0.069346, -0.030976, 0.997111),

              ["LeftHand"] = CFrame.new(0.000495, 0.007943, 0.000000, 0.991087, -0.115401, 0.066554, 0.101240, 0.977176, 0.186755, -0.086586, -0.178351, 0.980150),

              ["LeftLowerArm"] = CFrame.new(-0.000500, 0.047172, 0.008196, 1.000000, -0.000000, -0.000000, 0.000000, 0.916555, -0.399908, 0.000000, 0.399908, 0.916555),

              ["LeftLowerLeg"] = CFrame.new(-0.000000, 0.006444, 0.000009, 1.000000, -0.000000, 0.000000, 0.000000, 0.998940, 0.046015, -0.000000, -0.046033, 0.998941),

              ["LeftUpperArm"] = CFrame.new(0.143273, -0.147311, -0.109926, 0.908602, 0.405942, 0.098256, -0.417424, 0.890566, 0.180690, -0.014154, -0.205189, 0.978620),

              ["LeftUpperLeg"] = CFrame.new(0.000000, 0.000000, -0.000100, 0.975476, 0.109332, -0.191033, -0.104370, 0.993891, 0.035885, 0.193789, -0.015058, 0.980927),

              ["LowerTorso"] = CFrame.new(0.004649, 0.002612, -0.045399, 0.966808, -0.011623, 0.255239, 0.040138, 0.993470, -0.106799, -0.252331, 0.113499, 0.960962),

              ["RightFoot"] = CFrame.new(-0.000000, -0.017877, -0.000103, 0.994183, 0.082392, 0.069376, -0.075533, 0.992483, -0.096288, -0.076784, 0.090493, 0.992933),

              ["RightHand"] = CFrame.new(-0.000487, 0.019462, 0.000001, 0.987514, 0.136134, -0.079273, -0.155580, 0.763820, -0.626400, -0.024724, 0.630909, 0.775460),

              ["RightLowerArm"] = CFrame.new(-0.000000, 0.096928, 0.039251, 1.000000, 0.000000, 0.000000, -0.000000, 0.596355, -0.802721, -0.000000, 0.802721, 0.596355),

              ["RightLowerLeg"] = CFrame.new(0.000000, -0.017814, -0.000232, 1.000000, -0.000000, 0.000000, -0.000000, 1.000000, -0.000008, 0.000000, -0.000011, 1.000000),

              ["RightUpperArm"] = CFrame.new(-0.130034, -0.030833, -0.320338, 0.635436, -0.385780, 0.668876, -0.081602, -0.894948, -0.438646, 0.767830, 0.224149, -0.600162),

              ["RightUpperLeg"] = CFrame.new(0.000000, -0.000000, -0.000000, 0.946986, -0.008893, -0.321153, 0.078174, 0.975953, 0.203490, 0.311621, -0.217801, 0.924907),

              ["UpperTorso"] = CFrame.new(0.000000, 0.000000, -0.000000, 0.926831, 0.007929, 0.375395, -0.000276, 0.999791, -0.020435, -0.375479, 0.018836, 0.926640)

          }},

          {Time = 0.200, Data = {

              ["Head"] = CFrame.new(0.000000, 0.000000, 0.000000, 0.873945, -0.001155, -0.486024, 0.001485, 0.999999, 0.000293, 0.486023, -0.000977, 0.873945),

              ["LeftFoot"] = CFrame.new(0.000000, 0.001414, -0.000003, 0.993757, -0.085344, -0.071862, 0.087499, 0.995788, 0.027395, 0.069217, -0.033500, 0.997038),

              ["LeftHand"] = CFrame.new(0.000495, 0.007997, 0.000000, 0.991155, -0.114963, 0.066299, 0.099817, 0.975017, 0.198444, -0.087456, -0.190069, 0.977867),

              ["LeftLowerArm"] = CFrame.new(-0.000500, 0.047543, 0.008336, 1.000000, -0.000000, -0.000000, 0.000000, 0.915132, -0.403155, 0.000000, 0.403155, 0.915132),

              ["LeftLowerLeg"] = CFrame.new(-0.000000, 0.006238, 0.000016, 1.000000, 0.000000, -0.000000, 0.000000, 0.999010, 0.044470, -0.000000, -0.044488, 0.999011),

              ["LeftUpperArm"] = CFrame.new(0.143109, -0.147776, -0.104961, 0.908274, 0.409524, 0.085605, -0.418354, 0.891078, 0.175955, -0.004223, -0.195628, 0.980669),

              ["LeftUpperLeg"] = CFrame.new(0.000000, 0.000000, -0.000100, 0.974463, 0.108434, -0.196632, -0.103738, 0.994021, 0.034065, 0.199151, -0.012789, 0.979885),

              ["LowerTorso"] = CFrame.new(0.004367, 0.002569, -0.045048, 0.965359, -0.010917, 0.260696, 0.039836, 0.993578, -0.105903, -0.257866, 0.112620, 0.959595),

              ["RightFoot"] = CFrame.new(0.000000, -0.017935, -0.000103, 0.994080, 0.083113, 0.069984, -0.076092, 0.992309, -0.097636, -0.077556, 0.091738, 0.992759),

              ["RightHand"] = CFrame.new(-0.000488, 0.018119, -0.000000, 0.997751, 0.058002, -0.033600, -0.065813, 0.752534, -0.655260, -0.012722, 0.655994, 0.754656),

              ["RightLowerArm"] = CFrame.new(0.000000, 0.091816, 0.034249, 1.000000, 0.000000, 0.000000, -0.000000, 0.648273, -0.761408, -0.000000, 0.761408, 0.648274),

              ["RightLowerLeg"] = CFrame.new(0.000000, -0.017872, -0.000233, 1.000000, -0.000000, -0.000000, 0.000000, 1.000000, -0.000008, -0.000000, -0.000011, 1.000000),

              ["RightUpperArm"] = CFrame.new(-0.104424, -0.035355, -0.340597, 0.584217, -0.403030, 0.704455, -0.072559, -0.890447, -0.449265, 0.808347, 0.211353, -0.549458),

              ["RightUpperLeg"] = CFrame.new(0.000000, 0.000000, 0.000000, 0.944909, -0.008750, -0.327215, 0.079608, 0.975772, 0.203799, 0.317504, -0.218614, 0.922711),

              ["UpperTorso"] = CFrame.new(0.000000, 0.000000, 0.000000, 0.925272, 0.006707, 0.379244, 0.002478, 0.999715, -0.023727, -0.379295, 0.022894, 0.924993)

          }},

          {Time = 0.217, Data = {

              ["Head"] = CFrame.new(-0.000000, -0.000000, 0.000000, 0.871607, -0.001388, -0.490204, 0.001777, 0.999998, 0.000328, 0.490203, -0.001157, 0.871608),

              ["LeftFoot"] = CFrame.new(0.000000, 0.001300, -0.000003, 0.993754, -0.085363, -0.071877, 0.087769, 0.995658, 0.031011, 0.068914, -0.037114, 0.996931),

              ["LeftHand"] = CFrame.new(0.000495, 0.007999, -0.000000, 0.991086, -0.115405, 0.066558, 0.099658, 0.973783, 0.204489, -0.088411, -0.196031, 0.976604),

              ["LeftLowerArm"] = CFrame.new(-0.000500, 0.047559, 0.008342, 1.000000, -0.000000, -0.000000, 0.000000, 0.915069, -0.403297, 0.000000, 0.403297, 0.915069),

              ["LeftLowerLeg"] = CFrame.new(-0.000000, 0.005789, 0.000030, 1.000000, 0.000000, 0.000000, 0.000000, 0.999155, 0.041095, -0.000000, -0.041114, 0.999155),

              ["LeftUpperArm"] = CFrame.new(0.143029, -0.147957, -0.101583, 0.908114, 0.411718, 0.076267, -0.418714, 0.891806, 0.171350, 0.002532, -0.187538, 0.982254),

              ["LeftUpperLeg"] = CFrame.new(0.000000, 0.000000, -0.000100, 0.973868, 0.106951, -0.200355, -0.103098, 0.994231, 0.029603, 0.202365, -0.008165, 0.979276),

              ["LowerTorso"] = CFrame.new(0.004207, 0.002379, -0.043359, 0.964394, -0.010518, 0.264259, 0.038733, 0.994052, -0.101787, -0.261617, 0.108398, 0.959065),

              ["RightFoot"] = CFrame.new(-0.000000, -0.017604, -0.000103, 0.994018, 0.083547, 0.070349, -0.076481, 0.992265, -0.097775, -0.077970, 0.091815, 0.992719),

              ["RightHand"] = CFrame.new(-0.000488, 0.018923, -0.000000, 0.999994, -0.002737, 0.001899, 0.003323, 0.780360, -0.625325, 0.000229, 0.625325, 0.780362),

              ["RightLowerArm"] = CFrame.new(-0.000000, 0.094605, 0.036813, 1.000000, 0.000000, 0.000000, -0.000000, 0.621626, -0.783314, -0.000000, 0.783314, 0.621626),

              ["RightLowerLeg"] = CFrame.new(-0.000000, -0.017542, -0.000229, 1.000000, 0.000000, 0.000000, -0.000000, 1.000000, -0.000008, 0.000000, -0.000011, 1.000000),

              ["RightUpperArm"] = CFrame.new(-0.085728, -0.045078, -0.354204, 0.546825, -0.464778, 0.696394, -0.053113, -0.849348, -0.525154, 0.835561, 0.250179, -0.489130),

              ["RightUpperLeg"] = CFrame.new(0.000000, 0.000000, -0.000000, 0.943457, -0.009745, -0.331351, 0.080221, 0.976570, 0.199697, 0.321642, -0.214980, 0.922132),

              ["UpperTorso"] = CFrame.new(0.000000, 0.000000, 0.000000, 0.924083, 0.005427, 0.382154, 0.005506, 0.999606, -0.027509, -0.382152, 0.027525, 0.923689)

          }},

          {Time = 0.233, Data = {

              ["Head"] = CFrame.new(0.000000, 0.000000, -0.000000, 0.869264, -0.001619, -0.494346, 0.002068, 0.999998, 0.000361, 0.494344, -0.001336, 0.869265),

              ["LeftFoot"] = CFrame.new(0.000000, 0.001156, -0.000003, 0.993764, -0.085300, -0.071824, 0.087992, 0.995500, 0.035201, 0.068495, -0.041289, 0.996796),

              ["LeftHand"] = CFrame.new(0.000495, 0.007961, 0.000000, 0.990910, -0.116534, 0.067217, 0.100525, 0.973437, 0.205710, -0.089402, -0.197081, 0.976302),

              ["LeftLowerArm"] = CFrame.new(-0.000500, 0.047299, 0.008244, 1.000000, -0.000000, -0.000000, -0.000000, 0.916072, -0.401014, 0.000000, 0.401014, 0.916072),

              ["LeftLowerLeg"] = CFrame.new(0.000000, 0.005228, 0.000045, 1.000000, 0.000000, 0.000000, 0.000000, 0.999319, 0.036892, -0.000000, -0.036910, 0.999319),

              ["LeftUpperArm"] = CFrame.new(0.143059, -0.147870, -0.099631, 0.908174, 0.412696, 0.070012, -0.418543, 0.892704, 0.167037, 0.006436, -0.181001, 0.983462),

              ["LeftUpperLeg"] = CFrame.new(0.000000, -0.000000, -0.000100, 0.973650, 0.104923, -0.202478, -0.102472, 0.994480, 0.022587, 0.203730, -0.001235, 0.979026),

              ["LowerTorso"] = CFrame.new(0.004160, 0.002083, -0.040553, 0.963866, -0.010400, 0.266183, 0.036962, 0.994793, -0.094975, -0.263809, 0.101382, 0.959232),

              ["RightFoot"] = CFrame.new(-0.000000, -0.016953, -0.000103, 0.993993, 0.083722, 0.070497, -0.076713, 0.992335, -0.096883, -0.078064, 0.090898, 0.992796),

              ["RightHand"] = CFrame.new(-0.000486, 0.020530, 0.000000, 0.998413, -0.048500, 0.028640, 0.056250, 0.832229, -0.551575, 0.002916, 0.552307, 0.833634),

              ["RightLowerArm"] = CFrame.new(-0.000000, 0.101579, 0.044732, 1.000000, 0.000000, 0.000000, -0.000000, 0.539517, -0.841974, -0.000000, 0.841974, 0.539518),

              ["RightLowerLeg"] = CFrame.new(0.000000, -0.016892, -0.000220, 1.000000, -0.000000, -0.000000, -0.000000, 1.000000, -0.000008, -0.000000, -0.000011, 1.000000),

              ["RightUpperArm"] = CFrame.new(-0.075734, -0.060104, -0.361250, 0.526837, -0.556547, 0.642416, -0.023062, -0.764895, -0.643742, 0.849653, 0.324332, -0.415810),

              ["RightUpperLeg"] = CFrame.new(0.000000, -0.000001, -0.000000, 0.942573, -0.011703, -0.333793, 0.080096, 0.978145, 0.191887, 0.324253, -0.207596, 0.922909),

              ["UpperTorso"] = CFrame.new(-0.000000, -0.000000, 0.000000, 0.923242, 0.004120, 0.384196, 0.008709, 0.999461, -0.031646, -0.384120, 0.032563, 0.922709)

          }},

          {Time = 0.250, Data = {

              ["Head"] = CFrame.new(-0.000000, -0.000000, -0.000000, 0.866947, -0.001844, -0.498397, 0.002353, 0.999997, 0.000393, 0.498395, -0.001513, 0.866949),

              ["LeftFoot"] = CFrame.new(0.000000, 0.000956, -0.000003, 0.993783, -0.085165, -0.071711, 0.088197, 0.995291, 0.040236, 0.067943, -0.046298, 0.996614),

              ["LeftHand"] = CFrame.new(0.000495, 0.007891, -0.000000, 0.990645, -0.118207, 0.068194, 0.102242, 0.973862, 0.202833, -0.090387, -0.193961, 0.976836),

              ["LeftLowerArm"] = CFrame.new(-0.000500, 0.046816, 0.008063, 1.000000, -0.000000, -0.000000, 0.000000, 0.917912, -0.396785, 0.000000, 0.396785, 0.917912),

              ["LeftLowerLeg"] = CFrame.new(0.000000, 0.004457, 0.000063, 1.000000, -0.000000, -0.000000, 0.000000, 0.999514, 0.031150, -0.000000, -0.031168, 0.999515),

              ["LeftUpperArm"] = CFrame.new(0.143201, -0.147552, -0.098930, 0.908457, 0.412649, 0.066532, -0.417905, 0.893732, 0.163091, 0.007837, -0.175965, 0.984365),

