return {
["footjob"] = {
        {Time = 0.000, Data = {
            ["Head"] = CFrame.new(0, 1.1920928955078125e-07, 1.1920928955078125e-07, 1, -0, 0, 0, 0.91043531894683838, 0.41365152597427368, -0, -0.41365152597427368, 0.91043531894683838),
            ["LeftFoot"] = CFrame.new(-5.3085386753082275e-08, 0.031523942947387695, -1.6093254089355469e-06, 0.99947822093963623, -0.024704920127987862, -0.020807176828384399, 0.010974699631333351, 0.86561310291290283, -0.50059318542480469, 0.030378077179193497, 0.50010359287261963, 0.86543262004852295),
            ["LeftHand"] = CFrame.new(0.000499993737321347, 0.00010001659393310547, -1.0925071336487235e-07, 1, 0, 0, 0, 1, 0, 0, 0, 1),
            ["LeftLowerArm"] = CFrame.new(-0.00050002336502075195, 0.045487403869628906, 0.010943911038339138, 1, 0, 0, 0, 0.89010632038116455, -0.45575293898582458, 0, 0.45575293898582458, 0.89010632038116455),
            ["LeftLowerLeg"] = CFrame.new(-5.2154064178466797e-08, 0.12472748756408691, -0.083234846591949463, 1, -0, 0, 0, 0.13795745372772217, 0.99043816328048706, -0, -0.99043816328048706, 0.13795745372772217),
            ["LeftUpperArm"] = CFrame.new(0.0085280537605285645, -0.26064407825469971, 0.10238242149353027, 1, -0, 0, 0, 0.69848275184631348, 0.71562695503234863, -0, -0.71562695503234863, 0.69848275184631348),
            ["LeftUpperLeg"] = CFrame.new(-5.9604644775390625e-08, -1.7763568394002505e-15, -9.986559598473832e-05, 0.52531647682189941, 0.59506809711456299, 0.60822421312332153, 0.73944652080535889, 0.034427344799041748, -0.67233467102050781, -0.42102450132369995, 0.80293774604797363, -0.4219357967376709),
            ["LowerTorso"] = CFrame.new(0, -1.6178419589996338, 1.6784316301345825, 1, 0, 0, 0, 0.88461655378341675, -0.46631914377212524, 0, 0.46631914377212524, 0.88461655378341675),
            ["RightFoot"] = CFrame.new(-3.7252902984619141e-08, 0.029508352279663086, -0.00010201910481555387, 0.99537879228591919, 0.07345571368932724, 0.061849240213632584, -0.042896218597888947, 0.91638427972793579, -0.3979947566986084, -0.085912659764289856, 0.39350241422653198, 0.91530042886734009),
            ["RightHand"] = CFrame.new(-0.00049999315524473786, 1.1920928955078125e-07, 2.4891318162190146e-07, 1, 0, 0, 0, 1, 0, 0, 0, 1),
            ["RightLowerArm"] = CFrame.new(-8.9406967163085938e-08, 0.046116352081298828, 0.011216302402317524, 1, 0, 0, 0, 0.88737815618515015, -0.46104228496551514, 0, 0.46104228496551514, 0.88737815618515015),
            ["RightLowerLeg"] = CFrame.new(5.2154064178466797e-08, 0.11847060918807983, -0.063979417085647583, 1, -0, 0, 0, 0.3393663763999939, 0.94065427780151367, -0, -0.94065427780151367, 0.3393663763999939),
            ["RightUpperArm"] = CFrame.new(0, -0.26426815986633301, 0.1038060188293457, 1, -0, 0, 0, 0.70514893531799316, 0.70905917882919312, -0, -0.70905917882919312, 0.70514893531799316),
            ["RightUpperLeg"] = CFrame.new(5.9604644775390625e-08, 1.7763568394002505e-15, 8.5725332610309124e-08, 0.46030044555664062, -0.53344613313674927, -0.70961874723434448, -0.74201458692550659, 0.20765089988708496, -0.63741308450698853, 0.48737853765487671, 0.81994897127151489, -0.30024302005767822),
            ["UpperTorso"] = CFrame.new(6.5187197861860113e-09, -0.19450396299362183, 0.10253907740116119, 1, -0, 0, 0, 0.99385750293731689, 0.11066713184118271, -0, -0.11066713184118271, 0.99385750293731689)
        }},
        {Time = 0.020, Data = {
            ["Head"] = CFrame.new(0, 1.1920928955078125e-07, 1.1920928955078125e-07, 1, -0, 0, 0, 0.91043531894683838, 0.41365152597427368, -0, -0.41365152597427368, 0.91043531894683838),
            ["LeftFoot"] = CFrame.new(-6.3329935073852539e-08, 0.03148961067199707, -1.475214958190918e-06, 0.9996458888053894, -0.020390568301081657, -0.017096895724534988, 0.0095221158117055893, 0.87407070398330688, -0.48570540547370911, 0.024847704917192459, 0.48537060618400574, 0.8739553689956665),
            ["LeftHand"] = CFrame.new(0.000499993737321347, 0.00010001659393310547, -1.0925071336487235e-07, 1, 0, 0, 0, 1, 0, 0, 0, 1),
            ["LeftLowerArm"] = CFrame.new(-0.00050002336502075195, 0.045487403869628906, 0.010943911038339138, 1, 0, 0, 0, 0.89010632038116455, -0.45575293898582458, 0, 0.45575293898582458, 0.89010632038116455),
            ["LeftLowerLeg"] = CFrame.new(3.3527612686157227e-08, 0.12467104196548462, -0.082959413528442383, 1, -0, 0, 0, 0.14090204238891602, 0.99002355337142944, -0, -0.99002355337142944, 0.14090204238891602),
            ["LeftUpperArm"] = CFrame.new(0.0085280537605285645, -0.26064407825469971, 0.10238242149353027, 1, -0, 0, 0, 0.69848275184631348, 0.71562695503234863, -0, -0.71562695503234863, 0.69848275184631348),
            ["LeftUpperLeg"] = CFrame.new(-5.9604644775390625e-08, -1.7763568394002505e-15, -9.986559598473832e-05, 0.51834720373153687, 0.59702217578887939, 0.61227500438690186, 0.74547648429870605, 0.035359680652618408, -0.66559338569641113, -0.41902387142181396, 0.80144500732421875, -0.42673742771148682),
            ["LowerTorso"] = CFrame.new(0, -1.6178419589996338, 1.6784316301345825, 1, 0, 0, 0, 0.88461655378341675, -0.46631914377212524, 0, 0.46631914377212524, 0.88461655378341675),
            ["RightFoot"] = CFrame.new(6.7055225372314453e-08, 0.029529035091400146, -0.00010200420365436003, 0.99525243043899536, 0.074471428990364075, 0.062662646174430847, -0.04416409507393837, 0.9192928671836853, -0.39108842611312866, -0.086730226874351501, 0.38646429777145386, 0.91821742057800293),
            ["RightHand"] = CFrame.new(-0.00049999315524473786, 1.1920928955078125e-07, 2.4891318162190146e-07, 1, 0, 0, 0, 1, 0, 0, 0, 1),
            ["RightLowerArm"] = CFrame.new(-8.9406967163085938e-08, 0.046116352081298828, 0.011216302402317524, 1, 0, 0, 0, 0.88737815618515015, -0.46104228496551514, 0, 0.46104228496551514, 0.88737815618515015),
            ["RightLowerLeg"] = CFrame.new(-9.3132257461547852e-09, 0.1185339093208313, -0.064118102192878723, 1, -0, 0, 0, 0.33787715435028076, 0.94119024276733398, -0, -0.94119024276733398, 0.33787715435028076),
            ["RightUpperArm"] = CFrame.new(0, -0.26426815986633301, 0.1038060188293457, 1, -0, 0, 0, 0.70514893531799316, 0.70905917882919312, -0, -0.70905917882919312, 0.70514893531799316),
            ["RightUpperLeg"] = CFrame.new(5.9604644775390625e-08, 1.7763568394002505e-15, 8.5725332610309124e-08, 0.45907562971115112, -0.53439986705780029, -0.70969468355178833, -0.74593305587768555, 0.20202475786209106, -0.63464176654815674, 0.48252841830253601, 0.82073318958282471, -0.30588185787200928),
            ["UpperTorso"] = CFrame.new(6.5187197861860113e-09, -0.19450396299362183, 0.10253907740116119, 1, -0, 0, 0, 0.99385750293731689, 0.11066713184118271, -0, -0.11066713184118271, 0.99385750293731689)
        }},
        {Time = 0.040, Data = {
            ["Head"] = CFrame.new(0, 1.1920928955078125e-07, 1.1920928955078125e-07, 1, -0, 0, 0, 0.91043531894683838, 0.41365152597427368, -0, -0.41365152597427368, 0.91043531894683838),
            ["LeftFoot"] = CFrame.new(1.0710209608078003e-08, 0.031387805938720703, -1.5795230865478516e-06, 0.99994105100631714, -0.0082871420308947563, -0.0070176254957914352, 0.0043216906487941742, 0.89654356241226196, -0.44293451309204102, 0.0099622681736946106, 0.44287806749343872, 0.8965265154838562),
            ["LeftHand"] = CFrame.new(0.000499993737321347, 0.00010001659393310547, -1.0925071336487235e-07, 1, 0, 0, 0, 1, 0, 0, 0, 1),
            ["LeftLowerArm"] = CFrame.new(-0.00050002336502075195, 0.045487403869628906, 0.010943911038339138, 1, 0, 0, 0, 0.89010632038116455, -0.45575293898582458, 0, 0.45575293898582458, 0.89010632038116455),
            ["LeftLowerLeg"] = CFrame.new(-3.3527612686157227e-08, 0.1245000958442688, -0.082149684429168701, 1, -0, 0, 0, 0.14925467967987061, 0.98879897594451904, -0, -0.98879897594451904, 0.14925467967987061),
            ["LeftUpperArm"] = CFrame.new(0.0085280537605285645, -0.26064407825469971, 0.10238242149353027, 1, -0, 0, 0, 0.69848275184631348, 0.71562695503234863, -0, -0.71562695503234863, 0.69848275184631348),
            ["LeftUpperLeg"] = CFrame.new(-5.9604644775390625e-08, -1.7763568394002505e-15, -9.986559598473832e-05, 0.4976654052734375, 0.60260862112045288, 0.62385267019271851, 0.76250249147415161, 0.038869678974151611, -0.6458168625831604, -0.41342383623123169, 0.79708987474441528, -0.44014656543731689),
            ["LowerTorso"] = CFrame.new(0, -1.6178419589996338, 1.6784316301345825, 1, 0, 0, 0, 0.88461655378341675, -0.46631914377212524, 0, 0.46631914377212524, 0.88461655378341675),
            ["RightFoot"] = CFrame.new(3.0733644962310791e-08, 0.029579818248748779, -0.00010189989552600309, 0.99491679668426514, 0.077029243111610413, 0.064861886203289032, -0.047609481960535049, 0.92738407850265503, -0.37106892466545105, -0.088735036551952362, 0.3660946786403656, 0.92633730173110962),
            ["RightHand"] = CFrame.new(-0.00049999315524473786, 1.1920928955078125e-07, 2.4891318162190146e-07, 1, 0, 0, 0, 1, 0, 0, 0, 1),
            ["RightLowerArm"] = CFrame.new(-8.9406967163085938e-08, 0.046116352081298828, 0.011216302402317524, 1, 0, 0, 0, 0.88737815618515015, -0.46104228496551514, 0, 0.46104228496551514, 0.88737815618515015),
            ["RightLowerLeg"] = CFrame.new(3.3527612686157227e-08, 0.11868751049041748, -0.064457431435585022, 1, -0, 0, 0, 0.3343958854675293, 0.942432701587677, -0, -0.942432701587677, 0.3343958854675293),
            ["RightUpperArm"] = CFrame.new(0, -0.26426815986633301, 0.1038060188293457, 1, -0, 0, 0, 0.70514893531799316, 0.70905917882919312, -0, -0.70905917882919312, 0.70514893531799316),
            ["RightUpperLeg"] = CFrame.new(5.9604644775390625e-08, 1.7763568394002505e-15, 8.5725332610309124e-08, 0.45511531829833984, -0.53712970018386841, -0.71018427610397339, -0.75715905427932739, 0.18628013134002686, -0.62610697746276855, 0.46859389543533325, 0.82267332077026367, -0.32191371917724609),
            ["UpperTorso"] = CFrame.new(6.5187197861860113e-09, -0.19450396299362183, 0.10253907740116119, 1, -0, 0, 0, 0.99385750293731689, 0.11066713184118271, -0, -0.11066713184118271, 0.99385750293731689)
        }},
        {Time = 0.060, Data = {
            ["Head"] = CFrame.new(0, 1.1920928955078125e-07, 1.1920928955078125e-07, 1, -0, 0, 0, 0.91043531894683838, 0.41365152597427368, -0, -0.41365152597427368, 0.91043531894683838),
            ["LeftFoot"] = CFrame.new(2.1420419216156006e-08, 0.031219005584716797, -1.6093254089355469e-06, 0.99991697072982788, 0.0098789790645241737, 0.0082769244909286499, -0.0060498071834445, 0.92684972286224365, -0.37538382411003113, -0.011379873380064964, 0.37530258297920227, 0.92683249711990356),
            ["LeftHand"] = CFrame.new(0.000499993737321347, 0.00010001659393310547, -1.0925071336487235e-07, 1, 0, 0, 0, 1, 0, 0, 0, 1),
            ["LeftLowerArm"] = CFrame.new(-0.00050002336502075195, 0.045487403869628906, 0.010943911038339138, 1, 0, 0, 0, 0.89010632038116455, -0.45575293898582458, 0, 0.45575293898582458, 0.89010632038116455),
            ["LeftLowerLeg"] = CFrame.new(-4.6566128730773926e-08, 0.12419921159744263, -0.080800473690032959, 1, -0, 0, 0, 0.1633831262588501, 0.98656272888183594, -0, -0.98656272888183594, 0.1633831262588501),
            ["LeftUpperArm"] = CFrame.new(0.0085280537605285645, -0.26064407825469971, 0.10238242149353027, 1, -0, 0, 0, 0.69848275184631348, 0.71562695503234863, -0, -0.71562695503234863, 0.69848275184631348),
            ["LeftUpperLeg"] = CFrame.new(-5.9604644775390625e-08, -1.7763568394002505e-15, -9.986559598473832e-05, 0.46245843172073364, 0.61085760593414307, 0.64263933897018433, 0.78916943073272705, 0.046799361705780029, -0.61239016056060791, -0.40415829420089722, 0.79035627841949463, -0.46042740345001221),
            ["LowerTorso"] = CFrame.new(0, -1.6178419589996338, 1.6784316301345825, 1, 0, 0, 0, 0.88461655378341675, -0.46631914377212524, 0, 0.46631914377212524, 0.88461655378341675),
            ["RightFoot"] = CFrame.new(-4.4703483581542969e-08, 0.029635369777679443, -0.00010201910481555387, 0.99448645114898682, 0.08021613210439682, 0.067543022334575653, -0.052792839705944061, 0.93949651718139648, -0.33846595883369446, -0.090606860816478729, 0.33303400874137878, 0.93855142593383789),
            ["RightHand"] = CFrame.new(-0.00049999315524473786, 1.1920928955078125e-07, 2.4891318162190146e-07, 1, 0, 0, 0, 1, 0, 0, 0, 1),
            ["RightLowerArm"] = CFrame.new(-8.9406967163085938e-08, 0.046116352081298828, 0.011216302402317524, 1, 0, 0, 0, 0.88737815618515015, -0.46104228496551514, 0, 0.46104228496551514, 0.88737815618515015),
            ["RightLowerLeg"] = CFrame.new(-1.1175870895385742e-08, 0.1188541054725647, -0.064828097820281982, 1, -0, 0, 0, 0.33050590753555298, 0.94380390644073486, -0, -0.94380390644073486, 0.33050590753555298),
            ["RightUpperArm"] = CFrame.new(0, -0.26426815986633301, 0.1038060188293457, 1, -0, 0, 0, 0.70514893531799316, 0.70905917882919312, -0, -0.70905917882919312, 0.70514893531799316),
            ["RightUpperLeg"] = CFrame.new(5.9604644775390625e-08, 1.7763568394002505e-15, 8.5725332610309124e-08, 0.44770354032516479, -0.54102051258087158, -0.71193987131118774, -0.77466928958892822, 0.16297990083694458, -0.61100327968597412, 0.44659715890884399, 0.82506632804870605, -0.34614527225494385),
            ["UpperTorso"] = CFrame.new(6.5187197861860113e-09, -0.19450396299362183, 0.10253907740116119, 1, -0, 0, 0, 0.99385750293731689, 0.11066713184118271, -0, -0.11066713184118271, 0.99385750293731689)
        }},
        {Time = 0.080, Data = {
            ["Head"] = CFrame.new(0, 1.1920928955078125e-07, 1.1920928955078125e-07, 1, -0, 0, 0, 0.91043531894683838, 0.41365152597427368, -0, -0.41365152597427368, 0.91043531894683838),
            ["LeftFoot"] = CFrame.new(-2.4214386940002441e-08, 0.030979275703430176, -1.5944242477416992e-06, 0.99907869100570679, 0.032829347997903824, 0.027640905231237411, -0.02352944016456604, 0.95765721797943115, -0.28694787621498108, -0.035890821367502213, 0.28603312373161316, 0.95754730701446533),
            ["LeftHand"] = CFrame.new(0.000499993737321347, 0.00010001659393310547, -1.0925071336487235e-07, 1, 0, 0, 0, 1, 0, 0, 0, 1),
            ["LeftLowerArm"] = CFrame.new(-0.00050002336502075195, 0.045487403869628906, 0.010943911038339138, 1, 0, 0, 0, 0.89010632038116455, -0.45575293898582458, 0, 0.45575293898582458, 0.89010632038116455),
            ["LeftLowerLeg"] = CFrame.new(-3.3527612686157227e-08, 0.12373745441436768, -0.078887328505516052, 1, -0, 0, 0, 0.1832510232925415, 0.9830661416053772, -0, -0.9830661416053772, 0.1832510232925415),
            ["LeftUpperArm"] = CFrame.new(0.0085280537605285645, -0.26064407825469971, 0.10238242149353027, 1, -0, 0, 0, 0.69848275184631348, 0.71562695503234863, -0, -0.71562695503234863, 0.69848275184631348),
            ["LeftUpperLeg"] = CFrame.new(-5.9604644775390625e-08, -1.7763568394002505e-15, -9.986559598473832e-05, 0.41140025854110718, 0.62037515640258789, 0.66774576902389526, 0.82343530654907227, 0.061123430728912354, -0.56410831212997437, -0.3907737135887146, 0.78191977739334106, -0.48569262027740479),
            ["LowerTorso"] = CFrame.new(0, -1.6178419589996338, 1.6784316301345825, 1, 0, 0, 0, 0.88461655378341675, -0.46631914377212524, 0, 0.46631914377212524, 0.88461655378341675),
            ["RightFoot"] = CFrame.new(-2.9569491744041443e-08, 0.029663801193237305, -0.00010205635771853849, 0.99414128065109253, 0.082703366875648499, 0.069593831896781921, -0.058818355202674866, 0.95410996675491333, -0.29362314939498901, -0.090683788061141968, 0.28780949115753174, 0.95338457822799683),
            ["RightHand"] = CFrame.new(-0.00049999315524473786, 1.1920928955078125e-07, 2.4891318162190146e-07, 1, 0, 0, 0, 1, 0, 0, 0, 1),
            ["RightLowerArm"] = CFrame.new(-8.9406967163085938e-08, 0.046116352081298828, 0.011216302402317524, 1, 0, 0, 0, 0.88737815618515015, -0.46104228496551514, 0, 0.46104228496551514, 0.88737815618515015),
            ["RightLowerLeg"] = CFrame.new(3.9581209421157837e-08, 0.11893892288208008, -0.065017953515052795, 1, -0, 0, 0, 0.32860672473907471, 0.94446688890457153, -0, -0.94446688890457153, 0.32860672473907471),
            ["RightUpperArm"] = CFrame.new(0, -0.26426815986633301, 0.1038060188293457, 1, -0, 0, 0, 0.70514893531799316, 0.70905917882919312, -0, -0.70905917882919312, 0.70514893531799316),
            ["RightUpperLeg"] = CFrame.new(5.9604644775390625e-08, 1.7763568394002505e-15, 8.5725332610309124e-08, 0.43610727787017822, -0.54537153244018555, -0.71580755710601807, -0.79736244678497314, 0.1345527172088623, -0.58831000328063965, 0.41716134548187256, 0.8273242712020874, -0.37617933750152588),
            ["UpperTorso"] = CFrame.new(6.5187197861860113e-09, -0.19450396299362183, 0.10253907740116119, 1, -0, 0, 0, 0.99385750293731689, 0.11066713184118271, -0, -0.11066713184118271, 0.99385750293731689)
        }},
        {Time = 0.100, Data = {
            ["Head"] = CFrame.new(0, 1.1920928955078125e-07, 1.1920928955078125e-07, 1, -0, 0, 0, 0.91043531894683838, 0.41365152597427368, -0, -0.41365152597427368, 0.91043531894683838),
            ["LeftFoot"] = CFrame.new(4.0978193283081055e-08, 0.030665695667266846, -1.7285346984863281e-06, 0.99699527025222778, 0.059225142002105713, 0.049928445369005203, -0.049178369343280792, 0.98192918300628662, -0.18274742364883423, -0.059849437326192856, 0.17974290251731873, 0.98189133405685425),
            ["LeftHand"] = CFrame.new(0.000499993737321347, 0.00010001659393310547, -1.0925071336487235e-07, 1, 0, 0, 0, 1, 0, 0, 0, 1),
            ["LeftLowerArm"] = CFrame.new(-0.00050002336502075195, 0.045487403869628906, 0.010943911038339138, 1, 0, 0, 0, 0.89010632038116455, -0.45575293898582458, 0, 0.45575293898582458, 0.89010632038116455),
            ["LeftLowerLeg"] = CFrame.new(7.4505805969238281e-09, 0.12307143211364746, -0.076385565102100372, 1, -0, 0, 0, 0.20940631628036499, 0.9778287410736084, -0, -0.9778287410736084, 0.20940631628036499),
            ["LeftUpperArm"] = CFrame.new(0.0085280537605285645, -0.26064407825469971, 0.10238242149353027, 1, -0, 0, 0, 0.69848275184631348, 0.71562695503234863, -0, -0.71562695503234863, 0.69848275184631348),
            ["LeftUpperLeg"] = CFrame.new(-5.9604644775390625e-08, -1.7763568394002505e-15, -9.9850694823544472e-05, 0.34320700168609619, 0.62902289628982544, 0.69752359390258789, 0.86215502023696899, 0.083691656589508057, -0.49968433380126953, -0.37268984317779541, 0.77286863327026367, -0.51359176635742188),
            ["LowerTorso"] = CFrame.new(0, -1.6178419589996338, 1.6784316301345825, 1, 0, 0, 0, 0.88461655378341675, -0.46631914377212524, 0, 0.46631914377212524, 0.88461655378341675),
            ["RightFoot"] = CFrame.new(-4.6566128730773926e-08, 0.029633045196533203, -0.00010205635771853849, 0.99408453702926636, 0.083073638379573822, 0.069961883127689362, -0.064310483634471893, 0.96932786703109741, -0.23720812797546387, -0.087521739304065704, 0.23130565881729126, 0.96893632411956787),
            ["RightHand"] = CFrame.new(-0.00049999315524473786, 1.1920928955078125e-07, 2.4891318162190146e-07, 1, 0, 0, 0, 1, 0, 0, 0, 1),
            ["RightLowerArm"] = CFrame.new(-8.9406967163085938e-08, 0.046116352081298828, 0.011216302402317524, 1, 0, 0, 0, 0.88737815618515015, -0.46104228496551514, 0, 0.46104228496551514, 0.88737815618515015),
            ["RightLowerLeg"] = CFrame.new(4.0978193283081055e-08, 0.11884629726409912, -0.064809828996658325, 1, -0, 0, 0, 0.33070564270019531, 0.94373399019241333, -0, -0.94373399019241333, 0.33070564270019531),
            ["RightUpperArm"] = CFrame.new(0, -0.26426815986633301, 0.1038060188293457, 1, -0, 0, 0, 0.70514893531799316, 0.70905917882919312, -0, -0.70905917882919312, 0.70514893531799316),
            ["RightUpperLeg"] = CFrame.new(5.9604644775390625e-08, 1.7763568394002505e-15, 8.5725332610309124e-08, 0.41922461986541748, -0.54931867122650146, -0.72284156084060669, -0.82396721839904785, 0.10410904884338379, -0.5569915771484375, 0.38122028112411499, 0.8291022777557373, -0.40897548198699951),
            ["UpperTorso"] = CFrame.new(6.5187197861860113e-09, -0.19450396299362183, 0.10253907740116119, 1, -0, 0, 0, 0.99385750293731689, 0.11066713184118271, -0, -0.11066713184118271, 0.99385750293731689)
        }},
        {Time = 0.120, Data = {
            ["Head"] = CFrame.new(0, 1.1920928955078125e-07, 1.1920928955078125e-07, 1, -0, 0, 0, 0.91043531894683838, 0.41365152597427368, -0, -0.41365152597427368, 0.91043531894683838),
            ["LeftFoot"] = CFrame.new(-3.7252902984619141e-08, 0.030439496040344238, -1.862645149230957e-06, 0.99333441257476807, 0.088168270885944366, 0.074250258505344391, -0.083059750497341156, 0.99413269758224487, -0.069290719926357269, -0.079923860728740692, 0.062661655247211456, 0.99482947587966919),
            ["LeftHand"] = CFrame.new(0.000499993737321347, 0.00010001659393310547, -1.0925071336487235e-07, 1, 0, 0, 0, 1, 0, 0, 0, 1),
            ["LeftLowerArm"] = CFrame.new(-0.00050002336502075195, 0.045487403869628906, 0.010943911038339138, 1, 0, 0, 0, 0.89010632038116455, -0.45575293898582458, 0, 0.45575293898582458, 0.89010632038116455),
            ["LeftLowerLeg"] = CFrame.new(2.9802322387695312e-08, 0.12222170829772949, -0.073244459927082062, 1, -0, 0, 0, 0.24195355176925659, 0.97028785943984985, -0, -0.97028785943984985, 0.24195355176925659),
            ["LeftUpperArm"] = CFrame.new(0.0085280537605285645, -0.26064407825469971, 0.10238242149353027, 1, -0, 0, 0, 0.69848275184631348, 0.71562695503234863, -0, -0.71562695503234863, 0.69848275184631348),
            ["LeftUpperLeg"] = CFrame.new(-5.9604644775390625e-08, -1.7763568394002505e-15, -9.9850694823544472e-05, 0.25721067190170288, 0.63364779949188232, 0.72961163520812988, 0.90105128288269043, 0.1155816912651062, -0.41802805662155151, -0.34921231865882874, 0.76493877172470093, -0.54122030735015869),
            ["LowerTorso"] = CFrame.new(0, -1.6178419589996338, 1.6784316301345825, 1, 0, 0, 0, 0.88461655378341675, -0.46631914377212524, 0, 0.46631914377212524, 0.88461655378341675),
            ["RightFoot"] = CFrame.new(-2.9802322387695312e-08, 0.02951359748840332, -0.0001019967530737631, 0.99452084302902222, 0.080004528164863586, 0.067287012934684753, -0.06756649911403656, 0.98308372497558594, -0.1702386736869812, -0.079768627882003784, 0.16475957632064819, 0.98310285806655884),
            ["RightHand"] = CFrame.new(-0.00049999315524473786, 1.1920928955078125e-07, 2.4891318162190146e-07, 1, 0, 0, 0, 1, 0, 0, 0, 1),
            ["RightLowerArm"] = CFrame.new(-8.9406967163085938e-08, 0.046116352081298828, 0.011216302402317524, 1, 0, 0, 0, 0.88737815618515015, -0.46104228496551514, 0, 0.46104228496551514, 0.88737815618515015),
            ["RightLowerLeg"] = CFrame.new(-1.0430812835693359e-07, 0.11848527193069458, -0.064011082053184509, 1, -0, 0, 0, 0.3390687108039856, 0.94076156616210938, -0, -0.94076156616210938, 0.3390687108039856),
            ["RightUpperArm"] = CFrame.new(0, -0.26426815986633301, 0.1038060188293457, 1, -0, 0, 0, 0.70514893531799316, 0.70905917882919312, -0, -0.70905917882919312, 0.70514893531799316),
            ["RightUpperLeg"] = CFrame.new(5.9604644775390625e-08, 1.7763568394002505e-15, 8.5725332610309124e-08, 0.39627981185913086, -0.55216562747955322, -0.7335362434387207, -0.8530045747756958, 0.074119448661804199, -0.51661336421966553, 0.33962538838386536, 0.83043324947357178, -0.44162774085998535),
            ["UpperTorso"] = CFrame.new(6.5187197861860113e-09, -0.19450396299362183, 0.10253907740116119, 1, -0, 0, 0, 0.99385750293731689, 0.11066713184118271, -0, -0.11066713184118271, 0.99385750293731689)
        }},
        {Time = 0.140, Data = {
            ["Head"] = CFrame.new(0, 1.1920928955078125e-07, 1.1920928955078125e-07, 1, -0, 0, 0, 0.91043531894683838, 0.41365152597427368, -0, -0.41365152597427368, 0.91043531894683838),
            ["LeftFoot"] = CFrame.new(5.9604644775390625e-08, 0.030149161815643311, -1.9446015357971191e-06, 0.98792570829391479, 0.11850638687610626, 0.099795155227184296, -0.1235857754945755, 0.99125158786773682, 0.046334113925695419, -0.09343121200799942, -0.058107923716306686, 0.99392861127853394),
            ["LeftHand"] = CFrame.new(0.000499993737321347, 0.00010001659393310547, -1.0925071336487235e-07, 1, 0, 0, 0, 1, 0, 0, 0, 1),
            ["LeftLowerArm"] = CFrame.new(-0.00050002336502075195, 0.045487403869628906, 0.010943911038339138, 1, 0, 0, 0, 0.89010632038116455, -0.45575293898582458, 0, 0.45575293898582458, 0.89010632038116455),
            ["LeftLowerLeg"] = CFrame.new(-1.0430812835693359e-07, 0.12105143070220947, -0.069523930549621582, 1, -0, 0, 0, 0.28056299686431885, 0.95983558893203735, -0, -0.95983558893203735, 0.28056299686431885),
            ["LeftUpperArm"] = CFrame.new(0.0085280537605285645, -0.26064407825469971, 0.10238242149353027, 1, -0, 0, 0, 0.69848275184631348, 0.71562695503234863, -0, -0.71562695503234863, 0.69848275184631348),
            ["LeftUpperLeg"] = CFrame.new(-5.9604644775390625e-08, -1.7763568394002505e-15, -9.9850694823544472e-05, 0.15398693084716797, 0.63116347789764404, 0.76021099090576172, 0.93482255935668945, 0.15610671043395996, -0.31896317005157471, -0.31999194622039795, 0.75977849960327148, -0.56598746776580811),
            ["LowerTorso"] = CFrame.new(0, -1.6178419589996338, 1.6784316301345825, 1, 0, 0, 0, 0.88461655378341675, -0.46631914377212524, 0, 0.46631914377212524, 0.88461655378341675),
            ["RightFoot"] = CFrame.new(-7.4505805969238281e-08, 0.029284775257110596, -0.00010214576468570158, 0.99553483724594116, 0.072221137583255768, 0.06078256294131279, -0.06628052145242691, 0.99330204725265503, -0.094646230340003967, -0.067210905253887177, 0.090194925665855408, 0.99365365505218506),
            ["RightHand"] = CFrame.new(-0.00049999315524473786, 1.1920928955078125e-07, 2.4891318162190146e-07, 1, 0, 0, 0, 1, 0, 0, 0, 1),
            ["RightLowerArm"] = CFrame.new(-8.9406967163085938e-08, 0.046116352081298828, 0.011216302402317524, 1, 0, 0, 0, 0.88737815618515015, -0.46104228496551514, 0, 0.46104228496551514, 0.88737815618515015),
            ["RightLowerLeg"] = CFrame.new(-2.9802322387695312e-08, 0.1177712082862854, -0.0624818354845047, 1, -0, 0, 0, 0.35495072603225708, 0.93488496541976929, -0, -0.93488496541976929, 0.35495072603225708),
            ["RightUpperArm"] = CFrame.new(0, -0.26426815986633301, 0.1038060188293457, 1, -0, 0, 0, 0.70514893531799316, 0.70905917882919312, -0, -0.70905917882919312, 0.70514893531799316),
            ["RightUpperLeg"] = CFrame.new(5.9604644775390625e-08, 1.7763568394002505e-15, 8.5725332610309124e-08, 0.36654645204544067, -0.55277407169342041, -0.74838793277740479, -0.8829188346862793, 0.047017812728881836, -0.46716558933258057, 0.29342460632324219, 0.83200371265411377, -0.47082042694091797),
            ["UpperTorso"] = CFrame.new(6.5187197861860113e-09, -0.19450396299362183, 0.10253907740116119, 1, -0, 0, 0, 0.99385750293731689, 0.11066713184118271, -0, -0.11066713184118271, 0.99385750293731689)
        }},
        {Time = 0.160, Data = {
            ["Head"] = CFrame.new(0, 1.1920928955078125e-07, 1.1920928955078125e-07, 1, -0, 0, 0, 0.91043531894683838, 0.41365152597427368, -0, -0.41365152597427368, 0.91043531894683838),
            ["LeftFoot"] = CFrame.new(1.2852251529693604e-07, 0.029529333114624023, -2.0191073417663574e-06, 0.98085087537765503, 0.14896278083324432, 0.12546589970588684, -0.16793431341648102, 0.97314023971557617, 0.15746775269508362, -0.098639078438282013, -0.17552241683006287, 0.97952139377593994),
            ["LeftHand"] = CFrame.new(0.000499993737321347, 0.00010001659393310547, -1.0925071336487235e-07, 1, 0, 0, 0, 1, 0, 0, 0, 1),
            ["LeftLowerArm"] = CFrame.new(-0.00050002336502075195, 0.045487403869628906, 0.010943911038339138, 1, 0, 0, 0, 0.89010632038116455, -0.45575293898582458, 0, 0.45575293898582458, 0.89010632038116455),
            ["LeftLowerLeg"] = CFrame.new(-5.5879354476928711e-08, 0.11933302879333496, -0.065357774496078491, 1, -0, 0, 0, 0.32399749755859375, 0.94605797529220581, -0, -0.94605797529220581, 0.32399749755859375),
            ["LeftUpperArm"] = CFrame.new(0.0085280537605285645, -0.26064407825469971, 0.10238242149353027, 1, -0, 0, 0, 0.69848275184631348, 0.71562695503234863, -0, -0.71562695503234863, 0.69848275184631348),
            ["LeftUpperLeg"] = CFrame.new(-5.9604644775390625e-08, -1.7763568394002505e-15, -9.9850694823544472e-05, 0.036294519901275635, 0.61871403455734253, 0.78477746248245239, 0.95768982172012329, 0.20281893014907837, -0.20419266819953918, -0.28550463914871216, 0.75898444652557373, -0.58517491817474365),
            ["LowerTorso"] = CFrame.new(0, -1.6178419589996338, 1.6784316301345825, 1, 0, 0, 0, 0.88461655378341675, -0.46631914377212524, 0, 0.46631914377212524, 0.88461655378341675),
            ["RightFoot"] = CFrame.new(0, 0.028934359550476074, -0.00010216066584689543, 0.99700939655303955, 0.059118811041116714, 0.049771696329116821, -0.058534350246191025, 0.99819916486740112, -0.013120854273438454, -0.050457753241062164, 0.010168261826038361, 0.99867445230484009),
            ["RightHand"] = CFrame.new(-0.00049999315524473786, 1.1920928955078125e-07, 2.4891318162190146e-07, 1, 0, 0, 0, 1, 0, 0, 0, 1),
            ["RightLowerArm"] = CFrame.new(-8.9406967163085938e-08, 0.046116352081298828, 0.011216302402317524, 1, 0, 0, 0, 0.88737815618515015, -0.46104228496551514, 0, 0.46104228496551514, 0.88737815618515015),
            ["RightLowerLeg"] = CFrame.new(2.9802322387695312e-08, 0.1166236400604248, -0.060152515769004822, 1, -0, 0, 0, 0.37913334369659424, 0.92534208297729492, -0, -0.92534208297729492, 0.37913334369659424),
            ["RightUpperArm"] = CFrame.new(0, -0.26426815986633301, 0.1038060188293457, 1, -0, 0, 0, 0.70514893531799316, 0.70905917882919312, -0, -0.70905917882919312, 0.70514893531799316),
            ["RightUpperLeg"] = CFrame.new(5.9604644775390625e-08, 1.7763568394002505e-15, 8.5725332610309124e-08, 0.33010011911392212, -0.55012869834899902, -0.76706743240356445, -0.91190171241760254, 0.024084746837615967, -0.40970143675804138, 0.24386313557624817, 0.8347325325012207, -0.4937129020690918),
            ["UpperTorso"] = CFrame.new(6.5187197861860113e-09, -0.19450396299362183, 0.10253907740116119, 1, -0, 0, 0, 0.99385750293731689, 0.11066713184118271, -0, -0.11066713184118271, 0.99385750293731689)
        }},
        {Time = 0.180, Data = {
            ["Head"] = CFrame.new(0, 1.1920928955078125e-07, 1.1920928955078125e-07, 1, -0, 0, 0, 0.91043531894683838, 0.41365152597427368, -0, -0.41365152597427368, 0.91043531894683838),
            ["LeftFoot"] = CFrame.new(7.0780515670776367e-08, 0.028843402862548828, -2.1532177925109863e-06, 0.9725157618522644, 0.17809700965881348, 0.14998197555541992, -0.21256953477859497, 0.9419788122177124, 0.25978851318359375, -0.095012292265892029, -0.28453004360198975, 0.95394724607467651),
            ["LeftHand"] = CFrame.new(0.000499993737321347, 0.00010001659393310547, -1.0925071336487235e-07, 1, 0, 0, 0, 1, 0, 0, 0, 1),
            ["LeftLowerArm"] = CFrame.new(-0.00050002336502075195, 0.045487403869628906, 0.010943911038339138, 1, 0, 0, 0, 0.89010632038116455, -0.45575293898582458, 0, 0.45575293898582458, 0.89010632038116455),
            ["LeftLowerLeg"] = CFrame.new(2.2351741790771484e-08, 0.11718744039535522, -0.060776308178901672, 1, -0, 0, 0, 0.37160766124725342, 0.9283900260925293, -0, -0.9283900260925293, 0.37160766124725342),
            ["LeftUpperArm"] = CFrame.new(0.0085280537605285645, -0.26064407825469971, 0.10238242149353027, 1, -0, 0, 0, 0.69848275184631348, 0.71562695503234863, -0, -0.71562695503234863, 0.69848275184631348),
            ["LeftUpperLeg"] = CFrame.new(-5.9604644775390625e-08, -1.7763568394002505e-15, -9.9850694823544472e-05, -0.090991020202636719, 0.59434545040130615, 0.79904603958129883, 0.9646834135055542, 0.25177717208862305, -0.077424049377441406, -0.24719825387001038, 0.76378142833709717, -0.59626460075378418),
            ["LowerTorso"] = CFrame.new(0, -1.6178419589996338, 1.6784316301345825, 1, 0, 0, 0, 0.88461655378341675, -0.46631914377212524, 0, 0.46631914377212524, 0.88461655378341675),
            ["RightFoot"] = CFrame.new(-2.9802322387695312e-08, 0.028432369232177734, -0.00010225007281405851, 0.99859845638275146, 0.040486179292201996, 0.034087453037500381, -0.042818374931812286, 0.99657648801803589, 0.070723682641983032, -0.031107421964406967, -0.072084128856658936, 0.99691331386566162),
            ["RightHand"] = CFrame.new(-0.00049999315524473786, 1.1920928955078125e-07, 2.4891318162190146e-07, 1, 0, 0, 0, 1, 0, 0, 0, 1),
            ["RightLowerArm"] = CFrame.new(-8.9406967163085938e-08, 0.046116352081298828, 0.011216302402317524, 1, 0, 0, 0, 0.88737815618515015, -0.46104228496551514, 0, 0.46104228496551514, 0.88737815618515015),
            ["RightLowerLeg"] = CFrame.new(-2.9802322387695312e-08, 0.1149519681930542, -0.057048693299293518, 1, -0, 0, 0, 0.41140764951705933, 0.91145151853561401, -0, -0.91145151853561401, 0.41140764951705933),
            ["RightUpperArm"] = CFrame.new(0, -0.26426815986633301, 0.1038060188293457, 1, -0, 0, 0, 0.70514893531799316, 0.70905917882919312, -0, -0.70905917882919312, 0.70514893531799316),
            ["RightUpperLeg"] = CFrame.new(5.9604644775390625e-08, 1.7763568394002505e-15, 8.5725332610309124e-08, 0.28743219375610352, -0.54334187507629395, -0.78877264261245728, -0.93821942806243896, 0.0059499740600585938, -0.34598970413208008, 0.19268381595611572, 0.83949041366577148, -0.5080636739730835),
            ["UpperTorso"] = CFrame.new(6.5187197861860113e-09, -0.19450396299362183, 0.10253907740116119, 1, -0, 0, 0, 0.99385750293731689, 0.11066713184118271, -0, -0.11066713184118271, 0.99385750293731689)
        }},
        {Time = 0.200, Data = {
            ["Head"] = CFrame.new(0, 1.1920928955078125e-07, 1.1920928955078125e-07, 1, -0, 0, 0, 0.91043531894683838, 0.41365152597427368, -0, -0.41365152597427368, 0.91043531894683838),
            ["LeftFoot"] = CFrame.new(-6.7055225372314453e-08, 0.028049826622009277, -2.3096799850463867e-06, 0.9636538028717041, 0.20436747372150421, 0.17206202447414398, -0.25380513072013855, 0.9013831615447998, 0.35084378719329834, -0.083392754197120667, -0.38176214694976807, 0.9204908013343811),
            ["LeftHand"] = CFrame.new(0.000499993737321347, 0.00010001659393310547, -1.0925071336487235e-07, 1, 0, 0, 0, 1, 0, 0, 0, 1),
            ["LeftLowerArm"] = CFrame.new(-0.00050002336502075195, 0.045487403869628906, 0.010943911038339138, 1, 0, 0, 0, 0.89010632038116455, -0.45575293898582458, 0, 0.45575293898582458, 0.89010632038116455),
            ["LeftLowerLeg"] = CFrame.new(1.6391277313232422e-07, 0.11455541849136353, -0.055938839912414551, 1, -0, 0, 0, 0.42194342613220215, 0.90662217140197754, -0, -0.90662217140197754, 0.42194342613220215),
            ["LeftUpperArm"] = CFrame.new(0.0085280537605285645, -0.26064407825469971, 0.10238242149353027, 1, -0, 0, 0, 0.69848275184631348, 0.71562695503234863, -0, -0.71562695503234863, 0.69848275184631348),
            ["LeftUpperLeg"] = CFrame.new(-5.9604644775390625e-08, -2.9802322387695312e-08, -9.9850694823544472e-05, -0.22062742710113525, 0.55829238891601562, 0.79977071285247803, 0.95307326316833496, 0.29768013954162598, 0.055117666721343994, -0.20730409026145935, 0.77440053224563599, -0.59776997566223145),
            ["LowerTorso"] = CFrame.new(0, -1.6178419589996338, 1.6784316301345825, 1, 0, 0, 0, 0.88461655378341675, -0.46631914377212524, 0, 0.46631914377212524, 0.88461655378341675),
            ["RightFoot"] = CFrame.new(6.7055225372314453e-08, 0.027751266956329346, -0.0001023394797812216, 0.9997560977935791, 0.016912059858441353, 0.014203334227204323, -0.018889455124735832, 0.98802089691162109, 0.15315978229045868, -0.011442944407463074, -0.15339072048664093, 0.98809933662414551),
            ["RightHand"] = CFrame.new(-0.00049999315524473786, 1.1920928955078125e-07, 2.4891318162190146e-07, 1, 0, 0, 0, 1, 0, 0, 0, 1),
            ["RightLowerArm"] = CFrame.new(-8.9406967163085938e-08, 0.046116352081298828, 0.011216302402317524, 1, 0, 0, 0, 0.88737815618515015, -0.46104228496551514, 0, 0.46104228496551514, 0.88737815618515015),
            ["RightLowerLeg"] = CFrame.new(8.9406967163085938e-08, 0.11265820264816284, -0.053290616720914841, 1, -0, 0, 0, 0.45053929090499878, 0.89275664091110229, -0, -0.89275664091110229, 0.45053929090499878),
            ["RightUpperArm"] = CFrame.new(0, -0.26426815986633301, 0.1038060188293457, 1, -0, 0, 0, 0.70514893531799316, 0.70905917882919312, -0, -0.70905917882919312, 0.70514893531799316),
            ["RightUpperLeg"] = CFrame.new(5.9604644775390625e-08, 1.7763568394002505e-15, 8.5725332610309124e-08, 0.23962032794952393, -0.5319179892539978, -0.81218558549880981, -0.96048051118850708, -0.0078406333923339844, -0.27823704481124878, 0.14163124561309814, 0.8467596173286438, -0.51277565956115723),
            ["UpperTorso"] = CFrame.new(6.5187197861860113e-09, -0.19450396299362183, 0.10253907740116119, 1, -0, 0, 0, 0.99385750293731689, 0.11066713184118271, -0, -0.11066713184118271, 0.99385750293731689)
        }},
        {Time = 0.220, Data = {
            ["Head"] = CFrame.new(0, 1.1920928955078125e-07, 1.1920928955078125e-07, 1, -0, 0, 0, 0.91043531894683838, 0.41365152597427368, -0, -0.41365152597427368, 0.91043531894683838),
            ["LeftFoot"] = CFrame.new(-1.1175870895385742e-07, 0.027155816555023193, -2.2873282432556152e-06, 0.95512872934341431, 0.22659121453762054, 0.19074979424476624, -0.28881075978279114, 0.85535073280334473, 0.43007373809814453, -0.065707050263881683, -0.46586638689041138, 0.88241207599639893),
            ["LeftHand"] = CFrame.new(0.000499993737321347, 0.00010001659393310547, -1.0925071336487235e-07, 1, 0, 0, 0, 1, 0, 0, 0, 1),
            ["LeftLowerArm"] = CFrame.new(-0.00050002336502075195, 0.045487403869628906, 0.010943911038339138, 1, 0, 0, 0, 0.89010632038116455, -0.45575293898582458, 0, 0.45575293898582458, 0.89010632038116455),
            ["LeftLowerLeg"] = CFrame.new(0, 0.11144351959228516, -0.051031991839408875, 1, -0, 0, 0, 0.47292923927307129, 0.88110041618347168, -0, -0.88110041618347168, 0.47292923927307129),
            ["LeftUpperArm"] = CFrame.new(0.0085280537605285645, -0.26064407825469971, 0.10238242149353027, 1, -0, 0, 0, 0.69848275184631348, 0.71562695503234863, -0, -0.71562695503234863, 0.69848275184631348),
            ["LeftUpperLeg"] = CFrame.new(-5.9604644775390625e-08, -2.9802322387695312e-08, -9.9850694823544472e-05, -0.34489905834197998, 0.51302468776702881, 0.78603446483612061, 0.92339205741882324, 0.33577442169189453, 0.18601799011230469, -0.16849842667579651, 0.78997546434402466, -0.58953118324279785),
            ["LowerTorso"] = CFrame.new(0, -1.6178419589996338, 1.6784316301345825, 1, 0, 0, 0, 0.88461655378341675, -0.46631914377212524, 0, 0.46631914377212524, 0.88461655378341675),
            ["RightFoot"] = CFrame.new(-7.4505805969238281e-09, 0.026971161365509033, -0.00010247359023196623, 0.99990689754486084, -0.010444861836731434, -0.0087824417278170586, 0.012189381755888462, 0.97295516729354858, 0.2306721955537796, 0.0061355829238891602, -0.23075775802135468, 0.97299188375473022),
            ["RightHand"] = CFrame.new(-0.00049999315524473786, 1.1920928955078125e-07, 2.4891318162190146e-07, 1, 0, 0, 0, 1, 0, 0, 0, 1),
            ["RightLowerArm"] = CFrame.new(-8.9406967163085938e-08, 0.046116352081298828, 0.011216302402317524, 1, 0, 0, 0, 0.88737815618515015, -0.46104228496551514, 0, 0.46104228496551514, 0.88737815618515015),
            ["RightLowerLeg"] = CFrame.new(-8.9406967163085938e-08, 0.10980486869812012, -0.049043141305446625, 1, -0, 0, 0, 0.49459302425384521, 0.86912471055984497, -0, -0.86912471055984497, 0.49459302425384521),
