return {
["crawl"] = {

          {Time = 0.000, Data = {

              ["Head"] = CFrame.new(-0.000000, 0.000000, 0.000000, 0.983851, -0.036422, 0.175247, 0.176435, 0.362230, -0.915238, -0.030145, 0.931377, 0.362806),

              ["LeftFoot"] = CFrame.new(0.000000, 0.012391, -0.000003, 0.976403, -0.165199, -0.139101, 0.119647, 0.950007, -0.288414, 0.179782, 0.264947, 0.947348),

              ["LeftHand"] = CFrame.new(0.000485, 0.022350, -0.000000, 0.987068, 0.138096, -0.081403, -0.112618, 0.958767, 0.260931, 0.114078, -0.248387, 0.961919),

              ["LeftLowerArm"] = CFrame.new(-0.000500, 0.108751, 0.055489, 1.000000, -0.000000, -0.000000, 0.000000, 0.427856, -0.903847, 0.000000, 0.903847, 0.427857),

              ["LeftLowerLeg"] = CFrame.new(-0.000000, 0.062094, -0.013266, 1.000000, -0.000000, -0.000000, 0.000000, 0.864125, 0.503272, -0.000000, -0.503277, 0.864128),

              ["LeftUpperArm"] = CFrame.new(-0.132505, -0.268311, -0.442864, 0.231787, 0.732838, -0.639705, -0.417898, -0.518825, -0.745777, -0.878428, 0.440192, 0.185995),

              ["LeftUpperLeg"] = CFrame.new(0.000000, -0.000000, -0.000100, 0.976402, 0.193873, 0.095145, -0.182932, 0.976637, -0.112748, -0.114782, 0.092701, 0.989058),

              ["LowerTorso"] = CFrame.new(-0.000000, -1.432366, 7.480135, 1.000000, -0.000000, -0.000000, 0.000000, 0.200176, 0.979760, 0.000000, -0.979760, 0.200176),

              ["RightFoot"] = CFrame.new(0.000000, 0.014940, -0.000103, 0.946022, 0.247926, 0.208760, -0.232473, 0.967857, -0.095973, -0.225829, 0.042254, 0.973247),

              ["RightHand"] = CFrame.new(-0.000483, 0.025976, 0.000000, 0.999019, 0.038411, -0.022020, -0.031176, 0.963431, 0.266142, 0.031437, -0.265191, 0.963683),

              ["RightLowerArm"] = CFrame.new(-0.000001, 0.119554, 0.108237, 1.000000, 0.000000, -0.000000, -0.000000, -0.119763, -0.992803, -0.000000, 0.992803, -0.119764),

              ["RightLowerLeg"] = CFrame.new(-0.000000, 0.073105, -0.019338, 1.000000, 0.000000, -0.000000, -0.000000, 0.803074, 0.595878, -0.000000, -0.595879, 0.803075),

              ["RightUpperArm"] = CFrame.new(-0.224762, -0.087173, 0.021216, 0.982876, -0.184117, -0.007417, 0.184179, 0.982855, 0.008666, 0.005694, -0.009883, 0.999935),

              ["RightUpperLeg"] = CFrame.new(0.000000, -0.000000, -0.000000, 0.688930, -0.363143, -0.627305, 0.208673, 0.928172, -0.308127, 0.694141, 0.081392, 0.715225),

              ["UpperTorso"] = CFrame.new(-0.000000, -0.000000, -0.000000, 0.987229, 0.156691, -0.028755, -0.155413, 0.986943, 0.042324, 0.035011, -0.037314, 0.998690)

          }},

          {Time = 0.033, Data = {

              ["Head"] = CFrame.new(0.000000, 0.000000, 0.000000, 0.984541, -0.035351, 0.171551, 0.172608, 0.362253, -0.915958, -0.029765, 0.931409, 0.362754),

              ["LeftFoot"] = CFrame.new(-0.000000, 0.012546, -0.000003, 0.976632, -0.164407, -0.138434, 0.118882, 0.949821, -0.289341, 0.179046, 0.266103, 0.947163),

              ["LeftHand"] = CFrame.new(0.000485, 0.022685, -0.000000, 0.987542, 0.135553, -0.079914, -0.107374, 0.951741, 0.287510, 0.115029, -0.275345, 0.954438),

              ["LeftLowerArm"] = CFrame.new(-0.000499, 0.110323, 0.058414, 1.000000, -0.000000, -0.000000, -0.000000, 0.397501, -0.917602, 0.000000, 0.917602, 0.397501),

              ["LeftLowerLeg"] = CFrame.new(-0.000000, 0.062938, -0.013679, 1.000000, -0.000000, -0.000000, 0.000000, 0.859922, 0.510422, -0.000000, -0.510426, 0.859924),

              ["LeftUpperArm"] = CFrame.new(-0.127780, -0.270318, -0.440626, 0.241238, 0.737983, -0.630226, -0.421912, -0.505069, -0.752925, -0.873953, 0.447534, 0.189522),

              ["LeftUpperLeg"] = CFrame.new(0.000000, -0.000000, -0.000100, 0.974810, 0.197395, 0.103830, -0.184871, 0.975536, -0.118948, -0.124770, 0.096776, 0.987457),

              ["LowerTorso"] = CFrame.new(-0.000000, -1.432366, 7.465922, 1.000000, -0.000000, -0.000000, 0.000000, 0.200176, 0.979760, 0.000000, -0.979760, 0.200176),

              ["RightFoot"] = CFrame.new(0.000000, 0.014858, -0.000103, 0.946703, 0.246400, 0.207475, -0.232044, 0.968412, -0.091303, -0.223405, 0.038286, 0.973970),

              ["RightHand"] = CFrame.new(-0.000483, 0.026050, 0.000000, 0.999380, 0.030583, -0.017442, -0.024242, 0.957013, 0.289034, 0.025531, -0.288428, 0.957160),

              ["RightLowerArm"] = CFrame.new(-0.000001, 0.119343, 0.109993, 1.000000, 0.000000, -0.000000, -0.000000, -0.138000, -0.990432, -0.000000, 0.990432, -0.138001),

              ["RightLowerLeg"] = CFrame.new(-0.000000, 0.072810, -0.019174, 1.000000, 0.000000, 0.000000, -0.000000, 0.804758, 0.593602, -0.000000, -0.593603, 0.804759),

              ["RightUpperArm"] = CFrame.new(-0.223915, -0.091615, 0.025336, 0.981183, -0.193067, 0.002346, 0.193064, 0.981185, 0.001266, -0.002546, -0.000789, 0.999996),

              ["RightUpperLeg"] = CFrame.new(0.000000, -0.000000, -0.000000, 0.695567, -0.360301, -0.621593, 0.208709, 0.929185, -0.305033, 0.687479, 0.082455, 0.721510),

              ["UpperTorso"] = CFrame.new(-0.000000, -0.000000, -0.000000, 0.987798, 0.153157, -0.028243, -0.151888, 0.987477, 0.042645, 0.034421, -0.037835, 0.998691)

          }},

          {Time = 0.067, Data = {

              ["Head"] = CFrame.new(0.000000, 0.000000, -0.000000, 0.986410, -0.032325, 0.161093, 0.161780, 0.362297, -0.917915, -0.028692, 0.931502, 0.362603),

              ["LeftFoot"] = CFrame.new(0.000000, 0.012974, -0.000003, 0.977290, -0.162103, -0.136493, 0.116711, 0.949334, -0.291813, 0.176870, 0.269236, 0.946686),

              ["LeftHand"] = CFrame.new(0.000485, 0.023520, 0.000000, 0.988663, 0.129335, -0.076274, -0.093669, 0.928277, 0.359903, 0.117350, -0.348675, 0.929867),

              ["LeftLowerArm"] = CFrame.new(-0.000500, 0.113967, 0.066516, 1.000000, -0.000000, -0.000000, 0.000000, 0.313426, -0.949613, 0.000000, 0.949613, 0.313426),

              ["LeftLowerLeg"] = CFrame.new(0.000000, 0.065252, -0.014850, 1.000000, -0.000000, -0.000000, 0.000000, 0.847983, 0.530021, -0.000000, -0.530024, 0.847985),

              ["LeftUpperArm"] = CFrame.new(-0.114051, -0.276431, -0.433571, 0.268695, 0.749739, -0.604726, -0.434138, -0.466167, -0.770852, -0.859841, 0.469659, 0.200234),

              ["LeftUpperLeg"] = CFrame.new(0.000000, -0.000000, -0.000100, 0.969786, 0.207674, 0.128011, -0.190211, 0.972238, -0.136265, -0.152756, 0.107818, 0.982367),

              ["LowerTorso"] = CFrame.new(-0.000000, -1.432366, 7.425922, 1.000000, -0.000000, -0.000000, 0.000000, 0.200176, 0.979760, 0.000000, -0.979760, 0.200176),

              ["RightFoot"] = CFrame.new(-0.000000, 0.014627, -0.000103, 0.948670, 0.241932, 0.203713, -0.230616, 0.969919, -0.077946, -0.216429, 0.026959, 0.975923),

              ["RightHand"] = CFrame.new(-0.000483, 0.026246, 0.000000, 0.999921, 0.011043, -0.006011, -0.008198, 0.935083, 0.354339, 0.009534, -0.354258, 0.935098),

              ["RightLowerArm"] = CFrame.new(-0.000001, 0.118618, 0.114656, 1.000000, 0.000000, -0.000000, -0.000000, -0.186417, -0.982471, -0.000000, 0.982471, -0.186418),

              ["RightLowerLeg"] = CFrame.new(0.000000, 0.071969, -0.018715, 1.000000, 0.000000, -0.000000, -0.000000, 0.809484, 0.587141, -0.000000, -0.587142, 0.809484),

              ["RightUpperArm"] = CFrame.new(-0.220855, -0.105435, 0.035748, 0.975061, -0.220002, 0.029235, 0.220702, 0.975062, -0.023342, -0.023370, 0.029212, 0.999300),

              ["RightUpperLeg"] = CFrame.new(0.000000, -0.000000, -0.000000, 0.713954, -0.352265, -0.605134, 0.208728, 0.932011, -0.296272, 0.668358, 0.085232, 0.738942),

              ["UpperTorso"] = CFrame.new(0.000000, -0.000001, 0.000000, 0.989336, 0.143164, -0.026802, -0.141922, 0.988918, 0.043580, 0.032744, -0.039311, 0.998690)

          }},

          {Time = 0.100, Data = {

              ["Head"] = CFrame.new(-0.000000, 0.000001, -0.000000, 0.989076, -0.027624, 0.144797, 0.144909, 0.362305, -0.920726, -0.027026, 0.931650, 0.362350),

              ["LeftFoot"] = CFrame.new(-0.000000, 0.013615, -0.000003, 0.978345, -0.158333, -0.133320, 0.113298, 0.948680, -0.295265, 0.173217, 0.273746, 0.946068),

              ["LeftHand"] = CFrame.new(0.000484, 0.024431, 0.000000, 0.989702, 0.123289, -0.072736, -0.075789, 0.882377, 0.464403, 0.121435, -0.454104, 0.882632),

              ["LeftLowerArm"] = CFrame.new(-0.000499, 0.117667, 0.078581, 1.000000, -0.000000, -0.000000, 0.000000, 0.188226, -0.982126, 0.000000, 0.982126, 0.188226),

              ["LeftLowerLeg"] = CFrame.new(-0.000000, 0.068664, -0.016685, 1.000000, -0.000000, 0.000000, 0.000000, 0.829253, 0.558871, -0.000000, -0.558874, 0.829254),

              ["LeftUpperArm"] = CFrame.new(-0.091336, -0.287199, -0.420089, 0.314125, 0.760439, -0.568382, -0.455676, -0.404453, -0.792955, -0.832877, 0.508085, 0.219465),

              ["LeftUpperLeg"] = CFrame.new(0.000000, -0.000000, -0.000100, 0.960458, 0.224566, 0.164593, -0.198120, 0.966583, -0.162665, -0.195623, 0.123644, 0.972856),

              ["LowerTorso"] = CFrame.new(-0.000000, -1.432366, 7.364092, 1.000000, -0.000000, -0.000000, 0.000000, 0.200176, 0.979760, 0.000000, -0.979760, 0.200176),

              ["RightFoot"] = CFrame.new(-0.000000, 0.014265, -0.000103, 0.951842, 0.234529, 0.197479, -0.227762, 0.972068, -0.056645, -0.205235, 0.008933, 0.978669),

              ["RightHand"] = CFrame.new(-0.000483, 0.026511, 0.000000, 0.999923, -0.010481, 0.006601, 0.006316, 0.889894, 0.456128, -0.010654, -0.456047, 0.889890),

              ["RightLowerArm"] = CFrame.new(-0.000002, 0.117273, 0.120881, 1.000000, 0.000000, -0.000000, -0.000000, -0.251084, -0.967965, -0.000000, 0.967965, -0.251085),

              ["RightLowerLeg"] = CFrame.new(0.000000, 0.070646, -0.018007, 1.000000, 0.000000, 0.000000, -0.000000, 0.816753, 0.576987, -0.000000, -0.576988, 0.816754),

              ["RightUpperArm"] = CFrame.new(-0.213943, -0.130914, 0.047644, 0.961237, -0.266785, 0.069636, 0.271660, 0.959568, -0.073687, -0.047162, 0.089749, 0.994847),

              ["RightUpperLeg"] = CFrame.new(0.000000, -0.000000, 0.000000, 0.741465, -0.339758, -0.578620, 0.208513, 0.936303, -0.282575, 0.637772, 0.088886, 0.765081),

              ["UpperTorso"] = CFrame.new(0.000000, -0.000000, 0.000000, 0.991520, 0.127612, -0.024577, -0.126421, 0.990951, 0.045094, 0.030110, -0.041605, 0.998680)

          }},

          {Time = 0.133, Data = {

              ["Head"] = CFrame.new(0.000000, 0.000000, 0.000000, 0.992101, -0.021530, 0.123582, 0.122953, 0.362203, -0.923954, -0.024869, 0.931851, 0.361989),

              ["LeftFoot"] = CFrame.new(-0.000000, 0.014630, -0.000003, 0.979761, -0.153125, -0.128934, 0.108878, 0.948131, -0.298673, 0.167970, 0.278570, 0.945606),

              ["LeftHand"] = CFrame.new(0.000483, 0.025382, -0.000000, 0.989580, 0.124012, -0.073160, -0.058234, 0.809417, 0.584343, 0.131681, -0.573990, 0.808202),

              ["LeftLowerArm"] = CFrame.new(-0.000499, 0.119804, 0.093011, 1.000000, -0.000000, 0.000000, 0.000000, 0.038335, -0.999265, 0.000000, 0.999265, 0.038335),

              ["LeftLowerLeg"] = CFrame.new(0.000000, 0.072905, -0.019017, 1.000000, -0.000000, -0.000000, 0.000000, 0.805348, 0.592801, -0.000000, -0.592802, 0.805349),

              ["LeftUpperArm"] = CFrame.new(-0.058808, -0.303284, -0.396787, 0.379182, 0.760529, -0.527084, -0.487844, -0.319718, -0.812274, -0.786276, 0.565134, 0.249788),

              ["LeftUpperLeg"] = CFrame.new(0.000000, -0.000000, -0.000100, 0.945687, 0.247836, 0.210368, -0.207680, 0.958450, -0.195541, -0.250090, 0.141251, 0.957867),

              ["LowerTorso"] = CFrame.new(-0.000000, -1.432366, 7.284389, 1.000000, -0.000000, -0.000000, 0.000000, 0.200176, 0.979760, 0.000000, -0.979760, 0.200176),

              ["RightFoot"] = CFrame.new(0.000000, 0.013910, -0.000103, 0.956106, 0.224149, 0.188739, -0.222985, 0.974429, -0.027664, -0.190102, -0.015639, 0.981638),

              ["RightHand"] = CFrame.new(-0.000482, 0.026781, 0.000001, 0.999771, -0.018224, 0.011189, 0.008288, 0.812551, 0.582834, -0.019713, -0.582605, 0.812514),

              ["RightLowerArm"] = CFrame.new(-0.000002, 0.115479, 0.127098, 1.000000, 0.000000, -0.000000, -0.000000, -0.315705, -0.948857, -0.000000, 0.948857, -0.315706),

              ["RightLowerLeg"] = CFrame.new(-0.000000, 0.068960, -0.017064, 1.000000, 0.000000, 0.000000, -0.000000, 0.826406, 0.563073, 0.000000, -0.563075, 0.826407),

              ["RightUpperArm"] = CFrame.new(-0.200132, -0.171862, 0.053045, 0.933615, -0.337240, 0.120966, 0.353558, 0.921838, -0.158781, -0.057963, 0.191009, 0.979876),

              ["RightUpperLeg"] = CFrame.new(0.000000, -0.000000, 0.000000, 0.775134, -0.323397, -0.542759, 0.207791, 0.941765, -0.264372, 0.596649, 0.092160, 0.797195),

              ["UpperTorso"] = CFrame.new(-0.000000, -0.000000, 0.000000, 0.993979, 0.107399, -0.021723, -0.106286, 0.993217, 0.047161, 0.026640, -0.044568, 0.998651)

          }},

          {Time = 0.167, Data = {

              ["Head"] = CFrame.new(-0.000000, 0.000000, 0.000000, 0.995045, -0.014327, 0.098387, 0.096886, 0.361918, -0.927161, -0.022325, 0.932100, 0.361513),

              ["LeftFoot"] = CFrame.new(0.000000, 0.016027, -0.000003, 0.981480, -0.146541, -0.123390, 0.103592, 0.947788, -0.301627, 0.161138, 0.283238, 0.945408),

              ["LeftHand"] = CFrame.new(0.000483, 0.026073, 0.000000, 0.986391, 0.141652, -0.083479, -0.042805, 0.711448, 0.701438, 0.158749, -0.688315, 0.707825),

              ["LeftLowerArm"] = CFrame.new(-0.000499, 0.119465, 0.108145, 1.000000, -0.000000, 0.000000, -0.000000, -0.118810, -0.992917, 0.000000, 0.992917, -0.118811),

              ["LeftLowerLeg"] = CFrame.new(0.000000, 0.077687, -0.021721, 1.000000, -0.000000, -0.000000, 0.000000, 0.777489, 0.628898, -0.000000, -0.628897, 0.777488),

              ["LeftUpperArm"] = CFrame.new(-0.014981, -0.324373, -0.357607, 0.466835, 0.739032, -0.485692, -0.530021, -0.205823, -0.822626, -0.707914, 0.641458, 0.295617),

              ["LeftUpperLeg"] = CFrame.new(-0.000000, -0.000000, -0.000100, 0.924483, 0.276983, 0.261942, -0.217957, 0.947753, -0.232914, -0.312771, 0.158254, 0.936556),

              ["LowerTorso"] = CFrame.new(-0.000000, -1.432366, 7.190769, 1.000000, -0.000000, -0.000000, 0.000000, 0.200176, 0.979760, 0.000000, -0.979760, 0.200176),

              ["RightFoot"] = CFrame.new(0.000000, 0.013529, -0.000103, 0.961260, 0.210856, 0.177546, -0.215731, 0.976417, 0.008391, -0.171579, -0.046370, 0.984077),

              ["RightHand"] = CFrame.new(-0.000482, 0.026975, -0.000000, 0.999928, 0.010604, -0.005562, -0.003485, 0.702108, 0.712065, 0.011456, -0.711992, 0.702091),

              ["RightLowerArm"] = CFrame.new(-0.000002, 0.113855, 0.131614, 1.000000, 0.000000, -0.000000, -0.000000, -0.362638, -0.931929, -0.000000, 0.931930, -0.362640),

              ["RightLowerLeg"] = CFrame.new(0.000000, 0.066940, -0.015949, 1.000000, 0.000000, -0.000000, -0.000000, 0.837783, 0.546001, 0.000000, -0.546004, 0.837785),

              ["RightUpperArm"] = CFrame.new(-0.173326, -0.232033, 0.039961, 0.880004, -0.437640, 0.184563, 0.473901, 0.835041, -0.279507, -0.031794, 0.333432, 0.942238),

              ["RightUpperLeg"] = CFrame.new(0.000000, -0.000000, -0.000000, 0.811834, -0.304215, -0.498381, 0.206303, 0.947942, -0.242561, 0.546227, 0.094119, 0.832335),

              ["UpperTorso"] = CFrame.new(-0.000000, -0.000000, 0.000000, 0.996343, 0.083438, -0.018394, -0.082436, 0.995354, 0.049752, 0.022460, -0.048053, 0.998592)

          }},

          {Time = 0.200, Data = {

              ["Head"] = CFrame.new(0.000000, 0.000000, -0.000000, 0.997514, -0.006307, 0.070179, 0.067711, 0.361393, -0.929952, -0.019497, 0.932393, 0.360921),

              ["LeftFoot"] = CFrame.new(0.000000, 0.017699, -0.000003, 0.983420, -0.138723, -0.116808, 0.097550, 0.947625, -0.304144, 0.152872, 0.287685, 0.945438),

              ["LeftHand"] = CFrame.new(0.000483, 0.026671, 0.000000, 0.975546, 0.189453, -0.111436, -0.026106, 0.603283, 0.797103, 0.218239, -0.774698, 0.593472),

              ["LeftLowerArm"] = CFrame.new(-0.000499, 0.116813, 0.122269, 1.000000, -0.000000, -0.000000, -0.000000, -0.265517, -0.964106, 0.000000, 0.964106, -0.265518),

              ["LeftLowerLeg"] = CFrame.new(0.000000, 0.082714, -0.024700, 1.000000, -0.000000, -0.000000, 0.000000, 0.746650, 0.665220, -0.000000, -0.665218, 0.746647),

              ["LeftUpperArm"] = CFrame.new(0.040883, -0.346665, -0.293085, 0.578564, 0.681513, -0.448111, -0.574607, -0.049350, -0.816941, -0.578870, 0.730140, 0.363050),

              ["LeftUpperLeg"] = CFrame.new(-0.000000, -0.000000, -0.000101, 0.896321, 0.311125, 0.315934, -0.228078, 0.934519, -0.273211, -0.380250, 0.172848, 0.908593),

              ["LowerTorso"] = CFrame.new(-0.000000, -1.432366, 7.087191, 1.000000, -0.000000, -0.000000, 0.000000, 0.200176, 0.979760, 0.000000, -0.979760, 0.200176),

              ["RightFoot"] = CFrame.new(-0.000000, 0.013096, -0.000103, 0.966990, 0.194923, 0.164130, -0.205626, 0.977312, 0.050797, -0.150495, -0.082868, 0.985130),

              ["RightHand"] = CFrame.new(-0.000482, 0.027033, 0.000000, 0.993053, 0.101912, -0.058821, -0.011667, 0.582702, 0.812605, 0.117088, -0.806271, 0.579839),

              ["RightLowerArm"] = CFrame.new(-0.000002, 0.113337, 0.132910, 1.000000, 0.000000, -0.000000, 0.000000, -0.376107, -0.926576, -0.000000, 0.926576, -0.376108),

              ["RightLowerLeg"] = CFrame.new(-0.000000, 0.064623, -0.014728, 1.000000, 0.000000, 0.000000, -0.000000, 0.850240, 0.526392, 0.000000, -0.526396, 0.850242),

              ["RightUpperArm"] = CFrame.new(-0.121176, -0.309179, -0.006183, 0.775704, -0.572305, 0.265991, 0.628191, 0.659801, -0.412356, 0.060492, 0.486960, 0.871327),

              ["RightUpperLeg"] = CFrame.new(0.000000, -0.000000, -0.000000, 0.848529, -0.283395, -0.446867, 0.203867, 0.954385, -0.218128, 0.488300, 0.094004, 0.867600),

              ["UpperTorso"] = CFrame.new(0.000000, -0.000001, -0.000000, 0.998285, 0.056662, -0.014748, -0.055811, 0.997043, 0.052829, 0.017698, -0.051916, 0.998495)

          }},

          {Time = 0.233, Data = {

              ["Head"] = CFrame.new(0.000000, -0.000000, 0.000000, 0.999199, 0.002233, 0.039959, 0.036466, 0.360591, -0.932011, -0.016490, 0.932722, 0.360220),

              ["LeftFoot"] = CFrame.new(-0.000000, 0.019352, -0.000003, 0.985475, -0.129907, -0.109384, 0.090856, 0.947468, -0.306698, 0.143472, 0.292284, 0.945501),

              ["LeftHand"] = CFrame.new(0.000482, 0.027173, 0.000000, 0.947190, 0.276540, -0.162353, -0.004145, 0.516804, 0.856096, 0.320646, -0.810210, 0.490654),

              ["LeftLowerArm"] = CFrame.new(-0.000499, 0.112836, 0.133876, 1.000000, -0.000000, 0.000000, -0.000000, -0.386151, -0.922435, 0.000000, 0.922435, -0.386153),

              ["LeftLowerLeg"] = CFrame.new(0.000000, 0.087627, -0.027914, 1.000000, -0.000000, -0.000000, 0.000000, 0.713320, 0.700842, -0.000000, -0.700839, 0.713316),

              ["LeftUpperArm"] = CFrame.new(0.103987, -0.358760, -0.193875, 0.704772, 0.573342, -0.417824, -0.598794, 0.164906, -0.783742, -0.380450, 0.802549, 0.459535),

              ["LeftUpperLeg"] = CFrame.new(-0.000000, -0.000000, -0.000100, 0.861343, 0.349103, 0.369081, -0.237291, 0.918836, -0.315311, -0.449202, 0.184032, 0.874276),

              ["LowerTorso"] = CFrame.new(-0.000000, -1.432366, 6.977609, 1.000000, -0.000000, -0.000000, 0.000000, 0.200176, 0.979760, 0.000000, -0.979760, 0.200176),

              ["RightFoot"] = CFrame.new(-0.000000, 0.012624, -0.000103, 0.972900, 0.176877, 0.148935, -0.192592, 0.976313, 0.098605, -0.127958, -0.124612, 0.983918),

              ["RightHand"] = CFrame.new(-0.000482, 0.026903, 0.000000, 0.953359, 0.260951, -0.151698, -0.003324, 0.511624, 0.859205, 0.301820, -0.818625, 0.488625),

              ["RightLowerArm"] = CFrame.new(-0.000002, 0.114512, 0.129883, 1.000000, 0.000000, -0.000000, -0.000000, -0.344660, -0.938727, -0.000000, 0.938728, -0.344661),

              ["RightLowerLeg"] = CFrame.new(0.000000, 0.062072, -0.013452, 1.000000, 0.000000, 0.000000, -0.000000, 0.863249, 0.504774, 0.000000, -0.504779, 0.863252),

              ["RightUpperArm"] = CFrame.new(-0.028794, -0.381804, -0.090588, 0.590939, -0.719486, 0.364871, 0.773441, 0.376742, -0.509759, 0.229303, 0.583442, 0.779112),

              ["RightUpperLeg"] = CFrame.new(0.000000, -0.000000, -0.000000, 0.882590, -0.262159, -0.390270, 0.200430, 0.960696, -0.192052, 0.425279, 0.091299, 0.900447),

              ["UpperTorso"] = CFrame.new(-0.000000, -0.000000, 0.000000, 0.999547, 0.028035, -0.010939, -0.027375, 0.998036, 0.056346, 0.012497, -0.056021, 0.998351)

          }},

          {Time = 0.267, Data = {

              ["Head"] = CFrame.new(-0.000000, -0.000000, -0.000000, 0.999901, 0.010995, 0.008754, 0.004216, 0.359509, -0.933132, -0.013407, 0.933077, 0.359427),

              ["LeftFoot"] = CFrame.new(0.000000, 0.021091, -0.000003, 0.987533, -0.120417, -0.101393, 0.083792, 0.947363, -0.309024, 0.133260, 0.296654, 0.945634),

              ["LeftHand"] = CFrame.new(0.000482, 0.027532, 0.000000, 0.892671, 0.388810, -0.227964, 0.009130, 0.490085, 0.871628, 0.450616, -0.780156, 0.433932),

              ["LeftLowerArm"] = CFrame.new(-0.000498, 0.109014, 0.141873, 1.000000, -0.000000, 0.000000, 0.000000, -0.469279, -0.883049, 0.000000, 0.883050, -0.469280),

              ["LeftLowerLeg"] = CFrame.new(0.000000, 0.092344, -0.031187, 1.000000, -0.000000, -0.000000, 0.000000, 0.679246, 0.733915, -0.000000, -0.733911, 0.679241),

              ["LeftUpperArm"] = CFrame.new(0.158415, -0.343222, -0.066310, 0.813628, 0.420834, -0.401133, -0.567718, 0.426375, -0.704202, -0.125319, 0.800689, 0.585826),

              ["LeftUpperLeg"] = CFrame.new(-0.000000, -0.000000, -0.000100, 0.820465, 0.389092, 0.418870, -0.245025, 0.901286, -0.357256, -0.516527, 0.190502, 0.834815),

              ["LowerTorso"] = CFrame.new(-0.000000, -1.432366, 6.865982, 1.000000, -0.000000, -0.000000, 0.000000, 0.200176, 0.979760, 0.000000, -0.979760, 0.200176),

              ["RightFoot"] = CFrame.new(-0.000000, 0.012128, -0.000103, 0.978581, 0.157476, 0.132598, -0.176905, 0.972668, 0.150413, -0.105281, -0.170641, 0.979691),

              ["RightHand"] = CFrame.new(-0.000482, 0.026572, -0.000000, 0.863250, 0.436170, -0.254083, -0.018606, 0.530509, 0.847477, 0.504433, -0.726854, 0.466075),

              ["RightLowerArm"] = CFrame.new(-0.000001, 0.116903, 0.122303, 1.000000, 0.000000, -0.000000, -0.000000, -0.265865, -0.964010, -0.000000, 0.964010, -0.265867),

              ["RightLowerLeg"] = CFrame.new(0.000000, 0.059356, -0.012171, 1.000000, 0.000000, -0.000000, -0.000000, 0.876298, 0.481763, 0.000000, -0.481769, 0.876301),

              ["RightUpperArm"] = CFrame.new(0.094218, -0.413645, -0.188224, 0.344915, -0.819521, 0.457623, 0.837120, 0.048046, -0.544904, 0.424574, 0.571031, 0.702610),

              ["RightUpperLeg"] = CFrame.new(0.000000, -0.000000, 0.000000, 0.912080, -0.241715, -0.331189, 0.196096, 0.966538, -0.165362, 0.360078, 0.085896, 0.928961),

              ["UpperTorso"] = CFrame.new(-0.000000, -0.000000, 0.000000, 0.999974, -0.001460, -0.007115, 0.001886, 0.998182, 0.060238, 0.007014, -0.060250, 0.998159)

          }},

          {Time = 0.300, Data = {

              ["Head"] = CFrame.new(-0.000000, 0.000000, -0.000000, 0.999556, 0.019681, -0.022389, -0.027956, 0.358181, -0.933233, -0.010348, 0.933445, 0.358572),

              ["LeftFoot"] = CFrame.new(0.000000, 0.022464, -0.000003, 0.989483, -0.110654, -0.093173, 0.076541, 0.947039, -0.311885, 0.122743, 0.301452, 0.945540),

              ["LeftHand"] = CFrame.new(0.000482, 0.027714, 0.000000, 0.827568, 0.484372, -0.283756, -0.019445, 0.529905, 0.847835, 0.561028, -0.696121, 0.447948),

              ["LeftLowerArm"] = CFrame.new(-0.000498, 0.106830, 0.145720, 1.000000, -0.000000, 0.000000, 0.000000, -0.509292, -0.860593, 0.000000, 0.860594, -0.509293),

              ["LeftLowerLeg"] = CFrame.new(-0.000000, 0.096466, -0.034526, 1.000000, -0.000000, -0.000000, 0.000000, 0.644557, 0.764561, -0.000000, -0.764556, 0.644551),

              ["LeftUpperArm"] = CFrame.new(0.188120, -0.295954, 0.055305, 0.873037, 0.272566, -0.404368, -0.473184, 0.673986, -0.567309, 0.117909, 0.686623, 0.717389),

              ["LeftUpperLeg"] = CFrame.new(-0.000000, -0.000000, -0.000101, 0.775377, 0.429517, 0.462940, -0.250936, 0.882269, -0.398268, -0.579501, 0.192659, 0.791877),

              ["LowerTorso"] = CFrame.new(-0.000000, -1.432366, 6.756267, 1.000000, -0.000000, -0.000000, 0.000000, 0.200176, 0.979760, 0.000000, -0.979760, 0.200176),

              ["RightFoot"] = CFrame.new(0.000000, 0.011622, -0.000103, 0.983680, 0.137636, 0.115892, -0.159212, 0.965880, 0.204284, -0.083816, -0.219390, 0.972027),

              ["RightHand"] = CFrame.new(-0.000483, 0.026079, -0.000000, 0.759394, 0.562090, -0.327688, -0.105431, 0.603298, 0.790518, 0.642032, -0.565763, 0.517399),

              ["RightLowerArm"] = CFrame.new(-0.000001, 0.119249, 0.110694, 1.000000, 0.000000, -0.000000, 0.000000, -0.145272, -0.989392, -0.000000, 0.989392, -0.145273),

              ["RightLowerLeg"] = CFrame.new(0.000000, 0.056566, -0.010933, 1.000000, 0.000000, 0.000000, -0.000000, 0.888899, 0.458096, 0.000000, -0.458103, 0.888903),

              ["RightUpperArm"] = CFrame.new(0.207576, -0.400112, -0.263093, 0.118200, -0.843357, 0.524193, 0.810059, -0.223421, -0.542114, 0.574312, 0.488704, 0.656760),

              ["RightUpperLeg"] = CFrame.new(0.000000, -0.000000, -0.000000, 0.935926, -0.223103, -0.272523, 0.191115, 0.971660, -0.139097, 0.295833, 0.078119, 0.952042),

              ["UpperTorso"] = CFrame.new(-0.000000, -0.000000, -0.000000, 0.999519, -0.030825, -0.003412, 0.030981, 0.997441, 0.064428, 0.001417, -0.064503, 0.997917)

          }},

          {Time = 0.333, Data = {

              ["Head"] = CFrame.new(-0.000000, -0.000001, 0.000000, 0.998232, 0.028000, -0.052422, -0.058968, 0.356677, -0.932365, -0.007408, 0.933808, 0.357697),

              ["LeftFoot"] = CFrame.new(-0.000000, 0.023706, -0.000002, 0.991233, -0.101073, -0.085106, 0.069504, 0.946637, -0.314740, 0.112370, 0.306045, 0.945355),

              ["LeftHand"] = CFrame.new(0.000482, 0.027708, 0.000000, 0.785699, 0.533838, -0.312568, -0.091886, 0.600380, 0.794420, 0.611747, -0.595450, 0.520767),

              ["LeftLowerArm"] = CFrame.new(-0.000498, 0.106904, 0.145595, 1.000000, -0.000000, 0.000000, 0.000000, -0.507993, -0.861360, 0.000000, 0.861361, -0.507994),

              ["LeftLowerLeg"] = CFrame.new(-0.000000, 0.100081, -0.037704, 1.000000, -0.000000, -0.000000, 0.000000, 0.611465, 0.791277, 0.000000, -0.791271, 0.611457),

              ["LeftUpperArm"] = CFrame.new(0.196967, -0.236448, 0.138796, 0.890731, 0.174771, -0.419588, -0.354170, 0.845463, -0.399694, 0.284891, 0.504625, 0.814979),

              ["LeftUpperLeg"] = CFrame.new(-0.000000, -0.000000, -0.000100, 0.728467, 0.468130, 0.500200, -0.254931, 0.862917, -0.436312, -0.635882, 0.190341, 0.747952),

              ["LowerTorso"] = CFrame.new(-0.000000, -1.432366, 6.652420, 1.000000, -0.000000, -0.000000, 0.000000, 0.200176, 0.979760, 0.000000, -0.979760, 0.200176),

              ["RightFoot"] = CFrame.new(-0.000000, 0.011125, -0.000103, 0.987960, 0.118346, 0.099650, -0.140508, 0.955941, 0.257764, -0.064750, -0.268648, 0.961055),

              ["RightHand"] = CFrame.new(-0.000483, 0.025433, 0.000000, 0.684112, 0.630067, -0.367436, -0.244551, 0.672748, 0.698289, 0.687157, -0.387847, 0.614316),

              ["RightLowerArm"] = CFrame.new(-0.000001, 0.120037, 0.096269, 1.000000, 0.000000, -0.000000, -0.000000, 0.004530, -0.999990, -0.000000, 0.999990, 0.004529),

              ["RightLowerLeg"] = CFrame.new(0.000000, 0.053801, -0.009784, 1.000000, 0.000000, -0.000000, -0.000000, 0.900585, 0.434671, 0.000000, -0.434679, 0.900589),

              ["RightUpperArm"] = CFrame.new(0.288694, -0.368475, -0.307742, -0.044036, -0.819611, 0.571225, 0.746781, -0.406813, -0.526138, 0.663611, 0.403410, 0.629985),

              ["RightUpperLeg"] = CFrame.new(0.000000, -0.000000, 0.000000, 0.953917, -0.207088, -0.217158, 0.185844, 0.975909, -0.114278, 0.235593, 0.068672, 0.969424),

              ["UpperTorso"] = CFrame.new(-0.000000, -0.000000, 0.000000, 0.998254, -0.059062, 0.000045, 0.058919, 0.995888, 0.068822, -0.004109, -0.068699, 0.997629)

          }},

          {Time = 0.367, Data = {

              ["Head"] = CFrame.new(0.000000, -0.000000, 0.000000, 0.996131, 0.035670, -0.080312, -0.087752, 0.355099, -0.930701, -0.004679, 0.934148, 0.356856),

              ["LeftFoot"] = CFrame.new(-0.000000, 0.024537, -0.000003, 0.992716, -0.092158, -0.077599, 0.062978, 0.946042, -0.317885, 0.102702, 0.310662, 0.944948),

              ["LeftHand"] = CFrame.new(0.000482, 0.027556, -0.000000, 0.779143, 0.540987, -0.316659, -0.168966, 0.667712, 0.724992, 0.603645, -0.511364, 0.611648),

              ["LeftLowerArm"] = CFrame.new(-0.000498, 0.108729, 0.142397, 1.000000, -0.000000, 0.000000, 0.000000, -0.474726, -0.880133, 0.000000, 0.880134, -0.474728),

              ["LeftLowerLeg"] = CFrame.new(-0.000000, 0.102968, -0.040671, 1.000000, -0.000000, -0.000000, 0.000000, 0.580671, 0.814145, -0.000000, -0.814138, 0.580662),

              ["LeftUpperArm"] = CFrame.new(0.198449, -0.184690, 0.182415, 0.893694, 0.124889, -0.430945, -0.250658, 0.935591, -0.248679, 0.372130, 0.330262, 0.867436),

              ["LeftUpperLeg"] = CFrame.new(-0.000000, -0.000000, -0.000100, 0.682670, 0.503246, 0.529828, -0.257165, 0.844129, -0.470420, -0.683980, 0.184906, 0.705682),

              ["LowerTorso"] = CFrame.new(-0.000000, -1.432366, 6.558398, 1.000000, -0.000000, -0.000000, 0.000000, 0.200176, 0.979760, 0.000000, -0.979760, 0.200176),

              ["RightFoot"] = CFrame.new(0.000000, 0.010657, -0.000103, 0.991316, 0.100592, 0.084700, -0.122059, 0.943519, 0.308034, -0.048928, -0.315680, 0.947597),

              ["RightHand"] = CFrame.new(-0.000484, 0.024449, 0.000000, 0.643306, 0.661343, -0.385729, -0.389045, 0.716297, 0.579279, 0.659395, -0.222585, 0.718087),

              ["RightLowerArm"] = CFrame.new(0.000000, 0.118231, 0.080790, 1.000000, 0.000000, -0.000000, -0.000000, 0.165303, -0.986243, -0.000000, 0.986243, 0.165303),

              ["RightLowerLeg"] = CFrame.new(-0.000000, 0.051186, -0.008765, 1.000000, 0.000000, 0.000000, -0.000000, 0.910939, 0.412533, 0.000000, -0.412542, 0.910943),

              ["RightUpperArm"] = CFrame.new(0.341471, -0.338056, -0.331994, -0.149590, -0.778905, 0.609039, 0.685942, -0.525386, -0.503442, 0.712114, 0.342455, 0.612877),

              ["RightUpperLeg"] = CFrame.new(0.000000, -0.000000, -0.000000, 0.966541, -0.194092, -0.167712, 0.180698, 0.979237, -0.091874, 0.182063, 0.058512, 0.981546),

              ["UpperTorso"] = CFrame.new(0.000000, -0.000000, 0.000000, 0.996360, -0.085184, 0.003145, 0.084726, 0.993704, 0.073314, -0.009370, -0.072781, 0.997304)

          }},

          {Time = 0.400, Data = {

              ["Head"] = CFrame.new(0.000000, -0.000000, -0.000000, 0.993562, 0.042421, -0.105048, -0.113268, 0.353582, -0.928521, -0.002246, 0.934441, 0.356110),

              ["LeftFoot"] = CFrame.new(-0.000000, 0.025219, -0.000002, 0.993894, -0.084404, -0.071070, 0.057357, 0.945440, -0.320728, 0.094259, 0.314673, 0.944501),

              ["LeftHand"] = CFrame.new(0.000482, 0.027332, -0.000000, 0.795964, 0.522442, -0.305775, -0.219253, 0.719639, 0.658825, 0.564242, -0.457355, 0.687351),

              ["LeftLowerArm"] = CFrame.new(-0.000498, 0.111226, 0.137483, 1.000000, -0.000000, 0.000000, 0.000000, -0.423633, -0.905833, 0.000000, 0.905834, -0.423634),

              ["LeftLowerLeg"] = CFrame.new(-0.000000, 0.105257, -0.043206, 1.000000, -0.000000, 0.000000, 0.000000, 0.554355, 0.832287, -0.000000, -0.832281, 0.554345),

              ["LeftUpperArm"] = CFrame.new(0.199464, -0.147910, 0.200259, 0.895725, 0.100459, -0.433112, -0.177096, 0.974141, -0.140306, 0.407817, 0.202378, 0.890353),

              ["LeftUpperLeg"] = CFrame.new(-0.000000, -0.000001, -0.000100, 0.641274, 0.532887, 0.552098, -0.258009, 0.827363, -0.498883, -0.722633, 0.177492, 0.668060),

              ["LowerTorso"] = CFrame.new(-0.000000, -1.432366, 6.478159, 1.000000, -0.000000, -0.000000, 0.000000, 0.200176, 0.979760, 0.000000, -0.979760, 0.200176),

              ["RightFoot"] = CFrame.new(0.000000, 0.010241, -0.000103, 0.993762, 0.085311, 0.071834, -0.105289, 0.930036, 0.352082, -0.036769, -0.357429, 0.933208),

              ["RightHand"] = CFrame.new(-0.000485, 0.023374, -0.000000, 0.626102, 0.673541, -0.392863, -0.507943, 0.734574, 0.449885, 0.591599, -0.082120, 0.802036),

              ["RightLowerArm"] = CFrame.new(-0.000001, 0.113900, 0.066108, 1.000000, 0.000000, 0.000000, -0.000000, 0.317673, -0.948200, -0.000000, 0.948200, 0.317673),

              ["RightLowerLeg"] = CFrame.new(-0.000000, 0.048866, -0.007915, 1.000000, 0.000000, 0.000000, -0.000000, 0.919574, 0.392908, 0.000000, -0.392918, 0.919578),

              ["RightUpperArm"] = CFrame.new(0.375211, -0.314701, -0.344807, -0.217071, -0.735938, 0.641308, 0.639232, -0.603683, -0.476392, 0.737741, 0.306534, 0.601477),

              ["RightUpperLeg"] = CFrame.new(0.000000, -0.000001, -0.000000, 0.974725, -0.184223, -0.126385, 0.176092, 0.981675, -0.072829, 0.137486, 0.048749, 0.989304),

              ["UpperTorso"] = CFrame.new(-0.000000, -0.000001, 0.000000, 0.994110, -0.108225, 0.005794, 0.107451, 0.991163, 0.077790, -0.014161, -0.076709, 0.996953)

          }},

          {Time = 0.433, Data = {

              ["Head"] = CFrame.new(0.000000, 0.000000, -0.000000, 0.990913, 0.047995, -0.125651, -0.134505, 0.352275, -0.926181, -0.000188, 0.934665, 0.355529),

              ["LeftFoot"] = CFrame.new(-0.000000, 0.025820, -0.000003, 0.994748, -0.078299, -0.065930, 0.052977, 0.944943, -0.322938, 0.087581, 0.317729, 0.944121),

              ["LeftHand"] = CFrame.new(0.000482, 0.027108, 0.000000, 0.820388, 0.493490, -0.288850, -0.237257, 0.753388, 0.613285, 0.520263, -0.434596, 0.735151),

              ["LeftLowerArm"] = CFrame.new(-0.000499, 0.113469, 0.132334, 1.000000, -0.000000, 0.000000, 0.000000, -0.370120, -0.928983, 0.000000, 0.928984, -0.370121),

              ["LeftLowerLeg"] = CFrame.new(0.000000, 0.106993, -0.045146, 1.000000, -0.000000, -0.000000, 0.000000, 0.534130, 0.845409, -0.000000, -0.845402, 0.534120),

              ["LeftUpperArm"] = CFrame.new(0.200842, -0.125585, 0.205630, 0.898480, 0.087667, -0.430173, -0.132447, 0.988332, -0.075218, 0.418559, 0.124557, 0.899607),

              ["LeftUpperLeg"] = CFrame.new(-0.000000, -0.000001, -0.000100, 0.607717, 0.555502, 0.567550, -0.257980, 0.813975, -0.520453, -0.751084, 0.169889, 0.637978),

              ["LowerTorso"] = CFrame.new(-0.000000, -1.432366, 6.415660, 1.000000, -0.000000, -0.000000, 0.000000, 0.200176, 0.979760, 0.000000, -0.979760, 0.200176),

              ["RightFoot"] = CFrame.new(0.000000, 0.009909, -0.000103, 0.995388, 0.073384, 0.061790, -0.091662, 0.917556, 0.386919, -0.028301, -0.390777, 0.920041),

              ["RightHand"] = CFrame.new(-0.000486, 0.022069, 0.000000, 0.621382, 0.676792, -0.394764, -0.589894, 0.735713, 0.332796, 0.515663, 0.026076, 0.856392),

              ["RightLowerArm"] = CFrame.new(-0.000000, 0.108099, 0.054213, 1.000000, 0.000000, 0.000000, -0.000000, 0.441116, -0.897450, -0.000000, 0.897450, 0.441117),

              ["RightLowerLeg"] = CFrame.new(0.000000, 0.047003, -0.007268, 1.000000, 0.000000, -0.000000, -0.000000, 0.926145, 0.377156, 0.000000, -0.377167, 0.926150),

              ["RightUpperArm"] = CFrame.new(0.396263, -0.298735, -0.351441, -0.259174, -0.699492, 0.665988, 0.607301, -0.654204, -0.450780, 0.751009, 0.287625, 0.594355),

              ["RightUpperLeg"] = CFrame.new(0.000000, -0.000001, -0.000000, 0.979553, -0.177361, -0.094971, 0.172410, 0.983311, -0.058069, 0.103686, 0.040524, 0.993785),

              ["UpperTorso"] = CFrame.new(-0.000000, -0.000001, 0.000000, 0.991840, -0.127242, 0.007912, 0.126171, 0.988603, 0.082131, -0.018272, -0.080462, 0.996590)

          }},

          {Time = 0.467, Data = {

              ["Head"] = CFrame.new(-0.000000, 0.000000, -0.000000, 0.988612, 0.052140, -0.141169, -0.150483, 0.351341, -0.924075, 0.001417, 0.934795, 0.355186),

              ["LeftFoot"] = CFrame.new(-0.000000, 0.026206, -0.000003, 0.995270, -0.074311, -0.062572, 0.050133, 0.944589, -0.324425, 0.083209, 0.319734, 0.943839),

              ["LeftHand"] = CFrame.new(0.000482, 0.026935, 0.000001, 0.842341, 0.465109, -0.272284, -0.229975, 0.767101, 0.598892, 0.487416, -0.441848, 0.753120),

              ["LeftLowerArm"] = CFrame.new(-0.000499, 0.114976, 0.128298, 1.000000, -0.000000, 0.000000, 0.000000, -0.328184, -0.944613, 0.000000, 0.944614, -0.328186),

              ["LeftLowerLeg"] = CFrame.new(0.000000, 0.108075, -0.046402, 1.000000, -0.000000, -0.000000, 0.000000, 0.521045, 0.853536, -0.000000, -0.853529, 0.521034),

              ["LeftUpperArm"] = CFrame.new(0.201649, -0.115039, 0.206961, 0.900095, 0.081562, -0.427991, -0.111357, 0.992761, -0.045001, 0.421222, 0.088165, 0.902662),

              ["LeftUpperLeg"] = CFrame.new(-0.000000, -0.000001, -0.000100, 0.585363, 0.569945, 0.576652, -0.257638, 0.805117, -0.534218, -0.768748, 0.164160, 0.618129),

              ["LowerTorso"] = CFrame.new(-0.000000, -1.432366, 6.374856, 1.000000, -0.000000, -0.000000, 0.000000, 0.200176, 0.979760, 0.000000, -0.979760, 0.200176),

              ["RightFoot"] = CFrame.new(-0.000000, 0.009685, -0.000103, 0.996311, 0.065642, 0.055272, -0.082583, 0.908478, 0.409716, -0.023317, -0.412746, 0.910537),

              ["RightHand"] = CFrame.new(-0.000486, 0.020986, 0.000000, 0.621424, 0.676763, -0.394748, -0.635736, 0.730032, 0.250789, 0.457899, 0.095109, 0.883900),

              ["RightLowerArm"] = CFrame.new(-0.000000, 0.103175, 0.046712, 1.000000, 0.000000, 0.000000, -0.000000, 0.518924, -0.854820, -0.000000, 0.854820, 0.518925),

              ["RightLowerLeg"] = CFrame.new(0.000000, 0.045764, -0.006855, 1.000000, 0.000000, 0.000000, -0.000000, 0.930334, 0.366703, 0.000000, -0.366714, 0.930338),

              ["RightUpperArm"] = CFrame.new(0.407849, -0.289254, -0.354796, -0.282346, -0.677176, 0.679495, 0.588339, -0.681700, -0.434905, 0.757719, 0.276980, 0.590885),

              ["RightUpperLeg"] = CFrame.new(0.000000, -0.000001, 0.000000, 0.982009, -0.173302, -0.075001, 0.169990, 0.984250, -0.048521, 0.082229, 0.034915, 0.996002),

              ["UpperTorso"] = CFrame.new(-0.000000, -0.000001, 0.000000, 0.989920, -0.141312, 0.009431, 0.139987, 0.986393, 0.086216, -0.021487, -0.084027, 0.996232)

          }},

          {Time = 0.500, Data = {

              ["Head"] = CFrame.new(-0.000000, 0.000000, -0.000000, 0.987076, 0.054609, -0.150663, -0.160235, 0.350936, -0.922588, 0.002492, 0.934806, 0.355151),

              ["LeftFoot"] = CFrame.new(-0.000000, 0.026344, -0.000002, 0.995450, -0.072888, -0.061374, 0.049121, 0.944456, -0.324966, 0.081647, 0.320453, 0.943732),

              ["LeftHand"] = CFrame.new(0.000483, 0.026853, 0.000000, 0.857641, 0.443770, -0.259851, -0.203855, 0.757285, 0.620456, 0.472118, -0.479153, 0.739940),

              ["LeftLowerArm"] = CFrame.new(-0.000499, 0.115581, 0.126465, 1.000000, -0.000000, 0.000000, 0.000000, -0.309126, -0.951021, 0.000000, 0.951021, -0.309127),

              ["LeftLowerLeg"] = CFrame.new(-0.000000, 0.108454, -0.046847, 1.000000, -0.000000, -0.000000, 0.000000, 0.516395, 0.856357, -0.000000, -0.856351, 0.516384),

              ["LeftUpperArm"] = CFrame.new(0.201046, -0.114076, 0.208495, 0.898890, 0.080690, -0.430681, -0.109427, 0.993093, -0.042330, 0.424291, 0.085178, 0.901511),

