return {
["meat slap"] = {

          {Time = 0.000, Data = {

              ["Head"] = CFrame.new(-0.000000, -0.000000, 0.000000, 0.982001, 0.004616, -0.188819, 0.057314, 0.945281, 0.321184, 0.179969, -0.326225, 0.928002),

              ["LeftFoot"] = CFrame.new(-0.000000, -0.006247, -0.000003, 0.993380, -0.087877, -0.073994, 0.093288, 0.992948, 0.073176, 0.067038, -0.079578, 0.994570),

              ["LeftHand"] = CFrame.new(0.000492, 0.012231, 0.000000, 0.934490, 0.159926, -0.318047, -0.195353, 0.977249, -0.082593, 0.297599, 0.139313, 0.944471),

              ["LeftLowerArm"] = CFrame.new(-0.000500, 0.071796, 0.020379, 1.000000, -0.000000, -0.000000, 0.000000, 0.792057, -0.610447, 0.000000, 0.610447, 0.792057),

              ["LeftLowerLeg"] = CFrame.new(0.000000, -0.005825, 0.000024, 1.000000, -0.000000, -0.000000, -0.000000, 1.000000, -0.000008, -0.000000, -0.000011, 1.000000),

              ["LeftUpperArm"] = CFrame.new(0.657832, -2.328861, -0.341782, 0.173396, -0.781288, -0.599601, -0.930893, 0.068738, -0.358767, 0.321516, 0.620374, -0.715377),

              ["LeftUpperLeg"] = CFrame.new(0.000000, 0.000000, -0.000100, 0.978880, 0.071273, -0.191611, -0.029485, 0.976681, 0.212667, 0.202300, -0.202518, 0.958154),

              ["LowerTorso"] = CFrame.new(0.000000, 0.000000, 0.000000, 0.966202, 0.076080, 0.246303, -0.000000, 0.955458, -0.295128, -0.257785, 0.285154, 0.923165),

              ["RightFoot"] = CFrame.new(-0.000000, -0.005504, -0.000103, 0.992735, 0.092039, 0.077500, -0.086395, 0.993561, -0.073293, -0.083743, 0.066072, 0.994295),

              ["RightHand"] = CFrame.new(-0.000530, -0.046410, 0.000000, 0.954754, -0.062494, -0.290761, -0.062624, 0.913506, -0.401978, 0.290730, 0.401996, 0.868258),

              ["RightLowerArm"] = CFrame.new(-0.000002, -0.046355, 0.000252, 1.000000, 0.000000, 0.000000, 0.000000, 1.000000, -0.000001, -0.000000, -0.000000, 1.000000),

              ["RightLowerLeg"] = CFrame.new(-0.000000, -0.005484, -0.000069, 1.000000, 0.000000, 0.000000, 0.000000, 1.000000, -0.000008, 0.000000, -0.000011, 1.000000),

              ["RightUpperArm"] = CFrame.new(0.563193, 0.168917, -0.400156, -0.626123, 0.187170, 0.756926, -0.192799, -0.977781, 0.082301, 0.755513, -0.094404, 0.648297),

              ["RightUpperLeg"] = CFrame.new(0.000000, 0.000000, -0.000000, 0.939205, -0.064582, -0.337228, 0.185566, 0.921834, 0.340283, 0.288893, -0.382168, 0.877773),

              ["UpperTorso"] = CFrame.new(-0.000000, -0.000000, 0.000000, 1.000000, 0.000000, 0.000000, -0.000000, 1.000000, -0.000000, -0.000000, -0.000000, 1.000000)

          }},

          {Time = 0.017, Data = {

              ["Head"] = CFrame.new(0.000000, 0.000000, 0.000000, 0.983103, 0.004437, -0.183000, 0.055604, 0.945232, 0.321629, 0.174405, -0.326370, 0.929013),

              ["LeftFoot"] = CFrame.new(0.000000, -0.006080, -0.000003, 0.993428, -0.087557, -0.073725, 0.092826, 0.993123, 0.071368, 0.066966, -0.077726, 0.994722),

              ["LeftHand"] = CFrame.new(0.000492, 0.011509, -0.000000, 0.927924, 0.166438, -0.333553, -0.211714, 0.971775, -0.104073, 0.306813, 0.167189, 0.936969),

              ["LeftLowerArm"] = CFrame.new(-0.000500, 0.068809, 0.018645, 1.000000, -0.000000, -0.000000, 0.000000, 0.809885, -0.586589, 0.000000, 0.586589, 0.809885),

              ["LeftLowerLeg"] = CFrame.new(0.000000, -0.005659, 0.000026, 1.000000, -0.000000, -0.000000, -0.000000, 1.000000, -0.000008, -0.000000, -0.000011, 1.000000),

              ["LeftUpperArm"] = CFrame.new(0.667521, -2.317892, -0.317716, 0.192774, -0.733169, -0.652151, -0.908954, 0.116946, -0.400158, 0.369650, 0.669915, -0.643874),

              ["LeftUpperLeg"] = CFrame.new(-0.000000, 0.000000, -0.000100, 0.980061, 0.071906, -0.185227, -0.031016, 0.976158, 0.214843, 0.196259, -0.204807, 0.958923),

              ["LowerTorso"] = CFrame.new(0.000000, 0.000000, 0.000000, 0.967891, 0.074187, 0.240174, -0.000000, 0.955458, -0.295128, -0.251371, 0.285652, 0.924779),

              ["RightFoot"] = CFrame.new(0.000000, -0.005341, -0.000103, 0.992838, 0.091387, 0.076950, -0.085930, 0.993733, -0.071481, -0.082997, 0.064364, 0.994469),

              ["RightHand"] = CFrame.new(-0.000530, -0.045274, -0.000000, 0.955154, -0.064270, -0.289055, -0.059106, 0.915137, -0.398790, 0.290152, 0.397987, 0.870296),

              ["RightLowerArm"] = CFrame.new(-0.000001, -0.045218, 0.000246, 1.000000, 0.000000, 0.000000, -0.000000, 1.000000, -0.000001, -0.000000, -0.000000, 1.000000),

              ["RightLowerLeg"] = CFrame.new(-0.000000, -0.005321, -0.000067, 1.000000, 0.000000, 0.000000, 0.000000, 1.000000, -0.000008, 0.000000, -0.000011, 1.000000),

              ["RightUpperArm"] = CFrame.new(0.561700, 0.166325, -0.402038, -0.623137, 0.185144, 0.759883, -0.187612, -0.978595, 0.084582, 0.759277, -0.089857, 0.644534),

              ["RightUpperLeg"] = CFrame.new(0.000000, 0.000000, 0.000000, 0.941616, -0.065203, -0.330314, 0.182953, 0.922677, 0.339410, 0.282643, -0.380020, 0.880735),

              ["UpperTorso"] = CFrame.new(0.000000, -0.000000, 0.000000, 1.000000, 0.000000, 0.000000, -0.000000, 1.000000, 0.000000, -0.000000, -0.000000, 1.000000)

          }},

          {Time = 0.033, Data = {

              ["Head"] = CFrame.new(-0.000000, -0.000000, 0.000000, 0.986021, 0.003928, -0.166572, 0.050772, 0.945095, 0.322829, 0.158695, -0.326773, 0.931684),

              ["LeftFoot"] = CFrame.new(-0.000000, -0.005676, -0.000003, 0.993555, -0.086712, -0.073014, 0.091583, 0.993592, 0.066251, 0.066798, -0.072494, 0.995128),

              ["LeftHand"] = CFrame.new(0.000495, 0.008410, 0.000000, 0.915626, 0.167908, -0.365292, -0.247020, 0.951831, -0.181659, 0.317190, 0.256565, 0.912996),

              ["LeftLowerArm"] = CFrame.new(-0.000500, 0.050389, 0.009457, 1.000000, -0.000000, -0.000000, 0.000000, 0.903727, -0.428109, 0.000000, 0.428109, 0.903727),

              ["LeftLowerLeg"] = CFrame.new(-0.000000, -0.005257, 0.000031, 1.000000, -0.000000, -0.000000, -0.000000, 1.000000, -0.000008, -0.000000, -0.000011, 1.000000),

              ["LeftUpperArm"] = CFrame.new(0.710141, -2.284040, -0.270697, 0.278014, -0.657477, -0.700308, -0.841251, 0.185274, -0.507909, 0.463687, 0.730340, -0.501595),

              ["LeftUpperLeg"] = CFrame.new(0.000000, 0.000000, -0.000100, 0.983182, 0.073607, -0.167140, -0.035413, 0.974651, 0.220918, 0.179165, -0.211277, 0.960864),

              ["LowerTorso"] = CFrame.new(0.000000, 0.000000, 0.000000, 0.972421, 0.068834, 0.222845, -0.000000, 0.955458, -0.295128, -0.233234, 0.286989, 0.929107),

              ["RightFoot"] = CFrame.new(0.000000, -0.004929, -0.000103, 0.993113, 0.089625, 0.075467, -0.084681, 0.994196, -0.066354, -0.080972, 0.059514, 0.994938),

              ["RightHand"] = CFrame.new(-0.000528, -0.042242, -0.000000, 0.956262, -0.069340, -0.284175, -0.049166, 0.919575, -0.389829, 0.288349, 0.386748, 0.875944),

              ["RightLowerArm"] = CFrame.new(-0.000001, -0.042190, 0.000230, 1.000000, 0.000000, 0.000000, -0.000000, 1.000000, -0.000001, -0.000000, -0.000000, 1.000000),

              ["RightLowerLeg"] = CFrame.new(-0.000000, -0.004911, -0.000061, 1.000000, 0.000000, -0.000000, 0.000000, 1.000000, -0.000008, -0.000000, -0.000011, 1.000000),

              ["RightUpperArm"] = CFrame.new(0.557346, 0.158968, -0.407297, -0.614429, 0.179549, 0.768270, -0.172899, -0.980734, 0.090925, 0.769794, -0.076966, 0.633635),

              ["RightUpperLeg"] = CFrame.new(0.000000, 0.000000, 0.000000, 0.948122, -0.066870, -0.310793, 0.175650, 0.925041, 0.336824, 0.264974, -0.373935, 0.888795),

              ["UpperTorso"] = CFrame.new(0.000000, -0.000000, 0.000000, 1.000000, -0.000000, 0.000000, -0.000000, 1.000000, 0.000000, -0.000000, 0.000000, 1.000000)

          }},

          {Time = 0.050, Data = {

              ["Head"] = CFrame.new(-0.000000, -0.000000, 0.000000, 0.989999, 0.003126, -0.141038, 0.043250, 0.944887, 0.324527, 0.134279, -0.327381, 0.935302),

              ["LeftFoot"] = CFrame.new(0.000000, -0.005081, -0.000003, 0.993724, -0.085572, -0.072053, 0.089841, 0.994252, 0.058260, 0.066650, -0.064352, 0.995698),

              ["LeftHand"] = CFrame.new(0.000502, -0.003116, -0.000000, 0.897612, 0.157167, -0.411817, -0.299447, 0.903013, -0.308061, 0.323456, 0.399834, 0.857616),

              ["LeftLowerArm"] = CFrame.new(-0.000500, -0.003312, 0.000017, 1.000000, -0.000000, -0.000000, 0.000000, 1.000000, -0.000000, 0.000000, 0.000000, 1.000000),

              ["LeftLowerLeg"] = CFrame.new(-0.000000, -0.004663, 0.000039, 1.000000, -0.000000, -0.000000, -0.000000, 1.000000, -0.000008, 0.000000, -0.000011, 1.000000),

              ["LeftUpperArm"] = CFrame.new(0.788156, -2.228865, -0.239201, 0.434045, -0.658913, -0.614360, -0.730900, 0.141123, -0.667736, 0.526680, 0.738863, -0.420346),

              ["LeftUpperLeg"] = CFrame.new(0.000000, 0.000000, -0.000100, 0.987394, 0.075993, -0.138848, -0.042461, 0.972228, 0.230161, 0.152482, -0.221357, 0.963196),

              ["LowerTorso"] = CFrame.new(0.000000, 0.000000, 0.000000, 0.978769, 0.060491, 0.195837, -0.000000, 0.955458, -0.295128, -0.204966, 0.288862, 0.935172),

              ["RightFoot"] = CFrame.new(0.000000, -0.004361, -0.000103, 0.993494, 0.087118, 0.073356, -0.082929, 0.994845, -0.058350, -0.078057, 0.051895, 0.995597),

              ["RightHand"] = CFrame.new(-0.000525, -0.037904, 0.000000, 0.957923, -0.077379, -0.276402, -0.033703, 0.925991, -0.376040, 0.285041, 0.369530, 0.884418),

              ["RightLowerArm"] = CFrame.new(-0.000001, -0.037858, 0.000206, 1.000000, 0.000000, 0.000000, -0.000000, 1.000000, -0.000001, -0.000000, -0.000000, 1.000000),

              ["RightLowerLeg"] = CFrame.new(-0.000000, -0.004346, -0.000054, 1.000000, 0.000000, 0.000000, 0.000000, 1.000000, -0.000008, -0.000000, -0.000011, 1.000000),

              ["RightUpperArm"] = CFrame.new(0.550168, 0.147435, -0.415293, -0.600073, 0.171225, 0.781405, -0.149834, -0.983594, 0.100465, 0.785787, -0.056795, 0.615884),

              ["RightUpperLeg"] = CFrame.new(0.000000, 0.000000, -0.000000, 0.957366, -0.069208, -0.280466, 0.164525, 0.928662, 0.332450, 0.237450, -0.364414, 0.900453),

              ["UpperTorso"] = CFrame.new(0.000000, -0.000000, -0.000000, 1.000000, 0.000000, 0.000000, 0.000000, 1.000000, -0.000000, -0.000000, -0.000000, 1.000000)

          }},

          {Time = 0.067, Data = {

              ["Head"] = CFrame.new(0.000000, -0.000000, 0.000000, 0.994159, 0.002065, -0.107903, 0.033468, 0.944628, 0.326432, 0.102602, -0.328137, 0.939042),

              ["LeftFoot"] = CFrame.new(-0.000000, -0.004447, -0.000003, 0.993894, -0.084407, -0.071073, 0.087919, 0.994979, 0.047832, 0.066675, -0.053773, 0.996324),

              ["LeftHand"] = CFrame.new(0.000526, -0.039399, 0.000000, 0.847011, 0.155748, -0.508250, -0.281618, 0.942389, -0.180539, 0.450848, 0.296049, 0.842073),

              ["LeftLowerArm"] = CFrame.new(-0.000499, -0.039550, 0.000215, 1.000000, -0.000000, -0.000000, 0.000000, 1.000000, -0.000001, 0.000000, 0.000000, 1.000000),

              ["LeftLowerLeg"] = CFrame.new(0.000000, -0.004031, 0.000048, 1.000000, 0.000000, 0.000000, 0.000000, 1.000000, -0.000008, 0.000000, -0.000011, 1.000000),

              ["LeftUpperArm"] = CFrame.new(0.880187, -2.150073, -0.233629, 0.618106, -0.542526, -0.568868, -0.573316, 0.183990, -0.798409, 0.537823, 0.819642, -0.197314),

              ["LeftUpperLeg"] = CFrame.new(0.000000, 0.000000, -0.000100, 0.991692, 0.078625, -0.101814, -0.051998, 0.968938, 0.241782, 0.117661, -0.234472, 0.964974),

              ["LowerTorso"] = CFrame.new(0.000000, 0.000000, 0.000000, 0.985760, 0.049629, 0.160669, -0.000000, 0.955458, -0.295128, -0.168159, 0.290926, 0.941852),

              ["RightFoot"] = CFrame.new(-0.000000, -0.003724, -0.000103, 0.993913, 0.084276, 0.070963, -0.080996, 0.995562, -0.047906, -0.074682, 0.041876, 0.996328),

              ["RightHand"] = CFrame.new(-0.000522, -0.033010, -0.000000, 0.959946, -0.088083, -0.265982, -0.013659, 0.933459, -0.358425, 0.279853, 0.347699, 0.894866),

              ["RightLowerArm"] = CFrame.new(-0.000001, -0.032969, 0.000179, 1.000000, 0.000000, 0.000000, -0.000000, 1.000000, -0.000001, -0.000000, -0.000000, 1.000000),

              ["RightLowerLeg"] = CFrame.new(-0.000000, -0.003711, -0.000045, 1.000000, 0.000000, -0.000000, 0.000000, 1.000000, -0.000008, 0.000000, -0.000011, 1.000000),

              ["RightUpperArm"] = CFrame.new(0.540107, 0.132306, -0.425314, -0.579950, 0.161111, 0.798563, -0.119576, -0.986467, 0.112180, 0.805829, -0.030430, 0.591366),

              ["RightUpperLeg"] = CFrame.new(0.000000, 0.000000, 0.000000, 0.967826, -0.071787, -0.241161, 0.150493, 0.933261, 0.326159, 0.201653, -0.351952, 0.914036),

              ["UpperTorso"] = CFrame.new(-0.000000, -0.000000, -0.000000, 1.000000, 0.000000, 0.000000, -0.000000, 1.000000, 0.000000, -0.000000, 0.000000, 1.000000)

          }},

          {Time = 0.083, Data = {

              ["Head"] = CFrame.new(-0.000000, -0.000000, 0.000000, 0.997635, 0.000783, -0.068735, 0.021875, 0.944336, 0.328256, 0.065166, -0.328983, 0.942085),

              ["LeftFoot"] = CFrame.new(-0.000000, -0.003847, -0.000003, 0.994025, -0.083499, -0.070308, 0.086142, 0.995653, 0.035432, 0.067041, -0.041262, 0.996896),

              ["LeftHand"] = CFrame.new(0.000530, -0.046091, 0.000000, 0.681095, 0.183647, -0.708793, -0.271827, 0.962273, -0.011880, 0.679867, 0.200760, 0.705316),

              ["LeftLowerArm"] = CFrame.new(-0.000499, -0.046235, 0.000251, 1.000000, -0.000000, -0.000000, 0.000000, 1.000000, -0.000001, 0.000000, 0.000000, 1.000000),

              ["LeftLowerLeg"] = CFrame.new(0.000000, -0.003433, 0.000056, 1.000000, 0.000000, 0.000000, 0.000000, 1.000000, -0.000008, 0.000000, -0.000011, 1.000000),

              ["LeftUpperArm"] = CFrame.new(0.983126, -2.004425, -0.256820, 0.823985, -0.448294, -0.346528, -0.282020, 0.205961, -0.937041, 0.491441, 0.869835, 0.043280),

              ["LeftUpperLeg"] = CFrame.new(0.000000, 0.000000, -0.000100, 0.995044, 0.081061, -0.057582, -0.063847, 0.964844, 0.254958, 0.076224, -0.250011, 0.965236),

              ["LowerTorso"] = CFrame.new(0.000000, 0.000000, 0.000000, 0.992221, 0.036740, 0.118944, -0.000000, 0.955458, -0.295128, -0.124489, 0.292832, 0.948025),

              ["RightFoot"] = CFrame.new(-0.000000, -0.003137, -0.000103, 0.994308, 0.081499, 0.068624, -0.079207, 0.996226, -0.035491, -0.071254, 0.029863, 0.997011),

              ["RightHand"] = CFrame.new(-0.000519, -0.028223, 0.000000, 0.962117, -0.101102, -0.253202, 0.009923, 0.941072, -0.338063, 0.272458, 0.322741, 0.906423),

              ["RightLowerArm"] = CFrame.new(-0.000001, -0.028189, 0.000153, 1.000000, 0.000000, 0.000000, 0.000000, 1.000000, -0.000001, -0.000000, -0.000000, 1.000000),

              ["RightLowerLeg"] = CFrame.new(0.000000, -0.003125, -0.000038, 1.000000, 0.000000, 0.000000, 0.000000, 1.000000, -0.000008, -0.000000, -0.000011, 1.000000),

              ["RightUpperArm"] = CFrame.new(0.527123, 0.114215, -0.436570, -0.553983, 0.150175, 0.818871, -0.083394, -0.988659, 0.124895, 0.828341, 0.000900, 0.560224),

              ["RightUpperLeg"] = CFrame.new(0.000000, 0.000000, -0.000000, 0.978031, -0.074172, -0.194818, 0.134495, 0.938549, 0.317869, 0.159270, -0.337081, 0.927904),

              ["UpperTorso"] = CFrame.new(-0.000000, -0.000000, 0.000000, 1.000000, -0.000000, 0.000000, -0.000000, 1.000000, 0.000000, -0.000000, -0.000000, 1.000000)

          }},

          {Time = 0.100, Data = {

              ["Head"] = CFrame.new(0.000000, -0.000000, 0.000000, 0.999682, -0.000679, -0.025195, 0.008951, 0.944028, 0.329743, 0.023561, -0.329864, 0.943735),

              ["LeftFoot"] = CFrame.new(0.000000, -0.003386, -0.000003, 0.994082, -0.083099, -0.069972, 0.084792, 0.996166, 0.021571, 0.067907, -0.027362, 0.997316),

              ["LeftHand"] = CFrame.new(0.000518, -0.026742, 0.000000, 0.157100, 0.231178, -0.960144, -0.272309, 0.944668, 0.182897, 0.949298, 0.232723, 0.211358),

              ["LeftLowerArm"] = CFrame.new(-0.000499, -0.026909, 0.000146, 1.000000, -0.000000, -0.000000, 0.000000, 1.000000, -0.000001, 0.000000, 0.000000, 1.000000),

              ["LeftLowerLeg"] = CFrame.new(-0.000000, -0.002974, 0.000062, 1.000000, -0.000000, 0.000000, 0.000000, 1.000000, -0.000008, 0.000000, -0.000011, 1.000000),

              ["LeftUpperArm"] = CFrame.new(1.023085, -1.702233, -0.361968, 0.903902, -0.359535, 0.231723, 0.322363, 0.216524, -0.921520, 0.281145, 0.907663, 0.311616),

              ["LeftUpperLeg"] = CFrame.new(0.000000, 0.000000, -0.000100, 0.996526, 0.082914, -0.007850, -0.077759, 0.960037, 0.268861, 0.029828, -0.267309, 0.963147),

              ["LowerTorso"] = CFrame.new(0.000000, 0.000000, 0.000000, 0.997126, 0.022361, 0.072392, -0.000000, 0.955458, -0.295128, -0.075767, 0.294280, 0.952711),

              ["RightFoot"] = CFrame.new(-0.000000, -0.002687, -0.000103, 0.994636, 0.079127, 0.066627, -0.077846, 0.996731, -0.021615, -0.068116, 0.016323, 0.997544),

              ["RightHand"] = CFrame.new(-0.000516, -0.024149, -0.000000, 0.964205, -0.115980, -0.238451, 0.035869, 0.948053, -0.316086, 0.262721, 0.296217, 0.918276),

              ["RightLowerArm"] = CFrame.new(-0.000001, -0.024119, 0.000131, 1.000000, 0.000000, 0.000000, -0.000000, 1.000000, -0.000001, -0.000000, -0.000000, 1.000000),

              ["RightLowerLeg"] = CFrame.new(0.000000, -0.002677, -0.000032, 1.000000, 0.000000, -0.000000, 0.000000, 1.000000, -0.000008, -0.000000, -0.000011, 1.000000),

              ["RightUpperArm"] = CFrame.new(0.511313, 0.093897, -0.448225, -0.522363, 0.139337, 0.841262, -0.042758, -0.989598, 0.137356, 0.851650, 0.035779, 0.522888),

              ["RightUpperLeg"] = CFrame.new(-0.000000, 0.000000, -0.000000, 0.986729, -0.075985, -0.143503, 0.117451, 0.944233, 0.307627, 0.112126, -0.320392, 0.940623),

              ["UpperTorso"] = CFrame.new(-0.000000, -0.000000, 0.000000, 1.000000, 0.000000, 0.000000, 0.000000, 1.000000, -0.000000, -0.000000, 0.000000, 1.000000)

          }},

          {Time = 0.117, Data = {

              ["Head"] = CFrame.new(0.000000, 0.000000, 0.000000, 0.999778, -0.002269, 0.020970, -0.004794, 0.943723, 0.330701, -0.020541, -0.330728, 0.943502),

              ["LeftFoot"] = CFrame.new(-0.000000, -0.003146, -0.000003, 0.994039, -0.083398, -0.070223, 0.084080, 0.996436, 0.006809, 0.069402, -0.012660, 0.997508),

              ["LeftHand"] = CFrame.new(0.000498, 0.002788, -0.000000, -0.521025, 0.202870, -0.829084, -0.232723, 0.900777, 0.366664, 0.821202, 0.383986, -0.422111),

              ["LeftLowerArm"] = CFrame.new(-0.000500, 0.013677, 0.000600, 1.000000, -0.000000, -0.000000, 0.000000, 0.993754, -0.111596, 0.000000, 0.111596, 0.993754),

              ["LeftLowerLeg"] = CFrame.new(0.000000, -0.002735, 0.000065, 1.000000, -0.000000, 0.000000, 0.000000, 1.000000, -0.000008, 0.000000, -0.000011, 1.000000),

              ["LeftUpperArm"] = CFrame.new(0.838339, -1.441564, -0.527901, 0.534411, -0.304143, 0.788608, 0.843702, 0.247945, -0.476121, -0.050722, 0.919794, 0.389109),

              ["LeftUpperLeg"] = CFrame.new(0.000000, 0.000000, -0.000100, 0.995436, 0.083893, 0.045496, -0.093376, 0.954655, 0.282699, -0.019717, -0.285650, 0.958129),

              ["LowerTorso"] = CFrame.new(0.000000, 0.000000, 0.000000, 0.999713, 0.007068, 0.022881, -0.000000, 0.955458, -0.295128, -0.023947, 0.295044, 0.955184),

              ["RightFoot"] = CFrame.new(0.000000, -0.002452, -0.000103, 0.994867, 0.077409, 0.065180, -0.077127, 0.996998, -0.006842, -0.065511, 0.001791, 0.997850),

              ["RightHand"] = CFrame.new(-0.000514, -0.021206, -0.000000, 0.965993, -0.132128, -0.222262, 0.062906, 0.953847, -0.293634, 0.250799, 0.269665, 0.929720),

              ["RightLowerArm"] = CFrame.new(-0.000001, -0.021179, 0.000115, 1.000000, 0.000000, 0.000000, 0.000000, 1.000000, -0.000001, -0.000000, -0.000000, 1.000000),

              ["RightLowerLeg"] = CFrame.new(-0.000000, -0.002443, -0.000029, 1.000000, 0.000000, 0.000000, -0.000000, 1.000000, -0.000008, 0.000000, -0.000011, 1.000000),

              ["RightUpperArm"] = CFrame.new(0.492996, 0.072203, -0.459454, -0.485729, 0.129382, 0.864481, 0.000631, -0.988933, 0.148362, 0.874109, 0.072609, 0.480272),

              ["RightUpperLeg"] = CFrame.new(0.000000, 0.000000, -0.000000, 0.993021, -0.076940, -0.089389, 0.100223, 0.950025, 0.295654, 0.062175, -0.302543, 0.951104),

              ["UpperTorso"] = CFrame.new(-0.000000, 0.000000, -0.000000, 1.000000, -0.000000, 0.000000, 0.000000, 1.000000, 0.000000, -0.000000, -0.000000, 1.000000)

          }},

          {Time = 0.133, Data = {

              ["Head"] = CFrame.new(0.000000, -0.000000, -0.000000, 0.997681, -0.003931, 0.067949, -0.018828, 0.943434, 0.331024, -0.065407, -0.331536, 0.941173),

              ["LeftFoot"] = CFrame.new(0.000000, -0.003175, -0.000003, 0.993881, -0.084494, -0.071146, 0.084119, 0.996422, -0.008257, 0.071586, 0.002233, 0.997432),

              ["LeftHand"] = CFrame.new(0.000495, 0.008727, 0.000000, -0.797519, 0.158045, -0.582227, -0.146822, 0.885216, 0.441405, 0.585155, 0.437510, -0.682768),

              ["LeftLowerArm"] = CFrame.new(-0.000500, 0.052564, 0.010369, 1.000000, -0.000000, -0.000000, 0.000000, 0.894439, -0.447189, 0.000000, 0.447189, 0.894440),

              ["LeftLowerLeg"] = CFrame.new(0.000000, -0.002763, 0.000064, 1.000000, 0.000000, 0.000000, -0.000000, 1.000000, -0.000008, 0.000000, -0.000011, 1.000000),

              ["LeftUpperArm"] = CFrame.new(0.679725, -1.384648, -0.597357, 0.217182, -0.347978, 0.912000, 0.957534, 0.257454, -0.129793, -0.189633, 0.901459, 0.389115),

              ["LeftUpperLeg"] = CFrame.new(0.000000, 0.000000, -0.000100, 0.991408, 0.083845, 0.100397, -0.110199, 0.948885, 0.295767, -0.070467, -0.304283, 0.949970),

              ["LowerTorso"] = CFrame.new(0.000000, 0.000000, 0.000000, 0.999582, -0.008533, -0.027626, -0.000000, 0.955458, -0.295128, 0.028913, 0.295005, 0.955058),

              ["RightFoot"] = CFrame.new(-0.000000, -0.002462, -0.000103, 0.994990, 0.076474, 0.064393, -0.077160, 0.996985, 0.008232, -0.063566, -0.013147, 0.997891),

              ["RightHand"] = CFrame.new(-0.000513, -0.019619, 0.000000, 0.967313, -0.148829, -0.205323, 0.089734, 0.958168, -0.271778, 0.237180, 0.244468, 0.940202),

              ["RightLowerArm"] = CFrame.new(-0.000001, -0.019594, 0.000107, 1.000000, 0.000000, 0.000000, -0.000000, 1.000000, -0.000001, -0.000000, -0.000000, 1.000000),

              ["RightLowerLeg"] = CFrame.new(-0.000000, -0.002453, -0.000029, 1.000000, 0.000000, -0.000000, 0.000000, 1.000000, -0.000008, 0.000000, -0.000011, 1.000000),

              ["RightUpperArm"] = CFrame.new(0.472770, 0.050078, -0.469534, -0.445276, 0.120888, 0.887195, 0.044879, -0.986585, 0.156955, 0.894268, 0.109705, 0.433878),

              ["RightUpperLeg"] = CFrame.new(0.000000, 0.000000, -0.000000, 0.996436, -0.076890, -0.034689, 0.083573, 0.955663, 0.282360, 0.011440, -0.284246, 0.958681),

              ["UpperTorso"] = CFrame.new(0.000000, -0.000000, 0.000000, 1.000000, 0.000000, 0.000000, 0.000000, 1.000000, -0.000000, -0.000000, -0.000000, 1.000000)

          }},

          {Time = 0.150, Data = {

              ["Head"] = CFrame.new(-0.000000, 0.000000, 0.000000, 0.993474, -0.005600, 0.113919, -0.032604, 0.943173, 0.330699, -0.109298, -0.332255, 0.936835),

              ["LeftFoot"] = CFrame.new(-0.000000, -0.003423, -0.000003, 0.993605, -0.086373, -0.072728, 0.084907, 0.996123, -0.023017, 0.074431, 0.016705, 0.997086),

              ["LeftHand"] = CFrame.new(0.000492, 0.012287, 0.000000, -0.890388, 0.146730, -0.430908, -0.120054, 0.837415, 0.533223, 0.439086, 0.526504, -0.728005),

              ["LeftLowerArm"] = CFrame.new(-0.000500, 0.071979, 0.020480, 1.000000, -0.000000, -0.000000, 0.000000, 0.791013, -0.611800, 0.000000, 0.611800, 0.791013),

              ["LeftLowerLeg"] = CFrame.new(-0.000000, -0.003011, 0.000061, 1.000000, -0.000000, -0.000000, -0.000000, 1.000000, -0.000008, -0.000000, -0.000011, 1.000000),

              ["LeftUpperArm"] = CFrame.new(0.621667, -1.378203, -0.612155, 0.101067, -0.272044, 0.956963, 0.970424, 0.238917, -0.034570, -0.219230, 0.932154, 0.288145),

              ["LeftUpperLeg"] = CFrame.new(0.000000, 0.000000, -0.000100, 0.984492, 0.082772, 0.154674, -0.127590, 0.942960, 0.307493, -0.120400, -0.322453, 0.938895),

              ["LowerTorso"] = CFrame.new(0.000000, 0.000000, 0.000000, 0.996737, -0.023823, -0.077124, -0.000000, 0.955458, -0.295128, 0.080720, 0.294165, 0.952340),

              ["RightFoot"] = CFrame.new(0.000000, -0.002733, -0.000103, 0.995009, 0.076331, 0.064273, -0.077945, 0.996693, 0.022997, -0.062301, -0.027879, 0.997667),

              ["RightHand"] = CFrame.new(-0.000513, -0.019385, -0.000000, 0.968078, -0.165284, -0.188433, 0.115134, 0.961001, -0.251441, 0.222641, 0.221718, 0.949353),

              ["RightLowerArm"] = CFrame.new(-0.000001, -0.019361, 0.000106, 1.000000, 0.000000, 0.000000, -0.000000, 1.000000, -0.000001, -0.000000, -0.000000, 1.000000),

              ["RightLowerLeg"] = CFrame.new(0.000000, -0.002723, -0.000032, 1.000000, -0.000000, -0.000000, -0.000000, 1.000000, -0.000008, -0.000000, -0.000011, 1.000000),

              ["RightUpperArm"] = CFrame.new(0.451512, 0.028512, -0.477932, -0.402761, 0.114176, 0.908156, 0.088012, -0.982761, 0.162588, 0.911064, 0.145413, 0.385770),

              ["RightUpperLeg"] = CFrame.new(-0.000000, 0.000000, -0.000000, 0.996950, -0.075835, 0.018432, 0.068133, 0.960919, 0.268322, -0.038060, -0.266241, 0.963153),

              ["UpperTorso"] = CFrame.new(0.000000, -0.000000, -0.000000, 1.000000, 0.000000, 0.000000, 0.000000, 1.000000, -0.000000, -0.000000, -0.000000, 1.000000)

          }},

          {Time = 0.167, Data = {

              ["Head"] = CFrame.new(0.000000, -0.000000, 0.000000, 0.987557, -0.007207, 0.157099, -0.045584, 0.942947, 0.329808, -0.150513, -0.332866, 0.930885),

              ["LeftFoot"] = CFrame.new(-0.000000, -0.003905, -0.000003, 0.993225, -0.088897, -0.074854, 0.086330, 0.995584, -0.036875, 0.077797, 0.030173, 0.996513),

              ["LeftHand"] = CFrame.new(0.000490, 0.015760, 0.000000, -0.926471, 0.164537, -0.338498, -0.084185, 0.785997, 0.612475, 0.366830, 0.595933, -0.714348),

              ["LeftLowerArm"] = CFrame.new(-0.000500, 0.082930, 0.027202, 1.000000, -0.000000, -0.000000, 0.000000, 0.721347, -0.692574, 0.000000, 0.692574, 0.721347),

              ["LeftLowerLeg"] = CFrame.new(0.000000, -0.003492, 0.000055, 1.000000, 0.000000, 0.000000, -0.000000, 1.000000, -0.000008, 0.000000, -0.000011, 1.000000),

              ["LeftUpperArm"] = CFrame.new(0.624201, -1.380096, -0.619100, 0.106135, -0.111154, 0.988120, 0.966639, 0.244509, -0.076323, -0.233120, 0.963255, 0.133396),

              ["LeftUpperLeg"] = CFrame.new(0.000000, -0.000000, -0.000100, 0.975185, 0.080831, 0.206110, -0.144778, 0.937150, 0.317480, -0.167494, -0.339436, 0.925594),

              ["LowerTorso"] = CFrame.new(0.000000, 0.000000, 0.000000, 0.991590, -0.038194, -0.123652, -0.000000, 0.955458, -0.295128, 0.129417, 0.292646, 0.947423),

              ["RightFoot"] = CFrame.new(-0.000000, -0.003187, -0.000103, 0.994938, 0.076875, 0.064731, -0.079368, 0.996164, 0.036857, -0.061646, -0.041794, 0.997222),

              ["RightHand"] = CFrame.new(-0.000513, -0.020307, -0.000000, 0.968307, -0.180693, -0.172433, 0.138065, 0.962543, -0.233344, 0.208136, 0.202141, 0.956984),

              ["RightLowerArm"] = CFrame.new(-0.000000, -0.020282, 0.000110, 1.000000, 0.000000, 0.000000, -0.000000, 1.000000, -0.000001, -0.000000, -0.000000, 1.000000),

              ["RightLowerLeg"] = CFrame.new(-0.000000, -0.003175, -0.000038, 1.000000, -0.000000, -0.000000, 0.000000, 1.000000, -0.000008, 0.000000, -0.000011, 1.000000),

              ["RightUpperArm"] = CFrame.new(0.430324, 0.008453, -0.484381, -0.360384, 0.109305, 0.926378, 0.128130, -0.977897, 0.165229, 0.923962, 0.178243, 0.338413),

              ["RightUpperLeg"] = CFrame.new(-0.000000, 0.000000, -0.000000, 0.994947, -0.073931, 0.067928, 0.054392, 0.965609, 0.254251, -0.084389, -0.249265, 0.964750),

              ["UpperTorso"] = CFrame.new(0.000000, -0.000000, 0.000000, 1.000000, 0.000000, 0.000000, -0.000000, 1.000000, 0.000000, -0.000000, 0.000000, 1.000000)

          }},

          {Time = 0.183, Data = {

              ["Head"] = CFrame.new(0.000000, 0.000000, 0.000000, 0.980607, -0.008679, 0.195795, -0.057250, 0.942760, 0.328520, -0.187439, -0.333358, 0.923980),

              ["LeftFoot"] = CFrame.new(0.000000, -0.004527, -0.000003, 0.992771, -0.091812, -0.077308, 0.088171, 0.994886, -0.049271, 0.081432, 0.042108, 0.995789),

              ["LeftHand"] = CFrame.new(0.000488, 0.017803, 0.000000, -0.938953, 0.198411, -0.281074, -0.028758, 0.768840, 0.638797, 0.342842, 0.607880, -0.716195),

              ["LeftLowerArm"] = CFrame.new(-0.000500, 0.090221, 0.032935, 1.000000, -0.000000, -0.000000, 0.000000, 0.661908, -0.749585, 0.000000, 0.749585, 0.661908),

              ["LeftLowerLeg"] = CFrame.new(0.000000, -0.004111, 0.000047, 1.000000, -0.000000, 0.000000, -0.000000, 1.000000, -0.000008, 0.000000, -0.000011, 1.000000),

              ["LeftUpperArm"] = CFrame.new(0.652739, -1.389599, -0.639794, 0.163209, 0.086626, 0.982781, 0.947633, 0.263400, -0.180590, -0.274508, 0.960789, -0.039101),

              ["LeftUpperLeg"] = CFrame.new(-0.000000, -0.000000, -0.000100, 0.964414, 0.078314, 0.252531, -0.160898, 0.931746, 0.325522, -0.209802, -0.354564, 0.911188),

              ["LowerTorso"] = CFrame.new(0.000000, 0.000000, 0.000000, 0.984912, -0.051073, -0.165346, -0.000000, 0.955458, -0.295128, 0.173054, 0.290676, 0.941042),

              ["RightFoot"] = CFrame.new(-0.000000, -0.003792, -0.000103, 0.994800, 0.077911, 0.065603, -0.081212, 0.995480, 0.049253, -0.061466, -0.054309, 0.996630),

              ["RightHand"] = CFrame.new(-0.000514, -0.022028, -0.000000, 0.968108, -0.194336, -0.158119, 0.157730, 0.963120, -0.217993, 0.194650, 0.186100, 0.963056),

              ["RightLowerArm"] = CFrame.new(-0.000001, -0.022002, 0.000120, 1.000000, 0.000000, 0.000000, -0.000000, 1.000000, -0.000001, -0.000000, -0.000000, 1.000000),

              ["RightLowerLeg"] = CFrame.new(0.000000, -0.003778, -0.000046, 1.000000, -0.000000, 0.000000, -0.000000, 1.000000, -0.000008, 0.000000, -0.000011, 1.000000),

              ["RightUpperArm"] = CFrame.new(0.410427, -0.009257, -0.488896, -0.320590, 0.106105, 0.941256, 0.163551, -0.972581, 0.165341, 0.932991, 0.206950, 0.294446),

              ["RightUpperLeg"] = CFrame.new(0.000000, 0.000000, -0.000000, 0.991143, -0.071464, 0.111931, 0.042701, 0.969602, 0.240940, -0.125747, -0.234019, 0.964064),

              ["UpperTorso"] = CFrame.new(-0.000000, -0.000000, 0.000000, 1.000000, -0.000000, 0.000000, -0.000000, 1.000000, -0.000000, -0.000000, -0.000000, 1.000000)

          }},

          {Time = 0.200, Data = {

              ["Head"] = CFrame.new(0.000000, 0.000000, -0.000000, 0.973512, -0.009945, 0.228420, -0.067112, 0.942615, 0.327067, -0.218565, -0.333733, 0.916980),

              ["LeftFoot"] = CFrame.new(-0.000000, -0.005179, -0.000003, 0.992296, -0.094770, -0.079799, 0.090147, 0.994138, -0.059695, 0.084985, 0.052049, 0.995022),

              ["LeftHand"] = CFrame.new(0.000487, 0.019894, 0.000000, -0.941790, 0.223636, -0.251038, 0.037108, 0.811266, 0.583501, 0.334147, 0.540216, -0.772339),

              ["LeftLowerArm"] = CFrame.new(-0.000500, 0.098409, 0.041060, 1.000000, -0.000000, -0.000000, 0.000000, 0.577628, -0.816300, 0.000000, 0.816300, 0.577628),

              ["LeftLowerLeg"] = CFrame.new(0.000000, -0.004761, 0.000038, 1.000000, -0.000000, -0.000000, -0.000000, 1.000000, -0.000008, -0.000000, -0.000011, 1.000000),

              ["LeftUpperArm"] = CFrame.new(0.675459, -1.405162, -0.673188, 0.208651, 0.284526, 0.935686, 0.916505, 0.276996, -0.288604, -0.341296, 0.917779, -0.202975),

              ["LeftUpperLeg"] = CFrame.new(0.000000, -0.000000, -0.000100, 0.953462, 0.075614, 0.291876, -0.175024, 0.927049, 0.331588, -0.245511, -0.367236, 0.897139),

              ["LowerTorso"] = CFrame.new(0.000000, 0.000000, 0.000000, 0.977739, -0.061926, -0.200480, -0.000000, 0.955458, -0.295128, 0.209826, 0.288558, 0.934188),

              ["RightFoot"] = CFrame.new(0.000000, -0.004444, -0.000103, 0.994628, 0.079182, 0.066673, -0.083191, 0.994746, 0.059675, -0.061594, -0.064885, 0.995989),

              ["RightHand"] = CFrame.new(-0.000516, -0.024117, -0.000000, 0.967654, -0.205623, -0.146168, 0.173583, 0.963097, -0.205704, 0.183069, 0.173677, 0.967637),

              ["RightLowerArm"] = CFrame.new(-0.000001, -0.024087, 0.000131, 1.000000, 0.000000, 0.000000, -0.000000, 1.000000, -0.000001, -0.000000, -0.000000, 1.000000),

              ["RightLowerLeg"] = CFrame.new(0.000000, -0.004428, -0.000055, 1.000000, 0.000000, 0.000000, 0.000000, 1.000000, -0.000008, 0.000000, -0.000011, 1.000000),

              ["RightUpperArm"] = CFrame.new(0.393057, -0.023925, -0.491730, -0.285851, 0.104250, 0.952587, 0.192887, -0.967459, 0.163759, 0.938661, 0.230552, 0.256441),

              ["RightUpperLeg"] = CFrame.new(0.000000, 0.000000, -0.000000, 0.986476, -0.068818, 0.148760, 0.033300, 0.972808, 0.229215, -0.160489, -0.221155, 0.961941),

              ["UpperTorso"] = CFrame.new(0.000000, -0.000000, 0.000000, 1.000000, 0.000000, 0.000000, 0.000000, 1.000000, 0.000000, -0.000000, -0.000000, 1.000000)

          }},

          {Time = 0.217, Data = {

              ["Head"] = CFrame.new(-0.000000, -0.000000, 0.000000, 0.967275, -0.010934, 0.253493, -0.074706, 0.942511, 0.325716, -0.242481, -0.333995, 0.910851),

              ["LeftFoot"] = CFrame.new(0.000000, -0.005789, -0.000003, 0.991866, -0.097367, -0.081986, 0.091930, 0.993462, -0.067682, 0.088036, 0.059602, 0.994333),

              ["LeftHand"] = CFrame.new(0.000485, 0.021956, 0.000000, -0.945233, 0.218258, -0.242693, 0.100385, 0.901900, 0.420120, 0.310576, 0.372746, -0.874414),

              ["LeftLowerArm"] = CFrame.new(-0.000500, 0.107089, 0.052718, 1.000000, -0.000000, -0.000000, 0.000000, 0.456643, -0.889650, 0.000000, 0.889650, 0.456643),

              ["LeftLowerLeg"] = CFrame.new(-0.000000, -0.005368, 0.000030, 1.000000, -0.000000, -0.000000, -0.000000, 1.000000, -0.000008, -0.000000, -0.000011, 1.000000),

              ["LeftUpperArm"] = CFrame.new(0.676252, -1.418166, -0.704292, 0.210238, 0.474991, 0.854508, 0.890498, 0.267703, -0.367899, -0.403503, 0.838283, -0.366697),

              ["LeftUpperLeg"] = CFrame.new(0.000000, -0.000000, -0.000100, 0.943833, 0.073175, 0.322219, -0.186218, 0.923353, 0.335779, -0.272951, -0.376916, 0.885115),

              ["LowerTorso"] = CFrame.new(0.000000, 0.000000, 0.000000, 0.971250, -0.070259, -0.227458, -0.000000, 0.955458, -0.295128, 0.238062, 0.286643, 0.927988),

              ["RightFoot"] = CFrame.new(-0.000000, -0.005040, -0.000103, 0.994461, 0.080403, 0.067702, -0.084978, 0.994084, 0.067659, -0.061858, -0.073021, 0.995409),

              ["RightHand"] = CFrame.new(-0.000517, -0.026107, 0.000000, 0.967138, -0.214113, -0.137112, 0.185272, 0.962805, -0.196674, 0.174121, 0.164807, 0.970835),

              ["RightLowerArm"] = CFrame.new(-0.000001, -0.026074, 0.000142, 1.000000, 0.000000, 0.000000, -0.000000, 1.000000, -0.000001, -0.000000, -0.000000, 1.000000),

              ["RightLowerLeg"] = CFrame.new(0.000000, -0.005022, -0.000063, 1.000000, -0.000000, -0.000000, 0.000000, 1.000000, -0.000008, -0.000000, -0.000011, 1.000000),

              ["RightUpperArm"] = CFrame.new(0.379383, -0.034997, -0.493287, -0.258503, 0.103341, 0.960467, 0.215030, -0.963161, 0.161504, 0.941774, 0.248278, 0.226758),

              ["RightUpperLeg"] = CFrame.new(-0.000000, 0.000000, -0.000000, 0.981987, -0.066429, 0.176888, 0.026357, 0.975168, 0.219899, -0.187103, -0.211269, 0.959351),

              ["UpperTorso"] = CFrame.new(-0.000000, -0.000000, 0.000000, 1.000000, -0.000000, 0.000000, -0.000000, 1.000000, -0.000000, -0.000000, 0.000000, 1.000000)

          }},

          {Time = 0.233, Data = {

              ["Head"] = CFrame.new(0.000000, -0.000000, -0.000000, 0.962905, -0.011575, 0.269591, -0.079590, 0.942449, 0.324740, -0.257834, -0.334151, 0.906568),

              ["LeftFoot"] = CFrame.new(-0.000000, -0.006217, -0.000003, 0.991558, -0.099187, -0.083518, 0.093199, 0.992982, -0.072797, 0.090148, 0.064406, 0.993844),

              ["LeftHand"] = CFrame.new(0.000485, 0.022762, 0.000000, -0.951230, 0.185618, -0.246393, 0.139042, 0.970962, 0.194678, 0.275371, 0.150924, -0.949416),

              ["LeftLowerArm"] = CFrame.new(-0.000499, 0.110868, 0.059570, 1.000000, -0.000000, -0.000000, 0.000000, 0.385545, -0.922689, 0.000000, 0.922689, 0.385545),

              ["LeftLowerLeg"] = CFrame.new(0.000000, -0.005795, 0.000024, 1.000000, -0.000000, -0.000000, 0.000000, 1.000000, -0.000008, 0.000000, -0.000011, 1.000000),

              ["LeftUpperArm"] = CFrame.new(0.661085, -1.423579, -0.722660, 0.179903, 0.669677, 0.720533, 0.879673, 0.218293, -0.422522, -0.440240, 0.709846, -0.549825),

              ["LeftUpperLeg"] = CFrame.new(-0.000000, -0.000000, -0.000100, 0.937075, 0.071440, 0.341740, -0.193561, 0.920940, 0.338243, -0.290559, -0.383101, 0.876815),

              ["LowerTorso"] = CFrame.new(0.000000, 0.000000, 0.000000, 0.966630, -0.075605, -0.244765, -0.000000, 0.955458, -0.295128, 0.256176, 0.285280, 0.923574),

              ["RightFoot"] = CFrame.new(0.000000, -0.005442, -0.000103, 0.994336, 0.081300, 0.068456, -0.086250, 0.993613, 0.072773, -0.062099, -0.078248, 0.994996),

              ["RightHand"] = CFrame.new(-0.000518, -0.027560, 0.000000, 0.966735, -0.219461, -0.131379, 0.192536, 0.962509, -0.191067, 0.168384, 0.159415, 0.972745),

              ["RightLowerArm"] = CFrame.new(-0.000001, -0.027526, 0.000150, 1.000000, 0.000000, 0.000000, -0.000000, 1.000000, -0.000001, -0.000000, -0.000000, 1.000000),

              ["RightLowerLeg"] = CFrame.new(-0.000000, -0.005422, -0.000068, 1.000000, 0.000000, 0.000000, 0.000000, 1.000000, -0.000008, 0.000000, -0.000011, 1.000000),

              ["RightUpperArm"] = CFrame.new(0.370471, -0.042001, -0.493997, -0.240679, 0.102990, 0.965125, 0.229037, -0.960247, 0.159585, 0.943195, 0.259458, 0.207523),

              ["RightUpperLeg"] = CFrame.new(0.000000, 0.000000, -0.000000, 0.978692, -0.064730, 0.194865, 0.022030, 0.976635, 0.213779, -0.204151, -0.204924, 0.957249),

              ["UpperTorso"] = CFrame.new(0.000000, -0.000000, 0.000000, 1.000000, 0.000000, 0.000000, 0.000000, 1.000000, 0.000000, -0.000000, 0.000000, 1.000000)

          }},

          {Time = 0.250, Data = {

              ["Head"] = CFrame.new(0.000000, 0.000000, 0.000000, 0.961290, -0.011804, 0.275286, -0.081319, 0.942427, 0.324374, -0.263266, -0.334204, 0.904985),

              ["LeftFoot"] = CFrame.new(-0.000000, -0.006371, -0.000003, 0.991443, -0.099860, -0.084085, 0.093671, 0.992804, -0.074604, 0.090925, 0.066096, 0.993662),

              ["LeftHand"] = CFrame.new(0.000485, 0.022655, 0.000000, -0.955547, 0.150862, -0.253323, 0.157875, 0.987431, -0.007465, 0.249011, -0.047126, -0.967353),

              ["LeftLowerArm"] = CFrame.new(-0.000499, 0.110104, 0.057963, 1.000000, -0.000000, -0.000000, 0.000000, 0.402180, -0.915561, 0.000000, 0.915561, 0.402180),

              ["LeftLowerLeg"] = CFrame.new(0.000000, -0.005948, 0.000022, 1.000000, 0.000000, -0.000000, 0.000000, 1.000000, -0.000008, 0.000000, -0.000011, 1.000000),

              ["LeftUpperArm"] = CFrame.new(0.645125, -1.424312, -0.729947, 0.147982, 0.820328, 0.552415, 0.878206, 0.147876, -0.454849, -0.454814, 0.552444, -0.698534),

