return {
["devious hand rub"] = {

          {Time = 0.000, Data = {

              ["Head"] = CFrame.new(0.003669, 0.028524, -0.214736, 0.999899, -0.006903, -0.012427, 0.006014, 0.997515, -0.070199, 0.012881, 0.070117, 0.997456),

              ["LeftFoot"] = CFrame.new(0.000000, 0.009801, -0.000003, 0.996050, -0.067922, -0.057192, 0.057560, 0.984348, -0.166582, 0.067607, 0.162620, 0.984368),

              ["LeftHand"] = CFrame.new(0.000482, 0.027029, -0.000000, 0.641492, -0.662670, 0.386472, 0.075464, 0.555857, 0.827847, -0.763409, -0.501889, 0.406583),

              ["LeftLowerArm"] = CFrame.new(-0.000499, 0.114183, 0.130499, 1.000000, -0.000000, 0.000000, 0.000000, -0.351066, -0.936350, 0.000000, 0.936351, -0.351068),

              ["LeftLowerLeg"] = CFrame.new(-0.000000, 0.047724, -0.007346, 1.000000, -0.000000, 0.000000, 0.000000, 0.924338, 0.381564, -0.000000, -0.381574, 0.924343),

              ["LeftUpperArm"] = CFrame.new(0.133760, -0.789953, 0.141421, 0.657160, -0.276343, -0.701267, -0.502430, 0.532937, -0.680840, 0.561876, 0.799758, 0.211381),

              ["LeftUpperLeg"] = CFrame.new(0.000000, -0.000000, -0.000100, 0.997534, 0.065038, 0.026403, -0.051660, 0.934895, -0.351131, -0.047521, 0.348916, 0.935954),

              ["LowerTorso"] = CFrame.new(-0.009698, -0.100823, 0.017710, 0.999802, 0.008172, 0.018166, -0.010491, 0.991261, 0.131495, -0.016933, -0.131659, 0.991150),

              ["RightFoot"] = CFrame.new(0.000000, 0.010669, -0.000103, 0.995809, 0.069960, 0.058908, -0.057444, 0.979640, -0.192382, -0.071163, 0.188179, 0.979550),

              ["RightHand"] = CFrame.new(-0.000482, 0.026555, -0.000000, 0.619459, 0.677981, -0.395746, -0.478442, 0.725723, 0.494390, 0.622385, -0.116911, 0.773927),

              ["RightLowerArm"] = CFrame.new(-0.000001, 0.117007, 0.121909, 1.000000, 0.000000, -0.000000, -0.000000, -0.261768, -0.965131, -0.000000, 0.965131, -0.261769),

              ["RightLowerLeg"] = CFrame.new(-0.000000, 0.051263, -0.008795, 1.000000, 0.000000, 0.000000, -0.000000, 0.910641, 0.413190, 0.000000, -0.413199, 0.910645),

              ["RightUpperArm"] = CFrame.new(-0.250677, -0.887800, 0.201721, 0.680327, -0.093939, 0.726863, 0.529459, 0.748758, -0.398792, -0.506782, 0.656153, 0.559137),

              ["RightUpperLeg"] = CFrame.new(-0.000000, -0.000000, -0.000000, 0.993880, -0.095762, -0.055065, 0.069731, 0.930488, -0.359609, 0.085674, 0.353583, 0.931477),

              ["UpperTorso"] = CFrame.new(0.000000, -0.000000, 0.000000, 1.000000, -0.000000, 0.000000, 0.000000, 1.000000, 0.000000, -0.000000, 0.000000, 1.000000)

          }},

          {Time = 0.017, Data = {

              ["Head"] = CFrame.new(0.003669, 0.028524, -0.214736, 0.999899, -0.006903, -0.012427, 0.006014, 0.997515, -0.070199, 0.012881, 0.070117, 0.997456),

              ["LeftFoot"] = CFrame.new(0.000000, 0.009801, -0.000003, 0.996050, -0.067922, -0.057192, 0.057560, 0.984348, -0.166582, 0.067607, 0.162620, 0.984368),

              ["LeftHand"] = CFrame.new(0.000482, 0.027030, 0.000000, 0.642203, -0.662155, 0.386172, 0.076518, 0.556650, 0.827217, -0.762706, -0.501688, 0.408147),

              ["LeftLowerArm"] = CFrame.new(-0.000499, 0.114171, 0.130532, 1.000000, -0.000000, 0.000000, 0.000000, -0.351405, -0.936223, 0.000000, 0.936224, -0.351406),

              ["LeftLowerLeg"] = CFrame.new(-0.000000, 0.047724, -0.007346, 1.000000, -0.000000, 0.000000, 0.000000, 0.924338, 0.381564, -0.000000, -0.381574, 0.924343),

              ["LeftUpperArm"] = CFrame.new(0.133501, -0.789871, 0.141797, 0.656643, -0.275612, -0.702039, -0.502265, 0.534593, -0.679662, 0.562628, 0.798905, 0.212606),

              ["LeftUpperLeg"] = CFrame.new(0.000000, -0.000000, -0.000100, 0.997534, 0.065038, 0.026403, -0.051660, 0.934895, -0.351131, -0.047521, 0.348916, 0.935954),

              ["LowerTorso"] = CFrame.new(-0.009698, -0.100823, 0.017710, 0.999802, 0.008172, 0.018166, -0.010491, 0.991261, 0.131495, -0.016933, -0.131659, 0.991150),

              ["RightFoot"] = CFrame.new(0.000000, 0.010669, -0.000103, 0.995809, 0.069960, 0.058908, -0.057444, 0.979640, -0.192382, -0.071163, 0.188179, 0.979550),

              ["RightHand"] = CFrame.new(-0.000483, 0.026558, -0.000000, 0.618533, 0.678612, -0.396113, -0.477291, 0.724935, 0.496654, 0.624188, -0.118134, 0.772288),

              ["RightLowerArm"] = CFrame.new(-0.000001, 0.116993, 0.121968, 1.000000, 0.000000, -0.000000, -0.000000, -0.262384, -0.964963, -0.000000, 0.964963, -0.262386),

              ["RightLowerLeg"] = CFrame.new(-0.000000, 0.051263, -0.008795, 1.000000, 0.000000, 0.000000, -0.000000, 0.910641, 0.413190, 0.000000, -0.413199, 0.910645),

              ["RightUpperArm"] = CFrame.new(-0.250985, -0.887880, 0.201224, 0.680942, -0.093029, 0.726404, 0.529618, 0.747611, -0.400727, -0.505789, 0.657589, 0.558350),

              ["RightUpperLeg"] = CFrame.new(-0.000000, -0.000000, -0.000000, 0.993880, -0.095762, -0.055065, 0.069731, 0.930488, -0.359609, 0.085674, 0.353583, 0.931477),

              ["UpperTorso"] = CFrame.new(0.000000, -0.000000, 0.000000, 1.000000, -0.000000, 0.000000, 0.000000, 1.000000, 0.000000, -0.000000, 0.000000, 1.000000)

          }},

          {Time = 0.033, Data = {

              ["Head"] = CFrame.new(0.003669, 0.028524, -0.214736, 0.999899, -0.006903, -0.012427, 0.006014, 0.997515, -0.070199, 0.012881, 0.070117, 0.997456),

              ["LeftFoot"] = CFrame.new(0.000000, 0.009801, -0.000003, 0.996050, -0.067922, -0.057192, 0.057560, 0.984348, -0.166582, 0.067607, 0.162620, 0.984368),

              ["LeftHand"] = CFrame.new(0.000482, 0.027034, -0.000000, 0.644250, -0.660670, 0.385307, 0.079569, 0.558955, 0.825373, -0.760665, -0.501084, 0.412672),

              ["LeftLowerArm"] = CFrame.new(-0.000499, 0.114136, 0.130625, 1.000000, -0.000000, 0.000000, 0.000000, -0.352366, -0.935862, 0.000000, 0.935862, -0.352367),

              ["LeftLowerLeg"] = CFrame.new(-0.000000, 0.047724, -0.007346, 1.000000, -0.000000, 0.000000, 0.000000, 0.924338, 0.381564, -0.000000, -0.381574, 0.924343),

              ["LeftUpperArm"] = CFrame.new(0.132754, -0.789632, 0.142879, 0.655148, -0.273481, -0.704265, -0.501788, 0.539362, -0.676238, 0.564792, 0.796428, 0.216132),

              ["LeftUpperLeg"] = CFrame.new(0.000000, -0.000000, -0.000100, 0.997534, 0.065038, 0.026403, -0.051660, 0.934895, -0.351131, -0.047521, 0.348916, 0.935954),

              ["LowerTorso"] = CFrame.new(-0.009698, -0.100823, 0.017710, 0.999802, 0.008172, 0.018166, -0.010491, 0.991261, 0.131495, -0.016933, -0.131659, 0.991150),

              ["RightFoot"] = CFrame.new(0.000000, 0.010669, -0.000103, 0.995809, 0.069960, 0.058908, -0.057444, 0.979640, -0.192382, -0.071163, 0.188179, 0.979550),

              ["RightHand"] = CFrame.new(-0.000483, 0.026565, -0.000000, 0.615844, 0.680435, -0.397174, -0.473932, 0.722643, 0.503168, 0.629384, -0.121638, 0.767512),

              ["RightLowerArm"] = CFrame.new(-0.000001, 0.116948, 0.122136, 1.000000, 0.000000, -0.000000, -0.000000, -0.264125, -0.964488, -0.000000, 0.964488, -0.264126),

              ["RightLowerLeg"] = CFrame.new(-0.000000, 0.051263, -0.008795, 1.000000, 0.000000, 0.000000, -0.000000, 0.910641, 0.413190, 0.000000, -0.413199, 0.910645),

              ["RightUpperArm"] = CFrame.new(-0.251873, -0.888109, 0.199783, 0.682719, -0.090390, 0.725068, 0.530076, 0.744253, -0.406334, -0.502906, 0.661753, 0.556029),

              ["RightUpperLeg"] = CFrame.new(-0.000000, -0.000000, -0.000000, 0.993880, -0.095762, -0.055065, 0.069731, 0.930488, -0.359609, 0.085674, 0.353583, 0.931477),

              ["UpperTorso"] = CFrame.new(0.000000, -0.000000, 0.000000, 1.000000, -0.000000, 0.000000, 0.000000, 1.000000, 0.000000, -0.000000, 0.000000, 1.000000)

          }},

          {Time = 0.050, Data = {

              ["Head"] = CFrame.new(0.003669, 0.028524, -0.214736, 0.999899, -0.006903, -0.012427, 0.006014, 0.997515, -0.070199, 0.012881, 0.070117, 0.997456),

              ["LeftFoot"] = CFrame.new(0.000000, 0.009801, -0.000003, 0.996050, -0.067922, -0.057192, 0.057560, 0.984348, -0.166582, 0.067607, 0.162620, 0.984368),

              ["LeftHand"] = CFrame.new(0.000482, 0.027040, 0.000000, 0.647495, -0.658298, 0.383925, 0.084448, 0.562670, 0.822358, -0.757376, -0.500047, 0.419915),

              ["LeftLowerArm"] = CFrame.new(-0.000498, 0.114082, 0.130767, 1.000000, -0.000000, 0.000000, -0.000000, -0.353845, -0.935304, 0.000000, 0.935304, -0.353846),

              ["LeftLowerLeg"] = CFrame.new(-0.000000, 0.047724, -0.007346, 1.000000, -0.000000, 0.000000, 0.000000, 0.924338, 0.381564, -0.000000, -0.381574, 0.924343),

              ["LeftUpperArm"] = CFrame.new(0.131561, -0.789249, 0.144596, 0.652762, -0.270030, -0.707804, -0.501022, 0.546920, -0.670713, 0.568224, 0.792441, 0.221717),

              ["LeftUpperLeg"] = CFrame.new(0.000000, -0.000000, -0.000100, 0.997534, 0.065038, 0.026403, -0.051660, 0.934895, -0.351131, -0.047521, 0.348916, 0.935954),

              ["LowerTorso"] = CFrame.new(-0.009698, -0.100823, 0.017710, 0.999802, 0.008172, 0.018166, -0.010491, 0.991261, 0.131495, -0.016933, -0.131659, 0.991150),

              ["RightFoot"] = CFrame.new(0.000000, 0.010669, -0.000103, 0.995809, 0.069960, 0.058908, -0.057444, 0.979640, -0.192382, -0.071163, 0.188179, 0.979550),

              ["RightHand"] = CFrame.new(-0.000482, 0.026576, 0.000000, 0.611514, 0.683344, -0.398866, -0.468473, 0.718942, 0.513476, 0.637639, -0.127138, 0.759768),

              ["RightLowerArm"] = CFrame.new(-0.000001, 0.116879, 0.122391, 1.000000, 0.000000, -0.000000, -0.000000, -0.266777, -0.963758, -0.000000, 0.963758, -0.266778),

              ["RightLowerLeg"] = CFrame.new(-0.000000, 0.051263, -0.008795, 1.000000, 0.000000, 0.000000, -0.000000, 0.910641, 0.413190, 0.000000, -0.413199, 0.910645),

              ["RightUpperArm"] = CFrame.new(-0.253290, -0.888469, 0.197464, 0.685554, -0.086150, 0.722907, 0.530797, 0.738751, -0.415332, -0.498267, 0.668449, 0.552182),

              ["RightUpperLeg"] = CFrame.new(-0.000000, -0.000000, -0.000000, 0.993880, -0.095762, -0.055065, 0.069731, 0.930488, -0.359609, 0.085674, 0.353583, 0.931477),

              ["UpperTorso"] = CFrame.new(0.000000, -0.000000, 0.000000, 1.000000, -0.000000, 0.000000, 0.000000, 1.000000, 0.000000, -0.000000, 0.000000, 1.000000)

          }},

          {Time = 0.067, Data = {

              ["Head"] = CFrame.new(0.003669, 0.028524, -0.214736, 0.999899, -0.006903, -0.012427, 0.006014, 0.997515, -0.070199, 0.012881, 0.070117, 0.997456),

              ["LeftFoot"] = CFrame.new(0.000000, 0.009801, -0.000003, 0.996050, -0.067922, -0.057192, 0.057560, 0.984348, -0.166582, 0.067607, 0.162620, 0.984368),

              ["LeftHand"] = CFrame.new(0.000482, 0.027048, 0.000000, 0.651789, -0.655126, 0.382078, 0.090990, 0.567705, 0.818189, -0.752922, -0.498518, 0.429631),

              ["LeftLowerArm"] = CFrame.new(-0.000499, 0.114013, 0.130947, 1.000000, -0.000000, 0.000000, 0.000000, -0.355718, -0.934593, 0.000000, 0.934593, -0.355719),

              ["LeftLowerLeg"] = CFrame.new(-0.000000, 0.047724, -0.007346, 1.000000, -0.000000, 0.000000, 0.000000, 0.924338, 0.381564, -0.000000, -0.381574, 0.924343),

              ["LeftUpperArm"] = CFrame.new(0.129966, -0.788733, 0.146869, 0.649571, -0.265321, -0.712504, -0.499990, 0.556919, -0.663213, 0.572771, 0.787049, 0.229100),

              ["LeftUpperLeg"] = CFrame.new(0.000000, -0.000000, -0.000100, 0.997534, 0.065038, 0.026403, -0.051660, 0.934895, -0.351131, -0.047521, 0.348916, 0.935954),

              ["LowerTorso"] = CFrame.new(-0.009698, -0.100823, 0.017710, 0.999802, 0.008172, 0.018166, -0.010491, 0.991261, 0.131495, -0.016933, -0.131659, 0.991150),

              ["RightFoot"] = CFrame.new(0.000000, 0.010669, -0.000103, 0.995809, 0.069960, 0.058908, -0.057444, 0.979640, -0.192382, -0.071163, 0.188179, 0.979550),

              ["RightHand"] = CFrame.new(-0.000482, 0.026589, 0.000000, 0.605652, 0.687230, -0.401128, -0.460989, 0.713916, 0.527082, 0.648594, -0.134311, 0.749187),

              ["RightLowerArm"] = CFrame.new(-0.000001, 0.116793, 0.122709, 1.000000, 0.000000, -0.000000, -0.000000, -0.270078, -0.962838, -0.000000, 0.962838, -0.270079),

              ["RightLowerLeg"] = CFrame.new(-0.000000, 0.051263, -0.008795, 1.000000, 0.000000, 0.000000, -0.000000, 0.910641, 0.413190, 0.000000, -0.413199, 0.910645),

              ["RightUpperArm"] = CFrame.new(-0.255184, -0.888942, 0.194327, 0.689340, -0.080434, 0.719959, 0.531744, 0.731119, -0.427449, -0.491995, 0.677492, 0.546760),

              ["RightUpperLeg"] = CFrame.new(-0.000000, -0.000000, -0.000000, 0.993880, -0.095762, -0.055065, 0.069731, 0.930488, -0.359609, 0.085674, 0.353583, 0.931477),

              ["UpperTorso"] = CFrame.new(0.000000, -0.000000, 0.000000, 1.000000, -0.000000, 0.000000, 0.000000, 1.000000, 0.000000, -0.000000, 0.000000, 1.000000)

          }},

          {Time = 0.083, Data = {

              ["Head"] = CFrame.new(0.003669, 0.028524, -0.214736, 0.999899, -0.006903, -0.012427, 0.006014, 0.997515, -0.070199, 0.012881, 0.070117, 0.997456),

              ["LeftFoot"] = CFrame.new(0.000000, 0.009801, -0.000003, 0.996050, -0.067922, -0.057192, 0.057560, 0.984348, -0.166582, 0.067607, 0.162620, 0.984368),

              ["LeftHand"] = CFrame.new(0.000482, 0.027057, 0.000000, 0.656982, -0.651244, 0.379816, 0.099024, 0.573974, 0.812865, -0.747375, -0.496423, 0.441576),

              ["LeftLowerArm"] = CFrame.new(-0.000499, 0.113935, 0.131152, 1.000000, -0.000000, 0.000000, -0.000000, -0.357847, -0.933780, 0.000000, 0.933780, -0.357848),

              ["LeftLowerLeg"] = CFrame.new(-0.000000, 0.047724, -0.007346, 1.000000, -0.000000, 0.000000, 0.000000, 0.924338, 0.381564, -0.000000, -0.381574, 0.924343),

              ["LeftUpperArm"] = CFrame.new(0.128013, -0.788095, 0.149620, 0.645666, -0.259411, -0.718207, -0.498714, 0.568993, -0.653859, 0.578273, 0.780354, 0.238007),

              ["LeftUpperLeg"] = CFrame.new(0.000000, -0.000000, -0.000100, 0.997534, 0.065038, 0.026403, -0.051660, 0.934895, -0.351131, -0.047521, 0.348916, 0.935954),

              ["LowerTorso"] = CFrame.new(-0.009698, -0.100823, 0.017710, 0.999802, 0.008172, 0.018166, -0.010491, 0.991261, 0.131495, -0.016933, -0.131659, 0.991150),

              ["RightFoot"] = CFrame.new(0.000000, 0.010669, -0.000103, 0.995809, 0.069960, 0.058908, -0.057444, 0.979640, -0.192382, -0.071163, 0.188179, 0.979550),

              ["RightHand"] = CFrame.new(-0.000482, 0.026605, 0.000000, 0.598358, 0.691983, -0.403893, -0.451544, 0.707649, 0.543455, 0.661873, -0.142804, 0.735885),

              ["RightLowerArm"] = CFrame.new(-0.000001, 0.116696, 0.123061, 1.000000, 0.000000, -0.000000, -0.000000, -0.273739, -0.961804, -0.000000, 0.961804, -0.273740),

              ["RightLowerLeg"] = CFrame.new(-0.000000, 0.051263, -0.008795, 1.000000, 0.000000, 0.000000, -0.000000, 0.910641, 0.413190, 0.000000, -0.413199, 0.910645),

              ["RightUpperArm"] = CFrame.new(-0.257498, -0.889508, 0.190431, 0.693970, -0.073369, 0.716256, 0.532874, 0.721335, -0.442404, -0.484201, 0.688690, 0.539681),

              ["RightUpperLeg"] = CFrame.new(-0.000000, -0.000000, -0.000000, 0.993880, -0.095762, -0.055065, 0.069731, 0.930488, -0.359609, 0.085674, 0.353583, 0.931477),

              ["UpperTorso"] = CFrame.new(0.000000, -0.000000, 0.000000, 1.000000, -0.000000, 0.000000, 0.000000, 1.000000, 0.000000, -0.000000, 0.000000, 1.000000)

          }},

          {Time = 0.100, Data = {

              ["Head"] = CFrame.new(0.003669, 0.028524, -0.214736, 0.999899, -0.006903, -0.012427, 0.006014, 0.997515, -0.070199, 0.012881, 0.070117, 0.997456),

              ["LeftFoot"] = CFrame.new(0.000000, 0.009801, -0.000003, 0.996050, -0.067922, -0.057192, 0.057560, 0.984348, -0.166582, 0.067607, 0.162620, 0.984368),

              ["LeftHand"] = CFrame.new(0.000482, 0.027066, -0.000000, 0.662919, -0.646737, 0.377191, 0.108375, 0.581386, 0.806379, -0.740805, -0.493683, 0.455499),

              ["LeftLowerArm"] = CFrame.new(-0.000499, 0.113851, 0.131368, 1.000000, -0.000000, 0.000000, -0.000000, -0.360090, -0.932917, 0.000000, 0.932918, -0.360091),

              ["LeftLowerLeg"] = CFrame.new(-0.000000, 0.047724, -0.007346, 1.000000, -0.000000, 0.000000, 0.000000, 0.924338, 0.381564, -0.000000, -0.381574, 0.924343),

              ["LeftUpperArm"] = CFrame.new(0.125746, -0.787346, 0.152769, 0.641133, -0.252358, -0.724751, -0.497217, 0.582770, -0.642771, 0.584571, 0.772460, 0.248156),

              ["LeftUpperLeg"] = CFrame.new(0.000000, -0.000000, -0.000100, 0.997534, 0.065038, 0.026403, -0.051660, 0.934895, -0.351131, -0.047521, 0.348916, 0.935954),

              ["LowerTorso"] = CFrame.new(-0.009698, -0.100823, 0.017710, 0.999802, 0.008172, 0.018166, -0.010491, 0.991261, 0.131495, -0.016933, -0.131659, 0.991150),

              ["RightFoot"] = CFrame.new(0.000000, 0.010669, -0.000103, 0.995809, 0.069960, 0.058908, -0.057444, 0.979640, -0.192382, -0.071163, 0.188179, 0.979550),

              ["RightHand"] = CFrame.new(-0.000482, 0.026620, -0.000000, 0.589729, 0.697491, -0.407098, -0.440207, 0.700234, 0.562043, 0.677080, -0.152244, 0.719986),

              ["RightLowerArm"] = CFrame.new(-0.000001, 0.116596, 0.123418, 1.000000, 0.000000, -0.000000, -0.000000, -0.277457, -0.960738, -0.000000, 0.960738, -0.277458),

              ["RightLowerLeg"] = CFrame.new(-0.000000, 0.051263, -0.008795, 1.000000, 0.000000, 0.000000, -0.000000, 0.910641, 0.413190, 0.000000, -0.413199, 0.910645),

              ["RightUpperArm"] = CFrame.new(-0.260180, -0.890143, 0.185829, 0.699333, -0.065100, 0.711826, 0.534145, 0.709355, -0.459896, -0.474998, 0.701838, 0.530848),

              ["RightUpperLeg"] = CFrame.new(-0.000000, -0.000000, -0.000000, 0.993880, -0.095762, -0.055065, 0.069731, 0.930488, -0.359609, 0.085674, 0.353583, 0.931477),

              ["UpperTorso"] = CFrame.new(0.000000, -0.000000, 0.000000, 1.000000, -0.000000, 0.000000, 0.000000, 1.000000, 0.000000, -0.000000, 0.000000, 1.000000)

          }},

          {Time = 0.117, Data = {

              ["Head"] = CFrame.new(0.003669, 0.028524, -0.214736, 0.999899, -0.006903, -0.012427, 0.006014, 0.997515, -0.070199, 0.012881, 0.070117, 0.997456),

              ["LeftFoot"] = CFrame.new(0.000000, 0.009801, -0.000003, 0.996050, -0.067922, -0.057192, 0.057560, 0.984348, -0.166582, 0.067607, 0.162620, 0.984368),

              ["LeftHand"] = CFrame.new(0.000482, 0.027075, -0.000000, 0.669450, -0.641695, 0.374256, 0.118860, 0.589842, 0.798725, -0.733286, -0.490218, 0.471138),

              ["LeftLowerArm"] = CFrame.new(-0.000499, 0.113768, 0.131581, 1.000000, -0.000000, 0.000000, 0.000000, -0.362307, -0.932059, 0.000000, 0.932059, -0.362308),

              ["LeftLowerLeg"] = CFrame.new(-0.000000, 0.047724, -0.007346, 1.000000, -0.000000, 0.000000, 0.000000, 0.924338, 0.381564, -0.000000, -0.381574, 0.924343),

              ["LeftUpperArm"] = CFrame.new(0.123212, -0.786499, 0.156237, 0.636063, -0.244228, -0.731967, -0.495522, 0.597872, -0.630084, 0.591507, 0.763480, 0.259264),

              ["LeftUpperLeg"] = CFrame.new(0.000000, -0.000000, -0.000100, 0.997534, 0.065038, 0.026403, -0.051660, 0.934895, -0.351131, -0.047521, 0.348916, 0.935954),

              ["LowerTorso"] = CFrame.new(-0.009698, -0.100823, 0.017710, 0.999802, 0.008172, 0.018166, -0.010491, 0.991261, 0.131495, -0.016933, -0.131659, 0.991150),

              ["RightFoot"] = CFrame.new(0.000000, 0.010669, -0.000103, 0.995809, 0.069960, 0.058908, -0.057444, 0.979640, -0.192382, -0.071163, 0.188179, 0.979550),

              ["RightHand"] = CFrame.new(-0.000482, 0.026635, 0.000000, 0.579863, 0.703639, -0.410674, -0.427071, 0.691785, 0.582277, 0.693808, -0.162253, 0.701641),

              ["RightLowerArm"] = CFrame.new(-0.000001, 0.116502, 0.123753, 1.000000, 0.000000, -0.000000, 0.000000, -0.280934, -0.959727, -0.000000, 0.959727, -0.280935),

              ["RightLowerLeg"] = CFrame.new(-0.000000, 0.051263, -0.008795, 1.000000, 0.000000, 0.000000, -0.000000, 0.910641, 0.413190, 0.000000, -0.413199, 0.910645),

              ["RightUpperArm"] = CFrame.new(-0.263171, -0.890826, 0.180579, 0.705316, -0.055786, 0.706695, 0.535511, 0.695141, -0.479591, -0.464498, 0.716706, 0.520168),

              ["RightUpperLeg"] = CFrame.new(-0.000000, -0.000000, -0.000000, 0.993880, -0.095762, -0.055065, 0.069731, 0.930488, -0.359609, 0.085674, 0.353583, 0.931477),

              ["UpperTorso"] = CFrame.new(0.000000, -0.000000, 0.000000, 1.000000, -0.000000, 0.000000, 0.000000, 1.000000, 0.000000, -0.000000, 0.000000, 1.000000)

          }},

          {Time = 0.133, Data = {

              ["Head"] = CFrame.new(0.003669, 0.028524, -0.214736, 0.999899, -0.006903, -0.012427, 0.006014, 0.997515, -0.070199, 0.012881, 0.070117, 0.997456),

              ["LeftFoot"] = CFrame.new(0.000000, 0.009801, -0.000003, 0.996050, -0.067922, -0.057192, 0.057560, 0.984348, -0.166582, 0.067607, 0.162620, 0.984368),

              ["LeftHand"] = CFrame.new(0.000482, 0.027083, 0.000000, 0.676428, -0.636209, 0.371062, 0.130287, 0.599228, 0.789907, -0.724894, -0.485967, 0.488221),

              ["LeftLowerArm"] = CFrame.new(-0.000498, 0.113690, 0.131780, 1.000000, -0.000000, 0.000000, 0.000000, -0.364366, -0.931256, 0.000000, 0.931256, -0.364367),

              ["LeftLowerLeg"] = CFrame.new(-0.000000, 0.047724, -0.007346, 1.000000, -0.000000, 0.000000, 0.000000, 0.924338, 0.381564, -0.000000, -0.381574, 0.924343),

              ["LeftUpperArm"] = CFrame.new(0.120454, -0.785565, 0.159948, 0.630548, -0.235106, -0.739686, -0.493654, 0.613928, -0.615952, 0.598928, 0.753536, 0.271049),

              ["LeftUpperLeg"] = CFrame.new(0.000000, -0.000000, -0.000100, 0.997534, 0.065038, 0.026403, -0.051660, 0.934895, -0.351131, -0.047521, 0.348916, 0.935954),

              ["LowerTorso"] = CFrame.new(-0.009698, -0.100823, 0.017710, 0.999802, 0.008172, 0.018166, -0.010491, 0.991261, 0.131495, -0.016933, -0.131659, 0.991150),

              ["RightFoot"] = CFrame.new(0.000000, 0.010669, -0.000103, 0.995809, 0.069960, 0.058908, -0.057444, 0.979640, -0.192382, -0.071163, 0.188179, 0.979550),

              ["RightHand"] = CFrame.new(-0.000482, 0.026647, 0.000000, 0.568865, 0.710310, -0.414554, -0.412262, 0.682436, 0.603592, 0.711641, -0.172455, 0.681045),

              ["RightLowerArm"] = CFrame.new(-0.000001, 0.116419, 0.124037, 1.000000, 0.000000, -0.000000, -0.000000, -0.283893, -0.958856, -0.000000, 0.958856, -0.283894),

              ["RightLowerLeg"] = CFrame.new(-0.000000, 0.051263, -0.008795, 1.000000, 0.000000, 0.000000, -0.000000, 0.910641, 0.413190, 0.000000, -0.413199, 0.910645),

              ["RightUpperArm"] = CFrame.new(-0.266415, -0.891534, 0.174739, 0.711804, -0.045613, 0.700896, 0.536927, 0.678669, -0.501117, -0.452818, 0.733027, 0.507570),

              ["RightUpperLeg"] = CFrame.new(-0.000000, -0.000000, -0.000000, 0.993880, -0.095762, -0.055065, 0.069731, 0.930488, -0.359609, 0.085674, 0.353583, 0.931477),

              ["UpperTorso"] = CFrame.new(0.000000, -0.000000, 0.000000, 1.000000, -0.000000, 0.000000, 0.000000, 1.000000, 0.000000, -0.000000, 0.000000, 1.000000)

          }},

          {Time = 0.150, Data = {

              ["Head"] = CFrame.new(0.003669, 0.028524, -0.214736, 0.999899, -0.006903, -0.012427, 0.006014, 0.997515, -0.070199, 0.012881, 0.070117, 0.997456),

              ["LeftFoot"] = CFrame.new(0.000000, 0.009801, -0.000003, 0.996050, -0.067922, -0.057192, 0.057560, 0.984348, -0.166582, 0.067607, 0.162620, 0.984368),

              ["LeftHand"] = CFrame.new(0.000482, 0.027091, 0.000000, 0.683713, -0.630369, 0.367662, 0.142456, 0.609415, 0.779950, -0.715712, -0.480883, 0.506461),

              ["LeftLowerArm"] = CFrame.new(-0.000499, 0.113623, 0.131951, 1.000000, -0.000000, 0.000000, -0.000000, -0.366149, -0.930556, 0.000000, 0.930556, -0.366150),

              ["LeftLowerLeg"] = CFrame.new(-0.000000, 0.047724, -0.007346, 1.000000, -0.000000, 0.000000, 0.000000, 0.924338, 0.381564, -0.000000, -0.381574, 0.924343),

              ["LeftUpperArm"] = CFrame.new(0.117518, -0.784558, 0.163827, 0.624676, -0.225095, -0.747738, -0.491640, 0.630578, -0.600552, 0.606688, 0.742768, 0.283241),

              ["LeftUpperLeg"] = CFrame.new(0.000000, -0.000000, -0.000100, 0.997534, 0.065038, 0.026403, -0.051660, 0.934895, -0.351131, -0.047521, 0.348916, 0.935954),

              ["LowerTorso"] = CFrame.new(-0.009698, -0.100823, 0.017710, 0.999802, 0.008172, 0.018166, -0.010491, 0.991261, 0.131495, -0.016933, -0.131659, 0.991150),

              ["RightFoot"] = CFrame.new(0.000000, 0.010669, -0.000103, 0.995809, 0.069960, 0.058908, -0.057444, 0.979640, -0.192382, -0.071163, 0.188179, 0.979550),

              ["RightHand"] = CFrame.new(-0.000482, 0.026656, 0.000000, 0.556847, 0.717385, -0.418669, -0.395957, 0.672351, 0.625432, 0.730164, -0.182493, 0.658446),

              ["RightLowerArm"] = CFrame.new(-0.000001, 0.116358, 0.124248, 1.000000, 0.000000, -0.000000, -0.000000, -0.286085, -0.958204, -0.000000, 0.958204, -0.286086),

              ["RightLowerLeg"] = CFrame.new(-0.000000, 0.051263, -0.008795, 1.000000, 0.000000, 0.000000, -0.000000, 0.910641, 0.413190, 0.000000, -0.413199, 0.910645),

              ["RightUpperArm"] = CFrame.new(-0.269854, -0.892246, 0.168373, 0.718681, -0.034790, 0.694470, 0.538351, 0.659954, -0.524059, -0.440086, 0.750500, 0.493026),

              ["RightUpperLeg"] = CFrame.new(-0.000000, -0.000000, -0.000000, 0.993880, -0.095762, -0.055065, 0.069731, 0.930488, -0.359609, 0.085674, 0.353583, 0.931477),

              ["UpperTorso"] = CFrame.new(0.000000, -0.000000, 0.000000, 1.000000, -0.000000, 0.000000, 0.000000, 1.000000, 0.000000, -0.000000, 0.000000, 1.000000)

          }},

          {Time = 0.167, Data = {

              ["Head"] = CFrame.new(0.003669, 0.028524, -0.214736, 0.999899, -0.006903, -0.012427, 0.006014, 0.997515, -0.070199, 0.012881, 0.070117, 0.997456),

              ["LeftFoot"] = CFrame.new(0.000000, 0.009801, -0.000003, 0.996050, -0.067922, -0.057192, 0.057560, 0.984348, -0.166582, 0.067607, 0.162620, 0.984368),

              ["LeftHand"] = CFrame.new(0.000482, 0.027097, -0.000000, 0.691175, -0.624265, 0.364108, 0.155225, 0.620302, 0.768852, -0.705821, -0.474889, 0.525635),

              ["LeftLowerArm"] = CFrame.new(-0.000498, 0.113562, 0.132103, 1.000000, -0.000000, 0.000000, 0.000000, -0.367724, -0.929934, 0.000000, 0.929935, -0.367726),

              ["LeftLowerLeg"] = CFrame.new(-0.000000, 0.047724, -0.007346, 1.000000, -0.000000, 0.000000, 0.000000, 0.924338, 0.381564, -0.000000, -0.381574, 0.924343),

              ["LeftUpperArm"] = CFrame.new(0.114450, -0.783490, 0.167808, 0.618540, -0.214110, -0.756019, -0.489506, 0.647639, -0.583907, 0.614648, 0.731246, 0.295783),

              ["LeftUpperLeg"] = CFrame.new(0.000000, -0.000000, -0.000100, 0.997534, 0.065038, 0.026403, -0.051660, 0.934895, -0.351131, -0.047521, 0.348916, 0.935954),

              ["LowerTorso"] = CFrame.new(-0.009698, -0.100823, 0.017710, 0.999802, 0.008172, 0.018166, -0.010491, 0.991261, 0.131495, -0.016933, -0.131659, 0.991150),

              ["RightFoot"] = CFrame.new(0.000000, 0.010669, -0.000103, 0.995809, 0.069960, 0.058908, -0.057444, 0.979640, -0.192382, -0.071163, 0.188179, 0.979550),

              ["RightHand"] = CFrame.new(-0.000482, 0.026662, 0.000000, 0.543933, 0.724744, -0.422949, -0.378378, 0.661716, 0.647275, 0.748977, -0.192038, 0.634152),

              ["RightLowerArm"] = CFrame.new(-0.000001, 0.116324, 0.124366, 1.000000, 0.000000, -0.000000, -0.000000, -0.287307, -0.957838, -0.000000, 0.957839, -0.287308),

              ["RightLowerLeg"] = CFrame.new(-0.000000, 0.051263, -0.008795, 1.000000, 0.000000, 0.000000, -0.000000, 0.910641, 0.413190, 0.000000, -0.413199, 0.910645),

              ["RightUpperArm"] = CFrame.new(-0.273428, -0.892942, 0.161550, 0.725829, -0.023542, 0.687472, 0.539741, 0.639067, -0.547971, -0.426440, 0.768791, 0.476560),

              ["RightUpperLeg"] = CFrame.new(-0.000000, -0.000000, -0.000000, 0.993880, -0.095762, -0.055065, 0.069731, 0.930488, -0.359609, 0.085674, 0.353583, 0.931477),

              ["UpperTorso"] = CFrame.new(0.000000, -0.000000, 0.000000, 1.000000, -0.000000, 0.000000, 0.000000, 1.000000, 0.000000, -0.000000, 0.000000, 1.000000)

          }},

          {Time = 0.183, Data = {

              ["Head"] = CFrame.new(0.003669, 0.028524, -0.214736, 0.999899, -0.006903, -0.012427, 0.006014, 0.997515, -0.070199, 0.012881, 0.070117, 0.997456),

              ["LeftFoot"] = CFrame.new(0.000000, 0.009801, -0.000003, 0.996050, -0.067922, -0.057192, 0.057560, 0.984348, -0.166582, 0.067607, 0.162620, 0.984368),

              ["LeftHand"] = CFrame.new(0.000482, 0.027102, 0.000000, 0.698693, -0.617985, 0.360453, 0.168253, 0.631639, 0.756787, -0.695355, -0.468111, 0.545296),

              ["LeftLowerArm"] = CFrame.new(-0.000499, 0.113526, 0.132195, 1.000000, -0.000000, 0.000000, 0.000000, -0.368680, -0.929556, 0.000000, 0.929556, -0.368681),

              ["LeftLowerLeg"] = CFrame.new(-0.000000, 0.047724, -0.007346, 1.000000, -0.000000, 0.000000, 0.000000, 0.924338, 0.381564, -0.000000, -0.381574, 0.924343),

              ["LeftUpperArm"] = CFrame.new(0.111294, -0.782378, 0.171824, 0.612229, -0.202709, -0.764255, -0.487281, 0.664476, -0.566594, 0.622682, 0.719292, 0.308035),

              ["LeftUpperLeg"] = CFrame.new(0.000000, -0.000000, -0.000100, 0.997534, 0.065038, 0.026403, -0.051660, 0.934895, -0.351131, -0.047521, 0.348916, 0.935954),

              ["LowerTorso"] = CFrame.new(-0.009698, -0.100823, 0.017710, 0.999802, 0.008172, 0.018166, -0.010491, 0.991261, 0.131495, -0.016933, -0.131659, 0.991150),

              ["RightFoot"] = CFrame.new(0.000000, 0.010669, -0.000103, 0.995809, 0.069960, 0.058908, -0.057444, 0.979640, -0.192382, -0.071163, 0.188179, 0.979550),

              ["RightHand"] = CFrame.new(-0.000483, 0.026662, -0.000000, 0.530263, 0.732268, -0.427325, -0.359800, 0.650739, 0.668644, 0.767701, -0.200804, 0.608529),

              ["RightLowerArm"] = CFrame.new(-0.000002, 0.116321, 0.124375, 1.000000, 0.000000, -0.000000, -0.000000, -0.287405, -0.957809, -0.000000, 0.957809, -0.287406),

              ["RightLowerLeg"] = CFrame.new(-0.000000, 0.051263, -0.008795, 1.000000, 0.000000, 0.000000, -0.000000, 0.910641, 0.413190, 0.000000, -0.413199, 0.910645),

              ["RightUpperArm"] = CFrame.new(-0.277080, -0.893600, 0.154347, 0.733133, -0.012111, 0.679978, 0.541059, 0.616145, -0.572381, -0.412033, 0.787539, 0.458269),

              ["RightUpperLeg"] = CFrame.new(-0.000000, -0.000000, -0.000000, 0.993880, -0.095762, -0.055065, 0.069731, 0.930488, -0.359609, 0.085674, 0.353583, 0.931477),

              ["UpperTorso"] = CFrame.new(0.000000, -0.000000, 0.000000, 1.000000, -0.000000, 0.000000, 0.000000, 1.000000, 0.000000, -0.000000, 0.000000, 1.000000)

          }},

          {Time = 0.200, Data = {

              ["Head"] = CFrame.new(0.003669, 0.028524, -0.214736, 0.999899, -0.006903, -0.012427, 0.006014, 0.997515, -0.070199, 0.012881, 0.070117, 0.997456),

              ["LeftFoot"] = CFrame.new(0.000000, 0.009801, -0.000003, 0.996050, -0.067922, -0.057192, 0.057560, 0.984348, -0.166582, 0.067607, 0.162620, 0.984368),

              ["LeftHand"] = CFrame.new(0.000482, 0.027103, -0.000000, 0.706158, -0.611617, 0.356748, 0.181395, 0.643294, 0.743822, -0.684425, -0.460539, 0.565208),

              ["LeftLowerArm"] = CFrame.new(-0.000499, 0.113508, 0.132238, 1.000000, -0.000000, 0.000000, 0.000000, -0.369128, -0.929378, 0.000000, 0.929379, -0.369129),

              ["LeftLowerLeg"] = CFrame.new(-0.000000, 0.047724, -0.007346, 1.000000, -0.000000, 0.000000, 0.000000, 0.924338, 0.381564, -0.000000, -0.381574, 0.924343),

              ["LeftUpperArm"] = CFrame.new(0.108095, -0.781236, 0.175819, 0.605831, -0.190855, -0.772363, -0.484997, 0.680964, -0.548694, 0.630672, 0.707009, 0.319985),

              ["LeftUpperLeg"] = CFrame.new(0.000000, -0.000000, -0.000100, 0.997534, 0.065038, 0.026403, -0.051660, 0.934895, -0.351131, -0.047521, 0.348916, 0.935954),

              ["LowerTorso"] = CFrame.new(-0.009698, -0.100823, 0.017710, 0.999802, 0.008172, 0.018166, -0.010491, 0.991261, 0.131495, -0.016933, -0.131659, 0.991150),

              ["RightFoot"] = CFrame.new(0.000000, 0.010669, -0.000103, 0.995809, 0.069960, 0.058908, -0.057444, 0.979640, -0.192382, -0.071163, 0.188179, 0.979550),

              ["RightHand"] = CFrame.new(-0.000482, 0.026657, 0.000000, 0.515994, 0.739840, -0.431729, -0.340542, 0.639640, 0.689126, 0.785991, -0.208561, 0.581993),

              ["RightLowerArm"] = CFrame.new(-0.000002, 0.116352, 0.124268, 1.000000, 0.000000, -0.000000, -0.000000, -0.286286, -0.958144, -0.000000, 0.958144, -0.286287),

              ["RightLowerLeg"] = CFrame.new(-0.000000, 0.051263, -0.008795, 1.000000, 0.000000, 0.000000, -0.000000, 0.910641, 0.413190, 0.000000, -0.413199, 0.910645),

              ["RightUpperArm"] = CFrame.new(-0.280751, -0.894207, 0.146847, 0.740476, -0.000738, 0.672083, 0.542272, 0.591408, -0.596806, -0.397035, 0.806372, 0.438324),

              ["RightUpperLeg"] = CFrame.new(-0.000000, -0.000000, -0.000000, 0.993880, -0.095762, -0.055065, 0.069731, 0.930488, -0.359609, 0.085674, 0.353583, 0.931477),

              ["UpperTorso"] = CFrame.new(0.000000, -0.000000, 0.000000, 1.000000, -0.000000, 0.000000, 0.000000, 1.000000, 0.000000, -0.000000, 0.000000, 1.000000)

          }},

          {Time = 0.217, Data = {

              ["Head"] = CFrame.new(0.003669, 0.028524, -0.214736, 0.999899, -0.006903, -0.012427, 0.006014, 0.997515, -0.070199, 0.012881, 0.070117, 0.997456),

              ["LeftFoot"] = CFrame.new(0.000000, 0.009801, -0.000003, 0.996050, -0.067922, -0.057192, 0.057560, 0.984348, -0.166582, 0.067607, 0.162620, 0.984368),

              ["LeftHand"] = CFrame.new(0.000482, 0.027103, -0.000000, 0.713469, -0.605249, 0.353042, 0.194446, 0.655084, 0.730108, -0.673166, -0.452258, 0.585067),

              ["LeftLowerArm"] = CFrame.new(-0.000499, 0.113512, 0.132230, 1.000000, -0.000000, 0.000000, 0.000000, -0.369042, -0.929412, 0.000000, 0.929413, -0.369043),

              ["LeftLowerLeg"] = CFrame.new(-0.000000, 0.047724, -0.007346, 1.000000, -0.000000, 0.000000, 0.000000, 0.924338, 0.381564, -0.000000, -0.381574, 0.924343),

              ["LeftUpperArm"] = CFrame.new(0.104896, -0.780080, 0.179739, 0.599433, -0.178731, -0.780215, -0.482684, 0.696857, -0.530478, 0.638511, 0.694583, 0.331448),

              ["LeftUpperLeg"] = CFrame.new(0.000000, -0.000000, -0.000100, 0.997534, 0.065038, 0.026403, -0.051660, 0.934895, -0.351131, -0.047521, 0.348916, 0.935954),

              ["LowerTorso"] = CFrame.new(-0.009698, -0.100823, 0.017710, 0.999802, 0.008172, 0.018166, -0.010491, 0.991261, 0.131495, -0.016933, -0.131659, 0.991150),

              ["RightFoot"] = CFrame.new(0.000000, 0.010669, -0.000103, 0.995809, 0.069960, 0.058908, -0.057444, 0.979640, -0.192382, -0.071163, 0.188179, 0.979550),

              ["RightHand"] = CFrame.new(-0.000482, 0.026647, -0.000000, 0.501298, 0.747346, -0.436094, -0.320954, 0.628641, 0.708380, 0.803548, -0.215141, 0.554996),

              ["RightLowerArm"] = CFrame.new(-0.000001, 0.116419, 0.124040, 1.000000, 0.000000, -0.000000, -0.000000, -0.283918, -0.958848, -0.000000, 0.958849, -0.283919),

              ["RightLowerLeg"] = CFrame.new(-0.000000, 0.051263, -0.008795, 1.000000, 0.000000, 0.000000, -0.000000, 0.910641, 0.413190, 0.000000, -0.413199, 0.910645),

              ["RightUpperArm"] = CFrame.new(-0.284387, -0.894747, 0.139145, 0.747748, 0.010342, 0.663902, 0.543352, 0.565159, -0.620777, -0.381630, 0.824917, 0.416977),

              ["RightUpperLeg"] = CFrame.new(-0.000000, -0.000000, -0.000000, 0.993880, -0.095762, -0.055065, 0.069731, 0.930488, -0.359609, 0.085674, 0.353583, 0.931477),

              ["UpperTorso"] = CFrame.new(0.000000, -0.000000, 0.000000, 1.000000, -0.000000, 0.000000, 0.000000, 1.000000, 0.000000, -0.000000, 0.000000, 1.000000)

          }},

          {Time = 0.233, Data = {

              ["Head"] = CFrame.new(0.003669, 0.028524, -0.214736, 0.999899, -0.006903, -0.012427, 0.006014, 0.997515, -0.070199, 0.012881, 0.070117, 0.997456),

              ["LeftFoot"] = CFrame.new(0.000000, 0.009801, -0.000003, 0.996050, -0.067922, -0.057192, 0.057560, 0.984348, -0.166582, 0.067607, 0.162620, 0.984368),

              ["LeftHand"] = CFrame.new(0.000482, 0.027101, 0.000000, 0.720538, -0.598965, 0.349385, 0.207208, 0.666821, 0.715833, -0.661733, -0.443386, 0.604576),

              ["LeftLowerArm"] = CFrame.new(-0.000498, 0.113535, 0.132170, 1.000000, -0.000000, 0.000000, 0.000000, -0.368423, -0.929658, 0.000000, 0.929658, -0.368424),

              ["LeftLowerLeg"] = CFrame.new(-0.000000, 0.047724, -0.007346, 1.000000, -0.000000, 0.000000, 0.000000, 0.924338, 0.381564, -0.000000, -0.381574, 0.924343),

              ["LeftUpperArm"] = CFrame.new(0.101740, -0.778925, 0.183535, 0.593120, -0.166533, -0.787703, -0.480374, 0.711945, -0.512225, 0.646104, 0.682203, 0.342270),

              ["LeftUpperLeg"] = CFrame.new(0.000000, -0.000000, -0.000100, 0.997534, 0.065038, 0.026403, -0.051660, 0.934895, -0.351131, -0.047521, 0.348916, 0.935954),

              ["LowerTorso"] = CFrame.new(-0.009698, -0.100823, 0.017710, 0.999802, 0.008172, 0.018166, -0.010491, 0.991261, 0.131495, -0.016933, -0.131659, 0.991150),

              ["RightFoot"] = CFrame.new(0.000000, 0.010669, -0.000103, 0.995809, 0.069960, 0.058908, -0.057444, 0.979640, -0.192382, -0.071163, 0.188179, 0.979550),

              ["RightHand"] = CFrame.new(-0.000482, 0.026632, 0.000000, 0.486367, 0.754676, -0.440357, -0.301405, 0.617955, 0.726146, 0.820123, -0.220445, 0.528012),

              ["RightLowerArm"] = CFrame.new(-0.000001, 0.116518, 0.123695, 1.000000, 0.000000, -0.000000, 0.000000, -0.280334, -0.959902, -0.000000, 0.959902, -0.280335),

              ["RightLowerLeg"] = CFrame.new(-0.000000, 0.051263, -0.008795, 1.000000, 0.000000, 0.000000, -0.000000, 0.910641, 0.413190, 0.000000, -0.413199, 0.910645),

              ["RightUpperArm"] = CFrame.new(-0.287935, -0.895211, 0.131341, 0.754843, 0.020916, 0.655572, 0.544280, 0.537782, -0.643856, -0.366022, 0.842824, 0.394557),

              ["RightUpperLeg"] = CFrame.new(-0.000000, -0.000000, -0.000000, 0.993880, -0.095762, -0.055065, 0.069731, 0.930488, -0.359609, 0.085674, 0.353583, 0.931477),

              ["UpperTorso"] = CFrame.new(0.000000, -0.000000, 0.000000, 1.000000, -0.000000, 0.000000, 0.000000, 1.000000, 0.000000, -0.000000, 0.000000, 1.000000)

          }},

          {Time = 0.250, Data = {

              ["Head"] = CFrame.new(0.003669, 0.028524, -0.214736, 0.999899, -0.006903, -0.012427, 0.006014, 0.997515, -0.070199, 0.012881, 0.070117, 0.997456),

              ["LeftFoot"] = CFrame.new(0.000000, 0.009801, -0.000003, 0.996050, -0.067922, -0.057192, 0.057560, 0.984348, -0.166582, 0.067607, 0.162620, 0.984368),

              ["LeftHand"] = CFrame.new(0.000482, 0.027096, -0.000000, 0.727285, -0.592845, 0.345825, 0.219498, 0.678316, 0.701221, -0.650291, -0.434076, 0.623454),

              ["LeftLowerArm"] = CFrame.new(-0.000498, 0.113578, 0.132062, 1.000000, -0.000000, 0.000000, 0.000000, -0.367300, -0.930102, 0.000000, 0.930103, -0.367301),

              ["LeftLowerLeg"] = CFrame.new(-0.000000, 0.047724, -0.007346, 1.000000, -0.000000, 0.000000, 0.000000, 0.924338, 0.381564, -0.000000, -0.381574, 0.924343),

              ["LeftUpperArm"] = CFrame.new(0.098666, -0.777788, 0.187165, 0.586973, -0.154461, -0.794736, -0.478100, 0.726058, -0.494227, 0.653363, 0.670061, 0.352328),

