return {
["down twerk"] = {
        {Time = 0.000, Data = {
            ["Head"] = CFrame.new(0, 0, 0, 0.99203640222549438, 0.12595127522945404, 0, -0.12595127522945404, 0.99203640222549438, -0, -0, 0, 1),
            ["LeftFoot"] = CFrame.new(-3.8456818174381624e-08, 0.029838204383850098, -2.0441023025341565e-06, 0.88325852155685425, -0.35866570472717285, -0.30201545357704163, 0.1598474383354187, 0.83585631847381592, -0.52515995502471924, 0.44079837203025818, 0.41557565331459045, 0.7956089973449707),
            ["LeftHand"] = CFrame.new(0.00050007778918370605, 9.9897384643554688e-05, -6.3887357626413177e-09, 0.9476778507232666, -0.31748595833778381, -0.033307489007711411, 0.31748595833778381, 0.94824743270874023, -0.0054293684661388397, 0.033307489007711411, -0.0054293684661388397, 0.99943041801452637),
            ["LeftLowerArm"] = CFrame.new(-0.00049984455108642578, -9.9718570709228516e-05, -1.3614464933198178e-07, 1, 0, 0, 0, 1, 0, 0, 0, 1),
            ["LeftLowerLeg"] = CFrame.new(-1.0430812835693359e-07, 0.12021291255950928, -0.067427411675453186, 1, -0, 0, 0, 0.30244928598403931, 0.95316547155380249, -0, -0.95316547155380249, 0.30244928598403931),
            ["LeftUpperArm"] = CFrame.new(5.9604644775390625e-08, 2.384185791015625e-07, -1.100124791264534e-08, 1, 0, 0, 0, -0.99884450435638428, 0.048067476600408554, 0, -0.048067476600408554, -0.99884450435638428),
            ["LeftUpperLeg"] = CFrame.new(-5.9604644775390625e-08, -1.1920928955078125e-07, -0.00010004889918491244, 0.88322937488555908, 0.46855413913726807, -0.01905021071434021, -0.35871458053588867, 0.64889907836914062, -0.67100954055786133, -0.3020426332950592, 0.59948897361755371, 0.7412039041519165),
            ["LowerTorso"] = CFrame.new(0, -0.58886504173278809, 0, 1, 0, 0, 0, 1, 0, 0, 0, 1),
            ["RightFoot"] = CFrame.new(-1.270807388209505e-07, 0.030464529991149902, -0.0001018770199152641, 0.90792137384414673, 0.32061240077018738, 0.26997500658035278, -0.13119238615036011, 0.82912927865982056, -0.54344576597213745, -0.39807963371276855, 0.45798736810684204, 0.7948460578918457),
            ["RightHand"] = CFrame.new(-0.00049988925457000732, 0, 5.2251944993031429e-09, 0.96018534898757935, -0.27936375141143799, 0, 0.27936375141143799, 0.96018534898757935, 0, 0, 0, 1),
            ["RightLowerArm"] = CFrame.new(-5.9604644775390625e-08, 5.9604644775390625e-08, -1.1682256939593572e-07, 1, 0, 0, 0, 1, 0, 0, 0, 1),
            ["RightLowerLeg"] = CFrame.new(1.0430812835693359e-07, 0.12128138542175293, -0.07090025395154953, 1, -0, 0, 0, 0.2673526406288147, 0.96359866857528687, -0, -0.96359866857528687, 0.2673526406288147),
            ["RightUpperArm"] = CFrame.new(0.0045527219772338867, -0.067320346832275391, 8.4110070019960403e-09, 0.99089813232421875, -0.13461397588253021, 0, 0.13461397588253021, 0.99089813232421875, 0, 0, 0, 1),
            ["RightUpperLeg"] = CFrame.new(5.9604644775390625e-08, -1.1920928955078125e-07, -1.1127849575132132e-07, 0.90793997049331665, -0.41862210631370544, 0.020013898611068726, 0.3206000030040741, 0.66299939155578613, -0.67649656534194946, 0.26992714405059814, 0.62063473463058472, 0.73617386817932129)
        }},
        {Time = 0.017, Data = {
            ["Head"] = CFrame.new(0, 0, 0, 0.99203640222549438, 0.12595127522945404, 0, -0.12595127522945404, 0.99203640222549438, -0, -0, 0, 1),
            ["LeftFoot"] = CFrame.new(-3.5555444810597692e-08, 0.029980778694152832, -1.892362661237712e-06, 0.88236093521118164, -0.35996648669242859, -0.30308970808982849, 0.15919873118400574, 0.83445370197296143, -0.52758198976516724, 0.44282618165016174, 0.41726624965667725, 0.79359555244445801),
            ["LeftHand"] = CFrame.new(0.00050007767276838422, 9.9658966064453125e-05, 8.5124254312063385e-09, 0.9476778507232666, -0.31748595833778381, -0.033307489007711411, 0.31748595833778381, 0.94824743270874023, -0.0054293684661388397, 0.033307489007711411, -0.0054293684661388397, 0.99943041801452637),
            ["LeftLowerArm"] = CFrame.new(-0.00049984455108642578, -9.9718570709228516e-05, -1.3614464933198178e-07, 1, 0, 0, 0, 1, 0, 0, 0, 1),
            ["LeftLowerLeg"] = CFrame.new(-1.4901161193847656e-07, 0.12060296535491943, -0.06838604062795639, 1, -0, 0, 0, 0.29242151975631714, 0.95628952980041504, -0, -0.95628952980041504, 0.29242151975631714),
            ["LeftUpperArm"] = CFrame.new(5.9604644775390625e-08, 2.384185791015625e-07, -1.100124791264534e-08, 1, 0, 0, 0, -0.99884450435638428, 0.048067476600408554, 0, -0.048067476600408554, -0.99884450435638428),
            ["LeftUpperLeg"] = CFrame.new(-5.9604644775390625e-08, 6.0392565615075e-08, -0.00010004929208662361, 0.88233578205108643, 0.47007283568382263, -0.022695839405059814, -0.35996225476264954, 0.64301848411560059, -0.67598402500152588, -0.30316784977912903, 0.60461461544036865, 0.73656666278839111),
            ["LowerTorso"] = CFrame.new(1.4145609683602345e-10, -0.59557211399078369, 0.0016180691309273243, 1, 0, 0, 0, 1, 0, 0, 0, 1),
            ["RightFoot"] = CFrame.new(-1.671924110269174e-08, 0.030535221099853516, -0.0001018631155602634, 0.90717148780822754, 0.32183927297592163, 0.2710338830947876, -0.13049726188182831, 0.82759594917297363, -0.54594457149505615, -0.40001291036605835, 0.45989620685577393, 0.79277056455612183),
            ["RightHand"] = CFrame.new(-0.00049987435340881348, 0, 5.2251927229463035e-09, 0.96018534898757935, -0.27936375141143799, 0, 0.27936375141143799, 0.96018534898757935, 0, 0, 0, 1),
            ["RightLowerArm"] = CFrame.new(-5.9604644775390625e-08, 2.9802322387695312e-07, -1.1682257650136307e-07, 1, 0, 0, 0, 1, 0, 0, 0, 1),
            ["RightLowerLeg"] = CFrame.new(5.9604644775390625e-08, 0.12158900499343872, -0.071888171136379242, 1, -0, 0, 0, 0.25707662105560303, 0.96639096736907959, -0, -0.96639096736907959, 0.25707662105560303),
            ["RightUpperArm"] = CFrame.new(0.0045527219772338867, -0.067320346832275391, 8.4110070019960403e-09, 0.99089813232421875, -0.13461397588253021, 0, 0.13461397588253021, 0.99089813232421875, 0, 0, 0, 1),
            ["RightUpperLeg"] = CFrame.new(5.9604644775390625e-08, 6.0389133693661279e-08, -1.1170777725055814e-07, 0.90719050168991089, -0.42007705569267273, 0.023252002894878387, 0.3218015730381012, 0.65723252296447754, -0.68153440952301025, 0.2710149884223938, 0.62576401233673096, 0.73141658306121826),
            ["UpperTorso"] = CFrame.new(-2.4197094328215485e-10, 0.0017807483673095703, -0.0016025010263547301, 1, 0, 0, 0, 1, 0, 0, 0, 1)
        }},
        {Time = 0.033, Data = {
            ["Head"] = CFrame.new(0, 0, 0, 0.99203640222549438, 0.12595127522945404, 0, -0.12595127522945404, 0.99203640222549438, -0, -0, 0, 1),
            ["LeftFoot"] = CFrame.new(-1.5662863006582484e-08, 0.030288398265838623, -1.858576069935225e-06, 0.8797144889831543, -0.36376500129699707, -0.30623111128807068, 0.15738892555236816, 0.83047151565551758, -0.53436487913131714, 0.44869944453239441, 0.42189115285873413, 0.78783035278320312),
            ["LeftHand"] = CFrame.new(0.00050007732352241874, 9.9897384643554688e-05, -6.3887357626413177e-09, 0.9476778507232666, -0.31748595833778381, -0.033307489007711411, 0.31748595833778381, 0.94824743270874023, -0.0054293684661388397, 0.033307489007711411, -0.0054293684661388397, 0.99943041801452637),
            ["LeftLowerArm"] = CFrame.new(-0.00049984455108642578, -9.9718570709228516e-05, -1.2124348813813413e-07, 1, 0, 0, 0, 1, 0, 0, 0, 1),
            ["LeftLowerLeg"] = CFrame.new(-1.4901161193847656e-07, 0.12158817052841187, -0.071138322353363037, 1, -0, 0, 0, 0.26379549503326416, 0.96457862854003906, -0, -0.96457862854003906, 0.26379549503326416),
            ["LeftUpperArm"] = CFrame.new(5.9604644775390625e-08, 2.384185791015625e-07, -1.100124791264534e-08, 1, 0, 0, 0, -0.99884450435638428, 0.048067476600408554, 0, -0.048067476600408554, -0.99884450435638428),
            ["LeftUpperLeg"] = CFrame.new(-5.9604644775390625e-08, -1.3780400820451177e-07, -0.00010004979412769899, 0.87973594665527344, 0.47428998351097107, -0.033372551202774048, -0.36360254883766174, 0.62587851285934448, -0.68997776508331299, -0.30636236071586609, 0.61913251876831055, 0.72306084632873535),
            ["LowerTorso"] = CFrame.new(5.5192000969483956e-10, -0.61476826667785645, 0.0063132289797067642, 1, -0, 0, 0, 0.99999994039535522, 0.00034528807736933231, -0, -0.00034528807736933231, 0.99999994039535522),
            ["RightFoot"] = CFrame.new(9.9134922493249178e-10, 0.030735015869140625, -0.00010175782517762855, 0.90502619743347168, 0.32534214854240417, 0.27400749921798706, -0.12864497303962708, 0.82337373495101929, -0.552726149559021, -0.40543568134307861, 0.46498194336891174, 0.78702843189239502),
            ["RightHand"] = CFrame.new(-0.00050000846385955811, 1.1920928955078125e-07, 5.2252016047305005e-09, 0.96018534898757935, -0.27936375141143799, 0, 0.27936375141143799, 0.96018534898757935, 0, 0, 0, 1),
            ["RightLowerArm"] = CFrame.new(5.9604644775390625e-08, 5.9604644775390625e-08, -1.1682257650136307e-07, 1, 0, 0, 0, 1, 0, 0, 0, 1),
            ["RightLowerLeg"] = CFrame.new(-4.4703483581542969e-08, 0.12239980697631836, -0.07469630241394043, 1, -0, 0, 0, 0.2279658317565918, 0.97366917133331299, -0, -0.97366917133331299, 0.2279658317565918),
            ["RightUpperArm"] = CFrame.new(0.0045527219772338867, -0.067320346832275391, 8.4110070019960403e-09, 0.99089813232421875, -0.13461397588253021, 0, 0.13461397588253021, 0.99089813232421875, 0, 0, 0, 1),
            ["RightUpperLeg"] = CFrame.new(5.9604644775390625e-08, -1.3783109409359895e-07, -1.129083102568984e-07, 0.90502762794494629, -0.42408120632171631, 0.032866187393665314, 0.3252793550491333, 0.64024323225021362, -0.6959037184715271, 0.27407732605934143, 0.64050275087356567, 0.71738266944885254),
            ["UpperTorso"] = CFrame.new(-9.34226696003293e-10, 0.0068788528442382812, -0.0061871041543781757, 1, 0, 0, 0, 0.99999994039535522, -0.00034528807736933231, 0, 0.00034528807736933231, 0.99999994039535522)
        }},
        {Time = 0.050, Data = {
            ["Head"] = CFrame.new(0, 0, 0, 0.99203640222549438, 0.12595127522945404, 0, -0.12595127522945404, 0.99203640222549438, -0, -0, 0, 1),
            ["LeftFoot"] = CFrame.new(3.9970018406165764e-09, 0.03059697151184082, -1.6962794688879512e-06, 0.87545663118362427, -0.36968979239463806, -0.31129589676856995, 0.15472695231437683, 0.82460099458694458, -0.54414409399032593, 0.45785942673683167, 0.42820870876312256, 0.77910339832305908),
            ["LeftHand"] = CFrame.new(0.00050007679965347052, 9.9658966064453125e-05, -6.3887357626413177e-09, 0.9476778507232666, -0.31748595833778381, -0.033307489007711411, 0.31748595833778381, 0.94824743270874023, -0.0054293684661388397, 0.033307489007711411, -0.0054293684661388397, 0.99943041801452637),
            ["LeftLowerArm"] = CFrame.new(-0.00049987435340881348, -9.9718570709228516e-05, -1.2124348813813413e-07, 1, 0, 0, 0, 1, 0, 0, 0, 1),
            ["LeftLowerLeg"] = CFrame.new(4.4703483581542969e-08, 0.1228337287902832, -0.07546958327293396, 1, -0, 0, 0, 0.21882134675979614, 0.97576510906219482, -0, -0.97576510906219482, 0.21882134675979614),
            ["LeftUpperArm"] = CFrame.new(5.9604644775390625e-08, 2.384185791015625e-07, -1.100124791264534e-08, 1, 0, 0, 0, -0.99884450435638428, 0.048067476600408554, 0, -0.048067476600408554, -0.99884450435638428),
            ["LeftUpperLeg"] = CFrame.new(-5.9604644775390625e-08, -7.655918921045668e-08, -0.00010005337389884517, 0.8754163384437561, 0.48069721460342407, -0.050758510828018188, -0.3694196343421936, 0.59762406349182129, -0.71160000562667847, -0.31172963976860046, 0.6416974663734436, 0.70074886083602905),
            ["LowerTorso"] = CFrame.new(1.2105347835245084e-09, -0.6450653076171875, 0.013846904039382935, 1, -0, 0, 0, 0.99999946355819702, 0.0010358641156926751, -0, -0.0010358641156926751, 0.99999946355819702),
            ["RightFoot"] = CFrame.new(-2.6949237508233637e-08, 0.031184911727905273, -0.00010161251702811569, 0.90148574113845825, 0.33105945587158203, 0.27878862619400024, -0.12608809769153595, 0.81708264350891113, -0.56256353855133057, -0.41403532028198242, 0.47199106216430664, 0.77833104133605957),
            ["RightHand"] = CFrame.new(-0.00049990415573120117, 1.1920928955078125e-07, 5.2251980520168217e-09, 0.96018534898757935, -0.27936375141143799, 0, 0.27936375141143799, 0.96018534898757935, 0, 0, 0, 1),
            ["RightLowerArm"] = CFrame.new(5.9604644775390625e-08, 5.9604644775390625e-08, -1.1682259071221779e-07, 1, 0, 0, 0, 1, 0, 0, 0, 1),
            ["RightLowerLeg"] = CFrame.new(4.4703483581542969e-08, 0.12354803085327148, -0.079031795263290405, 1, -0, 0, 0, 0.18280959129333496, 0.98314833641052246, -0, -0.98314833641052246, 0.18280959129333496),
            ["RightUpperArm"] = CFrame.new(0.0045527219772338867, -0.067320346832275391, 8.4110070019960403e-09, 0.99089813232421875, -0.13461397588253021, 0, 0.13461397588253021, 0.99089813232421875, 0, 0, 0, 1),
            ["RightUpperLeg"] = CFrame.new(5.9604644775390625e-08, 4.2557729784675757e-08, -1.1590600479394197e-07, 0.90147161483764648, -0.43013766407966614, 0.048275664448738098, 0.33080187439918518, 0.61273384094238281, -0.71772372722625732, 0.27913987636566162, 0.66297721862792969, 0.69465255737304688),
            ["UpperTorso"] = CFrame.new(-2.0252786114838273e-09, 0.014934539794921875, -0.013412813656032085, 1, 0, 0, 0, 0.99999946355819702, -0.0010358641156926751, 0, 0.0010358641156926751, 0.99999946355819702)
        }},
        {Time = 0.067, Data = {
            ["Head"] = CFrame.new(0, 0, 0, 0.99203640222549438, 0.12595127522945404, 0, -0.12595127522945404, 0.99203640222549438, -0, -0, 0, 1),
            ["LeftFoot"] = CFrame.new(1.9096205505775288e-08, 0.031244933605194092, -1.5286586858564988e-06, 0.86945903301239014, -0.37791255116462708, -0.31815582513809204, 0.15207996964454651, 0.81751787662506104, -0.55546039342880249, 0.47001349925994873, 0.43456491827964783, 0.76827120780944824),
            ["LeftHand"] = CFrame.new(0.00050007604295387864, 9.9897384643554688e-05, -2.1289896068310554e-08, 0.9476778507232666, -0.31748595833778381, -0.033307489007711411, 0.31748595833778381, 0.94824743270874023, -0.0054293684661388397, 0.033307489007711411, -0.0054293684661388397, 0.99943041801452637),
            ["LeftLowerArm"] = CFrame.new(-0.00049987435340881348, -9.9718570709228516e-05, -1.3614464933198178e-07, 1, 0, 0, 0, 1, 0, 0, 0, 1),
            ["LeftLowerLeg"] = CFrame.new(1.4901161193847656e-08, 0.12424588203430176, -0.081006281077861786, 1, -0, 0, 0, 0.16126012802124023, 0.98691189289093018, -0, -0.98691189289093018, 0.16126012802124023),
            ["LeftUpperArm"] = CFrame.new(5.9604644775390625e-08, 2.384185791015625e-07, -1.100124791264534e-08, 1, 0, 0, 0, -0.99884450435638428, 0.048067476600408554, 0, -0.048067476600408554, -0.99884450435638428),
            ["LeftUpperLeg"] = CFrame.new(-5.9604644775390625e-08, -9.1870617779932218e-08, -0.00010005512012867257, 0.86945086717605591, 0.4883992075920105, -0.074306286871433258, -0.37713086605072021, 0.55902540683746338, -0.73841923475265503, -0.31910422444343567, 0.67004245519638062, 0.67023551464080811),
            ["LowerTorso"] = CFrame.new(2.0964443514515096e-09, -0.68507528305053711, 0.023980528116226196, 1, -0, 0, 0, 0.9999968409538269, 0.0025033364072442055, -0, -0.0025033364072442055, 0.9999968409538269),
            ["RightFoot"] = CFrame.new(-4.8258698370773345e-08, 0.031883656978607178, -0.00010142519022338092, 0.89655834436416626, 0.33884143829345703, 0.28525358438491821, -0.12339142709970474, 0.80959862470626831, -0.57386809587478638, -0.42539119720458984, 0.47930839657783508, 0.76766252517700195),
            ["RightHand"] = CFrame.new(-0.00049991905689239502, 0, 5.2251962756599823e-09, 0.96018534898757935, -0.27936375141143799, 0, 0.27936375141143799, 0.96018534898757935, 0, 0, 0, 1),
            ["RightLowerArm"] = CFrame.new(-8.9406967163085938e-08, -1.7881393432617188e-07, -1.168226049230725e-07, 1, 0, 0, 0, 1, 0, 0, 0, 1),
            ["RightLowerLeg"] = CFrame.new(1.1920928955078125e-07, 0.12477767467498779, -0.084608525037765503, 1, -0, 0, 0, 0.1246451735496521, 0.99220138788223267, -0, -0.99220138788223267, 0.1246451735496521),
            ["RightUpperArm"] = CFrame.new(0.0045527219772338867, -0.067320346832275391, 8.4110070019960403e-09, 0.99089813232421875, -0.13461397588253021, 0, 0.13461397588253021, 0.99089813232421875, 0, 0, 0, 1),
            ["RightUpperLeg"] = CFrame.new(5.9604644775390625e-08, -9.2091056558274431e-08, -1.1683732736855745e-07, 0.89654970169067383, -0.43747279047966003, 0.069399051368236542, 0.33813980221748352, 0.5747641921043396, -0.74518966674804688, 0.28611209988594055, 0.6915661096572876, 0.66323161125183105),
            ["UpperTorso"] = CFrame.new(-3.4616058908198966e-09, 0.02559971809387207, -0.022925177589058876, 1, 0, 0, 0, 0.9999968409538269, -0.0025033364072442055, 0, 0.0025033364072442055, 0.9999968409538269)
        }},
        {Time = 0.083, Data = {
            ["Head"] = CFrame.new(0, 0, 0, 0.99203640222549438, 0.12595127522945404, 0, -0.12595127522945404, 0.99203640222549438, -0, -0, 0, 1),
            ["LeftFoot"] = CFrame.new(4.5794877223670483e-08, 0.031886100769042969, -1.286303813685663e-06, 0.86175286769866943, -0.38808166980743408, -0.3267638087272644, 0.14989630877971649, 0.81010031700134277, -0.56680566072463989, 0.48467832803726196, 0.43946573138237, 0.75627827644348145),
            ["LeftHand"] = CFrame.new(0.00050007522804662585, 9.9420547485351562e-05, -2.1289896068310554e-08, 0.9476778507232666, -0.31748595833778381, -0.033307489007711411, 0.31748595833778381, 0.94824743270874023, -0.0054293684661388397, 0.033307489007711411, -0.0054293684661388397, 0.99943041801452637),
            ["LeftLowerArm"] = CFrame.new(-0.00049981474876403809, -9.9718570709228516e-05, -1.2124348813813413e-07, 1, 0, 0, 0, 1, 0, 0, 0, 1),
            ["LeftLowerLeg"] = CFrame.new(-5.9604644775390625e-08, 0.12539440393447876, -0.087534025311470032, 1, -0, 0, 0, 0.093186318874359131, 0.99564880132675171, -0, -0.99564880132675171, 0.093186318874359131),
            ["LeftUpperArm"] = CFrame.new(5.9604644775390625e-08, 2.384185791015625e-07, -1.100124791264534e-08, 1, 0, 0, 0, -0.99884450435638428, 0.048067476600408554, 0, -0.048067476600408554, -0.99884450435638428),
            ["LeftUpperLeg"] = CFrame.new(-5.9604644775390625e-08, 9.6413543815287994e-09, -0.00010006536467699334, 0.86178076267242432, 0.49649232625961304, -0.10406390577554703, -0.38647973537445068, 0.50972062349319458, -0.76864713430404663, -0.32858383655548096, 0.70262390375137329, 0.63115161657333374),
            ["LowerTorso"] = CFrame.new(3.1887912310679667e-09, -0.73340892791748047, 0.036475520581007004, 1, -0, 0, 0, 0.99998831748962402, 0.0048340186476707458, -0, -0.0048340186476707458, 0.99998831748962402),
            ["RightFoot"] = CFrame.new(7.4505805969238281e-08, 0.03230816125869751, -0.00010124893742613494, 0.89015674591064453, 0.34855270385742188, 0.29348251223564148, -0.12090889364480972, 0.80168545246124268, -0.58539003133773804, -0.43931993842124939, 0.48560422658920288, 0.75576883554458618),
            ["RightHand"] = CFrame.new(-0.00049985945224761963, 1.1920928955078125e-07, 5.2251998283736611e-09, 0.96018534898757935, -0.27936375141143799, 0, 0.27936375141143799, 0.96018534898757935, 0, 0, 0, 1),
            ["RightLowerArm"] = CFrame.new(-5.9604644775390625e-08, 5.9604644775390625e-08, -1.1682258360679043e-07, 1, 0, 0, 0, 1, 0, 0, 0, 1),
            ["RightLowerLeg"] = CFrame.new(-7.4505805969238281e-08, 0.12555211782455444, -0.091251753270626068, 1, -0, 0, 0, 0.055604696273803711, 0.99845290184020996, -0, -0.99845290184020996, 0.055604696273803711),
            ["RightUpperArm"] = CFrame.new(0.0045527219772338867, -0.067320346832275391, 8.4110070019960403e-09, 0.99089813232421875, -0.13461397588253021, 0, 0.13461397588253021, 0.99089813232421875, 0, 0, 0, 1),
            ["RightUpperLeg"] = CFrame.new(5.9604644775390625e-08, 9.2033758392062737e-09, -1.2521923054009676e-07, 0.89013159275054932, -0.44541695713996887, 0.09627794474363327, 0.34715452790260315, 0.52592909336090088, -0.77645498514175415, 0.29521083831787109, 0.72457045316696167, 0.62277466058731079),
            ["UpperTorso"] = CFrame.new(-5.1869881723121125e-09, 0.038542628288269043, -0.03435187041759491, 1, 0, 0, 0, 0.99998831748962402, -0.0048340186476707458, 0, 0.0048340186476707458, 0.99998831748962402)
        }},
        {Time = 0.100, Data = {
            ["Head"] = CFrame.new(0, 0, 0, 0.99203640222549438, 0.12595127522945404, 0, -0.12595127522945404, 0.99203640222549438, -0, -0, 0, 1),
            ["LeftFoot"] = CFrame.new(5.9128069551661611e-08, 0.032330811023712158, -1.1188676580786705e-06, 0.85223233699798584, -0.4001845121383667, -0.33697545528411865, 0.14907373487949371, 0.80316507816314697, -0.57680410146713257, 0.50147491693496704, 0.44133692979812622, 0.74414026737213135),
            ["LeftHand"] = CFrame.new(0.00050007423851639032, 0.00010013580322265625, -6.3887357626413177e-09, 0.9476778507232666, -0.31748595833778381, -0.033307489007711411, 0.31748595833778381, 0.94824743270874023, -0.0054293684661388397, 0.033307489007711411, -0.0054293684661388397, 0.99943041801452637),
            ["LeftLowerArm"] = CFrame.new(-0.00049981474876403809, -9.9956989288330078e-05, -1.2124348813813413e-07, 1, 0, 0, 0, 1, 0, 0, 0, 1),
            ["LeftLowerLeg"] = CFrame.new(-1.3411045074462891e-07, 0.12597107887268066, -0.094785600900650024, 1, -0, 0, 0, 0.017865002155303955, 0.99984043836593628, -0, -0.99984043836593628, 0.017865002155303955),
            ["LeftUpperArm"] = CFrame.new(5.9604644775390625e-08, 2.384185791015625e-07, -1.100124791264534e-08, 1, 0, 0, 0, -0.99884450435638428, 0.048067476600408554, 0, -0.048067476600408554, -0.99884450435638428),
            ["LeftUpperLeg"] = CFrame.new(-5.9604644775390625e-08, -1.3135809240338858e-07, -0.00010006117372540757, 0.85222256183624268, 0.50407963991165161, -0.14007304608821869, -0.3973352313041687, 0.44942778348922729, -0.80008715391159058, -0.34035485982894897, 0.73750823736190796, 0.58330106735229492),
            ["LowerTorso"] = CFrame.new(4.466716774231827e-09, -0.78867506980895996, 0.051093284040689468, 1, -0, 0, 0, 0.99996495246887207, 0.0083731617778539658, -0, -0.0083731617778539658, 0.99996495246887207),
            ["RightFoot"] = CFrame.new(-1.0837538866326213e-08, 0.032756507396697998, -0.00010094030585605651, 0.88216567039489746, 0.36025971174240112, 0.30330944061279297, -0.11963711678981781, 0.79435944557189941, -0.59555017948150635, -0.45548945665359497, 0.48908686637878418, 0.74385714530944824),
            ["RightHand"] = CFrame.new(-0.00049988925457000732, 1.1920928955078125e-07, 5.2251953874815626e-09, 0.96018534898757935, -0.27936375141143799, 0, 0.27936375141143799, 0.96018534898757935, 0, 0, 0, 1),
            ["RightLowerArm"] = CFrame.new(-8.9406967163085938e-08, -1.7881393432617188e-07, -1.1682256939593572e-07, 1, 0, 0, 0, 1, 0, 0, 0, 1),
            ["RightLowerLeg"] = CFrame.new(-1.4901161193847656e-08, 0.12584924697875977, -0.098570249974727631, 1, 0, 0, 0, -0.020524859428405762, 0.99978935718536377, 0, -0.99978935718536377, -0.020524859428405762),
            ["RightUpperArm"] = CFrame.new(0.0045527219772338867, -0.067320346832275391, 8.4110070019960403e-09, 0.99089813232421875, -0.13461397588253021, 0, 0.13461397588253021, 0.99089813232421875, 0, 0, 0, 1),
            ["RightUpperLeg"] = CFrame.new(5.9604644775390625e-08, -1.3211888472142164e-07, -1.2102827895432711e-07, 0.88215899467468262, -0.4529549777507782, 0.12894678115844727, 0.35772743821144104, 0.46638584136962891, -0.80902117490768433, 0.3063112199306488, 0.75981312990188599, 0.57346093654632568),
            ["UpperTorso"] = CFrame.new(-7.1420807046251866e-09, 0.05344843864440918, -0.047299854457378387, 1, 0, 0, 0, 0.99996495246887207, -0.0083731617778539658, 0, 0.0083731617778539658, 0.99996495246887207)
        }},
        {Time = 0.117, Data = {
            ["Head"] = CFrame.new(0, 0, 0, 0.99203640222549438, 0.12595127522945404, 0, -0.12595127522945404, 0.99203640222549438, -0, -0, 0, 1),
            ["LeftFoot"] = CFrame.new(1.4832039596512914e-08, 0.03294062614440918, -7.6533251558430493e-07, 0.84070795774459839, -0.41420060396194458, -0.34878075122833252, 0.15068328380584717, 0.79762685298919678, -0.58402562141418457, 0.52010065317153931, 0.43843957781791687, 0.73298436403274536),
            ["LeftHand"] = CFrame.new(0.00050007313257083297, 9.9658966064453125e-05, -6.3887357626413177e-09, 0.9476778507232666, -0.31748595833778381, -0.033307489007711411, 0.31748595833778381, 0.94824743270874023, -0.0054293684661388397, 0.033307489007711411, -0.0054293684661388397, 0.99943041801452637),
            ["LeftLowerArm"] = CFrame.new(-0.00049981474876403809, -0.00010019540786743164, -1.2124348813813413e-07, 1, 0, 0, 0, 1, 0, 0, 0, 1),
            ["LeftLowerLeg"] = CFrame.new(4.4703483581542969e-08, 0.126018226146698, -0.10238535702228546, 1, 0, 0, 0, -0.061290621757507324, 0.99811995029449463, 0, -0.99811995029449463, -0.061290621757507324),
            ["LeftUpperArm"] = CFrame.new(5.9604644775390625e-08, 2.384185791015625e-07, -1.100124791264534e-08, 1, 0, 0, 0, -0.99884450435638428, 0.048067476600408554, 0, -0.048067476600408554, -0.99884450435638428),
            ["LeftUpperLeg"] = CFrame.new(-5.9604644775390625e-08, 1.5686849508256273e-07, -0.00010007328091887757, 0.84072017669677734, 0.50985443592071533, -0.18231306970119476, -0.40950366854667664, 0.37841182947158813, -0.83012723922729492, -0.35425460338592529, 0.77256262302398682, 0.52692568302154541),
            ["LowerTorso"] = CFrame.new(5.9093601123549888e-09, -0.84947967529296875, 0.067595198750495911, 1, -0, 0, 0, 0.99991166591644287, 0.013293299823999405, -0, -0.013293299823999405, 0.99991166591644287),
            ["RightFoot"] = CFrame.new(4.1321072785649449e-08, 0.033359169960021973, -0.00010069423296954483, 0.87246209383010864, 0.37382048368453979, 0.31475088000297546, -0.1204693615436554, 0.78872960805892944, -0.60282069444656372, -0.47360005974769592, 0.48802036046981812, 0.73317062854766846),
            ["RightHand"] = CFrame.new(-0.00049982964992523193, 3.5762786865234375e-07, 5.225197163838402e-09, 0.96018534898757935, -0.27936375141143799, 0, 0.27936375141143799, 0.96018534898757935, 0, 0, 0, 1),
            ["RightLowerArm"] = CFrame.new(-2.9802322387695312e-08, 2.9802322387695312e-07, -1.1682258360679043e-07, 1, 0, 0, 0, 1, 0, 0, 0, 1),
            ["RightLowerLeg"] = CFrame.new(-1.4901161193847656e-07, 0.12555873394012451, -0.1062486469745636, 1, 0, 0, 0, -0.10049557685852051, 0.99493753910064697, 0, -0.99493753910064697, -0.10049557685852051),
            ["RightUpperArm"] = CFrame.new(0.0045527219772338867, -0.067320346832275391, 8.4110070019960403e-09, 0.99089813232421875, -0.13461397588253021, 0, 0.13461397588253021, 0.99089813232421875, 0, 0, 0, 1),
            ["RightUpperLeg"] = CFrame.new(5.9604644775390625e-08, 1.5570664402275725e-07, -1.3686076272279024e-07, 0.87248355150222778, -0.45905768871307373, 0.16744709014892578, 0.36957591772079468, 0.3957555890083313, -0.84070873260498047, 0.31966570019721985, 0.79538893699645996, 0.51494687795639038),
            ["UpperTorso"] = CFrame.new(-9.2642000737441776e-09, 0.070020794868469238, -0.061354026198387146, 1, 0, 0, 0, 0.99991166591644287, -0.013293299823999405, 0, 0.013293299823999405, 0.99991166591644287)
        }},
        {Time = 0.133, Data = {
            ["Head"] = CFrame.new(0, 0, 0, 0.99203640222549438, 0.12595127522945404, 0, -0.12595127522945404, 0.99203640222549438, -0, -0, 0, 1),
            ["LeftFoot"] = CFrame.new(-1.1409611033741385e-07, 0.033378779888153076, -4.7405774239450693e-07, 0.82715880870819092, -0.42987585067749023, -0.36196008324623108, 0.15589839220046997, 0.79434233903884888, -0.58712518215179443, 0.53991115093231201, 0.42921674251556396, 0.7240641713142395),
            ["LeftHand"] = CFrame.new(0.0005000719684176147, 9.9420547485351562e-05, -6.3887357626413177e-09, 0.9476778507232666, -0.31748595833778381, -0.033307489007711411, 0.31748595833778381, 0.94824743270874023, -0.0054293684661388397, 0.033307489007711411, -0.0054293684661388397, 0.99943041801452637),
            ["LeftLowerArm"] = CFrame.new(-0.00049981474876403809, -9.9956989288330078e-05, -1.2124348813813413e-07, 1, 0, 0, 0, 1, 0, 0, 0, 1),
            ["LeftLowerLeg"] = CFrame.new(-1.4901161193847656e-08, 0.12532162666320801, -0.11006741225719452, 1, 0, 0, 0, -0.14124143123626709, 0.98997515439987183, 0, -0.98997515439987183, -0.14124143123626709),
            ["LeftUpperArm"] = CFrame.new(5.9604644775390625e-08, 2.384185791015625e-07, -1.100124791264534e-08, 1, 0, 0, 0, -0.99884450435638428, 0.048067476600408554, 0, -0.048067476600408554, -0.99884450435638428),
            ["LeftUpperLeg"] = CFrame.new(-5.9604644775390625e-08, -1.9634043724181538e-07, -0.00010006675438489765, 0.82717108726501465, 0.51245015859603882, -0.23061400651931763, -0.42260143160820007, 0.29676425457000732, -0.85635215044021606, -0.37039977312088013, 0.80580753087997437, 0.46203696727752686),
            ["LowerTorso"] = CFrame.new(7.4958492746191041e-09, -0.91442525386810303, 0.085742518305778503, 1, -0, 0, 0, 0.99980288743972778, 0.01985308900475502, -0, -0.01985308900475502, 0.99980288743972778),
            ["RightFoot"] = CFrame.new(1.375374267809093e-07, 0.033796012401580811, -0.0001003551296889782, 0.86099511384963989, 0.38907736539840698, 0.32757627964019775, -0.12446953356266022, 0.78565877676010132, -0.60600960254669189, -0.49314779043197632, 0.48099803924560547, 0.72487664222717285),
            ["RightHand"] = CFrame.new(-0.00049996376037597656, 2.384185791015625e-07, 5.2251962756599823e-09, 0.96018534898757935, -0.27936375141143799, 0, 0.27936375141143799, 0.96018534898757935, 0, 0, 0, 1),
            ["RightLowerArm"] = CFrame.new(-5.9604644775390625e-08, 5.3644180297851562e-07, -1.1682256939593572e-07, 1, 0, 0, 0, 1, 0, 0, 0, 1),
            ["RightLowerLeg"] = CFrame.new(-1.6391277313232422e-07, 0.12452876567840576, -0.1140093058347702, 1, 0, 0, 0, -0.18126392364501953, 0.98343455791473389, 0, -0.98343455791473389, -0.18126392364501953),
            ["RightUpperArm"] = CFrame.new(0.0045527219772338867, -0.067320346832275391, 8.4110070019960403e-09, 0.99089813232421875, -0.13461397588253021, 0, 0.13461397588253021, 0.99089813232421875, 0, 0, 0, 1),
            ["RightUpperLeg"] = CFrame.new(5.9604644775390625e-08, -1.9807467310783977e-07, -1.3034878065809608e-07, 0.86099386215209961, -0.46241196990013123, 0.21181300282478333, 0.38248875737190247, 0.31416654586791992, -0.8689083456993103, 0.33524903655052185, 0.82914084196090698, 0.44736284017562866),
            ["UpperTorso"] = CFrame.new(-1.1487339079963022e-08, 0.087979316711425781, -0.076077200472354889, 1, 0, 0, 0, 0.99980288743972778, -0.01985308900475502, 0, 0.01985308900475502, 0.99980288743972778)
        }},
        {Time = 0.150, Data = {
            ["Head"] = CFrame.new(0, 1.1920928955078125e-07, 0, 0.99203640222549438, 0.12595127522945404, 0, -0.12595127522945404, 0.99203640222549438, -0, -0, 0, 1),
            ["LeftFoot"] = CFrame.new(-8.1941834650933743e-08, 0.033803820610046387, -2.971137291751802e-07, 0.81148719787597656, -0.44701439142227173, -0.37638622522354126, 0.16596041619777679, 0.79385977983474731, -0.58501607179641724, 0.56030851602554321, 0.41226786375045776, 0.71839374303817749),
            ["LeftHand"] = CFrame.new(0.00050007080426439643, 9.9420547485351562e-05, -6.3887357626413177e-09, 0.9476778507232666, -0.31748595833778381, -0.033307489007711411, 0.31748595833778381, 0.94824743270874023, -0.0054293684661388397, 0.033307489007711411, -0.0054293684661388397, 0.99943041801452637),
            ["LeftLowerArm"] = CFrame.new(-0.00049981474876403809, -9.9956989288330078e-05, -1.2124348813813413e-07, 1, 0, 0, 0, 1, 0, 0, 0, 1),
            ["LeftLowerLeg"] = CFrame.new(2.9802322387695312e-08, 0.12401741743087769, -0.11753635108470917, 1, 0, 0, 0, -0.21903741359710693, 0.97571653127670288, 0, -0.97571653127670288, -0.21903741359710693),
            ["LeftUpperArm"] = CFrame.new(5.9604644775390625e-08, 3.5762786865234375e-07, -1.100124791264534e-08, 1, 0, 0, 0, -0.99884450435638428, 0.048067476600408554, 0, -0.048067476600408554, -0.99884450435638428),
            ["LeftUpperLeg"] = CFrame.new(-5.9604644775390625e-08, -2.9731923589793041e-08, -0.00010006674710894004, 0.81151384115219116, 0.51030421257019043, -0.28466621041297913, -0.43619206547737122, 0.20486801862716675, -0.87622237205505371, -0.38882097601890564, 0.83523571491241455, 0.38884389400482178),
            ["LowerTorso"] = CFrame.new(9.205296969128085e-09, -0.98210859298706055, 0.10529631376266479, 1, -0, 0, 0, 0.99960160255432129, 0.028224486857652664, -0, -0.028224486857652664, 0.99960160255432129),
            ["RightFoot"] = CFrame.new(1.9259459804743528e-08, 0.034232556819915771, -0.00010018053581006825, 0.84755051136016846, 0.40600192546844482, 0.34179016947746277, -0.13306564092636108, 0.78601586818695068, -0.60371565818786621, -0.51376223564147949, 0.46619901061058044, 0.72021305561065674),
            ["RightHand"] = CFrame.new(-0.00049991905689239502, 2.384185791015625e-07, 5.2251909465894641e-09, 0.96018534898757935, -0.27936375141143799, 0, 0.27936375141143799, 0.96018534898757935, 0, 0, 0, 1),
            ["RightLowerArm"] = CFrame.new(0, 5.3644180297851562e-07, -1.168226049230725e-07, 1, 0, 0, 0, 1, 0, 0, 0, 1),
            ["RightLowerLeg"] = CFrame.new(5.9604644775390625e-08, 0.12287718057632446, -0.12155823409557343, 1, 0, 0, 0, -0.25991499423980713, 0.96563154458999634, 0, -0.96563154458999634, -0.25991499423980713),
            ["RightUpperArm"] = CFrame.new(0.0045527219772338867, -0.06732022762298584, 8.4110070019960403e-09, 0.99089813232421875, -0.13461397588253021, 0, 0.13461397588253021, 0.99089813232421875, 0, 0, 0, 1),
            ["RightUpperLeg"] = CFrame.new(0, -3.2201025845779441e-08, -1.3035605661571026e-07, 0.84754514694213867, -0.46154695749282837, 0.26199549436569214, 0.39617407321929932, 0.22172611951828003, -0.89100146293640137, 0.35314774513244629, 0.85895979404449463, 0.37077587842941284),
            ["UpperTorso"] = CFrame.new(-1.3742383231374333e-08, 0.1070563793182373, -0.091011688113212585, 1, 0, 0, 0, 0.99960160255432129, -0.028224486857652664, 0, 0.028224486857652664, 0.99960160255432129)
        }},
        {Time = 0.167, Data = {
            ["Head"] = CFrame.new(0, 1.1920928955078125e-07, 0, 0.99203640222549438, 0.12595127522945404, 0, -0.12595127522945404, 0.99203640222549438, -0, -0, 0, 1),
            ["LeftFoot"] = CFrame.new(5.5191776482388377e-08, 0.03421097993850708, -1.6444391803815961e-07, 0.79370969533920288, -0.46532118320465088, -0.39179223775863647, 0.18220888078212738, 0.79637372493743896, -0.5767052173614502, 0.58036613464355469, 0.38634848594665527, 0.71687519550323486),
            ["LeftHand"] = CFrame.new(0.00050006952369585633, 9.9658966064453125e-05, 8.5124254312063385e-09, 0.9476778507232666, -0.31748595833778381, -0.033307489007711411, 0.31748595833778381, 0.94824743270874023, -0.0054293684661388397, 0.033307489007711411, -0.0054293684661388397, 0.99943041801452637),
            ["LeftLowerArm"] = CFrame.new(-0.00049981474876403809, -9.9956989288330078e-05, -1.3614464933198178e-07, 1, 0, 0, 0, 1, 0, 0, 0, 1),
            ["LeftLowerLeg"] = CFrame.new(-4.4703483581542969e-08, 0.12219506502151489, -0.12454737722873688, 1, 0, 0, 0, -0.2921135425567627, 0.95638370513916016, 0, -0.95638370513916016, -0.2921135425567627),
            ["LeftUpperArm"] = CFrame.new(5.9604644775390625e-08, 3.5762786865234375e-07, -1.100124791264534e-08, 1, 0, 0, 0, -0.99884450435638428, 0.048067476600408554, 0, -0.048067476600408554, -0.99884450435638428),
            ["LeftUpperLeg"] = CFrame.new(-5.9604644775390625e-08, -8.3057067001846008e-08, -0.00010007418313762173, 0.79372751712799072, 0.50181657075881958, -0.34376847743988037, -0.44975641369819641, 0.10366743803024292, -0.88711452484130859, -0.40953123569488525, 0.85873925685882568, 0.30797892808914185),
            ["LowerTorso"] = CFrame.new(1.1016776824135377e-08, -1.0511200428009033, 0.1260172426700592, 1, -0, 0, 0, 0.99924886226654053, 0.038751304149627686, -0, -0.038751304149627686, 0.99924886226654053),
            ["RightFoot"] = CFrame.new(-3.9464794099330902e-08, 0.034641385078430176, -9.9883734947070479e-05, 0.83211815357208252, 0.42425158619880676, 0.35719740390777588, -0.14751532673835754, 0.79017597436904907, -0.59486240148544312, -0.53462010622024536, 0.44230374693870544, 0.72010338306427002),
            ["RightHand"] = CFrame.new(-0.00049991905689239502, 2.384185791015625e-07, 5.2251918347678838e-09, 0.96018534898757935, -0.27936375141143799, 0, 0.27936375141143799, 0.96018534898757935, 0, 0, 0, 1),
            ["RightLowerArm"] = CFrame.new(0, 5.9604644775390625e-08, -1.1682258360679043e-07, 1, 0, 0, 0, 1, 0, 0, 0, 1),
            ["RightLowerLeg"] = CFrame.new(1.4901161193847656e-08, 0.12064659595489502, -0.12867601215839386, 1, 0, 0, 0, -0.33409726619720459, 0.94253891706466675, 0, -0.94253891706466675, -0.33409726619720459),
            ["RightUpperArm"] = CFrame.new(0.0045527219772338867, -0.06732022762298584, 8.4110070019960403e-09, 0.99089813232421875, -0.13461397588253021, 0, 0.13461397588253021, 0.99089813232421875, 0, 0, 0, 1),
            ["RightUpperLeg"] = CFrame.new(0, -2.6838998579137296e-08, -1.3409589882940054e-07, 0.83215582370758057, -0.4545876681804657, 0.3175952136516571, 0.41002324223518372, 0.11878859996795654, -0.90430647134780884, 0.37335988879203796, 0.88274532556533813, 0.28524214029312134),
            ["UpperTorso"] = CFrame.new(-1.5957542842670591e-08, 0.12699145078659058, -0.10568201541900635, 1, 0, 0, 0, 0.99924886226654053, -0.038751304149627686, 0, 0.038751304149627686, 0.99924886226654053)
        }},
        {Time = 0.183, Data = {
            ["Head"] = CFrame.new(0, 0, 0, 0.99203640222549438, 0.12595127522945404, 0, -0.12595127522945404, 0.99203640222549438, -0, -0, 0, 1),
            ["LeftFoot"] = CFrame.new(5.7756551541388035e-08, 0.034566998481750488, 1.3458338798955083e-07, 0.77673071622848511, -0.481800377368927, -0.40565735101699829, 0.21003367006778717, 0.80534565448760986, -0.55435031652450562, 0.59378057718276978, 0.3453792929649353, 0.72673100233078003),
            ["LeftHand"] = CFrame.new(0.00050006830133497715, 9.9658966064453125e-05, -6.3887357626413177e-09, 0.9476778507232666, -0.31748595833778381, -0.033307489007711411, 0.31748595833778381, 0.94824743270874023, -0.0054293684661388397, 0.033307489007711411, -0.0054293684661388397, 0.99943041801452637),
            ["LeftLowerArm"] = CFrame.new(-0.00049981474876403809, -9.9718570709228516e-05, -1.2124348813813413e-07, 1, 0, 0, 0, 1, 0, 0, 0, 1),
            ["LeftLowerLeg"] = CFrame.new(-2.9802322387695312e-08, 0.12004536390304565, -0.1307188868522644, 1, 0, 0, 0, -0.35651886463165283, 0.93428844213485718, 0, -0.93428844213485718, -0.35651886463165283),
            ["LeftUpperArm"] = CFrame.new(5.9604644775390625e-08, 2.384185791015625e-07, -1.100124791264534e-08, 1, 0, 0, 0, -0.99884450435638428, 0.048067476600408554, 0, -0.048067476600408554, -0.99884450435638428),
            ["LeftUpperLeg"] = CFrame.new(-5.9604644775390625e-08, 1.3530282672036265e-07, -0.00010007411037804559, 0.7767341136932373, 0.47989943623542786, -0.40789788961410522, -0.4522261917591095, -0.025825023651123047, -0.89152932167053223, -0.43837839365005493, 0.87694334983825684, 0.19696390628814697),
            ["LowerTorso"] = CFrame.new(1.3550648603199988e-08, -1.1195940971374512, 0.15500135719776154, 1, -0, 0, 0, 0.99755555391311646, 0.069878086447715759, -0, -0.069878086447715759, 0.99755555391311646),
