return {
["kiss twerk"] = {

          {Time = 0.000, Data = {

              ["Head"] = CFrame.new(-0.000000, -0.000000, 0.000000, 0.973324, 0.229430, 0.001870, -0.229153, 0.971681, 0.057672, 0.011414, -0.056562, 0.998334),

              ["LeftFoot"] = CFrame.new(0.000000, 0.013931, -0.000003, 0.999808, -0.014987, -0.012619, 0.015884, 0.997115, 0.074228, 0.011470, -0.074414, 0.997162),

              ["LeftHand"] = CFrame.new(0.000495, 0.006903, -0.000000, 0.999882, -0.013485, 0.007413, 0.014172, 0.619221, -0.785092, 0.005997, 0.785101, 0.619335),

              ["LeftLowerArm"] = CFrame.new(-0.000500, 0.040002, 0.005749, 1.000000, -0.000000, -0.000000, 0.000000, 0.941442, -0.337177, 0.000000, 0.337176, 0.941441),

              ["LeftLowerLeg"] = CFrame.new(-0.000000, 0.070329, -0.017630, 1.000000, -0.000000, -0.000000, 0.000000, 0.819600, 0.572934, -0.000000, -0.572935, 0.819602),

              ["LeftUpperArm"] = CFrame.new(-0.191493, -0.448217, 0.429731, 0.386355, 0.028692, -0.921904, -0.485660, 0.856063, -0.176889, 0.784133, 0.516074, 0.344678),

              ["LeftUpperLeg"] = CFrame.new(0.000000, -0.000000, -0.000100, 0.999653, 0.005164, -0.025817, -0.013970, 0.935184, -0.353867, 0.022316, 0.354124, 0.934939),

              ["LowerTorso"] = CFrame.new(0.000000, 0.000000, 0.000000, 1.000000, 0.000000, -0.000000, 0.000000, 0.999308, 0.037191, 0.000000, -0.037191, 0.999308),

              ["RightFoot"] = CFrame.new(0.000000, -0.000025, -0.000103, 0.999923, 0.009510, 0.008007, -0.009510, 0.999955, 0.000004, -0.008006, -0.000070, 0.999968),

              ["RightHand"] = CFrame.new(-0.000492, 0.012810, -0.000000, 0.999675, -0.021907, 0.013040, 0.023492, 0.592804, -0.805007, 0.009905, 0.805049, 0.593122),

              ["RightLowerArm"] = CFrame.new(-0.000000, 0.074072, 0.021596, 1.000000, 0.000000, 0.000000, -0.000000, 0.779460, -0.626452, -0.000000, 0.626452, 0.779460),

              ["RightLowerLeg"] = CFrame.new(-0.000000, -0.000024, 0.000003, 1.000000, -0.000000, -0.000000, 0.000000, 1.000000, -0.000008, -0.000000, -0.000011, 1.000000),

              ["RightUpperArm"] = CFrame.new(0.279972, -0.481169, 0.513659, 0.284923, -0.158053, 0.945430, 0.458616, 0.888574, 0.010336, -0.841719, 0.430645, 0.325661),

              ["RightUpperLeg"] = CFrame.new(0.000000, -0.000000, -0.000000, 0.999923, -0.009510, -0.008006, 0.009205, 0.999263, -0.037263, 0.008355, 0.037194, 0.999273),

              ["UpperTorso"] = CFrame.new(-0.000000, 0.000000, -0.000000, 1.000000, 0.000000, 0.000000, 0.000000, 0.996221, -0.086859, -0.000000, 0.086859, 0.996221)

          }},

          {Time = 0.033, Data = {

              ["Head"] = CFrame.new(-0.000000, -0.000000, 0.000000, 0.973324, 0.229426, 0.001765, -0.229144, 0.971683, 0.057669, 0.011516, -0.056535, 0.998334),

              ["LeftFoot"] = CFrame.new(-0.000000, 0.013931, -0.000003, 0.999808, -0.014987, -0.012619, 0.015883, 0.997115, 0.074223, 0.011470, -0.074409, 0.997162),

              ["LeftHand"] = CFrame.new(0.000495, 0.006954, -0.000000, 0.999895, -0.012693, 0.006950, 0.013326, 0.620309, -0.784248, 0.005643, 0.784255, 0.620409),

              ["LeftLowerArm"] = CFrame.new(-0.000500, 0.040358, 0.005859, 1.000000, -0.000000, -0.000000, 0.000000, 0.940319, -0.340294, 0.000000, 0.340294, 0.940319),

              ["LeftLowerLeg"] = CFrame.new(0.000000, 0.070329, -0.017630, 1.000000, -0.000000, -0.000000, 0.000000, 0.819600, 0.572934, -0.000000, -0.572936, 0.819601),

              ["LeftUpperArm"] = CFrame.new(-0.191764, -0.448362, 0.429779, 0.385810, 0.030210, -0.922084, -0.485894, 0.856268, -0.175249, 0.784256, 0.515647, 0.345036),

              ["LeftUpperLeg"] = CFrame.new(0.000000, -0.000000, -0.000100, 0.999653, 0.005161, -0.025827, -0.013991, 0.934863, -0.354714, 0.022314, 0.354971, 0.934618),

              ["LowerTorso"] = CFrame.new(0.000000, 0.000000, -0.000013, 1.000000, -0.000000, 0.000011, -0.000000, 0.999274, 0.038101, -0.000011, -0.038101, 0.999274),

              ["RightFoot"] = CFrame.new(-0.000000, -0.000025, -0.000103, 0.999923, 0.009510, 0.008007, -0.009510, 0.999955, -0.000006, -0.008007, -0.000059, 0.999968),

              ["RightHand"] = CFrame.new(-0.000491, 0.012877, 0.000000, 0.999642, -0.022980, 0.013666, 0.024639, 0.593288, -0.804616, 0.010382, 0.804662, 0.593638),

              ["RightLowerArm"] = CFrame.new(0.000000, 0.074259, 0.021697, 1.000000, 0.000000, 0.000000, -0.000000, 0.778411, -0.627755, -0.000000, 0.627755, 0.778411),

              ["RightLowerLeg"] = CFrame.new(-0.000000, -0.000024, 0.000003, 1.000000, -0.000000, -0.000000, 0.000000, 1.000000, -0.000008, -0.000000, -0.000011, 1.000000),

              ["RightUpperArm"] = CFrame.new(0.280442, -0.481291, 0.513752, 0.283984, -0.158876, 0.945575, 0.458860, 0.888435, 0.011467, -0.841903, 0.430630, 0.325203),

              ["RightUpperLeg"] = CFrame.new(-0.000000, -0.000000, -0.000000, 0.999923, -0.009510, -0.008017, 0.009197, 0.999229, -0.038162, 0.008374, 0.038093, 0.999240),

              ["UpperTorso"] = CFrame.new(0.000000, 0.000000, 0.000000, 1.000000, -0.000000, -0.000002, 0.000000, 0.996221, -0.086854, 0.000002, 0.086854, 0.996221)

          }},

          {Time = 0.067, Data = {

              ["Head"] = CFrame.new(-0.000000, 0.000000, -0.000000, 0.973333, 0.229391, 0.001478, -0.229093, 0.971695, 0.057660, 0.011791, -0.056461, 0.998335),

              ["LeftFoot"] = CFrame.new(0.000000, 0.013931, -0.000003, 0.999808, -0.014987, -0.012619, 0.015883, 0.997116, 0.074209, 0.011470, -0.074395, 0.997163),

              ["LeftHand"] = CFrame.new(0.000495, 0.007095, -0.000000, 0.999928, -0.010540, 0.005695, 0.011023, 0.623239, -0.781957, 0.004693, 0.781961, 0.623306),

              ["LeftLowerArm"] = CFrame.new(-0.000500, 0.041321, 0.006163, 1.000000, -0.000000, -0.000000, 0.000000, 0.937235, -0.348698, 0.000000, 0.348698, 0.937235),

              ["LeftLowerLeg"] = CFrame.new(-0.000000, 0.070329, -0.017630, 1.000000, -0.000000, -0.000000, 0.000000, 0.819600, 0.572935, -0.000000, -0.572937, 0.819601),

              ["LeftUpperArm"] = CFrame.new(-0.192505, -0.448762, 0.429906, 0.384328, 0.034313, -0.922559, -0.486527, 0.856804, -0.170814, 0.784591, 0.514499, 0.345988),

              ["LeftUpperLeg"] = CFrame.new(0.000000, -0.000000, -0.000100, 0.999652, 0.005150, -0.025858, -0.014047, 0.933989, -0.357008, 0.022312, 0.357266, 0.933743),

              ["LowerTorso"] = CFrame.new(0.000001, -0.000000, -0.000051, 1.000000, -0.000001, 0.000043, -0.000000, 0.999177, 0.040568, -0.000043, -0.040568, 0.999177),

              ["RightFoot"] = CFrame.new(-0.000000, -0.000025, -0.000103, 0.999923, 0.009510, 0.008007, -0.009510, 0.999955, -0.000037, -0.008007, -0.000028, 0.999968),

              ["RightHand"] = CFrame.new(-0.000491, 0.013060, -0.000000, 0.999546, -0.025900, 0.015371, 0.027764, 0.594597, -0.803547, 0.011672, 0.803606, 0.595043),

              ["RightLowerArm"] = CFrame.new(-0.000000, 0.074766, 0.021972, 1.000000, 0.000000, 0.000000, -0.000000, 0.775553, -0.631282, -0.000000, 0.631282, 0.775554),

              ["RightLowerLeg"] = CFrame.new(-0.000000, -0.000024, 0.000003, 1.000000, -0.000000, -0.000000, 0.000000, 1.000000, -0.000008, -0.000000, -0.000011, 1.000000),

              ["RightUpperArm"] = CFrame.new(0.281721, -0.481618, 0.514002, 0.281425, -0.161107, 0.945962, 0.459515, 0.888051, 0.014538, -0.842404, 0.430593, 0.323952),

              ["RightUpperLeg"] = CFrame.new(0.000000, -0.000000, -0.000000, 0.999922, -0.009510, -0.008050, 0.009175, 0.999133, -0.040598, 0.008429, 0.040529, 0.999143),

              ["UpperTorso"] = CFrame.new(0.000000, 0.000000, -0.000000, 1.000000, -0.000001, -0.000007, 0.000000, 0.996222, -0.086839, 0.000007, 0.086839, 0.996222)

          }},

          {Time = 0.100, Data = {

              ["Head"] = CFrame.new(-0.000000, 0.000000, -0.000000, 0.973359, 0.229286, 0.001053, -0.228964, 0.971726, 0.057648, 0.012195, -0.056353, 0.998336),

              ["LeftFoot"] = CFrame.new(0.000000, 0.013931, -0.000003, 0.999808, -0.014987, -0.012619, 0.015883, 0.997118, 0.074186, 0.011470, -0.074371, 0.997165),

              ["LeftHand"] = CFrame.new(0.000495, 0.007298, -0.000000, 0.999966, -0.007359, 0.003840, 0.007608, 0.627491, -0.778589, 0.003320, 0.778589, 0.627522),

              ["LeftLowerArm"] = CFrame.new(-0.000500, 0.042718, 0.006619, 1.000000, -0.000000, -0.000000, 0.000000, 0.932597, -0.360919, 0.000000, 0.360919, 0.932597),

              ["LeftLowerLeg"] = CFrame.new(-0.000000, 0.070329, -0.017630, 1.000000, -0.000000, -0.000000, 0.000000, 0.819599, 0.572935, -0.000000, -0.572937, 0.819601),

              ["LeftUpperArm"] = CFrame.new(-0.193604, -0.449366, 0.430087, 0.382130, 0.040307, -0.923229, -0.487459, 0.857544, -0.164323, 0.785086, 0.512829, 0.347341),

              ["LeftUpperLeg"] = CFrame.new(0.000000, -0.000000, -0.000100, 0.999651, 0.005133, -0.025908, -0.014130, 0.932691, -0.360380, 0.022314, 0.360639, 0.932446),

              ["LowerTorso"] = CFrame.new(0.000001, -0.000001, -0.000114, 1.000000, -0.000003, 0.000096, -0.000001, 0.999023, 0.044202, -0.000096, -0.044202, 0.999023),

              ["RightFoot"] = CFrame.new(-0.000000, -0.000024, -0.000103, 0.999923, 0.009510, 0.008007, -0.009509, 0.999955, -0.000089, -0.008007, 0.000023, 0.999968),

              ["RightHand"] = CFrame.new(-0.000491, 0.013330, 0.000000, 0.999383, -0.030226, 0.017897, 0.032403, 0.596509, -0.801955, 0.013564, 0.802037, 0.597116),

              ["RightLowerArm"] = CFrame.new(0.000000, 0.075511, 0.022379, 1.000000, 0.000000, 0.000000, -0.000000, 0.771323, -0.636444, -0.000000, 0.636444, 0.771323),

              ["RightLowerLeg"] = CFrame.new(0.000000, -0.000024, 0.000003, 1.000000, 0.000000, -0.000000, -0.000000, 1.000000, -0.000008, -0.000000, -0.000011, 1.000000),

              ["RightUpperArm"] = CFrame.new(0.283617, -0.482096, 0.514370, 0.277633, -0.164392, 0.946517, 0.460471, 0.887470, 0.019071, -0.843141, 0.430549, 0.322089),

              ["RightUpperLeg"] = CFrame.new(-0.000000, -0.000000, -0.000000, 0.999922, -0.009510, -0.008104, 0.009143, 0.998982, -0.044180, 0.008515, 0.044110, 0.998991),

              ["UpperTorso"] = CFrame.new(-0.000000, -0.000000, 0.000000, 1.000000, -0.000002, -0.000015, 0.000000, 0.996225, -0.086814, 0.000015, 0.086814, 0.996225)

          }},

          {Time = 0.133, Data = {

              ["Head"] = CFrame.new(-0.000000, 0.000000, 0.000000, 0.973409, 0.229073, 0.000535, -0.228722, 0.971784, 0.057633, 0.012683, -0.056223, 0.998338),

              ["LeftFoot"] = CFrame.new(0.000000, 0.013931, -0.000003, 0.999808, -0.014987, -0.012619, 0.015882, 0.997120, 0.074153, 0.011471, -0.074338, 0.997167),

              ["LeftHand"] = CFrame.new(0.000495, 0.007539, -0.000000, 0.999993, -0.003485, 0.001581, 0.003429, 0.632555, -0.774511, 0.001700, 0.774508, 0.632558),

              ["LeftLowerArm"] = CFrame.new(-0.000500, 0.044386, 0.007187, 1.000000, -0.000000, -0.000000, 0.000000, 0.926821, -0.375503, 0.000000, 0.375503, 0.926821),

              ["LeftLowerLeg"] = CFrame.new(-0.000000, 0.070329, -0.017631, 1.000000, -0.000000, -0.000000, 0.000000, 0.819598, 0.572937, -0.000000, -0.572939, 0.819599),

              ["LeftUpperArm"] = CFrame.new(-0.194949, -0.450122, 0.430295, 0.379440, 0.047502, -0.923996, -0.488588, 0.858362, -0.156511, 0.785689, 0.510840, 0.348906),

              ["LeftUpperLeg"] = CFrame.new(0.000000, -0.000000, -0.000100, 0.999650, 0.005109, -0.025977, -0.014230, 0.931103, -0.364461, 0.022326, 0.364721, 0.930856),

              ["LowerTorso"] = CFrame.new(0.000002, -0.000002, -0.000202, 1.000000, -0.000006, 0.000170, -0.000002, 0.998818, 0.048608, -0.000170, -0.048608, 0.998818),

              ["RightFoot"] = CFrame.new(0.000000, -0.000024, -0.000103, 0.999923, 0.009510, 0.008007, -0.009509, 0.999955, -0.000160, -0.008008, 0.000095, 0.999968),

              ["RightHand"] = CFrame.new(-0.000491, 0.013658, -0.000000, 0.999149, -0.035515, 0.020985, 0.038086, 0.598800, -0.799996, 0.015846, 0.800111, 0.599639),

              ["RightLowerArm"] = CFrame.new(0.000000, 0.076409, 0.022876, 1.000000, 0.000000, 0.000000, -0.000000, 0.766154, -0.642656, -0.000000, 0.642657, 0.766155),

              ["RightLowerLeg"] = CFrame.new(-0.000000, -0.000023, 0.000003, 1.000000, -0.000000, 0.000000, 0.000000, 1.000000, -0.000008, -0.000000, -0.000011, 1.000000),

              ["RightUpperArm"] = CFrame.new(0.285937, -0.482667, 0.514816, 0.272993, -0.168373, 0.947167, 0.461613, 0.886741, 0.024585, -0.844031, 0.430513, 0.319798),

              ["RightUpperLeg"] = CFrame.new(0.000000, -0.000000, -0.000000, 0.999921, -0.009511, -0.008178, 0.009103, 0.998781, -0.048515, 0.008630, 0.048444, 0.998789),

              ["UpperTorso"] = CFrame.new(-0.000000, 0.000000, 0.000000, 1.000000, -0.000003, -0.000026, 0.000000, 0.996228, -0.086780, 0.000026, 0.086780, 0.996228)

          }},

          {Time = 0.167, Data = {

              ["Head"] = CFrame.new(-0.000000, 0.000000, -0.000000, 0.973494, 0.228712, -0.000033, -0.228330, 0.971877, 0.057617, 0.013210, -0.056083, 0.998339),

              ["LeftFoot"] = CFrame.new(0.000000, 0.013931, -0.000003, 0.999808, -0.014987, -0.012619, 0.015882, 0.997124, 0.074113, 0.011471, -0.074298, 0.997170),

              ["LeftHand"] = CFrame.new(0.000495, 0.007797, -0.000000, 0.999999, 0.000745, -0.000887, -0.001158, 0.637951, -0.770079, -0.000008, 0.770076, 0.637948),

              ["LeftLowerArm"] = CFrame.new(-0.000500, 0.046165, 0.007823, 1.000000, -0.000000, -0.000000, 0.000000, 0.920355, -0.391084, 0.000000, 0.391084, 0.920355),

              ["LeftLowerLeg"] = CFrame.new(-0.000000, 0.070329, -0.017631, 1.000000, -0.000000, -0.000000, 0.000000, 0.819599, 0.572936, -0.000000, -0.572938, 0.819600),

              ["LeftUpperArm"] = CFrame.new(-0.196427, -0.450980, 0.430505, 0.376485, 0.055242, -0.924774, -0.489813, 0.859159, -0.148085, 0.786347, 0.508718, 0.350519),

              ["LeftUpperLeg"] = CFrame.new(0.000000, -0.000000, -0.000100, 0.999647, 0.005077, -0.026066, -0.014339, 0.929359, -0.368881, 0.022352, 0.369143, 0.929111),

              ["LowerTorso"] = CFrame.new(0.000004, -0.000003, -0.000314, 1.000000, -0.000009, 0.000265, -0.000005, 0.998573, 0.053396, -0.000265, -0.053396, 0.998573),

              ["RightFoot"] = CFrame.new(0.000000, -0.000023, -0.000103, 0.999923, 0.009510, 0.008007, -0.009508, 0.999955, -0.000251, -0.008009, 0.000186, 0.999968),

              ["RightHand"] = CFrame.new(-0.000491, 0.014014, -0.000000, 0.998849, -0.041319, 0.024373, 0.044339, 0.601258, -0.797826, 0.018311, 0.797986, 0.602394),

              ["RightLowerArm"] = CFrame.new(0.000000, 0.077379, 0.023421, 1.000000, 0.000000, 0.000000, -0.000000, 0.760488, -0.649352, -0.000000, 0.649352, 0.760488),

              ["RightLowerLeg"] = CFrame.new(-0.000000, -0.000022, 0.000003, 1.000000, -0.000000, 0.000000, 0.000000, 1.000000, -0.000008, -0.000000, -0.000011, 1.000000),

              ["RightUpperArm"] = CFrame.new(0.288484, -0.483276, 0.515298, 0.267898, -0.172699, 0.947843, 0.462831, 0.885918, 0.030603, -0.844996, 0.430493, 0.317267),

              ["RightUpperLeg"] = CFrame.new(0.000000, -0.000000, -0.000000, 0.999921, -0.009513, -0.008274, 0.009059, 0.998542, -0.053212, 0.008768, 0.053140, 0.998549),

              ["UpperTorso"] = CFrame.new(0.000000, 0.000000, 0.000000, 1.000000, -0.000004, -0.000041, 0.000001, 0.996231, -0.086736, 0.000041, 0.086736, 0.996231)

          }},

          {Time = 0.200, Data = {

              ["Head"] = CFrame.new(-0.000000, -0.000000, 0.000000, 0.973622, 0.228166, -0.000606, -0.227753, 0.972014, 0.057601, 0.013732, -0.055943, 0.998340),

              ["LeftFoot"] = CFrame.new(0.000000, 0.013931, -0.000003, 0.999808, -0.014987, -0.012619, 0.015881, 0.997127, 0.074063, 0.011472, -0.074249, 0.997174),

              ["LeftHand"] = CFrame.new(0.000495, 0.008050, -0.000000, 0.999982, 0.004989, -0.003362, -0.005783, 0.643258, -0.765631, -0.001657, 0.765633, 0.643272),

              ["LeftLowerArm"] = CFrame.new(-0.000500, 0.047916, 0.008478, 1.000000, -0.000000, -0.000000, 0.000000, 0.913685, -0.406423, 0.000000, 0.406423, 0.913685),

              ["LeftLowerLeg"] = CFrame.new(-0.000000, 0.070329, -0.017631, 1.000000, -0.000000, -0.000000, 0.000000, 0.819598, 0.572937, -0.000000, -0.572939, 0.819599),

              ["LeftUpperArm"] = CFrame.new(-0.197921, -0.451890, 0.430690, 0.373499, 0.062915, -0.925495, -0.491035, 0.859863, -0.139711, 0.787009, 0.506633, 0.352052),

              ["LeftUpperLeg"] = CFrame.new(0.000000, -0.000000, -0.000100, 0.999645, 0.005038, -0.026174, -0.014449, 0.927600, -0.373277, 0.022398, 0.373541, 0.927351),

              ["LowerTorso"] = CFrame.new(0.000005, -0.000004, -0.000449, 1.000000, -0.000013, 0.000380, -0.000009, 0.998307, 0.058173, -0.000380, -0.058173, 0.998306),

              ["RightFoot"] = CFrame.new(-0.000000, -0.000022, -0.000103, 0.999923, 0.009510, 0.008007, -0.009507, 0.999955, -0.000362, -0.008010, 0.000296, 0.999968),

              ["RightHand"] = CFrame.new(-0.000490, 0.014321, -0.000000, 0.998500, -0.047182, 0.027796, 0.050677, 0.603789, -0.795535, 0.020752, 0.795747, 0.605270),

              ["RightLowerArm"] = CFrame.new(0.000000, 0.078317, 0.023989, 1.000000, 0.000000, 0.000000, -0.000000, 0.754594, -0.656192, -0.000000, 0.656192, 0.754594),

              ["RightLowerLeg"] = CFrame.new(0.000000, -0.000021, 0.000003, 1.000000, -0.000000, -0.000000, -0.000000, 1.000000, -0.000008, -0.000000, -0.000011, 1.000000),

              ["RightUpperArm"] = CFrame.new(0.291058, -0.483869, 0.515780, 0.262750, -0.177157, 0.948461, 0.464018, 0.885062, 0.036770, -0.845961, 0.430442, 0.314755),

              ["RightUpperLeg"] = CFrame.new(-0.000000, -0.000000, -0.000000, 0.999920, -0.009516, -0.008391, 0.009015, 0.998283, -0.057879, 0.008927, 0.057806, 0.998288),

              ["UpperTorso"] = CFrame.new(-0.000000, 0.000000, -0.000000, 1.000000, -0.000006, -0.000059, 0.000001, 0.996236, -0.086682, 0.000059, 0.086682, 0.996236)

          }},

          {Time = 0.233, Data = {

              ["Head"] = CFrame.new(-0.000000, -0.000000, 0.000000, 0.973801, 0.227397, -0.001141, -0.226956, 0.972201, 0.057585, 0.014204, -0.055818, 0.998340),

              ["LeftFoot"] = CFrame.new(0.000000, 0.013931, -0.000003, 0.999808, -0.014987, -0.012619, 0.015880, 0.997131, 0.074006, 0.011473, -0.074192, 0.997178),

              ["LeftHand"] = CFrame.new(0.000495, 0.008282, 0.000000, 0.999945, 0.008897, -0.005641, -0.010062, 0.648102, -0.761490, -0.003119, 0.761501, 0.648152),

              ["LeftLowerArm"] = CFrame.new(-0.000500, 0.049512, 0.009103, 1.000000, -0.000000, -0.000000, 0.000000, 0.907333, -0.420413, 0.000000, 0.420413, 0.907333),

              ["LeftLowerLeg"] = CFrame.new(-0.000000, 0.070329, -0.017631, 1.000000, -0.000000, -0.000000, 0.000000, 0.819599, 0.572936, -0.000000, -0.572938, 0.819600),

              ["LeftUpperArm"] = CFrame.new(-0.199311, -0.452802, 0.430825, 0.370721, 0.069954, -0.926106, -0.492158, 0.860437, -0.132017, 0.787620, 0.504733, 0.353411),

              ["LeftUpperLeg"] = CFrame.new(0.000000, 0.000000, -0.000100, 0.999642, 0.004990, -0.026300, -0.014549, 0.925976, -0.377284, 0.022470, 0.377550, 0.925724),

              ["LowerTorso"] = CFrame.new(0.000007, -0.000006, -0.000608, 1.000000, -0.000018, 0.000516, -0.000015, 0.998042, 0.062548, -0.000516, -0.062548, 0.998042),

              ["RightFoot"] = CFrame.new(0.000000, -0.000020, -0.000103, 0.999923, 0.009510, 0.008007, -0.009506, 0.999955, -0.000491, -0.008011, 0.000426, 0.999968),

              ["RightHand"] = CFrame.new(-0.000491, 0.014552, 0.000000, 0.998133, -0.052642, 0.030984, 0.056596, 0.606197, -0.793301, 0.022979, 0.793570, 0.608041),

              ["RightLowerArm"] = CFrame.new(0.000001, 0.079150, 0.024537, 1.000000, 0.000000, 0.000000, -0.000000, 0.748931, -0.662648, -0.000000, 0.662648, 0.748931),

              ["RightLowerLeg"] = CFrame.new(0.000000, -0.000020, 0.000003, 1.000000, 0.000000, -0.000000, -0.000000, 1.000000, -0.000008, 0.000000, -0.000011, 1.000000),

              ["RightUpperArm"] = CFrame.new(0.293451, -0.484397, 0.516228, 0.257964, -0.181403, 0.948972, 0.465071, 0.884247, 0.042608, -0.846855, 0.430349, 0.312470),

              ["RightUpperLeg"] = CFrame.new(0.000000, -0.000000, -0.000000, 0.999918, -0.009521, -0.008527, 0.008973, 0.998028, -0.062124, 0.009102, 0.062050, 0.998032),

              ["UpperTorso"] = CFrame.new(0.000000, 0.000000, -0.000000, 1.000000, -0.000009, -0.000080, 0.000002, 0.996242, -0.086619, 0.000080, 0.086619, 0.996242)

          }},

          {Time = 0.267, Data = {

              ["Head"] = CFrame.new(-0.000000, 0.000000, -0.000000, 0.974041, 0.226366, -0.001593, -0.225902, 0.972448, 0.057572, 0.014582, -0.055717, 0.998340),

              ["LeftFoot"] = CFrame.new(0.000000, 0.013931, -0.000003, 0.999808, -0.014987, -0.012619, 0.015880, 0.997136, 0.073942, 0.011474, -0.074128, 0.997183),

              ["LeftHand"] = CFrame.new(0.000494, 0.008475, -0.000000, 0.999898, 0.012114, -0.007517, -0.013599, 0.652154, -0.757968, -0.004279, 0.757990, 0.652249),

              ["LeftLowerArm"] = CFrame.new(-0.000500, 0.050838, 0.009641, 1.000000, -0.000000, -0.000000, 0.000000, 0.901851, -0.432047, 0.000000, 0.432047, 0.901851),

              ["LeftLowerLeg"] = CFrame.new(0.000000, 0.070329, -0.017630, 1.000000, -0.000000, -0.000000, 0.000000, 0.819600, 0.572934, -0.000000, -0.572936, 0.819601),

              ["LeftUpperArm"] = CFrame.new(-0.200473, -0.453668, 0.430883, 0.368401, 0.075828, -0.926570, -0.493087, 0.860866, -0.125598, 0.788128, 0.503150, 0.354533),

              ["LeftUpperLeg"] = CFrame.new(-0.000000, 0.000000, -0.000100, 0.999638, 0.004936, -0.026445, -0.014633, 0.924640, -0.380542, 0.022574, 0.380809, 0.924386),

              ["LowerTorso"] = CFrame.new(0.000009, -0.000008, -0.000790, 1.000000, -0.000023, 0.000671, -0.000022, 0.997811, 0.066130, -0.000671, -0.066130, 0.997811),

              ["RightFoot"] = CFrame.new(-0.000000, -0.000018, -0.000103, 0.999923, 0.009510, 0.008007, -0.009505, 0.999955, -0.000640, -0.008013, 0.000574, 0.999968),

              ["RightHand"] = CFrame.new(-0.000490, 0.014745, -0.000000, 0.997793, -0.057228, 0.033661, 0.061580, 0.608185, -0.791406, 0.024818, 0.791730, 0.610363),

              ["RightLowerArm"] = CFrame.new(-0.000000, 0.079839, 0.024997, 1.000000, 0.000000, 0.000000, -0.000000, 0.744173, -0.667986, -0.000000, 0.667987, 0.744173),

              ["RightLowerLeg"] = CFrame.new(-0.000000, -0.000018, 0.000003, 1.000000, -0.000000, -0.000000, 0.000000, 1.000000, -0.000008, -0.000000, -0.000011, 1.000000),

              ["RightUpperArm"] = CFrame.new(0.295452, -0.484807, 0.516606, 0.253964, -0.184951, 0.949366, 0.465893, 0.883565, 0.047502, -0.847612, 0.430239, 0.310561),

              ["RightUpperLeg"] = CFrame.new(0.000000, -0.000000, -0.000000, 0.999917, -0.009526, -0.008684, 0.008937, 0.997808, -0.065557, 0.009290, 0.065482, 0.997811),

              ["UpperTorso"] = CFrame.new(0.000000, 0.000000, 0.000000, 1.000000, -0.000011, -0.000104, 0.000002, 0.996248, -0.086547, 0.000104, 0.086547, 0.996248)

          }},

          {Time = 0.300, Data = {

              ["Head"] = CFrame.new(0.000000, 0.000000, -0.000000, 0.974349, 0.225035, -0.001919, -0.224554, 0.972760, 0.057562, 0.014820, -0.055654, 0.998340),

              ["LeftFoot"] = CFrame.new(-0.000000, 0.013931, -0.000003, 0.999808, -0.014986, -0.012619, 0.015879, 0.997142, 0.073870, 0.011475, -0.074056, 0.997188),

              ["LeftHand"] = CFrame.new(0.000495, 0.008613, -0.000000, 0.999860, 0.014282, -0.008782, -0.015991, 0.655106, -0.755371, -0.005035, 0.755402, 0.655239),

              ["LeftLowerArm"] = CFrame.new(-0.000500, 0.051787, 0.010038, 1.000000, -0.000000, -0.000000, 0.000000, 0.897810, -0.440383, 0.000000, 0.440383, 0.897810),

              ["LeftLowerLeg"] = CFrame.new(0.000000, 0.070329, -0.017630, 1.000000, -0.000000, -0.000000, 0.000000, 0.819603, 0.572931, -0.000000, -0.572932, 0.819604),

              ["LeftUpperArm"] = CFrame.new(-0.201282, -0.454440, 0.430836, 0.366788, 0.080023, -0.926856, -0.493727, 0.861153, -0.121033, 0.788480, 0.502008, 0.355370),

              ["LeftUpperLeg"] = CFrame.new(0.000000, -0.000000, -0.000100, 0.999634, 0.004875, -0.026608, -0.014691, 0.923752, -0.382691, 0.022714, 0.382961, 0.923493),

              ["LowerTorso"] = CFrame.new(0.000011, -0.000011, -0.000994, 1.000000, -0.000029, 0.000847, -0.000029, 0.997649, 0.068527, -0.000847, -0.068527, 0.997649),

              ["RightFoot"] = CFrame.new(0.000000, -0.000016, -0.000103, 0.999923, 0.009510, 0.008008, -0.009504, 0.999955, -0.000807, -0.008014, 0.000741, 0.999968),

              ["RightHand"] = CFrame.new(-0.000490, 0.014881, 0.000000, 0.997537, -0.060466, 0.035551, 0.065106, 0.609577, -0.790051, 0.026100, 0.790417, 0.612009),

              ["RightLowerArm"] = CFrame.new(-0.000000, 0.080321, 0.025323, 1.000000, 0.000000, 0.000000, -0.000000, 0.740805, -0.671719, -0.000000, 0.671720, 0.740806),

              ["RightLowerLeg"] = CFrame.new(-0.000000, -0.000015, 0.000003, 1.000000, -0.000000, -0.000000, -0.000000, 1.000000, -0.000008, 0.000000, -0.000011, 1.000000),

              ["RightUpperArm"] = CFrame.new(0.296844, -0.485054, 0.516885, 0.251180, -0.187463, 0.949614, 0.466387, 0.883111, 0.050973, -0.848170, 0.430084, 0.309251),

              ["RightUpperLeg"] = CFrame.new(0.000000, -0.000000, -0.000000, 0.999915, -0.009532, -0.008861, 0.008910, 0.997659, -0.067788, 0.009487, 0.067711, 0.997660),

              ["UpperTorso"] = CFrame.new(-0.000000, -0.000000, -0.000000, 1.000000, -0.000014, -0.000131, 0.000003, 0.996255, -0.086466, 0.000132, 0.086466, 0.996255)

          }},

          {Time = 0.333, Data = {

              ["Head"] = CFrame.new(0.000000, -0.000000, -0.000000, 0.974733, 0.223364, -0.002073, -0.222878, 0.973146, 0.057556, 0.014874, -0.055640, 0.998340),

              ["LeftFoot"] = CFrame.new(0.000000, 0.013931, -0.000003, 0.999808, -0.014986, -0.012619, 0.015878, 0.997148, 0.073790, 0.011476, -0.073975, 0.997194),

              ["LeftHand"] = CFrame.new(0.000494, 0.008682, 0.000000, 0.999844, 0.015041, -0.009224, -0.016835, 0.656661, -0.754001, -0.005284, 0.754036, 0.656808),

              ["LeftLowerArm"] = CFrame.new(-0.000500, 0.052257, 0.010237, 1.000000, -0.000000, -0.000000, 0.000000, 0.895780, -0.444499, 0.000000, 0.444499, 0.895780),

              ["LeftLowerLeg"] = CFrame.new(-0.000000, 0.070329, -0.017630, 1.000000, -0.000000, -0.000000, 0.000000, 0.819604, 0.572929, -0.000000, -0.572931, 0.819605),

              ["LeftUpperArm"] = CFrame.new(-0.201612, -0.455073, 0.430660, 0.366136, 0.082036, -0.926938, -0.493986, 0.861303, -0.118894, 0.788621, 0.501426, 0.355879),

              ["LeftUpperLeg"] = CFrame.new(-0.000000, 0.000000, -0.000100, 0.999630, 0.004807, -0.026790, -0.014716, 0.923467, -0.383377, 0.022897, 0.383647, 0.923204),

              ["LowerTorso"] = CFrame.new(0.000014, -0.000014, -0.001221, 0.999999, -0.000035, 0.001042, -0.000037, 0.997593, 0.069350, -0.001042, -0.069350, 0.997592),

              ["RightFoot"] = CFrame.new(0.000000, -0.000014, -0.000103, 0.999923, 0.009510, 0.008008, -0.009502, 0.999954, -0.000992, -0.008016, 0.000926, 0.999968),

              ["RightHand"] = CFrame.new(-0.000490, 0.014942, -0.000000, 0.997421, -0.061879, 0.036376, 0.066647, 0.610204, -0.789439, 0.026653, 0.789824, 0.612750),

              ["RightLowerArm"] = CFrame.new(-0.000000, 0.080533, 0.025467, 1.000000, 0.000000, 0.000000, -0.000000, 0.739312, -0.673363, -0.000000, 0.673364, 0.739312),

              ["RightLowerLeg"] = CFrame.new(0.000000, -0.000013, 0.000003, 1.000000, 0.000000, -0.000000, -0.000000, 1.000000, -0.000007, -0.000000, -0.000011, 1.000000),

              ["RightUpperArm"] = CFrame.new(0.297410, -0.485090, 0.517032, 0.250047, -0.188607, 0.949686, 0.466460, 0.882980, 0.052544, -0.848464, 0.429852, 0.308764),

              ["RightUpperLeg"] = CFrame.new(-0.000000, 0.000000, -0.000000, 0.999914, -0.009538, -0.009058, 0.008897, 0.997616, -0.068426, 0.009689, 0.068347, 0.997615),

              ["UpperTorso"] = CFrame.new(-0.000000, 0.000000, 0.000000, 1.000000, -0.000018, -0.000161, 0.000004, 0.996263, -0.086375, 0.000162, 0.086375, 0.996263)

          }},

          {Time = 0.367, Data = {

              ["Head"] = CFrame.new(-0.000000, 0.000000, 0.000000, 0.975860, 0.218388, -0.002037, -0.217912, 0.974270, 0.057558, 0.014555, -0.055725, 0.998340),

              ["LeftFoot"] = CFrame.new(0.000000, 0.013931, -0.000003, 0.999808, -0.014986, -0.012618, 0.015876, 0.997154, 0.073702, 0.011477, -0.073888, 0.997200),

              ["LeftHand"] = CFrame.new(0.000494, 0.008711, -0.000000, 0.999846, 0.014974, -0.009185, -0.016766, 0.657448, -0.753317, -0.005242, 0.753351, 0.657594),

              ["LeftLowerArm"] = CFrame.new(-0.000500, 0.052458, 0.010324, 1.000000, -0.000000, -0.000000, 0.000000, 0.894901, -0.446265, 0.000000, 0.446265, 0.894901),

              ["LeftLowerLeg"] = CFrame.new(-0.000000, 0.070328, -0.017630, 1.000000, -0.000000, -0.000000, 0.000000, 0.819606, 0.572926, -0.000000, -0.572928, 0.819607),

              ["LeftUpperArm"] = CFrame.new(-0.201664, -0.455644, 0.430397, 0.366043, 0.082821, -0.926905, -0.494024, 0.861386, -0.118127, 0.788640, 0.501153, 0.356220),

              ["LeftUpperLeg"] = CFrame.new(0.000000, 0.000000, -0.000100, 0.999624, 0.004734, -0.026990, -0.014721, 0.923540, -0.383200, 0.023112, 0.383472, 0.923271),

              ["LowerTorso"] = CFrame.new(0.000017, -0.000016, -0.001469, 0.999999, -0.000042, 0.001256, -0.000045, 0.997599, 0.069250, -0.001256, -0.069250, 0.997599),

              ["RightFoot"] = CFrame.new(-0.000000, -0.000012, -0.000103, 0.999923, 0.009510, 0.008008, -0.009501, 0.999954, -0.001195, -0.008018, 0.001130, 0.999967),

              ["RightHand"] = CFrame.new(-0.000490, 0.014958, -0.000000, 0.997391, -0.062238, 0.036586, 0.067040, 0.610397, -0.789257, 0.026790, 0.789647, 0.612973),

              ["RightLowerArm"] = CFrame.new(0.000000, 0.080593, 0.025507, 1.000000, 0.000000, 0.000000, -0.000000, 0.738897, -0.673818, -0.000000, 0.673819, 0.738897),

              ["RightLowerLeg"] = CFrame.new(0.000000, -0.000012, 0.000003, 1.000000, 0.000000, -0.000000, -0.000000, 1.000000, -0.000008, 0.000000, -0.000011, 1.000000),

              ["RightUpperArm"] = CFrame.new(0.297496, -0.485002, 0.517106, 0.249874, -0.188970, 0.949659, 0.466283, 0.883045, 0.053026, -0.848612, 0.429560, 0.308764),

              ["RightUpperLeg"] = CFrame.new(0.000000, 0.000000, -0.000000, 0.999912, -0.009544, -0.009274, 0.008890, 0.997637, -0.068124, 0.009902, 0.068043, 0.997634),

              ["UpperTorso"] = CFrame.new(0.000000, 0.000000, -0.000000, 1.000000, -0.000021, -0.000194, 0.000005, 0.996271, -0.086276, 0.000195, 0.086276, 0.996271)

          }},

          {Time = 0.400, Data = {

              ["Head"] = CFrame.new(0.000000, 0.000000, 0.000000, 0.978114, 0.208064, -0.001844, -0.207615, 0.976515, 0.057567, 0.013778, -0.055924, 0.998340),

              ["LeftFoot"] = CFrame.new(-0.000000, 0.013930, -0.000003, 0.999808, -0.014986, -0.012618, 0.015875, 0.997161, 0.073607, 0.011479, -0.073793, 0.997207),

              ["LeftHand"] = CFrame.new(0.000494, 0.008743, -0.000000, 0.999847, 0.014902, -0.009143, -0.016693, 0.658301, -0.752573, -0.005196, 0.752607, 0.658445),

              ["LeftLowerArm"] = CFrame.new(-0.000500, 0.052677, 0.010418, 1.000000, -0.000000, -0.000000, 0.000000, 0.893944, -0.448178, 0.000000, 0.448179, 0.893944),

              ["LeftLowerLeg"] = CFrame.new(-0.000000, 0.070328, -0.017630, 1.000000, -0.000000, -0.000000, 0.000000, 0.819607, 0.572924, -0.000000, -0.572926, 0.819609),

              ["LeftUpperArm"] = CFrame.new(-0.201721, -0.456265, 0.430111, 0.365942, 0.083671, -0.926869, -0.494066, 0.861476, -0.117296, 0.788661, 0.500858, 0.356589),

              ["LeftUpperLeg"] = CFrame.new(0.000000, 0.000000, -0.000100, 0.999619, 0.004654, -0.027208, -0.014726, 0.923620, -0.383010, 0.023347, 0.383282, 0.923344),

              ["LowerTorso"] = CFrame.new(0.000020, -0.000019, -0.001738, 0.999999, -0.000050, 0.001489, -0.000053, 0.997607, 0.069142, -0.001489, -0.069142, 0.997606),

              ["RightFoot"] = CFrame.new(0.000000, -0.000010, -0.000103, 0.999923, 0.009510, 0.008008, -0.009499, 0.999954, -0.001416, -0.008020, 0.001350, 0.999967),

              ["RightHand"] = CFrame.new(-0.000490, 0.014977, 0.000000, 0.997358, -0.062629, 0.036814, 0.067467, 0.610606, -0.789058, 0.026939, 0.789454, 0.613214),

              ["RightLowerArm"] = CFrame.new(-0.000000, 0.080656, 0.025550, 1.000000, 0.000000, 0.000000, -0.000000, 0.738447, -0.674311, -0.000000, 0.674312, 0.738447),

              ["RightLowerLeg"] = CFrame.new(0.000000, -0.000010, 0.000003, 1.000000, 0.000000, -0.000000, -0.000000, 1.000000, -0.000007, 0.000000, -0.000011, 1.000000),

              ["RightUpperArm"] = CFrame.new(0.297590, -0.484906, 0.517187, 0.249687, -0.189363, 0.949630, 0.466090, 0.883115, 0.053551, -0.848774, 0.429243, 0.308763),

              ["RightUpperLeg"] = CFrame.new(0.000000, 0.000000, -0.000000, 0.999909, -0.009550, -0.009509, 0.008884, 0.997659, -0.067796, 0.010135, 0.067712, 0.997654),

              ["UpperTorso"] = CFrame.new(-0.000000, 0.000000, -0.000000, 1.000000, -0.000026, -0.000230, 0.000006, 0.996281, -0.086167, 0.000232, 0.086167, 0.996281)

          }},

          {Time = 0.433, Data = {

              ["Head"] = CFrame.new(-0.000000, 0.000000, -0.000000, 0.981052, 0.193741, -0.001531, -0.193333, 0.979442, 0.057585, 0.012657, -0.056198, 0.998339),

              ["LeftFoot"] = CFrame.new(0.000000, 0.013931, -0.000003, 0.999808, -0.014986, -0.012618, 0.015874, 0.997169, 0.073505, 0.011480, -0.073691, 0.997215),

              ["LeftHand"] = CFrame.new(0.000494, 0.008777, -0.000000, 0.999849, 0.014825, -0.009096, -0.016614, 0.659220, -0.751770, -0.005148, 0.751804, 0.659363),

              ["LeftLowerArm"] = CFrame.new(-0.000500, 0.052910, 0.010519, 1.000000, -0.000000, -0.000000, 0.000000, 0.892909, -0.450237, 0.000000, 0.450237, 0.892909),

              ["LeftLowerLeg"] = CFrame.new(0.000000, 0.070327, -0.017629, 1.000000, -0.000000, -0.000000, 0.000000, 0.819609, 0.572921, -0.000000, -0.572923, 0.819610),

              ["LeftUpperArm"] = CFrame.new(-0.201784, -0.456937, 0.429802, 0.365831, 0.084585, -0.926829, -0.494111, 0.861571, -0.116402, 0.788684, 0.500540, 0.356985),

              ["LeftUpperLeg"] = CFrame.new(0.000000, 0.000000, -0.000100, 0.999613, 0.004568, -0.027443, -0.014731, 0.923705, -0.382803, 0.023601, 0.383078, 0.923422),

              ["LowerTorso"] = CFrame.new(0.000023, -0.000023, -0.002029, 0.999999, -0.000058, 0.001741, -0.000062, 0.997615, 0.069025, -0.001741, -0.069025, 0.997613),

              ["RightFoot"] = CFrame.new(0.000000, -0.000008, -0.000103, 0.999923, 0.009510, 0.008008, -0.009497, 0.999954, -0.001654, -0.008023, 0.001589, 0.999967),

              ["RightHand"] = CFrame.new(-0.000490, 0.014996, -0.000000, 0.997322, -0.063050, 0.037060, 0.067929, 0.610831, -0.788845, 0.027099, 0.789247, 0.613474),

              ["RightLowerArm"] = CFrame.new(0.000000, 0.080726, 0.025597, 1.000000, 0.000000, 0.000000, -0.000000, 0.737962, -0.674841, -0.000000, 0.674842, 0.737963),

              ["RightLowerLeg"] = CFrame.new(0.000000, -0.000007, 0.000003, 1.000000, -0.000000, 0.000000, -0.000000, 1.000000, -0.000008, 0.000000, -0.000011, 1.000000),

              ["RightUpperArm"] = CFrame.new(0.297692, -0.484801, 0.517274, 0.249484, -0.189786, 0.949599, 0.465882, 0.883191, 0.054115, -0.848948, 0.428900, 0.308761),

              ["RightUpperLeg"] = CFrame.new(0.000000, -0.000000, -0.000000, 0.999907, -0.009556, -0.009764, 0.008877, 0.997683, -0.067441, 0.010386, 0.067355, 0.997676),

              ["UpperTorso"] = CFrame.new(0.000000, 0.000000, 0.000000, 1.000000, -0.000030, -0.000269, 0.000007, 0.996291, -0.086050, 0.000271, 0.086050, 0.996291)

          }},

          {Time = 0.467, Data = {

              ["Head"] = CFrame.new(-0.000000, -0.000000, -0.000000, 0.984250, 0.176777, -0.001138, -0.176419, 0.982628, 0.057615, 0.011303, -0.056506, 0.998338),

              ["LeftFoot"] = CFrame.new(0.000000, 0.013930, -0.000003, 0.999808, -0.014986, -0.012618, 0.015872, 0.997177, 0.073396, 0.011482, -0.073582, 0.997223),

              ["LeftHand"] = CFrame.new(0.000494, 0.008814, -0.000000, 0.999851, 0.014741, -0.009047, -0.016528, 0.660204, -0.750908, -0.005096, 0.750942, 0.660345),

              ["LeftLowerArm"] = CFrame.new(-0.000500, 0.053161, 0.010628, 1.000000, -0.000000, -0.000000, 0.000000, 0.891796, -0.452439, 0.000000, 0.452439, 0.891796),

              ["LeftLowerLeg"] = CFrame.new(-0.000000, 0.070327, -0.017629, 1.000000, -0.000000, -0.000000, 0.000000, 0.819612, 0.572918, -0.000000, -0.572919, 0.819613),

              ["LeftUpperArm"] = CFrame.new(-0.201853, -0.457658, 0.429469, 0.365714, 0.085562, -0.926786, -0.494159, 0.861672, -0.115445, 0.788708, 0.500200, 0.357407),

              ["LeftUpperLeg"] = CFrame.new(0.000000, -0.000000, -0.000100, 0.999606, 0.004476, -0.027696, -0.014737, 0.923796, -0.382582, 0.023874, 0.382858, 0.923506),

              ["LowerTorso"] = CFrame.new(0.000027, -0.000026, -0.002340, 0.999998, -0.000067, 0.002012, -0.000072, 0.997624, 0.068900, -0.002012, -0.068900, 0.997622),

              ["RightFoot"] = CFrame.new(0.000000, -0.000005, -0.000103, 0.999923, 0.009511, 0.008008, -0.009496, 0.999953, -0.001909, -0.008025, 0.001844, 0.999966),

              ["RightHand"] = CFrame.new(-0.000490, 0.015017, -0.000000, 0.997284, -0.063503, 0.037324, 0.068425, 0.611072, -0.788615, 0.027271, 0.789024, 0.613754),

              ["RightLowerArm"] = CFrame.new(0.000000, 0.080800, 0.025648, 1.000000, 0.000000, 0.000000, -0.000000, 0.737441, -0.675411, -0.000000, 0.675411, 0.737442),

              ["RightLowerLeg"] = CFrame.new(-0.000000, -0.000005, 0.000004, 1.000000, -0.000000, -0.000000, -0.000000, 1.000000, -0.000008, 0.000000, -0.000011, 1.000000),

              ["RightUpperArm"] = CFrame.new(0.297800, -0.484690, 0.517367, 0.249268, -0.190242, 0.949565, 0.465658, 0.883271, 0.054722, -0.849134, 0.428533, 0.308759),

              ["RightUpperLeg"] = CFrame.new(-0.000000, -0.000000, -0.000000, 0.999904, -0.009563, -0.010037, 0.008869, 0.997709, -0.067060, 0.010656, 0.066973, 0.997698),

              ["UpperTorso"] = CFrame.new(0.000000, -0.000000, -0.000000, 1.000000, -0.000035, -0.000311, 0.000008, 0.996302, -0.085924, 0.000313, 0.085924, 0.996302)

          }},

          {Time = 0.500, Data = {

              ["Head"] = CFrame.new(-0.000000, 0.000000, -0.000000, 0.987351, 0.158549, -0.000702, -0.158246, 0.985715, 0.057654, 0.009833, -0.056814, 0.998336),

              ["LeftFoot"] = CFrame.new(-0.000000, 0.013931, -0.000003, 0.999808, -0.014986, -0.012618, 0.015871, 0.997185, 0.073281, 0.011484, -0.073466, 0.997231),

              ["LeftHand"] = CFrame.new(0.000494, 0.008853, 0.000000, 0.999852, 0.014652, -0.008995, -0.016437, 0.661249, -0.749990, -0.005041, 0.750023, 0.661389),

              ["LeftLowerArm"] = CFrame.new(-0.000500, 0.053428, 0.010745, 1.000000, -0.000000, -0.000000, 0.000000, 0.890606, -0.454776, 0.000000, 0.454776, 0.890606),

              ["LeftLowerLeg"] = CFrame.new(-0.000000, 0.070327, -0.017629, 1.000000, -0.000000, -0.000000, 0.000000, 0.819614, 0.572914, -0.000000, -0.572916, 0.819615),

              ["LeftUpperArm"] = CFrame.new(-0.201928, -0.458426, 0.429113, 0.365587, 0.086600, -0.926740, -0.494210, 0.861778, -0.114430, 0.788734, 0.499839, 0.357854),

