return {
["gyat slap 2"] = {
        {Time = 0.000, Data = {
            ["Head"] = CFrame.new(-4.9476511776447296e-10, -4.76837158203125e-07, 8.7311491370201111e-11, 0.99479919672012329, -0.0068670320324599743, 0.10162412375211716, -0.0010091573931276798, 0.99701130390167236, 0.07724955677986145, -0.10185087472200394, -0.076950356364250183, 0.99181908369064331),
            ["LeftFoot"] = CFrame.new(-6.5338099375367165e-08, 0.002953648567199707, -3.0545052140951157e-06, 0.99695438146591187, -0.059670817106962204, -0.050212930887937546, 0.057437647134065628, 0.99734336137771606, -0.044800743460655212, 0.052752833813428879, 0.041780181229114532, 0.99773323535919189),
            ["LeftHand"] = CFrame.new(0.00050259329145774245, -0.0042281746864318848, -8.1199686974287033e-09, 0.99298155307769775, -0.10252527147531509, 0.058959044516086578, 0.10843773931264877, 0.98823827505111694, -0.10782542079687119, -0.047210752964019775, 0.11346203833818436, 0.9924200177192688),
            ["LeftLowerArm"] = CFrame.new(-0.00049939751625061035, -0.0044225454330444336, 2.3357570171356201e-05, 1, 0, 0, 0, 1, 0, 0, 0, 1),
            ["LeftLowerLeg"] = CFrame.new(-9.1968104243278503e-08, 0.012640118598937988, -0.00031372532248497009, 1, -0, 0, 0, 0.99561393260955811, 0.09355664998292923, -0, -0.09355664998292923, 0.99561393260955811),
            ["LeftUpperArm"] = CFrame.new(-0.0035283565521240234, -0.051602005958557129, -0.029209719970822334, 0.99294596910476685, 0.094749376177787781, 0.071279942989349365, -0.10319386422634125, 0.98664760589599609, 0.12600582838058472, -0.058389216661453247, -0.13247263431549072, 0.98946535587310791),
            ["LeftUpperLeg"] = CFrame.new(-5.9604644775390625e-08, -8.754432201385498e-08, -9.9988566944375634e-05, 0.99350863695144653, 0.10451957583427429, 0.044903188943862915, -0.10207632184028625, 0.99332928657531738, -0.053641006350517273, -0.050210185348987579, 0.04870925098657608, 0.99755018949508667),
            ["LowerTorso"] = CFrame.new(0.017029577866196632, 0.00036263465881347656, 1.7763572629167241e-16, 0.99909448623657227, -0.042547117918729782, 0, 0.042547117918729782, 0.99909448623657227, 0, 0, 0, 1),
            ["RightFoot"] = CFrame.new(3.480818122625351e-08, -0.012129604816436768, -0.00010325264156563208, 0.99723690748214722, 0.056821513921022415, 0.047852851450443268, -0.057216379791498184, 0.99833780527114868, 0.0069216969422996044, -0.047380007803440094, -0.0096405381336808205, 0.99883043766021729),
            ["RightHand"] = CFrame.new(-0.00049647688865661621, 0.0055568814277648926, -8.9406967163085938e-08, 0.9239501953125, 0.33062484860420227, -0.19236217439174652, -0.32495233416557312, 0.94374382495880127, 0.061266481876373291, 0.20179684460163116, 0.0059013646095991135, 0.97940963506698608),
            ["RightLowerArm"] = CFrame.new(-1.7881393432617188e-07, 0.06174778938293457, 0.01752152293920517, 1, 0, 0, 0, 0.8229256272315979, -0.56814908981323242, 0, 0.56814908981323242, 0.8229256272315979),
            ["RightLowerLeg"] = CFrame.new(-1.4872057363390923e-08, -0.012086749076843262, -0.00015651312423869967, 1, 0, 0, 0, 1, 0, 0, 0, 1),
            ["RightUpperArm"] = CFrame.new(0.24842584133148193, -0.73705720901489258, 0.023185523226857185, 0.6293255090713501, -0.63835436105728149, 0.4432302713394165, 0.50020021200180054, 0.76921349763870239, 0.39763092994689941, -0.59476816654205322, -0.028535425662994385, 0.80339062213897705),
            ["RightUpperLeg"] = CFrame.new(5.9604644775390625e-08, -1.862645149230957e-09, -4.6886270865797997e-08, 0.99875134229660034, -0.014672918245196342, -0.047753937542438507, 0.014322027564048767, 0.99986791610717773, -0.0076817930676043034, 0.047860346734523773, 0.0069882678799331188, 0.99882960319519043),
            ["UpperTorso"] = CFrame.new(0, 0, 4.4408920985006262e-16, 0.99198037385940552, 0.041091740131378174, -0.11952553689479828, -0.042299218475818634, 0.999076247215271, -0.007581762969493866, 0.11910358071327209, 0.012576796114444733, 0.9928022027015686)
        }},
        {Time = 0.017, Data = {
            ["Head"] = CFrame.new(2.3283064365386963e-10, 1.1920928955078125e-07, -6.5483618527650833e-10, 0.99624055624008179, -0.0058664074167609215, 0.086430929601192474, -0.00035055051557719707, 0.99742335081100464, 0.071739658713340759, -0.08662908524274826, -0.071500256657600403, 0.99367153644561768),
            ["LeftFoot"] = CFrame.new(-6.5338099375367165e-08, 0.002953648567199707, -3.0545052140951157e-06, 0.99695438146591187, -0.059670817106962204, -0.050212930887937546, 0.057437647134065628, 0.99734336137771606, -0.044800743460655212, 0.052752833813428879, 0.041780181229114532, 0.99773323535919189),
            ["LeftHand"] = CFrame.new(0.00050182058475911617, -0.0028213262557983398, -5.4315023589879274e-08, 0.99310415983200073, -0.1016419380903244, 0.058421634137630463, 0.10697916150093079, 0.98952233791351318, -0.096958473324775696, -0.047954469919204712, 0.10253976285457611, 0.99357235431671143),
            ["LeftLowerArm"] = CFrame.new(-0.00049993395805358887, -0.0030179619789123535, 1.5802681446075439e-05, 1, 0, 0, 0, 1, 0, 0, 0, 1),
            ["LeftLowerLeg"] = CFrame.new(-9.1968104243278503e-08, 0.012640118598937988, -0.00031372532248497009, 1, -0, 0, 0, 0.99561393260955811, 0.09355664998292923, -0, -0.09355664998292923, 0.99561393260955811),
            ["LeftUpperArm"] = CFrame.new(-0.0031087398529052734, -0.051250338554382324, -0.021740786731243134, 0.99378055334091187, 0.096960939466953278, 0.054761573672294617, -0.10250494629144669, 0.98866969347000122, 0.1096586138010025, -0.043508507311344147, -0.11458992958068848, 0.99245965480804443),
            ["LeftUpperLeg"] = CFrame.new(-5.9604644775390625e-08, -8.754432201385498e-08, -9.9988566944375634e-05, 0.99350863695144653, 0.10451957583427429, 0.044903188943862915, -0.10207632184028625, 0.99332928657531738, -0.053641006350517273, -0.050210185348987579, 0.04870925098657608, 0.99755018949508667),
            ["LowerTorso"] = CFrame.new(0.017029577866196632, 0.00036263465881347656, 1.7763572629167241e-16, 0.99909448623657227, -0.042547117918729782, 0, 0.042547117918729782, 0.99909448623657227, 0, 0, 0, 1),
            ["RightFoot"] = CFrame.new(3.480818122625351e-08, -0.012129604816436768, -0.00010325264156563208, 0.99723690748214722, 0.056821513921022415, 0.047852851450443268, -0.057216379791498184, 0.99833780527114868, 0.0069216969422996044, -0.047380007803440094, -0.0096405381336808205, 0.99883043766021729),
            ["RightHand"] = CFrame.new(-0.00049655139446258545, 0.0047200918197631836, -2.6111956685781479e-07, 0.92613422870635986, 0.3260129988193512, -0.18971261382102966, -0.34978011250495911, 0.9305310845375061, -0.10847004503011703, 0.14117085933685303, 0.16681551933288574, 0.9758296012878418),
            ["RightLowerArm"] = CFrame.new(-2.9802322387695312e-07, 0.058710575103759766, 0.01600705087184906, 1, 0, 0, 0, 0.83839434385299683, -0.54506415128707886, 0, 0.54506415128707886, 0.83839434385299683),
            ["RightLowerLeg"] = CFrame.new(-1.4872057363390923e-08, -0.012086749076843262, -0.00015651312423869967, 1, 0, 0, 0, 1, 0, 0, 0, 1),
            ["RightUpperArm"] = CFrame.new(0.24126029014587402, -0.90330111980438232, -0.0092392656952142715, 0.53397893905639648, -0.71941697597503662, 0.44419115781784058, 0.55508041381835938, 0.69457507133483887, 0.45765843987464905, -0.63777130842208862, 0.0021818280220031738, 0.77022266387939453),
            ["RightUpperLeg"] = CFrame.new(5.9604644775390625e-08, -1.862645149230957e-09, -4.6886270865797997e-08, 0.99875134229660034, -0.014672918245196342, -0.047753937542438507, 0.014322027564048767, 0.99986791610717773, -0.0076817930676043034, 0.047860346734523773, 0.0069882678799331188, 0.99882960319519043),
            ["UpperTorso"] = CFrame.new(0, 0, 4.4408920985006262e-16, 0.99379611015319824, 0.04128829762339592, -0.10326912254095078, -0.041796702891588211, 0.99912232160568237, -0.0027631188277155161, 0.1030643954873085, 0.0070622861385345459, 0.99464958906173706)
        }},
        {Time = 0.033, Data = {
            ["Head"] = CFrame.new(-1.0186340659856796e-10, -2.384185791015625e-07, -3.4924596548080444e-10, 0.99754589796066284, -0.004969300702214241, 0.069838732481002808, 0.00037649902515113354, 0.99784445762634277, 0.065622821450233459, -0.070014283061027527, -0.065435484051704407, 0.99539750814437866),
            ["LeftFoot"] = CFrame.new(-6.5338099375367165e-08, 0.002953648567199707, -3.0545052140951157e-06, 0.99695438146591187, -0.059670817106962204, -0.050212930887937546, 0.057437647134065628, 0.99734336137771606, -0.044800743460655212, 0.052752833813428879, 0.041780181229114532, 0.99773323535919189),
            ["LeftHand"] = CFrame.new(0.00050082063535228372, -0.0014619231224060059, -4.4883563532494009e-08, 0.99320703744888306, -0.10086621344089508, 0.058014940470457077, 0.10558150708675385, 0.99077516794204712, -0.084953248500823975, -0.048910852521657944, 0.090501472353935242, 0.99469453096389771),
            ["LeftLowerArm"] = CFrame.new(-0.000499725341796875, -0.0016601681709289551, 8.4191560745239258e-06, 1, 0, 0, 0, 1, 0, 0, 0, 1),
            ["LeftLowerLeg"] = CFrame.new(-9.1968104243278503e-08, 0.012640118598937988, -0.00031372532248497009, 1, -0, 0, 0, 0.99561393260955811, 0.09355664998292923, -0, -0.09355664998292923, 0.99561393260955811),
            ["LeftUpperArm"] = CFrame.new(-0.0027914047241210938, -0.050999045372009277, -0.013515948317945004, 0.99441862106323242, 0.098997980356216431, 0.0364823117852211, -0.10197579860687256, 0.99055606126785278, 0.091649502515792847, -0.02706465870141983, -0.094858288764953613, 0.99512279033660889),
            ["LeftUpperLeg"] = CFrame.new(-5.9604644775390625e-08, -8.754432201385498e-08, -9.9988566944375634e-05, 0.99350863695144653, 0.10451957583427429, 0.044903188943862915, -0.10207632184028625, 0.99332928657531738, -0.053641006350517273, -0.050210185348987579, 0.04870925098657608, 0.99755018949508667),
            ["LowerTorso"] = CFrame.new(0.017029577866196632, 0.00036263465881347656, 1.7763572629167241e-16, 0.99909448623657227, -0.042547117918729782, 0, 0.042547117918729782, 0.99909448623657227, 0, 0, 0, 1),
            ["RightFoot"] = CFrame.new(3.480818122625351e-08, -0.012129604816436768, -0.00010325264156563208, 0.99723690748214722, 0.056821513921022415, 0.047852851450443268, -0.057216379791498184, 0.99833780527114868, 0.0069216969422996044, -0.047380007803440094, -0.0096405381336808205, 0.99883043766021729),
            ["RightHand"] = CFrame.new(-0.0004971921443939209, 0.0039243102073669434, -1.1920928955078125e-07, 0.94607287645339966, 0.28003659844398499, -0.16286684572696686, -0.31641355156898499, 0.90662074089050293, -0.27914392948150635, 0.06948794424533844, 0.31562376022338867, 0.94633662700653076),
            ["RightLowerArm"] = CFrame.new(0, 0.054396390914916992, 0.013790726661682129, 1, 0, 0, 0, 0.86086457967758179, -0.50883424282073975, 0, 0.50883424282073975, 0.86086457967758179),
            ["RightLowerLeg"] = CFrame.new(-1.4872057363390923e-08, -0.012086749076843262, -0.00015651312423869967, 1, 0, 0, 0, 1, 0, 0, 0, 1),
            ["RightUpperArm"] = CFrame.new(0.19464993476867676, -1.0457981824874878, -0.043437011539936066, 0.45563489198684692, -0.76295894384384155, 0.45857444405555725, 0.57498115301132202, 0.64551889896392822, 0.50269472599029541, -0.67955392599105835, 0.034626394510269165, 0.73280793428421021),
            ["RightUpperLeg"] = CFrame.new(5.9604644775390625e-08, -1.862645149230957e-09, -4.6886270865797997e-08, 0.99875134229660034, -0.014672918245196342, -0.047753937542438507, 0.014322027564048767, 0.99986791610717773, -0.0076817930676043034, 0.047860346734523773, 0.0069882678799331188, 0.99882960319519043),
            ["UpperTorso"] = CFrame.new(0, 0, 4.4408920985006262e-16, 0.99548619985580444, 0.04133109375834465, -0.085434243083000183, -0.041272018104791641, 0.99914491176605225, 0.0024583665654063225, 0.085462793707847595, 0.0010787737555801868, 0.99634075164794922)
        }},
        {Time = 0.050, Data = {
            ["Head"] = CFrame.new(1.7462298274040222e-10, 0, 2.3283064365386963e-10, 0.99863743782043457, -0.0041291364468634129, 0.052021380513906479, 0.0010461560450494289, 0.99824845790863037, 0.05915210023522377, -0.052174512296915054, -0.059017080813646317, 0.99689257144927979),
            ["LeftFoot"] = CFrame.new(-6.5338099375367165e-08, 0.002953648567199707, -3.0545052140951157e-06, 0.99695438146591187, -0.059670817106962204, -0.050212930887937546, 0.057437647134065628, 0.99734336137771606, -0.044800743460655212, 0.052752833813428879, 0.041780181229114532, 0.99773323535919189),
            ["LeftHand"] = CFrame.new(0.00050025898963212967, -0.00021409988403320312, -7.9595338320359588e-08, 0.99329984188079834, -0.10019993782043457, 0.057579789310693741, 0.10424055159091949, 0.99193698167800903, -0.072075590491294861, -0.049893554300069809, 0.0775948166847229, 0.995735764503479),
            ["LeftLowerArm"] = CFrame.new(-0.00049987435340881348, -0.00041335821151733398, 1.5981495380401611e-06, 1, 0, 0, 0, 1, 0, 0, 0, 1),
            ["LeftLowerLeg"] = CFrame.new(-9.1968104243278503e-08, 0.012640118598937988, -0.00031372532248497009, 1, -0, 0, 0, 0.99561393260955811, 0.09355664998292923, -0, -0.09355664998292923, 0.99561393260955811),
            ["LeftUpperArm"] = CFrame.new(-0.002617955207824707, -0.050886869430541992, -0.0046483790501952171, 0.99476242065429688, 0.10083722323179245, 0.016719931736588478, -0.10179024189710617, 0.99217450618743896, 0.072308406233787537, -0.0092977099120616913, -0.073631614446640015, 0.99724215269088745),
            ["LeftUpperLeg"] = CFrame.new(-5.9604644775390625e-08, -8.754432201385498e-08, -9.9988566944375634e-05, 0.99350863695144653, 0.10451957583427429, 0.044903188943862915, -0.10207632184028625, 0.99332928657531738, -0.053641006350517273, -0.050210185348987579, 0.04870925098657608, 0.99755018949508667),
            ["LowerTorso"] = CFrame.new(0.017029577866196632, 0.00036263465881347656, 1.7763572629167241e-16, 0.99909448623657227, -0.042547117918729782, 0, 0.042547117918729782, 0.99909448623657227, 0, 0, 0, 1),
            ["RightFoot"] = CFrame.new(3.480818122625351e-08, -0.012129604816436768, -0.00010325264156563208, 0.99723690748214722, 0.056821513921022415, 0.047852851450443268, -0.057216379791498184, 0.99833780527114868, 0.0069216969422996044, -0.047380007803440094, -0.0096405381336808205, 0.99883043766021729),
            ["RightHand"] = CFrame.new(-0.0004977881908416748, 0.003352046012878418, -1.1920928955078125e-07, 0.97269171476364136, 0.20070153474807739, -0.11657474935054779, -0.23131617903709412, 0.87952339649200439, -0.41585022211074829, 0.019068438559770584, 0.43145972490310669, 0.90193068981170654),
            ["RightLowerArm"] = CFrame.new(-1.7881393432617188e-07, 0.051887392997741699, 0.012655377388000488, 1, 0, 0, 0, 0.87240850925445557, -0.4887775182723999, 0, 0.4887775182723999, 0.87240850925445557),
            ["RightLowerLeg"] = CFrame.new(-1.4872057363390923e-08, -0.012086749076843262, -0.00015651312423869967, 1, 0, 0, 0, 1, 0, 0, 0, 1),
            ["RightUpperArm"] = CFrame.new(0.11709630489349365, -1.1652510166168213, -0.07468867301940918, 0.38530588150024414, -0.78576833009719849, 0.48384648561477661, 0.56665438413619995, 0.61530148983001709, 0.54800260066986084, -0.72831457853317261, 0.063025087118148804, 0.68233835697174072),
            ["RightUpperLeg"] = CFrame.new(5.9604644775390625e-08, -1.862645149230957e-09, -4.6886270865797997e-08, 0.99875134229660034, -0.014672918245196342, -0.047753937542438507, 0.014322027564048767, 0.99986791610717773, -0.0076817930676043034, 0.047860346734523773, 0.0069882678799331188, 0.99882960319519043),
            ["UpperTorso"] = CFrame.new(0, 0, 4.4408920985006262e-16, 0.99694108963012695, 0.041281666606664658, -0.066364653408527374, -0.040833551436662674, 0.99913316965103149, 0.0080952616408467293, 0.06664130836725235, -0.0053605944849550724, 0.99776262044906616)
        }},
        {Time = 0.067, Data = {
            ["Head"] = CFrame.new(0, 2.384185791015625e-07, -1.3460521586239338e-09, 0.9994390606880188, -0.0032896194607019424, 0.033327285200357437, 0.0015420811250805855, 0.99862885475158691, 0.052326276898384094, -0.033453721553087234, -0.052245534956455231, 0.9980737566947937),
            ["LeftFoot"] = CFrame.new(-6.5338099375367165e-08, 0.002953648567199707, -3.0545052140951157e-06, 0.99695438146591187, -0.059670817106962204, -0.050212930887937546, 0.057437647134065628, 0.99734336137771606, -0.044800743460655212, 0.052752833813428879, 0.041780181229114532, 0.99773323535919189),
            ["LeftHand"] = CFrame.new(0.00050013564759865403, 0.00030171871185302734, -1.5178102330537513e-07, 0.99335920810699463, -0.099728338420391083, 0.057373285293579102, 0.10287889093160629, 0.99317985773086548, -0.054860260337591171, -0.051510870456695557, 0.060398448258638382, 0.99684435129165649),
            ["LeftLowerArm"] = CFrame.new(-0.00049987435340881348, 0.00083422660827636719, 9.5739960670471191e-07, 1, 0, 0, 0, 0.99997305870056152, -0.0073373215273022652, 0, 0.0073373215273022652, 0.99997305870056152),
            ["LeftLowerLeg"] = CFrame.new(-9.1968104243278503e-08, 0.012640118598937988, -0.00031372532248497009, 1, -0, 0, 0, 0.99561393260955811, 0.09355664998292923, -0, -0.09355664998292923, 0.99561393260955811),
            ["LeftUpperArm"] = CFrame.new(-0.0026251077651977539, -0.050947666168212891, 0.0047432985156774521, 0.99474614858627319, 0.10230199992656708, -0.0038010685238987207, -0.10193364322185516, 0.9932326078414917, 0.055664543062448502, 0.0094699393957853317, -0.054984632879495621, 0.99844229221343994),
            ["LeftUpperLeg"] = CFrame.new(-5.9604644775390625e-08, -8.754432201385498e-08, -9.9988566944375634e-05, 0.99350863695144653, 0.10451957583427429, 0.044903188943862915, -0.10207632184028625, 0.99332928657531738, -0.053641006350517273, -0.050210185348987579, 0.04870925098657608, 0.99755018949508667),
            ["LowerTorso"] = CFrame.new(0.017029577866196632, 0.00036263465881347656, 1.7763572629167241e-16, 0.99909448623657227, -0.042547117918729782, 0, 0.042547117918729782, 0.99909448623657227, 0, 0, 0, 1),
            ["RightFoot"] = CFrame.new(3.480818122625351e-08, -0.012129604816436768, -0.00010325264156563208, 0.99723690748214722, 0.056821513921022415, 0.047852851450443268, -0.057216379791498184, 0.99833780527114868, 0.0069216969422996044, -0.047380007803440094, -0.0096405381336808205, 0.99883043766021729),
            ["RightHand"] = CFrame.new(-0.00049811601638793945, 0.0031826496124267578, 2.9802322387695312e-08, 0.99354618787765503, 0.098215043544769287, -0.056743621826171875, -0.11342741549015045, 0.8580506443977356, -0.50088262557983398, -0.00050529465079307556, 0.50408625602722168, 0.86365318298339844),
            ["RightLowerArm"] = CFrame.new(-1.7881393432617188e-07, 0.052819013595581055, 0.013277620077133179, 1, 0, 0, 0, 0.86618596315383911, -0.49972182512283325, 0, 0.49972182512283325, 0.86618596315383911),
            ["RightLowerLeg"] = CFrame.new(-1.4872057363390923e-08, -0.012086749076843262, -0.00015651312423869967, 1, 0, 0, 0, 1, 0, 0, 0, 1),
            ["RightUpperArm"] = CFrame.new(0.019820094108581543, -1.2633066177368164, -0.10285064578056335, 0.31261646747589111, -0.79902356863021851, 0.51364600658416748, 0.53729015588760376, 0.59467482566833496, 0.59806454181671143, -0.78331995010375977, 0.089012175798416138, 0.61521261930465698),
            ["RightUpperLeg"] = CFrame.new(5.9604644775390625e-08, -1.862645149230957e-09, -4.6886270865797997e-08, 0.99875134229660034, -0.014672918245196342, -0.047753937542438507, 0.014322027564048767, 0.99986791610717773, -0.0076817930676043034, 0.047860346734523773, 0.0069882678799331188, 0.99882960319519043),
            ["UpperTorso"] = CFrame.new(0, 0, 4.4408920985006262e-16, 0.99808001518249512, 0.041115637868642807, -0.046322636306285858, -0.04050401970744133, 0.9990803599357605, 0.014065993949770927, 0.046858370304107666, -0.012162733823060989, 0.99882751703262329)
        }},
        {Time = 0.083, Data = {
            ["Head"] = CFrame.new(6.4028427004814148e-10, 1.1920928955078125e-07, -3.1795934773981571e-09, 0.99989950656890869, -0.0026463107205927372, 0.013927525840699673, 0.0020137685351073742, 0.9989742636680603, 0.04523632675409317, -0.014032949693500996, -0.045203730463981628, 0.99887919425964355),
            ["LeftFoot"] = CFrame.new(-6.5338099375367165e-08, 0.002953648567199707, -3.0545052140951157e-06, 0.99695438146591187, -0.059670817106962204, -0.050212930887937546, 0.057437647134065628, 0.99734336137771606, -0.044800743460655212, 0.052752833813428879, 0.041780181229114532, 0.99773323535919189),
            ["LeftHand"] = CFrame.new(0.00049963139463216066, 0.00058573484420776367, -5.9583726397249848e-08, 0.99338161945343018, -0.099576592445373535, 0.057248909026384354, 0.10170061886310577, 0.9941827654838562, -0.03546268492937088, -0.053384628146886826, 0.041050232946872711, 0.99772989749908447),
            ["LeftLowerArm"] = CFrame.new(-0.0004997551441192627, 0.0021639466285705566, 1.1907890439033508e-05, 1, 0, 0, 0, 0.9998403787612915, -0.017867946997284889, 0, 0.017867946997284889, 0.9998403787612915),
            ["LeftLowerLeg"] = CFrame.new(-9.1968104243278503e-08, 0.012640118598937988, -0.00031372532248497009, 1, -0, 0, 0, 0.99561393260955811, 0.09355664998292923, -0, -0.09355664998292923, 0.99561393260955811),
            ["LeftUpperArm"] = CFrame.new(-0.0028417110443115234, -0.051208734512329102, 0.014533501118421555, 0.99432110786437988, 0.10342469811439514, -0.025077523663640022, -0.1023811548948288, 0.99394732713699341, 0.03983461856842041, 0.029045620933175087, -0.037040933966636658, 0.99889153242111206),
            ["LeftUpperLeg"] = CFrame.new(-5.9604644775390625e-08, -8.754432201385498e-08, -9.9988566944375634e-05, 0.99350863695144653, 0.10451957583427429, 0.044903188943862915, -0.10207632184028625, 0.99332928657531738, -0.053641006350517273, -0.050210185348987579, 0.04870925098657608, 0.99755018949508667),
            ["LowerTorso"] = CFrame.new(0.017029577866196632, 0.00036263465881347656, 1.7763572629167241e-16, 0.99909448623657227, -0.042547117918729782, 0, 0.042547117918729782, 0.99909448623657227, 0, 0, 0, 1),
            ["RightFoot"] = CFrame.new(3.480818122625351e-08, -0.012129604816436768, -0.00010325264156563208, 0.99723690748214722, 0.056821513921022415, 0.047852851450443268, -0.057216379791498184, 0.99833780527114868, 0.0069216969422996044, -0.047380007803440094, -0.0096405381336808205, 0.99883043766021729),
            ["RightHand"] = CFrame.new(-0.00049760937690734863, 0.0033985376358032227, -2.9802322387695312e-08, 0.99986201524734497, -0.014086644165217876, 0.0088037494570016861, 0.016611425206065178, 0.8475995659828186, -0.53037631511688232, 9.167008101940155e-06, 0.53044939041137695, 0.84771662950515747),
            ["RightLowerArm"] = CFrame.new(-2.9802322387695312e-08, 0.057119667530059814, 0.015783816576004028, 1, 0, 0, 0, 0.84093618392944336, -0.5411342978477478, 0, 0.5411342978477478, 0.84093618392944336),
            ["RightLowerLeg"] = CFrame.new(-1.4872057363390923e-08, -0.012086749076843262, -0.00015651312423869967, 1, 0, 0, 0, 1, 0, 0, 0, 1),
            ["RightUpperArm"] = CFrame.new(-0.087664783000946045, -1.3423187732696533, -0.13099893927574158, 0.23067241907119751, -0.80695641040802002, 0.54370176792144775, 0.49504172801971436, 0.57837700843811035, 0.64839321374893188, -0.83768963813781738, 0.11958861351013184, 0.53289270401000977),
            ["RightUpperLeg"] = CFrame.new(5.9604644775390625e-08, -1.862645149230957e-09, -4.6886270865797997e-08, 0.99875134229660034, -0.014672918245196342, -0.047753937542438507, 0.014322027564048767, 0.99986791610717773, -0.0076817930676043034, 0.047860346734523773, 0.0069882678799331188, 0.99882960319519043),
            ["UpperTorso"] = CFrame.new(0, 0, 4.4408920985006262e-16, 0.99883943796157837, 0.040813297033309937, -0.025574877858161926, -0.040301918983459473, 0.99898332357406616, 0.020201835781335831, 0.026373378932476044, -0.019147671759128571, 0.99946874380111694)
        }},
        {Time = 0.100, Data = {
            ["Head"] = CFrame.new(-4.3655745685100555e-11, 3.5762786865234375e-07, 1.2511009117588401e-08, 0.99998092651367188, -0.0020478158257901669, -0.0058234874159097672, 0.0022674859501421452, 0.99927634000778198, 0.037968412041664124, 0.0057415207847952843, -0.037980891764163971, 0.99926197528839111),
            ["LeftFoot"] = CFrame.new(-6.5338099375367165e-08, 0.002953648567199707, -3.0545052140951157e-06, 0.99695438146591187, -0.059670817106962204, -0.050212930887937546, 0.057437647134065628, 0.99734336137771606, -0.044800743460655212, 0.052752833813428879, 0.041780181229114532, 0.99773323535919189),
            ["LeftHand"] = CFrame.new(0.00049940409371629357, 0.00078755617141723633, -5.7525539887137711e-08, 0.99337196350097656, -0.099656544625759125, 0.057277228683233261, 0.10078541189432144, 0.99476015567779541, -0.01716301403939724, -0.055266696959733963, 0.02282196469604969, 0.99821078777313232),
            ["LeftLowerArm"] = CFrame.new(-0.00049984455108642578, 0.003131866455078125, 2.7029775083065033e-05, 1, 0, 0, 0, 0.99967354536056519, -0.025549231097102165, 0, 0.025549231097102165, 0.99967354536056519),
            ["LeftLowerLeg"] = CFrame.new(-9.1968104243278503e-08, 0.012640118598937988, -0.00031372532248497009, 1, -0, 0, 0, 0.99561393260955811, 0.09355664998292923, -0, -0.09355664998292923, 0.99561393260955811),
            ["LeftUpperArm"] = CFrame.new(-0.0032870769500732422, -0.05168759822845459, 0.024590736255049706, 0.99342590570449829, 0.10431674867868423, -0.047148682177066803, -0.10336703807115555, 0.99439644813537598, 0.022157732397317886, 0.049195908010005951, -0.017138447612524033, 0.99864208698272705),
            ["LeftUpperLeg"] = CFrame.new(-5.9604644775390625e-08, -8.754432201385498e-08, -9.9988566944375634e-05, 0.99350863695144653, 0.10451957583427429, 0.044903188943862915, -0.10207632184028625, 0.99332928657531738, -0.053641006350517273, -0.050210185348987579, 0.04870925098657608, 0.99755018949508667),
            ["LowerTorso"] = CFrame.new(0.017029577866196632, 0.00036263465881347656, 1.7763572629167241e-16, 0.99909448623657227, -0.042547117918729782, 0, 0.042547117918729782, 0.99909448623657227, 0, 0, 0, 1),
            ["RightFoot"] = CFrame.new(3.480818122625351e-08, -0.012129604816436768, -0.00010325264156563208, 0.99723690748214722, 0.056821513921022415, 0.047852851450443268, -0.057216379791498184, 0.99833780527114868, 0.0069216969422996044, -0.047380007803440094, -0.0096405381336808205, 0.99883043766021729),
            ["RightHand"] = CFrame.new(-0.00049741566181182861, 0.0039756298065185547, -7.4505805969238281e-08, 0.99024713039398193, -0.12006047368049622, 0.070682942867279053, 0.13931569457054138, 0.84851086139678955, -0.51051002740859985, 0.0013168267905712128, 0.51537829637527466, 0.85696172714233398),
            ["RightLowerArm"] = CFrame.new(-3.5762786865234375e-07, 0.063606977462768555, 0.019946306943893433, 1, 0, 0, 0, 0.79894495010375977, -0.60140424966812134, 0, 0.60140424966812134, 0.79894495010375977),
            ["RightLowerLeg"] = CFrame.new(-1.4872057363390923e-08, -0.012086749076843262, -0.00015651312423869967, 1, 0, 0, 0, 1, 0, 0, 0, 1),
            ["RightUpperArm"] = CFrame.new(-0.19829154014587402, -1.4061768054962158, -0.16353762149810791, 0.13759613037109375, -0.80825328826904297, 0.57253289222717285, 0.45134556293487549, 0.56569457054138184, 0.69012820720672607, -0.88167715072631836, 0.16345122456550598, 0.44263887405395508),
            ["RightUpperLeg"] = CFrame.new(5.9604644775390625e-08, -1.862645149230957e-09, -4.6886270865797997e-08, 0.99875134229660034, -0.014672918245196342, -0.047753937542438507, 0.014322027564048767, 0.99986791610717773, -0.0076817930676043034, 0.047860346734523773, 0.0069882678799331188, 0.99882960319519043),
            ["UpperTorso"] = CFrame.new(0, 0, 4.4408920985006262e-16, 0.99917882680892944, 0.040279272943735123, -0.0043876389972865582, -0.040149305015802383, 0.99884206056594849, 0.026505770161747932, 0.0054501914419233799, -0.026307845488190651, 0.99963903427124023)
        }},
        {Time = 0.117, Data = {
            ["Head"] = CFrame.new(4.6566128730773926e-10, -4.76837158203125e-07, -7.3268893174827099e-09, 0.99966698884963989, -0.0016760544385761023, -0.025750614702701569, 0.00246656802482903, 0.99952566623687744, 0.030697803944349289, 0.025686949491500854, -0.030751097947359085, 0.99919694662094116),
            ["LeftFoot"] = CFrame.new(-6.5338099375367165e-08, 0.002953648567199707, -3.0545052140951157e-06, 0.99695438146591187, -0.059670817106962204, -0.050212930887937546, 0.057437647134065628, 0.99734336137771606, -0.044800743460655212, 0.052752833813428879, 0.041780181229114532, 0.99773323535919189),
            ["LeftHand"] = CFrame.new(0.00049944315105676651, 0.00090658664703369141, -1.0634948921506293e-07, 0.99331676959991455, -0.10005148500204086, 0.05754578486084938, 0.10022517293691635, 0.99496477842330933, -0.00013289065100252628, -0.057242732495069504, 0.0058995392173528671, 0.99834287166595459),
            ["LeftLowerArm"] = CFrame.new(-0.00049981474876403809, 0.0037166476249694824, 3.9043836295604706e-05, 1, 0, 0, 0, 0.99954360723495483, -0.030209261924028397, 0, 0.030209261924028397, 0.99954360723495483),
            ["LeftLowerLeg"] = CFrame.new(-9.1968104243278503e-08, 0.012640118598937988, -0.00031372532248497009, 1, -0, 0, 0, 0.99561393260955811, 0.09355664998292923, -0, -0.09355664998292923, 0.99561393260955811),
            ["LeftUpperArm"] = CFrame.new(-0.0039699077606201172, -0.052391767501831055, 0.034778587520122528, 0.99205851554870605, 0.10472583025693893, -0.069659404456615448, -0.10479206591844559, 0.99449044466018677, 0.0027129936497658491, 0.069559730589389801, 0.0046083037741482258, 0.99756711721420288),
            ["LeftUpperLeg"] = CFrame.new(-5.9604644775390625e-08, -8.754432201385498e-08, -9.9988566944375634e-05, 0.99350863695144653, 0.10451957583427429, 0.044903188943862915, -0.10207632184028625, 0.99332928657531738, -0.053641006350517273, -0.050210185348987579, 0.04870925098657608, 0.99755018949508667),
            ["LowerTorso"] = CFrame.new(0.017029577866196632, 0.00036263465881347656, 1.7763572629167241e-16, 0.99909448623657227, -0.042547117918729782, 0, 0.042547117918729782, 0.99909448623657227, 0, 0, 0, 1),
            ["RightFoot"] = CFrame.new(3.480818122625351e-08, -0.012129604816436768, -0.00010325264156563208, 0.99723690748214722, 0.056821513921022415, 0.047852851450443268, -0.057216379791498184, 0.99833780527114868, 0.0069216969422996044, -0.047380007803440094, -0.0096405381336808205, 0.99883043766021729),
            ["RightHand"] = CFrame.new(-0.00049689598381519318, 0.0050078630447387695, 1.4901161193847656e-07, 0.97132241725921631, -0.20505340397357941, 0.12035737931728363, 0.23754693567752838, 0.85864913463592529, -0.45419499278068542, -0.010210540145635605, 0.46976026892662048, 0.88273495435714722),
            ["RightLowerArm"] = CFrame.new(-2.384185791015625e-07, 0.070939421653747559, 0.025220274925231934, 1, 0, 0, 0, 0.74555510282516479, -0.66644400358200073, 0, 0.66644400358200073, 0.74555510282516479),
            ["RightLowerLeg"] = CFrame.new(-1.4872057363390923e-08, -0.012086749076843262, -0.00015651312423869967, 1, 0, 0, 0, 1, 0, 0, 0, 1),
            ["RightUpperArm"] = CFrame.new(-0.30716729164123535, -1.4593656063079834, -0.20399019122123718, 0.035792291164398193, -0.79839086532592773, 0.60107475519180298, 0.41890668869018555, 0.55805504322052002, 0.71630418300628662, -0.90732353925704956, 0.226156085729599, 0.35442537069320679),
            ["RightUpperLeg"] = CFrame.new(5.9604644775390625e-08, -1.862645149230957e-09, -4.6886270865797997e-08, 0.99875134229660034, -0.014672918245196342, -0.047753937542438507, 0.014322027564048767, 0.99986791610717773, -0.0076817930676043034, 0.047860346734523773, 0.0069882678799331188, 0.99882960319519043),
            ["UpperTorso"] = CFrame.new(0, 0, 4.4408920985006262e-16, 0.99906820058822632, 0.039681900292634964, 0.016971228644251823, -0.04022270068526268, 0.99865192174911499, 0.03280935063958168, -0.015646414831280708, -0.03346141055226326, 0.99931752681732178)
        }},
        {Time = 0.133, Data = {
            ["Head"] = CFrame.new(-1.3969838619232178e-09, 0, 7.8725861385464668e-09, 0.99896347522735596, -0.0013643980491906404, -0.045499071478843689, 0.0024325244594365358, 0.99972254037857056, 0.023428689688444138, 0.0454544797539711, -0.023515082895755768, 0.99868959188461304),
            ["LeftFoot"] = CFrame.new(-6.5338099375367165e-08, 0.002953648567199707, -3.0545052140951157e-06, 0.99695438146591187, -0.059670817106962204, -0.050212930887937546, 0.057437647134065628, 0.99734336137771606, -0.044800743460655212, 0.052752833813428879, 0.041780181229114532, 0.99773323535919189),
            ["LeftHand"] = CFrame.new(0.00049930659588426352, 0.00094753503799438477, -7.9572714639652986e-08, 0.9932255744934082, -0.10075452923774719, 0.057891491800546646, 0.10003101825714111, 0.99486714601516724, 0.015270084142684937, -0.05913287028670311, -0.0093756932765245438, 0.99820607900619507),
            ["LeftLowerArm"] = CFrame.new(-0.0004996955394744873, 0.0039145350456237793, 4.3503008782863617e-05, 1, 0, 0, 0, 0.99949544668197632, -0.031762499362230301, 0, 0.031762499362230301, 0.99949544668197632),
            ["LeftLowerLeg"] = CFrame.new(-9.1968104243278503e-08, 0.012640118598937988, -0.00031372532248497009, 1, -0, 0, 0, 0.99561393260955811, 0.09355664998292923, -0, -0.09355664998292923, 0.99561393260955811),
            ["LeftUpperArm"] = CFrame.new(-0.004887700080871582, -0.053315877914428711, 0.044956453144550323, 0.99022948741912842, 0.10452044010162354, -0.092309802770614624, -0.10660961270332336, 0.99413830041885376, -0.01798519492149353, 0.089888885617256165, 0.027650583535432816, 0.9955679178237915),
            ["LeftUpperLeg"] = CFrame.new(-5.9604644775390625e-08, -8.754432201385498e-08, -9.9988566944375634e-05, 0.99350863695144653, 0.10451957583427429, 0.044903188943862915, -0.10207632184028625, 0.99332928657531738, -0.053641006350517273, -0.050210185348987579, 0.04870925098657608, 0.99755018949508667),
            ["LowerTorso"] = CFrame.new(0.017029577866196632, 0.00036263465881347656, 1.7763572629167241e-16, 0.99909448623657227, -0.042547117918729782, 0, 0.042547117918729782, 0.99909448623657227, 0, 0, 0, 1),
            ["RightFoot"] = CFrame.new(3.480818122625351e-08, -0.012129604816436768, -0.00010325264156563208, 0.99723690748214722, 0.056821513921022415, 0.047852851450443268, -0.057216379791498184, 0.99833780527114868, 0.0069216969422996044, -0.047380007803440094, -0.0096405381336808205, 0.99883043766021729),
            ["RightHand"] = CFrame.new(-0.00049574673175811768, 0.0061838626861572266, -1.1175870895385742e-07, 0.95349740982055664, -0.25998979806900024, 0.15247306227684021, 0.29931408166885376, 0.87622594833374023, -0.37767592072486877, -0.035408973693847656, 0.40575036406517029, 0.91329777240753174),
            ["RightLowerArm"] = CFrame.new(-5.9604644775390625e-08, 0.077911019325256348, 0.031020373106002808, 1, 0, 0, 0, 0.68670618534088135, -0.72693508863449097, 0, 0.72693508863449097, 0.68670618534088135),
            ["RightLowerLeg"] = CFrame.new(-1.4872057363390923e-08, -0.012086749076843262, -0.00015651312423869967, 1, 0, 0, 0, 1, 0, 0, 0, 1),
            ["RightUpperArm"] = CFrame.new(-0.4104621410369873, -1.5051223039627075, -0.25407618284225464, -0.070423126220703125, -0.77260589599609375, 0.63096809387207031, 0.40780651569366455, 0.55496466159820557, 0.72505730390548706, -0.91034853458404541, 0.30837374925613403, 0.27599138021469116),
            ["RightUpperLeg"] = CFrame.new(5.9604644775390625e-08, -1.862645149230957e-09, -4.6886270865797997e-08, 0.99875134229660034, -0.014672918245196342, -0.047753937542438507, 0.014322027564048767, 0.99986791610717773, -0.0076817930676043034, 0.047860346734523773, 0.0069882678799331188, 0.99882960319519043),
            ["UpperTorso"] = CFrame.new(0, 0, 4.4408920985006262e-16, 0.9985164999961853, 0.038855563849210739, 0.038144536316394806, -0.040342975407838821, 0.99842327833175659, 0.039031334221363068, -0.036567807197570801, -0.040512293577194214, 0.99850964546203613)
        }},
        {Time = 0.150, Data = {
            ["Head"] = CFrame.new(-1.3969838619232178e-09, -1.1920928955078125e-07, -6.2282197177410126e-09, 0.99789702892303467, -0.0012801215052604675, -0.064806424081325531, 0.0023433745373040438, 0.99986386299133301, 0.016333246603608131, 0.064776696264743805, -0.016450764611363411, 0.99776417016983032),
            ["LeftFoot"] = CFrame.new(-6.5338099375367165e-08, 0.002953648567199707, -3.0545052140951157e-06, 0.99695438146591187, -0.059670817106962204, -0.050212930887937546, 0.057437647134065628, 0.99734336137771606, -0.044800743460655212, 0.052752833813428879, 0.041780181229114532, 0.99773323535919189),
            ["LeftHand"] = CFrame.new(0.00049927126383408904, 0.000911712646484375, -5.4911652114242315e-08, 0.99309664964675903, -0.10167571902275085, 0.058490123599767685, 0.10012431442737579, 0.9945557713508606, 0.028877520933747292, -0.061107832938432693, -0.022821886464953423, 0.99787020683288574),
            ["LeftLowerArm"] = CFrame.new(-0.000499725341796875, 0.0037391185760498047, 3.9545819163322449e-05, 1, 0, 0, 0, 0.9995383620262146, -0.030381843447685242, 0, 0.030381843447685242, 0.9995383620262146),
            ["LeftLowerLeg"] = CFrame.new(-9.1968104243278503e-08, 0.012640118598937988, -0.00031372532248497009, 1, -0, 0, 0, 0.99561393260955811, 0.09355664998292923, -0, -0.09355664998292923, 0.99561393260955811),
            ["LeftUpperArm"] = CFrame.new(-0.0060232877731323242, -0.054444789886474609, 0.054980892688035965, 0.98795288801193237, 0.10366734117269516, -0.1149006187915802, -0.10884853452444077, 0.99326294660568237, -0.039758756756782532, 0.11000484228134155, 0.051786541938781738, 0.99258100986480713),
            ["LeftUpperLeg"] = CFrame.new(-5.9604644775390625e-08, -8.754432201385498e-08, -9.9988566944375634e-05, 0.99350863695144653, 0.10451957583427429, 0.044903188943862915, -0.10207632184028625, 0.99332928657531738, -0.053641006350517273, -0.050210185348987579, 0.04870925098657608, 0.99755018949508667),
            ["LowerTorso"] = CFrame.new(0.017029577866196632, 0.00036263465881347656, 1.7763572629167241e-16, 0.99909448623657227, -0.042547117918729782, 0, 0.042547117918729782, 0.99909448623657227, 0, 0, 0, 1),
            ["RightFoot"] = CFrame.new(3.480818122625351e-08, -0.012129604816436768, -0.00010325264156563208, 0.99723690748214722, 0.056821513921022415, 0.047852851450443268, -0.057216379791498184, 0.99833780527114868, 0.0069216969422996044, -0.047380007803440094, -0.0096405381336808205, 0.99883043766021729),
            ["RightHand"] = CFrame.new(-0.00049504637718200684, 0.0074230432510375977, -6.5192580223083496e-08, 0.94529730081558228, -0.28139162063598633, 0.16502076387405396, 0.31979596614837646, 0.89921140670776367, -0.29857903718948364, -0.064370930194854736, 0.33501893281936646, 0.9400099515914917),
            ["RightLowerArm"] = CFrame.new(-5.0663948059082031e-07, 0.083873987197875977, 0.03664986789226532, 1, 0, 0, 0, 0.62943458557128906, -0.7770535945892334, 0, 0.7770535945892334, 0.62943458557128906),
            ["RightLowerLeg"] = CFrame.new(-1.4872057363390923e-08, -0.012086749076843262, -0.00015651312423869967, 1, 0, 0, 0, 1, 0, 0, 0, 1),
            ["RightUpperArm"] = CFrame.new(-0.50461661815643311, -1.5443123579025269, -0.31437861919403076, -0.17584478855133057, -0.72661340236663818, 0.66416239738464355, 0.42330995202064514, 0.55330038070678711, 0.71740323305130005, -0.88875603675842285, 0.40729814767837524, 0.21028763055801392),
