return {
["crouch bounce twerk"] = {

          {Time = 0.000, Data = {

              ["Head"] = CFrame.new(0.000000, 0.000000, 0.000000, 1.000000, 0.000000, 0.000000, 0.000000, 1.000000, -0.000000, 0.000000, 0.000000, 1.000000),

              ["LeftFoot"] = CFrame.new(-0.000000, 0.034895, 0.000000, 0.917798, -0.303736, -0.255744, -0.030258, 0.588726, -0.807784, 0.395893, 0.749097, 0.531113),

              ["LeftHand"] = CFrame.new(0.000484, 0.024605, -0.000000, 0.976862, -0.184816, 0.107629, 0.194915, 0.976463, -0.092346, -0.088027, 0.111187, 0.989893),

              ["LeftLowerArm"] = CFrame.new(-0.000499, 0.118333, 0.081832, 1.000000, -0.000000, -0.000000, -0.000000, 0.154495, -0.987994, 0.000000, 0.987994, 0.154495),

              ["LeftLowerLeg"] = CFrame.new(-0.000000, 0.117726, -0.136173, 1.000000, -0.000000, -0.000000, 0.000000, -0.413350, 0.910570, -0.000000, -0.910572, -0.413355),

              ["LeftUpperArm"] = CFrame.new(-0.070242, 0.145427, -0.357189, 0.150018, 0.040269, -0.987863, 0.401026, -0.915763, 0.023570, -0.903699, -0.399695, -0.153530),

              ["LeftUpperLeg"] = CFrame.new(-0.000000, -0.000000, -0.000100, 0.566305, 0.798465, 0.204343, -0.524583, 0.540405, -0.657848, -0.635697, 0.265361, 0.724900),

              ["LowerTorso"] = CFrame.new(0.044209, -1.036027, -0.211382, 1.000000, -0.000000, -0.000000, -0.000000, 0.960904, -0.276881, 0.000000, 0.276881, 0.960904),

              ["RightFoot"] = CFrame.new(0.000000, 0.035171, -0.000100, 0.961798, 0.209423, 0.176331, 0.058875, 0.470811, -0.880281, -0.267354, 0.857017, 0.440468),

              ["RightHand"] = CFrame.new(-0.000484, 0.024802, 0.000000, 0.997532, 0.060786, -0.035154, -0.062952, 0.995949, -0.064207, 0.031108, 0.066262, 0.997317),

              ["RightLowerArm"] = CFrame.new(-0.000000, 0.119024, 0.084947, 1.000000, 0.000000, -0.000000, -0.000000, 0.122081, -0.992520, -0.000000, 0.992520, 0.122081),

              ["RightLowerLeg"] = CFrame.new(-0.000000, 0.116942, -0.137507, 1.000000, 0.000000, 0.000000, -0.000000, -0.426231, 0.904612, 0.000000, -0.904614, -0.426236),

              ["RightUpperArm"] = CFrame.new(0.163474, 0.053631, -0.228830, 0.017564, -0.030242, 0.999388, -0.283505, -0.958670, -0.024027, 0.958810, -0.282910, -0.025412),

              ["RightUpperLeg"] = CFrame.new(0.000000, -0.000000, -0.000000, 0.755051, -0.605955, -0.250442, 0.378257, 0.714549, -0.588497, 0.535556, 0.349627, 0.768733),

              ["UpperTorso"] = CFrame.new(0.000000, 0.118002, 0.070722, 1.000000, -0.000000, 0.000000, -0.000000, 0.960904, 0.276881, -0.000000, -0.276881, 0.960904)

          }},

          {Time = 0.020, Data = {

              ["Head"] = CFrame.new(0.000000, 0.000000, 0.000000, 1.000000, 0.000000, 0.000000, 0.000000, 1.000000, -0.000000, 0.000000, 0.000000, 1.000000),

              ["LeftFoot"] = CFrame.new(-0.000000, 0.034842, 0.000000, 0.920195, -0.299461, -0.252145, -0.028038, 0.592032, -0.805445, 0.390455, 0.748212, 0.536360),

              ["LeftHand"] = CFrame.new(0.000484, 0.024659, 0.000000, 0.976403, -0.186619, 0.108682, 0.196270, 0.976764, -0.086087, -0.090090, 0.105386, 0.990342),

              ["LeftLowerArm"] = CFrame.new(-0.000499, 0.118449, 0.082403, 1.000000, -0.000000, 0.000000, -0.000000, 0.148562, -0.988903, 0.000000, 0.988903, 0.148562),

              ["LeftLowerLeg"] = CFrame.new(0.000000, 0.118122, -0.135306, 1.000000, -0.000000, -0.000000, 0.000000, -0.404302, 0.914623, -0.000000, -0.914625, -0.404308),

              ["LeftUpperArm"] = CFrame.new(-0.069383, 0.145943, -0.356816, 0.151735, 0.040341, -0.987598, 0.402057, -0.915290, 0.024385, -0.902954, -0.400771, -0.155101),

              ["LeftUpperLeg"] = CFrame.new(-0.000000, -0.000000, -0.000100, 0.570429, 0.794115, 0.209753, -0.530247, 0.551067, -0.644322, -0.627255, 0.256333, 0.735427),

              ["LowerTorso"] = CFrame.new(0.044209, -1.027851, -0.210485, 1.000000, 0.000000, -0.000000, -0.000000, 0.956339, -0.292260, 0.000000, 0.292260, 0.956339),

              ["RightFoot"] = CFrame.new(-0.000000, 0.035117, -0.000100, 0.963131, 0.205808, 0.173288, 0.056139, 0.476194, -0.877561, -0.263112, 0.854916, 0.447056),

              ["RightHand"] = CFrame.new(-0.000484, 0.024860, 0.000000, 0.997423, 0.062105, -0.035925, -0.064115, 0.996268, -0.057791, 0.032201, 0.059945, 0.997682),

              ["RightLowerArm"] = CFrame.new(-0.000000, 0.119128, 0.085557, 1.000000, 0.000000, -0.000000, -0.000000, 0.115732, -0.993281, -0.000000, 0.993280, 0.115732),

              ["RightLowerLeg"] = CFrame.new(0.000000, 0.117356, -0.136636, 1.000000, 0.000000, 0.000000, -0.000000, -0.417142, 0.908839, 0.000000, -0.908841, -0.417147),

              ["RightUpperArm"] = CFrame.new(0.162848, 0.054052, -0.228694, 0.018814, -0.030268, 0.999365, -0.284347, -0.958429, -0.023675, 0.958537, -0.283721, -0.026638),

              ["RightUpperLeg"] = CFrame.new(0.000000, -0.000000, -0.000000, 0.757670, -0.601455, -0.253362, 0.382721, 0.723911, -0.573989, 0.528641, 0.337942, 0.778681),

              ["UpperTorso"] = CFrame.new(0.000000, 0.115746, 0.062481, 1.000000, -0.000000, 0.000000, 0.000000, 0.956339, 0.292260, -0.000000, -0.292260, 0.956339)

          }},

          {Time = 0.040, Data = {

              ["Head"] = CFrame.new(0.000000, 0.000000, 0.000000, 1.000000, 0.000000, 0.000000, 0.000000, 1.000000, -0.000000, 0.000000, 0.000000, 1.000000),

              ["LeftFoot"] = CFrame.new(0.000000, 0.034713, 0.000000, 0.928421, -0.284214, -0.239307, -0.020976, 0.602979, -0.797500, 0.370937, 0.745412, 0.553828),

              ["LeftHand"] = CFrame.new(0.000484, 0.024805, 0.000000, 0.975121, -0.191554, 0.111566, 0.199898, 0.977380, -0.069057, -0.095812, 0.089641, 0.991355),

              ["LeftLowerArm"] = CFrame.new(-0.000499, 0.118743, 0.083933, 1.000000, -0.000000, 0.000000, 0.000000, 0.132635, -0.991165, 0.000000, 0.991165, 0.132635),

              ["LeftLowerLeg"] = CFrame.new(-0.000000, 0.119046, -0.133188, 1.000000, -0.000000, -0.000000, 0.000000, -0.382211, 0.924073, -0.000000, -0.924075, -0.382217),

              ["LeftUpperArm"] = CFrame.new(-0.067031, 0.147351, -0.355785, 0.156439, 0.040332, -0.986864, 0.404873, -0.913979, 0.026827, -0.900891, -0.403752, -0.159312),

              ["LeftUpperLeg"] = CFrame.new(-0.000000, -0.000000, -0.000100, 0.584885, 0.780471, 0.220862, -0.533623, 0.575307, -0.619884, -0.610865, 0.244718, 0.752971),

              ["LowerTorso"] = CFrame.new(0.044209, -1.006770, -0.203264, 1.000000, 0.000000, -0.000000, -0.000000, 0.946726, -0.322041, 0.000000, 0.322041, 0.946726),

              ["RightFoot"] = CFrame.new(0.000000, 0.034986, -0.000100, 0.967864, 0.192374, 0.161977, 0.047312, 0.493312, -0.868580, -0.246982, 0.848313, 0.468329),

              ["RightHand"] = CFrame.new(-0.000484, 0.025014, 0.000000, 0.997113, 0.065725, -0.038040, -0.067251, 0.996921, -0.040325, 0.035272, 0.042767, 0.998462),

              ["RightLowerArm"] = CFrame.new(-0.000000, 0.119385, 0.087196, 1.000000, 0.000000, 0.000000, -0.000000, 0.098668, -0.995120, -0.000000, 0.995120, 0.098668),

              ["RightLowerLeg"] = CFrame.new(0.000000, 0.118321, -0.134509, 1.000000, 0.000000, 0.000000, -0.000000, -0.394952, 0.918699, 0.000000, -0.918702, -0.394958),

              ["RightUpperArm"] = CFrame.new(0.161133, 0.055206, -0.228313, 0.022245, -0.030118, 0.999299, -0.286655, -0.957770, -0.022485, 0.957776, -0.285955, -0.029939),

              ["RightUpperLeg"] = CFrame.new(0.000000, -0.000000, -0.000000, 0.767214, -0.587062, -0.258351, 0.383797, 0.742914, -0.548420, 0.513890, 0.321616, 0.795293),

              ["UpperTorso"] = CFrame.new(-0.000000, 0.107949, 0.041917, 1.000000, -0.000000, 0.000000, 0.000000, 0.946726, 0.322041, -0.000000, -0.322041, 0.946726)

          }},

          {Time = 0.060, Data = {

              ["Head"] = CFrame.new(0.000000, 0.000000, 0.000000, 1.000000, 0.000000, 0.000000, 0.000000, 1.000000, -0.000000, 0.000000, 0.000000, 1.000000),

              ["LeftFoot"] = CFrame.new(-0.000000, 0.034557, 0.000000, 0.942568, -0.255516, -0.215144, -0.009632, 0.623040, -0.782151, 0.333876, 0.739278, 0.584768),

              ["LeftHand"] = CFrame.new(0.000483, 0.025015, -0.000000, 0.973136, -0.198941, 0.115882, 0.205108, 0.977757, -0.043850, -0.104579, 0.066441, 0.992295),

              ["LeftLowerArm"] = CFrame.new(-0.000499, 0.119123, 0.086142, 1.000000, -0.000000, -0.000000, 0.000000, 0.109640, -0.993971, 0.000000, 0.993971, 0.109639),

              ["LeftLowerLeg"] = CFrame.new(0.000000, 0.120108, -0.130555, 1.000000, -0.000000, -0.000000, 0.000000, -0.354765, 0.934953, -0.000000, -0.934955, -0.354772),

              ["LeftUpperArm"] = CFrame.new(-0.063509, 0.149448, -0.354209, 0.163483, 0.039779, -0.985744, 0.409069, -0.911975, 0.031041, -0.897739, -0.408312, -0.165365),

              ["LeftUpperLeg"] = CFrame.new(-0.000000, 0.000000, -0.000100, 0.611038, 0.757398, 0.230186, -0.516130, 0.601652, -0.609599, -0.600202, 0.253698, 0.758553),

              ["LowerTorso"] = CFrame.new(0.044209, -0.978541, -0.183103, 1.000000, 0.000000, -0.000000, -0.000000, 0.939654, -0.342125, 0.000000, 0.342125, 0.939654),

              ["RightFoot"] = CFrame.new(0.000000, 0.034828, -0.000100, 0.975940, 0.166797, 0.140442, 0.033130, 0.523194, -0.851587, -0.215507, 0.835731, 0.505051),

              ["RightHand"] = CFrame.new(-0.000483, 0.025125, 0.000000, 0.996612, 0.071166, -0.041220, -0.071811, 0.997315, -0.014376, 0.040085, 0.017288, 0.999047),

              ["RightLowerArm"] = CFrame.new(-0.000001, 0.119642, 0.089597, 1.000000, 0.000000, -0.000000, -0.000000, 0.073764, -0.997276, -0.000000, 0.997276, 0.073764),

              ["RightLowerLeg"] = CFrame.new(0.000000, 0.119431, -0.131866, 1.000000, 0.000000, 0.000000, -0.000000, -0.367391, 0.930064, 0.000000, -0.930067, -0.367396),

              ["RightUpperArm"] = CFrame.new(0.158554, 0.056936, -0.227725, 0.027402, -0.029443, 0.999191, -0.290117, -0.956777, -0.020238, 0.956599, -0.289328, -0.034760),

              ["RightUpperLeg"] = CFrame.new(0.000000, 0.000000, -0.000000, 0.784566, -0.562808, -0.260205, 0.365312, 0.758646, -0.539434, 0.501002, 0.328181, 0.800815),

              ["UpperTorso"] = CFrame.new(-0.000000, 0.094001, 0.014998, 1.000000, -0.000000, 0.000000, 0.000000, 0.939654, 0.342125, -0.000000, -0.342125, 0.939654)

          }},

          {Time = 0.080, Data = {

              ["Head"] = CFrame.new(0.000000, -0.000000, 0.000000, 1.000000, 0.000000, 0.000000, 0.000000, 1.000000, -0.000000, 0.000000, 0.000000, 1.000000),

              ["LeftFoot"] = CFrame.new(-0.000000, 0.034415, 0.000000, 0.960798, -0.212091, -0.178581, 0.003703, 0.653857, -0.756631, 0.277224, 0.726284, 0.628982),

              ["LeftHand"] = CFrame.new(0.000483, 0.025187, -0.000000, 0.970566, -0.208098, 0.121231, 0.211181, 0.977360, -0.013019, -0.115776, 0.038238, 0.992539),

              ["LeftLowerArm"] = CFrame.new(-0.000499, 0.119460, 0.088769, 1.000000, -0.000000, 0.000000, 0.000000, 0.082349, -0.996604, 0.000000, 0.996604, 0.082349),

              ["LeftLowerLeg"] = CFrame.new(-0.000000, 0.121010, -0.128121, 1.000000, -0.000000, -0.000000, 0.000000, -0.329386, 0.944193, -0.000000, -0.944195, -0.329393),

              ["LeftUpperArm"] = CFrame.new(-0.059142, 0.152032, -0.352203, 0.172216, 0.038331, -0.984313, 0.414237, -0.909414, 0.037061, -0.893728, -0.414121, -0.172494),

              ["LeftUpperLeg"] = CFrame.new(-0.000000, -0.000000, -0.000100, 0.648104, 0.725516, 0.231500, -0.461014, 0.615716, -0.639019, -0.606158, 0.307441, 0.733527),

              ["LowerTorso"] = CFrame.new(0.044209, -0.949572, -0.143605, 1.000000, 0.000000, -0.000000, -0.000000, 0.944339, -0.328975, 0.000000, 0.328975, 0.944339),

              ["RightFoot"] = CFrame.new(0.000000, 0.034684, -0.000100, 0.985779, 0.128554, 0.108242, 0.016527, 0.566822, -0.823695, -0.167233, 0.813749, 0.556607),

              ["RightHand"] = CFrame.new(-0.000483, 0.025256, 0.000000, 0.995933, 0.077949, -0.045182, -0.077236, 0.996862, 0.017327, 0.046390, -0.013767, 0.998829),

              ["RightLowerArm"] = CFrame.new(-0.000001, 0.119868, 0.092437, 1.000000, 0.000000, -0.000000, -0.000000, 0.044304, -0.999018, -0.000000, 0.999018, 0.044303),

              ["RightLowerLeg"] = CFrame.new(-0.000000, 0.120374, -0.129422, 1.000000, 0.000000, 0.000000, -0.000000, -0.341908, 0.939731, 0.000000, -0.939733, -0.341915),

              ["RightUpperArm"] = CFrame.new(0.155339, 0.059086, -0.226964, 0.033833, -0.027652, 0.999045, -0.294417, -0.955535, -0.016477, 0.955078, -0.293578, -0.040470),

              ["RightUpperLeg"] = CFrame.new(0.000000, -0.000000, -0.000000, 0.808561, -0.530239, -0.255107, 0.314149, 0.755584, -0.574794, 0.497534, 0.384630, 0.777517),

              ["UpperTorso"] = CFrame.new(-0.000000, 0.076210, -0.013825, 1.000000, -0.000000, 0.000000, 0.000000, 0.944339, 0.328975, -0.000000, -0.328975, 0.944339)

          }},

          {Time = 0.100, Data = {

              ["Head"] = CFrame.new(0.000000, 0.000000, 0.000000, 1.000000, 0.000000, 0.000000, 0.000000, 1.000000, -0.000000, 0.000000, 0.000000, 1.000000),

              ["LeftFoot"] = CFrame.new(-0.000000, 0.034305, 0.000000, 0.979927, -0.152503, -0.128409, 0.015022, 0.698751, -0.715231, 0.198790, 0.698920, 0.686991),

              ["LeftHand"] = CFrame.new(0.000484, 0.025315, -0.000000, 0.967558, -0.218300, 0.127190, 0.217443, 0.975852, 0.020758, -0.128649, 0.007572, 0.991661),

              ["LeftLowerArm"] = CFrame.new(-0.000499, 0.119706, 0.091544, 1.000000, -0.000000, -0.000000, -0.000000, 0.053565, -0.998564, 0.000000, 0.998564, 0.053564),

              ["LeftLowerLeg"] = CFrame.new(0.000000, 0.121663, -0.126211, 1.000000, -0.000000, -0.000000, 0.000000, -0.309486, 0.950902, -0.000000, -0.950904, -0.309493),

              ["LeftUpperArm"] = CFrame.new(-0.054276, 0.154890, -0.349899, 0.181950, 0.035725, -0.982659, 0.419952, -0.906440, 0.044804, -0.889120, -0.420822, -0.179929),

              ["LeftUpperLeg"] = CFrame.new(-0.000000, -0.000000, -0.000100, 0.694316, 0.684575, 0.222007, -0.349825, 0.590614, -0.727174, -0.628926, 0.427238, 0.649561),

              ["LowerTorso"] = CFrame.new(0.044209, -0.924751, -0.077880, 1.000000, -0.000000, -0.000000, -0.000000, 0.966196, -0.257807, 0.000000, 0.257807, 0.966196),

              ["RightFoot"] = CFrame.new(-0.000000, 0.034574, -0.000100, 0.994838, 0.077629, 0.065364, 0.002230, 0.627226, -0.778857, -0.101454, 0.774959, 0.623786),

              ["RightHand"] = CFrame.new(-0.000483, 0.025394, 0.000001, 0.995097, 0.085556, -0.049626, -0.082968, 0.995191, 0.052066, 0.053841, -0.047692, 0.997410),

              ["RightLowerArm"] = CFrame.new(-0.000001, 0.120013, 0.095430, 1.000000, 0.000000, 0.000000, -0.000000, 0.013241, -0.999912, -0.000000, 0.999912, 0.013241),

              ["RightLowerLeg"] = CFrame.new(0.000000, 0.121059, -0.127505, 1.000000, 0.000000, 0.000000, -0.000000, -0.321930, 0.946761, 0.000000, -0.946764, -0.321937),

              ["RightUpperArm"] = CFrame.new(0.151731, 0.061489, -0.226076, 0.041050, -0.024472, 0.998857, -0.299221, -0.954120, -0.011079, 0.953301, -0.298424, -0.046489),

              ["RightUpperLeg"] = CFrame.new(0.000000, -0.000000, -0.000000, 0.836984, -0.490796, -0.242034, 0.217983, 0.704695, -0.675182, 0.501937, 0.512371, 0.696813),

              ["UpperTorso"] = CFrame.new(-0.000000, 0.060398, -0.042242, 1.000000, -0.000000, 0.000000, -0.000000, 0.966196, 0.257807, -0.000000, -0.257807, 0.966196)

          }},

          {Time = 0.120, Data = {

              ["Head"] = CFrame.new(0.000000, -0.000000, 0.000000, 1.000000, 0.000000, 0.000000, 0.000000, 1.000000, -0.000000, 0.000000, 0.000000, 1.000000),

              ["LeftFoot"] = CFrame.new(-0.000000, 0.034171, 0.000000, 0.994799, -0.077914, -0.065605, 0.016882, 0.761315, -0.648188, 0.100444, 0.643684, 0.758649),

              ["LeftHand"] = CFrame.new(0.000483, 0.025438, -0.000000, 0.964316, -0.228752, 0.133294, 0.223301, 0.973213, 0.054708, -0.142236, -0.022990, 0.989565),

              ["LeftLowerArm"] = CFrame.new(-0.000499, 0.119865, 0.094212, 1.000000, -0.000000, 0.000000, 0.000000, 0.025876, -0.999665, 0.000000, 0.999665, 0.025875),

              ["LeftLowerLeg"] = CFrame.new(-0.000000, 0.122408, -0.123847, 1.000000, -0.000000, -0.000000, 0.000000, -0.284866, 0.958565, -0.000000, -0.958567, -0.284874),

              ["LeftUpperArm"] = CFrame.new(-0.049287, 0.157794, -0.347463, 0.191926, 0.031972, -0.980889, 0.425760, -0.903231, 0.053865, -0.884247, -0.427962, -0.186966),

              ["LeftUpperLeg"] = CFrame.new(-0.000000, 0.000000, -0.000100, 0.744996, 0.633775, 0.208117, -0.172683, 0.484567, -0.857532, -0.644330, 0.602929, 0.470453),

              ["LowerTorso"] = CFrame.new(0.044209, -0.902260, 0.018315, 1.000000, -0.000000, -0.000000, 0.000000, 0.993880, -0.110466, 0.000000, 0.110466, 0.993880),

              ["RightFoot"] = CFrame.new(0.000000, 0.034439, -0.000100, 0.999758, 0.016845, 0.014184, -0.001900, 0.707676, -0.706560, -0.021939, 0.706336, 0.707511),

              ["RightHand"] = CFrame.new(-0.000483, 0.025526, -0.000000, 0.994151, 0.093409, -0.054211, -0.088486, 0.992267, 0.087039, 0.061921, -0.081731, 0.994729),

              ["RightLowerArm"] = CFrame.new(-0.000001, 0.120063, 0.098318, 1.000000, 0.000000, -0.000000, -0.000000, -0.016750, -0.999860, -0.000000, 0.999860, -0.016751),

              ["RightLowerLeg"] = CFrame.new(0.000000, 0.121837, -0.125149, 1.000000, 0.000000, 0.000000, -0.000000, -0.297382, 0.954756, 0.000000, -0.954759, -0.297389),

              ["RightUpperArm"] = CFrame.new(0.148004, 0.063957, -0.225118, 0.048502, -0.019987, 0.998623, -0.304159, -0.952612, -0.004293, 0.951386, -0.303532, -0.052283),

              ["RightUpperLeg"] = CFrame.new(0.000000, 0.000000, -0.000000, 0.865766, -0.446296, -0.226433, 0.074521, 0.562368, -0.823512, 0.494869, 0.696105, 0.520150),

              ["UpperTorso"] = CFrame.new(-0.000000, 0.054693, -0.068965, 1.000000, 0.000000, 0.000000, -0.000000, 0.993880, 0.110466, -0.000000, -0.110466, 0.993880)

          }},

          {Time = 0.140, Data = {

              ["Head"] = CFrame.new(0.000000, 0.000000, 0.000000, 1.000000, 0.000000, 0.000000, 0.000000, 1.000000, -0.000000, 0.000000, 0.000000, 1.000000),

              ["LeftFoot"] = CFrame.new(-0.000000, 0.033879, -0.000000, 0.999994, -0.002765, -0.002329, 0.001008, 0.831662, -0.555306, 0.003473, 0.555275, 0.831643),

              ["LeftHand"] = CFrame.new(0.000483, 0.025546, -0.000000, 0.961119, -0.238581, 0.139034, 0.228287, 0.969785, 0.086034, -0.155357, -0.050949, 0.986543),

              ["LeftLowerArm"] = CFrame.new(-0.000499, 0.119944, 0.096568, 1.000000, -0.000000, 0.000000, 0.000000, 0.001421, -0.999999, 0.000000, 0.999999, 0.001421),

              ["LeftLowerLeg"] = CFrame.new(-0.000000, 0.123727, -0.118829, 1.000000, -0.000000, -0.000000, 0.000000, -0.232548, 0.972583, -0.000000, -0.972585, -0.232557),

              ["LeftUpperArm"] = CFrame.new(-0.044595, 0.160503, -0.345100, 0.201312, 0.027511, -0.979141, 0.431179, -0.900039, 0.063362, -0.879522, -0.434941, -0.193050),

              ["LeftUpperLeg"] = CFrame.new(-0.000000, -0.000000, -0.000100, 0.788325, 0.579735, 0.206045, 0.030716, 0.297370, -0.954262, -0.614491, 0.758603, 0.216630),

              ["LowerTorso"] = CFrame.new(0.044209, -0.872268, 0.132449, 1.000000, -0.000000, -0.000000, 0.000000, 0.996007, 0.089276, 0.000000, -0.089276, 0.996007),

              ["RightFoot"] = CFrame.new(-0.000000, 0.034147, -0.000100, 0.998569, -0.040913, -0.034449, 0.011656, 0.795094, -0.606400, 0.052196, 0.605105, 0.794413),

              ["RightHand"] = CFrame.new(-0.000483, 0.025644, -0.000000, 0.993177, 0.100850, -0.058556, -0.093332, 0.988454, 0.119369, 0.069917, -0.113088, 0.991122),

              ["RightLowerArm"] = CFrame.new(-0.000001, 0.120035, 0.100879, 1.000000, 0.000000, -0.000000, -0.000000, -0.043340, -0.999060, -0.000000, 0.999060, -0.043341),

              ["RightLowerLeg"] = CFrame.new(0.000000, 0.123249, -0.120095, 1.000000, 0.000000, 0.000000, -0.000000, -0.244707, 0.969595, 0.000000, -0.969597, -0.244715),

              ["RightUpperArm"] = CFrame.new(0.144472, 0.066287, -0.224174, 0.055567, -0.014694, 0.998347, -0.308818, -0.951116, 0.003190, 0.949497, -0.308485, -0.057388),

              ["RightUpperLeg"] = CFrame.new(0.000000, -0.000000, -0.000000, 0.887998, -0.403526, -0.220520, -0.080097, 0.336474, -0.938274, 0.452817, 0.850854, 0.266482),

              ["UpperTorso"] = CFrame.new(-0.000000, 0.063712, -0.091415, 1.000000, 0.000000, 0.000000, -0.000000, 0.996007, -0.089276, -0.000000, 0.089276, 0.996007)

          }},

          {Time = 0.160, Data = {

              ["Head"] = CFrame.new(0.000000, 0.000000, 0.000000, 1.000000, 0.000000, 0.000000, 0.000000, 1.000000, -0.000000, 0.000000, 0.000000, 1.000000),

              ["LeftFoot"] = CFrame.new(0.000000, 0.033398, -0.000001, 0.997160, 0.057613, 0.048510, -0.029431, 0.890959, -0.453149, -0.069323, 0.450413, 0.890114),

              ["LeftHand"] = CFrame.new(0.000483, 0.025632, -0.000000, 0.958320, -0.246839, 0.143855, 0.232080, 0.966238, 0.111909, -0.166620, -0.073857, 0.983251),

              ["LeftLowerArm"] = CFrame.new(-0.000499, 0.119963, 0.098438, 1.000000, -0.000000, 0.000000, 0.000000, -0.017991, -0.999838, 0.000000, 0.999838, -0.017991),

              ["LeftLowerLeg"] = CFrame.new(-0.000000, 0.125278, -0.110396, 1.000000, -0.000000, -0.000000, 0.000000, -0.144703, 0.989474, -0.000000, -0.989475, -0.144714),

              ["LeftUpperArm"] = CFrame.new(-0.040650, 0.162763, -0.343061, 0.209200, 0.023108, -0.977600, 0.435698, -0.897206, 0.072029, -0.875444, -0.441007, -0.197764),

              ["LeftUpperLeg"] = CFrame.new(-0.000000, 0.000000, -0.000100, 0.817604, 0.531390, 0.221705, 0.207271, 0.087586, -0.974353, -0.537180, 0.842587, -0.038516),

              ["LowerTorso"] = CFrame.new(0.044209, -0.830150, 0.244585, 1.000000, -0.000000, -0.000000, 0.000000, 0.954213, 0.299127, 0.000000, -0.299127, 0.954213),

              ["RightFoot"] = CFrame.new(-0.000000, 0.033662, -0.000101, 0.993825, -0.084883, -0.071473, 0.038443, 0.867583, -0.495826, 0.104089, 0.489994, 0.865476),

              ["RightHand"] = CFrame.new(-0.000483, 0.025738, -0.000000, 0.992294, 0.107145, -0.062231, -0.097138, 0.984487, 0.146119, 0.076920, -0.138946, 0.987308),

              ["RightLowerArm"] = CFrame.new(-0.000001, 0.119962, 0.102919, 1.000000, 0.000000, -0.000000, -0.000000, -0.064525, -0.997916, -0.000000, 0.997916, -0.064526),

              ["RightLowerLeg"] = CFrame.new(0.000000, 0.124915, -0.111636, 1.000000, 0.000000, 0.000000, -0.000000, -0.156571, 0.987665, 0.000000, -0.987667, -0.156582),

              ["RightUpperArm"] = CFrame.new(0.141482, 0.068250, -0.223346, 0.061547, -0.009478, 0.998059, -0.312744, -0.949782, 0.010266, 0.947841, -0.312769, -0.061420),

              ["RightUpperLeg"] = CFrame.new(0.000000, -0.000000, -0.000000, 0.901573, -0.367815, -0.227777, -0.207178, 0.095117, -0.973666, 0.379795, 0.925021, 0.009568),

              ["UpperTorso"] = CFrame.new(-0.000000, 0.084886, -0.104318, 1.000000, 0.000000, 0.000000, -0.000000, 0.954213, -0.299127, -0.000000, 0.299127, 0.954213)

          }},

          {Time = 0.180, Data = {

              ["Head"] = CFrame.new(0.000000, 0.000000, 0.000000, 1.000000, 0.000000, 0.000000, 0.000000, 1.000000, -0.000000, 0.000000, 0.000000, 1.000000),

              ["LeftFoot"] = CFrame.new(0.000000, 0.032737, -0.000001, 0.991966, 0.096775, 0.081487, -0.060640, 0.928995, -0.365106, -0.111027, 0.357215, 0.927393),

              ["LeftHand"] = CFrame.new(0.000483, 0.025688, -0.000000, 0.956331, -0.252527, 0.147177, 0.234480, 0.963457, 0.129496, -0.174498, -0.089330, 0.980597),

              ["LeftLowerArm"] = CFrame.new(-0.000499, 0.119957, 0.099670, 1.000000, -0.000000, -0.000000, 0.000000, -0.030782, -0.999526, 0.000000, 0.999526, -0.030783),

              ["LeftLowerLeg"] = CFrame.new(-0.000000, 0.126048, -0.100532, 1.000000, -0.000000, -0.000000, 0.000000, -0.041980, 0.999118, -0.000000, -0.999118, -0.041993),

              ["LeftUpperArm"] = CFrame.new(-0.037933, 0.164311, -0.341628, 0.214635, 0.019747, -0.976495, 0.438794, -0.895166, 0.078346, -0.872578, -0.445295, -0.200799),

              ["LeftUpperLeg"] = CFrame.new(0.000000, -0.000000, -0.000100, 0.833944, 0.493899, 0.246183, 0.328079, -0.085032, -0.940817, -0.443735, 0.865351, -0.232933),

              ["LowerTorso"] = CFrame.new(0.044209, -0.782888, 0.334686, 1.000000, -0.000000, -0.000000, 0.000000, 0.879148, 0.476549, 0.000000, -0.476549, 0.879148),

              ["RightFoot"] = CFrame.new(-0.000000, 0.033061, -0.000101, 0.989195, -0.112150, -0.094432, 0.065394, 0.913983, -0.400467, 0.131214, 0.389946, 0.911432),

              ["RightHand"] = CFrame.new(-0.000483, 0.025800, -0.000000, 0.991651, 0.111505, -0.064776, -0.099614, 0.981363, 0.164328, 0.081891, -0.156501, 0.984277),

              ["RightLowerArm"] = CFrame.new(-0.000001, 0.119890, 0.104267, 1.000000, 0.000000, -0.000000, -0.000000, -0.078526, -0.996912, -0.000000, 0.996912, -0.078527),

              ["RightLowerLeg"] = CFrame.new(0.000000, 0.125834, -0.101753, 1.000000, 0.000000, 0.000000, -0.000000, -0.053680, 0.998558, 0.000000, -0.998558, -0.053693),

              ["RightUpperArm"] = CFrame.new(0.139411, 0.069606, -0.222757, 0.065690, -0.005494, 0.997825, -0.315456, -0.948813, 0.015544, 0.946664, -0.315791, -0.064060),

              ["RightUpperLeg"] = CFrame.new(0.000000, -0.000000, -0.000000, 0.908517, -0.340661, -0.241974, -0.290176, -0.097708, -0.951974, 0.300657, 0.935095, -0.187602),

              ["UpperTorso"] = CFrame.new(-0.000000, 0.109150, -0.104705, 1.000000, 0.000000, 0.000000, -0.000000, 0.879148, -0.476549, -0.000000, 0.476549, 0.879148)

          }},

          {Time = 0.200, Data = {

              ["Head"] = CFrame.new(0.000000, 0.000000, 0.000000, 1.000000, 0.000000, 0.000000, 0.000000, 1.000000, -0.000000, 0.000000, 0.000000, 1.000000),

              ["LeftFoot"] = CFrame.new(-0.000000, 0.032234, -0.000001, 0.988428, 0.116040, 0.097708, -0.080475, 0.947097, -0.310710, -0.128587, 0.299237, 0.945470),

              ["LeftHand"] = CFrame.new(0.000483, 0.025709, -0.000000, 0.955580, -0.254641, 0.148410, 0.235328, 0.962357, 0.135980, -0.177448, -0.095014, 0.979532),

              ["LeftLowerArm"] = CFrame.new(-0.000499, 0.119950, 0.100116, 1.000000, -0.000000, 0.000000, 0.000000, -0.035416, -0.999373, 0.000000, 0.999373, -0.035417),

              ["LeftLowerLeg"] = CFrame.new(-0.000000, 0.125894, -0.093194, 1.000000, -0.000000, -0.000000, 0.000000, 0.034405, 0.999408, -0.000000, -0.999408, 0.034391),

              ["LeftUpperArm"] = CFrame.new(-0.036923, 0.164884, -0.341090, 0.216655, 0.018432, -0.976074, 0.439940, -0.894388, 0.080762, -0.871501, -0.446911, -0.201882),

              ["LeftUpperLeg"] = CFrame.new(-0.000000, 0.000000, -0.000100, 0.841206, 0.471181, 0.265268, 0.392426, -0.194511, -0.898985, -0.371987, 0.860322, -0.348510),

              ["LowerTorso"] = CFrame.new(0.044209, -0.747498, 0.387582, 1.000000, -0.000000, -0.000000, 0.000000, 0.806548, 0.591168, 0.000000, -0.591168, 0.806548),

              ["RightFoot"] = CFrame.new(-0.000000, 0.032500, -0.000101, 0.986541, -0.125084, -0.105323, 0.082228, 0.936220, -0.341674, 0.141336, 0.328399, 0.933898),

              ["RightHand"] = CFrame.new(-0.000483, 0.025822, -0.000000, 0.991404, 0.113130, -0.065724, -0.100503, 0.980124, 0.171047, 0.083767, -0.162969, 0.983068),

              ["RightLowerArm"] = CFrame.new(-0.000001, 0.119859, 0.104756, 1.000000, 0.000000, -0.000000, -0.000000, -0.083608, -0.996499, -0.000000, 0.996499, -0.083608),

              ["RightLowerLeg"] = CFrame.new(-0.000000, 0.125750, -0.094382, 1.000000, 0.000000, 0.000000, -0.000000, 0.023087, 0.999734, 0.000000, -0.999734, 0.023073),

              ["RightUpperArm"] = CFrame.new(0.138639, 0.070111, -0.222535, 0.067234, -0.003934, 0.997729, -0.316465, -0.948441, 0.017586, 0.946219, -0.316929, -0.065012),

              ["RightUpperLeg"] = CFrame.new(0.000000, 0.000000, -0.000000, 0.911412, -0.324039, -0.253637, -0.332582, -0.217109, -0.917748, 0.242319, 0.920794, -0.305626),

              ["UpperTorso"] = CFrame.new(-0.000000, 0.125376, -0.095464, 1.000000, 0.000000, 0.000000, -0.000000, 0.806548, -0.591168, -0.000000, 0.591168, 0.806548)

          }},

          {Time = 0.220, Data = {

              ["Head"] = CFrame.new(0.000000, 0.000000, 0.000000, 1.000000, 0.000000, 0.000000, 0.000000, 1.000000, -0.000000, 0.000000, 0.000000, 1.000000),

              ["LeftFoot"] = CFrame.new(-0.000000, 0.032152, -0.000001, 0.987787, 0.119189, 0.100360, -0.084032, 0.949901, -0.301056, -0.131208, 0.288933, 0.948311),

              ["LeftHand"] = CFrame.new(0.000483, 0.025688, -0.000000, 0.956331, -0.252527, 0.147177, 0.234480, 0.963457, 0.129496, -0.174498, -0.089330, 0.980597),

              ["LeftLowerArm"] = CFrame.new(-0.000499, 0.119957, 0.099670, 1.000000, -0.000000, -0.000000, 0.000000, -0.030782, -0.999526, 0.000000, 0.999526, -0.030783),

              ["LeftLowerLeg"] = CFrame.new(0.000000, 0.125807, -0.091853, 1.000000, -0.000000, -0.000000, 0.000000, 0.048356, 0.998831, -0.000000, -0.998830, 0.048342),

              ["LeftUpperArm"] = CFrame.new(-0.037933, 0.164311, -0.341628, 0.214635, 0.019747, -0.976495, 0.438794, -0.895166, 0.078346, -0.872578, -0.445295, -0.200799),

              ["LeftUpperLeg"] = CFrame.new(-0.000000, -0.000000, -0.000100, 0.842344, 0.467199, 0.268678, 0.412068, -0.237015, -0.879791, -0.347356, 0.851792, -0.392148),

              ["LowerTorso"] = CFrame.new(0.044209, -0.741218, 0.396864, 1.000000, -0.000000, -0.000000, 0.000000, 0.774974, 0.631994, 0.000000, -0.631994, 0.774974),

              ["RightFoot"] = CFrame.new(-0.000000, 0.032418, -0.000101, 0.986081, -0.127188, -0.107095, 0.085228, 0.939687, -0.331263, 0.142760, 0.317510, 0.937441),

              ["RightHand"] = CFrame.new(-0.000483, 0.025800, -0.000000, 0.991651, 0.111505, -0.064776, -0.099614, 0.981363, 0.164328, 0.081891, -0.156501, 0.984277),

              ["RightLowerArm"] = CFrame.new(-0.000001, 0.119890, 0.104267, 1.000000, 0.000000, -0.000000, -0.000000, -0.078526, -0.996912, -0.000000, 0.996912, -0.078527),

              ["RightLowerLeg"] = CFrame.new(0.000000, 0.125679, -0.093037, 1.000000, 0.000000, 0.000000, -0.000000, 0.037079, 0.999313, 0.000000, -0.999312, 0.037065),

              ["RightUpperArm"] = CFrame.new(0.139411, 0.069606, -0.222757, 0.065690, -0.005494, 0.997825, -0.315456, -0.948813, 0.015544, 0.946664, -0.315791, -0.064060),

              ["RightUpperLeg"] = CFrame.new(0.000000, 0.000000, 0.000000, 0.911858, -0.321121, -0.255736, -0.345207, -0.262728, -0.901008, 0.222143, 0.909865, -0.350405),

              ["UpperTorso"] = CFrame.new(-0.000000, 0.126746, -0.082537, 1.000000, 0.000000, 0.000000, -0.000000, 0.774974, -0.631994, -0.000000, 0.631994, 0.774974)

          }},

          {Time = 0.240, Data = {

              ["Head"] = CFrame.new(0.000000, 0.000000, 0.000000, 1.000000, 0.000000, 0.000000, 0.000000, 1.000000, -0.000000, 0.000000, 0.000000, 1.000000),

              ["LeftFoot"] = CFrame.new(-0.000000, 0.032430, -0.000001, 0.989558, 0.110261, 0.092842, -0.073878, 0.941030, -0.330172, -0.123766, 0.319851, 0.939344),

              ["LeftHand"] = CFrame.new(0.000483, 0.025632, -0.000000, 0.958320, -0.246839, 0.143855, 0.232080, 0.966238, 0.111909, -0.166620, -0.073857, 0.983251),

              ["LeftLowerArm"] = CFrame.new(-0.000499, 0.119963, 0.098438, 1.000000, -0.000000, 0.000000, 0.000000, -0.017991, -0.999838, 0.000000, 0.999838, -0.017991),

              ["LeftLowerLeg"] = CFrame.new(0.000000, 0.126024, -0.096397, 1.000000, -0.000000, -0.000000, 0.000000, 0.001088, 0.999999, -0.000000, -0.999999, 0.001074),

              ["LeftUpperArm"] = CFrame.new(-0.040650, 0.162763, -0.343061, 0.209200, 0.023108, -0.977600, 0.435698, -0.897206, 0.072029, -0.875444, -0.441007, -0.197764),

              ["LeftUpperLeg"] = CFrame.new(-0.000000, -0.000000, -0.000100, 0.839082, 0.479914, 0.256183, 0.400353, -0.225936, -0.888076, -0.368319, 0.847724, -0.381696),

              ["LowerTorso"] = CFrame.new(0.044209, -0.764580, 0.370028, 1.000000, -0.000000, -0.000000, 0.000000, 0.790289, 0.612735, 0.000000, -0.612735, 0.790289),

              ["RightFoot"] = CFrame.new(0.000000, 0.032697, -0.000101, 0.987314, -0.121462, -0.102274, 0.076690, 0.928757, -0.362687, 0.139032, 0.350226, 0.926282),

              ["RightHand"] = CFrame.new(-0.000483, 0.025738, -0.000000, 0.992294, 0.107145, -0.062231, -0.097138, 0.984487, 0.146119, 0.076920, -0.138946, 0.987308),

              ["RightLowerArm"] = CFrame.new(-0.000001, 0.119962, 0.102919, 1.000000, 0.000000, -0.000000, -0.000000, -0.064525, -0.997916, -0.000000, 0.997916, -0.064526),

              ["RightLowerLeg"] = CFrame.new(-0.000000, 0.125844, -0.097594, 1.000000, 0.000000, 0.000000, -0.000000, -0.010327, 0.999947, 0.000000, -0.999947, -0.010341),

              ["RightUpperArm"] = CFrame.new(0.141482, 0.068250, -0.223346, 0.061547, -0.009478, 0.998059, -0.312744, -0.949782, 0.010266, 0.947841, -0.312769, -0.061420),

              ["RightUpperLeg"] = CFrame.new(0.000000, -0.000000, -0.000000, 0.910627, -0.330505, -0.248050, -0.337911, -0.250072, -0.907353, 0.237854, 0.910072, -0.339385),

              ["UpperTorso"] = CFrame.new(-0.000000, 0.115904, -0.068222, 1.000000, 0.000000, 0.000000, -0.000000, 0.790289, -0.612735, -0.000000, 0.612735, 0.790289)

          }},

          {Time = 0.260, Data = {

              ["Head"] = CFrame.new(0.000000, 0.000000, 0.000000, 1.000000, 0.000000, 0.000000, 0.000000, 1.000000, -0.000000, 0.000000, 0.000000, 1.000000),

              ["LeftFoot"] = CFrame.new(0.000000, 0.033094, -0.000001, 0.993136, 0.089476, 0.075341, -0.053380, 0.919808, -0.388738, -0.104076, 0.382030, 0.918263),

              ["LeftHand"] = CFrame.new(0.000483, 0.025546, -0.000000, 0.961119, -0.238581, 0.139034, 0.228287, 0.969785, 0.086034, -0.155357, -0.050949, 0.986543),

              ["LeftLowerArm"] = CFrame.new(-0.000499, 0.119944, 0.096568, 1.000000, -0.000000, 0.000000, 0.000000, 0.001421, -0.999999, 0.000000, 0.999999, 0.001421),

              ["LeftLowerLeg"] = CFrame.new(-0.000000, 0.125860, -0.104957, 1.000000, -0.000000, -0.000000, 0.000000, -0.088095, 0.996111, -0.000000, -0.996112, -0.088107),

              ["LeftUpperArm"] = CFrame.new(-0.044595, 0.160503, -0.345100, 0.201312, 0.027511, -0.979141, 0.431179, -0.900039, 0.063362, -0.879522, -0.434941, -0.193050),

              ["LeftUpperLeg"] = CFrame.new(-0.000000, 0.000000, -0.000100, 0.831059, 0.505549, 0.231878, 0.358604, -0.168383, -0.918181, -0.425141, 0.846207, -0.321212),

              ["LowerTorso"] = CFrame.new(0.044209, -0.809464, 0.314393, 1.000000, -0.000000, -0.000000, 0.000000, 0.838997, 0.544136, 0.000000, -0.544136, 0.838997),

              ["RightFoot"] = CFrame.new(0.000000, 0.033356, -0.000101, 0.990007, -0.107877, -0.090835, 0.059268, 0.902721, -0.426144, 0.127962, 0.416482, 0.900084),

              ["RightHand"] = CFrame.new(-0.000483, 0.025644, -0.000000, 0.993177, 0.100850, -0.058556, -0.093332, 0.988454, 0.119369, 0.069917, -0.113088, 0.991122),

              ["RightLowerArm"] = CFrame.new(-0.000001, 0.120035, 0.100879, 1.000000, 0.000000, -0.000000, -0.000000, -0.043340, -0.999060, -0.000000, 0.999060, -0.043341),

              ["RightLowerLeg"] = CFrame.new(-0.000000, 0.125566, -0.106181, 1.000000, 0.000000, 0.000000, -0.000000, -0.099788, 0.995008, 0.000000, -0.995009, -0.099799),

              ["RightUpperArm"] = CFrame.new(0.144472, 0.066287, -0.224174, 0.055567, -0.014694, 0.998347, -0.308818, -0.951116, 0.003190, 0.949497, -0.308485, -0.057388),

              ["RightUpperLeg"] = CFrame.new(0.000000, -0.000000, -0.000000, 0.907504, -0.349291, -0.233316, -0.311129, -0.185808, -0.932030, 0.282197, 0.918407, -0.277278),

              ["UpperTorso"] = CFrame.new(-0.000000, 0.099032, -0.051074, 1.000000, 0.000000, 0.000000, -0.000000, 0.838997, -0.544136, -0.000000, 0.544136, 0.838997)

          }},

          {Time = 0.280, Data = {

              ["Head"] = CFrame.new(0.000000, -0.000000, 0.000000, 1.000000, 0.000000, 0.000000, 0.000000, 1.000000, -0.000000, 0.000000, 0.000000, 1.000000),

              ["LeftFoot"] = CFrame.new(0.000000, 0.033669, -0.000001, 0.997476, 0.054313, 0.045732, -0.026624, 0.883214, -0.468235, -0.065818, 0.465814, 0.882420),

              ["LeftHand"] = CFrame.new(0.000483, 0.025438, -0.000000, 0.964316, -0.228752, 0.133294, 0.223301, 0.973213, 0.054708, -0.142236, -0.022990, 0.989565),

              ["LeftLowerArm"] = CFrame.new(-0.000499, 0.119865, 0.094212, 1.000000, -0.000000, 0.000000, 0.000000, 0.025876, -0.999665, 0.000000, 0.999665, 0.025875),

              ["LeftLowerLeg"] = CFrame.new(-0.000000, 0.124495, -0.115190, 1.000000, -0.000000, -0.000000, 0.000000, -0.194627, 0.980875, -0.000000, -0.980877, -0.194637),

              ["LeftUpperArm"] = CFrame.new(-0.049287, 0.157794, -0.347463, 0.191926, 0.031972, -0.980889, 0.425760, -0.903231, 0.053865, -0.884247, -0.427962, -0.186966),

              ["LeftUpperLeg"] = CFrame.new(-0.000000, 0.000000, -0.000100, 0.816132, 0.541483, 0.201816, 0.280457, -0.065820, -0.957608, -0.505245, 0.838131, -0.205566),

              ["LowerTorso"] = CFrame.new(0.044209, -0.865178, 0.235884, 1.000000, -0.000000, -0.000000, 0.000000, 0.901174, 0.433457, 0.000000, -0.433457, 0.901174),

              ["RightFoot"] = CFrame.new(-0.000000, 0.033936, -0.000100, 0.993924, -0.084202, -0.070899, 0.036108, 0.857862, -0.512634, 0.103980, 0.506935, 0.855675),

              ["RightHand"] = CFrame.new(-0.000483, 0.025526, -0.000000, 0.994151, 0.093409, -0.054211, -0.088486, 0.992267, 0.087039, 0.061921, -0.081731, 0.994729),

              ["RightLowerArm"] = CFrame.new(-0.000001, 0.120063, 0.098318, 1.000000, 0.000000, -0.000000, -0.000000, -0.016750, -0.999860, -0.000000, 0.999860, -0.016751),

              ["RightLowerLeg"] = CFrame.new(0.000000, 0.124068, -0.116444, 1.000000, 0.000000, 0.000000, -0.000000, -0.206657, 0.978411, 0.000000, -0.978413, -0.206667),

              ["RightUpperArm"] = CFrame.new(0.148004, 0.063957, -0.225118, 0.048502, -0.019987, 0.998623, -0.304159, -0.952612, -0.004293, 0.951386, -0.303532, -0.052283),

              ["RightUpperLeg"] = CFrame.new(0.000000, -0.000000, -0.000000, 0.901385, -0.375473, -0.215707, -0.259333, -0.069178, -0.963308, 0.346774, 0.924248, -0.159712),

              ["UpperTorso"] = CFrame.new(-0.000000, 0.082943, -0.029460, 1.000000, 0.000000, 0.000000, -0.000000, 0.901174, -0.433457, -0.000000, 0.433457, 0.901174)

          }},

          {Time = 0.300, Data = {

              ["Head"] = CFrame.new(0.000000, 0.000000, 0.000000, 1.000000, 0.000000, 0.000000, 0.000000, 1.000000, -0.000000, 0.000000, 0.000000, 1.000000),

              ["LeftFoot"] = CFrame.new(0.000000, 0.034220, -0.000000, 0.999998, 0.001674, 0.001409, -0.000598, 0.828939, -0.559364, -0.002103, 0.559336, 0.828921),

              ["LeftHand"] = CFrame.new(0.000484, 0.025315, -0.000000, 0.967558, -0.218300, 0.127190, 0.217443, 0.975852, 0.020758, -0.128649, 0.007572, 0.991661),

              ["LeftLowerArm"] = CFrame.new(-0.000499, 0.119706, 0.091544, 1.000000, -0.000000, -0.000000, -0.000000, 0.053565, -0.998564, 0.000000, 0.998564, 0.053564),

              ["LeftLowerLeg"] = CFrame.new(-0.000000, 0.122145, -0.124709, 1.000000, -0.000000, -0.000000, 0.000000, -0.293839, 0.955852, -0.000000, -0.955855, -0.293847),

              ["LeftUpperArm"] = CFrame.new(-0.054276, 0.154890, -0.349899, 0.181950, 0.035725, -0.982659, 0.419952, -0.906440, 0.044804, -0.889120, -0.420822, -0.179929),

