return {
["self ass slap"] = {

          {Time = 0.000, Data = {

              ["Head"] = CFrame.new(0.000000, 0.000000, 0.000000, 1.000000, 0.000000, 0.000000, 0.000000, 1.000000, -0.000000, 0.000000, 0.000000, 1.000000),

              ["LeftFoot"] = CFrame.new(0.000000, -0.002419, -0.000003, 0.995793, -0.070096, -0.059022, 0.071387, 0.997247, 0.020067, 0.057450, -0.024184, 0.998055),

              ["LeftHand"] = CFrame.new(0.000500, 0.000100, -0.000000, 1.000000, 0.000000, -0.000937, 0.000000, 1.000000, 0.000003, 0.000938, -0.000003, 1.000000),

              ["LeftLowerArm"] = CFrame.new(-0.000500, -0.000099, -0.000000, 1.000000, -0.000000, -0.000000, 0.000000, 1.000000, -0.000007, 0.000000, 0.000006, 1.000000),

              ["LeftLowerLeg"] = CFrame.new(-0.000000, -0.002011, 0.000074, 1.000000, 0.000000, 0.000000, 0.000000, 1.000000, -0.000007, -0.000000, -0.000011, 1.000000),

              ["LeftUpperArm"] = CFrame.new(-0.000000, -0.000000, -0.000469, 1.000000, 0.000000, 0.000938, -0.000000, 1.000000, 0.000004, -0.000938, -0.000003, 1.000000),

              ["LeftUpperLeg"] = CFrame.new(0.000000, -0.000000, -0.000100, 0.997540, 0.070056, -0.002499, -0.070096, 0.997247, -0.024188, 0.000798, 0.024311, 0.999704),

              ["LowerTorso"] = CFrame.new(0.000000, 0.000000, 0.042640, 1.000000, 0.000000, -0.000000, 0.000000, 1.000000, 0.000000, 0.000000, 0.000000, 1.000000),

              ["RightFoot"] = CFrame.new(0.000000, -0.003709, -0.000103, 0.993052, 0.090017, 0.075797, -0.091817, 0.995563, 0.020604, -0.073602, -0.027408, 0.996910),

              ["RightHand"] = CFrame.new(-0.000497, 0.004403, -0.000000, 0.999581, 0.025374, -0.013920, -0.023893, 0.994914, 0.097855, 0.016332, -0.097480, 0.995103),

              ["RightLowerArm"] = CFrame.new(0.000000, 0.024128, 0.001953, 1.000000, 0.000000, 0.000000, -0.000000, 0.979998, -0.199007, -0.000000, 0.199007, 0.979998),

              ["RightLowerLeg"] = CFrame.new(-0.000000, -0.003695, -0.000045, 1.000000, -0.000000, -0.000000, -0.000000, 1.000000, -0.000008, -0.000000, -0.000011, 1.000000),

              ["RightUpperArm"] = CFrame.new(0.000209, -0.012688, 0.006960, 0.999581, -0.026666, 0.011250, 0.025375, 0.994413, 0.102464, -0.013920, -0.102135, 0.994673),

              ["RightUpperLeg"] = CFrame.new(0.000000, -0.000000, -0.000000, 0.995289, -0.090920, -0.033679, 0.090017, 0.995563, -0.027412, 0.036022, 0.024259, 0.999057),

              ["UpperTorso"] = CFrame.new(-0.000000, 0.000000, -0.042640, 1.000000, 0.000000, 0.000000, 0.000000, 1.000000, 0.000000, -0.000000, 0.000000, 1.000000)

          }},

          {Time = 0.017, Data = {

              ["Head"] = CFrame.new(-0.000000, 0.000000, 0.000000, 1.000000, 0.000000, -0.000000, -0.000000, 1.000000, 0.000000, 0.000000, -0.000000, 1.000000),

              ["LeftFoot"] = CFrame.new(0.000000, -0.002342, -0.000003, 0.995792, -0.070103, -0.059029, 0.071390, 0.997248, 0.019988, 0.057462, -0.024106, 0.998056),

              ["LeftHand"] = CFrame.new(0.000499, 0.001464, -0.000000, 0.999989, -0.004354, 0.001614, 0.004324, 0.999826, 0.018133, -0.001693, -0.018125, 0.999834),

              ["LeftLowerArm"] = CFrame.new(-0.000500, 0.006511, 0.000127, 1.000000, -0.000000, -0.000000, 0.000000, 0.998611, -0.052691, 0.000000, 0.052690, 0.998611),

              ["LeftLowerLeg"] = CFrame.new(0.000000, -0.001933, 0.000075, 1.000000, -0.000000, 0.000000, 0.000000, 1.000000, -0.000007, -0.000000, -0.000011, 1.000000),

              ["LeftUpperArm"] = CFrame.new(0.002564, -0.004264, 0.003590, 0.999964, 0.004606, -0.007069, -0.004433, 0.999696, 0.024262, 0.007179, -0.024229, 0.999681),

              ["LeftUpperLeg"] = CFrame.new(0.000000, -0.000000, -0.000100, 0.997547, 0.069954, -0.002524, -0.069994, 0.997247, -0.024456, 0.000806, 0.024581, 0.999698),

              ["LowerTorso"] = CFrame.new(0.000002, -0.000221, 0.042477, 1.000000, 0.000109, 0.000039, -0.000109, 1.000000, 0.000346, -0.000039, -0.000346, 1.000000),

              ["RightFoot"] = CFrame.new(0.000000, -0.003576, -0.000103, 0.993050, 0.090033, 0.075811, -0.091827, 0.995564, 0.020505, -0.073624, -0.027312, 0.996911),

              ["RightHand"] = CFrame.new(-0.000497, 0.004441, -0.000000, 0.999586, 0.025237, -0.013840, -0.023762, 0.994904, 0.097990, 0.016242, -0.097619, 0.995091),

              ["RightLowerArm"] = CFrame.new(-0.000000, 0.024372, 0.001994, 1.000000, 0.000000, 0.000000, -0.000000, 0.979574, -0.201085, -0.000000, 0.201085, 0.979574),

              ["RightLowerLeg"] = CFrame.new(-0.000000, -0.003563, -0.000044, 1.000000, -0.000000, 0.000000, -0.000000, 1.000000, -0.000007, -0.000000, -0.000011, 1.000000),

              ["RightUpperArm"] = CFrame.new(0.000208, -0.012682, 0.006884, 0.999583, -0.026647, 0.011082, 0.025364, 0.994342, 0.103153, -0.013768, -0.102828, 0.994604),

              ["RightUpperLeg"] = CFrame.new(0.000000, -0.000000, -0.000000, 0.995275, -0.091043, -0.033737, 0.090129, 0.995546, -0.027665, 0.036106, 0.024501, 0.999048),

              ["UpperTorso"] = CFrame.new(-0.000000, -0.000000, -0.042477, 1.000000, -0.000000, 0.000000, -0.000000, 1.000000, -0.000000, -0.000000, 0.000000, 1.000000)

          }},

          {Time = 0.033, Data = {

              ["Head"] = CFrame.new(-0.000000, 0.000000, -0.000000, 1.000000, 0.000000, 0.000000, -0.000000, 1.000000, -0.000000, -0.000000, 0.000000, 1.000000),

              ["LeftFoot"] = CFrame.new(-0.000000, -0.002101, -0.000003, 0.995789, -0.070124, -0.059046, 0.071399, 0.997252, 0.019759, 0.057496, -0.023879, 0.998060),

              ["LeftHand"] = CFrame.new(0.000497, 0.004273, -0.000000, 0.999821, -0.016736, 0.008869, 0.016156, 0.997952, 0.061893, -0.009886, -0.061738, 0.998043),

              ["LeftLowerArm"] = CFrame.new(-0.000500, 0.022585, 0.001715, 1.000000, -0.000000, -0.000000, 0.000000, 0.982418, -0.186697, 0.000000, 0.186696, 0.982418),

              ["LeftLowerLeg"] = CFrame.new(0.000000, -0.001694, 0.000078, 1.000000, 0.000000, -0.000000, 0.000000, 1.000000, -0.000007, -0.000000, -0.000011, 1.000000),

              ["LeftUpperArm"] = CFrame.new(0.009669, -0.016735, 0.014979, 0.999395, 0.020151, -0.028338, -0.017653, 0.996157, 0.085795, 0.029958, -0.085242, 0.995910),

              ["LeftUpperLeg"] = CFrame.new(0.000000, -0.000000, -0.000100, 0.997568, 0.069658, -0.002595, -0.069702, 0.997249, -0.025233, 0.000830, 0.025360, 0.999678),

              ["LowerTorso"] = CFrame.new(0.000006, -0.000862, 0.042006, 1.000000, 0.000425, 0.000152, -0.000425, 0.999999, 0.001349, -0.000151, -0.001349, 0.999999),

              ["RightFoot"] = CFrame.new(-0.000000, -0.003161, -0.000103, 0.993042, 0.090081, 0.075851, -0.091855, 0.995568, 0.020217, -0.073690, -0.027032, 0.996914),

              ["RightHand"] = CFrame.new(-0.000497, 0.004551, -0.000000, 0.999599, 0.024840, -0.013609, -0.023384, 0.994877, 0.098355, 0.015982, -0.097996, 0.995058),

              ["RightLowerArm"] = CFrame.new(-0.000000, 0.025071, 0.002117, 1.000000, 0.000000, 0.000000, -0.000000, 0.978327, -0.207068, -0.000000, 0.207068, 0.978326),

              ["RightLowerLeg"] = CFrame.new(0.000000, -0.003149, -0.000038, 1.000000, -0.000000, 0.000000, -0.000000, 1.000000, -0.000007, -0.000000, -0.000011, 1.000000),

              ["RightUpperArm"] = CFrame.new(0.000205, -0.012667, 0.006666, 0.999590, -0.026593, 0.010598, 0.025334, 0.994137, 0.105122, -0.013332, -0.104809, 0.994403),

              ["RightUpperLeg"] = CFrame.new(0.000000, -0.000000, -0.000000, 0.995237, -0.091399, -0.033906, 0.090455, 0.995495, -0.028398, 0.036349, 0.025203, 0.999022),

              ["UpperTorso"] = CFrame.new(-0.000000, -0.000000, -0.042006, 1.000000, 0.000000, 0.000000, 0.000000, 1.000000, -0.000000, -0.000000, -0.000000, 1.000000)

          }},

          {Time = 0.050, Data = {

              ["Head"] = CFrame.new(-0.000000, 0.000000, -0.000000, 1.000000, -0.000000, 0.000000, 0.000000, 1.000000, -0.000000, -0.000000, 0.000000, 1.000000),

              ["LeftFoot"] = CFrame.new(-0.000000, -0.001698, -0.000003, 0.995785, -0.070159, -0.059075, 0.071413, 0.997259, 0.019391, 0.057550, -0.023515, 0.998065),

              ["LeftHand"] = CFrame.new(0.000495, 0.007090, -0.000000, 0.999146, -0.036064, 0.020188, 0.033690, 0.993619, 0.107645, -0.023941, -0.106871, 0.993984),

              ["LeftLowerArm"] = CFrame.new(-0.000500, 0.041286, 0.006152, 1.000000, -0.000000, -0.000000, 0.000000, 0.937348, -0.348396, 0.000000, 0.348396, 0.937347),

              ["LeftLowerLeg"] = CFrame.new(0.000000, -0.001292, 0.000084, 1.000000, -0.000000, 0.000000, 0.000000, 1.000000, -0.000007, -0.000000, -0.000011, 1.000000),

              ["LeftUpperArm"] = CFrame.new(0.020192, -0.037216, 0.032224, 0.997115, 0.049850, -0.057250, -0.040114, 0.986278, 0.160144, 0.064447, -0.157385, 0.985432),

              ["LeftUpperLeg"] = CFrame.new(0.000000, 0.000000, -0.000100, 0.997600, 0.069186, -0.002708, -0.069233, 0.997249, -0.026474, 0.000869, 0.026605, 0.999646),

              ["LowerTorso"] = CFrame.new(0.000014, -0.001890, 0.041250, 1.000000, 0.000929, 0.000333, -0.000930, 0.999995, 0.002953, -0.000330, -0.002953, 0.999996),

              ["RightFoot"] = CFrame.new(-0.000000, -0.002521, -0.000103, 0.993030, 0.090158, 0.075916, -0.091900, 0.995573, 0.019756, -0.073795, -0.026582, 0.996919),

              ["RightHand"] = CFrame.new(-0.000497, 0.004723, -0.000000, 0.999619, 0.024207, -0.013240, -0.022782, 0.994839, 0.098878, 0.015565, -0.098538, 0.995012),

              ["RightLowerArm"] = CFrame.new(-0.000000, 0.026176, 0.002319, 1.000000, 0.000000, 0.000000, -0.000000, 0.976273, -0.216543, -0.000000, 0.216543, 0.976273),

              ["RightLowerLeg"] = CFrame.new(0.000000, -0.002512, -0.000030, 1.000000, -0.000000, 0.000000, -0.000000, 1.000000, -0.000007, -0.000000, -0.000011, 1.000000),

              ["RightUpperArm"] = CFrame.new(0.000200, -0.012641, 0.006319, 0.999601, -0.026499, 0.009831, 0.025282, 0.993807, 0.108205, -0.012638, -0.107913, 0.994080),

              ["RightUpperLeg"] = CFrame.new(-0.000000, 0.000000, -0.000000, 0.995175, -0.091970, -0.034176, 0.090976, 0.995414, -0.029568, 0.036739, 0.026324, 0.998978),

              ["UpperTorso"] = CFrame.new(-0.000000, 0.000000, -0.041250, 1.000000, -0.000000, 0.000000, -0.000000, 1.000000, 0.000000, -0.000000, -0.000000, 1.000000)

          }},

          {Time = 0.067, Data = {

              ["Head"] = CFrame.new(0.000000, 0.000000, -0.000000, 1.000000, -0.000000, 0.000000, -0.000000, 1.000000, -0.000000, 0.000000, 0.000000, 1.000000),

              ["LeftFoot"] = CFrame.new(0.000000, -0.001159, -0.000003, 0.995780, -0.070205, -0.059114, 0.071431, 0.997267, 0.018894, 0.057623, -0.023025, 0.998072),

              ["LeftHand"] = CFrame.new(0.000493, 0.009711, -0.000000, 0.997508, -0.061287, 0.034956, 0.055716, 0.988203, 0.142660, -0.043286, -0.140355, 0.989154),

              ["LeftLowerArm"] = CFrame.new(-0.000500, 0.059233, 0.013483, 1.000000, -0.000000, -0.000000, 0.000000, 0.862706, -0.505707, 0.000000, 0.505707, 0.862706),

              ["LeftLowerLeg"] = CFrame.new(-0.000000, -0.000755, 0.000091, 1.000000, 0.000000, -0.000000, 0.000000, 1.000000, -0.000007, -0.000000, -0.000011, 1.000000),

              ["LeftUpperArm"] = CFrame.new(0.032838, -0.065746, 0.053470, 0.991601, 0.095502, -0.087219, -0.072744, 0.969406, 0.234438, 0.106940, -0.226123, 0.968211),

              ["LeftUpperLeg"] = CFrame.new(0.000000, 0.000000, -0.000100, 0.997643, 0.068552, -0.002859, -0.068605, 0.997247, -0.028135, 0.000922, 0.028273, 0.999600),

              ["LowerTorso"] = CFrame.new(0.000023, -0.003273, 0.040233, 0.999999, 0.001606, 0.000577, -0.001609, 0.999986, 0.005104, -0.000569, -0.005105, 0.999987),

              ["RightFoot"] = CFrame.new(-0.000000, -0.001644, -0.000103, 0.993014, 0.090262, 0.076004, -0.091960, 0.995579, 0.019134, -0.073937, -0.025977, 0.996924),

              ["RightHand"] = CFrame.new(-0.000497, 0.004948, -0.000000, 0.999646, 0.023362, -0.012748, -0.021980, 0.994798, 0.099469, 0.015005, -0.099152, 0.994959),

              ["RightLowerArm"] = CFrame.new(-0.000000, 0.027632, 0.002601, 1.000000, 0.000000, 0.000000, -0.000000, 0.973415, -0.229050, -0.000000, 0.229049, 0.973415),

              ["RightLowerLeg"] = CFrame.new(-0.000000, -0.001637, -0.000018, 1.000000, 0.000000, 0.000000, -0.000000, 1.000000, -0.000008, -0.000000, -0.000011, 1.000000),

              ["RightUpperArm"] = CFrame.new(0.000193, -0.012605, 0.005859, 0.999614, -0.026364, 0.008818, 0.025209, 0.993364, 0.112219, -0.011718, -0.111952, 0.993644),

              ["RightUpperLeg"] = CFrame.new(-0.000000, 0.000000, -0.000000, 0.995091, -0.092736, -0.034539, 0.091675, 0.995302, -0.031135, 0.037265, 0.027824, 0.998918),

              ["UpperTorso"] = CFrame.new(-0.000000, 0.000000, -0.040233, 1.000000, -0.000000, 0.000000, -0.000000, 1.000000, -0.000000, -0.000000, -0.000000, 1.000000)

          }},

          {Time = 0.083, Data = {

              ["Head"] = CFrame.new(-0.000000, 0.000000, 0.000000, 1.000000, -0.000000, 0.000000, -0.000000, 1.000000, -0.000000, 0.000000, 0.000000, 1.000000),

              ["LeftFoot"] = CFrame.new(0.000000, -0.000519, -0.000003, 0.995773, -0.070262, -0.059162, 0.071454, 0.997277, 0.018280, 0.057713, -0.022418, 0.998081),

              ["LeftHand"] = CFrame.new(0.000491, 0.013529, -0.000000, 0.994407, -0.091543, 0.052670, 0.082191, 0.983951, 0.158385, -0.066323, -0.153168, 0.985972),

              ["LeftLowerArm"] = CFrame.new(-0.000500, 0.075683, 0.022529, 1.000000, -0.000000, -0.000000, 0.000000, 0.769766, -0.638326, 0.000000, 0.638326, 0.769766),

              ["LeftLowerLeg"] = CFrame.new(-0.000000, -0.000118, 0.000099, 1.000000, -0.000000, -0.000000, 0.000000, 1.000000, -0.000008, 0.000000, -0.000011, 1.000000),

              ["LeftUpperArm"] = CFrame.new(0.046308, -0.102426, 0.076498, 0.981326, 0.156352, -0.112045, -0.116586, 0.946768, 0.300063, 0.152996, -0.281397, 0.947316),

              ["LeftUpperLeg"] = CFrame.new(0.000000, 0.000000, -0.000100, 0.997696, 0.067773, -0.003043, -0.067834, 0.997240, -0.030173, 0.000989, 0.030318, 0.999540),

              ["LowerTorso"] = CFrame.new(0.000034, -0.004977, 0.038978, 0.999997, 0.002436, 0.000879, -0.002443, 0.999967, 0.007747, -0.000860, -0.007749, 0.999970),

              ["RightFoot"] = CFrame.new(0.000000, -0.000562, -0.000103, 0.992994, 0.090392, 0.076113, -0.092036, 0.995587, 0.018366, -0.074113, -0.025230, 0.996930),

              ["RightHand"] = CFrame.new(-0.000497, 0.005215, -0.000000, 0.999677, 0.022329, -0.012147, -0.021004, 0.994763, 0.100028, 0.014316, -0.099739, 0.994911),

              ["RightLowerArm"] = CFrame.new(-0.000000, 0.029381, 0.002962, 1.000000, 0.000000, 0.000000, -0.000000, 0.969747, -0.244113, -0.000000, 0.244113, 0.969747),

              ["RightLowerLeg"] = CFrame.new(-0.000000, -0.000560, -0.000004, 1.000000, -0.000000, 0.000000, -0.000000, 1.000000, -0.000008, 0.000000, -0.000011, 1.000000),

              ["RightUpperArm"] = CFrame.new(0.000186, -0.012556, 0.005303, 0.999628, -0.026180, 0.007598, 0.025112, 0.992818, 0.116969, -0.010606, -0.116734, 0.993107),

              ["RightUpperLeg"] = CFrame.new(-0.000000, -0.000000, -0.000000, 0.994988, -0.093679, -0.034986, 0.092532, 0.995161, -0.033058, 0.037914, 0.029663, 0.998841),

              ["UpperTorso"] = CFrame.new(-0.000000, 0.000000, -0.038980, 1.000000, -0.000000, 0.000000, -0.000000, 1.000000, 0.000000, -0.000000, 0.000000, 1.000000)

          }},

          {Time = 0.100, Data = {

              ["Head"] = CFrame.new(0.000000, -0.000000, -0.000000, 1.000000, -0.000000, -0.000000, 0.000000, 1.000000, -0.000000, 0.000000, 0.000000, 1.000000),

              ["LeftFoot"] = CFrame.new(0.000000, -0.000099, -0.000003, 0.995765, -0.070328, -0.059218, 0.071409, 0.997314, 0.016337, 0.057907, -0.020484, 0.998111),

              ["LeftHand"] = CFrame.new(0.000488, 0.017735, -0.000000, 0.989297, -0.126325, 0.073037, 0.113715, 0.981093, 0.156609, -0.091438, -0.146625, 0.984957),

              ["LeftLowerArm"] = CFrame.new(-0.000500, 0.089975, 0.032722, 1.000000, -0.000000, -0.000000, 0.000000, 0.664118, -0.747628, 0.000000, 0.747628, 0.664118),

              ["LeftLowerLeg"] = CFrame.new(0.000000, 0.000560, 0.000104, 1.000000, 0.000000, -0.000000, 0.000000, 0.999997, 0.002595, -0.000000, -0.002613, 0.999997),

              ["LeftUpperArm"] = CFrame.new(0.059434, -0.147235, 0.098734, 0.965021, 0.230296, -0.125290, -0.172453, 0.917553, 0.358268, 0.197468, -0.324129, 0.925174),

              ["LeftUpperLeg"] = CFrame.new(0.000000, 0.000000, -0.000100, 0.997757, 0.066860, -0.003347, -0.066935, 0.997181, -0.033918, 0.001069, 0.034073, 0.999419),

              ["LowerTorso"] = CFrame.new(0.000046, -0.006972, 0.037511, 0.999993, 0.003403, 0.001233, -0.003416, 0.999936, 0.010827, -0.001196, -0.010831, 0.999941),

              ["RightFoot"] = CFrame.new(-0.000000, 0.000189, -0.000103, 0.992970, 0.090545, 0.076241, -0.091954, 0.995648, 0.015178, -0.074531, -0.022070, 0.996974),

              ["RightHand"] = CFrame.new(-0.000497, 0.005514, -0.000000, 0.999711, 0.021133, -0.011450, -0.019878, 0.994742, 0.100466, 0.013513, -0.100208, 0.994875),

              ["RightLowerArm"] = CFrame.new(0.000000, 0.031367, 0.003403, 1.000000, 0.000000, 0.000000, -0.000000, 0.965266, -0.261270, -0.000000, 0.261270, 0.965266),

              ["RightLowerLeg"] = CFrame.new(0.000000, 0.000675, 0.000004, 1.000000, 0.000000, -0.000000, -0.000000, 0.999988, 0.004870, -0.000000, -0.004888, 0.999988),

              ["RightUpperArm"] = CFrame.new(0.000178, -0.012496, 0.004667, 0.999644, -0.025944, 0.006210, 0.024991, 0.992182, 0.122272, -0.009333, -0.122072, 0.992477),

              ["RightUpperLeg"] = CFrame.new(-0.000000, 0.000000, -0.000000, 0.994865, -0.094870, -0.035263, 0.093531, 0.994896, -0.037865, 0.038675, 0.034380, 0.998661),

              ["UpperTorso"] = CFrame.new(-0.000000, -0.000000, -0.037513, 1.000000, -0.000000, 0.000000, -0.000000, 1.000000, -0.000000, -0.000000, 0.000000, 1.000000)

          }},

          {Time = 0.117, Data = {

              ["Head"] = CFrame.new(-0.000000, 0.000000, -0.000000, 1.000000, -0.000000, 0.000000, 0.000000, 1.000000, 0.000000, -0.000000, -0.000000, 1.000000),

              ["LeftFoot"] = CFrame.new(0.000000, 0.000230, -0.000003, 0.995756, -0.070403, -0.059281, 0.071203, 0.997396, 0.011484, 0.058315, -0.015645, 0.998175),

              ["LeftHand"] = CFrame.new(0.000487, 0.020416, 0.000000, 0.981504, -0.165604, 0.096045, 0.151386, 0.978495, 0.140112, -0.117181, -0.122979, 0.985466),

              ["LeftLowerArm"] = CFrame.new(-0.000500, 0.100743, 0.043860, 1.000000, -0.000000, -0.000000, 0.000000, 0.548596, -0.836087, 0.000000, 0.836088, 0.548596),

              ["LeftLowerLeg"] = CFrame.new(-0.000000, 0.001745, 0.000100, 1.000000, 0.000000, -0.000000, -0.000000, 0.999937, 0.011187, 0.000000, -0.011206, 0.999937),

              ["LeftUpperArm"] = CFrame.new(0.071269, -0.199858, 0.117293, 0.941861, 0.313597, -0.120644, -0.240558, 0.880028, 0.409491, 0.234585, -0.356661, 0.904302),

              ["LeftUpperLeg"] = CFrame.new(0.000000, -0.000000, -0.000100, 0.997824, 0.065821, -0.003880, -0.065925, 0.996977, -0.041112, 0.001162, 0.041287, 0.999147),

              ["LowerTorso"] = CFrame.new(0.000059, -0.009226, 0.035854, 0.999989, 0.004489, 0.001636, -0.004512, 0.999888, 0.014289, -0.001571, -0.014297, 0.999897),

              ["RightFoot"] = CFrame.new(0.000000, 0.000718, -0.000103, 0.992943, 0.090719, 0.076388, -0.091559, 0.995771, 0.007555, -0.075376, -0.014485, 0.997050),

              ["RightHand"] = CFrame.new(-0.000496, 0.005830, 0.000000, 0.999747, 0.019798, -0.010673, -0.018628, 0.994771, 0.100424, 0.012605, -0.100199, 0.994888),

              ["RightLowerArm"] = CFrame.new(-0.000000, 0.033477, 0.003908, 1.000000, 0.000000, 0.000000, -0.000000, 0.960138, -0.279525, -0.000000, 0.279525, 0.960138),

              ["RightLowerLeg"] = CFrame.new(-0.000000, 0.002606, -0.000009, 1.000000, -0.000000, -0.000000, -0.000000, 0.999820, 0.018949, 0.000000, -0.018967, 0.999821),

              ["RightUpperArm"] = CFrame.new(0.000170, -0.012422, 0.003968, 0.999660, -0.025651, 0.004700, 0.024842, 0.991507, 0.127661, -0.007935, -0.127500, 0.991807),

              ["RightUpperLeg"] = CFrame.new(-0.000000, -0.000000, -0.000000, 0.994725, -0.096376, -0.035130, 0.094653, 0.994362, -0.047789, 0.039538, 0.044220, 0.998240),

              ["UpperTorso"] = CFrame.new(-0.000000, 0.000000, -0.035857, 1.000000, -0.000000, 0.000000, 0.000000, 1.000000, -0.000000, -0.000000, -0.000000, 1.000000)

          }},

          {Time = 0.133, Data = {

              ["Head"] = CFrame.new(-0.000000, -0.000000, -0.000000, 1.000000, -0.000000, -0.000000, 0.000000, 1.000000, 0.000000, -0.000000, -0.000000, 1.000000),

              ["LeftFoot"] = CFrame.new(0.000000, 0.000598, -0.000003, 0.995746, -0.070486, -0.059351, 0.070960, 0.997462, 0.005910, 0.058781, -0.010086, 0.998220),

              ["LeftHand"] = CFrame.new(0.000486, 0.022253, -0.000000, 0.970093, -0.209861, 0.121975, 0.197369, 0.974483, 0.106906, -0.141297, -0.079633, 0.986759),

              ["LeftLowerArm"] = CFrame.new(-0.000500, 0.108352, 0.054806, 1.000000, -0.000000, -0.000000, 0.000000, 0.434951, -0.900454, 0.000000, 0.900454, 0.434951),

              ["LeftLowerLeg"] = CFrame.new(-0.000000, 0.003104, 0.000087, 1.000000, 0.000000, -0.000000, 0.000000, 0.999776, 0.021134, -0.000000, -0.021152, 0.999777),

              ["LeftUpperArm"] = CFrame.new(0.081131, -0.259465, 0.129055, 0.911550, 0.400088, -0.094901, -0.320088, 0.835307, 0.446998, 0.258109, -0.377084, 0.889487),

              ["LeftUpperLeg"] = CFrame.new(0.000000, -0.000000, -0.000100, 0.997896, 0.064678, -0.004469, -0.064820, 0.996680, -0.049266, 0.001268, 0.049460, 0.998776),

              ["LowerTorso"] = CFrame.new(0.000071, -0.011706, 0.034031, 0.999982, 0.005676, 0.002081, -0.005713, 0.999820, 0.018079, -0.001978, -0.018091, 0.999834),

              ["RightFoot"] = CFrame.new(-0.000000, 0.001332, -0.000103, 0.992913, 0.090913, 0.076551, -0.091053, 0.995845, -0.001672, -0.076381, -0.005300, 0.997064),

              ["RightHand"] = CFrame.new(-0.000496, 0.006172, -0.000000, 0.999783, 0.018348, -0.009829, -0.017270, 0.994797, 0.100406, 0.011620, -0.100214, 0.994898),

              ["RightLowerArm"] = CFrame.new(0.000000, 0.035788, 0.004506, 1.000000, 0.000000, 0.000000, -0.000000, 0.954067, -0.299592, -0.000000, 0.299592, 0.954067),

              ["RightLowerLeg"] = CFrame.new(0.000000, 0.004938, -0.000053, 1.000000, 0.000000, 0.000000, -0.000000, 0.999343, 0.036222, -0.000000, -0.036240, 0.999344),

              ["RightUpperArm"] = CFrame.new(0.000162, -0.012333, 0.003222, 0.999675, -0.025304, 0.003092, 0.024665, 0.990733, 0.133569, -0.006443, -0.133449, 0.991035),

              ["RightUpperLeg"] = CFrame.new(-0.000000, -0.000000, -0.000000, 0.994569, -0.098065, -0.034865, 0.095880, 0.993605, -0.059624, 0.040490, 0.055966, 0.997612),

              ["UpperTorso"] = CFrame.new(-0.000000, 0.000000, -0.034037, 1.000000, -0.000000, 0.000000, 0.000000, 1.000000, -0.000000, -0.000000, -0.000000, 1.000000)

          }},

          {Time = 0.150, Data = {

              ["Head"] = CFrame.new(-0.000000, 0.000000, -0.000000, 1.000000, 0.000000, -0.000000, 0.000000, 1.000000, 0.000000, -0.000000, -0.000000, 1.000000),

              ["LeftFoot"] = CFrame.new(-0.000000, 0.001006, -0.000003, 0.995735, -0.070575, -0.059426, 0.070674, 0.997499, -0.000437, 0.059305, -0.003755, 0.998233),

              ["LeftHand"] = CFrame.new(0.000485, 0.023312, -0.000000, 0.953693, -0.259944, 0.151323, 0.253899, 0.965470, 0.058334, -0.161260, -0.017211, 0.986762),

              ["LeftLowerArm"] = CFrame.new(-0.000500, 0.113215, 0.064715, 1.000000, -0.000000, -0.000000, 0.000000, 0.332145, -0.943228, 0.000000, 0.943228, 0.332145),

              ["LeftLowerLeg"] = CFrame.new(-0.000000, 0.004648, 0.000059, 1.000000, 0.000000, 0.000000, 0.000000, 0.999469, 0.032566, -0.000000, -0.032584, 0.999470),

              ["LeftUpperArm"] = CFrame.new(0.088614, -0.324468, 0.130839, 0.874343, 0.482978, -0.047513, -0.408717, 0.785604, 0.464518, 0.261678, -0.386728, 0.884288),

              ["LeftUpperLeg"] = CFrame.new(-0.000000, -0.000000, -0.000100, 0.997972, 0.063445, -0.005109, -0.063635, 0.996262, -0.058402, 0.001384, 0.058617, 0.998280),

              ["LowerTorso"] = CFrame.new(0.000082, -0.014382, 0.032068, 0.999973, 0.006947, 0.002563, -0.007002, 0.999730, 0.022142, -0.002408, -0.022159, 0.999752),

              ["RightFoot"] = CFrame.new(-0.000000, 0.001935, -0.000103, 0.992880, 0.091124, 0.076729, -0.090522, 0.995830, -0.011305, -0.077435, 0.004287, 0.996988),

              ["RightHand"] = CFrame.new(-0.000496, 0.006524, -0.000000, 0.999819, 0.016806, -0.008931, -0.015829, 0.994856, 0.100053, 0.010566, -0.099892, 0.994942),

              ["RightLowerArm"] = CFrame.new(-0.000000, 0.038186, 0.005176, 1.000000, 0.000000, 0.000000, -0.000000, 0.947258, -0.320472, -0.000000, 0.320472, 0.947258),

              ["RightLowerLeg"] = CFrame.new(-0.000000, 0.007321, -0.000130, 1.000000, 0.000000, 0.000000, -0.000000, 0.998531, 0.054162, -0.000000, -0.054180, 0.998532),

              ["RightUpperArm"] = CFrame.new(0.000156, -0.012229, 0.002445, 0.999689, -0.024901, 0.001429, 0.024458, 0.989916, 0.139527, -0.004889, -0.139448, 0.990217),

              ["RightUpperLeg"] = CFrame.new(0.000000, -0.000000, -0.000000, 0.994399, -0.099873, -0.034582, 0.097194, 0.992657, -0.071997, 0.041519, 0.068241, 0.996805),

              ["UpperTorso"] = CFrame.new(-0.000000, -0.000000, -0.032076, 1.000000, 0.000000, 0.000000, 0.000000, 1.000000, 0.000000, -0.000000, 0.000000, 1.000000)

          }},

          {Time = 0.167, Data = {

              ["Head"] = CFrame.new(-0.000000, 0.000000, 0.000000, 1.000000, 0.000000, -0.000000, 0.000000, 1.000000, -0.000000, 0.000000, 0.000000, 1.000000),

              ["LeftFoot"] = CFrame.new(-0.000000, 0.001412, -0.000003, 0.995724, -0.070670, -0.059506, 0.070375, 0.997496, -0.007044, 0.059851, 0.002835, 0.998203),

              ["LeftHand"] = CFrame.new(0.000484, 0.024116, 0.000000, 0.930403, -0.316680, 0.184568, 0.322647, 0.946516, -0.002430, -0.173925, 0.061811, 0.982817),

              ["LeftLowerArm"] = CFrame.new(-0.000500, 0.116181, 0.072765, 1.000000, -0.000000, 0.000000, 0.000000, 0.248507, -0.968630, 0.000000, 0.968630, 0.248507),

              ["LeftLowerLeg"] = CFrame.new(0.000000, 0.006231, 0.000016, 1.000000, -0.000000, -0.000000, 0.000000, 0.999012, 0.044413, -0.000000, -0.044431, 0.999013),

              ["LeftUpperArm"] = CFrame.new(0.093572, -0.392254, 0.119732, 0.831018, 0.555949, 0.018158, -0.502062, 0.735616, 0.454757, 0.239464, -0.387028, 0.890431),

              ["LeftUpperLeg"] = CFrame.new(0.000000, -0.000000, -0.000100, 0.998051, 0.062139, -0.005757, -0.062387, 0.995738, -0.067914, 0.001512, 0.068149, 0.997675),

              ["LowerTorso"] = CFrame.new(0.000092, -0.017218, 0.029987, 0.999961, 0.008285, 0.003076, -0.008363, 0.999616, 0.026422, -0.002856, -0.026447, 0.999646),

              ["RightFoot"] = CFrame.new(-0.000000, 0.002534, -0.000103, 0.992844, 0.091351, 0.076920, -0.089955, 0.995715, -0.021436, -0.078544, 0.014371, 0.996807),

              ["RightHand"] = CFrame.new(-0.000495, 0.006880, -0.000000, 0.999853, 0.015195, -0.007993, -0.014327, 0.994952, 0.099321, 0.009462, -0.099191, 0.995023),

              ["RightLowerArm"] = CFrame.new(-0.000000, 0.040631, 0.005913, 1.000000, 0.000000, 0.000000, -0.000000, 0.939771, -0.341804, -0.000000, 0.341804, 0.939771),

              ["RightLowerLeg"] = CFrame.new(-0.000000, 0.009786, -0.000246, 1.000000, 0.000000, -0.000000, -0.000000, 0.997331, 0.072991, -0.000000, -0.073009, 0.997333),

              ["RightUpperArm"] = CFrame.new(0.000150, -0.012112, 0.001652, 0.999701, -0.024446, -0.000253, 0.024223, 0.989077, 0.145397, -0.003304, -0.145359, 0.989373),

              ["RightUpperLeg"] = CFrame.new(-0.000000, -0.000000, -0.000000, 0.994217, -0.101785, -0.034255, 0.098578, 0.991493, -0.084984, 0.042614, 0.081125, 0.995793),

              ["UpperTorso"] = CFrame.new(0.000000, -0.000000, -0.029997, 1.000000, 0.000000, 0.000000, 0.000000, 1.000000, -0.000000, -0.000000, 0.000000, 1.000000)

          }},

          {Time = 0.183, Data = {

              ["Head"] = CFrame.new(-0.000000, 0.000000, 0.000000, 1.000000, -0.000000, 0.000000, -0.000000, 1.000000, -0.000000, 0.000000, 0.000000, 1.000000),

              ["LeftFoot"] = CFrame.new(0.000000, 0.001807, -0.000003, 0.995712, -0.070768, -0.059589, 0.070069, 0.997447, -0.013757, 0.060407, 0.009531, 0.998128),

              ["LeftHand"] = CFrame.new(0.000484, 0.024432, 0.000000, 0.897918, -0.380206, 0.221783, 0.403363, 0.912446, -0.068846, -0.176187, 0.151277, 0.972663),

              ["LeftLowerArm"] = CFrame.new(-0.000499, 0.117670, 0.078594, 1.000000, -0.000000, -0.000000, -0.000000, 0.188083, -0.982153, 0.000000, 0.982153, 0.188083),

              ["LeftLowerLeg"] = CFrame.new(-0.000000, 0.007813, -0.000042, 1.000000, -0.000000, 0.000000, 0.000000, 0.998409, 0.056373, -0.000000, -0.056391, 0.998410),

              ["LeftUpperArm"] = CFrame.new(0.096114, -0.458996, 0.093678, 0.782860, 0.614795, 0.095695, -0.593320, 0.691330, 0.412353, 0.187355, -0.379593, 0.905984),

              ["LeftUpperLeg"] = CFrame.new(-0.000000, -0.000000, -0.000100, 0.998131, 0.060778, -0.006397, -0.061092, 0.995111, -0.077597, 0.001649, 0.077851, 0.996964),

              ["LowerTorso"] = CFrame.new(0.000101, -0.020183, 0.027812, 0.999947, 0.009671, 0.003615, -0.009778, 0.999476, 0.030865, -0.003315, -0.030899, 0.999517),

              ["RightFoot"] = CFrame.new(-0.000000, 0.003103, -0.000103, 0.992806, 0.091591, 0.077122, -0.089380, 0.995494, -0.031653, -0.079669, 0.024538, 0.996519),

              ["RightHand"] = CFrame.new(-0.000495, 0.007237, -0.000000, 0.999884, 0.013535, -0.007027, -0.012780, 0.995086, 0.098189, 0.008322, -0.098087, 0.995143),

              ["RightLowerArm"] = CFrame.new(-0.000000, 0.043088, 0.006709, 1.000000, 0.000000, 0.000000, -0.000000, 0.931684, -0.363271, -0.000000, 0.363271, 0.931684),

              ["RightLowerLeg"] = CFrame.new(-0.000000, 0.012224, -0.000398, 1.000000, 0.000000, -0.000000, -0.000000, 0.995771, 0.091856, 0.000000, -0.091873, 0.995772),

              ["RightUpperArm"] = CFrame.new(0.000144, -0.011979, 0.000858, 0.999712, -0.023942, -0.001925, 0.023959, 0.988234, 0.151062, -0.001715, -0.151064, 0.988522),

              ["RightUpperLeg"] = CFrame.new(0.000000, -0.000000, -0.000000, 0.994023, -0.103765, -0.033918, 0.100012, 0.990138, -0.098096, 0.043763, 0.094127, 0.994599),

              ["UpperTorso"] = CFrame.new(0.000000, -0.000000, -0.027826, 1.000000, -0.000000, 0.000000, -0.000000, 1.000000, -0.000000, -0.000000, 0.000000, 1.000000)

          }},

          {Time = 0.200, Data = {

              ["Head"] = CFrame.new(-0.000000, 0.000000, 0.000000, 1.000000, 0.000000, 0.000000, -0.000000, 1.000000, 0.000000, 0.000000, -0.000000, 1.000000),

              ["LeftFoot"] = CFrame.new(-0.000000, 0.002197, -0.000003, 0.995699, -0.070870, -0.059674, 0.069750, 0.997351, -0.020647, 0.060976, 0.016403, 0.998004),

              ["LeftHand"] = CFrame.new(0.000484, 0.024613, 0.000000, 0.854128, -0.449154, 0.262157, 0.493040, 0.859718, -0.133404, -0.165460, 0.243197, 0.955760),

              ["LeftLowerArm"] = CFrame.new(-0.000500, 0.118349, 0.081910, 1.000000, -0.000000, 0.000000, 0.000000, 0.153685, -0.988120, 0.000000, 0.988120, 0.153685),

              ["LeftLowerLeg"] = CFrame.new(0.000000, 0.009416, -0.000116, 1.000000, -0.000000, -0.000000, 0.000000, 0.997642, 0.068615, -0.000000, -0.068633, 0.997643),

              ["LeftUpperArm"] = CFrame.new(0.096617, -0.519798, 0.052345, 0.731693, 0.658614, 0.175648, -0.673546, 0.659018, 0.334712, 0.104690, -0.363213, 0.925806),

              ["LeftUpperLeg"] = CFrame.new(-0.000000, -0.000000, -0.000100, 0.998211, 0.059378, -0.007030, -0.059765, 0.994370, -0.087497, 0.001795, 0.087769, 0.996140),

              ["LowerTorso"] = CFrame.new(0.000107, -0.023240, 0.025569, 0.999930, 0.011089, 0.004174, -0.011230, 0.999310, 0.035417, -0.003778, -0.035461, 0.999364),

              ["RightFoot"] = CFrame.new(0.000000, 0.003651, -0.000103, 0.992766, 0.091842, 0.077333, -0.088794, 0.995165, -0.041978, -0.080810, 0.034813, 0.996121),

              ["RightHand"] = CFrame.new(-0.000495, 0.007589, -0.000000, 0.999912, 0.011848, -0.006046, -0.011209, 0.995256, 0.096649, 0.007162, -0.096572, 0.995300),

              ["RightLowerArm"] = CFrame.new(-0.000000, 0.045523, 0.007554, 1.000000, 0.000000, 0.000000, -0.000000, 0.923088, -0.384589, -0.000000, 0.384589, 0.923088),

              ["RightLowerLeg"] = CFrame.new(-0.000000, 0.014646, -0.000588, 1.000000, 0.000000, -0.000000, -0.000000, 0.993837, 0.110830, -0.000000, -0.110847, 0.993839),

              ["RightUpperArm"] = CFrame.new(0.000140, -0.011834, 0.000074, 0.999720, -0.023399, -0.003557, 0.023667, 0.987408, 0.156417, -0.000147, -0.156457, 0.987685),

              ["RightUpperLeg"] = CFrame.new(0.000000, -0.000000, -0.000000, 0.993822, -0.105797, -0.033555, 0.101480, 0.988587, -0.111332, 0.044951, 0.107249, 0.993217),

              ["UpperTorso"] = CFrame.new(0.000000, -0.000000, -0.025585, 1.000000, -0.000000, 0.000000, -0.000000, 1.000000, 0.000000, -0.000000, 0.000000, 1.000000)

          }},

          {Time = 0.217, Data = {

              ["Head"] = CFrame.new(0.000000, 0.000000, -0.000000, 1.000000, -0.000000, -0.000000, 0.000000, 1.000000, -0.000000, 0.000000, 0.000000, 1.000000),

              ["LeftFoot"] = CFrame.new(-0.000000, 0.002592, -0.000003, 0.995687, -0.070973, -0.059762, 0.069410, 0.997199, -0.027845, 0.061567, 0.023584, 0.997824),

              ["LeftHand"] = CFrame.new(0.000484, 0.024696, -0.000000, 0.798254, -0.520147, 0.303710, 0.585526, 0.788370, -0.188767, -0.141248, 0.328512, 0.933877),

              ["LeftLowerArm"] = CFrame.new(-0.000499, 0.118525, 0.082785, 1.000000, -0.000000, 0.000000, 0.000000, 0.144582, -0.989493, 0.000000, 0.989493, 0.144582),

              ["LeftLowerLeg"] = CFrame.new(0.000000, 0.011082, -0.000210, 1.000000, -0.000000, 0.000000, 0.000000, 0.996676, 0.081447, -0.000000, -0.081465, 0.996678),

              ["LeftUpperArm"] = CFrame.new(0.095764, -0.569489, -0.002010, 0.679952, 0.689898, 0.248406, -0.733246, 0.641594, 0.225186, -0.004021, -0.335259, 0.942117),

              ["LeftUpperLeg"] = CFrame.new(0.000000, -0.000000, -0.000100, 0.998290, 0.057952, -0.007661, -0.058424, 0.993495, -0.097732, 0.001947, 0.098022, 0.995183),

              ["LowerTorso"] = CFrame.new(0.000111, -0.026357, 0.023281, 0.999910, 0.012521, 0.004746, -0.012701, 0.999118, 0.040021, -0.004241, -0.040077, 0.999188),

              ["RightFoot"] = CFrame.new(0.000000, 0.004157, -0.000103, 0.992726, 0.092101, 0.077552, -0.088224, 0.994741, -0.052029, -0.081931, 0.044813, 0.995630),

              ["RightHand"] = CFrame.new(-0.000495, 0.007936, -0.000000, 0.999936, 0.010154, -0.005060, -0.009630, 0.995459, 0.094705, 0.005999, -0.094649, 0.995493),

              ["RightLowerArm"] = CFrame.new(0.000000, 0.047911, 0.008438, 1.000000, 0.000000, 0.000000, -0.000000, 0.914092, -0.405507, -0.000000, 0.405507, 0.914092),

              ["RightLowerLeg"] = CFrame.new(-0.000000, 0.016960, -0.000806, 1.000000, 0.000000, 0.000000, -0.000000, 0.991625, 0.129132, 0.000000, -0.129149, 0.991627),

              ["RightUpperArm"] = CFrame.new(0.000137, -0.011675, -0.000687, 0.999726, -0.022824, -0.005127, 0.023352, 0.986617, 0.161373, 0.001375, -0.161448, 0.986880),

              ["RightUpperLeg"] = CFrame.new(0.000000, -0.000000, -0.000000, 0.993613, -0.107845, -0.033203, 0.102964, 0.986894, -0.124240, 0.046166, 0.120038, 0.991697),

              ["UpperTorso"] = CFrame.new(-0.000000, -0.000000, -0.023300, 1.000000, -0.000000, 0.000000, 0.000000, 1.000000, -0.000000, -0.000000, -0.000000, 1.000000)

          }},

          {Time = 0.233, Data = {

              ["Head"] = CFrame.new(0.000000, 0.000000, 0.000000, 1.000000, 0.000000, 0.000000, -0.000000, 1.000000, 0.000000, 0.000000, -0.000000, 1.000000),

              ["LeftFoot"] = CFrame.new(0.000000, 0.002959, -0.000003, 0.995674, -0.071077, -0.059849, 0.069080, 0.997003, -0.034816, 0.062141, 0.030537, 0.997600),

              ["LeftHand"] = CFrame.new(0.000484, 0.024591, 0.000000, 0.732085, -0.588241, 0.343550, 0.672944, 0.702837, -0.230580, -0.105821, 0.399991, 0.910388),

              ["LeftLowerArm"] = CFrame.new(-0.000500, 0.118283, 0.081570, 1.000000, -0.000000, -0.000000, 0.000000, 0.157215, -0.987565, 0.000000, 0.987565, 0.157214),

              ["LeftLowerLeg"] = CFrame.new(-0.000000, 0.012667, -0.000316, 1.000000, -0.000000, -0.000000, 0.000000, 0.995594, 0.093750, -0.000000, -0.093768, 0.995596),

              ["LeftUpperArm"] = CFrame.new(0.094504, -0.604117, -0.064357, 0.630602, 0.712922, 0.306731, -0.765359, 0.636786, 0.093430, -0.128714, -0.293676, 0.947200),

              ["LeftUpperLeg"] = CFrame.new(-0.000000, 0.000000, -0.000100, 0.998367, 0.056522, -0.008252, -0.057083, 0.992545, -0.107671, 0.002105, 0.107976, 0.994152),

              ["LowerTorso"] = CFrame.new(0.000112, -0.029495, 0.020972, 0.999889, 0.013950, 0.005325, -0.014174, 0.998903, 0.044623, -0.004696, -0.044694, 0.998990),

              ["RightFoot"] = CFrame.new(0.000000, 0.004648, -0.000103, 0.992684, 0.092366, 0.077775, -0.087639, 0.994211, -0.062151, -0.083060, 0.054882, 0.995032),

              ["RightHand"] = CFrame.new(-0.000494, 0.008271, -0.000000, 0.999956, 0.008472, -0.004082, -0.008059, 0.995692, 0.092373, 0.004847, -0.092335, 0.995716),

              ["RightLowerArm"] = CFrame.new(-0.000000, 0.050226, 0.009350, 1.000000, 0.000000, 0.000000, -0.000000, 0.904815, -0.425804, -0.000000, 0.425804, 0.904815),

              ["RightLowerLeg"] = CFrame.new(0.000000, 0.019264, -0.001059, 1.000000, 0.000000, -0.000000, -0.000000, 0.989057, 0.147518, 0.000000, -0.147535, 0.989059),

              ["RightUpperArm"] = CFrame.new(0.000134, -0.011508, -0.001416, 0.999731, -0.022228, -0.006612, 0.023017, 0.985883, 0.165850, 0.002832, -0.165957, 0.986129),

              ["RightUpperLeg"] = CFrame.new(0.000000, 0.000000, -0.000000, 0.993401, -0.109904, -0.032809, 0.104446, 0.985023, -0.137179, 0.047395, 0.132858, 0.990003),

              ["UpperTorso"] = CFrame.new(0.000000, 0.000000, -0.020993, 1.000000, 0.000000, 0.000000, -0.000000, 1.000000, -0.000000, -0.000000, 0.000000, 1.000000)

          }},

          {Time = 0.250, Data = {

              ["Head"] = CFrame.new(-0.000000, -0.000000, 0.000000, 1.000000, -0.000000, -0.000000, 0.000000, 1.000000, -0.000000, -0.000000, -0.000000, 1.000000),

              ["LeftFoot"] = CFrame.new(0.000000, 0.003308, -0.000003, 0.995661, -0.071181, -0.059936, 0.068750, 0.996762, -0.041688, 0.062706, 0.037391, 0.997331),

              ["LeftHand"] = CFrame.new(0.000484, 0.024462, 0.000000, 0.659718, -0.648924, 0.379041, 0.748704, 0.611102, -0.256902, -0.064922, 0.453269, 0.889005),

              ["LeftLowerArm"] = CFrame.new(-0.000499, 0.117794, 0.079159, 1.000000, -0.000000, -0.000000, 0.000000, 0.182225, -0.983257, 0.000000, 0.983257, 0.182225),

              ["LeftLowerLeg"] = CFrame.new(0.000000, 0.014210, -0.000434, 1.000000, -0.000000, 0.000000, 0.000000, 0.994383, 0.105825, -0.000000, -0.105842, 0.994385),

              ["LeftUpperArm"] = CFrame.new(0.093121, -0.622744, -0.128746, 0.585278, 0.731624, 0.349537, -0.768861, 0.637664, -0.047299, -0.257493, -0.241062, 0.935728),

