return {
["missionary"] = {
        {Time = 0.000, Data = {
            ["Head"] = CFrame.new(-2.4193696193306174e-17, 0.018287181854248047, -0.11018764972686768, 1, -0, 0, 0, 0.65563303232192993, 0.75507980585098267, -0, -0.75507980585098267, 0.65563303232192993),
            ["LeftFoot"] = CFrame.new(4.2840838432312012e-08, -0.018340706825256348, -2.9429793357849121e-06, 0.99987524747848511, -0.012053600512444973, -0.010210071690380573, 0.013271107338368893, 0.99154776334762573, 0.12906186282634735, 0.0085681127384305, -0.12918125092983246, 0.99158400297164917),
            ["LeftHand"] = CFrame.new(0.00049336254596710205, 0.010338902473449707, -1.6391277313232422e-07, 0.84097027778625488, -0.46751797199249268, 0.27238926291465759, 0.4845423698425293, 0.87475097179412842, 0.0054189153015613556, -0.2408062070608139, 0.12742699682712555, 0.96217191219329834),
            ["LeftLowerArm"] = CFrame.new(-0.00049996376037597656, 0.063388347625732422, 0.015678226947784424, 1, 0, 0, 0, 0.84030258655548096, -0.54211771488189697, 0, 0.54211771488189697, 0.84030258655548096),
            ["LeftLowerLeg"] = CFrame.new(-1.5366822481155396e-07, -0.017876207828521729, -0.00013613700866699219, 1, 0, 0, 0, 1, 0, 0, 0, 1),
            ["LeftUpperArm"] = CFrame.new(-0.15811765193939209, 0.093424439430236816, 0.35268738865852356, 0.68376630544662476, -0.053533293306827545, -0.72773474454879761, 0.18684294819831848, 0.97690212726593018, 0.10369180142879486, 0.70537465810775757, -0.20687307417392731, 0.67797505855560303),
            ["LeftUpperLeg"] = CFrame.new(-5.9604644775390625e-08, -1.4901164746561335e-08, -0.00010001367627410218, 0.91789394617080688, 0.38680887222290039, 0.088598132133483887, -0.18414068222045898, 0.61295604705810547, -0.76836013793945312, -0.35151523351669312, 0.68895864486694336, 0.63385581970214844),
            ["LowerTorso"] = CFrame.new(-2.7503157679764764e-15, 0.60473418235778809, 0.039585024118423462, 1, 0, 0, 0, -0.36773085594177246, -0.92993223667144775, 0, 0.92993223667144775, -0.36773085594177246),
            ["RightFoot"] = CFrame.new(2.3096799850463867e-07, 0.0013300776481628418, -0.00010280141577823088, 0.99988603591918945, 0.011537278071045876, 0.0097398161888122559, -0.011936454102396965, 0.99904745817184448, 0.041972596198320389, -0.0092462897300720215, -0.042084071785211563, 0.99907130002975464),
            ["RightHand"] = CFrame.new(-0.0004968792200088501, 0.0046933889389038086, -6.7055225372314453e-08, 0.77009487152099609, 0.55119234323501587, -0.32115566730499268, -0.6024584174156189, 0.79392337799072266, -0.082034029066562653, 0.20975647866725922, 0.25665691494941711, 0.94346672296524048),
            ["RightLowerArm"] = CFrame.new(-2.0861625671386719e-07, 0.025985479354858398, 0.0022840648889541626, 1, 0, 0, 0, 0.9766395092010498, -0.21488425135612488, 0, 0.21488425135612488, 0.9766395092010498),
            ["RightLowerLeg"] = CFrame.new(-1.6856938600540161e-07, 0.0049316883087158203, -5.2703711844515055e-05, 1, -0, 0, 0, 0.99934589862823486, 0.036163013428449631, -0, -0.036163013428449631, 0.99934589862823486),
            ["RightUpperArm"] = CFrame.new(0.11588037014007568, 0.09719550609588623, 0.30496728420257568, 0.76824057102203369, 0.16537292301654816, 0.61843204498291016, -0.19441910088062286, 0.98069947957992554, -0.020730651915073395, -0.60992431640625, -0.10430886596441269, 0.78556478023529053),
            ["RightUpperLeg"] = CFrame.new(5.9604644775390625e-08, -1.1175867342672063e-08, -7.9118763096630573e-08, 0.91965246200561523, -0.38418081402778625, -0.081513702869415283, 0.17836079001426697, 0.5934828519821167, -0.78483474254608154, 0.3498954176902771, 0.70723628997802734, 0.61432075500488281),
            ["UpperTorso"] = CFrame.new(-5.8197420216288265e-09, -0.049915701150894165, -0.091544464230537415, 1, -0, 0, 0, 0.85719782114028931, 0.51498734951019287, -0, -0.51498734951019287, 0.85719782114028931)
        }},
        {Time = 0.033, Data = {
            ["Head"] = CFrame.new(-2.4193696193306174e-17, 0.018287420272827148, -0.11018761992454529, 1, -0, 0, 0, 0.65563303232192993, 0.75507980585098267, -0, -0.75507980585098267, 0.65563303232192993),
            ["LeftFoot"] = CFrame.new(8.754432201385498e-08, -0.013754069805145264, -3.0025839805603027e-06, 0.99985450506210327, -0.013070909306406975, -0.010961548425257206, 0.01448243111371994, 0.98996919393539429, 0.14053899049758911, 0.0090146223083138466, -0.14067730307579041, 0.99001443386077881),
            ["LeftHand"] = CFrame.new(0.00049282610416412354, 0.011188685894012451, 4.3213367462158203e-07, 0.84349465370178223, -0.4641287624835968, 0.27037248015403748, 0.47657141089439392, 0.87886303663253784, 0.021896447986364365, -0.24778315424919128, 0.11038224399089813, 0.96250677108764648),
            ["LeftLowerArm"] = CFrame.new(-0.00050026178359985352, 0.067341506481170654, 0.017808258533477783, 1, 0, 0, 0, 0.81848019361495972, -0.57453477382659912, 0, 0.57453477382659912, 0.81848019361495972),
            ["LeftLowerLeg"] = CFrame.new(8.3819031715393066e-09, -0.013305425643920898, -7.578730583190918e-05, 1, 0, 0, 0, 1, 0, 0, 0, 1),
            ["LeftUpperArm"] = CFrame.new(-0.15843355655670166, 0.095699667930603027, 0.35238274931907654, 0.68311762809753418, -0.041601233184337616, -0.7291225790977478, 0.19137194752693176, 0.97368615865707397, 0.12374192476272583, 0.70478874444961548, -0.22406387329101562, 0.6731034517288208),
            ["LeftUpperLeg"] = CFrame.new(-5.9604644775390625e-08, -8.420625086102973e-09, -9.9875367595814168e-05, 0.91740381717681885, 0.38885387778282166, 0.084634125232696533, -0.17711088061332703, 0.58939832448959351, -0.78818875551223755, -0.35637339949607849, 0.70809775590896606, 0.60958647727966309),
            ["LowerTorso"] = CFrame.new(7.1408007285000963e-10, 0.60718154907226562, 0.01702919602394104, 1, 0, 0, 0, -0.34866046905517578, -0.93724906444549561, 0, 0.93724906444549561, -0.34866046905517578),
            ["RightFoot"] = CFrame.new(-1.4901161193847656e-07, 0.0028619170188903809, -0.00010268965706927702, 0.9998658299446106, 0.012523693032562733, 0.010557454079389572, -0.012850961647927761, 0.9994204044342041, 0.031523130834102631, -0.010156549513339996, -0.031654573976993561, 0.9994472861289978),
            ["RightHand"] = CFrame.new(-0.0004960671067237854, 0.0057373046875, -2.2724270820617676e-07, 0.77271366119384766, 0.5484345555305481, -0.31958267092704773, -0.5932806134223938, 0.80301523208618164, -0.056432314217090607, 0.22568032145500183, 0.23320826888084412, 0.94587647914886475),
            ["RightLowerArm"] = CFrame.new(5.9604644775390625e-08, 0.032850980758666992, 0.003754734992980957, 1, 0, 0, 0, 0.96170514822006226, -0.27408608794212341, 0, 0.27408608794212341, 0.96170514822006226),
            ["RightLowerLeg"] = CFrame.new(-9.8720192909240723e-08, 0.011186301708221436, -0.00032939593074843287, 1, -0, 0, 0, 0.99647998809814453, 0.083831138908863068, -0, -0.083831138908863068, 0.99647998809814453),
            ["RightUpperArm"] = CFrame.new(0.11607241630554199, 0.099199175834655762, 0.30456387996673584, 0.76784300804138184, 0.14817692339420319, 0.62326616048812866, -0.19840230047702789, 0.98005408048629761, 0.011424355208873749, -0.6091417670249939, -0.1324295699596405, 0.78192627429962158),
            ["RightUpperLeg"] = CFrame.new(5.9604644775390625e-08, -2.7552458092827692e-09, 5.8244040701538324e-08, 0.91917550563812256, -0.38796654343605042, -0.06781141459941864, 0.17117521166801453, 0.54859250783920288, -0.81837970018386841, 0.35470479726791382, 0.74062687158584595, 0.57066309452056885),
            ["UpperTorso"] = CFrame.new(-5.6182578589414334e-09, -0.040797442197799683, -0.087204217910766602, 1, -0, 0, 0, 0.86752235889434814, 0.4973982572555542, -0, -0.4973982572555542, 0.86752235889434814)
        }},
        {Time = 0.067, Data = {
            ["Head"] = CFrame.new(-2.4193669723526572e-17, 0.018287301063537598, -0.11018761992454529, 1, -0, 0, 0, 0.65563303232192993, 0.75507980585098267, -0, -0.75507980585098267, 0.65563303232192993),
            ["LeftFoot"] = CFrame.new(1.993030309677124e-07, -0.0021839141845703125, -2.9727816581726074e-06, 0.99979233741760254, -0.015583121217787266, -0.013134174048900604, 0.017610941082239151, 0.98494333028793335, 0.17197816073894501, 0.010256459936499596, -0.17217375338077545, 0.98501318693161011),
            ["LeftHand"] = CFrame.new(0.00049079954624176025, 0.014144420623779297, 2.9802322387695312e-08, 0.85043817758560181, -0.45455089211463928, 0.26483660936355591, 0.45547500252723694, 0.88810873031616211, 0.061688095331192017, -0.26324409246444702, 0.068164557218551636, 0.96231812238693237),
            ["LeftLowerArm"] = CFrame.new(-0.00050020217895507812, 0.077360987663269043, 0.023467347025871277, 1, 0, 0, 0, 0.75999987125396729, -0.64992320537567139, 0, 0.64992320537567139, 0.75999987125396729),
            ["LeftLowerLeg"] = CFrame.new(-1.1175870895385742e-07, -0.0017755031585693359, 7.7418982982635498e-05, 1, 0, 0, 0, 1, 0, 0, 0, 1),
            ["LeftUpperArm"] = CFrame.new(-0.1593620777130127, 0.10210025310516357, 0.35148414969444275, 0.68125498294830322, -0.013266898691654205, -0.73192602396011353, 0.20420604944229126, 0.96359127759933472, 0.17260287702083588, 0.70298761129379272, -0.26705029606819153, 0.6591605544090271),
            ["LeftUpperLeg"] = CFrame.new(-5.9604644775390625e-08, 3.6840049233433092e-08, -9.9918557680211961e-05, 0.91615772247314453, 0.39396995306015015, 0.073775157332420349, -0.15714693069458008, 0.52238184213638306, -0.83810627460479736, -0.36872744560241699, 0.75624394416809082, 0.54049527645111084),
            ["LowerTorso"] = CFrame.new(2.6499469285568011e-09, 0.6135406494140625, -0.043402284383773804, 1, 0, 0, 0, -0.29611361026763916, -0.95515269041061401, 0, 0.95515269041061401, -0.29611361026763916),
            ["RightFoot"] = CFrame.new(1.7881393432617188e-07, 0.0057200193405151367, -0.00010268220648868009, 0.99980646371841431, 0.015017682686448097, 0.012707076035439968, -0.01519283652305603, 0.99978929758071899, 0.013801645487546921, -0.01249712985008955, -0.013992032036185265, 0.99982398748397827),
            ["RightHand"] = CFrame.new(-0.00049477070569992065, 0.0080109834671020508, 5.2154064178466797e-08, 0.77999073266983032, 0.54069662094116211, -0.3150581419467926, -0.56877100467681885, 0.82248872518539429, 0.0034303441643714905, 0.26098653674125671, 0.17652031779289246, 0.949066162109375),
            ["RightLowerArm"] = CFrame.new(-2.384185791015625e-07, 0.048429787158966064, 0.0086385011672973633, 1, 0, 0, 0, 0.91207176446914673, -0.41003060340881348, 0, 0.41003060340881348, 0.91207176446914673),
            ["RightLowerLeg"] = CFrame.new(1.862645149230957e-09, 0.024519085884094238, -0.0017769784899428487, 1, -0, 0, 0, 0.98178660869598389, 0.1899869441986084, -0, -0.1899869441986084, 0.98178660869598389),
            ["RightUpperArm"] = CFrame.new(0.1166454553604126, 0.10481798648834229, 0.30340105295181274, 0.76669043302536011, 0.10785844922065735, 0.63289207220077515, -0.2095947265625, 0.97382539510726929, 0.087943866848945618, -0.60684090852737427, -0.20007656514644623, 0.76922917366027832),
            ["RightUpperLeg"] = CFrame.new(5.9604644775390625e-08, -1.187964357995952e-07, -4.6946661313995719e-07, 0.9179767370223999, -0.39514532685279846, -0.034334853291511536, 0.15107384324073792, 0.42837542295455933, -0.89088243246078491, 0.36673611402511597, 0.81262224912643433, 0.45293480157852173),
            ["UpperTorso"] = CFrame.new(-4.8214929826428943e-09, -0.017089724540710449, -0.07376929372549057, 1, -0, 0, 0, 0.89375817775726318, 0.44854918122291565, -0, -0.44854918122291565, 0.89375817775726318)
        }},
        {Time = 0.100, Data = {
            ["Head"] = CFrame.new(-2.419364325374697e-17, 0.018287301063537598, -0.11018750071525574, 1, -0, 0, 0, 0.65563303232192993, 0.75507980585098267, -0, -0.75507980585098267, 0.65563303232192993),
            ["LeftFoot"] = CFrame.new(8.3819031715393066e-08, 0.0039712190628051758, -2.8237700462341309e-06, 0.9996873140335083, -0.019154353067278862, -0.016073023900389671, 0.02145775593817234, 0.98717862367630005, 0.1581706702709198, 0.012837288901209831, -0.15846610069274902, 0.98728096485137939),
            ["LeftHand"] = CFrame.new(0.00048851966857910156, 0.017595171928405762, 8.9406967163085938e-08, 0.86109554767608643, -0.4393257200717926, 0.25594404339790344, 0.42400339245796204, 0.8982810378074646, 0.11537878215312958, -0.28059855103492737, 0.0091689862310886383, 0.95978140830993652),
            ["LeftLowerArm"] = CFrame.new(-0.00049996376037597656, 0.089463710784912109, 0.032283730804920197, 1, 0, 0, 0, 0.66868853569030762, -0.74354261159896851, 0, 0.74354261159896851, 0.66868853569030762),
            ["LeftLowerLeg"] = CFrame.new(-2.2351741790771484e-08, 0.01723170280456543, -0.00071326270699501038, 1, -0, 0, 0, 0.99154984951019287, 0.12972602248191833, -0, -0.12972602248191833, 0.99154984951019287),
            ["LeftUpperArm"] = CFrame.new(-0.16094541549682617, 0.11217129230499268, 0.34994196891784668, 0.6781277060508728, 0.024708367884159088, -0.73452860116958618, 0.22430387139320374, 0.94479244947433472, 0.23886199295520782, 0.699878990650177, -0.32673656940460205, 0.63514769077301025),
            ["LeftUpperLeg"] = CFrame.new(-5.9604644775390625e-08, -6.7647981438767602e-08, -9.9876233434770256e-05, 0.91439807415008545, 0.40375292301177979, 0.029321029782295227, -0.12634140253067017, 0.35344278812408447, -0.92688512802124023, -0.38459587097167969, 0.84383749961853027, 0.37419807910919189),
            ["LowerTorso"] = CFrame.new(5.4862607790084894e-09, 0.62226724624633789, -0.13031473755836487, 1, 0, 0, 0, -0.21720218658447266, -0.97612661123275757, 0, 0.97612661123275757, -0.21720218658447266),
            ["RightFoot"] = CFrame.new(-1.0058283805847168e-07, 0.0083091259002685547, -0.00010257789836032316, 0.99970543384552002, 0.018583010882139206, 0.015609932132065296, -0.018705066293478012, 0.99979531764984131, 0.0077098077163100243, -0.015463464893400669, -0.0079995216801762581, 0.99984842538833618),
            ["RightHand"] = CFrame.new(-0.00049276649951934814, 0.010756194591522217, -1.1920928955078125e-07, 0.79116725921630859, 0.52842134237289429, -0.30793720483779907, -0.53416842222213745, 0.84223228693008423, 0.072862178087234497, 0.29785656929016113, 0.10684414207935333, 0.94861257076263428),
            ["RightLowerArm"] = CFrame.new(2.9802322387695312e-07, 0.065905153751373291, 0.016960054636001587, 1, 0, 0, 0, 0.82716375589370728, -0.56196099519729614, 0, 0.56196099519729614, 0.82716375589370728),
            ["RightLowerLeg"] = CFrame.new(-1.3737007975578308e-07, 0.038162052631378174, -0.0046153673902153969, 1, -0, 0, 0, 0.95304626226425171, 0.3028247058391571, -0, -0.3028247058391571, 0.95304626226425171),
            ["RightUpperArm"] = CFrame.new(0.1176447868347168, 0.11360776424407959, 0.30149266123771667, 0.76473319530487061, 0.060696735978126526, 0.64148193597793579, -0.22718845307826996, 0.95701730251312256, 0.18028679490089417, -0.60296648740768433, -0.28360858559608459, 0.74565243721008301),
            ["RightUpperLeg"] = CFrame.new(5.9604644775390625e-08, -9.6264791693556617e-08, -1.9048457033932209e-07, 0.91632771492004395, -0.40035167336463928, 0.0078792273998260498, 0.12010625004768372, 0.25602245330810547, -0.95918053388595581, 0.38199219107627869, 0.87987011671066284, 0.28268516063690186),
            ["UpperTorso"] = CFrame.new(-3.0175355547612526e-09, 0.014748543500900269, -0.049799691885709763, 1, -0, 0, 0, 0.92737692594528198, 0.37412843108177185, -0, -0.37412843108177185, 0.92737692594528198)
        }},
        {Time = 0.133, Data = {
            ["Head"] = CFrame.new(-2.4193749132865377e-17, 0.018287420272827148, -0.11018764972686768, 1, -0, 0, 0, 0.65563303232192993, 0.75507980585098267, -0, -0.75507980585098267, 0.65563303232192993),
            ["LeftFoot"] = CFrame.new(-3.7252902984619141e-08, 0.0070514082908630371, -2.6822090148925781e-06, 0.99954444169998169, -0.023062882944941521, -0.019468050450086594, 0.025812750682234764, 0.98750704526901245, 0.15544614195823669, 0.015639800578355789, -0.15587785840034485, 0.98765254020690918),
            ["LeftHand"] = CFrame.new(0.00048676133155822754, 0.020337343215942383, -4.4703483581542969e-08, 0.87475186586380005, -0.41872677206993103, 0.24387921392917633, 0.38521382212638855, 0.90622752904891968, 0.1742468923330307, -0.29397189617156982, -0.058477159589529037, 0.95402354001998901),
            ["LeftLowerArm"] = CFrame.new(-0.00050032138824462891, 0.100455641746521, 0.043518707156181335, 1, 0, 0, 0, 0.55213087797164917, -0.83375751972198486, 0, 0.83375751972198486, 0.55213087797164917),
            ["LeftLowerLeg"] = CFrame.new(3.8184225559234619e-08, 0.032649874687194824, -0.0031492095440626144, 1, -0, 0, 0, 0.96689170598983765, 0.25518712401390076, -0, -0.25518712401390076, 0.96689170598983765),
            ["LeftUpperArm"] = CFrame.new(-0.16327953338623047, 0.12552750110626221, 0.34765246510505676, 0.67342495918273926, 0.06588338315486908, -0.73631393909454346, 0.25106263160705566, 0.91643911600112915, 0.31161975860595703, 0.69531750679016113, -0.39471346139907837, 0.60061216354370117),
            ["LeftUpperLeg"] = CFrame.new(-5.9604644775390625e-08, 7.070385521501521e-08, -9.9649958428926766e-05, 0.91243118047714233, 0.40873855352401733, -0.020052716135978699, -0.086900860071182251, 0.14564037322998047, -0.98551362752914429, -0.39989691972732544, 0.90095597505569458, 0.16840654611587524),
            ["LowerTorso"] = CFrame.new(8.8793674635212483e-09, 0.63210535049438477, -0.23234649002552032, 1, 0, 0, 0, -0.11949801445007324, -0.99283444881439209, 0, 0.99283444881439209, -0.11949801445007324),
            ["RightFoot"] = CFrame.new(1.0803341865539551e-07, 0.010288536548614502, -0.00010266730532748625, 0.99957042932510376, 0.022420400753617287, 0.018875861540436745, -0.022805077955126762, 0.99953144788742065, 0.020416803658008575, -0.018409265205264091, -0.020838499069213867, 0.99961334466934204),
            ["RightHand"] = CFrame.new(-0.00048934668302536011, 0.015622377395629883, 1.4901161193847656e-07, 0.80561041831970215, 0.51186227798461914, -0.29831010103225708, -0.49514284729957581, 0.85819816589355469, 0.13538616895675659, 0.32530826330184937, 0.038637597113847733, 0.94481831789016724),
            ["RightLowerArm"] = CFrame.new(2.9802322387695312e-07, 0.082903802394866943, 0.027111679315567017, 1, 0, 0, 0, 0.72226077318191528, -0.69162088632583618, 0, 0.69162088632583618, 0.72226077318191528),
            ["RightLowerLeg"] = CFrame.new(7.3108822107315063e-08, 0.049145519733428955, -0.0080148112028837204, 1, -0, 0, 0, 0.91857153177261353, 0.39525479078292847, -0, -0.39525479078292847, 0.91857153177261353),
            ["RightUpperArm"] = CFrame.new(0.11915576457977295, 0.12517464160919189, 0.29881235957145691, 0.76171255111694336, 0.01789536327123642, 0.64766800403594971, -0.25033584237098694, 0.93012005090713501, 0.26871666312217712, -0.59760022163391113, -0.3668193519115448, 0.71296399831771851),
            ["RightUpperLeg"] = CFrame.new(5.9604644775390625e-08, -1.1099210439624585e-08, 4.7039065975695848e-08, 0.91440445184707642, -0.40155524015426636, 0.051165416836738586, 0.080603316426277161, 0.056748867034912109, -0.99512952566146851, 0.39669591188430786, 0.91407495737075806, 0.084258139133453369),
            ["UpperTorso"] = CFrame.new(8.6175150348921647e-11, 0.047715842723846436, -0.014645574614405632, 1, -0, 0, 0, 0.95986807346343994, 0.28045204281806946, -0, -0.28045204281806946, 0.95986807346343994)
        }},
        {Time = 0.167, Data = {
            ["Head"] = CFrame.new(-2.4193722663085775e-17, 0.018287420272827148, -0.11018767952919006, 1, -0, 0, 0, 0.65563303232192993, 0.75507980585098267, -0, -0.75507980585098267, 0.65563303232192993),
            ["LeftFoot"] = CFrame.new(1.4901161193847656e-08, 0.0089587569236755371, -2.555549144744873e-06, 0.99937188625335693, -0.027102166786789894, -0.022832874208688736, 0.030673785135149956, 0.98421084880828857, 0.17432206869125366, 0.017747856676578522, -0.17491292953491211, 0.9844239354133606),
            ["LeftHand"] = CFrame.new(0.00048558413982391357, 0.022397994995117188, 2.2351741790771484e-07, 0.89045459032058716, -0.39320671558380127, 0.22908321022987366, 0.34283196926116943, 0.91067498922348022, 0.23051542043685913, -0.29926052689552307, -0.12672647833824158, 0.94571852684020996),
            ["LeftLowerArm"] = CFrame.new(-0.00050008296966552734, 0.10894787311553955, 0.055830955505371094, 1, 0, 0, 0, 0.42426151037216187, -0.90553981065750122, 0, 0.90553981065750122, 0.42426151037216187),
            ["LeftLowerLeg"] = CFrame.new(2.0023435354232788e-07, 0.043051183223724365, -0.0058384984731674194, 1, -0, 0, 0, 0.9396405816078186, 0.34216302633285522, -0, -0.34216302633285522, 0.9396405816078186),
            ["LeftUpperArm"] = CFrame.new(-0.16646015644073486, 0.14164423942565918, 0.34451109170913696, 0.66705751419067383, 0.10474924743175507, -0.7376055121421814, 0.28330761194229126, 0.8800199031829834, 0.38118466734886169, 0.68903630971908569, -0.46324136853218079, 0.55734765529632568),
            ["LeftUpperLeg"] = CFrame.new(-5.9604644775390625e-08, 1.1864191407084945e-08, -9.9928380222991109e-05, 0.91034644842147827, 0.40885397791862488, -0.06409156322479248, -0.042056232690811157, -0.062670350074768066, -0.99714773893356323, -0.41170448064804077, 0.91044539213180542, -0.039856910705566406),
            ["LowerTorso"] = CFrame.new(1.2471587318430011e-08, 0.64229059219360352, -0.33894374966621399, 1, 0, 0, 0, -0.011806607246398926, -0.99993032217025757, 0, 0.99993032217025757, -0.011806607246398926),
            ["RightFoot"] = CFrame.new(1.0896474123001099e-07, 0.011679410934448242, -0.00010242143616778776, 0.99940633773803711, 0.026379087939858437, 0.022161882370710373, -0.027460796758532524, 0.99837100505828857, 0.050012882798910141, -0.020806487649679184, -0.050591770559549332, 0.99850267171859741),
            ["RightHand"] = CFrame.new(-0.00048701465129852295, 0.019392609596252441, -2.9802322387695312e-08, 0.82232189178466797, 0.49162104725837708, -0.28652292490005493, -0.45304283499717712, 0.87032711505889893, 0.19308780133724213, 0.34429472684860229, -0.028973177075386047, 0.93841445446014404),
            ["RightLowerArm"] = CFrame.new(1.1920928955078125e-07, 0.096586406230926514, 0.038870681077241898, 1, 0, 0, 0, 0.60027170181274414, -0.79979616403579712, 0, 0.79979616403579712, 0.60027170181274414),
            ["RightLowerLeg"] = CFrame.new(-1.3923272490501404e-07, 0.05689692497253418, -0.011076388880610466, 1, -0, 0, 0, 0.88746011257171631, 0.46088460087776184, -0, -0.46088460087776184, 0.88746011257171631),
            ["RightUpperArm"] = CFrame.new(0.12126243114471436, 0.13900434970855713, 0.29535681009292603, 0.75744920969009399, -0.022272691130638123, 0.65251410007476807, -0.27806186676025391, 0.89324295520782471, 0.35326850414276123, -0.59072184562683105, -0.44902223348617554, 0.67039299011230469),
            ["RightUpperLeg"] = CFrame.new(5.9604644775390625e-08, 4.0289872771381852e-08, -2.370579750277102e-07, 0.91250228881835938, -0.39879277348518372, 0.091125994920730591, 0.035832256078720093, -0.14398539066314697, -0.98893094062805176, 0.4074992835521698, 0.90566694736480713, -0.11709737777709961),
            ["UpperTorso"] = CFrame.new(4.438232892312044e-09, 0.075504601001739502, 0.030063241720199585, 1, -0, 0, 0, 0.98449492454528809, 0.17541301250457764, -0, -0.17541301250457764, 0.98449492454528809)
        }},
        {Time = 0.200, Data = {
            ["Head"] = CFrame.new(-2.419364325374697e-17, 0.018287420272827148, -0.11018767952919006, 1, -0, 0, 0, 0.65563303232192993, 0.75507980585098267, -0, -0.75507980585098267, 0.65563303232192993),
            ["LeftFoot"] = CFrame.new(1.4901161193847656e-08, 0.010124266147613525, -2.5853514671325684e-06, 0.99917852878570557, -0.031026421114802361, -0.02607039175927639, 0.035753317177295685, 0.97776079177856445, 0.20665319263935089, 0.019078897312283516, -0.20741553604602814, 0.97806686162948608),
            ["LeftHand"] = CFrame.new(0.00048461556434631348, 0.023683667182922363, 1.4901161193847656e-07, 0.90702104568481445, -0.36385330557823181, 0.21195203065872192, 0.30041071772575378, 0.91185140609741211, 0.27978649735450745, -0.29506999254226685, -0.19009959697723389, 0.93637377023696899),
            ["LeftLowerArm"] = CFrame.new(-0.000499725341796875, 0.11453360319137573, 0.067944765090942383, 1, 0, 0, 0, 0.2985694408416748, -0.95438796281814575, 0, 0.95438796281814575, 0.2985694408416748),
            ["LeftLowerLeg"] = CFrame.new(-2.3189932107925415e-07, 0.049542665481567383, -0.0079855024814605713, 1, -0, 0, 0, 0.91783833503723145, 0.39695441722869873, -0, -0.39695441722869873, 0.91783833503723145),
            ["LeftUpperArm"] = CFrame.new(-0.1704939603805542, 0.15963459014892578, 0.34050345420837402, 0.65902221202850342, 0.13847370445728302, -0.73926633596420288, 0.31926214694976807, 0.8384554386138916, 0.44166064262390137, 0.68100029230117798, -0.52708393335342407, 0.50835138559341431),
            ["LeftUpperLeg"] = CFrame.new(0, 4.9700602744451317e-08, -9.9816104921046644e-05, 0.90838021039962769, 0.40575158596038818, -0.10104981064796448, 0.0041719526052474976, -0.25044476985931396, -0.96812218427658081, -0.41812440752983093, 0.8790014386177063, -0.22919189929962158),
            ["LowerTorso"] = CFrame.new(1.591862819338985e-08, 0.6524207592010498, -0.44088512659072876, 1, 0, 0, 0, 0.095974326133728027, -0.99538379907608032, 0, 0.99538379907608032, 0.095974326133728027),
            ["RightFoot"] = CFrame.new(2.7939677238464355e-09, 0.012566864490509033, -0.00010247359023196623, 0.99922859668731689, 0.030040580779314041, 0.025294259190559387, -0.032207846641540527, 0.99540680646896362, 0.090154930949211121, -0.022469770163297653, -0.090900063514709473, 0.99560648202896118),
            ["RightHand"] = CFrame.new(-0.00048583745956420898, 0.021610915660858154, 1.7881393432617188e-07, 0.84019696712493896, 0.46850854158401489, -0.2730729877948761, -0.41114097833633423, 0.878703773021698, 0.24257543683052063, 0.35359892249107361, -0.091539658606052399, 0.93090724945068359),
            ["RightLowerArm"] = CFrame.new(-1.4901161193847656e-07, 0.10610848665237427, 0.051012948155403137, 1, 0, 0, 0, 0.4743463397026062, -0.88033837080001831, 0, 0.88033837080001831, 0.4743463397026062),
            ["RightLowerLeg"] = CFrame.new(-1.3224780559539795e-07, 0.06177598237991333, -0.013308538123965263, 1, -0, 0, 0, 0.86470824480056763, 0.50227445363998413, -0, -0.50227445363998413, 0.86470824480056763),
            ["RightUpperArm"] = CFrame.new(0.12398171424865723, 0.15429222583770752, 0.29121154546737671, 0.75202488899230957, -0.057717740535736084, 0.65660274028778076, -0.30859312415122986, 0.84940886497497559, 0.4281061589717865, -0.58243346214294434, -0.52456963062286377, 0.62096530199050903),
            ["RightUpperLeg"] = CFrame.new(5.9604644775390625e-08, 9.9311009194025246e-08, -1.2022792361676693e-07, 0.91068351268768311, -0.39367157220840454, 0.12521252036094666, -0.010245904326438904, -0.32453238964080811, -0.94581907987594604, 0.41297760605812073, 0.86005896329879761, -0.29957985877990723),
            ["UpperTorso"] = CFrame.new(9.599223638190324e-09, 0.093907088041305542, 0.080130532383918762, 1, -0, 0, 0, 0.99766296148300171, 0.068327076733112335, -0, -0.068327076733112335, 0.99766296148300171)
        }},
        {Time = 0.233, Data = {
            ["Head"] = CFrame.new(-2.4193669723526572e-17, 0.018287420272827148, -0.110187828540802, 1, -0, 0, 0, 0.65563303232192993, 0.75507980585098267, -0, -0.75507980585098267, 0.65563303232192993),
            ["LeftFoot"] = CFrame.new(-1.0430812835693359e-07, 0.010799944400787354, -2.644956111907959e-06, 0.99898260831832886, -0.034489769488573074, -0.029054978862404823, 0.040535870939493179, 0.96908652782440186, 0.24336825311183929, 0.019763076677918434, -0.24429841339588165, 0.96949869394302368),
            ["LeftHand"] = CFrame.new(0.00048372149467468262, 0.024435639381408691, 2.9802322387695312e-08, 0.92277872562408447, -0.33295637369155884, 0.19395747780799866, 0.26151978969573975, 0.91083240509033203, 0.31936147809028625, -0.28299617767333984, -0.24397626519203186, 0.92757141590118408),
            ["LeftLowerArm"] = CFrame.new(-0.00049963593482971191, 0.11768633127212524, 0.078667521476745605, 1, 0, 0, 0, 0.18732798099517822, -0.98229742050170898, 0, 0.98229742050170898, 0.18732798099517822),
            ["LeftLowerLeg"] = CFrame.new(1.1827796697616577e-07, 0.053316473960876465, -0.0094109326601028442, 1, -0, 0, 0, 0.90335917472839355, 0.42888486385345459, -0, -0.42888486385345459, 0.90335917472839355),
            ["LeftUpperArm"] = CFrame.new(-0.17516624927520752, 0.17803239822387695, 0.3358386754989624, 0.64967143535614014, 0.16555064916610718, -0.74197036027908325, 0.35604804754257202, 0.79607623815536499, 0.48937961459159851, 0.67168205976486206, -0.58211302757263184, 0.45824402570724487),
            ["LeftUpperLeg"] = CFrame.new(0, 2.3654656899907422e-08, -9.988844976760447e-05, 0.9065476655960083, 0.40149712562561035, -0.1302744448184967, 0.04744797945022583, -0.40360426902770996, -0.91370254755020142, -0.4194282591342926, 0.82213360071182251, -0.38493669033050537),
            ["LowerTorso"] = CFrame.new(1.892373013845372e-08, 0.66211152076721191, -0.53047323226928711, 1, 0, 0, 0, 0.19402730464935303, -0.98099613189697266, 0, 0.98099613189697266, 0.19402730464935303),
            ["RightFoot"] = CFrame.new(-1.4901161193847656e-08, 0.013072371482849121, -0.00010267475590808317, 0.99904972314834595, 0.033322937786579132, 0.028092376887798309, -0.036769643425941467, 0.99046635627746582, 0.13275694847106934, -0.023400701582431793, -0.13366374373435974, 0.99075043201446533),
            ["RightHand"] = CFrame.new(-0.00048489868640899658, 0.02290654182434082, 2.6822090148925781e-07, 0.85755741596221924, 0.44441109895706177, -0.25902512669563293, -0.37337404489517212, 0.88415634632110596, 0.2808191180229187, 0.35381785035133362, -0.14410524070262909, 0.92414641380310059),
            ["RightLowerArm"] = CFrame.new(-3.5762786865234375e-07, 0.11213386058807373, 0.062063366174697876, 1, 0, 0, 0, 0.35964840650558472, -0.93308794498443604, 0, 0.93308794498443604, 0.35964840650558472),
            ["RightLowerLeg"] = CFrame.new(-3.166496753692627e-08, 0.064512014389038086, -0.014670221135020256, 1, -0, 0, 0, 0.85085499286651611, 0.52540063858032227, -0, -0.52540063858032227, 0.85085499286651611),
            ["RightUpperArm"] = CFrame.new(0.12716817855834961, 0.16978466510772705, 0.2866523265838623, 0.74564921855926514, -0.086479708552360535, 0.66070300340652466, -0.33956676721572876, 0.80381828546524048, 0.48843681812286377, -0.57332509756088257, -0.58855533599853516, 0.57000088691711426),
            ["RightUpperLeg"] = CFrame.new(5.9604644775390625e-08, 9.555462554544647e-08, -1.8944410840049386e-07, 0.90900295972824097, -0.38789248466491699, 0.15248972177505493, -0.053138300776481628, -0.47073948383331299, -0.88067102432250977, 0.41338843107223511, 0.79242956638336182, -0.44851553440093994),
            ["UpperTorso"] = CFrame.new(1.4856773589144723e-08, 0.10186928510665894, 0.12954837083816528, 1, 0, 0, 0, 0.99952512979507446, -0.03081330843269825, 0, 0.03081330843269825, 0.99952512979507446)
        }},
        {Time = 0.267, Data = {
            ["Head"] = CFrame.new(-2.4193696193306174e-17, 0.018287420272827148, -0.11018772423267365, 1, -0, 0, 0, 0.65563303232192993, 0.75507980585098267, -0, -0.75507980585098267, 0.65563303232192993),
            ["LeftFoot"] = CFrame.new(2.4959444999694824e-07, 0.011153995990753174, -2.7157366275787354e-06, 0.99880629777908325, -0.037386659532785416, -0.03143676370382309, 0.044640686362981796, 0.95990937948226929, 0.27673298120498657, 0.019830323755741119, -0.27780598402023315, 0.96043252944946289),
            ["LeftHand"] = CFrame.new(0.00048354268074035645, 0.025099873542785645, 1.1920928955078125e-07, 0.93601739406585693, -0.3041459321975708, 0.17710626125335693, 0.22954384982585907, 0.90900284051895142, 0.34788423776626587, -0.26679769158363342, -0.28497207164764404, 0.92065733671188354),
            ["LeftLowerArm"] = CFrame.new(-0.00049936771392822266, 0.11926060914993286, 0.087031960487365723, 1, 0, 0, 0, 0.10037976503372192, -0.99494922161102295, 0, 0.99494922161102295, 0.10037976503372192),
            ["LeftLowerLeg"] = CFrame.new(2.9802322387695312e-08, 0.055283844470977783, -0.010207690298557281, 1, -0, 0, 0, 0.89526480436325073, 0.44553440809249878, -0, -0.44553440809249878, 0.89526480436325073),
            ["LeftUpperArm"] = CFrame.new(-0.17988848686218262, 0.19467151165008545, 0.33110642433166504, 0.64021766185760498, 0.18505227565765381, -0.74557161331176758, 0.38931119441986084, 0.75852549076080322, 0.52256655693054199, 0.66223716735839844, -0.62481570243835449, 0.41357851028442383),
            ["LeftUpperLeg"] = CFrame.new(0, 4.1476248213712097e-08, -9.9767181382048875e-05, 0.90503585338592529, 0.39743182063102722, -0.15151897072792053, 0.083404719829559326, -0.51514565944671631, -0.85303497314453125, -0.41707757115364075, 0.75938987731933594, -0.49937295913696289),
            ["LowerTorso"] = CFrame.new(2.1260078142404382e-08, 0.67064833641052246, -0.60135149955749512, 1, 0, 0, 0, 0.27350473403930664, -0.96187067031860352, 0, 0.96187067031860352, 0.27350473403930664),
            ["RightFoot"] = CFrame.new(5.5879354476928711e-08, 0.013320863246917725, -0.00010289082274539396, 0.9988858699798584, 0.036099709570407867, 0.030394380912184715, -0.040765978395938873, 0.98453086614608765, 0.17040269076824188, -0.023772718384861946, -0.17145191133022308, 0.9849056601524353),
            ["RightHand"] = CFrame.new(-0.00048425793647766113, 0.023910582065582275, 2.0861625671386719e-07, 0.87257307767868042, 0.4220573902130127, -0.24593454599380493, -0.34278064966201782, 0.88773465156555176, 0.30729231238365173, 0.34801959991455078, -0.18383340537548065, 0.91928648948669434),
            ["RightLowerArm"] = CFrame.new(-2.9802322387695312e-07, 0.11570119857788086, 0.070833683013916016, 1, 0, 0, 0, 0.26850157976150513, -0.96327924728393555, 0, 0.96327924728393555, 0.26850157976150513),
            ["RightLowerLeg"] = CFrame.new(-4.2840838432312012e-08, 0.065844357013702393, -0.015363199636340141, 1, -0, 0, 0, 0.84374755620956421, 0.53674024343490601, -0, -0.53674024343490601, 0.84374755620956421),
            ["RightUpperArm"] = CFrame.new(0.13041090965270996, 0.1836930513381958, 0.28224223852157593, 0.73918485641479492, -0.10756197571754456, 0.66485804319381714, -0.36736759543418884, 0.76298791170120239, 0.53187459707260132, -0.56448811292648315, -0.63740092515945435, 0.52447432279586792),
            ["RightUpperLeg"] = CFrame.new(5.9604644775390625e-08, 1.6714000139472773e-07, -4.2491592466831207e-08, 0.90762364864349365, -0.38277709484100342, 0.17233987152576447, -0.088647514581680298, -0.57605409622192383, -0.81259047985076904, 0.41031813621520996, 0.72224879264831543, -0.55677258968353271),
            ["UpperTorso"] = CFrame.new(1.9418161301132386e-08, 0.10166376829147339, 0.17177972197532654, 1, 0, 0, 0, 0.99367439746856689, -0.1122995987534523, 0, 0.1122995987534523, 0.99367439746856689)
        }},
        {Time = 0.300, Data = {
            ["Head"] = CFrame.new(-2.4193669723526572e-17, 0.018287301063537598, -0.11018772423267365, 1, -0, 0, 0, 0.65563303232192993, 0.75507980585098267, -0, -0.75507980585098267, 0.65563303232192993),
            ["LeftFoot"] = CFrame.new(2.9988586902618408e-07, 0.011313378810882568, -2.7380883693695068e-06, 0.99867665767669678, -0.039336048066616058, -0.033129323273897171, 0.047485589981079102, 0.95266115665435791, 0.30030283331871033, 0.019748294726014137, -0.30147859454154968, 0.95326840877532959),
            ["LeftHand"] = CFrame.new(0.00048325955867767334, 0.025359511375427246, -1.4901161193847656e-07, 0.94498032331466675, -0.28269651532173157, 0.16460534930229187, 0.20779314637184143, 0.90736043453216553, 0.36540254950523376, -0.25265440344810486, -0.31109437346458435, 0.91618013381958008),
            ["LeftLowerArm"] = CFrame.new(-0.00049921870231628418, 0.11977207660675049, 0.092503726482391357, 1, 0, 0, 0, 0.043584585189819336, -0.99904972314834595, 0, 0.99904972314834595, 0.043584585189819336),
            ["LeftLowerLeg"] = CFrame.new(4.8428773880004883e-08, 0.056171834468841553, -0.010579973459243774, 1, -0, 0, 0, 0.89147794246673584, 0.45306408405303955, -0, -0.45306408405303955, 0.89147794246673584),
            ["LeftUpperArm"] = CFrame.new(-0.18363583087921143, 0.2067875862121582, 0.32734152674674988, 0.63271182775497437, 0.19729864597320557, -0.74883186817169189, 0.4135582447052002, 0.73146522045135498, 0.54215157032012939, 0.65471017360687256, -0.65271127223968506, 0.38121223449707031),
            ["LeftUpperLeg"] = CFrame.new(0, -1.3452989833240281e-09, -0.00010004878276959062, 0.90396839380264282, 0.39456096291542053, -0.1648116409778595, 0.10769942402839661, -0.5830996036529541, -0.80523061752319336, -0.41381403803825378, 0.71015298366546631, -0.56959760189056396),
            ["LowerTorso"] = CFrame.new(2.2765620499853867e-08, 0.67684388160705566, -0.64798218011856079, 1, 0, 0, 0, 0.32630407810211182, -0.94526487588882446, 0, 0.94526487588882446, 0.32630407810211182),
            ["RightFoot"] = CFrame.new(2.7939677238464355e-09, 0.013421297073364258, -0.00010276788816554472, 0.99876582622528076, 0.038006875663995743, 0.03197280690073967, -0.043569598346948624, 0.97950154542922974, 0.19666816294193268, -0.023842673748731613, -0.19781847298145294, 0.97994863986968994),
            ["RightHand"] = CFrame.new(-0.00048398971557617188, 0.024228930473327637, 4.4703483581542969e-08, 0.8830643892288208, 0.40543055534362793, -0.23626965284347534, -0.32211971282958984, 0.88987201452255249, 0.32305833697319031, 0.34122747182846069, -0.20917418599128723, 0.91641145944595337),
            ["RightLowerArm"] = CFrame.new(-5.6624412536621094e-07, 0.11732387542724609, 0.076679885387420654, 1, 0, 0, 0, 0.20788592100143433, -0.97815310955047607, 0, 0.97815310955047607, 0.20788592100143433),
            ["RightLowerLeg"] = CFrame.new(-1.9744038581848145e-07, 0.066380798816680908, -0.015647647902369499, 1, -0, 0, 0, 0.84083878993988037, 0.54128563404083252, -0, -0.54128563404083252, 0.84083878993988037),
            ["RightUpperArm"] = CFrame.new(0.13299369812011719, 0.19377040863037109, 0.27885356545448303, 0.73398154973983765, -0.12102600932121277, 0.66829919815063477, -0.3875558078289032, 0.73342746496200562, 0.55846637487411499, -0.55773794651031494, -0.66890722513198853, 0.49141788482666016),
            ["RightUpperLeg"] = CFrame.new(5.9604644775390625e-08, 2.3976386387403181e-07, -2.973320079036057e-07, 0.90663313865661621, -0.37932687997817993, 0.18473610281944275, -0.11272220313549042, -0.63969945907592773, -0.76031452417373657, 0.40658333897590637, 0.66850250959396362, -0.62273132801055908),
            ["UpperTorso"] = CFrame.new(2.2571985169861364e-08, 0.097952127456665039, 0.20082484185695648, 1, 0, 0, 0, 0.98593437671661377, -0.16713286936283112, 0, 0.16713286936283112, 0.98593437671661377)
        }},
        {Time = 0.333, Data = {
            ["Head"] = CFrame.new(-2.4193722663085775e-17, 0.018287301063537598, -0.11018747091293335, 1, -0, 0, 0, 0.65563303232192993, 0.75507980585098267, -0, -0.75507980585098267, 0.65563303232192993),
            ["LeftFoot"] = CFrame.new(8.9406967163085938e-08, 0.011359632015228271, -2.7827918529510498e-06, 0.99862134456634521, -0.040150076150894165, -0.033814180642366409, 0.048652790486812592, 0.94978666305541992, 0.30909264087677002, 0.019706167280673981, -0.31031167507171631, 0.95043063163757324),
