return {
["think hmm 2"] = {

          {Time = 0.000, Data = {

              ["Head"] = CFrame.new(0.000000, 0.000000, 0.000000, 0.987248, 0.011158, 0.158797, 0.011158, 0.990237, -0.138948, -0.158797, 0.138948, 0.977485),

              ["LeftFoot"] = CFrame.new(0.000000, 0.000577, -0.000003, 0.999468, -0.024943, -0.021003, 0.023253, 0.996742, -0.077222, 0.022859, 0.076697, 0.996793),

              ["LeftHand"] = CFrame.new(0.000487, 0.019221, 0.000000, 0.995366, -0.083375, 0.047910, 0.054765, 0.901046, 0.430255, -0.079040, -0.425634, 0.901435),

              ["LeftLowerArm"] = CFrame.new(-0.000499, 0.095178, 0.037453, 1.000000, -0.000000, -0.000000, 0.000000, 0.614959, -0.788559, 0.000000, 0.788559, 0.614960),

              ["LeftLowerLeg"] = CFrame.new(-0.000000, 0.003024, 0.000088, 1.000000, -0.000000, 0.000000, 0.000000, 0.999789, 0.020544, -0.000000, -0.020562, 0.999789),

              ["LeftUpperArm"] = CFrame.new(0.157266, -0.423811, 0.301124, 0.474360, -0.729841, -0.492255, 0.367600, 0.672305, -0.642555, 0.799908, 0.123850, 0.587204),

              ["LeftUpperLeg"] = CFrame.new(0.000000, -0.000000, -0.000100, 0.999468, 0.023717, 0.022377, -0.024943, 0.998109, 0.056197, -0.021002, -0.056717, 0.998169),

              ["LowerTorso"] = CFrame.new(0.000000, -0.008528, 0.000000, 1.000000, 0.000000, -0.000000, 0.000000, 1.000000, 0.000000, 0.000000, 0.000000, 1.000000),

              ["RightFoot"] = CFrame.new(0.000000, 0.001068, -0.000103, 0.998697, 0.039031, 0.032865, -0.039983, 0.998784, 0.028839, -0.031698, -0.030104, 0.999044),

              ["RightHand"] = CFrame.new(-0.000487, 0.020370, -0.000000, 0.962708, 0.233851, -0.136039, -0.249199, 0.962255, -0.109391, 0.105322, 0.139212, 0.984646),

              ["RightLowerArm"] = CFrame.new(-0.000000, 0.101026, 0.044076, 1.000000, 0.000000, 0.000000, -0.000000, 0.546349, -0.837558, -0.000000, 0.837558, 0.546349),

              ["RightLowerLeg"] = CFrame.new(0.000000, 0.003921, -0.000030, 1.000000, 0.000000, 0.000000, -0.000000, 0.999589, 0.028652, -0.000000, -0.028670, 0.999589),

              ["RightUpperArm"] = CFrame.new(-0.013265, -0.400180, 0.185437, 0.261219, 0.965148, 0.015936, 0.021981, 0.010557, -0.999703, -0.965029, 0.261492, -0.018457),

              ["RightUpperLeg"] = CFrame.new(0.000000, -0.000000, -0.000000, 0.998697, -0.040875, -0.030539, 0.039031, 0.997511, -0.058720, 0.032864, 0.057459, 0.997807),

              ["UpperTorso"] = CFrame.new(0.000000, 0.000000, 0.000000, 1.000000, 0.000000, 0.000000, 0.000000, 1.000000, 0.000000, -0.000000, 0.000000, 1.000000)

          }},

          {Time = 0.033, Data = {

              ["Head"] = CFrame.new(0.000000, 0.000000, 0.000000, 0.987248, 0.011158, 0.158797, 0.011158, 0.990237, -0.138948, -0.158797, 0.138948, 0.977485),

              ["LeftFoot"] = CFrame.new(0.000000, 0.000577, -0.000003, 0.999468, -0.024943, -0.021003, 0.023253, 0.996742, -0.077222, 0.022859, 0.076697, 0.996793),

              ["LeftHand"] = CFrame.new(0.000487, 0.019221, 0.000000, 0.995366, -0.083375, 0.047910, 0.054765, 0.901046, 0.430255, -0.079040, -0.425634, 0.901435),

              ["LeftLowerArm"] = CFrame.new(-0.000499, 0.095178, 0.037453, 1.000000, -0.000000, -0.000000, 0.000000, 0.614959, -0.788559, 0.000000, 0.788559, 0.614960),

              ["LeftLowerLeg"] = CFrame.new(-0.000000, 0.003024, 0.000088, 1.000000, -0.000000, 0.000000, 0.000000, 0.999789, 0.020544, -0.000000, -0.020562, 0.999789),

              ["LeftUpperArm"] = CFrame.new(0.157266, -0.423811, 0.301124, 0.474360, -0.729841, -0.492255, 0.367600, 0.672305, -0.642555, 0.799908, 0.123850, 0.587204),

              ["LeftUpperLeg"] = CFrame.new(0.000000, -0.000000, -0.000100, 0.999468, 0.023717, 0.022377, -0.024943, 0.998109, 0.056197, -0.021002, -0.056717, 0.998169),

              ["LowerTorso"] = CFrame.new(0.000000, -0.008528, 0.000000, 1.000000, 0.000000, -0.000000, 0.000000, 1.000000, 0.000000, 0.000000, 0.000000, 1.000000),

              ["RightFoot"] = CFrame.new(0.000000, 0.001068, -0.000103, 0.998697, 0.039031, 0.032865, -0.039983, 0.998784, 0.028839, -0.031698, -0.030104, 0.999044),

              ["RightHand"] = CFrame.new(-0.000486, 0.020799, 0.000000, 0.961828, 0.236539, -0.137611, -0.249990, 0.964036, -0.090221, 0.111320, 0.121178, 0.986369),

              ["RightLowerArm"] = CFrame.new(-0.000000, 0.102488, 0.045836, 1.000000, 0.000000, 0.000000, 0.000000, 0.528033, -0.849223, -0.000000, 0.849224, 0.528034),

              ["RightLowerLeg"] = CFrame.new(0.000000, 0.003921, -0.000030, 1.000000, 0.000000, 0.000000, -0.000000, 0.999589, 0.028652, -0.000000, -0.028670, 0.999589),

              ["RightUpperArm"] = CFrame.new(-0.014576, -0.399293, 0.185100, 0.263841, 0.964398, 0.018042, 0.020207, 0.013174, -0.999709, -0.964355, 0.264129, -0.016012),

              ["RightUpperLeg"] = CFrame.new(0.000000, -0.000000, -0.000000, 0.998697, -0.040875, -0.030539, 0.039031, 0.997511, -0.058720, 0.032864, 0.057459, 0.997807),

              ["UpperTorso"] = CFrame.new(0.000000, 0.000000, 0.000000, 1.000000, 0.000000, 0.000000, 0.000000, 1.000000, 0.000000, -0.000000, 0.000000, 1.000000)

          }},

          {Time = 0.067, Data = {

              ["Head"] = CFrame.new(0.000000, 0.000000, 0.000000, 0.987248, 0.011158, 0.158797, 0.011158, 0.990237, -0.138948, -0.158797, 0.138948, 0.977485),

              ["LeftFoot"] = CFrame.new(0.000000, 0.000577, -0.000003, 0.999468, -0.024943, -0.021003, 0.023253, 0.996742, -0.077222, 0.022859, 0.076697, 0.996793),

              ["LeftHand"] = CFrame.new(0.000487, 0.019221, 0.000000, 0.995366, -0.083375, 0.047910, 0.054765, 0.901046, 0.430255, -0.079040, -0.425634, 0.901435),

              ["LeftLowerArm"] = CFrame.new(-0.000499, 0.095178, 0.037453, 1.000000, -0.000000, -0.000000, 0.000000, 0.614959, -0.788559, 0.000000, 0.788559, 0.614960),

              ["LeftLowerLeg"] = CFrame.new(-0.000000, 0.003024, 0.000088, 1.000000, -0.000000, 0.000000, 0.000000, 0.999789, 0.020544, -0.000000, -0.020562, 0.999789),

              ["LeftUpperArm"] = CFrame.new(0.157266, -0.423811, 0.301124, 0.474360, -0.729841, -0.492255, 0.367600, 0.672305, -0.642555, 0.799908, 0.123850, 0.587204),

              ["LeftUpperLeg"] = CFrame.new(0.000000, -0.000000, -0.000100, 0.999468, 0.023717, 0.022377, -0.024943, 0.998109, 0.056197, -0.021002, -0.056717, 0.998169),

              ["LowerTorso"] = CFrame.new(0.000000, -0.008528, 0.000000, 1.000000, 0.000000, -0.000000, 0.000000, 1.000000, 0.000000, 0.000000, 0.000000, 1.000000),

              ["RightFoot"] = CFrame.new(0.000000, 0.001068, -0.000103, 0.998697, 0.039031, 0.032865, -0.039983, 0.998784, 0.028839, -0.031698, -0.030104, 0.999044),

              ["RightHand"] = CFrame.new(-0.000486, 0.021160, -0.000000, 0.960771, 0.239723, -0.139473, -0.250778, 0.965673, -0.067718, 0.118450, 0.100038, 0.987908),

              ["RightLowerArm"] = CFrame.new(-0.000000, 0.104013, 0.047896, 1.000000, 0.000000, 0.000000, -0.000000, 0.506651, -0.862151, -0.000000, 0.862151, 0.506651),

              ["RightLowerLeg"] = CFrame.new(0.000000, 0.003921, -0.000030, 1.000000, 0.000000, 0.000000, -0.000000, 0.999589, 0.028652, -0.000000, -0.028670, 0.999589),

              ["RightUpperArm"] = CFrame.new(-0.016128, -0.398241, 0.184693, 0.266945, 0.963503, 0.020057, 0.018103, 0.015795, -0.999711, -0.963542, 0.267231, -0.013227),

              ["RightUpperLeg"] = CFrame.new(0.000000, -0.000000, -0.000000, 0.998697, -0.040875, -0.030539, 0.039031, 0.997511, -0.058720, 0.032864, 0.057459, 0.997807),

              ["UpperTorso"] = CFrame.new(0.000000, 0.000000, 0.000000, 1.000000, 0.000000, 0.000000, 0.000000, 1.000000, 0.000000, -0.000000, 0.000000, 1.000000)

          }},

          {Time = 0.100, Data = {

              ["Head"] = CFrame.new(0.000000, 0.000000, 0.000000, 0.987248, 0.011158, 0.158797, 0.011158, 0.990237, -0.138948, -0.158797, 0.138948, 0.977485),

              ["LeftFoot"] = CFrame.new(0.000000, 0.000577, -0.000003, 0.999468, -0.024943, -0.021003, 0.023253, 0.996742, -0.077222, 0.022859, 0.076697, 0.996793),

              ["LeftHand"] = CFrame.new(0.000487, 0.019221, 0.000000, 0.995366, -0.083375, 0.047910, 0.054765, 0.901046, 0.430255, -0.079040, -0.425634, 0.901435),

              ["LeftLowerArm"] = CFrame.new(-0.000499, 0.095178, 0.037453, 1.000000, -0.000000, -0.000000, 0.000000, 0.614959, -0.788559, 0.000000, 0.788559, 0.614960),

              ["LeftLowerLeg"] = CFrame.new(-0.000000, 0.003024, 0.000088, 1.000000, -0.000000, 0.000000, 0.000000, 0.999789, 0.020544, -0.000000, -0.020562, 0.999789),

              ["LeftUpperArm"] = CFrame.new(0.157266, -0.423811, 0.301124, 0.474360, -0.729841, -0.492255, 0.367600, 0.672305, -0.642555, 0.799908, 0.123850, 0.587204),

              ["LeftUpperLeg"] = CFrame.new(0.000000, -0.000000, -0.000100, 0.999468, 0.023717, 0.022377, -0.024943, 0.998109, 0.056197, -0.021002, -0.056717, 0.998169),

              ["LowerTorso"] = CFrame.new(0.000000, -0.008528, 0.000000, 1.000000, 0.000000, -0.000000, 0.000000, 1.000000, 0.000000, 0.000000, 0.000000, 1.000000),

              ["RightFoot"] = CFrame.new(0.000000, 0.001068, -0.000103, 0.998697, 0.039031, 0.032865, -0.039983, 0.998784, 0.028839, -0.031698, -0.030104, 0.999044),

              ["RightHand"] = CFrame.new(-0.000486, 0.021490, -0.000000, 0.959555, 0.243331, -0.141582, -0.251495, 0.966918, -0.042676, 0.126512, 0.076557, 0.989006),

              ["RightLowerArm"] = CFrame.new(-0.000000, 0.105557, 0.050169, 1.000000, 0.000000, 0.000000, -0.000000, 0.483095, -0.875568, -0.000000, 0.875568, 0.483095),

              ["RightLowerLeg"] = CFrame.new(0.000000, 0.003921, -0.000030, 1.000000, 0.000000, 0.000000, -0.000000, 0.999589, 0.028652, -0.000000, -0.028670, 0.999589),

              ["RightUpperArm"] = CFrame.new(-0.017886, -0.397048, 0.184224, 0.270461, 0.962488, 0.021646, 0.015717, 0.018066, -0.999713, -0.962603, 0.270724, -0.010242),

              ["RightUpperLeg"] = CFrame.new(0.000000, -0.000000, -0.000000, 0.998697, -0.040875, -0.030539, 0.039031, 0.997511, -0.058720, 0.032864, 0.057459, 0.997807),

              ["UpperTorso"] = CFrame.new(0.000000, 0.000000, 0.000000, 1.000000, 0.000000, 0.000000, 0.000000, 1.000000, 0.000000, -0.000000, 0.000000, 1.000000)

          }},

          {Time = 0.133, Data = {

              ["Head"] = CFrame.new(0.000000, 0.000000, 0.000000, 0.987248, 0.011158, 0.158797, 0.011158, 0.990237, -0.138948, -0.158797, 0.138948, 0.977485),

              ["LeftFoot"] = CFrame.new(0.000000, 0.000577, -0.000003, 0.999468, -0.024943, -0.021003, 0.023253, 0.996742, -0.077222, 0.022859, 0.076697, 0.996793),

              ["LeftHand"] = CFrame.new(0.000487, 0.019221, 0.000000, 0.995366, -0.083375, 0.047910, 0.054765, 0.901046, 0.430255, -0.079040, -0.425634, 0.901435),

              ["LeftLowerArm"] = CFrame.new(-0.000499, 0.095178, 0.037453, 1.000000, -0.000000, -0.000000, 0.000000, 0.614959, -0.788559, 0.000000, 0.788559, 0.614960),

              ["LeftLowerLeg"] = CFrame.new(-0.000000, 0.003024, 0.000088, 1.000000, -0.000000, 0.000000, 0.000000, 0.999789, 0.020544, -0.000000, -0.020562, 0.999789),

              ["LeftUpperArm"] = CFrame.new(0.157266, -0.423811, 0.301124, 0.474360, -0.729841, -0.492255, 0.367600, 0.672305, -0.642555, 0.799908, 0.123850, 0.587204),

              ["LeftUpperLeg"] = CFrame.new(0.000000, -0.000000, -0.000100, 0.999468, 0.023717, 0.022377, -0.024943, 0.998109, 0.056197, -0.021002, -0.056717, 0.998169),

              ["LowerTorso"] = CFrame.new(0.000000, -0.008528, 0.000000, 1.000000, 0.000000, -0.000000, 0.000000, 1.000000, 0.000000, 0.000000, 0.000000, 1.000000),

              ["RightFoot"] = CFrame.new(0.000000, 0.001068, -0.000103, 0.998697, 0.039031, 0.032865, -0.039983, 0.998784, 0.028839, -0.031698, -0.030104, 0.999044),

              ["RightHand"] = CFrame.new(-0.000486, 0.021833, 0.000000, 0.958200, 0.247283, -0.143892, -0.252088, 0.967574, -0.015887, 0.135296, 0.051496, 0.989466),

              ["RightLowerArm"] = CFrame.new(-0.000000, 0.107091, 0.052561, 1.000000, 0.000000, 0.000000, -0.000000, 0.458271, -0.888812, -0.000000, 0.888812, 0.458272),

              ["RightLowerLeg"] = CFrame.new(0.000000, 0.003921, -0.000030, 1.000000, 0.000000, 0.000000, -0.000000, 0.999589, 0.028652, -0.000000, -0.028670, 0.999589),

              ["RightUpperArm"] = CFrame.new(-0.019811, -0.395739, 0.183698, 0.274312, 0.961377, 0.022516, 0.013099, 0.019676, -0.999721, -0.961551, 0.274531, -0.007196),

              ["RightUpperLeg"] = CFrame.new(0.000000, -0.000000, -0.000000, 0.998697, -0.040875, -0.030539, 0.039031, 0.997511, -0.058720, 0.032864, 0.057459, 0.997807),

              ["UpperTorso"] = CFrame.new(0.000000, 0.000000, 0.000000, 1.000000, 0.000000, 0.000000, 0.000000, 1.000000, 0.000000, -0.000000, 0.000000, 1.000000)

          }},

          {Time = 0.167, Data = {

              ["Head"] = CFrame.new(0.000000, 0.000000, 0.000000, 0.987248, 0.011158, 0.158797, 0.011158, 0.990237, -0.138948, -0.158797, 0.138948, 0.977485),

              ["LeftFoot"] = CFrame.new(0.000000, 0.000577, -0.000003, 0.999468, -0.024943, -0.021003, 0.023253, 0.996742, -0.077222, 0.022859, 0.076697, 0.996793),

              ["LeftHand"] = CFrame.new(0.000487, 0.019221, 0.000000, 0.995366, -0.083375, 0.047910, 0.054765, 0.901046, 0.430255, -0.079040, -0.425634, 0.901435),

              ["LeftLowerArm"] = CFrame.new(-0.000499, 0.095178, 0.037453, 1.000000, -0.000000, -0.000000, 0.000000, 0.614959, -0.788559, 0.000000, 0.788559, 0.614960),

              ["LeftLowerLeg"] = CFrame.new(-0.000000, 0.003024, 0.000088, 1.000000, -0.000000, 0.000000, 0.000000, 0.999789, 0.020544, -0.000000, -0.020562, 0.999789),

              ["LeftUpperArm"] = CFrame.new(0.157266, -0.423811, 0.301124, 0.474360, -0.729841, -0.492255, 0.367600, 0.672305, -0.642555, 0.799908, 0.123850, 0.587204),

              ["LeftUpperLeg"] = CFrame.new(0.000000, -0.000000, -0.000100, 0.999468, 0.023717, 0.022377, -0.024943, 0.998109, 0.056197, -0.021002, -0.056717, 0.998169),

              ["LowerTorso"] = CFrame.new(0.000000, -0.008528, 0.000000, 1.000000, 0.000000, -0.000000, 0.000000, 1.000000, 0.000000, 0.000000, 0.000000, 1.000000),

              ["RightFoot"] = CFrame.new(0.000000, 0.001068, -0.000103, 0.998697, 0.039031, 0.032865, -0.039983, 0.998784, 0.028839, -0.031698, -0.030104, 0.999044),

              ["RightHand"] = CFrame.new(-0.000485, 0.022181, -0.000000, 0.956729, 0.251498, -0.146355, -0.252505, 0.967522, 0.011962, 0.144608, 0.025511, 0.989160),

              ["RightLowerArm"] = CFrame.new(-0.000000, 0.108568, 0.055005, 1.000000, 0.000000, 0.000000, -0.000000, 0.432891, -0.901446, -0.000000, 0.901447, 0.432891),

              ["RightLowerLeg"] = CFrame.new(0.000000, 0.003921, -0.000030, 1.000000, 0.000000, 0.000000, -0.000000, 0.999589, 0.028652, -0.000000, -0.028670, 0.999589),

              ["RightUpperArm"] = CFrame.new(-0.021864, -0.394341, 0.183125, 0.278418, 0.960195, 0.022544, 0.010302, 0.020485, -0.999737, -0.960405, 0.278577, -0.004189),

              ["RightUpperLeg"] = CFrame.new(0.000000, -0.000000, -0.000000, 0.998697, -0.040875, -0.030539, 0.039031, 0.997511, -0.058720, 0.032864, 0.057459, 0.997807),

              ["UpperTorso"] = CFrame.new(0.000000, 0.000000, 0.000000, 1.000000, 0.000000, 0.000000, 0.000000, 1.000000, 0.000000, -0.000000, 0.000000, 1.000000)

          }},

          {Time = 0.200, Data = {

              ["Head"] = CFrame.new(0.000000, 0.000000, 0.000000, 0.987248, 0.011158, 0.158797, 0.011158, 0.990237, -0.138948, -0.158797, 0.138948, 0.977485),

              ["LeftFoot"] = CFrame.new(0.000000, 0.000577, -0.000003, 0.999468, -0.024943, -0.021003, 0.023253, 0.996742, -0.077222, 0.022859, 0.076697, 0.996793),

              ["LeftHand"] = CFrame.new(0.000487, 0.019221, 0.000000, 0.995366, -0.083375, 0.047910, 0.054765, 0.901046, 0.430255, -0.079040, -0.425634, 0.901435),

              ["LeftLowerArm"] = CFrame.new(-0.000499, 0.095178, 0.037453, 1.000000, -0.000000, -0.000000, 0.000000, 0.614959, -0.788559, 0.000000, 0.788559, 0.614960),

              ["LeftLowerLeg"] = CFrame.new(-0.000000, 0.003024, 0.000088, 1.000000, -0.000000, 0.000000, 0.000000, 0.999789, 0.020544, -0.000000, -0.020562, 0.999789),

              ["LeftUpperArm"] = CFrame.new(0.157266, -0.423811, 0.301124, 0.474360, -0.729841, -0.492255, 0.367600, 0.672305, -0.642555, 0.799908, 0.123850, 0.587204),

              ["LeftUpperLeg"] = CFrame.new(0.000000, -0.000000, -0.000100, 0.999468, 0.023717, 0.022377, -0.024943, 0.998109, 0.056197, -0.021002, -0.056717, 0.998169),

              ["LowerTorso"] = CFrame.new(0.000000, -0.008528, 0.000000, 1.000000, 0.000000, -0.000000, 0.000000, 1.000000, 0.000000, 0.000000, 0.000000, 1.000000),

              ["RightFoot"] = CFrame.new(0.000000, 0.001068, -0.000103, 0.998697, 0.039031, 0.032865, -0.039983, 0.998784, 0.028839, -0.031698, -0.030104, 0.999044),

              ["RightHand"] = CFrame.new(-0.000485, 0.022520, -0.000000, 0.955168, 0.255885, -0.148918, -0.252709, 0.966707, 0.040199, 0.154245, -0.000763, 0.988032),

              ["RightLowerArm"] = CFrame.new(-0.000000, 0.109948, 0.057438, 1.000000, 0.000000, 0.000000, -0.000000, 0.407609, -0.913157, -0.000000, 0.913157, 0.407609),

              ["RightLowerLeg"] = CFrame.new(0.000000, 0.003921, -0.000030, 1.000000, 0.000000, 0.000000, -0.000000, 0.999589, 0.028652, -0.000000, -0.028670, 0.999589),

              ["RightUpperArm"] = CFrame.new(-0.024000, -0.392882, 0.182514, 0.282690, 0.958966, 0.021686, 0.007385, 0.020431, -0.999764, -0.959183, 0.282784, -0.001307),

              ["RightUpperLeg"] = CFrame.new(0.000000, -0.000000, -0.000000, 0.998697, -0.040875, -0.030539, 0.039031, 0.997511, -0.058720, 0.032864, 0.057459, 0.997807),

              ["UpperTorso"] = CFrame.new(0.000000, 0.000000, 0.000000, 1.000000, 0.000000, 0.000000, 0.000000, 1.000000, 0.000000, -0.000000, 0.000000, 1.000000)

          }},

          {Time = 0.233, Data = {

              ["Head"] = CFrame.new(0.000000, 0.000000, 0.000000, 0.987248, 0.011158, 0.158797, 0.011158, 0.990237, -0.138948, -0.158797, 0.138948, 0.977485),

              ["LeftFoot"] = CFrame.new(0.000000, 0.000577, -0.000003, 0.999468, -0.024943, -0.021003, 0.023253, 0.996742, -0.077222, 0.022859, 0.076697, 0.996793),

              ["LeftHand"] = CFrame.new(0.000487, 0.019221, 0.000000, 0.995366, -0.083375, 0.047910, 0.054765, 0.901046, 0.430255, -0.079040, -0.425634, 0.901435),

              ["LeftLowerArm"] = CFrame.new(-0.000499, 0.095178, 0.037453, 1.000000, -0.000000, -0.000000, 0.000000, 0.614959, -0.788559, 0.000000, 0.788559, 0.614960),

              ["LeftLowerLeg"] = CFrame.new(-0.000000, 0.003024, 0.000088, 1.000000, -0.000000, 0.000000, 0.000000, 0.999789, 0.020544, -0.000000, -0.020562, 0.999789),

              ["LeftUpperArm"] = CFrame.new(0.157266, -0.423811, 0.301124, 0.474360, -0.729841, -0.492255, 0.367600, 0.672305, -0.642555, 0.799908, 0.123850, 0.587204),

              ["LeftUpperLeg"] = CFrame.new(0.000000, -0.000000, -0.000100, 0.999468, 0.023717, 0.022377, -0.024943, 0.998109, 0.056197, -0.021002, -0.056717, 0.998169),

              ["LowerTorso"] = CFrame.new(0.000000, -0.008528, 0.000000, 1.000000, 0.000000, -0.000000, 0.000000, 1.000000, 0.000000, 0.000000, 0.000000, 1.000000),

              ["RightFoot"] = CFrame.new(0.000000, 0.001068, -0.000103, 0.998697, 0.039031, 0.032865, -0.039983, 0.998784, 0.028839, -0.031698, -0.030104, 0.999044),

              ["RightHand"] = CFrame.new(-0.000485, 0.022681, -0.000000, 0.953552, 0.260345, -0.151524, -0.252645, 0.965140, 0.068370, 0.164040, -0.026912, 0.986086),

              ["RightLowerArm"] = CFrame.new(-0.000000, 0.111099, 0.059854, 1.000000, 0.000000, 0.000000, -0.000000, 0.382611, -0.923909, -0.000000, 0.923909, 0.382611),

              ["RightLowerLeg"] = CFrame.new(0.000000, 0.003921, -0.000030, 1.000000, 0.000000, 0.000000, -0.000000, 0.999589, 0.028652, -0.000000, -0.028670, 0.999589),

              ["RightUpperArm"] = CFrame.new(-0.026172, -0.391397, 0.181878, 0.287033, 0.957708, 0.020211, 0.004415, 0.019776, -0.999795, -0.957911, 0.287063, 0.001448),

              ["RightUpperLeg"] = CFrame.new(0.000000, -0.000000, -0.000000, 0.998697, -0.040875, -0.030539, 0.039031, 0.997511, -0.058720, 0.032864, 0.057459, 0.997807),

              ["UpperTorso"] = CFrame.new(0.000000, 0.000000, 0.000000, 1.000000, 0.000000, 0.000000, 0.000000, 1.000000, 0.000000, -0.000000, 0.000000, 1.000000)

          }},

          {Time = 0.267, Data = {

              ["Head"] = CFrame.new(0.000000, 0.000000, 0.000000, 0.987248, 0.011158, 0.158797, 0.011158, 0.990237, -0.138948, -0.158797, 0.138948, 0.977485),

              ["LeftFoot"] = CFrame.new(0.000000, 0.000577, -0.000003, 0.999468, -0.024943, -0.021003, 0.023253, 0.996742, -0.077222, 0.022859, 0.076697, 0.996793),

              ["LeftHand"] = CFrame.new(0.000487, 0.019221, 0.000000, 0.995366, -0.083375, 0.047910, 0.054765, 0.901046, 0.430255, -0.079040, -0.425634, 0.901435),

              ["LeftLowerArm"] = CFrame.new(-0.000499, 0.095178, 0.037453, 1.000000, -0.000000, -0.000000, 0.000000, 0.614959, -0.788559, 0.000000, 0.788559, 0.614960),

              ["LeftLowerLeg"] = CFrame.new(-0.000000, 0.003024, 0.000088, 1.000000, -0.000000, 0.000000, 0.000000, 0.999789, 0.020544, -0.000000, -0.020562, 0.999789),

              ["LeftUpperArm"] = CFrame.new(0.157266, -0.423811, 0.301124, 0.474360, -0.729841, -0.492255, 0.367600, 0.672305, -0.642555, 0.799908, 0.123850, 0.587204),

              ["LeftUpperLeg"] = CFrame.new(0.000000, -0.000000, -0.000100, 0.999468, 0.023717, 0.022377, -0.024943, 0.998109, 0.056197, -0.021002, -0.056717, 0.998169),

              ["LowerTorso"] = CFrame.new(0.000000, -0.008528, 0.000000, 1.000000, 0.000000, -0.000000, 0.000000, 1.000000, 0.000000, 0.000000, 0.000000, 1.000000),

              ["RightFoot"] = CFrame.new(0.000000, 0.001068, -0.000103, 0.998697, 0.039031, 0.032865, -0.039983, 0.998784, 0.028839, -0.031698, -0.030104, 0.999044),

              ["RightHand"] = CFrame.new(-0.000485, 0.022912, -0.000000, 0.951917, 0.264771, -0.154110, -0.252372, 0.962909, 0.095476, 0.173671, -0.051992, 0.983430),

              ["RightLowerArm"] = CFrame.new(-0.000001, 0.112157, 0.062114, 1.000000, 0.000000, 0.000000, -0.000000, 0.359161, -0.933276, -0.000000, 0.933276, 0.359161),

              ["RightLowerLeg"] = CFrame.new(0.000000, 0.003921, -0.000030, 1.000000, 0.000000, 0.000000, -0.000000, 0.999589, 0.028652, -0.000000, -0.028670, 0.999589),

              ["RightUpperArm"] = CFrame.new(-0.028326, -0.389920, 0.181232, 0.291341, 0.956453, 0.017822, 0.001461, 0.018185, -0.999834, -0.956618, 0.291318, 0.003900),

              ["RightUpperLeg"] = CFrame.new(0.000000, -0.000000, -0.000000, 0.998697, -0.040875, -0.030539, 0.039031, 0.997511, -0.058720, 0.032864, 0.057459, 0.997807),

              ["UpperTorso"] = CFrame.new(0.000000, 0.000000, 0.000000, 1.000000, 0.000000, 0.000000, 0.000000, 1.000000, 0.000000, -0.000000, 0.000000, 1.000000)

          }},

          {Time = 0.300, Data = {

              ["Head"] = CFrame.new(0.000000, 0.000000, 0.000000, 0.987248, 0.011158, 0.158797, 0.011158, 0.990237, -0.138948, -0.158797, 0.138948, 0.977485),

              ["LeftFoot"] = CFrame.new(0.000000, 0.000577, -0.000003, 0.999468, -0.024943, -0.021003, 0.023253, 0.996742, -0.077222, 0.022859, 0.076697, 0.996793),

              ["LeftHand"] = CFrame.new(0.000487, 0.019221, 0.000000, 0.995366, -0.083375, 0.047910, 0.054765, 0.901046, 0.430255, -0.079040, -0.425634, 0.901435),

              ["LeftLowerArm"] = CFrame.new(-0.000499, 0.095178, 0.037453, 1.000000, -0.000000, -0.000000, 0.000000, 0.614959, -0.788559, 0.000000, 0.788559, 0.614960),

              ["LeftLowerLeg"] = CFrame.new(-0.000000, 0.003024, 0.000088, 1.000000, -0.000000, 0.000000, 0.000000, 0.999789, 0.020544, -0.000000, -0.020562, 0.999789),

              ["LeftUpperArm"] = CFrame.new(0.157266, -0.423811, 0.301124, 0.474360, -0.729841, -0.492255, 0.367600, 0.672305, -0.642555, 0.799908, 0.123850, 0.587204),

              ["LeftUpperLeg"] = CFrame.new(0.000000, -0.000000, -0.000100, 0.999468, 0.023717, 0.022377, -0.024943, 0.998109, 0.056197, -0.021002, -0.056717, 0.998169),

              ["LowerTorso"] = CFrame.new(0.000000, -0.008528, 0.000000, 1.000000, 0.000000, -0.000000, 0.000000, 1.000000, 0.000000, 0.000000, 0.000000, 1.000000),

              ["RightFoot"] = CFrame.new(0.000000, 0.001068, -0.000103, 0.998697, 0.039031, 0.032865, -0.039983, 0.998784, 0.028839, -0.031698, -0.030104, 0.999044),

              ["RightHand"] = CFrame.new(-0.000485, 0.023152, -0.000000, 0.950310, 0.269046, -0.156606, -0.251906, 0.960165, 0.120944, 0.182905, -0.075483, 0.980228),

              ["RightLowerArm"] = CFrame.new(-0.000000, 0.113088, 0.064189, 1.000000, 0.000000, 0.000000, -0.000000, 0.337615, -0.941284, -0.000000, 0.941285, 0.337615),

              ["RightLowerLeg"] = CFrame.new(0.000000, 0.003921, -0.000030, 1.000000, 0.000000, 0.000000, -0.000000, 0.999589, 0.028652, -0.000000, -0.028670, 0.999589),

              ["RightUpperArm"] = CFrame.new(-0.030405, -0.388492, 0.180593, 0.295500, 0.955229, 0.014785, -0.001396, 0.015907, -0.999873, -0.955342, 0.295441, 0.006033),

              ["RightUpperLeg"] = CFrame.new(0.000000, -0.000000, -0.000000, 0.998697, -0.040875, -0.030539, 0.039031, 0.997511, -0.058720, 0.032864, 0.057459, 0.997807),

              ["UpperTorso"] = CFrame.new(0.000000, 0.000000, 0.000000, 1.000000, 0.000000, 0.000000, 0.000000, 1.000000, 0.000000, -0.000000, 0.000000, 1.000000)

          }},

          {Time = 0.333, Data = {

              ["Head"] = CFrame.new(0.000000, 0.000000, 0.000000, 0.987248, 0.011158, 0.158797, 0.011158, 0.990237, -0.138948, -0.158797, 0.138948, 0.977485),

              ["LeftFoot"] = CFrame.new(0.000000, 0.000577, -0.000003, 0.999468, -0.024943, -0.021003, 0.023253, 0.996742, -0.077222, 0.022859, 0.076697, 0.996793),

              ["LeftHand"] = CFrame.new(0.000487, 0.019221, 0.000000, 0.995366, -0.083375, 0.047910, 0.054765, 0.901046, 0.430255, -0.079040, -0.425634, 0.901435),

              ["LeftLowerArm"] = CFrame.new(-0.000499, 0.095178, 0.037453, 1.000000, -0.000000, -0.000000, 0.000000, 0.614959, -0.788559, 0.000000, 0.788559, 0.614960),

              ["LeftLowerLeg"] = CFrame.new(-0.000000, 0.003024, 0.000088, 1.000000, -0.000000, 0.000000, 0.000000, 0.999789, 0.020544, -0.000000, -0.020562, 0.999789),

              ["LeftUpperArm"] = CFrame.new(0.157266, -0.423811, 0.301124, 0.474360, -0.729841, -0.492255, 0.367600, 0.672305, -0.642555, 0.799908, 0.123850, 0.587204),

              ["LeftUpperLeg"] = CFrame.new(0.000000, -0.000000, -0.000100, 0.999468, 0.023717, 0.022377, -0.024943, 0.998109, 0.056197, -0.021002, -0.056717, 0.998169),

              ["LowerTorso"] = CFrame.new(0.000000, -0.008528, 0.000000, 1.000000, 0.000000, -0.000000, 0.000000, 1.000000, 0.000000, 0.000000, 0.000000, 1.000000),

              ["RightFoot"] = CFrame.new(0.000000, 0.001068, -0.000103, 0.998697, 0.039031, 0.032865, -0.039983, 0.998784, 0.028839, -0.031698, -0.030104, 0.999044),

              ["RightHand"] = CFrame.new(-0.000484, 0.023366, 0.000000, 0.948781, 0.273043, -0.158940, -0.251290, 0.957114, 0.144174, 0.191488, -0.096848, 0.976704),

              ["RightLowerArm"] = CFrame.new(-0.000001, 0.113873, 0.066043, 1.000000, 0.000000, -0.000000, -0.000000, 0.318347, -0.947974, -0.000000, 0.947974, 0.318347),

              ["RightLowerLeg"] = CFrame.new(0.000000, 0.003921, -0.000030, 1.000000, 0.000000, 0.000000, -0.000000, 0.999589, 0.028652, -0.000000, -0.028670, 0.999589),

              ["RightUpperArm"] = CFrame.new(-0.032349, -0.387154, 0.179984, 0.299387, 0.954064, 0.011380, -0.004072, 0.013204, -0.999905, -0.954123, 0.299313, 0.007837),

              ["RightUpperLeg"] = CFrame.new(0.000000, -0.000000, -0.000000, 0.998697, -0.040875, -0.030539, 0.039031, 0.997511, -0.058720, 0.032864, 0.057459, 0.997807),

              ["UpperTorso"] = CFrame.new(0.000000, 0.000000, 0.000000, 1.000000, 0.000000, 0.000000, 0.000000, 1.000000, 0.000000, -0.000000, 0.000000, 1.000000)

          }},

          {Time = 0.367, Data = {

              ["Head"] = CFrame.new(0.000000, 0.000000, 0.000000, 0.987248, 0.011158, 0.158797, 0.011158, 0.990237, -0.138948, -0.158797, 0.138948, 0.977485),

              ["LeftFoot"] = CFrame.new(0.000000, 0.000577, -0.000003, 0.999468, -0.024943, -0.021003, 0.023253, 0.996742, -0.077222, 0.022859, 0.076697, 0.996793),

              ["LeftHand"] = CFrame.new(0.000487, 0.019221, 0.000000, 0.995366, -0.083375, 0.047910, 0.054765, 0.901046, 0.430255, -0.079040, -0.425634, 0.901435),

              ["LeftLowerArm"] = CFrame.new(-0.000499, 0.095178, 0.037453, 1.000000, -0.000000, -0.000000, 0.000000, 0.614959, -0.788559, 0.000000, 0.788559, 0.614960),

              ["LeftLowerLeg"] = CFrame.new(-0.000000, 0.003024, 0.000088, 1.000000, -0.000000, 0.000000, 0.000000, 0.999789, 0.020544, -0.000000, -0.020562, 0.999789),

              ["LeftUpperArm"] = CFrame.new(0.157266, -0.423811, 0.301124, 0.474360, -0.729841, -0.492255, 0.367600, 0.672305, -0.642555, 0.799908, 0.123850, 0.587204),

              ["LeftUpperLeg"] = CFrame.new(0.000000, -0.000000, -0.000100, 0.999468, 0.023717, 0.022377, -0.024943, 0.998109, 0.056197, -0.021002, -0.056717, 0.998169),

              ["LowerTorso"] = CFrame.new(0.000000, -0.008528, 0.000000, 1.000000, 0.000000, -0.000000, 0.000000, 1.000000, 0.000000, 0.000000, 0.000000, 1.000000),

              ["RightFoot"] = CFrame.new(0.000000, 0.001068, -0.000103, 0.998697, 0.039031, 0.032865, -0.039983, 0.998784, 0.028839, -0.031698, -0.030104, 0.999044),

              ["RightHand"] = CFrame.new(-0.000484, 0.023549, 0.000000, 0.947389, 0.276628, -0.161034, -0.250593, 0.954007, 0.164546, 0.199143, -0.115533, 0.973136),

              ["RightLowerArm"] = CFrame.new(-0.000001, 0.114514, 0.067638, 1.000000, 0.000000, 0.000000, -0.000000, 0.301765, -0.953382, -0.000000, 0.953382, 0.301765),

              ["RightLowerLeg"] = CFrame.new(0.000000, 0.003921, -0.000030, 1.000000, 0.000000, 0.000000, -0.000000, 0.999589, 0.028652, -0.000000, -0.028670, 0.999589),

              ["RightUpperArm"] = CFrame.new(-0.034092, -0.385952, 0.179427, 0.302874, 0.952998, 0.007891, -0.006476, 0.010337, -0.999926, -0.953009, 0.302800, 0.009302),

              ["RightUpperLeg"] = CFrame.new(0.000000, -0.000000, -0.000000, 0.998697, -0.040875, -0.030539, 0.039031, 0.997511, -0.058720, 0.032864, 0.057459, 0.997807),

              ["UpperTorso"] = CFrame.new(0.000000, 0.000000, 0.000000, 1.000000, 0.000000, 0.000000, 0.000000, 1.000000, 0.000000, -0.000000, 0.000000, 1.000000)

          }},

          {Time = 0.400, Data = {

              ["Head"] = CFrame.new(0.000000, 0.000000, 0.000000, 0.987248, 0.011158, 0.158797, 0.011158, 0.990237, -0.138948, -0.158797, 0.138948, 0.977485),

              ["LeftFoot"] = CFrame.new(0.000000, 0.000577, -0.000003, 0.999468, -0.024943, -0.021003, 0.023253, 0.996742, -0.077222, 0.022859, 0.076697, 0.996793),

              ["LeftHand"] = CFrame.new(0.000487, 0.019221, 0.000000, 0.995366, -0.083375, 0.047910, 0.054765, 0.901046, 0.430255, -0.079040, -0.425634, 0.901435),

              ["LeftLowerArm"] = CFrame.new(-0.000499, 0.095178, 0.037453, 1.000000, -0.000000, -0.000000, 0.000000, 0.614959, -0.788559, 0.000000, 0.788559, 0.614960),

              ["LeftLowerLeg"] = CFrame.new(-0.000000, 0.003024, 0.000088, 1.000000, -0.000000, 0.000000, 0.000000, 0.999789, 0.020544, -0.000000, -0.020562, 0.999789),

              ["LeftUpperArm"] = CFrame.new(0.157266, -0.423811, 0.301124, 0.474360, -0.729841, -0.492255, 0.367600, 0.672305, -0.642555, 0.799908, 0.123850, 0.587204),

              ["LeftUpperLeg"] = CFrame.new(0.000000, -0.000000, -0.000100, 0.999468, 0.023717, 0.022377, -0.024943, 0.998109, 0.056197, -0.021002, -0.056717, 0.998169),

              ["LowerTorso"] = CFrame.new(0.000000, -0.008528, 0.000000, 1.000000, 0.000000, -0.000000, 0.000000, 1.000000, 0.000000, 0.000000, 0.000000, 1.000000),

              ["RightFoot"] = CFrame.new(0.000000, 0.001068, -0.000103, 0.998697, 0.039031, 0.032865, -0.039983, 0.998784, 0.028839, -0.031698, -0.030104, 0.999044),

              ["RightHand"] = CFrame.new(-0.000484, 0.023698, 0.000000, 0.946195, 0.279662, -0.162805, -0.249898, 0.951120, 0.181446, 0.205589, -0.130996, 0.969831),

              ["RightLowerArm"] = CFrame.new(-0.000001, 0.115013, 0.068939, 1.000000, 0.000000, 0.000000, -0.000000, 0.288237, -0.957559, -0.000000, 0.957559, 0.288237),

              ["RightLowerLeg"] = CFrame.new(0.000000, 0.003921, -0.000030, 1.000000, 0.000000, 0.000000, -0.000000, 0.999589, 0.028652, -0.000000, -0.028670, 0.999589),

              ["RightUpperArm"] = CFrame.new(-0.035567, -0.384933, 0.178948, 0.305823, 0.952077, 0.004637, -0.008513, 0.007604, -0.999935, -0.952050, 0.305764, 0.010430),

              ["RightUpperLeg"] = CFrame.new(0.000000, -0.000000, -0.000000, 0.998697, -0.040875, -0.030539, 0.039031, 0.997511, -0.058720, 0.032864, 0.057459, 0.997807),

              ["UpperTorso"] = CFrame.new(0.000000, 0.000000, 0.000000, 1.000000, 0.000000, 0.000000, 0.000000, 1.000000, 0.000000, -0.000000, 0.000000, 1.000000)

          }},

          {Time = 0.433, Data = {

              ["Head"] = CFrame.new(0.000000, 0.000000, 0.000000, 0.987248, 0.011158, 0.158797, 0.011158, 0.990237, -0.138948, -0.158797, 0.138948, 0.977485),

              ["LeftFoot"] = CFrame.new(0.000000, 0.000577, -0.000003, 0.999468, -0.024943, -0.021003, 0.023253, 0.996742, -0.077222, 0.022859, 0.076697, 0.996793),

              ["LeftHand"] = CFrame.new(0.000487, 0.019221, 0.000000, 0.995366, -0.083375, 0.047910, 0.054765, 0.901046, 0.430255, -0.079040, -0.425634, 0.901435),

              ["LeftLowerArm"] = CFrame.new(-0.000499, 0.095178, 0.037453, 1.000000, -0.000000, -0.000000, 0.000000, 0.614959, -0.788559, 0.000000, 0.788559, 0.614960),

              ["LeftLowerLeg"] = CFrame.new(-0.000000, 0.003024, 0.000088, 1.000000, -0.000000, 0.000000, 0.000000, 0.999789, 0.020544, -0.000000, -0.020562, 0.999789),

              ["LeftUpperArm"] = CFrame.new(0.157266, -0.423811, 0.301124, 0.474360, -0.729841, -0.492255, 0.367600, 0.672305, -0.642555, 0.799908, 0.123850, 0.587204),

              ["LeftUpperLeg"] = CFrame.new(0.000000, -0.000000, -0.000100, 0.999468, 0.023717, 0.022377, -0.024943, 0.998109, 0.056197, -0.021002, -0.056717, 0.998169),

              ["LowerTorso"] = CFrame.new(0.000000, -0.008528, 0.000000, 1.000000, 0.000000, -0.000000, 0.000000, 1.000000, 0.000000, 0.000000, 0.000000, 1.000000),

              ["RightFoot"] = CFrame.new(0.000000, 0.001068, -0.000103, 0.998697, 0.039031, 0.032865, -0.039983, 0.998784, 0.028839, -0.031698, -0.030104, 0.999044),

              ["RightHand"] = CFrame.new(-0.000484, 0.023809, -0.000000, 0.945264, 0.282001, -0.164171, -0.249299, 0.948741, 0.194269, 0.210538, -0.142706, 0.967113),

              ["RightLowerArm"] = CFrame.new(-0.000001, 0.115373, 0.069912, 1.000000, 0.000000, 0.000000, -0.000000, 0.278114, -0.960548, -0.000000, 0.960548, 0.278114),

              ["RightLowerLeg"] = CFrame.new(0.000000, 0.003921, -0.000030, 1.000000, 0.000000, 0.000000, -0.000000, 0.999589, 0.028652, -0.000000, -0.028670, 0.999589),

              ["RightUpperArm"] = CFrame.new(-0.036704, -0.384147, 0.178573, 0.308097, 0.951353, 0.001946, -0.010085, 0.005311, -0.999935, -0.951302, 0.308057, 0.011230),

              ["RightUpperLeg"] = CFrame.new(0.000000, -0.000000, -0.000000, 0.998697, -0.040875, -0.030539, 0.039031, 0.997511, -0.058720, 0.032864, 0.057459, 0.997807),

              ["UpperTorso"] = CFrame.new(0.000000, 0.000000, 0.000000, 1.000000, 0.000000, 0.000000, 0.000000, 1.000000, 0.000000, -0.000000, 0.000000, 1.000000)

          }},

          {Time = 0.467, Data = {

              ["Head"] = CFrame.new(0.000000, 0.000000, 0.000000, 0.987248, 0.011158, 0.158797, 0.011158, 0.990237, -0.138948, -0.158797, 0.138948, 0.977485),

              ["LeftFoot"] = CFrame.new(0.000000, 0.000577, -0.000003, 0.999468, -0.024943, -0.021003, 0.023253, 0.996742, -0.077222, 0.022859, 0.076697, 0.996793),

              ["LeftHand"] = CFrame.new(0.000487, 0.019221, 0.000000, 0.995366, -0.083375, 0.047910, 0.054765, 0.901046, 0.430255, -0.079040, -0.425634, 0.901435),

              ["LeftLowerArm"] = CFrame.new(-0.000499, 0.095178, 0.037453, 1.000000, -0.000000, -0.000000, 0.000000, 0.614959, -0.788559, 0.000000, 0.788559, 0.614960),

              ["LeftLowerLeg"] = CFrame.new(-0.000000, 0.003024, 0.000088, 1.000000, -0.000000, 0.000000, 0.000000, 0.999789, 0.020544, -0.000000, -0.020562, 0.999789),

              ["LeftUpperArm"] = CFrame.new(0.157266, -0.423811, 0.301124, 0.474360, -0.729841, -0.492255, 0.367600, 0.672305, -0.642555, 0.799908, 0.123850, 0.587204),

              ["LeftUpperLeg"] = CFrame.new(0.000000, -0.000000, -0.000100, 0.999468, 0.023717, 0.022377, -0.024943, 0.998109, 0.056197, -0.021002, -0.056717, 0.998169),

              ["LowerTorso"] = CFrame.new(0.000000, -0.008528, 0.000000, 1.000000, 0.000000, -0.000000, 0.000000, 1.000000, 0.000000, 0.000000, 0.000000, 1.000000),

              ["RightFoot"] = CFrame.new(0.000000, 0.001068, -0.000103, 0.998697, 0.039031, 0.032865, -0.039983, 0.998784, 0.028839, -0.031698, -0.030104, 0.999044),

              ["RightHand"] = CFrame.new(-0.000484, 0.023879, 0.000000, 0.944662, 0.283504, -0.165048, -0.248885, 0.947146, 0.202414, 0.213707, -0.150133, 0.965292),

              ["RightLowerArm"] = CFrame.new(-0.000001, 0.115594, 0.070523, 1.000000, 0.000000, 0.000000, -0.000000, 0.271750, -0.962368, -0.000000, 0.962368, 0.271750),

              ["RightLowerLeg"] = CFrame.new(0.000000, 0.003921, -0.000030, 1.000000, 0.000000, 0.000000, -0.000000, 0.999589, 0.028652, -0.000000, -0.028670, 0.999589),

              ["RightUpperArm"] = CFrame.new(-0.037434, -0.383642, 0.178331, 0.309557, 0.950881, 0.000137, -0.011096, 0.003756, -0.999931, -0.950816, 0.309534, 0.011713),

              ["RightUpperLeg"] = CFrame.new(0.000000, -0.000000, -0.000000, 0.998697, -0.040875, -0.030539, 0.039031, 0.997511, -0.058720, 0.032864, 0.057459, 0.997807),

              ["UpperTorso"] = CFrame.new(0.000000, 0.000000, 0.000000, 1.000000, 0.000000, 0.000000, 0.000000, 1.000000, 0.000000, -0.000000, 0.000000, 1.000000)

          }},

          {Time = 0.500, Data = {

              ["Head"] = CFrame.new(0.000000, 0.000000, 0.000000, 0.987248, 0.011158, 0.158797, 0.011158, 0.990237, -0.138948, -0.158797, 0.138948, 0.977485),

              ["LeftFoot"] = CFrame.new(0.000000, 0.000577, -0.000003, 0.999468, -0.024943, -0.021003, 0.023253, 0.996742, -0.077222, 0.022859, 0.076697, 0.996793),

              ["LeftHand"] = CFrame.new(0.000487, 0.019221, 0.000000, 0.995366, -0.083375, 0.047910, 0.054765, 0.901046, 0.430255, -0.079040, -0.425634, 0.901435),

              ["LeftLowerArm"] = CFrame.new(-0.000499, 0.095178, 0.037453, 1.000000, -0.000000, -0.000000, 0.000000, 0.614959, -0.788559, 0.000000, 0.788559, 0.614960),

              ["LeftLowerLeg"] = CFrame.new(-0.000000, 0.003024, 0.000088, 1.000000, -0.000000, 0.000000, 0.000000, 0.999789, 0.020544, -0.000000, -0.020562, 0.999789),

              ["LeftUpperArm"] = CFrame.new(0.157266, -0.423811, 0.301124, 0.474360, -0.729841, -0.492255, 0.367600, 0.672305, -0.642555, 0.799908, 0.123850, 0.587204),

              ["LeftUpperLeg"] = CFrame.new(0.000000, -0.000000, -0.000100, 0.999468, 0.023717, 0.022377, -0.024943, 0.998109, 0.056197, -0.021002, -0.056717, 0.998169),

              ["LowerTorso"] = CFrame.new(0.000000, -0.008528, 0.000000, 1.000000, 0.000000, -0.000000, 0.000000, 1.000000, 0.000000, 0.000000, 0.000000, 1.000000),

