return {
["lay ride twerk"] = {

          {Time = 0.000, Data = {

              ["Head"] = CFrame.new(0.000000, 0.000000, -0.000000, 0.373816, -0.002347, -0.927500, -0.483939, 0.852593, -0.197202, 0.791243, 0.522571, 0.317576),

              ["LeftFoot"] = CFrame.new(0.000000, -0.065036, -0.000004, 0.945669, -0.248712, -0.209419, 0.293291, 0.930539, 0.219296, 0.140326, -0.268775, 0.952918),

              ["LeftHand"] = CFrame.new(0.000486, 0.021951, -0.000000, 0.998163, -0.052568, 0.030136, 0.054465, 0.996331, -0.066020, -0.026554, 0.067540, 0.997363),

              ["LeftLowerArm"] = CFrame.new(-0.000500, 0.107073, 0.052692, 1.000000, -0.000000, -0.000000, 0.000000, 0.456908, -0.889514, 0.000000, 0.889514, 0.456908),

              ["LeftLowerLeg"] = CFrame.new(-0.000000, -0.064411, -0.000753, 1.000000, -0.000000, 0.000000, -0.000000, 1.000000, -0.000008, -0.000000, -0.000011, 1.000000),

              ["LeftUpperArm"] = CFrame.new(0.047179, 0.098743, -0.713464, 0.181169, 0.448829, -0.875060, 0.475784, -0.818726, -0.321431, -0.860702, -0.358107, -0.361873),

              ["LeftUpperLeg"] = CFrame.new(0.000000, 0.000000, -0.000100, 0.928360, 0.266990, 0.258582, 0.343260, -0.882691, -0.320988, 0.142549, 0.386748, -0.911099),

              ["LowerTorso"] = CFrame.new(-0.029704, 0.175833, 0.906930, 0.995574, 0.006731, 0.093740, -0.007254, -0.988953, 0.148053, 0.093701, -0.148078, -0.984527),

              ["RightFoot"] = CFrame.new(-0.000000, -0.031869, -0.000103, 0.970958, 0.183016, 0.154102, -0.221373, 0.931541, 0.288519, -0.090746, -0.314225, 0.944992),

              ["RightHand"] = CFrame.new(-0.000483, 0.025984, 0.000000, 0.953837, -0.259146, 0.151783, 0.226931, 0.952956, 0.200944, -0.196715, -0.157221, 0.967772),

              ["RightLowerArm"] = CFrame.new(-0.000001, 0.119534, 0.108423, 1.000000, 0.000000, -0.000000, -0.000000, -0.121694, -0.992567, -0.000000, 0.992568, -0.121695),

              ["RightLowerLeg"] = CFrame.new(-0.000000, -0.031758, -0.000417, 1.000000, 0.000000, 0.000000, -0.000000, 1.000000, -0.000008, 0.000000, -0.000011, 1.000000),

              ["RightUpperArm"] = CFrame.new(-0.378149, -0.020649, 0.267754, 0.850626, 0.120548, 0.511766, 0.483414, -0.562081, -0.671101, 0.206754, 0.818250, -0.536395),

              ["RightUpperLeg"] = CFrame.new(0.000000, -0.000000, 0.000000, 0.968922, -0.246395, 0.021890, -0.227499, -0.922359, -0.312254, 0.097127, 0.297563, -0.949747),

              ["UpperTorso"] = CFrame.new(0.008777, 0.251251, 0.176901, 0.995574, -0.073942, -0.058010, 0.006731, 0.671757, -0.740741, 0.093740, 0.737072, 0.669282)

          }},

          {Time = 0.033, Data = {

              ["Head"] = CFrame.new(-0.000000, 0.000000, 0.000000, 0.373816, -0.002347, -0.927500, -0.483939, 0.852593, -0.197202, 0.791243, 0.522571, 0.317577),

              ["LeftFoot"] = CFrame.new(0.000000, -0.079602, -0.000004, 0.942305, -0.256074, -0.215618, 0.309365, 0.912212, 0.268661, 0.127888, -0.319835, 0.938792),

              ["LeftHand"] = CFrame.new(0.000485, 0.022246, -0.000000, 0.998076, -0.053786, 0.030853, 0.055359, 0.997079, -0.052624, -0.027932, 0.054231, 0.998138),

              ["LeftLowerArm"] = CFrame.new(-0.000499, 0.108323, 0.054757, 1.000000, -0.000000, -0.000000, 0.000000, 0.435461, -0.900208, 0.000000, 0.900208, 0.435461),

              ["LeftLowerLeg"] = CFrame.new(-0.000000, -0.078927, -0.000945, 1.000000, 0.000000, 0.000000, 0.000000, 1.000000, -0.000008, 0.000000, -0.000011, 1.000000),

              ["LeftUpperArm"] = CFrame.new(0.047797, 0.091133, -0.717455, 0.182405, 0.456433, -0.870860, 0.460563, -0.822202, -0.334464, -0.868683, -0.340078, -0.360190),

              ["LeftUpperLeg"] = CFrame.new(0.000000, 0.000001, -0.000100, 0.928902, 0.304206, 0.211186, 0.361617, -0.868050, -0.340186, 0.079835, 0.392362, -0.916337),

              ["LowerTorso"] = CFrame.new(0.013974, 0.216900, 0.980328, 0.998470, 0.012799, 0.053797, 0.000560, -0.975135, 0.221613, 0.055296, -0.221243, -0.973650),

              ["RightFoot"] = CFrame.new(-0.000000, -0.044405, -0.000104, 0.978215, 0.158803, 0.133714, -0.194470, 0.926376, 0.322536, -0.072648, -0.341482, 0.937065),

              ["RightHand"] = CFrame.new(-0.000483, 0.026000, 0.000000, 0.952840, -0.261871, 0.153364, 0.231597, 0.954047, 0.190154, -0.196110, -0.145666, 0.969702),

              ["RightLowerArm"] = CFrame.new(-0.000001, 0.119489, 0.108807, 1.000000, 0.000000, -0.000000, -0.000000, -0.125689, -0.992070, -0.000000, 0.992070, -0.125690),

              ["RightLowerLeg"] = CFrame.new(0.000000, -0.044250, -0.000582, 1.000000, 0.000000, -0.000000, 0.000000, 1.000000, -0.000008, -0.000000, -0.000011, 1.000000),

              ["RightUpperArm"] = CFrame.new(-0.377878, -0.023013, 0.272295, 0.850084, 0.112907, 0.514402, 0.488142, -0.535538, -0.689142, 0.197673, 0.836930, -0.510367),

              ["RightUpperLeg"] = CFrame.new(0.000000, 0.000001, -0.000000, 0.979105, -0.203325, 0.003667, -0.188715, -0.915174, -0.356156, 0.075771, 0.348015, -0.934419),

              ["UpperTorso"] = CFrame.new(-0.031090, 0.337197, 0.179714, 0.998363, -0.049096, -0.029350, 0.014379, 0.712054, -0.701977, 0.055363, 0.700406, 0.711594)

          }},

          {Time = 0.067, Data = {

              ["Head"] = CFrame.new(-0.000000, -0.000000, 0.000000, 0.373816, -0.002347, -0.927500, -0.483939, 0.852593, -0.197202, 0.791243, 0.522571, 0.317577),

              ["LeftFoot"] = CFrame.new(-0.000000, -0.021293, -0.000003, 0.936508, -0.268230, -0.225853, 0.333755, 0.879384, 0.339580, 0.107523, -0.393366, 0.913058),

              ["LeftHand"] = CFrame.new(0.000485, 0.022767, 0.000000, 0.997910, -0.056039, 0.032182, 0.056741, 0.998161, -0.021346, -0.030926, 0.023128, 0.999254),

              ["LeftLowerArm"] = CFrame.new(-0.000500, 0.110907, 0.059654, 1.000000, -0.000000, -0.000000, 0.000000, 0.384673, -0.923053, 0.000000, 0.923053, 0.384674),

              ["LeftLowerLeg"] = CFrame.new(0.000000, -0.020818, -0.000175, 1.000000, 0.000000, 0.000000, -0.000000, 1.000000, -0.000008, 0.000000, -0.000011, 1.000000),

              ["LeftUpperArm"] = CFrame.new(0.049192, 0.071517, -0.727012, 0.185195, 0.473393, -0.861163, 0.421331, -0.829940, -0.365622, -0.887797, -0.295124, -0.353156),

              ["LeftUpperLeg"] = CFrame.new(-0.000000, 0.000000, -0.000100, 0.927032, 0.339580, 0.159053, 0.365606, -0.724259, -0.584625, -0.083331, 0.600112, -0.795561),

              ["LowerTorso"] = CFrame.new(0.025644, 0.111904, 1.122117, 0.999737, 0.013902, 0.018243, 0.001593, -0.835559, 0.549398, 0.022881, -0.549224, -0.835362),

              ["RightFoot"] = CFrame.new(-0.000000, 0.004729, -0.000103, 0.977423, 0.161629, 0.136094, -0.197393, 0.928249, 0.315288, -0.075366, -0.335006, 0.939187),

              ["RightHand"] = CFrame.new(-0.000483, 0.026023, 0.000000, 0.950755, -0.267470, 0.156608, 0.242563, 0.956640, 0.161259, -0.192948, -0.115328, 0.974407),

              ["RightLowerArm"] = CFrame.new(-0.000001, 0.119427, 0.109334, 1.000000, 0.000000, -0.000000, -0.000000, -0.131152, -0.991362, -0.000000, 0.991362, -0.131153),

              ["RightLowerLeg"] = CFrame.new(-0.000000, 0.019646, -0.001104, 1.000000, 0.000000, 0.000000, -0.000000, 0.988596, 0.150575, 0.000000, -0.150593, 0.988599),

              ["RightUpperArm"] = CFrame.new(-0.377571, -0.027903, 0.283844, 0.849469, 0.094582, 0.519091, 0.497921, -0.469199, -0.729333, 0.174575, 0.878013, -0.445665),

              ["RightUpperLeg"] = CFrame.new(-0.000000, 0.000000, -0.000000, 0.979092, -0.203419, -0.000426, -0.170247, -0.818289, -0.549024, 0.111333, 0.537610, -0.835806),

              ["UpperTorso"] = CFrame.new(-0.030371, 0.380931, 0.052191, 0.999548, -0.028375, -0.009906, 0.020903, 0.893170, -0.449233, 0.021595, 0.448823, 0.893360)

          }},

          {Time = 0.100, Data = {

              ["Head"] = CFrame.new(-0.000000, 0.000000, -0.000000, 0.373816, -0.002347, -0.927500, -0.483939, 0.852593, -0.197202, 0.791243, 0.522571, 0.317576),

              ["LeftFoot"] = CFrame.new(-0.000000, 0.017609, -0.000003, 0.917138, -0.304889, -0.256725, 0.335439, 0.938311, 0.083994, 0.215263, -0.163143, 0.962828),

              ["LeftHand"] = CFrame.new(0.000485, 0.023382, -0.000000, 0.997809, -0.057356, 0.032967, 0.056911, 0.998277, 0.014308, -0.033730, -0.012399, 0.999354),

              ["LeftLowerArm"] = CFrame.new(-0.000500, 0.113471, 0.065318, 1.000000, -0.000000, -0.000000, 0.000000, 0.325885, -0.945409, 0.000000, 0.945409, 0.325885),

              ["LeftLowerLeg"] = CFrame.new(-0.000000, 0.082450, -0.024536, 1.000000, -0.000000, -0.000000, 0.000000, 0.748352, 0.663304, -0.000000, -0.663302, 0.748350),

              ["LeftUpperArm"] = CFrame.new(0.050678, 0.044851, -0.738407, 0.188168, 0.490988, -0.850602, 0.367999, -0.838225, -0.402437, -0.910587, -0.237295, -0.338411),

              ["LeftUpperLeg"] = CFrame.new(-0.000000, -0.000000, -0.000100, 0.910727, 0.411036, -0.040319, 0.283410, -0.692986, -0.662923, -0.300425, 0.592300, -0.747601),

              ["LowerTorso"] = CFrame.new(0.023859, -0.157557, 1.246193, 0.999997, -0.002237, -0.000380, -0.000662, -0.447924, 0.894071, -0.002170, -0.894069, -0.447925),

              ["RightFoot"] = CFrame.new(0.000000, 0.023500, -0.000103, 0.968523, 0.190416, 0.160336, -0.198195, 0.979578, 0.033860, -0.150603, -0.064571, 0.986482),

              ["RightHand"] = CFrame.new(-0.000483, 0.026014, 0.000000, 0.948999, -0.272090, 0.159277, 0.254815, 0.959423, 0.120737, -0.185664, -0.073992, 0.979823),

              ["RightLowerArm"] = CFrame.new(-0.000001, 0.119450, 0.109144, 1.000000, 0.000000, -0.000000, -0.000000, -0.129186, -0.991620, -0.000000, 0.991620, -0.129187),

              ["RightLowerLeg"] = CFrame.new(-0.000000, 0.098722, -0.036760, 1.000000, 0.000000, 0.000000, -0.000000, 0.622338, 0.782755, 0.000000, -0.782749, 0.622330),

              ["RightUpperArm"] = CFrame.new(-0.377981, -0.032032, 0.299037, 0.850289, 0.073052, 0.521221, 0.506179, -0.384812, -0.771818, 0.144189, 0.920100, -0.364179),

              ["RightUpperLeg"] = CFrame.new(0.000000, -0.000000, -0.000000, 0.969603, -0.231823, 0.078283, -0.138120, -0.782656, -0.606954, 0.201975, 0.577674, -0.790872),

              ["UpperTorso"] = CFrame.new(-0.008722, 0.311839, -0.111455, 0.999920, -0.012631, 0.001107, 0.012632, 0.999920, -0.000440, -0.001101, 0.000454, 0.999999)

          }},

          {Time = 0.133, Data = {

              ["Head"] = CFrame.new(-0.000000, -0.000000, -0.000000, 0.373816, -0.002347, -0.927500, -0.483939, 0.852593, -0.197202, 0.791243, 0.522571, 0.317577),

              ["LeftFoot"] = CFrame.new(-0.000000, 0.030632, -0.000002, 0.864179, -0.384915, -0.324109, 0.339079, 0.921347, -0.190131, 0.371780, 0.054410, 0.926717),

              ["LeftHand"] = CFrame.new(0.000484, 0.023935, -0.000000, 0.997835, -0.057020, 0.032783, 0.055541, 0.997470, 0.044378, -0.035230, -0.042460, 0.998477),

              ["LeftLowerArm"] = CFrame.new(-0.000500, 0.115358, 0.070145, 1.000000, -0.000000, 0.000000, 0.000000, 0.275692, -0.961246, 0.000000, 0.961246, 0.275692),

              ["LeftLowerLeg"] = CFrame.new(-0.000000, 0.122958, -0.075941, 1.000000, -0.000000, -0.000000, 0.000000, 0.213990, 0.976839, -0.000000, -0.976836, 0.213975),

              ["LeftUpperArm"] = CFrame.new(0.051787, 0.017257, -0.748383, 0.190385, 0.504106, -0.842395, 0.312812, -0.844514, -0.434678, -0.930539, -0.180756, -0.318473),

              ["LeftUpperLeg"] = CFrame.new(0.000000, 0.000000, -0.000100, 0.859432, 0.446698, -0.248663, 0.073127, -0.588810, -0.804970, -0.505994, 0.673620, -0.538693),

              ["LowerTorso"] = CFrame.new(0.015262, -0.529770, 1.256834, 0.999825, -0.018117, 0.004738, -0.002721, 0.109777, 0.993953, -0.018527, -0.993791, 0.109708),

              ["RightFoot"] = CFrame.new(-0.000000, 0.032322, -0.000102, 0.941285, 0.258261, 0.217464, -0.202431, 0.947193, -0.248701, -0.270194, 0.190071, 0.943852),

              ["RightHand"] = CFrame.new(-0.000483, 0.025970, 0.000000, 0.948379, -0.273705, 0.160197, 0.264109, 0.961266, 0.078828, -0.175566, -0.032448, 0.983932),

              ["RightLowerArm"] = CFrame.new(-0.000001, 0.119573, 0.108071, 1.000000, 0.000000, -0.000000, -0.000000, -0.118047, -0.993008, -0.000000, 0.993008, -0.118048),

              ["RightLowerLeg"] = CFrame.new(-0.000000, 0.125570, -0.091443, 1.000000, 0.000000, 0.000000, -0.000000, 0.053660, 0.998560, 0.000000, -0.998559, 0.053645),

              ["RightUpperArm"] = CFrame.new(-0.379278, -0.033658, 0.313970, 0.852883, 0.054986, 0.519198, 0.509431, -0.305394, -0.804497, 0.114324, 0.950637, -0.288477),

              ["RightUpperLeg"] = CFrame.new(0.000000, 0.000000, -0.000000, 0.941161, -0.279217, 0.190399, -0.030635, -0.631566, -0.774731, 0.336567, 0.723300, -0.602943),

              ["UpperTorso"] = CFrame.new(0.015856, 0.170868, -0.172720, 0.999972, -0.003685, 0.006517, -0.000008, 0.869907, 0.493215, -0.007487, -0.493201, 0.869883)

          }},

          {Time = 0.167, Data = {

              ["Head"] = CFrame.new(-0.000000, -0.000000, -0.000000, 0.373816, -0.002347, -0.927500, -0.483939, 0.852593, -0.197202, 0.791243, 0.522571, 0.317577),

              ["LeftFoot"] = CFrame.new(-0.000000, 0.033697, -0.000001, 0.744070, -0.511071, -0.430332, 0.306150, 0.833299, -0.460325, 0.593828, 0.210760, 0.776476),

              ["LeftHand"] = CFrame.new(0.000484, 0.024143, 0.000000, 0.997923, -0.055844, 0.032104, 0.053721, 0.996529, 0.063589, -0.035544, -0.061731, 0.997460),

              ["LeftLowerArm"] = CFrame.new(-0.000500, 0.116325, 0.073268, 1.000000, -0.000000, 0.000000, 0.000000, 0.243300, -0.969951, 0.000000, 0.969951, 0.243300),

              ["LeftLowerLeg"] = CFrame.new(-0.000000, 0.124407, -0.115650, 1.000000, -0.000000, -0.000000, 0.000000, -0.199424, 0.979911, -0.000000, -0.979913, -0.199434),

              ["LeftUpperArm"] = CFrame.new(0.052376, -0.003761, -0.754809, 0.191562, 0.511560, -0.837622, 0.270775, -0.847852, -0.455882, -0.943390, -0.139478, -0.300934),

              ["LeftUpperLeg"] = CFrame.new(0.000000, 0.000000, -0.000100, 0.737776, 0.527210, -0.421577, -0.247733, -0.369498, -0.895607, -0.627945, 0.765193, -0.141986),

              ["LowerTorso"] = CFrame.new(0.007862, -0.870762, 1.149823, 0.999690, -0.019654, 0.015305, -0.001102, 0.578904, 0.815395, -0.024885, -0.815159, 0.578703),

              ["RightFoot"] = CFrame.new(0.000000, 0.034801, -0.000100, 0.871308, 0.375399, 0.316092, -0.159343, 0.825604, -0.541303, -0.464147, 0.421253, 0.779152),

              ["RightHand"] = CFrame.new(-0.000483, 0.025915, 0.000000, 0.948629, -0.273065, 0.159810, 0.268889, 0.961993, 0.047625, -0.166739, -0.002207, 0.985998),

              ["RightLowerArm"] = CFrame.new(-0.000001, 0.119705, 0.106768, 1.000000, 0.000000, -0.000000, -0.000000, -0.104519, -0.994523, -0.000000, 0.994523, -0.104520),

              ["RightLowerLeg"] = CFrame.new(-0.000000, 0.119629, -0.131373, 1.000000, 0.000000, 0.000000, -0.000000, -0.362247, 0.932079, 0.000000, -0.932082, -0.362255),

              ["RightUpperArm"] = CFrame.new(-0.380771, -0.033341, 0.324731, 0.855870, 0.044036, 0.515313, 0.508798, -0.250471, -0.823644, 0.092801, 0.967122, -0.236777),

              ["RightUpperLeg"] = CFrame.new(0.000000, 0.000000, -0.000000, 0.871254, -0.377192, 0.314066, 0.191964, -0.327055, -0.925308, 0.451736, 0.866465, -0.212528),

              ["UpperTorso"] = CFrame.new(0.028284, 0.091953, -0.121128, 0.999940, -0.003138, 0.010482, -0.006962, 0.556507, 0.830814, -0.008440, -0.830837, 0.556452)

          }},

          {Time = 0.200, Data = {

              ["Head"] = CFrame.new(0.000000, 0.000000, 0.000000, 0.373816, -0.002347, -0.927500, -0.483939, 0.852593, -0.197202, 0.791243, 0.522571, 0.317577),

              ["LeftFoot"] = CFrame.new(0.000000, 0.034630, 0.000000, 0.515280, -0.655586, -0.552008, 0.179192, 0.712265, -0.678662, 0.838079, 0.250772, 0.484464),

              ["LeftHand"] = CFrame.new(0.000484, 0.024202, 0.000000, 0.997970, -0.055219, 0.031742, 0.052885, 0.996132, 0.070171, -0.035493, -0.068348, 0.997030),

              ["LeftLowerArm"] = CFrame.new(-0.000500, 0.116623, 0.074343, 1.000000, -0.000000, -0.000000, 0.000000, 0.232159, -0.972678, 0.000000, 0.972678, 0.232159),

              ["LeftLowerLeg"] = CFrame.new(0.000000, 0.119623, -0.131788, 1.000000, -0.000000, -0.000000, 0.000000, -0.367620, 0.929974, -0.000000, -0.929976, -0.367627),

              ["LeftUpperArm"] = CFrame.new(0.052548, -0.011808, -0.757009, 0.191907, 0.513891, -0.836114, 0.254681, -0.848840, -0.463258, -0.947792, -0.124040, -0.293777),

              ["LeftUpperLeg"] = CFrame.new(-0.000000, -0.000000, -0.000100, 0.501509, 0.720325, -0.479175, -0.634492, -0.070299, -0.769727, -0.588140, 0.690066, 0.421796),

              ["LowerTorso"] = CFrame.new(0.010498, -1.128884, 0.975861, 0.999678, -0.016968, 0.018849, 0.005671, 0.873949, 0.485985, -0.024719, -0.485722, 0.873764),

              ["RightFoot"] = CFrame.new(0.000000, 0.035853, -0.000099, 0.710635, 0.538204, 0.453166, 0.027340, 0.622487, -0.782164, -0.703030, 0.568196, 0.427622),

              ["RightHand"] = CFrame.new(-0.000483, 0.025887, 0.000000, 0.948873, -0.272436, 0.159439, 0.270206, 0.962132, 0.035927, -0.163187, 0.008992, 0.986554),

              ["RightLowerArm"] = CFrame.new(-0.000001, 0.119755, 0.106173, 1.000000, 0.000000, -0.000000, -0.000000, -0.098330, -0.995154, -0.000000, 0.995154, -0.098331),

              ["RightLowerLeg"] = CFrame.new(0.000000, 0.111162, -0.147717, 1.000000, 0.000000, 0.000000, -0.000000, -0.532780, 0.846251, 0.000000, -0.846254, -0.532785),

              ["RightUpperArm"] = CFrame.new(-0.381443, -0.032902, 0.328703, 0.857215, 0.040466, 0.513367, 0.507919, -0.230715, -0.829933, 0.084857, 0.972180, -0.218326),

              ["RightUpperLeg"] = CFrame.new(0.000000, -0.000000, -0.000000, 0.715224, -0.607794, 0.345014, 0.524644, 0.140767, -0.839602, 0.461739, 0.781518, 0.419565),

              ["UpperTorso"] = CFrame.new(0.025572, 0.116063, -0.049969, 0.999831, -0.007344, 0.016832, -0.015445, 0.159550, 0.987069, -0.009935, -0.987163, 0.159410)

          }},

          {Time = 0.233, Data = {

              ["Head"] = CFrame.new(0.000000, 0.000000, -0.000000, 0.373816, -0.002347, -0.927500, -0.483939, 0.852593, -0.197202, 0.791243, 0.522571, 0.317577),

              ["LeftFoot"] = CFrame.new(-0.000000, 0.034410, 0.000000, 0.234939, -0.743541, -0.626063, 0.021544, 0.647914, -0.761411, 0.971772, 0.165389, 0.168223),

              ["LeftHand"] = CFrame.new(0.000484, 0.024173, 0.000000, 0.997945, -0.055547, 0.031932, 0.053317, 0.996335, 0.066885, -0.035530, -0.065044, 0.997250),

              ["LeftLowerArm"] = CFrame.new(-0.000499, 0.116476, 0.073806, 1.000000, -0.000000, -0.000000, 0.000000, 0.237722, -0.971333, 0.000000, 0.971333, 0.237722),

              ["LeftLowerLeg"] = CFrame.new(-0.000000, 0.121044, -0.128023, 1.000000, -0.000000, -0.000000, 0.000000, -0.328370, 0.944547, -0.000000, -0.944549, -0.328377),

              ["LeftUpperArm"] = CFrame.new(0.052464, -0.007728, -0.755911, 0.191739, 0.512744, -0.836857, 0.262842, -0.848358, -0.459569, -0.945595, -0.131844, -0.297434),

              ["LeftUpperLeg"] = CFrame.new(-0.000000, -0.000000, -0.000100, 0.209933, 0.916460, -0.340614, -0.918838, 0.065858, -0.389098, -0.334163, 0.394670, 0.855912),

              ["LowerTorso"] = CFrame.new(0.018950, -1.293139, 0.777526, 0.999655, -0.017119, 0.019902, 0.014864, 0.993997, 0.108394, -0.021638, -0.108061, 0.993909),

              ["RightFoot"] = CFrame.new(-0.000000, 0.035618, -0.000099, 0.429298, 0.690885, 0.581720, 0.290915, 0.503997, -0.813244, -0.855027, 0.518330, 0.015373),

              ["RightHand"] = CFrame.new(-0.000483, 0.025902, 0.000000, 0.948739, -0.272780, 0.159642, 0.269573, 0.962071, 0.041840, -0.164998, 0.003341, 0.986288),

              ["RightLowerArm"] = CFrame.new(-0.000001, 0.119729, 0.106481, 1.000000, 0.000000, -0.000000, -0.000000, -0.101533, -0.994832, -0.000000, 0.994832, -0.101534),

              ["RightLowerLeg"] = CFrame.new(0.000000, 0.113294, -0.144325, 1.000000, 0.000000, 0.000000, -0.000000, -0.497393, 0.867523, 0.000000, -0.867526, -0.497397),

              ["RightUpperArm"] = CFrame.new(-0.381096, -0.033145, 0.326699, 0.856520, 0.042235, 0.514383, 0.508406, -0.240646, -0.826809, 0.088865, 0.969694, -0.227591),

              ["RightUpperLeg"] = CFrame.new(0.000000, -0.000000, -0.000000, 0.443865, -0.880196, 0.168028, 0.850660, 0.354933, -0.387807, 0.281710, 0.315082, 0.906296),

              ["UpperTorso"] = CFrame.new(0.017565, 0.206738, -0.032342, 0.999625, -0.012598, 0.024335, -0.026675, -0.244088, 0.969386, -0.006273, -0.969671, -0.244332)

          }},

          {Time = 0.267, Data = {

              ["Head"] = CFrame.new(-0.000000, 0.000000, -0.000000, 0.373816, -0.002347, -0.927500, -0.483939, 0.852593, -0.197202, 0.791243, 0.522571, 0.317577),

              ["LeftFoot"] = CFrame.new(0.000000, 0.033812, -0.000000, 0.066497, -0.763257, -0.642662, -0.037319, 0.641736, -0.766018, 0.997088, 0.074922, 0.014182),

              ["LeftHand"] = CFrame.new(0.000484, 0.024072, -0.000000, 0.997879, -0.056441, 0.032449, 0.054580, 0.996960, 0.055612, -0.035489, -0.053721, 0.997925),

              ["LeftLowerArm"] = CFrame.new(-0.000499, 0.115947, 0.071967, 1.000000, -0.000000, -0.000000, 0.000000, 0.256781, -0.966470, 0.000000, 0.966470, 0.256781),

              ["LeftLowerLeg"] = CFrame.new(-0.000000, 0.123989, -0.117666, 1.000000, -0.000000, -0.000000, 0.000000, -0.220426, 0.975402, -0.000000, -0.975404, -0.220435),

              ["LeftUpperArm"] = CFrame.new(0.052145, 0.005363, -0.752140, 0.191102, 0.508566, -0.839547, 0.289023, -0.846547, -0.447018, -0.938054, -0.157223, -0.308764),

              ["LeftUpperLeg"] = CFrame.new(-0.000000, -0.000000, -0.000100, 0.030683, 0.983527, -0.178117, -0.994478, 0.012145, -0.104239, -0.100362, 0.180352, 0.978473),

              ["LowerTorso"] = CFrame.new(0.029615, -1.363601, 0.637962, 0.999615, -0.021384, 0.017704, 0.023644, 0.989972, -0.139274, -0.014548, 0.139639, 0.990096),

              ["RightFoot"] = CFrame.new(-0.000000, 0.035026, -0.000100, 0.209261, 0.748019, 0.629829, 0.403204, 0.520793, -0.752473, -0.890863, 0.411391, -0.192613),

              ["RightHand"] = CFrame.new(-0.000483, 0.025941, 0.000000, 0.948450, -0.273527, 0.160085, 0.267054, 0.961745, 0.061065, -0.170662, -0.015165, 0.985213),

              ["RightLowerArm"] = CFrame.new(-0.000001, 0.119645, 0.107380, 1.000000, 0.000000, -0.000000, -0.000000, -0.110875, -0.993834, -0.000000, 0.993834, -0.110876),

              ["RightLowerLeg"] = CFrame.new(0.000000, 0.118037, -0.135151, 1.000000, 0.000000, 0.000000, -0.000000, -0.401649, 0.915791, 0.000000, -0.915794, -0.401655),

              ["RightUpperArm"] = CFrame.new(-0.380074, -0.033631, 0.320128, 0.854476, 0.048499, 0.517222, 0.509377, -0.273723, -0.815849, 0.102008, 0.960585, -0.258594),

              ["RightUpperLeg"] = CFrame.new(0.000000, -0.000000, 0.000000, 0.234869, -0.971977, -0.009852, 0.969688, 0.234993, -0.066954, 0.067395, 0.006189, 0.997708),

              ["UpperTorso"] = CFrame.new(0.008980, 0.296878, -0.061074, 0.999363, -0.019938, 0.029586, -0.035585, -0.497624, 0.866662, -0.002557, -0.867163, -0.498017)

          }},

          {Time = 0.300, Data = {

              ["Head"] = CFrame.new(0.000000, -0.000000, 0.000000, 0.373816, -0.002347, -0.927500, -0.483939, 0.852593, -0.197202, 0.791243, 0.522571, 0.317576),

              ["LeftFoot"] = CFrame.new(0.000000, 0.033648, -0.000000, 0.040195, -0.764332, -0.643568, -0.035424, 0.642594, -0.765388, 0.998564, 0.053564, -0.001253),

              ["LeftHand"] = CFrame.new(0.000484, 0.023808, 0.000000, 0.997818, -0.057243, 0.032911, 0.056002, 0.997727, 0.037479, -0.034981, -0.035553, 0.998755),

              ["LeftLowerArm"] = CFrame.new(-0.000499, 0.114949, 0.069034, 1.000000, -0.000000, 0.000000, 0.000000, 0.287253, -0.957855, 0.000000, 0.957855, 0.287253),

              ["LeftLowerLeg"] = CFrame.new(0.000000, 0.124566, -0.114811, 1.000000, -0.000000, -0.000000, 0.000000, -0.190678, 0.981651, -0.000000, -0.981653, -0.190688),

              ["LeftUpperArm"] = CFrame.new(0.051549, 0.024110, -0.746071, 0.189909, 0.501256, -0.844202, 0.326518, -0.843151, -0.427180, -0.925916, -0.194522, -0.323791),

              ["LeftUpperLeg"] = CFrame.new(-0.000000, -0.000000, -0.000100, -0.003930, 0.990179, -0.139727, -0.994349, -0.018694, -0.104494, -0.106083, 0.138547, 0.984661),

              ["LowerTorso"] = CFrame.new(0.037915, -1.371455, 0.618427, 0.999572, -0.028599, 0.006238, 0.029177, 0.990582, -0.133778, -0.002353, 0.133903, 0.990992),

              ["RightFoot"] = CFrame.new(0.000000, 0.034981, -0.000100, 0.192064, 0.750713, 0.632098, 0.418301, 0.520039, -0.744714, -0.887770, 0.407418, -0.214133),

              ["RightHand"] = CFrame.new(-0.000483, 0.025984, 0.000000, 0.948427, -0.273578, 0.160128, 0.262124, 0.960906, 0.089165, -0.178260, -0.042592, 0.983061),

              ["RightLowerArm"] = CFrame.new(-0.000001, 0.119535, 0.108411, 1.000000, 0.000000, -0.000000, -0.000000, -0.121566, -0.992583, -0.000000, 0.992583, -0.121567),

              ["RightLowerLeg"] = CFrame.new(0.000000, 0.118369, -0.134401, 1.000000, 0.000000, 0.000000, -0.000000, -0.393824, 0.919183, 0.000000, -0.919186, -0.393830),

              ["RightUpperArm"] = CFrame.new(-0.378881, -0.033482, 0.310344, 0.852090, 0.059076, 0.520052, 0.509080, -0.324344, -0.797269, 0.121576, 0.944093, -0.306444),

              ["RightUpperLeg"] = CFrame.new(0.000000, 0.000000, -0.000000, 0.225508, -0.973986, -0.022331, 0.971660, 0.226517, -0.067578, 0.070881, -0.006441, 0.997464),

              ["UpperTorso"] = CFrame.new(0.002202, 0.348050, -0.051358, 0.999133, -0.029840, 0.029027, -0.040385, -0.525526, 0.849818, -0.010104, -0.850254, -0.526276)

          }},

          {Time = 0.333, Data = {

              ["Head"] = CFrame.new(-0.000000, 0.000000, -0.000000, 0.373816, -0.002347, -0.927500, -0.483939, 0.852593, -0.197202, 0.791243, 0.522571, 0.317577),

              ["LeftFoot"] = CFrame.new(0.000000, 0.034228, -0.000000, 0.219249, -0.746340, -0.628419, 0.024197, 0.648050, -0.761216, 0.975369, 0.151684, 0.160128),

              ["LeftHand"] = CFrame.new(0.000485, 0.023374, 0.000000, 0.997810, -0.057350, 0.032963, 0.056919, 0.998282, 0.013893, -0.033703, -0.011985, 0.999360),

              ["LeftLowerArm"] = CFrame.new(-0.000500, 0.113443, 0.065252, 1.000000, -0.000000, 0.000000, 0.000000, 0.326573, -0.945172, 0.000000, 0.945172, 0.326573),

              ["LeftLowerLeg"] = CFrame.new(-0.000000, 0.122105, -0.124838, 1.000000, -0.000000, -0.000000, 0.000000, -0.295185, 0.955438, -0.000000, -0.955440, -0.295193),

              ["LeftUpperArm"] = CFrame.new(0.050662, 0.045194, -0.738272, 0.188135, 0.490796, -0.850720, 0.368686, -0.838133, -0.402000, -0.910316, -0.238018, -0.338632),

              ["LeftUpperLeg"] = CFrame.new(0.000000, -0.000000, -0.000100, 0.172081, 0.944020, -0.281432, -0.875665, 0.015720, -0.482661, -0.451219, 0.329513, 0.829358),

              ["LowerTorso"] = CFrame.new(0.033928, -1.287508, 0.771501, 0.999461, -0.024245, -0.022120, 0.028631, 0.973582, 0.226534, 0.016044, -0.227045, 0.973752),

              ["RightFoot"] = CFrame.new(-0.000000, 0.035706, -0.000100, 0.476425, 0.672567, 0.566296, 0.286759, 0.490019, -0.823202, -0.831137, 0.554558, 0.040588),

              ["RightHand"] = CFrame.new(-0.000483, 0.026015, 0.000000, 0.949014, -0.272051, 0.159255, 0.254678, 0.959393, 0.121261, -0.185775, -0.074519, 0.979762),

              ["RightLowerArm"] = CFrame.new(-0.000001, 0.119448, 0.109153, 1.000000, 0.000000, -0.000000, -0.000000, -0.129271, -0.991609, -0.000000, 0.991609, -0.129272),

              ["RightLowerLeg"] = CFrame.new(0.000000, 0.112510, -0.145610, 1.000000, 0.000000, 0.000000, -0.000000, -0.510799, 0.859698, 0.000000, -0.859700, -0.510803),

              ["RightUpperArm"] = CFrame.new(-0.377970, -0.031995, 0.298846, 0.850268, 0.073303, 0.521221, 0.506107, -0.385851, -0.771346, 0.144572, 0.919644, -0.365176),

              ["RightUpperLeg"] = CFrame.new(0.000000, -0.000000, 0.000000, 0.508830, -0.836354, 0.203957, 0.785646, 0.354288, -0.507184, 0.351928, 0.418321, 0.837357),

              ["UpperTorso"] = CFrame.new(-0.001815, 0.319352, 0.052807, 0.998937, -0.041943, 0.019121, -0.028389, -0.233000, 0.972062, -0.036316, -0.971572, -0.233943)

          }},

          {Time = 0.367, Data = {

              ["Head"] = CFrame.new(-0.000000, -0.000000, -0.000000, 0.373816, -0.002347, -0.927500, -0.483939, 0.852593, -0.197202, 0.791243, 0.522571, 0.317577),

              ["LeftFoot"] = CFrame.new(-0.000000, 0.034030, -0.000000, 0.673775, -0.565258, -0.475955, 0.229329, 0.772237, -0.592516, 0.702450, 0.290058, 0.649917),

              ["LeftHand"] = CFrame.new(0.000485, 0.022884, -0.000000, 0.997876, -0.056493, 0.032451, 0.056931, 0.998297, -0.012740, -0.031676, 0.014562, 0.999392),

              ["LeftLowerArm"] = CFrame.new(-0.000500, 0.111542, 0.061017, 1.000000, -0.000000, -0.000000, 0.000000, 0.370549, -0.928813, 0.000000, 0.928813, 0.370550),

              ["LeftLowerLeg"] = CFrame.new(-0.000000, 0.123096, -0.121392, 1.000000, -0.000000, -0.000000, 0.000000, -0.259267, 0.965803, -0.000000, -0.965806, -0.259276),

              ["LeftUpperArm"] = CFrame.new(0.049561, 0.065581, -0.729704, 0.185934, 0.477839, -0.858544, 0.409460, -0.831977, -0.374376, -0.893180, -0.281931, -0.350349),

              ["LeftUpperLeg"] = CFrame.new(0.000000, 0.000000, -0.000100, 0.637986, 0.675774, -0.369180, -0.223764, -0.296061, -0.928595, -0.736820, 0.675039, -0.037658),

              ["LowerTorso"] = CFrame.new(0.003068, -0.951892, 1.058796, 0.998970, 0.022419, -0.039453, 0.020479, 0.553127, 0.832845, 0.040494, -0.832795, 0.552098),

              ["RightFoot"] = CFrame.new(-0.000000, 0.035117, -0.000100, 0.838202, 0.417185, 0.351274, -0.120879, 0.770186, -0.626278, -0.531795, 0.482462, 0.695976),

              ["RightHand"] = CFrame.new(-0.000483, 0.026024, 0.000000, 0.950259, -0.268783, 0.157368, 0.245563, 0.957340, 0.152311, -0.191591, -0.106090, 0.975724),

              ["RightLowerArm"] = CFrame.new(-0.000001, 0.119421, 0.109374, 1.000000, 0.000000, -0.000000, -0.000000, -0.131575, -0.991306, -0.000000, 0.991306, -0.131576),

              ["RightLowerLeg"] = CFrame.new(0.000000, 0.117373, -0.136602, 1.000000, 0.000000, 0.000000, -0.000000, -0.416780, 0.909004, 0.000000, -0.909007, -0.416787),

              ["RightUpperArm"] = CFrame.new(-0.377583, -0.029061, 0.287282, 0.849494, 0.089446, 0.519961, 0.500237, -0.449802, -0.739893, 0.167699, 0.888638, -0.426849),

              ["RightUpperLeg"] = CFrame.new(0.000000, 0.000000, -0.000000, 0.855249, -0.375032, 0.357624, 0.233743, -0.336752, -0.912125, 0.462507, 0.863684, -0.200334),

              ["UpperTorso"] = CFrame.new(-0.002293, 0.174673, 0.129064, 0.998501, -0.054711, -0.001644, 0.026490, 0.456721, 0.889216, -0.047899, -0.887926, 0.457485)

          }},

          {Time = 0.400, Data = {

              ["Head"] = CFrame.new(-0.000000, -0.000000, -0.000000, 0.373816, -0.002347, -0.927500, -0.483939, 0.852593, -0.197202, 0.791243, 0.522571, 0.317577),

              ["LeftFoot"] = CFrame.new(-0.000000, 0.028802, -0.000002, 0.896024, -0.339648, -0.285993, 0.286935, 0.934465, -0.210824, 0.338836, 0.106838, 0.934752),

              ["LeftHand"] = CFrame.new(0.000485, 0.022552, 0.000000, 0.997994, -0.054903, 0.031512, 0.056108, 0.997675, -0.038684, -0.029314, 0.040374, 0.998755),

              ["LeftLowerArm"] = CFrame.new(-0.000500, 0.109566, 0.056922, 1.000000, -0.000000, -0.000000, 0.000000, 0.412964, -0.910747, 0.000000, 0.910747, 0.412964),

              ["LeftLowerLeg"] = CFrame.new(0.000000, 0.117046, -0.060491, 1.000000, -0.000000, -0.000000, 0.000000, 0.374610, 0.927188, -0.000000, -0.927182, 0.374595),

              ["LeftUpperArm"] = CFrame.new(0.048431, 0.082694, -0.721692, 0.183673, 0.464106, -0.866527, 0.443687, -0.825761, -0.348226, -0.877158, -0.320507, -0.357587),

              ["LeftUpperLeg"] = CFrame.new(-0.000000, 0.000000, -0.000100, 0.874065, 0.481193, -0.066815, 0.323249, -0.678745, -0.659421, -0.362659, 0.554760, -0.748799),

              ["LowerTorso"] = CFrame.new(-0.031130, -0.397608, 1.166162, 0.997795, 0.065041, 0.013250, 0.008428, -0.322145, 0.946653, 0.065840, -0.944453, -0.321983),

              ["RightFoot"] = CFrame.new(0.000000, 0.030268, -0.000102, 0.940757, 0.259385, 0.218410, -0.221342, 0.957684, -0.183987, -0.256875, 0.124740, 0.958356),

              ["RightHand"] = CFrame.new(-0.000483, 0.026013, 0.000000, 0.951858, -0.264524, 0.154902, 0.236508, 0.955208, 0.177883, -0.195016, -0.132681, 0.971783),

              ["RightLowerArm"] = CFrame.new(-0.000001, 0.119454, 0.109112, 1.000000, 0.000000, -0.000000, -0.000000, -0.128847, -0.991664, -0.000000, 0.991665, -0.128848),

              ["RightLowerLeg"] = CFrame.new(0.000000, 0.120632, -0.069059, 1.000000, 0.000000, 0.000000, -0.000000, 0.286478, 0.958092, 0.000000, -0.958087, 0.286462),

              ["RightUpperArm"] = CFrame.new(-0.377679, -0.025323, 0.277294, 0.849685, 0.104776, 0.516777, 0.492762, -0.506606, -0.707486, 0.187675, 0.855788, -0.482085),

              ["RightUpperLeg"] = CFrame.new(0.000000, -0.000000, -0.000000, 0.946638, -0.250216, 0.203141, -0.092471, -0.814662, -0.572536, 0.308749, 0.523180, -0.794315),

              ["UpperTorso"] = CFrame.new(0.000199, 0.123078, 0.086840, 0.997504, -0.065186, -0.027159, 0.069555, 0.973386, 0.218363, 0.012202, -0.219707, 0.975490)

          }},

          {Time = 0.433, Data = {

              ["Head"] = CFrame.new(0.000000, 0.000000, -0.000000, 0.373816, -0.002347, -0.927500, -0.483939, 0.852593, -0.197202, 0.791243, 0.522571, 0.317577),

              ["LeftFoot"] = CFrame.new(0.000000, 0.007524, -0.000003, 0.937239, -0.266733, -0.224595, 0.301573, 0.943392, 0.138097, 0.175036, -0.197145, 0.964617),

              ["LeftHand"] = CFrame.new(0.000485, 0.022121, -0.000000, 0.998111, -0.053289, 0.030560, 0.055002, 0.996785, -0.058265, -0.027357, 0.059836, 0.997833),

              ["LeftLowerArm"] = CFrame.new(-0.000500, 0.107803, 0.053886, 1.000000, -0.000000, -0.000000, 0.000000, 0.444513, -0.895772, 0.000000, 0.895772, 0.444513),

              ["LeftLowerLeg"] = CFrame.new(0.000000, 0.035174, -0.003720, 1.000000, 0.000000, 0.000000, 0.000000, 0.961099, 0.276190, -0.000000, -0.276204, 0.961103),

              ["LeftUpperArm"] = CFrame.new(0.047537, 0.094394, -0.715765, 0.181886, 0.453258, -0.872625, 0.467085, -0.820744, -0.328954, -0.865303, -0.347759, -0.360992),

              ["LeftUpperLeg"] = CFrame.new(-0.000000, 0.000001, -0.000100, 0.919167, 0.340468, 0.198030, 0.393717, -0.808167, -0.438021, 0.010911, 0.480571, -0.876882),

              ["LowerTorso"] = CFrame.new(-0.035116, 0.002301, 1.025571, 0.996319, 0.036787, 0.077427, -0.002494, -0.890414, 0.455145, 0.085686, -0.453663, -0.887044),

              ["RightFoot"] = CFrame.new(0.000000, 0.011545, -0.000103, 0.964181, 0.202903, 0.170849, -0.225032, 0.966695, 0.121914, -0.140413, -0.155986, 0.977726),

              ["RightHand"] = CFrame.new(-0.000483, 0.025994, 0.000000, 0.953254, -0.260743, 0.152709, 0.229624, 0.953583, 0.194814, -0.196415, -0.150639, 0.968879),

              ["RightLowerArm"] = CFrame.new(-0.000001, 0.119507, 0.108656, 1.000000, 0.000000, -0.000000, -0.000000, -0.124116, -0.992268, -0.000000, 0.992268, -0.124117),

              ["RightLowerLeg"] = CFrame.new(-0.000000, 0.056139, -0.010751, 1.000000, 0.000000, 0.000000, -0.000000, 0.890755, 0.454476, 0.000000, -0.454484, 0.890759),

              ["RightUpperArm"] = CFrame.new(-0.377984, -0.022033, 0.270353, 0.850295, 0.116146, 0.513331, 0.486182, -0.546864, -0.681591, 0.201558, 0.829126, -0.521464),

              ["RightUpperLeg"] = CFrame.new(-0.000000, 0.000001, -0.000000, 0.964342, -0.251103, 0.083617, -0.209615, -0.917541, -0.337921, 0.161575, 0.308328, -0.937453),

              ["UpperTorso"] = CFrame.new(0.004172, 0.182619, 0.138125, 0.996228, -0.071710, -0.048866, 0.037889, 0.866066, -0.498492, 0.078068, 0.494760, 0.865516)

          }},

          {Time = 0.467, Data = {

              ["Head"] = CFrame.new(0.000000, 0.000000, -0.000000, 0.373816, -0.002347, -0.927500, -0.483939, 0.852593, -0.197202, 0.791243, 0.522571, 0.317576),

              ["LeftFoot"] = CFrame.new(0.000000, -0.034233, -0.000003, 0.942084, -0.256548, -0.216018, 0.303260, 0.926689, 0.222023, 0.143217, -0.274647, 0.950811),

              ["LeftHand"] = CFrame.new(0.000486, 0.021951, -0.000000, 0.998163, -0.052568, 0.030136, 0.054465, 0.996331, -0.066020, -0.026554, 0.067540, 0.997363),

              ["LeftLowerArm"] = CFrame.new(-0.000500, 0.107073, 0.052692, 1.000000, -0.000000, -0.000000, 0.000000, 0.456908, -0.889514, 0.000000, 0.889514, 0.456908),

              ["LeftLowerLeg"] = CFrame.new(0.000000, -0.033713, -0.000346, 1.000000, 0.000000, 0.000000, 0.000000, 1.000000, -0.000008, 0.000000, -0.000011, 1.000000),

              ["LeftUpperArm"] = CFrame.new(0.047179, 0.098743, -0.713464, 0.181169, 0.448829, -0.875060, 0.475784, -0.818726, -0.321431, -0.860702, -0.358107, -0.361873),

              ["LeftUpperLeg"] = CFrame.new(-0.000000, 0.000000, -0.000100, 0.924480, 0.277386, 0.261523, 0.353386, -0.880883, -0.314907, 0.143022, 0.383538, -0.912381),

              ["LowerTorso"] = CFrame.new(-0.029704, 0.114432, 0.927397, 0.995574, 0.006731, 0.093740, -0.007254, -0.988953, 0.148053, 0.093701, -0.148078, -0.984527),

              ["RightFoot"] = CFrame.new(0.000000, -0.000611, -0.000103, 0.968907, 0.189269, 0.159367, -0.229481, 0.928230, 0.292822, -0.092504, -0.320260, 0.942792),

              ["RightHand"] = CFrame.new(-0.000483, 0.025984, 0.000000, 0.953837, -0.259146, 0.151783, 0.226931, 0.952956, 0.200944, -0.196715, -0.157221, 0.967772),

              ["RightLowerArm"] = CFrame.new(-0.000001, 0.119534, 0.108423, 1.000000, 0.000000, -0.000000, -0.000000, -0.121694, -0.992567, -0.000000, 0.992568, -0.121695),

              ["RightLowerLeg"] = CFrame.new(0.000000, -0.000609, -0.000004, 1.000000, -0.000000, 0.000000, -0.000000, 1.000000, -0.000008, 0.000000, -0.000011, 1.000000),

              ["RightUpperArm"] = CFrame.new(-0.378149, -0.020649, 0.267754, 0.850626, 0.120548, 0.511766, 0.483414, -0.562081, -0.671101, 0.206754, 0.818250, -0.536395),

              ["RightUpperLeg"] = CFrame.new(0.000000, -0.000000, 0.000000, 0.967037, -0.253828, 0.020282, -0.235680, -0.922361, -0.306119, 0.096408, 0.291242, -0.951777),

              ["UpperTorso"] = CFrame.new(0.006414, 0.193558, 0.206142, 0.995574, -0.073942, -0.058010, 0.006731, 0.671757, -0.740741, 0.093740, 0.737072, 0.669282)

          }},

      }
}
