return {
["think hmm"] = {

          {Time = 0.000, Data = {

              ["Head"] = CFrame.new(0.000000, 0.000000, 0.000000, 1.000000, 0.000000, 0.000000, 0.000000, 1.000000, -0.000000, 0.000000, 0.000000, 1.000000),

              ["LeftFoot"] = CFrame.new(0.000000, 0.000577, -0.000003, 0.999468, -0.024943, -0.021003, 0.023253, 0.996742, -0.077222, 0.022859, 0.076697, 0.996793),

              ["LeftHand"] = CFrame.new(0.000495, 0.007249, -0.000000, 0.999241, 0.033271, -0.020240, -0.037874, 0.951234, -0.306139, 0.009067, 0.306671, 0.951771),

              ["LeftLowerArm"] = CFrame.new(-0.000500, 0.042383, 0.006508, 1.000000, -0.000000, -0.000000, 0.000000, 0.933728, -0.357982, 0.000000, 0.357982, 0.933728),

              ["LeftLowerLeg"] = CFrame.new(-0.000000, 0.003024, 0.000088, 1.000000, -0.000000, 0.000000, 0.000000, 0.999789, 0.020544, -0.000000, -0.020562, 0.999789),

              ["LeftUpperArm"] = CFrame.new(-0.206912, 0.049001, 0.402118, 0.586176, -0.014883, -0.810047, 0.098002, 0.993792, 0.052658, 0.804235, -0.110253, 0.583995),

              ["LeftUpperLeg"] = CFrame.new(0.000000, -0.000000, -0.000100, 0.999468, 0.023717, 0.022377, -0.024943, 0.998109, 0.056197, -0.021002, -0.056717, 0.998169),

              ["LowerTorso"] = CFrame.new(0.000000, -0.008528, 0.000000, 1.000000, 0.000000, -0.000000, 0.000000, 1.000000, 0.000000, 0.000000, 0.000000, 1.000000),

              ["RightFoot"] = CFrame.new(0.000000, 0.001068, -0.000103, 0.998697, 0.039031, 0.032865, -0.039983, 0.998784, 0.028839, -0.031698, -0.030104, 0.999044),

              ["RightHand"] = CFrame.new(-0.000494, 0.009754, -0.000000, 0.996943, -0.067084, 0.040052, 0.059811, 0.985106, 0.161214, -0.050270, -0.158324, 0.986106),

              ["RightLowerArm"] = CFrame.new(-0.000000, 0.060282, 0.013966, 1.000000, 0.000000, 0.000000, -0.000000, 0.857773, -0.514028, -0.000000, 0.514028, 0.857774),

              ["RightLowerLeg"] = CFrame.new(0.000000, 0.003921, -0.000030, 1.000000, 0.000000, 0.000000, -0.000000, 0.999589, 0.028652, -0.000000, -0.028670, 0.999589),

              ["RightUpperArm"] = CFrame.new(0.060851, 0.018991, 0.238301, 0.878298, -0.088100, 0.469926, -0.037983, 0.966913, 0.252265, -0.476602, -0.239412, 0.845891),

              ["RightUpperLeg"] = CFrame.new(0.000000, -0.000000, -0.000000, 0.998697, -0.040875, -0.030539, 0.039031, 0.997511, -0.058720, 0.032864, 0.057459, 0.997807),

              ["UpperTorso"] = CFrame.new(0.000000, 0.000000, 0.000000, 1.000000, 0.000000, 0.000000, 0.000000, 1.000000, 0.000000, -0.000000, 0.000000, 1.000000)

          }},

          {Time = 0.033, Data = {

              ["Head"] = CFrame.new(0.000000, 0.000000, 0.000000, 0.999997, 0.000002, 0.002328, 0.000002, 0.999998, -0.002037, -0.002328, 0.002037, 0.999995),

              ["LeftFoot"] = CFrame.new(0.000000, 0.000577, -0.000003, 0.999468, -0.024943, -0.021003, 0.023253, 0.996742, -0.077222, 0.022859, 0.076697, 0.996793),

              ["LeftHand"] = CFrame.new(0.000495, 0.007964, 0.000000, 0.999383, 0.029972, -0.018304, -0.033918, 0.958890, -0.281747, 0.009107, 0.282192, 0.959314),

              ["LeftLowerArm"] = CFrame.new(-0.000500, 0.047315, 0.008250, 1.000000, -0.000000, -0.000000, 0.000000, 0.916007, -0.401163, 0.000000, 0.401163, 0.916007),

              ["LeftLowerLeg"] = CFrame.new(-0.000000, 0.003024, 0.000088, 1.000000, -0.000000, 0.000000, 0.000000, 0.999789, 0.020544, -0.000000, -0.020562, 0.999789),

              ["LeftUpperArm"] = CFrame.new(-0.201035, 0.041260, 0.400719, 0.585682, -0.005800, -0.810520, 0.100235, 0.992817, 0.065326, 0.804319, -0.119502, 0.582056),

              ["LeftUpperLeg"] = CFrame.new(0.000000, -0.000000, -0.000100, 0.999468, 0.023717, 0.022377, -0.024943, 0.998109, 0.056197, -0.021002, -0.056717, 0.998169),

              ["LowerTorso"] = CFrame.new(0.000000, -0.008528, 0.000000, 1.000000, 0.000000, -0.000000, 0.000000, 1.000000, 0.000000, 0.000000, 0.000000, 1.000000),

              ["RightFoot"] = CFrame.new(0.000000, 0.001068, -0.000103, 0.998697, 0.039031, 0.032865, -0.039983, 0.998784, 0.028839, -0.031698, -0.030104, 0.999044),

              ["RightHand"] = CFrame.new(-0.000493, 0.011055, 0.000000, 0.997440, -0.061367, 0.036699, 0.053879, 0.982468, 0.178478, -0.047008, -0.176042, 0.983259),

              ["RightLowerArm"] = CFrame.new(-0.000000, 0.067284, 0.017720, 1.000000, 0.000000, 0.000000, -0.000000, 0.819366, -0.573270, -0.000000, 0.573270, 0.819366),

              ["RightLowerLeg"] = CFrame.new(0.000000, 0.003921, -0.000030, 1.000000, 0.000000, 0.000000, -0.000000, 0.999589, 0.028652, -0.000000, -0.028670, 0.999589),

              ["RightUpperArm"] = CFrame.new(0.057865, 0.017094, 0.238362, 0.873114, -0.097791, 0.477607, -0.045535, 0.959034, 0.279609, -0.485384, -0.265878, 0.832893),

              ["RightUpperLeg"] = CFrame.new(0.000000, -0.000000, -0.000000, 0.998697, -0.040875, -0.030539, 0.039031, 0.997511, -0.058720, 0.032864, 0.057459, 0.997807),

              ["UpperTorso"] = CFrame.new(0.000000, 0.000000, 0.000000, 1.000000, 0.000000, 0.000000, 0.000000, 1.000000, 0.000000, -0.000000, 0.000000, 1.000000)

          }},

          {Time = 0.067, Data = {

              ["Head"] = CFrame.new(0.000000, 0.000000, 0.000000, 0.999961, 0.000034, 0.008849, 0.000034, 0.999970, -0.007743, -0.008849, 0.007743, 0.999931),

              ["LeftFoot"] = CFrame.new(0.000000, 0.000577, -0.000003, 0.999468, -0.024943, -0.021003, 0.023253, 0.996742, -0.077222, 0.022859, 0.076697, 0.996793),

              ["LeftHand"] = CFrame.new(0.000494, 0.009681, -0.000000, 0.999698, 0.020870, -0.012965, -0.023203, 0.975474, -0.218889, 0.008078, 0.219122, 0.975664),

              ["LeftLowerArm"] = CFrame.new(-0.000500, 0.059028, 0.013380, 1.000000, -0.000000, -0.000000, 0.000000, 0.863756, -0.503909, 0.000000, 0.503910, 0.863757),

              ["LeftLowerLeg"] = CFrame.new(-0.000000, 0.003024, 0.000088, 1.000000, -0.000000, 0.000000, 0.000000, 0.999789, 0.020544, -0.000000, -0.020562, 0.999789),

              ["LeftUpperArm"] = CFrame.new(-0.184578, 0.019692, 0.396770, 0.584304, 0.012352, -0.811441, 0.106701, 0.990035, 0.091904, 0.804489, -0.140281, 0.577164),

              ["LeftUpperLeg"] = CFrame.new(0.000000, -0.000000, -0.000100, 0.999468, 0.023717, 0.022377, -0.024943, 0.998109, 0.056197, -0.021002, -0.056717, 0.998169),

              ["LowerTorso"] = CFrame.new(0.000000, -0.008528, 0.000000, 1.000000, 0.000000, -0.000000, 0.000000, 1.000000, 0.000000, 0.000000, 0.000000, 1.000000),

              ["RightFoot"] = CFrame.new(0.000000, 0.001068, -0.000103, 0.998697, 0.039031, 0.032865, -0.039983, 0.998784, 0.028839, -0.031698, -0.030104, 0.999044),

              ["RightHand"] = CFrame.new(-0.000489, 0.015998, 0.000000, 0.998550, -0.046123, 0.027757, 0.039266, 0.976802, 0.210515, -0.036822, -0.209117, 0.977197),

              ["RightLowerArm"] = CFrame.new(0.000000, 0.084186, 0.028030, 1.000000, 0.000000, 0.000000, -0.000000, 0.712759, -0.701408, -0.000000, 0.701409, 0.712760),

              ["RightLowerLeg"] = CFrame.new(0.000000, 0.003921, -0.000030, 1.000000, 0.000000, 0.000000, -0.000000, 0.999589, 0.028652, -0.000000, -0.028670, 0.999589),

              ["RightUpperArm"] = CFrame.new(0.050120, 0.012156, 0.238680, 0.857366, -0.118583, 0.500861, -0.067429, 0.938835, 0.337701, -0.510271, -0.323306, 0.796929),

              ["RightUpperLeg"] = CFrame.new(0.000000, -0.000000, -0.000000, 0.998697, -0.040875, -0.030539, 0.039031, 0.997511, -0.058720, 0.032864, 0.057459, 0.997807),

              ["UpperTorso"] = CFrame.new(0.000000, 0.000000, 0.000000, 1.000000, 0.000000, 0.000000, 0.000000, 1.000000, 0.000000, -0.000000, 0.000000, 1.000000)

          }},

          {Time = 0.100, Data = {

              ["Head"] = CFrame.new(0.000000, 0.000000, 0.000000, 0.999822, 0.000156, 0.018866, 0.000156, 0.999864, -0.016508, -0.018866, 0.016508, 0.999686),

              ["LeftFoot"] = CFrame.new(0.000000, 0.000577, -0.000003, 0.999468, -0.024943, -0.021003, 0.023253, 0.996742, -0.077222, 0.022859, 0.076697, 0.996793),

              ["LeftHand"] = CFrame.new(0.000492, 0.012645, -0.000000, 0.999960, 0.007334, -0.005032, -0.007947, 0.990794, -0.135143, 0.003994, 0.135177, 0.990813),

              ["LeftLowerArm"] = CFrame.new(-0.000500, 0.073146, 0.021133, 1.000000, -0.000000, -0.000000, 0.000000, 0.784259, -0.620433, 0.000000, 0.620433, 0.784260),

              ["LeftLowerLeg"] = CFrame.new(-0.000000, 0.003024, 0.000088, 1.000000, -0.000000, 0.000000, 0.000000, 0.999789, 0.020544, -0.000000, -0.020562, 0.999789),

              ["LeftUpperArm"] = CFrame.new(-0.159321, -0.013098, 0.390617, 0.582155, 0.022534, -0.812765, 0.117293, 0.986833, 0.111373, 0.804573, -0.160168, 0.571847),

              ["LeftUpperLeg"] = CFrame.new(0.000000, -0.000000, -0.000100, 0.999468, 0.023717, 0.022377, -0.024943, 0.998109, 0.056197, -0.021002, -0.056717, 0.998169),

              ["LowerTorso"] = CFrame.new(0.000000, -0.008528, 0.000000, 1.000000, 0.000000, -0.000000, 0.000000, 1.000000, 0.000000, 0.000000, 0.000000, 1.000000),

              ["RightFoot"] = CFrame.new(0.000000, 0.001068, -0.000103, 0.998697, 0.039031, 0.032865, -0.039983, 0.998784, 0.028839, -0.031698, -0.030104, 0.999044),

              ["RightHand"] = CFrame.new(-0.000487, 0.020566, 0.000000, 0.999566, -0.025112, 0.015423, 0.020649, 0.970200, 0.241425, -0.021026, -0.240999, 0.970297),

              ["RightLowerArm"] = CFrame.new(-0.000000, 0.101700, 0.044878, 1.000000, 0.000000, 0.000000, -0.000000, 0.537998, -0.842946, -0.000000, 0.842946, 0.537998),

              ["RightLowerLeg"] = CFrame.new(0.000000, 0.003921, -0.000030, 1.000000, 0.000000, 0.000000, -0.000000, 0.999589, 0.028652, -0.000000, -0.028670, 0.999589),

              ["RightUpperArm"] = CFrame.new(0.040320, 0.005528, 0.239770, 0.828995, -0.144945, 0.540146, -0.102965, 0.909763, 0.402156, -0.549695, -0.389001, 0.739265),

              ["RightUpperLeg"] = CFrame.new(0.000000, -0.000000, -0.000000, 0.998697, -0.040875, -0.030539, 0.039031, 0.997511, -0.058720, 0.032864, 0.057459, 0.997807),

              ["UpperTorso"] = CFrame.new(0.000000, 0.000000, 0.000000, 1.000000, 0.000000, 0.000000, 0.000000, 1.000000, 0.000000, -0.000000, 0.000000, 1.000000)

          }},

          {Time = 0.133, Data = {

              ["Head"] = CFrame.new(0.000000, 0.000000, 0.000000, 0.999498, 0.000439, 0.031682, 0.000439, 0.999616, -0.027722, -0.031682, 0.027722, 0.999114),

              ["LeftFoot"] = CFrame.new(0.000000, 0.000577, -0.000003, 0.999468, -0.024943, -0.021003, 0.023253, 0.996742, -0.077222, 0.022859, 0.076697, 0.996793),

              ["LeftHand"] = CFrame.new(0.000489, 0.016962, 0.000000, 0.999949, -0.009047, 0.004559, 0.009228, 0.999099, -0.041437, -0.004180, 0.041477, 0.999131),

              ["LeftLowerArm"] = CFrame.new(-0.000500, 0.086960, 0.030168, 1.000000, -0.000000, -0.000000, 0.000000, 0.690557, -0.723278, 0.000000, 0.723278, 0.690557),

              ["LeftLowerLeg"] = CFrame.new(-0.000000, 0.003024, 0.000088, 1.000000, -0.000000, 0.000000, 0.000000, 0.999789, 0.020544, -0.000000, -0.020562, 0.999789),

              ["LeftUpperArm"] = CFrame.new(-0.127120, -0.054381, 0.382609, 0.579196, 0.013137, -0.815083, 0.132157, 0.985130, 0.109789, 0.804405, -0.171308, 0.568847),

              ["LeftUpperLeg"] = CFrame.new(0.000000, -0.000000, -0.000100, 0.999468, 0.023717, 0.022377, -0.024943, 0.998109, 0.056197, -0.021002, -0.056717, 0.998169),

              ["LowerTorso"] = CFrame.new(0.000000, -0.008528, 0.000000, 1.000000, 0.000000, -0.000000, 0.000000, 1.000000, 0.000000, 0.000000, 0.000000, 1.000000),

              ["RightFoot"] = CFrame.new(0.000000, 0.001068, -0.000103, 0.998697, 0.039031, 0.032865, -0.039983, 0.998784, 0.028839, -0.031698, -0.030104, 0.999044),

              ["RightHand"] = CFrame.new(-0.000485, 0.023368, -0.000000, 0.999991, -0.003357, 0.002625, 0.002571, 0.966548, 0.256475, -0.003399, -0.256463, 0.966547),

              ["RightLowerArm"] = CFrame.new(-0.000000, 0.113880, 0.066060, 1.000000, 0.000000, 0.000000, -0.000000, 0.318175, -0.948032, -0.000000, 0.948032, 0.318175),

              ["RightLowerLeg"] = CFrame.new(0.000000, 0.003921, -0.000030, 1.000000, 0.000000, 0.000000, -0.000000, 0.999589, 0.028652, -0.000000, -0.028670, 0.999589),

              ["RightUpperArm"] = CFrame.new(0.032554, -0.001723, 0.242719, 0.783169, -0.167898, 0.598713, -0.150868, 0.882777, 0.444908, -0.603229, -0.438765, 0.666033),

              ["RightUpperLeg"] = CFrame.new(0.000000, -0.000000, -0.000000, 0.998697, -0.040875, -0.030539, 0.039031, 0.997511, -0.058720, 0.032864, 0.057459, 0.997807),

              ["UpperTorso"] = CFrame.new(0.000000, 0.000000, 0.000000, 1.000000, 0.000000, 0.000000, 0.000000, 1.000000, 0.000000, -0.000000, 0.000000, 1.000000)

          }},

          {Time = 0.167, Data = {

              ["Head"] = CFrame.new(0.000000, 0.000000, 0.000000, 0.998914, 0.000951, 0.046591, 0.000951, 0.999168, -0.040767, -0.046591, 0.040767, 0.998082),

              ["LeftFoot"] = CFrame.new(0.000000, 0.000577, -0.000003, 0.999468, -0.024943, -0.021003, 0.023253, 0.996742, -0.077222, 0.022859, 0.076697, 0.996793),

              ["LeftHand"] = CFrame.new(0.000487, 0.019683, 0.000000, 0.999539, -0.026507, 0.014776, 0.025560, 0.997812, 0.060975, -0.016360, -0.060568, 0.998030),

              ["LeftLowerArm"] = CFrame.new(-0.000500, 0.097411, 0.039909, 1.000000, -0.000000, -0.000000, 0.000000, 0.589547, -0.807734, 0.000000, 0.807734, 0.589547),

              ["LeftLowerLeg"] = CFrame.new(-0.000000, 0.003024, 0.000088, 1.000000, -0.000000, 0.000000, 0.000000, 0.999789, 0.020544, -0.000000, -0.020562, 0.999789),

              ["LeftUpperArm"] = CFrame.new(-0.089962, -0.101371, 0.373138, 0.575129, -0.018099, -0.817862, 0.151550, 0.984807, 0.084779, 0.803902, -0.172705, 0.569135),

              ["LeftUpperLeg"] = CFrame.new(0.000000, -0.000000, -0.000100, 0.999468, 0.023717, 0.022377, -0.024943, 0.998109, 0.056197, -0.021002, -0.056717, 0.998169),

              ["LowerTorso"] = CFrame.new(0.000000, -0.008528, 0.000000, 1.000000, 0.000000, -0.000000, 0.000000, 1.000000, 0.000000, 0.000000, 0.000000, 1.000000),

              ["RightFoot"] = CFrame.new(0.000000, 0.001068, -0.000103, 0.998697, 0.039031, 0.032865, -0.039983, 0.998784, 0.028839, -0.031698, -0.030104, 0.999044),

              ["RightHand"] = CFrame.new(-0.000484, 0.025041, 0.000000, 0.999888, 0.013173, -0.007149, -0.010957, 0.967932, 0.250977, 0.010226, -0.250868, 0.967967),

              ["RightLowerArm"] = CFrame.new(-0.000001, 0.119451, 0.087763, 1.000000, 0.000000, 0.000000, -0.000000, 0.092792, -0.995686, -0.000000, 0.995686, 0.092792),

              ["RightLowerLeg"] = CFrame.new(0.000000, 0.003921, -0.000030, 1.000000, 0.000000, 0.000000, -0.000000, 0.999589, 0.028652, -0.000000, -0.028670, 0.999589),

              ["RightUpperArm"] = CFrame.new(0.032579, -0.010427, 0.249167, 0.711719, -0.173596, 0.680676, -0.206080, 0.874750, 0.438569, -0.671556, -0.452412, 0.586802),

              ["RightUpperLeg"] = CFrame.new(0.000000, -0.000000, -0.000000, 0.998697, -0.040875, -0.030539, 0.039031, 0.997511, -0.058720, 0.032864, 0.057459, 0.997807),

              ["UpperTorso"] = CFrame.new(0.000000, 0.000000, 0.000000, 1.000000, 0.000000, 0.000000, 0.000000, 1.000000, 0.000000, -0.000000, 0.000000, 1.000000)

          }},

          {Time = 0.200, Data = {

              ["Head"] = CFrame.new(0.000000, 0.000000, 0.000000, 0.998019, 0.001733, 0.062885, 0.001733, 0.998484, -0.055024, -0.062885, 0.055024, 0.996503),

              ["LeftFoot"] = CFrame.new(0.000000, 0.000577, -0.000003, 0.999468, -0.024943, -0.021003, 0.023253, 0.996742, -0.077222, 0.022859, 0.076697, 0.996793),

              ["LeftHand"] = CFrame.new(0.000486, 0.021348, -0.000000, 0.998763, -0.043241, 0.024558, 0.038677, 0.985881, 0.162920, -0.031256, -0.161766, 0.986334),

              ["LeftLowerArm"] = CFrame.new(-0.000500, 0.104332, 0.048501, 1.000000, -0.000000, -0.000000, 0.000000, 0.500386, -0.865802, 0.000000, 0.865803, 0.500386),

              ["LeftLowerLeg"] = CFrame.new(-0.000000, 0.003024, 0.000088, 1.000000, -0.000000, 0.000000, 0.000000, 0.999789, 0.020544, -0.000000, -0.020562, 0.999789),

              ["LeftUpperArm"] = CFrame.new(-0.049975, -0.151343, 0.362655, 0.569370, -0.077220, -0.818447, 0.175608, 0.984023, 0.029324, 0.803106, -0.160422, 0.573833),

              ["LeftUpperLeg"] = CFrame.new(0.000000, -0.000000, -0.000100, 0.999468, 0.023717, 0.022377, -0.024943, 0.998109, 0.056197, -0.021002, -0.056717, 0.998169),

              ["LowerTorso"] = CFrame.new(0.000000, -0.008528, 0.000000, 1.000000, 0.000000, -0.000000, 0.000000, 1.000000, 0.000000, 0.000000, 0.000000, 1.000000),

              ["RightFoot"] = CFrame.new(0.000000, 0.001068, -0.000103, 0.998697, 0.039031, 0.032865, -0.039983, 0.998784, 0.028839, -0.031698, -0.030104, 0.999044),

              ["RightHand"] = CFrame.new(-0.000483, 0.025889, 0.000000, 0.999736, 0.020028, -0.011286, -0.016828, 0.972029, 0.234260, 0.015662, -0.234005, 0.972109),

              ["RightLowerArm"] = CFrame.new(-0.000001, 0.119752, 0.106206, 1.000000, 0.000000, -0.000000, 0.000000, -0.098675, -0.995120, -0.000000, 0.995120, -0.098676),

              ["RightLowerLeg"] = CFrame.new(0.000000, 0.003921, -0.000030, 1.000000, 0.000000, 0.000000, -0.000000, 0.999589, 0.028652, -0.000000, -0.028670, 0.999589),

              ["RightUpperArm"] = CFrame.new(0.046349, -0.026491, 0.260055, 0.606087, -0.138437, 0.783258, -0.253377, 0.899834, 0.355105, -0.753962, -0.413684, 0.510301),

              ["RightUpperLeg"] = CFrame.new(0.000000, -0.000000, -0.000000, 0.998697, -0.040875, -0.030539, 0.039031, 0.997511, -0.058720, 0.032864, 0.057459, 0.997807),

              ["UpperTorso"] = CFrame.new(0.000000, 0.000000, 0.000000, 1.000000, 0.000000, 0.000000, 0.000000, 1.000000, 0.000000, -0.000000, 0.000000, 1.000000)

          }},

          {Time = 0.233, Data = {

              ["Head"] = CFrame.new(0.000000, 0.000000, 0.000000, 0.996803, 0.002797, 0.079849, 0.002797, 0.997552, -0.069868, -0.079849, 0.069868, 0.994355),

              ["LeftFoot"] = CFrame.new(0.000000, 0.000577, -0.000003, 0.999468, -0.024943, -0.021003, 0.023253, 0.996742, -0.077222, 0.022859, 0.076697, 0.996793),

              ["LeftHand"] = CFrame.new(0.000485, 0.022214, -0.000000, 0.997792, -0.057657, 0.032975, 0.047313, 0.965417, 0.256386, -0.046616, -0.254257, 0.966012),

              ["LeftLowerArm"] = CFrame.new(-0.000500, 0.108189, 0.054530, 1.000000, -0.000000, -0.000000, 0.000000, 0.437821, -0.899062, 0.000000, 0.899062, 0.437822),

              ["LeftLowerLeg"] = CFrame.new(-0.000000, 0.003024, 0.000088, 1.000000, -0.000000, 0.000000, 0.000000, 0.999789, 0.020544, -0.000000, -0.020562, 0.999789),

              ["LeftUpperArm"] = CFrame.new(-0.009377, -0.201804, 0.351671, 0.561161, -0.164233, -0.811249, 0.204003, 0.977325, -0.056740, 0.802173, -0.133656, 0.581941),

              ["LeftUpperLeg"] = CFrame.new(0.000000, -0.000000, -0.000100, 0.999468, 0.023717, 0.022377, -0.024943, 0.998109, 0.056197, -0.021002, -0.056717, 0.998169),

              ["LowerTorso"] = CFrame.new(0.000000, -0.008528, 0.000000, 1.000000, 0.000000, -0.000000, 0.000000, 1.000000, 0.000000, 0.000000, 0.000000, 1.000000),

              ["RightFoot"] = CFrame.new(0.000000, 0.001068, -0.000103, 0.998697, 0.039031, 0.032865, -0.039983, 0.998784, 0.028839, -0.031698, -0.030104, 0.999044),

              ["RightHand"] = CFrame.new(-0.000483, 0.026394, -0.000000, 0.999705, 0.021095, -0.012017, -0.017909, 0.974970, 0.221617, 0.016391, -0.221333, 0.975060),

              ["RightLowerArm"] = CFrame.new(-0.000001, 0.117919, 0.118142, 1.000000, 0.000000, -0.000000, -0.000000, -0.222632, -0.974902, -0.000000, 0.974903, -0.222633),

              ["RightLowerLeg"] = CFrame.new(0.000000, 0.003921, -0.000030, 1.000000, 0.000000, 0.000000, -0.000000, 0.999589, 0.028652, -0.000000, -0.028670, 0.999589),

              ["RightUpperArm"] = CFrame.new(0.072720, -0.062470, 0.272020, 0.471906, -0.026752, 0.881243, -0.264250, 0.949296, 0.170324, -0.841116, -0.313245, 0.440909),

              ["RightUpperLeg"] = CFrame.new(0.000000, -0.000000, -0.000000, 0.998697, -0.040875, -0.030539, 0.039031, 0.997511, -0.058720, 0.032864, 0.057459, 0.997807),

              ["UpperTorso"] = CFrame.new(0.000000, 0.000000, 0.000000, 1.000000, 0.000000, 0.000000, 0.000000, 1.000000, 0.000000, -0.000000, 0.000000, 1.000000)

          }},

          {Time = 0.267, Data = {

              ["Head"] = CFrame.new(0.000000, 0.000000, 0.000000, 0.995298, 0.004114, 0.096773, 0.004114, 0.996400, -0.084676, -0.096773, 0.084676, 0.991698),

              ["LeftFoot"] = CFrame.new(0.000000, 0.000577, -0.000003, 0.999468, -0.024943, -0.021003, 0.023253, 0.996742, -0.077222, 0.022859, 0.076697, 0.996793),

              ["LeftHand"] = CFrame.new(0.000485, 0.022587, -0.000000, 0.996858, -0.068706, 0.039415, 0.051676, 0.941241, 0.333762, -0.060030, -0.330673, 0.941833),

              ["LeftLowerArm"] = CFrame.new(-0.000500, 0.109702, 0.057167, 1.000000, -0.000000, -0.000000, 0.000000, 0.410415, -0.911899, 0.000000, 0.911899, 0.410416),

              ["LeftLowerLeg"] = CFrame.new(-0.000000, 0.003024, 0.000088, 1.000000, -0.000000, 0.000000, 0.000000, 0.999789, 0.020544, -0.000000, -0.020562, 0.999789),

              ["LeftUpperArm"] = CFrame.new(0.029703, -0.250657, 0.340718, 0.549914, -0.272880, -0.789387, 0.235613, 0.957420, -0.166830, 0.801300, -0.094247, 0.590793),

              ["LeftUpperLeg"] = CFrame.new(0.000000, -0.000000, -0.000100, 0.999468, 0.023717, 0.022377, -0.024943, 0.998109, 0.056197, -0.021002, -0.056717, 0.998169),

              ["LowerTorso"] = CFrame.new(0.000000, -0.008528, 0.000000, 1.000000, 0.000000, -0.000000, 0.000000, 1.000000, 0.000000, 0.000000, 0.000000, 1.000000),

              ["RightFoot"] = CFrame.new(0.000000, 0.001068, -0.000103, 0.998697, 0.039031, 0.032865, -0.039983, 0.998784, 0.028839, -0.031698, -0.030104, 0.999044),

              ["RightHand"] = CFrame.new(-0.000482, 0.026540, 0.000000, 0.999307, 0.032255, -0.018578, -0.027600, 0.976965, 0.211611, 0.024975, -0.210949, 0.977177),

              ["RightLowerArm"] = CFrame.new(-0.000001, 0.117099, 0.121560, 1.000000, 0.000000, -0.000000, -0.000000, -0.258140, -0.966107, -0.000000, 0.966108, -0.258141),

              ["RightLowerLeg"] = CFrame.new(0.000000, 0.003921, -0.000030, 1.000000, 0.000000, 0.000000, -0.000000, 0.999589, 0.028652, -0.000000, -0.028670, 0.999589),

              ["RightUpperArm"] = CFrame.new(0.094942, -0.126404, 0.275977, 0.346022, 0.177178, 0.921345, -0.219212, 0.970095, -0.104225, -0.912258, -0.165906, 0.374513),

              ["RightUpperLeg"] = CFrame.new(0.000000, -0.000000, -0.000000, 0.998697, -0.040875, -0.030539, 0.039031, 0.997511, -0.058720, 0.032864, 0.057459, 0.997807),

              ["UpperTorso"] = CFrame.new(0.000000, 0.000000, 0.000000, 1.000000, 0.000000, 0.000000, 0.000000, 1.000000, 0.000000, -0.000000, 0.000000, 1.000000)

          }},

          {Time = 0.300, Data = {

              ["Head"] = CFrame.new(0.000000, 0.000000, 0.000000, 0.993585, 0.005613, 0.112950, 0.005613, 0.995088, -0.098831, -0.112950, 0.098831, 0.988673),

              ["LeftFoot"] = CFrame.new(0.000000, 0.000577, -0.000003, 0.999468, -0.024943, -0.021003, 0.023253, 0.996742, -0.077222, 0.022859, 0.076697, 0.996793),

              ["LeftHand"] = CFrame.new(0.000485, 0.022480, 0.000000, 0.996139, -0.076120, 0.043728, 0.053131, 0.919304, 0.389948, -0.069881, -0.386116, 0.919798),

              ["LeftLowerArm"] = CFrame.new(-0.000500, 0.109279, 0.056411, 1.000000, -0.000000, -0.000000, 0.000000, 0.418277, -0.908319, 0.000000, 0.908320, 0.418277),

              ["LeftLowerLeg"] = CFrame.new(-0.000000, 0.003024, 0.000088, 1.000000, -0.000000, 0.000000, 0.000000, 0.999789, 0.020544, -0.000000, -0.020562, 0.999789),

              ["LeftUpperArm"] = CFrame.new(0.065438, -0.296244, 0.330301, 0.535652, -0.390874, -0.748528, 0.268442, 0.919258, -0.287929, 0.800635, -0.046706, 0.597330),

              ["LeftUpperLeg"] = CFrame.new(0.000000, -0.000000, -0.000100, 0.999468, 0.023717, 0.022377, -0.024943, 0.998109, 0.056197, -0.021002, -0.056717, 0.998169),

              ["LowerTorso"] = CFrame.new(0.000000, -0.008528, 0.000000, 1.000000, 0.000000, -0.000000, 0.000000, 1.000000, 0.000000, 0.000000, 0.000000, 1.000000),

              ["RightFoot"] = CFrame.new(0.000000, 0.001068, -0.000103, 0.998697, 0.039031, 0.032865, -0.039983, 0.998784, 0.028839, -0.031698, -0.030104, 0.999044),

              ["RightHand"] = CFrame.new(-0.000483, 0.026318, -0.000000, 0.997193, 0.064778, -0.037562, -0.057169, 0.982585, 0.176804, 0.048360, -0.174157, 0.983529),

              ["RightLowerArm"] = CFrame.new(-0.000001, 0.118297, 0.116346, 1.000000, 0.000000, -0.000000, -0.000000, -0.203969, -0.978977, -0.000000, 0.978977, -0.203970),

              ["RightLowerLeg"] = CFrame.new(0.000000, 0.003921, -0.000030, 1.000000, 0.000000, 0.000000, -0.000000, 0.999589, 0.028652, -0.000000, -0.028670, 0.999589),

              ["RightUpperArm"] = CFrame.new(0.094434, -0.205408, 0.265951, 0.268943, 0.422274, 0.865653, -0.140631, 0.906351, -0.398435, -0.952834, -0.014581, 0.303142),

              ["RightUpperLeg"] = CFrame.new(0.000000, -0.000000, -0.000000, 0.998697, -0.040875, -0.030539, 0.039031, 0.997511, -0.058720, 0.032864, 0.057459, 0.997807),

              ["UpperTorso"] = CFrame.new(0.000000, 0.000000, 0.000000, 1.000000, 0.000000, 0.000000, 0.000000, 1.000000, 0.000000, -0.000000, 0.000000, 1.000000)

          }},

          {Time = 0.333, Data = {

              ["Head"] = CFrame.new(0.000000, 0.000000, 0.000000, 0.991788, 0.007185, 0.127688, 0.007185, 0.993713, -0.111727, -0.127688, 0.111727, 0.985501),

              ["LeftFoot"] = CFrame.new(0.000000, 0.000577, -0.000003, 0.999468, -0.024943, -0.021003, 0.023253, 0.996742, -0.077222, 0.022859, 0.076697, 0.996793),

              ["LeftHand"] = CFrame.new(0.000486, 0.021985, -0.000000, 0.995693, -0.080382, 0.046199, 0.053352, 0.904306, 0.423541, -0.075822, -0.419249, 0.904698),

              ["LeftLowerArm"] = CFrame.new(-0.000500, 0.107218, 0.052925, 1.000000, -0.000000, 0.000000, 0.000000, 0.454485, -0.890754, 0.000000, 0.890755, 0.454485),

              ["LeftLowerLeg"] = CFrame.new(-0.000000, 0.003024, 0.000088, 1.000000, -0.000000, 0.000000, 0.000000, 0.999789, 0.020544, -0.000000, -0.020562, 0.999789),

              ["LeftUpperArm"] = CFrame.new(0.096464, -0.337193, 0.320874, 0.519322, -0.503864, -0.690237, 0.299916, 0.863777, -0.404894, 0.800222, 0.003257, 0.599695),

              ["LeftUpperLeg"] = CFrame.new(0.000000, -0.000000, -0.000100, 0.999468, 0.023717, 0.022377, -0.024943, 0.998109, 0.056197, -0.021002, -0.056717, 0.998169),

              ["LowerTorso"] = CFrame.new(0.000000, -0.008528, 0.000000, 1.000000, 0.000000, -0.000000, 0.000000, 1.000000, 0.000000, 0.000000, 0.000000, 1.000000),

              ["RightFoot"] = CFrame.new(0.000000, 0.001068, -0.000103, 0.998697, 0.039031, 0.032865, -0.039983, 0.998784, 0.028839, -0.031698, -0.030104, 0.999044),

              ["RightHand"] = CFrame.new(-0.000483, 0.025801, -0.000000, 0.991806, 0.110449, -0.064207, -0.103828, 0.989692, 0.098643, 0.074439, -0.091166, 0.993049),

              ["RightLowerArm"] = CFrame.new(-0.000001, 0.119888, 0.104292, 1.000000, 0.000000, -0.000000, -0.000000, -0.078788, -0.996891, -0.000000, 0.996891, -0.078789),

              ["RightLowerLeg"] = CFrame.new(0.000000, 0.003921, -0.000030, 1.000000, 0.000000, 0.000000, -0.000000, 0.999589, 0.028652, -0.000000, -0.028670, 0.999589),

              ["RightUpperArm"] = CFrame.new(0.072859, -0.277840, 0.245913, 0.240694, 0.633659, 0.735216, -0.068386, 0.766674, -0.638384, -0.968189, 0.103377, 0.227867),

              ["RightUpperLeg"] = CFrame.new(0.000000, -0.000000, -0.000000, 0.998697, -0.040875, -0.030539, 0.039031, 0.997511, -0.058720, 0.032864, 0.057459, 0.997807),

              ["UpperTorso"] = CFrame.new(0.000000, 0.000000, 0.000000, 1.000000, 0.000000, 0.000000, 0.000000, 1.000000, 0.000000, -0.000000, 0.000000, 1.000000)

          }},

          {Time = 0.367, Data = {

              ["Head"] = CFrame.new(0.000000, 0.000000, 0.000000, 0.990070, 0.008689, 0.140306, 0.008689, 0.992397, -0.122768, -0.140306, 0.122768, 0.982467),

              ["LeftFoot"] = CFrame.new(0.000000, 0.000577, -0.000003, 0.999468, -0.024943, -0.021003, 0.023253, 0.996742, -0.077222, 0.022859, 0.076697, 0.996793),

              ["LeftHand"] = CFrame.new(0.000486, 0.021257, 0.000000, 0.995472, -0.082412, 0.047370, 0.053506, 0.897698, 0.437354, -0.078566, -0.432835, 0.898041),

              ["LeftLowerArm"] = CFrame.new(-0.000500, 0.103902, 0.047880, 1.000000, -0.000000, -0.000000, 0.000000, 0.506825, -0.862049, 0.000000, 0.862049, 0.506825),

              ["LeftLowerLeg"] = CFrame.new(-0.000000, 0.003024, 0.000088, 1.000000, -0.000000, 0.000000, 0.000000, 0.999789, 0.020544, -0.000000, -0.020562, 0.999789),

              ["LeftUpperArm"] = CFrame.new(0.121855, -0.372140, 0.312847, 0.502743, -0.599779, -0.622507, 0.327453, 0.798600, -0.504988, 0.800015, 0.050038, 0.597890),

              ["LeftUpperLeg"] = CFrame.new(0.000000, -0.000000, -0.000100, 0.999468, 0.023717, 0.022377, -0.024943, 0.998109, 0.056197, -0.021002, -0.056717, 0.998169),

              ["LowerTorso"] = CFrame.new(0.000000, -0.008528, 0.000000, 1.000000, 0.000000, -0.000000, 0.000000, 1.000000, 0.000000, 0.000000, 0.000000, 1.000000),

              ["RightFoot"] = CFrame.new(0.000000, 0.001068, -0.000103, 0.998697, 0.039031, 0.032865, -0.039983, 0.998784, 0.028839, -0.031698, -0.030104, 0.999044),

              ["RightHand"] = CFrame.new(-0.000483, 0.025074, 0.000000, 0.983851, 0.154704, -0.090025, -0.156349, 0.987636, -0.011462, 0.087138, 0.025353, 0.995874),

              ["RightLowerArm"] = CFrame.new(-0.000001, 0.119530, 0.088472, 1.000000, 0.000000, -0.000000, -0.000000, 0.085431, -0.996344, -0.000000, 0.996344, 0.085430),

              ["RightLowerLeg"] = CFrame.new(0.000000, 0.003921, -0.000030, 1.000000, 0.000000, 0.000000, -0.000000, 0.999589, 0.028652, -0.000000, -0.028670, 0.999589),

              ["RightUpperArm"] = CFrame.new(0.043848, -0.333548, 0.223615, 0.237359, 0.780172, 0.578785, -0.019376, 0.599496, -0.800144, -0.971229, 0.178707, 0.157412),

              ["RightUpperLeg"] = CFrame.new(0.000000, -0.000000, -0.000000, 0.998697, -0.040875, -0.030539, 0.039031, 0.997511, -0.058720, 0.032864, 0.057459, 0.997807),

              ["UpperTorso"] = CFrame.new(0.000000, 0.000000, 0.000000, 1.000000, 0.000000, 0.000000, 0.000000, 1.000000, 0.000000, -0.000000, 0.000000, 1.000000)

          }},

          {Time = 0.400, Data = {

              ["Head"] = CFrame.new(0.000000, 0.000000, 0.000000, 0.988615, 0.009962, 0.150137, 0.009962, 0.991283, -0.131370, -0.150137, 0.131370, 0.979898),

              ["LeftFoot"] = CFrame.new(0.000000, 0.000577, -0.000003, 0.999468, -0.024943, -0.021003, 0.023253, 0.996742, -0.077222, 0.022859, 0.076697, 0.996793),

              ["LeftHand"] = CFrame.new(0.000487, 0.020208, 0.000000, 0.995389, -0.083165, 0.047798, 0.053937, 0.897327, 0.438062, -0.079321, -0.433460, 0.897673),

              ["LeftLowerArm"] = CFrame.new(-0.000500, 0.099867, 0.042798, 1.000000, -0.000000, -0.000000, 0.000000, 0.559614, -0.828753, 0.000000, 0.828753, 0.559614),

              ["LeftLowerLeg"] = CFrame.new(-0.000000, 0.003024, 0.000088, 1.000000, -0.000000, 0.000000, 0.000000, 0.999789, 0.020544, -0.000000, -0.020562, 0.999789),

              ["LeftUpperArm"] = CFrame.new(0.140928, -0.399496, 0.306611, 0.488225, -0.670956, -0.558081, 0.348915, 0.736211, -0.579873, 0.799934, 0.088386, 0.593543),

              ["LeftUpperLeg"] = CFrame.new(0.000000, -0.000000, -0.000100, 0.999468, 0.023717, 0.022377, -0.024943, 0.998109, 0.056197, -0.021002, -0.056717, 0.998169),

              ["LowerTorso"] = CFrame.new(0.000000, -0.008528, 0.000000, 1.000000, 0.000000, -0.000000, 0.000000, 1.000000, 0.000000, 0.000000, 0.000000, 1.000000),

              ["RightFoot"] = CFrame.new(0.000000, 0.001068, -0.000103, 0.998697, 0.039031, 0.032865, -0.039983, 0.998784, 0.028839, -0.031698, -0.030104, 0.999044),

              ["RightHand"] = CFrame.new(-0.000484, 0.023993, -0.000000, 0.975792, 0.189005, -0.110032, -0.202486, 0.970886, -0.127983, 0.082638, 0.147164, 0.985654),

              ["RightLowerArm"] = CFrame.new(-0.000001, 0.116156, 0.072337, 1.000000, 0.000000, 0.000000, -0.000000, 0.252948, -0.967480, -0.000000, 0.967480, 0.252948),

              ["RightLowerLeg"] = CFrame.new(0.000000, 0.003921, -0.000030, 1.000000, 0.000000, 0.000000, -0.000000, 0.999589, 0.028652, -0.000000, -0.028670, 0.999589),

              ["RightUpperArm"] = CFrame.new(0.018007, -0.372322, 0.204610, 0.241069, 0.867923, 0.434275, 0.009382, 0.445367, -0.895299, -0.970463, 0.219903, 0.099221),

              ["RightUpperLeg"] = CFrame.new(0.000000, -0.000000, -0.000000, 0.998697, -0.040875, -0.030539, 0.039031, 0.997511, -0.058720, 0.032864, 0.057459, 0.997807),

              ["UpperTorso"] = CFrame.new(0.000000, 0.000000, 0.000000, 1.000000, 0.000000, 0.000000, 0.000000, 1.000000, 0.000000, -0.000000, 0.000000, 1.000000)

          }},

          {Time = 0.433, Data = {

              ["Head"] = CFrame.new(0.000000, 0.000000, 0.000000, 0.987615, 0.010837, 0.156521, 0.010837, 0.990518, -0.136956, -0.156521, 0.136956, 0.978133),

              ["LeftFoot"] = CFrame.new(0.000000, 0.000577, -0.000003, 0.999468, -0.024943, -0.021003, 0.023253, 0.996742, -0.077222, 0.022859, 0.076697, 0.996793),

              ["LeftHand"] = CFrame.new(0.000487, 0.019503, 0.000000, 0.995368, -0.083354, 0.047900, 0.054501, 0.899703, 0.433091, -0.079195, -0.428471, 0.900076),

              ["LeftLowerArm"] = CFrame.new(-0.000500, 0.096538, 0.038928, 1.000000, -0.000000, -0.000000, 0.000000, 0.599702, -0.800223, 0.000000, 0.800223, 0.599703),

              ["LeftLowerLeg"] = CFrame.new(-0.000000, 0.003024, 0.000088, 1.000000, -0.000000, 0.000000, 0.000000, 0.999789, 0.020544, -0.000000, -0.020562, 0.999789),

              ["LeftUpperArm"] = CFrame.new(0.153011, -0.417394, 0.302566, 0.478097, -0.714799, -0.510378, 0.362719, 0.689911, -0.626464, 0.799912, 0.114388, 0.589116),

              ["LeftUpperLeg"] = CFrame.new(0.000000, -0.000000, -0.000100, 0.999468, 0.023717, 0.022377, -0.024943, 0.998109, 0.056197, -0.021002, -0.056717, 0.998169),

              ["LowerTorso"] = CFrame.new(0.000000, -0.008528, 0.000000, 1.000000, 0.000000, -0.000000, 0.000000, 1.000000, 0.000000, 0.000000, 0.000000, 1.000000),

              ["RightFoot"] = CFrame.new(0.000000, 0.001068, -0.000103, 0.998697, 0.039031, 0.032865, -0.039983, 0.998784, 0.028839, -0.031698, -0.030104, 0.999044),

              ["RightHand"] = CFrame.new(-0.000485, 0.022628, -0.000000, 0.969985, 0.210138, -0.122355, -0.233441, 0.945593, -0.226626, 0.068074, 0.248385, 0.966266),

              ["RightLowerArm"] = CFrame.new(-0.000000, 0.110732, 0.059065, 1.000000, 0.000000, 0.000000, -0.000000, 0.390769, -0.920489, -0.000000, 0.920489, 0.390769),

              ["RightLowerLeg"] = CFrame.new(0.000000, 0.003921, -0.000030, 1.000000, 0.000000, 0.000000, -0.000000, 0.999589, 0.028652, -0.000000, -0.028670, 0.999589),

              ["RightUpperArm"] = CFrame.new(0.000780, -0.396138, 0.191940, 0.244286, 0.913140, 0.326345, 0.025244, 0.330438, -0.943490, -0.969375, 0.238719, 0.057670),

              ["RightUpperLeg"] = CFrame.new(0.000000, -0.000000, -0.000000, 0.998697, -0.040875, -0.030539, 0.039031, 0.997511, -0.058720, 0.032864, 0.057459, 0.997807),

              ["UpperTorso"] = CFrame.new(0.000000, 0.000000, 0.000000, 1.000000, 0.000000, 0.000000, 0.000000, 1.000000, 0.000000, -0.000000, 0.000000, 1.000000)

          }},

          {Time = 0.467, Data = {

              ["Head"] = CFrame.new(0.000000, 0.000000, 0.000000, 0.987248, 0.011158, 0.158797, 0.011158, 0.990237, -0.138948, -0.158797, 0.138948, 0.977485),

              ["LeftFoot"] = CFrame.new(0.000000, 0.000577, -0.000003, 0.999468, -0.024943, -0.021003, 0.023253, 0.996742, -0.077222, 0.022859, 0.076697, 0.996793),

              ["LeftHand"] = CFrame.new(0.000487, 0.019221, 0.000000, 0.995366, -0.083375, 0.047910, 0.054765, 0.901046, 0.430255, -0.079040, -0.425634, 0.901435),

              ["LeftLowerArm"] = CFrame.new(-0.000499, 0.095178, 0.037453, 1.000000, -0.000000, -0.000000, 0.000000, 0.614959, -0.788559, 0.000000, 0.788559, 0.614960),

              ["LeftLowerLeg"] = CFrame.new(-0.000000, 0.003024, 0.000088, 1.000000, -0.000000, 0.000000, 0.000000, 0.999789, 0.020544, -0.000000, -0.020562, 0.999789),

              ["LeftUpperArm"] = CFrame.new(0.157266, -0.423811, 0.301124, 0.474360, -0.729841, -0.492255, 0.367600, 0.672305, -0.642555, 0.799908, 0.123850, 0.587204),

              ["LeftUpperLeg"] = CFrame.new(0.000000, -0.000000, -0.000100, 0.999468, 0.023717, 0.022377, -0.024943, 0.998109, 0.056197, -0.021002, -0.056717, 0.998169),

              ["LowerTorso"] = CFrame.new(0.000000, -0.008528, 0.000000, 1.000000, 0.000000, -0.000000, 0.000000, 1.000000, 0.000000, 0.000000, 0.000000, 1.000000),

              ["RightFoot"] = CFrame.new(0.000000, 0.001068, -0.000103, 0.998697, 0.039031, 0.032865, -0.039983, 0.998784, 0.028839, -0.031698, -0.030104, 0.999044),

              ["RightHand"] = CFrame.new(-0.000486, 0.021603, 0.000000, 0.968060, 0.216667, -0.126155, -0.244819, 0.925406, -0.289289, 0.054064, 0.310932, 0.948892),

              ["RightLowerArm"] = CFrame.new(-0.000000, 0.106073, 0.050958, 1.000000, 0.000000, 0.000000, 0.000000, 0.474903, -0.880038, -0.000000, 0.880038, 0.474904),

              ["RightLowerLeg"] = CFrame.new(0.000000, 0.003921, -0.000030, 1.000000, 0.000000, 0.000000, -0.000000, 0.999589, 0.028652, -0.000000, -0.028670, 0.999589),

              ["RightUpperArm"] = CFrame.new(-0.004954, -0.405863, 0.187448, 0.244598, 0.930377, 0.273078, 0.033347, 0.273394, -0.961324, -0.969051, 0.244244, 0.035846),

              ["RightUpperLeg"] = CFrame.new(0.000000, -0.000000, -0.000000, 0.998697, -0.040875, -0.030539, 0.039031, 0.997511, -0.058720, 0.032864, 0.057459, 0.997807),

              ["UpperTorso"] = CFrame.new(0.000000, 0.000000, 0.000000, 1.000000, 0.000000, 0.000000, 0.000000, 1.000000, 0.000000, -0.000000, 0.000000, 1.000000)

          }},

          {Time = 0.500, Data = {

              ["Head"] = CFrame.new(0.000000, 0.000000, 0.000000, 0.987248, 0.011158, 0.158797, 0.011158, 0.990237, -0.138948, -0.158797, 0.138948, 0.977485),

              ["LeftFoot"] = CFrame.new(0.000000, 0.000577, -0.000003, 0.999468, -0.024943, -0.021003, 0.023253, 0.996742, -0.077222, 0.022859, 0.076697, 0.996793),

              ["LeftHand"] = CFrame.new(0.000487, 0.019221, 0.000000, 0.995366, -0.083375, 0.047910, 0.054765, 0.901046, 0.430255, -0.079040, -0.425634, 0.901435),

              ["LeftLowerArm"] = CFrame.new(-0.000499, 0.095178, 0.037453, 1.000000, -0.000000, -0.000000, 0.000000, 0.614959, -0.788559, 0.000000, 0.788559, 0.614960),

              ["LeftLowerLeg"] = CFrame.new(-0.000000, 0.003024, 0.000088, 1.000000, -0.000000, 0.000000, 0.000000, 0.999789, 0.020544, -0.000000, -0.020562, 0.999789),

              ["LeftUpperArm"] = CFrame.new(0.157266, -0.423811, 0.301124, 0.474360, -0.729841, -0.492255, 0.367600, 0.672305, -0.642555, 0.799908, 0.123850, 0.587204),

              ["LeftUpperLeg"] = CFrame.new(0.000000, -0.000000, -0.000100, 0.999468, 0.023717, 0.022377, -0.024943, 0.998109, 0.056197, -0.021002, -0.056717, 0.998169),

              ["LowerTorso"] = CFrame.new(0.000000, -0.008528, 0.000000, 1.000000, 0.000000, -0.000000, 0.000000, 1.000000, 0.000000, 0.000000, 0.000000, 1.000000),

