return {
["d all in yo stomach"] = {

          {Time = 0.000, Data = {

              ["Head"] = CFrame.new(0.000000, 0.000000, 0.000000, 0.990181, 0.135716, -0.033504, -0.136509, 0.990380, -0.022659, 0.030106, 0.027010, 0.999182),

              ["LeftFoot"] = CFrame.new(0.000000, 0.007263, -0.000003, 0.945743, -0.248548, -0.209284, 0.226823, 0.966204, -0.122485, 0.232641, 0.068367, 0.970153),

              ["LeftHand"] = CFrame.new(0.000500, 0.000100, -0.000000, 0.940663, 0.339306, 0.005147, -0.229372, 0.646927, -0.727241, -0.250085, 0.682904, 0.686363),

              ["LeftLowerArm"] = CFrame.new(-0.000500, 0.093300, 0.064012, 1.000000, -0.000000, -0.000000, 0.000000, 0.358946, -0.933358, 0.000000, 0.933358, 0.358946),

              ["LeftLowerLeg"] = CFrame.new(-0.000000, 0.033770, -0.003397, 1.000000, -0.000000, 0.000000, 0.000000, 0.964376, 0.264519, -0.000000, -0.264534, 0.964380),

              ["LeftUpperArm"] = CFrame.new(-0.358060, -0.445004, -0.178393, 0.283880, 0.614517, -0.736057, -0.890009, -0.116764, -0.440739, -0.356787, 0.780215, 0.513778),

              ["LeftUpperLeg"] = CFrame.new(0.000000, -0.000000, -0.000100, 0.945741, 0.280285, 0.164361, -0.248548, 0.949870, -0.189647, -0.209278, 0.138519, 0.967998),

              ["LowerTorso"] = CFrame.new(-0.020467, -0.112569, 0.000000, 1.000000, 0.000000, -0.000000, 0.000000, 1.000000, 0.000000, 0.000000, 0.000000, 1.000000),

              ["RightFoot"] = CFrame.new(0.000000, 0.006741, -0.000103, 0.938442, 0.264245, 0.222502, -0.245830, 0.963359, -0.107275, -0.242682, 0.045973, 0.969013),

              ["RightHand"] = CFrame.new(-0.000500, 0.000000, -0.000000, 0.999886, -0.013767, -0.006146, 0.014564, 0.776604, 0.629824, -0.003898, -0.629839, 0.776713),

              ["RightLowerArm"] = CFrame.new(0.000000, 0.096244, 0.072498, 1.000000, 0.000000, 0.000000, -0.000000, 0.274060, -0.961713, -0.000000, 0.961713, 0.274060),

              ["RightLowerLeg"] = CFrame.new(0.000000, 0.029742, -0.002692, 1.000000, 0.000000, -0.000000, -0.000000, 0.972519, 0.232810, 0.000000, -0.232825, 0.972522),

              ["RightUpperArm"] = CFrame.new(-0.158585, 0.010281, -0.000000, 0.989698, -0.143175, -0.000000, 0.143175, 0.989697, 0.000000, 0.000000, 0.000000, 1.000000),

              ["RightUpperLeg"] = CFrame.new(0.000000, -0.000000, -0.000000, 0.938440, -0.295577, -0.178788, 0.264246, 0.947589, -0.179570, 0.222495, 0.121285, 0.967362),

              ["UpperTorso"] = CFrame.new(0.000000, 0.000000, 0.000000, 1.000000, 0.000000, 0.000000, 0.000000, 1.000000, 0.000000, -0.000000, 0.000000, 1.000000)

          }},

          {Time = 0.017, Data = {

              ["Head"] = CFrame.new(-0.000000, 0.000000, -0.000000, 0.990181, 0.135716, -0.033504, -0.136537, 0.990354, -0.023587, 0.029980, 0.027930, 0.999160),

              ["LeftFoot"] = CFrame.new(-0.000000, 0.007633, -0.000003, 0.945904, -0.248190, -0.208982, 0.225750, 0.966065, -0.125526, 0.233031, 0.071555, 0.969830),

              ["LeftHand"] = CFrame.new(0.000500, 0.000100, 0.000000, 0.940663, 0.339306, 0.005147, -0.229373, 0.646927, -0.727241, -0.250085, 0.682904, 0.686363),

              ["LeftLowerArm"] = CFrame.new(-0.000500, 0.093300, 0.064012, 1.000000, -0.000000, -0.000000, 0.000000, 0.358946, -0.933358, 0.000000, 0.933358, 0.358946),

              ["LeftLowerLeg"] = CFrame.new(0.000000, 0.035768, -0.003863, 1.000000, -0.000000, 0.000000, 0.000000, 0.959659, 0.281152, -0.000000, -0.281166, 0.959663),

              ["LeftUpperArm"] = CFrame.new(-0.358060, -0.445004, -0.178393, 0.283880, 0.614517, -0.736057, -0.890009, -0.116764, -0.440739, -0.356787, 0.780215, 0.513778),

              ["LeftUpperLeg"] = CFrame.new(0.000000, 0.000000, -0.000100, 0.946035, 0.281908, 0.159835, -0.244732, 0.944798, -0.217848, -0.212426, 0.166989, 0.962806),

              ["LowerTorso"] = CFrame.new(-0.020548, -0.117240, 0.007999, 1.000000, 0.000202, 0.000391, -0.000208, 0.999880, 0.015490, -0.000388, -0.015490, 0.999880),

              ["RightFoot"] = CFrame.new(0.000000, 0.007156, -0.000103, 0.938545, 0.264031, 0.222321, -0.244637, 0.963219, -0.111191, -0.243488, 0.049970, 0.968612),

              ["RightHand"] = CFrame.new(-0.000500, 0.000000, -0.000000, 0.999886, -0.013767, -0.006146, 0.014564, 0.776604, 0.629824, -0.003898, -0.629839, 0.776713),

              ["RightLowerArm"] = CFrame.new(-0.000000, 0.096432, 0.073165, 1.000000, 0.000000, 0.000000, -0.000000, 0.267385, -0.963590, -0.000000, 0.963590, 0.267384),

              ["RightLowerLeg"] = CFrame.new(-0.000000, 0.031937, -0.003139, 1.000000, 0.000000, 0.000000, -0.000000, 0.967993, 0.250961, 0.000000, -0.250976, 0.967997),

              ["RightUpperArm"] = CFrame.new(-0.161071, 0.007277, 0.001290, 0.989193, -0.146620, 0.000740, 0.146606, 0.989146, 0.009840, -0.002174, -0.009626, 0.999951),

              ["RightUpperLeg"] = CFrame.new(-0.000000, 0.000000, -0.000000, 0.938402, -0.298166, -0.174642, 0.260747, 0.942659, -0.208328, 0.226745, 0.149971, 0.962341),

              ["UpperTorso"] = CFrame.new(0.000002, 0.001139, -0.004524, 1.000000, -0.000209, -0.000387, 0.000202, 0.999847, -0.017473, 0.000391, 0.017473, 0.999847)

          }},

          {Time = 0.033, Data = {

              ["Head"] = CFrame.new(0.000000, -0.000000, -0.000000, 0.990181, 0.135716, -0.033504, -0.136601, 0.990292, -0.025718, 0.029688, 0.030043, 0.999108),

              ["LeftFoot"] = CFrame.new(0.000000, 0.008529, -0.000003, 0.946343, -0.247207, -0.208154, 0.223295, 0.965797, -0.131826, 0.233609, 0.078268, 0.969172),

              ["LeftHand"] = CFrame.new(0.000500, 0.000100, -0.000000, 0.940663, 0.339306, 0.005147, -0.229373, 0.646927, -0.727241, -0.250085, 0.682904, 0.686363),

              ["LeftLowerArm"] = CFrame.new(-0.000500, 0.093300, 0.064012, 1.000000, -0.000000, -0.000000, 0.000000, 0.358946, -0.933358, 0.000000, 0.933358, 0.358946),

              ["LeftLowerLeg"] = CFrame.new(-0.000000, 0.040662, -0.005141, 1.000000, -0.000000, 0.000000, 0.000000, 0.946704, 0.322092, -0.000000, -0.322104, 0.946708),

              ["LeftUpperArm"] = CFrame.new(-0.358060, -0.445004, -0.178393, 0.283880, 0.614517, -0.736058, -0.890009, -0.116764, -0.440739, -0.356787, 0.780215, 0.513778),

              ["LeftUpperLeg"] = CFrame.new(0.000000, 0.000000, -0.000100, 0.946842, 0.285629, 0.148013, -0.234017, 0.927239, -0.292330, -0.220742, 0.242166, 0.944794),

              ["LowerTorso"] = CFrame.new(-0.020746, -0.129737, 0.029704, 0.999999, 0.000697, 0.001520, -0.000784, 0.998305, 0.058187, -0.001476, -0.058189, 0.998305),

              ["RightFoot"] = CFrame.new(0.000000, 0.008153, -0.000103, 0.938839, 0.263419, 0.221805, -0.241891, 0.962893, -0.119701, -0.245092, 0.058725, 0.967716),

              ["RightHand"] = CFrame.new(-0.000500, 0.000000, -0.000000, 0.999886, -0.013767, -0.006146, 0.014564, 0.776604, 0.629825, -0.003898, -0.629839, 0.776713),

              ["RightLowerArm"] = CFrame.new(0.000000, 0.096939, 0.075056, 1.000000, 0.000000, 0.000000, -0.000000, 0.248467, -0.968640, -0.000000, 0.968640, 0.248467),

              ["RightLowerLeg"] = CFrame.new(0.000000, 0.037296, -0.004391, 1.000000, 0.000000, 0.000000, -0.000000, 0.955318, 0.295567, 0.000000, -0.295580, 0.955322),

              ["RightUpperArm"] = CFrame.new(-0.168026, -0.001132, 0.005021, 0.987693, -0.156383, 0.002645, 0.156175, 0.987012, 0.037650, -0.008498, -0.036774, 0.999287),

              ["RightUpperLeg"] = CFrame.new(0.000000, 0.000000, -0.000000, 0.938302, -0.304516, -0.163891, 0.250721, 0.925437, -0.284075, 0.238177, 0.225471, 0.944691),

              ["UpperTorso"] = CFrame.new(0.000022, 0.004898, -0.016615, 0.999999, -0.000796, -0.001470, 0.000697, 0.997837, -0.065739, 0.001520, 0.065737, 0.997836)

          }},

          {Time = 0.050, Data = {

              ["Head"] = CFrame.new(0.000000, -0.000000, -0.000000, 0.990181, 0.135716, -0.033504, -0.136671, 0.990219, -0.028075, 0.029366, 0.032378, 0.999044),

              ["LeftFoot"] = CFrame.new(-0.000000, 0.009628, -0.000003, 0.947010, -0.245709, -0.206893, 0.220640, 0.965694, -0.136949, 0.233431, 0.084037, 0.968731),

              ["LeftHand"] = CFrame.new(0.000500, 0.000100, -0.000000, 0.940663, 0.339306, 0.005147, -0.229372, 0.646926, -0.727241, -0.250085, 0.682904, 0.686363),

              ["LeftLowerArm"] = CFrame.new(-0.000500, 0.093300, 0.064012, 1.000000, -0.000000, -0.000000, 0.000000, 0.358946, -0.933358, 0.000000, 0.933358, 0.358946),

              ["LeftLowerLeg"] = CFrame.new(0.000000, 0.046764, -0.007021, 1.000000, -0.000000, 0.000000, 0.000000, 0.927645, 0.373454, -0.000000, -0.373464, 0.927649),

              ["LeftUpperArm"] = CFrame.new(-0.358060, -0.445004, -0.178393, 0.283880, 0.614517, -0.736057, -0.890009, -0.116764, -0.440739, -0.356787, 0.780215, 0.513778),

              ["LeftUpperLeg"] = CFrame.new(-0.000000, -0.000001, -0.000100, 0.948061, 0.289580, 0.131620, -0.217379, 0.891909, -0.396526, -0.232220, 0.347334, 0.908539),

              ["LowerTorso"] = CFrame.new(-0.020969, -0.147403, 0.061616, 0.999994, 0.001255, 0.003333, -0.001653, 0.992495, 0.122271, -0.003154, -0.122276, 0.992491),

              ["RightFoot"] = CFrame.new(0.000000, 0.009376, -0.000103, 0.939328, 0.262398, 0.220946, -0.238749, 0.962586, -0.128175, -0.246297, 0.067643, 0.966827),

              ["RightHand"] = CFrame.new(-0.000500, 0.000000, 0.000000, 0.999886, -0.013767, -0.006146, 0.014564, 0.776604, 0.629825, -0.003898, -0.629839, 0.776713),

              ["RightLowerArm"] = CFrame.new(-0.000000, 0.097654, 0.078016, 1.000000, 0.000000, -0.000000, -0.000000, 0.218863, -0.975756, -0.000000, 0.975756, 0.218863),

              ["RightLowerLeg"] = CFrame.new(-0.000000, 0.044051, -0.006308, 1.000000, 0.000000, -0.000000, -0.000000, 0.935890, 0.352282, 0.000000, -0.352293, 0.935894),

              ["RightUpperArm"] = CFrame.new(-0.178660, -0.013986, 0.011080, 0.985146, -0.171643, 0.005061, 0.170679, 0.981999, 0.080907, -0.018857, -0.078842, 0.996709),

              ["RightUpperLeg"] = CFrame.new(0.000000, -0.000001, -0.000000, 0.938189, -0.312436, -0.148948, 0.234593, 0.890395, -0.390068, 0.254495, 0.331029, 0.908659),

              ["UpperTorso"] = CFrame.new(0.000097, 0.012262, -0.033810, 0.999994, -0.001704, -0.003127, 0.001255, 0.990385, -0.138330, 0.003333, 0.138326, 0.990381)

          }},

          {Time = 0.067, Data = {

              ["Head"] = CFrame.new(0.000000, -0.000000, 0.000000, 0.990181, 0.135716, -0.033504, -0.136718, 0.990165, -0.029678, 0.029147, 0.033967, 0.998998),

              ["LeftFoot"] = CFrame.new(0.000000, 0.010700, -0.000003, 0.947844, -0.243821, -0.205303, 0.218668, 0.966031, -0.137737, 0.231898, 0.085653, 0.968958),

              ["LeftHand"] = CFrame.new(0.000500, 0.000100, -0.000000, 0.940663, 0.339306, 0.005147, -0.229373, 0.646927, -0.727241, -0.250085, 0.682904, 0.686363),

              ["LeftLowerArm"] = CFrame.new(-0.000500, 0.093300, 0.064012, 1.000000, -0.000000, -0.000000, 0.000000, 0.358946, -0.933358, 0.000000, 0.933358, 0.358946),

              ["LeftLowerLeg"] = CFrame.new(-0.000000, 0.052754, -0.009191, 1.000000, -0.000000, 0.000000, 0.000000, 0.905601, 0.424122, -0.000000, -0.424130, 0.905605),

              ["LeftUpperArm"] = CFrame.new(-0.358060, -0.445005, -0.178393, 0.283880, 0.614517, -0.736057, -0.890009, -0.116764, -0.440739, -0.356787, 0.780215, 0.513778),

              ["LeftUpperLeg"] = CFrame.new(-0.000000, -0.000000, -0.000100, 0.949583, 0.292361, 0.113213, -0.195903, 0.835243, -0.513788, -0.244772, 0.465719, 0.850415),

              ["LowerTorso"] = CFrame.new(-0.021113, -0.167502, 0.100090, 0.999982, 0.001615, 0.005753, -0.002741, 0.979472, 0.201561, -0.005310, -0.201573, 0.979459),

              ["RightFoot"] = CFrame.new(0.000000, 0.010550, -0.000103, 0.940012, 0.260960, 0.219735, -0.236314, 0.962628, -0.132309, -0.246036, 0.072440, 0.966546),

              ["RightHand"] = CFrame.new(-0.000500, 0.000000, -0.000000, 0.999886, -0.013767, -0.006146, 0.014564, 0.776604, 0.629824, -0.003898, -0.629839, 0.776713),

              ["RightLowerArm"] = CFrame.new(-0.000000, 0.098447, 0.081892, 1.000000, 0.000000, 0.000000, -0.000000, 0.180100, -0.983648, -0.000000, 0.983648, 0.180100),

              ["RightLowerLeg"] = CFrame.new(0.000000, 0.050600, -0.008547, 1.000000, 0.000000, 0.000000, -0.000000, 0.913166, 0.407580, 0.000000, -0.407589, 0.913170),

              ["RightUpperArm"] = CFrame.new(-0.192160, -0.030256, 0.019402, 0.981457, -0.191550, 0.007196, 0.188782, 0.972422, 0.136959, -0.033232, -0.133061, 0.990551),

              ["RightUpperLeg"] = CFrame.new(0.000000, -0.000000, -0.000000, 0.938111, -0.320013, -0.132439, 0.212830, 0.834345, -0.508486, 0.273223, 0.448843, 0.850824),

              ["UpperTorso"] = CFrame.new(0.000268, 0.024140, -0.053386, 0.999982, -0.002885, -0.005233, 0.001615, 0.973601, -0.228249, 0.005753, 0.228237, 0.973589)

          }},

          {Time = 0.083, Data = {

              ["Head"] = CFrame.new(0.000000, 0.000000, 0.000000, 0.990181, 0.135716, -0.033504, -0.136714, 0.990170, -0.029548, 0.029164, 0.033838, 0.999002),

              ["LeftFoot"] = CFrame.new(0.000000, 0.011606, -0.000003, 0.948760, -0.241726, -0.203540, 0.217858, 0.966902, -0.132816, 0.228894, 0.081660, 0.970016),

              ["LeftHand"] = CFrame.new(0.000500, 0.000100, 0.000000, 0.940663, 0.339306, 0.005147, -0.229372, 0.646926, -0.727241, -0.250085, 0.682904, 0.686364),

              ["LeftLowerArm"] = CFrame.new(-0.000500, 0.093300, 0.064012, 1.000000, -0.000000, -0.000000, 0.000000, 0.358946, -0.933358, 0.000000, 0.933358, 0.358946),

              ["LeftLowerLeg"] = CFrame.new(-0.000000, 0.057793, -0.011281, 1.000000, -0.000000, -0.000000, 0.000000, 0.884348, 0.466821, -0.000000, -0.466827, 0.884352),

              ["LeftUpperArm"] = CFrame.new(-0.358060, -0.445004, -0.178393, 0.283880, 0.614517, -0.736058, -0.890009, -0.116764, -0.440739, -0.356787, 0.780215, 0.513778),

              ["LeftUpperLeg"] = CFrame.new(-0.000000, -0.000000, -0.000100, 0.951276, 0.293333, 0.095030, -0.170983, 0.758289, -0.629085, -0.256592, 0.582198, 0.771506),

              ["LowerTorso"] = CFrame.new(-0.021081, -0.187659, 0.141340, 0.999961, 0.001536, 0.008646, -0.003974, 0.957163, 0.289522, -0.007830, -0.289545, 0.957132),

              ["RightFoot"] = CFrame.new(0.000000, 0.011566, -0.000103, 0.940857, 0.259172, 0.218230, -0.234836, 0.963118, -0.131373, -0.244214, 0.072349, 0.967015),

              ["RightHand"] = CFrame.new(-0.000500, 0.000000, 0.000000, 0.999886, -0.013767, -0.006146, 0.014564, 0.776604, 0.629824, -0.003898, -0.629839, 0.776713),

              ["RightLowerArm"] = CFrame.new(0.000000, 0.099187, 0.086521, 1.000000, 0.000000, -0.000000, -0.000000, 0.133804, -0.991008, -0.000000, 0.991008, 0.133803),

              ["RightLowerLeg"] = CFrame.new(-0.000000, 0.056261, -0.010804, 1.000000, 0.000000, 0.000000, -0.000000, 0.890217, 0.455530, 0.000000, -0.455537, 0.890220),

              ["RightUpperArm"] = CFrame.new(-0.207726, -0.048864, 0.029880, 0.976548, -0.215142, 0.008244, 0.209044, 0.956640, 0.202833, -0.051525, -0.196353, 0.979179),

              ["RightUpperLeg"] = CFrame.new(0.000000, -0.000000, -0.000000, 0.938080, -0.326365, -0.116155, 0.186330, 0.758021, -0.625036, 0.292039, 0.564703, 0.771905),

              ["UpperTorso"] = CFrame.new(0.000565, 0.040690, -0.072562, 0.999961, -0.004286, -0.007664, 0.001536, 0.944694, -0.327949, 0.008646, 0.327925, 0.944664)

          }},

          {Time = 0.100, Data = {

              ["Head"] = CFrame.new(0.000000, 0.000000, 0.000000, 0.990181, 0.135716, -0.033504, -0.136630, 0.990262, -0.026707, 0.029553, 0.031022, 0.999082),

              ["LeftFoot"] = CFrame.new(-0.000000, 0.012307, -0.000003, 0.949649, -0.239674, -0.201812, 0.218119, 0.968096, -0.123352, 0.224923, 0.073115, 0.971626),

              ["LeftHand"] = CFrame.new(0.000500, 0.000100, 0.000000, 0.940663, 0.339306, 0.005147, -0.229372, 0.646927, -0.727241, -0.250085, 0.682904, 0.686363),

              ["LeftLowerArm"] = CFrame.new(-0.000500, 0.093300, 0.064012, 1.000000, -0.000000, -0.000000, 0.000000, 0.358946, -0.933358, 0.000000, 0.933358, 0.358946),

              ["LeftLowerLeg"] = CFrame.new(-0.000000, 0.061644, -0.013050, 1.000000, -0.000000, -0.000000, 0.000000, 0.866335, 0.499458, -0.000000, -0.499463, 0.866338),

              ["LeftUpperArm"] = CFrame.new(-0.358060, -0.445004, -0.178393, 0.283880, 0.614517, -0.736057, -0.890009, -0.116764, -0.440739, -0.356787, 0.780215, 0.513778),

              ["LeftUpperLeg"] = CFrame.new(0.000000, 0.000000, -0.000100, 0.952986, 0.292656, 0.078557, -0.144325, 0.666328, -0.731547, -0.266437, 0.685828, 0.677250),

              ["LowerTorso"] = CFrame.new(-0.020809, -0.206166, 0.181544, 0.999930, 0.000856, 0.011814, -0.005276, 0.925162, 0.379536, -0.010605, -0.379572, 0.925101),

              ["RightFoot"] = CFrame.new(0.000000, 0.012376, -0.000103, 0.941779, 0.257205, 0.216573, -0.234248, 0.963955, -0.126178, -0.241205, 0.068093, 0.968078),

              ["RightHand"] = CFrame.new(-0.000500, 0.000000, 0.000000, 0.999886, -0.013767, -0.006146, 0.014564, 0.776604, 0.629824, -0.003898, -0.629839, 0.776713),

              ["RightLowerArm"] = CFrame.new(0.000000, 0.099758, 0.091723, 1.000000, 0.000000, -0.000000, -0.000000, 0.081778, -0.996651, -0.000000, 0.996651, 0.081778),

              ["RightLowerLeg"] = CFrame.new(-0.000000, 0.060733, -0.012811, 1.000000, 0.000000, 0.000000, -0.000000, 0.869782, 0.493431, 0.000000, -0.493437, 0.869785),

              ["RightUpperArm"] = CFrame.new(-0.224593, -0.068712, 0.042297, 0.970420, -0.241305, 0.007512, 0.229989, 0.933479, 0.275177, -0.073413, -0.265310, 0.961364),

              ["RightUpperLeg"] = CFrame.new(0.000000, 0.000000, -0.000000, 0.938057, -0.331248, -0.101606, 0.156560, 0.666829, -0.728569, 0.309092, 0.667543, 0.677395),

              ["UpperTorso"] = CFrame.new(0.000998, 0.060967, -0.088865, 0.999930, -0.005849, -0.010300, 0.000856, 0.902968, -0.429707, 0.011814, 0.429668, 0.902910)

          }},

          {Time = 0.117, Data = {

              ["Head"] = CFrame.new(0.000000, -0.000000, -0.000000, 0.990181, 0.135716, -0.033504, -0.136434, 0.990444, -0.020173, 0.030446, 0.024546, 0.999235),

              ["LeftFoot"] = CFrame.new(-0.000000, 0.012820, -0.000003, 0.950385, -0.237961, -0.200369, 0.219057, 0.969254, -0.112086, 0.220867, 0.062625, 0.973288),

              ["LeftHand"] = CFrame.new(0.000500, 0.000100, 0.000000, 0.940663, 0.339306, 0.005147, -0.229372, 0.646927, -0.727241, -0.250085, 0.682904, 0.686364),

              ["LeftLowerArm"] = CFrame.new(-0.000499, 0.093300, 0.064012, 1.000000, -0.000000, -0.000000, 0.000000, 0.358946, -0.933358, 0.000000, 0.933358, 0.358946),

              ["LeftLowerLeg"] = CFrame.new(0.000000, 0.064432, -0.014428, 1.000000, -0.000000, -0.000000, 0.000000, 0.852284, 0.523074, -0.000000, -0.523079, 0.852287),

              ["LeftUpperArm"] = CFrame.new(-0.358060, -0.445004, -0.178393, 0.283880, 0.614517, -0.736057, -0.890009, -0.116764, -0.440739, -0.356787, 0.780215, 0.513778),

              ["LeftUpperLeg"] = CFrame.new(-0.000000, 0.000000, -0.000100, 0.954550, 0.290960, 0.064631, -0.117819, 0.567523, -0.814875, -0.273776, 0.770234, 0.576022),

              ["LowerTorso"] = CFrame.new(-0.020277, -0.222131, 0.217032, 0.999887, -0.000474, 0.015028, -0.006575, 0.885096, 0.465362, -0.013522, -0.465408, 0.884993),

              ["RightFoot"] = CFrame.new(-0.000000, 0.013003, -0.000103, 0.942648, 0.255336, 0.215000, -0.234133, 0.964852, -0.119349, -0.237902, 0.062159, 0.969294),

              ["RightHand"] = CFrame.new(-0.000500, 0.000000, 0.000000, 0.999886, -0.013767, -0.006146, 0.014564, 0.776604, 0.629825, -0.003898, -0.629839, 0.776713),

              ["RightLowerArm"] = CFrame.new(-0.000000, 0.100063, 0.097297, 1.000000, 0.000000, -0.000000, 0.000000, 0.026036, -0.999661, -0.000000, 0.999661, 0.026036),

              ["RightLowerLeg"] = CFrame.new(0.000000, 0.064139, -0.014481, 1.000000, 0.000000, 0.000000, -0.000000, 0.852768, 0.522286, 0.000000, -0.522291, 0.852770),

              ["RightUpperArm"] = CFrame.new(-0.242054, -0.088742, 0.056281, 0.963189, -0.268786, 0.004543, 0.250220, 0.902579, 0.350344, -0.098268, -0.336311, 0.936610),

              ["RightUpperLeg"] = CFrame.new(0.000000, 0.000000, -0.000000, 0.937953, -0.334974, -0.089646, 0.125491, 0.568888, -0.812775, 0.323258, 0.751105, 0.575639),

              ["UpperTorso"] = CFrame.new(0.001551, 0.082891, -0.100557, 0.999887, -0.007506, -0.013028, -0.000474, 0.850312, -0.526278, 0.015028, 0.526225, 0.850213)

          }},

          {Time = 0.133, Data = {

              ["Head"] = CFrame.new(-0.000000, -0.000000, 0.000000, 0.990181, 0.135716, -0.033504, -0.136096, 0.990652, -0.009330, 0.031924, 0.013798, 0.999395),

              ["LeftFoot"] = CFrame.new(-0.000000, 0.013206, -0.000002, 0.950836, -0.236904, -0.199479, 0.220156, 0.970049, -0.102658, 0.217810, 0.053688, 0.974510),

              ["LeftHand"] = CFrame.new(0.000500, 0.000100, 0.000000, 0.940663, 0.339306, 0.005147, -0.229372, 0.646927, -0.727241, -0.250085, 0.682904, 0.686364),

              ["LeftLowerArm"] = CFrame.new(-0.000500, 0.093300, 0.064012, 1.000000, -0.000000, -0.000000, 0.000000, 0.358946, -0.933358, 0.000000, 0.933358, 0.358946),

              ["LeftLowerLeg"] = CFrame.new(0.000000, 0.066512, -0.015512, 1.000000, -0.000000, 0.000000, 0.000000, 0.841225, 0.540682, -0.000000, -0.540685, 0.841227),

              ["LeftUpperArm"] = CFrame.new(-0.358060, -0.445004, -0.178393, 0.283880, 0.614517, -0.736058, -0.890009, -0.116764, -0.440739, -0.356787, 0.780215, 0.513778),

              ["LeftUpperLeg"] = CFrame.new(-0.000000, -0.000000, -0.000100, 0.955809, 0.289079, 0.053512, -0.093343, 0.470989, -0.877180, -0.278778, 0.833428, 0.477172),

              ["LowerTorso"] = CFrame.new(-0.019519, -0.235456, 0.244479, 0.999834, -0.002369, 0.018066, -0.007795, 0.840586, 0.541622, -0.016469, -0.541673, 0.840428),

              ["RightFoot"] = CFrame.new(-0.000000, 0.013501, -0.000102, 0.943300, 0.253922, 0.213809, -0.233984, 0.965495, -0.114336, -0.235449, 0.057819, 0.970161),

              ["RightHand"] = CFrame.new(-0.000500, 0.000000, -0.000000, 0.999886, -0.013767, -0.006146, 0.014564, 0.776604, 0.629824, -0.003898, -0.629839, 0.776713),

              ["RightLowerArm"] = CFrame.new(0.000000, 0.100055, 0.103023, 1.000000, 0.000000, 0.000000, -0.000000, -0.031226, -0.999512, -0.000000, 0.999512, -0.031227),

              ["RightLowerLeg"] = CFrame.new(0.000000, 0.066814, -0.015882, 1.000000, 0.000000, 0.000000, -0.000000, 0.838479, 0.544931, 0.000000, -0.544935, 0.838481),

              ["RightUpperArm"] = CFrame.new(-0.259470, -0.108003, 0.071296, 0.955104, -0.296270, -0.000789, 0.268552, 0.864617, 0.424638, -0.125125, -0.405785, 0.905363),

              ["RightUpperLeg"] = CFrame.new(0.000000, -0.000000, -0.000000, 0.937641, -0.338129, -0.080611, 0.095399, 0.473302, -0.875712, 0.334258, 0.813421, 0.476057),

              ["UpperTorso"] = CFrame.new(0.002178, 0.103522, -0.106946, 0.999834, -0.009175, -0.015742, -0.002369, 0.791145, -0.611625, 0.018066, 0.611560, 0.790992)

          }},

          {Time = 0.150, Data = {

              ["Head"] = CFrame.new(0.000000, -0.000000, 0.000000, 0.990181, 0.135716, -0.033504, -0.135625, 0.990748, 0.004974, 0.033869, -0.000382, 0.999426),

              ["LeftFoot"] = CFrame.new(-0.000000, 0.013553, -0.000002, 0.950874, -0.236816, -0.199405, 0.220891, 0.970264, -0.098980, 0.216901, 0.050065, 0.974905),

              ["LeftHand"] = CFrame.new(0.000500, 0.000100, 0.000000, 0.940663, 0.339306, 0.005147, -0.229372, 0.646927, -0.727241, -0.250085, 0.682904, 0.686363),

              ["LeftLowerArm"] = CFrame.new(-0.000500, 0.093300, 0.064012, 1.000000, -0.000000, -0.000000, -0.000000, 0.358946, -0.933358, 0.000000, 0.933358, 0.358946),

              ["LeftLowerLeg"] = CFrame.new(-0.000000, 0.068355, -0.016513, 1.000000, -0.000000, -0.000000, 0.000000, 0.831008, 0.556257, -0.000000, -0.556260, 0.831010),

              ["LeftUpperArm"] = CFrame.new(-0.358060, -0.445005, -0.178393, 0.283880, 0.614517, -0.736057, -0.890009, -0.116764, -0.440739, -0.356787, 0.780215, 0.513779),

              ["LeftUpperLeg"] = CFrame.new(-0.000000, -0.000000, -0.000100, 0.956611, 0.287863, 0.045056, -0.072632, 0.385333, -0.919909, -0.282170, 0.876729, 0.389536),

              ["LowerTorso"] = CFrame.new(-0.018619, -0.246682, 0.261030, 0.999774, -0.004621, 0.020761, -0.008862, 0.796849, 0.604113, -0.019335, -0.604160, 0.796628),

              ["RightFoot"] = CFrame.new(-0.000000, 0.013949, -0.000102, 0.943555, 0.253367, 0.213342, -0.233337, 0.965599, -0.114780, -0.235068, 0.058514, 0.970212),

              ["RightHand"] = CFrame.new(-0.000500, 0.000000, 0.000000, 0.999886, -0.013767, -0.006146, 0.014564, 0.776604, 0.629825, -0.003898, -0.629839, 0.776713),

              ["RightLowerArm"] = CFrame.new(0.000000, 0.099724, 0.108671, 1.000000, 0.000000, -0.000000, -0.000000, -0.087703, -0.996147, -0.000000, 0.996147, -0.087704),

              ["RightLowerLeg"] = CFrame.new(-0.000000, 0.069187, -0.017191, 1.000000, 0.000000, 0.000000, -0.000000, 0.825105, 0.564977, 0.000000, -0.564980, 0.825107),

              ["RightUpperArm"] = CFrame.new(-0.276263, -0.125713, 0.086664, 0.946537, -0.322490, -0.008237, 0.284141, 0.821345, 0.494628, -0.152747, -0.470525, 0.869066),

              ["RightUpperLeg"] = CFrame.new(0.000000, -0.000000, -0.000000, 0.936970, -0.341388, -0.074446, 0.068648, 0.388751, -0.918776, 0.342600, 0.855761, 0.387697),

              ["UpperTorso"] = CFrame.new(0.002804, 0.119497, -0.108424, 0.999774, -0.010766, -0.018343, -0.004621, 0.731889, -0.681408, 0.020761, 0.681339, 0.731674)

          }},

          {Time = 0.167, Data = {

              ["Head"] = CFrame.new(0.000000, 0.000000, -0.000000, 0.990181, 0.135716, -0.033504, -0.135046, 0.990606, 0.021521, 0.036110, -0.016785, 0.999207),

              ["LeftFoot"] = CFrame.new(0.000000, 0.013947, -0.000002, 0.950367, -0.238003, -0.200405, 0.220767, 0.969691, -0.104702, 0.219236, 0.055256, 0.974102),

              ["LeftHand"] = CFrame.new(0.000500, 0.000100, 0.000000, 0.940663, 0.339306, 0.005147, -0.229372, 0.646927, -0.727241, -0.250085, 0.682904, 0.686363),

              ["LeftLowerArm"] = CFrame.new(-0.000500, 0.093300, 0.064012, 1.000000, -0.000000, -0.000000, 0.000000, 0.358946, -0.933358, 0.000000, 0.933358, 0.358946),

              ["LeftLowerLeg"] = CFrame.new(0.000000, 0.070427, -0.017687, 1.000000, -0.000000, -0.000000, 0.000000, 0.819021, 0.573762, -0.000000, -0.573764, 0.819022),

              ["LeftUpperArm"] = CFrame.new(-0.358060, -0.445004, -0.178393, 0.283880, 0.614517, -0.736058, -0.890009, -0.116764, -0.440739, -0.356787, 0.780215, 0.513779),

              ["LeftUpperLeg"] = CFrame.new(-0.000000, 0.000000, -0.000100, 0.956810, 0.288092, 0.038964, -0.057257, 0.318134, -0.946310, -0.285020, 0.903213, 0.320903),

              ["LowerTorso"] = CFrame.new(-0.017696, -0.256733, 0.264292, 0.999711, -0.006928, 0.023031, -0.009702, 0.760056, 0.649786, -0.022007, -0.649821, 0.759769),

              ["RightFoot"] = CFrame.new(-0.000000, 0.014558, -0.000102, 0.943218, 0.254100, 0.213960, -0.231874, 0.964851, -0.123689, -0.237853, 0.067047, 0.968980),

              ["RightHand"] = CFrame.new(-0.000500, 0.000000, -0.000000, 0.999886, -0.013767, -0.006146, 0.014564, 0.776604, 0.629824, -0.003898, -0.629839, 0.776713),

              ["RightLowerArm"] = CFrame.new(0.000000, 0.099114, 0.114009, 1.000000, 0.000000, -0.000000, 0.000000, -0.141077, -0.989999, -0.000000, 0.989999, -0.141078),

              ["RightLowerLeg"] = CFrame.new(0.000000, 0.071730, -0.018586, 1.000000, 0.000000, 0.000000, -0.000000, 0.810811, 0.585306, 0.000000, -0.585308, 0.810812),

              ["RightUpperArm"] = CFrame.new(-0.291902, -0.141292, 0.101625, 0.937954, -0.346332, -0.017205, 0.296550, 0.775437, 0.557455, -0.179723, -0.527969, 0.830029),

              ["RightUpperLeg"] = CFrame.new(0.000000, 0.000000, -0.000000, 0.935770, -0.345378, -0.071061, 0.047565, 0.323308, -0.945092, 0.349389, 0.881014, 0.318984),

              ["UpperTorso"] = CFrame.new(0.003329, 0.127478, -0.106138, 0.999711, -0.012172, -0.020743, -0.006928, 0.680156, -0.733034, 0.023031, 0.732966, 0.679875)

          }},

          {Time = 0.183, Data = {

              ["Head"] = CFrame.new(0.000000, 0.000000, -0.000000, 0.990181, 0.135716, -0.033504, -0.134390, 0.990157, 0.039085, 0.038479, -0.034199, 0.998674),

              ["LeftFoot"] = CFrame.new(0.000000, 0.014709, -0.000002, 0.949168, -0.240787, -0.202749, 0.219437, 0.967938, -0.122255, 0.225670, 0.071542, 0.971569),

              ["LeftHand"] = CFrame.new(0.000500, 0.000100, -0.000000, 0.940663, 0.339306, 0.005147, -0.229372, 0.646927, -0.727241, -0.250085, 0.682904, 0.686364),

              ["LeftLowerArm"] = CFrame.new(-0.000500, 0.093300, 0.064012, 1.000000, -0.000000, -0.000000, 0.000000, 0.358946, -0.933358, 0.000000, 0.933358, 0.358946),

              ["LeftLowerLeg"] = CFrame.new(-0.000000, 0.073206, -0.019182, 1.000000, -0.000000, -0.000000, 0.000000, 0.803648, 0.595104, -0.000000, -0.595105, 0.803649),

              ["LeftUpperArm"] = CFrame.new(-0.358060, -0.445004, -0.178393, 0.283880, 0.614517, -0.736057, -0.890009, -0.116764, -0.440739, -0.356787, 0.780215, 0.513778),

              ["LeftUpperLeg"] = CFrame.new(-0.000000, 0.000000, -0.000100, 0.956242, 0.290442, 0.035269, -0.048729, 0.276948, -0.959644, -0.288489, 0.915938, 0.278997),

              ["LowerTorso"] = CFrame.new(-0.016890, -0.266608, 0.252153, 0.999650, -0.008944, 0.024879, -0.010241, 0.736565, 0.676289, -0.024374, -0.676307, 0.736216),

              ["RightFoot"] = CFrame.new(0.000000, 0.015389, -0.000102, 0.942068, 0.256585, 0.216052, -0.229239, 0.962697, -0.143758, -0.244863, 0.085893, 0.965741),

              ["RightHand"] = CFrame.new(-0.000500, 0.000000, -0.000000, 0.999886, -0.013767, -0.006146, 0.014564, 0.776604, 0.629825, -0.003898, -0.629839, 0.776713),

              ["RightLowerArm"] = CFrame.new(-0.000000, 0.098315, 0.118813, 1.000000, 0.000000, -0.000000, -0.000000, -0.189108, -0.981956, -0.000000, 0.981956, -0.189109),

              ["RightLowerLeg"] = CFrame.new(0.000000, 0.074735, -0.020254, 1.000000, 0.000000, 0.000000, -0.000000, 0.793649, 0.608375, 0.000000, -0.608376, 0.793650),

              ["RightUpperArm"] = CFrame.new(-0.305877, -0.154373, 0.115397, 0.929866, -0.366920, -0.026824, 0.305757, 0.730196, 0.611004, -0.204603, -0.576353, 0.791173),

              ["RightUpperLeg"] = CFrame.new(0.000000, 0.000000, -0.000000, 0.933843, -0.350693, -0.070376, 0.034454, 0.284017, -0.958196, 0.356020, 0.892384, 0.277324),

              ["UpperTorso"] = CFrame.new(0.003635, 0.124464, -0.101294, 0.999650, -0.013280, -0.022861, -0.008944, 0.643831, -0.765115, 0.024879, 0.765052, 0.643487)

          }},

          {Time = 0.200, Data = {

              ["Head"] = CFrame.new(0.000000, 0.000000, -0.000000, 0.990181, 0.135716, -0.033504, -0.133701, 0.989413, 0.056443, 0.040809, -0.051410, 0.997844),

              ["LeftFoot"] = CFrame.new(0.000000, 0.015718, -0.000002, 0.947106, -0.245493, -0.206712, 0.216330, 0.964124, -0.153848, 0.237049, 0.100982, 0.966230),

              ["LeftHand"] = CFrame.new(0.000500, 0.000100, -0.000000, 0.940663, 0.339306, 0.005147, -0.229372, 0.646927, -0.727241, -0.250085, 0.682904, 0.686363),

              ["LeftLowerArm"] = CFrame.new(-0.000500, 0.093300, 0.064012, 1.000000, -0.000000, -0.000000, 0.000000, 0.358946, -0.933358, 0.000000, 0.933358, 0.358946),

              ["LeftLowerLeg"] = CFrame.new(0.000000, 0.076761, -0.021201, 1.000000, -0.000000, -0.000000, 0.000000, 0.782860, 0.622197, -0.000000, -0.622198, 0.782861),

              ["LeftUpperArm"] = CFrame.new(-0.358060, -0.445004, -0.178393, 0.283880, 0.614517, -0.736057, -0.890009, -0.116764, -0.440739, -0.356787, 0.780215, 0.513778),

              ["LeftUpperLeg"] = CFrame.new(-0.000000, 0.000000, -0.000100, 0.954720, 0.295562, 0.033952, -0.048707, 0.267850, -0.962224, -0.293491, 0.917006, 0.270133),

              ["LowerTorso"] = CFrame.new(-0.016341, -0.277267, 0.223130, 0.999599, -0.010316, 0.026359, -0.010405, 0.732103, 0.681114, -0.026324, -0.681116, 0.731703),

              ["RightFoot"] = CFrame.new(-0.000000, 0.016498, -0.000102, 0.939854, 0.261294, 0.220017, -0.225101, 0.958228, -0.176447, -0.256914, 0.116298, 0.959406),

              ["RightHand"] = CFrame.new(-0.000500, 0.000000, -0.000000, 0.999886, -0.013767, -0.006146, 0.014564, 0.776604, 0.629824, -0.003898, -0.629839, 0.776713),

              ["RightLowerArm"] = CFrame.new(-0.000000, 0.097448, 0.122874, 1.000000, 0.000000, -0.000000, -0.000000, -0.229708, -0.973259, -0.000000, 0.973260, -0.229710),

              ["RightLowerLeg"] = CFrame.new(0.000000, 0.078321, -0.022297, 1.000000, 0.000000, 0.000000, -0.000000, 0.772570, 0.634930, 0.000000, -0.634929, 0.772570),

              ["RightUpperArm"] = CFrame.new(-0.317683, -0.164750, 0.127231, 0.922785, -0.383623, -0.036061, 0.312073, 0.689207, 0.653914, -0.226003, -0.614676, 0.755709),

              ["RightUpperLeg"] = CFrame.new(0.000000, -0.000000, -0.000000, 0.930964, -0.357818, -0.072614, 0.031747, 0.277443, -0.960213, 0.363727, 0.891623, 0.269664),

              ["UpperTorso"] = CFrame.new(0.003613, 0.108630, -0.094510, 0.999599, -0.013968, -0.024620, -0.010316, 0.630193, -0.776370, 0.026359, 0.776313, 0.629797)

          }},

          {Time = 0.217, Data = {

              ["Head"] = CFrame.new(0.000000, 0.000000, -0.000000, 0.990181, 0.135716, -0.033504, -0.133032, 0.988466, 0.072374, 0.042940, -0.067207, 0.996815),

              ["LeftFoot"] = CFrame.new(0.000000, 0.017166, -0.000002, 0.944017, -0.252361, -0.212494, 0.211141, 0.957063, -0.198632, 0.253480, 0.142633, 0.956761),

              ["LeftHand"] = CFrame.new(0.000500, 0.000101, 0.000000, 0.940663, 0.339306, 0.005147, -0.229372, 0.646927, -0.727241, -0.250085, 0.682904, 0.686363),

              ["LeftLowerArm"] = CFrame.new(-0.000501, 0.093300, 0.064012, 1.000000, -0.000000, -0.000000, -0.000000, 0.358946, -0.933358, 0.000000, 0.933358, 0.358946),

              ["LeftLowerLeg"] = CFrame.new(0.000000, 0.081135, -0.023735, 1.000000, -0.000000, -0.000000, 0.000000, 0.756646, 0.653826, -0.000000, -0.653824, 0.756645),

              ["LeftUpperArm"] = CFrame.new(-0.358060, -0.445004, -0.178393, 0.283880, 0.614517, -0.736057, -0.890009, -0.116764, -0.440739, -0.356787, 0.780215, 0.513778),

              ["LeftUpperLeg"] = CFrame.new(-0.000000, -0.000000, -0.000100, 0.952052, 0.303895, 0.035282, -0.059271, 0.296338, -0.953237, -0.300140, 0.905446, 0.300156),

              ["LowerTorso"] = CFrame.new(-0.016175, -0.289903, 0.177970, 0.999564, -0.010731, 0.027516, -0.010120, 0.750806, 0.660445, -0.027746, -0.660435, 0.750370),

              ["RightFoot"] = CFrame.new(0.000000, 0.017861, -0.000102, 0.936332, 0.268591, 0.226160, -0.219187, 0.950295, -0.221140, -0.274297, 0.157475, 0.948656),

              ["RightHand"] = CFrame.new(-0.000500, 0.000000, -0.000000, 0.999886, -0.013767, -0.006146, 0.014564, 0.776604, 0.629824, -0.003898, -0.629839, 0.776713),

              ["RightLowerArm"] = CFrame.new(0.000000, 0.096662, 0.125998, 1.000000, 0.000000, -0.000000, -0.000000, -0.260948, -0.965353, -0.000000, 0.965353, -0.260949),

              ["RightLowerLeg"] = CFrame.new(0.000000, 0.082410, -0.024736, 1.000000, 0.000000, 0.000000, -0.000000, 0.747315, 0.664471, 0.000000, -0.664469, 0.747314),

              ["RightUpperArm"] = CFrame.new(-0.326797, -0.172320, 0.136439, 0.917199, -0.396010, -0.043840, 0.316010, 0.656033, 0.685389, -0.242660, -0.642492, 0.726856),

              ["RightUpperLeg"] = CFrame.new(0.000000, -0.000000, -0.000000, 0.926928, -0.367070, -0.077876, 0.042253, 0.308301, -0.950345, 0.372852, 0.877616, 0.301298),

              ["UpperTorso"] = CFrame.new(0.003237, 0.081402, -0.085834, 0.999564, -0.014107, -0.025947, -0.010731, 0.645024, -0.764087, 0.027516, 0.764032, 0.644591)

          }},

          {Time = 0.233, Data = {

              ["Head"] = CFrame.new(0.000000, 0.000000, 0.000000, 0.990181, 0.135716, -0.033504, -0.132447, 0.987481, 0.085667, 0.044711, -0.080388, 0.995760),

              ["LeftFoot"] = CFrame.new(0.000000, 0.018740, -0.000002, 0.939669, -0.261683, -0.220343, 0.203318, 0.945198, -0.255482, 0.275105, 0.195253, 0.941370),

              ["LeftHand"] = CFrame.new(0.000500, 0.000100, -0.000000, 0.940663, 0.339306, 0.005147, -0.229372, 0.646926, -0.727241, -0.250085, 0.682904, 0.686363),

              ["LeftLowerArm"] = CFrame.new(-0.000500, 0.093300, 0.064012, 1.000000, -0.000000, -0.000000, 0.000000, 0.358946, -0.933358, 0.000000, 0.933358, 0.358946),

              ["LeftLowerLeg"] = CFrame.new(0.000000, 0.085839, -0.026713, 1.000000, -0.000000, -0.000000, 0.000000, 0.725792, 0.687916, -0.000000, -0.687914, 0.725790),

              ["LeftUpperArm"] = CFrame.new(-0.358060, -0.445004, -0.178393, 0.283880, 0.614517, -0.736057, -0.890009, -0.116764, -0.440739, -0.356787, 0.780215, 0.513778),

              ["LeftUpperLeg"] = CFrame.new(-0.000000, 0.000000, -0.000100, 0.947966, 0.315847, 0.040015, -0.083155, 0.366941, -0.926514, -0.307320, 0.874983, 0.374127),

              ["LowerTorso"] = CFrame.new(-0.016485, -0.304762, 0.117111, 0.999550, -0.009956, 0.028310, -0.009311, 0.793913, 0.607961, -0.028528, -0.607950, 0.793462),

              ["RightFoot"] = CFrame.new(0.000000, 0.019259, -0.000102, 0.931183, 0.278871, 0.234816, -0.211117, 0.937596, -0.276320, -0.297201, 0.207714, 0.931938),

              ["RightHand"] = CFrame.new(-0.000500, 0.000001, -0.000000, 0.999886, -0.013767, -0.006146, 0.014564, 0.776604, 0.629825, -0.003898, -0.629839, 0.776713),

              ["RightLowerArm"] = CFrame.new(-0.000000, 0.096098, 0.128006, 1.000000, 0.000000, -0.000000, -0.000000, -0.281013, -0.959704, -0.000000, 0.959704, -0.281014),

              ["RightLowerLeg"] = CFrame.new(-0.000000, 0.086579, -0.027440, 1.000000, 0.000000, 0.000000, -0.000000, 0.719282, 0.694721, 0.000000, -0.694719, 0.719279),

              ["RightUpperArm"] = CFrame.new(-0.332678, -0.176995, 0.142395, 0.913551, -0.403744, -0.049140, 0.318112, 0.634001, 0.704874, -0.253434, -0.659570, 0.707628),

              ["RightUpperLeg"] = CFrame.new(0.000000, 0.000000, -0.000000, 0.921465, -0.378593, -0.087010, 0.069377, 0.380752, -0.922064, 0.382216, 0.843620, 0.377131),

              ["UpperTorso"] = CFrame.new(0.002533, 0.045785, -0.073336, 0.999550, -0.013572, -0.026765, -0.009956, 0.691388, -0.722415, 0.028310, 0.722356, 0.690942)

          }},

          {Time = 0.250, Data = {

              ["Head"] = CFrame.new(0.000000, 0.000000, 0.000000, 0.990181, 0.135716, -0.033504, -0.132016, 0.986673, 0.095118, 0.045966, -0.089761, 0.994902),

              ["LeftFoot"] = CFrame.new(-0.000000, 0.020209, -0.000002, 0.933745, -0.273812, -0.230555, 0.192513, 0.927157, -0.321451, 0.301759, 0.255749, 0.918430),

              ["LeftHand"] = CFrame.new(0.000500, 0.000100, -0.000000, 0.940663, 0.339306, 0.005147, -0.229372, 0.646927, -0.727241, -0.250085, 0.682904, 0.686364),

              ["LeftLowerArm"] = CFrame.new(-0.000500, 0.093300, 0.064012, 1.000000, -0.000000, -0.000000, 0.000000, 0.358946, -0.933358, 0.000000, 0.933358, 0.358946),

              ["LeftLowerLeg"] = CFrame.new(0.000000, 0.090093, -0.029628, 1.000000, -0.000000, -0.000000, 0.000000, 0.695514, 0.718517, -0.000000, -0.718513, 0.695510),

              ["LeftUpperArm"] = CFrame.new(-0.358060, -0.445004, -0.178393, 0.283880, 0.614517, -0.736057, -0.890009, -0.116764, -0.440739, -0.356787, 0.780215, 0.513778),

