return {
	["Sharp 11"] = {
		{Time = 0.000, Data = {
			["HumanoidRootPart"] = CFrame.new(0.000000, 0.000000, 0.000000, 1.000000, 0.000000, 0.000000, 0.000000, 1.000000, 0.000000, 0.000000, 0.000000, 1.000000),
			["LowerTorso"] = CFrame.new(-0.028656, -0.241303, 0.806035, 0.999816, -0.009943, -0.016413, 0.019007, 0.630917, 0.775618, 0.002644, -0.775787, 0.630989),
			["UpperTorso"] = CFrame.new(0.009521, 0.281888, -0.232531, 0.999491, 0.023116, -0.022002, -0.031646, 0.629017, -0.776747, -0.004116, 0.777047, 0.629428),
			["LeftUpperArm"] = CFrame.new(0.000035, 0.000171, -0.000068, 0.929675, 0.363364, -0.060593, -0.342185, 0.912720, 0.223276, 0.136435, -0.186840, 0.972870),
			["LeftLowerArm"] = CFrame.new(0.000000, -0.000000, 0.000000, 1.000000, -0.000000, 0.000000, 0.000000, 0.713901, -0.700246, 0.000000, 0.700246, 0.713902),
			["LeftHand"] = CFrame.new(0.000012, 0.000025, -0.000008, 0.995815, 0.076905, 0.049372, -0.077845, 0.996814, 0.017393, -0.047877, -0.021163, 0.998629),
			["RightUpperArm"] = CFrame.new(-0.000758, 0.000102, -0.029561, 0.937592, -0.327959, -0.115608, 0.345221, 0.837921, 0.422743, -0.041772, -0.436270, 0.898846),
			["RightLowerArm"] = CFrame.new(-0.000500, 0.000100, 0.000000, 1.000000, -0.000000, 0.000000, 0.000000, 0.610773, -0.791806, 0.000000, 0.791806, 0.610773),
			["RightHand"] = CFrame.new(-0.000011, -0.000081, -0.000007, 0.999629, 0.025685, 0.009112, -0.025290, 0.998832, -0.041165, -0.010159, 0.040919, 0.999111),
			["Head"] = CFrame.new(0.000000, -0.000000, 0.000000, 0.998647, 0.002794, 0.051935, -0.002133, 0.999916, -0.012785, -0.051967, 0.012657, 0.998569),
			["LeftUpperLeg"] = CFrame.new(-0.000000, -0.000000, 0.000000, 0.966560, 0.252671, -0.043804, -0.065872, 0.079546, -0.994652, -0.247835, 0.964277, 0.093530),
			["LeftLowerLeg"] = CFrame.new(0.000000, -0.000000, 0.000000, 1.000000, 0.000000, -0.000000, 0.000000, 0.950844, 0.309671, 0.000000, -0.309671, 0.950844),
			["LeftFoot"] = CFrame.new(-0.000000, 0.000164, -0.000000, 0.970451, -0.216976, -0.105576, 0.237462, 0.936468, 0.258148, 0.042856, -0.275590, 0.960319),
			["RightUpperLeg"] = CFrame.new(0.000000, 0.000000, 0.000100, 0.978908, -0.199872, 0.042321, 0.064501, 0.105796, -0.992294, 0.193855, 0.974094, 0.116456),
			["RightLowerLeg"] = CFrame.new(-0.000000, -0.000200, -0.000100, 1.000000, -0.000000, 0.000000, 0.000000, 0.967601, 0.252484, -0.000000, -0.252485, 0.967601),
			["RightFoot"] = CFrame.new(-0.000000, 0.000369, -0.000100, 0.974698, 0.211747, 0.071602, -0.223511, 0.926888, 0.301533, -0.002518, -0.309907, 0.950763),
		}},
		{Time = 0.042, Data = {
			["HumanoidRootPart"] = CFrame.new(0.000000, 0.000000, 0.000000, 1.000000, 0.000000, 0.000000, 0.000000, 1.000000, 0.000000, 0.000000, 0.000000, 1.000000),
			["LowerTorso"] = CFrame.new(-0.046881, -0.282234, 0.769271, 0.999058, 0.030698, 0.030665, -0.043346, 0.673929, 0.737523, 0.001975, -0.738158, 0.674625),
			["UpperTorso"] = CFrame.new(0.010884, 0.268491, -0.215684, 0.998976, -0.039241, -0.022509, 0.009729, 0.672286, -0.740227, 0.044180, 0.739250, 0.671980),
			["LeftUpperArm"] = CFrame.new(0.000035, 0.000171, -0.000068, 0.929675, 0.363364, -0.060593, -0.342185, 0.912720, 0.223276, 0.136435, -0.186840, 0.972870),
			["LeftLowerArm"] = CFrame.new(0.000000, -0.000000, 0.000000, 1.000000, -0.000000, 0.000000, 0.000000, 0.713901, -0.700246, 0.000000, 0.700246, 0.713902),
			["LeftHand"] = CFrame.new(0.000012, 0.000025, -0.000008, 0.995815, 0.076905, 0.049372, -0.077845, 0.996814, 0.017393, -0.047877, -0.021163, 0.998629),
			["RightUpperArm"] = CFrame.new(-0.000758, 0.000102, -0.029561, 0.937592, -0.327959, -0.115608, 0.345221, 0.837921, 0.422743, -0.041772, -0.436270, 0.898846),
			["RightLowerArm"] = CFrame.new(-0.000500, 0.000100, 0.000000, 1.000000, -0.000000, 0.000000, 0.000000, 0.610773, -0.791806, 0.000000, 0.791806, 0.610773),
			["RightHand"] = CFrame.new(-0.000011, -0.000081, -0.000007, 0.999629, 0.025685, 0.009112, -0.025290, 0.998832, -0.041165, -0.010159, 0.040919, 0.999111),
			["Head"] = CFrame.new(0.000000, -0.000000, 0.000000, 0.998647, 0.002794, 0.051935, -0.002133, 0.999916, -0.012785, -0.051967, 0.012657, 0.998569),
			["LeftUpperLeg"] = CFrame.new(-0.000000, -0.000000, 0.000000, 0.981031, 0.189928, -0.038810, -0.057394, 0.093347, -0.993978, -0.185162, 0.977350, 0.102477),
			["LeftLowerLeg"] = CFrame.new(-0.000000, 0.000000, -0.000000, 1.000000, 0.000000, -0.000000, 0.000000, 0.901170, 0.433466, 0.000000, -0.433466, 0.901170),
			["LeftFoot"] = CFrame.new(0.000000, 0.000184, 0.000000, 0.972097, -0.219228, -0.083460, 0.231052, 0.956291, 0.179231, 0.040519, -0.193513, 0.980261),
			["RightUpperLeg"] = CFrame.new(0.000000, -0.000000, 0.000100, 0.959373, -0.256794, 0.116878, 0.115496, -0.020509, -0.993096, 0.257418, 0.966249, 0.009982),
			["RightLowerLeg"] = CFrame.new(0.000000, -0.000200, -0.000100, 1.000000, -0.000000, 0.000000, 0.000000, 0.830217, 0.557441, -0.000000, -0.557441, 0.830217),
			["RightFoot"] = CFrame.new(-0.000000, 0.000349, -0.000100, 0.969717, 0.228199, 0.087031, -0.238726, 0.960870, 0.140495, -0.051565, -0.157017, 0.986249),
		}},
		{Time = 0.083, Data = {
			["HumanoidRootPart"] = CFrame.new(0.000000, 0.000000, 0.000000, 1.000000, 0.000000, 0.000000, 0.000000, 1.000000, 0.000000, 0.000000, 0.000000, 1.000000),
			["LowerTorso"] = CFrame.new(-0.099176, -0.374605, 0.665552, 0.981605, 0.150055, 0.118051, -0.190910, 0.763656, 0.616753, 0.002396, -0.627944, 0.778255),
			["UpperTorso"] = CFrame.new(0.001192, 0.240394, -0.171008, 0.982153, -0.186874, -0.021321, 0.131385, 0.762764, -0.633189, 0.134590, 0.619087, 0.773703),
			["LeftUpperArm"] = CFrame.new(0.000035, 0.000171, -0.000068, 0.929675, 0.363364, -0.060593, -0.342185, 0.912720, 0.223276, 0.136435, -0.186840, 0.972870),
			["LeftLowerArm"] = CFrame.new(0.000000, -0.000000, 0.000000, 1.000000, -0.000000, 0.000000, 0.000000, 0.713901, -0.700246, 0.000000, 0.700246, 0.713902),
			["LeftHand"] = CFrame.new(0.000012, 0.000025, -0.000008, 0.995815, 0.076905, 0.049372, -0.077845, 0.996814, 0.017393, -0.047877, -0.021163, 0.998629),
			["RightUpperArm"] = CFrame.new(-0.000758, 0.000102, -0.029561, 0.937592, -0.327959, -0.115608, 0.345221, 0.837921, 0.422743, -0.041772, -0.436270, 0.898846),
			["RightLowerArm"] = CFrame.new(-0.000500, 0.000100, 0.000000, 1.000000, -0.000000, 0.000000, 0.000000, 0.610773, -0.791806, 0.000000, 0.791806, 0.610773),
			["RightHand"] = CFrame.new(-0.000011, -0.000081, -0.000007, 0.999629, 0.025685, 0.009112, -0.025290, 0.998832, -0.041165, -0.010159, 0.040919, 0.999111),
			["Head"] = CFrame.new(0.000000, -0.000000, 0.000000, 0.998647, 0.002794, 0.051935, -0.002133, 0.999916, -0.012785, -0.051967, 0.012657, 0.998569),
			["LeftUpperLeg"] = CFrame.new(0.000000, -0.000000, -0.000000, 0.999211, 0.039592, 0.003144, -0.004548, 0.192703, -0.981247, -0.039455, 0.980458, 0.192731),
			["LeftLowerLeg"] = CFrame.new(0.000000, -0.000000, 0.000000, 1.000000, 0.000000, -0.000000, -0.000000, 0.780097, 0.625659, 0.000001, -0.625659, 0.780097),
			["LeftFoot"] = CFrame.new(0.000000, 0.000151, 0.000000, 0.975137, -0.219786, -0.028312, 0.220295, 0.975297, 0.016298, 0.024031, -0.022130, 0.999466),
			["RightUpperLeg"] = CFrame.new(0.000000, 0.000000, 0.000100, 0.879230, -0.377259, 0.290913, 0.267506, -0.114327, -0.956749, 0.394202, 0.919024, 0.000399),
			["RightLowerLeg"] = CFrame.new(0.000000, -0.000200, -0.000100, 1.000000, -0.000001, 0.000000, 0.000000, 0.533459, 0.845826, -0.000001, -0.845826, 0.533459),
			["RightFoot"] = CFrame.new(-0.000000, 0.000288, -0.000099, 0.949588, 0.281664, 0.137651, -0.271225, 0.958312, -0.089860, -0.157223, 0.047995, 0.986396),
		}},
		{Time = 0.125, Data = {
			["HumanoidRootPart"] = CFrame.new(0.000000, 0.000000, 0.000000, 1.000000, 0.000000, 0.000000, 0.000000, 1.000000, 0.000000, 0.000000, 0.000000, 1.000000),
			["LowerTorso"] = CFrame.new(-0.174483, -0.469232, 0.504571, 0.932465, 0.325552, 0.156606, -0.361201, 0.832247, 0.420593, 0.006590, -0.448754, 0.893631),
			["UpperTorso"] = CFrame.new(-0.033017, 0.215338, -0.109534, 0.933840, -0.357354, -0.015531, 0.310950, 0.832503, -0.458529, 0.176787, 0.423363, 0.888544),
			["LeftUpperArm"] = CFrame.new(0.000035, 0.000171, -0.000068, 0.929675, 0.363364, -0.060593, -0.342185, 0.912720, 0.223276, 0.136435, -0.186840, 0.972870),
			["LeftLowerArm"] = CFrame.new(0.000000, -0.000000, 0.000000, 1.000000, -0.000000, 0.000000, 0.000000, 0.713901, -0.700246, 0.000000, 0.700246, 0.713902),
			["LeftHand"] = CFrame.new(0.000012, 0.000025, -0.000008, 0.995815, 0.076905, 0.049372, -0.077845, 0.996814, 0.017393, -0.047877, -0.021163, 0.998629),
			["RightUpperArm"] = CFrame.new(-0.000758, 0.000102, -0.029561, 0.937592, -0.327959, -0.115608, 0.345221, 0.837921, 0.422743, -0.041772, -0.436270, 0.898846),
			["RightLowerArm"] = CFrame.new(-0.000500, 0.000100, 0.000000, 1.000000, -0.000000, 0.000000, 0.000000, 0.610773, -0.791806, 0.000000, 0.791806, 0.610773),
			["RightHand"] = CFrame.new(-0.000011, -0.000081, -0.000007, 0.999629, 0.025685, 0.009112, -0.025290, 0.998832, -0.041165, -0.010159, 0.040919, 0.999111),
			["Head"] = CFrame.new(0.000000, -0.000000, 0.000000, 0.998647, 0.002794, 0.051935, -0.002133, 0.999916, -0.012785, -0.051967, 0.012657, 0.998569),
			["LeftUpperLeg"] = CFrame.new(-0.000000, 0.000000, 0.000000, 0.986482, -0.145551, 0.075290, 0.127596, 0.393947, -0.910234, 0.102825, 0.907535, 0.407193),
			["LeftLowerLeg"] = CFrame.new(-0.000000, 0.000000, -0.000000, 1.000000, 0.000000, -0.000000, -0.000000, 0.664127, 0.747620, 0.000001, -0.747620, 0.664127),
			["LeftFoot"] = CFrame.new(0.000000, 0.000095, 0.000000, 0.977425, -0.207800, 0.038211, 0.211261, 0.963841, -0.162416, -0.003079, 0.166822, 0.985982),
			["RightUpperLeg"] = CFrame.new(0.000000, -0.000000, 0.000100, 0.704824, -0.505221, 0.497971, 0.499134, -0.145611, -0.854203, 0.504071, 0.850617, 0.149543),
			["RightLowerLeg"] = CFrame.new(-0.000000, -0.000200, -0.000100, 1.000000, -0.000001, 0.000000, 0.000000, 0.227685, 0.973735, -0.000001, -0.973735, 0.227686),
			["RightFoot"] = CFrame.new(-0.000000, 0.000319, -0.000093, 0.898603, 0.374933, 0.227900, -0.294742, 0.900594, -0.319464, -0.325023, 0.219899, 0.919785),
		}},
		{Time = 0.167, Data = {
			["HumanoidRootPart"] = CFrame.new(0.000000, 0.000000, 0.000000, 1.000000, 0.000000, 0.000000, 0.000000, 1.000000, 0.000000, 0.000000, 0.000000, 1.000000),
			["LowerTorso"] = CFrame.new(-0.242169, -0.530613, 0.302233, 0.868653, 0.485684, 0.097735, -0.495247, 0.846069, 0.197223, 0.013097, -0.219721, 0.975475),
			["UpperTorso"] = CFrame.new(-0.078200, 0.200982, -0.039801, 0.870766, -0.491646, -0.007149, 0.476608, 0.847529, -0.233538, 0.120877, 0.199949, 0.972322),
			["LeftUpperArm"] = CFrame.new(0.000035, 0.000171, -0.000068, 0.929675, 0.363364, -0.060593, -0.342185, 0.912720, 0.223276, 0.136435, -0.186840, 0.972870),
			["LeftLowerArm"] = CFrame.new(0.000000, -0.000000, 0.000000, 1.000000, -0.000000, 0.000000, 0.000000, 0.713901, -0.700246, 0.000000, 0.700246, 0.713902),
			["LeftHand"] = CFrame.new(0.000012, 0.000025, -0.000008, 0.995815, 0.076905, 0.049372, -0.077845, 0.996814, 0.017393, -0.047877, -0.021163, 0.998629),
			["RightUpperArm"] = CFrame.new(-0.000758, 0.000102, -0.029561, 0.937592, -0.327959, -0.115608, 0.345221, 0.837921, 0.422743, -0.041772, -0.436270, 0.898846),
			["RightLowerArm"] = CFrame.new(-0.000500, 0.000100, 0.000000, 1.000000, -0.000000, 0.000000, 0.000000, 0.610773, -0.791806, 0.000000, 0.791806, 0.610773),
			["RightHand"] = CFrame.new(-0.000011, -0.000081, -0.000007, 0.999629, 0.025685, 0.009112, -0.025290, 0.998832, -0.041165, -0.010159, 0.040919, 0.999111),
			["Head"] = CFrame.new(0.000000, -0.000000, 0.000000, 0.998647, 0.002794, 0.051935, -0.002133, 0.999916, -0.012785, -0.051967, 0.012657, 0.998569),
			["LeftUpperLeg"] = CFrame.new(-0.000000, -0.000000, 0.000000, 0.942038, -0.312494, 0.122112, 0.300213, 0.622639, -0.722629, 0.149786, 0.717404, 0.680364),
			["LeftLowerLeg"] = CFrame.new(-0.000000, 0.000000, 0.000000, 1.000000, 0.000000, -0.000000, -0.000000, 0.597618, 0.801781, 0.000001, -0.801781, 0.597617),
			["LeftFoot"] = CFrame.new(0.000000, 0.000097, 0.000001, 0.978905, -0.183690, 0.089455, 0.203181, 0.921260, -0.331660, -0.021489, 0.342839, 0.939148),
			["RightUpperLeg"] = CFrame.new(0.000000, -0.000000, 0.000100, 0.470848, -0.625990, 0.621641, 0.724795, -0.127242, -0.677112, 0.502965, 0.769380, 0.393803),
			["RightLowerLeg"] = CFrame.new(-0.000000, -0.000200, -0.000100, 1.000000, -0.000001, -0.000000, 0.000000, 0.038511, 0.999258, -0.000001, -0.999258, 0.038511),
			["RightFoot"] = CFrame.new(-0.000000, 0.000282, -0.000093, 0.810240, 0.481275, 0.334493, -0.273128, 0.815004, -0.511047, -0.518567, 0.322711, 0.791799),
		}},
		{Time = 0.208, Data = {
			["HumanoidRootPart"] = CFrame.new(0.000000, 0.000000, 0.000000, 1.000000, 0.000000, 0.000000, 0.000000, 1.000000, 0.000000, 0.000000, 0.000000, 1.000000),
			["LowerTorso"] = CFrame.new(-0.267236, -0.549149, 0.082729, 0.836099, 0.548033, -0.024469, -0.548327, 0.836234, -0.007041, 0.016603, 0.019304, 0.999676),
			["UpperTorso"] = CFrame.new(-0.100156, 0.201786, 0.037664, 0.838529, -0.544851, -0.002722, 0.544857, 0.838520, 0.003903, 0.000156, -0.004756, 0.999989),
			["LeftUpperArm"] = CFrame.new(0.000035, 0.000171, -0.000068, 0.929675, 0.363364, -0.060593, -0.342185, 0.912720, 0.223276, 0.136435, -0.186840, 0.972870),
			["LeftLowerArm"] = CFrame.new(0.000000, -0.000000, 0.000000, 1.000000, -0.000000, 0.000000, 0.000000, 0.713901, -0.700246, 0.000000, 0.700246, 0.713902),
			["LeftHand"] = CFrame.new(0.000012, 0.000025, -0.000008, 0.995815, 0.076905, 0.049372, -0.077845, 0.996814, 0.017393, -0.047877, -0.021163, 0.998629),
			["RightUpperArm"] = CFrame.new(-0.000758, 0.000102, -0.029561, 0.937592, -0.327959, -0.115608, 0.345221, 0.837921, 0.422743, -0.041772, -0.436270, 0.898846),
			["RightLowerArm"] = CFrame.new(-0.000500, 0.000100, 0.000000, 1.000000, -0.000000, 0.000000, 0.000000, 0.610773, -0.791806, 0.000000, 0.791806, 0.610773),
			["RightHand"] = CFrame.new(-0.000011, -0.000081, -0.000007, 0.999629, 0.025685, 0.009112, -0.025290, 0.998832, -0.041165, -0.010159, 0.040919, 0.999111),
			["Head"] = CFrame.new(0.000000, -0.000000, 0.000000, 0.998647, 0.002794, 0.051935, -0.002133, 0.999916, -0.012785, -0.051967, 0.012657, 0.998569),
			["LeftUpperLeg"] = CFrame.new(-0.000000, 0.000000, 0.000000, 0.910037, -0.403252, 0.096026, 0.403930, 0.810605, -0.423982, 0.093133, 0.424627, 0.900566),
			["LeftLowerLeg"] = CFrame.new(0.000000, 0.000000, 0.000000, 1.000000, 0.000000, -0.000000, -0.000000, 0.591378, 0.806395, 0.000000, -0.806395, 0.591378),
			["LeftFoot"] = CFrame.new(0.000000, 0.000096, 0.000001, 0.980237, -0.162461, 0.112876, 0.196708, 0.861013, -0.469001, -0.020994, 0.481936, 0.875955),
			["RightUpperLeg"] = CFrame.new(0.000000, 0.000000, 0.000100, 0.307887, -0.752019, 0.582814, 0.866578, -0.031211, -0.498065, 0.392744, 0.658402, 0.642074),
			["RightLowerLeg"] = CFrame.new(0.000000, -0.000200, -0.000100, 1.000000, -0.000001, -0.000000, 0.000000, -0.014350, 0.999897, -0.000001, -0.999897, -0.014350),
			["RightFoot"] = CFrame.new(-0.000001, 0.000315, -0.000088, 0.722872, 0.555017, 0.411598, -0.192646, 0.733932, -0.651331, -0.663584, 0.391536, 0.637460),
		}},
		{Time = 0.250, Data = {
			["HumanoidRootPart"] = CFrame.new(0.000000, 0.000000, 0.000000, 1.000000, 0.000000, 0.000000, 0.000000, 1.000000, 0.000000, 0.000000, 0.000000, 1.000000),
			["LowerTorso"] = CFrame.new(-0.243238, -0.524364, -0.127184, 0.856687, 0.499721, -0.127932, -0.515618, 0.836805, -0.184106, 0.015052, 0.223685, 0.974545),
			["UpperTorso"] = CFrame.new(-0.081554, 0.214214, 0.124526, 0.858936, -0.512060, -0.004854, 0.501586, 0.839380, 0.209409, -0.103156, -0.182304, 0.977816),
			["LeftUpperArm"] = CFrame.new(0.000035, 0.000171, -0.000068, 0.929675, 0.363364, -0.060593, -0.342185, 0.912720, 0.223276, 0.136435, -0.186840, 0.972870),
			["LeftLowerArm"] = CFrame.new(0.000000, -0.000000, 0.000000, 1.000000, -0.000000, 0.000000, 0.000000, 0.713901, -0.700246, 0.000000, 0.700246, 0.713902),
			["LeftHand"] = CFrame.new(0.000012, 0.000025, -0.000008, 0.995815, 0.076905, 0.049372, -0.077845, 0.996814, 0.017393, -0.047877, -0.021163, 0.998629),
			["RightUpperArm"] = CFrame.new(-0.000758, 0.000102, -0.029561, 0.937592, -0.327959, -0.115608, 0.345221, 0.837921, 0.422743, -0.041772, -0.436270, 0.898846),
			["RightLowerArm"] = CFrame.new(-0.000500, 0.000100, 0.000000, 1.000000, -0.000000, 0.000000, 0.000000, 0.610773, -0.791806, 0.000000, 0.791806, 0.610773),
			["RightHand"] = CFrame.new(-0.000011, -0.000081, -0.000007, 0.999629, 0.025685, 0.009112, -0.025290, 0.998832, -0.041165, -0.010159, 0.040919, 0.999111),
			["Head"] = CFrame.new(0.000000, -0.000000, 0.000000, 0.998647, 0.002794, 0.051935, -0.002133, 0.999916, -0.012785, -0.051967, 0.012657, 0.998569),
			["LeftUpperLeg"] = CFrame.new(-0.000000, 0.000000, -0.000000, 0.920874, -0.389704, 0.010996, 0.389297, 0.917665, -0.079623, 0.020939, 0.077603, 0.996764),
			["LeftLowerLeg"] = CFrame.new(-0.000000, 0.000000, -0.000000, 1.000000, 0.000000, -0.000000, -0.000000, 0.644615, 0.764508, 0.000001, -0.764508, 0.644615),
			["LeftFoot"] = CFrame.new(0.000001, 0.000098, 0.000000, 0.981062, -0.153472, 0.118171, 0.193430, 0.808172, -0.556277, -0.010130, 0.568599, 0.822552),
			["RightUpperLeg"] = CFrame.new(0.000000, 0.000000, 0.000100, 0.299281, -0.869107, 0.393807, 0.924969, 0.162944, -0.343340, 0.234231, 0.467014, 0.852663),
			["RightLowerLeg"] = CFrame.new(0.000000, -0.000200, -0.000100, 1.000000, -0.000001, -0.000000, 0.000000, 0.041410, 0.999142, -0.000001, -0.999142, 0.041410),
			["RightFoot"] = CFrame.new(-0.000001, 0.000280, -0.000093, 0.688826, 0.578481, 0.436896, -0.090276, 0.666436, -0.740076, -0.719284, 0.470343, 0.511281),
		}},
		{Time = 0.292, Data = {
			["HumanoidRootPart"] = CFrame.new(0.000000, 0.000000, 0.000000, 1.000000, 0.000000, 0.000000, 0.000000, 1.000000, 0.000000, 0.000000, 0.000000, 1.000000),
			["LowerTorso"] = CFrame.new(-0.191890, -0.467696, -0.310397, 0.904272, 0.390895, -0.171736, -0.426798, 0.838576, -0.338576, 0.011666, 0.379461, 0.925134),
			["UpperTorso"] = CFrame.new(-0.044663, 0.233137, 0.217268, 0.906053, -0.423054, -0.009613, 0.396617, 0.841077, 0.367811, -0.147519, -0.337069, 0.929851),
			["LeftUpperArm"] = CFrame.new(0.000035, 0.000171, -0.000068, 0.929675, 0.363364, -0.060593, -0.342185, 0.912720, 0.223276, 0.136435, -0.186840, 0.972870),
			["LeftLowerArm"] = CFrame.new(0.000000, -0.000000, 0.000000, 1.000000, -0.000000, 0.000000, 0.000000, 0.713901, -0.700246, 0.000000, 0.700246, 0.713902),
			["LeftHand"] = CFrame.new(0.000012, 0.000025, -0.000008, 0.995815, 0.076905, 0.049372, -0.077845, 0.996814, 0.017393, -0.047877, -0.021163, 0.998629),
			["RightUpperArm"] = CFrame.new(-0.000758, 0.000102, -0.029561, 0.937592, -0.327959, -0.115608, 0.345221, 0.837921, 0.422743, -0.041772, -0.436270, 0.898846),
			["RightLowerArm"] = CFrame.new(-0.000500, 0.000100, 0.000000, 1.000000, -0.000000, 0.000000, 0.000000, 0.610773, -0.791806, 0.000000, 0.791806, 0.610773),
			["RightHand"] = CFrame.new(-0.000011, -0.000081, -0.000007, 0.999629, 0.025685, 0.009112, -0.025290, 0.998832, -0.041165, -0.010159, 0.040919, 0.999111),
			["Head"] = CFrame.new(0.000000, -0.000000, 0.000000, 0.998647, 0.002794, 0.051935, -0.002133, 0.999916, -0.012785, -0.051967, 0.012657, 0.998569),
			["LeftUpperLeg"] = CFrame.new(-0.000000, -0.000000, 0.000000, 0.954290, -0.289447, -0.074507, 0.298851, 0.920406, 0.252074, -0.004385, -0.262818, 0.964835),
			["LeftLowerLeg"] = CFrame.new(0.000000, 0.000000, 0.000000, 1.000000, 0.000000, -0.000000, -0.000000, 0.739645, 0.672997, 0.000000, -0.672997, 0.739645),
			["LeftFoot"] = CFrame.new(0.000000, 0.000106, 0.000000, 0.980804, -0.155761, 0.117313, 0.194996, 0.781371, -0.592821, 0.000673, 0.604316, 0.796744),
			["RightUpperLeg"] = CFrame.new(-0.000000, -0.000000, 0.000100, 0.415189, -0.901253, 0.123937, 0.906569, 0.398529, -0.138953, 0.075839, 0.170049, 0.982513),
			["RightLowerLeg"] = CFrame.new(-0.000000, -0.000200, -0.000100, 1.000000, -0.000001, 0.000000, 0.000000, 0.201083, 0.979574, -0.000001, -0.979574, 0.201083),
			["RightFoot"] = CFrame.new(-0.000000, 0.000336, -0.000091, 0.716943, 0.559284, 0.416166, -0.033434, 0.623867, -0.780815, -0.696329, 0.545886, 0.465976),
		}},
		{Time = 0.333, Data = {
			["HumanoidRootPart"] = CFrame.new(0.000000, 0.000000, 0.000000, 1.000000, 0.000000, 0.000000, 0.000000, 1.000000, 0.000000, 0.000000, 0.000000, 1.000000),
			["LowerTorso"] = CFrame.new(-0.128702, -0.398033, -0.455722, 0.955082, 0.254322, -0.152114, -0.296215, 0.834303, -0.464967, 0.008658, 0.489140, 0.872162),
			["UpperTorso"] = CFrame.new(-0.013603, 0.253145, 0.305786, 0.956230, -0.292272, -0.014169, 0.262802, 0.836505, 0.480827, -0.128680, -0.463505, 0.876701),
			["LeftUpperArm"] = CFrame.new(0.000035, 0.000171, -0.000068, 0.929675, 0.363364, -0.060593, -0.342185, 0.912720, 0.223276, 0.136435, -0.186840, 0.972870),
			["LeftLowerArm"] = CFrame.new(0.000000, -0.000000, 0.000000, 1.000000, -0.000000, 0.000000, 0.000000, 0.713901, -0.700246, 0.000000, 0.700246, 0.713902),
			["LeftHand"] = CFrame.new(0.000012, 0.000025, -0.000008, 0.995815, 0.076905, 0.049372, -0.077845, 0.996814, 0.017393, -0.047877, -0.021163, 0.998629),
			["RightUpperArm"] = CFrame.new(-0.000758, 0.000102, -0.029561, 0.937592, -0.327959, -0.115608, 0.345221, 0.837921, 0.422743, -0.041772, -0.436270, 0.898846),
			["RightLowerArm"] = CFrame.new(-0.000500, 0.000100, 0.000000, 1.000000, -0.000000, 0.000000, 0.000000, 0.610773, -0.791806, 0.000000, 0.791806, 0.610773),
			["RightHand"] = CFrame.new(-0.000011, -0.000081, -0.000007, 0.999629, 0.025685, 0.009112, -0.025290, 0.998832, -0.041165, -0.010159, 0.040919, 0.999111),
			["Head"] = CFrame.new(0.000000, -0.000000, 0.000000, 0.998647, 0.002794, 0.051935, -0.002133, 0.999916, -0.012785, -0.051967, 0.012657, 0.998569),
			["LeftUpperLeg"] = CFrame.new(-0.000000, 0.000000, -0.000000, 0.985497, -0.122650, -0.117270, 0.166512, 0.832106, 0.529031, 0.032696, -0.540886, 0.840460),
			["LeftLowerLeg"] = CFrame.new(-0.000000, -0.000000, -0.000000, 1.000000, 0.000000, -0.000000, -0.000000, 0.843394, 0.537296, 0.000001, -0.537296, 0.843394),
			["LeftFoot"] = CFrame.new(0.000000, 0.000204, 0.000000, 0.978877, -0.168773, 0.115398, 0.204209, 0.779521, -0.592154, 0.009985, 0.603210, 0.797519),
			["RightUpperLeg"] = CFrame.new(0.000000, -0.000000, 0.000100, 0.614276, -0.780696, -0.114801, 0.787956, 0.599063, 0.142298, -0.042318, -0.177868, 0.983144),
			["RightLowerLeg"] = CFrame.new(0.000000, -0.000199, -0.000100, 1.000000, -0.000000, 0.000000, 0.000000, 0.431655, 0.902039, -0.000001, -0.902039, 0.431656),
			["RightFoot"] = CFrame.new(-0.000000, 0.000330, -0.000096, 0.793591, 0.497135, 0.350814, -0.046967, 0.624899, -0.779292, -0.606636, 0.601962, 0.519262),
		}},
		{Time = 0.375, Data = {
			["HumanoidRootPart"] = CFrame.new(0.000000, 0.000000, 0.000000, 1.000000, 0.000000, 0.000000, 0.000000, 1.000000, 0.000000, 0.000000, 0.000000, 1.000000),
			["LowerTorso"] = CFrame.new(-0.065977, -0.336395, -0.552953, 0.989646, 0.114753, -0.086207, -0.143323, 0.822079, -0.551039, 0.007636, 0.557689, 0.830015),
			["UpperTorso"] = CFrame.new(-0.000825, 0.269824, 0.373175, 0.990123, -0.139242, -0.016390, 0.125013, 0.823872, 0.552817, -0.063472, -0.549406, 0.833141),
			["LeftUpperArm"] = CFrame.new(0.000035, 0.000171, -0.000068, 0.929675, 0.363364, -0.060593, -0.342185, 0.912720, 0.223276, 0.136435, -0.186840, 0.972870),
			["LeftLowerArm"] = CFrame.new(0.000000, -0.000000, 0.000000, 1.000000, -0.000000, 0.000000, 0.000000, 0.713901, -0.700246, 0.000000, 0.700246, 0.713902),
			["LeftHand"] = CFrame.new(0.000012, 0.000025, -0.000008, 0.995815, 0.076905, 0.049372, -0.077845, 0.996814, 0.017393, -0.047877, -0.021163, 0.998629),
			["RightUpperArm"] = CFrame.new(-0.000758, 0.000102, -0.029561, 0.937592, -0.327959, -0.115608, 0.345221, 0.837921, 0.422743, -0.041772, -0.436270, 0.898846),
			["RightLowerArm"] = CFrame.new(-0.000500, 0.000100, 0.000000, 1.000000, -0.000000, 0.000000, 0.000000, 0.610773, -0.791806, 0.000000, 0.791806, 0.610773),
			["RightHand"] = CFrame.new(-0.000011, -0.000081, -0.000007, 0.999629, 0.025685, 0.009112, -0.025290, 0.998832, -0.041165, -0.010159, 0.040919, 0.999111),
			["Head"] = CFrame.new(0.000000, -0.000000, 0.000000, 0.998647, 0.002794, 0.051935, -0.002133, 0.999916, -0.012785, -0.051967, 0.012657, 0.998569),
			["LeftUpperLeg"] = CFrame.new(0.000000, -0.000001, 0.000000, 0.992744, 0.069951, -0.097813, 0.019412, 0.709508, 0.704430, 0.118674, -0.701217, 0.703001),
			["LeftLowerLeg"] = CFrame.new(0.000000, 0.000000, -0.000000, 1.000000, 0.000000, -0.000000, -0.000000, 0.905554, 0.424232, 0.000000, -0.424232, 0.905553),
			["LeftFoot"] = CFrame.new(0.000000, 0.000219, 0.000001, 0.974701, -0.192294, 0.113932, 0.222214, 0.778842, -0.586537, 0.024053, 0.597016, 0.801869),
			["RightUpperLeg"] = CFrame.new(0.000000, -0.000000, 0.000100, 0.811628, -0.541467, -0.219258, 0.578548, 0.693074, 0.430035, -0.080888, -0.475880, 0.875783),
			["RightLowerLeg"] = CFrame.new(0.000000, -0.000200, -0.000100, 1.000000, -0.000000, 0.000000, -0.000000, 0.661852, 0.749634, -0.000001, -0.749634, 0.661853),
			["RightFoot"] = CFrame.new(-0.000000, 0.000296, -0.000099, 0.876564, 0.405951, 0.258535, -0.096275, 0.674215, -0.732232, -0.471558, 0.616958, 0.630076),
		}},
		{Time = 0.417, Data = {
			["HumanoidRootPart"] = CFrame.new(0.000000, 0.000000, 0.000000, 1.000000, 0.000000, 0.000000, 0.000000, 1.000000, 0.000000, 0.000000, 0.000000, 1.000000),
			["LowerTorso"] = CFrame.new(-0.012926, -0.306875, -0.591670, 0.999938, -0.010792, -0.002874, 0.007022, 0.807674, -0.589588, 0.008684, 0.589531, 0.807699),
			["UpperTorso"] = CFrame.new(-0.000686, 0.280656, 0.397107, 0.999811, 0.011146, -0.015939, 0.000351, 0.809027, 0.587771, 0.019446, -0.587666, 0.808870),
			["LeftUpperArm"] = CFrame.new(0.000035, 0.000171, -0.000068, 0.929675, 0.363364, -0.060593, -0.342185, 0.912720, 0.223276, 0.136435, -0.186840, 0.972870),
			["LeftLowerArm"] = CFrame.new(0.000000, -0.000000, 0.000000, 1.000000, -0.000000, 0.000000, 0.000000, 0.713901, -0.700246, 0.000000, 0.700246, 0.713902),
			["LeftHand"] = CFrame.new(0.000012, 0.000025, -0.000008, 0.995815, 0.076905, 0.049372, -0.077845, 0.996814, 0.017393, -0.047877, -0.021163, 0.998629),
			["RightUpperArm"] = CFrame.new(-0.000758, 0.000102, -0.029561, 0.937592, -0.327959, -0.115608, 0.345221, 0.837921, 0.422743, -0.041772, -0.436270, 0.898846),
			["RightLowerArm"] = CFrame.new(-0.000500, 0.000100, 0.000000, 1.000000, -0.000000, 0.000000, 0.000000, 0.610773, -0.791806, 0.000000, 0.791806, 0.610773),
			["RightHand"] = CFrame.new(-0.000011, -0.000081, -0.000007, 0.999629, 0.025685, 0.009112, -0.025290, 0.998832, -0.041165, -0.010159, 0.040919, 0.999111),
			["Head"] = CFrame.new(0.000000, -0.000000, 0.000000, 0.998647, 0.002794, 0.051935, -0.002133, 0.999916, -0.012785, -0.051967, 0.012657, 0.998569),
			["LeftUpperLeg"] = CFrame.new(-0.000000, -0.000000, 0.000000, 0.966709, 0.249520, -0.056678, -0.125300, 0.654759, 0.745380, 0.223098, -0.713464, 0.664227),
			["LeftLowerLeg"] = CFrame.new(-0.000000, 0.000000, -0.000000, 1.000000, 0.000000, -0.000000, -0.000000, 0.882161, 0.470948, 0.000000, -0.470948, 0.882161),
			["LeftFoot"] = CFrame.new(0.000000, 0.000164, 0.000000, 0.967552, -0.226526, 0.111929, 0.245414, 0.737131, -0.629611, 0.060117, 0.636651, 0.768805),
			["RightUpperLeg"] = CFrame.new(0.000000, 0.000000, 0.000100, 0.933563, -0.296278, -0.201689, 0.355443, 0.693052, 0.627168, -0.046035, -0.657190, 0.752318),
			["RightLowerLeg"] = CFrame.new(0.000000, -0.000200, -0.000100, 1.000000, -0.000000, 0.000000, 0.000000, 0.824880, 0.565308, -0.000001, -0.565308, 0.824880),
			["RightFoot"] = CFrame.new(-0.000000, 0.000331, -0.000100, 0.929696, 0.322891, 0.177221, -0.133504, 0.743838, -0.654891, -0.343282, 0.585190, 0.734650),
		}},
		{Time = 0.458, Data = {
			["HumanoidRootPart"] = CFrame.new(0.000000, 0.000000, 0.000000, 1.000000, 0.000000, 0.000000, 0.000000, 1.000000, 0.000000, 0.000000, 0.000000, 1.000000),
			["LowerTorso"] = CFrame.new(0.018567, -0.326069, -0.553837, 0.991135, -0.113288, 0.069403, 0.132597, 0.810855, -0.570029, 0.008302, 0.574178, 0.818688),
			["UpperTorso"] = CFrame.new(0.009769, 0.268924, 0.366452, 0.990479, 0.136683, -0.016391, -0.102505, 0.811751, 0.574938, 0.091889, -0.567784, 0.818033),
			["LeftUpperArm"] = CFrame.new(0.000035, 0.000171, -0.000068, 0.929675, 0.363364, -0.060593, -0.342185, 0.912720, 0.223276, 0.136435, -0.186840, 0.972870),
			["LeftLowerArm"] = CFrame.new(0.000000, -0.000000, 0.000000, 1.000000, -0.000000, 0.000000, 0.000000, 0.713901, -0.700246, 0.000000, 0.700246, 0.713902),
			["LeftHand"] = CFrame.new(0.000012, 0.000025, -0.000008, 0.995815, 0.076905, 0.049372, -0.077845, 0.996814, 0.017393, -0.047877, -0.021163, 0.998629),
			["RightUpperArm"] = CFrame.new(-0.000758, 0.000102, -0.029561, 0.937592, -0.327959, -0.115608, 0.345221, 0.837921, 0.422743, -0.041772, -0.436270, 0.898846),
			["RightLowerArm"] = CFrame.new(-0.000500, 0.000100, 0.000000, 1.000000, -0.000000, 0.000000, 0.000000, 0.610773, -0.791806, 0.000000, 0.791806, 0.610773),
			["RightHand"] = CFrame.new(-0.000011, -0.000081, -0.000007, 0.999629, 0.025685, 0.009112, -0.025290, 0.998832, -0.041165, -0.010159, 0.040919, 0.999111),
			["Head"] = CFrame.new(0.000000, -0.000000, 0.000000, 0.998647, 0.002794, 0.051935, -0.002133, 0.999916, -0.012785, -0.051967, 0.012657, 0.998569),
			["LeftUpperLeg"] = CFrame.new(-0.000000, -0.000000, -0.000000, 0.914422, 0.398604, -0.070330, -0.260977, 0.713437, 0.650307, 0.309391, -0.576300, 0.756409),
			["LeftLowerLeg"] = CFrame.new(0.000000, -0.000000, -0.000000, 1.000000, 0.000000, -0.000000, -0.000000, 0.738551, 0.674197, 0.000000, -0.674197, 0.738551),
			["LeftFoot"] = CFrame.new(0.000000, 0.000106, 0.000000, 0.957487, -0.267308, 0.108470, 0.261733, 0.646861, -0.716286, 0.121304, 0.714225, 0.689325),
			["RightUpperLeg"] = CFrame.new(0.000000, -0.000000, 0.000100, 0.980609, -0.131435, -0.145365, 0.194818, 0.734267, 0.650306, 0.021263, -0.666016, 0.745635),
			["RightLowerLeg"] = CFrame.new(-0.000000, -0.000200, -0.000100, 1.000000, -0.000000, 0.000000, 0.000000, 0.858916, 0.512117, -0.000000, -0.512117, 0.858916),
			["RightFoot"] = CFrame.new(-0.000000, 0.000354, -0.000100, 0.951174, 0.277983, 0.134143, -0.141537, 0.779039, -0.610790, -0.274292, 0.561982, 0.780347),
		}},
		{Time = 0.500, Data = {
			["HumanoidRootPart"] = CFrame.new(0.000000, 0.000000, 0.000000, 1.000000, 0.000000, 0.000000, 0.000000, 1.000000, 0.000000, 0.000000, 0.000000, 1.000000),
			["LowerTorso"] = CFrame.new(0.031574, -0.380996, -0.441882, 0.973498, -0.200004, 0.110906, 0.228646, 0.841122, -0.490137, 0.004744, 0.502506, 0.864561),
			["UpperTorso"] = CFrame.new(0.039575, 0.226091, 0.297741, 0.972360, 0.232650, -0.019734, -0.191082, 0.841491, 0.505352, 0.134176, -0.487613, 0.862688),
			["LeftUpperArm"] = CFrame.new(0.000035, 0.000171, -0.000068, 0.929675, 0.363364, -0.060593, -0.342185, 0.912720, 0.223276, 0.136435, -0.186840, 0.972870),
			["LeftLowerArm"] = CFrame.new(0.000000, -0.000000, 0.000000, 1.000000, -0.000000, 0.000000, 0.000000, 0.713901, -0.700246, 0.000000, 0.700246, 0.713902),
			["LeftHand"] = CFrame.new(0.000012, 0.000025, -0.000008, 0.995815, 0.076905, 0.049372, -0.077845, 0.996814, 0.017393, -0.047877, -0.021163, 0.998629),
			["RightUpperArm"] = CFrame.new(-0.000758, 0.000102, -0.029561, 0.937592, -0.327959, -0.115608, 0.345221, 0.837921, 0.422743, -0.041772, -0.436270, 0.898846),
			["RightLowerArm"] = CFrame.new(-0.000500, 0.000100, 0.000000, 1.000000, -0.000000, 0.000000, 0.000000, 0.610773, -0.791806, 0.000000, 0.791806, 0.610773),
			["RightHand"] = CFrame.new(-0.000011, -0.000081, -0.000007, 0.999629, 0.025685, 0.009112, -0.025290, 0.998832, -0.041165, -0.010159, 0.040919, 0.999111),
			["Head"] = CFrame.new(0.000000, -0.000000, 0.000000, 0.998647, 0.002794, 0.051935, -0.002133, 0.999916, -0.012785, -0.051967, 0.012657, 0.998569),
			["LeftUpperLeg"] = CFrame.new(-0.000000, 0.000000, 0.000000, 0.848186, 0.507682, -0.151127, -0.397708, 0.798813, 0.451361, 0.349870, -0.322734, 0.879451),
			["LeftLowerLeg"] = CFrame.new(-0.000000, -0.000000, -0.000000, 1.000000, 0.000000, -0.000000, -0.000000, 0.518249, 0.855229, 0.000001, -0.855230, 0.518250),
			["LeftFoot"] = CFrame.new(0.000001, 0.000085, 0.000001, 0.944118, -0.312657, 0.104344, 0.271950, 0.560031, -0.782566, 0.186239, 0.767210, 0.613762),
			["RightUpperLeg"] = CFrame.new(0.000000, 0.000000, 0.000100, 0.992437, -0.036322, -0.117255, 0.088931, 0.871187, 0.482830, 0.084614, -0.489607, 0.867828),
			["RightLowerLeg"] = CFrame.new(0.000000, -0.000200, -0.000100, 1.000000, -0.000000, 0.000000, 0.000000, 0.771188, 0.636607, -0.000001, -0.636607, 0.771188),
			["RightFoot"] = CFrame.new(-0.000000, 0.000340, -0.000100, 0.957572, 0.262352, 0.119280, -0.134171, 0.772126, -0.621143, -0.255057, 0.578785, 0.774567),
		}},
		{Time = 0.542, Data = {
			["HumanoidRootPart"] = CFrame.new(0.000000, 0.000000, 0.000000, 1.000000, 0.000000, 0.000000, 0.000000, 1.000000, 0.000000, 0.000000, 0.000000, 1.000000),
			["LowerTorso"] = CFrame.new(0.037536, -0.449775, -0.274450, 0.955232, -0.273897, 0.111857, 0.295857, 0.884819, -0.359949, -0.000385, 0.376929, 0.926242),
			["UpperTorso"] = CFrame.new(0.078533, 0.174610, 0.203217, 0.953694, 0.299772, -0.024564, -0.268222, 0.884585, 0.381532, 0.136102, -0.357276, 0.924029),
			["LeftUpperArm"] = CFrame.new(0.000035, 0.000171, -0.000068, 0.929675, 0.363364, -0.060593, -0.342185, 0.912720, 0.223276, 0.136435, -0.186840, 0.972870),
			["LeftLowerArm"] = CFrame.new(0.000000, -0.000000, 0.000000, 1.000000, -0.000000, 0.000000, 0.000000, 0.713901, -0.700246, 0.000000, 0.700246, 0.713902),
			["LeftHand"] = CFrame.new(0.000012, 0.000025, -0.000008, 0.995815, 0.076905, 0.049372, -0.077845, 0.996814, 0.017393, -0.047877, -0.021163, 0.998629),
			["RightUpperArm"] = CFrame.new(-0.000758, 0.000102, -0.029561, 0.937592, -0.327959, -0.115608, 0.345221, 0.837921, 0.422743, -0.041772, -0.436270, 0.898846),
			["RightLowerArm"] = CFrame.new(-0.000500, 0.000100, 0.000000, 1.000000, -0.000000, 0.000000, 0.000000, 0.610773, -0.791806, 0.000000, 0.791806, 0.610773),
			["RightHand"] = CFrame.new(-0.000011, -0.000081, -0.000007, 0.999629, 0.025685, 0.009112, -0.025290, 0.998832, -0.041165, -0.010159, 0.040919, 0.999111),
			["Head"] = CFrame.new(0.000000, -0.000000, 0.000000, 0.998647, 0.002794, 0.051935, -0.002133, 0.999916, -0.012785, -0.051967, 0.012657, 0.998569),
			["LeftUpperLeg"] = CFrame.new(-0.000000, 0.000000, -0.000000, 0.778002, 0.558030, -0.288643, -0.535881, 0.829235, 0.158746, 0.327939, 0.031173, 0.944185),
			["LeftLowerLeg"] = CFrame.new(0.000000, -0.000000, 0.000000, 1.000000, 0.000001, -0.000000, -0.000000, 0.268934, 0.963159, 0.000001, -0.963159, 0.268933),
			["LeftFoot"] = CFrame.new(0.000000, 0.000086, 0.000004, 0.926620, -0.362611, 0.099444, 0.286311, 0.509028, -0.811737, 0.243725, 0.780643, 0.575495),
			["RightUpperLeg"] = CFrame.new(0.000000, 0.000000, 0.000100, 0.992288, 0.017341, -0.122732, 0.005272, 0.983364, 0.181567, 0.123839, -0.180814, 0.975690),
			["RightLowerLeg"] = CFrame.new(-0.000000, -0.000200, -0.000100, 1.000000, -0.000000, 0.000000, 0.000000, 0.634263, 0.773118, -0.000001, -0.773118, 0.634263),
			["RightFoot"] = CFrame.new(-0.000000, 0.000299, -0.000099, 0.960106, 0.255769, 0.113040, -0.131974, 0.770840, -0.623208, -0.246533, 0.583428, 0.773843),
		}},
		{Time = 0.583, Data = {
			["HumanoidRootPart"] = CFrame.new(0.000000, 0.000000, 0.000000, 1.000000, 0.000000, 0.000000, 0.000000, 1.000000, 0.000000, 0.000000, 0.000000, 1.000000),
			["LowerTorso"] = CFrame.new(0.043764, -0.508439, -0.070865, 0.942041, -0.327602, 0.072359, 0.335458, 0.923066, -0.188193, -0.005140, 0.201559, 0.979463),
			["UpperTorso"] = CFrame.new(0.110411, 0.139519, 0.094973, 0.940226, 0.339308, -0.029084, -0.326383, 0.922192, 0.207450, 0.097210, -0.185557, 0.977813),
			["LeftUpperArm"] = CFrame.new(0.000035, 0.000171, -0.000068, 0.929675, 0.363364, -0.060593, -0.342185, 0.912720, 0.223276, 0.136435, -0.186840, 0.972870),
			["LeftLowerArm"] = CFrame.new(0.000000, -0.000000, 0.000000, 1.000000, -0.000000, 0.000000, 0.000000, 0.713901, -0.700246, 0.000000, 0.700246, 0.713902),
			["LeftHand"] = CFrame.new(0.000012, 0.000025, -0.000008, 0.995815, 0.076905, 0.049372, -0.077845, 0.996814, 0.017393, -0.047877, -0.021163, 0.998629),
			["RightUpperArm"] = CFrame.new(-0.000758, 0.000102, -0.029561, 0.937592, -0.327959, -0.115608, 0.345221, 0.837921, 0.422743, -0.041772, -0.436270, 0.898846),
			["RightLowerArm"] = CFrame.new(-0.000500, 0.000100, 0.000000, 1.000000, -0.000000, 0.000000, 0.000000, 0.610773, -0.791806, 0.000000, 0.791806, 0.610773),
			["RightHand"] = CFrame.new(-0.000011, -0.000081, -0.000007, 0.999629, 0.025685, 0.009112, -0.025290, 0.998832, -0.041165, -0.010159, 0.040919, 0.999111),
			["Head"] = CFrame.new(0.000000, -0.000000, 0.000000, 0.998647, 0.002794, 0.051935, -0.002133, 0.999916, -0.012785, -0.051967, 0.012657, 0.998569),
			["LeftUpperLeg"] = CFrame.new(-0.000000, -0.000000, 0.000000, 0.716102, 0.532558, -0.451198, -0.656554, 0.733353, -0.176435, 0.236926, 0.422582, 0.874809),
			["LeftLowerLeg"] = CFrame.new(-0.000000, 0.000000, -0.000000, 1.000000, 0.000001, 0.000000, -0.000000, 0.071217, 0.997461, 0.000001, -0.997461, 0.071217),
			["LeftFoot"] = CFrame.new(0.000000, 0.000226, 0.000022, 0.906743, -0.410999, 0.094323, 0.321479, 0.529007, -0.785368, 0.272888, 0.742450, 0.611801),
			["RightUpperLeg"] = CFrame.new(0.000000, 0.000000, 0.000100, 0.989274, 0.041318, -0.140109, -0.068932, 0.977695, -0.198396, 0.128786, 0.205926, 0.970056),
			["RightLowerLeg"] = CFrame.new(-0.000000, -0.000200, -0.000100, 1.000000, -0.000001, 0.000000, 0.000000, 0.504752, 0.863264, -0.000001, -0.863264, 0.504752),
			["RightFoot"] = CFrame.new(-0.000000, 0.000286, -0.000099, 0.963661, 0.246096, 0.103892, -0.140732, 0.798295, -0.585594, -0.227049, 0.549693, 0.803920),
		}},
		{Time = 0.625, Data = {
			["HumanoidRootPart"] = CFrame.new(0.000000, 0.000000, 0.000000, 1.000000, 0.000000, 0.000000, 0.000000, 1.000000, 0.000000, 0.000000, 0.000000, 1.000000),
			["LowerTorso"] = CFrame.new(0.055499, -0.533103, 0.146842, 0.937276, -0.348579, 0.002380, 0.348512, 0.937193, 0.014464, -0.007272, -0.012727, 0.999893),
			["UpperTorso"] = CFrame.new(0.116227, 0.135068, -0.008853, 0.935355, 0.352337, -0.031129, -0.352684, 0.935722, -0.006288, 0.026912, 0.016860, 0.999496),
			["LeftUpperArm"] = CFrame.new(0.000035, 0.000171, -0.000068, 0.929675, 0.363364, -0.060593, -0.342185, 0.912720, 0.223276, 0.136435, -0.186840, 0.972870),
			["LeftLowerArm"] = CFrame.new(0.000000, -0.000000, 0.000000, 1.000000, -0.000000, 0.000000, 0.000000, 0.713901, -0.700246, 0.000000, 0.700246, 0.713902),
			["LeftHand"] = CFrame.new(0.000012, 0.000025, -0.000008, 0.995815, 0.076905, 0.049372, -0.077845, 0.996814, 0.017393, -0.047877, -0.021163, 0.998629),
			["RightUpperArm"] = CFrame.new(-0.000758, 0.000102, -0.029561, 0.937592, -0.327959, -0.115608, 0.345221, 0.837921, 0.422743, -0.041772, -0.436270, 0.898846),
			["RightLowerArm"] = CFrame.new(-0.000500, 0.000100, 0.000000, 1.000000, -0.000000, 0.000000, 0.000000, 0.610773, -0.791806, 0.000000, 0.791806, 0.610773),
			["RightHand"] = CFrame.new(-0.000011, -0.000081, -0.000007, 0.999629, 0.025685, 0.009112, -0.025290, 0.998832, -0.041165, -0.010159, 0.040919, 0.999111),
			["Head"] = CFrame.new(0.000000, -0.000000, 0.000000, 0.998647, 0.002794, 0.051935, -0.002133, 0.999916, -0.012785, -0.051967, 0.012657, 0.998569),
			["LeftUpperLeg"] = CFrame.new(-0.000000, 0.000000, 0.000000, 0.677986, 0.453869, -0.578219, -0.729861, 0.509173, -0.456121, 0.087395, 0.731263, 0.676473),
