return {
["spine break death"] = {

          {Time = 0.000, Data = {

              ["Head"] = CFrame.new(-0.000000, -0.000000, -0.000001, 1.000000, -0.000000, 0.000000, 0.000000, 1.000000, 0.000000, 0.000000, -0.000000, 1.000000),

              ["LeftFoot"] = CFrame.new(0.000000, 0.034175, -0.000000, 0.895102, -0.341063, -0.287183, 0.389372, 0.911749, 0.130811, 0.217212, -0.228889, 0.948902),

              ["LeftHand"] = CFrame.new(0.000490, 0.015721, 0.000000, 0.999972, 0.006321, -0.004084, -0.007492, 0.784614, -0.619943, -0.000714, 0.619953, 0.784636),

              ["LeftLowerArm"] = CFrame.new(-0.000500, 0.082796, 0.027106, 1.000000, -0.000000, -0.000000, 0.000000, 0.722341, -0.691537, 0.000000, 0.691538, 0.722341),

              ["LeftLowerLeg"] = CFrame.new(0.000000, 0.122406, -0.123861, 1.000000, -0.000000, -0.000000, 0.000000, -0.285002, 0.958524, -0.000000, -0.958527, -0.285011),

              ["LeftUpperArm"] = CFrame.new(0.101617, -0.196527, 0.349485, 0.597452, 0.420550, -0.682780, -0.393053, 0.895732, 0.207783, 0.698971, 0.144229, 0.700455),

              ["LeftUpperLeg"] = CFrame.new(0.000000, 0.000000, -0.000099, 0.876331, 0.071480, -0.476375, -0.215559, -0.826201, -0.520522, -0.430789, 0.558822, -0.708607),

              ["LowerTorso"] = CFrame.new(0.009252, 5.816713, 0.589122, 0.998880, -0.023130, -0.041288, 0.045925, 0.684407, 0.727653, 0.011428, -0.728734, 0.684702),

              ["RightFoot"] = CFrame.new(0.000000, 0.033951, -0.000101, 0.948238, 0.242919, 0.204544, -0.265430, 0.959872, 0.090543, -0.174332, -0.140131, 0.974661),

              ["RightHand"] = CFrame.new(-0.000486, 0.022106, 0.000000, 0.990758, 0.117346, -0.068035, -0.125316, 0.983822, -0.128023, 0.051910, 0.135365, 0.989435),

              ["RightLowerArm"] = CFrame.new(0.000001, 0.108258, 0.054478, 1.000000, 0.000000, 0.000000, -0.000000, 0.438340, -0.898809, -0.000000, 0.898809, 0.438340),

              ["RightLowerLeg"] = CFrame.new(0.000000, 0.124021, -0.116678, 1.000000, 0.000000, 0.000000, -0.000000, -0.209086, 0.977895, 0.000000, -0.977897, -0.209096),

              ["RightUpperArm"] = CFrame.new(-0.043423, -0.188746, 0.310977, 0.633803, -0.419269, 0.650006, 0.360432, 0.903625, 0.231412, -0.684385, 0.087614, 0.723838),

              ["RightUpperLeg"] = CFrame.new(0.000000, -0.000000, 0.000001, 0.961913, -0.107552, 0.251305, 0.075881, -0.778156, -0.623486, 0.262612, 0.618793, -0.740345),

              ["UpperTorso"] = CFrame.new(0.000000, 0.000000, 0.000001, 0.998880, 0.001083, 0.047313, -0.023130, 0.883375, 0.468095, -0.041288, -0.468665, 0.882411)

          }},

          {Time = 0.033, Data = {

              ["Head"] = CFrame.new(-0.000000, 0.000000, 0.000000, 1.000000, -0.000000, -0.000000, -0.000000, 1.000000, 0.000326, 0.000000, -0.000326, 1.000000),

              ["LeftFoot"] = CFrame.new(-0.000000, 0.034795, 0.000000, 0.874683, -0.370769, -0.312197, 0.418781, 0.902387, 0.101619, 0.244031, -0.219608, 0.944567),

              ["LeftHand"] = CFrame.new(0.000493, 0.010742, 0.000000, 0.996833, 0.068492, -0.040416, -0.076634, 0.691458, -0.718344, -0.021255, 0.719163, 0.694513),

              ["LeftLowerArm"] = CFrame.new(-0.000499, 0.065274, 0.016674, 1.000000, -0.000000, -0.000000, 0.000000, 0.830105, -0.557608, 0.000000, 0.557608, 0.830105),

              ["LeftLowerLeg"] = CFrame.new(0.000000, 0.118468, -0.134533, 1.000000, -0.000000, -0.000000, 0.000000, -0.396254, 0.918138, -0.000000, -0.918141, -0.396261),

              ["LeftUpperArm"] = CFrame.new(0.094688, -0.171360, 0.367583, 0.581777, 0.356996, -0.730814, -0.342530, 0.922499, 0.177956, 0.737705, 0.146795, 0.658971),

              ["LeftUpperLeg"] = CFrame.new(0.000000, 0.000000, -0.000100, 0.854351, 0.032568, -0.518674, -0.236776, -0.864041, -0.444281, -0.462625, 0.502367, -0.730474),

              ["LowerTorso"] = CFrame.new(0.009486, 5.607007, 0.425426, 0.998877, -0.023715, -0.041010, 0.044895, 0.750204, 0.659681, 0.015122, -0.660781, 0.750426),

              ["RightFoot"] = CFrame.new(-0.000000, 0.034633, -0.000100, 0.939197, 0.262668, 0.221174, -0.279275, 0.959066, 0.046920, -0.199784, -0.105822, 0.974105),

              ["RightHand"] = CFrame.new(-0.000487, 0.019593, 0.000000, 0.998141, 0.052853, -0.030349, -0.059424, 0.954570, -0.292003, 0.013536, 0.293261, 0.955936),

              ["RightLowerArm"] = CFrame.new(0.000000, 0.097556, 0.039960, 1.000000, 0.000000, 0.000000, -0.000000, 0.589011, -0.808125, -0.000000, 0.808125, 0.589012),

              ["RightLowerLeg"] = CFrame.new(0.000000, 0.120712, -0.128499, 1.000000, 0.000000, 0.000000, -0.000000, -0.332286, 0.943176, 0.000000, -0.943179, -0.332294),

              ["RightUpperArm"] = CFrame.new(-0.041243, -0.160231, 0.326402, 0.627446, -0.361761, 0.689522, 0.303166, 0.929146, 0.211608, -0.717218, 0.076267, 0.692662),

              ["RightUpperLeg"] = CFrame.new(-0.000000, 0.000000, 0.000000, 0.954075, -0.092571, 0.284906, 0.085922, -0.826540, -0.556298, 0.286983, 0.555214, -0.780616),

              ["UpperTorso"] = CFrame.new(0.000003, -0.000628, 0.000442, 0.998877, 0.002301, 0.047317, -0.023715, 0.888945, 0.457399, -0.041010, -0.458008, 0.888002)

          }},

          {Time = 0.067, Data = {

              ["Head"] = CFrame.new(0.000000, -0.000000, -0.000000, 1.000000, -0.000000, -0.000000, 0.000000, 0.999999, 0.001287, 0.000000, -0.001287, 0.999999),

              ["LeftFoot"] = CFrame.new(0.000000, 0.035967, 0.000001, 0.803061, -0.455835, -0.383823, 0.535784, 0.834256, 0.130234, 0.260825, -0.310213, 0.914177),

              ["LeftHand"] = CFrame.new(0.000498, 0.003371, -0.000000, 0.974899, 0.192057, -0.112635, -0.185048, 0.417620, -0.889581, -0.123810, 0.888092, 0.442673),

              ["LeftLowerArm"] = CFrame.new(-0.000499, 0.017076, 0.000954, 1.000000, -0.000000, -0.000000, 0.000000, 0.990146, -0.140043, 0.000000, 0.140042, 0.990146),

              ["LeftLowerLeg"] = CFrame.new(-0.000000, 0.108421, -0.151824, 1.000000, -0.000000, -0.000000, 0.000000, -0.576690, 0.816960, -0.000000, -0.816963, -0.576694),

              ["LeftUpperArm"] = CFrame.new(0.080159, -0.111803, 0.398407, 0.547584, 0.174128, -0.818432, -0.222880, 0.973124, 0.057919, 0.806521, 0.150697, 0.571677),

              ["LeftUpperLeg"] = CFrame.new(0.000000, -0.000000, -0.000100, 0.776850, -0.120311, -0.618085, -0.314126, -0.924761, -0.214821, -0.545737, 0.361030, -0.756189),

              ["LowerTorso"] = CFrame.new(0.010147, 5.094770, 0.020270, 0.998864, -0.025368, -0.040351, 0.040120, 0.904548, 0.424481, 0.025731, -0.425617, 0.904537),

              ["RightFoot"] = CFrame.new(0.000000, 0.035885, -0.000100, 0.911337, 0.314902, 0.265156, -0.341842, 0.937764, 0.061206, -0.229365, -0.146409, 0.962261),

              ["RightHand"] = CFrame.new(-0.000493, 0.009950, -0.000000, 0.995986, -0.077052, 0.045557, 0.089016, 0.799104, -0.594570, 0.009407, 0.596235, 0.802752),

              ["RightLowerArm"] = CFrame.new(0.000001, 0.061584, 0.014645, 1.000000, 0.000000, 0.000000, -0.000000, 0.850833, -0.525436, -0.000000, 0.525436, 0.850833),

              ["RightLowerLeg"] = CFrame.new(0.000000, 0.110876, -0.148152, 1.000000, 0.000000, 0.000000, -0.000000, -0.537309, 0.843383, 0.000000, -0.843386, -0.537313),

              ["RightUpperArm"] = CFrame.new(-0.034179, -0.096045, 0.352427, 0.607668, -0.224493, 0.761802, 0.174130, 0.973539, 0.147991, -0.774867, 0.042724, 0.630679),

              ["RightUpperLeg"] = CFrame.new(0.000000, -0.000000, 0.000000, 0.929541, -0.018082, 0.368274, 0.123236, -0.926123, -0.356538, 0.347515, 0.376788, -0.858636),

              ["UpperTorso"] = CFrame.new(0.000003, -0.002401, 0.001575, 0.998864, 0.005640, 0.047328, -0.025368, 0.903558, 0.427715, -0.040351, -0.428429, 0.902674)

          }},

          {Time = 0.100, Data = {

              ["Head"] = CFrame.new(-0.000000, 0.000001, -0.000000, 1.000000, 0.000000, 0.000000, -0.000000, 0.999996, 0.002860, 0.000000, -0.002860, 0.999996),

              ["LeftFoot"] = CFrame.new(-0.000000, 0.036084, 0.000000, 0.738692, -0.515615, -0.434153, 0.665891, 0.658106, 0.351426, 0.104511, -0.548669, 0.829464),

              ["LeftHand"] = CFrame.new(0.000497, 0.004137, -0.000000, 0.955818, 0.253650, -0.148575, -0.239292, 0.377803, -0.894431, -0.170738, 0.890464, 0.421804),

              ["LeftLowerArm"] = CFrame.new(-0.000500, 0.021738, 0.001582, 1.000000, -0.000000, -0.000000, 0.000000, 0.983762, -0.179480, 0.000000, 0.179479, 0.983762),

              ["LeftLowerLeg"] = CFrame.new(0.000000, 0.107289, -0.153319, 1.000000, -0.000000, -0.000000, 0.000000, -0.592304, 0.805712, -0.000000, -0.805715, -0.592308),

              ["LeftUpperArm"] = CFrame.new(0.085560, -0.052726, 0.403780, 0.550407, 0.194083, -0.812025, -0.103896, 0.980967, 0.164040, 0.828407, -0.005922, 0.560096),

              ["LeftUpperLeg"] = CFrame.new(0.000000, -0.000001, -0.000100, 0.703792, -0.333384, -0.627324, -0.428694, -0.903450, -0.000833, -0.566479, 0.269506, -0.778758),

              ["LowerTorso"] = CFrame.new(0.011183, 4.452415, -0.480588, 0.998822, -0.027957, -0.039654, 0.026708, 0.999141, -0.031679, 0.040506, 0.030583, 0.998711),

              ["RightFoot"] = CFrame.new(0.000000, 0.036069, -0.000100, 0.903629, 0.327642, 0.275881, -0.405374, 0.862182, 0.303855, -0.138295, -0.386384, 0.911900),

              ["RightHand"] = CFrame.new(-0.000494, 0.008793, -0.000000, 0.981549, -0.164885, 0.096828, 0.185503, 0.698291, -0.691363, 0.046380, 0.696565, 0.715990),

              ["RightLowerArm"] = CFrame.new(0.000000, 0.053792, 0.010862, 1.000000, 0.000000, 0.000000, -0.000000, 0.889416, -0.457099, -0.000000, 0.457099, 0.889416),

              ["RightLowerLeg"] = CFrame.new(-0.000000, 0.109139, -0.150663, 1.000000, 0.000000, 0.000000, -0.000000, -0.563533, 0.826091, 0.000000, -0.826093, -0.563537),

              ["RightUpperArm"] = CFrame.new(-0.036999, -0.028335, 0.358486, 0.604530, -0.197339, 0.771751, 0.037706, 0.974832, 0.219731, -0.795689, -0.103734, 0.596756),

              ["RightUpperLeg"] = CFrame.new(0.000000, -0.000001, -0.000000, 0.923149, 0.096064, 0.372247, 0.170855, -0.969917, -0.173421, 0.344390, 0.223681, -0.911788),

              ["UpperTorso"] = CFrame.new(-0.000024, -0.005185, 0.003051, 0.998822, 0.010631, 0.047339, -0.027957, 0.923550, 0.382458, -0.039654, -0.383331, 0.922760)

          }},

          {Time = 0.133, Data = {

              ["Head"] = CFrame.new(-0.000000, -0.000001, 0.000000, 1.000000, -0.000000, 0.000000, 0.000000, 0.999987, 0.005020, -0.000000, -0.005020, 0.999987),

              ["LeftFoot"] = CFrame.new(0.000000, 0.034599, 0.000000, 0.889590, -0.349404, -0.294198, 0.456760, 0.680495, 0.572997, -0.000004, -0.644084, 0.764932),

              ["LeftHand"] = CFrame.new(0.000489, 0.016197, 0.000000, 0.987484, 0.136037, -0.079804, -0.153832, 0.719143, -0.677623, -0.034790, 0.681416, 0.731066),

              ["LeftLowerArm"] = CFrame.new(-0.000500, 0.084421, 0.028275, 1.000000, -0.000000, -0.000000, 0.000000, 0.710222, -0.703977, 0.000000, 0.703978, 0.710222),

              ["LeftLowerLeg"] = CFrame.new(-0.000000, 0.119838, -0.131252, 1.000000, -0.000000, -0.000000, 0.000000, -0.362021, 0.932167, -0.000000, -0.932170, -0.362028),

              ["LeftUpperArm"] = CFrame.new(0.132795, -0.060988, 0.364168, 0.634528, 0.424825, -0.645677, -0.119338, 0.879228, 0.461213, 0.763631, -0.215598, 0.608592),

              ["LeftUpperLeg"] = CFrame.new(0.000000, 0.000001, -0.000100, 0.860063, -0.187941, -0.474313, -0.360780, -0.881384, -0.304976, -0.360736, 0.433405, -0.825843),

              ["LowerTorso"] = CFrame.new(0.012527, 3.810822, -0.926960, 0.998737, -0.031317, -0.039284, 0.003457, 0.822925, -0.568140, 0.050121, 0.567287, 0.821994),

              ["RightFoot"] = CFrame.new(0.000000, 0.034485, -0.000101, 0.963624, 0.204442, 0.172143, -0.262051, 0.849317, 0.458276, -0.052511, -0.486687, 0.871980),

              ["RightHand"] = CFrame.new(-0.000486, 0.020120, 0.000000, 0.993606, -0.097300, 0.057269, 0.112475, 0.897130, -0.427212, -0.009811, 0.430919, 0.902336),

              ["RightLowerArm"] = CFrame.new(0.000000, 0.100025, 0.042869, 1.000000, 0.000000, 0.000000, -0.000000, 0.558880, -0.829248, -0.000000, 0.829249, 0.558880),

              ["RightLowerLeg"] = CFrame.new(-0.000000, 0.121592, -0.125923, 1.000000, 0.000000, 0.000000, -0.000000, -0.305437, 0.952210, 0.000000, -0.952212, -0.305445),

              ["RightUpperArm"] = CFrame.new(-0.071371, -0.019395, 0.329681, 0.661890, -0.370466, 0.651656, 0.018534, 0.877161, 0.479840, -0.749372, -0.305523, 0.587450),

              ["RightUpperLeg"] = CFrame.new(0.000000, 0.000001, 0.000000, 0.975804, 0.021217, 0.217614, 0.121779, -0.879352, -0.460356, 0.181592, 0.475700, -0.860649),

              ["UpperTorso"] = CFrame.new(-0.000100, -0.008821, 0.004497, 0.998737, 0.016805, 0.047346, -0.031317, 0.945141, 0.325159, -0.039284, -0.326231, 0.944474)

          }},

          {Time = 0.167, Data = {

              ["Head"] = CFrame.new(-0.000000, 0.000000, 0.000000, 1.000000, 0.000000, -0.000000, -0.000000, 0.999970, 0.007742, -0.000000, -0.007742, 0.999970),

              ["LeftFoot"] = CFrame.new(0.000000, 0.032445, -0.000001, 0.977389, -0.161749, -0.136194, 0.208084, 0.850208, 0.483607, 0.037570, -0.500982, 0.864625),

              ["LeftHand"] = CFrame.new(0.000487, 0.019858, -0.000000, 0.998335, -0.050000, 0.028761, 0.057327, 0.915319, -0.398631, -0.006393, 0.399613, 0.916660),

              ["LeftLowerArm"] = CFrame.new(-0.000500, 0.098244, 0.040867, 1.000000, -0.000000, -0.000000, 0.000000, 0.579622, -0.814885, 0.000000, 0.814886, 0.579622),

              ["LeftLowerLeg"] = CFrame.new(0.000000, 0.126028, -0.096617, 1.000000, -0.000000, -0.000000, 0.000000, -0.001203, 0.999999, -0.000000, -0.999999, -0.001217),

              ["LeftUpperArm"] = CFrame.new(0.154877, -0.127452, 0.324822, 0.666445, 0.478318, -0.571894, -0.250990, 0.866238, 0.432015, 0.702036, -0.144374, 0.697353),

              ["LeftUpperLeg"] = CFrame.new(0.000000, -0.000000, -0.000101, 0.960996, 0.031813, -0.274724, -0.200350, -0.604686, -0.770867, -0.190646, 0.795829, -0.574709),

              ["LowerTorso"] = CFrame.new(0.014083, 3.282764, -1.232024, 0.998598, -0.035208, -0.039532, -0.019258, 0.453999, -0.890794, 0.049311, 0.890306, 0.452685),

              ["RightFoot"] = CFrame.new(0.000000, 0.032037, -0.000101, 0.991073, 0.101982, 0.085870, -0.126232, 0.925019, 0.358365, -0.042883, -0.365979, 0.929624),

              ["RightHand"] = CFrame.new(-0.000485, 0.022948, 0.000000, 0.995546, 0.081634, -0.047173, -0.084051, 0.995116, -0.051761, 0.042716, 0.055496, 0.997545),

              ["RightLowerArm"] = CFrame.new(-0.000001, 0.112299, 0.062423, 1.000000, 0.000000, 0.000000, -0.000000, 0.355954, -0.934503, -0.000000, 0.934503, 0.355955),

              ["RightLowerLeg"] = CFrame.new(-0.000000, 0.125096, -0.086822, 1.000000, 0.000000, 0.000000, -0.000000, 0.101684, 0.994818, 0.000000, -0.994817, 0.101669),

              ["RightUpperArm"] = CFrame.new(-0.092388, -0.090606, 0.301103, 0.690454, -0.435662, 0.577471, 0.159468, 0.870330, 0.465935, -0.705580, -0.229618, 0.670397),

              ["RightUpperLeg"] = CFrame.new(0.000000, -0.000000, -0.000001, 0.996689, -0.039591, 0.071018, 0.040889, -0.510911, -0.858672, 0.070280, 0.858722, -0.507581),

              ["UpperTorso"] = CFrame.new(-0.000240, -0.013087, 0.005596, 0.998598, 0.023690, 0.047342, -0.035208, 0.965031, 0.259761, -0.039532, -0.261064, 0.964512)

          }},

          {Time = 0.200, Data = {

              ["Head"] = CFrame.new(0.000000, 0.000000, 0.000000, 1.000000, 0.000000, -0.000000, -0.000000, 0.999940, 0.011003, 0.000000, -0.011003, 0.999940),

              ["LeftFoot"] = CFrame.new(0.000000, 0.030610, -0.000002, 0.991594, -0.098979, -0.083343, 0.103878, 0.992977, 0.056635, 0.077148, -0.064808, 0.994910),

              ["LeftHand"] = CFrame.new(0.000492, 0.012537, 0.000000, 0.997702, -0.058773, 0.033727, 0.067363, 0.914179, -0.399677, -0.007342, 0.401027, 0.916036),

              ["LeftLowerArm"] = CFrame.new(-0.000499, 0.072798, 0.020935, 1.000000, -0.000000, -0.000000, 0.000000, 0.786291, -0.617856, 0.000000, 0.617857, 0.786291),

              ["LeftLowerLeg"] = CFrame.new(0.000000, 0.122880, -0.075643, 1.000000, -0.000000, -0.000000, 0.000000, 0.217077, 0.976158, -0.000000, -0.976155, 0.217062),

              ["LeftUpperArm"] = CFrame.new(0.126042, -0.134247, 0.343933, 0.595107, 0.402021, -0.695864, -0.263155, 0.915628, 0.303934, 0.759340, 0.002247, 0.650690),

              ["LeftUpperLeg"] = CFrame.new(0.000000, 0.000001, -0.000099, 0.981792, 0.111217, -0.153997, -0.120911, -0.259395, -0.958178, -0.146512, 0.959346, -0.241204),

              ["LowerTorso"] = CFrame.new(0.015725, 3.044982, -1.333408, 0.998404, -0.039314, -0.040539, -0.033866, 0.157604, -0.986921, 0.045189, 0.986720, 0.156021),

              ["RightFoot"] = CFrame.new(-0.000000, 0.029383, -0.000102, 0.996423, 0.064646, 0.054434, -0.065921, 0.997583, 0.021973, -0.052878, -0.025479, 0.998276),

              ["RightHand"] = CFrame.new(-0.000487, 0.019778, 0.000000, 0.991444, 0.112990, -0.065354, -0.115046, 0.992949, -0.028588, 0.061662, 0.035863, 0.997453),

              ["RightLowerArm"] = CFrame.new(-0.000001, 0.098436, 0.040975, 1.000000, 0.000000, 0.000000, -0.000000, 0.578506, -0.815678, -0.000000, 0.815678, 0.578507),

              ["RightLowerLeg"] = CFrame.new(0.000000, 0.118081, -0.063136, 1.000000, 0.000000, 0.000000, -0.000000, 0.348149, 0.937445, 0.000000, -0.937439, 0.348135),

              ["RightUpperArm"] = CFrame.new(-0.063531, -0.115181, 0.320189, 0.617704, -0.390337, 0.682699, 0.207002, 0.918211, 0.337698, -0.758678, -0.067277, 0.647983),

              ["RightUpperLeg"] = CFrame.new(-0.000000, -0.000000, 0.000001, 0.999290, -0.037675, -0.000985, -0.006003, -0.133315, -0.991058, 0.037207, 0.990357, -0.133425),

              ["UpperTorso"] = CFrame.new(-0.000447, -0.017673, 0.006142, 0.998404, 0.030816, 0.047321, -0.039314, 0.980860, 0.190706, -0.040539, -0.192262, 0.980506)

          }},

          {Time = 0.233, Data = {

              ["Head"] = CFrame.new(0.000000, 0.000000, 0.000001, 1.000000, -0.000000, 0.000000, -0.000000, 0.999891, 0.014779, -0.000000, -0.014779, 0.999891),

              ["LeftFoot"] = CFrame.new(0.000000, 0.030480, -0.000002, 0.993106, -0.089665, -0.075500, 0.102755, 0.975874, 0.192661, 0.056400, -0.199073, 0.978357),

              ["LeftHand"] = CFrame.new(0.000485, 0.022186, -0.000000, 0.999398, 0.029701, -0.017959, -0.029738, 0.999556, -0.001792, 0.017898, 0.002326, 0.999837),

              ["LeftLowerArm"] = CFrame.new(-0.000500, 0.108073, 0.054337, 1.000000, -0.000000, -0.000000, 0.000000, 0.439834, -0.898079, 0.000000, 0.898079, 0.439834),

              ["LeftLowerLeg"] = CFrame.new(0.000000, 0.122383, -0.073806, 1.000000, -0.000000, -0.000000, 0.000000, 0.236140, 0.971723, -0.000000, -0.971719, 0.236124),

              ["LeftUpperArm"] = CFrame.new(0.178414, -0.124011, 0.297680, 0.685236, 0.533176, -0.496160, -0.241159, 0.808909, 0.536198, 0.687237, -0.247768, 0.682874),

              ["LeftUpperLeg"] = CFrame.new(0.000000, -0.000000, -0.000100, 0.986077, 0.078910, -0.146372, -0.070586, -0.598377, -0.798113, -0.150565, 0.797319, -0.584457),

              ["LowerTorso"] = CFrame.new(0.017312, 3.114376, -1.242949, 0.998169, -0.043280, -0.042246, -0.049366, -0.179502, -0.982518, 0.034940, 0.982805, -0.181310),

              ["RightFoot"] = CFrame.new(0.000000, 0.030750, -0.000101, 0.997577, 0.053222, 0.044815, -0.060675, 0.980682, 0.185978, -0.034049, -0.188229, 0.981532),

              ["RightHand"] = CFrame.new(-0.000485, 0.023975, 0.000000, 0.999762, -0.018526, 0.011495, 0.013662, 0.943216, 0.331902, -0.016991, -0.331663, 0.943244),

              ["RightLowerArm"] = CFrame.new(-0.000001, 0.116056, 0.071999, 1.000000, 0.000000, 0.000000, -0.000000, 0.256451, -0.966557, -0.000000, 0.966557, 0.256451),

              ["RightLowerLeg"] = CFrame.new(-0.000000, 0.122452, -0.074880, 1.000000, 0.000000, 0.000000, -0.000000, 0.226032, 0.974124, 0.000000, -0.974120, 0.226016),

              ["RightUpperArm"] = CFrame.new(-0.109211, -0.096349, 0.283458, 0.692987, -0.477583, 0.540078, 0.167667, 0.835339, 0.523542, -0.701183, -0.272254, 0.658954),

              ["RightUpperLeg"] = CFrame.new(0.000000, 0.000000, 0.000001, 0.999404, -0.033666, -0.007610, -0.024132, -0.523950, -0.851419, 0.024676, 0.851083, -0.524431),

              ["UpperTorso"] = CFrame.new(-0.000706, -0.022220, 0.006081, 0.998169, 0.037715, 0.047281, -0.043280, 0.991484, 0.122827, -0.042246, -0.124648, 0.991301)

          }},

          {Time = 0.267, Data = {

              ["Head"] = CFrame.new(0.000000, 0.000000, 0.000000, 1.000000, 0.000000, 0.000000, 0.000000, 0.999819, 0.019046, 0.000000, -0.019046, 0.999819),

              ["LeftFoot"] = CFrame.new(0.000000, 0.013877, -0.000003, 0.997270, -0.056487, -0.047563, 0.073810, 0.781895, 0.619050, 0.002220, -0.620846, 0.783910),

              ["LeftHand"] = CFrame.new(0.000487, 0.019767, 0.000000, 0.977009, 0.183725, -0.108158, -0.093079, 0.823995, 0.558903, 0.191805, -0.535982, 0.822149),

              ["LeftLowerArm"] = CFrame.new(-0.000500, 0.097811, 0.040367, 1.000000, -0.000000, -0.000000, 0.000000, 0.584815, -0.811167, 0.000000, 0.811167, 0.584815),

              ["LeftLowerLeg"] = CFrame.new(-0.000000, 0.070052, -0.017470, 1.000000, -0.000000, -0.000000, 0.000000, 0.821234, 0.570589, -0.000000, -0.570592, 0.821236),

              ["LeftUpperArm"] = CFrame.new(0.228995, -0.192537, 0.200058, 0.771307, 0.440854, -0.459057, -0.376636, 0.897571, 0.229155, 0.513060, -0.003851, 0.858344),

              ["LeftUpperLeg"] = CFrame.new(0.000000, 0.000001, -0.000100, 0.990001, 0.113233, -0.084114, -0.077736, -0.059631, -0.995190, -0.117704, 0.991778, -0.050217),

              ["LowerTorso"] = CFrame.new(0.018708, 3.253769, -1.016877, 0.997919, -0.046769, -0.044393, -0.064475, -0.712839, -0.698357, 0.001016, 0.699766, -0.714371),

              ["RightFoot"] = CFrame.new(0.000000, 0.019358, -0.000103, 0.998643, 0.039842, 0.033547, -0.052080, 0.757305, 0.651006, 0.000532, -0.651845, 0.758331),

              ["RightHand"] = CFrame.new(-0.000486, 0.021179, -0.000000, 0.974201, -0.194516, 0.114440, 0.048515, 0.675732, 0.735552, -0.220405, -0.711020, 0.667733),

              ["RightLowerArm"] = CFrame.new(-0.000000, 0.104105, 0.048028, 1.000000, 0.000000, 0.000000, -0.000000, 0.505282, -0.862954, -0.000000, 0.862954, 0.505282),

              ["RightLowerLeg"] = CFrame.new(0.000000, 0.086870, -0.027635, 1.000000, 0.000000, 0.000000, -0.000000, 0.717258, 0.696810, 0.000000, -0.696808, 0.717256),

              ["RightUpperArm"] = CFrame.new(-0.161538, -0.167975, 0.195880, 0.781041, -0.351409, 0.516223, 0.309266, 0.935816, 0.169123, -0.542522, 0.027559, 0.839590),

              ["RightUpperLeg"] = CFrame.new(-0.000000, 0.000001, -0.000000, 0.999896, 0.002665, -0.014208, -0.013883, -0.097075, -0.995182, -0.004031, 0.995274, -0.097011),

              ["UpperTorso"] = CFrame.new(-0.000989, -0.026343, 0.005525, 0.997919, 0.043915, 0.047219, -0.046769, 0.997032, 0.061147, -0.044393, -0.063228, 0.997011)

          }},

          {Time = 0.300, Data = {

              ["Head"] = CFrame.new(0.000000, 0.000000, 0.000000, 1.000000, 0.000000, 0.000000, -0.000000, 0.999717, 0.023779, -0.000000, -0.023779, 0.999717),

              ["LeftFoot"] = CFrame.new(-0.000000, 0.027042, -0.000002, 0.996157, -0.066998, -0.056413, 0.077175, 0.975999, 0.203656, 0.041413, -0.207214, 0.977416),

              ["LeftHand"] = CFrame.new(0.000504, -0.005392, -0.000000, 0.730605, 0.589128, -0.345176, -0.613229, 0.788462, 0.047738, 0.300279, 0.176793, 0.937323),

              ["LeftLowerArm"] = CFrame.new(-0.000500, -0.005585, 0.000030, 1.000000, -0.000000, -0.000000, 0.000000, 1.000000, -0.000001, 0.000000, -0.000000, 1.000000),

              ["LeftLowerLeg"] = CFrame.new(0.000000, 0.111020, -0.050408, 1.000000, -0.000000, -0.000000, 0.000000, 0.479431, 0.877586, -0.000000, -0.877580, 0.479419),

              ["LeftUpperArm"] = CFrame.new(0.269777, -0.038650, 0.203915, 0.837782, 0.148134, -0.525526, -0.067290, 0.983168, 0.169862, 0.541842, -0.106944, 0.833649),

              ["LeftUpperLeg"] = CFrame.new(0.000000, 0.000001, -0.000100, 0.987283, 0.149948, -0.052796, -0.134105, 0.607209, -0.783129, -0.085371, 0.780265, 0.619614),

              ["LowerTorso"] = CFrame.new(0.019801, 3.321403, -0.615155, 0.997688, -0.049503, -0.046554, -0.052009, -0.997171, -0.054265, -0.043736, 0.056561, -0.997441),

              ["RightFoot"] = CFrame.new(0.000000, 0.028760, -0.000102, 0.998432, 0.042823, 0.036057, -0.051460, 0.955647, 0.290005, -0.022038, -0.291385, 0.956346),

              ["RightHand"] = CFrame.new(-0.000498, 0.002413, -0.000000, 0.708909, -0.608562, 0.356514, 0.609638, 0.782897, 0.124159, -0.354669, 0.129326, 0.926004),

              ["RightLowerArm"] = CFrame.new(-0.000000, 0.012228, 0.000467, 1.000000, 0.000000, 0.000000, -0.000000, 0.995115, -0.098728, -0.000000, 0.098728, 0.995114),

              ["RightLowerLeg"] = CFrame.new(-0.000000, 0.116026, -0.058995, 1.000000, 0.000000, 0.000000, -0.000000, 0.391181, 0.920319, 0.000000, -0.920314, 0.391168),

              ["RightUpperArm"] = CFrame.new(-0.208390, 0.007978, 0.172114, 0.858146, -0.063491, 0.509464, -0.044197, 0.979504, 0.196516, -0.511499, -0.191156, 0.837752),

              ["RightUpperLeg"] = CFrame.new(-0.000000, 0.000000, -0.000000, 0.999291, 0.026510, 0.026746, 0.005694, 0.595680, -0.803188, -0.037224, 0.802784, 0.595126),

              ["UpperTorso"] = CFrame.new(-0.001252, -0.029679, 0.004725, 0.997688, 0.048948, 0.047137, -0.049503, 0.998717, 0.010663, -0.046554, -0.012972, 0.998832)

          }},

          {Time = 0.333, Data = {

              ["Head"] = CFrame.new(0.000000, 0.000000, 0.000000, 1.000000, 0.000000, 0.000000, -0.000000, 0.999581, 0.028955, 0.000000, -0.028955, 0.999581),

              ["LeftFoot"] = CFrame.new(0.000000, 0.032461, -0.000001, 0.992457, -0.093778, -0.078963, 0.091478, 0.995284, -0.032260, 0.081612, 0.024803, 0.996355),

              ["LeftHand"] = CFrame.new(0.000481, 0.028635, -0.000000, 0.558778, 0.716397, -0.417785, -0.758960, 0.644806, 0.090591, 0.334287, 0.266460, 0.904018),

              ["LeftLowerArm"] = CFrame.new(-0.000497, 0.094129, 0.162241, 1.000000, -0.000000, 0.000000, -0.000000, -0.681094, -0.732195, 0.000000, 0.732196, -0.681095),

              ["LeftLowerLeg"] = CFrame.new(0.000000, 0.126033, -0.096921, 1.000000, -0.000000, -0.000000, 0.000000, -0.004364, 0.999990, -0.000000, -0.999990, -0.004377),

              ["LeftUpperArm"] = CFrame.new(0.090355, -0.195255, 0.323036, 0.464322, 0.825135, 0.321803, -0.378976, -0.143298, 0.914245, 0.800489, -0.546460, 0.246170),

              ["LeftUpperLeg"] = CFrame.new(-0.000000, -0.000000, -0.000100, 0.954390, 0.284859, -0.089413, -0.274008, 0.716741, -0.641233, -0.118576, 0.636504, 0.762119),

              ["LowerTorso"] = CFrame.new(0.020508, 2.880194, 0.016341, 0.997521, -0.051271, -0.048210, -0.027027, -0.911579, 0.410236, -0.064980, -0.407916, -0.910704),

              ["RightFoot"] = CFrame.new(0.000000, 0.031832, -0.000102, 0.997269, 0.056495, 0.047571, -0.058677, 0.997227, 0.045794, -0.044849, -0.048446, 0.997818),

              ["RightHand"] = CFrame.new(-0.000481, 0.029212, 0.000000, -0.088279, -0.860525, 0.501703, 0.874794, 0.173905, 0.452213, -0.476386, 0.478804, 0.737426),

              ["RightLowerArm"] = CFrame.new(-0.000003, 0.085081, 0.170496, 1.000000, 0.000000, -0.000000, -0.000000, -0.766931, -0.641729, -0.000000, 0.641730, -0.766932),

              ["RightLowerLeg"] = CFrame.new(0.000000, 0.124697, -0.084196, 1.000000, 0.000000, 0.000000, -0.000000, 0.129000, 0.991647, 0.000000, -0.991645, 0.128985),

              ["RightUpperArm"] = CFrame.new(0.027711, 0.165415, 0.336516, 0.369867, -0.928011, 0.044652, -0.360461, -0.099037, 0.927502, -0.856310, -0.359148, -0.371142),

              ["RightUpperLeg"] = CFrame.new(0.000000, -0.000001, -0.000000, 0.996687, -0.010776, 0.080620, 0.049020, 0.870534, -0.489639, -0.064906, 0.491990, 0.868190),

              ["UpperTorso"] = CFrame.new(-0.001446, -0.031899, 0.004014, 0.997521, 0.052347, 0.047040, -0.051271, 0.998402, -0.023786, -0.048210, 0.021315, 0.998610)

          }},

          {Time = 0.367, Data = {

              ["Head"] = CFrame.new(-0.000000, 0.000000, 0.000000, 1.000000, -0.000000, 0.000000, 0.000000, 0.999403, 0.034548, 0.000000, -0.034548, 0.999403),

              ["LeftFoot"] = CFrame.new(0.000000, 0.032565, -0.000001, 0.997957, -0.048874, -0.041152, 0.059401, 0.946924, 0.315949, 0.023526, -0.317719, 0.947883),

              ["LeftHand"] = CFrame.new(0.000483, 0.025808, 0.000000, 0.996817, -0.068816, 0.040243, 0.078930, 0.922813, -0.377077, -0.011188, 0.379051, 0.925307),

              ["LeftLowerArm"] = CFrame.new(-0.000499, 0.119890, 0.102286, 1.000000, -0.000000, 0.000000, 0.000000, -0.057952, -0.998319, 0.000000, 0.998319, -0.057953),

              ["LeftLowerLeg"] = CFrame.new(0.000000, 0.126050, -0.098620, 1.000000, -0.000000, -0.000000, 0.000000, -0.022042, 0.999757, -0.000000, -0.999757, -0.022054),

              ["LeftUpperArm"] = CFrame.new(0.332532, -0.074816, -0.250367, 0.935007, 0.346394, 0.075973, -0.136672, 0.549666, -0.824129, -0.327234, 0.760183, 0.561284),

              ["LeftUpperLeg"] = CFrame.new(0.000000, 0.000000, -0.000100, 0.930184, 0.306094, -0.202638, -0.359236, 0.645393, -0.674091, -0.075555, 0.699839, 0.710310),

              ["LowerTorso"] = CFrame.new(0.020761, 1.310129, 0.732624, 0.997456, -0.051902, -0.048855, 0.005822, -0.623793, 0.781568, -0.071040, -0.779864, -0.621904),

              ["RightFoot"] = CFrame.new(0.000000, 0.032590, -0.000101, 0.995813, 0.069925, 0.058879, -0.071386, 0.997182, 0.023096, -0.057094, -0.027189, 0.997998),

              ["RightHand"] = CFrame.new(-0.000482, 0.026747, 0.000000, 0.987377, -0.136718, 0.079972, 0.131865, 0.989256, 0.063129, -0.087742, -0.051786, 0.994796),

              ["RightLowerArm"] = CFrame.new(-0.000002, 0.115731, 0.126310, 1.000000, 0.000000, -0.000000, -0.000000, -0.307520, -0.951541, -0.000000, 0.951542, -0.307521),

              ["RightLowerLeg"] = CFrame.new(-0.000000, 0.125805, -0.095845, 1.000000, 0.000000, 0.000000, -0.000000, 0.007870, 0.999969, 0.000000, -0.999969, 0.007857),

              ["RightUpperArm"] = CFrame.new(-0.259336, -0.135277, -0.240206, 0.928926, -0.353001, 0.111747, 0.239773, 0.343519, -0.908022, 0.282145, 0.870279, 0.403744),

              ["RightUpperLeg"] = CFrame.new(-0.000000, -0.000000, 0.000000, 0.989985, -0.035376, 0.136666, 0.082426, 0.930786, -0.356128, -0.114608, 0.363850, 0.924389),

              ["UpperTorso"] = CFrame.new(-0.001520, -0.032704, 0.003720, 0.997456, 0.053641, 0.046939, -0.051902, 0.997947, -0.037521, -0.048855, 0.034989, 0.998193)

          }},

          {Time = 0.400, Data = {

              ["Head"] = CFrame.new(-0.000000, 0.000000, 0.000000, 1.000000, -0.000000, 0.000000, -0.000000, 0.999178, 0.040535, 0.000000, -0.040535, 0.999178),

              ["LeftFoot"] = CFrame.new(-0.000000, 0.029048, -0.000002, 0.998763, -0.038041, -0.032031, 0.046854, 0.935693, 0.349716, 0.016667, -0.350759, 0.936308),

              ["LeftHand"] = CFrame.new(0.000488, 0.018192, -0.000000, 0.996814, 0.068534, -0.040807, -0.063003, 0.990264, 0.124131, 0.048916, -0.121163, 0.991426),

              ["LeftLowerArm"] = CFrame.new(-0.000500, 0.091621, 0.034165, 1.000000, -0.000000, -0.000000, 0.000000, 0.649143, -0.760667, 0.000000, 0.760667, 0.649143),

              ["LeftLowerLeg"] = CFrame.new(0.000000, 0.117850, -0.062130, 1.000000, -0.000000, -0.000000, 0.000000, 0.357569, 0.933892, -0.000000, -0.933887, 0.357554),

              ["LeftUpperArm"] = CFrame.new(-0.159802, 0.033154, -0.592711, -0.061905, 0.858220, -0.509534, 0.080545, -0.504553, -0.859616, -0.994827, -0.094255, -0.037891),

              ["LeftUpperLeg"] = CFrame.new(-0.000000, -0.000000, -0.000100, 0.996874, 0.078427, 0.009535, -0.072427, 0.955405, -0.286253, -0.031560, 0.284693, 0.958107),

              ["LowerTorso"] = CFrame.new(0.018389, -0.820065, 1.191416, 0.998057, -0.045971, -0.042068, 0.037749, -0.091081, 0.995128, -0.049579, -0.994782, -0.089169),

              ["RightFoot"] = CFrame.new(-0.000000, 0.032997, -0.000101, 0.999997, -0.001929, -0.001624, 0.001586, 0.981803, -0.189899, 0.001961, 0.189894, 0.981802),

              ["RightHand"] = CFrame.new(-0.000488, 0.017570, -0.000000, 0.972903, -0.199313, 0.117196, 0.197152, 0.979918, 0.029872, -0.120795, -0.005957, 0.992659),

              ["RightLowerArm"] = CFrame.new(0.000000, 0.089836, 0.032517, 1.000000, 0.000000, 0.000000, -0.000000, 0.666244, -0.745734, -0.000000, 0.745734, 0.666244),

              ["RightLowerLeg"] = CFrame.new(0.000000, 0.125843, -0.101175, 1.000000, 0.000000, 0.000000, -0.000000, -0.047646, 0.998864, 0.000000, -0.998864, -0.047658),

              ["RightUpperArm"] = CFrame.new(0.186935, 0.029172, -0.603702, 0.022914, -0.804421, 0.593618, -0.089959, -0.593024, -0.800144, 0.995682, -0.035067, -0.085954),

              ["RightUpperLeg"] = CFrame.new(-0.000000, -0.000000, 0.000000, 0.997992, 0.058139, 0.025121, -0.048261, 0.954945, -0.292810, -0.041013, 0.291034, 0.955841),

              ["UpperTorso"] = CFrame.new(-0.000888, -0.026636, 0.008041, 0.998057, 0.039546, 0.048158, -0.045971, 0.988997, 0.140612, -0.042068, -0.142553, 0.988893)

          }},

          {Time = 0.433, Data = {

              ["Head"] = CFrame.new(-0.000000, 0.000000, -0.000000, 1.000000, 0.000000, -0.000000, -0.000000, 0.998900, 0.046890, 0.000000, -0.046890, 0.998900),

              ["LeftFoot"] = CFrame.new(-0.000000, 0.019258, -0.000003, 0.999526, -0.023560, -0.019838, 0.013437, 0.913142, -0.407444, 0.027713, 0.406959, 0.913015),

              ["LeftHand"] = CFrame.new(0.000484, 0.024164, 0.000000, 0.992689, 0.103952, -0.061332, -0.090676, 0.977692, 0.189466, 0.079659, -0.182517, 0.979970),

              ["LeftLowerArm"] = CFrame.new(-0.000499, 0.116434, 0.073655, 1.000000, -0.000000, -0.000000, 0.000000, 0.239290, -0.970948, 0.000000, 0.970948, 0.239290),

              ["LeftLowerLeg"] = CFrame.new(0.000000, 0.087351, -0.027726, 1.000000, -0.000000, -0.000000, 0.000000, 0.715278, 0.698844, -0.000000, -0.698840, 0.715275),

              ["LeftUpperArm"] = CFrame.new(-0.139605, -0.129714, -0.587134, -0.031860, 0.990500, -0.133774, -0.244113, -0.137500, -0.959949, -0.969223, 0.002072, 0.246175),

              ["LeftUpperLeg"] = CFrame.new(0.000000, -0.000000, -0.000100, 0.996444, 0.053462, 0.065132, -0.055301, 0.998111, 0.026777, -0.063578, -0.030260, 0.997517),

              ["LowerTorso"] = CFrame.new(0.013384, -1.435122, 0.927473, 0.998675, -0.033461, -0.039100, 0.050371, 0.479917, 0.875867, -0.010543, -0.876676, 0.480966),

              ["RightFoot"] = CFrame.new(-0.000000, 0.018414, -0.000103, 0.999798, 0.015360, 0.012933, -0.009590, 0.931149, -0.364537, -0.017641, 0.364316, 0.931099),

              ["RightHand"] = CFrame.new(-0.000484, 0.024137, -0.000000, 0.963551, -0.230746, 0.135373, 0.213560, 0.968207, 0.130264, -0.161126, -0.096604, 0.982194),

              ["RightLowerArm"] = CFrame.new(-0.000000, 0.116895, 0.074988, 1.000000, 0.000000, 0.000000, -0.000000, 0.225468, -0.974251, -0.000000, 0.974251, 0.225468),

              ["RightLowerLeg"] = CFrame.new(-0.000000, 0.084058, -0.025778, 1.000000, 0.000000, 0.000000, -0.000000, 0.736517, 0.676422, 0.000000, -0.676419, 0.736514),

              ["RightUpperArm"] = CFrame.new(0.170119, -0.134518, -0.596798, 0.045163, -0.972069, 0.230309, 0.236977, -0.213539, -0.947757, 0.970465, 0.097382, 0.220713),

              ["RightUpperLeg"] = CFrame.new(-0.000000, -0.000000, -0.000000, 0.999128, 0.034993, 0.022791, -0.035289, 0.999296, 0.012765, -0.022328, -0.013535, 0.999659),

              ["UpperTorso"] = CFrame.new(-0.000096, -0.012827, 0.008526, 0.998675, 0.013886, 0.049554, -0.033461, 0.906789, 0.420255, -0.039100, -0.421357, 0.906052)

          }},

          {Time = 0.467, Data = {

              ["Head"] = CFrame.new(-0.000000, 0.000000, -0.000000, 1.000000, -0.000000, -0.000000, 0.000000, 0.998563, 0.053590, 0.000000, -0.053590, 0.998563),

              ["LeftFoot"] = CFrame.new(-0.000000, -0.029327, -0.000003, 0.999645, -0.020375, -0.017156, 0.018230, 0.992960, -0.117036, 0.019419, 0.116686, 0.992980),

              ["LeftHand"] = CFrame.new(0.000483, 0.025836, 0.000000, 0.975387, 0.190231, -0.111505, -0.176907, 0.976975, 0.119265, 0.131624, -0.096602, 0.986581),

              ["LeftLowerArm"] = CFrame.new(-0.000499, 0.119864, 0.102886, 1.000000, -0.000000, 0.000000, 0.000000, -0.064183, -0.997938, 0.000000, 0.997938, -0.064184),

              ["LeftLowerLeg"] = CFrame.new(0.000000, -0.028824, -0.000281, 1.000000, 0.000000, -0.000000, -0.000000, 1.000000, -0.000008, -0.000000, -0.000011, 1.000000),

              ["LeftUpperArm"] = CFrame.new(-0.098501, -0.195499, -0.571151, 0.042368, 0.968148, 0.246768, -0.374850, 0.244350, -0.894305, -0.926117, -0.054611, 0.373262),

              ["LeftUpperLeg"] = CFrame.new(0.000000, -0.000000, -0.000100, 0.998189, 0.000968, 0.060156, -0.035015, 0.822439, 0.567779, -0.048925, -0.568852, 0.820980),

              ["LowerTorso"] = CFrame.new(0.009252, -1.523575, 0.635831, 0.998880, -0.023130, -0.041288, 0.047107, 0.569660, 0.820530, 0.004542, -0.821555, 0.570111),

              ["RightFoot"] = CFrame.new(-0.000000, -0.027200, -0.000103, 0.999244, 0.029735, 0.025038, -0.027341, 0.995469, -0.091066, -0.027630, 0.090318, 0.995530),

              ["RightHand"] = CFrame.new(-0.000483, 0.025927, 0.000000, 0.930563, -0.316001, 0.184925, 0.303533, 0.948272, 0.092999, -0.204745, -0.030409, 0.978342),

              ["RightLowerArm"] = CFrame.new(-0.000001, 0.119678, 0.107054, 1.000000, 0.000000, -0.000000, -0.000000, -0.107486, -0.994207, -0.000000, 0.994207, -0.107487),

              ["RightLowerLeg"] = CFrame.new(0.000000, -0.027104, -0.000355, 1.000000, 0.000000, 0.000000, 0.000000, 1.000000, -0.000008, -0.000000, -0.000011, 1.000000),

              ["RightUpperArm"] = CFrame.new(0.134991, -0.206140, -0.575348, 0.106642, -0.983431, -0.146598, 0.380238, 0.176568, -0.907878, 0.918720, 0.041076, 0.392768),

              ["RightUpperLeg"] = CFrame.new(0.000000, -0.000000, -0.000000, 0.999678, 0.001598, 0.025329, -0.015196, 0.837032, 0.546948, -0.020327, -0.547152, 0.836783),

              ["UpperTorso"] = CFrame.new(-0.000000, -0.000000, -0.000000, 0.998880, 0.001876, 0.047288, -0.023130, 0.891094, 0.453229, -0.041288, -0.453815, 0.890139)

          }},

          {Time = 0.500, Data = {

              ["Head"] = CFrame.new(0.000000, 0.000000, -0.000000, 1.000000, -0.000000, -0.000000, 0.000000, 0.998162, 0.060609, -0.000000, -0.060609, 0.998162),

              ["LeftFoot"] = CFrame.new(0.000000, 0.018456, -0.000003, 0.972543, -0.178023, -0.149900, 0.211612, 0.944517, 0.251225, 0.096852, -0.276035, 0.956251),

              ["LeftHand"] = CFrame.new(0.000483, 0.025717, -0.000000, 0.998404, 0.048555, -0.028845, -0.039521, 0.965518, 0.257324, 0.040344, -0.255770, 0.965895),

              ["LeftLowerArm"] = CFrame.new(-0.000499, 0.119947, 0.100304, 1.000000, -0.000000, 0.000000, 0.000000, -0.037372, -0.999301, 0.000000, 0.999301, -0.037373),

              ["LeftLowerLeg"] = CFrame.new(-0.000000, 0.084984, -0.026150, 1.000000, -0.000000, -0.000000, 0.000000, 0.731628, 0.681707, -0.000000, -0.681704, 0.731625),

              ["LeftUpperArm"] = CFrame.new(-0.043963, -0.125157, -0.592305, 0.146309, 0.847558, 0.510136, -0.233631, 0.530702, -0.814722, -0.961255, 0.000018, 0.275662),

