return {
    ["Shift"] = {
        {Time = 0.000, Data = {
            ["RightFoot"] = CFrame.new(-4.0978193283081055e-08, 2.384185791015625e-07, 1.6596459317952394e-08, 0.9995729327201843, 0.028319263830780983, 0.00721899326890707, -0.022391343489289284, 0.9008526802062988, -0.433546781539917, -0.018780771642923355, 0.43320026993751526, 0.9011021256446838),
            ["LeftLowerArm"] = CFrame.new(-1.1920928955078125e-07, 5.960464477539062e-07, -1.7881393432617188e-07, 1, -3.725287456290971e-08, -1.4901161193847656e-08, -1.4901161193847656e-08, 0.9999865293502808, -0.005190514028072357, 1.4901161193847656e-08, 0.005190465599298477, 0.9999865889549255),
            ["LeftFoot"] = CFrame.new(-2.60770320892334e-08, -1.1920928955078125e-07, -3.3527612686157227e-08, 0.9928579330444336, 0.11560581624507904, 0.02946915663778782, -0.10316982865333557, 0.9560321569442749, -0.2745155990123749, -0.05990909785032272, 0.2695144712924957, 0.9611310362815857),
            ["Head"] = CFrame.new(5.029141902923584e-08, 1.1920928955078125e-07, 1.4435499906539917e-08, 0.37214142084121704, 0.025468189269304276, -0.9278266429901123, -0.5632046461105347, 0.8007615804672241, -0.20391510426998138, 0.7377745509147644, 0.5984415411949158, 0.3123403489589691),
            ["LowerTorso"] = CFrame.new(-0.18443100154399872, -0.15345525741577148, 0.2789435386657715, 0.38142815232276917, -0.12797386944293976, 0.9154973030090332, 0.017838452011346817, 0.9912054538726807, 0.13112466037273407, -0.9242264628410339, -0.03368358314037323, 0.38035643100738525),
            ["UpperTorso"] = CFrame.new(-3.725290298461914e-09, -8.940696716308594e-08, 3.725290298461914e-08, 0.9956026673316956, 0.09113641828298569, 0.021671008318662643, -0.09326493740081787, 0.9860174059867859, 0.13809941709041595, -0.008782192133367062, -0.13951325416564941, 0.9901812672615051),
            ["HumanoidRootPart"] = CFrame.new(0, 0, 0, 1, 0, 0, 0, 1, 0, 0, 0, 1),
            ["RightUpperLeg"] = CFrame.new(0, -2.210726961493492e-07, -1.2405507732182741e-08, 0.9836764335632324, -0.033405255526304245, -0.17681871354579926, -0.09691724181175232, 0.729571521282196, -0.6770026683807373, 0.15161719918251038, 0.6830881834030151, 0.7144246101379395),
            ["LeftUpperArm"] = CFrame.new(0, 1.1920928955078125e-07, -1.7881393432617188e-07, 0.463003933429718, 0.20512576401233673, -0.8622941374778748, -0.3032670319080353, -0.8774746656417847, -0.3715743124485016, -0.8328604102134705, 0.43354564905166626, -0.3440660536289215),
            ["RightLowerArm"] = CFrame.new(3.5762786865234375e-07, -1.1920928955078125e-07, -3.725290298461914e-08, 1, -3.166496043149891e-08, 8.940695295223122e-08, -3.166497108963995e-08, 0.9999842047691345, -0.005619130562990904, 0, 0.005619137082248926, 0.9999842047691345),
            ["LeftHand"] = CFrame.new(-2.384185791015625e-07, -1.1920928955078125e-07, 1.1920928955078125e-07, 0.09138672798871994, 0.5711168646812439, -0.8157660365104675, -0.9958121180534363, 0.05455069616436958, -0.07336541265249252, 0.0026003883685916662, 0.8190540671348572, 0.5737102031707764),
            ["RightHand"] = CFrame.new(-5.960464477539063e-08, -2.384185791015625e-07, 0, 0.45422112941741943, -0.8302469849586487, 0.3230684697628021, 0.8901395797729492, 0.40807461738586426, -0.20279724895954132, 0.0365356020629406, 0.37969082593917847, 0.9243917465209961),
            ["RightUpperArm"] = CFrame.new(2.384185791015625e-07, 1.1920928955078125e-07, 0, 0.5055639743804932, 0.3895827829837799, 0.7698250412940979, 0.5857266187667847, -0.8101133108139038, 0.02530962973833084, 0.6335057020187378, 0.43811145424842834, -0.6377530694007874),
            ["RightLowerLeg"] = CFrame.new(-1.4901161193847656e-08, -0.00012201070785522461, -0.00007748434290988371, 1, -9.313223614526578e-08, -4.4703490686970326e-08, 5.5879347371501353e-08, 0.6159506440162659, 0.7877844572067261, -1.2293456563838845e-07, -0.78778475522995, 0.6159511804580688),
            ["LeftUpperLeg"] = CFrame.new(5.960464477539063e-08, -2.5331974029541016e-07, 2.9802322387695312e-08, 0.9883688688278198, -0.15195061266422272, 0.006163385696709156, 0.11493293941020966, 0.7198182940483093, -0.6845817565917969, 0.09958606958389282, 0.6773276329040527, 0.7289100885391235),
            ["LeftLowerLeg"] = CFrame.new(8.940696716308594e-08, 0.0001227259635925293, 0.0000776052474975586, 1, 4.470348358154297e-08, 1.1175870895385742e-07, -1.2665987014770508e-07, 0.6903967261314392, 0.7234311103820801, 3.725290298461914e-08, -0.7234309911727905, 0.6903966665267944),
        }},
        {Time = 0.017, Data = {
            ["HumanoidRootPart"] = CFrame.new(0, 0, 0, 1, 0, 0, 0, 1, 0, 0, 0, 1),
            ["UpperTorso"] = CFrame.new(0, 0, 0, 1, 0, 0, 0, 1, 0, 0, 0, 1),
            ["LowerTorso"] = CFrame.new(0, 0, 0, 1, 0, 0, 0, 1, 0, 0, 0, 1),
            ["Head"] = CFrame.new(0, 0, 0, 1, 0, 0, 0, 1, 0, 0, 0, 1),
        }},
        {Time = 0.033, Data = {
            ["HumanoidRootPart"] = CFrame.new(0, 0, 0, 1, 0, 0, 0, 1, 0, 0, 0, 1),
            ["UpperTorso"] = CFrame.new(0, 0, 0, 1, 0, 0, 0, 1, 0, 0, 0, 1),
            ["LowerTorso"] = CFrame.new(0, 0, 0, 1, 0, 0, 0, 1, 0, 0, 0, 1),
            ["Head"] = CFrame.new(0, 0, 0, 1, 0, 0, 0, 1, 0, 0, 0, 1),
        }},
        {Time = 0.035, Data = {
            ["RightFoot"] = CFrame.new(-3.166496753692627e-08, 4.172325134277344e-07, 4.639878170564771e-08, 0.9996232390403748, -0.02660120278596878, -0.006780740339308977, 0.02076471783220768, 0.8942599296569824, -0.4470657706260681, 0.017956212162971497, 0.44675686955451965, 0.8944754600524902),
            ["LeftLowerArm"] = CFrame.new(-2.980232238769531e-07, 6.556510925292969e-07, 2.980232238769531e-07, 1, 7.450581485102248e-09, -7.450579886381092e-08, 4.4703490686970326e-08, 0.9999865293502808, -0.005190625321120024, -4.4703490686970326e-08, 0.005190745461732149, 0.9999865293502808),
            ["LeftFoot"] = CFrame.new(-1.043081283569336e-07, 0, -5.21540641784668e-08, 0.9943997859954834, 0.10240943729877472, 0.02610538899898529, -0.08775299042463303, 0.9377487897872925, -0.3360455632209778, -0.05889466777443886, 0.33187294006347656, 0.9414838552474976),
            ["Head"] = CFrame.new(2.7939677238464355e-08, -1.1920928955078125e-07, -4.470348358154297e-08, 0.3509093225002289, 0.0388224832713604, -0.935604453086853, -0.5228805541992188, 0.8369898200035095, -0.16138191521167755, 0.7768260836601257, 0.5458397269248962, 0.3140070140361786),
            ["LowerTorso"] = CFrame.new(-0.19763977825641632, -0.2387409210205078, 0.2510886490345001, 0.3319287598133087, -0.09560776501893997, 0.9384468793869019, 0.03590216115117073, 0.995410144329071, 0.08871249109506607, -0.9426209926605225, 0.004246042110025883, 0.33383774757385254),
            ["UpperTorso"] = CFrame.new(-7.450580596923828e-09, 8.940696716308594e-08, -1.4901161193847656e-08, 0.9948753118515015, 0.09952595829963684, -0.017826395109295845, -0.09537572413682938, 0.9822834134101868, 0.16131596267223358, 0.03356568142771721, -0.15878905355930328, 0.9867419004440308),
            ["HumanoidRootPart"] = CFrame.new(0, 0, 0, 1, 0, 0, 0, 1, 0, 0, 0, 1),
            ["RightUpperLeg"] = CFrame.new(-2.9802322387695312e-08, 2.735760062932968e-07, 4.487083060666919e-08, 0.9868488311767578, 0.003940308932214975, -0.1615983247756958, -0.11755746603012085, 0.7036617994308472, -0.7007429003715515, 0.11094936728477478, 0.7105242609977722, 0.6948708891868591),
            ["LeftUpperArm"] = CFrame.new(0, -2.384185791015625e-07, -1.1920928955078125e-07, 0.4872899651527405, 0.20636039972305298, -0.8485068082809448, -0.33493345975875854, -0.853193998336792, -0.3998495936393738, -0.806454062461853, 0.47903597354888916, -0.34663620591163635),
            ["RightLowerArm"] = CFrame.new(0, 3.5762786865234375e-07, 9.685754776000977e-08, 1, 5.215408194203519e-08, -1.4901146982992941e-08, 4.0978189730367376e-08, 0.9583476781845093, -0.28560367226600647, 4.470347647611561e-08, 0.2856040894985199, 0.9583478569984436),
            ["LeftHand"] = CFrame.new(5.960464477539063e-08, -5.960464477539062e-07, -8.940696716308594e-08, 0.10409338027238846, 0.5419164299964905, -0.8339610695838928, -0.9944808483123779, 0.0456412099301815, -0.09447094798088074, -0.013132333755493164, 0.8391921520233154, 0.5436766147613525),
            ["RightHand"] = CFrame.new(4.172325134277344e-07, -1.1920928955078125e-07, -1.4901161193847656e-08, 0.39687231183052063, -0.855209469795227, 0.33333098888397217, 0.9147443771362305, 0.338553786277771, -0.22050955891609192, 0.07573101669549942, 0.39242616295814514, 0.9166603088378906),
            ["RightUpperArm"] = CFrame.new(-1.1920928955078125e-07, -2.384185791015625e-07, -1.4901161193847656e-08, 0.6141120791435242, 0.287893146276474, 0.7348359227180481, 0.6388223171234131, -0.7280725836753845, -0.2486291527748108, 0.46343544125556946, 0.6221157312393188, -0.6310306787490845),
            ["RightLowerLeg"] = CFrame.new(-6.705522537231445e-08, -0.00012224912643432617, -0.00007709691271884367, 1, -1.415610029198433e-07, -6.705523958316917e-08, 1.30385160446167e-07, 0.49664998054504395, 0.8679507374763489, -1.2665987014770508e-07, -0.8679509162902832, 0.4966503381729126),
            ["LeftUpperLeg"] = CFrame.new(0, 4.423782229423523e-09, -4.470348358154297e-08, 0.9881857633590698, -0.15311221778392792, -0.006751670502126217, 0.09676048159599304, 0.6574435234069824, -0.7472653388977051, 0.11885438114404678, 0.7377837300300598, 0.6644914746284485),
            ["LeftLowerLeg"] = CFrame.new(1.341104507446289e-07, 0.00012248754501342773, 0.00007750838994979858, 1, 1.1641532182693481e-08, 4.4703490686970326e-08, -8.940698847936801e-08, 0.5130771994590759, 0.8583426475524902, 5.960465898624534e-08, -0.8583425283432007, 0.5130770206451416),
        }},
        {Time = 0.050, Data = {
            ["HumanoidRootPart"] = CFrame.new(0, 0, 0, 1, 0, 0, 0, 1, 0, 0, 0, 1),
            ["UpperTorso"] = CFrame.new(0, 0, 0, 1, 0, 0, 0, 1, 0, 0, 0, 1),
            ["LowerTorso"] = CFrame.new(0, 0, 0, 1, 0, 0, 0, 1, 0, 0, 0, 1),
            ["Head"] = CFrame.new(0, 0, 0, 1, 0, 0, 0, 1, 0, 0, 0, 1),
        }},
        {Time = 0.067, Data = {
            ["HumanoidRootPart"] = CFrame.new(0, 0, 0, 1, 0, 0, 0, 1, 0, 0, 0, 1),
            ["UpperTorso"] = CFrame.new(0, 0, 0, 1, 0, 0, 0, 1, 0, 0, 0, 1),
            ["LowerTorso"] = CFrame.new(0, 0, 0, 1, 0, 0, 0, 1, 0, 0, 0, 1),
            ["Head"] = CFrame.new(0, 0, 0, 1, 0, 0, 0, 1, 0, 0, 0, 1),
        }},
        {Time = 0.069, Data = {
            ["RightFoot"] = CFrame.new(3.166496753692627e-08, 1.1920928955078125e-07, 9.145878721028566e-09, 0.9965371489524841, -0.08057302236557007, -0.020539045333862305, 0.05970919877290726, 0.8653398156166077, -0.4976159334182739, 0.05786752328276634, 0.49466654658317566, 0.8671543598175049),
            ["LeftLowerArm"] = CFrame.new(-5.960464477539063e-08, -1.1920928955078125e-07, -3.5762786865234375e-07, 1, -1.862645149230957e-08, 2.9802322387695312e-08, -1.4901162970204496e-08, 0.9999865293502808, -0.005191214382648468, 0, 0.005191240459680557, 0.9999865293502808),
            ["LeftFoot"] = CFrame.new(3.725290298461914e-09, -1.1920928955078125e-07, 3.725290298461914e-08, 0.9947822093963623, 0.09886067360639572, 0.02520071156322956, -0.0801394134759903, 0.9100611209869385, -0.40665292739868164, -0.0631362795829773, 0.4025114178657532, 0.9132351875305176),
            ["Head"] = CFrame.new(0, 0, -9.313225746154785e-09, 0.35549619793891907, 0.056416478008031845, -0.9329736232757568, -0.4393537640571594, 0.8911120295524597, -0.11352431029081345, 0.8249793648719788, 0.45026281476020813, 0.34157365560531616),
            ["LowerTorso"] = CFrame.new(-0.23054595291614532, -0.33431363105773926, 0.21767719089984894, 0.29584142565727234, -0.04080832749605179, 0.9543649554252625, 0.06316210329532623, 0.997736394405365, 0.023083390668034554, -0.9531465768814087, 0.053450677543878555, 0.29774928092956543),
            ["UpperTorso"] = CFrame.new(2.2351741790771484e-08, -2.086162567138672e-07, 1.4901161193847656e-08, 0.9912810325622559, 0.11346826702356339, -0.06698562949895859, -0.09991895407438278, 0.97871994972229, 0.179230734705925, 0.08589722961187363, -0.17097491025924683, 0.9815240502357483),
            ["HumanoidRootPart"] = CFrame.new(0, 0, 0, 1, 0, 0, 0, 1, 0, 0, 0, 1),
            ["RightUpperLeg"] = CFrame.new(0, 1.2246891856193542e-07, -5.420588422566652e-09, 0.9806254506111145, 0.023704251274466515, -0.19445312023162842, -0.15403327345848083, 0.706591010093689, -0.690653920173645, 0.12102741748094559, 0.7072250843048096, 0.6965523958206177),
            ["LeftUpperArm"] = CFrame.new(0, 1.1920928955078125e-07, 1.4901161193847656e-07, 0.5182584524154663, 0.22272172570228577, -0.8257136940956116, -0.3802151083946228, -0.8048274517059326, -0.45572972297668457, -0.7660579681396484, 0.5501344799995422, -0.3324264585971832),
            ["RightLowerArm"] = CFrame.new(-3.2782554626464844e-07, -2.384185791015625e-07, -3.5390257835388184e-08, 1, -7.450583439094771e-08, 1.0430811414607888e-07, 4.470348358154297e-08, 0.7288312911987305, -0.6846930384635925, 7.636845111846924e-08, 0.6846933960914612, 0.7288316488265991),
            ["LeftHand"] = CFrame.new(-1.1920928955078125e-07, -3.5762786865234375e-07, 5.960464477539063e-08, 0.1118813157081604, 0.5079767107963562, -0.8540740013122559, -0.9934013485908508, 0.03535591438412666, -0.109104223549366, -0.025225704535841942, 0.8606448769569397, 0.5085803866386414),
            ["RightHand"] = CFrame.new(4.470348358154297e-07, -2.980232238769531e-07, -1.1920928955078125e-07, 0.36750558018684387, -0.8236081600189209, 0.4319831132888794, 0.9300203919410706, 0.3248065412044525, -0.17193850874900818, 0.0012987476075068116, 0.46494126319885254, 0.8853404521942139),
            ["RightUpperArm"] = CFrame.new(0, 2.384185791015625e-07, 6.705522537231445e-08, 0.7103137373924255, 0.15974339842796326, 0.6855190396308899, 0.6686272621154785, -0.4574988782405853, -0.5862018465995789, 0.21998241543769836, 0.8747438788414001, -0.4317765533924103),
            ["RightLowerLeg"] = CFrame.new(-2.9802322387695312e-08, -0.00012218952178955078, -0.00007736513362033293, 1, -1.2665985593685036e-07, -9.313227167240257e-08, 1.3411046495548362e-07, 0.35784387588500977, 0.9337813258171082, -4.4703490686970326e-08, -0.9337815046310425, 0.35784417390823364),
            ["LeftUpperLeg"] = CFrame.new(0, -6.891787052154541e-08, -3.725290298461914e-09, 0.987952709197998, -0.15284757316112518, -0.024227570742368698, 0.07638076692819595, 0.6177552342414856, -0.7826520800590515, 0.13459326326847076, 0.77137291431427, 0.6219878196716309),
            ["LeftLowerLeg"] = CFrame.new(1.4901161193847656e-08, 0.0001226663589477539, 0.0000774487853050232, 1, 6.705522537231445e-08, 1.2665987014770508e-07, -6.705522537231445e-08, 0.3101631999015808, 0.9506834149360657, 8.195638656616211e-08, -0.9506834149360657, 0.3101631700992584),
        }},
        {Time = 0.083, Data = {
            ["HumanoidRootPart"] = CFrame.new(0, 0, 0, 1, 0, 0, 0, 1, 0, 0, 0, 1),
            ["UpperTorso"] = CFrame.new(0, 0, 0, 1, 0, 0, 0, 1, 0, 0, 0, 1),
            ["LowerTorso"] = CFrame.new(0, 0, 0, 1, 0, 0, 0, 1, 0, 0, 0, 1),
            ["Head"] = CFrame.new(0, 0, 0, 1, 0, 0, 0, 1, 0, 0, 0, 1),
        }},
        {Time = 0.100, Data = {
            ["HumanoidRootPart"] = CFrame.new(0, 0, 0, 1, 0, 0, 0, 1, 0, 0, 0, 1),
            ["UpperTorso"] = CFrame.new(0, 0, 0, 1, 0, 0, 0, 1, 0, 0, 0, 1),
            ["LowerTorso"] = CFrame.new(0, 0, 0, 1, 0, 0, 0, 1, 0, 0, 0, 1),
            ["Head"] = CFrame.new(0, 0, 0, 1, 0, 0, 0, 1, 0, 0, 0, 1),
        }},
        {Time = 0.103, Data = {
            ["RightFoot"] = CFrame.new(-9.313225746154785e-09, 1.7881393432617188e-07, 4.639878170564771e-08, 0.9962313771247864, -0.08404872566461563, -0.021424712613224983, 0.057574108242988586, 0.8255351185798645, -0.5614055395126343, 0.06487224251031876, 0.5580570101737976, 0.8272634744644165),
            ["LeftLowerArm"] = CFrame.new(-2.086162567138672e-07, -5.960464477539063e-08, 1.7881393432617188e-07, 1, 3.7252894102834944e-09, 1.4901157641133977e-08, -1.1175870895385742e-08, 0.9999865293502808, -0.005189745221287012, -1.4901161193847656e-08, 0.005189588759094477, 0.9999865889549255),
            ["LeftFoot"] = CFrame.new(4.0978193283081055e-08, -5.960464477539063e-08, -4.470348358154297e-08, 0.9921512603759766, 0.12116903066635132, 0.030887607485055923, -0.08995050936937332, 0.8631764650344849, -0.4968249797821045, -0.08686122298240662, 0.4901474118232727, 0.8673009872436523),
            ["Head"] = CFrame.new(2.9802322387695312e-08, 1.1920928955078125e-07, -1.862645149230957e-08, 0.38671278953552246, 0.06779082119464874, -0.9197052121162415, -0.3137815296649933, 0.947462260723114, -0.06210041791200638, 0.8671761751174927, 0.3126015365123749, 0.3876672685146332),
            ["LowerTorso"] = CFrame.new(-0.28753387928009033, -0.41468167304992676, 0.18132752180099487, 0.2848309278488159, 0.054353173822164536, 0.9570356011390686, 0.08080042153596878, 0.9934766888618469, -0.08047042787075043, -0.9551662802696228, 0.10024935752153397, 0.2785811424255371),
            ["UpperTorso"] = CFrame.new(7.450580596923828e-09, -8.940696716308594e-08, -2.60770320892334e-08, 0.9868618249893188, 0.11344978213310242, -0.11503416299819946, -0.08795218914747238, 0.9744796752929688, 0.20652833580970764, 0.135529026389122, -0.19369745254516602, 0.9716548919677734),
            ["HumanoidRootPart"] = CFrame.new(0, 0, 0, 1, 0, 0, 0, 1, 0, 0, 0, 1),
            ["RightUpperLeg"] = CFrame.new(0, 7.729977369308472e-08, -4.639878170564771e-08, 0.9749851822853088, 0.028796155005693436, -0.22039693593978882, -0.16570203006267548, 0.7550569772720337, -0.6343751549720764, 0.14814461767673492, 0.6550265550613403, 0.7409408688545227),
            ["LeftUpperArm"] = CFrame.new(2.384185791015625e-07, 1.1920928955078125e-07, -9.685754776000977e-08, 0.5621281862258911, 0.2562306523323059, -0.7863574624061584, -0.42635223269462585, -0.7249448299407959, -0.5409978032112122, -0.7086858749389648, 0.6393753290176392, -0.2982674539089203),
            ["RightLowerArm"] = CFrame.new(-1.7881393432617188e-07, -1.1920928955078125e-07, 2.384185791015625e-07, 1, -5.960464477539063e-08, 4.4703469370688254e-08, 2.2351745343485163e-08, 0.25177016854286194, -0.9677870869636536, 1.7136336794010276e-07, 0.9677870869636536, 0.25177016854286194),
            ["LeftHand"] = CFrame.new(5.960464477539063e-08, 2.384185791015625e-07, -2.384185791015625e-07, 0.1086636409163475, 0.49660080671310425, -0.8611505031585693, -0.9935618042945862, 0.026326360180974007, -0.11019023507833481, -0.03205002844333649, 0.8675798177719116, 0.4962640106678009),
            ["RightHand"] = CFrame.new(-2.980232238769531e-07, -2.384185791015625e-07, 4.470348358154297e-08, 0.3846222758293152, -0.6978050470352173, 0.6042630672454834, 0.8977282047271729, 0.43512335419654846, -0.06893584132194519, -0.21482497453689575, 0.5689778327941895, 0.7937971949577332),
            ["RightUpperArm"] = CFrame.new(2.384185791015625e-07, 1.1920928955078125e-07, 2.1653249859809875e-08, 0.7811064124107361, 0.050647854804992676, 0.6223405599594116, 0.6196932196617126, 0.05924161896109581, -0.7826050519943237, -0.07650560140609741, 0.9969580173492432, 0.014887895435094833),
            ["RightLowerLeg"] = CFrame.new(-1.862645149230957e-08, -0.00012236833572387695, -0.00007735023245913908, 1, -1.2665985593685036e-07, -5.215408194203519e-08, 1.788139627478813e-07, 0.23082351684570312, 0.9729956388473511, -5.2154071283894154e-08, -0.9729956984519958, 0.23082365095615387),
            ["LeftUpperLeg"] = CFrame.new(5.960464477539063e-08, -8.568167686462402e-08, -7.450580596923828e-09, 0.987847089767456, -0.15316922962665558, -0.02640802040696144, 0.07996641844511032, 0.6465387344360352, -0.7586785554885864, 0.13328005373477936, 0.7473466396331787, 0.6509297490119934),
            ["LeftLowerLeg"] = CFrame.new(-2.9802322387695312e-08, 0.00012254714965820312, 0.00007743015885353088, 1, 8.940696716308594e-08, 5.21540641784668e-08, -7.450580596923828e-08, 0.13869263231754303, 0.9903355240821838, 1.4901161193847656e-08, -0.9903355240821838, 0.13869251310825348),
        }},
        {Time = 0.117, Data = {
            ["HumanoidRootPart"] = CFrame.new(0, 0, 0, 1, 0, 0, 0, 1, 0, 0, 0, 1),
            ["UpperTorso"] = CFrame.new(0, 0, 0, 1, 0, 0, 0, 1, 0, 0, 0, 1),
            ["LowerTorso"] = CFrame.new(0, 0, 0, 1, 0, 0, 0, 1, 0, 0, 0, 1),
            ["Head"] = CFrame.new(0, 0, 0, 1, 0, 0, 0, 1, 0, 0, 0, 1),
        }},
        {Time = 0.133, Data = {
            ["HumanoidRootPart"] = CFrame.new(0, 0, 0, 1, 0, 0, 0, 1, 0, 0, 0, 1),
            ["UpperTorso"] = CFrame.new(0, 0, 0, 1, 0, 0, 0, 1, 0, 0, 0, 1),
            ["LowerTorso"] = CFrame.new(0, 0, 0, 1, 0, 0, 0, 1, 0, 0, 0, 1),
            ["Head"] = CFrame.new(0, 0, 0, 1, 0, 0, 0, 1, 0, 0, 0, 1),
        }},
        {Time = 0.138, Data = {
            ["RightFoot"] = CFrame.new(1.4901161193847656e-08, 2.384185791015625e-07, -4.300818545743823e-08, 0.9967293739318848, -0.07830878347158432, -0.019962074235081673, 0.048343680799007416, 0.7757243514060974, -0.6292170882225037, 0.06475821882486343, 0.6261945962905884, 0.7769731879234314),
            ["LeftLowerArm"] = CFrame.new(2.384185791015625e-07, 2.384185791015625e-07, 1.7881393432617188e-07, 1, -2.9802311729554276e-08, -1.4901161193847656e-08, -5.960464477539063e-08, 0.9999865293502808, -0.005190502852201462, -7.450580596923828e-08, 0.005190333351492882, 0.9999865293502808),
            ["LeftFoot"] = CFrame.new(3.725290298461914e-09, 0, 2.2351741790771484e-08, 0.9895452260971069, 0.13975423574447632, 0.035625308752059937, -0.09121605008840561, 0.7977923154830933, -0.5959923267364502, -0.11171397566795349, 0.5865119099617004, 0.8021994829177856),
            ["Head"] = CFrame.new(2.2351741790771484e-08, -1.1920928955078125e-07, 0, 0.45352256298065186, 0.06688424199819565, -0.8887316584587097, -0.1467929631471634, 0.9891672134399414, -0.0004660900740418583, 0.8790728449821472, 0.1306709349155426, 0.458427757024765),
            ["LowerTorso"] = CFrame.new(-0.37125664949417114, -0.4606804847717285, 0.14401385188102722, 0.3129265606403351, 0.18801729381084442, 0.9309815168380737, 0.08146896958351135, 0.971284031867981, -0.22354038059711456, -0.9462769031524658, 0.14579780399799347, 0.2886229455471039),
            ["UpperTorso"] = CFrame.new(4.470348358154297e-08, 0, 5.587935447692871e-08, 0.9838927984237671, 0.10095570981502533, -0.14752228558063507, -0.06261729449033737, 0.9676116704940796, 0.2445543259382248, 0.1674334704875946, -0.23137778043746948, 0.958347737789154),
            ["HumanoidRootPart"] = CFrame.new(0, 0, 0, 1, 0, 0, 0, 1, 0, 0, 0, 1),
            ["RightUpperLeg"] = CFrame.new(1.1920928955078125e-07, -2.123415470123291e-07, 8.026108844205737e-08, 0.9772424101829529, 0.0473320297896862, -0.2067776769399643, -0.14982286095619202, 0.8440819382667542, -0.5148581862449646, 0.1501680314540863, 0.5341211557388306, 0.8319640159606934),
            ["LeftUpperArm"] = CFrame.new(-1.1920928955078125e-07, 1.1920928955078125e-07, -8.195638656616211e-08, 0.5948132872581482, 0.31739625334739685, -0.7385505437850952, -0.46847498416900635, -0.6097366213798523, -0.6393377780914307, -0.6532445549964905, 0.7262788414955139, -0.21398711204528809),
            ["RightLowerArm"] = CFrame.new(1.1920928955078125e-07, 0, -7.450580596923828e-08, 1, -8.195636524988004e-08, 8.195639367158947e-08, 7.078051567077637e-08, -0.15352383255958557, -0.9881449937820435, 1.0803341865539551e-07, 0.9881449341773987, -0.15352363884449005),
            ["LeftHand"] = CFrame.new(1.1920928955078125e-07, 5.960464477539063e-08, 3.5762786865234375e-07, 0.11161074787378311, 0.4836342930793762, -0.8681250214576721, -0.9932981729507446, 0.02789413370192051, -0.11216370016336441, -0.030030619353055954, 0.874825656414032, 0.48350638151168823),
            ["RightHand"] = CFrame.new(-8.940696716308594e-08, 2.384185791015625e-07, 0, 0.44054871797561646, -0.5863873958587646, 0.6797546148300171, 0.830034077167511, 0.5545198321342468, -0.059590764343738556, -0.3419945240020752, 0.5904724597930908, 0.7310147881507874),
            ["RightUpperArm"] = CFrame.new(0, -3.5762786865234375e-07, 5.21540641784668e-08, 0.8114065527915955, -0.06145448237657547, 0.5812425017356873, 0.48993030190467834, 0.6138072609901428, -0.6190386414527893, -0.3187282085418701, 0.7870603799819946, 0.5281556248664856),
            ["RightLowerLeg"] = CFrame.new(-3.725290298461914e-08, -0.00012230873107910156, -0.0000775141452322714, 1, -1.7136333951839333e-07, -8.568170528633345e-08, 1.7136336794010276e-07, 0.14746247231960297, 0.9890676140785217, -1.3411046495548362e-07, -0.9890676736831665, 0.14746272563934326),
            ["LeftUpperLeg"] = CFrame.new(5.960464477539063e-08, -2.60770320892334e-07, 8.940696716308594e-08, 0.9917100667953491, -0.1284598708152771, 0.003050058614462614, 0.10027345269918442, 0.7588322758674622, -0.6435207724571228, 0.08035212010145187, 0.6384917497634888, 0.7654225826263428),
            ["LeftLowerLeg"] = CFrame.new(5.960464477539063e-08, 0.00012260675430297852, 0.00007745996117591858, 1, 1.1175869474300271e-07, 9.685754776000977e-08, -1.1920927533992653e-07, 0.037671227008104324, 0.9992902874946594, 4.470347647611561e-08, -0.9992902874946594, 0.0376712828874588),
        }},
        {Time = 0.150, Data = {
            ["HumanoidRootPart"] = CFrame.new(0, 0, 0, 1, 0, 0, 0, 1, 0, 0, 0, 1),
            ["UpperTorso"] = CFrame.new(0, 0, 0, 1, 0, 0, 0, 1, 0, 0, 0, 1),
            ["LowerTorso"] = CFrame.new(0, 0, 0, 1, 0, 0, 0, 1, 0, 0, 0, 1),
            ["Head"] = CFrame.new(0, 0, 0, 1, 0, 0, 0, 1, 0, 0, 0, 1),
        }},
        {Time = 0.167, Data = {
            ["HumanoidRootPart"] = CFrame.new(0, 0, 0, 1, 0, 0, 0, 1, 0, 0, 0, 1),
            ["UpperTorso"] = CFrame.new(0, 0, 0, 1, 0, 0, 0, 1, 0, 0, 0, 1),
            ["LowerTorso"] = CFrame.new(0, 0, 0, 1, 0, 0, 0, 1, 0, 0, 0, 1),
            ["Head"] = CFrame.new(0, 0, 0, 1, 0, 0, 0, 1, 0, 0, 0, 1),
        }},
        {Time = 0.172, Data = {
            ["RightFoot"] = CFrame.new(-2.60770320892334e-08, 4.172325134277344e-07, 5.3849362302571535e-08, 0.9982954859733582, -0.056553300470113754, -0.014416146092116833, 0.0328708253800869, 0.7489482164382935, -0.6618123054504395, 0.048224713653326035, 0.6602108478546143, 0.7495309114456177),
            ["LeftLowerArm"] = CFrame.new(1.1920928955078125e-07, 2.980232238769531e-07, 1.1920928955078125e-07, 1, -3.352759847530251e-08, -7.450581307466564e-08, -5.774199252073231e-08, 0.9999865889549255, -0.005194433499127626, -4.470347647611561e-08, 0.005194277968257666, 0.9999865293502808),
            ["LeftFoot"] = CFrame.new(7.078051567077637e-08, -5.960464477539063e-08, 0, 0.9900026321411133, 0.13667871057987213, 0.03484107553958893, -0.08121558278799057, 0.754330039024353, -0.6514526605606079, -0.11532124131917953, 0.6421100497245789, 0.7578888535499573),
            ["Head"] = CFrame.new(-7.450580596923828e-09, 2.384185791015625e-07, 7.450580596923828e-09, 0.5401124954223633, 0.014740647748112679, -0.8414638042449951, 0.05150199681520462, 0.997393786907196, 0.05052989348769188, 0.8400155305862427, -0.07062890380620956, 0.537945568561554),
            ["LowerTorso"] = CFrame.new(-0.47608816623687744, -0.4623699188232422, 0.11026713997125626, 0.355899840593338, 0.33871835470199585, 0.8709795475006104, 0.057849328964948654, 0.9222306609153748, -0.3822880685329437, -0.9327318668365479, 0.1864418238401413, 0.3086271286010742),
            ["UpperTorso"] = CFrame.new(2.2351741790771484e-08, -2.9802322387695312e-08, 2.2351741790771484e-08, 0.9798229932785034, 0.0873672291636467, -0.1797606199979782, -0.03428433835506439, 0.959538996219635, 0.27948108315467834, 0.19690479338169098, -0.26767900586128235, 0.9431735873222351),
            ["HumanoidRootPart"] = CFrame.new(0, 0, 0, 1, 0, 0, 0, 1, 0, 0, 0, 1),
            ["RightUpperLeg"] = CFrame.new(0, 2.086162567138672e-07, -1.6952981241047382e-09, 0.985774576663971, 0.04975959286093712, -0.16053840517997742, -0.10207656025886536, 0.9360802173614502, -0.33665141463279724, 0.13352534174919128, 0.34824949502944946, 0.9278433322906494),
            ["LeftUpperArm"] = CFrame.new(0, 0, -5.960464477539063e-08, 0.593921422958374, 0.41937974095344543, -0.6865695714950562, -0.5142564177513123, -0.4583880305290222, -0.724859356880188, -0.618706464767456, 0.7835822701454163, -0.0565781332552433),
            ["RightLowerArm"] = CFrame.new(-3.5762786865234375e-07, -5.960464477539062e-07, 3.725290298461914e-09, 1, -9.685756907629184e-08, 6.33299421792799e-08, 3.166497108963995e-08, -0.32691457867622375, -0.9450539350509644, 1.0803343286625022e-07, 0.9450539946556091, -0.3269146680831909),
            ["LeftHand"] = CFrame.new(-5.960464477539062e-07, 1.7881393432617188e-07, -2.384185791015625e-07, 0.10823526978492737, 0.43805837631225586, -0.8924068808555603, -0.9940624237060547, 0.03759589046239853, -0.10210967808961868, -0.011179490946233273, 0.8981599807739258, 0.4395265281200409),
            ["RightHand"] = CFrame.new(2.7567148208618164e-07, 0, 2.9802322387695312e-08, 0.5256037712097168, -0.5865237712860107, 0.6162230968475342, 0.7837611436843872, 0.6155412197113037, -0.08262949436903, -0.33084627985954285, 0.5264018774032593, 0.7832250595092773),
            ["RightUpperArm"] = CFrame.new(0, 1.1920928955078125e-07, 5.960464477539063e-08, 0.7812621593475342, -0.3159419596195221, 0.5383400917053223, 0.4591996669769287, 0.8750864863395691, -0.15283773839473724, -0.4228062033653259, 0.3666118383407593, 0.8287523984909058),
            ["RightLowerLeg"] = CFrame.new(-7.450580596923828e-09, -0.00012242794036865234, -0.00007736513362033293, 1, -1.3411042232291948e-07, -2.5331982556053845e-07, 1.4156101713069802e-07, 0.11186692118644714, 0.9937232136726379, -1.2665985593685036e-07, -0.9937232732772827, 0.11186707019805908),
            ["LeftUpperLeg"] = CFrame.new(2.9802322387695312e-08, -8.940696716308594e-08, 1.4901161193847656e-07, 0.9927893280982971, -0.10647517442703247, 0.05506855621933937, 0.11979460716247559, 0.8978560566902161, -0.4236788749694824, -0.004332438576966524, 0.4272207021713257, 0.9041369557380676),
            ["LeftLowerLeg"] = CFrame.new(2.9802322387695312e-08, 0.00012242794036865234, 0.00007744133472442627, 1, 5.960465188081798e-08, 9.685756907629184e-08, -1.043081283569336e-07, 0.03519212082028389, 0.9993806481361389, 5.960464477539063e-08, -0.9993806481361389, 0.03519221022725105),
        }},
        {Time = 0.183, Data = {
            ["HumanoidRootPart"] = CFrame.new(0, 0, 0, 1, 0, 0, 0, 1, 0, 0, 0, 1),
            ["UpperTorso"] = CFrame.new(0, 0, 0, 1, 0, 0, 0, 1, 0, 0, 0, 1),
            ["LowerTorso"] = CFrame.new(0, 0, 0, 1, 0, 0, 0, 1, 0, 0, 0, 1),
            ["Head"] = CFrame.new(0, 0, 0, 1, 0, 0, 0, 1, 0, 0, 0, 1),
        }},
        {Time = 0.200, Data = {
            ["HumanoidRootPart"] = CFrame.new(0, 0, 0, 1, 0, 0, 0, 1, 0, 0, 0, 1),
            ["UpperTorso"] = CFrame.new(0, 0, 0, 1, 0, 0, 0, 1, 0, 0, 0, 1),
            ["LowerTorso"] = CFrame.new(0, 0, 0, 1, 0, 0, 0, 1, 0, 0, 0, 1),
            ["Head"] = CFrame.new(0, 0, 0, 1, 0, 0, 0, 1, 0, 0, 0, 1),
        }},
        {Time = 0.207, Data = {
            ["RightFoot"] = CFrame.new(1.4901161193847656e-08, 3.5762786865234375e-07, -3.55576048605144e-08, 0.9999774098396301, -0.006518395151942968, -0.0016614921623840928, 0.003893226385116577, 0.7622666954994202, -0.6472511291503906, 0.0054857321083545685, 0.647230327129364, 0.7622751593589783),
            ["LeftLowerArm"] = CFrame.new(2.9802322387695312e-08, -2.980232238769531e-07, 1.7881393432617188e-07, 1, 2.3283055483602766e-09, -1.4901164746561335e-08, 1.0756777157894248e-07, 0.9999865293502808, -0.0051980591379106045, -2.980232594040899e-08, 0.005197989754378796, 0.9999865889549255),
            ["LeftFoot"] = CFrame.new(-1.1175870895385742e-08, 2.384185791015625e-07, 2.2351741790771484e-08, 0.995780348777771, 0.08892480283975601, 0.022668536752462387, -0.055260851979255676, 0.7782590985298157, -0.6255072355270386, -0.07326493412256241, 0.6216149926185608, 0.7798890471458435),
            ["Head"] = CFrame.new(-2.6542693376541138e-08, 1.1920928955078125e-07, 1.210719347000122e-08, 0.5996122360229492, -0.08142627775669098, -0.7961375713348389, 0.24977166950702667, 0.9641592502593994, 0.08950492739677429, 0.7603152990341187, -0.2525208592414856, 0.5984597206115723),
            ["LowerTorso"] = CFrame.new(-0.5827828645706177, -0.43494367599487305, 0.07997289299964905, 0.3825536370277405, 0.4789474606513977, 0.7901025414466858, 0.006109548732638359, 0.8538210988044739, -0.5205307602882385, -0.9239131212234497, 0.20395810902118683, 0.3237062096595764),
            ["UpperTorso"] = CFrame.new(1.7695128917694092e-08, 0, -5.587935447692871e-08, 0.9731419682502747, 0.059277866035699844, -0.22244305908679962, 0.010091722942888737, 0.954364538192749, 0.2984735667705536, 0.22998467087745667, -0.2927020192146301, 0.9281339645385742),
            ["HumanoidRootPart"] = CFrame.new(0, 0, 0, 1, 0, 0, 0, 1, 0, 0, 0, 1),
            ["RightUpperLeg"] = CFrame.new(-2.9802322387695312e-08, 2.2351741790771484e-08, -1.1345400707796216e-07, 0.9941834807395935, 0.003871068824082613, -0.1076306700706482, -0.0203598253428936, 0.988089919090271, -0.1525249481201172, 0.10575804114341736, 0.15382897853851318, 0.9824213981628418),
            ["LeftUpperArm"] = CFrame.new(0, 1.1920928955078125e-07, 1.1920928955078125e-07, 0.5939831733703613, 0.5232452154159546, -0.6110631823539734, -0.530647337436676, -0.3160652816295624, -0.786457896232605, -0.6046465039253235, 0.7914019823074341, 0.08992142230272293),
            ["RightLowerArm"] = CFrame.new(-1.4901161193847656e-07, 2.384185791015625e-07, 0, 1, -1.1548399925231934e-07, -3.166497464235363e-08, 5.774201383701438e-08, -0.40747514367103577, -0.913216233253479, 1.1175873737556685e-07, 0.9132163524627686, -0.40747547149658203),
            ["LeftHand"] = CFrame.new(-2.9802322387695312e-08, -1.7881393432617188e-07, -2.980232238769531e-07, 0.0960247814655304, 0.4003869295120239, -0.9113010764122009, -0.9953765869140625, 0.0406067930161953, -0.08704321086406708, 0.002154048765078187, 0.9154461026191711, 0.4024350047111511),
            ["RightHand"] = CFrame.new(4.190951585769653e-08, 5.960464477539063e-08, 1.4901161193847656e-07, 0.5927094221115112, -0.6249167919158936, 0.5081089735031128, 0.759139358997345, 0.6442186236381531, -0.09321989864110947, -0.26907840371131897, 0.44097772240638733, 0.8562333583831787),
            ["RightUpperArm"] = CFrame.new(0, -3.5762786865234375e-07, 8.940696716308594e-08, 0.6608520150184631, -0.6372454762458801, 0.39647582173347473, 0.5205618739128113, 0.7697339653968811, 0.36949285864830017, -0.5406384468078613, -0.037789635360240936, 0.8404058814048767),
            ["RightLowerLeg"] = CFrame.new(8.195638656616211e-08, -0.00012242794036865234, -0.00007724592433078215, 1, -1.415610029198433e-07, -1.8626458597736928e-07, 1.7881399116959074e-07, 0.09160352498292923, 0.9957956075668335, -1.8253929567890737e-07, -0.9957955479621887, 0.09160365909337997),
            ["LeftUpperLeg"] = CFrame.new(5.960464477539063e-08, 7.450580596923828e-08, 1.6391277313232422e-07, 0.9872478246688843, -0.11107634007930756, 0.11403438448905945, 0.12898802757263184, 0.977973461151123, -0.16410395503044128, -0.09329494833946228, 0.17672021687030792, 0.9798296689987183),
            ["LeftLowerLeg"] = CFrame.new(-5.960464477539063e-08, 0.00012254714965820312, 0.00007735565304756165, 1, 1.49011640360186e-07, 6.70552182668871e-08, -1.1175869474300271e-07, 0.10278639942407608, 0.9947034120559692, 1.4901159417490817e-08, -0.9947035312652588, 0.10278639197349548),
        }},
        {Time = 0.217, Data = {
            ["HumanoidRootPart"] = CFrame.new(0, 0, 0, 1, 0, 0, 0, 1, 0, 0, 0, 1),
            ["UpperTorso"] = CFrame.new(0, 0, 0, 1, 0, 0, 0, 1, 0, 0, 0, 1),
            ["LowerTorso"] = CFrame.new(0, 0, 0, 1, 0, 0, 0, 1, 0, 0, 0, 1),
            ["Head"] = CFrame.new(0, 0, 0, 1, 0, 0, 0, 1, 0, 0, 0, 1),
        }},
        {Time = 0.233, Data = {
            ["HumanoidRootPart"] = CFrame.new(0, 0, 0, 1, 0, 0, 0, 1, 0, 0, 0, 1),
            ["UpperTorso"] = CFrame.new(0, 0, 0, 1, 0, 0, 0, 1, 0, 0, 0, 1),
            ["LowerTorso"] = CFrame.new(0, 0, 0, 1, 0, 0, 0, 1, 0, 0, 0, 1),
            ["Head"] = CFrame.new(0, 0, 0, 1, 0, 0, 0, 1, 0, 0, 0, 1),
        }},
        {Time = 0.241, Data = {
            ["RightFoot"] = CFrame.new(-3.725290298461914e-08, 3.5762786865234375e-07, 1.6952981241047382e-09, 0.9999377727508545, 0.01081594917923212, 0.002757103182375431, -0.007135950028896332, 0.8094174861907959, -0.5871898531913757, -0.008582677692174911, 0.587134063243866, 0.8094445466995239),
            ["LeftLowerArm"] = CFrame.new(-2.9802322387695312e-08, -2.384185791015625e-07, -1.4901161193847656e-07, 1, -4.3772146796072775e-08, -5.960467319710006e-08, -1.3038517820973539e-08, 0.999986469745636, -0.005199358332902193, 0, 0.005199317820370197, 0.9999865293502808),
            ["LeftFoot"] = CFrame.new(7.078051567077637e-08, -1.1920928955078125e-07, 5.21540641784668e-08, 0.9996079802513123, -0.02713266760110855, -0.006916627287864685, 0.02018880285322666, 0.8695636987686157, -0.4934077262878418, 0.01940193958580494, 0.49307486414909363, 0.8697706460952759),
            ["Head"] = CFrame.new(0, 2.384185791015625e-07, 1.4901161193847656e-08, 0.6129760146141052, -0.170210063457489, -0.7715497612953186, 0.4018689692020416, 0.9079350829124451, 0.11897654086351395, 0.6802659630775452, -0.38299161195755005, 0.6249445080757141),
            ["LowerTorso"] = CFrame.new(-0.6752472519874573, -0.39690113067626953, 0.04727526754140854, 0.39632824063301086, 0.5836817026138306, 0.7086887359619141, -0.059692807495594025, 0.7866491675376892, -0.6145078539848328, -0.9161663055419922, 0.20124319195747375, 0.3466129004955292),
            ["UpperTorso"] = CFrame.new(-1.4901161193847656e-08, -1.1920928955078125e-07, -3.725290298461914e-09, 0.9669593572616577, 0.014464451000094414, -0.2545200288295746, 0.06270813941955566, 0.9542176127433777, 0.2924661636352539, 0.2470978945493698, -0.29876330494880676, 0.9217826128005981),
            ["HumanoidRootPart"] = CFrame.new(0, 0, 0, 1, 0, 0, 0, 1, 0, 0, 0, 1),
            ["RightUpperLeg"] = CFrame.new(-2.9802322387695312e-08, -2.5331974029541016e-07, 1.6221747500821948e-07, 0.9974353313446045, -0.04849769175052643, -0.05263884365558624, 0.047628723084926605, 0.9987093210220337, -0.017640700563788414, 0.053426653146743774, 0.01508856937289238, 0.9984578490257263),
            ["LeftUpperArm"] = CFrame.new(0, 2.384185791015625e-07, -8.940696716308594e-08, 0.6004208922386169, 0.6010444164276123, -0.5274850726127625, -0.5142263770103455, -0.2149694859981537, -0.8302766680717468, -0.6124262809753418, 0.7697622179985046, 0.18000055849552155),
            ["RightLowerArm"] = CFrame.new(5.960464477539063e-08, -1.7881393432617188e-07, 5.960464477539063e-08, 1, -7.2177499532699585e-09, 1.0241636516639119e-07, 3.445892815534535e-08, -0.5125548243522644, -0.8586546182632446, 9.499488129449674e-08, 0.8586545586585999, -0.5125547647476196),
            ["LeftHand"] = CFrame.new(1.4901161193847656e-07, -3.5762786865234375e-07, -1.7881393432617188e-07, 0.09086304157972336, 0.4093680679798126, -0.9078335762023926, -0.9958232641220093, 0.04553653672337532, -0.07913606613874435, 0.008943580090999603, 0.9112322330474854, 0.41179585456848145),
            ["RightHand"] = CFrame.new(6.216578185558319e-08, 1.1920928955078125e-07, -1.8440186977386475e-07, 0.6104881763458252, -0.6574944853782654, 0.4415937066078186, 0.7650066614151001, 0.6338905692100525, -0.11378765106201172, -0.20510762929916382, 0.40728819370269775, 0.8899704813957214),
