return {
    ["Show 'Em Off"] = {
        {Time = 0.000, Data = {
            ["RightFoot"] = CFrame.new(2.8312206268310547e-07, -5.960464477539063e-08, 9.145878721028566e-09, 0.957623302936554, 0.2803632915019989, -0.06598586589097977, -0.2759109139442444, 0.8272110819816589, -0.4894843101501465, -0.08264921605587006, 0.4869478642940521, 0.8695119619369507),
            ["LeftLowerArm"] = CFrame.new(0.0000017583370208740234, -4.76837158203125e-07, 0.000004827976226806641, 1, 1.49011640360186e-07, 6.705523958316917e-08, -1.5459956159702415e-07, 0.9375339150428772, -0.34789425134658813, -8.940698137394065e-08, 0.34789425134658813, 0.9375338554382324),
            ["RightUpperArm"] = CFrame.new(-0.03449606895446777, -0.0008243322372436523, -0.09772449731826782, 0.9477776288986206, -0.24622009694576263, -0.2027149200439453, 0.28168046474456787, 0.9443326592445374, 0.16997650265693665, 0.14957864582538605, -0.2182006537914276, 0.9643726944923401),
            ["Head"] = CFrame.new(3.725290298461914e-09, -9.5367431640625e-07, -1.210719347000122e-08, 0.9266272187232971, -0.047107163816690445, 0.37301862239837646, 0.0222836472094059, 0.9972569942474365, 0.07058430463075638, -0.37532052397727966, -0.057093143463134766, 0.9251351356506348),
            ["RightHand"] = CFrame.new(5.960464477539063e-08, 8.344650268554688e-07, -9.238719940185547e-07, 0.9831913113594055, -0.030949044972658157, 0.1799360066652298, 0.05819946900010109, 0.9872430562973022, -0.14820249378681183, -0.17305412888526917, 0.15618376433849335, 0.9724500775337219),
            ["UpperTorso"] = CFrame.new(1.4435499906539917e-08, 5.066394805908203e-07, -1.30385160446167e-08, 0.9931038022041321, 0.008298717439174652, -0.11694387346506119, 0.004603865090757608, 0.9939616322517395, 0.10963131487369537, 0.11714761704206467, -0.109413743019104, 0.9870690107345581),
            ["HumanoidRootPart"] = CFrame.new(0, 0, 0, 1, 0, 0, 0, 1, 0, 0, 0, 1),
            ["RightUpperLeg"] = CFrame.new(2.9802322387695312e-08, 2.728775143623352e-07, -5.3849362302571535e-08, 0.8871263265609741, -0.33556219935417175, -0.3168673515319824, 0.2893013656139374, 0.939247727394104, -0.1847119927406311, 0.3595993220806122, 0.07219261676073074, 0.9303099513053894),
            ["LeftUpperArm"] = CFrame.new(0.02650773525238037, 0.005787968635559082, -0.09827299416065216, 0.9058176279067993, 0.4154735505580902, -0.08292298018932343, -0.40787050127983093, 0.9081247448921204, 0.09461095929145813, 0.1146126240491867, -0.05187838152050972, 0.99205482006073),
            ["RightLowerArm"] = CFrame.new(3.8743019104003906e-07, 5.960464477539062e-07, -0.000003814697265625, 1, -0.000019181517927790992, 0.000002468004822731018, 0.000018939372239401564, 0.9388939738273621, -0.3442065119743347, 0.000004224478288961109, 0.3442065119743347, 0.9388939738273621),
            ["LeftHand"] = CFrame.new(-0.0000015795230865478516, -7.748603820800781e-07, 2.5331974029541016e-07, 0.9622159004211426, -0.04978692904114723, -0.26769697666168213, 0.03737501800060272, 0.9979854822158813, -0.051266301423311234, 0.2697102725505829, 0.03932420164346695, 0.9621383547782898),
            ["LeftFoot"] = CFrame.new(1.4901161193847656e-08, -1.7881393432617188e-07, 0, 0.9790522456169128, -0.19979235529899597, 0.039240870624780655, 0.20176300406455994, 0.9778815507888794, -0.05513053014874458, -0.02735825814306736, 0.061892956495285034, 0.9977078437805176),
            ["LowerTorso"] = CFrame.new(-0.07069892436265945, -0.21853876113891602, 0.1936902403831482, 0.9643234610557556, -0.014711794443428516, -0.26431795954704285, 0.0033918404951691628, 0.9990593194961548, -0.043232500553131104, 0.2647053301334381, 0.040793586522340775, 0.9634661674499512),
            ["RightLowerLeg"] = CFrame.new(-1.4901161193847656e-08, -0.0007264018058776855, 0.00004610588803188875, 1, 1.4901166878189542e-07, -4.4703497792397684e-08, -1.6763806343078613e-08, 0.7173793911933899, 0.6966825127601624, 1.043081283569336e-07, -0.6966827511787415, 0.7173795700073242),
            ["LeftUpperLeg"] = CFrame.new(0, 2.0605511963367462e-07, -7.450580596923828e-09, 0.9687671065330505, 0.24737395346164703, -0.017218830063939095, -0.21054014563560486, 0.783856987953186, -0.5841585993766785, -0.13100850582122803, 0.5695387721061707, 0.8114568591117859),
            ["LeftLowerLeg"] = CFrame.new(7.450580596923828e-09, -0.0007264614105224609, 0.00008079409599304199, 1, 7.450579175838357e-08, 1.0244548320770264e-08, -7.450579886381092e-08, 0.7323805689811707, 0.6808955073356628, -2.2351738238057806e-08, -0.6808955669403076, 0.7323806285858154),
        }},
        {Time = 0.033, Data = {
            ["RightFoot"] = CFrame.new(1.6391277313232422e-07, -1.1920928955078125e-07, 6.129994289949536e-08, 0.9618897438049316, 0.26682016253471375, -0.05979318171739578, -0.2609451115131378, 0.830386221408844, -0.4923074245452881, -0.08170590549707413, 0.4891480505466461, 0.8683651685714722),
            ["LeftLowerArm"] = CFrame.new(9.834766387939453e-07, -5.960464477539062e-07, 0.000004887580871582031, 1, 1.788139627478813e-07, 0, -1.8812716007232666e-07, 0.9422087669372559, -0.3350265622138977, -1.0058283805847168e-07, 0.3350265622138977, 0.9422087073326111),
            ["RightUpperArm"] = CFrame.new(-0.03420758247375488, -0.0012924671173095703, -0.10014739632606506, 0.946664571762085, -0.24291715025901794, -0.21170149743556976, 0.279889315366745, 0.9454433917999268, 0.1667298674583435, 0.15965022146701813, -0.21709029376506805, 0.9630076289176941),
            ["Head"] = CFrame.new(-3.725290298461914e-09, -7.152557373046875e-07, -3.725290298461914e-09, 0.9305496215820312, -0.045236736536026, 0.3633609414100647, 0.021941883489489555, 0.9974450469017029, 0.06798499822616577, -0.3655080497264862, -0.055290717631578445, 0.929164707660675),
            ["RightHand"] = CFrame.new(1.7881393432617188e-07, 0.0000011920928955078125, -9.238719940185547e-07, 0.9829526543617249, -0.03953004255890846, 0.1795593947172165, 0.06520894169807434, 0.9880805611610413, -0.13944368064403534, -0.17190709710121155, 0.14877553284168243, 0.9738141894340515),
            ["UpperTorso"] = CFrame.new(-4.6566128730773926e-09, 2.980232238769531e-07, 5.587935447692871e-09, 0.9931192398071289, 0.007859557867050171, -0.11684387177228928, 0.0057746670208871365, 0.9932448863983154, 0.11589306592941284, 0.11696550250053406, -0.11577033996582031, 0.9863651990890503),
            ["HumanoidRootPart"] = CFrame.new(0, 0, 0, 1, 0, 0, 0, 1, 0, 0, 0, 1),
            ["RightUpperLeg"] = CFrame.new(2.9802322387695312e-08, 1.8673017621040344e-07, 2.8107024263590574e-08, 0.8824411630630493, -0.3449047803878784, -0.31990352272987366, 0.2930528521537781, 0.935006856918335, -0.19970498979091644, 0.3679911196231842, 0.08247920870780945, 0.9261639714241028),
            ["LeftUpperArm"] = CFrame.new(0.026801347732543945, 0.005989193916320801, -0.10076650977134705, 0.9066590070724487, 0.4109605848789215, -0.09529417753219604, -0.40330269932746887, 0.9106310606002808, 0.08998848497867584, 0.12375953793525696, -0.043156497180461884, 0.9913734197616577),
            ["RightLowerArm"] = CFrame.new(1.7881393432617188e-07, 1.1920928955078125e-07, -0.000003933906555175781, 1, -0.00001929700556502212, 0.000001914799213409424, 0.000018924474716186523, 0.948215126991272, -0.3176291286945343, 0.000004254281520843506, 0.3176291286945343, 0.9482150673866272),
            ["LeftHand"] = CFrame.new(-0.0000014603137969970703, -0.0000013113021850585938, 4.917383193969727e-07, 0.9473980665206909, -0.04491278901696205, -0.31689029932022095, 0.03241533413529396, 0.9984787702560425, -0.044603124260902405, 0.31841179728507996, 0.03198493644595146, 0.94741290807724),
            ["LeftFoot"] = CFrame.new(4.0978193283081055e-08, 0, 2.9802322387695312e-08, 0.979302704334259, -0.1975879818201065, 0.04387982189655304, 0.20005793869495392, 0.9778382778167725, -0.061718717217445374, -0.03071252815425396, 0.06921973824501038, 0.9971286058425903),
            ["LowerTorso"] = CFrame.new(-0.07026776671409607, -0.22127044200897217, 0.19081100821495056, 0.967535674571991, -0.015037859790027142, -0.2522867023944855, 0.003392454469576478, 0.9989110827445984, -0.04653105139732361, 0.252711683511734, 0.04416457936167717, 0.9665331244468689),
            ["RightLowerLeg"] = CFrame.new(0, -0.0007266998291015625, 0.0000461207891930826, 1, 1.192093463942001e-07, -1.4901164746561335e-08, -8.940698137394065e-08, 0.6867485642433167, 0.7268950939178467, -1.4901162970204496e-08, -0.7268950939178467, 0.6867485642433167),
            ["LeftUpperLeg"] = CFrame.new(-2.9802322387695312e-08, 1.9534491002559662e-07, 2.9802322387695312e-08, 0.9699992537498474, 0.24139221012592316, -0.028831928968429565, -0.21182841062545776, 0.7810348272323608, -0.5874634981155396, -0.1192902997136116, 0.575946569442749, 0.8087369203567505),
            ["LeftLowerLeg"] = CFrame.new(-2.2351741790771484e-08, -0.0007264614105224609, 0.0000810474157333374, 1, 4.423782584694891e-08, 5.122274160385132e-08, -4.4703494239684005e-08, 0.7209600806236267, 0.692976713180542, 7.450582373280668e-09, -0.6929766535758972, 0.7209600806236267),
        }},
        {Time = 0.067, Data = {
            ["RightFoot"] = CFrame.new(2.384185791015625e-07, -1.7881393432617188e-07, -4.300818545743823e-08, 0.9646264314651489, 0.2566525340080261, -0.060211293399333954, -0.25177332758903503, 0.8292199373245239, -0.4990037977695465, -0.07814200967550278, 0.4965115189552307, 0.8645055294036865),
            ["LeftLowerArm"] = CFrame.new(0.0000014007091522216797, -4.76837158203125e-07, 0.00000476837158203125, 1, 1.341104507446289e-07, 1.0430814256778831e-07, -1.657754324924099e-07, 0.9504145383834839, -0.3109859228134155, -1.4156104555240745e-07, 0.31098586320877075, 0.9504145383834839),
            ["RightUpperArm"] = CFrame.new(-0.033649444580078125, -0.002492547035217285, -0.1068958044052124, 0.9453129768371582, -0.23858913779258728, -0.22239339351654053, 0.27638381719589233, 0.9480108618736267, 0.1577576845884323, 0.17319202423095703, -0.21059629321098328, 0.9621090292930603),
            ["Head"] = CFrame.new(9.313225746154785e-10, -0.0000010728836059570312, -1.1175870895385742e-08, 0.9395573735237122, -0.04044673219323158, 0.3399944603443146, 0.02047651633620262, 0.9978585839271545, 0.062122177332639694, -0.34177878499031067, -0.05140552297234535, 0.9383734464645386),
            ["RightHand"] = CFrame.new(2.980232238769531e-07, 8.344650268554688e-07, -7.16187059879303e-07, 0.9815706014633179, -0.05668962746858597, 0.18249797821044922, 0.07956144958734512, 0.9895139932632446, -0.12054868042469025, -0.1737505942583084, 0.13284701108932495, 0.9757881760597229),
            ["UpperTorso"] = CFrame.new(1.1175870895385742e-08, -2.9802322387695312e-08, -2.9802322387695312e-08, 0.9931597113609314, 0.006932521238923073, -0.11655863374471664, 0.00844619981944561, 0.9913557171821594, 0.13092990219593048, 0.11645867675542831, -0.1310187578201294, 0.984515905380249),
            ["HumanoidRootPart"] = CFrame.new(0, 0, 0, 1, 0, 0, 0, 1, 0, 0, 0, 1),
            ["RightUpperLeg"] = CFrame.new(8.940696716308594e-08, -2.575106918811798e-07, -5.3849362302571535e-08, 0.8735256791114807, -0.35542577505111694, -0.33260440826416016, 0.30128955841064453, 0.9314402937889099, -0.20406748354434967, 0.382331907749176, 0.07804793119430542, 0.920723021030426),
            ["LeftUpperArm"] = CFrame.new(0.027372121810913086, 0.006227254867553711, -0.10768750309944153, 0.9098792672157288, 0.39932912588119507, -0.1124996617436409, -0.39260584115982056, 0.9164260029792786, 0.07761413604021072, 0.13409112393856049, -0.026451416313648224, 0.990615963935852),
            ["RightLowerArm"] = CFrame.new(3.8743019104003906e-07, 8.344650268554688e-07, -0.0000036954879760742188, 1, -0.000019405038983677514, 7.832423989384552e-07, 0.000018924474716186523, 0.9649530053138733, -0.2624230980873108, 0.000004291534423828125, 0.2624230980873108, 0.9649530053138733),
            ["LeftHand"] = CFrame.new(-0.0000014603137969970703, -0.000001430511474609375, 2.868473529815674e-07, 0.906292200088501, -0.03588508814573288, -0.42112529277801514, 0.024841835722327232, 0.9991893172264099, -0.03168195113539696, 0.4219211935997009, 0.01825166866183281, 0.9064490795135498),
            ["LeftFoot"] = CFrame.new(-1.1175870895385742e-08, -5.960464477539063e-08, 4.470348358154297e-08, 0.9803778529167175, -0.19259381294250488, 0.042034946382045746, 0.19518651068210602, 0.9782487750053406, -0.0702253133058548, -0.02759561315178871, 0.07705174386501312, 0.9966451525688171),
            ["LowerTorso"] = CFrame.new(-0.0707865059375763, -0.22778069972991943, 0.18346327543258667, 0.9741446375846863, -0.015064495615661144, -0.22542284429073334, 0.0033925604075193405, 0.9986373782157898, -0.05207601934671402, 0.22590018808841705, 0.04996481537818909, 0.9728682637214661),
            ["RightLowerLeg"] = CFrame.new(1.4901161193847656e-08, -0.0007264018058776855, 0.00004610588803188875, 1, 1.564622920113834e-07, -1.6391282997574308e-07, -1.0803341865539551e-07, 0.656338095664978, 0.7544671893119812, 6.705522537231445e-08, -0.7544670701026917, 0.6563379168510437),
            ["LeftUpperLeg"] = CFrame.new(-1.4901161193847656e-07, -2.416782081127167e-07, -1.4901161193847656e-08, 0.9726537466049194, 0.22742637991905212, -0.04713715985417366, -0.2101030945777893, 0.775046706199646, -0.5959523916244507, -0.09900183975696564, 0.589559018611908, 0.8016350865364075),
            ["LeftLowerLeg"] = CFrame.new(8.940696716308594e-08, -0.0007265210151672363, 0.00008086860179901123, 1, 3.5390254282674505e-08, 3.725289587919178e-08, -6.705523247774181e-08, 0.7030084729194641, 0.7111817598342896, 2.2351745343485163e-08, -0.7111815810203552, 0.7030081748962402),
        }},
        {Time = 0.100, Data = {
            ["RightFoot"] = CFrame.new(2.384185791015625e-07, -1.1920928955078125e-07, -1.3205863069742918e-08, 0.9659853577613831, 0.24833177030086517, -0.07213707268238068, -0.25018519163131714, 0.8268939256668091, -0.5036411881446838, -0.0654204711318016, 0.5045571327209473, 0.8608959913253784),
            ["LeftLowerArm"] = CFrame.new(0.0000013113021850585938, -7.748603820800781e-07, 0.00000476837158203125, 1, 1.1920927533992653e-07, 6.332993507385254e-08, -1.2945380944984208e-07, 0.9545812606811523, -0.297950804233551, -1.2665984172599565e-07, 0.29795071482658386, 0.9545812606811523),
            ["RightUpperArm"] = CFrame.new(-0.03329920768737793, -0.004197955131530762, -0.11714211106300354, 0.9473398923873901, -0.24140453338623047, -0.21040722727775574, 0.27424973249435425, 0.9508353471755981, 0.14387257397174835, 0.16533108055591583, -0.19400039315223694, 0.9669693112373352),
            ["Head"] = CFrame.new(2.3283064365386963e-09, -9.5367431640625e-07, 2.421438694000244e-08, 0.9497560858726501, -0.03389272838830948, 0.31115078926086426, 0.017356857657432556, 0.9982932806015015, 0.05576080083847046, -0.3125097155570984, -0.047558654099702835, 0.948723316192627),
            ["RightHand"] = CFrame.new(3.8743019104003906e-07, 9.5367431640625e-07, -8.344650268554688e-07, 0.9780313372612, -0.06981255859136581, 0.19642017781734467, 0.0912683978676796, 0.9905490875244141, -0.10238486528396606, -0.18741627037525177, 0.11806266009807587, 0.975159764289856),
            ["UpperTorso"] = CFrame.new(1.4901161193847656e-08, 2.9802322387695312e-08, 1.4901161193847656e-08, 0.9932025074958801, 0.005998204927891493, -0.11624477058649063, 0.011462443508207798, 0.9887773990631104, 0.1489560455083847, 0.11583377420902252, -0.14927595853805542, 0.981987476348877),
            ["HumanoidRootPart"] = CFrame.new(0, 0, 0, 1, 0, 0, 0, 1, 0, 0, 0, 1),
            ["RightUpperLeg"] = CFrame.new(2.9802322387695312e-08, -2.1420419216156006e-08, -9.145878721028566e-09, 0.8686788082122803, -0.363638311624527, -0.3363988995552063, 0.3083013594150543, 0.9283943772315979, -0.20744696259498596, 0.387746661901474, 0.07649253308773041, 0.9185867309570312),
            ["LeftUpperArm"] = CFrame.new(0.0277368426322937, 0.005938053131103516, -0.11815008521080017, 0.9175511598587036, 0.38351455330848694, -0.10495994240045547, -0.37902918457984924, 0.9233996272087097, 0.06058046966791153, 0.12015333026647568, -0.01580285280942917, 0.9926295876502991),
            ["RightLowerArm"] = CFrame.new(2.682209014892578e-07, 7.152557373046875e-07, -0.000003874301910400391, 1, -0.00001940131187438965, -1.1920930376163597e-07, 0.00001893937587738037, 0.9762575626373291, -0.21661321818828583, 0.000004231929779052734, 0.21661317348480225, 0.9762575626373291),
            ["LeftHand"] = CFrame.new(-0.0000014603137969970703, -7.152557373046875e-07, 2.980232238769531e-07, 0.85456782579422, -0.03092360869050026, -0.5184178352355957, 0.020886870101094246, 0.9994645714759827, -0.025187943130731583, 0.518919825553894, 0.01069676224142313, 0.8547564148902893),
            ["LeftFoot"] = CFrame.new(-4.470348358154297e-08, -2.384185791015625e-07, -1.1175870895385742e-08, 0.982516348361969, -0.18315570056438446, 0.03340209648013115, 0.18533240258693695, 0.9792567491531372, -0.08190345764160156, -0.01770814321935177, 0.08666199445724487, 0.9960803985595703),
            ["LowerTorso"] = CFrame.new(-0.07546809315681458, -0.23542845249176025, 0.1738871932029724, 0.9801668524742126, -0.013887356966733932, -0.1976872980594635, 0.003390104277059436, 0.9985707402229309, -0.05334000661969185, 0.19814549386501312, 0.051611918956041336, 0.9788129329681396),
            ["RightLowerLeg"] = CFrame.new(1.4901161193847656e-08, -0.0007262825965881348, 0.00004606118454830721, 1, 7.450584149637507e-08, 2.9802318834981634e-08, -1.0617075929530984e-07, 0.6272900700569153, 0.7787858247756958, 1.4156101713069802e-07, -0.778785765171051, 0.6272899508476257),
            ["LeftUpperLeg"] = CFrame.new(0, -2.915039658546448e-07, 1.4901161193847656e-08, 0.9752394556999207, 0.21335822343826294, -0.05819258466362953, -0.2037690281867981, 0.76465904712677, -0.6113710403442383, -0.0859435498714447, 0.6080910563468933, 0.789201557636261),
            ["LeftLowerLeg"] = CFrame.new(-1.564621925354004e-07, -0.0007266402244567871, 0.00008064508438110352, 1, 5.8673329306202504e-08, 2.6077039194660756e-08, -5.960465188081798e-08, 0.6806047558784485, 0.732650876045227, 2.980232594040899e-08, -0.7326507568359375, 0.6806048154830933),
        }},
        {Time = 0.133, Data = {
            ["RightFoot"] = CFrame.new(1.2665987014770508e-07, -1.1920928955078125e-07, -5.790934665128589e-08, 0.9632278084754944, 0.2413790225982666, -0.11801877617835999, -0.2675912380218506, 0.8221898674964905, -0.5023931264877319, -0.02423320710659027, 0.5154997110366821, 0.8565469980239868),
            ["LeftLowerArm"] = CFrame.new(0.0000011920928955078125, -4.172325134277344e-07, 0.000004976987838745117, 1, 1.8626454334480513e-07, 1.2665987014770508e-07, -1.2665985593685036e-07, 0.9515160322189331, -0.30759942531585693, -1.6763804921993142e-07, 0.30759939551353455, 0.9515160322189331),
            ["RightUpperArm"] = CFrame.new(-0.03323322534561157, -0.0068405866622924805, -0.1327851563692093, 0.9523910880088806, -0.25489744544029236, -0.16726820170879364, 0.2733156681060791, 0.9569229483604431, 0.09796435385942459, 0.13509196043014526, -0.13901758193969727, 0.9810323119163513),
            ["Head"] = CFrame.new(-1.4668330550193787e-08, -4.76837158203125e-07, -2.7939677238464355e-09, 0.959956705570221, -0.02350853756070137, 0.27916038036346436, 0.011559020727872849, 0.9989480972290039, 0.044374506920576096, -0.27990972995758057, -0.03937101364135742, 0.9592186212539673),
            ["RightHand"] = CFrame.new(3.5762786865234375e-07, 0.0000010728836059570312, -8.717179298400879e-07, 0.9638961553573608, -0.06248030066490173, 0.2588444650173187, 0.08831287920475006, 0.9920733571052551, -0.08939459174871445, -0.25120750069618225, 0.1090264543890953, 0.9617735147476196),
            ["UpperTorso"] = CFrame.new(8.381903171539307e-09, 3.2782554626464844e-07, -3.91155481338501e-08, 0.9932543039321899, 0.005049942992627621, -0.11584708094596863, 0.015141703188419342, 0.9848487377166748, 0.17275376617908478, 0.11496411263942719, -0.17334242165088654, 0.9781286716461182),
            ["HumanoidRootPart"] = CFrame.new(0, 0, 0, 1, 0, 0, 0, 1, 0, 0, 0, 1),
            ["RightUpperLeg"] = CFrame.new(0, 2.5192275643348694e-07, 2.0656443666666746e-08, 0.8799362182617188, -0.3623778223991394, -0.30723702907562256, 0.3095751702785492, 0.9278931021690369, -0.20779235661029816, 0.3603822886943817, 0.0877310037612915, 0.9286698698997498),
            ["LeftUpperArm"] = CFrame.new(0.027820289134979248, 0.004762053489685059, -0.13409394025802612, 0.938140869140625, 0.34584715962409973, -0.016784751787781715, -0.34524238109588623, 0.93800288438797, 0.030954722315073013, 0.02644992247223854, -0.02324511855840683, 0.9993798732757568),
            ["RightLowerArm"] = CFrame.new(4.76837158203125e-07, 5.960464477539062e-07, -0.0000039637088775634766, 1, -0.00001942366361618042, -5.578621653512528e-07, 0.00001889467421278823, 0.9816383719444275, -0.19075164198875427, 0.000004313886620366247, 0.19075167179107666, 0.9816383123397827),
            ["LeftHand"] = CFrame.new(-0.0000015944242477416992, -0.0000012516975402832031, 1.7881393432617188e-07, 0.8057569265365601, -0.0385684035718441, -0.5909887552261353, 0.006758290808647871, 0.9984111785888672, -0.055942732840776443, 0.5922078490257263, 0.04108218476176262, 0.8047376275062561),
            ["LeftFoot"] = CFrame.new(-1.862645149230957e-09, 0, -9.313225746154785e-09, 0.986156702041626, -0.16511711478233337, 0.015210402198135853, 0.1658109724521637, 0.9812390804290771, -0.09837022423744202, 0.0013176292413845658, 0.09953076392412186, 0.9950336813926697),
            ["LowerTorso"] = CFrame.new(-0.0895785242319107, -0.2440650463104248, 0.1626659631729126, 0.9846867322921753, -0.011311886832118034, -0.17396633327007294, 0.0027218451723456383, 0.9987686276435852, -0.049537140876054764, 0.17431247234344482, 0.048305049538612366, 0.9835049510002136),
            ["RightLowerLeg"] = CFrame.new(4.470348358154297e-08, -0.0007265806198120117, 0.00004606118454830721, 1, 1.4156105976326216e-07, -8.940698137394065e-08, -9.313225746154785e-08, 0.5988152027130127, 0.8008871078491211, 1.7881393432617188e-07, -0.8008872270584106, 0.598815381526947),
            ["LeftUpperLeg"] = CFrame.new(-1.1920928955078125e-07, 1.4668330550193787e-07, 0, 0.9780965447425842, 0.20128247141838074, -0.05303298309445381, -0.18859335780143738, 0.7491255402565002, -0.6350147724151611, -0.08808903396129608, 0.6311072111129761, 0.7706774473190308),
            ["LeftLowerLeg"] = CFrame.new(7.078051567077637e-08, -0.0007264614105224609, 0.00008112937211990356, 1, 6.938352470342579e-08, 4.470348358154297e-08, -7.450580596923828e-08, 0.6520111560821533, 0.758209228515625, 2.2351741790771484e-08, -0.7582093477249146, 0.6520113348960876),
        }},
        {Time = 0.167, Data = {
            ["RightFoot"] = CFrame.new(2.3096799850463867e-07, 5.960464477539063e-08, 7.620110409334302e-08, 0.9811089038848877, 0.12219981849193573, -0.1499759405851364, -0.1764490157365799, 0.8830982446670532, -0.43474510312080383, 0.07931766659021378, 0.452995240688324, 0.8879775404930115),
            ["LeftLowerArm"] = CFrame.new(0.0000016093254089355469, -8.344650268554688e-07, 0.000004708766937255859, 1, 1.8998983364326705e-07, 8.56816981809061e-08, -1.3411047916633834e-07, 0.9462407827377319, -0.32346320152282715, -1.3783576946480025e-07, 0.32346317172050476, 0.9462407827377319),
            ["RightUpperArm"] = CFrame.new(-0.03296208381652832, -0.010678410530090332, -0.1522529423236847, 0.9575786590576172, -0.2690584361553192, -0.10320126265287399, 0.27265653014183044, 0.9618545174598694, 0.022236445918679237, 0.09328179806470871, -0.04943156614899635, 0.9944119453430176),
            ["Head"] = CFrame.new(-1.30385160446167e-08, -9.5367431640625e-07, -2.9802322387695312e-08, 0.9700979590415955, -0.009047544561326504, 0.24254511296749115, 0.0032915552146732807, 0.999703586101532, 0.024126306176185608, -0.24269162118434906, -0.02260655164718628, 0.9698401689529419),
            ["RightHand"] = CFrame.new(4.023313522338867e-07, 0.0000012516975402832031, -7.897615432739258e-07, 0.9296919107437134, -0.03759590536355972, 0.366413950920105, 0.07173281162977219, 0.994210958480835, -0.07999453693628311, -0.3612857162952423, 0.10065425932407379, 0.9270069003105164),
            ["UpperTorso"] = CFrame.new(-1.8568243831396103e-08, -2.9802322387695312e-08, 1.6763806343078613e-08, 0.9933345913887024, 0.0036089045461267233, -0.11521104723215103, 0.019827093929052353, 0.9792628288269043, 0.20162135362625122, 0.11354950070381165, -0.20256176590919495, 0.9726639986038208),
            ["HumanoidRootPart"] = CFrame.new(0, 0, 0, 1, 0, 0, 0, 1, 0, 0, 0, 1),
            ["RightUpperLeg"] = CFrame.new(2.9802322387695312e-08, -8.89413058757782e-08, 2.8107024263590574e-08, 0.9023367762565613, -0.3823498487472534, -0.19899016618728638, 0.29908111691474915, 0.8878325819969177, -0.34971973299980164, 0.31038525700569153, 0.25605061650276184, 0.9154775142669678),
            ["LeftUpperArm"] = CFrame.new(0.028119981288909912, 0.0029277801513671875, -0.1540166437625885, 0.9500554203987122, 0.2916491627693176, 0.11106459051370621, -0.29468274116516113, 0.9555250406265259, 0.011584663763642311, -0.10274641960859299, -0.04373480752110481, 0.9937456846237183),
            ["RightLowerArm"] = CFrame.new(2.980232238769531e-07, 3.5762786865234375e-07, -0.000003606081008911133, 1, -0.000019352884919499047, -0.000001015141833704547, 0.000018954278857563622, 0.9854428172111511, -0.17000731825828552, 0.000004388392426335486, 0.17000725865364075, 0.9854428768157959),
            ["LeftHand"] = CFrame.new(-0.0000016316771507263184, -0.0000010728836059570312, 1.4901161193847656e-07, 0.7568420767784119, -0.05173706263303757, -0.6515464186668396, -0.02201549895107746, 0.9942784905433655, -0.10452567040920258, 0.653226912021637, 0.09345361590385437, 0.7513732314109802),
            ["LeftFoot"] = CFrame.new(8.195638656616211e-08, -1.7881393432617188e-07, -2.0489096641540527e-08, 0.9902656078338623, -0.1388167440891266, -0.01019164640456438, 0.1366964727640152, 0.9837110638618469, -0.1167331114411354, 0.026230165734887123, 0.11420392245054245, 0.9931110739707947),
            ["LowerTorso"] = CFrame.new(-0.11289571225643158, -0.25399065017700195, 0.14971409738063812, 0.9887039661407471, -0.00692970072850585, -0.14972135424613953, 0.0004383979830890894, 0.9990600943565369, -0.043345462530851364, 0.1498810052871704, 0.042790185660123825, 0.9877777099609375),
            ["RightLowerLeg"] = CFrame.new(8.381903171539307e-08, -0.0007262825965881348, 0.000046051871322561055, 1, 1.043081780949251e-07, 0, -1.043081283569336e-07, 0.35375434160232544, 0.9353383779525757, 1.564621925354004e-07, -0.9353384375572205, 0.3537544012069702),
            ["LeftUpperLeg"] = CFrame.new(-1.4901161193847656e-07, -4.7963112592697144e-08, 7.450580596923828e-09, 0.9816455841064453, 0.18726776540279388, -0.036094073206186295, -0.163772314786911, 0.7307544350624084, -0.6627041101455688, -0.0977272018790245, 0.6564515829086304, 0.7480111122131348),
            ["LeftLowerLeg"] = CFrame.new(5.587935447692871e-09, -0.0007262825965881348, 0.00008098781108856201, 1, 6.286428089197216e-08, 2.980232594040899e-08, -7.078051567077637e-08, 0.619484007358551, 0.7850092649459839, 1.30385160446167e-08, -0.7850093841552734, 0.6194841265678406),
        }},
        {Time = 0.200, Data = {
            ["RightFoot"] = CFrame.new(2.2351741790771484e-07, -1.1920928955078125e-07, -5.790934665128589e-08, 0.9798172116279602, 0.00589962862432003, -0.19980856776237488, -0.06927505880594254, 0.9476422071456909, -0.3117295205593109, 0.18750789761543274, 0.3192797005176544, 0.9289248585700989),
            ["LeftLowerArm"] = CFrame.new(0.0000012218952178955078, -0.0000010132789611816406, 0.000004734843969345093, 1, 1.695007085800171e-07, 8.568168397005138e-08, -6.705523247774181e-08, 0.9420575499534607, -0.3354512155056, -1.4156104555240745e-07, 0.33545124530792236, 0.9420576691627502),
            ["RightUpperArm"] = CFrame.new(-0.03215634822845459, -0.01499176025390625, -0.16964152455329895, 0.9614530801773071, -0.27401477098464966, -0.02289101853966713, 0.2730330228805542, 0.9612311720848083, -0.038570765405893326, 0.03257245570421219, 0.03083379939198494, 0.9989936351776123),
            ["Head"] = CFrame.new(1.862645149230957e-08, -9.5367431640625e-07, -4.842877388000488e-08, 0.9788807034492493, 0.005444258917123079, 0.20436027646064758, -0.005430313758552074, 0.9999850988388062, -0.0006293697515502572, -0.20436055958271027, -0.00049396330723539, 0.9788955450057983),
            ["RightHand"] = CFrame.new(2.2724270820617676e-07, 0.0000010132789611816406, -7.366761565208435e-07, 0.8831334114074707, -0.012105124071240425, 0.4689655900001526, 0.05199942737817764, 0.9960328340530396, -0.07221285253763199, -0.46623122692108154, 0.08815964311361313, 0.8802594542503357),
            ["UpperTorso"] = CFrame.new(1.3969838619232178e-08, 8.940696716308594e-08, 1.30385160446167e-08, 0.9934141635894775, 0.001385024399496615, -0.11457069218158722, 0.024519916623830795, 0.9741926193237305, 0.22438271343708038, 0.1119246855378151, -0.22571396827697754, 0.9677426815032959),
            ["HumanoidRootPart"] = CFrame.new(0, 0, 0, 1, 0, 0, 0, 1, 0, 0, 0, 1),
            ["RightUpperLeg"] = CFrame.new(2.9802322387695312e-08, -2.0166044123470783e-07, -5.420588422566652e-09, 0.9225666522979736, -0.37039026618003845, -0.10808289051055908, 0.2742380201816559, 0.8265203237533569, -0.49158722162246704, 0.27141180634498596, 0.42388129234313965, 0.8640950322151184),
            ["LeftUpperArm"] = CFrame.new(0.028966188430786133, 0.0010554790496826172, -0.17196635901927948, 0.941658079624176, 0.25480329990386963, 0.2198987454175949, -0.266075998544693, 0.963683545589447, 0.02275100164115429, -0.20611560344696045, -0.07993362098932266, 0.9752574563026428),
            ["RightLowerArm"] = CFrame.new(2.086162567138672e-07, 7.748603820800781e-07, -0.000003874301910400391, 1, -0.00001938734385475982, -0.000001289532519876957, 0.000018909577192971483, 0.9877181649208069, -0.15624630451202393, 0.0000043064364945166744, 0.15624630451202393, 0.9877181649208069),
            ["LeftHand"] = CFrame.new(-0.0000012703239917755127, -0.0000010728836059570312, 1.6391277313232422e-07, 0.725948691368103, -0.06335148215293884, -0.6848244667053223, -0.051987458020448685, 0.9878448247909546, -0.14649251103401184, 0.6857812404632568, 0.14194846153259277, 0.7138315439224243),
            ["LeftFoot"] = CFrame.new(-1.4435499906539917e-08, -5.960464477539063e-08, 3.5390257835388184e-08, 0.9933759570121765, -0.1093725860118866, -0.03524190932512283, 0.10381192713975906, 0.9856825470924377, -0.13286490738391876, 0.04926912859082222, 0.12832623720169067, 0.9905074834823608),
            ["LowerTorso"] = CFrame.new(-0.14048786461353302, -0.2631571292877197, 0.13639922440052032, 0.9921451807022095, -0.000366451742593199, -0.1250912845134735, -0.003851199522614479, 0.9994322657585144, -0.033473093062639236, 0.12503252923488617, 0.03369192034006119, 0.9915804862976074),
            ["RightLowerLeg"] = CFrame.new(-8.195638656616211e-08, -0.0007262229919433594, 0.00004608353629009798, 1, 1.4901162614933128e-07, 1.1920931797249068e-07, -8.940696716308594e-08, 0.13942597806453705, 0.9902324676513672, 1.043081283569336e-07, -0.990232527256012, 0.1394261121749878),
            ["LeftUpperLeg"] = CFrame.new(-5.960464477539063e-08, -1.2881355360150337e-07, 7.450580596923828e-09, 0.9852766990661621, 0.17033949494361877, -0.014641901478171349, -0.1333490014076233, 0.712063193321228, -0.6893361210823059, -0.10699522495269775, 0.6811391711235046, 0.7242937088012695),
            ["LeftLowerLeg"] = CFrame.new(6.05359673500061e-08, -0.0007262825965881348, 0.00008097290992736816, 1, 7.904603194219817e-08, 4.889444227273998e-08, -5.774198541530495e-08, 0.5899526476860046, 0.8074381351470947, 2.7939670133036998e-08, -0.8074379563331604, 0.5899524092674255),
        }},
        {Time = 0.233, Data = {
            ["RightFoot"] = CFrame.new(2.0116567611694336e-07, -5.960464477539063e-08, -5.790934665128589e-08, 0.9699528813362122, -0.06291086971759796, -0.23501834273338318, 0.005390480160713196, 0.9713096022605896, -0.2377573400735855, 0.24323299527168274, 0.22934652864933014, 0.942463755607605),
            ["LeftLowerArm"] = CFrame.new(0.0000011026859283447266, -0.0000010132789611816406, 0.000004842877388000488, 1, 1.896987953386997e-07, 5.9138990593510243e-08, -1.0477377543338662e-07, 0.9417823553085327, -0.33622339367866516, -1.2293456563838845e-07, 0.33622342348098755, 0.9417822957038879),
            ["RightUpperArm"] = CFrame.new(-0.030492126941680908, -0.018578529357910156, -0.17933641374111176, 0.9609370231628418, -0.2681949734687805, 0.06834860146045685, 0.27136433124542236, 0.9615538716316223, -0.04213893041014671, -0.05441947281360626, 0.05904008820652962, 0.9967712759971619),
            ["Head"] = CFrame.new(-7.450580596923828e-09, -7.152557373046875e-07, -9.685754776000977e-08, 0.9856382608413696, 0.016142329201102257, 0.16809718310832977, -0.012004431337118149, 0.9996001124382019, -0.025603637099266052, -0.16844329237937927, 0.023217730224132538, 0.9854379296302795),
            ["RightHand"] = CFrame.new(5.494803190231323e-07, 0.0000011324882507324219, -7.953494787216187e-07, 0.8519801497459412, -0.003013869281858206, 0.523564875125885, 0.03753780946135521, 0.9977617263793945, -0.055340494960546494, -0.5222266912460327, 0.06680259853601456, 0.8501866459846497),
            ["UpperTorso"] = CFrame.new(1.3969838619232178e-08, -2.980232238769531e-07, 1.30385160446167e-08, 0.9934772849082947, -0.0018591971602290869, -0.11401457339525223, 0.02824181318283081, 0.9727274179458618, 0.23022575676441193, 0.11047707498073578, -0.23194386065006256, 0.9664351344108582),
            ["HumanoidRootPart"] = CFrame.new(0, 0, 0, 1, 0, 0, 0, 1, 0, 0, 0, 1),
            ["RightUpperLeg"] = CFrame.new(8.940696716308594e-08, -3.203749656677246e-07, -3.5579432733356953e-09, 0.9292276501655579, -0.3589742183685303, -0.08759887516498566, 0.24236756563186646, 0.771070659160614, -0.5888194441795349, 0.2789159119129181, 0.5259159803390503, 0.8035036325454712),
            ["LeftUpperArm"] = CFrame.new(0.030683815479278564, 0.00022029876708984375, -0.18221859633922577, 0.9261074662208557, 0.247614786028862, 0.2846258282661438, -0.2832556366920471, 0.9547093510627747, 0.09108422696590424, -0.24918116629123688, -0.16497576236724854, 0.9543017745018005),
            ["RightLowerArm"] = CFrame.new(2.384185791015625e-07, 0.0000010132789611816406, -0.0000037997961044311523, 1, -0.000019311904907226562, -0.0000013895333950131317, 0.000018956141502712853, 0.9884971976280212, -0.15123966336250305, 0.000004284084297978552, 0.15123964846134186, 0.9884971380233765),
            ["LeftHand"] = CFrame.new(-0.000001437496393918991, -0.0000013113021850585938, 1.5273690223693848e-07, 0.7461938858032227, -0.04916173219680786, -0.6639103889465332, -0.0771983191370964, 0.9841519594192505, -0.15964125096797943, 0.6612376570701599, 0.17037619650363922, 0.7305735349655151),
            ["LeftFoot"] = CFrame.new(-6.05359673500061e-09, -1.1920928955078125e-07, 1.862645149230957e-08, 0.995228111743927, -0.08258349448442459, -0.05197148397564888, 0.07438579201698303, 0.9868306517601013, -0.1436384618282318, 0.06314919143915176, 0.13908712565898895, 0.9882646203041077),
            ["LowerTorso"] = CFrame.new(-0.16727788746356964, -0.26956844329833984, 0.12420029938220978, 0.9949361085891724, 0.008627240546047688, -0.10013902932405472, -0.010546054691076279, 0.9997705221176147, -0.018647966906428337, 0.09995514899492264, 0.0196096058934927, 0.9947987794876099),
            ["RightLowerLeg"] = CFrame.new(-7.450580596923828e-08, -0.0007263422012329102, 0.00004610588803188875, 1, 1.4901161193847656e-07, 1.1920938902676426e-07, -8.940698137394065e-08, 0.034099385142326355, 0.9994184970855713, 1.1920930376163597e-07, -0.9994184970855713, 0.03409963101148605),
            ["LeftUpperLeg"] = CFrame.new(0, -2.0186416804790497e-07, 2.9802322387695312e-08, 0.988922655582428, 0.14840474724769592, 0.0028236883226782084, -0.10224508494138718, 0.6948727965354919, -0.711827278137207, -0.1076006293296814, 0.7036532163619995, 0.7023489475250244),
            ["LeftLowerLeg"] = CFrame.new(-1.30385160446167e-07, -0.0007265210151672363, 0.00008112937211990356, 1, 8.009372010064908e-08, 3.818421490109358e-08, -7.031484017261391e-08, 0.5696462392807007, 0.8218899965286255, 3.0733637856883433e-08, -0.8218899965286255, 0.5696463584899902),
        }},
        {Time = 0.267, Data = {
            ["RightFoot"] = CFrame.new(1.7881393432617188e-07, -1.1920928955078125e-07, -1.0261283023282886e-07, 0.9645801782608032, -0.09442244470119476, -0.2463115155696869, 0.02076643705368042, 0.9580250382423401, -0.2859313189983368, 0.2629711627960205, 0.27068883180618286, 0.9260528683662415),
            ["LeftLowerArm"] = CFrame.new(0.0000010728836059570312, -1.1920928955078125e-07, 0.000004932284355163574, 1, 1.3178215851894493e-07, 9.685756197086448e-08, -1.378357268322361e-07, 0.9419450163841248, -0.3357672393321991, -1.2665985593685036e-07, 0.3357672691345215, 0.9419450163841248),
            ["RightUpperArm"] = CFrame.new(-0.025757431983947754, -0.020434260368347168, -0.17996786534786224, 0.9589168429374695, -0.24968582391738892, 0.1346677541732788, 0.2520901560783386, 0.9677034020423889, -0.0008283814531750977, -0.13011163473129272, 0.0347428023815155, 0.9908904433250427),
            ["Head"] = CFrame.new(4.6566128730773926e-09, -7.152557373046875e-07, -1.6763806343078613e-08, 0.9947739243507385, 0.023278316482901573, 0.09941377490758896, -0.01797497645020485, 0.9983839392662048, -0.05391284450888634, -0.10050813108682632, 0.0518440306186676, 0.9935846328735352),
            ["RightHand"] = CFrame.new(3.548339009284973e-07, 0.0000011920928955078125, -7.674098014831543e-07, 0.8406612277030945, -0.006376751232892275, 0.5415233373641968, 0.01754453219473362, 0.9997265934944153, -0.015463808551430702, -0.541277289390564, 0.022500688210129738, 0.8405435085296631),
            ["UpperTorso"] = CFrame.new(2.7939677238464355e-09, 5.960464477539063e-08, -8.381903171539307e-09, 0.9971203207969666, -0.007295842282474041, -0.07548445463180542, 0.02304108999669552, 0.9774535894393921, 0.20988957583904266, 0.07225117832422256, -0.2110244333744049, 0.9748069643974304),
            ["HumanoidRootPart"] = CFrame.new(0, 0, 0, 1, 0, 0, 0, 1, 0, 0, 0, 1),
            ["RightUpperLeg"] = CFrame.new(0, -7.532071322202682e-08, -2.3115717340260744e-08, 0.9313401579856873, -0.34084364771842957, -0.1281844973564148, 0.1821252703666687, 0.7408066391944885, -0.6465572714805603, 0.3153347671031952, 0.5788189172744751, 0.752018928527832),
            ["LeftUpperArm"] = CFrame.new(0.035440027713775635, -0.0006262063980102539, -0.1830153465270996, 0.9033340215682983, 0.26820164918899536, 0.3347468376159668, -0.3437993824481964, 0.91938316822052, 0.1911458820104599, -0.25649502873420715, -0.28775423765182495, 0.9227175712585449),
            ["RightLowerArm"] = CFrame.new(-1.4901161193847656e-07, 4.76837158203125e-07, -0.000003859400749206543, 1, -0.00001940247784659732, -6.486663437499374e-07, 0.000018926339180325158, 0.982076108455658, -0.1884850114583969, 0.000004293397523724707, 0.1884850263595581, 0.9820761680603027),
            ["LeftHand"] = CFrame.new(-0.0000014570541679859161, -0.0000016093254089355469, 2.0116567611694336e-07, 0.7860838174819946, -0.014409688301384449, -0.6179513931274414, -0.11312588304281235, 0.9794889688491821, -0.16674533486366272, 0.6076798439025879, 0.2009822577238083, 0.7683308124542236),
