return {
    ["Showstopper"] = {
        {Time = 0.000, Data = {
            ["LeftFoot"] = CFrame.new(-7.078051567077637e-08, -1.1920928955078125e-07, -2.9802322387695312e-08, 0.9726456999778748, 0.049410849809646606, -0.22697801887989044, -0.12950406968593597, 0.9265196323394775, -0.35325610637664795, 0.1928449124097824, 0.37298786640167236, 0.9075744152069092),
            ["LeftLowerArm"] = CFrame.new(0.0000012218952178955078, -2.384185791015625e-07, 0.000004947185516357422, 1, 1.4528632164001465e-07, -1.4901162970204496e-08, -8.195637946073475e-08, 0.590156078338623, -0.8072893023490906, -1.4901159772762185e-07, 0.807289183139801, 0.590156078338623),
            ["LowerTorso"] = CFrame.new(0.002280557993799448, -0.08665788173675537, 0.220380961894989, 0.9984166622161865, -0.05590255931019783, -0.0062477607280015945, 0.05468996614217758, 0.9906916618347168, -0.12465620785951614, 0.013158202171325684, 0.12411714345216751, 0.9921804070472717),
            ["Head"] = CFrame.new(-2.7939677238464355e-09, -5.960464477539062e-07, 4.761386662721634e-08, 0.9931922554969788, -0.07268927991390228, -0.0910244882106781, 0.05103885382413864, 0.9739648103713989, -0.22087949514389038, 0.10471025109291077, 0.2147296816110611, 0.9710441827774048),
            ["RightUpperArm"] = CFrame.new(-0.029202401638031006, -0.023885726928710938, 0.06496616452932358, 0.9778416156768799, -0.20867888629436493, -0.01670050248503685, 0.2038862109184265, 0.9674040079116821, -0.15020020306110382, 0.04749967157840729, 0.14346672594547272, 0.9885146021842957),
            ["UpperTorso"] = CFrame.new(8.381903171539307e-09, 5.960464477539063e-08, 2.3501343093812466e-08, 0.9978609681129456, 0.03277202323079109, 0.05656585842370987, -0.05566215515136719, 0.8797039985656738, 0.47225308418273926, -0.03428448736667633, -0.4743911325931549, 0.8796461820602417),
            ["HumanoidRootPart"] = CFrame.new(0, 0, 0, 1, 0, 0, 0, 1, 0, 0, 0, 1),
            ["RightHand"] = CFrame.new(2.7194619178771973e-07, 0.0000010728836059570312, -0.0000011026859283447266, 0.9792550206184387, 0.12078315019607544, -0.1626986861228943, -0.17271317541599274, 0.9174326658248901, -0.3584516644477844, 0.10597028583288193, 0.3791157901287079, 0.9192614555358887),
            ["LeftUpperArm"] = CFrame.new(0.029202699661254883, -0.02388763427734375, 0.06496527791023254, 0.7192893028259277, 0.5653650760650635, -0.40371406078338623, -0.6162983179092407, 0.7874984741210938, 0.0047735851258039474, 0.32062333822250366, 0.24537454545497894, 0.9148728251457214),
            ["RightLowerArm"] = CFrame.new(2.682209014892578e-07, 0, -0.000004036352038383484, 1, -0.000011835249097202905, 0.000015463683666894212, 0.000018953345715999603, 0.4155714511871338, -0.9095606207847595, 0.0000043371692299842834, 0.9095606207847595, 0.41557154059410095),
            ["LeftHand"] = CFrame.new(-0.0000012516975402832031, -0.0000015497207641601562, 5.960464477539062e-07, 0.8508333563804626, 0.40617242455482483, -0.33332565426826477, -0.49260759353637695, 0.8373370170593262, -0.23707593977451324, 0.18281236290931702, 0.3659108877182007, 0.9125179648399353),
            ["RightUpperLeg"] = CFrame.new(5.960464477539063e-08, 1.8812716007232666e-07, -3.5921402741223574e-08, 0.977378249168396, -0.01387048326432705, -0.21104343235492706, -0.013877310790121555, 0.9914911985397339, -0.12943246960639954, 0.21104300022125244, 0.12943311035633087, 0.9688693881034851),
            ["LeftUpperLeg"] = CFrame.new(-2.9802322387695312e-08, -1.2293457984924316e-07, 9.778887033462524e-09, 0.9342496991157532, 0.34365078806877136, 0.09529770910739899, -0.2923259735107422, 0.8910273313522339, -0.3472980558872223, -0.20426200330257416, 0.2966049909591675, 0.9329000115394592),
            ["RightLowerLeg"] = CFrame.new(3.3527612686157227e-08, -0.0007266402244567871, 0.00004597736551659182, 1, 6.89179060486822e-08, -2.6775524020195007e-08, -2.9802315282267955e-08, 0.8579489588737488, 0.5137348771095276, 7.124616274722939e-08, -0.5137349963188171, 0.8579490780830383),
            ["RightFoot"] = CFrame.new(1.78581103682518e-07, -5.960464477539063e-08, 9.145878721028566e-09, 0.9998323917388916, 0.01248460914939642, -0.013397254049777985, -0.015744727104902267, 0.9596543908119202, -0.2807411551475525, 0.009351765736937523, 0.2809049189090729, 0.9596900343894958),
            ["LeftLowerLeg"] = CFrame.new(-9.872019290924072e-08, -0.0007259845733642578, 0.00008089840412139893, 1, 5.960465188081798e-08, 4.4703494239684005e-08, -5.2154071283894154e-08, 0.6489664316177368, 0.7608168125152588, 2.980232594040899e-08, -0.7608171701431274, 0.6489667892456055),
        }},
        {Time = 0.033, Data = {
            ["LeftFoot"] = CFrame.new(-4.6566128730773926e-08, -1.7881393432617188e-07, -2.2351741790771484e-08, 0.9596622586250305, -0.0016796209383755922, -0.28115031123161316, -0.09920869767665863, 0.9336363673210144, -0.34421035647392273, 0.26307034492492676, 0.358218252658844, 0.8958090543746948),
            ["LeftLowerArm"] = CFrame.new(0.0000010728836059570312, -2.384185791015625e-07, 0.000004678964614868164, 1, 1.4156103134155273e-07, 2.9802322387695312e-08, -6.891787052154541e-08, 0.5833625197410583, -0.8122119903564453, -1.043081283569336e-07, 0.8122119307518005, 0.5833624005317688),
            ["LowerTorso"] = CFrame.new(0.025650832802057266, -0.10020983219146729, 0.22285784780979156, 0.9955642819404602, -0.0939912274479866, -0.004175382200628519, 0.09280591458082199, 0.9883632659912109, -0.12052082270383835, 0.01545469369739294, 0.11959873139858246, 0.9927020072937012),
            ["Head"] = CFrame.new(-5.587935447692871e-09, -0.0000010728836059570312, 7.951166480779648e-08, 0.9945172071456909, -0.05505197495222092, -0.08890920132398605, 0.03384425863623619, 0.9738965034484863, -0.2244558185338974, 0.09894508123397827, 0.22021599113941193, 0.9704199433326721),
            ["RightUpperArm"] = CFrame.new(-0.02920246124267578, -0.02388632297515869, 0.06496618688106537, 0.8937761783599854, -0.2829771041870117, 0.34797725081443787, 0.3443518877029419, 0.9300549626350403, -0.1281384378671646, -0.28737780451774597, 0.23435373604297638, 0.9287046790122986),
            ["UpperTorso"] = CFrame.new(2.1420419216156006e-08, 5.960464477539063e-08, -4.3655745685100555e-09, 0.996044397354126, 0.052428632974624634, 0.07174157351255417, -0.07991526275873184, 0.8815385103225708, 0.46529924869537354, -0.03884795680642128, -0.46919184923171997, 0.8822413682937622),
            ["HumanoidRootPart"] = CFrame.new(0, 0, 0, 1, 0, 0, 0, 1, 0, 0, 0, 1),
            ["RightHand"] = CFrame.new(2.086162567138672e-07, 8.344650268554688e-07, -7.748603820800781e-07, 0.9327436685562134, -0.2919479012489319, -0.21155469119548798, 0.19558373093605042, 0.902657151222229, -0.38335004448890686, 0.30287984013557434, 0.31619083881378174, 0.8990480899810791),
            ["LeftUpperArm"] = CFrame.new(0.029202699661254883, -0.023887991905212402, 0.06496527045965195, 0.7148221731185913, 0.5430874824523926, -0.4405513107776642, -0.6061039566993713, 0.7953799962997437, -0.0029411171562969685, 0.3488084375858307, 0.26912230253219604, 0.8977227210998535),
            ["RightLowerArm"] = CFrame.new(5.066394805908203e-07, 2.980232238769531e-07, -0.000003814697265625, 1, -0.000015102328688954003, 0.000012278556823730469, 0.00001897290349006653, 0.6164941787719727, -0.7873595952987671, 0.000004332512617111206, 0.7873595952987671, 0.6164941191673279),
            ["LeftHand"] = CFrame.new(-0.0000012218952178955078, -0.0000011920928955078125, 3.2782554626464844e-07, 0.8777428269386292, 0.3736804723739624, -0.2998831570148468, -0.4219328463077545, 0.8994006514549255, -0.11424369364976883, 0.22702468931674957, 0.22680716216564178, 0.947110652923584),
            ["RightUpperLeg"] = CFrame.new(2.9802322387695312e-08, -5.960464477539063e-08, 5.75528247281909e-09, 0.9832487106323242, 0.05170688033103943, -0.17478129267692566, -0.07603766024112701, 0.987853467464447, -0.13551288843154907, 0.16565139591693878, 0.14653277397155762, 0.9752373099327087),
            ["LeftUpperLeg"] = CFrame.new(-2.9802322387695312e-08, 3.5390257835388184e-08, -3.3760443329811096e-09, 0.9532595872879028, 0.29554980993270874, 0.06282152235507965, -0.2448408305644989, 0.877400815486908, -0.41257813572883606, -0.17705708742141724, 0.3779127895832062, 0.9087533950805664),
            ["RightLowerLeg"] = CFrame.new(-2.60770320892334e-08, -0.000726163387298584, 0.00004606304719345644, 1, 8.84756872210346e-08, -3.9755846614752954e-08, -3.608875331906347e-08, 0.866818368434906, 0.49862396717071533, 9.499491682163352e-08, -0.4986240863800049, 0.8668184876441956),
            ["RightFoot"] = CFrame.new(2.2654421627521515e-07, -1.1920928955078125e-07, 1.6596459317952394e-08, 0.9981576800346375, -0.0041128285229206085, 0.060534220188856125, 0.019522415474057198, 0.9664137959480286, -0.25624850392341614, -0.057447243481874466, 0.2569581866264343, 0.9647136926651001),
            ["LeftLowerLeg"] = CFrame.new(1.7508864402770996e-07, -0.0007265806198120117, 0.00008096173405647278, 1, 5.215407838932151e-08, 4.4703497792397684e-08, -2.2351745343485163e-08, 0.6262282133102417, 0.7796398401260376, 2.980232594040899e-08, -0.7796398997306824, 0.6262282133102417),
        }},
        {Time = 0.067, Data = {
            ["LeftFoot"] = CFrame.new(-1.3969838619232178e-09, -1.7881393432617188e-07, 7.450580596923828e-09, 0.9449272155761719, -0.1067369133234024, -0.3093864619731903, -0.0011890811147168279, 0.9441982507705688, -0.3293759226799011, 0.32727858424186707, 0.3116038739681244, 0.892071545124054),
            ["LeftLowerArm"] = CFrame.new(0.0000010132789611816406, -5.960464477539062e-07, 0.000004827976226806641, 1, 6.705523247774181e-08, 0, -7.078051567077637e-08, 0.5880537033081055, -0.8088219165802002, -1.043081283569336e-07, 0.8088220357894897, 0.5880536437034607),
            ["LowerTorso"] = CFrame.new(0.04414211958646774, -0.13589763641357422, 0.2243068665266037, 0.9910064339637756, -0.1335606575012207, -0.008247975260019302, 0.13196977972984314, 0.985683023929596, -0.10494352877140045, 0.02214621752500534, 0.10291124880313873, 0.9944440126419067),
            ["Head"] = CFrame.new(2.7939677238464355e-09, -7.152557373046875e-07, 7.101334631443024e-08, 0.9958643317222595, -0.025336941704154015, -0.08724846690893173, 0.003454524092376232, 0.9701920747756958, -0.24231301248073578, 0.09078720211982727, 0.2410094141960144, 0.9662671685218811),
            ["RightUpperArm"] = CFrame.new(-0.02920234203338623, -0.023885726928710938, 0.06496618688106537, 0.6552404761314392, -0.34983062744140625, 0.6695362329483032, 0.48055359721183777, 0.87688148021698, -0.012124994769692421, -0.5828620791435242, 0.3296928107738495, 0.742680549621582),
            ["UpperTorso"] = CFrame.new(-4.6566128730773926e-08, 8.940696716308594e-08, -5.625770427286625e-08, 0.9921415448188782, 0.07668055593967438, 0.09887063503265381, -0.11298897117376328, 0.8885182738304138, 0.4447123110294342, -0.053747572004795074, -0.452388733625412, 0.8901997804641724),
            ["HumanoidRootPart"] = CFrame.new(0, 0, 0, 1, 0, 0, 0, 1, 0, 0, 0, 1),
            ["RightHand"] = CFrame.new(4.172325134277344e-07, 0.0000013113021850585938, -9.238719940185547e-07, 0.7511193752288818, -0.45047906041145325, -0.48258426785469055, 0.5878030061721802, 0.7891193628311157, 0.17826585471630096, 0.3005118668079376, -0.41756343841552734, 0.8575161099433899),
            ["LeftUpperArm"] = CFrame.new(0.029202640056610107, -0.02388763427734375, 0.06496520340442657, 0.7240042686462402, 0.4828414022922516, -0.49262791872024536, -0.5736977458000183, 0.8180210590362549, -0.04138057306408882, 0.38299962878227234, 0.3125792443752289, 0.8692557215690613),
            ["RightLowerArm"] = CFrame.new(-5.960464477539063e-08, 6.556510925292969e-07, -0.000004082918167114258, 1, -0.00001537799835205078, 0.000011891129361174535, 0.000018965452909469604, 0.6360796689987183, -0.7716234922409058, 0.0000042244791984558105, 0.771623432636261, 0.6360796093940735),
            ["LeftHand"] = CFrame.new(-0.0000013709068298339844, -0.0000012516975402832031, 2.9802322387695312e-08, 0.8941007256507874, 0.3579846918582916, -0.2691291570663452, -0.38774392008781433, 0.919463574886322, -0.06512877345085144, 0.22413961589336395, 0.16258490085601807, 0.9608994722366333),
            ["RightUpperLeg"] = CFrame.new(-2.9802322387695312e-08, 4.842877388000488e-08, -3.010063664987683e-08, 0.987132728099823, 0.12531565129756927, -0.09932264685630798, -0.14422915875911713, 0.965980589389801, -0.2146614044904709, 0.06904333829879761, 0.2262243628501892, 0.9716252088546753),
            ["LeftUpperLeg"] = CFrame.new(-5.960464477539063e-08, -7.636845111846924e-08, -1.7695128917694092e-08, 0.9635368585586548, 0.2647368907928467, -0.03887171670794487, -0.25066980719566345, 0.8422646522521973, -0.477236807346344, -0.09360194951295853, 0.46957919001579285, 0.877914547920227),
            ["RightLowerLeg"] = CFrame.new(-2.3283064365386963e-08, -0.0007262229919433594, 0.000046050008677411824, 1, 8.754435043556441e-08, -3.352760913344355e-08, -5.029141902923584e-08, 0.8314767479896545, 0.5555597543716431, 7.683411240577698e-08, -0.5555596947669983, 0.831476628780365),
            ["RightFoot"] = CFrame.new(1.7741695046424866e-07, 0, 1.6596459317952394e-08, 0.9903184175491333, -0.018699318170547485, 0.13754887878894806, 0.05391688644886017, 0.9649028182029724, -0.25701284408569336, -0.12791523337364197, 0.2619406282901764, 0.9565693140029907),
            ["LeftLowerLeg"] = CFrame.new(-7.636845111846924e-08, -0.0007266402244567871, 0.00008100643754005432, 1, 6.705522537231445e-08, 4.8428766774577525e-08, -5.587935447692871e-08, 0.6087237000465393, 0.7933825850486755, 4.0978193283081055e-08, -0.7933822870254517, 0.6087232828140259),
        }},
        {Time = 0.100, Data = {
            ["LeftFoot"] = CFrame.new(-4.87439137941692e-08, 0, -7.450580596923828e-09, 0.9626563191413879, -0.11397724598646164, -0.2455645501613617, 0.003193126991391182, 0.9117752909660339, -0.4106771647930145, 0.2707075774669647, 0.39455682039260864, 0.8780902624130249),
            ["LeftLowerArm"] = CFrame.new(8.642673492431641e-07, -1.1920928955078125e-07, 0.0000049173831939697266, 1, 1.1920928955078125e-07, -8.940696716308594e-08, -7.660126044584104e-08, 0.5545931458473206, -0.832121729850769, -1.1920926112907182e-07, 0.832121729850769, 0.5545930862426758),
            ["LowerTorso"] = CFrame.new(0.05643649771809578, -0.19370996952056885, 0.2217169553041458, 0.9844508767127991, -0.17440450191497803, -0.02096548117697239, 0.1724010705947876, 0.9821638464927673, -0.0750478133559227, 0.03368021175265312, 0.07026641070842743, 0.9969595670700073),
            ["Head"] = CFrame.new(0, -4.76837158203125e-07, -1.0570511221885681e-07, 0.9949744939804077, 0.057881858199834824, -0.08170437812805176, -0.07821585237979889, 0.9587476253509521, -0.27328619360923767, 0.06251559406518936, 0.27830323576927185, 0.9584565758705139),
            ["RightUpperArm"] = CFrame.new(-0.02920234203338623, -0.023885488510131836, 0.0649660974740982, 0.44136616587638855, -0.3445608615875244, 0.8285370469093323, 0.5479959845542908, 0.8346586227416992, 0.055186208337545395, -0.7105605602264404, 0.42967769503593445, 0.5572081208229065),
            ["UpperTorso"] = CFrame.new(2.7008354663848877e-08, 4.470348358154297e-07, -1.1350493878126144e-09, 0.9885694980621338, 0.08737105131149292, 0.12286894023418427, -0.13012228906154633, 0.9060662984848022, 0.4026314616203308, -0.07614907622337341, -0.4140170216560364, 0.9070783257484436),
            ["HumanoidRootPart"] = CFrame.new(0, 0, 0, 1, 0, 0, 0, 1, 0, 0, 0, 1),
            ["RightHand"] = CFrame.new(3.8743019104003906e-07, 0.0000010728836059570312, -7.916241884231567e-07, 0.6477372050285339, 0.5610811710357666, -0.5153868794441223, -0.22185340523719788, 0.7860763669013977, 0.5769449472427368, 0.7288467884063721, -0.25936850905418396, 0.6336489319801331),
            ["LeftUpperArm"] = CFrame.new(0.029202699661254883, -0.0238875150680542, 0.064965158700943, 0.7450307011604309, 0.4112623631954193, -0.525159478187561, -0.526722252368927, 0.8457875847816467, -0.08489533513784409, 0.409259170293808, 0.3398628532886505, 0.8467587232589722),
            ["RightLowerArm"] = CFrame.new(2.086162567138672e-07, 4.172325134277344e-07, -0.0000039637088775634766, 1, -0.00001029670238494873, 0.00001653097933740355, 0.000019021334082935937, 0.32735925912857056, -0.9449000358581543, 0.000004343688942753943, 0.9448999762535095, 0.32735928893089294),
            ["LeftHand"] = CFrame.new(-0.0000012814998626708984, -0.0000011324882507324219, 2.980232238769531e-07, 0.8982848525047302, 0.3521478772163391, -0.262822687625885, -0.36904123425483704, 0.9292717576026917, -0.01621907204389572, 0.2385225147008896, 0.11156182736158371, 0.9647078514099121),
            ["RightUpperLeg"] = CFrame.new(1.4901161193847656e-07, 1.3597309589385986e-07, -1.939042704179883e-08, 0.9792736172676086, 0.1991831511259079, -0.036731019616127014, -0.19988027215003967, 0.9210802316665649, -0.3341546952724457, -0.03272577375173569, 0.33457043766975403, 0.9418023228645325),
            ["LeftUpperLeg"] = CFrame.new(-2.9802322387695312e-08, 1.126900315284729e-07, 1.862645149230957e-08, 0.9575499892234802, 0.24069753289222717, -0.15862791240215302, -0.2880188822746277, 0.7760000824928284, -0.56113201379776, -0.011967811733484268, 0.5829997658729553, 0.8123842477798462),
            ["RightLowerLeg"] = CFrame.new(-1.2223608791828156e-08, -0.0007262825965881348, 0.00004600146348820999, 1, 1.2246894698364486e-07, 2.7939683899802503e-09, -5.075708031654358e-08, 0.7487505674362183, 0.6628517508506775, 9.895302355289459e-08, -0.6628519296646118, 0.7487507462501526),
            ["RightFoot"] = CFrame.new(2.1071173250675201e-07, -1.7881393432617188e-07, 1.1008523870259523e-08, 0.9937667846679688, -0.027883823961019516, 0.10793564468622208, 0.05998845770955086, 0.9498372673988342, -0.3069373369216919, -0.09396273642778397, 0.3114992380142212, 0.9455894827842712),
            ["LeftLowerLeg"] = CFrame.new(1.471125870011747e-07, -0.0007266402244567871, 0.00008113309741020203, 1, 8.137794083040717e-08, 6.092885485031729e-08, -7.677226676605642e-08, 0.4554430842399597, 0.8902649283409119, 4.625326255336404e-08, -0.8902648687362671, 0.45544299483299255),
        }},
        {Time = 0.133, Data = {
            ["LeftFoot"] = CFrame.new(-4.330649971961975e-08, -1.7881393432617188e-07, -1.955777406692505e-08, 0.9763490557670593, -0.1412852257490158, -0.16364936530590057, 0.04282572865486145, 0.8683196306228638, -0.49415266513824463, 0.21191662549972534, 0.47545725107192993, 0.8538337349891663),
            ["LeftLowerArm"] = CFrame.new(0.0000012516975402832031, -1.1920928955078125e-07, 0.000004857778549194336, 1, 1.4901162614933128e-07, -4.4703490686970326e-08, -9.313227167240257e-08, 0.46961304545402527, -0.8828724026679993, -2.7939680791178034e-08, 0.8828724026679993, 0.46961310505867004),
            ["LowerTorso"] = CFrame.new(0.06562051177024841, -0.2671574354171753, 0.21870222687721252, 0.976617693901062, -0.21056513488292694, -0.04336107149720192, 0.2094581574201584, 0.9773960709571838, -0.028711402788758278, 0.0484265498816967, 0.018957728520035744, 0.9986469149589539),
            ["Head"] = CFrame.new(-3.166496753692627e-08, -0.0000010728836059570312, -6.146728992462158e-08, 0.9857547879219055, 0.14732371270656586, -0.08113760501146317, -0.1655016839504242, 0.9355611801147461, -0.311985045671463, 0.029946327209472656, 0.3209689259529114, 0.9466161727905273),
            ["RightUpperArm"] = CFrame.new(-0.02920234203338623, -0.02388584613800049, 0.06496617197990417, 0.3837548792362213, -0.2055787444114685, 0.9002609252929688, 0.6275274753570557, 0.773267924785614, -0.09091736376285553, -0.6774522066116333, 0.5998283624649048, 0.42575162649154663),
            ["UpperTorso"] = CFrame.new(5.8673322200775146e-08, 3.5762786865234375e-07, 1.728767529129982e-08, 0.9851160645484924, 0.09317151457071304, 0.14444924890995026, -0.13811758160591125, 0.929300844669342, 0.3425252437591553, -0.10232315957546234, -0.3573779761791229, 0.9283376932144165),
            ["HumanoidRootPart"] = CFrame.new(0, 0, 0, 1, 0, 0, 0, 1, 0, 0, 0, 1),
            ["RightHand"] = CFrame.new(1.4156103134155273e-07, 0.0000011324882507324219, -8.083879947662354e-07, 0.6673306226730347, 0.18307608366012573, -0.7219089269638062, -0.19340722262859344, 0.9786607623100281, 0.06940342485904694, 0.7192103862762451, 0.09330729395151138, 0.6884989142417908),
            ["LeftUpperArm"] = CFrame.new(0.029202640056610107, -0.02388787269592285, 0.06496521085500717, 0.7577853202819824, 0.34462761878967285, -0.5540697574615479, -0.4862772226333618, 0.8644714951515198, -0.1273721158504486, 0.43508151173591614, 0.36595213413238525, 0.8226683139801025),
            ["RightLowerArm"] = CFrame.new(5.066394805908203e-07, 5.960464477539062e-07, -0.000004082918167114258, 1, 2.980232594040899e-08, 0.000019470231563900597, 0.00001899898416013457, -0.22839339077472687, -0.9735689759254456, 0.000004440546945261303, 0.9735689759254456, -0.2283933460712433),
            ["LeftHand"] = CFrame.new(-0.000001430511474609375, -0.0000013113021850585938, 2.980232238769531e-07, 0.9749833345413208, 0.22178500890731812, 0.014794789254665375, -0.2192474901676178, 0.9705110192298889, -0.1001950055360794, -0.03658028692007065, 0.09444475173950195, 0.994857907295227),
            ["RightUpperLeg"] = CFrame.new(0, -1.5832483768463135e-08, 1.3205863069742918e-08, 0.9623686075210571, 0.2717365324497223, 0.002457116963341832, -0.2379714846611023, 0.8470849394798279, -0.47520190477371216, -0.13121114671230316, 0.45673438906669617, 0.8798734545707703),
            ["LeftUpperLeg"] = CFrame.new(-2.9802322387695312e-08, 1.5529803931713104e-07, 0, 0.9378039240837097, 0.21871644258499146, -0.2696053683757782, -0.3440352976322174, 0.689545214176178, -0.6373127102851868, 0.046514321118593216, 0.6904277801513672, 0.7219041585922241),
            ["RightLowerLeg"] = CFrame.new(5.587935447692871e-08, -0.000726163387298584, 0.000045971777581144124, 1, 1.564622067462551e-07, 2.1420426321583363e-08, -5.960463766996327e-08, 0.6316289305686951, 0.7752706408500671, 9.220092067607766e-08, -0.7752708792686462, 0.6316293478012085),
            ["RightFoot"] = CFrame.new(1.6344711184501648e-07, -1.1920928955078125e-07, 1.6952981241047382e-09, 0.9985182285308838, -0.034495215862989426, 0.042088478803634644, 0.047778353095054626, 0.9259501099586487, -0.3746110796928406, -0.02604953572154045, 0.37606698274612427, 0.9262263774871826),
            ["LeftLowerLeg"] = CFrame.new(-4.0978193283081055e-08, -0.0007266402244567871, 0.00008096545934677124, 1, 7.078050856534901e-08, 6.705523247774181e-08, -1.1920927533992653e-07, 0.2898181080818176, 0.9570818543434143, 8.568166975919667e-08, -0.9570817947387695, 0.28981807827949524),
        }},
        {Time = 0.167, Data = {
            ["LeftFoot"] = CFrame.new(6.705522537231445e-08, -1.1920928955078125e-07, -1.4901161193847656e-08, 0.9795690178871155, -0.17377150058746338, -0.10123362392187119, 0.0875636637210846, 0.8216899037361145, -0.5631682872772217, 0.1810452938079834, 0.5427975058555603, 0.8201178908348083),
            ["LeftLowerArm"] = CFrame.new(0.0000013113021850585938, -5.364418029785156e-07, 0.000004827976226806641, 1, 9.685756197086448e-08, -8.195638656616211e-08, -1.1548399925231934e-07, 0.20456735789775848, -0.9788525104522705, -7.171183824539185e-08, 0.9788525700569153, 0.2045673131942749),
            ["LowerTorso"] = CFrame.new(0.0730624869465828, -0.35614335536956787, 0.22840672731399536, 0.9683265089988708, -0.2374657839536667, -0.07716060429811478, 0.2408166229724884, 0.9698514342308044, 0.037358466535806656, 0.06596295535564423, -0.054756756871938705, 0.996318519115448),
            ["Head"] = CFrame.new(3.166496753692627e-08, -8.344650268554688e-07, -6.798654794692993e-08, 0.9706971049308777, 0.22335368394851685, -0.0886596068739891, -0.24030664563179016, 0.90176922082901, -0.3592562675476074, -0.00029074217309243977, 0.37003427743911743, 0.929017961025238),
            ["RightUpperArm"] = CFrame.new(-0.029202401638031006, -0.02388596534729004, 0.06496604532003403, 0.43668481707572937, -0.025571350008249283, 0.8992511630058289, 0.6978945136070251, 0.6403895020484924, -0.3206937909126282, -0.5676702857017517, 0.76762455701828, 0.2974943220615387),
            ["UpperTorso"] = CFrame.new(5.587935447692871e-09, 5.960464477539063e-08, 2.6309862732887268e-08, 0.9816368818283081, 0.09440649300813675, 0.16576068103313446, -0.1367141455411911, 0.9541774988174438, 0.2661855220794678, -0.13303540647029877, -0.28395935893058777, 0.9495624303817749),
            ["HumanoidRootPart"] = CFrame.new(0, 0, 0, 1, 0, 0, 0, 1, 0, 0, 0, 1),
            ["RightHand"] = CFrame.new(3.8743019104003906e-07, 0.0000010132789611816406, -5.662441253662109e-07, 0.5181467533111572, 0.05185147374868393, -0.8537182807922363, -0.09324827045202255, 0.9956353902816772, 0.0038758008740842342, 0.850193440914154, 0.07759936898946762, 0.5207207798957825),
            ["LeftUpperArm"] = CFrame.new(0.029202818870544434, -0.0238875150680542, 0.06496524065732956, 0.7493059039115906, 0.31560561060905457, -0.5821804404258728, -0.4851604402065277, 0.8599907755851746, -0.15822528302669525, 0.450732946395874, 0.4010099768638611, 0.797515332698822),
            ["RightLowerArm"] = CFrame.new(7.152557373046875e-07, 5.960464477539062e-07, -0.000003844499588012695, 1, 0.0000064529021983616985, 0.000018388040189165622, 0.00001892820182547439, -0.5373972058296204, -0.8433293104171753, 0.000004425645329320105, 0.8433293700218201, -0.5373971462249756),
            ["LeftHand"] = CFrame.new(-0.000001430511474609375, -0.0000013113021850585938, 2.1606683731079102e-07, 0.7585485577583313, -0.0019322896841913462, 0.651613175868988, 0.1271192878484726, 0.9812212586402893, -0.14507104456424713, -0.6390968561172485, 0.19287604093551636, 0.7445499897003174),
            ["RightUpperLeg"] = CFrame.new(5.960464477539063e-08, -8.381903171539307e-08, 5.75528247281909e-09, 0.9428131580352783, 0.33325114846229553, 0.006854756735265255, -0.2541644871234894, 0.7320671677589417, -0.6320430040359497, -0.21564720571041107, 0.5941560864448547, 0.7749030590057373),
            ["LeftUpperLeg"] = CFrame.new(-5.960464477539063e-08, -6.984919309616089e-08, 4.470348358154297e-08, 0.9131733179092407, 0.19417579472064972, -0.3583436906337738, -0.40246278047561646, 0.5683720111846924, -0.717619001865387, 0.06432823836803436, 0.7995306253433228, 0.5971706509590149),
            ["RightLowerLeg"] = CFrame.new(6.146728992462158e-08, -0.0007262229919433594, 0.0000460425580968149, 1, 1.3783578367565497e-07, 2.328306969445748e-08, -5.587936158235607e-08, 0.48497653007507324, 0.8745270371437073, 1.396984004031765e-07, -0.8745272159576416, 0.48497673869132996),
            ["RightFoot"] = CFrame.new(1.685693860054016e-07, 0, 1.6596459317952394e-08, 0.9992530345916748, -0.03780592605471611, -0.008010560646653175, 0.03049466386437416, 0.8987074494361877, -0.4374872148036957, 0.023738736286759377, 0.43691614270210266, 0.8991889357566833),
            ["LeftLowerLeg"] = CFrame.new(7.450580596923828e-08, -0.0007265806198120117, 0.00008098781108856201, 1, 8.195640788244418e-08, 8.568166975919667e-08, -5.774199962615967e-08, 0.11667020618915558, 0.9931707382202148, 3.725290298461914e-08, -0.9931707382202148, 0.11667001992464066),
        }},
        {Time = 0.200, Data = {
            ["LeftFoot"] = CFrame.new(-4.0512531995773315e-08, 5.960464477539063e-08, 5.21540641784668e-08, 0.9720054268836975, -0.21549628674983978, -0.09363169223070145, 0.11792366951704025, 0.792108952999115, -0.5988799929618835, 0.2032230943441391, 0.5710734128952026, 0.7953463792800903),
            ["LeftLowerArm"] = CFrame.new(0.0000016987323760986328, -4.76837158203125e-07, 0.0000050514936447143555, 1, 1.1175872671742582e-08, -5.2154071283894154e-08, -5.215405707303944e-08, -0.11377093940973282, -0.9935070872306824, -1.1362133989223366e-07, 0.9935070872306824, -0.1137709692120552),
            ["LowerTorso"] = CFrame.new(0.08070985227823257, -0.4164499044418335, 0.24259550869464874, 0.9608939290046692, -0.25211432576179504, -0.11454816162586212, 0.26440155506134033, 0.9582440853118896, 0.1089046522974968, 0.08230865001678467, -0.1349325031042099, 0.9874303340911865),
            ["Head"] = CFrame.new(2.9802322387695312e-08, -4.76837158203125e-07, 1.30385160446167e-07, 0.959446907043457, 0.2662304937839508, -0.09264422953128815, -0.28110256791114807, 0.8790826797485352, -0.3849610686302185, -0.02104649320244789, 0.39539217948913574, 0.9182713031768799),
            ["RightUpperArm"] = CFrame.new(-0.02920222282409668, -0.023885488510131836, 0.06496620923280716, 0.5720646381378174, 0.11378629505634308, 0.8122775554656982, 0.6657105088233948, 0.5141024589538574, -0.5408586263656616, -0.4791361689567566, 0.8501478433609009, 0.21835114061832428),
            ["UpperTorso"] = CFrame.new(-1.4528632164001465e-07, 0, -3.748573362827301e-08, 0.978442907333374, 0.1001746654510498, 0.18059489130973816, -0.13250352442264557, 0.9752659201622009, 0.17691609263420105, -0.15840548276901245, -0.19703175127506256, 0.9675154685974121),
            ["HumanoidRootPart"] = CFrame.new(0, 0, 0, 1, 0, 0, 0, 1, 0, 0, 0, 1),
            ["RightHand"] = CFrame.new(4.172325134277344e-07, 0.0000010728836059570312, -7.450580596923828e-07, 0.29216286540031433, -0.07337885349988937, -0.9535492658615112, 0.033876270055770874, 0.997220516204834, -0.06635995954275131, 0.9557684063911438, -0.012914812192320824, 0.2938370108604431),
            ["LeftUpperArm"] = CFrame.new(0.02920246124267578, -0.0238875150680542, 0.06496520340442657, 0.728743851184845, 0.2511005997657776, -0.6370878219604492, -0.49759307503700256, 0.8333365321159363, -0.24073073267936707, 0.47046104073524475, 0.49244165420532227, 0.7322348952293396),
            ["RightLowerArm"] = CFrame.new(3.8743019104003906e-07, 8.344650268554688e-07, -0.0000041425228118896484, 1, 0.000008866190000844654, 0.000017374753952026367, 0.000018939374058390968, -0.6460493206977844, -0.7632957100868225, 0.000004410743258631555, 0.7632956504821777, -0.6460492610931396),
            ["LeftHand"] = CFrame.new(-0.0000014901161193847656, -0.0000012516975402832031, 8.195638656616211e-08, 0.6555073261260986, 0.030081868171691895, 0.7545890212059021, 0.146319180727005, 0.9752129316329956, -0.16598373651504517, -0.7408785223960876, 0.21921443939208984, 0.6348581314086914),
            ["RightUpperLeg"] = CFrame.new(-8.940696716308594e-08, 2.9802322387695312e-08, -4.267349140718579e-08, 0.9254476428031921, 0.3788681626319885, 0.0023346017114818096, -0.25138410925865173, 0.6186338663101196, -0.7443779110908508, -0.28346556425094604, 0.6882957220077515, 0.6677544713020325),
            ["LeftUpperLeg"] = CFrame.new(-1.1920928955078125e-07, -1.0244548320770264e-07, -5.960464477539063e-08, 0.893989622592926, 0.20451174676418304, -0.3986946642398834, -0.44772037863731384, 0.44370755553245544, -0.7763184309005737, 0.018137624487280846, 0.8725243210792542, 0.48823386430740356),
            ["RightLowerLeg"] = CFrame.new(-1.5459954738616943e-07, -0.0007263422012329102, 0.0000461207891930826, 1, 1.2665985593685036e-07, 4.656614649434232e-08, -1.862644793959589e-08, 0.39342883229255676, 0.9193549752235413, 1.3969835777061235e-07, -0.919355034828186, 0.3934292197227478),
            ["RightFoot"] = CFrame.new(1.6437843441963196e-07, -1.1920928955078125e-07, -5.75528247281909e-09, 0.9984561800956726, -0.03907237574458122, -0.03947985917329788, 0.016307292506098747, 0.8856410980224609, -0.46408385038375854, 0.053097985684871674, 0.4627237021923065, 0.884911060333252),
            ["LeftLowerLeg"] = CFrame.new(-1.4901161193847656e-08, -0.0007264018058776855, 0.00008087605237960815, 1, 8.940694584680386e-08, 8.56816981809061e-08, -7.636845111846924e-08, 0.012070349417626858, 0.9999271631240845, 6.705522537231445e-08, -0.9999271631240845, 0.012070436030626297),
        }},
        {Time = 0.233, Data = {
            ["LeftFoot"] = CFrame.new(-4.493631422519684e-08, -1.7881393432617188e-07, -1.1175870895385742e-08, 0.9619749784469604, -0.24210818111896515, -0.12644292414188385, 0.12413483113050461, 0.7998853921890259, -0.5871744751930237, 0.24329988658428192, 0.5491513013839722, 0.7995238304138184),
            ["LeftLowerArm"] = CFrame.new(0.0000011920928955078125, -1.7881393432617188e-07, 0.000004738569259643555, 1, 0, -1.192093321833454e-07, -6.618212466946716e-08, -0.2743384540081024, -0.9616332054138184, 4.4703494239684005e-08, 0.9616332054138184, -0.27433863282203674),
            ["LowerTorso"] = CFrame.new(0.07823733985424042, -0.40292906761169434, 0.25824326276779175, 0.9561871886253357, -0.25434836745262146, -0.14495879411697388, 0.27786239981651306, 0.9444001317024231, 0.17578691244125366, 0.09218796342611313, -0.20836378633975983, 0.9736971259117126),
            ["Head"] = CFrame.new(1.6763806343078613e-08, -4.76837158203125e-07, 0, 0.9562391042709351, 0.27698323130607605, -0.09427139908075333, -0.29161351919174194, 0.8759795427322388, -0.38421550393104553, -0.02384154126048088, 0.3948926031589508, 0.9184178113937378),
            ["RightUpperArm"] = CFrame.new(-0.029202282428741455, -0.023885607719421387, 0.0649661049246788, 0.7104823589324951, 0.10782450437545776, 0.6954053044319153, 0.558693528175354, 0.5144150257110596, -0.6505680680274963, -0.42787426710128784, 0.8507356643676758, 0.30524197220802307),
            ["UpperTorso"] = CFrame.new(-1.341104507446289e-07, 2.086162567138672e-07, -3.795139491558075e-08, 0.975716233253479, 0.10744035989046097, 0.19087845087051392, -0.12523476779460907, 0.9885890483856201, 0.08371394127607346, -0.17970596253871918, -0.10558560490608215, 0.9780375361442566),
            ["HumanoidRootPart"] = CFrame.new(0, 0, 0, 1, 0, 0, 0, 1, 0, 0, 0, 1),
            ["RightHand"] = CFrame.new(1.4901161193847656e-07, 0.0000012516975402832031, -9.238719940185547e-07, 0.1824824959039688, -0.1372559815645218, -0.9735814332962036, 0.03585842624306679, 0.9904783368110657, -0.13291719555854797, 0.9825549721717834, -0.010655942372977734, 0.18566714227199554),
            ["LeftUpperArm"] = CFrame.new(0.029202580451965332, -0.0238875150680542, 0.06496518105268478, 0.7095006108283997, 0.08861317485570908, -0.6991111040115356, -0.5099311470985413, 0.7492888569831848, -0.4225359261035919, 0.48639407753944397, 0.6562880873680115, 0.5768077373504639),
            ["RightLowerArm"] = CFrame.new(-1.7881393432617188e-07, 1.7881393432617188e-07, -0.0000034868717193603516, 1, 0.000010572373867034912, 0.00001632422390684951, 0.00001901388168334961, -0.7189606428146362, -0.6950507760047913, 0.0000044405460357666016, 0.6950508952140808, -0.718960702419281),
            ["LeftHand"] = CFrame.new(-0.0000015497207641601562, -0.0000013113021850585938, -1.043081283569336e-07, 0.856482982635498, 0.1612389087677002, 0.49034518003463745, -0.10205288976430893, 0.9841036796569824, -0.14534524083137512, -0.5059862732887268, 0.07444483041763306, 0.859323263168335),
            ["RightUpperLeg"] = CFrame.new(5.960464477539063e-08, 8.195638656616211e-08, -3.149762051180005e-08, 0.9164717793464661, 0.39952731132507324, 0.021388620138168335, -0.23002511262893677, 0.5698845982551575, -0.7888727188110352, -0.32736533880233765, 0.7180595993995667, 0.6141843199729919),
            ["LeftUpperLeg"] = CFrame.new(-1.4901161193847656e-07, 1.564621925354004e-07, -3.725290298461914e-08, 0.8895382881164551, 0.2472967952489853, -0.384143203496933, -0.4529041647911072, 0.3669130504131317, -0.8125595450401306, -0.05999625101685524, 0.8967827558517456, 0.43838465213775635),
            ["RightLowerLeg"] = CFrame.new(-6.705522537231445e-08, -0.0007263422012329102, 0.00004612451448338106, 1, 1.6018753967728117e-07, 1.8626460374093767e-09, -2.1420417439799166e-08, 0.4333035349845886, 0.9012479186058044, 1.4901159772762185e-07, -0.901248037815094, 0.4333038330078125),
            ["RightFoot"] = CFrame.new(1.6763806343078613e-07, -1.7881393432617188e-07, 9.145878721028566e-09, 0.9978793859481812, -0.03256036341190338, -0.056362416595220566, 0.004803002346307039, 0.9003682136535645, -0.43510231375694275, 0.0649140477180481, 0.4339088201522827, 0.8986152410507202),
            ["LeftLowerLeg"] = CFrame.new(3.3527612686157227e-08, -0.0007265210151672363, 0.00008099526166915894, 1, 1.1175869474300271e-07, 1.862645326866641e-08, -1.350417875300991e-07, 0.033563148230314255, 0.999436616897583, 5.960465188081798e-08, -0.999436616897583, 0.033563122153282166),
        }},
        {Time = 0.267, Data = {
            ["LeftFoot"] = CFrame.new(-8.96397978067398e-09, -1.1920928955078125e-07, 3.725290298461914e-09, 0.9590587615966797, -0.21616211533546448, -0.1829758733510971, 0.08684945851564407, 0.8394386768341064, -0.5364699363708496, 0.26956164836883545, 0.49861475825309753, 0.8238445520401001),
            ["LeftLowerArm"] = CFrame.new(0.000001430511474609375, -2.980232238769531e-07, 0.000004798173904418945, 1, -2.9802322387695312e-08, -1.4901162970204496e-08, -7.450581307466564e-08, -0.2489793747663498, -0.9685088992118835, 1.4901162970204496e-08, 0.968508780002594, -0.2489793449640274),
            ["LowerTorso"] = CFrame.new(0.06457539647817612, -0.3339031934738159, 0.2631571888923645, 0.9590350389480591, -0.24395829439163208, -0.1440008133649826, 0.270113080739975, 0.9406952857971191, 0.2052595019340515, 0.08538611233234406, -0.23574750125408173, 0.9680560231208801),
            ["Head"] = CFrame.new(1.4901161193847656e-08, -7.152557373046875e-07, -3.725290298461914e-09, 0.9647642374038696, 0.24310548603534698, -0.1006462499499321, -0.2630026638507843, 0.9022318124771118, -0.34177109599113464, 0.007719803601503372, 0.35619863867759705, 0.9343782663345337),
            ["RightUpperArm"] = CFrame.new(-0.02920234203338623, -0.02388584613800049, 0.0649661123752594, 0.7574361562728882, 0.019996529445052147, 0.6526030898094177, 0.4775193929672241, 0.664692759513855, -0.5745944976806641, -0.44527044892311096, 0.7468491196632385, 0.49391353130340576),
            ["UpperTorso"] = CFrame.new(3.725290298461914e-09, -1.7881393432617188e-07, 4.470348358154297e-08, 0.974026083946228, 0.1125798150897026, 0.196466863155365, -0.11833503842353821, 0.9928147792816162, 0.017766905948519707, -0.19305501878261566, -0.04055444523692131, 0.9803495407104492),
            ["HumanoidRootPart"] = CFrame.new(0, 0, 0, 1, 0, 0, 0, 1, 0, 0, 0, 1),
            ["RightHand"] = CFrame.new(5.662441253662109e-07, 0.0000013113021850585938, -8.046627044677734e-07, 0.16557623445987701, -0.042132433503866196, -0.9852966666221619, -0.13301803171634674, 0.9890032410621643, -0.06464431434869766, 0.977185070514679, 0.1417657732963562, 0.15815122425556183),
            ["LeftUpperArm"] = CFrame.new(0.029202520847320557, -0.0238877534866333, 0.06496518850326538, 0.6632121801376343, 0.009322304278612137, -0.7483735084533691, -0.5442041754722595, 0.6924572587013245, -0.47365057468414307, 0.5138009786605835, 0.7213987708091736, 0.4643193185329437),
            ["RightLowerArm"] = CFrame.new(1.7881393432617188e-07, 6.556510925292969e-07, -0.000003933906555175781, 1, 0.00001107901243813103, 0.000016108155250549316, 0.00001898222035379149, -0.7413215637207031, -0.6711500287055969, 0.000004470349267648999, 0.6711500287055969, -0.7413216233253479),
            ["LeftHand"] = CFrame.new(-0.0000013113021850585938, -0.0000011920928955078125, 1.1920928955078125e-07, 0.8915798664093018, 0.28847047686576843, 0.3490985631942749, -0.2523917555809021, 0.9565705060958862, -0.1458476036787033, -0.3760104477405548, 0.04192518815398216, 0.9256666302680969),
            ["RightUpperLeg"] = CFrame.new(1.1920928955078125e-07, -1.4156103134155273e-07, 8.77116690389812e-08, 0.9161500334739685, 0.3927265703678131, 0.08021906018257141, -0.19660109281539917, 0.6146644353866577, -0.7638950943946838, -0.34930986166000366, 0.6840713024139404, 0.640335202217102),
