return {
    ["Show You Off"] = {
        {Time = 0.000, Data = {
            ["RightFoot"] = CFrame.new(2.5513145374134183e-08, 2.980232238769531e-07, 9.320501703768969e-09, 0.9897817373275757, 0.07065660506486893, -0.1238538920879364, -0.11030417680740356, 0.9298403859138489, -0.35104072093963623, 0.09036093205213547, 0.3611155152320862, 0.928132951259613),
            ["LeftLowerArm"] = CFrame.new(-5.960464477539063e-08, -1.7881393432617188e-07, 4.470348358154297e-08, 1, -6.705523958316917e-08, 1.564622067462551e-07, 6.146728992462158e-08, -0.6835543513298035, -0.7298997044563293, 1.5087425708770752e-07, 0.7298997640609741, -0.6835542321205139),
            ["RightUpperArm"] = CFrame.new(0, 0.0039060115814208984, 2.485687673470238e-07, 0.985511839389801, -0.13376985490322113, 0.10426926612854004, 0.14140929281711578, 0.9874975085258484, -0.06965745240449905, -0.09364757686853409, 0.08339288085699081, 0.9921067357063293),
            ["Head"] = CFrame.new(-4.618527782440651e-14, 0.003905653953552246, 1.8626339581828688e-08, 1, 2.0265571265554172e-07, -3.574953382212698e-07, -1.9062467515595927e-07, 0.9994441270828247, 0.033338502049446106, 3.6405285186447145e-07, -0.033338502049446106, 0.9994441270828247),
            ["RightHand"] = CFrame.new(1.2293457984924316e-07, 1.1920928955078125e-07, -3.166496753692627e-07, 0.9693548083305359, -0.003333654720336199, 0.24564231932163239, 0.03408632427453995, 0.9920613169670105, -0.12104823440313339, -0.24328865110874176, 0.12571170926094055, 0.9617729783058167),
            ["UpperTorso"] = CFrame.new(2.4849118514461872e-29, -0.0039061009883880615, -3.725290298461914e-08, 1, -1.9062468936681398e-07, 3.6405285186447145e-07, 2.9240706567179586e-07, 0.9525327682495117, -0.3044360876083374, -2.887392440698022e-07, 0.3044360876083374, 0.9525327682495117),
            ["HumanoidRootPart"] = CFrame.new(0, 0, 0, 1, 0, 0, 0, 1, 0, 0, 0, 1),
            ["RightUpperLeg"] = CFrame.new(0, -1.2848431651946157e-07, -1.4006218407303095e-08, 0.9427973628044128, 0.055158957839012146, 0.3287714123725891, 0.15676429867744446, 0.7970142960548401, -0.5832607746124268, -0.2942076325416565, 0.6014362573623657, 0.742776095867157),
            ["LeftUpperArm"] = CFrame.new(0, 0.0039058923721313477, -2.2994248638497083e-07, 0.985511839389801, 0.13376984000205994, -0.10426975786685944, -0.14140932261943817, 0.9874975085258484, -0.06965750455856323, 0.09364806860685349, 0.08339299261569977, 0.9921066761016846),
            ["RightLowerArm"] = CFrame.new(-2.9802322387695312e-08, -2.980232238769531e-07, 5.960464477539063e-08, 1, -5.960465898624534e-08, 1.4714898100010032e-07, 7.078051567077637e-08, -0.6835542917251587, -0.7298997640609741, 1.4901161193847656e-07, 0.7298998236656189, -0.6835542321205139),
            ["LeftHand"] = CFrame.new(1.862645149230957e-08, -2.980232238769531e-07, 3.2782554626464844e-07, 0.9692322015762329, 0.003424942959100008, -0.2461244761943817, -0.03399500995874405, 0.9921839237213135, -0.12006469070911407, 0.24378947913646698, 0.12473754584789276, 0.9617729783058167),
            ["LeftFoot"] = CFrame.new(2.1584128262475133e-08, 5.960464477539063e-08, -5.068159225629643e-09, 0.989780843257904, -0.07067463546991348, 0.12385053932666779, 0.1103176698088646, 0.9298477172851562, -0.351017564535141, -0.0903540700674057, 0.3610934317111969, 0.9281421303749084),
            ["LowerTorso"] = CFrame.new(-4.858713591025081e-23, -0.12190401554107666, -8.470329472543003e-22, 1, 1.2146784293107065e-22, 8.392409705075362e-23, 4.645357260857048e-22, 0.9621527194976807, 0.272510826587677, -4.76465013223089e-23, -0.272510826587677, 0.9621527194976807),
            ["RightLowerLeg"] = CFrame.new(-7.450580596923828e-09, -0.0000032186508178710938, -0.000013245437003206462, 1, -1.3411042232291948e-07, -4.0978193283081055e-08, 1.7136335372924805e-07, 0.7395809292793274, 0.6730674505233765, 1.862645149230957e-09, -0.6730676293373108, 0.7395811080932617),
            ["LeftUpperLeg"] = CFrame.new(0, 0, 0, 0.9427972435951233, -0.055082328617572784, -0.3287845849990845, -0.15678074955940247, 0.7971170544624329, -0.5831159949302673, 0.2941991984844208, 0.601307213306427, 0.7428839206695557),
            ["LeftLowerLeg"] = CFrame.new(8.195638656616211e-08, 0.0000040531158447265625, 0.000013321638107299805, 1, 4.470348358154297e-08, 2.7939680791178034e-08, -3.3527612686157227e-08, 0.7397181987762451, 0.6729167699813843, -2.2351741790771484e-08, -0.6729167699813843, 0.7397182583808899),
        }},
        {Time = 0.033, Data = {
            ["RightFoot"] = CFrame.new(-2.355591277591884e-08, 4.172325134277344e-07, -3.7114659789949656e-08, 0.9888486862182617, 0.080977663397789, -0.12498430907726288, -0.12061025202274323, 0.9277624487876892, -0.35314270853996277, 0.0873590037226677, 0.36427944898605347, 0.9271835088729858),
            ["LeftLowerArm"] = CFrame.new(-1.1920928955078125e-07, 2.980232238769531e-07, 2.9802322387695312e-08, 1, -7.450581307466564e-08, 1.578591763973236e-07, 5.029141902923584e-08, -0.6835542917251587, -0.7298997044563293, 1.4901161193847656e-07, 0.7298997044563293, -0.6835542321205139),
            ["RightUpperArm"] = CFrame.new(-5.960464477539063e-08, 0.0039058923721313477, 2.4633482098579407e-07, 0.9873141050338745, -0.11384198069572449, 0.11068377643823624, 0.12389622628688812, 0.9883280396461487, -0.08864209800958633, -0.09930067509412766, 0.10123087465763092, 0.9898948073387146),
            ["Head"] = CFrame.new(3.230525180697441e-09, 0.0039060115814208984, 6.05359673500061e-09, 0.9999484419822693, 0.0074363816529512405, 0.006914706900715828, -0.007750736549496651, 0.9988833665847778, 0.04660471901297569, -0.006560416892170906, -0.04665590450167656, 0.9988895058631897),
            ["RightHand"] = CFrame.new(-1.1920928955078125e-07, -1.1920928955078125e-07, 1.1175870895385742e-08, 0.9691486954689026, -0.0174076147377491, 0.24586138129234314, 0.051386758685112, 0.9898534417152405, -0.13247472047805786, -0.24106059968471527, 0.1410216987133026, 0.9602097272872925),
            ["UpperTorso"] = CFrame.new(1.5425030142068863e-09, -0.003906071186065674, -3.649438440334052e-08, 0.9998607039451599, -0.016446514055132866, -0.002874014200642705, 0.014690928161144257, 0.9484522938728333, -0.3165794909000397, 0.007932494394481182, 0.31649306416511536, 0.9485617280006409),
            ["HumanoidRootPart"] = CFrame.new(0, 0, 0, 1, 0, 0, 0, 1, 0, 0, 0, 1),
            ["RightUpperLeg"] = CFrame.new(-5.960464477539063e-08, -2.0908191800117493e-07, -7.899507181718946e-08, 0.9398209452629089, 0.03201000764966011, 0.34016475081443787, 0.17562800645828247, 0.8087380528450012, -0.5613358020782471, -0.29307249188423157, 0.5872974395751953, 0.7544469237327576),
            ["LeftUpperArm"] = CFrame.new(5.960464477539063e-08, 0.0039061307907104492, -2.3795291781425476e-07, 0.9865949749946594, 0.1147337555885315, -0.11604558676481247, -0.12530535459518433, 0.9881801605224609, -0.08831040561199188, 0.10454174131155014, 0.10166775435209274, 0.9893102645874023),
            ["RightLowerArm"] = CFrame.new(-8.940696716308594e-08, 0, -1.4901161193847656e-08, 1, -5.587935447692871e-08, 1.4528632164001465e-07, 7.543712854385376e-08, -0.6835542917251587, -0.7298997044563293, 1.434236764907837e-07, 0.7298997044563293, -0.6835542321205139),
            ["LeftHand"] = CFrame.new(3.725290298461914e-08, -1.1920928955078125e-07, 1.3131648302078247e-07, 0.9688668847084045, -0.01164467353373766, -0.2473081797361374, -0.01955096423625946, 0.9921755194664001, -0.12331114709377289, 0.2468090057373047, 0.12430727481842041, 0.9610583186149597),
            ["LeftFoot"] = CFrame.new(1.5916157281026244e-11, -5.960464477539063e-08, -2.4810560717014596e-08, 0.9908451437950134, -0.0537862628698349, 0.12382662296295166, 0.09346705675125122, 0.9351443648338318, -0.3417149484157562, -0.0974162220954895, 0.3501602113246918, 0.9316104054450989),
            ["LowerTorso"] = CFrame.new(-0.022849567234516144, -0.11369335651397705, -0.014822562225162983, 0.999955415725708, 0.00941585935652256, -0.0007439293549396098, -0.008858713321387768, 0.9622727036476135, 0.2719426453113556, 0.0032764358911663294, -0.2719239294528961, 0.962313175201416),
            ["RightLowerLeg"] = CFrame.new(2.9802322387695312e-08, -0.0000036954879760742188, -0.000013290140486788005, 1, -1.043081283569336e-07, -5.960464477539063e-08, 1.043081283569336e-07, 0.751721203327179, 0.6594806909561157, 2.421438694000244e-08, -0.6594810485839844, 0.7517215013504028),
            ["LeftUpperLeg"] = CFrame.new(2.9802322387695312e-08, -2.2584572434425354e-07, -1.212465576827526e-07, 0.945345938205719, -0.06934361904859543, -0.3186105787754059, -0.13151337206363678, 0.8130369186401367, -0.5671643018722534, 0.2983713746070862, 0.5780678391456604, 0.7594814896583557),
            ["LeftLowerLeg"] = CFrame.new(-1.1175870895385742e-08, 0.000003635883331298828, 0.00001329183578491211, 1, -7.450581307466564e-08, 5.587935447692871e-09, 5.960463766996327e-08, 0.7636150121688843, 0.6456719040870667, -2.9802318834981634e-08, -0.6456719636917114, 0.7636150121688843),
        }},
        {Time = 0.067, Data = {
            ["RightFoot"] = CFrame.new(3.723653207998723e-08, 3.5762786865234375e-07, -9.822542779147625e-10, 0.9863488674163818, 0.1062827855348587, -0.12577785551548004, -0.14349307119846344, 0.9294595122337341, -0.33987435698509216, 0.08078271150588989, 0.35328325629234314, 0.9320222735404968),
            ["LeftLowerArm"] = CFrame.new(-1.4901161193847656e-07, 1.1920928955078125e-07, -7.450580596923828e-08, 1, -7.450581307466564e-08, 1.3783575525394554e-07, 8.195638656616211e-08, -0.6835542321205139, -0.7298997044563293, 1.3969838619232178e-07, 0.7298997044563293, -0.6835542917251587),
            ["RightUpperArm"] = CFrame.new(-5.960464477539063e-08, 0.0039060115814208984, 2.477318048477173e-07, 0.9880531430244446, -0.10046979039907455, 0.11686226725578308, 0.11358600109815598, 0.9872411489486694, -0.11159379780292511, -0.10415943711996078, 0.12353451550006866, 0.9868587255477905),
            ["Head"] = CFrame.new(-7.2177499532699585e-09, 0.0039060115814208984, 4.540197551250458e-09, 0.9995996952056885, -0.00513809360563755, 0.027822336181998253, 0.0039429618045687675, 0.9990741014480591, 0.042841654270887375, -0.028016697615385056, -0.04271480441093445, 0.9986944794654846),
            ["RightHand"] = CFrame.new(-6.705522537231445e-08, 0, -1.8440186977386475e-07, 0.9685972929000854, -0.028313767164945602, 0.24701738357543945, 0.06537845730781555, 0.9875369071960449, -0.14316613972187042, -0.23988521099090576, 0.15481990575790405, 0.9583767652511597),
            ["UpperTorso"] = CFrame.new(-1.0244548320770264e-08, -0.0039058327674865723, 6.05359673500061e-09, 0.9999309778213501, -0.011746381409466267, -0.0002712811401579529, 0.011036635376513004, 0.9469319581985474, -0.32124465703964233, 0.004030338954180479, 0.3212195038795471, 0.9469962120056152),
            ["HumanoidRootPart"] = CFrame.new(0, 0, 0, 1, 0, 0, 0, 1, 0, 0, 0, 1),
            ["RightUpperLeg"] = CFrame.new(0, 4.341127350926399e-07, 8.887582225725055e-08, 0.9279285669326782, 0.004852057434618473, 0.37272679805755615, 0.21585293114185333, 0.8082149624824524, -0.5479016900062561, -0.3039017617702484, 0.5888676047325134, 0.7489182949066162),
            ["LeftUpperArm"] = CFrame.new(0, 0.003905773162841797, -2.2724270820617676e-07, 0.9867322444915771, 0.10193406045436859, -0.1263684332370758, -0.11618397384881973, 0.9869998693466187, -0.1110527291893959, 0.11340554803609848, 0.12426125258207321, 0.9857476949691772),
            ["RightLowerArm"] = CFrame.new(0, -2.980232238769531e-07, -2.9802322387695312e-08, 1, -7.4505820180093e-08, 1.4249236812702293e-07, 5.2154071283894154e-08, -0.6835542917251587, -0.7298997640609741, 1.5087427129856223e-07, 0.7298998236656189, -0.6835542321205139),
            ["LeftHand"] = CFrame.new(1.4156103134155273e-07, -1.1920928955078125e-07, 1.5273690223693848e-07, 0.9682212471961975, -0.023166315630078316, -0.24901992082595825, -0.00913066416978836, 0.9917625188827515, -0.12776485085487366, 0.24992842972278595, 0.12597839534282684, 0.9600340127944946),
            ["LeftFoot"] = CFrame.new(1.2059899745509028e-09, 5.960464477539063e-08, 3.235527401557192e-09, 0.9919940829277039, -0.027830548584461212, 0.12317939102649689, 0.06722060590982437, 0.94211345911026, -0.3284873068332672, -0.10690701007843018, 0.3341374695301056, 0.9364416599273682),
            ["LowerTorso"] = CFrame.new(-0.06352779269218445, -0.10558915138244629, -0.015547163784503937, 0.9994919896125793, 0.02376614883542061, -0.021236419677734375, -0.016861656680703163, 0.9597203731536865, 0.28045061230659485, 0.02704625576734543, -0.2799500524997711, 0.9596335291862488),
            ["RightLowerLeg"] = CFrame.new(8.940696716308594e-08, -0.0000037550926208496094, -0.000013409349776338786, 1, -1.6391277313232422e-07, -8.940698847936801e-08, 1.5646217832454568e-07, 0.7692708373069763, 0.6389226913452148, -1.0058282384761696e-07, -0.638922929763794, 0.7692709565162659),
            ["LeftUpperLeg"] = CFrame.new(-5.960464477539063e-08, 2.8870999813079834e-07, 2.7939677238464355e-08, 0.9538965821266174, -0.08682074397802353, -0.2873040735721588, -0.09539695084095001, 0.8199015855789185, -0.5645005106925964, 0.2845713496208191, 0.5658829808235168, 0.7738187909126282),
            ["LeftLowerLeg"] = CFrame.new(-7.078051567077637e-08, 0.0000036954879760742188, 0.000013306736946105957, 1, 1.1734665861240501e-07, -1.210719613453648e-08, -1.2107190627830278e-07, 0.7859394550323486, 0.6183037161827087, 4.097818262494002e-08, -0.6183035969734192, 0.7859393358230591),
        }},
        {Time = 0.100, Data = {
            ["RightFoot"] = CFrame.new(5.040419637225568e-09, 4.76837158203125e-07, 8.212373359128833e-08, 0.982825756072998, 0.13493885099887848, -0.12587697803974152, -0.1691673994064331, 0.9313555359840393, -0.32242658734321594, 0.0737282931804657, 0.3381839096546173, 0.9381877779960632),
            ["LeftLowerArm"] = CFrame.new(5.960464477539063e-08, 1.7881393432617188e-07, 0, 1, -5.2154071283894154e-08, 1.3783575525394554e-07, 7.636845111846924e-08, -0.6835542917251587, -0.7298997640609741, 1.5832483768463135e-07, 0.7298996448516846, -0.6835542321205139),
            ["RightUpperArm"] = CFrame.new(-5.960464477539063e-08, 0.0039058923721313477, 2.5704503059387207e-07, 0.98804771900177, -0.09295771270990372, 0.12296637147665024, 0.1097669005393982, 0.9843507409095764, -0.13785824179649353, -0.10822702944278717, 0.1497081220149994, 0.982789158821106),
            ["Head"] = CFrame.new(-4.656612873077393e-10, 0.003905653953552246, 1.83936208486557e-08, 0.9983171820640564, -0.026063095778226852, 0.05180295556783676, 0.02472093142569065, 0.9993461966514587, 0.026383191347122192, -0.052456703037023544, -0.025058187544345856, 0.9983088374137878),
            ["RightHand"] = CFrame.new(-2.086162567138672e-07, 0, -3.725290298461914e-09, 0.9678249955177307, -0.0362669937312603, 0.24899724125862122, 0.07631271332502365, 0.9852575063705444, -0.15311431884765625, -0.23977339267730713, 0.1671895533800125, 0.9563243985176086),
            ["UpperTorso"] = CFrame.new(2.7939677238464355e-09, -0.00390625, 4.656612873077393e-10, 0.9999784827232361, 0.0041201491840183735, 0.005104586482048035, -0.0023320941254496574, 0.9505972266197205, -0.3104183077812195, -0.006131370551884174, 0.3103996813297272, 0.9505863785743713),
            ["HumanoidRootPart"] = CFrame.new(0, 0, 0, 1, 0, 0, 0, 1, 0, 0, 0, 1),
            ["RightUpperLeg"] = CFrame.new(5.960464477539063e-08, -2.2444874048233032e-07, 5.604670150205493e-08, 0.91224205493927, -0.018107647076249123, 0.40925124287605286, 0.25727200508117676, 0.8027557134628296, -0.5379540920257568, -0.31878766417503357, 0.5960330963134766, 0.7369658946990967),
            ["LeftUpperArm"] = CFrame.new(0, 0.003905773162841797, -2.1606683731079102e-07, 0.986239492893219, 0.09471487998962402, -0.13550204038619995, -0.11334989964962006, 0.9840407967567444, -0.13717035949230194, 0.12034744024276733, 0.15064194798469543, 0.9812357425689697),
            ["RightLowerArm"] = CFrame.new(0, -1.1920928955078125e-07, 5.21540641784668e-08, 1, -6.332992796842518e-08, 1.4808028936386108e-07, 6.705522537231445e-08, -0.6835542321205139, -0.7298997044563293, 1.4156103134155273e-07, 0.7298997640609741, -0.6835542917251587),
            ["LeftHand"] = CFrame.new(2.086162567138672e-07, 1.1920928955078125e-07, 5.21540641784668e-08, 0.9674146175384521, -0.03150837495923042, -0.251229465007782, -0.0023264868650585413, 0.9910789132118225, -0.1332564353942871, 0.2531869411468506, 0.12949872016906738, 0.9587109088897705),
            ["LeftFoot"] = CFrame.new(-2.8517206374090165e-08, 1.7881393432617188e-07, 7.989910955075175e-10, 0.9924653768539429, -0.002306884853169322, 0.12250365316867828, 0.04158436506986618, 0.9468197226524353, -0.3190658688545227, -0.11525289714336395, 0.3217564821243286, 0.939781904220581),
            ["LowerTorso"] = CFrame.new(-0.10607942938804626, -0.10175454616546631, -0.008498184382915497, 0.9981297850608826, 0.0374549999833107, -0.048312317579984665, -0.022072995081543922, 0.9578151106834412, 0.2865365743637085, 0.05700648948550224, -0.28493431210517883, 0.9568504095077515),
            ["RightLowerLeg"] = CFrame.new(-7.450580596923828e-09, -0.000003933906555175781, -0.000013275239325594157, 1, -1.0430814256778831e-07, -2.2351747119842003e-08, 8.940695295223122e-08, 0.7839252948760986, 0.620854914188385, 1.4901159417490817e-08, -0.6208553314208984, 0.7839255928993225),
            ["LeftUpperLeg"] = CFrame.new(-1.1920928955078125e-07, -1.9837170839309692e-07, 5.587935447692871e-09, 0.9625130295753479, -0.10362847149372101, -0.2506588101387024, -0.05939933657646179, 0.8211715221405029, -0.5675820112228394, 0.264651358127594, 0.5611937642097473, 0.7842327356338501),
            ["LeftLowerLeg"] = CFrame.new(-2.9569491744041443e-08, 0.000004231929779052734, 0.000013321638107299805, 1, 1.2642699687148706e-07, 1.30385160446167e-08, -1.1944206335101626e-07, 0.7982868552207947, 0.6022772789001465, 7.398190149388029e-08, -0.6022773385047913, 0.798287034034729),
        }},
        {Time = 0.133, Data = {
            ["RightFoot"] = CFrame.new(3.561035555321723e-08, 2.980232238769531e-07, -2.604065230116248e-08, 0.9798406362533569, 0.1555337756872177, -0.12538687884807587, -0.18803617358207703, 0.9300020337104797, -0.315813809633255, 0.06749020516872406, 0.33302465081214905, 0.9404998421669006),
            ["LeftLowerArm"] = CFrame.new(0, 3.5762786865234375e-07, -2.9802322387695312e-08, 1, -5.21540641784668e-08, 1.6391277313232422e-07, 8.940696716308594e-08, -0.6835542321205139, -0.7298997044563293, 1.601874828338623e-07, 0.7298997640609741, -0.6835542321205139),
            ["RightUpperArm"] = CFrame.new(-1.1920928955078125e-07, 0.0039055347442626953, 2.3283064365386963e-07, 0.9874715209007263, -0.09060285240411758, 0.12919436395168304, 0.11170507967472076, 0.9796463847160339, -0.16677847504615784, -0.11145417392253876, 0.17912068963050842, 0.9774936437606812),
            ["Head"] = CFrame.new(-2.7939677238464355e-09, 0.0039055347442626953, -3.259629011154175e-09, 0.996726930141449, -0.04440174624323845, 0.06755699217319489, 0.04449595883488655, 0.9990096092224121, 0.00011009375157300383, -0.0674949586391449, 0.002896273508667946, 0.9977154731750488),
            ["RightHand"] = CFrame.new(1.2665987014770508e-07, -1.1920928955078125e-07, -4.656612873077393e-10, 0.9669162034988403, -0.04148803651332855, 0.2516980767250061, 0.08443699777126312, 0.9831187129020691, -0.16232074797153473, -0.24071471393108368, 0.17820312082767487, 0.9540964961051941),
            ["UpperTorso"] = CFrame.new(-4.6566128730773926e-09, -0.003906041383743286, -5.8673322200775146e-08, 0.9997153878211975, 0.02110106870532036, 0.011139159090816975, -0.01721852831542492, 0.9611675143241882, -0.2754281163215637, -0.01651841402053833, 0.2751578688621521, 0.9612571597099304),
            ["HumanoidRootPart"] = CFrame.new(0, 0, 0, 1, 0, 0, 0, 1, 0, 0, 0, 1),
            ["RightUpperLeg"] = CFrame.new(0, 3.4458935260772705e-08, -6.502523319795728e-08, 0.9004095196723938, -0.02703043632209301, 0.43420320749282837, 0.2802831828594208, 0.7993683815002441, -0.5314618349075317, -0.3327225148677826, 0.6002329587936401, 0.7273347973823547),
            ["LeftUpperArm"] = CFrame.new(5.960464477539063e-08, 0.0039055347442626953, -2.5331974029541016e-07, 0.9852895140647888, 0.09242194145917892, -0.14374564588069916, -0.11607175320386887, 0.979275643825531, -0.1659720242023468, 0.12542712688446045, 0.18021532893180847, 0.9755975604057312),
            ["RightLowerArm"] = CFrame.new(5.960464477539063e-08, -5.960464477539063e-08, 4.470348358154297e-08, 1, -5.587935447692871e-08, 1.4388933777809143e-07, 6.984919309616089e-08, -0.6835542321205139, -0.7298997044563293, 1.4435499906539917e-07, 0.7298997044563293, -0.6835542917251587),
            ["LeftHand"] = CFrame.new(-1.4901161193847656e-08, -1.1920928955078125e-07, 2.905726432800293e-07, 0.9665167331695557, -0.03704064339399338, -0.25391629338264465, 0.0012706342386081815, 0.9902055263519287, -0.13961204886436462, 0.25660067796707153, 0.13461464643478394, 0.9570972323417664),
            ["LeftFoot"] = CFrame.new(-3.5087737160210963e-09, -1.7881393432617188e-07, -1.637465629755752e-08, 0.9924125671386719, 0.01399186160415411, 0.12215369939804077, 0.0264800563454628, 0.9458664655685425, -0.32347387075424194, -0.12006720900535583, 0.32425424456596375, 0.9383193850517273),
            ["LowerTorso"] = CFrame.new(-0.13454920053482056, -0.1063528060913086, 6.605496705169855e-10, 0.9966301918029785, 0.04419591277837753, -0.06910095363855362, -0.023276668041944504, 0.9601823091506958, 0.2784028649330139, 0.07865378260612488, -0.27585625648498535, 0.957975447177887),
            ["RightLowerLeg"] = CFrame.new(-5.960464477539063e-08, -0.0000036954879760742188, -0.0000133199428091757, 1, -1.937150670983101e-07, -4.842878098543224e-08, 1.601874686230076e-07, 0.7828724980354309, 0.6221819519996643, -3.7252898543727042e-09, -0.6221822500228882, 0.7828726768493652),
            ["LeftUpperLeg"] = CFrame.new(0, -1.862645149230957e-09, -8.940696716308594e-08, 0.9677470922470093, -0.11570601165294647, -0.22378066182136536, -0.03433133289217949, 0.8194280862808228, -0.5721530914306641, 0.2495736926794052, 0.5613820552825928, 0.7890267372131348),
            ["LeftLowerLeg"] = CFrame.new(-1.1175870895385742e-07, 0.000003993511199951172, 0.000013247132301330566, 1, -8.288770914077759e-08, -3.725290653733282e-08, 8.009374141693115e-08, 0.7895210385322571, 0.6137235760688782, 8.847564458847046e-09, -0.6137235760688782, 0.7895209789276123),
        }},
        {Time = 0.167, Data = {
            ["RightFoot"] = CFrame.new(-7.840753823984414e-08, 4.172325134277344e-07, -2.066371962428093e-09, 0.9793004989624023, 0.1592189520597458, -0.12497994303703308, -0.192506343126297, 0.923421323299408, -0.33201563358306885, 0.06254611909389496, 0.34920263290405273, 0.9349576234817505),
            ["LeftLowerArm"] = CFrame.new(1.1920928955078125e-07, 1.7881393432617188e-07, 5.960464477539063e-08, 1, -5.21540641784668e-08, 1.341104507446289e-07, 7.450580596923828e-08, -0.6835542917251587, -0.7298997640609741, 1.5087425708770752e-07, 0.7298997640609741, -0.6835542917251587),
            ["RightUpperArm"] = CFrame.new(-1.1920928955078125e-07, 0.003905653953552246, 2.3469328880310059e-07, 0.9863967895507812, -0.09269523620605469, 0.13575397431850433, 0.11864885687828064, 0.9730579257011414, -0.1976887285709381, -0.11377165466547012, 0.2111065685749054, 0.9708192944526672),
            ["Head"] = CFrame.new(3.725290298461914e-09, 0.0039058923721313477, 3.958120942115784e-09, 0.9965152144432068, -0.05119379609823227, 0.0658542662858963, 0.05353448912501335, 0.9979773759841919, -0.0342831052839756, -0.06396596133708954, 0.03768908232450485, 0.9972401857376099),
            ["RightHand"] = CFrame.new(3.725290298461914e-08, 1.1920928955078125e-07, -2.6775524020195007e-07, 0.9659229516983032, -0.0442008338868618, 0.25502797961235046, 0.08999317139387131, 0.9811885356903076, -0.17079338431358337, -0.24268130958080292, 0.1879241019487381, 0.9517301917076111),
            ["UpperTorso"] = CFrame.new(2.2351741790771484e-08, -0.0039058029651641846, 6.984919309616089e-08, 0.999393105506897, 0.030925070866942406, 0.01603586971759796, -0.026855768635869026, 0.9771704077720642, -0.21075278520584106, -0.022187326103448868, 0.2101942002773285, 0.9774079322814941),
            ["HumanoidRootPart"] = CFrame.new(0, 0, 0, 1, 0, 0, 0, 1, 0, 0, 0, 1),
            ["RightUpperLeg"] = CFrame.new(5.960464477539063e-08, -3.166496753692627e-08, 6.16346369497478e-08, 0.8997276425361633, -0.01479861605912447, 0.4362007677555084, 0.27031388878822327, 0.8035624027252197, -0.5302998423576355, -0.34266701340675354, 0.5950365662574768, 0.7269876599311829),
            ["LeftUpperArm"] = CFrame.new(5.960464477539063e-08, 0.0039058923721313477, -2.421438694000244e-07, 0.983953595161438, 0.0943991094827652, -0.15140704810619354, -0.12359172105789185, 0.9726274013519287, -0.19677680730819702, 0.12868709862232208, 0.21233190596103668, 0.9686871767044067),
            ["RightLowerArm"] = CFrame.new(5.960464477539063e-08, 5.960464477539063e-08, 9.685754776000977e-08, 1, -6.705523247774181e-08, 1.4598481357097626e-07, 6.05359673500061e-08, -0.6835542321205139, -0.7298997044563293, 1.4994293451309204e-07, 0.7298997640609741, -0.6835542321205139),
            ["LeftHand"] = CFrame.new(-7.450580596923828e-08, -1.7881393432617188e-07, -2.4586915969848633e-07, 0.9655603766441345, -0.04013216122984886, -0.2570657730102539, 0.0020694632548838854, 0.989185631275177, -0.14665493369102478, 0.2601712942123413, 0.14107221364974976, 0.9552013874053955),
            ["LeftFoot"] = CFrame.new(2.8135787033534143e-08, 1.1920928955078125e-07, 6.700702215312049e-09, 0.9924013018608093, 0.014591879211366177, 0.12217561900615692, 0.02892240881919861, 0.9374584555625916, -0.3468935787677765, -0.11959627270698547, 0.34779122471809387, 0.9299129843711853),
            ["LowerTorso"] = CFrame.new(-0.13669273257255554, -0.1218256950378418, 0.004880000837147236, 0.9965401291847229, 0.039031147956848145, -0.07337819784879684, -0.019695818424224854, 0.9686256647109985, 0.24774250388145447, 0.08074568212032318, -0.24544011056423187, 0.9660431146621704),
            ["RightLowerLeg"] = CFrame.new(3.725290298461914e-08, -0.000003874301910400391, -0.000013305041647981852, 1, -3.725290298461914e-08, -5.5879375793210784e-08, 8.568165554834195e-08, 0.7547978162765503, 0.6559571623802185, 4.097818262494002e-08, -0.6559575200080872, 0.754798173904419),
            ["LeftUpperLeg"] = CFrame.new(0, -5.122274160385132e-08, 4.0978193283081055e-08, 0.9683652520179749, -0.11969754099845886, -0.2189546525478363, -0.028646320104599, 0.8183191418647766, -0.5740498900413513, 0.24788711965084076, 0.5621622204780579, 0.7890028357505798),
            ["LeftLowerLeg"] = CFrame.new(1.2852251529693604e-07, 0.000003635883331298828, 0.000013336539268493652, 1, -1.955777229056821e-08, 4.656611984898973e-09, -1.2107191693644381e-08, 0.7520999312400818, 0.6590490937232971, -7.078050856534901e-08, -0.6590492129325867, 0.7520999312400818),
        }},
        {Time = 0.200, Data = {
            ["RightFoot"] = CFrame.new(-5.311267159413546e-08, 2.980232238769531e-07, -3.4560798667371273e-09, 0.981232762336731, 0.14694978296756744, -0.12485255300998688, -0.1829223930835724, 0.9142155051231384, -0.36159268021583557, 0.06100604683160782, 0.37764519453048706, 0.9239386320114136),
            ["LeftLowerArm"] = CFrame.new(5.960464477539063e-08, 1.1920928955078125e-07, 5.960464477539063e-08, 1, -9.685756197086448e-08, 1.4156104555240745e-07, 6.332993507385254e-08, -0.6835542321205139, -0.7298997044563293, 1.6391277313232422e-07, 0.7298997044563293, -0.6835542917251587),
            ["RightUpperArm"] = CFrame.new(-5.960464477539063e-08, 0.0039060115814208984, 2.4586915969848633e-07, 0.9848307967185974, -0.09851641952991486, 0.1428385227918625, 0.12983006238937378, 0.9645125865936279, -0.2299124002456665, -0.11511937528848648, 0.24496951699256897, 0.9626721143722534),
            ["Head"] = CFrame.new(-2.0489096641540527e-08, 0.0039058923721313477, 8.032657206058502e-09, 0.9977760910987854, -0.04601186141371727, 0.04822620749473572, 0.049448706209659576, 0.9961288571357727, -0.07267850637435913, -0.04469543322920799, 0.07490161061286926, 0.9961888194084167),
            ["RightHand"] = CFrame.new(7.078051567077637e-08, 0, -2.421438694000244e-08, 0.9648714065551758, -0.04463106393814087, 0.2589039206504822, 0.09321680665016174, 0.9795063138008118, -0.1785443276166916, -0.2456294149160385, 0.19640645384788513, 0.949258029460907),
            ["UpperTorso"] = CFrame.new(-9.313225746154785e-10, -0.0039059817790985107, -1.30385160446167e-08, 0.9992438554763794, 0.03371446207165718, 0.019368736073374748, -0.03097906894981861, 0.991366446018219, -0.12740838527679443, -0.02349703386425972, 0.12671199440956116, 0.9916612505912781),
            ["HumanoidRootPart"] = CFrame.new(0, 0, 0, 1, 0, 0, 0, 1, 0, 0, 0, 1),
            ["RightUpperLeg"] = CFrame.new(0, -2.6728957891464233e-07, -3.149762051180005e-08, 0.9094485640525818, 0.01253835391253233, 0.41562747955322266, 0.2313169240951538, 0.8153512477874756, -0.5307493805885315, -0.3455371856689453, 0.5788307785987854, 0.7386196851730347),
            ["LeftUpperArm"] = CFrame.new(5.960464477539063e-08, 0.003905653953552246, -2.7939677238464355e-07, 0.9822382926940918, 0.09998290985822678, -0.1587810069322586, -0.1351320594549179, 0.9640234112739563, -0.22890689969062805, 0.13018178939819336, 0.24629749357700348, 0.9604114890098572),
            ["RightLowerArm"] = CFrame.new(5.960464477539063e-08, 1.1920928955078125e-07, 4.470348358154297e-08, 1, -6.705522537231445e-08, 1.4901161193847656e-07, 5.587935447692871e-08, -0.6835542321205139, -0.7298997640609741, 1.5459954738616943e-07, 0.7298997640609741, -0.6835542917251587),
            ["LeftHand"] = CFrame.new(-1.4901161193847656e-08, 2.384185791015625e-07, 4.6193599700927734e-07, 0.9645519852638245, -0.041150134056806564, -0.26066482067108154, 0.0004785042838193476, 0.9880384206771851, -0.15420719981193542, 0.2638925313949585, 0.14861612021923065, 0.9530341625213623),
            ["LeftFoot"] = CFrame.new(4.119817731407238e-08, -5.960464477539063e-08, 5.14955900143832e-09, 0.9924761652946472, 0.000700853590387851, 0.12243638932704926, 0.046197619289159775, 0.9239269495010376, -0.3797694742679596, -0.11338827013969421, 0.38256844878196716, 0.9169429540634155),
            ["LowerTorso"] = CFrame.new(-0.11510917544364929, -0.14372873306274414, 0.006102412939071655, 0.9978230595588684, 0.023806191980838776, -0.06150175631046295, -0.010942365042865276, 0.9794110059738159, 0.20157963037490845, 0.06503433734178543, -0.20046782493591309, 0.9775393605232239),
            ["RightLowerLeg"] = CFrame.new(-1.4901161193847656e-08, -0.0000037550926208496094, -0.000013364646292757243, 1, -2.3096799850463867e-07, -3.725289943190546e-08, 1.7788259754070168e-07, 0.7101422548294067, 0.7040578722953796, -5.5879347371501353e-08, -0.7040582299232483, 0.7101426720619202),
            ["LeftUpperLeg"] = CFrame.new(0, -1.341104507446289e-07, -3.5390257835388184e-08, 0.964793860912323, -0.11513460427522659, -0.2364673912525177, -0.041943859308958054, 0.8202282190322876, -0.570496678352356, 0.25964105129241943, 0.5603300333023071, 0.7865219712257385),
            ["LeftLowerLeg"] = CFrame.new(6.146728992462158e-08, 0.000003874301910400391, 0.000013381242752075195, 1, 8.352798630539837e-08, 2.4447214030942632e-08, -1.0675285011529922e-07, 0.6956353783607483, 0.7183950543403625, 4.889443516731262e-08, -0.7183951735496521, 0.6956353783607483),
        }},
        {Time = 0.233, Data = {
            ["RightFoot"] = CFrame.new(-2.4068867787718773e-08, 3.5762786865234375e-07, -2.6702764444053173e-09, 0.9846342206001282, 0.12215597927570343, -0.12479384243488312, -0.16197434067726135, 0.9059383869171143, -0.39120298624038696, 0.06526781618595123, 0.40540561079978943, 0.9118041396141052),
            ["LeftLowerArm"] = CFrame.new(-1.4901161193847656e-07, -2.384185791015625e-07, 0, 1, -5.21540641784668e-08, 1.5273690223693848e-07, 4.470348358154297e-08, -0.6835542917251587, -0.7298997640609741, 1.5832483768463135e-07, 0.7298997640609741, -0.6835542917251587),
            ["RightUpperArm"] = CFrame.new(0, 0.0039058923721313477, 2.207234501838684e-07, 0.9827490448951721, -0.10733912885189056, 0.150607630610466, 0.14446650445461273, 0.9539828300476074, -0.26276639103889465, -0.11547195911407471, 0.2799912095069885, 0.9530326128005981),
            ["Head"] = CFrame.new(1.3969838619232178e-08, 0.003905773162841797, -4.115281626582146e-08, 0.999342679977417, -0.030768128111958504, 0.01917565055191517, 0.03268229588866234, 0.9934876561164856, -0.10915175825357437, -0.01569237932562828, 0.10970672965049744, 0.9938400983810425),
            ["RightHand"] = CFrame.new(-1.1175870895385742e-07, -1.1920928955078125e-07, -1.601874828338623e-07, 0.9637681245803833, -0.04300535097718239, 0.26325201988220215, 0.09433740377426147, 0.9780887961387634, -0.18558761477470398, -0.24950258433818817, 0.20369794964790344, 0.9467078447341919),
            ["UpperTorso"] = CFrame.new(-6.28642737865448e-09, -0.003905683755874634, -2.468004822731018e-08, 0.9992681741714478, 0.031955886632204056, 0.021025685593485832, -0.031049011275172234, 0.9986295700073242, -0.042129822075366974, -0.022343164309859276, 0.041446126997470856, 0.9988908767700195),
            ["HumanoidRootPart"] = CFrame.new(0, 0, 0, 1, 0, 0, 0, 1, 0, 0, 0, 1),
            ["RightUpperLeg"] = CFrame.new(0, 1.8713762983679771e-07, -5.10553945787251e-08, 0.9254297614097595, 0.046891890466213226, 0.3760065734386444, 0.172199547290802, 0.831880509853363, -0.5275626182556152, -0.33753103017807007, 0.552970290184021, 0.7617720365524292),
            ["LeftUpperArm"] = CFrame.new(0, 0.0039061307907104492, -2.4400651454925537e-07, 0.980116605758667, 0.10849904268980026, -0.16613057255744934, -0.1499021351337433, 0.95344078540802, -0.2616868019104004, 0.1300029158592224, 0.28138697147369385, 0.9507474303245544),
            ["RightLowerArm"] = CFrame.new(5.960464477539063e-08, 0, -8.940696716308594e-08, 1, -5.960465188081798e-08, 1.3597311010471458e-07, 5.7742006731587026e-08, -0.6835542917251587, -0.7298997640609741, 1.4156104555240745e-07, 0.7298997044563293, -0.6835541725158691),
            ["LeftHand"] = CFrame.new(-5.960464477539063e-08, 1.1920928955078125e-07, 2.3096799850463867e-07, 0.9634818434715271, -0.040459681302309036, -0.26469936966896057, -0.003093913197517395, 0.9867709875106812, -0.16209089756011963, 0.26775580644607544, 0.1569906324148178, 0.9506107568740845),
            ["LeftFoot"] = CFrame.new(-3.9747874325257726e-08, -5.960464477539063e-08, 3.265472514613066e-08, 0.9921154975891113, -0.024833019822835922, 0.12284179031848907, 0.07368265092372894, 0.908453643321991, -0.4114401638507843, -0.10137876868247986, 0.4172475039958954, 0.9031206369400024),
            ["LowerTorso"] = CFrame.new(-0.07610860466957092, -0.16589570045471191, 0.00488482229411602, 0.9993256330490112, 0.0022700270637869835, -0.03664889559149742, 0.003308830549940467, 0.988459587097168, 0.15144874155521393, 0.036569744348526, -0.15146787464618683, 0.9877854585647583),
            ["RightLowerLeg"] = CFrame.new(1.4901161193847656e-08, -0.0000035762786865234375, -0.000013483855582308024, 1, -1.8626448650138627e-07, -1.1920931797249068e-07, 1.993030309677124e-07, 0.6667616367340088, 0.7452707886695862, -1.043081283569336e-07, -0.7452711462974548, 0.6667619943618774),
            ["LeftUpperLeg"] = CFrame.new(-5.960464477539063e-08, 2.550659701228142e-07, -1.955777406692505e-08, 0.9564659595489502, -0.10253909975290298, -0.2732373774051666, -0.07167071849107742, 0.8250460624694824, -0.5605018734931946, 0.28290683031082153, 0.5556840896606445, 0.7817794680595398),
            ["LeftLowerLeg"] = CFrame.new(-5.774199962615967e-08, 0.000003814697265625, 0.000013336539268493652, 1, 7.636844401304188e-08, 4.377216100692749e-08, -8.568167686462402e-08, 0.6352587342262268, 0.7722994089126587, -1.862645149230957e-09, -0.7722994089126587, 0.635258674621582),
        }},
        {Time = 0.267, Data = {
            ["RightFoot"] = CFrame.new(9.264476830139756e-08, 3.5762786865234375e-07, 4.075263859704137e-08, 0.9882312417030334, 0.08884508907794952, -0.12452191114425659, -0.13288921117782593, 0.9018018841743469, -0.41120994091033936, 0.07575999200344086, 0.4229184091091156, 0.9029954671859741),
            ["LeftLowerArm"] = CFrame.new(-5.960464477539063e-08, 4.76837158203125e-07, 0, 1, -6.705523247774181e-08, 1.2759120693317527e-07, 6.705522537231445e-08, -0.6835542321205139, -0.7298997044563293, 1.4156103134155273e-07, 0.7298997044563293, -0.6835542917251587),
            ["RightUpperArm"] = CFrame.new(0, 0.0039061307907104492, 2.253800630569458e-07, 0.9801217913627625, -0.11843042075634003, 0.1591717004776001, 0.16176749765872955, 0.9415247440338135, -0.2955716550350189, -0.1148594319820404, 0.3154450058937073, 0.9419670104980469),
            ["Head"] = CFrame.new(-8.381903171539307e-09, 0.0039060115814208984, 2.2439053282141685e-08, 0.9998217821121216, -0.008362418040633202, -0.016930339857935905, 0.005953743122518063, 0.9904667735099792, -0.13762381672859192, 0.017919808626174927, 0.13749846816062927, 0.9903398752212524),
            ["RightHand"] = CFrame.new(-4.470348358154297e-08, -1.1920928955078125e-07, 2.3469328880310059e-07, 0.9626052379608154, -0.03955111280083656, 0.2680056095123291, 0.09357880055904388, 0.9769355058670044, -0.19193822145462036, -0.2542327344417572, 0.2098403126001358, 0.9441042542457581),
            ["UpperTorso"] = CFrame.new(6.639311322942376e-11, -0.0039058923721313477, 1.4522811397910118e-08, 0.9993748068809509, 0.028240550309419632, 0.021270480006933212, -0.028826318681240082, 0.9991990923881531, 0.027755044400691986, -0.020469626411795616, -0.028350824490189552, 0.9993884563446045),
            ["HumanoidRootPart"] = CFrame.new(0, 0, 0, 1, 0, 0, 0, 1, 0, 0, 0, 1),
            ["RightUpperLeg"] = CFrame.new(-8.940696716308594e-08, 2.5934423319995403e-07, 1.4253600966185331e-08, 0.9428212642669678, 0.08274248242378235, 0.32286500930786133, 0.10295333713293076, 0.8490245938301086, -0.5182256698608398, -0.31699973344802856, 0.5218341946601868, 0.7919597625732422),
            ["LeftUpperArm"] = CFrame.new(0, 0.003905773162841797, -2.5331974029541016e-07, 0.9775552153587341, 0.11926230043172836, -0.17367327213287354, -0.16710785031318665, 0.9409433007240295, -0.29444965720176697, 0.12829996645450592, 0.31686291098594666, 0.9397537708282471),
            ["RightLowerArm"] = CFrame.new(-1.4901161193847656e-07, 5.960464477539063e-08, 2.9802322387695312e-08, 1, -6.705523247774181e-08, 1.564622067462551e-07, 6.519258732851085e-08, -0.6835542321205139, -0.7298997640609741, 1.4901162614933128e-07, 0.7298997640609741, -0.6835542321205139),
            ["LeftHand"] = CFrame.new(1.043081283569336e-07, 3.5762786865234375e-07, -1.862645149230957e-08, 0.9623311758041382, -0.03842363879084587, -0.26915138959884644, -0.008238655515015125, 0.98538738489151, -0.17012910544872284, 0.2717553675174713, 0.16593801975250244, 0.947952389717102),
            ["LeftFoot"] = CFrame.new(4.725507096736692e-08, -5.960464477539063e-08, -3.929289960069582e-08, 0.9906241297721863, -0.05877791717648506, 0.12332530319690704, 0.10713011026382446, 0.8943954110145569, -0.4342580735683441, -0.08477679640054703, 0.4433983564376831, 0.8923064470291138),
            ["LowerTorso"] = CFrame.new(-0.026001058518886566, -0.1821608543395996, 0.002444816753268242, 0.9997459650039673, -0.022374844178557396, -0.0027259234338998795, 0.022538794204592705, 0.9937307834625244, 0.10950500518083572, 0.00025867647491395473, -0.10953863710165024, 0.9939824938774109),
