return {
    ["Show Ya"] = {
        {Time = 0.000, Data = {
            ["LeftFoot"] = CFrame.new(-1.4901161193847656e-08, 5.960464477539063e-08, -1.4901161193847656e-08, 0.9543658494949341, -0.28950321674346924, 0.0733063817024231, 0.28782927989959717, 0.8262262940406799, -0.4842568039894104, 0.07962625473737717, 0.4832577109336853, 0.8718495965003967),
            ["LeftLowerArm"] = CFrame.new(2.980232238769531e-07, -1.1920928955078125e-07, -2.9802322387695312e-08, 1, -8.940695295223122e-08, 5.681067705154419e-08, 1.043081283569336e-07, 0.5504476428031921, -0.8348696827888489, 4.470348358154297e-08, 0.8348697423934937, 0.5504476428031921),
            ["LowerTorso"] = CFrame.new(-0.061341725289821625, -0.24990499019622803, 0.0685853362083435, 0.9903575778007507, 0.057282090187072754, -0.12613734602928162, -0.05374336987733841, 0.9980646967887878, 0.031283900141716, 0.12768521904945374, -0.024203205481171608, 0.9915194511413574),
            ["Head"] = CFrame.new(5.587935447692871e-09, -3.5762786865234375e-07, -4.540197551250458e-09, 0.6529076099395752, -0.1824096441268921, 0.7351451516151428, -0.02571040578186512, 0.9646722078323364, 0.2621959447860718, -0.7570011615753174, -0.1900905817747116, 0.6251519322395325),
            ["RightUpperArm"] = CFrame.new(-2.384185791015625e-07, -3.5762786865234375e-07, 3.91155481338501e-08, 0.5509055852890015, -0.5468324422836304, -0.6304580569267273, -0.12551067769527435, 0.6925529837608337, -0.7103644013404846, 0.8250758051872253, 0.47047293186187744, 0.3128979504108429),
            ["UpperTorso"] = CFrame.new(1.0244548320770264e-08, -1.1920928955078125e-07, -1.5366822481155396e-08, 0.9947287440299988, -0.060478318482637405, 0.0828084945678711, 0.05505825951695442, 0.9962833523750305, 0.06624343991279602, -0.08650700002908707, -0.06133493781089783, 0.994361400604248),
            ["HumanoidRootPart"] = CFrame.new(0, 0, 0, 1, 0, 0, 0, 1, 0, 0, 0, 1),
            ["RightHand"] = CFrame.new(1.4901161193847656e-07, -2.980232238769531e-07, -4.0978193283081055e-08, 0.7784180641174316, -0.39151623845100403, -0.4906938076019287, 0.38557833433151245, 0.9150429964065552, -0.11843012273311615, 0.49537336826324463, -0.09701281040906906, 0.8632462024688721),
            ["LeftUpperArm"] = CFrame.new(5.960464477539063e-08, -9.5367431640625e-07, -1.4901161193847656e-08, 0.21230292320251465, 0.49191081523895264, 0.8443644046783447, -0.3692408800125122, 0.8403858542442322, -0.39675286412239075, -0.9047589898109436, -0.22754207253456116, 0.36004993319511414),
            ["RightLowerArm"] = CFrame.new(0, -5.960464477539063e-08, -3.762543201446533e-07, 1, -1.3038513202445756e-07, 4.842878098543224e-08, 8.568168397005138e-08, 0.1326848566532135, -0.9911583662033081, 9.685756197086448e-08, 0.9911582469940186, 0.1326848715543747),
            ["LeftHand"] = CFrame.new(5.960464477539063e-08, 5.960464477539063e-08, 1.6391277313232422e-07, 0.8578290343284607, 0.5001714825630188, 0.11814390122890472, -0.4847590923309326, 0.8638132214546204, -0.1372414082288742, -0.17069849371910095, 0.060458261519670486, 0.9834667444229126),
            ["RightUpperLeg"] = CFrame.new(0, 3.189779818058014e-08, 5.75528247281909e-09, 0.9425445199012756, -0.33398905396461487, -0.007832356728613377, 0.2696397304534912, 0.774368941783905, -0.5724049210548401, 0.1972421258687973, 0.5374050140380859, 0.8199336528778076),
            ["LeftUpperLeg"] = CFrame.new(0, 1.803782652132213e-07, 1.1641532182693481e-08, 0.9085708260536194, 0.294482558965683, 0.29627561569213867, -0.22870497405529022, 0.9441787600517273, -0.23710887134075165, -0.349561482667923, 0.1476704627275467, 0.9252027869224548),
            ["RightLowerLeg"] = CFrame.new(-7.450580596923828e-09, 2.384185791015625e-07, -3.55576048605144e-08, 1, -1.1548401346317405e-07, -1.415611023958263e-07, 1.0430814256778831e-07, 0.49080249667167664, 0.8712707757949829, -8.940698137394065e-08, -0.8712708950042725, 0.49080273509025574),
            ["RightFoot"] = CFrame.new(-2.2351741790771484e-08, 4.172325134277344e-07, -1.879379851743579e-08, 0.9675133228302002, 0.22667275369167328, -0.11197143793106079, -0.25276073813438416, 0.8768536448478699, -0.40894919633865356, 0.005484905559569597, 0.42396602034568787, 0.9056617021560669),
            ["LeftLowerLeg"] = CFrame.new(-5.587935447692871e-08, 0, -1.4901161193847656e-08, 1, 5.96046660916727e-08, 2.980232594040899e-08, -7.82310962677002e-08, 0.7119033336639404, 0.7022774815559387, 7.450580596923828e-09, -0.7022775411605835, 0.7119033932685852),
        }},
        {Time = 0.033, Data = {
            ["LeftFoot"] = CFrame.new(4.470348358154297e-08, 0, -2.2351741790771484e-08, 0.9553120732307434, -0.28785285353660583, 0.06722958385944366, 0.2857908010482788, 0.8413065075874329, -0.4588317275047302, 0.07551548629999161, 0.45754143595695496, 0.8859760761260986),
            ["LeftLowerArm"] = CFrame.new(1.4901161193847656e-07, -6.556510925292969e-07, 2.9802322387695312e-08, 1, -1.154839708306099e-07, -2.3283060812673284e-08, 9.685753354915505e-08, 0.4591785669326782, -0.8883440494537354, 8.195637946073475e-08, 0.8883439898490906, 0.4591785669326782),
            ["LowerTorso"] = CFrame.new(-0.05872413516044617, -0.234053373336792, 0.06986930221319199, 0.9901032447814941, 0.06472816318273544, -0.12452314794063568, -0.06344782561063766, 0.9978838562965393, 0.014224639162421227, 0.12518036365509033, -0.006183135323226452, 0.9921148419380188),
            ["Head"] = CFrame.new(-6.984919309616089e-09, -4.76837158203125e-07, -2.514570951461792e-08, 0.7330347895622253, -0.18882307410240173, 0.6534569263458252, 0.016104577109217644, 0.9652446508407593, 0.26085159182548523, -0.6800004839897156, -0.18068954348564148, 0.7105987071990967),
            ["RightUpperArm"] = CFrame.new(0, -5.960464477539062e-07, -1.4901161193847656e-08, 0.675609827041626, -0.3768537640571594, -0.6336662769317627, -0.21989883482456207, 0.7173641324043274, -0.6610848903656006, 0.7037015557289124, 0.5859778523445129, 0.40178847312927246),
            ["UpperTorso"] = CFrame.new(-4.6566128730773926e-09, -1.4901161193847656e-07, -1.862645149230957e-09, 0.9932275414466858, -0.07532665133476257, 0.08845831453800201, 0.06824494153261185, 0.9944135546684265, 0.08052477985620499, -0.09402981400489807, -0.07394257932901382, 0.9928196668624878),
            ["HumanoidRootPart"] = CFrame.new(0, 0, 0, 1, 0, 0, 0, 1, 0, 0, 0, 1),
            ["RightHand"] = CFrame.new(-1.1920928955078125e-07, 0, 1.6391277313232422e-07, 0.852129340171814, -0.43418991565704346, -0.29215580224990845, 0.4004766345024109, 0.9003891348838806, -0.17005321383476257, 0.3368890881538391, 0.027905765920877457, 0.9411306977272034),
            ["LeftUpperArm"] = CFrame.new(0, -4.76837158203125e-07, -3.725290298461914e-09, 0.24581530690193176, 0.39020711183547974, 0.8873068690299988, -0.2824740707874298, 0.904499888420105, -0.31951266527175903, -0.9272450804710388, -0.17210008203983307, 0.3325631618499756),
            ["RightLowerArm"] = CFrame.new(-1.4901161193847656e-07, -2.384185791015625e-07, -1.5459954738616943e-07, 1, -6.332992796842518e-08, 7.450579886381092e-08, 9.685754776000977e-08, 0.3115641474723816, -0.9502251744270325, 5.960464477539063e-08, 0.9502251148223877, 0.3115640878677368),
            ["LeftHand"] = CFrame.new(1.4901161193847656e-07, 1.7881393432617188e-07, 3.0547380447387695e-07, 0.8526742458343506, 0.5042715072631836, 0.13659103214740753, -0.46191418170928955, 0.8498162031173706, -0.25386497378349304, -0.24409405887126923, 0.15337088704109192, 0.957546591758728),
            ["RightUpperLeg"] = CFrame.new(0, -2.1228333935141563e-07, -1.287116901949048e-08, 0.9396194219589233, -0.341955304145813, -0.01349208690226078, 0.27882683277130127, 0.7878237962722778, -0.549171507358551, 0.1984213888645172, 0.5122501254081726, 0.8356007933616638),
            ["LeftUpperLeg"] = CFrame.new(0, -2.6328780222684145e-07, -1.3504177331924438e-08, 0.9093655347824097, 0.27647021412849426, 0.31083518266677856, -0.22464066743850708, 0.9552501440048218, -0.1924416869878769, -0.3501298129558563, 0.10517355054616928, 0.9307779669761658),
            ["RightLowerLeg"] = CFrame.new(4.470348358154297e-08, 1.1920928955078125e-07, 4.639878170564771e-08, 1, -1.0430811414607888e-07, -8.195642919872625e-08, 1.4901162614933128e-07, 0.5111736059188843, 0.8594774007797241, -8.940698137394065e-08, -0.8594774603843689, 0.5111739039421082),
            ["RightFoot"] = CFrame.new(-2.2351741790771484e-08, 1.7881393432617188e-07, 9.145878721028566e-09, 0.9686480760574341, 0.22298872470855713, -0.10953166335821152, -0.2483496218919754, 0.8808331489562988, -0.4030572772026062, 0.006601873319596052, 0.4176231622695923, 0.9085966348648071),
            ["LeftLowerLeg"] = CFrame.new(1.0989606380462646e-07, 1.1920928955078125e-07, -1.4901161193847656e-08, 1, 7.450580596923828e-09, 5.960467319710006e-08, -8.754432911928234e-08, 0.7539937496185303, 0.6568818092346191, 2.980232594040899e-08, -0.65688157081604, 0.7539936304092407),
        }},
        {Time = 0.067, Data = {
            ["LeftFoot"] = CFrame.new(-1.043081283569336e-07, 5.960464477539063e-08, -7.450580596923828e-09, 0.9562108516693115, -0.2866058647632599, 0.05931314826011658, 0.28355103731155396, 0.8569494485855103, -0.4303911626338959, 0.07252432405948639, 0.42836275696754456, 0.9006916880607605),
            ["LeftLowerArm"] = CFrame.new(-2.9802322387695312e-08, -8.940696716308594e-07, -1.7881393432617188e-07, 1, -9.313227167240257e-08, 7.450579886381092e-08, 8.940695295223122e-08, 0.26146453619003296, -0.9652130603790283, 5.960463766996327e-08, 0.9652131795883179, 0.26146456599235535),
            ["LowerTorso"] = CFrame.new(-0.05602450668811798, -0.21764302253723145, 0.07118583470582962, 0.9895440936088562, 0.07152619957923889, -0.12524639070034027, -0.07314629852771759, 0.9972860217094421, -0.00837861467152834, 0.12430719286203384, 0.017452316358685493, 0.9920902848243713),
            ["Head"] = CFrame.new(4.540197551250458e-09, 1.1920928955078125e-07, 4.48198989033699e-09, 0.8058741688728333, -0.20709294080734253, 0.554688572883606, 0.06550417095422745, 0.9622695446014404, 0.26409608125686646, -0.5884523391723633, -0.17649371922016144, 0.7890335321426392),
            ["RightUpperArm"] = CFrame.new(-5.960464477539063e-08, 3.5762786865234375e-07, -9.313225746154785e-10, 0.8666412234306335, -0.2221950888633728, -0.4467242360115051, -0.18929052352905273, 0.6819937825202942, -0.7064371705055237, 0.4616298973560333, 0.6967882513999939, 0.5489845275878906),
            ["UpperTorso"] = CFrame.new(-9.313225746154785e-09, 1.1920928955078125e-07, -1.0943040251731873e-08, 0.9915774464607239, -0.08962084352970123, 0.09350018948316574, 0.08037985116243362, 0.9919039011001587, 0.09831441193819046, -0.10155420750379562, -0.08997082710266113, 0.9907532334327698),
            ["HumanoidRootPart"] = CFrame.new(0, 0, 0, 1, 0, 0, 0, 1, 0, 0, 0, 1),
            ["RightHand"] = CFrame.new(0, 0, 2.980232238769531e-07, 0.8591709733009338, -0.5101237297058105, -0.03998924791812897, 0.4756200313568115, 0.8249877095222473, -0.305255651473999, 0.18870866298675537, 0.24324698746204376, 0.9514304995536804),
            ["LeftUpperArm"] = CFrame.new(1.1920928955078125e-07, 0, -2.421438694000244e-08, 0.28674909472465515, 0.21999076008796692, 0.9324050545692444, -0.15056560933589935, 0.9715303778648376, -0.18291740119457245, -0.9460998773574829, -0.08793672174215317, 0.31170839071273804),
            ["RightLowerArm"] = CFrame.new(-2.9802322387695312e-08, -1.7881393432617188e-07, 1.043081283569336e-07, 1, -1.0710211029163474e-07, 3.725289587919178e-08, 4.470347647611561e-08, 0.6010208129882812, -0.7992333769798279, 5.960463766996327e-08, 0.7992334961891174, 0.601020872592926),
            ["LeftHand"] = CFrame.new(2.9802322387695312e-08, 5.960464477539063e-08, -3.948807716369629e-07, 0.8531705141067505, 0.48336368799209595, 0.1961113065481186, -0.48199576139450073, 0.8742569088935852, -0.057923391461372375, -0.19944968819618225, -0.04510623961687088, 0.9788693785667419),
            ["RightUpperLeg"] = CFrame.new(1.1920928955078125e-07, -2.0256265997886658e-08, -2.3115717340260744e-08, 0.9368482828140259, -0.34922850131988525, -0.018833044916391373, 0.2890147566795349, 0.8033924698829651, -0.5206066966056824, 0.1969410479068756, 0.4822862446308136, 0.8535889387130737),
            ["LeftUpperLeg"] = CFrame.new(-1.1920928955078125e-07, 5.3740222938358784e-08, -8.381903171539307e-09, 0.9086353778839111, 0.2570646107196808, 0.3290889859199524, -0.22320280969142914, 0.9650200605392456, -0.13753899931907654, -0.3529338538646698, 0.051519256085157394, 0.9342288374900818),
            ["RightLowerLeg"] = CFrame.new(-3.725290298461914e-08, 1.1920928955078125e-07, -2.0656443666666746e-08, 1, -9.685756197086448e-08, -5.96046660916727e-08, 1.341104507446289e-07, 0.5328080058097839, 0.846235990524292, -5.960464477539063e-08, -0.8462362289428711, 0.5328083038330078),
            ["RightFoot"] = CFrame.new(-7.450580596923828e-09, 2.384185791015625e-07, -4.1145540308207273e-08, 0.9699081182479858, 0.218942791223526, -0.10650117695331573, -0.2433600127696991, 0.8850297331809998, -0.3968602418899536, 0.00736696133390069, 0.41083624958992004, 0.9116795063018799),
            ["LeftLowerLeg"] = CFrame.new(4.842877388000488e-08, 5.960464477539063e-08, 1.4901161193847656e-08, 1, 6.705524668859653e-08, 1.4901164746561335e-08, -5.401671643312511e-08, 0.7983626127243042, 0.6021770238876343, 3.3527616238870905e-08, -0.602177083492279, 0.798362672328949),
        }},
        {Time = 0.100, Data = {
            ["LeftFoot"] = CFrame.new(3.725290298461914e-08, -5.960464477539063e-08, -3.725290298461914e-08, 0.9568355679512024, -0.2858976125717163, 0.05223231390118599, 0.28207170963287354, 0.8702465891838074, -0.40386444330215454, 0.07000896334648132, 0.4011652171611786, 0.9133265614509583),
            ["LeftLowerArm"] = CFrame.new(-5.960464477539063e-08, -1.7881393432617188e-07, -9.96515154838562e-08, 1, 7.4505797087454084e-09, 5.960465188081798e-08, 8.00937343115038e-08, 0.22686555981636047, -0.9739261865615845, 6.4552288847608e-08, 0.9739260673522949, 0.22686544060707092),
            ["LowerTorso"] = CFrame.new(-0.053717970848083496, -0.20320594310760498, 0.07234163582324982, 0.9889392256736755, 0.07512170076370239, -0.12789031863212585, -0.07935979962348938, 0.9964424967765808, -0.028364773839712143, 0.12530452013015747, 0.038200393319129944, 0.9913826584815979),
            ["Head"] = CFrame.new(-3.899913281202316e-09, -1.1920928955078125e-07, 2.5029294192790985e-08, 0.8643427491188049, -0.23102261126041412, 0.44669920206069946, 0.11729989945888519, 0.9563539028167725, 0.26763442158699036, -0.4890320599079132, -0.17893001437187195, 0.8537164330482483),
            ["RightUpperArm"] = CFrame.new(0, -3.5762786865234375e-07, 1.257285475730896e-08, 0.9909949898719788, -0.012843248434364796, -0.1332821249961853, -0.08374042063951492, 0.7172625660896301, -0.6917527914047241, 0.10448262095451355, 0.696684718132019, 0.7097281217575073),
            ["UpperTorso"] = CFrame.new(1.1175870895385742e-08, 8.940696716308594e-08, 2.0954757928848267e-09, 0.9902908802032471, -0.09875237941741943, 0.0978366881608963, 0.08766181766986847, 0.9898546934127808, 0.1118171364068985, -0.10788631439208984, -0.102154940366745, 0.9889008402824402),
            ["HumanoidRootPart"] = CFrame.new(0, 0, 0, 1, 0, 0, 0, 1, 0, 0, 0, 1),
            ["RightHand"] = CFrame.new(-1.341104507446289e-07, 0, 1.043081283569336e-07, 0.7966176867485046, -0.5803399085998535, 0.1691335141658783, 0.5969468951225281, 0.7112185955047607, -0.3712441325187683, 0.09515688568353653, 0.3967035710811615, 0.9130014777183533),
            ["LeftUpperArm"] = CFrame.new(0, 3.5762786865234375e-07, 7.450580596923828e-08, 0.5163968205451965, 0.05921081826090813, 0.8542999625205994, -0.025920864194631577, 0.9982304573059082, -0.05351817235350609, -0.8559570908546448, 0.005492400843650103, 0.5170178413391113),
            ["RightLowerArm"] = CFrame.new(1.7881393432617188e-07, 5.960464477539062e-07, 1.6391277313232422e-07, 1, -7.636842980218717e-08, 3.3527619791584584e-08, 4.842877388000488e-08, 0.7351368069648743, -0.6779189705848694, 7.450580596923828e-09, 0.6779187917709351, 0.7351366877555847),
            ["LeftHand"] = CFrame.new(1.341104507446289e-07, 5.960464477539063e-08, 2.6263296604156494e-07, 0.8438639044761658, 0.4662635326385498, 0.2655033767223358, -0.5016303062438965, 0.8611885905265808, 0.08198365569114685, -0.19042257964611053, -0.20236772298812866, 0.9606178998947144),
            ["RightUpperLeg"] = CFrame.new(0, -3.5390257835388184e-08, 5.75528247281909e-09, 0.9355810880661011, -0.3523325026035309, -0.023452434688806534, 0.29563355445861816, 0.8178809881210327, -0.4936310648918152, 0.19310349225997925, 0.4548984467983246, 0.8693551421165466),
            ["LeftUpperLeg"] = CFrame.new(5.960464477539063e-08, -5.4802512750029564e-08, 1.955777406692505e-08, 0.9066402912139893, 0.2410118281841278, 0.3462899923324585, -0.22472918033599854, 0.9705215692520142, -0.08709076046943665, -0.3570718467235565, 0.0011384563986212015, 0.9340763092041016),
            ["RightLowerLeg"] = CFrame.new(9.685754776000977e-08, 2.384185791015625e-07, -5.790934665128589e-08, 1, -1.303851746570217e-07, -8.195641498787154e-08, 1.4901162614933128e-07, 0.5543308854103088, 0.8322963118553162, -3.725290653733282e-08, -0.8322964906692505, 0.5543310046195984),
            ["RightFoot"] = CFrame.new(1.4901161193847656e-08, 2.384185791015625e-07, 1.287116901949048e-08, 0.9709794521331787, 0.2151261568069458, -0.10449715703725815, -0.23899459838867188, 0.8891645073890686, -0.39021527767181396, 0.008969729766249657, 0.40386560559272766, 0.9147745966911316),
            ["LeftLowerLeg"] = CFrame.new(1.8998980522155762e-07, 0, 7.450580596923828e-09, 1, 2.2351745343485163e-08, 7.4505820180093e-08, -5.2154071283894154e-08, 0.835910439491272, 0.5488662123680115, 7.450581485102248e-09, -0.5488660335540771, 0.8359102010726929),
        }},
        {Time = 0.133, Data = {
            ["LeftFoot"] = CFrame.new(-4.470348358154297e-08, 1.7881393432617188e-07, 7.450580596923828e-09, 0.9571818709373474, -0.28521811962127686, 0.049534931778907776, 0.28177449107170105, 0.8787018656730652, -0.38533923029899597, 0.0663793534040451, 0.38279739022254944, 0.9214445352554321),
            ["LeftLowerArm"] = CFrame.new(-1.7881393432617188e-07, -1.7881393432617188e-07, 1.4901161193847656e-08, 1, -5.029141192380848e-08, 7.823108916227284e-08, 6.70552182668871e-08, 0.20906013250350952, -0.9779028296470642, 1.2433154950031167e-07, 0.9779028296470642, 0.20906013250350952),
            ["LowerTorso"] = CFrame.new(-0.05240173637866974, -0.19512057304382324, 0.07354434579610825, 0.9883773326873779, 0.0778285339474678, -0.13058702647686005, -0.08458784222602844, 0.995305597782135, -0.047030314803123474, 0.12631367146968842, 0.05752977356314659, 0.9903208017349243),
            ["Head"] = CFrame.new(-1.2223608791828156e-09, -2.384185791015625e-07, 2.380693331360817e-08, 0.9061347246170044, -0.25440478324890137, 0.3379322290420532, 0.16715092957019806, 0.9492520093917847, 0.26642337441444397, -0.3885621130466461, -0.18492960929870605, 0.90267413854599),
            ["RightUpperArm"] = CFrame.new(1.1920928955078125e-07, -5.960464477539062e-07, 6.51925802230835e-08, 0.9250034689903259, 0.15649569034576416, 0.3462335765361786, 0.11752091348171234, 0.7487186193466187, -0.6523876786231995, -0.36132729053497314, 0.6441503167152405, 0.6741755604743958),
            ["UpperTorso"] = CFrame.new(-6.51925802230835e-09, -1.4901161193847656e-07, -5.122274160385132e-09, 0.989500105381012, -0.10499840974807739, 0.0993223562836647, 0.09221367537975311, 0.9877910017967224, 0.12556129693984985, -0.11129344999790192, -0.11508400738239288, 0.9871016144752502),
            ["HumanoidRootPart"] = CFrame.new(0, 0, 0, 1, 0, 0, 0, 1, 0, 0, 0, 1),
            ["RightHand"] = CFrame.new(-2.9802322387695312e-08, -1.1920928955078125e-07, -1.9371509552001953e-07, 0.9638969302177429, -0.23590542376041412, 0.12349680066108704, 0.26386237144470215, 0.9085214734077454, -0.3239835202693939, -0.03576990216970444, 0.34487292170524597, 0.9379675984382629),
            ["LeftUpperArm"] = CFrame.new(-1.1920928955078125e-07, -4.76837158203125e-07, 3.5390257835388184e-08, 0.8457079529762268, -0.008268694393336773, 0.5335820913314819, 0.10705684870481491, 0.9821816086769104, -0.15446072816848755, -0.5227972269058228, 0.1877521574497223, 0.8315240740776062),
            ["RightLowerArm"] = CFrame.new(1.1920928955078125e-07, 1.7881393432617188e-07, -3.2782554626464844e-07, 1, -4.0978189730367376e-08, -2.2351741790771484e-08, 3.725289943190546e-08, 0.8069753646850586, -0.5905851721763611, 0, 0.5905851721763611, 0.8069753050804138),
            ["LeftHand"] = CFrame.new(-5.960464477539063e-08, 0, -1.1175870895385742e-08, 0.7708259224891663, 0.4566653072834015, 0.44416722655296326, -0.5797896981239319, 0.7917918562889099, 0.1921193152666092, -0.2639535665512085, -0.40561389923095703, 0.8751033544540405),
            ["RightUpperLeg"] = CFrame.new(0, -5.075708031654358e-07, -1.6952981241047382e-09, 0.9346256852149963, -0.3548556864261627, -0.023503346368670464, 0.3023901879787445, 0.8277463912963867, -0.47264817357063293, 0.18717657029628754, 0.4346417486667633, 0.8809378743171692),
            ["LeftUpperLeg"] = CFrame.new(0, -5.014007911086082e-07, 5.587935447692871e-09, 0.9062756896018982, 0.22831027209758759, 0.3557230234146118, -0.22640272974967957, 0.9728699326515198, -0.04760148376226425, -0.3569400906562805, -0.037396617233753204, 0.9333784580230713),
            ["RightLowerLeg"] = CFrame.new(-5.960464477539063e-08, 2.980232238769531e-07, -4.300818545743823e-08, 1, -9.313227167240257e-08, -7.450583439094771e-08, 1.4901162614933128e-07, 0.564754068851471, 0.8252590298652649, -2.2351745343485163e-08, -0.825259268283844, 0.5647545456886292),
            ["RightFoot"] = CFrame.new(-1.2665987014770508e-07, 2.980232238769531e-07, 9.145878721028566e-09, 0.9714716672897339, 0.2128521203994751, -0.10457976907491684, -0.2369193732738495, 0.8907407522201538, -0.387878954410553, 0.010592634789645672, 0.40159058570861816, 0.9157582521438599),
            ["LeftLowerLeg"] = CFrame.new(-8.381903171539307e-08, -5.960464477539063e-08, -1.4901161193847656e-08, 1, 5.2154071283894154e-08, 4.4703494239684005e-08, -5.308539385850963e-08, 0.8588275909423828, 0.5122649669647217, -3.725290742551124e-09, -0.5122648477554321, 0.8588274717330933),
        }},
        {Time = 0.167, Data = {
            ["LeftFoot"] = CFrame.new(0, 5.960464477539063e-08, 1.4901161193847656e-08, 0.9574819803237915, -0.2840318977832794, 0.05053974315524101, 0.28130069375038147, 0.880298376083374, -0.3820270001888275, 0.06401786208152771, 0.3800009489059448, 0.9227682948112488),
            ["LeftLowerArm"] = CFrame.new(5.960464477539063e-08, 1.7881393432617188e-07, 6.28642737865448e-09, 1, -8.521600847188893e-08, 5.0291408371094803e-08, 7.729977369308472e-08, 0.30665889382362366, -0.9518195390701294, 6.007030606269836e-08, 0.9518195390701294, 0.30665886402130127),
            ["LowerTorso"] = CFrame.new(-0.05352620780467987, -0.194952130317688, 0.07481405138969421, 0.9880536794662476, 0.0796099379658699, -0.13195587694644928, -0.08834780752658844, 0.9941748380661011, -0.06173399090766907, 0.12627257406711578, 0.07265450805425644, 0.9893313646316528),
            ["Head"] = CFrame.new(2.954038791358471e-09, 3.5762786865234375e-07, 5.878973752260208e-09, 0.9337661862373352, -0.25988563895225525, 0.246049165725708, 0.19494028389453888, 0.9459173083305359, 0.25930464267730713, -0.3001316487789154, -0.19416488707065582, 0.9339277148246765),
            ["RightUpperArm"] = CFrame.new(1.1920928955078125e-07, 5.960464477539062e-07, 1.30385160446167e-08, 0.4536130726337433, 0.24159672856330872, 0.8578264713287354, 0.47444888949394226, 0.7493458390235901, -0.46192991733551025, -0.7544094324111938, 0.6165322661399841, 0.22528775036334991),
            ["UpperTorso"] = CFrame.new(5.587935447692871e-09, -5.960464477539063e-08, 3.259629011154175e-09, 0.9894027709960938, -0.10854709148406982, 0.09643606096506119, 0.0945352092385292, 0.9856883883476257, 0.13957643508911133, -0.11020652204751968, -0.12898072600364685, 0.9855042099952698),
            ["HumanoidRootPart"] = CFrame.new(0, 0, 0, 1, 0, 0, 0, 1, 0, 0, 0, 1),
            ["RightHand"] = CFrame.new(-4.470348358154297e-08, 0, 2.9802322387695312e-08, 0.8447878956794739, -0.5276510119438171, 0.08898480236530304, 0.5169880986213684, 0.7619255781173706, -0.3901187777519226, 0.13804662227630615, 0.37557125091552734, 0.9164546132087708),
            ["LeftUpperArm"] = CFrame.new(0, 9.5367431640625e-07, 3.725290298461914e-09, 0.9985241889953613, -0.052460677921772, 0.01405152678489685, 0.05343922600150108, 0.9029182195663452, -0.42647749185562134, 0.009685914032161236, 0.4265989661216736, 0.9043890833854675),
            ["RightLowerArm"] = CFrame.new(3.5762786865234375e-07, 1.7881393432617188e-07, -1.1920928955078125e-07, 1, -4.470347647611561e-08, -1.4901154088420299e-08, 2.2351745343485163e-08, 0.7015568614006042, -0.7126132249832153, 1.4901162970204496e-08, 0.7126135230064392, 0.7015570402145386),
            ["LeftHand"] = CFrame.new(1.862645149230957e-08, 1.1920928955078125e-07, -2.7194619178771973e-07, 0.7845582365989685, 0.13115361332893372, 0.6060261726379395, -0.4385628402233124, 0.8082972764968872, 0.39283329248428345, -0.4383275508880615, -0.5739810466766357, 0.691675066947937),
            ["RightUpperLeg"] = CFrame.new(-5.960464477539063e-08, -3.818422555923462e-08, -1.6952981241047382e-09, 0.9354366660118103, -0.35332098603248596, -0.011069021187722683, 0.3091889023780823, 0.8329703211784363, -0.45887115597724915, 0.17134897410869598, 0.4258224070072174, 0.8884338140487671),
            ["LeftUpperLeg"] = CFrame.new(-1.1920928955078125e-07, 2.962769940495491e-08, 6.51925802230835e-09, 0.907654881477356, 0.22249415516853333, 0.3558918535709381, -0.2269553691148758, 0.9734505414962769, -0.02975597232580185, -0.353063702583313, -0.05376346409320831, 0.9340533018112183),
            ["RightLowerLeg"] = CFrame.new(-6.705522537231445e-08, 1.1920928955078125e-07, -4.300818545743823e-08, 1, -1.0058283805847168e-07, -7.450583439094771e-08, 1.3411046495548362e-07, 0.5618997812271118, 0.8272051215171814, -6.705523247774181e-08, -0.8272053003311157, 0.5619000196456909),
            ["RightFoot"] = CFrame.new(2.9802322387695312e-08, 3.5762786865234375e-07, 7.283233571797609e-09, 0.9700024724006653, 0.21349480748176575, -0.11625543981790543, -0.24226687848567963, 0.8884324431419373, -0.389864444732666, 0.020051036030054092, 0.40633469820022583, 0.9135045409202576),
            ["LeftLowerLeg"] = CFrame.new(6.239861249923706e-08, -2.384185791015625e-07, -1.6763806343078613e-08, 1, 7.450581485102248e-09, -2.2351748896198842e-08, -5.2154071283894154e-08, 0.8619872331619263, 0.5069302916526794, -1.862645326866641e-08, -0.5069301724433899, 0.8619871139526367),
        }},
        {Time = 0.200, Data = {
            ["LeftFoot"] = CFrame.new(1.1920928955078125e-07, 5.960464477539063e-08, 4.470348358154297e-08, 0.9577088952064514, -0.28322064876556396, 0.050790935754776, 0.281182199716568, 0.8837224245071411, -0.3741273283958435, 0.06107554957270622, 0.3725866377353668, 0.9259854555130005),
            ["LeftLowerArm"] = CFrame.new(-8.940696716308594e-08, 5.960464477539063e-08, -7.450580596923828e-08, 1, -1.103617250919342e-07, 7.264316792543468e-08, 8.754432201385498e-08, 0.14530262351036072, -0.9893872737884521, 5.8673322200775146e-08, 0.9893872737884521, 0.14530262351036072),
            ["LowerTorso"] = CFrame.new(-0.054207608103752136, -0.19486021995544434, 0.0763610228896141, 0.9869305491447449, 0.08608219772577286, -0.13622751832008362, -0.0965668186545372, 0.9926960468292236, -0.07231498509645462, 0.129007488489151, 0.08452493697404861, 0.988034725189209),
            ["Head"] = CFrame.new(3.004970494657755e-09, -4.76837158203125e-07, -2.0372681319713593e-08, 0.9476151466369629, -0.2543775141239166, 0.19317816197872162, 0.20313379168510437, 0.94666588306427, 0.2501208186149597, -0.24650026857852936, -0.19777722656726837, 0.9487475156784058),
            ["RightUpperArm"] = CFrame.new(-5.960464477539063e-08, -5.960464477539062e-07, -5.587935447692871e-09, 0.42891725897789, 0.2259395718574524, 0.8746321797370911, 0.47773319482803345, 0.765005886554718, -0.4318993091583252, -0.7666819095611572, 0.6030898094177246, 0.2201852947473526),
            ["UpperTorso"] = CFrame.new(-8.381903171539307e-09, -2.9802322387695312e-08, -4.656612873077393e-10, 0.9881858229637146, -0.11897359788417816, 0.09661389887332916, 0.1039649099111557, 0.9835392832756042, 0.1477898806333542, -0.11260668188333511, -0.1359994113445282, 0.9842885732650757),
            ["HumanoidRootPart"] = CFrame.new(0, 0, 0, 1, 0, 0, 0, 1, 0, 0, 0, 1),
            ["RightHand"] = CFrame.new(1.1920928955078125e-07, 0, 0, 0.6204218864440918, -0.6159754991531372, 0.4854385256767273, 0.7668913006782532, 0.6060661673545837, -0.21109607815742493, -0.1641780585050583, 0.5032474398612976, 0.8484032154083252),
            ["LeftUpperArm"] = CFrame.new(5.960464477539063e-08, -9.5367431640625e-07, -3.3993273973464966e-08, 0.9983875155448914, -0.03133566677570343, -0.047335002571344376, 0.0144724752753973, 0.9467917680740356, -0.3215213716030121, 0.05489145219326019, 0.3203178644180298, 0.94571852684021),
            ["RightLowerArm"] = CFrame.new(2.980232238769531e-07, 6.556510925292969e-07, 1.6391277313232422e-07, 1, -5.21540641784668e-08, 2.980232594040899e-08, 7.450580596923828e-09, 0.6108297109603882, -0.791762113571167, 1.4901161193847656e-08, 0.7917620539665222, 0.6108295321464539),
            ["LeftHand"] = CFrame.new(-1.4901161193847656e-08, -5.960464477539063e-08, -1.825392246246338e-07, 0.7117531299591064, 0.05096457153558731, 0.7005782723426819, -0.35963910818099976, 0.8831655979156494, 0.301128625869751, -0.6033799052238464, -0.4662846028804779, 0.6469249129295349),
            ["RightUpperLeg"] = CFrame.new(-5.960464477539063e-08, -4.190951585769653e-08, 2.029992174357176e-09, 0.9357418417930603, -0.3525470495223999, 0.00989555288106203, 0.31886282563209534, 0.8336800932884216, -0.45089253783226013, 0.1507110744714737, 0.4250742495059967, 0.8925234079360962),
            ["LeftUpperLeg"] = CFrame.new(1.4901161193847656e-07, 6.426125764846802e-08, 1.3969838619232178e-08, 0.9084966778755188, 0.21050380170345306, 0.36100125312805176, -0.2226831018924713, 0.9748578071594238, -0.008045321330428123, -0.35361847281455994, -0.07307977229356766, 0.9325307011604309),
            ["RightLowerLeg"] = CFrame.new(2.9802322387695312e-08, 2.980232238769531e-07, -2.0656443666666746e-08, 1, -8.195638656616211e-08, -5.96046660916727e-08, 1.4901161193847656e-07, 0.5543760657310486, 0.832266092300415, -5.21540641784668e-08, -0.8322663307189941, 0.5543763637542725),
            ["RightFoot"] = CFrame.new(-1.1175870895385742e-08, 2.384185791015625e-07, -1.673470251262188e-10, 0.9680026769638062, 0.21412764489650726, -0.13084471225738525, -0.24894113838672638, 0.8851012587547302, -0.39322224259376526, 0.03161105886101723, 0.41321325302124023, 0.9100856781005859),
            ["LeftLowerLeg"] = CFrame.new(-1.1362135410308838e-07, 5.960464477539063e-08, 2.2351741790771484e-08, 1, 3.7252917195473856e-08, 7.450583261459087e-09, -2.7008358216562556e-08, 0.870662271976471, 0.49188145995140076, -1.3038517820973539e-08, -0.49188145995140076, 0.870662271976471),
        }},
        {Time = 0.233, Data = {
            ["LeftFoot"] = CFrame.new(-8.195638656616211e-08, 5.960464477539063e-08, 2.2351741790771484e-08, 0.9578596949577332, -0.2828192114830017, 0.050181809812784195, 0.2811720371246338, 0.8875053524971008, -0.36507096886634827, 0.0587124265730381, 0.36379629373550415, 0.9296263456344604),
            ["LeftLowerArm"] = CFrame.new(0, 2.384185791015625e-07, 1.043081283569336e-07, 1, -8.128699136022988e-08, 7.799826562404633e-08, 8.475035429000854e-08, 0.10179328173398972, -0.994805634021759, 6.891787052154541e-08, 0.994805634021759, 0.1017933338880539),
            ["LowerTorso"] = CFrame.new(-0.055188342928886414, -0.19479882717132568, 0.07845500111579895, 0.9849516153335571, 0.09314227849245071, -0.1455850750207901, -0.1057322770357132, 0.9910686016082764, -0.08126356452703476, 0.13671573996543884, 0.09543371200561523, 0.9860026836395264),
            ["Head"] = CFrame.new(-3.3178366720676422e-09, 0, 1.5832483768463135e-08, 0.9498895406723022, -0.2602962553501129, 0.17307759821414948, 0.21716777980327606, 0.9477865099906921, 0.2335357815027237, -0.2248290479183197, -0.1842462420463562, 0.9568204283714294),
            ["RightUpperArm"] = CFrame.new(0, 5.960464477539062e-07, 2.421438694000244e-08, 0.4208338260650635, 0.21874308586120605, 0.8803695440292358, 0.48525217175483704, 0.7656837105751038, -0.422207236289978, -0.7664393782615662, 0.6048802733421326, 0.21607999503612518),
            ["UpperTorso"] = CFrame.new(-5.587935447692871e-09, -8.940696716308594e-08, 1.3504177331924438e-08, 0.9867472648620605, -0.12863756716251373, 0.09890492260456085, 0.11232983320951462, 0.9813917279243469, 0.15573211014270782, -0.11709747463464737, -0.1425582617521286, 0.9828353524208069),
            ["HumanoidRootPart"] = CFrame.new(0, 0, 0, 1, 0, 0, 0, 1, 0, 0, 0, 1),
            ["RightHand"] = CFrame.new(-1.1920928955078125e-07, -1.1920928955078125e-07, 1.4901161193847656e-08, 0.7311639785766602, -0.4683258831501007, 0.49605467915534973, 0.6609033942222595, 0.6665413975715637, -0.3448617160320282, -0.16913336515426636, 0.5799944996833801, 0.7968690395355225),
            ["LeftUpperArm"] = CFrame.new(-2.384185791015625e-07, 3.5762786865234375e-07, 2.0372681319713593e-08, 0.9980790019035339, 0.001101712230592966, -0.06194562092423439, -0.017716504633426666, 0.9631665349006653, -0.2683214545249939, 0.059368330985307693, 0.2689034342765808, 0.9613357186317444),
            ["RightLowerArm"] = CFrame.new(2.384185791015625e-07, -1.7881393432617188e-07, 1.7881393432617188e-07, 1, -9.685756197086448e-08, 2.9802322387695312e-08, 3.725289943190546e-08, 0.6102970242500305, -0.7921726107597351, 1.4901159417490817e-08, 0.7921727895736694, 0.6102972030639648),
            ["LeftHand"] = CFrame.new(1.8766149878501892e-07, 1.1920928955078125e-07, -3.3527612686157227e-08, 0.7063140273094177, 0.05487697571516037, 0.7057685852050781, -0.4110124111175537, 0.8435230851173401, 0.3457418978214264, -0.5763587355613708, -0.5342820286750793, 0.6183471083641052),
            ["RightUpperLeg"] = CFrame.new(0, -2.4866312742233276e-07, -9.145878721028566e-09, 0.935347855091095, -0.3522661030292511, 0.032141536474227905, 0.32865557074546814, 0.8318502306938171, -0.4472259283065796, 0.13080552220344543, 0.4288751780986786, 0.8938432931900024),
            ["LeftUpperLeg"] = CFrame.new(0, -2.786400727927685e-07, 3.725290298461914e-09, 0.9071514010429382, 0.1965775191783905, 0.3720666170120239, -0.21809150278568268, 0.9757940769195557, 0.0161875132471323, -0.35987839102745056, -0.09582902491092682, 0.9280648827552795),
            ["RightLowerLeg"] = CFrame.new(-2.2351741790771484e-08, 1.1920928955078125e-07, 1.6596459317952394e-08, 1, -8.195638656616211e-08, 1.4901164746561335e-08, 1.1920928955078125e-07, 0.5459871292114258, 0.8377932906150818, -5.21540641784668e-08, -0.8377936482429504, 0.5459875464439392),
            ["RightFoot"] = CFrame.new(0, 2.980232238769531e-07, -5.75528247281909e-09, 0.9666316509246826, 0.21461856365203857, -0.13986487686634064, -0.2532268762588501, 0.8830649852752686, -0.3950597643852234, 0.038722507655620575, 0.4172951281070709, 0.9079459309577942),
            ["LeftLowerLeg"] = CFrame.new(1.1641532182693481e-09, -1.1920928955078125e-07, 3.725290298461914e-08, 1, 4.4703494239684005e-08, 5.21540641784668e-08, -4.0512531995773315e-08, 0.8813310265541077, 0.47249945998191833, 1.862645149230957e-09, -0.4724994897842407, 0.8813310265541077),
        }},
        {Time = 0.267, Data = {
            ["LeftFoot"] = CFrame.new(5.21540641784668e-08, -1.1920928955078125e-07, -7.450580596923828e-09, 0.9580700993537903, -0.28241321444511414, 0.04841919243335724, 0.2812482416629791, 0.8945651054382324, -0.34735095500946045, 0.054782528430223465, 0.3464045226573944, 0.9364843368530273),
            ["LeftLowerArm"] = CFrame.new(3.2782554626464844e-07, -5.960464477539063e-08, -1.4901161193847656e-08, 1, -7.246853073183956e-08, 7.729976658765736e-08, 8.47503613954359e-08, 0.1280817836523056, -0.9917636513710022, 7.916242594774303e-08, 0.9917635917663574, 0.1280817836523056),
            ["LowerTorso"] = CFrame.new(-0.05731862783432007, -0.1905292272567749, 0.08155697584152222, 0.9820464849472046, 0.09928463399410248, -0.16039709746837616, -0.11450237780809402, 0.9894660115242004, -0.08857960999011993, 0.14991287887096405, 0.1053551584482193, 0.983069896697998),
            ["Head"] = CFrame.new(2.561137080192566e-09, 0, -5.471520125865936e-09, 0.9426280856132507, -0.27156567573547363, 0.1941763162612915, 0.2302735447883606, 0.9500213861465454, 0.2107926309108734, -0.241715669631958, -0.15398523211479187, 0.9580512046813965),
            ["RightUpperArm"] = CFrame.new(0, -1.1920928955078125e-07, -1.4901161193847656e-08, 0.38752949237823486, 0.20506519079208374, 0.8987597823143005, 0.49103906750679016, 0.7792043685913086, -0.3895142078399658, -0.7801933288574219, 0.5922743678092957, 0.20126962661743164),
            ["UpperTorso"] = CFrame.new(4.0978193283081055e-08, -2.9802322387695312e-08, -2.2817403078079224e-08, 0.9857290387153625, -0.1326853185892105, 0.10360036045312881, 0.1142592802643776, 0.9792996048927307, 0.16708451509475708, -0.12362546473741531, -0.15286274254322052, 0.9804844856262207),
            ["HumanoidRootPart"] = CFrame.new(0, 0, 0, 1, 0, 0, 0, 1, 0, 0, 0, 1),
            ["RightHand"] = CFrame.new(-1.4901161193847656e-07, -2.384185791015625e-07, 1.043081283569336e-07, 0.6954239010810852, -0.4869878888130188, 0.5284207463264465, 0.6928075551986694, 0.649609386920929, -0.3130896985530853, -0.1907961666584015, 0.583824098110199, 0.7891427874565125),
            ["LeftUpperArm"] = CFrame.new(0, 0, 1.4435499906539917e-08, 0.9987184405326843, -0.0023312962148338556, -0.050557464361190796, -0.010237419046461582, 0.9689837098121643, -0.2469128966331482, 0.049564994871616364, 0.24711400270462036, 0.9677180051803589),
            ["RightLowerArm"] = CFrame.new(2.980232238769531e-07, -1.7881393432617188e-07, -4.470348358154297e-08, 1, -8.195637946073475e-08, 2.9802322387695312e-08, 4.470348358154297e-08, 0.6104487180709839, -0.7920559644699097, 0, 0.7920557856559753, 0.6104485392570496),
            ["LeftHand"] = CFrame.new(1.1734664440155029e-07, 1.1920928955078125e-07, -2.849847078323364e-07, 0.6967755556106567, 0.016300179064273834, 0.7171041965484619, -0.34945258498191833, 0.8807873725891113, 0.3195253908634186, -0.6264079213142395, -0.4732314348220825, 0.619407057762146),
            ["RightUpperLeg"] = CFrame.new(0, -2.998858690261841e-07, 5.75528247281909e-09, 0.9345451593399048, -0.3521319329738617, 0.05126833915710449, 0.33720338344573975, 0.8303288817405701, -0.44367557764053345, 0.11366268247365952, 0.4319224953651428, 0.8947198987007141),
            ["LeftUpperLeg"] = CFrame.new(5.960464477539063e-08, -1.7689308151602745e-07, -2.60770320892334e-08, 0.9033863544464111, 0.17922315001487732, 0.3895793557167053, -0.21372221410274506, 0.9757778644561768, 0.04669579863548279, -0.37177398800849915, -0.12544618546962738, 0.9198083281517029),
            ["RightLowerLeg"] = CFrame.new(-1.043081283569336e-07, 1.7881393432617188e-07, -4.300818545743823e-08, 1, -1.1920928955078125e-07, -5.96046660916727e-08, 1.6391278734317893e-07, 0.546808123588562, 0.8372578024864197, -7.450581307466564e-08, -0.837257981300354, 0.5468083024024963),
