return {
["shrug"] = {

          {Time = 0.000, Data = {

              ["Head"] = CFrame.new(0.000000, 0.000000, 0.000000, 1.000000, 0.000000, 0.000000, 0.000000, 1.000000, -0.000000, 0.000000, 0.000000, 1.000000),

              ["LeftFoot"] = CFrame.new(0.000000, -0.000456, -0.000003, 0.999214, -0.030325, -0.025534, 0.030335, 0.999540, 0.000001, 0.025521, -0.000765, 0.999674),

              ["LeftHand"] = CFrame.new(0.000500, 0.000100, -0.000000, 1.000000, 0.000000, -0.000937, 0.000000, 1.000000, 0.000003, 0.000938, -0.000003, 1.000000),

              ["LeftLowerArm"] = CFrame.new(-0.000500, -0.000099, -0.000000, 1.000000, -0.000000, -0.000000, 0.000000, 1.000000, -0.000007, 0.000000, 0.000006, 1.000000),

              ["LeftLowerLeg"] = CFrame.new(-0.000000, -0.000055, 0.000100, 1.000000, -0.000000, 0.000000, 0.000000, 1.000000, -0.000008, -0.000000, -0.000011, 1.000000),

              ["LeftUpperArm"] = CFrame.new(-0.000000, -0.000000, -0.000469, 1.000000, 0.000000, 0.000938, -0.000000, 1.000000, 0.000004, -0.000938, -0.000003, 1.000000),

              ["LeftUpperLeg"] = CFrame.new(0.000000, -0.000000, -0.000100, 0.999214, 0.030335, 0.025522, -0.030325, 0.999540, -0.000768, -0.025534, 0.000001, 0.999674),

              ["LowerTorso"] = CFrame.new(0.000000, 0.000000, 0.000000, 1.000000, 0.000000, -0.000000, 0.000000, 1.000000, 0.000000, 0.000000, 0.000000, 1.000000),

              ["RightFoot"] = CFrame.new(-0.000000, -0.000529, -0.000103, 0.998604, 0.040409, 0.034025, -0.040432, 0.999182, -0.000001, -0.033996, -0.001364, 0.999421),

              ["RightHand"] = CFrame.new(-0.000500, 0.000000, -0.000000, 1.000000, -0.000000, 0.000937, -0.000000, 1.000000, 0.000003, -0.000937, -0.000003, 1.000000),

              ["RightLowerArm"] = CFrame.new(0.000000, 0.000001, -0.000000, 1.000000, 0.000000, 0.000000, -0.000000, 1.000000, -0.000007, -0.000000, 0.000006, 1.000000),

              ["RightLowerLeg"] = CFrame.new(0.000000, -0.000527, -0.000003, 1.000000, 0.000000, -0.000000, -0.000000, 1.000000, -0.000008, -0.000000, -0.000011, 1.000000),

              ["RightUpperArm"] = CFrame.new(0.000000, -0.000000, -0.000469, 1.000000, -0.000000, -0.000938, 0.000000, 1.000000, 0.000004, 0.000938, -0.000003, 1.000000),

              ["RightUpperLeg"] = CFrame.new(0.000000, -0.000000, -0.000000, 0.998604, -0.040432, -0.033996, 0.040409, 0.999182, -0.001367, 0.034024, -0.000001, 0.999421),

              ["UpperTorso"] = CFrame.new(0.000000, 0.000000, 0.000000, 1.000000, 0.000000, 0.000000, 0.000000, 1.000000, 0.000000, -0.000000, 0.000000, 1.000000)

          }},

          {Time = 0.017, Data = {

              ["Head"] = CFrame.new(0.000000, 0.000000, 0.000000, 1.000000, 0.000707, -0.000000, -0.000707, 1.000000, -0.000000, 0.000000, 0.000000, 1.000000),

              ["LeftFoot"] = CFrame.new(0.000000, -0.000456, -0.000003, 0.999214, -0.030325, -0.025534, 0.030335, 0.999540, 0.000001, 0.025521, -0.000765, 0.999674),

              ["LeftHand"] = CFrame.new(0.000499, 0.001020, -0.000000, 0.999999, -0.001347, -0.000145, 0.001350, 0.999852, 0.017147, 0.000122, -0.017147, 0.999853),

              ["LeftLowerArm"] = CFrame.new(-0.000500, 0.004273, 0.000052, 1.000000, -0.000000, -0.000000, 0.000000, 0.999400, -0.034653, 0.000000, 0.034652, 0.999399),

              ["LeftLowerLeg"] = CFrame.new(-0.000000, -0.000055, 0.000100, 1.000000, -0.000000, 0.000000, 0.000000, 1.000000, -0.000008, -0.000000, -0.000011, 1.000000),

              ["LeftUpperArm"] = CFrame.new(0.001374, -0.001836, -0.000115, 0.999994, 0.003324, 0.000268, -0.003327, 0.999930, 0.011329, -0.000230, -0.011329, 0.999936),

              ["LeftUpperLeg"] = CFrame.new(0.000000, -0.000000, -0.000100, 0.999214, 0.030335, 0.025522, -0.030325, 0.999540, -0.000768, -0.025534, 0.000001, 0.999674),

              ["LowerTorso"] = CFrame.new(0.000000, 0.000000, 0.000000, 1.000000, 0.000000, -0.000000, 0.000000, 1.000000, 0.000000, 0.000000, 0.000000, 1.000000),

              ["RightFoot"] = CFrame.new(-0.000000, -0.000529, -0.000103, 0.998604, 0.040409, 0.034025, -0.040432, 0.999182, -0.000001, -0.033996, -0.001364, 0.999421),

              ["RightHand"] = CFrame.new(-0.000499, 0.001114, -0.000000, 0.999999, 0.001560, 0.000019, -0.001560, 0.999765, 0.021613, 0.000014, -0.021613, 0.999766),

              ["RightLowerArm"] = CFrame.new(-0.000000, 0.005338, 0.000081, 1.000000, 0.000000, 0.000000, -0.000000, 0.999101, -0.042406, -0.000000, 0.042405, 0.999100),

              ["RightLowerLeg"] = CFrame.new(0.000000, -0.000527, -0.000003, 1.000000, 0.000000, -0.000000, -0.000000, 1.000000, -0.000008, -0.000000, -0.000011, 1.000000),

              ["RightUpperArm"] = CFrame.new(-0.001145, -0.001931, -0.000030, 0.999995, -0.003172, -0.000105, 0.003173, 0.999895, 0.014126, 0.000060, -0.014126, 0.999900),

              ["RightUpperLeg"] = CFrame.new(0.000000, -0.000000, -0.000000, 0.998604, -0.040432, -0.033996, 0.040409, 0.999182, -0.001367, 0.034024, -0.000001, 0.999421),

              ["UpperTorso"] = CFrame.new(0.000000, 0.000000, 0.000000, 1.000000, 0.000000, 0.000000, 0.000000, 1.000000, 0.000000, -0.000000, 0.000000, 1.000000)

          }},

          {Time = 0.033, Data = {

              ["Head"] = CFrame.new(0.000000, 0.000000, 0.000000, 0.999996, 0.002752, -0.000000, -0.002752, 0.999996, -0.000000, 0.000000, 0.000000, 1.000000),

              ["LeftFoot"] = CFrame.new(0.000000, -0.000456, -0.000003, 0.999214, -0.030325, -0.025534, 0.030335, 0.999540, 0.000001, 0.025521, -0.000765, 0.999674),

              ["LeftHand"] = CFrame.new(0.000498, 0.003161, -0.000000, 0.999986, -0.004901, 0.001946, 0.004767, 0.997960, 0.063661, -0.002254, -0.063649, 0.997970),

              ["LeftLowerArm"] = CFrame.new(-0.000500, 0.015836, 0.000815, 1.000000, -0.000000, -0.000000, 0.000000, 0.991563, -0.129625, 0.000000, 0.129625, 0.991563),

              ["LeftLowerLeg"] = CFrame.new(-0.000000, -0.000055, 0.000100, 1.000000, -0.000000, 0.000000, 0.000000, 1.000000, -0.000008, -0.000000, -0.000011, 1.000000),

              ["LeftUpperArm"] = CFrame.new(0.005314, -0.007235, 0.000580, 0.999913, 0.013166, -0.000603, -0.013129, 0.999020, 0.042282, 0.001159, -0.042270, 0.999106),

              ["LeftUpperLeg"] = CFrame.new(0.000000, -0.000000, -0.000100, 0.999214, 0.030335, 0.025522, -0.030325, 0.999540, -0.000768, -0.025534, 0.000001, 0.999674),

              ["LowerTorso"] = CFrame.new(0.000000, 0.000000, 0.000000, 1.000000, 0.000000, -0.000000, 0.000000, 1.000000, 0.000000, 0.000000, 0.000000, 1.000000),

              ["RightFoot"] = CFrame.new(-0.000000, -0.000529, -0.000103, 0.998604, 0.040409, 0.034025, -0.040432, 0.999182, -0.000001, -0.033996, -0.001364, 0.999421),

              ["RightHand"] = CFrame.new(-0.000498, 0.003567, -0.000000, 0.999980, 0.005789, -0.002470, -0.005577, 0.996880, 0.078738, 0.002918, -0.078722, 0.996892),

              ["RightLowerArm"] = CFrame.new(-0.000000, 0.018946, 0.001173, 1.000000, 0.000000, 0.000000, -0.000000, 0.987920, -0.154968, -0.000000, 0.154967, 0.987920),

              ["RightLowerLeg"] = CFrame.new(0.000000, -0.000527, -0.000003, 1.000000, 0.000000, -0.000000, -0.000000, 1.000000, -0.000008, -0.000000, -0.000011, 1.000000),

              ["RightUpperArm"] = CFrame.new(-0.004423, -0.007630, 0.001017, 0.999919, -0.012667, 0.001392, 0.012580, 0.998625, 0.050884, -0.002034, -0.050861, 0.998704),

              ["RightUpperLeg"] = CFrame.new(0.000000, -0.000000, -0.000000, 0.998604, -0.040432, -0.033996, 0.040409, 0.999182, -0.001367, 0.034024, -0.000001, 0.999421),

              ["UpperTorso"] = CFrame.new(0.000000, 0.000000, 0.000000, 1.000000, 0.000000, 0.000000, 0.000000, 1.000000, 0.000000, -0.000000, 0.000000, 1.000000)

          }},

          {Time = 0.050, Data = {

              ["Head"] = CFrame.new(0.000000, 0.000000, 0.000000, 0.999982, 0.006018, -0.000000, -0.006018, 0.999982, -0.000000, 0.000000, 0.000000, 1.000000),

              ["LeftFoot"] = CFrame.new(0.000000, -0.000456, -0.000003, 0.999214, -0.030325, -0.025534, 0.030335, 0.999540, 0.000001, 0.025521, -0.000765, 0.999674),

              ["LeftHand"] = CFrame.new(0.000496, 0.005491, -0.000000, 0.999938, -0.010013, 0.004953, 0.009320, 0.992204, 0.124277, -0.006158, -0.124221, 0.992235),

              ["LeftLowerArm"] = CFrame.new(-0.000500, 0.030444, 0.003216, 1.000000, -0.000000, -0.000000, 0.000000, 0.967164, -0.254154, 0.000000, 0.254154, 0.967164),

              ["LeftLowerLeg"] = CFrame.new(-0.000000, -0.000055, 0.000100, 1.000000, -0.000000, 0.000000, 0.000000, 1.000000, -0.000008, -0.000000, -0.000011, 1.000000),

              ["LeftUpperArm"] = CFrame.new(0.011498, -0.016113, 0.000989, 0.999569, 0.029361, 0.000367, -0.029297, 0.996381, 0.079785, 0.001977, -0.079761, 0.996812),

              ["LeftUpperLeg"] = CFrame.new(0.000000, -0.000000, -0.000100, 0.999214, 0.030335, 0.025522, -0.030325, 0.999540, -0.000768, -0.025534, 0.000001, 0.999674),

              ["LowerTorso"] = CFrame.new(0.000000, 0.000000, 0.000000, 1.000000, 0.000000, -0.000000, 0.000000, 1.000000, 0.000000, 0.000000, 0.000000, 1.000000),

              ["RightFoot"] = CFrame.new(-0.000000, -0.000529, -0.000103, 0.998604, 0.040409, 0.034025, -0.040432, 0.999182, -0.000001, -0.033996, -0.001364, 0.999421),

              ["RightHand"] = CFrame.new(-0.000496, 0.006095, -0.000000, 0.999907, 0.012149, -0.006207, -0.011077, 0.988543, 0.150537, 0.007965, -0.150452, 0.988585),

              ["RightLowerArm"] = CFrame.new(-0.000000, 0.035263, 0.004366, 1.000000, 0.000000, 0.000000, -0.000000, 0.955485, -0.295041, -0.000000, 0.295041, 0.955485),

              ["RightLowerLeg"] = CFrame.new(0.000000, -0.000527, -0.000003, 1.000000, 0.000000, -0.000000, -0.000000, 1.000000, -0.000008, -0.000000, -0.000011, 1.000000),

              ["RightUpperArm"] = CFrame.new(-0.009556, -0.017072, 0.002195, 0.999590, -0.028571, 0.001777, 0.028287, 0.995379, 0.091760, -0.004391, -0.091671, 0.995780),

              ["RightUpperLeg"] = CFrame.new(0.000000, -0.000000, -0.000000, 0.998604, -0.040432, -0.033996, 0.040409, 0.999182, -0.001367, 0.034024, -0.000001, 0.999421),

              ["UpperTorso"] = CFrame.new(0.000000, 0.000000, 0.000000, 1.000000, 0.000000, 0.000000, 0.000000, 1.000000, 0.000000, -0.000000, 0.000000, 1.000000)

          }},

          {Time = 0.067, Data = {

              ["Head"] = CFrame.new(0.000000, 0.000000, 0.000000, 0.999946, 0.010390, -0.000000, -0.010390, 0.999946, -0.000000, 0.000000, 0.000000, 1.000000),

              ["LeftFoot"] = CFrame.new(0.000000, -0.000456, -0.000003, 0.999214, -0.030325, -0.025534, 0.030335, 0.999540, 0.000001, 0.025521, -0.000765, 0.999674),

              ["LeftHand"] = CFrame.new(0.000495, 0.007672, -0.000000, 0.999834, -0.016089, 0.008523, 0.014210, 0.982219, 0.187204, -0.011383, -0.187050, 0.982284),

              ["LeftLowerArm"] = CFrame.new(-0.000500, 0.045306, 0.007512, 1.000000, -0.000000, -0.000000, 0.000000, 0.923517, -0.383557, 0.000000, 0.383557, 0.923517),

              ["LeftLowerLeg"] = CFrame.new(-0.000000, -0.000055, 0.000100, 1.000000, -0.000000, 0.000000, 0.000000, 1.000000, -0.000008, -0.000000, -0.000011, 1.000000),

              ["LeftUpperArm"] = CFrame.new(0.019549, -0.028429, 0.000384, 0.998657, 0.051550, 0.005152, -0.051801, 0.992124, 0.114048, 0.000768, -0.114161, 0.993462),

              ["LeftUpperLeg"] = CFrame.new(0.000000, -0.000000, -0.000100, 0.999214, 0.030335, 0.025522, -0.030325, 0.999540, -0.000768, -0.025534, 0.000001, 0.999674),

              ["LowerTorso"] = CFrame.new(0.000000, 0.000000, 0.000000, 1.000000, 0.000000, -0.000000, 0.000000, 1.000000, 0.000000, 0.000000, 0.000000, 1.000000),

              ["RightFoot"] = CFrame.new(-0.000000, -0.000529, -0.000103, 0.998604, 0.040409, 0.034025, -0.040432, 0.999182, -0.000001, -0.033996, -0.001364, 0.999421),

              ["RightHand"] = CFrame.new(-0.000494, 0.008430, -0.000000, 0.999736, 0.020206, -0.010937, -0.017242, 0.974398, 0.224171, 0.015187, -0.223921, 0.974488),

              ["RightLowerArm"] = CFrame.new(0.000000, 0.051310, 0.009796, 1.000000, 0.000000, 0.000000, -0.000000, 0.900279, -0.435313, -0.000000, 0.435313, 0.900279),

              ["RightLowerLeg"] = CFrame.new(0.000000, -0.000527, -0.000003, 1.000000, 0.000000, -0.000000, -0.000000, 1.000000, -0.000008, -0.000000, -0.000011, 1.000000),

              ["RightUpperArm"] = CFrame.new(-0.016203, -0.030320, 0.002929, 0.998705, -0.050864, -0.000569, 0.050529, 0.990711, 0.126247, -0.005858, -0.126111, 0.991999),

              ["RightUpperLeg"] = CFrame.new(0.000000, -0.000000, -0.000000, 0.998604, -0.040432, -0.033996, 0.040409, 0.999182, -0.001367, 0.034024, -0.000001, 0.999421),

              ["UpperTorso"] = CFrame.new(0.000000, 0.000000, 0.000000, 1.000000, 0.000000, 0.000000, 0.000000, 1.000000, 0.000000, -0.000000, 0.000000, 1.000000)

          }},

          {Time = 0.083, Data = {

              ["Head"] = CFrame.new(0.000000, 0.000000, 0.000000, 0.999876, 0.015751, -0.000000, -0.015751, 0.999876, -0.000000, 0.000000, 0.000000, 1.000000),

              ["LeftFoot"] = CFrame.new(0.000000, -0.000456, -0.000003, 0.999214, -0.030325, -0.025534, 0.030335, 0.999540, 0.000001, 0.025521, -0.000765, 0.999674),

              ["LeftHand"] = CFrame.new(0.000494, 0.009705, -0.000000, 0.999670, -0.022535, 0.012309, 0.018807, 0.968959, 0.246509, -0.017481, -0.246194, 0.969062),

              ["LeftLowerArm"] = CFrame.new(-0.000500, 0.059189, 0.013460, 1.000000, -0.000000, -0.000000, 0.000000, 0.862930, -0.505323, 0.000000, 0.505324, 0.862930),

              ["LeftLowerLeg"] = CFrame.new(-0.000000, -0.000055, 0.000100, 1.000000, -0.000000, 0.000000, 0.000000, 1.000000, -0.000008, -0.000000, -0.000011, 1.000000),

              ["LeftUpperArm"] = CFrame.new(0.029023, -0.044099, -0.002054, 0.996743, 0.079140, 0.015477, -0.080534, 0.986721, 0.141054, -0.004109, -0.141840, 0.989881),

              ["LeftUpperLeg"] = CFrame.new(0.000000, -0.000000, -0.000100, 0.999214, 0.030335, 0.025522, -0.030325, 0.999540, -0.000768, -0.025534, 0.000001, 0.999674),

              ["LowerTorso"] = CFrame.new(0.000000, 0.000000, 0.000000, 1.000000, 0.000000, -0.000000, 0.000000, 1.000000, 0.000000, 0.000000, 0.000000, 1.000000),

              ["RightFoot"] = CFrame.new(-0.000000, -0.000529, -0.000103, 0.998604, 0.040409, 0.034025, -0.040432, 0.999182, -0.000001, -0.033996, -0.001364, 0.999421),

              ["RightHand"] = CFrame.new(-0.000493, 0.010731, -0.000000, 0.999428, 0.029558, -0.016422, -0.023469, 0.956004, 0.292417, 0.024342, -0.291861, 0.956150),

              ["RightLowerArm"] = CFrame.new(0.000000, 0.065786, 0.016895, 1.000000, 0.000000, 0.000000, -0.000000, 0.827825, -0.560986, -0.000000, 0.560986, 0.827825),

              ["RightLowerLeg"] = CFrame.new(0.000000, -0.000527, -0.000003, 1.000000, 0.000000, -0.000000, -0.000000, 1.000000, -0.000008, -0.000000, -0.000011, 1.000000),

              ["RightUpperArm"] = CFrame.new(-0.023952, -0.047433, 0.002536, 0.996819, -0.079403, -0.006890, 0.079540, 0.985572, 0.149403, -0.005072, -0.149475, 0.988752),

              ["RightUpperLeg"] = CFrame.new(0.000000, -0.000000, -0.000000, 0.998604, -0.040432, -0.033996, 0.040409, 0.999182, -0.001367, 0.034024, -0.000001, 0.999421),

              ["UpperTorso"] = CFrame.new(0.000000, 0.000000, 0.000000, 1.000000, 0.000000, 0.000000, 0.000000, 1.000000, 0.000000, -0.000000, 0.000000, 1.000000)

          }},

          {Time = 0.100, Data = {

              ["Head"] = CFrame.new(0.000000, 0.000000, 0.000000, 0.999758, 0.021984, -0.000000, -0.021984, 0.999758, -0.000000, 0.000000, 0.000000, 1.000000),

              ["LeftFoot"] = CFrame.new(0.000000, -0.000456, -0.000003, 0.999214, -0.030325, -0.025534, 0.030335, 0.999540, 0.000001, 0.025521, -0.000765, 0.999674),

              ["LeftHand"] = CFrame.new(0.000492, 0.012263, 0.000000, 0.999460, -0.028743, 0.015955, 0.022694, 0.954379, 0.297738, -0.023784, -0.297212, 0.954514),

              ["LeftLowerArm"] = CFrame.new(-0.000500, 0.071903, 0.020438, 1.000000, -0.000000, -0.000000, 0.000000, 0.791446, -0.611239, 0.000000, 0.611239, 0.791446),

              ["LeftLowerLeg"] = CFrame.new(-0.000000, -0.000055, 0.000100, 1.000000, -0.000000, 0.000000, 0.000000, 1.000000, -0.000008, -0.000000, -0.000011, 1.000000),

              ["LeftUpperArm"] = CFrame.new(0.039399, -0.062946, -0.007217, 0.993238, 0.111407, 0.032661, -0.115196, 0.980705, 0.157947, -0.014435, -0.160641, 0.986907),

              ["LeftUpperLeg"] = CFrame.new(0.000000, -0.000000, -0.000100, 0.999214, 0.030335, 0.025522, -0.030325, 0.999540, -0.000768, -0.025534, 0.000001, 0.999674),

              ["LowerTorso"] = CFrame.new(0.000000, 0.000000, 0.000000, 1.000000, 0.000000, -0.000000, 0.000000, 1.000000, 0.000000, 0.000000, 0.000000, 1.000000),

              ["RightFoot"] = CFrame.new(-0.000000, -0.000529, -0.000103, 0.998604, 0.040409, 0.034025, -0.040432, 0.999182, -0.000001, -0.033996, -0.001364, 0.999421),

              ["RightHand"] = CFrame.new(-0.000490, 0.014558, 0.000000, 0.998957, 0.039782, -0.022413, -0.029453, 0.936488, 0.349463, 0.034891, -0.348435, 0.936682),

              ["RightLowerArm"] = CFrame.new(0.000000, 0.079169, 0.024550, 1.000000, 0.000000, 0.000000, -0.000000, 0.748795, -0.662801, -0.000000, 0.662801, 0.748796),

              ["RightLowerLeg"] = CFrame.new(0.000000, -0.000527, -0.000003, 1.000000, 0.000000, -0.000000, -0.000000, 1.000000, -0.000008, -0.000000, -0.000011, 1.000000),

              ["RightUpperArm"] = CFrame.new(-0.032309, -0.068401, 0.000234, 0.993318, -0.114028, -0.017825, 0.115412, 0.980765, 0.157419, -0.000467, -0.158423, 0.987371),

              ["RightUpperLeg"] = CFrame.new(0.000000, -0.000000, -0.000000, 0.998604, -0.040432, -0.033996, 0.040409, 0.999182, -0.001367, 0.034024, -0.000001, 0.999421),

              ["UpperTorso"] = CFrame.new(0.000000, 0.000000, 0.000000, 1.000000, 0.000000, 0.000000, 0.000000, 1.000000, 0.000000, -0.000000, 0.000000, 1.000000)

          }},

          {Time = 0.117, Data = {

              ["Head"] = CFrame.new(0.000000, 0.000000, 0.000000, 0.999580, 0.028975, -0.000000, -0.028975, 0.999580, -0.000000, 0.000000, 0.000000, 1.000000),

              ["LeftFoot"] = CFrame.new(0.000000, -0.000456, -0.000003, 0.999214, -0.030325, -0.025534, 0.030335, 0.999540, 0.000001, 0.025521, -0.000765, 0.999674),

              ["LeftHand"] = CFrame.new(0.000489, 0.016022, 0.000000, 0.999234, -0.034132, 0.019121, 0.025636, 0.940419, 0.339053, -0.029554, -0.338300, 0.940573),

              ["LeftLowerArm"] = CFrame.new(-0.000500, 0.083827, 0.027843, 1.000000, -0.000000, -0.000000, 0.000000, 0.714697, -0.699434, 0.000000, 0.699434, 0.714697),

              ["LeftLowerLeg"] = CFrame.new(-0.000000, -0.000055, 0.000100, 1.000000, -0.000000, 0.000000, 0.000000, 1.000000, -0.000008, -0.000000, -0.000011, 1.000000),

              ["LeftUpperArm"] = CFrame.new(0.050059, -0.084662, -0.016022, 0.987359, 0.147593, 0.057781, -0.155228, 0.974127, 0.164256, -0.032044, -0.171149, 0.984724),

              ["LeftUpperLeg"] = CFrame.new(0.000000, -0.000000, -0.000100, 0.999214, 0.030335, 0.025522, -0.030325, 0.999540, -0.000768, -0.025534, 0.000001, 0.999674),

              ["LowerTorso"] = CFrame.new(0.000000, 0.000000, 0.000000, 1.000000, 0.000000, -0.000000, 0.000000, 1.000000, 0.000000, 0.000000, 0.000000, 1.000000),

              ["RightFoot"] = CFrame.new(-0.000000, -0.000529, -0.000103, 0.998604, 0.040409, 0.034025, -0.040432, 0.999182, -0.000001, -0.033996, -0.001364, 0.999421),

              ["RightHand"] = CFrame.new(-0.000488, 0.017743, -0.000000, 0.998316, 0.050436, -0.028655, -0.034792, 0.915883, 0.399939, 0.046416, -0.398265, 0.916094),

              ["RightLowerArm"] = CFrame.new(0.000000, 0.090469, 0.033063, 1.000000, 0.000000, 0.000000, -0.000000, 0.660575, -0.750760, -0.000000, 0.750760, 0.660575),

              ["RightLowerLeg"] = CFrame.new(0.000000, -0.000527, -0.000003, 1.000000, 0.000000, -0.000000, -0.000000, 1.000000, -0.000008, -0.000000, -0.000011, 1.000000),

              ["RightUpperArm"] = CFrame.new(-0.040680, -0.093087, -0.004830, 0.987395, -0.154384, -0.034898, 0.157984, 0.974757, 0.157764, 0.009660, -0.161288, 0.986860),

              ["RightUpperLeg"] = CFrame.new(0.000000, -0.000000, -0.000000, 0.998604, -0.040432, -0.033996, 0.040409, 0.999182, -0.001367, 0.034024, -0.000001, 0.999421),

              ["UpperTorso"] = CFrame.new(0.000000, 0.000000, 0.000000, 1.000000, 0.000000, 0.000000, 0.000000, 1.000000, 0.000000, -0.000000, 0.000000, 1.000000)

          }},

          {Time = 0.133, Data = {

              ["Head"] = CFrame.new(0.000000, 0.000000, 0.000000, 0.999330, 0.036604, -0.000000, -0.036604, 0.999330, -0.000000, 0.000000, 0.000000, 1.000000),

              ["LeftFoot"] = CFrame.new(0.000000, -0.000456, -0.000003, 0.999214, -0.030325, -0.025534, 0.030335, 0.999540, 0.000001, 0.025521, -0.000765, 0.999674),

              ["LeftHand"] = CFrame.new(0.000488, 0.018831, -0.000000, 0.999036, -0.038250, 0.021544, 0.027392, 0.926630, 0.374979, -0.034306, -0.374024, 0.926783),

              ["LeftLowerArm"] = CFrame.new(-0.000500, 0.093856, 0.036202, 1.000000, -0.000000, -0.000000, 0.000000, 0.627975, -0.778233, 0.000000, 0.778234, 0.627975),

              ["LeftLowerLeg"] = CFrame.new(-0.000000, -0.000055, 0.000100, 1.000000, -0.000000, 0.000000, 0.000000, 1.000000, -0.000008, -0.000000, -0.000011, 1.000000),

              ["LeftUpperArm"] = CFrame.new(0.060259, -0.108824, -0.029348, 0.978069, 0.186432, 0.092871, -0.199842, 0.965631, 0.166193, -0.058696, -0.181107, 0.981710),

              ["LeftUpperLeg"] = CFrame.new(0.000000, -0.000000, -0.000100, 0.999214, 0.030335, 0.025522, -0.030325, 0.999540, -0.000768, -0.025534, 0.000001, 0.999674),

              ["LowerTorso"] = CFrame.new(0.000000, 0.000000, 0.000000, 1.000000, 0.000000, -0.000000, 0.000000, 1.000000, 0.000000, 0.000000, 0.000000, 1.000000),

              ["RightFoot"] = CFrame.new(-0.000000, -0.000529, -0.000103, 0.998604, 0.040409, 0.034025, -0.040432, 0.999182, -0.000001, -0.033996, -0.001364, 0.999421),

              ["RightHand"] = CFrame.new(-0.000487, 0.020005, 0.000000, 0.997520, 0.061120, -0.034915, -0.039386, 0.895752, 0.442809, 0.058339, -0.440332, 0.895936),

              ["RightLowerArm"] = CFrame.new(-0.000000, 0.099497, 0.042229, 1.000000, 0.000000, 0.000000, -0.000000, 0.565514, -0.824738, -0.000000, 0.824739, 0.565515),

              ["RightLowerLeg"] = CFrame.new(0.000000, -0.000527, -0.000003, 1.000000, 0.000000, -0.000000, -0.000000, 1.000000, -0.000008, -0.000000, -0.000011, 1.000000),

              ["RightUpperArm"] = CFrame.new(-0.048358, -0.121209, -0.013525, 0.978008, -0.199918, -0.059434, 0.206804, 0.966500, 0.152019, 0.027051, -0.160966, 0.986589),

              ["RightUpperLeg"] = CFrame.new(0.000000, -0.000000, -0.000000, 0.998604, -0.040432, -0.033996, 0.040409, 0.999182, -0.001367, 0.034024, -0.000001, 0.999421),

              ["UpperTorso"] = CFrame.new(0.000000, 0.000000, 0.000000, 1.000000, 0.000000, 0.000000, 0.000000, 1.000000, 0.000000, -0.000000, 0.000000, 1.000000)

          }},

          {Time = 0.150, Data = {

              ["Head"] = CFrame.new(0.000000, 0.000000, 0.000000, 0.998998, 0.044756, -0.000000, -0.044756, 0.998998, -0.000000, 0.000000, 0.000000, 1.000000),

              ["LeftFoot"] = CFrame.new(0.000000, -0.000456, -0.000003, 0.999214, -0.030325, -0.025534, 0.030335, 0.999540, 0.000001, 0.025521, -0.000765, 0.999674),

              ["LeftHand"] = CFrame.new(0.000486, 0.020774, -0.000000, 0.998893, -0.040959, 0.023147, 0.028116, 0.914185, 0.404324, -0.037721, -0.403221, 0.914323),

              ["LeftLowerArm"] = CFrame.new(-0.000500, 0.101971, 0.045327, 1.000000, -0.000000, -0.000000, 0.000000, 0.533334, -0.845904, 0.000000, 0.845905, 0.533335),

              ["LeftLowerLeg"] = CFrame.new(-0.000000, -0.000055, 0.000100, 1.000000, -0.000000, 0.000000, 0.000000, 1.000000, -0.000008, -0.000000, -0.000011, 1.000000),

              ["LeftUpperArm"] = CFrame.new(0.069069, -0.134952, -0.047980, 0.963962, 0.226634, 0.139335, -0.248130, 0.954812, 0.163604, -0.095960, -0.192281, 0.976637),

              ["LeftUpperLeg"] = CFrame.new(0.000000, -0.000000, -0.000100, 0.999214, 0.030335, 0.025522, -0.030325, 0.999540, -0.000768, -0.025534, 0.000001, 0.999674),

              ["LowerTorso"] = CFrame.new(0.000000, 0.000000, 0.000000, 1.000000, 0.000000, -0.000000, 0.000000, 1.000000, 0.000000, 0.000000, 0.000000, 1.000000),

              ["RightFoot"] = CFrame.new(-0.000000, -0.000529, -0.000103, 0.998604, 0.040409, 0.034025, -0.040432, 0.999182, -0.000001, -0.033996, -0.001364, 0.999421),

              ["RightHand"] = CFrame.new(-0.000486, 0.021719, 0.000000, 0.996585, 0.071632, -0.041074, -0.043467, 0.878035, 0.476622, 0.070205, -0.473205, 0.878148),

              ["RightLowerArm"] = CFrame.new(-0.000000, 0.106591, 0.051766, 1.000000, 0.000000, 0.000000, -0.000000, 0.466523, -0.884509, -0.000000, 0.884509, 0.466524),

              ["RightLowerLeg"] = CFrame.new(0.000000, -0.000527, -0.000003, 1.000000, 0.000000, -0.000000, -0.000000, 1.000000, -0.000008, -0.000000, -0.000011, 1.000000),

              ["RightUpperArm"] = CFrame.new(-0.054475, -0.152382, -0.026674, 0.963804, -0.249922, -0.092848, 0.261219, 0.954884, 0.141285, 0.053349, -0.160424, 0.985605),

              ["RightUpperLeg"] = CFrame.new(0.000000, -0.000000, -0.000000, 0.998604, -0.040432, -0.033996, 0.040409, 0.999182, -0.001367, 0.034024, -0.000001, 0.999421),

              ["UpperTorso"] = CFrame.new(0.000000, 0.000000, 0.000000, 1.000000, 0.000000, 0.000000, 0.000000, 1.000000, 0.000000, -0.000000, 0.000000, 1.000000)

          }},

          {Time = 0.167, Data = {

              ["Head"] = CFrame.new(0.000000, 0.000000, 0.000000, 0.998578, 0.053314, -0.000000, -0.053314, 0.998578, -0.000000, 0.000000, 0.000000, 1.000000),

              ["LeftFoot"] = CFrame.new(0.000000, -0.000456, -0.000003, 0.999214, -0.030325, -0.025534, 0.030335, 0.999540, 0.000001, 0.025521, -0.000765, 0.999674),

              ["LeftHand"] = CFrame.new(0.000485, 0.022277, -0.000000, 0.998794, -0.042714, 0.024195, 0.028349, 0.904237, 0.426093, -0.040078, -0.424890, 0.904356),

              ["LeftLowerArm"] = CFrame.new(-0.000500, 0.108455, 0.054982, 1.000000, -0.000000, -0.000000, 0.000000, 0.433129, -0.901332, 0.000000, 0.901332, 0.433129),

              ["LeftLowerLeg"] = CFrame.new(-0.000000, -0.000055, 0.000100, 1.000000, -0.000000, 0.000000, 0.000000, 1.000000, -0.000008, -0.000000, -0.000011, 1.000000),

              ["LeftUpperArm"] = CFrame.new(0.075273, -0.162616, -0.072565, 0.943058, 0.266939, 0.198456, -0.299296, 0.941301, 0.156124, -0.145131, -0.206630, 0.967595),

              ["LeftUpperLeg"] = CFrame.new(0.000000, -0.000000, -0.000100, 0.999214, 0.030335, 0.025522, -0.030325, 0.999540, -0.000768, -0.025534, 0.000001, 0.999674),

              ["LowerTorso"] = CFrame.new(0.000000, 0.000000, 0.000000, 1.000000, 0.000000, -0.000000, 0.000000, 1.000000, 0.000000, 0.000000, 0.000000, 1.000000),

              ["RightFoot"] = CFrame.new(-0.000000, -0.000529, -0.000103, 0.998604, 0.040409, 0.034025, -0.040432, 0.999182, -0.000001, -0.033996, -0.001364, 0.999421),

              ["RightHand"] = CFrame.new(-0.000485, 0.022861, 0.000000, 0.995489, 0.082253, -0.047299, -0.047587, 0.864089, 0.501087, 0.082085, -0.496572, 0.864103),

              ["RightLowerArm"] = CFrame.new(-0.000001, 0.111951, 0.061671, 1.000000, 0.000000, 0.000000, -0.000000, 0.363762, -0.931492, -0.000000, 0.931492, 0.363763),

              ["RightLowerLeg"] = CFrame.new(0.000000, -0.000527, -0.000003, 1.000000, 0.000000, -0.000000, -0.000000, 1.000000, -0.000008, -0.000000, -0.000011, 1.000000),

              ["RightUpperArm"] = CFrame.new(-0.057917, -0.186235, -0.045010, 0.942928, -0.303381, -0.137282, 0.320597, 0.938531, 0.127971, 0.090020, -0.164679, 0.982231),

              ["RightUpperLeg"] = CFrame.new(0.000000, -0.000000, -0.000000, 0.998604, -0.040432, -0.033996, 0.040409, 0.999182, -0.001367, 0.034024, -0.000001, 0.999421),

              ["UpperTorso"] = CFrame.new(0.000000, 0.000000, 0.000000, 1.000000, 0.000000, 0.000000, 0.000000, 1.000000, 0.000000, -0.000000, 0.000000, 1.000000)

          }},

          {Time = 0.183, Data = {

              ["Head"] = CFrame.new(0.000000, 0.000000, 0.000000, 0.998066, 0.062158, -0.000000, -0.062158, 0.998066, -0.000000, 0.000000, 0.000000, 1.000000),

              ["LeftFoot"] = CFrame.new(0.000000, -0.000456, -0.000003, 0.999214, -0.030325, -0.025534, 0.030335, 0.999540, 0.000001, 0.025521, -0.000765, 0.999674),

              ["LeftHand"] = CFrame.new(0.000485, 0.023358, 0.000000, 0.998664, -0.044936, 0.025521, 0.029127, 0.897378, 0.440304, -0.042687, -0.438969, 0.897486),

              ["LeftLowerArm"] = CFrame.new(-0.000499, 0.113381, 0.065105, 1.000000, -0.000000, -0.000000, 0.000000, 0.328094, -0.944645, 0.000000, 0.944645, 0.328094),

              ["LeftLowerLeg"] = CFrame.new(-0.000000, -0.000055, 0.000100, 1.000000, -0.000000, 0.000000, 0.000000, 1.000000, -0.000008, -0.000000, -0.000011, 1.000000),

              ["LeftUpperArm"] = CFrame.new(0.077176, -0.191571, -0.103615, 0.912423, 0.305964, 0.271789, -0.352901, 0.924521, 0.143950, -0.207231, -0.227258, 0.951530),

              ["LeftUpperLeg"] = CFrame.new(0.000000, -0.000000, -0.000100, 0.999214, 0.030335, 0.025522, -0.030325, 0.999540, -0.000768, -0.025534, 0.000001, 0.999674),

              ["LowerTorso"] = CFrame.new(0.000000, 0.000000, 0.000000, 1.000000, 0.000000, -0.000000, 0.000000, 1.000000, 0.000000, 0.000000, 0.000000, 1.000000),

              ["RightFoot"] = CFrame.new(-0.000000, -0.000529, -0.000103, 0.998604, 0.040409, 0.034025, -0.040432, 0.999182, -0.000001, -0.033996, -0.001364, 0.999421),

              ["RightHand"] = CFrame.new(-0.000484, 0.023967, -0.000000, 0.994077, 0.094154, -0.054277, -0.052875, 0.855343, 0.515361, 0.094948, -0.509435, 0.855252),

              ["RightLowerArm"] = CFrame.new(-0.000000, 0.116015, 0.071859, 1.000000, 0.000000, 0.000000, 0.000000, 0.257904, -0.966170, -0.000000, 0.966170, 0.257904),

              ["RightLowerLeg"] = CFrame.new(0.000000, -0.000527, -0.000003, 1.000000, 0.000000, -0.000000, -0.000000, 1.000000, -0.000008, -0.000000, -0.000011, 1.000000),

              ["RightUpperArm"] = CFrame.new(-0.057125, -0.222551, -0.069195, 0.912643, -0.358966, -0.195517, 0.384619, 0.916079, 0.113435, 0.138390, -0.178725, 0.974118),

              ["RightUpperLeg"] = CFrame.new(0.000000, -0.000000, -0.000000, 0.998604, -0.040432, -0.033996, 0.040409, 0.999182, -0.001367, 0.034024, -0.000001, 0.999421),

              ["UpperTorso"] = CFrame.new(0.000000, 0.000000, 0.000000, 1.000000, 0.000000, 0.000000, 0.000000, 1.000000, 0.000000, -0.000000, 0.000000, 1.000000)

          }},

          {Time = 0.200, Data = {

              ["Head"] = CFrame.new(0.000000, 0.000000, 0.000000, 0.997464, 0.071173, -0.000000, -0.071173, 0.997464, -0.000000, 0.000000, 0.000000, 1.000000),

              ["LeftFoot"] = CFrame.new(0.000000, -0.000456, -0.000003, 0.999214, -0.030325, -0.025534, 0.030335, 0.999540, 0.000001, 0.025521, -0.000765, 0.999674),

              ["LeftHand"] = CFrame.new(0.000484, 0.024246, 0.000000, 0.998433, -0.048626, 0.027708, 0.030965, 0.892359, 0.450266, -0.046619, -0.448698, 0.892465),

              ["LeftLowerArm"] = CFrame.new(-0.000499, 0.116837, 0.075148, 1.000000, -0.000000, 0.000000, -0.000000, 0.223815, -0.974632, 0.000000, 0.974632, 0.223815),

              ["LeftLowerLeg"] = CFrame.new(-0.000000, -0.000055, 0.000100, 1.000000, -0.000000, 0.000000, 0.000000, 1.000000, -0.000008, -0.000000, -0.000011, 1.000000),

              ["LeftUpperArm"] = CFrame.new(0.072407, -0.219448, -0.144531, 0.867764, 0.339381, 0.363052, -0.404264, 0.906938, 0.118463, -0.289062, -0.249567, 0.924208),

              ["LeftUpperLeg"] = CFrame.new(0.000000, -0.000000, -0.000100, 0.999214, 0.030335, 0.025522, -0.030325, 0.999540, -0.000768, -0.025534, 0.000001, 0.999674),

              ["LowerTorso"] = CFrame.new(0.000000, 0.000000, 0.000000, 1.000000, 0.000000, -0.000000, 0.000000, 1.000000, 0.000000, 0.000000, 0.000000, 1.000000),

              ["RightFoot"] = CFrame.new(-0.000000, -0.000529, -0.000103, 0.998604, 0.040409, 0.034025, -0.040432, 0.999182, -0.000001, -0.033996, -0.001364, 0.999421),

              ["RightHand"] = CFrame.new(-0.000484, 0.024525, 0.000000, 0.992415, 0.106446, -0.061488, -0.058572, 0.849217, 0.524790, 0.108078, -0.517204, 0.849008),

              ["RightLowerArm"] = CFrame.new(-0.000000, 0.118474, 0.082034, 1.000000, 0.000000, -0.000000, 0.000000, 0.152396, -0.988320, -0.000000, 0.988320, 0.152395),

              ["RightLowerLeg"] = CFrame.new(0.000000, -0.000527, -0.000003, 1.000000, 0.000000, -0.000000, -0.000000, 1.000000, -0.000008, -0.000000, -0.000011, 1.000000),

              ["RightUpperArm"] = CFrame.new(-0.050563, -0.256909, -0.106108, 0.870250, -0.406587, -0.278122, 0.444554, 0.891436, 0.087831, 0.212217, -0.200075, 0.956522),

              ["RightUpperLeg"] = CFrame.new(0.000000, -0.000000, -0.000000, 0.998604, -0.040432, -0.033996, 0.040409, 0.999182, -0.001367, 0.034024, -0.000001, 0.999421),

              ["UpperTorso"] = CFrame.new(0.000000, 0.000000, 0.000000, 1.000000, 0.000000, 0.000000, 0.000000, 1.000000, 0.000000, -0.000000, 0.000000, 1.000000)

          }},

          {Time = 0.217, Data = {

              ["Head"] = CFrame.new(0.000000, 0.000000, 0.000000, 0.996776, 0.080239, -0.000000, -0.080239, 0.996776, -0.000000, 0.000000, 0.000000, 1.000000),

              ["LeftFoot"] = CFrame.new(0.000000, -0.000456, -0.000003, 0.999214, -0.030325, -0.025534, 0.030335, 0.999540, 0.000001, 0.025521, -0.000765, 0.999674),

              ["LeftHand"] = CFrame.new(0.000484, 0.024830, -0.000000, 0.997996, -0.054928, 0.031419, 0.034273, 0.886586, 0.461296, -0.053194, -0.459291, 0.886690),

              ["LeftLowerArm"] = CFrame.new(-0.000499, 0.118792, 0.084200, 1.000000, -0.000000, 0.000000, 0.000000, 0.129864, -0.991532, 0.000000, 0.991532, 0.129864),

              ["LeftLowerLeg"] = CFrame.new(-0.000000, -0.000055, 0.000100, 1.000000, -0.000000, 0.000000, 0.000000, 1.000000, -0.000008, -0.000000, -0.000011, 1.000000),

              ["LeftUpperArm"] = CFrame.new(0.058408, -0.242450, -0.196300, 0.804416, 0.366456, 0.467574, -0.445849, 0.892559, 0.067507, -0.392600, -0.262771, 0.881372),

              ["LeftUpperLeg"] = CFrame.new(0.000000, -0.000000, -0.000100, 0.999214, 0.030335, 0.025522, -0.030325, 0.999540, -0.000768, -0.025534, 0.000001, 0.999674),

              ["LowerTorso"] = CFrame.new(0.000000, 0.000000, 0.000000, 1.000000, 0.000000, -0.000000, 0.000000, 1.000000, 0.000000, 0.000000, 0.000000, 1.000000),

              ["RightFoot"] = CFrame.new(-0.000000, -0.000529, -0.000103, 0.998604, 0.040409, 0.034025, -0.040432, 0.999182, -0.000001, -0.033996, -0.001364, 0.999421),

              ["RightHand"] = CFrame.new(-0.000483, 0.025191, -0.000000, 0.990515, 0.118933, -0.068811, -0.063793, 0.841594, 0.536334, 0.121697, -0.526854, 0.841196),

              ["RightLowerArm"] = CFrame.new(-0.000001, 0.119766, 0.091018, 1.000000, 0.000000, -0.000000, -0.000000, 0.059021, -0.998257, -0.000000, 0.998257, 0.059020),

              ["RightLowerLeg"] = CFrame.new(0.000000, -0.000527, -0.000003, 1.000000, 0.000000, -0.000000, -0.000000, 1.000000, -0.000008, -0.000000, -0.000011, 1.000000),

              ["RightUpperArm"] = CFrame.new(-0.036162, -0.283426, -0.159526, 0.811990, -0.440204, -0.383265, 0.488751, 0.871752, 0.034213, 0.319052, -0.215101, 0.923005),

              ["RightUpperLeg"] = CFrame.new(0.000000, -0.000000, -0.000000, 0.998604, -0.040432, -0.033996, 0.040409, 0.999182, -0.001367, 0.034024, -0.000001, 0.999421),

              ["UpperTorso"] = CFrame.new(0.000000, 0.000000, 0.000000, 1.000000, 0.000000, 0.000000, 0.000000, 1.000000, 0.000000, -0.000000, 0.000000, 1.000000)

          }},

          {Time = 0.233, Data = {

              ["Head"] = CFrame.new(0.000000, 0.000000, 0.000000, 0.996010, 0.089242, -0.000000, -0.089242, 0.996010, -0.000000, 0.000000, 0.000000, 1.000000),

              ["LeftFoot"] = CFrame.new(0.000000, -0.000456, -0.000003, 0.999214, -0.030325, -0.025534, 0.030335, 0.999540, 0.000001, 0.025521, -0.000765, 0.999674),

              ["LeftHand"] = CFrame.new(0.000483, 0.025312, -0.000000, 0.997190, -0.064961, 0.037305, 0.039426, 0.878565, 0.475996, -0.063696, -0.473184, 0.878656),

              ["LeftLowerArm"] = CFrame.new(-0.000499, 0.119702, 0.091484, 1.000000, -0.000000, -0.000000, -0.000000, 0.054185, -0.998531, 0.000000, 0.998531, 0.054184),

              ["LeftLowerLeg"] = CFrame.new(-0.000000, -0.000055, 0.000100, 1.000000, -0.000000, 0.000000, 0.000000, 1.000000, -0.000008, -0.000000, -0.000011, 1.000000),

              ["LeftUpperArm"] = CFrame.new(0.033473, -0.257821, -0.254682, 0.719425, 0.393921, 0.572060, -0.472201, 0.881394, -0.013085, -0.509365, -0.260714, 0.820107),

              ["LeftUpperLeg"] = CFrame.new(0.000000, -0.000000, -0.000100, 0.999214, 0.030335, 0.025522, -0.030325, 0.999540, -0.000768, -0.025534, 0.000001, 0.999674),

              ["LowerTorso"] = CFrame.new(0.000000, 0.000000, 0.000000, 1.000000, 0.000000, -0.000000, 0.000000, 1.000000, 0.000000, 0.000000, 0.000000, 1.000000),

              ["RightFoot"] = CFrame.new(-0.000000, -0.000529, -0.000103, 0.998604, 0.040409, 0.034025, -0.040432, 0.999182, -0.000001, -0.033996, -0.001364, 0.999421),

              ["RightHand"] = CFrame.new(-0.000483, 0.025524, 0.000000, 0.988091, 0.133140, -0.077132, -0.068606, 0.829910, 0.553667, 0.137727, -0.541778, 0.829159),

              ["RightLowerArm"] = CFrame.new(-0.000001, 0.120063, 0.098260, 1.000000, 0.000000, -0.000000, -0.000000, -0.016143, -0.999870, -0.000000, 0.999870, -0.016144),

              ["RightLowerLeg"] = CFrame.new(0.000000, -0.000527, -0.000003, 1.000000, 0.000000, -0.000000, -0.000000, 1.000000, -0.000008, -0.000000, -0.000011, 1.000000),

              ["RightUpperArm"] = CFrame.new(-0.011272, -0.299288, -0.224144, 0.732944, -0.466487, -0.495160, 0.511695, 0.857677, -0.050592, 0.448288, -0.216289, 0.867327),

              ["RightUpperLeg"] = CFrame.new(0.000000, -0.000000, -0.000000, 0.998604, -0.040432, -0.033996, 0.040409, 0.999182, -0.001367, 0.034024, -0.000001, 0.999421),

              ["UpperTorso"] = CFrame.new(0.000000, 0.000000, 0.000000, 1.000000, 0.000000, 0.000000, 0.000000, 1.000000, 0.000000, -0.000000, 0.000000, 1.000000)

          }},

          {Time = 0.250, Data = {

              ["Head"] = CFrame.new(0.000000, 0.000000, 0.000000, 0.995180, 0.098062, -0.000000, -0.098062, 0.995180, -0.000000, 0.000000, 0.000000, 1.000000),

              ["LeftFoot"] = CFrame.new(0.000000, -0.000456, -0.000003, 0.999214, -0.030325, -0.025534, 0.030335, 0.999540, 0.000001, 0.025521, -0.000765, 0.999674),

              ["LeftHand"] = CFrame.new(0.000483, 0.025542, -0.000000, 0.996022, -0.077214, 0.044476, 0.045036, 0.866900, 0.496447, -0.076889, -0.492465, 0.866927),

              ["LeftLowerArm"] = CFrame.new(-0.000499, 0.119942, 0.096479, 1.000000, -0.000000, -0.000000, -0.000000, 0.002342, -0.999997, 0.000000, 0.999997, 0.002341),

              ["LeftLowerLeg"] = CFrame.new(-0.000000, -0.000055, 0.000100, 1.000000, -0.000000, 0.000000, 0.000000, 1.000000, -0.000008, -0.000000, -0.000011, 1.000000),

              ["LeftUpperArm"] = CFrame.new(-0.001890, -0.262652, -0.314097, 0.614257, 0.430038, 0.661631, -0.477558, 0.870068, -0.122152, -0.628194, -0.240934, 0.739813),

