return {
    ["Shuba Duck"] = {
        {Time = 0.000, Data = {
            ["RightHand"] = CFrame.new(-6.891787052154541e-08, -2.980232238769531e-07, 1.3783574104309082e-07, 0.9780315160751343, -0.17414598166942596, -0.11457618325948715, 0.20545443892478943, 0.8982390761375427, 0.3885292410850525, 0.035255976021289825, -0.40353402495384216, 0.9142851233482361),
            ["LeftLowerArm"] = CFrame.new(7.139169611036777e-08, 1.1175870895385742e-07, 1.4901161193847656e-07, 1, -9.033830394855613e-08, 5.21540641784668e-08, 7.450581307466564e-08, 0.3951736092567444, -0.9186064600944519, 1.4901162970204496e-08, 0.9186065196990967, 0.395173579454422),
            ["LeftFoot"] = CFrame.new(-2.3283064365386963e-08, 1.1548399925231934e-07, -1.862645149230957e-09, 0.9509192705154419, -0.3093377351760864, 0.007918884977698326, 0.3074178397655487, 0.9414785504341125, -0.13824813067913055, 0.035309985280036926, 0.13389725983142853, 0.9903660416603088),
            ["Head"] = CFrame.new(-7.450580596923828e-09, -2.086162567138672e-07, -2.086162567138672e-07, 0.9221717119216919, 0.07677238434553146, -0.3790849447250366, -0.26380228996276855, 0.8416016697883606, -0.4712907373905182, 0.28285637497901917, 0.5346145629882812, 0.7963540554046631),
            ["RightFoot"] = CFrame.new(-6.82193785905838e-08, 2.4586915969848633e-07, 4.0978193283081055e-08, 0.9936913251876831, -0.06736308336257935, -0.0896652340888977, 0.024688418954610825, 0.9112897515296936, -0.4110247492790222, 0.10939890146255493, 0.40621811151504517, 0.9072039127349854),
            ["UpperTorso"] = CFrame.new(-7.450580596923828e-08, 5.960464477539063e-08, -1.862645149230957e-08, 0.9838287830352783, 0.14842495322227478, -0.1002543643116951, -0.1350610852241516, 0.9824001789093018, 0.12902913987636566, 0.11764105409383774, -0.11340208351612091, 0.9865599870681763),
            ["HumanoidRootPart"] = CFrame.new(0, 0, 0, 1, 0, 0, 0, 1, 0, 0, 0, 1),
            ["RightUpperArm"] = CFrame.new(-0.25462162494659424, -0.1007314920425415, 0.2398538738489151, 0.7793411612510681, -0.43299978971481323, 0.45292237401008606, 0.1263117492198944, 0.8165491223335266, 0.5632876753807068, -0.6137368083000183, -0.38178396224975586, 0.6910631656646729),
            ["LeftUpperArm"] = CFrame.new(0.0972132682800293, 0.029073357582092285, 0.04282001778483391, 0.7123912572860718, 0.4451409876346588, -0.5425387620925903, -0.051533907651901245, 0.8041815161705017, 0.592145562171936, 0.6998878717422485, -0.39388012886047363, 0.5958316922187805),
            ["RightLowerArm"] = CFrame.new(-5.755175891408726e-08, -1.1175870895385742e-07, 4.470348358154297e-08, 1, -1.2665987014770508e-07, 1.1548398504146462e-07, 1.0430811414607888e-07, 0.146325945854187, -0.9892364144325256, 1.0430811414607888e-07, 0.9892364740371704, 0.1463259905576706),
            ["LeftHand"] = CFrame.new(-8.940696716308594e-08, -1.4901161193847656e-07, 6.705522537231445e-08, 0.9416494965553284, 0.30475854873657227, 0.14289402961730957, -0.3364557921886444, 0.8644551634788513, 0.3735170066356659, -0.009692968800663948, -0.3997995853424072, 0.9165513515472412),
            ["LowerTorso"] = CFrame.new(0.6837754249572754, -0.32979917526245117, 0.44815948605537415, 0.9004035592079163, -0.3043517768383026, 0.31087526679039, 0.14286600053310394, 0.8817856907844543, 0.4494922459125519, -0.4109291434288025, -0.36031094193458557, 0.837444543838501),
            ["RightUpperLeg"] = CFrame.new(-0.02000083401799202, -0.005639508366584778, -0.09092262387275696, 0.9219453930854797, -0.07560399919748306, -0.37986963987350464, -0.32952433824539185, 0.36230507493019104, -0.8718652129173279, 0.20354506373405457, 0.9289882183074951, 0.309112012386322),
            ["RightLowerLeg"] = CFrame.new(-2.6086937054969894e-09, -2.2351741790771484e-08, -1.043081283569336e-07, 1, -1.3783569841052667e-07, -8.754430069757291e-08, 1.4528632164001465e-07, 0.385667622089386, 0.9226377606391907, -8.381903171539307e-08, -0.9226378202438354, 0.3856678009033203),
            ["LeftUpperLeg"] = CFrame.new(-0.05751579999923706, 0.12562857568264008, -0.16789394617080688, 0.8087632656097412, -0.04216441884636879, -0.586621105670929, -0.5650368332862854, 0.22107592225074768, -0.794895589351654, 0.16320393979549408, 0.9743446707725525, 0.1549735814332962),
            ["LeftLowerLeg"] = CFrame.new(3.180831242843851e-08, 1.1920928955078125e-07, 1.4901161193847656e-08, 1, 4.330649616690607e-08, 2.8870999813079834e-08, -7.450579886381092e-08, 0.5467653274536133, 0.8372858762741089, 2.9336657547673894e-08, -0.8372858762741089, 0.5467653870582581),
        }},
        {Time = 0.000, Data = {
            ["DuckHandle"] = CFrame.new(-0.08649127930402756, -0.003150874748826027, -0.01878526620566845, 0.9423698782920837, 0.03715640306472778, -0.3325032889842987, -0.04431881755590439, 0.9989196062088013, -0.013979990035295486, 0.3316246271133423, 0.027910469099879265, 0.9429985284805298),
            ["DuckTorso"] = CFrame.new(-0.05908193811774254, -0.14070552587509155, -0.0059291403740644455, 0.8301870226860046, 0.0016289917984977365, 0.5574826598167419, -0.004259399138391018, 0.9999850988388062, 0.00342096877284348, -0.5574687719345093, -0.0052145845256745815, 0.8301815986633301),
            ["DuckLeft Leg"] = CFrame.new(-0.0016761943697929382, 0.14178094267845154, 0.2172660231590271, 0.9273595809936523, -0.004259309731423855, -0.3741472363471985, 0.002670035930350423, 0.9999688863754272, -0.0047661131247878075, 0.374161958694458, 0.0034208474680781364, 0.9273570775985718),
            ["DuckHumanoidRootPart"] = CFrame.new(0, 0, 0, 1, 0, 0, 0, 1, 0, 0, 0, 1),
            ["DuckRight Leg"] = CFrame.new(0.1174442321062088, 0.1406162679195404, -0.18168756365776062, 0.6800548434257507, -0.004259293898940086, -0.733148992061615, 0.0003885126789100468, 0.9999688863754272, -0.005449213553220034, 0.733161211013794, 0.003420876106247306, 0.6800463199615479),
            ["DuckHead"] = CFrame.new(-0.033037349581718445, -0.001749187707901001, -0.004594452679157257, 0.7303197383880615, 0.20519718527793884, -0.6515576243400574, -0.25429433584213257, 0.9669305682182312, 0.019484590739011765, 0.6340091228485107, 0.15145739912986755, 0.7583489418029785),
        }},
        {Time = 0.017, Data = {
            ["DuckHandle"] = CFrame.new(-0.08649127930402756, -0.003150874748826027, -0.01878526620566845, 0.9423698782920837, 0.03715640306472778, -0.3325032889842987, -0.04431881755590439, 0.9989196062088013, -0.013979990035295486, 0.3316246271133423, 0.027910469099879265, 0.9429985284805298),
            ["DuckTorso"] = CFrame.new(-0.05908193811774254, -0.14070552587509155, -0.0059291403740644455, 0.8301870226860046, 0.0016289917984977365, 0.5574826598167419, -0.004259399138391018, 0.9999850988388062, 0.00342096877284348, -0.5574687719345093, -0.0052145845256745815, 0.8301815986633301),
            ["DuckLeft Leg"] = CFrame.new(-0.0016761943697929382, 0.14178094267845154, 0.2172660231590271, 0.9273595809936523, -0.004259309731423855, -0.3741472363471985, 0.002670035930350423, 0.9999688863754272, -0.0047661131247878075, 0.374161958694458, 0.0034208474680781364, 0.9273570775985718),
            ["DuckHumanoidRootPart"] = CFrame.new(0, 0, 0, 1, 0, 0, 0, 1, 0, 0, 0, 1),
            ["DuckRight Leg"] = CFrame.new(0.1174442321062088, 0.1406162679195404, -0.18168756365776062, 0.6800548434257507, -0.004259293898940086, -0.733148992061615, 0.0003885126789100468, 0.9999688863754272, -0.005449213553220034, 0.733161211013794, 0.003420876106247306, 0.6800463199615479),
            ["DuckHead"] = CFrame.new(-0.033037349581718445, -0.001749187707901001, -0.004594452679157257, 0.7303197383880615, 0.20519718527793884, -0.6515576243400574, -0.25429433584213257, 0.9669305682182312, 0.019484590739011765, 0.6340091228485107, 0.15145739912986755, 0.7583489418029785),
        }},
        {Time = 0.017, Data = {
            ["RightHand"] = CFrame.new(-6.891787052154541e-08, -2.980232238769531e-07, 1.3783574104309082e-07, 0.9780315160751343, -0.17414598166942596, -0.11457618325948715, 0.20545443892478943, 0.8982390761375427, 0.3885292410850525, 0.035255976021289825, -0.40353402495384216, 0.9142851233482361),
            ["LeftLowerArm"] = CFrame.new(7.139169611036777e-08, 1.1175870895385742e-07, 1.4901161193847656e-07, 1, -9.033830394855613e-08, 5.21540641784668e-08, 7.450581307466564e-08, 0.3951736092567444, -0.9186064600944519, 1.4901162970204496e-08, 0.9186065196990967, 0.395173579454422),
            ["LeftFoot"] = CFrame.new(-2.3283064365386963e-08, 1.1548399925231934e-07, -1.862645149230957e-09, 0.9509192705154419, -0.3093377351760864, 0.007918884977698326, 0.3074178397655487, 0.9414785504341125, -0.13824813067913055, 0.035309985280036926, 0.13389725983142853, 0.9903660416603088),
            ["Head"] = CFrame.new(-7.450580596923828e-09, -2.086162567138672e-07, -2.086162567138672e-07, 0.9221717119216919, 0.07677238434553146, -0.3790849447250366, -0.26380228996276855, 0.8416016697883606, -0.4712907373905182, 0.28285637497901917, 0.5346145629882812, 0.7963540554046631),
            ["RightFoot"] = CFrame.new(-6.82193785905838e-08, 2.4586915969848633e-07, 4.0978193283081055e-08, 0.9936913251876831, -0.06736308336257935, -0.0896652340888977, 0.024688418954610825, 0.9112897515296936, -0.4110247492790222, 0.10939890146255493, 0.40621811151504517, 0.9072039127349854),
            ["UpperTorso"] = CFrame.new(-7.450580596923828e-08, 5.960464477539063e-08, -1.862645149230957e-08, 0.9838287830352783, 0.14842495322227478, -0.1002543643116951, -0.1350610852241516, 0.9824001789093018, 0.12902913987636566, 0.11764105409383774, -0.11340208351612091, 0.9865599870681763),
            ["HumanoidRootPart"] = CFrame.new(0, 0, 0, 1, 0, 0, 0, 1, 0, 0, 0, 1),
            ["RightUpperArm"] = CFrame.new(-0.25462162494659424, -0.1007314920425415, 0.2398538738489151, 0.7793411612510681, -0.43299978971481323, 0.45292237401008606, 0.1263117492198944, 0.8165491223335266, 0.5632876753807068, -0.6137368083000183, -0.38178396224975586, 0.6910631656646729),
            ["LeftUpperArm"] = CFrame.new(0.0972132682800293, 0.029073357582092285, 0.04282001778483391, 0.7123912572860718, 0.4451409876346588, -0.5425387620925903, -0.051533907651901245, 0.8041815161705017, 0.592145562171936, 0.6998878717422485, -0.39388012886047363, 0.5958316922187805),
            ["RightLowerArm"] = CFrame.new(-5.755175891408726e-08, -1.1175870895385742e-07, 4.470348358154297e-08, 1, -1.2665987014770508e-07, 1.1548398504146462e-07, 1.0430811414607888e-07, 0.146325945854187, -0.9892364144325256, 1.0430811414607888e-07, 0.9892364740371704, 0.1463259905576706),
            ["LeftHand"] = CFrame.new(-8.940696716308594e-08, -1.4901161193847656e-07, 6.705522537231445e-08, 0.9416494965553284, 0.30475854873657227, 0.14289402961730957, -0.3364557921886444, 0.8644551634788513, 0.3735170066356659, -0.009692968800663948, -0.3997995853424072, 0.9165513515472412),
            ["LowerTorso"] = CFrame.new(0.6837754249572754, -0.32979917526245117, 0.44815948605537415, 0.9004035592079163, -0.3043517768383026, 0.31087526679039, 0.14286600053310394, 0.8817856907844543, 0.4494922459125519, -0.4109291434288025, -0.36031094193458557, 0.837444543838501),
            ["RightUpperLeg"] = CFrame.new(-0.02000083401799202, -0.005639508366584778, -0.09092262387275696, 0.9219453930854797, -0.07560399919748306, -0.37986963987350464, -0.32952433824539185, 0.36230507493019104, -0.8718652129173279, 0.20354506373405457, 0.9289882183074951, 0.309112012386322),
            ["RightLowerLeg"] = CFrame.new(-2.6086937054969894e-09, -2.2351741790771484e-08, -1.043081283569336e-07, 1, -1.3783569841052667e-07, -8.754430069757291e-08, 1.4528632164001465e-07, 0.385667622089386, 0.9226377606391907, -8.381903171539307e-08, -0.9226378202438354, 0.3856678009033203),
            ["LeftUpperLeg"] = CFrame.new(-0.05751579999923706, 0.12562857568264008, -0.16789394617080688, 0.8087632656097412, -0.04216441884636879, -0.586621105670929, -0.5650368332862854, 0.22107592225074768, -0.794895589351654, 0.16320393979549408, 0.9743446707725525, 0.1549735814332962),
            ["LeftLowerLeg"] = CFrame.new(3.180831242843851e-08, 1.1920928955078125e-07, 1.4901161193847656e-08, 1, 4.330649616690607e-08, 2.8870999813079834e-08, -7.450579886381092e-08, 0.5467653274536133, 0.8372858762741089, 2.9336657547673894e-08, -0.8372858762741089, 0.5467653870582581),
        }},
        {Time = 0.033, Data = {
            ["DuckHandle"] = CFrame.new(-0.08649127930402756, -0.003150874748826027, -0.01878526620566845, 0.9423698782920837, 0.03715640306472778, -0.3325032889842987, -0.04431881755590439, 0.9989196062088013, -0.013979990035295486, 0.3316246271133423, 0.027910469099879265, 0.9429985284805298),
            ["DuckTorso"] = CFrame.new(-0.05908193811774254, -0.14070552587509155, -0.0059291403740644455, 0.8301870226860046, 0.0016289917984977365, 0.5574826598167419, -0.004259399138391018, 0.9999850988388062, 0.00342096877284348, -0.5574687719345093, -0.0052145845256745815, 0.8301815986633301),
            ["DuckLeft Leg"] = CFrame.new(-0.0016761943697929382, 0.14178094267845154, 0.2172660231590271, 0.9273595809936523, -0.004259309731423855, -0.3741472363471985, 0.002670035930350423, 0.9999688863754272, -0.0047661131247878075, 0.374161958694458, 0.0034208474680781364, 0.9273570775985718),
            ["DuckHumanoidRootPart"] = CFrame.new(0, 0, 0, 1, 0, 0, 0, 1, 0, 0, 0, 1),
            ["DuckRight Leg"] = CFrame.new(0.1174442321062088, 0.1406162679195404, -0.18168756365776062, 0.6800548434257507, -0.004259293898940086, -0.733148992061615, 0.0003885126789100468, 0.9999688863754272, -0.005449213553220034, 0.733161211013794, 0.003420876106247306, 0.6800463199615479),
            ["DuckHead"] = CFrame.new(-0.033037349581718445, -0.001749187707901001, -0.004594452679157257, 0.7303197383880615, 0.20519718527793884, -0.6515576243400574, -0.25429433584213257, 0.9669305682182312, 0.019484590739011765, 0.6340091228485107, 0.15145739912986755, 0.7583489418029785),
        }},
        {Time = 0.033, Data = {
            ["RightHand"] = CFrame.new(-6.891787052154541e-08, -2.980232238769531e-07, 1.3783574104309082e-07, 0.9780315160751343, -0.17414598166942596, -0.11457618325948715, 0.20545443892478943, 0.8982390761375427, 0.3885292410850525, 0.035255976021289825, -0.40353402495384216, 0.9142851233482361),
            ["LeftLowerArm"] = CFrame.new(7.139169611036777e-08, 1.1175870895385742e-07, 1.4901161193847656e-07, 1, -9.033830394855613e-08, 5.21540641784668e-08, 7.450581307466564e-08, 0.3951736092567444, -0.9186064600944519, 1.4901162970204496e-08, 0.9186065196990967, 0.395173579454422),
            ["LeftFoot"] = CFrame.new(-2.3283064365386963e-08, 1.1548399925231934e-07, -1.862645149230957e-09, 0.9509192705154419, -0.3093377351760864, 0.007918884977698326, 0.3074178397655487, 0.9414785504341125, -0.13824813067913055, 0.035309985280036926, 0.13389725983142853, 0.9903660416603088),
            ["Head"] = CFrame.new(-7.450580596923828e-09, -2.086162567138672e-07, -2.086162567138672e-07, 0.9221717119216919, 0.07677238434553146, -0.3790849447250366, -0.26380228996276855, 0.8416016697883606, -0.4712907373905182, 0.28285637497901917, 0.5346145629882812, 0.7963540554046631),
            ["RightFoot"] = CFrame.new(-6.82193785905838e-08, 2.4586915969848633e-07, 4.0978193283081055e-08, 0.9936913251876831, -0.06736308336257935, -0.0896652340888977, 0.024688418954610825, 0.9112897515296936, -0.4110247492790222, 0.10939890146255493, 0.40621811151504517, 0.9072039127349854),
            ["UpperTorso"] = CFrame.new(-7.450580596923828e-08, 5.960464477539063e-08, -1.862645149230957e-08, 0.9838287830352783, 0.14842495322227478, -0.1002543643116951, -0.1350610852241516, 0.9824001789093018, 0.12902913987636566, 0.11764105409383774, -0.11340208351612091, 0.9865599870681763),
            ["HumanoidRootPart"] = CFrame.new(0, 0, 0, 1, 0, 0, 0, 1, 0, 0, 0, 1),
            ["RightUpperArm"] = CFrame.new(-0.25462162494659424, -0.1007314920425415, 0.2398538738489151, 0.7793411612510681, -0.43299978971481323, 0.45292237401008606, 0.1263117492198944, 0.8165491223335266, 0.5632876753807068, -0.6137368083000183, -0.38178396224975586, 0.6910631656646729),
            ["LeftUpperArm"] = CFrame.new(0.0972132682800293, 0.029073357582092285, 0.04282001778483391, 0.7123912572860718, 0.4451409876346588, -0.5425387620925903, -0.051533907651901245, 0.8041815161705017, 0.592145562171936, 0.6998878717422485, -0.39388012886047363, 0.5958316922187805),
            ["RightLowerArm"] = CFrame.new(-5.755175891408726e-08, -1.1175870895385742e-07, 4.470348358154297e-08, 1, -1.2665987014770508e-07, 1.1548398504146462e-07, 1.0430811414607888e-07, 0.146325945854187, -0.9892364144325256, 1.0430811414607888e-07, 0.9892364740371704, 0.1463259905576706),
            ["LeftHand"] = CFrame.new(-8.940696716308594e-08, -1.4901161193847656e-07, 6.705522537231445e-08, 0.9416494965553284, 0.30475854873657227, 0.14289402961730957, -0.3364557921886444, 0.8644551634788513, 0.3735170066356659, -0.009692968800663948, -0.3997995853424072, 0.9165513515472412),
            ["LowerTorso"] = CFrame.new(0.6837754249572754, -0.32979917526245117, 0.44815948605537415, 0.9004035592079163, -0.3043517768383026, 0.31087526679039, 0.14286600053310394, 0.8817856907844543, 0.4494922459125519, -0.4109291434288025, -0.36031094193458557, 0.837444543838501),
            ["RightUpperLeg"] = CFrame.new(-0.02000083401799202, -0.005639508366584778, -0.09092262387275696, 0.9219453930854797, -0.07560399919748306, -0.37986963987350464, -0.32952433824539185, 0.36230507493019104, -0.8718652129173279, 0.20354506373405457, 0.9289882183074951, 0.309112012386322),
            ["RightLowerLeg"] = CFrame.new(-2.6086937054969894e-09, -2.2351741790771484e-08, -1.043081283569336e-07, 1, -1.3783569841052667e-07, -8.754430069757291e-08, 1.4528632164001465e-07, 0.385667622089386, 0.9226377606391907, -8.381903171539307e-08, -0.9226378202438354, 0.3856678009033203),
            ["LeftUpperLeg"] = CFrame.new(-0.05751579999923706, 0.12562857568264008, -0.16789394617080688, 0.8087632656097412, -0.04216441884636879, -0.586621105670929, -0.5650368332862854, 0.22107592225074768, -0.794895589351654, 0.16320393979549408, 0.9743446707725525, 0.1549735814332962),
            ["LeftLowerLeg"] = CFrame.new(3.180831242843851e-08, 1.1920928955078125e-07, 1.4901161193847656e-08, 1, 4.330649616690607e-08, 2.8870999813079834e-08, -7.450579886381092e-08, 0.5467653274536133, 0.8372858762741089, 2.9336657547673894e-08, -0.8372858762741089, 0.5467653870582581),
        }},
        {Time = 0.050, Data = {
            ["DuckHandle"] = CFrame.new(-0.08649127930402756, -0.003150874748826027, -0.01878526620566845, 0.9423698782920837, 0.03715640306472778, -0.3325032889842987, -0.04431881755590439, 0.9989196062088013, -0.013979990035295486, 0.3316246271133423, 0.027910469099879265, 0.9429985284805298),
            ["DuckTorso"] = CFrame.new(-0.05908193811774254, -0.14070552587509155, -0.0059291403740644455, 0.8301870226860046, 0.0016289917984977365, 0.5574826598167419, -0.004259399138391018, 0.9999850988388062, 0.00342096877284348, -0.5574687719345093, -0.0052145845256745815, 0.8301815986633301),
            ["DuckLeft Leg"] = CFrame.new(-0.0016761943697929382, 0.14178094267845154, 0.2172660231590271, 0.9273595809936523, -0.004259309731423855, -0.3741472363471985, 0.002670035930350423, 0.9999688863754272, -0.0047661131247878075, 0.374161958694458, 0.0034208474680781364, 0.9273570775985718),
            ["DuckHumanoidRootPart"] = CFrame.new(0, 0, 0, 1, 0, 0, 0, 1, 0, 0, 0, 1),
            ["DuckRight Leg"] = CFrame.new(0.1174442321062088, 0.1406162679195404, -0.18168756365776062, 0.6800548434257507, -0.004259293898940086, -0.733148992061615, 0.0003885126789100468, 0.9999688863754272, -0.005449213553220034, 0.733161211013794, 0.003420876106247306, 0.6800463199615479),
            ["DuckHead"] = CFrame.new(-0.033037349581718445, -0.001749187707901001, -0.004594452679157257, 0.7303197383880615, 0.20519718527793884, -0.6515576243400574, -0.25429433584213257, 0.9669305682182312, 0.019484590739011765, 0.6340091228485107, 0.15145739912986755, 0.7583489418029785),
        }},
        {Time = 0.050, Data = {
            ["RightHand"] = CFrame.new(-6.891787052154541e-08, -2.980232238769531e-07, 1.3783574104309082e-07, 0.9780315160751343, -0.17414598166942596, -0.11457618325948715, 0.20545443892478943, 0.8982390761375427, 0.3885292410850525, 0.035255976021289825, -0.40353402495384216, 0.9142851233482361),
            ["LeftLowerArm"] = CFrame.new(7.139169611036777e-08, 1.1175870895385742e-07, 1.4901161193847656e-07, 1, -9.033830394855613e-08, 5.21540641784668e-08, 7.450581307466564e-08, 0.3951736092567444, -0.9186064600944519, 1.4901162970204496e-08, 0.9186065196990967, 0.395173579454422),
            ["LeftFoot"] = CFrame.new(-2.3283064365386963e-08, 1.1548399925231934e-07, -1.862645149230957e-09, 0.9509192705154419, -0.3093377351760864, 0.007918884977698326, 0.3074178397655487, 0.9414785504341125, -0.13824813067913055, 0.035309985280036926, 0.13389725983142853, 0.9903660416603088),
            ["Head"] = CFrame.new(-7.450580596923828e-09, -2.086162567138672e-07, -2.086162567138672e-07, 0.9221717119216919, 0.07677238434553146, -0.3790849447250366, -0.26380228996276855, 0.8416016697883606, -0.4712907373905182, 0.28285637497901917, 0.5346145629882812, 0.7963540554046631),
            ["RightFoot"] = CFrame.new(-6.82193785905838e-08, 2.4586915969848633e-07, 4.0978193283081055e-08, 0.9936913251876831, -0.06736308336257935, -0.0896652340888977, 0.024688418954610825, 0.9112897515296936, -0.4110247492790222, 0.10939890146255493, 0.40621811151504517, 0.9072039127349854),
            ["UpperTorso"] = CFrame.new(-7.450580596923828e-08, 5.960464477539063e-08, -1.862645149230957e-08, 0.9838287830352783, 0.14842495322227478, -0.1002543643116951, -0.1350610852241516, 0.9824001789093018, 0.12902913987636566, 0.11764105409383774, -0.11340208351612091, 0.9865599870681763),
            ["HumanoidRootPart"] = CFrame.new(0, 0, 0, 1, 0, 0, 0, 1, 0, 0, 0, 1),
            ["RightUpperArm"] = CFrame.new(-0.25462162494659424, -0.1007314920425415, 0.2398538738489151, 0.7793411612510681, -0.43299978971481323, 0.45292237401008606, 0.1263117492198944, 0.8165491223335266, 0.5632876753807068, -0.6137368083000183, -0.38178396224975586, 0.6910631656646729),
            ["LeftUpperArm"] = CFrame.new(0.0972132682800293, 0.029073357582092285, 0.04282001778483391, 0.7123912572860718, 0.4451409876346588, -0.5425387620925903, -0.051533907651901245, 0.8041815161705017, 0.592145562171936, 0.6998878717422485, -0.39388012886047363, 0.5958316922187805),
            ["RightLowerArm"] = CFrame.new(-5.755175891408726e-08, -1.1175870895385742e-07, 4.470348358154297e-08, 1, -1.2665987014770508e-07, 1.1548398504146462e-07, 1.0430811414607888e-07, 0.146325945854187, -0.9892364144325256, 1.0430811414607888e-07, 0.9892364740371704, 0.1463259905576706),
            ["LeftHand"] = CFrame.new(-8.940696716308594e-08, -1.4901161193847656e-07, 6.705522537231445e-08, 0.9416494965553284, 0.30475854873657227, 0.14289402961730957, -0.3364557921886444, 0.8644551634788513, 0.3735170066356659, -0.009692968800663948, -0.3997995853424072, 0.9165513515472412),
            ["LowerTorso"] = CFrame.new(0.6837754249572754, -0.32979917526245117, 0.44815948605537415, 0.9004035592079163, -0.3043517768383026, 0.31087526679039, 0.14286600053310394, 0.8817856907844543, 0.4494922459125519, -0.4109291434288025, -0.36031094193458557, 0.837444543838501),
            ["RightUpperLeg"] = CFrame.new(-0.02000083401799202, -0.005639508366584778, -0.09092262387275696, 0.9219453930854797, -0.07560399919748306, -0.37986963987350464, -0.32952433824539185, 0.36230507493019104, -0.8718652129173279, 0.20354506373405457, 0.9289882183074951, 0.309112012386322),
            ["RightLowerLeg"] = CFrame.new(-2.6086937054969894e-09, -2.2351741790771484e-08, -1.043081283569336e-07, 1, -1.3783569841052667e-07, -8.754430069757291e-08, 1.4528632164001465e-07, 0.385667622089386, 0.9226377606391907, -8.381903171539307e-08, -0.9226378202438354, 0.3856678009033203),
            ["LeftUpperLeg"] = CFrame.new(-0.05751579999923706, 0.12562857568264008, -0.16789394617080688, 0.8087632656097412, -0.04216441884636879, -0.586621105670929, -0.5650368332862854, 0.22107592225074768, -0.794895589351654, 0.16320393979549408, 0.9743446707725525, 0.1549735814332962),
            ["LeftLowerLeg"] = CFrame.new(3.180831242843851e-08, 1.1920928955078125e-07, 1.4901161193847656e-08, 1, 4.330649616690607e-08, 2.8870999813079834e-08, -7.450579886381092e-08, 0.5467653274536133, 0.8372858762741089, 2.9336657547673894e-08, -0.8372858762741089, 0.5467653870582581),
        }},
        {Time = 0.067, Data = {
            ["RightHand"] = CFrame.new(-5.029141902923584e-08, -2.5331974029541016e-07, -1.862645149230957e-08, 0.9780314564704895, -0.17414598166942596, -0.11457616090774536, 0.20545443892478943, 0.8982391357421875, 0.3885292708873749, 0.03525600582361221, -0.40353405475616455, 0.9142851829528809),
            ["LeftLowerArm"] = CFrame.new(1.6938429325819016e-08, 6.705522537231445e-08, -1.1920928955078125e-07, 1, -9.12696123123169e-08, 5.21540641784668e-08, 5.960465188081798e-08, 0.3951735496520996, -0.9186065196990967, 0, 0.9186064600944519, 0.395173579454422),
            ["LeftFoot"] = CFrame.new(2.514570951461792e-08, -5.960464477539063e-08, 9.313225746154785e-10, 0.9553723931312561, -0.29411405324935913, 0.027582567185163498, 0.29515746235847473, 0.9465855360031128, -0.1298377513885498, 0.012077980674803257, 0.13218457996845245, 0.9911515712738037),
            ["Head"] = CFrame.new(7.450580596923828e-09, -5.960464477539063e-08, 2.9802322387695312e-08, 0.9221717119216919, 0.07677239179611206, -0.379084974527359, -0.26380231976509094, 0.8416016697883606, -0.47129079699516296, 0.28285640478134155, 0.534614622592926, 0.7963540554046631),
            ["RightFoot"] = CFrame.new(-1.0943040251731873e-08, 4.209578037261963e-07, -3.91155481338501e-08, 0.995141327381134, -0.05826753005385399, -0.07936392724514008, 0.023695990443229675, 0.924126148223877, -0.3813518285751343, 0.09556277096271515, 0.3776187598705292, 0.921017050743103),
            ["UpperTorso"] = CFrame.new(1.862645149230957e-08, 2.9802322387695312e-08, 7.450580596923828e-08, 0.9889897108078003, 0.1232861652970314, -0.08185408264398575, -0.11353494971990585, 0.9868952035903931, 0.1146632581949234, 0.09491776674985886, -0.10410752892494202, 0.9900264739990234),
            ["HumanoidRootPart"] = CFrame.new(0, 0, 0, 1, 0, 0, 0, 1, 0, 0, 0, 1),
            ["RightUpperArm"] = CFrame.new(-0.25462183356285095, -0.10073146224021912, 0.23985400795936584, 0.7793411016464233, -0.43299978971481323, 0.45292243361473083, 0.126311793923378, 0.8165491223335266, 0.5632876753807068, -0.6137367486953735, -0.38178396224975586, 0.6910632252693176),
            ["LeftUpperArm"] = CFrame.new(0.09721320867538452, 0.029073596000671387, 0.0428202785551548, 0.7123912572860718, 0.4451410174369812, -0.5425388216972351, -0.05153395235538483, 0.8041815757751465, 0.5921455025672913, 0.6998878717422485, -0.39388009905815125, 0.5958316922187805),
            ["RightLowerArm"] = CFrame.new(-5.029505700804293e-08, 6.705522537231445e-08, 3.129243850708008e-07, 1, -1.2293457984924316e-07, 1.4528632164001465e-07, 8.195639367158947e-08, 0.146325945854187, -0.9892364740371704, 7.450581307466564e-08, 0.9892364144325256, 0.1463259756565094),
            ["LeftHand"] = CFrame.new(4.842877388000488e-08, -1.4901161193847656e-08, 9.685754776000977e-08, 0.9416494369506836, 0.3047585189342499, 0.14289402961730957, -0.3364557921886444, 0.8644551038742065, 0.3735170066356659, -0.009692969731986523, -0.3997995853424072, 0.9165513515472412),
            ["LowerTorso"] = CFrame.new(0.662817120552063, -0.29679161310195923, 0.44815948605537415, 0.9136788845062256, -0.2870577275753021, 0.28773048520088196, 0.13221071660518646, 0.8793469071388245, 0.45745986700057983, -0.38433223962783813, -0.37993040680885315, 0.8413926959037781),
            ["RightUpperLeg"] = CFrame.new(-0.020000841468572617, -0.005639597773551941, -0.0909227728843689, 0.9320381283760071, -0.06733677536249161, -0.3560488522052765, -0.30674758553504944, 0.3764563500881195, -0.8741775751113892, 0.19290104508399963, 0.9239839911460876, 0.33021655678749084),
            ["RightLowerLeg"] = CFrame.new(-7.717204653090448e-10, -4.470348358154297e-08, -5.960464477539063e-08, 1, -1.3597301062873157e-07, -1.0058283805847168e-07, 1.30385160446167e-07, 0.43878620862960815, 0.8985913991928101, -7.450580596923828e-08, -0.8985914587974548, 0.43878650665283203),
            ["LeftUpperLeg"] = CFrame.new(-0.05751568824052811, 0.1256285458803177, -0.16789394617080688, 0.8234176635742188, -0.021049628034234047, -0.5670453906059265, -0.5433544516563416, 0.25878259539604187, -0.798622190952301, 0.16355207562446594, 0.9657062888145447, 0.20164895057678223),
            ["LeftLowerLeg"] = CFrame.new(-1.2973148955097713e-07, -8.940696716308594e-08, -1.4901161193847656e-08, 1, 8.638016169015827e-08, 4.6566128730773926e-09, -5.029141192380848e-08, 0.5915731191635132, 0.8062514066696167, 1.8626449271863521e-09, -0.8062514066696167, 0.5915731191635132),
        }},
        {Time = 0.067, Data = {
            ["DuckHandle"] = CFrame.new(-0.14251181483268738, -0.0003994065336883068, -0.035678666085004807, 0.8751605153083801, 0.03266463801264763, -0.4827287793159485, -0.047653619199991226, 0.998686671257019, -0.018815556541085243, 0.48148036003112793, 0.03947034850716591, 0.8755677938461304),
            ["DuckTorso"] = CFrame.new(-0.05891488865017891, -0.1104387640953064, -0.005709435790777206, 0.844622015953064, 0.001629025675356388, 0.5353607535362244, -0.004170539788901806, 0.9999850392341614, 0.0035369207616895437, -0.5353469848632812, -0.00522010400891304, 0.844616174697876),
            ["DuckLeft Leg"] = CFrame.new(0.0013510659337043762, 0.11151660978794098, 0.2077004313468933, 0.9369186758995056, -0.004170453175902367, -0.3495226800441742, 0.002671207766979933, 0.9999688863754272, -0.004771506879478693, 0.34953734278678894, 0.0035367978271096945, 0.9369158148765564),
            ["DuckHumanoidRootPart"] = CFrame.new(0, 0, 0, 1, 0, 0, 0, 1, 0, 0, 0, 1),
            ["DuckRight Leg"] = CFrame.new(0.1101413369178772, 0.11035189777612686, -0.17542806267738342, 0.6991822719573975, -0.0041704364120960236, -0.7149312496185303, 0.00038727850187569857, 0.9999688863754272, -0.005454592406749725, 0.7149432897567749, 0.0035368259996175766, 0.6991734504699707),
            ["DuckHead"] = CFrame.new(-0.03168529272079468, -0.0013741850852966309, -0.0038776397705078125, 0.7587294578552246, 0.17020274698734283, -0.6287771463394165, -0.20570732653141022, 0.978472113609314, 0.016639381647109985, 0.6180729269981384, 0.11671926081180573, 0.7774075865745544),
        }},
        {Time = 0.083, Data = {
            ["RightHand"] = CFrame.new(-5.029141902923584e-08, -2.5331974029541016e-07, -1.862645149230957e-08, 0.9780314564704895, -0.17414598166942596, -0.11457616090774536, 0.20545443892478943, 0.8982391357421875, 0.3885292708873749, 0.03525600582361221, -0.40353405475616455, 0.9142851829528809),
            ["LeftLowerArm"] = CFrame.new(1.6938429325819016e-08, 6.705522537231445e-08, -1.1920928955078125e-07, 1, -9.12696123123169e-08, 5.21540641784668e-08, 5.960465188081798e-08, 0.3951735496520996, -0.9186065196990967, 0, 0.9186064600944519, 0.395173579454422),
            ["LeftFoot"] = CFrame.new(2.514570951461792e-08, -5.960464477539063e-08, 9.313225746154785e-10, 0.9553723931312561, -0.29411405324935913, 0.027582567185163498, 0.29515746235847473, 0.9465855360031128, -0.1298377513885498, 0.012077980674803257, 0.13218457996845245, 0.9911515712738037),
            ["Head"] = CFrame.new(7.450580596923828e-09, -5.960464477539063e-08, 2.9802322387695312e-08, 0.9221717119216919, 0.07677239179611206, -0.379084974527359, -0.26380231976509094, 0.8416016697883606, -0.47129079699516296, 0.28285640478134155, 0.534614622592926, 0.7963540554046631),
            ["RightFoot"] = CFrame.new(-1.0943040251731873e-08, 4.209578037261963e-07, -3.91155481338501e-08, 0.995141327381134, -0.05826753005385399, -0.07936392724514008, 0.023695990443229675, 0.924126148223877, -0.3813518285751343, 0.09556277096271515, 0.3776187598705292, 0.921017050743103),
            ["UpperTorso"] = CFrame.new(1.862645149230957e-08, 2.9802322387695312e-08, 7.450580596923828e-08, 0.9889897108078003, 0.1232861652970314, -0.08185408264398575, -0.11353494971990585, 0.9868952035903931, 0.1146632581949234, 0.09491776674985886, -0.10410752892494202, 0.9900264739990234),
            ["HumanoidRootPart"] = CFrame.new(0, 0, 0, 1, 0, 0, 0, 1, 0, 0, 0, 1),
            ["RightUpperArm"] = CFrame.new(-0.25462183356285095, -0.10073146224021912, 0.23985400795936584, 0.7793411016464233, -0.43299978971481323, 0.45292243361473083, 0.126311793923378, 0.8165491223335266, 0.5632876753807068, -0.6137367486953735, -0.38178396224975586, 0.6910632252693176),
            ["LeftUpperArm"] = CFrame.new(0.09721320867538452, 0.029073596000671387, 0.0428202785551548, 0.7123912572860718, 0.4451410174369812, -0.5425388216972351, -0.05153395235538483, 0.8041815757751465, 0.5921455025672913, 0.6998878717422485, -0.39388009905815125, 0.5958316922187805),
            ["RightLowerArm"] = CFrame.new(-5.029505700804293e-08, 6.705522537231445e-08, 3.129243850708008e-07, 1, -1.2293457984924316e-07, 1.4528632164001465e-07, 8.195639367158947e-08, 0.146325945854187, -0.9892364740371704, 7.450581307466564e-08, 0.9892364144325256, 0.1463259756565094),
            ["LeftHand"] = CFrame.new(4.842877388000488e-08, -1.4901161193847656e-08, 9.685754776000977e-08, 0.9416494369506836, 0.3047585189342499, 0.14289402961730957, -0.3364557921886444, 0.8644551038742065, 0.3735170066356659, -0.009692969731986523, -0.3997995853424072, 0.9165513515472412),
            ["LowerTorso"] = CFrame.new(0.662817120552063, -0.29679161310195923, 0.44815948605537415, 0.9136788845062256, -0.2870577275753021, 0.28773048520088196, 0.13221071660518646, 0.8793469071388245, 0.45745986700057983, -0.38433223962783813, -0.37993040680885315, 0.8413926959037781),
            ["RightUpperLeg"] = CFrame.new(-0.020000841468572617, -0.005639597773551941, -0.0909227728843689, 0.9320381283760071, -0.06733677536249161, -0.3560488522052765, -0.30674758553504944, 0.3764563500881195, -0.8741775751113892, 0.19290104508399963, 0.9239839911460876, 0.33021655678749084),
            ["RightLowerLeg"] = CFrame.new(-7.717204653090448e-10, -4.470348358154297e-08, -5.960464477539063e-08, 1, -1.3597301062873157e-07, -1.0058283805847168e-07, 1.30385160446167e-07, 0.43878620862960815, 0.8985913991928101, -7.450580596923828e-08, -0.8985914587974548, 0.43878650665283203),
            ["LeftUpperLeg"] = CFrame.new(-0.05751568824052811, 0.1256285458803177, -0.16789394617080688, 0.8234176635742188, -0.021049628034234047, -0.5670453906059265, -0.5433544516563416, 0.25878259539604187, -0.798622190952301, 0.16355207562446594, 0.9657062888145447, 0.20164895057678223),
            ["LeftLowerLeg"] = CFrame.new(-1.2973148955097713e-07, -8.940696716308594e-08, -1.4901161193847656e-08, 1, 8.638016169015827e-08, 4.6566128730773926e-09, -5.029141192380848e-08, 0.5915731191635132, 0.8062514066696167, 1.8626449271863521e-09, -0.8062514066696167, 0.5915731191635132),
        }},
        {Time = 0.083, Data = {
            ["DuckHandle"] = CFrame.new(-0.14251181483268738, -0.0003994065336883068, -0.035678666085004807, 0.8751605153083801, 0.03266463801264763, -0.4827287793159485, -0.047653619199991226, 0.998686671257019, -0.018815556541085243, 0.48148036003112793, 0.03947034850716591, 0.8755677938461304),
            ["DuckTorso"] = CFrame.new(-0.05891488865017891, -0.1104387640953064, -0.005709435790777206, 0.844622015953064, 0.001629025675356388, 0.5353607535362244, -0.004170539788901806, 0.9999850392341614, 0.0035369207616895437, -0.5353469848632812, -0.00522010400891304, 0.844616174697876),
            ["DuckLeft Leg"] = CFrame.new(0.0013510659337043762, 0.11151660978794098, 0.2077004313468933, 0.9369186758995056, -0.004170453175902367, -0.3495226800441742, 0.002671207766979933, 0.9999688863754272, -0.004771506879478693, 0.34953734278678894, 0.0035367978271096945, 0.9369158148765564),
            ["DuckHumanoidRootPart"] = CFrame.new(0, 0, 0, 1, 0, 0, 0, 1, 0, 0, 0, 1),
            ["DuckRight Leg"] = CFrame.new(0.1101413369178772, 0.11035189777612686, -0.17542806267738342, 0.6991822719573975, -0.0041704364120960236, -0.7149312496185303, 0.00038727850187569857, 0.9999688863754272, -0.005454592406749725, 0.7149432897567749, 0.0035368259996175766, 0.6991734504699707),
            ["DuckHead"] = CFrame.new(-0.03168529272079468, -0.0013741850852966309, -0.0038776397705078125, 0.7587294578552246, 0.17020274698734283, -0.6287771463394165, -0.20570732653141022, 0.978472113609314, 0.016639381647109985, 0.6180729269981384, 0.11671926081180573, 0.7774075865745544),
        }},
        {Time = 0.100, Data = {
            ["RightHand"] = CFrame.new(-5.029141902923584e-08, -2.5331974029541016e-07, -1.862645149230957e-08, 0.9780314564704895, -0.17414598166942596, -0.11457616090774536, 0.20545443892478943, 0.8982391357421875, 0.3885292708873749, 0.03525600582361221, -0.40353405475616455, 0.9142851829528809),
            ["LeftLowerArm"] = CFrame.new(1.6938429325819016e-08, 6.705522537231445e-08, -1.1920928955078125e-07, 1, -9.12696123123169e-08, 5.21540641784668e-08, 5.960465188081798e-08, 0.3951735496520996, -0.9186065196990967, 0, 0.9186064600944519, 0.395173579454422),
            ["LeftFoot"] = CFrame.new(2.514570951461792e-08, -5.960464477539063e-08, 9.313225746154785e-10, 0.9553723931312561, -0.29411405324935913, 0.027582567185163498, 0.29515746235847473, 0.9465855360031128, -0.1298377513885498, 0.012077980674803257, 0.13218457996845245, 0.9911515712738037),
            ["Head"] = CFrame.new(7.450580596923828e-09, -5.960464477539063e-08, 2.9802322387695312e-08, 0.9221717119216919, 0.07677239179611206, -0.379084974527359, -0.26380231976509094, 0.8416016697883606, -0.47129079699516296, 0.28285640478134155, 0.534614622592926, 0.7963540554046631),
            ["RightFoot"] = CFrame.new(-1.0943040251731873e-08, 4.209578037261963e-07, -3.91155481338501e-08, 0.995141327381134, -0.05826753005385399, -0.07936392724514008, 0.023695990443229675, 0.924126148223877, -0.3813518285751343, 0.09556277096271515, 0.3776187598705292, 0.921017050743103),
            ["UpperTorso"] = CFrame.new(1.862645149230957e-08, 2.9802322387695312e-08, 7.450580596923828e-08, 0.9889897108078003, 0.1232861652970314, -0.08185408264398575, -0.11353494971990585, 0.9868952035903931, 0.1146632581949234, 0.09491776674985886, -0.10410752892494202, 0.9900264739990234),
            ["HumanoidRootPart"] = CFrame.new(0, 0, 0, 1, 0, 0, 0, 1, 0, 0, 0, 1),
            ["RightUpperArm"] = CFrame.new(-0.25462183356285095, -0.10073146224021912, 0.23985400795936584, 0.7793411016464233, -0.43299978971481323, 0.45292243361473083, 0.126311793923378, 0.8165491223335266, 0.5632876753807068, -0.6137367486953735, -0.38178396224975586, 0.6910632252693176),
            ["LeftUpperArm"] = CFrame.new(0.09721320867538452, 0.029073596000671387, 0.0428202785551548, 0.7123912572860718, 0.4451410174369812, -0.5425388216972351, -0.05153395235538483, 0.8041815757751465, 0.5921455025672913, 0.6998878717422485, -0.39388009905815125, 0.5958316922187805),
            ["RightLowerArm"] = CFrame.new(-5.029505700804293e-08, 6.705522537231445e-08, 3.129243850708008e-07, 1, -1.2293457984924316e-07, 1.4528632164001465e-07, 8.195639367158947e-08, 0.146325945854187, -0.9892364740371704, 7.450581307466564e-08, 0.9892364144325256, 0.1463259756565094),
