return {
    ["Shum Shuffle"] = {
        {Time = 0.000, Data = {
            ["LeftFoot"] = CFrame.new(2.153683453798294e-08, 0, -1.0244548320770264e-08, 0.9997771382331848, 0.020660066977143288, 0.004352051764726639, -0.020456453785300255, 0.9988850951194763, -0.04254571348428726, -0.005226172041147947, 0.04244714975357056, 0.9990851283073425),
            ["LeftLowerArm"] = CFrame.new(-5.960464477539063e-08, 1.1920928955078125e-07, 1.9371509552001953e-07, 1, -2.0861622829215776e-07, 1.0058282384761696e-07, 1.4156103134155273e-07, 0.17364808917045593, -0.9848077893257141, 1.9371509552001953e-07, 0.9848077893257141, 0.17364813387393951),
            ["LowerTorso"] = CFrame.new(-0.002840811852365732, -0.08570742607116699, 0.004272786434739828, 0.9084858894348145, 0.06728052347898483, 0.4124641716480255, -0.08447781205177307, 0.9961463212966919, 0.023579394444823265, -0.409288227558136, -0.05626561865210533, 0.9106686115264893),
            ["Head"] = CFrame.new(-5.960464477539063e-08, 1.1920928955078125e-07, 3.725290298461914e-08, 0.985794723033905, -0.1633336842060089, 0.03912673518061638, 0.16648241877555847, 0.9810463786125183, -0.09915447235107422, -0.02218974567949772, 0.10425984859466553, 0.99430251121521),
            ["RightUpperArm"] = CFrame.new(-1.1920928955078125e-07, 1.1920928955078125e-07, 1.1920928955078125e-07, 0.41716206073760986, -0.8076976537704468, -0.41665393114089966, 0.06346898525953293, 0.4832214415073395, -0.8731945753097534, 0.9066132307052612, 0.3378191292285919, 0.25284525752067566),
            ["UpperTorso"] = CFrame.new(-8.381903171539307e-09, 2.086162567138672e-07, 9.313225746154785e-09, 0.9873734712600708, 0.15153221786022186, 0.046171292662620544, -0.15815675258636475, 0.9594733715057373, 0.23323246836662292, -0.008957886137068272, -0.23758983612060547, 0.9713242650032043),
            ["HumanoidRootPart"] = CFrame.new(0, 0, 0, 1, 0, 0, 0, 1, 0, 0, 0, 1),
            ["RightHand"] = CFrame.new(0, -1.7881393432617188e-07, 4.470348358154297e-08, 1, -1.5366820704798556e-08, -7.450580596923828e-09, -4.0512528443059637e-08, 1, -7.450580596923828e-09, -7.4505797087454084e-09, -1.8626449271863521e-09, 1),
            ["LeftUpperArm"] = CFrame.new(5.960464477539063e-08, 1.1920928955078125e-07, -4.470348358154297e-08, 0.8631903529167175, 0.3063957393169403, 0.40127822756767273, -0.015058787539601326, 0.8100720047950745, -0.586137056350708, -0.504654049873352, 0.49990516901016235, 0.7038602828979492),
            ["RightLowerArm"] = CFrame.new(5.960464477539063e-08, -1.7881393432617188e-07, 5.960464477539063e-08, 1, -1.3457611203193665e-07, 0, 2.9802318834981634e-08, 0.6427875757217407, -0.766044557094574, 1.1920927533992653e-07, 0.7660444974899292, 0.6427875757217407),
            ["LeftHand"] = CFrame.new(1.043081283569336e-07, 2.384185791015625e-07, 1.825392246246338e-07, 1, -7.4505820180093e-08, -2.6077035641947077e-08, 7.450581485102248e-09, 1, -1.4901162970204496e-08, -2.980232594040899e-08, 2.2351747119842003e-08, 1),
            ["RightUpperLeg"] = CFrame.new(-5.960464477539063e-08, -2.3283064365386963e-08, -1.6952981241047382e-09, 0.8001370429992676, -0.1391637921333313, 0.583450198173523, 0.3912270665168762, 0.8584084510803223, -0.3317778408527374, -0.45466718077659607, 0.4937291741371155, 0.7412890195846558),
            ["LeftUpperLeg"] = CFrame.new(0, 9.499490261077881e-08, 7.450580596923828e-09, 0.9824330806732178, -0.14720192551612854, -0.11470350623130798, 0.08523157984018326, 0.9007335305213928, -0.425927996635437, 0.16601474583148956, 0.4086693823337555, 0.897456705570221),
            ["RightLowerLeg"] = CFrame.new(-1.4901161193847656e-08, -0.000003814697265625, -0.000013305041647981852, 1, -2.2817403078079224e-07, -1.9371513815258368e-07, 1.788139627478813e-07, -0.42472097277641296, 0.9053243398666382, -2.607703493140434e-07, -0.905324399471283, -0.4247211217880249),
            ["RightFoot"] = CFrame.new(-3.259629011154175e-08, 4.76837158203125e-07, 7.154449122026563e-08, 0.9266868233680725, 0.27194830775260925, 0.2594147324562073, -0.23044444620609283, 0.9564028978347778, -0.17941245436668396, -0.29689574241638184, 0.10647836327552795, 0.9489548206329346),
            ["LeftLowerLeg"] = CFrame.new(-2.7939677238464355e-08, 0.0000037550926208496094, 0.000013180077075958252, 1, -1.1129304766654968e-07, -4.0919989174881266e-08, 1.1501835217586631e-07, 0.8613650798797607, 0.5079865455627441, -1.3271348464627408e-08, -0.5079864859580994, 0.861365020275116),
        }},
        {Time = 0.017, Data = {
            ["LeftFoot"] = CFrame.new(6.356276571750641e-08, 5.960464477539063e-08, 1.0244548320770264e-08, 1, -0.00003771391129703261, -0.0000086762020146125, 0.00003752159318537451, 0.9996247291564941, -0.027395008131861687, 0.000009722193681227509, 0.027395041659474373, 0.9996247291564941),
            ["LeftLowerArm"] = CFrame.new(8.940696716308594e-08, 5.960464477539063e-08, 1.6391277313232422e-07, 1, -1.564621925354004e-07, 2.60770320892334e-08, 1.6205014219394798e-07, 0.18367579579353333, -0.9829869270324707, 1.788139627478813e-07, 0.9829868674278259, 0.18367576599121094),
            ["LowerTorso"] = CFrame.new(0.002963512670248747, -0.06966328620910645, 0.0011395567562431097, 0.9096142649650574, 0.06049973517656326, 0.4110252261161804, -0.07930158823728561, 0.9964337944984436, 0.02883007377386093, -0.4078151285648346, -0.05881920084357262, 0.911168098449707),
            ["Head"] = CFrame.new(0, -1.1920928955078125e-07, 5.960464477539063e-08, 0.9870964288711548, -0.1557973176240921, 0.03698509931564331, 0.1586657017469406, 0.9827743768692017, -0.09476152807474136, -0.02158430963754654, 0.09940700232982635, 0.9948127865791321),
            ["RightUpperArm"] = CFrame.new(0, -1.1920928955078125e-07, 2.9802322387695312e-08, 0.42217448353767395, -0.7987953424453735, -0.4285963177680969, 0.06790142506361008, 0.49933260679244995, -0.8637455701828003, 0.9039679765701294, 0.335548996925354, 0.2650447487831116),
            ["UpperTorso"] = CFrame.new(4.6566128730773926e-09, 2.682209014892578e-07, -9.313225746154785e-10, 0.987588107585907, 0.1496545374393463, 0.0476788729429245, -0.15667180716991425, 0.9601197242736816, 0.2315690666437149, -0.011122097261250019, -0.23616474866867065, 0.9716494679450989),
            ["HumanoidRootPart"] = CFrame.new(0, 0, 0, 1, 0, 0, 0, 1, 0, 0, 0, 1),
            ["RightHand"] = CFrame.new(-5.960464477539063e-08, 1.1920928955078125e-07, 1.043081283569336e-07, 1, -3.725290742551124e-09, 0, 2.0489096641540527e-08, 1, -5.587936335871291e-09, 0, 0, 1),
            ["LeftUpperArm"] = CFrame.new(0, -1.1920928955078125e-07, -1.1175870895385742e-08, 0.872467577457428, 0.29346704483032227, 0.3907397985458374, -0.012159718200564384, 0.8123850226402283, -0.5829947590827942, -0.4885207414627075, 0.5038927793502808, 0.7123479843139648),
            ["RightLowerArm"] = CFrame.new(-1.7881393432617188e-07, 1.1920928955078125e-07, -2.384185791015625e-07, 1, -3.306194784613581e-08, -7.450580596923828e-09, 7.450580596923828e-08, 0.6787086725234985, -0.7344076037406921, 1.1920928955078125e-07, 0.7344076037406921, 0.6787087321281433),
            ["LeftHand"] = CFrame.new(5.960464477539063e-08, 0, 1.30385160446167e-08, 1, 0, -2.607702853651972e-08, 2.9802322387695312e-08, 1, 2.2351738238057806e-08, -3.3527612686157227e-08, 4.4703490686970326e-08, 1),
            ["RightUpperLeg"] = CFrame.new(5.960464477539063e-08, 1.9371509552001953e-07, 3.55576048605144e-08, 0.7806974649429321, -0.11446628719568253, 0.6143361330032349, 0.4476429224014282, 0.788390576839447, -0.42196714878082275, -0.43603578209877014, 0.6044318675994873, 0.6667344570159912),
            ["LeftUpperLeg"] = CFrame.new(-5.960464477539063e-08, 2.337619662284851e-07, 0, 0.9874960780143738, -0.13121500611305237, -0.08737369626760483, 0.08250422775745392, 0.9024531245231628, -0.42281389236450195, 0.1343301385641098, 0.41031819581985474, 0.9019946455955505),
            ["RightLowerLeg"] = CFrame.new(5.960464477539063e-08, -0.0000037550926208496094, -0.000013409349776338786, 1, -2.1699813146369706e-07, -4.4703509161081456e-07, 2.8312203426139604e-07, -0.45095205307006836, 0.8925482034683228, -3.4272667903678666e-07, -0.8925482630729675, -0.4509521424770355),
            ["RightFoot"] = CFrame.new(3.725290298461914e-08, 4.172325134277344e-07, -5.790934665128589e-08, 0.9090958833694458, 0.28101933002471924, 0.30752694606781006, -0.2516217827796936, 0.9587443470954895, -0.13227197527885437, -0.3320108950138092, 0.04286767542362213, 0.9423010945320129),
            ["LeftLowerLeg"] = CFrame.new(-3.725290298461914e-09, 0.0000036954879760742188, 0.000013306736946105957, 1, 3.026798012228937e-08, 2.0139850676059723e-08, -8.800999040659008e-08, 0.8631300330162048, 0.5049815773963928, 9.35979329597103e-08, -0.5049816966056824, 0.8631300926208496),
        }},
        {Time = 0.033, Data = {
            ["LeftFoot"] = CFrame.new(-7.706694304943085e-08, 5.960464477539063e-08, -2.7939677238464355e-08, 0.999832272529602, -0.017735948786139488, -0.004591638222336769, 0.017774302512407303, 0.9998062252998352, 0.008462316356599331, 0.004440773278474808, -0.008542417548596859, 0.9999537467956543),
            ["LeftLowerArm"] = CFrame.new(-1.1920928955078125e-07, -1.1920928955078125e-07, 8.940696716308594e-08, 1, -1.6391277313232422e-07, 1.0430811414607888e-07, 1.30385160446167e-07, 0.2113623321056366, -0.9774077534675598, 1.4901161193847656e-07, 0.9774078726768494, 0.2113623321056366),
            ["LowerTorso"] = CFrame.new(0.01831473782658577, -0.03140425682067871, -0.0022028135135769844, 0.9134054183959961, 0.04401007667183876, 0.40466490387916565, -0.06495904922485352, 0.9971573948860168, 0.03817720338702202, -0.4018344283103943, -0.06115790829062462, 0.9136677980422974),
            ["Head"] = CFrame.new(2.9802322387695312e-08, -2.384185791015625e-07, -9.685754776000977e-08, 0.9896448850631714, -0.13804180920124054, 0.03933866694569588, 0.14119887351989746, 0.9855172634124756, -0.09390733391046524, -0.02580573596060276, 0.09848951548337936, 0.9948034286499023),
            ["RightUpperArm"] = CFrame.new(1.1920928955078125e-07, -3.5762786865234375e-07, -5.960464477539063e-08, 0.4370458424091339, -0.7720990777015686, -0.4613610804080963, 0.080133356153965, 0.544327974319458, -0.8350363969802856, 0.8958624601364136, 0.3279787302017212, 0.2997671365737915),
            ["UpperTorso"] = CFrame.new(-1.955777406692505e-08, 2.384185791015625e-07, 0, 0.9883475303649902, 0.14434941112995148, 0.048294395208358765, -0.15163187682628632, 0.961419403553009, 0.22952231764793396, -0.013299723155796528, -0.2341708093881607, 0.9721044898033142),
            ["HumanoidRootPart"] = CFrame.new(0, 0, 0, 1, 0, 0, 0, 1, 0, 0, 0, 1),
            ["RightHand"] = CFrame.new(-5.960464477539063e-08, 1.1920928955078125e-07, -2.682209014892578e-07, 1, 1.4901161193847656e-08, 0, -1.862645149230957e-08, 1, -7.450580596923828e-09, 7.450580596923828e-09, 0, 1),
            ["LeftUpperArm"] = CFrame.new(5.960464477539063e-08, -3.5762786865234375e-07, -2.9802322387695312e-08, 0.8944526314735413, 0.27343112230300903, 0.35382187366485596, -0.02103365957736969, 0.8161109685897827, -0.5775124430656433, -0.44666776061058044, 0.50911545753479, 0.7357238531112671),
            ["RightLowerArm"] = CFrame.new(-1.7881393432617188e-07, 4.172325134277344e-07, -2.384185791015625e-07, 1, -4.4703490686970326e-08, 7.450580596923828e-09, 8.940696716308594e-08, 0.7261367440223694, -0.6875503659248352, 1.043081283569336e-07, 0.6875503659248352, 0.7261366844177246),
            ["LeftHand"] = CFrame.new(-4.470348358154297e-08, -5.960464477539063e-08, 2.6635825634002686e-07, 1, -3.725290653733282e-08, -2.9802318834981634e-08, -5.960464477539063e-08, 1, 6.332992796842518e-08, 0, 1.4901162970204496e-08, 1),
            ["RightUpperLeg"] = CFrame.new(-2.9802322387695312e-08, 2.4028122425079346e-07, -1.6952981241047382e-09, 0.7967445850372314, -0.04964938387274742, 0.6022731065750122, 0.4839731454849243, 0.6492495536804199, -0.5867242217063904, -0.3618951141834259, 0.7589532732963562, 0.541314959526062),
            ["LeftUpperLeg"] = CFrame.new(5.960464477539063e-08, 3.7532299757003784e-07, 1.4901161193847656e-08, 0.9918801188468933, -0.10685819387435913, -0.06895782053470612, 0.06819165498018265, 0.9045588970184326, -0.4208599030971527, 0.10734875500202179, 0.4127402603626251, 0.9045009016990662),
            ["RightLowerLeg"] = CFrame.new(-1.4901161193847656e-07, -0.000003516674041748047, -0.000013424250937532634, 1, -1.8626447229053156e-07, -3.5390269204071956e-07, 1.6391282997574308e-07, -0.477213054895401, 0.8787875771522522, -4.0233149434243387e-07, -0.878787636756897, -0.47721314430236816),
            ["RightFoot"] = CFrame.new(4.470348358154297e-08, 4.172325134277344e-07, -3.55576048605144e-08, 0.9090048670768738, 0.2533090114593506, 0.3309763967990875, -0.24788402020931244, 0.9669751524925232, -0.05926551669836044, -0.3350580930709839, -0.028171034529805183, 0.9417762160301208),
            ["LeftLowerLeg"] = CFrame.new(4.190951585769653e-08, 0.000003993511199951172, 0.000013224780559539795, 1, -3.119930624961853e-08, -8.987261423953896e-08, 1.2572860974557898e-08, 0.8670757412910461, 0.49817636609077454, -9.033833237026556e-08, -0.4981764853000641, 0.8670757412910461),
        }},
        {Time = 0.050, Data = {
            ["LeftFoot"] = CFrame.new(2.6775524020195007e-08, 0, 1.4901161193847656e-08, 0.9994818568229675, -0.03085334785282612, -0.009174395352602005, 0.031235191971063614, 0.9985035061836243, 0.044889453798532486, 0.007775754667818546, -0.04515261948108673, 0.9989498257637024),
            ["LeftLowerArm"] = CFrame.new(1.1920928955078125e-07, -5.960464477539063e-08, 1.1920928955078125e-07, 1, -2.2351738948600541e-07, 5.960463766996327e-08, 7.82310962677002e-08, 0.2530212998390198, -0.9674606919288635, 1.2665987014770508e-07, 0.9674606919288635, 0.253021240234375),
            ["LowerTorso"] = CFrame.new(0.040120236575603485, 0.014259815216064453, -0.005668184719979763, 0.9203593730926514, 0.021726109087467194, 0.39046967029571533, -0.044976912438869476, 0.9977108240127563, 0.0504995658993721, -0.38847866654396057, -0.06403987109661102, 0.9192296862602234),
            ["Head"] = CFrame.new(5.21540641784668e-08, 1.1920928955078125e-07, -2.2351741790771484e-08, 0.9923352003097534, -0.1136770024895668, 0.048461005091667175, 0.11788700520992279, 0.9884390830993652, -0.09534668177366257, -0.037062011659145355, 0.10032876580953598, 0.9942638874053955),
            ["RightUpperArm"] = CFrame.new(0, 1.1920928955078125e-07, -5.960464477539063e-08, 0.46196386218070984, -0.7260974645614624, -0.5092856884002686, 0.09793378412723541, 0.6124830842018127, -0.7843937277793884, 0.8814750909805298, 0.3124852776527405, 0.3540545403957367),
            ["UpperTorso"] = CFrame.new(0, -2.9802322387695312e-08, -1.30385160446167e-08, 0.9896360635757446, 0.13531148433685303, 0.04807724803686142, -0.14275617897510529, 0.9632676243782043, 0.2274560183286667, -0.015533817932009697, -0.2319619506597519, 0.9726008176803589),
            ["HumanoidRootPart"] = CFrame.new(0, 0, 0, 1, 0, 0, 0, 1, 0, 0, 0, 1),
            ["RightHand"] = CFrame.new(1.1920928955078125e-07, -2.384185791015625e-07, 7.450580596923828e-09, 1, -3.725289943190546e-08, -2.4214383387288763e-08, 2.2351738238057806e-08, 1, 3.7252898543727042e-09, -1.1175869119028903e-08, 0, 1),
            ["LeftUpperArm"] = CFrame.new(0, 1.1920928955078125e-07, -1.4901161193847656e-08, 0.924025297164917, 0.24692024290561676, 0.2919035255908966, -0.03977808356285095, 0.8214272260665894, -0.5689245462417603, -0.38025641441345215, 0.5140892863273621, 0.7688415050506592),
            ["RightLowerArm"] = CFrame.new(-8.940696716308594e-08, 2.384185791015625e-07, 0, 1, -2.980232594040899e-08, 3.166497108963995e-08, 2.9802322387695312e-08, 0.7798341512680054, -0.6259863376617432, 5.960464477539063e-08, 0.6259863376617432, 0.7798341512680054),
            ["LeftHand"] = CFrame.new(1.7881393432617188e-07, 0, 2.7194619178771973e-07, 1, 1.4901161193847656e-08, 0, -7.4505797087454084e-09, 1, 1.4901161193847656e-08, -3.725289943190546e-08, -7.450580596923828e-09, 1),
            ["RightUpperLeg"] = CFrame.new(5.960464477539063e-08, 2.9802322387695312e-08, -1.6596459317952394e-08, 0.8466505408287048, 0.031987570226192474, 0.5311870574951172, 0.4637744724750519, 0.44513437151908875, -0.7660083770751953, -0.26095229387283325, 0.8948923945426941, 0.3620380461215973),
            ["LeftUpperLeg"] = CFrame.new(-5.960464477539063e-08, -2.477318048477173e-07, 2.2351741790771484e-08, 0.995664656162262, -0.07684149593114853, -0.05241620913147926, 0.04760051891207695, 0.9050585031509399, -0.42261505126953125, 0.07991407811641693, 0.41828760504722595, 0.9047923684120178),
            ["RightLowerLeg"] = CFrame.new(8.940696716308594e-08, -0.000003814697265625, -0.000013431701518129557, 1, -1.639127589214695e-07, -3.091991231940483e-07, 2.5331974029541016e-07, -0.47871407866477966, 0.8779709935188293, -3.7997961044311523e-07, -0.8779708743095398, -0.4787139296531677),
            ["RightFoot"] = CFrame.new(2.086162567138672e-07, 2.980232238769531e-07, -6.908521754667163e-08, 0.928921639919281, 0.201391339302063, 0.3107191026210785, -0.22002553939819336, 0.975154459476471, 0.025743518024683, -0.2978144884109497, -0.09227962046861649, 0.9501531720161438),
            ["LeftLowerLeg"] = CFrame.new(9.406358003616333e-08, 0.000003993511199951172, 0.000013343989849090576, 1, 2.8405331420344737e-08, 3.5623084926328374e-08, -2.561137080192566e-08, 0.8679755330085754, 0.496606707572937, -1.6996636986732483e-08, -0.4966070055961609, 0.867975652217865),
        }},
        {Time = 0.067, Data = {
            ["LeftFoot"] = CFrame.new(-7.683411240577698e-09, 1.1920928955078125e-07, -1.4901161193847656e-08, 0.9991750121116638, -0.038639914244413376, -0.01249981764703989, 0.039342060685157776, 0.9973065853118896, 0.061902716755867004, 0.010074255988001823, -0.06234334409236908, 0.9980039596557617),
            ["LeftLowerArm"] = CFrame.new(-1.7881393432617188e-07, 0, -2.384185791015625e-07, 1, -1.7601998081318015e-07, 6.705523247774181e-08, 1.3783574104309082e-07, 0.30479705333709717, -0.9524173140525818, 1.043081283569336e-07, 0.9524174332618713, 0.30479705333709717),
            ["LowerTorso"] = CFrame.new(0.06528739631175995, 0.05251884460449219, -0.009170417673885822, 0.9308459758758545, -0.002301989123225212, 0.36540451645851135, -0.022851692512631416, 0.9976562261581421, 0.06449837982654572, -0.36469653248786926, -0.06838817894458771, 0.9286115765571594),
            ["Head"] = CFrame.new(1.4901161193847656e-08, 0, -8.940696716308594e-08, 0.9940303564071655, -0.08639810979366302, 0.0666259378194809, 0.09269829094409943, 0.9908475279808044, -0.09812397509813309, -0.05753835663199425, 0.10371436178684235, 0.9929414391517639),
            ["RightUpperArm"] = CFrame.new(0, -1.1920928955078125e-07, -1.1920928955078125e-07, 0.4971909523010254, -0.6585330367088318, -0.5649207830429077, 0.11813588440418243, 0.6964170336723328, -0.7078469395637512, 0.8595610857009888, 0.28519758582115173, 0.42404866218566895),
            ["UpperTorso"] = CFrame.new(0, 1.4901161193847656e-07, 7.450580596923828e-09, 0.9913849830627441, 0.12222585082054138, 0.04708196595311165, -0.12975583970546722, 0.9655109643936157, 0.2257257103919983, -0.01786864548921585, -0.22989022731781006, 0.9730525016784668),
            ["HumanoidRootPart"] = CFrame.new(0, 0, 0, 1, 0, 0, 0, 1, 0, 0, 0, 1),
            ["RightHand"] = CFrame.new(5.960464477539063e-08, -5.960464477539063e-08, 1.7136335372924805e-07, 1, 0, 3.725290298461914e-09, 1.4901162970204496e-08, 1, -1.862645149230957e-08, 7.450581485102248e-09, 4.0978193283081055e-08, 1),
            ["LeftUpperArm"] = CFrame.new(0, -2.384185791015625e-07, -1.4156103134155273e-07, 0.9546232223510742, 0.21479187905788422, 0.2062985748052597, -0.06628216803073883, 0.8285619020462036, -0.555960476398468, -0.2903468608856201, 0.5170588493347168, 0.8052011728286743),
            ["RightLowerArm"] = CFrame.new(-1.4901161193847656e-07, 5.960464477539063e-08, 0, 1, -4.470348358154297e-08, 1.4901161193847656e-08, 4.470348358154297e-08, 0.8344612717628479, -0.5510667562484741, 1.4901161193847656e-08, 0.5510666370391846, 0.8344612121582031),
            ["LeftHand"] = CFrame.new(-1.7881393432617188e-07, 1.1920928955078125e-07, 2.2351741790771484e-07, 1, 0, 2.9802322387695312e-08, 2.0489096641540527e-08, 1, 3.725290298461914e-08, 0, -1.4901162970204496e-08, 1),
            ["RightUpperLeg"] = CFrame.new(1.1920928955078125e-07, 5.203764885663986e-08, 2.8107024263590574e-08, 0.9076071977615356, 0.1111237183213234, 0.40484654903411865, 0.37382593750953674, 0.2249462902545929, -0.8998075723648071, -0.19105862081050873, 0.9680138230323792, 0.16262175142765045),
            ["LeftUpperLeg"] = CFrame.new(-5.960464477539063e-08, -4.954636096954346e-07, 5.960464477539063e-08, 0.9985404014587402, -0.04375435784459114, -0.031665436923503876, 0.025899125263094902, 0.9023757576942444, -0.43017134070396423, 0.047395892441272736, 0.4287233352661133, 0.9021917581558228),
            ["RightLowerLeg"] = CFrame.new(7.450580596923828e-09, -0.0000034570693969726562, -0.000013178381777834147, 1, -1.4901158351676713e-07, -8.940698847936801e-08, 8.940693874137651e-08, -0.43453654646873474, 0.900654137134552, -5.587933316064664e-08, -0.9006541967391968, -0.43453672528266907),
            ["RightFoot"] = CFrame.new(-5.960464477539063e-08, 2.980232238769531e-07, -1.3205863069742918e-08, 0.9600827097892761, 0.14611856639385223, 0.23851734399795532, -0.17055492103099823, 0.9816628694534302, 0.08514147996902466, -0.22170302271842957, -0.12242336571216583, 0.9673988819122314),
            ["LeftLowerLeg"] = CFrame.new(1.5832483768463135e-08, 0.000003814697265625, 0.0000133514404296875, 1, 5.029141192380848e-08, 5.151379056655969e-08, -5.960465188081798e-08, 0.860773503780365, 0.5089883208274841, 8.17235630279356e-08, -0.5089883208274841, 0.8607734441757202),
        }},
        {Time = 0.083, Data = {
            ["LeftFoot"] = CFrame.new(1.3271346688270569e-08, 0, -3.725290298461914e-09, 0.9990924596786499, -0.040572065860033035, -0.012969858944416046, 0.04107193648815155, 0.9983170032501221, 0.04094231501221657, 0.011287110857665539, -0.04143794625997543, 0.9990774393081665),
            ["LeftLowerArm"] = CFrame.new(0, 1.7881393432617188e-07, 6.51925802230835e-09, 1, -2.2165474433677446e-07, 7.450579886381092e-08, 1.1548399925231934e-07, 0.36267659068107605, -0.9319150447845459, 1.2665987014770508e-07, 0.9319150447845459, 0.36267659068107605),
            ["LowerTorso"] = CFrame.new(0.09072358161211014, 0.06856298446655273, -0.012623371556401253, 0.9449480175971985, -0.023769911378622055, 0.32635632157325745, -0.0021351692266762257, 0.996889054775238, 0.07878990471363068, -0.3272138833999634, -0.07514918595552444, 0.9419573545455933),
            ["Head"] = CFrame.new(1.4901161193847656e-08, 2.384185791015625e-07, 1.3969838619232178e-07, 0.9935541152954102, -0.06010264903306961, 0.09611423313617706, 0.0698569267988205, 0.9923726320266724, -0.10157089680433273, -0.08927645534276962, 0.1076304167509079, 0.9901744723320007),
            ["RightUpperArm"] = CFrame.new(0, 1.1920928955078125e-07, 5.960464477539063e-08, 0.5423630475997925, -0.568190336227417, -0.6188716888427734, 0.13664211332798004, 0.786474347114563, -0.6023180484771729, 0.8289579153060913, 0.24211114645004272, 0.5041933655738831),
            ["UpperTorso"] = CFrame.new(3.259629011154175e-09, -3.2782554626464844e-07, -1.6763806343078613e-08, 0.9934617280960083, 0.10477136820554733, 0.04535127431154251, -0.11233591288328171, 0.9679358601570129, 0.22467948496341705, -0.02035720832645893, -0.2283051460981369, 0.9733767509460449),
            ["HumanoidRootPart"] = CFrame.new(0, 0, 0, 1, 0, 0, 0, 1, 0, 0, 0, 1),
            ["RightHand"] = CFrame.new(0, 0, -2.086162567138672e-07, 1, 2.9802322387695312e-08, 2.2351741790771484e-08, -1.4901161193847656e-08, 1, -1.4901161193847656e-08, 7.450580596923828e-09, 2.2351741790771484e-08, 1),
            ["LeftUpperArm"] = CFrame.new(0, 0, 4.470348358154297e-08, 0.9789136052131653, 0.17838823795318604, 0.09952767193317413, -0.09801464527845383, 0.8376540541648865, -0.5373350381851196, -0.17922399938106537, 0.5162493586540222, 0.8374755382537842),
            ["RightLowerArm"] = CFrame.new(1.1920928955078125e-07, -3.5762786865234375e-07, 5.960464477539063e-08, 1, -7.450581307466564e-08, -4.470348358154297e-08, 2.2351741790771484e-08, 0.8850510120391846, -0.4654942452907562, 6.705522537231445e-08, 0.465494304895401, 0.8850509524345398),
            ["LeftHand"] = CFrame.new(-3.2782554626464844e-07, 0, -4.023313522338867e-07, 1, 5.587936158235607e-08, 1.4901161193847656e-08, -7.450580596923828e-09, 1, 3.725290298461914e-08, 2.2351741790771484e-08, 0, 1),
            ["RightUpperLeg"] = CFrame.new(1.1920928955078125e-07, -5.559995770454407e-07, -1.6596459317952394e-08, 0.9490545988082886, 0.1858331561088562, 0.25448235869407654, 0.2515396177768707, 0.03965016454458237, -0.9670345187187195, -0.18979744613170624, 0.9817809462547302, -0.009114258922636509),
            ["LeftUpperLeg"] = CFrame.new(-5.960464477539063e-08, -4.684552550315857e-07, 1.4901161193847656e-08, 0.9999501705169678, -0.00992442574352026, -0.0011287014931440353, 0.008391693234443665, 0.8960075974464417, -0.4439595937728882, 0.005417238920927048, 0.4439280331134796, 0.8960461020469666),
            ["RightLowerLeg"] = CFrame.new(2.9802322387695312e-08, -0.0000034570693969726562, -0.000013245437003206462, 1, 1.9371502446574596e-07, 2.2351750317284313e-07, -1.4342366227992898e-07, -0.336135596036911, 0.9418136477470398, 1.983716799713875e-07, -0.941813588142395, -0.33613571524620056),
            ["RightFoot"] = CFrame.new(-5.960464477539063e-08, 2.980232238769531e-07, 6.129994289949536e-08, 0.986177921295166, 0.09419692307710648, 0.13630951941013336, -0.10658545792102814, 0.9905229210853577, 0.08662629872560501, -0.1268576681613922, -0.0999574363231659, 0.9868717193603516),
            ["LeftLowerLeg"] = CFrame.new(4.6566128730773926e-09, 0.000004112720489501953, 0.000013336539268493652, 1, 1.3923271069415932e-07, -4.109461215762167e-08, -9.82545458327877e-08, 0.8411272168159485, 0.5408373475074768, -4.377216455964117e-08, -0.540837287902832, 0.841127336025238),
        }},
        {Time = 0.100, Data = {
            ["LeftFoot"] = CFrame.new(8.614733815193176e-09, 0, -2.7939677238464355e-09, 0.9992988705635071, -0.036052245646715164, -0.010104615241289139, 0.03585181385278702, 0.9991697072982788, -0.019357042387127876, 0.010794135741889477, 0.018981272354722023, 0.9997616410255432),
            ["LeftLowerArm"] = CFrame.new(5.960464477539063e-08, -3.5762786865234375e-07, 4.470348358154297e-08, 1, -1.862645149230957e-07, 1.4901159417490817e-08, 1.266598843585598e-07, 0.42261824011802673, -0.9063078165054321, 1.005828522693264e-07, 0.9063078761100769, 0.4226180911064148),
            ["LowerTorso"] = CFrame.new(0.11386458575725555, 0.060346126556396484, -0.015938587486743927, 0.9616994857788086, -0.039337072521448135, 0.2712686061859131, 0.014718477614223957, 0.995631992816925, 0.09219823777675629, -0.2737104892730713, -0.08467434346675873, 0.9580776691436768),
            ["Head"] = CFrame.new(3.725290298461914e-08, -1.1920928955078125e-07, 0, 0.9896999001502991, -0.03749050945043564, 0.13816191256046295, 0.0523575097322464, 0.9930300712585449, -0.10559377074241638, -0.13324004411697388, 0.11173997819423676, 0.984764575958252),
            ["RightUpperArm"] = CFrame.new(0, 1.1920928955078125e-07, 1.1920928955078125e-07, 0.5958393812179565, -0.45674648880958557, -0.6605741381645203, 0.14883531630039215, 0.8710792660713196, -0.46804818511009216, 0.7891916632652283, 0.1805647313594818, 0.587003231048584),
            ["UpperTorso"] = CFrame.new(-1.862645149230957e-09, 2.086162567138672e-07, -1.30385160446167e-08, 0.9956564903259277, 0.08262644708156586, 0.04290827363729477, -0.09020009636878967, 0.9702541828155518, 0.2246573567390442, -0.023069392889738083, -0.2275519222021103, 0.9734926819801331),
            ["HumanoidRootPart"] = CFrame.new(0, 0, 0, 1, 0, 0, 0, 1, 0, 0, 0, 1),
            ["RightHand"] = CFrame.new(-1.4901161193847656e-07, -1.1920928955078125e-07, 0, 1, 4.4703490686970326e-08, 2.980232594040899e-08, -1.4901161193847656e-08, 1, 1.4901162970204496e-08, 1.4901161193847656e-08, -4.4703490686970326e-08, 1),
            ["LeftUpperArm"] = CFrame.new(-1.1920928955078125e-07, 0, 2.9802322387695312e-08, 0.9899165034294128, 0.13964849710464478, -0.02374185062944889, -0.13200229406356812, 0.8486252427101135, -0.512260377407074, -0.05138843506574631, 0.5102289319038391, 0.8585019707679749),
            ["RightLowerArm"] = CFrame.new(-1.7881393432617188e-07, -1.7881393432617188e-07, 0, 1, -5.960464477539063e-08, -2.9802322387695312e-08, 3.771856427192688e-08, 0.9276465177536011, -0.37345951795578003, 1.4156103134155273e-07, 0.3734595775604248, 0.9276465177536011),
            ["LeftHand"] = CFrame.new(-4.470348358154297e-08, -5.960464477539063e-08, 4.76837158203125e-07, 1, 0, 2.2351741790771484e-08, -3.725290742551124e-09, 1, 2.9802322387695312e-08, -3.725290653733282e-08, -3.725290742551124e-09, 1),
            ["RightUpperLeg"] = CFrame.new(-1.4901161193847656e-07, 8.381903171539307e-08, -6.129994289949536e-08, 0.9579542875289917, 0.2629651725292206, 0.1147732213139534, 0.14106830954551697, -0.08333725482225418, -0.98648601770401, -0.24984659254550934, 0.9611994028091431, -0.11692937463521957),
            ["LeftUpperLeg"] = CFrame.new(5.960464477539063e-08, 4.647299647331238e-07, -2.9802322387695312e-08, 0.9989181160926819, 0.02297690510749817, 0.040430258959531784, -0.0020020713564008474, 0.8898518681526184, -0.4562450051307678, -0.04646011069417, 0.45567071437835693, 0.8889352083206177),
            ["RightLowerLeg"] = CFrame.new(-1.4901161193847656e-08, -0.000003337860107421875, -0.00001285241887671873, 1, -2.682208162241295e-07, -2.421439262434433e-07, 2.9406510293483734e-07, -0.17452746629714966, 0.9846524000167847, -3.1478703022003174e-07, -0.9846522808074951, -0.17452749609947205),
            ["RightFoot"] = CFrame.new(5.960464477539063e-08, 0, 6.129994289949536e-08, 0.9986103177070618, 0.0353328101336956, 0.039104390889406204, -0.036651089787483215, 0.9987656474113464, 0.03352557495236397, -0.037871647626161575, -0.03491227328777313, 0.998672604560852),
            ["LeftLowerLeg"] = CFrame.new(-4.842877388000488e-08, 0.0000036954879760742188, 0.000013321638107299805, 1, 8.381903171539307e-08, 2.1420413887085488e-08, -5.960463056453591e-08, 0.811939001083374, 0.5837423801422119, 3.6088742660922435e-08, -0.5837422609329224, 0.811939001083374),
        }},
        {Time = 0.117, Data = {
            ["LeftFoot"] = CFrame.new(-3.14321368932724e-08, 0, -7.450580596923828e-09, 0.9996421933174133, -0.026129834353923798, -0.005720056127756834, 0.025419022887945175, 0.9945610761642456, -0.10100607573986053, 0.008328194729983807, 0.10082449018955231, 0.9948694109916687),
            ["LeftLowerArm"] = CFrame.new(8.940696716308594e-08, -1.1920928955078125e-07, -4.470348358154297e-08, 1, -1.9371512394172896e-07, 5.7742006731587026e-08, 1.1641533603778953e-07, 0.48076412081718445, -0.8768500685691833, 1.4156104555240745e-07, 0.8768500685691833, 0.48076412081718445),
            ["LowerTorso"] = CFrame.new(0.13425981998443604, 0.03818845748901367, -0.01901831664144993, 0.9778716564178467, -0.0490085743367672, 0.20338481664657593, 0.028185566887259483, 0.9941731691360474, 0.10404486954212189, -0.20729884505271912, -0.0960099995136261, 0.9735549688339233),
            ["Head"] = CFrame.new(-2.9802322387695312e-08, -2.384185791015625e-07, 3.259629011154175e-08, 0.9815812706947327, -0.017742693424224854, 0.19021980464458466, 0.03948795422911644, 0.9930195212364197, -0.11114400625228882, -0.1869199424982071, 0.11660824716091156, 0.9754299521446228),
            ["RightUpperArm"] = CFrame.new(0, -1.1920928955078125e-07, 5.960464477539063e-08, 0.6544126272201538, -0.3300144672393799, -0.6803195476531982, 0.1505334973335266, 0.9385808706283569, -0.3104926347732544, 0.7410019040107727, 0.10077936202287674, 0.6638973951339722),
            ["UpperTorso"] = CFrame.new(-1.0244548320770264e-08, -1.7881393432617188e-07, -5.587935447692871e-09, 0.9976763725280762, 0.05617634952068329, 0.03855159878730774, -0.06346403062343597, 0.9720828533172607, 0.22589217126369476, -0.02478555403649807, -0.22781391441822052, 0.9733892679214478),
            ["HumanoidRootPart"] = CFrame.new(0, 0, 0, 1, 0, 0, 0, 1, 0, 0, 0, 1),
            ["RightHand"] = CFrame.new(3.5762786865234375e-07, -1.7881393432617188e-07, -2.9802322387695312e-08, 1, -1.1175870895385742e-08, 1.4901161193847656e-08, 0, 1, -7.450580596923828e-09, -3.725290298461914e-08, 2.2351741790771484e-08, 1),
            ["LeftUpperArm"] = CFrame.new(5.960464477539063e-08, -2.384185791015625e-07, 1.043081283569336e-07, 0.9825048446655273, 0.10097630321979523, -0.15648655593395233, -0.1650916486978531, 0.8610976338386536, -0.4808906018733978, 0.08619163930416107, 0.4983120262622833, 0.8627028465270996),
            ["RightLowerArm"] = CFrame.new(0, -1.7881393432617188e-07, 7.450580596923828e-08, 1, -1.1175869119028903e-08, -2.2351741790771484e-08, 2.9802318834981634e-08, 0.9598952531814575, -0.2803589105606079, 5.215405707303944e-08, 0.2803588807582855, 0.9598953127861023),
            ["LeftHand"] = CFrame.new(-8.940696716308594e-08, 0, 1.9371509552001953e-07, 1, -7.450580596923828e-09, 5.587935447692871e-09, 1.4901161193847656e-08, 1, -3.725290298461914e-09, -2.7939677238464355e-08, -3.166496753692627e-08, 1),
            ["RightUpperLeg"] = CFrame.new(0, -2.505257725715637e-07, -3.894820110872388e-08, 0.9380000829696655, 0.3464517891407013, 0.011273731477558613, 0.05979837849736214, -0.12969368696212769, -0.9897493720054626, -0.3414384424686432, 0.9290590286254883, -0.1423700600862503),
            ["LeftUpperLeg"] = CFrame.new(0, 1.341104507446289e-07, -1.4901161193847656e-08, 0.9945135116577148, 0.05406097322702408, 0.08955679833889008, -0.006803509313613176, 0.8877252340316772, -0.46032339334487915, -0.10438737273216248, 0.45718860626220703, 0.8832224607467651),
            ["RightLowerLeg"] = CFrame.new(-3.725290298461914e-08, -0.000003337860107421875, -0.000013011675036977977, 1, -1.7741686519912037e-07, -1.4901161193847656e-07, 2.1711457520723343e-07, 0.05873873084783554, 0.9982733726501465, -1.6763806343078613e-07, -0.9982734322547913, 0.05873904377222061),
            ["RightFoot"] = CFrame.new(-5.21540641784668e-08, 4.76837158203125e-07, -2.0656443666666746e-08, 0.9991098642349243, -0.033381782472133636, -0.025792021304368973, 0.03227681294083595, 0.9985907077789307, -0.04212861880660057, 0.02716209925711155, 0.0412587933242321, 0.9987792372703552),
            ["LeftLowerLeg"] = CFrame.new(-4.842877388000488e-08, 0.000003814697265625, 0.000013262033462524414, 1, -2.3283059036316445e-08, -8.149074304242276e-09, 1.6763808119435453e-08, 0.7806409001350403, 0.6249798536300659, 1.6065316188473844e-08, -0.6249799728393555, 0.7806409597396851),
        }},
        {Time = 0.133, Data = {
            ["LeftFoot"] = CFrame.new(-3.3527612686157227e-08, 0, 2.9802322387695312e-08, 0.9999172687530518, -0.01273476704955101, -0.001864491030573845, 0.01213541068136692, 0.9811183214187622, -0.19302748143672943, 0.0042874510399997234, 0.19298909604549408, 0.9811916947364807),
            ["LeftLowerArm"] = CFrame.new(0, 2.980232238769531e-07, 1.4901161193847656e-08, 1, -1.7136335372924805e-07, 3.3527612686157227e-08, 1.2479722499847412e-07, 0.5336742997169495, -0.8456900715827942, 1.30385160446167e-07, 0.8456900715827942, 0.5336742997169495),
            ["LowerTorso"] = CFrame.new(0.15198709070682526, 0.005828857421875, -0.02176249399781227, 0.9903356432914734, -0.05349879339337349, 0.1279580146074295, 0.03890956938266754, 0.9927284717559814, 0.11391417682170868, -0.1331218034029007, -0.10783447325229645, 0.985215961933136),
            ["Head"] = CFrame.new(3.119930624961853e-08, 0, 8.89413058757782e-08, 0.9687691330909729, -0.0014629272045567632, 0.24796023964881897, 0.03177734464406967, 0.9924696683883667, -0.11829721927642822, -0.24592000246047974, 0.12248224765062332, 0.9615204334259033),
            ["RightUpperArm"] = CFrame.new(0, 0, 7.450580596923828e-08, 0.7137082815170288, -0.197651669383049, -0.6719779968261719, 0.13923047482967377, 0.9802496433258057, -0.14044804871082306, 0.686465859413147, 0.006679151207208633, 0.7271313071250916),
            ["UpperTorso"] = CFrame.new(-9.313225746154785e-10, -1.4901161193847656e-07, -1.30385160446167e-08, 0.9991133213043213, 0.02802683785557747, 0.0314178541302681, -0.034468118101358414, 0.9730249643325806, 0.22811077535152435, -0.02417714335024357, -0.22899146378040314, 0.9731281399726868),
            ["HumanoidRootPart"] = CFrame.new(0, 0, 0, 1, 0, 0, 0, 1, 0, 0, 0, 1),
            ["RightHand"] = CFrame.new(-2.4959444999694824e-07, -1.7881393432617188e-07, 2.9802322387695312e-08, 1, 7.823108916227284e-08, 1.6763804566721774e-08, -3.352760913344355e-08, 1, 3.7252898543727042e-09, 2.9802318834981634e-08, 7.4505797087454084e-09, 1),
            ["LeftUpperArm"] = CFrame.new(5.960464477539063e-08, 1.1920928955078125e-07, 1.9371509552001953e-07, 0.9547958374023438, 0.06485393643379211, -0.2901017367839813, -0.19445720314979553, 0.8744032382965088, -0.44452834129333496, 0.22483643889427185, 0.4808460772037506, 0.8474878668785095),
            ["RightLowerArm"] = CFrame.new(-5.960464477539063e-08, -7.152557373046875e-07, -5.960464477539063e-08, 1, -2.6077035641947077e-08, -6.51925802230835e-08, -2.9802322387695312e-08, 0.9813557863235474, -0.19220031797885895, 6.705522537231445e-08, 0.19220036268234253, 0.9813557863235474),
            ["LeftHand"] = CFrame.new(-8.940696716308594e-08, 5.960464477539063e-08, -2.980232238769531e-07, 1, 1.4901162970204496e-08, 7.4505797087454084e-09, -7.450580596923828e-09, 1, 1.1175869119028903e-08, 0, 1.5832485544819974e-08, 1),
            ["RightUpperLeg"] = CFrame.new(-2.9802322387695312e-08, -4.5821070671081543e-07, -2.4047039914876223e-08, 0.8986583948135376, 0.4367785155773163, -0.04046902433037758, 0.006539084017276764, -0.10558725893497467, -0.9943885207176208, -0.4386005699634552, 0.8933508992195129, -0.09774313122034073),
            ["LeftUpperLeg"] = CFrame.new(0, -2.4354085326194763e-07, -2.2351741790771484e-08, 0.9860787391662598, 0.08255326002836227, 0.1443391591310501, -0.007400802336633205, 0.8889814615249634, -0.4578835368156433, -0.1661146730184555, 0.4504409730434418, 0.877216637134552),
            ["RightLowerLeg"] = CFrame.new(0, -0.0000036954879760742188, -0.000013215576473157853, 1, 1.862644793959589e-08, 2.1886082279820585e-08, -6.946357444803652e-08, 0.34652963280677795, 0.9380388259887695, 5.5064454329567525e-08, -0.9380390644073486, 0.34653016924858093),
            ["RightFoot"] = CFrame.new(1.0617077350616455e-07, 3.5762786865234375e-07, -3.090099198743701e-08, 0.9937655925750732, -0.09923917055130005, -0.05081098526716232, 0.09406055510044098, 0.9909484386444092, -0.0957794263958931, 0.05985603481531143, 0.0904034897685051, 0.9941049814224243),
            ["LeftLowerLeg"] = CFrame.new(-2.421438694000244e-08, 0.000003933906555175781, 0.00001325458288192749, 1, 8.940698847936801e-08, -1.0244549208948683e-08, -6.70552182668871e-08, 0.74888014793396, 0.6627052426338196, 5.727633123342457e-08, -0.6627054810523987, 0.7488803267478943),
        }},
        {Time = 0.150, Data = {
            ["LeftFoot"] = CFrame.new(2.7474015951156616e-08, 5.960464477539063e-08, 7.450580596923828e-09, 0.9999988675117493, 0.0015017818659543991, 0.00010822631884366274, -0.0014082222478464246, 0.9583011865615845, -0.28575679659843445, -0.0005328991101123393, 0.28575628995895386, 0.9583021402359009),
