return {
    ["Side Step"] = {
        {Time = 0.000, Data = {
            ["RightFoot"] = CFrame.new(1.7337879398837686e-07, 2.980232238769531e-07, -5.115725798532367e-08, 0.9036090970039368, 0.4174712300300598, 0.09596208482980728, -0.42576032876968384, 0.8999366164207458, 0.09403187036514282, -0.04710450395941734, -0.12582479417324066, 0.9909335970878601),
            ["LeftLowerArm"] = CFrame.new(-5.960464477539063e-08, -5.960464477539063e-08, -8.195638656616211e-08, 1, -7.450579886381092e-08, 8.195638656616211e-08, 5.8673322200775146e-08, -0.4458034634590149, -0.8951308727264404, 1.341104507446289e-07, 0.8951308131217957, -0.4458034932613373),
            ["LeftFoot"] = CFrame.new(5.511674316949211e-08, 5.960464477539063e-08, 2.707110979827121e-08, 0.8498378992080688, -0.47571420669555664, 0.22687384486198425, 0.5053009390830994, 0.6130572557449341, -0.6073151230812073, 0.14982180297374725, 0.6307589411735535, 0.7613781690597534),
            ["Head"] = CFrame.new(-7.450580596923828e-09, -1.1920928955078125e-07, -1.1175870895385742e-08, 0.9903823733329773, -0.014583662152290344, 0.1375865787267685, -0.0003337542584631592, 0.994174599647522, 0.10778159648180008, -0.13835692405700684, -0.10679081827402115, 0.9846081733703613),
            ["LowerTorso"] = CFrame.new(-0.05008145421743393, -0.552013635635376, 0, 0.9629202485084534, 0.05931685492396355, -0.2631845474243164, -0.11883250623941422, 0.9690527319908142, -0.2163693606853485, 0.24220533668994904, 0.23962128162384033, 0.9401693344116211),
            ["UpperTorso"] = CFrame.new(1.862645149230957e-09, -2.086162567138672e-07, 1.862645149230957e-08, 0.9990608096122742, 0.01722577027976513, 0.03975944593548775, -0.026748601347208023, 0.967056930065155, 0.2531512975692749, -0.03408895805478096, -0.25397706031799316, 0.9666093587875366),
            ["HumanoidRootPart"] = CFrame.new(0, 0, 0, 1, 0, 0, 0, 1, 0, 0, 0, 1),
            ["RightUpperLeg"] = CFrame.new(-2.9802322387695312e-08, -8.568167686462402e-08, -4.639878170564771e-08, 0.6670680046081543, -0.7327411770820618, 0.13457541167736053, 0.6150193214416504, 0.4396831691265106, -0.6545456647872925, 0.42044195532798767, 0.5193929672241211, 0.7439485788345337),
            ["LeftUpperArm"] = CFrame.new(0, -1.1920928955078125e-07, -1.4901161193847656e-08, 0.8601365685462952, 0.5100352764129639, -0.005406801123172045, -0.07241878658533096, 0.11162236332893372, -0.9911084771156311, -0.5048967003822327, 0.8528801798820496, 0.13294662535190582),
            ["RightLowerArm"] = CFrame.new(0, 1.1920928955078125e-07, -5.960464477539063e-08, 1, -7.450581307466564e-08, 6.705523247774181e-08, 5.587935447692871e-08, 0.543020486831665, -0.8397195935249329, 6.705522537231445e-08, 0.8397195339202881, 0.5430204272270203),
            ["LeftHand"] = CFrame.new(1.043081283569336e-07, 4.76837158203125e-07, -2.9802322387695312e-08, 1, 1.4901164746561335e-08, 2.2351741790771484e-08, -3.725290298461914e-08, 1, 2.9802322387695312e-08, -1.4901161193847656e-08, -7.450582373280668e-09, 1),
            ["RightHand"] = CFrame.new(0, 1.1920928955078125e-07, 0, 0.9770240783691406, 0.1921100616455078, -0.09229167550802231, -0.20614981651306152, 0.9617387652397156, -0.18044616281986237, 0.05409499257802963, 0.19532614946365356, 0.9792454242706299),
            ["RightUpperArm"] = CFrame.new(-5.960464477539063e-08, 0, 7.450580596923828e-09, 0.7644708752632141, -0.4540526270866394, 0.4576251208782196, 0.06725253909826279, 0.7621703743934631, 0.6438738107681274, -0.6411407589912415, -0.4614463746547699, 0.613193154335022),
            ["RightLowerLeg"] = CFrame.new(1.1920928955078125e-07, -7.152557373046875e-07, -0.0000024197433958761394, 1, 0.0000011473887298052432, 6.854533580735733e-07, -0.0000011920927818209748, 0.5662015080451965, 0.8242664933204651, 7.562338169009308e-07, -0.8242669105529785, 0.5662019848823547),
            ["LeftUpperLeg"] = CFrame.new(2.9802322387695312e-08, -1.862645149230957e-07, -1.4901161193847656e-08, 0.9208009243011475, 0.3011547029018402, -0.24785414338111877, -0.3324486017227173, 0.9383282661437988, -0.09496317058801651, 0.20396986603736877, 0.1698409765958786, 0.9641318917274475),
            ["LeftLowerLeg"] = CFrame.new(8.940696716308594e-08, 5.364418029785156e-07, 0.0000023990869522094727, 1, 1.4901155864777138e-08, -3.725290298461914e-08, -5.960464477539063e-08, 0.4419425427913666, 0.8970434069633484, 7.450580596923828e-08, -0.8970433473587036, 0.44194260239601135),
        }},
        {Time = 0.017, Data = {
            ["RightFoot"] = CFrame.new(-3.1890522222965956e-08, 2.980232238769531e-07, 1.0135408956557512e-08, 0.9100645780563354, 0.40926337242126465, 0.06546962261199951, -0.4125708043575287, 0.9096195101737976, 0.04875984042882919, -0.03959700092673302, -0.07138525694608688, 0.9966625571250916),
            ["LeftLowerArm"] = CFrame.new(5.960464477539063e-08, 0, 2.086162567138672e-07, 1, -8.195639367158947e-08, 8.940698847936801e-08, 1.2293457984924316e-07, -0.4387155771255493, -0.8986260294914246, 1.4156103134155273e-07, 0.8986259698867798, -0.4387156367301941),
            ["LeftFoot"] = CFrame.new(1.0476651368662715e-07, -5.960464477539063e-08, -4.720641300082207e-08, 0.8424748778343201, -0.5102839469909668, 0.1727609634399414, 0.5050436854362488, 0.6364521384239197, -0.5829747319221497, 0.18752864003181458, 0.5783934593200684, 0.7939106225967407),
            ["Head"] = CFrame.new(-2.7939677238464355e-09, 1.1920928955078125e-07, -3.725290298461914e-09, 0.9905299544334412, -0.015017583966255188, 0.13647352159023285, -0.00023354653967544436, 0.9938142895698547, 0.11105501651763916, -0.1372971385717392, -0.11003509163856506, 0.9843991994857788),
            ["LowerTorso"] = CFrame.new(0.0029922749381512403, -0.5372171401977539, 0, 0.9635257124900818, 0.0632375180721283, -0.2600369453430176, -0.11178900301456451, 0.9779515266418457, -0.17639170587062836, 0.24314896762371063, 0.19902721047401428, 0.9493507146835327),
            ["UpperTorso"] = CFrame.new(-2.0489096641540527e-08, 0, -4.237517714500427e-08, 0.9988546371459961, 0.023582698777318, 0.04163379222154617, -0.031928710639476776, 0.9765607118606567, 0.21286088228225708, -0.035638146102428436, -0.21394634246826172, 0.9761951565742493),
            ["HumanoidRootPart"] = CFrame.new(0, 0, 0, 1, 0, 0, 0, 1, 0, 0, 0, 1),
            ["RightUpperLeg"] = CFrame.new(5.960464477539063e-08, -1.9185245037078857e-07, 5.75528247281909e-09, 0.6954841017723083, -0.7048175930976868, 0.1397647112607956, 0.5845149755477905, 0.4418242871761322, -0.6805392503738403, 0.41790449619293213, 0.5549986958503723, 0.7192580699920654),
            ["LeftUpperArm"] = CFrame.new(5.960464477539063e-08, -1.1920928955078125e-07, -7.450580596923828e-09, 0.8745726943016052, 0.48354366421699524, -0.03616972267627716, -0.1223972737789154, 0.1479676216840744, -0.981389045715332, -0.46919241547584534, 0.862723171710968, 0.1885928511619568),
            ["RightLowerArm"] = CFrame.new(0, -2.384185791015625e-07, 2.980232238769531e-07, 1, -8.940698137394065e-08, 1.4901161193847656e-08, 7.82310962677002e-08, 0.589087724685669, -0.808069109916687, 4.0978193283081055e-08, 0.8080691695213318, 0.589087724685669),
            ["LeftHand"] = CFrame.new(1.341104507446289e-07, 1.1920928955078125e-07, 2.9802322387695312e-08, 1, -0.00023612382938154042, -0.00005185603367863223, 0.00023607912589795887, 1, -0.00017171351646538824, 0.00005185604823054746, 0.0001716241386020556, 1),
            ["RightHand"] = CFrame.new(8.195638656616211e-08, 4.76837158203125e-07, 5.960464477539063e-08, 0.9770240187644958, 0.19211003184318542, -0.09229167550802231, -0.20614981651306152, 0.9617388248443604, -0.18044623732566833, 0.054094985127449036, 0.19532622396945953, 0.9792453646659851),
            ["RightUpperArm"] = CFrame.new(0, 2.384185791015625e-07, 7.450580596923828e-09, 0.7666769623756409, -0.43307000398635864, 0.47397974133491516, 0.059495482593774796, 0.7829941511154175, 0.6191772818565369, -0.6392704248428345, -0.44650930166244507, 0.6260692477226257),
            ["RightLowerLeg"] = CFrame.new(2.9802322387695312e-08, -5.960464477539062e-07, -0.0000024495457182638347, 1, 0.0000012516969718490145, 6.426125764846802e-07, -0.0000012218952178955078, 0.5248388051986694, 0.8512014150619507, 7.413327693939209e-07, -0.8512016534805298, 0.5248392224311829),
            ["LeftUpperLeg"] = CFrame.new(-1.7881393432617188e-07, -1.471489667892456e-07, 0, 0.9085692763328552, 0.3679058849811554, -0.19785648584365845, -0.3917921781539917, 0.914810836315155, -0.09808195382356644, 0.1449161320924759, 0.16663281619548798, 0.9753116369247437),
            ["LeftLowerLeg"] = CFrame.new(-1.4901161193847656e-08, 5.960464477539062e-07, 0.000002384185791015625, 1, -1.4901155864777138e-08, 3.725290298461914e-08, 2.9802322387695312e-08, 0.5169232487678528, 0.8560316562652588, 4.470348358154297e-08, -0.8560317158699036, 0.5169235467910767),
        }},
        {Time = 0.033, Data = {
            ["RightFoot"] = CFrame.new(5.7589204516261816e-08, 1.7881393432617188e-07, -4.602043190971017e-08, 0.917966365814209, 0.3952711820602417, 0.03314805030822754, -0.395995557308197, 0.9180557727813721, 0.019000234082341194, -0.022921813651919365, -0.0305677130818367, 0.9992699027061462),
            ["LeftLowerArm"] = CFrame.new(5.960464477539063e-08, 0, -2.086162567138672e-07, 1, -1.2293457984924316e-07, 1.266598843585598e-07, 1.043081283569336e-07, -0.3990955352783203, -0.916909396648407, 1.2293457984924316e-07, 0.9169093370437622, -0.3990955650806427),
            ["LeftFoot"] = CFrame.new(-3.457239472481888e-08, 0, 2.9156581149436533e-08, 0.8363400101661682, -0.5313555002212524, 0.134896382689476, 0.5138663649559021, 0.6741141676902771, -0.530576229095459, 0.19098907709121704, 0.5130609273910522, 0.8368344902992249),
            ["Head"] = CFrame.new(-1.0244548320770264e-08, 1.1920928955078125e-07, 3.725290298461914e-09, 0.9909449219703674, -0.016063768416643143, 0.13330495357513428, 0.000055072341638151556, 0.9928661584854126, 0.11923515051603317, -0.1342693269252777, -0.11814801394939423, 0.9838764667510986),
            ["LowerTorso"] = CFrame.new(0.05438944324851036, -0.4975903034210205, 0, 0.9655613899230957, 0.06301943957805634, -0.25242772698402405, -0.10146667808294296, 0.9846078157424927, -0.14230956137180328, 0.23957404494285583, 0.16302160918712616, 0.9570936560630798),
            ["UpperTorso"] = CFrame.new(1.210719347000122e-08, -8.940696716308594e-08, 0, 0.9986633658409119, 0.03207288682460785, 0.04053230583667755, -0.03879339620471001, 0.9833143353462219, 0.17773041129112244, -0.03415567800402641, -0.17906518280506134, 0.9832442402839661),
            ["HumanoidRootPart"] = CFrame.new(0, 0, 0, 1, 0, 0, 0, 1, 0, 0, 0, 1),
            ["RightUpperLeg"] = CFrame.new(5.960464477539063e-08, -2.0302832126617432e-07, -1.6952981241047382e-09, 0.7293994426727295, -0.6740657687187195, 0.11667025089263916, 0.5520503520965576, 0.4792715907096863, -0.6823042631149292, 0.4040011167526245, 0.5620802044868469, 0.7216987609863281),
            ["LeftUpperArm"] = CFrame.new(5.960464477539063e-08, -1.1920928955078125e-07, 0, 0.9011852145195007, 0.4157407283782959, -0.12257647514343262, -0.24598465859889984, 0.25771892070770264, -0.9343835711479187, -0.3568710386753082, 0.8722044825553894, 0.3345184028148651),
            ["RightLowerArm"] = CFrame.new(1.1920928955078125e-07, -1.1920928955078125e-07, 2.086162567138672e-07, 1, -7.450580596923828e-08, 1.862645149230957e-08, 7.450579886381092e-08, 0.6998374462127686, -0.7143022418022156, 2.9802318834981634e-08, 0.7143021821975708, 0.6998373866081238),
            ["LeftHand"] = CFrame.new(-5.960464477539063e-08, -3.5762786865234375e-07, -5.960464477539063e-08, 0.9999995231628418, -0.0009346661390736699, -0.0002051033079624176, 0.0009345337748527527, 0.9999994039535522, -0.0006798133254051208, 0.0002057403326034546, 0.000679645745549351, 0.9999997615814209),
            ["RightHand"] = CFrame.new(-5.960464477539063e-08, -2.980232238769531e-07, 2.9802322387695312e-08, 0.9770240783691406, 0.19211003184318542, -0.09229174256324768, -0.20614981651306152, 0.9617388248443604, -0.18044620752334595, 0.05409500002861023, 0.19532620906829834, 0.9792454242706299),
            ["RightUpperArm"] = CFrame.new(0, -1.1920928955078125e-07, -2.9802322387695312e-08, 0.7710096836090088, -0.3786579966545105, 0.5120178461074829, 0.04168064147233963, 0.8323001265525818, 0.5527560114860535, -0.6354579925537109, -0.4048389494419098, 0.6574941277503967),
            ["RightLowerLeg"] = CFrame.new(1.4901161193847656e-07, -7.152557373046875e-07, -0.000002397391654085368, 1, 0.0000025331958113383735, 0.0000013345852494239807, -0.000002384185791015625, 0.5302727222442627, 0.8478268384933472, 0.000001475214958190918, -0.8478272557258606, 0.5302731990814209),
            ["LeftUpperLeg"] = CFrame.new(5.960464477539063e-08, -1.1920928955078125e-07, 2.9802322387695312e-08, 0.8957725763320923, 0.41891223192214966, -0.148674875497818, -0.4325377345085144, 0.8985522389411926, -0.07426244020462036, 0.10248252749443054, 0.13082970678806305, 0.9860937595367432),
            ["LeftLowerLeg"] = CFrame.new(7.450580596923828e-09, 5.960464477539062e-07, 0.0000023990869522094727, 1, -8.195635814445268e-08, 6.70552182668871e-08, 7.450581485102248e-09, 0.6318101286888123, 0.7751230001449585, 2.2351745343485163e-08, -0.7751231789588928, 0.6318103671073914),
        }},
        {Time = 0.050, Data = {
            ["RightFoot"] = CFrame.new(8.324423106387258e-08, 2.980232238769531e-07, -3.5543052945286036e-08, 0.9257264137268066, 0.37819352746009827, -0.0007782827015034854, -0.37819063663482666, 0.9257249236106873, 0.0022160266526043415, 0.001558620948344469, -0.0017568449256941676, 0.9999972581863403),
            ["LeftLowerArm"] = CFrame.new(1.4901161193847656e-07, -1.1920928955078125e-07, 2.682209014892578e-07, 1, -7.916241884231567e-08, 1.1362135410308838e-07, 8.381903882082042e-08, -0.3144623637199402, -0.9492700099945068, 1.2014062633625144e-07, 0.9492699503898621, -0.3144623935222626),
            ["LeftFoot"] = CFrame.new(-1.906307716126321e-07, 0, 2.039496393990703e-08, 0.8319916129112244, -0.5443353056907654, 0.10718942433595657, 0.5289756655693054, 0.720086395740509, -0.4490654766559601, 0.16725662350654602, 0.43031927943229675, 0.8870460391044617),
            ["Head"] = CFrame.new(-5.8673322200775146e-08, 1.1920928955078125e-07, -3.725290298461914e-09, 0.9915792942047119, -0.01733052171766758, 0.12833671271800995, 0.0005222519976086915, 0.9915321469306946, 0.12986093759536743, -0.12950052320957184, -0.12870025634765625, 0.983191728591919),
            ["LowerTorso"] = CFrame.new(0.1040862500667572, -0.44405055046081543, 0, 0.9687126874923706, 0.059013813734054565, -0.2410670816898346, -0.08879547566175461, 0.9894349575042725, -0.11460279673337936, 0.2317570596933365, 0.1324228197336197, 0.9637183547019958),
            ["UpperTorso"] = CFrame.new(-2.2351741790771484e-08, 5.960464477539063e-08, -9.313225746154785e-09, 0.998451828956604, 0.04183594509959221, 0.03665657714009285, -0.0468406155705452, 0.9878078699111938, 0.1484646052122116, -0.029998453333973885, -0.14995177090168, 0.9882381558418274),
            ["HumanoidRootPart"] = CFrame.new(0, 0, 0, 1, 0, 0, 0, 1, 0, 0, 0, 1),
            ["RightUpperLeg"] = CFrame.new(-2.9802322387695312e-08, -9.406358003616333e-08, 2.0656443666666746e-08, 0.7651429176330566, -0.6389768123626709, 0.07914955168962479, 0.5187169909477234, 0.5389262437820435, -0.6636951565742493, 0.3814302086830139, 0.548878014087677, 0.7438037395477295),
            ["LeftUpperArm"] = CFrame.new(0, 1.1920928955078125e-07, -7.450580596923828e-09, 0.9085577130317688, 0.3314574062824249, -0.25428080558776855, -0.38656339049339294, 0.4362410008907318, -0.8125655055046082, -0.15840306878089905, 0.8365582823753357, 0.5244793891906738),
            ["RightLowerArm"] = CFrame.new(0, 1.1920928955078125e-07, 4.470348358154297e-08, 1, -7.82310962677002e-08, 1.4901161193847656e-08, 5.21540641784668e-08, 0.8275271654129028, -0.5614258646965027, -2.2351741790771484e-08, 0.5614258050918579, 0.8275271058082581),
            ["LeftHand"] = CFrame.new(1.7136335372924805e-07, 4.172325134277344e-07, 7.078051567077637e-08, 0.9999977946281433, -0.002081396523863077, -0.0004558135406114161, 0.0020807101391255856, 0.9999967217445374, -0.0015139842871576548, 0.0004589725285768509, 0.0015130270039662719, 0.9999988079071045),
            ["RightHand"] = CFrame.new(9.685754776000977e-08, 0, -2.9802322387695312e-08, 0.9770240783691406, 0.19211000204086304, -0.0922916904091835, -0.20614981651306152, 0.9617387652397156, -0.18044614791870117, 0.05409497767686844, 0.19532614946365356, 0.9792453050613403),
            ["RightUpperArm"] = CFrame.new(-5.960464477539063e-08, 0, -7.450580596923828e-09, 0.7744216918945312, -0.304503858089447, 0.5545704960823059, 0.022573241963982582, 0.8892967104911804, 0.45677343010902405, -0.6322669982910156, -0.3412167727947235, 0.6955642104148865),
            ["RightLowerLeg"] = CFrame.new(2.9802322387695312e-08, -7.152557373046875e-07, -0.000002486798621248454, 1, -1.4901154088420299e-08, 2.0023435354232788e-08, 2.9802322387695312e-08, 0.567755401134491, 0.823197066783905, 3.725290298461914e-08, -0.8231973052024841, 0.5677557587623596),
            ["LeftUpperLeg"] = CFrame.new(0, -6.146728992462158e-08, 1.4901161193847656e-08, 0.8836619853973389, 0.45866772532463074, -0.09362389147281647, -0.46236270666122437, 0.8864354491233826, -0.02128521539270878, 0.07322867959737778, 0.06209711730480194, 0.9953801035881042),
            ["LeftLowerLeg"] = CFrame.new(8.940696716308594e-08, 4.76837158203125e-07, 0.0000024586915969848633, 1, -2.2351736461700966e-08, 7.450579886381092e-08, -1.1175870895385742e-08, 0.7709844708442688, 0.6368537545204163, 0, -0.6368538737297058, 0.7709846496582031),
        }},
        {Time = 0.067, Data = {
            ["RightFoot"] = CFrame.new(1.136140781454742e-08, 4.172325134277344e-07, -9.356153896078467e-08, 0.9319216012954712, 0.360896497964859, -0.0357230082154274, -0.36129891872406006, 0.9324348568916321, -0.005317859351634979, 0.03139062225818634, 0.017862750217318535, 0.9993476271629333),
            ["LeftLowerArm"] = CFrame.new(-5.960464477539063e-08, 0, 0, 1, -1.1175870895385742e-07, 1.1920927533992653e-07, 8.940696716308594e-08, -0.18289516866207123, -0.9831324815750122, 1.1920928955078125e-07, 0.9831324815750122, -0.18289519846439362),
            ["LeftFoot"] = CFrame.new(-1.2578550467878813e-07, 5.960464477539063e-08, 1.3712451618630439e-08, 0.8282990455627441, -0.5541839003562927, 0.08246982097625732, 0.5482045412063599, 0.7712085843086243, -0.32358741760253906, 0.11572568118572235, 0.31323716044425964, 0.942597508430481),
            ["Head"] = CFrame.new(1.909211277961731e-08, -3.5762786865234375e-07, 3.725290298461914e-09, 0.9923793077468872, -0.018437102437019348, 0.12183435261249542, 0.0011480915127322078, 0.9900833368301392, 0.140477254986763, -0.12321613729000092, -0.1392667442560196, 0.9825592041015625),
            ["LowerTorso"] = CFrame.new(0.15205799043178558, -0.38723087310791016, 0, 0.9726136922836304, 0.05184638127684593, -0.22657173871994019, -0.07475022971630096, 0.992790162563324, -0.0937032699584961, 0.22008003294467926, 0.10807337611913681, 0.9694766402244568),
            ["UpperTorso"] = CFrame.new(3.725290298461914e-09, 5.960464477539063e-08, -1.4901161193847656e-08, 0.9981887936592102, 0.05196037143468857, 0.03031974844634533, -0.05538010224699974, 0.9905173778533936, 0.12573155760765076, -0.023499170318245888, -0.12718293070793152, 0.9916009306907654),
            ["HumanoidRootPart"] = CFrame.new(0, 0, 0, 1, 0, 0, 0, 1, 0, 0, 0, 1),
            ["RightUpperLeg"] = CFrame.new(0, 7.35744833946228e-08, -1.6596459317952394e-08, 0.7993517518043518, -0.5996251106262207, 0.038555506616830826, 0.48574188351631165, 0.6070989966392517, -0.6288763880729675, 0.3536829948425293, 0.5214216113090515, 0.7765488028526306),
            ["LeftUpperArm"] = CFrame.new(5.960464477539063e-08, -2.384185791015625e-07, 0, 0.8785107135772705, 0.2658237814903259, -0.39693424105644226, -0.4681946933269501, 0.6442057490348816, -0.6048079133033752, 0.09493497014045715, 0.7171726822853088, 0.6903989315032959),
            ["RightLowerArm"] = CFrame.new(-8.940696716308594e-08, -4.172325134277344e-07, -1.4901161193847656e-08, 1, -3.4458938813486384e-08, 2.2351745343485163e-08, 4.0978193283081055e-08, 0.9238482713699341, -0.3827590048313141, -1.862645149230957e-09, 0.3827590048313141, 0.9238482713699341),
            ["LeftHand"] = CFrame.new(2.682209014892578e-07, 2.980232238769531e-07, -2.9802322387695312e-08, 0.9999929666519165, -0.0036618192680180073, -0.0007997676730155945, 0.0036598145961761475, 0.9999898076057434, -0.0026639215648174286, 0.0008095651865005493, 0.0026611092034727335, 0.9999961256980896),
            ["RightHand"] = CFrame.new(1.564621925354004e-07, 1.7881393432617188e-07, 5.960464477539063e-08, 0.9770240783691406, 0.1921100616455078, -0.0922917053103447, -0.20614983141422272, 0.9617388248443604, -0.18044614791870117, 0.054094962775707245, 0.19532617926597595, 0.9792453646659851),
            ["RightUpperArm"] = CFrame.new(0, -4.76837158203125e-07, 1.4901161193847656e-08, 0.775723397731781, -0.23059797286987305, 0.5874333381652832, 0.012737822718918324, 0.9363799691200256, 0.3507569432258606, -0.6309446096420288, -0.2646077573299408, 0.72930908203125),
            ["RightLowerLeg"] = CFrame.new(4.470348358154297e-08, -6.556510925292969e-07, -0.0000023228858481161296, 1, 4.470347292340193e-08, -1.4901157641133977e-08, 5.960464477539063e-08, 0.6209942102432251, 0.7838152050971985, -5.960464477539063e-08, -0.7838152050971985, 0.6209942102432251),
            ["LeftUpperLeg"] = CFrame.new(0, 3.5390257835388184e-08, -1.4901161193847656e-08, 0.8714722394943237, 0.4901280403137207, -0.017624562606215477, -0.487718403339386, 0.86985182762146, 0.07408446818590164, 0.05164150148630142, -0.05596676468849182, 0.9970962405204773),
            ["LeftLowerLeg"] = CFrame.new(2.9802322387695312e-08, 5.960464477539062e-07, 0.000002423301339149475, 1, 9.313227167240257e-08, 3.725289587919178e-08, 6.705523958316917e-08, 0.9178718328475952, 0.396877259016037, 4.656613761255812e-09, -0.39687713980674744, 0.9178716540336609),
        }},
        {Time = 0.083, Data = {
            ["RightFoot"] = CFrame.new(-1.994339982047677e-08, 5.364418029785156e-07, -9.611540008336306e-09, 0.9354268908500671, 0.3459819555282593, -0.07261688262224197, -0.3474472761154175, 0.9376634359359741, -0.008221336640417576, 0.06524552404880524, 0.032921209931373596, 0.9973260760307312),
            ["LeftLowerArm"] = CFrame.new(-5.960464477539063e-08, -1.1920928955078125e-07, 5.960464477539063e-08, 1, -5.960465188081798e-08, 1.043081283569336e-07, 1.1920928955078125e-07, -0.004995659459382296, -0.9999875426292419, 7.450580596923828e-08, 0.9999876022338867, -0.004995629191398621),
            ["LeftFoot"] = CFrame.new(8.57159676570518e-08, -5.960464477539063e-08, -4.898652150586713e-09, 0.8308708071708679, -0.5533365607261658, 0.05893032252788544, 0.5531551241874695, 0.8097490668296814, -0.19576868414878845, 0.06060708314180374, 0.19525615870952606, 0.9788778424263),
            ["Head"] = CFrame.new(-1.4435499906539917e-08, 1.1920928955078125e-07, 9.313225746154785e-09, 0.9932897090911865, -0.019035937264561653, 0.11407560855150223, 0.0018807738088071346, 0.9888895153999329, 0.1486409455537796, -0.11563769727945328, -0.14742888510227203, 0.9822895526885986),
            ["LowerTorso"] = CFrame.new(0.19827893376350403, -0.333756685256958, 0, 0.9768972992897034, 0.0423637256026268, -0.20946848392486572, -0.06030377373099327, 0.9949681162834167, -0.0800122395157814, 0.2050248086452484, 0.09079547226428986, 0.9745364189147949),
            ["UpperTorso"] = CFrame.new(-1.3969838619232178e-09, 5.960464477539063e-08, 7.450580596923828e-09, 0.99786376953125, 0.061537787318229675, 0.02193179354071617, -0.06358957290649414, 0.9918792843818665, 0.11014491319656372, -0.014975606463849545, -0.11130424588918686, 0.9936736226081848),
            ["HumanoidRootPart"] = CFrame.new(0, 0, 0, 1, 0, 0, 0, 1, 0, 0, 0, 1),
            ["RightUpperLeg"] = CFrame.new(0, 2.3283064365386963e-08, 2.8107024263590574e-08, 0.8301197290420532, -0.5575825572013855, 0.0017361053032800555, 0.454196572303772, 0.6743878722190857, -0.5821570158004761, 0.3234298527240753, 0.48404839634895325, 0.8130747079849243),
            ["LeftUpperArm"] = CFrame.new(0, -1.1920928955078125e-07, -1.4901161193847656e-08, 0.8351337909698486, 0.23913463950157166, -0.4953446090221405, -0.4493127465248108, 0.8160502910614014, -0.36356568336486816, 0.3172849118709564, 0.5261905789375305, 0.7889572978019714),
            ["RightLowerArm"] = CFrame.new(-1.1920928955078125e-07, -2.384185791015625e-07, -5.960464477539063e-08, 1, -3.119930624961853e-08, -4.423782229423523e-09, 2.9802322387695312e-08, 0.9676002860069275, -0.2524872124195099, -3.91155481338501e-08, 0.2524872422218323, 0.9676002860069275),
            ["LeftHand"] = CFrame.new(1.1920928955078125e-07, -1.1920928955078125e-07, 3.8743019104003906e-07, 0.9999833106994629, -0.005662113893777132, -0.0012322813272476196, 0.005656958092004061, 0.9999755620956421, -0.00411967933177948, 0.0012555570574477315, 0.004112661350518465, 0.9999907612800598),
            ["RightHand"] = CFrame.new(-5.960464477539063e-08, 5.960464477539063e-08, -3.725290298461914e-08, 0.9770240187644958, 0.19211003184318542, -0.09229167550802231, -0.2061498612165451, 0.9617387652397156, -0.18044619262218475, 0.054094936698675156, 0.19532616436481476, 0.9792453646659851),
            ["RightUpperArm"] = CFrame.new(0, 0, 7.450580596923828e-09, 0.7757464051246643, -0.1839759200811386, 0.6036311984062195, 0.02397531270980835, 0.9644601345062256, 0.2631385922431946, -0.6305893063545227, -0.1896565556526184, 0.7525872588157654),
            ["RightLowerLeg"] = CFrame.new(1.341104507446289e-07, -7.152557373046875e-07, -0.0000024569962988607585, 1, 7.450577754752885e-08, 1.1175870895385742e-08, -5.960464477539063e-08, 0.6773914098739624, 0.7356225252151489, 2.9802322387695312e-08, -0.7356228828430176, 0.677391767501831),
            ["LeftUpperLeg"] = CFrame.new(2.9802322387695312e-08, -3.166496753692627e-08, 1.862645149230957e-08, 0.8642707467079163, 0.501326858997345, 0.04132355749607086, -0.5019859075546265, 0.8542837500572205, 0.13494259119033813, 0.03234836459159851, -0.13737067580223083, 0.9899914264678955),
            ["LeftLowerLeg"] = CFrame.new(8.195638656616211e-08, 5.960464477539062e-07, 0.0000024437904357910156, 1, 3.911553747570906e-08, -2.2351741790771484e-08, -4.842877388000488e-08, 0.9797244071960449, 0.20034971833229065, -1.4901161193847656e-08, -0.200349822640419, 0.9797244668006897),
        }},
        {Time = 0.100, Data = {
            ["RightFoot"] = CFrame.new(-1.4264514902606606e-08, 5.364418029785156e-07, 6.749178282916546e-08, 0.9311197996139526, 0.3466123640537262, -0.1134728267788887, -0.350413054227829, 0.9364779591560364, -0.014820019714534283, 0.10112760215997696, 0.053561799228191376, 0.9934305548667908),
            ["LeftLowerArm"] = CFrame.new(5.960464477539063e-08, 4.172325134277344e-07, -5.587935447692871e-08, 1, -8.195638656616211e-08, 7.450579886381092e-08, 7.450580596923828e-08, 0.2152317762374878, -0.976563036441803, 2.9802322387695312e-08, 0.976563036441803, 0.2152317315340042),
            ["LeftFoot"] = CFrame.new(-5.901421218368341e-08, 5.960464477539063e-08, -6.616573955398053e-10, 0.8529874682426453, -0.5205506086349487, 0.037937652319669724, 0.5134082436561584, 0.8237563967704773, -0.24049416184425354, 0.09393797069787979, 0.22461609542369843, 0.9699089527130127),
            ["Head"] = CFrame.new(-4.377216100692749e-08, 0, 7.450580596923828e-09, 0.9942576289176941, -0.018828118219971657, 0.10534438490867615, 0.002620746148750186, 0.9883895516395569, 0.15191905200481415, -0.10698165744543076, -0.15077047049999237, 0.9827630519866943),
            ["LowerTorso"] = CFrame.new(0.2427225261926651, -0.28659796714782715, 0, 0.9812356233596802, 0.03156120330095291, -0.19021180272102356, -0.04636654630303383, 0.996187686920166, -0.0738946720957756, 0.1871543973684311, 0.08132754266262054, 0.978958249092102),
            ["UpperTorso"] = CFrame.new(-7.450580596923828e-09, 8.940696716308594e-08, 3.725290298461914e-09, 0.9974942207336426, 0.06972891092300415, 0.011974507942795753, -0.07058976590633392, 0.9922530055046082, 0.10223102569580078, -0.00475328927859664, -0.10282012820243835, 0.9946886301040649),
            ["HumanoidRootPart"] = CFrame.new(0, 0, 0, 1, 0, 0, 0, 1, 0, 0, 0, 1),
            ["RightUpperLeg"] = CFrame.new(0, -6.05359673500061e-08, 2.0656443666666746e-08, 0.8567739725112915, -0.5149197578430176, -0.028216764330863953, 0.4249008297920227, 0.7358813881874084, -0.5271980166435242, 0.2922288775444031, 0.4397001564502716, 0.8492739200592041),
            ["LeftUpperArm"] = CFrame.new(-1.1920928955078125e-07, 1.1920928955078125e-07, 2.60770320892334e-08, 0.8295077085494995, 0.23386645317077637, -0.507172167301178, -0.36104410886764526, 0.9173856377601624, -0.16748382151126862, 0.4261035621166229, 0.3220406174659729, 0.8454144597053528),
            ["RightLowerArm"] = CFrame.new(5.960464477539063e-08, -2.980232238769531e-07, 1.4901161193847656e-08, 1, -1.664739102125168e-08, 2.0954759705205106e-08, 1.30385160446167e-08, 0.9800099730491638, -0.19894860684871674, -3.3527612686157227e-08, 0.19894859194755554, 0.9800100326538086),
            ["LeftHand"] = CFrame.new(2.9802322387695312e-08, 0, 7.450580596923828e-08, 0.999966025352478, -0.008067996241152287, -0.0017485471908003092, 0.008057721890509129, 0.9999503493309021, -0.005871200002729893, 0.0017957913223654032, 0.005856886971741915, 0.9999812841415405),
            ["RightHand"] = CFrame.new(-5.21540641784668e-08, -1.7881393432617188e-07, -3.3527612686157227e-08, 0.9770240187644958, 0.19211003184318542, -0.0922916978597641, -0.20614981651306152, 0.9617388248443604, -0.18044620752334595, 0.05409499257802963, 0.19532617926597595, 0.9792453646659851),
            ["RightUpperArm"] = CFrame.new(0, 0, 3.725290298461914e-09, 0.8011486530303955, -0.16546957194805145, 0.5751354098320007, 0.048933375626802444, 0.9759107232093811, 0.21261191368103027, -0.5964615941047668, -0.14219039678573608, 0.789946436882019),
            ["RightLowerLeg"] = CFrame.new(1.1920928955078125e-07, -6.556510925292969e-07, -0.000002397391654085368, 1, 0.0000020936124656145694, 7.990748827069183e-07, -0.000001996755599975586, 0.7294564247131348, 0.6840272545814514, 7.450580596923828e-07, -0.6840273141860962, 0.7294564843177795),
            ["LeftUpperLeg"] = CFrame.new(2.9802322387695312e-08, -2.016313374042511e-07, 1.4901161193847656e-08, 0.8667198419570923, 0.49830180406570435, -0.022187475115060806, -0.49868303537368774, 0.8666107058525085, -0.017350340262055397, 0.010582257062196732, 0.026102403178811073, 0.9996033310890198),
            ["LeftLowerLeg"] = CFrame.new(4.842877388000488e-08, 5.960464477539062e-07, 0.0000024139881134033203, 1, 5.960464477539063e-08, -7.450580596923828e-09, 6.891787052154541e-08, 0.892937958240509, 0.4501798748970032, -2.60770320892334e-08, -0.45017993450164795, 0.892937958240509),
        }},
        {Time = 0.117, Data = {
            ["RightFoot"] = CFrame.new(-7.047128747217357e-08, 1.7881393432617188e-07, 6.912159733474255e-10, 0.9246469140052795, 0.3501622974872589, -0.149715393781662, -0.35709148645401, 0.9338258504867554, -0.02132752537727356, 0.1323399543762207, 0.07318294793367386, 0.9884991645812988),
            ["LeftLowerArm"] = CFrame.new(2.9802322387695312e-08, -2.384185791015625e-07, 3.725290298461914e-08, 1, -8.940695295223122e-08, 4.470347647611561e-08, 5.960464477539063e-08, 0.4955069422721863, -0.8686040043830872, 6.612390279769897e-08, 0.8686039447784424, 0.4955069422721863),
            ["LeftFoot"] = CFrame.new(-4.2339365791121963e-08, -5.960464477539063e-08, -5.528545443667099e-08, 0.9004994630813599, -0.4340720772743225, 0.02612297050654888, 0.4215320348739624, 0.8565718531608582, -0.29764989018440247, 0.10682525485754013, 0.27904513478279114, 0.9543176293373108),
            ["Head"] = CFrame.new(1.3737007975578308e-08, -1.1920928955078125e-07, 0, 0.9952350854873657, -0.017847124487161636, 0.09585779160261154, 0.003216451033949852, 0.9885799884796143, 0.1506628841161728, -0.09745202958583832, -0.14963655173778534, 0.9839268922805786),
            ["LowerTorso"] = CFrame.new(0.28536105155944824, -0.24661672115325928, 0, 0.9853659272193909, 0.020502928644418716, -0.16921456158161163, -0.03372546657919884, 0.9965646862983704, -0.0756402537226677, 0.16708239912986755, 0.0802401751279831, 0.982672393321991),
            ["UpperTorso"] = CFrame.new(1.4901161193847656e-08, -1.1920928955078125e-07, -2.2351741790771484e-08, 0.9971205592155457, 0.07582669705152512, 0.0009696907945908606, -0.07552731782197952, 0.991874635219574, 0.10237432271242142, 0.006800871342420578, -0.10215277969837189, 0.9947455525398254),
            ["HumanoidRootPart"] = CFrame.new(0, 0, 0, 1, 0, 0, 0, 1, 0, 0, 0, 1),
            ["RightUpperLeg"] = CFrame.new(1.1920928955078125e-07, -4.773028194904327e-07, -9.145878721028566e-09, 0.8793314099311829, -0.47356608510017395, -0.050115447491407394, 0.39841142296791077, 0.7892353534698486, -0.4673070013523102, 0.2608535885810852, 0.3909512162208557, 0.8826736211776733),
            ["LeftUpperArm"] = CFrame.new(0, 0, 3.725290298461914e-09, 0.8625473380088806, 0.21090325713157654, -0.4599260985851288, -0.2604611814022064, 0.9643761515617371, -0.04624678194522858, 0.4337880313396454, 0.15968294441699982, 0.886752188205719),
            ["RightLowerArm"] = CFrame.new(1.1920928955078125e-07, 0, -7.450580596923828e-09, 1, -2.2817403078079224e-08, 3.5972337997236536e-08, 2.0489096641540527e-08, 0.9835507273674011, -0.18063212931156158, -2.3283064365386963e-08, 0.18063212931156158, 0.9835507869720459),
            ["LeftHand"] = CFrame.new(5.960464477539063e-08, -5.960464477539063e-08, 8.940696716308594e-08, 0.9999382495880127, -0.010865718126296997, -0.0023432972375303507, 0.010846973396837711, 0.9999099373817444, -0.007908628322184086, 0.0024289789143949747, 0.007882773876190186, 0.999966025352478),
            ["RightHand"] = CFrame.new(-2.5331974029541016e-07, 2.384185791015625e-07, -2.2351741790771484e-08, 0.9770240783691406, 0.19211003184318542, -0.09229172021150589, -0.2061498463153839, 0.9617388248443604, -0.18044616281986237, 0.054094962775707245, 0.19532617926597595, 0.9792453646659851),
            ["RightUpperArm"] = CFrame.new(0, -3.5762786865234375e-07, 1.1175870895385742e-08, 0.8450765609741211, -0.15725284814834595, 0.5109963417053223, 0.06872840225696564, 0.9797890186309814, 0.1878563016653061, -0.5302094221115112, -0.12363303452730179, 0.8388044238090515),
            ["RightLowerLeg"] = CFrame.new(8.195638656616211e-08, -5.364418029785156e-07, -0.000002516600943636149, 1, 0.0000018328421447222354, 5.792825845674088e-07, -0.0000018477439880371094, 0.7728752493858337, 0.6345576047897339, 6.407499313354492e-07, -0.6345579624176025, 0.7728755474090576),
            ["LeftUpperLeg"] = CFrame.new(2.9802322387695312e-08, -1.9185245037078857e-07, -3.725290298461914e-09, 0.8781812787055969, 0.46994176506996155, -0.08917637169361115, -0.4780651032924652, 0.8561316728591919, -0.19619449973106384, -0.0158532727509737, 0.21492645144462585, 0.9765016436576843),
            ["LeftLowerLeg"] = CFrame.new(0, 4.76837158203125e-07, 0.0000024586915969848633, 1, 7.450578820566989e-09, 0, -3.725290298461914e-09, 0.7033383250236511, 0.7108551859855652, -7.450580596923828e-09, -0.7108551859855652, 0.7033383846282959),
        }},
        {Time = 0.133, Data = {
            ["RightFoot"] = CFrame.new(2.7110218070447445e-08, 1.7881393432617188e-07, 1.353473635390401e-07, 0.9242459535598755, 0.3422483205795288, -0.1692209392786026, -0.35094574093818665, 0.9360999464988708, -0.023530006408691406, 0.1503545343875885, 0.08113525807857513, 0.9852972030639648),
            ["LeftLowerArm"] = CFrame.new(-1.1920928955078125e-07, 0, 0, 1, -7.450579886381092e-08, 4.470347647611561e-08, 5.21540641784668e-08, 0.7453038692474365, -0.6667249202728271, 1.4901161193847656e-08, 0.6667249798774719, 0.7453039288520813),
            ["LeftFoot"] = CFrame.new(4.7468745378864696e-08, 5.960464477539063e-08, 1.116586645366624e-08, 0.9580510854721069, -0.2855723202228546, 0.024222727864980698, 0.2754398286342621, 0.8941048383712769, -0.3531418740749359, 0.07918974757194519, 0.34500011801719666, 0.9352561831474304),
            ["Head"] = CFrame.new(5.820766091346741e-09, 4.76837158203125e-07, 1.862645149230957e-09, 0.9961847066879272, -0.0163730438798666, 0.08572020381689072, 0.0035991864278912544, 0.9891151785850525, 0.14709940552711487, -0.08719567209482193, -0.1462295651435852, 0.985400378704071),
            ["LowerTorso"] = CFrame.new(0.32616573572158813, -0.21370196342468262, 0, 0.9891002178192139, 0.01024581864476204, -0.14688707888126373, -0.02299794740974903, 0.9960829019546509, -0.08538257330656052, 0.1454368531703949, 0.08783002197742462, 0.985461413860321),
            ["UpperTorso"] = CFrame.new(-6.984919309616089e-09, -2.9802322387695312e-08, -2.9802322387695312e-08, 0.9967947602272034, 0.07930254191160202, -0.010555748827755451, -0.0776539072394371, 0.9908117651939392, 0.1107344776391983, 0.019240284338593483, -0.10955985635519028, 0.9937940239906311),
            ["HumanoidRootPart"] = CFrame.new(0, 0, 0, 1, 0, 0, 0, 1, 0, 0, 0, 1),
            ["RightUpperLeg"] = CFrame.new(-2.9802322387695312e-08, 1.1175870895385742e-08, -1.6596459317952394e-08, 0.8975696563720703, -0.4370333254337311, -0.05805698409676552, 0.3762217164039612, 0.8279286026954651, -0.41592276096343994, 0.22983911633491516, 0.35147714614868164, 0.9075449109077454),
            ["LeftUpperArm"] = CFrame.new(0, 4.76837158203125e-07, 0, 0.8958443403244019, 0.17042215168476105, -0.4103892743587494, -0.17656144499778748, 0.9840158820152283, 0.023213328793644905, 0.40778565406799316, 0.051663391292095184, 0.9116148948669434),
            ["RightLowerArm"] = CFrame.new(2.384185791015625e-07, 0, 1.4901161193847656e-08, 1, -1.1641532182693481e-08, 2.962770295766859e-08, 1.1175870895385742e-08, 0.983552098274231, -0.180624857544899, -1.0477378964424133e-08, 0.1806248426437378, 0.983552098274231),
            ["LeftHand"] = CFrame.new(0, -1.7881393432617188e-07, 0, 0.9998968839645386, -0.014041291549801826, -0.0030111228115856647, 0.014009879902005196, 0.9998496770858765, -0.010222316719591618, 0.00315420376136899, 0.010179058648645878, 0.9999432563781738),
            ["RightHand"] = CFrame.new(1.1548399925231934e-07, -5.960464477539063e-08, 5.960464477539063e-08, 0.9770240783691406, 0.192110076546669, -0.09229166060686111, -0.20614983141422272, 0.9617388248443604, -0.18044614791870117, 0.05409494787454605, 0.19532620906829834, 0.9792453050613403),
            ["RightUpperArm"] = CFrame.new(1.1920928955078125e-07, 2.384185791015625e-07, -1.4901161193847656e-08, 0.8656347990036011, -0.158240407705307, 0.47501206398010254, 0.0811261385679245, 0.9805342555046082, 0.17880499362945557, -0.4940597712993622, -0.11624392122030258, 0.8616219162940979),
            ["RightLowerLeg"] = CFrame.new(7.450580596923828e-09, -5.960464477539062e-07, -0.0000024122928152792156, 1, 2.9802311729554276e-08, 1.1175870895385742e-08, 2.980232594040899e-08, 0.792090117931366, 0.6104037165641785, -4.4703490686970326e-08, -0.6104040741920471, 0.7920905351638794),
            ["LeftUpperLeg"] = CFrame.new(-5.960464477539063e-08, -7.334165275096893e-08, 1.862645149230957e-08, 0.8978038430213928, 0.4222410321235657, -0.12514346837997437, -0.43768244981765747, 0.8239949941635132, -0.3598148822784424, -0.04881098493933678, 0.3778160810470581, 0.9245930910110474),
