return {
    ["Side Hustle"] = {
        {Time = 0.000, Data = {
            ["RightFoot"] = CFrame.new(3.725290298461914e-08, 2.384185791015625e-07, 2.1182495402172208e-07, 0.9431470632553101, -0.19622407853603363, -0.2600606679916382, 0.02503245510160923, 0.8439730405807495, -0.5367414355278015, 0.33143168687820435, 0.49920499324798584, 0.8026686906814575),
            ["LeftLowerArm"] = CFrame.new(-8.940696716308594e-08, 0, -2.8312206268310547e-07, 1, -5.2154071283894154e-08, 2.9802322387695312e-08, 3.3527612686157227e-08, 0.9148228168487549, -0.4038556218147278, -2.3283064365386963e-09, 0.4038556218147278, 0.9148228168487549),
            ["RightUpperArm"] = CFrame.new(0, -1.1920928955078125e-07, -8.940696716308594e-08, -0.29603829979896545, -0.9539612531661987, -0.04815942794084549, 0.46311330795288086, -0.18744748830795288, 0.8662503957748413, -0.8353966474533081, 0.23413999378681183, 0.4972837269306183),
            ["Head"] = CFrame.new(7.450580596923828e-08, -3.5762786865234375e-07, -5.960464477539063e-08, 0.8473060727119446, -0.3164048194885254, 0.42656823992729187, 0.23570190370082855, 0.9437639117240906, 0.2318497896194458, -0.4759381115436554, -0.09590455889701843, 0.8742340803146362),
            ["RightHand"] = CFrame.new(5.960464477539063e-08, 1.1920928955078125e-07, 9.499490261077881e-08, 0.8543230295181274, 0.5183357000350952, 0.03821688890457153, -0.5186489820480347, 0.845450758934021, 0.1273423135280609, 0.033695630729198456, -0.12861256301403046, 0.991122305393219),
            ["UpperTorso"] = CFrame.new(-1.6763806343078613e-08, -2.9802322387695312e-08, -2.158049028366804e-08, 0.6814811825752258, -0.01621655561029911, 0.7316560745239258, -0.11476863920688629, 0.9850161671638489, 0.1287304311990738, -0.7227805256843567, -0.17169837653636932, 0.6694086790084839),
            ["HumanoidRootPart"] = CFrame.new(0, 0, 0, 1, 0, 0, 0, 1, 0, 0, 0, 1),
            ["RightUpperLeg"] = CFrame.new(-5.960464477539063e-08, 1.862645149230957e-07, -2.393790055066347e-09, 0.9500312805175781, 0.2862100601196289, -0.12459762394428253, -0.1987433135509491, 0.8623911738395691, 0.46559906005859375, 0.24071086943149567, -0.41757071018218994, 0.8761810064315796),
            ["LeftUpperArm"] = CFrame.new(5.960464477539063e-08, -1.1920928955078125e-07, 2.9802322387695312e-08, 0.48637470602989197, 0.5751016139984131, -0.6577978730201721, 0.38012292981147766, 0.5385944843292236, 0.751945972442627, 0.7867314219474792, -0.6157712936401367, 0.04334951564669609),
            ["RightLowerArm"] = CFrame.new(1.1920928955078125e-07, 2.384185791015625e-07, 1.73225998878479e-07, 1, -2.9802318834981634e-08, 1.4901161193847656e-07, 7.450579886381092e-08, -0.77242511510849, -0.6351056098937988, 1.6065312991031533e-07, 0.6351057887077332, -0.7724252939224243),
            ["LeftHand"] = CFrame.new(7.450580596923828e-09, -5.960464477539063e-08, -2.980232238769531e-07, 0.5038163661956787, -0.8626673221588135, 0.044436756521463394, 0.8412311673164368, 0.5016818642616272, 0.20160642266273499, -0.19621238112449646, -0.06419088691473007, 0.9784581065177917),
            ["LeftFoot"] = CFrame.new(1.862645149230957e-08, 5.960464477539063e-08, -9.124050848186016e-09, 0.9646584987640381, -0.03986842930316925, -0.25664469599723816, 0.03882698342204094, 0.9992048144340515, -0.011845006607472897, 0.2606269121170044, 0.00046914370614103973, 0.9664331674575806),
            ["LowerTorso"] = CFrame.new(-0.38625892996788025, -0.46694040298461914, 0.040431492030620575, -0.035135675221681595, 0.22742773592472076, -0.9731609225273132, -0.13954849541187286, 0.9631057977676392, 0.23011620342731476, 0.9895917177200317, 0.14388810098171234, -0.0021021729335188866),
            ["RightLowerLeg"] = CFrame.new(-2.9802322387695312e-08, -0.0000603795051574707, -0.00007217952952487394, 1, 0, 1.1175868230850483e-08, 5.960463056453591e-08, 0.9878207445144653, 0.15559594333171844, 3.7252894102834944e-09, -0.15559594333171844, 0.9878208041191101),
            ["LeftUpperLeg"] = CFrame.new(2.9802322387695312e-08, 1.4901161193847656e-07, 1.9383151084184647e-08, 0.9010915160179138, -0.41038769483566284, -0.14005759358406067, -0.02088300697505474, 0.2815451920032501, -0.9593207240104675, 0.43312570452690125, 0.8673605918884277, 0.24512778222560883),
            ["LeftLowerLeg"] = CFrame.new(-7.450580596923828e-09, 0.000060677528381347656, 0.00007193535566329956, 1, 9.126964783945368e-08, 1.1061274562962353e-07, -8.381903171539307e-08, 0.5289270877838135, 0.8486672639846802, 4.0978193283081055e-08, -0.848667323589325, 0.5289270877838135),
        }},
        {Time = 0.033, Data = {
            ["RightFoot"] = CFrame.new(-7.450580596923828e-09, 2.980232238769531e-07, -4.487083060666919e-08, 0.9374819397926331, -0.13986007869243622, -0.31137916445732117, -0.10777141898870468, 0.7509965896606445, -0.6528652310371399, 0.3309275507926941, 0.6453241109848022, 0.6905142664909363),
            ["LeftLowerArm"] = CFrame.new(-1.7881393432617188e-07, 5.960464477539063e-08, -2.682209014892578e-07, 1, -2.980232949312267e-08, 1.862644971595273e-08, 5.2154071283894154e-08, 0.8800551295280457, -0.47487208247184753, -1.862645371275562e-09, 0.4748716950416565, 0.8800548911094666),
            ["RightUpperArm"] = CFrame.new(0, 0, -5.960464477539063e-08, -0.23506902158260345, -0.9692507386207581, 0.07277180254459381, 0.5382978320121765, -0.06748034805059433, 0.8400487899780273, -0.8093070983886719, 0.23664206266403198, 0.5376079082489014),
            ["Head"] = CFrame.new(8.940696716308594e-08, 0, -5.960464477539063e-08, 0.8539589643478394, -0.28194326162338257, 0.4373358190059662, 0.2423289567232132, 0.959261417388916, 0.1452389359474182, -0.46046802401542664, -0.018048662692308426, 0.8874925971031189),
            ["RightHand"] = CFrame.new(1.4901161193847656e-07, 1.7881393432617188e-07, -1.441221684217453e-07, 0.8635309338569641, 0.5011211037635803, 0.05649895220994949, -0.5042373538017273, 0.8562865853309631, 0.11188366264104843, 0.007688125595450401, -0.12510374188423157, 0.9921138882637024),
            ["UpperTorso"] = CFrame.new(-1.4668330550193787e-08, 8.940696716308594e-08, -3.306195139884949e-08, 0.7168129682540894, -0.14015081524848938, 0.683035135269165, -0.0008198322029784322, 0.9794210195541382, 0.20182634890079498, -0.6972649693489075, -0.14523158967494965, 0.7019467353820801),
            ["HumanoidRootPart"] = CFrame.new(0, 0, 0, 1, 0, 0, 0, 1, 0, 0, 0, 1),
            ["RightUpperLeg"] = CFrame.new(-8.940696716308594e-08, 5.21540641784668e-08, 3.892637323588133e-09, 0.9503586292266846, 0.20513872802257538, -0.23395898938179016, -0.15464620292186737, 0.9638575911521912, 0.21694016456604004, 0.2700059711933136, -0.16999030113220215, 0.9477342963218689),
            ["LeftUpperArm"] = CFrame.new(0, 0, -2.9802322387695312e-08, 0.5367048382759094, 0.569799542427063, -0.6223158836364746, 0.2145700752735138, 0.6211282014846802, 0.7537634968757629, 0.8160316944122314, -0.5380783677101135, 0.21110054850578308),
            ["RightLowerArm"] = CFrame.new(1.1920928955078125e-07, 0, 3.7997961044311523e-07, 1, -5.960465898624534e-08, 2.013984783388878e-07, 1.1920928955078125e-07, -0.679543673992157, -0.733635425567627, 1.6763806343078613e-07, 0.7336350679397583, -0.6795434355735779),
            ["LeftHand"] = CFrame.new(-2.9802322387695312e-08, -1.7881393432617188e-07, 1.4901161193847656e-07, 0.5777255296707153, -0.8129578232765198, 0.07302841544151306, 0.7873213887214661, 0.578629195690155, 0.21286894381046295, -0.21530956029891968, -0.06548266857862473, 0.9743478894233704),
            ["LeftFoot"] = CFrame.new(-8.381903171539307e-09, -5.960464477539063e-08, 1.501757651567459e-08, 0.9617471694946289, -0.04570229351520538, -0.2662719488143921, 0.04599200561642647, 0.9989389777183533, -0.007866110652685165, 0.27005019783973694, -0.005665787495672703, 0.9638658165931702),
            ["LowerTorso"] = CFrame.new(-0.36794763803482056, -0.4878830909729004, 0.051504626870155334, -0.0021547917276620865, 0.2507834732532501, -0.9680408835411072, -0.22794921696186066, 0.9424341917037964, 0.24465712904930115, 0.9736706614494324, 0.22119103372097015, 0.055135149508714676),
            ["RightLowerLeg"] = CFrame.new(2.9802322387695312e-08, -0.00006014108657836914, -0.00007208453462226316, 1, -1.1175872316471214e-07, -5.960464477539063e-08, -7.450580596923828e-09, 0.7936196327209473, 0.6084138751029968, -4.470348358154297e-08, -0.6084142923355103, 0.7936199307441711),
            ["LeftUpperLeg"] = CFrame.new(1.1920928955078125e-07, -1.564621925354004e-07, -2.7939677238464355e-08, 0.8814412355422974, -0.4633535146713257, -0.09146089106798172, 0.035750992596149445, 0.2585560977458954, -0.9653345346450806, 0.47093865275382996, 0.8476157188415527, 0.24446725845336914),
            ["LeftLowerLeg"] = CFrame.new(5.21540641784668e-08, 0.00006085634231567383, 0.0000720098614692688, 1, 8.288773045705966e-08, 6.245682726557789e-08, -1.0803343286625022e-07, 0.5628974437713623, 0.8265266418457031, 0, -0.8265267610549927, 0.5628977417945862),
        }},
        {Time = 0.067, Data = {
            ["RightFoot"] = CFrame.new(2.8870999813079834e-08, 2.384185791015625e-07, -5.604670150205493e-08, 0.8973144292831421, -0.06784702837467194, -0.42995020747184753, -0.16539014875888824, 0.8622490763664246, -0.47974643111228943, 0.40923458337783813, 0.501919686794281, 0.764843761920929),
            ["LeftLowerArm"] = CFrame.new(0, -5.960464477539063e-08, 9.96515154838562e-08, 1, -6.33299421792799e-08, 2.5145704185547402e-08, 3.3527612686157227e-08, 0.81025230884552, -0.5860818028450012, 1.862645149230957e-08, 0.5860812664031982, 0.8102518916130066),
            ["RightUpperArm"] = CFrame.new(0, 2.384185791015625e-07, 0, 0.0003722460533026606, -0.9251127243041992, 0.37969276309013367, 0.6326717734336853, 0.29425933957099915, 0.7163364887237549, -0.7744200825691223, 0.23995406925678253, 0.5854019522666931),
            ["Head"] = CFrame.new(8.940696716308594e-08, 1.1920928955078125e-07, 2.9802322387695312e-08, 0.8756688833236694, -0.23056469857692719, 0.42431628704071045, 0.23128695785999298, 0.9715678691864014, 0.05061881244182587, -0.42392274737358093, 0.05381375551223755, 0.9040981531143188),
            ["RightHand"] = CFrame.new(-2.384185791015625e-07, -2.384185791015625e-07, 5.587935447692871e-09, 0.8829280734062195, 0.46277230978012085, 0.07924537360668182, -0.4689252972602844, 0.877588152885437, 0.09973946213722229, -0.023387914523482323, -0.12522274255752563, 0.9918529391288757),
            ["UpperTorso"] = CFrame.new(-6.891787052154541e-08, 2.384185791015625e-07, -1.0244548320770264e-07, 0.7563284635543823, -0.22992664575576782, 0.6124551296234131, 0.10060958564281464, 0.9659443497657776, 0.2383890300989151, -0.6464093327522278, -0.11868148297071457, 0.753703773021698),
            ["HumanoidRootPart"] = CFrame.new(0, 0, 0, 1, 0, 0, 0, 1, 0, 0, 0, 1),
            ["RightUpperLeg"] = CFrame.new(0, 3.5762786865234375e-07, -1.0600342648103833e-07, 0.9491509795188904, 0.1549067497253418, -0.27407360076904297, -0.185604065656662, 0.9785211682319641, -0.08970849961042404, 0.2542903423309326, 0.13601593673229218, 0.9575155377388),
            ["LeftUpperArm"] = CFrame.new(5.960464477539063e-08, 2.384185791015625e-07, 5.960464477539063e-08, 0.5890849828720093, 0.5468997955322266, -0.5948781371116638, -0.043404720723629, 0.7565228939056396, 0.6525251865386963, 0.8069045543670654, -0.358571857213974, 0.4693942964076996),
            ["RightLowerArm"] = CFrame.new(-2.384185791015625e-07, 1.1920928955078125e-07, 8.940696716308594e-08, 1, -5.960468740795477e-08, 1.9371505288745539e-07, 4.4703497792397684e-08, -0.3572976291179657, -0.9339907765388489, 1.0430816388407038e-07, 0.9339905977249146, -0.35729730129241943),
            ["LeftHand"] = CFrame.new(-7.450580596923828e-08, 0, 1.825392246246338e-07, 0.7096346616744995, -0.6973063945770264, 0.10091150552034378, 0.6641040444374084, 0.7098210453987122, 0.23477526009082794, -0.23533909022808075, -0.09958866983652115, 0.9667975902557373),
            ["LeftFoot"] = CFrame.new(-1.210719347000122e-08, -1.1920928955078125e-07, 1.30385160446167e-08, 0.9441848993301392, -0.04160277172923088, -0.32299456000328064, 0.07682376354932785, 0.9926120042800903, 0.09342944622039795, 0.32033252716064453, -0.11397659033536911, 0.9417778253555298),
            ["LowerTorso"] = CFrame.new(-0.34456804394721985, -0.40778017044067383, 0.08452756702899933, 0.09435176849365234, 0.2845953702926636, -0.9539933800697327, -0.28705573081970215, 0.9253455400466919, 0.24765880405902863, 0.9532558917999268, 0.2504819333553314, 0.1690027266740799),
            ["RightLowerLeg"] = CFrame.new(-2.3283064365386963e-08, -0.000060558319091796875, -0.00007217207894427702, 1, -1.4156097449813387e-07, -1.6391278734317893e-07, 1.7508864402770996e-07, 0.4625715911388397, 0.886581540107727, -5.21540641784668e-08, -0.8865820169448853, 0.4625723659992218),
            ["LeftUpperLeg"] = CFrame.new(-5.960464477539063e-08, 5.960464477539062e-07, -1.341104507446289e-07, 0.8546612858772278, -0.49921685457229614, -0.14260683953762054, 0.07595288008451462, 0.39194023609161377, -0.9168501496315002, 0.5136003494262695, 0.7727646827697754, 0.37289300560951233),
            ["LeftLowerLeg"] = CFrame.new(-1.341104507446289e-07, 0.000060617923736572266, 0.00007220357656478882, 1, 1.0966324737182731e-07, 1.2665985593685036e-07, -5.587935447692871e-08, 0.7760899066925049, 0.6306222081184387, 2.60770320892334e-08, -0.6306223273277283, 0.7760899662971497),
        }},
        {Time = 0.100, Data = {
            ["RightFoot"] = CFrame.new(0, 2.980232238769531e-07, -9.480572771281004e-09, 0.9415357708930969, -0.08473454415798187, -0.3184885084629059, -0.0827600285410881, 0.8769170045852661, -0.4743475615978241, 0.3265902101993561, 0.47311362624168396, 0.8207067251205444),
            ["LeftLowerArm"] = CFrame.new(2.9802322387695312e-08, -1.7881393432617188e-07, 1.1920928955078125e-07, 1, -5.681069836782626e-08, 0, 5.2154071283894154e-08, 0.6833915114402771, -0.7300525903701782, -3.725290653733282e-08, 0.7300520539283752, 0.6833909749984741),
            ["RightUpperArm"] = CFrame.new(-1.1920928955078125e-07, 0, 5.960464477539063e-08, 0.30206021666526794, -0.7408106923103333, 0.5999662280082703, 0.6213859915733337, 0.6302934885025024, 0.46541351079940796, -0.7229379415512085, 0.23222757875919342, 0.6507155895233154),
            ["Head"] = CFrame.new(-5.21540641784668e-08, 0, 2.2351741790771484e-08, 0.892633855342865, -0.18065504729747772, 0.4129997491836548, 0.20929302275180817, 0.9775394797325134, -0.024757033213973045, -0.3992508351802826, 0.10853713750839233, 0.9103946089744568),
            ["RightHand"] = CFrame.new(-1.1920928955078125e-07, -5.960464477539063e-08, -6.705522537231445e-08, 0.8833706974983215, 0.4576184153556824, 0.10120176523923874, -0.46595442295074463, 0.8807563185691833, 0.08458554744720459, -0.050425950437784195, -0.12187546491622925, 0.9912636280059814),
            ["UpperTorso"] = CFrame.new(8.195638656616211e-08, 5.960464477539063e-08, 2.2351741790771484e-08, 0.8152458071708679, -0.22856676578521729, 0.5321012139320374, 0.13319039344787598, 0.9681891202926636, 0.211826354265213, -0.5635908842086792, -0.1018197238445282, 0.8197547197341919),
            ["HumanoidRootPart"] = CFrame.new(0, 0, 0, 1, 0, 0, 0, 1, 0, 0, 0, 1),
            ["RightUpperLeg"] = CFrame.new(1.7881393432617188e-07, -2.384185791015625e-07, 1.3205863069742918e-08, 0.9355165958404541, 0.03774687275290489, -0.35126039385795593, -0.1092870831489563, 0.9764266610145569, -0.18613779544830322, 0.33595404028892517, 0.21252308785915375, 0.9175885915756226),
            ["LeftUpperArm"] = CFrame.new(0, 1.1920928955078125e-07, 2.9802322387695312e-08, 0.712242841720581, 0.5256991386413574, -0.4651355743408203, -0.3141933083534241, 0.8313243389129639, 0.45845645666122437, 0.6276885271072388, -0.18038956820964813, 0.7572757601737976),
            ["RightLowerArm"] = CFrame.new(-2.682209014892578e-07, 0, -1.4901161193847656e-07, 1, -1.1175876579727628e-07, -1.4901155864777138e-08, 5.960465188081798e-08, 0.19773617386817932, -0.9802553653717041, 8.940698137394065e-08, 0.9802553057670593, 0.1977359801530838),
            ["LeftHand"] = CFrame.new(-6.705522537231445e-08, -5.960464477539063e-08, -1.4156103134155273e-07, 0.7875818014144897, -0.6015907526016235, 0.13343192636966705, 0.5572767853736877, 0.7877702713012695, 0.2624126374721527, -0.26297828555107117, -0.13231246173381805, 0.9556859135627747),
            ["LeftFoot"] = CFrame.new(6.606569513678551e-09, 0, -2.2351741790771484e-08, 0.9108967185020447, 0.01706516370177269, -0.4084267318248749, 0.15987594425678253, 0.9070290923118591, 0.38925084471702576, 0.3804037272930145, -0.4207220673561096, 0.8256340026855469),
            ["LowerTorso"] = CFrame.new(-0.31287139654159546, -0.28339648246765137, 0.12859344482421875, 0.23776060342788696, 0.3028137683868408, -0.9229158163070679, -0.2767544686794281, 0.9318980574607849, 0.23446369171142578, 0.9310622215270996, 0.19967453181743622, 0.3053736388683319),
            ["RightLowerLeg"] = CFrame.new(-5.587935447692871e-08, -0.00006020069122314453, -0.0000721050237189047, 1, -9.685752644372769e-08, -7.823110337312755e-08, 9.685754776000977e-08, 0.4329547882080078, 0.9014153480529785, -1.1920928955078125e-07, -0.9014155864715576, 0.43295544385910034),
            ["LeftUpperLeg"] = CFrame.new(8.940696716308594e-08, -2.9802322387695312e-08, 5.21540641784668e-08, 0.8464344143867493, -0.4369904696941376, -0.304283082485199, 0.12027226388454437, 0.7135570645332336, -0.6901963949203491, 0.5187324285507202, 0.5476090312004089, 0.6565369367599487),
            ["LeftLowerLeg"] = CFrame.new(4.580942913889885e-08, 0.000060558319091796875, 0.00007204711437225342, 1, 1.0360964530775618e-08, 5.034962669014931e-08, -3.137393633778629e-08, 0.9999830722808838, 0.0058216676115989685, -2.975867374743757e-08, -0.005821435246616602, 0.9999830722808838),
        }},
        {Time = 0.133, Data = {
            ["RightFoot"] = CFrame.new(-2.7008354663848877e-08, 2.384185791015625e-07, -3.55576048605144e-08, 0.9645275473594666, -0.02065444551408291, -0.2548315227031708, -0.15955667197704315, 0.7438424825668335, -0.6510072946548462, 0.21030522882938385, 0.668035626411438, 0.7150177955627441),
            ["LeftLowerArm"] = CFrame.new(-3.2782554626464844e-07, 2.384185791015625e-07, -1.7881393432617188e-07, 1, -3.725290653733282e-08, 1.4901161193847656e-08, 1.0430811414607888e-07, 0.5096723437309265, -0.8603686690330505, 8.940695295223122e-08, 0.8603686094284058, 0.5096722841262817),
            ["RightUpperArm"] = CFrame.new(0, 1.1920928955078125e-07, 0, 0.581403911113739, -0.5882751941680908, 0.5620515942573547, 0.5622414350509644, 0.7898245453834534, 0.24507522583007812, -0.588093638420105, 0.17352105677127838, 0.7899596691131592),
            ["Head"] = CFrame.new(-3.3527612686157227e-08, 2.384185791015625e-07, -7.450580596923828e-09, 0.904862105846405, -0.1336633265018463, 0.4041767418384552, 0.18298150599002838, 0.9793674945831299, -0.08577349036931992, -0.38437268137931824, 0.15157023072242737, 0.9106504321098328),
            ["RightHand"] = CFrame.new(1.1548399925231934e-07, 1.7881393432617188e-07, -1.341104507446289e-07, 0.8641193509101868, 0.4703855514526367, 0.17898407578468323, -0.48475149273872375, 0.8735101222991943, 0.044677700847387314, -0.13532854616641998, -0.12536954879760742, 0.9828370213508606),
            ["UpperTorso"] = CFrame.new(-5.21540641784668e-08, -2.9802322387695312e-08, 1.1175870895385742e-07, 0.8759477734565735, -0.1833638995885849, 0.4461984932422638, 0.12419474869966507, 0.9794837236404419, 0.15870501101016998, -0.46614494919776917, -0.08360178023576736, 0.8807494044303894),
            ["HumanoidRootPart"] = CFrame.new(0, 0, 0, 1, 0, 0, 0, 1, 0, 0, 0, 1),
            ["RightUpperLeg"] = CFrame.new(-5.960464477539063e-08, -2.60770320892334e-07, -1.6952981241047382e-09, 0.9056558012962341, -0.14573977887630463, -0.3981803059577942, -0.003985146526247263, 0.9361069202423096, -0.35169288516044617, 0.4239950180053711, 0.32009944319725037, 0.8472099304199219),
            ["LeftUpperArm"] = CFrame.new(-1.1920928955078125e-07, 3.5762786865234375e-07, 2.9802322387695312e-08, 0.7905528545379639, 0.5209568738937378, -0.3219170868396759, -0.47483426332473755, 0.8534116148948669, 0.2149903029203415, 0.3867283761501312, -0.01710388995707035, 0.9220350980758667),
            ["RightLowerArm"] = CFrame.new(-1.1920928955078125e-07, 1.7881393432617188e-07, 7.450580596923828e-08, 1, -8.940698137394065e-08, 4.4703490686970326e-08, 9.685756907629184e-08, 0.4687495529651642, -0.8833311200141907, 6.705523958316917e-08, 0.8833311796188354, 0.4687495827674866),
            ["LeftHand"] = CFrame.new(0, 0, 1.9371509552001953e-07, 0.8183754682540894, -0.5738204121589661, 0.03149803727865219, 0.5473359823226929, 0.7949654459953308, 0.26163533329963684, -0.17517131567001343, -0.19687581062316895, 0.9646527171134949),
            ["LeftFoot"] = CFrame.new(6.51925802230835e-09, -5.960464477539063e-08, -1.862645149230957e-09, 0.9985052943229675, 0.055268432945013046, 0.010531858541071415, -0.054625850170850754, 0.9974365234375, 0.04311360791325569, -0.001815020339563489, -0.045452337712049484, 0.9990146160125732),
            ["LowerTorso"] = CFrame.new(-0.28421205282211304, -0.21707439422607422, 0.1716773808002472, 0.3921660780906677, 0.29591667652130127, -0.8709988594055176, -0.2288316935300827, 0.9484649300575256, 0.21920424699783325, 0.8909780383110046, 0.11334742605686188, 0.4396708905696869),
            ["RightLowerLeg"] = CFrame.new(-9.365612640976906e-08, -0.00006031990051269531, -0.00007210222975118086, 1, -1.2107190627830278e-07, -1.2712554564586753e-07, 1.4581017637738114e-07, 0.34145161509513855, 0.939899206161499, -8.568166975919667e-08, -0.9398993253707886, 0.3414521813392639),
            ["LeftUpperLeg"] = CFrame.new(5.960464477539063e-08, -2.1420419216156006e-07, 9.685754776000977e-08, 0.8400629162788391, -0.47397029399871826, -0.2639065086841583, 0.13151036202907562, 0.6498889923095703, -0.7485649585723877, 0.5263074040412903, 0.5941349864006042, 0.6082795858383179),
            ["LeftLowerLeg"] = CFrame.new(1.3969838619232178e-09, 0.000060677528381347656, 0.00007216259837150574, 1, 2.3050233721733093e-08, 5.5995776904183003e-08, -5.2154071283894154e-08, 0.8382399082183838, 0.5453017354011536, 5.7742006731587026e-08, -0.545301616191864, 0.8382399678230286),
        }},
        {Time = 0.167, Data = {
            ["RightFoot"] = CFrame.new(-7.718335837125778e-08, 2.980232238769531e-07, 2.4047039914876223e-08, 0.9972057938575745, 0.013515160419046879, -0.06470736116170883, -0.05374456197023392, 0.7985890507698059, -0.601150631904602, 0.051885124295949936, 0.6017250418663025, 0.7965115904808044),
            ["LeftLowerArm"] = CFrame.new(2.682209014892578e-07, -1.1920928955078125e-07, 2.384185791015625e-07, 1, -1.1920936060505483e-07, 5.960464477539063e-08, 1.3411047916633834e-07, 0.3065612316131592, -0.9518510103225708, 1.4901164746561335e-08, 0.9518510103225708, 0.3065611720085144),
            ["RightUpperArm"] = CFrame.new(0, -1.1920928955078125e-07, 0, 0.8126028180122375, -0.46070095896720886, 0.35697561502456665, 0.46518537402153015, 0.8816857933998108, 0.07894814014434814, -0.35111165046691895, 0.10190630704164505, 0.93077152967453),
            ["Head"] = CFrame.new(5.587935447692871e-09, -1.1920928955078125e-07, 5.587935447692871e-08, 0.9076762795448303, -0.11106861382722855, 0.4047069549560547, 0.17838643491268158, 0.9749978184700012, -0.13250476121902466, -0.3798711895942688, 0.19246584177017212, 0.9047954678535461),
            ["RightHand"] = CFrame.new(5.960464477539063e-08, 0, 1.7508864402770996e-07, 0.8360529541969299, 0.48490098118782043, 0.25668391585350037, -0.5014611482620239, 0.8651795983314514, -0.0010843948693946004, -0.22260329127311707, -0.12781009078025818, 0.9664948582649231),
            ["UpperTorso"] = CFrame.new(-7.450580596923828e-09, -4.172325134277344e-07, -3.725290298461914e-08, 0.9223942756652832, -0.07836265861988068, 0.37821707129478455, 0.043181583285331726, 0.9939861297607422, 0.10063306987285614, -0.3838283121585846, -0.0764913335442543, 0.9202309250831604),
            ["HumanoidRootPart"] = CFrame.new(0, 0, 0, 1, 0, 0, 0, 1, 0, 0, 0, 1),
            ["RightUpperLeg"] = CFrame.new(-5.960464477539063e-08, -2.4598557502031326e-07, -1.6952981241047382e-09, 0.9132512211799622, -0.22233757376670837, -0.3413774371147156, 0.0341327078640461, 0.8767588138580322, -0.4797177314758301, 0.4059646725654602, 0.4264504313468933, 0.8082898259162903),
            ["LeftUpperArm"] = CFrame.new(0, -1.1920928955078125e-07, 2.9802322387695312e-08, 0.8003968000411987, 0.5273613333702087, -0.28505346179008484, -0.5567793846130371, 0.8302064538002014, -0.027453754097223282, 0.22217506170272827, 0.1806856393814087, 0.9581183791160583),
            ["RightLowerArm"] = CFrame.new(-8.940696716308594e-08, 2.980232238769531e-07, -1.7881393432617188e-07, 1, -4.4703490686970326e-08, 1.6763808119435453e-08, 5.960465188081798e-08, 0.6754607558250427, -0.7373960614204407, 1.862645326866641e-08, 0.7373959422111511, 0.6754606366157532),
            ["LeftHand"] = CFrame.new(-8.940696716308594e-08, 0, 3.129243850708008e-07, 0.7930329442024231, -0.567752480506897, -0.22080783545970917, 0.6080502271652222, 0.7597886919975281, 0.2302091121673584, 0.03706550598144531, -0.3168255090713501, 0.9477593898773193),
            ["LeftFoot"] = CFrame.new(-1.4901161193847656e-08, 0, -1.8742866814136505e-08, 0.9918014407157898, 0.11372935771942139, 0.06580156832933426, -0.09129861742258072, 0.953535795211792, -0.28911080956459045, -0.08941251039505005, 0.2789894938468933, 0.9550315141677856),
            ["LowerTorso"] = CFrame.new(-0.2680834233760834, -0.19094276428222656, 0.21288809180259705, 0.5226628184318542, 0.24407155811786652, -0.8168553113937378, -0.1324848085641861, 0.9697566628456116, 0.20498770475387573, 0.8421825170516968, 0.0010812032269313931, 0.5391915440559387),
            ["RightLowerLeg"] = CFrame.new(-8.149072527885437e-08, -0.0000603795051574707, -0.00007198581442935392, 1, -1.0733489830272447e-07, -1.1362139673565252e-07, 1.3457609782108193e-07, 0.44119954109191895, 0.8974087238311768, -1.7287673870214348e-07, -0.8974090218544006, 0.4412001371383667),
            ["LeftUpperLeg"] = CFrame.new(0, -2.912711352109909e-07, -7.450580596923828e-09, 0.8600656390190125, -0.3751635253429413, -0.34574535489082336, 0.08633068203926086, 0.7749347686767578, -0.6261175870895386, 0.5028262734413147, 0.5086536407470703, 0.6988826394081116),
            ["LeftLowerLeg"] = CFrame.new(-7.35744833946228e-08, 0.00006079673767089844, 0.00007206294685602188, 1, 2.6077035641947077e-08, 2.980232949312267e-08, -7.63684582238966e-08, 0.6166821122169495, 0.7872123718261719, 3.725290742551124e-09, -0.7872123718261719, 0.6166819930076599),
        }},
        {Time = 0.200, Data = {
            ["RightFoot"] = CFrame.new(2.561137080192566e-08, 3.5762786865234375e-07, 7.620110409334302e-08, 0.9557182192802429, -0.08029470592737198, 0.2883639633655548, 0.21716274321079254, 0.8436498641967773, -0.49110767245292664, -0.19860245287418365, 0.5308555960655212, 0.8219850659370422),
            ["LeftLowerArm"] = CFrame.new(-1.1920928955078125e-07, -1.1920928955078125e-07, -4.470348358154297e-08, 1, -7.4505820180093e-08, 5.960463766996327e-08, 1.0430811414607888e-07, 0.10122132301330566, -0.9948639273643494, 1.0244546899684792e-07, 0.9948639273643494, 0.10122121870517731),
            ["RightUpperArm"] = CFrame.new(0, -3.5762786865234375e-07, -2.9802322387695312e-08, 0.9223572611808777, -0.3787694573402405, 0.0760975033044815, 0.3818201720714569, 0.9237479567527771, -0.03005342185497284, -0.05891157314181328, 0.056775569915771484, 0.9966474175453186),
            ["Head"] = CFrame.new(5.029141902923584e-08, -2.384185791015625e-07, -4.0978193283081055e-08, 0.9059677124023438, -0.11930356174707413, 0.40618887543678284, 0.20271548628807068, 0.9645740389823914, -0.16882941126823425, -0.37165719270706177, 0.235294908285141, 0.8980574607849121),
            ["RightHand"] = CFrame.new(8.940696716308594e-08, 2.980232238769531e-07, -5.960464477539063e-08, 0.8233698606491089, 0.4609852433204651, 0.3309912085533142, -0.4753945767879486, 0.8788001537322998, -0.04135531187057495, -0.3099389374256134, -0.12330063432455063, 0.942727267742157),
            ["UpperTorso"] = CFrame.new(2.421438694000244e-08, -3.5762786865234375e-07, 1.4901161193847656e-08, 0.9425340890884399, 0.09282475709915161, 0.3209565579891205, -0.11558496952056885, 0.9919060468673706, 0.052559878677129745, -0.31347987055778503, -0.0866372287273407, 0.9456343054771423),
            ["HumanoidRootPart"] = CFrame.new(0, 0, 0, 1, 0, 0, 0, 1, 0, 0, 0, 1),
            ["RightUpperLeg"] = CFrame.new(5.960464477539063e-08, -1.6763806343078613e-07, 1.435910235159099e-07, 0.9578365087509155, -0.05145551264286041, -0.2826686203479767, -0.08831725269556046, 0.8834691643714905, -0.4600895345211029, 0.27340343594551086, 0.46565499901771545, 0.8416745662689209),
            ["LeftUpperArm"] = CFrame.new(1.1920928955078125e-07, 1.1920928955078125e-07, 8.940696716308594e-08, 0.8135846853256226, 0.46501243114471436, -0.34906113147735596, -0.5587934255599976, 0.7912520170211792, -0.24833449721336365, 0.16071675717830658, 0.3970940113067627, 0.9035962820053101),
            ["RightLowerArm"] = CFrame.new(1.1920928955078125e-07, 0, 5.960464477539063e-08, 1, -7.450580596923828e-09, 1.4901157641133977e-08, 2.2351741790771484e-08, 0.8195576667785645, -0.5729967355728149, 1.4901161193847656e-08, 0.5729967355728149, 0.8195576667785645),
            ["LeftHand"] = CFrame.new(1.7881393432617188e-07, -1.1920928955078125e-07, 2.9802322387695312e-08, 0.6910550594329834, -0.5634473562240601, -0.4527367055416107, 0.6847171187400818, 0.7109515070915222, 0.16034390032291412, 0.2315286248922348, -0.42080292105674744, 0.8771085143089294),
            ["LeftFoot"] = CFrame.new(-1.6239937394857407e-08, 0, -6.11980794928968e-08, 0.980262815952301, -0.07295628637075424, 0.1882963925600052, 0.13145588338375092, 0.9362828731536865, -0.32626163959503174, -0.14766213297843933, 0.3435867726802826, 0.9263356924057007),
            ["LowerTorso"] = CFrame.new(-0.25673365592956543, -0.21216320991516113, 0.2518327534198761, 0.6351745128631592, 0.1402180790901184, -0.7595342397689819, 0.011244488880038261, 0.9815999865531921, 0.1906174272298813, 0.7722868919372559, -0.12961611151695251, 0.621910572052002),
            ["RightLowerLeg"] = CFrame.new(3.166496753692627e-08, -0.00006031990051269531, -0.0000721050237189047, 1, -1.7695124654437677e-07, -6.14673041354763e-08, 1.4342366227992898e-07, 0.5486908555030823, 0.8360251188278198, -3.306194784613581e-08, -0.8360254168510437, 0.5486911535263062),
            ["LeftUpperLeg"] = CFrame.new(5.960464477539063e-08, -1.3783574104309082e-07, -4.470348358154297e-08, 0.8961848616600037, -0.1257949024438858, -0.42547401785850525, -0.08340518176555634, 0.894102931022644, -0.4400268495082855, 0.43577098846435547, 0.42983224987983704, 0.7907896041870117),
            ["LeftLowerLeg"] = CFrame.new(-2.9802322387695312e-08, 0.000060498714447021484, 0.00007210182957351208, 1, -5.587935447692871e-09, 9.49948883999241e-08, -9.872019290924072e-08, 0.3101149797439575, 0.9506990909576416, 1.5925616025924683e-07, -0.9506991505622864, 0.31011494994163513),
        }},
        {Time = 0.233, Data = {
            ["RightFoot"] = CFrame.new(-6.891787052154541e-08, 3.5762786865234375e-07, -3.55576048605144e-08, 0.9498720765113831, -0.0657830759882927, 0.3088986575603485, 0.22965724766254425, 0.8113371133804321, -0.5375639200210571, -0.21213339269161224, 0.5808654427528381, 0.7846060991287231),
            ["LeftLowerArm"] = CFrame.new(-5.364418029785156e-07, -3.5762786865234375e-07, 1.9371509552001953e-07, 1, -4.4703497792397684e-08, 1.2665987014770508e-07, 1.7881397695873602e-07, -0.05367939546704292, -0.9985582828521729, 7.4505820180093e-08, 0.9985582828521729, -0.0536794438958168),
            ["RightUpperArm"] = CFrame.new(-5.960464477539063e-08, 2.384185791015625e-07, -2.9802322387695312e-08, 0.9364199638366699, -0.3159308135509491, -0.1526608169078827, 0.3043377101421356, 0.9478404521942139, -0.09474760293960571, 0.17463164031505585, 0.04226304963231087, 0.983726441860199),
            ["Head"] = CFrame.new(-2.246815711259842e-08, 1.1920928955078125e-07, 1.1059455573558807e-08, 0.9122311472892761, -0.11334966868162155, 0.39368298649787903, 0.2125076800584793, 0.9524915814399719, -0.21817459166049957, -0.35024967789649963, 0.2826864421367645, 0.89298015832901),
            ["RightHand"] = CFrame.new(1.1920928955078125e-07, 0, -5.960464477539063e-08, 0.858170211315155, 0.34623751044273376, 0.37903010845184326, -0.3613310158252716, 0.9318488836288452, -0.033130839467048645, -0.36466968059539795, -0.10852319002151489, 0.924791157245636),
            ["UpperTorso"] = CFrame.new(1.4901161193847656e-08, -2.9802322387695312e-08, -1.4901161193847656e-08, 0.9504917860031128, 0.1426352858543396, 0.27608099579811096, -0.16365724802017212, 0.9850083589553833, 0.05454215779900551, -0.26416245102882385, -0.09702449291944504, 0.9595856070518494),
            ["HumanoidRootPart"] = CFrame.new(0, 0, 0, 1, 0, 0, 0, 1, 0, 0, 0, 1),
            ["RightUpperLeg"] = CFrame.new(0, 2.1141022443771362e-07, 5.045876605436206e-08, 0.979664146900177, 0.04735977202653885, -0.19497482478618622, -0.13801711797714233, 0.8643866181373596, -0.4835154712200165, 0.14563439786434174, 0.5005924701690674, 0.8533449769020081),
            ["LeftUpperArm"] = CFrame.new(0, 1.1920928955078125e-07, 0, 0.8272820711135864, 0.3649519085884094, -0.427100270986557, -0.5357211828231812, 0.7413778901100159, -0.40418025851249695, 0.1691364198923111, 0.5631775259971619, 0.8088409900665283),
            ["RightLowerArm"] = CFrame.new(-3.5762786865234375e-07, -5.960464477539062e-07, -5.960464477539063e-08, 1, -4.4703494239684005e-08, -2.235175244891252e-08, 1.4901164746561335e-08, 0.9047338962554932, -0.4259774386882782, -7.450582373280668e-09, 0.4259772002696991, 0.9047338366508484),
            ["LeftHand"] = CFrame.new(-2.086162567138672e-07, 5.960464477539063e-08, -3.725290298461914e-07, 0.6299781203269958, -0.5534558296203613, -0.5448072552680969, 0.7110599875450134, 0.6931467056274414, 0.11807161569595337, 0.3122839331626892, -0.4617731273174286, 0.830207347869873),
            ["LeftFoot"] = CFrame.new(1.1175870895385742e-08, 5.960464477539063e-08, -7.35744833946228e-08, 0.9689332246780396, -0.23789390921592712, 0.06853903084993362, 0.23968614637851715, 0.842353343963623, -0.4823726415634155, 0.060982853174209595, 0.4835776090621948, 0.8732806444168091),
            ["LowerTorso"] = CFrame.new(-0.24740572273731232, -0.26522088050842285, 0.2871519923210144, 0.7072258591651917, 0.08659657835960388, -0.7016641497612, 0.06226295605301857, 0.9809849262237549, 0.1838260293006897, 0.7042406797409058, -0.1736944168806076, 0.6883861422538757),
            ["RightLowerLeg"] = CFrame.new(-5.960464477539063e-08, -0.00006031990051269531, -0.0000721348260412924, 1, -1.0803340444454079e-07, -3.3527619791584584e-08, 7.82310962677002e-08, 0.5486488342285156, 0.8360525369644165, -1.6577541828155518e-07, -0.8360528945922852, 0.5486493110656738),
            ["LeftUpperLeg"] = CFrame.new(8.940696716308594e-08, 1.4528632164001465e-07, 1.1175870895385742e-07, 0.855464518070221, 0.16667233407497406, -0.49030694365501404, -0.2834266722202301, 0.9430912733078003, -0.17392012476921082, 0.4334164261817932, 0.2877485752105713, 0.8540204167366028),
            ["LeftLowerLeg"] = CFrame.new(5.960464477539063e-08, 0.00006073713302612305, 0.00007202476263046265, 1, -6.519259798665189e-09, 1.2479723920932884e-07, -5.1164523284796815e-08, 0.04264473542571068, 0.9990903735160828, 8.195636524988004e-08, -0.9990903735160828, 0.04264450818300247),
        }},
        {Time = 0.267, Data = {
            ["RightFoot"] = CFrame.new(3.725290298461914e-09, 4.172325134277344e-07, -2.0656443666666746e-08, 0.9745833277702332, -0.0925673320889473, 0.20709483325481415, 0.20664970576763153, 0.7251013517379761, -0.6568388342857361, -0.08650486171245575, 0.6823923587799072, 0.7250340580940247),
            ["LeftLowerArm"] = CFrame.new(-1.1920928955078125e-07, 5.364418029785156e-07, -5.960464477539063e-08, 1, -4.470351555596608e-08, 9.965149416757413e-08, 1.1175870895385742e-07, -0.16719910502433777, -0.9859232306480408, 7.450580596923828e-08, 0.9859232306480408, -0.16719891130924225),
            ["RightUpperArm"] = CFrame.new(0, 0, 8.940696716308594e-08, 0.9223513603210449, -0.2725380063056946, -0.27384528517723083, 0.25081607699394226, 0.961517333984375, -0.11214224994182587, 0.29386982321739197, 0.03474976867437363, 0.9552136063575745),
            ["Head"] = CFrame.new(1.30385160446167e-08, -1.1920928955078125e-07, 6.146728992462158e-08, 0.926810085773468, -0.0876619964838028, 0.36515548825263977, 0.19809389114379883, 0.9402066469192505, -0.27707430720329285, -0.31903260946273804, 0.3291304409503937, 0.8887583613395691),
            ["RightHand"] = CFrame.new(0, -5.960464477539063e-08, 2.384185791015625e-07, 0.8762428164482117, 0.29049474000930786, 0.3844626247882843, -0.30768927931785583, 0.9513251781463623, -0.017542853951454163, -0.37084484100341797, -0.1029229462146759, 0.9229738116264343),
            ["UpperTorso"] = CFrame.new(9.313225746154785e-09, 2.682209014892578e-07, 2.9802322387695312e-08, 0.9689633250236511, 0.05664530023932457, 0.24062740802764893, -0.08048271387815475, 0.9926468729972839, 0.09041421860456467, -0.2337365448474884, -0.10697434842586517, 0.9663973450660706),
            ["HumanoidRootPart"] = CFrame.new(0, 0, 0, 1, 0, 0, 0, 1, 0, 0, 0, 1),
            ["RightUpperLeg"] = CFrame.new(0, 3.3155083656311035e-07, 2.0656443666666746e-08, 0.9890927076339722, 0.041936565190553665, -0.14119884371757507, -0.11433587223291397, 0.8229418396949768, -0.5565017461776733, 0.09286072850227356, 0.566575825214386, 0.8187605142593384),
            ["LeftUpperArm"] = CFrame.new(0, -1.1920928955078125e-07, 8.940696716308594e-08, 0.8378134965896606, 0.2791728973388672, -0.4691815972328186, -0.5093944668769836, 0.7089217901229858, -0.48779845237731934, 0.19643300771713257, 0.6476823687553406, 0.7361531257629395),
            ["RightLowerArm"] = CFrame.new(0, -4.172325134277344e-07, -2.9802322387695312e-08, 1, -2.2351747119842003e-08, 1.1175873559921001e-08, 9.313226634333205e-09, 0.9466953277587891, -0.32213038206100464, -1.0430814256778831e-07, 0.32213038206100464, 0.9466953873634338),
            ["LeftHand"] = CFrame.new(-2.086162567138672e-07, -5.960464477539063e-08, -1.9650906324386597e-07, 0.6724329590797424, -0.5539182424545288, -0.49092668294906616, 0.6635892987251282, 0.7449654340744019, 0.06837957352399826, 0.32784655690193176, -0.37175410985946655, 0.868513286113739),
            ["LeftFoot"] = CFrame.new(7.450580596923828e-08, 0, 2.7939677238464355e-08, 0.8574540019035339, -0.465604305267334, -0.21532242000102997, 0.30702897906303406, 0.8034524321556091, -0.5096623301506042, 0.4129233658313751, 0.37104809284210205, 0.8329949975013733),
            ["LowerTorso"] = CFrame.new(-0.24041664600372314, -0.33499813079833984, 0.3188304603099823, 0.7534423470497131, 0.11336499452590942, -0.6476673483848572, 0.008222636766731739, 0.9833229184150696, 0.18168261647224426, 0.6574625968933105, -0.1422131061553955, 0.7399449348449707),
            ["RightLowerLeg"] = CFrame.new(0, -0.00006031990051269531, -0.00007214972720248625, 1, -1.7881390590446244e-07, -4.470350489782504e-08, 1.266598843585598e-07, 0.3984988331794739, 0.9171685576438904, -2.79396800806353e-07, -0.917168915271759, 0.39849957823753357),
