return {
    ["Sigma Boy"] = {
        {Time = 0.000, Data = {
            ["LeftFoot"] = CFrame.new(4.189377023067209e-08, -5.960464477539063e-08, -2.557499101385474e-09, 0.9922672510147095, -0.035567399114370346, 0.11891525238752365, 0.0656156986951828, 0.9635602235794067, -0.25931859016418457, -0.10535874217748642, 0.2651161253452301, 0.9584431052207947),
            ["LeftLowerArm"] = CFrame.new(-2.384185791015625e-07, 4.172325134277344e-07, -3.725290298461914e-09, 1, -1.3969838619232178e-09, 3.14321413341645e-09, 9.313225746154785e-10, 1, -9.31322685637781e-10, 3.026798367500305e-09, 2.7939677238464355e-09, 1),
            ["LowerTorso"] = CFrame.new(-3.1247599993622366e-12, -0.07157731056213379, -4.832630062966129e-22, 0.9999977946281433, -0.0013784798793494701, 0.0016447160160169005, 0.0013878351310268044, 0.9999827742576599, -0.00570047739893198, -0.0016368299257010221, 0.005702747032046318, 0.9999824166297913),
            ["Head"] = CFrame.new(1.1459633242338896e-09, 0.003906369209289551, 4.193225322524086e-09, 1, -0.000013015674085181672, -0.000011058384188800119, 0.00001292811066377908, 0.999968945980072, -0.007886406034231186, 0.000011160856047354173, 0.007886406034231186, 0.9999690055847168),
            ["RightUpperArm"] = CFrame.new(-5.960464477539063e-08, 0.00390625, 2.417946234345436e-07, 0.9713613390922546, -0.024261627346277237, -0.23636534810066223, -0.02095254324376583, 0.982151985168457, -0.1869186908006668, 0.23668161034584045, 0.18651801347732544, 0.9535161256790161),
            ["UpperTorso"] = CFrame.new(-1.9326762412674725e-10, -0.0039061009883880615, -6.983782441238873e-10, 1, 0.000033319603971904144, 0.000028749036573572084, -0.00003390005076653324, 0.9997912049293518, 0.020433535799384117, -0.000028062220735591836, -0.020433539524674416, 0.9997912049293518),
            ["HumanoidRootPart"] = CFrame.new(0, 0, 0, 1, 0, 0, 0, 1, 0, 0, 0, 1),
            ["RightHand"] = CFrame.new(-1.5273690223693848e-07, 1.1920928955078125e-07, 4.470348358154297e-08, -0.03214741498231888, -0.13607637584209442, -0.9901766180992126, -0.3594372868537903, 0.9259832501411438, -0.11558498442173004, 0.9326153993606567, 0.35219070315361023, -0.07867889106273651),
            ["LeftUpperArm"] = CFrame.new(1.1920928955078125e-07, 0.0039058923721313477, -2.3713801056146622e-07, 0.9979668855667114, 0.021826772019267082, 0.05988062918186188, -0.02423761785030365, 0.9989123344421387, 0.039834436029195786, -0.05894603207707405, -0.04120481386780739, 0.9974104762077332),
            ["RightLowerArm"] = CFrame.new(0, -3.5762786865234375e-07, 2.2351741790771484e-08, 1, -4.190951585769653e-08, 1.6251577505954629e-07, 4.0978189730367376e-08, -0.8757431507110596, -0.48277735710144043, 1.508742428768528e-07, 0.4827774465084076, -0.8757430911064148),
            ["LeftHand"] = CFrame.new(-1.5366822481155396e-08, 0, -7.450580596923828e-09, 0.9106448292732239, -0.23077847063541412, -0.34273532032966614, 0.1941603720188141, 0.9712044596672058, -0.13807141780853271, 0.36473003029823303, 0.05918841436505318, 0.9292302131652832),
            ["RightUpperLeg"] = CFrame.new(0, -2.00714566744864e-07, -8.221832104027271e-10, 0.9993847608566284, -0.034982264041900635, 0.002526904223486781, 0.03420247137546539, 0.9560798406600952, -0.29110410809516907, 0.00776755902916193, 0.29101133346557617, 0.9566881060600281),
            ["LeftUpperLeg"] = CFrame.new(-5.960464477539063e-08, -2.499955371604301e-07, -5.238689482212067e-10, 0.999305784702301, 0.036667995154857635, -0.0065895505249500275, -0.03698056936264038, 0.9548501968383789, -0.29477715492248535, -0.004516854882240295, 0.29481616616249084, 0.9555433988571167),
            ["RightLowerLeg"] = CFrame.new(1.1408701539039612e-08, -0.000003874301910400391, -0.00001322424941463396, 1, -1.8510037946839475e-08, -1.3969838619232178e-08, 1.9790606486935758e-08, 0.8429090976715088, 0.5380556583404541, 3.725290742551124e-09, -0.5380561351776123, 0.8429093360900879),
            ["RightFoot"] = CFrame.new(1.2898340173705947e-08, 4.172325134277344e-07, 6.744812708348036e-09, 0.992263674736023, 0.035544607788324356, -0.1189516931772232, -0.06543003767728806, 0.9639953374862671, -0.2577436566352844, 0.10550740361213684, 0.2635330557823181, 0.9588633179664612),
            ["LeftLowerLeg"] = CFrame.new(-5.122274160385132e-09, 0.000003993511199951172, 0.000013313256204128265, 1, 9.627549246715716e-08, 2.51457130673316e-08, -9.511131793260574e-08, 0.8399367928504944, 0.5426842570304871, 3.213062882423401e-08, -0.5426843762397766, 0.8399368524551392),
        }},
        {Time = 0.033, Data = {
            ["LeftFoot"] = CFrame.new(2.149003641704894e-08, -5.960464477539063e-08, 1.7801085050450638e-09, 0.9922835230827332, -0.0351092629134655, 0.11891552805900574, 0.06034437566995621, 0.9745706915855408, -0.21580253541469574, -0.10831493139266968, 0.22131311893463135, 0.9691689014434814),
            ["LeftLowerArm"] = CFrame.new(-2.9802322387695312e-08, 0, -1.30385160446167e-08, 1, -8.731148248841691e-09, 2.3283064365386963e-09, 7.334165275096893e-09, 0.9935836791992188, -0.1130991205573082, 1.1641532182693481e-10, 0.1130990982055664, 0.9935837388038635),
            ["LowerTorso"] = CFrame.new(-5.376952003643964e-07, -0.04966628551483154, -4.832630062966129e-22, 0.9999971985816956, -0.0014312387211248279, 0.0018937460845336318, 0.001474877935834229, 0.9997286796569824, -0.02324671857059002, -0.001859960611909628, 0.023249445483088493, 0.9997279644012451),
            ["Head"] = CFrame.new(-3.346940502524376e-10, 0.0039064884185791016, 2.405613486189395e-10, 1, -0.00003919722075806931, -0.00015935722331050783, 0.000037128174881218, 0.9999160170555115, -0.012962126173079014, 0.00015985181380528957, 0.012962117791175842, 0.9999160766601562),
            ["RightUpperArm"] = CFrame.new(0, 0.003906369209289551, 2.4121254682540894e-07, 0.9899085164070129, -0.039270613342523575, -0.13615797460079193, -0.007414015009999275, 0.9451659917831421, -0.32650625705718994, 0.14151398837566376, 0.32422080636024475, 0.935336709022522),
            ["UpperTorso"] = CFrame.new(1.0186340659856796e-10, -0.0039059221744537354, -1.7091679183067754e-09, 0.9999999403953552, 0.00021372233459260315, 0.00025094414013437927, -0.00022564585378859192, 0.9988223910331726, 0.04851723834872246, -0.00024027936160564423, -0.048517290502786636, 0.9988223910331726),
            ["HumanoidRootPart"] = CFrame.new(0, 0, 0, 1, 0, 0, 0, 1, 0, 0, 0, 1),
            ["RightHand"] = CFrame.new(2.7008354663848877e-08, -5.960464477539063e-08, -1.4901161193847656e-08, -0.04754005745053291, -0.12159764021635056, -0.9914404153823853, -0.42254915833473206, 0.9018259048461914, -0.09034524857997894, 0.9050923585891724, 0.4146372675895691, -0.09425387531518936),
            ["LeftUpperArm"] = CFrame.new(5.960464477539063e-08, 0.0039061307907104492, -2.42842361330986e-07, 0.9994633197784424, 0.023892134428024292, 0.022410307079553604, -0.024353111162781715, 0.9994926452636719, 0.020527591928839684, -0.021908486261963844, -0.0210623349994421, 0.9995381832122803),
            ["RightLowerArm"] = CFrame.new(-2.9802322387695312e-08, 2.980232238769531e-07, -2.9802322387695312e-08, 1, -5.005858838558197e-08, 1.5739351511001587e-07, 4.7497451305389404e-08, -0.8545598983764648, -0.5193530321121216, 1.5855766832828522e-07, 0.5193529725074768, -0.8545598983764648),
            ["LeftHand"] = CFrame.new(-1.1146767064929008e-07, 0, 0, 0.9881281852722168, -0.15339232981204987, -0.00857151485979557, 0.15206289291381836, 0.9844678044319153, -0.08775011450052261, 0.021898571401834488, 0.08540496975183487, 0.9961057305335999),
            ["RightUpperLeg"] = CFrame.new(0, 1.2123564374633133e-08, -3.092281986027956e-09, 0.9994015097618103, -0.034592874348163605, 0.00034884599153883755, 0.03379393368959427, 0.974063515663147, -0.22373703122138977, 0.0073999082669615746, 0.22361479699611664, 0.9746494889259338),
            ["LeftUpperLeg"] = CFrame.new(0, 4.9411028157919645e-08, -3.14321368932724e-09, 0.9993205070495605, 0.0365426242351532, -0.004823602735996246, -0.036677975207567215, 0.972869336605072, -0.2284293919801712, -0.0036546734627336264, 0.22845105826854706, 0.9735485315322876),
            ["RightLowerLeg"] = CFrame.new(7.683411240577698e-09, -0.0000037550926208496094, -0.000013318196579348296, 1, -8.218921720981598e-08, -2.1420420992512845e-08, 7.986091787870464e-08, 0.8915273547172546, 0.45296671986579895, -1.839362262501254e-08, -0.4529668390750885, 0.8915274739265442),
            ["RightFoot"] = CFrame.new(-2.635442797327414e-08, 3.5762786865234375e-07, 1.69893610291183e-08, 0.9922794699668884, 0.03508683666586876, -0.11895560473203659, -0.060086026787757874, 0.975069522857666, -0.21360968053340912, 0.10849504172801971, 0.21910826861858368, 0.9696497321128845),
            ["LeftLowerLeg"] = CFrame.new(-2.5029294192790985e-08, 0.000003993511199951172, 0.000013315118849277496, 1, 7.066410034894943e-08, 1.5832485544819974e-08, -6.798655505235729e-08, 0.888293445110321, 0.45927655696868896, 1.839362262501254e-08, -0.459276407957077, 0.8882933855056763),
        }},
        {Time = 0.067, Data = {
            ["LeftFoot"] = CFrame.new(4.1452533849906104e-08, -5.960464477539063e-08, -9.340539008917403e-09, 0.9923015236854553, -0.03459377959370613, 0.11891645938158035, 0.05237140133976936, 0.9873294830322266, -0.14979244768619537, -0.11222778260707855, 0.15486696362495422, 0.9815402030944824),
            ["LeftLowerArm"] = CFrame.new(-1.7881393432617188e-07, 1.7881393432617188e-07, 9.778887033462524e-09, 1, -3.632158396271734e-08, 3.725290742551124e-09, 3.213062882423401e-08, 0.9162611961364746, -0.40058159828186035, 6.868503987789154e-09, 0.40058156847953796, 0.9162611961364746),
            ["LowerTorso"] = CFrame.new(-0.0000010369803931098431, -0.024322986602783203, -4.832630062966129e-22, 0.9999966621398926, -0.00147594406735152, 0.002125818282365799, 0.0015618992038071156, 0.9991572499275208, -0.041016556322574615, -0.0020634883549064398, 0.0410197377204895, 0.9991562962532043),
            ["Head"] = CFrame.new(2.3283064365386963e-10, 0.0039055347442626953, 1.8073933460982516e-08, 1, -0.00006664296961389482, -0.00029876758344471455, 0.0000609437411185354, 0.9998188018798828, -0.01903640851378441, 0.00029998234822414815, 0.019036389887332916, 0.9998188018798828),
            ["RightUpperArm"] = CFrame.new(-1.1920928955078125e-07, 0.0039055347442626953, 2.558808773756027e-07, 0.9992997646331787, -0.03417223319411278, -0.015240928158164024, 0.02238743007183075, 0.8724281787872314, -0.488229364156723, 0.029980501160025597, 0.48754629492759705, 0.8725823760032654),
            ["UpperTorso"] = CFrame.new(8.003553375601768e-11, -0.0039060115814208984, 6.71275302011054e-09, 0.9999998807907104, 0.00037826888728886843, 0.0004649361944757402, -0.00041275055264122784, 0.9970656037330627, 0.0765516459941864, -0.0004346149798948318, -0.07655183225870132, 0.9970656037330627),
            ["HumanoidRootPart"] = CFrame.new(0, 0, 0, 1, 0, 0, 0, 1, 0, 0, 0, 1),
            ["RightHand"] = CFrame.new(-3.725290298461914e-09, 0, 1.4901161193847656e-08, -0.020038820803165436, -0.08923067152500153, -0.9958094358444214, -0.4739767014980316, 0.8778203129768372, -0.06912023574113846, 0.8803093433380127, 0.4706054627895355, -0.059883758425712585),
            ["LeftUpperArm"] = CFrame.new(0, 0.0039058923721313477, -2.1420419216156006e-07, 0.9991992115974426, 0.025020429864525795, -0.031222794204950333, -0.02449776977300644, 0.999555230140686, 0.017011266201734543, 0.031634531915187836, -0.01623276248574257, 0.9993676543235779),
            ["RightLowerArm"] = CFrame.new(-5.960464477539063e-08, 1.1920928955078125e-07, 3.3527612686157227e-08, 1, -5.541370029504833e-08, 1.5227128358219488e-07, 5.401671643312511e-08, -0.7721705436706543, -0.6354154348373413, 1.5366823902240867e-07, 0.6354154348373413, -0.7721705436706543),
            ["LeftHand"] = CFrame.new(-7.171183824539185e-08, 1.1920928955078125e-07, -8.940696716308594e-08, 0.8773254752159119, -0.04145131632685661, 0.47810235619544983, 0.0720740556716919, 0.9963437914848328, -0.04587435722351074, -0.4744526743888855, 0.07470549643039703, 0.8771054148674011),
            ["RightUpperLeg"] = CFrame.new(-2.9802322387695312e-08, -2.2973472368903458e-07, 1.0877556633204222e-08, 0.9994198083877563, -0.03395399451255798, -0.002673496725037694, 0.03332686424255371, 0.9911051988601685, -0.12884056568145752, 0.007024370599538088, 0.1286766529083252, 0.9916617274284363),
            ["LeftUpperLeg"] = CFrame.new(0, -1.7049751477316022e-07, 1.210719347000122e-08, 0.9993370175361633, 0.03634718805551529, -0.002136794151738286, -0.03630075976252556, 0.9900809526443481, -0.13572724163532257, -0.002817706437781453, 0.1357148438692093, 0.9907439351081848),
            ["RightLowerLeg"] = CFrame.new(-3.1082890927791595e-08, -0.0000035762786865234375, -0.000013319840945769101, 1, 9.371433407068253e-09, -5.587935447692871e-09, -1.0477380074647158e-09, 0.9486070275306702, 0.31645649671554565, 6.170012945005965e-09, -0.31645667552948, 0.9486070275306702),
            ["RightFoot"] = CFrame.new(8.259121386799961e-09, 2.980232238769531e-07, 1.2987584341317415e-08, 0.9922971129417419, 0.03457166254520416, -0.11895939707756042, -0.051914554089307785, 0.9879311323165894, -0.1459345668554306, 0.11247838288545609, 0.15098634362220764, 0.9821160435676575),
            ["LeftLowerLeg"] = CFrame.new(2.5262124836444855e-08, 0.000003814697265625, 0.000013326069165486842, 1, 4.773029260718431e-08, 5.587935447692871e-09, -3.993046604477968e-08, 0.9451076984405518, 0.32675933837890625, 7.174095983941697e-09, -0.32675933837890625, 0.9451075792312622),
        }},
        {Time = 0.100, Data = {
            ["LeftFoot"] = CFrame.new(2.0583968307619216e-08, 5.960464477539063e-08, 3.7493954607725755e-09, 0.9923155903816223, -0.0341801643371582, 0.11891791224479675, 0.040581006556749344, 0.9978312253952026, -0.05182668939232826, -0.116888627409935, 0.05625418946146965, 0.991550624370575),
            ["LeftLowerArm"] = CFrame.new(8.940696716308594e-08, 1.7881393432617188e-07, 5.587935447692871e-09, 1, -6.426126475389538e-08, 1.9557775843281888e-08, 6.612390279769897e-08, 0.6714692115783691, -0.7410325407981873, 2.9103830456733704e-08, 0.7410325407981873, 0.6714692115783691),
            ["LowerTorso"] = CFrame.new(-0.0000012674196341322386, -0.003435492515563965, -4.832630062966129e-22, 0.9999963641166687, -0.0014940414112061262, 0.002233377890661359, 0.0016104630194604397, 0.9985895752906799, -0.05306893587112427, -0.002150940475985408, 0.05307234078645706, 0.9985883831977844),
            ["Head"] = CFrame.new(-4.3655745685100555e-10, 0.00390625, 1.8267201085109264e-09, 1, -0.00008688641537446529, -0.00036826723953709006, 0.00007735927647445351, 0.9996673464775085, -0.025791926309466362, 0.0003703859983943403, 0.025791887193918228, 0.9996673464775085),
            ["RightUpperArm"] = CFrame.new(0, 0.003906369209289551, 2.44705006480217e-07, 0.9963998198509216, -0.003755567828193307, 0.08469546586275101, 0.05812210589647293, 0.757548451423645, -0.65018630027771, -0.06171908602118492, 0.6527681946754456, 0.755039393901825),
            ["UpperTorso"] = CFrame.new(-2.4010660126805305e-10, -0.0039059817790985107, 7.2902821557363495e-09, 0.9999998211860657, 0.00046023615868762136, 0.0005757205071859062, -0.0005132302758283913, 0.995408296585083, 0.09571913629770279, -0.0005290237604640424, -0.09571941196918488, 0.9954082369804382),
            ["HumanoidRootPart"] = CFrame.new(0, 0, 0, 1, 0, 0, 0, 1, 0, 0, 0, 1),
            ["RightHand"] = CFrame.new(-1.30385160446167e-07, -5.960464477539063e-08, -1.4901161193847656e-08, 0.030884817242622375, -0.044030919671058655, -0.9985527396202087, -0.49921587109565735, 0.8648198246955872, -0.05357453599572182, 0.8659270405769348, 0.5001478791236877, 0.00472888071089983),
            ["LeftUpperArm"] = CFrame.new(5.960464477539063e-08, 0.0039061307907104492, -2.437736839056015e-07, 0.995121955871582, 0.027188222855329514, -0.0948326364159584, -0.022991953417658806, 0.9987193942070007, 0.04506485536694527, 0.09593643248081207, -0.04266461730003357, 0.9944727420806885),
            ["RightLowerArm"] = CFrame.new(5.960464477539063e-08, 1.7881393432617188e-07, 1.6391277313232422e-07, 1, -8.00937343115038e-08, 1.3597309589385986e-07, 6.868503987789154e-08, -0.5778990983963013, -0.8161083459854126, 1.3783574104309082e-07, 0.8161082863807678, -0.5778990387916565),
            ["LeftHand"] = CFrame.new(-3.725290298461914e-09, -5.960464477539063e-08, -1.6391277313232422e-07, 0.49246275424957275, 0.03906452655792236, 0.8694564700126648, -0.0007025115774013102, 0.9990097880363464, -0.04448740929365158, -0.8703332543373108, 0.021297600120306015, 0.49200257658958435),
            ["RightUpperLeg"] = CFrame.new(0, 2.7623173082247376e-07, -7.748894859105349e-09, 0.999434232711792, -0.03289741650223732, -0.006997506599873304, 0.03295253589749336, 0.9994256496429443, 0.007913028821349144, 0.0067331683821976185, -0.00813926663249731, 0.999944269657135),
            ["LeftUpperLeg"] = CFrame.new(0, 3.1148374546319246e-08, 3.4924596548080444e-09, 0.9993504881858826, 0.035988327115774155, 0.0018764970591291785, -0.03596298769116402, 0.9992794394493103, -0.012134350836277008, -0.0023118401877582073, 0.012058987282216549, 0.9999247193336487),
            ["RightLowerLeg"] = CFrame.new(4.489265847951174e-08, -0.000003814697265625, -0.000013305740139912814, 1, -3.419700433937578e-08, 4.656613983300417e-10, 3.882450982928276e-08, 0.9962965846061707, 0.08598311245441437, -2.7939677238464355e-09, -0.08598318696022034, 0.9962966442108154),
            ["RightFoot"] = CFrame.new(1.342198174825171e-08, 2.384185791015625e-07, 1.04046193882823e-09, 0.9923111796379089, 0.03415832668542862, -0.11896152049303055, -0.03875086084008217, 0.9985817670822144, -0.036507852375507355, 0.11754577606916428, 0.04083722457289696, 0.9922274947166443),
            ["LeftLowerLeg"] = CFrame.new(5.628680810332298e-08, 0.000004172325134277344, 0.000013277865946292877, 1, 1.0390067473053932e-08, 2.3283069916502086e-10, -1.437729224562645e-08, 0.9926182627677917, 0.12128116190433502, 9.313225746154785e-10, -0.12128109484910965, 0.992618203163147),
        }},
        {Time = 0.133, Data = {
            ["LeftFoot"] = CFrame.new(3.302441697883296e-08, 1.1920928955078125e-07, 3.637410372903105e-10, 0.9923210740089417, -0.034013744443655014, 0.11892009526491165, 0.03398732468485832, 0.9994198083877563, 0.002250716323032975, -0.11892765760421753, 0.0018083188915625215, 0.9929013252258301),
            ["LeftLowerArm"] = CFrame.new(2.9802322387695312e-08, 0, 3.166496753692627e-08, 1, -7.310882210731506e-08, 6.519258732851085e-08, 8.102506399154663e-08, 0.24925577640533447, -0.9684377908706665, 7.05476850271225e-08, 0.9684377312660217, 0.24925582110881805),
            ["LowerTorso"] = CFrame.new(-9.985735687223496e-07, 0.005107402801513672, -4.832630062966129e-22, 0.9999967217445374, -0.0014694376150146127, 0.0021085545886307955, 0.0015801076078787446, 0.9985675811767578, -0.053482040762901306, -0.0020269453525543213, 0.053485188633203506, 0.9985666871070862),
            ["Head"] = CFrame.new(-2.473825588822365e-10, 0.003905773162841797, 7.67022356740199e-09, 0.9999999403953552, -0.00009048528590938076, -0.000306969101075083, 0.00008033336780499667, 0.9994583129882812, -0.032910872250795364, 0.0003097804437857121, 0.032910849899053574, 0.9994582533836365),
            ["RightUpperArm"] = CFrame.new(-5.960464477539063e-08, 0.0039060115814208984, 2.584420144557953e-07, 0.9919422268867493, 0.03806137293577194, 0.12083867192268372, 0.0735815018415451, 0.6033653616905212, -0.7940629720687866, -0.10313299298286438, 0.7965561151504517, 0.5957030057907104),
            ["UpperTorso"] = CFrame.new(-2.837623469531536e-10, -0.0039059817790985107, 9.299924386141356e-09, 0.9999998211860657, 0.0003967610828112811, 0.0004858440370298922, -0.00044214221998117864, 0.9952570199966431, 0.09727997332811356, -0.0004449429106898606, -0.09728017449378967, 0.9952569603919983),
            ["HumanoidRootPart"] = CFrame.new(0, 0, 0, 1, 0, 0, 0, 1, 0, 0, 0, 1),
            ["RightHand"] = CFrame.new(1.043081283569336e-07, -1.1920928955078125e-07, 0, 0.0886637344956398, 0.003395465901121497, -0.9960558414459229, -0.4818462133407593, 0.8753466606140137, -0.03990742936730385, 0.8717585802078247, 0.4834839701652527, 0.0792476162314415),
            ["LeftUpperArm"] = CFrame.new(0, 0.003905653953552246, -2.2910535335540771e-07, 0.990336537361145, 0.02992124669253826, -0.13541924953460693, -0.019026119261980057, 0.9965288043022156, 0.08104555308818817, 0.1373741328716278, -0.07768586277961731, 0.9874681234359741),
            ["RightLowerArm"] = CFrame.new(-2.9802322387695312e-08, 5.960464477539063e-08, -2.9802322387695312e-08, 1, -8.940696716308594e-08, 1.005828522693264e-07, 8.940696716308594e-08, -0.20155516266822815, -0.9794772267341614, 9.313225746154785e-08, 0.9794771671295166, -0.20155519247055054),
            ["LeftHand"] = CFrame.new(-4.470348358154297e-08, -5.960464477539063e-08, 9.685754776000977e-08, 0.08178704977035522, 0.04947824776172638, 0.9954208731651306, -0.006291491910815239, 0.9987727403640747, -0.049127914011478424, -0.9966300129890442, -0.0022445896174758673, 0.08199799060821533),
            ["RightUpperLeg"] = CFrame.new(-2.9802322387695312e-08, 1.5006662579253316e-07, 1.9957951735705137e-08, 0.9994397163391113, -0.03243336081504822, -0.008269565179944038, 0.032812945544719696, 0.9981660842895508, 0.050870947539806366, 0.006604483816772699, -0.051113951951265335, 0.9986710548400879),
            ["LeftUpperLeg"] = CFrame.new(0, -3.2887328416109085e-09, 1.4784745872020721e-08, 0.9993569850921631, 0.03560861200094223, 0.0042085726745426655, -0.035774026066064835, 0.9981217980384827, 0.04973224923014641, -0.00242977193556726, -0.04985086992383003, 0.9987537264823914),
            ["RightLowerLeg"] = CFrame.new(1.3146927813068032e-07, -0.0000033974647521972656, -0.000013308766938280314, 1, -5.83167931722528e-08, 4.4456092140876535e-09, 5.676156433764845e-08, 0.9999840259552002, 0.005650072358548641, -3.798049874603748e-09, -0.005650061182677746, 0.9999840259552002),
            ["RightFoot"] = CFrame.new(-3.483364707790315e-08, 3.5762786865234375e-07, 4.2928149923682213e-10, 0.9923169612884521, 0.033992014825344086, -0.11896088719367981, -0.03410996124148369, 0.9994176030158997, 0.0010449099354445934, 0.11892705410718918, 0.00302103185094893, 0.9928984642028809),
            ["LeftLowerLeg"] = CFrame.new(1.764010448823683e-07, 0.000003814697265625, 0.000013303477317094803, 1, -1.2249982361822731e-08, 2.4010660126805305e-10, 1.0977601050399244e-08, 0.9999845623970032, 0.005559255369007587, -7.275957614183426e-10, -0.005559198558330536, 0.999984622001648),
        }},
        {Time = 0.167, Data = {
            ["LeftFoot"] = CFrame.new(-7.059092865802086e-08, -5.960464477539063e-08, -5.959183368986487e-09, 0.9923129081726074, -0.03424157574772835, 0.11892294883728027, 0.04330066218972206, 0.996284544467926, -0.07444676011800766, -0.11593207716941833, 0.0790238305926323, 0.9901086091995239),
            ["LeftLowerArm"] = CFrame.new(5.960464477539063e-08, 0, 5.989568307995796e-08, 1, -8.09086486697197e-08, 1.0756775736808777e-07, 8.66129994392395e-08, -0.23028069734573364, -0.9731242656707764, 1.050066202878952e-07, 0.9731243252754211, -0.23028069734573364),
            ["LowerTorso"] = CFrame.new(-2.083172826947144e-12, -0.006582140922546387, -3.6200632565265185e-22, 0.9999976754188538, -0.0013784797629341483, 0.0016447162488475442, 0.0014372989535331726, 0.9993394017219543, -0.03631416708230972, -0.0015935711562633514, 0.03631644323468208, 0.9993391633033752),
            ["Head"] = CFrame.new(6.111804395914078e-10, 0.003906369209289551, -1.6295871319016442e-08, 1, -0.00006702922837575898, -0.00005416010753833689, 0.00006480501178884879, 0.9991966485977173, -0.04007510840892792, 0.000056802702601999044, 0.040075112134218216, 0.9991967082023621),
            ["RightUpperArm"] = CFrame.new(0, 0.00390625, 2.307351678609848e-07, 0.9955150485038757, 0.06252634525299072, 0.07099553197622299, 0.03817019239068031, 0.42118433117866516, -0.9061715602874756, -0.08656178414821625, 0.9048172831535339, 0.41690871119499207),
            ["UpperTorso"] = CFrame.new(3.6925484891980886e-10, -0.003906071186065674, 6.286711595748784e-09, 1, 0.00011550459021236748, 0.00010439983452670276, -0.0001227623870363459, 0.997373640537262, 0.07242869585752487, -0.00009575972217135131, -0.07242870330810547, 0.997373640537262),
            ["HumanoidRootPart"] = CFrame.new(0, 0, 0, 1, 0, 0, 0, 1, 0, 0, 0, 1),
            ["RightHand"] = CFrame.new(-1.043081283569336e-07, -1.1920928955078125e-07, 3.46451997756958e-07, 0.14103175699710846, 0.03985172137618065, -0.9892026782035828, -0.4085065722465515, 0.912502646446228, -0.02147953398525715, 0.9017940163612366, 0.4071250557899475, 0.1449715495109558),
            ["LeftUpperArm"] = CFrame.new(0, 0.003906369209289551, -2.391170710325241e-07, 0.9931002855300903, 0.027399076148867607, -0.11402221769094467, -0.01691402681171894, 0.9956220388412476, 0.09192769229412079, 0.11604177206754684, -0.08936484158039093, 0.9892159700393677),
            ["RightLowerArm"] = CFrame.new(-5.960464477539063e-08, -1.1920928955078125e-07, 1.9371509552001953e-07, 1, -8.568168397005138e-08, 5.587935447692871e-08, 7.82310962677002e-08, 0.34515514969825745, -0.9385457038879395, 5.587935447692871e-08, 0.9385457634925842, 0.34515514969825745),
            ["LeftHand"] = CFrame.new(9.685754776000977e-08, -1.1920928955078125e-07, -1.9674189388751984e-07, -0.15023519098758698, 0.020735640078783035, 0.9884328842163086, 0.05662868544459343, 0.9983190894126892, -0.012335804291069508, -0.9870271682739258, 0.05412036180496216, -0.15115688741207123),
            ["RightUpperLeg"] = CFrame.new(-2.9802322387695312e-08, -1.104090188164264e-07, 1.6814738046377897e-08, 0.9994311928749084, -0.03330446034669876, -0.005318101029843092, 0.0330490916967392, 0.9985507130622864, -0.04247794672846794, 0.00672509940341115, 0.04227793216705322, 0.9990832805633545),
            ["LeftUpperLeg"] = CFrame.new(-5.960464477539063e-08, 5.818583304062486e-08, 6.51925802230835e-09, 0.9993519186973572, 0.03596309944987297, 0.0015212654834613204, -0.035827603191137314, 0.9978830218315125, -0.05427655950188637, -0.0034699980169534683, 0.054186899214982986, 0.9985248446464539),
            ["RightLowerLeg"] = CFrame.new(6.55418261885643e-08, -0.0000034570693969726562, -0.000013336357369553298, 1, -3.1490348106899546e-08, -3.02679903363412e-09, 2.991873415680857e-08, 0.9888796210289001, 0.14871814846992493, -2.0954755708402217e-09, -0.14871825277805328, 0.9888796806335449),
            ["RightFoot"] = CFrame.new(-2.5636211375967832e-08, 2.980232238769531e-07, 5.4569682106375694e-09, 0.9923097491264343, 0.03421955555677414, -0.11895584315061569, -0.04226527735590935, 0.9969383478164673, -0.06578446924686432, 0.11634063720703125, 0.0703064352273941, 0.9907179474830627),
            ["LeftLowerLeg"] = CFrame.new(-7.37491063773632e-08, 0.000003933906555175781, 0.000013301847502589226, 1, 1.839362262501254e-08, 2.3283067140944524e-10, -2.200249404893384e-08, 0.9856137037277222, 0.16901414096355438, 1.6298142835324825e-09, -0.1690140813589096, 0.9856137037277222),
        }},
        {Time = 0.200, Data = {
            ["LeftFoot"] = CFrame.new(2.585630909379688e-08, 5.960464477539063e-08, 4.846100409849896e-09, 0.9922882318496704, -0.034939367324113846, 0.1189262717962265, 0.058040421456098557, 0.9787383079528809, -0.19673006236553192, -0.10952399671077728, 0.20211531221866608, 0.9732183218002319),
            ["LeftLowerArm"] = CFrame.new(1.7881393432617188e-07, 5.960464477539063e-08, -2.421438694000244e-08, 1, -6.845221633966503e-08, 1.4062972297779197e-07, 6.967457721884784e-08, -0.6090177297592163, -0.7931566834449768, 1.4097896894327278e-07, 0.7931567430496216, -0.6090176701545715),
            ["LowerTorso"] = CFrame.new(0.0000016002722986740991, -0.04140901565551758, -3.6200632565265185e-22, 0.9999988675117493, -0.0012130332179367542, 0.0009051024680957198, 0.0012136218138039112, 0.9999990463256836, -0.000650035566650331, -0.0009043131140060723, 0.0006511333049274981, 0.9999994039535522),
            ["Head"] = CFrame.new(-6.311893230304122e-10, 0.0039060115814208984, -5.3900066632195376e-09, 0.9999999403953552, -0.000020153913283138536, 0.0003554241266101599, 0.000037149111449252814, 0.9988530278205872, -0.047882385551929474, -0.0003540513862390071, 0.04788239300251007, 0.9988529682159424),
            ["RightUpperArm"] = CFrame.new(0, 0.0039058923721313477, 2.338492777198553e-07, 0.9980595111846924, 0.052900150418281555, -0.03284519910812378, -0.04443170875310898, 0.23548811674118042, -0.9708611369132996, -0.043624039739370346, 0.9704365134239197, 0.23738163709640503),
            ["UpperTorso"] = CFrame.new(-1.9706192233570619e-10, -0.0039059817790985107, 1.2880718713859096e-10, 0.9999997615814209, -0.0003782762214541435, -0.0005073620704934001, 0.00038844457594677806, 0.9997960329055786, 0.020193789154291153, 0.0004996198113076389, -0.020193982869386673, 0.9997960329055786),
            ["HumanoidRootPart"] = CFrame.new(0, 0, 0, 1, 0, 0, 0, 1, 0, 0, 0, 1),
            ["RightHand"] = CFrame.new(-1.1920928955078125e-07, -1.7881393432617188e-07, -3.725290298461914e-08, 0.18659210205078125, 0.05943065881729126, -0.980638325214386, -0.2928728759288788, 0.9561489224433899, 0.0022198171354830265, 0.9377680420875549, 0.2867881953716278, 0.19581547379493713),
            ["LeftUpperArm"] = CFrame.new(5.960464477539063e-08, 0.0039061307907104492, -2.4502514861524105e-07, 0.999808132648468, 0.017683537676930428, -0.008434752933681011, -0.01723257079720497, 0.9985584616661072, 0.05083492770791054, 0.009321535006165504, -0.05067981034517288, 0.9986715316772461),
            ["RightLowerArm"] = CFrame.new(5.960464477539063e-08, 0, -7.078051567077637e-08, 1, -5.401671643312511e-08, 1.862645149230957e-08, 5.3085386753082275e-08, 0.8023467659950256, -0.5968582630157471, 1.7695128917694092e-08, 0.5968582630157471, 0.8023467063903809),
            ["LeftHand"] = CFrame.new(2.7939677238464355e-08, -2.384185791015625e-07, -2.505257725715637e-07, -0.23717579245567322, -0.015416419133543968, 0.9713444709777832, 0.14777930080890656, 0.9876651167869568, 0.05175914615392685, -0.9601609110832214, 0.15582074224948883, -0.23197202384471893),
            ["RightUpperLeg"] = CFrame.new(-1.1920928955078125e-07, 2.5572768436177284e-07, 1.673470251262188e-10, 0.9994057416915894, -0.03446798771619797, 0.0005313799483701587, 0.03370825573801994, 0.9739178419113159, -0.22438298165798187, 0.007216511759907007, 0.22426751255989075, 0.9745008945465088),
            ["LeftUpperLeg"] = CFrame.new(5.960464477539063e-08, 2.7148041681357427e-07, 2.0372681319713593e-10, 0.9993314146995544, 0.03644032031297684, -0.0029664153698831797, -0.03615570813417435, 0.9729532599449158, -0.22815512120723724, -0.005427863914519548, 0.22811000049114227, 0.9736202359199524),
            ["RightLowerLeg"] = CFrame.new(1.207226887345314e-07, -0.0000034570693969726562, -0.00001331138628302142, 1, 3.958120942115784e-09, -8.381904059717726e-09, 1.0011718565294814e-08, 0.9096904397010803, 0.4152868390083313, 4.190952029858863e-09, -0.41528698801994324, 0.9096906185150146),
            ["RightFoot"] = CFrame.new(2.7874079933098983e-08, 5.364418029785156e-07, 6.453774403780699e-09, 0.9922865629196167, 0.034916456788778305, -0.11894650757312775, -0.0577496737241745, 0.9792383909225464, -0.19431209564208984, 0.10969218611717224, 0.19968262314796448, 0.973701536655426),
            ["LeftLowerLeg"] = CFrame.new(-4.866160452365875e-08, 0.000004112720489501953, 0.000013310229405760765, 1, 1.4551911675653173e-08, 5.122274160385132e-09, -1.280568540096283e-08, 0.90702885389328, 0.4210686981678009, 1.862645149230957e-09, -0.4210684597492218, 0.9070287942886353),
        }},
        {Time = 0.233, Data = {
            ["LeftFoot"] = CFrame.new(4.523050378679727e-08, 1.1920928955078125e-07, 2.331171344849281e-08, 0.9922578930854797, -0.03579680994153023, 0.11892448365688324, 0.06791164726018906, 0.9581100940704346, -0.2782319188117981, -0.10398292541503906, 0.2841545045375824, 0.9531233310699463),
            ["LeftLowerArm"] = CFrame.new(-2.9802322387695312e-08, 1.7881393432617188e-07, 7.450580596923828e-09, 1, -5.587935447692871e-08, 1.8300488591194153e-07, 5.029141902923584e-08, -0.8155224919319153, -0.5787255764007568, 1.677835825830698e-07, 0.5787254571914673, -0.8155224323272705),
            ["LowerTorso"] = CFrame.new(0.0000022403814909921493, -0.08234202861785889, -3.6200632565265185e-22, 0.9999991655349731, -0.0011289514368399978, 0.0006135497242212296, 0.0011074072681367397, 0.999419629573822, 0.03404752537608147, -0.0006516316207125783, -0.03404681757092476, 0.9994200468063354),
            ["Head"] = CFrame.new(6.887148629175499e-10, 0.00390625, 1.4883028143231058e-09, 0.9999998807907104, -0.000014198596545611508, 0.0005063858698122203, 0.00004485522003960796, 0.9981626868247986, -0.06059131398797035, -0.0005045949947088957, 0.06059131771326065, 0.998162567615509),
            ["RightUpperArm"] = CFrame.new(0, 0.0039060115814208984, 2.4032487999647856e-07, 0.9890696406364441, 0.015306942164897919, -0.14665289223194122, -0.14740198850631714, 0.07739131152629852, -0.9860442280769348, -0.0037436983548104763, 0.9968833327293396, 0.07880165427923203),
            ["UpperTorso"] = CFrame.new(-1.3733369996771216e-10, -0.003906160593032837, -1.780463776412944e-08, 0.9999995231628418, -0.0006401405553333461, -0.000773549429140985, 0.0006181813660077751, 0.9996060729026794, -0.0280618779361248, 0.0007912080618552864, 0.028061378747224808, 0.9996059536933899),
            ["HumanoidRootPart"] = CFrame.new(0, 0, 0, 1, 0, 0, 0, 1, 0, 0, 0, 1),
            ["RightHand"] = CFrame.new(1.0710209608078003e-08, 0, 0, 0.22382518649101257, 0.061740726232528687, -0.9726717472076416, -0.16120587289333344, 0.986590564250946, 0.025528544560074806, 0.961205005645752, 0.1510864645242691, 0.23077674210071564),
            ["LeftUpperArm"] = CFrame.new(0, 0.0039060115814208984, -2.3790926206856966e-07, 0.9912276864051819, 0.013318682089447975, 0.1314929574728012, -0.007565104402601719, 0.9989959597587585, -0.04415876790881157, -0.1319490671157837, 0.04277663305401802, 0.990333080291748),
            ["RightLowerArm"] = CFrame.new(0, 0, 6.705522537231445e-08, 1, -1.3737007975578308e-08, 3.7834979593753815e-09, 1.6065314412117004e-08, 0.9830440878868103, -0.1833694726228714, -1.1059455573558807e-09, 0.1833694875240326, 0.9830441474914551),
            ["LeftHand"] = CFrame.new(1.8812716007232666e-07, 0, 5.960464477539063e-08, -0.23656006157398224, -0.051795050501823425, 0.9702353477478027, 0.23880334198474884, 0.9648481011390686, 0.10973179340362549, -0.9418132901191711, 0.2576536536216736, -0.2158757448196411),
            ["RightUpperLeg"] = CFrame.new(0, -1.8900664144894108e-07, -1.3395037967711687e-08, 0.999374508857727, -0.035085566341876984, 0.004427905660122633, 0.03440851345658302, 0.9358164072036743, -0.3508046567440033, 0.008164474740624428, 0.3507373631000519, 0.9364381432533264),
            ["LeftUpperLeg"] = CFrame.new(2.9802322387695312e-08, 1.0067196853924543e-08, -7.974449545145035e-09, 0.9993025660514832, 0.03677939996123314, -0.006453581154346466, -0.03668789193034172, 0.9348521828651428, -0.3531365692615509, -0.006955006159842014, 0.3531268835067749, 0.9355495572090149),
            ["RightLowerLeg"] = CFrame.new(2.735760062932968e-08, -0.000003635883331298828, -0.000013301549188327044, 1, -1.265434264041687e-07, -4.1909512304982854e-08, 1.273583762895214e-07, 0.8188799023628235, 0.5739643573760986, -3.81842291119483e-08, -0.5739648938179016, 0.8188802599906921),
            ["RightFoot"] = CFrame.new(3.2356069823435973e-08, 2.384185791015625e-07, 1.2398231774568558e-08, 0.992256760597229, 0.0357733778655529, -0.11894041299819946, -0.06773122400045395, 0.9585533738136292, -0.2767448127269745, 0.10411050915718079, 0.28265830874443054, 0.9535542130470276),
            ["LeftLowerLeg"] = CFrame.new(1.6367994248867035e-07, 0.000003814697265625, 0.000013208482414484024, 1, 3.399326686803761e-08, 1.0710208719899583e-08, -3.4691765904426575e-08, 0.8165382742881775, 0.577290952205658, 1.1641532182693481e-08, -0.5772913098335266, 0.8165385127067566),
        }},
        {Time = 0.267, Data = {
            ["LeftFoot"] = CFrame.new(-1.1015686141035985e-09, -5.960464477539063e-08, -1.3373210094869137e-08, 0.992239773273468, -0.036341503262519836, 0.118910051882267, 0.07264461368322372, 0.9455752372741699, -0.3171911835670471, -0.10091130435466766, 0.3233681321144104, 0.940877377986908),
            ["LeftLowerArm"] = CFrame.new(5.960464477539063e-08, -4.172325134277344e-07, 1.4901161193847656e-08, 1, -4.6566128730773926e-08, 1.4947728743663902e-07, 4.4703490686970326e-08, -0.8757430911064148, -0.48277747631073, 1.5180559387317771e-07, 0.4827774167060852, -0.8757431507110596),
            ["LowerTorso"] = CFrame.new(-2.864363260468572e-12, -0.10736596584320068, -5.135771764576032e-22, 0.9999976754188538, -0.0013784798793494701, 0.0016447158996015787, 0.0013060871278867126, 0.9990641474723816, 0.04323286563158035, -0.001702772337011993, -0.04323061928153038, 0.9990636706352234),
            ["Head"] = CFrame.new(-9.822542779147625e-11, 0.0039060115814208984, 2.7284841053187847e-12, 1, -0.00014192325761541724, -0.00010942465451080352, 0.00013230762851890177, 0.9965195059776306, -0.08336099237203598, 0.000120874734420795, 0.08336097747087479, 0.9965194463729858),
            ["RightUpperArm"] = CFrame.new(0, 0.0039060115814208984, 2.3562461137771606e-07, 0.9714223146438599, -0.02699478715658188, -0.2358180284500122, -0.23660126328468323, -0.03085024282336235, -0.9711169600486755, 0.018940068781375885, 0.9991594552993774, -0.03635561093688011),
            ["UpperTorso"] = CFrame.new(3.80168785341084e-10, -0.003905773162841797, 5.355332177714445e-09, 1, -0.000054802687373012304, -0.000044180575059726834, 0.00005332113505573943, 0.9994598031044006, -0.032867565751075745, 0.000045957905967952684, 0.032867562025785446, 0.9994598031044006),
            ["HumanoidRootPart"] = CFrame.new(0, 0, 0, 1, 0, 0, 0, 1, 0, 0, 0, 1),
            ["RightHand"] = CFrame.new(-8.568167686462402e-08, -1.7881393432617188e-07, 2.9802322387695312e-08, 0.25059786438941956, 0.04989922046661377, -0.9668044447898865, -0.04424740746617317, 0.9982175230979919, 0.040051501244306564, 0.9670796394348145, 0.03274177387356758, 0.2523590624332428),
            ["LeftUpperArm"] = CFrame.new(0, 0.003905773162841797, -2.39349901676178e-07, 0.971361517906189, 0.024261509999632835, 0.23636490106582642, 0.020952576771378517, 0.9821520447731018, -0.18691866099834442, -0.23668117821216583, 0.18651804327964783, 0.9535161852836609),
            ["RightLowerArm"] = CFrame.new(0, -1.1920928955078125e-07, 4.284083843231201e-07, 1, 2.7939672797572257e-09, 1.0710208719899583e-08, 4.656612873077393e-10, 1, -4.6566123179658803e-10, -4.598405212163925e-09, -9.313224635931761e-10, 1),
            ["LeftHand"] = CFrame.new(1.4901161193847656e-08, 3.5762786865234375e-07, 0, -0.18202485144138336, -0.08124621957540512, 0.9799317121505737, 0.30450019240379333, 0.9429340958595276, 0.13474047183990479, -0.9349580407142639, 0.3229154944419861, -0.14689795672893524),
            ["RightUpperLeg"] = CFrame.new(-2.9802322387695312e-08, 2.662491169758141e-07, 4.532921593636274e-09, 0.9993546009063721, -0.035539813339710236, 0.005231315270066261, 0.03463474288582802, 0.9146046042442322, -0.40286368131637573, 0.009533114731311798, 0.40278446674346924, 0.9152451157569885),
