return {
    ["Sit 3"] = {
        {Time = 0.000, Data = {
            ["RightFoot"] = CFrame.new(6.984919309616089e-09, 3.5762786865234375e-07, -2.8107024263590574e-08, 0.9874160885810852, -0.07680966705083847, -0.13823817670345306, 0.12193761765956879, 0.9264014959335327, 0.35624605417251587, 0.10070071369409561, -0.368619829416275, 0.9241098165512085),
            ["LeftLowerArm"] = CFrame.new(0, 1.1920928955078125e-07, 4.470348358154297e-08, 1, -1.1175873737556685e-07, 7.4505820180093e-08, 1.1920930376163597e-07, 0.004495025612413883, -0.9999899864196777, 1.1548401346317405e-07, 0.9999899864196777, 0.004495077766478062),
            ["RightUpperArm"] = CFrame.new(1.1920928955078125e-07, 1.1920928955078125e-07, -9.266659617424011e-08, 0.4675016403198242, -0.3259787857532501, 0.8216934204101562, 0.47531962394714355, 0.8764148950576782, 0.077255018055439, -0.7453277707099915, 0.35445013642311096, 0.5646695494651794),
            ["Head"] = CFrame.new(1.0477378964424133e-09, 0, -8.216011337935925e-08, 0.991801381111145, -0.12721645832061768, 0.012085329741239548, 0.1246301680803299, 0.9420497417449951, -0.311463862657547, 0.028238344937562943, 0.31041646003723145, 0.950181245803833),
            ["RightHand"] = CFrame.new(8.940696716308594e-08, 0, 2.2351741790771484e-08, 0.9960896968841553, 0.08702144026756287, 0.01525462418794632, -0.0848013162612915, 0.9901723265647888, -0.11121018975973129, -0.02478235960006714, 0.10948169231414795, 0.9936798214912415),
            ["UpperTorso"] = CFrame.new(1.1209199124451175e-09, 2.9802322387695312e-08, 2.4941982701420784e-08, 0.9983783960342407, 0.05663871020078659, 0.005730154924094677, -0.03237713873386383, 0.48214229941368103, 0.8754944801330566, 0.0468241348862648, -0.8742602467536926, 0.4831940829753876),
            ["HumanoidRootPart"] = CFrame.new(0, 0, 0, 1, 0, 0, 0, 1, 0, 0, 0, 1),
            ["RightUpperLeg"] = CFrame.new(0, -5.587935447692871e-09, 3.892637323588133e-09, 0.9913179874420166, -0.09574413299560547, -0.09012066572904587, -0.09176400303840637, -0.012892617844045162, -0.9956973791122437, 0.09417030960321426, 0.9953225255012512, -0.02156667225062847),
            ["LeftUpperArm"] = CFrame.new(0, 1.1920928955078125e-07, -9.313225746154785e-08, 0.4854423701763153, 0.3062780201435089, -0.8188647627830505, -0.49380677938461304, 0.8689723610877991, 0.032279275357723236, 0.721457302570343, 0.3886911869049072, 0.5730781555175781),
            ["RightLowerArm"] = CFrame.new(0, 5.960464477539063e-08, 1.1175870895385742e-07, 1, -1.6763809895792292e-08, 1.1920930376163597e-07, 1.1920930376163597e-07, -0.1068672314286232, -0.99427330493927, 9.313227167240257e-08, 0.9942733645439148, -0.10686718672513962),
            ["LeftHand"] = CFrame.new(5.960464477539063e-08, -1.1920928955078125e-07, -7.450580596923828e-09, 0.9814649820327759, -0.1883286088705063, 0.035482779145240784, 0.19164207577705383, 0.9645757675170898, -0.18129238486289978, -0.00008329749834956601, 0.184732124209404, 0.9827889204025269),
            ["LeftFoot"] = CFrame.new(3.864988684654236e-08, -5.960464477539063e-08, 4.842877388000488e-08, 0.9978813529014587, 0.03884114697575569, 0.05219443887472153, -0.0512232631444931, 0.963653028011322, 0.2622004449367523, -0.040113143622875214, -0.26431846618652344, 0.9636009931564331),
            ["LowerTorso"] = CFrame.new(-3.668632043456383e-18, -1.6865203380584717, 0.3094707429409027, 0.9990420341491699, -0.029872391372919083, 0.03198176622390747, 0.043762922286987305, 0.6819419860839844, -0.7300958633422852, -1.495985557653512e-09, 0.7307959794998169, 0.68259596824646),
            ["RightLowerLeg"] = CFrame.new(-7.59027898311615e-08, -0.0000036954879760742188, -0.000013267788744997233, 1, 4.982572932021867e-08, 2.1886078727106906e-08, -2.3050237274446772e-08, 0.07954307645559311, 0.996831476688385, 6.146729703004894e-08, -0.996831476688385, 0.0795430988073349),
            ["LeftUpperLeg"] = CFrame.new(2.9802322387695312e-08, -1.862645149230957e-08, 5.587935447692871e-09, 0.9993382096290588, 0.022933892905712128, 0.028238583356142044, 0.028875045478343964, -0.027910897508263588, -0.9991933107376099, -0.022127220407128334, 0.9993473291397095, -0.028554648160934448),
            ["LeftLowerLeg"] = CFrame.new(3.6670826375484467e-08, 0.000003874301910400391, 0.000013321638107299805, 1, 3.585590135912753e-08, 2.7706843042096807e-08, -3.026798722771673e-08, 0.1379082202911377, 0.9904449582099915, 2.6542696929254816e-08, -0.9904450178146362, 0.13790838420391083),
        }},
        {Time = 0.053, Data = {
            ["RightFoot"] = CFrame.new(5.98374754190445e-08, 2.980232238769531e-07, -6.16346369497478e-08, 0.9874154925346375, -0.07681326568126678, -0.13824045658111572, 0.12194032967090607, 0.9264065623283386, 0.35623183846473694, 0.1007034182548523, -0.3686065375804901, 0.9241150617599487),
            ["LeftLowerArm"] = CFrame.new(-5.960464477539063e-08, 5.960464477539063e-08, 1.043081283569336e-07, 1, -8.195637946073475e-08, 5.960463766996327e-08, 8.940696716308594e-08, 0.0046479846350848675, -0.9999892711639404, 2.60770320892334e-08, 0.9999892711639404, 0.004648006986826658),
            ["RightUpperArm"] = CFrame.new(1.1920928955078125e-07, 1.1920928955078125e-07, 1.601874828338623e-07, 0.4667936861515045, -0.3277227282524109, 0.8214022517204285, 0.4762066900730133, 0.8757954239845276, 0.07880156487226486, -0.745205283164978, 0.35437312722206116, 0.5648795366287231),
            ["Head"] = CFrame.new(-3.4924596548080444e-10, 1.1920928955078125e-07, 1.295484253205359e-07, 0.9917744994163513, -0.12739871442317963, 0.012370897457003593, 0.1248936876654625, 0.9420346021652222, -0.31140393018722534, 0.028018653392791748, 0.310387521982193, 0.9501971006393433),
            ["RightHand"] = CFrame.new(1.4901161193847656e-07, 5.960464477539063e-08, 8.195638656616211e-08, 0.9960879683494568, 0.08703582733869553, 0.015281641855835915, -0.0848139077425003, 0.9901764392852783, -0.11116409301757812, -0.024806752800941467, 0.109433114528656, 0.9936845898628235),
            ["UpperTorso"] = CFrame.new(7.417252367858396e-10, 2.9802322387695312e-08, 5.462788976728916e-08, 0.9982670545578003, 0.05854252353310585, 0.00599000183865428, -0.033524055033922195, 0.48207300901412964, 0.8754894733428955, 0.0483657531440258, -0.8741729259490967, 0.4832001030445099),
            ["HumanoidRootPart"] = CFrame.new(0, 0, 0, 1, 0, 0, 0, 1, 0, 0, 0, 1),
            ["RightUpperLeg"] = CFrame.new(1.1920928955078125e-07, -2.8870999813079834e-08, 5.790934665128589e-08, 0.9913135766983032, -0.09576865285634995, -0.09014313668012619, -0.09178581088781357, -0.012878715060651302, -0.9956954717636108, 0.09419545531272888, 0.9953203201293945, -0.021557508036494255),
            ["LeftUpperArm"] = CFrame.new(-1.1920928955078125e-07, 2.384185791015625e-07, 1.341104507446289e-07, 0.4861801564693451, 0.30458468198776245, -0.8190586566925049, -0.49291834235191345, 0.869531512260437, 0.03076554462313652, 0.7215679883956909, 0.3887714147567749, 0.5728843212127686),
            ["RightLowerArm"] = CFrame.new(1.1920928955078125e-07, -1.1920928955078125e-07, 5.21540641784668e-08, 1, -1.657754324924099e-07, 1.0430814256778831e-07, 9.685754776000977e-08, -0.10706055164337158, -0.9942525625228882, 6.705522537231445e-08, 0.9942525625228882, -0.10706053674221039),
            ["LeftHand"] = CFrame.new(-8.940696716308594e-08, 1.1920928955078125e-07, 2.2351741790771484e-08, 0.9814632534980774, -0.18834355473518372, 0.03545137494802475, 0.1916508972644806, 0.9645833969116211, -0.1812424510717392, -0.0000599324848735705, 0.18467704951763153, 0.9827992916107178),
            ["LeftFoot"] = CFrame.new(3.166496753692627e-08, 5.960464477539063e-08, -3.725290298461914e-08, 0.9978813529014587, 0.038840893656015396, 0.05219527706503868, -0.051223743706941605, 0.9636496305465698, 0.26221251487731934, -0.04011336714029312, -0.2643308937549591, 0.9635976552963257),
            ["LowerTorso"] = CFrame.new(-3.668632043456383e-18, -1.6865203380584717, 0.3094707429409027, 0.9990406632423401, -0.029894009232521057, 0.03200491517782211, 0.04379459470510483, 0.681941032409668, -0.730094850063324, -1.2974422647360484e-09, 0.7307959794998169, 0.6825960278511047),
            ["RightLowerLeg"] = CFrame.new(-8.166534826159477e-08, -0.0000037550926208496094, -0.000013312492228578776, 1, -4.549507650608575e-07, -3.6414718351807096e-07, 4.41097654402256e-07, 0.07954154163599014, 0.9968315362930298, -4.1816383600234985e-07, -0.9968315362930298, 0.07954178750514984),
            ["LeftUpperLeg"] = CFrame.new(0, -2.7008354663848877e-08, 2.9802322387695312e-08, 0.9993393421173096, 0.02290978468954563, 0.02821735478937626, 0.028853360563516617, -0.027922112494707108, -0.9991936683654785, -0.022103391587734222, 0.9993476271629333, -0.028564972802996635),
            ["LeftLowerLeg"] = CFrame.new(4.4819898903369904e-08, 0.000003814697265625, 0.000013256445527076721, 1, 3.2596270127527305e-09, 1.862645149230957e-09, -7.916241884231567e-09, 0.1379101723432541, 0.9904447793960571, -2.1420419216156006e-08, -0.9904447793960571, 0.13791020214557648),
        }},
        {Time = 0.105, Data = {
            ["RightFoot"] = CFrame.new(3.4691765904426575e-08, 2.980232238769531e-07, -8.026108844205737e-08, 0.9874135851860046, -0.07682512700557709, -0.13824817538261414, 0.12195002287626266, 0.9264206886291504, 0.3561919033527374, 0.10071142017841339, -0.3685683310031891, 0.92412930727005),
            ["LeftLowerArm"] = CFrame.new(-1.1920928955078125e-07, -1.7881393432617188e-07, 2.9802322387695312e-08, 1, -1.5273694486950262e-07, 7.4505820180093e-08, 8.940696716308594e-08, 0.005090595688670874, -0.9999870657920837, 6.705522537231445e-08, 0.9999870657920837, 0.005090625490993261),
            ["RightUpperArm"] = CFrame.new(1.1920928955078125e-07, 0, -6.984919309616089e-09, 0.4661041498184204, -0.32950064539909363, 0.821082353591919, 0.4771045744419098, 0.8751643300056458, 0.08036565035581589, -0.7450625896453857, 0.3542833626270294, 0.565123975276947),
            ["Head"] = CFrame.new(0, 0, -4.011235432699323e-08, 0.9917595386505127, -0.1274912804365158, 0.012616676278412342, 0.12506243586540222, 0.9420638084411621, -0.311247855424881, 0.027795681729912758, 0.3102608919143677, 0.9502450823783875),
            ["RightHand"] = CFrame.new(-1.7881393432617188e-07, -1.1920928955078125e-07, 1.4156103134155273e-07, 0.9960831999778748, 0.08707759529352188, 0.015359818935394287, -0.08485010266304016, 0.9901881814002991, -0.11103077232837677, -0.024877384305000305, 0.10929258912801743, 0.9936982989311218),
            ["UpperTorso"] = CFrame.new(1.862645149230957e-09, 8.940696716308594e-08, 3.4138793125748634e-08, 0.9981479048728943, 0.06050640717148781, 0.0063011376187205315, -0.034744828939437866, 0.48199763894081116, 0.8754834532737732, 0.04993521794676781, -0.8740808367729187, 0.48320716619491577),
            ["HumanoidRootPart"] = CFrame.new(0, 0, 0, 1, 0, 0, 0, 1, 0, 0, 0, 1),
            ["RightUpperLeg"] = CFrame.new(0, 4.7497451305389404e-08, 7.617927622050047e-09, 0.9913007616996765, -0.095840685069561, -0.09020788967609406, -0.09184853732585907, -0.012838075868785381, -0.9956902861595154, 0.0942695364356041, 0.9953139424324036, -0.02152937836945057),
            ["LeftUpperArm"] = CFrame.new(0, 0, -5.2619725465774536e-08, 0.48687997460365295, 0.3029415011405945, -0.8192523717880249, -0.4920627474784851, 0.8700666427612305, 0.029299646615982056, 0.7216801643371582, 0.38885819911956787, 0.5726842284202576),
            ["RightLowerArm"] = CFrame.new(-2.9802322387695312e-08, -1.1920928955078125e-07, -1.4901161193847656e-07, 1, -1.0058283805847168e-07, 9.685754776000977e-08, 9.685754776000977e-08, -0.1076195240020752, -0.9941921830177307, 6.332993507385254e-08, 0.9941921830177307, -0.107619509100914),
            ["LeftHand"] = CFrame.new(-2.9802322387695312e-08, 0, -2.2351741790771484e-08, 0.9814582467079163, -0.18838654458522797, 0.0353604257106781, 0.19167637825012207, 0.9646055102348328, -0.181098073720932, 0.0000075548896347754635, 0.184517964720726, 0.982829213142395),
            ["LeftFoot"] = CFrame.new(6.05359673500061e-09, -5.960464477539063e-08, 3.725290298461914e-08, 0.9978812336921692, 0.03883982077240944, 0.052197668701410294, -0.051224905997514725, 0.9636396765708923, 0.26224902272224426, -0.04011401906609535, -0.2643672227859497, 0.9635875821113586),
            ["LowerTorso"] = CFrame.new(-3.668632043456383e-18, -1.6865203380584717, 0.3094707429409027, 0.9990365505218506, -0.0299565140157938, 0.03207182511687279, 0.043886154890060425, 0.6819383502006531, -0.73009192943573, -1.5844855427715743e-09, 0.7307960391044617, 0.68259596824646),
            ["RightLowerLeg"] = CFrame.new(3.998866304755211e-08, -0.0000037550926208496094, -0.000013308766938280314, 1, -1.396983329016166e-08, -2.0489103746967885e-08, 4.773028905447063e-08, 0.07953958213329315, 0.9968317151069641, -1.6530977475781583e-08, -0.9968317747116089, 0.07953982055187225),
            ["LeftUpperLeg"] = CFrame.new(0, 3.725290298461914e-09, 2.2351741790771484e-08, 0.9993425607681274, 0.022839926183223724, 0.028155777603387833, 0.02879052795469761, -0.027954384684562683, -0.9991945624351501, -0.022034453228116035, 0.9993482828140259, -0.02859364077448845),
            ["LeftLowerLeg"] = CFrame.new(-6.332993507385254e-08, 0.0000037550926208496094, 0.000013200566172599792, 1, 2.654268627111378e-08, 2.468004822731018e-08, -1.862645149230957e-08, 0.1379171460866928, 0.990443766117096, 1.30385160446167e-08, -0.990443766117096, 0.13791722059249878),
        }},
        {Time = 0.158, Data = {
            ["RightFoot"] = CFrame.new(-1.0011717677116394e-08, 4.172325134277344e-07, -2.438173396512866e-08, 0.9874103665351868, -0.07684385031461716, -0.13826066255569458, 0.12196522206068039, 0.9264434576034546, 0.3561275005340576, 0.10072438418865204, -0.36850717663764954, 0.9241521954536438),
            ["LeftLowerArm"] = CFrame.new(0, 1.1920928955078125e-07, 1.1920928955078125e-07, 1, -6.70552182668871e-08, 1.1920928955078125e-07, 1.1920930376163597e-07, 0.005796759855002165, -0.9999832510948181, 7.823110337312755e-08, 0.9999832510948181, 0.005796752870082855),
            ["RightUpperArm"] = CFrame.new(0, -1.1920928955078125e-07, -3.4458935260772705e-08, 0.4654337465763092, -0.33130350708961487, 0.8207371830940247, 0.4780092239379883, 0.8745245337486267, 0.08194030076265335, -0.7449018359184265, 0.35418209433555603, 0.5653992891311646),
            ["Head"] = CFrame.new(1.0477378964424133e-09, 0, -7.663766155019403e-08, 0.9917579293251038, -0.12748287618160248, 0.012823796831071377, 0.12512589991092682, 0.9421373009681702, -0.31099969148635864, 0.0275653637945652, 0.3100409507751465, 0.9503235816955566),
            ["RightHand"] = CFrame.new(8.940696716308594e-08, 1.1920928955078125e-07, 6.705522537231445e-08, 0.996075451374054, 0.0871441513299942, 0.015484759584069252, -0.08490801602602005, 0.9902070760726929, -0.11081790924072266, -0.02499018982052803, 0.10906822979450226, 0.9937201738357544),
            ["UpperTorso"] = CFrame.new(1.3105170282301515e-09, 5.960464477539063e-08, 1.4988472685217857e-08, 0.9980216026306152, 0.06251855939626694, 0.006658277474343777, -0.0360291488468647, 0.4819161891937256, 0.8754763007164001, 0.05152478814125061, -0.8739840984344482, 0.48321524262428284),
            ["HumanoidRootPart"] = CFrame.new(0, 0, 0, 1, 0, 0, 0, 1, 0, 0, 0, 1),
            ["RightUpperLeg"] = CFrame.new(-5.960464477539063e-08, 7.264316082000732e-08, 1.3205863069742918e-08, 0.991280198097229, -0.09595537185668945, -0.09031129628419876, -0.09194882214069366, -0.0127737857401371, -0.995681881904602, 0.09438738226890564, 0.995303750038147, -0.02148563787341118),
            ["LeftUpperArm"] = CFrame.new(0, -2.384185791015625e-07, -7.916241884231567e-08, 0.4875423014163971, 0.3013503849506378, -0.8194453120231628, -0.49124041199684143, 0.8705776929855347, 0.027882801368832588, 0.7217931747436523, 0.3889504373073578, 0.5724789500236511),
            ["RightLowerArm"] = CFrame.new(5.960464477539063e-08, 0, -8.940696716308594e-08, 1, -4.4703490686970326e-08, 9.685756907629184e-08, 1.1175872316471214e-07, -0.10851237922906876, -0.9940951466560364, 4.842878098543224e-08, 0.9940950870513916, -0.10851236432790756),
            ["LeftHand"] = CFrame.new(0, 5.960464477539063e-08, -2.2351741790771484e-08, 0.9814503192901611, -0.1884552389383316, 0.035215191543102264, 0.19171714782714844, 0.9646406769752502, -0.1808675080537796, 0.0001154318597400561, 0.18426387012004852, 0.9828768968582153),
            ["LeftFoot"] = CFrame.new(4.7497451305389404e-08, 0, -3.3527612686157227e-08, 0.9978811740875244, 0.03883819654583931, 0.05220147594809532, -0.051226742565631866, 0.9636240005493164, 0.2623066306114197, -0.04011501371860504, -0.2644248902797699, 0.9635716676712036),
            ["LowerTorso"] = CFrame.new(-3.668632043456383e-18, -1.6865203380584717, 0.3094707429409027, 0.9990301132202148, -0.03005632571876049, 0.032178692519664764, 0.04403238743543625, 0.6819338202476501, -0.7300873398780823, -1.3042150692754717e-09, 0.7307960987091064, 0.6825958490371704),
            ["RightLowerLeg"] = CFrame.new(-3.8708094507455826e-08, -0.000003635883331298828, -0.000013357195712160319, 1, -9.057107774879114e-08, -1.0512306403143157e-07, 1.1012889444828033e-07, 0.07953491061925888, 0.9968320727348328, -1.0128132998943329e-07, -0.9968320727348328, 0.07953513413667679),
            ["LeftUpperLeg"] = CFrame.new(2.9802322387695312e-08, 4.0046870708465576e-08, 1.1175870895385742e-08, 0.9993479251861572, 0.02272850275039673, 0.02805742435157299, 0.028690144419670105, -0.028006363660097122, -0.9991959929466248, -0.02192445658147335, 0.9993493556976318, -0.0286403838545084),
            ["LeftLowerLeg"] = CFrame.new(-5.6228600442409515e-08, 0.000003933906555175781, 0.000013360753655433655, 1, -2.1886078727106906e-08, -4.656611096720553e-09, -9.313225746154785e-10, 0.1379268914461136, 0.9904423952102661, -2.468004822731018e-08, -0.9904423952102661, 0.13792693614959717),
        }},
        {Time = 0.211, Data = {
            ["RightFoot"] = CFrame.new(5.2852556109428406e-08, 4.172325134277344e-07, 4.639878170564771e-08, 0.9874058961868286, -0.07686944305896759, -0.13827809691429138, 0.12198641896247864, 0.9264740347862244, 0.3560408651828766, 0.10074236243963242, -0.3684249520301819, 0.9241830110549927),
            ["LeftLowerArm"] = CFrame.new(-5.960464477539063e-08, -5.960464477539063e-08, 4.470348358154297e-08, 1, -1.3411046495548362e-07, 2.9802322387695312e-08, 1.341104365337742e-07, 0.006742575205862522, -0.9999772906303406, 9.685753354915505e-08, 0.9999773502349854, 0.0067425742745399475),
            ["RightUpperArm"] = CFrame.new(0, 0, -1.0337680578231812e-07, 0.46478307247161865, -0.3331221640110016, 0.8203696608543396, 0.4789164066314697, 0.873878538608551, 0.08351851999759674, -0.7447252869606018, 0.3540705144405365, 0.5657016038894653),
            ["Head"] = CFrame.new(-6.51925802230835e-09, 1.1920928955078125e-07, -2.0314473658800125e-08, 0.9917711615562439, -0.12736234068870544, 0.012993435375392437, 0.1250736117362976, 0.9422551989555359, -0.3106634318828583, 0.027323687449097633, 0.3097321689128876, 0.9504311680793762),
            ["RightHand"] = CFrame.new(-2.9802322387695312e-08, -1.7881393432617188e-07, -1.4901161193847656e-07, 0.9960650205612183, 0.08723317086696625, 0.015651850029826164, -0.08498546481132507, 0.9902322888374329, -0.11053299903869629, -0.025141119956970215, 0.10876786708831787, 0.99374920129776),
            ["UpperTorso"] = CFrame.new(1.673048033445923e-09, 0, 3.13448254019022e-08, 0.997888445854187, 0.0645672082901001, 0.007056138943880796, -0.037366706877946854, 0.48182952404022217, 0.8754678964614868, 0.053126655519008636, -0.873883068561554, 0.48322486877441406),
            ["HumanoidRootPart"] = CFrame.new(0, 0, 0, 1, 0, 0, 0, 1, 0, 0, 0, 1),
            ["RightUpperLeg"] = CFrame.new(0, 5.494803190231323e-08, 2.6244379114359617e-08, 0.9912527203559875, -0.0961088240146637, -0.09044989198446274, -0.09208311885595322, -0.012687722221016884, -0.9956705570220947, 0.09454511106014252, 0.9952899813652039, -0.021426653489470482),
            ["LeftUpperArm"] = CFrame.new(0, 1.1920928955078125e-07, -7.82310962677002e-08, 0.4881688058376312, 0.2998128831386566, -0.8196362257003784, -0.4904513657093048, 0.871065080165863, 0.026515988633036613, 0.7219063639640808, 0.38904741406440735, 0.5722704529762268),
            ["RightLowerArm"] = CFrame.new(-5.960464477539063e-08, 1.1920928955078125e-07, -6.705522537231445e-08, 1, -1.359731243155693e-07, 6.705523247774181e-08, 1.341104507446289e-07, -0.10970704257488251, -0.9939639568328857, 1.0058283805847168e-07, 0.9939640164375305, -0.10970707982778549),
            ["LeftHand"] = CFrame.new(8.940696716308594e-08, 0, 7.450580596923828e-08, 0.9814395904541016, -0.18854717910289764, 0.03502081707119942, 0.19177183508872986, 0.9646876454353333, -0.1805589497089386, 0.0002597570710349828, 0.18392375111579895, 0.9829405546188354),
            ["LeftFoot"] = CFrame.new(-1.210719347000122e-08, 5.960464477539063e-08, 7.078051567077637e-08, 0.9978808760643005, 0.03883596137166023, 0.05220647156238556, -0.051229123026132584, 0.9636027216911316, 0.2623838484287262, -0.04011636599898338, -0.264502614736557, 0.963550329208374),
            ["LowerTorso"] = CFrame.new(-3.668632043456383e-18, -1.6865203380584717, 0.3094707429409027, 0.9990214705467224, -0.030189907178282738, 0.03232170641422272, 0.04422808066010475, 0.6819279789924622, -0.7300809025764465, -8.762569558840028e-10, 0.7307960391044617, 0.6825959086418152),
            ["RightLowerLeg"] = CFrame.new(9.173527359962463e-08, -0.0000035762786865234375, -0.000013372096873354167, 1, -2.1606683731079102e-07, -1.8009461655310588e-07, 2.0628797869903792e-07, 0.07952951639890671, 0.9968326091766357, -2.0163136582596053e-07, -0.996832549571991, 0.0795295238494873),
            ["LeftUpperLeg"] = CFrame.new(5.960464477539063e-08, 5.587935447692871e-08, -3.725290298461914e-09, 0.9993549585342407, 0.022579409182071686, 0.02792586013674736, 0.028555814176797867, -0.02807612344622612, -0.9991979002952576, -0.021777264773845673, 0.9993507862091064, -0.028702668845653534),
            ["LeftLowerLeg"] = CFrame.new(-9.080395102500916e-09, 0.000003993511199951172, 0.000013299286365509033, 1, -1.8160781323217634e-08, -8.847566235203885e-09, 1.4901159417490817e-08, 0.13794061541557312, 0.9904406070709229, -2.002343357787595e-08, -0.9904404878616333, 0.13794058561325073),
        }},
        {Time = 0.263, Data = {
            ["RightFoot"] = CFrame.new(1.3737007975578308e-08, 2.980232238769531e-07, -1.6931153368204832e-08, 0.987400233745575, -0.07690142840147018, -0.13830049335956573, 0.12201308459043503, 0.9265117049217224, 0.35593363642692566, 0.10076510906219482, -0.3683236539363861, 0.9242209196090698),
            ["LeftLowerArm"] = CFrame.new(1.1920928955078125e-07, -1.7881393432617188e-07, 1.6391277313232422e-07, 1, -1.0803343286625022e-07, 5.960465188081798e-08, 1.1920930376163597e-07, 0.00790188554674387, -0.9999687671661377, 1.005828522693264e-07, 0.9999688267707825, 0.00790190789848566),
            ["RightUpperArm"] = CFrame.new(0, 0, -2.0954757928848267e-09, 0.46415284276008606, -0.3349475860595703, 0.8199830055236816, 0.4798222780227661, 0.8732295036315918, 0.08509345352649689, -0.7445352077484131, 0.35394978523254395, 0.5660272836685181),
            ["Head"] = CFrame.new(1.979060471057892e-09, 0, 3.846798790618777e-08, 0.9918007254600525, -0.1271182745695114, 0.013126841746270657, 0.12489504367113113, 0.942417323589325, -0.3102431893348694, 0.02706662006676197, 0.30933886766433716, 0.9505666494369507),
            ["RightHand"] = CFrame.new(-1.4901161193847656e-07, -5.960464477539063e-08, 2.3096799850463867e-07, 0.9960522651672363, 0.08734237402677536, 0.01585678942501545, -0.08508054167032242, 0.990263044834137, -0.11018367111682892, -0.02532607689499855, 0.10839957743883133, 0.9937847852706909),
            ["UpperTorso"] = CFrame.new(-7.417254588304445e-10, 2.9802322387695312e-08, -4.135654307901859e-08, 0.9977490305900574, 0.06664056330919266, 0.007489463314414024, -0.03874719887971878, 0.4817377030849457, 0.8754585385322571, 0.05473309010267258, -0.8737779259681702, 0.48323535919189453),
            ["HumanoidRootPart"] = CFrame.new(0, 0, 0, 1, 0, 0, 0, 1, 0, 0, 0, 1),
            ["RightUpperLeg"] = CFrame.new(0, 1.0523945093154907e-07, -3.5222910810261965e-08, 0.9912189841270447, -0.09629695862531662, -0.09061965346336365, -0.09224774688482285, -0.012581919319927692, -0.9956566095352173, 0.09473854303359985, 0.9952731132507324, -0.0213547945022583),
            ["LeftUpperArm"] = CFrame.new(0, 0, 2.6309862732887268e-08, 0.4887600541114807, 0.2983306646347046, -0.8198245763778687, -0.48969608545303345, 0.8715289235115051, 0.02520035393536091, 0.7220188975334167, 0.38914793729782104, 0.5720599293708801),
            ["RightLowerArm"] = CFrame.new(-8.940696716308594e-08, -5.960464477539063e-08, 7.450580596923828e-08, 1, -1.0430814256778831e-07, 6.705523247774181e-08, 1.043081283569336e-07, -0.11117181181907654, -0.9938012361526489, 7.82310962677002e-08, 0.9938012957572937, -0.11117182672023773),
            ["LeftHand"] = CFrame.new(-2.9802322387695312e-08, 0, -8.940696716308594e-08, 0.9814264178276062, -0.18865977227687836, 0.034782443195581436, 0.19183878600597382, 0.9647449254989624, -0.180180624127388, 0.0004366189241409302, 0.18350666761398315, 0.9830183982849121),
            ["LeftFoot"] = CFrame.new(5.587935447692871e-08, -5.960464477539063e-08, -1.1175870895385742e-08, 0.997880756855011, 0.03883318230509758, 0.052212830632925034, -0.05123203992843628, 0.9635768532752991, 0.26247820258140564, -0.04011817276477814, -0.2645971477031708, 0.963524341583252),
            ["LowerTorso"] = CFrame.new(-3.668632043456383e-18, -1.6865203380584717, 0.3094707429409027, 0.9990109205245972, -0.03035370446741581, 0.03249707072973251, 0.044468045234680176, 0.6819206476211548, -0.7300732135772705, -2.7077138309294924e-09, 0.7307960987091064, 0.6825959086418152),
            ["RightLowerLeg"] = CFrame.new(-5.686888471245766e-08, -0.000003635883331298828, -0.00001326033816440031, 1, -3.501771743685822e-07, -2.989546317166969e-07, 3.443565219640732e-07, 0.07952166348695755, 0.9968331456184387, -3.390014171600342e-07, -0.9968331456184387, 0.07952188700437546),
            ["LeftUpperLeg"] = CFrame.new(5.960464477539063e-08, 8.195638656616211e-08, -1.4901161193847656e-08, 0.9993636012077332, 0.022396421059966087, 0.02776452898979187, 0.02839108556509018, -0.02816072106361389, -0.9992002248764038, -0.021596640348434448, 0.9993525743484497, -0.02877873182296753),
            ["LeftLowerLeg"] = CFrame.new(3.14321368932724e-09, 0.000003874301910400391, 0.000013349577784538269, 1, -5.5879368687783426e-08, -2.444722113636999e-08, 2.5145714843688438e-08, 0.13795746862888336, 0.9904382824897766, -4.097820394122209e-08, -0.9904381632804871, 0.1379571110010147),
        }},
        {Time = 0.316, Data = {
            ["RightFoot"] = CFrame.new(2.1886080503463745e-08, 4.172325134277344e-07, -6.535992724820971e-08, 0.9873934388160706, -0.07693955302238464, -0.1383279711008072, 0.12204582989215851, 0.9265551567077637, 0.35580915212631226, 0.10079286992549896, -0.3682061433792114, 0.9242647290229797),
            ["LeftLowerArm"] = CFrame.new(5.960464477539063e-08, -1.1920928955078125e-07, 0, 1, -1.4901162614933128e-07, 7.450581307466564e-08, 1.1920928955078125e-07, 0.009250008501112461, -0.999957263469696, 1.4156103134155273e-07, 0.999957263469696, 0.009250015951693058),
            ["RightUpperArm"] = CFrame.new(1.1920928955078125e-07, 0, -1.5599653124809265e-08, 0.4635443091392517, -0.3367707133293152, 0.819580614566803, 0.4807228744029999, 0.8725801706314087, 0.08665788173675537, -0.7443335056304932, 0.3538213074207306, 0.5663727521896362),
            ["Head"] = CFrame.new(3.6088749766349792e-09, -1.1920928955078125e-07, -1.1881638783961535e-08, 0.9918479323387146, -0.1267395168542862, 0.013225330971181393, 0.12457969784736633, 0.942623496055603, -0.30974310636520386, 0.026790184900164604, 0.30886563658714294, 0.9507283568382263),
            ["RightHand"] = CFrame.new(0, 0, -7.450580596923828e-09, 0.9960372447967529, 0.08746904134750366, 0.01609519124031067, -0.08519116789102554, 0.9902986288070679, -0.10977751016616821, -0.02554115653038025, 0.10797130316495895, 0.9938258528709412),
            ["UpperTorso"] = CFrame.new(1.8959722680733648e-10, -2.9802322387695312e-08, -4.595494829118252e-08, 0.9976038336753845, 0.06872689723968506, 0.007952968589961529, -0.040160343050956726, 0.4816412329673767, 0.8754479289054871, 0.056336335837841034, -0.8736695051193237, 0.48324713110923767),
            ["HumanoidRootPart"] = CFrame.new(0, 0, 0, 1, 0, 0, 0, 1, 0, 0, 0, 1),
            ["RightUpperLeg"] = CFrame.new(0, -1.862645149230957e-08, -4.8261426854878664e-08, 0.9911795854568481, -0.0965159460902214, -0.09081701934337616, -0.09243893623352051, -0.01245908159762621, -0.9956403970718384, 0.0949636697769165, 0.9952534437179565, -0.02127094939351082),
            ["LeftUpperArm"] = CFrame.new(0, 0, 1.210719347000122e-08, 0.4893174469470978, 0.2969054877758026, -0.8200095891952515, -0.48897504806518555, 0.8719694018363953, 0.023936903104186058, 0.7221301198005676, 0.3892514705657959, 0.5718491077423096),
            ["RightLowerArm"] = CFrame.new(-5.960464477539063e-08, 5.960464477539063e-08, -1.7881393432617188e-07, 1, -8.940696716308594e-08, 4.470348358154297e-08, 9.685754776000977e-08, -0.11287476867437363, -0.9936093091964722, 7.450580596923828e-08, 0.9936093091964722, -0.11287479847669601),
            ["LeftHand"] = CFrame.new(8.940696716308594e-08, -1.1920928955078125e-07, 0, 0.9814110994338989, -0.18879055976867676, 0.0345052033662796, 0.1919168084859848, 0.9648115038871765, -0.17974068224430084, 0.0006422848091460764, 0.18302161991596222, 0.9831087589263916),
            ["LeftFoot"] = CFrame.new(3.259629011154175e-09, -5.960464477539063e-08, 7.078051567077637e-08, 0.9978805184364319, 0.03882981464266777, 0.052219897508621216, -0.05123528465628624, 0.9635466933250427, 0.2625885009765625, -0.040119994431734085, -0.26470738649368286, 0.9634938836097717),
            ["LowerTorso"] = CFrame.new(-3.668632043456383e-18, -1.6865203380584717, 0.3094707429409027, 0.9989983439445496, -0.03054414875805378, 0.03270095959305763, 0.044747043401002884, 0.6819121837615967, -0.7300640344619751, 4.040112688841191e-10, 0.7307960391044617, 0.6825959086418152),
            ["RightLowerLeg"] = CFrame.new(1.1641532182693481e-10, -0.0000036954879760742188, -0.000013297591067384928, 1, -2.3748722099981023e-08, -3.981405427566642e-08, 3.713648055736485e-08, 0.07951375097036362, 0.9968338012695312, 3.259628122975755e-09, -0.9968338012695312, 0.07951363921165466),
            ["LeftUpperLeg"] = CFrame.new(-1.1920928955078125e-07, -5.774199962615967e-08, -2.0489096641540527e-08, 0.9993734955787659, 0.022183744236826897, 0.027577081695199013, 0.02819967083632946, -0.0282597579061985, -0.9992027878761292, -0.02138674072921276, 0.9993544220924377, -0.028867501765489578),
            ["LeftLowerLeg"] = CFrame.new(1.1641532182693481e-10, 0.000003874301910400391, 0.000013237819075584412, 1, 1.732259846676243e-07, 1.231673820711876e-07, -1.7369166016578674e-07, 0.13797695934772491, 0.9904355406761169, 1.457519829273224e-07, -0.9904354214668274, 0.13797670602798462),
        }},
        {Time = 0.368, Data = {
            ["RightFoot"] = CFrame.new(1.1641532182693481e-08, 3.5762786865234375e-07, 4.267349140718579e-08, 0.9873855113983154, -0.07698328793048859, -0.13836053013801575, 0.12208331376314163, 0.9266043901443481, 0.3556682765483856, 0.10082478076219559, -0.36807331442832947, 0.924314022064209),
            ["LeftLowerArm"] = CFrame.new(5.960464477539063e-08, -2.384185791015625e-07, 1.4901161193847656e-07, 1, -6.705523247774181e-08, 8.940698137394065e-08, 1.1920928955078125e-07, 0.010761716403067112, -0.9999421834945679, 4.842877388000488e-08, 0.9999421834945679, 0.010761694051325321),
            ["RightUpperArm"] = CFrame.new(0, -1.1920928955078125e-07, 9.313225746154785e-09, 0.4629576802253723, -0.33858242630958557, 0.8191655278205872, 0.4816138446331024, 0.8719334602355957, 0.08820509910583496, -0.7441225051879883, 0.3536861836910248, 0.5667344331741333),
            ["Head"] = CFrame.new(8.149072527885437e-10, 0, -3.637978807091713e-08, 0.9919139742851257, -0.1262146383523941, 0.013290271162986755, 0.12411702424287796, 0.9428737163543701, -0.3091670274734497, 0.02649036794900894, 0.3083166480064392, 0.9509148597717285),
            ["RightHand"] = CFrame.new(5.960464477539063e-08, 1.7881393432617188e-07, -8.195638656616211e-08, 0.9960204362869263, 0.08761106431484222, 0.01636257953941822, -0.08531532436609268, 0.9903383851051331, -0.10932205617427826, -0.0257822684943676, 0.10749100893735886, 0.9938717484474182),
            ["UpperTorso"] = CFrame.new(1.8959722680733648e-10, -2.9802322387695312e-08, -4.18804120272398e-08, 0.9974538683891296, 0.07081443071365356, 0.008441383019089699, -0.041595831513404846, 0.48154062032699585, 0.8754361271858215, 0.0579286590218544, -0.8735581636428833, 0.4832601547241211),
            ["HumanoidRootPart"] = CFrame.new(0, 0, 0, 1, 0, 0, 0, 1, 0, 0, 0, 1),
            ["RightUpperLeg"] = CFrame.new(-2.9802322387695312e-08, 1.6763806343078613e-08, -2.2184394765645266e-08, 0.9911354184150696, -0.09676118195056915, -0.09103851020336151, -0.0926535502076149, -0.01232130452990532, -0.9956222176551819, 0.09521590173244476, 0.9952314496040344, -0.021177509799599648),
            ["LeftUpperArm"] = CFrame.new(0, 1.1920928955078125e-07, -4.656612873077393e-10, 0.4898414611816406, 0.295538991689682, -0.8201902508735657, -0.48828834295272827, 0.8723863959312439, 0.02272685430943966, 0.7222395539283752, 0.38935673236846924, 0.571639358997345),
            ["RightLowerArm"] = CFrame.new(-8.940696716308594e-08, -1.1920928955078125e-07, 7.450580596923828e-09, 1, -1.4714898100010032e-07, 9.685756197086448e-08, 8.940696716308594e-08, -0.114783875644207, -0.9933905005455017, 4.470348358154297e-08, 0.9933905601501465, -0.11478392034769058),
            ["LeftHand"] = CFrame.new(-5.960464477539063e-08, 0, -4.470348358154297e-08, 0.9813936948776245, -0.18893703818321228, 0.03419429808855057, 0.19200441241264343, 0.9648858904838562, -0.17924734950065613, 0.0008728951215744019, 0.1824776977300644, 0.9832096099853516),
            ["LeftFoot"] = CFrame.new(1.210719347000122e-08, 0, 2.2351741790771484e-08, 0.9978801608085632, 0.038826264441013336, 0.05222807452082634, -0.051239077001810074, 0.9635128974914551, 0.2627115845680237, -0.04012220725417137, -0.2648307979106903, 0.9634599089622498),
            ["LowerTorso"] = CFrame.new(-3.668632043456383e-18, -1.6865203380584717, 0.3094707429409027, 0.9989843964576721, -0.03075769916176796, 0.03292958810925484, 0.045059897005558014, 0.6819025874137878, -0.7300537824630737, -2.511546304262424e-09, 0.7307960987091064, 0.6825959086418152),
            ["RightLowerLeg"] = CFrame.new(-7.811468094587326e-08, -0.000003635883331298828, -0.000013252887583803385, 1, -1.897569319453396e-07, -1.834705756209587e-07, 1.9534491002559662e-07, 0.07950384169816971, 0.9968345761299133, -1.8835999071598053e-07, -0.9968346357345581, 0.07950398325920105),
            ["LeftUpperLeg"] = CFrame.new(5.960464477539063e-08, -3.5390257835388184e-08, 0, 0.9993846416473389, 0.02194528467953205, 0.027366958558559418, 0.02798507548868656, -0.028370900079607964, -0.9992056488990784, -0.021151451393961906, 0.9993565678596497, -0.028967544436454773),
            ["LeftLowerLeg"] = CFrame.new(-1.5599653124809265e-08, 0.000003993511199951172, 0.00001337192952632904, 1, 1.6903503308185464e-07, 1.3969835777061235e-07, -1.7276035180202598e-07, 0.13799795508384705, 0.9904325604438782, 1.6251580348125572e-07, -0.9904325008392334, 0.1379978060722351),
        }},
        {Time = 0.421, Data = {
            ["RightFoot"] = CFrame.new(-1.6298145055770874e-08, 2.980232238769531e-07, -7.281050784513354e-08, 0.9873763918876648, -0.07703206688165665, -0.13839760422706604, 0.12212618440389633, 0.9266578555107117, 0.35551366209983826, 0.10086128115653992, -0.3679283857345581, 0.9243680238723755),
            ["LeftLowerArm"] = CFrame.new(0, -1.1920928955078125e-07, -1.043081283569336e-07, 1, -1.0430811414607888e-07, 7.450580596923828e-08, 1.6391277313232422e-07, 0.012411622330546379, -0.9999229907989502, 1.1175870895385742e-07, 0.9999229907989502, 0.012411609292030334),
            ["RightUpperArm"] = CFrame.new(1.1920928955078125e-07, 0, -2.8405338525772095e-08, 0.46239396929740906, -0.34037405252456665, 0.8187413215637207, 0.4824914336204529, 0.8712927103042603, 0.0897282063961029, -0.7439044713973999, 0.3535459041595459, 0.5671080350875854),
            ["Head"] = CFrame.new(3.725290298461914e-09, -1.1920928955078125e-07, 1.9361323211342096e-08, 0.9920001029968262, -0.1255323588848114, 0.013323124498128891, 0.123496413230896, 0.9431673288345337, -0.3085191249847412, 0.026163194328546524, 0.3076963722705841, 0.951124906539917),
            ["RightHand"] = CFrame.new(-5.960464477539063e-08, 5.960464477539063e-08, -2.1606683731079102e-07, 0.9960019588470459, 0.08776592463254929, 0.016654446721076965, -0.08545093983411789, 0.9903813600540161, -0.1088249683380127, -0.02604537084698677, 0.10696668922901154, 0.9939214587211609),
            ["UpperTorso"] = CFrame.new(5.687914583774045e-10, 5.960464477539063e-08, -3.463355824351311e-08, 0.9972997307777405, 0.07289145886898041, 0.008949438109993935, -0.043043386191129684, 0.48143672943115234, 0.8754233121871948, 0.059502292424440384, -0.8734447360038757, 0.4832741618156433),
            ["HumanoidRootPart"] = CFrame.new(0, 0, 0, 1, 0, 0, 0, 1, 0, 0, 0, 1),
            ["RightUpperLeg"] = CFrame.new(0, 1.3504177331924438e-07, -1.1008523870259523e-08, 0.9910869002342224, -0.09702885895967484, -0.09128031879663467, -0.09288767725229263, -0.012170546688139439, -0.9956023097038269, 0.0954911932349205, 0.9952071905136108, -0.021075047552585602),
            ["LeftUpperArm"] = CFrame.new(-1.1920928955078125e-07, -1.1920928955078125e-07, -1.6298145055770874e-08, 0.4903333783149719, 0.29423296451568604, -0.8203659057617188, -0.4876363277435303, 0.8727803230285645, 0.021571222692728043, 0.7223462462425232, 0.3894630968570709, 0.5714320540428162),
            ["RightLowerArm"] = CFrame.new(-5.960464477539063e-08, 5.960464477539063e-08, 3.501772880554199e-07, 1, -1.6205014219394798e-07, 9.685756907629184e-08, 1.1175870895385742e-07, -0.116867296397686, -0.9931475520133972, 9.685754776000977e-08, 0.9931475520133972, -0.116867296397686),
            ["LeftHand"] = CFrame.new(0, 0, -8.195638656616211e-08, 0.9813748002052307, -0.18909665942192078, 0.03385479003190994, 0.19210003316402435, 0.9649667739868164, -0.1787087768316269, 0.0011245087953284383, 0.18188384175300598, 0.9833194613456726),
            ["LeftFoot"] = CFrame.new(6.845220923423767e-08, -5.960464477539063e-08, -7.450580596923828e-09, 0.9978798627853394, 0.03882233053445816, 0.05223670229315758, -0.05124325305223465, 0.9634759426116943, 0.2628462016582489, -0.04012449085712433, -0.26496589183807373, 0.9634227156639099),
            ["LowerTorso"] = CFrame.new(-3.668632043456383e-18, -1.6865203380584717, 0.3094707429409027, 0.9989688396453857, -0.03099079057574272, 0.033179137855768204, 0.04540136829018593, 0.6818920373916626, -0.7300425171852112, -2.8812117136567394e-09, 0.7307960987091064, 0.6825959086418152),
            ["RightLowerLeg"] = CFrame.new(-6.740447133779526e-08, -0.0000035762786865234375, -0.00001333856926066801, 1, -3.310849763238366e-07, -2.959279186143249e-07, 3.4621919553501357e-07, 0.07949395477771759, 0.9968354105949402, -3.313180343411659e-07, -0.9968353509902954, 0.07949400693178177),
