return {
    ["Sit 1"] = {
        {Time = 0.000, Data = {
            ["LeftFoot"] = CFrame.new(-1.862645149230957e-09, 5.960464477539063e-08, 2.2351741790771484e-08, 0.9867714047431946, 0.15945389866828918, 0.02927226945757866, -0.15823525190353394, 0.9865877032279968, -0.04007961228489876, -0.03527044877409935, 0.034917719662189484, 0.9987676739692688),
            ["LeftLowerArm"] = CFrame.new(-0.0004983842372894287, -0.0000998377799987793, -1.1920928955078125e-07, 1, -1.1920926112907182e-07, -1.1175869474300271e-07, 1.1920930376163597e-07, 1, 3.911554458113642e-08, 1.1920930376163597e-07, 1.1175868230850483e-08, 1),
            ["LowerTorso"] = CFrame.new(-0.060950685292482376, -1.5755562782287598, 0.19777250289916992, 0.9922096133232117, 0.048031024634838104, -0.11494847387075424, -0.0985320508480072, 0.8671747446060181, -0.4881591498851776, 0.0762336328625679, 0.4956822991371155, 0.8651517033576965),
            ["Head"] = CFrame.new(3.3527612686157227e-08, 3.5762786865234375e-07, -7.450580596923828e-09, 0.972716212272644, 0.22943416237831116, -0.03439800813794136, -0.20415176451206207, 0.9169324040412903, 0.34286609292030334, 0.11020584404468536, -0.3264889717102051, 0.9387543201446533),
            ["RightUpperArm"] = CFrame.new(-0.003160715103149414, -0.07525980472564697, -1.2665987014770508e-07, 0.9706026315689087, 0.013905491679906845, 0.24028784036636353, -0.14412987232208252, 0.833121120929718, 0.5339809060096741, -0.19276222586631775, -0.5529158711433411, 0.8106331825256348),
            ["UpperTorso"] = CFrame.new(-9.313225746154785e-09, -5.960464477539063e-08, 2.7939677238464355e-09, 0.9864713549613953, -0.1632690578699112, 0.014753689989447594, 0.15888036787509918, 0.9743539094924927, 0.15934716165065765, -0.04039178043603897, -0.15484735369682312, 0.9871124029159546),
            ["HumanoidRootPart"] = CFrame.new(0, 0, 0, 1, 0, 0, 0, 1, 0, 0, 0, 1),
            ["RightHand"] = CFrame.new(6.426125764846802e-08, -1.1920928955078125e-07, -8.940696716308594e-08, -0.10748036205768585, -0.3196428120136261, -0.9414225816726685, 0.6864330768585205, 0.661131739616394, -0.30284395813941956, 0.7192062735557556, -0.6787734031677246, 0.14835476875305176),
            ["LeftUpperArm"] = CFrame.new(0.003160834312438965, -0.07525968551635742, 4.470348358154297e-08, 0.9670695662498474, 0.05526478588581085, -0.2484416663646698, 0.14665980637073517, 0.6767780780792236, 0.7214305400848389, 0.20800815522670746, -0.7341098785400391, 0.6463860273361206),
            ["RightLowerArm"] = CFrame.new(-0.0000017881393432617188, 5.960464477539063e-08, 1.4901161193847656e-07, 1, 1.2014061212539673e-07, 8.731147005391904e-08, -1.182779953978752e-07, 1, 1.0943037587196613e-08, -8.10250853078287e-08, -2.10711732506752e-08, 1),
            ["LeftHand"] = CFrame.new(3.0547380447387695e-07, 0.00009989738464355469, -2.2351741790771484e-07, -0.20710647106170654, 0.26943057775497437, 0.9404861330986023, -0.5138156414031982, 0.7881129384040833, -0.3389270305633545, -0.8325265049934387, -0.5534304976463318, -0.024785708636045456),
            ["RightUpperLeg"] = CFrame.new(0, -1.3224780559539795e-07, -4.639878170564771e-08, 0.6839795112609863, -0.21315282583236694, -0.6976658701896667, -0.577186644077301, 0.4267362058162689, -0.6962413787841797, 0.4461251497268677, 0.8788982629776001, 0.1688498705625534),
            ["LeftUpperLeg"] = CFrame.new(0, -6.891787052154541e-08, -5.960464477539063e-08, 0.97169029712677, 0.11549156159162521, 0.20610620081424713, 0.144694522023201, 0.3987200856208801, -0.9055859446525574, -0.18676625192165375, 0.9097715020179749, 0.3707214593887329),
            ["RightLowerLeg"] = CFrame.new(-2.3748725652694702e-08, -0.0000035762786865234375, -0.000013245437003206462, 1, 2.421439226907296e-08, -7.543713564928112e-08, 9.313224325069314e-08, 0.9446116089820862, 0.32818999886512756, -3.7252898543727042e-09, -0.3281903862953186, 0.9446118474006653),
            ["RightFoot"] = CFrame.new(-1.4202669262886047e-08, 4.76837158203125e-07, 4.639878170564771e-08, 0.9815844297409058, -0.1864144504070282, -0.041734445840120316, 0.1885736882686615, 0.980475902557373, 0.05573970824480057, 0.030528945848345757, -0.06258310377597809, 0.9975727200508118),
            ["LeftLowerLeg"] = CFrame.new(-6.05359673500061e-08, 0.000003874301910400391, 0.000013239681720733643, 1, 3.539026494081554e-08, 7.729979500936679e-08, -2.980232594040899e-08, 0.8973885178565979, 0.4412415623664856, 3.725290742551124e-09, -0.44124144315719604, 0.8973883986473083),
        }},
        {Time = 0.033, Data = {
            ["LeftFoot"] = CFrame.new(-5.029141902923584e-08, -5.960464477539063e-08, -1.4901161193847656e-08, 0.9867715239524841, 0.1594543308019638, 0.029261179268360138, -0.15823404490947723, 0.986585259437561, -0.04014505445957184, -0.03526993840932846, 0.034983765333890915, 0.9987653493881226),
            ["LeftLowerArm"] = CFrame.new(-0.0004984140396118164, -0.00010001659393310547, -4.172325134277344e-07, 1, -1.1920926112907182e-07, -1.154839708306099e-07, 1.043081283569336e-07, 1, 5.401669511684304e-08, 1.341104507446289e-07, -2.4214381610931923e-08, 1),
            ["LowerTorso"] = CFrame.new(-0.060950685292482376, -1.5755562782287598, 0.19777250289916992, 0.9922096133232117, 0.048031024634838104, -0.11494847387075424, -0.0985320508480072, 0.8671747446060181, -0.4881591498851776, 0.0762336328625679, 0.4956822991371155, 0.8651517033576965),
            ["Head"] = CFrame.new(4.0978193283081055e-08, 3.5762786865234375e-07, -1.862645149230957e-08, 0.9727155566215515, 0.22943806648254395, -0.03438933566212654, -0.20414447784423828, 0.9168900847434998, 0.34298351407051086, 0.11022473871707916, -0.32660502195358276, 0.9387117624282837),
            ["RightUpperArm"] = CFrame.new(-0.003160715103149414, -0.07525980472564697, -1.341104507446289e-07, 0.970619797706604, 0.013863658532500267, 0.240220844745636, -0.1441069394350052, 0.8329843282699585, 0.5342005491256714, -0.1926928609609604, -0.5531229972839355, 0.8105083107948303),
            ["UpperTorso"] = CFrame.new(-9.313225746154785e-09, -5.960464477539063e-08, 2.7939677238464355e-09, 0.9864713549613953, -0.16326904296875, 0.014753693714737892, 0.1588803380727768, 0.9743539094924927, 0.15934719145298004, -0.04039178043603897, -0.15484735369682312, 0.9871124029159546),
            ["HumanoidRootPart"] = CFrame.new(0, 0, 0, 1, 0, 0, 0, 1, 0, 0, 0, 1),
            ["RightHand"] = CFrame.new(1.257285475730896e-08, -5.960464477539063e-08, 4.470348358154297e-08, -0.10760457813739777, -0.31955406069755554, -0.9414384961128235, 0.6865599155426025, 0.6610028743743896, -0.3028377592563629, 0.7190666198730469, -0.6789407134056091, 0.1482660472393036),
            ["LeftUpperArm"] = CFrame.new(0.003160834312438965, -0.07525980472564697, 2.9802322387695312e-08, 0.9670847058296204, 0.05518835037946701, -0.2484000027179718, 0.14670516550540924, 0.6766854524612427, 0.7215081453323364, 0.207906112074852, -0.7342009544372559, 0.6463152170181274),
            ["RightLowerArm"] = CFrame.new(-0.0000014901161193847656, 3.5762786865234375e-07, 1.4901161193847656e-08, 1, 1.210719204891575e-07, 7.520426947849046e-08, -1.1734665861240501e-07, 1, -1.4551909899296334e-08, -9.313227167240257e-08, 0, 1),
            ["LeftHand"] = CFrame.new(0, 0.00010001659393310547, -2.8312206268310547e-07, -0.20729321241378784, 0.26935967803001404, 0.9404653310775757, -0.5138480067253113, 0.7880722284317017, -0.3389725387096405, -0.8324601650238037, -0.5535229444503784, -0.02495209500193596),
            ["RightUpperLeg"] = CFrame.new(0, -1.3224780559539795e-07, -4.639878170564771e-08, 0.683991551399231, -0.21315160393714905, -0.6976544857025146, -0.5771764516830444, 0.4267335534095764, -0.6962513327598572, 0.44611984491348267, 0.8788998126983643, 0.16885608434677124),
            ["LeftUpperLeg"] = CFrame.new(0, -6.891787052154541e-08, -5.960464477539063e-08, 0.971674382686615, 0.11550789326429367, 0.2061719447374344, 0.14474916458129883, 0.3987208604812622, -0.905576765537262, -0.18680618703365326, 0.9097689986228943, 0.3707074224948883),
            ["RightLowerLeg"] = CFrame.new(-4.307366907596588e-08, -0.000003635883331298828, -0.000013394448615144938, 1, -1.862645504502325e-08, -1.1175865566315224e-08, 6.519256601222878e-08, 0.9446109533309937, 0.3281921148300171, -1.2665984172599565e-07, -0.3281925618648529, 0.9446109533309937),
            ["RightFoot"] = CFrame.new(-4.842877388000488e-08, 4.172325134277344e-07, 1.4325632946565747e-07, 0.9815782308578491, -0.18644684553146362, -0.04173652455210686, 0.1886051744222641, 0.9804713726043701, 0.055712755769491196, 0.0305340439081192, -0.06255794316530228, 0.9975742101669312),
            ["LeftLowerLeg"] = CFrame.new(2.514570951461792e-08, 0.000003933906555175781, 0.000013306736946105957, 1, 5.215408194203519e-08, -5.0291429687376876e-08, -5.494803190231323e-08, 0.8973871469497681, 0.4412443935871124, -6.891787052154541e-08, -0.4412440359592438, 0.8973870873451233),
        }},
        {Time = 0.067, Data = {
            ["LeftFoot"] = CFrame.new(-3.3527612686157227e-08, -5.960464477539063e-08, 3.725290298461914e-08, 0.9867854118347168, 0.15937082469463348, 0.029248841106891632, -0.15815147757530212, 0.9865992069244385, -0.04012703523039818, -0.03525177389383316, 0.034971173852682114, 0.9987663626670837),
            ["LeftLowerArm"] = CFrame.new(-0.0004978775978088379, -0.00009953975677490234, -5.960464477539063e-08, 1, -1.2293455142753373e-07, -8.195637946073475e-08, 1.0803339023368608e-07, 1, -3.7252898543727042e-09, 9.313223614526578e-08, 0, 1),
            ["LowerTorso"] = CFrame.new(-0.060950685292482376, -1.5755562782287598, 0.19777250289916992, 0.9922096133232117, 0.048031024634838104, -0.11494847387075424, -0.0985320508480072, 0.8671747446060181, -0.4881591498851776, 0.0762336328625679, 0.4956822991371155, 0.8651517033576965),
            ["Head"] = CFrame.new(5.21540641784668e-08, 1.1920928955078125e-07, 1.6391277313232422e-07, 0.9727159738540649, 0.2294478416442871, -0.034314464777708054, -0.20416435599327087, 0.9168413281440735, 0.3431021273136139, 0.11018496751785278, -0.32673507928848267, 0.9386711716651917),
            ["RightUpperArm"] = CFrame.new(-0.0031606554985046387, -0.07525992393493652, -1.4901161193847656e-07, 0.9706577658653259, 0.013727029785513878, 0.2400749772787094, -0.1440025418996811, 0.8327369689941406, 0.534614086151123, -0.19257929921150208, -0.5534986257553101, 0.8102788925170898),
            ["UpperTorso"] = CFrame.new(-9.313225746154785e-09, -5.960464477539063e-08, 2.7939677238464355e-09, 0.9864649176597595, -0.1633131504058838, 0.014687921851873398, 0.15893679857254028, 0.9743555784225464, 0.15928074717521667, -0.04032391309738159, -0.15479044616222382, 0.9871241450309753),
            ["HumanoidRootPart"] = CFrame.new(0, 0, 0, 1, 0, 0, 0, 1, 0, 0, 0, 1),
            ["RightHand"] = CFrame.new(1.5366822481155396e-08, -1.7881393432617188e-07, -4.470348358154297e-08, -0.10785334557294846, -0.31939634680747986, -0.9414635896682739, 0.6868805885314941, 0.660675048828125, -0.30282583832740784, 0.7187229990959167, -0.6793339252471924, 0.1481310874223709),
            ["LeftUpperArm"] = CFrame.new(0.0031607747077941895, -0.07525968551635742, -7.450580596923828e-09, 0.9671506881713867, 0.055172745138406754, -0.2481461614370346, 0.14660269021987915, 0.6764142513275146, 0.7217832207679749, 0.2076708972454071, -0.7344520092010498, 0.6461056470870972),
            ["RightLowerArm"] = CFrame.new(-0.0000019371509552001953, 2.384185791015625e-07, 2.5331974029541016e-07, 1, 1.210719204891575e-07, 8.940695295223122e-08, -1.1827796697616577e-07, 1, 8.032656317880082e-09, -9.872019290924072e-08, -3.6088745325457694e-09, 1),
            ["LeftHand"] = CFrame.new(2.2351741790771484e-08, 0.0000997781753540039, -8.940696716308594e-08, -0.2072971761226654, 0.26948562264442444, 0.9404283761978149, -0.5141929388046265, 0.7877963781356812, -0.3390907347202301, -0.8322460651397705, -0.5538540482521057, -0.024740440770983696),
            ["RightUpperLeg"] = CFrame.new(0, -1.3224780559539795e-07, -4.639878170564771e-08, 0.6840276718139648, -0.21314573287963867, -0.6976208686828613, -0.5771461129188538, 0.4267284870147705, -0.696279764175415, 0.4461037218570709, 0.8789037466049194, 0.1688779890537262),
            ["LeftUpperLeg"] = CFrame.new(0, -6.891787052154541e-08, -5.960464477539063e-08, 0.9716104865074158, 0.11557270586490631, 0.2064366638660431, 0.1449691206216812, 0.39873209595680237, -0.9055367112159729, -0.18696822226047516, 0.9097558856010437, 0.37065792083740234),
            ["RightLowerLeg"] = CFrame.new(6.076879799365997e-08, -0.000003635883331298828, -0.000013156030036043376, 1, -6.89179060486822e-08, 9.313224325069314e-08, 8.940696716308594e-08, 0.9446108937263489, 0.3281923234462738, 0, -0.32819274067878723, 0.9446109533309937),
            ["RightFoot"] = CFrame.new(-4.307366907596588e-08, 3.5762786865234375e-07, 9.145878721028566e-09, 0.9815595746040344, -0.186543270945549, -0.0417441762983799, 0.18870021402835846, 0.9804571866989136, 0.05564160645008087, 0.03054862655699253, -0.06249269098043442, 0.9975777864456177),
            ["LeftLowerLeg"] = CFrame.new(-8.381903171539307e-08, 0.000003933906555175781, 0.000013262033462524414, 1, 1.862645326866641e-08, -8.242206916975192e-08, -2.0489101970611046e-08, 0.8973883986473083, 0.44124165177345276, -9.324869409965686e-08, -0.4412415325641632, 0.8973884582519531),
        }},
        {Time = 0.100, Data = {
            ["LeftFoot"] = CFrame.new(-6.146728992462158e-08, 1.7881393432617188e-07, 5.960464477539063e-08, 0.9867904186248779, 0.1593443751335144, 0.02922527864575386, -0.15812188386917114, 0.9865995049476624, -0.0402357392013073, -0.035244908183813095, 0.03508285805583, 0.9987627267837524),
            ["LeftLowerArm"] = CFrame.new(-0.0004980564117431641, -0.00009959936141967773, 4.172325134277344e-07, 1, -8.940699558479537e-08, -9.313227877782992e-08, 1.154840560957382e-07, 1, -2.6077039194660756e-08, 8.940700979565008e-08, 2.421439582178664e-08, 1),
            ["LowerTorso"] = CFrame.new(-0.060950685292482376, -1.5755562782287598, 0.19777250289916992, 0.9922096133232117, 0.048031024634838104, -0.11494847387075424, -0.0985320508480072, 0.8671747446060181, -0.4881591498851776, 0.0762336328625679, 0.4956822991371155, 0.8651517033576965),
            ["Head"] = CFrame.new(3.725290298461914e-09, 3.5762786865234375e-07, 1.862645149230957e-08, 0.9727146029472351, 0.22945459187030792, -0.03430652245879173, -0.20414502918720245, 0.9167555570602417, 0.34334272146224976, 0.11023226380348206, -0.3269709646701813, 0.9385834336280823),
            ["RightUpperArm"] = CFrame.new(-0.0031604766845703125, -0.07525956630706787, 5.21540641784668e-08, 0.9707188010215759, 0.013592097908258438, 0.2398357391357422, -0.14390937983989716, 0.8323126435279846, 0.5352994799613953, -0.1923411339521408, -0.5541399121284485, 0.8098971247673035),
            ["UpperTorso"] = CFrame.new(-9.313225746154785e-09, -5.960464477539063e-08, 2.7939677238464355e-09, 0.9864650964736938, -0.16331163048744202, 0.014697404578328133, 0.1589362621307373, 0.9743653535842896, 0.15922117233276367, -0.04032331705093384, -0.1547301858663559, 0.9871335625648499),
            ["HumanoidRootPart"] = CFrame.new(0, 0, 0, 1, 0, 0, 0, 1, 0, 0, 0, 1),
            ["RightHand"] = CFrame.new(-5.9138983488082886e-08, 0, 5.960464477539063e-08, -0.10791093111038208, -0.31936588883399963, -0.9414674043655396, 0.6875241994857788, 0.6600584983825684, -0.3027098774909973, 0.7180987000465393, -0.6799473762512207, 0.14834417402744293),
            ["LeftUpperArm"] = CFrame.new(0.0031602978706359863, -0.07525992393493652, 1.043081283569336e-07, 0.967234194278717, 0.05526178330183029, -0.24780040979385376, 0.14641456305980682, 0.6759598255157471, 0.7222470641136169, 0.2074144184589386, -0.7348635196685791, 0.6457199454307556),
            ["RightLowerArm"] = CFrame.new(-0.000002175569534301758, 1.7881393432617188e-07, 1.1920928955078125e-07, 1, 1.1734664440155029e-07, 8.498320624994449e-08, -1.2107194891086692e-07, 1, 1.594890264300375e-08, -8.754432911928234e-08, 1.792795956134796e-08, 1),
            ["LeftHand"] = CFrame.new(2.7567148208618164e-07, 0.0000997781753540039, -4.470348358154297e-08, -0.20754791796207428, 0.26957422494888306, 0.9403476119041443, -0.5145313143730164, 0.7874789834022522, -0.3393148183822632, -0.831974446773529, -0.5542623400688171, -0.02473526820540428),
            ["RightUpperLeg"] = CFrame.new(0, -1.3224780559539795e-07, -4.639878170564771e-08, 0.6840881109237671, -0.21313540637493134, -0.6975646615028381, -0.5770951509475708, 0.42672014236450195, -0.6963269710540771, 0.4460769295692444, 0.8789102435112, 0.16891491413116455),
            ["LeftUpperLeg"] = CFrame.new(0, -6.891787052154541e-08, -5.960464477539063e-08, 0.9715287685394287, 0.11565620452165604, 0.20677410066127777, 0.145249605178833, 0.3987429440021515, -0.9054868817329407, -0.18717485666275024, 0.9097404479980469, 0.3705914318561554),
            ["RightLowerLeg"] = CFrame.new(3.864988684654236e-08, -0.000003814697265625, -0.000013200733519624919, 1, -6.51925802230835e-08, 7.357445497291337e-08, 7.636844401304188e-08, 0.9446109533309937, 0.32819175720214844, -1.6763804921993142e-07, -0.32819217443466187, 0.9446110725402832),
            ["RightFoot"] = CFrame.new(-2.7939677238464355e-08, 2.980232238769531e-07, 3.894820110872388e-08, 0.9815298318862915, -0.18669702112674713, -0.04175633192062378, 0.18885087966918945, 0.9804343581199646, 0.05553115904331207, 0.030571676790714264, -0.062391214072704315, 0.9975834488868713),
            ["LeftLowerLeg"] = CFrame.new(-2.60770320892334e-08, 0.000003993511199951172, 0.0000133514404296875, 1, 5.960465188081798e-08, -1.816079375771551e-08, -4.4703490686970326e-08, 0.8973870277404785, 0.44124454259872437, -1.4202671039242887e-08, -0.44124436378479004, 0.8973869681358337),
        }},
        {Time = 0.133, Data = {
            ["LeftFoot"] = CFrame.new(-2.60770320892334e-08, 5.960464477539063e-08, -4.470348358154297e-08, 0.9868021607398987, 0.15927577018737793, 0.029201237484812737, -0.15805190801620483, 0.9866081476211548, -0.0402996651828289, -0.03522893786430359, 0.03515271469950676, 0.9987608194351196),
            ["LeftLowerArm"] = CFrame.new(-0.000498354434967041, -0.00009953975677490234, -1.1920928955078125e-07, 1, -1.1548401346317405e-07, -9.685756907629184e-08, 9.3132300094112e-08, 1, -1.862645593320167e-09, 1.2665992699112394e-07, 0, 1),
            ["LowerTorso"] = CFrame.new(-0.060950685292482376, -1.5755562782287598, 0.19777250289916992, 0.9922096133232117, 0.048031024634838104, -0.11494847387075424, -0.0985320508480072, 0.8671747446060181, -0.4881591498851776, 0.0762336328625679, 0.4956822991371155, 0.8651517033576965),
            ["Head"] = CFrame.new(4.0978193283081055e-08, 0, -9.685754776000977e-08, 0.9727136492729187, 0.22947046160697937, -0.03422771394252777, -0.20415747165679932, 0.9166621565818787, 0.3435845375061035, 0.11021773517131805, -0.32722145318984985, 0.9384978413581848),
            ["RightUpperArm"] = CFrame.new(-0.0031606554985046387, -0.07526028156280518, 8.195638656616211e-08, 0.970795214176178, 0.013331236317753792, 0.23954100906848907, -0.14370541274547577, 0.8318254947662354, 0.5361108183860779, -0.19210797548294067, -0.5548771023750305, 0.8094475269317627),
            ["UpperTorso"] = CFrame.new(-9.313225746154785e-09, -5.960464477539063e-08, 2.7939677238464355e-09, 0.9864661693572998, -0.16330651938915253, 0.014679711312055588, 0.15893319249153137, 0.9743629693984985, 0.1592387855052948, -0.04030810296535492, -0.15475058555603027, 0.9871309995651245),
            ["HumanoidRootPart"] = CFrame.new(0, 0, 0, 1, 0, 0, 0, 1, 0, 0, 0, 1),
            ["RightHand"] = CFrame.new(-1.8905848264694214e-07, 5.960464477539063e-08, 2.682209014892578e-07, -0.10845315456390381, -0.3190874457359314, -0.9414994120597839, 0.6881428360939026, 0.6593964099884033, -0.3027472496032715, 0.7174241542816162, -0.6807199716567993, 0.14806412160396576),
            ["LeftUpperArm"] = CFrame.new(0.003160715103149414, -0.07525992393493652, -3.725290298461914e-08, 0.9673536419868469, 0.05524769425392151, -0.2473369538784027, 0.1462288647890091, 0.6754230856895447, 0.7227866053581238, 0.20698799192905426, -0.7353579998016357, 0.6452937722206116),
            ["RightLowerArm"] = CFrame.new(-0.0000013113021850585938, 2.384185791015625e-07, 2.8312206268310547e-07, 1, 1.1827795276531106e-07, 8.288771624620495e-08, -1.210719347000122e-07, 1, 1.3969840839678227e-09, -9.66247171163559e-08, 9.313224635931761e-10, 1),
            ["LeftHand"] = CFrame.new(1.4156103134155273e-07, 0.00009989738464355469, -1.341104507446289e-07, -0.20792870223522186, 0.26955685019493103, 0.9402684569358826, -0.5149387717247009, 0.7871218323707581, -0.33952492475509644, -0.8316271305084229, -0.5547777414321899, -0.024859923869371414),
            ["RightUpperLeg"] = CFrame.new(0, -1.3224780559539795e-07, -4.639878170564771e-08, 0.6841747164726257, -0.21312135457992554, -0.6974840760231018, -0.5770223140716553, 0.42670753598213196, -0.696395218372345, 0.44603848457336426, 0.878919780254364, 0.16896675527095795),
            ["LeftUpperLeg"] = CFrame.new(0, -6.891787052154541e-08, -5.960464477539063e-08, 0.9714229702949524, 0.11576343327760696, 0.20721092820167542, 0.14561237394809723, 0.39876124262809753, -0.9054206013679504, -0.18744230270385742, 0.9097188115119934, 0.37050941586494446),
            ["RightLowerLeg"] = CFrame.new(-1.3271346688270569e-08, -0.000003516674041748047, -0.000013290140486788005, 1, -2.1234160385574796e-07, 1.965090916655754e-07, 1.0989606380462646e-07, 0.9446106553077698, 0.32819288969039917, 3.725290298461914e-08, -0.32819318771362305, 0.9446107745170593),
            ["RightFoot"] = CFrame.new(2.444721758365631e-08, 4.172325134277344e-07, -3.55576048605144e-08, 0.9814901947975159, -0.18690162897109985, -0.041774094104766846, 0.18905216455459595, 0.98040372133255, 0.05538855493068695, 0.030602822080254555, -0.062260836362838745, 0.9975906610488892),
            ["LeftLowerLeg"] = CFrame.new(8.195638656616211e-08, 0.000003933906555175781, 0.000013262033462524414, 1, -1.862645815364772e-09, 5.5879375793210784e-08, -4.097820749393577e-08, 0.8973891139030457, 0.4412404000759125, 4.5751239241553776e-08, -0.44124022126197815, 0.8973889946937561),
        }},
        {Time = 0.167, Data = {
            ["LeftFoot"] = CFrame.new(3.725290298461914e-08, 1.1920928955078125e-07, 7.450580596923828e-08, 0.9868143200874329, 0.1592075526714325, 0.029165934771299362, -0.15798035264015198, 0.9866142868995667, -0.040430620312690735, -0.03521248698234558, 0.03528944402933121, 0.9987565875053406),
            ["LeftLowerArm"] = CFrame.new(-0.0004979968070983887, -0.00009959936141967773, -1.1920928955078125e-07, 1, -1.1920930376163597e-07, -1.1920930376163597e-07, 9.685756907629184e-08, 1, 3.539026138810186e-08, 1.1548402767402877e-07, 2.421439049271612e-08, 1),
            ["LowerTorso"] = CFrame.new(-0.060950685292482376, -1.5755562782287598, 0.19777250289916992, 0.9922096133232117, 0.048031024634838104, -0.11494847387075424, -0.0985320508480072, 0.8671747446060181, -0.4881591498851776, 0.0762336328625679, 0.4956822991371155, 0.8651517033576965),
            ["Head"] = CFrame.new(3.3527612686157227e-08, 2.384185791015625e-07, 3.3527612686157227e-08, 0.9727188944816589, 0.2294488102197647, -0.0342230349779129, -0.2041030079126358, 0.9165607690811157, 0.3438872992992401, 0.11027200520038605, -0.3275206685066223, 0.9383870959281921),
            ["RightUpperArm"] = CFrame.new(-0.0031605958938598633, -0.07525980472564697, -1.1175870895385742e-07, 0.9709051847457886, 0.013076044619083405, 0.23910892009735107, -0.14344820380210876, 0.8312841653823853, 0.5370185971260071, -0.19174404442310333, -0.5556938052177429, 0.8089733719825745),
            ["UpperTorso"] = CFrame.new(-9.313225746154785e-09, -5.960464477539063e-08, 2.7939677238464355e-09, 0.986457884311676, -0.16335780918598175, 0.014665408059954643, 0.15899036824703217, 0.9743706583976746, 0.1591348499059677, -0.04028547182679176, -0.15464816987514496, 0.9871479272842407),
            ["HumanoidRootPart"] = CFrame.new(0, 0, 0, 1, 0, 0, 0, 1, 0, 0, 0, 1),
            ["RightHand"] = CFrame.new(-3.3248215913772583e-07, -2.384185791015625e-07, 5.960464477539063e-08, -0.1088021993637085, -0.31889623403549194, -0.9415240287780762, 0.6889466643333435, 0.658587634563446, -0.30267950892448425, 0.7165993452072144, -0.6815921068191528, 0.14804673194885254),
            ["LeftUpperArm"] = CFrame.new(0.003160715103149414, -0.07525992393493652, 1.564621925354004e-07, 0.9674645066261292, 0.05531894788146019, -0.24688729643821716, 0.14600832760334015, 0.6748461127281189, 0.7233698964118958, 0.20662561058998108, -0.7358822226524353, 0.6448121666908264),
            ["RightLowerArm"] = CFrame.new(-0.0000011324882507324219, 4.172325134277344e-07, -1.043081283569336e-07, 1, 1.1827798118702049e-07, 8.498319203908977e-08, -1.1734665861240501e-07, 1, -9.546057277987074e-09, -7.380732114370403e-08, 3.026798811589515e-09, 1),
            ["LeftHand"] = CFrame.new(1.4901161193847656e-07, 0.0000997781753540039, -1.4901161193847656e-08, -0.20794221758842468, 0.2698063254356384, 0.9401940107345581, -0.5156250596046448, 0.7865702509880066, -0.33976155519485474, -0.831198513507843, -0.5554383397102356, -0.0244423970580101),
            ["RightUpperLeg"] = CFrame.new(0, -1.3224780559539795e-07, -4.639878170564771e-08, 0.6842864751815796, -0.21310193836688995, -0.6973801851272583, -0.5769280791282654, 0.4266926646232605, -0.6964825391769409, 0.4459889829158783, 0.8789317011833191, 0.16903556883335114),
            ["LeftUpperLeg"] = CFrame.new(0, -6.891787052154541e-08, -5.960464477539063e-08, 0.9713009595870972, 0.11588747054338455, 0.20771342515945435, 0.14602962136268616, 0.39877963066101074, -0.9053452014923096, -0.1877499520778656, 0.9096949100494385, 0.3704122304916382),
            ["RightLowerLeg"] = CFrame.new(1.0337680578231812e-07, -0.000003814697265625, -0.0000133199428091757, 1, -9.313226634333205e-09, 2.7008354663848877e-08, 8.754432201385498e-08, 0.9446113109588623, 0.3281911313533783, 1.1175870895385742e-08, -0.3281913697719574, 0.9446113705635071),
            ["RightFoot"] = CFrame.new(1.6530975699424744e-08, 4.172325134277344e-07, 6.875052349641919e-08, 0.9814416766166687, -0.18715091049671173, -0.04179659113287926, 0.18929731845855713, 0.9803657531738281, 0.05522261932492256, 0.03064054623246193, -0.062109701335430145, 0.9975989460945129),
            ["LeftLowerLeg"] = CFrame.new(4.6566128730773926e-08, 0.000003993511199951172, 0.000013306736946105957, 1, 4.004688136660661e-08, 1.1175874448099421e-08, -4.4703494239684005e-08, 0.8973889946937561, 0.4412408769130707, -1.8742872143207023e-08, -0.4412405788898468, 0.897388756275177),
        }},
        {Time = 0.200, Data = {
            ["LeftFoot"] = CFrame.new(3.725290298461914e-09, -5.960464477539063e-08, 0, 0.986827552318573, 0.15912985801696777, 0.029137752950191498, -0.1579011082649231, 0.9866235852241516, -0.04051095247268677, -0.035194650292396545, 0.035376887768507004, 0.9987541437149048),
            ["LeftLowerArm"] = CFrame.new(-0.0004975199699401855, -0.0000997781753540039, -5.960464477539063e-08, 1, -1.0058282384761696e-07, -6.705521116145974e-08, 9.313227167240257e-08, 1, -7.450578820566989e-09, 1.0430814256778831e-07, -2.0489094865183688e-08, 1),
            ["LowerTorso"] = CFrame.new(-0.060950685292482376, -1.5755562782287598, 0.19777250289916992, 0.9922096133232117, 0.048031024634838104, -0.11494847387075424, -0.0985320508480072, 0.8671747446060181, -0.4881591498851776, 0.0762336328625679, 0.4956822991371155, 0.8651517033576965),
            ["Head"] = CFrame.new(7.450580596923828e-09, 0, -5.029141902923584e-08, 0.9727177023887634, 0.22946640849113464, -0.03414084389805794, -0.20411115884780884, 0.9164454340934753, 0.34418970346450806, 0.11026819050312042, -0.32783082127571106, 0.9382792115211487),
            ["RightUpperArm"] = CFrame.new(-0.0031607747077941895, -0.07526016235351562, 5.21540641784668e-08, 0.9709905982017517, 0.012781043536961079, 0.23877817392349243, -0.1432265341281891, 0.8307068347930908, 0.5379703044891357, -0.19147750735282898, -0.5565634369850159, 0.8084385991096497),
            ["UpperTorso"] = CFrame.new(-9.313225746154785e-09, -5.960464477539063e-08, 2.7939677238464355e-09, 0.9864603877067566, -0.16334623098373413, 0.014627473428845406, 0.1589866578578949, 0.9743788242340088, 0.15908856689929962, -0.04023922607302666, -0.15460902452468872, 0.9871560335159302),
            ["HumanoidRootPart"] = CFrame.new(0, 0, 0, 1, 0, 0, 0, 1, 0, 0, 0, 1),
            ["RightHand"] = CFrame.new(7.729977369308472e-08, -5.960464477539063e-08, -1.4901161193847656e-08, -0.10911102592945099, -0.31866294145584106, -0.9415671825408936, 0.6897696852684021, 0.6577842831611633, -0.3025517463684082, 0.7157601118087769, -0.682476282119751, 0.14803247153759003),
            ["LeftUpperArm"] = CFrame.new(0.0031607747077941895, -0.07525980472564697, 3.725290298461914e-08, 0.9675894379615784, 0.055356211960315704, -0.24638885259628296, 0.1457982212305069, 0.6741787195205688, 0.7240341901779175, 0.20618851482868195, -0.7364908456802368, 0.6442569494247437),
            ["RightLowerArm"] = CFrame.new(-0.0000012814998626708984, -2.980232238769531e-07, -5.960464477539063e-08, 1, 1.1920930376163597e-07, 8.70786678319746e-08, -1.2014064054710616e-07, 1, 2.9103834897625802e-09, -7.962810144590549e-08, 1.8510037946839475e-08, 1),
            ["LeftHand"] = CFrame.new(1.9371509552001953e-07, 0.00009989738464355469, -4.470348358154297e-08, -0.20816786587238312, 0.26989373564720154, 0.9401189684867859, -0.5162631869316101, 0.7860574126243591, -0.33997970819473267, -0.8307456970214844, -0.5561215281486511, -0.02429577149450779),
            ["RightUpperLeg"] = CFrame.new(0, -1.3224780559539795e-07, -4.639878170564771e-08, 0.6844246983528137, -0.21307869255542755, -0.6972516775131226, -0.5768115520477295, 0.42667335271835327, -0.6965906620025635, 0.44592756032943726, 0.8789467215538025, 0.1691197007894516),
            ["LeftUpperLeg"] = CFrame.new(0, -6.891787052154541e-08, -5.960464477539063e-08, 0.9711725115776062, 0.11601750552654266, 0.20824037492275238, 0.14646756649017334, 0.39879924058914185, -0.905265748500824, -0.18807262182235718, 0.909669816493988, 0.37031054496765137),
            ["RightLowerLeg"] = CFrame.new(2.2817403078079224e-08, -0.0000036954879760742188, -0.000013305041647981852, 1, -2.235175244891252e-08, 2.0489101970611046e-08, 8.195638656616211e-08, 0.9446115493774414, 0.3281903862953186, -3.725290298461914e-09, -0.32819074392318726, 0.944611668586731),
            ["RightFoot"] = CFrame.new(5.4016709327697754e-08, 2.980232238769531e-07, -5.75528247281909e-09, 0.9813855886459351, -0.18743868172168732, -0.04182404279708862, 0.18958090245723724, 0.9803214073181152, 0.05503826588392258, 0.030684344470500946, -0.06194242089986801, 0.9976078867912292),
            ["LeftLowerLeg"] = CFrame.new(-6.51925802230835e-09, 0.000003933906555175781, 0.000013239681720733643, 1, 1.9557786501422925e-08, 3.725290653733282e-08, -4.097821459936313e-08, 0.8973891735076904, 0.4412400424480438, 4.633331940340213e-08, -0.4412400424480438, 0.8973891735076904),
        }},
        {Time = 0.233, Data = {
            ["LeftFoot"] = CFrame.new(1.6763806343078613e-08, 5.960464477539063e-08, 5.21540641784668e-08, 0.9868409037590027, 0.15905268490314484, 0.02910963073372841, -0.15782199800014496, 0.9866329431533813, -0.040592581033706665, -0.035176921635866165, 0.03546467423439026, 0.9987516403198242),
            ["LeftLowerArm"] = CFrame.new(-0.0004981458187103271, -0.00009948015213012695, 0, 1, -1.043081283569336e-07, -1.1548401346317405e-07, 1.266598985694145e-07, 1, 2.980232594040899e-08, 1.1548402767402877e-07, 4.470348358154297e-08, 1),
            ["LowerTorso"] = CFrame.new(-0.060950685292482376, -1.5755562782287598, 0.19777250289916992, 0.9922096133232117, 0.048031024634838104, -0.11494847387075424, -0.0985320508480072, 0.8671747446060181, -0.4881591498851776, 0.0762336328625679, 0.4956822991371155, 0.8651517033576965),
            ["Head"] = CFrame.new(2.60770320892334e-08, 3.5762786865234375e-07, 1.8440186977386475e-07, 0.9727189540863037, 0.22949188947677612, -0.03393356874585152, -0.20416198670864105, 0.9163014888763428, 0.34454241394996643, 0.11016305536031723, -0.32821497321128845, 0.9381573796272278),
            ["RightUpperArm"] = CFrame.new(-0.003160834312438965, -0.07526004314422607, 6.705522537231445e-08, 0.9710609316825867, 0.012532872147858143, 0.23850512504577637, -0.14304949343204498, 0.8302001953125, 0.5387988686561584, -0.19125288724899292, -0.5573244690895081, 0.8079673051834106),
            ["UpperTorso"] = CFrame.new(-9.313225746154785e-09, -5.960464477539063e-08, 2.7939677238464355e-09, 0.9864741563796997, -0.1632692813873291, 0.01456008292734623, 0.15892131626605988, 0.9743903875350952, 0.15908345580101013, -0.04016066715121269, -0.15461787581443787, 0.9871577620506287),
            ["HumanoidRootPart"] = CFrame.new(0, 0, 0, 1, 0, 0, 0, 1, 0, 0, 0, 1),
            ["RightHand"] = CFrame.new(-2.0908191800117493e-07, -1.7881393432617188e-07, 2.086162567138672e-07, -0.10946708917617798, -0.3184863030910492, -0.9415857195854187, 0.690636396408081, 0.6569042205810547, -0.30248647928237915, 0.7148695588111877, -0.6834056377410889, 0.14804884791374207),
            ["LeftUpperArm"] = CFrame.new(0.0031608939170837402, -0.07526004314422607, 5.960464477539063e-08, 0.96770840883255, 0.055372048169374466, -0.24591751396656036, 0.14558865129947662, 0.6736293435096741, 0.7245875597000122, 0.20577779412269592, -0.7369921803474426, 0.6438148021697998),
            ["RightLowerArm"] = CFrame.new(-0.0000020563602447509766, -5.960464477539063e-08, -1.6391277313232422e-07, 1, 1.1920930376163597e-07, 8.800998330116272e-08, -1.1827798118702049e-07, 1, -1.1641532182693481e-08, -8.638017590101299e-08, 5.8207669795251604e-09, 1),
            ["LeftHand"] = CFrame.new(1.2665987014770508e-07, 0.0000998377799987793, -1.341104507446289e-07, -0.20866316556930542, 0.2698547840118408, 0.9400203227996826, -0.5168147087097168, 0.7855818867683411, -0.34024062752723694, -0.8302785158157349, -0.5568119287490845, -0.024457205086946487),
            ["RightUpperLeg"] = CFrame.new(0, -1.3224780559539795e-07, -4.639878170564771e-08, 0.6845895051956177, -0.21305148303508759, -0.6970982551574707, -0.5766726136207581, 0.42664992809295654, -0.6967202425003052, 0.4458543062210083, 0.8789647221565247, 0.16921919584274292),
            ["LeftUpperLeg"] = CFrame.new(0, -6.891787052154541e-08, -5.960464477539063e-08, 0.9710438847541809, 0.11614729464054108, 0.20876719057559967, 0.14690537750720978, 0.398819237947464, -0.905186116695404, -0.18839529156684875, 0.9096444249153137, 0.37020859122276306),
            ["RightLowerLeg"] = CFrame.new(-2.444721758365631e-08, -0.0000036954879760742188, -0.000013230535842012614, 1, -4.6566150047056e-08, -4.284084198502569e-08, 1.0617078771701927e-07, 0.9446112513542175, 0.32819119095802307, -3.3527616238870905e-08, -0.3281916081905365, 0.9446113705635071),
            ["RightFoot"] = CFrame.new(4.6798959374427795e-08, 4.172325134277344e-07, -2.0656443666666746e-08, 0.9813228249549866, -0.18775947391986847, -0.041856806725263596, 0.18989726901054382, 0.9802711009979248, 0.05484288930892944, 0.030733395367860794, -0.06176680326461792, 0.9976173043251038),
            ["LeftLowerLeg"] = CFrame.new(9.033828973770142e-08, 0.000003993511199951172, 0.000013336539268493652, 1, 4.842880230171431e-08, 2.1420431650653882e-08, -3.073365562045183e-08, 0.8973892331123352, 0.44123977422714233, 3.7252917195473856e-08, -0.4412399232387543, 0.8973892331123352),
        }},
        {Time = 0.267, Data = {
            ["LeftFoot"] = CFrame.new(1.1175870895385742e-08, 0, 2.2351741790771484e-08, 0.9868541955947876, 0.1589755415916443, 0.029081279411911964, -0.15774253010749817, 0.9866422414779663, -0.04067431762814522, -0.03515886887907982, 0.03555222600698471, 0.9987491369247437),
            ["LeftLowerArm"] = CFrame.new(-0.0004981756210327148, -0.00009971857070922852, 5.960464477539063e-08, 1, -9.313227167240257e-08, -1.0058283805847168e-07, 1.0058285937475375e-07, 1, 3.725290298461914e-09, 1.4156105976326216e-07, -3.166497108963995e-08, 1),
            ["LowerTorso"] = CFrame.new(-0.060950685292482376, -1.5755562782287598, 0.19777250289916992, 0.9922096133232117, 0.048031024634838104, -0.11494847387075424, -0.0985320508480072, 0.8671747446060181, -0.4881591498851776, 0.0762336328625679, 0.4956822991371155, 0.8651517033576965),
            ["Head"] = CFrame.new(3.3527612686157227e-08, 2.384185791015625e-07, 1.30385160446167e-07, 0.9727290868759155, 0.22945116460323334, -0.03391684219241142, -0.20407934486865997, 0.9161604046821594, 0.3449663519859314, 0.11022619903087616, -0.32863709330558777, 0.9380020499229431),
            ["RightUpperArm"] = CFrame.new(-0.003160536289215088, -0.07526004314422607, 6.705522537231445e-08, 0.9711273908615112, 0.01224683877080679, 0.2382487803697586, -0.14284096658229828, 0.8297224640846252, 0.5395896434783936, -0.19107072055339813, -0.5580418705940247, 0.807515025138855),
            ["UpperTorso"] = CFrame.new(-9.313225746154785e-09, -5.960464477539063e-08, 2.7939677238464355e-09, 0.9864743947982788, -0.16326679289340973, 0.01457425020635128, 0.1589190661907196, 0.9744002819061279, 0.15902464091777802, -0.04016461223363876, -0.15455767512321472, 0.9871671199798584),
            ["HumanoidRootPart"] = CFrame.new(0, 0, 0, 1, 0, 0, 0, 1, 0, 0, 0, 1),
            ["RightHand"] = CFrame.new(-3.394670784473419e-07, 0, 2.384185791015625e-07, -0.1099385917186737, -0.31813856959342957, -0.9416483044624329, 0.6913571953773499, 0.6561810970306396, -0.3024095296859741, 0.7140999436378479, -0.6842617988586426, 0.1478077620267868),
            ["LeftUpperArm"] = CFrame.new(0.003160715103149414, -0.07525980472564697, 1.564621925354004e-07, 0.9678131341934204, 0.05541684105992317, -0.24549467861652374, 0.14540866017341614, 0.6730338931083679, 0.7251768112182617, 0.2054118812084198, -0.7375326752662659, 0.6433125734329224),
            ["RightLowerArm"] = CFrame.new(-0.0000013113021850585938, -1.7881393432617188e-07, 2.682209014892578e-07, 1, 1.1920926112907182e-07, 8.521598715560685e-08, -1.2014059791454201e-07, 1, -5.704348549073757e-09, -9.941867062934762e-08, 8.614732038836337e-09, 1),
            ["LeftHand"] = CFrame.new(1.4156103134155273e-07, 0.00009971857070922852, 2.9802322387695312e-08, -0.20881547033786774, 0.2699925899505615, 0.9399468898773193, -0.5175650119781494, 0.7849912047386169, -0.340463250875473, -0.8297725915908813, -0.5575776100158691, -0.024179629981517792),
            ["RightUpperLeg"] = CFrame.new(0, -1.3224780559539795e-07, -4.639878170564771e-08, 0.6847821474075317, -0.21302033960819244, -0.6969186067581177, -0.5765098929405212, 0.42662182450294495, -0.696871817111969, 0.44576865434646606, 0.8789859414100647, 0.1693347543478012),
            ["LeftUpperLeg"] = CFrame.new(0, -6.891787052154541e-08, -5.960464477539063e-08, 0.9709148406982422, 0.1162770688533783, 0.20929427444934845, 0.14734305441379547, 0.3988400101661682, -0.9051059484481812, -0.1887180656194687, 0.9096188545227051, 0.37010693550109863),
            ["RightLowerLeg"] = CFrame.new(5.3318217396736145e-08, -0.0000036954879760742188, -0.000013349745131563395, 1, -5.5879347371501353e-08, -1.4808023252044222e-07, 8.940693874137651e-08, 0.9446102976799011, 0.32819369435310364, -4.842875611643649e-08, -0.3281940221786499, 0.9446104168891907),
            ["RightFoot"] = CFrame.new(3.725290298461914e-09, 2.980232238769531e-07, -6.535992724820971e-08, 0.9812548160552979, -0.18810626864433289, -0.04189423844218254, 0.19023971259593964, 0.980215847492218, 0.054642513394355774, 0.03078673779964447, -0.06158833205699921, 0.997626781463623),
