return {
    ["Sit 2"] = {
        {Time = 0.000, Data = {
            ["LeftFoot"] = CFrame.new(2.9802322387695312e-08, 0, -2.9802322387695312e-08, 0.9840863943099976, -0.013819575309753418, -0.17715255916118622, 0.14758816361427307, 0.6187674403190613, 0.7715859413146973, 0.09895318001508713, -0.785452663898468, 0.6109601259231567),
            ["LeftLowerArm"] = CFrame.new(-5.960464477539063e-08, -5.960464477539063e-08, 6.938353180885315e-07, 1, -8.940695295223122e-08, 2.7939673685750677e-08, 6.705521116145974e-08, 0.5786920785903931, -0.8155460953712463, 1.4901157641133977e-08, 0.8155460953712463, 0.5786920785903931),
            ["LowerTorso"] = CFrame.new(-3.6507419135169844e-16, -1.7469072341918945, 0.719314694404602, 0.9990001916885376, 0.017204629257321358, -0.04126347228884697, -0.019913993775844574, 0.9976093769073486, -0.06617440283298492, 0.04002631828188896, 0.06692996621131897, 0.9969545006752014),
            ["Head"] = CFrame.new(7.264316082000732e-08, 3.5762786865234375e-07, -2.60770320892334e-08, 0.9774461984634399, -0.20798993110656738, 0.03659583628177643, 0.20826034247875214, 0.9780664443969727, -0.0036973312962800264, -0.03502415493130684, 0.011235403828322887, 0.9993233680725098),
            ["RightUpperArm"] = CFrame.new(2.384185791015625e-07, -1.1920928955078125e-07, -2.421438694000244e-07, 0.4847920536994934, -0.27126193046569824, -0.8315006494522095, 0.24761581420898438, 0.9543615579605103, -0.1669747680425644, 0.8388462662696838, -0.12494466453790665, 0.5298358798027039),
            ["UpperTorso"] = CFrame.new(-4.190951585769653e-09, 0, -4.968023858964443e-08, 0.9935235381126404, 0.11362358927726746, 0.000863062625285238, -0.1132349967956543, 0.9894384741783142, 0.09049584716558456, 0.009428517892956734, -0.09000749886035919, 0.9958965182304382),
            ["HumanoidRootPart"] = CFrame.new(0, 0, 0, 1, 0, 0, 0, 1, 0, 0, 0, 1),
            ["RightHand"] = CFrame.new(3.129243850708008e-07, 5.960464477539063e-08, 5.587935447692871e-08, 0.8457297086715698, -0.5154390335083008, -0.13807223737239838, 0.5309046506881714, 0.8388135433197021, 0.12054993212223053, 0.05368068069219589, -0.17525582015514374, 0.9830584526062012),
            ["LeftUpperArm"] = CFrame.new(5.960464477539063e-08, -1.1920928955078125e-07, 0, 0.32021182775497437, 0.21092046797275543, -0.9235675930976868, -0.31157487630844116, 0.9441114664077759, 0.10758540034294128, 0.8946427702903748, 0.25331029295921326, 0.36803317070007324),
            ["RightLowerArm"] = CFrame.new(2.384185791015625e-07, -3.5762786865234375e-07, -4.6938657760620117e-07, 1, -6.705525379402388e-08, 1.46217701058049e-07, -2.2351734685344127e-08, 0.9999996423721313, -0.0008782039512880147, 5.8673300884493074e-08, 0.0008781481883488595, 0.9999996423721313),
            ["LeftHand"] = CFrame.new(-1.341104507446289e-07, 2.384185791015625e-07, 1.2596137821674347e-07, 0.8779276013374329, 0.46992290019989014, 0.09173765033483505, -0.4673313796520233, 0.882707417011261, -0.04928533732891083, -0.10413768142461777, 0.000397038267692551, 0.9945628046989441),
            ["RightUpperLeg"] = CFrame.new(5.960464477539063e-08, 7.35744833946228e-08, -8.178903954103589e-08, 0.9545108675956726, -0.2065843790769577, -0.21501632034778595, -0.2974849343299866, -0.7088580131530762, -0.6395492553710938, -0.02029513381421566, 0.6744206547737122, -0.7380684018135071),
            ["LeftUpperLeg"] = CFrame.new(-5.960464477539063e-08, 6.05359673500061e-08, -4.284083843231201e-08, 0.6988810300827026, -0.09148687869310379, -0.7093625664710999, -0.6973555088043213, -0.3075485825538635, -0.6473867297172546, -0.1589360237121582, 0.947124183177948, -0.27873876690864563),
            ["RightLowerLeg"] = CFrame.new(-1.2485543265938759e-08, -0.0000036954879760742188, -0.000013305041647981852, 1, -1.6973349659110681e-07, -1.7322604151104315e-07, 1.9068822609824565e-07, -0.09566164761781693, 0.9954138994216919, -1.7893027859372523e-07, -0.9954139590263367, -0.09566160291433334),
            ["RightFoot"] = CFrame.new(-4.0745362639427185e-09, 2.384185791015625e-07, -5.75528247281909e-09, 0.9309303760528564, -0.1063862070441246, -0.34935757517814636, 0.2628173828125, 0.859377920627594, 0.43863001465797424, 0.2535662353038788, -0.5001515746116638, 0.8279813528060913),
            ["LeftLowerLeg"] = CFrame.new(-6.51925802230835e-09, 0.0000036954879760742188, 0.000013353303074836731, 1, 1.3411046495548362e-07, 2.9802322387695312e-08, -1.043081283569336e-07, 0.512333333492279, 0.8587868809700012, 3.725290298461914e-09, -0.8587867617607117, 0.5123330950737),
        }},
        {Time = 0.033, Data = {
            ["LeftFoot"] = CFrame.new(-4.470348358154297e-08, -1.1920928955078125e-07, -4.470348358154297e-08, 0.9840835928916931, -0.013821873813867569, -0.17716827988624573, 0.1476028710603714, 0.6187596321105957, 0.7715893387794495, 0.09895981848239899, -0.7854589223861694, 0.6109512448310852),
            ["LeftLowerArm"] = CFrame.new(-8.940696716308594e-08, 1.7881393432617188e-07, 4.2747706174850464e-07, 1, -1.0430809993522416e-07, 2.7939670577126208e-09, 5.960463056453591e-08, 0.5786922574043274, -0.8155460357666016, 5.215404996761208e-08, 0.8155460953712463, 0.5786921977996826),
            ["LowerTorso"] = CFrame.new(-0.000003434117161305039, -1.7469072341918945, 0.719314694404602, 0.9990009069442749, 0.017167262732982635, -0.041260991245508194, -0.019876575097441673, 0.9976100325584412, -0.06617594510316849, 0.04002631455659866, 0.06692995876073837, 0.9969545006752014),
            ["Head"] = CFrame.new(3.725290298461914e-08, 1.1920928955078125e-07, 1.1175870895385742e-08, 0.9774578809738159, -0.20793475210666656, 0.03659670054912567, 0.20820514857769012, 0.9780782461166382, -0.003697050269693136, -0.03502567857503891, 0.011233331635594368, 0.999323308467865),
            ["RightUpperArm"] = CFrame.new(0, 2.384185791015625e-07, -6.332993507385254e-08, 0.4847984313964844, -0.27125683426856995, -0.8314987421035767, 0.24759848415851593, 0.9543653130531311, -0.16697877645492554, 0.8388476967811584, -0.12492679059505463, 0.5298376679420471),
            ["UpperTorso"] = CFrame.new(-3.259629011154175e-09, -8.940696716308594e-08, -4.903995431959629e-08, 0.9935240149497986, 0.11361952871084213, 0.000862966466229409, -0.11323097348213196, 0.9894388914108276, 0.09049569815397263, 0.009428220801055431, -0.09000735729932785, 0.9958965182304382),
            ["HumanoidRootPart"] = CFrame.new(0, 0, 0, 1, 0, 0, 0, 1, 0, 0, 0, 1),
            ["RightHand"] = CFrame.new(1.043081283569336e-07, 0, 5.21540641784668e-08, 0.8457297086715698, -0.5154390335083008, -0.138072207570076, 0.5309045314788818, 0.8388135433197021, 0.12054993212223053, 0.053680725395679474, -0.17525582015514374, 0.9830584526062012),
            ["LeftUpperArm"] = CFrame.new(0, 1.1920928955078125e-07, 3.5390257835388184e-08, 0.32022717595100403, 0.21092946827411652, -0.9235602021217346, -0.31158071756362915, 0.944109320640564, 0.10758776217699051, 0.8946352005004883, 0.25331100821495056, 0.3680509328842163),
            ["RightLowerArm"] = CFrame.new(-1.7881393432617188e-07, -1.1920928955078125e-07, -1.8998980522155762e-07, 1, -7.450581485102248e-09, 6.426126475389538e-08, -7.450578820566989e-09, 0.9999996423721313, -0.0008780361386016011, 6.519256601222878e-08, 0.0008780212374404073, 0.9999996423721313),
            ["LeftHand"] = CFrame.new(-5.960464477539063e-08, 0, -3.841705620288849e-08, 0.8779276609420776, 0.46992290019989014, 0.09173766523599625, -0.4673314094543457, 0.882707417011261, -0.049285244196653366, -0.10413768887519836, 0.0003969809622503817, 0.9945628643035889),
            ["RightUpperLeg"] = CFrame.new(-5.960464477539063e-08, 2.60770320892334e-08, -7.992639439180493e-08, 0.9544962048530579, -0.2066265344619751, -0.21504071354866028, -0.2975328266620636, -0.708835780620575, -0.6395513415336609, -0.020280277356505394, 0.6744311451911926, -0.7380592823028564),
            ["LeftUpperLeg"] = CFrame.new(2.9802322387695312e-08, 3.4458935260772705e-08, -5.774199962615967e-08, 0.69886314868927, -0.09148814529180527, -0.7093802094459534, -0.6973702907562256, -0.30755916237831116, -0.6473654508590698, -0.15895012021064758, 0.9471205472946167, -0.27874284982681274),
            ["RightLowerLeg"] = CFrame.new(1.2360396794974804e-07, -0.000003635883331298828, -0.000013215634680818766, 1, -1.9313294785661128e-07, -1.7695134602035978e-07, 1.7066480495486758e-07, -0.09566207975149155, 0.9954138994216919, -1.7660198636804125e-07, -0.9954138398170471, -0.09566188603639603),
            ["RightFoot"] = CFrame.new(1.5425030142068863e-08, 3.5762786865234375e-07, -5.75528247281909e-09, 0.9309344291687012, -0.10638803988695145, -0.34934622049331665, 0.26280996203422546, 0.8593850135803223, 0.4386207163333893, 0.2535591423511505, -0.5001389980316162, 0.8279910683631897),
            ["LeftLowerLeg"] = CFrame.new(9.499490261077881e-08, 0.000003993511199951172, 0.00001337006688117981, 1, 1.0430811414607888e-07, 9.685754776000977e-08, -9.685752644372769e-08, 0.5123370289802551, 0.858784556388855, 2.2351736461700966e-08, -0.8587844371795654, 0.5123370289802551),
        }},
        {Time = 0.067, Data = {
            ["LeftFoot"] = CFrame.new(0, 5.960464477539063e-08, 1.4901161193847656e-08, 0.984075129032135, -0.013829117640852928, -0.17721427977085114, 0.1476462334394455, 0.6187357902526855, 0.7716001272201538, 0.09897833317518234, -0.7854774594306946, 0.610924243927002),
            ["LeftLowerArm"] = CFrame.new(-8.940696716308594e-08, 2.384185791015625e-07, 5.085021257400513e-07, 1, -5.960463766996327e-08, 5.5879347371501353e-08, 6.70552182668871e-08, 0.5786920785903931, -0.8155460357666016, 2.9802318834981634e-08, 0.8155460953712463, 0.5786921381950378),
            ["LowerTorso"] = CFrame.new(-0.000013596300050267018, -1.7469072341918945, 0.719314694404602, 0.9990030527114868, 0.017059439793229103, -0.041253842413425446, -0.019768603146076202, 0.9976118803024292, -0.06618040800094604, 0.04002632200717926, 0.06692995876073837, 0.9969545006752014),
            ["Head"] = CFrame.new(9.313225746154785e-08, 1.1920928955078125e-07, -1.424923539161682e-07, 0.9774920344352722, -0.20777374505996704, 0.03659919276833534, 0.20804402232170105, 0.9781125783920288, -0.0036962218582630157, -0.035030148923397064, 0.011227274313569069, 0.9993231892585754),
            ["RightUpperArm"] = CFrame.new(1.1920928955078125e-07, -1.1920928955078125e-07, -2.2724270820617676e-07, 0.48481348156929016, -0.2712431848049164, -0.8314945101737976, 0.24754874408245087, 0.9543758630752563, -0.1669922173023224, 0.8388537168502808, -0.12487517297267914, 0.5298400521278381),
            ["UpperTorso"] = CFrame.new(-5.122274160385132e-09, -5.960464477539063e-08, -4.787580110132694e-08, 0.9935254454612732, 0.11360754072666168, 0.000862681888975203, -0.1132190153002739, 0.9894403219223022, 0.09049524366855621, 0.009427367709577084, -0.0900069996714592, 0.995896577835083),
            ["HumanoidRootPart"] = CFrame.new(0, 0, 0, 1, 0, 0, 0, 1, 0, 0, 0, 1),
            ["RightHand"] = CFrame.new(1.862645149230957e-07, 5.960464477539063e-08, 2.4400651454925537e-07, 0.8457297086715698, -0.5154390335083008, -0.13807222247123718, 0.5309046506881714, 0.8388134241104126, 0.12054991722106934, 0.053680721670389175, -0.17525583505630493, 0.9830583930015564),
            ["LeftUpperArm"] = CFrame.new(5.960464477539063e-08, 1.1920928955078125e-07, -1.1548399925231934e-07, 0.3202718198299408, 0.21095621585845947, -0.9235385656356812, -0.31159812211990356, 0.9441027641296387, 0.1075950339436531, 0.8946130871772766, 0.25331318378448486, 0.3681030571460724),
            ["RightLowerArm"] = CFrame.new(-1.1920928955078125e-07, -4.76837158203125e-07, 6.332993507385254e-08, 1, -6.705523958316917e-08, 8.288771624620495e-08, -1.4901157641133977e-08, 0.9999997019767761, -0.0008778237970545888, 5.5879340266073996e-08, 0.0008777754846960306, 0.9999997019767761),
            ["LeftHand"] = CFrame.new(-1.1920928955078125e-07, 1.7881393432617188e-07, -6.984919309616089e-08, 0.8779276609420776, 0.46992290019989014, 0.09173762798309326, -0.4673314094543457, 0.8827073574066162, -0.049285273998975754, -0.10413766652345657, 0.0003970218822360039, 0.9945628046989441),
            ["RightUpperLeg"] = CFrame.new(-2.9802322387695312e-08, 1.955777406692505e-08, -7.992639439180493e-08, 0.9544538855552673, -0.2067486196756363, -0.2151113897562027, -0.2976716160774231, -0.7087714076042175, -0.6395583152770996, -0.020237017422914505, 0.6744614839553833, -0.7380328178405762),
            ["LeftUpperLeg"] = CFrame.new(2.9802322387695312e-08, 3.725290298461914e-08, 1.30385160446167e-08, 0.6988111734390259, -0.09148932248353958, -0.7094314098358154, -0.6974129676818848, -0.3075883090496063, -0.6473056077957153, -0.158991277217865, 0.9471110105514526, -0.27875202894210815),
            ["RightLowerLeg"] = CFrame.new(-7.168273441493511e-08, -0.000003516674041748047, -0.000013141128874849528, 1, -1.9650913429813954e-07, -1.5669512265503727e-07, 1.5937263242449262e-07, -0.09566226601600647, 0.9954138994216919, -2.4202753934332577e-07, -0.9954138994216919, -0.09566204249858856),
            ["RightFoot"] = CFrame.new(-4.807952791452408e-08, 2.980232238769531e-07, -7.281050784513354e-08, 0.9309461712837219, -0.10639342665672302, -0.34931331872940063, 0.2627882659435272, 0.8594053983688354, 0.43859389424324036, 0.2535383403301239, -0.5001029372215271, 0.8280190825462341),
            ["LeftLowerLeg"] = CFrame.new(-1.6763806343078613e-08, 0.000003993511199951172, 0.00001337192952632904, 1, 1.192093321833454e-07, 7.450580596923828e-08, -1.1920930376163597e-07, 0.5123520493507385, 0.8587756156921387, 7.450581485102248e-09, -0.8587755560874939, 0.5123518705368042),
        }},
        {Time = 0.100, Data = {
            ["LeftFoot"] = CFrame.new(-1.043081283569336e-07, 0, -1.4901161193847656e-08, 0.9840616583824158, -0.013840559870004654, -0.17728860676288605, 0.14771632850170135, 0.6186983585357666, 0.7716167569160461, 0.09900859743356705, -0.7855068445205688, 0.6108816266059875),
            ["LeftLowerArm"] = CFrame.new(-8.940696716308594e-08, 1.7881393432617188e-07, 4.386529326438904e-07, 1, -8.940695295223122e-08, 2.51457130673316e-08, 8.195638656616211e-08, 0.5786921977996826, -0.8155460953712463, 2.2351741790771484e-08, 0.8155460357666016, 0.5786922574043274),
            ["LowerTorso"] = CFrame.new(-0.000030276294637587853, -1.7469072341918945, 0.719314694404602, 0.999006450176239, 0.016887562349438667, -0.041242439299821854, -0.019596485421061516, 0.9976148009300232, -0.06618750840425491, 0.04002631828188896, 0.06692995876073837, 0.9969545006752014),
            ["Head"] = CFrame.new(2.421438694000244e-08, 2.384185791015625e-07, 3.725290298461914e-08, 0.9775471091270447, -0.20751339197158813, 0.03660323843359947, 0.2077835202217102, 0.9781678915023804, -0.003694891231134534, -0.03503736853599548, 0.011217478662729263, 0.9993230104446411),
            ["RightUpperArm"] = CFrame.new(0, 0, -5.21540641784668e-08, 0.4848394989967346, -0.27121981978416443, -0.831486701965332, 0.24746812880039215, 0.9543932676315308, -0.16701169312000275, 0.8388624787330627, -0.12479268014431, 0.52984619140625),
            ["UpperTorso"] = CFrame.new(-7.450580596923828e-09, -8.940696716308594e-08, -1.932494342327118e-08, 0.9935275912284851, 0.11358784139156342, 0.0008622098248451948, -0.11319932341575623, 0.9894426465034485, 0.09049445390701294, 0.009425952099263668, -0.09000633656978607, 0.995896577835083),
            ["HumanoidRootPart"] = CFrame.new(0, 0, 0, 1, 0, 0, 0, 1, 0, 0, 0, 1),
            ["RightHand"] = CFrame.new(1.7881393432617188e-07, 1.1920928955078125e-07, -3.725290298461914e-09, 0.8457297086715698, -0.5154390931129456, -0.13807225227355957, 0.5309045910835266, 0.8388135433197021, 0.12054992467164993, 0.053680676966905594, -0.17525582015514374, 0.9830583930015564),
            ["LeftUpperArm"] = CFrame.new(-1.1920928955078125e-07, 2.384185791015625e-07, 6.51925802230835e-08, 0.3203439712524414, 0.2110002636909485, -0.9235034584999084, -0.3116263449192047, 0.9440920352935791, 0.10760757327079773, 0.8945775032043457, 0.25331658124923706, 0.36818739771842957),
            ["RightLowerArm"] = CFrame.new(1.7881393432617188e-07, -5.960464477539063e-08, 1.7881393432617188e-07, 1, -2.980233659855003e-08, 7.543714986013583e-08, -1.4901159417490817e-08, 0.9999997019767761, -0.0008778946939855814, 8.381902283360887e-09, 0.0008778352639637887, 0.9999996423721313),
            ["LeftHand"] = CFrame.new(1.4901161193847656e-08, -5.960464477539063e-08, 2.0256265997886658e-08, 0.8779275417327881, 0.4699229598045349, 0.09173760563135147, -0.4673314094543457, 0.8827074766159058, -0.049285199493169785, -0.10413769632577896, 0.0003970378020312637, 0.9945628643035889),
            ["RightUpperLeg"] = CFrame.new(-2.9802322387695312e-08, 1.7695128917694092e-08, -5.571200745180249e-08, 0.9543860554695129, -0.20694462954998016, -0.21522347629070282, -0.2978934645652771, -0.7086688876152039, -0.6395685076713562, -0.02016691491007805, 0.6745089292526245, -0.737991213798523),
            ["LeftUpperLeg"] = CFrame.new(-5.960464477539063e-08, 3.818422555923462e-08, 3.5390257835388184e-08, 0.6987295150756836, -0.09148988872766495, -0.7095115780830383, -0.6974794864654541, -0.30763617157936096, -0.6472113132476807, -0.1590580940246582, 0.9470953345298767, -0.2787666916847229),
            ["RightLowerLeg"] = CFrame.new(2.2177118808031082e-08, -0.0000037550926208496094, -0.000013349745131563395, 1, -1.5657856522466318e-07, -2.1769672287064168e-07, 1.703155732002415e-07, -0.0956631675362587, 0.9954138398170471, -2.071028148975529e-07, -0.9954137802124023, -0.09566311538219452),
            ["RightFoot"] = CFrame.new(6.926711648702621e-08, 2.384185791015625e-07, -2.8107024263590574e-08, 0.93096524477005, -0.10640153288841248, -0.349259614944458, 0.26275303959846497, 0.8594375252723694, 0.43855199217796326, 0.2535043954849243, -0.5000459551811218, 0.82806396484375),
            ["LeftLowerLeg"] = CFrame.new(6.984919309616089e-08, 0.000003993511199951172, 0.000013308599591255188, 1, 1.043081283569336e-07, 8.940696716308594e-08, -1.1175870895385742e-07, 0.5123749375343323, 0.8587620258331299, 8.195638656616211e-08, -0.8587619066238403, 0.512374758720398),
        }},
        {Time = 0.133, Data = {
            ["LeftFoot"] = CFrame.new(-2.9802322387695312e-08, -5.960464477539063e-08, 4.470348358154297e-08, 0.984043300151825, -0.013856029137969017, -0.17738938331604004, 0.14781121909618378, 0.6186484694480896, 0.7716386318206787, 0.09904957562685013, -0.785545825958252, 0.6108248233795166),
            ["LeftLowerArm"] = CFrame.new(-1.7881393432617188e-07, 1.1920928955078125e-07, 3.6135315895080566e-07, 1, -5.960463056453591e-08, 2.9802315282267955e-08, 5.960462345910855e-08, 0.5786921977996826, -0.8155460953712463, 2.9802311729554276e-08, 0.8155460953712463, 0.5786922574043274),
            ["LowerTorso"] = CFrame.new(-0.000053263855079421774, -1.7469072341918945, 0.719314694404602, 0.9990109205245972, 0.016658028587698936, -0.041227199137210846, -0.019366631284356117, 0.9976186752319336, -0.0661969929933548, 0.040026307106018066, 0.06692995131015778, 0.9969545006752014),
            ["Head"] = CFrame.new(7.82310962677002e-08, 4.76837158203125e-07, 1.30385160446167e-08, 0.977621853351593, -0.20716039836406708, 0.036608725786209106, 0.20743033289909363, 0.978242814540863, -0.003693086327984929, -0.03504715859889984, 0.011204197071492672, 0.9993228912353516),
            ["RightUpperArm"] = CFrame.new(-1.1920928955078125e-07, 3.5762786865234375e-07, -5.960464477539063e-08, 0.48487240076065063, -0.2711896300315857, -0.8314772844314575, 0.24736084043979645, 0.9544163942337036, -0.1670394092798233, 0.8388750553131104, -0.12468214333057404, 0.5298522710800171),
            ["UpperTorso"] = CFrame.new(-3.725290298461914e-09, -8.940696716308594e-08, -4.173489287495613e-08, 0.9935307502746582, 0.11356065422296524, 0.0008615650003775954, -0.113172248005867, 0.9894458055496216, 0.09049339592456818, 0.009424014016985893, -0.09000546485185623, 0.9958967566490173),
            ["HumanoidRootPart"] = CFrame.new(0, 0, 0, 1, 0, 0, 0, 1, 0, 0, 0, 1),
            ["RightHand"] = CFrame.new(1.1175870895385742e-07, 5.960464477539063e-08, 6.705522537231445e-08, 0.8457297086715698, -0.5154390931129456, -0.138072207570076, 0.5309045910835266, 0.8388134837150574, 0.12054991722106934, 0.05368071794509888, -0.17525580525398254, 0.9830583930015564),
            ["LeftUpperArm"] = CFrame.new(0, 0, 3.166496753692627e-08, 0.32044219970703125, 0.2110612839460373, -0.9234554171562195, -0.31166505813598633, 0.9440771341323853, 0.10762561112642288, 0.8945288062095642, 0.25332099199295044, 0.368302583694458),
            ["RightLowerArm"] = CFrame.new(2.384185791015625e-07, -3.5762786865234375e-07, -1.6391277313232422e-07, 1, 3.725290653733282e-08, 4.563479549801741e-08, 2.9802318834981634e-08, 0.9999996423721313, -0.0008780581410974264, 1.3969836842875338e-08, 0.0008780286880210042, 0.9999996423721313),
            ["LeftHand"] = CFrame.new(-8.940696716308594e-08, 1.1920928955078125e-07, 3.236345946788788e-08, 0.8779276013374329, 0.46992290019989014, 0.09173762798309326, -0.4673314690589905, 0.8827073574066162, -0.04928521439433098, -0.10413771122694016, 0.0003969934768974781, 0.9945628046989441),
            ["RightUpperLeg"] = CFrame.new(0, -7.078051567077637e-08, -7.061316864565015e-08, 0.9542952179908752, -0.20720800757408142, -0.21537281572818756, -0.2981908619403839, -0.7085317969322205, -0.6395819783210754, -0.02007199265062809, 0.6745721697807312, -0.7379360198974609),
            ["LeftUpperLeg"] = CFrame.new(-5.960464477539063e-08, -4.563480615615845e-08, 1.1175870895385742e-08, 0.6986216902732849, -0.09148798137903214, -0.7096177935600281, -0.6975667476654053, -0.3077004551887512, -0.6470869183540344, -0.15914902091026306, 0.9470746517181396, -0.2787851393222809),
            ["RightLowerLeg"] = CFrame.new(-2.0166044123470783e-07, -0.0000037550926208496094, -0.000013290140486788005, 1, -2.2922168341210636e-07, -1.7264392226934433e-07, 2.1141022443771362e-07, -0.09566491097211838, 0.995413601398468, -2.2316817194223404e-07, -0.995413601398468, -0.0956648588180542),
            ["RightFoot"] = CFrame.new(-2.4854671210050583e-08, 2.384185791015625e-07, -6.535992724820971e-08, 0.9309914708137512, -0.1064118891954422, -0.34918737411499023, 0.2627049684524536, 0.8594807982444763, 0.43849611282348633, 0.2534583508968353, -0.499969482421875, 0.8281240463256836),
            ["LeftLowerLeg"] = CFrame.new(2.7939677238464355e-08, 0.000003814697265625, 0.00001337192952632904, 1, 2.980232594040899e-08, 8.940698137394065e-08, -1.266598843585598e-07, 0.5124062895774841, 0.8587433099746704, 5.587936158235607e-08, -0.8587432503700256, 0.5124061703681946),
        }},
        {Time = 0.167, Data = {
            ["LeftFoot"] = CFrame.new(2.9802322387695312e-08, -1.1920928955078125e-07, -1.4901161193847656e-08, 0.9840204119682312, -0.013875752687454224, -0.17751482129096985, 0.14792916178703308, 0.618587076663971, 0.7716652750968933, 0.09910095483064651, -0.7855937480926514, 0.6107547283172607),
            ["LeftLowerArm"] = CFrame.new(-2.086162567138672e-07, 4.76837158203125e-07, 2.7474015951156616e-07, 1, -7.450579886381092e-08, 2.2351745343485163e-08, 5.960463056453591e-08, 0.5786921381950378, -0.8155461549758911, 4.470347292340193e-08, 0.8155460953712463, 0.5786921977996826),
            ["LowerTorso"] = CFrame.new(-0.0000823487134766765, -1.7469072341918945, 0.719314694404602, 0.9990163445472717, 0.01637725718319416, -0.04120856896042824, -0.019085466861724854, 0.9976233243942261, -0.06620859354734421, 0.040026310831308365, 0.06692995131015778, 0.9969545006752014),
            ["Head"] = CFrame.new(2.9802322387695312e-08, 3.5762786865234375e-07, -4.6566128730773926e-09, 0.9777145385742188, -0.2067212611436844, 0.03661554679274559, 0.20699089765548706, 0.978335976600647, -0.003690843004733324, -0.03505932539701462, 0.01118767261505127, 0.9993226528167725),
            ["RightUpperArm"] = CFrame.new(-5.960464477539063e-08, 0, -2.9802322387695312e-08, 0.48491257429122925, -0.2711532413959503, -0.8314659595489502, 0.2472289800643921, 0.9544444680213928, -0.16707386076450348, 0.8388907313346863, -0.12454626709222794, 0.5298590660095215),
            ["UpperTorso"] = CFrame.new(-7.450580596923828e-09, -5.960464477539063e-08, -1.1204974725842476e-07, 0.9935346841812134, 0.11352628469467163, 0.0008607468334957957, -0.11313793063163757, 0.9894499182701111, 0.09049203991889954, 0.00942155160009861, -0.09000436216592789, 0.9958968758583069),
            ["HumanoidRootPart"] = CFrame.new(0, 0, 0, 1, 0, 0, 0, 1, 0, 0, 0, 1),
            ["RightHand"] = CFrame.new(1.7136335372924805e-07, 1.7881393432617188e-07, -2.9802322387695312e-08, 0.8457297086715698, -0.5154390931129456, -0.1380721926689148, 0.5309045314788818, 0.8388135433197021, 0.12054990231990814, 0.053680725395679474, -0.17525582015514374, 0.9830583930015564),
            ["LeftUpperArm"] = CFrame.new(-1.1920928955078125e-07, 0, 2.0489096641540527e-08, 0.32056403160095215, 0.21113890409469604, -0.9233954548835754, -0.3117138147354126, 0.9440582990646362, 0.10764966905117035, 0.8944681882858276, 0.253326416015625, 0.36844608187675476),
            ["RightLowerArm"] = CFrame.new(0, 5.960464477539063e-08, -1.6763806343078613e-07, 1, -2.2351745343485163e-08, 4.190951585769653e-08, -7.450577932388569e-09, 0.9999997019767761, -0.0008780322968959808, 2.0116560506266978e-07, 0.0008780137868598104, 0.9999996423721313),
            ["LeftHand"] = CFrame.new(-2.9802322387695312e-08, -1.7881393432617188e-07, -9.150244295597076e-08, 0.8779275417327881, 0.46992287039756775, 0.09173761308193207, -0.4673314094543457, 0.8827073574066162, -0.0492851659655571, -0.10413775593042374, 0.0003969874233007431, 0.9945628046989441),
            ["RightUpperLeg"] = CFrame.new(0, -1.0244548320770264e-08, -1.4511897461488843e-07, 0.9541836977005005, -0.20753231644630432, -0.21555474400520325, -0.29855555295944214, -0.7083632349967957, -0.6395983695983887, -0.019953709095716476, 0.6746494770050049, -0.73786860704422),
            ["LeftUpperLeg"] = CFrame.new(-5.960464477539063e-08, -1.955777406692505e-08, -1.1548399925231934e-07, 0.6984918713569641, -0.09148132801055908, -0.7097465395927429, -0.6976708173751831, -0.3077791929244995, -0.6469370722770691, -0.15926258265972137, 0.9470497369766235, -0.278805136680603),
            ["RightLowerLeg"] = CFrame.new(2.735760062932968e-08, -0.0000035762786865234375, -0.000013230535842012614, 1, -2.7252821155343554e-07, -2.2968748680796125e-07, 2.4365715489693685e-07, -0.09566574543714523, 0.995413601398468, -2.656596507222275e-07, -0.9954134821891785, -0.09566568583250046),
            ["RightFoot"] = CFrame.new(-7.421476766467094e-08, 4.76837158203125e-07, 1.6596459317952394e-08, 0.9310239553451538, -0.10642348974943161, -0.34909647703170776, 0.2626451551914215, 0.8595330119132996, 0.43842968344688416, 0.2534008026123047, -0.49987727403640747, 0.8281974792480469),
            ["LeftLowerLeg"] = CFrame.new(3.4458935260772705e-08, 0.000003874301910400391, 0.000013357028365135193, 1, 1.4901162614933128e-07, 3.725290653733282e-08, -9.685756197086448e-08, 0.5124471783638, 0.8587190508842468, 6.33299421792799e-08, -0.858718752861023, 0.5124468803405762),
        }},
        {Time = 0.200, Data = {
            ["LeftFoot"] = CFrame.new(1.4901161193847656e-08, 0, 2.9802322387695312e-08, 0.9839932918548584, -0.013899183832108974, -0.17766277492046356, 0.1480686068534851, 0.61851567029953, 0.7716957330703735, 0.09916124492883682, -0.7856496572494507, 0.6106731295585632),
            ["LeftLowerArm"] = CFrame.new(-1.1920928955078125e-07, 2.980232238769531e-07, 1.9278377294540405e-07, 1, -5.960463056453591e-08, 3.259628655882807e-08, 6.705521116145974e-08, 0.5786921381950378, -0.8155461549758911, 3.725289587919178e-08, 0.8155460953712463, 0.5786921381950378),
            ["LowerTorso"] = CFrame.new(-0.0001173206401290372, -1.7469072341918945, 0.719314694404602, 0.9990226030349731, 0.01605164259672165, -0.04118695482611656, -0.01875940151512623, 0.9976286292076111, -0.06622204929590225, 0.04002631455659866, 0.06692995876073837, 0.9969545006752014),
            ["Head"] = CFrame.new(8.754432201385498e-08, 1.1920928955078125e-07, -1.30385160446167e-08, 0.9778236746788025, -0.2062026709318161, 0.03662360459566116, 0.20647196471691132, 0.9784455299377441, -0.0036881982814520597, -0.03507368266582489, 0.011168153025209904, 0.9993223547935486),
            ["RightUpperArm"] = CFrame.new(1.1920928955078125e-07, 1.1920928955078125e-07, -2.0116567611694336e-07, 0.48495805263519287, -0.271111398935318, -0.8314530849456787, 0.2470756471157074, 0.9544770121574402, -0.16711494326591492, 0.8389095664024353, -0.12438803166151047, 0.5298664569854736),
            ["UpperTorso"] = CFrame.new(-6.05359673500061e-09, -5.960464477539063e-08, -5.550100468099117e-08, 0.9935393929481506, 0.1134849563241005, 0.0008597700507380068, -0.1130967065691948, 0.9894546866416931, 0.0904904156923294, 0.009418591856956482, -0.09000302851200104, 0.9958969950675964),
            ["HumanoidRootPart"] = CFrame.new(0, 0, 0, 1, 0, 0, 0, 1, 0, 0, 0, 1),
            ["RightHand"] = CFrame.new(3.0547380447387695e-07, -1.1920928955078125e-07, -1.0989606380462646e-07, 0.8457297086715698, -0.5154390335083008, -0.13807222247123718, 0.5309045910835266, 0.8388135433197021, 0.12054991722106934, 0.0536806657910347, -0.17525577545166016, 0.9830583930015564),
            ["LeftUpperArm"] = CFrame.new(0, 0, 1.30385160446167e-08, 0.3207082152366638, 0.21123282611370087, -0.9233238697052002, -0.3117718994617462, 0.9440357089042664, 0.10767988860607147, 0.894396185874939, 0.25333264470100403, 0.3686164915561676),
            ["RightLowerArm"] = CFrame.new(-8.940696716308594e-08, -3.5762786865234375e-07, 3.725290298461914e-08, 1, -5.96046660916727e-08, 9.126963362859897e-08, -3.7252888773764425e-08, 0.9999997019767761, -0.0008779393974691629, 2.9802311729554276e-08, 0.0008779133786447346, 0.9999997019767761),
            ["LeftHand"] = CFrame.new(-1.1920928955078125e-07, -5.960464477539063e-08, -3.282912075519562e-08, 0.8779276609420776, 0.4699229300022125, 0.09173768013715744, -0.4673313796520233, 0.882707417011261, -0.049285322427749634, -0.10413768142461777, 0.00039693439612165093, 0.9945628643035889),
            ["RightUpperLeg"] = CFrame.new(5.960464477539063e-08, 1.862645149230957e-08, -8.737697498872876e-08, 0.9540536403656006, -0.20791172981262207, -0.21576495468616486, -0.2989802658557892, -0.7081673741340637, -0.639616847038269, -0.019813859835267067, 0.6747382879257202, -0.7377912402153015),
            ["LeftUpperLeg"] = CFrame.new(-5.960464477539063e-08, 4.0046870708465576e-08, -5.774199962615967e-08, 0.6983435153961182, -0.09146890044212341, -0.7098942995071411, -0.6977885961532593, -0.30787140130996704, -0.6467660069465637, -0.1593971997499466, 0.947020947933197, -0.27882593870162964),
            ["RightLowerLeg"] = CFrame.new(3.0850060284137726e-09, -0.0000037550926208496094, -0.0000133199428091757, 1, -2.7427452664596785e-07, -3.0302919640234904e-07, 2.8056089718120347e-07, -0.09566766023635864, 0.9954134225845337, -2.8882638503091584e-07, -0.9954134225845337, -0.09566754847764969),
            ["RightFoot"] = CFrame.new(-3.9814040064811707e-08, 3.5762786865234375e-07, -5.790934665128589e-08, 0.9310626983642578, -0.10643628984689713, -0.3489893078804016, 0.262573778629303, 0.8595936298370361, 0.4383535385131836, 0.2533324062824249, -0.4997701644897461, 0.8282830119132996),
            ["LeftLowerLeg"] = CFrame.new(-4.936009645462036e-08, 0.000003933906555175781, 0.000013424083590507507, 1, 1.0430815677864302e-07, 8.195638656616211e-08, -1.266598843585598e-07, 0.5124963521957397, 0.8586894869804382, 2.2351745343485163e-08, -0.8586893677711487, 0.5124962329864502),
        }},
        {Time = 0.233, Data = {
            ["LeftFoot"] = CFrame.new(-7.450580596923828e-08, 5.960464477539063e-08, 0, 0.9839624166488647, -0.013925852254033089, -0.17783157527446747, 0.14822733402252197, 0.618435800075531, 0.7717292308807373, 0.09923049062490463, -0.785711944103241, 0.610581636428833),
            ["LeftLowerArm"] = CFrame.new(-1.1920928955078125e-07, 1.7881393432617188e-07, 7.264316082000732e-08, 1, -7.450577754752885e-08, -1.862644793959589e-08, 8.195635814445268e-08, 0.5786921977996826, -0.8155461549758911, -2.9802311729554276e-08, 0.8155460357666016, 0.5786921977996826),
            ["LowerTorso"] = CFrame.new(-0.00015796937805134803, -1.7469072341918945, 0.719314694404602, 0.999029278755188, 0.015687596052885056, -0.04116279259324074, -0.018394844606518745, 0.9976344108581543, -0.06623707711696625, 0.04002631455659866, 0.06692996621131897, 0.9969545006752014),
            ["Head"] = CFrame.new(7.450580596923828e-08, 0, -1.862645149230957e-09, 0.9779479503631592, -0.20561116933822632, 0.03663278743624687, 0.2058800607919693, 0.9785703420639038, -0.0036851856857538223, -0.035090040415525436, 0.011145883239805698, 0.9993219971656799),
            ["RightUpperArm"] = CFrame.new(2.384185791015625e-07, 0, -8.940696716308594e-08, 0.48500844836235046, -0.27106472849845886, -0.8314387202262878, 0.24690303206443787, 0.9545134902000427, -0.16716180741786957, 0.8389313220977783, -0.12420995533466339, 0.5298741459846497),
            ["UpperTorso"] = CFrame.new(-3.259629011154175e-09, -2.9802322387695312e-08, -4.036701284348965e-08, 0.99354487657547, 0.11343695223331451, 0.0008586333133280277, -0.11304881423711777, 0.9894603490829468, 0.09048855304718018, 0.0094151571393013, -0.09000147879123688, 0.9958972334861755),
            ["HumanoidRootPart"] = CFrame.new(0, 0, 0, 1, 0, 0, 0, 1, 0, 0, 0, 1),
            ["RightHand"] = CFrame.new(2.384185791015625e-07, 1.1920928955078125e-07, -5.587935447692871e-09, 0.8457297086715698, -0.5154390335083008, -0.13807222247123718, 0.5309045910835266, 0.8388136029243469, 0.12054991722106934, 0.05368071421980858, -0.17525580525398254, 0.9830584526062012),
            ["LeftUpperArm"] = CFrame.new(0, 0, 2.60770320892334e-08, 0.3208726644515991, 0.21134240925312042, -0.9232416749000549, -0.3118390440940857, 0.9440093040466309, 0.1077166348695755, 0.8943138718605042, 0.2533394992351532, 0.36881160736083984),
            ["RightLowerArm"] = CFrame.new(2.384185791015625e-07, -1.7881393432617188e-07, -7.450580596923828e-09, 1, 2.2351745343485163e-08, 1.769513247040777e-08, 1.4901159417490817e-08, 0.9999997019767761, -0.0008779617492109537, 6.23986053938097e-08, 0.0008779653580859303, 0.9999997019767761),
            ["LeftHand"] = CFrame.new(-1.4901161193847656e-08, -1.1920928955078125e-07, 2.2118911147117615e-08, 0.8779276013374329, 0.46992287039756775, 0.09173765033483505, -0.4673313498497009, 0.8827074766159058, -0.04928526282310486, -0.10413770377635956, 0.00039703078800812364, 0.9945628643035889),
            ["RightUpperLeg"] = CFrame.new(-2.9802322387695312e-08, 5.21540641784668e-08, -1.3208045857027173e-07, 0.9539073705673218, -0.20833958685398102, -0.21599869430065155, -0.29945704340934753, -0.7079476714134216, -0.6396371126174927, -0.019654063507914543, 0.6748368740081787, -0.7377052307128906),
            ["LeftUpperLeg"] = CFrame.new(2.9802322387695312e-08, 9.313225746154785e-08, -1.0617077350616455e-07, 0.6981803178787231, -0.09144864976406097, -0.7100573778152466, -0.6979166269302368, -0.30797529220581055, -0.6465784311294556, -0.15955138206481934, 0.946989119052887, -0.27884578704833984),
            ["RightLowerLeg"] = CFrame.new(2.7939677238464355e-09, -0.0000036954879760742188, -0.0000133199428091757, 1, -2.6496135774323193e-07, -2.9441446258715587e-07, 2.677552686236595e-07, -0.09566939622163773, 0.9954132437705994, -2.9942023616058577e-07, -0.9954131841659546, -0.0956692174077034),
            ["RightFoot"] = CFrame.new(-3.3818650990724564e-08, 2.384185791015625e-07, 1.6596459317952394e-08, 0.9311071634292603, -0.10644898563623428, -0.3488668203353882, 0.2624918818473816, 0.8596611022949219, 0.4382703900337219, 0.25325387716293335, -0.4996512830257416, 0.8283785581588745),
            ["LeftLowerLeg"] = CFrame.new(-1.30385160446167e-08, 0.000003874301910400391, 0.000013399869203567505, 1, 7.450583439094771e-08, 6.705523247774181e-08, -1.4156101713069802e-07, 0.5125542879104614, 0.8586551547050476, 4.0978189730367376e-08, -0.8586548566818237, 0.5125538110733032),
        }},
        {Time = 0.267, Data = {
            ["LeftFoot"] = CFrame.new(-4.470348358154297e-08, 0, 0, 0.9839280843734741, -0.013955742120742798, -0.17801928520202637, 0.1484038233757019, 0.6183483004570007, 0.7717653512954712, 0.0993076041340828, -0.7857801914215088, 0.610481321811676),
            ["LeftLowerArm"] = CFrame.new(-1.7881393432617188e-07, 1.7881393432617188e-07, 4.889443516731262e-07, 1, -7.450579886381092e-08, 5.587936335871291e-09, 7.450579175838357e-08, 0.5786920785903931, -0.8155461549758911, 1.4901157641133977e-08, 0.8155460953712463, 0.5786921381950378),
            ["LowerTorso"] = CFrame.new(-0.00020408467389643192, -1.7469072341918945, 0.719314694404602, 0.9990364909172058, 0.015291517600417137, -0.041136484593153, -0.017998209223151207, 0.9976405501365662, -0.06625340133905411, 0.040026307106018066, 0.06692995131015778, 0.9969545006752014),
            ["Head"] = CFrame.new(1.862645149230957e-09, 1.1920928955078125e-07, -4.563480615615845e-08, 0.9780855774879456, -0.20495343208312988, 0.03664300963282585, 0.20522186160087585, 0.9787086248397827, -0.003681849455460906, -0.035108231008052826, 0.011121105402708054, 0.9993216395378113),
            ["RightUpperArm"] = CFrame.new(-1.7881393432617188e-07, 0, -1.1920928955078125e-07, 0.4850624203681946, -0.27101463079452515, -0.8314236402511597, 0.24671489000320435, 0.9545528888702393, -0.16721400618553162, 0.8389555215835571, -0.12401548027992249, 0.5298812985420227),
            ["UpperTorso"] = CFrame.new(-7.450580596923828e-09, -1.4901161193847656e-07, -1.2636883184313774e-07, 0.9935511350631714, 0.11338242143392563, 0.0008573335944674909, -0.11299440264701843, 0.9894668459892273, 0.09048639982938766, 0.009411259554326534, -0.0899997279047966, 0.9958974123001099),
            ["HumanoidRootPart"] = CFrame.new(0, 0, 0, 1, 0, 0, 0, 1, 0, 0, 0, 1),
            ["RightHand"] = CFrame.new(4.023313522338867e-07, 1.1920928955078125e-07, 1.1920928955078125e-07, 0.8457297086715698, -0.5154390335083008, -0.13807222247123718, 0.5309046506881714, 0.8388136029243469, 0.12054991722106934, 0.05368070304393768, -0.17525582015514374, 0.9830583930015564),
            ["LeftUpperArm"] = CFrame.new(0, 0, 3.5390257835388184e-08, 0.32105568051338196, 0.21146753430366516, -0.9231493473052979, -0.31191474199295044, 0.9439793229103088, 0.10776030272245407, 0.8942217230796814, 0.25334689021110535, 0.3690297603607178),
            ["RightLowerArm"] = CFrame.new(0, -2.384185791015625e-07, -2.5331974029541016e-07, 1, -5.960465898624534e-08, 1.4901162970204496e-08, -7.450578820566989e-09, 0.9999996423721313, -0.0008779169293120503, -1.0151413931680509e-07, 0.0008779691997915506, 0.9999996423721313),
            ["LeftHand"] = CFrame.new(-2.9802322387695312e-08, -5.960464477539063e-08, -1.0477378964424133e-08, 0.8779275417327881, 0.46992290019989014, 0.09173764288425446, -0.4673314094543457, 0.882707417011261, -0.04928532615303993, -0.10413769632577896, 0.0003970168181695044, 0.9945628046989441),
            ["RightUpperLeg"] = CFrame.new(5.960464477539063e-08, -2.3283064365386963e-09, -4.0810846257954836e-08, 0.9537472128868103, -0.20880964398384094, -0.21625183522701263, -0.2999782860279083, -0.7077077627182007, -0.6396582722663879, -0.019476279616355896, 0.6749431490898132, -0.7376126646995544),
