return {
    ["Skele Dance"] = {
        {Time = 0.000, Data = {
            ["RightFoot"] = CFrame.new(1.5832483768463135e-07, -5.960464477539063e-08, 3.894820110872388e-08, 0.9569745063781738, 0.18572799861431122, -0.2229456901550293, -0.2077331691980362, 0.9749513864517212, -0.07947874069213867, 0.20259983837604523, 0.12237215787172318, 0.9715855121612549),
            ["LeftLowerArm"] = CFrame.new(0.000001043081283569336, -2.384185791015625e-07, 0.000004785135388374329, 1, 1.955777406692505e-08, -9.313229298868464e-08, -8.568167686462402e-08, 0.07052987813949585, -0.997509777545929, -4.936009645462036e-08, 0.9975097179412842, 0.07052982598543167),
            ["RightUpperArm"] = CFrame.new(-0.037576913833618164, 0.02571392059326172, -0.07816404104232788, 0.7447564601898193, 0.2692735195159912, 0.6105977892875671, 0.5558335781097412, 0.25605058670043945, -0.7908777594566345, -0.36930590867996216, 0.9284018874168396, 0.04102381318807602),
            ["Head"] = CFrame.new(-1.257285475730896e-08, -7.152557373046875e-07, -6.51925802230835e-08, 0.9815419912338257, 0.06085725501179695, -0.18130610883235931, -0.11093777418136597, 0.9534017443656921, -0.28056764602661133, 0.15578289330005646, 0.29550251364707947, 0.9425550103187561),
            ["RightHand"] = CFrame.new(5.662441253662109e-07, 0.0000011324882507324219, -7.003545761108398e-07, 0.9856003522872925, 0.05820055305957794, 0.15875956416130066, -0.03333597257733345, 0.9873510003089905, -0.15500548481941223, -0.1657729148864746, 0.14748115837574005, 0.9750736951828003),
            ["UpperTorso"] = CFrame.new(-7.450580596923828e-09, 5.960464477539063e-08, 3.725290298461914e-09, 0.9972147345542908, 0.012677062302827835, 0.07349961996078491, -0.03763730451464653, 0.9363083243370056, 0.34915634989738464, -0.06439211219549179, -0.3509504795074463, 0.9341775178909302),
            ["HumanoidRootPart"] = CFrame.new(0, 0, 0, 1, 0, 0, 0, 1, 0, 0, 0, 1),
            ["RightUpperLeg"] = CFrame.new(-2.9802322387695312e-08, 1.816079020500183e-07, -8.365168469026685e-08, 0.8871136903762817, -0.4571141302585602, -0.06384412944316864, 0.37961968779563904, 0.8013020157814026, -0.4623895287513733, 0.26252326369285583, 0.3859556317329407, 0.8843753933906555),
            ["LeftUpperArm"] = CFrame.new(0.023437678813934326, 0.0177382230758667, -0.0778975784778595, 0.27324730157852173, 0.946876585483551, -0.1695900708436966, -0.8439438939094543, 0.1513703316450119, -0.5146319270133972, -0.4616217613220215, 0.28374621272087097, 0.8404719829559326),
            ["RightLowerArm"] = CFrame.new(1.4901161193847656e-07, 4.76837158203125e-07, -0.000004103872925043106, 1, -0.00001747161331877578, 0.000008493662789987866, 0.000018984079360961914, 0.77889084815979, -0.6271596550941467, 0.000004332046955823898, 0.6271596550941467, 0.77889084815979),
            ["LeftHand"] = CFrame.new(-0.0000012069940567016602, -0.0000011920928955078125, 2.4400651454925537e-07, 0.9743956327438354, -0.10373786091804504, 0.19947774708271027, 0.09409642219543457, 0.9939157962799072, 0.05724760517477989, -0.20420311391353607, -0.037011630833148956, 0.9782286882400513),
            ["LeftFoot"] = CFrame.new(0, -5.960464477539063e-08, 2.9802322387695312e-08, 0.9857239127159119, -0.1393970102071762, -0.09442993253469467, 0.11304628849029541, 0.9635752439498901, -0.24237030744552612, 0.12477611005306244, 0.22823530435562134, 0.9655774235725403),
            ["LowerTorso"] = CFrame.new(-0.030348461121320724, -0.29198157787323, 0.1963919997215271, 0.9950006008148193, -0.03334323689341545, 0.094138965010643, 0.058077212423086166, 0.9600281119346619, -0.2738124430179596, -0.08124624937772751, 0.27791091799736023, 0.9571648836135864),
            ["RightLowerLeg"] = CFrame.new(1.4901161193847656e-08, -0.0007263422012329102, 0.00004596618964569643, 1, 1.4901166878189542e-07, 0, -1.3411039390121005e-07, 0.3265329599380493, 0.9451858997344971, 1.3038510360274813e-07, -0.9451858997344971, 0.3265327215194702),
            ["LeftUpperLeg"] = CFrame.new(2.9802322387695312e-08, -4.470348358154297e-08, 1.1175870895385742e-08, 0.703401505947113, 0.6400582194328308, 0.30911439657211304, -0.4072814881801605, 0.7193522453308105, -0.5627201795578003, -0.582535982131958, 0.26992183923721313, 0.7666774988174438),
            ["LeftLowerLeg"] = CFrame.new(-3.725290298461914e-08, -0.0007266402244567871, 0.00008093565702438354, 1, 1.4901161193847656e-07, 3.725289587919178e-08, 7.4505797087454084e-09, 0.23380284011363983, 0.9722840785980225, 7.450579886381092e-08, -0.9722840785980225, 0.2338026463985443),
        }},
        {Time = 0.033, Data = {
            ["RightFoot"] = CFrame.new(2.0116567611694336e-07, -1.1920928955078125e-07, 5.3849362302571535e-08, 0.9397656917572021, 0.2166803777217865, -0.26436731219291687, -0.2504073679447174, 0.9628620147705078, -0.10096088796854019, 0.23267310857772827, 0.16107919812202454, 0.9591229557991028),
            ["LeftLowerArm"] = CFrame.new(0.000001430511474609375, -2.384185791015625e-07, 0.000004813075065612793, 1, 4.470347647611561e-08, -6.332994928470725e-08, -6.938353891428051e-08, 0.026174578815698624, -0.999657392501831, -2.2351745343485163e-08, 0.999657392501831, 0.026174454018473625),
            ["RightUpperArm"] = CFrame.new(-0.03463864326477051, 0.024976134300231934, -0.09158147871494293, 0.6741403341293335, 0.3648990988731384, 0.6421708464622498, 0.49709925055503845, 0.4189015328884125, -0.7598777413368225, -0.5462847948074341, 0.831486701965332, 0.10100729763507843),
            ["Head"] = CFrame.new(-1.30385160446167e-08, -9.5367431640625e-07, 1.862645149230957e-08, 0.9670975804328918, 0.08894568681716919, -0.23835064470767975, -0.1443648785352707, 0.9633057713508606, -0.22627617418766022, 0.2094782441854477, 0.25324031710624695, 0.9444512724876404),
            ["RightHand"] = CFrame.new(3.8370490074157715e-07, 0.0000010728836059570312, -8.717179298400879e-07, 0.9872351884841919, 0.05621896684169769, 0.14901724457740784, -0.031939517706632614, 0.9865066409111023, -0.16057561337947845, -0.15603409707546234, 0.15376651287078857, 0.9757097363471985),
            ["UpperTorso"] = CFrame.new(3.725290298461914e-09, -2.384185791015625e-07, 5.541369318962097e-08, 0.9946570992469788, -0.006577444728463888, 0.10302432626485825, -0.03005487471818924, 0.9362889528274536, 0.3499426245689392, -0.09876234084367752, -0.3511693775653839, 0.9310886263847351),
            ["HumanoidRootPart"] = CFrame.new(0, 0, 0, 1, 0, 0, 0, 1, 0, 0, 0, 1),
            ["RightUpperLeg"] = CFrame.new(2.9802322387695312e-08, -3.166496753692627e-07, -1.287116901949048e-08, 0.8672600984573364, -0.49783357977867126, -0.0046570575796067715, 0.4330817461013794, 0.7590057849884033, -0.4861588180065155, 0.24556097388267517, 0.41960930824279785, 0.8738580942153931),
            ["LeftUpperArm"] = CFrame.new(0.02636730670928955, 0.01803755760192871, -0.09124530851840973, 0.48215577006340027, 0.870168149471283, -0.10165195912122726, -0.8745008707046509, 0.4850088059902191, 0.0038715493865311146, 0.05267097428441048, 0.08702806383371353, 0.9948124885559082),
            ["RightLowerArm"] = CFrame.new(8.046627044677734e-07, 4.76837158203125e-07, -0.000004459172487258911, 1, -0.00001853332287282683, 0.000006005168870615307, 0.000018954278857563622, 0.8593571186065674, -0.5113760232925415, 0.000004272908427083166, 0.5113760828971863, 0.8593571186065674),
            ["LeftHand"] = CFrame.new(-0.0000011781230568885803, -0.0000013113021850585938, 3.3527612686157227e-07, 0.9727396368980408, -0.029924022033810616, -0.22996072471141815, -0.0019197084475308657, 0.9905664920806885, -0.13701936602592468, 0.23189190030097961, 0.1337258368730545, 0.9635059833526611),
            ["LeftFoot"] = CFrame.new(-1.4901161193847656e-08, -1.1920928955078125e-07, 1.4901161193847656e-08, 0.9814114570617676, -0.19148887693881989, 0.012794534675776958, 0.18833893537521362, 0.948165774345398, -0.2559496760368347, 0.0368802472949028, 0.2536014914512634, 0.966605544090271),
            ["LowerTorso"] = CFrame.new(-0.03224308416247368, -0.35429930686950684, 0.20816951990127563, 0.9915704727172852, -0.01245906576514244, 0.128968745470047, 0.04389994218945503, 0.9687983989715576, -0.24393169581890106, -0.12190553545951843, 0.24753715097904205, 0.961178719997406),
            ["RightLowerLeg"] = CFrame.new(-1.4156103134155273e-07, -0.0007262825965881348, 0.00004597922816174105, 1, 1.4901169720360485e-07, 4.470350489782504e-08, -1.0430814256778831e-07, 0.17587371170520782, 0.9844127893447876, 1.0430814256778831e-07, -0.9844127297401428, 0.1758737415075302),
            ["LeftUpperLeg"] = CFrame.new(2.9802322387695312e-08, -3.832392394542694e-07, 7.450580596923828e-08, 0.6814823150634766, 0.670668363571167, 0.29289233684539795, -0.3983345925807953, 0.675665020942688, -0.6203275322914124, -0.6139311790466309, 0.3060731589794159, 0.7276042103767395),
            ["LeftLowerLeg"] = CFrame.new(1.1175870895385742e-08, -0.0007265806198120117, 0.00008101202547550201, 1, 1.266598843585598e-07, 5.960463766996327e-08, -1.4901158351676713e-07, 0.2696777880191803, 0.9629507064819336, 4.470347292340193e-08, -0.9629506468772888, 0.2696777880191803),
        }},
        {Time = 0.067, Data = {
            ["RightFoot"] = CFrame.new(2.905726432800293e-07, 0, -5.75528247281909e-09, 0.8853105306625366, 0.37184223532676697, -0.279211163520813, -0.43211713433265686, 0.8796714544296265, -0.19862724840641022, 0.1717560738325119, 0.29649877548217773, 0.9394618272781372),
            ["LeftLowerArm"] = CFrame.new(0.0000012218952178955078, -7.152557373046875e-07, 0.000004842877388000488, 1, 4.8428766774577525e-08, -1.1175870895385742e-07, 7.450580596923828e-09, -0.043312132358551025, -0.9990615844726562, -3.725290298461914e-09, 0.9990615844726562, -0.04331209883093834),
            ["RightUpperArm"] = CFrame.new(-0.03176826238632202, 0.018099069595336914, -0.10139784216880798, 0.6648569107055664, 0.31789106130599976, 0.6759518384933472, 0.40094661712646484, 0.6116390824317932, -0.6820111274719238, -0.630243718624115, 0.7244604229927063, 0.2791951894760132),
            ["Head"] = CFrame.new(-9.313225746154785e-09, -0.0000010728836059570312, 3.725290298461914e-09, 0.9480361342430115, 0.12375091016292572, -0.29310986399650574, -0.17505232989788055, 0.9721628427505493, -0.155743807554245, 0.2656770944595337, 0.1989603042602539, 0.9433082938194275),
            ["RightHand"] = CFrame.new(2.1560117602348328e-07, 0.0000010132789611816406, -0.0000010384246706962585, 0.9863470792770386, 0.05059468001127243, 0.15671485662460327, -0.03397339954972267, 0.993680477142334, -0.10698084533214569, -0.16113725304603577, 0.10019641369581223, 0.9818328022956848),
            ["UpperTorso"] = CFrame.new(-1.4901161193847656e-08, -1.4901161193847656e-07, 5.2619725465774536e-08, 0.991087019443512, -0.023667270317673683, 0.13109712302684784, -0.016324641183018684, 0.9550983309745789, 0.29583922028541565, -0.13221237063407898, -0.29534250497817993, 0.9461991786956787),
            ["HumanoidRootPart"] = CFrame.new(0, 0, 0, 1, 0, 0, 0, 1, 0, 0, 0, 1),
            ["RightUpperLeg"] = CFrame.new(-2.9802322387695312e-08, -7.060589268803596e-08, 2.8107024263590574e-08, 0.8469538688659668, -0.5315017700195312, -0.01322860736399889, 0.46219104528427124, 0.7483478784561157, -0.4757678806781769, 0.2627710700035095, 0.3968391716480255, 0.8794714212417603),
            ["LeftUpperArm"] = CFrame.new(0.02924811840057373, 0.009938955307006836, -0.10084456205368042, 0.47180846333503723, 0.8624936938285828, -0.18303459882736206, -0.7804397940635681, 0.5051175951957703, 0.3684694468975067, 0.41025662422180176, -0.030999518930912018, 0.9114431142807007),
            ["RightLowerArm"] = CFrame.new(1.1920928955078125e-07, 3.5762786865234375e-07, -0.0000037103891372680664, 1, -0.000018522143363952637, 0.000005826355391036486, 0.00001898408299894072, 0.8636474609375, -0.5040963888168335, 0.000004298985913919751, 0.504096269607544, 0.8636474609375),
            ["LeftHand"] = CFrame.new(-0.00000155717134475708, -0.0000011324882507324219, 1.1920928955078125e-07, 0.886584460735321, -0.05069855600595474, -0.4597797095775604, -0.007690886035561562, 0.9922225475311279, -0.12423955649137497, 0.4625028967857361, 0.11368491500616074, 0.8792993426322937),
            ["LeftFoot"] = CFrame.new(4.842877388000488e-08, -1.7881393432617188e-07, -2.9802322387695312e-08, 0.9783951044082642, -0.20574718713760376, 0.02028043381869793, 0.20072607696056366, 0.9218385815620422, -0.331545889377594, 0.04951938986778259, 0.3284538984298706, 0.9432211518287659),
            ["LowerTorso"] = CFrame.new(-0.03675832599401474, -0.42202842235565186, 0.21496662497520447, 0.9863660335540771, -0.0011317651951685548, 0.1645621508359909, 0.029906602576375008, 0.9845580458641052, -0.17248544096946716, -0.1618257462978363, 0.17505526542663574, 0.9711685180664062),
            ["RightLowerLeg"] = CFrame.new(-1.564621925354004e-07, -0.0007265806198120117, 0.00004601648106472567, 1, 1.1920926112907182e-07, 5.960465898624534e-08, -1.192092469182171e-07, 0.1898227483034134, 0.9818183183670044, 1.6391271628890536e-07, -0.981818437576294, 0.18982304632663727),
            ["LeftUpperLeg"] = CFrame.new(2.9802322387695312e-08, 2.1245796233415604e-08, 0, 0.7060828804969788, 0.6632035374641418, 0.24820974469184875, -0.3452213406562805, 0.6284253597259521, -0.69706791639328, -0.6182792782783508, 0.40650054812431335, 0.67267245054245),
            ["LeftLowerLeg"] = CFrame.new(-1.5273690223693848e-07, -0.0007267594337463379, 0.00008111260831356049, 1, 6.70552182668871e-08, 8.940699558479537e-08, -7.450580596923828e-08, 0.22349832952022552, 0.9747043251991272, 8.940696716308594e-08, -0.9747043251991272, 0.22349847853183746),
        }},
        {Time = 0.100, Data = {
            ["RightFoot"] = CFrame.new(3.501772880554199e-07, -5.960464477539063e-08, 4.639878170564771e-08, 0.8257918953895569, 0.4993761479854584, -0.26208993792533875, -0.5600742697715759, 0.7807093262672424, -0.27714595198631287, 0.06621608883142471, 0.3756549060344696, 0.9243911504745483),
            ["LeftLowerArm"] = CFrame.new(0.0000012516975402832031, -3.5762786865234375e-07, 0.0000048857182264328, 1, -5.960465898624534e-08, -7.4505820180093e-08, -7.450581307466564e-08, -0.07345810532569885, -0.9972983598709106, -2.7008358216562556e-08, 0.9972984194755554, -0.07345817238092422),
            ["RightUpperArm"] = CFrame.new(-0.02879965305328369, 0.005000948905944824, -0.10872940719127655, 0.6611490249633789, 0.26022741198539734, 0.7036786675453186, 0.32714104652404785, 0.7440667152404785, -0.5825322866439819, -0.6751746535301208, 0.6153426170349121, 0.40680789947509766),
            ["Head"] = CFrame.new(-2.421438694000244e-08, -8.344650268554688e-07, 3.725290298461914e-08, 0.9258624315261841, 0.16165047883987427, -0.34153759479522705, -0.2001613974571228, 0.9764543175697327, -0.08045253902673721, 0.3204907774925232, 0.14285044372081757, 0.9364184141159058),
            ["RightHand"] = CFrame.new(2.5797635316848755e-07, 0.0000011324882507324219, -7.394701242446899e-07, 0.9890533685684204, 0.025479689240455627, 0.1453419178724289, -0.008404936641454697, 0.9931075572967529, -0.11690477281808853, -0.14731907844543457, 0.11440353095531464, 0.982450544834137),
            ["UpperTorso"] = CFrame.new(-7.450580596923828e-09, -2.980232238769531e-07, 2.7008354663848877e-08, 0.9867864847183228, -0.03790607303380966, 0.1575295478105545, 0.0025164491962641478, 0.975716769695282, 0.21902158856391907, -0.16200663149356842, -0.21573109924793243, 0.9629195332527161),
            ["HumanoidRootPart"] = CFrame.new(0, 0, 0, 1, 0, 0, 0, 1, 0, 0, 0, 1),
            ["RightUpperLeg"] = CFrame.new(-2.9802322387695312e-08, -5.491310730576515e-07, 5.045876605436206e-08, 0.8204153776168823, -0.570240318775177, -0.04176873713731766, 0.484673410654068, 0.7323426008224487, -0.47829505801200867, 0.30333212018013, 0.37215638160705566, 0.8772053122520447),
            ["LeftUpperArm"] = CFrame.new(0.03221088647842407, -0.0024597644805908203, -0.10804706811904907, 0.38055524230003357, 0.8957200646400452, -0.22992008924484253, -0.6302145719528198, 0.43315356969833374, 0.6443662643432617, 0.6767624020576477, -0.10031788796186447, 0.7293345332145691),
            ["RightLowerArm"] = CFrame.new(1.1920928955078125e-07, 6.556510925292969e-07, -0.000003591179847717285, 1, -0.0000191330964298686, 0.0000032410032417828916, 0.00001889467421278823, 0.9242520928382874, -0.38178306818008423, 0.000004276633717381628, 0.38178303837776184, 0.9242520332336426),
            ["LeftHand"] = CFrame.new(-0.0000011995434761047363, -0.0000013113021850585938, 8.940696716308594e-08, 0.7516835331916809, -0.02085944078862667, -0.6591935157775879, -0.11199316382408142, 0.9809468984603882, -0.15874773263931274, 0.6499457955360413, 0.1931532621383667, 0.735025942325592),
            ["LeftFoot"] = CFrame.new(7.078051567077637e-08, -1.7881393432617188e-07, 5.21540641784668e-08, 0.9793189167976379, -0.20218317210674286, 0.0075170621275901794, 0.18847514688968658, 0.8981525897979736, -0.3972392976284027, 0.07356356084346771, 0.39044079184532166, 0.9176842570304871),
            ["LowerTorso"] = CFrame.new(-0.04193861410021782, -0.4877244234085083, 0.21876098215579987, 0.980160653591156, 0.0007491566939279437, 0.19820323586463928, 0.017347481101751328, 0.9958311915397644, -0.08955129981040955, -0.19744400680065155, 0.09121298044919968, 0.9760615825653076),
            ["RightLowerLeg"] = CFrame.new(-1.30385160446167e-07, -0.0007265806198120117, 0.000046150591515470296, 1, 8.195638656616211e-08, 4.470350489782504e-08, -1.1175868053214799e-07, 0.24016159772872925, 0.9707329273223877, 1.5646214990283625e-07, -0.9707329273223877, 0.24016186594963074),
            ["LeftUpperLeg"] = CFrame.new(8.940696716308594e-08, -2.8527574613690376e-07, 1.4901161193847656e-08, 0.7190592885017395, 0.6599288582801819, 0.21782468259334564, -0.2746294140815735, 0.5577653050422668, -0.7832474708557129, -0.6383827328681946, 0.503380298614502, 0.5823023319244385),
            ["LeftLowerLeg"] = CFrame.new(2.7939677238464355e-08, -0.0007262825965881348, 0.0000810716301202774, 1, 1.4156101713069802e-07, 4.470347292340193e-08, -8.940696716308594e-08, 0.14952205121517181, 0.988758385181427, 2.9802322387695312e-08, -0.9887584447860718, 0.14952193200588226),
        }},
        {Time = 0.133, Data = {
            ["RightFoot"] = CFrame.new(1.9371509552001953e-07, 0, -3.55576048605144e-08, 0.8015254735946655, 0.5034456849098206, -0.3226439952850342, -0.5965166091918945, 0.7106815576553345, -0.37296074628829956, 0.041531600058078766, 0.49140024185180664, 0.8699432015419006),
            ["LeftLowerArm"] = CFrame.new(5.364418029785156e-07, -2.384185791015625e-07, 0.000004798173904418945, 1, 0, -4.4703494239684005e-08, -1.0430809993522416e-07, -0.1004076898097992, -0.9949464797973633, -1.0430809993522416e-07, 0.9949464201927185, -0.10040777176618576),
            ["RightUpperArm"] = CFrame.new(-0.026034414768218994, -0.006177306175231934, -0.1147836446762085, 0.6560936570167542, 0.08280426263809204, 0.7501229643821716, 0.28582921624183655, 0.8926495909690857, -0.34853750467300415, -0.6984573602676392, 0.44308048486709595, 0.5619938969612122),
            ["Head"] = CFrame.new(2.2351741790771484e-08, -7.152557373046875e-07, 7.450580596923828e-09, 0.906065046787262, 0.19685567915439606, -0.37455853819847107, -0.21943244338035583, 0.975459098815918, -0.01814272627234459, 0.36179497838020325, 0.09862859547138214, 0.9270258545875549),
            ["RightHand"] = CFrame.new(3.5762786865234375e-07, 0.0000011920928955078125, -9.238719940185547e-07, 0.9904150366783142, 0.02212640456855297, 0.13633935153484344, -0.006056119687855244, 0.9930928349494934, -0.11717458814382553, -0.13799047470092773, 0.11522583663463593, 0.9837082028388977),
            ["UpperTorso"] = CFrame.new(-1.6763806343078613e-08, 4.76837158203125e-07, 4.470348358154297e-08, 0.9836442470550537, -0.04814773425459862, 0.17356808483600616, 0.023638688027858734, 0.9897841215133667, 0.1406010389328003, -0.17856435477733612, -0.1341983526945114, 0.9747335910797119),
            ["HumanoidRootPart"] = CFrame.new(0, 0, 0, 1, 0, 0, 0, 1, 0, 0, 0, 1),
            ["RightUpperLeg"] = CFrame.new(-5.960464477539063e-08, 2.681044861674309e-07, 4.85961209051311e-08, 0.812255322933197, -0.582453191280365, -0.031455472111701965, 0.4789298176765442, 0.6967284679412842, -0.5340374112129211, 0.33296769857406616, 0.41870957612991333, 0.8448755145072937),
            ["LeftUpperArm"] = CFrame.new(0.03496617078781128, -0.012282252311706543, -0.11410614848136902, 0.25932905077934265, 0.9305108189582825, -0.258647084236145, -0.5216308832168579, 0.3603363633155823, 0.7733426094055176, 0.8128035664558411, -0.06563210487365723, 0.5788290500640869),
            ["RightLowerArm"] = CFrame.new(5.960464477539062e-07, 9.5367431640625e-07, -0.000003844499588012695, 1, -0.000019282102584838867, 0.000002078711986541748, 0.000018928198187495582, 0.9455194473266602, -0.3255656361579895, 0.0000043213362914684694, 0.3255656957626343, 0.9455194473266602),
            ["LeftHand"] = CFrame.new(-0.0000015124678611755371, -9.5367431640625e-07, 2.942979335784912e-07, 0.6315057873725891, -0.034904420375823975, -0.7745846509933472, -0.17177796363830566, 0.9678640365600586, -0.18366177380084991, 0.7561037540435791, 0.2490401268005371, 0.6052164435386658),
            ["LeftFoot"] = CFrame.new(7.450580596923828e-08, -1.7881393432617188e-07, 8.940696716308594e-08, 0.978821337223053, -0.20340944826602936, 0.023099351674318314, 0.19442404806613922, 0.8883438110351562, -0.4159862995147705, 0.06409517675638199, 0.41166743636131287, 0.9090774655342102),
            ["LowerTorso"] = CFrame.new(-0.046646300703287125, -0.5437184572219849, 0.2211267352104187, 0.9737908840179443, -0.0055803097784519196, 0.227376788854599, 0.006723045837134123, 0.9999684691429138, -0.0042515709064900875, -0.22734588384628296, 0.005668803583830595, 0.973797619342804),
            ["RightLowerLeg"] = CFrame.new(-3.3527612686157227e-08, -0.0007264018058776855, 0.00004607608570950106, 1, 1.1920928955078125e-07, 1.4901168299275014e-07, -1.1175868053214799e-07, 0.2040274739265442, 0.978965163230896, 1.713633110966839e-07, -0.978965163230896, 0.20402777194976807),
            ["LeftUpperLeg"] = CFrame.new(0, 3.530876711010933e-07, 5.21540641784668e-08, 0.7510361671447754, 0.6393730044364929, 0.1647634357213974, -0.2127513587474823, 0.47057831287384033, -0.8563253283500671, -0.6250452995300293, 0.6080774664878845, 0.489448606967926),
            ["LeftLowerLeg"] = CFrame.new(-4.0978193283081055e-08, -0.0007265210151672363, 0.00008093938231468201, 1, 1.4901154088420299e-07, 4.470348358154297e-08, -1.4156103134155273e-07, 0.06752242147922516, 0.9977177977561951, 2.9802322387695312e-08, -0.9977177381515503, 0.06752252578735352),
        }},
        {Time = 0.167, Data = {
            ["RightFoot"] = CFrame.new(1.6391277313232422e-07, 0, -5.045876605436206e-08, 0.7834022641181946, 0.49470987915992737, -0.3762221038341522, -0.6213056445121765, 0.6390684843063354, -0.4533989131450653, 0.016130870208144188, 0.58894282579422, 0.8080138564109802),
            ["LeftLowerArm"] = CFrame.new(0.0000011324882507324219, -3.5762786865234375e-07, 0.0000050514936447143555, 1, 2.980232594040899e-08, -4.4703494239684005e-08, -2.9802322387695312e-08, -0.12660183012485504, -0.9919537305831909, -2.2351741790771484e-08, 0.9919536709785461, -0.12660175561904907),
            ["RightUpperArm"] = CFrame.new(-0.02523219585418701, -0.009469747543334961, -0.11764925718307495, 0.669070303440094, -0.11455091834068298, 0.7343181371688843, 0.2760860025882721, 0.9556543827056885, -0.10247576981782913, -0.6900156140327454, 0.2712983787059784, 0.671025812625885),
            ["Head"] = CFrame.new(-8.381903171539307e-09, -8.344650268554688e-07, 3.166496753692627e-08, 0.891732931137085, 0.21694520115852356, -0.3971741795539856, -0.2299976348876953, 0.9730736613273621, 0.015124471858143806, 0.3897610306739807, 0.07786192744970322, 0.9176185727119446),
            ["RightHand"] = CFrame.new(5.960464477539063e-08, 7.748603820800781e-07, -8.046627044677734e-07, 0.9904031157493591, 0.044313378632068634, 0.13091246783733368, -0.02909422107040882, 0.9928277730941772, -0.11595987528562546, -0.13511225581169128, 0.11103834956884384, 0.9845889210700989),
            ["UpperTorso"] = CFrame.new(2.2817403078079224e-08, 5.960464477539063e-08, -1.862645149230957e-08, 0.9803924560546875, -0.0552680678665638, 0.18914559483528137, 0.037954915314912796, 0.9948518872261047, 0.09396366775035858, -0.19336508214473724, -0.08494207262992859, 0.9774430394172668),
            ["HumanoidRootPart"] = CFrame.new(0, 0, 0, 1, 0, 0, 0, 1, 0, 0, 0, 1),
            ["RightUpperLeg"] = CFrame.new(1.1920928955078125e-07, -3.962777554988861e-07, -6.875052349641919e-08, 0.8097605109214783, -0.5863240957260132, -0.022627411410212517, 0.47490763664245605, 0.677558183670044, -0.5615851879119873, 0.34460216760635376, 0.44400328397750854, 0.8271095156669617),
            ["LeftUpperArm"] = CFrame.new(0.03578746318817139, -0.017975330352783203, -0.11661574244499207, 0.14275214076042175, 0.9550848007202148, -0.25968238711357117, -0.439376562833786, 0.29625093936920166, 0.8480469584465027, 0.8868879675865173, -0.00696216244250536, 0.46193230152130127),
            ["RightLowerArm"] = CFrame.new(0, 3.5762786865234375e-07, -0.0000037178397178649902, 1, -0.000019349159629200585, 0.00000144913815347536, 0.000018939379515359178, 0.9564955830574036, -0.2917468845844269, 0.000004297588930057827, 0.2917468547821045, 0.9564956426620483),
            ["LeftHand"] = CFrame.new(-0.0000013969838619232178, -0.0000013113021850585938, 4.3213367462158203e-07, 0.3499169647693634, -0.21227994561195374, -0.9124115705490112, -0.28293126821517944, 0.9045528173446655, -0.3189582824707031, 0.8930330872535706, 0.36975863575935364, 0.256458044052124),
            ["LeftFoot"] = CFrame.new(7.450580596923828e-09, -5.960464477539063e-08, 3.725290298461914e-08, 0.976856529712677, -0.2103784680366516, 0.038631342351436615, 0.20606832206249237, 0.8772196173667908, -0.43361470103263855, 0.057334885001182556, 0.43154004216194153, 0.9002699255943298),
            ["LowerTorso"] = CFrame.new(-0.049279093742370605, -0.5946049690246582, 0.22173994779586792, 0.9702218174934387, -0.01220010593533516, 0.24191077053546906, 0.0014115433441475034, 0.9989985823631287, 0.044720523059368134, -0.24221409857273102, -0.04304736480116844, 0.9692673683166504),
            ["RightLowerLeg"] = CFrame.new(1.2665987014770508e-07, -0.0007264614105224609, 0.000046090986870694906, 1, 1.043081283569336e-07, 5.960468030252741e-08, -1.1175869474300271e-07, 0.17990055680274963, 0.983684778213501, 1.341104365337742e-07, -0.9836848378181458, 0.17990079522132874),
            ["LeftUpperLeg"] = CFrame.new(2.9802322387695312e-08, -5.3085386753082275e-08, -5.21540641784668e-08, 0.7701515555381775, 0.6269382834434509, 0.11753726005554199, -0.18596060574054718, 0.39694684743881226, -0.8988059759140015, -0.6101518273353577, 0.6703593730926514, 0.42229482531547546),
            ["LeftLowerLeg"] = CFrame.new(5.587935447692871e-08, -0.0007265806198120117, 0.00008108094334602356, 1, 1.1920926112907182e-07, -1.4901159417490817e-08, -5.960464477539063e-08, -0.006573452148586512, 0.9999784231185913, 7.450580596923828e-08, -0.9999784231185913, -0.006573452614247799),
        }},
        {Time = 0.200, Data = {
            ["RightFoot"] = CFrame.new(1.1175870895385742e-08, -5.960464477539063e-08, -8.77116690389812e-08, 0.781383216381073, 0.4996708035469055, -0.3738571107387543, -0.6239606738090515, 0.615337610244751, -0.4816978871822357, -0.010642074048519135, 0.6096629500389099, 0.7925894260406494),
            ["LeftLowerArm"] = CFrame.new(0.0000011324882507324219, -3.5762786865234375e-07, 0.000004686415195465088, 1, -1.4901162970204496e-08, -8.940700979565008e-08, -3.725289943190546e-08, -0.12893210351467133, -0.9916534423828125, -2.2351738238057806e-08, 0.9916534423828125, -0.1289321482181549),
            ["RightUpperArm"] = CFrame.new(-0.02606832981109619, -0.006213665008544922, -0.11989140510559082, 0.7287064790725708, -0.2542452812194824, 0.6358823776245117, 0.3377434313297272, 0.9411770701408386, -0.010734557174146175, -0.5957484841346741, 0.22258742153644562, 0.7717112898826599),
            ["Head"] = CFrame.new(-4.516914486885071e-08, -7.152557373046875e-07, -1.5832483768463135e-08, 0.8959724307060242, 0.18750089406967163, -0.40258800983428955, -0.20011675357818604, 0.9797112345695496, 0.010923253372311592, 0.3964679539203644, 0.07077756524085999, 0.9153161644935608),
            ["RightHand"] = CFrame.new(3.2782554626464844e-07, 0.0000011324882507324219, -7.897615432739258e-07, 0.9780228137969971, 0.1271517127752304, 0.16523844003677368, -0.11785648763179779, 0.9909055829048157, -0.06493032723665237, -0.17199185490608215, 0.04402900114655495, 0.9841140508651733),
            ["UpperTorso"] = CFrame.new(-1.5366822481155396e-08, 0, -2.514570951461792e-08, 0.9749523401260376, -0.06273923069238663, 0.21338169276714325, 0.04149603098630905, 0.993854820728302, 0.10261884331703186, -0.21850858628749847, -0.0911940261721611, 0.971564531326294),
            ["HumanoidRootPart"] = CFrame.new(0, 0, 0, 1, 0, 0, 0, 1, 0, 0, 0, 1),
            ["RightUpperLeg"] = CFrame.new(8.940696716308594e-08, 4.936009645462036e-08, -3.149762051180005e-08, 0.8135749697685242, -0.5809521079063416, 0.02429976500570774, 0.4806613326072693, 0.6484338641166687, -0.5903374552726746, 0.32720091938972473, 0.49196359515190125, 0.8067907691001892),
            ["LeftUpperArm"] = CFrame.new(0.03497576713562012, -0.01702594757080078, -0.11858311295509338, 0.12285076826810837, 0.9537543058395386, -0.27433645725250244, -0.37736740708351135, 0.3005598187446594, 0.875932514667511, 0.9178788065910339, -0.0040834019891917706, 0.3968396782875061),
            ["RightLowerArm"] = CFrame.new(2.086162567138672e-07, 1.1920928955078125e-07, -0.0000040531158447265625, 1, -0.000019387342035770416, 0.0000011362136547177215, 0.000018902130250353366, 0.9607731699943542, -0.27733543515205383, 0.000004310162239562487, 0.27733543515205383, 0.960773229598999),
            ["LeftHand"] = CFrame.new(-0.000001430511474609375, -0.0000011324882507324219, 4.0605664253234863e-07, 0.1996116191148758, -0.25838616490364075, -0.9451939463615417, -0.29398778080940247, 0.9043760895729065, -0.30931439995765686, 0.9347333908081055, 0.33961841464042664, 0.10456186532974243),
            ["LeftFoot"] = CFrame.new(-2.9802322387695312e-08, -1.7881393432617188e-07, 2.2351741790771484e-08, 0.9719010591506958, -0.2323903739452362, 0.037458814680576324, 0.2241867184638977, 0.8653385639190674, -0.4482519030570984, 0.07175485044717789, 0.4440539479255676, 0.8931220769882202),
            ["LowerTorso"] = CFrame.new(-0.03552979230880737, -0.6397037506103516, 0.21830269694328308, 0.9753034114837646, -0.011250668205320835, 0.2205827534198761, 0.0014105932787060738, 0.9989987015724182, 0.04471632465720177, -0.22086495161056519, -0.043300822377204895, 0.9743427634239197),
            ["RightLowerLeg"] = CFrame.new(-1.601874828338623e-07, -0.0007261037826538086, 0.000046031382225919515, 1, 1.5646224937881925e-07, 8.195643630415361e-08, -8.195639367158947e-08, 0.09867742657661438, 0.9951194524765015, 1.6391278734317893e-07, -0.9951194524765015, 0.09867755323648453),
            ["LeftUpperLeg"] = CFrame.new(-1.1920928955078125e-07, 8.149072527885437e-08, -7.450580596923828e-09, 0.7522540092468262, 0.6533952355384827, 0.08478596806526184, -0.20728148519992828, 0.3568407893180847, -0.9108782410621643, -0.6254186630249023, 0.6676371693611145, 0.4038715362548828),
            ["LeftLowerLeg"] = CFrame.new(5.21540641784668e-08, -0.0007267594337463379, 0.00008095800876617432, 1, 1.192093321833454e-07, 8.940695295223122e-08, -1.1920930376163597e-07, -0.06644267588853836, 0.9977902173995972, 1.0430814256778831e-07, -0.9977903366088867, -0.06644275039434433),
        }},
        {Time = 0.233, Data = {
            ["RightFoot"] = CFrame.new(2.5331974029541016e-07, -1.7881393432617188e-07, -4.300818545743823e-08, 0.786723256111145, 0.49236831068992615, -0.37234416604042053, -0.616690993309021, 0.5999531745910645, -0.5096550583839417, -0.027549084275960922, 0.6305788159370422, 0.7756362557411194),
            ["LeftLowerArm"] = CFrame.new(0.0000012516975402832031, -2.980232238769531e-07, 0.000004827976226806641, 1, 0, -6.705523247774181e-08, -1.862645326866641e-08, -0.12045229971408844, -0.9927191734313965, -5.2154071283894154e-08, 0.9927191734313965, -0.12045226991176605),
            ["RightUpperArm"] = CFrame.new(-0.025675952434539795, -0.004813671112060547, -0.12309503555297852, 0.8040844202041626, -0.36877697706222534, 0.46631744503974915, 0.43134841322898865, 0.9016619920730591, -0.030726727098226547, -0.4091293513774872, 0.22585219144821167, 0.8840836882591248),
            ["Head"] = CFrame.new(-1.5832483768463135e-08, -0.0000010728836059570312, -3.4458935260772705e-08, 0.9126797318458557, 0.1119537428021431, -0.39304229617118835, -0.12140844762325287, 0.9926024079322815, 0.0008103166474029422, 0.39022549986839294, 0.046979062259197235, 0.9195200800895691),
            ["RightHand"] = CFrame.new(0, 8.344650268554688e-07, -6.631016731262207e-07, 0.9389143586158752, 0.21820791065692902, 0.2661295533180237, -0.22995740175247192, 0.9731082916259766, 0.013415194116532803, -0.25604578852653503, -0.07379408180713654, 0.9638440012931824),
            ["UpperTorso"] = CFrame.new(-2.3283064365386963e-09, 1.1920928955078125e-07, -5.820766091346741e-09, 0.9667949080467224, -0.07638239860534668, 0.24387173354625702, 0.04923965409398079, 0.9920834898948669, 0.11552435904741287, -0.25076520442962646, -0.09968024492263794, 0.962902307510376),
            ["HumanoidRootPart"] = CFrame.new(0, 0, 0, 1, 0, 0, 0, 1, 0, 0, 0, 1),
            ["RightUpperLeg"] = CFrame.new(2.9802322387695312e-08, -4.190951585769653e-08, -5.420588422566652e-09, 0.8289565443992615, -0.5535348653793335, 0.08018871396780014, 0.4747195839881897, 0.6204999685287476, -0.6241967678070068, 0.29575762152671814, 0.5554988384246826, 0.7771410942077637),
            ["LeftUpperArm"] = CFrame.new(0.03533583879470825, -0.012386918067932129, -0.12218564748764038, 0.1365354061126709, 0.955241322517395, -0.2624353766441345, -0.3475342094898224, 0.29426684975624084, 0.8902959227561951, 0.9276734590530396, -0.030351635068655014, 0.3721570074558258),
            ["RightLowerArm"] = CFrame.new(2.384185791015625e-07, 7.152557373046875e-07, -0.0000039637088775634766, 1, -0.00001938269087986555, 0.000001069158429345407, 0.00001890957537398208, 0.9616744518280029, -0.27419403195381165, 0.0000042244796532031614, 0.27419406175613403, 0.9616743922233582),
            ["LeftHand"] = CFrame.new(-0.0000015459954738616943, -0.0000013709068298339844, 3.1478703022003174e-07, 0.12225799262523651, -0.27196335792541504, -0.9545097351074219, -0.32212603092193604, 0.8987880349159241, -0.2973465323448181, 0.9387693405151367, 0.34382569789886475, 0.022277632728219032),
            ["LeftFoot"] = CFrame.new(0, -1.7881393432617188e-07, 7.450580596923828e-09, 0.9626611471176147, -0.2682272791862488, 0.03657527640461922, 0.254545658826828, 0.8508949875831604, -0.45954787731170654, 0.09214156866073608, 0.45169878005981445, 0.8873996734619141),
            ["LowerTorso"] = CFrame.new(-0.008018404245376587, -0.6754130125045776, 0.2112814337015152, 0.9840471148490906, -0.009339237585663795, 0.17766278982162476, 0.0014059579698368907, 0.9989982843399048, 0.04472716897726059, -0.17790253460407257, -0.04376385360956192, 0.9830744862556458),
            ["RightLowerLeg"] = CFrame.new(-4.470348358154297e-08, -0.000726163387298584, 0.000046090986870694906, 1, 1.4901162614933128e-07, 2.235175244891252e-08, -5.960465188081798e-08, 0.020034270361065865, 0.999799370765686, 1.8626454334480513e-07, -0.999799370765686, 0.020034411922097206),
            ["LeftUpperLeg"] = CFrame.new(-8.940696716308594e-08, -1.909211277961731e-08, -4.470348358154297e-08, 0.7162684798240662, 0.6951825022697449, 0.0606694370508194, -0.24196143448352814, 0.32896360754966736, -0.9128186702728271, -0.6545335650444031, 0.6391435265541077, 0.40383341908454895),
            ["LeftLowerLeg"] = CFrame.new(2.9802322387695312e-08, -0.0007263422012329102, 0.00008102506399154663, 1, 2.9802318834981634e-08, 1.043081283569336e-07, -8.195639367158947e-08, -0.10340358316898346, 0.99463951587677, 1.3411046495548362e-07, -0.99463951587677, -0.10340369492769241),
        }},
        {Time = 0.267, Data = {
            ["RightFoot"] = CFrame.new(1.0803341865539551e-07, 0, -7.281050784513354e-08, 0.7959110140800476, 0.47810599207878113, -0.3714038133621216, -0.6043266654014587, 0.5906704664230347, -0.5346936583518982, -0.03626309707760811, 0.6500178575515747, 0.7590532898902893),
            ["LeftLowerArm"] = CFrame.new(0.0000013113021850585938, -4.76837158203125e-07, 0.000004857778549194336, 1, 8.940695295223122e-08, -7.450580596923828e-08, -2.2351745343485163e-08, -0.11219106614589691, -0.9936866760253906, -2.2351745343485163e-08, 0.9936866760253906, -0.11219099164009094),
            ["RightUpperArm"] = CFrame.new(-0.026157617568969727, -0.0036208629608154297, -0.12476515769958496, 0.849938154220581, -0.4730466604232788, 0.2320178598165512, 0.5049278140068054, 0.8570886254310608, -0.10220993310213089, -0.15050967037677765, 0.2040242701768875, 0.9673266410827637),
            ["Head"] = CFrame.new(-1.5832483768463135e-08, -7.152557373046875e-07, 1.4901161193847656e-08, 0.9234336614608765, 0.016177786514163017, -0.3834170997142792, -0.018863050267100334, 0.99981689453125, -0.0032445816323161125, 0.38329434394836426, 0.010228429920971394, 0.9235696196556091),
            ["RightHand"] = CFrame.new(7.152557373046875e-07, 0.0000011920928955078125, -6.407499313354492e-07, 0.872647225856781, 0.2839294373989105, 0.39732930064201355, -0.3419402241706848, 0.9361338019371033, 0.0820404440164566, -0.3486599624156952, -0.20745527744293213, 0.9140016436576843),
            ["UpperTorso"] = CFrame.new(-6.51925802230835e-09, 1.4901161193847656e-07, 2.0256265997886658e-08, 0.9547134041786194, -0.09582437574863434, 0.2816736102104187, 0.06279521435499191, 0.9902867674827576, 0.12405196577310562, -0.2908249795436859, -0.100746288895607, 0.9514574408531189),
            ["HumanoidRootPart"] = CFrame.new(0, 0, 0, 1, 0, 0, 0, 1, 0, 0, 0, 1),
            ["RightUpperLeg"] = CFrame.new(0, -3.3318065106868744e-07, -2.4047039914876223e-08, 0.8483908176422119, -0.5125337839126587, 0.1324465572834015, 0.4620581567287445, 0.5948659181594849, -0.6577516198158264, 0.2583320438861847, 0.6192282438278198, 0.7414990067481995),
            ["LeftUpperArm"] = CFrame.new(0.03483206033706665, -0.007927417755126953, -0.12425553798675537, 0.14208656549453735, 0.9561251997947693, -0.2561952471733093, -0.3324478566646576, 0.2898815870285034, 0.8974670767784119, 0.9323571920394897, -0.042346395552158356, 0.3590499758720398),
            ["RightLowerArm"] = CFrame.new(1.7881393432617188e-07, 7.152557373046875e-07, -0.0000037848949432373047, 1, -0.000019311906726215966, 0.0000010132790748684783, 0.00001889467421278823, 0.9622973203659058, -0.27199968695640564, 0.000004291534878575476, 0.2719997465610504, 0.9622974395751953),
            ["LeftHand"] = CFrame.new(-0.00000155717134475708, -0.0000011920928955078125, 1.2852251529693604e-07, 0.10139483958482742, -0.2556033134460449, -0.961449921131134, -0.33028340339660645, 0.9029673337936401, -0.2748875319957733, 0.9384199976921082, 0.3454231023788452, 0.007134759332984686),
            ["LeftFoot"] = CFrame.new(4.470348358154297e-08, -1.1920928955078125e-07, -3.725290298461914e-08, 0.9501537680625916, -0.30980628728866577, 0.035042986273765564, 0.28995397686958313, 0.8367193937301636, -0.464572012424469, 0.1146063506603241, 0.45157599449157715, 0.8848417401313782),
