return {
    ["Slalom Style"] = {
        {Time = 0.000, Data = {
            ["RightFoot"] = CFrame.new(0, 1.7881393432617188e-07, 1.6596459317952394e-08, 0.9850687980651855, -0.0769810676574707, 0.1539917290210724, 0.11145841330289841, 0.9668709635734558, -0.22964611649513245, -0.13121189177036285, 0.2433812916278839, 0.9610146880149841),
            ["LeftLowerArm"] = CFrame.new(-4.76837158203125e-07, 4.172325134277344e-07, 5.960464477539063e-08, 1, -1.378357268322361e-07, 1.0617075929530984e-07, 8.195639367158947e-08, -0.038872722536325455, -0.999244213104248, 7.823110337312755e-08, 0.9992441534996033, -0.038872696459293365),
            ["RightUpperArm"] = CFrame.new(1.1920928955078125e-07, 0, 4.3213367462158203e-07, 0.8137302994728088, -0.5783611536026001, -0.05780523270368576, 0.05671452730894089, 0.17798219621181488, -0.9823980331420898, 0.5784690380096436, 0.7961285710334778, 0.17763100564479828),
            ["Head"] = CFrame.new(-2.3283064365386963e-07, 7.152557373046875e-07, -2.2351741790771484e-08, 0.9236966371536255, 0.37755265831947327, 0.06510431319475174, -0.28324249386787415, 0.7873808741569519, -0.5475447773933411, -0.25798872113227844, 0.4873247742652893, 0.8342399001121521),
            ["RightHand"] = CFrame.new(-1.1920928955078125e-07, 4.172325134277344e-07, 0, 0.9932258129119873, 0.10877137631177902, 0.040881797671318054, -0.07863035053014755, 0.8881646990776062, -0.4527481198310852, -0.08555581420660019, 0.44646644592285156, 0.8907007575035095),
            ["UpperTorso"] = CFrame.new(-1.4435499906539917e-08, 1.1920928955078125e-07, -6.100162863731384e-08, 0.9955543279647827, -0.030287502333521843, -0.0891871303319931, 0.04947529733181, 0.9738955497741699, 0.2215394824743271, 0.08014906197786331, -0.22496706247329712, 0.9710643887519836),
            ["HumanoidRootPart"] = CFrame.new(0, 0, 0, 1, 0, 0, 0, 1, 0, 0, 0, 1),
            ["RightUpperLeg"] = CFrame.new(1.1920928955078125e-07, 4.470348358154297e-08, -1.6952981241047382e-09, 0.9390245676040649, 0.2255362719297409, -0.259550541639328, -0.34345173835754395, 0.6515372395515442, -0.6764170527458191, 0.016550300642848015, 0.7243152856826782, 0.6892701983451843),
            ["LeftUpperArm"] = CFrame.new(1.1920928955078125e-07, 4.76837158203125e-07, -1.4901161193847656e-07, 0.7721614241600037, 0.47191089391708374, -0.4255196154117584, -0.5039860606193542, 0.04699304699897766, -0.8624326586723328, -0.38699468970298767, 0.8803930282592773, 0.27412259578704834),
            ["RightLowerArm"] = CFrame.new(-5.364418029785156e-07, 4.76837158203125e-07, 0.0000010132789611816406, 1, -6.705524668859653e-08, 7.450583439094771e-08, 1.0430816388407038e-07, 0.026019567623734474, -0.9996615052223206, 1.192093321833454e-07, 0.9996614456176758, 0.026019522920250893),
            ["LeftHand"] = CFrame.new(7.078051567077637e-07, 4.76837158203125e-07, 9.834766387939453e-07, 0.9808420538902283, 0.13722927868366241, 0.1382647305727005, -0.03237887844443321, 0.8147305250167847, -0.5789350867271423, -0.19209536910057068, 0.5633670687675476, 0.803565263748169),
            ["LeftFoot"] = CFrame.new(-1.862645149230957e-09, -5.960464477539063e-08, -7.450580596923828e-09, 0.9692490100860596, -0.1287141591310501, 0.20973634719848633, 0.21711134910583496, 0.84849613904953, -0.4826142191886902, -0.11584112793207169, 0.513309895992279, 0.8503495454788208),
            ["LowerTorso"] = CFrame.new(0.14608877897262573, -0.16192078590393066, 0.10289078205823898, 0.9706530570983887, -0.22643274068832397, -0.08099964261054993, 0.2386651188135147, 0.8656719923019409, 0.4400579631328583, -0.029524395242333412, -0.4464753270149231, 0.8943088054656982),
            ["RightLowerLeg"] = CFrame.new(-1.2479722499847412e-07, -0.0000036954879760742188, -0.000013312492228578776, 1, -7.82310962677002e-08, -4.097820749393577e-08, 1.0151416063308716e-07, 0.7725821137428284, 0.6349141597747803, -4.470348358154297e-08, -0.6349149346351624, 0.7725827693939209),
            ["LeftUpperLeg"] = CFrame.new(-2.980232238769531e-07, 3.762543201446533e-07, -2.1792948246002197e-07, 0.8875582218170166, 0.13008779287338257, -0.4419478178024292, -0.45148777961730957, 0.4364500343799591, -0.7782482504844666, 0.0916474387049675, 0.8902744650840759, 0.4461074471473694),
            ["LeftLowerLeg"] = CFrame.new(-3.725290298461914e-08, 0.000003993511199951172, 0.000013366341590881348, 1, 8.195637946073475e-08, 3.7252917195473856e-08, -9.685756197086448e-08, 0.3340086340904236, 0.9425698518753052, 7.450581485102248e-09, -0.9425700902938843, 0.33400917053222656),
        }},
        {Time = 0.033, Data = {
            ["RightFoot"] = CFrame.new(2.0489096641540527e-08, 5.364418029785156e-07, 4.267349140718579e-08, 0.9855532646179199, -0.07505427300930023, 0.15182749927043915, 0.13206803798675537, 0.9017904996871948, -0.41149893403053284, -0.10603197664022446, 0.42560654878616333, 0.898675262928009),
            ["LeftLowerArm"] = CFrame.new(-9.238719940185547e-07, -1.7881393432617188e-07, 1.7881393432617188e-07, 1, -7.450580596923828e-08, 1.1920926112907182e-07, 8.195641498787154e-08, 0.08497690409421921, -0.9963829517364502, 1.192093321833454e-07, 0.996383011341095, 0.08497690409421921),
            ["RightUpperArm"] = CFrame.new(0, -7.152557373046875e-07, -1.4901161193847656e-08, 0.8555712699890137, -0.5165102481842041, -0.03486050292849541, 0.17829659581184387, 0.35721853375434875, -0.9168452024459839, 0.48601263761520386, 0.7782108187675476, 0.39771807193756104),
            ["Head"] = CFrame.new(-6.426125764846802e-08, 1.1920928955078125e-07, -3.7997961044311523e-07, 0.947614312171936, 0.3171265423297882, 0.03818393126130104, -0.2493113875389099, 0.8090577125549316, -0.532230794429779, -0.199677512049675, 0.49482959508895874, 0.8457378149032593),
            ["RightHand"] = CFrame.new(-5.960464477539063e-08, 1.7881393432617188e-07, 3.5762786865234375e-07, 0.9929108619689941, 0.11289127171039581, 0.0371972881257534, -0.07963215559720993, 0.8641259074211121, -0.4969358444213867, -0.08824295550584793, 0.4904508590698242, 0.8669897317886353),
            ["UpperTorso"] = CFrame.new(-2.6309862732887268e-08, -2.9802322387695312e-08, 2.3283064365386963e-08, 0.9966529011726379, -0.03208732604980469, -0.07518959790468216, 0.04679557681083679, 0.9780836701393127, 0.20288540422916412, 0.06703170388936996, -0.2057248204946518, 0.9763115048408508),
            ["HumanoidRootPart"] = CFrame.new(0, 0, 0, 1, 0, 0, 0, 1, 0, 0, 0, 1),
            ["RightUpperLeg"] = CFrame.new(2.384185791015625e-07, -1.825392246246338e-07, 1.4731631381437182e-07, 0.9465020298957825, 0.18392102420330048, -0.2651548981666565, -0.3219928443431854, 0.592570960521698, -0.7383636832237244, 0.021322602406144142, 0.784240186214447, 0.6200903058052063),
            ["LeftUpperArm"] = CFrame.new(1.7881393432617188e-07, 3.5762786865234375e-07, -5.364418029785156e-07, 0.7873292565345764, 0.44355008006095886, -0.42822423577308655, -0.5575891733169556, 0.2159023880958557, -0.8015488982200623, -0.26307228207588196, 0.8698559999465942, 0.4173051714897156),
            ["RightLowerArm"] = CFrame.new(-9.5367431640625e-07, -1.7881393432617188e-07, 4.470348358154297e-07, 1, -9.685754776000977e-08, 7.078051567077637e-08, 1.1920926112907182e-07, 0.22626236081123352, -0.9740663766860962, 5.960463056453591e-08, 0.9740663766860962, 0.22626236081123352),
            ["LeftHand"] = CFrame.new(3.2782554626464844e-07, 4.76837158203125e-07, 5.960464477539062e-07, 0.9566954374313354, 0.1309070736169815, 0.25999483466148376, 0.04563362896442413, 0.8146827816963196, -0.5781087279319763, -0.2874917984008789, 0.5649383664131165, 0.7734294533729553),
            ["LeftFoot"] = CFrame.new(2.60770320892334e-08, 5.960464477539063e-08, -7.450580596923828e-09, 0.9717949628829956, -0.08616573363542557, 0.21952274441719055, 0.20171786844730377, 0.7859284281730652, -0.5844875574111938, -0.12216652184724808, 0.6122843027114868, 0.7811428308486938),
            ["LowerTorso"] = CFrame.new(0.1463635265827179, -0.2499680519104004, 0.06987878680229187, 0.9761642813682556, -0.20537656545639038, -0.07016967236995697, 0.2149990051984787, 0.8709191083908081, 0.44189971685409546, -0.029643716290593147, -0.4464530646800995, 0.8943159580230713),
            ["RightLowerLeg"] = CFrame.new(-5.960464477539063e-08, -0.0000034570693969726562, -0.000013245437003206462, 1, -1.0430809993522416e-07, -5.960465188081798e-08, 1.0617078771701927e-07, 0.6048221588134766, 0.7963599562644958, -3.3527616238870905e-08, -0.7963606119155884, 0.6048230528831482),
            ["LeftUpperLeg"] = CFrame.new(-2.384185791015625e-07, -1.1175870895385742e-08, -1.0989606380462646e-07, 0.8990630507469177, 0.08262354135513306, -0.4299524128437042, -0.4233746826648712, 0.41423940658569336, -0.8057047128677368, 0.11153306812047958, 0.9064099788665771, 0.4074074923992157),
            ["LeftLowerLeg"] = CFrame.new(7.450580596923828e-09, 0.000004231929779052734, 0.000013172626495361328, 1, 8.940693874137651e-08, 8.195641498787154e-08, -6.705523247774181e-08, 0.20866002142429352, 0.9779882431030273, 3.725290653733282e-08, -0.9779883027076721, 0.20866012573242188),
        }},
        {Time = 0.067, Data = {
            ["RightFoot"] = CFrame.new(-4.470348358154297e-08, 4.172325134277344e-07, 2.032174961641431e-08, 0.9858013391494751, -0.07162891328334808, 0.15187224745750427, 0.1427578330039978, 0.8337106704711914, -0.5334288477897644, -0.08840880542993546, 0.5475361943244934, 0.8320988416671753),
            ["LeftLowerArm"] = CFrame.new(-9.834766387939453e-07, -4.76837158203125e-07, 5.960464477539063e-08, 1, -6.332992086299782e-08, 6.216578896101055e-08, 7.450583439094771e-08, 0.38304784893989563, -0.9237285852432251, 8.195641498787154e-08, 0.9237285256385803, 0.383047878742218),
            ["RightUpperArm"] = CFrame.new(0, -3.5762786865234375e-07, 3.129243850708008e-07, 0.8906397819519043, -0.4452928304672241, 0.09206061065196991, 0.3439306914806366, 0.527268648147583, -0.776980996131897, 0.2974433898925781, 0.72367262840271, 0.62275630235672),
            ["Head"] = CFrame.new(2.070737536996603e-08, 1.1920928955078125e-07, -3.948807716369629e-07, 0.9596057534217834, 0.28066834807395935, 0.019552133977413177, -0.22838567197322845, 0.8176649212837219, -0.5284543633460999, -0.16430747509002686, 0.5026423931121826, 0.848736584186554),
            ["RightHand"] = CFrame.new(-3.3527612686157227e-08, -5.960464477539063e-08, 1.1920928955078125e-07, 0.9919429421424866, 0.1228141114115715, 0.031078387051820755, -0.0844087302684784, 0.8236559629440308, -0.5607728958129883, -0.09446863830089569, 0.5536314249038696, 0.8273862600326538),
            ["UpperTorso"] = CFrame.new(-3.026798367500305e-08, 0, -1.7182901501655579e-07, 0.9967947602272034, -0.040692612528800964, -0.06888052821159363, 0.053596943616867065, 0.9788705706596375, 0.19733186066150665, 0.0593952052295208, -0.20039121806621552, 0.9779139161109924),
            ["HumanoidRootPart"] = CFrame.new(0, 0, 0, 1, 0, 0, 0, 1, 0, 0, 0, 1),
            ["RightUpperLeg"] = CFrame.new(1.7881393432617188e-07, -1.648440957069397e-07, -1.2742384569719434e-07, 0.9536417126655579, 0.16095900535583496, -0.2542828917503357, -0.2995675802230835, 0.5884496569633484, -0.7509902715682983, 0.02875419706106186, 0.7923504114151001, 0.6093881726264954),
            ["LeftUpperArm"] = CFrame.new(1.1920928955078125e-07, 7.152557373046875e-07, -3.5762786865234375e-07, 0.77543705701828, 0.43375322222709656, -0.45886367559432983, -0.6263582706451416, 0.43652912974357605, -0.645846426486969, -0.07983055710792542, 0.7882261872291565, 0.6101857423782349),
            ["RightLowerArm"] = CFrame.new(-0.0000011622905731201172, -1.7881393432617188e-07, 2.8312206268310547e-07, 1, -7.07805440924858e-08, 4.190951941041021e-08, 8.754435043556441e-08, 0.5576704144477844, -0.8300625085830688, 4.284085264316673e-08, 0.8300625085830688, 0.5576703548431396),
            ["LeftHand"] = CFrame.new(5.960464477539062e-07, 0, 6.109476089477539e-07, 0.9131636023521423, 0.09817478060722351, 0.39559316635131836, 0.14593803882598877, 0.827461302280426, -0.5422267913818359, -0.38057103753089905, 0.552873969078064, 0.7412801384925842),
            ["LeftFoot"] = CFrame.new(8.754432201385498e-08, -5.960464477539063e-08, 9.685754776000977e-08, 0.9734485149383545, -0.03742381930351257, 0.2258264124393463, 0.1810445338487625, 0.7295690774917603, -0.6595088243484497, -0.14007450640201569, 0.68288254737854, 0.7169732451438904),
            ["LowerTorso"] = CFrame.new(0.1470911204814911, -0.3026556968688965, 0.02719460427761078, 0.9811081290245056, -0.18405993282794952, -0.05957238748669624, 0.19120410084724426, 0.8756558895111084, 0.4434724450111389, -0.029460595920681953, -0.44648486375808716, 0.8943060636520386),
            ["RightLowerLeg"] = CFrame.new(-2.5331974029541016e-07, -0.0000033974647521972656, -0.000013237986422609538, 1, -1.378357268322361e-07, -6.332994928470725e-08, 1.210719347000122e-07, 0.521339476108551, 0.8533491492271423, -4.6566128730773926e-08, -0.8533493280410767, 0.5213397741317749),
            ["LeftUpperLeg"] = CFrame.new(-1.1920928955078125e-07, -2.738088369369507e-07, -3.0174851417541504e-07, 0.9113161563873291, 0.05290687829256058, -0.4082939326763153, -0.38962340354919434, 0.43126246333122253, -0.8137606382369995, 0.13302817940711975, 0.900674045085907, 0.4136301577091217),
            ["LeftLowerLeg"] = CFrame.new(1.043081283569336e-07, 0.0000037550926208496094, 0.000013262033462524414, 1, 8.195638656616211e-08, 1.0430811414607888e-07, -8.940696716308594e-08, 0.15487506985664368, 0.9879340529441833, 5.21540641784668e-08, -0.9879341125488281, 0.15487517416477203),
        }},
        {Time = 0.100, Data = {
            ["RightFoot"] = CFrame.new(1.0803341865539551e-07, 2.384185791015625e-07, -9.480572771281004e-09, 0.9859721660614014, -0.06241046264767647, 0.15480270981788635, 0.1346728354692459, 0.8453577160835266, -0.5169460773468018, -0.09860098361968994, 0.5305424928665161, 0.8419042825698853),
            ["LeftLowerArm"] = CFrame.new(-0.0000016093254089355469, 7.152557373046875e-07, 2.384185791015625e-07, 1, -5.21540641784668e-08, -7.450581485102248e-09, 2.2351747119842003e-08, 0.8757418394088745, -0.48277977108955383, 1.862645504502325e-08, 0.48277968168258667, 0.8757418990135193),
            ["RightUpperArm"] = CFrame.new(2.384185791015625e-07, -1.1920928955078125e-07, 3.650784492492676e-07, 0.9457652568817139, -0.2541857659816742, 0.20228137075901031, 0.3190469741821289, 0.6096282601356506, -0.7256461977958679, 0.061132416129112244, 0.7508282661437988, 0.6576623320579529),
            ["Head"] = CFrame.new(7.636845111846924e-08, 2.384185791015625e-07, -1.7508864402770996e-07, 0.9648424983024597, 0.26273906230926514, 0.006871918216347694, -0.21844542026519775, 0.8161762952804565, -0.5349187254905701, -0.14615269005298615, 0.5146110653877258, 0.8448755741119385),
            ["RightHand"] = CFrame.new(-5.960464477539063e-08, 2.980232238769531e-07, -1.1920928955078125e-07, 0.9865654110908508, 0.15241363644599915, 0.058811821043491364, -0.08994961529970169, 0.8072975277900696, -0.5832493305206299, -0.136373832821846, 0.570123553276062, 0.8101613521575928),
            ["UpperTorso"] = CFrame.new(-1.1175870895385742e-08, 0, -1.6205012798309326e-07, 0.9983130097389221, -0.03184114769101143, -0.048551611602306366, 0.04031562805175781, 0.9819092154502869, 0.18501093983650208, 0.04178228974342346, -0.18665623664855957, 0.9815364480018616),
            ["HumanoidRootPart"] = CFrame.new(0, 0, 0, 1, 0, 0, 0, 1, 0, 0, 0, 1),
            ["RightUpperLeg"] = CFrame.new(-2.9802322387695312e-08, 2.2049061954021454e-07, 1.375374267809093e-07, 0.9542612433433533, 0.17084577679634094, -0.24535158276557922, -0.29844242334365845, 0.5932549834251404, -0.747650146484375, 0.017823228612542152, 0.7866767048835754, 0.6171076893806458),
            ["LeftUpperArm"] = CFrame.new(1.7881393432617188e-07, 7.152557373046875e-07, -8.940696716308594e-08, 0.7963606119155884, 0.34853827953338623, -0.49429836869239807, -0.5953724384307861, 0.5956475138664246, -0.53919917345047, 0.10649613291025162, 0.723688542842865, 0.6818603277206421),
            ["RightLowerArm"] = CFrame.new(-0.0000012814998626708984, -4.76837158203125e-07, 2.086162567138672e-07, 1, 7.450583261459087e-09, 0, 3.7252888773764425e-08, 0.8368335366249084, -0.5474574565887451, 3.7252889661942845e-09, 0.5474574565887451, 0.8368335962295532),
            ["LeftHand"] = CFrame.new(2.384185791015625e-07, 2.384185791015625e-07, 5.960464477539062e-07, 0.9169681668281555, -0.017941610887646675, 0.3985569179058075, 0.15074299275875092, 0.940515398979187, -0.30447885394096375, -0.3693859875202179, 0.33927711844444275, 0.8651272654533386),
            ["LeftFoot"] = CFrame.new(-2.9802322387695312e-08, 5.960464477539063e-08, 5.960464477539063e-08, 0.9745076894760132, -0.03786732256412506, 0.22113613784313202, 0.17761573195457458, 0.7323925495147705, -0.6573079228401184, -0.13706782460212708, 0.6798288226127625, 0.720447838306427),
            ["LowerTorso"] = CFrame.new(0.14810830354690552, -0.2856254577636719, 0.01219770684838295, 0.9801428914070129, -0.18665994703769684, -0.06691794842481613, 0.19629202783107758, 0.8655197024345398, 0.46080929040908813, -0.02809581346809864, -0.46479442715644836, 0.884972870349884),
            ["RightLowerLeg"] = CFrame.new(-1.1920928955078125e-07, -0.0000035762786865234375, -0.00001322308526141569, 1, -1.341104365337742e-07, -6.705524668859653e-08, 1.2246893277279014e-07, 0.5574464797973633, 0.8302126526832581, -6.891787762697277e-08, -0.8302128314971924, 0.5574469566345215),
            ["LeftUpperLeg"] = CFrame.new(-5.960464477539063e-08, 1.4901161193847656e-08, -4.470348358154297e-08, 0.9121109843254089, 0.06915580481290817, -0.4040684700012207, -0.39250025153160095, 0.4317851662635803, -0.8120991587638855, 0.11830917000770569, 0.899321436882019, 0.42097970843315125),
            ["LeftLowerLeg"] = CFrame.new(0, 0.000004172325134277344, 0.000013276934623718262, 1, 8.195638656616211e-08, 7.450581307466564e-08, -8.940698137394065e-08, 0.18112853169441223, 0.9834594130516052, 1.266598843585598e-07, -0.98345947265625, 0.1811286062002182),
        }},
        {Time = 0.133, Data = {
            ["RightFoot"] = CFrame.new(-6.239861249923706e-08, 1.7881393432617188e-07, -1.3205863069742918e-08, 0.9859260320663452, -0.044766977429389954, 0.161077618598938, 0.11422602832317352, 0.883905291557312, -0.453500896692276, -0.12207569926977158, 0.46551838517189026, 0.8765791058540344),
            ["LeftLowerArm"] = CFrame.new(-0.0000016987323760986328, 4.76837158203125e-07, 3.725290298461914e-07, 1, -2.607702498380604e-08, -1.303851426825986e-08, 1.6763804566721774e-08, 0.9837830662727356, -0.17936234176158905, -2.7241181754789068e-08, 0.17936231195926666, 0.9837831258773804),
            ["RightUpperArm"] = CFrame.new(0, -2.384185791015625e-07, 7.450580596923828e-09, 0.9463828802108765, -0.08306445926427841, 0.3121856451034546, 0.28644171357154846, 0.662592887878418, -0.6920419931411743, -0.14936791360378265, 0.74435955286026, 0.6508595943450928),
            ["Head"] = CFrame.new(-3.725290298461914e-09, 3.5762786865234375e-07, -2.8312206268310547e-07, 0.9689608812332153, 0.24713729321956635, -0.006172994617372751, -0.21016116440296173, 0.8103244304656982, -0.5469980239868164, -0.1301814615726471, 0.531316876411438, 0.837111234664917),
            ["RightHand"] = CFrame.new(-1.1920928955078125e-07, 7.152557373046875e-07, 1.1920928955078125e-07, 0.9812796115875244, 0.1779741644859314, 0.0735912173986435, -0.11044275760650635, 0.8330665230751038, -0.542035698890686, -0.1577746570110321, 0.5237607955932617, 0.8371270298957825),
            ["UpperTorso"] = CFrame.new(1.5366822481155396e-08, 1.1920928955078125e-07, 2.0023435354232788e-08, 0.9995570778846741, -0.019819755107164383, -0.022203871980309486, 0.023058081045746803, 0.9873857498168945, 0.15664546191692352, 0.01881912350654602, -0.15708805620670319, 0.9874053001403809),
            ["HumanoidRootPart"] = CFrame.new(0, 0, 0, 1, 0, 0, 0, 1, 0, 0, 0, 1),
            ["RightUpperLeg"] = CFrame.new(0, 5.809124559164047e-08, 3.183231456205249e-08, 0.9548925161361694, 0.1874132603406906, -0.23034079372882843, -0.29688000679016113, 0.5854400396347046, -0.7544023394584656, -0.00653416384011507, 0.7887560725212097, 0.6146709322929382),
            ["LeftUpperArm"] = CFrame.new(0, 7.152557373046875e-07, -4.172325134277344e-07, 0.8304767608642578, 0.30224618315696716, -0.4679269790649414, -0.505770206451416, 0.761165976524353, -0.40598413348197937, 0.23346292972564697, 0.5738237500190735, 0.7849976420402527),
            ["RightLowerArm"] = CFrame.new(-4.172325134277344e-07, 5.960464477539062e-07, 3.5762786865234375e-07, 1, -2.980232949312267e-08, -1.4901159417490817e-08, 6.705522537231445e-08, 0.9519545435905457, -0.30623945593833923, 3.259629011154175e-08, 0.30623942613601685, 0.9519544839859009),
            ["LeftHand"] = CFrame.new(2.1979212760925293e-07, 1.7881393432617188e-07, 7.152557373046875e-07, 0.9929437041282654, 0.07371684163808823, 0.09289029985666275, -0.03002992831170559, 0.9140860438346863, -0.4044070839881897, -0.11472130566835403, 0.3987639844417572, 0.9098497033119202),
            ["LeftFoot"] = CFrame.new(-5.587935447692871e-08, 0, 5.960464477539063e-08, 0.9770577549934387, -0.04588965326547623, 0.20797227323055267, 0.16986869275569916, 0.7569336295127869, -0.6310274600982666, -0.12846368551254272, 0.6518785953521729, 0.7473633289337158),
            ["LowerTorso"] = CFrame.new(0.1492665410041809, -0.24586796760559082, 0.01607811450958252, 0.9778960943222046, -0.19219408929347992, -0.08234516531229019, 0.20745103061199188, 0.8425793647766113, 0.4970153272151947, -0.026141053065657616, -0.5031118988990784, 0.8638258576393127),
            ["RightLowerLeg"] = CFrame.new(-4.0978193283081055e-08, -0.000003516674041748047, -0.000013401899195741862, 1, -1.0058285937475375e-07, -4.842878453814592e-08, 1.1874364247432823e-07, 0.632943868637085, 0.7741971015930176, -6.33299421792799e-08, -0.7741978168487549, 0.6329447627067566),
            ["LeftUpperLeg"] = CFrame.new(-1.1920928955078125e-07, 3.166496753692627e-08, -2.4959444999694824e-07, 0.9120388627052307, 0.09932836145162582, -0.39789339900016785, -0.40193480253219604, 0.40918484330177307, -0.8191558718681335, 0.08144650608301163, 0.9070290327072144, 0.4131157398223877),
            ["LeftLowerLeg"] = CFrame.new(0, 0.000003993511199951172, 0.000013418495655059814, 1, 8.940693874137651e-08, 5.215407838932151e-08, -9.685756197086448e-08, 0.239017516374588, 0.9710152745246887, 9.313227167240257e-08, -0.9710153341293335, 0.2390177845954895),
        }},
        {Time = 0.167, Data = {
            ["RightFoot"] = CFrame.new(5.4016709327697754e-08, 3.5762786865234375e-07, 2.4047039914876223e-08, 0.9855796694755554, -0.028384702280163765, 0.1668146252632141, 0.08819667249917984, 0.9275019764900208, -0.36326509714126587, -0.1444099098443985, 0.3727392256259918, 0.9166304469108582),
            ["LeftLowerArm"] = CFrame.new(-0.0000011324882507324219, 2.384185791015625e-07, 1.7881393432617188e-07, 1, -2.0489096641540527e-08, 1.4901164746561335e-08, 7.450581485102248e-09, 0.9926227331161499, -0.12124433368444443, 0, 0.12124432623386383, 0.9926227927207947),
            ["RightUpperArm"] = CFrame.new(0, -4.76837158203125e-07, 2.2351741790771484e-08, 0.8244271278381348, 0.05958772823214531, 0.5628225207328796, 0.3512268364429474, 0.7259216904640198, -0.5913353562355042, -0.4438014030456543, 0.68519127368927, 0.5775406956672668),
            ["Head"] = CFrame.new(-1.4901161193847656e-08, 3.5762786865234375e-07, -3.4086406230926514e-07, 0.9707708954811096, 0.2394091635942459, -0.016947444528341293, -0.20686188340187073, 0.7988074421882629, -0.5649026036262512, -0.12170509248971939, 0.5518966317176819, 0.824983537197113),
            ["RightHand"] = CFrame.new(-2.9802322387695312e-08, 4.172325134277344e-07, 5.960464477539063e-08, 0.9952108860015869, 0.0962967574596405, -0.016801897436380386, -0.0922941118478775, 0.8690354824066162, -0.48606520891189575, -0.03220521658658981, 0.4852880835533142, 0.873760998249054),
            ["UpperTorso"] = CFrame.new(-1.5366822481155396e-08, 0, -8.89413058757782e-08, 0.9999343156814575, -0.01129426620900631, 0.0019892954733222723, 0.010907900519669056, 0.9902231693267822, 0.13906557857990265, -0.003540527541190386, -0.139034703373909, 0.9902812242507935),
            ["HumanoidRootPart"] = CFrame.new(0, 0, 0, 1, 0, 0, 0, 1, 0, 0, 0, 1),
            ["RightUpperLeg"] = CFrame.new(2.384185791015625e-07, 2.7474015951156616e-07, -5.571200745180249e-08, 0.9554203152656555, 0.20406018197536469, -0.2133810967206955, -0.2935939133167267, 0.5802109241485596, -0.7597091197967529, -0.031220166012644768, 0.7884889841079712, 0.6142560243606567),
            ["LeftUpperArm"] = CFrame.new(5.960464477539063e-08, 4.76837158203125e-07, -4.172325134277344e-07, 0.7707439661026001, 0.32709747552871704, -0.546773374080658, -0.4603407680988312, 0.879187285900116, -0.122948557138443, 0.4404999613761902, 0.3464638590812683, 0.8282045125961304),
            ["RightLowerArm"] = CFrame.new(-5.960464477539062e-07, 6.556510925292969e-07, 4.76837158203125e-07, 1, -4.4703490686970326e-08, 2.2351745343485163e-08, 2.048909131247001e-08, 0.9569224715232849, -0.29034358263015747, 5.401669511684304e-08, 0.29034361243247986, 0.9569225311279297),
            ["LeftHand"] = CFrame.new(5.513429641723633e-07, 5.960464477539063e-08, 6.258487701416016e-07, 0.9949050545692444, 0.05581570789217949, 0.08395598083734512, -0.02198386751115322, 0.9328289031982422, -0.3596484959125519, -0.09839066118001938, 0.3559704124927521, 0.9293031692504883),
            ["LeftFoot"] = CFrame.new(-1.1175870895385742e-08, 1.1920928955078125e-07, 2.2351741790771484e-08, 0.9800542593002319, -0.05609365552663803, 0.19065023958683014, 0.16073894500732422, 0.7878783345222473, -0.5944836735725403, -0.11686228215694427, 0.6132709980010986, 0.7811796069145203),
            ["LowerTorso"] = CFrame.new(0.15040989220142365, -0.199171781539917, 0.026217415928840637, 0.9755069017410278, -0.19747796654701233, -0.0968959778547287, 0.21853062510490417, 0.8197442889213562, 0.5293993949890137, -0.025114770978689194, -0.5376074314117432, 0.8428211808204651),
            ["RightLowerLeg"] = CFrame.new(-3.725290298461914e-09, -0.0000033974647521972656, -0.000013431701518129557, 1, -1.1548404188488348e-07, -4.6566135836201283e-08, 1.0803343286625022e-07, 0.7127649784088135, 0.7014027237892151, -4.284084198502569e-08, -0.7014029622077942, 0.7127652764320374),
            ["LeftUpperLeg"] = CFrame.new(-2.980232238769531e-07, 2.8870999813079834e-07, -4.246830940246582e-07, 0.9119713306427002, 0.13301554322242737, -0.3880920708179474, -0.40810519456863403, 0.39083290100097656, -0.8250452280044556, 0.04193532466888428, 0.9107999205589294, 0.4107127785682678),
            ["LeftLowerLeg"] = CFrame.new(-1.4901161193847656e-08, 0.0000040531158447265625, 0.000013329088687896729, 1, 1.1920931797249068e-07, 3.725289943190546e-08, -7.823111758398227e-08, 0.3106916844844818, 0.9505107998847961, 9.685756907629184e-08, -0.9505107998847961, 0.3106915354728699),
        }},
        {Time = 0.200, Data = {
            ["RightFoot"] = CFrame.new(-8.42846930027008e-08, 2.384185791015625e-07, 2.4047039914876223e-08, 0.9850242733955383, -0.017231620848178864, 0.17155273258686066, 0.05754128098487854, 0.9708017110824585, -0.2328794151544571, -0.16253085434436798, 0.23926383256912231, 0.957254946231842),
            ["LeftLowerArm"] = CFrame.new(-0.0000012218952178955078, 1.1920928955078125e-07, -5.662441253662109e-07, 1, 3.3527612686157227e-08, -1.0430811414607888e-07, 0, 0.9949776530265808, -0.10009805858135223, 0, 0.10009805113077164, 0.9949776530265808),
            ["RightUpperArm"] = CFrame.new(0, -4.76837158203125e-07, 2.384185791015625e-07, 0.6915853023529053, 0.13982494175434113, 0.7086316347122192, 0.3387369215488434, 0.803719162940979, -0.48917579650878906, -0.6379396915435791, 0.5783464312553406, 0.5084764361381531),
            ["Head"] = CFrame.new(-1.862645149230957e-08, 2.384185791015625e-07, -4.1350722312927246e-07, 0.9730961918830872, 0.22850610315799713, -0.029476268216967583, -0.20251759886741638, 0.7873020768165588, -0.5823590755462646, -0.10986585915088654, 0.5726608037948608, 0.8123971223831177),
            ["RightHand"] = CFrame.new(1.4528632164001465e-07, 1.1920928955078125e-07, 2.980232238769531e-07, 0.9957988262176514, 0.09156399965286255, 0.0009672230808064342, -0.08146943151950836, 0.8907395601272583, -0.44715309143066406, -0.04180464893579483, 0.44519567489624023, 0.8944569826126099),
            ["UpperTorso"] = CFrame.new(-4.6566128730773926e-09, 2.9802322387695312e-08, 1.2060627341270447e-07, 0.9996759295463562, -0.0015896593686193228, 0.025407979264855385, -0.0017185714095830917, 0.9915579557418823, 0.129652738571167, -0.02539961040019989, -0.12965428829193115, 0.9912338852882385),
            ["HumanoidRootPart"] = CFrame.new(0, 0, 0, 1, 0, 0, 0, 1, 0, 0, 0, 1),
            ["RightUpperLeg"] = CFrame.new(5.960464477539063e-08, 1.1175870895385742e-08, 1.879379851743579e-08, 0.9550243616104126, 0.2193039506673813, -0.1995854377746582, -0.29200080037117004, 0.5783694386482239, -0.7617247700691223, -0.05161513015627861, 0.7857446670532227, 0.6163936257362366),
            ["LeftUpperArm"] = CFrame.new(1.1920928955078125e-07, 0, -4.6193599700927734e-07, 0.7438249588012695, 0.3399946391582489, -0.5754374265670776, -0.29895856976509094, 0.9392680525779724, 0.1685209423303604, 0.5977861285209656, 0.046681735664606094, 0.8002952933311462),
            ["RightLowerArm"] = CFrame.new(-7.748603820800781e-07, 5.364418029785156e-07, 2.980232238769531e-07, 1, -4.4703497792397684e-08, -9.313227966600834e-10, 4.4703494239684005e-08, 0.9011121392250061, -0.4335862100124359, 0, 0.4335862398147583, 0.9011121988296509),
            ["LeftHand"] = CFrame.new(2.682209014892578e-07, 4.172325134277344e-07, 5.066394805908203e-07, 0.885741114616394, 0.17211592197418213, 0.4310905933380127, 0.07635513693094254, 0.8620385527610779, -0.5010583996772766, -0.4578566551208496, 0.47672393918037415, 0.750400960445404),
            ["LeftFoot"] = CFrame.new(1.862645149230957e-09, 0, 5.21540641784668e-08, 0.9831455945968628, -0.06801816821098328, 0.16970112919807434, 0.15097014605998993, 0.8255676627159119, -0.5437332987785339, -0.1031160056591034, 0.5601890087127686, 0.8219218850135803),
            ["LowerTorso"] = CFrame.new(0.15233291685581207, -0.14474987983703613, 0.04312581568956375, 0.9729708433151245, -0.20478156208992004, -0.10673511028289795, 0.22918368875980377, 0.7995820641517639, 0.5551067590713501, -0.028332136571407318, -0.5645646452903748, 0.8249025344848633),
            ["RightLowerLeg"] = CFrame.new(-1.862645149230957e-09, -0.0000037550926208496094, -0.000013364646292757243, 1, -9.872017159295865e-08, -3.3527612686157227e-08, 8.568166975919667e-08, 0.7912611961364746, 0.6114776134490967, -4.284083487959833e-08, -0.611478328704834, 0.7912617325782776),
            ["LeftUpperLeg"] = CFrame.new(-1.7881393432617188e-07, -3.129243850708008e-07, -2.384185791015625e-07, 0.9108328819274902, 0.16784749925136566, -0.37710845470428467, -0.4127413332462311, 0.38209396600723267, -0.8268307447433472, 0.005309486761689186, 0.9087527394294739, 0.4173012971878052),
            ["LeftLowerLeg"] = CFrame.new(-3.725290298461914e-08, 0.000003874301910400391, 0.000013418495655059814, 1, 1.0430811414607888e-07, 2.2351747119842003e-08, -8.940698137394065e-08, 0.39870965480804443, 0.9170771241188049, 2.980232594040899e-08, -0.9170771837234497, 0.3987100422382355),
        }},
        {Time = 0.233, Data = {
            ["RightFoot"] = CFrame.new(2.0489096641540527e-08, 4.76837158203125e-07, 3.336026566103101e-08, 0.9843156933784485, -0.0057535008527338505, 0.17632217705249786, 0.01971394009888172, 0.9967953562736511, -0.07752800732851028, -0.1753111332654953, 0.07978808879852295, 0.9812746644020081),
            ["LeftLowerArm"] = CFrame.new(-0.0000011026859283447266, 0, -1.043081283569336e-07, 1, -3.725290298461914e-09, 4.470347292340193e-08, 5.960465188081798e-08, 0.9690768718719482, -0.24675899744033813, 0, 0.24675899744033813, 0.9690768718719482),
            ["RightUpperArm"] = CFrame.new(1.1920928955078125e-07, 0, 3.501772880554199e-07, 0.4659273624420166, 0.16388393938541412, 0.8695135712623596, 0.37577372789382935, 0.8530258536338806, -0.36213406920433044, -0.8010654449462891, 0.4954685568809509, 0.3358648419380188),
            ["Head"] = CFrame.new(-7.450580596923828e-09, 2.384185791015625e-07, -2.1420419216156006e-07, 0.9760952591896057, 0.21287469565868378, -0.04384573549032211, -0.19679991900920868, 0.7800489068031311, -0.5939642190933228, -0.0922381579875946, 0.5883945226669312, 0.8032957315444946),
            ["RightHand"] = CFrame.new(5.960464477539063e-08, 4.172325134277344e-07, 1.1920928955078125e-07, 0.9982950687408447, 0.056282997131347656, -0.015466107055544853, -0.05748733505606651, 0.9021798968315125, -0.4275122284889221, -0.010108456946909428, 0.42767253518104553, 0.9038772583007812),
            ["UpperTorso"] = CFrame.new(1.0291114449501038e-07, 1.4901161193847656e-07, 4.98257577419281e-08, 0.9986745119094849, 0.01200258918106556, 0.050051890313625336, -0.01765216886997223, 0.993323028087616, 0.11400805413722992, -0.048349298536777496, -0.11474035680294037, 0.9922182559967041),
            ["HumanoidRootPart"] = CFrame.new(0, 0, 0, 1, 0, 0, 0, 1, 0, 0, 0, 1),
            ["RightUpperLeg"] = CFrame.new(2.980232238769531e-07, 5.755573511123657e-07, 2.6280031306669116e-07, 0.954110860824585, 0.23227494955062866, -0.18900024890899658, -0.2909994423389435, 0.5702576637268066, -0.7681963443756104, -0.07065386325120926, 0.7879433035850525, 0.6116808652877808),
            ["LeftUpperArm"] = CFrame.new(5.960464477539063e-08, 0.0000010728836059570312, -2.60770320892334e-07, 0.8421599864959717, 0.35074418783187866, -0.4095669090747833, -0.1871536523103714, 0.9024525284767151, 0.3880116641521454, 0.5057075619697571, -0.2501159608364105, 0.8256524801254272),
            ["RightLowerArm"] = CFrame.new(-0.0000010728836059570312, 1.7881393432617188e-07, 4.172325134277344e-07, 1, -8.195642919872625e-08, 2.980232949312267e-08, 4.4703490686970326e-08, 0.823962390422821, -0.5666446089744568, 2.2351745343485163e-08, 0.5666446089744568, 0.8239622712135315),
            ["LeftHand"] = CFrame.new(3.427267074584961e-07, 2.980232238769531e-07, 4.842877388000488e-07, 0.9514383673667908, 0.2742184102535248, 0.1398906111717224, -0.16934216022491455, 0.8457150459289551, -0.5060527920722961, -0.25707653164863586, 0.4577885568141937, 0.8510823845863342),
            ["LeftFoot"] = CFrame.new(-1.1175870895385742e-08, 0, 0, 0.9859951734542847, -0.08076891303062439, 0.14591126143932343, 0.14263668656349182, 0.8617664575576782, -0.48683953285217285, -0.08642014116048813, 0.5008343458175659, 0.8612185120582581),
            ["LowerTorso"] = CFrame.new(0.15371383726596832, -0.09221911430358887, 0.06219717860221863, 0.9699051976203918, -0.21474193036556244, -0.11475978046655655, 0.24088989198207855, 0.7777043581008911, 0.5806445479393005, -0.035439539700746536, -0.5908147096633911, 0.8060286045074463),
            ["RightLowerLeg"] = CFrame.new(-1.0989606380462646e-07, -0.000003993511199951172, -0.000013197008229326457, 1, -7.450579886381092e-08, -1.7695127141337252e-08, 8.288770203535023e-08, 0.8564674258232117, 0.5162007212638855, -1.862644971595273e-08, -0.5162011384963989, 0.8564676642417908),
            ["LeftUpperLeg"] = CFrame.new(-5.960464477539063e-08, 6.109476089477539e-07, 9.685754776000977e-08, 0.908441424369812, 0.2018750011920929, -0.36603403091430664, -0.41681841015815735, 0.37133291363716125, -0.8296833038330078, -0.03157159686088562, 0.9062882661819458, 0.4214792549610138),
            ["LeftLowerLeg"] = CFrame.new(1.043081283569336e-07, 0.000003933906555175781, 0.000013262033462524414, 1, 7.450576333667414e-08, 7.450584149637507e-09, -6.23986053938097e-08, 0.4853358864784241, 0.874327540397644, 1.1175869119028903e-08, -0.8743278384208679, 0.4853365123271942),
        }},
        {Time = 0.267, Data = {
            ["RightFoot"] = CFrame.new(-6.135087460279465e-08, 3.5762786865234375e-07, 7.639755494892597e-10, 0.9835317134857178, 0.010641995817422867, 0.18042224645614624, -0.02563859336078167, 0.9963850378990173, 0.08099174499511719, -0.17890824377536774, -0.08428391814231873, 0.9802490472793579),
            ["LeftLowerArm"] = CFrame.new(-8.940696716308594e-07, -1.7881393432617188e-07, 1.4901161193847656e-08, 1, -4.470347647611561e-08, 2.980232949312267e-08, 3.72529100900465e-08, 0.9566240906715393, -0.29132533073425293, 7.450582373280668e-09, 0.291325181722641, 0.9566241502761841),
            ["RightUpperArm"] = CFrame.new(1.1920928955078125e-07, -3.5762786865234375e-07, 5.885958671569824e-07, 0.29148954153060913, 0.15991735458374023, 0.9431120157241821, 0.38408708572387695, 0.8833934664726257, -0.26850178837776184, -0.8760771155357361, 0.4405025839805603, 0.19607771933078766),
            ["Head"] = CFrame.new(5.960464477539063e-08, 1.1920928955078125e-07, -5.587935447692871e-08, 0.9791204333305359, 0.19510510563850403, -0.05707371607422829, -0.19042351841926575, 0.7820284366607666, -0.5934396386146545, -0.07114982604980469, 0.5919169783592224, 0.8028524518013),
            ["RightHand"] = CFrame.new(2.2351741790771484e-08, -5.960464477539063e-08, 3.5762786865234375e-07, 0.9946267008781433, 0.09759838879108429, 0.034531932324171066, -0.07419469952583313, 0.9046201109886169, -0.4197112023830414, -0.07220131158828735, 0.41489389538764954, 0.9070005416870117),
            ["UpperTorso"] = CFrame.new(4.6566128730773926e-09, -8.940696716308594e-08, -6.891787052154541e-08, 0.9969772696495056, 0.02618272602558136, 0.07315035164356232, -0.03291568532586098, 0.9951770305633545, 0.09240847826004028, -0.07037807255983353, -0.09453689306974411, 0.9930306077003479),
            ["HumanoidRootPart"] = CFrame.new(0, 0, 0, 1, 0, 0, 0, 1, 0, 0, 0, 1),
            ["RightUpperLeg"] = CFrame.new(-2.9802322387695312e-08, 1.862645149230957e-07, -9.110226528719068e-08, 0.9548168182373047, 0.24170652031898499, -0.17292475700378418, -0.2849642336368561, 0.5793811082839966, -0.763618528842926, -0.08438209444284439, 0.7783929705619812, 0.6220803260803223),
            ["LeftUpperArm"] = CFrame.new(5.960464477539063e-08, 2.384185791015625e-07, -3.129243850708008e-07, 0.9393219947814941, 0.30714452266693115, -0.15276294946670532, -0.19951611757278442, 0.8514184355735779, 0.4850567579269409, 0.27904775738716125, -0.42514583468437195, 0.8610362410545349),
            ["RightLowerArm"] = CFrame.new(-3.2782554626464844e-07, -2.980232238769531e-07, 2.384185791015625e-07, 1, -7.450581307466564e-08, 1.4901159417490817e-08, 9.96515154838562e-08, 0.6854299306869507, -0.7281386256217957, 1.4901161193847656e-08, 0.7281386256217957, 0.6854299306869507),
            ["LeftHand"] = CFrame.new(5.923211574554443e-07, 2.980232238769531e-07, 1.7881393432617188e-07, 0.9915229678153992, 0.1259152889251709, 0.03205626830458641, -0.10704070329666138, 0.9314391016960144, -0.34779828786849976, -0.073651522397995, 0.34141871333122253, 0.9370213150978088),
            ["LeftFoot"] = CFrame.new(2.2351741790771484e-08, 5.960464477539063e-08, -3.725290298461914e-09, 0.988651692867279, -0.08806447684764862, 0.12170738726854324, 0.13245442509651184, 0.8932382464408875, -0.42962899804115295, -0.07087890058755875, 0.4408741593360901, 0.894766092300415),
            ["LowerTorso"] = CFrame.new(0.14820478856563568, -0.045453786849975586, 0.08208052814006805, 0.9672272205352783, -0.2235017865896225, -0.12049272656440735, 0.2503267824649811, 0.759891927242279, 0.5999173521995544, -0.04252113774418831, -0.610418975353241, 0.7909365892410278),
