return {
    ["Slap Happy"] = {
        {Time = 0.000, Data = {
            ["LeftFoot"] = CFrame.new(-7.939524948596954e-08, -5.960464477539063e-08, 1.862645149230957e-08, 0.9844234585762024, 0.17489805817604065, -0.01791820116341114, -0.167767733335495, 0.9040032029151917, -0.3932332992553711, -0.052577707916498184, 0.39011406898498535, 0.9192641973495483),
            ["LeftLowerArm"] = CFrame.new(-0.0004912912845611572, -0.00009953975677490234, -5.960464477539063e-08, 1, -2.235174747511337e-07, 0, 2.3841863594498136e-07, 0.9776835441589355, -0.21008333563804626, -4.4703494239684005e-08, 0.2100832611322403, 0.9776835441589355),
            ["LowerTorso"] = CFrame.new(-0.41165807843208313, -0.03895556926727295, 0.06840559095144272, 0.9802265763282776, -0.1313573271036148, -0.14799031615257263, 0.1259392499923706, 0.9909964203834534, -0.045446522533893585, 0.1526276171207428, 0.02591009996831417, 0.9879441261291504),
            ["Head"] = CFrame.new(-1.6763806343078613e-08, -7.152557373046875e-07, -9.872019290924072e-08, 0.9956063032150269, 0.046296942979097366, 0.08139228075742722, -0.03420254588127136, 0.9889628291130066, -0.1441621631383896, -0.08716820180416107, 0.1407449096441269, 0.9862011075019836),
            ["RightUpperArm"] = CFrame.new(-0.00524747371673584, -0.10447120666503906, -6.332993507385254e-08, 0.5207257866859436, -0.6420361995697021, 0.5627209544181824, 0.6166800856590271, -0.17294372618198395, -0.7679762244224548, 0.5903815627098083, 0.7469136118888855, 0.3058721125125885),
            ["UpperTorso"] = CFrame.new(2.9802322387695312e-08, 1.1920928955078125e-07, 0, 0.9781899452209473, 0.18856006860733032, 0.08711879700422287, -0.2046363800764084, 0.9467592835426331, 0.2485373318195343, -0.03561629727482796, -0.2609444260597229, 0.9646965861320496),
            ["HumanoidRootPart"] = CFrame.new(0, 0, 0, 1, 0, 0, 0, 1, 0, 0, 0, 1),
            ["RightHand"] = CFrame.new(0, 8.940696716308594e-07, -5.21540641784668e-08, 0.7786564230918884, -0.6049408912658691, 0.16655591130256653, 0.6268799901008606, 0.7387224435806274, -0.24760963022708893, 0.02675052359700203, 0.29721346497535706, 0.9544363021850586),
            ["LeftUpperArm"] = CFrame.new(0.0052474141120910645, -0.10447061061859131, -1.043081283569336e-07, 0.23596294224262238, 0.7965242862701416, -0.5566740036010742, -0.5026245713233948, -0.3902270197868347, -0.7714163661003113, -0.831679105758667, 0.4618138074874878, 0.30827105045318604),
            ["RightLowerArm"] = CFrame.new(-0.000008761882781982422, 7.152557373046875e-07, -7.897615432739258e-07, 1, 1.4901161193847656e-07, -1.527369164477932e-07, -1.993030309677124e-07, 0.7343280911445618, -0.6787947416305542, 5.960464477539063e-08, 0.6787946820259094, 0.7343279719352722),
            ["LeftHand"] = CFrame.new(-5.364418029785156e-07, 0.00010073184967041016, -1.043081283569336e-07, 0.8229707479476929, 0.5680838823318481, 0.00018832464411389083, -0.5483738780021667, 0.794503927230835, -0.2608630657196045, -0.14834167063236237, 0.21457944810390472, 0.9653758406639099),
            ["RightUpperLeg"] = CFrame.new(2.384185791015625e-07, -5.417969077825546e-07, -3.894820110872388e-08, 0.9892124533653259, 0.0994861051440239, 0.10752372443675995, 0.11033277958631516, -0.023163659498095512, -0.9936248064041138, -0.09636116772890091, 0.9947693347930908, -0.03389066830277443),
            ["LeftUpperLeg"] = CFrame.new(-2.980232238769531e-07, -8.54823156259954e-07, 2.60770320892334e-08, 0.9897424578666687, -0.014205061830580235, 0.1421559602022171, 0.039017558097839355, 0.9840927124023438, -0.17331866919994354, -0.13743244111537933, 0.17708738148212433, 0.9745524525642395),
            ["RightLowerLeg"] = CFrame.new(-4.842877388000488e-08, -0.0000037550926208496094, -0.000013224947906564921, 1, 5.215405707303944e-08, 1.955778543560882e-07, 8.661302075552157e-08, -0.8866732120513916, 0.462395578622818, 1.7532151730392798e-07, -0.462396502494812, -0.8866738080978394),
            ["RightFoot"] = CFrame.new(1.0710209608078003e-08, 4.76837158203125e-07, 3.406967152841389e-07, 0.9524074792861938, 0.174370676279068, 0.2500301003456116, -0.14278018474578857, 0.979875922203064, -0.13948825001716614, -0.26932117342948914, 0.09715016931295395, 0.9581378698348999),
            ["LeftLowerLeg"] = CFrame.new(3.050081431865692e-08, 0.000003993511199951172, 0.000013384036719799042, 1, 1.5879048476108437e-07, -9.685751223287298e-08, -7.892959530408916e-08, 0.825637936592102, 0.5642005801200867, -5.587936335871291e-09, -0.5642004013061523, 0.8256377577781677),
        }},
        {Time = 0.033, Data = {
            ["LeftFoot"] = CFrame.new(-7.916241884231567e-09, 1.1920928955078125e-07, -3.725290298461914e-09, 0.985360324382782, 0.16936366260051727, -0.019522499293088913, -0.159663587808609, 0.8765950798988342, -0.45397013425827026, -0.05977257713675499, 0.45044106245040894, 0.8908030390739441),
            ["LeftLowerArm"] = CFrame.new(-0.0004908740520477295, -0.00009936094284057617, 2.9802322387695312e-08, 1, -2.6822095833267667e-07, 7.450583439094771e-08, 2.3841860752327193e-07, 0.9521912336349487, -0.3055029809474945, 0, 0.3055029511451721, 0.9521912336349487),
            ["LowerTorso"] = CFrame.new(-0.395229309797287, -0.08284175395965576, 0.04869335517287254, 0.9834460616111755, -0.10454551130533218, -0.14800028502941132, 0.10377071052789688, 0.9945167899131775, -0.012968513183295727, 0.1485445499420166, -0.0026042629033327103, 0.9889023303985596),
            ["Head"] = CFrame.new(3.5390257835388184e-08, -0.0000015497207641601562, -9.685754776000977e-08, 0.9953989386558533, 0.04915264993906021, 0.08224965631961823, -0.036283183842897415, 0.9878329634666443, -0.15122681856155396, -0.08868211507797241, 0.14754673838615417, 0.9850713610649109),
            ["RightUpperArm"] = CFrame.new(-0.00524747371673584, -0.10447192192077637, -4.0978193283081055e-08, 0.5994946956634521, -0.6215903162956238, 0.5042343139648438, 0.547368049621582, -0.14123420417308807, -0.8248835206031799, 0.5839473009109497, 0.7705052495002747, 0.2555680274963379),
            ["UpperTorso"] = CFrame.new(5.820766091346741e-08, 2.086162567138672e-07, 9.313225746154785e-09, 0.9842063784599304, 0.15923894941806793, 0.07733505219221115, -0.17254671454429626, 0.9605655074119568, 0.2180401235818863, -0.03956490010023117, -0.2279403656721115, 0.9728710055351257),
            ["HumanoidRootPart"] = CFrame.new(0, 0, 0, 1, 0, 0, 0, 1, 0, 0, 0, 1),
            ["RightHand"] = CFrame.new(2.384185791015625e-07, 5.364418029785156e-07, 2.9802322387695312e-08, 0.7706053853034973, -0.6118171811103821, 0.1784576177597046, 0.637241780757904, 0.7355197072029114, -0.23007351160049438, 0.009503750130534172, 0.29101645946502686, 0.956670880317688),
            ["LeftUpperArm"] = CFrame.new(0.00524747371673584, -0.10447132587432861, -4.470348358154297e-08, 0.23111942410469055, 0.8168869614601135, -0.5284828543663025, -0.4607381522655487, -0.3865184485912323, -0.7989466786384583, -0.8569154739379883, 0.4281347095966339, 0.2870370149612427),
            ["RightLowerArm"] = CFrame.new(-0.000008285045623779297, 5.364418029785156e-07, -8.493661880493164e-07, 1, 7.450580596923828e-09, -1.1920928955078125e-07, -2.6449563961250533e-07, 0.6210256814956665, -0.7837902307510376, 0, 0.7837902903556824, 0.6210256814956665),
            ["LeftHand"] = CFrame.new(-0.0000011324882507324219, 0.00010073184967041016, -4.6193599700927734e-07, 0.8237648606300354, 0.5666804909706116, 0.016872797161340714, -0.5438033938407898, 0.7982231378555298, -0.25907084345817566, -0.16027872264385223, 0.2042379528284073, 0.9657109379768372),
            ["RightUpperLeg"] = CFrame.new(2.384185791015625e-07, -5.666515789926052e-08, -3.987952368333936e-08, 0.9904811978340149, -0.08342444896697998, 0.1094876080751419, 0.12092024832963943, 0.14730335772037506, -0.9816721081733704, 0.06576786190271378, 0.9855669140815735, 0.15598836541175842),
            ["LeftUpperLeg"] = CFrame.new(-2.384185791015625e-07, -6.72000169288367e-07, 6.146728992462158e-08, 0.9892183542251587, -0.02430097572505474, 0.14441801607608795, 0.05998086929321289, 0.9668608903884888, -0.24815788865089417, -0.13360171020030975, 0.25414472818374634, 0.9578940868377686),
            ["RightLowerLeg"] = CFrame.new(-2.9802322387695312e-08, -0.000003516674041748047, -0.000013342294550966471, 1, -1.937149818331818e-07, -3.501775438508048e-07, 1.1362135410308838e-07, -0.7722854614257812, 0.6352753043174744, -3.203749656677246e-07, -0.6352757215499878, -0.7722858190536499),
            ["RightFoot"] = CFrame.new(-5.774199962615967e-08, 2.384185791015625e-07, -1.4731631381437182e-07, 0.9595791101455688, 0.1909506767988205, 0.2067510187625885, -0.14082682132720947, 0.9618133306503296, -0.23469659686088562, -0.24367141723632812, 0.19609445333480835, 0.9498271942138672),
            ["LeftLowerLeg"] = CFrame.new(-8.195638656616211e-08, 0.000004291534423828125, 0.000013219192624092102, 1, 8.707868204282931e-08, -5.02914261346632e-08, -7.753263275844802e-08, 0.7554281949996948, 0.655231773853302, -7.264318924171675e-08, -0.6552315354347229, 0.7554279565811157),
        }},
        {Time = 0.067, Data = {
            ["LeftFoot"] = CFrame.new(-1.5832483768463135e-08, 1.1920928955078125e-07, -4.842877388000488e-08, 0.9870362877845764, 0.15914154052734375, -0.02081983909010887, -0.1471056491136551, 0.845158040523529, -0.5138752460479736, -0.06418267637491226, 0.5102763772010803, 0.8576121926307678),
            ["LeftLowerArm"] = CFrame.new(-0.0004909038543701172, -0.00009924173355102539, -4.470348358154297e-08, 1, -2.607703493140434e-07, 8.940698847936801e-08, 2.9802325229866256e-07, 0.8964914083480835, -0.44306129217147827, -2.980232594040899e-08, 0.4430612325668335, 0.8964914679527283),
            ["LowerTorso"] = CFrame.new(-0.37109097838401794, -0.1331404447555542, 0.02595040388405323, 0.9863231778144836, -0.07207117229700089, -0.14823076128959656, 0.0762343779206276, 0.9968339800834656, 0.02259138412773609, 0.14613325893878937, -0.03358268365263939, 0.9886947870254517),
            ["Head"] = CFrame.new(4.842877388000488e-08, -7.152557373046875e-07, -1.1175870895385742e-08, 0.9951436519622803, 0.05508199334144592, 0.08157967031002045, -0.041703131049871445, 0.9866441488265991, -0.1574619561433792, -0.08916342258453369, 0.1532951146364212, 0.9841496348381042),
            ["RightUpperArm"] = CFrame.new(-0.005247354507446289, -0.10447132587432861, -9.685754776000977e-08, 0.6706739664077759, -0.5987444519996643, 0.4378598928451538, 0.4801141619682312, -0.09955509006977081, -0.8715343475341797, 0.56540846824646, 0.7947288155555725, 0.22069570422172546),
            ["UpperTorso"] = CFrame.new(4.540197551250458e-09, 2.086162567138672e-07, -9.313225746154785e-09, 0.9903293251991272, 0.1212504431605339, 0.06742478907108307, -0.13168880343437195, 0.9744709730148315, 0.18183639645576477, -0.04365575313568115, -0.18895703554153442, 0.9810145497322083),
            ["HumanoidRootPart"] = CFrame.new(0, 0, 0, 1, 0, 0, 0, 1, 0, 0, 0, 1),
            ["RightHand"] = CFrame.new(4.172325134277344e-07, 6.556510925292969e-07, -1.1920928955078125e-07, 0.7656099796295166, -0.6140134930610657, 0.1919088363647461, 0.6431935429573059, 0.7361794710159302, -0.2105754315853119, -0.01198319997638464, 0.28465309739112854, 0.9585557579994202),
            ["LeftUpperArm"] = CFrame.new(0.005247294902801514, -0.10447061061859131, -5.21540641784668e-08, 0.2310868501663208, 0.8374769687652588, -0.49522197246551514, -0.42308908700942993, -0.37184634804725647, -0.826267659664154, -0.8761247396469116, 0.4004530906677246, 0.26839694380760193),
            ["RightLowerArm"] = CFrame.new(-0.000009179115295410156, 8.344650268554688e-07, -6.258487701416016e-07, 1, 6.70552182668871e-08, -1.6391277313232422e-07, -1.4528630742915993e-07, 0.5010362267494202, -0.8654263019561768, 4.470347647611561e-08, 0.8654263019561768, 0.5010362267494202),
            ["LeftHand"] = CFrame.new(1.1920928955078125e-07, 0.0001010894775390625, 2.980232238769531e-07, 0.8239015340805054, 0.565694272518158, 0.03430018201470375, -0.5397158265113831, 0.8016501069068909, -0.25702938437461853, -0.17289672791957855, 0.19325454533100128, 0.9657947421073914),
            ["RightUpperLeg"] = CFrame.new(1.7881393432617188e-07, -3.075692802667618e-07, -6.502523319795728e-08, 0.9980647563934326, -0.024569261819124222, 0.057123783975839615, 0.061769187450408936, 0.2858869433403015, -0.9562705755233765, 0.00716400146484375, 0.9579483866691589, 0.2868511378765106),
            ["LeftUpperLeg"] = CFrame.new(-2.980232238769531e-07, -9.033828973770142e-07, 2.2351741790771484e-08, 0.9881694316864014, -0.035119086503982544, 0.1492912918329239, 0.08167719841003418, 0.9444093108177185, -0.31846511363983154, -0.12980778515338898, 0.326891154050827, 0.9361047148704529),
            ["RightLowerLeg"] = CFrame.new(3.725290298461914e-08, -0.0000036954879760742188, -0.000013383272744249552, 1, -2.6635825634002686e-07, -4.768377266373136e-07, 2.5331982556053845e-07, -0.5197583436965942, 0.8543131947517395, -4.6566145783799584e-07, -0.8543134331703186, -0.5197587013244629),
            ["RightFoot"] = CFrame.new(2.1420419216156006e-08, 3.5762786865234375e-07, 2.4047039914876223e-08, 0.9822757244110107, 0.1436184048652649, 0.12045105546712875, -0.11301723122596741, 0.96644526720047, -0.23067398369312286, -0.14953826367855072, 0.21297264099121094, 0.9655470252037048),
            ["LeftLowerLeg"] = CFrame.new(-1.0337680578231812e-07, 0.000003874301910400391, 0.00001325458288192749, 1, -4.1443851017675115e-08, -1.527369164477932e-07, 5.2386901927548024e-08, 0.6783089637756348, 0.7347771525382996, -1.7229469051471824e-07, -0.7347769141197205, 0.6783086061477661),
        }},
        {Time = 0.100, Data = {
            ["LeftFoot"] = CFrame.new(7.450580596923828e-08, 0, 3.725290298461914e-09, 0.9892222285270691, 0.14485126733779907, -0.02138950675725937, -0.1315704584121704, 0.8152453899383545, -0.563971996307373, -0.06425445526838303, 0.5607078075408936, 0.8255168199539185),
            ["LeftLowerArm"] = CFrame.new(-0.0004909932613372803, -0.00010001659393310547, 3.8743019104003906e-07, 1, -2.7567151050789107e-07, 1.210719204891575e-07, 2.5331974029541016e-07, 0.8001503944396973, -0.5997994542121887, -2.9802322387695312e-08, 0.5997994542121887, 0.8001503348350525),
            ["LowerTorso"] = CFrame.new(-0.3422744572162628, -0.18049705028533936, 0.0013734799576923251, 0.9882542490959167, -0.03756562992930412, -0.14812970161437988, 0.046356670558452606, 0.9973344802856445, 0.05634709820151329, 0.14561814069747925, -0.0625520572066307, 0.987361490726471),
            ["Head"] = CFrame.new(4.842877388000488e-08, -7.152557373046875e-07, -1.2479722499847412e-07, 0.9946317076683044, 0.06613241881132126, 0.0795888677239418, -0.05238516628742218, 0.9850896596908569, -0.1638725847005844, -0.0892394632101059, 0.15882356464862823, 0.98326575756073),
            ["RightUpperArm"] = CFrame.new(-0.005247354507446289, -0.10447132587432861, -1.2665987014770508e-07, 0.7343540191650391, -0.5727769732475281, 0.3642369508743286, 0.41256749629974365, -0.049460023641586304, -0.9095804691314697, 0.5389918088912964, 0.8182178139686584, 0.19998741149902344),
            ["UpperTorso"] = CFrame.new(6.100162863731384e-08, 1.4901161193847656e-07, -2.0489096641540527e-08, 0.9954676628112793, 0.07498380541801453, 0.05849360674619675, -0.08279002457857132, 0.9859555959701538, 0.14504314959049225, -0.04679618403315544, -0.14922843873500824, 0.9876947999000549),
            ["HumanoidRootPart"] = CFrame.new(0, 0, 0, 1, 0, 0, 0, 1, 0, 0, 0, 1),
            ["RightHand"] = CFrame.new(2.384185791015625e-07, 5.960464477539062e-07, -3.5762786865234375e-07, 0.7654851078987122, -0.6087393164634705, 0.20849256217479706, 0.6422600150108337, 0.7425709366798401, -0.18997491896152496, -0.03917532414197922, 0.2793292999267578, 0.9593958854675293),
            ["LeftUpperArm"] = CFrame.new(0.005247354507446289, -0.10447096824645996, -1.341104507446289e-07, 0.23403605818748474, 0.8564711213111877, -0.4601053297519684, -0.3906762897968292, -0.35050538182258606, -0.8511821031570435, -0.8902803659439087, 0.37895017862319946, 0.2525709271430969),
            ["RightLowerArm"] = CFrame.new(-0.000008761882781982422, 8.344650268554688e-07, -6.705522537231445e-07, 1, 5.308539385850963e-08, -1.3411046495548362e-07, -1.7136336794010276e-07, 0.3831368386745453, -0.9236916899681091, 5.960465188081798e-08, 0.9236916899681091, 0.3831368684768677),
            ["LeftHand"] = CFrame.new(-7.748603820800781e-07, 0.00010079145431518555, -1.3597309589385986e-07, 0.8235153555870056, 0.5649769306182861, 0.05122147873044014, -0.5359308123588562, 0.8044146299362183, -0.2563108801841736, -0.18601295351982117, 0.18362483382225037, 0.9652363657951355),
            ["RightUpperLeg"] = CFrame.new(1.1920928955078125e-07, 4.6100467443466187e-08, -6.129994289949536e-08, 0.9994136691093445, 0.01742713712155819, 0.029475074261426926, 0.020964866504073143, 0.3691665828227997, -0.9291269183158875, -0.02707323245704174, 0.9291998744010925, 0.3685845732688904),
            ["LeftUpperLeg"] = CFrame.new(-2.384185791015625e-07, -5.066394805908203e-07, 3.725290298461914e-08, 0.9868215322494507, -0.04570881649851799, 0.15522223711013794, 0.10116313397884369, 0.9229642748832703, -0.3713531494140625, -0.12629057466983795, 0.3821619153022766, 0.9154250025749207),
            ["RightLowerLeg"] = CFrame.new(3.725290298461914e-08, -0.0000037550926208496094, -0.000013244040019344538, 1, -2.9662618317161105e-07, -3.129246124444762e-07, 2.79396800806353e-07, -0.023703429847955704, 0.9997191429138184, -3.1478705864174117e-07, -0.9997190237045288, -0.023702962324023247),
            ["RightFoot"] = CFrame.new(4.470348358154297e-08, 2.980232238769531e-07, -5.790934665128589e-08, 0.9932523369789124, 0.07732398808002472, 0.08643446117639542, -0.08833600580692291, 0.9873265027999878, 0.1318455934524536, -0.07514416426420212, -0.13859108090400696, 0.9874947667121887),
            ["LeftLowerLeg"] = CFrame.new(-2.9802322387695312e-08, 0.000003874301910400391, 0.00001345016062259674, 1, 1.0197984323667697e-07, 1.685693860054016e-07, -1.6391277313232422e-07, 0.6119760274887085, 0.790876567363739, 1.5739351511001587e-07, -0.7908763885498047, 0.6119757294654846),
        }},
        {Time = 0.133, Data = {
            ["LeftFoot"] = CFrame.new(-3.934837877750397e-08, 0, -4.0978193283081055e-08, 0.9916667938232422, 0.12715977430343628, -0.02067696861922741, -0.11465826630592346, 0.7979583740234375, -0.5917059183120728, -0.05874205008149147, 0.589145839214325, 0.805888831615448),
            ["LeftLowerArm"] = CFrame.new(-0.0004908740520477295, -0.0000998377799987793, -2.086162567138672e-07, 1, -1.6391278734317893e-07, 2.011657045386528e-07, 3.427267927236244e-07, 0.663892388343811, -0.7478280663490295, -1.4901164746561335e-08, 0.7478280663490295, 0.663892388343811),
            ["LowerTorso"] = CFrame.new(-0.3118095397949219, -0.2090376615524292, -0.02384066767990589, 0.9890444278717041, -0.004520028829574585, -0.14754892885684967, 0.016979601234197617, 0.9963803887367249, 0.08329380303621292, 0.14663836359977722, -0.0848865956068039, 0.9855412840843201),
            ["Head"] = CFrame.new(7.078051567077637e-08, -7.152557373046875e-07, -1.862645149230957e-09, 0.993666410446167, 0.08225760608911514, 0.0765565037727356, -0.06820189207792282, 0.9829257726669312, -0.17089596390724182, -0.08930687606334686, 0.16459226608276367, 0.98231041431427),
            ["RightUpperArm"] = CFrame.new(-0.005247354507446289, -0.10447120666503906, -2.2351741790771484e-08, 0.7893695831298828, -0.5434814095497131, 0.2855511009693146, 0.3441239595413208, 0.006513733882457018, -0.9388996958732605, 0.5084038972854614, 0.8393959403038025, 0.19216640293598175),
            ["UpperTorso"] = CFrame.new(-3.725290298461914e-08, 2.682209014892578e-07, -1.1175870895385742e-08, 0.9984161257743835, 0.023428965359926224, 0.051150958985090256, -0.029091941192746162, 0.9931764006614685, 0.11293552815914154, -0.04815598949790001, -0.11424476653337479, 0.9922848343849182),
            ["HumanoidRootPart"] = CFrame.new(0, 0, 0, 1, 0, 0, 0, 1, 0, 0, 0, 1),
            ["RightHand"] = CFrame.new(2.980232238769531e-07, 1.7881393432617188e-07, -2.682209014892578e-07, 0.7685445547103882, -0.5975557565689087, 0.22861890494823456, 0.6358642578125, 0.7529476284980774, -0.16954822838306427, -0.07082351297140121, 0.2756759226322174, 0.958638072013855),
            ["LeftUpperArm"] = CFrame.new(0.005247354507446289, -0.10447072982788086, 0, 0.252114862203598, 0.8781750202178955, -0.4065190553665161, -0.35154154896736145, -0.308268666267395, -0.8839590549468994, -0.9015856981277466, 0.3657582104206085, 0.23099491000175476),
            ["RightLowerArm"] = CFrame.new(-0.000008672475814819336, 8.940696716308594e-07, -9.238719940185547e-07, 1, -3.3527616238870905e-08, -1.6391278734317893e-07, -7.4505820180093e-08, 0.2755337059497833, -0.961291491985321, 2.980232949312267e-08, 0.961291491985321, 0.27553364634513855),
            ["LeftHand"] = CFrame.new(-8.344650268554688e-07, 0.00010061264038085938, -2.2351741790771484e-07, 0.8226462006568909, 0.5647002458572388, 0.06608240306377411, -0.5324594974517822, 0.8059524893760681, -0.2587035000324249, -0.19934920966625214, 0.17763526737689972, 0.9636937379837036),
            ["RightUpperLeg"] = CFrame.new(5.960464477539063e-08, -3.5046832635998726e-07, -3.708555595949292e-08, 0.9962413311004639, 0.04779698699712753, 0.07224033027887344, 0.02841714210808277, 0.607481837272644, -0.7938251495361328, -0.08182720094919205, 0.7928942441940308, 0.6038401126861572),
            ["LeftUpperLeg"] = CFrame.new(-3.5762786865234375e-07, -9.434297680854797e-07, 1.4901161193847656e-08, 0.9856080412864685, -0.05671367794275284, 0.15924973785877228, 0.11575707048177719, 0.9129549264907837, -0.39129745960235596, -0.12319573760032654, 0.4041002094745636, 0.9063805937767029),
            ["RightLowerLeg"] = CFrame.new(0, -0.000003635883331298828, -0.000013350909284781665, 1, -2.6356423177276156e-07, -1.6298156424454646e-07, 2.3655596237404097e-07, 0.47725385427474976, 0.8787651062011719, -1.350417875300991e-07, -0.8787654042243958, 0.4772546887397766),
            ["RightFoot"] = CFrame.new(-1.862645149230957e-09, 3.5762786865234375e-07, -7.617927622050047e-09, 0.9985505938529968, 0.050991784781217575, 0.01722005382180214, -0.05061522498726845, 0.9984840154647827, -0.02162947878241539, -0.018296806141734123, 0.020726695656776428, 0.9996178150177002),
            ["LeftLowerLeg"] = CFrame.new(-1.5832483768463135e-08, 0.000003874301910400391, 0.00001329183578491211, 1, 7.450579886381092e-08, 7.823107495141812e-08, -1.341104365337742e-07, 0.585665762424469, 0.8105528354644775, 9.313224325069314e-08, -0.810552716255188, 0.5856655836105347),
        }},
        {Time = 0.167, Data = {
            ["LeftFoot"] = CFrame.new(-9.685754776000977e-08, -5.960464477539063e-08, 1.1175870895385742e-08, 0.9945217370986938, 0.10396535694599152, -0.010857831686735153, -0.09166648983955383, 0.8174892067909241, -0.5686020851135254, -0.050238680094480515, 0.5664828419685364, 0.8225411772727966),
            ["LeftLowerArm"] = CFrame.new(-0.0004915893077850342, -0.0000997781753540039, -4.172325134277344e-07, 1, -1.7508865823856468e-07, 2.3841860752327193e-07, 2.60770320892334e-07, 0.5006728172302246, -0.8656366467475891, 2.9802322387695312e-08, 0.8656366467475891, 0.5006728172302246),
            ["LowerTorso"] = CFrame.new(-0.2800629138946533, -0.21711599826812744, -0.04791634529829025, 0.9889320731163025, 0.025350308045744896, -0.14618800580501556, -0.010152231901884079, 0.9945478439331055, 0.10378576070070267, 0.14802198112010956, -0.1011529192328453, 0.9837976098060608),
            ["Head"] = CFrame.new(6.705522537231445e-08, -7.152557373046875e-07, -6.705522537231445e-08, 0.9924323558807373, 0.09951947629451752, 0.07192977517843246, -0.08531557768583298, 0.9801471829414368, -0.17897719144821167, -0.08831348270177841, 0.1714860051870346, 0.9812203645706177),
            ["RightUpperArm"] = CFrame.new(-0.005247354507446289, -0.10447120666503906, -5.960464477539063e-08, 0.8328036069869995, -0.5122919678688049, 0.2097824364900589, 0.2796456515789032, 0.06227730214595795, -0.9580802321434021, 0.47774115204811096, 0.8565502762794495, 0.19512483477592468),
            ["UpperTorso"] = CFrame.new(-1.210719347000122e-08, 1.1920928955078125e-07, 3.725290298461914e-09, 0.9985920786857605, -0.027781937271356583, 0.04518887773156166, 0.02387770265340805, 0.9961158037185669, 0.08475412428379059, -0.047367990016937256, -0.08355577290058136, 0.995376706123352),
            ["HumanoidRootPart"] = CFrame.new(0, 0, 0, 1, 0, 0, 0, 1, 0, 0, 0, 1),
            ["RightHand"] = CFrame.new(2.9802322387695312e-08, 2.384185791015625e-07, -2.60770320892334e-07, 0.7721542716026306, -0.5843496918678284, 0.24962641298770905, 0.627167284488678, 0.7640034556388855, -0.1515253335237503, -0.10217171907424927, 0.27355846762657166, 0.9564135670661926),
            ["LeftUpperArm"] = CFrame.new(0.005247354507446289, -0.10447072982788086, -5.960464477539063e-08, 0.28935402631759644, 0.902084469795227, -0.32019877433776855, -0.29927942156791687, -0.23247744143009186, -0.9254094958305359, -0.9092337489128113, 0.363590270280838, 0.20270659029483795),
            ["RightLowerArm"] = CFrame.new(-0.000008434057235717773, 7.152557373046875e-07, -8.046627044677734e-07, 1, -5.5879347371501353e-08, -1.4901159772762185e-07, -1.1175870895385742e-07, 0.18723507225513458, -0.9823151230812073, 7.450580596923828e-08, 0.982315182685852, 0.18723510205745697),
            ["LeftHand"] = CFrame.new(-5.960464477539062e-07, 0.0001004934310913086, -4.917383193969727e-07, 0.8217304944992065, 0.5641491413116455, 0.08059028536081314, -0.5280584096908569, 0.8069520592689514, -0.2645428478717804, -0.214274063706398, 0.17482659220695496, 0.9610006809234619),
            ["RightUpperLeg"] = CFrame.new(1.7881393432617188e-07, -5.844049155712128e-07, -3.708555595949292e-08, 0.9945215582847595, 0.046053484082221985, 0.09383971989154816, 0.037839557975530624, 0.6782258749008179, -0.7338789701461792, -0.09744227677583694, 0.7334091067314148, 0.6727672815322876),
            ["LeftUpperLeg"] = CFrame.new(-2.980232238769531e-07, -8.828938007354736e-07, 3.725290298461914e-08, 0.9845162034034729, -0.06240953505039215, 0.16380749642848969, 0.12664277851581573, 0.8993414044380188, -0.41850554943084717, -0.1212003231048584, 0.43277034163475037, 0.8933197855949402),
            ["RightLowerLeg"] = CFrame.new(5.587935447692871e-09, -0.0000036954879760742188, -0.00001316767156822607, 1, -1.937150670983101e-07, -1.271256024892864e-07, 1.8533322077018966e-07, 0.5620254278182983, 0.8271192908287048, -1.2759120693317527e-07, -0.8271199464797974, 0.5620263814926147),
            ["RightFoot"] = CFrame.new(1.5832483768463135e-08, 3.5762786865234375e-07, 7.639755494892597e-10, 0.999893307685852, 0.011643663980066776, -0.008823186159133911, -0.013529928401112556, 0.9658727645874023, -0.25866302847862244, 0.005510401446372271, 0.2587551772594452, 0.9659274220466614),
            ["LeftLowerLeg"] = CFrame.new(2.3283064365386963e-08, 0.0000037550926208496094, 0.000013282522559165955, 1, -1.4156097449813387e-07, -2.2351745343485163e-08, 7.543712854385376e-08, 0.5476472973823547, 0.836709201335907, 2.7939677238464355e-09, -0.8367093205451965, 0.5476476550102234),
        }},
        {Time = 0.200, Data = {
            ["LeftFoot"] = CFrame.new(-2.852175384759903e-08, 0, -2.2351741790771484e-08, 0.9975088238716125, 0.07004451751708984, 0.008361032232642174, -0.05887937918305397, 0.8920028209686279, -0.4481789469718933, -0.038850389420986176, 0.44657012820243835, 0.8939048051834106),
            ["LeftLowerArm"] = CFrame.new(-0.0004914700984954834, -0.00010019540786743164, -8.121132850646973e-07, 1, -2.1606683731079102e-07, 2.8312206268310547e-07, 3.2130625982063066e-07, 0.314860075712204, -0.9491381049156189, 1.4156101713069802e-07, 0.9491381049156189, 0.31486010551452637),
            ["LowerTorso"] = CFrame.new(-0.2479831725358963, -0.2121337652206421, -0.06922338902950287, 0.988396406173706, 0.05256229639053345, -0.14251242578029633, -0.035284627228975296, 0.9920057058334351, 0.12116057425737381, 0.14774160087108612, -0.11472618579864502, 0.9823494553565979),
            ["Head"] = CFrame.new(7.82310962677002e-08, -7.152557373046875e-07, 5.587935447692871e-09, 0.9913128614425659, 0.11391283571720123, 0.06574726104736328, -0.09985747188329697, 0.9771861433982849, -0.18744581937789917, -0.08559978753328323, 0.17925207316875458, 0.9800722002983093),
            ["RightUpperArm"] = CFrame.new(-0.0052474141120910645, -0.10447144508361816, -2.9802322387695312e-08, 0.8641723394393921, -0.4820440113544464, 0.14440026879310608, 0.2249496430158615, 0.11337926238775253, -0.9677507281303406, 0.4501154124736786, 0.8687800765037537, 0.20641474425792694),
            ["UpperTorso"] = CFrame.new(0, 2.980232238769531e-07, -7.450580596923828e-09, 0.9964386820793152, -0.07490701973438263, 0.038714997470378876, 0.07262209802865982, 0.9957068562507629, 0.0573924258351326, -0.04284787178039551, -0.05437646806240082, 0.997600793838501),
            ["HumanoidRootPart"] = CFrame.new(0, 0, 0, 1, 0, 0, 0, 1, 0, 0, 0, 1),
            ["RightHand"] = CFrame.new(3.2782554626464844e-07, 6.556510925292969e-07, -5.140900611877441e-07, 0.7762914896011353, -0.5701678991317749, 0.2688497304916382, 0.6167556047439575, 0.7751523852348328, -0.1369357407093048, -0.13032318651676178, 0.2721165716648102, 0.9533984065055847),
            ["LeftUpperArm"] = CFrame.new(0.005247294902801514, -0.10447084903717041, -8.195638656616211e-08, 0.3339192271232605, 0.9189205169677734, -0.2099790722131729, -0.2405780553817749, -0.1323019117116928, -0.9615702629089355, -0.9113836884498596, 0.3715931177139282, 0.1768936812877655),
            ["RightLowerArm"] = CFrame.new(-0.000008553266525268555, 8.940696716308594e-07, -0.0000016242265701293945, 1, -4.470347647611561e-08, -1.2665984172599565e-07, -1.1920930376163597e-07, 0.11487716436386108, -0.9933797121047974, 8.195639367158947e-08, 0.9933797121047974, 0.1148771420121193),
            ["LeftHand"] = CFrame.new(-7.748603820800781e-07, 0.0001004934310913086, 8.940696716308594e-08, 0.8209458589553833, 0.563068687915802, 0.09487733244895935, -0.5222938656806946, 0.8076267242431641, -0.27376651763916016, -0.23077493906021118, 0.17519371211528778, 0.9571051001548767),
            ["RightUpperLeg"] = CFrame.new(5.960464477539063e-08, -1.8370337784290314e-07, -5.4315023589879274e-08, 0.9939637184143066, 0.04448138177394867, 0.10028810054063797, 0.0453963428735733, 0.6654374599456787, -0.7450718879699707, -0.09987729787826538, 0.7451271414756775, 0.6594014763832092),
            ["LeftUpperLeg"] = CFrame.new(-2.384185791015625e-07, -7.487833499908447e-07, 5.21540641784668e-08, 0.9831385016441345, -0.054251234978437424, 0.1746295988559723, 0.13730202615261078, 0.8497424125671387, -0.5090049505233765, -0.12077628076076508, 0.5243993401527405, 0.8428633213043213),
            ["RightLowerLeg"] = CFrame.new(-2.7474015951156616e-08, -0.0000036954879760742188, -0.000013316217518877238, 1, -5.09200560827594e-07, -3.05706777226078e-07, 4.178146468802879e-07, 0.5374966263771057, 0.8432654142379761, -3.159512118600105e-07, -0.8432658910751343, 0.537497341632843),
            ["RightFoot"] = CFrame.new(1.2398231774568558e-08, 4.172325134277344e-07, -2.0656443666666746e-08, 0.9998885989189148, -0.007958889938890934, -0.01262978371232748, 0.0040302942506968975, 0.9585312008857727, -0.2849586308002472, 0.014374089427292347, 0.28487664461135864, 0.9584566950798035),
            ["LeftLowerLeg"] = CFrame.new(1.6111880540847778e-07, 0.000003933906555175781, 0.000013329088687896729, 1, -2.21189168314595e-07, -5.215405707303944e-08, 1.0058285937475375e-07, 0.4152415692806244, 0.9097112417221069, -6.519259443393821e-08, -0.9097111821174622, 0.4152415692806244),
        }},
        {Time = 0.233, Data = {
            ["LeftFoot"] = CFrame.new(3.40660335496068e-08, -5.960464477539063e-08, 1.1175870895385742e-08, 0.9990189671516418, 0.041492775082588196, 0.01547767873853445, -0.03435043618083, 0.9466160535812378, -0.32052841782569885, -0.02795105241239071, 0.3196820616722107, 0.9471125602722168),
            ["LeftLowerArm"] = CFrame.new(-0.000491023063659668, -0.0000998377799987793, 1.6391277313232422e-07, 1, -1.471489667892456e-07, 2.9057267170173873e-07, 3.296882198355888e-07, 0.144627645611763, -0.9894861578941345, 1.1175872316471214e-07, 0.9894861578941345, 0.14462770521640778),
            ["LowerTorso"] = CFrame.new(-0.21908481419086456, -0.18815791606903076, -0.086842380464077, 0.9879323244094849, 0.07770489156246185, -0.13398391008377075, -0.05964844301342964, 0.9892014265060425, 0.1338755190372467, 0.14293985068798065, -0.12426802515983582, 0.981899082660675),
            ["Head"] = CFrame.new(1.1548399925231934e-07, -0.0000011920928955078125, -5.587935447692871e-08, 0.9905880689620972, 0.12362717092037201, 0.05875006690621376, -0.1099272146821022, 0.974284291267395, -0.1966879814863205, -0.08155525475740433, 0.18837852776050568, 0.9787044525146484),
            ["RightUpperArm"] = CFrame.new(-0.00524747371673584, -0.10447168350219727, -6.705522537231445e-08, 0.8856796026229858, -0.45512112975120544, 0.09190547466278076, 0.1818161904811859, 0.15782687067985535, -0.9705836772918701, 0.427217036485672, 0.8763307332992554, 0.2225324660539627),
            ["UpperTorso"] = CFrame.new(3.3527612686157227e-08, 5.066394805908203e-07, 3.166496753692627e-08, 0.9928076267242432, -0.11615167558193207, 0.029016822576522827, 0.11512936651706696, 0.9927434921264648, 0.03472202271223068, -0.03283926472067833, -0.031131578609347343, 0.9989756941795349),
            ["HumanoidRootPart"] = CFrame.new(0, 0, 0, 1, 0, 0, 0, 1, 0, 0, 0, 1),
            ["RightHand"] = CFrame.new(1.4901161193847656e-07, 7.748603820800781e-07, -2.2351741790771484e-07, 0.7797641754150391, -0.5570132732391357, 0.2858392596244812, 0.606695830821991, 0.7849884629249573, -0.1253528892993927, -0.15455734729766846, 0.27116313576698303, 0.9500435590744019),
            ["LeftUpperArm"] = CFrame.new(0.005247533321380615, -0.10447108745574951, -8.940696716308594e-08, 0.37680482864379883, 0.9219555854797363, -0.08957722783088684, -0.18054696917533875, -0.021751785650849342, -0.9833258390426636, -0.9085268378257751, 0.386684387922287, 0.1582600623369217),
            ["RightLowerArm"] = CFrame.new(-0.000008404254913330078, 7.748603820800781e-07, -0.000001087784767150879, 1, -2.2351738238057806e-08, -1.7136333951839333e-07, -6.705521116145974e-08, 0.05404796078801155, -0.9985383749008179, 7.450579175838357e-08, 0.9985383152961731, 0.0540478490293026),
            ["LeftHand"] = CFrame.new(-8.940696716308594e-07, 0.00010061264038085938, 1.1920928955078125e-07, 0.8201836943626404, 0.5623048543930054, 0.10541335493326187, -0.516252875328064, 0.8068497180938721, -0.2871871888637543, -0.24653956294059753, 0.18112635612487793, 0.9520564675331116),
            ["RightUpperLeg"] = CFrame.new(2.384185791015625e-07, -5.343463271856308e-08, -1.3802491594105959e-08, 0.9938929677009583, 0.03565626218914986, 0.10442911833524704, 0.0529509037733078, 0.6761806011199951, -0.7348304390907288, -0.09681422263383865, 0.7358725666999817, 0.6701633334159851),
            ["LeftUpperLeg"] = CFrame.new(-1.7881393432617188e-07, -4.917383193969727e-07, 7.450580596923828e-08, 0.9811514616012573, -0.03759019076824188, 0.18954913318157196, 0.14930911362171173, 0.7701631784439087, -0.6201254725456238, -0.12267313152551651, 0.6367383599281311, 0.7612591981887817),
            ["RightLowerLeg"] = CFrame.new(-1.6763806343078613e-08, -0.000003814697265625, -0.000013257544196676463, 1, -3.1944355782798084e-07, -1.6810378156151273e-07, 3.036110740595177e-07, 0.5537381768226624, 0.8326904773712158, -1.667066982236065e-07, -0.832690954208374, 0.5537388324737549),
            ["RightFoot"] = CFrame.new(-5.122274160385132e-09, 4.172325134277344e-07, -1.0986695997416973e-09, 0.9995484948158264, -0.025714438408613205, -0.015543370507657528, 0.020082714036107063, 0.9565184712409973, -0.2909792959690094, 0.02234988659620285, 0.29053598642349243, 0.9566031098365784),
            ["LeftLowerLeg"] = CFrame.new(-2.6193447411060333e-08, 0.000003874301910400391, 0.000013191252946853638, 1, 1.407461240887642e-07, 1.37253621801392e-07, -1.430744447361576e-07, 0.24159160256385803, 0.970378041267395, 7.532072032745418e-08, -0.9703781008720398, 0.24159154295921326),
        }},
        {Time = 0.267, Data = {
            ["LeftFoot"] = CFrame.new(-4.691537469625473e-08, 5.960464477539063e-08, -2.60770320892334e-08, 0.9994528889656067, 0.030235333368182182, 0.013409257866442204, -0.024831367656588554, 0.9537206888198853, -0.2996673285961151, -0.021849250420928, 0.2991703748703003, 0.953949511051178),
            ["LeftLowerArm"] = CFrame.new(-0.0004909932613372803, -0.00009989738464355469, 0, 1, -6.705522537231445e-08, 2.905726432800293e-07, 2.868473529815674e-07, -0.00020508840680122375, -1, 1.0803341865539551e-07, 1, -0.00020508095622062683),
            ["LowerTorso"] = CFrame.new(-0.19688093662261963, -0.13029253482818604, -0.09985408931970596, 0.9881236553192139, 0.09846467524766922, -0.11796770244836807, -0.08155083656311035, 0.9867164492607117, 0.140499547123909, 0.13023491203784943, -0.12921054661273956, 0.9830277562141418),
            ["Head"] = CFrame.new(6.51925802230835e-08, -9.5367431640625e-07, -1.1734664440155029e-07, 0.9903641939163208, 0.12855064868927002, 0.0515122152864933, -0.11541671305894852, 0.9717233180999756, -0.20599211752414703, -0.07653605192899704, 0.19806185364723206, 0.9771968722343445),
            ["RightUpperArm"] = CFrame.new(-0.0052474141120910645, -0.10447144508361816, -1.4901161193847656e-07, 0.8995583653450012, -0.4338471293449402, 0.05080064386129379, 0.14870481193065643, 0.19481079280376434, -0.9695025086402893, 0.41070857644081116, 0.8796734809875488, 0.23975878953933716),
            ["UpperTorso"] = CFrame.new(3.725290298461914e-08, 2.384185791015625e-07, 7.450580596923828e-09, 0.988840639591217, -0.14845570921897888, 0.012452960945665836, 0.148214653134346, 0.988783061504364, 0.018453940749168396, -0.015052874572575092, -0.016402294859290123, 0.9997521638870239),
            ["HumanoidRootPart"] = CFrame.new(0, 0, 0, 1, 0, 0, 0, 1, 0, 0, 0, 1),
            ["RightHand"] = CFrame.new(8.940696716308594e-08, 4.172325134277344e-07, -4.023313522338867e-07, 0.7816058993339539, -0.5468158721923828, 0.30014097690582275, 0.5989296436309814, 0.7923303842544556, -0.1161724179983139, -0.1742858737707138, 0.27056437730789185, 0.9467943906784058),
            ["LeftUpperArm"] = CFrame.new(0.00524747371673584, -0.10447072982788086, -1.341104507446289e-07, 0.4134320914745331, 0.9102575182914734, 0.022683460265398026, -0.12876567244529724, 0.08310545235872269, -0.9881864786148071, -0.901384174823761, 0.40561655163764954, 0.15156833827495575),
            ["RightLowerArm"] = CFrame.new(-0.000008761882781982422, 8.344650268554688e-07, -0.0000017285346984863281, 1, -5.960465188081798e-08, -1.713633963618122e-07, -1.7881397695873602e-07, 0.007586234249174595, -0.9999712109565735, 3.3527619791584584e-08, 0.9999712705612183, 0.007586253806948662),
            ["LeftHand"] = CFrame.new(-6.556510925292969e-07, 0.0001010894775390625, -2.682209014892578e-07, 0.8195466995239258, 0.5626659989356995, 0.10839824378490448, -0.5110841393470764, 0.8033164143562317, -0.30573827028274536, -0.2591066062450409, 0.1951662302017212, 0.9459249973297119),
            ["RightUpperLeg"] = CFrame.new(1.1920928955078125e-07, -2.100132405757904e-07, -3.5222910810261965e-08, 0.9945666193962097, 0.013604148291051388, 0.10321006178855896, 0.06103699281811714, 0.7269327044487, -0.6839907765388489, -0.08433187752962112, 0.6865739226341248, 0.722152590751648),
