return {
    ["Slap It"] = {
        {Time = 0.000, Data = {
            ["RightFoot"] = CFrame.new(5.960464477539063e-08, 3.5762786865234375e-07, -3.55576048605144e-08, 0.8638240098953247, 0.49933668971061707, 0.06686736643314362, -0.48929476737976074, 0.7999272346496582, 0.34742864966392517, 0.11999478191137314, -0.3328351676464081, 0.9353193640708923),
            ["LeftLowerArm"] = CFrame.new(-5.066394805908203e-07, 0, -1.3969838619232178e-07, 1, -4.470347647611561e-08, 4.0978193283081055e-08, 7.450580596923828e-08, 0.46408161520957947, -0.8857924938201904, 7.450580596923828e-08, 0.8857924342155457, 0.4640815854072571),
            ["LeftFoot"] = CFrame.new(1.3597309589385986e-07, -1.7881393432617188e-07, 1.4901161193847656e-08, 0.9368704557418823, -0.3154742419719696, -0.15083038806915283, 0.34772419929504395, 0.8860330581665039, 0.30664846301078796, 0.036900896579027176, -0.33973726630210876, 0.9397962689399719),
            ["Head"] = CFrame.new(2.2351741790771484e-08, 1.1920928955078125e-07, -3.91155481338501e-08, 0.9755632281303406, -0.09182975441217422, 0.1996089220046997, 0.06271234154701233, 0.987057626247406, 0.14759576320648193, -0.21057920157909393, -0.1314709335565567, 0.968695878982544),
            ["LowerTorso"] = CFrame.new(-0.05489182844758034, 0.2934398651123047, 0.008409129455685616, 0.9511599540710449, -0.0018521819729357958, -0.30869290232658386, -0.029260627925395966, 0.9949387311935425, -0.09612902998924255, 0.3073085844516754, 0.10046663135290146, 0.9462916851043701),
            ["UpperTorso"] = CFrame.new(-1.210719347000122e-08, -2.9802322387695312e-08, -2.421438694000244e-08, 0.997412919998169, 0.033131133764982224, 0.06379641592502594, -0.02823607437312603, 0.9966959357261658, -0.0761585459113121, -0.06610886752605438, 0.0741601213812828, 0.995052695274353),
            ["HumanoidRootPart"] = CFrame.new(0, 0, 0, 1, 0, 0, 0, 1, 0, 0, 0, 1),
            ["RightUpperLeg"] = CFrame.new(0, -1.8835999071598053e-07, -4.639878170564771e-08, 0.7634857296943665, -0.6122625470161438, -0.20548486709594727, 0.5681800246238708, 0.7880461812019348, -0.23697000741958618, 0.3070194125175476, 0.06417077779769897, 0.9495373368263245),
            ["LeftUpperArm"] = CFrame.new(0, -3.5762786865234375e-07, 0, 0.30082330107688904, 0.7826573848724365, -0.5449337363243103, -0.6341423988342285, -0.2626173198223114, -0.7272521257400513, -0.7122982740402222, 0.5643401145935059, 0.4173147678375244),
            ["RightLowerArm"] = CFrame.new(-1.7881393432617188e-07, 5.960464477539062e-07, 5.364418029785156e-07, 1, -8.195637946073475e-08, 1.862645149230957e-09, 1.1175869474300271e-07, 0.6727206110954285, -0.7398965954780579, -2.2351738238057806e-08, 0.7398965954780579, 0.6727206707000732),
            ["LeftHand"] = CFrame.new(8.940696716308594e-08, 9.5367431640625e-07, -4.069879651069641e-07, 0.6519091129302979, 0.05115159600973129, -0.7565697431564331, -0.042825452983379364, 0.9986134171485901, 0.030614737421274185, 0.7570868730545044, 0.012442530132830143, 0.6531959772109985),
            ["RightHand"] = CFrame.new(1.4901161193847656e-07, 0, -9.499490261077881e-08, 0.9535017013549805, -0.13292011618614197, -0.27049365639686584, 0.008597969077527523, 0.9091255068778992, -0.4164334535598755, 0.3012651801109314, 0.39474430680274963, 0.8679956197738647),
            ["RightUpperArm"] = CFrame.new(2.384185791015625e-07, -2.384185791015625e-07, -1.4901161193847656e-08, -0.1259535849094391, -0.7621909379959106, 0.6349809169769287, 0.76531982421875, -0.481920450925827, -0.42665940523147583, 0.6312061548233032, 0.432224303483963, 0.6440194845199585),
            ["RightLowerLeg"] = CFrame.new(1.4901161193847656e-08, -0.000060617923736572266, -0.00007188150630099699, 1, -8.940696716308594e-08, -1.1920931797249068e-07, 7.823110337312755e-08, 0.6958115696907043, 0.7182241082191467, -2.980232594040899e-08, -0.7182244062423706, 0.6958119869232178),
            ["LeftUpperLeg"] = CFrame.new(2.9802322387695312e-08, -1.1140946298837662e-07, -1.4901161193847656e-08, 0.8378748297691345, 0.4315321147441864, 0.3342841863632202, -0.40596577525138855, 0.9020088911056519, -0.14687301218509674, -0.36490777134895325, -0.012646770104765892, 0.9309577941894531),
            ["LeftLowerLeg"] = CFrame.new(1.7881393432617188e-07, 0.00006073713302612305, 0.00007215701043605804, 1, 7.450581307466564e-08, 7.450581307466564e-08, -7.823110337312755e-08, 0.7289450168609619, 0.684572160243988, 3.9115551686563776e-08, -0.6845722198486328, 0.7289450764656067),
        }},
        {Time = 0.017, Data = {
            ["RightFoot"] = CFrame.new(-1.1920928955078125e-07, 2.980232238769531e-07, 1.246298779733479e-07, 0.8516431450843811, 0.5181071162223816, 0.0791781023144722, -0.5066455006599426, 0.7751114964485168, 0.37750816345214844, 0.13421764969825745, -0.3616176247596741, 0.9226150512695312),
            ["LeftLowerArm"] = CFrame.new(5.066394805908203e-07, -5.960464477539062e-07, -5.602487362921238e-08, 1, -7.450579886381092e-08, 1.0803339023368608e-07, 1.4901159417490817e-08, 0.37663018703460693, -0.9263637065887451, -9.313224857976365e-09, 0.9263637065887451, 0.37663009762763977),
            ["LeftFoot"] = CFrame.new(1.7136335372924805e-07, -5.960464477539063e-08, 0, 0.9305114150047302, -0.34776875376701355, -0.11491532623767853, 0.36624875664711, 0.8862624168395996, 0.2835504412651062, 0.0032351654954254627, -0.30593451857566833, 0.9520470499992371),
            ["Head"] = CFrame.new(-2.60770320892334e-08, 9.5367431640625e-07, 1.0337680578231812e-07, 0.9772456884384155, -0.08722700923681259, 0.19334523379802704, 0.05497770011425018, 0.9845425486564636, 0.16629333794116974, -0.20486187934875488, -0.15187960863113403, 0.9669355154037476),
            ["LowerTorso"] = CFrame.new(-0.05020926892757416, 0.2831845283508301, 0.010953846387565136, 0.9579153656959534, -0.0016558341449126601, -0.28704625368118286, -0.02422315627336502, 0.9959502816200256, -0.08658139407634735, 0.28602713346481323, 0.08989080041646957, 0.953995943069458),
            ["UpperTorso"] = CFrame.new(-6.51925802230835e-09, 2.086162567138672e-07, 1.7695128917694092e-08, 0.9980300068855286, 0.03174348548054695, 0.05411501228809357, -0.02635006234049797, 0.9948750734329224, -0.09761876612901688, -0.056936439126729965, 0.09600050002336502, 0.993751585483551),
            ["HumanoidRootPart"] = CFrame.new(0, 0, 0, 1, 0, 0, 0, 1, 0, 0, 0, 1),
            ["RightUpperLeg"] = CFrame.new(-2.9802322387695312e-08, 3.2514799386262894e-07, -5.3849362302571535e-08, 0.7824757099151611, -0.5850491523742676, -0.21318860352039337, 0.5416366457939148, 0.8083988428115845, -0.23048008978366852, 0.30718353390693665, 0.06487423926591873, 0.9494364261627197),
            ["LeftUpperArm"] = CFrame.new(1.1920928955078125e-07, 5.960464477539062e-07, -1.4901161193847656e-08, 0.3267623782157898, 0.7479454874992371, -0.5777575969696045, -0.5594475865364075, -0.33963480591773987, -0.756086528301239, -0.7617380619049072, 0.5702856779098511, 0.30745628476142883),
            ["RightLowerArm"] = CFrame.new(5.960464477539062e-07, 1.1920928955078125e-07, -4.470348358154297e-07, 1, -8.195638656616211e-08, 2.9802315282267955e-08, 7.450579175838357e-08, 0.443227618932724, -0.8964091539382935, 9.685752644372769e-08, 0.8964091539382935, 0.4432275593280792),
            ["LeftHand"] = CFrame.new(-5.960464477539063e-08, -2.980232238769531e-07, -2.980232238769531e-07, 0.5229610204696655, -0.00023730096290819347, -0.8523566126823425, 0.0000065788617575890385, 1, -0.00027443462749943137, 0.8523565530776978, 0.00013770161604043096, 0.5229609608650208),
            ["RightHand"] = CFrame.new(1.7881393432617188e-07, -2.384185791015625e-07, 1.862645149230957e-08, 0.9973706007003784, 0.004173188004642725, -0.07235062122344971, -0.02349930629134178, 0.9630210399627686, -0.2683999836444855, 0.06855481117963791, 0.269394189119339, 0.9605867862701416),
            ["RightUpperArm"] = CFrame.new(2.384185791015625e-07, 2.384185791015625e-07, 1.043081283569336e-07, -0.04119573161005974, -0.7302915453910828, 0.6818923354148865, 0.635339617729187, -0.5458703637123108, -0.5462318658828735, 0.7711331844329834, 0.41073083877563477, 0.48647066950798035),
            ["RightLowerLeg"] = CFrame.new(-1.862645149230957e-07, -0.000060617923736572266, -0.00007195601210696623, 1, -5.960463766996327e-08, 0, 1.601874828338623e-07, 0.7374303936958313, 0.6754228472709656, -5.960464477539063e-08, -0.6754232048988342, 0.7374306321144104),
            ["LeftUpperLeg"] = CFrame.new(0, -6.967457011342049e-08, -1.4901161193847656e-08, 0.8447299003601074, 0.43947893381118774, 0.3054339289665222, -0.413436621427536, 0.8982529044151306, -0.1490369290113449, -0.339855432510376, -0.00038157409289851785, 0.9404776692390442),
            ["LeftLowerLeg"] = CFrame.new(-1.564621925354004e-07, 0.00006085634231567383, 0.0000720582902431488, 1, 7.450579175838357e-08, 3.725289943190546e-08, -5.029141192380848e-08, 0.7378329634666443, 0.6749833226203918, 1.4901159417490817e-08, -0.6749832630157471, 0.7378330230712891),
        }},
        {Time = 0.033, Data = {
            ["RightFoot"] = CFrame.new(-1.1920928955078125e-07, 3.5762786865234375e-07, 3.149762051180005e-08, 0.8482038378715515, 0.5191768407821655, 0.10490916669368744, -0.51422119140625, 0.7596630454063416, 0.398106187582016, 0.12699170410633087, -0.39162176847457886, 0.9113208055496216),
            ["LeftLowerArm"] = CFrame.new(6.258487701416016e-07, 2.384185791015625e-07, -4.0815211832523346e-07, 1, -7.450579886381092e-08, 4.4703490686970326e-08, 5.960465188081798e-08, 0.3589337468147278, -0.933363139629364, 7.450581307466564e-08, 0.9333630800247192, 0.35893377661705017),
            ["LeftFoot"] = CFrame.new(-2.9802322387695312e-08, -5.960464477539063e-08, -7.450580596923828e-08, 0.9213362336158752, -0.37545245885849, -0.10087087750434875, 0.38837066292762756, 0.8771678805351257, 0.2823912799358368, -0.017543748021125793, -0.2993525266647339, 0.9539812803268433),
            ["Head"] = CFrame.new(-1.1175870895385742e-08, 2.384185791015625e-07, -1.210719347000122e-08, 0.9797016382217407, -0.08529475331306458, 0.1814098060131073, 0.05082608386874199, 0.9810828566551208, 0.18679718673229218, -0.1939108669757843, -0.173785001039505, 0.9655037522315979),
            ["LowerTorso"] = CFrame.new(-0.04530416429042816, 0.26665401458740234, 0.011892593465745449, 0.9643615484237671, 0.0030002365820109844, -0.2645709216594696, -0.024226445704698563, 0.9967365264892578, -0.07700245827436447, 0.2634764611721039, 0.08066782355308533, 0.9612870812416077),
            ["UpperTorso"] = CFrame.new(-1.5832483768463135e-08, 5.960464477539063e-08, -1.1175870895385742e-08, 0.9987195134162903, 0.024805942550301552, 0.044089652597904205, -0.019521672278642654, 0.9930009841918945, -0.11648175865411758, -0.04667050391435623, 0.11547187715768814, 0.992213785648346),
            ["HumanoidRootPart"] = CFrame.new(0, 0, 0, 1, 0, 0, 0, 1, 0, 0, 0, 1),
            ["RightUpperLeg"] = CFrame.new(0, -1.835869625210762e-07, -4.639878170564771e-08, 0.7993744015693665, -0.5619305372238159, -0.21268457174301147, 0.5206019282341003, 0.8245052695274353, -0.22173146903514862, 0.29995718598365784, 0.06652238219976425, 0.9516304135322571),
            ["LeftUpperArm"] = CFrame.new(0, 3.5762786865234375e-07, 1.4901161193847656e-08, 0.3397550582885742, 0.7224410772323608, -0.6022003889083862, -0.5246759057044983, -0.3858085572719574, -0.7588590979576111, -0.7805649638175964, 0.5737863183021545, 0.2479669153690338),
            ["RightLowerArm"] = CFrame.new(-1.7881393432617188e-07, -2.980232238769531e-07, -4.470348358154297e-07, 1, -8.940695295223122e-08, 6.379560346658764e-08, 8.940695295223122e-08, 0.22479495406150818, -0.9744061231613159, 6.70552182668871e-08, 0.9744061231613159, 0.22479498386383057),
            ["LeftHand"] = CFrame.new(-2.384185791015625e-07, 3.5762786865234375e-07, 3.725290298461914e-08, 0.4765934944152832, 0.014486359432339668, -0.8790043592453003, -0.019362548366189003, 0.9997947216033936, 0.005978911183774471, 0.8789105415344238, 0.01417032815515995, 0.47677624225616455),
            ["RightHand"] = CFrame.new(4.470348358154297e-08, 2.384185791015625e-07, 3.818422555923462e-07, 0.9970912933349609, 0.07608761638402939, -0.004446107428520918, -0.07593875378370285, 0.9867667555809021, -0.1432649940252304, -0.006513475440442562, 0.14318585395812988, 0.98967444896698),
            ["RightUpperArm"] = CFrame.new(0, 2.384185791015625e-07, 2.9802322387695312e-08, 0.033772062510252, -0.7077526450157166, 0.7056527137756348, 0.5025593638420105, -0.5982713103294373, -0.6241037845611572, 0.8638828992843628, 0.375709593296051, 0.33548280596733093),
            ["RightLowerLeg"] = CFrame.new(3.725290298461914e-08, -0.0000603795051574707, -0.00007206032023532316, 1, -6.705523247774181e-08, -4.4703490686970326e-08, 1.0244548320770264e-07, 0.7850493788719177, 0.6194329857826233, 1.4901161193847656e-08, -0.6194333434104919, 0.7850496172904968),
            ["LeftUpperLeg"] = CFrame.new(-5.960464477539063e-08, -2.5064218789339066e-07, -6.705522537231445e-08, 0.8583546280860901, 0.4309922754764557, 0.27833986282348633, -0.4085690975189209, 0.9023463129997253, -0.1372678577899933, -0.3103202283382416, 0.004103437066078186, 0.9506232738494873),
            ["LeftLowerLeg"] = CFrame.new(1.8067657947540283e-07, 0.000060617923736572266, 0.00007207691669464111, 1, 4.842877388000488e-08, 8.195638656616211e-08, -8.940694584680386e-08, 0.7732064723968506, 0.6341544985771179, 1.0244545656235005e-08, -0.6341544389724731, 0.773206353187561),
        }},
        {Time = 0.050, Data = {
            ["RightFoot"] = CFrame.new(-2.086162567138672e-07, 5.960464477539063e-08, 5.3849362302571535e-08, 0.8534626364707947, 0.5033958554267883, 0.13488633930683136, -0.5122002959251404, 0.7624462842941284, 0.3953811824321747, 0.0961894541978836, -0.40653195977211, 0.9085589647293091),
            ["LeftLowerArm"] = CFrame.new(8.940696716308594e-08, -7.152557373046875e-07, -7.047783583402634e-07, 1, -5.960464477539063e-08, 1.0430811414607888e-07, 8.940694584680386e-08, 0.4070584774017334, -0.9134021401405334, 1.4901157641133977e-08, 0.9134020805358887, 0.4070584774017334),
            ["LeftFoot"] = CFrame.new(-2.7939677238464355e-09, -1.7881393432617188e-07, 7.450580596923828e-08, 0.9044008255004883, -0.4123389422893524, -0.10970784723758698, 0.42577627301216125, 0.8553741574287415, 0.2950417697429657, -0.027815960347652435, -0.3135470449924469, 0.9491652250289917),
            ["Head"] = CFrame.new(-1.1175870895385742e-08, -4.76837158203125e-07, 2.7008354663848877e-08, 0.9821228981018066, -0.08189857006072998, 0.16949129104614258, 0.047567810863256454, 0.9791494011878967, 0.19749405980110168, -0.18213173747062683, -0.1859009563922882, 0.9655407667160034),
            ["LowerTorso"] = CFrame.new(-0.04056762531399727, 0.2445361614227295, 0.012026021257042885, 0.9706523418426514, 0.005026617553085089, -0.2404344379901886, -0.02130298875272274, 0.9976484179496765, -0.06514456868171692, 0.23954159021377563, 0.06835470348596573, 0.9684768915176392),
            ["UpperTorso"] = CFrame.new(-8.381903171539307e-09, 2.086162567138672e-07, -2.7008354663848877e-08, 0.9993065595626831, 0.0198440570384264, 0.03150751441717148, -0.015354916453361511, 0.9904771447181702, -0.1368185132741928, -0.033922482281923294, 0.13623982667922974, 0.9900949597358704),
            ["HumanoidRootPart"] = CFrame.new(0, 0, 0, 1, 0, 0, 0, 1, 0, 0, 0, 1),
            ["RightUpperLeg"] = CFrame.new(0, 4.430767148733139e-07, -4.639878170564771e-08, 0.8174135088920593, -0.5372795462608337, -0.20776407420635223, 0.4980795979499817, 0.8403964638710022, -0.21365994215011597, 0.28939923644065857, 0.07116538286209106, 0.9545593857765198),
            ["LeftUpperArm"] = CFrame.new(0, 1.1920928955078125e-07, -1.4901161193847656e-08, 0.33208394050598145, 0.7113105654716492, -0.6194815635681152, -0.5290736556053162, -0.40324681997299194, -0.7466415166854858, -0.780897855758667, 0.5756990313529968, 0.2424236685037613),
            ["RightLowerArm"] = CFrame.new(1.1920928955078125e-07, 2.384185791015625e-07, 4.172325134277344e-07, 1, -2.2351738238057806e-08, 9.685754776000977e-08, 1.1920927533992653e-07, 0.06812122464179993, -0.9976770877838135, 5.960463766996327e-08, 0.9976770281791687, 0.0681212842464447),
            ["LeftHand"] = CFrame.new(1.1175870895385742e-07, 2.384185791015625e-07, -2.644956111907959e-07, 0.5023590326309204, 0.05301225930452347, -0.8630324006080627, -0.050809282809495926, 0.9982039332389832, 0.031740088015794754, 0.8631650805473328, 0.027905147522687912, 0.5041503310203552),
            ["RightHand"] = CFrame.new(-1.9371509552001953e-07, 0, -1.9744038581848145e-07, 0.999488353729248, 0.03124747797846794, 0.006829805672168732, -0.031171437352895737, 0.9994540810585022, -0.010949581861495972, -0.0071684615686535835, 0.010731050744652748, 0.9999167919158936),
            ["RightUpperArm"] = CFrame.new(0, 2.384185791015625e-07, 0, 0.05476357787847519, -0.7003571391105652, 0.7116886377334595, 0.4532274901866913, -0.6176665425300598, -0.6427076458930969, 0.8897111415863037, 0.3577539026737213, 0.28359517455101013),
            ["RightLowerLeg"] = CFrame.new(-2.086162567138672e-07, -0.0000603795051574707, -0.00007192620978457853, 1, -8.940695295223122e-08, 7.450581485102248e-09, 1.200241968035698e-07, 0.8311200141906738, 0.5560929179191589, -7.450580596923828e-09, -0.556093156337738, 0.8311201333999634),
            ["LeftUpperLeg"] = CFrame.new(0, 1.862645149230957e-09, -5.960464477539063e-08, 0.8670941591262817, 0.42152729630470276, 0.26544782519340515, -0.40419453382492065, 0.9068089723587036, -0.11968443542718887, -0.2911606729030609, -0.0035148747265338898, 0.9566677212715149),
            ["LeftLowerLeg"] = CFrame.new(9.313225746154785e-08, 0.00006103515625, 0.00007215701043605804, 1, 5.21540641784668e-08, 7.450580596923828e-09, -1.6763806343078613e-08, 0.8257952332496643, 0.5639700889587402, 1.4901161193847656e-08, -0.5639700889587402, 0.8257952332496643),
        }},
        {Time = 0.067, Data = {
            ["RightFoot"] = CFrame.new(-1.6391277313232422e-07, 1.7881393432617188e-07, 6.129994289949536e-08, 0.8574327826499939, 0.489040344953537, 0.16015246510505676, -0.5112032294273376, 0.7737983465194702, 0.37404191493988037, 0.058995623141527176, -0.4025862514972687, 0.9134789705276489),
            ["LeftLowerArm"] = CFrame.new(4.76837158203125e-07, -1.7881393432617188e-07, -2.34867911785841e-08, 1, -1.341104507446289e-07, 6.891787052154541e-08, 8.940696716308594e-08, 0.5193274617195129, -0.8545753359794617, 3.818422555923462e-08, 0.8545753955841064, 0.5193274617195129),
            ["LeftFoot"] = CFrame.new(-2.0675361156463623e-07, 5.960464477539063e-08, -1.862645149230957e-08, 0.888566792011261, -0.43889379501342773, -0.13349677622318268, 0.457919716835022, 0.8311052918434143, 0.31555306911468506, -0.027544241398572922, -0.3415206968784332, 0.9394705295562744),
            ["Head"] = CFrame.new(1.862645149230957e-08, 2.384185791015625e-07, 4.470348358154297e-08, 0.9839048385620117, -0.08172281086444855, 0.1589113026857376, 0.04898126423358917, 0.9785749912261963, 0.19997966289520264, -0.17184953391551971, -0.18897715210914612, 0.9668275117874146),
            ["LowerTorso"] = CFrame.new(-0.03670346364378929, 0.21567368507385254, 0.01220754999667406, 0.9761669635772705, 0.008152102120220661, -0.21686775982379913, -0.01909104734659195, 0.9986459016799927, -0.04839348420500755, 0.21617959439754486, 0.051380351185798645, 0.9750007390975952),
            ["UpperTorso"] = CFrame.new(7.450580596923828e-09, -1.4901161193847656e-07, 1.5832483768463135e-08, 0.9997118711471558, 0.01475144550204277, 0.018936270847916603, -0.011583034880459309, 0.987419843673706, -0.15769559144973755, -0.021024271845817566, 0.15743079781532288, 0.9873062968254089),
            ["HumanoidRootPart"] = CFrame.new(0, 0, 0, 1, 0, 0, 0, 1, 0, 0, 0, 1),
            ["RightUpperLeg"] = CFrame.new(0, -4.4191256165504456e-07, -1.6952981241047382e-09, 0.8364563584327698, -0.515416145324707, -0.18624436855316162, 0.478228360414505, 0.8524459600448608, -0.2112666666507721, 0.2676534652709961, 0.08764789998531342, 0.9595204591751099),
            ["LeftUpperArm"] = CFrame.new(-1.1920928955078125e-07, -1.1920928955078125e-07, 8.195638656616211e-08, 0.2978624999523163, 0.7122153639793396, -0.6356313228607178, -0.5719809532165527, -0.3999389708042145, -0.7161612510681152, -0.7642747163772583, 0.5768865346908569, 0.28824660181999207),
            ["RightLowerArm"] = CFrame.new(5.960464477539063e-08, -7.152557373046875e-07, 1.4901161193847656e-07, 1, -7.450579886381092e-08, 3.725289943190546e-08, 7.450577754752885e-08, 0.02869481034576893, -0.9995882511138916, 9.685751223287298e-08, 0.9995882511138916, 0.02869485691189766),
            ["LeftHand"] = CFrame.new(1.4901161193847656e-07, -4.76837158203125e-07, 7.450580596923828e-08, 0.5805801749229431, 0.15050381422042847, -0.8001721501350403, -0.12424060702323914, 0.9876343607902527, 0.09561840444803238, 0.8046682476997375, 0.04389970377087593, 0.5920993685722351),
            ["RightHand"] = CFrame.new(-7.450580596923828e-08, -3.5762786865234375e-07, 5.62518835067749e-07, 0.9943200945854187, -0.09799116849899292, -0.04153824225068092, 0.10257712751626968, 0.9863941073417664, 0.1284707486629486, 0.02838391438126564, -0.1320018321275711, 0.9908429980278015),
            ["RightUpperArm"] = CFrame.new(-1.1920928955078125e-07, 0, 7.450580596923828e-08, 0.007746807299554348, -0.7018845081329346, 0.7122486233711243, 0.5071625113487244, -0.6111060976982117, -0.607729971408844, 0.8618156909942627, 0.3659338057041168, 0.3512352705001831),
            ["RightLowerLeg"] = CFrame.new(-2.123415470123291e-07, -0.000060617923736572266, -0.00007201561675174162, 1, -1.4901166522918174e-08, 1.713633963618122e-07, 2.7939680791178034e-08, 0.8633319735527039, 0.5046361684799194, 1.4901162970204496e-08, -0.5046365261077881, 0.8633321523666382),
            ["LeftUpperLeg"] = CFrame.new(0, -4.3446198105812073e-07, -3.725290298461914e-08, 0.8717572093009949, 0.412625253200531, 0.264158695936203, -0.39690741896629333, 0.9108787775039673, -0.11298009008169174, -0.28723496198654175, -0.0063553303480148315, 0.9578390717506409),
            ["LeftLowerLeg"] = CFrame.new(-6.146728992462158e-08, 0.00006097555160522461, 0.00007210299372673035, 1, 7.450581485102248e-09, 0, 1.862645149230957e-09, 0.872475802898407, 0.4886573553085327, 0, -0.4886574149131775, 0.872475802898407),
        }},
        {Time = 0.083, Data = {
            ["RightFoot"] = CFrame.new(0, 4.172325134277344e-07, -1.3241515262052417e-07, 0.8527591824531555, 0.4918363690376282, 0.1757812649011612, -0.5198896527290344, 0.7669768929481506, 0.37611284852027893, 0.0501655675470829, -0.41212067008018494, 0.9097473621368408),
            ["LeftLowerArm"] = CFrame.new(-4.470348358154297e-07, -2.384185791015625e-07, -4.367902874946594e-07, 1, -8.195637946073475e-08, 4.0978189730367376e-08, 2.9802318834981634e-08, 0.6697666049003601, -0.7425716519355774, 4.470347647611561e-08, 0.7425717115402222, 0.6697666645050049),
            ["LeftFoot"] = CFrame.new(-1.1362135410308838e-07, -1.7881393432617188e-07, 7.916241884231567e-09, 0.8831064105033875, -0.44537588953971863, -0.14752471446990967, 0.46775534749031067, 0.8113580346107483, 0.3505755066871643, -0.036442551761865616, -0.3786010146141052, 0.9248422980308533),
            ["Head"] = CFrame.new(-1.4901161193847656e-08, -1.1920928955078125e-07, -2.2351741790771484e-08, 0.9854610562324524, -0.0828186497092247, 0.14834952354431152, 0.05170520022511482, 0.9779219627380371, 0.20247283577919006, -0.16184277832508087, -0.19185853004455566, 0.9679862260818481),
            ["LowerTorso"] = CFrame.new(-0.0335904024541378, 0.17986011505126953, 0.01186257041990757, 0.9811232089996338, 0.009969493374228477, -0.1931266337633133, -0.017417440190911293, 0.9991669654846191, -0.03690565750002861, 0.19259782135486603, 0.03957276791334152, 0.9804795384407043),
            ["UpperTorso"] = CFrame.new(3.725290298461914e-09, -1.4901161193847656e-07, -7.450580596923828e-09, 0.9999358654022217, 0.009639313444495201, 0.0059462422505021095, -0.008486604318022728, 0.985368549823761, -0.17022578418254852, -0.007500102277845144, 0.17016440629959106, 0.9853871464729309),
            ["HumanoidRootPart"] = CFrame.new(0, 0, 0, 1, 0, 0, 0, 1, 0, 0, 0, 1),
            ["RightUpperLeg"] = CFrame.new(-2.9802322387695312e-08, -1.2246891856193542e-07, -2.4047039914876223e-08, 0.8571648001670837, -0.49088042974472046, -0.15590062737464905, 0.46192678809165955, 0.8665812015533447, -0.18884064257144928, 0.227798730134964, 0.08985276520252228, 0.9695535898208618),
            ["LeftUpperArm"] = CFrame.new(1.7881393432617188e-07, 4.76837158203125e-07, 7.450580596923828e-08, 0.24300946295261383, 0.7203630208969116, -0.6496334075927734, -0.6283330321311951, -0.39332354068756104, -0.6711888909339905, -0.7390155792236328, 0.5712913274765015, 0.3570464551448822),
            ["RightLowerArm"] = CFrame.new(1.1920928955078125e-07, 8.940696716308594e-07, -1.7881393432617188e-07, 1, -1.0430809993522416e-07, 6.33299421792799e-08, 9.685753354915505e-08, 0.11684323847293854, -0.9931504726409912, 1.0430811414607888e-07, 0.9931503534317017, 0.11684322357177734),
            ["LeftHand"] = CFrame.new(3.427267074584961e-07, 5.960464477539063e-08, -6.705522537231445e-08, 0.6861167550086975, 0.2682812809944153, -0.6762162446975708, -0.24748361110687256, 0.9601550102233887, 0.1298237144947052, 0.6841021180152893, 0.07827842235565186, 0.725174069404602),
            ["RightHand"] = CFrame.new(4.172325134277344e-07, -3.5762786865234375e-07, 7.82310962677002e-08, 0.9484240412712097, -0.2825634181499481, -0.14370030164718628, 0.3044363260269165, 0.9382408857345581, 0.1643856316804886, 0.0883760079741478, -0.19965501129627228, 0.9758727550506592),
            ["RightUpperArm"] = CFrame.new(1.1920928955078125e-07, 1.1920928955078125e-07, 1.4901161193847656e-08, -0.08433777093887329, -0.7082034945487976, 0.7009528279304504, 0.616097629070282, -0.589940071105957, -0.5219143629074097, 0.7831416130065918, 0.3878384232521057, 0.4860766530036926),
            ["RightLowerLeg"] = CFrame.new(7.450580596923828e-08, -0.00006020069122314453, -0.00007206032023532316, 1, -4.470348358154297e-08, -7.450580596923828e-09, 5.5879347371501353e-08, 0.8969756960868835, 0.44207972288131714, -5.960463766996327e-08, -0.442080020904541, 0.8969758152961731),
            ["LeftUpperLeg"] = CFrame.new(0, 1.8300488591194153e-07, -2.9802322387695312e-08, 0.8774510622024536, 0.4028051197528839, 0.260437548160553, -0.387420654296875, 0.9152767062187195, -0.11033531278371811, -0.2828160524368286, -0.0040850453078746796, 0.9591655135154724),
            ["LeftLowerLeg"] = CFrame.new(1.5459954738616943e-07, 0.00006103515625, 0.00007209181785583496, 1, 4.4703490686970326e-08, 0, -3.073365206773815e-08, 0.9041368961334229, 0.4272429943084717, 1.1175873559921001e-08, -0.4272429645061493, 0.9041368961334229),
        }},
        {Time = 0.100, Data = {
            ["RightFoot"] = CFrame.new(-1.7136335372924805e-07, 5.364418029785156e-07, 6.129994289949536e-08, 0.8542273640632629, 0.4855159521102905, 0.18593020737171173, -0.5175132751464844, 0.7598459720611572, 0.3934641182422638, 0.04975485801696777, -0.4323292076587677, 0.9003421664237976),
            ["LeftLowerArm"] = CFrame.new(4.470348358154297e-07, -2.980232238769531e-07, 2.7939677238464355e-08, 1, -8.195638656616211e-08, 0, 2.9802318834981634e-08, 0.8294398784637451, -0.558596134185791, 2.9802318834981634e-08, 0.558596134185791, 0.8294398188591003),
            ["LeftFoot"] = CFrame.new(2.421438694000244e-08, 1.7881393432617188e-07, 3.725290298461914e-09, 0.8737925291061401, -0.45944270491600037, -0.1593708097934723, 0.48339641094207764, 0.7848560810089111, 0.3877229392528534, -0.053053200244903564, -0.4158286452293396, 0.9078941941261292),
            ["Head"] = CFrame.new(-1.862645149230957e-08, 7.152557373046875e-07, -1.4156103134155273e-07, 0.987365186214447, -0.08048798143863678, 0.13649828732013702, 0.05313104763627052, 0.9796881079673767, 0.1933605670928955, -0.14928901195526123, -0.18366515636444092, 0.971586287021637),
            ["LowerTorso"] = CFrame.new(-0.03140272945165634, 0.13718128204345703, 0.011129865422844887, 0.9858995676040649, 0.005640015471726656, -0.16724322736263275, -0.011028171516954899, 0.9994490146636963, -0.031306274235248566, 0.1669744998216629, 0.03270922973752022, 0.9854184985160828),
            ["UpperTorso"] = CFrame.new(-1.0710209608078003e-08, 8.940696716308594e-08, -5.587935447692871e-09, 0.9999155402183533, 0.009249594062566757, -0.009129559621214867, -0.01068295631557703, 0.985025942325592, -0.17207486927509308, 0.007401227951049805, 0.172157883644104, 0.985041618347168),
            ["HumanoidRootPart"] = CFrame.new(0, 0, 0, 1, 0, 0, 0, 1, 0, 0, 0, 1),
            ["RightUpperLeg"] = CFrame.new(0, -1.1641532182693481e-08, -3.894820110872388e-08, 0.8809234499931335, -0.45912495255470276, -0.11479634791612625, 0.43972593545913696, 0.8837412595748901, -0.16013316810131073, 0.17497140169143677, 0.09058603644371033, 0.9803975224494934),
            ["LeftUpperArm"] = CFrame.new(5.960464477539063e-08, -2.384185791015625e-07, -6.705522537231445e-08, 0.16580793261528015, 0.7313688397407532, -0.6615189909934998, -0.6859358549118042, -0.39641621708869934, -0.610201895236969, -0.7085193991661072, 0.5549359321594238, 0.4359431266784668),
            ["RightLowerArm"] = CFrame.new(-5.364418029785156e-07, 2.980232238769531e-07, 2.980232238769531e-07, 1, -2.9802322387695312e-08, 6.705523247774181e-08, 1.341104365337742e-07, 0.35541677474975586, -0.9347079992294312, 2.9802318834981634e-08, 0.9347079992294312, 0.35541677474975586),
            ["LeftHand"] = CFrame.new(8.940696716308594e-08, -4.76837158203125e-07, -1.564621925354004e-07, 0.7870113849639893, 0.3708983361721039, -0.49299848079681396, -0.38510626554489136, 0.9196457266807556, 0.07710385322570801, 0.4819815158843994, 0.12917543947696686, 0.8666070103645325),
            ["RightHand"] = CFrame.new(-4.023313522338867e-07, -3.5762786865234375e-07, 1.30385160446167e-08, 0.8437856435775757, -0.4242420792579651, -0.3287009596824646, 0.4596010446548462, 0.8874590992927551, 0.03440023958683014, 0.27711471915245056, -0.18009766936302185, 0.9438074231147766),
            ["RightUpperArm"] = CFrame.new(0, 0, -2.9802322387695312e-08, -0.1851554811000824, -0.7113703489303589, 0.6779894828796387, 0.7067511677742004, -0.5757610201835632, -0.41109874844551086, 0.682803213596344, 0.40305280685424805, 0.6093670129776001),
            ["RightLowerLeg"] = CFrame.new(-2.514570951461792e-07, -0.00006073713302612305, -0.00007201934204204008, 1, -5.960465188081798e-08, 5.960464477539063e-08, 5.401671643312511e-08, 0.9215112924575806, 0.38835155963897705, -1.0430814256778831e-07, -0.38835176825523376, 0.9215112924575806),
            ["LeftUpperLeg"] = CFrame.new(-5.960464477539063e-08, -2.2491440176963806e-07, -3.725290298461914e-08, 0.8825121521949768, 0.3956715762615204, 0.2541975677013397, -0.38176029920578003, 0.9183777570724487, -0.10412292927503586, -0.27464789152145386, -0.00515276612713933, 0.9615310430526733),
            ["LeftLowerLeg"] = CFrame.new(2.738088369369507e-07, 0.00006026029586791992, 0.00007210671901702881, 1, 7.078050145992165e-08, -2.2351741790771484e-08, -7.450579175838357e-08, 0.9290143847465515, 0.37004354596138, 1.862644793959589e-08, -0.3700435161590576, 0.9290144443511963),
        }},
        {Time = 0.117, Data = {
            ["RightFoot"] = CFrame.new(8.195638656616211e-08, 4.172325134277344e-07, 6.316258804872632e-08, 0.8409423232078552, 0.5047464966773987, 0.19505682587623596, -0.5367345213890076, 0.7322202920913696, 0.4192486107349396, 0.06878973543643951, -0.45725759863853455, 0.8866698741912842),
            ["LeftLowerArm"] = CFrame.new(-3.5762786865234375e-07, 5.960464477539063e-08, 1.1920928955078125e-07, 1, -5.960463766996327e-08, -1.4901162970204496e-08, 0, 0.9400171041488647, -0.3411274254322052, 1.4901159417490817e-08, 0.3411274254322052, 0.9400171637535095),
            ["LeftFoot"] = CFrame.new(-1.1082738637924194e-07, -5.960464477539063e-08, 7.450580596923828e-09, 0.8551721572875977, -0.4889220595359802, -0.1721506416797638, 0.513633668422699, 0.7546290755271912, 0.40830811858177185, -0.06972108036279678, -0.43759608268737793, 0.8964645862579346),
            ["Head"] = CFrame.new(-7.450580596923828e-09, 3.5762786865234375e-07, -1.0244548320770264e-08, 0.9898018836975098, -0.07584536075592041, 0.12058129161596298, 0.05347175523638725, 0.9823954701423645, 0.17899717390537262, -0.13203464448451996, -0.17072395980358124, 0.9764324426651001),
            ["LowerTorso"] = CFrame.new(-0.030986567959189415, 0.087677001953125, 0.010335722006857395, 0.9898234605789185, 0.0034618263598531485, -0.14225876331329346, -0.007315236143767834, 0.9996201395988464, -0.02657327987253666, 0.14211271703243256, 0.027343515306711197, 0.9894727468490601),
            ["UpperTorso"] = CFrame.new(5.122274160385132e-09, -2.682209014892578e-07, 5.122274160385132e-09, 0.9998141527175903, 0.004731371067464352, -0.018693802878260612, -0.007833083160221577, 0.9854965209960938, -0.16951505839824677, 0.017620675265789032, 0.1696300059556961, 0.9853503108024597),
            ["HumanoidRootPart"] = CFrame.new(0, 0, 0, 1, 0, 0, 0, 1, 0, 0, 0, 1),
            ["RightUpperLeg"] = CFrame.new(-8.940696716308594e-08, -8.614733815193176e-08, -1.6596459317952394e-08, 0.9031228423118591, -0.4252375066280365, -0.059517405927181244, 0.4158422350883484, 0.9007351398468018, -0.12550461292266846, 0.10697872936725616, 0.08859612792730331, 0.9903061389923096),
            ["LeftUpperArm"] = CFrame.new(-1.1920928955078125e-07, 1.1920928955078125e-07, -5.960464477539063e-08, 0.07588985562324524, 0.7361260056495667, -0.6725765466690063, -0.724327802658081, -0.4228653311729431, -0.5445496439933777, -0.685266375541687, 0.5284916758537292, 0.5011052489280701),
            ["RightLowerArm"] = CFrame.new(8.940696716308594e-07, 2.980232238769531e-07, 3.5762786865234375e-07, 1, -1.3783574104309082e-07, -7.450580596923828e-09, 6.70552182668871e-08, 0.6935989856719971, -0.7203613519668579, -2.9802318834981634e-08, 0.7203613519668579, 0.6935990452766418),
            ["LeftHand"] = CFrame.new(5.960464477539063e-08, -2.980232238769531e-07, 2.9243528842926025e-07, 0.8650833368301392, 0.4224206507205963, -0.2705394923686981, -0.4474981427192688, 0.8935717344284058, -0.03570684418082237, 0.22666320204734802, 0.15195538103580475, 0.9620464444160461),
            ["RightHand"] = CFrame.new(-2.5331974029541016e-07, -6.556510925292969e-07, -6.705522537231445e-08, 0.6919653415679932, -0.4568546414375305, -0.5589882135391235, 0.4156320095062256, 0.8852037191390991, -0.20896093547344208, 0.5902830362319946, -0.08773962408304214, 0.8024135231971741),
            ["RightUpperArm"] = CFrame.new(0, 0, 1.1920928955078125e-07, -0.2782232165336609, -0.7038029432296753, 0.6536461710929871, 0.7504791021347046, -0.5840075016021729, -0.30938082933425903, 0.5994773507118225, 0.4044708013534546, 0.6906738877296448),
            ["RightLowerLeg"] = CFrame.new(-2.0489096641540527e-08, -0.00006031990051269531, -0.00007202306733233854, 1, -5.2154071283894154e-08, -7.450581485102248e-09, 8.847564458847046e-08, 0.9407190680503845, 0.33918672800064087, -4.0978193283081055e-08, -0.3391868770122528, 0.9407191276550293),
            ["LeftUpperLeg"] = CFrame.new(-1.1920928955078125e-07, 2.5727786123752594e-08, -3.3527612686157227e-08, 0.8910731077194214, 0.38316529989242554, 0.24325568974018097, -0.3711247146129608, 0.9236650466918945, -0.09544327110052109, -0.2612573206424713, -0.005231257528066635, 0.965255081653595),
            ["LeftLowerLeg"] = CFrame.new(0, 0.000060677528381347656, 0.00007209181785583496, 1, 1.862645149230957e-08, -7.450580596923828e-09, -6.612390279769897e-08, 0.9469313025474548, 0.32143622636795044, 2.2351741790771484e-08, -0.32143619656562805, 0.9469312429428101),
        }},
        {Time = 0.133, Data = {
            ["RightFoot"] = CFrame.new(2.123415470123291e-07, 2.384185791015625e-07, 5.420588422566652e-09, 0.8256981372833252, 0.5175632834434509, 0.22439032793045044, -0.5591902732849121, 0.6985220313072205, 0.44651198387145996, 0.07435648143291473, -0.4941612482070923, 0.8661848306655884),
            ["LeftLowerArm"] = CFrame.new(-5.960464477539062e-07, -1.7881393432617188e-07, -9.424984455108643e-07, 1, -1.4901162970204496e-08, -2.9802322387695312e-08, 4.470348358154297e-08, 0.9869949817657471, -0.16075095534324646, 7.450580596923828e-09, 0.16075097024440765, 0.9869949817657471),
            ["LeftFoot"] = CFrame.new(-2.0954757928848267e-07, 5.960464477539063e-08, 0, 0.8316453695297241, -0.525184154510498, -0.18040961027145386, 0.5476632714271545, 0.7219861149787903, 0.42284876108169556, -0.09182023257017136, -0.45046401023864746, 0.8880605101585388),
            ["Head"] = CFrame.new(1.4901161193847656e-08, 0, 2.514570951461792e-08, 0.9923686385154724, -0.06991321593523026, 0.1015714630484581, 0.05155408754944801, 0.9835220575332642, 0.17328228056430817, -0.11201250553131104, -0.16672338545322418, 0.9796205759048462),
            ["LowerTorso"] = CFrame.new(-0.03138362988829613, 0.03087449073791504, 0.010083429515361786, 0.9930656552314758, 0.003527526743710041, -0.11750829964876175, -0.005740847904235125, 0.9998123645782471, -0.01850230060517788, 0.1174209788441658, 0.019048595800995827, 0.9928995370864868),
            ["UpperTorso"] = CFrame.new(-1.3969838619232178e-09, -2.9802322387695312e-08, 4.6566128730773926e-09, 0.9997029304504395, -0.00158314174041152, -0.02432611584663391, -0.0027061416767537594, 0.9845142960548401, -0.17528338730335236, 0.024226941168308258, 0.17529714107513428, 0.9842174649238586),
            ["HumanoidRootPart"] = CFrame.new(0, 0, 0, 1, 0, 0, 0, 1, 0, 0, 0, 1),
            ["RightUpperLeg"] = CFrame.new(0, -7.264316082000732e-08, -2.4047039914876223e-08, 0.919015645980835, -0.39407673478126526, -0.01066769938915968, 0.39111384749412537, 0.914828896522522, -0.10058853030204773, 0.049398746341466904, 0.08827003836631775, 0.9948709607124329),
            ["LeftUpperArm"] = CFrame.new(1.1920928955078125e-07, 0, 0, -0.012543939054012299, 0.7370070815086365, -0.6757686138153076, -0.7401562929153442, -0.4612466096878052, -0.4893057942390442, -0.6723178625106812, 0.49403658509254456, 0.5512863397598267),
            ["RightLowerArm"] = CFrame.new(1.1920928955078125e-07, 5.960464477539062e-07, -1.7881393432617188e-07, 1, 0, 6.705523247774181e-08, 4.470348358154297e-08, 0.9168113470077515, -0.39932072162628174, -4.470348358154297e-08, 0.3993208408355713, 0.9168113470077515),
            ["LeftHand"] = CFrame.new(4.172325134277344e-07, 2.980232238769531e-07, -1.4156103134155273e-07, 0.901466965675354, 0.4303143620491028, -0.0467633455991745, -0.43252676725387573, 0.8913648724555969, -0.1356077492237091, -0.01667061634361744, 0.1424722820520401, 0.9896584153175354),
            ["RightHand"] = CFrame.new(-2.086162567138672e-07, 1.1920928955078125e-07, 5.960464477539063e-08, 0.5153151154518127, -0.39794981479644775, -0.7590035200119019, 0.21521389484405518, 0.9173610806465149, -0.33486077189445496, 0.829538106918335, 0.009210781194269657, 0.5583744049072266),
            ["RightUpperArm"] = CFrame.new(-1.1920928955078125e-07, -3.5762786865234375e-07, 1.4901161193847656e-08, -0.34564658999443054, -0.6778564453125, 0.6488752961158752, 0.7403802871704102, -0.6218472719192505, -0.25523126125335693, 0.5765114426612854, 0.3921946585178375, 0.7168110013008118),
            ["RightLowerLeg"] = CFrame.new(6.635673344135284e-08, -0.000060617923736572266, -0.00007201747939689085, 1, -5.587936158235607e-08, -1.4901161193847656e-08, 1.3690440425762063e-07, 0.9551398158073425, 0.29615509510040283, 0, -0.29615530371665955, 0.9551399350166321),
