return {
    ["Slickback"] = {
        {Time = 0.000, Data = {
            ["RightFoot"] = CFrame.new(-1.4808028936386108e-07, 4.172325134277344e-07, 5.9437297750264406e-08, 0.9995896816253662, -0.028331035748124123, 0.004246623255312443, 0.02857937663793564, 0.9964051246643066, -0.07975045591592789, -0.0019721542485058308, 0.07983893156051636, 0.9968059062957764),
            ["LeftLowerArm"] = CFrame.new(2.980232238769531e-07, -5.960464477539063e-08, 1.9371509552001953e-07, 1, -4.470348358154297e-08, 1.1548401346317405e-07, 5.960464477539063e-08, -0.36437058448791504, -0.9312540292739868, 1.043081283569336e-07, 0.9312540292739868, -0.36437058448791504),
            ["RightUpperArm"] = CFrame.new(1.1920928955078125e-07, -1.1920928955078125e-07, 1.4901161193847656e-08, 0.9607701301574707, -0.1968792974948883, -0.19534403085708618, 0.2071843445301056, 0.9777249097824097, 0.03359585627913475, 0.18437843024730682, -0.07275021076202393, 0.9801592826843262),
            ["Head"] = CFrame.new(-3.725290298461914e-08, 0, 8.568167686462402e-08, 0.9979841709136963, 0.03386281803250313, -0.053675577044487, -0.0341104120016098, 0.9994112849235535, -0.003703066613525152, 0.05351858213543892, 0.0055266390554606915, 0.9985516667366028),
            ["RightHand"] = CFrame.new(1.862645149230957e-09, -2.980232238769531e-07, 2.9802322387695312e-08, 1, -1.30385160446167e-08, 1.8626449271863521e-09, 1.862645149230957e-09, 1, 0, 7.450580596923828e-09, -7.450580596923828e-09, 1),
            ["UpperTorso"] = CFrame.new(1.949956640601158e-08, 1.7881393432617188e-07, 5.587935447692871e-09, 0.9844204187393188, -0.004001514054834843, -0.17578530311584473, 0.04759586602449417, 0.9684813022613525, 0.24449677765369415, 0.16926643252372742, -0.24905428290367126, 0.9535831212997437),
            ["HumanoidRootPart"] = CFrame.new(0, 0, 0, 1, 0, 0, 0, 1, 0, 0, 0, 1),
            ["RightUpperLeg"] = CFrame.new(1.1920928955078125e-07, -6.4319465309381485e-09, 9.480572771281004e-09, 0.7585540413856506, -0.4411078691482544, 0.4796035587787628, 0.6328203082084656, 0.6741751432418823, -0.38082364201545715, -0.15535245835781097, 0.5923780202865601, 0.7905401587486267),
            ["LeftUpperArm"] = CFrame.new(0, -1.1920928955078125e-07, -7.450580596923828e-09, 0.9051290154457092, 0.4205014109611511, -0.06261026859283447, -0.2158190906047821, 0.3275913894176483, -0.9198401570320129, -0.36628350615501404, 0.8460865616798401, 0.38726478815078735),
            ["RightLowerArm"] = CFrame.new(2.384185791015625e-07, 3.5762786865234375e-07, 8.195638656616211e-08, 1, -1.1175870895385742e-08, -1.30385160446167e-08, 4.842877388000488e-08, 0.9738249778747559, -0.22729921340942383, 7.450580596923828e-09, 0.22729922831058502, 0.9738250374794006),
            ["LeftHand"] = CFrame.new(-3.8743019104003906e-07, -5.960464477539063e-08, 5.960464477539063e-08, 0.9572626352310181, 0.2891818583011627, -0.004720673430711031, -0.2616480886936188, 0.8589334487915039, -0.44019731879234314, -0.1232423186302185, 0.4226195514202118, 0.8978887796401978),
            ["LeftFoot"] = CFrame.new(-6.705522537231445e-08, -1.1920928955078125e-07, 2.9802322387695312e-08, 0.9703532457351685, -0.241529181599617, 0.008851257152855396, 0.23155765235424042, 0.9185512661933899, -0.3203818202018738, 0.06925126910209656, 0.31293320655822754, 0.9472471475601196),
            ["LowerTorso"] = CFrame.new(-0.3423614799976349, -0.12243485450744629, 0, 0.9939563274383545, -0.0010988399153575301, 0.10977098345756531, -0.0010988694848492742, 0.9998002052307129, 0.019958360120654106, -0.10977098345756531, -0.019958361983299255, 0.9937565326690674),
            ["RightLowerLeg"] = CFrame.new(4.470348358154297e-08, -0.000005066394805908203, -0.00001610645995242521, 1, -2.086161856595936e-07, -1.1920926112907182e-07, 1.341104365337742e-07, 0.12167750298976898, 0.9925696849822998, -1.341104365337742e-07, -0.9925696849822998, 0.12167753279209137),
            ["LeftUpperLeg"] = CFrame.new(2.9802322387695312e-08, 7.275957614183426e-09, 1.1175870895385742e-08, 0.8315147757530212, 0.08845381438732147, -0.5484151244163513, -0.2463662475347519, 0.9435595870018005, -0.22135743498802185, 0.4978823959827423, 0.3191729187965393, 0.8063757419586182),
            ["LeftLowerLeg"] = CFrame.new(-5.960464477539063e-08, 0.000004947185516357422, 0.00001607462763786316, 1, 5.960464477539063e-08, 2.980232594040899e-08, -4.4703490686970326e-08, 0.8469790816307068, 0.5316262245178223, 1.862645326866641e-08, -0.5316262245178223, 0.8469790816307068),
        }},
        {Time = 0.036, Data = {
            ["RightFoot"] = CFrame.new(3.91155481338501e-08, 3.5762786865234375e-07, -9.516224963590503e-08, 0.9985007047653198, 0.039588648825883865, -0.03780239820480347, -0.04212791100144386, 0.9967321157455444, -0.06892292201519012, 0.034950267523527145, 0.07041231542825699, 0.996905505657196),
            ["LeftLowerArm"] = CFrame.new(-8.940696716308594e-08, 1.1920928955078125e-07, -3.427267074584961e-07, 1, -5.960463056453591e-08, 1.1920927533992653e-07, 7.450580596923828e-08, -0.3035224378108978, -0.9528243541717529, 1.2665987014770508e-07, 0.9528243541717529, -0.3035224676132202),
            ["RightUpperArm"] = CFrame.new(0, 0, 1.043081283569336e-07, 0.9497784972190857, -0.1967443972826004, -0.24333609640598297, 0.20969393849372864, 0.9773591160774231, 0.02824453078210354, 0.23226971924304962, -0.07785215973854065, 0.9695307612419128),
            ["Head"] = CFrame.new(5.587935447692871e-09, -1.1920928955078125e-07, 1.4901161193847656e-08, 0.9982885718345642, 0.03393715247511864, -0.047625452280044556, -0.03534184396266937, 0.9989553689956665, -0.02896895632147789, 0.046592578291893005, 0.03060271218419075, 0.9984451532363892),
            ["RightHand"] = CFrame.new(1.6763806343078613e-07, 1.1920928955078125e-07, -4.470348358154297e-08, 0.999882698059082, -0.015320466831326485, 0.00002391171256022062, 0.01532040350139141, 0.9998826384544373, -0.0002587363705970347, -0.000019944274754379876, 0.00025907164672389627, 1),
            ["UpperTorso"] = CFrame.new(-1.1175870895385742e-08, 5.960464477539063e-08, 9.313225746154785e-10, 0.9859820604324341, -0.002565693808719516, -0.1668318212032318, 0.046445563435554504, 0.9645823836326599, 0.2596606910228729, 0.16025681793689728, -0.26376935839653015, 0.9511800408363342),
            ["HumanoidRootPart"] = CFrame.new(0, 0, 0, 1, 0, 0, 0, 1, 0, 0, 0, 1),
            ["RightUpperLeg"] = CFrame.new(0, -4.720641300082207e-08, -3.5579432733356953e-09, 0.8664016127586365, -0.27335307002067566, 0.4178832173347473, 0.45450660586357117, 0.7782948017120361, -0.4332216680049896, -0.20681390166282654, 0.5652744770050049, 0.7985566258430481),
            ["LeftUpperArm"] = CFrame.new(0, -1.1920928955078125e-07, 5.960464477539063e-08, 0.9330170154571533, 0.34937480092048645, -0.08611982315778732, -0.22736391425132751, 0.38690057396888733, -0.8936518430709839, -0.27889955043792725, 0.8533728718757629, 0.44042015075683594),
            ["RightLowerArm"] = CFrame.new(1.1920928955078125e-07, 5.960464477539063e-08, 2.60770320892334e-08, 1, -2.421439049271612e-08, 1.862645326866641e-08, 3.725290653733282e-08, 0.9679993987083435, -0.25095251202583313, -1.4901162970204496e-08, 0.25095251202583313, 0.9679993987083435),
            ["LeftHand"] = CFrame.new(7.450580596923828e-08, -2.980232238769531e-07, -1.043081283569336e-07, 0.9725793600082397, 0.23256251215934753, -0.0020293816924095154, -0.20704223215579987, 0.8618125915527344, -0.4630470275878906, -0.10593842715024948, 0.45077013969421387, 0.8863314390182495),
            ["LeftFoot"] = CFrame.new(-9.313225746154785e-08, -5.960464477539063e-08, 4.470348358154297e-08, 0.9651698470115662, -0.25992757081985474, 0.029748324304819107, 0.2603416442871094, 0.9429633021354675, -0.20746667683124542, 0.025874966755509377, 0.20798537135124207, 0.9777897000312805),
            ["LowerTorso"] = CFrame.new(-0.31015780568122864, -0.08287954330444336, 0, 0.9946768283843994, -0.0009240349172614515, 0.10303986072540283, -0.0009240644867531955, 0.9998396039009094, 0.01788659766316414, -0.10303984582424164, -0.01788659766316414, 0.9945164918899536),
            ["RightLowerLeg"] = CFrame.new(8.940696716308594e-08, -0.000004827976226806641, -0.000016076657630037516, 1, -2.2351730422087712e-07, -1.043081283569336e-07, 2.0861622829215776e-07, 0.21943044662475586, 0.9756280779838562, -1.1920927533992653e-07, -0.9756281971931458, 0.21943071484565735),
            ["LeftUpperLeg"] = CFrame.new(-1.1920928955078125e-07, -2.1117739379405975e-07, 7.450580596923828e-09, 0.8826711177825928, 0.15421338379383087, -0.44397085905075073, -0.25320306420326233, 0.9518604874610901, -0.17277134954929352, 0.39595454931259155, 0.26491498947143555, 0.8792269825935364),
            ["LeftLowerLeg"] = CFrame.new(0, 0.000005125999450683594, 0.000016046687960624695, 1, 0, -5.587935447692871e-08, -2.2351745343485163e-08, 0.9122053384780884, 0.4097334146499634, -7.450581485102248e-09, -0.4097336530685425, 0.9122053980827332),
        }},
        {Time = 0.071, Data = {
            ["RightFoot"] = CFrame.new(-3.3527612686157227e-08, 4.172325134277344e-07, 3.5222910810261965e-08, 0.9964461326599121, 0.07180707901716232, 0.04403314366936684, -0.06732269376516342, 0.9930999875068665, -0.09602130204439163, -0.050624363124370575, 0.0927155464887619, 0.9944048523902893),
            ["LeftLowerArm"] = CFrame.new(5.960464477539063e-08, 4.76837158203125e-07, -8.940696716308594e-08, 1, -8.940694584680386e-08, 8.195636524988004e-08, 8.940696716308594e-08, -0.13575318455696106, -0.9907427430152893, 7.82310962677002e-08, 0.9907426834106445, -0.1357531100511551),
            ["RightUpperArm"] = CFrame.new(0, -2.384185791015625e-07, 4.470348358154297e-08, 0.9092731475830078, -0.1976175755262375, -0.3662915825843811, 0.21692050993442535, 0.9761173725128174, 0.011854198761284351, 0.35520100593566895, -0.09023497998714447, 0.9304246306419373),
            ["Head"] = CFrame.new(3.725290298461914e-09, -1.1920928955078125e-07, 5.960464477539063e-08, 0.998927652835846, 0.03351326286792755, -0.03194505348801613, -0.03553665056824684, 0.9972502589225769, -0.06503114104270935, 0.029677817597985268, 0.06609675288200378, 0.9973717927932739),
            ["RightHand"] = CFrame.new(4.842877388000488e-08, -1.1920928955078125e-07, 8.940696716308594e-08, 0.9983770847320557, -0.056949712336063385, 0.00013729276543017477, 0.056949932128190994, 0.9983751177787781, -0.001954678213223815, -0.000025686807930469513, 0.001959323650225997, 0.9999980926513672),
            ["UpperTorso"] = CFrame.new(-1.987791620194912e-08, 8.940696716308594e-08, -2.3283064365386963e-09, 0.9896881580352783, -0.0026681527961045504, -0.1432143896818161, 0.04223093390464783, 0.9608198404312134, 0.273937851190567, 0.1368723064661026, -0.2771611213684082, 0.9510246515274048),
            ["HumanoidRootPart"] = CFrame.new(0, 0, 0, 1, 0, 0, 0, 1, 0, 0, 0, 1),
            ["RightUpperLeg"] = CFrame.new(-5.960464477539063e-08, 8.405186235904694e-08, -3.5579432733356953e-09, 0.9787216186523438, -0.13686375319957733, 0.1528804451227188, 0.18618635833263397, 0.9055079221725464, -0.3813004195690155, -0.08624820411205292, 0.4016512930393219, 0.9117223024368286),
            ["LeftUpperArm"] = CFrame.new(0, -4.76837158203125e-07, 0, 0.9701272249221802, 0.18720561265945435, -0.1542959362268448, -0.23227417469024658, 0.5332129597663879, -0.813469648361206, -0.07001347094774246, 0.8250078558921814, 0.5607672929763794),
            ["RightLowerArm"] = CFrame.new(5.960464477539063e-08, -5.960464477539063e-08, 7.450580596923828e-09, 1, -5.587935447692871e-09, 6.705522537231445e-08, 3.725290298461914e-08, 0.9481523036956787, -0.3178163468837738, 2.9802322387695312e-08, 0.3178163468837738, 0.9481523633003235),
            ["LeftHand"] = CFrame.new(-2.60770320892334e-07, 2.384185791015625e-07, 1.1920928955078125e-07, 0.9944245219230652, 0.10504728555679321, 0.009219752624630928, -0.08555896580219269, 0.8548552989959717, -0.5117636322975159, -0.06164093688130379, 0.5081216096878052, 0.8590768575668335),
            ["LeftFoot"] = CFrame.new(4.9709342420101166e-08, -5.960464477539063e-08, 8.381903171539307e-09, 0.9660190939903259, -0.25429797172546387, 0.046258170157670975, 0.2568376362323761, 0.9645047783851624, -0.06135975196957588, -0.02901257574558258, 0.07115554809570312, 0.997043251991272),
            ["LowerTorso"] = CFrame.new(-0.25809168815612793, -0.040940165519714355, 0, 0.9963654279708862, -0.0005522242281585932, 0.08518015593290329, -0.0005522537976503372, 0.9999161958694458, 0.012942269444465637, -0.08518015593290329, -0.012942273169755936, 0.9962815046310425),
            ["RightLowerLeg"] = CFrame.new(-2.9802322387695312e-08, -0.000005066394805908203, -0.00001610645995242521, 1, -1.4156097449813387e-07, -5.960463056453591e-08, 1.2665985593685036e-07, 0.628960132598877, 0.7774375081062317, -4.470347647611561e-08, -0.7774375677108765, 0.6289602518081665),
            ["LeftUpperLeg"] = CFrame.new(0, 1.903972588479519e-07, 0, 0.9641592502593994, 0.20232225954532623, -0.17164722084999084, -0.23482024669647217, 0.95185786485672, -0.19704388082027435, 0.12351738661527634, 0.23028795421123505, 0.9652518033981323),
            ["LeftLowerLeg"] = CFrame.new(-6.426125764846802e-08, 0.000004947185516357422, 0.00001609325408935547, 1, 3.026798012228937e-08, 6.984919309616089e-09, -3.818422200652094e-08, 0.9384937286376953, 0.3452964127063751, 7.4505797087454084e-09, -0.34529635310173035, 0.9384936690330505),
        }},
        {Time = 0.107, Data = {
            ["RightFoot"] = CFrame.new(-7.031485438346863e-08, 2.980232238769531e-07, -9.480572771281004e-09, 0.9979468584060669, 0.0635174810886383, -0.008231686428189278, -0.06404552608728409, 0.9908855557441711, -0.11850769817829132, 0.0006293173646554351, 0.11879181116819382, 0.9929190874099731),
            ["LeftLowerArm"] = CFrame.new(2.9802322387695312e-08, -2.384185791015625e-07, 1.1920928955078125e-07, 1, -7.823108916227284e-08, 7.264316792543468e-08, 1.0058283805847168e-07, 0.10965549945831299, -0.9939696788787842, 7.82310962677002e-08, 0.9939696788787842, 0.10965552181005478),
            ["RightUpperArm"] = CFrame.new(0, 0, -1.1920928955078125e-07, 0.825495719909668, -0.20151075720787048, -0.5272098183631897, 0.22708863019943237, 0.9737324118614197, -0.016609804704785347, 0.5167083144187927, -0.10601209849119186, 0.8495728373527527),
            ["Head"] = CFrame.new(2.60770320892334e-08, 1.1920928955078125e-07, -8.847564458847046e-08, 0.9993898868560791, 0.033036280423402786, -0.011337809264659882, -0.03398575261235237, 0.9946566224098206, -0.0974847674369812, 0.008056693710386753, 0.09781072288751602, 0.9951724410057068),
            ["RightHand"] = CFrame.new(-1.9371509552001953e-07, 2.980232238769531e-07, 1.043081283569336e-07, 0.9929827451705933, -0.11825796961784363, 0.0005533173680305481, 0.11825903505086899, 0.9929618239402771, -0.006463279947638512, 0.00021488964557647705, 0.00648333877325058, 0.9999790191650391),
            ["UpperTorso"] = CFrame.new(-2.0372681319713593e-09, -2.384185791015625e-07, -2.3283064365386963e-10, 0.9940376281738281, -0.004018760286271572, -0.10896394401788712, 0.035063136368989944, 0.9580243825912476, 0.2845345437526703, 0.10324662923812866, -0.2866586744785309, 0.9524531364440918),
            ["HumanoidRootPart"] = CFrame.new(0, 0, 0, 1, 0, 0, 0, 1, 0, 0, 0, 1),
            ["RightUpperLeg"] = CFrame.new(-8.940696716308594e-08, 3.1868694350123405e-08, -7.639755494892597e-10, 0.9753071665763855, -0.08019126951694489, -0.2057797759771347, 0.05592290684580803, 0.9910566806793213, -0.12115898728370667, 0.2136552482843399, 0.1066594198346138, 0.9710691571235657),
            ["LeftUpperArm"] = CFrame.new(1.1920928955078125e-07, 1.1920928955078125e-07, -3.725290298461914e-08, 0.9684210419654846, 0.0322236493229866, -0.24722962081432343, -0.19791994988918304, 0.7023906707763672, -0.6837216019630432, 0.15161974728107452, 0.711061954498291, 0.6865875124931335),
            ["RightLowerArm"] = CFrame.new(1.1920928955078125e-07, -2.384185791015625e-07, -5.960464477539063e-08, 1, -3.911554458113642e-08, -3.725290298461914e-08, 4.470347647611561e-08, 0.9063668251037598, -0.42249155044555664, -3.725289943190546e-08, 0.42249155044555664, 0.9063669443130493),
            ["LeftHand"] = CFrame.new(2.086162567138672e-07, 0, -2.849847078323364e-07, 0.9993458986282349, -0.023417895659804344, 0.02755967527627945, 0.034806933254003525, 0.8296909928321838, -0.5571368932723999, -0.009819043800234795, 0.5577316284179688, 0.8299632668495178),
            ["LeftFoot"] = CFrame.new(5.029141902923584e-08, 0, 3.725290298461914e-09, 0.9842667579650879, -0.17415043711662292, 0.029841996729373932, 0.17589083313941956, 0.9817788004875183, -0.07192233949899673, -0.01677311211824417, 0.0760396271944046, 0.9969636797904968),
            ["LowerTorso"] = CFrame.new(-0.20309071242809296, -0.029181241989135742, 0, 0.9982167482376099, -0.00021011073840782046, 0.05969300866127014, -0.0002101403515553102, 0.9999752640724182, 0.007033842150121927, -0.05969300866127014, -0.007033843081444502, 0.9981920123100281),
            ["RightLowerLeg"] = CFrame.new(8.195638656616211e-08, -0.0000050067901611328125, -0.000016087833500932902, 1, -5.215404996761208e-08, 7.450578820566989e-09, 3.5390254282674505e-08, 0.9607642889022827, 0.27736586332321167, -6.51925713412993e-09, -0.27736610174179077, 0.9607643485069275),
            ["LeftUpperLeg"] = CFrame.new(0, -4.4587068259716034e-08, -1.862645149230957e-09, 0.9662557244300842, 0.21118684113025665, 0.14747941493988037, -0.16245929896831512, 0.9439563751220703, -0.2873210608959198, -0.1998925358057022, 0.2536662220954895, 0.9464123845100403),
            ["LeftLowerLeg"] = CFrame.new(1.0803341865539551e-07, 0.000005066394805908203, 0.000016123056411743164, 1, 5.21540641784668e-08, 3.7252898543727042e-09, -3.725290298461914e-08, 0.8882840871810913, 0.45929455757141113, 1.4901161193847656e-08, -0.45929455757141113, 0.8882840275764465),
        }},
        {Time = 0.143, Data = {
            ["RightFoot"] = CFrame.new(-1.1641532182693481e-08, 2.384185791015625e-07, 1.6952981241047382e-09, 0.9984644651412964, 0.03990917280316353, -0.03841886296868324, -0.0449584499001503, 0.9889765977859497, -0.14108119904994965, 0.032365042716264725, 0.14259213209152222, 0.9892523288726807),
            ["LeftLowerArm"] = CFrame.new(0, 1.7881393432617188e-07, 1.1920928955078125e-07, 1, -3.026798367500305e-08, 6.705523247774181e-08, 8.195638656616211e-08, 0.37412095069885254, -0.9273799657821655, 3.91155481338501e-08, 0.9273799061775208, 0.3741210103034973),
            ["RightUpperArm"] = CFrame.new(-5.960464477539063e-08, -2.384185791015625e-07, -4.0978193283081055e-08, 0.6990681290626526, -0.21189457178115845, -0.6829380393028259, 0.23775716125965118, 0.9696229696273804, -0.05747131258249283, 0.6743703484535217, -0.12219707667827606, 0.7282119393348694),
            ["Head"] = CFrame.new(-9.313225746154785e-09, -2.384185791015625e-07, -8.568167686462402e-08, 0.9994255304336548, 0.03259457275271416, 0.009290611371397972, -0.031351394951343536, 0.9932184219360352, -0.11195658147335052, -0.012876780703663826, 0.1116010993719101, 0.9936697483062744),
            ["RightHand"] = CFrame.new(3.2782554626464844e-07, 0, -1.4901161193847656e-07, 0.9813454151153564, -0.1922452598810196, 0.0017454030457884073, 0.19224946200847626, 0.9812296032905579, -0.015125894919037819, 0.001195177435874939, 0.015179285779595375, 0.9998841285705566),
            ["UpperTorso"] = CFrame.new(-1.127773430198431e-09, -2.9802322387695312e-08, 2.6193447411060333e-10, 0.9976640343666077, -0.005793165415525436, -0.06806684285402298, 0.02524401992559433, 0.9571341872215271, 0.2885429263114929, 0.0634775310754776, -0.289587140083313, 0.9550444483757019),
            ["HumanoidRootPart"] = CFrame.new(0, 0, 0, 1, 0, 0, 0, 1, 0, 0, 0, 1),
            ["RightUpperLeg"] = CFrame.new(0, -1.9140861695632339e-07, 1.127773430198431e-09, 0.9365628361701965, -0.07930333912372589, -0.34141048789024353, 0.029277827590703964, 0.9883639812469482, -0.14926329255104065, 0.3492748737335205, 0.12979866564273834, 0.9279868006706238),
            ["LeftUpperArm"] = CFrame.new(0, -3.5762786865234375e-07, -5.21540641784668e-08, 0.9535428881645203, -0.016081158071756363, -0.30082809925079346, -0.15378828346729279, 0.8326752781867981, -0.5319784879684448, 0.2590470016002655, 0.5535280704498291, 0.7915183901786804),
            ["RightLowerArm"] = CFrame.new(0, 2.384185791015625e-07, -1.4901161193847656e-08, 1, -5.587936158235607e-08, 4.4703490686970326e-08, 2.9802322387695312e-08, 0.8305461406707764, -0.5569499135017395, 3.725290298461914e-09, 0.5569499135017395, 0.8305461406707764),
            ["LeftHand"] = CFrame.new(-2.9802322387695312e-08, 5.960464477539063e-08, 2.0116567611694336e-07, 0.9959795475006104, -0.08108596503734589, 0.038078997284173965, 0.08817922323942184, 0.8124703168869019, -0.5762954950332642, 0.01579141616821289, 0.5773361921310425, 0.8163539171218872),
            ["LeftFoot"] = CFrame.new(6.146728992462158e-08, -5.960464477539063e-08, 2.60770320892334e-08, 0.9956796765327454, -0.0927657037973404, 0.004088840447366238, 0.09245661646127701, 0.9863598346710205, -0.13618376851081848, 0.008599953725934029, 0.13597342371940613, 0.9906752109527588),
            ["LowerTorso"] = CFrame.new(-0.14966386556625366, -0.032999277114868164, 0, 0.9995466470718384, -0.00003128990647383034, 0.03011147864162922, -0.000031319523259298876, 0.9999978542327881, 0.0020787811372429132, -0.03011147864162922, -0.002078781370073557, 0.9995445013046265),
            ["RightLowerLeg"] = CFrame.new(3.725290298461914e-08, -0.000005125999450683594, -0.000016099009371828288, 1, -2.9802311729554276e-08, 1.3969838619232178e-08, 5.2154071283894154e-08, 0.9466426372528076, 0.32228484749794006, -1.5366824257512235e-08, -0.32228511571884155, 0.9466427564620972),
            ["LeftUpperLeg"] = CFrame.new(0, -2.4748442228883505e-07, 1.4260876923799515e-09, 0.9177058339118958, 0.17054322361946106, 0.358791321516037, -0.10960378497838974, 0.9768038392066956, -0.18396010994911194, -0.3818419575691223, 0.12949635088443756, 0.9151105880737305),
            ["LeftLowerLeg"] = CFrame.new(2.2351741790771484e-08, 0.00000476837158203125, 0.000016100704669952393, 1, 2.607702853651972e-08, 1.3969838619232178e-08, -2.2351745343485163e-08, 0.9492444396018982, 0.31453922390937805, -5.587936335871291e-09, -0.31453925371170044, 0.9492445588111877),
        }},
        {Time = 0.179, Data = {
            ["RightFoot"] = CFrame.new(-7.197377271950245e-08, 1.7881393432617188e-07, -5.289621185511351e-09, 0.9955759048461914, 0.010200290940701962, -0.09340596199035645, -0.02719191461801529, 0.9828300476074219, -0.18249881267547607, 0.0899406373500824, 0.1842314749956131, 0.978759229183197),
            ["LeftLowerArm"] = CFrame.new(5.960464477539063e-08, 2.384185791015625e-07, 0, 1, -8.940698137394065e-08, 4.0978196835794733e-08, 7.636845111846924e-08, 0.5932607650756836, -0.8050103783607483, 2.2351741790771484e-08, 0.8050104379653931, 0.5932608246803284),
            ["RightUpperArm"] = CFrame.new(0, 0, -3.166496753692627e-08, 0.5554748177528381, -0.23401601612567902, -0.7979251146316528, 0.24808037281036377, 0.9625210165977478, -0.10958778858184814, 0.7936648726463318, -0.1370762586593628, 0.5927107930183411),
            ["Head"] = CFrame.new(-8.381903171539307e-09, -2.384185791015625e-07, -1.210719347000122e-07, 0.9991529583930969, 0.03233256936073303, 0.025458451360464096, -0.029380138963460922, 0.9936238527297974, -0.10885060578584671, -0.02881554514169693, 0.10801051557064056, 0.9937321543693542),
            ["RightHand"] = CFrame.new(-5.066394805908203e-07, -2.980232238769531e-07, 1.9371509552001953e-07, 0.9624007940292358, -0.2715975344181061, 0.004438623320311308, 0.2716090977191925, 0.9619646072387695, -0.029201555997133255, 0.0036613051779568195, 0.029309265315532684, 0.9995636940002441),
            ["UpperTorso"] = CFrame.new(0, 0, 0, 0.9996773600578308, -0.006699381396174431, -0.024505358189344406, 0.013373211957514286, 0.9589088559150696, 0.2833992838859558, 0.021599801257252693, -0.28363552689552307, 0.9586889743804932),
            ["HumanoidRootPart"] = CFrame.new(0, 0, 0, 1, 0, 0, 0, 1, 0, 0, 0, 1),
            ["RightUpperLeg"] = CFrame.new(0, 0, 0, 0.9630095362663269, -0.04986672103404999, -0.26481303572654724, -0.001741762855090201, 0.9815554022789001, -0.19116991758346558, 0.2694616913795471, 0.1845596879720688, 0.9451603889465332),
            ["LeftUpperArm"] = CFrame.new(-1.1920928955078125e-07, -2.384185791015625e-07, -3.91155481338501e-08, 0.9522472620010376, 0.028202015906572342, -0.30402281880378723, -0.15031056106090546, 0.91000896692276, -0.38638123869895935, 0.26576682925224304, 0.4136282503604889, 0.87079256772995),
            ["RightLowerArm"] = CFrame.new(2.980232238769531e-07, 0, -1.4901161193847656e-08, 1, -5.960464477539063e-08, 2.980232594040899e-08, 4.470348358154297e-08, 0.7082886099815369, -0.7059229016304016, 1.862645149230957e-08, 0.7059229612350464, 0.7082887291908264),
            ["LeftHand"] = CFrame.new(-2.2351741790771484e-07, 2.384185791015625e-07, -2.980232238769531e-07, 0.9962184429168701, -0.07900881767272949, 0.03614477068185806, 0.08618054538965225, 0.84574955701828, -0.5265744924545288, 0.011034616269171238, 0.5276982188224792, 0.8493603467941284),
            ["LeftFoot"] = CFrame.new(9.313225746154785e-09, 5.960464477539063e-08, -2.2351741790771484e-08, 0.9851090312004089, -0.12424618750810623, 0.11884105205535889, 0.14162901043891907, 0.9783036112785339, -0.15120625495910645, -0.0974757969379425, 0.1657860279083252, 0.9813324809074402),
            ["LowerTorso"] = CFrame.new(-0.0999467521905899, -0.046091318130493164, 0, 1, 0, 0, 0, 1, 0, 0, 0, 1),
            ["RightLowerLeg"] = CFrame.new(5.51808625459671e-08, -0.000005066394805908203, -0.000016002151824068278, 1, -7.136257806905633e-08, 2.6600893932027248e-08, 6.74044642323679e-08, 0.9154972434043884, 0.40232419967651367, 9.313224857976365e-09, -0.402324378490448, 0.9154973030090332),
            ["LeftUpperLeg"] = CFrame.new(0, 0, 0, 0.9433005452156067, 0.19132597744464874, 0.2712535858154297, -0.14186474680900574, 0.9711560010910034, -0.19165194034576416, -0.3000975251197815, 0.14230406284332275, 0.9432343244552612),
            ["LeftLowerLeg"] = CFrame.new(7.82310962677002e-08, 0.0000050067901611328125, 0.000016145408153533936, 1, 2.60770320892334e-08, 1.1175870895385742e-08, -3.3527612686157227e-08, 0.9346446394920349, 0.3555833101272583, 3.725290298461914e-09, -0.3555833399295807, 0.9346446394920349),
        }},
        {Time = 0.214, Data = {
            ["RightFoot"] = CFrame.new(-2.7474015951156616e-08, 2.980232238769531e-07, -1.3205863069742918e-08, 0.9800845384597778, -0.01617269404232502, -0.19792136549949646, -0.027972262352705002, 0.9754972457885742, -0.21822616457939148, 0.19660094380378723, 0.21941660344600677, 0.955617368221283),
            ["LeftLowerArm"] = CFrame.new(-8.940696716308594e-08, 2.980232238769531e-07, 1.586158759891987e-08, 1, -5.960464477539063e-08, 4.470348358154297e-08, 5.21540641784668e-08, 0.749257504940033, -0.6622788310050964, 2.1599589672405273e-08, 0.6622788906097412, 0.749257504940033),
            ["RightUpperArm"] = CFrame.new(1.1920928955078125e-07, -2.384185791015625e-07, 2.9802322387695312e-08, 0.4352688789367676, -0.27420684695243835, -0.857526421546936, 0.2610630691051483, 0.9500072002410889, -0.17126694321632385, 0.8616189360618591, -0.1493212878704071, 0.4850938022136688),
            ["Head"] = CFrame.new(1.0477378964424133e-09, -3.5762786865234375e-07, -1.0477378964424133e-08, 0.9988040924072266, 0.03251131251454353, 0.0365174300968647, -0.02875102497637272, 0.994656503200531, -0.0991564691066742, -0.03954600170254707, 0.0979880690574646, 0.9944016337394714),
            ["RightHand"] = CFrame.new(-1.4901161193847656e-07, 0, 1.2665987014770508e-07, 0.9370391368865967, -0.34909504652023315, 0.009504862129688263, 0.3491209149360657, 0.93575119972229, -0.04984299838542938, 0.008505764417350292, 0.05002318322658539, 0.9987118244171143),
            ["UpperTorso"] = CFrame.new(2.051820047199726e-09, -1.4901161193847656e-07, 2.3283064365386963e-09, 0.9998119473457336, -0.009056014940142632, 0.01715090125799179, 0.0041617294773459435, 0.9638714790344238, 0.2663351595401764, -0.01894320361316204, -0.26621368527412415, 0.9637279510498047),
            ["HumanoidRootPart"] = CFrame.new(0, 0, 0, 1, 0, 0, 0, 1, 0, 0, 0, 1),
            ["RightUpperLeg"] = CFrame.new(-2.9802322387695312e-08, 3.4327968023717403e-08, 1.0986695997416973e-09, 0.9897505044937134, -0.006188652478158474, -0.14267335832118988, -0.028822224587202072, 0.9698448181152344, -0.24201329052448273, 0.13986872136592865, 0.24364493787288666, 0.9597260355949402),
            ["LeftUpperArm"] = CFrame.new(-1.1920928955078125e-07, 0, 5.3085386753082275e-08, 0.9507918357849121, 0.09743259102106094, -0.29411187767982483, -0.17736059427261353, 0.9495043754577637, -0.25881412625312805, 0.2540436089038849, 0.2982422113418579, 0.9200616478919983),
            ["RightLowerArm"] = CFrame.new(0, 0, -7.450580596923828e-09, 1, -5.960464477539063e-08, -1.4901161193847656e-08, 8.195639367158947e-08, 0.5347926616668701, -0.8449833393096924, 5.7742006731587026e-08, 0.8449833393096924, 0.5347926616668701),
            ["LeftHand"] = CFrame.new(-1.4901161193847656e-07, -2.384185791015625e-07, 1.4901161193847656e-07, 0.9969658255577087, -0.0712713748216629, 0.03130068629980087, 0.07783130556344986, 0.9192783832550049, -0.3858361840248108, -0.0012749918969348073, 0.3871016800403595, 0.9220362305641174),
            ["LeftFoot"] = CFrame.new(2.6775524020195007e-08, -1.1920928955078125e-07, -5.21540641784668e-08, 0.9552931189537048, -0.2389572560787201, 0.17411090433597565, 0.26271069049835205, 0.9562014937400818, -0.12908127903938293, -0.1356402188539505, 0.1690511256456375, 0.976229190826416),
            ["LowerTorso"] = CFrame.new(-0.05528278648853302, -0.060927391052246094, 0, 0.9996128082275391, 0.003861170494928956, -0.027556471526622772, -0.0037344072479754686, 0.9999822378158569, 0.004650108050554991, 0.02757393755018711, -0.004545400384813547, 0.9996094107627869),
            ["RightLowerLeg"] = CFrame.new(9.313225746154785e-09, -0.000004947185516357422, -0.000016136262274812907, 1, -8.381898908282892e-08, -7.450578820566989e-09, 7.078050856534901e-08, 0.8796764016151428, 0.47557249665260315, -1.955777229056821e-08, -0.4755726754665375, 0.8796765208244324),
            ["LeftUpperLeg"] = CFrame.new(2.9802322387695312e-08, -6.313348421826959e-08, 9.313225746154785e-10, 0.9762799143791199, 0.19948580861091614, -0.08416096121072769, -0.21601985394954681, 0.9236646890640259, -0.31651073694229126, 0.014597108587622643, 0.3271835446357727, 0.9448480606079102),
            ["LeftLowerLeg"] = CFrame.new(-3.259629011154175e-08, 0.000005125999450683594, 0.000016108155250549316, 1, 8.381903882082042e-08, 1.4901161193847656e-08, -5.960465188081798e-08, 0.7477306723594666, 0.6640021800994873, 3.3527616238870905e-08, -0.6640021800994873, 0.7477306723594666),
        }},
        {Time = 0.250, Data = {
            ["RightFoot"] = CFrame.new(-5.75091689825058e-08, 2.384185791015625e-07, -2.029992174357176e-09, 0.981543779373169, 0.03918567672371864, -0.18717987835407257, -0.07305249571800232, 0.9813827276229858, -0.17762653529644012, 0.17673464119434357, 0.1880224496126175, 0.9661328196525574),
            ["LeftLowerArm"] = CFrame.new(1.7881393432617188e-07, 1.1920928955078125e-07, 0, 1, -3.5390254282674505e-08, 2.9802318834981634e-08, 4.9360089349193004e-08, 0.8488277792930603, -0.5286694765090942, 2.2351738238057806e-08, 0.5286694169044495, 0.8488277792930603),
            ["RightUpperArm"] = CFrame.new(0, -4.76837158203125e-07, 6.05359673500061e-08, 0.37636804580688477, -0.33934152126312256, -0.8620872497558594, 0.2847309708595276, 0.9278402924537659, -0.24091652035713196, 0.8816322684288025, -0.15478962659835815, 0.44583049416542053),
            ["Head"] = CFrame.new(4.656612873077393e-10, -2.384185791015625e-07, 1.878870534710586e-07, 0.9985185861587524, 0.033142879605293274, 0.04315239191055298, -0.029287438839673996, 0.9957689642906189, -0.08710065484046936, -0.04585658013820648, 0.08570794761180878, 0.9952645301818848),
            ["RightHand"] = CFrame.new(7.078051567077637e-08, 0, 6.705522537231445e-08, 0.9082035422325134, -0.4181509017944336, 0.017780521884560585, 0.4182000458240509, 0.9049876928329468, -0.07814128696918488, 0.016583723947405815, 0.07840398699045181, 0.9967837929725647),
            ["UpperTorso"] = CFrame.new(-8.731149137020111e-10, 5.960464477539063e-08, -8.731149137020111e-10, 0.9983899593353271, -0.014354657381772995, 0.05487670376896858, 0.0006935850251466036, 0.9704662561416626, 0.24123609066009521, -0.0567188560962677, -0.2408096045255661, 0.9689136743545532),
            ["HumanoidRootPart"] = CFrame.new(0, 0, 0, 1, 0, 0, 0, 1, 0, 0, 0, 1),
            ["RightUpperLeg"] = CFrame.new(-5.960464477539063e-08, 1.686566974967718e-07, -3.5579432733356953e-09, 0.9984403252601624, -0.04707048833370209, -0.03002418391406536, 0.0323500819504261, 0.9260454177856445, -0.37602341175079346, 0.045503366738557816, 0.3744655251502991, 0.9261237382888794),
            ["LeftUpperArm"] = CFrame.new(0, -4.76837158203125e-07, 7.171183824539185e-08, 0.9499194622039795, 0.1771242320537567, -0.25744929909706116, -0.22205699980258942, 0.962261974811554, -0.15729808807373047, 0.2198724001646042, 0.20658890902996063, 0.9534029364585876),
            ["RightLowerArm"] = CFrame.new(1.1920928955078125e-07, 4.172325134277344e-07, 4.470348358154297e-08, 1, -9.685756197086448e-08, 3.539026138810186e-08, 7.450581307466564e-08, 0.3224562108516693, -0.9465844035148621, 1.0430814256778831e-07, 0.9465844035148621, 0.3224562108516693),
            ["LeftHand"] = CFrame.new(-7.450580596923828e-08, -2.980232238769531e-07, 1.1920928955078125e-07, 0.9981138706207275, -0.05545584112405777, 0.026332352310419083, 0.05914543569087982, 0.9835920929908752, -0.17043597996234894, -0.016448576003313065, 0.17167198657989502, 0.985016942024231),
            ["LeftFoot"] = CFrame.new(-4.6566128730773926e-08, 0, 7.450580596923828e-09, 0.9620850682258606, -0.2688891291618347, 0.04572845995426178, 0.2714250683784485, 0.9603644013404846, -0.06347203999757767, -0.026848897337913513, 0.0734773501753807, 0.9969354271888733),
            ["LowerTorso"] = CFrame.new(-0.016698062419891357, -0.04673051834106445, 0, 0.9985858201980591, 0.013704031705856323, -0.051367249339818954, -0.012875225394964218, 0.9997820854187012, 0.016431251540780067, 0.05158123001456261, -0.015746651217341423, 0.9985446333885193),
            ["RightLowerLeg"] = CFrame.new(2.60770320892334e-08, -0.000004887580871582031, -0.000016099009371828288, 1, -9.778883480748846e-08, -4.284083487959833e-08, 1.0617074508445512e-07, 0.7625470757484436, 0.6469326019287109, -2.561136547285514e-08, -0.6469327807426453, 0.7625472545623779),
            ["LeftUpperLeg"] = CFrame.new(5.960464477539063e-08, 2.3338361643254757e-07, 1.862645149230957e-09, 0.8808766007423401, 0.1953359842300415, -0.43116143345832825, -0.3180588185787201, 0.9188625812530518, -0.2335171103477478, 0.3505638837814331, 0.3428344130516052, 0.8715328574180603),
            ["LeftLowerLeg"] = CFrame.new(-5.960464477539063e-08, 0.00000476837158203125, 0.000016033649444580078, 1, 2.9802318834981634e-08, 2.9802318834981634e-08, -1.1920927533992653e-07, 0.676903247833252, 0.7360720634460449, 5.960463766996327e-08, -0.7360720038414001, 0.6769033074378967),
        }},
        {Time = 0.286, Data = {
            ["RightFoot"] = CFrame.new(6.129266694188118e-08, 5.960464477539062e-07, 3.336026566103101e-08, 0.9892097115516663, 0.14107511937618256, 0.03952299803495407, -0.1357603818178177, 0.984079122543335, -0.1147058755159378, -0.05507597327232361, 0.10810275375843048, 0.9926130175590515),
            ["LeftLowerArm"] = CFrame.new(0, 2.980232238769531e-07, -5.960464477539063e-08, 1, -3.725290298461914e-08, 7.450580596923828e-09, 3.91155481338501e-08, 0.9060602188110352, -0.4231487810611725, 2.2351741790771484e-08, 0.4231487512588501, 0.9060602188110352),
            ["RightUpperArm"] = CFrame.new(0, -3.5762786865234375e-07, -7.82310962677002e-08, 0.3769153356552124, -0.4578549861907959, -0.8051729798316956, 0.330643892288208, 0.8785209059715271, -0.3447836637496948, 0.8652222752571106, -0.13627132773399353, 0.48251500725746155),
            ["Head"] = CFrame.new(1.0244548320770264e-08, -2.384185791015625e-07, -7.194466888904572e-08, 0.9983499050140381, 0.03412226587533951, 0.046187564730644226, -0.030442241579294205, 0.9964759945869446, -0.07816006243228912, -0.04869181662797928, 0.07662512362003326, 0.9958704113960266),
            ["RightHand"] = CFrame.new(-5.960464477539063e-08, 2.980232238769531e-07, -5.587935447692871e-08, 0.88047856092453, -0.4731464087963104, 0.029832586646080017, 0.47322988510131836, 0.8733667731285095, -0.11525631695985794, 0.028478359803557396, 0.1155984103679657, 0.9928877353668213),
            ["UpperTorso"] = CFrame.new(-1.8044374883174896e-09, -1.4901161193847656e-07, 1.979060471057892e-09, 0.9958930015563965, -0.020533811300992966, 0.08817844837903976, 0.0009330098982900381, 0.9762176275253296, 0.21679092943668365, -0.09053289890289307, -0.21581828594207764, 0.9722274541854858),
            ["HumanoidRootPart"] = CFrame.new(0, 0, 0, 1, 0, 0, 0, 1, 0, 0, 0, 1),
            ["RightUpperLeg"] = CFrame.new(-2.9802322387695312e-08, -9.057112038135529e-08, -1.6952981241047382e-09, 0.9838013052940369, -0.14202484488487244, 0.10937998443841934, 0.1764858067035675, 0.8743441104888916, -0.4520788788795471, -0.03142930194735527, 0.46405962109565735, 0.8852462768554688),
            ["LeftUpperArm"] = CFrame.new(5.960464477539063e-08, 0, -1.1175870895385742e-08, 0.950038492679596, 0.25215864181518555, -0.18396465480327606, -0.27121296525001526, 0.9586111307144165, -0.08665063232183456, 0.15450087189674377, 0.13221503794193268, 0.9791061282157898),
            ["RightLowerArm"] = CFrame.new(0, 2.980232238769531e-07, -1.043081283569336e-07, 1, -1.601874686230076e-07, 4.470347647611561e-08, 8.940696716308594e-08, 0.10289756208658218, -0.9946919679641724, 5.960464477539063e-08, 0.9946920275688171, 0.10289755463600159),
            ["LeftHand"] = CFrame.new(1.043081283569336e-07, -5.960464477539062e-07, 5.960464477539063e-08, 0.9992103576660156, -0.030597347766160965, 0.025349635630846024, 0.028531350195407867, 0.9965293407440186, 0.07820120453834534, -0.027654390782117844, -0.07741615176200867, 0.9966152906417847),
            ["LeftFoot"] = CFrame.new(1.4901161193847656e-07, -1.1920928955078125e-07, 4.842877388000488e-08, 0.9851283431053162, -0.16801998019218445, 0.035936977714300156, 0.16824331879615784, 0.9857401251792908, -0.003262727987021208, -0.03487645089626312, 0.009260624647140503, 0.9993488192558289),
            ["LowerTorso"] = CFrame.new(0.014906197786331177, -0.03310275077819824, 0, 0.9971390962600708, 0.02672395668923855, -0.07070717960596085, -0.024514876306056976, 0.9991894960403442, 0.03192824870347977, 0.07150311022996902, -0.030103521421551704, 0.9969860911369324),
            ["RightLowerLeg"] = CFrame.new(-7.450580596923828e-09, -0.000005245208740234375, -0.00001608410821063444, 1, -9.126956967975275e-08, -1.862644793959589e-08, 1.247972107876194e-07, 0.6856123805046082, 0.7279665470123291, -5.4016702222270396e-08, -0.7279667854309082, 0.685612678527832),
            ["LeftUpperLeg"] = CFrame.new(0, -6.076879799365997e-08, -7.450580596923828e-09, 0.7429070472717285, 0.25963521003723145, -0.6169915795326233, -0.3759913146495819, 0.9244300723075867, -0.0637156143784523, 0.5538228154182434, 0.2793182134628296, 0.7843862175941467),
