return {
    ["Smeeze"] = {
        {Time = 0.000, Data = {
            ["LeftFoot"] = CFrame.new(-4.0978193283081055e-08, 0, -2.9802322387695312e-08, 0.9857043027877808, 0.16415296494960785, -0.0379619300365448, -0.14646387100219727, 0.7234677076339722, -0.6746425628662109, -0.0832800567150116, 0.6705582737922668, 0.7371678352355957),
            ["LeftLowerArm"] = CFrame.new(-0.0005037188529968262, -0.00010007619857788086, -1.9371509552001953e-07, 1, 7.636847954017867e-08, -1.8440189819557418e-07, -7.450581307466564e-08, 1, 4.79631196981245e-08, 1.871958659194206e-07, 1.0710213160791682e-08, 1),
            ["LowerTorso"] = CFrame.new(0.44853314757347107, -0.21224486827850342, 0.1419449746608734, 0.7750334143638611, -0.22297824919223785, -0.5912731885910034, 0.17948557436466217, 0.9748169779777527, -0.1323510855436325, 0.6058945059776306, -0.003548494540154934, 0.7955371141433716),
            ["Head"] = CFrame.new(7.82310962677002e-08, 1.1920928955078125e-07, 0, 0.827012836933136, 0.2074543833732605, 0.5225061178207397, -0.09840278327465057, 0.9684925675392151, -0.22877758741378784, -0.5535041093826294, 0.1377859264612198, 0.8213697075843811),
            ["RightUpperArm"] = CFrame.new(-0.011966943740844727, -0.053299784660339355, 0, -0.1345311999320984, -0.9605028629302979, 0.24358567595481873, 0.8248390555381775, -0.2447761595249176, -0.509633481502533, 0.5491282939910889, 0.13235919177532196, 0.8251907229423523),
            ["UpperTorso"] = CFrame.new(0, -3.2782554626464844e-07, 4.470348358154297e-08, 0.9887646436691284, 0.01677435077726841, 0.14853675663471222, -0.028159229084849358, 0.9967949986457825, 0.07487869262695312, -0.14680464565753937, -0.07822007685899734, 0.9860679507255554),
            ["HumanoidRootPart"] = CFrame.new(0, 0, 0, 1, 0, 0, 0, 1, 0, 0, 0, 1),
            ["RightHand"] = CFrame.new(5.364418029785156e-07, -3.5762786865234375e-07, -2.8312206268310547e-07, 0.9836314916610718, -0.16686522960662842, -0.0680096372961998, 0.14814239740371704, 0.9637337923049927, -0.221970796585083, 0.10258239507675171, 0.2082623839378357, 0.9726786613464355),
            ["LeftUpperArm"] = CFrame.new(0.011966824531555176, -0.053301215171813965, -3.725290298461914e-08, 0.9113854169845581, 0.23642244935035706, 0.33686381578445435, -0.12246821075677872, 0.9372458457946777, -0.32645460963249207, -0.39291006326675415, 0.25627100467681885, 0.8831479549407959),
            ["RightLowerArm"] = CFrame.new(0.0000030994415283203125, -8.344650268554688e-07, 1.4901161193847656e-07, 1, -6.705523247774181e-08, 2.011657045386528e-07, 1.1920930376163597e-07, 1, 7.450581485102248e-09, -2.1234157543403853e-07, -2.980232594040899e-08, 1),
            ["LeftHand"] = CFrame.new(8.940696716308594e-08, 0.0000997781753540039, 2.5331974029541016e-07, 0.875258207321167, 0.4826655089855194, 0.030939554795622826, -0.4717676341533661, 0.8660913705825806, -0.16529060900211334, -0.10657649487257004, 0.1300756335258484, 0.9857594966888428),
            ["RightUpperLeg"] = CFrame.new(1.1920928955078125e-07, 8.351635187864304e-07, 8.77116690389812e-08, 0.9735277891159058, 0.2198549509048462, -0.06250937283039093, -0.21524399518966675, 0.9738356471061707, 0.07289814949035645, 0.07690082490444183, -0.05751374363899231, 0.9953786134719849),
            ["LeftUpperLeg"] = CFrame.new(-1.1920928955078125e-07, 9.813811630010605e-08, 1.4901161193847656e-08, 0.968169093132019, 0.1146494671702385, 0.2224954068660736, -0.049033381044864655, 0.9585771560668945, -0.28058061003685, -0.24544759094715118, 0.2607399523258209, 0.9336864352226257),
            ["RightLowerLeg"] = CFrame.new(7.078051567077637e-08, -0.000003814697265625, -0.000013364646292757243, 1, 0, -3.9115551686563776e-08, 1.955777229056821e-08, 0.815909743309021, 0.5781788229942322, -1.294538236606968e-07, -0.5781794190406799, 0.8159101009368896),
            ["RightFoot"] = CFrame.new(-4.0046870708465576e-08, 4.172325134277344e-07, -1.3205863069742918e-08, 0.9987365007400513, -0.04859765246510506, 0.012796497903764248, 0.0481509268283844, 0.8524975776672363, -0.5205085277557373, 0.014386853203177452, 0.5204673409461975, 0.8537606000900269),
            ["LeftLowerLeg"] = CFrame.new(-7.450580596923828e-08, 0.000003635883331298828, 0.000013239681720733643, 1, 7.450577044210149e-09, 2.235175244891252e-08, -9.685753354915505e-08, 0.4471653401851654, 0.894450843334198, -2.2351738238057806e-08, -0.894451379776001, 0.4471662640571594),
        }},
        {Time = 0.033, Data = {
            ["LeftFoot"] = CFrame.new(7.450580596923828e-09, -1.1920928955078125e-07, -1.4901161193847656e-08, 0.9836569428443909, 0.17754590511322021, -0.029945576563477516, -0.16702033579349518, 0.8376222848892212, -0.520089864730835, -0.0672566369175911, 0.5165911316871643, 0.8535864353179932),
            ["LeftLowerArm"] = CFrame.new(-0.0005034208297729492, -0.00010007619857788086, -4.470348358154297e-07, 1, 7.823111758398227e-08, -1.881271884940361e-07, -8.940698137394065e-08, 1, 0, 1.695007227908718e-07, 0, 1),
            ["LowerTorso"] = CFrame.new(0.4055568277835846, -0.10602390766143799, 0.12831170856952667, 0.7466927170753479, -0.18117739260196686, -0.640019416809082, 0.130040243268013, 0.9833850264549255, -0.12666337192058563, 0.6523339748382568, 0.011350339278578758, 0.7578467726707458),
            ["Head"] = CFrame.new(7.450580596923828e-09, 1.1920928955078125e-07, 2.7939677238464355e-08, 0.8029356002807617, 0.20386643707752228, 0.5601187944412231, -0.0781644880771637, 0.9675901532173157, -0.24012427031993866, -0.5909186005592346, 0.1490228772163391, 0.7928476333618164),
            ["RightUpperArm"] = CFrame.new(-0.011966943740844727, -0.053299903869628906, -5.960464477539063e-08, -0.0999300628900528, -0.9541927576065063, 0.2820075750350952, 0.7899145483970642, -0.24842382967472076, -0.5606442093849182, 0.6050199270248413, 0.16673901677131653, 0.778556227684021),
            ["UpperTorso"] = CFrame.new(-6.705522537231445e-08, 5.960464477539063e-08, -2.9802322387695312e-08, 0.9888859391212463, -0.0196185652166605, 0.14737683534622192, 0.0066779861226677895, 0.9961163401603699, 0.08779299259185791, -0.1485268473625183, -0.08583306521177292, 0.9851763248443604),
            ["HumanoidRootPart"] = CFrame.new(0, 0, 0, 1, 0, 0, 0, 1, 0, 0, 0, 1),
            ["RightHand"] = CFrame.new(-5.960464477539063e-08, -1.1920928955078125e-07, -4.6193599700927734e-07, 0.9679222106933594, -0.23011687397956848, 0.10086066275835037, 0.24493533372879028, 0.9536625146865845, -0.17474114894866943, -0.055976226925849915, 0.19384020566940308, 0.9794348478317261),
            ["LeftUpperArm"] = CFrame.new(0.011966824531555176, -0.053301095962524414, 7.450580596923828e-09, 0.9502158164978027, 0.1497277468442917, 0.27325665950775146, -0.08102545887231827, 0.9655444622039795, -0.24730339646339417, -0.3008735179901123, 0.21285077929496765, 0.9296085238456726),
            ["RightLowerArm"] = CFrame.new(0.0000035762786865234375, -0.0000010728836059570312, -4.3213367462158203e-07, 1, -5.960465188081798e-08, 1.788139627478813e-07, 5.960463766996327e-08, 1, 4.4703490686970326e-08, -2.2351738948600541e-07, 2.980232594040899e-08, 1),
            ["LeftHand"] = CFrame.new(-5.960464477539063e-08, 0.00009995698928833008, 2.086162567138672e-07, 0.8789281845092773, 0.45343172550201416, 0.14793580770492554, -0.43027156591415405, 0.8876278400421143, -0.16426622867584229, -0.20579545199871063, 0.08072569221258163, 0.9752598404884338),
            ["RightUpperLeg"] = CFrame.new(-1.4901161193847656e-07, 8.405186235904694e-07, 2.8107024263590574e-08, 0.9881724715232849, 0.15314047038555145, 0.007949499413371086, -0.15334077179431915, 0.9872614741325378, 0.04244384169578552, -0.00134832423646003, -0.04316104203462601, 0.9990671873092651),
            ["LeftUpperLeg"] = CFrame.new(-1.1920928955078125e-07, 3.7974677979946136e-07, -5.029141902923584e-08, 0.9466944336891174, 0.03447837010025978, 0.320282518863678, 0.011154371313750744, 0.9901508688926697, -0.13955917954444885, -0.3219397962093353, 0.13569276034832, 0.9369857907295227),
            ["RightLowerLeg"] = CFrame.new(-1.9371509552001953e-07, -0.000003635883331298828, -0.000013133678294252604, 1, -5.0291429687376876e-08, -1.5553091259334906e-07, 1.0989610643719061e-07, 0.8505098819732666, 0.5259584188461304, -1.2677632810209616e-07, -0.5259590744972229, 0.85051029920578),
            ["RightFoot"] = CFrame.new(1.30385160446167e-08, 3.5762786865234375e-07, 3.149762051180005e-08, 0.9998979568481445, -0.014236868359148502, 0.0011865346459671855, 0.013791881501674652, 0.9403015375137329, -0.3400622308254242, 0.00372578133828938, 0.3400445580482483, 0.9404022097587585),
            ["LeftLowerLeg"] = CFrame.new(-7.450580596923828e-09, 0.000003814697265625, 0.0000133514404296875, 1, 2.2351741790771484e-07, 5.96046660916727e-08, -1.1548404188488348e-07, 0.6845732927322388, 0.7289440631866455, 9.313229298868464e-08, -0.7289440035820007, 0.6845732927322388),
        }},
        {Time = 0.067, Data = {
            ["LeftFoot"] = CFrame.new(-2.2351741790771484e-08, 5.960464477539063e-08, 2.9802322387695312e-08, 0.9898474812507629, 0.14098721742630005, 0.018018964678049088, -0.13438819348812103, 0.9696323275566101, -0.20433591306209564, -0.04628055915236473, 0.199839785695076, 0.9787350296974182),
            ["LeftLowerArm"] = CFrame.new(-0.0005035400390625, -0.0000997781753540039, -2.682209014892578e-07, 1, 7.823112468940963e-08, -1.7695130338779563e-07, -7.078052988163108e-08, 1, 7.450581485102248e-09, 2.3469334564651945e-07, 0, 1),
            ["LowerTorso"] = CFrame.new(0.35357150435447693, 0.03477072715759277, 0.11502160876989365, 0.7056725025177002, -0.14894521236419678, -0.6927060484886169, 0.07860089838504791, 0.9880771636962891, -0.1323835253715515, 0.7041650414466858, 0.03897210210561752, 0.7089660167694092),
            ["Head"] = CFrame.new(5.948822945356369e-08, -2.384185791015625e-07, -1.3969838619232178e-09, 0.7768579125404358, 0.20648731291294098, 0.5948570370674133, -0.05954247713088989, 0.9645597338676453, -0.25705891847610474, -0.6268545389175415, 0.164279043674469, 0.7616205811500549),
            ["RightUpperArm"] = CFrame.new(-0.011966943740844727, -0.05330026149749756, -1.2665987014770508e-07, -0.04134693369269371, -0.9550004005432129, 0.2937052845954895, 0.7647566199302673, -0.21942459046840668, -0.6058064103126526, 0.6429913640022278, 0.1995675414800644, 0.7394158840179443),
            ["UpperTorso"] = CFrame.new(-1.4901161193847656e-08, 2.9802322387695312e-08, -2.2351741790771484e-08, 0.9848856925964355, -0.06606950610876083, 0.16010960936546326, 0.04780401289463043, 0.9921723008155823, 0.1153641790151596, -0.16647838056087494, -0.10596664249897003, 0.9803347587585449),
            ["HumanoidRootPart"] = CFrame.new(0, 0, 0, 1, 0, 0, 0, 1, 0, 0, 0, 1),
            ["RightHand"] = CFrame.new(-1.1920928955078125e-07, 5.960464477539063e-08, -2.2351741790771484e-07, 0.9130992889404297, -0.2981220781803131, 0.2781599760055542, 0.33909091353416443, 0.9340605735778809, -0.11202004551887512, -0.22642269730567932, 0.19660696387290955, 0.9539804458618164),
            ["LeftUpperArm"] = CFrame.new(0.011966943740844727, -0.053301215171813965, -3.5390257835388184e-08, 0.979212760925293, 0.06578563898801804, 0.19186903536319733, -0.028250684961676598, 0.9809575080871582, -0.19215679168701172, -0.20085924863815308, 0.1827419400215149, 0.962425172328949),
            ["RightLowerArm"] = CFrame.new(0.0000030994415283203125, -0.0000012516975402832031, 1.9371509552001953e-07, 1, -1.1920930376163597e-07, 1.7136335372924805e-07, 2.9802322387695312e-08, 1, 0, -1.6391277313232422e-07, -1.4901162970204496e-08, 1),
            ["LeftHand"] = CFrame.new(2.9802322387695312e-08, 0.00010007619857788086, 2.9802322387695312e-08, 0.8723664283752441, 0.42442891001701355, 0.24256345629692078, -0.3930486738681793, 0.9040011167526245, -0.16821058094501495, -0.29067105054855347, 0.05140208825469017, 0.955441415309906),
            ["RightUpperLeg"] = CFrame.new(0, 9.331852197647095e-07, 7.281050784513354e-08, 0.9920088052749634, 0.08146044611930847, 0.09634707123041153, -0.08344520628452301, 0.9963716268539429, 0.016745613887906075, -0.09463340044021606, -0.024651600047945976, 0.9952070116996765),
            ["LeftUpperLeg"] = CFrame.new(-5.960464477539063e-08, 2.3040047381073236e-07, -3.39350663125515e-08, 0.9652493596076965, -0.03327716514468193, 0.259203165769577, 0.06494806706905365, 0.9912868142127991, -0.11459629237651825, -0.25313112139701843, 0.12744876742362976, 0.9590002298355103),
            ["RightLowerLeg"] = CFrame.new(-9.313225746154785e-09, -0.000003933906555175781, -0.0000133199428091757, 1, -1.1827796697616577e-07, 3.3527616238870905e-08, 1.154839708306099e-07, 0.8936218619346619, 0.44882017374038696, -9.039647608233281e-08, -0.44882068037986755, 0.893622100353241),
            ["RightFoot"] = CFrame.new(9.522773325443268e-08, 4.76837158203125e-07, 1.0600342648103833e-07, 0.999695360660553, 0.024221492931246758, 0.004759012255817652, -0.024107979610562325, 0.9994542002677917, -0.022587718442082405, -0.005303577054291964, 0.022466100752353668, 0.999733567237854),
            ["LeftLowerLeg"] = CFrame.new(1.4901161193847656e-08, 0.000003933906555175781, 0.000013284385204315186, 1, 7.450579175838357e-08, 5.215408194203519e-08, -2.2351741790771484e-08, 0.7604148387908936, 0.649436891078949, 2.2351741790771484e-08, -0.649437665939331, 0.7604156136512756),
        }},
        {Time = 0.100, Data = {
            ["LeftFoot"] = CFrame.new(-1.1175870895385742e-08, 5.960464477539063e-08, 1.4901161193847656e-08, 0.999925971031189, 0.011000417172908783, 0.005216004326939583, -0.01146363839507103, 0.9950050115585327, 0.09916413575410843, -0.004099310841411352, -0.09921696782112122, 0.9950574040412903),
            ["LeftLowerArm"] = CFrame.new(-0.0005033612251281738, -0.00009989738464355469, -2.384185791015625e-07, 1, 8.10250853078287e-08, -1.9371509552001953e-07, -8.195640788244418e-08, 1, 2.0489096641540527e-08, 2.421439262434433e-07, -1.862645593320167e-09, 1),
            ["LowerTorso"] = CFrame.new(0.2985667586326599, 0.16036224365234375, 0.10282828658819199, 0.64874267578125, -0.13896487653255463, -0.7482122778892517, 0.04273046925663948, 0.9882867336273193, -0.14650395512580872, 0.7598072290420532, 0.06307193636894226, 0.6470818519592285),
            ["Head"] = CFrame.new(-1.1175870895385742e-08, -3.5762786865234375e-07, 3.546301741153002e-08, 0.751896858215332, 0.20750050246715546, 0.6257753372192383, -0.034391485154628754, 0.9602313041687012, -0.27707964181900024, -0.6583831310272217, 0.18681399524211884, 0.7291310429573059),
            ["RightUpperArm"] = CFrame.new(-0.011967003345489502, -0.05330038070678711, 2.242450136691332e-08, 0.026674114167690277, -0.9537535905838013, 0.2994003891944885, 0.7603667378425598, -0.175076425075531, -0.6254529356956482, 0.6489459872245789, 0.24434064328670502, 0.7205331921577454),
            ["UpperTorso"] = CFrame.new(-2.2351741790771484e-08, -3.5762786865234375e-07, 4.470348358154297e-08, 0.9775532484054565, -0.09731060266494751, 0.1868700534105301, 0.0682004913687706, 0.9853461384773254, 0.15633857250213623, -0.19934500753879547, -0.1400846540927887, 0.9698648452758789),
            ["HumanoidRootPart"] = CFrame.new(0, 0, 0, 1, 0, 0, 0, 1, 0, 0, 0, 1),
            ["RightHand"] = CFrame.new(-2.980232238769531e-07, -5.960464477539063e-08, -2.384185791015625e-07, 0.840770423412323, -0.3511143624782562, 0.41209691762924194, 0.4065958857536316, 0.9121031761169434, -0.052417922765016556, -0.35747030377388, 0.21162831783294678, 0.9096309542655945),
            ["LeftUpperArm"] = CFrame.new(0.011966824531555176, -0.05330157279968262, -4.4630724005401134e-08, 0.9957478046417236, -0.010850787162780762, 0.09147906303405762, 0.02571132779121399, 0.9863139390945435, -0.16286151111125946, -0.08846113085746765, 0.1645210087299347, 0.982399046421051),
            ["RightLowerArm"] = CFrame.new(0.000003337860107421875, -8.940696716308594e-07, -3.2782554626464844e-07, 1, -2.980232949312267e-08, 2.0861622829215776e-07, 4.470348358154297e-08, 1, 0, -2.086162567138672e-07, 2.980232949312267e-08, 1),
            ["LeftHand"] = CFrame.new(-1.1920928955078125e-07, 0.00009995698928833008, 0, 0.8634878396987915, 0.39297911524772644, 0.31615856289863586, -0.35354337096214294, 0.9186577200889587, -0.17628128826618195, -0.35971635580062866, 0.04044104740023613, 0.9321849942207336),
            ["RightUpperLeg"] = CFrame.new(-2.9802322387695312e-08, 3.296881914138794e-07, 2.8142676455900073e-07, 0.9828487038612366, 0.037737537175416946, 0.18051187694072723, -0.029453173279762268, 0.9983957409858704, -0.04835730046033859, -0.18204715847969055, 0.04221136122941971, 0.9823833703994751),
            ["LeftUpperLeg"] = CFrame.new(2.9802322387695312e-08, 5.098991096019745e-08, 1.30385160446167e-08, 0.985179603099823, -0.04532402381300926, 0.16542987525463104, 0.0763794556260109, 0.9794808030128479, -0.1865035742521286, -0.15358223021030426, 0.19637510180473328, 0.9684262871742249),
            ["RightLowerLeg"] = CFrame.new(-1.825392246246338e-07, -0.000003933906555175781, -0.000013305041647981852, 1, -4.097820749393577e-08, 2.8871003365793513e-08, 3.725290298461914e-08, 0.8961642980575562, 0.4437222182750702, -6.28642737865448e-08, -0.4437224864959717, 0.8961644172668457),
            ["RightFoot"] = CFrame.new(-6.891787052154541e-08, 2.384185791015625e-07, -1.3205863069742918e-08, 0.9987756013870239, 0.044902075082063675, 0.020768146961927414, -0.048332467675209045, 0.9752123355865479, 0.21592779457569122, -0.01055796630680561, -0.21666733920574188, 0.9761885404586792),
            ["LeftLowerLeg"] = CFrame.new(-2.2351741790771484e-08, 0.0000037550926208496094, 0.00001329183578491211, 1, -4.470347647611561e-08, -2.9802318834981634e-08, 2.2351736461700966e-08, 0.7460953593254089, 0.6658390164375305, -3.725289587919178e-08, -0.6658391952514648, 0.7460954785346985),
        }},
        {Time = 0.133, Data = {
            ["LeftFoot"] = CFrame.new(-3.91155481338501e-08, 5.960464477539063e-08, 3.166496753692627e-08, 0.9983779191970825, -0.04779384285211563, -0.030939776450395584, 0.05151088535785675, 0.9897377490997314, 0.1332884430885315, 0.024251900613307953, -0.13466612994670868, 0.9905942678451538),
            ["LeftLowerArm"] = CFrame.new(-0.0005033612251281738, -0.00009959936141967773, -4.470348358154297e-07, 1, 1.0058285937475375e-07, -9.499491682163352e-08, -8.568168397005138e-08, 1, -1.1175872671742582e-08, 2.0861628513557662e-07, -7.450582373280668e-09, 1),
            ["LowerTorso"] = CFrame.new(0.24552631378173828, 0.2406749725341797, 0.0915355384349823, 0.5677196383476257, -0.14539417624473572, -0.8102808594703674, 0.01718282327055931, 0.9861583709716797, -0.16491399705410004, 0.8230426907539368, 0.0797019973397255, 0.5623596906661987),
            ["Head"] = CFrame.new(1.5273690223693848e-07, 1.1920928955078125e-07, 2.2351741790771484e-08, 0.7259182929992676, 0.2075667381286621, 0.655712366104126, -0.0031922091729938984, 0.9543803334236145, -0.29857659339904785, -0.687773585319519, 0.21464903652668, 0.6934647560119629),
            ["RightUpperArm"] = CFrame.new(-0.011966824531555176, -0.0532991886138916, -7.450580596923828e-08, 0.08468551188707352, -0.9417102336883545, 0.3255879580974579, 0.767146646976471, -0.14690259099006653, -0.624424934387207, 0.6358571648597717, 0.3026573657989502, 0.7099902033805847),
            ["UpperTorso"] = CFrame.new(-1.862645149230957e-08, -2.9802322387695312e-08, 3.725290298461914e-08, 0.9656989574432373, -0.11883459985256195, 0.23087672889232635, 0.07106896489858627, 0.9761432409286499, 0.20516738295555115, -0.24974969029426575, -0.1817217618227005, 0.9511058330535889),
            ["HumanoidRootPart"] = CFrame.new(0, 0, 0, 1, 0, 0, 0, 1, 0, 0, 0, 1),
            ["RightHand"] = CFrame.new(1.7881393432617188e-07, -1.1920928955078125e-07, -2.086162567138672e-07, 0.7833040952682495, -0.3811257481575012, 0.4910988211631775, 0.44550108909606934, 0.895140528678894, -0.015886353328824043, -0.43354761600494385, 0.23122888803482056, 0.8709591031074524),
            ["LeftUpperArm"] = CFrame.new(0.011966943740844727, -0.053301215171813965, -7.450580596923828e-08, 0.9956839680671692, -0.07414788752794266, -0.05581429600715637, 0.0651668831706047, 0.9867760539054871, -0.1484137773513794, 0.06608165800571442, 0.14413601160049438, 0.9873490333557129),
            ["RightLowerArm"] = CFrame.new(0.000003635883331298828, -8.344650268554688e-07, -1.1920928955078125e-07, 1, -8.940698137394065e-08, 2.309680269263481e-07, 5.960464477539063e-08, 1, 0, -2.086162567138672e-07, 1.4901162970204496e-08, 1),
            ["LeftHand"] = CFrame.new(5.960464477539063e-08, 0.00009995698928833008, 1.7881393432617188e-07, 0.8578371405601501, 0.3553408980369568, 0.37127941846847534, -0.30605900287628174, 0.9335924386978149, -0.1863682121038437, -0.4128478467464447, 0.04624026641249657, 0.9096254706382751),
            ["RightUpperLeg"] = CFrame.new(-5.960464477539063e-08, 9.424984455108643e-07, 1.6221747500821948e-07, 0.9755504131317139, 0.026545578613877296, 0.2181667983531952, 0.004628026857972145, 0.9899773597717285, -0.14115065336227417, -0.21972738206386566, 0.1387093961238861, 0.9656499028205872),
            ["LeftUpperLeg"] = CFrame.new(-1.1920928955078125e-07, 5.746260285377502e-07, 3.91155481338501e-08, 0.9827307462692261, -0.0026160271372646093, 0.1850230097770691, 0.057991091161966324, 0.9538819789886475, -0.2945265769958496, -0.17571979761123657, 0.30017054080963135, 0.93756103515625),
            ["RightLowerLeg"] = CFrame.new(-1.1920928955078125e-07, -0.0000033974647521972656, -0.000013185832358431071, 1, -2.0861628513557662e-07, 1.862645149230957e-08, 1.7136335372924805e-07, 0.8412563800811768, 0.5406363606452942, 1.4901161193847656e-08, -0.5406363606452942, 0.8412564992904663),
            ["RightFoot"] = CFrame.new(-8.195638656616211e-08, 4.76837158203125e-07, -4.300818545743823e-08, 0.9916650652885437, 0.11365263909101486, 0.06069265305995941, -0.12425367534160614, 0.9681951999664307, 0.21716171503067017, -0.03408116102218628, -0.22289282083511353, 0.9742470979690552),
            ["LeftLowerLeg"] = CFrame.new(4.842877388000488e-08, 0.000003814697265625, 0.000013232231140136719, 1, 1.9371513815258368e-07, 1.0803343286625022e-07, -1.8626448650138627e-07, 0.588711678981781, 0.8083432912826538, 2.719461633660103e-07, -0.8083431124687195, 0.5887115597724915),
        }},
        {Time = 0.167, Data = {
            ["LeftFoot"] = CFrame.new(1.1175870895385742e-08, -1.1920928955078125e-07, -2.9802322387695312e-08, 0.999459445476532, 0.028853561729192734, 0.01575782708823681, -0.025629708543419838, 0.9840205311775208, -0.17619991302490234, -0.020590240135788918, 0.1757017821073532, 0.9842283129692078),
            ["LeftLowerArm"] = CFrame.new(-0.0005034208297729492, -0.00009936094284057617, -2.384185791015625e-07, 1, 7.450581307466564e-08, -2.2351744632942427e-07, -5.960465188081798e-08, 1, 2.2351745343485163e-08, 1.8626454334480513e-07, -7.450581485102248e-09, 1),
            ["LowerTorso"] = CFrame.new(0.19582226872444153, 0.28208398818969727, 0.0805174857378006, 0.47376754879951477, -0.1562829464673996, -0.8666718006134033, -0.010546913370490074, 0.9830499291419983, -0.18303437530994415, 0.8805868625640869, 0.0958564504981041, 0.4640888571739197),
            ["Head"] = CFrame.new(4.470348358154297e-08, 3.5762786865234375e-07, 6.705522537231445e-08, 0.6988210082054138, 0.21052055060863495, 0.6836157441139221, 0.029383854940533638, 0.9464538097381592, -0.32149940729141235, -0.7146928310394287, 0.24475783109664917, 0.655215859413147),
            ["RightUpperArm"] = CFrame.new(-0.011966943740844727, -0.053299784660339355, -7.450580596923828e-08, 0.13013729453086853, -0.922903299331665, 0.36236780881881714, 0.7721763849258423, -0.13491462171077728, -0.6209210157394409, 0.621938943862915, 0.36062130331993103, 0.6950876116752625),
            ["UpperTorso"] = CFrame.new(-2.0489096641540527e-08, -2.682209014892578e-07, 5.960464477539063e-08, 0.9487431049346924, -0.14931616187095642, 0.27855202555656433, 0.07586704194545746, 0.9631861448287964, 0.25790849328041077, -0.30680733919143677, -0.22355598211288452, 0.9251443147659302),
            ["HumanoidRootPart"] = CFrame.new(0, 0, 0, 1, 0, 0, 0, 1, 0, 0, 0, 1),
            ["RightHand"] = CFrame.new(5.960464477539062e-07, -1.1920928955078125e-07, 0, 0.7423513531684875, -0.39731651544570923, 0.5394943952560425, 0.4702214002609253, 0.882543683052063, 0.002928030677139759, -0.4772907495498657, 0.25150808691978455, 0.8419841527938843),
            ["LeftUpperArm"] = CFrame.new(0.011966705322265625, -0.053301453590393066, 1.4901161193847656e-08, 0.9837946891784668, -0.09997864812612534, -0.1488330215215683, 0.07559823989868164, 0.9840043187141418, -0.16130970418453217, 0.16258208453655243, 0.14744415879249573, 0.9756167531013489),
            ["RightLowerArm"] = CFrame.new(0.0000032782554626464844, -8.344650268554688e-07, -8.344650268554688e-07, 1, -5.960465188081798e-08, 1.6391277313232422e-07, 1.043081283569336e-07, 1, 3.725290298461914e-08, -2.4586915969848633e-07, 0, 1),
            ["LeftHand"] = CFrame.new(2.9802322387695312e-08, 0.00010019540786743164, 7.450580596923828e-08, 0.893049955368042, 0.2648719251155853, 0.36373716592788696, -0.21006235480308533, 0.9603049755096436, -0.18354368209838867, -0.39791420102119446, 0.08750621974468231, 0.9132398962974548),
            ["RightUpperLeg"] = CFrame.new(5.960464477539063e-08, 0.0000012740492820739746, 1.0261283023282886e-07, 0.970690131187439, 0.03262822702527046, 0.23810942471027374, 0.028802286833524704, 0.9678080081939697, -0.2500362992286682, -0.23860248923301697, 0.249565988779068, 0.9385018944740295),
            ["LeftUpperLeg"] = CFrame.new(-1.1920928955078125e-07, 1.0943040251731873e-07, 2.9802322387695312e-08, 0.9780301451683044, 0.027508344501256943, 0.2066410928964615, 0.07215539366006851, 0.8853124976158142, -0.4593638479709625, -0.19557802379131317, 0.4641822278499603, 0.8638775944709778),
            ["RightLowerLeg"] = CFrame.new(7.450580596923828e-09, -0.000003933906555175781, -0.000013200733519624919, 1, -1.3783569841052667e-07, 1.6763808119435453e-08, 1.5273685960437433e-07, 0.7455503940582275, 0.6664485931396484, 5.215404996761208e-08, -0.666449248790741, 0.7455509901046753),
            ["RightFoot"] = CFrame.new(7.450580596923828e-09, 2.980232238769531e-07, -5.75528247281909e-09, 0.9845929145812988, 0.1474011242389679, 0.09407390654087067, -0.1647566258907318, 0.9622421264648438, 0.2166687697172165, -0.058584753423929214, -0.22882993519306183, 0.9717020988464355),
            ["LeftLowerLeg"] = CFrame.new(-7.450580596923828e-08, 0.0000037550926208496094, 0.000013187527656555176, 1, 8.19563368281706e-08, 8.94070240065048e-08, -1.8626455755565985e-07, 0.11166629940271378, 0.9937456846237183, 9.313227877782992e-08, -0.9937458038330078, 0.1116672083735466),
        }},
        {Time = 0.200, Data = {
            ["LeftFoot"] = CFrame.new(7.450580596923828e-09, 5.960464477539063e-08, -6.705522537231445e-08, 0.9971361756324768, 0.06745678931474686, 0.034191906452178955, -0.04773297160863876, 0.9120360612869263, -0.4073217213153839, -0.058661192655563354, 0.40452417731285095, 0.9126445651054382),
            ["LeftLowerArm"] = CFrame.new(-0.0005034208297729492, -0.0000997781753540039, -4.172325134277344e-07, 1, 6.705524668859653e-08, -1.7043204536548728e-07, -5.960465188081798e-08, 1, -7.450581485102248e-09, 2.523884461425041e-07, 0, 1),
            ["LowerTorso"] = CFrame.new(0.15003050863742828, 0.2995877265930176, 0.0698833167552948, 0.39998018741607666, -0.16297169029712677, -0.9019180536270142, -0.04819300025701523, 0.978962779045105, -0.19826577603816986, 0.9152559638023376, 0.12276852875947952, 0.3837116062641144),
            ["Head"] = CFrame.new(7.450580596923828e-08, -3.5762786865234375e-07, 4.470348358154297e-08, 0.6775135397911072, 0.21685920655727386, 0.702813982963562, 0.06172247231006622, 0.9354121088981628, -0.34812992811203003, -0.7329158782958984, 0.2792421281337738, 0.6203693747520447),
            ["RightUpperArm"] = CFrame.new(-0.011967003345489502, -0.053299784660339355, -2.9802322387695312e-08, 0.17077381908893585, -0.9052303433418274, 0.3890887200832367, 0.774453341960907, -0.1208130493760109, -0.6209893226623535, 0.6091457009315491, 0.4073847234249115, 0.6804280281066895),
            ["UpperTorso"] = CFrame.new(3.4458935260772705e-08, -5.066394805908203e-07, -1.4901161193847656e-08, 0.9316001534461975, -0.19723373651504517, 0.3053194582462311, 0.09554423391819, 0.9433160424232483, 0.3178463578224182, -0.35070279240608215, -0.26693421602249146, 0.8976379036903381),
            ["HumanoidRootPart"] = CFrame.new(0, 0, 0, 1, 0, 0, 0, 1, 0, 0, 0, 1),
            ["RightHand"] = CFrame.new(-2.980232238769531e-07, -2.980232238769531e-07, 2.682209014892578e-07, 0.714086651802063, -0.4073318839073181, 0.5693514943122864, 0.48638439178466797, 0.8736164569854736, 0.014984134584665298, -0.503498375415802, 0.266223669052124, 0.8219577670097351),
            ["LeftUpperArm"] = CFrame.new(0.011966943740844727, -0.053301334381103516, 5.960464477539063e-08, 0.9644103050231934, -0.07959187030792236, -0.2521427869796753, 0.042659830302000046, 0.987962007522583, -0.14870010316371918, 0.2609463334083557, 0.13265158236026764, 0.9561969041824341),
            ["RightLowerArm"] = CFrame.new(0.0000029206275939941406, -6.556510925292969e-07, -5.960464477539063e-08, 1, -1.0430815677864302e-07, 1.564621925354004e-07, 5.960465188081798e-08, 1, 0, -2.0861628513557662e-07, -1.4901164746561335e-08, 1),
            ["LeftHand"] = CFrame.new(2.9802322387695312e-08, 0.00010001659393310547, 8.940696716308594e-08, 0.9355360865592957, 0.12215264141559601, 0.3314377963542938, -0.06339924782514572, 0.9811326265335083, -0.18264567852020264, -0.3474951386451721, 0.14985878765583038, 0.9256293177604675),
            ["RightUpperLeg"] = CFrame.new(1.1920928955078125e-07, 6.593763828277588e-07, 4.300818545743823e-08, 0.9579581618309021, 0.056335631757974625, 0.2813226580619812, 0.0382409505546093, 0.9467130303382874, -0.31980013847351074, -0.2843483090400696, 0.31711316108703613, 0.9047572016716003),
            ["LeftUpperLeg"] = CFrame.new(-5.960464477539063e-08, -1.6763806343078613e-07, 1.1175870895385742e-08, 0.9712381362915039, 0.048669058829545975, 0.23308320343494415, 0.10630711168050766, 0.7872814536094666, -0.607360303401947, -0.21306195855140686, 0.614669919013977, 0.7594640851020813),
            ["RightLowerLeg"] = CFrame.new(-7.450580596923828e-09, -0.000003993511199951172, -0.000013334843970369548, 1, -9.685754776000977e-08, -3.445894236620006e-08, 1.266598843585598e-07, 0.6659426689147949, 0.7460024952888489, -1.7695130338779563e-07, -0.7460029721260071, 0.6659432649612427),
            ["RightFoot"] = CFrame.new(1.4901161193847656e-08, 2.384185791015625e-07, -1.3205863069742918e-08, 0.9853160381317139, 0.13587895035743713, 0.10338978469371796, -0.15765796601772308, 0.9565134644508362, 0.24540990591049194, -0.06554728746414185, -0.25810638070106506, 0.9638903141021729),
            ["LeftLowerLeg"] = CFrame.new(-6.705522537231445e-08, 0.000003933906555175781, 0.000013187527656555176, 1, -1.6763786447882012e-07, -3.650787618880713e-07, 1.7881389169360773e-07, -0.3707141578197479, 0.9287469983100891, -4.0233126696875843e-07, -0.9287469983100891, -0.37071436643600464),
        }},
        {Time = 0.233, Data = {
            ["LeftFoot"] = CFrame.new(8.195638656616211e-08, 1.7881393432617188e-07, 1.4901161193847656e-07, 0.9952185750007629, 0.08554147928953171, 0.04714352637529373, -0.05548326298594475, 0.8923574090003967, -0.447905033826828, -0.08038382232189178, 0.44314906001091003, 0.8928373456001282),
            ["LeftLowerArm"] = CFrame.new(-0.0005033016204833984, -0.00009995698928833008, -3.203749656677246e-07, 1, 8.009376983864058e-08, -1.9278380136711348e-07, -6.891789183782748e-08, 1, -9.31322685637781e-10, 1.7904683602409932e-07, 7.450583261459087e-09, 1),
            ["LowerTorso"] = CFrame.new(0.10699452459812164, 0.29287052154541016, 0.059742070734500885, 0.35846805572509766, -0.16244183480739594, -0.9193004965782166, -0.09398697316646576, 0.973461389541626, -0.2086610049009323, 0.9287988543510437, 0.16120053827762604, 0.3336873948574066),
            ["Head"] = CFrame.new(1.4901161193847656e-08, 2.384185791015625e-07, 5.960464477539063e-08, 0.6653364300727844, 0.22323064506053925, 0.712387204170227, 0.09258206188678741, 0.9222084283828735, -0.3754466772079468, -0.7407806515693665, 0.31575262546539307, 0.5929117202758789),
            ["RightUpperArm"] = CFrame.new(-0.011967062950134277, -0.05329930782318115, 8.940696716308594e-08, 0.19280028343200684, -0.8917943835258484, 0.40929970145225525, 0.7614635825157166, -0.12710408866405487, -0.6356250643730164, 0.6188709139823914, 0.434220552444458, 0.6545644402503967),
            ["UpperTorso"] = CFrame.new(4.6566128730773926e-09, 1.4901161193847656e-07, -7.450580596923828e-08, 0.9174708724021912, -0.25479936599731445, 0.30549079179763794, 0.12824079394340515, 0.9163901209831238, 0.37918806076049805, -0.37656569480895996, -0.3087175786495209, 0.8734367489814758),
            ["HumanoidRootPart"] = CFrame.new(0, 0, 0, 1, 0, 0, 0, 1, 0, 0, 0, 1),
            ["RightHand"] = CFrame.new(-4.76837158203125e-07, 2.384185791015625e-07, -5.960464477539063e-08, 0.6923138499259949, -0.4176076054573059, 0.5884771943092346, 0.49949464201927185, 0.8659008741378784, 0.02684851735830307, -0.5207750201225281, 0.27535372972488403, 0.8080679774284363),
            ["LeftUpperArm"] = CFrame.new(0.011966824531555176, -0.053301215171813965, -8.940696716308594e-08, 0.9484358429908752, -0.039725735783576965, -0.31446588039398193, -0.001562659628689289, 0.9915164709091187, -0.12997211515903473, 0.3169655501842499, 0.1237616166472435, 0.9403289556503296),
            ["RightLowerArm"] = CFrame.new(0.0000032186508178710938, -9.5367431640625e-07, -2.980232238769531e-07, 1, -1.0430814256778831e-07, 1.4156104555240745e-07, 1.4901157641133977e-08, 1, 7.450581485102248e-09, -1.9371505288745539e-07, 2.2351745343485163e-08, 1),
            ["LeftHand"] = CFrame.new(1.043081283569336e-07, 0.00010013580322265625, 1.30385160446167e-07, 0.9347920417785645, 0.031761445105075836, 0.3537726402282715, 0.037510327994823456, 0.981597363948822, -0.1872425079345703, -0.35320937633514404, 0.18830299377441406, 0.9163979887962341),
            ["RightUpperLeg"] = CFrame.new(-2.9802322387695312e-08, 8.158385753631592e-07, 1.3205863069742918e-08, 0.934084415435791, 0.07155223935842514, 0.3498091995716095, 0.0584423802793026, 0.9358628392219543, -0.34748417139053345, -0.3522369861602783, 0.34502333402633667, 0.869993269443512),
            ["LeftUpperLeg"] = CFrame.new(0, -1.5925616025924683e-07, -1.1175870895385742e-07, 0.9633364081382751, 0.028352612629532814, 0.26679351925849915, 0.16606882214546204, 0.7180003523826599, -0.6759414076805115, -0.2107229083776474, 0.6954650282859802, 0.6869675517082214),
            ["RightLowerLeg"] = CFrame.new(4.470348358154297e-08, -0.0000036954879760742188, -0.000013141128874849528, 1, -6.332992796842518e-08, -9.872024264723223e-08, 1.3411046495548362e-07, 0.6253121495246887, 0.78037428855896, 1.1175872671742582e-08, -0.7803747653961182, 0.6253127455711365),
            ["RightFoot"] = CFrame.new(-8.381903171539307e-08, 2.980232238769531e-07, 1.6596459317952394e-08, 0.9827554821968079, 0.13807618618011475, 0.12299110740423203, -0.16893523931503296, 0.9408887624740601, 0.29358020424842834, -0.07518425583839417, -0.3092949390411377, 0.9479894638061523),
            ["LeftLowerLeg"] = CFrame.new(6.705522537231445e-08, 0.000003874301910400391, 0.00001354515552520752, 1, -1.3038501833761984e-07, -2.5331993924737617e-07, 7.450579175838357e-08, -0.550311803817749, 0.8349590301513672, -5.215404996761208e-08, -0.8349592089653015, -0.5503121018409729),
        }},
        {Time = 0.267, Data = {
            ["LeftFoot"] = CFrame.new(4.470348358154297e-08, 5.960464477539063e-08, 6.332993507385254e-08, 0.9932858347892761, 0.09735871106386185, 0.0624869242310524, -0.06232479214668274, 0.9053992629051208, -0.4199604094028473, -0.09746289998292923, 0.4132474660873413, 0.9053887128829956),
            ["LeftLowerArm"] = CFrame.new(-0.0005036592483520508, -0.00009953975677490234, -3.8743019104003906e-07, 1, 8.475037560629062e-08, -1.8766154141758307e-07, -8.149074659513644e-08, 1, 9.313227966600834e-10, 1.736917027983509e-07, 5.587936779960501e-09, 1),
            ["LowerTorso"] = CFrame.new(0.06583158671855927, 0.27201080322265625, 0.05020296573638916, 0.33480989933013916, -0.16274100542068481, -0.9281259775161743, -0.12460360676050186, 0.9686768651008606, -0.21480052173137665, 0.9340109825134277, 0.18756519258022308, 0.3040444254875183),
            ["Head"] = CFrame.new(-8.940696716308594e-08, -1.1920928955078125e-07, 0, 0.6592501401901245, 0.22583571076393127, 0.717208206653595, 0.1219746544957161, 0.9090784192085266, -0.39837002754211426, -0.74196457862854, 0.35010671615600586, 0.571763813495636),
            ["RightUpperArm"] = CFrame.new(-0.011967062950134277, -0.053299784660339355, 0, 0.20224830508232117, -0.8816909193992615, 0.4262765645980835, 0.7332028150558472, -0.1522374153137207, -0.6627513766288757, 0.6492373943328857, 0.4465925991535187, 0.6156696081161499),
            ["UpperTorso"] = CFrame.new(2.8172507882118225e-08, -1.1920928955078125e-07, 2.0489096641540527e-08, 0.9090359210968018, -0.29287388920783997, 0.29644322395324707, 0.14692361652851105, 0.8909471035003662, 0.429682195186615, -0.3899579346179962, -0.347042053937912, 0.8529329895973206),
            ["HumanoidRootPart"] = CFrame.new(0, 0, 0, 1, 0, 0, 0, 1, 0, 0, 0, 1),
            ["RightHand"] = CFrame.new(-1.7881393432617188e-07, -2.384185791015625e-07, -1.4901161193847656e-07, 0.6749424338340759, -0.43140947818756104, 0.5986138582229614, 0.5141286849975586, 0.8568774461746216, 0.03785034641623497, -0.5292677879333496, 0.28221774101257324, 0.8001429438591003),
            ["LeftUpperArm"] = CFrame.new(0.01196664571762085, -0.053301334381103516, 5.960464477539063e-08, 0.9389562010765076, 0.0009558050660416484, -0.34403127431869507, -0.043602291494607925, 0.9922627806663513, -0.11624736338853836, 0.3412626385688782, 0.12415175139904022, 0.9317343831062317),
            ["RightLowerArm"] = CFrame.new(0.000002562999725341797, -0.0000013113021850585938, 2.9802322387695312e-08, 1, -8.940698137394065e-08, 2.086162567138672e-07, 1.4901161193847656e-08, 1, 7.450580596923828e-09, -1.7881393432617188e-07, -3.725290653733282e-08, 1),
            ["LeftHand"] = CFrame.new(1.1920928955078125e-07, 0.00010001659393310547, 8.195638656616211e-08, 0.8958007097244263, 0.09554470330476761, 0.4340648949146271, -0.007852746173739433, 0.979870617389679, -0.19947929680347443, -0.4443865716457367, 0.17528508603572845, 0.8785190582275391),
            ["RightUpperLeg"] = CFrame.new(0, 8.940696716308594e-07, 1.4731631381437182e-07, 0.9148288369178772, 0.08183994889259338, 0.3954624533653259, 0.06973380595445633, 0.9325280785560608, -0.3543003499507904, -0.3977757394313812, 0.3517012894153595, 0.8473964333534241),
            ["LeftUpperLeg"] = CFrame.new(0, 1.8812716007232666e-07, -3.725290298461914e-08, 0.9577549695968628, 0.005504342261701822, 0.2875329256057739, 0.21531641483306885, 0.6490600109100342, -0.7296301126480103, -0.19064216315746307, 0.7607173323631287, 0.6204553842544556),
            ["RightLowerLeg"] = CFrame.new(1.601874828338623e-07, -0.0000034570693969726562, -0.000013215634680818766, 1, -9.313223614526578e-08, -1.5087425708770752e-07, 1.1920928955078125e-07, 0.6251750588417053, 0.7804841995239258, -6.705522537231445e-08, -0.7804846167564392, 0.6251754760742188),
