return {
    ["Smile"] = {
        {Time = 0.000, Data = {
            ["RightFoot"] = CFrame.new(9.763425623532385e-09, 2.384185791015625e-07, -2.843444235622883e-08, 0.9796658158302307, 0.19710586965084076, 0.03747496381402016, -0.17618322372436523, 0.9344884157180786, -0.3093389868736267, -0.09599245339632034, 0.2964467704296112, 0.9502131938934326),
            ["LeftLowerArm"] = CFrame.new(8.940696716308594e-08, 2.384185791015625e-07, -5.960464477539063e-08, 1, 2.4028113898566517e-07, -1.1920930376163597e-07, -2.495944215752388e-07, 0.23626595735549927, -0.9716885089874268, -2.0861622829215776e-07, 0.9716885089874268, 0.2362658977508545),
            ["RightUpperArm"] = CFrame.new(0, 3.5762786865234375e-07, -3.91155481338501e-08, 0.2723211646080017, -0.11544519662857056, 0.9552557468414307, 0.32311001420021057, 0.9461004137992859, 0.022227592766284943, -0.906333863735199, 0.30259963870048523, 0.2949446737766266),
            ["Head"] = CFrame.new(-2.3748725652694702e-08, 3.5762786865234375e-07, -3.9086444303393364e-08, 0.843735933303833, -0.1057160347700119, 0.5262449979782104, 0.1341542750597, 0.9908306002616882, -0.01604587398469448, -0.5197233557701111, 0.08413656800985336, 0.8501816987991333),
            ["RightHand"] = CFrame.new(8.847564458847046e-09, -5.960464477539063e-08, 2.2351741790771484e-08, 0.5715329647064209, 0.5351728200912476, 0.62204509973526, -0.3127864599227905, 0.8429074883460999, -0.43780335783958435, -0.7586268186569214, 0.05565173178911209, 0.6491442322731018),
            ["UpperTorso"] = CFrame.new(4.6566128730773926e-09, -2.9802322387695312e-08, 1.1175870895385742e-08, 0.9922336935997009, 0.08994708210229874, 0.08591732382774353, -0.10200777649879456, 0.9836757779121399, 0.14824450016021729, -0.07118070125579834, -0.15585742890834808, 0.9852115511894226),
            ["HumanoidRootPart"] = CFrame.new(0, 0, 0, 1, 0, 0, 0, 1, 0, 0, 0, 1),
            ["RightUpperLeg"] = CFrame.new(2.9802322387695312e-08, -1.5832483768463135e-07, 1.3213139027357101e-08, 0.9384936690330505, -0.31184324622154236, -0.1482679545879364, 0.2566894590854645, 0.9172779321670532, -0.3044862151145935, 0.2309548556804657, 0.24769935011863708, 0.9409063458442688),
            ["LeftUpperArm"] = CFrame.new(-1.1920928955078125e-07, 3.5762786865234375e-07, 1.862645149230957e-09, 0.6614955067634583, 0.29772159457206726, 0.6883208155632019, -0.7105944156646729, 0.542241632938385, 0.44836345314979553, -0.2397487908601761, -0.7857072353363037, 0.5702497363090515),
            ["RightLowerArm"] = CFrame.new(5.960464477539063e-08, 1.7881393432617188e-07, -4.0978193283081055e-08, 1, -7.4505820180093e-08, 1.583248945280502e-07, 7.241033728178081e-08, -0.17481432855129242, -0.9846014380455017, 8.195639367158947e-08, 0.9846014976501465, -0.17481429874897003),
            ["LeftHand"] = CFrame.new(1.4901161193847656e-07, 2.384185791015625e-07, 5.960464477539063e-08, 0.9300044775009155, -0.3185020387172699, -0.18343526124954224, 0.31795257329940796, 0.9475249648094177, -0.03320605680346489, 0.18438570201396942, -0.02744179032742977, 0.9824708700180054),
            ["LeftFoot"] = CFrame.new(-2.60770320892334e-08, -1.1920928955078125e-07, -5.960464477539063e-08, 0.990095853805542, -0.1294298619031906, -0.054388392716646194, 0.11002381145954132, 0.9559701085090637, -0.2720588445663452, 0.08720620721578598, 0.26338016986846924, 0.9607424736022949),
            ["LowerTorso"] = CFrame.new(0.1785237342119217, -0.15302038192749023, 0.003090140176936984, 0.9619418978691101, 0.05935444310307503, 0.26672986149787903, -0.022376563400030136, 0.989956259727478, -0.1395920068025589, -0.27233627438545227, 0.1283109039068222, 0.9536085724830627),
            ["RightLowerLeg"] = CFrame.new(-3.748573362827301e-08, -0.000014841556549072266, -0.000035194854717701674, 1, -1.0058281674218961e-07, -1.0710209608078003e-07, 8.463393186275425e-08, 0.5693824887275696, 0.8220723867416382, -1.1129303345569497e-07, -0.8220728039741516, 0.5693830251693726),
            ["LeftUpperLeg"] = CFrame.new(-5.960464477539063e-08, -5.122274160385132e-08, 2.9802322387695312e-08, 0.9897657632827759, 0.14234450459480286, -0.010089589282870293, -0.13001978397369385, 0.8704104423522949, -0.47484809160232544, -0.05880995839834213, 0.4713002145290375, 0.8800100088119507),
            ["LeftLowerLeg"] = CFrame.new(-1.4901161193847656e-08, 0.0000152587890625, 0.000035025179386138916, 1, 1.1920930376163597e-07, 2.9802315282267955e-08, -8.195638656616211e-08, 0.4032045602798462, 0.9151098728179932, 7.450580596923828e-09, -0.9151099920272827, 0.40320441126823425),
        }},
        {Time = 0.017, Data = {
            ["RightFoot"] = CFrame.new(-7.224934961413965e-08, 2.384185791015625e-07, 3.6961864680051804e-09, 0.9754515290260315, 0.21574941277503967, 0.0441213920712471, -0.1910209208726883, 0.9286687970161438, -0.31793880462646484, -0.10956928133964539, 0.30170631408691406, 0.9470841884613037),
            ["LeftLowerArm"] = CFrame.new(2.384185791015625e-07, 5.960464477539063e-08, 2.8312206268310547e-07, 1, -3.976747393608093e-07, -1.3411050758804777e-07, -8.475034718458119e-08, 0.22096413373947144, -0.9752819538116455, 4.172324565843155e-07, 0.9752819538116455, 0.220964252948761),
            ["RightUpperArm"] = CFrame.new(0, 0, 2.2351741790771484e-08, 0.28815770149230957, -0.20198200643062592, 0.9360386729240417, 0.2866904139518738, 0.9508615136146545, 0.11692338436841965, -0.9136596322059631, 0.23466095328330994, 0.3319043219089508),
            ["Head"] = CFrame.new(5.587935447692871e-09, -1.1920928955078125e-07, 2.2380845621228218e-08, 0.876267671585083, -0.09176435321569443, 0.47300583124160767, 0.12280064076185226, 0.991811215877533, -0.03508048504590988, -0.4659132957458496, 0.08882537484169006, 0.8803607225418091),
            ["RightHand"] = CFrame.new(-8.009374141693115e-08, 5.960464477539063e-08, 5.811452865600586e-07, 0.5749611854553223, 0.528616726398468, 0.6244871020317078, -0.3241695463657379, 0.847979724407196, -0.4193382263183594, -0.7512215375900269, 0.03866349905729294, 0.6589167714118958),
            ["UpperTorso"] = CFrame.new(-3.725290298461914e-09, 1.7881393432617188e-07, 0, 0.9900218844413757, 0.08244107663631439, 0.11428084969520569, -0.10045479238033295, 0.9816487431526184, 0.16209416091442108, -0.09882046282291412, -0.17195680737495422, 0.9801353812217712),
            ["HumanoidRootPart"] = CFrame.new(0, 0, 0, 1, 0, 0, 0, 1, 0, 0, 0, 1),
            ["RightUpperLeg"] = CFrame.new(0, -3.073364496231079e-08, 2.8114300221204758e-08, 0.9291095733642578, -0.3338622748851776, -0.15903246402740479, 0.27523073554039, 0.9115132093429565, -0.30560094118118286, 0.24698875844478607, 0.24016578495502472, 0.9387848377227783),
            ["LeftUpperArm"] = CFrame.new(5.960464477539063e-08, 0, 7.450580596923828e-09, 0.6878678798675537, 0.3075178265571594, 0.6574729084968567, -0.6980526447296143, 0.5284931063652039, 0.48313313722610474, -0.19889788329601288, -0.7912825345993042, 0.5781970620155334),
            ["RightLowerArm"] = CFrame.new(2.9802322387695312e-08, 4.172325134277344e-07, -2.2351741790771484e-08, 1, -5.215404996761208e-08, 6.426123633218594e-08, 8.055940270423889e-08, -0.12083987146615982, -0.9926720261573792, 1.103617250919342e-07, 0.9926720261573792, -0.12083983421325684),
            ["LeftHand"] = CFrame.new(5.960464477539063e-08, 1.7881393432617188e-07, 7.450580596923828e-08, 0.9305278658866882, -0.3186092972755432, -0.18057213723659515, 0.3144296407699585, 0.9478499293327332, -0.05210147425532341, 0.18775534629821777, -0.008295256644487381, 0.9821808934211731),
            ["LeftFoot"] = CFrame.new(0, -1.7881393432617188e-07, 0, 0.9882951378822327, -0.14138080179691315, -0.057307545095682144, 0.12086379528045654, 0.9548634886741638, -0.271344393491745, 0.09308377653360367, 0.26124200224876404, 0.9607747793197632),
            ["LowerTorso"] = CFrame.new(0.1796415150165558, -0.15811049938201904, -0.005225933622568846, 0.9486479163169861, 0.06053386628627777, 0.31048810482025146, -0.0175396166741848, 0.9900752902030945, -0.13943910598754883, -0.31584736704826355, 0.1268327534198761, 0.9402946829795837),
            ["RightLowerLeg"] = CFrame.new(2.7008354663848877e-08, -0.000015139579772949219, -0.000035179953556507826, 1, -1.043080928297968e-07, -1.0244553294569414e-07, 1.30385160446167e-07, 0.5300496220588684, 0.847966194152832, -1.0058283805847168e-07, -0.847966730594635, 0.5300503969192505),
            ["LeftUpperLeg"] = CFrame.new(-2.9802322387695312e-08, -4.0046870708465576e-08, 3.3527612686157227e-08, 0.9900202751159668, 0.12879638373851776, -0.05719549208879471, -0.14038380980491638, 0.8658079504966736, -0.4802803099155426, -0.012338145636022091, 0.4835163950920105, 0.8752483129501343),
            ["LeftLowerLeg"] = CFrame.new(-8.940696716308594e-08, 0.000015437602996826172, 0.00003508478403091431, 1, 1.154839708306099e-07, 7.450581307466564e-08, -8.195637946073475e-08, 0.40875551104545593, 0.9126437902450562, 4.470347647611561e-08, -0.9126439690589905, 0.4087558686733246),
        }},
        {Time = 0.033, Data = {
            ["RightFoot"] = CFrame.new(2.2158928913995624e-08, 2.980232238769531e-07, 2.8725480660796165e-08, 0.9637100100517273, 0.2620014548301697, 0.051170624792575836, -0.23138824105262756, 0.9154260754585266, -0.3293243646621704, -0.1331264227628708, 0.3055330812931061, 0.9428293108940125),
            ["LeftLowerArm"] = CFrame.new(5.364418029785156e-07, -3.5762786865234375e-07, -2.086162567138672e-07, 1, -1.6205008535052912e-07, -2.8312211952652433e-07, -8.940700979565008e-08, 0.1771380752325058, -0.984186053276062, 3.2037510777627176e-07, 0.984186053276062, 0.17713811993598938),
            ["RightUpperArm"] = CFrame.new(5.960464477539063e-08, -1.1920928955078125e-07, 0, 0.3118487000465393, -0.3022086024284363, 0.9007887244224548, 0.24955952167510986, 0.9408326148986816, 0.22924670577049255, -0.9167717695236206, 0.153310164809227, 0.36881646513938904),
            ["Head"] = CFrame.new(2.9802322387695312e-08, 0, 7.479684427380562e-09, 0.9181477427482605, -0.07452534139156342, 0.3891667127609253, 0.10493795573711395, 0.9928179383277893, -0.057452041655778885, -0.38209012150764465, 0.09358790516853333, 0.9193741083145142),
            ["RightHand"] = CFrame.new(-7.636845111846924e-08, 0, -5.4016709327697754e-08, 0.5853550434112549, 0.5098273158073425, 0.6304250359535217, -0.35461705923080444, 0.8602287769317627, -0.366405725479126, -0.7291133999824524, -0.009082019329071045, 0.6843327283859253),
            ["UpperTorso"] = CFrame.new(5.587935447692871e-09, -5.960464477539063e-08, 4.0978193283081055e-08, 0.9863863587379456, 0.0720897689461708, 0.14780135452747345, -0.09721196442842484, 0.9805498123168945, 0.17050546407699585, -0.13263490796089172, -0.1825522929430008, 0.9742087721824646),
            ["HumanoidRootPart"] = CFrame.new(0, 0, 0, 1, 0, 0, 0, 1, 0, 0, 0, 1),
            ["RightUpperLeg"] = CFrame.new(0, -9.313225746154785e-08, 4.3015461415052414e-08, 0.9244412779808044, -0.3568108081817627, -0.13451558351516724, 0.30888551473617554, 0.9075412750244141, -0.2845325469970703, 0.22360274195671082, 0.22148363292217255, 0.9491822123527527),
            ["LeftUpperArm"] = CFrame.new(-5.960464477539063e-08, 1.1920928955078125e-07, -1.4901161193847656e-08, 0.710938572883606, 0.3193065822124481, 0.6265857219696045, -0.683324933052063, 0.5242555141448975, 0.5081567764282227, -0.16623333096504211, -0.7894298434257507, 0.5909035801887512),
            ["RightLowerArm"] = CFrame.new(-1.1920928955078125e-07, -8.344650268554688e-07, -9.685754776000977e-08, 1, -8.195639367158947e-08, 1.3038518886787642e-07, 7.636844401304188e-08, -0.03108612261712551, -0.9995167255401611, 4.0978189730367376e-08, 0.9995167851448059, -0.03108607791364193),
            ["LeftHand"] = CFrame.new(-5.364418029785156e-07, 5.364418029785156e-07, 4.470348358154297e-08, 0.9320947527885437, -0.31714674830436707, -0.17497864365577698, 0.30585697293281555, 0.9479244947433472, -0.08882918208837509, 0.19403836131095886, 0.02927890233695507, 0.9805570244789124),
            ["LeftFoot"] = CFrame.new(4.470348358154297e-08, -1.1920928955078125e-07, 0, 0.9848811030387878, -0.1628604680299759, -0.05904101952910423, 0.14099687337875366, 0.9516288638114929, -0.2729877531528473, 0.10064421594142914, 0.26053616404533386, 0.9602040648460388),
            ["LowerTorso"] = CFrame.new(0.1789119839668274, -0.1638394594192505, -0.013127283193171024, 0.933449923992157, 0.05875561758875847, 0.3538629710674286, -0.012136196717619896, 0.9911020994186401, -0.13254931569099426, -0.3585023283958435, 0.11943358182907104, 0.9258573651313782),
            ["RightLowerLeg"] = CFrame.new(8.195638656616211e-08, -0.000015020370483398438, -0.00003513525007292628, 1, -1.4528632164001465e-07, -4.4703494239684005e-08, 8.940698137394065e-08, 0.5119984149932861, 0.8589861989021301, -1.3411046495548362e-07, -0.8589863777160645, 0.51199871301651),
            ["LeftUpperLeg"] = CFrame.new(0, 5.3085386753082275e-08, 2.2351741790771484e-08, 0.9864891767501831, 0.12193018198013306, -0.10941801965236664, -0.15986452996730804, 0.8624528050422668, -0.48022782802581787, 0.0358135849237442, 0.4912313222885132, 0.8702925443649292),
            ["LeftLowerLeg"] = CFrame.new(2.9802322387695312e-08, 0.000015437602996826172, 0.00003495067358016968, 1, 1.4901155864777138e-08, 4.4703490686970326e-08, -7.4505820180093e-08, 0.4393042027950287, 0.8983381986618042, 3.72529100900465e-08, -0.8983384370803833, 0.43930453062057495),
        }},
        {Time = 0.050, Data = {
            ["RightFoot"] = CFrame.new(-4.292814992368221e-09, 4.172325134277344e-07, 1.339358277618885e-07, 0.9466637372970581, 0.3182029128074646, 0.05074315145611763, -0.28235867619514465, 0.8950670957565308, -0.3451499938964844, -0.1552463173866272, 0.3124132454395294, 0.937174916267395),
            ["LeftLowerArm"] = CFrame.new(7.748603820800781e-07, -1.1920928955078125e-07, 2.086162567138672e-07, 1, -2.142040855801497e-08, -1.1175869474300271e-07, -1.6391277313232422e-07, 0.10617256909608841, -0.9943478107452393, 1.30385160446167e-07, 0.9943477511405945, 0.10617238283157349),
            ["RightUpperArm"] = CFrame.new(0, 1.1920928955078125e-07, 7.450580596923828e-08, 0.34391799569129944, -0.40901514887809753, 0.8452378511428833, 0.21582341194152832, 0.9104799032211304, 0.3527698814868927, -0.9138602614402771, 0.06109823286533356, 0.4014054238796234),
            ["Head"] = CFrame.new(0, -1.1920928955078125e-07, 7.479684427380562e-09, 0.9586636424064636, -0.05500216409564018, 0.2791750133037567, 0.08069120347499847, 0.993412435054779, -0.08136790990829468, -0.2728605568408966, 0.10053154826164246, 0.9567866921424866),
            ["RightHand"] = CFrame.new(1.1175870895385742e-08, 0, 2.086162567138672e-07, 0.6032372713088989, 0.4800831079483032, 0.6368869543075562, -0.39755773544311523, 0.8732626438140869, -0.2817094326019287, -0.6914135813713074, -0.0832616537809372, 0.7176454067230225),
            ["UpperTorso"] = CFrame.new(-6.51925802230835e-09, -2.980232238769531e-07, -3.725290298461914e-09, 0.9808660745620728, 0.0589284785091877, 0.18555118143558502, -0.09198999404907227, 0.9802687168121338, 0.17496053874492645, -0.17157983779907227, -0.1886817216873169, 0.9669330716133118),
            ["HumanoidRootPart"] = CFrame.new(0, 0, 0, 1, 0, 0, 0, 1, 0, 0, 0, 1),
            ["RightUpperLeg"] = CFrame.new(5.960464477539063e-08, -3.203749656677246e-07, -3.149034455418587e-08, 0.9242423176765442, -0.3710325062274933, -0.09006158262491226, 0.34242069721221924, 0.9098526835441589, -0.23434199392795563, 0.16889119148254395, 0.18574973940849304, 0.9679735898971558),
            ["LeftUpperArm"] = CFrame.new(0, 1.1920928955078125e-07, -2.9802322387695312e-08, 0.7303606271743774, 0.33290502429008484, 0.5964458584785461, -0.6683964729309082, 0.5282835364341736, 0.5236054062843323, -0.1407817006111145, -0.7810832262039185, 0.6083500385284424),
            ["RightLowerArm"] = CFrame.new(-2.9802322387695312e-08, 9.5367431640625e-07, 7.450580596923828e-08, 1, -8.195640788244418e-08, 8.940698137394065e-08, 8.940696716308594e-08, 0.09157013148069382, -0.9957987070083618, 1.0058283805847168e-07, 0.9957987070083618, 0.09156997501850128),
            ["LeftHand"] = CFrame.new(2.384185791015625e-07, 0, 1.341104507446289e-07, 0.9345693588256836, -0.31409820914268494, -0.16710017621517181, 0.29291409254074097, 0.9458737969398499, -0.1397285759449005, 0.20194414258003235, 0.08164027333259583, 0.9759884476661682),
            ["LeftFoot"] = CFrame.new(2.2351741790771484e-08, 0, -2.2351741790771484e-08, 0.9800631403923035, -0.18992450833320618, -0.05835194140672684, 0.16703037917613983, 0.9466245770454407, -0.2756861746311188, 0.10759682208299637, 0.2604432702064514, 0.959475040435791),
            ["LowerTorso"] = CFrame.new(0.17673060297966003, -0.17037510871887207, -0.020621763542294502, 0.9172003865242004, 0.053961947560310364, 0.39475512504577637, -0.0067338235676288605, 0.992743968963623, -0.1200595498085022, -0.39836934208869934, 0.10746046900749207, 0.9109084010124207),
            ["RightLowerLeg"] = CFrame.new(1.4901161193847656e-08, -0.000015079975128173828, -0.00003510544775053859, 1, -1.4156101713069802e-07, -1.862645504502325e-08, 1.6391277313232422e-07, 0.5261242985725403, 0.8504075407981873, -7.450580596923828e-09, -0.8504077196121216, 0.5261245369911194),
            ["LeftUpperLeg"] = CFrame.new(-2.9802322387695312e-08, -3.511086106300354e-07, -1.1175870895385742e-08, 0.9792385101318359, 0.12165933102369308, -0.16214501857757568, -0.18551261723041534, 0.8602690100669861, -0.4748919606208801, 0.08171329647302628, 0.49511247873306274, 0.8649778962135315),
            ["LeftLowerLeg"] = CFrame.new(-5.960464477539063e-08, 0.000015139579772949219, 0.00003499537706375122, 1, 9.126959810146218e-08, 4.470347647611561e-08, -7.450579886381092e-08, 0.4882529675960541, 0.8727021813392639, 5.215405707303944e-08, -0.8727021217346191, 0.48825281858444214),
        }},
        {Time = 0.067, Data = {
            ["RightFoot"] = CFrame.new(6.692425813525915e-08, 3.5762786865234375e-07, 1.7316779121756554e-08, 0.9305990934371948, 0.36434221267700195, 0.03521465137600899, -0.3276037275791168, 0.8719320297241211, -0.3638821244239807, -0.16328246891498566, 0.32709217071533203, 0.9307790994644165),
            ["LeftLowerArm"] = CFrame.new(5.960464477539063e-08, 0, 4.470348358154297e-08, 1, 3.3900130347319646e-07, -5.960463766996327e-08, -1.564622067462551e-07, 0.008519780822098255, -0.9999637007713318, -2.607703493140434e-07, 0.9999637603759766, 0.00851974543184042),
            ["RightUpperArm"] = CFrame.new(0, 0, 2.9802322387695312e-08, 0.38347184658050537, -0.5141056776046753, 0.7672318816184998, 0.19004590809345245, 0.8568870425224304, 0.4791943430900574, -0.9037874937057495, -0.03794834762811661, 0.4262957274913788),
            ["Head"] = CFrame.new(-7.450580596923828e-09, 0, 7.479684427380562e-09, 0.9881628155708313, -0.034927159547805786, 0.14938029646873474, 0.050934117287397385, 0.9931976795196533, -0.10471003502607346, -0.14470690488815308, 0.11107920110225677, 0.9832199215888977),
            ["RightHand"] = CFrame.new(1.4156103134155273e-07, 0, 2.9802322387695312e-08, 0.6290337443351746, 0.4411255717277527, 0.6400974988937378, -0.44505155086517334, 0.8794657588005066, -0.16872800886631012, -0.6373740434646606, -0.17874076962471008, 0.7495372295379639),
            ["UpperTorso"] = CFrame.new(1.1175870895385742e-08, 1.4901161193847656e-07, -3.725290298461914e-09, 0.9730706214904785, 0.043186552822589874, 0.22642554342746735, -0.0846773311495781, 0.9805840849876404, 0.1768748015165329, -0.21439066529273987, -0.19128476083278656, 0.9578344821929932),
            ["HumanoidRootPart"] = CFrame.new(0, 0, 0, 1, 0, 0, 0, 1, 0, 0, 0, 1),
            ["RightUpperLeg"] = CFrame.new(5.960464477539063e-08, 2.4028122425079346e-07, 1.3213139027357101e-08, 0.9276549816131592, -0.37137311697006226, -0.03922025114297867, 0.3613559901714325, 0.9191759824752808, -0.1566440761089325, 0.09422361850738525, 0.13113908469676971, 0.9868761301040649),
            ["LeftUpperArm"] = CFrame.new(0, 1.1920928955078125e-07, -1.4901161193847656e-08, 0.7458614706993103, 0.34833699464797974, 0.5677605867385864, -0.6548929810523987, 0.5391893982887268, 0.5295186638832092, -0.1216794103384018, -0.7667699456214905, 0.6302840709686279),
            ["RightLowerArm"] = CFrame.new(-1.7881393432617188e-07, 5.364418029785156e-07, 2.5331974029541016e-07, 1, -1.0430809993522416e-07, 7.450579886381092e-08, 8.195637946073475e-08, 0.24229085445404053, -0.970203697681427, 6.70552182668871e-08, 0.9702036380767822, 0.24229103326797485),
            ["LeftHand"] = CFrame.new(-1.7881393432617188e-07, 4.76837158203125e-07, 2.9802322387695312e-08, 0.9377997517585754, -0.3094295859336853, -0.15743319690227509, 0.2763684093952179, 0.9398179650306702, -0.20090460777282715, 0.21012434363365173, 0.14489886164665222, 0.9668775796890259),
            ["LeftFoot"] = CFrame.new(-7.078051567077637e-08, 5.960464477539063e-08, 1.1175870895385742e-08, 0.974280595779419, -0.21865718066692352, -0.054465699940919876, 0.1955053061246872, 0.9404180645942688, -0.27819329500198364, 0.11204954981803894, 0.2603899836540222, 0.9589797258377075),
            ["LowerTorso"] = CFrame.new(0.17349284887313843, -0.1778852939605713, -0.02771722339093685, 0.9010806083679199, 0.04627872258424759, 0.4311751425266266, -0.0017205176409333944, 0.9946630597114563, -0.10316318273544312, -0.4336481988430023, 0.09221650660037994, 0.896351158618927),
            ["RightLowerLeg"] = CFrame.new(-8.940696716308594e-08, -0.0000152587890625, -0.00003509054658934474, 1, -5.960463766996327e-08, -1.1175872316471214e-07, 1.1175869474300271e-07, 0.5758312344551086, 0.8175683617591858, -6.70552182668871e-08, -0.8175685405731201, 0.5758315920829773),
            ["LeftUpperLeg"] = CFrame.new(0, 9.778887033462524e-09, 2.2351741790771484e-08, 0.969138503074646, 0.12753242254257202, -0.21096496284008026, -0.21428389847278595, 0.8588968515396118, -0.46516528725624084, 0.1218733862042427, 0.4960159361362457, 0.8597180843353271),
            ["LeftLowerLeg"] = CFrame.new(1.4901161193847656e-08, 0.000015139579772949219, 0.000035114586353302, 1, 5.21540641784668e-08, 0, -7.4505820180093e-08, 0.5478923320770264, 0.8365488648414612, -1.4901164746561335e-08, -0.836548924446106, 0.5478923916816711),
        }},
        {Time = 0.083, Data = {
            ["RightFoot"] = CFrame.new(-1.9936123862862587e-09, 4.172325134277344e-07, -1.3213139027357101e-08, 0.92258620262146, 0.38567233085632324, 0.009574946947395802, -0.35453665256500244, 0.8573682308197021, -0.3731262981891632, -0.15211404860019684, 0.340846985578537, 0.9277311563491821),
            ["LeftLowerArm"] = CFrame.new(-1.1920928955078125e-07, -5.960464477539063e-08, 2.7567148208618164e-07, 1, 1.8626444386882213e-07, -2.6077037773575285e-07, -1.3411047916633834e-07, -0.11444803327322006, -0.9934293031692505, -2.0675365419720038e-07, 0.9934293031692505, -0.11444824188947678),
            ["RightUpperArm"] = CFrame.new(0, -1.1920928955078125e-07, 0, 0.4281250536441803, -0.6092826128005981, 0.6674456000328064, 0.17653359472751617, 0.7807091474533081, 0.5994406938552856, -0.8863096833229065, -0.13880890607833862, 0.4418000280857086),
            ["Head"] = CFrame.new(1.862645149230957e-08, -1.1920928955078125e-07, 3.7282006815075874e-08, 0.9998252987861633, -0.016691865399479866, 0.008408130146563053, 0.017616242170333862, 0.9919241666793823, -0.12560300529003143, -0.006243675947189331, 0.1257292777299881, 0.9920450448989868),
            ["RightHand"] = CFrame.new(-1.1920928955078125e-07, -1.1920928955078125e-07, 5.960464477539063e-08, 0.6624040603637695, 0.3956036865711212, 0.6361750960350037, -0.488334059715271, 0.8720025420188904, -0.033784691244363785, -0.5681115388870239, -0.2882867753505707, 0.7708048224449158),
            ["UpperTorso"] = CFrame.new(5.9371814131736755e-09, -3.2782554626464844e-07, 1.862645149230957e-08, 0.9627411365509033, 0.02530631609261036, 0.26923829317092896, -0.07544191926717758, 0.9812180399894714, 0.17753790318965912, -0.25968867540359497, -0.19123491644859314, 0.9465680122375488),
            ["HumanoidRootPart"] = CFrame.new(0, 0, 0, 1, 0, 0, 0, 1, 0, 0, 0, 1),
            ["RightUpperLeg"] = CFrame.new(0, -1.9371509552001953e-07, 5.762558430433273e-09, 0.9331013560295105, -0.3595326244831085, 0.007631613407284021, 0.3592508137226105, 0.9309965968132019, -0.06468682736158371, 0.016152018681168556, 0.06310074776411057, 0.9978765249252319),
            ["LeftUpperArm"] = CFrame.new(5.960464477539063e-08, 0, 4.470348358154297e-08, 0.75718092918396, 0.3658372163772583, 0.5411471128463745, -0.6441735029220581, 0.5554959774017334, 0.5257991552352905, -0.10824810713529587, -0.7467177510261536, 0.656273603439331),
            ["RightLowerArm"] = CFrame.new(-5.960464477539063e-08, -5.960464477539062e-07, 3.129243850708008e-07, 1, -5.96046660916727e-08, 1.862645326866641e-08, 1.1548401346317405e-07, 0.41127103567123413, -0.9115132093429565, 4.4703490686970326e-08, 0.911513090133667, 0.41127103567123413),
            ["LeftHand"] = CFrame.new(-2.384185791015625e-07, 5.364418029785156e-07, -1.6391277313232422e-07, 0.9416084289550781, -0.3031705617904663, -0.1464969962835312, 0.25719529390335083, 0.9284030795097351, -0.26817551255226135, 0.21731114387512207, 0.21483805775642395, 0.9521662592887878),
            ["LeftFoot"] = CFrame.new(-1.1175870895385742e-08, 5.960464477539063e-08, -6.05359673500061e-09, 0.9682102799415588, -0.245553657412529, -0.04766904562711716, 0.22300538420677185, 0.9336904287338257, -0.2801627218723297, 0.11330320686101913, 0.2606257200241089, 0.9587682485580444),
            ["LowerTorso"] = CFrame.new(0.16959424316883087, -0.1865379810333252, -0.034421514719724655, 0.8865213990211487, 0.03603480011224747, 0.46128249168395996, 0.0027307465206831694, 0.9965378642082214, -0.08309638500213623, -0.46267977356910706, 0.07492636144161224, 0.8833536505699158),
            ["RightLowerLeg"] = CFrame.new(1.1920928955078125e-07, -0.00001519918441772461, -0.00003507564542815089, 1, -1.0430809993522416e-07, -2.2351745343485163e-08, 1.0430811414607888e-07, 0.6528300046920776, 0.7575037479400635, -8.568166975919667e-08, -0.757504403591156, 0.6528307795524597),
            ["LeftUpperLeg"] = CFrame.new(-2.9802322387695312e-08, -1.9744038581848145e-07, 1.4901161193847656e-08, 0.9577281475067139, 0.13827869296073914, -0.25226131081581116, -0.2432684302330017, 0.8573471307754517, -0.4536259174346924, 0.15354859828948975, 0.49581748247146606, 0.8547443747520447),
            ["LeftLowerLeg"] = CFrame.new(-5.21540641784668e-08, 0.00001519918441772461, 0.00003499537706375122, 1, 4.470347647611561e-08, 9.685753354915505e-08, -1.0430809993522416e-07, 0.608613133430481, 0.793467104434967, 2.9802315282267955e-08, -0.7934671640396118, 0.608613133430481),
        }},
        {Time = 0.100, Data = {
            ["RightFoot"] = CFrame.new(-1.405715011060238e-07, 1.7881393432617188e-07, -2.240994945168495e-09, 0.9220742583274841, 0.38675788044929504, -0.014058742672204971, -0.36448079347610474, 0.855602502822876, -0.367556631565094, -0.13012690842151642, 0.34403884410858154, 0.9298949837684631),
            ["LeftLowerArm"] = CFrame.new(4.172325134277344e-07, -1.1920928955078125e-07, -9.872019290924072e-08, 1, 2.831218921528489e-07, -2.682208162241295e-07, -1.1920927533992653e-07, -0.25827404856681824, -0.966071605682373, -2.2351738948600541e-07, 0.9660717248916626, -0.2582743167877197),
            ["RightUpperArm"] = CFrame.new(5.960464477539063e-08, 1.1920928955078125e-07, 0, 0.4743379056453705, -0.6879639625549316, 0.5492807030677795, 0.1786048412322998, 0.6861679553985596, 0.7051764726638794, -0.862034797668457, -0.236387699842453, 0.4483491778373718),
            ["Head"] = CFrame.new(1.862645149230957e-08, 0, 5.5908458307385445e-08, 0.9910350441932678, -0.0030563645996153355, -0.13356739282608032, -0.016227053478360176, 0.9895832538604736, -0.14304465055465698, 0.1326131522655487, 0.14392979443073273, 0.9806620478630066),
            ["RightHand"] = CFrame.new(-1.1175870895385742e-07, 5.960464477539063e-08, 2.9802322387695312e-08, 0.7018243670463562, 0.34702470898628235, 0.6221065521240234, -0.5192539095878601, 0.8470802307128906, 0.11327201128005981, -0.48766592144966125, -0.4025282859802246, 0.7746953964233398),
            ["UpperTorso"] = CFrame.new(1.862645149230957e-09, -2.9802322387695312e-08, -9.313225746154785e-10, 0.9497868418693542, 0.0059206061996519566, 0.31284186244010925, -0.06476753950119019, 0.9818874597549438, 0.17805157601833344, -0.30612120032310486, -0.18937306106090546, 0.9329671263694763),
            ["HumanoidRootPart"] = CFrame.new(0, 0, 0, 1, 0, 0, 0, 1, 0, 0, 0, 1),
            ["RightUpperLeg"] = CFrame.new(-5.960464477539063e-08, -4.6566128730773926e-08, 2.066371962428093e-08, 0.9373645186424255, -0.34530505537986755, 0.0459594763815403, 0.3446475565433502, 0.9384793043136597, 0.0217878520488739, -0.05065537989139557, -0.004583509638905525, 0.9987057447433472),
            ["LeftUpperArm"] = CFrame.new(0, -2.384185791015625e-07, 0, 0.7640123963356018, 0.38584816455841064, 0.5171135067939758, -0.6373987793922424, 0.5756446719169617, 0.5122068524360657, -0.10003961622714996, -0.7209399938583374, 0.6857388019561768),
            ["RightLowerArm"] = CFrame.new(1.4901161193847656e-07, -2.980232238769531e-07, 1.4901161193847656e-08, 1, -4.190951941041021e-08, 1.3131648302078247e-07, 1.0058283805847168e-07, 0.5824500322341919, -0.8128665089607239, 4.842877388000488e-08, 0.8128666281700134, 0.5824500322341919),
            ["LeftHand"] = CFrame.new(-2.9802322387695312e-08, 1.7881393432617188e-07, -1.4901161193847656e-08, 0.9457941055297852, -0.2954757809638977, -0.13478799164295197, 0.23661595582962036, 0.9112118482589722, -0.33720260858535767, 0.22245556116104126, 0.2870314419269562, 0.9317331314086914),
            ["LeftFoot"] = CFrame.new(3.725290298461914e-08, -5.960464477539063e-08, 2.2351741790771484e-08, 0.9626718163490295, -0.26778584718704224, -0.039417292922735214, 0.24624507129192352, 0.9269165396690369, -0.283176451921463, 0.11236728727817535, 0.2628999650478363, 0.9582575559616089),
            ["LowerTorso"] = CFrame.new(0.1654302477836609, -0.19650089740753174, -0.04074249044060707, 0.8750877380371094, 0.023750795051455498, 0.4833811819553375, 0.006669831927865744, 0.998108446598053, -0.06111646443605423, -0.48391836881637573, 0.056706346571445465, 0.8732739686965942),
            ["RightLowerLeg"] = CFrame.new(1.1920928955078125e-07, -0.000014722347259521484, -0.000035107077565044165, 1, -5.960465188081798e-08, -7.4505820180093e-08, 1.1920930376163597e-07, 0.7345009446144104, 0.6786074042320251, -4.190951941041021e-08, -0.6786076426506042, 0.7345012426376343),
            ["LeftUpperLeg"] = CFrame.new(0, 2.514570951461792e-07, 0, 0.9469261765480042, 0.15131095051765442, -0.2836122214794159, -0.2697996497154236, 0.8537565469741821, -0.4453181028366089, 0.1747543066740036, 0.4982016980648041, 0.8492678999900818),
            ["LeftLowerLeg"] = CFrame.new(-5.960464477539063e-08, 0.00001519918441772461, 0.00003508478403091431, 1, 7.450581307466564e-08, 4.4703490686970326e-08, -7.450581307466564e-08, 0.6587455868721008, 0.7523655295372009, 5.960465188081798e-08, -0.7523658871650696, 0.6587458848953247),
        }},
        {Time = 0.117, Data = {
            ["RightFoot"] = CFrame.new(1.4848774299025536e-07, 3.5762786865234375e-07, -6.702612154185772e-08, 0.9249595999717712, 0.37882310152053833, -0.03070586919784546, -0.364054411649704, 0.859894871711731, -0.35783395171165466, -0.10915201902389526, 0.3421606719493866, 0.933280348777771),
            ["LeftLowerArm"] = CFrame.new(2.384185791015625e-07, -1.1920928955078125e-07, 7.916241884231567e-08, 1, 2.0861622829215776e-07, -2.1606696520848345e-07, -5.960465898624534e-08, -0.41341856122016907, -0.9105409979820251, -3.8137667957016674e-07, 0.9105410575866699, -0.4134189188480377),
            ["RightUpperArm"] = CFrame.new(5.960464477539063e-08, -1.1920928955078125e-07, -2.9802322387695312e-08, 0.5180399417877197, -0.7462945580482483, 0.41794630885124207, 0.19816088676452637, 0.580041229724884, 0.7901167273521423, -0.8320858478546143, -0.3264915347099304, 0.44837087392807007),
            ["Head"] = CFrame.new(1.5832483768463135e-08, 0, -7.447670213878155e-08, 0.9638931751251221, 0.0032240180298686028, -0.2662699520587921, -0.04678456485271454, 0.986423671245575, -0.1574157327413559, 0.2621471881866455, 0.16418936848640442, 0.950957715511322),
            ["RightHand"] = CFrame.new(2.9802322387695312e-08, -1.1920928955078125e-07, 0, 0.7446708083152771, 0.2991013824939728, 0.5966605544090271, -0.5321634411811829, 0.805627703666687, 0.26031923294067383, -0.40282440185546875, -0.5113731026649475, 0.7590982913970947),
            ["UpperTorso"] = CFrame.new(-9.313225746154785e-09, 1.4901161193847656e-07, 1.862645149230957e-09, 0.9342877864837646, -0.014202846214175224, 0.3562367558479309, -0.05342819541692734, 0.9823446273803711, 0.17928922176361084, -0.3524935841560364, -0.18654082715511322, 0.9170337915420532),
            ["HumanoidRootPart"] = CFrame.new(0, 0, 0, 1, 0, 0, 0, 1, 0, 0, 0, 1),
            ["RightUpperLeg"] = CFrame.new(-5.960464477539063e-08, -2.7008354663848877e-08, -5.384208634495735e-08, 0.9393556118011475, -0.3349764049053192, 0.0734979584813118, 0.3291170001029968, 0.9407771229743958, 0.08136637508869171, -0.09640109539031982, -0.052242640405893326, 0.9939706921577454),
            ["LeftUpperArm"] = CFrame.new(0, 1.1920928955078125e-07, 0, 0.7659414410591125, 0.4090099334716797, 0.496028870344162, -0.6355709433555603, 0.5979651212692261, 0.4883517324924469, -0.09686717391014099, -0.6893103122711182, 0.7179610133171082),
            ["RightLowerArm"] = CFrame.new(-1.4901161193847656e-07, -2.384185791015625e-07, -2.9802322387695312e-08, 1, -1.0058281674218961e-07, -3.166496398421259e-08, -1.4901161193847656e-08, 0.7360416650772095, -0.6769363880157471, 5.587935447692871e-08, 0.6769362092018127, 0.7360416650772095),
            ["LeftHand"] = CFrame.new(1.4901161193847656e-07, 2.384185791015625e-07, -1.6391277313232422e-07, 0.9501408934593201, -0.28665515780448914, -0.12272390723228455, 0.21605433523654938, 0.8889880776405334, -0.4037580192089081, 0.224839448928833, 0.35711216926574707, 0.9065971374511719),
            ["LeftFoot"] = CFrame.new(-1.1175870895385742e-08, 1.7881393432617188e-07, 1.4901161193847656e-08, 0.9585198760032654, -0.2832215130329132, -0.03202259540557861, 0.2621184289455414, 0.9200324416160583, -0.29126277565956116, 0.11195381730794907, 0.2707875967025757, 0.9561070203781128),
            ["LowerTorso"] = CFrame.new(0.1613963544368744, -0.20794212818145752, -0.04668800160288811, 0.8683406114578247, 0.01010388694703579, 0.49586543440818787, 0.01034935936331749, 0.9992056488990784, -0.03848349303007126, -0.4958603084087372, 0.03854866698384285, 0.8675463795661926),
            ["RightLowerLeg"] = CFrame.new(-8.940696716308594e-08, -0.000014722347259521484, -0.00003513152478262782, 1, -1.4901162970204496e-08, -1.4901161193847656e-07, 9.685756197086448e-08, 0.7957771420478821, 0.6055890321731567, -2.421439049271612e-08, -0.6055895686149597, 0.7957775592803955),
            ["LeftUpperLeg"] = CFrame.new(2.9802322387695312e-08, 1.7636921256780624e-07, 2.9802322387695312e-08, 0.9387168884277344, 0.1626141220331192, -0.30392012000083923, -0.2914128601551056, 0.8453150987625122, -0.44779568910598755, 0.1840902417898178, 0.5089194774627686, 0.8408994078636169),
            ["LeftLowerLeg"] = CFrame.new(2.2351741790771484e-08, 0.000015139579772949219, 0.00003504753112792969, 1, 8.940694584680386e-08, 5.960463766996327e-08, -7.450582373280668e-09, 0.685153067111969, 0.7283990383148193, -4.4703494239684005e-08, -0.7283990383148193, 0.6851531863212585),
        }},
        {Time = 0.133, Data = {
            ["RightFoot"] = CFrame.new(-6.117625162005424e-08, 2.980232238769531e-07, -4.1851308196783066e-08, 0.9268525838851929, 0.37332963943481445, -0.03961917385458946, -0.36145079135894775, 0.8588429689407349, -0.3629624545574188, -0.10147806257009506, 0.35073322057724, 0.9309611320495605),
            ["LeftLowerArm"] = CFrame.new(0, 1.1920928955078125e-07, 1.885928213596344e-07, 1, 4.0233126696875843e-07, -2.086162567138672e-07, 1.192093463942001e-07, -0.5649206042289734, -0.8251450061798096, -4.710166194854537e-07, 0.8251453042030334, -0.5649210214614868),
            ["RightUpperArm"] = CFrame.new(0, 1.1920928955078125e-07, 0, 0.5552444458007812, -0.7834410667419434, 0.27914848923683167, 0.23571176826953888, 0.47011440992355347, 0.8505483269691467, -0.7975860834121704, -0.40646353363990784, 0.4456947445869446),
            ["Head"] = CFrame.new(2.9802322387695312e-08, 1.1920928955078125e-07, 1.493026502430439e-08, 0.9246512651443481, -0.0003283899568486959, -0.38081496953964233, -0.06994771957397461, 0.9828395247459412, -0.17068645358085632, 0.37433597445487976, 0.18446265161037445, 0.9087608456611633),
            ["RightHand"] = CFrame.new(-8.940696716308594e-08, 0, -2.9802322387695312e-08, 0.7878320217132568, 0.2547605037689209, 0.5607298612594604, -0.5252144932746887, 0.7534099817276001, 0.39563024044036865, -0.3216685354709625, -0.606193482875824, 0.7273643612861633),
            ["UpperTorso"] = CFrame.new(-3.725290298461914e-09, 2.384185791015625e-07, -4.656612873077393e-10, 0.9164648652076721, -0.03423818573355675, 0.39864757657051086, -0.04242100566625595, 0.9824020862579346, 0.1818976104259491, -0.39786002039909363, -0.1836138218641281, 0.8988845944404602),
            ["HumanoidRootPart"] = CFrame.new(0, 0, 0, 1, 0, 0, 0, 1, 0, 0, 0, 1),
            ["RightUpperLeg"] = CFrame.new(-2.9802322387695312e-08, 4.2212195694446564e-07, -7.741618901491165e-09, 0.9399481415748596, -0.3292863667011261, 0.08982175588607788, 0.3217678666114807, 0.9426615834236145, 0.08862576633691788, -0.11385487020015717, -0.05440199375152588, 0.9920068383216858),
            ["LeftUpperArm"] = CFrame.new(0, 3.5762786865234375e-07, 5.960464477539063e-08, 0.7623783349990845, 0.4361431300640106, 0.4780779480934143, -0.6395400762557983, 0.620614230632782, 0.45368102192878723, -0.09883199632167816, -0.6516265869140625, 0.7520738840103149),
            ["RightLowerArm"] = CFrame.new(8.940696716308594e-08, -1.1920928955078125e-07, -2.4586915969848633e-07, 1, -5.960463766996327e-08, 2.607702853651972e-08, 4.842877388000488e-08, 0.8552006483078003, -0.5182973742485046, 2.2351741790771484e-08, 0.5182971358299255, 0.8552004098892212),
            ["LeftHand"] = CFrame.new(3.5762786865234375e-07, 2.384185791015625e-07, 1.4901161193847656e-08, 0.9544347524642944, -0.27717170119285583, -0.11059054732322693, 0.19703459739685059, 0.8636297583580017, -0.4640265107154846, 0.22412431240081787, 0.4210931062698364, 0.8788909316062927),
            ["LeftFoot"] = CFrame.new(3.725290298461914e-09, -1.1920928955078125e-07, 0, 0.9565849900245667, -0.2900988757610321, -0.02807208150625229, 0.2676629424095154, 0.9125309586524963, -0.30926331877708435, 0.115333691239357, 0.2883228361606598, 0.9505620002746582),
            ["LowerTorso"] = CFrame.new(0.1578880399465561, -0.2210294008255005, -0.052265897393226624, 0.8676763772964478, -0.004123291932046413, 0.4971123933792114, 0.01417900063097477, 0.9997641444206238, -0.01645597256720066, -0.4969272315502167, 0.02132701687514782, 0.867530107498169),
            ["RightLowerLeg"] = CFrame.new(-4.470348358154297e-08, -0.000015020370483398438, -0.000035097997169941664, 1, -1.341104507446289e-07, -8.940696716308594e-08, 5.21540641784668e-08, 0.8129158020019531, 0.582381010055542, 1.0989606380462646e-07, -0.5823813080787659, 0.8129159808158875),
