return {
    ["Smooth Winner"] = {
        {Time = 0.000, Data = {
            ["LeftFoot"] = CFrame.new(-7.450580596923828e-09, 1.7881393432617188e-07, -1.4901161193847656e-08, 0.9072689414024353, -0.1758471429347992, -0.38202232122421265, -0.08258438110351562, 0.8162022829055786, -0.5718333125114441, 0.41236263513565063, 0.5503559112548828, 0.7259928584098816),
            ["LeftLowerArm"] = CFrame.new(-1.1920928955078125e-07, -5.960464477539063e-08, -2.5331974029541016e-07, 1, -6.89178563106907e-08, 1.210719347000122e-08, 3.3527616238870905e-08, 0.8433533310890198, -0.537359893321991, 1.4901162970204496e-08, 0.5373595952987671, 0.8433530330657959),
            ["RightUpperArm"] = CFrame.new(1.1920928955078125e-07, 8.344650268554688e-07, -1.1175870895385742e-08, 0.032662421464920044, -0.10003186017274857, 0.9944480061531067, 0.4452010691165924, 0.8922730684280396, 0.07513134181499481, -0.8948347568511963, 0.4402753710746765, 0.0736779049038887),
            ["Head"] = CFrame.new(-1.341104507446289e-07, 0.0000015497207641601562, -2.4959444999694824e-07, 0.9019690752029419, -0.41475042700767517, 0.12014076858758926, 0.4178032875061035, 0.9085375666618347, -0.00024337702780030668, -0.10905154794454575, 0.05041481554508209, 0.9927569031715393),
            ["LowerTorso"] = CFrame.new(0.10741905868053436, -0.40774810314178467, -0.46452391147613525, 0.9558282494544983, 0.02980596199631691, -0.2924109697341919, -0.06285393238067627, 0.9925596117973328, -0.10428255796432495, 0.2871270775794983, 0.11805537343025208, 0.9505898356437683),
            ["UpperTorso"] = CFrame.new(-1.2665987014770508e-07, -2.086162567138672e-07, -1.1548399925231934e-07, 0.9881566166877747, 0.1449236124753952, -0.050435300916433334, -0.12384015321731567, 0.9472612738609314, 0.2955671548843384, 0.09061021357774734, -0.2858206331729889, 0.9539897441864014),
            ["HumanoidRootPart"] = CFrame.new(0, 0, 0, 1, 0, 0, 0, 1, 0, 0, 0, 1),
            ["LeftUpperLeg"] = CFrame.new(0, -3.1385570764541626e-07, 2.2351741790771484e-08, 0.8840663433074951, 0.37495729327201843, 0.27898716926574707, -0.15701770782470703, 0.8005347847938538, -0.5783507823944092, -0.44019579887390137, 0.46749448776245117, 0.7666006684303284),
            ["LeftUpperArm"] = CFrame.new(-2.384185791015625e-07, 9.5367431640625e-07, -5.587935447692871e-08, 0.44206956028938293, 0.41206908226013184, -0.7967265248298645, -0.1544785052537918, 0.9099355936050415, 0.3849078118801117, 0.8835785388946533, -0.047078751027584076, 0.4659108519554138),
            ["RightLowerArm"] = CFrame.new(1.1920928955078125e-07, -5.364418029785156e-07, 2.9802322387695312e-08, 1, 3.85334750774291e-08, -1.6763801014008095e-08, -7.4505797087454084e-09, 0.999985933303833, -0.005308270454406738, -4.656612162534657e-08, 0.005308283027261496, 0.9999859929084778),
            ["LeftHand"] = CFrame.new(3.650784492492676e-07, -5.960464477539063e-08, -2.086162567138672e-07, 0.8616952300071716, 0.23589764535427094, -0.4492591619491577, -0.40900784730911255, 0.8469066023826599, -0.3397965431213379, 0.3003229796886444, 0.47655168175697327, 0.8262593150138855),
            ["RightFoot"] = CFrame.new(-4.470348358154297e-08, 2.384185791015625e-07, -1.673470251262188e-10, 0.8671903014183044, 0.4534246623516083, 0.20588050782680511, -0.40119361877441406, 0.8810606598854065, -0.2505508363246918, -0.29499945044517517, 0.1346784085035324, 0.9459586143493652),
            ["RightHand"] = CFrame.new(5.662441253662109e-07, -4.172325134277344e-07, 0, 0.8548207879066467, -0.397228866815567, -0.33390259742736816, 0.15399883687496185, 0.8086546063423157, -0.5677696466445923, 0.4955460727214813, 0.43392059206962585, 0.752427339553833),
            ["RightLowerLeg"] = CFrame.new(0, -0.00012248754501342773, -0.00007745454058749601, 1, -4.470348358154297e-08, -7.450579175838357e-08, 1.341104365337742e-07, 0.6798607110977173, 0.7333404421806335, -1.1175869474300271e-07, -0.7333413362503052, 0.6798616051673889),
            ["RightUpperLeg"] = CFrame.new(0, -4.0605664253234863e-07, 4.300818545743823e-08, 0.8275065422058105, -0.47385886311531067, 0.30114829540252686, 0.5586836934089661, 0.641716480255127, -0.5254268050193787, 0.05572652816772461, 0.6030404567718506, 0.7957615256309509),
            ["LeftLowerLeg"] = CFrame.new(-2.9802322387695312e-08, 0.00012284517288208008, 0.00007726345211267471, 1, 6.705520405603238e-08, 9.685754776000977e-08, -8.195639367158947e-08, 0.26081350445747375, 0.9653893113136292, 6.146729703004894e-08, -0.9653891921043396, 0.26081332564353943),
        }},
        {Time = 0.056, Data = {
            ["LeftFoot"] = CFrame.new(5.21540641784668e-08, -1.7881393432617188e-07, -4.470348358154297e-08, 0.9314290881156921, -0.25816330313682556, -0.2564990520477295, 0.0790112242102623, 0.831459105014801, -0.5499389171600342, 0.3552423119544983, 0.4919629693031311, 0.7948430776596069),
            ["LeftLowerArm"] = CFrame.new(1.1920928955078125e-07, 3.5762786865234375e-07, -4.3213367462158203e-07, 1, -7.916236910432417e-08, 6.05359762317903e-09, 4.8428766774577525e-08, 0.8053857088088989, -0.592751681804657, -2.9802318834981634e-08, 0.592751145362854, 0.805385410785675),
            ["RightUpperArm"] = CFrame.new(-5.960464477539063e-08, 1.1920928955078125e-07, -2.60770320892334e-08, 0.055903322994709015, -0.2594095766544342, 0.9641481041908264, 0.38145092129707336, 0.8979547023773193, 0.2194826900959015, -0.9226972460746765, 0.3555055856704712, 0.1491500586271286),
            ["Head"] = CFrame.new(2.9802322387695312e-08, 0.0000010728836059570312, -2.3469328880310059e-07, 0.8755503296852112, -0.36717769503593445, 0.3139937222003937, 0.438943475484848, 0.8760912418365479, -0.1994813084602356, -0.20184221863746643, 0.31248152256011963, 0.9282323122024536),
            ["LowerTorso"] = CFrame.new(0.20525312423706055, -0.3882373571395874, -0.4681709408760071, 0.905828058719635, 0.1545965075492859, -0.3944305181503296, -0.16253657639026642, 0.9866111874580383, 0.013428101316094398, 0.39122551679611206, 0.05194583162665367, 0.9188276529312134),
            ["UpperTorso"] = CFrame.new(-1.6391277313232422e-07, -1.1920928955078125e-07, -2.4028122425079346e-07, 0.9924755096435547, 0.03272654116153717, -0.11798839271068573, -0.002389634260907769, 0.968612551689148, 0.24856379628181458, 0.12241987884044647, -0.24641156196594238, 0.9614025950431824),
            ["HumanoidRootPart"] = CFrame.new(0, 0, 0, 1, 0, 0, 0, 1, 0, 0, 0, 1),
            ["LeftUpperLeg"] = CFrame.new(0, 2.4586915969848633e-07, -1.955777406692505e-07, 0.8325100541114807, 0.35763266682624817, 0.42311444878578186, -0.1109887883067131, 0.8559117913246155, -0.5050709247589111, -0.5427784323692322, 0.37351560592651367, 0.7522483468055725),
            ["LeftUpperArm"] = CFrame.new(0, -2.384185791015625e-07, 4.0978193283081055e-08, 0.6709522008895874, 0.3059285283088684, -0.675448477268219, -0.03972705453634262, 0.9244441986083984, 0.3792426586151123, 0.7404356598854065, -0.22761967778205872, 0.6324116587638855),
            ["RightLowerArm"] = CFrame.new(1.7881393432617188e-07, 5.960464477539063e-08, 4.470348358154297e-08, 1, -1.862645593320167e-09, 5.401669156412936e-08, 2.0489098417897367e-08, 0.9999851584434509, -0.005466463975608349, -8.195639367158947e-08, 0.00546640669927001, 0.9999850392341614),
            ["LeftHand"] = CFrame.new(4.76837158203125e-07, -4.172325134277344e-07, -3.2782554626464844e-07, 0.9887781739234924, 0.06315424293279648, -0.13538600504398346, -0.0923241525888443, 0.9707969427108765, -0.2214258760213852, 0.11744831502437592, 0.2314406782388687, 0.965733528137207),
            ["RightFoot"] = CFrame.new(2.2351741790771484e-08, 4.172325134277344e-07, 4.954927135258913e-09, 0.8369739055633545, 0.4709254205226898, 0.27875471115112305, -0.42794865369796753, 0.8807224035263062, -0.2029469609260559, -0.34107857942581177, 0.05056945979595184, 0.9386738538742065),
            ["RightHand"] = CFrame.new(3.8743019104003906e-07, -4.76837158203125e-07, -4.470348358154297e-08, 0.8440452218055725, -0.19929632544517517, -0.4978649318218231, -0.023347564041614532, 0.9138432145118713, -0.4053952693939209, 0.5357635021209717, 0.35379600524902344, 0.7666714787483215),
            ["RightLowerLeg"] = CFrame.new(5.960464477539063e-08, -0.00012248754501342773, -0.00007743963942630216, 1, 2.9802318834981634e-08, 0, 8.940696716308594e-08, 0.610988438129425, 0.7916390895843506, -2.2351741790771484e-08, -0.7916395664215088, 0.6109889149665833),
            ["RightUpperLeg"] = CFrame.new(-5.960464477539063e-08, 3.6228448152542114e-07, -1.0227813618257642e-07, 0.7982648015022278, -0.4050252437591553, 0.4457889497280121, 0.6008197665214539, 0.4834984242916107, -0.6365887522697449, 0.04229627549648285, 0.7760050296783447, 0.6293068528175354),
            ["LeftLowerLeg"] = CFrame.new(7.450580596923828e-08, 0.00012248754501342773, 0.00007763179019093513, 1, 7.450577754752885e-08, 1.1175869474300271e-07, -2.2351741790771484e-08, 0.44332781434059143, 0.8963596820831299, 7.543712854385376e-08, -0.8963595628738403, 0.44332757592201233),
        }},
        {Time = 0.111, Data = {
            ["LeftFoot"] = CFrame.new(2.2351741790771484e-08, -1.7881393432617188e-07, 7.450580596923828e-08, 0.9415956735610962, -0.3144107758998871, -0.12059663236141205, 0.23014894127845764, 0.8622795939445496, -0.45111584663391113, 0.24582360684871674, 0.39701372385025024, 0.8842800259590149),
            ["LeftLowerArm"] = CFrame.new(-1.4901161193847656e-07, 2.980232238769531e-07, -1.1920928955078125e-07, 1, -7.078047303821222e-08, 1.769513069405093e-08, -7.450581485102248e-09, 0.8020812273025513, -0.5972155928611755, -3.725290653733282e-08, 0.5972150564193726, 0.8020808696746826),
            ["RightUpperArm"] = CFrame.new(1.1920928955078125e-07, 0, 7.450580596923828e-09, 0.08318065851926804, -0.44240957498550415, 0.8929470777511597, 0.34112656116485596, 0.8545592427253723, 0.39161360263824463, -0.9363299608230591, 0.27203378081321716, 0.22200070321559906),
            ["Head"] = CFrame.new(8.940696716308594e-08, 9.5367431640625e-07, -3.203749656677246e-07, 0.8541658520698547, -0.33038219809532166, 0.40155738592147827, 0.4678646922111511, 0.8253040909767151, -0.3161894977092743, -0.22694365680217743, 0.4579528272151947, 0.8595207333564758),
            ["LowerTorso"] = CFrame.new(0.3061716854572296, -0.3729811906814575, -0.4780957102775574, 0.8683688044548035, 0.2667107880115509, -0.41809210181236267, -0.24110370874404907, 0.9637750387191772, 0.11404724419116974, 0.4333643615245819, 0.0017684722552075982, 0.9012171626091003),
            ["UpperTorso"] = CFrame.new(1.4901161193847656e-08, -5.960464477539062e-07, -5.960464477539063e-08, 0.9884698390960693, -0.05857133865356445, -0.13963066041469574, 0.0838809385895729, 0.9795441031455994, 0.1829138845205307, 0.12606078386306763, -0.19251731038093567, 0.9731627702713013),
            ["HumanoidRootPart"] = CFrame.new(0, 0, 0, 1, 0, 0, 0, 1, 0, 0, 0, 1),
            ["LeftUpperLeg"] = CFrame.new(1.7881393432617188e-07, -1.1909287422895432e-07, 1.1920928955078125e-07, 0.7937771081924438, 0.30524465441703796, 0.5260645747184753, -0.054947685450315475, 0.8973941802978516, -0.4377955496311188, -0.605721652507782, 0.31860560178756714, 0.7291030883789062),
            ["LeftUpperArm"] = CFrame.new(0, -2.384185791015625e-07, 2.7008354663848877e-08, 0.7076386213302612, 0.27737653255462646, -0.6498534083366394, 0.0013988465070724487, 0.9191725850105286, 0.3938533067703247, 0.7065732479095459, -0.2796142101287842, 0.6500539779663086),
            ["RightLowerArm"] = CFrame.new(-5.960464477539063e-08, 2.384185791015625e-07, 8.940696716308594e-08, 1, -1.1641525077266124e-08, 4.027969779940577e-08, 3.5390254282674505e-08, 0.999984085559845, -0.005638569127768278, -5.098990385477009e-08, 0.005638566333800554, 0.9999841451644897),
            ["LeftHand"] = CFrame.new(2.980232238769531e-07, 5.960464477539063e-08, -3.725290298461914e-07, 0.9887872934341431, 0.0065247779712080956, -0.14918898046016693, -0.037259530276060104, 0.9782273173332214, -0.20416417717933655, 0.14460860192775726, 0.20743387937545776, 0.9675018191337585),
            ["RightFoot"] = CFrame.new(1.1920928955078125e-07, 3.5762786865234375e-07, -9.888753993436694e-08, 0.8572731614112854, 0.43280887603759766, 0.2788529694080353, -0.3729710280895233, 0.8954144716262817, -0.24315673112869263, -0.3549300730228424, 0.10444872081279755, 0.929040253162384),
            ["RightHand"] = CFrame.new(4.3585896492004395e-07, -4.76837158203125e-07, 3.5762786865234375e-07, 0.8635457158088684, -0.03819352388381958, -0.5028219819068909, -0.11963510513305664, 0.953142523765564, -0.277861088514328, 0.4898736774921417, 0.30010083317756653, 0.8185129165649414),
            ["RightLowerLeg"] = CFrame.new(3.2782554626464844e-07, -0.00012254714965820312, -0.00007776746497256681, 1, -1.4156103134155273e-07, -8.568170528633345e-08, 1.1920928955078125e-07, 0.49385759234428406, 0.8695422410964966, -8.940696716308594e-08, -0.8695428371429443, 0.49385857582092285),
            ["RightUpperLeg"] = CFrame.new(2.384185791015625e-07, -1.7197453416883945e-07, 2.8107024263590574e-08, 0.775709867477417, -0.346077024936676, 0.527735710144043, 0.6275366544723511, 0.33437851071357727, -0.7031282186508179, 0.0668729618191719, 0.8765966892242432, 0.47655606269836426),
            ["LeftLowerLeg"] = CFrame.new(-1.341104507446289e-07, 0.00012296438217163086, 0.00007748324424028397, 1, 2.9802322387695312e-08, -7.450580596923828e-09, -6.70552182668871e-08, 0.614060640335083, 0.7892589569091797, 3.352760913344355e-08, -0.7892589569091797, 0.6140605807304382),
        }},
        {Time = 0.167, Data = {
            ["LeftFoot"] = CFrame.new(0, 5.960464477539063e-08, 7.450580596923828e-09, 0.9270485639572144, -0.3695385456085205, 0.06342148780822754, 0.3721170425415039, 0.8860845565795898, -0.27637481689453125, 0.04593436419963837, 0.2798132300376892, 0.9589550495147705),
            ["LeftLowerArm"] = CFrame.new(5.960464477539063e-08, 0, 1.4901161193847656e-08, 1, -7.404014468193054e-08, 3.7252920748187535e-08, -1.4901162970204496e-08, 0.7858825325965881, -0.6183761358261108, 5.2154071283894154e-08, 0.6183758974075317, 0.785882294178009),
            ["RightUpperArm"] = CFrame.new(-1.1920928955078125e-07, 7.152557373046875e-07, -1.564621925354004e-07, 0.1297093629837036, -0.5967758297920227, 0.791854739189148, 0.2737766206264496, 0.7891117930412292, 0.549862802028656, -0.9530068635940552, 0.14546933770179749, 0.26573869585990906),
            ["Head"] = CFrame.new(-2.2351741790771484e-08, 0.0000010728836059570312, -4.246830940246582e-07, 0.8559402823448181, -0.34296584129333496, 0.3869633078575134, 0.48599034547805786, 0.7891631722450256, -0.3755462169647217, -0.17657774686813354, 0.509505569934845, 0.8421546816825867),
            ["LowerTorso"] = CFrame.new(0.4074936509132385, -0.3555983304977417, -0.4948481321334839, 0.8538644313812256, 0.3353819251060486, -0.3980383574962616, -0.29380449652671814, 0.9418138861656189, 0.16329607367515564, 0.4296445846557617, -0.022487260401248932, 0.9027180671691895),
            ["UpperTorso"] = CFrame.new(4.470348358154297e-08, -2.086162567138672e-07, -1.1920928955078125e-07, 0.9860555529594421, -0.12294378876686096, -0.11215773224830627, 0.13902603089809418, 0.9789960384368896, 0.14912626147270203, 0.09146776795387268, -0.16263970732688904, 0.9824368357658386),
            ["HumanoidRootPart"] = CFrame.new(0, 0, 0, 1, 0, 0, 0, 1, 0, 0, 0, 1),
            ["LeftUpperLeg"] = CFrame.new(2.086162567138672e-07, -2.2491440176963806e-07, 5.820766091346741e-08, 0.8331282138824463, 0.22884799540042877, 0.5035138726234436, -0.03628088906407356, 0.9310337901115417, -0.3631252944469452, -0.5518887042999268, 0.2842617630958557, 0.7839731574058533),
            ["LeftUpperArm"] = CFrame.new(0, 4.76837158203125e-07, -8.940696716308594e-08, 0.7153555154800415, 0.2658978998661041, -0.6461924910545349, -0.006664709188044071, 0.9273238182067871, 0.3742006719112396, 0.6987289786338806, -0.26337966322898865, 0.6651384830474854),
            ["RightLowerArm"] = CFrame.new(2.980232238769531e-07, 1.1920928955078125e-07, 1.1920928955078125e-07, 1, -2.9802343703977385e-08, 1.8626442610525373e-08, -1.4901162970204496e-08, 0.9999834299087524, -0.00576609093695879, 6.705523247774181e-08, 0.005766083020716906, 0.9999833703041077),
            ["LeftHand"] = CFrame.new(3.8743019104003906e-07, -3.5762786865234375e-07, -4.6193599700927734e-07, 0.9910748600959778, 0.001256546936929226, -0.13330115377902985, -0.03208446875214577, 0.9728096723556519, -0.22937266528606415, 0.12938840687274933, 0.23160259425640106, 0.9641675353050232),
            ["RightFoot"] = CFrame.new(-2.9802322387695312e-08, 2.980232238769531e-07, 1.3580574886873364e-07, 0.8776607513427734, 0.38853880763053894, 0.280622661113739, -0.30449965596199036, 0.9041822552680969, -0.2995564639568329, -0.3701237440109253, 0.1774604171514511, 0.9118754267692566),
            ["RightHand"] = CFrame.new(3.2782554626464844e-07, -7.152557373046875e-07, -7.450580596923828e-09, 0.8602839708328247, 0.09956618398427963, -0.49999871850013733, -0.215055450797081, 0.9600883722305298, -0.17883434891700745, 0.462236613035202, 0.2613750696182251, 0.847360372543335),
            ["RightLowerLeg"] = CFrame.new(2.9802322387695312e-08, -0.00012248754501342773, -0.00007752159581286833, 1, -1.4156103134155273e-07, -1.7136343899437634e-07, 1.4901162614933128e-07, 0.3838312029838562, 0.9234029650688171, -1.1175872316471214e-07, -0.923403263092041, 0.3838319778442383),
            ["RightUpperLeg"] = CFrame.new(3.5762786865234375e-07, -2.705492079257965e-07, 4.300818545743823e-08, 0.7717025876045227, -0.325568288564682, 0.5463336110115051, 0.6277910470962524, 0.2525157332420349, -0.7362844347953796, 0.10175294429063797, 0.9111756682395935, 0.3992553949356079),
            ["LeftLowerLeg"] = CFrame.new(1.4901161193847656e-08, 0.00012218952178955078, 0.00007740908768028021, 1, 1.862644793959589e-08, -1.4901162970204496e-08, -1.0803341865539551e-07, 0.7561140656471252, 0.6544401049613953, 1.0244548320770264e-08, -0.6544399261474609, 0.7561138868331909),
        }},
        {Time = 0.222, Data = {
            ["LeftFoot"] = CFrame.new(-1.0523945093154907e-07, -1.1920928955078125e-07, -2.9802322387695312e-08, 0.8729593753814697, -0.4589172303676605, 0.16533999145030975, 0.47147348523139954, 0.8807476162910461, -0.04467840865254402, -0.1251189261674881, 0.11695585399866104, 0.9852241277694702),
            ["LeftLowerArm"] = CFrame.new(-1.1920928955078125e-07, -1.1920928955078125e-07, 5.960464477539063e-08, 1, -4.656611096720553e-08, 5.622861465326423e-08, 6.705523247774181e-08, 0.7491638660430908, -0.6623852252960205, 2.2351745343485163e-08, 0.6623848080635071, 0.7491634488105774),
            ["RightUpperArm"] = CFrame.new(-3.5762786865234375e-07, -2.384185791015625e-07, 5.587935447692871e-08, 0.2125179022550583, -0.6989486217498779, 0.6828664541244507, 0.23121418058872223, 0.7149537205696106, 0.6598343253135681, -0.9494083523750305, 0.01766202040016651, 0.3135475814342499),
            ["Head"] = CFrame.new(5.960464477539063e-08, 7.152557373046875e-07, -3.6135315895080566e-07, 0.867160439491272, -0.34025853872299194, 0.3636714220046997, 0.47768300771713257, 0.7748353481292725, -0.4140643775463104, -0.14089661836624146, 0.5327799320220947, 0.8344422578811646),
            ["LowerTorso"] = CFrame.new(0.5001034140586853, -0.33708465099334717, -0.5084587335586548, 0.8406867384910583, 0.3872591257095337, -0.37851840257644653, -0.3335665762424469, 0.9209657907485962, 0.20138365030288696, 0.4265901446342468, -0.04303949698805809, 0.9034204483032227),
            ["UpperTorso"] = CFrame.new(-1.4901161193847656e-08, -3.8743019104003906e-07, -7.450580596923828e-08, 0.9804428219795227, -0.18091076612472534, -0.07748032361268997, 0.18951252102851868, 0.9740443229675293, 0.12378570437431335, 0.0530751533806324, -0.13604837656021118, 0.989279568195343),
            ["HumanoidRootPart"] = CFrame.new(0, 0, 0, 1, 0, 0, 0, 1, 0, 0, 0, 1),
            ["LeftUpperLeg"] = CFrame.new(5.960464477539063e-08, -2.0116567611694336e-07, -1.471489667892456e-07, 0.8984818458557129, 0.16578517854213715, 0.40650421380996704, -0.04456848278641701, 0.9556167721748352, -0.29122230410575867, -0.4367426931858063, 0.24354058504104614, 0.8659930229187012),
            ["LeftUpperArm"] = CFrame.new(0, -3.5762786865234375e-07, -6.705522537231445e-08, 0.7216940522193909, 0.2614022195339203, -0.6409574747085571, -0.02436286024749279, 0.9349737763404846, 0.35387977957725525, 0.6917834281921387, -0.2397771179676056, 0.6811334490776062),
            ["RightLowerArm"] = CFrame.new(-2.9802322387695312e-08, 3.5762786865234375e-07, 2.5331974029541016e-07, 1, 2.980232594040899e-08, -7.450578820566989e-09, -7.450581485102248e-09, 0.999983012676239, -0.005830212030559778, 0, 0.0058302138932049274, 0.999983012676239),
            ["LeftHand"] = CFrame.new(4.3213367462158203e-07, -4.76837158203125e-07, -3.6135315895080566e-07, 0.9937105178833008, -0.009513779543340206, -0.11157478392124176, -0.018892481923103333, 0.9678571820259094, -0.25078946352005005, 0.11037439852952957, 0.25132033228874207, 0.9615902304649353),
            ["RightFoot"] = CFrame.new(-8.195638656616211e-08, 4.172325134277344e-07, 2.032174961641431e-08, 0.8960853815078735, 0.34409040212631226, 0.28041574358940125, -0.24056380987167358, 0.9073737263679504, -0.34467610716819763, -0.37304189801216125, 0.2414018213748932, 0.8958601355552673),
            ["RightHand"] = CFrame.new(2.0116567611694336e-07, -7.152557373046875e-07, 3.725290298461914e-09, 0.8411045074462891, 0.2211018055677414, -0.49361684918403625, -0.309358149766922, 0.9452716112136841, -0.1037270575761795, 0.44366759061813354, 0.23994964361190796, 0.8634715676307678),
            ["RightLowerLeg"] = CFrame.new(2.9802322387695312e-08, -0.00012248754501342773, -0.00007776373968226835, 1, -1.192092469182171e-07, -1.4156103134155273e-07, 2.0861622829215776e-07, 0.30212411284446716, 0.9532685279846191, -1.1920927533992653e-07, -0.9532685875892639, 0.3021245002746582),
            ["RightUpperLeg"] = CFrame.new(1.1920928955078125e-07, -7.078051567077637e-08, 4.300818545743823e-08, 0.7752047181129456, -0.30677762627601624, 0.5522184371948242, 0.6198899745941162, 0.20110566914081573, -0.7584806680679321, 0.12163077294826508, 0.9302924871444702, 0.3460662066936493),
            ["LeftLowerLeg"] = CFrame.new(1.9650906324386597e-07, 0.00012260675430297852, 0.00007748417556285858, 1, 4.889441296285213e-09, 9.31322685637781e-10, -8.638016879558563e-08, 0.8711181282997131, 0.49107372760772705, 2.421438694000244e-08, -0.49107348918914795, 0.8711181282997131),
        }},
        {Time = 0.278, Data = {
            ["LeftFoot"] = CFrame.new(-3.3527612686157227e-08, 1.7881393432617188e-07, 1.955777406692505e-08, 0.8301612734794617, -0.5434166193008423, 0.12462224066257477, 0.5142717361450195, 0.8327062726020813, 0.205243781208992, -0.2153065800666809, -0.10629582405090332, 0.9707441926002502),
            ["LeftLowerArm"] = CFrame.new(1.1920928955078125e-07, -4.172325134277344e-07, -5.960464477539063e-08, 1, -9.31322148289837e-08, 6.891786341611805e-08, 5.2154071283894154e-08, 0.7237682342529297, -0.6900433301925659, 2.980232594040899e-08, 0.6900430917739868, 0.7237681746482849),
            ["RightUpperArm"] = CFrame.new(-2.980232238769531e-07, 0, 2.0489096641540527e-07, 0.2511131763458252, -0.7757949829101562, 0.5788646340370178, 0.21593688428401947, 0.6278544664382935, 0.7477771043777466, -0.9435642957687378, -0.062777578830719, 0.3251851499080658),
            ["Head"] = CFrame.new(-1.4901161193847656e-08, 0.0000017881393432617188, -3.0174851417541504e-07, 0.8709148168563843, -0.31445038318634033, 0.37766173481941223, 0.46847623586654663, 0.7633750438690186, -0.44473451375961304, -0.14845067262649536, 0.5642513036727905, 0.8121470212936401),
            ["LowerTorso"] = CFrame.new(0.5823745131492615, -0.32291948795318604, -0.5217454433441162, 0.8267418146133423, 0.4239788353443146, -0.36978358030319214, -0.35998326539993286, 0.9037991166114807, 0.2314285784959793, 0.4323308765888214, -0.05821578949689865, 0.8998338580131531),
            ["UpperTorso"] = CFrame.new(-4.470348358154297e-08, -3.2782554626464844e-07, -1.1920928955078125e-07, 0.9722485542297363, -0.2233753800392151, -0.0695427730679512, 0.22960886359214783, 0.9680749773979187, 0.10055170953273773, 0.04486199840903282, -0.11372903734445572, 0.992498517036438),
            ["HumanoidRootPart"] = CFrame.new(0, 0, 0, 1, 0, 0, 0, 1, 0, 0, 0, 1),
            ["LeftUpperLeg"] = CFrame.new(5.960464477539063e-08, 7.450580596923828e-09, -8.195638656616211e-08, 0.9166632294654846, 0.12951478362083435, 0.37809324264526367, -0.06731000542640686, 0.9825518131256104, -0.17338192462921143, -0.3939516842365265, 0.13348335027694702, 0.9093867540359497),
            ["LeftUpperArm"] = CFrame.new(-2.384185791015625e-07, 4.76837158203125e-07, 2.60770320892334e-08, 0.7085180282592773, 0.2664839029312134, -0.6534435749053955, -0.025270119309425354, 0.9349476099014282, 0.35388532280921936, 0.7052401304244995, -0.23422080278396606, 0.6691612601280212),
            ["RightLowerArm"] = CFrame.new(-8.940696716308594e-08, -2.384185791015625e-07, 3.5762786865234375e-07, 1, -1.415610029198433e-07, -2.980232949312267e-08, -5.960464477539063e-08, 0.9999873638153076, -0.005034328904002905, -1.043081283569336e-07, 0.00503440061584115, 0.9999873638153076),
            ["LeftHand"] = CFrame.new(5.140900611877441e-07, -2.980232238769531e-07, -3.2782554626464844e-07, 0.9962114095687866, 0.008116181008517742, -0.08658544719219208, -0.0309560839086771, 0.9635176062583923, -0.2658485174179077, 0.08126900345087051, 0.26752176880836487, 0.9601185917854309),
            ["RightFoot"] = CFrame.new(6.705522537231445e-08, 2.980232238769531e-07, -3.55576048605144e-08, 0.9128267765045166, 0.3050881624221802, 0.2714197635650635, -0.18955348432064056, 0.9053094387054443, -0.38011011481285095, -0.361686110496521, 0.2955268621444702, 0.8842215538024902),
            ["RightHand"] = CFrame.new(3.1478703022003174e-07, -4.172325134277344e-07, -3.78582626581192e-07, 0.8114145994186401, 0.3305428624153137, -0.48202478885650635, -0.39566275477409363, 0.9176596403121948, -0.036764029413461685, 0.43018293380737305, 0.22055020928382874, 0.8753859400749207),
            ["RightLowerLeg"] = CFrame.new(2.682209014892578e-07, -0.00012254714965820312, -0.00007760355219943449, 1, -1.3411042232291948e-07, -1.713634105726669e-07, 1.3411046495548362e-07, 0.2428397834300995, 0.9700663089752197, -1.0803343286625022e-07, -0.9700664281845093, 0.2428402453660965),
            ["RightUpperLeg"] = CFrame.new(5.960464477539063e-08, 5.587935447692871e-09, 4.300818545743823e-08, 0.7824101448059082, -0.2777869701385498, 0.5573767423629761, 0.6117114424705505, 0.17493762075901031, -0.7714962363243103, 0.11680541932582855, 0.9445798993110657, 0.30679795145988464),
            ["LeftLowerLeg"] = CFrame.new(-5.960464477539063e-08, 0.0001226663589477539, 0.00007748417556285858, 1, -1.4435494577469399e-08, -9.313226634333205e-09, -1.0011716256030923e-07, 0.9723300933837891, 0.2336113005876541, -1.1175869119028903e-08, -0.23361119627952576, 0.9723300933837891),
        }},
        {Time = 0.333, Data = {
            ["LeftFoot"] = CFrame.new(-5.21540641784668e-08, 1.1920928955078125e-07, -4.6566128730773926e-08, 0.8056708574295044, -0.5903423428535461, 0.04889769107103348, 0.5206583738327026, 0.7450953722000122, 0.41683000326156616, -0.28250572085380554, -0.3103688061237335, 0.90766841173172),
            ["LeftLowerArm"] = CFrame.new(1.1920928955078125e-07, -3.5762786865234375e-07, -1.341104507446289e-07, 1, -3.7252888773764425e-08, 4.377216455964117e-08, 1.3411047916633834e-07, 0.6844403743743896, -0.7290690541267395, 4.4703494239684005e-08, 0.7290688753128052, 0.6844400763511658),
            ["RightUpperArm"] = CFrame.new(0, -2.384185791015625e-07, 7.450580596923828e-08, 0.2730209529399872, -0.8363116383552551, 0.4754389226436615, 0.2301354706287384, 0.5366450548171997, 0.8118189573287964, -0.9340755939483643, -0.11222798377275467, 0.33898067474365234),
            ["Head"] = CFrame.new(-2.5331974029541016e-07, 4.76837158203125e-07, -2.2351741790771484e-07, 0.8728827238082886, -0.28562068939208984, 0.39559656381607056, 0.4589903950691223, 0.7557244300842285, -0.4671279191970825, -0.16554062068462372, 0.5893229842185974, 0.7907559275627136),
            ["LowerTorso"] = CFrame.new(0.6543825268745422, -0.31611406803131104, -0.5337631702423096, 0.8179891705513, 0.44426876306533813, -0.365402489900589, -0.37277063727378845, 0.893193244934082, 0.2514912784099579, 0.4381047785282135, -0.06950581073760986, 0.8962327837944031),
            ["UpperTorso"] = CFrame.new(-1.4901161193847656e-07, -1.4901161193847656e-07, -1.4901161193847656e-07, 0.9648413062095642, -0.2534111738204956, -0.06974339485168457, 0.25853148102760315, 0.9628403186798096, 0.07810304313898087, 0.047359712421894073, -0.09338802099227905, 0.9945027828216553),
            ["HumanoidRootPart"] = CFrame.new(0, 0, 0, 1, 0, 0, 0, 1, 0, 0, 0, 1),
            ["LeftUpperLeg"] = CFrame.new(0, 3.725290298461914e-08, -5.21540641784668e-08, 0.9188988208770752, 0.11915545910596848, 0.37606778740882874, -0.09674368053674698, 0.9922481179237366, -0.07800290733575821, -0.38244709372520447, 0.035294484347105026, 0.9233030676841736),
            ["LeftUpperArm"] = CFrame.new(-1.1920928955078125e-07, -2.384185791015625e-07, -1.1920928955078125e-07, 0.7151669859886169, 0.2787940800189972, -0.6409444808959961, -0.03131011500954628, 0.9288641810417175, 0.3690955638885498, 0.6982520222663879, -0.24389635026454926, 0.6730220913887024),
            ["RightLowerArm"] = CFrame.new(-2.384185791015625e-07, -5.960464477539063e-08, -1.7881393432617188e-07, 1, 5.215404996761208e-08, -2.2351747119842003e-08, 3.725290653733282e-08, 0.9999872446060181, -0.0050619556568562984, -3.725290653733282e-08, 0.005061893258243799, 0.9999871850013733),
            ["LeftHand"] = CFrame.new(4.76837158203125e-07, -5.364418029785156e-07, -3.129243850708008e-07, 0.9986337423324585, 0.023583676666021347, -0.04663071036338806, -0.03503961116075516, 0.9642319083213806, -0.2627338171005249, 0.03876667842268944, 0.26400890946388245, 0.9637410044670105),
            ["RightFoot"] = CFrame.new(2.2351741790771484e-07, 4.172325134277344e-07, -1.920197973959148e-07, 0.9265733361244202, 0.26790133118629456, 0.2639900743961334, -0.1437174677848816, 0.9008144736289978, -0.40972933173179626, -0.3475731611251831, 0.3417048156261444, 0.8731730580329895),
            ["RightHand"] = CFrame.new(2.2351741790771484e-07, -3.5762786865234375e-07, 3.03611159324646e-07, 0.7773095369338989, 0.4076557755470276, -0.47917279601097107, -0.4606707990169525, 0.8875368237495422, 0.007775174453854561, 0.42845338582992554, 0.21469774842262268, 0.8776862025260925),
            ["RightLowerLeg"] = CFrame.new(2.9802322387695312e-08, -0.00012242794036865234, -0.00007760867447359487, 1, -9.685753354915505e-08, -7.450580596923828e-08, 1.1920928955078125e-07, 0.1952058970928192, 0.980762243270874, -1.5576370060443878e-07, -0.9807623028755188, 0.1952061951160431),
            ["RightUpperLeg"] = CFrame.new(-5.960464477539063e-08, 8.940696716308594e-08, -7.620110409334302e-08, 0.7964617609977722, -0.2495395839214325, 0.5507979393005371, 0.5955090522766113, 0.16557565331459045, -0.7861005067825317, 0.10496437549591064, 0.9541041851043701, 0.2804773449897766),
            ["LeftLowerLeg"] = CFrame.new(-8.195638656616211e-08, 0.00012284517288208008, 0.0000772988423705101, 1, 2.3923339753650907e-08, 1.4901166522918174e-08, 1.1373779784662474e-07, 0.9999828934669495, 0.005862961057573557, -1.862645593320167e-09, -0.0058629778213799, 0.9999828934669495),
        }},
        {Time = 0.389, Data = {
            ["LeftFoot"] = CFrame.new(2.2351741790771484e-08, 0, -8.475035429000854e-08, 0.7950244545936584, -0.6064106822013855, 0.01422334648668766, 0.522604763507843, 0.6966791749000549, 0.4914492070674896, -0.3079293370246887, -0.3832809627056122, 0.8707901835441589),
            ["LeftLowerArm"] = CFrame.new(-5.960464477539063e-08, 1.1920928955078125e-07, -8.940696716308594e-08, 1, -5.5879347371501353e-08, 6.519259443393821e-08, 1.3411046495548362e-07, 0.6361148953437805, -0.7715945839881897, -7.450581485102248e-09, 0.7715942859649658, 0.6361145973205566),
            ["RightUpperArm"] = CFrame.new(-2.384185791015625e-07, -2.384185791015625e-07, 1.1920928955078125e-07, 0.29786425828933716, -0.8809512257575989, 0.36769765615463257, 0.26358264684677124, 0.44610705971717834, 0.8552851676940918, -0.9174972772598267, -0.15784016251564026, 0.36508315801620483),
            ["Head"] = CFrame.new(-2.9802322387695312e-08, 9.5367431640625e-07, -3.5762786865234375e-07, 0.8810805082321167, -0.27425259351730347, 0.385334312915802, 0.44449853897094727, 0.7585362792015076, -0.47649118304252625, -0.1616111546754837, 0.5911076664924622, 0.7902365326881409),
            ["LowerTorso"] = CFrame.new(0.7151390314102173, -0.3166102170944214, -0.5454861521720886, 0.8149461150169373, 0.4593384563922882, -0.3533709943294525, -0.38316476345062256, 0.8845179080963135, 0.26610684394836426, 0.4347960352897644, -0.08146343380212784, 0.8968366980552673),
            ["UpperTorso"] = CFrame.new(8.940696716308594e-08, -2.682209014892578e-07, -1.1920928955078125e-07, 0.9588369131088257, -0.27738791704177856, -0.0607258677482605, 0.2807415723800659, 0.9581409096717834, 0.05612823739647865, 0.0426146537065506, -0.0708661824464798, 0.996575117111206),
            ["HumanoidRootPart"] = CFrame.new(0, 0, 0, 1, 0, 0, 0, 1, 0, 0, 0, 1),
            ["LeftUpperLeg"] = CFrame.new(2.384185791015625e-07, 2.2351741790771484e-08, -1.341104507446289e-07, 0.9275188446044922, 0.14320336282253265, 0.3452560603618622, -0.11541784554719925, 0.9882857799530029, -0.09984983503818512, -0.35551023483276367, 0.052763912826776505, 0.933181881904602),
            ["LeftUpperArm"] = CFrame.new(1.7881393432617188e-07, -1.1920928955078125e-07, 2.682209014892578e-07, 0.6891473531723022, 0.3099372088909149, -0.6549919843673706, -0.04511474445462227, 0.920508086681366, 0.3881104588508606, 0.7232155799865723, -0.23791544139385223, 0.6483486294746399),
            ["RightLowerArm"] = CFrame.new(1.1920928955078125e-07, 0, -5.960464477539063e-08, 1, 5.5879347371501353e-08, 2.2351745343485163e-08, -1.005828522693264e-07, 0.9999871850013733, -0.005079925525933504, 7.450581485102248e-09, 0.005080058705061674, 0.9999871253967285),
            ["LeftHand"] = CFrame.new(4.6566128730773926e-07, -3.5762786865234375e-07, -3.427267074584961e-07, 0.998767614364624, 0.048469435423612595, 0.01068074069917202, -0.044160742312669754, 0.9660648703575134, -0.25449660420417786, -0.022654004395008087, 0.2537115514278412, 0.967014729976654),
            ["RightFoot"] = CFrame.new(-6.705522537231445e-08, 2.980232238769531e-07, 1.6596459317952394e-08, 0.9358687400817871, 0.2346062809228897, 0.2628866732120514, -0.10030807554721832, 0.8926224112510681, -0.4395030736923218, -0.3377690613269806, 0.38494834303855896, 0.8589107394218445),
            ["RightHand"] = CFrame.new(4.544854164123535e-07, -7.748603820800781e-07, 2.0302832126617432e-07, 0.7489743828773499, 0.45561686158180237, -0.4810934066772461, -0.4976591169834137, 0.8661761283874512, 0.04554279148578644, 0.437461793422699, 0.20531027019023895, 0.8754857182502747),
            ["RightLowerLeg"] = CFrame.new(1.7881393432617188e-07, -0.00012230873107910156, -0.00007758865103824064, 1, -1.2293453721667902e-07, -1.1175870895385742e-07, 1.3411042232291948e-07, 0.1471465826034546, 0.9891146421432495, -1.545995047536053e-07, -0.9891147017478943, 0.14714720845222473),
            ["RightUpperLeg"] = CFrame.new(2.384185791015625e-07, 8.754432201385498e-08, -4.639878170564771e-08, 0.8100230693817139, -0.23744992911815643, 0.5361717939376831, 0.5762791037559509, 0.15321344137191772, -0.8027631044387817, 0.10846740752458572, 0.9592409729957581, 0.2609432339668274),
            ["LeftLowerLeg"] = CFrame.new(2.9802322387695312e-08, 0.0001226663589477539, 0.00007742829620838165, 1, 1.2107190805465962e-08, 7.450580596923828e-09, 9.173528781047935e-08, 0.999987006187439, 0.005099030211567879, -1.3969840395589017e-08, -0.005098987836390734, 0.9999870657920837),
        }},
        {Time = 0.444, Data = {
            ["LeftFoot"] = CFrame.new(-4.470348358154297e-08, 1.1920928955078125e-07, 1.1175870895385742e-08, 0.8004040122032166, -0.5993538498878479, 0.011338564567267895, 0.4996432960033417, 0.6774585247039795, 0.5398204326629639, -0.33122512698173523, -0.42640936374664307, 0.8417038917541504),
            ["LeftLowerArm"] = CFrame.new(3.2782554626464844e-07, 1.7881393432617188e-07, -8.940696716308594e-08, 1, -1.4901157641133977e-08, 1.862645326866641e-08, 1.4901161193847656e-08, 0.5981469750404358, -0.801386833190918, 2.9802322387695312e-08, 0.8013864159584045, 0.5981464982032776),
            ["RightUpperArm"] = CFrame.new(4.76837158203125e-07, 3.5762786865234375e-07, 5.960464477539063e-08, 0.3093882203102112, -0.9138424396514893, 0.2630040943622589, 0.3002080023288727, 0.3562931418418884, 0.884833574295044, -0.9023048877716064, -0.19480054080486298, 0.384575754404068),
            ["Head"] = CFrame.new(1.1920928955078125e-07, 0.0000011920928955078125, -4.470348358154297e-07, 0.8932825922966003, -0.26387661695480347, 0.36388924717903137, 0.42334237694740295, 0.7660026550292969, -0.48375752568244934, -0.1510878950357437, 0.5861819386482239, 0.7959668636322021),
            ["LowerTorso"] = CFrame.new(0.7653758525848389, -0.32170283794403076, -0.5574051141738892, 0.8123666644096375, 0.4728901982307434, -0.34122613072395325, -0.395050972700119, 0.8766990303993225, 0.2744695246219635, 0.42894649505615234, -0.08816814422607422, 0.8990169167518616),
            ["UpperTorso"] = CFrame.new(0, -4.172325134277344e-07, 0, 0.9514208436012268, -0.3043611943721771, -0.046503301709890366, 0.30613380670547485, 0.9512559175491333, 0.03734318166971207, 0.03287086263298988, -0.049765557050704956, 0.998219907283783),
            ["HumanoidRootPart"] = CFrame.new(0, 0, 0, 1, 0, 0, 0, 1, 0, 0, 0, 1),
            ["LeftUpperLeg"] = CFrame.new(0, -3.5762786865234375e-07, 1.1175870895385742e-07, 0.9359393119812012, 0.15435890853405, 0.3165298402309418, -0.12410605698823929, 0.9857292771339417, -0.1137351542711258, -0.32956835627555847, 0.06716592609882355, 0.941739559173584),
            ["LeftUpperArm"] = CFrame.new(0, -1.1920928955078125e-07, -1.1920928955078125e-07, 0.6609047651290894, 0.34074750542640686, -0.668652355670929, -0.06737284362316132, 0.9143202900886536, 0.399348646402359, 0.7474395036697388, -0.2188822329044342, 0.6272358298301697),
            ["RightLowerArm"] = CFrame.new(1.1920928955078125e-07, -2.980232238769531e-07, 5.960464477539063e-08, 1, 1.6018736914702458e-07, -1.8626458597736928e-08, 9.313225746154785e-10, 0.9999870657920837, -0.005095319822430611, 3.3527612686157227e-08, 0.005095299333333969, 0.9999870657920837),
            ["LeftHand"] = CFrame.new(5.904585123062134e-07, 5.960464477539063e-08, -3.688037395477295e-07, 0.996019184589386, 0.05764974281191826, 0.0679888129234314, -0.039038386195898056, 0.967790424823761, -0.24871200323104858, -0.08013703674077988, 0.24506767094135284, 0.966188371181488),
            ["RightFoot"] = CFrame.new(1.4901161193847656e-08, 3.5762786865234375e-07, 3.149762051180005e-08, 0.9391205310821533, 0.20535564422607422, 0.2754663825035095, -0.055862754583358765, 0.8823263049125671, -0.4673103392124176, -0.3390163779258728, 0.4234730005264282, 0.8400829434394836),
            ["RightHand"] = CFrame.new(4.6938657760620117e-07, -0.0000010132789611816406, 6.891787052154541e-08, 0.7148743867874146, 0.497636079788208, -0.4912359118461609, -0.5339837670326233, 0.8420752286911011, 0.07596247643232346, 0.4514597952365875, 0.20800893008708954, 0.8677079677581787),
