return {
["smooth dance"] = {

          {Time = 0.000, Data = {

              ["Head"] = CFrame.new(0.000000, 0.000000, 0.000000, 1.000000, 0.000000, 0.000000, 0.000000, 1.000000, -0.000000, 0.000000, 0.000000, 1.000000),

              ["LeftFoot"] = CFrame.new(0.000000, 0.000385, -0.000003, 0.990104, -0.093180, 0.104948, 0.094448, 0.995504, -0.007163, -0.103800, 0.017013, 0.994452),

              ["LeftHand"] = CFrame.new(0.000491, 0.013463, -0.000000, 0.990788, -0.117253, 0.067767, 0.124301, 0.985973, -0.111383, -0.053755, 0.118780, 0.991464),

              ["LeftLowerArm"] = CFrame.new(-0.000500, 0.075503, 0.022431, 1.000000, -0.000000, -0.000000, 0.000000, 0.770793, -0.637085, 0.000000, 0.637086, 0.770793),

              ["LeftLowerLeg"] = CFrame.new(0.000000, 0.002313, 0.000096, 1.000000, 0.000000, 0.000000, 0.000000, 0.999882, 0.015332, 0.000000, -0.015351, 0.999882),

              ["LeftUpperArm"] = CFrame.new(0.215236, 0.230138, -0.710735, 0.460719, -0.020501, -0.887309, -0.223214, -0.970277, -0.093482, -0.859019, 0.241128, -0.451601),

              ["LeftUpperLeg"] = CFrame.new(-0.000000, -0.000000, -0.000100, 0.987845, 0.114455, -0.105178, -0.114670, 0.993396, 0.004024, 0.104944, 0.008093, 0.994445),

              ["LowerTorso"] = CFrame.new(0.008691, 0.000094, 0.000000, 0.999764, -0.021727, -0.000000, 0.021727, 0.999764, -0.000000, 0.000000, -0.000000, 1.000000),

              ["RightFoot"] = CFrame.new(-0.000000, -0.007979, -0.000103, 0.992667, 0.077491, -0.092786, -0.077832, 0.996966, -0.000057, 0.092493, 0.007288, 0.995686),

              ["RightHand"] = CFrame.new(-0.000495, 0.007502, -0.000000, 0.983251, 0.157742, -0.091298, -0.156296, 0.987447, 0.022824, 0.093752, -0.008172, 0.995562),

              ["RightLowerArm"] = CFrame.new(0.000000, 0.044914, 0.007337, 1.000000, 0.000000, 0.000000, 0.000000, 0.925294, -0.379251, -0.000000, 0.379252, 0.925294),

              ["RightLowerLeg"] = CFrame.new(0.000000, -0.007951, -0.000102, 1.000000, -0.000000, 0.000000, -0.000000, 1.000000, -0.000008, -0.000000, -0.000011, 1.000000),

              ["RightUpperArm"] = CFrame.new(-0.413178, 0.174997, -0.229270, 0.893318, 0.443827, 0.070714, 0.446976, -0.860979, -0.242750, -0.046856, 0.248460, -0.967508),

              ["RightUpperLeg"] = CFrame.new(0.000000, 0.000000, -0.000000, 0.994116, -0.056153, 0.092633, 0.055905, 0.998422, 0.005274, -0.092783, -0.000057, 0.995686),

              ["UpperTorso"] = CFrame.new(0.000000, 0.000000, 0.000000, 0.999764, 0.021727, 0.000000, -0.021727, 0.999764, -0.000000, -0.000000, -0.000000, 1.000000)

          }},

          {Time = 0.040, Data = {

              ["Head"] = CFrame.new(-0.000000, -0.000000, -0.000000, 0.999837, 0.004362, -0.017538, -0.004217, 0.999957, 0.008311, 0.017573, -0.008235, 0.999812),

              ["LeftFoot"] = CFrame.new(0.000000, -0.007589, -0.000003, 0.990053, -0.076561, 0.118052, 0.077093, 0.997024, 0.000057, -0.117696, 0.009054, 0.993008),

              ["LeftHand"] = CFrame.new(0.000490, 0.014946, 0.000000, 0.991159, -0.114880, 0.066388, 0.120416, 0.988949, -0.086482, -0.055719, 0.093711, 0.994039),

              ["LeftLowerArm"] = CFrame.new(-0.000500, 0.080095, 0.025237, 1.000000, -0.000000, -0.000000, 0.000000, 0.741696, -0.670736, 0.000000, 0.670736, 0.741696),

              ["LeftLowerLeg"] = CFrame.new(0.000000, -0.007162, 0.000006, 1.000000, 0.000000, 0.000000, 0.000000, 1.000000, -0.000008, -0.000000, -0.000011, 1.000000),

              ["LeftUpperArm"] = CFrame.new(0.215702, 0.228700, -0.710829, 0.460347, -0.004825, -0.887726, -0.225449, -0.967836, -0.111651, -0.858634, 0.251535, -0.446628),

              ["LeftUpperLeg"] = CFrame.new(0.000000, -0.000001, -0.000100, 0.990757, 0.068054, -0.117344, -0.067715, 0.997681, 0.006884, 0.117540, 0.001133, 0.993068),

              ["LowerTorso"] = CFrame.new(-0.018791, 0.005356, 0.000412, 0.999959, 0.009064, -0.000426, -0.009063, 0.999958, 0.001112, 0.000436, -0.001108, 0.999999),

              ["RightFoot"] = CFrame.new(-0.000000, -0.004094, -0.000103, 0.993154, 0.093556, -0.069952, -0.093762, 0.995595, 0.000331, 0.069669, 0.006241, 0.997550),

              ["RightHand"] = CFrame.new(-0.000494, 0.008821, -0.000000, 0.984916, 0.149773, -0.086656, -0.144504, 0.987419, 0.064202, 0.095181, -0.050711, 0.994167),

              ["RightLowerArm"] = CFrame.new(-0.000000, 0.053989, 0.010949, 1.000000, 0.000000, 0.000000, 0.000000, 0.888529, -0.458820, -0.000000, 0.458821, 0.888529),

              ["RightLowerLeg"] = CFrame.new(-0.000000, -0.004080, -0.000051, 1.000000, 0.000000, -0.000000, 0.000000, 1.000000, -0.000007, -0.000000, -0.000011, 1.000000),

              ["RightUpperArm"] = CFrame.new(-0.411180, 0.171208, -0.227767, 0.889323, 0.448273, 0.090311, 0.454553, -0.845073, -0.281485, -0.049862, 0.291381, -0.955306),

              ["RightUpperLeg"] = CFrame.new(0.000000, -0.000000, -0.000000, 0.992235, -0.102782, 0.070047, 0.102631, 0.994703, 0.005764, -0.070269, 0.001478, 0.997527),

              ["UpperTorso"] = CFrame.new(0.015136, 0.003321, 0.000028, 0.999958, -0.009111, 0.000892, 0.009112, 0.999958, -0.000621, -0.000886, 0.000629, 0.999999)

          }},

          {Time = 0.080, Data = {

              ["Head"] = CFrame.new(0.000000, 0.000000, 0.000000, 0.998245, 0.015743, -0.057086, -0.014063, 0.999460, 0.029699, 0.057523, -0.028844, 0.997927),

              ["LeftFoot"] = CFrame.new(0.000000, -0.025448, -0.000003, 0.988289, -0.038680, 0.147622, 0.039073, 0.999236, 0.000240, -0.147508, 0.005541, 0.989044),

              ["LeftHand"] = CFrame.new(0.000489, 0.017128, -0.000000, 0.991795, -0.110693, 0.063957, 0.113362, 0.992759, -0.039724, -0.059096, 0.046649, 0.997162),

              ["LeftLowerArm"] = CFrame.new(-0.000500, 0.087727, 0.030828, 1.000000, -0.000000, -0.000000, 0.000000, 0.683744, -0.729722, 0.000000, 0.729722, 0.683744),

              ["LeftLowerLeg"] = CFrame.new(0.000000, -0.024960, -0.000230, 1.000000, -0.000000, -0.000000, -0.000000, 1.000000, -0.000007, -0.000000, -0.000011, 1.000000),

              ["LeftUpperArm"] = CFrame.new(0.217462, 0.226033, -0.711270, 0.460089, 0.024009, -0.887548, -0.228927, -0.962627, -0.144712, -0.857852, 0.269764, -0.437398),

              ["LeftUpperLeg"] = CFrame.new(0.000000, 0.000000, -0.000100, 0.988275, -0.045407, -0.145777, 0.044244, 0.998958, -0.011205, 0.146134, 0.004631, 0.989254),

              ["LowerTorso"] = CFrame.new(-0.086236, 0.007202, 0.001605, 0.996430, 0.084412, -0.001325, -0.084405, 0.996422, 0.004446, 0.001696, -0.004318, 0.999989),

              ["RightFoot"] = CFrame.new(0.000000, 0.003338, -0.000103, 0.990773, 0.135300, -0.007942, -0.135522, 0.989726, -0.045550, 0.001696, 0.046210, 0.998931),

              ["RightHand"] = CFrame.new(-0.000492, 0.011598, -0.000000, 0.988316, 0.131959, -0.076275, -0.120500, 0.982915, 0.139135, 0.093331, -0.128316, 0.987332),

              ["RightLowerArm"] = CFrame.new(0.000000, 0.069780, 0.019152, 1.000000, 0.000000, 0.000000, 0.000000, 0.804675, -0.593715, -0.000000, 0.593715, 0.804676),

              ["RightLowerLeg"] = CFrame.new(0.000000, 0.013251, -0.000474, 1.000000, 0.000000, 0.000000, -0.000000, 0.994998, 0.099880, 0.000000, -0.099898, 0.995000),

              ["RightUpperArm"] = CFrame.new(-0.406612, 0.162834, -0.224646, 0.880186, 0.457199, 0.127443, 0.471301, -0.810179, -0.348547, -0.056103, 0.366850, -0.928587),

              ["RightUpperLeg"] = CFrame.new(0.000000, 0.000000, -0.000000, 0.975802, -0.217612, 0.021327, 0.218483, 0.974248, -0.055718, -0.008653, 0.059039, 0.998219),

              ["UpperTorso"] = CFrame.new(0.051333, 0.015665, 0.000103, 0.996410, -0.084595, 0.003314, 0.084603, 0.996412, -0.002302, -0.003108, 0.002574, 0.999992)

          }},

          {Time = 0.120, Data = {

              ["Head"] = CFrame.new(-0.000000, 0.000000, -0.000000, 0.994604, 0.031279, -0.098913, -0.025556, 0.997954, 0.058613, 0.100544, -0.055769, 0.993369),

              ["LeftFoot"] = CFrame.new(0.000000, -0.036811, -0.000003, 0.983537, 0.004285, 0.180665, -0.004477, 0.999990, 0.000653, -0.180649, -0.001440, 0.983545),

              ["LeftHand"] = CFrame.new(0.000488, 0.018219, 0.000000, 0.991963, -0.109556, 0.063301, 0.110562, 0.993789, -0.012606, -0.061526, 0.019504, 0.997915),

              ["LeftLowerArm"] = CFrame.new(-0.000500, 0.091717, 0.034251, 1.000000, -0.000000, -0.000000, 0.000000, 0.648247, -0.761430, 0.000000, 0.761431, 0.648247),

              ["LeftLowerLeg"] = CFrame.new(0.000000, -0.036283, -0.000380, 1.000000, -0.000000, -0.000000, -0.000000, 1.000000, -0.000007, -0.000000, -0.000011, 1.000000),

              ["LeftUpperArm"] = CFrame.new(0.221145, 0.224860, -0.712332, 0.461404, 0.040633, -0.886259, -0.228301, -0.959872, -0.162866, -0.857313, 0.277481, -0.433612),

              ["LeftUpperLeg"] = CFrame.new(-0.000000, 0.000000, -0.000100, 0.967686, -0.182642, -0.173858, 0.177842, 0.983122, -0.042931, 0.178765, 0.010631, 0.983835),

              ["LowerTorso"] = CFrame.new(-0.170938, -0.015662, 0.003514, 0.983980, 0.178270, -0.001960, -0.178242, 0.983936, 0.009970, 0.003706, -0.009461, 0.999948),

              ["RightFoot"] = CFrame.new(-0.000000, 0.008723, -0.000103, 0.977707, 0.193007, 0.082690, -0.179328, 0.972390, -0.149336, -0.109223, 0.131171, 0.985323),

              ["RightHand"] = CFrame.new(-0.000490, 0.015355, -0.000000, 0.991180, 0.114775, -0.066254, -0.099870, 0.975532, 0.195868, 0.087113, -0.187522, 0.978390),

              ["RightLowerArm"] = CFrame.new(0.000000, 0.081983, 0.026465, 1.000000, 0.000000, 0.000000, -0.000000, 0.728982, -0.684532, -0.000000, 0.684532, 0.728983),

              ["RightLowerLeg"] = CFrame.new(-0.000000, 0.040428, -0.005232, 1.000000, 0.000000, 0.000000, -0.000000, 0.946801, 0.321809, 0.000000, -0.321821, 0.946805),

              ["RightUpperArm"] = CFrame.new(-0.402101, 0.154882, -0.222280, 0.871166, 0.465273, 0.156817, 0.487206, -0.779602, -0.393510, -0.060835, 0.419214, -0.905847),

              ["RightUpperLeg"] = CFrame.new(0.000000, 0.000000, -0.000000, 0.927948, -0.372629, -0.007700, 0.363420, 0.909209, -0.203123, 0.082692, 0.185704, 0.979123),

              ["UpperTorso"] = CFrame.new(0.094098, 0.039491, 0.000295, 0.983887, -0.178662, 0.006802, 0.178696, 0.983893, -0.004751, -0.005843, 0.005890, 0.999966)

          }},

          {Time = 0.160, Data = {

              ["Head"] = CFrame.new(-0.000000, 0.000000, -0.000000, 0.990713, 0.047570, -0.127380, -0.036271, 0.995317, 0.089598, 0.131045, -0.084146, 0.987799),

              ["LeftFoot"] = CFrame.new(0.000000, -0.027353, -0.000003, 0.977003, 0.041812, 0.209097, -0.043058, 0.999072, 0.001404, -0.208831, -0.010363, 0.977894),

              ["LeftHand"] = CFrame.new(0.000489, 0.017359, -0.000000, 0.991085, -0.115345, 0.066677, 0.117818, 0.992438, -0.034427, -0.062201, 0.041976, 0.997181),

              ["LeftLowerArm"] = CFrame.new(-0.000500, 0.088590, 0.031545, 1.000000, -0.000000, -0.000000, 0.000000, 0.676315, -0.736612, 0.000000, 0.736613, 0.676315),

              ["LeftLowerLeg"] = CFrame.new(0.000000, -0.026857, -0.000255, 1.000000, -0.000000, -0.000000, -0.000000, 1.000000, -0.000008, 0.000000, -0.000011, 1.000000),

              ["LeftUpperArm"] = CFrame.new(0.227233, 0.227352, -0.714197, 0.465455, 0.029004, -0.884596, -0.219325, -0.964510, -0.147028, -0.857466, 0.262448, -0.442575),

              ["LeftUpperLeg"] = CFrame.new(0.000000, -0.000000, -0.000100, 0.932446, -0.305824, -0.192399, 0.295436, 0.951900, -0.081263, 0.207997, 0.018939, 0.977946),

              ["LowerTorso"] = CFrame.new(-0.250203, -0.079347, 0.006074, 0.964349, 0.264627, -0.001834, -0.264556, 0.964212, 0.017473, 0.006392, -0.016365, 0.999846),

              ["RightFoot"] = CFrame.new(-0.000000, 0.013676, -0.000103, 0.948747, 0.254476, 0.187422, -0.201900, 0.944255, -0.260054, -0.243137, 0.208867, 0.947230),

              ["RightHand"] = CFrame.new(-0.000489, 0.016502, -0.000000, 0.992076, 0.108828, -0.062785, -0.092608, 0.971107, 0.219945, 0.084906, -0.212385, 0.973490),

              ["RightLowerArm"] = CFrame.new(-0.000000, 0.085871, 0.029269, 1.000000, 0.000000, 0.000000, -0.000000, 0.699896, -0.714245, -0.000000, 0.714245, 0.699896),

              ["RightLowerLeg"] = CFrame.new(0.000000, 0.067732, -0.016381, 1.000000, 0.000000, 0.000000, -0.000000, 0.833384, 0.552691, 0.000000, -0.552694, 0.833386),

              ["RightUpperArm"] = CFrame.new(-0.400638, 0.152194, -0.223003, 0.868238, 0.467110, 0.167248, 0.492581, -0.771193, -0.403268, -0.059390, 0.432515, -0.899668),

              ["RightUpperLeg"] = CFrame.new(-0.000000, -0.000000, -0.000000, 0.848796, -0.528622, 0.010177, 0.493365, 0.784964, -0.374715, 0.190096, 0.323096, 0.927084),

              ["UpperTorso"] = CFrame.new(0.130366, 0.070422, 0.000791, 0.964106, -0.265290, 0.010980, 0.265380, 0.964112, -0.007821, -0.008511, 0.010454, 0.999909)

          }},

          {Time = 0.200, Data = {

              ["Head"] = CFrame.new(0.000000, 0.000000, 0.000000, 0.987771, 0.063111, -0.142570, -0.046059, 0.991718, 0.119891, 0.148955, -0.111858, 0.982497),

              ["LeftFoot"] = CFrame.new(-0.000000, 0.001281, -0.000003, 0.971311, 0.067229, 0.228125, -0.065295, 0.997737, -0.016030, -0.228673, 0.000684, 0.973500),

              ["LeftHand"] = CFrame.new(0.000490, 0.014503, -0.000000, 0.989332, -0.126101, 0.072943, 0.132848, 0.986425, -0.096530, -0.059779, 0.105190, 0.992654),

              ["LeftLowerArm"] = CFrame.new(-0.000500, 0.078513, 0.024184, 1.000000, -0.000000, -0.000000, 0.000000, 0.752588, -0.658491, 0.000000, 0.658491, 0.752589),

              ["LeftLowerLeg"] = CFrame.new(-0.000000, 0.005715, 0.000032, 1.000000, -0.000000, 0.000000, 0.000000, 0.999177, 0.040538, -0.000000, -0.040556, 0.999178),

              ["LeftUpperArm"] = CFrame.new(0.235270, 0.232449, -0.716602, 0.471533, -0.007333, -0.881818, -0.204223, -0.973689, -0.101107, -0.857875, 0.227762, -0.460624),

              ["LeftUpperLeg"] = CFrame.new(0.000000, -0.000000, -0.000100, 0.901254, -0.388471, -0.191916, 0.368065, 0.920098, -0.133965, 0.228624, 0.050107, 0.972225),

              ["LowerTorso"] = CFrame.new(-0.302034, -0.171504, 0.009221, 0.947685, 0.319203, -0.001241, -0.319059, 0.947360, 0.026649, 0.009682, -0.024859, 0.999644),

              ["RightFoot"] = CFrame.new(0.000000, 0.020598, -0.000103, 0.909433, 0.301436, 0.286496, -0.196316, 0.918506, -0.343247, -0.366595, 0.255897, 0.894484),

              ["RightHand"] = CFrame.new(-0.000489, 0.015868, 0.000000, 0.991317, 0.113886, -0.065736, -0.097193, 0.971306, 0.217070, 0.088570, -0.208794, 0.973940),

              ["RightLowerArm"] = CFrame.new(-0.000000, 0.083744, 0.027712, 1.000000, 0.000000, 0.000000, -0.000000, 0.716062, -0.698036, -0.000000, 0.698036, 0.716062),

              ["RightLowerLeg"] = CFrame.new(0.000000, 0.090421, -0.030104, 1.000000, 0.000000, 0.000000, -0.000000, 0.691602, 0.722283, 0.000000, -0.722279, 0.691597),

              ["RightUpperArm"] = CFrame.new(-0.402233, 0.154610, -0.226654, 0.871428, 0.463383, 0.160902, 0.487750, -0.783727, -0.384543, -0.052087, 0.413581, -0.908976),

              ["RightUpperLeg"] = CFrame.new(0.000000, -0.000000, -0.000000, 0.768450, -0.637302, 0.057682, 0.568739, 0.638878, -0.518031, 0.293293, 0.430906, 0.853415),

              ["UpperTorso"] = CFrame.new(0.151485, 0.096471, 0.001655, 0.947220, -0.320193, 0.015862, 0.320386, 0.947217, -0.011578, -0.011318, 0.016048, 0.999807)

          }},

          {Time = 0.240, Data = {

              ["Head"] = CFrame.new(0.000000, -0.000000, -0.000000, 0.985900, 0.077161, -0.148482, -0.055061, 0.987517, 0.147578, 0.158016, -0.137322, 0.977841),

              ["LeftFoot"] = CFrame.new(-0.000000, 0.010684, -0.000003, 0.969376, 0.074962, 0.233877, -0.029012, 0.980565, -0.194053, -0.243864, 0.181311, 0.952704),

              ["LeftHand"] = CFrame.new(0.000493, 0.010159, -0.000000, 0.987099, -0.138574, 0.080202, 0.151262, 0.971327, -0.183426, -0.052483, 0.193189, 0.979756),

              ["LeftLowerArm"] = CFrame.new(-0.000500, 0.062205, 0.015032, 1.000000, -0.000000, -0.000000, 0.000000, 0.846897, -0.531757, 0.000000, 0.531758, 0.846897),

              ["LeftLowerLeg"] = CFrame.new(-0.000000, 0.052664, -0.009156, 1.000000, -0.000000, -0.000000, 0.000000, 0.905957, 0.423361, -0.000000, -0.423369, 0.905961),

              ["LeftUpperArm"] = CFrame.new(0.244600, 0.238354, -0.719232, 0.478524, -0.062601, -0.875840, -0.186682, -0.981905, -0.031814, -0.858000, 0.178727, -0.481552),

              ["LeftUpperLeg"] = CFrame.new(-0.000000, -0.000000, -0.000100, 0.895518, -0.432926, -0.103068, 0.377867, 0.862040, -0.337777, 0.235083, 0.263555, 0.935566),

              ["LowerTorso"] = CFrame.new(-0.309961, -0.272920, 0.012889, 0.945674, 0.325114, -0.001464, -0.324836, 0.945036, 0.037271, 0.013501, -0.034771, 0.999304),

              ["RightFoot"] = CFrame.new(-0.000000, 0.025776, -0.000102, 0.875652, 0.316766, 0.364567, -0.157947, 0.901178, -0.403664, -0.456384, 0.295868, 0.839134),

              ["RightHand"] = CFrame.new(-0.000491, 0.014006, 0.000000, 0.989405, 0.125710, -0.072632, -0.109434, 0.974497, 0.195911, 0.095406, -0.185885, 0.977928),

              ["RightLowerArm"] = CFrame.new(-0.000001, 0.077357, 0.023408, 1.000000, 0.000000, 0.000000, -0.000000, 0.760621, -0.649195, -0.000000, 0.649196, 0.760622),

              ["RightLowerLeg"] = CFrame.new(0.000000, 0.106096, -0.044458, 1.000000, 0.000000, 0.000000, -0.000000, 0.542348, 0.840161, 0.000000, -0.840154, 0.542338),

              ["RightUpperArm"] = CFrame.new(-0.405628, 0.160236, -0.232186, 0.878219, 0.455989, 0.144241, 0.476496, -0.808369, -0.345674, -0.041024, 0.372308, -0.927202),

              ["RightUpperLeg"] = CFrame.new(0.000000, -0.000000, -0.000000, 0.730101, -0.676567, 0.095949, 0.571363, 0.527381, -0.628807, 0.374830, 0.513932, 0.771619),

              ["UpperTorso"] = CFrame.new(0.154110, 0.105139, 0.002597, 0.944948, -0.326483, 0.021976, 0.326857, 0.944934, -0.016250, -0.015461, 0.022538, 0.999626)

          }},

          {Time = 0.280, Data = {

              ["Head"] = CFrame.new(-0.000000, -0.000000, 0.000000, 0.984785, 0.089209, -0.149132, -0.063193, 0.983263, 0.170884, 0.161881, -0.158860, 0.973940),

              ["LeftFoot"] = CFrame.new(0.000000, 0.017539, -0.000003, 0.972362, 0.062865, 0.224869, 0.012179, 0.948109, -0.317734, -0.233161, 0.311669, 0.921129),

              ["LeftHand"] = CFrame.new(0.000495, 0.007183, 0.000000, 0.984795, -0.150345, 0.087042, 0.169300, 0.942908, -0.286816, -0.038951, 0.297189, 0.954023),

              ["LeftLowerArm"] = CFrame.new(-0.000500, 0.041926, 0.006358, 1.000000, -0.000000, -0.000000, 0.000000, 0.935249, -0.353991, 0.000000, 0.353992, 0.935249),

              ["LeftLowerLeg"] = CFrame.new(0.000000, 0.082242, -0.024409, 1.000000, -0.000000, -0.000000, 0.000000, 0.749665, 0.661819, -0.000000, -0.661817, 0.749663),

              ["LeftUpperArm"] = CFrame.new(0.254722, 0.243714, -0.721911, 0.485629, -0.136295, -0.863474, -0.169508, -0.983705, 0.059940, -0.857573, 0.117257, -0.500819),

              ["LeftUpperLeg"] = CFrame.new(0.000000, 0.000000, -0.000100, 0.917296, -0.395523, -0.046159, 0.329264, 0.818551, -0.470685, 0.223951, 0.416577, 0.881093),

              ["LowerTorso"] = CFrame.new(-0.276585, -0.361375, 0.017011, 0.957806, 0.287391, -0.003833, -0.286866, 0.956712, 0.049098, 0.017777, -0.045927, 0.998787),

              ["RightFoot"] = CFrame.new(0.000000, 0.028377, -0.000102, 0.857324, 0.297153, 0.420375, -0.093011, 0.892556, -0.441256, -0.506304, 0.339181, 0.792829),

              ["RightHand"] = CFrame.new(-0.000493, 0.011211, -0.000000, 0.986852, 0.139914, -0.080915, -0.125191, 0.978342, 0.164845, 0.102226, -0.152546, 0.982995),

              ["RightLowerArm"] = CFrame.new(-0.000000, 0.068005, 0.018126, 1.000000, 0.000000, 0.000000, -0.000000, 0.815203, -0.579174, -0.000000, 0.579175, 0.815204),

              ["RightLowerLeg"] = CFrame.new(0.000000, 0.114770, -0.056739, 1.000000, 0.000000, -0.000000, -0.000000, 0.414653, 0.909986, 0.000000, -0.909980, 0.414640),

              ["RightUpperArm"] = CFrame.new(-0.409534, 0.167105, -0.238528, 0.886031, 0.446864, 0.123543, 0.462760, -0.836109, -0.294577, -0.028341, 0.318174, -0.947608),

              ["RightUpperLeg"] = CFrame.new(0.000000, 0.000000, -0.000000, 0.743373, -0.663373, 0.085605, 0.511368, 0.481133, -0.712038, 0.431160, 0.573102, 0.696903),

              ["UpperTorso"] = CFrame.new(0.139786, 0.096571, 0.003314, 0.956813, -0.289168, 0.029852, 0.289858, 0.956815, -0.022076, -0.022179, 0.029775, 0.999311)

          }},

          {Time = 0.320, Data = {

              ["Head"] = CFrame.new(0.000000, 0.000000, 0.000000, 0.983940, 0.098982, -0.148539, -0.070145, 0.979632, 0.188150, 0.164137, -0.174709, 0.970843),

              ["LeftFoot"] = CFrame.new(-0.000000, 0.023615, -0.000003, 0.979787, 0.027338, 0.198177, 0.054556, 0.916559, -0.396185, -0.192460, 0.398965, 0.896529),

              ["LeftHand"] = CFrame.new(0.000497, 0.004149, -0.000000, 0.982788, -0.159867, 0.092573, 0.183168, 0.908407, -0.375829, -0.024010, 0.386314, 0.922054),

              ["LeftLowerArm"] = CFrame.new(-0.000500, 0.021806, 0.001593, 1.000000, -0.000000, -0.000000, 0.000000, 0.983654, -0.180069, 0.000000, 0.180068, 0.983654),

              ["LeftLowerLeg"] = CFrame.new(0.000000, 0.099828, -0.037475, 1.000000, -0.000000, -0.000000, 0.000000, 0.613854, 0.789425, -0.000000, -0.789420, 0.613846),

              ["LeftUpperArm"] = CFrame.new(0.265285, 0.247650, -0.724579, 0.492346, -0.204422, -0.846054, -0.154558, -0.977115, 0.146146, -0.856567, 0.058809, -0.512673),

              ["LeftUpperLeg"] = CFrame.new(0.000000, -0.000000, -0.000100, 0.955342, -0.293369, -0.035459, 0.226107, 0.802951, -0.551476, 0.190258, 0.518849, 0.833437),

              ["LowerTorso"] = CFrame.new(-0.208785, -0.412296, 0.021522, 0.976495, 0.215335, -0.009404, -0.214369, 0.974807, 0.061618, 0.022435, -0.058154, 0.998056),

              ["RightFoot"] = CFrame.new(-0.000000, 0.029311, -0.000102, 0.855834, 0.243124, 0.456574, -0.013360, 0.892755, -0.450362, -0.517077, 0.379315, 0.767277),

              ["RightHand"] = CFrame.new(-0.000494, 0.009479, 0.000000, 0.984315, 0.152695, -0.088366, -0.140581, 0.981491, 0.130051, 0.106588, -0.115587, 0.987562),

              ["RightLowerArm"] = CFrame.new(0.000001, 0.058444, 0.013039, 1.000000, 0.000000, 0.000000, -0.000000, 0.867228, -0.497911, -0.000000, 0.497911, 0.867228),

              ["RightLowerLeg"] = CFrame.new(-0.000000, 0.117855, -0.062659, 1.000000, 0.000000, 0.000000, -0.000000, 0.353112, 0.935587, 0.000000, -0.935581, 0.353098),

              ["RightUpperArm"] = CFrame.new(-0.412932, 0.173425, -0.244744, 0.892827, 0.438538, 0.102686, 0.450119, -0.860719, -0.237815, -0.015907, 0.258547, -0.965867),

              ["RightUpperLeg"] = CFrame.new(0.000000, 0.000000, -0.000000, 0.793835, -0.608132, -0.000228, 0.394738, 0.515544, -0.760512, 0.462610, 0.603647, 0.649324),

              ["UpperTorso"] = CFrame.new(0.108469, 0.077868, 0.003842, 0.975251, -0.217489, 0.039812, 0.218709, 0.975348, -0.029366, -0.032444, 0.037346, 0.998776)

          }},

          {Time = 0.360, Data = {

              ["Head"] = CFrame.new(0.000000, -0.000000, -0.000000, 0.982946, 0.106444, -0.149954, -0.075566, 0.977217, 0.198334, 0.167649, -0.183620, 0.968596),

              ["LeftFoot"] = CFrame.new(0.000000, 0.025515, -0.000003, 0.987825, -0.032970, 0.152043, 0.096519, 0.896346, -0.432746, -0.122008, 0.442128, 0.888602),

              ["LeftHand"] = CFrame.new(0.000498, 0.002737, -0.000000, 0.981318, -0.166483, 0.096425, 0.191568, 0.891851, -0.409763, -0.017778, 0.420577, 0.907081),

              ["LeftLowerArm"] = CFrame.new(-0.000500, 0.013389, 0.000574, 1.000000, -0.000000, -0.000000, 0.000000, 0.994020, -0.109199, 0.000000, 0.109198, 0.994020),

              ["LeftLowerLeg"] = CFrame.new(0.000000, 0.106121, -0.044162, 1.000000, -0.000000, -0.000000, 0.000000, 0.544393, 0.838837, -0.000000, -0.838830, 0.544383),

              ["LeftUpperArm"] = CFrame.new(0.276074, 0.249780, -0.727251, 0.498445, -0.229700, -0.835937, -0.142694, -0.972845, 0.182236, -0.855097, 0.028448, -0.517687),

              ["LeftUpperLeg"] = CFrame.new(0.000000, 0.000000, -0.000100, 0.988706, -0.135801, -0.063404, 0.073572, 0.808340, -0.584082, 0.130571, 0.572839, 0.809215),

              ["LowerTorso"] = CFrame.new(-0.113544, -0.407050, 0.026355, 0.992775, 0.118504, -0.018814, -0.116817, 0.990392, 0.074009, 0.027403, -0.071276, 0.997080),

              ["RightFoot"] = CFrame.new(-0.000000, 0.028664, -0.000102, 0.863624, 0.162249, 0.477338, 0.064360, 0.903575, -0.423587, -0.500012, 0.396520, 0.769885),

              ["RightHand"] = CFrame.new(-0.000495, 0.008390, -0.000000, 0.982414, 0.161591, -0.093552, -0.151552, 0.982749, 0.106007, 0.109067, -0.089963, 0.989955),

              ["RightLowerArm"] = CFrame.new(-0.000000, 0.051038, 0.009682, 1.000000, 0.000000, 0.000000, -0.000000, 0.901430, -0.432925, -0.000000, 0.432925, 0.901430),

              ["RightLowerLeg"] = CFrame.new(0.000000, 0.115689, -0.058359, 1.000000, 0.000000, 0.000000, -0.000000, 0.397802, 0.917477, 0.000000, -0.917471, 0.397788),

              ["RightUpperArm"] = CFrame.new(-0.415257, 0.177967, -0.250215, 0.897476, 0.432221, 0.087878, 0.441036, -0.877183, -0.189837, -0.004966, 0.209130, -0.977875),

              ["RightUpperLeg"] = CFrame.new(0.000000, 0.000000, -0.000000, 0.851504, -0.499777, -0.158641, 0.229011, 0.626617, -0.744905, 0.471694, 0.597975, 0.648036),

              ["UpperTorso"] = CFrame.new(0.059728, 0.058515, 0.004703, 0.991306, -0.120914, 0.051887, 0.122972, 0.991664, -0.038482, -0.046801, 0.044528, 0.997911)

          }},

          {Time = 0.400, Data = {

              ["Head"] = CFrame.new(0.000000, 0.000000, 0.000000, 0.981784, 0.111884, -0.153565, -0.079550, 0.976038, 0.202537, 0.172546, -0.186631, 0.967159),

              ["LeftFoot"] = CFrame.new(-0.000000, 0.025250, -0.000003, 0.989627, -0.111906, 0.090087, 0.140004, 0.891820, -0.430205, -0.032197, 0.438331, 0.898225),

              ["LeftHand"] = CFrame.new(0.000497, 0.003798, -0.000000, 0.980262, -0.171064, 0.099112, 0.196294, 0.901868, -0.384845, -0.023553, 0.396701, 0.917644),

              ["LeftLowerArm"] = CFrame.new(-0.000500, 0.019642, 0.001279, 1.000000, -0.000000, -0.000000, 0.000000, 0.986841, -0.161692, 0.000000, 0.161691, 0.986841),

              ["LeftLowerLeg"] = CFrame.new(-0.000000, 0.105350, -0.043307, 1.000000, -0.000000, -0.000000, 0.000000, 0.553292, 0.832994, -0.000000, -0.832988, 0.553282),

              ["LeftUpperArm"] = CFrame.new(0.287094, 0.250599, -0.729960, 0.504135, -0.205682, -0.838775, -0.133026, -0.978129, 0.159900, -0.853318, 0.030967, -0.520470),

              ["LeftUpperLeg"] = CFrame.new(0.000000, -0.000001, -0.000100, 0.992590, 0.062924, -0.103954, -0.111446, 0.812384, -0.572355, 0.048436, 0.579718, 0.813390),

              ["LowerTorso"] = CFrame.new(0.001619, -0.353626, 0.031443, 0.999456, 0.007798, -0.032058, -0.005037, 0.996340, 0.085326, 0.032606, -0.085118, 0.995837),

              ["RightFoot"] = CFrame.new(0.000000, 0.025714, -0.000102, 0.869117, 0.073512, 0.489136, 0.123317, 0.925467, -0.358215, -0.478988, 0.371627, 0.795254),

              ["RightHand"] = CFrame.new(-0.000495, 0.007731, -0.000000, 0.981179, 0.167106, -0.096766, -0.157884, 0.982758, 0.096230, 0.111178, -0.079140, 0.990644),

              ["RightLowerArm"] = CFrame.new(-0.000000, 0.046503, 0.007910, 1.000000, 0.000000, 0.000000, -0.000000, 0.919467, -0.393166, -0.000000, 0.393166, 0.919467),

              ["RightLowerLeg"] = CFrame.new(-0.000000, 0.105918, -0.044259, 1.000000, 0.000000, 0.000000, -0.000000, 0.544424, 0.838816, 0.000000, -0.838810, 0.544415),

              ["RightUpperArm"] = CFrame.new(-0.416694, 0.180914, -0.254990, 0.900350, 0.427799, 0.079736, 0.435142, -0.886988, -0.154607, 0.004584, 0.173896, -0.984753),

              ["RightUpperLeg"] = CFrame.new(0.000000, -0.000000, -0.000000, 0.884215, -0.323193, -0.337216, 0.038389, 0.769792, -0.637121, 0.465500, 0.550424, 0.693081),

              ["UpperTorso"] = CFrame.new(-0.004894, 0.047933, 0.006872, 0.997783, -0.010252, 0.065758, 0.013536, 0.998672, -0.049701, -0.065162, 0.050481, 0.996597)

          }},

          {Time = 0.440, Data = {

              ["Head"] = CFrame.new(-0.000000, -0.000000, -0.000000, 0.980526, 0.115629, -0.158743, -0.082317, 0.975847, 0.202351, 0.178307, -0.185343, 0.966362),

              ["LeftFoot"] = CFrame.new(-0.000000, 0.023016, -0.000003, 0.980266, -0.196497, 0.021657, 0.189193, 0.900745, -0.391001, 0.057320, 0.387359, 0.920135),

              ["LeftHand"] = CFrame.new(0.000496, 0.005867, -0.000000, 0.979429, -0.174582, 0.101190, 0.198526, 0.923486, -0.328272, -0.036136, 0.341605, 0.939148),

              ["LeftLowerArm"] = CFrame.new(-0.000500, 0.032950, 0.003803, 1.000000, -0.000000, -0.000000, 0.000000, 0.961205, -0.275836, 0.000000, 0.275835, 0.961205),

              ["LeftLowerLeg"] = CFrame.new(-0.000000, 0.098101, -0.035937, 1.000000, -0.000000, -0.000000, 0.000000, 0.629873, 0.776704, -0.000000, -0.776698, 0.629866),

              ["LeftUpperArm"] = CFrame.new(0.298357, 0.250661, -0.732708, 0.509645, -0.156609, -0.846012, -0.124543, -0.986367, 0.107564, -0.851323, 0.050544, -0.522201),

              ["LeftUpperLeg"] = CFrame.new(0.000000, -0.000000, -0.000100, 0.953144, 0.274941, -0.126183, -0.299216, 0.795366, -0.527108, -0.044563, 0.540186, 0.840378),

              ["LowerTorso"] = CFrame.new(0.127317, -0.268086, 0.036720, 0.993326, -0.104691, -0.048411, 0.108913, 0.989515, 0.094863, 0.037972, -0.099503, 0.994313),

              ["RightFoot"] = CFrame.new(-0.000000, 0.017575, -0.000103, 0.867720, -0.005619, 0.497044, 0.150038, 0.956260, -0.251129, -0.473868, 0.292464, 0.830591),

              ["RightHand"] = CFrame.new(-0.000495, 0.007445, -0.000000, 0.980459, 0.170235, -0.098591, -0.160606, 0.982085, 0.098566, 0.113603, -0.080805, 0.990235),

              ["RightLowerArm"] = CFrame.new(0.000000, 0.044521, 0.007199, 1.000000, 0.000000, 0.000000, -0.000000, 0.926695, -0.375815, -0.000000, 0.375815, 0.926695),

              ["RightLowerLeg"] = CFrame.new(0.000000, 0.081552, -0.024209, 1.000000, 0.000000, 0.000000, -0.000000, 0.752774, 0.658280, 0.000000, -0.658278, 0.752773),

              ["RightUpperArm"] = CFrame.new(-0.417519, 0.182715, -0.259233, 0.902000, 0.424864, 0.076727, 0.431538, -0.892615, -0.130436, 0.013070, 0.150763, -0.988483),

              ["RightUpperLeg"] = CFrame.new(0.000000, -0.000000, -0.000000, 0.880184, -0.084726, -0.467012, -0.145857, 0.888042, -0.435993, 0.451666, 0.451888, 0.769292),

              ["UpperTorso"] = CFrame.new(-0.079892, 0.052812, 0.011435, 0.991449, 0.102474, 0.080799, -0.097524, 0.993236, -0.063015, -0.086710, 0.054597, 0.994737)

          }},

          {Time = 0.480, Data = {

              ["Head"] = CFrame.new(0.000000, 0.000000, -0.000000, 0.979239, 0.117994, -0.164826, -0.084088, 0.976315, 0.199343, 0.184444, -0.181345, 0.965968),

              ["LeftFoot"] = CFrame.new(0.000000, 0.017749, -0.000003, 0.961873, -0.270546, -0.040083, 0.244018, 0.915120, -0.320973, 0.123511, 0.298933, 0.946240),

              ["LeftHand"] = CFrame.new(0.000495, 0.007863, 0.000000, 0.978634, -0.177873, 0.103137, 0.199391, 0.943443, -0.264877, -0.050189, 0.279780, 0.958751),

              ["LeftLowerArm"] = CFrame.new(-0.000500, 0.046621, 0.007991, 1.000000, -0.000000, -0.000000, 0.000000, 0.918648, -0.395077, 0.000000, 0.395077, 0.918648),

              ["LeftLowerLeg"] = CFrame.new(0.000000, 0.082866, -0.024795, 1.000000, -0.000000, -0.000000, 0.000000, 0.745669, 0.666319, -0.000000, -0.666316, 0.745667),

              ["LeftUpperArm"] = CFrame.new(0.309854, 0.250447, -0.735475, 0.515153, -0.104216, -0.850739, -0.116381, -0.991893, 0.051034, -0.849160, 0.072719, -0.523106),

              ["LeftUpperLeg"] = CFrame.new(-0.000000, -0.000000, -0.000100, 0.879594, 0.462543, -0.111204, -0.457189, 0.757277, -0.466364, -0.131502, 0.461071, 0.877575),

              ["LowerTorso"] = CFrame.new(0.248570, -0.168461, 0.042117, 0.976127, -0.206764, -0.066511, 0.212813, 0.971697, 0.102549, 0.043425, -0.114255, 0.992502),

              ["RightFoot"] = CFrame.new(-0.000000, 0.007580, -0.000103, 0.861378, -0.065400, 0.503762, 0.117786, 0.990365, -0.072833, -0.494120, 0.122067, 0.860767),

              ["RightHand"] = CFrame.new(-0.000495, 0.007412, -0.000000, 0.980084, 0.171840, -0.099528, -0.160905, 0.980919, 0.109123, 0.116380, -0.090934, 0.989033),

              ["RightLowerArm"] = CFrame.new(-0.000000, 0.044294, 0.007120, 1.000000, 0.000000, 0.000000, 0.000000, 0.927503, -0.373816, -0.000000, 0.373816, 0.927503),

              ["RightLowerLeg"] = CFrame.new(0.000000, 0.034204, -0.003641, 1.000000, 0.000000, 0.000000, -0.000000, 0.962915, 0.269792, -0.000000, -0.269806, 0.962919),

              ["RightUpperArm"] = CFrame.new(-0.417952, 0.183775, -0.263074, 0.902866, 0.422986, 0.076919, 0.429421, -0.895899, -0.113855, 0.020752, 0.135826, -0.990515),

              ["RightUpperLeg"] = CFrame.new(-0.000000, -0.000000, -0.000000, 0.848766, 0.197569, -0.490471, -0.299204, 0.944241, -0.137409, 0.435975, 0.263391, 0.860556),

              ["UpperTorso"] = CFrame.new(-0.153075, 0.073490, 0.018769, 0.974005, 0.205078, 0.096212, -0.198025, 0.977090, -0.077977, -0.109999, 0.056898, 0.992302)

          }},

          {Time = 0.520, Data = {

              ["Head"] = CFrame.new(-0.000000, -0.000000, -0.000000, 0.977999, 0.119304, -0.171127, -0.085060, 0.977094, 0.195071, 0.190480, -0.176223, 0.965745),

              ["LeftFoot"] = CFrame.new(-0.000000, 0.012283, -0.000003, 0.942087, -0.324168, -0.085959, 0.298311, 0.927108, -0.226910, 0.153241, 0.188112, 0.970115),

              ["LeftHand"] = CFrame.new(0.000494, 0.009415, -0.000000, 0.977683, -0.181730, 0.105411, 0.200591, 0.956633, -0.211228, -0.062452, 0.227656, 0.971736),

              ["LeftLowerArm"] = CFrame.new(-0.000500, 0.057242, 0.012501, 1.000000, -0.000000, -0.000000, 0.000000, 0.872710, -0.488239, 0.000000, 0.488239, 0.872710),

              ["LeftLowerLeg"] = CFrame.new(0.000000, 0.061508, -0.012985, 1.000000, -0.000000, -0.000000, 0.000000, 0.866996, 0.498311, -0.000000, -0.498316, 0.866998),

              ["LeftUpperArm"] = CFrame.new(0.321564, 0.250421, -0.738224, 0.520820, -0.061143, -0.851474, -0.107713, -0.994167, 0.005504, -0.846844, 0.088847, -0.524368),

              ["LeftUpperLeg"] = CFrame.new(-0.000000, -0.000000, -0.000100, 0.798838, 0.598864, -0.056731, -0.567246, 0.718535, -0.402403, -0.200224, 0.353652, 0.913703),

              ["LowerTorso"] = CFrame.new(0.349451, -0.074544, 0.047570, 0.954089, -0.287332, -0.084583, 0.295505, 0.949077, 0.109219, 0.048894, -0.129199, 0.990412),

              ["RightFoot"] = CFrame.new(0.000000, -0.041660, -0.000103, 0.854515, -0.104824, 0.508767, 0.098726, 0.994348, 0.039056, -0.509959, 0.016864, 0.860018),

              ["RightHand"] = CFrame.new(-0.000495, 0.007482, -0.000000, 0.979874, 0.172732, -0.100050, -0.160076, 0.979396, 0.123126, 0.119255, -0.104631, 0.987335),

              ["RightLowerArm"] = CFrame.new(-0.000000, 0.044783, 0.007291, 1.000000, 0.000000, 0.000000, -0.000000, 0.925762, -0.378108, -0.000000, 0.378108, 0.925762),

              ["RightLowerLeg"] = CFrame.new(0.000000, -0.041515, -0.000546, 1.000000, 0.000000, 0.000000, 0.000000, 1.000000, -0.000008, 0.000000, -0.000011, 1.000000),

              ["RightUpperArm"] = CFrame.new(-0.418188, 0.184474, -0.266627, 0.903339, 0.421734, 0.078225, 0.428021, -0.898159, -0.100538, 0.027859, 0.124301, -0.991853),

              ["RightUpperLeg"] = CFrame.new(0.000000, -0.000000, -0.000000, 0.809175, 0.389938, -0.439526, -0.410743, 0.910300, 0.051419, 0.420150, 0.138932, 0.896757),

              ["UpperTorso"] = CFrame.new(-0.212517, 0.102288, 0.027985, 0.951628, 0.286421, 0.111204, -0.276895, 0.956328, -0.093627, -0.133164, 0.058306, 0.989377)

          }},

          {Time = 0.560, Data = {

              ["Head"] = CFrame.new(0.000000, 0.000000, -0.000000, 0.976888, 0.119910, -0.176953, -0.085412, 0.977848, 0.191099, 0.195948, -0.171569, 0.965489),

              ["LeftFoot"] = CFrame.new(0.000000, 0.008243, -0.000003, 0.928353, -0.354348, -0.112247, 0.339734, 0.931418, -0.130550, 0.150801, 0.083058, 0.985067),

              ["LeftHand"] = CFrame.new(0.000493, 0.010339, -0.000000, 0.976370, -0.186920, 0.108456, 0.204066, 0.962631, -0.178044, -0.071122, 0.195967, 0.978028),

              ["LeftLowerArm"] = CFrame.new(-0.000500, 0.063388, 0.015679, 1.000000, -0.000000, -0.000000, 0.000000, 0.840290, -0.542137, 0.000000, 0.542137, 0.840290),

              ["LeftLowerLeg"] = CFrame.new(-0.000000, 0.039088, -0.004708, 1.000000, -0.000000, 0.000000, 0.000000, 0.951094, 0.308888, -0.000000, -0.308901, 0.951098),

              ["LeftUpperArm"] = CFrame.new(0.333458, 0.251032, -0.740903, 0.526789, -0.033693, -0.849328, -0.097738, -0.994987, -0.021151, -0.844358, 0.094153, -0.527442),

              ["LeftUpperLeg"] = CFrame.new(-0.000000, -0.000000, -0.000100, 0.739879, 0.672535, 0.016595, -0.626290, 0.697587, -0.348033, -0.245643, 0.247122, 0.937335),

              ["LowerTorso"] = CFrame.new(0.414676, -0.007162, 0.053010, 0.936145, -0.336913, -0.100608, 0.347395, 0.930434, 0.116661, 0.054304, -0.144162, 0.988063),

              ["RightFoot"] = CFrame.new(-0.000000, -0.091357, -0.000103, 0.850961, -0.126588, 0.509772, 0.122961, 0.991565, 0.040976, -0.510632, 0.027822, 0.859333),

              ["RightHand"] = CFrame.new(-0.000495, 0.007503, -0.000000, 0.979643, 0.173712, -0.100622, -0.159461, 0.977843, 0.135633, 0.121952, -0.116825, 0.985636),

              ["RightLowerArm"] = CFrame.new(0.000000, 0.044925, 0.007341, 1.000000, 0.000000, 0.000000, 0.000000, 0.925250, -0.379359, -0.000000, 0.379359, 0.925250),

              ["RightLowerLeg"] = CFrame.new(0.000000, -0.091042, -0.001203, 1.000000, -0.000000, 0.000000, 0.000000, 1.000000, -0.000008, 0.000000, -0.000011, 1.000000),

              ["RightUpperArm"] = CFrame.new(-0.418416, 0.185202, -0.270001, 0.903794, 0.420680, 0.078639, 0.426565, -0.900355, -0.086045, 0.034606, 0.111311, -0.993183),

              ["RightUpperLeg"] = CFrame.new(-0.000000, -0.000000, -0.000000, 0.780322, 0.461798, -0.421709, -0.477966, 0.875252, 0.074043, 0.403293, 0.143792, 0.903703),

              ["UpperTorso"] = CFrame.new(-0.249630, 0.126189, 0.036842, 0.933191, 0.336909, 0.125084, -0.324666, 0.939580, -0.108544, -0.154096, 0.060682, 0.986191)

          }},

          {Time = 0.600, Data = {

              ["Head"] = CFrame.new(0.000000, 0.000000, 0.000000, 0.975998, 0.120186, -0.181612, -0.085297, 0.978265, 0.189000, 0.200380, -0.168973, 0.965037),

              ["LeftFoot"] = CFrame.new(-0.000000, 0.006310, -0.000003, 0.924596, -0.361920, -0.118899, 0.353280, 0.931383, -0.087863, 0.142534, 0.039234, 0.989011),

              ["LeftHand"] = CFrame.new(0.000493, 0.010539, -0.000000, 0.974620, -0.193619, 0.112372, 0.211074, 0.962019, -0.173113, -0.074585, 0.192437, 0.978470),

              ["LeftLowerArm"] = CFrame.new(-0.000500, 0.064335, 0.016173, 1.000000, -0.000000, -0.000000, 0.000000, 0.835226, -0.549907, 0.000000, 0.549907, 0.835226),

              ["LeftLowerLeg"] = CFrame.new(-0.000000, 0.028747, -0.002365, 1.000000, -0.000000, -0.000000, 0.000000, 0.974820, 0.222980, 0.000000, -0.222996, 0.974823),

              ["LeftUpperArm"] = CFrame.new(0.345380, 0.252456, -0.743491, 0.532946, -0.026051, -0.845748, -0.086202, -0.995997, -0.023641, -0.841747, 0.085504, -0.533059),

