return {
    ["Smooth"] = {
        {Time = 0.000, Data = {
            ["RightFoot"] = CFrame.new(-5.4016709327697754e-08, 1.7881393432617188e-07, 1.6952981241047382e-09, 0.9960600137710571, -0.06929097324609756, -0.05534715577960014, 0.03024408593773842, 0.8521044850349426, -0.5224968194961548, 0.08336573839187622, 0.5187647342681885, 0.8508429527282715),
            ["LeftLowerArm"] = CFrame.new(5.960464477539063e-08, 1.1920928955078125e-07, -8.940696716308594e-08, 1, -2.5145714843688438e-08, 9.313220417084267e-09, 2.2351738238057806e-08, 0.9861794710159302, -0.1656809151172638, 7.4505797087454084e-09, 0.16568109393119812, 0.9861794114112854),
            ["RightUpperArm"] = CFrame.new(1.1920928955078125e-07, -5.960464477539062e-07, -9.313225746154785e-09, -0.1828385442495346, 0.15532423555850983, 0.9707958698272705, 0.8018749952316284, 0.5948761105537415, 0.055845845490694046, -0.5688292384147644, 0.7886677384376526, -0.2333168238401413),
            ["Head"] = CFrame.new(-9.650830179452896e-08, -8.344650268554688e-07, -1.284060999751091e-07, 0.9991986751556396, 0.03995538502931595, 0.002382437000051141, -0.035906318575143814, 0.9210610389709473, -0.3877589702606201, -0.01768745295703411, 0.387363076210022, 0.9217577576637268),
            ["RightHand"] = CFrame.new(0, 2.384185791015625e-07, -7.450580596923828e-08, 0.8542348146438599, 0.4160318672657013, -0.3117707371711731, -0.396839439868927, 0.9092068076133728, 0.12594150006771088, 0.3358592092990875, 0.016139231622219086, 0.9417737126350403),
            ["UpperTorso"] = CFrame.new(-1.7136335372924805e-07, 1.7881393432617188e-07, -7.636845111846924e-08, 0.9832355976104736, 0.045772504061460495, 0.1765015870332718, -0.15882432460784912, 0.6904833912849426, 0.7056965827941895, -0.08956988155841827, -0.7218984961509705, 0.6861776113510132),
            ["HumanoidRootPart"] = CFrame.new(0, 0, 0, 1, 0, 0, 0, 1, 0, 0, 0, 1),
            ["RightUpperLeg"] = CFrame.new(5.960464477539063e-08, 4.3958425521850586e-07, -8.365168469026685e-08, 0.8399407267570496, 0.11981266736984253, -0.5292866230010986, 0.0337422750890255, 0.9619060754776001, 0.2712896168231964, 0.5416282415390015, -0.24572697281837463, 0.8039016127586365),
            ["LeftUpperArm"] = CFrame.new(0, -5.960464477539062e-07, -4.6566128730773926e-08, -0.012385532259941101, -0.1491086333990097, -0.9887433648109436, -0.6990993618965149, 0.7082691192626953, -0.09805406630039215, 0.7149172425270081, 0.6900156736373901, -0.11301404982805252),
            ["RightLowerArm"] = CFrame.new(-2.980232238769531e-07, -1.1920928955078125e-07, -1.4901161193847656e-08, 1, -2.793969144931907e-08, 1.8626437281454855e-08, -2.6077035641947077e-08, 0.999983549118042, -0.005747731309384108, -7.450581485102248e-09, 0.0057477084919810295, 0.999983549118042),
            ["LeftHand"] = CFrame.new(-9.406358003616333e-08, 1.7881393432617188e-07, 7.450580596923828e-08, 0.9105398654937744, -0.2101869136095047, 0.3560043275356293, 0.11422663927078247, 0.9554998874664307, 0.2719787657260895, -0.3973279893398285, -0.20698219537734985, 0.894029438495636),
            ["LeftFoot"] = CFrame.new(-1.862645149230957e-09, 5.960464477539063e-08, 1.1175870895385742e-08, 0.9992778897285461, -0.018817303702235222, 0.03300929069519043, 0.01982504315674305, 0.9993390440940857, -0.030471889302134514, -0.032414112240076065, 0.031104590743780136, 0.9989904165267944),
            ["LowerTorso"] = CFrame.new(0.26021596789360046, -0.17427384853363037, 0.42631441354751587, 0.9827125072479248, -0.15305964648723602, -0.10415889322757721, 0.10876026749610901, 0.9325570464134216, -0.34425088763237, 0.14982503652572632, 0.32697129249572754, 0.9330821633338928),
            ["RightLowerLeg"] = CFrame.new(-5.960464477539063e-08, -0.00012224912643432617, -0.00007731297955615446, 1, -1.2293455142753373e-07, -7.82310962677002e-08, 7.729978079851207e-08, 0.8298104405403137, 0.5580456852912903, -2.7939680791178034e-08, -0.5580454468727112, 0.8298103213310242),
            ["LeftUpperLeg"] = CFrame.new(-1.7881393432617188e-07, -2.0489096641540527e-07, -4.6566128730773926e-08, 0.984889030456543, 0.10912960767745972, -0.13447819650173187, -0.15979664027690887, 0.8720046877861023, -0.4626799523830414, 0.06677351146936417, 0.4771777093410492, 0.8762664198875427),
            ["LeftLowerLeg"] = CFrame.new(5.960464477539063e-08, 0.00012260675430297852, 0.00007740408182144165, 1, 9.126959810146218e-08, 3.073365562045183e-08, -7.078051567077637e-08, 0.5153647661209106, 0.8569713234901428, 5.960464477539063e-08, -0.8569709658622742, 0.5153642296791077),
        }},
        {Time = 0.017, Data = {
            ["RightFoot"] = CFrame.new(-1.7695128917694092e-08, 3.5762786865234375e-07, 1.6596459317952394e-08, 0.996564507484436, -0.0629984438419342, -0.05376218631863594, 0.026521354913711548, 0.8577088713645935, -0.5134510397911072, 0.07845906913280487, 0.5102614164352417, 0.856433093547821),
            ["LeftLowerArm"] = CFrame.new(1.7881393432617188e-07, 1.1920928955078125e-07, -2.3283064365386963e-08, 1, 1.1175873559921001e-08, 1.4901155864777138e-08, -2.3283066585833012e-09, 0.9999833703041077, -0.0057692378759384155, 0, 0.005769246723502874, 0.9999833703041077),
            ["RightUpperArm"] = CFrame.new(0, -2.384185791015625e-07, -4.163011908531189e-07, -0.1902884691953659, 0.13105982542037964, 0.9729407429695129, 0.7885803580284119, 0.6107062101364136, 0.07196594774723053, -0.5847491025924683, 0.7809361815452576, -0.21956148743629456),
            ["Head"] = CFrame.new(-1.225271262228489e-07, 1.1920928955078125e-07, -3.173481673002243e-07, 0.9988406300544739, 0.04636445641517639, -0.0129539268091321, -0.04788077622652054, 0.9289239048957825, -0.3671618103981018, -0.004990062210708857, 0.3673565089702606, 0.9300668835639954),
            ["RightHand"] = CFrame.new(0, -2.384185791015625e-07, -3.725290298461914e-08, 0.7625669836997986, 0.5464848279953003, -0.34618839621543884, -0.5288735032081604, 0.8348223567008972, 0.1528538316488266, 0.3725379407405853, 0.06652863323688507, 0.925629198551178),
            ["UpperTorso"] = CFrame.new(2.60770320892334e-08, 1.1920928955078125e-07, -9.778887033462524e-08, 0.9834750294685364, 0.07860783487558365, 0.16308854520320892, -0.16961590945720673, 0.7150460481643677, 0.6781885027885437, -0.06330488622188568, -0.6946438550949097, 0.7165629863739014),
            ["HumanoidRootPart"] = CFrame.new(0, 0, 0, 1, 0, 0, 0, 1, 0, 0, 0, 1),
            ["RightUpperLeg"] = CFrame.new(-8.940696716308594e-08, -9.685754776000977e-08, -4.267349140718579e-08, 0.817183256149292, 0.14544211328029633, -0.5577260255813599, 0.03925555944442749, 0.9513480067253113, 0.3056073486804962, 0.5750396251678467, -0.2716314196586609, 0.7717161774635315),
            ["LeftUpperArm"] = CFrame.new(-2.384185791015625e-07, 0, -2.3888424038887024e-07, 0.01767512783408165, -0.24197494983673096, -0.9701215624809265, -0.7047430276870728, 0.6852512359619141, -0.18376056849956512, 0.7092424035072327, 0.6869345307350159, -0.15841832756996155),
            ["RightLowerArm"] = CFrame.new(-3.5762786865234375e-07, -6.556510925292969e-07, 1.1920928955078125e-07, 1, 1.862644971595273e-08, 1.8626449271863521e-09, -3.725290298461914e-09, 0.9999836087226868, -0.005740802269428968, -3.725290298461914e-09, 0.005740783642977476, 0.999983549118042),
            ["LeftHand"] = CFrame.new(-4.6100467443466187e-08, 0, -3.4924596548080444e-08, 0.8799861669540405, -0.3498417139053345, 0.3213028609752655, 0.27501365542411804, 0.9267663359642029, 0.2558746337890625, -0.3872878849506378, -0.1368032842874527, 0.9117525815963745),
            ["LeftFoot"] = CFrame.new(-1.0244548320770264e-08, 2.384185791015625e-07, 1.8408172763884068e-09, 0.9991227984428406, 0.010624158196151257, 0.04050849750638008, -0.007737654261291027, 0.9974635243415833, -0.0707574412226677, -0.041157446801662445, 0.07038196176290512, 0.9966707825660706),
            ["LowerTorso"] = CFrame.new(0.2662373483181, -0.17370784282684326, 0.4222579896450043, 0.9862001538276672, -0.15256324410438538, -0.06429514288902283, 0.12238584458827972, 0.933347225189209, -0.33746805787086487, 0.11149492114782333, 0.3249422311782837, 0.939138650894165),
            ["RightLowerLeg"] = CFrame.new(1.4901161193847656e-08, -0.0001220703125, -0.00007734650716884062, 1, -9.685753354915505e-08, -3.5390250729960826e-08, 7.450581307466564e-08, 0.8557525873184204, 0.5173852443695068, 3.492460010079412e-08, -0.5173852443695068, 0.8557525873184204),
            ["LeftUpperLeg"] = CFrame.new(8.940696716308594e-08, -3.166496753692627e-07, 8.195638656616211e-08, 0.9855933785438538, 0.10467564314603806, -0.1328490674495697, -0.15568861365318298, 0.8683904409408569, -0.4708072245121002, 0.06608281284570694, 0.4847073256969452, 0.8721764087677002),
            ["LeftLowerLeg"] = CFrame.new(4.470348358154297e-08, 0.00012218952178955078, 0.00007727555930614471, 1, 7.823106784599076e-08, 4.7497451305389404e-08, -5.587936158235607e-08, 0.5118737816810608, 0.8590613007545471, 3.3527616238870905e-08, -0.8590607643127441, 0.5118728280067444),
        }},
        {Time = 0.033, Data = {
            ["RightFoot"] = CFrame.new(-1.862645149230957e-09, 2.980232238769531e-07, 1.0600342648103833e-07, 0.9972900748252869, -0.05283210054039955, -0.0511980876326561, 0.02035442553460598, 0.8668921589851379, -0.49807971715927124, 0.07069793343544006, 0.49568822979927063, 0.8656184673309326),
            ["LeftLowerArm"] = CFrame.new(-2.9802322387695312e-08, 1.7881393432617188e-07, 1.0803341865539551e-07, 1, -4.656613938891496e-08, -1.0244547432591844e-08, 9.313225746154785e-09, 0.9999836087226868, -0.005741354543715715, 1.1175870895385742e-08, 0.005741353612393141, 0.999983549118042),
            ["RightUpperArm"] = CFrame.new(0, 2.384185791015625e-07, 1.234002411365509e-07, -0.1352417916059494, 0.11466221511363983, 0.9841555953025818, 0.7879505753517151, 0.6146456003189087, 0.03666815906763077, -0.6007026433944702, 0.7804250717163086, -0.17347389459609985),
            ["Head"] = CFrame.new(-1.0919757187366486e-07, 7.152557373046875e-07, 7.35744833946228e-08, 0.9987322688102722, 0.040951184928417206, -0.0292720478028059, -0.04824990779161453, 0.9445357918739319, -0.3248448669910431, 0.014345706440508366, 0.3258456289768219, 0.9453142881393433),
            ["RightHand"] = CFrame.new(7.450580596923828e-08, 0, 0, 0.7459022998809814, 0.5886473059654236, -0.31164756417274475, -0.5739538073539734, 0.805463433265686, 0.14766809344291687, 0.3379450738430023, 0.06872526556253433, 0.9386532306671143),
            ["UpperTorso"] = CFrame.new(7.450580596923828e-08, 7.748603820800781e-07, -9.220093488693237e-08, 0.9833717346191406, 0.10315943509340286, 0.1494595855474472, -0.1758524626493454, 0.746393084526062, 0.6418514847755432, -0.04534256458282471, -0.657461404800415, 0.752122700214386),
            ["HumanoidRootPart"] = CFrame.new(0, 0, 0, 1, 0, 0, 0, 1, 0, 0, 0, 1),
            ["RightUpperLeg"] = CFrame.new(-5.960464477539063e-08, 6.556510925292969e-07, -8.55143298394978e-08, 0.7918193340301514, 0.17591093480587006, -0.5848740339279175, 0.0504644401371479, 0.9355053305625916, 0.34968990087509155, 0.6086670756340027, -0.3064068853855133, 0.7318739295005798),
            ["LeftUpperArm"] = CFrame.new(-1.1920928955078125e-07, 5.960464477539062e-07, 1.4528632164001465e-07, 0.09440674632787704, -0.2585453987121582, -0.9613748788833618, -0.6895477175712585, 0.6795511841773987, -0.25046712160110474, 0.7180608510971069, 0.6865598559379578, -0.11412527412176132),
            ["RightLowerArm"] = CFrame.new(5.960464477539063e-08, -2.980232238769531e-07, -5.960464477539063e-08, 1, 7.450581307466564e-08, -2.60770232074492e-08, -7.078050145992165e-08, 0.9999839067459106, -0.005671320483088493, 3.166496043149891e-08, 0.005671345163136721, 0.9999839663505554),
            ["LeftHand"] = CFrame.new(2.2351741790771484e-08, 0, -5.4016709327697754e-08, 0.8644051551818848, -0.4545494616031647, 0.21491572260856628, 0.38422587513923645, 0.8728761672973633, 0.3007620871067047, -0.32430580258369446, -0.1774040162563324, 0.929168164730072),
            ["LeftFoot"] = CFrame.new(1.3969838619232178e-09, 1.7881393432617188e-07, -8.381903171539307e-09, 0.9987229704856873, 0.024691123515367508, 0.044079236686229706, -0.02016661874949932, 0.9947538375854492, -0.10029060393571854, -0.046324338763952255, 0.09927381575107574, 0.9939813613891602),
            ["LowerTorso"] = CFrame.new(0.2705092430114746, -0.1706768274307251, 0.4134886860847473, 0.9882939457893372, -0.15094080567359924, -0.02218133583664894, 0.13519738614559174, 0.9338666796684265, -0.3310812711715698, 0.07068807631731033, 0.32420679926872253, 0.9433415532112122),
            ["RightLowerLeg"] = CFrame.new(5.960464477539063e-08, -0.0001220703125, -0.00007742706657154486, 1, -8.195637946073475e-08, 7.450580596923828e-08, 8.195639367158947e-08, 0.8879961371421814, 0.45985087752342224, 2.130400567068591e-08, -0.45985090732574463, 0.8879961967468262),
            ["LeftUpperLeg"] = CFrame.new(-5.960464477539063e-08, 1.1548399925231934e-07, -1.0384246706962585e-07, 0.9852945804595947, 0.09587103873491287, -0.14143319427967072, -0.15203404426574707, 0.8696713447570801, -0.46963509917259216, 0.0779760479927063, 0.4842319190502167, 0.8714582324028015),
            ["LeftLowerLeg"] = CFrame.new(2.7939677238464355e-08, 0.0001227855682373047, 0.00007748603820800781, 1, 7.264314660915261e-08, 2.7474026609297653e-08, -7.82310962677002e-08, 0.5201901197433472, 0.8540509343147278, 4.284083843231201e-08, -0.8540505170822144, 0.5201894640922546),
        }},
        {Time = 0.050, Data = {
            ["RightFoot"] = CFrame.new(-1.3969838619232178e-08, 1.7881393432617188e-07, 2.4047039914876223e-08, 0.9980214238166809, -0.040510211139917374, -0.04808470606803894, 0.012810304760932922, 0.8797423839569092, -0.4752781391143799, 0.06155570596456528, 0.47372180223464966, 0.8785207271575928),
            ["LeftLowerArm"] = CFrame.new(-2.682209014892578e-07, 0, -2.1420419216156006e-08, 1, 3.725291630729544e-09, -1.3038508051010922e-08, -1.862645149230957e-08, 0.9999836683273315, -0.005730540957301855, 1.1175870895385742e-08, 0.005730549804866314, 0.9999836087226868),
            ["RightUpperArm"] = CFrame.new(-1.7881393432617188e-07, 0, -1.825392246246338e-07, -0.09269285947084427, 0.09225298464298248, 0.9914119243621826, 0.7983052730560303, 0.6019651293754578, 0.018624020740389824, -0.5950772762298584, 0.7931755781173706, -0.12944386899471283),
            ["Head"] = CFrame.new(-9.266659617424011e-08, 1.1920928955078125e-07, 7.729977369308472e-08, 0.9982733726501465, 0.03724490851163864, -0.04542184993624687, -0.04679139703512192, 0.9716814160346985, -0.23161549866199493, 0.03550906106829643, 0.2333410233259201, 0.9717465043067932),
            ["RightHand"] = CFrame.new(-7.450580596923828e-09, -1.1920928955078125e-07, 1.1175870895385742e-07, 0.689694881439209, 0.6596060991287231, -0.2987322509288788, -0.6402636170387268, 0.7482176423072815, 0.17387625575065613, 0.33820632100105286, 0.07134581357240677, 0.9383636116981506),
            ["UpperTorso"] = CFrame.new(8.195638656616211e-08, 6.556510925292969e-07, -4.866160452365875e-08, 0.9835009574890137, 0.1179393008351326, 0.13717278838157654, -0.17734821140766144, 0.7781786322593689, 0.6024830341339111, -0.035688482224941254, -0.6168698668479919, 0.7862555384635925),
            ["HumanoidRootPart"] = CFrame.new(0, 0, 0, 1, 0, 0, 0, 1, 0, 0, 0, 1),
            ["RightUpperLeg"] = CFrame.new(1.7881393432617188e-07, 7.450580596923828e-07, -9.203358786180615e-08, 0.7680346965789795, 0.20863640308380127, -0.6054697036743164, 0.06824303418397903, 0.9133967757225037, 0.4013095796108246, 0.6367619037628174, -0.34953874349594116, 0.687282383441925),
            ["LeftUpperArm"] = CFrame.new(0, -2.384185791015625e-07, -1.564621925354004e-07, 0.09420125931501389, -0.28138208389282227, -0.9549609422683716, -0.6962767243385315, 0.6669796109199524, -0.2652111351490021, 0.7115651369094849, 0.689900279045105, -0.13308943808078766),
            ["RightLowerArm"] = CFrame.new(-1.7881393432617188e-07, -3.5762786865234375e-07, 7.450580596923828e-08, 1, 1.0058283805847168e-07, 7.450577932388569e-09, -4.284083487959833e-08, 0.9999840259552002, -0.005653059110045433, -1.6763804566721774e-08, 0.005653064697980881, 0.999984085559845),
            ["LeftHand"] = CFrame.new(6.705522537231445e-08, -1.7881393432617188e-07, 9.220093488693237e-08, 0.813499927520752, -0.5634026527404785, 0.14420512318611145, 0.48498988151550293, 0.7940614223480225, 0.366403728723526, -0.32094040513038635, -0.22813116014003754, 0.9192134737968445),
            ["LeftFoot"] = CFrame.new(-2.6542693376541138e-08, 5.960464477539063e-08, -2.3283064365386963e-10, 0.9990211725234985, 0.014989962801337242, 0.04161761328577995, -0.010528256185352802, 0.9943714141845703, -0.10542618483304977, -0.04296358302235603, 0.10488466173410416, 0.9935559630393982),
            ["LowerTorso"] = CFrame.new(0.2728188633918762, -0.16453993320465088, 0.40091705322265625, 0.989055871963501, -0.14672508835792542, 0.015503106638789177, 0.14363622665405273, 0.9335272908210754, -0.3284744620323181, 0.03372287377715111, 0.32710638642311096, 0.9443856477737427),
            ["RightLowerLeg"] = CFrame.new(1.0803341865539551e-07, -0.0001227855682373047, -0.00007740611181361601, 1, -2.6077035641947077e-08, -8.475035429000854e-08, 4.842879164357328e-08, 0.9227835536003113, 0.3853187561035156, 6.705524668859653e-08, -0.38531890511512756, 0.922783613204956),
            ["LeftUpperLeg"] = CFrame.new(-1.1920928955078125e-07, 3.5390257835388184e-07, -5.029141902923584e-08, 0.9834408760070801, 0.08084247261285782, -0.16219939291477203, -0.14726707339286804, 0.8781030178070068, -0.45524492859840393, 0.10562463104724884, 0.4715927243232727, 0.8754674792289734),
            ["LeftLowerLeg"] = CFrame.new(-1.4901161193847656e-08, 0.00012260675430297852, 0.00007749628275632858, 1, 8.940693874137651e-08, 3.0267973016862015e-08, -8.00937343115038e-08, 0.5420846939086914, 0.8403241634368896, 3.5390254282674505e-08, -0.8403239250183105, 0.542084276676178),
        }},
        {Time = 0.067, Data = {
            ["RightFoot"] = CFrame.new(4.377216100692749e-08, 2.980232238769531e-07, 2.4047039914876223e-08, 0.9985558390617371, -0.029061593115329742, -0.045186445116996765, 0.005329938139766455, 0.890502393245697, -0.45494741201400757, 0.053460244089365005, 0.45404958724975586, 0.8893712162971497),
            ["LeftLowerArm"] = CFrame.new(2.384185791015625e-07, -1.1920928955078125e-07, -8.568167686462402e-08, 1, 5.2154071283894154e-08, -3.2596265242545996e-08, 3.725290742551124e-09, 0.9917901158332825, -0.12787646055221558, 1.862645326866641e-08, 0.12787656486034393, 0.9917901158332825),
            ["RightUpperArm"] = CFrame.new(-5.960464477539063e-08, -1.1920928955078125e-07, -1.043081283569336e-07, -0.08868996798992157, 0.06872838735580444, 0.9936853051185608, 0.8167725205421448, 0.5760120153427124, 0.033059846609830856, -0.5701024532318115, 0.8145468831062317, -0.10722191631793976),
            ["Head"] = CFrame.new(-7.264316082000732e-08, -4.76837158203125e-07, -6.332993507385254e-08, 0.9975218772888184, 0.03816867619752884, -0.05910409241914749, -0.04511342942714691, 0.9916247725486755, -0.12101741880178452, 0.053990013897418976, 0.12338408082723618, 0.990889310836792),
            ["RightHand"] = CFrame.new(5.960464477539063e-08, 1.1920928955078125e-07, -3.91155481338501e-08, 0.6428456902503967, 0.7150683999061584, -0.2746388912200928, -0.697415828704834, 0.6946613788604736, 0.17622999846935272, 0.3167973458766937, 0.07824884355068207, 0.9452601075172424),
            ["UpperTorso"] = CFrame.new(-1.1641532182693481e-07, -4.172325134277344e-07, 6.239861249923706e-08, 0.9842588901519775, 0.12235693633556366, 0.12752780318260193, -0.17342860996723175, 0.8075718879699707, 0.5636934041976929, -0.034016069024801254, -0.5769370794296265, 0.8160799741744995),
            ["HumanoidRootPart"] = CFrame.new(0, 0, 0, 1, 0, 0, 0, 1, 0, 0, 0, 1),
            ["RightUpperLeg"] = CFrame.new(-2.384185791015625e-07, -1.1175870895385742e-07, -2.7772330213338137e-08, 0.7504669427871704, 0.23187139630317688, -0.6188980340957642, 0.0892588421702385, 0.8922978639602661, 0.4425353705883026, 0.6548528671264648, -0.38735049962997437, 0.6489436626434326),
            ["LeftUpperArm"] = CFrame.new(-1.1920928955078125e-07, -3.5762786865234375e-07, -2.086162567138672e-07, 0.13238133490085602, -0.24968376755714417, -0.9592358469963074, -0.6981378793716431, 0.6634873747825623, -0.2690500319004059, 0.7036182880401611, 0.7052960991859436, -0.0864802896976471),
            ["RightLowerArm"] = CFrame.new(-8.940696716308594e-08, 4.172325134277344e-07, -5.960464477539063e-08, 1, -6.33299421792799e-08, -2.793966391578806e-09, -1.303851249190302e-08, 0.9999839663505554, -0.005673606880009174, 2.9336653994960216e-08, 0.005673576146364212, 0.9999839067459106),
            ["LeftHand"] = CFrame.new(-6.705522537231445e-08, -2.384185791015625e-07, -4.190951585769653e-09, 0.7740125060081482, -0.63132244348526, 0.04834181070327759, 0.540736198425293, 0.6988083124160767, 0.46826446056365967, -0.3294071853160858, -0.3363020420074463, 0.882265031337738),
            ["LeftFoot"] = CFrame.new(-1.0244548320770264e-08, 5.960464477539063e-08, -1.5425030142068863e-09, 0.9992085099220276, 0.00597830256447196, 0.039327431470155716, -0.0018682843074202538, 0.9946044683456421, -0.1037236675620079, -0.03973530977964401, 0.10356826335191727, 0.9938283562660217),
            ["LowerTorso"] = CFrame.new(0.2733461856842041, -0.15798413753509521, 0.387516051530838, 0.9895324110984802, -0.13816073536872864, 0.041681911796331406, 0.14416399598121643, 0.9333405494689941, -0.3287737965583801, 0.006520213093608618, 0.33134132623672485, 0.9434884786605835),
            ["RightLowerLeg"] = CFrame.new(3.3527612686157227e-08, -0.0001220703125, -0.00007724871829850599, 1, -3.352760558072987e-08, -1.8067662210796698e-07, 5.774199252073231e-08, 0.9478453397750854, 0.31873100996017456, -3.4458931708059026e-08, -0.3187306225299835, 0.9478453397750854),
            ["LeftUpperLeg"] = CFrame.new(-1.1920928955078125e-07, -2.3096799850463867e-07, 3.4458935260772705e-08, 0.9825373291969299, 0.06831192970275879, -0.17307215929031372, -0.13876916468143463, 0.888674795627594, -0.43703556060791016, 0.12395019829273224, 0.453421026468277, 0.8826358318328857),
            ["LeftLowerLeg"] = CFrame.new(1.0058283805847168e-07, 0.00012254714965820312, 0.00007747486233711243, 1, 8.009374852235851e-08, 4.982576484735546e-08, -7.823111758398227e-08, 0.565926194190979, 0.8244558572769165, 3.166497464235363e-08, -0.8244559168815613, 0.5659263134002686),
        }},
        {Time = 0.083, Data = {
            ["RightFoot"] = CFrame.new(-7.916241884231567e-09, 2.980232238769531e-07, -8.77116690389812e-08, 0.9988836050033569, -0.01987253502011299, -0.04285682737827301, -0.0011584844905883074, 0.896630585193634, -0.4427773356437683, 0.047225721180438995, 0.4423331022262573, 0.8956069350242615),
            ["LeftLowerArm"] = CFrame.new(-1.1920928955078125e-07, -2.384185791015625e-07, 0, 1, 1.4901161193847656e-08, -3.3527587817161475e-08, 7.823107495141812e-08, 0.9723305702209473, -0.2336091846227646, -3.725289587919178e-08, 0.2336094230413437, 0.9723305702209473),
            ["RightUpperArm"] = CFrame.new(1.1920928955078125e-07, -3.5762786865234375e-07, -6.705522537231445e-08, -0.0515928715467453, 0.059971410781145096, 0.9968658685684204, 0.8403907418251038, 0.5418714284896851, 0.010895497165620327, -0.5395197868347168, 0.8383191227912903, -0.07835612446069717),
            ["Head"] = CFrame.new(-6.146728992462158e-08, 0, -1.0617077350616455e-07, 0.9965915083885193, 0.040854960680007935, -0.07166856527328491, -0.043055322021245956, 0.9986392259597778, -0.029429830610752106, 0.070368692278862, 0.032415349036455154, 0.9969943165779114),
            ["RightHand"] = CFrame.new(-1.1175870895385742e-07, -1.1920928955078125e-07, -1.4901161193847656e-08, 0.6061043739318848, 0.7669857144355774, -0.21064354479312897, -0.7490098476409912, 0.6394935250282288, 0.17329885065555573, 0.2676225006580353, 0.0527367889881134, 0.9620795249938965),
            ["UpperTorso"] = CFrame.new(-6.891787052154541e-08, 1.4901161193847656e-07, -5.3085386753082275e-08, 0.9855546951293945, 0.11739986389875412, 0.12206224352121353, -0.16461509466171265, 0.833428144454956, 0.5275411009788513, -0.03979684039950371, -0.5400139093399048, 0.8407147526741028),
            ["HumanoidRootPart"] = CFrame.new(0, 0, 0, 1, 0, 0, 0, 1, 0, 0, 0, 1),
            ["RightUpperLeg"] = CFrame.new(-2.9802322387695312e-08, -4.544854164123535e-07, 5.790934665128589e-08, 0.739537239074707, 0.24135300517082214, -0.6283579468727112, 0.1102735623717308, 0.8774523735046387, 0.4668155908584595, 0.664021372795105, -0.4145192503929138, 0.6222938299179077),
            ["LeftUpperArm"] = CFrame.new(-1.1920928955078125e-07, -3.5762786865234375e-07, -1.4156103134155273e-07, 0.17143401503562927, -0.21685737371444702, -0.9610323905944824, -0.7085853219032288, 0.6505880951881409, -0.2732066810131073, 0.6844831109046936, 0.7278104424476624, -0.04212923347949982),
            ["RightLowerArm"] = CFrame.new(0, 4.76837158203125e-07, 6.705522537231445e-08, 1, 9.685758328714655e-08, -1.8626435505098016e-08, 5.7742006731587026e-08, 0.9999841451644897, -0.005636008456349373, 1.862645326866641e-08, 0.005636055953800678, 0.9999841451644897),
            ["LeftHand"] = CFrame.new(-5.960464477539063e-08, 0, 1.7881393432617188e-07, 0.7274145483970642, -0.6860383152961731, 0.01483177486807108, 0.5662927031517029, 0.6123731136322021, 0.5516447424888611, -0.3875315189361572, -0.39287492632865906, 0.8339473009109497),
            ["LeftFoot"] = CFrame.new(1.3504177331924438e-08, 5.960464477539063e-08, 4.889443516731262e-09, 0.9992945790290833, -0.0010449159890413284, 0.03754030913114548, 0.004665735177695751, 0.9953224658966064, -0.09649540483951569, -0.037264034152030945, 0.09660296887159348, 0.9946252703666687),
            ["LowerTorso"] = CFrame.new(0.2728930711746216, -0.15175485610961914, 0.37524256110191345, 0.9903973340988159, -0.12622544169425964, 0.05639471113681793, 0.1378192901611328, 0.9336267113685608, -0.3306768834590912, -0.010911776684224606, 0.335273802280426, 0.9420575499534607),
            ["RightLowerLeg"] = CFrame.new(-4.0978193283081055e-08, -0.00012224912643432617, -0.00007738003478152677, 1, -3.911553392299538e-08, 2.4680044674596502e-08, 1.1175872671742582e-08, 0.9616315960884094, 0.27434447407722473, 2.2980387370807875e-07, -0.2743440568447113, 0.9616314768791199),
            ["LeftUpperLeg"] = CFrame.new(-5.960464477539063e-08, -7.078051567077637e-08, -3.4458935260772705e-08, 0.9831438064575195, 0.05708979815244675, -0.17369265854358673, -0.12604302167892456, 0.8998071551322937, -0.41768404841423035, 0.13244447112083435, 0.43253660202026367, 0.8918357491493225),
            ["LeftLowerLeg"] = CFrame.new(1.7695128917694092e-08, 0.00012290477752685547, 0.0000774553045630455, 1, 6.426125054304066e-08, 5.261975033477029e-08, -8.754432911928234e-08, 0.5895457863807678, 0.8077351450920105, 4.0978196835794733e-08, -0.807735025882721, 0.5895455479621887),
        }},
        {Time = 0.100, Data = {
            ["RightFoot"] = CFrame.new(-5.587935447692871e-08, 4.172325134277344e-07, -5.045876605436206e-08, 0.9990718364715576, -0.012924463488161564, -0.04109298810362816, -0.006397985387593508, 0.8988257646560669, -0.4382592439651489, 0.04259904474020004, 0.43811553716659546, 0.8979088068008423),
            ["LeftLowerArm"] = CFrame.new(-2.682209014892578e-07, 1.1920928955078125e-07, 2.086162567138672e-07, 1, -2.2351736461700966e-08, -1.4901162970204496e-08, 7.450580596923828e-08, 0.968948483467102, -0.24726265668869019, 1.4901161193847656e-08, 0.24726268649101257, 0.9689485430717468),
            ["RightUpperArm"] = CFrame.new(1.1920928955078125e-07, 3.5762786865234375e-07, 3.725290298461914e-08, -0.030392352491617203, 0.050909362733364105, 0.9982407689094543, 0.8690370917320251, 0.49474582076072693, 0.0012270108563825488, -0.49381279945373535, 0.8675453662872314, -0.05927839130163193),
            ["Head"] = CFrame.new(-6.367918103933334e-08, 2.384185791015625e-07, 5.21540641784668e-08, 0.9958321452140808, 0.041791465133428574, -0.08106709271669388, -0.03907035291194916, 0.9986280202865601, 0.03486756607890129, 0.08241304010152817, -0.03155479207634926, 0.9960985779762268),
            ["RightHand"] = CFrame.new(5.960464477539062e-07, 5.960464477539063e-08, -4.470348358154297e-08, 0.5594469308853149, 0.8107789158821106, -0.17221270501613617, -0.7950204014778137, 0.5836584568023682, 0.165181502699852, 0.23443922400474548, 0.04450233653187752, 0.9711117744445801),
            ["UpperTorso"] = CFrame.new(-4.6566128730773926e-09, -5.960464477539063e-08, -2.384185791015625e-07, 0.9869030714035034, 0.10676395893096924, 0.12092888355255127, -0.15321286022663116, 0.8549492955207825, 0.49556806683540344, -0.050479259341955185, -0.5076054334640503, 0.8601096272468567),
            ["HumanoidRootPart"] = CFrame.new(0, 0, 0, 1, 0, 0, 0, 1, 0, 0, 0, 1),
            ["RightUpperLeg"] = CFrame.new(-2.9802322387695312e-08, -7.450580596923828e-08, -7.620110409334302e-08, 0.7335341572761536, 0.24002501368522644, -0.6358578205108643, 0.13005423545837402, 0.8687041401863098, 0.47795286774635315, 0.6670932769775391, -0.4332909882068634, 0.6060082912445068),
            ["LeftUpperArm"] = CFrame.new(-1.1920928955078125e-07, 1.1920928955078125e-07, -1.4901161193847656e-08, 0.20678982138633728, -0.22031505405902863, -0.9532572627067566, -0.7275211811065674, 0.6168332099914551, -0.3003821074962616, 0.654179573059082, 0.7556309103965759, -0.032729171216487885),
            ["RightLowerArm"] = CFrame.new(1.7881393432617188e-07, -8.344650268554688e-07, 1.862645149230957e-08, 1, 1.6763799237651256e-08, 2.7008361769276235e-08, -1.294538236606968e-07, 0.9999843835830688, -0.0055883522145450115, 1.2107191693644381e-08, 0.0055882902815938, 0.9999844431877136),
            ["LeftHand"] = CFrame.new(-1.4901161193847656e-08, 5.960464477539063e-08, 3.166496753692627e-08, 0.6709547638893127, -0.7414868474006653, 0.0041803051717579365, 0.5924392342567444, 0.5394580364227295, 0.5983313322067261, -0.4459097683429718, -0.3989766538143158, 0.8012380003929138),
            ["LeftFoot"] = CFrame.new(2.2351741790771484e-08, 5.960464477539063e-08, 3.725290298461914e-09, 0.999321699142456, -0.00541332084685564, 0.0364278182387352, 0.00854893121868372, 0.9962171912193298, -0.08647675812244415, -0.03582187369465828, 0.08672955632209778, 0.9955877065658569),
            ["LowerTorso"] = CFrame.new(0.27218958735466003, -0.1458730697631836, 0.3645938038825989, 0.9916055798530579, -0.11292727291584015, 0.06297606974840164, 0.12756924331188202, 0.9338765740394592, -0.33406686782836914, -0.021086616441607475, 0.3392963111400604, 0.9404432773590088),
            ["RightLowerLeg"] = CFrame.new(5.774199962615967e-08, -0.00012242794036865234, -0.00007749924407107756, 1, 4.656611762854368e-10, 1.3504175555567599e-08, 5.867331509534779e-08, 0.9680176377296448, 0.2508821189403534, -3.702006878825159e-08, -0.25088199973106384, 0.9680176377296448),
            ["LeftUpperLeg"] = CFrame.new(-1.7881393432617188e-07, -2.905726432800293e-07, -5.774199962615967e-08, 0.9845370650291443, 0.046821098774671555, -0.16880373656749725, -0.11155744642019272, 0.9105355143547058, -0.3980960249900818, 0.1350625455379486, 0.41077134013175964, 0.9016789197921753),
            ["LeftLowerLeg"] = CFrame.new(6.426125764846802e-08, 0.00012260675430297852, 0.00007748603820800781, 1, 7.54371214384264e-08, 4.516913421070967e-08, -7.450581307466564e-08, 0.611387312412262, 0.7913318276405334, 2.7939680791178034e-08, -0.7913315296173096, 0.6113870143890381),
        }},
        {Time = 0.117, Data = {
            ["RightFoot"] = CFrame.new(7.404014468193054e-08, 2.980232238769531e-07, 1.6596459317952394e-08, 0.9991809129714966, -0.00761905824765563, -0.039744287729263306, -0.010476432740688324, 0.8999313712120056, -0.4359056353569031, 0.03908818960189819, 0.43596509099006653, 0.8991144299507141),
            ["LeftLowerArm"] = CFrame.new(-1.4901161193847656e-07, -5.960464477539063e-08, 1.7881393432617188e-07, 1, -1.4901157641133977e-08, -4.6566128730773926e-08, 4.842878098543224e-08, 0.9686712622642517, -0.2483467161655426, 7.450581485102248e-09, 0.24834676086902618, 0.9686712622642517),
            ["RightUpperArm"] = CFrame.new(2.384185791015625e-07, -1.1920928955078125e-07, 5.960464477539063e-08, -0.003949005156755447, 0.042825669050216675, 0.9990748167037964, 0.8973492980003357, 0.4410535395145416, -0.015358911827206612, -0.44130343198776245, 0.8964585065841675, -0.04017118364572525),
            ["Head"] = CFrame.new(-4.936009645462036e-08, 0, -3.725290298461914e-08, 0.9953122735023499, 0.038920894265174866, -0.08853693306446075, -0.03178277611732483, 0.9962356090545654, 0.08065086603164673, 0.09134262055158615, -0.07745882123708725, 0.9928024411201477),
            ["RightHand"] = CFrame.new(1.4901161193847656e-08, 0, -5.960464477539063e-08, 0.5140942931175232, 0.8483485579490662, -0.12653864920139313, -0.8326358199119568, 0.5290172100067139, 0.16388511657714844, 0.20597293972969055, 0.021108096465468407, 0.9783300757408142),
            ["UpperTorso"] = CFrame.new(-3.166496753692627e-08, 1.1920928955078125e-07, -2.7939677238464355e-08, 0.9878478646278381, 0.09611091017723083, 0.12214503437280655, -0.1427908092737198, 0.8715689778327942, 0.46901845932006836, -0.06138002499938011, -0.4807600975036621, 0.8747012615203857),
            ["HumanoidRootPart"] = CFrame.new(0, 0, 0, 1, 0, 0, 0, 1, 0, 0, 0, 1),
            ["RightUpperLeg"] = CFrame.new(-5.960464477539063e-08, 1.2665987014770508e-07, -9.482755558565259e-08, 0.7306562662124634, 0.2351277619600296, -0.6409807205200195, 0.1481250524520874, 0.8618748784065247, 0.4850056767463684, 0.6664836406707764, -0.449317991733551, 0.5949060916900635),
            ["LeftUpperArm"] = CFrame.new(5.960464477539063e-08, 3.5762786865234375e-07, 5.960464477539063e-08, 0.2537911534309387, -0.23015615344047546, -0.939477801322937, -0.7419919967651367, 0.5767675638198853, -0.3417403995990753, 0.6205142140388489, 0.783815860748291, -0.024395441636443138),
            ["RightLowerArm"] = CFrame.new(2.384185791015625e-07, 1.7881393432617188e-07, 1.4901161193847656e-08, 1, -1.331791139591587e-07, -2.7939670133036998e-08, -4.6566133171666024e-09, 0.9999848008155823, -0.005529156420379877, 1.3969840395589017e-08, 0.005529140587896109, 0.9999848008155823),
            ["LeftHand"] = CFrame.new(1.1920928955078125e-07, -1.1920928955078125e-07, 1.30385160446167e-07, 0.6312131285667419, -0.7740814685821533, -0.048662181943655014, 0.6096682548522949, 0.4564039707183838, 0.6480738520622253, -0.4794524312019348, -0.4387405514717102, 0.7600213289260864),
            ["LeftFoot"] = CFrame.new(-5.122274160385132e-09, -1.1920928955078125e-07, 5.587935447692871e-09, 0.9993287324905396, -0.008928771130740643, 0.03553197532892227, 0.01160356868058443, 0.9970554113388062, -0.07580112665891647, -0.03475052863359451, 0.07616249471902847, 0.9964897036552429),
            ["LowerTorso"] = CFrame.new(0.2715130150318146, -0.1403599977493286, 0.35528305172920227, 0.992826521396637, -0.10048823803663254, 0.06479015946388245, 0.1166139543056488, 0.9334713220596313, -0.3391644060611725, -0.026397723704576492, 0.34428682923316956, 0.9384933710098267),
            ["RightLowerLeg"] = CFrame.new(-2.3283064365386963e-08, -0.0001227259635925293, -0.00007746944174868986, 1, -3.329477848978968e-08, -3.876630572108297e-08, 1.5599656677522944e-08, 0.9719204902648926, 0.23530983924865723, 1.5794653052125796e-07, -0.23530951142311096, 0.9719204306602478),
            ["LeftUpperLeg"] = CFrame.new(-5.960464477539063e-08, -3.725290298461914e-09, -4.284083843231201e-08, 0.9861646890640259, 0.03866947814822197, -0.16119523346424103, -0.09784305095672607, 0.92074054479599, -0.37770864367485046, 0.13381323218345642, 0.3882547616958618, 0.9117851853370667),
            ["LeftLowerLeg"] = CFrame.new(3.5390257835388184e-08, 0.0001226663589477539, 0.00007746927440166473, 1, 6.798652663064786e-08, 3.119930269690485e-08, -7.078052277620372e-08, 0.6311495900154114, 0.7756613492965698, 1.3969840395589017e-08, -0.775661051273346, 0.6311493515968323),
        }},
        {Time = 0.133, Data = {
            ["RightFoot"] = CFrame.new(4.091998562216759e-08, 2.384185791015625e-07, 3.149762051180005e-08, 0.9992523789405823, -0.0029261268209666014, -0.03855106234550476, -0.013868596404790878, 0.9036334156990051, -0.42808181047439575, 0.036088403314352036, 0.42829668521881104, 0.9029173851013184),
            ["LeftLowerArm"] = CFrame.new(-2.682209014892578e-07, -1.7881393432617188e-07, 5.21540641784668e-08, 1, -7.450579175838357e-08, 3.911554458113642e-08, -8.195638656616211e-08, 0.9611987471580505, -0.2758568227291107, 1.4901161193847656e-08, 0.27585679292678833, 0.9611988067626953),
            ["RightUpperArm"] = CFrame.new(-1.7881393432617188e-07, 0, 4.470348358154297e-08, 0.028740504756569862, 0.035526201128959656, 0.9989554286003113, 0.9207072257995605, 0.38816845417022705, -0.04029380530118942, -0.3891944885253906, 0.9209035038948059, -0.021552948281168938),
            ["Head"] = CFrame.new(-5.029141902923584e-08, 1.1920928955078125e-07, -7.450580596923828e-09, 0.9948344230651855, 0.03526732698082924, -0.09518776834011078, -0.023554274812340736, 0.9923141598701477, 0.12148264795541763, 0.09874056279659271, -0.11861301213502884, 0.9880189299583435),
            ["RightHand"] = CFrame.new(1.1548399925231934e-07, 5.960464477539063e-08, 8.940696716308594e-08, 0.47738486528396606, 0.8761551380157471, -0.0667533203959465, -0.8601171970367432, 0.48148033022880554, 0.16844859719276428, 0.1797276884317398, -0.022999176755547523, 0.9834476113319397),
            ["UpperTorso"] = CFrame.new(-2.60770320892334e-08, -8.940696716308594e-08, -7.916241884231567e-08, 0.9881499409675598, 0.08975393325090408, 0.12451545894145966, -0.13657614588737488, 0.8843486309051514, 0.4464017152786255, -0.07004878669977188, -0.4581175744533539, 0.886127233505249),
            ["HumanoidRootPart"] = CFrame.new(0, 0, 0, 1, 0, 0, 0, 1, 0, 0, 0, 1),
            ["RightUpperLeg"] = CFrame.new(5.960464477539063e-08, -2.9802322387695312e-08, 5.418405635282397e-08, 0.7286585569381714, 0.23616422712802887, -0.6428708434104919, 0.16315411031246185, 0.8517855405807495, 0.4978373646736145, 0.6651596426963806, -0.46764087677001953, 0.5821298956871033),
            ["LeftUpperArm"] = CFrame.new(1.1920928955078125e-07, -5.960464477539062e-07, -7.450580596923828e-08, 0.30188634991645813, -0.23185205459594727, -0.9247212409973145, -0.7497994303703308, 0.5413119196891785, -0.3805023431777954, 0.5887829065322876, 0.808224081993103, -0.010428003035485744),
            ["RightLowerArm"] = CFrame.new(1.7881393432617188e-07, 0, -1.7136335372924805e-07, 1, -3.7252898543727042e-09, 0, -7.497147436197338e-08, 0.9999850988388062, -0.005468010436743498, 3.725290742551124e-09, 0.005467978771775961, 0.9999850392341614),
            ["LeftHand"] = CFrame.new(-1.341104507446289e-07, 5.960464477539063e-08, -2.2351741790771484e-07, 0.6455628275871277, -0.7550483345985413, -0.11467858403921127, 0.6038768291473389, 0.41274458169937134, 0.6818903684616089, -0.4675271809101105, -0.5094546675682068, 0.7224087119102478),
            ["LeftFoot"] = CFrame.new(1.0710209608078003e-08, -5.960464477539063e-08, -6.51925802230835e-09, 0.9993221759796143, -0.012546824291348457, 0.034609366208314896, 0.014867116697132587, 0.9976004362106323, -0.06761858612298965, -0.03367795795202255, 0.06808746606111526, 0.9971107840538025),
