return {
    ["Smooth Operator"] = {
        {Time = 0.000, Data = {
            ["RightFoot"] = CFrame.new(2.868473529815674e-07, 5.960464477539063e-08, -5.790934665128589e-08, 0.9856356382369995, 0.1510707587003708, 0.07549945265054703, -0.08330196887254715, 0.8237535357475281, -0.5607949495315552, -0.14691253006458282, 0.546450138092041, 0.8245052695274353),
            ["LeftLowerArm"] = CFrame.new(0.000001341104507446289, -1.1920928955078125e-07, 0.00000502169132232666, 1, 1.3411046495548362e-07, -4.284084198502569e-08, -8.195639367158947e-08, 0.36657050251960754, -0.9303903579711914, -1.303851746570217e-07, 0.9303903579711914, 0.36657050251960754),
            ["RightUpperArm"] = CFrame.new(-0.04942888021469116, -0.01128387451171875, -0.04935818910598755, 0.7205392718315125, -0.3624674081802368, -0.5911350250244141, 0.2679618000984192, 0.9318236708641052, -0.24474748969078064, 0.6395465135574341, 0.017948612570762634, 0.7685428857803345),
            ["Head"] = CFrame.new(-2.5029294192790985e-09, -7.152557373046875e-07, -1.6094418242573738e-08, 0.9836735725402832, 0.11574314534664154, -0.13780419528484344, -0.1340378373861313, 0.9821646809577942, -0.13185784220695496, 0.12008468806743622, 0.14817582070827484, 0.9816433787345886),
            ["RightHand"] = CFrame.new(3.9068982005119324e-07, 7.748603820800781e-07, -8.528586477041245e-07, 0.2750351130962372, -0.20988976955413818, 0.9382439851760864, -0.6241112947463989, 0.7033398151397705, 0.3402916491031647, -0.7313281893730164, -0.6791607737541199, 0.06244867667555809),
            ["UpperTorso"] = CFrame.new(2.421438694000244e-08, -1.1920928955078125e-07, 0, 0.9209056496620178, 0.05188016965985298, -0.3863174617290497, -0.02186078205704689, 0.9964171648025513, 0.08170101046562195, 0.3891720175743103, -0.06679371744394302, 0.9187403321266174),
            ["HumanoidRootPart"] = CFrame.new(0, 0, 0, 1, 0, 0, 0, 1, 0, 0, 0, 1),
            ["RightUpperLeg"] = CFrame.new(2.9802322387695312e-08, -5.899928510189056e-07, -5.420588422566652e-09, 0.9318060874938965, 0.167621910572052, 0.3219321370124817, 0.08054523169994354, 0.7693598866462708, -0.6337176561355591, -0.3539067208766937, 0.6164318919181824, 0.7033929228782654),
            ["LeftUpperArm"] = CFrame.new(0.01217418909072876, 0.02259063720703125, -0.05071867257356644, 0.7830772995948792, 0.18990157544612885, -0.5922224521636963, -0.30894285440444946, 0.9452210664749146, -0.10541152209043503, 0.5397631525993347, 0.26550814509391785, 0.7988498210906982),
            ["RightLowerArm"] = CFrame.new(7.748603820800781e-07, 8.940696716308594e-07, -0.000003933906555175781, 1, -0.00001121312288887566, 0.00001586228609085083, 0.000019002705812454224, 0.37873685359954834, -0.9255044460296631, 0.000004336237907409668, 0.9255043864250183, 0.37873682379722595),
            ["LeftHand"] = CFrame.new(-0.0000016689300537109375, -0.0000010132789611816406, 3.762543201446533e-07, 0.18469654023647308, -0.40497922897338867, -0.8954769372940063, 0.6786220073699951, 0.7116175293922424, -0.1818598210811615, 0.7108862996101379, -0.5741013884544373, 0.40626129508018494),
            ["LeftFoot"] = CFrame.new(5.587935447692871e-09, -2.384185791015625e-07, 2.2351741790771484e-08, 0.9743380546569824, 0.10670723766088486, 0.19818931818008423, 0.04330629110336304, 0.7751724720001221, -0.6302636861801147, -0.2208845317363739, 0.6226726770401001, 0.7506588697433472),
            ["LowerTorso"] = CFrame.new(0.08208511769771576, -0.4031921625137329, 0.054602570831775665, 0.9594011306762695, -0.06488674134016037, 0.2744799554347992, 0.07129603624343872, 0.9973648190498352, -0.013428110629320145, -0.27288535237312317, 0.03245227411389351, 0.9614990949630737),
            ["RightLowerLeg"] = CFrame.new(-1.1920928955078125e-07, -0.0007262825965881348, 0.000045837667130399495, 1, 1.7881397695873602e-07, 7.450582373280668e-09, -3.725290653733282e-08, 0.277407705783844, 0.9607522487640381, 1.0430814256778831e-07, -0.9607523679733276, 0.27740782499313354),
            ["LeftUpperLeg"] = CFrame.new(0, -4.614703357219696e-07, 7.450580596923828e-09, 0.964102029800415, 0.14936381578445435, 0.21953968703746796, 0.036043062806129456, 0.7455265522003174, -0.665500819683075, -0.26307445764541626, 0.6495234370231628, 0.7133799195289612),
            ["LeftLowerLeg"] = CFrame.new(1.4901161193847656e-08, -0.0007265806198120117, 0.00008094310760498047, 1, 8.195638656616211e-08, 2.9802318834981634e-08, -8.195638656616211e-08, 0.1425381302833557, 0.9897893071174622, 8.195638656616211e-08, -0.9897893667221069, 0.14253798127174377),
        }},
        {Time = 0.033, Data = {
            ["RightFoot"] = CFrame.new(1.4901161193847656e-07, 0, -2.0656443666666746e-08, 0.9894076585769653, 0.1264835000038147, 0.07123579829931259, -0.05959073826670647, 0.8013635873794556, -0.5952021479606628, -0.13236898183822632, 0.5846524834632874, 0.8004123568534851),
            ["LeftLowerArm"] = CFrame.new(0.0000014603137969970703, -1.7881393432617188e-07, 0.00000476837158203125, 1, 1.3783574104309082e-07, -8.381903882082042e-08, -5.960465898624534e-08, 0.2643885612487793, -0.9644162654876709, -4.656613938891496e-08, 0.9644162654876709, 0.2643885314464569),
            ["RightUpperArm"] = CFrame.new(-0.050558626651763916, -0.017905592918395996, -0.04770702123641968, 0.728375256061554, -0.3569880723953247, -0.5848323702812195, 0.25544288754463196, 0.9334928393363953, -0.25167468190193176, 0.6357817649841309, 0.03392229229211807, 0.7711231708526611),
            ["Head"] = CFrame.new(-9.313225746154785e-10, -0.0000010728836059570312, -1.0943040251731873e-08, 0.9895684719085693, 0.11454217880964279, -0.0873744785785675, -0.12668436765670776, 0.9806584715843201, -0.149198517203331, 0.06859512627124786, 0.15871098637580872, 0.9849393367767334),
            ["RightHand"] = CFrame.new(5.125184543430805e-07, 0.0000010132789611816406, -5.343172233551741e-07, 0.13997353613376617, -0.34650540351867676, 0.9275457262992859, -0.5190011262893677, 0.772094190120697, 0.366754412651062, -0.8432350754737854, -0.5327332019805908, -0.07176393270492554),
            ["UpperTorso"] = CFrame.new(7.450580596923828e-09, -2.9802322387695312e-08, -5.587935447692871e-09, 0.8944626450538635, 0.031512901186943054, -0.4460310935974121, -0.0038082238752394915, 0.9980142116546631, 0.0628747045993805, 0.4471266269683838, -0.05454046279191971, 0.892806351184845),
            ["HumanoidRootPart"] = CFrame.new(0, 0, 0, 1, 0, 0, 0, 1, 0, 0, 0, 1),
            ["RightUpperLeg"] = CFrame.new(5.960464477539063e-08, -2.2957101464271545e-07, 5.75528247281909e-09, 0.9603686928749084, 0.1281595677137375, 0.24752186238765717, 0.06965024024248123, 0.7495133876800537, -0.6583150625228882, -0.26989033818244934, 0.6494649648666382, 0.7108827829360962),
            ["LeftUpperArm"] = CFrame.new(0.011512517929077148, 0.02692091464996338, -0.04964122176170349, 0.8057306408882141, 0.22606004774570465, -0.5474438667297363, -0.32613298296928406, 0.9408875107765198, -0.09147666394710541, 0.49440404772758484, 0.25224509835243225, 0.831827700138092),
            ["RightLowerArm"] = CFrame.new(5.066394805908203e-07, 7.748603820800781e-07, -0.000003725290298461914, 1, -0.000010764227226900402, 0.0000162273663590895, 0.000018998980522155762, 0.3493534326553345, -0.9369910359382629, 0.000004395842552185059, 0.9369910955429077, 0.3493534028530121),
            ["LeftHand"] = CFrame.new(-0.0000013709068298339844, -0.0000012516975402832031, 1.043081283569336e-07, 0.16801324486732483, -0.49762678146362305, -0.8509635329246521, 0.5451999306678772, 0.7661028504371643, -0.34035831689834595, 0.8212969303131104, -0.4067606031894684, 0.4000215530395508),
            ["LeftFoot"] = CFrame.new(2.2351741790771484e-08, 0, 3.725290298461914e-08, 0.9774634838104248, 0.08734709769487381, 0.19218680262565613, 0.0519704706966877, 0.7828012108802795, -0.6200979948043823, -0.2046077996492386, 0.616111159324646, 0.7606200575828552),
            ["LowerTorso"] = CFrame.new(0.10550127178430557, -0.4336411952972412, 0.052563175559043884, 0.9466847777366638, -0.05510959401726723, 0.31741300225257874, 0.05895048379898071, 0.9982578158378601, -0.0025012646801769733, -0.31672218441963196, 0.02107955515384674, 0.9482841491699219),
            ["RightLowerLeg"] = CFrame.new(-4.470348358154297e-08, -0.0007262229919433594, 0.000045971777581144124, 1, 2.0861632776814076e-07, 7.450584149637507e-08, -6.705523958316917e-08, 0.20421384274959564, 0.9789263010025024, 1.713633963618122e-07, -0.9789263010025024, 0.20421423017978668),
            ["LeftUpperLeg"] = CFrame.new(-1.1920928955078125e-07, -2.1979212760925293e-07, -1.4435499906539917e-08, 0.9816782474517822, 0.1126667857170105, 0.15366891026496887, 0.03035655990242958, 0.7036910653114319, -0.7098572254180908, -0.1881127804517746, 0.7015162706375122, 0.6873780488967896),
            ["LeftLowerLeg"] = CFrame.new(7.450580596923828e-09, -0.0007265806198120117, 0.00008095800876617432, 1, 1.4156103134155273e-07, 7.450579886381092e-08, -8.940695295223122e-08, 0.09461435675621033, 0.9955140352249146, 1.3038514623531228e-07, -0.9955140352249146, 0.09461437165737152),
        }},
        {Time = 0.067, Data = {
            ["RightFoot"] = CFrame.new(9.499490261077881e-08, -1.7881393432617188e-07, -2.0656443666666746e-08, 0.992777943611145, 0.10643821954727173, 0.05534440651535988, -0.051412034779787064, 0.7942968010902405, -0.6053506135940552, -0.10839236527681351, 0.5981333255767822, 0.7940325140953064),
            ["LeftLowerArm"] = CFrame.new(0.0000010132789611816406, -5.960464477539062e-07, 0.000004839152097702026, 1, 8.475034718458119e-08, -5.2154071283894154e-08, -5.960464477539063e-08, 0.16483590006828308, -0.9863210320472717, -8.568167686462402e-08, 0.9863210320472717, 0.16483591496944427),
            ["RightUpperArm"] = CFrame.new(-0.04948204755783081, -0.020728468894958496, -0.04665675759315491, 0.7348387241363525, -0.36158254742622375, -0.5738205909729004, 0.24790850281715393, 0.9306923747062683, -0.2689853608608246, 0.6313108801841736, 0.05540582165122032, 0.7735481262207031),
            ["Head"] = CFrame.new(3.637978807091713e-10, -5.960464477539062e-07, -1.7695128917694092e-08, 0.9942476153373718, 0.10305874049663544, -0.029168346896767616, -0.1064445823431015, 0.9809929132461548, -0.1622428148984909, 0.011893522925674915, 0.16441424190998077, 0.9863197207450867),
            ["RightHand"] = CFrame.new(1.695007085800171e-07, 0.0000010132789611816406, -9.459909051656723e-07, 0.12296374142169952, -0.38034340739250183, 0.9166343212127686, -0.30603063106536865, 0.8640990257263184, 0.3995981514453888, -0.944047212600708, -0.32965418696403503, -0.01014387235045433),
            ["UpperTorso"] = CFrame.new(-1.862645149230957e-08, -8.940696716308594e-08, -9.778887033462524e-09, 0.8971115350723267, 0.020190833136439323, -0.4413427412509918, 0.0018251682631671429, 0.9987772703170776, 0.04940267279744148, 0.44180047512054443, -0.04512524977326393, 0.8959776759147644),
            ["HumanoidRootPart"] = CFrame.new(0, 0, 0, 1, 0, 0, 0, 1, 0, 0, 0, 1),
            ["RightUpperLeg"] = CFrame.new(5.960464477539063e-08, -2.1210871636867523e-07, -1.0077201295644045e-08, 0.973321259021759, 0.11100811511278152, 0.2008059173822403, 0.059321485459804535, 0.7236711978912354, -0.6875908970832825, -0.22164541482925415, 0.681158721446991, 0.6977791786193848),
            ["LeftUpperArm"] = CFrame.new(0.012805521488189697, 0.028331875801086426, -0.04884949326515198, 0.8329156041145325, 0.24559009075164795, -0.4959205090999603, -0.3394574522972107, 0.9344745874404907, -0.10735916346311569, 0.43705880641937256, 0.257764995098114, 0.8617057800292969),
            ["RightLowerArm"] = CFrame.new(-5.960464477539063e-08, 2.384185791015625e-07, -0.000003606081008911133, 1, -0.000009660957402957138, 0.00001686066207184922, 0.000019006429283763282, 0.2915007472038269, -0.9565706253051758, 0.000004410743258631555, 0.9565706253051758, 0.29150083661079407),
            ["LeftHand"] = CFrame.new(-0.0000014901161193847656, -0.0000012516975402832031, 1.4901161193847656e-07, 0.23868611454963684, -0.5117929577827454, -0.8252857327461243, 0.3476029932498932, 0.8385671973228455, -0.419497013092041, 0.9067530035972595, -0.18674372136592865, 0.3780553638935089),
            ["LeftFoot"] = CFrame.new(1.6763806343078613e-08, -5.960464477539063e-08, -2.9802322387695312e-08, 0.9827144742012024, 0.058906372636556625, 0.17550598084926605, 0.062138285487890244, 0.7880715727806091, -0.6124393343925476, -0.17438775300979614, 0.6127588152885437, 0.7707890868186951),
            ["LowerTorso"] = CFrame.new(0.11419941484928131, -0.4596126079559326, 0.053218550980091095, 0.9534818530082703, -0.04968499019742012, 0.2973279654979706, 0.05096849799156189, 0.9986944198608398, 0.0034392604138702154, -0.2971106469631195, 0.011875084601342678, 0.9547693133354187),
            ["RightLowerLeg"] = CFrame.new(-1.4901161193847656e-08, -0.0007266402244567871, 0.000046165492676664144, 1, 1.788139627478813e-07, 7.450583439094771e-08, -1.341104365337742e-07, 0.13970665633678436, 0.9901929497718811, 8.195637946073475e-08, -0.9901929497718811, 0.13970689475536346),
            ["LeftUpperLeg"] = CFrame.new(-5.960464477539063e-08, -1.695007085800171e-07, -4.656612873077393e-10, 0.989275336265564, 0.10061686486005783, 0.10588056594133377, 0.010897265747189522, 0.6720332503318787, -0.7404407858848572, -0.14565619826316833, 0.7336535453796387, 0.6637293696403503),
            ["LeftLowerLeg"] = CFrame.new(3.3527612686157227e-08, -0.0007266402244567871, 0.00008100271224975586, 1, 1.5646217832454568e-07, 1.2293459406009788e-07, -7.823110337312755e-08, 0.046405065804719925, 0.9989227652549744, 1.4156104555240745e-07, -0.9989227056503296, 0.0464051179587841),
        }},
        {Time = 0.100, Data = {
            ["RightFoot"] = CFrame.new(8.754432201385498e-08, 0, 3.5222910810261965e-08, 0.9966661334037781, 0.07987930625677109, 0.01661597192287445, -0.05405310541391373, 0.7990071773529053, -0.5988875031471252, -0.06111513450741768, 0.5959923267364502, 0.8006607890129089),
            ["LeftLowerArm"] = CFrame.new(0.000001519918441772461, -7.748603820800781e-07, 0.000004947185516357422, 1, -2.0489094865183688e-08, -5.960465898624534e-08, -4.470348358154297e-08, 0.07725057750940323, -0.9970117807388306, -1.1548399925231934e-07, 0.9970117211341858, 0.07725057005882263),
            ["RightUpperArm"] = CFrame.new(-0.04721277952194214, -0.021240830421447754, -0.04610234498977661, 0.7448468208312988, -0.3709578514099121, -0.5546110272407532, 0.24060800671577454, 0.9246115684509277, -0.2952987551689148, 0.6223431825637817, 0.08650846779346466, 0.7779494524002075),
            ["Head"] = CFrame.new(-1.890293788164854e-08, -5.960464477539062e-07, 1.4901161193847656e-08, 0.9957897067070007, 0.08507471531629562, 0.0341370590031147, -0.07795789837837219, 0.981854259967804, -0.17287221550941467, -0.04822460934519768, 0.16948296129703522, 0.9843525886535645),
            ["RightHand"] = CFrame.new(5.960464477539063e-08, 0.0000011324882507324219, -0.0000010933727025985718, 0.14647318422794342, -0.44633519649505615, 0.8827967643737793, -0.012828377075493336, 0.8914899826049805, 0.4528593122959137, -0.9891314506530762, -0.077656589448452, 0.12485377490520477),
            ["UpperTorso"] = CFrame.new(3.725290298461914e-09, 0, 1.6763806343078613e-08, 0.9157023429870605, 0.013721905648708344, -0.40162310004234314, 0.002841054927557707, 0.9991708993911743, 0.040615372359752655, 0.40184739232063293, -0.03833267092704773, 0.9149039387702942),
            ["HumanoidRootPart"] = CFrame.new(0, 0, 0, 1, 0, 0, 0, 1, 0, 0, 0, 1),
            ["RightUpperLeg"] = CFrame.new(8.940696716308594e-08, 1.2016971595585346e-07, 1.0986695997416973e-09, 0.9845437407493591, 0.09451521188020706, 0.1474471241235733, 0.04025561362504959, 0.6972218155860901, -0.7157241702079773, -0.1704501062631607, 0.7105973362922668, 0.6826406121253967),
            ["LeftUpperArm"] = CFrame.new(0.01510244607925415, 0.028333187103271484, -0.0483369305729866, 0.8593540787696838, 0.2595299482345581, -0.4406298100948334, -0.35006093978881836, 0.9266671538352966, -0.13691388070583344, 0.37278395891189575, 0.27190473675727844, 0.887186586856842),
            ["RightLowerArm"] = CFrame.new(4.172325134277344e-07, 5.960464477539062e-07, -0.000003933906555175781, 1, -0.000008335337042808533, 0.000017590824427315965, 0.000018983613699674606, 0.21590498089790344, -0.9764143824577332, 0.0000043138861656188965, 0.9764144420623779, 0.21590501070022583),
            ["LeftHand"] = CFrame.new(-0.0000016689300537109375, -9.5367431640625e-07, 1.9371509552001953e-07, 0.3252495229244232, -0.4912993311882019, -0.8079833984375, 0.05140237137675285, 0.8623634576797485, -0.5036739706993103, 0.9442301392555237, 0.1222875565290451, 0.30573758482933044),
            ["LeftFoot"] = CFrame.new(-1.1641532182693481e-08, -1.7881393432617188e-07, 2.2351741790771484e-08, 0.98985755443573, 0.01910753920674324, 0.14077235758304596, 0.06907705217599869, 0.8011487722396851, -0.5944654941558838, -0.12413844466209412, 0.5981602668762207, 0.7917031645774841),
            ["LowerTorso"] = CFrame.new(0.11334781348705292, -0.4812169075012207, 0.05571836978197098, 0.9689520597457886, -0.044570159167051315, 0.2431982457637787, 0.044451918452978134, 0.9989936947822571, 0.005976702086627483, -0.24321989715099335, 0.005019490607082844, 0.9699581861495972),
            ["RightLowerLeg"] = CFrame.new(5.960464477539063e-08, -0.0007260441780090332, 0.00004592707409756258, 1, 9.685760460342863e-08, 7.450583439094771e-08, -7.450579886381092e-08, 0.07584398984909058, 0.9971197843551636, 1.2665985593685036e-07, -0.9971197247505188, 0.07584390044212341),
            ["LeftUpperLeg"] = CFrame.new(-2.9802322387695312e-08, -1.5133991837501526e-08, -7.450580596923828e-09, 0.9947547316551208, 0.09089373797178268, 0.04691849648952484, -0.022584710270166397, 0.6425337791442871, -0.7659244537353516, -0.09976434707641602, 0.7608474493026733, 0.6412162780761719),
            ["LeftLowerLeg"] = CFrame.new(4.284083843231201e-08, -0.0007266998291015625, 0.00008109211921691895, 1, 1.4901162970204496e-08, 4.284083487959833e-08, -8.195638656616211e-08, -0.002428636187687516, 0.999997079372406, 8.568167686462402e-08, -0.999997079372406, -0.0024285984691232443),
        }},
        {Time = 0.133, Data = {
            ["RightFoot"] = CFrame.new(1.4971010386943817e-07, -1.7881393432617188e-07, 5.4315023589879274e-08, 0.9962330460548401, 0.04438822343945503, -0.07449440658092499, -0.07940676063299179, 0.8121752142906189, -0.5779843926429749, 0.03484684228897095, 0.5817225575447083, 0.8126406073570251),
            ["LeftLowerArm"] = CFrame.new(0.000001430511474609375, -2.384185791015625e-07, 0.000004842877388000488, 1, 2.2351741790771484e-08, -8.940698847936801e-08, -4.470348358154297e-08, 0.006490148603916168, -0.9999790191650391, -4.0978193283081055e-08, 0.9999790191650391, 0.006490045692771673),
            ["RightUpperArm"] = CFrame.new(-0.04312247037887573, -0.018025755882263184, -0.046296946704387665, 0.7621476054191589, -0.38828447461128235, -0.5180404782295227, 0.23586000502109528, 0.911720335483551, -0.336357444524765, 0.6029105186462402, 0.13416890799999237, 0.7864463329315186),
            ["Head"] = CFrame.new(-5.6461431086063385e-09, -7.152557373046875e-07, 4.423782229423523e-09, 0.9934401512145996, 0.05630924925208092, 0.09952910244464874, -0.03757863864302635, 0.9827786087989807, -0.1809261441230774, -0.10800275206565857, 0.1759990006685257, 0.978447675704956),
            ["RightHand"] = CFrame.new(4.954636096954346e-07, 0.0000010728836059570312, -0.0000010998919606208801, 0.24080337584018707, -0.4694444537162781, 0.8494912385940552, 0.30657947063446045, 0.8672251105308533, 0.39233919978141785, -0.9208815693855286, 0.16596005856990814, 0.35275301337242126),
            ["UpperTorso"] = CFrame.new(-1.6763806343078613e-08, -1.7881393432617188e-07, -1.862645149230957e-09, 0.9461166858673096, 0.017211545258760452, -0.3233684003353119, -0.005503666587173939, 0.9992969632148743, 0.037085723131895065, 0.3237791359424591, -0.03330770879983902, 0.9455462098121643),
            ["HumanoidRootPart"] = CFrame.new(0, 0, 0, 1, 0, 0, 0, 1, 0, 0, 0, 1),
            ["RightUpperLeg"] = CFrame.new(-2.9802322387695312e-08, -2.794333795463899e-07, -5.420588422566652e-09, 0.9952119588851929, 0.0700078159570694, 0.06820683181285858, 0.0031106965616345406, 0.6747934222221375, -0.738000214099884, -0.09769123792648315, 0.7346786856651306, 0.6713446378707886),
            ["LeftUpperArm"] = CFrame.new(0.01882869005203247, 0.024257659912109375, -0.04815160483121872, 0.8888596296310425, 0.26135945320129395, -0.3763238787651062, -0.34235647320747375, 0.9247164130210876, -0.16640810668468475, 0.3045007884502411, 0.276750385761261, 0.9114212989807129),
            ["RightLowerArm"] = CFrame.new(1.4901161193847656e-07, 9.5367431640625e-07, -0.0000037848949432373047, 1, -0.000006813555955886841, 0.00001826137668103911, 0.000019013885321328416, 0.12923841178417206, -0.9916135668754578, 0.000004410744622873608, 0.9916135668754578, 0.12923836708068848),
            ["LeftHand"] = CFrame.new(-0.0000014901161193847656, -0.0000010728836059570312, 3.8743019104003906e-07, 0.4223288893699646, -0.22830741107463837, -0.8772193193435669, -0.37151041626930237, 0.839145839214325, -0.3972588777542114, 0.8268120884895325, 0.4936700463294983, 0.2695772349834442),
            ["LeftFoot"] = CFrame.new(4.190951585769653e-08, 1.7881393432617188e-07, 2.2351741790771484e-08, 0.997323215007782, -0.02916814386844635, 0.06704939901828766, 0.06195051223039627, 0.8241685032844543, -0.5629461407661438, -0.038839999586343765, 0.5655930638313293, 0.8237693905830383),
            ["LowerTorso"] = CFrame.new(0.09542607516050339, -0.4985858201980591, 0.05996811389923096, 0.987898588180542, -0.039954449981451035, 0.14986659586429596, 0.03950555995106697, 0.9992015957832336, 0.005972357001155615, -0.14998555183410645, 0.000020476234567468055, 0.9886881709098816),
            ["RightLowerLeg"] = CFrame.new(-4.0978193283081055e-08, -0.0007261037826538086, 0.00004617294325726107, 1, 1.601874828338623e-07, 8.195642919872625e-08, -1.2665985593685036e-07, 0.012318627908825874, 0.9999241828918457, 1.471489525783909e-07, -0.9999241828918457, 0.012318819761276245),
            ["LeftUpperLeg"] = CFrame.new(-5.960464477539063e-08, -1.7286924958170857e-07, 3.725290298461914e-09, 0.9967982172966003, 0.0712052583694458, -0.03637676313519478, -0.07248561084270477, 0.6126561760902405, -0.7870186567306519, -0.03375338762998581, 0.7871355414390564, 0.6158558130264282),
            ["LeftLowerLeg"] = CFrame.new(2.60770320892334e-08, -0.0007267594337463379, 0.00008102506399154663, 1, 1.3783574104309082e-07, 8.568165554834195e-08, -8.009372010064908e-08, -0.0498989075422287, 0.9987543225288391, 8.940694584680386e-08, -0.9987543225288391, -0.04989878088235855),
        }},
        {Time = 0.167, Data = {
            ["RightFoot"] = CFrame.new(2.3329630494117737e-07, -2.384185791015625e-07, 2.4047039914876223e-08, 0.9865899682044983, 0.011197169311344624, -0.1628335416316986, -0.1010725274682045, 0.825258731842041, -0.5556373000144958, 0.12815846502780914, 0.5646439790725708, 0.815323531627655),
            ["LeftLowerArm"] = CFrame.new(0.0000010132789611816406, -2.384185791015625e-07, 0.00000476837158203125, 1, 0, -7.450581307466564e-08, -2.2351745343485163e-08, -0.056416332721710205, -0.9984073042869568, 2.980232594040899e-08, 0.9984073042869568, -0.056416407227516174),
            ["RightUpperArm"] = CFrame.new(-0.0377730131149292, -0.012126922607421875, -0.04686954617500305, 0.7901274561882019, -0.3987444043159485, -0.46551212668418884, 0.23157963156700134, 0.8973809480667114, -0.3756040632724762, 0.5675116181373596, 0.18897190690040588, 0.8013864159584045),
            ["Head"] = CFrame.new(-6.402842700481415e-10, -7.152557373046875e-07, 4.190951585769653e-09, 0.9861717820167542, 0.022080691531300545, 0.16424913704395294, 0.00858998205512762, 0.982941746711731, -0.18371644616127014, -0.1655038595199585, 0.18258674442768097, 0.969159722328186),
            ["RightHand"] = CFrame.new(2.4586915969848633e-07, 0.0000011920928955078125, -0.0000010398216545581818, 0.3702442944049835, -0.4745062589645386, 0.7986002564430237, 0.5199892520904541, 0.8182507157325745, 0.245106503367424, -0.7697599530220032, 0.3245144784450531, 0.5496912002563477),
            ["UpperTorso"] = CFrame.new(1.4202669262886047e-08, 3.2782554626464844e-07, -6.984919309616089e-10, 0.9735287427902222, 0.027579013258218765, -0.22689490020275116, -0.02011319249868393, 0.9991796016693115, 0.03515108302235603, 0.227678120136261, -0.02965700812637806, 0.9732847213745117),
            ["HumanoidRootPart"] = CFrame.new(0, 0, 0, 1, 0, 0, 0, 1, 0, 0, 0, 1),
            ["RightUpperLeg"] = CFrame.new(-5.960464477539063e-08, 2.49623553827405e-07, -4.489265847951174e-09, 0.9991776347160339, 0.029765697196125984, -0.027534909546375275, -0.040318116545677185, 0.6570525169372559, -0.7527660727500916, -0.0043147653341293335, 0.7532569169998169, 0.6577119827270508),
            ["LeftUpperArm"] = CFrame.new(0.023690342903137207, 0.017710089683532715, -0.04813048988580704, 0.9200780391693115, 0.25574609637260437, -0.2967327833175659, -0.3182734251022339, 0.929646909236908, -0.1856309175491333, 0.228382408618927, 0.26523709297180176, 0.9367448091506958),
            ["RightLowerArm"] = CFrame.new(4.470348358154297e-07, 5.960464477539062e-07, -0.000004291534423828125, 1, -0.000005297362804412842, 0.000018704689864534885, 0.000018991533579537645, 0.05191623792052269, -0.9986515045166016, 0.000004366041139292065, 0.9986514449119568, 0.051916204392910004),
            ["LeftHand"] = CFrame.new(-0.0000016093254089355469, -0.0000011324882507324219, 4.470348358154297e-07, 0.5153247117996216, 0.06616091728210449, -0.8544371724128723, -0.5978052020072937, 0.7421398162841797, -0.3030804991722107, 0.6140599250793457, 0.6669718027114868, 0.4219946265220642),
            ["LeftFoot"] = CFrame.new(-7.59901013225317e-08, -5.960464477539063e-08, 7.450580596923828e-09, 0.9978371262550354, -0.06573564559221268, -0.00004222523057251237, 0.055428266525268555, 0.8417205214500427, -0.5370610952377319, 0.03533957526087761, 0.5358968377113342, 0.8435434103012085),
            ["LowerTorso"] = CFrame.new(0.06629728525876999, -0.5118684768676758, 0.06261034309864044, 0.9985576868057251, -0.03588133677840233, 0.039938509464263916, 0.0356706939637661, 0.9993457794189453, 0.005974386818706989, -0.0401267446577549, -0.004541133064776659, 0.9991843700408936),
            ["RightLowerLeg"] = CFrame.new(-3.213062882423401e-08, -0.0007263422012329102, 0.000046009030484128743, 1, 1.4947734428005788e-07, 9.662478817062947e-08, -9.848737647644157e-08, -0.035734206438064575, 0.9993613958358765, 1.4551916649452323e-07, -0.9993613958358765, -0.03573424369096756),
            ["LeftUpperLeg"] = CFrame.new(0, 1.8748687580227852e-07, 0, 0.9919257164001465, 0.029275303706526756, -0.12339527904987335, -0.11665099114179611, 0.5923784375190735, -0.7971704602241516, 0.049759309738874435, 0.8051278591156006, 0.5910100936889648),
            ["LeftLowerLeg"] = CFrame.new(-1.0710209608078003e-08, -0.0007266402244567871, 0.00008102506399154663, 1, 8.055940270423889e-08, 9.173525228334256e-08, -9.03382755268467e-08, -0.08416938781738281, 0.9964514970779419, 9.546054968723183e-08, -0.9964514970779419, -0.08416952192783356),
        }},
        {Time = 0.200, Data = {
            ["RightFoot"] = CFrame.new(1.8905848264694214e-07, -1.7881393432617188e-07, 1.6596459317952394e-08, 0.9772819876670837, -0.023870907723903656, -0.2105945348739624, -0.10015495121479034, 0.8236789703369141, -0.5581414103507996, 0.1867857724428177, 0.5665536522865295, 0.8025758862495422),
            ["LeftLowerArm"] = CFrame.new(0.0000013113021850585938, -1.7881393432617188e-07, 0.000004500150680541992, 1, 7.450579175838357e-08, -8.195638656616211e-08, -5.960465898624534e-08, -0.1200234666466713, -0.9927710294723511, 1.862645504502325e-08, 0.9927710890769958, -0.12002349644899368),
            ["RightUpperArm"] = CFrame.new(-0.032212257385253906, -0.005938053131103516, -0.04759407788515091, 0.8309728503227234, -0.38223856687545776, -0.4041999280452728, 0.22334566712379456, 0.8946676254272461, -0.38689345121383667, 0.5095105171203613, 0.23122164607048035, 0.8288159966468811),
            ["Head"] = CFrame.new(-3.725290298461914e-09, -8.344650268554688e-07, -4.6566128730773926e-09, 0.9745475649833679, -0.00915225688368082, 0.22399412095546722, 0.050811488181352615, 0.9821811318397522, -0.18093805015087128, -0.21834683418273926, 0.1877141296863556, 0.9576472043991089),
            ["RightHand"] = CFrame.new(2.682209014892578e-07, 0.0000010132789611816406, -6.128102540969849e-07, 0.4405428171157837, -0.3980780243873596, 0.8046460747718811, 0.644287109375, 0.7643618583679199, 0.025401880964636803, -0.6251529455184937, 0.5072324872016907, 0.5932110548019409),
            ["UpperTorso"] = CFrame.new(7.2177499532699585e-09, -2.980232238769531e-07, -1.1641532182693481e-10, 0.9899677634239197, 0.03903581202030182, -0.13579410314559937, -0.0349663682281971, 0.9988688230514526, 0.03222571313381195, 0.13689836859703064, -0.02715415693819523, 0.9902129173278809),
            ["HumanoidRootPart"] = CFrame.new(0, 0, 0, 1, 0, 0, 0, 1, 0, 0, 0, 1),
            ["RightUpperLeg"] = CFrame.new(2.9802322387695312e-08, -2.955785021185875e-07, -1.1008523870259523e-08, 0.9908592104911804, -0.028096560388803482, -0.13194167613983154, -0.08159590512514114, 0.6540395617485046, -0.7520468235015869, 0.10742495954036713, 0.7559383511543274, 0.6457685232162476),
            ["LeftUpperArm"] = CFrame.new(0.02892768383026123, 0.011223316192626953, -0.04831313341856003, 0.9469060897827148, 0.25203248858451843, -0.19962044060230255, -0.28723615407943726, 0.9420959949493408, -0.17306236922740936, 0.14444445073604584, 0.22121207416057587, 0.9644694328308105),
            ["RightLowerArm"] = CFrame.new(4.76837158203125e-07, 9.5367431640625e-07, -0.000004023313522338867, 1, -0.000004336236997914966, 0.000018969181837746873, 0.00001900643292174209, -0.0029675059486180544, -0.9999956488609314, 0.000004410744168126257, 0.9999955892562866, -0.002967350883409381),
            ["LeftHand"] = CFrame.new(-0.0000013709068298339844, -0.0000012516975402832031, 1.4901161193847656e-08, 0.5392804741859436, 0.13859997689723969, -0.8306421637535095, -0.6516402959823608, 0.6934677958488464, -0.30735522508621216, 0.5334243774414062, 0.7070307731628418, 0.4642913341522217),
            ["LeftFoot"] = CFrame.new(-6.05359673500061e-09, -1.7881393432617188e-07, -1.4901161193847656e-08, 0.9953028559684753, -0.0924234539270401, -0.02881268784403801, 0.062423139810562134, 0.8401726484298706, -0.5387144684791565, 0.07399752736091614, 0.5343855619430542, 0.8419956564903259),
            ["LowerTorso"] = CFrame.new(0.0364142470061779, -0.5212827920913696, 0.06006617844104767, 0.9975162148475647, -0.03209555894136429, -0.06269960850477219, 0.03253338113427162, 0.9994527697563171, 0.00597420334815979, 0.06247354671359062, -0.007999194785952568, 0.9980146288871765),
            ["RightLowerLeg"] = CFrame.new(-1.862645149230957e-08, -0.0007264614105224609, 0.000045971777581144124, 1, 1.8626455755565985e-07, 1.0058289490189054e-07, -5.960465188081798e-08, -0.057320430874824524, 0.9983559250831604, 1.6391278734317893e-07, -0.9983558654785156, -0.057320304214954376),
            ["LeftUpperLeg"] = CFrame.new(-2.9802322387695312e-08, -3.3133255783468485e-07, 5.587935447692871e-09, 0.978682816028595, -0.030339285731315613, -0.20312455296516418, -0.14603477716445923, 0.5926218032836914, -0.7921321988105774, 0.14440876245498657, 0.8049094080924988, 0.5755581259727478),
            ["LeftLowerLeg"] = CFrame.new(1.4901161193847656e-08, -0.0007264614105224609, 0.00008110702037811279, 1, 5.960464477539063e-08, 8.195640788244418e-08, -8.195638656616211e-08, -0.09797029942274094, 0.9951894283294678, 9.685754776000977e-08, -0.995189368724823, -0.09797024726867676),
        }},
        {Time = 0.233, Data = {
            ["RightFoot"] = CFrame.new(1.695007085800171e-07, 0, 6.129994289949536e-08, 0.9710538983345032, -0.054166264832019806, -0.2326376736164093, -0.09009857475757599, 0.8189423084259033, -0.5667591094970703, 0.22121626138687134, 0.5713138580322266, 0.7903568148612976),
            ["LeftLowerArm"] = CFrame.new(0.000001341104507446289, -5.364418029785156e-07, 0.000004872679710388184, 1, 2.2351738238057806e-08, -7.4505820180093e-08, -5.587936158235607e-08, -0.1788395345211029, -0.9838783144950867, -4.284084198502569e-08, 0.9838783144950867, -0.17883959412574768),
            ["RightUpperArm"] = CFrame.new(-0.026570677757263184, 0.0008676052093505859, -0.04865655303001404, 0.8789475560188293, -0.3469465374946594, -0.3272298574447632, 0.21700768172740936, 0.9019348621368408, -0.37339144945144653, 0.4246869385242462, 0.25718003511428833, 0.8680435419082642),
            ["Head"] = CFrame.new(3.4924596548080444e-09, -8.344650268554688e-07, -2.3283064365386963e-09, 0.9600153565406799, -0.03784996643662453, 0.27737706899642944, 0.0893511176109314, 0.9804229140281677, -0.17546336352825165, -0.2653055191040039, 0.19323132932186127, 0.9446028470993042),
            ["RightHand"] = CFrame.new(3.2782554626464844e-07, 9.5367431640625e-07, -7.711350917816162e-07, 0.533397912979126, -0.321331650018692, 0.7824524641036987, 0.6920347809791565, 0.6976929903030396, -0.18523705005645752, -0.4863892197608948, 0.6402894258499146, 0.5945212244987488),
            ["UpperTorso"] = CFrame.new(-6.05359673500061e-09, -2.384185791015625e-07, -2.7939677238464355e-09, 0.9974945783615112, 0.05154827982187271, -0.04845048859715462, -0.05013798922300339, 0.9982950091362, 0.029886938631534576, 0.04990847036242485, -0.027382809668779373, 0.9983783960342407),
            ["HumanoidRootPart"] = CFrame.new(0, 0, 0, 1, 0, 0, 0, 1, 0, 0, 0, 1),
            ["RightUpperLeg"] = CFrame.new(2.9802322387695312e-08, -2.3690517991781235e-07, -9.145878721028566e-09, 0.9730430245399475, -0.07917582988739014, -0.21660712361335754, -0.11314857006072998, 0.6545192003250122, -0.7475308179855347, 0.20095981657505035, 0.7518882155418396, 0.6279163956642151),
            ["LeftUpperArm"] = CFrame.new(0.03441816568374634, 0.004899263381958008, -0.04882616549730301, 0.9654332995414734, 0.24717536568641663, -0.08272237330675125, -0.25613585114479065, 0.9584778547286987, -0.1253584325313568, 0.04830208048224449, 0.14221332967281342, 0.9886568784713745),
            ["RightLowerArm"] = CFrame.new(2.682209014892578e-07, 7.748603820800781e-07, -0.000003516674041748047, 1, -0.0000035315752029418945, 0.000019155444533680566, 0.00001898407754197251, -0.046803832054138184, -0.9989041686058044, 0.00000438094093624386, 0.9989041090011597, -0.0468037910759449),
            ["LeftHand"] = CFrame.new(-0.0000016093254089355469, -0.0000013709068298339844, 2.086162567138672e-07, 0.5995043516159058, 0.18924649059772491, -0.7776758670806885, -0.645651638507843, 0.6885671019554138, -0.33016589283943176, 0.47299957275390625, 0.7000436782836914, 0.534986674785614),
            ["LeftFoot"] = CFrame.new(-1.4901161193847656e-08, -1.7881393432617188e-07, 2.2351741790771484e-08, 0.9938862919807434, -0.10810117423534393, -0.02245272323489189, 0.07783375680446625, 0.8302441239356995, -0.5519391894340515, 0.07830653339624405, 0.5468171834945679, 0.8335821032524109),
            ["LowerTorso"] = CFrame.new(0.005255650728940964, -0.5273363590240479, 0.05585535615682602, 0.9869862794876099, -0.028705256059765816, -0.1582217812538147, 0.030027803033590317, 0.9995312690734863, 0.0059740785509347916, 0.15797612071037292, -0.01064738817512989, 0.9873855710029602),
            ["RightLowerLeg"] = CFrame.new(-1.1175870895385742e-07, -0.0007264018058776855, 0.00004601648106472567, 1, 1.3783578367565497e-07, 5.2154096152889906e-08, -9.313225746154785e-08, -0.0650506541132927, 0.997882068157196, 1.4901161193847656e-07, -0.997882068157196, -0.0650506243109703),
            ["LeftUpperLeg"] = CFrame.new(-8.940696716308594e-08, -2.0519655663520098e-07, 9.313225746154785e-10, 0.9593297243118286, -0.09364968538284302, -0.26630088686943054, -0.15803030133247375, 0.6035190224647522, -0.7815312743186951, 0.23390783369541168, 0.7918298244476318, 0.5641742944717407),
            ["LeftLowerLeg"] = CFrame.new(5.960464477539063e-08, -0.0007265210151672363, 0.00008098781108856201, 1, 1.192093321833454e-07, 9.685756197086448e-08, -6.70552182668871e-08, -0.10362839698791504, 0.9946160912513733, 1.1175869474300271e-07, -0.9946160912513733, -0.10362842679023743),
        }},
        {Time = 0.267, Data = {
            ["RightFoot"] = CFrame.new(1.7695128917694092e-07, -5.960464477539063e-08, 9.145878721028566e-09, 0.9759463667869568, -0.07126307487487793, -0.2060350924730301, -0.061433251947164536, 0.8168739080429077, -0.5735356211662292, 0.20917649567127228, 0.5723972916603088, 0.7928470969200134),
            ["LeftLowerArm"] = CFrame.new(0.0000011920928955078125, -2.384185791015625e-07, 0.000004861503839492798, 1, 3.725290742551124e-09, -1.005828522693264e-07, -5.634501576423645e-08, -0.21348819136619568, -0.9769457578659058, 6.05359673500061e-09, 0.9769457578659058, -0.2134881615638733),
            ["RightUpperArm"] = CFrame.new(-0.021163582801818848, 0.007731318473815918, -0.05021006613969803, 0.9297584295272827, -0.2966287434101105, -0.2180848866701126, 0.21858865022659302, 0.9213935732841492, -0.32132992148399353, 0.2962573170661926, 0.25108805298805237, 0.9215129613876343),
            ["Head"] = CFrame.new(1.0069925338029861e-08, -9.5367431640625e-07, -5.122274160385132e-09, 0.9447460174560547, -0.06229965016245842, 0.3218293786048889, 0.12189770489931107, 0.9781372547149658, -0.1684894859790802, -0.3042961657047272, 0.19840973615646362, 0.9316850900650024),
            ["RightHand"] = CFrame.new(0, 0.0000010132789611816406, -7.37607479095459e-07, 0.5374950170516968, -0.2322980910539627, 0.8106392025947571, 0.6889629364013672, 0.6752766370773315, -0.26330921053886414, -0.4862397015094757, 0.7000278830528259, 0.523003101348877),
            ["UpperTorso"] = CFrame.new(9.313225746154785e-09, -2.980232238769531e-07, 2.7939677238464355e-09, 0.997596025466919, 0.06316087394952774, 0.02851390466094017, -0.06401662528514862, 0.997492790222168, 0.030168961733579636, -0.026536855846643448, -0.03192176669836044, 0.9991380572319031),
            ["HumanoidRootPart"] = CFrame.new(0, 0, 0, 1, 0, 0, 0, 1, 0, 0, 0, 1),
            ["RightUpperLeg"] = CFrame.new(0, -2.398155629634857e-07, 9.480572771281004e-09, 0.9592044353485107, -0.11679722368717194, -0.2574593424797058, -0.12234121561050415, 0.6495047211647034, -0.7504507899284363, 0.25487184524536133, 0.751333475112915, 0.6087185740470886),
            ["LeftUpperArm"] = CFrame.new(0.03985220193862915, -0.00042426586151123047, -0.04987764358520508, 0.9690610766410828, 0.2388962209224701, 0.06204274669289589, -0.23672209680080414, 0.9707367420196533, -0.04040949046611786, -0.06988079100847244, 0.024472318589687347, 0.9972551465034485),
            ["RightLowerArm"] = CFrame.new(3.5762786865234375e-07, 4.76837158203125e-07, -0.0000039637088775634766, 1, -0.000002905726432800293, 0.00001926720688061323, 0.000018976630599354394, -0.07768578082323074, -0.9969779253005981, 0.000004399568297230871, 0.9969779849052429, -0.07768572866916656),
            ["LeftHand"] = CFrame.new(-0.0000018030405044555664, -0.0000011920928955078125, 2.086162567138672e-07, 0.6758796572685242, 0.21969790756702423, -0.703504741191864, -0.6148321628570557, 0.6944331526756287, -0.3738240599632263, 0.40640878677368164, 0.6851974725723267, 0.6044309139251709),
