return {
    ["Smuwug Dance"] = {
        {Time = 0.000, Data = {
            ["LeftFoot"] = CFrame.new(2.8231095683395324e-08, -5.960464477539063e-08, 2.236629370599985e-08, 1, -1.4901161193847656e-08, -2.9802322387695312e-08, 0, 1, 1.4901161193847656e-08, 1.4901162970204496e-08, -2.9802322387695312e-08, 1),
            ["LeftLowerArm"] = CFrame.new(4.284083843231201e-08, -2.980232238769531e-07, -2.9809598345309496e-08, 0.9999997615814209, -0.0005781351937912405, -0.0005651265964843333, 0.000575110549107194, 0.9999857544898987, -0.005304649937897921, 0.0005681851762346923, 0.005304254125803709, 0.9999858140945435),
            ["LowerTorso"] = CFrame.new(0.17985422909259796, -0.7608749866485596, -0.00001794519994291477, 0.9791539907455444, -0.14470461010932922, -0.14254125952720642, 0.12640197575092316, 0.9834168553352356, -0.13005319237709045, 0.15899676084518433, 0.10932460427284241, 0.9812074899673462),
            ["Head"] = CFrame.new(3.801403636316536e-13, 0, -6.146767361769889e-08, 0.9740309119224548, -0.21615523099899292, -0.06738480180501938, 0.20048704743385315, 0.9616990685462952, -0.1869218945503235, 0.10520805418491364, 0.16855795681476593, 0.9800609946250916),
            ["RightFoot"] = CFrame.new(-1.3043802482570754e-08, 0, -6.369373295456171e-08, 1, 0, -1.4901161193847656e-08, 7.450580596923828e-09, 1, 2.2351741790771484e-08, -1.4901161193847656e-08, -2.980232594040899e-08, 1),
            ["UpperTorso"] = CFrame.new(-2.0488716501176896e-08, -2.384185791015625e-07, -3.801403636316536e-13, 0.9949953556060791, -0.0021995194256305695, -0.09989695996046066, -0.005783088505268097, 0.9968143105506897, -0.07954837381839752, 0.09975366294384003, 0.07972799241542816, 0.9918128252029419),
            ["HumanoidRootPart"] = CFrame.new(0, 0, 0, 1, 0, 0, 0, 1, 0, 0, 0, 1),
            ["LeftUpperLeg"] = CFrame.new(0, -6.100162863731384e-08, -2.949673216789961e-08, 0.712583601474762, 0.5340041518211365, -0.45504313707351685, -0.6670465469360352, 0.7166726589202881, -0.20354163646697998, 0.21742485463619232, 0.44857537746429443, 0.8668949007987976),
            ["LeftUpperArm"] = CFrame.new(-5.960464477539063e-08, -1.1920928955078125e-07, 1.3940734788775444e-08, 0.8157379031181335, 0.5217528939247131, -0.2496914565563202, -0.510166585445404, 0.4455606937408447, -0.7356668710708618, -0.27258366346359253, 0.727495551109314, 0.6296415328979492),
            ["RightLowerArm"] = CFrame.new(2.1594618715425895e-07, 5.960464477539063e-08, 0, 1, 1.0058285937475375e-07, -4.842879164357328e-08, -4.470347647611561e-08, 0.9617326855659485, -0.2739894688129425, -4.0978189730367376e-08, 0.27398955821990967, 0.9617326855659485),
            ["LeftHand"] = CFrame.new(2.9802322387695312e-08, -5.960464477539063e-08, 2.3841130314394832e-07, 1, -1.4901161193847656e-08, 2.607702853651972e-08, 7.450580596923828e-09, 1, -2.2351738238057806e-08, 1.862645149230957e-08, 0, 1),
            ["RightHand"] = CFrame.new(-5.960464477539063e-08, -2.980232238769531e-07, 8.194183465093374e-08, 1, 3.5390257835388184e-08, 1.1175870895385742e-08, -1.210719524635806e-08, 1, 5.587935447692871e-09, -3.725290742551124e-09, -5.587935447692871e-09, 1),
            ["RightUpperArm"] = CFrame.new(5.960464477539063e-08, -0.36169183254241943, -1.225271262228489e-08, 0.22831112146377563, -0.16116461157798767, 0.9601562023162842, 0.9714444279670715, -0.027700232341885567, -0.23564483225345612, 0.06457411497831345, 0.986538827419281, 0.15023857355117798),
            ["RightLowerLeg"] = CFrame.new(-3.9535308360427734e-10, -1.1920928955078125e-07, -4.303001333028078e-08, 1, -1.3411047916633834e-07, -2.9802316703353426e-07, 2.011657187495075e-07, -0.3255866467952728, 0.9455122947692871, -2.53319797138829e-07, -0.9455122351646423, -0.3255864977836609),
            ["RightUpperLeg"] = CFrame.new(-8.940696716308594e-08, -3.2177194952964783e-07, 1.2732925824820995e-08, 0.896376371383667, -0.11674609780311584, -0.42764467000961304, -0.25780850648880005, 0.6474823951721191, -0.7171480059623718, 0.36061662435531616, 0.7530850172042847, 0.5502898097038269),
            ["LeftLowerLeg"] = CFrame.new(-7.98023194192865e-08, -5.960464477539063e-08, 5.961919669061899e-08, 1, -1.4901162614933128e-07, -1.7881389169360773e-07, 1.3411046495548362e-07, -0.05358516424894333, 0.998563289642334, -1.6391278734317893e-07, -0.9985633492469788, -0.05358520522713661),
        }},
        {Time = 0.033, Data = {
            ["LeftFoot"] = CFrame.new(1.2136335669765685e-07, 0, 1.4551915228366852e-11, 1, -2.980232594040899e-08, -4.4703490686970326e-08, -1.4901161193847656e-08, 1, -2.980232594040899e-08, -1.4901161193847656e-08, 0, 1),
            ["LeftLowerArm"] = CFrame.new(1.1734664440155029e-07, 2.384185791015625e-07, -3.5763514460995793e-07, 0.9999997615814209, -0.0005781426443718374, -0.0005651192041113973, 0.0005751401768065989, 0.9999857544898987, -0.005304516758769751, 0.0005682148621417582, 0.0053043062798678875, 0.9999858736991882),
            ["LowerTorso"] = CFrame.new(0.16674020886421204, -0.755874752998352, -0.00001738066021061968, 0.9796662330627441, -0.14065442979335785, -0.1430746465921402, 0.12232192605733871, 0.9839714765548706, -0.12975946068763733, 0.15903258323669434, 0.10961978882551193, 0.9811688661575317),
            ["Head"] = CFrame.new(2.2352121931135116e-08, 1.1920928955078125e-07, 7.4502004565601965e-09, 0.9740309715270996, -0.2161552608013153, -0.06738480925559998, 0.20048707723617554, 0.9616991281509399, -0.18692193925380707, 0.10520805418491364, 0.16855795681476593, 0.9800609946250916),
            ["RightFoot"] = CFrame.new(5.2323400723253144e-08, 0, -3.022432792931795e-08, 1, -7.450581485102248e-09, 2.980232594040899e-08, 3.725290298461914e-08, 1, -8.940698137394065e-08, -2.9802322387695312e-08, 5.960465188081798e-08, 1),
            ["UpperTorso"] = CFrame.new(-3.7249101580982824e-09, -8.940696716308594e-08, -9.313605886518417e-09, 0.9949954152107239, -0.0021995119750499725, -0.09989695250988007, -0.005783082917332649, 0.9968142509460449, -0.07954837381839752, 0.09975365549325943, 0.07972797751426697, 0.9918128252029419),
            ["HumanoidRootPart"] = CFrame.new(0, 0, 0, 1, 0, 0, 0, 1, 0, 0, 0, 1),
            ["LeftUpperLeg"] = CFrame.new(8.940696716308594e-08, -1.0663643479347229e-07, -9.007635526359081e-09, 0.7262808084487915, 0.5103482604026794, -0.46050095558166504, -0.6469292044639587, 0.7339381575584412, -0.20692291855812073, 0.23237645626068115, 0.44819575548171997, 0.8632044196128845),
            ["LeftUpperArm"] = CFrame.new(5.960464477539063e-08, 0, 8.844654075801373e-08, 0.8157376646995544, 0.5217530131340027, -0.24969199299812317, -0.5101670622825623, 0.44556018710136414, -0.7356669902801514, -0.27258363366127014, 0.7274956107139587, 0.6296412944793701),
            ["RightLowerArm"] = CFrame.new(5.5758707873110325e-08, 1.1920928955078125e-07, -4.470348358154297e-08, 1, 2.9802315282267955e-08, -9.313234627938982e-09, -7.4505820180093e-08, 0.9617325067520142, -0.27399033308029175, 1.1175873559921001e-08, 0.2739902436733246, 0.9617325067520142),
            ["LeftHand"] = CFrame.new(5.960464477539063e-08, 5.960464477539063e-08, -8.941424312070012e-08, 1, -7.450581485102248e-09, -2.2351738238057806e-08, -1.4901162970204496e-08, 1, -7.4505797087454084e-09, 0, -2.2351745343485163e-08, 1),
            ["RightHand"] = CFrame.new(8.940696716308594e-08, -3.5762786865234375e-07, 1.7134880181401968e-07, 1, -1.862645371275562e-09, -5.587935447692871e-09, -2.5611374354639338e-08, 1, -1.862645149230957e-09, 7.450581485102248e-09, -3.725290742551124e-09, 1),
            ["RightUpperArm"] = CFrame.new(1.7881393432617188e-07, -0.361691951751709, 3.245077095925808e-08, 0.22831034660339355, -0.1611649990081787, 0.9601563215255737, 0.9714445471763611, -0.027700604870915413, -0.23564410209655762, 0.06457443535327911, 0.9865387082099915, 0.15023882687091827),
            ["RightLowerLeg"] = CFrame.new(1.4505808110243379e-08, 5.960464477539063e-08, 3.14757926389575e-08, 1, -1.1175873737556685e-07, -3.129243850708008e-07, 2.3096799850463867e-07, -0.3240191340446472, 0.9460505843162537, -2.384185791015625e-07, -0.9460506439208984, -0.32401904463768005),
            ["RightUpperLeg"] = CFrame.new(-5.960464477539063e-08, 8.102506399154663e-08, -2.168235369026661e-09, 0.8968867659568787, -0.1371050477027893, -0.4204719662666321, -0.24028488993644714, 0.6471067667007446, -0.7235440015792847, 0.37129154801368713, 0.7499701380729675, 0.5474372506141663),
            ["LeftLowerLeg"] = CFrame.new(9.604644191085754e-09, -1.7881393432617188e-07, -5.959009286016226e-08, 1, -1.7881390590446244e-07, -1.639127589214695e-07, 1.7881390590446244e-07, -0.059466175734996796, 0.9982303380966187, -2.3841855067985307e-07, -0.9982303380966187, -0.05946620553731918),
        }},
        {Time = 0.067, Data = {
            ["LeftFoot"] = CFrame.new(1.7055224788009582e-08, 0, -2.606248017400503e-08, 1, 0, -1.4901161193847656e-08, -2.9802322387695312e-08, 1, -4.470348358154297e-08, 1.4901161193847656e-08, 0, 1),
            ["LeftLowerArm"] = CFrame.new(1.7695128917694092e-07, 2.384185791015625e-07, -7.275957614183426e-12, 0.9999997019767761, -0.000578068196773529, -0.000565093127079308, 0.0005751401768065989, 0.9999857544898987, -0.005304598715156317, 0.000568132905755192, 0.00530426949262619, 0.9999858140945435),
            ["LowerTorso"] = CFrame.new(0.15257805585861206, -0.7412741184234619, -0.000015667412299080752, 0.9810290932655334, -0.12914346158504486, -0.14458192884922028, 0.11074898391962051, 0.9854698777198792, -0.12877824902534485, 0.15911202132701874, 0.11032290011644363, 0.9810770750045776),
            ["Head"] = CFrame.new(7.45096073728746e-09, -1.1920928955078125e-07, 4.284045829194838e-08, 0.9740309715270996, -0.21615523099899292, -0.06738481670618057, 0.20048707723617554, 0.9616990685462952, -0.18692192435264587, 0.10520803183317184, 0.16855794191360474, 0.9800610542297363),
            ["RightFoot"] = CFrame.new(-5.637940603264724e-08, 0, -8.854840416461229e-08, 1, -1.4901162970204496e-08, -4.4703490686970326e-08, -3.725290653733282e-08, 1, 1.4901162970204496e-08, 2.2351745343485163e-08, 4.4703490686970326e-08, 1),
            ["UpperTorso"] = CFrame.new(2.002381549459642e-08, -8.940696716308594e-08, -2.794347864210067e-09, 0.9949953556060791, -0.002199515700340271, -0.09989695996046066, -0.005783079192042351, 0.9968142509460449, -0.07954838871955872, 0.09975368529558182, 0.07972801476716995, 0.9918128848075867),
            ["HumanoidRootPart"] = CFrame.new(0, 0, 0, 1, 0, 0, 0, 1, 0, 0, 0, 1),
            ["LeftUpperLeg"] = CFrame.new(-2.9802322387695312e-08, -3.003515303134918e-07, -2.0183506421744823e-08, 0.7497835755348206, 0.4723532795906067, -0.46336472034454346, -0.6107310056686401, 0.7635043263435364, -0.2099258154630661, 0.2546219825744629, 0.44039034843444824, 0.8609438538551331),
            ["LeftUpperArm"] = CFrame.new(-5.960464477539063e-08, -1.1920928955078125e-07, -3.821332938969135e-08, 0.8157378435134888, 0.5217528939247131, -0.2496914267539978, -0.5101666450500488, 0.44556042551994324, -0.7356669902801514, -0.27258387207984924, 0.7274956107139587, 0.6296414136886597),
            ["RightLowerArm"] = CFrame.new(2.0849560655733512e-07, 1.1920928955078125e-07, -2.9802322387695312e-08, 1, 5.355105514581737e-08, 6.519260153936557e-08, -2.9802315282267955e-08, 0.9617319703102112, -0.27399203181266785, -1.862644793959589e-08, 0.27399200201034546, 0.961732029914856),
            ["LeftHand"] = CFrame.new(-1.1920928955078125e-07, 1.7881393432617188e-07, 2.979504643008113e-08, 1, -5.2154071283894154e-08, 1.4901162970204496e-08, -2.2351745343485163e-08, 1, 1.4901162970204496e-08, -7.450581307466564e-08, 2.980232594040899e-08, 1),
            ["RightHand"] = CFrame.new(-5.960464477539063e-08, -1.7881393432617188e-07, 1.3409589882940054e-07, 1, 3.119930624961853e-08, 1.30385160446167e-08, 2.0023437130589627e-08, 1, 0, 0, 0, 1),
            ["RightUpperArm"] = CFrame.new(5.960464477539063e-08, -0.36169177293777466, 7.715425454080105e-08, 0.22831082344055176, -0.1611657440662384, 0.9601561427116394, 0.9714445471763611, -0.027699973434209824, -0.23564454913139343, 0.06457413733005524, 0.9865385890007019, 0.15023979544639587),
            ["RightLowerLeg"] = CFrame.new(4.430813049793869e-08, -1.1920928955078125e-07, 1.0598159860819578e-07, 1, -1.8626448650138627e-07, -2.60770320892334e-07, 1.4901159772762185e-07, -0.31311002373695374, 0.9497168660163879, -2.0861622829215776e-07, -0.9497169256210327, -0.31311023235321045),
            ["RightUpperLeg"] = CFrame.new(0, -1.6205012798309326e-07, 3.508466761559248e-08, 0.8988102674484253, -0.16143019497394562, -0.40752965211868286, -0.2145392745733261, 0.6487376689910889, -0.7301453948020935, 0.38224756717681885, 0.7436934113502502, 0.5484590530395508),
            ["LeftLowerLeg"] = CFrame.new(-2.019767819660956e-08, -1.1920928955078125e-07, 4.4718035496771336e-08, 1, -1.937150670983101e-07, -1.7881390590446244e-07, 1.9371509552001953e-07, -0.0505184605717659, 0.9987232089042664, -1.341104507446289e-07, -0.9987232089042664, -0.05051850527524948),
        }},
        {Time = 0.100, Data = {
            ["LeftFoot"] = CFrame.new(2.8231095683395324e-08, 0, -4.2826286517083645e-08, 1, 1.4901161193847656e-08, 0, 2.9802322387695312e-08, 1, -1.4901161193847656e-08, 4.470348358154297e-08, -1.4901161193847656e-08, 1),
            ["LeftLowerArm"] = CFrame.new(-5.4016709327697754e-08, 2.980232238769531e-07, 2.831147867254913e-07, 0.9999997019767761, -0.0005781948566436768, -0.0005651675164699554, 0.0005752294091507792, 0.9999858140945435, -0.005298122763633728, 0.0005682333139702678, 0.00529789924621582, 0.9999858736991882),
            ["LowerTorso"] = CFrame.new(0.13709552586078644, -0.7150723934173584, -0.000013137137102603447, 0.9826043844223022, -0.11409780383110046, -0.14652752876281738, 0.09568366408348083, 0.9872626662254333, -0.12711118161678314, 0.15916424989700317, 0.11087974160909653, 0.981005847454071),
            ["Head"] = CFrame.new(7.45096073728746e-09, 1.1920928955078125e-07, -4.8429154020368514e-08, 0.9747273325920105, -0.2134627252817154, -0.0658809244632721, 0.1980164647102356, 0.9620848894119263, -0.18756918609142303, 0.10342206805944443, 0.16978326439857483, 0.980039656162262),
            ["RightFoot"] = CFrame.new(2.0571121694956673e-08, 5.960464477539063e-08, -1.3344106264412403e-08, 1, -4.4703490686970326e-08, 0, -7.450580596923828e-09, 1, -3.725290653733282e-08, -1.4901161193847656e-08, -7.450581307466564e-08, 1),
            ["UpperTorso"] = CFrame.new(-6.984539169252457e-09, -5.960464477539063e-08, -3.725670438825546e-09, 0.9948942065238953, -0.0014803337398916483, -0.10091352462768555, -0.0067407554015517235, 0.9966851472854614, -0.08107708394527435, 0.1006990373134613, 0.08134332299232483, 0.9915861487388611),
            ["HumanoidRootPart"] = CFrame.new(0, 0, 0, 1, 0, 0, 0, 1, 0, 0, 0, 1),
            ["LeftUpperLeg"] = CFrame.new(-2.9802322387695312e-08, -1.0710209608078003e-08, 2.079468686133623e-08, 0.7773596048355103, 0.4291438162326813, -0.459943026304245, -0.566206157207489, 0.7959054112434387, -0.21434825658798218, 0.2740848958492279, 0.42704829573631287, 0.8616885542869568),
            ["LeftUpperArm"] = CFrame.new(-1.1920928955078125e-07, 3.5762786865234375e-07, -1.586158759891987e-08, 0.815055251121521, 0.5208477973937988, -0.25377610325813293, -0.5067891478538513, 0.4286198318004608, -0.7479637265205383, -0.2808019816875458, 0.7382428646087646, 0.6133091449737549),
            ["RightLowerArm"] = CFrame.new(-2.6197678693051785e-08, 4.172325134277344e-07, 2.9802322387695312e-08, 1, 5.215404996761208e-08, 3.7252917195473856e-08, 1.4901161193847656e-08, 0.9836164116859436, -0.18027465045452118, 4.470348358154297e-08, 0.1802745908498764, 0.9836163520812988),
            ["LeftHand"] = CFrame.new(5.960464477539063e-08, 1.7881393432617188e-07, -1.7882121028378606e-07, 1, -1.4901162970204496e-08, 1.862645326866641e-08, -2.2351745343485163e-08, 1, 0, 7.450581485102248e-09, 2.2351745343485163e-08, 1),
            ["RightHand"] = CFrame.new(-5.960464477539063e-08, -1.1920928955078125e-07, -1.6392732504755259e-07, 1, 1.4901161193847656e-08, -1.4901162970204496e-08, 1.1175870895385742e-08, 1, 1.862645326866641e-08, -1.4901161193847656e-08, -7.450580596923828e-09, 1),
            ["RightUpperArm"] = CFrame.new(-5.960464477539063e-08, -0.361691951751709, 3.245077095925808e-08, 0.29786020517349243, -0.19713470339775085, 0.934032678604126, 0.9544293880462646, 0.042494453489780426, -0.29539597034454346, 0.018541600555181503, 0.9794550538063049, 0.2008090615272522),
            ["RightLowerLeg"] = CFrame.new(4.430813049793869e-08, 0, -1.1753581929951906e-07, 1, -1.3411042232291948e-07, -2.9802325229866256e-07, 2.2351741790771484e-07, -0.2874849736690521, 0.9577851891517639, -2.682209014892578e-07, -0.9577851295471191, -0.28748491406440735),
            ["RightUpperLeg"] = CFrame.new(-2.9802322387695312e-08, -6.705522537231445e-08, 5.282345227897167e-09, 0.9003916382789612, -0.18735171854496002, -0.39267581701278687, -0.18343015015125275, 0.6549400091171265, -0.7330805659294128, 0.39452290534973145, 0.7320882081985474, 0.5553365349769592),
            ["LeftLowerLeg"] = CFrame.new(3.9406966578781066e-08, 0, -2.9787770472466946e-08, 1, -1.0430809993522416e-07, -1.1920928955078125e-07, 1.4901159772762185e-07, -0.02509217895567417, 0.9996851682662964, -2.0861622829215776e-07, -0.9996851682662964, -0.02509211003780365),
        }},
        {Time = 0.133, Data = {
            ["LeftFoot"] = CFrame.new(4.313225687724298e-08, 0, 2.981687430292368e-08, 1, -4.470348358154297e-08, -1.4901161193847656e-08, 4.470348358154297e-08, 1, 0, -2.9802322387695312e-08, 0, 1),
            ["LeftLowerArm"] = CFrame.new(-4.6566128730773926e-08, 0, -7.275957614183426e-12, 0.9999996423721313, -0.0005781053332611918, -0.0005650704842992127, 0.0005751398857682943, 0.9999858736991882, -0.005280209705233574, 0.0005681512993760407, 0.00527980038896203, 0.9999858736991882),
            ["LowerTorso"] = CFrame.new(0.11994625627994537, -0.6747775077819824, -0.000010523193850531243, 0.9837129712104797, -0.10189960151910782, -0.14807194471359253, 0.08358525484800339, 0.9886232614517212, -0.1250501573085785, 0.15912993252277374, 0.11063682287931442, 0.9810388684272766),
            ["Head"] = CFrame.new(3.801403636316536e-13, 3.5762786865234375e-07, -1.1362173779616569e-07, 0.9767704010009766, -0.20531857013702393, -0.06135224178433418, 0.19056129455566406, 0.9632031321525574, -0.18954238295555115, 0.09801127016544342, 0.17344801127910614, 0.9799538850784302),
            ["RightFoot"] = CFrame.new(-6.60127739138261e-08, -5.960464477539063e-08, 6.5338099375367165e-09, 1, 2.2351741790771484e-08, -1.4901162970204496e-08, 2.2351745343485163e-08, 1, -4.4703490686970326e-08, -5.2154071283894154e-08, 1.4901161193847656e-08, 1),
            ["UpperTorso"] = CFrame.new(-7.4502004565601965e-09, 2.9802322387695312e-08, -1.955815420728868e-08, 0.9945787191390991, 0.0006783958524465561, -0.10398515313863754, -0.00963753741234541, 0.9962760806083679, -0.08567983657121658, 0.1035398542881012, 0.0862174779176712, 0.9908815026283264),
            ["HumanoidRootPart"] = CFrame.new(0, 0, 0, 1, 0, 0, 0, 1, 0, 0, 0, 1),
            ["LeftUpperLeg"] = CFrame.new(-8.940696716308594e-08, -4.330649971961975e-08, 2.168235369026661e-09, 0.8036381602287292, 0.3939911425113678, -0.4460230767726898, -0.5249492526054382, 0.8223655819892883, -0.21941570937633514, 0.28034618496894836, 0.4104703962802887, 0.867709755897522),
            ["LeftUpperArm"] = CFrame.new(0.0004668235778808594, -0.0034246444702148438, -0.00003725386341102421, 0.8125619292259216, 0.517641544342041, -0.2679373621940613, -0.4963374733924866, 0.3734741508960724, -0.7836877703666687, -0.3056015074253082, 0.7697820663452148, 0.5603955388069153),
            ["RightLowerArm"] = CFrame.new(2.308473483481066e-07, 1.1920928955078125e-07, 8.568167686462402e-08, 1, 2.980232594040899e-08, 7.450586814172766e-09, -7.450580596923828e-09, 0.9999861717224121, -0.00527093606069684, 2.9802322387695312e-08, 0.00527093606069684, 0.9999861121177673),
            ["LeftHand"] = CFrame.new(5.960464477539063e-08, -1.1920928955078125e-07, -2.0862353267148137e-07, 1, -2.2351745343485163e-08, 0, -2.2351745343485163e-08, 1, 7.450580596923828e-09, 2.6077035641947077e-08, 7.450581485102248e-09, 1),
            ["RightHand"] = CFrame.new(-5.960464477539063e-08, -2.980232238769531e-07, 4.46889316663146e-08, 1, 1.4901159417490817e-08, 0, 2.2351741790771484e-08, 1, 7.4505797087454084e-09, 7.450580596923828e-09, -7.4505797087454084e-09, 1),
            ["RightUpperArm"] = CFrame.new(-1.1920928955078125e-07, -0.36169177293777466, 2.648448571562767e-09, 0.3295029401779175, -0.20046588778495789, 0.922627329826355, 0.9441500306129456, 0.07299850881099701, -0.3213285207748413, -0.002935051918029785, 0.9769773483276367, 0.21332363784313202),
            ["RightLowerLeg"] = CFrame.new(-5.2549417262071074e-08, -1.1920928955078125e-07, 7.617927622050047e-08, 1, -8.195639367158947e-08, -2.0861631355728605e-07, 2.1606686573250045e-07, -0.23875685036182404, 0.9710793495178223, -2.011657045386528e-07, -0.9710794687271118, -0.23875698447227478),
            ["RightUpperLeg"] = CFrame.new(8.940696716308594e-08, -3.725290298461914e-09, -2.4519977159798145e-08, 0.8996424674987793, -0.2104218453168869, -0.3825783431529999, -0.1521163433790207, 0.6702697277069092, -0.7263602614402771, 0.40927281975746155, 0.7116609215736389, 0.5709944367408752),
            ["LeftLowerLeg"] = CFrame.new(3.9406966578781066e-08, -1.7881393432617188e-07, 1.4551915228366852e-11, 1, -2.086162567138672e-07, -2.235174747511337e-07, 1.9371509552001953e-07, 0.018533959984779358, 0.9998282790184021, -2.086162567138672e-07, -0.9998282790184021, 0.018533844500780106),
        }},
        {Time = 0.167, Data = {
            ["LeftFoot"] = CFrame.new(-1.274709759968573e-08, 5.960464477539063e-08, 7.465132512152195e-09, 1, 2.980232594040899e-08, 1.4901159417490817e-08, -2.980232594040899e-08, 1, -2.2351738238057806e-08, -1.4901162970204496e-08, -2.980232594040899e-08, 1),
            ["LeftLowerArm"] = CFrame.new(4.284083843231201e-08, 2.384185791015625e-07, 3.427194315008819e-07, 0.9999997615814209, -0.0005608047358691692, -0.00043701945105567575, 0.00044677406549453735, 0.9738129377365112, -0.2273503839969635, 0.0005530640482902527, 0.227350115776062, 0.9738129377365112),
            ["LowerTorso"] = CFrame.new(0.10075463354587555, -0.6175199747085571, -0.000008426149179285858, 0.9841410517692566, -0.09672800451517105, -0.1486947387456894, 0.07865501940250397, 0.9892891049385071, -0.1229654997587204, 0.15899628400802612, 0.10931980609893799, 0.9812081456184387),
            ["Head"] = CFrame.new(7.45096073728746e-09, 2.384185791015625e-07, -4.656650887113756e-08, 0.9799330234527588, -0.1918872594833374, -0.05395039916038513, 0.17832398414611816, 0.9648885726928711, -0.1928488314151764, 0.08906134217977524, 0.17935827374458313, 0.9797441959381104),
            ["RightFoot"] = CFrame.new(1.859206122389878e-08, -5.960464477539063e-08, 5.486072041094303e-09, 1, 7.450580596923828e-08, -4.470348358154297e-08, 3.725290298461914e-08, 1, 7.450580596923828e-08, 2.2351741790771484e-08, 5.960464477539063e-08, 1),
            ["UpperTorso"] = CFrame.new(2.561175094228929e-08, -5.960464477539063e-08, 1.8622650088673254e-09, 0.9940283894538879, 0.004185554105788469, -0.10904159396886826, -0.014416074380278587, 0.9955427050590515, -0.09320385009050369, 0.10816545784473419, 0.09421925991773605, 0.9896580576896667),
            ["HumanoidRootPart"] = CFrame.new(0, 0, 0, 1, 0, 0, 0, 1, 0, 0, 0, 1),
            ["LeftUpperLeg"] = CFrame.new(8.940696716308594e-08, -1.4854595065116882e-07, 3.1970557756721973e-08, 0.8270343542098999, 0.37255141139030457, -0.4209749698638916, -0.4915456473827362, 0.8426070809364319, -0.21999113261699677, 0.2727583646774292, 0.38886868953704834, 0.8799908757209778),
            ["LeftUpperArm"] = CFrame.new(0.0012153387069702148, -0.00891411304473877, -0.00009690321166999638, 0.8123838901519775, 0.5375226140022278, -0.22605766355991364, -0.468803346157074, 0.3715008497238159, -0.801380455493927, -0.3467794954776764, 0.757004976272583, 0.5537936687469482),
            ["RightLowerArm"] = CFrame.new(-9.325290761807992e-08, 1.7881393432617188e-07, 1.825392246246338e-07, 1, 7.450581485102248e-09, 2.9802343703977385e-08, 0, 0.999985933303833, -0.005304984748363495, 1.4901161193847656e-08, 0.005304877180606127, 0.9999859929084778),
            ["LeftHand"] = CFrame.new(0, -5.960464477539063e-08, 2.309607225470245e-07, 1, 1.1641533292916506e-09, -3.725290653733282e-08, -2.6077035641947077e-08, 1, -7.450581485102248e-09, 2.0489098417897367e-08, 9.31322685637781e-10, 1),
            ["RightHand"] = CFrame.new(-5.960464477539063e-08, -2.384185791015625e-07, 1.5248951967805624e-07, 1, -1.4901162970204496e-08, -2.980232594040899e-08, -1.4901162970204496e-08, 1, 0, 0, 2.6077035641947077e-08, 1),
            ["RightUpperArm"] = CFrame.new(1.1920928955078125e-07, -0.3616914749145508, -2.7153873816132545e-08, 0.31461384892463684, -0.2877432703971863, 0.904556155204773, 0.9491924047470093, 0.08812610059976578, -0.3021053671836853, 0.007213752716779709, 0.9536443948745728, 0.3008498549461365),
            ["RightLowerLeg"] = CFrame.new(3.685754990101486e-08, 0, 3.14757926389575e-08, 1, -1.862645149230957e-07, -2.235174747511337e-07, 1.8998984785412176e-07, -0.15738679468631744, 0.9875370860099792, -1.9371513815258368e-07, -0.9875370264053345, -0.1573868691921234),
            ["RightUpperLeg"] = CFrame.new(-2.9802322387695312e-08, 1.862645149230957e-09, -2.168235369026661e-09, 0.8958215117454529, -0.22591635584831238, -0.3827085494995117, -0.12462379038333893, 0.6988993287086487, -0.7042787075042725, 0.4265826940536499, 0.6786025762557983, 0.5979346036911011),
            ["LeftLowerLeg"] = CFrame.new(-5.000000058430487e-08, 5.960464477539063e-08, -4.46889316663146e-08, 1, -2.3841860752327193e-07, -2.086163561898502e-07, 2.235174747511337e-07, 0.08448793739080429, 0.9964245557785034, -2.0861631355728605e-07, -0.9964245557785034, 0.08448794484138489),
        }},
        {Time = 0.200, Data = {
            ["LeftFoot"] = CFrame.new(1.3329934489547668e-08, 0, 1.4551915228366852e-11, 1, 0, 2.9802322387695312e-08, -1.4901161193847656e-08, 1, -1.4901161193847656e-08, -7.450580596923828e-09, -5.21540641784668e-08, 1),
            ["LeftLowerArm"] = CFrame.new(-9.872019290924072e-08, 4.76837158203125e-07, 1.6390549717471004e-07, 0.9999998807907104, -0.0005344043020159006, -0.0003574713773559779, 0.00036674743751063943, 0.9307495951652527, -0.3656565546989441, 0.0005281642661429942, 0.3656567931175232, 0.9307498335838318),
            ["LowerTorso"] = CFrame.new(0.07933291792869568, -0.5407904386520386, -0.000006828568530181656, 0.9846053719520569, -0.09533847868442535, -0.1465020328760147, 0.07826624065637589, 0.9899023175239563, -0.11818551272153854, 0.15629033744335175, 0.10489992797374725, 0.982124924659729),
            ["Head"] = CFrame.new(1.4901541334211288e-08, -2.384185791015625e-07, 4.470310344117934e-08, 0.9837828278541565, -0.17384830117225647, -0.04413791373372078, 0.1619994193315506, 0.9668470025062561, -0.1973908543586731, 0.07699068635702133, 0.18703940510749817, 0.979330837726593),
            ["RightFoot"] = CFrame.new(1.8795788037095917e-08, -5.960464477539063e-08, -3.2145180739462376e-08, 1, 5.587936158235607e-08, -1.4901161193847656e-08, -7.450580596923828e-09, 1, -2.9802322387695312e-08, 1.1175870895385742e-08, 0, 1),
            ["UpperTorso"] = CFrame.new(1.955815420728868e-08, -8.940696716308594e-08, -6.053976875364242e-09, 0.9932315945625305, 0.008795790374279022, -0.11581717431545258, -0.020838497206568718, 0.9944440126419067, -0.10318441689014435, 0.11426609754562378, 0.10489951819181442, 0.9878964424133301),
            ["HumanoidRootPart"] = CFrame.new(0, 0, 0, 1, 0, 0, 0, 1, 0, 0, 0, 1),
            ["LeftUpperLeg"] = CFrame.new(-5.960464477539063e-08, -1.9604340195655823e-07, -2.0183506421744823e-08, 0.8492376208305359, 0.36238303780555725, -0.3840233087539673, -0.4639173448085785, 0.8594082593917847, -0.21493767201900482, 0.25214317440986633, 0.36068835854530334, 0.8979576230049133),
            ["LeftUpperArm"] = CFrame.new(0.00203859806060791, -0.014954924583435059, -0.00016229695756919682, 0.8222809433937073, 0.533941388130188, -0.19687773287296295, -0.40706267952919006, 0.31009411811828613, -0.8591516017913818, -0.3976859450340271, 0.7866056561470032, 0.4723321199417114),
            ["RightLowerArm"] = CFrame.new(-1.1001671396115853e-07, 5.364418029785156e-07, 6.705522537231445e-08, 1, -3.7252917195473856e-08, 1.4901168299275014e-08, 7.450583261459087e-09, 0.9999858140945435, -0.0053422958590090275, 2.980233304583635e-08, 0.005342530086636543, 0.9999857544898987),
            ["LeftHand"] = CFrame.new(-8.940696716308594e-08, 0, 1.4900433598086238e-07, 1, 7.450582373280668e-09, -1.1175872671742582e-08, -3.725290742551124e-09, 1, -3.725290742551124e-09, -1.862645326866641e-08, -1.1175873559921001e-08, 1),
            ["RightHand"] = CFrame.new(2.9802322387695312e-08, -4.172325134277344e-07, -1.4915713109076023e-08, 1, -7.450580596923828e-09, 1.4901162970204496e-08, -7.450581485102248e-09, 1, 0, 0, -1.1175870895385742e-08, 1),
            ["RightUpperArm"] = CFrame.new(5.960464477539063e-08, -0.36169201135635376, 4.7351932153105736e-08, 0.28405943512916565, -0.371479868888855, 0.8839190602302551, 0.9584036469459534, 0.08327876776456833, -0.2729968726634979, 0.027801256626844406, 0.924698531627655, 0.37968412041664124),
            ["RightLowerLeg"] = CFrame.new(1.4505808110243379e-08, 5.960464477539063e-08, -4.303001333028078e-08, 1, -2.123415470123291e-07, -2.2351741790771484e-07, 1.7881393432617188e-07, -0.03603178262710571, 0.9993507266044617, -1.862645149230957e-07, -0.9993507266044617, -0.036031752824783325),
            ["RightUpperLeg"] = CFrame.new(8.940696716308594e-08, 7.264316082000732e-08, -9.618815965950489e-09, 0.8887860774993896, -0.23355527222156525, -0.39434900879859924, -0.1005709171295166, 0.7400640845298767, -0.6649740934371948, 0.4471519887447357, 0.6306799054145813, 0.6342698931694031),
            ["LeftLowerLeg"] = CFrame.new(-5.296517002761902e-09, -5.960464477539063e-08, 1.4551915228366852e-11, 1, -1.937150670983101e-07, -1.4901162614933128e-07, 1.7881393432617188e-07, 0.18144290149211884, 0.9834015369415283, -1.341104507446289e-07, -0.9834014773368835, 0.1814429759979248),
        }},
        {Time = 0.233, Data = {
            ["LeftFoot"] = CFrame.new(-2.7648258793533387e-08, 5.960464477539063e-08, -7.436028681695461e-09, 1, -1.4901162970204496e-08, 2.2351741790771484e-08, 0, 1, 1.4901161193847656e-08, 0, 5.2154071283894154e-08, 1),
            ["LeftLowerArm"] = CFrame.new(6.51925802230835e-08, -1.7881393432617188e-07, 1.0290386853739619e-07, 0.9999998807907104, -0.0005405471310950816, -0.000372871698345989, 0.00038220739224925637, 0.9408318996429443, -0.3388734757900238, 0.0005340707139112055, 0.33887341618537903, 0.9408318400382996),
            ["LowerTorso"] = CFrame.new(0.0561906099319458, -0.444791316986084, -0.000005500724910234567, 0.9858164191246033, -0.09369674324989319, -0.13923726975917816, 0.07895038276910782, 0.9910209774971008, -0.10790830850601196, 0.14809772372245789, 0.09538494050502777, 0.9843621253967285),
            ["Head"] = CFrame.new(2.2352121931135116e-08, 0, -5.587973461729234e-08, 0.987754762172699, -0.1525420844554901, -0.032733142375946045, 0.1428784281015396, 0.9687192440032959, -0.20290102064609528, 0.06266016513109207, 0.19573962688446045, 0.9786520600318909),
            ["RightFoot"] = CFrame.new(-7.863320661272155e-09, -5.960464477539063e-08, 1.4013494364917278e-08, 1, 3.725290298461914e-09, -3.725290742551124e-09, -1.1175872671742582e-08, 1, 2.980232594040899e-08, -3.725290742551124e-09, -2.9802322387695312e-08, 1),
            ["UpperTorso"] = CFrame.new(-6.518877881944718e-09, -1.4901161193847656e-07, -1.32717268286342e-08, 0.992206871509552, 0.014099398627877235, -0.12380148470401764, -0.028434280306100845, 0.9929818511009216, -0.1147986426949501, 0.12131402641534805, 0.11742422729730606, 0.9856442809104919),
            ["HumanoidRootPart"] = CFrame.new(0, 0, 0, 1, 0, 0, 0, 1, 0, 0, 0, 1),
            ["LeftUpperLeg"] = CFrame.new(2.9802322387695312e-08, -3.119930624961853e-07, 9.618815965950489e-09, 0.8707733154296875, 0.3606015145778656, -0.33424609899520874, -0.4397986829280853, 0.8751853704452515, -0.20156343281269073, 0.21984323859214783, 0.322517067193985, 0.920680046081543),
            ["LeftUpperArm"] = CFrame.new(0.0028892159461975098, -0.021192550659179688, -0.00023031330783851445, 0.8494588136672974, 0.49281221628189087, -0.1885635107755661, -0.2960508465766907, 0.14932037889957428, -0.9434285759925842, -0.4367765188217163, 0.8572279214859009, 0.27273881435394287),
            ["RightLowerArm"] = CFrame.new(7.997309126039909e-08, 4.76837158203125e-07, 1.4901161193847656e-08, 1, 1.862645371275562e-09, 6.705523958316917e-08, 5.587935447692871e-09, 0.9999855160713196, -0.005380929913371801, 3.725290298461914e-08, 0.005381122697144747, 0.9999855756759644),
            ["LeftHand"] = CFrame.new(8.940696716308594e-08, -1.1920928955078125e-07, 1.788066583685577e-07, 1, -1.1175872671742582e-08, 7.450580596923828e-09, -2.2351745343485163e-08, 1, -2.2351741790771484e-08, -1.4901162970204496e-08, -5.587936158235607e-08, 1),
            ["RightHand"] = CFrame.new(-5.960464477539063e-08, -1.7881393432617188e-07, 1.0429357644170523e-07, 1, 5.587935447692871e-09, 1.210719524635806e-08, 4.0978193283081055e-08, 1, 7.450581485102248e-09, -1.955777406692505e-08, -5.960464477539063e-08, 1),
            ["RightUpperArm"] = CFrame.new(-5.960464477539063e-08, -0.3616911768913269, -4.20550350099802e-08, 0.11219197511672974, -0.44782695174217224, 0.8870534896850586, 0.9840419888496399, -0.07400202006101608, -0.16181854903697968, 0.13811041414737701, 0.8910526037216187, 0.432378351688385),
            ["RightLowerLeg"] = CFrame.new(3.3299372148576367e-09, -5.960464477539063e-08, -1.3227690942585468e-08, 1, -2.3096799850463867e-07, -1.5646223516796454e-07, 1.5646223516796454e-07, 0.12970706820487976, 0.9915523529052734, -1.8626455755565985e-07, -0.9915523529052734, 0.12970717251300812),
            ["RightUpperLeg"] = CFrame.new(-2.9802322387695312e-08, -1.2852251529693604e-07, 1.5570549294352531e-09, 0.8802406787872314, -0.2295229136943817, -0.41532593965530396, -0.08019758760929108, 0.7906950116157532, -0.6069348454475403, 0.4677015244960785, 0.5675569176673889, 0.6775946617126465),
            ["LeftLowerLeg"] = CFrame.new(2.450580538493341e-08, 5.960464477539063e-08, -2.9787770472466946e-08, 1, -1.6391277313232422e-07, -1.49011640360186e-07, 1.9371513815258368e-07, 0.3174154758453369, 0.9482865929603577, -4.4703494239684005e-08, -0.9482866525650024, 0.3174157738685608),
        }},
        {Time = 0.267, Data = {
            ["LeftFoot"] = CFrame.new(-1.0215406121005799e-07, 1.1920928955078125e-07, -2.2337189875543118e-08, 1, 2.980232594040899e-08, -2.2351741790771484e-08, 0, 1, -9.499490261077881e-08, -3.725290298461914e-09, 1.6763808119435453e-08, 1),
            ["LeftLowerArm"] = CFrame.new(-1.6763806343078613e-08, -3.5762786865234375e-07, -8.941424312070012e-08, 0.9999997615814209, -0.0005781943327747285, -0.0005652457475662231, 0.000575178419239819, 0.9999859929084778, -0.00527091883122921, 0.0005682428600266576, 0.00527070090174675, 0.9999859929084778),
            ["LowerTorso"] = CFrame.new(0.032847240567207336, -0.33693504333496094, -0.000004357782472652616, 0.987740695476532, -0.09190874546766281, -0.126179501414299, 0.08048320561647415, 0.9924219846725464, -0.0928497165441513, 0.13375701010227203, 0.08155610412359238, 0.987652599811554),
            ["Head"] = CFrame.new(2.2352121931135116e-08, 0, -5.587973461729234e-08, 0.9913047552108765, -0.1299261748790741, -0.02083832584321499, 0.12276805192232132, 0.9701972007751465, -0.20891524851322174, 0.047360822558403015, 0.20454034209251404, 0.9777117967605591),
            ["RightFoot"] = CFrame.new(-6.204402325238334e-09, 0, 1.0986695997416973e-08, 1, 1.862645149230957e-08, 1.862645149230957e-09, 7.450580596923828e-09, 1, -4.470348358154297e-08, 3.166496753692627e-08, 0, 1),
            ["UpperTorso"] = CFrame.new(6.988720713252405e-10, 2.9802322387695312e-08, 3.943188886523785e-09, 0.9910219311714172, 0.01956886239349842, -0.132260262966156, -0.03651345893740654, 0.9912390112876892, -0.1269332617521286, 0.12861759960651398, 0.13062286376953125, 0.9830541014671326),
            ["HumanoidRootPart"] = CFrame.new(0, 0, 0, 1, 0, 0, 0, 1, 0, 0, 0, 1),
            ["LeftUpperLeg"] = CFrame.new(8.940696716308594e-08, -3.259629011154175e-09, -9.007635526359081e-09, 0.8896982669830322, 0.36791127920150757, -0.2703298330307007, -0.4209536015987396, 0.8902806043624878, -0.1737777441740036, 0.1767348051071167, 0.2684059739112854, 0.9469547271728516),
            ["LeftUpperArm"] = CFrame.new(0.0037460923194885254, -0.02747821807861328, -0.0002984637685585767, 0.8901394605636597, 0.40463507175445557, -0.20957571268081665, -0.14702185988426208, -0.18029919266700745, -0.9725620150566101, -0.4313192367553711, 0.8965281248092651, -0.10100125521421432),
            ["RightLowerArm"] = CFrame.new(-1.5285755239347054e-07, 2.980232238769531e-07, 9.685754776000977e-08, 1, 0, 2.980232949312267e-08, 1.4901161193847656e-08, 0.9999852180480957, -0.005437580402940512, -3.725290298461914e-08, 0.005437683779746294, 0.9999852180480957),
            ["LeftHand"] = CFrame.new(1.7881393432617188e-07, 1.1920928955078125e-07, -2.8312933864071965e-07, 1, -9.31322685637781e-10, -1.862645149230957e-09, 1.862645371275562e-09, 1, -1.862645149230957e-08, 5.587936335871291e-09, 4.284084198502569e-08, 1),
            ["RightHand"] = CFrame.new(-8.940696716308594e-08, -3.5762786865234375e-07, 4.46889316663146e-08, 1, 1.4901161193847656e-08, 1.4901159417490817e-08, -1.4901161193847656e-08, 1, 2.9802318834981634e-08, -1.4901161193847656e-08, -1.4901161193847656e-08, 1),
            ["RightUpperArm"] = CFrame.new(0.002760946750640869, -0.36052894592285156, -0.01130243856459856, -0.15092897415161133, -0.5016178488731384, 0.8518213033676147, 0.9454840421676636, -0.3248017728328705, -0.023744000121951103, 0.28858357667922974, 0.8018001317977905, 0.5232940912246704),
            ["RightLowerLeg"] = CFrame.new(1.4505808110243379e-08, -2.384185791015625e-07, 1.673470251262188e-09, 1, -2.3841863594498136e-07, -1.0244549741855735e-07, 1.806766505296764e-07, 0.33347639441490173, 0.9427585601806641, -8.754435043556441e-08, -0.9427585601806641, 0.3334762752056122),
            ["RightUpperLeg"] = CFrame.new(-5.960464477539063e-08, 1.8766149878501892e-07, 1.645821612328291e-08, 0.8730870485305786, -0.20702984929084778, -0.44142648577690125, -0.06573168933391571, 0.8471251726150513, -0.5273124575614929, 0.48311305046081543, 0.48940545320510864, 0.7260057330131531),
            ["LeftLowerLeg"] = CFrame.new(-5.74505811812287e-08, -2.384185791015625e-07, -1.488660927861929e-08, 1, -1.9371512394172896e-07, -2.60770320892334e-08, 2.0861628513557662e-07, 0.4879354238510132, 0.8728798031806946, -3.725290653733282e-08, -0.8728798031806946, 0.487935334444046),
        }},
        {Time = 0.300, Data = {
            ["LeftFoot"] = CFrame.new(1.7055224788009582e-08, -5.960464477539063e-08, -3.6307028494775295e-08, 1, 0, 1.7695128917694092e-08, -1.4901161193847656e-08, 1, 1.210719347000122e-08, 1.5832483768463135e-08, -2.0023435354232788e-08, 1),
            ["LeftLowerArm"] = CFrame.new(-5.4016709327697754e-08, 0, 4.004614311270416e-07, 0.9999997615814209, -0.0005781426443718374, -0.0005650834063999355, 0.0005751439020968974, 0.9999858140945435, -0.0053063430823385715, 0.0005682018236257136, 0.0053060282953083515, 0.9999857544898987),
