return {
    ["Snapshot Swagger"] = {
        {Time = 0.000, Data = {
            ["RightFoot"] = CFrame.new(7.82310962677002e-08, 5.364418029785156e-07, 6.129994289949536e-08, 0.9941785335540771, 0.106615349650383, -0.015568198636174202, -0.10515449941158295, 0.9285856485366821, -0.35590896010398865, -0.023488959297537804, 0.3554741144180298, 0.9343910217285156),
            ["LeftLowerArm"] = CFrame.new(-5.960464477539063e-08, -2.980232238769531e-07, -8.940696716308594e-08, 1, -2.2351738238057806e-08, 8.800996198488065e-08, 1.0430811414607888e-07, 0.7195348739624023, -0.694456160068512, 1.4901159417490817e-08, 0.6944563984870911, 0.7195349931716919),
            ["LeftFoot"] = CFrame.new(2.421438694000244e-08, 0, -1.862645149230957e-08, 0.9949015378952026, 0.0035840931814163923, 0.10078835487365723, 0.0414675734937191, 0.8964446187019348, -0.4412117600440979, -0.09193259477615356, 0.44314131140708923, 0.8917251825332642),
            ["Head"] = CFrame.new(4.0978193283081055e-08, -2.384185791015625e-07, 6.332993507385254e-08, 0.972865104675293, -0.20181620121002197, 0.11315412819385529, 0.22222501039505005, 0.9511927962303162, -0.21412226557731628, -0.06441807746887207, 0.23345792293548584, 0.9702308177947998),
            ["LowerTorso"] = CFrame.new(0.0028150957077741623, -0.12499547004699707, 0.05764356255531311, 0.9854166507720947, -0.008372019976377487, -0.1699533462524414, -0.0009818027028813958, 0.9984925389289856, -0.054879091680049896, 0.1701565831899643, 0.05424562469124794, 0.9839228391647339),
            ["UpperTorso"] = CFrame.new(-2.735760062932968e-09, 1.7881393432617188e-07, -1.1968950275331736e-08, 0.9881725311279297, 0.1532231867313385, -0.006147799082100391, -0.14399315416812897, 0.9409409761428833, 0.3064248263835907, 0.052736133337020874, -0.30191537737846375, 0.9518750905990601),
            ["HumanoidRootPart"] = CFrame.new(0, 0, 0, 1, 0, 0, 0, 1, 0, 0, 0, 1),
            ["RightUpperLeg"] = CFrame.new(5.960464477539063e-08, 1.8300488591194153e-07, 5.75528247281909e-09, 0.9766748547554016, -0.17434269189834595, -0.12534287571907043, 0.11872884631156921, 0.9248666763305664, -0.36128270626068115, 0.17891249060630798, 0.33797380328178406, 0.9239935278892517),
            ["LeftUpperArm"] = CFrame.new(1.1920928955078125e-07, 0, 9.685754776000977e-08, 0.6936895847320557, 0.5449325442314148, -0.4710025191307068, -0.3592762351036072, 0.8285453915596008, 0.42945683002471924, 0.624271810054779, -0.1286896914243698, 0.7705345749855042),
            ["RightLowerArm"] = CFrame.new(-2.9802322387695312e-08, 5.960464477539063e-08, 0, 1, -6.70552182668871e-08, 9.872017159295865e-08, 8.009374141693115e-08, -0.37055373191833496, -0.9288110733032227, 1.1688098311424255e-07, 0.9288110733032227, -0.37055379152297974),
            ["LeftHand"] = CFrame.new(5.960464477539063e-08, -1.1920928955078125e-07, -1.1920928955078125e-07, 0.3433828353881836, -0.0652775913476944, -0.9369244575500488, -0.15229013562202454, 0.9805100560188293, -0.1241285651922226, 0.9267664551734924, 0.18530802428722382, 0.3267488479614258),
            ["RightHand"] = CFrame.new(0, 0, -1.4156103134155273e-07, 0.34034255146980286, -0.28982746601104736, -0.8945206999778748, 0.49124234914779663, 0.8659714460372925, -0.09367217868566513, 0.8017780184745789, -0.40754565596580505, 0.43710213899612427),
            ["RightUpperArm"] = CFrame.new(1.1920928955078125e-07, -2.384185791015625e-07, 8.940696716308594e-08, 0.9249580502510071, -0.14208227396011353, 0.3525128662586212, 0.2616085708141327, 0.9108202457427979, -0.31932348012924194, -0.27570560574531555, 0.3875811994075775, 0.8796404600143433),
            ["RightLowerLeg"] = CFrame.new(-4.470348358154297e-08, 5.960464477539063e-08, 4.639878170564771e-08, 1, -8.754435043556441e-08, 3.725290742551124e-09, 1.043081283569336e-07, 0.7018876671791077, 0.7122871279716492, -4.470348358154297e-08, -0.7122877240180969, 0.7018882632255554),
            ["LeftUpperLeg"] = CFrame.new(-1.1920928955078125e-07, -5.704350769519806e-09, -2.7939677238464355e-08, 0.9952110052108765, 0.02944364957511425, 0.09321130812168121, -0.0019399006851017475, 0.9593188166618347, -0.2823183834552765, -0.09773175418376923, 0.28078556060791016, 0.954781711101532),
            ["LeftLowerLeg"] = CFrame.new(1.5599653124809265e-08, -1.1920928955078125e-07, -7.450580596923828e-09, 1, 6.076883352079676e-08, 3.294553607702255e-08, -6.286428089197216e-08, 0.6961872577667236, 0.7178599238395691, 2.3632313883581446e-08, -0.7178602814674377, 0.6961875557899475),
        }},
        {Time = 0.033, Data = {
            ["RightFoot"] = CFrame.new(3.725290298461914e-09, 2.384185791015625e-07, -2.0656443666666746e-08, 0.9955278038978577, 0.09124405682086945, -0.024472178891301155, -0.09322262555360794, 0.9069221019744873, -0.41085487604141235, -0.015293813310563564, 0.411298930644989, 0.9113723635673523),
            ["LeftLowerArm"] = CFrame.new(-4.76837158203125e-07, 2.384185791015625e-07, -5.960464477539063e-08, 1, -8.940694584680386e-08, 5.5879341154252415e-09, 0, 0.7377450466156006, -0.6750794649124146, 4.470347647611561e-08, 0.6750794053077698, 0.7377449870109558),
            ["LeftFoot"] = CFrame.new(-2.0023435354232788e-08, 0, -1.862645149230957e-08, 0.9903180003166199, -0.014372529461979866, 0.13807126879692078, 0.07134701311588287, 0.9059004187583923, -0.41743770241737366, -0.11907915771007538, 0.4232468605041504, 0.8981547951698303),
            ["Head"] = CFrame.new(-1.4901161193847656e-08, -4.76837158203125e-07, -3.725290298461914e-08, 0.9777771830558777, -0.17765016853809357, 0.11132113635540009, 0.1981360763311386, 0.9565817713737488, -0.21376009285449982, -0.06851325929164886, 0.23106659948825836, 0.9705227613449097),
            ["LowerTorso"] = CFrame.new(0.032684940844774246, -0.1535564661026001, 0.059500694274902344, 0.9849178791046143, 0.004771191626787186, -0.17295725643634796, -0.022618748247623444, 0.9945918917655945, -0.10136736929416656, 0.17153823375701904, 0.10375058650970459, 0.9796992540359497),
            ["UpperTorso"] = CFrame.new(-1.9208528101444244e-09, -1.1920928955078125e-07, -8.381903171539307e-09, 0.993009626865387, 0.11740265786647797, -0.01218857616186142, -0.10513491928577423, 0.926703691482544, 0.3607865869998932, 0.05365249142050743, -0.35698315501213074, 0.9325687289237976),
            ["HumanoidRootPart"] = CFrame.new(0, 0, 0, 1, 0, 0, 0, 1, 0, 0, 0, 1),
            ["RightUpperLeg"] = CFrame.new(5.960464477539063e-08, 3.306195139884949e-08, 5.75528247281909e-09, 0.9778274893760681, -0.1822882741689682, -0.10307536274194717, 0.13173873722553253, 0.9180768728256226, -0.37387144565582275, 0.16278350353240967, 0.35200268030166626, 0.9217352271080017),
            ["LeftUpperArm"] = CFrame.new(-1.1920928955078125e-07, -9.5367431640625e-07, -1.2665987014770508e-07, 0.7222216129302979, 0.5591781735420227, -0.40708214044570923, -0.3471831679344177, 0.8021226525306702, 0.4858631193637848, 0.5982138514518738, -0.20956887304782867, 0.7734476327896118),
            ["RightLowerArm"] = CFrame.new(2.384185791015625e-07, 1.7881393432617188e-07, 1.341104507446289e-07, 1, -1.154839708306099e-07, 1.0710208186992531e-07, 8.381902460996571e-08, -0.3293468654155731, -0.944209098815918, 1.1548398504146462e-07, 0.9442090392112732, -0.32934674620628357),
            ["LeftHand"] = CFrame.new(-5.960464477539063e-08, 2.980232238769531e-07, 8.940696716308594e-08, 0.3169557750225067, -0.07433906942605972, -0.9455224275588989, -0.18845495581626892, 0.9721090197563171, -0.13960275053977966, 0.9295288324356079, 0.2224363088607788, 0.29410603642463684),
            ["RightHand"] = CFrame.new(1.7136335372924805e-07, 0, 2.60770320892334e-08, 0.3226313591003418, -0.3171786963939667, -0.8917996287345886, 0.5135482549667358, 0.8501067757606506, -0.11656107008457184, 0.7950957417488098, -0.42037609219551086, 0.4371579885482788),
            ["RightUpperArm"] = CFrame.new(2.384185791015625e-07, -5.960464477539062e-07, -1.1175870895385742e-08, 0.9133818745613098, -0.1531490683555603, 0.377198725938797, 0.30433952808380127, 0.8722617626190186, -0.3828013241291046, -0.2703903913497925, 0.46444037556648254, 0.8433175086975098),
            ["RightLowerLeg"] = CFrame.new(2.2351741790771484e-08, 2.980232238769531e-07, 1.20904587674886e-07, 1, -1.303851746570217e-07, 3.725291186640334e-09, 1.043081283569336e-07, 0.6137540340423584, 0.789496898651123, -3.725290298461914e-08, -0.7894973158836365, 0.6137546300888062),
            ["LeftUpperLeg"] = CFrame.new(-5.960464477539063e-08, 1.6065314412117004e-08, -2.7939677238464355e-08, 0.998121976852417, 0.01565997488796711, 0.05922400951385498, 0.002769414335489273, 0.9542503952980042, -0.29899606108665466, -0.061196792870759964, 0.29859858751296997, 0.9524148106575012),
            ["LeftLowerLeg"] = CFrame.new(-1.5832483768463135e-08, -1.1920928955078125e-07, 1.4901161193847656e-08, 1, 8.009377694406794e-08, 2.7939684343891713e-08, -6.891787762697277e-08, 0.611362874507904, 0.791350245475769, 3.58559226754096e-08, -0.7913504242897034, 0.6113631129264832),
        }},
        {Time = 0.067, Data = {
            ["RightFoot"] = CFrame.new(2.7939677238464355e-08, 3.5762786865234375e-07, 3.149762051180005e-08, 0.9970178008079529, 0.07208402454853058, -0.02755763940513134, -0.07683154940605164, 0.8936662673950195, -0.44210559129714966, -0.007241437211632729, 0.44290462136268616, 0.8965396285057068),
            ["LeftLowerArm"] = CFrame.new(-5.960464477539063e-08, 1.1920928955078125e-07, 2.086162567138672e-07, 1, 0, 1.1548398504146462e-07, 2.980232594040899e-08, 0.8353878855705261, -0.5496610999107361, 0, 0.5496610403060913, 0.8353877663612366),
            ["LeftFoot"] = CFrame.new(5.587935447692871e-08, 5.960464477539063e-08, -2.2351741790771484e-08, 0.9874601364135742, -0.02150792069733143, 0.15639668703079224, 0.08378530293703079, 0.9110392928123474, -0.4037172794342041, -0.1338004171848297, 0.41175830364227295, 0.9014170169830322),
            ["Head"] = CFrame.new(-1.4901161193847656e-08, 1.1920928955078125e-07, -2.2351741790771484e-08, 0.9812204241752625, -0.17047587037086487, 0.09024641662836075, 0.18591254949569702, 0.9605315923690796, -0.2069191336631775, -0.051409803330898285, 0.21981127560138702, 0.9741869568824768),
            ["LowerTorso"] = CFrame.new(0.06565174460411072, -0.16627657413482666, 0.06494857370853424, 0.9859294891357422, 0.013620123267173767, -0.16660581529140472, -0.03861631080508232, 0.9882737398147583, -0.14772926270961761, 0.1626400500535965, 0.1520843654870987, 0.9748941659927368),
            ["UpperTorso"] = CFrame.new(-9.313225746154785e-09, 1.7881393432617188e-07, -4.6566128730773926e-09, 0.9949053525924683, 0.10063640773296356, -0.0059819770976901054, -0.08904708176851273, 0.9050518870353699, 0.4158749282360077, 0.047266170382499695, -0.41322341561317444, 0.9094022512435913),
            ["HumanoidRootPart"] = CFrame.new(0, 0, 0, 1, 0, 0, 0, 1, 0, 0, 0, 1),
            ["RightUpperLeg"] = CFrame.new(0, 4.3120235204696655e-07, 1.3205863069742918e-08, 0.9771227240562439, -0.1849415898323059, -0.1050131693482399, 0.13664154708385468, 0.9242945909500122, -0.35638296604156494, 0.16297310590744019, 0.33388054370880127, 0.928419828414917),
            ["LeftUpperArm"] = CFrame.new(0, 2.384185791015625e-07, -2.905726432800293e-07, 0.6743583083152771, 0.5620315670967102, -0.47891706228256226, -0.3471747934818268, 0.813754677772522, 0.4661256968975067, 0.6516984105110168, -0.1480678766965866, 0.7438852787017822),
            ["RightLowerArm"] = CFrame.new(5.960464477539063e-08, -5.960464477539063e-08, -2.9802322387695312e-08, 1, -9.685752644372769e-08, 1.3411040811206476e-07, 4.470348358154297e-08, -0.2549659311771393, -0.9669500589370728, 1.210719347000122e-07, 0.9669500589370728, -0.25496578216552734),
            ["LeftHand"] = CFrame.new(-1.7881393432617188e-07, 1.1920928955078125e-07, -1.4901161193847656e-07, 0.32602131366729736, -0.03640507906675339, -0.9446613192558289, -0.19028830528259277, 0.9762789011001587, -0.1032956913113594, 0.9260132312774658, 0.2134346216917038, 0.3113600015640259),
            ["RightHand"] = CFrame.new(-2.384185791015625e-07, -2.980232238769531e-07, -6.631016731262207e-07, 0.2663404941558838, -0.34431856870651245, -0.9002819061279297, 0.5323437452316284, 0.8311920166015625, -0.1604055017232895, 0.8035378456115723, -0.436536967754364, 0.4046759009361267),
            ["RightUpperArm"] = CFrame.new(-5.960464477539063e-08, 3.5762786865234375e-07, 2.9802322387695312e-08, 0.8915141820907593, -0.18832288682460785, 0.4119914472103119, 0.35212981700897217, 0.8602460026741028, -0.36875686049461365, -0.28496867418289185, 0.47382643818855286, 0.8332354426383972),
            ["RightLowerLeg"] = CFrame.new(4.470348358154297e-08, 1.1920928955078125e-07, 9.110226528719068e-08, 1, -1.1175873737556685e-07, -4.4703497792397684e-08, 1.2665987014770508e-07, 0.5662270188331604, 0.8242491483688354, -5.960464477539063e-08, -0.8242493867874146, 0.566227376461029),
            ["LeftUpperLeg"] = CFrame.new(-5.960464477539063e-08, 5.466863512992859e-07, 9.313225746154785e-09, 0.9992690682411194, -0.004768300335854292, 0.037930212914943695, 0.015766358003020287, 0.9552827477455139, -0.2952733635902405, -0.034826092422008514, 0.29565542936325073, 0.9546597003936768),
            ["LeftLowerLeg"] = CFrame.new(7.264316082000732e-08, 5.960464477539063e-08, -4.0978193283081055e-08, 1, 7.729979500936679e-08, 2.421439049271612e-08, -7.823110337312755e-08, 0.5598873496055603, 0.8285687565803528, 2.51457130673316e-08, -0.8285687565803528, 0.5598873496055603),
        }},
        {Time = 0.100, Data = {
            ["RightFoot"] = CFrame.new(4.0978193283081055e-08, 2.384185791015625e-07, 4.639878170564771e-08, 0.9982097148895264, 0.052586156874895096, -0.02849881909787655, -0.059808552265167236, 0.8827604055404663, -0.46600082516670227, 0.0006524512427859008, 0.4668714106082916, 0.8843252062797546),
            ["LeftLowerArm"] = CFrame.new(1.1920928955078125e-07, 1.1920928955078125e-07, -4.172325134277344e-07, 1, -5.960463766996327e-08, -7.450578820566989e-09, -2.9802315282267955e-08, 0.9021783471107483, -0.43136337399482727, -2.9802315282267955e-08, 0.4313632845878601, 0.9021782279014587),
            ["LeftFoot"] = CFrame.new(-3.958120942115784e-09, 5.960464477539063e-08, 7.450580596923828e-09, 0.9850325584411621, 0.0013224417343735695, 0.1723633110523224, 0.0668669044971466, 0.9187300801277161, -0.38918378949165344, -0.158870130777359, 0.39488402009010315, 0.9048905372619629),
            ["Head"] = CFrame.new(-6.332993507385254e-08, 2.384185791015625e-07, 8.195638656616211e-08, 0.9885144233703613, -0.14248427748680115, 0.05037495493888855, 0.14948149025440216, 0.9708901643753052, -0.18715636432170868, -0.02224171720445156, 0.19253695011138916, 0.9810376167297363),
            ["LowerTorso"] = CFrame.new(0.09790921211242676, -0.1720050573348999, 0.07412457466125488, 0.9883720874786377, 0.02920703962445259, -0.14922335743904114, -0.05576659366488457, 0.9826223254203796, -0.17704105377197266, 0.14145934581756592, 0.183304101228714, 0.9728252291679382),
            ["UpperTorso"] = CFrame.new(-5.122274160385132e-09, 8.940696716308594e-08, -7.450580596923828e-09, 0.9974507093429565, 0.07124961912631989, 0.003965772222727537, -0.0657092034816742, 0.8953731060028076, 0.44044229388237, 0.0278304573148489, -0.4395800530910492, 0.8977721929550171),
            ["HumanoidRootPart"] = CFrame.new(0, 0, 0, 1, 0, 0, 0, 1, 0, 0, 0, 1),
            ["RightUpperLeg"] = CFrame.new(-5.960464477539063e-08, 1.8998980522155762e-07, -3.149762051180005e-08, 0.9734675288200378, -0.19420483708381653, -0.12101851403713226, 0.14223389327526093, 0.9278314113616943, -0.3448167145252228, 0.17924977838993073, 0.3184548318386078, 0.9308362603187561),
            ["LeftUpperArm"] = CFrame.new(5.960464477539063e-08, 3.5762786865234375e-07, 7.450580596923828e-09, 0.6180881857872009, 0.5432100892066956, -0.5682336091995239, -0.35233747959136963, 0.8376033902168274, 0.417467325925827, 0.7027269601821899, -0.057821646332740784, 0.7091062068939209),
            ["RightLowerArm"] = CFrame.new(-1.4901161193847656e-07, 5.960464477539063e-08, 3.725290298461914e-09, 1, -7.82310962677002e-08, 1.2665984172599565e-07, 8.009372010064908e-08, -0.16613879799842834, -0.9861024618148804, 1.247971965767647e-07, 0.9861024618148804, -0.16613873839378357),
            ["LeftHand"] = CFrame.new(0, 4.172325134277344e-07, 1.4901161193847656e-07, 0.3473222553730011, -0.043820664286613464, -0.9367213845252991, -0.22106756269931793, 0.9669275283813477, -0.12720225751399994, 0.9113157391548157, 0.2512589991092682, 0.3261481523513794),
            ["RightHand"] = CFrame.new(0, 0, -7.450580596923828e-08, 0.2969939708709717, -0.33005180954933167, -0.8960249423980713, 0.5285683870315552, 0.8383125066757202, -0.13359558582305908, 0.7952421307563782, -0.4339333474636078, 0.42342838644981384),
            ["RightUpperArm"] = CFrame.new(1.1920928955078125e-07, 5.960464477539062e-07, 1.3783574104309082e-07, 0.8954119086265564, -0.22356419265270233, 0.38504084944725037, 0.34676727652549744, 0.8925949335098267, -0.28814375400543213, -0.2792670428752899, 0.39152687788009644, 0.8767649531364441),
            ["RightLowerLeg"] = CFrame.new(-1.4901161193847656e-08, 2.384185791015625e-07, 6.129994289949536e-08, 1, -8.56816981809061e-08, -6.332996349556197e-08, 1.2293457984924316e-07, 0.533633291721344, 0.8457158803939819, -7.450580596923828e-08, -0.8457160592079163, 0.5336335301399231),
            ["LeftUpperLeg"] = CFrame.new(0, -1.4086253941059113e-08, 2.6775524020195007e-08, 0.9979569315910339, -0.05737973377108574, 0.028099697083234787, 0.06331409513950348, 0.9471238851547241, -0.314559668302536, -0.008564540185034275, 0.31569617986679077, 0.9488217234611511),
            ["LeftLowerLeg"] = CFrame.new(-2.8870999813079834e-08, 5.960464477539063e-08, -7.450580596923828e-08, 1, 8.242206916975192e-08, 6.007031316812572e-08, -7.869675755500793e-08, 0.5121442079544067, 0.8588994145393372, 5.075708031654358e-08, -0.8588994145393372, 0.5121443271636963),
        }},
        {Time = 0.133, Data = {
            ["RightFoot"] = CFrame.new(1.1827796697616577e-07, 4.172325134277344e-07, 1.6952981241047382e-09, 0.9990338683128357, 0.033780284225940704, -0.028112439438700676, -0.043171994388103485, 0.8740109205245972, -0.4839843809604645, 0.008221544325351715, 0.4847308099269867, 0.874625027179718),
            ["LeftLowerArm"] = CFrame.new(0, -1.7881393432617188e-07, 1.4901161193847656e-07, 1, 2.980232594040899e-08, 6.70552182668871e-08, 2.980232594040899e-08, 0.9029034972190857, -0.42984357476234436, 7.450581307466564e-08, 0.4298434853553772, 0.9029033780097961),
            ["LeftFoot"] = CFrame.new(1.5832483768463135e-08, -1.1920928955078125e-07, 7.450580596923828e-09, 0.9808950424194336, 0.02561461552977562, 0.19284382462501526, 0.049744877964258194, 0.9253115653991699, -0.37593069672584534, -0.18807010352611542, 0.37834155559539795, 0.9063594341278076),
            ["Head"] = CFrame.new(2.421438694000244e-08, 1.1920928955078125e-07, 1.8067657947540283e-07, 0.9936640858650208, -0.11218181252479553, 0.006862392649054527, 0.11173275858163834, 0.9793952703475952, -0.1682283580303192, 0.01215115375816822, 0.1679292917251587, 0.9857242703437805),
            ["LowerTorso"] = CFrame.new(0.12884926795959473, -0.17334866523742676, 0.08392095565795898, 0.9906672835350037, 0.04765956103801727, -0.1276986300945282, -0.07135995477437973, 0.9795722961425781, -0.18800511956214905, 0.11612977832555771, 0.19536305963993073, 0.9738311767578125),
            ["UpperTorso"] = CFrame.new(1.210719347000122e-08, -8.940696716308594e-08, 1.4901161193847656e-08, 0.998908519744873, 0.04399419203400612, 0.015697132796049118, -0.04636096954345703, 0.8927270174026489, 0.44820675253868103, 0.005705269519239664, -0.44844529032707214, 0.8937921524047852),
            ["HumanoidRootPart"] = CFrame.new(0, 0, 0, 1, 0, 0, 0, 1, 0, 0, 0, 1),
            ["RightUpperLeg"] = CFrame.new(0, 2.421438694000244e-07, 1.3205863069742918e-08, 0.9682774543762207, -0.20462049543857574, -0.14342017471790314, 0.1452263593673706, 0.927899956703186, -0.3433817923069, 0.20334255695343018, 0.31166043877601624, 0.9281808137893677),
            ["LeftUpperArm"] = CFrame.new(5.960464477539063e-08, 7.152557373046875e-07, 1.7508864402770996e-07, 0.5944981575012207, 0.5188024640083313, -0.6143419146537781, -0.37110182642936707, 0.8548053503036499, 0.36275535821914673, 0.7133410573005676, 0.012325899675488472, 0.7007086277008057),
            ["RightLowerArm"] = CFrame.new(2.384185791015625e-07, 3.5762786865234375e-07, -2.60770320892334e-08, 1, -3.4458938813486384e-08, 8.568168397005138e-08, 9.03382755268467e-08, -0.07249204069375992, -0.9973689913749695, 7.943889812622729e-08, 0.9973689913749695, -0.07249191403388977),
            ["LeftHand"] = CFrame.new(5.960464477539063e-08, -1.7881393432617188e-07, 1.1920928955078125e-07, 0.3403353691101074, -0.03559986501932144, -0.9396300315856934, -0.2550533413887024, 0.9583251476287842, -0.12868884205818176, 0.9050523638725281, 0.2834530472755432, 0.31707215309143066),
            ["RightHand"] = CFrame.new(2.2351741790771484e-07, 5.960464477539063e-08, 2.2351741790771484e-08, 0.3276745676994324, -0.31805986166000366, -0.8896444439888, 0.5176630616188049, 0.8481484055519104, -0.1125585213303566, 0.7903507947921753, -0.42365363240242004, 0.44256457686424255),
            ["RightUpperArm"] = CFrame.new(2.384185791015625e-07, 4.76837158203125e-07, 1.1920928955078125e-07, 0.9030335545539856, -0.22372967004776, 0.3667089641094208, 0.3152882158756256, 0.9249982237815857, -0.21206535398960114, -0.2917598485946655, 0.30712103843688965, 0.9058437347412109),
            ["RightLowerLeg"] = CFrame.new(6.705522537231445e-08, 2.980232238769531e-07, 3.149762051180005e-08, 1, -1.2665987014770508e-07, -1.2665992699112394e-07, 1.4901161193847656e-07, 0.5133728384971619, 0.8581655621528625, -7.078051567077637e-08, -0.8581656813621521, 0.5133731365203857),
            ["LeftUpperLeg"] = CFrame.new(5.960464477539063e-08, 2.6542693376541138e-08, 9.12696123123169e-08, 0.9942654371261597, -0.095360167324543, 0.048402585089206696, 0.10590734332799911, 0.9408009052276611, -0.32198962569236755, -0.014832153916358948, 0.3252694308757782, 0.9455050826072693),
            ["LeftLowerLeg"] = CFrame.new(-2.9802322387695312e-08, 5.960464477539063e-08, -1.4901161193847656e-08, 1, 9.126962652317161e-08, 5.215408194203519e-08, -7.264316082000732e-08, 0.50072181224823, 0.8656083941459656, 4.0978193283081055e-08, -0.865608274936676, 0.5007217526435852),
        }},
        {Time = 0.167, Data = {
            ["RightFoot"] = CFrame.new(-1.4901161193847656e-08, 4.172325134277344e-07, 2.4047039914876223e-08, 0.9995315670967102, 0.014617686159908772, -0.02688959613442421, -0.026042768731713295, 0.8677422404289246, -0.49633175134658813, 0.016078026965260506, 0.49679964780807495, 0.867716372013092),
            ["LeftLowerArm"] = CFrame.new(0, 0, -8.940696716308594e-08, 1, -5.960464477539063e-08, -2.607702498380604e-08, 4.4703490686970326e-08, 0.9028753638267517, -0.42990225553512573, 2.980232594040899e-08, 0.4299023747444153, 0.9028754830360413),
            ["LeftFoot"] = CFrame.new(9.313225746154785e-09, 1.1920928955078125e-07, -7.450580596923828e-09, 0.9792158603668213, 0.05395619198679924, 0.19551217555999756, 0.026169931516051292, 0.9222949147224426, -0.3856002688407898, -0.20112544298171997, 0.38270220160484314, 0.9017136693000793),
            ["Head"] = CFrame.new(1.862645149230957e-09, 2.384185791015625e-07, -2.039596438407898e-07, 0.9955387115478516, -0.08777785301208496, -0.034609485417604446, 0.08137776702642441, 0.9844166040420532, -0.1558893918991089, 0.047753799706697464, 0.15237757563591003, 0.9871680736541748),
            ["LowerTorso"] = CFrame.new(0.1602735072374344, -0.1715991497039795, 0.09187158942222595, 0.9920480251312256, 0.06239096820354462, -0.1093071699142456, -0.0826897844672203, 0.9778386354446411, -0.1923382580280304, 0.09488458931446075, 0.19984735548496246, 0.9752220511436462),
            ["UpperTorso"] = CFrame.new(-1.6763806343078613e-08, 8.940696716308594e-08, 4.284083843231201e-08, 0.9992746710777283, 0.020842432975769043, 0.03187032416462898, -0.03298167511820793, 0.8920431733131409, 0.450745165348053, -0.01903507299721241, -0.451469361782074, 0.8920836448669434),
            ["HumanoidRootPart"] = CFrame.new(0, 0, 0, 1, 0, 0, 0, 1, 0, 0, 0, 1),
            ["RightUpperLeg"] = CFrame.new(0, 4.470348358154297e-08, 3.55576048605144e-08, 0.9637247323989868, -0.2085171788930893, -0.16659952700138092, 0.1420561969280243, 0.9291852712631226, -0.3412254750728607, 0.22595320641994476, 0.30518093705177307, 0.9250999093055725),
            ["LeftUpperArm"] = CFrame.new(0, 7.152557373046875e-07, -1.8812716007232666e-07, 0.537943422794342, 0.5067265629768372, -0.6736804246902466, -0.4121897518634796, 0.8552274703979492, 0.31414273381233215, 0.7353343963623047, 0.1086932122707367, 0.6689313650131226),
            ["RightLowerArm"] = CFrame.new(-5.960464477539063e-08, -4.172325134277344e-07, -1.341104507446289e-07, 1, -1.0523943672069436e-07, 9.546056389808655e-08, 9.778888454547996e-08, -0.005520443897694349, -0.9999848008155823, 5.9138990593510243e-08, 0.9999847412109375, -0.005520448088645935),
            ["LeftHand"] = CFrame.new(2.384185791015625e-07, -5.960464477539063e-08, -2.9802322387695312e-08, 0.3403145968914032, -0.040784530341625214, -0.9394268989562988, -0.2708659768104553, 0.9524593353271484, -0.13947352766990662, 0.9004541635513306, 0.30192360281944275, 0.31308820843696594),
            ["RightHand"] = CFrame.new(1.4901161193847656e-07, 1.1920928955078125e-07, -3.46451997756958e-07, 0.34917089343070984, -0.30518510937690735, -0.8859694600105286, 0.5037770867347717, 0.8583558797836304, -0.0971287414431572, 0.7901191711425781, -0.4124164581298828, 0.4534580409526825),
            ["RightUpperArm"] = CFrame.new(0, 5.960464477539062e-07, -2.60770320892334e-07, 0.9135670065879822, -0.20352886617183685, 0.35209596157073975, 0.2721817195415497, 0.9492698907852173, -0.15749220550060272, -0.30217987298965454, 0.23971374332904816, 0.9226184487342834),
            ["RightLowerLeg"] = CFrame.new(-1.3969838619232178e-07, 1.1920928955078125e-07, 3.149762051180005e-08, 1, -1.2479723920932884e-07, -2.5145718396402117e-08, 1.266598843585598e-07, 0.5047482252120972, 0.8632662892341614, -8.381903882082042e-08, -0.86326664686203, 0.5047488212585449),
            ["LeftUpperLeg"] = CFrame.new(0, 2.7194619178771973e-07, 2.2351741790771484e-08, 0.9875873327255249, -0.09910783916711807, 0.12185613065958023, 0.1283666491508484, 0.9563446044921875, -0.26253944635391235, -0.09051670879125595, 0.2749229967594147, 0.9571959972381592),
            ["LeftLowerLeg"] = CFrame.new(-4.190951585769653e-08, 5.960464477539063e-08, -2.3650500224903226e-08, 1, 6.891789183782748e-08, 4.0978196835794733e-08, -6.984918599073353e-08, 0.5696868300437927, 0.8218616247177124, 3.8955473513624383e-08, -0.8218618631362915, 0.5696871876716614),
        }},
        {Time = 0.200, Data = {
            ["RightFoot"] = CFrame.new(-3.7834979593753815e-08, 2.384185791015625e-07, 1.6596459317952394e-08, 0.9996739625930786, -0.004819198977202177, -0.0250778179615736, -0.00838156882673502, 0.8657106757164001, -0.500474214553833, 0.024122033268213272, 0.5005216002464294, 0.8653882145881653),
            ["LeftLowerArm"] = CFrame.new(-2.384185791015625e-07, 5.960464477539063e-08, -8.940696716308594e-08, 1, -6.70552182668871e-08, 4.470347647611561e-08, 4.0978193283081055e-08, 0.9028744101524353, -0.4299044609069824, -7.450580596923828e-08, 0.42990440130233765, 0.9028744697570801),
            ["LeftFoot"] = CFrame.new(3.725290298461914e-09, -2.384185791015625e-07, 1.30385160446167e-08, 0.9806213974952698, 0.06849922239780426, 0.18354730308055878, 0.0096657145768404, 0.9188265204429626, -0.3945433497428894, -0.19567401707172394, 0.38867175579071045, 0.9003587961196899),
            ["Head"] = CFrame.new(-3.073364496231079e-08, 0, -4.284083843231201e-08, 0.9948013424873352, -0.07854369282722473, -0.06481793522834778, 0.0681769847869873, 0.9864808917045593, -0.14902156591415405, 0.07564635574817657, 0.1438279002904892, 0.9867072701454163),
            ["LowerTorso"] = CFrame.new(0.19189144670963287, -0.16646087169647217, 0.09515073895454407, 0.9924859404563904, 0.06836719810962677, -0.1014779806137085, -0.08706600219011307, 0.9773073196411133, -0.1931060254573822, 0.08597306162118912, 0.20049028098583221, 0.9759161472320557),
            ["UpperTorso"] = CFrame.new(4.563480615615845e-08, -2.9802322387695312e-08, 6.146728992462158e-08, 0.9986100196838379, 0.010076303035020828, 0.051735810935497284, -0.03226809576153755, 0.8929893970489502, 0.4489195942878723, -0.041676077991724014, -0.4499649405479431, 0.8920733332633972),
            ["HumanoidRootPart"] = CFrame.new(0, 0, 0, 1, 0, 0, 0, 1, 0, 0, 0, 1),
            ["RightUpperLeg"] = CFrame.new(0, 7.82310962677002e-08, 5.045876605436206e-08, 0.9623715281486511, -0.1990140676498413, -0.1850256323814392, 0.12922312319278717, 0.9341540932655334, -0.33265239000320435, 0.2390449196100235, 0.2962254583835602, 0.9247205257415771),
            ["LeftUpperArm"] = CFrame.new(-2.384185791015625e-07, 0, -5.21540641784668e-08, 0.5006392598152161, 0.4737279415130615, -0.7245290875434875, -0.44338458776474, 0.8591763973236084, 0.2553938031196594, 0.7434854507446289, 0.19338485598564148, 0.6401810050010681),
            ["RightLowerArm"] = CFrame.new(0, 4.76837158203125e-07, 1.4901161193847656e-08, 1, -1.3085083594432945e-07, 7.823110337312755e-08, 9.685754776000977e-08, 0.01749262772500515, -0.9998469948768616, 1.2619420886039734e-07, 0.9998470544815063, 0.017492715269327164),
            ["LeftHand"] = CFrame.new(1.1920928955078125e-07, -1.7881393432617188e-07, -1.6391277313232422e-07, 0.3475731313228607, -0.034081265330314636, -0.9370335340499878, -0.2790029048919678, 0.9503148794174194, -0.13805459439754486, 0.8951817750930786, 0.3094191253185272, 0.3207947313785553),
            ["RightHand"] = CFrame.new(-7.450580596923828e-08, 1.1920928955078125e-07, 3.2782554626464844e-07, 0.3604528605937958, -0.2955109775066376, -0.8847299814224243, 0.4955021142959595, 0.8642590641975403, -0.08679801225662231, 0.7902856469154358, -0.4070990979671478, 0.4579508900642395),
            ["RightUpperArm"] = CFrame.new(-1.1920928955078125e-07, 2.384185791015625e-07, -1.30385160446167e-08, 0.9272687435150146, -0.18363645672798157, 0.3262673318386078, 0.2323639988899231, 0.9655751585960388, -0.11692602932453156, -0.2935636639595032, 0.18423472344875336, 0.9380180239677429),
            ["RightLowerLeg"] = CFrame.new(-4.656612873077393e-10, 2.980232238769531e-07, 7.620110409334302e-08, 1, -8.917414362485943e-08, -5.296899630025109e-08, 1.2968666851520538e-07, 0.5113093256950378, 0.8593966960906982, -5.390029400587082e-08, -0.8593968749046326, 0.5113095641136169),
            ["LeftUpperLeg"] = CFrame.new(2.9802322387695312e-08, 3.818422555923462e-08, 4.470348358154297e-08, 0.9772690534591675, -0.09175655990839005, 0.19111797213554382, 0.1264750063419342, 0.9758284687995911, -0.17822183668613434, -0.1701454073190689, 0.19834230840206146, 0.9652517437934875),
            ["LeftLowerLeg"] = CFrame.new(2.0489096641540527e-08, 0, -5.587935447692871e-08, 1, 6.705524668859653e-08, 2.421439582178664e-08, -5.960464477539063e-08, 0.6640965342521667, 0.7476469278335571, 2.60770320892334e-08, -0.7476469278335571, 0.6640965342521667),
        }},
        {Time = 0.233, Data = {
            ["RightFoot"] = CFrame.new(-1.1641532182693481e-08, 3.5762786865234375e-07, 6.875052349641919e-08, 0.9997068643569946, 0.00679991627112031, -0.02323726750910282, -0.01638234779238701, 0.896664559841156, -0.4424068033695221, 0.017827680334448814, 0.44265830516815186, 0.8965134024620056),
            ["LeftLowerArm"] = CFrame.new(-5.960464477539063e-08, -5.364418029785156e-07, 5.960464477539063e-08, 1, -5.960465188081798e-08, 2.2351738238057806e-08, 8.009376273321323e-08, 0.9028470516204834, -0.4299619495868683, 2.980232949312267e-08, 0.4299620985984802, 0.9028469920158386),
            ["LeftFoot"] = CFrame.new(1.5832483768463135e-08, 0, 4.272442311048508e-08, 0.9721867442131042, 0.06389539688825607, 0.22532255947589874, 0.042057882994413376, 0.8987985849380493, -0.43633949756622314, -0.23039989173412323, 0.4336801767349243, 0.8711128830909729),
            ["Head"] = CFrame.new(-2.421438694000244e-08, -1.1920928955078125e-07, -5.587935447692871e-08, 0.9919373393058777, -0.09219393134117126, -0.08695194125175476, 0.07972719520330429, 0.9873135089874268, -0.13731619715690613, 0.09850850701332092, 0.12927673757076263, 0.9867035150527954),
            ["LowerTorso"] = CFrame.new(0.22244864702224731, -0.15823793411254883, 0.0934816300868988, 0.9945928454399109, 0.0413222536444664, -0.09527630358934402, -0.05697575584053993, 0.9841499328613281, -0.16793671250343323, 0.08682664483785629, 0.17245708405971527, 0.9811828136444092),
            ["UpperTorso"] = CFrame.new(0, -5.960464477539063e-08, -3.91155481338501e-08, 0.9956998229026794, 0.04308377578854561, 0.08201099932193756, -0.07329457253217697, 0.9077886939048767, 0.41297414898872375, -0.056656163185834885, -0.41720929741859436, 0.9070427417755127),
            ["HumanoidRootPart"] = CFrame.new(0, 0, 0, 1, 0, 0, 0, 1, 0, 0, 0, 1),
            ["RightUpperLeg"] = CFrame.new(-1.1920928955078125e-07, -7.078051567077637e-08, -3.894820110872388e-08, 0.9649643301963806, -0.1584099382162094, -0.20916539430618286, 0.07853873819112778, 0.9350165724754333, -0.3457973003387451, 0.25035086274147034, 0.31725436449050903, 0.9146989583969116),
            ["LeftUpperArm"] = CFrame.new(5.960464477539063e-08, -2.384185791015625e-07, -8.754432201385498e-08, 0.4818306565284729, 0.44441986083984375, -0.7552022933959961, -0.46054959297180176, 0.8616442680358887, 0.21322089433670044, 0.7454752922058105, 0.24507172405719757, 0.6198438405990601),
            ["RightLowerArm"] = CFrame.new(-8.940696716308594e-08, 2.980232238769531e-07, 1.1920928955078125e-07, 1, -1.7881393432617188e-07, 7.823108916227284e-08, 7.82310962677002e-08, 0.010829845443367958, -0.9999414086341858, 1.5692785382270813e-07, 0.999941349029541, 0.010829825885593891),
            ["LeftHand"] = CFrame.new(5.960464477539063e-08, -1.1920928955078125e-07, -2.9802322387695312e-08, 0.33813098073005676, -0.03988976404070854, -0.9402533769607544, -0.2935618460178375, 0.9447789192199707, -0.1456514447927475, 0.894141435623169, 0.3252716660499573, 0.30774861574172974),
            ["RightHand"] = CFrame.new(1.4901161193847656e-07, 1.1920928955078125e-07, -2.384185791015625e-07, 0.29064008593559265, -0.316682904958725, -0.902906596660614, 0.5188090801239014, 0.8450422883033752, -0.12938624620437622, 0.8039685487747192, -0.4308312237262726, 0.409900963306427),
            ["RightUpperArm"] = CFrame.new(-5.960464477539063e-08, 2.384185791015625e-07, -5.774199962615967e-08, 0.9153720140457153, -0.20291174948215485, 0.3477369248867035, 0.2394942343235016, 0.9687076807022095, -0.06517624855041504, -0.32363027334213257, 0.1429414600133896, 0.9353241324424744),
            ["RightLowerLeg"] = CFrame.new(-2.0489096641540527e-08, 4.76837158203125e-07, -1.0261283023282886e-07, 1, -9.313225746154785e-08, -9.592626781795843e-08, 1.2665985593685036e-07, 0.5198284387588501, 0.8542705774307251, -7.357447628919545e-08, -0.8542707562446594, 0.5198286771774292),
            ["LeftUpperLeg"] = CFrame.new(0, 4.377216100692749e-08, -3.91155481338501e-08, 0.9854626655578613, -0.06860578805208206, 0.15542401373386383, 0.09714356064796448, 0.9780757427215576, -0.18420404195785522, -0.13937893509864807, 0.19662459194660187, 0.9705217480659485),
            ["LeftLowerLeg"] = CFrame.new(2.514570951461792e-08, 1.1920928955078125e-07, -1.1175870895385742e-08, 1, 6.891787052154541e-08, 2.7706857252951522e-08, -5.867331509534779e-08, 0.688005268573761, 0.7257059216499329, 3.166496398421259e-08, -0.7257056832313538, 0.6880050897598267),
        }},
        {Time = 0.267, Data = {
            ["RightFoot"] = CFrame.new(1.909211277961731e-08, 2.384185791015625e-07, -6.535992724820971e-08, 0.9982327818870544, 0.05710688233375549, -0.016441412270069122, -0.05937443673610687, 0.9468445181846619, -0.31616443395614624, -0.0024877749383449554, 0.31658220291137695, 0.9485620260238647),
            ["LeftLowerArm"] = CFrame.new(5.960464477539063e-08, -5.960464477539063e-08, -2.9802322387695312e-08, 1, -3.7252888773764425e-08, -6.51925713412993e-09, 6.705521116145974e-08, 0.9077348709106445, -0.4195445477962494, 5.960463056453591e-08, 0.41954442858695984, 0.9077348113059998),
            ["LeftFoot"] = CFrame.new(-1.7695128917694092e-08, 0, -3.731111064553261e-08, 0.9716403484344482, 0.046406108886003494, 0.23186533153057098, 0.06694583594799042, 0.8864508271217346, -0.45795536041259766, -0.22678925096988678, 0.460490345954895, 0.85820472240448),
            ["Head"] = CFrame.new(1.618172973394394e-08, -1.1920928955078125e-07, 1.210719347000122e-08, 0.9868251085281372, -0.12764789164066315, -0.09941001236438751, 0.11306554079055786, 0.9835891127586365, -0.14060133695602417, 0.115726038813591, 0.1275091916322708, 0.9850630164146423),
            ["LowerTorso"] = CFrame.new(0.25265318155288696, -0.14732587337493896, 0.09005402028560638, 0.9960248470306396, -0.013991709798574448, -0.08797017484903336, 0.003142117988318205, 0.9924906492233276, -0.12228025496006012, 0.08902047574520111, 0.12151774764060974, 0.9885894060134888),
            ["UpperTorso"] = CFrame.new(1.0244548320770264e-08, 0, -2.0489096641540527e-08, 0.9875379204750061, 0.11185858398675919, 0.11070891469717026, -0.14406655728816986, 0.9256812930107117, 0.34979841113090515, -0.06335321068763733, -0.3613887131214142, 0.9302605390548706),
            ["HumanoidRootPart"] = CFrame.new(0, 0, 0, 1, 0, 0, 0, 1, 0, 0, 0, 1),
            ["RightUpperLeg"] = CFrame.new(-2.9802322387695312e-08, 2.2724270820617676e-07, -2.4047039914876223e-08, 0.9711264371871948, -0.09515947848558426, -0.2187650501728058, 0.005327889695763588, 0.9254245758056641, -0.3788944482803345, 0.2385060340166092, 0.3667888343334198, 0.8992112874984741),
            ["LeftUpperArm"] = CFrame.new(-1.1920928955078125e-07, 4.76837158203125e-07, 1.5925616025924683e-07, 0.46343591809272766, 0.4127340614795685, -0.784141480922699, -0.4599413573741913, 0.8684085607528687, 0.1852579116821289, 0.7574174404144287, 0.27480390667915344, 0.5922850966453552),
            ["RightLowerArm"] = CFrame.new(1.7881393432617188e-07, 2.384185791015625e-07, 5.960464477539063e-08, 1, -1.2479722499847412e-07, 6.332992796842518e-08, 8.195637946073475e-08, -0.005189217627048492, -0.9999865889549255, 1.164153076160801e-07, 0.9999865889549255, -0.005189220886677504),
            ["LeftHand"] = CFrame.new(1.1920928955078125e-07, -3.5762786865234375e-07, 5.960464477539063e-08, 0.3446897566318512, -0.037593774497509, -0.9379637241363525, -0.29686543345451355, 0.9435506463050842, -0.14691200852394104, 0.8905391693115234, 0.3290882706642151, 0.31407174468040466),
            ["RightHand"] = CFrame.new(5.960464477539063e-08, -1.1920928955078125e-07, 1.4901161193847656e-08, 0.26811298727989197, -0.3471553921699524, -0.8986648917198181, 0.526822566986084, 0.833820104598999, -0.16493043303489685, 0.8065813779830933, -0.4292169511318207, 0.40644729137420654),
            ["RightUpperArm"] = CFrame.new(2.384185791015625e-07, 4.76837158203125e-07, 1.3783574104309082e-07, 0.8992111682891846, -0.24042348563671112, 0.36553508043289185, 0.2756139934062958, 0.960143506526947, -0.046491265296936035, -0.3397884666919708, 0.14255203306674957, 0.9296358823776245),
