return {
    ["Snare Solo"] = {
        {Time = 0.000, Data = {
            ["LeftLowerArm"] = CFrame.new(4.76837158203125e-07, 2.384185791015625e-07, -1.7881393432617188e-07, 1, 1.6297848404178694e-08, 1.0431013208744844e-07, 6.705522537231445e-08, 0.4803802967071533, -0.8770601749420166, -3.3527612686157227e-08, 0.8770604133605957, 0.48038041591644287),
            ["LeftFoot"] = CFrame.new(-2.9802322387695312e-08, 1.7881393432617188e-07, 8.568167686462402e-08, 0.8656991720199585, -0.48716646432876587, -0.11505427956581116, 0.3874858319759369, 0.7976953983306885, -0.4621025025844574, 0.31689101457595825, 0.3554587960243225, 0.8793314099311829),
            ["RightHand"] = CFrame.new(-1.4901161193847656e-07, -2.384185791015625e-07, 2.1792948246002197e-07, 0.8702687621116638, -0.47213682532310486, -0.14042553305625916, 0.4683358669281006, 0.8814354538917542, -0.06110020726919174, 0.15262363851070404, -0.012592699378728867, 0.9882042407989502),
            ["HumanoidRootPart"] = CFrame.new(0, 0, 0, 1, 0, 0, 0, 1, 0, 0, 0, 1),
            ["LeftStick"] = CFrame.new(0.28553056716918945, -0.5602233409881592, 0.18625609576702118, 0.5790783166885376, 0.4276716709136963, -0.6940644979476929, -0.23194614052772522, -0.7297475934028625, -0.6432041525840759, -0.7815813422203064, 0.533446729183197, -0.3233618140220642),
            ["RightLowerLeg"] = CFrame.new(-1.448206603527069e-07, 1.7881393432617188e-07, 5.960464477539063e-08, 1, -2.5494966848782497e-07, -2.495945921054954e-07, 3.5716223578674544e-07, 0.48633742332458496, 0.8737712502479553, -2.7567151050789107e-07, -0.873771071434021, 0.48633721470832825),
            ["LeftUpperLeg"] = CFrame.new(-1.1920928955078125e-07, 6.752088665962219e-08, 3.3527612686157227e-08, 0.8480483293533325, 0.3714580535888672, -0.3779285252094269, -0.45585745573043823, 0.8750224709510803, -0.16287608444690704, 0.27020007371902466, 0.31041041016578674, 0.9113953709602356),
            ["LeftLowerLeg"] = CFrame.new(1.4668330550193787e-07, -1.7881393432617188e-07, 1.1175870895385742e-08, 1, 0.0000011250406259932788, 7.320180657188757e-07, -0.0000011473892982394318, 0.5663386583328247, 0.8241753578186035, 5.662440685227921e-07, -0.8241726160049438, 0.5663348436355591),
            ["RightUpperArm"] = CFrame.new(1.1920928955078125e-07, 8.344650268554688e-07, -1.1920928955078125e-07, 0.8003336191177368, -0.31838998198509216, 0.5080403089523315, 0.5629690885543823, 0.6905526518821716, -0.45411252975463867, -0.20623290538787842, 0.6494343280792236, 0.7318995594978333),
            ["Head"] = CFrame.new(2.0489096641540527e-08, -2.384185791015625e-07, -2.0209699869155884e-07, 0.9917656183242798, -0.0784367099404335, -0.10123548656702042, 0.07305525988340378, 0.9957646727561951, -0.055818378925323486, 0.10518496483564377, 0.047963034361600876, 0.993295431137085),
            ["UpperTorso"] = CFrame.new(9.220093488693237e-08, 2.086162567138672e-07, -7.968628779053688e-08, 0.9981358647346497, 0.022298606112599373, -0.056813038885593414, 0.009891167283058167, 0.859460711479187, 0.5111061930656433, 0.06022551283240318, -0.5107153654098511, 0.8576379418373108),
            ["RightStick"] = CFrame.new(0.20576441287994385, -0.22447353601455688, 0.02487945556640625, -0.35696807503700256, 0.6080836653709412, -0.7090854048728943, -0.15904773771762848, 0.708454430103302, 0.6876085996627808, 0.9204769134521484, 0.35822707414627075, -0.1561802178621292),
            ["LeftUpperArm"] = CFrame.new(5.960464477539063e-08, -1.1920928955078125e-07, -2.1606683731079102e-07, 0.9152034521102905, -0.11649220436811447, -0.3857986629009247, -0.20720744132995605, 0.6850656270980835, -0.6984060406684875, 0.34564098715782166, 0.719106912612915, 0.602817177772522),
            ["RightLowerArm"] = CFrame.new(-4.470348358154297e-07, 7.152557373046875e-07, 1.4808028936386108e-07, 1, 3.725207253779672e-09, 6.240003358470858e-08, 1.1175872316471214e-07, 0.2761479914188385, -0.9611151814460754, -9.685756197086448e-08, 0.9611151814460754, 0.27614814043045044),
            ["LeftHand"] = CFrame.new(-4.470348358154297e-08, -1.1920928955078125e-07, -2.7567148208618164e-07, 0.3992820382118225, -0.29132410883903503, 0.8693124055862427, 0.4813603460788727, 0.8735882043838501, 0.07166431844234467, -0.78029865026474, 0.3898383677005768, 0.48903995752334595),
            ["SnareSoloHandle"] = CFrame.new(0.3378260135650635, -1.0341684818267822, -0.044726014137268066, 0.9994237422943115, 0.03393692523241043, 0.0006954489508643746, -0.033943478018045425, 0.9993159770965576, 0.014678792096674442, -0.00019682019774336368, -0.01469393726438284, 0.9998921155929565),
            ["RightFoot"] = CFrame.new(1.2083910405635834e-07, 0, 7.450580596923828e-09, 0.8920627236366272, 0.37374475598335266, -0.2540493607521057, -0.4318389296531677, 0.8706707954406738, -0.23546870052814484, 0.133189395070076, 0.31976139545440674, 0.9380902647972107),
            ["RightUpperLeg"] = CFrame.new(5.960464477539063e-08, 3.8463622331619263e-07, 6.705522537231445e-08, 0.9154196977615356, -0.25860595703125, 0.30843162536621094, 0.38609954714775085, 0.78070068359375, -0.4913567900657654, -0.11372743546962738, 0.5688844323158264, 0.8145173788070679),
            ["LowerTorso"] = CFrame.new(0.008675247430801392, -0.3727928400039673, 0.399188756942749, 0.9971062541007996, 0.0068374681286513805, -0.0757133737206459, -0.017695095390081406, 0.98946613073349, -0.14367924630641937, 0.07393341511487961, 0.14460328221321106, 0.9867238402366638),
        }},
        {Time = 0.033, Data = {
            ["LeftLowerArm"] = CFrame.new(2.980232238769531e-07, 4.76837158203125e-07, 0, 1, 9.313069426752918e-09, 8.195783607334306e-08, 8.568165554834195e-08, 0.5440413355827332, -0.8390583992004395, -5.774198541530495e-08, 0.8390584588050842, 0.5440414547920227),
            ["LeftFoot"] = CFrame.new(4.470348358154297e-08, 1.1920928955078125e-07, 3.725290298461914e-08, 0.9239917993545532, -0.3823487162590027, 0.007037262432277203, 0.3444797098636627, 0.8241977691650391, -0.44948309659957886, 0.166050985455513, 0.417741060256958, 0.893261194229126),
            ["RightHand"] = CFrame.new(-2.086162567138672e-07, -3.5762786865234375e-07, 4.544854164123535e-07, 0.9433946013450623, -0.07898036390542984, 0.32213154435157776, 0.046376846730709076, 0.9931043982505798, 0.10767043381929398, -0.32841408252716064, -0.08663631975650787, 0.9405521154403687),
            ["HumanoidRootPart"] = CFrame.new(0, 0, 0, 1, 0, 0, 0, 1, 0, 0, 0, 1),
            ["LeftStick"] = CFrame.new(0.27655887603759766, -0.5612884759902954, 0.17342513799667358, 0.4164228141307831, 0.4941953122615814, -0.7630999088287354, -0.1291532665491104, -0.7986903190612793, -0.5877509117126465, -0.8999509215354919, 0.3433144986629486, -0.2687515318393707),
            ["RightLowerLeg"] = CFrame.new(1.7462298274040222e-08, -5.960464477539063e-08, -9.685754776000977e-08, 1, -0.0000012801048114852165, -6.482002277152787e-07, 0.0000012787064633812406, 0.5423100590705872, 0.8401795029640198, -6.360936026794661e-07, -0.8401784300804138, 0.5423084497451782),
            ["LeftUpperLeg"] = CFrame.new(2.682209014892578e-07, -4.246830940246582e-07, 1.4901161193847656e-08, 0.8401592373847961, 0.34633710980415344, -0.41734614968299866, -0.38616666197776794, 0.9223513007164001, -0.011975916102528572, 0.38079890608787537, 0.1712273806333542, 0.9086686372756958),
            ["LeftLowerLeg"] = CFrame.new(4.0978193283081055e-08, 1.1920928955078125e-07, -7.450580596923828e-09, 1, 0, 1.4156066185933014e-07, -1.266598843585598e-07, 0.7184049487113953, 0.6956296563148499, -6.705523247774181e-08, -0.6956252455711365, 0.7184005379676819),
            ["RightUpperArm"] = CFrame.new(1.1920928955078125e-07, 2.384185791015625e-07, -1.564621925354004e-07, 0.723987877368927, -0.3130822479724884, 0.6146836280822754, 0.6071128249168396, 0.7122586965560913, -0.35230082273483276, -0.32749924063682556, 0.6282253265380859, 0.7057254314422607),
            ["Head"] = CFrame.new(7.450580596923828e-09, 5.960464477539062e-07, 1.8347054719924927e-07, 0.9889993071556091, -0.08188202977180481, -0.1231902614235878, 0.07649020850658417, 0.9959197640419006, -0.04788656905293465, 0.12660861015319824, 0.03793707117438316, 0.9912270903587341),
            ["UpperTorso"] = CFrame.new(8.009374141693115e-08, 1.4901161193847656e-07, -5.657784640789032e-08, 0.9967952370643616, 0.017239974811673164, -0.07811592519283295, 0.026483692228794098, 0.850315511226654, 0.5256065130233765, 0.07548462599515915, -0.525990903377533, 0.8471338748931885),
            ["RightStick"] = CFrame.new(0.20576435327529907, -0.22447359561920166, 0.024879634380340576, -0.4165947437286377, 0.7338771224021912, -0.5365304946899414, -0.17344705760478973, 0.515179455280304, 0.839350163936615, 0.8923928737640381, 0.4427355229854584, -0.08732954412698746),
            ["LeftUpperArm"] = CFrame.new(0, 3.5762786865234375e-07, -1.1920928955078125e-07, 0.9188544750213623, -0.12529687583446503, -0.374187171459198, -0.17827202379703522, 0.7141650915145874, -0.6769108176231384, 0.3520306646823883, 0.6886718273162842, 0.6338578462600708),
            ["RightLowerArm"] = CFrame.new(0, -4.172325134277344e-07, 1.1920928955078125e-07, 1, -2.980170776822888e-08, 4.8429779297975983e-08, 1.1920928955078125e-07, 0.38719868659973145, -0.9219963550567627, -3.3527612686157227e-08, 0.9219962954521179, 0.3871987760066986),
            ["LeftHand"] = CFrame.new(3.129243850708008e-07, -1.1920928955078125e-07, -1.341104507446289e-07, 0.5487791895866394, -0.31272608041763306, 0.7752701640129089, 0.531732439994812, 0.8461865186691284, -0.03505757078528404, -0.6450597643852234, 0.43147513270378113, 0.6306561231613159),
            ["SnareSoloHandle"] = CFrame.new(0.3347199261188507, -1.0328757762908936, -0.04184448719024658, 0.999765157699585, 0.021660687401890755, -0.0006813180516473949, -0.021671341732144356, 0.9993401169776917, -0.029152533039450645, 0.000049404585297452286, 0.029160453006625175, 0.9995748400688171),
            ["RightFoot"] = CFrame.new(-5.8673322200775146e-08, 1.7881393432617188e-07, 2.2351741790771484e-08, 0.9015914797782898, 0.3531895577907562, -0.2497827559709549, -0.41104656457901, 0.879390299320221, -0.2402338683605194, 0.1348092257976532, 0.31926456093788147, 0.9380278587341309),
            ["RightUpperLeg"] = CFrame.new(-2.9802322387695312e-08, 1.6577541828155518e-07, 1.9744038581848145e-07, 0.9232015609741211, -0.29334285855293274, 0.24829158186912537, 0.37523019313812256, 0.8276548385620117, -0.41735878586769104, -0.08307328820228577, 0.47847405076026917, 0.8741642236709595),
            ["LowerTorso"] = CFrame.new(0.025410667061805725, -0.32631754875183105, 0.37840598821640015, 0.9990440607070923, 0.017296362668275833, -0.040146805346012115, -0.0240730382502079, 0.9842743277549744, -0.17499911785125732, 0.036488618701696396, 0.1757984459400177, 0.9837497472763062),
        }},
        {Time = 0.067, Data = {
            ["LeftLowerArm"] = CFrame.new(1.1920928955078125e-07, -7.152557373046875e-07, -1.1920928955078125e-07, 1, 9.895107844215545e-09, 1.0803562133787636e-07, 9.313227167240257e-08, 0.4285499155521393, -0.9035180807113647, -3.632158396271734e-08, 0.9035180807113647, 0.4285500943660736),
            ["LeftFoot"] = CFrame.new(-1.6391277313232422e-07, 1.7881393432617188e-07, 0, 0.9537500143051147, -0.3005988597869873, 0.000385386316338554, 0.2960066795349121, 0.9389458298683167, -0.17538972198963165, 0.052354536950588226, 0.16739524900913239, 0.9844989776611328),
            ["RightHand"] = CFrame.new(-4.172325134277344e-07, -1.7881393432617188e-07, 2.682209014892578e-07, 0.9994272589683533, 0.02265346422791481, -0.025138620287179947, -0.01471659168601036, 0.9599065780639648, 0.2799336910247803, 0.030472226440906525, -0.2794033885002136, 0.9596902132034302),
            ["HumanoidRootPart"] = CFrame.new(0, 0, 0, 1, 0, 0, 0, 1, 0, 0, 0, 1),
            ["LeftStick"] = CFrame.new(0.25692662596702576, -0.5687419176101685, 0.14404793083667755, 0.3431672751903534, 0.5427733063697815, -0.7665466666221619, -0.0869334265589714, -0.794272243976593, -0.6013410091400146, -0.9352426528930664, 0.27299946546554565, -0.22537773847579956),
            ["RightLowerLeg"] = CFrame.new(6.798654794692993e-08, 5.960464477539063e-08, -5.21540641784668e-08, 1, -8.773079684942786e-07, -4.1909416381713527e-07, 9.536739753457368e-07, 0.6658211350440979, 0.7461147308349609, -3.930179843791848e-07, -0.7461114525794983, 0.6658174395561218),
            ["LeftUpperLeg"] = CFrame.new(1.1920928955078125e-07, 1.30385160446167e-08, 4.7497451305389404e-08, 0.8476111888885498, 0.4341751039028168, -0.30502817034721375, -0.33190399408340454, 0.8823440670967102, 0.33362817764282227, 0.4139990508556366, -0.18155130743980408, 0.8919922113418579),
            ["LeftLowerLeg"] = CFrame.new(-3.725290298461914e-08, 2.384185791015625e-07, 1.6391277313232422e-07, 1, -5.029141192380848e-08, 1.1175869474300271e-07, -4.0978193283081055e-08, 0.9980806708335876, 0.06192814186215401, -8.940696716308594e-08, -0.061928436160087585, 0.9980806112289429),
            ["RightUpperArm"] = CFrame.new(3.5762786865234375e-07, 1.1920928955078125e-07, -1.7881393432617188e-07, 0.5775284171104431, -0.32069098949432373, 0.7507565021514893, 0.6759614944458008, 0.7035022377967834, -0.21948924660682678, -0.45775213837623596, 0.6342254281044006, 0.6230482459068298),
            ["Head"] = CFrame.new(4.656612873077393e-10, 2.384185791015625e-07, 2.421438694000244e-08, 0.9910102486610413, -0.043292898684740067, -0.1265881210565567, 0.044667165726423264, 0.9989696741104126, 0.008036701008677483, 0.12610971927642822, -0.013618705794215202, 0.9919228553771973),
            ["UpperTorso"] = CFrame.new(8.009374141693115e-08, 4.172325134277344e-07, -6.495974957942963e-08, 0.9910802841186523, 0.008076616562902927, -0.13302162289619446, 0.06406060606241226, 0.846403181552887, 0.5286754965782166, 0.11685983091592789, -0.5324814319610596, 0.838336169719696),
            ["RightStick"] = CFrame.new(0.2057647705078125, -0.22447389364242554, 0.024879395961761475, -0.27494561672210693, 0.9221575856208801, -0.2720605432987213, -0.020556334406137466, 0.2772676646709442, 0.9605737328529358, 0.9612399935722351, 0.26971882581710815, -0.05728241056203842),
            ["LeftUpperArm"] = CFrame.new(-1.1920928955078125e-07, -3.5762786865234375e-07, -1.9371509552001953e-07, 0.926340639591217, -0.11204029619693756, -0.35965076088905334, -0.15774784982204437, 0.7516253590583801, -0.640465259552002, 0.34206536412239075, 0.6500048041343689, 0.6785688400268555),
            ["RightLowerArm"] = CFrame.new(-1.1920928955078125e-07, 2.384185791015625e-07, 1.30385160446167e-07, 1, 2.9801785927929814e-08, 1.1921142117898853e-07, 7.450580596923828e-08, 0.508705735206604, -0.8609402775764465, -7.031485438346863e-08, 0.8609404563903809, 0.5087060332298279),
            ["LeftHand"] = CFrame.new(4.470348358154297e-08, -3.5762786865234375e-07, -2.1606683731079102e-07, 0.7172874212265015, -0.21231210231781006, 0.6636433005332947, 0.3683232367038727, 0.9240323901176453, -0.10248032957315445, -0.5914701223373413, 0.31794312596321106, 0.7409961223602295),
            ["SnareSoloHandle"] = CFrame.new(0.3313940763473511, -1.0308334827423096, -0.03900551795959473, 0.9999713897705078, 0.007576667703688145, -0.00007052811270114034, -0.007576996926218271, 0.9999289512634277, -0.009205141104757786, 7.788044626977353e-07, 0.009205411188304424, 0.9999576210975647),
            ["RightFoot"] = CFrame.new(1.578591763973236e-07, 1.7881393432617188e-07, 2.9802322387695312e-08, 0.9106529951095581, 0.3508123457431793, -0.2182709276676178, -0.38783738017082214, 0.9079383611679077, -0.15884003043174744, 0.14245429635047913, 0.22930069267749786, 0.9628747701644897),
            ["RightUpperLeg"] = CFrame.new(5.960464477539063e-08, 5.457550287246704e-07, 7.916241884231567e-08, 0.9259689450263977, -0.35256725549697876, 0.13519462943077087, 0.3771124482154846, 0.8816477656364441, -0.28369590640068054, -0.019175907596945763, 0.31367743015289307, 0.949336051940918),
            ["LowerTorso"] = CFrame.new(0.043653521686792374, -0.2171931266784668, 0.34043705463409424, 0.9987560510635376, 0.04341212660074234, 0.02453145943582058, -0.03738625720143318, 0.9774811863899231, -0.20768417418003082, -0.032995060086250305, 0.20650874078273773, 0.977888286113739),
        }},
        {Time = 0.100, Data = {
            ["LeftLowerArm"] = CFrame.new(1.7881393432617188e-07, 0, 1.1920928955078125e-07, 1, 1.5832123168024737e-08, 8.75463470606519e-08, 8.940698137394065e-08, 0.2491438090801239, -0.9684665203094482, -2.8871003365793513e-08, 0.9684665203094482, 0.24914388358592987),
            ["LeftFoot"] = CFrame.new(2.2351741790771484e-08, 1.7881393432617188e-07, 1.862645149230957e-08, 0.9615485072135925, -0.273453027009964, 0.025417976081371307, 0.27428123354911804, 0.9608857035636902, -0.03833932429552078, -0.013943232595920563, 0.043841857463121414, 0.9989414215087891),
            ["RightHand"] = CFrame.new(5.960464477539063e-08, -2.384185791015625e-07, 2.5331974029541016e-07, 0.9645194411277771, -0.15014566481113434, -0.21716029942035675, 0.19303156435489655, 0.9622088670730591, 0.19207558035850525, 0.18011415004730225, -0.22717946767807007, 0.9570519924163818),
            ["HumanoidRootPart"] = CFrame.new(0, 0, 0, 1, 0, 0, 0, 1, 0, 0, 0, 1),
            ["LeftStick"] = CFrame.new(0.23755812644958496, -0.5889744162559509, 0.11179371178150177, 0.2547282576560974, 0.4806196987628937, -0.8390976786613464, -0.04604222625494003, -0.8607311248779297, -0.5070086121559143, -0.9659159183502197, 0.16776995360851288, -0.19712300598621368),
            ["RightLowerLeg"] = CFrame.new(-1.446060196030885e-07, -5.960464477539063e-08, 4.7497451305389404e-08, 1, -6.054188474990951e-07, -1.4342327858685167e-07, 5.848705768585205e-07, 0.8433738350868225, 0.5373328328132629, -1.7182901501655579e-07, -0.5373274087905884, 0.8433703184127808),
            ["LeftUpperLeg"] = CFrame.new(0, -2.644956111907959e-07, 7.450580596923828e-08, 0.873819887638092, 0.3885669708251953, -0.29231712222099304, -0.28555428981781006, 0.8966649174690247, 0.3383050560951233, 0.3935703933238983, -0.21215035021305084, 0.8944833278656006),
            ["LeftLowerLeg"] = CFrame.new(-6.705522537231445e-08, -1.1920928955078125e-07, 5.960464477539063e-08, 1, 2.980232949312267e-08, 1.1920931797249068e-07, -4.1909511416804435e-09, 0.9999861121177673, 0.005282530095428228, -4.0978189730367376e-08, -0.005283744540065527, 0.9999860525131226),
            ["RightUpperArm"] = CFrame.new(4.76837158203125e-07, 9.5367431640625e-07, 3.0547380447387695e-07, 0.3964258134365082, -0.28517675399780273, 0.8726593255996704, 0.7175143957138062, 0.6892380118370056, -0.1007111519575119, -0.5727300047874451, 0.6660519242286682, 0.47783172130584717),
            ["Head"] = CFrame.new(-2.9802322387695312e-08, 4.76837158203125e-07, 2.523884177207947e-07, 0.9918659329414368, -0.016080057248473167, -0.12626783549785614, 0.02252190373837948, 0.9985074996948242, 0.04975667968392372, 0.1252792477607727, -0.052195508033037186, 0.9907475709915161),
            ["UpperTorso"] = CFrame.new(8.195638656616211e-08, 0, -4.190951585769653e-09, 0.985447108745575, 0.01053743064403534, -0.16965533792972565, 0.08408955484628677, 0.8371740579605103, 0.5404335856437683, 0.14772582054138184, -0.54683518409729, 0.8241047263145447),
            ["RightStick"] = CFrame.new(0.2057642936706543, -0.22447368502616882, 0.024879753589630127, -0.2898257374763489, 0.5023344159126282, -0.8146526217460632, -0.4444192051887512, 0.6832268834114075, 0.5794011354446411, 0.8476395010948181, 0.529963493347168, 0.0252081211656332),
            ["LeftUpperArm"] = CFrame.new(-1.1920928955078125e-07, 3.5762786865234375e-07, 2.60770320892334e-07, 0.9359660148620605, -0.10879591107368469, -0.334871381521225, -0.14163316786289215, 0.7543990015983582, -0.6409705877304077, 0.32234716415405273, 0.6473373174667358, 0.6906648278236389),
            ["RightLowerArm"] = CFrame.new(-4.470348358154297e-07, 5.960464477539063e-08, 3.8743019104003906e-07, 1, 1.4900953360097446e-08, 6.333080904141752e-08, 5.960464477539063e-08, 0.6561300754547119, -0.7546476721763611, -3.725290298461914e-09, 0.7546477317810059, 0.656130313873291),
            ["LeftHand"] = CFrame.new(1.4901161193847656e-07, -2.384185791015625e-07, -1.1548399925231934e-07, 0.8792480230331421, -0.0077742161229252815, 0.4763008952140808, 0.08734305202960968, 0.9855471849441528, -0.14514853060245514, -0.46828851103782654, 0.1692231446504593, 0.8672192692756653),
            ["SnareSoloHandle"] = CFrame.new(0.3302597105503082, -1.0265965461730957, -0.033220767974853516, 0.9999343156814575, 0.011460433714091778, 0.000020550613044179045, -0.011460443958640099, 0.9999297261238098, 0.0030259343329817057, 0.000014129350347502623, -0.003025971120223403, 0.9999954104423523),
            ["RightFoot"] = CFrame.new(6.332993507385254e-08, 5.960464477539063e-08, -1.1175870895385742e-08, 0.9089536070823669, 0.35345757007598877, -0.2210690677165985, -0.36168617010116577, 0.9322934150695801, 0.00348554621450603, 0.2073315531015396, 0.07679065316915512, 0.9752519726753235),
            ["RightUpperLeg"] = CFrame.new(0, 4.0978193283081055e-07, -1.1175870895385742e-08, 0.9304298162460327, -0.36441439390182495, 0.03874918818473816, 0.36646971106529236, 0.925361156463623, -0.09699472039937973, -0.0005152195226401091, 0.10444554686546326, 0.9945302605628967),
            ["LowerTorso"] = CFrame.new(0.06105684116482735, -0.0948256254196167, 0.31933724880218506, 0.9953614473342896, 0.061161451041698456, 0.07426296174526215, -0.042126890271902084, 0.9710562229156494, -0.23510673642158508, -0.08649297058582306, 0.2308877557516098, 0.9691283702850342),
        }},
        {Time = 0.133, Data = {
            ["LeftLowerArm"] = CFrame.new(2.384185791015625e-07, -1.7881393432617188e-07, -2.980232238769531e-07, 1, 1.0616834345000825e-07, 7.264489454428258e-08, 1.1175872316471214e-07, 0.2173449695110321, -0.9760949015617371, -3.3527616238870905e-08, 0.9760949015617371, 0.21734501421451569),
            ["LeftFoot"] = CFrame.new(-9.313225746154785e-08, 1.7881393432617188e-07, 0, 0.9509086608886719, -0.2328886091709137, 0.20380105078220367, 0.19782140851020813, 0.9638622999191284, 0.1784338653087616, -0.23799064755439758, -0.12935395538806915, 0.9626144170761108),
            ["RightHand"] = CFrame.new(-8.940696716308594e-08, 1.1920928955078125e-07, 8.940696716308594e-08, 0.9664105176925659, -0.13229382038116455, -0.2203388512134552, 0.17232121527194977, 0.9696164727210999, 0.17363591492176056, 0.19067317247390747, -0.20577260851860046, 0.9598444700241089),
            ["HumanoidRootPart"] = CFrame.new(0, 0, 0, 1, 0, 0, 0, 1, 0, 0, 0, 1),
            ["LeftStick"] = CFrame.new(0.22543001174926758, -0.6392795443534851, 0.08764985203742981, 0.010259672068059444, 0.6071544289588928, -0.7944985032081604, 0.02243131585419178, -0.7944990992546082, -0.6068757176399231, -0.9996957778930664, -0.011610717512667179, -0.02177220769226551),
            ["RightLowerLeg"] = CFrame.new(-5.360925570130348e-08, -1.7881393432617188e-07, -1.210719347000122e-08, 1, -3.3807049248935073e-07, -2.006996311365583e-07, 4.218892684093589e-07, 0.8866969347000122, 0.46235570311546326, -1.6018753967728117e-07, -0.46235114336013794, 0.886694610118866),
            ["LeftUpperLeg"] = CFrame.new(2.9802322387695312e-08, -5.327165126800537e-07, -3.725290298461914e-09, 0.9210771322250366, 0.23508742451667786, -0.31039780378341675, -0.2358144074678421, 0.9711402654647827, 0.03576061874628067, 0.30985227227211, 0.04025562107563019, 0.9499338865280151),
            ["LeftLowerLeg"] = CFrame.new(-2.0489096641540527e-08, -1.7881393432617188e-07, 7.450580596923828e-09, 1, 4.0791971400722105e-07, 1.937148681463441e-07, -4.395843120619247e-07, 0.9058974981307983, 0.4235013723373413, 5.960465188081798e-08, -0.4234970211982727, 0.9058955311775208),
            ["RightUpperArm"] = CFrame.new(2.384185791015625e-07, 4.76837158203125e-07, 2.6775524020195007e-07, 0.333195298910141, -0.1954001486301422, 0.9223929643630981, 0.7111822366714478, 0.6943954229354858, -0.10979742556810379, -0.6190322041511536, 0.6925559639930725, 0.37031835317611694),
            ["Head"] = CFrame.new(1.4901161193847656e-08, -1.1920928955078125e-07, 5.261972546577454e-07, 0.9932369589805603, -0.013645650818943977, -0.11530077457427979, 0.019076647236943245, 0.9987533092498779, 0.04613150283694267, 0.11452750861644745, -0.04801898077130318, 0.9922589063644409),
            ["UpperTorso"] = CFrame.new(1.2293457984924316e-07, -2.384185791015625e-07, -4.0978193283081055e-08, 0.9855766296386719, 0.02551981620490551, -0.16729488968849182, 0.07701700180768967, 0.8126171231269836, 0.5776866674423218, 0.15068912506103516, -0.5822390913963318, 0.7989309430122375),
            ["RightStick"] = CFrame.new(0.22678345441818237, -0.22185924649238586, -0.0030822157859802246, -0.25009727478027344, 0.7602818608283997, -0.5995021462440491, -0.29090094566345215, 0.5315826535224915, 0.7954986095428467, 0.9234868884086609, 0.37335142493247986, 0.08820002526044846),
            ["LeftUpperArm"] = CFrame.new(5.960464477539063e-08, 3.5762786865234375e-07, 3.725290298461914e-07, 0.8093327879905701, -0.08625663071870804, -0.5809939503669739, -0.3483740985393524, 0.7259000539779663, -0.5930621027946472, 0.47288060188293457, 0.6823700666427612, 0.5574257969856262),
            ["RightLowerArm"] = CFrame.new(5.960464477539063e-08, -1.1920928955078125e-07, 6.705522537231445e-08, 1, 0, 6.705588617705871e-08, 5.960463056453591e-08, 0.762612521648407, -0.6468552947044373, -8.754430069757291e-08, 0.6468556523323059, 0.7626127600669861),
            ["LeftHand"] = CFrame.new(3.8743019104003906e-07, -3.5762786865234375e-07, -3.818422555923462e-07, 0.9161353707313538, 0.38248494267463684, 0.12000533193349838, -0.3492558002471924, 0.9085156917572021, -0.22938977181911469, -0.19676487147808075, 0.1682395190000534, 0.9659084677696228),
            ["SnareSoloHandle"] = CFrame.new(0.32889848947525024, -1.0228681564331055, -0.027622580528259277, 0.9999819993972778, -0.006013741251081228, -0.00017545846640132368, 0.006016241852194071, 0.999417245388031, 0.033599503338336945, -0.000026702484319685027, -0.03359995037317276, 0.9994353652000427),
            ["RightFoot"] = CFrame.new(2.0256265997886658e-07, 1.7881393432617188e-07, 1.30385160446167e-08, 0.8895670175552368, 0.40393659472465515, -0.21332402527332306, -0.3656357228755951, 0.9095507264137268, 0.19755816459655762, 0.2738268971443176, -0.0977386012673378, 0.9567986726760864),
            ["RightUpperLeg"] = CFrame.new(5.960464477539063e-08, 3.0174851417541504e-07, 1.4901161193847656e-08, 0.9344570636749268, -0.3508414924144745, 0.06082001328468323, 0.35397303104400635, 0.9338234066963196, -0.05175333470106125, -0.03864182159304619, 0.06988780945539474, 0.9968062043190002),
            ["LowerTorso"] = CFrame.new(0.07743656635284424, -0.006324172019958496, 0.33143216371536255, 0.9943690896034241, 0.059850405901670456, 0.08745357394218445, -0.03638825938105583, 0.9679068922996521, -0.24866056442260742, -0.09952936321496964, 0.24407820403575897, 0.9646345973014832),
        }},
        {Time = 0.167, Data = {
            ["LeftLowerArm"] = CFrame.new(1.1920928955078125e-07, 8.344650268554688e-07, 0, 1, 7.636676713218549e-08, 9.685974333706326e-08, 8.940698137394065e-08, 0.2894851267337799, -0.9571825265884399, -1.4901162970204496e-08, 0.9571825265884399, 0.28948521614074707),
            ["LeftFoot"] = CFrame.new(3.725290298461914e-08, 1.1920928955078125e-07, 6.309710443019867e-08, 0.9262020587921143, -0.2985859215259552, 0.23020833730697632, 0.24782834947109222, 0.942293643951416, 0.22509053349494934, -0.2841317355632782, -0.15142427384853363, 0.9467514753341675),
            ["RightHand"] = CFrame.new(-4.470348358154297e-07, -2.980232238769531e-07, 4.470348358154297e-07, 0.9956943392753601, -0.038715362548828125, -0.08422611653804779, 0.05864056944847107, 0.9667662978172302, 0.24884581565856934, 0.07179281115531921, -0.25271347165107727, 0.9648740291595459),
            ["HumanoidRootPart"] = CFrame.new(0, 0, 0, 1, 0, 0, 0, 1, 0, 0, 0, 1),
            ["LeftStick"] = CFrame.new(0.2117258906364441, -0.7025821208953857, 0.07187114655971527, -0.013567283749580383, 0.6704419255256653, -0.7418228387832642, 0.34139710664749146, -0.6942185759544373, -0.6336669325828552, -0.9398212432861328, -0.2618553638458252, -0.21946531534194946),
            ["RightLowerLeg"] = CFrame.new(-1.0989606380462646e-07, 0, 5.960464477539063e-08, 1, -6.407520913853659e-07, -3.2409943173661304e-07, 6.705525947836577e-07, 0.572009801864624, 0.8202496767044067, -2.980233659855003e-07, -0.8202468752861023, 0.5720058083534241),
            ["LeftUpperLeg"] = CFrame.new(2.9802322387695312e-08, -1.0989606380462646e-07, 1.4156103134155273e-07, 0.9476059079170227, 0.08502837270498276, -0.3079122304916382, -0.18186542391777039, 0.936054527759552, -0.3012073338031769, 0.26261767745018005, 0.34142646193504333, 0.9024767875671387),
            ["LeftLowerLeg"] = CFrame.new(4.98257577419281e-08, 1.1920928955078125e-07, -3.91155481338501e-08, 1, 7.301587174879387e-07, 5.13390546075243e-07, -7.152556236178498e-07, 0.5893897414207458, 0.8078516125679016, 3.650783924058487e-07, -0.8078488111495972, 0.5893860459327698),
            ["RightUpperArm"] = CFrame.new(2.384185791015625e-07, 5.960464477539062e-07, 2.905726432800293e-07, 0.3654976785182953, -0.09106723964214325, 0.9263510704040527, 0.6692542433738708, 0.7174023389816284, -0.19352926313877106, -0.6469236612319946, 0.6906812191009521, 0.32314133644104004),
            ["Head"] = CFrame.new(2.421438694000244e-08, -3.5762786865234375e-07, 4.0885061025619507e-07, 0.9948557019233704, -0.019047614187002182, -0.09949560463428497, 0.020472688600420952, 0.9997016787528992, 0.013321700505912304, 0.09921211004257202, -0.01528993807733059, 0.9949489235877991),
            ["UpperTorso"] = CFrame.new(8.940696716308594e-08, -3.8743019104003906e-07, 7.264316082000732e-08, 0.985886812210083, 0.0444268099963665, -0.1614110767841339, 0.06153225153684616, 0.8005008697509766, 0.5961644649505615, 0.15569540858268738, -0.5976827144622803, 0.7864696979522705),
            ["RightStick"] = CFrame.new(0.247802734375, -0.2192445993423462, -0.03104373812675476, -0.15292678773403168, 0.7781262397766113, -0.6091836094856262, -0.4710051417350769, 0.4845395088195801, 0.7371591925621033, 0.8687735795974731, 0.399676114320755, 0.2923896610736847),
            ["LeftUpperArm"] = CFrame.new(5.960464477539063e-08, -4.76837158203125e-07, 1.862645149230957e-07, 0.6313375234603882, -0.12395087629556656, -0.7655467391014099, -0.4993848502635956, 0.6902761459350586, -0.5235944390296936, 0.5933194160461426, 0.7128499150276184, 0.3738812506198883),
            ["RightLowerArm"] = CFrame.new(-3.5762786865234375e-07, 4.172325134277344e-07, 2.2351741790771484e-07, 1, 1.490103329615522e-08, 1.415622250533488e-07, 5.587935447692871e-08, 0.8023320436477661, -0.5968776941299438, -6.891787052154541e-08, 0.596877932548523, 0.8023322820663452),
            ["LeftHand"] = CFrame.new(6.407499313354492e-07, -3.5762786865234375e-07, -5.997717380523682e-07, 0.7598657608032227, 0.6159477233886719, -0.20787575840950012, -0.6459094285964966, 0.751513659954071, -0.13426987826824188, 0.07351824641227722, 0.23629604279994965, 0.9688959717750549),
            ["SnareSoloHandle"] = CFrame.new(0.3234536349773407, -1.0201563835144043, -0.027436017990112305, 0.9996861815452576, 0.02505141869187355, 0.00007986377022461966, -0.025051547214388847, 0.9996815919876099, 0.003025239333510399, -0.000004051797077408992, -0.0030262907966971397, 0.9999954104423523),
            ["RightFoot"] = CFrame.new(1.4901161193847656e-07, 1.1920928955078125e-07, -3.725290298461914e-09, 0.9251670837402344, 0.3624410331249237, -0.11270317435264587, -0.308734655380249, 0.8913183808326721, 0.3320194184780121, 0.22079133987426758, -0.2723750174045563, 0.9365155100822449),
            ["RightUpperLeg"] = CFrame.new(-2.9802322387695312e-08, -1.862645149230957e-07, 1.30385160446167e-07, 0.934302031993866, -0.2630678713321686, 0.2405688762664795, 0.3236391544342041, 0.908883273601532, -0.26303738355636597, -0.14945726096630096, 0.32361477613449097, 0.93431156873703),
            ["LowerTorso"] = CFrame.new(0.09338574856519699, 0.04532790184020996, 0.34946590662002563, 0.9937926530838013, 0.0523223951458931, 0.09817696362733841, -0.02919699251651764, 0.9742298126220703, -0.2236602008342743, -0.10734935849905014, 0.21940548717975616, 0.9697099924087524),
        }},
        {Time = 0.200, Data = {
            ["LeftLowerArm"] = CFrame.new(3.8743019104003906e-07, 2.980232238769531e-07, 2.086162567138672e-07, 1, 4.097737615893493e-08, 7.450736916325695e-08, 9.685758328714655e-08, 0.40643733739852905, -0.9136786460876465, -8.940699558479537e-08, 0.913678765296936, 0.4064374268054962),
            ["LeftFoot"] = CFrame.new(1.4901161193847656e-08, 1.7881393432617188e-07, 5.069887265563011e-08, 0.8769665956497192, -0.46282893419265747, 0.12931175529956818, 0.42161938548088074, 0.8701562285423279, 0.255077600479126, -0.2305794060230255, -0.16916781663894653, 0.9582348465919495),
            ["RightHand"] = CFrame.new(-2.384185791015625e-07, -5.364418029785156e-07, 3.725290298461914e-07, 0.9874558448791504, 0.05259646475315094, -0.14887793362140656, -0.013461006805300713, 0.9674977660179138, 0.2525210678577423, 0.15732073783874512, -0.24734944105148315, 0.9560693502426147),
            ["HumanoidRootPart"] = CFrame.new(0, 0, 0, 1, 0, 0, 0, 1, 0, 0, 0, 1),
            ["LeftStick"] = CFrame.new(0.18368136882781982, -0.7337191700935364, 0.06202861666679382, 0.2520620822906494, 0.46875131130218506, -0.8465976119041443, 0.05271831527352333, -0.8802056312561035, -0.47167277336120605, -0.9662740230560303, 0.07423149794340134, -0.24657106399536133),
            ["RightLowerLeg"] = CFrame.new(-4.842877388000488e-08, -4.76837158203125e-07, 5.960464477539063e-08, 1, -1.1175877290270364e-07, -1.6763817711762385e-07, 1.4901158351676713e-07, 0.3272239863872528, 0.9449470043182373, -1.4901158351676713e-07, -0.944946825504303, 0.3272234797477722),
            ["LeftUpperLeg"] = CFrame.new(1.1920928955078125e-07, -1.955777406692505e-07, 1.9371509552001953e-07, 0.962773323059082, -0.027389632537961006, -0.26891422271728516, -0.12311325967311859, 0.8412360548973083, -0.5264600515365601, 0.2406465709209442, 0.5399739146232605, 0.8065513372421265),
            ["LeftLowerLeg"] = CFrame.new(-1.210719347000122e-08, -5.960464477539063e-08, 1.1920928955078125e-07, 1, 0.0000010430809425088228, 7.125796059881395e-07, -9.909272193908691e-07, 0.3246946632862091, 0.9458188414573669, 6.48200511932373e-07, -0.9458189010620117, 0.32469502091407776),
            ["RightUpperArm"] = CFrame.new(1.1920928955078125e-07, 5.960464477539062e-07, -1.2665987014770508e-07, 0.37022024393081665, 0.02288256399333477, 0.9286657571792603, 0.6212748289108276, 0.7371369004249573, -0.26583391427993774, -0.6906190514564514, 0.6753559112548828, 0.2586742043495178),
            ["Head"] = CFrame.new(-1.6763806343078613e-08, 0, -8.847564458847046e-08, 0.9954330921173096, -0.025424066931009293, -0.09201385825872421, 0.02509484812617302, 0.9996739029884338, -0.004733122885227203, 0.09210417419672012, 0.0024025242310017347, 0.9957464933395386),
            ["UpperTorso"] = CFrame.new(8.381903171539307e-08, -8.940696716308594e-08, 1.6763806343078613e-08, 0.9849678874015808, 0.06208097189664841, -0.16119644045829773, 0.038257990032434464, 0.8316076993942261, 0.5540441274642944, 0.16844779253005981, -0.5518826842308044, 0.8167318105697632),
            ["RightStick"] = CFrame.new(0.24768361449241638, -0.21925589442253113, -0.030740886926651, 0.057379625737667084, 0.5288410782814026, -0.8467758297920227, -0.6330809593200684, 0.6751100420951843, 0.3787413239479065, 0.7719560861587524, 0.5143477320671082, 0.3735314607620239),
            ["LeftUpperArm"] = CFrame.new(5.960464477539063e-08, 2.384185791015625e-07, -9.313225746154785e-08, 0.5389277935028076, -0.1402364820241928, -0.830602765083313, -0.5478522181510925, 0.6906702518463135, -0.4720706343650818, 0.6398553848266602, 0.7094423770904541, 0.29537826776504517),
            ["RightLowerArm"] = CFrame.new(-3.5762786865234375e-07, 5.364418029785156e-07, 2.682209014892578e-07, 1, 2.9802116330301942e-08, 8.940757822983869e-08, 3.073364140959711e-08, 0.8428695797920227, -0.5381175875663757, -7.823108916227284e-08, 0.5381179451942444, 0.8428698182106018),
            ["LeftHand"] = CFrame.new(-5.960464477539063e-08, -2.384185791015625e-07, -1.9371509552001953e-07, 0.8204190135002136, 0.4527284801006317, -0.34921276569366455, -0.5542795658111572, 0.7796342968940735, -0.29145240783691406, 0.14030945301055908, 0.43267467617988586, 0.890565037727356),
            ["SnareSoloHandle"] = CFrame.new(0.31800878047943115, -1.0160889625549316, -0.02706289291381836, 0.9986352920532227, 0.05220625177025795, -0.001453437260352075, -0.0522264763712883, 0.9982559680938721, -0.027521444484591484, 0.000014111134078120813, 0.027559788897633553, 0.999620258808136),
            ["RightFoot"] = CFrame.new(4.470348358154297e-08, 2.384185791015625e-07, -6.146728992462158e-08, 0.9472790360450745, 0.2883976995944977, -0.13960310816764832, -0.23707056045532227, 0.9239711165428162, 0.3001275062561035, 0.21554626524448395, -0.2512054443359375, 0.9436283111572266),
            ["RightUpperLeg"] = CFrame.new(-1.1920928955078125e-07, -3.129243850708008e-07, 1.862645149230957e-07, 0.9411783218383789, -0.18683743476867676, 0.2815566956996918, 0.29915156960487366, 0.8481732606887817, -0.4371584951877594, -0.1571362167596817, 0.49567529559135437, 0.854176938533783),
            ["LowerTorso"] = CFrame.new(0.1089591234922409, 0.06053471565246582, 0.3595045506954193, 0.9927436709403992, 0.04268667474389076, 0.11241918057203293, -0.0248829685151577, 0.9875615239143372, -0.15525197982788086, -0.11764805018901825, 0.1513281762599945, 0.981457531452179),
        }},
        {Time = 0.233, Data = {
            ["LeftLowerArm"] = CFrame.new(0, 3.5762786865234375e-07, 2.086162567138672e-07, 1, -4.470338765827364e-08, 8.195664236154698e-08, 3.725290298461914e-08, 0.9422242641448975, -0.3349825441837311, -9.685754776000977e-08, 0.3349829614162445, 0.942224383354187),
            ["LeftFoot"] = CFrame.new(3.3527612686157227e-08, -5.960464477539063e-08, -6.705522537231445e-08, 0.9150055646896362, -0.39742511510849, 0.06943462044000626, 0.37938812375068665, 0.9061521291732788, 0.18695221841335297, -0.13722071051597595, -0.14471222460269928, 0.9799121618270874),
            ["RightHand"] = CFrame.new(-5.960464477539063e-08, -1.1920928955078125e-07, 2.5331974029541016e-07, 0.9445049166679382, 0.30943241715431213, -0.11028163135051727, -0.2924564480781555, 0.9449631571769714, 0.14667613804340363, 0.1495983600616455, -0.1062837764620781, 0.9830179214477539),
            ["HumanoidRootPart"] = CFrame.new(0, 0, 0, 1, 0, 0, 0, 1, 0, 0, 0, 1),
            ["LeftStick"] = CFrame.new(0.13846570253372192, -0.5638098120689392, 0.05615435540676117, 0.20955637097358704, 0.3431285619735718, -0.9156115055084229, -0.08818081766366959, -0.9259630441665649, -0.3672085702419281, -0.9738123416900635, 0.15765561163425446, -0.16374850273132324),
            ["RightLowerLeg"] = CFrame.new(-8.195638656616211e-08, 1.7881393432617188e-07, -7.450580596923828e-08, 1, -5.960444013908273e-07, -4.5262464709594497e-07, 5.625187782243302e-07, 0.10000123828649521, 0.9949872493743896, -5.513429073289444e-07, -0.9949873089790344, 0.10000234097242355),
            ["LeftUpperLeg"] = CFrame.new(0, 1.1175870895385742e-07, 0, 0.9768456220626831, -0.14600637555122375, -0.1563711315393448, 0.021928466856479645, 0.7953891754150391, -0.6056964993476868, 0.21281856298446655, 0.5882501602172852, 0.7801793813705444),
