return {
    ["Snoop’s Walk"] = {
        {Time = 0.000, Data = {
            ["RightHand"] = CFrame.new(-2.9802322387695312e-08, 0.0000010728836059570312, -8.493661880493164e-07, 0.9629980325698853, 0.2224174439907074, -0.1522008329629898, -0.23645585775375366, 0.968247652053833, -0.08114957064390182, 0.1293192356824875, 0.11413554847240448, 0.9850125312805176),
            ["LeftLowerArm"] = CFrame.new(0.0000016987323760986328, -2.980232238769531e-07, 0.000004753470420837402, 1, -9.685756197086448e-08, -8.195641498787154e-08, -8.195639367158947e-08, -0.42054495215415955, -0.9072717428207397, -8.381904059717726e-09, 0.9072717428207397, -0.42054489254951477),
            ["RightUpperArm"] = CFrame.new(-0.02940666675567627, 0.013427376747131348, -0.0678146556019783, 0.46368563175201416, -0.88585364818573, 0.016095027327537537, 0.8721880912780762, 0.4595770537853241, 0.16756193339824677, -0.15583238005638123, -0.06365826725959778, 0.9857301712036133),
            ["Head"] = CFrame.new(3.259629011154175e-09, -0.0000011920928955078125, 5.4943939176155254e-08, 0.9951746463775635, 0.09320232272148132, 0.030673250555992126, -0.09804826229810715, 0.9565564393997192, 0.2745656371116638, -0.0037504779174923897, -0.27624839544296265, 0.9610790014266968),
            ["RightFoot"] = CFrame.new(1.7881393432617188e-07, -2.384185791015625e-07, 7.283233571797609e-09, 0.9304338693618774, -0.25538545846939087, -0.2628137469291687, 0.06417522579431534, 0.8196394443511963, -0.5692741274833679, 0.36079704761505127, 0.5128054618835449, 0.7790096402168274),
            ["UpperTorso"] = CFrame.new(9.313225746154785e-09, 3.2782554626464844e-07, -3.073364496231079e-08, 0.9839829206466675, 0.06441552937030792, -0.16621795296669006, -0.029547953978180885, 0.9784679412841797, 0.2042733132839203, 0.1757972538471222, -0.19608986377716064, 0.9646989703178406),
            ["HumanoidRootPart"] = CFrame.new(0, 0, 0, 1, 0, 0, 0, 1, 0, 0, 0, 1),
            ["RightUpperLeg"] = CFrame.new(2.9802322387695312e-08, -9.417999535799026e-08, -5.420588422566652e-09, 0.737130880355835, -0.19168327748775482, -0.6479936838150024, -0.21791790425777435, 0.8402653336524963, -0.4964536428451538, 0.6396482586860657, 0.5071605443954468, 0.5776140093803406),
            ["LeftUpperArm"] = CFrame.new(0.031574368476867676, 0.01195824146270752, -0.06775204092264175, 0.14416958391666412, 0.9821844100952148, 0.12053661048412323, -0.9679087400436401, 0.11462891101837158, 0.22363585233688354, 0.20583473145961761, -0.14890991151332855, 0.9671907424926758),
            ["RightLowerArm"] = CFrame.new(5.960464477539063e-08, 5.364418029785156e-07, -0.000003851950168609619, 1, 7.823111332072585e-07, 0.00001941622031154111, 0.000018976630599354394, -0.262434184551239, -0.9649500250816345, 0.000004424714006745489, 0.964949905872345, -0.2624341547489166),
            ["LeftHand"] = CFrame.new(-0.0000016391277313232422, -0.0000011920928955078125, 2.5331974029541016e-07, 0.9988577365875244, 0.029075060039758682, 0.03791971877217293, -0.030193954706192017, 0.9991152882575989, 0.02927575074136257, -0.0370350256562233, -0.030387401580810547, 0.9988519549369812),
            ["LeftFoot"] = CFrame.new(-3.119930624961853e-08, -5.960464477539063e-08, 2.9802322387695312e-08, 0.9989592432975769, 0.016688186675310135, 0.04245114326477051, 0.013555055484175682, 0.7800154089927673, -0.6256137490272522, -0.04355287551879883, 0.6255378127098083, 0.7789771556854248),
            ["LowerTorso"] = CFrame.new(-0.04025368019938469, -0.22761154174804688, 0.22483159601688385, 0.9847130179405212, -0.002660798840224743, 0.1741643100976944, 0.004645514767616987, 0.9999288320541382, -0.010988989844918251, -0.1741226762533188, 0.011630082502961159, 0.9846553206443787),
            ["RightLowerLeg"] = CFrame.new(-1.434236764907837e-07, -0.0007264614105224609, 0.0000461207891930826, 1, 1.0430816388407038e-07, 2.9802322387695312e-08, -5.960465188081798e-08, 0.5644921660423279, 0.8254384398460388, 1.0430814256778831e-07, -0.8254384398460388, 0.5644921660423279),
            ["LeftUpperLeg"] = CFrame.new(-1.1920928955078125e-07, 2.1094456315040588e-07, -6.891787052154541e-08, 0.8422978520393372, 0.10721759498119354, 0.5282412171363831, 0.004280169494450092, 0.9786554574966431, -0.20546342432498932, -0.5389954447746277, 0.17532238364219666, 0.8238605260848999),
            ["LeftLowerLeg"] = CFrame.new(3.818422555923462e-08, -0.000726163387298584, 0.00008101016283035278, 1, 6.705523958316917e-08, 2.514570951461792e-08, -6.705523247774181e-08, 0.6131947040557861, 0.7899322509765625, 4.5169151974278066e-08, -0.7899318933486938, 0.6131942272186279),
        }},
        {Time = 0.033, Data = {
            ["RightHand"] = CFrame.new(2.682209014892578e-07, 0.0000010728836059570312, -7.152557373046875e-07, 0.9621685743331909, 0.22326649725437164, -0.15615244209766388, -0.23773083090782166, 0.9679611921310425, -0.08084163814783096, 0.1331004500389099, 0.1149054542183876, 0.9844192266464233),
            ["LeftLowerArm"] = CFrame.new(0.0000014603137969970703, -4.76837158203125e-07, 0.000004753470420837402, 1, 4.0978196835794733e-08, -5.21540641784668e-08, -6.705522537231445e-08, -0.4342338740825653, -0.9008002281188965, -3.725290298461914e-09, 0.9008002281188965, -0.43423381447792053),
            ["RightUpperArm"] = CFrame.new(-0.027248144149780273, 0.015109062194824219, -0.06822028011083603, 0.47336530685424805, -0.8808331489562988, 0.007625219412147999, 0.8701162934303284, 0.4689193069934845, 0.15169908106327057, -0.13719703257083893, -0.06517426669597626, 0.9883973598480225),
            ["Head"] = CFrame.new(8.149072527885437e-09, -7.152557373046875e-07, 6.367190508171916e-08, 0.9950864911079407, 0.0963822603225708, 0.022657012566924095, -0.09864972531795502, 0.9456677436828613, 0.3098081052303314, 0.00843408890068531, -0.3105207681655884, 0.950529158115387),
            ["RightFoot"] = CFrame.new(2.1979212760925293e-07, -2.980232238769531e-07, -3.183231456205249e-08, 0.9237135052680969, -0.24302613735198975, -0.2961280643939972, 0.05106238275766373, 0.844221830368042, -0.5335564017295837, 0.37966594099998474, 0.47773197293281555, 0.7922284007072449),
            ["UpperTorso"] = CFrame.new(-3.725290298461914e-09, -4.172325134277344e-07, 5.587935447692871e-09, 0.9848686456680298, 0.07775218784809113, -0.1548822820186615, -0.03832181915640831, 0.9692915081977844, 0.2429104894399643, 0.16901275515556335, -0.23329956829547882, 0.9576043486595154),
            ["HumanoidRootPart"] = CFrame.new(0, 0, 0, 1, 0, 0, 0, 1, 0, 0, 0, 1),
            ["RightUpperLeg"] = CFrame.new(0, -6.123445928096771e-08, 5.75528247281909e-09, 0.7450422644615173, -0.20758454501628876, -0.6338934302330017, -0.20671628415584564, 0.8316923975944519, -0.5153214931488037, 0.634177029132843, 0.5149722099304199, 0.5767347812652588),
            ["LeftUpperArm"] = CFrame.new(0.033731818199157715, 0.015501856803894043, -0.0682375431060791, 0.14684166014194489, 0.9833844900131226, 0.10673580318689346, -0.9695392847061157, 0.12170310318470001, 0.21256069839000702, 0.19603854417800903, -0.13469716906547546, 0.9713008999824524),
            ["RightLowerArm"] = CFrame.new(-1.7881393432617188e-07, 0, -0.000004019588232040405, 1, 0.0000011473892982394318, 0.0000194944459508406, 0.000018987802832270972, -0.28287604451179504, -0.9591565132141113, 0.000004397704742586939, 0.9591565728187561, -0.28287601470947266),
            ["LeftHand"] = CFrame.new(-0.0000012367963790893555, -0.0000013113021850585938, 2.384185791015625e-07, 0.9987735748291016, 0.028246425092220306, 0.040664851665496826, -0.02945650741457939, 0.9991315603256226, 0.02947067841887474, -0.03979717567563057, -0.030632391571998596, 0.9987381100654602),
            ["LeftFoot"] = CFrame.new(-8.800998330116272e-08, -1.1920928955078125e-07, 2.2351741790771484e-08, 0.997851550579071, 0.026457637548446655, 0.05993598699569702, 0.02054012380540371, 0.742374062538147, -0.6696707010269165, -0.06221301481127739, 0.6694630980491638, 0.7402357459068298),
            ["LowerTorso"] = CFrame.new(-0.041957512497901917, -0.26265156269073486, 0.2329360842704773, 0.9834997057914734, -0.005368356127291918, 0.18083004653453827, 0.012583659961819649, 0.9991686940193176, -0.03877748176455498, -0.1804715245962143, 0.04041314497590065, 0.9827496409416199),
            ["RightLowerLeg"] = CFrame.new(-1.043081283569336e-07, -0.0007265210151672363, 0.0000461207891930826, 1, 8.940698847936801e-08, 1.4901162970204496e-08, -2.980232594040899e-08, 0.5166706442832947, 0.8561842441558838, 1.1920930376163597e-07, -0.856184184551239, 0.5166707634925842),
            ["LeftUpperLeg"] = CFrame.new(2.9802322387695312e-08, -3.210734575986862e-07, 0, 0.8551589846611023, 0.12148385494947433, 0.5039296746253967, -0.005990303121507168, 0.9744012355804443, -0.22473643720149994, -0.5183312296867371, 0.1891665905714035, 0.833995521068573),
            ["LeftLowerLeg"] = CFrame.new(1.1920928955078125e-07, -0.0007262825965881348, 0.00008096545934677124, 1, 1.0058282384761696e-07, -1.862644971595273e-08, -8.381903171539307e-08, 0.5493975877761841, 0.8355610966682434, 5.029141902923584e-08, -0.8355611562728882, 0.5493974685668945),
        }},
        {Time = 0.067, Data = {
            ["RightHand"] = CFrame.new(7.152557373046875e-07, 9.5367431640625e-07, -7.525086402893066e-07, 0.961604654788971, 0.223703071475029, -0.1589757800102234, -0.23847326636314392, 0.9677964448928833, -0.08062727004289627, 0.13581974804401398, 0.1154429242014885, 0.9839848279953003),
            ["LeftLowerArm"] = CFrame.new(0.000001817941665649414, -2.384185791015625e-07, 0.000004634261131286621, 1, 1.4901162970204496e-08, -1.0430814256778831e-07, -7.450580596923828e-08, -0.44288817048072815, -0.8965769410133362, -3.725290298461914e-09, 0.8965769410133362, -0.4428881108760834),
            ["RightUpperArm"] = CFrame.new(-0.025397300720214844, 0.01640474796295166, -0.06726883351802826, 0.481415718793869, -0.8764770030975342, 0.005208353046327829, 0.8680585026741028, 0.4775972068309784, 0.13555499911308289, -0.12129834294319153, -0.06073712557554245, 0.9907561540603638),
            ["Head"] = CFrame.new(-1.0943040251731873e-08, -8.344650268554688e-07, 1.0243820725008845e-07, 0.9949305057525635, 0.09809853881597519, 0.022136371582746506, -0.09999007731676102, 0.9414733052253723, 0.32191598415374756, 0.010738659650087357, -0.3224976658821106, 0.9465094208717346),
            ["RightFoot"] = CFrame.new(1.9744038581848145e-07, -5.960464477539063e-08, 1.845910446718335e-08, 0.9179264307022095, -0.2377353459596634, -0.31763672828674316, 0.04526730999350548, 0.8581224083900452, -0.5114461779594421, 0.39416003227233887, 0.4550911486148834, 0.7984546422958374),
            ["UpperTorso"] = CFrame.new(2.2351741790771484e-08, 2.9802322387695312e-08, 1.6763806343078613e-08, 0.9850555658340454, 0.08360933512449265, -0.15058250725269318, -0.03846301883459091, 0.9589798450469971, 0.2808525860309601, 0.16788753867149353, -0.27086353302001953, 0.9478643536567688),
            ["HumanoidRootPart"] = CFrame.new(0, 0, 0, 1, 0, 0, 0, 1, 0, 0, 0, 1),
            ["RightUpperLeg"] = CFrame.new(0, 2.4295877665281296e-07, -2.4047039914876223e-08, 0.7534360885620117, -0.20893895626068115, -0.6234408617019653, -0.19386786222457886, 0.8354259133338928, -0.5142749547958374, 0.6282907128334045, 0.5083386301994324, 0.5889335870742798),
            ["LeftUpperArm"] = CFrame.new(0.03558838367462158, 0.019631028175354004, -0.06738507747650146, 0.15724125504493713, 0.9828637838363647, 0.09619840234518051, -0.9704370498657227, 0.13571913540363312, 0.1995801329612732, 0.18310412764549255, -0.12473677098751068, 0.97514808177948),
            ["RightLowerArm"] = CFrame.new(3.5762786865234375e-07, 5.960464477539062e-07, -0.000003829598426818848, 1, 0.0000014603135696233949, 0.00001938269087986555, 0.00001901760697364807, -0.29711225628852844, -0.9548425674438477, 0.000004453584551811218, 0.9548425674438477, -0.29711228609085083),
            ["LeftHand"] = CFrame.new(-0.0000010728836059570312, -0.0000012516975402832031, 2.5331974029541016e-07, 0.9987160563468933, 0.027728097513318062, 0.042395930737257004, -0.02899637073278427, 0.999141275882721, 0.02959682047367096, -0.04153880849480629, -0.03078821673989296, 0.9986624121665955),
            ["LeftFoot"] = CFrame.new(-1.7695128917694092e-08, -1.7881393432617188e-07, -7.450580596923828e-09, 0.9972302913665771, 0.03412844240665436, 0.06608405709266663, 0.01969858817756176, 0.7355851531028748, -0.6771461367607117, -0.07172021269798279, 0.6765721440315247, 0.7328752875328064),
            ["LowerTorso"] = CFrame.new(-0.04241839796304703, -0.2728997468948364, 0.24055980145931244, 0.9828596711158752, -0.002958619501441717, 0.18433167040348053, 0.014861720614135265, 0.9978885650634766, -0.06322631984949112, -0.18375539779663086, 0.06488209217786789, 0.9808283448219299),
            ["RightLowerLeg"] = CFrame.new(1.1175870895385742e-07, -0.000726163387298584, 0.00004601648106472567, 1, 1.341105360097572e-07, -2.2351748896198842e-08, -2.980232594040899e-08, 0.5061447024345398, 0.8624486923217773, 1.3411046495548362e-07, -0.8624486923217773, 0.5061445832252502),
            ["LeftUpperLeg"] = CFrame.new(2.9802322387695312e-08, 8.812639862298965e-08, 0, 0.8643161058425903, 0.12363971024751663, 0.4875149726867676, -0.012110062874853611, 0.9741480946540833, -0.2255857139825821, -0.5028033256530762, 0.1890736222267151, 0.8434692025184631),
            ["LeftLowerLeg"] = CFrame.new(-7.450580596923828e-09, -0.0007264614105224609, 0.00008095055818557739, 1, 9.126964783945368e-08, 7.63684582238966e-08, -8.568167686462402e-08, 0.522978663444519, 0.8523461222648621, -6.51925802230835e-09, -0.8523457646369934, 0.5229781866073608),
        }},
        {Time = 0.100, Data = {
            ["RightHand"] = CFrame.new(5.960464477539062e-07, 0.0000010728836059570312, -7.301568984985352e-07, 0.961068868637085, 0.2240637242794037, -0.16168491542339325, -0.23912785947322845, 0.9676523208618164, -0.08041743189096451, 0.13843627274036407, 0.11594995856285095, 0.9835604429244995),
            ["LeftLowerArm"] = CFrame.new(0.0000015497207641601562, -4.172325134277344e-07, 0.000004708766937255859, 1, -7.078051567077637e-08, -5.2154071283894154e-08, -7.450580596923828e-08, -0.44779396057128906, -0.8941368460655212, 4.284083843231201e-08, 0.8941367864608765, -0.44779399037361145),
            ["RightUpperArm"] = CFrame.new(-0.023746728897094727, 0.015824079513549805, -0.06779973208904266, 0.48727554082870483, -0.8732448220252991, 0.002517260843887925, 0.8662546277046204, 0.48373499512672424, 0.12491360306739807, -0.11029789596796036, -0.05868682265281677, 0.9921644330024719),
            ["Head"] = CFrame.new(3.4924596548080444e-09, -8.344650268554688e-07, -3.4182448871433735e-08, 0.9947399497032166, 0.09960518777370453, 0.023904703557491302, -0.10201848298311234, 0.942369282245636, 0.31864118576049805, 0.009211301803588867, -0.31940406560897827, 0.9475739002227783),
            ["RightFoot"] = CFrame.new(1.4901161193847656e-07, -5.960464477539063e-08, 3.5222910810261965e-08, 0.9143843054771423, -0.23558741807937622, -0.3292415142059326, 0.04631698131561279, 0.8687835931777954, -0.49302124977111816, 0.40218913555145264, 0.4355614185333252, 0.8053135871887207),
            ["UpperTorso"] = CFrame.new(2.60770320892334e-08, 0, 1.257285475730896e-08, 0.9853958487510681, 0.08187644183635712, -0.14930307865142822, -0.03426918759942055, 0.9542269110679626, 0.29711413383483887, 0.16679565608501434, -0.2876584827899933, 0.9430968761444092),
            ["HumanoidRootPart"] = CFrame.new(0, 0, 0, 1, 0, 0, 0, 1, 0, 0, 0, 1),
            ["RightUpperLeg"] = CFrame.new(8.940696716308594e-08, -6.990740075707436e-08, -9.145878721028566e-09, 0.759373664855957, -0.2044786661863327, -0.6176892518997192, -0.18781018257141113, 0.8400423526763916, -0.5089758634567261, 0.6229599118232727, 0.5025110840797424, 0.5995028614997864),
            ["LeftUpperArm"] = CFrame.new(0.03725612163543701, 0.022316932678222656, -0.06802847236394882, 0.17201519012451172, 0.9814901947975159, 0.08418897539377213, -0.9693765640258789, 0.1534455120563507, 0.19173818826675415, 0.17527079582214355, -0.11459270119667053, 0.9778285622596741),
            ["RightLowerArm"] = CFrame.new(1.4901161193847656e-07, 2.980232238769531e-07, -0.000004038214683532715, 1, 0.0000017136335372924805, 0.000019382687241886742, 0.000018965454728459008, -0.3106380105018616, -0.9505283832550049, 0.000004442409135663183, 0.9505283832550049, -0.3106379806995392),
            ["LeftHand"] = CFrame.new(-0.0000014454126358032227, -0.0000011920928955078125, 1.9371509552001953e-07, 0.9986815452575684, 0.027441836893558502, 0.043382804840803146, -0.028743453323841095, 0.9991464018821716, 0.029669607058167458, -0.042531657963991165, -0.030877597630023956, 0.998617947101593),
            ["LeftFoot"] = CFrame.new(-9.872019290924072e-08, -5.960464477539063e-08, 4.470348358154297e-08, 0.9960595369338989, 0.04194365069270134, 0.07814252376556396, 0.020909439772367477, 0.7451966404914856, -0.6665168404579163, -0.08618775755167007, 0.6655243635177612, 0.7413831949234009),
            ["LowerTorso"] = CFrame.new(-0.041952066123485565, -0.26551032066345215, 0.2478167563676834, 0.9825257062911987, 0.001182657084427774, 0.18612328171730042, 0.012094633653759956, 0.9974607825279236, -0.07018435001373291, -0.18573366105556488, 0.07120902836322784, 0.9800164699554443),
            ["RightLowerLeg"] = CFrame.new(-2.2351741790771484e-08, -0.000726163387298584, 0.00004607608570950106, 1, 8.195641498787154e-08, 0, -5.960464477539063e-08, 0.5216804146766663, 0.8531408905982971, 1.6391277313232422e-07, -0.8531410098075867, 0.5216805338859558),
            ["LeftUpperLeg"] = CFrame.new(2.9802322387695312e-08, -6.57164491713047e-08, -7.450580596923828e-09, 0.8752554655075073, 0.1090574562549591, 0.47120511531829834, -0.004156855866312981, 0.9759072065353394, -0.21814635396003723, -0.4836430251598358, 0.1889750063419342, 0.8546215295791626),
            ["LeftLowerLeg"] = CFrame.new(8.568167686462402e-08, -0.0007268786430358887, 0.0000809207558631897, 1, 9.499490261077881e-08, 3.9115551686563776e-08, -6.332992796842518e-08, 0.5347238779067993, 0.8450269103050232, 1.210719204891575e-07, -0.8450268507003784, 0.5347238779067993),
        }},
        {Time = 0.133, Data = {
            ["RightHand"] = CFrame.new(4.172325134277344e-07, 0.0000010728836059570312, -6.556510925292969e-07, 0.9631457328796387, 0.21369962394237518, -0.16334815323352814, -0.22817060351371765, 0.9706934690475464, -0.07544931024312973, 0.14243769645690918, 0.10993990302085876, 0.9836792349815369),
            ["LeftLowerArm"] = CFrame.new(0.000002205371856689453, -2.980232238769531e-07, 0.00000476837158203125, 1, -3.3527612686157227e-08, -7.4505820180093e-08, -6.705523958316917e-08, -0.4487217366695404, -0.8936716318130493, 0, 0.8936715126037598, -0.448721706867218),
            ["RightUpperArm"] = CFrame.new(-0.02212214469909668, 0.011878728866577148, -0.07000504434108734, 0.48679041862487793, -0.873500645160675, -0.005626453086733818, 0.8672082424163818, 0.48249104619026184, 0.12309536337852478, -0.10480932891368866, -0.06480112671852112, 0.9923788905143738),
            ["Head"] = CFrame.new(-6.752088665962219e-09, -7.152557373046875e-07, -7.665221346542239e-08, 0.9944608807563782, 0.10165516287088394, 0.02671663463115692, -0.10491132736206055, 0.9444865584373474, 0.311349481344223, 0.0064168768003582954, -0.3124280869960785, 0.9499198794364929),
            ["RightFoot"] = CFrame.new(1.341104507446289e-07, -1.1920928955078125e-07, 9.145878721028566e-09, 0.9133108854293823, -0.2413076013326645, -0.32807549834251404, 0.05274492874741554, 0.8688624501228333, -0.4922356605529785, 0.4038330316543579, 0.43226003646850586, 0.8062695860862732),
            ["UpperTorso"] = CFrame.new(-4.889443516731262e-09, 2.086162567138672e-07, -1.7229467630386353e-08, 0.9862147569656372, 0.06895273178815842, -0.15041933953762054, -0.024500833824276924, 0.9598708748817444, 0.27937018871307373, 0.1636464148759842, -0.27183350920677185, 0.9483282566070557),
            ["HumanoidRootPart"] = CFrame.new(0, 0, 0, 1, 0, 0, 0, 1, 0, 0, 0, 1),
            ["RightUpperLeg"] = CFrame.new(8.940696716308594e-08, 6.705522537231445e-08, 2.0656443666666746e-08, 0.7623863220214844, -0.20206817984580994, -0.6147648096084595, -0.19384294748306274, 0.8350657820701599, -0.5148693919181824, 0.617407500743866, 0.5116968154907227, 0.5974729061126709),
            ["LeftUpperArm"] = CFrame.new(0.03892481327056885, 0.02297508716583252, -0.0704469233751297, 0.18851040303707123, 0.9796261787414551, 0.06925591826438904, -0.9663123488426208, 0.17244122922420502, 0.1910611391067505, 0.1752261221408844, -0.1029399186372757, 0.9791318774223328),
            ["RightLowerArm"] = CFrame.new(5.066394805908203e-07, 7.748603820800781e-07, -0.000003643333911895752, 1, 0.0000019520523437677184, 0.000019319360944791697, 0.000018984079360961914, -0.3219339847564697, -0.9467621445655823, 0.000004408881068229675, 0.946762204170227, -0.32193395495414734),
            ["LeftHand"] = CFrame.new(-0.0000016093254089355469, -0.0000013113021850585938, 2.2351741790771484e-07, 0.998674750328064, 0.027392152696847916, 0.0435718409717083, -0.028700105845928192, 0.9991474151611328, 0.02968052215874195, -0.04272175207734108, -0.03089190274477005, 0.9986094236373901),
            ["LeftFoot"] = CFrame.new(4.6566128730773926e-08, -1.7881393432617188e-07, -7.450580596923828e-09, 0.9919818639755249, 0.05385296791791916, 0.11433164030313492, 0.03204168379306793, 0.7679383158683777, -0.6397218108177185, -0.12225073575973511, 0.6382560133934021, 0.7600555419921875),
            ["LowerTorso"] = CFrame.new(-0.04017464816570282, -0.24621367454528809, 0.25418025255203247, 0.9824195504188538, 0.008267940953373909, 0.1865033507347107, 0.0009696385823190212, 0.9987794160842896, -0.04938485100865364, -0.1866840124130249, 0.048697490245103836, 0.981212317943573),
            ["RightLowerLeg"] = CFrame.new(2.60770320892334e-08, -0.0007261037826538086, 0.00004607608570950106, 1, 1.5646224937881925e-07, 0, -8.940698137394065e-08, 0.5478444695472717, 0.8365799784660339, 5.2154071283894154e-08, -0.836580216884613, 0.5478448867797852),
            ["LeftUpperLeg"] = CFrame.new(-5.960464477539063e-08, 8.381903171539307e-08, -5.960464477539063e-08, 0.8956156373023987, 0.06926625221967697, 0.4394029974937439, 0.0296111311763525, 0.976327657699585, -0.2142605483531952, -0.4438420236110687, 0.20490628480911255, 0.8723631501197815),
            ["LeftLowerLeg"] = CFrame.new(-1.862645149230957e-08, -0.0007265806198120117, 0.00008098781108856201, 1, 8.940695295223122e-08, 5.960465898624534e-08, -7.823108916227284e-08, 0.577213704586029, 0.8165931701660156, -2.2351738238057806e-08, -0.8165931701660156, 0.5772137641906738),
        }},
        {Time = 0.167, Data = {
            ["RightHand"] = CFrame.new(3.8743019104003906e-07, 0.0000011920928955078125, -7.450580596923828e-07, 0.9680238962173462, 0.19181132316589355, -0.16167235374450684, -0.2037625014781952, 0.9771338701248169, -0.060748934745788574, 0.14632345736026764, 0.09174910932779312, 0.9849729537963867),
            ["LeftLowerArm"] = CFrame.new(0.0000016689300537109375, -2.384185791015625e-07, 0.000004991888999938965, 1, -4.4703490686970326e-08, -9.685756907629184e-08, -7.450581307466564e-08, -0.44566237926483154, -0.8952012658119202, 0, 0.8952012062072754, -0.44566234946250916),
            ["RightUpperArm"] = CFrame.new(-0.021143436431884766, 0.006346702575683594, -0.07392022758722305, 0.48133328557014465, -0.8764344453811646, -0.013443786650896072, 0.8702135682106018, 0.4759654998779297, 0.1272212415933609, -0.10510241985321045, -0.07293486595153809, 0.9917832612991333),
            ["Head"] = CFrame.new(-6.984919309616089e-09, -8.344650268554688e-07, -2.176966518163681e-08, 0.9941550493240356, 0.10386775434017181, 0.029448576271533966, -0.1079099103808403, 0.9475448727607727, 0.3008558452129364, 0.0033453875221312046, -0.3022754192352295, 0.9532148241996765),
            ["RightFoot"] = CFrame.new(1.4156103134155273e-07, -1.7881393432617188e-07, 9.145878721028566e-09, 0.9225674867630005, -0.24320586025714874, -0.299532949924469, 0.07398663461208344, 0.8734280467033386, -0.4812999367713928, 0.3786757290363312, 0.4218701124191284, 0.8237903714179993),
            ["UpperTorso"] = CFrame.new(1.4901161193847656e-08, 8.940696716308594e-08, -5.587935447692871e-09, 0.9871326088905334, 0.048714667558670044, -0.15230251848697662, -0.01012399885803461, 0.9695937037467957, 0.24451138079166412, 0.15958280861377716, -0.2398231327533722, 0.9576107263565063),
            ["HumanoidRootPart"] = CFrame.new(0, 0, 0, 1, 0, 0, 0, 1, 0, 0, 0, 1),
            ["RightUpperLeg"] = CFrame.new(5.960464477539063e-08, -5.21540641784668e-08, 3.742025000974536e-08, 0.7857110500335693, -0.1971316635608673, -0.5863422751426697, -0.19947975873947144, 0.816483736038208, -0.5418137907981873, 0.5855475664138794, 0.5426725149154663, 0.602196455001831),
            ["LeftUpperArm"] = CFrame.new(0.03997749090194702, 0.02245175838470459, -0.07468923181295395, 0.20461919903755188, 0.9774749875068665, 0.0517067015171051, -0.9622215628623962, 0.19117110967636108, 0.19386433064937592, 0.17961277067661285, -0.08942171186208725, 0.9796648025512695),
            ["RightLowerArm"] = CFrame.new(-1.7881393432617188e-07, 8.344650268554688e-07, -0.000003691762685775757, 1, 0.0000022649762740911683, 0.000019431119653745554, 0.000019013879864360206, -0.3352329432964325, -0.9421353340148926, 0.000004445202193892328, 0.9421352744102478, -0.3352329432964325),
            ["LeftHand"] = CFrame.new(-0.0000016093254089355469, -0.0000013709068298339844, 1.6391277313232422e-07, 0.9986964464187622, 0.02757231518626213, 0.042956192046403885, -0.02885918691754341, 0.9991443157196045, 0.029628202319145203, -0.04210253804922104, -0.03082931786775589, 0.9986376166343689),
            ["LeftFoot"] = CFrame.new(1.210719347000122e-08, -1.7881393432617188e-07, 1.4901161193847656e-08, 0.9925218224525452, 0.059675391763448715, 0.10648691654205322, 0.01618698239326477, 0.8003106713294983, -0.599367082118988, -0.12099006772041321, 0.5966086387634277, 0.7933598160743713),
            ["LowerTorso"] = CFrame.new(-0.03681746870279312, -0.22212517261505127, 0.2603627145290375, 0.9823722839355469, 0.01869547925889492, 0.1859978288412094, -0.016144130378961563, 0.9997538924217224, -0.015222377143800259, -0.18623661994934082, 0.011951270513236523, 0.9824322462081909),
            ["RightLowerLeg"] = CFrame.new(-1.1175870895385742e-07, -0.0007263422012329102, 0.00004598667874233797, 1, 1.2665994120197865e-07, 4.4703497792397684e-08, -8.195639367158947e-08, 0.5766997337341309, 0.816956102848053, 8.195639367158947e-08, -0.8169562816619873, 0.5766999125480652),
            ["LeftUpperLeg"] = CFrame.new(-2.9802322387695312e-08, -2.8032809495925903e-07, -2.60770320892334e-08, 0.9200294613838196, 0.02827371470630169, 0.39082804322242737, 0.06719799339771271, 0.9712339043617249, -0.22844958305358887, -0.38604459166526794, 0.23644322156906128, 0.8916637301445007),
            ["LeftLowerLeg"] = CFrame.new(-8.940696716308594e-08, -0.0007266998291015625, 0.00008098781108856201, 1, 0, 7.078052277620372e-08, -7.078050856534901e-08, 0.6262404918670654, 0.7796298265457153, -1.7695127141337252e-08, -0.7796299457550049, 0.6262406706809998),
        }},
        {Time = 0.200, Data = {
            ["RightHand"] = CFrame.new(4.172325134277344e-07, 0.0000011324882507324219, -5.513429641723633e-07, 0.9723330736160278, 0.1717880666255951, -0.1582942008972168, -0.1808253824710846, 0.9825096130371094, -0.04446658864617348, 0.14788700640201569, 0.07185985147953033, 0.9863902926445007),
            ["LeftLowerArm"] = CFrame.new(0.0000015795230865478516, -2.384185791015625e-07, 0.00000502169132232666, 1, -5.960465188081798e-08, -5.960465188081798e-08, -8.940696716308594e-08, -0.438277006149292, -0.8988400101661682, 8.381903171539307e-09, 0.898840069770813, -0.43827691674232483),
            ["RightUpperArm"] = CFrame.new(-0.020405709743499756, 0.0018243789672851562, -0.0793384313583374, 0.4737531840801239, -0.8804908394813538, -0.01714194007217884, 0.8741077780723572, 0.4677707850933075, 0.13086731731891632, -0.10720880329608917, -0.07698257267475128, 0.9912517070770264),
            ["Head"] = CFrame.new(4.423782229423523e-09, -7.152557373046875e-07, 1.1030351743102074e-08, 0.9938842058181763, 0.10587447136640549, 0.031381599605083466, -0.11042727530002594, 0.9525324106216431, 0.2837039530277252, 0.00014497502706944942, -0.28543415665626526, 0.9583982825279236),
            ["RightFoot"] = CFrame.new(1.7508864402770996e-07, 5.960464477539063e-08, 3.149762051180005e-08, 0.978850245475769, -0.2031676024198532, 0.023983102291822433, 0.1982422173023224, 0.9130419492721558, -0.3564474582672119, 0.05052080377936363, 0.35366299748420715, 0.9340075254440308),
            ["UpperTorso"] = CFrame.new(-7.450580596923828e-09, 8.940696716308594e-08, 3.4924596548080444e-08, 0.9876953363418579, 0.031725261360406876, -0.15313895046710968, 0.002962400671094656, 0.9752368927001953, 0.22114285826683044, 0.15636257827281952, -0.21887563169002533, 0.963142991065979),
            ["HumanoidRootPart"] = CFrame.new(0, 0, 0, 1, 0, 0, 0, 1, 0, 0, 0, 1),
            ["RightUpperLeg"] = CFrame.new(2.9802322387695312e-08, 8.42846930027008e-08, 5.604670150205493e-08, 0.8218053579330444, -0.20988266170024872, -0.5297029614448547, -0.18829479813575745, 0.7774034738540649, -0.6001574993133545, 0.5377556681632996, 0.5929529666900635, 0.5993544459342957),
            ["LeftUpperArm"] = CFrame.new(0.04080778360366821, 0.022556185722351074, -0.08047741651535034, 0.21893417835235596, 0.975200891494751, 0.03242180868983269, -0.9585307240486145, 0.20874103903770447, 0.19402629137039185, 0.18244659900665283, -0.07355625927448273, 0.9804604649543762),
            ["RightLowerArm"] = CFrame.new(2.9802322387695312e-08, 2.980232238769531e-07, -0.000003900378942489624, 1, 0.0000024586915969848633, 0.000019308181435917504, 0.000018969178199768066, -0.3456153869628906, -0.938376247882843, 0.000004412606358528137, 0.9383763074874878, -0.3456153869628906),
            ["LeftHand"] = CFrame.new(-0.0000013113021850585938, -0.0000011324882507324219, 1.9371509552001953e-07, 0.998746395111084, 0.028018221259117126, 0.04148070886731148, -0.029254890978336334, 0.9991362690925598, 0.029511451721191406, -0.04061805084347725, -0.03068811446428299, 0.9987034797668457),
            ["LeftFoot"] = CFrame.new(-1.7695128917694092e-08, -5.960464477539063e-08, -7.450580596923828e-09, 0.995117723941803, 0.06136666610836983, 0.07729726284742355, -0.007660106290131807, 0.8288521766662598, -0.5594154000282288, -0.09839732944965363, 0.5560919642448425, 0.8252754807472229),
            ["LowerTorso"] = CFrame.new(-0.03243526071310043, -0.202642560005188, 0.26735919713974, 0.9822022914886475, 0.028035501018166542, 0.18572208285331726, -0.030191155150532722, 0.9995055794715881, 0.00878831185400486, -0.1853838562965393, -0.014239064417779446, 0.9825630187988281),
            ["RightLowerLeg"] = CFrame.new(-5.960464477539063e-08, -0.0007260441780090332, 0.00004613569035427645, 1, 7.450584860180243e-08, 7.450584149637507e-09, -9.685756197086448e-08, 0.6172871589660645, 0.7867379188537598, 1.266598843585598e-07, -0.7867379784584045, 0.6172872185707092),
            ["LeftUpperLeg"] = CFrame.new(-5.960464477539063e-08, -5.448237061500549e-08, 7.264316082000732e-08, 0.9454033374786377, -0.004630897659808397, 0.32586973905563354, 0.09115982055664062, 0.9637438058853149, -0.25077423453330994, -0.31289374828338623, 0.2667892873287201, 0.9115488529205322),
            ["LeftLowerLeg"] = CFrame.new(3.725290298461914e-09, -0.0007265806198120117, 0.00008093565702438354, 1, 7.450581307466564e-08, 2.980232594040899e-08, -6.332992796842518e-08, 0.6609717607498169, 0.7504110932350159, 8.195637946073475e-08, -0.750410795211792, 0.660971462726593),
        }},
        {Time = 0.233, Data = {
            ["RightHand"] = CFrame.new(-5.960464477539063e-08, 8.940696716308594e-07, -8.791685104370117e-07, 0.9753302335739136, 0.1615051031112671, -0.15048857033252716, -0.1672942340373993, 0.9855495095252991, -0.02655114233493805, 0.144025981426239, 0.051071830093860626, 0.9882552027702332),
            ["LeftLowerArm"] = CFrame.new(0.0000011324882507324219, -3.5762786865234375e-07, 0.0000049620866775512695, 1, -1.4901162970204496e-08, -4.4703494239684005e-08, -7.823110337312755e-08, -0.4199095368385315, -0.9075660705566406, 4.284084198502569e-08, 0.9075660705566406, -0.4199094772338867),
            ["RightUpperArm"] = CFrame.new(-0.01996779441833496, -0.0005067586898803711, -0.08545118570327759, 0.4729480445384979, -0.880899965763092, -0.018316734582185745, 0.8749562501907349, 0.4671052098274231, 0.12753193080425262, -0.10378715395927429, -0.07634244859218597, 0.9916654229164124),
            ["Head"] = CFrame.new(2.7939677238464355e-09, -5.960464477539062e-07, -7.144990377128124e-08, 0.9938622713088989, 0.10569904744625092, 0.03264327347278595, -0.11056464910507202, 0.9588307738304138, 0.26156994700431824, -0.0036516268737614155, -0.26357394456863403, 0.9646323919296265),
            ["RightFoot"] = CFrame.new(1.7136335372924805e-07, -5.960464477539063e-08, 2.032174961641431e-08, 0.9732186794281006, -0.1940114051103592, 0.12330909073352814, 0.21804744005203247, 0.9489629864692688, -0.22786930203437805, -0.07280641049146652, 0.24865396320819855, 0.9658522009849548),
            ["UpperTorso"] = CFrame.new(1.4901161193847656e-08, 2.9802322387695312e-08, 1.0710209608078003e-08, 0.988028347492218, 0.022227169945836067, -0.15266326069831848, 0.012554855085909367, 0.9746993184089661, 0.22316724061965942, 0.1537611484527588, -0.22241206467151642, 0.9627514481544495),
            ["HumanoidRootPart"] = CFrame.new(0, 0, 0, 1, 0, 0, 0, 1, 0, 0, 0, 1),
            ["RightUpperLeg"] = CFrame.new(5.960464477539063e-08, -1.1827796697616577e-07, -1.4733814168721437e-08, 0.8532021641731262, -0.19300605356693268, -0.4845564067363739, -0.17806628346443176, 0.7654135823249817, -0.6184132099151611, 0.49024343490600586, 0.6139143705368042, 0.6186844110488892),
            ["LeftUpperArm"] = CFrame.new(0.04133957624435425, 0.02401149272918701, -0.0869046002626419, 0.23114298284053802, 0.9728624224662781, 0.0105673149228096, -0.9561764001846313, 0.22514545917510986, 0.18717986345291138, 0.17972123622894287, -0.053369536995887756, 0.9822688102722168),
            ["RightLowerArm"] = CFrame.new(1.4901161193847656e-07, 7.748603820800781e-07, -0.0000037811696529388428, 1, 0.000002533197175580426, 0.000019371515008970164, 0.00001901388168334961, -0.3509169816970825, -0.936406672000885, 0.000004427507519721985, 0.9364065527915955, -0.35091695189476013),
            ["LeftHand"] = CFrame.new(-0.000001519918441772461, -0.0000011324882507324219, 3.2782554626464844e-07, 0.999106764793396, 0.021789418533444405, 0.03620682284235954, -0.022714802995324135, 0.9994206428527832, 0.025346938520669937, -0.03563357889652252, -0.026146817952394485, 0.999022901058197),
            ["LeftFoot"] = CFrame.new(1.862645149230957e-09, -1.1920928955078125e-07, -1.4901161193847656e-08, 0.997956395149231, 0.06084601581096649, 0.019517088308930397, -0.041571956127882004, 0.8501855134963989, -0.5248393416404724, -0.04852768033742905, 0.5229555368423462, 0.8509776592254639),
            ["LowerTorso"] = CFrame.new(-0.027524402365088463, -0.19485819339752197, 0.27582067251205444, 0.9819924831390381, 0.03525003418326378, 0.18560220301151276, -0.038291625678539276, 0.9991843700408936, 0.012827501632273197, -0.18499861657619476, -0.019703516736626625, 0.9825413227081299),
            ["RightLowerLeg"] = CFrame.new(-7.450580596923828e-08, -0.0007265806198120117, 0.00004610588803188875, 1, 8.195639367158947e-08, 1.1175874448099421e-08, -8.195639367158947e-08, 0.6604639291763306, 0.7508576512336731, 5.2154071283894154e-08, -0.7508578300476074, 0.6604642271995544),
            ["LeftUpperLeg"] = CFrame.new(0, -2.561137080192566e-08, 3.3527612686157227e-08, 0.9735312461853027, -0.031880952417850494, 0.22631947696208954, 0.09915833175182343, 0.9510921835899353, -0.29255983233451843, -0.20592361688613892, 0.3072575330734253, 0.9290792346000671),
            ["LeftLowerLeg"] = CFrame.new(-6.332993507385254e-08, -0.0007265210151672363, 0.00008092820644378662, 1, 5.587935447692871e-08, 1.0803343286625022e-07, -7.078050856534901e-08, 0.6620450615882874, 0.7494639754295349, 1.0430811414607888e-07, -0.7494640350341797, 0.6620451211929321),
        }},
        {Time = 0.267, Data = {
            ["RightHand"] = CFrame.new(3.5762786865234375e-07, 0.0000010728836059570312, -0.000001043081283569336, 0.9777584075927734, 0.1605650931596756, -0.1349342316389084, -0.16244448721408844, 0.9867133498191833, -0.0029603769071400166, 0.1326662302017212, 0.02481362223625183, 0.9908502101898193),
            ["LeftLowerArm"] = CFrame.new(0.0000011920928955078125, -3.5762786865234375e-07, 0.000005029141902923584, 1, -7.450581307466564e-08, -9.685759039257391e-08, -8.568168397005138e-08, -0.39155247807502747, -0.9201558828353882, 2.0954759705205106e-08, 0.9201558232307434, -0.3915524482727051),
            ["RightUpperArm"] = CFrame.new(-0.01954859495162964, -0.001909494400024414, -0.09212282299995422, 0.48781657218933105, -0.8726950883865356, -0.020940087735652924, 0.8679314851760864, 0.4823070764541626, 0.11863718926906586, -0.09343436360359192, -0.07604756206274033, 0.992716908454895),
            ["Head"] = CFrame.new(6.51925802230835e-09, -9.5367431640625e-07, 3.923196345567703e-08, 0.993996262550354, 0.1038753092288971, 0.03437317535281181, -0.10915672779083252, 0.9630091190338135, 0.2463703751564026, -0.00750995147973299, -0.24864313006401062, 0.9685660004615784),
            ["RightFoot"] = CFrame.new(2.0116567611694336e-07, -1.7881393432617188e-07, 1.287116901949048e-08, 0.9754526019096375, -0.19418151676654816, 0.10385481268167496, 0.2068224847316742, 0.9697962999343872, -0.12930472195148468, -0.07560953497886658, 0.1476101577281952, 0.9861513376235962),
            ["UpperTorso"] = CFrame.new(-1.1641532182693481e-08, -1.4901161193847656e-07, 3.9814040064811707e-08, 0.9883369207382202, 0.015114261768758297, -0.15153129398822784, 0.021679909899830818, 0.9709616899490356, 0.23825033009052277, 0.15073208510875702, -0.23875692486763, 0.9593096971511841),
            ["HumanoidRootPart"] = CFrame.new(0, 0, 0, 1, 0, 0, 0, 1, 0, 0, 0, 1),
            ["RightUpperLeg"] = CFrame.new(5.960464477539063e-08, -2.4330802261829376e-07, -1.1008523870259523e-08, 0.8849346041679382, -0.17128042876720428, -0.43307459354400635, -0.16166652739048004, 0.7591071724891663, -0.6305714845657349, 0.43675467371940613, 0.628028154373169, 0.6440699100494385),
            ["LeftUpperArm"] = CFrame.new(0.04186779260635376, 0.026408910751342773, -0.09388217329978943, 0.24080458283424377, 0.9704680442810059, -0.01432284526526928, -0.9547926783561707, 0.23951365053653717, 0.17608016729354858, 0.17431043088436127, -0.028725553303956985, 0.9842716455459595),
            ["RightLowerArm"] = CFrame.new(4.76837158203125e-07, 5.960464477539062e-07, -0.00000398978590965271, 1, 0.0000026375057586847106, 0.000019315635654493235, 0.00001899153176054824, -0.3544638454914093, -0.9350697994232178, 0.000004420988716447027, 0.935069739818573, -0.3544638454914093),
            ["LeftHand"] = CFrame.new(-0.0000012814998626708984, -0.0000013113021850585938, 4.470348358154297e-07, 0.9996278285980225, 0.00499124126508832, 0.026823023334145546, -0.005401066038757563, 0.9998694658279419, 0.015229536220431328, -0.026743518188595772, -0.015368858352303505, 0.9995241761207581),
