return {
    ["Snoop's Walk"] = {
        {Time = 0.000, Data = {
            ["RightFoot"] = CFrame.new(-7.078051567077637e-08, 4.76837158203125e-07, -5.75528247281909e-09, 0.8992636203765869, 0.09437152743339539, -0.42710644006729126, -0.19635768234729767, 0.9596276879310608, -0.2013920247554779, 0.39085653424263, 0.26496973633766174, 0.8814882040023804),
            ["LeftLowerArm"] = CFrame.new(1.7881393432617188e-07, 0, 1.0244548320770264e-07, 1, -2.1234141911463666e-07, 7.450580596923828e-08, 1.8812716007232666e-07, -0.685194194316864, -0.7283599376678467, 1.0564690455794334e-07, 0.7283604741096497, -0.685194730758667),
            ["RightUpperArm"] = CFrame.new(1.1920928955078125e-07, -0.06523787975311279, 1.6391277313232422e-07, 0.38935476541519165, -0.9210867285728455, -0.001342225936241448, 0.9182400703430176, 0.3880366086959839, 0.07914188504219055, -0.07237540930509567, -0.032046426087617874, 0.9968624711036682),
            ["Head"] = CFrame.new(2.514570951461792e-08, -3.5762786865234375e-07, -1.4435499906539917e-08, 0.988990306854248, 0.12131670117378235, -0.08473812788724899, -0.09169580787420273, 0.9518483877182007, 0.2925349473953247, 0.1161472275853157, -0.2815438508987427, 0.9524930119514465),
            ["LowerTorso"] = CFrame.new(-0.0650346651673317, -0.27541184425354004, 0.12176772952079773, 0.9918623566627502, -0.003571080742403865, 0.1272648125886917, 0.009851111099123955, 0.9987624287605286, -0.04875022545456886, -0.12693339586257935, 0.049607086926698685, 0.9906700253486633),
            ["UpperTorso"] = CFrame.new(3.725290298461914e-09, 1.4901161193847656e-07, -9.313225746154785e-10, 0.9972746968269348, 0.0733317881822586, 0.008098823018372059, -0.07287584990262985, 0.9620184302330017, 0.2630775570869446, 0.011500906199216843, -0.26295074820518494, 0.9647407531738281),
            ["HumanoidRootPart"] = CFrame.new(0, 0, 0, 1, 0, 0, 0, 1, 0, 0, 0, 1),
            ["RightUpperLeg"] = CFrame.new(-0.000025451183319091797, -0.00012537778820842505, -0.004997504875063896, 0.9677569270133972, -0.2437293529510498, -0.06357919424772263, 0.13090106844902039, 0.7022958397865295, -0.6997472643852234, 0.2152009755373001, 0.6688621640205383, 0.7115557193756104),
            ["LeftUpperArm"] = CFrame.new(0, -0.06523787975311279, 9.685754776000977e-08, 0.09454597532749176, 0.9861131310462952, -0.13653534650802612, -0.9774956107139587, 0.11793764680624008, 0.17490926384925842, 0.18858256936073303, 0.11692605167627335, 0.9750717282295227),
            ["RightLowerArm"] = CFrame.new(-5.960464477539063e-08, -1.1920928955078125e-07, 2.9802322387695312e-08, 1, -2.9802318834981634e-08, 2.682209014892578e-07, -2.374873098176522e-08, -0.5777379274368286, -0.8162226676940918, 1.8626455755565985e-07, 0.8162223100662231, -0.5777374505996704),
            ["LeftHand"] = CFrame.new(-3.203749656677246e-07, 2.384185791015625e-07, -1.4901161193847656e-08, 0.8930345177650452, 0.4105609059333801, 0.1841995269060135, -0.440128892660141, 0.8821538090705872, 0.1676039844751358, -0.0936804935336113, -0.23074746131896973, 0.9684934616088867),
            ["LeftFoot"] = CFrame.new(-1.1548399925231934e-07, -5.960464477539063e-08, -2.9802322387695312e-08, 0.9844484925270081, -0.0911027267575264, -0.15020468831062317, -0.0230119526386261, 0.7807781100273132, -0.624384880065918, 0.17415980994701385, 0.6181309819221497, 0.7665390372276306),
            ["RightHand"] = CFrame.new(1.7881393432617188e-07, 1.1920928955078125e-07, -8.940696716308594e-08, 0.9106404185295105, -0.2039768397808075, -0.3593432307243347, 0.23421551287174225, 0.9712676405906677, 0.0422162227332592, 0.34040743112564087, -0.1226080134510994, 0.9322502017021179),
            ["RightLowerLeg"] = CFrame.new(7.078051567077637e-08, 1.7881393432617188e-07, 1.6952981241047382e-09, 1, 6.519255180137407e-08, 2.1979194286814163e-07, 3.874302478834579e-07, 0.493144154548645, 0.8699475526809692, -4.284084198502569e-08, -0.8699476718902588, 0.49314427375793457),
            ["LeftUpperLeg"] = CFrame.new(0.000025510787963867188, 0.00012556393630802631, 0.00499749556183815, 0.8515264987945557, 0.2957768440246582, 0.43291929364204407, -0.12309234589338303, 0.9153880476951599, -0.3832922875881195, -0.5096578001976013, 0.2730948328971863, 0.8158847093582153),
            ["LeftLowerLeg"] = CFrame.new(2.086162567138672e-07, 5.960464477539063e-08, 0, 1, 8.195641498787154e-08, -2.2351738238057806e-08, -1.1175870895385742e-07, 0.45373857021331787, 0.8911348581314087, 6.332993507385254e-08, -0.8911349177360535, 0.45373857021331787),
        }},
        {Time = 0.033, Data = {
            ["RightFoot"] = CFrame.new(2.9802322387695312e-08, 1.7881393432617188e-07, 6.129994289949536e-08, 0.8945363163948059, 0.10858594626188278, -0.4336065649986267, -0.20242445170879364, 0.9632843136787415, -0.176374152302742, 0.3985337018966675, 0.2455456256866455, 0.8836727738380432),
            ["LeftLowerArm"] = CFrame.new(4.470348358154297e-07, 1.1920928955078125e-07, -1.5739351511001587e-07, 1, -2.682208162241295e-07, 1.2665985593685036e-07, 1.4528629321830522e-07, -0.692193865776062, -0.721711277961731, 6.571643496044999e-08, 0.7217116355895996, -0.6921943426132202),
            ["RightUpperArm"] = CFrame.new(0, -0.06523787975311279, -5.960464477539063e-08, 0.3965122103691101, -0.9180062413215637, -0.006563066504895687, 0.916098415851593, 0.3952043354511261, 0.0676533579826355, -0.05951249226927757, -0.032837700098752975, 0.9976873397827148),
            ["Head"] = CFrame.new(-9.313225746154785e-10, 0, -3.294553607702255e-08, 0.9882335662841797, 0.12655478715896606, -0.0858980342745781, -0.0942450612783432, 0.9461485743522644, 0.3097112774848938, 0.12046772241592407, -0.29797130823135376, 0.9469428062438965),
            ["LowerTorso"] = CFrame.new(-0.06610158830881119, -0.28522706031799316, 0.12876783311367035, 0.9914116859436035, -0.001128573203459382, 0.13077330589294434, 0.010800560936331749, 0.99725341796875, -0.07327356934547424, -0.1303316056728363, 0.07405658811330795, 0.9887008666992188),
            ["UpperTorso"] = CFrame.new(2.421438694000244e-08, -5.960464477539063e-08, -7.450580596923828e-09, 0.9970707297325134, 0.07535318285226822, 0.013113248161971569, -0.07585812360048294, 0.9523261785507202, 0.2955005466938019, 0.00977898295968771, -0.29562947154045105, 0.9552525877952576),
            ["HumanoidRootPart"] = CFrame.new(0, 0, 0, 1, 0, 0, 0, 1, 0, 0, 0, 1),
            ["RightUpperLeg"] = CFrame.new(-0.000025570392608642578, -0.00012592028360813856, -0.004997486248612404, 0.968471884727478, -0.242653027176857, -0.0564064159989357, 0.14000879228115082, 0.717432975769043, -0.6824133992195129, 0.20605792105197906, 0.6530004143714905, 0.7287868857383728),
            ["LeftUpperArm"] = CFrame.new(5.960464477539063e-08, -0.06523740291595459, 4.470348358154297e-08, 0.1029374971985817, 0.9837002754211426, -0.1474371999502182, -0.9781490564346313, 0.12702509760856628, 0.1645876169204712, 0.18063300848007202, 0.1272733211517334, 0.9752811789512634),
            ["RightLowerArm"] = CFrame.new(-5.960464477539063e-08, -1.7881393432617188e-07, -2.9802322387695312e-08, 1, -4.0978184756568226e-07, -1.0430816388407038e-07, 3.997703572622413e-07, -0.589875340461731, -0.8074942231178284, 1.229346224818073e-07, 0.8074944615364075, -0.5898755788803101),
            ["LeftHand"] = CFrame.new(-7.450580596923828e-09, 0, -1.564621925354004e-07, 0.8918001055717468, 0.41213589906692505, 0.18664616346359253, -0.44220325350761414, 0.8812298774719238, 0.16700392961502075, -0.09564988315105438, -0.2314692586660385, 0.9681285619735718),
            ["LeftFoot"] = CFrame.new(8.009374141693115e-08, -5.960464477539063e-08, 4.470348358154297e-08, 0.9871099591255188, -0.08532156050205231, -0.13540390133857727, -0.019665706902742386, 0.7749687433242798, -0.6316940188407898, 0.1588311642408371, 0.6262138485908508, 0.7633010149002075),
            ["RightHand"] = CFrame.new(2.682209014892578e-07, 0, -2.9802322387695312e-08, 0.9090643525123596, -0.2070576548576355, -0.36156487464904785, 0.2373400777578354, 0.9705646634101868, 0.04091684892773628, 0.34244975447654724, -0.12300965934991837, 0.931448757648468),
            ["RightLowerLeg"] = CFrame.new(3.725290298461914e-09, 0, 2.2521271603181958e-07, 1, -1.1734660176898615e-07, 1.583247097869389e-07, 4.097820749393577e-07, 0.49810680747032166, 0.8671156764030457, -7.450583439094771e-08, -0.8671157956123352, 0.49810677766799927),
            ["LeftUpperLeg"] = CFrame.new(0.000025510787963867188, 0.0001254635863006115, 0.0049974992871284485, 0.8613176941871643, 0.2927096486091614, 0.41527459025382996, -0.129640132188797, 0.916924238204956, -0.3774168789386749, -0.49124887585639954, 0.2712400555610657, 0.8277098536491394),
            ["LeftLowerLeg"] = CFrame.new(-5.21540641784668e-08, 2.384185791015625e-07, 1.1175870895385742e-08, 1, 1.1175876579727628e-07, 6.705521116145974e-08, -8.195638656616211e-08, 0.43087074160575867, 0.9024138450622559, -4.842877388000488e-08, -0.9024137258529663, 0.4308704137802124),
        }},
        {Time = 0.067, Data = {
            ["RightFoot"] = CFrame.new(-3.725290298461914e-09, 2.980232238769531e-07, -6.535992724820971e-08, 0.888075053691864, 0.11489272862672806, -0.4451095461845398, -0.20199206471443176, 0.9673108458518982, -0.15332671999931335, 0.41294288635253906, 0.22607406973838806, 0.8822519183158875),
            ["LeftLowerArm"] = CFrame.new(3.2782554626464844e-07, -5.960464477539063e-08, -1.695007085800171e-07, 1, -1.6391273049976007e-07, 2.3841855067985307e-07, 5.8673329306202504e-08, -0.6964631080627441, -0.717592179775238, 8.218922431524334e-08, 0.7175925374031067, -0.6964635848999023),
            ["RightUpperArm"] = CFrame.new(-1.7881393432617188e-07, -0.06523787975311279, 4.470348358154297e-08, 0.4017449915409088, -0.9156981110572815, -0.009863832034170628, 0.9143548011779785, 0.4005151391029358, 0.0595284029841423, -0.05055929347872734, -0.03293452039361, 0.9981779456138611),
            ["Head"] = CFrame.new(0, 2.384185791015625e-07, 5.704350769519806e-08, 0.9881551861763, 0.12866127490997314, -0.08364001661539078, -0.09700348228216171, 0.9460307359695435, 0.3092189133167267, 0.11891058087348938, -0.29744279384613037, 0.9473056793212891),
            ["LowerTorso"] = CFrame.new(-0.06607639789581299, -0.27585434913635254, 0.13684247434139252, 0.9911727905273438, 0.0030291681177914143, 0.13254159688949585, 0.0076605770736932755, 0.9967600703239441, -0.08006700873374939, -0.13235482573509216, 0.08037541061639786, 0.9879382848739624),
            ["UpperTorso"] = CFrame.new(1.1175870895385742e-08, 2.682209014892578e-07, -3.725290298461914e-09, 0.9973368644714355, 0.07164638489484787, 0.013639191165566444, -0.07234663516283035, 0.9481932520866394, 0.309347003698349, 0.009231051430106163, -0.3095099627971649, 0.9508514404296875),
            ["HumanoidRootPart"] = CFrame.new(0, 0, 0, 1, 0, 0, 0, 1, 0, 0, 0, 1),
            ["RightUpperLeg"] = CFrame.new(-0.000025510787963867188, -0.00012546603102236986, -0.004997494630515575, 0.9701191782951355, -0.23797005414962769, -0.04731756076216698, 0.1467558890581131, 0.7308198809623718, -0.6666068434715271, 0.19321350753307343, 0.6397441625595093, 0.7439061403274536),
            ["LeftUpperArm"] = CFrame.new(5.960464477539063e-08, -0.06523752212524414, 8.195638656616211e-08, 0.11535817384719849, 0.980796217918396, -0.15726247429847717, -0.9777137041091919, 0.14007046818733215, 0.15638475120067596, 0.17540936172008514, 0.13571731746196747, 0.9750960469245911),
            ["RightLowerArm"] = CFrame.new(-4.172325134277344e-07, 1.7881393432617188e-07, 1.7881393432617188e-07, 1, 3.688038248128578e-07, 6.705523105665634e-07, -5.853362949892471e-07, -0.6010030508041382, -0.7992464303970337, 1.1920930376163597e-07, 0.7992467284202576, -0.6010035872459412),
            ["LeftHand"] = CFrame.new(-2.9802322387695312e-08, 0, -1.5273690223693848e-07, 0.8905224800109863, 0.4136207699775696, 0.18944084644317627, -0.4442724883556366, 0.8803020715713501, 0.166403666138649, -0.09793729335069656, -0.23234955966472626, 0.967689037322998),
            ["LeftFoot"] = CFrame.new(-2.9802322387695312e-08, 0, -8.940696716308594e-08, 0.9905626177787781, -0.07763700187206268, -0.11295152455568314, -0.009394118562340736, 0.7837041616439819, -0.6210630536079407, 0.1367383897304535, 0.616263210773468, 0.7755789756774902),
            ["RightHand"] = CFrame.new(2.9802322387695312e-08, 5.960464477539063e-08, -2.086162567138672e-07, 0.9077808260917664, -0.2098025232553482, -0.3632034957408905, 0.24008555710315704, 0.969935953617096, 0.039786167442798615, 0.3439372479915619, -0.12331699579954147, 0.9308600425720215),
            ["RightLowerLeg"] = CFrame.new(-5.587935447692871e-08, -5.960464477539063e-08, -2.050583134405315e-07, 1, -2.7008342229351e-08, 1.6950069436916237e-07, 4.3585876596807793e-07, 0.5237237811088562, 0.8518880605697632, 1.4901154088420299e-08, -0.8518882393836975, 0.523723840713501),
            ["LeftUpperLeg"] = CFrame.new(0.000025510787963867188, 0.00012583646457642317, 0.004997509531676769, 0.8743492960929871, 0.2726835012435913, 0.4014434814453125, -0.12108894437551498, 0.9236316084861755, -0.363650918006897, -0.46994757652282715, 0.26934814453125, 0.8405956625938416),
            ["LeftLowerLeg"] = CFrame.new(1.862645149230957e-09, 3.5762786865234375e-07, -2.60770320892334e-08, 1, 6.705521116145974e-08, 8.568170528633345e-08, -5.2154071283894154e-08, 0.448891282081604, 0.8935863375663757, -3.725290653733282e-08, -0.8935863375663757, 0.44889143109321594),
        }},
        {Time = 0.100, Data = {
            ["RightFoot"] = CFrame.new(-8.940696716308594e-08, 4.172325134277344e-07, -3.9282895158976316e-08, 0.8826481103897095, 0.10899093002080917, -0.4572242200374603, -0.19622039794921875, 0.9693691730499268, -0.14771993458271027, 0.4271182119846344, 0.22010117769241333, 0.8769976496696472),
            ["LeftLowerArm"] = CFrame.new(1.4901161193847656e-07, -1.1920928955078125e-07, -3.3527612686157227e-08, 1, -8.19563368281706e-08, 1.713633110966839e-07, 8.847564458847046e-08, -0.697845458984375, -0.7162482738494873, 1.334119588136673e-07, 0.7162483334541321, -0.6978455781936646),
            ["RightUpperArm"] = CFrame.new(-2.384185791015625e-07, -0.0652381181716919, -1.9371509552001953e-07, 0.40083831548690796, -0.9160487055778503, -0.013549615629017353, 0.9149050116539001, 0.39947977662086487, 0.05800610035657883, -0.047723956406116486, -0.03564830869436264, 0.9982243180274963),
            ["Head"] = CFrame.new(-6.51925802230835e-09, 1.1920928955078125e-07, 6.775371730327606e-08, 0.9887475371360779, 0.1283009648323059, -0.07692284882068634, -0.09956914931535721, 0.9481967687606812, 0.3016771674156189, 0.1116434782743454, -0.29062318801879883, 0.950302004814148),
            ["LowerTorso"] = CFrame.new(-0.06463981419801712, -0.25504302978515625, 0.1462373584508896, 0.9910830855369568, 0.01011770311743021, 0.13286061584949493, -0.0023208402562886477, 0.9982725381851196, -0.05870797857642174, -0.13322530686855316, 0.05787600949406624, 0.98939448595047),
            ["UpperTorso"] = CFrame.new(2.3283064365386963e-09, 0, 5.587935447692871e-09, 0.9981674551963806, 0.05993567034602165, 0.008343149907886982, -0.0597434937953949, 0.9541252851486206, 0.29338666796684265, 0.009624076075851917, -0.29334741830825806, 0.9559574723243713),
            ["HumanoidRootPart"] = CFrame.new(0, 0, 0, 1, 0, 0, 0, 1, 0, 0, 0, 1),
            ["RightUpperLeg"] = CFrame.new(-0.000025451183319091797, -0.0001259688287973404, -0.004997463896870613, 0.9710821509361267, -0.2361496090888977, -0.035109151154756546, 0.151657834649086, 0.7237297892570496, -0.6732127070426941, 0.18438901007175446, 0.6484200954437256, 0.7386149764060974),
            ["LeftUpperArm"] = CFrame.new(5.960464477539063e-08, -0.06523799896240234, -4.842877388000488e-08, 0.1303190141916275, 0.9776061773300171, -0.16523678600788116, -0.9760946035385132, 0.15574206411838531, 0.1516047865152359, 0.17394375801086426, 0.14152979850769043, 0.9745321869850159),
            ["RightLowerArm"] = CFrame.new(-5.066394805908203e-07, 1.7881393432617188e-07, -1.6391277313232422e-07, 1, 9.499490261077881e-08, 2.9802318834981634e-08, 3.8184236217375656e-08, -0.609618604183197, -0.7926941514015198, 2.9429799042191007e-07, 0.7926949262619019, -0.6096194982528687),
            ["LeftHand"] = CFrame.new(1.4901161193847656e-07, 1.1920928955078125e-07, 5.681067705154419e-08, 0.8893336653709412, 0.4148569703102112, 0.19230040907859802, -0.44612008333206177, 0.8794687390327454, 0.1658664494752884, -0.10031148791313171, -0.23329949378967285, 0.9672170877456665),
            ["LeftFoot"] = CFrame.new(2.60770320892334e-08, -5.960464477539063e-08, 2.9802322387695312e-08, 0.9944488406181335, -0.06710372120141983, -0.08104724436998367, 0.005933081265538931, 0.8047866225242615, -0.5935348272323608, 0.10505406558513641, 0.589759111404419, 0.8007169961929321),
            ["RightHand"] = CFrame.new(-2.980232238769531e-07, 1.7881393432617188e-07, 5.960464477539063e-08, 0.9053904414176941, -0.22066006064414978, -0.36273568868637085, 0.2531200349330902, 0.9664391875267029, 0.04388290271162987, 0.3408786952495575, -0.13154619932174683, 0.930858314037323),
            ["RightLowerLeg"] = CFrame.new(-1.4901161193847656e-08, 1.7881393432617188e-07, -8.398637874051929e-08, 1, 8.56816129157778e-08, 1.9185233668395085e-07, 4.4330960236038663e-07, 0.5460005402565002, 0.8377848863601685, 0, -0.8377848267555237, 0.546000599861145),
            ["LeftUpperLeg"] = CFrame.new(0.000025451183319091797, 0.00012547196820378304, 0.004997473210096359, 0.8991650342941284, 0.23134125769138336, 0.3714616298675537, -0.08916405588388443, 0.9278865456581116, -0.36204442381858826, -0.42842990159988403, 0.29241693019866943, 0.8549504280090332),
            ["LeftLowerLeg"] = CFrame.new(1.862645149230957e-08, 2.384185791015625e-07, -7.078051567077637e-08, 1, 3.725290742551124e-09, 7.450580596923828e-08, -5.587935447692871e-08, 0.4930358827114105, 0.8700090050697327, -3.725290298461914e-09, -0.8700090646743774, 0.49303579330444336),
        }},
        {Time = 0.133, Data = {
            ["RightFoot"] = CFrame.new(-1.3131648302078247e-07, 2.980232238769531e-07, -4.6733475755900145e-08, 0.8825681805610657, 0.10694411396980286, -0.45786091685295105, -0.18592314422130585, 0.9738020300865173, -0.1309288889169693, 0.431863397359848, 0.20068064332008362, 0.8793298006057739),
            ["LeftLowerArm"] = CFrame.new(1.1920928955078125e-07, -1.7881393432617188e-07, -1.4901161193847656e-08, 1, -2.384184938364342e-07, 9.685751223287298e-08, 2.151355715795944e-07, -0.6963461637496948, -0.7177063822746277, 1.2945386629326094e-07, 0.7177060842514038, -0.6963459849357605),
            ["RightUpperArm"] = CFrame.new(0, -0.06523823738098145, 7.450580596923828e-08, 0.39549583196640015, -0.9183425307273865, -0.015162831172347069, 0.9171500205993652, 0.39399072527885437, 0.06006242334842682, -0.0491834357380867, -0.037660129368305206, 0.9980794191360474),
            ["Head"] = CFrame.new(-4.6566128730773926e-09, 0, 2.6426278054714203e-08, 0.9895331263542175, 0.12677614390850067, -0.06893479824066162, -0.10187647491693497, 0.9520484805107117, 0.2884870767593384, 0.10220247507095337, -0.27844470739364624, 0.9549990892410278),
            ["LowerTorso"] = CFrame.new(-0.0615566223859787, -0.22972965240478516, 0.15667609870433807, 0.991002082824707, 0.020540155470371246, 0.13226091861724854, -0.017557421699166298, 0.9995654821395874, -0.023678213357925415, -0.13268987834453583, 0.021142857149243355, 0.9909321069717407),
            ["UpperTorso"] = CFrame.new(-1.1175870895385742e-08, 2.9802322387695312e-08, -4.190951585769653e-09, 0.9990993142127991, 0.04242406040430069, 0.0008977135876193643, -0.04116297885775566, 0.9638257026672363, 0.26333552598953247, 0.010306640528142452, -0.26313525438308716, 0.9647038578987122),
            ["HumanoidRootPart"] = CFrame.new(0, 0, 0, 1, 0, 0, 0, 1, 0, 0, 0, 1),
            ["RightUpperLeg"] = CFrame.new(-0.000025510787963867188, -0.00012530037201941013, -0.004997501149773598, 0.9749804139137268, -0.22219359874725342, 0.006583096459507942, 0.1650596261024475, 0.7038085460662842, -0.6909473538398743, 0.1488911509513855, 0.674747109413147, 0.72287517786026),
            ["LeftUpperArm"] = CFrame.new(0, -0.06523847579956055, 5.029141902923584e-08, 0.14536385238170624, 0.9740402102470398, -0.17353734374046326, -0.974054753780365, 0.1716446429491043, 0.14749768376350403, 0.1734554022550583, 0.14759401977062225, 0.9737192988395691),
            ["RightLowerArm"] = CFrame.new(1.1920928955078125e-07, -1.1920928955078125e-07, -1.7881393432617188e-07, 1, -1.0430809993522416e-07, 1.4901166878189542e-07, 4.656614649434232e-09, -0.6198347806930542, -0.7847330570220947, 8.940699558479537e-08, 0.7847324013710022, -0.6198338866233826),
            ["LeftHand"] = CFrame.new(-3.427267074584961e-07, 1.1920928955078125e-07, 2.2351741790771484e-07, 0.8884234428405762, 0.41561925411224365, 0.19484493136405945, -0.44744205474853516, 0.8788697123527527, 0.16548025608062744, -0.10246647894382477, -0.23419810831546783, 0.9667738676071167),
            ["LeftFoot"] = CFrame.new(1.955777406692505e-08, -1.1920928955078125e-07, -1.4901161193847656e-08, 0.9960169196128845, -0.060032494366168976, -0.06592825800180435, 0.01377195119857788, 0.8340946435928345, -0.5514493584632874, 0.08809506893157959, 0.5483450293540955, 0.8315991163253784),
            ["RightHand"] = CFrame.new(-8.940696716308594e-08, -1.7881393432617188e-07, 0, 0.9020473957061768, -0.24014486372470856, -0.3586655855178833, 0.2783958315849304, 0.9586971998214722, 0.05827194079756737, 0.32985806465148926, -0.1524149626493454, 0.9316456317901611),
            ["RightLowerLeg"] = CFrame.new(2.7939677238464355e-08, 5.960464477539063e-08, -4.6733475755900145e-08, 1, 1.634470407907429e-07, 2.60770320892334e-07, 5.019825835006486e-07, 0.5799318552017212, 0.814664900302887, -1.6205002850711026e-07, -0.8146650195121765, 0.5799320340156555),
            ["LeftUpperLeg"] = CFrame.new(0.000025600194931030273, 0.00012591108679771423, 0.004997488111257553, 0.9265120625495911, 0.18278832733631134, 0.3288833200931549, -0.05149981379508972, 0.9274508953094482, -0.37038153409957886, -0.37272411584854126, 0.32622581720352173, 0.8687078952789307),
            ["LeftLowerLeg"] = CFrame.new(1.1362135410308838e-07, -1.1920928955078125e-07, -1.4901161193847656e-08, 1, 1.1548398504146462e-07, 5.960465898624534e-08, -8.940698137394065e-08, 0.5514434576034546, 0.834212064743042, -7.450581307466564e-08, -0.8342122435569763, 0.5514436960220337),
        }},
        {Time = 0.167, Data = {
            ["RightFoot"] = CFrame.new(-3.632158041000366e-08, 4.76837158203125e-07, -1.0644725989550352e-08, 0.973329484462738, 0.09663789719343185, -0.2080657184123993, -0.10576251149177551, 0.9938384294509888, -0.0331590361893177, 0.20357830822467804, 0.05428020656108856, 0.9775527119636536),
            ["LeftLowerArm"] = CFrame.new(-1.7881393432617188e-07, -1.1920928955078125e-07, 7.450580596923828e-09, 1, -2.1606686573250045e-07, 1.1175870895385742e-07, 1.6810371050723916e-07, -0.6916680932044983, -0.7222155928611755, 1.341104365337742e-07, 0.7222155332565308, -0.6916680335998535),
            ["RightUpperArm"] = CFrame.new(-1.1920928955078125e-07, -0.06523752212524414, 7.450580596923828e-08, 0.38818883895874023, -0.9214584231376648, -0.01496228389441967, 0.9202491641044617, 0.38670504093170166, 0.06000654026865959, -0.04950719326734543, -0.03706254065036774, 0.9980858564376831),
            ["Head"] = CFrame.new(-2.1420419216156006e-08, 1.1920928955078125e-07, 9.96515154838562e-08, 0.9901286363601685, 0.12488903105258942, -0.06362567096948624, -0.10366155207157135, 0.9580188393592834, 0.26730963587760925, 0.09433858096599579, -0.25807511806488037, 0.9615078568458557),
            ["LowerTorso"] = CFrame.new(-0.057188067585229874, -0.20884418487548828, 0.16723762452602386, 0.9908117055892944, 0.02987716533243656, 0.13190728425979614, -0.030281459912657738, 0.9995408654212952, 0.0010602708207443357, -0.13181518018245697, -0.005044997204095125, 0.9912614822387695),
            ["UpperTorso"] = CFrame.new(-5.587935447692871e-09, 2.9802322387695312e-08, 1.1874362826347351e-08, 0.9996085166931152, 0.027705328539013863, -0.003909952938556671, -0.025897402316331863, 0.9690318703651428, 0.2455742359161377, 0.01059271115809679, -0.24537673592567444, 0.9693699479103088),
            ["HumanoidRootPart"] = CFrame.new(0, 0, 0, 1, 0, 0, 0, 1, 0, 0, 0, 1),
            ["RightUpperLeg"] = CFrame.new(-0.000025480985641479492, -0.00012544498895294964, -0.004997474141418934, 0.9784544110298157, -0.20630218088626862, 0.008151937276124954, 0.1491280347108841, 0.6788804531097412, -0.7189452052116394, 0.14278627932071686, 0.7046707272529602, 0.6950188875198364),
            ["LeftUpperArm"] = CFrame.new(5.960464477539063e-08, -0.06523787975311279, 8.195638656616211e-08, 0.15891817212104797, 0.9698092937469482, -0.1849728226661682, -0.9725921154022217, 0.18598969280719757, 0.13954398036003113, 0.16973382234573364, 0.15772709250450134, 0.972786009311676),
            ["RightLowerArm"] = CFrame.new(-2.384185791015625e-07, 2.980232238769531e-07, -5.960464477539063e-08, 1, -7.264311108201582e-08, 2.3841863594498136e-07, -5.448238837857389e-08, -0.6280067563056946, -0.7782076597213745, 1.415610881849716e-07, 0.7782079577445984, -0.6280071139335632),
            ["LeftHand"] = CFrame.new(2.682209014892578e-07, 5.960464477539063e-08, -6.705522537231445e-08, 0.887921929359436, 0.41581991314888, 0.1966942995786667, -0.4480648934841156, 0.8785869479179382, 0.16529648005962372, -0.10407974570989609, -0.2349018156528473, 0.9664308428764343),
            ["LeftFoot"] = CFrame.new(3.3527612686157227e-08, 5.960464477539063e-08, 0, 0.9963401556015015, -0.05730143561959267, -0.06342536956071854, 0.01711232215166092, 0.8607151508331299, -0.5087993741035461, 0.0837460458278656, 0.5058517456054688, 0.8585456013679504),
            ["RightHand"] = CFrame.new(-5.960464477539063e-08, 5.960464477539063e-08, -1.7881393432617188e-07, 0.8995301723480225, -0.25646477937698364, -0.3536543846130371, 0.30052104592323303, 0.9508334994316101, 0.07485365122556686, 0.3170689046382904, -0.17361325025558472, 0.9323763251304626),
            ["RightLowerLeg"] = CFrame.new(2.2817403078079224e-08, -5.960464477539063e-08, 1.0227813618257642e-07, 1, 7.22502448979867e-08, 2.6030457433989795e-07, 3.846362801596115e-07, 0.6982159614562988, 0.7158868908882141, 5.587936335871291e-09, -0.715887188911438, 0.6982162594795227),
            ["LeftUpperLeg"] = CFrame.new(0.0000254213809967041, 0.00012542458716779947, 0.004997501615434885, 0.9531293511390686, 0.13897785544395447, 0.26875630021095276, -0.027038080617785454, 0.9238327741622925, -0.38183966279029846, -0.301352858543396, 0.3566763997077942, 0.8842898607254028),
            ["LeftLowerLeg"] = CFrame.new(-6.426125764846802e-08, 2.384185791015625e-07, -8.754432201385498e-08, 1, 9.685754776000977e-08, 3.9115558791991134e-08, -7.078051567077637e-08, 0.5994022488594055, 0.8004482388496399, -1.30385160446167e-08, -0.8004480004310608, 0.5994020104408264),
        }},
        {Time = 0.200, Data = {
            ["RightFoot"] = CFrame.new(1.6763806343078613e-08, 1.7881393432617188e-07, -2.8107024263590574e-08, 0.9857980012893677, 0.10438033938407898, -0.13155727088451385, -0.09320583939552307, 0.9917123913764954, 0.0884275734424591, 0.13969655334949493, -0.07490983605384827, 0.9873567819595337),
            ["LeftLowerArm"] = CFrame.new(8.940696716308594e-08, 0, -4.470348358154297e-08, 1, -3.7252888773764425e-08, -1.2665985593685036e-07, 2.697343575164268e-07, -0.6785622239112854, -0.7345424294471741, 5.08502239426889e-07, 0.7345430254936218, -0.6785627603530884),
            ["RightUpperArm"] = CFrame.new(1.1920928955078125e-07, -0.06523764133453369, 8.940696716308594e-08, 0.386883944272995, -0.9220083355903625, -0.014885509386658669, 0.9211309552192688, 0.3856644332408905, 0.05273139104247093, -0.04287803918123245, -0.034112509340047836, 0.9984978437423706),
            ["Head"] = CFrame.new(3.958120942115784e-09, -3.5762786865234375e-07, 1.6007106751203537e-09, 0.9907262325286865, 0.12153849005699158, -0.06074444204568863, -0.10355234891176224, 0.9648439288139343, 0.24156415462493896, 0.08796826750040054, -0.23303377628326416, 0.968481719493866),
            ["LowerTorso"] = CFrame.new(-0.05202142149209976, -0.19998836517333984, 0.17770707607269287, 0.990591287612915, 0.03709011897444725, 0.13173146545886993, -0.03815063461661339, 0.9992566704750061, 0.005535659845918417, -0.1314283311367035, -0.010509363375604153, 0.9912700057029724),
            ["UpperTorso"] = CFrame.new(-7.450580596923828e-09, -2.9802322387695312e-08, 2.3748725652694702e-08, 0.9998112916946411, 0.018548885360360146, -0.005770744290202856, -0.01649639941751957, 0.967581033706665, 0.25202205777168274, 0.010258514434099197, -0.25187912583351135, 0.9677042961120605),
            ["HumanoidRootPart"] = CFrame.new(0, 0, 0, 1, 0, 0, 0, 1, 0, 0, 0, 1),
            ["RightUpperLeg"] = CFrame.new(-0.000025480985641479492, -0.00012569199316203594, -0.004997454583644867, 0.9834142327308655, -0.17844779789447784, 0.03244703263044357, 0.15107089281082153, 0.7069005370140076, -0.6909912824630737, 0.10036928951740265, 0.6844326257705688, 0.722134530544281),
            ["LeftUpperArm"] = CFrame.new(0, -0.06523787975311279, 2.60770320892334e-08, 0.17046211659908295, 0.9647899270057678, -0.20030754804611206, -0.9722103476524353, 0.19777962565422058, 0.12526139616966248, 0.1604672372341156, 0.1733885407447815, 0.971692681312561),
            ["RightLowerArm"] = CFrame.new(-3.5762786865234375e-07, 2.980232238769531e-07, 1.043081283569336e-07, 1, 3.3527587817161475e-08, 0, 2.128072651430557e-07, -0.6321642398834229, -0.7748339772224426, 2.197921844526718e-07, 0.774834394454956, -0.6321647763252258),
            ["LeftHand"] = CFrame.new(-1.7881393432617188e-07, -5.960464477539063e-08, -7.450580596923828e-08, 0.891457200050354, 0.40871548652648926, 0.19559116661548615, -0.4403955340385437, 0.8830902576446533, 0.16187414526939392, -0.10656385868787766, -0.2304416000843048, 0.9672335982322693),
            ["LeftFoot"] = CFrame.new(-7.82310962677002e-08, 5.960464477539063e-08, -2.9802322387695312e-08, 0.9955406785011292, -0.058023326098918915, -0.07437806576490402, 0.016016384586691856, 0.8809757828712463, -0.472890168428421, 0.09296358376741409, 0.46959027647972107, 0.8779765367507935),
            ["RightHand"] = CFrame.new(2.9802322387695312e-08, 1.1920928955078125e-07, -1.7881393432617188e-07, 0.9003188014030457, -0.2631336450576782, -0.3466799855232239, 0.3123631179332733, 0.9453323483467102, 0.09368210285902023, 0.3030763566493988, -0.1926335096359253, 0.9332934617996216),
            ["RightLowerLeg"] = CFrame.new(5.3085386753082275e-08, 2.384185791015625e-07, 1.4325632946565747e-07, 1, 1.0896471280830156e-07, 1.9744041424019088e-07, 3.185122920967842e-07, 0.796379029750824, 0.6047975420951843, 8.568166975919667e-08, -0.604797899723053, 0.7963793277740479),
            ["LeftUpperLeg"] = CFrame.new(0.000025480985641479492, 0.0001256226096302271, 0.00499748345464468, 0.9803560376167297, 0.09588547050952911, 0.17236119508743286, -0.01840849779546261, 0.9145451188087463, -0.4040645956993103, -0.1963755339384079, 0.39295443892478943, 0.8983448147773743),
            ["LeftLowerLeg"] = CFrame.new(3.5390257835388184e-08, 5.960464477539063e-08, 1.862645149230957e-08, 1, 2.2351745343485163e-08, 7.07805440924858e-08, -2.6077039194660756e-08, 0.6181078553199768, 0.7860932350158691, 7.078052988163108e-08, -0.7860934138298035, 0.6181080341339111),
        }},
        {Time = 0.233, Data = {
            ["RightFoot"] = CFrame.new(4.0978193283081055e-08, 4.172325134277344e-07, 4.639878170564771e-08, 0.9793254137039185, 0.13314147293567657, -0.1523006707429886, -0.10212061554193497, 0.975284218788147, 0.1959391087293625, 0.17462334036827087, -0.17633521556854248, 0.9687168598175049),
            ["LeftLowerArm"] = CFrame.new(5.960464477539063e-08, 1.1920928955078125e-07, -2.9802322387695312e-08, 1, -1.6391282997574308e-07, 1.415610029198433e-07, 2.016313374042511e-07, -0.6576652526855469, -0.7533099055290222, 1.0244548320770264e-07, 0.7533103823661804, -0.6576656699180603),
            ["RightUpperArm"] = CFrame.new(1.1920928955078125e-07, -0.065238356590271, 1.341104507446289e-07, 0.39915338158607483, -0.9167245626449585, -0.017112968489527702, 0.9164355397224426, 0.39830467104911804, 0.03872176259756088, -0.028681013733148575, -0.031138943508267403, 0.9991035461425781),
            ["Head"] = CFrame.new(2.2206222638487816e-08, -3.5762786865234375e-07, 1.3106910046190023e-07, 0.9914194941520691, 0.11736069619655609, -0.05756761133670807, -0.10184182226657867, 0.9695553779602051, 0.22268988192081451, 0.08194999396800995, -0.21491625905036926, 0.9731881618499756),
            ["LowerTorso"] = CFrame.new(-0.04675393924117088, -0.2051544189453125, 0.18836072087287903, 0.9903543591499329, 0.04417409002780914, 0.13132746517658234, -0.04452397674322128, 0.999008297920227, -0.0002716357121244073, -0.13120931386947632, -0.005578348413109779, 0.9913390278816223),
            ["UpperTorso"] = CFrame.new(-1.862645149230957e-08, 1.1920928955078125e-07, 2.9569491744041443e-08, 0.9999152421951294, 0.011098685674369335, -0.00680918712168932, -0.008835104294121265, 0.9624429941177368, 0.27134034037590027, 0.009565139189362526, -0.2712570130825043, 0.96245938539505),
            ["HumanoidRootPart"] = CFrame.new(0, 0, 0, 1, 0, 0, 0, 1, 0, 0, 0, 1),
            ["RightUpperLeg"] = CFrame.new(-0.000025600194931030273, -0.00012550089741125703, -0.004997475538402796, 0.9835890531539917, -0.15632958710193634, 0.09007633477449417, 0.17713241279125214, 0.7417754530906677, -0.6468334794044495, 0.034303080290555954, 0.6521734595298767, 0.7572930455207825),
            ["LeftUpperArm"] = CFrame.new(5.960464477539063e-08, -0.065238356590271, 1.4528632164001465e-07, 0.18009717762470245, 0.9590925574302673, -0.21841862797737122, -0.9725121855735779, 0.20693160593509674, 0.10676740109920502, 0.1475977599620819, 0.19318586587905884, 0.9699969291687012),
            ["RightLowerArm"] = CFrame.new(1.7881393432617188e-07, -2.980232238769531e-07, -7.450580596923828e-08, 1, -1.4901155864777138e-08, 8.940695295223122e-08, 1.3411046495548362e-07, -0.6345029473304749, -0.7729203701019287, 2.011657045386528e-07, 0.7729203701019287, -0.6345031261444092),
            ["LeftHand"] = CFrame.new(2.086162567138672e-07, -1.1920928955078125e-07, -1.9371509552001953e-07, 0.9002257585525513, 0.3911226987838745, 0.19135478138923645, -0.42100289463996887, 0.8940180540084839, 0.15325945615768433, -0.11113151162862778, -0.2185286581516266, 0.9694817662239075),
            ["LeftFoot"] = CFrame.new(7.450580596923828e-08, -5.960464477539063e-08, -7.450580596923828e-09, 0.9917523264884949, -0.06250279396772385, -0.11189684271812439, 0.0058173080906271935, 0.8940853476524353, -0.4478587508201599, 0.12803767621517181, 0.44351422786712646, 0.8870747685432434),
            ["RightHand"] = CFrame.new(-2.384185791015625e-07, 1.7881393432617188e-07, -2.9802322387695312e-08, 0.9051347970962524, -0.26142749190330505, -0.33524149656295776, 0.3158145248889923, 0.9413825273513794, 0.11857590079307556, 0.2845911681652069, -0.21320119500160217, 0.9346405863761902),
            ["RightLowerLeg"] = CFrame.new(7.450580596923828e-09, 5.960464477539063e-08, -7.281050784513354e-08, 1, 1.5646214990283625e-07, 1.769511897009579e-07, 4.1723257027115324e-07, 0.8592743277549744, 0.5115150213241577, -5.960465188081798e-08, -0.511515200138092, 0.8592743873596191),
            ["LeftUpperLeg"] = CFrame.new(0.000025540590286254883, 0.0001258469419553876, 0.004997521173208952, 0.9963743090629578, 0.05171021819114685, 0.06756080687046051, -0.016913263127207756, 0.8986327648162842, -0.43837544322013855, -0.08338052034378052, 0.4356435537338257, 0.8962492346763611),
            ["LeftLowerLeg"] = CFrame.new(-8.195638656616211e-08, -1.7881393432617188e-07, 7.450580596923828e-09, 1, 5.587933316064664e-08, 5.587936779960501e-09, -8.568166975919667e-08, 0.609764575958252, 0.7925822734832764, 2.0489094865183688e-08, -0.7925825119018555, 0.6097649335861206),
        }},
        {Time = 0.267, Data = {
            ["RightFoot"] = CFrame.new(-1.4901161193847656e-08, 2.980232238769531e-07, -3.9282895158976316e-08, 0.9655749201774597, 0.1586965173482895, -0.20610888302326202, -0.12280593812465668, 0.9765878915786743, 0.17662057280540466, 0.22931183874607086, -0.14522945880889893, 0.9624574780464172),
            ["LeftLowerArm"] = CFrame.new(-2.384185791015625e-07, -5.960464477539063e-08, -1.9371509552001953e-07, 1, -7.450577754752885e-08, 2.5331974029541016e-07, 2.980232594040899e-08, -0.6384578347206116, -0.7696564197540283, 1.7136336794010276e-07, 0.7696568369865417, -0.6384583711624146),
            ["RightUpperArm"] = CFrame.new(-1.7881393432617188e-07, -0.06523752212524414, 1.4901161193847656e-08, 0.42508360743522644, -0.9048550724983215, -0.023263173177838326, 0.9051145911216736, 0.4246845841407776, 0.020259687677025795, -0.00845274142920971, -0.02966812252998352, 0.9995241165161133),
            ["Head"] = CFrame.new(-4.0745362639427185e-09, 0, -4.822504706680775e-08, 0.9919627904891968, 0.1146283745765686, -0.05357328802347183, -0.10036127269268036, 0.9706481099128723, 0.21856364607810974, 0.07705438137054443, -0.21143019199371338, 0.9743510484695435),
            ["LowerTorso"] = CFrame.new(-0.0420493446290493, -0.2304675579071045, 0.1988915503025055, 0.9901399612426758, 0.05117775499820709, 0.13039830327033997, -0.05021403357386589, 0.9986814856529236, -0.010669386945664883, -0.13077253103256226, 0.004016225226223469, 0.9914042949676514),
            ["UpperTorso"] = CFrame.new(-1.4901161193847656e-08, 5.364418029785156e-07, 2.0023435354232788e-08, 0.9999620318412781, 0.004284972324967384, -0.007587284781038761, -0.0018487428314983845, 0.9552377462387085, 0.2958335876464844, 0.008515432476997375, -0.2958082854747772, 0.9552094340324402),
            ["HumanoidRootPart"] = CFrame.new(0, 0, 0, 1, 0, 0, 0, 1, 0, 0, 0, 1),
            ["RightUpperLeg"] = CFrame.new(-0.000025480985641479492, -0.0001253931550309062, -0.004997504875063896, 0.9778801798820496, -0.13568082451820374, 0.15918903052806854, 0.20781873166561127, 0.7164807319641113, -0.6659331321716309, -0.02370099350810051, 0.6842851042747498, 0.7288291454315186),
            ["LeftUpperArm"] = CFrame.new(0, -0.06523776054382324, 1.4901161193847656e-08, 0.1875859498977661, 0.9530966877937317, -0.23752544820308685, -0.9731840491294861, 0.21311458945274353, 0.08657321333885193, 0.13313286006450653, 0.21491600573062897, 0.967515766620636),
            ["RightLowerArm"] = CFrame.new(3.5762786865234375e-07, 0, 0, 1, 1.7508855876258167e-07, 1.6391281576488836e-07, -1.3504174489753495e-07, -0.6354346871376038, -0.7721542119979858, 3.6135307368567737e-07, 0.7721546292304993, -0.6354352831840515),
            ["LeftHand"] = CFrame.new(1.4901161193847656e-07, -1.1920928955078125e-07, -8.940696716308594e-08, 0.9106847047805786, 0.3684791326522827, 0.1867525577545166, -0.3961319625377655, 0.907185971736908, 0.14175045490264893, -0.11718715727329254, -0.20306840538978577, 0.9721266627311707),
            ["LeftFoot"] = CFrame.new(3.725290298461914e-09, 5.960464477539063e-08, -7.450580596923828e-09, 0.9839582443237305, -0.06721384823322296, -0.16525301337242126, -0.013440716080367565, 0.895746648311615, -0.4443615972995758, 0.17789189517498016, 0.4394547641277313, 0.8804739117622375),
            ["RightHand"] = CFrame.new(0, 0, 1.1920928955078125e-07, 0.9132437109947205, -0.2509222626686096, -0.3209736943244934, 0.30833694338798523, 0.9406266212463379, 0.14195092022418976, 0.2662976086139679, -0.22860370576381683, 0.9363898038864136),
