return {
    ["Snoozefest"] = {
        {Time = 0.000, Data = {
            ["LeftFoot"] = CFrame.new(6.705522537231445e-08, -5.960464477539063e-08, 2.9802322387695312e-08, 0.9726433157920837, -0.2323017716407776, 0.0009674325119704008, 0.22188594937324524, 0.9277826547622681, -0.2999767065048218, 0.06878736615180969, 0.29198509454727173, 0.9539461731910706),
            ["LeftLowerArm"] = CFrame.new(-4.76837158203125e-07, 6.556510925292969e-07, -6.48200511932373e-07, 1, 1.1175867342672063e-08, -2.2817397749008705e-08, -5.5879341154252415e-09, 1, -1.8626447051417472e-09, 1.6763802790364934e-08, 0, 1),
            ["RightUpperArm"] = CFrame.new(3.5762786865234375e-07, 1.1920928955078125e-07, -1.862645149230957e-08, 0.956325113773346, 0.09705562144517899, -0.2757221460342407, -0.13478359580039978, 0.9834200739860535, -0.12131945043802261, 0.2593759000301361, 0.15318360924720764, 0.9535506963729858),
            ["Head"] = CFrame.new(-2.9787770472466946e-08, 5.960464477539062e-07, 3.3527612686157227e-08, 0.8812170028686523, 0.22520287334918976, -0.4156205952167511, -0.3563051223754883, 0.8942320346832275, -0.2709167003631592, 0.31064996123313904, 0.3868241012096405, 0.8682532906532288),
            ["LowerTorso"] = CFrame.new(-0.02779260091483593, -0.1184149980545044, -0.43264907598495483, 0.9227941632270813, -0.05815570056438446, -0.38087916374206543, 0.022121815010905266, 0.9949095845222473, -0.0983140841126442, 0.38465777039527893, 0.0822979137301445, 0.9193832874298096),
            ["UpperTorso"] = CFrame.new(-1.862645149230957e-08, -8.940696716308594e-08, -2.9802322387695312e-08, 0.9976043701171875, -0.06550456583499908, -0.022242963314056396, 0.06881794333457947, 0.972476601600647, 0.2226056456565857, 0.007049054838716984, -0.22360308468341827, 0.9746548533439636),
            ["HumanoidRootPart"] = CFrame.new(0, 0, 0, 1, 0, 0, 0, 1, 0, 0, 0, 1),
            ["LeftUpperLeg"] = CFrame.new(-2.384185791015625e-07, 3.650784492492676e-07, -5.960464477539063e-08, 0.9441531896591187, 0.3071361184120178, 0.1193414181470871, -0.2776030898094177, 0.9365437030792236, -0.2140621542930603, -0.17751450836658478, 0.16897784173488617, 0.9695025086402893),
            ["LeftUpperArm"] = CFrame.new(0, 3.5762786865234375e-07, -7.82310962677002e-08, 0.7821252942085266, -0.010562058538198471, 0.6230317950248718, 0.1579475849866867, 0.9705626368522644, -0.18182647228240967, -0.6027708053588867, 0.24061742424964905, 0.7607697248458862),
            ["RightLowerArm"] = CFrame.new(-2.682209014892578e-07, 2.980232238769531e-07, 3.501772880554199e-07, 1, 0, -2.284650157946544e-08, -4.6566106526313433e-10, 1, 1.6298140614878776e-09, 3.821331162612296e-08, 9.313224635931761e-10, 1),
            ["LeftHand"] = CFrame.new(5.960464477539063e-08, -4.172325134277344e-07, -1.1175870895385742e-07, 0.9894542694091797, 0.03899264708161354, -0.13949884474277496, -0.030139172449707985, 0.997428297996521, 0.0650261640548706, 0.14167562127113342, -0.060136016458272934, 0.9880849123001099),
            ["RightFoot"] = CFrame.new(-3.0977389542385936e-08, 3.5762786865234375e-07, 1.6952981241047382e-09, 0.9999827146530151, -0.005472424905747175, 0.0021859314292669296, 0.0058625685051083565, 0.9614472985267639, -0.2749265432357788, -0.0005973783554509282, 0.2749350666999817, 0.9614628553390503),
            ["RightHand"] = CFrame.new(-4.842877388000488e-08, 1.7881393432617188e-07, 1.5273690223693848e-07, 0.971596360206604, 0.10337156057357788, 0.21287322044372559, -0.10282808542251587, 0.9946054816246033, -0.013653798028826714, -0.21313616633415222, -0.008623349480330944, 0.9769845008850098),
            ["RightLowerLeg"] = CFrame.new(9.502400644123554e-09, -0.0000035762786865234375, -0.000013215634680818766, 1, -1.7459392154250963e-07, -1.078770139884e-07, 1.822482289526306e-07, 0.766993522644043, 0.6416544318199158, -8.520148497836999e-08, -0.6416549682617188, 0.7669939398765564),
            ["RightUpperLeg"] = CFrame.new(1.1920928955078125e-07, 6.314367055892944e-07, -1.6560807125642896e-07, 0.9965362548828125, 0.05327141284942627, 0.06385818123817444, -0.02966814860701561, 0.9451004266738892, -0.3254309892654419, -0.07768827676773071, 0.32240891456604004, 0.9434070587158203),
            ["LeftLowerLeg"] = CFrame.new(-8.940696716308594e-08, 0.000003814697265625, 0.000013321638107299805, 1, -3.7252898543727042e-09, 7.450579175838357e-08, -3.725289943190546e-08, 0.8169947266578674, 0.5766453742980957, 2.2351738238057806e-08, -0.5766451954841614, 0.8169945478439331),
        }},
        {Time = 0.033, Data = {
            ["LeftFoot"] = CFrame.new(1.4901161193847656e-08, -1.7881393432617188e-07, 7.450580596923828e-09, 0.9712664484977722, -0.23798714578151703, 0.001919344300404191, 0.22724829614162445, 0.9249828457832336, -0.3045733571052551, 0.07070916891098022, 0.2962580621242523, 0.952487051486969),
            ["LeftLowerArm"] = CFrame.new(-4.76837158203125e-07, -8.940696716308594e-07, -2.086162567138672e-07, 1, -2.7939672797572257e-09, -2.002343002516227e-08, -2.7939670577126208e-09, 1, 3.7252894102834944e-09, -1.3969835066518499e-08, 1.8626449271863521e-09, 1),
            ["RightUpperArm"] = CFrame.new(2.384185791015625e-07, 3.5762786865234375e-07, 5.21540641784668e-08, 0.9481394290924072, 0.082035131752491, -0.3070862889289856, -0.12245257198810577, 0.9858213663101196, -0.11472383141517639, 0.29332083463668823, 0.14637766778469086, 0.9447414875030518),
            ["Head"] = CFrame.new(5.774199962615967e-08, 0, 1.4901161193847656e-07, 0.8641893863677979, 0.22238531708717346, -0.4513552784919739, -0.3574730455875397, 0.90263831615448, -0.23970232903957367, 0.35410431027412415, 0.36849552392959595, 0.8595470786094666),
            ["LowerTorso"] = CFrame.new(-0.017936628311872482, -0.1197425127029419, -0.43593817949295044, 0.9221397638320923, -0.05861874669790268, -0.38239002227783203, 0.025766553357243538, 0.9955650568008423, -0.09047935903072357, 0.3859978914260864, 0.0735817477107048, 0.919560432434082),
            ["UpperTorso"] = CFrame.new(3.725290298461914e-09, -1.1920928955078125e-07, 5.4016709327697754e-08, 0.9974874258041382, -0.06345176696777344, -0.03151018172502518, 0.06858982145786285, 0.9762816429138184, 0.2053525447845459, 0.017732826992869377, -0.2069978564977646, 0.9781807065010071),
            ["HumanoidRootPart"] = CFrame.new(0, 0, 0, 1, 0, 0, 0, 1, 0, 0, 0, 1),
            ["LeftUpperLeg"] = CFrame.new(-1.1920928955078125e-07, -2.1047890186309814e-07, -1.1920928955078125e-07, 0.9415624141693115, 0.31561222672462463, 0.11768286675214767, -0.285270094871521, 0.9329410791397095, -0.2196401059627533, -0.1791122853755951, 0.173233300447464, 0.968457043170929),
            ["LeftUpperArm"] = CFrame.new(-3.5762786865234375e-07, 5.960464477539062e-07, 9.685754776000977e-08, 0.7897121906280518, -0.015204006806015968, 0.6132890582084656, 0.1537969708442688, 0.9726748466491699, -0.17392583191394806, -0.5938864350318909, 0.23167335987091064, 0.7704715132713318),
            ["RightLowerArm"] = CFrame.new(-6.854534149169922e-07, 8.940696716308594e-07, 2.1606683731079102e-07, 1, 3.346940502524376e-09, 4.232606798382221e-08, 2.5029296413237034e-09, 1, -9.31322685637781e-10, -1.7060303392213427e-08, -9.313225746154785e-10, 1),
            ["LeftHand"] = CFrame.new(-5.960464477539063e-08, 5.960464477539063e-08, 0, 0.9926969408988953, 0.05041535571217537, -0.10959584265947342, -0.03608011454343796, 0.9909807443618774, 0.1290563941001892, 0.11511377990245819, -0.12415959686040878, 0.9855624437332153),
            ["RightFoot"] = CFrame.new(-2.9453076422214508e-08, 3.5762786865234375e-07, 1.6596459317952394e-08, 0.9999430775642395, -0.010487295687198639, 0.001971130259335041, 0.010622060857713223, 0.9605808854103088, -0.2777976095676422, 0.0010199627140536904, 0.2778030335903168, 0.9606376886367798),
            ["RightHand"] = CFrame.new(1.6938429325819016e-08, 0, 1.7136335372924805e-07, 0.9831286668777466, 0.09336794912815094, 0.15729087591171265, -0.09800098836421967, 0.9949443936347961, 0.021944450214505196, -0.1544467955827713, -0.036988865584135056, 0.9873085618019104),
            ["RightLowerLeg"] = CFrame.new(8.847564458847046e-08, -0.000003516674041748047, -0.000013096425391267985, 1, -1.234002269256962e-07, 1.3154929590086795e-08, 1.4994294872394676e-07, 0.7674385905265808, 0.6411223411560059, -5.378388578947124e-08, -0.6411224603652954, 0.7674386501312256),
            ["RightUpperLeg"] = CFrame.new(1.1920928955078125e-07, -5.4016709327697754e-08, -2.848173608072102e-07, 0.9961667656898499, 0.0616241991519928, 0.06208338588476181, -0.03781895712018013, 0.9433740973472595, -0.3295682668685913, -0.07887732982635498, 0.3259568214416504, 0.9420883059501648),
            ["LeftLowerLeg"] = CFrame.new(0, 0.000003874301910400391, 0.000013276934623718262, 1, -8.568168397005138e-08, -2.9802315282267955e-08, 9.313224325069314e-08, 0.8152957558631897, 0.5790449976921082, -8.195637946073475e-08, -0.5790448784828186, 0.8152955770492554),
        }},
        {Time = 0.067, Data = {
            ["LeftFoot"] = CFrame.new(8.940696716308594e-08, 0, -8.195638656616211e-08, 0.9699888825416565, -0.24313075840473175, 0.003005838952958584, 0.23207949101924896, 0.9220700263977051, -0.30971917510032654, 0.07253070175647736, 0.3011220395565033, 0.9508234262466431),
            ["LeftLowerArm"] = CFrame.new(-3.5762786865234375e-07, 5.960464477539062e-07, -5.960464477539063e-08, 1, 2.7939677238464355e-09, -1.4668328773836947e-08, -5.587934559514451e-09, 1, 1.8626449271863521e-09, 2.1187586796145297e-08, -1.862645149230957e-09, 1),
            ["RightUpperArm"] = CFrame.new(1.1920928955078125e-07, -1.1920928955078125e-07, 2.9802322387695312e-08, 0.9408621788024902, 0.0690450444817543, -0.33167940378189087, -0.11068256199359894, 0.9879361391067505, -0.10831229388713837, 0.32019951939582825, 0.13861806690692902, 0.9371538162231445),
            ["Head"] = CFrame.new(-1.0244548320770264e-08, 2.384185791015625e-07, 9.685754776000977e-08, 0.8487106561660767, 0.21811799705028534, -0.48178309202194214, -0.35349175333976746, 0.911555826663971, -0.21002283692359924, 0.3933624029159546, 0.34855490922927856, 0.8507500290870667),
            ["LowerTorso"] = CFrame.new(-0.008817200548946857, -0.12115156650543213, -0.44019412994384766, 0.9215855002403259, -0.058342497795820236, -0.3837661147117615, 0.029163813218474388, 0.9962530136108398, -0.08142183721065521, 0.38707849383354187, 0.06384509801864624, 0.9198337197303772),
            ["UpperTorso"] = CFrame.new(-9.313225746154785e-09, 8.940696716308594e-08, -5.960464477539063e-08, 0.9973052740097046, -0.06199488043785095, -0.03922747075557709, 0.06823579221963882, 0.9802491664886475, 0.18562203645706177, 0.02694512903690338, -0.18779855966567993, 0.9818379878997803),
            ["HumanoidRootPart"] = CFrame.new(0, 0, 0, 1, 0, 0, 0, 1, 0, 0, 0, 1),
            ["LeftUpperLeg"] = CFrame.new(-1.1920928955078125e-07, 1.695007085800171e-07, -8.940696716308594e-08, 0.9391900300979614, 0.32321813702583313, 0.11598373204469681, -0.29189684987068176, 0.9293295741081238, -0.2261478155851364, -0.18088224530220032, 0.17854028940200806, 0.9671633839607239),
            ["LeftUpperArm"] = CFrame.new(-1.1920928955078125e-07, 0, 1.4901161193847656e-07, 0.8209123015403748, -0.025095779448747635, 0.5705026388168335, 0.1433788388967514, 0.9760897755622864, -0.16337473690509796, -0.5527618527412415, 0.2159143090248108, 0.804882287979126),
            ["RightLowerArm"] = CFrame.new(-4.76837158203125e-07, -4.172325134277344e-07, 1.4156103134155273e-07, 1, 9.313225746154785e-10, 5.483163789676837e-08, -1.862645371275562e-09, 1, 9.31322907682386e-10, 2.5960620320120142e-08, 0, 1),
            ["LeftHand"] = CFrame.new(1.4901161193847656e-08, -2.384185791015625e-07, -9.313225746154785e-08, 0.997188925743103, 0.0469183474779129, -0.05842063948512077, -0.03645964339375496, 0.9849889874458313, 0.16872335970401764, 0.06545987725257874, -0.1661190539598465, 0.9839306473731995),
            ["RightFoot"] = CFrame.new(-7.916241884231567e-09, 4.172325134277344e-07, 9.145878721028566e-09, 0.9998874068260193, -0.014900377951562405, 0.0018205777741968632, 0.014810502529144287, 0.9594640135765076, -0.2814418375492096, 0.002446889178827405, 0.28143739700317383, 0.9595766067504883),
            ["RightHand"] = CFrame.new(-1.3224780559539795e-07, -5.960464477539063e-08, 5.960464477539063e-08, 0.9889106750488281, 0.08196289092302322, 0.12384601682424545, -0.08852650970220566, 0.9948948621749878, 0.04845002293586731, -0.11924261599779129, -0.058876387774944305, 0.9911180138587952),
            ["RightLowerLeg"] = CFrame.new(-6.612390279769897e-08, -0.0000037550926208496094, -0.000013349745131563395, 1, -1.7695128917694092e-07, -1.1175870895385742e-08, 1.555308557499302e-07, 0.7674583196640015, 0.6410984992980957, -2.0954755708402217e-09, -0.6410988569259644, 0.7674586772918701),
            ["RightUpperLeg"] = CFrame.new(1.1920928955078125e-07, 1.2665987014770508e-07, -2.550150384195149e-07, 0.9957813620567322, 0.06906527280807495, 0.06041020154953003, -0.04497954994440079, 0.9412561058998108, -0.3346848487854004, -0.07997672259807587, 0.3305554687976837, 0.9403917789459229),
            ["LeftLowerLeg"] = CFrame.new(7.450580596923828e-08, 0.000003933906555175781, 0.000013172626495361328, 1, 5.587935447692871e-08, 6.70552182668871e-08, -4.0978189730367376e-08, 0.8133742809295654, 0.5817409157752991, 5.215405707303944e-08, -0.5817408561706543, 0.8133741021156311),
        }},
        {Time = 0.100, Data = {
            ["LeftFoot"] = CFrame.new(1.4901161193847656e-08, 5.960464477539063e-08, 2.9802322387695312e-08, 0.968824565410614, -0.24771229922771454, 0.004220558330416679, 0.23637202382087708, 0.9191009402275085, -0.31524866819381714, 0.07421167194843292, 0.306418240070343, 0.9489997625350952),
            ["LeftLowerArm"] = CFrame.new(-8.940696716308594e-08, 0.0000010132789611816406, -3.129243850708008e-07, 1, 2.0954755708402217e-09, 8.381902283360887e-09, -7.217749065091539e-09, 1, 0, 7.683410352399278e-09, -2.7939672797572257e-09, 1),
            ["RightUpperArm"] = CFrame.new(2.384185791015625e-07, -1.1920928955078125e-07, -2.9802322387695312e-08, 0.9352142214775085, 0.058565668761730194, -0.34920549392700195, -0.09995107352733612, 0.9897830486297607, -0.10168328881263733, 0.3396824896335602, 0.12999913096427917, 0.9315127730369568),
            ["Head"] = CFrame.new(-7.450580596923828e-09, 2.384185791015625e-07, 4.842877388000488e-08, 0.8356042504310608, 0.21276700496673584, -0.5064542293548584, -0.34519413113594055, 0.9205562472343445, -0.18280364573001862, 0.427325040102005, 0.32757654786109924, 0.8426666259765625),
            ["LowerTorso"] = CFrame.new(-0.0004484221281018108, -0.12257301807403564, -0.44545778632164, 0.9211301207542419, -0.057362865656614304, -0.38500502705574036, 0.03225278854370117, 0.9969284534454346, -0.07136958092451096, 0.3879164159297943, 0.05332318693399429, 0.9201508164405823),
            ["UpperTorso"] = CFrame.new(-1.6763806343078613e-08, 1.1920928955078125e-07, 1.5832483768463135e-08, 0.9971306324005127, -0.06078721582889557, -0.045116085559129715, 0.06741487979888916, 0.9841616153717041, 0.1639549732208252, 0.034435223788022995, -0.16652604937553406, 0.9854356050491333),
            ["HumanoidRootPart"] = CFrame.new(0, 0, 0, 1, 0, 0, 0, 1, 0, 0, 0, 1),
            ["LeftUpperLeg"] = CFrame.new(-2.384185791015625e-07, 3.2223761081695557e-07, -1.9371509552001953e-07, 0.9370704889297485, 0.32987189292907715, 0.11438310146331787, -0.2974488139152527, 0.9258229732513428, -0.23318657279014587, -0.18281984329223633, 0.1844891458749771, 0.9656814336776733),
            ["LeftUpperArm"] = CFrame.new(-2.384185791015625e-07, 2.384185791015625e-07, 1.341104507446289e-07, 0.8633708953857422, -0.03745737299323082, 0.5031775236129761, 0.12994180619716644, 0.9801100492477417, -0.14999796450138092, -0.48755091428756714, 0.1948876678943634, 0.8510657548904419),
            ["RightLowerArm"] = CFrame.new(-3.8743019104003906e-07, 6.556510925292969e-07, -1.2665987014770508e-07, 1, 1.862645593320167e-09, -1.4086255717415952e-08, 9.313230187046884e-10, 1, 1.862645371275562e-09, -1.1059460902629326e-08, -1.862645593320167e-09, 1),
            ["LeftHand"] = CFrame.new(-1.6391277313232422e-07, -5.960464477539062e-07, -1.1920928955078125e-07, 0.9981041550636292, 0.047394126653671265, -0.03926853463053703, -0.03943777456879616, 0.9822939038276672, 0.18314845860004425, 0.047253407537937164, -0.18125250935554504, 0.9823007583618164),
            ["RightFoot"] = CFrame.new(-5.052424967288971e-08, 2.384185791015625e-07, -6.535992724820971e-08, 0.9998236298561096, -0.01869845949113369, 0.0017349172849208117, 0.01841418445110321, 0.9581050872802734, -0.28582432866096497, 0.003682415233924985, 0.28580591082572937, 0.9582805037498474),
            ["RightHand"] = CFrame.new(-1.1548399925231934e-07, 1.1920928955078125e-07, 8.940696716308594e-08, 0.9922685623168945, 0.07133938372135162, 0.10155698657035828, -0.07886701822280884, 0.9942713379859924, 0.07214219868183136, -0.09582865983247757, -0.07959393411874771, 0.9922105073928833),
            ["RightLowerLeg"] = CFrame.new(5.4016709327697754e-08, -0.0000032186508178710938, -0.000013364646292757243, 1, -1.5459959001873358e-07, -4.79631196981245e-08, 1.5087427129856223e-07, 0.7671246528625488, 0.6414978504180908, -2.7008358216562556e-08, -0.6414981484413147, 0.7671248912811279),
            ["RightUpperLeg"] = CFrame.new(1.7881393432617188e-07, 3.473833203315735e-07, -1.8050923245027661e-07, 0.9954035878181458, 0.07552926242351532, 0.05888130143284798, -0.05109796300530434, 0.9388598799705505, -0.3404867947101593, -0.08099809288978577, 0.3359130620956421, 0.9384037852287292),
            ["LeftLowerLeg"] = CFrame.new(-2.9802322387695312e-08, 0.0000040531158447265625, 0.00001315772533416748, 1, -1.1175872671742582e-08, -1.0430814256778831e-07, 1.005828522693264e-07, 0.8114122748374939, 0.584474503993988, -1.3411046495548362e-07, -0.5844743847846985, 0.8114120960235596),
        }},
        {Time = 0.133, Data = {
            ["LeftFoot"] = CFrame.new(2.9802322387695312e-08, -2.384185791015625e-07, 0, 0.9677923917770386, -0.251687616109848, 0.005595452152192593, 0.2400987595319748, 0.9160915017127991, -0.32113736867904663, 0.07570033520460129, 0.312137633562088, 0.947016179561615),
            ["LeftLowerArm"] = CFrame.new(-3.2782554626464844e-07, 1.1920928955078125e-07, -2.169981598854065e-07, 1, -4.030880962346828e-09, 2.328305881427184e-10, -1.840816921117039e-08, 1, 1.5133988506832452e-09, 2.328305881427184e-10, -1.5133994057947575e-09, 1),
            ["RightUpperArm"] = CFrame.new(2.384185791015625e-07, 4.76837158203125e-07, 0, 0.931888222694397, 0.051303986459970474, -0.35909926891326904, -0.09079446643590927, 0.9914258718490601, -0.09397461265325546, 0.3511989414691925, 0.12017806619405746, 0.9285562038421631),
            ["Head"] = CFrame.new(1.30385160446167e-08, 3.5762786865234375e-07, 8.195638656616211e-08, 0.8272353410720825, 0.2072758823633194, -0.5222246050834656, -0.3333832919597626, 0.9292399883270264, -0.159275084733963, 0.45225808024406433, 0.30585888028144836, 0.8378024697303772),
            ["LowerTorso"] = CFrame.new(0.007154921069741249, -0.12393653392791748, -0.45176854729652405, 0.9207699298858643, -0.055717773735523224, -0.3861065208911896, 0.03497225418686867, 0.997552216053009, -0.060553181916475296, 0.3885352909564972, 0.04225253313779831, 0.9204645752906799),
            ["UpperTorso"] = CFrame.new(6.51925802230835e-09, 2.682209014892578e-07, -3.026798367500305e-08, 0.9970065951347351, -0.05994792282581329, -0.048829033970832825, 0.06628352403640747, 0.9878435134887695, 0.14061208069324493, 0.03980600833892822, -0.14342771470546722, 0.9888599514961243),
            ["HumanoidRootPart"] = CFrame.new(0, 0, 0, 1, 0, 0, 0, 1, 0, 0, 0, 1),
            ["LeftUpperLeg"] = CFrame.new(-5.960464477539063e-08, 3.762543201446533e-07, -2.4586915969848633e-07, 0.9352651238441467, 0.3354543447494507, 0.11291444301605225, -0.301883727312088, 0.9225589632987976, -0.24031443893909454, -0.18478481471538544, 0.19067086279392242, 0.9641054272651672),
            ["LeftUpperArm"] = CFrame.new(0, 2.384185791015625e-07, 1.043081283569336e-07, 0.9054778814315796, -0.04914882406592369, 0.4215378761291504, 0.11598897725343704, 0.9841146469116211, -0.1344064623117447, -0.40823566913604736, 0.17059586942195892, 0.8967946767807007),
            ["RightLowerArm"] = CFrame.new(-3.2782554626464844e-07, 5.364418029785156e-07, -1.341104507446289e-07, 1, 9.313223525708736e-10, -2.1187588572502136e-08, -9.313225746154785e-10, 1, 2.7939677238464355e-09, -2.0954757928848267e-08, 0, 1),
            ["LeftHand"] = CFrame.new(-1.471489667892456e-07, -1.7881393432617188e-07, -3.497116267681122e-07, 0.997073233127594, 0.054269857704639435, -0.05385047197341919, -0.04379011690616608, 0.9827616810798645, 0.17961589992046356, 0.06266993284225464, -0.17673207819461823, 0.9822617769241333),
            ["RightFoot"] = CFrame.new(4.656612873077393e-10, 3.5762786865234375e-07, 1.6596459317952394e-08, 0.9997594356536865, -0.02186676301062107, 0.0017125715967267752, 0.021419165655970573, 0.9565135836601257, -0.2909001410007477, 0.00472320755943656, 0.29086732864379883, 0.9567520022392273),
            ["RightHand"] = CFrame.new(1.4901161193847656e-08, -5.364418029785156e-07, -8.195638656616211e-08, 0.9942224025726318, 0.062287457287311554, 0.08741895854473114, -0.0705738365650177, 0.9929589629173279, 0.09514205902814865, -0.08087726682424545, -0.10076188296079636, 0.9916178584098816),
            ["RightLowerLeg"] = CFrame.new(-6.705522537231445e-08, -0.000003635883331298828, -0.000013394448615144938, 1, -1.7043207378719671e-07, -1.192093463942001e-07, 1.8440186977386475e-07, 0.7665173411369324, 0.6422234773635864, -8.754432201385498e-08, -0.6422237157821655, 0.7665175199508667),
            ["RightUpperLeg"] = CFrame.new(-2.9802322387695312e-08, 4.824250936508179e-07, -2.2521271603181958e-07, 0.9950551986694336, 0.08095252513885498, 0.05754895508289337, -0.05612285062670708, 0.9363043308258057, -0.3466765284538269, -0.08194778859615326, 0.3417324721813202, 0.936217725276947),
            ["LeftLowerLeg"] = CFrame.new(0, 0.000003933906555175781, 0.00001341104507446289, 1, 1.4901157641133977e-08, 6.705522537231445e-08, -1.862644793959589e-08, 0.8096046447753906, 0.586976170539856, -2.2351736461700966e-08, -0.5869755744934082, 0.809604287147522),
        }},
        {Time = 0.167, Data = {
            ["LeftFoot"] = CFrame.new(-1.4901161193847656e-08, -1.7881393432617188e-07, -8.195638656616211e-08, 0.966896116733551, -0.2550729513168335, 0.007065231911838055, 0.2432897686958313, 0.9131727814674377, -0.3269948363304138, 0.0769556313753128, 0.3178887367248535, 0.9449996948242188),
            ["LeftLowerArm"] = CFrame.new(-2.682209014892578e-07, 7.152557373046875e-07, -7.078051567077637e-08, 1, -5.820763870900691e-10, 5.587933671336032e-09, 1.8568236725968745e-08, 1, 4.6566112077428556e-10, -5.587933671336032e-09, 9.313222415485711e-10, 1),
            ["RightUpperArm"] = CFrame.new(1.1920928955078125e-07, 2.384185791015625e-07, -1.4901161193847656e-08, 0.9315741658210754, 0.048103973269462585, -0.3603547513484955, -0.08406735956668854, 0.9928460121154785, -0.0847918689250946, 0.3536979854106903, 0.10928399860858917, 0.9289536476135254),
            ["Head"] = CFrame.new(-5.21540641784668e-08, 2.384185791015625e-07, 6.705522537231445e-08, 0.8244121074676514, 0.20168250799179077, -0.5288372039794922, -0.31940412521362305, 0.9371411204338074, -0.14052650332450867, 0.4672534763813019, 0.2847645580768585, 0.8370086550712585),
            ["LowerTorso"] = CFrame.new(0.013978683389723301, -0.12517201900482178, -0.4588044285774231, 0.9204993844032288, -0.05344415828585625, -0.3870719075202942, 0.037259116768836975, 0.9980936646461487, -0.049203451722860336, 0.38896360993385315, 0.03086979314684868, 0.920735776424408),
            ["UpperTorso"] = CFrame.new(-7.916241884231567e-09, 3.8743019104003906e-07, -9.336508810520172e-08, 0.9969356656074524, -0.05934247002005577, -0.05096764117479324, 0.06493359804153442, 0.9911068677902222, 0.11615000665187836, 0.043621744960546494, -0.11910359561443329, 0.9919231534004211),
            ["HumanoidRootPart"] = CFrame.new(0, 0, 0, 1, 0, 0, 0, 1, 0, 0, 0, 1),
            ["LeftUpperLeg"] = CFrame.new(-1.7881393432617188e-07, 5.662441253662109e-07, -9.685754776000977e-08, 0.9337829947471619, 0.3399556875228882, 0.11171244829893112, -0.30520737171173096, 0.919609010219574, -0.2473210245370865, -0.18680992722511292, 0.19684870541095734, 0.962472140789032),
            ["LeftUpperArm"] = CFrame.new(-2.384185791015625e-07, 5.960464477539062e-07, -7.450580596923828e-08, 0.9389909505844116, -0.05851902440190315, 0.33892714977264404, 0.10429827123880386, 0.9874659180641174, -0.11846078187227249, -0.32774677872657776, 0.14658309519290924, 0.933324933052063),
            ["RightLowerArm"] = CFrame.new(-7.152557373046875e-07, 0.0000021457672119140625, 1.6391277313232422e-07, 1, 5.5879341154252415e-09, 6.670597940683365e-08, -4.656612428988183e-09, 1, 1.862645149230957e-09, -5.2037641751212504e-08, -9.313223525708736e-10, 1),
            ["LeftHand"] = CFrame.new(-6.705522537231445e-08, 4.172325134277344e-07, 1.4901161193847656e-07, 0.9962087273597717, 0.05690709501504898, -0.0658014640212059, -0.04529503360390663, 0.9850581884384155, 0.16615906357765198, 0.07427389174699783, -0.16254858672618866, 0.9839011430740356),
            ["RightFoot"] = CFrame.new(-6.379559636116028e-08, 4.172325134277344e-07, -3.55576048605144e-08, 0.9996994137763977, -0.024458065629005432, 0.0017437803326174617, 0.02387576922774315, 0.9547674655914307, -0.29639360308647156, 0.005584362428635359, 0.2963462173938751, 0.9550643563270569),
            ["RightHand"] = CFrame.new(-7.450580596923828e-09, 1.1920928955078125e-07, -1.1920928955078125e-07, 0.9951809644699097, 0.05549351125955582, 0.0808415412902832, -0.06491567194461823, 0.9907675981521606, 0.1190190538764, -0.07349036633968353, -0.12369338423013687, 0.9895954728126526),
            ["RightLowerLeg"] = CFrame.new(4.842877388000488e-08, -0.000003337860107421875, -0.000013334843970369548, 1, -2.3096808376976696e-07, -1.0291116581129245e-07, 2.5145706672446977e-07, 0.7657595872879028, 0.6431267857551575, -1.0803340444454079e-07, -0.6431269645690918, 0.7657597661018372),
            ["RightUpperLeg"] = CFrame.new(2.384185791015625e-07, 6.034970283508301e-07, -1.9541039364412427e-07, 0.9947518110275269, 0.08534590899944305, 0.05643639340996742, -0.06006936356425285, 0.9336472153663635, -0.3531215190887451, -0.08282914757728577, 0.34787797927856445, 0.9338737726211548),
            ["LeftLowerLeg"] = CFrame.new(-4.470348358154297e-08, 0.0000036954879760742188, 0.000013574957847595215, 1, 7.078052988163108e-08, 3.725290653733282e-08, -2.2351741790771484e-08, 0.8081731200218201, 0.5889453887939453, 1.4901161193847656e-08, -0.5889449715614319, 0.8081729412078857),
        }},
        {Time = 0.200, Data = {
            ["LeftFoot"] = CFrame.new(-3.725290298461914e-08, 0, -7.450580596923828e-09, 0.9661396145820618, -0.2578777074813843, 0.008576956577599049, 0.24596813321113586, 0.9104625582695007, -0.3325015902519226, 0.07793574780225754, 0.3233526945114136, 0.9430637955665588),
            ["LeftLowerArm"] = CFrame.new(2.9802322387695312e-08, -2.980232238769531e-07, -2.4586915969848633e-07, 1, 6.111803507735658e-09, 3.25962790093115e-09, 9.604261386186863e-09, 1, -1.1641527741801383e-09, 1.0244545656235005e-08, -2.3283061589829401e-10, 1),
            ["RightUpperArm"] = CFrame.new(2.384185791015625e-07, -2.384185791015625e-07, 0, 0.935438871383667, 0.05022527277469635, -0.34990230202674866, -0.08124208450317383, 0.9939039945602417, -0.07452908903360367, 0.3440260887145996, 0.09814417362213135, 0.9338167905807495),
            ["Head"] = CFrame.new(1.862645149230957e-08, 0, 7.450580596923828e-08, 0.8251636624336243, 0.19552826881408691, -0.5299750566482544, -0.30470967292785645, 0.9440568685531616, -0.1261296421289444, 0.47566473484039307, 0.2655661106109619, 0.8385807275772095),
            ["LowerTorso"] = CFrame.new(0.02000824734568596, -0.12620866298675537, -0.4661726951599121, 0.920310378074646, -0.05057986453175545, -0.38790521025657654, 0.03905052691698074, 0.9985314011573792, -0.037552908062934875, 0.3892349302768707, 0.01941242814064026, 0.9209339618682861),
            ["UpperTorso"] = CFrame.new(8.483766578137875e-09, 2.9802322387695312e-08, 1.983426045626402e-08, 0.9968686699867249, -0.059547074139118195, -0.05203026533126831, 0.06411692500114441, 0.9937760233879089, 0.09109494835138321, 0.046282004565000534, -0.09414572268724442, 0.9944821000099182),
            ["HumanoidRootPart"] = CFrame.new(0, 0, 0, 1, 0, 0, 0, 1, 0, 0, 0, 1),
            ["LeftUpperLeg"] = CFrame.new(0, 3.2689422369003296e-07, -8.195638656616211e-08, 0.9326427578926086, 0.343359112739563, 0.11082511395215988, -0.30742883682250977, 0.9170386791229248, -0.2540229260921478, -0.188851997256279, 0.20284169912338257, 0.9608278870582581),
            ["LeftUpperArm"] = CFrame.new(-1.1920928955078125e-07, -1.1920928955078125e-07, 4.470348358154297e-08, 0.9604935646057129, -0.06502314656972885, 0.27059999108314514, 0.09659527242183685, 0.9897665977478027, -0.10503093153238297, -0.261001318693161, 0.12702016532421112, 0.9569453001022339),
            ["RightLowerArm"] = CFrame.new(-5.960464477539062e-07, -5.364418029785156e-07, -1.1920928955078125e-07, 1, 9.313229298868464e-09, 6.332993507385254e-08, -1.8626460374093767e-09, 1, 0, -5.3551072909385766e-08, 0, 1),
            ["LeftHand"] = CFrame.new(-1.6391277313232422e-07, 2.384185791015625e-07, -6.705522537231445e-08, 0.9988394975662231, 0.03807658702135086, -0.02949618361890316, -0.03366885334253311, 0.9898989200592041, 0.13771969079971313, 0.03444214165210724, -0.13656671345233917, 0.9900319576263428),
            ["RightFoot"] = CFrame.new(2.0489096641540527e-08, 2.384185791015625e-07, 4.639878170564771e-08, 0.9996461868286133, -0.026537291705608368, 0.0018153295386582613, 0.025846287608146667, 0.9529588222503662, -0.3019954562187195, 0.006284257397055626, 0.3019358813762665, 0.9533077478408813),
            ["RightHand"] = CFrame.new(-2.3096799850463867e-07, 1.7881393432617188e-07, 7.450580596923828e-08, 0.9956854581832886, 0.04988928884267807, 0.07824132591485977, -0.06079656258225441, 0.9877259731292725, 0.14387917518615723, -0.07010293006896973, -0.14801515638828278, 0.9864974021911621),
            ["RightLowerLeg"] = CFrame.new(1.4901161193847656e-08, -0.0000036954879760742188, -0.000013245437003206462, 1, -2.1047893028480757e-07, -5.960463766996327e-08, 2.4959444999694824e-07, 0.7649645209312439, 0.6440721750259399, -6.984919309616089e-08, -0.6440725326538086, 0.764964759349823),
            ["RightUpperLeg"] = CFrame.new(5.960464477539063e-08, 8.046627044677734e-07, -1.9541039364412427e-07, 0.9945040941238403, 0.08873684704303741, 0.055563293397426605, -0.06296546012163162, 0.9309268593788147, -0.359736829996109, -0.08364732563495636, 0.35426098108291626, 0.9313979744911194),
            ["LeftLowerLeg"] = CFrame.new(-5.960464477539063e-08, 0.0000040531158447265625, 0.000013247132301330566, 1, -6.70552182668871e-08, -6.705523247774181e-08, 7.823111758398227e-08, 0.8073295950889587, 0.5901011228561401, -6.705523958316917e-08, -0.5901007056236267, 0.8073293566703796),
        }},
        {Time = 0.233, Data = {
            ["LeftFoot"] = CFrame.new(9.685754776000977e-08, -5.960464477539063e-08, 2.9802322387695312e-08, 0.9655200839042664, -0.2601334750652313, 0.010084700770676136, 0.2481520175933838, 0.9079575538635254, -0.33768928050994873, 0.07868760824203491, 0.32854798436164856, 0.9412037134170532),
            ["LeftLowerArm"] = CFrame.new(-3.5762786865234375e-07, -5.960464477539063e-08, -3.7997961044311523e-07, 1, 5.355103471771372e-09, 1.0244545656235005e-08, 8.149069752327875e-10, 1, -4.656611762854368e-10, -2.793966658032332e-08, -1.3969835288563104e-09, 1),
            ["RightUpperArm"] = CFrame.new(2.384185791015625e-07, 5.960464477539062e-07, 5.960464477539063e-08, 0.9432125091552734, 0.05727170780301094, -0.3272155821323395, -0.08293365687131882, 0.9944325685501099, -0.065006785094738, 0.3216707706451416, 0.08845238387584686, 0.9427111148834229),
            ["Head"] = CFrame.new(1.341104507446289e-07, 2.384185791015625e-07, 9.313225746154785e-08, 0.8277059197425842, 0.1877097487449646, -0.5288365483283997, -0.2894257605075836, 0.9501787424087524, -0.11572866141796112, 0.4807659089565277, 0.24884818494319916, 0.8407965302467346),
            ["LowerTorso"] = CFrame.new(0.02522934414446354, -0.12710797786712646, -0.4738091826438904, 0.9201993942260742, -0.04728015884757042, -0.3885841965675354, 0.04040537029504776, 0.9988490343093872, -0.02584957703948021, 0.38935908675193787, 0.008085883222520351, 0.9210505485534668),
            ["UpperTorso"] = CFrame.new(-1.7695128917694092e-08, -2.9802322387695312e-08, 6.984919309616089e-10, 0.9968195557594299, -0.06019200384616852, -0.05222852900624275, 0.06357917934656143, 0.9958041310310364, 0.06581748276948929, 0.04804768040776253, -0.0689288005232811, 0.9964639544487),
            ["HumanoidRootPart"] = CFrame.new(0, 0, 0, 1, 0, 0, 0, 1, 0, 0, 0, 1),
            ["LeftUpperLeg"] = CFrame.new(-5.960464477539063e-08, -1.3131648302078247e-07, -1.341104507446289e-07, 0.9318116307258606, 0.34579288959503174, 0.11024700850248337, -0.3086731731891632, 0.9148186445236206, -0.2604376971721649, -0.19091342389583588, 0.20864881575107574, 0.9591755867004395),
            ["LeftUpperArm"] = CFrame.new(0, 1.1920928955078125e-07, 4.470348358154297e-08, 0.9738710522651672, -0.07013745605945587, 0.21599966287612915, 0.09292847663164139, 0.9909147620201111, -0.09722281992435455, -0.20721828937530518, 0.11475500464439392, 0.9715409874916077),
            ["RightLowerArm"] = CFrame.new(-3.8743019104003906e-07, 2.384185791015625e-07, 4.470348358154297e-08, 1, 0, -3.31783702733901e-08, 0, 1, 1.862645371275562e-09, -3.282912075519562e-08, 1.8626447051417472e-09, 1),
            ["LeftHand"] = CFrame.new(-2.980232238769531e-07, 5.960464477539063e-08, -3.0547380447387695e-07, 0.9985145926475525, 0.03034023940563202, -0.04525672271847725, -0.025129716843366623, 0.9934400320053101, 0.1115591898560524, 0.04834462329745293, -0.11025615781545639, 0.992726743221283),
            ["RightFoot"] = CFrame.new(4.190951585769653e-09, 4.172325134277344e-07, -3.55576048605144e-08, 0.9996030926704407, -0.02810795046389103, 0.001918102614581585, 0.02733421139419079, 0.9510872960090637, -0.30771055817604065, 0.006824678275734186, 0.30764099955558777, 0.951478123664856),
            ["RightHand"] = CFrame.new(3.725290298461914e-08, -5.960464477539063e-08, -7.450580596923828e-09, 0.9960803985595703, 0.04445895552635193, 0.07646729052066803, -0.05686113238334656, 0.9840522408485413, 0.16854725778102875, -0.0677543431520462, -0.17223460972309113, 0.9827231168746948),
            ["RightLowerLeg"] = CFrame.new(-5.587935447692871e-09, -0.0000034570693969726562, -0.000013305041647981852, 1, -2.5518249913147883e-07, -8.521604399902571e-08, 2.533197118737007e-07, 0.764064610004425, 0.6451393961906433, -9.406356582530861e-08, -0.6451398134231567, 0.7640649676322937),
            ["RightUpperLeg"] = CFrame.new(0, 4.1583552956581116e-07, -2.4011387722566724e-07, 0.9943187236785889, 0.09119356423616409, 0.05490086227655411, -0.06489917635917664, 0.9281959533691406, -0.36638838052749634, -0.08437082916498184, 0.3607437014579773, 0.9288409948348999),
            ["LeftLowerLeg"] = CFrame.new(-1.1920928955078125e-07, 0.000003993511199951172, 0.000013232231140136719, 1, 6.705523958316917e-08, 6.705523958316917e-08, -4.8428766774577525e-08, 0.8068596124649048, 0.5907435417175293, -7.4505797087454084e-09, -0.590743362903595, 0.8068593740463257),
        }},
        {Time = 0.267, Data = {
            ["LeftFoot"] = CFrame.new(4.470348358154297e-08, -5.960464477539063e-08, 3.725290298461914e-08, 0.9650406837463379, -0.2618441581726074, 0.011583637446165085, 0.24982061982154846, 0.9055601358413696, -0.34285643696784973, 0.07928502559661865, 0.3337644040584564, 0.93931645154953),
            ["LeftLowerArm"] = CFrame.new(-2.086162567138672e-07, -2.980232238769531e-07, -1.1920928955078125e-07, 1, 7.363269105553627e-09, 2.2351734685344127e-08, -8.178174581985331e-09, 1, -4.074534931675089e-09, -3.166496043149891e-08, 2.2118911147117615e-09, 1),
            ["RightUpperArm"] = CFrame.new(2.384185791015625e-07, 1.1920928955078125e-07, 1.2665987014770508e-07, 0.9532719254493713, 0.06835277378559113, -0.29427972435951233, -0.08882883936166763, 0.9944278597831726, -0.05676961690187454, 0.2887595593929291, 0.08025738596916199, 0.9540318846702576),
            ["Head"] = CFrame.new(3.725290298461914e-09, 3.5762786865234375e-07, 1.4901161193847656e-07, 0.8320757150650024, 0.17785896360874176, -0.5253725051879883, -0.2732046842575073, 0.9557445049285889, -0.10914014279842377, 0.4827103316783905, 0.23434704542160034, 0.8438437581062317),
            ["LowerTorso"] = CFrame.new(0.029601456597447395, -0.12797248363494873, -0.48164865374565125, 0.9201580286026001, -0.04376506060361862, -0.38909363746643066, 0.041448187083005905, 0.9990376234054565, -0.01435144804418087, 0.38934725522994995, -0.0029216266702860594, 0.9210864305496216),
            ["UpperTorso"] = CFrame.new(-2.7939677238464355e-08, 5.960464477539063e-08, 3.259629011154175e-08, 0.9967795014381409, -0.061218202114105225, -0.05179654806852341, 0.0633607804775238, 0.9971569180488586, 0.04078603908419609, 0.0491524301469326, -0.04393656551837921, 0.997824490070343),
            ["HumanoidRootPart"] = CFrame.new(0, 0, 0, 1, 0, 0, 0, 1, 0, 0, 0, 1),
            ["LeftUpperLeg"] = CFrame.new(-1.7881393432617188e-07, -6.28642737865448e-09, 5.774199962615967e-08, 0.9312610030174255, 0.34741953015327454, 0.10978555679321289, -0.30911985039711, 0.9128687977790833, -0.2666751742362976, -0.19286777079105377, 0.21440717577934265, 0.957513153553009),
            ["LeftUpperArm"] = CFrame.new(5.960464477539063e-08, -1.1920928955078125e-07, 9.685754776000977e-08, 0.9834833145141602, -0.07430492341518402, 0.1650436371564865, 0.09082512557506561, 0.991334080696106, -0.09490829706192017, -0.15656118094921112, 0.10833082348108292, 0.9817092418670654),
            ["RightLowerArm"] = CFrame.new(-4.172325134277344e-07, 9.5367431640625e-07, -1.043081283569336e-07, 1, 0, 1.4202671039242887e-08, -3.725290742551124e-09, 1, 3.725290742551124e-09, -4.4121410525121973e-08, -1.862645371275562e-09, 1),
            ["LeftHand"] = CFrame.new(-8.940696716308594e-08, -2.980232238769531e-07, 1.4156103134155273e-07, 0.9967877864837646, 0.016414092853665352, -0.07838936895132065, -0.009796944446861744, 0.9964122772216797, 0.08406386524438858, 0.07948794215917587, -0.08302582055330276, 0.9933723211288452),
            ["RightFoot"] = CFrame.new(-9.778887033462524e-09, 3.5762786865234375e-07, 8.365168469026685e-08, 0.99957275390625, -0.029157718643546104, 0.002043811371549964, 0.028327904641628265, 0.949148416519165, -0.31355157494544983, 0.007202663458883762, 0.313476026058197, 0.949569046497345),
            ["RightHand"] = CFrame.new(2.60770320892334e-08, 0, -1.4901161193847656e-08, 0.9962210059165955, 0.0400693379342556, 0.07706018537282944, -0.054333075881004333, 0.9796949028968811, 0.19299206137657166, -0.06776243448257446, -0.1964496374130249, 0.9781696200370789),
            ["RightLowerLeg"] = CFrame.new(4.6566128730773926e-08, -0.0000036954879760742188, -0.000013290140486788005, 1, -7.264317503086204e-08, 1.303851426825986e-08, 9.313222193441106e-08, 0.7629701495170593, 0.6464330554008484, -1.1175867342672063e-08, -0.6464338898658752, 0.7629706859588623),
